[{"mapping": [1, 8, 9, 7, 6, 5, 4, 2, 3, 10, 0, 11], "R": [[-0.5010838040814558, -0.8268623873193812, -0.25536956303316755], [-0.820867014172147, 0.36069348430158943, 0.4428064536865776], [-0.274029863940705, 0.4315075930025714, -0.8594817222313492]], "T": [-0.10429070725541997, -0.0653326410667427, -0.0012639162281605568], "aligned_model": [[0.3572804628291619, -0.5410000100704705, -0.6013004198918341, 0.3515654137229727, -0.2533230730956692, 0.6650228632667229, -0.2127677708888602, 0.08527784062472465, -0.5908029328617844, -0.054995435467320206, 0.39898144990018136, -0.03795733788694357], [-0.4945583440520472, -0.5178370872948803, 0.15427444154170855, 0.2728345379568206, -0.24870110129259865, 0.2373830444842076, -0.12512124109391864, -0.8102512256325182, 0.2623578248631988, 0.6074757961408911, -0.1849504198289993, -0.0644310961954589], [-0.32467991824796777, -0.088603492994762, -0.2734963522846289, -0.7591830846516744, -0.686333145708958, -0.0734177550851384, 0.7968629638578276, 0.2393817020771766, 0.35923203057441444, -0.0828735294267505, 0.3381475108591327, 0.019504502420660087]], "inverted": false, "swapped": false, "error_lsq": 0.05025535373107589, "error_max": 0.2938234971162329, "target": "580.xyz", "model": "0.xyz", "model_rescale": 3.751011558992144, "target_rescale": 3.9726933598604295},
{"mapping": [4, 5, 9, 6, 10, 1, 2, 8, 13, 12, 0, 14], "R": [[-0.30521772814052456, 0.7343956086349023, 0.6062220949837679], [-0.8879472781338708, -0.4494976548683491, 0.09747558423782332], [0.34408105103796016, -0.5085419828152108, 0.78929923478424]], "T": [-0.005479901495743525, -0.014635825508852437, -0.06382330333171776], "aligned_model": [[0.3172402209754816, -0.5053104716089997, -0.6214877544739157, 0.4441368080928694, -0.2817169812768447, 0.6882843198935843, -0.19593412390596215, 0.08463305013121834, -0.5941227109951093, -0.20996959738307236, 0.4783259956478823, -0.03809770491625087], [-0.6162641423233304, -0.3572440223776473, 0.060372658731884646, 0.2636133905573755, -0.3320875386573881, -0.08029754727411124, -0.24114806833726649, -0.6391113683590085, 0.17149774439128423, 0.6993911693703614, 0.1329478924774956, 0.026804961396756026], [-0.46315907792365657, 0.08742176803985033, -0.2854032520983507, -0.5968785851622043, -0.767649442162843, -0.05574290416350819, 0.7082890557217227, 0.14191489066966984, 0.3187419006289968, -0.045808894185761805, 0.501557469752991, -0.07874149772757474]], "inverted": true, "swapped": false, "error_lsq": 0.048575088971134855, "error_max": 0.2511766114017498, "target": "580.xyz", "model": "1.xyz", "model_rescale": 3.9405287249114394, "target_rescale": 3.9726933598604295},
{"mapping": [10, 4, 2, 5, 9, 11, 7, 3, 1, 0, 6, 12], "R": [[0.30204013213158043, 0.07509036822491186, -0.9503332021884665], [0.5403233855224981, -0.8347836268372735, 0.10576831010238252], [-0.7853804158746533, -0.5454335275395665, -0.2927112389306254]], "T": [-0.07867151623230971, -0.11016788553639018, -0.026545147821505837], "aligned_model": [[0.3562225187033985, -0.6305311272722107, -0.46670551361129736, 0.07154418713600914, 0.14097757308396458, 0.5673911913507395, -0.09474445907404182, 0.06741879911062888, -0.6763520102823681, 0.07810268083842033, 0.30421751144820375, -0.1515603012505653], [-0.7622359000691599, -0.5151878985375411, 0.3121440009394794, 0.37778788969678534, -0.4021470750552527, 0.02285016909492646, -0.30917862599902424, -0.6007813643344067, 0.280201639888975, 0.6992388126763383, 0.07034321427501933, -0.08455973297973363], [-0.33825270646101196, 0.12545972267364303, -0.39431126227590585, -0.5436628174624696, -0.7454912776118391, -0.2958469562999157, 0.7409483302257422, 0.2279262901702663, 0.3164067336568136, 0.12581178932635123, 0.31428828468793857, -0.06873469924028115]], "inverted": true, "swapped": false, "error_lsq": 0.06049869413855637, "error_max": 0.3711280293604003, "target": "580.xyz", "model": "2.xyz", "model_rescale": 3.932901565614263, "target_rescale": 3.9726933598604295},
{"mapping": [2, 10, 12, 4, 6, 0, 11, 1, 9, 7, 3, 13], "R": [[-0.4137651760694752, 0.27354512453682656, -0.8683152906141456], [-0.9100035455913633, -0.09671441293552968, 0.4031623362141893], [0.026304487893577422, 0.9569845281783126, 0.28894408930446863]], "T": [-0.018519366111351836, -0.005514067184247282, 0.06269564454077592], "aligned_model": [[0.3668872274396601, -0.4891254348810248, -0.7338396152488957, 0.39959659573238043, -0.2787255428831135, 0.6362262148144677, -0.3809131917697299, 0.2908130995397654, -0.5375817683886067, 0.0993347241617759, 0.3098285587102365, -0.1165198170460343], [-0.3827183128259959, -0.5455710419298008, -0.07043535997497584, 0.25249360519807396, -0.29506106162135254, -0.08136857863947146, -0.3498361443725085, -0.6786263979101544, 0.5132058430486768, 0.6923168561952533, 0.05608808972701577, -0.022012367298354558], [-0.5724252635511746, 0.06641483357425407, -0.1965956531838441, -0.6596875556937827, -0.4986843909646025, -0.05773959321382431, 0.8028454406313201, 0.06134034712303743, 0.09870698524002539, -0.031564437828958736, 0.448802226471796, 0.0031284927850858263]], "inverted": false, "swapped": false, "error_lsq": 0.05893484356343776, "error_max": 0.3498257123798205, "target": "580.xyz", "model": "3.xyz", "model_rescale": 3.9243930471874484, "target_rescale": 3.9726933598604295},
{"mapping": [6, 0, 1, 11, 5, 10, 2, 3, 7, 8, 4, 12], "R": [[-0.2849544505364277, 0.033248879760532826, -0.957964233734304], [0.03675688932757233, -0.9982841368132019, -0.045581940218476946], [-0.9578360466209461, -0.048200562048484843, 0.2832433822912144]], "T": [0.042348956860949756, 0.04838033570758615, -0.1268477837196973], "aligned_model": [[0.3374826853974643, -0.5276277014157916, -0.6626127650117005, 0.3833790516620409, -0.3314333757915866, 0.7333043924643764, -0.38236630534541205, 0.2346567227900192, -0.4595812565106353, 0.15295840289524426, 0.12471288133155461, -0.036891682284692064], [-0.5189638175028382, -0.5661742664570389, 0.119926481047663, 0.15738176756438016, -0.43655637775281564, 0.16814078880996586, -0.34253374193820635, -0.5119904718408637, 0.3070360007532888, 0.635911191616939, 0.10481129122045645, -0.02851371592452487], [-0.4623074814999104, 0.017275785964618595, -0.2166832987669726, -0.8325043883657853, -0.5726574421053539, -0.053596576209486796, 0.5928866258098865, 0.19245716703356364, 0.4424342788439293, 0.07040690625911428, 0.45830091588219135, -0.17147106145646307]], "inverted": true, "swapped": false, "error_lsq": 0.046664403641346684, "error_max": 0.20587492990216705, "target": "580.xyz", "model": "4.xyz", "model_rescale": 3.8936222436046832, "target_rescale": 3.9726933598604295},
{"mapping": [4, 1, 6, 7, 5, 10, 0, 2, 9, 8, 3, 11], "R": [[0.21019455706582307, 0.8920230600521326, -0.4001413606653676], [0.8379374703620788, 0.04647903846466689, 0.543783499884467], [0.5036656072664706, -0.44959377144109697, -0.7376899055417987]], "T": [-0.007218864036900051, 0.01047865799928048, -0.039613998496739446], "aligned_model": [[0.3246388317745296, -0.5561520117459416, -0.6276685122393236, 0.11729036861603273, -0.2770471610740447, 0.618496627860839, -0.2649204604850082, 0.33552750190995506, -0.4555241883060263, 0.19317007525121047, 0.20871835206380887, -0.05054837344514996], [-0.599801292712922, -0.5645827144913379, 0.1643811677068227, 0.3217950413322997, -0.3758325018212978, 0.018584632472128063, -0.2988307287149432, -0.5779407371967049, 0.31487513076347806, 0.6951142379213696, 0.10263468100303179, -0.11192178666551832], [-0.42439114230376285, 0.06567410328355575, -0.5149716319254285, -0.5939848922499031, -0.699255745934678, -0.128393589969557, 0.7481904819776914, 0.26607540091308235, 0.25770917150843564, 0.15269102495962847, 0.4849433562777374, -0.14974510514746997]], "inverted": false, "swapped": false, "error_lsq": 0.04678506903371669, "error_max": 0.24309142726618813, "target": "580.xyz", "model": "5.xyz", "model_rescale": 3.6523030999806103, "target_rescale": 3.9726933598604295},
{"mapping": [11, 3, 2, 10, 4, 9, 0, 7, 1, 6, 5, 12], "R": [[0.38790937487431476, 0.2660048472547821, 0.8824781799691019], [0.8148092453856448, -0.5465074527657017, -0.1934308602721415], [0.4308273558151742, 0.7940850239794883, -0.4287385732270901]], "T": [0.043906152442827105, 0.035117897235913534, -0.031325935989768336], "aligned_model": [[0.33658893104476106, -0.36057840830955873, -0.6346615490928925, 0.2211387996700764, -0.21388958337594852, 0.7362634613471585, -0.49178260336226337, 0.2789203146154537, -0.5069873826176275, -0.009712704161899378, 0.18105364871552887, 0.02962812570809298], [-0.6495915601241242, -0.5127276710030241, 0.178242803371578, 0.2934386392721404, -0.19395639438429074, 0.016498676228108536, -0.3811054284219125, -0.5747074539956489, 0.28723068159769505, 0.6669862768892667, -0.0024449922404932017, -0.039388447592889606], [-0.5004514557097605, 0.10614470240943603, -0.33998881015073007, -0.7458411735163502, -0.4897994133461745, -0.23858798412317983, 0.6945937776019143, 0.1679212578945714, 0.3082772485998169, -0.17447561668363964, 0.6347694953014671, 0.04197940311196065]], "inverted": true, "swapped": false, "error_lsq": 0.04723459382230705, "error_max": 0.2724879262238817, "target": "580.xyz", "model": "6.xyz", "model_rescale": 4.08911054899281, "target_rescale": 3.9726933598604295},
{"mapping": [2, 3, 4, 7, 6, 13, 9, 1, 8, 10, 11, 14], "R": [[0.8511859614247654, 0.0825625946588539, 0.5183298920924743], [-0.3370969077303702, 0.842942275368572, 0.4193017948865442], [-0.40230353450102874, -0.5316312052162223, 0.7453322264388726]], "T": [-0.005357073162310544, 0.012120095381168025, -0.08618474048329736], "aligned_model": [[0.3604919717876793, -0.6851701038022995, -0.6217266091929641, 0.2641568810494861, -0.1879975140893193, 0.7244394186532075, -0.24688992493843537, 0.31970268139670477, -0.538233242575602, -0.08666723018533898, 0.27424727744828387, -0.010372555370520849], [-0.5931547061250916, -0.39257253514593965, 0.24499279233633897, 0.02996326623006261, -0.2906617982348428, -0.0073325528317001315, -0.34144794440041415, -0.5626593860742491, 0.20474832678046778, 0.6629557371531152, 0.18722638674374276, -0.053582456835084544], [-0.47340100339330615, -0.10919679025938381, -0.3366011771811247, -0.8116727240341138, -0.4384751898141954, -0.14015878390133593, 0.5704801898013134, 0.23304991070493117, 0.29340230595582806, 0.21227216472442526, 0.39929466876289266, 0.06554786002340082]], "inverted": false, "swapped": false, "error_lsq": 0.049638398103655786, "error_max": 0.2746219580591373, "target": "580.xyz", "model": "7.xyz", "model_rescale": 3.964800864290218, "target_rescale": 3.9726933598604295},
{"mapping": [11, 8, 7, 4, 12, 6, 5, 10, 1, 0, 3, 13], "R": [[-0.7294281330926566, 0.6813059983685528, -0.061292211903234084], [0.09187392969671831, 0.008784332478161183, -0.9957318999334085], [-0.6778597050238669, -0.7319460171965843, -0.0690017986360752]], "T": [-0.024378033176661793, -0.009676872399547828, -0.07794578186148382], "aligned_model": [[0.46208375143119845, -0.6095569709321724, -0.6699079416653397, 0.3200123245860189, -0.31116792584831665, 0.5458963134866087, -0.21277735394892458, 0.17773029207601881, -0.6082677380141962, 0.13185550856546072, 0.40433996889147267, -0.06425917844694722], [-0.5090732383775018, -0.4741324046422397, 0.10650396682041637, 0.14841328689067418, -0.31971491532138, 0.06883159394186095, -0.35927186089228097, -0.7041225234571824, 0.381768871914329, 0.6365551731598041, 0.18358917166591693, -0.070871992106011], [-0.5263780802721012, 0.10344950689699145, -0.3547964903786492, -0.6708169129089713, -0.7042866688321096, -0.1495657052699766, 0.6578257607532711, 0.31196635644396337, 0.18466216359273585, 0.18876491580479127, 0.47415186042328406, -0.05043527486389793]], "inverted": false, "swapped": false, "error_lsq": 0.044443069796900735, "error_max": 0.24155007420667607, "target": "580.xyz", "model": "8.xyz", "model_rescale": 4.121658175737393, "target_rescale": 3.9726933598604295},
{"mapping": [3, 1, 6, 11, 2, 10, 4, 0, 9, 7, 5, 12], "R": [[0.25367055193319304, -0.9203590138111215, -0.2976416247411121], [-0.3447299933853052, 0.20148338020300655, -0.9168236903366634], [0.9037767881188787, 0.3351771668813234, -0.2661649564817519]], "T": [-0.04611695888083184, -0.0010946492750772002, -0.1266320685473591], "aligned_model": [[0.4392314728653329, -0.45358926766320296, -0.7233620645374208, 0.3237282349881419, -0.19891437137806622, 0.7050156395945872, -0.38739870421924344, 0.1601563781969385, -0.5022935311785939, 0.020765455591281845, 0.28203900583725433, -0.09939719791612786], [-0.39780458207378266, -0.5410745725854716, 0.1391927799633499, 0.280484474870745, -0.5133673291042518, -0.08258634492788329, -0.2972977259433245, -0.6658666617025772, 0.46444003336714856, 0.6702228252785748, 0.09980415064706093, -0.06767191819318288], [-0.6059462875002367, 0.004972322377850058, -0.1695337486524766, -0.559020555871891, -0.5700011056864805, -0.05153377534065513, 0.6375134839423198, 0.23991086894587688, 0.39141253491725936, -0.1350285741593546, 0.38703221994269266, -0.10523595152557272]], "inverted": true, "swapped": false, "error_lsq": 0.050404953326372785, "error_max": 0.3066355504597331, "target": "580.xyz", "model": "9.xyz", "model_rescale": 3.833441315466971, "target_rescale": 3.9726933598604295},
{"mapping": [12, 5, 13, 10, 0, 11, 4, 6, 2, 8, 7, 14], "R": [[-0.7878487461009651, -0.5245362927995356, 0.32273213475459295], [-0.07873676958954873, -0.43394060445284666, -0.8974943303005878], [0.6108149264562379, -0.732500668493359, 0.30057926787295697]], "T": [0.003521334514306196, -0.12693715106296244, -0.003908597281487201], "aligned_model": [[0.41435725624769154, -0.6417865678098509, -0.6788593846832549, 0.21940554583545988, -0.30789630334144985, 0.6286637835887068, -0.2657020049769023, 0.17235153352561644, -0.54063926242978, 0.1440400617562695, 0.4324080992276185, -0.010361706759243404], [-0.47703892965231004, -0.3267527720734537, 0.12623583741715538, 0.2522552606118457, -0.28004210509839506, 0.13404297871987486, -0.568234840244223, -0.7374432103632675, 0.28074191121042485, 0.6221624788403921, 0.12781326732671072, -0.0652647470983486], [-0.2716073969665582, 0.029055478091536482, -0.3294028881471184, -0.7005873365511424, -0.5899127692681851, -0.0840545345918979, 0.6032880126289436, 0.24105728504568347, 0.22919498880200082, -0.16719850557252675, 0.4377613520764585, 0.06694774584213811]], "inverted": true, "swapped": false, "error_lsq": 0.04215518671777879, "error_max": 0.26384627065467264, "target": "580.xyz", "model": "10.xyz", "model_rescale": 4.2482417240324, "target_rescale": 3.9726933598604295},
{"mapping": [0, 8, 9, 4, 10, 6, 3, 1, 7, 5, 2, 11], "R": [[0.39581210705683567, 0.1889513483462111, -0.8986824599742541], [-0.30885034046831056, -0.8942090376398749, -0.3240396028200528], [-0.8648376975478328, 0.40581718169801245, -0.2955810750688305]], "T": [0.0028186558737972253, -0.11068580635635045, -0.0025026935113001206], "aligned_model": [[0.31967622275868124, -0.4411208163823943, -0.6188896195903333, 0.23198627349032225, -0.3206720907717846, 0.5929177419349034, -0.3701289475569968, 0.2678765459331533, -0.4924817054008756, 0.0674122296353496, 0.36665630639433455, -0.03725109026347825], [-0.6044595186978265, -0.5272200161107261, 0.21022842922223578, 0.36541035246277376, -0.34743507269141144, 0.14059456983799262, -0.29619419713170214, -0.7273780508613314, 0.2662671851289687, 0.631207256663725, 0.010678983773939832, -0.03322479200023247], [-0.4816981434502166, 0.07671110599362244, -0.4381674450822005, -0.700108764891049, -0.5067901951004102, -0.09801907594098053, 0.6936067436456111, 0.21790952085735185, 0.2642185861549448, -0.10052577035002783, 0.6304665301994608, -0.09306166064677479]], "inverted": true, "swapped": false, "error_lsq": 0.03953095445275233, "error_max": 0.22621707722121362, "target": "580.xyz", "model": "11.xyz", "model_rescale": 3.6694154284099745, "target_rescale": 3.9726933598604295},
{"mapping": [9, 6, 4, 8, 11, 10, 5, 7, 0, 1, 12, 13], "R": [[-0.5456292761505077, 0.7182536585635881, 0.4317410971490826], [0.05873803733139371, 0.5466984908706432, -0.8352667855543023], [-0.835965630859265, -0.4303863869127157, -0.34048351205644223]], "T": [-0.016540779814860518, -0.04346496739856079, -0.047840605648550596], "aligned_model": [[0.3987645730520778, -0.4692387695880027, -0.5956725736569544, 0.2744782911362543, -0.2827187845907277, 0.6070803644505054, -0.1999732652125362, 0.26787573131680337, -0.5443174897590923, -0.1017179394112526, 0.3105522387691495, -0.09913132632534308], [-0.5486092940873912, -0.37373605335372007, 0.2744413610016343, 0.0863165115330446, -0.4056871942386584, -0.14309228362568058, -0.3923245343930839, -0.6901001924701891, 0.23712873526855735, 0.7962768782929155, 0.2114273235526042, 0.036433872116373056], [-0.5137128413358094, 0.02858172937875518, -0.3813381041018942, -0.7341805501222531, -0.633479553348935, 0.020714872578789623, 0.6516022571314672, 0.1826706790248917, 0.34389499764716375, 0.015814544805480793, 0.4904981143723634, -0.006524714640688295]], "inverted": false, "swapped": false, "error_lsq": 0.043267730397871074, "error_max": 0.27858896619358187, "target": "580.xyz", "model": "12.xyz", "model_rescale": 3.9764082729961374, "target_rescale": 3.9726933598604295},
{"mapping": [6, 9, 1, 11, 13, 3, 0, 4, 2, 8, 7, 15], "R": [[0.13599668795142728, -0.9292487602421999, -0.3435136714230986], [0.9272824912107527, 0.24146395682845823, -0.28608100084892857], [0.3487865856942069, -0.2796281444008791, 0.8945144037402073]], "T": [-0.11011637156266466, -0.1761065274536856, -0.1635777872042088], "aligned_model": [[0.3102132127678955, -0.6147324878734732, -0.6286364987271512, 0.22064982065066732, -0.04994790559997431, 0.5893093948677862, -0.3083521183363065, 0.23322435362281732, -0.365662591859126, -0.004217697398105916, 0.19471263771149747, -0.010579069645645561], [-0.7586126384696743, -0.40405897814259306, 0.19010407292708503, 0.3305049609217594, -0.3359512288336211, 0.28286514027260234, -0.3015594836320088, -0.5966189500275707, 0.3450549408358451, 0.5220743919826653, 0.0011268252564391734, -0.18645392349452308], [-0.42370944015086326, 0.07072838408015941, -0.14488949795463613, -0.6778571127502779, -0.751208601007701, -0.07088446063029868, 0.5234972290709263, 0.30668827649737, 0.38354776252694045, -0.1322455163999884, 0.5047793873028442, -0.12390497919514354]], "inverted": true, "swapped": false, "error_lsq": 0.05112333664117328, "error_max": 0.24005378983307282, "target": "580.xyz", "model": "13.xyz", "model_rescale": 4.170626492500431, "target_rescale": 3.9726933598604295},
{"mapping": [9, 12, 6, 3, 11, 1, 8, 10, 4, 2, 0, 13], "R": [[0.10105097030609012, -0.9947953411562748, -0.013074043520210632], [-0.3218718010908302, -0.02025542794566071, -0.946566564643651], [0.9413751882553218, 0.09985963575193343, -0.3222433988226112]], "T": [-0.028610208804398886, -0.04380058980107014, 0.005983537783905368], "aligned_model": [[0.4180740872196006, -0.5793152526418951, -0.5421725941489388, 0.20514932321632998, -0.19063874210547602, 0.7351147225622372, -0.18157670905143525, 0.024472479223447134, -0.5340384205606155, -0.06690144596731776, 0.3668933034482214, -0.08907970101327665], [-0.5795141357520166, -0.4936630785940257, 0.2729356951772736, 0.24132788175543618, -0.3638306655419993, -0.05343775281821469, -0.3300833801024199, -0.59788048888633, 0.1938730824843224, 0.6115880957422638, 0.2540830809323451, -0.06692320480022969], [-0.4060729811963014, 0.17934390538596737, -0.5800378519003201, -0.5767100698068968, -0.6031036120958982, -0.08030565153523288, 0.6739653538420749, 0.09821150879181448, 0.44315247407319547, 0.049933728393937005, 0.3387006804653579, -0.0725360530283659]], "inverted": false, "swapped": false, "error_lsq": 0.04552145235723337, "error_max": 0.2552274361217815, "target": "580.xyz", "model": "14.xyz", "model_rescale": 3.9786697098870705, "target_rescale": 3.9726933598604295},
{"mapping": [6, 8, 5, 10, 7, 1, 3, 9, 2, 4, 0, 11], "R": [[-0.8968790103239664, -0.3915503700916011, -0.2056607607722799], [-0.09985408178133867, 0.6322661101527249, -0.768289482098999], [0.4308563602778871, -0.6685266439218954, -0.6061641058118]], "T": [-0.005391175409548244, -0.09448185751160543, -0.07833506578195341], "aligned_model": [[0.5052391687828338, -0.5019476202270893, -0.7089325426653798, 0.2512317291526826, -0.15320603803110483, 0.6375109710230863, -0.31223392716612886, 0.06857826426702718, -0.49534300283857413, -0.06937467252246296, 0.2878107167777763, 0.05664800362821512], [-0.6403875044491908, -0.2236111097625355, 0.1925145413497384, 0.32943831686748004, -0.3357942690646747, 0.0759260402582963, -0.4422571506545392, -0.6364423929715797, 0.337574389842417, 0.5136136379609314, 0.09124500748237441, -0.1733443772623122], [-0.34024987451857674, 0.016456597064916104, -0.3378002837406679, -0.7467341674460243, -0.6756583382310594, -0.2136497729733598, 0.715421259217384, 0.21868609179288329, 0.4936107552433871, -0.11059511188172043, 0.5244449671620915, -0.07939069029992185]], "inverted": false, "swapped": false, "error_lsq": 0.03794979980524923, "error_max": 0.20122671866982184, "target": "580.xyz", "model": "15.xyz", "model_rescale": 3.769337070930944, "target_rescale": 3.9726933598604295},
{"mapping": [7, 4, 10, 5, 6, 1, 8, 2, 9, 3, 11], "R": [[-0.8385024122781674, 0.26875066322323193, 0.47401137710055813], [0.5413304308466633, 0.5102324495912568, 0.6682994927601483], [-0.062250054161103366, 0.8169675197957252, -0.5733140521178258]], "T": [-0.06195697497082143, 0.1119270475825287, -0.01374729260835776], "aligned_model": [[-0.25469621156321925, -0.27894809147091565, -0.11410708999669858, -0.6181518698796027, 0.4154292749452861, 0.28085171607699355, 0.6537528529766826, 0.3652881002040904, 0.06914134928696197, -0.565008321931527, -0.030925577956880487], [0.007641422547856158, -0.592131782730156, 0.6103000778892418, 0.4750827239203184, 0.2465739567452887, -0.3685099847005223, 0.21348596126272953, -0.39329343894731805, 0.45017337945005853, -0.10033883737489269, 0.04708101956273811], [-0.6269008997015464, 0.05950766947188736, -0.20787613033317126, 0.08139152026791892, -0.7503352864889616, -0.3300854221914673, 0.04811189068337195, 0.39265128947841693, 0.5451304402953483, 0.6111422876207651, -0.07851975187878474]], "inverted": false, "swapped": true, "error_lsq": 0.04567303946291726, "error_max": 0.21891994735310877, "target": "580.xyz", "model": "16.xyz", "model_rescale": 3.7852294659196426, "target_rescale": 3.9726933598604295},
{"mapping": [7, 1, 4, 6, 5, 11, 3, 2, 0, 9, 8, 12], "R": [[-0.7166814782109332, -0.36817103446624727, -0.5922986984363928], [-0.25918505238576356, -0.6478525651160314, 0.716317082368114], [-0.6474494323182164, 0.6668861546415787, 0.3688795051750472]], "T": [-0.05689959310560298, -0.061721003490303385, -0.026832148388645], "aligned_model": [[0.32264410031000945, -0.3819288741000684, -0.7008040956826262, 0.2532829392236063, -0.361375567311248, 0.6706305862317231, -0.42239211692977074, 0.23815673629553025, -0.49782535319170884, 0.1956989724433827, 0.26311425110773556, -0.01322052821568407], [-0.46670288939169746, -0.6679515035865636, 0.07448468837158709, 0.04684286523240524, -0.29567243819925465, 0.02351346018131025, -0.35128257360650655, -0.5499047894156116, 0.34621526449766693, 0.7344888390985242, 0.17802475889485145, 0.01641944751969427], [-0.4550415154704584, -0.059918421922068255, -0.28878956125389343, -0.8510857009729103, -0.5604707132333623, -0.06380509511032018, 0.6174229899711785, 0.1938607936603289, 0.29708085087390096, 0.1956664735376727, 0.48728750712224034, -0.04766617581297687]], "inverted": true, "swapped": false, "error_lsq": 0.05509370658284487, "error_max": 0.30646834582492655, "target": "580.xyz", "model": "17.xyz", "model_rescale": 3.901054581598922, "target_rescale": 3.9726933598604295},
{"mapping": [4, 5, 9, 6, 10, 1, 2, 8, 13, 12, 0, 14], "R": [[-0.30521772814052456, 0.7343956086349023, 0.6062220949837679], [-0.8879472781338708, -0.4494976548683491, 0.09747558423782332], [0.34408105103796016, -0.5085419828152108, 0.78929923478424]], "T": [-0.005479901495743525, -0.014635825508852437, -0.06382330333171776], "aligned_model": [[0.3172402209754816, -0.5053104716089997, -0.6214877544739157, 0.4441368080928694, -0.2817169812768447, 0.6882843198935843, -0.19593412390596215, 0.08463305013121834, -0.5941227109951093, -0.20996959738307236, 0.4783259956478823, -0.03809770491625087], [-0.6162641423233304, -0.3572440223776473, 0.060372658731884646, 0.2636133905573755, -0.3320875386573881, -0.08029754727411124, -0.24114806833726649, -0.6391113683590085, 0.17149774439128423, 0.6993911693703614, 0.1329478924774956, 0.026804961396756026], [-0.46315907792365657, 0.08742176803985033, -0.2854032520983507, -0.5968785851622043, -0.767649442162843, -0.05574290416350819, 0.7082890557217227, 0.14191489066966984, 0.3187419006289968, -0.045808894185761805, 0.501557469752991, -0.07874149772757474]], "inverted": true, "swapped": false, "error_lsq": 0.048575088971134855, "error_max": 0.2511766114017498, "target": "580.xyz", "model": "18.xyz", "model_rescale": 3.9405287249114394, "target_rescale": 3.9726933598604295},
{"mapping": [2, 11, 9, 8, 5, 1, 14, 10, 13, 4, 12, 15], "R": [[0.1725494774354649, 0.9271682861190013, 0.3325442031548621], [0.9786177061552467, -0.19973869264153132, 0.049110486266128156], [0.11195562976550874, 0.3169596565448134, -0.9418081084206075]], "T": [0.03796771546734189, 0.05842487951819375, 0.002233397107608552], "aligned_model": [[0.31919457365442466, -0.5064521861072941, -0.6274565077907772, 0.08061076075498053, -0.14081724846305613, 0.6889643645073681, -0.185576684492651, 0.03568785722907992, -0.5320382793161677, 0.1497821720419678, 0.23890168420702312, 0.045180543955983477], [-0.6593071490859944, -0.41334503470744055, 0.0537397775655881, 0.28041303875768986, -0.32006232045293764, -0.04481968425662938, -0.2962518267152764, -0.7074578977988534, 0.14062265706206561, 0.7796671821353811, 0.2546322268231901, 0.02064416026962272], [-0.3991360989468202, 0.018149448779353726, -0.3801257271166706, -0.7196911026719832, -0.7161300338166605, -0.030375604242357503, 0.6533641807279879, 0.17921478201027655, 0.3481619108928659, 0.0466416939952068, 0.4726239574714941, -0.00815597569336147]], "inverted": true, "swapped": false, "error_lsq": 0.04395069855498057, "error_max": 0.20059428258551243, "target": "580.xyz", "model": "19.xyz", "model_rescale": 4.410303926677745, "target_rescale": 3.9726933598604295},
{"mapping": [11, 8, 7, 4, 12, 6, 5, 10, 1, 0, 3, 13], "R": [[-0.7294281330926566, 0.6813059983685528, -0.061292211903234084], [0.09187392969671831, 0.008784332478161183, -0.9957318999334085], [-0.6778597050238669, -0.7319460171965843, -0.0690017986360752]], "T": [-0.024378033176661793, -0.009676872399547828, -0.07794578186148382], "aligned_model": [[0.46208375143119845, -0.6095569709321724, -0.6699079416653397, 0.3200123245860189, -0.31116792584831665, 0.5458963134866087, -0.21277735394892458, 0.17773029207601881, -0.6082677380141962, 0.13185550856546072, 0.40433996889147267, -0.06425917844694722], [-0.5090732383775018, -0.4741324046422397, 0.10650396682041637, 0.14841328689067418, -0.31971491532138, 0.06883159394186095, -0.35927186089228097, -0.7041225234571824, 0.381768871914329, 0.6365551731598041, 0.18358917166591693, -0.070871992106011], [-0.5263780802721012, 0.10344950689699145, -0.3547964903786492, -0.6708169129089713, -0.7042866688321096, -0.1495657052699766, 0.6578257607532711, 0.31196635644396337, 0.18466216359273585, 0.18876491580479127, 0.47415186042328406, -0.05043527486389793]], "inverted": false, "swapped": false, "error_lsq": 0.044443069796900735, "error_max": 0.24155007420667607, "target": "580.xyz", "model": "20.xyz", "model_rescale": 4.121658175737393, "target_rescale": 3.9726933598604295},
{"mapping": [11, 3, 2, 10, 4, 9, 0, 7, 1, 6, 5, 12], "R": [[0.38790937487431476, 0.2660048472547821, 0.8824781799691019], [0.8148092453856448, -0.5465074527657017, -0.1934308602721415], [0.4308273558151742, 0.7940850239794883, -0.4287385732270901]], "T": [0.043906152442827105, 0.035117897235913534, -0.031325935989768336], "aligned_model": [[0.33658893104476106, -0.36057840830955873, -0.6346615490928925, 0.2211387996700764, -0.21388958337594852, 0.7362634613471585, -0.49178260336226337, 0.2789203146154537, -0.5069873826176275, -0.009712704161899378, 0.18105364871552887, 0.02962812570809298], [-0.6495915601241242, -0.5127276710030241, 0.178242803371578, 0.2934386392721404, -0.19395639438429074, 0.016498676228108536, -0.3811054284219125, -0.5747074539956489, 0.28723068159769505, 0.6669862768892667, -0.0024449922404932017, -0.039388447592889606], [-0.5004514557097605, 0.10614470240943603, -0.33998881015073007, -0.7458411735163502, -0.4897994133461745, -0.23858798412317983, 0.6945937776019143, 0.1679212578945714, 0.3082772485998169, -0.17447561668363964, 0.6347694953014671, 0.04197940311196065]], "inverted": true, "swapped": false, "error_lsq": 0.04723459382230705, "error_max": 0.2724879262238817, "target": "580.xyz", "model": "21.xyz", "model_rescale": 4.08911054899281, "target_rescale": 3.9726933598604295},
{"mapping": [11, 6, 0, 2, 1, 14, 10, 5, 7, 13, 12, 16], "R": [[0.2656336793412088, 0.2889568782203422, 0.9197514180085867], [0.7136957689891139, -0.7003179811476655, 0.01389512894129713], [0.6481335492988224, 0.652731681328869, -0.3922553434472226]], "T": [0.05143799358014991, -0.08486554501999125, -0.10925837653077325], "aligned_model": [[0.28501431628616447, -0.6364764674854941, -0.6314961092766409, 0.23560915387051012, -0.1457941178800677, 0.6227895997746581, -0.13045512039316884, 0.12241702243676483, -0.41584049905079556, -0.04359097292221869, 0.28168799408662165, 0.02211625073454826], [-0.7433884505399176, -0.3256960878350672, 0.18586042309390718, 0.20278058308738436, -0.3412387659271676, 0.17911047011462813, -0.3105956348363301, -0.6847604423101893, 0.17893455873735417, 0.5291482467762728, 0.2658342695606668, -0.04751404032513615], [-0.4218007170787015, 0.04674954780491247, -0.3549977903887396, -0.745335823132514, -0.8340829394952631, 0.016027662115463304, 0.6437995434564834, 0.2551824878298556, 0.3574926316005415, 0.11587830426048273, 0.49816576141070384, -0.11253723699389324]], "inverted": false, "swapped": false, "error_lsq": 0.04623521457483171, "error_max": 0.22685110121866006, "target": "580.xyz", "model": "22.xyz", "model_rescale": 4.204369325754507, "target_rescale": 3.9726933598604295},
{"mapping": [2, 11, 9, 8, 5, 1, 14, 10, 13, 4, 12, 15], "R": [[0.1725494774354649, 0.9271682861190013, 0.3325442031548621], [0.9786177061552467, -0.19973869264153132, 0.049110486266128156], [0.11195562976550874, 0.3169596565448134, -0.9418081084206075]], "T": [0.03796771546734189, 0.05842487951819375, 0.002233397107608552], "aligned_model": [[0.31919457365442466, -0.5064521861072941, -0.6274565077907772, 0.08061076075498053, -0.14081724846305613, 0.6889643645073681, -0.185576684492651, 0.03568785722907992, -0.5320382793161677, 0.1497821720419678, 0.23890168420702312, 0.045180543955983477], [-0.6593071490859944, -0.41334503470744055, 0.0537397775655881, 0.28041303875768986, -0.32006232045293764, -0.04481968425662938, -0.2962518267152764, -0.7074578977988534, 0.14062265706206561, 0.7796671821353811, 0.2546322268231901, 0.02064416026962272], [-0.3991360989468202, 0.018149448779353726, -0.3801257271166706, -0.7196911026719832, -0.7161300338166605, -0.030375604242357503, 0.6533641807279879, 0.17921478201027655, 0.3481619108928659, 0.0466416939952068, 0.4726239574714941, -0.00815597569336147]], "inverted": true, "swapped": false, "error_lsq": 0.04395069855498057, "error_max": 0.20059428258551243, "target": "580.xyz", "model": "23.xyz", "model_rescale": 4.410303926677745, "target_rescale": 3.9726933598604295},
{"mapping": [3, 5, 15, 10, 4, 1, 12, 0, 6, 11, 7, 16], "R": [[-0.6240867276949413, 0.1574878438876573, 0.7653191068715304], [-0.7562450843348474, -0.36806173050587726, -0.5409472570929612], [0.19649205768783518, -0.916366816053831, 0.348801848763685]], "T": [-0.10313850909793451, 0.07842710046792531, -0.06232985582007874], "aligned_model": [[0.41912454269948607, -0.5438795710391794, -0.764350933170245, 0.18043485744127694, -0.19950093239743347, 0.7526656678292464, -0.29185634333429394, 0.1881037495185002, -0.7194147225887485, 0.2183426525292896, 0.34373074486949695, -0.017418662176514277], [-0.5573522815986168, -0.3694822326277021, 0.2650865573433434, 0.179738385290244, -0.405076610202565, 0.023296827334239795, -0.3798513186720136, -0.5340663196287829, 0.11337539695169443, 0.6226057708390084, 0.12907967191027833, 0.0011212826572781082], [-0.42602872397942776, -0.03537472509017138, -0.2553857240192662, -0.6394833151641979, -0.5427700894963032, -0.09224997126993781, 0.5705542602512867, 0.2699585252894665, 0.3813821397559983, -0.09755660762511074, 0.42723432132850137, -0.0957386585915065]], "inverted": true, "swapped": false, "error_lsq": 0.04267754745061746, "error_max": 0.24903012395095367, "target": "580.xyz", "model": "24.xyz", "model_rescale": 4.28219845311461, "target_rescale": 3.9726933598604295},
{"mapping": [6, 1, 4, 2, 0, 14, 5, 8, 9, 13, 11, 15], "R": [[0.27957343683622266, -0.7303478126757863, -0.6232421406927469], [-0.9273810888194687, -0.03733709879307018, -0.37225026145556106], [0.2486021108430089, 0.6820542599921297, -0.6877492107672601]], "T": [-0.08865105178236331, 0.05443712914309945, 0.018412826999081748], "aligned_model": [[0.396923959344909, -0.4842384611257995, -0.6013591042737839, 0.20844840635862988, -0.2006361234062487, 0.6623770790174512, -0.2557081564750221, 0.05366105856143595, -0.3560873997234354, 0.004665296998310253, 0.2391799369165063, -0.10124544201207171], [-0.5661229666193888, -0.44883474329360135, 0.13744404015630587, 0.18107164496964984, -0.3602166874798208, 0.13810691124581204, -0.4480994837301308, -0.605187944307646, 0.3492299169181425, 0.6167569183841051, 0.07264015523739803, 0.021687368115579954], [-0.4189876886350711, 0.028680389011416278, -0.4962607381470334, -0.5853053487763564, -0.6751834014575364, -0.07698496755011386, 0.6853682658461977, 0.18147135223900024, 0.5647174086699936, -0.1489340302023583, 0.45277737888876635, -0.04681718849757301]], "inverted": true, "swapped": false, "error_lsq": 0.03791229204949965, "error_max": 0.27831330183372016, "target": "580.xyz", "model": "25.xyz", "model_rescale": 4.100010024507729, "target_rescale": 3.9726933598604295},
{"mapping": [0, 8, 9, 4, 10, 6, 3, 1, 7, 5, 2, 11], "R": [[0.39581210705683567, 0.1889513483462111, -0.8986824599742541], [-0.30885034046831056, -0.8942090376398749, -0.3240396028200528], [-0.8648376975478328, 0.40581718169801245, -0.2955810750688305]], "T": [0.0028186558737972253, -0.11068580635635045, -0.0025026935113001206], "aligned_model": [[0.31967622275868124, -0.4411208163823943, -0.6188896195903333, 0.23198627349032225, -0.3206720907717846, 0.5929177419349034, -0.3701289475569968, 0.2678765459331533, -0.4924817054008756, 0.0674122296353496, 0.36665630639433455, -0.03725109026347825], [-0.6044595186978265, -0.5272200161107261, 0.21022842922223578, 0.36541035246277376, -0.34743507269141144, 0.14059456983799262, -0.29619419713170214, -0.7273780508613314, 0.2662671851289687, 0.631207256663725, 0.010678983773939832, -0.03322479200023247], [-0.4816981434502166, 0.07671110599362244, -0.4381674450822005, -0.700108764891049, -0.5067901951004102, -0.09801907594098053, 0.6936067436456111, 0.21790952085735185, 0.2642185861549448, -0.10052577035002783, 0.6304665301994608, -0.09306166064677479]], "inverted": true, "swapped": false, "error_lsq": 0.03953095445275233, "error_max": 0.22621707722121362, "target": "580.xyz", "model": "26.xyz", "model_rescale": 3.6694154284099745, "target_rescale": 3.9726933598604295},
{"mapping": [1, 2, 11, 3, 6, 7, 4, 0, 10, 9, 8, 13], "R": [[-0.26948820549268565, -0.5158302732883945, 0.8132006125548311], [-0.6043470655953844, -0.5668630682784821, -0.5598489851095145], [0.7497604493480438, -0.6423281022819456, -0.15897760097666047]], "T": [0.01602134814859748, -0.057929297445869006, -0.012775478489544426], "aligned_model": [[0.4485768852441761, -0.5602816367954321, -0.7639145659742755, 0.3314286417489493, -0.07780657216941253, 0.5960176511984566, -0.24030756163266928, -0.00804636066465151, -0.3585317761414631, -0.013376295853395538, 0.24395377882522473, -0.03173113760462574], [-0.7080552719399719, -0.4089183758914916, 0.25420439145052226, 0.2752225701165291, -0.37904186089012654, 0.13496040584241767, -0.33837793341091005, -0.6988179171857684, 0.20589255946152646, 0.6162074173797065, 0.22413791866783744, -0.08893877400386545], [-0.42493876932437585, -0.09530536737700808, -0.18726902955215896, -0.6778764427174806, -0.6121697350281322, -0.16286337118011562, 0.7160417981200468, 0.14727409387323653, 0.3770946342340714, -0.11044330185868502, 0.5133823733664908, -0.01838545116655741]], "inverted": true, "swapped": false, "error_lsq": 0.04051101683096248, "error_max": 0.2199364894383427, "target": "580.xyz", "model": "27.xyz", "model_rescale": 4.103607728864725, "target_rescale": 3.9726933598604295},
{"mapping": [12, 0, 1, 4, 2, 13, 9, 10, 5, 8, 11, 14], "R": [[0.5288510193377247, -0.6114173069759327, 0.5886301691858373], [0.5182221994603681, 0.7818840156275768, 0.3465589965540556], [-0.6721326887839247, 0.12176314235594181, 0.7303501802777204]], "T": [0.03730896044364199, -0.14626383576128038, 0.11134380467163058], "aligned_model": [[0.4225300802571433, -0.6206093427430902, -0.64540517322968, 0.15915061865078645, -0.1050500973228839, 0.5778566489109076, -0.4379877291999159, 0.20080671451216586, -0.5495719837580073, 0.15359456658107082, 0.49119748832831295, -0.08053074080592829], [-0.6357502465523641, -0.33717466383503664, 0.20950954260806348, 0.2610064451354576, -0.2864643128389696, 0.038988052137220786, -0.4925205490125075, -0.5271344641598039, 0.12144016653651807, 0.6235226888599847, 0.2423699132522788, -0.12931744253443597], [-0.4796734198026062, -0.0896246083631809, -0.34711834971106004, -0.6892152598315096, -0.5967511262035285, -0.19420891987265854, 0.6808376776810987, 0.4079602660213247, 0.45637385389718677, -0.14592325719868549, 0.45047541163512134, 0.011409163137829914]], "inverted": false, "swapped": false, "error_lsq": 0.04560168584554775, "error_max": 0.23835522129734898, "target": "580.xyz", "model": "28.xyz", "model_rescale": 4.137296879288765, "target_rescale": 3.9726933598604295},
{"mapping": [10, 5, 3, 4, 2, 9, 8, 7, 1, 6, 11], "R": [[0.07937047210596598, 0.7994164456780486, 0.5955112715450078], [-0.9916243462109742, 0.12437855551136705, -0.03480130644910168], [-0.10188956845199888, -0.5877612791843145, 0.8025927949665908]], "T": [0.048407683821136235, -0.08087799762288271, -0.03297881480426448], "aligned_model": [[0.38944186270559633, 0.1463683899708884, -0.1566902734523981, -0.6201808443361285, -0.07182209345962255, 0.5634006330718622, 0.4617526219732129, -0.3111809419604059, -0.3088342007658511, 0.1423068658694397, -0.013143008906694995], [-0.40819346306839205, -0.7156612017729733, -0.28772372014752096, 0.09808185281257094, 0.6069799477537059, -0.03518441374714163, 0.4872424415490334, -0.30499984155429516, 0.3905627116181709, 0.12226452649348811, -0.034221023288694245], [0.22264120081166275, -0.22724714437458154, -0.8099949832783513, -0.2958723723503255, -0.37259941110273603, -0.45325970967727, 0.1480362619855799, 0.46143666845228437, 0.2809148717235661, 0.8263845268571022, 0.0253141127360675]], "inverted": false, "swapped": true, "error_lsq": 0.05441114774622519, "error_max": 0.3375270177873923, "target": "580.xyz", "model": "29.xyz", "model_rescale": 3.607286011436655, "target_rescale": 3.9726933598604295},
