[{"mapping": [11, 7, 8, 1, 3, 2, 5, 6, 10, 9, 4, 12], "R": [[-0.24112560851494053, -0.609310764263502, -0.7553799265739904], [-0.3375824940178682, -0.677079988182995, 0.6539118819342494], [-0.9098881803007313, 0.41267793999042757, -0.04243132326809307]], "T": [-0.11428380355029692, -0.10168440062797873, -0.013056000132634298], "aligned_model": [[-0.26300794301737956, 0.17843864913471413, 0.47865527452738704, -0.28409206128477504, 0.1130817987665879, -0.7264097530616, 0.34278368261494097, -0.2863421713571744, 0.5974990320848244, 0.17655846071044828, -0.46269740473412463, -0.02682510192330005], [-0.4180285311975582, -0.6681464505157, -0.25982193040954665, 0.5945677000282568, 0.4600635230956696, -0.6656922794945856, -0.43122567092180625, -0.46753751739000354, 0.31550711089790884, 0.48415080397491345, 0.2141622182391128, -0.10444394032960386], [-0.4865264265596028, -0.12835236390862675, -0.46842264496067393, -0.08572594492216809, -0.5589904125147123, 0.01444305539176053, 0.5680780977672734, 0.6346283881511703, -0.13429500894069035, 0.3227669758480619, 0.5125965619151499, -0.008248531913379483]], "inverted": true, "swapped": true, "error_lsq": 0.048459646879726904, "error_max": 0.26499435361596496, "target": "581.xyz", "model": "0.xyz", "model_rescale": 3.751011558992144, "target_rescale": 4.059639292645722},
{"mapping": [8, 4, 2, 10, 1, 12, 0, 13, 9, 6, 11, 5, 14], "R": [[-0.8464450509291945, 0.33475663110411613, 0.41408788160159443], [-0.30879478432780183, 0.3249402378063026, -0.8939013497172549], [-0.43379321909110063, -0.8845065515790181, -0.17167295443480324]], "T": [0.06834320051617775, 0.003842208975149683, 0.020990018610646366], "aligned_model": [[-0.29189752555840043, -0.02010123193552267, -0.32475798812257883, -0.24915327466351272, 0.5490806389672643, 0.3695233048717115, 0.4522727339059332, -0.3083208584749722, -0.31892849563044695, 0.6581709494232686, 0.34952874518936333, -0.5492842864865897, 0.0723019710875523], [-0.24161347154261031, 0.3018927152625291, -0.7200301643630937, 0.7362399319588153, -0.15175439749506298, 0.058258458633041056, -0.643637519231281, -0.23927514818576806, 0.3521696471257972, 0.4420949101719011, 0.6547553654672924, -0.05350522425613251, 0.02693485468087295], [-0.47940620471512646, -0.7062770904902269, 0.09322812902726613, -0.1667420024877126, -0.4589753559345157, 0.6979719390418873, -0.0732046386281622, 0.5924095979146644, 0.42457179536650674, -0.13316426054853048, 0.38701971836048243, 0.09402156108408943, 0.07053666625951005]], "inverted": true, "swapped": false, "error_lsq": 0.04466870645839863, "error_max": 0.3108178666609007, "target": "581.xyz", "model": "1.xyz", "model_rescale": 3.9405287249114394, "target_rescale": 4.059639292645722},
{"mapping": [6, 3, 0, 10, 7, 2, 1, 5, 9, 4, 8, 11, 12], "R": [[0.6262198714688525, 0.08829887549179931, -0.7746302222121323], [0.1599080141729042, -0.9869895266061883, 0.016766078043788397], [-0.7630714904783248, -0.13436883178987552, -0.632192152326025]], "T": [0.06457468335515451, 0.00516177878856533, -0.003370243921449509], "aligned_model": [[-0.21847193456935446, 0.0977836379057295, -0.18169822542621678, -0.31920989642140096, 0.35632559072578995, 0.2338322018001932, 0.6576693161991422, -0.3265563942438814, -0.3119747577646764, 0.700488515935472, 0.23181100577534566, -0.6461718392299983, 0.11460746188692558], [-0.28250297004715724, 0.3549645068015251, -0.7886888636272231, 0.7451948626685923, -0.12700718623971008, -0.24623768890510045, -0.5157153660599672, -0.22272875559896346, 0.5738610318742838, 0.2895468297546005, 0.7252347877795859, 0.020640481484760262, -0.004031711658925437], [-0.36736103741518794, -0.4542969512489711, 0.10654244966887702, -0.13200752623540468, -0.7288512056895073, 0.6068099160434411, 0.06106646009390372, 0.5651002169202132, 0.4269468310618096, -0.0835853435154018, 0.22947443455703664, 0.04368376157370536, 0.06846784843561828]], "inverted": false, "swapped": false, "error_lsq": 0.05391290531048714, "error_max": 0.3285021167757536, "target": "581.xyz", "model": "2.xyz", "model_rescale": 3.932901565614263, "target_rescale": 4.059639292645722},
{"mapping": [10, 6, 11, 2, 12, 7, 9, 3, 0, 5, 4, 1, 13], "R": [[0.5374984074093735, 0.5563462571465505, -0.6336989065726811], [0.1796433883940189, 0.6586874220802558, 0.7306566450800149], [0.823907588894958, -0.5065666018918851, 0.2540995135945868]], "T": [-0.009456928045269541, -0.057524013971781876, 0.1371295635184528], "aligned_model": [[-0.21608976992059578, 0.08830657297748842, -0.3794135368029587, -0.26479799336216964, 0.3763292676330505, 0.5253865831572913, 0.6407786179480613, -0.2582226948492901, -0.3405510401837758, 0.6071447625380921, 0.25837888923198965, -0.6948791706247631, 0.046064194830649316], [-0.2730329259572392, 0.2994856440550748, -0.8521902343759071, 0.709056783977451, -0.2118479949774416, 0.03750654185966405, -0.3973256800626285, -0.21483680680449774, 0.3955918988252358, 0.17805649159352926, 0.7573792481130239, 0.15249557467875507, -0.057808582698719004], [-0.5140264990461243, -0.4370469447306034, -0.03417835851833123, -0.06622892230559099, -0.5035598544292366, 0.6004374086171786, 0.09812313023514721, 0.5543270665776125, 0.5032074071806261, -0.14765784178943592, 0.30272863647703113, -0.04957004192438333, 0.035434667906242]], "inverted": true, "swapped": false, "error_lsq": 0.05169716960825725, "error_max": 0.3141934992486644, "target": "581.xyz", "model": "3.xyz", "model_rescale": 3.9243930471874484, "target_rescale": 4.059639292645722},
{"mapping": [0, 5, 2, 6, 1, 8, 7, 4, 10, 9, 11, 3, 12], "R": [[-0.4862741010339369, 0.8265605085820407, -0.28343469144802], [-0.630486535732635, -0.10731205557585025, 0.7687462851864366], [0.6049993610934618, 0.5525231654697236, 0.5733183449845463]], "T": [0.06925754019297203, 0.11816502484734094, 0.10396689887258115], "aligned_model": [[-0.24129456026631746, -0.0156376985792767, -0.31817253004249646, -0.4148827951809443, 0.4681683560938591, 0.44038481480999336, 0.30682370546686666, -0.12219533754258693, -0.1589892448738124, 0.7246995585576468, 0.25442487316759255, -0.5904197086894768, 0.05552524965202227], [-0.2903200595390131, 0.30104260400993377, -0.6957882550083467, 0.588654151716119, -0.2060747834492529, -0.011687225370363083, -0.6464301235506726, -0.322254581983073, 0.438911517291719, 0.37535684388373325, 0.8873754056664294, -0.010675269088431708, 0.11441973364751971], [-0.5742806091175243, -0.626082201701014, -0.09248281276652007, -0.15247925902220394, -0.39191515127196797, 0.5956368166680144, 0.14727203800701322, 0.45288470433139244, 0.688905196652969, 0.14796145034963715, 0.0912181645535704, 0.06962339395387501, -0.014271876387109333]], "inverted": false, "swapped": false, "error_lsq": 0.052808571064916494, "error_max": 0.33872352879355394, "target": "581.xyz", "model": "4.xyz", "model_rescale": 3.8936222436046832, "target_rescale": 4.059639292645722},
{"mapping": [5, 9, 8, 7, 3, 1, 4, 0, 2, 6, 11, 12], "R": [[-0.24712247764215772, -0.9020801943015067, 0.35381040698792005], [-0.9610087218062937, 0.1814147678268459, -0.20868856850955061], [0.1240673915911633, -0.3915865230869009, -0.9117386013987109]], "T": [-0.09794484177759392, -0.007556848130699168, -0.035352741732742145], "aligned_model": [[0.14515435410263783, -0.6850871688622185, -0.22831165163508027, 0.3075222898122007, -0.7843070559500723, -0.6961054401538093, -0.18575298474702223, 0.06755050298304639, 0.637878816004735, 0.4047172777585328, 0.16880749931671252, -0.12451839641456504], [-0.6703405734820702, -0.4485650660823287, 0.2737164079119427, 0.058183846186088156, 0.4155417983824095, 0.0640749281587794, -0.43462361997640203, 0.3219668657206667, 0.17350161742050058, -0.5563237201003751, 0.5081594162344917, -0.036368995263895226], [-0.431389974641419, 0.0013190495207633032, -0.7338030693736766, -0.5364849658812045, -0.15861942751094688, 0.35955932457389206, 0.5190527439369144, 0.3994595663438978, 0.31010440502143466, 0.13533224769364652, -0.1315122264282312, -0.11373295397955244]], "inverted": false, "swapped": true, "error_lsq": 0.0486689491026862, "error_max": 0.2504123201557582, "target": "581.xyz", "model": "5.xyz", "model_rescale": 3.6523030999806103, "target_rescale": 4.059639292645722},
{"mapping": [5, 8, 0, 9, 1, 2, 1, 3, 11, 6, 10, 7, 12], "R": [[0.3329858777148179, -0.8005249158015176, -0.49827729671686416], [0.17905163956159914, -0.4651388640380082, 0.8669407981700565], [-0.9257758452307965, -0.377896409538917, -0.011549374216796693]], "T": [0.042033895710117015, 0.14162180226747278, 0.028785794215125216], "aligned_model": [[-0.24557812089702585, 0.09128919636557009, -0.21491459910872734, -0.27766099631946856, 0.4388116597881774, 0.598495328956029, 0.4388116597881774, -0.22564197383673645, -0.5318125284162606, 0.6187610582120583, 0.3563124155130673, -0.6275321567407666, -0.030906260731024184], [-0.21185347299401447, 0.3362584621300455, -0.8178132994152679, 0.7670138717120948, -0.41681859079945605, -0.10250558546177893, -0.41681859079945605, -0.3644673505232622, 0.5019854244007187, 0.3453962725902198, 0.8020040352715835, 0.03465913643921972, 0.06548964567565489], [-0.4774138577688846, -0.6141711162084061, 0.003776052751919525, -0.14251163911826276, -0.08561088107708593, 0.4837188948788549, -0.08561088107708593, 0.42231355846800694, 0.5903971763125283, -0.19141004441324883, 0.3004424893101739, 0.11279977651234716, 0.025270325679275722]], "inverted": true, "swapped": false, "error_lsq": 0.05557544668648647, "error_max": 0.4187384400850225, "target": "581.xyz", "model": "6.xyz", "model_rescale": 4.08911054899281, "target_rescale": 4.059639292645722},
{"mapping": [1, 11, 0, 13, 9, 4, 3, 6, 7, 10, 12, 2, 14], "R": [[-0.9380968748422184, 0.23253400792328818, 0.25671421575439846], [0.3443096519328448, 0.7068071224880211, 0.6179599948104142], [-0.037750721809615397, 0.668095522181773, -0.7431172560528502]], "T": [0.12301258283154694, 0.11370883091518035, 0.07164291406233356], "aligned_model": [[-0.3012519636332382, 0.26696230494370077, -0.28007247731323015, -0.38468945985163894, 0.3522196391526325, 0.5542210926567023, 0.301225526127544, -0.10345804978075397, -0.36302110765164275, 0.7118474773029559, 0.1423540413103061, -0.6609666151925182, 0.15306427450225027], [-0.10974988219862448, 0.4048384243280478, -0.733747402291739, 0.5924638402122291, -0.34502640492194436, -0.1148259378027849, -0.6407140420440782, -0.2137702724319574, 0.34688702342418687, 0.5239309422418965, 0.8255453495478062, -0.06695066755470029, 0.05364898771796298], [-0.48334524527257294, -0.41728765391255684, 0.008424639879073187, -0.14955111677920355, -0.5213017854180403, 0.5802494124907847, 0.2314481450888853, 0.3726602821469913, 0.6272400223980183, 0.006326875193773257, 0.04136756540876971, 0.12529276000255496, -0.07953404697634511]], "inverted": false, "swapped": false, "error_lsq": 0.051508721427800816, "error_max": 0.25268452991321827, "target": "581.xyz", "model": "7.xyz", "model_rescale": 3.964800864290218, "target_rescale": 4.059639292645722},
{"mapping": [7, 12, 1, 9, 2, 3, 0, 5, 10, 4, 11, 8, 13], "R": [[0.2874061930212056, -0.728012838862847, 0.6224106254426545], [0.03789369058201025, -0.6406762771810304, -0.7668754632086823], [0.9570589054113299, 0.24399019305766045, -0.15654723652799896]], "T": [0.12801181672937478, 0.012623140058519302, 0.04787407406421634], "aligned_model": [[-0.2007505198146835, -0.08641161973497671, -0.14900755387986836, -0.3221341612169389, 0.4951014965426341, 0.39987573227981665, 0.5530850252623781, -0.4389097466008295, -0.2532137059803465, 0.6539345946812346, 0.3226587838310007, -0.6393225437376014, 0.05352890094125014], [-0.20775088827318208, 0.43984499639491725, -0.6593037587192905, 0.5316339436965307, -0.28255592189109885, -0.2296417320227888, -0.5466175117176199, -0.16483091903385128, 0.43225652862869945, 0.33006597250719405, 0.818309595368131, 0.03218478143337253, 0.028934871855287175], [-0.5439061035935544, -0.5370866191895014, -0.13892636003187633, 0.004826297880111102, -0.4176613339502916, 0.6750586074189673, 0.188309231027138, 0.6362453181875669, 0.642608412268292, -0.2952420502613589, 0.05860805852722749, 0.0045970265593413134, 0.0645593694080703]], "inverted": true, "swapped": false, "error_lsq": 0.05284126363176665, "error_max": 0.3162944360833169, "target": "581.xyz", "model": "8.xyz", "model_rescale": 4.121658175737393, "target_rescale": 4.059639292645722},
{"mapping": [1, 2, 4, 3, 6, 7, 9, 5, 10, 8, 11, 0, 12], "R": [[0.7565678937306062, -0.46166198457076446, 0.463112550227499], [0.5758678637044858, 0.8059177691651489, -0.13737813834923568], [-0.3098083693647836, 0.3706275237297592, 0.8755878099456847]], "T": [0.07351195186305395, 0.07025068664629192, 0.058805094495999646], "aligned_model": [[-0.20505261795634963, -0.07216245391438852, -0.3036583904970349, -0.2732747315017783, 0.5245042910644804, 0.5674520499172628, 0.4441853270102095, -0.21355114783583076, -0.380166861802848, 0.6621230381625162, 0.29100198981535186, -0.6914905339184629, 0.03852472402994182], [-0.2161597081410322, 0.39822345103083717, -0.7245377988490322, 0.7715965315532882, -0.28257365719887134, 0.054007624419929484, -0.6531286405051409, -0.18163785764786966, 0.4321532585742504, 0.3466222987824933, 0.6077868406997409, -0.05879682945391185, 0.028974444961619987], [-0.502713010210011, -0.5358034188825378, -0.06028190683809677, -0.04384476445438272, -0.33145500142187484, 0.5181200765909824, 0.23911986106242294, 0.5444642798517519, 0.548379290157897, -0.2693854885771649, 0.3172331135466415, -0.071357029252601, -0.010486147322894587]], "inverted": false, "swapped": false, "error_lsq": 0.04272887942748968, "error_max": 0.25093435522438406, "target": "581.xyz", "model": "9.xyz", "model_rescale": 3.833441315466971, "target_rescale": 4.059639292645722},
{"mapping": [12, 11, 1, 7, 10, 13, 0, 5, 3, 8, 9, 6, 14], "R": [[0.2509507220960391, -0.25817532472243065, 0.9329358160044795], [-0.11498940265501381, 0.9490018125679744, 0.2935523752582192], [-0.9611457602031649, -0.18094491274188054, 0.20846526376428653]], "T": [-0.04665118867066749, 0.018174622282308595, 0.03141535029050331], "aligned_model": [[-0.23886728234266918, 0.04841980718447521, -0.27557806761644504, -0.23435272219972836, 0.6182107377721611, 0.5076467704794952, 0.2786219160587454, -0.06195146585438735, -0.35668071614781444, 0.5795954734695798, 0.2592720902486973, -0.6943830878062521, -0.04151877067278781], [-0.2679738281995634, 0.33310135726743584, -0.6841079136912993, 0.6209758755703528, -0.1335000703747164, -0.24677588701603959, -0.5779403513265099, -0.29425296872338264, 0.6627230627194236, 0.4505727455847651, 0.7267301957394993, -0.16992644431773454, 0.10290418499406978], [-0.46274261527422644, -0.5661796115208304, 0.03222570604467727, -0.18145259029007849, -0.4276135702515447, 0.5395900658354281, 0.08306133060564935, 0.6310736724736382, 0.5241230220087463, -0.13712646499416864, 0.2809550731217408, -0.047900118762200156, 0.07397595525330065]], "inverted": false, "swapped": false, "error_lsq": 0.03887324140439065, "error_max": 0.22302916418223284, "target": "581.xyz", "model": "10.xyz", "model_rescale": 4.2482417240324, "target_rescale": 4.059639292645722},
{"mapping": [5, 9, 3, 1, 7, 11, 8, 0, 4, 2, 6, 12], "R": [[-0.40599131436150415, 0.27745870116601123, -0.8707397555011993], [-0.83047176117925, -0.5096849789883262, 0.2248063079130656], [-0.3814285077794435, 0.8143941867062532, 0.43734929074163076]], "T": [0.0076369276582764906, 0.05651188430461647, -0.016774319461190908], "aligned_model": [[-0.7675332712521857, 0.02545208846577919, 0.5070144207577828, 0.5769036312956538, -0.45533025510258107, 0.14528956109496066, -0.20106280122050885, 0.4129150434914872, 0.13410534400638874, 0.0025782299553930854, -0.4556867320065663, -0.047879657122596626], [-0.15613783084490251, -0.6751142704213449, -0.1624510476758812, -0.38447389002237664, 0.4560334696167826, 0.6052539910573163, 0.2204473714839591, 0.3496521136938326, -0.3502839285426884, 0.6861779970585514, 0.05078214764444646, 0.0262452670029447], [-0.11225330587265919, 0.05375915199220498, 0.589837239406484, 0.0019264802492435715, 0.19747513870620295, 0.1454002040976502, 0.6998236075998416, -0.29037034487657437, -0.5788994358217372, -0.5618011624426692, -0.6236070874590985, 0.04390180427546784]], "inverted": false, "swapped": true, "error_lsq": 0.04432464855619031, "error_max": 0.23275743053043735, "target": "581.xyz", "model": "11.xyz", "model_rescale": 3.6694154284099745, "target_rescale": 4.059639292645722},
{"mapping": [11, 4, 9, 3, 6, 12, 7, 10, 2, 0, 1, 8, 13], "R": [[0.5123580562459021, 0.7590910547265851, 0.40158435332318654], [-0.2627854944937641, -0.3066107451549713, 0.9148407702104129], [0.817577522980903, -0.574256581668503, 0.04238363277040988]], "T": [0.14211004001553657, -0.03762697030180405, 0.0347744208678616], "aligned_model": [[-0.22354853445474848, 0.06411641986221109, -0.40027441287949, -0.384338772272022, 0.44523051565352073, 0.4506140500745453, 0.2937064447329668, -0.05962706872895873, -0.22853486227157943, 0.6923869117748196, 0.14418582416486614, -0.6119344587850406, 0.20645262570197953], [-0.27252710588891416, 0.46112440254832787, -0.6295138808132866, 0.6229274150142632, -0.20950831458928093, 0.07813087611677795, -0.7498548211009428, -0.33314096117302433, 0.30930819160389245, 0.3803243400435686, 0.7823143078451438, 0.020276793849436328, 0.06266871477033936], [-0.5620039149693156, -0.5063750160215984, 0.021535942366768153, -0.13186426816938612, -0.4106799698261825, 0.629075604643001, 0.18281271690079065, 0.5596576530854839, 0.44534953364792207, -0.1475712152544819, 0.2449302811536906, 0.009047018418457634, 0.008075488274983101]], "inverted": true, "swapped": false, "error_lsq": 0.049584350945070285, "error_max": 0.2771333449354152, "target": "581.xyz", "model": "12.xyz", "model_rescale": 3.9764082729961374, "target_rescale": 4.059639292645722},
{"mapping": [6, 14, 5, 3, 13, 1, 12, 0, 7, 11, 8, 4, 15], "R": [[-0.15594107866874257, -0.7755556506425245, 0.6117154671414479], [-0.8351333736203346, 0.43422863128126904, 0.33763551951936943], [-0.5274795050512843, -0.4582127546588445, -0.7154064881022578]], "T": [0.0888010860019298, -0.03981906959043417, 0.09611537967133707], "aligned_model": [[-0.22753334354014976, 0.07758885260678693, -0.34739605407119756, -0.08660085185394813, 0.39535868191237505, 0.5148946760378643, 0.5744050101581074, -0.36537513373120467, -0.4448407531901092, 0.5486951681797624, 0.36863197653042923, -0.6260874435000879, 0.006693897034441329], [-0.24880059640387137, 0.31959208188073024, -0.7556288802627669, 0.764861098655321, -0.18923532325179893, -0.08543661348061511, -0.45382587596327234, -0.1853805878024236, 0.36292153158507956, 0.5007915402026095, 0.5655975249044773, -0.09258399416403064, 0.019658052326862345], [-0.5671478077861332, -0.6176814748997194, 0.08298999312534092, -0.07757236987363664, -0.41199658605896317, 0.5648219728410001, 0.09526210987068623, 0.6435126205732269, 0.4483370350980215, -0.25994964319164104, 0.3302483685147715, 0.05123804797243295, 0.059927588064745595]], "inverted": false, "swapped": false, "error_lsq": 0.045030007520698266, "error_max": 0.2700602926979877, "target": "581.xyz", "model": "13.xyz", "model_rescale": 4.170626492500431, "target_rescale": 4.059639292645722},
{"mapping": [11, 9, 6, 1, 12, 4, 5, 2, 0, 10, 7, 3, 13], "R": [[0.7248423377812812, 0.5783254038097821, 0.3743571993003734], [0.5931754226254048, -0.800273765139875, 0.0877770973661154], [0.35035197067083773, 0.15843493344935172, -0.9231207226088904]], "T": [0.04486917130908315, 0.08124220385892508, 0.1151300863212858], "aligned_model": [[-0.058479024157819595, -0.11574544448482117, -0.24763719934083211, -0.38998862330967377, 0.7010836169642632, 0.4294586213644828, 0.345811976755596, -0.3013162137876097, -0.12807376770690754, 0.40719163562136756, 0.3108811492324718, -0.6054959610489052, 0.0407439164714572], [-0.2489824872608933, 0.41571442970214845, -0.703285807946053, 0.6977892489256545, -0.1955336960990051, -0.21530900232014868, -0.7213673157003534, -0.1006681189623381, 0.49235275789067245, 0.3109874222504263, 0.8454263046390558, -0.05475206347647105, 0.00015828658360589332], [-0.5012549029505984, -0.6050349737841978, 0.03484877559064417, -0.03178114393066378, -0.05364142698032315, 0.6320550979166257, -0.1889607147875822, 0.6442770232233741, 0.511283161200307, -0.25129571988747995, 0.16699616969912945, -0.06927262053186345, 0.05377112947276007]], "inverted": false, "swapped": false, "error_lsq": 0.06446438522978204, "error_max": 0.4421835146183481, "target": "581.xyz", "model": "14.xyz", "model_rescale": 3.9786697098870705, "target_rescale": 4.059639292645722},
{"mapping": [4, 9, 2, 6, 0, 11, 10, 8, 7, 5, 3, 12], "R": [[0.34249174224773565, 0.8522712789592166, -0.3953897742144229], [0.9285276390665904, -0.24286040622409177, 0.2808117636034742], [0.1433032797305595, -0.46330604372260337, -0.8745351221469466]], "T": [0.025964298281197104, 0.040585876712756076, -0.09771262528787794], "aligned_model": [[-0.13894444313280868, -0.6003884303031939, 0.7496303812458834, 0.4629713123839067, 0.19056892125072988, 0.3450516043793868, -0.5935937156227572, -0.029290341871292272, 0.4694843400635203, 0.2338878689050397, -0.6083669648855492, 0.0023440643544706853], [-0.3511752666279452, -0.344293124223486, 0.1710636099875618, -0.5423472110233373, 0.3736141744438733, 0.5255842998651938, -0.0339687143850227, 0.30011004521052603, 0.047006117124261705, -0.6586118537678256, 0.5169938299120126, 0.010698583708626211], [-0.6605536807384307, -0.10864856887631727, -0.48866303778219145, -0.3261016281993996, -0.5301866723590836, -0.001138591854289231, 0.45543467878619914, 0.618902432163566, 0.3746301451864448, 0.25316527077862394, 0.09191738353321982, -0.018791236764512054]], "inverted": true, "swapped": true, "error_lsq": 0.06158907077661191, "error_max": 0.3452573906615307, "target": "581.xyz", "model": "15.xyz", "model_rescale": 3.769337070930944, "target_rescale": 4.059639292645722},
{"mapping": [11, 2, 3, 1, 8, 7, 10, 5, 9, 4, 12], "R": [[-0.25564825496265764, -0.3775845424490709, -0.8899853274285336], [-0.024937716891293565, -0.9176943488117993, 0.39650371049353056], [-0.9664481776126426, 0.12355968380670784, 0.2251908624407054]], "T": [-0.11089269931704593, -0.04133921603376412, -0.01849942105337379], "aligned_model": [[-0.2325713853112032, -0.5624537007971393, -0.08908186430486262, -0.45002093686632416, 0.4464840577434478, 0.2940394246367559, 0.4612360333527199, 0.475380126633986, 0.06733612664454602, -0.4623511221157124, -0.025370628925043243], [-0.18556385564934527, -0.7156424022836079, 0.7220345588798688, 0.5596462467392929, 0.14537236530540046, -0.4241986580860825, 0.5638626745910692, -0.429565137476027, 0.43155316975240626, -0.049083996702130546, -0.02235046744550257], [-0.5759581854561534, -0.20549444371189587, -0.30500421472687556, 0.1881192251790709, -0.5067749026634296, -0.34911636313369754, 0.02371247879256515, 0.38248659235596677, 0.5155197339315175, 0.5929568206707005, -0.016229134013991536]], "inverted": true, "swapped": true, "error_lsq": 0.05664709256556819, "error_max": 0.315736414975636, "target": "581.xyz", "model": "16.xyz", "model_rescale": 3.7852294659196426, "target_rescale": 4.059639292645722},
{"mapping": [11, 7, 9, 2, 6, 4, 10, 0, 3, 5, 1, 8, 12], "R": [[0.913849869574253, -0.3933648686847362, -0.10070995960560036], [0.2771923277361805, 0.785589672550363, -0.5531846706357758], [0.2967201195121748, 0.47761171098168653, 0.8269487433993881]], "T": [-0.007620074486549097, 0.08588150801079619, 0.06120925230519689], "aligned_model": [[-0.3070130668937239, 0.22494002045052436, -0.36280432888543157, -0.31076574308905275, 0.5813092714793011, 0.5085028241646575, 0.39245017612925065, -0.11974597710439551, -0.40142677016973394, 0.6177571527501428, 0.20110840685591885, -0.6229160333185052, -0.012961249795882552], [-0.11916547200853808, 0.3606408263040176, -0.701295736520253, 0.5465590740241291, -0.18559628091709407, 0.019209572022304194, -0.6051693273190059, -0.19656888009945445, 0.5177984168428625, 0.2883437651012123, 0.7256347076211429, -0.1274717686168644, -0.0003889382081577325], [-0.5761694785257759, -0.540330542247354, 0.09939192679843076, -0.20330143710043272, -0.5444765337927143, 0.5417908702734845, -0.046714854553902674, 0.6722712098489665, 0.6005231140430537, 0.05019250741460268, 0.20750490812539082, 0.05135158271373705, 0.02995658125264601]], "inverted": true, "swapped": false, "error_lsq": 0.04587878089723574, "error_max": 0.25156852566457527, "target": "581.xyz", "model": "17.xyz", "model_rescale": 3.901054581598922, "target_rescale": 4.059639292645722},
{"mapping": [8, 4, 2, 10, 1, 12, 0, 13, 9, 6, 11, 5, 14], "R": [[-0.8464450509291945, 0.33475663110411613, 0.41408788160159443], [-0.30879478432780183, 0.3249402378063026, -0.8939013497172549], [-0.43379321909110063, -0.8845065515790181, -0.17167295443480324]], "T": [0.06834320051617775, 0.003842208975149683, 0.020990018610646366], "aligned_model": [[-0.29189752555840043, -0.02010123193552267, -0.32475798812257883, -0.24915327466351272, 0.5490806389672643, 0.3695233048717115, 0.4522727339059332, -0.3083208584749722, -0.31892849563044695, 0.6581709494232686, 0.34952874518936333, -0.5492842864865897, 0.0723019710875523], [-0.24161347154261031, 0.3018927152625291, -0.7200301643630937, 0.7362399319588153, -0.15175439749506298, 0.058258458633041056, -0.643637519231281, -0.23927514818576806, 0.3521696471257972, 0.4420949101719011, 0.6547553654672924, -0.05350522425613251, 0.02693485468087295], [-0.47940620471512646, -0.7062770904902269, 0.09322812902726613, -0.1667420024877126, -0.4589753559345157, 0.6979719390418873, -0.0732046386281622, 0.5924095979146644, 0.42457179536650674, -0.13316426054853048, 0.38701971836048243, 0.09402156108408943, 0.07053666625951005]], "inverted": true, "swapped": false, "error_lsq": 0.04466870645839863, "error_max": 0.3108178666609007, "target": "581.xyz", "model": "18.xyz", "model_rescale": 3.9405287249114394, "target_rescale": 4.059639292645722},
{"mapping": [5, 9, 2, 7, 11, 3, 10, 1, 0, 13, 4, 6, 15], "R": [[0.14408820196186864, 0.06048883940578875, 0.9877143769140634], [-0.8997707141457605, 0.4234609357053548, 0.10532567539386353], [-0.4118874263934552, -0.9038926574759227, 0.11544181105686979]], "T": [0.1256312262968909, 0.14848421572809772, 0.09918170177044056], "aligned_model": [[-0.3769049511459768, 0.05670414712240754, -0.22135430313369056, -0.035881742466424116, 0.44647020399474746, 0.4611661210777248, 0.42084361095557077, -0.15175359524461704, -0.4180603525674028, 0.6539925999253435, -0.008375412076923938, -0.5584956350328674, 0.1200839911651783], [-0.21334606760561864, 0.30011654109444724, -0.6434735780217604, 0.7169138038965936, -0.15504641733225905, -0.3474492488810877, -0.5744670498054918, -0.13009218393603866, 0.38646708932730844, 0.4053844261149726, 0.8132948738934815, -0.1453418060776222, 0.1095695755593758], [-0.45561454838146936, -0.6499955420223771, 0.011265956322411785, -0.28347599533912643, -0.4701553750861344, 0.7049002238077886, 0.009208636056065755, 0.6292498806946158, 0.44622330864411897, -0.2266501354287518, 0.3725569718252446, 0.16179289972366645, 0.09268357343407889]], "inverted": false, "swapped": false, "error_lsq": 0.04266441825649059, "error_max": 0.24345963518941227, "target": "581.xyz", "model": "19.xyz", "model_rescale": 4.410303926677745, "target_rescale": 4.059639292645722},
{"mapping": [7, 12, 1, 9, 2, 3, 0, 5, 10, 4, 11, 8, 13], "R": [[0.2874061930212056, -0.728012838862847, 0.6224106254426545], [0.03789369058201025, -0.6406762771810304, -0.7668754632086823], [0.9570589054113299, 0.24399019305766045, -0.15654723652799896]], "T": [0.12801181672937478, 0.012623140058519302, 0.04787407406421634], "aligned_model": [[-0.2007505198146835, -0.08641161973497671, -0.14900755387986836, -0.3221341612169389, 0.4951014965426341, 0.39987573227981665, 0.5530850252623781, -0.4389097466008295, -0.2532137059803465, 0.6539345946812346, 0.3226587838310007, -0.6393225437376014, 0.05352890094125014], [-0.20775088827318208, 0.43984499639491725, -0.6593037587192905, 0.5316339436965307, -0.28255592189109885, -0.2296417320227888, -0.5466175117176199, -0.16483091903385128, 0.43225652862869945, 0.33006597250719405, 0.818309595368131, 0.03218478143337253, 0.028934871855287175], [-0.5439061035935544, -0.5370866191895014, -0.13892636003187633, 0.004826297880111102, -0.4176613339502916, 0.6750586074189673, 0.188309231027138, 0.6362453181875669, 0.642608412268292, -0.2952420502613589, 0.05860805852722749, 0.0045970265593413134, 0.0645593694080703]], "inverted": true, "swapped": false, "error_lsq": 0.05284126363176665, "error_max": 0.3162944360833169, "target": "581.xyz", "model": "20.xyz", "model_rescale": 4.121658175737393, "target_rescale": 4.059639292645722},
{"mapping": [5, 8, 0, 9, 1, 2, 1, 3, 11, 6, 10, 7, 12], "R": [[0.3329858777148179, -0.8005249158015176, -0.49827729671686416], [0.17905163956159914, -0.4651388640380082, 0.8669407981700565], [-0.9257758452307965, -0.377896409538917, -0.011549374216796693]], "T": [0.042033895710117015, 0.14162180226747278, 0.028785794215125216], "aligned_model": [[-0.24557812089702585, 0.09128919636557009, -0.21491459910872734, -0.27766099631946856, 0.4388116597881774, 0.598495328956029, 0.4388116597881774, -0.22564197383673645, -0.5318125284162606, 0.6187610582120583, 0.3563124155130673, -0.6275321567407666, -0.030906260731024184], [-0.21185347299401447, 0.3362584621300455, -0.8178132994152679, 0.7670138717120948, -0.41681859079945605, -0.10250558546177893, -0.41681859079945605, -0.3644673505232622, 0.5019854244007187, 0.3453962725902198, 0.8020040352715835, 0.03465913643921972, 0.06548964567565489], [-0.4774138577688846, -0.6141711162084061, 0.003776052751919525, -0.14251163911826276, -0.08561088107708593, 0.4837188948788549, -0.08561088107708593, 0.42231355846800694, 0.5903971763125283, -0.19141004441324883, 0.3004424893101739, 0.11279977651234716, 0.025270325679275722]], "inverted": true, "swapped": false, "error_lsq": 0.05557544668648647, "error_max": 0.4187384400850225, "target": "581.xyz", "model": "21.xyz", "model_rescale": 4.08911054899281, "target_rescale": 4.059639292645722},
{"mapping": [5, 11, 10, 15, 8, 0, 6, 13, 3, 1, 2, 12, 16], "R": [[0.7886013908168592, 0.4641153279393263, 0.4033668414402544], [0.1830080327026803, 0.44910770436225866, -0.874534350296635], [-0.5870399529572161, 0.7634783770705194, 0.2692301271733085]], "T": [-0.029239441181921837, 0.042179930226999625, 0.03964613614418444], "aligned_model": [[-0.17296134774710886, 0.16911088929286353, -0.33820373476000515, -0.1334896360948385, 0.46343457733878274, 0.5540467862245059, 0.4186359390460676, -0.2584362518295374, -0.4567453950109604, 0.6494687357852746, 0.18630639686447498, -0.6775048544179244, -0.015227422118524743], [-0.306084001766334, 0.29519003916574404, -0.6843446273768742, 0.7003177974664653, -0.12959063872626025, -0.14675282142466545, -0.553404459219778, -0.06685638157397175, 0.4743235879744825, 0.415553355051199, 0.6939725948618095, -0.2034178792970701, 0.033623393091554224], [-0.5568312743199322, -0.6550020204313555, -0.12720272272883373, -0.2561468023453609, -0.41700384050774436, 0.5131025654495451, 0.023802923581323965, 0.6498181370800195, 0.659943920924872, -0.1334026356484878, 0.2631637940649484, 0.29342394445889664, 0.0843238646722411]], "inverted": true, "swapped": false, "error_lsq": 0.03835821282386599, "error_max": 0.2600398141925746, "target": "581.xyz", "model": "22.xyz", "model_rescale": 4.204369325754507, "target_rescale": 4.059639292645722},
{"mapping": [5, 9, 2, 7, 11, 3, 10, 1, 0, 13, 4, 6, 15], "R": [[0.14408820196186864, 0.06048883940578875, 0.9877143769140634], [-0.8997707141457605, 0.4234609357053548, 0.10532567539386353], [-0.4118874263934552, -0.9038926574759227, 0.11544181105686979]], "T": [0.1256312262968909, 0.14848421572809772, 0.09918170177044056], "aligned_model": [[-0.3769049511459768, 0.05670414712240754, -0.22135430313369056, -0.035881742466424116, 0.44647020399474746, 0.4611661210777248, 0.42084361095557077, -0.15175359524461704, -0.4180603525674028, 0.6539925999253435, -0.008375412076923938, -0.5584956350328674, 0.1200839911651783], [-0.21334606760561864, 0.30011654109444724, -0.6434735780217604, 0.7169138038965936, -0.15504641733225905, -0.3474492488810877, -0.5744670498054918, -0.13009218393603866, 0.38646708932730844, 0.4053844261149726, 0.8132948738934815, -0.1453418060776222, 0.1095695755593758], [-0.45561454838146936, -0.6499955420223771, 0.011265956322411785, -0.28347599533912643, -0.4701553750861344, 0.7049002238077886, 0.009208636056065755, 0.6292498806946158, 0.44622330864411897, -0.2266501354287518, 0.3725569718252446, 0.16179289972366645, 0.09268357343407889]], "inverted": false, "swapped": false, "error_lsq": 0.04266441825649059, "error_max": 0.24345963518941227, "target": "581.xyz", "model": "23.xyz", "model_rescale": 4.410303926677745, "target_rescale": 4.059639292645722},
{"mapping": [7, 13, 1, 14, 0, 4, 3, 10, 9, 5, 15, 11, 16], "R": [[0.9495785127480932, 0.2667643540945758, 0.16473441507961553], [0.2665874396592236, -0.41043152537858835, -0.872053381388631], [-0.16502055975865274, 0.8719992788757963, -0.46085298360435073]], "T": [0.04796437929447427, 0.11792999172380458, -0.0022802080531023373], "aligned_model": [[-0.18780832263080016, -0.09652698229854378, -0.2654246767894276, -0.3391974465321696, 0.478745523265578, 0.5268405097540896, 0.40203816145171517, -0.16391385996957564, -0.26704352674956067, 0.6406050687661413, 0.15974604262176295, -0.5812066386149264, 0.08158083029878666], [-0.20134778819548954, 0.43458862537129744, -0.6778737169125298, 0.6669504149923644, -0.3603952865799315, -0.05887122611417994, -0.6642759306537798, -0.16591214887889022, 0.3963479404612365, 0.32859088265941133, 0.7665905148200391, 0.05393322617222937, 0.004204451084523594], [-0.5355754630094541, -0.6130470866497036, -0.07169999210516056, -0.08493784817926578, -0.3972717841920982, 0.4595675526193743, 0.2661162085033791, 0.5439113308964322, 0.4621263472182215, -0.003297872386674835, 0.27350698591183353, 0.025463815313164172, 0.017127660310084124]], "inverted": true, "swapped": false, "error_lsq": 0.041769295207261664, "error_max": 0.22900181091594426, "target": "581.xyz", "model": "24.xyz", "model_rescale": 4.28219845311461, "target_rescale": 4.059639292645722},
{"mapping": [14, 12, 6, 13, 11, 1, 8, 0, 4, 9, 7, 2, 15], "R": [[0.3543791072702913, 0.8905264017846432, -0.28526860334570225], [-0.9340340718827099, 0.351675354908786, -0.062488377415193634], [0.04467438743302043, 0.28859517056644535, 0.956408399499507]], "T": [0.12698013111147563, 0.06732347480039323, 0.034752968864681405], "aligned_model": [[-0.26000851574226147, 0.1298778582730299, -0.28573784341414665, -0.20088271181057196, 0.3871858135970837, 0.4125863782946346, 0.3878866569321695, -0.3436280621935611, -0.16165847133271258, 0.6386244939014096, 0.15699362819980012, -0.5546989339940995, 0.0818943918622958], [-0.2239499353025634, 0.33916700108832487, -0.7312492261123335, 0.5069296607203889, -0.051771655284610016, -0.18369338935869028, -0.5706453539990668, -0.27752875395978427, 0.35960794212563224, 0.48143363651450005, 0.8274675259201423, 0.0054086644261035904, 0.04135384144825732], [-0.5530771193988723, -0.6797486760779063, 0.09911638876637488, -0.19365196643434257, -0.4284817708093087, 0.5498228712316936, 0.11763611065626961, 0.6049801523180075, 0.6396547132539491, -0.11889111292589119, 0.19854007852234085, 0.01862123489018261, 0.08746895025763493]], "inverted": true, "swapped": false, "error_lsq": 0.042448774338484915, "error_max": 0.24404741576919137, "target": "581.xyz", "model": "25.xyz", "model_rescale": 4.100010024507729, "target_rescale": 4.059639292645722},
{"mapping": [5, 9, 3, 1, 7, 11, 8, 0, 4, 2, 6, 12], "R": [[-0.40599131436150415, 0.27745870116601123, -0.8707397555011993], [-0.83047176117925, -0.5096849789883262, 0.2248063079130656], [-0.3814285077794435, 0.8143941867062532, 0.43734929074163076]], "T": [0.0076369276582764906, 0.05651188430461647, -0.016774319461190908], "aligned_model": [[-0.7675332712521857, 0.02545208846577919, 0.5070144207577828, 0.5769036312956538, -0.45533025510258107, 0.14528956109496066, -0.20106280122050885, 0.4129150434914872, 0.13410534400638874, 0.0025782299553930854, -0.4556867320065663, -0.047879657122596626], [-0.15613783084490251, -0.6751142704213449, -0.1624510476758812, -0.38447389002237664, 0.4560334696167826, 0.6052539910573163, 0.2204473714839591, 0.3496521136938326, -0.3502839285426884, 0.6861779970585514, 0.05078214764444646, 0.0262452670029447], [-0.11225330587265919, 0.05375915199220498, 0.589837239406484, 0.0019264802492435715, 0.19747513870620295, 0.1454002040976502, 0.6998236075998416, -0.29037034487657437, -0.5788994358217372, -0.5618011624426692, -0.6236070874590985, 0.04390180427546784]], "inverted": false, "swapped": true, "error_lsq": 0.04432464855619031, "error_max": 0.23275743053043735, "target": "581.xyz", "model": "26.xyz", "model_rescale": 3.6694154284099745, "target_rescale": 4.059639292645722},
{"mapping": [0, 1, 4, 6, 5, 9, 8, 10, 12, 7, 3, 2, 13], "R": [[-0.4332787460037939, -0.8026777552094406, 0.40985113096502906], [-0.7931657905545477, 0.5555463459948887, 0.2495120961911602], [-0.42796910747781697, -0.21697160815106895, -0.8773629604109009]], "T": [0.04048926367800207, -0.00915615299107031, 0.08748304389192493], "aligned_model": [[-0.2725821298712, 0.04563097086705861, -0.22617885654135786, -0.2723651021548813, 0.39220156212471646, 0.3313997828814743, 0.4409961891820139, -0.10561822012124963, -0.2982546876959309, 0.6168329174389097, 0.3918956734162977, -0.6389311495640597, -0.01659226738872137], [-0.1867825391753546, 0.4395626541714395, -0.7718382470944319, 0.5648101912597869, -0.15877669598803057, 0.10050533173384694, -0.49405203391039504, -0.4377898873271576, 0.5692798270033156, 0.21983069610222938, 0.6993597468126871, -0.011004479565975125, -0.010574605795659987], [-0.46692521056088676, -0.6729587018332722, -0.06329728334512011, -0.12198106580470627, -0.6052583594872684, 0.6942852884947658, 0.2007410666578434, 0.48348360558292636, 0.5122149190943381, -0.019855394844126878, 0.2528613231599577, 0.06480856568092058, 0.08387110145476066]], "inverted": true, "swapped": false, "error_lsq": 0.055143619300250975, "error_max": 0.36276689335811935, "target": "581.xyz", "model": "27.xyz", "model_rescale": 4.103607728864725, "target_rescale": 4.059639292645722},
{"mapping": [10, 12, 9, 13, 3, 1, 0, 7, 8, 2, 4, 6, 14], "R": [[-0.09952954661209198, 0.00502062286405619, 0.9950219408119846], [-0.9694940285844503, 0.22462382975474135, -0.09810944727907811], [-0.22399820956937277, -0.9744326187337788, -0.017489244047284136]], "T": [-0.14650991302440203, 0.0005657907390701974, -0.05097276309302067], "aligned_model": [[-0.35555481280178247, 0.2641906361842346, -0.2440097006279321, -0.24537328459064287, 0.43824528602883434, 0.47371648959334783, 0.41853155929491154, -0.3093100206288369, -0.23257907686808646, 0.5329896010768247, 0.3037040821323333, -0.6463947203818539, -0.009721355838282347], [-0.20126415925320343, 0.45556869882370815, -0.8066445216454207, 0.6355750777282857, -0.19855485679366963, -0.07587095041121883, -0.41193780224062554, -0.02249435648499492, 0.5168452045867539, 0.27926488204337413, 0.7199426303368657, -0.3518647417500088, -0.01603514671354493], [-0.46970916880541336, -0.6522971594374419, -0.14599501864607772, -0.1338085775316114, -0.4775207410194916, 0.5911623209609791, 0.09136718674436983, 0.6511992956912721, 0.5801592695902849, -0.09488099779259879, 0.2674822703886564, 0.11387614346852448, 0.02095503063867999]], "inverted": true, "swapped": false, "error_lsq": 0.041451463229044486, "error_max": 0.25623411417194764, "target": "581.xyz", "model": "28.xyz", "model_rescale": 4.137296879288765, "target_rescale": 4.059639292645722},
