[{"mapping": [13, 12, 6, 2, 0, 9, 8, 11, 4, 7, 1, 14], "R": [[0.017435544209014914, 0.8161382257602494, -0.5775936272597265], [0.33134571824325465, 0.5403212355881318, 0.7734746132707759], [0.9433483008942124, -0.20486912609133406, -0.2610031118101389]], "T": [0.02344647409954697, -0.048647842649859344, 0.004482422045723593], "aligned_model": [[-0.24811521619229732, 0.20522205318504946, 0.5074021351346079, -0.20498574844735645, -0.05845760581708354, -0.595148991815828, 0.23589915057050104, -0.3014315049166035, 0.5590690133086155, 0.13243903997884035, -0.4016164486941428, 0.00736658616624631], [-0.4307307761481693, -0.8079469995785568, -0.2847574256123114, 0.6419390195367731, 0.44297771597990016, -0.4384380557027394, -0.2091921537981578, -0.5557765945002825, 0.1673123474718382, 0.39561998427297995, 0.08742814798392674, 0.045119826071856356], [-0.5069425694396058, -0.07213967623059246, -0.6139321062579539, -0.01927219736625195, -0.5669522185569837, 0.06704711664544492, 0.7493479239388205, 0.5905304091114173, -0.21035803697797537, 0.39019152134646745, 0.4077600180294991, -0.03332843888872379]], "inverted": true, "swapped": true, "error_lsq": 0.04234538984439695, "error_max": 0.27145147832747346, "target": "582.xyz", "model": "0.xyz", "model_rescale": 3.751011558992144, "target_rescale": 3.926566588186533},
{"mapping": [5, 12, 13, 2, 8, 9, 4, 3, 7, 11, 1, 11, 6, 10, 14], "R": [[0.5861829788811144, 0.5086661585737526, -0.6305935730657942], [-0.6703407118260487, -0.1326179838301608, -0.7301067048270202], [-0.4550086211695437, 0.8506886677784331, 0.2632412300053799]], "T": [0.014228237578492687, -0.1167426860152216, 0.0002969548201332932], "aligned_model": [[0.30183677031396144, -0.5361942936450816, -0.2384190976146247, -0.1947222227317546, 0.3894020170724094, 0.19192044343537243, 0.6628784652664466, -0.6924127793321294, -0.48035630827185993, -0.012287819781616848, -0.06719958745426806, -0.012287819781616848, 5.695196002892741e-06, 0.7138086904349469, -0.004968740035815119], [-0.2609125785405966, 0.35527895216768307, -0.09357073594585312, -0.7560362891007715, -0.6635947626327203, 0.29750172575164113, -0.28083463444134993, -0.26871311990832614, 0.047206554857639596, 0.6720635995955013, -0.3937320705459328, 0.6720635995955013, 0.2890464347258079, 0.3110871513345714, -0.07058310981810519], [-0.5350369792645583, -0.161584836267597, -0.6802429654272965, -0.48072435050650136, -0.024516219488126486, -0.48034497908902535, 0.4220797004272653, -0.24662276888503876, 0.4103991338200225, 0.11782368118382423, 0.6345933678665637, 0.11782368118382423, 0.6318495290738854, -0.0013056628101601915, -0.02216594835701319]], "inverted": true, "swapped": false, "error_lsq": 0.051421317064995115, "error_max": 0.43843677660139646, "target": "582.xyz", "model": "1.xyz", "model_rescale": 3.9405287249114394, "target_rescale": 3.926566588186533},
{"mapping": [12, 9, 13, 7, 1, 6, 10, 8, 2, 0, 3, 4, 14], "R": [[0.943300280289463, -0.33152473539972027, 0.0166111716614587], [-0.1486377123017692, -0.4666107516263913, -0.8718837290306265], [0.2968019738605481, 0.819979119420001, -0.4894311310365156]], "T": [0.0064728547342446235, 0.007816095710181416, -0.0559648525214744], "aligned_model": [[-0.22558744610041337, 0.17224196383963342, -0.4654167528491234, 0.41046790873019856, 0.5229769348605031, -0.7453159746525159, -0.06231942902526126, 0.6371492076109692, 0.1450826927770259, -0.4448452211610472, -0.1288008775236606, -0.30802863058459073, -0.011621096637786526], [0.7565314931096532, 0.32525430577738573, 0.25443538699605334, -0.3420169623210774, -0.10226968682549967, 0.1832301875139631, 0.36993273226284307, 0.32626735829071335, -0.6978237113230042, -0.5862701899001702, -0.7580738766675417, -0.17783701063400006, -0.0925274327073014], [-0.023999444933819364, -0.6964839286690637, -0.5006982165060938, 0.21316266111172746, -0.34394512733169147, 0.22051443827185915, 0.5870313568258174, 0.29980384027651097, -0.16783778040765748, -0.19129776169594534, 0.3416914025819956, 0.4403298894380654, -0.0651509793730608]], "inverted": true, "swapped": true, "error_lsq": 0.05157217530512605, "error_max": 0.3061381110968443, "target": "582.xyz", "model": "2.xyz", "model_rescale": 3.932901565614263, "target_rescale": 3.926566588186533},
{"mapping": [5, 13, 0, 9, 2, 7, 4, 1, 11, 8, 10, 12, 10, 14], "R": [[0.6827906685410227, -0.4724565097547159, 0.5572986177478783], [0.3122218982894189, 0.8783076321395542, 0.36206793499833956], [-0.6605409822121981, -0.07321577504747202, 0.7472115236680595]], "T": [0.059364436815148316, -0.13259987393344555, -0.03679306178751543], "aligned_model": [[-0.2785353428008706, 0.32860167938856066, 0.1450092127121751, -0.2514676106864839, -0.3630114529406258, -0.27309476801486277, 0.47303694614597575, -0.5311340040732885, -0.31169750933443563, -0.1718427327055656, 0.5421342501988152, 0.5366793633088458, 0.5421342501988152, 0.032997630655648556], [0.07478984468782751, 0.34487998920884344, -0.5009390765010628, 0.5180345985121325, -0.6074789708371511, -0.5774925100178269, -0.5884392836179057, -0.03935163192157176, 0.4574830720290054, -0.1188265123735939, -0.26115608686973224, 0.42719759841264904, -0.26115608686973224, -0.20404830549139288], [-0.5762765223668235, -0.46201409739804755, -0.6940089478547635, -0.17306236561135363, -0.3913973871176559, 0.1858416395076156, -0.009004239175839396, 0.029872818941341084, 0.43256039175330663, 0.7195724389895695, 0.5106661324991701, 0.235687703974044, 0.5106661324991701, -0.10520733558263608]], "inverted": false, "swapped": true, "error_lsq": 0.0531796109001472, "error_max": 0.3971929758360993, "target": "582.xyz", "model": "3.xyz", "model_rescale": 3.9243930471874484, "target_rescale": 3.926566588186533},
{"mapping": [0, 4, 2, 5, 1, 6, 13, 7, 8, 10, 11, 12, 14], "R": [[-0.6233238910937297, 0.4391489098070209, -0.6470050709284104], [-0.7750107608140924, -0.23685112006879422, 0.5858838345137365], [0.10404637146068074, 0.8666312837288201, 0.4879800924714075]], "T": [0.03887576520368588, -0.07663718069833811, -0.09204823073935474], "aligned_model": [[0.03794061412522784, -0.3553804793132659, 0.5159035276843661, 0.42171546250067915, 0.6146766768198801, -0.7359147961110837, -0.20509603616384015, 0.3653044946350664, 0.1894563602034561, -0.4921460333477857, 0.3333581264134168, -0.48787778297579965, 0.0752657518410347], [-0.6323502332569957, 0.02112486284761228, -0.26826173304242806, -0.6170090427217314, 0.01924181929413249, -0.31331176384089715, -0.6258606183915686, 0.27466192666957834, 0.6725107458736146, 0.43954734258021033, 0.270560428187569, 0.010384151136864611, -0.12340833165437379], [-0.6079199642101442, -0.5553961859099725, -0.6071990059765735, 0.006243058803045945, 0.05317060593735602, -0.21886334665021834, 0.2545351174563156, -0.4499001728933756, 0.11249540767227618, -0.1216176304442018, 0.6142884274251412, 0.48276174142076334, -0.1755277372594483]], "inverted": false, "swapped": true, "error_lsq": 0.043416114700715755, "error_max": 0.2864786503411964, "target": "582.xyz", "model": "4.xyz", "model_rescale": 3.8936222436046832, "target_rescale": 3.926566588186533},
{"mapping": [6, 12, 10, 4, 8, 11, 9, 1, 2, 13, 7, 14], "R": [[0.31427494676592416, -0.4564158855476257, -0.8324156397227604], [-0.9396933649834109, -0.27419406244524924, -0.204435799032178], [-0.13493567964563669, 0.8464645034137861, -0.5150633037006448]], "T": [0.038118878704600734, -0.028828651674732614, -0.018985347635282167], "aligned_model": [[0.17292045284766894, -0.5330950580920076, -0.33634433617535864, 0.2774517752434813, -0.5646062127527086, -0.6795586968108784, -0.23599334652962128, -0.05140325417559424, 0.6215635241986943, 0.07913105085114962, 0.1408411464178435, 0.13664099719242864], [-0.5960391179789741, -0.535141703744394, 0.014323465582896128, 0.0030330328995801514, 0.476654654545832, 0.0736008511572047, -0.2964916903020519, 0.31664123725214366, 0.35136351657733456, -0.6953116809082485, 0.5585434521712463, -0.0022531121427617692], [-0.5956118891290998, -0.20012134218631164, -0.6571233871580772, -0.5858992112425148, -0.10231795081263237, 0.40601419342160394, 0.6068980978904475, 0.46522981791900564, 0.19244321550122476, 0.1691821710818042, -0.06865362804121625, -0.010755367968715533]], "inverted": false, "swapped": true, "error_lsq": 0.05040875284072548, "error_max": 0.3068686667349204, "target": "582.xyz", "model": "5.xyz", "model_rescale": 3.6523030999806103, "target_rescale": 3.926566588186533},
{"mapping": [2, 1, 9, 0, 13, 7, 11, 4, 8, 10, 12, 6, 14], "R": [[-0.9109839444246712, 0.14267879282529544, 0.38697676296954076], [-0.31499916480272505, -0.8463534877005332, -0.42948958081742716], [0.2662400780762607, -0.5131554695558258, 0.8159581391780383]], "T": [0.09508721991444818, -0.069747669145512, 0.062374064861789404], "aligned_model": [[0.1981705368866497, -0.24159096409676717, 0.08016884557912453, 0.7073085933585923, 0.6060992326752093, -0.26689056550729295, -0.48273637463202784, 0.2579401633832886, -0.6801291434273602, -0.16064897606505735, 0.09195098414734099, 0.6299671844233394, 0.1414733879392552], [-0.5843944804640328, -0.0055890141412879984, 0.5551782642825448, -0.4658281278876591, 0.3994562363896428, -0.520213279888492, 0.5223250025682935, -0.5003296023808881, -0.030142673391533897, -0.14374563791440226, 0.5283999853513657, -0.0683729047424946, -0.14591686361787318], [0.5665250995999841, 0.5567013353843584, 0.4467646494102262, 0.2703326587850368, 0.06062493211666012, 0.2175436725116482, 0.20984392734834648, -0.34721701003426403, -0.08996196439799345, -0.629311022943389, -0.44522623483656865, -0.5591554030007161, 0.11264509953846025]], "inverted": true, "swapped": true, "error_lsq": 0.042131528141239646, "error_max": 0.2353570776775843, "target": "582.xyz", "model": "6.xyz", "model_rescale": 4.08911054899281, "target_rescale": 3.926566588186533},
{"mapping": [2, 11, 1, 0, 6, 13, 7, 9, 8, 12, 4, 10, 5, 13, 14], "R": [[-0.7899914604779132, -0.5024340606085208, 0.35138797235023206], [-0.09661566327048055, -0.4639417489359566, -0.8805813234477844], [0.6054576004831216, -0.7296013077939756, 0.3179670198032205]], "T": [-0.04162138068033678, -0.028872164073335718, 0.04410967738983824], "aligned_model": [[0.4748527266335714, -0.30232083636962276, -0.14477827689364958, -0.13691735593661666, 0.156591635088433, 0.3919820568023264, 0.7162389035312952, -0.729638261576613, -0.6445336666448432, 0.2192346831319591, -0.15503202936283106, -0.3311702341808011, 0.287940985535116, 0.3919820568023264, -0.1734289734896772], [-0.40185150726902685, 0.43990452370945476, -0.1412335942791913, -0.8721827677598161, -0.48522951117665786, 0.35803068889043327, -0.12940341318558407, -0.18203616709515946, -0.05539009701902124, 0.6308306087220792, -0.30788836888340704, 0.5085220025656954, 0.15948364589736824, 0.35803068889043327, -0.023316014912909605], [-0.45013767901671586, -0.19424986983213266, -0.6733020751073769, -0.3613555935197521, 0.0840163006263751, -0.40107428876723034, 0.16588907673162595, -0.2990096425090576, 0.3618242473269525, 0.11301746758509854, 0.6813988361875187, 0.4270507558874204, 0.7047245161635977, -0.40107428876723034, -0.0556933795290244]], "inverted": true, "swapped": false, "error_lsq": 0.05570256875401755, "error_max": 0.46417579941762743, "target": "582.xyz", "model": "7.xyz", "model_rescale": 3.964800864290218, "target_rescale": 3.926566588186533},
{"mapping": [9, 1, 11, 5, 12, 2, 13, 8, 7, 4, 0, 6, 10, 14], "R": [[0.6615003825576533, 0.18154879769787652, -0.7276381504089335], [-0.732396228582276, -0.052275498496990314, -0.6788689392035473], [-0.16128548674489185, 0.9819915001217406, 0.09838539248342026]], "T": [0.023168168286451393, -0.03062447065211118, 0.10626120756544523], "aligned_model": [[-0.19130386286079115, 0.05647356535709035, 0.41447124691537407, -0.547698317861608, 0.25550911899748846, -0.29732922440391907, -0.43776795413037267, 0.7643775161664549, 0.2768994551842662, 0.11391805026198902, -0.5889036853770023, -0.1185263461409, 0.5996184279129584, -0.03855010056015516], [0.0399151805806127, -0.4849029752866819, -0.031110769832052097, -0.22177341673704687, 0.6735262342359071, -0.6452974040852956, 0.4393397836540558, -0.2059752296511462, -0.5415856080321964, 0.08586719468625853, -0.16210211676436434, 0.6313252024599271, 0.32538139469580774, -0.09165900374258334], [-0.5919772954639764, -0.2866125300860795, -0.6374182795224888, -0.18665976487691216, -0.1499379029661181, 0.3278788572443982, -0.11273681148129776, -0.10727109777960252, 0.28671602428008314, 0.7044926693658112, 0.534073305584567, 0.5690166944910011, 0.4067106775640775, 0.16054049237155793]], "inverted": true, "swapped": true, "error_lsq": 0.040854015989189994, "error_max": 0.263347718922811, "target": "582.xyz", "model": "8.xyz", "model_rescale": 4.121658175737393, "target_rescale": 3.926566588186533},
{"mapping": [1, 7, 8, 11, 2, 5, 4, 13, 10, 0, 9, 12, 14], "R": [[-0.19632599983050159, 0.3383398302297721, -0.9203163918298116], [0.1150711557659178, -0.924146847787894, -0.3642955295284246], [-0.9737631800911606, -0.17742255494662562, 0.14250089857598036]], "T": [0.0022414794777865996, -0.08678556870213075, -0.01974728985093145], "aligned_model": [[-0.4262398009187988, -0.1795502012560968, 0.25782697669319515, 0.03383629141341634, -0.591405990371252, -0.5645743991427141, 0.3078081870822835, 0.01813901030819827, 0.6982594900553071, -0.34751817292925086, -0.26460977843760974, 0.6006214737572988, -0.06585558981877973], [0.20088948849416446, -0.3243518763536738, 0.210091780608653, 0.6963193648395585, -0.4854463398140705, 0.055580821589529206, -0.6218703021488398, 0.143258416508915, -0.20058423154516278, -0.6322306320672515, 0.5625683664250491, 0.3487618049359763, -0.16259922206113714], [-0.32873731687469304, -0.5379546084251169, -0.7069700518223057, -0.3229402090758972, -0.15505452389321422, 0.306872873874432, -0.019532125504716405, 0.6345582007284485, -0.24759319237036626, 0.3740793028069107, 0.19389019454036827, 0.24042262495814898, -0.009965734982910028]], "inverted": true, "swapped": true, "error_lsq": 0.04584433243143248, "error_max": 0.29570105997976665, "target": "582.xyz", "model": "9.xyz", "model_rescale": 3.833441315466971, "target_rescale": 3.926566588186533},
{"mapping": [4, 13, 2, 3, 7, 5, 6, 9, 8, 0, 11, 10, 12, 1, 14], "R": [[0.08310446317257485, 0.2940820234085529, 0.9521603917978996], [-0.2102147375051176, 0.9391389445779099, -0.2717127286542615], [-0.9741167344504729, -0.17757760637259745, 0.13986701318940847]], "T": [0.06257735401494648, -0.0024302985717778326, 0.043773164860524495], "aligned_model": [[0.549123871126187, -0.2870521584549732, -0.3598166724581913, -0.06520143460230833, -0.09806101291681323, 0.20764026060074087, 0.7107522474939567, -0.5976729177906845, -0.6856125457638185, 0.1154598619034428, -0.1504603776265735, -0.37811135594939477, 0.4121646738790385, 0.6388534533335807, 0.0089975202961831], [-0.3711229020912475, 0.5355884334328558, -0.04607732406530539, -0.6990805668564166, -0.6143785540350768, 0.2649645169917044, -0.20260289086592903, -0.42055553987300637, -0.024274343550211838, 0.6754624946705247, -0.2280922082171307, 0.4778724498802117, 0.11910013716943015, 0.4588418839117371, -0.06937486940744937], [-0.4693065861404242, -0.42949376768053904, -0.5361651753904132, -0.458892563657026, 0.2526478270068423, -0.5602897186289871, 0.07586379904915702, -0.17336961696768757, 0.2612451721275793, 0.005201634773702467, 0.6512504965164629, 0.5446293061419306, 0.5192088769074489, 0.01651946905941152, 0.0029752303426111015]], "inverted": true, "swapped": false, "error_lsq": 0.05313499850878093, "error_max": 0.30092509830223835, "target": "582.xyz", "model": "10.xyz", "model_rescale": 4.2482417240324, "target_rescale": 3.926566588186533},
{"mapping": [10, 8, 11, 1, 6, 13, 12, 5, 7, 0, 4, 14], "R": [[0.23940139813065048, -0.7563890245239648, 0.6087385433441641], [-0.945409184070249, -0.038823817916005365, 0.3235648093319965], [-0.22110731613566326, -0.6529688773150754, -0.7243916068047545]], "T": [0.03651648958732873, 0.05976859324766409, -0.09678925708900249], "aligned_model": [[-0.618922973381239, -0.0258614248038704, 0.408249456540432, 0.5553404018780873, -0.6010188741861732, 0.13095569250000716, -0.263276916288171, 0.5936537887931758, 0.07981456505663256, 0.0582750887062698, -0.4973476662018908, 0.056904463749746614], [-0.2275690042702953, -0.6979788415485004, -0.38878310711926817, -0.2422554819063389, 0.5646761756865426, 0.6509204372066635, 0.1549924703551384, 0.4216324495555107, -0.37665470825811403, 0.5910887229955122, 0.12377315498454569, 0.0922891223692434], [0.09593120742924643, 0.1215294373653325, 0.5088455245450403, -0.13462031636592686, 0.008159963801680409, 0.25379507792569755, 0.6218934572091461, -0.17974551076899498, -0.5038331973491864, -0.6373140019202352, -0.39775305939754785, -0.19169629261989524]], "inverted": true, "swapped": true, "error_lsq": 0.040823033882447755, "error_max": 0.20046251455255285, "target": "582.xyz", "model": "11.xyz", "model_rescale": 3.6694154284099745, "target_rescale": 3.926566588186533},
{"mapping": [5, 2, 7, 3, 0, 9, 13, 12, 4, 10, 8, 6, 1, 14], "R": [[-0.645176987002479, 0.7364154667357238, 0.20356550737983414], [0.7498893248174255, 0.6613725619076924, -0.01588505210949659], [-0.14633063919517642, 0.14240293082679809, -0.9789324539132767]], "T": [-0.027475275483830726, 0.0364586159698123, 0.007709121564786335], "aligned_model": [[-0.08032500131908019, 0.11985364004562091, -0.13769591456870645, 0.5374386903860175, 0.5661414764627242, -0.503554781331166, 0.12938291826700116, -0.1387367228823528, 0.47379227101296245, 0.07805961295887384, -0.5872931169198439, 0.6229340919935774, -0.5094192766013743, 0.02768696275155586], [-0.36669018234675294, 0.3042814408808014, 0.5835961228918531, 0.5888333526148626, -0.04695351925272355, -0.5065202091780878, -0.6375566521346595, -0.35619251686014025, 0.3419102147710687, 0.35261543875616463, 0.48965790396930464, -0.18793106031932338, 0.11064200611687802, 0.061294948227008275], [-0.5241810114401784, -0.652761090913807, -0.2079682995481811, -0.36481106732725166, -0.45662167021172057, -0.1228029514644507, 0.05657185824510604, 0.6777050133573456, 0.19510415532642372, 0.6696851126211629, 0.33474065102163386, 0.4538192802746508, -0.34450499995284295, -0.0748795203354754]], "inverted": true, "swapped": true, "error_lsq": 0.04214147749503137, "error_max": 0.2852822228589113, "target": "582.xyz", "model": "12.xyz", "model_rescale": 3.9764082729961374, "target_rescale": 3.926566588186533},
{"mapping": [8, 4, 7, 2, 1, 3, 10, 0, 5, 14, 12, 6, 13, 11, 15], "R": [[0.4925336227508989, 0.26401063726238533, -0.8292822281178973], [-0.3708191627923027, -0.7983881420927669, -0.4744149271172602], [-0.7873396846126142, 0.541179044289382, -0.29533280050841]], "T": [-0.05900880621024405, -0.03326281804741397, 0.060139127465835655], "aligned_model": [[0.4611164467549037, -0.6438380686598539, -0.32256227481259825, -0.04360291658538149, 0.15120652116597302, 0.3035819648031558, 0.6432597631176564, -0.6175486898000654, -0.8131090923829919, 0.2910950830026967, 0.08548750229088686, -0.2881214695118408, 0.20462524553544156, 0.6912026511019607, -0.08178925294957083], [-0.23304398218377412, 0.273288411934206, -0.0647231208892535, -0.6413538095006466, -0.6293016224496171, 0.3497141757305087, -0.38886395758652326, -0.37939522799534725, 0.0061452789178525966, 0.6849525944671008, -0.30196567526520757, 0.6453806586489836, 0.27641769600784977, 0.21619524895543327, 0.04282404830312513], [-0.37484368177242655, -0.2224644800104827, -0.6473801425584922, -0.45585265404275627, 0.12234714980940073, -0.5958334347090959, 0.22296905423268026, -0.24862208565097693, 0.42428699045898016, 0.04009099638966362, 0.6206149309585538, 0.3258630909157036, 0.5173869947779967, -0.014010322121542997, -0.012528023217136634]], "inverted": true, "swapped": false, "error_lsq": 0.0430847248949224, "error_max": 0.24150967738730783, "target": "582.xyz", "model": "13.xyz", "model_rescale": 4.170626492500431, "target_rescale": 3.926566588186533},
{"mapping": [4, 3, 10, 7, 12, 11, 8, 0, 13, 2, 5, 1, 9, 14], "R": [[-0.9858226765389866, -0.0770057615465266, 0.1490763667056201], [-0.029314339077994703, -0.7957591933086372, -0.6049032780446869], [0.16520992689886824, -0.600697443771344, 0.7822200848230912]], "T": [0.025561318068634195, 0.03839609023120873, 0.02005044615334134], "aligned_model": [[0.0867114000985027, -0.06310526369802927, -0.16904019248369173, -0.47254624130821793, 0.26045408988682817, -0.3507519365808485, -0.6790631356726026, 0.45945128734768137, 0.6547694505125218, -0.08852934482992307, 0.3195842915803411, -0.32260538037254954, 0.16730178932809575, 0.04055220828353517], [-0.3815961425096292, -0.8290485501682537, 0.1150699774762406, -0.28445110796506556, 0.6503961880619938, 0.7681544208145302, 0.33867682108986863, -0.5507393623187352, 0.3168040387559312, -0.5266559731465116, 0.035065273176712666, 0.160924615887715, 0.5964326339197729, -0.0529583651489043], [-0.4266641416594924, -0.031862584683930495, -0.6909743980775311, 0.095438353987002, -0.41091333748913744, 0.19898794548228393, -0.17761364607653657, 0.21904901346868266, 0.10879041395442544, 0.46429729507615963, 0.6215224383508786, 0.49501854348235413, 0.47504050798820496, 0.06375669731750291]], "inverted": true, "swapped": true, "error_lsq": 0.04300862211899792, "error_max": 0.24951834093292255, "target": "582.xyz", "model": "14.xyz", "model_rescale": 3.9786697098870705, "target_rescale": 3.926566588186533},
{"mapping": [2, 8, 0, 5, 4, 6, 11, 12, 13, 9, 10, 14], "R": [[-0.8585924165289106, -0.05911264480421202, 0.5092393911543933], [-0.389787860620392, 0.720482098758115, -0.5735599088866656], [-0.33299322214126814, -0.6909495210168057, -0.6416418575923979]], "T": [-0.012262596820923115, -0.032961139857380195, -0.1172008396060938], "aligned_model": [[0.14496483942145955, -0.7939035262127694, 0.5869488108044315, 0.4366778011657091, 0.013024474572623554, 0.3721016886408474, -0.4809136409826876, -0.06471329739760412, 0.5311968999426249, 0.12036818477733238, -0.4183363625477744, 0.03593872458314343], [-0.3594414166367597, -0.08196819585532328, 0.011011401399775245, -0.5296118296484427, 0.494714834466823, 0.6780725357939019, -0.45062085543571273, 0.3002520362888951, -0.023668811728554263, -0.548779331399966, 0.5757302450784059, -0.051016122098603206], [-0.748347366676165, -0.005975853860650679, -0.579752048957866, -0.12164742016387055, -0.4343843215231448, 0.02097496863447977, 0.44146191746283087, 0.5910832983359419, 0.31390711628902107, 0.38762761709934807, 0.0007137765422715464, -0.205695189308366]], "inverted": true, "swapped": true, "error_lsq": 0.050848172850270885, "error_max": 0.2686748165507023, "target": "582.xyz", "model": "15.xyz", "model_rescale": 3.769337070930944, "target_rescale": 3.926566588186533},
{"mapping": [13, 6, 5, 0, 9, 12, 1, 10, 7, 3, 14], "R": [[-0.6734625224629459, 0.5137520170780063, 0.5315139657489029], [-0.3884135485108371, 0.36583442833780533, -0.8457541524438239], [-0.628954009583424, -0.7760309504079275, -0.04682753290429964]], "T": [0.09078733641382541, 0.05759844181047537, 0.03380343702778869], "aligned_model": [[-0.15371631738535887, -0.3917178932528184, -0.11597799381500515, -0.6323115939438182, 0.38946907603569214, 0.35863195941111714, 0.42477451403100164, 0.2792676616649158, 0.2121465369993309, -0.46344337268471236, 0.015503553630825853], [-0.06692365525658237, -0.5946345675640228, 0.5598279891192577, 0.28314190382827786, 0.3259865784752237, -0.5454873254601186, 0.5578756619489446, -0.5879514807127232, 0.3176295342442945, 0.22992294425499088, 0.11667691474779955], [-0.6033785246138429, -0.0852686027559939, -0.35765887369748256, 0.06843868413841009, -0.5804181257386984, -0.39045513042352803, 0.03200033382158515, 0.345324586440766, 0.5588563544942157, 0.6866047211870884, 0.0701721843712571]], "inverted": false, "swapped": true, "error_lsq": 0.04712571630983797, "error_max": 0.2566655840147153, "target": "582.xyz", "model": "16.xyz", "model_rescale": 3.7852294659196426, "target_rescale": 3.926566588186533},
{"mapping": [13, 10, 8, 12, 6, 4, 3, 7, 9, 5, 0, 1, 14], "R": [[-0.35719542261413006, 0.8953651376432803, -0.2659562000716341], [0.034007543806604146, -0.2720848934772233, -0.961672136284363], [-0.9334103690380536, -0.35254940226090037, 0.06673830937120728]], "T": [0.0477589910186024, 0.054179030180283305, 0.03396561158863074], "aligned_model": [[0.11661013731939551, -0.43565513421465196, 0.22275746358630186, -0.02514341839457826, -0.6183956962655036, -0.553967485859576, -0.4418464240319825, 0.05503731654444643, 0.6814374917784575, 0.4584715928478432, -0.21654464027721934, 0.5811537792529463, 0.02985086793040375], [-0.017910225127958118, -0.45194908965041797, -0.41036553327681974, -0.6484306631986858, -0.10560049276613723, 0.13803226358430182, 0.7016359768048788, 0.2778562532741773, -0.1032640546560519, 0.4534497535637665, 0.7075699275793665, 0.17919520033579764, 0.15483630723665653], [-0.6525846782975341, 0.27778946573267077, 0.6498463749297425, -0.3073163455676629, -0.416706977424807, 0.13682771992376963, 0.35661552941187935, 0.5888893149800334, -0.30095875952399337, -0.31262811143657976, -0.2456152217415912, 0.2823381947523543, 0.03925819140489244]], "inverted": false, "swapped": true, "error_lsq": 0.04379893490478855, "error_max": 0.21808193905326984, "target": "582.xyz", "model": "17.xyz", "model_rescale": 3.901054581598922, "target_rescale": 3.926566588186533},
{"mapping": [5, 12, 13, 2, 8, 9, 4, 3, 7, 11, 1, 11, 6, 10, 14], "R": [[0.5861829788811144, 0.5086661585737526, -0.6305935730657942], [-0.6703407118260487, -0.1326179838301608, -0.7301067048270202], [-0.4550086211695437, 0.8506886677784331, 0.2632412300053799]], "T": [0.014228237578492687, -0.1167426860152216, 0.0002969548201332932], "aligned_model": [[0.30183677031396144, -0.5361942936450816, -0.2384190976146247, -0.1947222227317546, 0.3894020170724094, 0.19192044343537243, 0.6628784652664466, -0.6924127793321294, -0.48035630827185993, -0.012287819781616848, -0.06719958745426806, -0.012287819781616848, 5.695196002892741e-06, 0.7138086904349469, -0.004968740035815119], [-0.2609125785405966, 0.35527895216768307, -0.09357073594585312, -0.7560362891007715, -0.6635947626327203, 0.29750172575164113, -0.28083463444134993, -0.26871311990832614, 0.047206554857639596, 0.6720635995955013, -0.3937320705459328, 0.6720635995955013, 0.2890464347258079, 0.3110871513345714, -0.07058310981810519], [-0.5350369792645583, -0.161584836267597, -0.6802429654272965, -0.48072435050650136, -0.024516219488126486, -0.48034497908902535, 0.4220797004272653, -0.24662276888503876, 0.4103991338200225, 0.11782368118382423, 0.6345933678665637, 0.11782368118382423, 0.6318495290738854, -0.0013056628101601915, -0.02216594835701319]], "inverted": true, "swapped": false, "error_lsq": 0.051421317064995115, "error_max": 0.43843677660139646, "target": "582.xyz", "model": "18.xyz", "model_rescale": 3.9405287249114394, "target_rescale": 3.926566588186533},
{"mapping": [10, 13, 14, 3, 1, 11, 6, 12, 4, 9, 0, 7, 8, 5, 15], "R": [[-0.7447043350796758, 0.02522973554716277, 0.6669174714743632], [-0.02588772107160927, -0.9996251573877999, 0.008909018752633854], [0.6668922545743475, -0.010630388592918693, 0.7450783285179532]], "T": [-0.06165201219049581, -0.03308281981886774, -0.024372026350488275], "aligned_model": [[0.35051375424110637, -0.42913837854867637, -0.2971423108330001, -0.09335935394451561, 0.1096233522802516, 0.19437453821431577, 0.5146968160610551, -0.5066758205350481, -0.5854864056659853, 0.1329792799291904, -0.06499636609965159, -0.26112047932940907, 0.29555788514903875, 0.6881917611548054, -0.027014859003105136], [-0.22289038322963117, 0.39692405350292886, -0.10120215879855862, -0.7667888081543727, -0.6447630709521107, 0.38464337264749987, -0.245543193303599, -0.33967336471599374, -0.025405185025323802, 0.7092917177324793, -0.28585766534753937, 0.5350391647130407, 0.20301169192903462, 0.3024569823891054, -0.042972436292269406], [-0.6662415666781509, -0.38683265153457685, -0.7589760264610372, -0.4557636837031527, 0.15460127858190628, -0.5527359497169306, 0.40102904730120414, -0.11434485555790652, 0.48572954270436286, -0.021447461463226784, 0.6149776046972175, 0.3404228341534954, 0.5992726050712498, 0.10372949381372507, -0.04139582774811079]], "inverted": true, "swapped": false, "error_lsq": 0.031418972247417826, "error_max": 0.22649594147846883, "target": "582.xyz", "model": "19.xyz", "model_rescale": 4.410303926677745, "target_rescale": 3.926566588186533},
{"mapping": [9, 1, 11, 5, 12, 2, 13, 8, 7, 4, 0, 6, 10, 14], "R": [[0.6615003825576533, 0.18154879769787652, -0.7276381504089335], [-0.732396228582276, -0.052275498496990314, -0.6788689392035473], [-0.16128548674489185, 0.9819915001217406, 0.09838539248342026]], "T": [0.023168168286451393, -0.03062447065211118, 0.10626120756544523], "aligned_model": [[-0.19130386286079115, 0.05647356535709035, 0.41447124691537407, -0.547698317861608, 0.25550911899748846, -0.29732922440391907, -0.43776795413037267, 0.7643775161664549, 0.2768994551842662, 0.11391805026198902, -0.5889036853770023, -0.1185263461409, 0.5996184279129584, -0.03855010056015516], [0.0399151805806127, -0.4849029752866819, -0.031110769832052097, -0.22177341673704687, 0.6735262342359071, -0.6452974040852956, 0.4393397836540558, -0.2059752296511462, -0.5415856080321964, 0.08586719468625853, -0.16210211676436434, 0.6313252024599271, 0.32538139469580774, -0.09165900374258334], [-0.5919772954639764, -0.2866125300860795, -0.6374182795224888, -0.18665976487691216, -0.1499379029661181, 0.3278788572443982, -0.11273681148129776, -0.10727109777960252, 0.28671602428008314, 0.7044926693658112, 0.534073305584567, 0.5690166944910011, 0.4067106775640775, 0.16054049237155793]], "inverted": true, "swapped": true, "error_lsq": 0.040854015989189994, "error_max": 0.263347718922811, "target": "582.xyz", "model": "20.xyz", "model_rescale": 4.121658175737393, "target_rescale": 3.926566588186533},
{"mapping": [2, 1, 9, 0, 13, 7, 11, 4, 8, 10, 12, 6, 14], "R": [[-0.9109839444246712, 0.14267879282529544, 0.38697676296954076], [-0.31499916480272505, -0.8463534877005332, -0.42948958081742716], [0.2662400780762607, -0.5131554695558258, 0.8159581391780383]], "T": [0.09508721991444818, -0.069747669145512, 0.062374064861789404], "aligned_model": [[0.1981705368866497, -0.24159096409676717, 0.08016884557912453, 0.7073085933585923, 0.6060992326752093, -0.26689056550729295, -0.48273637463202784, 0.2579401633832886, -0.6801291434273602, -0.16064897606505735, 0.09195098414734099, 0.6299671844233394, 0.1414733879392552], [-0.5843944804640328, -0.0055890141412879984, 0.5551782642825448, -0.4658281278876591, 0.3994562363896428, -0.520213279888492, 0.5223250025682935, -0.5003296023808881, -0.030142673391533897, -0.14374563791440226, 0.5283999853513657, -0.0683729047424946, -0.14591686361787318], [0.5665250995999841, 0.5567013353843584, 0.4467646494102262, 0.2703326587850368, 0.06062493211666012, 0.2175436725116482, 0.20984392734834648, -0.34721701003426403, -0.08996196439799345, -0.629311022943389, -0.44522623483656865, -0.5591554030007161, 0.11264509953846025]], "inverted": true, "swapped": true, "error_lsq": 0.042131528141239646, "error_max": 0.2353570776775843, "target": "582.xyz", "model": "21.xyz", "model_rescale": 4.08911054899281, "target_rescale": 3.926566588186533},
{"mapping": [9, 7, 12, 14, 15, 10, 11, 13, 4, 6, 2, 0, 1, 8, 16], "R": [[-0.6949030688113564, 0.6946846395132114, 0.18580359679230968], [-0.2703698174956325, -0.01297485544099497, -0.9626691097743107], [-0.666340668685274, -0.7191974031868338, 0.1968380260655373]], "T": [0.03079226101642387, -0.0413492200521012, -0.03084104191684276], "aligned_model": [[0.31467859498862527, -0.3476886118147615, -0.31219811644546047, -0.12975392084293189, 0.29273878424174593, 0.16537122529877313, 0.7415698862653964, -0.6043552685142383, -0.5541508026150465, 0.12721463757976711, -0.17219887313320587, -0.34505765594286625, 0.29572867459764113, 0.5601674331143868, -0.011062573707452686], [-0.3295452456286543, 0.4461696923164229, -0.21400814837398416, -0.618185259955518, -0.6550100900245761, 0.32399632732077266, -0.19652198797111747, -0.027487446924483232, -0.06581158517920223, 0.6974814060079877, -0.3984136156187789, 0.5138882525165209, 0.05820914614702396, 0.3426841858011498, -0.02117491333887321], [-0.6172702463296356, -0.38421581038990354, -0.6613297424288965, -0.2617256288991488, 0.26294693184819146, -0.7376271075706884, 0.20708669879497457, -0.21284497870144456, 0.34801960643499796, -0.05074480650806366, 0.5629210705899278, 0.3571378069352277, 0.7107081538513967, 0.1994680730028184, -0.020505637169685183]], "inverted": false, "swapped": false, "error_lsq": 0.047103027306588226, "error_max": 0.2524204337682172, "target": "582.xyz", "model": "22.xyz", "model_rescale": 4.204369325754507, "target_rescale": 3.926566588186533},
{"mapping": [10, 13, 14, 3, 1, 11, 6, 12, 4, 9, 0, 7, 8, 5, 15], "R": [[-0.7447043350796758, 0.02522973554716277, 0.6669174714743632], [-0.02588772107160927, -0.9996251573877999, 0.008909018752633854], [0.6668922545743475, -0.010630388592918693, 0.7450783285179532]], "T": [-0.06165201219049581, -0.03308281981886774, -0.024372026350488275], "aligned_model": [[0.35051375424110637, -0.42913837854867637, -0.2971423108330001, -0.09335935394451561, 0.1096233522802516, 0.19437453821431577, 0.5146968160610551, -0.5066758205350481, -0.5854864056659853, 0.1329792799291904, -0.06499636609965159, -0.26112047932940907, 0.29555788514903875, 0.6881917611548054, -0.027014859003105136], [-0.22289038322963117, 0.39692405350292886, -0.10120215879855862, -0.7667888081543727, -0.6447630709521107, 0.38464337264749987, -0.245543193303599, -0.33967336471599374, -0.025405185025323802, 0.7092917177324793, -0.28585766534753937, 0.5350391647130407, 0.20301169192903462, 0.3024569823891054, -0.042972436292269406], [-0.6662415666781509, -0.38683265153457685, -0.7589760264610372, -0.4557636837031527, 0.15460127858190628, -0.5527359497169306, 0.40102904730120414, -0.11434485555790652, 0.48572954270436286, -0.021447461463226784, 0.6149776046972175, 0.3404228341534954, 0.5992726050712498, 0.10372949381372507, -0.04139582774811079]], "inverted": true, "swapped": false, "error_lsq": 0.031418972247417826, "error_max": 0.22649594147846883, "target": "582.xyz", "model": "23.xyz", "model_rescale": 4.410303926677745, "target_rescale": 3.926566588186533},
{"mapping": [4, 12, 2, 3, 10, 5, 9, 0, 7, 6, 11, 13, 14, 15, 16], "R": [[0.014282517146254614, 0.4435530876809441, -0.896134291338451], [0.5616155557474882, -0.745059373907033, -0.3598256479125687], [-0.8272750311996652, -0.4981437420684523, -0.2597476371242528]], "T": [0.029816776739731994, -0.057097020497354975, 0.07564319194166388], "aligned_model": [[0.2839082269724318, -0.447932222434471, -0.21776494217370176, -0.23358927789684902, 0.2974644335597105, 0.14675681973339447, 0.5730472141584814, -0.5804750110852748, -0.5843261576672297, 0.10798173347673687, 0.023236552038397425, -0.26391920804823793, 0.3011870416569002, 0.6392678782672582, -0.023839667487173977], [-0.3275667421999192, 0.4854344726842319, -0.24474273889422432, -0.7161272408658879, -0.6486833563309002, 0.26868618678908185, -0.19737083838063035, -0.0787645766117513, -0.06015129677218782, 0.6986914621368187, -0.29551560618101114, 0.49886873586821345, 0.30634859781403545, 0.31368600185003925, -0.14652234381121826], [-0.504156805947204, -0.27591236195828905, -0.7824863600524228, -0.4771202327310027, 0.12227242450482867, -0.4495161758913162, 0.3542897987874464, -0.36872181771993606, 0.33010345248688366, 0.05172460470008618, 0.6620174455154781, 0.3899803879885838, 0.578052837414034, 0.05555598156873978, 0.01594120479415924]], "inverted": true, "swapped": false, "error_lsq": 0.04083911579915988, "error_max": 0.26360290819008064, "target": "582.xyz", "model": "24.xyz", "model_rescale": 4.28219845311461, "target_rescale": 3.926566588186533},
{"mapping": [6, 13, 14, 10, 8, 2, 1, 11, 9, 4, 5, 7, 3, 0, 15], "R": [[-0.4466838606261998, 0.19165738852552433, -0.8739227506362618], [0.8946133894743118, 0.08274163479698032, -0.439113544820023], [-0.011849558192473353, -0.9779679275388837, -0.20841861883225266]], "T": [-0.08911960912950916, 0.040379895531365825, -0.017215481510851977], "aligned_model": [[0.5010164968284015, -0.42320338210720304, -0.3013289811718257, -0.10348995072584564, 0.2529624543005118, 0.10973767532074312, 0.3837961398495507, -0.4637974864712091, -0.5692962702719363, 0.3130102775666833, -0.08830224854234918, -0.37575863195180464, 0.13034218373503698, 0.6764353657546837, -0.021120229043065167], [-0.34588125479567633, 0.4706902000267132, -0.19620320516738526, -0.6648365523298495, -0.5617431472206557, 0.33813308663216296, -0.11911502126538202, -0.351634080753995, 0.044281617479763793, 0.6324413125865256, -0.6059420202987738, 0.6754215814232944, 0.2608564203493863, 0.2176168665529541, 0.062184913875607026], [-0.5782313771447325, -0.2541490827900175, -0.709415050837357, -0.3807647543423246, 0.03150576842518962, -0.6008068128363634, 0.38377013510181957, -0.0663947645094182, 0.4584827784594968, 0.1324621911262364, 0.5373546168116866, 0.32934783669412115, 0.6922011579448858, -0.2364569204975586, -0.03688133814559472]], "inverted": false, "swapped": false, "error_lsq": 0.04976476413561652, "error_max": 0.39379161853941896, "target": "582.xyz", "model": "25.xyz", "model_rescale": 4.100010024507729, "target_rescale": 3.926566588186533},
{"mapping": [10, 8, 11, 1, 6, 13, 12, 5, 7, 0, 4, 14], "R": [[0.23940139813065048, -0.7563890245239648, 0.6087385433441641], [-0.945409184070249, -0.038823817916005365, 0.3235648093319965], [-0.22110731613566326, -0.6529688773150754, -0.7243916068047545]], "T": [0.03651648958732873, 0.05976859324766409, -0.09678925708900249], "aligned_model": [[-0.618922973381239, -0.0258614248038704, 0.408249456540432, 0.5553404018780873, -0.6010188741861732, 0.13095569250000716, -0.263276916288171, 0.5936537887931758, 0.07981456505663256, 0.0582750887062698, -0.4973476662018908, 0.056904463749746614], [-0.2275690042702953, -0.6979788415485004, -0.38878310711926817, -0.2422554819063389, 0.5646761756865426, 0.6509204372066635, 0.1549924703551384, 0.4216324495555107, -0.37665470825811403, 0.5910887229955122, 0.12377315498454569, 0.0922891223692434], [0.09593120742924643, 0.1215294373653325, 0.5088455245450403, -0.13462031636592686, 0.008159963801680409, 0.25379507792569755, 0.6218934572091461, -0.17974551076899498, -0.5038331973491864, -0.6373140019202352, -0.39775305939754785, -0.19169629261989524]], "inverted": true, "swapped": true, "error_lsq": 0.040823033882447755, "error_max": 0.20046251455255285, "target": "582.xyz", "model": "26.xyz", "model_rescale": 3.6694154284099745, "target_rescale": 3.926566588186533},
