[{"mapping": [15, 12, 13, 8, 10, 1, 4, 0, 14, 6, 2, 16], "R": [[-0.6857621313752031, 0.14448141802654432, -0.7133410257490995], [0.5437042293947127, -0.5498717501717987, -0.6340558092954472], [-0.48385536073297786, -0.8226579958938235, 0.29852606533084824]], "T": [-0.0550608667654815, -0.03370380722300819, -0.0123965067211451], "aligned_model": [[-0.2326854333633948, 0.3525934457164056, 0.4455382523735347, -0.23242255585077065, -0.14451547129179027, -0.7527155168949976, 0.3777382703992378, -0.18734589987895783, 0.6250885532844019, 0.16222035736840826, -0.5302064289685191, -0.045645110433009346], [-0.2932537589823254, -0.5698504967140587, -0.29831374729911014, 0.5705251427677005, 0.36195835297085216, -0.4314203189544324, -0.2865339105749237, -0.5040770304775174, -0.03696867975139422, 0.5169181171845016, 0.12789598055378096, -0.10332461474601584], [-0.5067901371646636, -0.007926715611438638, -0.6293898563548685, 0.02358986676817174, -0.6060560588643543, -0.06252677538007874, 0.5220914457127904, 0.69785546549416, 0.03898871317337051, 0.43742577240040925, 0.24137235469246346, 0.03331767048760072]], "inverted": false, "swapped": true, "error_lsq": 0.039194195628956686, "error_max": 0.20439400328193197, "target": "584.xyz", "model": "0.xyz", "model_rescale": 3.751011558992144, "target_rescale": 4.248879679395516},
{"mapping": [10, 9, 13, 3, 1, 12, 2, 8, 15, 4, 0, 5, 6, 14, 16], "R": [[-0.3442192813622055, 0.8902094293069208, 0.29839614325847685], [0.5969310673742528, -0.037811097510228875, 0.8014010367528279], [0.724697445243132, 0.45397961724962793, -0.5183783560103173]], "T": [0.031864349959051214, -0.002765068173040397, -0.029996066371463445], "aligned_model": [[0.10502912395946852, 0.07742437221341088, -0.5673715497523597, -0.03925340711765296, -0.23048454442513336, -0.49211703786844196, 0.36489279680471387, 0.5991193467254249, -0.4015830382742379, 0.0020396555524483037, -0.016745978673344902, 0.5058434270864051, 0.6900698056774288, -0.04972244713515503, -0.008054313683940079], [-0.03757495667092664, -0.618371983239711, 0.4365904136484775, 0.5941065050332917, -0.7566629572239252, 0.31218548987950306, -0.44049341187778634, -0.07870399039278583, -0.22937929818629937, 0.39290767758819123, -0.19670566336425005, 0.19668297009370178, 0.3095290991211144, 0.6686124477887001, -0.0039649923701891646], [-0.7444311737390527, -0.4573735703526578, -0.41623665079070504, -0.5658261608070131, 0.07112024728257745, 0.25267855463760996, 0.0873171145715529, -0.2951372751162729, -0.35265854998200186, 0.5860145597169242, 0.8085933711148016, 0.6550655698807996, 0.11823904394344802, 0.05860505896777267, 0.04369626552419317]], "inverted": true, "swapped": true, "error_lsq": 0.04098362507982176, "error_max": 0.27799120720511894, "target": "584.xyz", "model": "1.xyz", "model_rescale": 3.9405287249114394, "target_rescale": 4.248879679395516},
{"mapping": [12, 4, 14, 2, 6, 13, 11, 0, 8, 10, 9, 15, 16], "R": [[0.09865023245361682, 0.852178063891244, -0.5138683479836238], [0.9425500763194068, -0.24563815482011603, -0.2264094753468803], [-0.3191668611668954, -0.4620113032374208, -0.8274527602308981]], "T": [-0.02216007945003599, -0.10771361243579869, 0.0011296551389253316], "aligned_model": [[-0.23795979274180895, 0.2548557297430875, -0.26314002197202, 0.4217191819574337, 0.34104034333671146, -0.8136593411809151, -0.01744887569095503, 0.6325241141479144, 0.13901494374853768, -0.48473295305185, -0.06876828916219778, -0.41636524165212807, 0.008903481802121575], [0.529988431628584, 0.48938077738119334, 0.26530767721629656, -0.4011907033424431, -0.28559580752330094, 0.16369651649847378, 0.4550683354996945, 0.42395796778584127, -0.6664332779427316, -0.6581707878270594, -0.6703450146491111, -0.1537943427169784, -0.03303717843644231], [0.021669297520288087, -0.320826951711501, -0.5165943240032583, 0.18311545161556197, -0.6227125479475927, -0.03299002471646583, 0.5146933950848475, 0.17979722526295877, -0.24320568637296916, -0.0012303870516452344, 0.4960768244871554, 0.4321987706302331, 0.02312930679103145]], "inverted": true, "swapped": true, "error_lsq": 0.0468868895314943, "error_max": 0.26588385795933994, "target": "584.xyz", "model": "2.xyz", "model_rescale": 3.932901565614263, "target_rescale": 4.248879679395516},
{"mapping": [8, 6, 7, 2, 10, 13, 14, 15, 1, 11, 4, 0, 12, 16], "R": [[-0.814869333457704, -0.5378649158848833, -0.2160770734028593], [0.21214481410301325, -0.6236499808660128, 0.752366452744286], [-0.5394279815131906, 0.5672407192947008, 0.622298496812129]], "T": [-0.024920174371466323, -0.06845639248037484, -0.0319999540243919], "aligned_model": [[-0.1160106037246523, 0.4548165688122736, 0.18685730510066723, -0.13243615034777786, -0.5442699038103336, -0.18067695174030252, 0.4468482689279861, -0.5168801587345437, -0.502714757021395, -0.04555437731612873, 0.6653682212124877, 0.44438086969193735, 0.2430015146438826, 0.017080066358602885], [0.08002624427073189, 0.039044988331667516, -0.38972523817011917, 0.4566002408279459, -0.38377555674895725, -0.8418858204149592, -0.5610314582551889, -0.24035048447221213, 0.4459612554412592, 0.03940637613347357, -0.058550825429685344, 0.49354705114501485, -0.3703776691934847, -0.04539246511499783], [-0.6382179446042368, -0.5897022286803442, -0.663323082492692, -0.20238856409764808, -0.41648924946425725, 0.24879434483250393, -0.024340039261411067, 0.23589838651594305, 0.3610653060586134, 0.7219451926314931, 0.21359999762874185, 0.42310093871325494, 0.5071816493273414, 0.036771655949794646]], "inverted": false, "swapped": true, "error_lsq": 0.045247410493600794, "error_max": 0.29316043107577283, "target": "584.xyz", "model": "3.xyz", "model_rescale": 3.9243930471874484, "target_rescale": 4.248879679395516},
{"mapping": [1, 15, 9, 2, 8, 11, 0, 10, 7, 14, 6, 4, 16], "R": [[-0.842187778258775, 0.5170682036934668, 0.15284050144107805], [0.05687235397215845, -0.19669586261630928, 0.9788137069858043], [0.5361765394953553, 0.8330373403148491, 0.13624796562131974]], "T": [-0.027362314173687438, -0.013219351216346806, -0.11938180907351532], "aligned_model": [[0.019272308587298753, -0.13494848033910878, 0.4493902248406877, 0.3593066646325458, 0.5750129632559787, -0.6133315096770104, -0.3699196120859332, 0.3697200685710332, 0.30116174357032416, -0.40099875403636703, 0.30416629534933254, -0.489459127216374, -0.0921668991410549], [-0.7175143960437467, -0.06334442200254882, -0.2797571843206034, -0.4074278194960764, 0.12659838145044827, -0.46231080237458316, -0.6439283758580623, 0.36201230414555535, 0.5935983880754457, 0.4840477295734557, 0.22644204385202, -0.03155371112268796, -0.059032582197029254], [-0.505655261666983, -0.6931887627338797, -0.6345164715476598, -0.012783422221754923, 0.004875338054620926, -0.3076645798411778, 0.35818367026827874, -0.5868314012856041, 0.146092180849415, 0.16057460714150473, 0.5014135787758772, 0.44898947117479565, -0.09241863159646939]], "inverted": true, "swapped": true, "error_lsq": 0.04107809584467545, "error_max": 0.2230496725044422, "target": "584.xyz", "model": "4.xyz", "model_rescale": 3.8936222436046832, "target_rescale": 4.248879679395516},
{"mapping": [13, 14, 11, 15, 0, 5, 6, 2, 9, 10, 1, 16], "R": [[0.9012882253405204, 0.43320262985822566, 0.0038750930895954105], [0.11053332901462898, -0.2385975980191842, 0.96480752971586], [0.4188817470832069, -0.869141339313344, -0.26292853450534304]], "T": [-0.08008506142762901, -0.11527752164846702, 0.00718788753679981], "aligned_model": [[0.0627078565436009, -0.5012503096730405, -0.24777615131378816, 0.345569019811406, -0.6855676179158334, -0.8018355315051204, -0.42002229922662, 0.024649549679113966, 0.6017942240890386, 0.5382902862619937, 0.2498660620899129, -0.13887704662556677], [-0.6695707725998362, -0.6348725468703853, 0.2907833191730408, -0.07731162685702955, 0.494112357087791, 0.059755027791823984, -0.3264920910049434, 0.3055158655024417, 0.17936921275704734, -0.4659636395364648, 0.5874273933427702, -0.07382959367644838], [-0.6040958980236417, -0.12658496937162703, -0.6152972313811488, -0.39370975513240003, -0.06522076290441589, 0.4340192319422106, 0.6337393992599871, 0.36529404258064746, 0.11638066340755893, 0.11495388969652476, -0.2043577031136241, -0.03583618768455286]], "inverted": false, "swapped": true, "error_lsq": 0.04178424565975709, "error_max": 0.2341379679845029, "target": "584.xyz", "model": "5.xyz", "model_rescale": 3.6523030999806103, "target_rescale": 4.248879679395516},
{"mapping": [0, 2, 9, 11, 15, 4, 8, 12, 6, 3, 10, 13, 16], "R": [[0.04235153355652399, -0.8735247719942325, -0.4849338308654441], [-0.9836139630298935, -0.12158799382625529, 0.13311623300685188], [-0.17524245871945138, 0.47135001057571957, -0.8643606007866339]], "T": [0.022915826175099664, -0.023622258185501677, 0.06452645547318334], "aligned_model": [[0.036509565499454256, -0.15794110988611348, 0.23250675627162576, 0.632008171889485, 0.5408093928933985, -0.15036646606847134, -0.45310549451881954, 0.3774371454313167, -0.7138848137819329, -0.04626266717858881, 0.047662517008510076, 0.4834350294881915, 0.0522748776162388], [-0.6463797707407646, 0.1764248092143136, 0.6393582779185546, -0.4132927597291918, 0.23723661082059594, -0.7355833306535119, 0.38763871225728475, -0.5516117611736071, -0.11855521600889962, 0.12164007692847167, 0.6107022644802311, -0.07123690263047, -0.09551410651982353], [0.6605100575828083, 0.5580326572753364, 0.3477711750768644, 0.30464485536999897, -0.019620023675629233, 0.06497820042487797, 0.1104930550238169, -0.15727753253664178, 0.035401427211065734, -0.724485895780447, -0.2731158646953522, -0.633294152546051, 0.0960717807511417]], "inverted": true, "swapped": true, "error_lsq": 0.04614131177026384, "error_max": 0.23718415482183355, "target": "584.xyz", "model": "6.xyz", "model_rescale": 4.08911054899281, "target_rescale": 4.248879679395516},
{"mapping": [1, 0, 11, 9, 10, 3, 15, 13, 8, 2, 7, 6, 14, 4, 16], "R": [[-0.8809503609573514, 0.35316515724909847, 0.31496163771851937], [-0.15334703293530272, 0.4166115721263687, -0.8960577467219033], [-0.44767303807472203, -0.8376808280458703, -0.31285728584345535]], "T": [0.01940598850274232, -0.08679973223416809, -0.024112836313508298], "aligned_model": [[0.05472423139644263, 0.5362131594095904, 0.6486546192629682, -0.4636808494490338, -0.5008544499355477, -0.10245813905402021, 0.055914794685710756, 0.3241222271186096, -0.5760923370089546, -0.26788633113819316, -0.37875970081169363, -0.2643411500011785, 0.32684725062353315, 0.5491982199126545, 0.09473199478866699], [-0.722917489465841, -0.6942147410516233, -0.37287429113505616, -0.3701843067567769, 0.26061552157210266, 0.7076549423215917, -0.031063295601333557, 0.5790225560440196, -0.0942885703793434, -0.5637839674949712, 0.39434233154905085, -0.012314199355782818, 0.4320337222052774, -0.08973951800488414, -0.1215298782773169], [-0.5155599840724656, 0.303248612759151, -0.34458270819885944, -0.5241322462720724, -0.37853356475617245, -0.07328808280565655, -0.6062659799475963, -0.4304715280107263, 0.1836622186256593, 0.054789597754781, 0.37161265297493434, 0.6590234484614408, 0.29455007447222187, 0.48207593755036865, -0.012058416452926962]], "inverted": false, "swapped": true, "error_lsq": 0.044349352530571394, "error_max": 0.2708438473228895, "target": "584.xyz", "model": "7.xyz", "model_rescale": 3.964800864290218, "target_rescale": 4.248879679395516},
{"mapping": [8, 3, 10, 6, 9, 4, 2, 13, 12, 11, 0, 1, 15, 16], "R": [[-0.15498123590336788, -0.9664063008377685, 0.20503579740846625], [-0.7969155948548173, -0.00036550389263573235, -0.604090557022784], [0.5838718619654981, -0.2570189255832447, -0.7700876058585655]], "T": [-0.03253313567186225, -0.04253804035731517, 0.01594189969090405], "aligned_model": [[-0.289519886053506, 0.43738880388410895, 0.37875019643535857, -0.5870102318969104, 0.14772003912272694, -0.3723438875038275, -0.4054357821519622, 0.71585043797539, 0.20655142753665634, 0.15585479073810252, -0.5685225054660302, 0.014973213193062218, 0.47826422428347737, -0.0513329506357738], [0.15365839354678645, -0.48033729980274076, 0.18672801955352678, -0.3198013451014035, 0.6656560873677283, -0.5880638001989903, 0.3777780195638582, -0.418225111812999, -0.4687221828491734, 0.00027110823412524604, -0.08278984699718944, 0.6297202781647766, 0.21969872217104885, -0.064622575658152], [-0.525638732616576, -0.4697869130526102, -0.5274414177148163, -0.3944431955521936, -0.15630498953253763, 0.3678592534503405, -0.007605026528489808, 0.02488298452995054, 0.47947284633171794, 0.7529431190453907, 0.6899621892269666, 0.4555159871691593, 0.1328164622859388, 0.09458247168278093]], "inverted": true, "swapped": true, "error_lsq": 0.04445852775430808, "error_max": 0.2832782054557371, "target": "584.xyz", "model": "8.xyz", "model_rescale": 4.121658175737393, "target_rescale": 4.248879679395516},
{"mapping": [5, 4, 14, 7, 0, 2, 12, 15, 13, 11, 8, 10, 16], "R": [[-0.013640598238115531, -0.793827346244844, 0.6079901960011982], [-0.6666925330121647, 0.46038396829553324, 0.5861464562396345], [-0.745208024987339, -0.3973471355003412, -0.5355186769890883]], "T": [-0.052027051828545, 0.055483584766925255, 0.07073087265985717], "aligned_model": [[-0.6667826967837001, -0.2572936182051543, 0.2715226934144297, 0.14732530596593185, -0.7002602716158459, -0.5286523414695397, 0.1873256318453086, 0.2793975218208934, 0.7483347855213842, -0.09943454628380677, -0.20423919141321403, 0.38186366028655677, -0.08236943664804657], [0.05629450356751905, -0.30333995932447605, -0.0256605926676964, 0.6458865616070993, -0.4793364899553192, 0.2350440358379777, -0.517420294453627, -0.12326546426438503, -0.18530497936826645, -0.6854140839697207, 0.6664809727094816, 0.5261013745055408, -0.01967814481241722], [-0.5257755987166468, -0.5342706368606813, -0.5242359487949968, -0.32715758776773124, -0.12154326396460596, 0.30919011320150946, -0.19031841035395353, 0.5196721331741623, 0.018381195892586966, 0.24195179801726785, 0.10758827801352308, 0.398206186314026, 0.0493871758046292]], "inverted": true, "swapped": true, "error_lsq": 0.038273585993014676, "error_max": 0.20863469806096685, "target": "584.xyz", "model": "9.xyz", "model_rescale": 3.833441315466971, "target_rescale": 4.248879679395516},
{"mapping": [3, 13, 4, 0, 11, 12, 15, 2, 6, 5, 7, 8, 10, 14, 16], "R": [[0.8322237200912067, -0.19264982980167883, -0.5198939534125564], [0.2702286076713137, -0.6778390300149045, 0.6837475769496205], [-0.48412826741843573, -0.7095211712597714, -0.5120542239065956]], "T": [-0.013833863141344022, 0.09588752848266897, -0.05929245239938995], "aligned_model": [[0.31109337901844947, -0.11637657602302895, -0.5503721229676802, -0.6851034905635753, -0.6792629126933007, -0.5845632360919251, -0.006430399641660978, 0.13650386159008643, 0.2460239248214676, -0.2785512451267418, 0.4752863038553633, 0.5487655459844517, 0.5950075348658975, -0.1921126701844368, -0.09606287854883383], [-0.6276428737146658, -0.7021771556334855, 0.07768906380101658, 0.6055373970402844, 0.12423321676885087, -0.2617608234933413, -0.10147601510514882, 0.6362643028998259, 0.25961740714859044, 0.5021714853089599, -0.15817755446084536, 0.3073724209699397, -0.1756671994498628, -0.3963601943643052, 0.11147806157916523], [0.07982384705839089, -0.2914054506643009, 0.4394169190929098, 0.12198706093850771, -0.42928452436598297, -0.05598649563346632, -0.6109577008346628, -0.1001328968997774, 0.6177615880291255, 0.6468259407103968, 0.43350026307782874, 0.1320210519329671, -0.32864819661358424, 0.37792966520410864, -0.05472916321036779]], "inverted": false, "swapped": true, "error_lsq": 0.03758714010959273, "error_max": 0.22846767850255065, "target": "584.xyz", "model": "10.xyz", "model_rescale": 4.2482417240324, "target_rescale": 4.248879679395516},
{"mapping": [13, 3, 6, 8, 11, 0, 4, 2, 10, 1, 15, 16], "R": [[0.47688579254636765, -0.8787390600250486, -0.019940041467287117], [-0.23841867103939285, -0.15115692622799362, 0.9593269103663854], [-0.8460121028491454, -0.4527352957740308, -0.2815923894446869]], "T": [0.022447833511906233, 0.03274468211089429, -0.020206067175184257], "aligned_model": [[-0.6974976300949929, -0.24852429251092897, 0.5613871472060891, 0.5742089266430886, -0.49008289854613923, 0.07076178348106976, -0.09892981864977543, 0.4768127571385676, 0.07191971158033637, 0.004555792357826494, -0.3358072591897057, -0.01203861705242873], [-0.39025036201573826, -0.7237900148011451, -0.20905353289535028, -0.2477110427516057, 0.5963152044531012, 0.7861819091041353, 0.2446175384507464, 0.31828531307703956, -0.49010361663617996, 0.6453828127592357, 0.03898589299142094, 0.09727128831497986], [-0.08386464113215109, 0.03133672730771119, 0.43125130198396233, -0.14165191657937834, -0.03413253094552086, 0.39597450708977733, 0.6706578006675313, -0.18841871818305952, -0.5112911157245965, -0.5415196715689438, -0.48383960972855394, 0.020690156667578237]], "inverted": false, "swapped": true, "error_lsq": 0.042542340047679615, "error_max": 0.20840022864918523, "target": "584.xyz", "model": "11.xyz", "model_rescale": 3.6694154284099745, "target_rescale": 4.248879679395516},
{"mapping": [2, 9, 15, 10, 8, 0, 6, 4, 3, 14, 12, 7, 11, 16], "R": [[-0.564381448757192, 0.27326092480497965, 0.7789749978487502], [-0.18329798602672753, -0.961550613414902, 0.20450492942707116], [0.8049070931587562, -0.027365759922812566, 0.5927695054290228]], "T": [0.008099208618642814, 0.06106181296859313, -0.08896158322527387], "aligned_model": [[0.029150213907340364, 0.16243234844731919, -0.12284550345683033, 0.5395443887225005, 0.5497240191958638, -0.6557805682587745, 0.43350051730737166, -0.3265446818823142, 0.49486632464023944, 0.07841371228481812, -0.45039332525313974, 0.6686445040045114, -0.7327134903014761, -0.06973360910162014], [-0.30165888757755843, 0.2604399433661822, 0.5756191648604441, 0.48686204545982525, -0.18192025730564554, -0.4873368818824467, -0.4924020999855838, -0.29720669213083123, 0.5292090639877989, 0.12191578576876455, 0.282241744939269, -0.04272187523528244, 0.23754806513873472, 0.040398168732583666], [-0.5182248827112041, -0.7961594080838494, -0.3368041540923472, -0.319704985483923, -0.3021448141122459, -0.04736018282496146, 0.16686480403145276, 0.4556232773728646, 0.3495851377742234, 0.5867654314626418, 0.3520818661616737, 0.22653980087278192, -0.11225491411196137, -0.0657115166027298]], "inverted": true, "swapped": true, "error_lsq": 0.04629226826412554, "error_max": 0.29591487354636464, "target": "584.xyz", "model": "12.xyz", "model_rescale": 3.9764082729961374, "target_rescale": 4.248879679395516},
{"mapping": [0, 1, 11, 13, 4, 5, 6, 12, 15, 0, 9, 10, 2, 8, 7, 16], "R": [[-0.01701512347040013, -0.9843319785426035, -0.17550225523249366], [-0.59391186408138, 0.151156180103158, -0.790202826443947], [0.8043501621039608, 0.09078747289701342, -0.5871783813189196]], "T": [-0.10166678494822459, 0.06447966404563413, 0.1034310189628324], "aligned_model": [[0.1402341202547213, -0.3921544994161119, -0.5584666075196321, -0.7469432961095276, 0.14258258811704339, 0.6106172153176966, 0.5957634829761438, -0.44532248114930006, -0.6461919548903465, 0.1402341202547213, -0.2869187650232491, -0.3011760935782053, 0.19912057347648623, 0.31552518099941795, 0.283440652440361, -0.11150392234082551], [-0.1633030255875865, -0.6622869471376006, -0.09979550630986214, 0.581303911874519, 0.43119255993894545, 0.180944038241674, 0.2997264607697489, 0.4179394386892562, -0.1004945454635997, -0.1633030255875865, -0.5313878904389008, 0.056523075857207256, -0.41038923302104846, -0.056824613599615076, 0.5017375621979228, 0.06388185691976937], [-0.6920607544338836, -0.08322550784356371, -0.4838006404813549, 0.23688368083843464, -0.4820426536572539, -0.3579069086952781, 0.2082436270185798, -0.3555049682372256, 0.24349377431481628, -0.6920607544338836, 0.5209506973084395, 0.7941661806604928, 0.12083582647284101, 0.5606847205472802, 0.5585464512795494, 0.02019417219470844]], "inverted": false, "swapped": true, "error_lsq": 0.04362207153334754, "error_max": 0.31190290570532486, "target": "584.xyz", "model": "13.xyz", "model_rescale": 4.170626492500431, "target_rescale": 4.248879679395516},
{"mapping": [7, 3, 6, 14, 2, 0, 4, 10, 9, 13, 15, 12, 1, 16], "R": [[-0.9858020186106178, -0.10253768003432921, -0.13296768132297787], [0.07708849006845035, 0.4271264894973874, -0.9008997317507674], [0.14917018737736404, -0.8983590519067617, -0.41315768061962294]], "T": [0.021902490371841138, 0.09665048561443637, 0.04826766633069683], "aligned_model": [[0.001992865218847964, -0.03462718024409943, -0.15936593100869348, -0.5204281910446008, 0.3126442078685707, -0.4345163304440216, -0.6840754219987626, 0.5556176742082244, 0.7526244808306064, -0.13932877996279464, 0.31149719966814526, -0.5005763240058478, 0.41830835243805253, -0.036583599431983624], [-0.4079329598925754, -0.7065615294729889, 0.042621711237085164, -0.3114372974804235, 0.5119614579569951, 0.8278378498954342, 0.26181171204395826, -0.3851398512486124, 0.22025295930301383, -0.5351417704850847, -0.014571526430615156, 0.03681248195924923, 0.6686470717826679, 0.14691415875756164], [-0.49176142354125835, 0.039203697250676614, -0.6707305031683296, -0.019527076043086525, -0.19517120006666716, 0.06423831119135236, -0.057715738585484525, 0.045350650905345305, 0.16854618300329724, 0.5737595450129804, 0.5453655383083611, 0.46908899660627096, 0.45211884723574153, 0.08110727301166668]], "inverted": true, "swapped": true, "error_lsq": 0.04200022085454762, "error_max": 0.27641604627232547, "target": "584.xyz", "model": "14.xyz", "model_rescale": 3.9786697098870705, "target_rescale": 4.248879679395516},
{"mapping": [0, 6, 1, 11, 2, 9, 14, 10, 15, 12, 8, 16], "R": [[0.22319524914401173, 0.719043424248939, 0.6581492496416776], [0.9711316944314845, -0.2223363073938831, -0.08642799595667428], [0.08418499171572497, 0.6584399140838999, -0.747910266483226]], "T": [-0.04332727267178823, -0.020857332594613642, 0.041284474932727855], "aligned_model": [[-0.00682214350631468, -0.7629657870214601, 0.6186873327512102, 0.5070173792973526, -0.03626724249529222, 0.374869518776736, -0.41968240513074184, 0.02817285620570987, 0.4769369533118481, 0.11364794971533024, -0.38716381051764065, -0.023076004619400955], [-0.49046377586493045, 0.08838519735366224, 0.1584191369586906, -0.5078119066510125, 0.3161066331852166, 0.60075578097193, -0.4721033206542336, 0.5007281207543234, 0.06382697348247597, -0.6597196356462386, 0.5067868950275647, -0.09023560869300953], [-0.6807579941506463, -0.11011630151362295, -0.37944119347615524, -0.15993540033978842, -0.40891756132848206, -0.007783855782543647, 0.38767761334965445, 0.5309973311621626, 0.297205223224797, 0.18574563741575006, 0.006458965056397897, -0.0011659697436933389]], "inverted": false, "swapped": true, "error_lsq": 0.04858825982232915, "error_max": 0.23928681082756073, "target": "584.xyz", "model": "15.xyz", "model_rescale": 3.769337070930944, "target_rescale": 4.248879679395516},
{"mapping": [2, 6, 1, 9, 0, 4, 11, 14, 15, 10, 16], "R": [[-0.9051508271202156, 0.3729938203406947, 0.2039058364815577], [0.388639992558686, 0.5317792931542231, 0.752442515782023], [0.1722235069541168, 0.7603199282933789, -0.6263007826055917]], "T": [-0.042908125017656104, -0.03701304741369212, 0.06869086993027555], "aligned_model": [[-0.37917878348962336, -0.2966732601256739, -0.09297857542162603, -0.5688571945203197, 0.4122250066060061, 0.49769349840835936, 0.5409758173614154, 0.32955973509358266, -0.017292644118055513, -0.531241302247702, 0.028393833144807992], [0.11620835904076854, -0.6825387701483169, 0.7118851618781113, 0.495784879408149, 0.03690718039892286, -0.42455603096038425, 0.43535764682601247, -0.5498719218328176, 0.43509813406120773, 0.04510731413456363, -0.0233174551808748], [-0.35524506457970434, -0.19895724660524367, -0.22123653564367235, 0.12528650473144143, -0.6597305709917844, -0.23867836444651092, -0.059523405427592505, 0.32067857186060744, 0.4148073321292577, 0.5900058317016584, 0.026810554495319702]], "inverted": false, "swapped": true, "error_lsq": 0.045531566112175674, "error_max": 0.277182569175904, "target": "584.xyz", "model": "16.xyz", "model_rescale": 3.7852294659196426, "target_rescale": 4.248879679395516},
{"mapping": [4, 2, 1, 0, 6, 8, 10, 9, 11, 12, 3, 15, 16], "R": [[0.39130947143937256, -0.771520822740798, -0.5016298611916971], [-0.15448696037530613, -0.5924337165178107, 0.790668116599432], [-0.9071993588158216, -0.2319006503014958, -0.3510148312449288]], "T": [-0.05213769605746074, 0.1192809716560966, -0.03765940382580202], "aligned_model": [[0.040842551826195866, -0.29193619825199923, 0.32718650444190556, 0.18422856448943056, -0.70620819782388, -0.6437466637896012, -0.25649113783836985, -0.09330006674632665, 0.6563915569026229, 0.4675520536332547, -0.16979098616024804, 0.3379904660670866, 0.0010474034662117937], [-0.1376477199035942, -0.2996435030171628, -0.3232329153428778, -0.6416196879047317, 0.021302184110037772, 0.15096586900972353, 0.6471775413346291, 0.09928967572765234, -0.15598269852225982, 0.19818052557511306, 0.89647861213678, 0.34994548947527465, 0.06984225102429023], [-0.7175548711922244, 0.2509153604535663, 0.5170550173996986, -0.3668543921402903, -0.3772586569219911, 0.1787654293555478, 0.4056770572114569, 0.7117437772064712, -0.0897136152782595, -0.45879206063080374, -0.2124416435856827, 0.333737450330304, -0.07952415506461913]], "inverted": true, "swapped": true, "error_lsq": 0.04160187463441868, "error_max": 0.2735010993825429, "target": "584.xyz", "model": "17.xyz", "model_rescale": 3.901054581598922, "target_rescale": 4.248879679395516},
{"mapping": [10, 9, 13, 3, 1, 12, 2, 8, 15, 4, 0, 5, 6, 14, 16], "R": [[-0.3442192813622055, 0.8902094293069208, 0.29839614325847685], [0.5969310673742528, -0.037811097510228875, 0.8014010367528279], [0.724697445243132, 0.45397961724962793, -0.5183783560103173]], "T": [0.031864349959051214, -0.002765068173040397, -0.029996066371463445], "aligned_model": [[0.10502912395946852, 0.07742437221341088, -0.5673715497523597, -0.03925340711765296, -0.23048454442513336, -0.49211703786844196, 0.36489279680471387, 0.5991193467254249, -0.4015830382742379, 0.0020396555524483037, -0.016745978673344902, 0.5058434270864051, 0.6900698056774288, -0.04972244713515503, -0.008054313683940079], [-0.03757495667092664, -0.618371983239711, 0.4365904136484775, 0.5941065050332917, -0.7566629572239252, 0.31218548987950306, -0.44049341187778634, -0.07870399039278583, -0.22937929818629937, 0.39290767758819123, -0.19670566336425005, 0.19668297009370178, 0.3095290991211144, 0.6686124477887001, -0.0039649923701891646], [-0.7444311737390527, -0.4573735703526578, -0.41623665079070504, -0.5658261608070131, 0.07112024728257745, 0.25267855463760996, 0.0873171145715529, -0.2951372751162729, -0.35265854998200186, 0.5860145597169242, 0.8085933711148016, 0.6550655698807996, 0.11823904394344802, 0.05860505896777267, 0.04369626552419317]], "inverted": true, "swapped": true, "error_lsq": 0.04098362507982176, "error_max": 0.27799120720511894, "target": "584.xyz", "model": "18.xyz", "model_rescale": 3.9405287249114394, "target_rescale": 4.248879679395516},
{"mapping": [12, 11, 5, 1, 13, 6, 4, 3, 14, 7, 2, 8, 15, 10, 9, 16], "R": [[0.26332270868021357, -0.9250693370049309, 0.2736930266312478], [0.3036177147814386, -0.1898194498024688, -0.9336942003394821], [0.9156841346033098, 0.32896093720979325, 0.23088366643364366]], "T": [0.12472161499610734, -0.049839014948320694, -0.04277078903337242], "aligned_model": [[-0.3362084526041447, -0.1637379237879537, 0.691389925116949, 0.254067214681247, -0.6982230497757317, 0.5991499303299866, 0.16561942132455149, -0.3788939633056515, -0.18659834494204997, 0.21610784585799564, 0.6256103392073435, 0.5298274557056298, -0.26257240092265055, -0.06510853807608549, 0.2574110509190348, 0.11932458824291564], [-0.33745974336578505, -0.7497890816227188, -0.09976899487672594, -0.6792259215469924, 0.10393835793161557, 0.396804776240597, -0.22539950409453094, 0.5761237471391991, 0.2262423622445114, 0.6672695146921422, -0.18351833220883637, 0.38464988866529526, -0.21665365093209105, 0.41249060546476624, -0.10527016012004464, -0.1180817346327655], [-0.4408575629112442, -0.12852876240706232, -0.6831918648863742, 0.44153832303371754, -0.06310033098073688, -0.4007691328777372, -0.7529970978087874, -0.09726179882196738, -0.5832458481451138, -0.19780684318576483, 0.1752125998032675, 0.16925152653421724, 0.3640681820542139, 0.47414136037345367, 0.6941281335837819, -0.09113712668298582]], "inverted": false, "swapped": true, "error_lsq": 0.03622006322661138, "error_max": 0.30395393332904935, "target": "584.xyz", "model": "19.xyz", "model_rescale": 4.410303926677745, "target_rescale": 4.248879679395516},
{"mapping": [8, 3, 10, 6, 9, 4, 2, 13, 12, 11, 0, 1, 15, 16], "R": [[-0.15498123590336788, -0.9664063008377685, 0.20503579740846625], [-0.7969155948548173, -0.00036550389263573235, -0.604090557022784], [0.5838718619654981, -0.2570189255832447, -0.7700876058585655]], "T": [-0.03253313567186225, -0.04253804035731517, 0.01594189969090405], "aligned_model": [[-0.289519886053506, 0.43738880388410895, 0.37875019643535857, -0.5870102318969104, 0.14772003912272694, -0.3723438875038275, -0.4054357821519622, 0.71585043797539, 0.20655142753665634, 0.15585479073810252, -0.5685225054660302, 0.014973213193062218, 0.47826422428347737, -0.0513329506357738], [0.15365839354678645, -0.48033729980274076, 0.18672801955352678, -0.3198013451014035, 0.6656560873677283, -0.5880638001989903, 0.3777780195638582, -0.418225111812999, -0.4687221828491734, 0.00027110823412524604, -0.08278984699718944, 0.6297202781647766, 0.21969872217104885, -0.064622575658152], [-0.525638732616576, -0.4697869130526102, -0.5274414177148163, -0.3944431955521936, -0.15630498953253763, 0.3678592534503405, -0.007605026528489808, 0.02488298452995054, 0.47947284633171794, 0.7529431190453907, 0.6899621892269666, 0.4555159871691593, 0.1328164622859388, 0.09458247168278093]], "inverted": true, "swapped": true, "error_lsq": 0.04445852775430808, "error_max": 0.2832782054557371, "target": "584.xyz", "model": "20.xyz", "model_rescale": 4.121658175737393, "target_rescale": 4.248879679395516},
{"mapping": [0, 2, 9, 11, 15, 4, 8, 12, 6, 3, 10, 13, 16], "R": [[0.04235153355652399, -0.8735247719942325, -0.4849338308654441], [-0.9836139630298935, -0.12158799382625529, 0.13311623300685188], [-0.17524245871945138, 0.47135001057571957, -0.8643606007866339]], "T": [0.022915826175099664, -0.023622258185501677, 0.06452645547318334], "aligned_model": [[0.036509565499454256, -0.15794110988611348, 0.23250675627162576, 0.632008171889485, 0.5408093928933985, -0.15036646606847134, -0.45310549451881954, 0.3774371454313167, -0.7138848137819329, -0.04626266717858881, 0.047662517008510076, 0.4834350294881915, 0.0522748776162388], [-0.6463797707407646, 0.1764248092143136, 0.6393582779185546, -0.4132927597291918, 0.23723661082059594, -0.7355833306535119, 0.38763871225728475, -0.5516117611736071, -0.11855521600889962, 0.12164007692847167, 0.6107022644802311, -0.07123690263047, -0.09551410651982353], [0.6605100575828083, 0.5580326572753364, 0.3477711750768644, 0.30464485536999897, -0.019620023675629233, 0.06497820042487797, 0.1104930550238169, -0.15727753253664178, 0.035401427211065734, -0.724485895780447, -0.2731158646953522, -0.633294152546051, 0.0960717807511417]], "inverted": true, "swapped": true, "error_lsq": 0.04614131177026384, "error_max": 0.23718415482183355, "target": "584.xyz", "model": "21.xyz", "model_rescale": 4.08911054899281, "target_rescale": 4.248879679395516},
{"mapping": [6, 1, 8, 14, 7, 10, 5, 9, 11, 1, 15, 0, 13, 3, 12, 2, 16], "R": [[0.7393122308609303, -0.04386392479736653, -0.671932572064196], [-0.3125036797221503, 0.8615537688802526, -0.4000831832111273], [0.5964552585563738, 0.5057677920049909, 0.6232496009712689]], "T": [-0.05943105147012182, 0.010162207719393218, -0.03992442716773756], "aligned_model": [[-0.3373766419698686, 0.5132718061697922, 0.25954481475422453, -0.045691183263988445, -0.7405149585627883, -0.5522622388822414, 0.0405019028217885, -0.08847208056635206, 0.6267471698664931, 0.5132718061697922, 0.564779857360508, -0.32917943498791724, -0.5985842325902624, -0.28240935096333747, -0.5857451053364637, 0.31685894544747417, -0.09033095126512344], [-0.40979926415793333, 0.13157957847311771, -0.4454594430006794, 0.2804698545003175, -0.10597130141508418, -0.6035295392853132, -0.6629083044808717, -0.3556002655103496, -0.3289996154725664, 0.13157957847311771, 0.2413112200096998, 0.22440268688060389, 0.38545340549069373, 0.7622596332712221, 0.03455813778166474, 0.6153753218272974, 0.03700721413912212], [0.5095687387695154, 0.4960491171386662, 0.374110989459412, -0.6217900285401686, 0.12869914047609468, -0.21778749131318823, -0.22625355586513654, -0.6505978614748247, -0.044586670283772056, 0.4960491171386662, -0.3373095197803774, 0.6539172153254077, -0.11203774210786305, -0.41262935566735204, -0.5570006897569801, 0.07573349130229831, -0.015630554372451103]], "inverted": true, "swapped": false, "error_lsq": 0.048479729496862876, "error_max": 0.33052895996660847, "target": "584.xyz", "model": "22.xyz", "model_rescale": 4.204369325754507, "target_rescale": 4.248879679395516},
{"mapping": [12, 11, 5, 1, 13, 6, 4, 3, 14, 7, 2, 8, 15, 10, 9, 16], "R": [[0.26332270868021357, -0.9250693370049309, 0.2736930266312478], [0.3036177147814386, -0.1898194498024688, -0.9336942003394821], [0.9156841346033098, 0.32896093720979325, 0.23088366643364366]], "T": [0.12472161499610734, -0.049839014948320694, -0.04277078903337242], "aligned_model": [[-0.3362084526041447, -0.1637379237879537, 0.691389925116949, 0.254067214681247, -0.6982230497757317, 0.5991499303299866, 0.16561942132455149, -0.3788939633056515, -0.18659834494204997, 0.21610784585799564, 0.6256103392073435, 0.5298274557056298, -0.26257240092265055, -0.06510853807608549, 0.2574110509190348, 0.11932458824291564], [-0.33745974336578505, -0.7497890816227188, -0.09976899487672594, -0.6792259215469924, 0.10393835793161557, 0.396804776240597, -0.22539950409453094, 0.5761237471391991, 0.2262423622445114, 0.6672695146921422, -0.18351833220883637, 0.38464988866529526, -0.21665365093209105, 0.41249060546476624, -0.10527016012004464, -0.1180817346327655], [-0.4408575629112442, -0.12852876240706232, -0.6831918648863742, 0.44153832303371754, -0.06310033098073688, -0.4007691328777372, -0.7529970978087874, -0.09726179882196738, -0.5832458481451138, -0.19780684318576483, 0.1752125998032675, 0.16925152653421724, 0.3640681820542139, 0.47414136037345367, 0.6941281335837819, -0.09113712668298582]], "inverted": false, "swapped": true, "error_lsq": 0.03622006322661138, "error_max": 0.30395393332904935, "target": "584.xyz", "model": "23.xyz", "model_rescale": 4.410303926677745, "target_rescale": 4.248879679395516},
{"mapping": [15, 6, 5, 1, 9, 8, 4, 3, 2, 12, 0, 14, 11, 7, 10, 7, 16], "R": [[0.7592482762600544, -0.2533114965078322, 0.5994792246050722], [-0.5408056945374602, -0.7580007932335032, 0.3646422880210619], [0.3620376441089951, -0.6010558070548377, -0.7125030954695329]], "T": [-0.11241772361741151, 0.04896114960784357, 0.0488183955406256], "aligned_model": [[-0.34037878363656066, 0.15527030797052307, 0.2883801536467967, -0.13270597232879092, -0.6986709503692334, -0.5164420270135953, -0.0014497251192173571, 0.15610709251982194, 0.5351040820579887, 0.6406318907571409, 0.5609674049273716, -0.470980375460784, -0.5890664152108344, 0.11129003553584058, -0.5503337032440462, 0.11129003553584058, -0.07460292636653176], [-0.3263344024321875, 0.0771870984640608, -0.3706870114384354, 0.42600591806712923, -0.13010939144978304, -0.6595016441573919, -0.5799852781161776, -0.2635965571857894, -0.4360142265361683, 0.18309174445087442, 0.13096667829611855, 0.28103148796645516, 0.4506358521562363, 0.6462996235486119, -0.17330122894986802, 0.6462996235486119, 0.029740611291761684], [0.6114027843825693, 0.7597645983686176, 0.2914261364289028, -0.7217404789861988, 0.17789542322870722, -0.05390209594008928, -0.20808015905563437, -0.7508397112002687, -0.3735657268967866, 0.2960047556034134, -0.2831655995637316, 0.5739147417208323, -0.06156704165876624, -0.13845809184378222, -0.3785139998392802, -0.13845809184378222, -0.06361310245677611]], "inverted": true, "swapped": false, "error_lsq": 0.04641423761655931, "error_max": 0.3891733713847259, "target": "584.xyz", "model": "24.xyz", "model_rescale": 4.28219845311461, "target_rescale": 4.248879679395516},
{"mapping": [5, 2, 4, 8, 6, 9, 0, 7, 1, 10, 11, 15, 13, 14, 12, 16], "R": [[-0.21321014200784144, -0.05955654074888339, -0.9751894450818379], [-0.9770033715668811, 0.010526440239018331, 0.21296386079060797], [-0.002418117437839984, 0.9981694307630951, -0.06043128492871758]], "T": [-0.05776569173474757, -0.032070579445782454, 0.016445867693685133], "aligned_model": [[0.029372237153811674, -0.40246451098113356, 0.09328842973878546, 0.11280003796886043, 0.3554407329996278, -0.4650510095491536, -0.5184101921662512, 0.6005932618972291, -0.8449576048443516, 0.16193090437316052, -0.542667398821622, -0.2759674251283988, 0.3034908064755263, 0.5000805288029132, -0.005627924901747773, -0.09353010689624558], [0.4137250610707027, -0.25365345212843077, 0.6447367370023913, -0.5112931348338611, -0.05185489319170289, -0.6526539044152364, 0.5900548874268141, -0.2773499827798514, -0.15374726347114023, -0.6576846687441047, 0.4485527444548601, -0.21080478671692707, 0.08030957545800374, 0.3506401302237082, 0.5424051227699489, 0.043729203589058144], [-0.7097898786263971, -0.3687296588623981, -0.2202607743267019, -0.35651242232943453, -0.6012957840356593, 0.12911408449679118, -0.3629941287051724, -0.21384474660504083, 0.13018748226988855, 0.2945155569104992, 0.354624794206121, 0.5300447507100372, 0.7635490300793967, 0.10359195622638806, 0.36417365059759343, 0.015552108571835128]], "inverted": false, "swapped": true, "error_lsq": 0.038104294004906177, "error_max": 0.2623263295761821, "target": "584.xyz", "model": "25.xyz", "model_rescale": 4.100010024507729, "target_rescale": 4.248879679395516},
{"mapping": [13, 3, 6, 8, 11, 0, 4, 2, 10, 1, 15, 16], "R": [[0.47688579254636765, -0.8787390600250486, -0.019940041467287117], [-0.23841867103939285, -0.15115692622799362, 0.9593269103663854], [-0.8460121028491454, -0.4527352957740308, -0.2815923894446869]], "T": [0.022447833511906233, 0.03274468211089429, -0.020206067175184257], "aligned_model": [[-0.6974976300949929, -0.24852429251092897, 0.5613871472060891, 0.5742089266430886, -0.49008289854613923, 0.07076178348106976, -0.09892981864977543, 0.4768127571385676, 0.07191971158033637, 0.004555792357826494, -0.3358072591897057, -0.01203861705242873], [-0.39025036201573826, -0.7237900148011451, -0.20905353289535028, -0.2477110427516057, 0.5963152044531012, 0.7861819091041353, 0.2446175384507464, 0.31828531307703956, -0.49010361663617996, 0.6453828127592357, 0.03898589299142094, 0.09727128831497986], [-0.08386464113215109, 0.03133672730771119, 0.43125130198396233, -0.14165191657937834, -0.03413253094552086, 0.39597450708977733, 0.6706578006675313, -0.18841871818305952, -0.5112911157245965, -0.5415196715689438, -0.48383960972855394, 0.020690156667578237]], "inverted": false, "swapped": true, "error_lsq": 0.042542340047679615, "error_max": 0.20840022864918523, "target": "584.xyz", "model": "26.xyz", "model_rescale": 3.6694154284099745, "target_rescale": 4.248879679395516},
