[{"mapping": [1, 3, 2, 5, 0, 7, 6, 10, 4, 9, 11, 12], "R": [[0.12125448532240814, 0.4300126956107185, -0.894643186640798], [-0.8779747683332727, 0.46694928680238956, 0.10544510289660614], [0.46309573088005673, 0.7726884528503991, 0.434159992252076]], "T": [-0.06838693739187414, -0.057621449528725235, -0.030116530425661633], "aligned_model": [[-0.1999602317920799, 0.09514168514218545, 0.49734476250908194, -0.11406819427524711, -0.0539065479331428, -0.6184005662429671, 0.4508002005532193, -0.17903017950850164, 0.6277618295370039, 0.038291135528929585, -0.6107968765274167, -0.09553455453051596], [-0.37962925974901407, -0.7478338194885791, -0.3078413053784336, 0.872569776473754, 0.3065485026270856, -0.4083778951893754, -0.22306377745266864, -0.6846790431373878, 0.14073904334919618, 0.38700289342521355, 0.11198049068186976, -0.013860570184603675], [-0.4998542662605491, -0.015843104970635555, -0.46103545248912764, -0.08743330781187235, -0.5905990410897108, -0.03468690892055361, 0.44225177960986994, 0.642836946531754, -0.06044172382933795, 0.37937643140975097, 0.4684397126788238, -0.0010593195048493736]], "inverted": false, "swapped": true, "error_lsq": 0.03866291000932907, "error_max": 0.20230928748731689, "target": "585.xyz", "model": "0.xyz", "model_rescale": 3.751011558992144, "target_rescale": 3.891117181950665},
{"mapping": [6, 1, 4, 8, 10, 11, 5, 0, 7, 9, 2, 3, 14], "R": [[-0.8935234140201966, 0.16477177392658313, -0.4176914783842015], [-0.19030816346703303, 0.7035822180457572, 0.6846567500343644], [0.40669240405433926, 0.6912469348698048, -0.597309771824974]], "T": [0.013732718375955211, 0.07262691179010594, 0.022732851688508273], "aligned_model": [[-0.6225614204162584, -0.03336535842736824, 0.08877509633988519, 0.573174854855123, -0.23942584018645166, -0.7380664618584547, 0.4255028551548445, 0.25319315448307633, -0.39732978444842953, -0.11035430719016023, 0.7508426384807657, 0.13086536262001056, -0.020561547999150852], [-0.2875858036008547, -0.6203282238764203, -0.24850158618337126, -0.09096025605924579, 0.40292226332757103, 0.3332839289061287, 0.5220766383305485, -0.4605963707483226, -0.29761875097754975, 0.7143722168178492, 0.15247761376150754, 0.08452415179720457, 0.10999826160906602], [-0.14786115136988506, -0.03454280239462601, -0.6961684622681611, -0.29457139755269757, -0.6838571801603764, -0.037157890114568964, -0.11337866422927384, 0.5062989267990521, 0.38827736576406724, -0.06066376032479143, 0.38883520495308777, 0.7774144327843929, 0.043495750086123025]], "inverted": false, "swapped": false, "error_lsq": 0.04114398491728047, "error_max": 0.25085754721574244, "target": "585.xyz", "model": "1.xyz", "model_rescale": 3.9405287249114394, "target_rescale": 3.891117181950665},
{"mapping": [1, 2, 0, 5, 6, 7, 11, 8, 4, 3, 9, 8, 12], "R": [[0.8929111925084607, 0.4155673439349812, -0.17324371546449716], [-0.292728242160615, 0.24348945361824212, -0.9246745709806485], [-0.34208153784540174, 0.8763656021498762, 0.3390627564829409]], "T": [-0.034851112198762565, 0.06284853154392885, -0.034995721942042306], "aligned_model": [[-0.568179880575114, 0.15662576330944478, -0.0006331033137083469, 0.5459130199408385, -0.1344291383494181, -0.7389308813891217, 0.5177493363238005, 0.18382989693097024, -0.4725863652830238, -0.24758380752943904, 0.6638563204599389, 0.18382989693097024, -0.02877181604870669], [-0.4735921170838025, -0.5801097781922748, -0.12605464608047784, -0.22994286770851635, 0.41490729755993344, 0.4234955572394608, 0.425141911184998, 0.0075325276915381295, -0.14149604235824254, 0.4998681606307664, 0.1101477271995479, 0.0075325276915381295, -0.023366174670357245], [-0.2695552829927247, -0.15378480228358346, -0.851129721740619, -0.35912918167842933, -0.4368595488394768, -0.09081018807724753, -0.30143622261357444, 0.7064950238353858, 0.4732629378039654, 0.2659333771810564, 0.3649440444326914, 0.7064950238353858, -0.018305086890486832]], "inverted": true, "swapped": false, "error_lsq": 0.061563614652561965, "error_max": 0.4863023382732642, "target": "585.xyz", "model": "2.xyz", "model_rescale": 3.932901565614263, "target_rescale": 3.891117181950665},
{"mapping": [10, 6, 12, 5, 9, 11, 7, 2, 1, 3, 4, 0, 13], "R": [[-0.6821852749127062, -0.7086204358897463, -0.18022299667828612], [-0.7307123018651667, 0.6519071117207194, 0.20267375160799453], [-0.026130108977672928, 0.269952209710118, -0.9625191020844415]], "T": [-0.06364240540369702, 0.15913754886753886, 0.024966683997792477], "aligned_model": [[-0.5147181528124123, 0.1140762328879384, -0.08487918229029143, 0.43408775313703957, 0.10216592449216942, -0.9184785554478683, 0.4660716598932939, 0.27331121312560624, -0.40195348691994287, -0.23410567213905292, 0.738321595718649, 0.14004243277641626, -0.053252521014113346], [-0.35097192815679734, -0.49039144511512545, -0.27515390077041946, -0.09908243683439547, 0.37947350454074774, 0.3042102253687663, 0.609577949343794, -0.40251210478988897, -0.207660386074595, 0.5573600686527203, -0.016180145804590512, 0.22690006048116848, 0.07849462226272713], [-0.19743932278003612, -0.09001345455401658, -0.6027830641012131, -0.42490753611019827, -0.6560271513366858, -0.18931764458891903, -0.1370487535150214, 0.539953847609469, 0.5724824444628658, 0.29523798752643315, 0.3238711024603893, 0.6596879282132043, -0.05757601131392913]], "inverted": false, "swapped": false, "error_lsq": 0.05501612575496768, "error_max": 0.3231386901688993, "target": "585.xyz", "model": "3.xyz", "model_rescale": 3.9243930471874484, "target_rescale": 3.891117181950665},
{"mapping": [6, 3, 0, 2, 5, 11, 1, 4, 10, 9, 7, 8, 12], "R": [[0.48548845938859153, 0.1819714733352598, -0.8550949296380415], [-0.7486543767727509, 0.5916287735287775, -0.2991521660824783], [0.45146160405896785, 0.7854054858638495, 0.42346268175067625]], "T": [-0.07325776149915696, 0.05190354401224394, 0.08535465138911148], "aligned_model": [[-0.5869842240629196, -0.04668220951911961, 0.34470722992996383, 0.6849831603957544, -0.19625535386845, -0.7991324604080325, 0.3555616130359124, 0.2961748541104628, -0.4804487871014743, -0.2275892821655524, 0.71138715584208, 0.06534723383232378, -0.06037968861351702], [-0.2418359248699845, -0.5795662669920294, -0.11047080022251705, -0.39833195662142246, 0.22216830037889373, 0.3667044676679056, 0.5156833718568524, -0.3101141382481416, -0.27894059635280666, 0.6994474489478736, 0.12529857319298376, 0.23048305994933332, 0.07353854441717111], [-0.3285520540642069, -0.14593086089355956, -0.6373224491437464, -0.1858891294551412, -0.6423160191656703, 0.09720291442677904, -0.248085771010846, 0.3766105692598561, 0.5563804924784896, 0.31892704848771763, 0.23322040906917157, 0.6729211418164184, -0.031045919832919336]], "inverted": false, "swapped": false, "error_lsq": 0.0426127579768994, "error_max": 0.2855230873213908, "target": "585.xyz", "model": "4.xyz", "model_rescale": 3.8936222436046832, "target_rescale": 3.891117181950665},
{"mapping": [10, 6, 3, 7, 2, 4, 9, 0, 8, 11, 1, 12], "R": [[0.24400669389835924, 0.43244987665834067, -0.8680137311765169], [0.3676021707293565, 0.7870261208989037, 0.4954377146502772], [0.8974014583272404, -0.4399738505877485, 0.03307012838094329]], "T": [-0.058937541070404845, -0.006644277059434673, 0.0381374508617762], "aligned_model": [[-0.061575518840527046, -0.6244079838220599, -0.2938418773588062, 0.4506387482288666, -0.6158948156484234, -0.7268657668705805, -0.1473931110059657, 0.00390382582787642, 0.5395477927866715, 0.4617574021483102, 0.07118238228359593, -0.02950303551386077], [-0.6210385075949442, -0.42860252623676137, 0.05597460578198868, -0.0012116049650684642, 0.47980423337397843, 0.04617491475582179, -0.4501608342404855, 0.5157215206347114, 0.18138573939269423, -0.5510632585017611, 0.4833300177625077, -0.04139139505287466], [-0.6552760660496004, -0.11103588029291594, -0.6283738281217854, -0.3691320617609185, -0.10855914391244778, 0.3137669600616301, 0.4531364617469825, 0.45063595570516624, 0.3495610062552794, 0.10151281268669052, -0.2528060111193526, 0.07585451407679004]], "inverted": true, "swapped": true, "error_lsq": 0.04730038738403419, "error_max": 0.2742765953984693, "target": "585.xyz", "model": "5.xyz", "model_rescale": 3.6523030999806103, "target_rescale": 3.891117181950665},
{"mapping": [7, 5, 0, 1, 3, 11, 2, 8, 9, 4, 6, 10, 12], "R": [[-0.5396086710807049, 0.44367390901840176, 0.7155249433463847], [0.6984694533686008, 0.7104252318667201, 0.08623463711343254], [-0.47006691524237704, 0.5463052739846543, -0.6932442879757958]], "T": [0.03654073759050831, -0.0005425798222081502, 0.07367026475293505], "aligned_model": [[-0.5535466631659934, 0.05615771837459432, 0.12005239661289614, 0.6044541292005441, -0.16882137511717277, -0.7710852239630147, 0.46280043454896685, 0.2267622399638412, -0.3914488015931588, -0.0978879082972179, 0.5572242960386027, 0.019208217625485094, -0.0031802188209407237], [-0.1913835865246137, -0.6194730960996249, -0.2461884801545125, -0.02786683482902108, 0.19238030922192814, 0.34346971165611273, 0.5952831633475444, -0.5454515286130351, -0.19697190871686313, 0.5549071489339046, 0.042994280745517144, 0.4537243658110347, -0.041359461674259676], [-0.21302579264310229, -0.20995575674761707, -0.8854166056378326, -0.32520644641450275, -0.5613477385312879, 0.1366373408924612, -0.1250908701155634, 0.4209354663338003, 0.6222168427934783, 0.023310162325808556, 0.46047465434261636, 0.7077161365348589, -0.015127021160775245]], "inverted": false, "swapped": false, "error_lsq": 0.05223649256476556, "error_max": 0.3492880804967802, "target": "585.xyz", "model": "6.xyz", "model_rescale": 4.08911054899281, "target_rescale": 3.891117181950665},
{"mapping": [1, 11, 13, 12, 2, 0, 7, 10, 9, 6, 5, 4, 14], "R": [[0.06232752785163678, 0.9845101309655311, 0.16387520037558234], [0.20739600742709186, 0.1478344076322559, -0.9670221734910334], [-0.9762695198433708, 0.09425916372562312, -0.19496931727464464]], "T": [0.017740104577232112, 0.0023242809558715466, 0.088839616489411], "aligned_model": [[-0.5515003006386496, 0.025748047246144292, 0.18370732588663544, 0.5883955523443762, -0.2681376435490407, -0.7953792895247179, 0.4017942614053013, 0.4438351830189622, -0.6254652373952958, -0.13783478371227142, 0.7075233056545439, 0.19371033910170582, -0.10570751843026208], [-0.1794551913562587, -0.5750464294010074, -0.17126515622962968, -0.3302534766355857, 0.44213746889854394, 0.47313493448015675, 0.5522907207873872, -0.46403305740084694, -0.37786794664902235, 0.4766019466142008, 0.24051198530111068, 0.3343169933810407, -0.10700870868597791], [-0.33644575049489733, -0.016564361772139144, -0.6026920972447316, -0.17901540605135743, -0.5235147058838452, 0.046056879699876846, -0.29759056377551096, 0.4355797433720039, 0.32611175146236326, 0.08918085668358675, 0.30785327495301085, 0.6852160120318869, 0.1019447389920957]], "inverted": false, "swapped": false, "error_lsq": 0.043526816340096613, "error_max": 0.21407578180106787, "target": "585.xyz", "model": "7.xyz", "model_rescale": 3.964800864290218, "target_rescale": 3.891117181950665},
{"mapping": [12, 9, 11, 10, 6, 2, 3, 8, 7, 0, 5, 1, 13], "R": [[-0.7529012510223544, -0.4874336467581055, 0.44220826113616213], [-0.5100515486852575, 0.007529874770736966, -0.8601108758001539], [0.41591720797863624, -0.873127562841783, -0.2542855385452039]], "T": [-0.05784896092895335, 0.09818598339476982, -0.03736269340627692], "aligned_model": [[-0.47705847382383376, 0.11799316726544408, -0.0840168800541032, 0.6635481740933286, -0.04975597909948998, -0.6491015567161299, 0.38620661119050115, 0.22135675878041444, -0.4718049989193664, -0.13704708215696537, 0.7015333923937574, -0.15019426767234645, -0.010969623873778374], [-0.526398244075968, -0.5561932385117644, -0.2762060435692606, -0.22138211368467808, 0.3782896750150216, 0.37438751090028066, 0.6595741536443945, -0.4569412622094975, -0.19588259743180225, 0.7951413319351954, 0.02814660810455076, 0.2690406688721686, 0.04248763411547031], [-0.10688149936400444, -0.1587056234750632, -0.7764697050413341, -0.2667017827868181, -0.5452822232181888, 0.07551694130539348, -0.15407030616503953, 0.41533531705618826, 0.4616535722040119, 0.10803425380235741, 0.3054253611396747, 0.6874827466326892, -0.0092166801175242]], "inverted": false, "swapped": false, "error_lsq": 0.04718571117274771, "error_max": 0.3083840054736004, "target": "585.xyz", "model": "8.xyz", "model_rescale": 4.121658175737393, "target_rescale": 3.891117181950665},
{"mapping": [11, 10, 3, 0, 2, 8, 1, 5, 7, 6, 4, 9, 12], "R": [[-0.9054886898493069, -0.11072016607979165, -0.4096721584123688], [0.3332764750332993, -0.783153332151654, -0.5249739512862897], [-0.26271091287642445, -0.611892068230194, 0.7460369113472947]], "T": [-0.051807434726261536, 0.0015673902763485396, 0.01556095645489761], "aligned_model": [[-0.5597621220628737, 0.06287601961597114, -0.1427529846468594, 0.6653641660354559, -0.042760851241941344, -0.6507246273101588, 0.40336221605658656, 0.2663875347783738, -0.5044031829117768, -0.181150445175738, 0.7136793903679897, 0.02241992948845667, 0.008154198413946087], [-0.33565624683946527, -0.7171051875273541, -0.2968395986463349, -0.12349878042197752, 0.3344831225580188, 0.398235484411654, 0.48255407401284567, -0.4266898367876103, -0.20130115878090085, 0.631179787908249, 0.2551765295105846, 0.2506535909385695, 0.06287230276783316], [-0.1613410750106861, -0.20086053464170972, -0.709260516310472, -0.282512174051713, -0.5938910313058333, -0.10487972292622677, -0.17523766719820297, 0.32711450743002196, 0.4729583229110297, 0.27448307696616125, 0.38682938067478423, 0.8065326247694727, -0.003814819334282734]], "inverted": false, "swapped": false, "error_lsq": 0.04316059058157341, "error_max": 0.2965339108762589, "target": "585.xyz", "model": "9.xyz", "model_rescale": 3.833441315466971, "target_rescale": 3.891117181950665},
{"mapping": [8, 9, 2, 3, 13, 10, 5, 7, 11, 0, 4, 12, 14], "R": [[0.7873433739249013, -0.16707161231305653, 0.5934454380106641], [0.008233260516748775, 0.9653446693787736, 0.2608483903022014], [-0.6164597512878002, -0.20049126080979685, 0.7614332730982286]], "T": [0.03846994368813382, 0.125057720372103, 0.1513651780729282], "aligned_model": [[-0.5282186560097885, -0.0010633951264603786, 0.19346921168319892, 0.6300185269149841, -0.1153523843397495, -0.7777366989544409, 0.388708307629402, 0.10439267421576191, -0.37370451333163085, -0.2334200361127461, 0.8353525258782118, -0.12814969331097026, 0.06639337227165898], [-0.3229931347669362, -0.5444868773460976, -0.05354796744702961, -0.4521770290301175, 0.4550829631040862, 0.2191588443366936, 0.5117283740719383, -0.5007706203043023, -0.2635231858262193, 0.7241085515933996, 0.15022505367092565, 0.34475484308058674, 0.04650426796718418], [-0.14133573507618363, -0.3047677776771006, -0.5274024479429884, -0.1154534260619669, -0.5579362895516868, 0.12479755690340755, -0.2790463638937068, 0.3702419890598735, 0.5314364573905364, -0.02480775458307627, 0.16740686211601624, 0.6870807072025893, 0.10590659408662867]], "inverted": true, "swapped": false, "error_lsq": 0.04875719634488348, "error_max": 0.26704982713304465, "target": "585.xyz", "model": "10.xyz", "model_rescale": 4.2482417240324, "target_rescale": 3.891117181950665},
{"mapping": [4, 6, 11, 10, 0, 8, 9, 7, 3, 1, 2, 12], "R": [[-0.5163849681980284, 0.2228479988657075, -0.8268526676625472], [0.6830937409953344, 0.6894999821705867, -0.240775238759636], [0.5164586194770306, -0.6891505960153487, -0.5082734995841998]], "T": [-0.045080964334440386, 0.10560708536972815, 0.009445449792044619], "aligned_model": [[-0.6893645179769302, -0.16739339190139382, 0.5067713739472475, 0.6219420908028399, -0.46624866961706185, 0.10362321266449234, -0.16220461797899266, 0.5430474353336591, 0.15916711787884472, 0.007965732911829594, -0.5482410329404036, -0.03229913076112452], [-0.22569791399083497, -0.6050374906772852, 0.10840126303256811, -0.5197546650514931, 0.6247184549514492, 0.7296691140724122, -0.1279393013794116, 0.3297821148901138, -0.21152485592295198, 0.43598912263144174, 0.014141318992380539, 0.11338422850225086], [0.004414735047414103, 0.00037764961920772055, 0.5261493079534694, -0.13992810845329823, 0.01999203645687886, 0.29044058294828756, 0.564867486063049, -0.16206695820633152, -0.5914276727819614, -0.46981216305884943, -0.5444655618949054, 0.06665095616139621]], "inverted": true, "swapped": true, "error_lsq": 0.05166405640953791, "error_max": 0.3332098191911645, "target": "585.xyz", "model": "11.xyz", "model_rescale": 3.6694154284099745, "target_rescale": 3.891117181950665},
{"mapping": [0, 6, 5, 7, 12, 1, 10, 11, 4, 2, 9, 8, 13], "R": [[0.19614601509293528, 0.012443606948018354, -0.980495740638013], [0.4224153578946811, -0.9034549268637785, 0.07303739138464328], [-0.8849248590574631, -0.42850245246869745, -0.18246545440285727]], "T": [0.0032859999165458253, 0.009303046869002017, -0.00624566883047689], "aligned_model": [[-0.5712874448477949, 0.031209900821147715, 0.08467389711816635, 0.6550870924507607, -0.12815227738915255, -0.754713687612568, 0.4005850494198726, 0.26413466049309836, -0.5099938589600579, -0.1760823029713391, 0.7194290480686759, 0.1592727281155002, -0.11347356329887766], [-0.293678339832908, -0.5504299075695428, -0.33873951707856476, -0.09483976014523561, 0.41591636582612573, 0.3815513448657719, 0.4844888484113865, -0.40204693001721925, -0.30957740914401877, 0.6092565472838019, 0.09869157141923388, 0.33228600667754926, -0.018814737592268843], [-0.30424818611730314, -0.08223322654513175, -0.7251428633907173, -0.3475299051906455, -0.5345998004241189, 0.05155720692701557, -0.1472446283469114, 0.5485316033231309, 0.42099863013070754, 0.1786769708096326, 0.34565643851217276, 0.660048560178139, -0.028350427893627565]], "inverted": true, "swapped": false, "error_lsq": 0.03415886808151324, "error_max": 0.19997604888834952, "target": "585.xyz", "model": "12.xyz", "model_rescale": 3.9764082729961374, "target_rescale": 3.891117181950665},
{"mapping": [8, 7, 3, 4, 14, 10, 6, 0, 1, 13, 5, 9, 15], "R": [[0.6233897403387907, 0.5852868533923792, -0.5184829128200688], [0.7319624127976403, -0.2036205189545535, 0.6502074365247874], [0.274984104798427, -0.784842648883664, -0.5553429198265534]], "T": [-0.03961474885723511, 0.07757636122524272, 0.06082133713618526], "aligned_model": [[-0.6028311831122101, 0.1662941795260679, -0.20333048128202558, 0.6145650234495976, -0.02718877167142321, -0.8231983582353103, 0.4772822282869957, 0.29525626558214085, -0.49541761471345497, -0.12495091257162207, 0.6581489416839981, 0.11246013990794619, 0.013599784556731533], [-0.26703931105409806, -0.6183890652996988, -0.2546030885500742, -0.17870853926719252, 0.441073958496472, 0.23546566716768574, 0.540980377668726, -0.46795936230334634, -0.06765053805149548, 0.6697990509059835, 0.23864704250422972, 0.0022537539191443967, 0.04019413696777541], [-0.19152787180475522, -0.14957670757190183, -0.6950208550026193, -0.08827794878896955, -0.6508830477344505, 0.14576009826034558, -0.25813483267784454, 0.40339995810477897, 0.4785239508037521, -0.06751638598807522, 0.49671808365916575, 0.6376218741966939, -0.024965943483777023]], "inverted": false, "swapped": false, "error_lsq": 0.04946034344996212, "error_max": 0.2970061129188035, "target": "585.xyz", "model": "13.xyz", "model_rescale": 4.170626492500431, "target_rescale": 3.891117181950665},
{"mapping": [5, 12, 4, 8, 2, 6, 0, 10, 11, 3, 7, 9, 13], "R": [[-0.8870291391062928, 0.45513742126297596, 0.07764814320019423], [0.40980558236088016, 0.6986207530181932, 0.5865052669142479], [0.21269389046751994, 0.5520679045356482, -0.8062148210864206]], "T": [0.06049907638967243, 0.12373741565388094, -0.01261430090287835], "aligned_model": [[-0.6375129602388213, -0.006316984371189799, 0.09375898215642661, 0.5795672083305212, -0.0574145988095648, -0.7601842924929652, 0.48604592285679105, 0.2768367320878401, -0.45881266910767127, -0.3449548211507525, 0.8450976929472347, 0.07621312593533705, -0.031634096735753695], [-0.45294816795674064, -0.6020737899672359, -0.16033687264518295, -0.35620695635013055, 0.5462758202171375, 0.16245360915798956, 0.5054584208414188, -0.25427825018481887, -0.0454641119958438, 0.6335627048264677, 0.09587206058438547, 0.15328202929664062, 0.08846758728002498], [-0.09882777278312527, -0.07924634278510373, -0.6616587585394778, -0.2401620255455044, -0.503011924374374, -0.19280623032837896, -0.18307650254414803, 0.3460366158426038, 0.436101427772468, 0.21356906700743133, 0.19001426512772468, 0.7968216897198854, 0.012366863402341902]], "inverted": true, "swapped": false, "error_lsq": 0.05196731496762842, "error_max": 0.3811414718964586, "target": "585.xyz", "model": "14.xyz", "model_rescale": 3.9786697098870705, "target_rescale": 3.891117181950665},
{"mapping": [7, 1, 10, 11, 3, 6, 0, 4, 9, 8, 2, 12], "R": [[0.2686244254716077, 0.8109767524524762, 0.519766894888164], [0.5487746268659015, 0.31461919769553903, -0.77450704925753], [-0.7916358550168374, 0.49328639493001447, -0.3605290635007259]], "T": [0.027105907677714192, -0.04392098970795898, 0.031635161273443124], "aligned_model": [[-0.0006455332004626051, -0.4843142596446935, 0.5697005427227019, 0.5929653270261765, -0.10905929036105207, 0.4123078520618378, -0.4495487164033048, -0.0215774846932424, 0.5060039556569281, -0.10830666003523427, -0.4905785611105094, 0.06640742474819106], [-0.39066183764601076, -0.10312428147689892, 0.22662429599684836, -0.5196304389861256, 0.3922118910282749, 0.5655746852811679, -0.27289127906961425, 0.49143839613408646, -0.06776850519081781, -0.7224618652960711, 0.4971262265567653, -0.0817627971071655], [-0.5202403739284834, -0.24512915147138575, -0.6688688324915751, -0.126590390192697, -0.5111222485253387, 0.045518698811629454, 0.44071101783813993, 0.5173406929327221, 0.4148367518612823, 0.1401263104259823, 0.11895154275058134, 0.05443247586297295]], "inverted": false, "swapped": true, "error_lsq": 0.05156669527887128, "error_max": 0.295298645015244, "target": "585.xyz", "model": "15.xyz", "model_rescale": 3.769337070930944, "target_rescale": 3.891117181950665},
{"mapping": [9, 11, 4, 6, 5, 8, 0, 7, 2, 3, 12], "R": [[-0.7454816567050347, -0.6656565488053117, -0.03403613592813326], [-0.15913002907426405, 0.22733636863328077, -0.9607267089778742], [0.6472516769875074, -0.7107879673497819, -0.27540103868290816]], "T": [-0.021677104016560804, 0.012781141875189236, 0.06730443249494313], "aligned_model": [[-0.26543260397469287, -0.21213600144137892, -0.1686956170953269, -0.6706936472843819, 0.3606075294455199, 0.512479298328857, 0.5872220338609144, 0.053433375659353445, 0.0741514465811578, -0.3255073749907965, -0.022802308398054374], [0.04806992869722394, -0.6285806141859437, 0.7039799971935115, 0.3269834594590642, 0.12246741316078871, -0.3695383396483619, 0.25563994705112186, -0.5523810974628647, 0.6430483409076507, 0.061888902662995085, -0.015513440209843833], [-0.49491746422097704, -0.28470720650096026, -0.09244320412322153, 0.05668847319089343, -0.7767661143449551, -0.1756633939016755, -0.06396445617599765, 0.38434705348347414, 0.46971416975378427, 0.7065336957314093, 0.015396054332002918]], "inverted": false, "swapped": true, "error_lsq": 0.04922480995108727, "error_max": 0.2512936827061769, "target": "585.xyz", "model": "16.xyz", "model_rescale": 3.7852294659196426, "target_rescale": 3.891117181950665},
{"mapping": [8, 2, 3, 1, 0, 9, 4, 7, 11, 10, 5, 6, 12], "R": [[0.8947302640505114, 0.33839533239542374, -0.2914555774129106], [0.4400557574126406, -0.5566271111233848, 0.7046397586926403], [0.07621472928568071, -0.7587192222261314, -0.6469439364152699]], "T": [0.015235047696907773, -0.013068785664915799, -0.053914943622019124], "aligned_model": [[-0.5698829629017501, 0.06059536952645973, 0.12603918332502886, 0.6233529505412648, -0.14177644504999995, -0.762630100072594, 0.42811053418315315, 0.254803016695939, -0.4555296073316862, -0.18575787603949726, 0.5963131805394399, 0.1396852172740364, -0.052633219282362864], [-0.2055425305594957, -0.6230109624403833, -0.29295864543929945, -0.2838709128832376, 0.3978042183291387, 0.36365037908241016, 0.5329034187376155, -0.34800296184109686, -0.3183761671474568, 0.6459948620351862, 0.1832905806079183, 0.23134415424006358, 0.030838650382748804], [-0.2655672113910995, -0.053858161646901576, -0.790039580545507, -0.23030365749363443, -0.5757175130608931, -0.0703547827164154, -0.23621927645089374, 0.5134062097252571, 0.4184198071865115, 0.3638074859496613, 0.18272869852699414, 0.7899853502523305, -0.010166996363066602]], "inverted": true, "swapped": false, "error_lsq": 0.03884394714535368, "error_max": 0.2898233915009239, "target": "585.xyz", "model": "17.xyz", "model_rescale": 3.901054581598922, "target_rescale": 3.891117181950665},
{"mapping": [6, 1, 4, 8, 10, 11, 5, 0, 7, 9, 2, 3, 14], "R": [[-0.8935234140201966, 0.16477177392658313, -0.4176914783842015], [-0.19030816346703303, 0.7035822180457572, 0.6846567500343644], [0.40669240405433926, 0.6912469348698048, -0.597309771824974]], "T": [0.013732718375955211, 0.07262691179010594, 0.022732851688508273], "aligned_model": [[-0.6225614204162584, -0.03336535842736824, 0.08877509633988519, 0.573174854855123, -0.23942584018645166, -0.7380664618584547, 0.4255028551548445, 0.25319315448307633, -0.39732978444842953, -0.11035430719016023, 0.7508426384807657, 0.13086536262001056, -0.020561547999150852], [-0.2875858036008547, -0.6203282238764203, -0.24850158618337126, -0.09096025605924579, 0.40292226332757103, 0.3332839289061287, 0.5220766383305485, -0.4605963707483226, -0.29761875097754975, 0.7143722168178492, 0.15247761376150754, 0.08452415179720457, 0.10999826160906602], [-0.14786115136988506, -0.03454280239462601, -0.6961684622681611, -0.29457139755269757, -0.6838571801603764, -0.037157890114568964, -0.11337866422927384, 0.5062989267990521, 0.38827736576406724, -0.06066376032479143, 0.38883520495308777, 0.7774144327843929, 0.043495750086123025]], "inverted": false, "swapped": false, "error_lsq": 0.04114398491728047, "error_max": 0.25085754721574244, "target": "585.xyz", "model": "18.xyz", "model_rescale": 3.9405287249114394, "target_rescale": 3.891117181950665},
{"mapping": [10, 11, 5, 9, 2, 3, 8, 13, 14, 1, 7, 12, 15], "R": [[-0.5207871497046513, 0.7572807696609626, -0.394089559115952], [-0.5124956300800995, -0.6465296793568632, -0.5651084876902077], [-0.682736386793107, -0.09233206167097088, 0.7248074341066606]], "T": [0.07420086475799233, 0.14660841142412556, 0.12739975394973832], "aligned_model": [[-0.543553626305355, 0.006455166517382774, 0.29993155112561315, 0.602622907252514, -0.3274673873932809, -0.749294486226175, 0.6038279687030773, 0.2131546459467702, -0.41949699848534105, -0.2912718575560316, 0.764095738931034, -0.14908755392758044, 0.050773172824804536], [-0.20962998956129575, -0.5232687649015835, 0.03247933263825992, -0.33483478267062305, 0.21404208745783818, 0.30035463450887323, 0.46764841201315915, -0.41308310943223964, -0.36685117595232136, 0.6842371124440085, 0.04822939996140889, 0.27412928524456626, 0.14061164135406037], [-0.20332313213609196, -0.1292873920229485, -0.6646121483385796, -0.15187151707952343, -0.6403505945121611, 0.28117264059950864, -0.3069970742206485, 0.4720257737839887, 0.43130867786669325, 0.013801809146638228, 0.2273606544795176, 0.6111556542035341, 0.09573702020241545]], "inverted": false, "swapped": false, "error_lsq": 0.05025236474467401, "error_max": 0.3236639070315772, "target": "585.xyz", "model": "19.xyz", "model_rescale": 4.410303926677745, "target_rescale": 3.891117181950665},
{"mapping": [12, 9, 11, 10, 6, 2, 3, 8, 7, 0, 5, 1, 13], "R": [[-0.7529012510223544, -0.4874336467581055, 0.44220826113616213], [-0.5100515486852575, 0.007529874770736966, -0.8601108758001539], [0.41591720797863624, -0.873127562841783, -0.2542855385452039]], "T": [-0.05784896092895335, 0.09818598339476982, -0.03736269340627692], "aligned_model": [[-0.47705847382383376, 0.11799316726544408, -0.0840168800541032, 0.6635481740933286, -0.04975597909948998, -0.6491015567161299, 0.38620661119050115, 0.22135675878041444, -0.4718049989193664, -0.13704708215696537, 0.7015333923937574, -0.15019426767234645, -0.010969623873778374], [-0.526398244075968, -0.5561932385117644, -0.2762060435692606, -0.22138211368467808, 0.3782896750150216, 0.37438751090028066, 0.6595741536443945, -0.4569412622094975, -0.19588259743180225, 0.7951413319351954, 0.02814660810455076, 0.2690406688721686, 0.04248763411547031], [-0.10688149936400444, -0.1587056234750632, -0.7764697050413341, -0.2667017827868181, -0.5452822232181888, 0.07551694130539348, -0.15407030616503953, 0.41533531705618826, 0.4616535722040119, 0.10803425380235741, 0.3054253611396747, 0.6874827466326892, -0.0092166801175242]], "inverted": false, "swapped": false, "error_lsq": 0.04718571117274771, "error_max": 0.3083840054736004, "target": "585.xyz", "model": "20.xyz", "model_rescale": 4.121658175737393, "target_rescale": 3.891117181950665},
{"mapping": [7, 5, 0, 1, 3, 11, 2, 8, 9, 4, 6, 10, 12], "R": [[-0.5396086710807049, 0.44367390901840176, 0.7155249433463847], [0.6984694533686008, 0.7104252318667201, 0.08623463711343254], [-0.47006691524237704, 0.5463052739846543, -0.6932442879757958]], "T": [0.03654073759050831, -0.0005425798222081502, 0.07367026475293505], "aligned_model": [[-0.5535466631659934, 0.05615771837459432, 0.12005239661289614, 0.6044541292005441, -0.16882137511717277, -0.7710852239630147, 0.46280043454896685, 0.2267622399638412, -0.3914488015931588, -0.0978879082972179, 0.5572242960386027, 0.019208217625485094, -0.0031802188209407237], [-0.1913835865246137, -0.6194730960996249, -0.2461884801545125, -0.02786683482902108, 0.19238030922192814, 0.34346971165611273, 0.5952831633475444, -0.5454515286130351, -0.19697190871686313, 0.5549071489339046, 0.042994280745517144, 0.4537243658110347, -0.041359461674259676], [-0.21302579264310229, -0.20995575674761707, -0.8854166056378326, -0.32520644641450275, -0.5613477385312879, 0.1366373408924612, -0.1250908701155634, 0.4209354663338003, 0.6222168427934783, 0.023310162325808556, 0.46047465434261636, 0.7077161365348589, -0.015127021160775245]], "inverted": false, "swapped": false, "error_lsq": 0.05223649256476556, "error_max": 0.3492880804967802, "target": "585.xyz", "model": "21.xyz", "model_rescale": 4.08911054899281, "target_rescale": 3.891117181950665},
{"mapping": [4, 13, 14, 12, 15, 1, 9, 7, 0, 8, 10, 6, 16], "R": [[-0.6004081989283135, -0.7851070063084169, 0.1520427022421482], [0.7475488913359079, -0.6185514317668889, -0.2420016142954154], [0.2840433940828653, -0.03164039988002132, 0.9582892232375979]], "T": [-0.037087550379915915, 0.10483946827610949, -0.07131555488764056], "aligned_model": [[-0.4717331070267096, 0.08011247533078397, 0.19160475947386413, 0.5602704013835685, -0.28708024799900356, -0.7507998497226317, 0.5821095172705689, 0.2638272602848226, -0.4750690159717575, -0.22330959579368115, 0.6698114053427279, -0.026977094239680588, -0.052077666925440046], [-0.4374971829123193, -0.5454867030656742, -0.05563445048622637, -0.2930415062991383, 0.4187506218560161, 0.43917179213902924, 0.3390971688966037, -0.3260307029174374, -0.25124778267478454, 0.6394177226297036, 0.15311290059806681, 0.16996371213436584, 0.06348849320590547], [-0.12829259177688562, -0.07968160948861443, -0.6490443275464597, -0.24401099075689192, -0.6799783980852824, 0.022679297383070424, -0.3344997730230723, 0.4078476326671651, 0.4592063614245247, 0.32907108054647416, 0.31481777874859185, 0.6711268604483205, -0.05312094856859767]], "inverted": true, "swapped": false, "error_lsq": 0.044250834975535495, "error_max": 0.23863106339491327, "target": "585.xyz", "model": "22.xyz", "model_rescale": 4.204369325754507, "target_rescale": 3.891117181950665},
{"mapping": [10, 11, 5, 9, 2, 3, 8, 13, 14, 1, 7, 12, 15], "R": [[-0.5207871497046513, 0.7572807696609626, -0.394089559115952], [-0.5124956300800995, -0.6465296793568632, -0.5651084876902077], [-0.682736386793107, -0.09233206167097088, 0.7248074341066606]], "T": [0.07420086475799233, 0.14660841142412556, 0.12739975394973832], "aligned_model": [[-0.543553626305355, 0.006455166517382774, 0.29993155112561315, 0.602622907252514, -0.3274673873932809, -0.749294486226175, 0.6038279687030773, 0.2131546459467702, -0.41949699848534105, -0.2912718575560316, 0.764095738931034, -0.14908755392758044, 0.050773172824804536], [-0.20962998956129575, -0.5232687649015835, 0.03247933263825992, -0.33483478267062305, 0.21404208745783818, 0.30035463450887323, 0.46764841201315915, -0.41308310943223964, -0.36685117595232136, 0.6842371124440085, 0.04822939996140889, 0.27412928524456626, 0.14061164135406037], [-0.20332313213609196, -0.1292873920229485, -0.6646121483385796, -0.15187151707952343, -0.6403505945121611, 0.28117264059950864, -0.3069970742206485, 0.4720257737839887, 0.43130867786669325, 0.013801809146638228, 0.2273606544795176, 0.6111556542035341, 0.09573702020241545]], "inverted": false, "swapped": false, "error_lsq": 0.05025236474467401, "error_max": 0.3236639070315772, "target": "585.xyz", "model": "23.xyz", "model_rescale": 4.410303926677745, "target_rescale": 3.891117181950665},
{"mapping": [10, 9, 8, 15, 4, 1, 5, 14, 11, 0, 6, 13, 16], "R": [[0.693224279023728, -0.34484440799636695, -0.6328684170075705], [0.6491042381881375, -0.08288296189740887, 0.7561706835055897], [-0.3132152405906051, -0.9349934485870735, 0.16638348524123858]], "T": [-0.04096415204693668, 0.09408212207775192, 0.06343447681117023], "aligned_model": [[-0.45555940844412146, 0.00068434621880617, 0.014894849308099839, 0.5463144826379167, -0.03199611149826835, -0.8760906292770329, 0.41798513661292325, 0.2725302615169748, -0.39128487934915157, -0.2132569560435754, 0.6584023630283927, 0.24577182051586696, -0.1277060338193991], [-0.2181436490473177, -0.5034487205578231, -0.2617343150754921, -0.2645745007008944, 0.2744948033001057, 0.26544276394505095, 0.42533409758637797, -0.38894475917538684, -0.34388220456010804, 0.8286224038817019, 0.17207088493291972, 0.16938051657068337, 0.15944676200429397], [-0.32951563133733663, -0.11998383830433892, -0.675470863725521, -0.12573059135539047, -0.6008359588504127, 0.1610799939556568, -0.21086410610200076, 0.419181964034511, 0.357005802430441, 0.0973693436079784, 0.35101458777072014, 0.7008505557222587, 0.012019114125777074]], "inverted": true, "swapped": false, "error_lsq": 0.04306036721047291, "error_max": 0.26191651388005616, "target": "585.xyz", "model": "24.xyz", "model_rescale": 4.28219845311461, "target_rescale": 3.891117181950665},
{"mapping": [10, 11, 5, 9, 1, 6, 3, 12, 14, 0, 7, 2, 15], "R": [[0.7433807422133848, -0.6687824012040569, 0.0107318193244888], [0.07017908686061969, 0.062030849994528243, -0.9956038717363278], [0.6651766441131912, 0.7408658944024167, 0.09304707753401285]], "T": [0.08208808598036343, 0.05925641261316872, 0.049578994599511], "aligned_model": [[-0.5715751527697206, -0.010745489273989495, 0.04727596858441833, 0.6158204062826933, 0.021343036970591707, -0.7894654770214873, 0.5685687436384648, 0.2290885777065089, -0.4064720932624798, -0.3111719559727723, 0.8237319312197617, -0.20641063363262901, 0.05070137893807182], [-0.36225191144969715, -0.46463901386705286, -0.18553386573476593, -0.2777664193704359, 0.43951465623551406, 0.2842268934453245, 0.46087732538178605, -0.6121423228101607, -0.3418170403509556, 0.767965558257289, 0.18679439376281995, 0.29359532592620974, 0.12524050367823628], [-0.10777386327203532, -0.06614732335451234, -0.7653728549124055, -0.1921214498876927, -0.4618807848795021, 0.09407398908146776, -0.39995694057282727, 0.3842945361228318, 0.474542124153434, 0.14248786564638938, 0.24768118018315316, 0.6245866353112206, 0.06170725835282135]], "inverted": false, "swapped": false, "error_lsq": 0.04513505325108591, "error_max": 0.24996027915580876, "target": "585.xyz", "model": "25.xyz", "model_rescale": 4.100010024507729, "target_rescale": 3.891117181950665},
{"mapping": [4, 6, 11, 10, 0, 8, 9, 7, 3, 1, 2, 12], "R": [[-0.5163849681980284, 0.2228479988657075, -0.8268526676625472], [0.6830937409953344, 0.6894999821705867, -0.240775238759636], [0.5164586194770306, -0.6891505960153487, -0.5082734995841998]], "T": [-0.045080964334440386, 0.10560708536972815, 0.009445449792044619], "aligned_model": [[-0.6893645179769302, -0.16739339190139382, 0.5067713739472475, 0.6219420908028399, -0.46624866961706185, 0.10362321266449234, -0.16220461797899266, 0.5430474353336591, 0.15916711787884472, 0.007965732911829594, -0.5482410329404036, -0.03229913076112452], [-0.22569791399083497, -0.6050374906772852, 0.10840126303256811, -0.5197546650514931, 0.6247184549514492, 0.7296691140724122, -0.1279393013794116, 0.3297821148901138, -0.21152485592295198, 0.43598912263144174, 0.014141318992380539, 0.11338422850225086], [0.004414735047414103, 0.00037764961920772055, 0.5261493079534694, -0.13992810845329823, 0.01999203645687886, 0.29044058294828756, 0.564867486063049, -0.16206695820633152, -0.5914276727819614, -0.46981216305884943, -0.5444655618949054, 0.06665095616139621]], "inverted": true, "swapped": true, "error_lsq": 0.05166405640953791, "error_max": 0.3332098191911645, "target": "585.xyz", "model": "26.xyz", "model_rescale": 3.6694154284099745, "target_rescale": 3.891117181950665},
{"mapping": [5, 8, 4, 10, 0, 1, 2, 9, 7, 6, 11, 3, 13], "R": [[-0.05498067252016969, -0.09326253670250442, 0.9941223389991013], [0.02357760042158967, -0.995471957245602, -0.09208517305174829], [0.9982090073765062, 0.0183761145355756, 0.05693062450900821]], "T": [0.02969692580659731, -0.014536915045732537, 0.026322294047447743], "aligned_model": [[-0.6863228970045896, 0.03711709327635916, 0.22267517528149977, 0.5345130838024482, -0.22854217556922876, -0.7105082770552098, 0.3552266706644286, 0.3588583761918115, -0.4058487206227208, -0.12315023838068959, 0.8318204660290723, -0.18108449245588756, 0.0559351772501384], [-0.16908118132721647, -0.636193733001092, -0.2245920434257355, -0.27323925862076537, 0.2739146075700402, 0.4664695792943422, 0.5011678056286176, -0.3417838612799995, -0.28046746379157333, 0.6218375917273558, 0.2520295833700553, 0.09547427021623209, 0.028528186743850718], [-0.2726930614480591, -0.12147802474242131, -0.7444998698527536, -0.17398862414657013, -0.5094403667963158, 0.006940246819877576, -0.2740252920761444, 0.525747675091505, 0.39470994020112515, 0.23333838843048052, 0.17368442415047375, 0.7985268998133391, -0.0007019634721936799]], "inverted": false, "swapped": false, "error_lsq": 0.04137851350454934, "error_max": 0.25212744878836785, "target": "585.xyz", "model": "27.xyz", "model_rescale": 4.103607728864725, "target_rescale": 3.891117181950665},
{"mapping": [8, 7, 11, 6, 13, 4, 10, 5, 1, 2, 9, 0, 14], "R": [[0.8826467126829026, 0.24156999615485225, -0.4032105126950569], [-0.054212475500925894, 0.9044221148632602, 0.42318039374045885], [0.4669001907154542, -0.3516597433656757, 0.8113813140600786]], "T": [0.11473753966512462, 0.18298093297976603, -0.08046893304484476], "aligned_model": [[-0.5055233277550315, -0.08743515188223203, 0.1718565669697336, 0.5568835785373929, -0.2855538140738704, -0.788666483640899, 0.5488960892725039, 0.32325582494579863, -0.4031801831790424, -0.4103829167819119, 0.8177995522068477, 0.0927296971735459, 0.03000980961459676], [-0.29675364864175413, -0.5076201091095625, -0.14149784041873836, -0.2524628714469369, 0.34899612594914, 0.25197135387238445, 0.41669529382764886, -0.3904426488181073, -0.12893488333528325, 0.5740363109657722, 0.051349087198986926, 0.21339429091260298, 0.1753336221479588], [-0.3200752024750089, -0.0327442117673509, -0.6833886422871824, -0.207602077219885, -0.5622140116692615, -0.10712938379246945, -0.2095395634842857, 0.3230728007616774, 0.5808408188651797, 0.2551572039009527, 0.3176526435496909, 0.6324703515437953, 0.049619646046490745]], "inverted": true, "swapped": false, "error_lsq": 0.04848071023571783, "error_max": 0.2580125631096093, "target": "585.xyz", "model": "28.xyz", "model_rescale": 4.137296879288765, "target_rescale": 3.891117181950665},
