[{"mapping": [7, 6, 0, 12, 3, 9, 5, 4, 1, 10, 11, 13], "R": [[0.1503328001663956, -0.7054417377706793, -0.6926413240669479], [0.8643981531957748, 0.433809353650625, -0.2542150220521222], [0.47980817202905646, -0.5605010252410882, 0.6749983101888659]], "T": [-0.029444056899192772, -0.002374614132595168, 0.018566230717098002], "aligned_model": [[-0.27558029612773394, 0.19794717419905486, 0.4628464468173987, -0.23832713911009823, -0.0883580344603172, -0.6595675939158765, 0.3856379570903764, -0.2138174221093297, 0.8099557024862172, 0.022638243741435776, -0.6279428822479702, 0.062210306097391865], [-0.30641019973078654, -0.6926967474827093, -0.23158300160570267, 0.5707907891668418, 0.36205714464639366, -0.579836639474727, -0.30173664593573435, -0.3553416508760325, 0.05818105972591929, 0.3339514168807691, 0.17435701293070516, 0.021822497732119958], [-0.45404286004085026, -0.09725397470784777, -0.5486752066008173, 0.00042359280627413815, -0.7314886062134156, 0.028556683124837716, 0.42308040993872015, 0.682516645268362, 0.015459741568756118, 0.536040872464895, 0.37632908960406647, -0.048994641859418604]], "inverted": false, "swapped": true, "error_lsq": 0.03921226410089629, "error_max": 0.24191161098516487, "target": "586.xyz", "model": "0.xyz", "model_rescale": 3.751011558992144, "target_rescale": 3.7747926325166876},
{"mapping": [13, 2, 0, 12, 4, 8, 5, 9, 11, 10, 1, 6, 7, 14], "R": [[0.39345605731741107, -0.39617626823204755, -0.8296003227156841], [0.9189529635908695, 0.19577875233146036, 0.34233920436183596], [0.026791447661453027, -0.8970591087689069, 0.4410976917950695]], "T": [-0.00966422371500733, -0.024087741233203504, -0.02757265501912913], "aligned_model": [[-0.3790905135049033, 0.00464498473949107, 0.6494924635421954, -0.010787785909007065, 0.0066181145293097154, -0.01935381067107242, -0.5047919095784188, -0.6242095910310141, -0.21987900415590766, -0.5659624455101947, 0.6104221721206612, 0.30194504666414035, 0.499990187672673, -0.03376944375876085], [-0.006590821333105363, -0.5836979601582922, -0.2051185104042738, 0.6032685191919084, -0.376319863282701, -0.6743095810437172, -0.3605955846665206, 0.19272284808648316, 0.7096406130082401, 0.061751883515251516, -0.13432827751874193, 0.44582574026421823, 0.39726419418796494, 0.021564359497458285], [-0.6526488683776764, -0.6361527659463004, -0.3565784919839559, -0.4255650722718031, 0.6804113755688593, 0.10485061739899336, -0.20560942929630305, -0.12512664624234, 0.2052007051254603, 0.5687641586855237, 0.2707986493900646, 0.46821634021058384, -0.07648023385060447, -0.045974733947533465]], "inverted": false, "swapped": false, "error_lsq": 0.03694802889243683, "error_max": 0.21615510199402488, "target": "586.xyz", "model": "1.xyz", "model_rescale": 3.9405287249114394, "target_rescale": 3.7747926325166876},
{"mapping": [0, 3, 7, 10, 12, 6, 1, 2, 11, 4, 4, 5, 13], "R": [[-0.9131853869012804, -0.3533952800771793, 0.20298823899214335], [0.23268448698694172, -0.04318715792471989, 0.9715929183078732], [-0.3345898663522002, 0.9344766692697887, 0.12166748096701707]], "T": [-0.04112689914083378, -0.053011557953509016, -0.08671669237589891], "aligned_model": [[-0.3134101843417486, 0.24223127889259977, -0.3991597545471678, 0.3480889299608882, 0.52091154087842, -0.7329271992459596, 0.042751340027687774, 0.597598933500302, 0.1543565843752882, -0.32891306469108617, -0.32891306469108617, -0.2852202390656579, -0.02141182176854836], [0.6803286230885163, 0.5285369395555886, 0.15196861082927657, -0.4093162730145476, -0.12852454184910686, 0.13223246453210868, 0.46331098121314734, 0.23833424071959, -0.6884264223898836, -0.7134545965357971, -0.7134545965357971, -0.14042230020757293, 0.05771946416649456], [-0.01799068116108317, -0.6162193929810644, -0.5407823738516382, 0.2375760124929674, -0.31230582794675155, 0.08287911142216717, 0.5725587223864421, 0.21997773904029544, -0.3614225948843652, 0.1968384795311326, 0.1968384795311326, 0.5118818618799743, -0.05670918587056535]], "inverted": true, "swapped": true, "error_lsq": 0.049273191202705575, "error_max": 0.3631866880403643, "target": "586.xyz", "model": "2.xyz", "model_rescale": 3.932901565614263, "target_rescale": 3.7747926325166876},
{"mapping": [9, 8, 11, 12, 0, 3, 7, 5, 6, 4, 1, 2, 10, 13], "R": [[0.7959998076349527, 0.5740897847218838, -0.19184687988888255], [0.6022510143122424, -0.7829176848833601, 0.15599235384067636], [-0.06064669822004616, -0.23970986165542033, -0.9689484817162085]], "T": [0.013529152353822765, -0.0886779786357573, -0.0223966278703716], "aligned_model": [[-0.4096150159075893, 0.011993848700691284, 0.6918740238900194, -0.06022588541859501, 0.01278754365880802, 0.15764557837681126, -0.633883359788522, -0.521862912457003, -0.02582502023789491, -0.5819958308403391, 0.5880702580199768, 0.007646357443607477, 0.4810960945552907, -0.0024372148460701237], [-0.01503380369472311, -0.5801047622756527, -0.24015914840360691, 0.5447170547487985, -0.3667859457811702, -0.576283455607209, -0.38008845328953544, 0.3759465594288435, 0.5720989844089684, 0.05254798548507217, 0.002624991243226557, 0.27215140299926466, 0.41168438486804215, 0.017761765213853434], [-0.6184826013276047, -0.5676342684418465, -0.5832980352796711, -0.44251653485705744, 0.5871981045296025, 0.024045084619830136, -0.09775922954215724, -0.14189165379414634, 0.14647407678490248, 0.6010066332596217, 0.4362262090047058, 0.7285810037880098, -0.2325491916198843, -0.06529399266133648]], "inverted": false, "swapped": false, "error_lsq": 0.04546048003758215, "error_max": 0.28080302182490574, "target": "586.xyz", "model": "3.xyz", "model_rescale": 3.9243930471874484, "target_rescale": 3.7747926325166876},
{"mapping": [12, 2, 3, 8, 7, 10, 11, 0, 6, 5, 9, 4, 13], "R": [[-0.7017908617381692, 0.63160334074378, -0.3294947743775228], [-0.5453324685125889, -0.7739088260929055, -0.32199010494340924], [-0.4583689400109529, -0.04628551454610569, 0.8875559508991182]], "T": [-0.025984418358246664, -0.03821636377195187, -0.13271722117716023], "aligned_model": [[-0.0846246944288112, -0.34197882321279693, 0.5872505479368195, 0.4176962875565179, 0.5607050453054645, -0.5990304974092326, -0.20343847247194125, 0.39010262831592146, 0.17816520647496634, -0.4548687756852273, 0.3120340708592079, -0.4849036898676552, 9.705293811927695e-05], [-0.5965896048420363, -0.1930037944274356, -0.3090786416784032, -0.5246985457338385, 0.0345668210169702, -0.26976043035406416, -0.5937335403861996, 0.4918688328997541, 0.6238986497943151, 0.445763091443057, -0.05274736935658347, 0.06108881677514533, 0.01025526853090672], [-0.37200892300351895, -0.8132338817821546, -0.6321570318471712, 0.025220560000394326, 0.03122825596883494, -0.1728832085812264, 0.28840022124529946, -0.5358679709067612, 0.11546089882681365, -0.046900436197242615, 0.6522351484465087, 0.48286461998039953, -0.23528793677921142]], "inverted": false, "swapped": true, "error_lsq": 0.04903648688770833, "error_max": 0.33301688130810253, "target": "586.xyz", "model": "4.xyz", "model_rescale": 3.8936222436046832, "target_rescale": 3.7747926325166876},
{"mapping": [6, 5, 9, 7, 11, 10, 2, 12, 3, 0, 8, 13], "R": [[-0.46924333093733744, 0.5290894768998917, -0.7070184027340671], [0.2206421667393739, 0.8454903462236462, 0.4862747255401759], [0.8550600742798058, 0.07218309965925576, -0.5134801549195404]], "T": [-0.16209047652940028, -0.08151388878015849, -0.018676966099120465], "aligned_model": [[-0.03846678146446783, -0.5482035660851834, -0.2031143770328132, 0.297604431714701, -0.5463156499660065, -0.6753976426536468, -0.159496398668398, -0.1514706753964462, 0.5857908615554088, 0.42632185193635647, 0.13059982443413437, -0.09030383615854101], [-0.5810978050384464, -0.601112098420512, 0.23470273060759445, 0.02692245311365833, 0.5196312004943726, -0.0030597062833415123, -0.20480890287337597, 0.35590980640298747, 0.1594861601656674, -0.6014942700683874, 0.5146667015078541, -0.15082336449826395], [-0.5447937139722809, -0.09915558578478874, -0.8117355774037524, -0.4102152009240147, -0.11046352767547969, 0.31891519092394416, 0.7374355574111605, 0.4067964262533464, 0.2667281889248631, -0.025049401497488202, -0.15044538559492893, 0.04126774861493765]], "inverted": false, "swapped": true, "error_lsq": 0.04412097139006287, "error_max": 0.20692794022998615, "target": "586.xyz", "model": "5.xyz", "model_rescale": 3.6523030999806103, "target_rescale": 3.7747926325166876},
{"mapping": [9, 7, 6, 4, 5, 8, 0, 11, 3, 2, 1, 10, 13], "R": [[-0.17830561842980236, 0.6865872950576699, -0.7048439491843269], [0.21406990658385272, 0.7262328980973052, 0.6532685916346888], [0.9604067791990779, -0.03440441812589351, -0.27646908413396315]], "T": [0.07281300814826772, -0.07579444879836456, -0.02084864421708188], "aligned_model": [[0.25426928284254036, -0.28182239196166514, 0.19135454956985865, 0.8107552292926851, 0.561736011266255, -0.28801845653005953, -0.37857530269224593, 0.34050993304374144, -0.7558823079193249, -0.10102501726218763, 0.0695831322240649, 0.45501820355589917, 0.0031800392347329093], [-0.4719389079588118, -0.13922661172094622, 0.38267612904062853, -0.22055098151619373, 0.3560470057436247, -0.6204607237809512, 0.5373750224316094, -0.7418695563366844, -0.14999752070276495, 0.12095709773418858, 0.6872393243917516, -0.21025453506334515, 0.010831161901077635], [0.7145159317617433, 0.4757297805402672, 0.542550301443521, 0.16326068280657807, -0.023960038668267517, 0.15691841652645816, 0.1712999064830308, -0.06679951653315194, -0.1022218536244922, -0.7405594943560271, -0.37586642523704705, -0.4893008230296715, -0.05545712863115197]], "inverted": true, "swapped": true, "error_lsq": 0.05243916088543864, "error_max": 0.31479860107761265, "target": "586.xyz", "model": "6.xyz", "model_rescale": 4.08911054899281, "target_rescale": 3.7747926325166876},
{"mapping": [3, 8, 9, 0, 12, 10, 4, 6, 2, 7, 11, 13, 1, 14], "R": [[0.05040166625554798, -0.5463268700527342, 0.8360541986600194], [0.7357285425680022, -0.545797424378154, -0.40100957992663505], [0.6753985369316604, 0.6353204881007349, 0.37443917224299106]], "T": [-0.05442292806650902, -0.068465971350207, 0.05139248109628583], "aligned_model": [[-0.3167019738126478, 0.03046168438808145, 0.4729301142269943, -0.133497956689442, 0.08152231833523302, 0.09450803793886453, -0.5734311413259087, -0.4094317439626855, -0.16574917535426428, -0.5885706778203396, 0.47757887639015467, 0.21448082546437505, 0.44386985433242193, 0.08729942303835428], [0.03935986999427203, -0.551851870788866, -0.048919986370629054, 0.6306162110143787, -0.35408739650165466, -0.7600461427404235, -0.42631794055554045, 0.2360029401089056, 0.716463319115616, 0.23757777181008083, -0.2654463473368096, 0.23747602990675748, 0.45925305289598467, -0.059001951207900215], [-0.6875491447217643, -0.42219135316888035, -0.5283264431788796, -0.572857008493044, 0.6900952362856012, 0.18854689191332102, -0.2639199550799699, -0.12299326672839464, 0.19847075591925012, 0.5207669299564784, 0.20207053022152188, 0.6596562278012068, -0.05426258652081459, -0.03340120974266381]], "inverted": false, "swapped": false, "error_lsq": 0.03863537428418579, "error_max": 0.2299148309752377, "target": "586.xyz", "model": "7.xyz", "model_rescale": 3.964800864290218, "target_rescale": 3.7747926325166876},
{"mapping": [7, 2, 4, 12, 3, 0, 1, 8, 9, 5, 6, 10, 11, 13], "R": [[0.3156778287681429, -0.9477468021343984, 0.0460815306630773], [-0.2024765730454191, -0.11472858722656998, -0.9725433608023748], [0.9270117290477041, 0.2976799461116191, -0.22811379592424802]], "T": [0.0013672084235342719, -0.05941140236018402, -0.017798940540363396], "aligned_model": [[-0.43106324403319457, 0.09651115369173684, 0.5905241233930194, 0.03999561139861542, 0.11990034541514953, 0.027857470228727442, -0.6270260779896912, -0.611033641039963, -0.06270316194440542, -0.523630027469246, 0.5386294349607883, -0.024333050176706544, 0.6299719324855817, -0.048332403771220375], [-0.006455250989071626, -0.4795356102149854, -0.08293343937909325, 0.45237695711276976, -0.45732982278382356, -0.7696218579444961, -0.43112548204815265, 0.4045212956675788, 0.6259175021238099, 0.08446002896820551, -0.1868914972072405, 0.4609422869277577, 0.48088509512316585, -0.0041326460122523626], [-0.5808732826851117, -0.5208416896256362, -0.4017706039895845, -0.5721052267036602, 0.5768215450005314, 0.0719715854186581, -0.19120716331225818, 0.010294344855758985, -0.00908073497398414, 0.6168266471259719, 0.1599760535745462, 0.6175793308535682, -0.009485085370723834, 0.005999884294892389]], "inverted": true, "swapped": false, "error_lsq": 0.043343315353131004, "error_max": 0.30569211045493777, "target": "586.xyz", "model": "8.xyz", "model_rescale": 4.121658175737393, "target_rescale": 3.7747926325166876},
{"mapping": [4, 5, 10, 11, 6, 7, 1, 3, 2, 0, 8, 12, 13], "R": [[-0.9047619923085636, -0.13740055635552767, 0.40314615759923883], [-0.204747038976813, -0.6896824970481669, -0.6945622386047439], [0.3734760866562494, -0.7109564968256477, 0.5958661530220833]], "T": [-0.08570651586698311, 0.027837043479102715, -0.06786273072269852], "aligned_model": [[-0.4212363959936428, -0.2018498041718991, 0.29239306044820557, -0.0789571762978479, -0.674943324396243, -0.4912778845033088, 0.23840437210256507, 0.17588719217114326, 0.6483226848026135, -0.19361184948250684, -0.16439040788573378, 0.3874228191308571, -0.03942578948900514], [0.21465622495756526, -0.3777012925833513, 0.17321387357872642, 0.7060565024790204, -0.4129204562313101, 0.08202899550786266, -0.7409583686634248, 0.05683056036687296, -0.19149553005369124, -0.6044161293375493, 0.5560915882589551, 0.39197441347238604, -0.06297294234035233], [-0.7401184207566732, -0.5654487234713899, -0.5363860040930767, -0.30744984848265766, -0.08195349654233608, 0.3892533765371854, -0.17820013388121045, 0.7256054348989736, -0.0648806674913984, 0.3851953644358045, 0.3483317021412259, 0.05875671889928391, -0.011629868234642113]], "inverted": true, "swapped": true, "error_lsq": 0.04831648124996323, "error_max": 0.3474732586561736, "target": "586.xyz", "model": "9.xyz", "model_rescale": 3.833441315466971, "target_rescale": 3.7747926325166876},
{"mapping": [6, 4, 3, 7, 13, 5, 1, 12, 11, 10, 2, 8, 9, 14], "R": [[0.6763715768503351, -0.5475116376316835, -0.4926991949322256], [-0.6908392784141477, -0.7035668093166205, -0.16653779219219217], [-0.2554654212006215, 0.45301738541241665, -0.8541151369018622]], "T": [-0.13068513580489083, 0.0014958714277192022, -0.02165948599226997], "aligned_model": [[-0.4183383569478809, 0.10623511424701368, 0.6236077142791004, 0.149547269887137, 0.08728288416028157, 0.02723743747673929, -0.6852586330375833, -0.6946109945092285, -0.27355318239478105, -0.44453337228967316, 0.5002270469900477, 0.17301158893356727, 0.6036441335865921, -0.03923018523214086], [-0.1536170281301505, -0.4283063869080077, -0.006219032111055203, 0.5190050217601325, -0.47025864971995796, -0.6535066209702375, -0.48023903234555926, 0.1647807010639959, 0.6682631860237922, 0.3499498118373272, -0.24857421075277777, 0.4966240898292448, 0.30914155784392433, 0.024034151923500814], [-0.6169956774015675, -0.6501906259806486, -0.4521297245955777, -0.3340183419642087, 0.5830091467842639, 0.037225123776187224, -0.0990458644285036, -0.1571059610516089, -0.003027510962739847, 0.6534947774085319, 0.2151210590843898, 0.4981248049423488, 0.13333981167448516, -0.03369541282238367]], "inverted": true, "swapped": false, "error_lsq": 0.04797470309820994, "error_max": 0.31899062097670267, "target": "586.xyz", "model": "10.xyz", "model_rescale": 4.2482417240324, "target_rescale": 3.7747926325166876},
{"mapping": [0, 6, 9, 4, 3, 12, 8, 10, 5, 2, 1, 13], "R": [[0.3568190825012938, -0.16305382461526188, 0.9198334591877328], [0.7718009188176034, 0.6062044503899133, -0.19193620304613412], [-0.5263112045883487, 0.7784148088299702, 0.34215040745111336]], "T": [0.041225845157741976, 0.06874862216375437, 0.019260261765183896], "aligned_model": [[-0.6914202844309086, -0.17028767785746565, 0.34300108437662097, 0.7128199539898511, -0.5924282325018583, 0.12526272971583072, 0.03161918977311618, 0.4753073853676447, 0.2030059682256267, -0.14430979042715747, -0.35449990238411194, -0.06130482148418132], [-0.18741772359602143, -0.6361771501691875, -0.3849405771494842, -0.3095765608759516, 0.5102913338784952, 0.6689459921980109, 0.3420786179168493, 0.33743753965253587, -0.33851880617167, 0.6029017458592184, -0.021642229074683356, 0.08274920758252774], [-0.10014545521229165, 0.01653540569433146, 0.6778312049253457, -0.05313330610605118, 0.33923864472039805, 0.09123800778039134, 0.638663402284059, -0.3314351218613184, -0.4639610738683676, -0.49762609549699666, -0.7179637358857357, -0.03404958711940761]], "inverted": false, "swapped": true, "error_lsq": 0.053334098284526205, "error_max": 0.33494512898881945, "target": "586.xyz", "model": "11.xyz", "model_rescale": 3.6694154284099745, "target_rescale": 3.7747926325166876},
{"mapping": [8, 9, 11, 3, 5, 7, 10, 2, 1, 12, 6, 0, 4, 13], "R": [[-0.6599261738063734, 0.7505427834480872, -0.03439440854671455], [-0.3805141247489755, -0.29439883212400286, 0.8766631784844989], [0.6478475484184545, 0.5916205353586209, 0.47987362518706667]], "T": [-0.008463702592352552, -0.04772601370817142, 0.0300691815450413], "aligned_model": [[-0.1527925867486843, -0.06153978378105549, 0.5126775202492732, -0.019392419812959485, 0.1252702663806783, -0.05654195043973872, -0.536534152182379, -0.518859691954433, -0.28457859169804905, -0.529140487712053, 0.5056936020678179, 0.25177568347316825, 0.4565726953066991, 0.02265836200090723], [0.06248239516180737, -0.5976432612206577, -0.19394488682152672, 0.6601437524495493, -0.4007357321954415, -0.7800357728172294, -0.3826146371708158, 0.2780674627203598, 0.7436947732224266, -0.0156742851587042, -0.19167885100414636, 0.3495903123516735, 0.5091030823424203, 0.05032320748445698], [-0.7045199084390298, -0.552562964310326, -0.4719871060439799, -0.45987965037830036, 0.7386382725114345, 0.14658620719838927, -0.08182361292147018, -0.21420140234100954, 0.14791314672724323, 0.4655423407648644, 0.21654888594393112, 0.5640664319237358, -0.11608538106197426, 0.09587034488946014]], "inverted": true, "swapped": false, "error_lsq": 0.0483579621784635, "error_max": 0.3120639896472014, "target": "586.xyz", "model": "12.xyz", "model_rescale": 3.9764082729961374, "target_rescale": 3.7747926325166876},
{"mapping": [3, 11, 8, 7, 12, 13, 6, 4, 0, 5, 1, 9, 2, 15], "R": [[-0.6734417905957396, -0.7357103120340008, 0.07215602155078527], [-0.3093448011648029, 0.1918136958364231, -0.9314039403405383], [0.6714029704071265, -0.6495674274903305, -0.35676351897592046]], "T": [-0.03172685766126883, -0.08107669308116751, 0.016103454879712552], "aligned_model": [[-0.054156760457401296, 0.21565080994617247, 0.48152562325973625, -0.08247938560877086, 0.20656721820923113, -0.17658168725259193, -0.7402328029174731, -0.5891193489449139, -0.04679876680945762, -0.5454281488845131, 0.5630645510227944, 0.058693869388710615, 0.522673368784763, -0.09811007458709431], [-0.07046289775902305, -0.6387127952658641, -0.07856137409040585, 0.5487620521128447, -0.4184430204289479, -0.6674362475477271, -0.3666062701797785, 0.36338176640442177, 0.6253510844750545, 0.18212069795075153, -0.020316968357210613, 0.2081722907317327, 0.4750933549439056, -0.051264113645581845], [-0.8252215085696238, -0.49221826003985647, -0.4699195905073936, -0.39833717401948265, 0.5025327195474162, 0.11449094095769631, 0.028391328484714606, -0.0712693683065417, 0.18295838035051504, 0.6241018287132953, 0.23023895933446745, 0.5353897381576169, -0.1238064464943364, -0.06322594314551894]], "inverted": false, "swapped": false, "error_lsq": 0.0490754559119423, "error_max": 0.3820112913387371, "target": "586.xyz", "model": "13.xyz", "model_rescale": 4.170626492500431, "target_rescale": 3.7747926325166876},
{"mapping": [6, 5, 11, 3, 8, 12, 4, 2, 1, 0, 10, 7, 9, 13], "R": [[-0.01673198199397563, -0.1875316353764092, 0.9821160453386366], [-0.3366480170472964, -0.9238467861313858, -0.18214068291524754], [0.9414818922298381, -0.3336749938004929, -0.04767436539236225]], "T": [-0.08617857475073533, 0.039292129979067524, 0.006315579176135937], "aligned_model": [[-0.2603960655486495, 0.09301037547504683, 0.39428574349981804, -0.10391269251773412, -0.08341617854104239, 0.17232213675341873, -0.5453204437338016, -0.7114455130040102, 0.08435536646327453, -0.4091003514359468, 0.40058990674588285, 0.10366006918326963, 0.6283765154469719, -0.0477404036373066], [-0.11620302502131327, -0.6064927923042226, 0.01313450931362279, 0.536339164135824, -0.41629601952168965, -0.6448866182773869, -0.49126337296000167, 0.18618401429566578, 0.7443784850957317, 0.36286370020069286, -0.11186081168596473, 0.20929420906575288, 0.4196603839069734, 0.006225733100486984], [-0.8017430756884558, -0.6085608170408388, -0.5114966154468753, -0.47128608678921824, 0.5928205663728177, 0.034296711609437716, 0.11005917194614191, -0.13649967731153367, 0.2604530943478636, 0.38956663477110837, 0.2482609007310548, 0.7760495496258688, -0.02589393712357196, -0.0819208155408309]], "inverted": false, "swapped": false, "error_lsq": 0.05236952491804404, "error_max": 0.3209400958272626, "target": "586.xyz", "model": "14.xyz", "model_rescale": 3.9786697098870705, "target_rescale": 3.7747926325166876},
{"mapping": [11, 12, 4, 9, 10, 5, 3, 0, 6, 7, 2, 13], "R": [[0.6471844399537462, 0.6009151007832341, -0.4690984356533624], [-0.5000453942157785, 0.7990972559825946, 0.333763657705081], [0.5754188947239591, 0.01856386629351406, 0.8176481385430373]], "T": [0.013362226155926648, 0.022099739892726632, -0.029637495343794645], "aligned_model": [[-0.030982557287579305, -0.5316230118429566, 0.5723000033504407, 0.5581611097497886, -0.12502277981196586, 0.43399664029184176, -0.5862865488909275, 0.03498449012375361, 0.6224913747454647, 0.13647062528024487, -0.5687544176839621, -0.03238033125680634], [-0.3030383625039605, -0.07034964677070288, 0.10862359623428132, -0.6199468330064472, 0.3640829623769703, 0.51932937215633, -0.31397272908751767, 0.14899543320550965, 0.048723496361507926, -0.4624686942414589, 0.5199756670251581, 0.07472022847476875], [-0.6697530549879225, -0.28833438004199474, -0.5583260646525993, -0.17656688796920397, -0.5271360739264804, -0.06667542263219112, 0.4461148185129108, 0.7450103174509137, 0.3825743381692447, 0.32591530375143163, -0.01643476472142849, 0.0635783649211493]], "inverted": true, "swapped": true, "error_lsq": 0.047991724009987545, "error_max": 0.26871586703040257, "target": "586.xyz", "model": "15.xyz", "model_rescale": 3.769337070930944, "target_rescale": 3.7747926325166876},
{"mapping": [12, 3, 10, 2, 11, 8, 4, 7, 5, 1, 13], "R": [[0.6037931547250333, 0.030592395007687845, -0.7965537845462075], [-0.5797327702858331, 0.7027034426624288, -0.41245337521601677], [0.547123150089544, 0.7108248567953039, 0.4420229423887747]], "T": [0.07306274940933592, 0.015303924266181775, 0.0662736881991797], "aligned_model": [[-0.22486398481829872, -0.3580430072442739, -0.07018845362716188, -0.657144099667345, 0.409155465893021, 0.24471258535062573, 0.6239443305107232, 0.324879261523609, 0.14340964900818015, -0.4936275921877878, -0.019608024050121173], [-0.01161293453282334, -0.6817610021699199, 0.5533563597616153, 0.2219533434827499, 0.19362546299901767, -0.4475937376831215, 0.559278850360429, -0.5348248824588966, 0.49575373586864124, 0.2673465915547395, -0.01945728955708948], [-0.46569907485222717, -0.09838333981490155, -0.20499451766959256, -0.03864777313376794, -0.544195221654431, -0.39710942896620427, 0.0607797649067692, 0.16789444629762657, 0.501890168445594, 0.6351367179121117, 0.12754586575279983]], "inverted": true, "swapped": true, "error_lsq": 0.04545101407337674, "error_max": 0.20563026948380278, "target": "586.xyz", "model": "16.xyz", "model_rescale": 3.7852294659196426, "target_rescale": 3.7747926325166876},
{"mapping": [5, 9, 11, 4, 6, 7, 3, 8, 10, 2, 0, 12, 13], "R": [[0.9949023537995703, -0.017599912631888384, 0.09929526413391854], [0.10018115969457099, 0.28512266214509874, -0.9532412091247119], [-0.011534368050553023, 0.958329437410039, 0.28543238734774407]], "T": [0.02212931181781797, 0.08385068135657398, -0.04953453629638308], "aligned_model": [[0.037413329869529305, -0.5086920255911619, 0.3108132930735212, 0.08099576104198171, -0.5918452882966131, -0.5142284635288842, -0.09765385933394813, -0.09220978235097366, 0.5919747407053065, 0.593242067209958, -0.4359619744692492, 0.4666779021636114, 0.013240149723205226], [-0.1603031586758954, -0.48385133326350344, -0.3901281357803174, -0.6647347256464367, -0.03330957751445174, 0.18643277480354617, 0.787288169842282, 0.11355721795478094, -0.1300138677918782, 0.5609979068056383, 0.6419102626640403, 0.2579264262855152, 0.18928366401955438], [-0.6542640020940054, 0.3062195952349474, 0.4081059503513291, -0.2381188659397149, -0.4380887846500778, 0.23006748295210624, 0.3860011266101407, 0.6171782340318226, -0.16419015902286666, -0.23140065140290295, -0.35835673479715063, 0.3306681237846578, -0.09806661791511159]], "inverted": false, "swapped": true, "error_lsq": 0.04487709618004437, "error_max": 0.3311025187704264, "target": "586.xyz", "model": "17.xyz", "model_rescale": 3.901054581598922, "target_rescale": 3.7747926325166876},
{"mapping": [13, 2, 0, 12, 4, 8, 5, 9, 11, 10, 1, 6, 7, 14], "R": [[0.39345605731741107, -0.39617626823204755, -0.8296003227156841], [0.9189529635908695, 0.19577875233146036, 0.34233920436183596], [0.026791447661453027, -0.8970591087689069, 0.4410976917950695]], "T": [-0.00966422371500733, -0.024087741233203504, -0.02757265501912913], "aligned_model": [[-0.3790905135049033, 0.00464498473949107, 0.6494924635421954, -0.010787785909007065, 0.0066181145293097154, -0.01935381067107242, -0.5047919095784188, -0.6242095910310141, -0.21987900415590766, -0.5659624455101947, 0.6104221721206612, 0.30194504666414035, 0.499990187672673, -0.03376944375876085], [-0.006590821333105363, -0.5836979601582922, -0.2051185104042738, 0.6032685191919084, -0.376319863282701, -0.6743095810437172, -0.3605955846665206, 0.19272284808648316, 0.7096406130082401, 0.061751883515251516, -0.13432827751874193, 0.44582574026421823, 0.39726419418796494, 0.021564359497458285], [-0.6526488683776764, -0.6361527659463004, -0.3565784919839559, -0.4255650722718031, 0.6804113755688593, 0.10485061739899336, -0.20560942929630305, -0.12512664624234, 0.2052007051254603, 0.5687641586855237, 0.2707986493900646, 0.46821634021058384, -0.07648023385060447, -0.045974733947533465]], "inverted": false, "swapped": false, "error_lsq": 0.03694802889243683, "error_max": 0.21615510199402488, "target": "586.xyz", "model": "18.xyz", "model_rescale": 3.9405287249114394, "target_rescale": 3.7747926325166876},
{"mapping": [12, 3, 10, 13, 6, 1, 0, 7, 9, 8, 2, 5, 11, 15], "R": [[-0.9750249782303407, 0.14230566060204827, -0.17051507495684473], [-0.09934852669568502, -0.9661207610628265, -0.23820273988092946], [-0.19863575224596527, -0.21531319979044392, 0.9561297317444323]], "T": [-0.12178214087942318, 0.017754571109002134, -0.1655044996477131], "aligned_model": [[-0.2894954267872877, 0.281619552168929, 0.6544858184186424, -0.11683076697036353, -0.07288285616900157, -0.08316174938304582, -0.5918039413876938, -0.5960905600819585, -0.09216539308103283, -0.4154259278869823, 0.5245699001287201, 0.2005671299415443, 0.3978988707339811, -0.08601618449525952], [-0.20885093092501655, -0.5869797122464954, -0.06081514221427539, 0.5580007496537157, -0.3498091883743272, -0.6337519218609903, -0.37537849092704506, 0.5033044219544353, 0.7130965690142057, 0.061246723588825214, -0.28425035672248333, 0.23012743692005191, 0.5167479647302412, 0.008389436753330782], [-0.6352504548057006, -0.6093424379249642, -0.26110205433422706, -0.5648031295429496, 0.48317816411131664, -0.06769254251543672, 0.14626490317603438, 0.021306674426302824, 0.15796451147326204, 0.5303071951092004, 0.330829405765924, 0.5708726837489889, -0.17776994666948923, -0.15065736755529313]], "inverted": true, "swapped": false, "error_lsq": 0.043424576063049794, "error_max": 0.22819767382691591, "target": "586.xyz", "model": "19.xyz", "model_rescale": 4.410303926677745, "target_rescale": 3.7747926325166876},
{"mapping": [7, 2, 4, 12, 3, 0, 1, 8, 9, 5, 6, 10, 11, 13], "R": [[0.3156778287681429, -0.9477468021343984, 0.0460815306630773], [-0.2024765730454191, -0.11472858722656998, -0.9725433608023748], [0.9270117290477041, 0.2976799461116191, -0.22811379592424802]], "T": [0.0013672084235342719, -0.05941140236018402, -0.017798940540363396], "aligned_model": [[-0.43106324403319457, 0.09651115369173684, 0.5905241233930194, 0.03999561139861542, 0.11990034541514953, 0.027857470228727442, -0.6270260779896912, -0.611033641039963, -0.06270316194440542, -0.523630027469246, 0.5386294349607883, -0.024333050176706544, 0.6299719324855817, -0.048332403771220375], [-0.006455250989071626, -0.4795356102149854, -0.08293343937909325, 0.45237695711276976, -0.45732982278382356, -0.7696218579444961, -0.43112548204815265, 0.4045212956675788, 0.6259175021238099, 0.08446002896820551, -0.1868914972072405, 0.4609422869277577, 0.48088509512316585, -0.0041326460122523626], [-0.5808732826851117, -0.5208416896256362, -0.4017706039895845, -0.5721052267036602, 0.5768215450005314, 0.0719715854186581, -0.19120716331225818, 0.010294344855758985, -0.00908073497398414, 0.6168266471259719, 0.1599760535745462, 0.6175793308535682, -0.009485085370723834, 0.005999884294892389]], "inverted": true, "swapped": false, "error_lsq": 0.043343315353131004, "error_max": 0.30569211045493777, "target": "586.xyz", "model": "20.xyz", "model_rescale": 4.121658175737393, "target_rescale": 3.7747926325166876},
{"mapping": [9, 7, 6, 4, 5, 8, 0, 11, 3, 2, 1, 10, 13], "R": [[-0.17830561842980236, 0.6865872950576699, -0.7048439491843269], [0.21406990658385272, 0.7262328980973052, 0.6532685916346888], [0.9604067791990779, -0.03440441812589351, -0.27646908413396315]], "T": [0.07281300814826772, -0.07579444879836456, -0.02084864421708188], "aligned_model": [[0.25426928284254036, -0.28182239196166514, 0.19135454956985865, 0.8107552292926851, 0.561736011266255, -0.28801845653005953, -0.37857530269224593, 0.34050993304374144, -0.7558823079193249, -0.10102501726218763, 0.0695831322240649, 0.45501820355589917, 0.0031800392347329093], [-0.4719389079588118, -0.13922661172094622, 0.38267612904062853, -0.22055098151619373, 0.3560470057436247, -0.6204607237809512, 0.5373750224316094, -0.7418695563366844, -0.14999752070276495, 0.12095709773418858, 0.6872393243917516, -0.21025453506334515, 0.010831161901077635], [0.7145159317617433, 0.4757297805402672, 0.542550301443521, 0.16326068280657807, -0.023960038668267517, 0.15691841652645816, 0.1712999064830308, -0.06679951653315194, -0.1022218536244922, -0.7405594943560271, -0.37586642523704705, -0.4893008230296715, -0.05545712863115197]], "inverted": true, "swapped": true, "error_lsq": 0.05243916088543864, "error_max": 0.31479860107761265, "target": "586.xyz", "model": "21.xyz", "model_rescale": 4.08911054899281, "target_rescale": 3.7747926325166876},
{"mapping": [4, 2, 1, 0, 9, 14, 13, 7, 6, 10, 11, 5, 8, 16], "R": [[0.886960927177963, -0.1439371916928851, -0.4388421111369939], [0.4317457736689938, -0.07899861873680698, 0.8985292455767027], [-0.1639996968856042, -0.9864285595446038, -0.007924413933389718]], "T": [-0.018982360972916605, -0.09374446511509235, -0.012040117062445656], "aligned_model": [[-0.26376324870611534, 0.22568830378769628, 0.5995949749557342, -0.19866511738000775, -0.075836701256536, -0.17314143277402963, -0.6327608142962357, -0.6137166794043025, -0.08980003159303196, -0.38462800355718657, 0.7133081476057971, 0.19445378440573724, 0.4647041139677472, -0.050168830606075354], [-0.20721288162324764, -0.44999834620317414, 0.093737289304514, 0.40108598790174566, -0.3546922121189774, -0.7020878766337518, -0.20935663585694303, 0.29414032622633424, 0.6478687541107563, 0.2516682076414306, -0.09947977286420215, 0.11186339802627956, 0.3948094305634382, -0.08126810913003028], [-0.6550793237391752, -0.5903767555253148, -0.4727038257493778, -0.580314987170543, 0.648430524894507, 0.12203396764568039, -0.2280026189942149, 0.028366158878381766, 0.011599238867505746, 0.618934334697107, 0.21069458510360456, 0.628193803007796, 0.0780959081265934, -0.045765405579581545]], "inverted": true, "swapped": false, "error_lsq": 0.04574061960271412, "error_max": 0.263533795530748, "target": "586.xyz", "model": "22.xyz", "model_rescale": 4.204369325754507, "target_rescale": 3.7747926325166876},
{"mapping": [12, 3, 10, 13, 6, 1, 0, 7, 9, 8, 2, 5, 11, 15], "R": [[-0.9750249782303407, 0.14230566060204827, -0.17051507495684473], [-0.09934852669568502, -0.9661207610628265, -0.23820273988092946], [-0.19863575224596527, -0.21531319979044392, 0.9561297317444323]], "T": [-0.12178214087942318, 0.017754571109002134, -0.1655044996477131], "aligned_model": [[-0.2894954267872877, 0.281619552168929, 0.6544858184186424, -0.11683076697036353, -0.07288285616900157, -0.08316174938304582, -0.5918039413876938, -0.5960905600819585, -0.09216539308103283, -0.4154259278869823, 0.5245699001287201, 0.2005671299415443, 0.3978988707339811, -0.08601618449525952], [-0.20885093092501655, -0.5869797122464954, -0.06081514221427539, 0.5580007496537157, -0.3498091883743272, -0.6337519218609903, -0.37537849092704506, 0.5033044219544353, 0.7130965690142057, 0.061246723588825214, -0.28425035672248333, 0.23012743692005191, 0.5167479647302412, 0.008389436753330782], [-0.6352504548057006, -0.6093424379249642, -0.26110205433422706, -0.5648031295429496, 0.48317816411131664, -0.06769254251543672, 0.14626490317603438, 0.021306674426302824, 0.15796451147326204, 0.5303071951092004, 0.330829405765924, 0.5708726837489889, -0.17776994666948923, -0.15065736755529313]], "inverted": true, "swapped": false, "error_lsq": 0.043424576063049794, "error_max": 0.22819767382691591, "target": "586.xyz", "model": "23.xyz", "model_rescale": 4.410303926677745, "target_rescale": 3.7747926325166876},
{"mapping": [13, 15, 9, 11, 2, 5, 12, 7, 1, 0, 4, 3, 10, 16], "R": [[-0.1941197108876632, 0.816932082043694, -0.5430833372261072], [-0.8920329429839091, 0.08334472900135889, 0.44421941062852777], [0.40816022157524917, 0.5706799711532251, 0.712551474665654]], "T": [0.005618908336094117, -0.01011543801727001, -0.18770325442662264], "aligned_model": [[-0.5664181488650746, 0.3298373344799785, 0.5092514104001223, 0.06282676723248536, -0.015540756914849532, -0.010269675066885232, -0.645009034905488, -0.5393012709623394, -0.11480236925429331, -0.4527385628773369, 0.42295283488418817, 0.1851035569837347, 0.5361742472352582, 0.013202132779690741], [-0.11957209449418761, -0.5176779384579625, 0.0501114544988049, 0.505416753784787, -0.2805234400933252, -0.5944942634608523, -0.4279860591196639, 0.36954682449180887, 0.7491381139934752, -0.024492271824219217, -0.24647596513063053, 0.2435990261118533, 0.3445861509800154, 0.03990126806426867], [-0.5813775733384081, -0.5705568963446852, -0.555326713839876, -0.5505741773551767, 0.6836897293402219, 0.0443548734606771, 0.03194022550489234, -0.1585577350085636, 0.19356844558913142, 0.41236969640409415, 0.30610892440840265, 0.6564917563532129, -0.059321941907981124, -0.07870300880297335]], "inverted": true, "swapped": false, "error_lsq": 0.04030208202677138, "error_max": 0.3089795887112918, "target": "586.xyz", "model": "24.xyz", "model_rescale": 4.28219845311461, "target_rescale": 3.7747926325166876},
{"mapping": [1, 3, 9, 5, 2, 4, 0, 8, 10, 6, 13, 14, 11, 15], "R": [[-0.7127663109131163, 0.25212366141604914, -0.6545210809297686], [0.6792515427017267, 0.015458859207428122, -0.7337427106345449], [-0.17487574950413107, -0.9675715389707216, -0.18227394001666297]], "T": [0.12530100408104627, -0.049127580826836964, -0.021774221354419105], "aligned_model": [[-0.33037743392435726, 0.0640657517812393, 0.6257121948549396, -0.03194732763832647, -0.022649243110120953, -0.04194296584036167, -0.5572484698370057, -0.3891845793207781, -0.1304698180714774, -0.6129486072952645, 0.5565440720444546, 0.17617432118468473, 0.3428888638642131, 0.06665170645735216], [-0.11380964537347157, -0.42126524601936366, 0.04915119325074532, 0.4804517796546012, -0.31842030133530463, -0.7568838262911316, -0.4466029318297804, 0.38863609784139663, 0.6596006063286304, 0.18222293437994927, -0.305212583894797, 0.33330201999419995, 0.4499600945098695, -0.09005263187137094], [-0.46680319851165075, -0.6983901736350747, -0.4653997465363358, -0.6699249322524993, 0.5900853862559708, -0.09766311749162997, 0.18241621190601456, -0.18181672520687697, 0.22720461729381872, 0.44046120067347205, 0.29660659539526324, 0.6349632687566328, -0.015134428392459338, -0.0024993537916765743]], "inverted": true, "swapped": false, "error_lsq": 0.04368630185792375, "error_max": 0.25539554803530656, "target": "586.xyz", "model": "25.xyz", "model_rescale": 4.100010024507729, "target_rescale": 3.7747926325166876},
{"mapping": [0, 6, 9, 4, 3, 12, 8, 10, 5, 2, 1, 13], "R": [[0.3568190825012938, -0.16305382461526188, 0.9198334591877328], [0.7718009188176034, 0.6062044503899133, -0.19193620304613412], [-0.5263112045883487, 0.7784148088299702, 0.34215040745111336]], "T": [0.041225845157741976, 0.06874862216375437, 0.019260261765183896], "aligned_model": [[-0.6914202844309086, -0.17028767785746565, 0.34300108437662097, 0.7128199539898511, -0.5924282325018583, 0.12526272971583072, 0.03161918977311618, 0.4753073853676447, 0.2030059682256267, -0.14430979042715747, -0.35449990238411194, -0.06130482148418132], [-0.18741772359602143, -0.6361771501691875, -0.3849405771494842, -0.3095765608759516, 0.5102913338784952, 0.6689459921980109, 0.3420786179168493, 0.33743753965253587, -0.33851880617167, 0.6029017458592184, -0.021642229074683356, 0.08274920758252774], [-0.10014545521229165, 0.01653540569433146, 0.6778312049253457, -0.05313330610605118, 0.33923864472039805, 0.09123800778039134, 0.638663402284059, -0.3314351218613184, -0.4639610738683676, -0.49762609549699666, -0.7179637358857357, -0.03404958711940761]], "inverted": false, "swapped": true, "error_lsq": 0.053334098284526205, "error_max": 0.33494512898881945, "target": "586.xyz", "model": "26.xyz", "model_rescale": 3.6694154284099745, "target_rescale": 3.7747926325166876},
{"mapping": [10, 11, 2, 4, 3, 12, 9, 8, 5, 7, 6, 1, 0, 13], "R": [[-0.29100780189997716, -0.9428655064202875, -0.16223161232065275], [-0.7234060115942418, 0.32782377971671584, -0.6076309009929945], [0.6260975975218687, -0.05946600924108736, -0.7774738530151887]], "T": [-0.08184646073619192, 0.039781653369770124, -0.031149854302831594], "aligned_model": [[-0.292193220015029, 0.07778697840769258, 0.48291538156536773, -0.047378174588408845, -0.21044114220596827, 0.18735670366989346, -0.5688603567160869, -0.6239184227567244, -0.09228744653322385, -0.4254168195725222, 0.4637234669020106, 0.42210145259513987, 0.37589451674326435, -0.03401445234621407], [-0.035782103549854345, -0.6246133913126122, -0.07663332382596699, 0.564005339999058, -0.4461326071880521, -0.7047980191259777, -0.4368670000270282, 0.3250084313239873, 0.7346000950540061, 0.09876888846663218, -0.20761897529579174, 0.35638830169434754, 0.5126705142860793, 0.03208140884534501], [-0.5896613397655027, -0.5500639695028161, -0.39117938193625634, -0.663235318236119, 0.6014495130836481, 0.02236258291810442, -0.05321933113976088, -0.21325110514728754, 0.34713154708008903, 0.49288109835468696, 0.30401699190532594, 0.6211103580215313, -0.09265323543402709, -0.061582805738646995]], "inverted": false, "swapped": false, "error_lsq": 0.04352612132056647, "error_max": 0.21576616075355545, "target": "586.xyz", "model": "27.xyz", "model_rescale": 4.103607728864725, "target_rescale": 3.7747926325166876},
