[{"mapping": [3, 5, 6, 0, 2, 12, 14, 11, 8, 10, 9, 15], "R": [[0.15769175766432014, 0.9778840721702247, 0.13739014142403544], [-0.8764653928226462, 0.20269498957526627, -0.43671862381323656], [-0.45490847953075336, -0.051550776879323884, 0.8890448766255596]], "T": [0.03168165847136949, -0.15165222817927848, -0.03578888844438296], "aligned_model": [[-0.22824134065438834, 0.22203532755031502, 0.39483008308415635, -0.23205769767845008, -0.06990173183868799, -0.60006354193953, 0.3605568178154178, -0.17556042993962778, 0.6900598102891743, 0.14725457286110394, -0.6173033766849897, -0.053966030403944834], [-0.29708135840996364, -0.6361150892165055, -0.23212386578517138, 0.6179412959404109, 0.3076044821350614, -0.4199629964313314, -0.19675817932361814, -0.4391704700526108, -0.03550283581610805, 0.3998687969521686, 0.08260795647062685, -0.09775270048590189], [-0.5976116097556857, 0.02147958133556028, -0.5597979488148594, 0.01327915564055502, -0.6285857303157987, -0.12986285641624523, 0.5071285540537933, 0.6890946083053551, -0.03479614667967593, 0.40416564542745215, 0.439677496936077, 0.05778099563703442]], "inverted": false, "swapped": true, "error_lsq": 0.03922449721938864, "error_max": 0.21093344527102134, "target": "587.xyz", "model": "0.xyz", "model_rescale": 3.751011558992144, "target_rescale": 4.11323621924464},
{"mapping": [2, 1, 7, 6, 9, 10, 12, 3, 0, 14, 11, 13, 5, 8, 15], "R": [[0.9418643137705357, -0.33492892329943696, -0.02672509650193957], [0.3356823762267979, 0.9345887841840942, 0.11773337151388821], [-0.014455335910608878, -0.11986000506748143, 0.9926855607134291]], "T": [0.0965839615111483, 0.12996392389919692, 0.006060911237348388], "aligned_model": [[-0.03195907435815608, 0.11745919746366879, -0.4568664475723431, 0.3291229734274337, -0.19822733216421645, -0.602180354540989, 0.4894796445438764, 0.5166610776953213, -0.5551540034575907, -0.15986540493815343, 0.07266129974840269, 0.6564068112669557, 0.46406767842968416, -0.12652547246351703, 0.024005618008657456], [0.015406327349395649, -0.5986264441057767, 0.43635264408240054, 0.5499352527759102, -0.5903435286886027, 0.11510179821323055, -0.44010041190501387, -0.048778032720577125, -0.25422636819504246, 0.4080672220356527, -0.09859594204718006, -0.11996231286847842, 0.38724729076514425, 0.7589315555856544, 0.028348299550389186], [-0.730822561158793, -0.4728158803587472, -0.47390224926812746, -0.4211248199927548, 0.31649797162769683, 0.15639413913206918, 0.030600946904303372, -0.43659120609402025, -0.29704923009506473, 0.5177688793640394, 0.7795337293840306, 0.5742053212871163, 0.276207996398355, -0.03362984884363917, 0.0643932165655114]], "inverted": false, "swapped": true, "error_lsq": 0.04211072141319483, "error_max": 0.28107241646208225, "target": "587.xyz", "model": "1.xyz", "model_rescale": 3.9405287249114394, "target_rescale": 4.11323621924464},
{"mapping": [9, 11, 12, 8, 5, 1, 10, 14, 6, 2, 7, 0, 15], "R": [[-0.26690019857189157, -0.6626990758541058, -0.6997100963001741], [0.39835474919511105, 0.585256488601253, -0.7062494859069501], [0.8775407556324577, -0.4672309679508042, 0.10778425113053175]], "T": [0.03920267312723788, -0.09317546275198384, -0.128327173191141], "aligned_model": [[-0.34418527115246866, 0.33090728821758564, -0.39268701025221464, 0.5102635437735205, 0.4118808223181316, -0.829863231896008, 0.11184549808484819, 0.5693301481252684, 0.11289063804954899, -0.5032873474464482, -0.017684207002921642, -0.4570995449205518, -0.006328046614359054], [0.6368356921740443, 0.6491187288301282, 0.1887178720301222, -0.45566458369332125, -0.10979286966671943, -0.034026693180846765, 0.17090411989781934, 0.1890276792591185, -0.7221016018295758, -0.5718156653053329, -0.5395720928959321, 0.029959583154425137, 0.027242424798087292], [0.02075364871568683, -0.25071939989472497, -0.5908744975245598, 0.17770673182383606, -0.49582318621741656, -0.17108880481826466, 0.5320344895260751, 0.08209861781899941, -0.23768874559495276, 0.09360106062783377, 0.5259204634708297, 0.5063082986587049, -0.07910832700340346]], "inverted": true, "swapped": true, "error_lsq": 0.04835537534498987, "error_max": 0.2888778554029997, "target": "587.xyz", "model": "2.xyz", "model_rescale": 3.932901565614263, "target_rescale": 4.11323621924464},
{"mapping": [3, 1, 2, 12, 6, 8, 7, 5, 11, 14, 0, 9, 10, 15], "R": [[-0.8977170442680802, -0.19492951467600184, -0.3951032684485923], [0.05453635202226961, -0.9390643491155528, 0.3393875874693807], [-0.4371840513315703, 0.28312653095102525, 0.8536448164974431]], "T": [-0.11494530526021975, -0.09942346397470657, 0.02505255655262574], "aligned_model": [[-0.18600202397110588, 0.4255910261215239, 0.30694872040333854, -0.12392380780198546, -0.3645057032670384, -0.26247763358438403, 0.31944112905606675, -0.6302997652600527, -0.25064331781084837, -0.24707064859014893, 0.6981910689423199, 0.38328372487463147, 0.37725842128595005, -0.02598127834556331], [-0.0016828607885672336, 0.2901546603418672, -0.3820437669594682, 0.5188746462674175, -0.5522306313537301, -0.7122008132847921, -0.7632969071022503, -0.05790338424908778, 0.42635319739070865, -0.18920983716203432, -0.153175152479674, 0.5248698763763371, -0.2691252713844989, -0.01588711726173915], [-0.5992487207091397, -0.5376658818030168, -0.5359957500472229, -0.28730847081044203, -0.3565535689549924, 0.24796866172524423, -0.008511051783679044, 0.10814481988073164, 0.621891779654005, 0.6410347539177635, 0.03771376625858737, 0.2783376771580214, 0.5149804285020342, 0.0891079200692024]], "inverted": false, "swapped": true, "error_lsq": 0.04134403041484387, "error_max": 0.2112243134030655, "target": "587.xyz", "model": "3.xyz", "model_rescale": 3.9243930471874484, "target_rescale": 4.11323621924464},
{"mapping": [7, 0, 2, 6, 3, 10, 14, 1, 12, 9, 13, 11, 15], "R": [[-0.776113795552109, 0.04668094964925557, 0.6288626760219939], [0.07224016704396469, 0.9972725428241548, 0.015127246758905522], [-0.6264413257593721, 0.05716960966185097, -0.7773692180115909]], "T": [0.08550013701815681, -0.21020479417697568, 0.02602007588731854], "aligned_model": [[0.009070418859091739, -0.276020690510975, 0.4351530337394194, 0.5921051836201894, 0.6594869845199974, -0.544777206997674, -0.39286993405480775, 0.29898719336305984, 0.28855245845264255, -0.43801397162919675, 0.11931695277721735, -0.4526160517714619, -0.021168484056149656], [-0.7018397594136438, -0.04772943271987176, -0.21247771403344387, -0.5957173963736768, 0.02621573834688276, -0.36623286440169633, -0.4909438671556001, 0.4428462565835183, 0.4432067358135452, 0.4341388565578467, 0.2383410980026336, 0.08404753175903507, -0.12602562928394145], [-0.5928495369968951, -0.6861208943437456, -0.645084753880815, -0.0615545689190022, -0.1118160524385093, -0.27314249279276, 0.3379502197267986, -0.511148690171236, 0.134489911729816, -0.08747852058310769, 0.7305169340670271, 0.5503469229233962, 0.0029618370499967447]], "inverted": true, "swapped": true, "error_lsq": 0.04753420652199406, "error_max": 0.2517221964220723, "target": "587.xyz", "model": "4.xyz", "model_rescale": 3.8936222436046832, "target_rescale": 4.11323621924464},
{"mapping": [1, 12, 9, 0, 11, 5, 6, 8, 7, 2, 10, 15], "R": [[-0.6207143134842144, 0.43080733336371213, -0.6550715858254486], [-0.4661240286722568, 0.4690499212086452, 0.7501470264611524], [0.630430115817896, 0.7709716031957411, -0.09033635002380352]], "T": [-0.2163789920583955, -0.021988616504904992, 0.09627653858798296], "aligned_model": [[0.015257092599749084, -0.5796723684946637, -0.3061398934997306, 0.41230889411810867, -0.7621072560411832, -0.6348695541938045, -0.0365982603846976, 0.04352506817375584, 0.5458303851458121, 0.3722676325638966, 0.17481660071092442, -0.2170702984830697], [-0.6374920343049431, -0.4580673702773335, 0.10880499876964561, 0.02664486596359825, 0.44583632756420327, 0.03462910810159592, -0.3067622860558901, 0.32074717717023976, 0.09880231829746097, -0.49746015903794777, 0.5075763121372863, 0.025663646781891477], [-0.4765261746700668, -0.30095868290931427, -0.7265015021810448, -0.42008248327327086, -0.27031941075690474, 0.4059191444275222, 0.6435614769495359, 0.6080728973892979, 0.28333923926381255, 0.08815431903970716, -0.1823262721067656, -0.033047831896990315]], "inverted": false, "swapped": true, "error_lsq": 0.04020355018323358, "error_max": 0.21490924753088295, "target": "587.xyz", "model": "5.xyz", "model_rescale": 3.6523030999806103, "target_rescale": 4.11323621924464},
{"mapping": [6, 2, 1, 3, 12, 8, 0, 5, 10, 11, 9, 13, 15], "R": [[0.8104682349983652, -0.5774757928624724, -0.09830029865922874], [-0.5844985633326779, -0.7861190318374361, -0.2009435175491052], [0.038764281505919956, 0.22031472134387867, -0.9746582755194249]], "T": [0.03165890448888309, -0.18528538466438285, 0.023406913053548382], "aligned_model": [[0.15461413880289876, -0.030143163432129735, 0.2743139963746216, 0.5023266737529292, 0.5667870432683817, -0.3564172193429509, -0.47419217044351936, 0.3015544477172593, -0.640605378496836, 0.04152393823624667, -0.06250190264115804, 0.6157599604464351, -0.011937459577883495], [-0.6103642471145894, 0.031627882102146204, 0.5506707242883374, -0.09021673474873167, 0.2457614262416383, -0.7189473781932033, 0.39448413048996256, -0.5606053531687653, 0.011298707025901661, -0.035240658697674815, 0.5553358380859629, -0.15950034088034182, -0.07347709126745987], [0.4893767931540722, 0.7457455773860887, 0.4235191391003944, 0.4402859966677807, -0.06479229298779723, 0.13090229178248547, 0.29214900612241246, -0.22258043961820506, -0.11979909342999806, -0.7693486405679636, -0.35704234822615255, -0.5739321075626271, -0.04437414233870061]], "inverted": false, "swapped": true, "error_lsq": 0.0434631932414281, "error_max": 0.2513070017561241, "target": "587.xyz", "model": "6.xyz", "model_rescale": 4.08911054899281, "target_rescale": 4.11323621924464},
{"mapping": [13, 14, 5, 12, 1, 2, 3, 6, 9, 9, 0, 10, 7, 8, 15], "R": [[0.5365525904273695, 0.8169688355716869, 0.2113604490209129], [-0.12319776808700528, 0.32361855370507864, -0.9381329019047426], [-0.8348255073032089, 0.47731850310089124, 0.2742871104398901]], "T": [0.1472977933116779, -0.08876290570899434, -0.07510806931366998], "aligned_model": [[0.09096982170911341, 0.41195611908003016, 0.5076978480761275, -0.3134407759756599, -0.6035094360451796, -0.06945223172876877, 0.02305839804504796, 0.5621385203547288, -0.5846626856314335, -0.5846626856314335, -0.4037130049711266, -0.009421233849236627, 0.26893471079224723, 0.7018940122801739, 0.03854616329492415], [-0.7881378912435655, -0.49122004699429966, -0.384841129587302, -0.2767270522216624, 0.2610031236735123, 0.6331137949842467, 0.22917753211608924, 0.34178146092076045, -0.4390920645712879, -0.4390920645712879, 0.2767817762108631, -0.09726549603529555, 0.5324634716559918, 0.0888974648447998, -0.14608406301244936], [-0.5293707761563329, 0.3407488612056154, -0.3131583718927193, -0.5571163975083254, -0.3481555201176311, -0.1426170504166734, -0.6116085988895467, -0.31064294498572176, 0.13377235416368022, 0.13377235416368022, 0.4013418220657517, 0.6223583342216131, 0.4042960263972357, 0.25324126343136566, -0.012791323599911232]], "inverted": false, "swapped": true, "error_lsq": 0.05102486038637238, "error_max": 0.36896689314446307, "target": "587.xyz", "model": "7.xyz", "model_rescale": 3.964800864290218, "target_rescale": 4.11323621924464},
{"mapping": [1, 4, 12, 2, 9, 6, 0, 13, 5, 14, 8, 10, 11, 15], "R": [[-0.35303621363006593, 0.5168240669614266, -0.7799091714265178], [0.9308867156997278, 0.27768189466412596, -0.23736614735365202], [0.09389011875336434, -0.8098059330390167, -0.5791364229741444]], "T": [-0.04653720480253966, -0.08463463981055568, 0.13331970662964804], "aligned_model": [[-0.2357087878590955, 0.25948463225032153, 0.319770195930851, -0.6899976807824795, 0.26495528505492766, -0.4033428219494173, -0.5096138866120787, 0.7651544457129578, 0.28595419781045817, 0.178562455330672, -0.3591908332401273, -0.2562892199796971, 0.6469844395684345, -0.0055345317748545855], [0.160044640552013, -0.7260651389076599, -0.0779894714691932, -0.12881922122829237, 0.6278429275399368, -0.6174772594669504, 0.5537409194388374, -0.2305556397093827, -0.43868182208832035, 0.111175434562252, -0.261754151323013, 0.518000554482389, 0.2770208309747008, 0.04446586282388533], [-0.6821242480847143, -0.22131996730817977, -0.45465759561751135, -0.2624710783881036, -0.17889150133795323, 0.17462893511698568, -0.07229387613398547, -0.0027558013661642677, 0.3290708767327798, 0.6954062875164342, 0.6970837041853388, 0.4556975072077728, 0.33157498580043265, 0.10786681040188975]], "inverted": true, "swapped": true, "error_lsq": 0.04501779654412842, "error_max": 0.2811943930011768, "target": "587.xyz", "model": "8.xyz", "model_rescale": 4.121658175737393, "target_rescale": 4.11323621924464},
{"mapping": [4, 12, 1, 2, 13, 5, 9, 10, 0, 11, 6, 7, 15], "R": [[0.9184199921347698, 0.011261365041019405, 0.3954464561790668], [-0.3003665202581218, -0.6306794041238024, 0.7155581337124699], [0.2574580966976898, -0.7759617715270892, -0.5758460363442164]], "T": [-0.11527299663616741, 0.061965155996561154, 0.08320861656185413], "aligned_model": [[-0.7434092419563807, -0.25048882026775454, 0.31416163192103086, 0.3144228602180664, -0.7149068264965827, -0.6239888095757407, 0.2813817166813286, 0.42777182180480255, 0.6940810271820044, -0.3037283717229622, -0.30509425658499534, 0.424983478514549, -0.038448713282168284], [0.20035556396005383, -0.26721871167158384, 0.0007653837841141639, 0.5632002567694038, -0.4876445579130795, 0.03776053690793615, -0.6466405478910383, -0.12928803143776504, 0.009503563309082357, -0.689960278887899, 0.6751723066898436, 0.5766841471937314, -0.052302191401089694], [-0.3827792594119955, -0.5111795060977915, -0.6733911250665399, -0.28661411292337285, -0.10920045304625331, 0.2050315157521633, -0.12336023011363864, 0.507021163612537, 0.002995408661700047, 0.3071836563625473, 0.0534960313808536, 0.3547474531419666, 0.0771248917069132]], "inverted": true, "swapped": true, "error_lsq": 0.043427219561367365, "error_max": 0.24827930324865127, "target": "587.xyz", "model": "9.xyz", "model_rescale": 3.833441315466971, "target_rescale": 4.11323621924464},
{"mapping": [12, 13, 6, 8, 14, 5, 11, 10, 2, 7, 1, 0, 9, 3, 15], "R": [[-0.6545865744895186, -0.7101720122057408, -0.2591758661174441], [-0.7218808935764288, 0.6889871529036662, -0.0646890919939139], [0.22450922472667964, 0.14474949469117196, -0.9636613470505476]], "T": [-0.16891782710298844, -0.0071193667201737264, 0.07001268573518694], "aligned_model": [[0.20205057828697057, -0.24104210445747723, -0.5697014296749252, -0.6543745612312484, -0.4110132919805577, -0.5846293744320404, -0.07697019965146454, 0.07997123026396022, 0.10345797822788191, -0.1651140551068881, 0.5671400431264902, 0.4738162390256102, 0.5485068871091314, -0.08969867120286211, -0.058554250008048814], [-0.5921814375432871, -0.6919085146954617, 0.005228023224859072, 0.4488888145481598, 0.2657688598035145, -0.27661580476429265, -0.18089616106079648, 0.6016649224874661, 0.16506947043874198, 0.6820980614574396, -0.2478435104527225, 0.4752450802773715, -0.06527107923610867, -0.3990066901354999, 0.010861504945594907], [0.06477880201593306, -0.4038171666757141, 0.5721660527248725, 0.12782060543001933, -0.4514032407011268, -0.09961643908111976, -0.7125595895427863, -0.2102166095105158, 0.754707093421258, 0.4643613976988862, 0.47110292452509095, 0.20587207558423853, -0.3589952994643786, 0.5644851507528693, -0.010563849355434016]], "inverted": false, "swapped": true, "error_lsq": 0.047920967354093534, "error_max": 0.27719929895168854, "target": "587.xyz", "model": "10.xyz", "model_rescale": 4.2482417240324, "target_rescale": 4.11323621924464},
{"mapping": [11, 9, 1, 0, 5, 6, 12, 7, 10, 8, 14, 15], "R": [[-0.45788313696703176, 0.1633439507038611, -0.873877443724053], [0.7383833951579711, 0.6173144158694506, -0.2715011486435126], [0.49510907347393485, -0.7695723914799788, -0.403268322132508]], "T": [-0.05842860330334552, 0.19587149831444303, 0.03842095236190481], "aligned_model": [[-0.7046080180441925, -0.1205059793796712, 0.4292600900793959, 0.5498771898394342, -0.49302188575869144, 0.16646129617492628, -0.2025494670683237, 0.5883461916463472, 0.1340167533223202, 0.014363750092244061, -0.4192241188525929, -0.06565019968818947], [-0.27115155512437683, -0.6313759858791055, -0.2018168878786721, -0.3246051435440668, 0.4864293266351216, 0.7954684151160449, -0.06992659545465488, 0.33429263701839695, -0.21571336982603853, 0.5979427146014723, 0.10793636346704523, 0.058651470919473286], [-0.08573112374183517, 0.15647048802719926, 0.6422473903296514, -0.11425006849086869, 0.06880660577576816, 0.09176913492456146, 0.6617371867313746, -0.40097407672954294, -0.5135348543907424, -0.4907231376496667, -0.4783447340472182, 0.027719479115675783]], "inverted": false, "swapped": true, "error_lsq": 0.04220531857971422, "error_max": 0.2380148877344034, "target": "587.xyz", "model": "11.xyz", "model_rescale": 3.6694154284099745, "target_rescale": 4.11323621924464},
{"mapping": [10, 0, 1, 2, 7, 11, 14, 13, 3, 4, 12, 6, 9, 15], "R": [[-0.22975668089927687, -0.791406368096398, 0.5664696180013689], [-0.043012736746367575, 0.5897285137049999, 0.8064553208956339], [-0.972297162425015, 0.16092308926863375, -0.16953461971085368]], "T": [0.13865591638163016, -0.07641854002134187, 0.031825673547684966], "aligned_model": [[0.051639326792218165, 0.07254163063623992, -0.0922387807297031, 0.5437545043967724, 0.7040430456144142, -0.542861460317412, 0.017865455109925266, -0.44283809725132744, 0.282876981875979, 0.16421682108436986, -0.31831477945937414, 0.7280271254284325, -0.5967882452582325, 0.026341322333507472], [-0.3582347073852431, 0.21850036711984422, 0.7390393147005473, 0.5008642185598035, -0.06300833132858243, -0.5032727370494909, -0.6924546864977007, -0.18825559455922303, 0.46888480279748557, 0.20888316814211594, 0.3677315609488242, 0.030720936480144526, 0.07527220509894579, -0.07368322889121634], [-0.6194041572536323, -0.7250706553710327, -0.17388968167235458, -0.24255318409524718, -0.5255822551843329, 0.09817072773954678, -0.07239475310321829, 0.621749399927366, 0.3254221928630666, 0.7726369340760922, 0.3035811684377884, 0.2644211778674602, -0.33998005065591014, -0.04801140392317699]], "inverted": true, "swapped": true, "error_lsq": 0.040098266271016925, "error_max": 0.2470219752303165, "target": "587.xyz", "model": "12.xyz", "model_rescale": 3.9764082729961374, "target_rescale": 4.11323621924464},
{"mapping": [0, 9, 2, 1, 10, 11, 8, 7, 3, 5, 4, 6, 12, 13, 14, 15], "R": [[0.32606556458605707, 0.5198580051087396, -0.7895751402593283], [0.7164360892066028, -0.6808073707610081, -0.1523832471101467], [-0.6167662261128803, -0.5159931961197214, -0.5944328758443886]], "T": [-0.05276051289335622, -0.1410037636851742, -0.005787785289557489], "aligned_model": [[-0.608582451747596, -0.2901632235037673, -0.07297695802077038, 0.25971837965297234, 0.7156015183846702, 0.6025394997264308, 0.3628259339492331, -0.48114978077513454, 0.061741554157463255, -0.6836191009450346, -0.7322089132533446, -0.31203108085286596, 0.272742397955568, 0.26628832359779264, 0.15968848255454693, -0.10547373423993492], [-0.15546144331590936, -0.5885095943473382, 0.1086227552768615, -0.34197212965070795, -0.19971203716447428, 0.23684462456554084, 0.33086738747958616, 0.3969790440515686, 0.6838839180620517, -0.676241159498015, 0.0420020450461151, -0.20781321182869997, -0.6892498893901318, -0.35941793615215156, 0.2331441357874104, -0.05668978751296577], [-0.4726505930717476, -0.3296359148747354, -0.7631103125416036, -0.520852087930654, -0.23452349844701398, 0.23578453867627758, -0.32870938343335526, -0.31898234569314254, 0.11624924374830602, 0.1297196973069742, 0.1381652174512254, 0.7097358522850109, -0.0320094485977704, 0.46853661360439425, 0.6677749907220767, 0.035457147615816184]], "inverted": true, "swapped": false, "error_lsq": 0.04629191689537824, "error_max": 0.3412946791892564, "target": "587.xyz", "model": "13.xyz", "model_rescale": 4.170626492500431, "target_rescale": 4.11323621924464},
{"mapping": [0, 7, 10, 14, 9, 13, 11, 2, 1, 6, 3, 5, 12, 15], "R": [[0.22102879071243767, 0.5046440292831565, 0.8345541788194809], [-0.1676623734735116, 0.8626401646880018, -0.477222458386323], [-0.9607474185223847, -0.03444343153516599, 0.27527812812981745]], "T": [-0.11641521019077312, -0.04558152444877778, 0.15840695849999797], "aligned_model": [[0.37383049527645856, 0.06263377356372811, -0.2100346431255719, -0.6825527189533571, 0.11508087366040586, -0.3993764600159754, -0.5603274124405518, 0.5230813508599819, 0.7187367903641224, -0.06413398837669722, 0.33015536886941316, -0.4949216653733582, 0.22536470178793705, -0.09435344400489223], [-0.23615853152215158, -0.7742190813883378, -0.252196592783656, -0.05575493756306654, 0.504566462708915, 0.6973296448787429, 0.5471149967706168, -0.445396107756819, 0.19372530321859183, -0.48149946902593826, 0.006375173693911579, 0.09070246430692791, 0.5345523910689514, 0.026932751318977696], [-0.46415216796551084, -0.10154459592162912, -0.5195592256794956, -0.13200238960827232, -0.42970395704550957, 0.4166098693862604, -0.16210029088321054, 0.22034607592052943, 0.08188206349188817, 0.6276405650855914, 0.6081063992510172, 0.4936352366644106, 0.3214214053630866, 0.04329411306171066]], "inverted": true, "swapped": true, "error_lsq": 0.04327158540421373, "error_max": 0.30598965135428186, "target": "587.xyz", "model": "14.xyz", "model_rescale": 3.9786697098870705, "target_rescale": 4.11323621924464},
{"mapping": [0, 10, 1, 2, 9, 12, 8, 5, 3, 7, 11, 15], "R": [[-0.43997139384393424, 0.4586304303227107, 0.7720643114281551], [-0.33851607050016336, 0.7116201502991117, -0.6156327084401856], [-0.8317644153317421, -0.5322169577064182, -0.15783873832988715]], "T": [0.00042905285997102416, 0.04408231485664209, 0.1725965429256846], "aligned_model": [[-0.02277633247438532, -0.5132721187453486, 0.6273749381469467, 0.4962999975399898, -0.12810313406581098, 0.42605795593747736, -0.33628485214346276, -0.07283781106296744, 0.6319025360623973, -0.09475819155856446, -0.48386854905843474, -0.04637984181050021], [-0.33392819919894784, -0.2226789543259241, 0.07317593102402413, -0.4801337919425473, 0.4443440980527738, 0.5465380116204172, -0.4052550134350874, 0.3063773833739514, 0.050730875517936466, -0.7338391932900339, 0.6754977886871141, 0.09384555414076226], [-0.549075040728902, -0.2469771253763089, -0.4329570053052729, -0.055336531644036624, -0.55224666455618, -0.042626336217898686, 0.5354645206456299, 0.6198679642903033, 0.24710428902733717, 0.04483287721669771, 0.039020951358463535, 0.052894595163997235]], "inverted": true, "swapped": true, "error_lsq": 0.05240348708925902, "error_max": 0.31964480917080396, "target": "587.xyz", "model": "15.xyz", "model_rescale": 3.769337070930944, "target_rescale": 4.11323621924464},
{"mapping": [10, 8, 9, 11, 0, 7, 1, 6, 12, 13, 15], "R": [[0.04672845809552906, 0.1604714078109023, 0.9859337596812483], [0.3239531231331288, 0.9312311727309472, -0.16692176894113192], [-0.9449184225192704, 0.3271963175363254, -0.008470216901703282]], "T": [-0.031169905637266966, -0.09282922691651233, 0.09733191664460597], "aligned_model": [[-0.19633816560864148, -0.17836862987248117, -0.1365208144543836, -0.7092546317129597, 0.3441797335292026, 0.3227328802928756, 0.6340080631808407, 0.2684901808638005, 0.12008676457012649, -0.485299672479546, -0.06108957761766297], [-0.03779410312191846, -0.70797729728649, 0.685102865053181, 0.3445184517098473, 0.1887808887198347, -0.5234135859212673, 0.47119317981089814, -0.6156828791534442, 0.46192695304539544, 0.30846634728021405, 0.020943677489091553], [-0.5960533389124365, -0.11918331325202708, -0.19567071114383647, 0.09686421802554238, -0.5690378789257593, -0.46826154734161995, 0.09289616828575563, 0.3204145224406358, 0.483737893001117, 0.6729887889237971, 0.025522806122608696]], "inverted": true, "swapped": true, "error_lsq": 0.03998978067405536, "error_max": 0.21113907885861607, "target": "587.xyz", "model": "16.xyz", "model_rescale": 3.7852294659196426, "target_rescale": 4.11323621924464},
{"mapping": [14, 7, 6, 8, 10, 0, 1, 2, 5, 13, 9, 3, 15], "R": [[0.9800432480929604, -0.10132764301925955, 0.17102029302852328], [-0.10653358090825128, -0.9940762276767774, 0.02151858979517897], [0.1678267797649277, -0.039308552861554255, -0.9850324916801807]], "T": [0.10762353613230173, 0.05692309812878339, -0.05565387307206433], "aligned_model": [[0.019964635295508792, -0.42206366266911416, 0.3642907945134299, 0.04848923375128555, -0.536467057158573, -0.6617054530849092, -0.1381913897777256, -0.16756135190657878, 0.568401963957039, 0.6725373593640269, -0.304349350149921, 0.3879905045289755, 0.022429623552839284], [-0.1975054185764431, -0.4345049940425488, -0.353933403163747, -0.6057262925366952, -0.06955437595655982, 0.23234226263167562, 0.6948500612058595, 0.03265869869468908, -0.0670138533608978, 0.5080232877184985, 0.7257538924233976, 0.26351408242206725, 0.14615167624357822], [-0.6323121892543881, 0.2737029854618736, 0.3665508307492562, -0.12162642043954201, -0.3389263351296444, 0.14831018350344577, 0.48585041438480664, 0.6488519985879886, -0.27138827736107973, -0.4752177047809028, -0.3473238975301814, 0.47638832057108166, -0.11710521161953998]], "inverted": false, "swapped": true, "error_lsq": 0.040674365100819974, "error_max": 0.1949012322216958, "target": "587.xyz", "model": "17.xyz", "model_rescale": 3.901054581598922, "target_rescale": 4.11323621924464},
{"mapping": [2, 1, 7, 6, 9, 10, 12, 3, 0, 14, 11, 13, 5, 8, 15], "R": [[0.9418643137705357, -0.33492892329943696, -0.02672509650193957], [0.3356823762267979, 0.9345887841840942, 0.11773337151388821], [-0.014455335910608878, -0.11986000506748143, 0.9926855607134291]], "T": [0.0965839615111483, 0.12996392389919692, 0.006060911237348388], "aligned_model": [[-0.03195907435815608, 0.11745919746366879, -0.4568664475723431, 0.3291229734274337, -0.19822733216421645, -0.602180354540989, 0.4894796445438764, 0.5166610776953213, -0.5551540034575907, -0.15986540493815343, 0.07266129974840269, 0.6564068112669557, 0.46406767842968416, -0.12652547246351703, 0.024005618008657456], [0.015406327349395649, -0.5986264441057767, 0.43635264408240054, 0.5499352527759102, -0.5903435286886027, 0.11510179821323055, -0.44010041190501387, -0.048778032720577125, -0.25422636819504246, 0.4080672220356527, -0.09859594204718006, -0.11996231286847842, 0.38724729076514425, 0.7589315555856544, 0.028348299550389186], [-0.730822561158793, -0.4728158803587472, -0.47390224926812746, -0.4211248199927548, 0.31649797162769683, 0.15639413913206918, 0.030600946904303372, -0.43659120609402025, -0.29704923009506473, 0.5177688793640394, 0.7795337293840306, 0.5742053212871163, 0.276207996398355, -0.03362984884363917, 0.0643932165655114]], "inverted": false, "swapped": true, "error_lsq": 0.04211072141319483, "error_max": 0.28107241646208225, "target": "587.xyz", "model": "18.xyz", "model_rescale": 3.9405287249114394, "target_rescale": 4.11323621924464},
{"mapping": [14, 3, 10, 2, 6, 8, 5, 11, 9, 12, 13, 4, 1, 0, 7, 15], "R": [[-0.09077008137556025, 0.1255579659334845, 0.9879250930701784], [-0.31302030840811146, -0.9453396082378516, 0.09138551100035808], [0.9453988993283022, -0.3009455470468898, 0.1251107463868844]], "T": [-0.1131005777941925, -0.11391042907513205, 0.039844832973571526], "aligned_model": [[-0.7724106214012914, -0.34317869171505666, -0.22342286582079618, 0.41611144871991146, 0.6185281568023491, 0.5409998107155464, 0.48200281516768384, -0.3302969663692205, -0.054017805325858134, -0.463402199773285, -0.6747804363950523, -0.15226634382845497, 0.20248457622501845, 0.34442434310396375, -0.0776593780254959, -0.09817499543973267], [-0.1465717694085953, -0.7660170726368254, -0.09976381199607967, -0.11705403097115542, -0.21640803788234697, 0.12636459922075746, 0.3920407297338343, 0.4227497603652647, 0.6464507891659705, -0.5148634566466834, 0.24431997700297203, -0.314754053061183, -0.6744908088506443, -0.43944353207377196, 0.32647900612614966, -0.11176156667892273], [-0.3651026516742688, -0.45739714211630944, -0.7383151139115917, -0.6495389728798888, -0.07194555343638219, 0.33428115557113314, -0.24498497470812922, -0.3891479079435438, 0.1256929007963045, 0.16893590752722382, 0.126542918161204, 0.7418369341336755, -0.10737973139274629, 0.43654800105414526, 0.5879566971613432, 0.0029672504778894687]], "inverted": true, "swapped": false, "error_lsq": 0.03310724546415025, "error_max": 0.23677047487993524, "target": "587.xyz", "model": "19.xyz", "model_rescale": 4.410303926677745, "target_rescale": 4.11323621924464},
{"mapping": [1, 4, 12, 2, 9, 6, 0, 13, 5, 14, 8, 10, 11, 15], "R": [[-0.35303621363006593, 0.5168240669614266, -0.7799091714265178], [0.9308867156997278, 0.27768189466412596, -0.23736614735365202], [0.09389011875336434, -0.8098059330390167, -0.5791364229741444]], "T": [-0.04653720480253966, -0.08463463981055568, 0.13331970662964804], "aligned_model": [[-0.2357087878590955, 0.25948463225032153, 0.319770195930851, -0.6899976807824795, 0.26495528505492766, -0.4033428219494173, -0.5096138866120787, 0.7651544457129578, 0.28595419781045817, 0.178562455330672, -0.3591908332401273, -0.2562892199796971, 0.6469844395684345, -0.0055345317748545855], [0.160044640552013, -0.7260651389076599, -0.0779894714691932, -0.12881922122829237, 0.6278429275399368, -0.6174772594669504, 0.5537409194388374, -0.2305556397093827, -0.43868182208832035, 0.111175434562252, -0.261754151323013, 0.518000554482389, 0.2770208309747008, 0.04446586282388533], [-0.6821242480847143, -0.22131996730817977, -0.45465759561751135, -0.2624710783881036, -0.17889150133795323, 0.17462893511698568, -0.07229387613398547, -0.0027558013661642677, 0.3290708767327798, 0.6954062875164342, 0.6970837041853388, 0.4556975072077728, 0.33157498580043265, 0.10786681040188975]], "inverted": true, "swapped": true, "error_lsq": 0.04501779654412842, "error_max": 0.2811943930011768, "target": "587.xyz", "model": "20.xyz", "model_rescale": 4.121658175737393, "target_rescale": 4.11323621924464},
{"mapping": [6, 2, 1, 3, 12, 8, 0, 5, 10, 11, 9, 13, 15], "R": [[0.8104682349983652, -0.5774757928624724, -0.09830029865922874], [-0.5844985633326779, -0.7861190318374361, -0.2009435175491052], [0.038764281505919956, 0.22031472134387867, -0.9746582755194249]], "T": [0.03165890448888309, -0.18528538466438285, 0.023406913053548382], "aligned_model": [[0.15461413880289876, -0.030143163432129735, 0.2743139963746216, 0.5023266737529292, 0.5667870432683817, -0.3564172193429509, -0.47419217044351936, 0.3015544477172593, -0.640605378496836, 0.04152393823624667, -0.06250190264115804, 0.6157599604464351, -0.011937459577883495], [-0.6103642471145894, 0.031627882102146204, 0.5506707242883374, -0.09021673474873167, 0.2457614262416383, -0.7189473781932033, 0.39448413048996256, -0.5606053531687653, 0.011298707025901661, -0.035240658697674815, 0.5553358380859629, -0.15950034088034182, -0.07347709126745987], [0.4893767931540722, 0.7457455773860887, 0.4235191391003944, 0.4402859966677807, -0.06479229298779723, 0.13090229178248547, 0.29214900612241246, -0.22258043961820506, -0.11979909342999806, -0.7693486405679636, -0.35704234822615255, -0.5739321075626271, -0.04437414233870061]], "inverted": false, "swapped": true, "error_lsq": 0.0434631932414281, "error_max": 0.2513070017561241, "target": "587.xyz", "model": "21.xyz", "model_rescale": 4.08911054899281, "target_rescale": 4.11323621924464},
{"mapping": [6, 8, 5, 11, 15, 14, 9, 10, 12, 0, 7, 4, 1, 2, 13, 16], "R": [[0.035117471096395125, -0.09078392119042378, -0.9952512461067733], [-0.8568592635232146, -0.515277636542606, 0.016767820177967963], [-0.5143529583255534, 0.852201406319162, -0.09588429135887977]], "T": [-0.0012389190808627382, -0.08063166819615221, -0.01105575228371524], "aligned_model": [[-0.6797669470940886, -0.1863192656506559, -0.019161013671704016, 0.3763941239528792, 0.6982030627533174, 0.46733862977775675, 0.259495045340142, -0.42043254624964177, -0.02778094663903089, -0.571217478511884, -0.6217936368170173, -0.07898902180582394, 0.090576089096901, 0.37404755319031, -0.21544362017084648, -0.030209180860384065], [-0.24920184707823545, -0.5109402401437765, 0.12212442898250785, -0.441964608103456, -0.28487596104708807, 0.30432571193172414, 0.469193645474857, 0.4736097380471683, 0.6359722205430953, -0.48016583701038196, 0.23598086177377292, -0.2924272845477434, -0.8671475372416324, -0.5134633309142952, 0.2410667621015985, -0.08481000135937419], [-0.2694119764075287, -0.5222717695230764, -0.6865539517857735, -0.5702737970618398, -0.034976470915666434, 0.1988620462417871, -0.38153859373038934, -0.42121252202114884, 0.16428361423440221, 0.32890937521929026, 0.1319985596781359, 0.6487849287054661, -0.06547241589873135, 0.4283422960189131, 0.5250006178893778, 0.026479776176839456]], "inverted": true, "swapped": false, "error_lsq": 0.03667745041771656, "error_max": 0.24014396722630452, "target": "587.xyz", "model": "22.xyz", "model_rescale": 4.204369325754507, "target_rescale": 4.11323621924464},
{"mapping": [14, 3, 10, 2, 6, 8, 5, 11, 9, 12, 13, 4, 1, 0, 7, 15], "R": [[-0.09077008137556025, 0.1255579659334845, 0.9879250930701784], [-0.31302030840811146, -0.9453396082378516, 0.09138551100035808], [0.9453988993283022, -0.3009455470468898, 0.1251107463868844]], "T": [-0.1131005777941925, -0.11391042907513205, 0.039844832973571526], "aligned_model": [[-0.7724106214012914, -0.34317869171505666, -0.22342286582079618, 0.41611144871991146, 0.6185281568023491, 0.5409998107155464, 0.48200281516768384, -0.3302969663692205, -0.054017805325858134, -0.463402199773285, -0.6747804363950523, -0.15226634382845497, 0.20248457622501845, 0.34442434310396375, -0.0776593780254959, -0.09817499543973267], [-0.1465717694085953, -0.7660170726368254, -0.09976381199607967, -0.11705403097115542, -0.21640803788234697, 0.12636459922075746, 0.3920407297338343, 0.4227497603652647, 0.6464507891659705, -0.5148634566466834, 0.24431997700297203, -0.314754053061183, -0.6744908088506443, -0.43944353207377196, 0.32647900612614966, -0.11176156667892273], [-0.3651026516742688, -0.45739714211630944, -0.7383151139115917, -0.6495389728798888, -0.07194555343638219, 0.33428115557113314, -0.24498497470812922, -0.3891479079435438, 0.1256929007963045, 0.16893590752722382, 0.126542918161204, 0.7418369341336755, -0.10737973139274629, 0.43654800105414526, 0.5879566971613432, 0.0029672504778894687]], "inverted": true, "swapped": false, "error_lsq": 0.03310724546415025, "error_max": 0.23677047487993524, "target": "587.xyz", "model": "23.xyz", "model_rescale": 4.410303926677745, "target_rescale": 4.11323621924464},
{"mapping": [11, 1, 7, 0, 2, 5, 12, 13, 6, 10, 14, 8, 3, 4, 15, 16], "R": [[0.8794834452145791, 0.22753596148492722, 0.41801465982023256], [0.4144441220232736, -0.797945210963264, -0.4376294208815842], [0.23397636486160925, 0.5581315494862502, -0.7960805450167873]], "T": [-0.15700021277645249, -0.046779100832561656, -0.013011243706517944], "aligned_model": [[-0.7535263696453873, -0.27182133995622726, -0.23878135973498538, 0.42050814695734906, 0.6897903796418747, 0.3677869397660619, 0.39594299081518447, -0.28203177812303015, -0.02319864960851656, -0.3740914818136268, -0.6416590418418356, -0.14164035692094945, 0.3219607368317145, 0.280113424322496, -0.2325492285762283, -0.10186216547366507], [-0.18316131828533608, -0.6940202002301593, -0.03408214043698663, -0.16985742861400518, -0.38692404279117676, 0.19081161138567937, 0.40720864057332495, 0.5406378382113082, 0.6969062863334466, -0.6096727894954403, 0.4076649443073942, -0.4029521240295957, -0.800421726042077, -0.3994848439905383, 0.3418820574907272, -0.14725804297782435], [-0.17511590602258495, -0.5645821073080072, -0.6726183448517058, -0.48388450771103253, -0.02488820586731026, 0.23947862029178482, -0.37951469394770904, -0.3783810169779975, 0.07021901743303961, 0.23154145500470574, 0.11635806973543135, 0.7276719001743439, -0.12196163081833465, 0.38500219827334636, 0.580747159229587, -0.04912228981749894]], "inverted": true, "swapped": false, "error_lsq": 0.0359767643473967, "error_max": 0.22406270086814953, "target": "587.xyz", "model": "24.xyz", "model_rescale": 4.28219845311461, "target_rescale": 4.11323621924464},
{"mapping": [6, 0, 8, 1, 3, 9, 5, 10, 11, 2, 14, 13, 4, 7, 12, 15], "R": [[-0.19143404795079966, 0.9693301174331355, 0.1541172564063971], [0.44971649543867076, 0.2261942037887854, -0.8640551231852733], [-0.8724150841288403, -0.09610049744627575, -0.47922501538948004]], "T": [-0.005219493028419682, -0.0926682196795164, 0.025243813703770376], "aligned_model": [[-0.695721468584202, -0.2960438815112117, -0.0998833592652193, 0.2969562639060267, 0.6934838890825462, 0.5261437503474938, 0.43435107254739624, -0.4706838295354143, -0.06435065592858139, -0.5557724587990461, -0.690634880202781, -0.12295911720824443, 0.18018522829751893, 0.4736155003603856, -0.16346811069279646, -0.030277096173641407], [-0.16220302289952288, -0.7022099818530133, 0.18714415554550923, -0.22898076505236836, -0.3673422668981023, 0.21325478802546927, 0.4499580844312017, 0.46352585490601633, 0.4427403225871562, -0.4769518235794586, 0.1913642879164958, -0.24847497494301762, -0.7999424110589989, -0.4135999108949522, 0.36066575912898263, -0.15167137395265656], [-0.549707547591895, -0.43239598708484633, -0.6029996454972426, -0.5224660554256254, -0.16557834557309206, 0.3097396850703592, -0.46221397203838144, -0.2967746976646358, 0.1047313579515691, 0.15939882867808783, 0.1975107767232963, 0.5862946962886368, 0.019170878312833924, 0.5479922277904782, 0.6201098313060484, -0.011862314425532278]], "inverted": true, "swapped": false, "error_lsq": 0.03886950919485558, "error_max": 0.2426678977249678, "target": "587.xyz", "model": "25.xyz", "model_rescale": 4.100010024507729, "target_rescale": 4.11323621924464},
{"mapping": [11, 9, 1, 0, 5, 6, 12, 7, 10, 8, 14, 15], "R": [[-0.45788313696703176, 0.1633439507038611, -0.873877443724053], [0.7383833951579711, 0.6173144158694506, -0.2715011486435126], [0.49510907347393485, -0.7695723914799788, -0.403268322132508]], "T": [-0.05842860330334552, 0.19587149831444303, 0.03842095236190481], "aligned_model": [[-0.7046080180441925, -0.1205059793796712, 0.4292600900793959, 0.5498771898394342, -0.49302188575869144, 0.16646129617492628, -0.2025494670683237, 0.5883461916463472, 0.1340167533223202, 0.014363750092244061, -0.4192241188525929, -0.06565019968818947], [-0.27115155512437683, -0.6313759858791055, -0.2018168878786721, -0.3246051435440668, 0.4864293266351216, 0.7954684151160449, -0.06992659545465488, 0.33429263701839695, -0.21571336982603853, 0.5979427146014723, 0.10793636346704523, 0.058651470919473286], [-0.08573112374183517, 0.15647048802719926, 0.6422473903296514, -0.11425006849086869, 0.06880660577576816, 0.09176913492456146, 0.6617371867313746, -0.40097407672954294, -0.5135348543907424, -0.4907231376496667, -0.4783447340472182, 0.027719479115675783]], "inverted": false, "swapped": true, "error_lsq": 0.04220531857971422, "error_max": 0.2380148877344034, "target": "587.xyz", "model": "26.xyz", "model_rescale": 3.6694154284099745, "target_rescale": 4.11323621924464},
