[{"mapping": [7, 8, 1, 12, 0, 9, 5, 11, 2, 4, 6, 14], "R": [[-0.5942437331676325, 0.38792453606676924, 0.7045487491354855], [-0.4480521719212961, 0.5678071092074168, -0.6905391646895386], [-0.6679248736404454, -0.7260231683981567, -0.1636053853682598]], "T": [-0.08410914537079604, -0.054426510491299124, 0.09252138605914369], "aligned_model": [[-0.16394410216346722, 0.08904429934391629, 0.5256944738929843, -0.19697156808262706, -0.17420406588600246, -0.6769855936217597, 0.4378386998843733, -0.1832534164469169, 0.7127591051453875, 0.1791793973075816, -0.6376047164956753, -0.07391005041724553], [-0.43593504882830314, -0.7788115952966916, -0.1625359715502264, 0.7304462274735556, 0.3622150614765465, -0.46630893161634523, -0.20620495947360876, -0.5907236183630529, 0.08335192524081522, 0.3228432949843628, 0.25435959782693063, -0.0591409458969254], [-0.4586563106953488, 0.022924968678859417, -0.5932085924753597, -0.09020076208334087, -0.6034503858957101, 0.03378322033422941, 0.4947133936771034, 0.5937999365044877, -0.005810866513465143, 0.5280523757251828, 0.2783597023271179, -0.01835493423019298]], "inverted": true, "swapped": true, "error_lsq": 0.03636306820162235, "error_max": 0.17610415635686805, "target": "588.xyz", "model": "0.xyz", "model_rescale": 3.751011558992144, "target_rescale": 4.217742593283643},
{"mapping": [13, 2, 0, 3, 7, 1, 11, 5, 8, 10, 6, 4, 12, 9, 14], "R": [[-0.6506675486385073, 0.31955586706011074, 0.688851064437166], [0.00011509732013348373, 0.9071851347719596, -0.42073164606597924], [-0.75936271168748, -0.27367714386890696, -0.5903127078272963]], "T": [-0.0402064211138253, -0.04211594006486109, -0.05617957801332352], "aligned_model": [[-0.38757907964312055, -0.1943328724088789, 0.5343747518775316, 0.25299108263522774, 0.5722490510243621, 0.5184557101499371, -0.020923631772893386, -0.6134421558215869, -0.2441928792404803, -0.5451020739114608, 0.3979765615713653, -0.13001137169167534, 0.14654971503375847, -0.5616102755997182, -0.04953411912685136], [-0.6712062957715526, -0.6313227613801022, -0.3580173523817532, -0.7473082116868032, -0.09992441463534564, 0.26618293394176357, 0.16363109328623388, -0.21381862414214614, 0.11202487647838659, 0.5452181941704138, 0.4407545384118048, 0.6774600573196266, -0.4610025579930024, -0.1532542702272613, -0.062292965047047316], [0.049080855026336745, -0.6154813397796274, -0.43771239683701846, -0.04413908995078797, 0.1912744555223373, -0.3364187202006958, 0.7145521011261372, -0.2350790685948484, -0.6685915192066645, 0.21321370823748503, 0.31605357468934275, -0.37196340399185257, 0.5283127239113123, 0.33108765973118415, -0.006082730248084707]], "inverted": true, "swapped": false, "error_lsq": 0.03335377973580192, "error_max": 0.22772476182743656, "target": "588.xyz", "model": "1.xyz", "model_rescale": 3.9405287249114394, "target_rescale": 4.217742593283643},
{"mapping": [12, 0, 3, 9, 7, 4, 6, 13, 8, 5, 11, 10, 14], "R": [[-0.9983172123733947, 0.0446869362279084, 0.036957018407572144], [-0.0004263472017429007, -0.6429479051019511, 0.7659097920467373], [0.057987599597485874, 0.7646051720042022, 0.6418850124729089]], "T": [-0.09051505648739214, -0.08750137021489418, -0.020701508769959867], "aligned_model": [[-0.25481564404999413, 0.21782556329471833, -0.36294474191329684, 0.5079997859099192, 0.4772122268916157, -0.7004745696111015, 0.007011208453818904, 0.5304714041459438, 0.16689057649429587, -0.6076295046892928, -0.10255080302473214, -0.357777103688235, -0.025235118929727837], [0.7092257607421628, 0.54891354163051, 0.2821020635223617, -0.26334821564126654, -0.2169159262626524, 0.02436391930478593, 0.2857356160553122, 0.2970239055344956, -0.761442867309482, -0.512219107565251, -0.709353754680514, -0.16846945155462728, -0.056782890203817764], [-0.04023917511361948, -0.4281154551753925, -0.5593392210768334, 0.3473442142305259, -0.36225215353551427, 0.10882128898932543, 0.5154186899402174, 0.043265789718133815, -0.21845065900949912, -0.1178207796413583, 0.38164052517021924, 0.5484882462873206, -0.10564096119488124]], "inverted": false, "swapped": true, "error_lsq": 0.0424616086544014, "error_max": 0.26649013140370836, "target": "588.xyz", "model": "2.xyz", "model_rescale": 3.932901565614263, "target_rescale": 4.217742593283643},
{"mapping": [13, 9, 6, 7, 12, 4, 10, 3, 1, 2, 11, 8, 5, 14], "R": [[0.05863477590013886, -0.9875398116399192, 0.1460379521950838], [0.7835612685889721, 0.13617017482984853, 0.6062090578785917], [-0.6185415923140348, 0.07888475082677004, 0.7817822552761204]], "T": [0.057942399643449743, -0.12614587993041732, -0.021814452940615726], "aligned_model": [[-0.12671772134250223, 0.4896268275156258, 0.1414429724322918, -0.014912480321978006, -0.5658603347062144, 0.00029328172153270105, 0.46690185902947656, -0.5989533921098127, -0.5082222185340153, -0.35217786603581425, 0.7858646566913688, 0.45614820542454904, 0.26090836877505685, -0.01453224648686166], [0.1627260232716206, 0.19292372150195847, -0.4819195774722141, 0.534477679452505, -0.5393654346928474, -0.6977833172551582, -0.6037232607246903, -0.18046802943351897, 0.45211355483018506, -0.13920615337398745, -0.11787151750616, 0.4280792065014167, -0.30373674562903297, -0.042749511119588246], [-0.6699111667988273, -0.508068427741534, -0.5719915319068909, -0.1400849809819413, -0.34161169004947095, 0.24510842963121487, -0.1032626896579381, 0.2360464392106118, 0.42410859460559763, 0.6819482448959948, 0.11524422849235096, 0.28449620248800184, 0.598258898791773, -0.0363841879218448]], "inverted": true, "swapped": true, "error_lsq": 0.042717005276202584, "error_max": 0.25349937201121947, "target": "588.xyz", "model": "3.xyz", "model_rescale": 3.9243930471874484, "target_rescale": 4.217742593283643},
{"mapping": [9, 7, 11, 10, 5, 13, 6, 8, 2, 3, 4, 12, 14], "R": [[-0.5644371411898894, -0.7090143520289698, 0.4227403012043268], [-0.312245031955754, 0.6574484649493895, 0.6857583801563358], [-0.7641424956540075, 0.25506894078392145, -0.5924745410420884]], "T": [0.004772127998360076, -0.06088911098518533, -0.09887826939762555], "aligned_model": [[-0.07403107229001392, -0.30874825920043686, 0.6184406905228255, 0.3869706695076231, 0.5896084205155561, -0.6156426436554667, -0.1769865636970913, 0.3294394329421891, 0.1484868385048033, -0.29781344200055276, 0.29074836261442255, -0.5325671681672692, -0.08069937928523628], [-0.6025125139276478, 0.06020922140433947, -0.36471105084334154, -0.48100500568736443, 0.2620159302111586, -0.3870736110896287, -0.6307249110292807, 0.09684191671907018, 0.7181355589505364, 0.4991090168445317, 0.031364708757716145, -0.06440440442855853, -0.009415302199943562], [-0.5732556812171307, -0.6843348427255752, -0.38141584878378704, 0.1828817689661738, 0.005637313452411294, -0.3139709709503998, 0.18128780049620186, -0.7540664803852223, 0.09116852364320373, 0.21063632881456645, 0.4588379951728907, 0.5121901786430736, -0.14852576975544252]], "inverted": true, "swapped": true, "error_lsq": 0.04841307929177647, "error_max": 0.2507743665056653, "target": "588.xyz", "model": "4.xyz", "model_rescale": 3.8936222436046832, "target_rescale": 4.217742593283643},
{"mapping": [12, 6, 13, 0, 9, 11, 5, 8, 1, 3, 7, 14], "R": [[0.02197500402493613, -0.9030531283869699, -0.42896636990399456], [-0.8409415130453771, 0.21534922916838306, -0.4964293314597104], [0.5406796378957283, 0.3716446647095715, -0.7546825639683576]], "T": [-0.18068143207014709, -0.13934070274617938, 0.062064903932315736], "aligned_model": [[0.05182391188394575, -0.6113414055155832, -0.19398646562313226, 0.34860783493515846, -0.6267756503411674, -0.7245630329833571, -0.15364758454302851, -0.17992914966064305, 0.6883815673537884, 0.45331310013595383, 0.07177639166450883, -0.09611147509134654], [-0.6848402538660232, -0.3604741701644645, 0.16429984280500531, -0.13043058393253157, 0.37442815796327455, 0.09140051765531132, -0.3291296882384314, 0.46392512795259955, 0.1429267957096635, -0.4480360644737665, 0.46865902979918717, -0.08380580610001725], [-0.49518013143675205, -0.3872390740136088, -0.6051689999091028, -0.5591093736807957, -0.18621173618050668, 0.5089157212428838, 0.7105045493947574, 0.5043649145583003, 0.19928106714329225, 0.0011278574708159655, -0.08733593612434684, 0.015335860810582087]], "inverted": false, "swapped": true, "error_lsq": 0.047348208852600944, "error_max": 0.30445681694064103, "target": "588.xyz", "model": "5.xyz", "model_rescale": 3.6523030999806103, "target_rescale": 4.217742593283643},
{"mapping": [1, 8, 5, 3, 4, 7, 11, 0, 9, 6, 10, 12, 14], "R": [[-0.7125683776360069, 0.6921050514845795, -0.11505174880338287], [-0.6934646793686885, -0.719672893938832, -0.034317112317161974], [-0.1065506718011256, 0.05533103504575207, 0.9927665540798071]], "T": [0.04968716646355963, 0.005991018955400641, 0.008583076845911305], "aligned_model": [[0.34189758833680783, -0.41749638052052007, 0.2452592488250318, 0.6706835911364571, 0.5058424746724178, -0.2968660128418539, -0.4393311264528833, 0.3298778376732714, -0.6381128332809216, -0.04539273774476716, -0.031855575034428076, 0.6035359461878319, 0.05304088370785076], [-0.5994413464378149, 0.009598279404100702, 0.47270029319677515, -0.3058466918279878, 0.43835391348651265, -0.5207504071514959, 0.531935633312143, -0.7246462167225916, -0.08612553878245877, 0.1071090087904592, 0.5660744517792469, -0.24567314538527865, -0.1024613294984267], [0.6424903519119278, 0.5927800033327655, 0.45709024030223977, 0.14302971878115545, -0.07094847673118933, 0.24975439040930975, 0.19015325985411832, -0.22324966277541866, -0.19889097930871807, -0.6371545259665172, -0.27710755813752413, -0.5318493447086043, 0.03401232251824475]], "inverted": true, "swapped": true, "error_lsq": 0.044246421064124734, "error_max": 0.2929521033144223, "target": "588.xyz", "model": "6.xyz", "model_rescale": 4.08911054899281, "target_rescale": 4.217742593283643},
{"mapping": [13, 1, 0, 2, 6, 3, 5, 11, 9, 10, 4, 8, 7, 12, 14], "R": [[-0.06092791729633226, -0.18858192851784816, -0.9801656212755172], [-0.9737115598993856, 0.22716260477797454, 0.016821091189067217], [0.21948482182655926, 0.9554234701047357, -0.19746494818268023]], "T": [-0.06527214939512399, -0.06597606642623562, 0.012158413591780961], "aligned_model": [[-0.4418714319765911, -0.12993420338117978, 0.6366061664772347, 0.29130169371301695, 0.4195962697630895, 0.5622291754148563, -0.03965124799883035, -0.6164784703156378, -0.12981637209778082, -0.5568552346052688, 0.3131911409084398, -0.0943913304564495, 0.2093119319598305, -0.6291646935702886, -0.11820498075892438], [-0.6763366545427083, -0.5387340251906482, -0.32908920852975554, -0.7877615983274918, -0.17899087477944287, 0.2590771983458204, 0.2165195462507113, -0.06015915376101405, 0.12748593621766663, 0.4266354397354569, 0.47962128744589755, 0.5701202102057878, -0.47822240702059826, -0.1694900431150912, -0.05355141259137535], [0.15888078811203368, -0.5448557604241103, -0.5559916434041527, -0.0327891518636038, 0.047840841331190695, -0.3442597378659145, 0.7192942052281864, -0.18950670054914628, -0.7447853126894473, 0.1991206366058633, 0.24867174311589382, -0.2321417571698823, 0.6070916043539565, 0.4356108586962062, -0.14407380404251774]], "inverted": false, "swapped": false, "error_lsq": 0.040494091438715935, "error_max": 0.2835571088382597, "target": "588.xyz", "model": "7.xyz", "model_rescale": 3.964800864290218, "target_rescale": 4.217742593283643},
{"mapping": [4, 10, 5, 12, 2, 13, 3, 11, 9, 7, 0, 1, 8, 14], "R": [[-0.027096182464685148, 0.7935726441463242, -0.6078719070317793], [0.3435349632252638, -0.5636659787810808, -0.7511753413195769], [-0.9387489152790842, -0.22917923733920054, -0.25734675291319525]], "T": [0.05199671637158372, -0.11617550703613194, 0.007343652538809253], "aligned_model": [[-0.0537384713523721, 0.24268538622250563, 0.4248404148339219, -0.7362219013542877, -0.03155249775790252, -0.284595921239231, -0.4353835805657741, 0.7448210804288447, 0.326690607876229, 0.12757589360148397, -0.6442617893861843, -0.1034555960974292, 0.6774112228760035, 0.006373041375064989], [-0.014217356861118247, -0.5015297370202481, 0.26579838380704024, -0.20343577696649895, 0.6660757634996517, -0.501096841522221, 0.3940563785427645, -0.3382953831318415, -0.6444128182942628, -0.00828490180819029, -0.009937151444449843, 0.6767742329155184, 0.1021487481718018, -0.07269507370674388], [-0.6089072796947219, -0.4585981442081933, -0.4077565582113278, -0.17499553865340753, -0.2042068532346641, 0.5328116818418007, -0.04814585950325613, -0.13187387777719278, 0.4197856397322205, 0.6694362773448195, 0.41968029475435803, 0.45549429859126594, 0.354835727929014, 0.09925522981430596]], "inverted": false, "swapped": true, "error_lsq": 0.046829801962322566, "error_max": 0.3212886494682002, "target": "588.xyz", "model": "8.xyz", "model_rescale": 4.121658175737393, "target_rescale": 4.217742593283643},
{"mapping": [9, 6, 10, 11, 13, 7, 12, 3, 4, 0, 8, 5, 14], "R": [[-0.9985419979986581, 0.029477753329516083, -0.04522101603781342], [-0.05350865919365686, -0.6510264847089129, 0.7571666524609049], [-0.007120507295485055, 0.7584824179018257, 0.6516546018479844]], "T": [0.006980866557211009, 0.03195074422327365, -0.011300906012731898], "aligned_model": [[-0.5750933830698701, -0.03584146172629547, 0.30565575959335434, 0.011822735981541783, -0.5872758195981995, -0.5876364540853954, 0.21180534902242484, 0.26342469138938235, 0.629097307948242, -0.292683500448166, -0.29808725635140343, 0.49345688921557895, -0.061907361435997225], [0.181701541174271, -0.3378648751915572, 0.13524140615046396, 0.6594942093975613, -0.3835376249097178, 0.1263987592446955, -0.7552935474003644, -0.3308632913130834, -0.04591709806256487, -0.6257084743205568, 0.6884904402499799, 0.48164580034460514, -0.003399805952022772], [-0.4154840953821648, -0.5568691818276789, -0.5609245561229517, -0.40486172107558016, -0.11994755037289338, 0.29403342386197007, 0.009767586374942266, 0.5396598522759862, -0.10212126869387697, 0.3678687406680683, 0.1769770686508815, 0.12412471051635113, 0.06885242508603494]], "inverted": true, "swapped": true, "error_lsq": 0.04254972232814714, "error_max": 0.27935555778810794, "target": "588.xyz", "model": "9.xyz", "model_rescale": 3.833441315466971, "target_rescale": 4.217742593283643},
{"mapping": [8, 13, 0, 10, 12, 1, 7, 2, 5, 3, 6, 4, 11, 9, 14], "R": [[0.6443641277628844, -0.4881775520058568, -0.5886234352877454], [-0.5720470183408587, 0.20311638073642724, -0.7946734830632443], [0.5075008173980716, 0.8487793668522488, -0.14837960353830787]], "T": [0.06095666588782278, -0.06384247186790397, 0.0031465788344296093], "aligned_model": [[-0.29964901608704075, -0.22797718841664621, 0.3655082304974149, 0.2949386170604622, 0.6374493146770658, 0.6190091946569642, -0.1789145663463797, -0.5942341159108945, -0.10516548656647157, -0.6378207640377388, 0.4157116074672175, -0.10237793081699337, 0.20310241123885714, -0.6853326979968261, -0.02837919634347419], [-0.6985007175383963, -0.41357677158277095, -0.3658602933622415, -0.8503676313809069, -0.06256515317570575, 0.13329042982505107, 0.053378684487178904, -0.11751234741629567, 0.1509328746104857, 0.4142214379237502, 0.511019080589016, 0.7030233615164535, -0.35261291512775345, -0.2460183060026881, -0.05172749302196146], [0.2765177838042231, -0.6525131567406401, -0.5258681106566379, 0.05198061919932205, 0.17828838326642107, -0.43880921886292806, 0.6135849207093801, -0.2875333806265566, -0.6162968669102572, 0.19676179344572034, 0.07323719858297846, -0.1422878847470372, 0.604597573697419, 0.2634815118393121, 0.03296564343383683]], "inverted": false, "swapped": false, "error_lsq": 0.04258429590194068, "error_max": 0.2750487401351789, "target": "588.xyz", "model": "10.xyz", "model_rescale": 4.2482417240324, "target_rescale": 4.217742593283643},
{"mapping": [11, 8, 2, 1, 6, 12, 4, 0, 7, 13, 9, 14], "R": [[0.038559618837155224, 0.9563013722670257, 0.28982898611998276], [-0.015324589403873656, 0.2905765115621105, -0.9567290357713609], [-0.9991387855321885, 0.032449596740152964, 0.02585944540521834]], "T": [-0.11339379148008535, 0.04345943930751962, 0.07468291072453756], "aligned_model": [[-0.7274704173609905, -0.2002004607445721, 0.44700762638666136, 0.7144534638545468, -0.4611566643104278, 0.22004940114060675, -0.17941602513623983, 0.506637737017675, 0.1413173507246223, -0.030419273467536728, -0.5298351374668578, -0.02420199827448022], [-0.37042422434253586, -0.6521478906677436, -0.277548800843608, -0.3529860072464898, 0.5979732913843121, 0.7672823737757969, 0.1928938741240132, 0.47083833909802486, -0.20570110936198222, 0.4265846379906926, 0.030563467938829816, 0.03880343820132959], [0.09297416671583096, -0.18638139643588073, 0.5712260594412741, -0.03149450137472737, -0.013733489757690717, 0.23914117751367833, 0.686770339236964, -0.23994731864804933, -0.4986934870921136, -0.5449185730942888, -0.5177781285940142, 0.008027441943374042]], "inverted": true, "swapped": true, "error_lsq": 0.04627378425379917, "error_max": 0.30766879030213934, "target": "588.xyz", "model": "11.xyz", "model_rescale": 3.6694154284099745, "target_rescale": 4.217742593283643},
{"mapping": [13, 0, 3, 1, 7, 6, 9, 10, 2, 5, 4, 8, 12, 14], "R": [[0.4575195949683843, -0.0262729767937252, 0.8888113134464266], [-0.6054070707470081, 0.7229039219006581, 0.33300480235302077], [-0.6512742117645169, -0.6904488760154828, 0.3148368636285523]], "T": [0.02480174920690798, -0.033976963656922696, 0.08119936549162188], "aligned_model": [[-0.01632397556015069, -0.052935158728846105, -0.03800950904185042, 0.6209737867794305, 0.5534485883629986, -0.5033730932269729, 0.18951331333383567, -0.36073184432946254, 0.22664741469059893, 0.15724030469943726, -0.38722644123293987, 0.718349437585878, -0.5894405433219935, 0.0801325702458469], [-0.4032310520455508, 0.19720091944969081, 0.6142034926661922, 0.5706196664158998, -0.17973786527905544, -0.41119385231102024, -0.7284307389320187, -0.29377963947055985, 0.7425795835563029, 0.283691443738764, 0.2905895072612252, -0.19758030872467292, 0.25384176079219, -0.007785628981133184], [-0.5508890620456918, -0.6976444963057161, -0.19605874300797793, -0.28323928451658137, -0.3125080354526451, -0.04119688638136951, -0.0421044806943857, 0.5122773482592377, 0.22215820428945804, 0.6632401490244384, 0.43648795527101614, 0.3087627132523879, -0.36826399520417585, -0.011925926835579082]], "inverted": true, "swapped": true, "error_lsq": 0.04163319776306411, "error_max": 0.25919380537689013, "target": "588.xyz", "model": "12.xyz", "model_rescale": 3.9764082729961374, "target_rescale": 4.217742593283643},
{"mapping": [8, 3, 14, 11, 13, 6, 1, 7, 4, 0, 12, 5, 10, 2, 15], "R": [[-0.6299601019239612, 0.12305359845283087, -0.7668168502920121], [-0.7434102329787533, 0.19013144533394732, 0.6412419660297509], [0.22470312745137414, 0.9740163476056414, -0.028295920386830542]], "T": [0.008064934209758564, 0.01586469175966551, 0.00032623548005105904], "aligned_model": [[-0.24861296975565877, -0.188520100227349, 0.47611900998794815, 0.3427377389815139, 0.6178456940576665, 0.4744279283347837, -0.16507809887012975, -0.6602917801012187, -0.2713485635024992, -0.6083580777239055, 0.3679347466685734, 0.04500994375582179, 0.2105447944346684, -0.6970889327384776, -0.019452920226221613], [-0.6060144066316747, -0.6878008351287197, -0.42045385521794243, -0.7020868884977834, -0.035384240397498185, 0.22025315556251923, -0.023818227828983768, -0.10797299143772413, 0.3153851284599517, 0.3977573563611986, 0.22141279114106002, 0.829678456101879, -0.4341134996468319, -0.14492363342739786, -0.014794069068836666], [0.21720333719538393, -0.4175883464836127, -0.4785887332626715, 0.05586307821934343, 0.004964991666499793, -0.5692259739566984, 0.6100551377389263, -0.32982104919563415, -0.5896562448312713, -0.035570792035220275, 0.4855655907160231, -0.19757810775555365, 0.634887841961332, 0.33672577816346194, -0.09912969870575211]], "inverted": true, "swapped": false, "error_lsq": 0.04126986093953786, "error_max": 0.32558831494275325, "target": "588.xyz", "model": "13.xyz", "model_rescale": 4.170626492500431, "target_rescale": 4.217742593283643},
{"mapping": [8, 11, 7, 9, 1, 0, 13, 5, 2, 10, 4, 6, 3, 14], "R": [[-0.7118182741000469, 0.22302701710006695, 0.6660132838770386], [0.15236830805681512, 0.9746978112686775, -0.163548388582563], [-0.6856373993279056, -0.014937414484976125, -0.727789963032859]], "T": [-0.042779970185936385, -0.014441791549092, 0.14633012189386904], "aligned_model": [[0.12284550621844503, -0.029587788053317056, -0.22819367263369955, -0.6291665153848289, 0.41534616217289777, -0.27929960080554783, -0.6822800966142246, 0.5525234134956465, 0.7150647271420737, -0.13079881899694762, 0.2985936077384096, -0.5509276771998839, 0.3244740792613926, -0.05541030424877204], [-0.36339067612776493, -0.7446255031194983, 0.17500461125775854, -0.3169943878800419, 0.5626868919808063, 0.7639418261025288, 0.30436720954762636, -0.3300526808341881, 0.28225619539450386, -0.47542837949315975, -0.08429469764086507, -0.07059179059201405, 0.5819205278898657, 0.07127532144010851], [-0.49426523036399683, 0.022305635508100385, -0.4745169268692455, -0.1523545444322472, -0.4111791987417329, 0.08105064843094989, -0.017913892833738204, 0.20314833794896572, 0.1103737983199882, 0.5725998221091912, 0.6754097544582796, 0.5645109119864279, 0.24846563955905224, 0.07623834604087226]], "inverted": true, "swapped": true, "error_lsq": 0.0418383358563588, "error_max": 0.2564705794455514, "target": "588.xyz", "model": "14.xyz", "model_rescale": 3.9786697098870705, "target_rescale": 4.217742593283643},
{"mapping": [9, 13, 11, 8, 6, 4, 0, 3, 5, 7, 12, 14], "R": [[0.508048291734613, 0.5344294121799003, -0.6754791903993698], [0.8082841052027594, -0.02485784942774713, 0.588267704874577], [0.2975966037140152, -0.8448474955392089, -0.44459978715583043]], "T": [0.12877009319616556, 0.042815147973806096, -0.02649393289461204], "aligned_model": [[-0.022344587579971598, -0.5177200889978104, 0.6722300340508591, 0.577432738935094, -0.23980857795751714, 0.34304469414809957, -0.5778580837733063, -0.053485085002272836, 0.7569283391345349, -0.04988161636734298, -0.47393595825246465, 0.06875278842943472], [-0.3605435767829493, -0.24026161772816113, -0.07449205289313457, -0.5539515679981721, 0.3575106056861899, 0.6270909378342568, -0.0681278978214474, 0.21093494872872523, 0.21203838757107682, -0.6024048241933827, 0.5355142578945972, -0.02863311007315939], [-0.6087875669417011, -0.2252240924135939, -0.5159984505922368, -0.0726550078801748, -0.4752239405877328, 0.0920337118076398, 0.3665102167716875, 0.6364344187881256, 0.15791153061878396, 0.06007391758303553, 0.21045232116545382, 0.03443943555454325]], "inverted": false, "swapped": true, "error_lsq": 0.05980669506185237, "error_max": 0.3260183804057256, "target": "588.xyz", "model": "15.xyz", "model_rescale": 3.769337070930944, "target_rescale": 4.217742593283643},
{"mapping": [4, 12, 5, 2, 10, 6, 11, 13, 8, 1, 14], "R": [[-0.5012825297374026, 0.8278374429853472, 0.2517955388237684], [0.36401042761571145, 0.4657503540487362, -0.8065810661616746], [-0.7849918687267383, -0.31266879552484705, -0.5348139773210348]], "T": [0.05062936933838816, 0.0007587010395314064, 0.022806873600979966], "aligned_model": [[-0.221649462266116, -0.3243984276980859, -0.16238398547450852, -0.6859960079565603, 0.3676992304549048, 0.38776555112555544, 0.5629776989000523, 0.30868774743104377, 0.26857522812372203, -0.5895292173239883, 0.010877775375151173], [0.10708206759761366, -0.6662105102910323, 0.5966012046996105, 0.3471090442089369, 0.09458732484947424, -0.4532881568353022, 0.5191809468161417, -0.5922353082009164, 0.5509462601855339, 0.13208841947529676, -0.03979679488001474], [-0.5392431111625362, -0.2540626755908565, -0.21556611823575927, 0.05560369114513311, -0.5181410923416556, -0.31840088352427953, -0.1093366991323029, 0.3682626099219365, 0.48035772347074557, 0.6760474128180428, 0.11869674985530905]], "inverted": false, "swapped": true, "error_lsq": 0.03835588483626932, "error_max": 0.17524665031957246, "target": "588.xyz", "model": "16.xyz", "model_rescale": 3.7852294659196426, "target_rescale": 4.217742593283643},
{"mapping": [5, 1, 3, 2, 8, 7, 13, 0, 4, 10, 9, 12, 14], "R": [[0.7638628659081443, -0.04072832127244577, 0.6440921719233393], [-0.5301443220034456, 0.5295497583658351, 0.6622114852992149], [-0.36804961613090026, -0.8473005707899728, 0.3829115077989729]], "T": [0.03848106676522334, 0.17992845847857147, -0.11294010669255768], "aligned_model": [[0.159519323696785, -0.4412366257209715, 0.2023547660329829, 0.1051690069743268, -0.5864040104167441, -0.5948641999447422, -0.19449334243599695, -0.03325940083205847, 0.6035438442378661, 0.43718562272011224, -0.3390675487551326, 0.5654689646780298, -0.0301505500181741], [-0.2671730175429106, -0.5083285217720621, -0.3461543871658708, -0.6313871828341442, 0.057994264355459846, 0.21314929046732065, 0.6537988562884585, 0.1385962145585916, -0.05006316301618266, 0.4670036212797413, 0.7902963687011542, 0.20245966640965718, 0.15486361397366138], [-0.6055603176382068, 0.274289770448382, 0.3312867126888876, -0.08178265619482604, -0.505636198392095, 0.11833762247255257, 0.39573017747270417, 0.6989890481441932, -0.28366947541962634, -0.5136698626322516, -0.2104482649379814, 0.5066780215164572, -0.028789880385015967]], "inverted": false, "swapped": true, "error_lsq": 0.040827744117828794, "error_max": 0.23150405385794734, "target": "588.xyz", "model": "17.xyz", "model_rescale": 3.901054581598922, "target_rescale": 4.217742593283643},
{"mapping": [13, 2, 0, 3, 7, 1, 11, 5, 8, 10, 6, 4, 12, 9, 14], "R": [[-0.6506675486385073, 0.31955586706011074, 0.688851064437166], [0.00011509732013348373, 0.9071851347719596, -0.42073164606597924], [-0.75936271168748, -0.27367714386890696, -0.5903127078272963]], "T": [-0.0402064211138253, -0.04211594006486109, -0.05617957801332352], "aligned_model": [[-0.38757907964312055, -0.1943328724088789, 0.5343747518775316, 0.25299108263522774, 0.5722490510243621, 0.5184557101499371, -0.020923631772893386, -0.6134421558215869, -0.2441928792404803, -0.5451020739114608, 0.3979765615713653, -0.13001137169167534, 0.14654971503375847, -0.5616102755997182, -0.04953411912685136], [-0.6712062957715526, -0.6313227613801022, -0.3580173523817532, -0.7473082116868032, -0.09992441463534564, 0.26618293394176357, 0.16363109328623388, -0.21381862414214614, 0.11202487647838659, 0.5452181941704138, 0.4407545384118048, 0.6774600573196266, -0.4610025579930024, -0.1532542702272613, -0.062292965047047316], [0.049080855026336745, -0.6154813397796274, -0.43771239683701846, -0.04413908995078797, 0.1912744555223373, -0.3364187202006958, 0.7145521011261372, -0.2350790685948484, -0.6685915192066645, 0.21321370823748503, 0.31605357468934275, -0.37196340399185257, 0.5283127239113123, 0.33108765973118415, -0.006082730248084707]], "inverted": true, "swapped": false, "error_lsq": 0.03335377973580192, "error_max": 0.22772476182743656, "target": "588.xyz", "model": "18.xyz", "model_rescale": 3.9405287249114394, "target_rescale": 4.217742593283643},
{"mapping": [3, 1, 6, 2, 5, 8, 11, 12, 4, 13, 9, 7, 10, 14, 15], "R": [[0.39522107462134215, 0.2796794398608574, -0.8749741213854663], [-0.4446645780678554, 0.8917323313849724, 0.08418350298281818], [0.8037871081243391, 0.35579890399190245, 0.4767949504045458]], "T": [-0.11250045631446931, -0.04017315527921075, -0.10783859969398904], "aligned_model": [[-0.5272784259683577, -0.07535306849142781, 0.49262801822980545, 0.46797727199690337, 0.6904517770787437, 0.5128699655172229, 0.02800047685448251, -0.6264786759074374, -0.3667549298825149, -0.44637863930855304, 0.2790608586998391, 0.02562997985414356, -0.06125376451528464, -0.625309039338741, -0.09194339174330787], [-0.7771652186826541, -0.6045657295935698, -0.359634249166452, -0.634538482903436, -0.02129567802447902, 0.17273929064184165, 0.09359868697913512, -0.14923431322419017, 0.3053436151020925, 0.4002656794081366, 0.5334300767959403, 0.6297773988875286, -0.5321059620152522, -0.18228771602316338, -0.06720315783826311], [-0.006692520955868614, -0.4478393608933924, -0.4079179131767853, 0.14730988112779145, 0.10704275012543049, -0.4764200444330363, 0.5861194566014029, -0.26298728908947083, -0.6999854165156183, 0.2740891908525849, 0.21876347576442132, -0.2743071748572625, 0.5031277882382492, 0.45480673342215583, -0.08700274677604583]], "inverted": false, "swapped": false, "error_lsq": 0.04393785706893364, "error_max": 0.3205007033339724, "target": "588.xyz", "model": "19.xyz", "model_rescale": 4.410303926677745, "target_rescale": 4.217742593283643},
{"mapping": [4, 10, 5, 12, 2, 13, 3, 11, 9, 7, 0, 1, 8, 14], "R": [[-0.027096182464685148, 0.7935726441463242, -0.6078719070317793], [0.3435349632252638, -0.5636659787810808, -0.7511753413195769], [-0.9387489152790842, -0.22917923733920054, -0.25734675291319525]], "T": [0.05199671637158372, -0.11617550703613194, 0.007343652538809253], "aligned_model": [[-0.0537384713523721, 0.24268538622250563, 0.4248404148339219, -0.7362219013542877, -0.03155249775790252, -0.284595921239231, -0.4353835805657741, 0.7448210804288447, 0.326690607876229, 0.12757589360148397, -0.6442617893861843, -0.1034555960974292, 0.6774112228760035, 0.006373041375064989], [-0.014217356861118247, -0.5015297370202481, 0.26579838380704024, -0.20343577696649895, 0.6660757634996517, -0.501096841522221, 0.3940563785427645, -0.3382953831318415, -0.6444128182942628, -0.00828490180819029, -0.009937151444449843, 0.6767742329155184, 0.1021487481718018, -0.07269507370674388], [-0.6089072796947219, -0.4585981442081933, -0.4077565582113278, -0.17499553865340753, -0.2042068532346641, 0.5328116818418007, -0.04814585950325613, -0.13187387777719278, 0.4197856397322205, 0.6694362773448195, 0.41968029475435803, 0.45549429859126594, 0.354835727929014, 0.09925522981430596]], "inverted": false, "swapped": true, "error_lsq": 0.046829801962322566, "error_max": 0.3212886494682002, "target": "588.xyz", "model": "20.xyz", "model_rescale": 4.121658175737393, "target_rescale": 4.217742593283643},
{"mapping": [1, 8, 5, 3, 4, 7, 11, 0, 9, 6, 10, 12, 14], "R": [[-0.7125683776360069, 0.6921050514845795, -0.11505174880338287], [-0.6934646793686885, -0.719672893938832, -0.034317112317161974], [-0.1065506718011256, 0.05533103504575207, 0.9927665540798071]], "T": [0.04968716646355963, 0.005991018955400641, 0.008583076845911305], "aligned_model": [[0.34189758833680783, -0.41749638052052007, 0.2452592488250318, 0.6706835911364571, 0.5058424746724178, -0.2968660128418539, -0.4393311264528833, 0.3298778376732714, -0.6381128332809216, -0.04539273774476716, -0.031855575034428076, 0.6035359461878319, 0.05304088370785076], [-0.5994413464378149, 0.009598279404100702, 0.47270029319677515, -0.3058466918279878, 0.43835391348651265, -0.5207504071514959, 0.531935633312143, -0.7246462167225916, -0.08612553878245877, 0.1071090087904592, 0.5660744517792469, -0.24567314538527865, -0.1024613294984267], [0.6424903519119278, 0.5927800033327655, 0.45709024030223977, 0.14302971878115545, -0.07094847673118933, 0.24975439040930975, 0.19015325985411832, -0.22324966277541866, -0.19889097930871807, -0.6371545259665172, -0.27710755813752413, -0.5318493447086043, 0.03401232251824475]], "inverted": true, "swapped": true, "error_lsq": 0.044246421064124734, "error_max": 0.2929521033144223, "target": "588.xyz", "model": "21.xyz", "model_rescale": 4.08911054899281, "target_rescale": 4.217742593283643},
{"mapping": [11, 5, 6, 8, 0, 7, 2, 9, 12, 14, 4, 13, 1, 15, 16], "R": [[-0.223043315049974, -0.5010272124282982, -0.8361957976561754], [0.8483514325473251, -0.5222930758413897, 0.08665904351561804], [-0.4801578141678208, -0.690059182486886, 0.5415411324720507]], "T": [-0.046147337976045394, -0.06923694700693399, -0.04852100237010088], "aligned_model": [[-0.34714725356563114, -0.2755759636102141, 0.557503300813137, 0.1835070711249676, 0.7024642702225704, 0.3890485986777906, -0.08223133402178354, -0.5982527349913062, -0.29427876998868824, -0.5725936358962981, 0.2668052252693959, 0.12456617011930088, 0.20369789193926355, -0.571227398059926, -0.010417024957062676], [-0.7282834251948953, -0.5779049081824729, -0.38217086403002526, -0.7221361744565272, 0.0457751033566723, 0.19691999573722407, 0.12759658241948968, -0.14561426429691465, 0.4135472392556664, 0.29744635341990605, 0.42050964153492626, 0.5525917834148513, -0.47574241933835565, -0.17740245642689767, -0.03800794686943236], [0.19835917233324568, -0.48020197827858896, -0.3538771852408032, -0.006766131561271406, 0.11405909026339417, -0.5440622888019249, 0.6451708141422182, -0.4922481116982616, -0.5488406281856381, -0.03368056635211251, 0.3368374775385121, -0.19314428612499673, 0.5857731276036942, 0.44554191970400253, -0.04481361590691368]], "inverted": false, "swapped": false, "error_lsq": 0.03622040240215458, "error_max": 0.21192079708113506, "target": "588.xyz", "model": "22.xyz", "model_rescale": 4.204369325754507, "target_rescale": 4.217742593283643},
{"mapping": [3, 1, 6, 2, 5, 8, 11, 12, 4, 13, 9, 7, 10, 14, 15], "R": [[0.39522107462134215, 0.2796794398608574, -0.8749741213854663], [-0.4446645780678554, 0.8917323313849724, 0.08418350298281818], [0.8037871081243391, 0.35579890399190245, 0.4767949504045458]], "T": [-0.11250045631446931, -0.04017315527921075, -0.10783859969398904], "aligned_model": [[-0.5272784259683577, -0.07535306849142781, 0.49262801822980545, 0.46797727199690337, 0.6904517770787437, 0.5128699655172229, 0.02800047685448251, -0.6264786759074374, -0.3667549298825149, -0.44637863930855304, 0.2790608586998391, 0.02562997985414356, -0.06125376451528464, -0.625309039338741, -0.09194339174330787], [-0.7771652186826541, -0.6045657295935698, -0.359634249166452, -0.634538482903436, -0.02129567802447902, 0.17273929064184165, 0.09359868697913512, -0.14923431322419017, 0.3053436151020925, 0.4002656794081366, 0.5334300767959403, 0.6297773988875286, -0.5321059620152522, -0.18228771602316338, -0.06720315783826311], [-0.006692520955868614, -0.4478393608933924, -0.4079179131767853, 0.14730988112779145, 0.10704275012543049, -0.4764200444330363, 0.5861194566014029, -0.26298728908947083, -0.6999854165156183, 0.2740891908525849, 0.21876347576442132, -0.2743071748572625, 0.5031277882382492, 0.45480673342215583, -0.08700274677604583]], "inverted": false, "swapped": false, "error_lsq": 0.04393785706893364, "error_max": 0.3205007033339724, "target": "588.xyz", "model": "23.xyz", "model_rescale": 4.410303926677745, "target_rescale": 4.217742593283643},
{"mapping": [1, 3, 2, 0, 12, 5, 13, 10, 8, 9, 6, 15, 7, 11, 16], "R": [[-0.8927359863364343, 0.3599267907039379, -0.2710630259431886], [-0.21521721027008672, 0.1879058884986619, 0.9583177601772231], [0.39585857462416457, 0.9138621791063969, -0.09028790891051014]], "T": [-0.08693300703485461, -0.0068596138116931715, 0.035221244188924264], "aligned_model": [[-0.41465928031636556, -0.07908016922985024, 0.4237986080454288, 0.4161958816752769, 0.6852375272608779, 0.4170784555869338, 0.20325627343930347, -0.6181729977198394, -0.42012395900549604, -0.5684018514775872, 0.4055525193441576, -0.06268381261124222, -0.00981064529297064, -0.6137977515869941, -0.08852038503611753], [-0.7946305246231286, -0.7020158125066187, -0.45440687663315615, -0.5681909020086104, -0.10800568730146251, 0.19512661213117924, 0.15291397171405047, -0.14914634802386356, 0.2793735301457745, 0.3769187493399201, 0.5078376890392169, 0.6888820141810553, -0.44497149029748695, -0.059944486131434355, -0.11261619868222036], [0.12658771205690728, -0.5356965931471418, -0.574490668173694, -0.011193379828351412, 0.23446474487776137, -0.2822311829606142, 0.6552609257378355, -0.31309255662848157, -0.6595888335154619, -0.08019930613047245, 0.30063183648882325, -0.12184483898167896, 0.5292263268386359, 0.3820886884519573, -0.02181606565146834]], "inverted": false, "swapped": false, "error_lsq": 0.04060909894333632, "error_max": 0.27140231420936717, "target": "588.xyz", "model": "24.xyz", "model_rescale": 4.28219845311461, "target_rescale": 4.217742593283643},
{"mapping": [9, 12, 13, 7, 4, 2, 1, 11, 14, 8, 0, 6, 3, 5, 15], "R": [[-0.6766471775890583, -0.3294616978343343, 0.6584858287927531], [0.6791936473358811, -0.6246270162205783, 0.3854050856254496], [0.28433182459820433, 0.7080226551936704, 0.6464203997811028]], "T": [-0.02993518683695666, -0.11248776423495449, -0.05297585232011846], "aligned_model": [[-0.2796523960696939, -0.26334452473116193, 0.3000527893007658, 0.3921187482083555, 0.6221726010728975, 0.4240278386764321, -0.09526063192683874, -0.5078100585040396, -0.18580351818441948, -0.4792796024002894, 0.4332455897437342, -0.07920615474835753, 0.11020382801076524, -0.7324271765731977, 0.016831081200564257], [-0.7274375443089183, -0.5086864986145979, -0.4089662303983486, -0.7569533789124199, -0.11405720445982889, 0.22840793978485158, 0.09905186267512098, -0.21992436137362933, 0.17940567707140742, 0.3548474354322643, 0.5152826575955036, 0.778456460921263, -0.40163740883590854, -0.15169436676690057, -0.05897079946664362], [0.07489817662581814, -0.6636857213191232, -0.4481023025141488, 0.05693571741386773, 0.277783188116283, -0.4357129877479344, 0.5477411953131461, -0.29082045678493584, -0.7390136844401232, 0.1952850271652961, 0.1856075455027874, -0.17941909786088445, 0.6518637637660349, 0.4268663379762958, -0.032119891777823914]], "inverted": true, "swapped": false, "error_lsq": 0.040640464721328054, "error_max": 0.2210403856059816, "target": "588.xyz", "model": "25.xyz", "model_rescale": 4.100010024507729, "target_rescale": 4.217742593283643},
{"mapping": [11, 8, 2, 1, 6, 12, 4, 0, 7, 13, 9, 14], "R": [[0.038559618837155224, 0.9563013722670257, 0.28982898611998276], [-0.015324589403873656, 0.2905765115621105, -0.9567290357713609], [-0.9991387855321885, 0.032449596740152964, 0.02585944540521834]], "T": [-0.11339379148008535, 0.04345943930751962, 0.07468291072453756], "aligned_model": [[-0.7274704173609905, -0.2002004607445721, 0.44700762638666136, 0.7144534638545468, -0.4611566643104278, 0.22004940114060675, -0.17941602513623983, 0.506637737017675, 0.1413173507246223, -0.030419273467536728, -0.5298351374668578, -0.02420199827448022], [-0.37042422434253586, -0.6521478906677436, -0.277548800843608, -0.3529860072464898, 0.5979732913843121, 0.7672823737757969, 0.1928938741240132, 0.47083833909802486, -0.20570110936198222, 0.4265846379906926, 0.030563467938829816, 0.03880343820132959], [0.09297416671583096, -0.18638139643588073, 0.5712260594412741, -0.03149450137472737, -0.013733489757690717, 0.23914117751367833, 0.686770339236964, -0.23994731864804933, -0.4986934870921136, -0.5449185730942888, -0.5177781285940142, 0.008027441943374042]], "inverted": true, "swapped": true, "error_lsq": 0.04627378425379917, "error_max": 0.30766879030213934, "target": "588.xyz", "model": "26.xyz", "model_rescale": 3.6694154284099745, "target_rescale": 4.217742593283643},
