[{"mapping": [7, 5, 6, 8, 1, 3, 9, 10, 2, 4, 11], "R": [[-0.545622678467039, 0.3830818521747198, 0.7453483663877184], [0.38318673876734055, -0.6769383436220255, 0.628428517945453], [0.7452944491778429, 0.6284924609481444, 0.22256102658830706]], "T": [-0.03791824795446022, 0.05140732012461195, -0.10177120598817545], "aligned_model": [[-0.48810957441082037, -0.15896164883141112, -0.1279526645913359, 0.24611241750287535, 0.3577959441857653, -0.33436374662124546, -0.44394022385360077, -0.6693486059096827, 0.7672061171681126, 0.25152871316200054, -0.016476321695177938], [-0.6585763885687903, -0.09075995737779129, -0.6111988818460702, -0.06684493253911547, -0.4677387278236929, 0.5820001775092362, -0.039148173976676595, 0.15338670763515122, 0.028755629356796805, 0.8051511035710454, 0.05737772801804651], [0.3339514269326284, 0.7068221979186369, -0.3810583564011541, -0.6571507847548305, 0.17350723224740439, -0.42522723205593344, -0.544831339607749, 0.12770047753809238, -0.10522130421234731, -0.12272907705940943, -0.03591641181204991]], "inverted": true, "swapped": false, "error_lsq": 0.05025643036910175, "error_max": 0.3275565157923277, "target": "589.xyz", "model": "0.xyz", "model_rescale": 3.751011558992144, "target_rescale": 3.760122588451753},
{"mapping": [10, 12, 4, 1, 6, 2, 8, 5, 7, 3, 14], "R": [[0.8449599502459214, -0.2597870692983949, -0.4674969102633314], [-0.09732139497540464, 0.784826313288164, -0.6120263099332824], [0.5259003979466564, 0.5626351718439401, 0.6378639626469649]], "T": [-0.09414343970674235, -0.016116012500514684, -0.02950851164544318], "aligned_model": [[-0.4740449391666596, 0.24005995270746625, -0.24492921487210748, 0.36873011349567186, 0.4526751371378246, -0.4289721709222809, -0.4633183177406047, -0.7008663236307139, 0.5612967298705479, 0.16193723946290037, -0.08907780023656472], [-0.6991571697952412, 0.2812316516264076, -0.6537766579939781, -0.1931955524999543, -0.5191910561098392, 0.6618079586738685, -0.052498799827212714, 0.1281654739864584, 0.05121249717211361, 0.6964047708046129, -0.008598832079095814], [0.21865146957322168, 0.5636757457436994, -0.4724831397071954, -0.5194844903374551, 0.07833716413851943, -0.36424260319850726, -0.579785218725523, 0.0044950436937953656, 0.04493663384437447, 0.0712025037751012, 0.024543719933257664]], "inverted": false, "swapped": false, "error_lsq": 0.03979933430029839, "error_max": 0.270822668436889, "target": "589.xyz", "model": "1.xyz", "model_rescale": 3.9405287249114394, "target_rescale": 3.760122588451753},
{"mapping": [7, 11, 1, 2, 0, 8, 4, 3, 5, 9, 12], "R": [[-0.929239871879674, 0.3482629472397817, -0.12339440866144794], [-0.35593964648105614, -0.933368278693541, 0.04615868706535667], [-0.09909706641464311, 0.08681345465144072, 0.9912836100327164]], "T": [-0.10608916586819125, -0.05088768753961991, -0.023466689084356708], "aligned_model": [[-0.7107253939026992, 0.24488822280316844, -0.07106642681141205, 0.3928022219746554, 0.479947863266882, -0.36590436350860056, -0.5957744065847422, -0.627974898519593, 0.6055997629000712, 0.10285432759140165, -0.07115650310365218], [-0.5315936325102881, 0.22222380293832616, -0.6800715598321392, -0.10164708305201547, -0.6132065681774469, 0.6006448980310648, -0.05126775779232112, 0.07452379648050761, 0.09447796117345003, 0.7278007399065867, -0.04948031320758485], [0.15610691525158316, 0.5331653935766509, -0.5031826414501475, -0.48466132741514373, 0.18459115199988976, -0.353150057067056, -0.5253670202794924, 0.17327405478856434, -0.002395922139120432, -0.004281888008654495, -0.10425183052378525]], "inverted": false, "swapped": false, "error_lsq": 0.04553077716747846, "error_max": 0.312118307349673, "target": "589.xyz", "model": "2.xyz", "model_rescale": 3.932901565614263, "target_rescale": 3.760122588451753},
{"mapping": [11, 1, 8, 7, 3, 6, 12, 10, 0, 2, 13], "R": [[0.7478945103984193, -0.13876316083798804, 0.6491522059657191], [-0.27704958789648704, 0.8234166652225922, 0.4952055343795063], [-0.6032390298731469, -0.5502088518262465, 0.5773845271651712]], "T": [0.011074760073035546, -0.06692304695924692, -0.1706249957719183], "aligned_model": [[-0.513803362082855, 0.020087016062498582, -0.013370384207509349, 0.40840394765908766, 0.3064579054547566, -0.301597983812941, -0.6476577579062204, -0.6369291262485188, 0.5858107163934898, 0.25655552773231194, -0.0804660929386205], [-0.6551973458869959, 0.21268983490569102, -0.7876020270969978, -0.2289074803271872, -0.41694014796436174, 0.535976551231251, 0.1323040023518379, 0.08820077856175981, 0.13156745837639408, 0.6949000722272487, -0.014587412420500101], [0.24907132833707346, 0.5153079721260521, -0.3077780782769185, -0.7412677100737985, 0.05503471376790034, -0.24438196435326126, -0.5015477401383988, 0.09238261318478586, 0.11085400690327535, 0.06081523616857765, -0.21864354891199939]], "inverted": true, "swapped": false, "error_lsq": 0.04430392026573419, "error_max": 0.25341802274447195, "target": "589.xyz", "model": "3.xyz", "model_rescale": 3.9243930471874484, "target_rescale": 3.760122588451753},
{"mapping": [11, 8, 6, 3, 10, 1, 5, 9, 4, 7, 12], "R": [[0.9845910940974496, -0.1163482274476124, 0.1305506315334617], [0.16540012613312335, 0.3772265029225272, -0.9112315642952605], [0.05677301911237347, 0.9187835737879947, 0.3906578667302462]], "T": [-0.028618787491649863, -0.022822502989068984, -0.08882302319675811], "aligned_model": [[-0.5403627974683624, 0.10829365720486242, -0.12678896199626202, 0.4196933110785161, 0.30275447068188915, -0.4086666275003032, -0.5121393322301091, -0.5336813040319004, 0.5237692332888186, 0.24061265751130545, -0.08999390043297498], [-0.5796187929311591, 0.16347424469648072, -0.6027074837262014, -0.2295784684039944, -0.5308369402508577, 0.5526575610958844, -0.06279071128964583, 0.07130341511084633, 0.18106186108868902, 0.7305251666969447, -0.0010855681288470219], [0.14405042129014778, 0.49674069938622295, -0.5078845230866194, -0.5462305039025614, 0.27067776236560126, -0.2746902745564843, -0.6704015002021819, 0.39464316766331825, -0.01355078380585581, -0.03496695100011607, -0.18854068541818292]], "inverted": false, "swapped": false, "error_lsq": 0.046269037961003276, "error_max": 0.2955378310817076, "target": "589.xyz", "model": "4.xyz", "model_rescale": 3.8936222436046832, "target_rescale": 3.760122588451753},
{"mapping": [6, 8, 5, 4, 7, 0, 1, 9, 10, 3, 11], "R": [[-0.061238359820239785, -0.9810328734272206, 0.183914013989305], [-0.5263149849052221, 0.18829958368983596, 0.8291777875983235], [-0.8480815998185216, -0.046019213784743385, -0.5278634596293736]], "T": [-0.004973658474407137, 0.0204655205330077, -0.04268716066575919], "aligned_model": [[-0.4715447193347262, 0.13279526236615655, -0.08212961422325149, 0.42166157451861935, 0.26598904940620127, -0.4681054834698907, -0.5599353534311308, -0.5186229290848016, 0.6210434571507447, 0.058361253183683744, -0.016022090976125114], [-0.6097019491603403, 0.24759612856858934, -0.6805867174041432, -0.2470220970968749, -0.4841455365822092, 0.7129126335180123, -0.018251418693470002, 0.17761149402536763, 0.10668713998617935, 0.5823333689203918, -0.095028762123363], [0.09805740731352455, 0.6467287063366166, -0.44236650116593834, -0.6567371189676279, 0.26012370334530394, -0.34058683735592615, -0.6202919415572803, 0.263099551991619, -0.03103371618344295, 0.060148836120298206, -0.1672952611438582]], "inverted": true, "swapped": false, "error_lsq": 0.04232975490234123, "error_max": 0.20410694937539756, "target": "589.xyz", "model": "5.xyz", "model_rescale": 3.6523030999806103, "target_rescale": 3.760122588451753},
{"mapping": [11, 10, 7, 5, 9, 2, 3, 4, 8, 6, 12], "R": [[-0.9557571498090326, -0.20210492472194458, -0.21373317475780879], [-0.29398861031376144, 0.68086485924477, 0.6708157276416402], [0.009948245810103118, 0.7039720469228428, -0.7101580032334812]], "T": [-0.00409946497027338, 0.04323197450121989, -0.16272955999540936], "aligned_model": [[-0.47940874822523993, -0.07688563658136938, -0.1465842261108988, 0.37657640692488065, 0.309112945805912, -0.47875980895085857, -0.5295073665921599, -0.5261327132034161, 0.6690294788298803, 0.290384668273172, -0.024334594064422448], [-0.5980059215823678, 0.20826094342721185, -0.58896370887976, -0.1592001072081083, -0.4006739482653271, 0.6355719621288453, -0.11373997813229823, 0.10124934476371732, 0.0546381301508521, 0.5651304554119781, -0.011862887856603839], [0.20803188489729105, 0.5963097369480476, -0.37916608753717757, -0.689996724569913, 0.31424883851881313, -0.1562079713350322, -0.5892820725277896, 0.06802328270408109, -0.1410402239457047, 0.08931316051643004, -0.2503869949357575]], "inverted": false, "swapped": false, "error_lsq": 0.045423881525769844, "error_max": 0.25171455634447204, "target": "589.xyz", "model": "6.xyz", "model_rescale": 4.08911054899281, "target_rescale": 3.760122588451753},
{"mapping": [7, 1, 5, 10, 12, 3, 4, 6, 11, 9, 14], "R": [[-0.08571982687372942, -0.027317166635769274, 0.9959447191926525], [-0.4505833099032447, -0.8904940653079839, -0.06320601623181368], [0.8886094710936714, -0.45417407682325217, 0.06402433775036048]], "T": [-0.05887744482388632, -0.03086515793391402, -0.014499992231622738], "aligned_model": [[-0.5065548143042202, 0.09369072980572649, -0.22789237558525535, 0.41704798237108576, 0.3737108198780895, -0.5482663644751424, -0.4302462270910975, -0.5464164120722484, 0.5227514177890242, 0.20450936144684498, 0.03115628834267234], [-0.6148222987033387, 0.36325493462989283, -0.6205135503805363, -0.21663624441843482, -0.5972068993025923, 0.5411676560765344, -0.0267092714621915, 0.033864800994647254, 0.017661937475835575, 0.7074822688406915, 0.10486095020763202], [0.2260576830502472, 0.5849483905196189, -0.466440205144981, -0.5226918749665077, -0.0032597414860580133, -0.25889389821873465, -0.6135971845696087, 0.07069833102055556, 0.047822155868884796, -0.009229739333241754, 0.014432911993113681]], "inverted": false, "swapped": false, "error_lsq": 0.04470701928580512, "error_max": 0.2179031652722166, "target": "589.xyz", "model": "7.xyz", "model_rescale": 3.964800864290218, "target_rescale": 3.760122588451753},
{"mapping": [3, 2, 5, 8, 1, 11, 10, 6, 7, 12, 13], "R": [[-0.869718295471721, 0.4895310948073089, 0.06284420210744929], [-0.479099426750391, -0.8067999189860705, -0.34574214381749435], [-0.11854883301496971, -0.3308068891979544, 0.9362227172259607]], "T": [-0.09950285429449576, -0.010931557790451789, 0.02703459238614657], "aligned_model": [[-0.6113807057955479, 0.1452777261057918, -0.13312743417592, 0.35931082498144096, 0.4579093630657417, -0.535741205126435, -0.47877836197782875, -0.6221858388662835, 0.6017017252552916, 0.2762572230499376, -0.07575291041070928], [-0.5093459651564997, 0.1295621907836769, -0.633172283161632, -0.14988592920026528, -0.47684443368254964, 0.6437045726753727, -0.13735229701872767, 0.13540398309687499, 0.09945245545251935, 0.6168494388427922, -0.025967448673422107], [0.15164133126902213, 0.6261612082400743, -0.5304208679743434, -0.5739972468558875, 0.21501518496924438, -0.2342716693946265, -0.6908107244974826, 0.2317153933687508, 0.08163012517495893, -0.1610353994489302, -0.04578050611749203]], "inverted": true, "swapped": false, "error_lsq": 0.043257572350523806, "error_max": 0.23765371938036922, "target": "589.xyz", "model": "8.xyz", "model_rescale": 4.121658175737393, "target_rescale": 3.760122588451753},
{"mapping": [4, 7, 1, 2, 6, 10, 0, 5, 8, 11, 12], "R": [[0.9690416516344331, -0.18419377621534755, -0.164410857917416], [0.2414979948649551, 0.8456292145015654, 0.47601465319638225], [0.05135168813015223, -0.500982918256697, 0.8639323583135358]], "T": [-0.02498486123052599, 0.02783348930042464, -0.03983463221325302], "aligned_model": [[-0.5873282222625479, 0.0991470017878951, -0.0677275463087614, 0.31336413864862167, 0.3571706711714439, -0.45610300587198155, -0.5817191309991324, -0.5957302985887372, 0.6994091591439031, 0.2362856090462125, -0.033277969661436306], [-0.6552405493134104, 0.3229007231686074, -0.5600267891822083, -0.11604508946017866, -0.4886297063740971, 0.6162074027913462, -0.16469171665105495, 0.15224252944208688, 0.02896540960831843, 0.6059189542465937, -0.04919688431786356], [0.033019467147860124, 0.5540824650268924, -0.39694115913225936, -0.629042031787881, 0.21979003275947412, -0.25062864038153915, -0.5611840745845238, 0.16138649675085714, 0.03635827906783286, -0.015606319584273456, -0.08138768654915134]], "inverted": false, "swapped": false, "error_lsq": 0.04305673267839945, "error_max": 0.2904545424581263, "target": "589.xyz", "model": "9.xyz", "model_rescale": 3.833441315466971, "target_rescale": 3.760122588451753},
{"mapping": [6, 7, 5, 2, 3, 10, 0, 12, 9, 8, 14], "R": [[-0.543890003758036, 0.61176824347172, 0.5743894846631598], [0.783770291056594, 0.12578838184766628, 0.6081787680026389], [0.2998129327916752, 0.7809717659888047, -0.5479008177208556]], "T": [-0.19371656916133556, -0.07096077678167247, -0.06298469090263481], "aligned_model": [[-0.5449682866717591, 0.13707047698003183, -0.13211644110246398, 0.40829861327180567, 0.5166495121403041, -0.40042558744276713, -0.5715996201208413, -0.7351918963069488, 0.5880014286313269, 0.2188388028530141, -0.10106659612622297], [-0.5324286942071091, 0.055180241138892486, -0.5364254837243216, -0.19886501992302996, -0.483767252859108, 0.6819846212078298, 0.009615867558039365, 0.04981096142310169, 0.13805324434812538, 0.5864808819866536, -0.07723508299093375], [0.2904260618736827, 0.5014463061951936, -0.5497939269293715, -0.4342911406635606, 0.21860489269788458, -0.320081468259775, -0.6238186822834654, 0.17204448740151007, -0.006946869470157102, -0.13459399696541952, -0.043148834863233294]], "inverted": false, "swapped": false, "error_lsq": 0.04296397704166246, "error_max": 0.22771466683863362, "target": "589.xyz", "model": "10.xyz", "model_rescale": 4.2482417240324, "target_rescale": 3.760122588451753},
{"mapping": [3, 1, 7, 5, 2, 10, 9, 8, 6, 0, 11], "R": [[-0.23388464648364146, 0.17962562223905829, 0.9555273978146588], [-0.9679443793716144, -0.13556021118936007, -0.2114405533127366], [0.0915513548896037, -0.9743500731141386, 0.20557306350869656]], "T": [0.004103138596209574, -0.0019867100503715776, -0.07702840051727669], "aligned_model": [[-0.4067959420563466, 0.00340240977320512, -0.2982884016311736, 0.35793102940208277, 0.3907752796993937, -0.39054637089445055, -0.44165820032526265, -0.5683561663596078, 0.6447497045817363, 0.09475936820391864, -0.0024823042880156507], [-0.5808369578892436, 0.17119450595857916, -0.5198028013552648, -0.26761992739295987, -0.5163228019861027, 0.46887607339472476, 0.07316966421770432, 0.03756436720163409, 0.08495641563831816, 0.7133444069224376, 0.027881339248312785], [0.31561133581554246, 0.6079200129847764, -0.39164260661735895, -0.6840135633125647, 0.28862215152884807, -0.2707869264190029, -0.7662012745254744, 0.1411089081039731, -0.12697846087168618, 0.15518339301957124, -0.19897614097333585]], "inverted": false, "swapped": false, "error_lsq": 0.04814042289867455, "error_max": 0.24142796467433733, "target": "589.xyz", "model": "11.xyz", "model_rescale": 3.6694154284099745, "target_rescale": 3.760122588451753},
{"mapping": [1, 8, 0, 6, 4, 10, 12, 2, 11, 9, 13], "R": [[-0.6964569845856857, 0.5818043835834111, -0.4200611001568002], [0.27045020908386086, -0.3293943509971199, -0.9046303366224695], [-0.6646836488347749, -0.7436417287742221, 0.07205987924897278]], "T": [-0.035274499575659084, 0.005447627560218833, -0.21714892397307917], "aligned_model": [[-0.5403656615067981, 0.0296963359123558, -0.0721136990467606, 0.4149593656340345, 0.2804828144116055, -0.38974153254251126, -0.652640401316714, -0.514169909620609, 0.6344012159405565, 0.2471334825680616, -0.054151604327741514], [-0.5714150438203726, 0.30767983681080097, -0.6570066851868029, -0.16703479796348292, -0.5566312572133658, 0.5321653273143689, -0.012315408866950948, 0.05738051200440742, 0.14445984828548242, 0.7301542061066614, -0.11503225351260588], [0.141439796719948, 0.4735263496096601, -0.48273322571295585, -0.5127738771780992, 0.14622869738729544, -0.2383709553041266, -0.5005432043861288, 0.22361828799203837, 0.060769566674717945, -0.017819113048797353, -0.22349549402026392]], "inverted": true, "swapped": false, "error_lsq": 0.04042106200477899, "error_max": 0.19337374620150233, "target": "589.xyz", "model": "12.xyz", "model_rescale": 3.9764082729961374, "target_rescale": 3.760122588451753},
{"mapping": [13, 1, 14, 3, 11, 0, 4, 9, 8, 2, 15], "R": [[-0.9065692670616332, 0.01954843569759812, 0.42160410657524505], [-0.41390635251169394, -0.2365468976328038, -0.8790489727943273], [0.08254511111991453, -0.9714234009339457, 0.22253736932957624]], "T": [-0.2132700127575934, -0.06541000558228066, -0.028112166054155743], "aligned_model": [[-0.31634923037324, -0.012455297501752838, -0.010899215448597704, 0.4208461693415514, 0.3945407014158083, -0.4281309571678503, -0.543297392386096, -0.5887739934920673, 0.48314599411488857, 0.18173600045108987, -0.19687237284825435], [-0.6317310079489433, 0.2614881465193894, -0.7636140398055951, -0.2238953500742925, -0.568017370146249, 0.5971044710114264, 0.10166964377842419, 0.3288646040303134, 0.04465156262132111, 0.6252883631225383, -0.07940473915019355], [0.17957929588172572, 0.4779842936748418, -0.3603247885805732, -0.5584163339567514, 0.06406522581333268, -0.23309332707428526, -0.6437663232270578, 0.22692394743768424, 0.02232624415968954, 0.028150849360974728, -0.13358225475629298]], "inverted": false, "swapped": false, "error_lsq": 0.04431189679056355, "error_max": 0.2134219324345558, "target": "589.xyz", "model": "13.xyz", "model_rescale": 4.170626492500431, "target_rescale": 3.760122588451753},
{"mapping": [11, 12, 3, 2, 6, 7, 1, 10, 4, 8, 13], "R": [[-0.001521528990081733, -0.6708302120440818, 0.7416094063308694], [-0.9994710781939327, 0.025111085854045867, 0.020663911079182473], [-0.03248459332345044, -0.7411857122045211, -0.6705136025618623]], "T": [-0.052463744706523346, -0.03712299632198095, -0.14070765480621106], "aligned_model": [[-0.3533153634702837, 0.05344718401686674, -0.18913678561723604, 0.4370677540614559, 0.32293950424694473, -0.441079962296389, -0.5877593694608951, -0.44016848714017587, 0.5777324387134389, 0.05651227902694653, -0.05274878597519355], [-0.5366518211306048, 0.19287548131906662, -0.6442775710385955, -0.1981099642326815, -0.7513043373540688, 0.6356418628109378, -0.019343049648400387, 0.22386551882545275, 0.24051450994522977, 0.661179511546465, -0.11198585708466077], [0.2588156959552752, 0.5460162319531782, -0.4376207847260397, -0.5498216671710274, 0.09700368238004156, -0.37264446221464753, -0.6920305524900072, 0.17535932010642052, 0.029096102836717208, 0.08744607968175333, -0.07177281757837559]], "inverted": true, "swapped": false, "error_lsq": 0.04171523270633964, "error_max": 0.22798013131285544, "target": "589.xyz", "model": "14.xyz", "model_rescale": 3.9786697098870705, "target_rescale": 3.760122588451753},
{"mapping": [4, 0, 5, 8, 2, 6, 7, 1, 3, 9, 11], "R": [[0.8663621694743793, -0.48899558608285987, -0.10148846286710307], [-0.4127370691097366, -0.8154706685504021, 0.4057778955496036], [-0.2811844645181371, -0.3096625672008822, -0.9083195425554862]], "T": [-0.16830186106168324, -0.019728487691793167, -0.10504145862045983], "aligned_model": [[-0.3499436212451292, 0.06626340969310729, -0.0598414801027124, 0.22532442079047052, 0.40674889113712054, -0.4827065198679703, -0.46314812121789706, -0.6885484048943432, 0.7200662492768666, 0.18835839580546485, -0.1790828132694976], [-0.5404647373100806, 0.08510799748231396, -0.7031972412950898, -0.20763428177822338, -0.5868897579145336, 0.687092547783981, 0.007902597152272733, 0.21949707362091844, 0.16405177923034808, 0.48720124287638444, 0.07973706410984846], [0.160956209380761, 0.5413284286815512, -0.512185654624945, -0.39135926946357086, 0.21353685549076556, -0.2750691773423569, -0.6959544906420345, 0.2593577125327306, 0.04387511643483141, -0.16187434950909366, -0.11276455220535019]], "inverted": false, "swapped": false, "error_lsq": 0.05153295506159754, "error_max": 0.28041668055289826, "target": "589.xyz", "model": "15.xyz", "model_rescale": 3.769337070930944, "target_rescale": 3.760122588451753},
{"mapping": [7, 1, 8, 2, 9, 4, 6, 5, 3, 0, 10], "R": [[-0.9216854650835693, 0.38351351504920517, 0.058423344891296594], [-0.09130759259818576, -0.0680908181558561, -0.993492105664051], [-0.3770395562638065, -0.9210217284393832, 0.09777601318791196]], "T": [-0.08195264475852647, -0.04801743695022968, -0.03502985855852342], "aligned_model": [[-0.527991153591332, -0.012785370304473617, 0.007829115465774944, 0.31516962372748486, 0.4568276789514667, -0.41458129567614443, -0.49695116898665087, -0.6466639790727882, 0.6074972350520845, 0.1375329050362507, -0.04239318449619303], [-0.4026533021997162, 0.13879370409637837, -0.6280222323354929, 0.0987744925481497, -0.6361406279492909, 0.5275560934347272, -0.10026233028790887, 0.2435375466520721, -0.08525043469189542, 0.5580074124286151, -0.021936037737498137], [0.3967334489378101, 0.7404995942193013, -0.5008918387712862, -0.6410594713103785, 0.12183491729738447, -0.44259067150109055, -0.6321509731643158, 0.1797903498764219, -0.08714517132739578, 0.010026661374614505, -0.07520001689777696]], "inverted": false, "swapped": false, "error_lsq": 0.05090527824513586, "error_max": 0.26009530639988976, "target": "589.xyz", "model": "16.xyz", "model_rescale": 3.7852294659196426, "target_rescale": 3.760122588451753},
{"mapping": [8, 3, 9, 10, 0, 7, 11, 2, 4, 5, 12], "R": [[0.7421201064326799, -0.17554974417930247, 0.6468694110459465], [0.6695319928652311, 0.14897387946119905, -0.7276906580190464], [0.03137926318861628, 0.9731336344803122, 0.22809268134878408]], "T": [-0.06252954932344774, 0.051557077856742115, -0.03893750923076096], "aligned_model": [[-0.4269566981563332, -0.09438227091514349, -0.05085602937201596, 0.3383398368699092, 0.353108183507217, -0.3873968969885075, -0.6351355233233569, -0.580480029578537, 0.6314601826359728, 0.29792011241786653, -0.062130460991591974], [-0.48112603660127873, -0.06962673852732144, -0.7387462333204172, -0.14926670907379608, -0.4207096179631962, 0.590695809132629, -0.06903990433637448, 0.2742844313359654, 0.16838394525998895, 0.5898056778015712, -0.002250339749630584], [0.048512270742127564, 0.7464256283917987, -0.38900348984899136, -0.7084362897337423, 0.2255555886100417, -0.34751106615960387, -0.4811035875981569, 0.19814232341202764, 0.04178683701762999, -0.15106911302017612, -0.11345227307966675]], "inverted": true, "swapped": false, "error_lsq": 0.04998650445801481, "error_max": 0.2985484991625203, "target": "589.xyz", "model": "17.xyz", "model_rescale": 3.901054581598922, "target_rescale": 3.760122588451753},
{"mapping": [10, 12, 4, 1, 6, 2, 8, 5, 7, 3, 14], "R": [[0.8449599502459214, -0.2597870692983949, -0.4674969102633314], [-0.09732139497540464, 0.784826313288164, -0.6120263099332824], [0.5259003979466564, 0.5626351718439401, 0.6378639626469649]], "T": [-0.09414343970674235, -0.016116012500514684, -0.02950851164544318], "aligned_model": [[-0.4740449391666596, 0.24005995270746625, -0.24492921487210748, 0.36873011349567186, 0.4526751371378246, -0.4289721709222809, -0.4633183177406047, -0.7008663236307139, 0.5612967298705479, 0.16193723946290037, -0.08907780023656472], [-0.6991571697952412, 0.2812316516264076, -0.6537766579939781, -0.1931955524999543, -0.5191910561098392, 0.6618079586738685, -0.052498799827212714, 0.1281654739864584, 0.05121249717211361, 0.6964047708046129, -0.008598832079095814], [0.21865146957322168, 0.5636757457436994, -0.4724831397071954, -0.5194844903374551, 0.07833716413851943, -0.36424260319850726, -0.579785218725523, 0.0044950436937953656, 0.04493663384437447, 0.0712025037751012, 0.024543719933257664]], "inverted": false, "swapped": false, "error_lsq": 0.03979933430029839, "error_max": 0.270822668436889, "target": "589.xyz", "model": "18.xyz", "model_rescale": 3.9405287249114394, "target_rescale": 3.760122588451753},
{"mapping": [4, 1, 7, 9, 8, 14, 13, 12, 5, 10, 15], "R": [[0.5957834146659409, 0.24000202012318894, -0.7664470974214597], [0.7735552417569576, -0.42812679463080333, 0.4672469750244397], [-0.21599632117081774, -0.8712671680121677, -0.44072566431367544]], "T": [-0.09527244667283935, 0.007843367993851325, 0.00485841474582685], "aligned_model": [[-0.5003391154507753, -0.06157810999121341, -0.07127387338793661, 0.28452998266798585, 0.41548111623669454, -0.4660645044241141, -0.3951040619313605, -0.6137423911742639, 0.7267170806611634, 0.13286738787655278, -0.0680031049772532], [-0.5825655680121964, 0.1516136251624215, -0.5980345664051349, -0.24705842110235277, -0.5328034624748367, 0.6091465333562693, 0.04430363998098033, 0.08984200988380836, -0.03529898470918036, 0.7570201969813011, 0.03623928129706032], [0.1531935445884609, 0.6480646249216204, -0.3528587165605309, -0.611408604929003, 0.14307548393532896, -0.31245328581042064, -0.5952261596518641, 0.16171567975540585, -0.11233628272525334, -0.06289357228490017, 0.01097411749444422]], "inverted": false, "swapped": false, "error_lsq": 0.04183155907138723, "error_max": 0.22833629740148265, "target": "589.xyz", "model": "19.xyz", "model_rescale": 4.410303926677745, "target_rescale": 3.760122588451753},
{"mapping": [3, 2, 5, 8, 1, 11, 10, 6, 7, 12, 13], "R": [[-0.869718295471721, 0.4895310948073089, 0.06284420210744929], [-0.479099426750391, -0.8067999189860705, -0.34574214381749435], [-0.11854883301496971, -0.3308068891979544, 0.9362227172259607]], "T": [-0.09950285429449576, -0.010931557790451789, 0.02703459238614657], "aligned_model": [[-0.6113807057955479, 0.1452777261057918, -0.13312743417592, 0.35931082498144096, 0.4579093630657417, -0.535741205126435, -0.47877836197782875, -0.6221858388662835, 0.6017017252552916, 0.2762572230499376, -0.07575291041070928], [-0.5093459651564997, 0.1295621907836769, -0.633172283161632, -0.14988592920026528, -0.47684443368254964, 0.6437045726753727, -0.13735229701872767, 0.13540398309687499, 0.09945245545251935, 0.6168494388427922, -0.025967448673422107], [0.15164133126902213, 0.6261612082400743, -0.5304208679743434, -0.5739972468558875, 0.21501518496924438, -0.2342716693946265, -0.6908107244974826, 0.2317153933687508, 0.08163012517495893, -0.1610353994489302, -0.04578050611749203]], "inverted": true, "swapped": false, "error_lsq": 0.043257572350523806, "error_max": 0.23765371938036922, "target": "589.xyz", "model": "20.xyz", "model_rescale": 4.121658175737393, "target_rescale": 3.760122588451753},
{"mapping": [11, 10, 7, 5, 9, 2, 3, 4, 8, 6, 12], "R": [[-0.9557571498090326, -0.20210492472194458, -0.21373317475780879], [-0.29398861031376144, 0.68086485924477, 0.6708157276416402], [0.009948245810103118, 0.7039720469228428, -0.7101580032334812]], "T": [-0.00409946497027338, 0.04323197450121989, -0.16272955999540936], "aligned_model": [[-0.47940874822523993, -0.07688563658136938, -0.1465842261108988, 0.37657640692488065, 0.309112945805912, -0.47875980895085857, -0.5295073665921599, -0.5261327132034161, 0.6690294788298803, 0.290384668273172, -0.024334594064422448], [-0.5980059215823678, 0.20826094342721185, -0.58896370887976, -0.1592001072081083, -0.4006739482653271, 0.6355719621288453, -0.11373997813229823, 0.10124934476371732, 0.0546381301508521, 0.5651304554119781, -0.011862887856603839], [0.20803188489729105, 0.5963097369480476, -0.37916608753717757, -0.689996724569913, 0.31424883851881313, -0.1562079713350322, -0.5892820725277896, 0.06802328270408109, -0.1410402239457047, 0.08931316051643004, -0.2503869949357575]], "inverted": false, "swapped": false, "error_lsq": 0.045423881525769844, "error_max": 0.25171455634447204, "target": "589.xyz", "model": "21.xyz", "model_rescale": 4.08911054899281, "target_rescale": 3.760122588451753},
{"mapping": [15, 8, 14, 12, 9, 0, 4, 1, 10, 6, 16], "R": [[0.4422888583529494, 0.7982579316327467, -0.4088579708924038], [-0.3149131535435302, -0.2886226015276948, -0.9041718308002381], [-0.839767986709492, 0.5286598797646692, 0.12372736166706166]], "T": [-0.08010223518743825, -0.06671622662209978, -0.09235018689284796], "aligned_model": [[-0.47593916035905115, -0.1068408056744513, -0.04049919120269496, 0.4141697822791437, 0.4492173995407685, -0.3663722844992812, -0.5463592065526719, -0.7124418492885864, 0.7102174956030378, 0.15009925403726104, -0.09176102777799455], [-0.6242645532230815, 0.27760530822563645, -0.6513334444833558, -0.3319796520767646, -0.5260875618096938, 0.6150763394215016, 0.08807758214750969, 0.16669580059064806, 0.0943867836765934, 0.6228516120186707, -0.03862393052952433], [0.16055297653003459, 0.5088899877033639, -0.35403108691111573, -0.5722460025650179, 0.035502510621452515, -0.3231915911814865, -0.5872597738758405, 0.32677249115844237, -0.06835117835280052, 0.07217214843702685, -0.12896365283077094]], "inverted": false, "swapped": false, "error_lsq": 0.042828548388771266, "error_max": 0.22319288089601125, "target": "589.xyz", "model": "22.xyz", "model_rescale": 4.204369325754507, "target_rescale": 3.760122588451753},
{"mapping": [4, 1, 7, 9, 8, 14, 13, 12, 5, 10, 15], "R": [[0.5957834146659409, 0.24000202012318894, -0.7664470974214597], [0.7735552417569576, -0.42812679463080333, 0.4672469750244397], [-0.21599632117081774, -0.8712671680121677, -0.44072566431367544]], "T": [-0.09527244667283935, 0.007843367993851325, 0.00485841474582685], "aligned_model": [[-0.5003391154507753, -0.06157810999121341, -0.07127387338793661, 0.28452998266798585, 0.41548111623669454, -0.4660645044241141, -0.3951040619313605, -0.6137423911742639, 0.7267170806611634, 0.13286738787655278, -0.0680031049772532], [-0.5825655680121964, 0.1516136251624215, -0.5980345664051349, -0.24705842110235277, -0.5328034624748367, 0.6091465333562693, 0.04430363998098033, 0.08984200988380836, -0.03529898470918036, 0.7570201969813011, 0.03623928129706032], [0.1531935445884609, 0.6480646249216204, -0.3528587165605309, -0.611408604929003, 0.14307548393532896, -0.31245328581042064, -0.5952261596518641, 0.16171567975540585, -0.11233628272525334, -0.06289357228490017, 0.01097411749444422]], "inverted": false, "swapped": false, "error_lsq": 0.04183155907138723, "error_max": 0.22833629740148265, "target": "589.xyz", "model": "23.xyz", "model_rescale": 4.410303926677745, "target_rescale": 3.760122588451753},
{"mapping": [4, 15, 3, 1, 10, 12, 0, 5, 11, 13, 16], "R": [[0.9761408666646515, 0.15739731663359563, 0.1495830643613336], [-0.17849714747145345, 0.9739263415005938, 0.14002231849181493], [-0.12364374942445508, -0.16338165762353093, 0.9787842750986807]], "T": [0.044365052148813984, 0.0521514631639379, 0.03011817354746843], "aligned_model": [[-0.3770539765260083, -0.08339215733621033, -0.2315413318352152, 0.40116514938613285, 0.32404788843028076, -0.5093793197551508, -0.3891032041738786, -0.5582798431761107, 0.6762242841314637, 0.11062428923267303, 0.020178627727503354], [-0.47884860203327717, 0.18429657666767207, -0.6519235818927944, -0.30894442391466603, -0.5301553160678062, 0.5413360376602925, 0.05253907541778019, 0.10574242657746341, 0.06445573138763942, 0.7461257832873551, -0.032219423131518765], [0.14982325289865156, 0.7197049739115953, -0.45712404839073656, -0.661719090927851, 0.11061831159655508, -0.2864911400287459, -0.5883403388876605, 0.20201690014878212, -0.006268672324879793, -0.060413480250762944, -0.051959839011658585]], "inverted": false, "swapped": false, "error_lsq": 0.04081720085740012, "error_max": 0.19187959021485945, "target": "589.xyz", "model": "24.xyz", "model_rescale": 4.28219845311461, "target_rescale": 3.760122588451753},
{"mapping": [4, 2, 3, 8, 0, 12, 9, 13, 6, 14, 15], "R": [[-0.8747438529897439, 0.4301830326486168, -0.22308238406000752], [0.012856614710453379, 0.48079747792479155, 0.8767374137558787], [0.4844150071115103, 0.7640525791085316, -0.42610533585342114]], "T": [-0.11827823707798542, -0.031943189571585213, -0.20865821029291642], "aligned_model": [[-0.28831014025033375, 0.03367964990930068, -0.37285568914514244, 0.4833338321778243, 0.35796080292064997, -0.4773587701639628, -0.6147155867208645, -0.5345588206935493, 0.7308228637922947, 0.1453337340176336, -0.07984146973837086], [-0.6006344772257771, 0.11464816057745555, -0.718015629401661, -0.09537744335055454, -0.4683250704570391, 0.6383955906614249, -0.017494927989314853, 0.20630710686938658, 0.062173052975238806, 0.6433296969336757, -0.07260177563469528], [0.2183405534939573, 0.44264801647891483, -0.4627059874223889, -0.5492240196485713, 0.28966036537114415, -0.2869333066354605, -0.6671501835003804, 0.1418610172645447, 0.07833758819683051, 0.025136319883827668, -0.1601235347491298]], "inverted": false, "swapped": false, "error_lsq": 0.041991247539141636, "error_max": 0.213764296506071, "target": "589.xyz", "model": "25.xyz", "model_rescale": 4.100010024507729, "target_rescale": 3.760122588451753},
{"mapping": [3, 1, 7, 5, 2, 10, 9, 8, 6, 0, 11], "R": [[-0.23388464648364146, 0.17962562223905829, 0.9555273978146588], [-0.9679443793716144, -0.13556021118936007, -0.2114405533127366], [0.0915513548896037, -0.9743500731141386, 0.20557306350869656]], "T": [0.004103138596209574, -0.0019867100503715776, -0.07702840051727669], "aligned_model": [[-0.4067959420563466, 0.00340240977320512, -0.2982884016311736, 0.35793102940208277, 0.3907752796993937, -0.39054637089445055, -0.44165820032526265, -0.5683561663596078, 0.6447497045817363, 0.09475936820391864, -0.0024823042880156507], [-0.5808369578892436, 0.17119450595857916, -0.5198028013552648, -0.26761992739295987, -0.5163228019861027, 0.46887607339472476, 0.07316966421770432, 0.03756436720163409, 0.08495641563831816, 0.7133444069224376, 0.027881339248312785], [0.31561133581554246, 0.6079200129847764, -0.39164260661735895, -0.6840135633125647, 0.28862215152884807, -0.2707869264190029, -0.7662012745254744, 0.1411089081039731, -0.12697846087168618, 0.15518339301957124, -0.19897614097333585]], "inverted": false, "swapped": false, "error_lsq": 0.04814042289867455, "error_max": 0.24142796467433733, "target": "589.xyz", "model": "26.xyz", "model_rescale": 3.6694154284099745, "target_rescale": 3.760122588451753},
{"mapping": [9, 10, 3, 6, 12, 5, 7, 8, 2, 0, 13], "R": [[0.20498178337849865, 0.9514058176559805, -0.22980304308978594], [0.8989769468738904, -0.0901576769248355, 0.42861642791756815], [0.3870696545484664, -0.2944461978390496, -0.8737725785957458]], "T": [-0.07124298932338133, 0.03843790518480249, -0.028497441120166007], "aligned_model": [[-0.3689446093001295, -0.10185828246833163, -0.2005454074192919, 0.4214511625627869, 0.38865533568223976, -0.3862743322474804, -0.5362472793512082, -0.6105235301765486, 0.5734727019230267, 0.22161372128114118, -0.017309074380724855], [-0.5244520765317902, 0.04684311249422969, -0.5987720881279923, -0.13866720342225575, -0.6080193034842274, 0.6003358801575573, -0.11379263877949854, 0.2160068379101731, 0.15257599000394167, 0.6102244593919026, 0.05012131434609971], [0.21520760481993495, 0.5722377552920062, -0.5081593318623857, -0.4724306399314772, -0.046369804543061895, -0.4878496136611332, -0.42438302618041235, 0.2647651797811988, 0.15437907803351952, -0.18415227276702348, -0.013398100247877439]], "inverted": true, "swapped": false, "error_lsq": 0.04782960478845357, "error_max": 0.20671651615021133, "target": "589.xyz", "model": "27.xyz", "model_rescale": 4.103607728864725, "target_rescale": 3.760122588451753},
{"mapping": [8, 11, 1, 0, 5, 12, 2, 13, 9, 10, 14], "R": [[-0.9768154194581293, 0.18784821196313015, 0.10268731942695641], [-0.16659911538759994, -0.9682377803617128, 0.18644123855063033], [0.13444839553117777, 0.16501106006107225, 0.9770849394994343]], "T": [-0.02184270636444173, 0.07159661795948585, 0.0065193198499125665], "aligned_model": [[-0.5315434249380033, -0.1509827933630794, -0.09306676350160228, 0.2640194659761068, 0.48689541278231663, -0.5292101725186006, -0.42936788348149674, -0.6209841782010203, 0.7912875460653543, 0.23187862025402312, -0.03543542296851894], [-0.49004323967554403, 0.09163326439042295, -0.6841218244856933, -0.20962563515264238, -0.45207554248179876, 0.6122015300249579, 0.0011959219792521403, 0.21922945997395343, 0.12376813673694229, 0.5071700052415338, -0.026927792593244404], [0.31804110818568543, 0.6810433032553015, -0.46958739246154396, -0.5841486103451569, 0.05227306163837214, -0.426629846677887, -0.6019933573009358, 0.20427314064215624, -0.0723555891192945, 0.08186246165035592, -0.11293145073376491]], "inverted": false, "swapped": false, "error_lsq": 0.043755694168932775, "error_max": 0.2079164383085104, "target": "589.xyz", "model": "28.xyz", "model_rescale": 4.137296879288765, "target_rescale": 3.760122588451753},
{"mapping": [0, 7, 6, 4, 9, 2, 5, 1, 8, 3, 10], "R": [[-0.5627188288373207, 0.7141122623053288, 0.41640268550661313], [-0.761996238719303, -0.252805508962722, -0.5961972046359612], [-0.3204828417397558, -0.6527886728974885, 0.6864092778271186]], "T": [-0.03211735136011398, -0.02501127720798041, -0.07078539321288109], "aligned_model": [[-0.45584027113889924, -0.03768810242089529, -0.07533228769306663, 0.33984804893563625, 0.38133465170227077, -0.43723721475236843, -0.5720711077661793, -0.6941660345183565, 0.6009183981764795, 0.30735301474553145, 0.026371310835326997], [-0.5055569413343923, 0.15570936182988238, -0.5696977525662907, -0.07883720114864631, -0.6256264592822518, 0.582965325780223, -0.05692355295265994, 0.15179942158150625, 0.15841782161784962, 0.5486695883874646, -0.06851532795454504], [0.212154696400855, 0.6229877988623358, -0.5372582603728753, -0.7478189770718907, 0.21048504688786535, -0.3507164964688709, -0.47157173907742905, 0.2412858868047661, 0.21899622022795545, -0.21747847399165526, -0.11121887346776826]], "inverted": false, "swapped": false, "error_lsq": 0.042208725954213856, "error_max": 0.2578940096044949, "target": "589.xyz", "model": "29.xyz", "model_rescale": 3.607286011436655, "target_rescale": 3.760122588451753},
{"mapping": [7, 1, 5, 10, 12, 3, 4, 6, 11, 9, 14], "R": [[-0.08571982687372942, -0.027317166635769274, 0.9959447191926525], [-0.4505833099032447, -0.8904940653079839, -0.06320601623181368], [0.8886094710936714, -0.45417407682325217, 0.06402433775036048]], "T": [-0.05887744482388632, -0.03086515793391402, -0.014499992231622738], "aligned_model": [[-0.5065548143042202, 0.09369072980572649, -0.22789237558525535, 0.41704798237108576, 0.3737108198780895, -0.5482663644751424, -0.4302462270910975, -0.5464164120722484, 0.5227514177890242, 0.20450936144684498, 0.03115628834267234], [-0.6148222987033387, 0.36325493462989283, -0.6205135503805363, -0.21663624441843482, -0.5972068993025923, 0.5411676560765344, -0.0267092714621915, 0.033864800994647254, 0.017661937475835575, 0.7074822688406915, 0.10486095020763202], [0.2260576830502472, 0.5849483905196189, -0.466440205144981, -0.5226918749665077, -0.0032597414860580133, -0.25889389821873465, -0.6135971845696087, 0.07069833102055556, 0.047822155868884796, -0.009229739333241754, 0.014432911993113681]], "inverted": false, "swapped": false, "error_lsq": 0.04470701928580512, "error_max": 0.2179031652722166, "target": "589.xyz", "model": "30.xyz", "model_rescale": 3.964800864290218, "target_rescale": 3.760122588451753},
