[{"mapping": [0, 1, 6, 11, 12, 4, 5, 3, 9, 7, 10, 13], "R": [[-0.06355675414834551, 0.5477852550378242, -0.8342013266384041], [0.26432026911438217, 0.8152797504668547, 0.5152220141007215], [0.9623384718161421, -0.18775048027062252, -0.1966072806910345]], "T": [0.0014672245302256113, -0.09369859095192024, 0.016497051095026458], "aligned_model": [[-0.32896764796456024, 0.23678738721424472, 0.5056226769561918, -0.21545807675467551, -0.1000008070071743, -0.6297176877539561, 0.4850334687600306, -0.24970289797555387, 0.6033350872381328, 0.1393260156352454, -0.5997428967056725, -0.008872159181703617], [-0.34434378266421667, -0.6989260536156955, -0.09592357515046807, 0.7150056826665899, 0.29279379460167687, -0.5446383941463517, -0.15629083572046118, -0.4572426715407627, -0.11180580499871834, 0.3427102142402959, 0.25613543283722423, -0.14391897053205566], [-0.38607626042277876, -0.34091126116860004, -0.620316091274337, -0.05520711754052511, -0.6091287511975468, 0.11121642889456364, 0.7363463546337148, 0.6107421829847463, 0.13779818745914363, 0.35346210459730354, 0.2605099538324393, -0.016483985444560867]], "inverted": false, "swapped": true, "error_lsq": 0.05415997685117573, "error_max": 0.3129644141654542, "target": "59.xyz", "model": "0.xyz", "model_rescale": 3.751011558992144, "target_rescale": 4.0084557238217755},
{"mapping": [9, 12, 3, 2, 5, 0, 11, 1, 6, 7, 8, 4, 10, 14], "R": [[-0.39191469168443893, -0.3050220874530578, -0.8679656678738338], [0.5119375547903585, -0.8561881321074845, 0.06972676984892869], [-0.7644101088010021, -0.41701727614581624, 0.4917049694265497]], "T": [0.020086709216978207, -0.004258080509748272, 0.005658727936063097], "aligned_model": [[-0.5456992584709043, -0.3828499499867682, 0.20079878760034403, 0.5040253975750767, -0.057324827714453463, 0.6419272073122135, -0.678228223004723, 0.48922147785496894, -0.16222365728356863, 0.07381318349016065, 0.46379054960516797, 0.19905036698863093, -0.4948764002768443, -0.026995980409042032], [-0.3093832255010986, -0.12322551428590953, -0.40648643706116033, -0.6746562496512578, -0.4978901909257573, -0.012496179095353815, 0.3230921138114018, 0.5015266212134365, 0.7025386136239483, 0.3397076946225482, -0.11376216004838176, 0.46378432022135857, 0.239752450420289, -0.015933504081087357], [0.15048450601368207, -0.6070923654514963, -0.6180089587570101, -0.004721190660129514, 0.38038641641367055, -0.42879615713239666, -0.19910722294635796, -0.09323492096822139, -0.17020232147015052, -0.5586798542086061, 0.4868593209625484, 0.6176083093761201, 0.5953413584963971, -0.0198504324847966]], "inverted": false, "swapped": false, "error_lsq": 0.04599913414266498, "error_max": 0.2783643256610144, "target": "59.xyz", "model": "1.xyz", "model_rescale": 3.9405287249114394, "target_rescale": 4.0084557238217755},
{"mapping": [1, 2, 9, 10, 3, 6, 0, 4, 7, 8, 11, 12, 13], "R": [[-0.5716083345189787, 0.7355812231569707, -0.3635714180836198], [0.5804380559661044, 0.675680078277624, 0.45447562641469963], [0.5799617014034022, 0.048751368777080056, -0.8131836993863271]], "T": [-0.004165372263409142, -0.039085479608470135, -0.01558002563756802], "aligned_model": [[-0.24117686822521955, 0.13637597007479263, -0.3715510513513121, 0.5013439613190931, 0.643811212826098, -0.7706768612716866, 0.058426527676158815, 0.6407715866004977, -0.012758037218522665, -0.5706258685520015, -0.09861712390822948, -0.4156352625771563, -0.0037049061085807104], [0.6620500716960549, 0.3902423105480067, -0.0360040359619424, -0.47851521706543315, 0.08710639124338682, 0.2041596858731663, 0.3187958087828741, 0.3227049917439286, -0.5576706358361472, -0.49723084473523566, -0.7834156087987663, -0.1922510611406754, 0.018860737222799732], [-0.056213160909696, -0.6178738947037818, -0.5078249124068673, 0.29222116064800185, -0.3511094023723548, 0.09844004166631523, 0.4339516481262031, 0.2371586418847141, -0.24795631673739718, -0.11695330542157822, 0.36290670028143257, 0.5830121594169191, 0.003360990116733447]], "inverted": true, "swapped": true, "error_lsq": 0.0533314929216001, "error_max": 0.3423597749481704, "target": "59.xyz", "model": "2.xyz", "model_rescale": 3.932901565614263, "target_rescale": 4.0084557238217755},
{"mapping": [6, 10, 8, 9, 12, 8, 1, 7, 0, 3, 5, 4, 2, 13], "R": [[-0.8714008236367123, 0.07610261435975396, 0.48463284726983824], [-0.4626403937457051, 0.2011013345579294, -0.8634362277052308], [-0.16317006661786554, -0.9766097712631339, -0.14003172509574752]], "T": [-0.00592436882447123, 0.05701214902387248, -0.1367058058749265], "aligned_model": [[-0.3863360666745539, -0.516454326485452, 0.48241390879699353, 0.5302540456804636, -0.09064876230373542, 0.48241390879699353, -0.678707704651861, 0.6560981005756409, -0.12903726919191238, 0.1148938087736465, 0.20741316172722607, 0.0934821887432272, -0.5117981999084623, -0.02955812059795535], [-0.17882421076556607, -0.44091477957741354, -0.10754075824690848, -0.43482857578989953, -0.6410943686952137, -0.10754075824690848, 0.3292756778830333, 0.21823702669046388, 0.7135299342843425, 0.36067511810442016, -0.2590754298243309, 0.5373085081979083, 0.46473347784223124, -0.03737250859318258], [0.3793953588416844, -0.20433254914709328, -0.6594244614156906, -0.03473351246890799, 0.16094982942740924, -0.6594244614156906, -0.2850424999134554, 0.07654366347473601, -0.08399963410338784, -0.5289777106199325, 0.47269999177607336, 0.5862465772143617, 0.38488295764409075, -0.07379706211094479]], "inverted": false, "swapped": false, "error_lsq": 0.055034916343281746, "error_max": 0.39707426274200536, "target": "59.xyz", "model": "3.xyz", "model_rescale": 3.9243930471874484, "target_rescale": 4.0084557238217755},
{"mapping": [6, 12, 8, 9, 7, 1, 2, 11, 10, 4, 3, 4, 13], "R": [[0.7178482200175382, 0.6915702759509683, -0.08015289413835291], [0.2811511340640723, -0.182642250771835, 0.9421230535590798], [0.6369049951383161, -0.6988364341203884, -0.32554518198517657]], "T": [0.025433816710113223, -0.08023223917663878, -0.09499653022090808], "aligned_model": [[-0.14172129240910394, -0.10069080023716284, 0.5381848690755926, 0.3232847021951152, 0.585764961206908, -0.5176334841861293, -0.046038507748846554, 0.4733089189678963, 0.17481182795720138, -0.49364813653209516, 0.008725156166724896, -0.49364813653209516, -0.033494191612652734], [-0.6130002610579717, 0.09541334212644621, -0.289044860404398, -0.6171512909017005, 0.014757291332618924, -0.5843133778939533, -0.5601147560372768, 0.4394808463023806, 0.6360705231105594, 0.3163361136549361, 0.0685234843874344, 0.3163361136549361, -0.0954636145924246], [-0.6848490994412613, -0.805152133436017, -0.5792845218239506, -0.07798056845533023, -0.09197387963399468, -0.07507984149200563, 0.48070877796162864, -0.5802870389531111, -0.005686322098211169, 0.3339560632922442, 0.6302417486331251, 0.3339560632922442, -0.09149893247439625]], "inverted": false, "swapped": true, "error_lsq": 0.057992785733992185, "error_max": 0.37280149113467803, "target": "59.xyz", "model": "4.xyz", "model_rescale": 3.8936222436046832, "target_rescale": 4.0084557238217755},
{"mapping": [6, 1, 9, 8, 5, 3, 4, 10, 11, 12, 7, 13], "R": [[0.2060404849451174, -0.7083601677802132, -0.675109762383843], [-0.9605592052444225, -0.2780720752984678, -0.001390740596502904], [-0.18674402743805316, 0.6487694456751115, -0.7377159850339587]], "T": [-0.13379770196358687, -0.0910050769502657, 0.023552455798815763], "aligned_model": [[0.07805057116717201, -0.5331739837035706, -0.30338600672570504, 0.32982809511305106, -0.6006867377879412, -0.6854329847875875, -0.46817835338382185, 0.15507074289031164, 0.6389132749027012, 0.5095297613120198, 0.06756844766309097, -0.160554784444623], [-0.6018830627308752, -0.6727314448496335, 0.06027870914015969, 0.11309166491804658, 0.550081697456216, 0.22950385709487886, -0.28234305312043323, 0.23595445797675596, 0.2161722308490373, -0.45960691746472104, 0.4252697662532805, -0.14486500041290468], [-0.5712858767556019, -0.2034047663320359, -0.5470961085544155, -0.5097831341824026, -0.33276130674329546, 0.39951860279388157, 0.7034732004167732, 0.6177176137030138, 0.14504535316167105, -0.013083976532129782, -0.1026026030601446, 0.033547721360204494]], "inverted": true, "swapped": true, "error_lsq": 0.052167112855193036, "error_max": 0.24976897336457446, "target": "59.xyz", "model": "5.xyz", "model_rescale": 3.6523030999806103, "target_rescale": 4.0084557238217755},
{"mapping": [5, 3, 2, 9, 1, 7, 4, 8, 10, 12, 0, 6, 13], "R": [[0.4547006726878681, -0.25676748810713246, 0.8528292650398167], [0.5177003586460793, 0.8553621621547263, -0.018490814252289794], [-0.7247300441646677, 0.44991780205404797, 0.5218623712052186]], "T": [0.0018952416420901508, -0.04019951719574414, -0.023342123648899288], "aligned_model": [[0.22083954686681, -0.2810882300672589, 0.36687823757667, 0.4998858867186279, 0.5348826319124298, -0.13669619742365438, -0.42636022273128754, 0.25758783326232565, -0.7279125063362857, -0.02384486023518967, -0.0733619221127329, 0.649405172102705, 0.0208675351311359], [-0.45235092532884286, 0.17011934577433901, 0.1661070046743943, -0.3381487132986152, 0.47473014347782855, -0.5772653981207194, 0.5840678627521972, -0.6675835551930154, -0.14077371393147997, -0.09966795070641944, 0.452927397969054, -0.048468806378780996, 0.01713421247324321], [0.710232500675298, 0.627860100213766, 0.6020035061703881, 0.17794959253001688, -0.03706978093666258, 0.10057636318818997, 0.17056598783236218, -0.3098063949875578, -0.04874355512465997, -0.7628559656967304, -0.3152970740764962, -0.5136187372775268, -0.031686803028598276]], "inverted": true, "swapped": true, "error_lsq": 0.0533294861085328, "error_max": 0.36510581210577525, "target": "59.xyz", "model": "6.xyz", "model_rescale": 4.08911054899281, "target_rescale": 4.0084557238217755},
{"mapping": [6, 3, 9, 1, 2, 9, 4, 11, 10, 8, 13, 12, 5, 14], "R": [[-0.2637636897191731, 0.4585372689339681, -0.8486296536088673], [0.5233945900649994, -0.670970705573078, -0.52522034933298], [-0.8102387420238677, -0.5827022269232752, -0.06301821690778658]], "T": [-0.04083354916376597, 0.021429843022358005, 0.06058221115165802], "aligned_model": [[-0.3903725008309962, -0.436073737209903, 0.35587199107678696, 0.47743439776543356, -0.03745060139296702, 0.35587199107678696, -0.6477194215043067, 0.48730416852678354, 0.06024491380476382, -0.10538526960188177, 0.37715885531710264, 0.19244359184017418, -0.545642022480259, 0.08074231689274061], [-0.33481719057044435, -0.29350028247600285, -0.12922932175555654, -0.4916530358626567, -0.699110314499524, -0.12922932175555654, 0.25673240247811724, 0.2760653932943394, 0.7304975749706563, 0.3627169698397442, -0.09655159180947057, 0.47454229145860416, 0.4940832761247807, -0.0039784961740540435], [0.053265191459329106, -0.5485611595523286, -0.5985716694548836, -0.01745850537665935, 0.42245232646097214, -0.5985716694548836, -0.2099205303673234, 0.03297151308986499, -0.018670513316332245, -0.5263633959894097, 0.6498675861466162, 0.5588520201591226, 0.3803764684917386, -0.048681175112570356]], "inverted": true, "swapped": false, "error_lsq": 0.04677695400368658, "error_max": 0.35715202086913517, "target": "59.xyz", "model": "7.xyz", "model_rescale": 3.964800864290218, "target_rescale": 4.0084557238217755},
{"mapping": [1, 8, 9, 12, 7, 11, 5, 6, 3, 10, 2, 0, 0, 13], "R": [[-0.10013757415125575, -0.9924944753016058, -0.0701938938860963], [0.9558925372778764, -0.11554283085161603, 0.2700357595120674], [-0.27611940065769736, -0.0400570934365643, 0.9602882410223761]], "T": [0.08189691921895992, 0.035399713164942746, -0.0017869807808219007], "aligned_model": [[-0.49797910676869395, -0.38936181656435553, 0.159334467440646, 0.42682421319358266, -0.08946309327035362, 0.7575455582805966, -0.6007652380854458, 0.4765602793974717, -0.11263448231461679, -0.07258479154412667, 0.27030375673407037, -0.07128012381179175, -0.07128012381179175, 0.039209174405067555], [-0.20323113770583995, -0.4073600916023552, -0.288398477297844, -0.6128841285262129, -0.6161791712393919, 0.0690070982026803, 0.2506711542207816, 0.4599670921427166, 0.7316925617721316, 0.29607131147705307, -0.13567889015700182, 0.4321143091025301, 0.4321143091025301, 0.00866241377119813], [0.41042534638789235, -0.41764337502962573, -0.6042941465199967, -0.179066871806484, 0.22828663456821813, -0.4808514698621604, -0.43387644908411016, 0.020330795307392763, 0.05562816093524392, -0.7655406923137689, 0.6096406133111194, 0.5746795797247946, 0.5746795797247946, -0.06141121816005772]], "inverted": true, "swapped": false, "error_lsq": 0.05579197831618725, "error_max": 0.45767312072692984, "target": "59.xyz", "model": "8.xyz", "model_rescale": 4.121658175737393, "target_rescale": 4.0084557238217755},
{"mapping": [4, 0, 1, 2, 10, 7, 12, 8, 6, 11, 5, 9, 13], "R": [[0.724871999991325, -0.419730972065935, 0.5462476496216364], [-0.4597614079994735, 0.29574294340122875, 0.8373503204410443], [-0.5130107516835476, -0.8581153899779231, 0.02139967616854795]], "T": [-0.10195168182078511, -0.008898521346198554, -0.09810854274408842], "aligned_model": [[-0.5681378430386247, -0.041614188179334544, 0.3885124423528274, -0.03936600993635085, -0.7508530197332461, -0.28360645749939306, 0.19177011865140486, 0.24806875732939637, 0.6932322618429326, -0.31851153758131107, -0.22151483300076724, 0.2596400798683534, -0.0808822746406902], [-0.017861314326394505, -0.305163664287052, 0.20714543420145762, 0.7124548568083462, -0.3449678381456519, 0.043844126397107816, -0.6878743155962532, -0.15758610049488098, -0.17387051850453109, -0.6120591068753, 0.7478737610304973, 0.38677707610955747, -0.008324956905192997], [-0.725247276647459, -0.5907157292272482, -0.6101500590033972, -0.3044201093646178, -0.0013396492881245087, 0.43782325739302574, -0.036471340024518135, 0.5315174631362605, -0.08486524433070503, 0.4454904024749714, 0.312911513913854, 0.2018564227117502, -0.15531421778470272]], "inverted": true, "swapped": true, "error_lsq": 0.05244681530134601, "error_max": 0.354026429040575, "target": "59.xyz", "model": "9.xyz", "model_rescale": 3.833441315466971, "target_rescale": 4.0084557238217755},
{"mapping": [13, 0, 1, 4, 5, 6, 10, 7, 11, 12, 3, 9, 8, 14], "R": [[0.3335247347600587, -0.5608166849509966, 0.7577901405955392], [-0.7419056523775966, -0.6520903884254314, -0.1560580926877634], [0.5816676493268342, -0.5101595546529972, -0.6335613423519859]], "T": [0.029860872624354613, 0.03550527969790619, -0.07549912954660137], "aligned_model": [[-0.5498370484260298, -0.47877930493982174, -0.0004147053590419156, 0.67133032996912, -0.027938920007947655, 0.5654575430496993, -0.6729433132175694, 0.40228313809925614, 0.014034697099798224, 0.07985668780467164, 0.5743705809494839, 0.00559379379884984, -0.4157414392778826, 0.05715663373767319], [-0.43320370053123713, -0.2979300407982832, -0.4094098996880276, -0.42645823782004744, -0.6268459906423426, -0.11598425786827939, 0.42283936558758456, 0.5240382404259701, 0.710692871590792, 0.23292200191507273, -0.03519683269311029, 0.2967230667500339, 0.5229372658785489, 0.051444501156300844], [0.20725297671800907, -0.3819775439851272, -0.6643478413933528, 0.029473361452185487, 0.04853788153207646, -0.4646221109832976, -0.25380427751195667, 0.1824760228278664, -0.17145916792572174, -0.64255037376026, 0.597428978493747, 0.6920205790899785, 0.33851536398244775, 0.014042638646658126]], "inverted": true, "swapped": false, "error_lsq": 0.05149426293727223, "error_max": 0.3098529088220676, "target": "59.xyz", "model": "10.xyz", "model_rescale": 4.2482417240324, "target_rescale": 4.0084557238217755},
{"mapping": [1, 6, 12, 8, 4, 10, 0, 7, 9, 3, 2, 13], "R": [[-0.40328763513005716, -0.8432684901587392, -0.3553270843273939], [-0.6458200293898887, 0.5373848919841293, -0.5423411910467888], [0.6482866441552299, 0.01075785167246307, -0.7613203633407846]], "T": [0.039304608688113224, 0.09978406023261487, -0.035790604722508654], "aligned_model": [[-0.576342499017875, 0.005817604418884251, 0.30273217919584683, 0.6277720255358812, -0.47448549779413784, 0.33607329442727196, -0.31621832766337765, 0.5389199320917438, 0.12520042351004473, -0.25604529285975564, -0.4201685564480335, -0.016489683033486288], [-0.31295848934207654, -0.6895625278088735, -0.20087101728676282, -0.3360223892595461, 0.6499652148750947, 0.727897028358169, 0.10921339199071971, 0.20390569832646427, -0.29991586980501156, 0.6592139470591382, 0.0682482546750413, 0.08701814826828258], [-0.029562543464522403, 0.1526748657281577, 0.589742935119618, -0.10528916000515363, 0.17405048679242602, 0.21074985284274395, 0.4198298707460116, -0.285883291374811, -0.49421032066886694, -0.4207381896302637, -0.6313760549386999, -0.014796161292282797]], "inverted": true, "swapped": true, "error_lsq": 0.04336084389769402, "error_max": 0.288019630663893, "target": "59.xyz", "model": "11.xyz", "model_rescale": 3.6694154284099745, "target_rescale": 4.0084557238217755},
{"mapping": [6, 5, 7, 9, 11, 10, 0, 2, 1, 12, 8, 3, 4, 13], "R": [[0.15658479604088743, -0.8569282176835135, -0.49107558622537023], [0.15620438621323193, -0.4694645172629219, 0.8690243130999498], [-0.9752340187752793, -0.21278415535196482, 0.060344940588003604]], "T": [-0.00936174088666571, -0.010484819116449714, -0.08784164448200169], "aligned_model": [[-0.4698284546809613, -0.4773104720538388, 0.12515916040162023, 0.5337161819317503, -0.03290441383275601, 0.5273061054354431, -0.6361127303082172, 0.4421716090187367, -0.07167620637651086, 0.0836846544622664, 0.5407418470957199, 0.14442108032203677, -0.38736296178130386, -0.09757672635372655], [-0.3361840419069683, -0.20174194766578463, -0.5747213473501003, -0.5871011074893586, -0.5070531275807446, -0.06261756935692164, 0.32561590468087354, 0.4523494430431626, 0.8171382771032755, 0.3738761622899378, -0.02444487052532573, 0.47204424438970627, 0.19675256620093548, 0.07265576743028851], [-0.046065392677841994, -0.7115527059958873, -0.5522838753277425, 0.04355962119064655, 0.4579553017228454, -0.4236966524613326, -0.15825020324782352, 0.0027985954045396944, 0.07838233722927992, -0.640451366212789, 0.43157053362384246, 0.608409350042448, 0.5136950483965532, -0.07308410450348654]], "inverted": true, "swapped": false, "error_lsq": 0.056570347853418586, "error_max": 0.2928976983432215, "target": "59.xyz", "model": "12.xyz", "model_rescale": 3.9764082729961374, "target_rescale": 4.0084557238217755},
{"mapping": [3, 7, 4, 6, 14, 5, 2, 12, 1, 9, 11, 10, 8, 15], "R": [[-0.9184213341843857, 0.27218188172069113, -0.2870875757986704], [0.21396764691935494, 0.9521553475444697, 0.21821558196944818], [0.33274629823150237, 0.13898639287877923, -0.9327179014084475]], "T": [0.10240871437082714, 0.040609119314828426, -0.08323355318898282], "aligned_model": [[-0.47644520311660327, -0.5440381797522822, -0.004704927383149829, 0.5649375549372404, 0.21974601965523136, 0.5678631280745677, -0.5504335002689544, 0.5474759227716822, -0.022757177017379684, 0.2506712456910216, -0.010537568832891045, 0.06566317972560821, -0.4389950776318576, 0.0559832564280252], [-0.44204596063698615, -0.1758413318897803, -0.43110135145408396, -0.5646356396258514, -0.5808211086993971, -0.02630186736271259, 0.4710791145495415, 0.47767868308702693, 0.6572305279120495, 0.42766223698796835, -0.08369265950645212, 0.5454015695182823, 0.19762558224780363, -0.05566944186443301], [0.2914872272859921, -0.4092539730631026, -0.6141569198779995, -0.141583010070428, 0.40550407383992904, -0.7772789511711778, -0.2405616812938179, 0.05129864139104401, 0.0029877687306589656, -0.5187874906337648, 0.6928701149132506, 0.5412512319415247, 0.3432410662453751, -0.09603161105423147]], "inverted": true, "swapped": false, "error_lsq": 0.052915099993504314, "error_max": 0.3807025230268334, "target": "59.xyz", "model": "13.xyz", "model_rescale": 4.170626492500431, "target_rescale": 4.0084557238217755},
{"mapping": [2, 6, 3, 1, 0, 9, 5, 10, 12, 11, 7, 8, 4, 13], "R": [[-0.3242260451387331, 0.7437454155669257, -0.5845684121442732], [-0.3374287321056001, -0.668228007561079, -0.6630333179113683], [-0.8837529758950196, -0.017722492322789385, 0.4676179967265645]], "T": [-0.003337923554166608, -0.031004095568018367, 0.009478039969306885], "aligned_model": [[-0.45192999049767224, -0.6247038301861185, -0.032552459633159656, 0.5834273013287641, 0.12195758097586105, 0.665094261107829, -0.5040695604553658, 0.39726351559324374, -0.12814992050493385, 0.05243925942865853, 0.61578844077817, 0.09205582392379917, -0.5241112154252552, -0.03808053315356138], [-0.49039776065159557, -0.040189947182941985, -0.49370259801242566, -0.5267752416653998, -0.45039511343490796, 0.014726563669833933, 0.573427935020492, 0.36622495406095457, 0.6879530458640342, 0.20854436748585733, -0.02846580229471091, 0.3954673902664491, 0.18856377121173779, 0.011586788925598595], [0.15319576745195118, -0.557363469833608, -0.5009435614028093, -0.01757767034697794, 0.41478115765411133, -0.4459487486340224, -0.450032108516145, 0.016952935200394932, 0.06629982617130775, -0.6532172828134721, 0.5330292838267626, 0.6099598444539849, 0.4380200576811734, -0.07616954370939838]], "inverted": true, "swapped": false, "error_lsq": 0.057406193457483996, "error_max": 0.332101253027223, "target": "59.xyz", "model": "14.xyz", "model_rescale": 3.9786697098870705, "target_rescale": 4.0084557238217755},
{"mapping": [2, 1, 3, 5, 4, 10, 6, 12, 7, 9, 0, 13], "R": [[-0.9557724054170775, -0.21301799344543274, -0.2027866946121844], [0.11805544449393271, 0.3536410677444571, -0.9279013456342762], [0.26937338596935245, -0.910802574476512, -0.3128524400709772]], "T": [0.06743206575889776, 0.053634064933812176, 0.06513223334324071], "aligned_model": [[0.03380856040406806, -0.5806456754227018, 0.40202267855156454, 0.5840695358493018, -0.020897077077861176, 0.5261369567339229, -0.5256983312800818, -0.24140848036866008, 0.5664814816028171, 0.0915584806047748, -0.36631910449829846, 0.014245571668490886], [-0.4270075629987359, -0.18622181048202074, 0.10071884639063583, -0.5859555788598396, 0.5664933727493618, 0.6303910372694189, -0.2846043547944631, 0.35602304021636894, -0.08693584897222686, -0.555050396073027, 0.42364977698094475, 0.06317396879802198], [-0.5133876110939407, -0.20297401913263563, -0.5938140094805396, -0.21761842274674126, -0.5178653250081068, 0.08304783093805522, 0.5050183010789201, 0.6686702973494872, 0.2979259589165887, 0.14392248705424848, -0.029861363147876463, 0.036902369146370545]], "inverted": true, "swapped": true, "error_lsq": 0.047052703244299755, "error_max": 0.2779867992147989, "target": "59.xyz", "model": "15.xyz", "model_rescale": 3.769337070930944, "target_rescale": 4.0084557238217755},
{"mapping": [10, 3, 12, 0, 11, 7, 8, 5, 6, 1, 13], "R": [[-0.3520358415974734, -0.9033073791608, 0.24516636185334573], [0.8419432639087834, -0.42003972831717745, -0.3386711782745271], [0.40890378646985326, 0.08719177363076665, 0.9084026023860444]], "T": [-0.09639637800131583, -0.008653594964648036, 0.019914721987139478], "aligned_model": [[-0.2043513313604579, -0.39288858722161024, -0.029311659472968307, -0.5838503363573458, 0.30983347354739765, 0.37705460252959777, 0.584063266235143, 0.34342873012892755, 0.10490111068033521, -0.440373746051361, -0.14587939196648742], [-0.1395129353868026, -0.6838617746661864, 0.7029186334952152, 0.30193132796118477, 0.2977188906649885, -0.20205794323995432, 0.27054220627237796, -0.7145042421659735, 0.5998283078676903, 0.1549922077074959, 0.008069819115306208], [-0.6974424497542665, -0.04764480495902773, -0.1806952833312581, 0.01885059335620265, -0.6489005619784192, -0.22796037946225592, 0.028608882902936145, 0.27342184135957104, 0.5188513352316024, 0.6557733412889084, 0.051355092569783725]], "inverted": true, "swapped": true, "error_lsq": 0.0446840457989544, "error_max": 0.24625115725472166, "target": "59.xyz", "model": "16.xyz", "model_rescale": 3.7852294659196426, "target_rescale": 4.0084557238217755},
{"mapping": [12, 10, 7, 11, 0, 4, 2, 3, 8, 6, 1, 9, 13], "R": [[-0.10304659349699496, -0.8777261767514153, 0.4679510211699601], [0.4073877270904899, 0.3919445856337933, 0.8248725244596276], [-0.9074230762906076, 0.27563780661893494, 0.31718631776543105]], "T": [-0.026829684208776093, 0.07116682219510431, 0.046556982382923585], "aligned_model": [[0.06285335405106596, -0.3646905258365998, 0.3202131998015664, 0.1894728680077766, -0.44890502753183376, -0.7963180213361072, -0.031233885416819616, -0.4107250384189421, 0.6525556326807397, 0.3911618236034209, -0.13645475889423092, 0.48767255646120955, -0.061836326954962335], [-0.21109838805751255, -0.5652871112566278, -0.2845768501388154, -0.7151302634365425, 0.18269943094480223, 0.12551193408228584, 0.6631676372906556, 0.16270686828185194, -0.14966306354140352, 0.4243099715932649, 0.7603041054534867, 0.3681539741462859, 0.11395737834114253], [-0.6341507917307123, 0.20197960965347858, 0.3222575719147351, -0.15629955642686388, -0.33224160523292373, 0.1716456228341597, 0.5116889668341531, 0.6731531703091452, -0.12871698618444785, -0.5536776921318797, -0.20342043665060208, 0.20267500493585197, 0.0208618190190798]], "inverted": true, "swapped": true, "error_lsq": 0.04901062048631672, "error_max": 0.30052804415482615, "target": "59.xyz", "model": "17.xyz", "model_rescale": 3.901054581598922, "target_rescale": 4.0084557238217755},
{"mapping": [9, 12, 3, 2, 5, 0, 11, 1, 6, 7, 8, 4, 10, 14], "R": [[-0.39191469168443893, -0.3050220874530578, -0.8679656678738338], [0.5119375547903585, -0.8561881321074845, 0.06972676984892869], [-0.7644101088010021, -0.41701727614581624, 0.4917049694265497]], "T": [0.020086709216978207, -0.004258080509748272, 0.005658727936063097], "aligned_model": [[-0.5456992584709043, -0.3828499499867682, 0.20079878760034403, 0.5040253975750767, -0.057324827714453463, 0.6419272073122135, -0.678228223004723, 0.48922147785496894, -0.16222365728356863, 0.07381318349016065, 0.46379054960516797, 0.19905036698863093, -0.4948764002768443, -0.026995980409042032], [-0.3093832255010986, -0.12322551428590953, -0.40648643706116033, -0.6746562496512578, -0.4978901909257573, -0.012496179095353815, 0.3230921138114018, 0.5015266212134365, 0.7025386136239483, 0.3397076946225482, -0.11376216004838176, 0.46378432022135857, 0.239752450420289, -0.015933504081087357], [0.15048450601368207, -0.6070923654514963, -0.6180089587570101, -0.004721190660129514, 0.38038641641367055, -0.42879615713239666, -0.19910722294635796, -0.09323492096822139, -0.17020232147015052, -0.5586798542086061, 0.4868593209625484, 0.6176083093761201, 0.5953413584963971, -0.0198504324847966]], "inverted": false, "swapped": false, "error_lsq": 0.04599913414266498, "error_max": 0.2783643256610144, "target": "59.xyz", "model": "18.xyz", "model_rescale": 3.9405287249114394, "target_rescale": 4.0084557238217755},
{"mapping": [0, 4, 12, 3, 1, 14, 7, 11, 9, 13, 2, 5, 8, 15], "R": [[-0.826770235888147, 0.23712046442752202, -0.5101223994289353], [-0.30639859249707296, -0.9503216902594984, 0.05485059286956326], [-0.4717741828091811, 0.20164962279162896, 0.858351064578313]], "T": [0.01765104717814483, -0.01627555011528505, -0.08170373508564763], "aligned_model": [[-0.5247684930926279, -0.6079030399699069, 0.04392393196164484, 0.5731748276470674, 0.03338041549433426, 0.6524620813574675, -0.5042858763785131, 0.49121863325539805, -0.09374796629183899, 0.15806467432856414, 0.4384905572010373, 0.035191703480898305, -0.5162503443340267, 0.04547756862076059], [-0.3573902856445372, -0.21327819170420834, -0.403462215732769, -0.6609234904746825, -0.5887097401865552, -0.025599495682854582, 0.4242298731513195, 0.5267460121960512, 0.7416208405745756, 0.3629420102207781, -0.041365487914252194, 0.4662028900989422, 0.20035844545711348, -0.014802811095945018], [0.16748703017904498, -0.405025667338058, -0.4684016581503576, -0.1170726083765509, 0.2463071016092109, -0.525175241497748, -0.25247366464663257, -0.0903365898704244, -0.03487246632500597, -0.6181810417960008, 0.6782896101733634, 0.595178472439253, 0.40849129920138183, -0.05322808841822323]], "inverted": true, "swapped": false, "error_lsq": 0.03965636002155263, "error_max": 0.21804247290347134, "target": "59.xyz", "model": "19.xyz", "model_rescale": 4.410303926677745, "target_rescale": 4.0084557238217755},
{"mapping": [1, 8, 9, 12, 7, 11, 5, 6, 3, 10, 2, 0, 0, 13], "R": [[-0.10013757415125575, -0.9924944753016058, -0.0701938938860963], [0.9558925372778764, -0.11554283085161603, 0.2700357595120674], [-0.27611940065769736, -0.0400570934365643, 0.9602882410223761]], "T": [0.08189691921895992, 0.035399713164942746, -0.0017869807808219007], "aligned_model": [[-0.49797910676869395, -0.38936181656435553, 0.159334467440646, 0.42682421319358266, -0.08946309327035362, 0.7575455582805966, -0.6007652380854458, 0.4765602793974717, -0.11263448231461679, -0.07258479154412667, 0.27030375673407037, -0.07128012381179175, -0.07128012381179175, 0.039209174405067555], [-0.20323113770583995, -0.4073600916023552, -0.288398477297844, -0.6128841285262129, -0.6161791712393919, 0.0690070982026803, 0.2506711542207816, 0.4599670921427166, 0.7316925617721316, 0.29607131147705307, -0.13567889015700182, 0.4321143091025301, 0.4321143091025301, 0.00866241377119813], [0.41042534638789235, -0.41764337502962573, -0.6042941465199967, -0.179066871806484, 0.22828663456821813, -0.4808514698621604, -0.43387644908411016, 0.020330795307392763, 0.05562816093524392, -0.7655406923137689, 0.6096406133111194, 0.5746795797247946, 0.5746795797247946, -0.06141121816005772]], "inverted": true, "swapped": false, "error_lsq": 0.05579197831618725, "error_max": 0.45767312072692984, "target": "59.xyz", "model": "20.xyz", "model_rescale": 4.121658175737393, "target_rescale": 4.0084557238217755},
{"mapping": [5, 3, 2, 9, 1, 7, 4, 8, 10, 12, 0, 6, 13], "R": [[0.4547006726878681, -0.25676748810713246, 0.8528292650398167], [0.5177003586460793, 0.8553621621547263, -0.018490814252289794], [-0.7247300441646677, 0.44991780205404797, 0.5218623712052186]], "T": [0.0018952416420901508, -0.04019951719574414, -0.023342123648899288], "aligned_model": [[0.22083954686681, -0.2810882300672589, 0.36687823757667, 0.4998858867186279, 0.5348826319124298, -0.13669619742365438, -0.42636022273128754, 0.25758783326232565, -0.7279125063362857, -0.02384486023518967, -0.0733619221127329, 0.649405172102705, 0.0208675351311359], [-0.45235092532884286, 0.17011934577433901, 0.1661070046743943, -0.3381487132986152, 0.47473014347782855, -0.5772653981207194, 0.5840678627521972, -0.6675835551930154, -0.14077371393147997, -0.09966795070641944, 0.452927397969054, -0.048468806378780996, 0.01713421247324321], [0.710232500675298, 0.627860100213766, 0.6020035061703881, 0.17794959253001688, -0.03706978093666258, 0.10057636318818997, 0.17056598783236218, -0.3098063949875578, -0.04874355512465997, -0.7628559656967304, -0.3152970740764962, -0.5136187372775268, -0.031686803028598276]], "inverted": true, "swapped": true, "error_lsq": 0.0533294861085328, "error_max": 0.36510581210577525, "target": "59.xyz", "model": "21.xyz", "model_rescale": 4.08911054899281, "target_rescale": 4.0084557238217755},
{"mapping": [8, 1, 2, 4, 0, 3, 11, 12, 9, 14, 7, 10, 5, 16], "R": [[-0.9186193376088625, 0.3855374154519767, 0.0865991562179711], [-0.3895393977376647, -0.8467952392507725, -0.3622110992120541], [-0.06631417782972299, -0.3664679031904935, 0.9280644943913817]], "T": [-0.010960464918559242, 0.016772317246244475, -0.03941199281728196], "aligned_model": [[-0.6416729572769136, -0.5321699682678286, 0.024447463931875118, 0.39911396825627904, 0.11031436404965433, 0.7083061162309772, -0.7253835472852747, 0.5548515566542473, -0.020315244620185278, 0.3106431702607702, 0.38444460437001216, 0.05517212833136277, -0.42409922538948913, 0.020776244034772007], [-0.14168579206959048, -0.5187813457932733, -0.3687138338683634, -0.49903485866640546, -0.6953904933120744, 0.0006371349531489011, 0.17278403484404006, 0.4677307994718631, 0.7275893244119817, 0.40729059856117517, -0.07384631428881797, 0.4621903663094979, 0.492756027120379, -0.01695729441058488], [0.20111824984512577, -0.3068466743554139, -0.6488383913648185, -0.26760950025570807, 0.24022338637440904, -0.5259035800295413, -0.2655823569507696, 0.10708957572908258, 0.007484510071492964, -0.43424000568533694, 0.5447449063194536, 0.6301883737400118, 0.2775815820058789, -0.02842358826061353]], "inverted": true, "swapped": false, "error_lsq": 0.04898627015255412, "error_max": 0.2821435752058779, "target": "59.xyz", "model": "22.xyz", "model_rescale": 4.204369325754507, "target_rescale": 4.0084557238217755},
{"mapping": [0, 4, 12, 3, 1, 14, 7, 11, 9, 13, 2, 5, 8, 15], "R": [[-0.826770235888147, 0.23712046442752202, -0.5101223994289353], [-0.30639859249707296, -0.9503216902594984, 0.05485059286956326], [-0.4717741828091811, 0.20164962279162896, 0.858351064578313]], "T": [0.01765104717814483, -0.01627555011528505, -0.08170373508564763], "aligned_model": [[-0.5247684930926279, -0.6079030399699069, 0.04392393196164484, 0.5731748276470674, 0.03338041549433426, 0.6524620813574675, -0.5042858763785131, 0.49121863325539805, -0.09374796629183899, 0.15806467432856414, 0.4384905572010373, 0.035191703480898305, -0.5162503443340267, 0.04547756862076059], [-0.3573902856445372, -0.21327819170420834, -0.403462215732769, -0.6609234904746825, -0.5887097401865552, -0.025599495682854582, 0.4242298731513195, 0.5267460121960512, 0.7416208405745756, 0.3629420102207781, -0.041365487914252194, 0.4662028900989422, 0.20035844545711348, -0.014802811095945018], [0.16748703017904498, -0.405025667338058, -0.4684016581503576, -0.1170726083765509, 0.2463071016092109, -0.525175241497748, -0.25247366464663257, -0.0903365898704244, -0.03487246632500597, -0.6181810417960008, 0.6782896101733634, 0.595178472439253, 0.40849129920138183, -0.05322808841822323]], "inverted": true, "swapped": false, "error_lsq": 0.03965636002155263, "error_max": 0.21804247290347134, "target": "59.xyz", "model": "23.xyz", "model_rescale": 4.410303926677745, "target_rescale": 4.0084557238217755},
{"mapping": [5, 4, 3, 0, 12, 1, 8, 11, 9, 10, 13, 14, 15, 16], "R": [[-0.6248678034064032, -0.4924035546011444, 0.605870421527751], [-0.7349699158033994, 0.10922600168932611, -0.6692450249489401], [0.2633618254986867, -0.8634862013785289, -0.4301536108169709]], "T": [0.07249869361584259, 0.038794082484132186, 0.04571699574868023], "aligned_model": [[-0.40105278895527274, -0.4192595069088097, 0.07422570983880737, 0.27819344589388717, 0.11822570874967338, 0.702570583465023, -0.55613793730929, 0.4804148606609317, -0.14905156306826245, 0.014084501683525513, 0.3765372098109471, 0.09391024259422552, -0.4840202130570074, 0.0957884198818808], [-0.3511942191850323, -0.1524291086880673, -0.36432369903366785, -0.668141739867822, -0.6590409659323725, -0.02635556888346019, 0.3725661600327718, 0.521554764078276, 0.6234406917165525, 0.3932607382147791, -0.06070071578375401, 0.48524388340671704, 0.31888500265602787, -0.01619686946797224], [0.1844979430859566, -0.3964277049611969, -0.7584869934687285, -0.12256022507163075, 0.4420894469510595, -0.5331614769197206, -0.365523631819192, 0.010107845509401282, 0.006680990514731054, -0.4971689208412055, 0.6716946228382182, 0.5540221313131031, 0.39378304377357126, -0.05856058372111383]], "inverted": true, "swapped": false, "error_lsq": 0.040641466929753074, "error_max": 0.24781264559714378, "target": "59.xyz", "model": "24.xyz", "model_rescale": 4.28219845311461, "target_rescale": 4.0084557238217755},
{"mapping": [8, 1, 3, 9, 5, 7, 0, 13, 2, 4, 11, 14, 6, 15], "R": [[0.7601288666519346, -0.2481445445491252, 0.6005234309275143], [0.42187858145036977, 0.8913875020799216, -0.16567070848264648], [-0.49418879853338393, 0.3792790610437459, 0.7822562401527426]], "T": [0.10414861665397745, 0.03842409143488112, 0.014575400058226669], "aligned_model": [[-0.44082695734722077, -0.34672244180484263, 0.06826136698786656, 0.5951873966532968, -0.09222915407003046, 0.6544865186945059, -0.5476073888969815, 0.5534055404073688, -0.022668010496829705, -0.011982035641106559, 0.28532775891193396, 0.12891570805693436, -0.6477554279785149, 0.048635799803879456], [-0.2745696330784394, -0.3227117425092413, -0.4156367206667948, -0.42124156769347626, -0.767163055017326, 0.042799716640818344, 0.41329332877230696, 0.42093460658745574, 0.7112250989317003, 0.27369847577015705, -0.1731914901877046, 0.4704681367181198, 0.3836040143954185, 0.0750591845999817], [0.30950354229997384, -0.2614202465240659, -0.6119916187711987, -0.05222341904617505, 0.20885818764014563, -0.5355655393672191, -0.3020337219867983, -0.05449253167826142, 0.02060630192095287, -0.6679260348845046, 0.48241087891142403, 0.6413681560895655, 0.37191034574823045, -0.018017813168816545]], "inverted": false, "swapped": false, "error_lsq": 0.03906124293541846, "error_max": 0.24780783809861193, "target": "59.xyz", "model": "25.xyz", "model_rescale": 4.100010024507729, "target_rescale": 4.0084557238217755},
{"mapping": [1, 6, 12, 8, 4, 10, 0, 7, 9, 3, 2, 13], "R": [[-0.40328763513005716, -0.8432684901587392, -0.3553270843273939], [-0.6458200293898887, 0.5373848919841293, -0.5423411910467888], [0.6482866441552299, 0.01075785167246307, -0.7613203633407846]], "T": [0.039304608688113224, 0.09978406023261487, -0.035790604722508654], "aligned_model": [[-0.576342499017875, 0.005817604418884251, 0.30273217919584683, 0.6277720255358812, -0.47448549779413784, 0.33607329442727196, -0.31621832766337765, 0.5389199320917438, 0.12520042351004473, -0.25604529285975564, -0.4201685564480335, -0.016489683033486288], [-0.31295848934207654, -0.6895625278088735, -0.20087101728676282, -0.3360223892595461, 0.6499652148750947, 0.727897028358169, 0.10921339199071971, 0.20390569832646427, -0.29991586980501156, 0.6592139470591382, 0.0682482546750413, 0.08701814826828258], [-0.029562543464522403, 0.1526748657281577, 0.589742935119618, -0.10528916000515363, 0.17405048679242602, 0.21074985284274395, 0.4198298707460116, -0.285883291374811, -0.49421032066886694, -0.4207381896302637, -0.6313760549386999, -0.014796161292282797]], "inverted": true, "swapped": true, "error_lsq": 0.04336084389769402, "error_max": 0.288019630663893, "target": "59.xyz", "model": "26.xyz", "model_rescale": 3.6694154284099745, "target_rescale": 4.0084557238217755},
{"mapping": [10, 8, 5, 0, 4, 1, 9, 6, 3, 7, 2, 12, 11, 13], "R": [[-0.16608493003300445, -0.7368938654962591, -0.655288659302077], [0.9596773798044034, -0.27361440294241224, 0.06445529609134182], [-0.2267931275583263, -0.6181606502329704, 0.7526236030021012]], "T": [-0.033753650860458534, -0.004195225606727856, -0.07203598259616228], "aligned_model": [[-0.4842829562082912, -0.49708976960826323, 0.31963140510852495, 0.4583041824650842, -0.14339559897133614, 0.775000118014459, -0.5892670338189581, 0.5117951775118171, 0.006767291716453613, -0.07381926582252027, 0.251992676329033, 0.012897822532146275, -0.3151770806384745, -0.008928295329416427], [-0.2520022375209756, -0.3250081952088675, -0.3612785153920404, -0.44283516966094205, -0.7951762707073785, 0.08904471239868067, 0.39108211737902465, 0.372161779279119, 0.7585331598045952, 0.25529124144419063, -0.13044506268606595, 0.6304625943263928, 0.2433697608780674, -0.01663156107082447], [0.24022312417507036, -0.37329313525618835, -0.6832552771992101, -0.022970401215423708, 0.12253585399603406, -0.41389897999002095, -0.07695928905425037, 0.10663218059858123, -0.3355406004571353, -0.6440412663423775, 0.531735216897851, 0.402058844401019, 0.6997722188917161, -0.022012002262412754]], "inverted": false, "swapped": false, "error_lsq": 0.052573221283900164, "error_max": 0.36807787779497675, "target": "59.xyz", "model": "27.xyz", "model_rescale": 4.103607728864725, "target_rescale": 4.0084557238217755},
