[{"mapping": [2, 4, 0, 1, 5, 6, 10, 3, 8, 11], "R": [[0.838072883099394, 0.545541204032156, -0.004317095854341937], [-0.4830457855306214, 0.7383414799115731, -0.47065765490757017], [-0.2535756528032118, 0.39653077275935844, 0.8823053522223989]], "T": [0.028522193001255226, 0.0076569019554234, 0.1607064363985814], "aligned_model": [[0.23319512480976376, 0.15991967040213315, -0.3470971655222968, -0.16442669787515296, -0.7906736044858513, 0.24210627879995336, -0.3468848062667404, 0.2935842657126194, 0.6307256080967709, -0.02943127863332759], [-0.1720436804415995, 0.6902091920295491, 0.1187165972560695, -0.5786653342214546, -0.10750615320050173, -0.624739782323431, 0.23134049882955346, 0.5857530153014805, -0.1642675676039593, 0.009365267413540126], [-0.597295501103892, -0.2506395748751258, -0.31821655906476487, -0.18696800958942056, 0.09481221330940819, 0.4428602232978578, 0.681087622986755, 0.42448569284431387, 0.05632006609463244, 0.12235630600684134]], "inverted": false, "swapped": false, "error_lsq": 0.05250291016409899, "error_max": 0.2582627328362439, "target": "590.xyz", "model": "0.xyz", "model_rescale": 3.751011558992144, "target_rescale": 3.5055149459264467},
{"mapping": [8, 10, 5, 2, 13, 0, 12, 6, 1, 14], "R": [[-0.1168718150802941, 0.9469408979951897, 0.2994059360532144], [-0.32586170739514364, 0.2482195106006021, -0.9122506356318529], [-0.9381658310199534, -0.20418131712098825, 0.2795619130807684]], "T": [0.01312011802200125, 0.0802332315338434, 0.06895424568078122], "aligned_model": [[0.2194053501681451, 0.05484654142926143, -0.38592501979370747, -0.3147933674937066, -0.6877622307801687, 0.25006007521113893, -0.3876272423101298, 0.49416513861112826, 0.6631660232205807, -0.02451787322467018], [-0.19687579861952834, 0.8015047540194965, 0.04043212043449271, -0.6282130510698682, -0.11019084994916484, -0.5797550072838439, 0.18188416051488224, 0.4938614712102174, -0.12154697751226043, 0.1070612312948236], [-0.4976807696030805, -0.31896332877251293, -0.4098618949583158, -0.20365300416784238, 0.06676321179591868, 0.3584011316702877, 0.6862416551598116, 0.4704926781860289, 0.21865600855519174, 0.09840679204111857]], "inverted": true, "swapped": false, "error_lsq": 0.05383734339238161, "error_max": 0.2569967732039007, "target": "590.xyz", "model": "1.xyz", "model_rescale": 3.9405287249114394, "target_rescale": 3.5055149459264467},
{"mapping": [4, 8, 2, 1, 0, 6, 11, 10, 3, 12], "R": [[-0.7977957091834413, 0.5447486123887961, -0.2584007656895994], [0.5433834030685063, 0.8353360345516578, 0.08335578353780128], [0.26125941835306016, -0.07390980097384066, -0.962434858908294]], "T": [-0.02118517450234523, -0.02500187301995247, 0.05627398725062393], "aligned_model": [[0.3851191871768126, 0.3402400298186258, -0.5734520293501432, -0.26592240240452036, -0.6914394933703115, -0.030527597609719632, -0.222340694785777, 0.46776974432811835, 0.5365470508316414, -0.06497639959685508], [-0.08436544413136304, 0.581609423593579, 0.08442168237117226, -0.5783813309244719, -0.4596506021228958, -0.3488211473257749, 0.2620471201609156, 0.5793592745112728, -0.040438149040515764, -0.00761877405267181], [-0.5121347160502693, -0.26323239236042034, -0.3273891906589814, -0.4547066358715498, 0.31077274678377675, 0.492633346160178, 0.6765591000903037, 0.38362366270273984, 0.18075757964539402, -0.018081020534565985]], "inverted": true, "swapped": false, "error_lsq": 0.05734694295156255, "error_max": 0.2655214201059789, "target": "590.xyz", "model": "2.xyz", "model_rescale": 3.932901565614263, "target_rescale": 3.5055149459264467},
{"mapping": [9, 11, 3, 7, 0, 6, 1, 10, 12, 13], "R": [[-0.4266780325688929, 0.4552054538635311, -0.7814946265304936], [-0.6344075303418089, -0.7664908614204399, -0.10009417967374169], [-0.6445719059722863, 0.45307808833781527, 0.6158305805165941]], "T": [-0.11209786600627618, -0.0651768565006958, 0.008213635437025336], "aligned_model": [[0.37411018829057213, 0.10598075985088616, -0.5122388820103412, -0.2291997300356482, -0.727386386590877, 0.2627487322839122, -0.3952211073971852, 0.36395281412216046, 0.642051879028313, -0.0037808725039206598], [-0.28157034421713967, 0.7725477951361386, 0.15212256903553578, -0.5815237129630727, -0.2041512044196275, -0.2892643138880255, 0.301873269814778, 0.3335062011524702, -0.12756728353921887, -0.08781092307259189], [-0.49831230249669145, -0.21171321456457098, -0.22277035763192596, -0.4707598759489494, 0.23417048131766663, 0.5335393438063326, 0.5860406474988131, 0.3653872763888846, 0.11066072830817561, 0.04255975322887088]], "inverted": true, "swapped": false, "error_lsq": 0.04637721901381402, "error_max": 0.23340156762358727, "target": "590.xyz", "model": "3.xyz", "model_rescale": 3.9243930471874484, "target_rescale": 3.5055149459264467},
{"mapping": [3, 10, 4, 0, 1, 5, 9, 11, 6, 12], "R": [[-0.21509865564757333, -0.6608760025526049, 0.7190100677936966], [0.21616164869924043, 0.6857632596706102, 0.6949840957299421], [-0.9523689988498327, 0.304912546373593, -0.004650708950111576]], "T": [-0.12317194984390342, 0.11811220578865567, 0.004889139536704078], "aligned_model": [[0.20764407695934886, 0.2190977471892677, -0.36297941729319283, -0.1765412621265405, -0.585646247079055, 0.13111713903189778, -0.35460212758008347, 0.3424115667013986, 0.5678468964943784, -0.10733097725954792], [-0.1295056418212531, 0.6929323759596523, 0.24142295492303084, -0.7125411679627569, -0.3317873444931647, -0.508014293939819, 0.41500901608535595, 0.40507702507014154, -0.09031724532381114, 0.0058863745418707425], [-0.5263354159196676, -0.2177337388390823, -0.5239341836474701, -0.1697219785012557, 0.3112683474401668, 0.3468332364171244, 0.6015295242287896, 0.5767433718403328, 0.02869318648205272, 0.041460130405615025]], "inverted": false, "swapped": false, "error_lsq": 0.047672603507150635, "error_max": 0.2371779292107553, "target": "590.xyz", "model": "4.xyz", "model_rescale": 3.8936222436046832, "target_rescale": 3.5055149459264467},
{"mapping": [9, 1, 3, 8, 10, 7, 4, 5, 6, 11], "R": [[0.25093419284834023, 0.5764717653834972, -0.7776325189800043], [0.7623502924525316, 0.37736825642904154, 0.5257520619429327], [0.5965350471322638, -0.7247575475670053, -0.3447788200971292]], "T": [-0.09813634430473933, -0.006701871534521869, -0.0420289733552915], "aligned_model": [[0.22101548303135482, 0.23063521358277805, -0.5018919260668149, -0.23167722569823002, -0.6069528953359176, 0.09477150057321168, -0.33331052620874524, 0.35784137518422937, 0.6848635069942559, -0.03427711101825068], [-0.11348548263769896, 0.7106760306828765, -0.06436913326425081, -0.6758281686214894, -0.20900589882851442, -0.4319086755729932, 0.4064809680463972, 0.32012651322545627, -0.05645424565552429, 0.10193014566498766], [-0.5604644228849849, -0.18481193905998677, -0.44692148926754166, -0.3254009159928029, 0.2736388859880895, 0.40711829043687375, 0.5940509305471044, 0.5431533771062433, 0.09597306374123406, 0.07246669929237663]], "inverted": true, "swapped": false, "error_lsq": 0.04155565324984835, "error_max": 0.24863021164186788, "target": "590.xyz", "model": "5.xyz", "model_rescale": 3.6523030999806103, "target_rescale": 3.5055149459264467},
{"mapping": [7, 5, 9, 11, 10, 4, 6, 1, 3, 12], "R": [[-0.45441744284702595, 0.5393790853100666, -0.7089252358087177], [0.8899121488922179, 0.3101821724148421, -0.33442994359064837], [0.03951145264863115, -0.7828519797803959, -0.620952190481288]], "T": [-0.02022228647905098, 0.10578912566467169, 0.1076182186458049], "aligned_model": [[0.25386824498440025, 0.266656290277516, -0.5774376310883712, -0.10313830673086535, -0.6566073861349869, 0.024480427166726965, -0.39528613632768966, 0.3915872738610083, 0.609056581352796, 0.06783803767733707], [-0.08727726238037231, 0.6156271144615764, 0.025805577012482844, -0.6427942210554562, -0.2628669199707753, -0.42492433876054614, 0.37994780934907557, 0.45167261727607444, -0.1813813035592709, 0.11435298066645812], [-0.4877117823339099, -0.24119324527761343, -0.34600780227623307, -0.3477024482911044, 0.367963694157351, 0.3208703886169545, 0.5623583496758937, 0.5471092449895452, 0.042950189237253605, 0.05016589140846819]], "inverted": true, "swapped": false, "error_lsq": 0.04405361233937297, "error_max": 0.18917218576504707, "target": "590.xyz", "model": "6.xyz", "model_rescale": 4.08911054899281, "target_rescale": 3.5055149459264467},
{"mapping": [13, 12, 11, 1, 9, 6, 8, 5, 7, 14], "R": [[-0.5847932582002338, -0.6439047772739325, 0.49335938520247336], [0.401701332999725, -0.7582621181374349, -0.5134925503490533], [0.7047360386909407, -0.10210385889641205, 0.7020839819912308]], "T": [-0.006328882725268062, -0.0245510860531467, 0.15285801170566948], "aligned_model": [[0.257434551626632, 0.21032609975990607, -0.3584111902552524, -0.29190730952950505, -0.7474439025722068, 0.2307559171444593, -0.4957296327546375, 0.4748389837179408, 0.7615142769938308, -0.16036039909329552], [-0.06103297442729595, 0.4933835018627658, 0.21366144518135596, -0.5527183924296208, -0.27863727869413657, -0.37161672746407715, 0.22674510344977405, 0.499357427774314, -0.11288310669301814, -0.06809694552081459], [-0.5290455334318892, -0.2862391292733171, -0.25189364257676744, -0.2683667708919739, 0.18017178065592873, 0.422077633346118, 0.5559536632537687, 0.4258022972749409, 0.1092311766185507, 0.11111100493124629]], "inverted": true, "swapped": false, "error_lsq": 0.04725695438215165, "error_max": 0.2244942116224841, "target": "590.xyz", "model": "7.xyz", "model_rescale": 3.964800864290218, "target_rescale": 3.5055149459264467},
{"mapping": [10, 3, 6, 11, 4, 12, 2, 1, 8, 13], "R": [[0.10236079272438103, -0.8848039448902314, 0.4545813977930913], [-0.4334502980910606, -0.45098990528255434, -0.7802108333123832], [0.8953452446948089, -0.117175442990061, -0.429682217880233]], "T": [0.026603059232695382, 0.0891222877486571, 0.07839007402838323], "aligned_model": [[0.4104809490807413, -0.06102901158910191, -0.4502148295131517, -0.3365266924347249, -0.6118393160603685, 0.026189672735246645, -0.3469715266210334, 0.40551747843053404, 0.7480330781774978, 0.09737759283223246], [-0.1442430068748401, 0.6293126867185874, 0.13048723441903515, -0.553313721439622, -0.17726647313908422, -0.5789404308906814, 0.26215656818906824, 0.5209497130130092, -0.16162381920483926, 0.06064330224861375], [-0.6095869735235911, -0.39750660459692305, -0.2493895246922332, -0.29916267996220164, 0.20692705904315056, 0.4310470892207498, 0.5971481046657664, 0.5611620998189418, 0.16626896239327166, 0.06189494753967435]], "inverted": false, "swapped": false, "error_lsq": 0.0418046332931987, "error_max": 0.22681879469621996, "target": "590.xyz", "model": "8.xyz", "model_rescale": 4.121658175737393, "target_rescale": 3.5055149459264467},
{"mapping": [9, 7, 5, 4, 0, 1, 3, 8, 6, 12], "R": [[-0.6662271069363354, 0.7429299281627638, -0.06478089088081065], [-0.5671126785248372, -0.5611343173160813, -0.6029191386799728], [-0.4842774533669989, -0.36494300893466364, 0.7951678743448382]], "T": [-0.05636145572308014, 0.15202193903880645, 0.11317240711451748], "aligned_model": [[0.35411382134778213, 0.1852532584774199, -0.4581264772947798, -0.15851756359283567, -0.6430638863429354, 0.0021427226651990414, -0.47396236213265075, 0.5374571261276916, 0.5840709681716607, -0.048350212388680654], [-0.0839122113771531, 0.6199079465752867, 0.11981489750347249, -0.6372814145836825, -0.3543652916565191, -0.48700613891469424, 0.4268583159507203, 0.4249428627659493, -0.10955835148268878, 0.06876143825855568], [-0.5716888493572188, -0.30862840386927926, -0.35508551347285455, -0.28013696641212493, 0.2479925599691673, 0.3644732077732058, 0.7237118737846577, 0.4348041825471712, 0.07312103848658953, 0.14023935045729122]], "inverted": true, "swapped": false, "error_lsq": 0.038364074909531996, "error_max": 0.15056944325007748, "target": "590.xyz", "model": "9.xyz", "model_rescale": 3.833441315466971, "target_rescale": 3.5055149459264467},
{"mapping": [4, 12, 7, 3, 9, 2, 8, 0, 5, 14], "R": [[-0.3596971008660839, -0.8655734710187919, -0.3484258341412342], [0.927448169423617, -0.2907409637525154, -0.23517989928784316], [0.10226381892593184, -0.4077404300099993, 0.9073532129628159]], "T": [0.060274463204914745, 0.2132586172617706, 0.020867490067924724], "aligned_model": [[0.356795203572511, 0.1372919295174684, -0.5270670685989941, -0.23724210440363652, -0.5163839179665218, 0.03602841975178469, -0.5138248898845617, 0.5460441624761354, 0.5965584433220165, 0.0028172172516691407], [-0.27660679093056695, 0.7642202070095514, 0.11343317254832049, -0.5426656838687813, -0.30122987913806337, -0.4156009741687367, 0.2229842934968527, 0.4653635813793531, -0.17939783256370473, 0.13766195927502226], [-0.5341279265605784, -0.21049735993346447, -0.27742562481710903, -0.2863526145905187, 0.26719415332160235, 0.36813971551988756, 0.5480057132890787, 0.4261992653346642, 0.14598985636278206, 0.021677301980261347]], "inverted": false, "swapped": false, "error_lsq": 0.046858326654093244, "error_max": 0.21410428425428177, "target": "590.xyz", "model": "10.xyz", "model_rescale": 4.2482417240324, "target_rescale": 3.5055149459264467},
{"mapping": [5, 2, 6, 4, 0, 10, 1, 3, 7, 11], "R": [[0.8111588922788905, 0.40148964195582726, -0.4252379555955291], [0.5840784299254526, -0.5929071668728648, 0.5543586196376956], [-0.02955738778548922, -0.6980452412795138, -0.7154433604096998]], "T": [0.016657975708608073, -0.0015745048854466867, 0.12174545498126275], "aligned_model": [[0.2758477005221971, 0.051803268449863486, -0.36397515826056037, -0.2253243948758047, -0.6609955667003128, -0.051221015381614755, -0.3897599969927594, 0.5071231712572659, 0.6904932001565003, 0.04702618686309698], [-0.19249072022925848, 0.6914333499314705, 0.09245643893686661, -0.6302664437686912, -0.23333256410535155, -0.5426067405154514, 0.40431387460730933, 0.5218128155195529, -0.010842357840007583, -0.11231559949719233], [-0.5568986753192808, -0.13566901225953465, -0.39474146360590767, -0.43685150038263865, 0.3685517644247536, 0.4647890748202926, 0.5331158581658584, 0.5006665961787904, 0.055289124280393384, 0.07055071360387927]], "inverted": false, "swapped": false, "error_lsq": 0.03957036619794431, "error_max": 0.20003954161154344, "target": "590.xyz", "model": "11.xyz", "model_rescale": 3.6694154284099745, "target_rescale": 3.5055149459264467},
{"mapping": [7, 11, 6, 5, 0, 12, 4, 8, 10, 13], "R": [[-0.31118901607516014, 0.7104651502495755, 0.6311898815372614], [0.9390678260476297, 0.12785118189224082, 0.31907004461549804], [0.14598977483492614, 0.6920212031214114, -0.7069608476245642]], "T": [0.04209091816246107, 0.014393302981871945, 0.1319407110880439], "aligned_model": [[0.35454175805551896, -0.0019889633574948842, -0.3571806229201802, -0.26008114673864824, -0.6068073845749763, 0.17338142954030697, -0.47263632352073476, 0.4777488343767757, 0.6339395579029188, -0.059899743725614844], [-0.19325436207030522, 0.6964963867441293, 0.11663200791454466, -0.54794078586686, -0.24768005647068128, -0.6248808588972766, 0.44958782524599933, 0.5648608993058551, -0.21291069221489164, -0.01274831065126696], [-0.5094813327474059, -0.14702343727923256, -0.2553373765296945, -0.354930122078976, 0.27680758582200227, 0.3213076771680461, 0.4374570677873198, 0.41440390647496034, 0.0922309048255873, 0.1933676064639986]], "inverted": false, "swapped": false, "error_lsq": 0.04590760239963533, "error_max": 0.2251721147953175, "target": "590.xyz", "model": "12.xyz", "model_rescale": 3.9764082729961374, "target_rescale": 3.5055149459264467},
{"mapping": [0, 7, 4, 5, 6, 12, 14, 8, 1, 15], "R": [[0.6247003486736039, 0.7515780136051011, 0.2118489174682951], [0.7798263801260035, -0.6144566529705259, -0.11964045503019877], [0.040252841224590594, 0.23994480841574678, -0.9699516470874612]], "T": [0.054003147827751556, -0.02507154241871099, 0.16483786578333792], "aligned_model": [[0.23771025673337362, 0.10073096162230913, -0.3832751050004868, -0.2856861573934652, -0.6935795489976294, 0.2694646912870709, -0.49687684983326547, 0.476342148810922, 0.6699083745885249, -0.013721376779482507], [-0.012428012152942265, 0.5268654054641745, 0.12379299387310652, -0.5888332690926038, -0.16556133873753504, -0.5587418627330659, 0.29102271874542185, 0.4867066438901989, -0.16813107314427903, 0.053469846926770905], [-0.5374439670887775, -0.34918141002516356, -0.3851537716233898, -0.35439984210267117, 0.23584162791477556, 0.44049317128999743, 0.6500426532815327, 0.40848862592056645, 0.22414469994548286, 0.13597069239425325]], "inverted": true, "swapped": false, "error_lsq": 0.04301865303425938, "error_max": 0.19787760296771012, "target": "590.xyz", "model": "13.xyz", "model_rescale": 4.170626492500431, "target_rescale": 3.5055149459264467},
{"mapping": [2, 6, 3, 1, 9, 10, 11, 5, 4, 13], "R": [[0.49864235812275925, 0.7117847660870068, -0.49469004988198284], [-0.817587605718013, 0.575787775505296, 0.004352534313431522], [0.2879345510043224, 0.40228209548167504, 0.8690585768478507]], "T": [0.10487534600156863, -0.1895035230730852, 0.017113970948733088], "aligned_model": [[0.3528243489549264, 0.12207564654889444, -0.3715412737866923, -0.45570153361880056, -0.6315606946117939, -0.027677304130021188, -0.30978488072657234, 0.3101513112539393, 0.8097157912635318, 0.08251598389045993], [-0.03363890539767264, 0.6436341365614986, 0.14359650800741675, -0.6309105624243221, -0.32078473220395687, -0.4271735771046219, 0.27215404675446647, 0.552209121655338, -0.11136472201146778, -0.09955926079743228], [-0.5720886089231455, -0.09723224363564753, -0.3537568665588548, -0.26876687405773403, 0.32813429291938595, 0.5113518138286242, 0.3556236986107774, 0.5018241514647832, 0.004567852641026899, 0.05914526361738985]], "inverted": false, "swapped": false, "error_lsq": 0.05066731699953444, "error_max": 0.28622695766615713, "target": "590.xyz", "model": "14.xyz", "model_rescale": 3.9786697098870705, "target_rescale": 3.5055149459264467},
{"mapping": [1, 0, 4, 10, 5, 7, 8, 9, 6, 11], "R": [[-0.5812139804763039, -0.7271175036163019, 0.3653634421144073], [0.47892666276258933, -0.6686425983248192, -0.5688113284741467], [0.6578902344570708, -0.15561880233516764, 0.7368603855316069]], "T": [-0.03235844134258152, 0.09738470279575175, 0.08036473169161917], "aligned_model": [[0.3192918528016914, 0.06374943312074645, -0.4945429278245423, -0.1435873644577665, -0.7460678996068891, 0.015797567605123672, -0.30579760276351614, 0.3957552673608516, 0.7096359552205238, 0.06678311358164866], [-0.0760272264866828, 0.6779327841691984, 0.04801716697289947, -0.5970308849117821, -0.13552988975461133, -0.4832290319101856, 0.221535886822688, 0.40829574130858093, -0.17163254850263454, 0.09583005533177609], [-0.4736591530851404, -0.29048940103241355, -0.3182115808927254, -0.3643105506305755, 0.3650209971963757, 0.3925260605966395, 0.5070327929853142, 0.40818670563523785, 0.14692090929167417, 0.09578569984221891]], "inverted": false, "swapped": false, "error_lsq": 0.04297060460709411, "error_max": 0.21139571875529062, "target": "590.xyz", "model": "15.xyz", "model_rescale": 3.769337070930944, "target_rescale": 3.5055149459264467},
{"mapping": [2, 8, 6, 4, 5, 0, 7, 9, 3, 10], "R": [[0.8880402812142343, -0.4452878211979687, -0.11446927637453526], [-0.17500654836100085, -0.0971510289415453, -0.9797624128360751], [0.42515546212146044, 0.8901013615697737, -0.1642023116765491]], "T": [-0.04164210598514681, -0.004255230466377462, 0.17732694886309375], "aligned_model": [[0.3834791734545493, 0.11415560605606567, -0.4133966943531029, -0.38303814067594344, -0.6361957769748635, 0.13591250903801502, -0.49122536456120036, 0.5219318106361165, 0.6507040415892039, -0.0013097691709688802], [-0.14082647277236973, 0.5952166534629799, 0.11112953504173756, -0.5309781154407536, -0.26973226986553667, -0.6251945339387295, 0.3529898937145991, 0.5361535465243424, -0.010118526054001459, -0.030477657633021196], [-0.41186406580706436, -0.24440074177097204, -0.4391078095789164, -0.28532224272720197, 0.3388162530998599, 0.19679113929319586, 0.6032228479279641, 0.4034297510745026, 0.16921076623195358, 0.13802658216328434]], "inverted": true, "swapped": false, "error_lsq": 0.05173193852721962, "error_max": 0.30033022586962443, "target": "590.xyz", "model": "16.xyz", "model_rescale": 3.7852294659196426, "target_rescale": 3.5055149459264467},
{"mapping": [10, 7, 11, 9, 8, 0, 2, 1, 4, 12], "R": [[0.9650083584753171, -0.07626218546340321, 0.25088433020242584], [0.2595336062542017, 0.14120146524974359, -0.9553556685528247], [0.037432276145906024, 0.9870391204403558, 0.15605319420910838]], "T": [0.041421951628334855, 0.05183729358431872, 0.12450900919834934], "aligned_model": [[0.2992216451043631, -0.00862010920686751, -0.5296536269102194, -0.31017738283942575, -0.5232893058322565, 0.20206772555332259, -0.31663788358982253, 0.33740765523205907, 0.7142417807450061, 0.01645689678171232], [-0.25891402626695015, 0.7002475855089333, 0.23427137848711202, -0.6314615413931803, -0.26452558310946733, -0.5747293922746132, 0.4660785249230011, 0.47047741034340135, -0.16244280114073492, 0.00916049796174493], [-0.5727915074610752, -0.13719099204357565, -0.29801029532608236, -0.27139804508593807, 0.19676990595295402, 0.34211939321188345, 0.39706061475741994, 0.5842775054540406, 0.18093775755971025, 0.04702814288726838]], "inverted": true, "swapped": false, "error_lsq": 0.04600590571132525, "error_max": 0.23296002389516435, "target": "590.xyz", "model": "17.xyz", "model_rescale": 3.901054581598922, "target_rescale": 3.5055149459264467},
{"mapping": [8, 10, 5, 2, 13, 0, 12, 6, 1, 14], "R": [[-0.1168718150802941, 0.9469408979951897, 0.2994059360532144], [-0.32586170739514364, 0.2482195106006021, -0.9122506356318529], [-0.9381658310199534, -0.20418131712098825, 0.2795619130807684]], "T": [0.01312011802200125, 0.0802332315338434, 0.06895424568078122], "aligned_model": [[0.2194053501681451, 0.05484654142926143, -0.38592501979370747, -0.3147933674937066, -0.6877622307801687, 0.25006007521113893, -0.3876272423101298, 0.49416513861112826, 0.6631660232205807, -0.02451787322467018], [-0.19687579861952834, 0.8015047540194965, 0.04043212043449271, -0.6282130510698682, -0.11019084994916484, -0.5797550072838439, 0.18188416051488224, 0.4938614712102174, -0.12154697751226043, 0.1070612312948236], [-0.4976807696030805, -0.31896332877251293, -0.4098618949583158, -0.20365300416784238, 0.06676321179591868, 0.3584011316702877, 0.6862416551598116, 0.4704926781860289, 0.21865600855519174, 0.09840679204111857]], "inverted": true, "swapped": false, "error_lsq": 0.05383734339238161, "error_max": 0.2569967732039007, "target": "590.xyz", "model": "18.xyz", "model_rescale": 3.9405287249114394, "target_rescale": 3.5055149459264467},
{"mapping": [10, 5, 11, 14, 13, 12, 7, 0, 1, 15], "R": [[-0.010271472613284427, 0.8818948832951914, 0.4713341825797439], [-0.08290945312150386, -0.47048713009154164, 0.8785032060279109], [0.9965041492304223, -0.03005453769375932, 0.07795001815629488]], "T": [0.038277494586369656, 0.024321012867479674, 0.1493607728442602], "aligned_model": [[0.13164351658381154, 0.04501051244409922, -0.41695390562014345, -0.22910034888719755, -0.5867931736952298, 0.12385582054088283, -0.40649671233149764, 0.47298888576433706, 0.6936898550910149, 0.05317294514779404], [-0.1926595050790928, 0.7396044875558442, 0.06844899650989142, -0.6020057320173605, -0.2218092434121276, -0.46022590913789235, 0.39079851080020067, 0.2871267984231697, -0.05242166247538796, 0.031305311872002146], [-0.6003766996849822, -0.2744161260862206, -0.407442868689709, -0.2193706463995717, 0.14332736835786467, 0.3902543026688194, 0.5537067847089716, 0.6126461961143259, 0.15739964455531014, 0.11307452436179746]], "inverted": true, "swapped": false, "error_lsq": 0.043328743550431495, "error_max": 0.2171600583254366, "target": "590.xyz", "model": "19.xyz", "model_rescale": 4.410303926677745, "target_rescale": 3.5055149459264467},
{"mapping": [10, 3, 6, 11, 4, 12, 2, 1, 8, 13], "R": [[0.10236079272438103, -0.8848039448902314, 0.4545813977930913], [-0.4334502980910606, -0.45098990528255434, -0.7802108333123832], [0.8953452446948089, -0.117175442990061, -0.429682217880233]], "T": [0.026603059232695382, 0.0891222877486571, 0.07839007402838323], "aligned_model": [[0.4104809490807413, -0.06102901158910191, -0.4502148295131517, -0.3365266924347249, -0.6118393160603685, 0.026189672735246645, -0.3469715266210334, 0.40551747843053404, 0.7480330781774978, 0.09737759283223246], [-0.1442430068748401, 0.6293126867185874, 0.13048723441903515, -0.553313721439622, -0.17726647313908422, -0.5789404308906814, 0.26215656818906824, 0.5209497130130092, -0.16162381920483926, 0.06064330224861375], [-0.6095869735235911, -0.39750660459692305, -0.2493895246922332, -0.29916267996220164, 0.20692705904315056, 0.4310470892207498, 0.5971481046657664, 0.5611620998189418, 0.16626896239327166, 0.06189494753967435]], "inverted": false, "swapped": false, "error_lsq": 0.0418046332931987, "error_max": 0.22681879469621996, "target": "590.xyz", "model": "20.xyz", "model_rescale": 4.121658175737393, "target_rescale": 3.5055149459264467},
{"mapping": [7, 5, 9, 11, 10, 4, 6, 1, 3, 12], "R": [[-0.45441744284702595, 0.5393790853100666, -0.7089252358087177], [0.8899121488922179, 0.3101821724148421, -0.33442994359064837], [0.03951145264863115, -0.7828519797803959, -0.620952190481288]], "T": [-0.02022228647905098, 0.10578912566467169, 0.1076182186458049], "aligned_model": [[0.25386824498440025, 0.266656290277516, -0.5774376310883712, -0.10313830673086535, -0.6566073861349869, 0.024480427166726965, -0.39528613632768966, 0.3915872738610083, 0.609056581352796, 0.06783803767733707], [-0.08727726238037231, 0.6156271144615764, 0.025805577012482844, -0.6427942210554562, -0.2628669199707753, -0.42492433876054614, 0.37994780934907557, 0.45167261727607444, -0.1813813035592709, 0.11435298066645812], [-0.4877117823339099, -0.24119324527761343, -0.34600780227623307, -0.3477024482911044, 0.367963694157351, 0.3208703886169545, 0.5623583496758937, 0.5471092449895452, 0.042950189237253605, 0.05016589140846819]], "inverted": true, "swapped": false, "error_lsq": 0.04405361233937297, "error_max": 0.18917218576504707, "target": "590.xyz", "model": "21.xyz", "model_rescale": 4.08911054899281, "target_rescale": 3.5055149459264467},
{"mapping": [7, 9, 8, 0, 1, 4, 15, 14, 13, 16], "R": [[0.9933730953959813, -0.048644017111929255, -0.1041328619726788], [0.09384034980466811, 0.8663930972752095, 0.49046609438615335], [0.06636175172449991, -0.496987686560828, 0.865216364451674]], "T": [-0.028458862666761772, 0.09490880848886957, -0.000950554805281327], "aligned_model": [[0.3999488575410867, 0.1884962822033443, -0.6355304925726942, -0.09334376692082277, -0.7222256764160029, 0.1652241102497048, -0.31049753872145314, 0.33711695322587465, 0.5592458224400382, -0.007417155991204072], [-0.1825613079510553, 0.7652177352111744, 0.09618704757882178, -0.6520904126758906, -0.22626178550490905, -0.4830520098141586, 0.39849923672343185, 0.42360897034960104, -0.20366556008852155, 0.052280139210752904], [-0.4962013475947144, -0.106610478301854, -0.33594968962245747, -0.19553090057138744, 0.21243978930604096, 0.3377829457176111, 0.5988777997994718, 0.4115213986342534, 0.045809637242733965, -0.003336674703092294]], "inverted": false, "swapped": false, "error_lsq": 0.04858795822255243, "error_max": 0.24055636781106296, "target": "590.xyz", "model": "22.xyz", "model_rescale": 4.204369325754507, "target_rescale": 3.5055149459264467},
{"mapping": [10, 5, 11, 14, 13, 12, 7, 0, 1, 15], "R": [[-0.010271472613284427, 0.8818948832951914, 0.4713341825797439], [-0.08290945312150386, -0.47048713009154164, 0.8785032060279109], [0.9965041492304223, -0.03005453769375932, 0.07795001815629488]], "T": [0.038277494586369656, 0.024321012867479674, 0.1493607728442602], "aligned_model": [[0.13164351658381154, 0.04501051244409922, -0.41695390562014345, -0.22910034888719755, -0.5867931736952298, 0.12385582054088283, -0.40649671233149764, 0.47298888576433706, 0.6936898550910149, 0.05317294514779404], [-0.1926595050790928, 0.7396044875558442, 0.06844899650989142, -0.6020057320173605, -0.2218092434121276, -0.46022590913789235, 0.39079851080020067, 0.2871267984231697, -0.05242166247538796, 0.031305311872002146], [-0.6003766996849822, -0.2744161260862206, -0.407442868689709, -0.2193706463995717, 0.14332736835786467, 0.3902543026688194, 0.5537067847089716, 0.6126461961143259, 0.15739964455531014, 0.11307452436179746]], "inverted": true, "swapped": false, "error_lsq": 0.043328743550431495, "error_max": 0.2171600583254366, "target": "590.xyz", "model": "23.xyz", "model_rescale": 4.410303926677745, "target_rescale": 3.5055149459264467},
{"mapping": [5, 0, 7, 14, 11, 10, 1, 3, 4, 16], "R": [[-0.7076972655007515, -0.6937032371808011, 0.13394177513993233], [-0.24478275827276566, 0.06290690425999829, -0.9675350756684744], [0.6627563516520499, -0.7175085644933452, -0.2143256359457814]], "T": [-0.02994176843332271, -0.1619742094678977, -0.11234564157466022], "aligned_model": [[0.4687275577250552, 0.10265051623583885, -0.5266712842003942, -0.38728098598068045, -0.5413752893407013, 0.08757351834474855, -0.34630649739767, 0.39705896599947427, 0.6202011176600102, 0.00643977599219038], [-0.09771386779461519, 0.5733539662266867, 0.2784978409425054, -0.6756777956748812, -0.364787080797805, -0.32336579855302094, 0.35703188713779216, 0.4143201907304325, -0.09922588515072006, -0.07427140402712763], [-0.49023655846036, -0.22233460084809853, -0.14662475555626478, -0.3703520351686216, 0.20074249222469542, 0.5072726753121644, 0.49336169660424767, 0.43061487423469424, 0.10505088196876743, -0.03869219040461855]], "inverted": false, "swapped": false, "error_lsq": 0.0465052325602752, "error_max": 0.24674851193599195, "target": "590.xyz", "model": "24.xyz", "model_rescale": 4.28219845311461, "target_rescale": 3.5055149459264467},
{"mapping": [4, 13, 2, 0, 6, 1, 11, 9, 3, 15], "R": [[0.4242767664982557, -0.8645336556725146, -0.2693896501710912], [0.6062189720774217, 0.05018498550525091, 0.7937128102300175], [-0.672672121693161, -0.5000630214676507, 0.5453890274450571]], "T": [-0.03387673075349036, 0.13023872198076897, 0.1570300317965475], "aligned_model": [[0.3045650060968175, -0.022842525279412357, -0.4540085413933024, -0.24659217473445255, -0.772248383409089, 0.20100363472282723, -0.20021462342146967, 0.45181836267273945, 0.6698952577046965, -0.05035861792148348], [-0.1697010950021542, 0.5869332347937637, 0.12868326880583641, -0.5170357790093634, -0.3853230956441001, -0.44177371404956883, 0.4212879560142539, 0.48403404059509264, -0.19293081266754697, 0.07398804920303358], [-0.4175497015492341, -0.22273940511624796, -0.38358708469335157, -0.2916814927888629, 0.12238252506080757, 0.32289258268438736, 0.5860977654702555, 0.46655035847501425, 0.17468746639574792, 0.1117494659680896]], "inverted": false, "swapped": false, "error_lsq": 0.045899620396142704, "error_max": 0.19482372401271353, "target": "590.xyz", "model": "25.xyz", "model_rescale": 4.100010024507729, "target_rescale": 3.5055149459264467},
{"mapping": [5, 2, 6, 4, 0, 10, 1, 3, 7, 11], "R": [[0.8111588922788905, 0.40148964195582726, -0.4252379555955291], [0.5840784299254526, -0.5929071668728648, 0.5543586196376956], [-0.02955738778548922, -0.6980452412795138, -0.7154433604096998]], "T": [0.016657975708608073, -0.0015745048854466867, 0.12174545498126275], "aligned_model": [[0.2758477005221971, 0.051803268449863486, -0.36397515826056037, -0.2253243948758047, -0.6609955667003128, -0.051221015381614755, -0.3897599969927594, 0.5071231712572659, 0.6904932001565003, 0.04702618686309698], [-0.19249072022925848, 0.6914333499314705, 0.09245643893686661, -0.6302664437686912, -0.23333256410535155, -0.5426067405154514, 0.40431387460730933, 0.5218128155195529, -0.010842357840007583, -0.11231559949719233], [-0.5568986753192808, -0.13566901225953465, -0.39474146360590767, -0.43685150038263865, 0.3685517644247536, 0.4647890748202926, 0.5331158581658584, 0.5006665961787904, 0.055289124280393384, 0.07055071360387927]], "inverted": false, "swapped": false, "error_lsq": 0.03957036619794431, "error_max": 0.20003954161154344, "target": "590.xyz", "model": "26.xyz", "model_rescale": 3.6694154284099745, "target_rescale": 3.5055149459264467},
{"mapping": [6, 9, 7, 1, 5, 0, 8, 10, 2, 13], "R": [[-0.15381252568473447, -0.6757157492968998, 0.720936844040178], [0.4560942033343171, 0.5986893987708645, 0.6584444406965672], [-0.8765385243258377, 0.43009211798347324, 0.2161041078303989]], "T": [0.049603527963153496, 0.10712146544904433, 0.04851429361787955], "aligned_model": [[0.28678065164803557, 0.049444077540090905, -0.49995916893264436, -0.24151206460724167, -0.5705301126486731, 0.08682137298624475, -0.3007227206362819, 0.31660314473701207, 0.6544798945640897, 0.09961232038723941], [-0.28728135497971186, 0.7588969351249953, 0.21459917319704946, -0.6379324463869217, -0.35445209169992, -0.4972176049730924, 0.4384235218989677, 0.46289104944484993, -0.19051070070221143, 0.0807455721152415], [-0.4607831234605892, -0.1516162816938622, -0.2388146280664773, -0.32537477270535603, 0.2169263443848113, 0.31369812251075546, 0.46788007591818537, 0.45352037707675874, 0.13608895321210107, 0.057277412730278435]], "inverted": false, "swapped": false, "error_lsq": 0.04360459648782516, "error_max": 0.22463013828273468, "target": "590.xyz", "model": "27.xyz", "model_rescale": 4.103607728864725, "target_rescale": 3.5055149459264467},
{"mapping": [4, 8, 13, 12, 10, 0, 6, 7, 1, 14], "R": [[-0.2073240702197791, -0.7502469141141317, 0.627810718106761], [-0.30901424342640604, -0.5586725183649885, -0.7696721474649629], [0.9281847484564212, -0.3535740164179836, -0.11601072212061053]], "T": [-0.2008914230464533, -0.04755305365768963, 0.16900909813691756], "aligned_model": [[0.31110199349311357, 0.2126362480006272, -0.34630355893155224, -0.4115841970569379, -0.6501001075283623, 0.2827314494911349, -0.38497136666811793, 0.23356773158616234, 0.6914555697250373, -0.057516367073233154], [-0.0005056562850833043, 0.5405870842632343, 0.13195713378190052, -0.6141036223202043, -0.20625581372177837, -0.478198718892263, 0.3367086077752303, 0.5071293030776604, -0.12162827852352215, -0.10752798611592754], [-0.5774884376628484, -0.22515586764689494, -0.4363865875897298, -0.4408454953955767, 0.3501175408993279, 0.4695834968384875, 0.6377572317448565, 0.3228075755214953, 0.20203238730717765, 0.16638063589031066]], "inverted": true, "swapped": false, "error_lsq": 0.05045570353610013, "error_max": 0.26521492574263367, "target": "590.xyz", "model": "28.xyz", "model_rescale": 4.137296879288765, "target_rescale": 3.5055149459264467},
{"mapping": [3, 6, 5, 2, 1, 7, 0, 9, 8, 10], "R": [[0.637779449918263, -0.6170141481272369, -0.46101075288194504], [-0.765096482177571, -0.5764369848737123, -0.28696302101352533], [-0.08868340443094982, 0.5357368229648988, -0.8397150173112382]], "T": [0.04475656606043836, 0.029436805599864543, -0.004631578206614778], "aligned_model": [[0.39565122881587506, -0.08319968664693846, -0.5396700942496896, -0.3564293128947906, -0.5650537850956919, 0.1311062015021089, -0.36845086045150194, 0.4547676313460898, 0.7167222250483068, 0.09557384766410337], [-0.3903449686403337, 0.7132317699418007, 0.1739741804301041, -0.4395476412636355, -0.3287409037913163, -0.4282575342896983, 0.2990992848660163, 0.4920669756492066, -0.19495006678123666, 0.09163095691833939], [-0.4127062314602902, -0.1840736777559731, -0.30588325609010003, -0.48548764315038484, 0.25382350494704675, 0.5404114075991088, 0.4924218518374739, 0.4735508852446475, 0.12369052674734074, -0.026944888012264138]], "inverted": true, "swapped": false, "error_lsq": 0.057368997187872174, "error_max": 0.33722283762739913, "target": "590.xyz", "model": "29.xyz", "model_rescale": 3.607286011436655, "target_rescale": 3.5055149459264467},
{"mapping": [13, 12, 11, 1, 9, 6, 8, 5, 7, 14], "R": [[-0.5847932582002338, -0.6439047772739325, 0.49335938520247336], [0.401701332999725, -0.7582621181374349, -0.5134925503490533], [0.7047360386909407, -0.10210385889641205, 0.7020839819912308]], "T": [-0.006328882725268062, -0.0245510860531467, 0.15285801170566948], "aligned_model": [[0.257434551626632, 0.21032609975990607, -0.3584111902552524, -0.29190730952950505, -0.7474439025722068, 0.2307559171444593, -0.4957296327546375, 0.4748389837179408, 0.7615142769938308, -0.16036039909329552], [-0.06103297442729595, 0.4933835018627658, 0.21366144518135596, -0.5527183924296208, -0.27863727869413657, -0.37161672746407715, 0.22674510344977405, 0.499357427774314, -0.11288310669301814, -0.06809694552081459], [-0.5290455334318892, -0.2862391292733171, -0.25189364257676744, -0.2683667708919739, 0.18017178065592873, 0.422077633346118, 0.5559536632537687, 0.4258022972749409, 0.1092311766185507, 0.11111100493124629]], "inverted": true, "swapped": false, "error_lsq": 0.04725695438215165, "error_max": 0.2244942116224841, "target": "590.xyz", "model": "30.xyz", "model_rescale": 3.964800864290218, "target_rescale": 3.5055149459264467},
{"mapping": [2, 9, 10, 4, 6, 1, 7, 8, 0, 11], "R": [[0.49039259847518346, 0.8691715831780291, -0.06368562127007782], [0.3773518284871107, -0.2776379388063184, -0.8834719986919864], [-0.7855703004175958, 0.4092162434840255, -0.4641350764277905]], "T": [0.01990634518279409, -0.11267892102686745, 0.021853784240716906], "aligned_model": [[0.24216221239446334, 0.2347194126944186, -0.4448915064455606, -0.41771600752805, -0.5120737566178066, 0.15592179437839343, -0.36863700354010975, 0.3392002874492014, 0.6921152617928658, -0.03978329953994384], [-0.07851793547093587, 0.5834842662947188, 0.15688207774902246, -0.649806411296706, -0.4330675748054636, -0.3049349018633671, 0.4414193216591192, 0.3962222540072173, -0.09472724787199079, -0.028791795362367895], [-0.5727730033202664, -0.22674910847215823, -0.31584863318957535, -0.45549967967169747, 0.28564448235168893, 0.5526729654800542, 0.46882152579552805, 0.5691717458162342, 0.11408359469917448, 0.049278590417623426]], "inverted": true, "swapped": false, "error_lsq": 0.045650647805479845, "error_max": 0.23741236178883723, "target": "590.xyz", "model": "31.xyz", "model_rescale": 3.5958979899826287, "target_rescale": 3.5055149459264467},
{"mapping": [10, 0, 2, 6, 9, 5, 8, 7, 11, 12], "R": [[0.28895554734609796, -0.746627172223997, 0.5992099443055957], [0.3425683502503649, 0.665104956418013, 0.6635377324274305], [-0.8939528047188287, 0.013537453416024026, 0.4479566053652393]], "T": [-0.045329621378438656, 0.082428091724442, -0.052499668622820225], "aligned_model": [[0.35083337965288874, 0.0859097725345758, -0.48551219477322394, -0.354189829979898, -0.6193507490776483, 0.28761672340007766, -0.3398039333082819, 0.34396568033132513, 0.6748408781835351, -0.06329233192547895], [-0.356193351610271, 0.8255742166142472, 0.22557960775419328, -0.5057123107225181, -0.30462841344198566, -0.5864508071952211, 0.31985916508053114, 0.4777923123537394, -0.08954038890994036, -0.01811797688352841], [-0.47686006940383735, -0.21787704707419875, -0.38087540695747885, -0.3333937316035678, 0.223739337304464, 0.4594565296691833, 0.5954332900807777, 0.4063508346311335, 0.2110259220841686, -0.018197178824039068]], "inverted": true, "swapped": false, "error_lsq": 0.050288699759895715, "error_max": 0.2688168152077652, "target": "590.xyz", "model": "32.xyz", "model_rescale": 3.9765860457182933, "target_rescale": 3.5055149459264467},
