[{"mapping": [12, 8, 11, 10, 13, 7, 0, 5, 1, 4, 6, 15], "R": [[-0.1080129882031548, -0.38364783204916275, -0.917140957183465], [-0.954511662857777, -0.2178817420601425, 0.20355596759937739], [-0.2779220751360107, 0.8974084284431558, -0.3426622720862027]], "T": [-0.039890217057431315, -0.04943152508697174, 0.017349876036148175], "aligned_model": [[-0.4206979227917844, 0.3350005298266543, 0.43348118897576493, -0.06986122667275066, -0.06936030031417836, -0.6827127827341007, 0.3926878639851209, -0.28200187940700666, 0.6621394884139545, 0.011761639780874522, -0.4830836978506676, 0.010289561248668068], [-0.3822439231425426, -0.7269441944266268, -0.3687953279223009, 0.5345272876764233, 0.36632939943485054, -0.3312001150654679, -0.21166471594319602, -0.467495481142043, 0.3777636979831185, 0.28004168337453245, 0.0482606822910506, -0.06502395714074133], [-0.5172871844404243, -0.04363225468041874, -0.6455180364750036, -0.08854121923713185, -0.6366598083445125, 0.062268371740866156, 0.4907945547384328, 0.6000427610284484, 0.159470938096776, 0.47389546533233473, 0.4255116065447725, -0.0983934489505772]], "inverted": false, "swapped": true, "error_lsq": 0.046771929473404944, "error_max": 0.28222386204598326, "target": "591.xyz", "model": "0.xyz", "model_rescale": 3.751011558992144, "target_rescale": 4.268482965710922},
{"mapping": [4, 1, 5, 6, 2, 3, 9, 10, 8, 12, 11, 13, 14, 7, 15], "R": [[0.7863146410735967, 0.39793281510371165, -0.4726084636323561], [-0.24481305164231865, -0.501655130003978, -0.829703983530432], [-0.5672529021334983, 0.76810911022089, -0.29703962667764827]], "T": [0.008166587437939209, 0.06293797878048604, -0.08962482155018187], "aligned_model": [[0.1683969765803924, 0.22672957680627978, -0.5097683834589908, 0.06349665009234046, -0.329430199858205, -0.519393787978347, 0.7172619906799357, 0.5909556967783971, -0.679354509795079, -0.06724750954585651, -0.18344933148483672, 0.5985732279756178, 0.5862011026150782, -0.14245246395971026, 0.018567175642017805], [-0.0003610586947159766, -0.6854147889494346, 0.4299645041584407, 0.5201329240302188, -0.6375623406352763, 0.38148811315857456, -0.49838021239053765, -0.019715098250623703, -0.19242183726491804, 0.4417034679296721, -0.4101578887393814, -0.044554038098262055, 0.5126171428440155, 0.7462596635298571, 0.005158797199476914], [-0.6281170116184649, -0.3858311971883978, -0.501888599015197, -0.49021387938447186, 0.050304227030682325, 0.12118488407596856, 0.03702267805181897, -0.17113803134476427, 0.16609262934151775, 0.5368452940075263, 0.6209603146574261, 0.40161825936439216, 0.08849933924389852, -0.018790952494947583, 0.023118450124989004]], "inverted": true, "swapped": true, "error_lsq": 0.03912570876068159, "error_max": 0.33611626809934037, "target": "591.xyz", "model": "1.xyz", "model_rescale": 3.9405287249114394, "target_rescale": 4.268482965710922},
{"mapping": [8, 0, 2, 7, 4, 11, 3, 5, 10, 13, 14, 12, 15], "R": [[0.30119650434019113, -0.9464760754047405, -0.11603320412575552], [-0.681942985374151, -0.29885412963368996, 0.6675627115858707], [-0.6665091375759526, -0.12193952553347753, -0.7354565396000164]], "T": [0.04052166886390708, -0.10595204442267792, -0.06676141054062402], "aligned_model": [[-0.2488497813118019, 0.25740772422613956, -0.39999611851216077, 0.3320052799980259, 0.4603533226246707, -0.7919970852907524, 0.06176149050322031, 0.6230053233905424, 0.02027820139467009, -0.48723161503063994, 0.061265760336833744, -0.30558044775985854, -0.0864387752849581], [0.6114197899379663, 0.36118789915692523, 0.38201975654108566, -0.12461344517488182, -0.22439172670621743, 0.16302454747910705, 0.3219750696415127, 0.3266957827779347, -0.6486988063271651, -0.6736949605833062, -0.7808994274827832, -0.14821508011142998, -0.10697680557673063], [0.003432069007241065, -0.4818926913509411, -0.5050307653904511, 0.5730206750636544, -0.4264387780182587, -0.061129977520992126, 0.4238118508926494, 0.1487732188037711, -0.30787390492153793, -0.04229200274151672, 0.26802087805424585, 0.5813454850901141, -0.06062570737933442]], "inverted": true, "swapped": true, "error_lsq": 0.04705637330976767, "error_max": 0.35681854755043474, "target": "591.xyz", "model": "2.xyz", "model_rescale": 3.932901565614263, "target_rescale": 4.268482965710922},
{"mapping": [7, 14, 6, 12, 5, 0, 4, 8, 11, 2, 10, 13, 1, 15], "R": [[0.9144412514613983, 0.20754321151346933, -0.34745217365903314], [-0.3770866815955712, 0.7486940099551134, -0.5452182260531767], [0.146979019553649, 0.6295896241298834, 0.7628984683423086]], "T": [0.046529667787489744, -0.11673152352429186, -0.025439593959094463], "aligned_model": [[-0.1442116358863323, 0.5413468365902585, 0.1844083371789585, -0.2017817158282036, -0.36270193623737595, -0.19878612630467404, 0.3417048444748368, -0.672853329946147, -0.30173640340992575, -0.2875589531584997, 0.6335647228913461, 0.49522719260293546, 0.3631924934435717, 0.02999558564195495], [0.027151215748227903, 0.27845951881481834, -0.4060179978772399, 0.523509463944086, -0.5808979075060404, -0.668651700850762, -0.597990640126047, -0.09487625053760482, 0.42934070558534465, -0.18959232739532714, -0.05722349182518588, 0.48520314661256014, -0.4683212718143257, -0.016595824422015584], [-0.68691338248758, -0.4341491210079268, -0.5449230252012174, -0.2901060297109067, -0.4613358991364669, 0.2443706119898419, -0.05569950588653827, 0.26661478299189134, 0.5627639934969237, 0.6868303854340304, 0.045042451428939215, 0.1689812988014912, 0.6613275907579991, 0.051092211586616504]], "inverted": true, "swapped": true, "error_lsq": 0.03629560630506961, "error_max": 0.27132305129489276, "target": "591.xyz", "model": "3.xyz", "model_rescale": 3.9243930471874484, "target_rescale": 4.268482965710922},
{"mapping": [9, 10, 1, 2, 0, 13, 11, 4, 5, 7, 8, 12, 15], "R": [[-0.11456609641778151, 0.3653522846932854, -0.9237923563339264], [0.09256263783640858, 0.9297957208332355, 0.35624721135325377], [0.9890939124412593, -0.044694804950917044, -0.14034103741259019]], "T": [-0.0361614435634909, 0.0841941450025106, -0.11562181107365431], "aligned_model": [[-0.12038399737852987, -0.22177033617280242, 0.49740688429479435, 0.4713152308897692, 0.6209110901431711, -0.5654558785897877, -0.09330947197503506, 0.25758996366709835, 0.24987781631853703, -0.42366550629777017, 0.29956122590792456, -0.619007469596494, -0.07586366489952301], [-0.6212432722593952, -0.0952775817653278, -0.39834902184728077, -0.45061182340181166, 0.1447332713707861, -0.43522999647110233, -0.6294360737643769, 0.2898808727841891, 0.7434804871117846, 0.6223393813087961, -0.06965808059304787, 0.053868630482978824, -0.02666723927460514], [-0.6893801256535855, -0.6508398215655341, -0.5375184736493066, 0.16845991656116543, -0.06888886945607686, -0.34255850210153754, 0.3873032427460752, -0.5527230182088886, 0.12196940832019572, 0.11862670333627885, 0.5676827267160964, 0.33269310122333057, -0.06775597289724902]], "inverted": false, "swapped": true, "error_lsq": 0.041461689076838656, "error_max": 0.2023520193549086, "target": "591.xyz", "model": "4.xyz", "model_rescale": 3.8936222436046832, "target_rescale": 4.268482965710922},
{"mapping": [11, 13, 2, 8, 1, 10, 14, 6, 3, 12, 0, 15], "R": [[0.8928614222614478, 0.44449129074521915, 0.07229089215740658], [-0.3246290572851191, 0.746544890338975, -0.5807638951199902], [-0.3121128895182632, 0.49507395322357367, 0.81085592125614]], "T": [-0.06738723663892097, 0.06865460295175349, 0.09691238459621435], "aligned_model": [[-0.010244526644585805, -0.5284311277128102, -0.10742272220508083, 0.4330438298486219, -0.6826108359315599, -0.6163764530427301, -0.296939896985179, 0.04045161902994833, 0.5773769785616552, 0.3031471716500052, -0.0003240526910398417, -0.08412194166214784], [-0.4432565538952491, -0.5548991297701351, 0.1761592883873547, 0.09597868494698178, 0.4148355830709888, -0.024418588195216834, -0.3638537736166756, 0.3383195006023655, -0.020069125504879465, -0.5609268227782048, 0.639754862670496, -0.02870102080801812], [-0.6102999415394713, 0.10548981673752986, -0.6848115624822178, -0.4964740423795325, -0.3471580086259438, 0.3044390138311672, 0.6698919202810744, 0.6337660436457956, 0.0715731538779366, 0.18605759271757147, -0.23010487934151155, 0.016915612553119935]], "inverted": false, "swapped": true, "error_lsq": 0.0458776063190196, "error_max": 0.2768093779022782, "target": "591.xyz", "model": "5.xyz", "model_rescale": 3.6523030999806103, "target_rescale": 4.268482965710922},
{"mapping": [5, 3, 12, 6, 14, 0, 11, 4, 2, 9, 13, 10, 15], "R": [[-0.4009435230329543, 0.40374540866148145, 0.822334443108579], [0.35362460752871727, -0.7598626158966113, 0.5454891767147355], [0.8450999516554737, 0.5095080469899692, 0.1618876825591859]], "T": [0.08284877626319181, -0.0989249612118819, 0.080115768901449], "aligned_model": [[0.21112772861386503, -0.014978429788178815, 0.15610912078905942, 0.5900614176391668, 0.6983748690191005, -0.27575510075494275, -0.6018286466263736, 0.27803225201836435, -0.6926582317654373, -0.01065942896405589, 0.17494620662454946, 0.35833253831451906, 0.009978609544658193], [-0.5771797935854933, 0.0020509348852520426, 0.5324544429243097, -0.3901598803352856, 0.3037435293501134, -0.6537418327161816, 0.4446937247842553, -0.5732875698841728, -0.17241738215430477, 0.13229166401962014, 0.515512801810375, -0.024702286422415634, 0.0015685514871120326], [0.6526045044359086, 0.7160942087651121, 0.45107177361598483, 0.25469464896258776, -0.08435059189220728, 0.11439063851611989, 0.04601082982633332, -0.1576612501738054, -0.05194547254930587, -0.7983653518778269, -0.38403786743368906, -0.4411507386287351, 0.05275440791531215]], "inverted": false, "swapped": true, "error_lsq": 0.04839491951567135, "error_max": 0.3297755154884441, "target": "591.xyz", "model": "6.xyz", "model_rescale": 4.08911054899281, "target_rescale": 4.268482965710922},
{"mapping": [9, 11, 13, 1, 4, 6, 10, 14, 0, 2, 5, 3, 7, 12, 15], "R": [[-0.22378269939997664, 0.5887144970791531, -0.776747413499459], [0.1159274959950343, -0.7752234705133033, -0.6209584417959311], [-0.9677200623742286, -0.22900613898790853, 0.10523340336732306]], "T": [-0.03322845474005078, -0.0051082004507837855, 0.004604859131021079], "aligned_model": [[0.14425999496810357, 0.26963969275903615, 0.5723531475642052, -0.48241522755882593, -0.42673897410986095, -0.14944133005630744, 0.11529147219274977, 0.5385611944711884, -0.6715403806662785, -0.3464683141782021, -0.4391858558899541, 0.04174294114698982, 0.23607337019009886, 0.5950375899561411, 0.03916421901047081], [-0.5030607753970618, -0.7727836014345759, -0.2884974367059436, -0.5025975415986761, 0.2083943353452303, 0.590469754151073, 0.005746064912885519, 0.34777464775843275, -0.14187110577531803, -0.7109723185756854, 0.4734253136911562, 0.1331794406190707, 0.5480551148571313, 0.022164254115132807, -0.10866732979373817], [-0.7400259723005317, 0.2951439442865739, -0.38835285253197543, -0.4916566251978312, -0.34067839106878045, -0.061286677918945716, -0.5706716802018993, -0.3368534259964294, 0.11159579871424458, 0.17160505114866803, 0.427843315457149, 0.6366576163704298, 0.3453671431133124, 0.3869049739425973, 0.018477814265498254]], "inverted": true, "swapped": true, "error_lsq": 0.038841739383766075, "error_max": 0.28706235625750687, "target": "591.xyz", "model": "7.xyz", "model_rescale": 3.964800864290218, "target_rescale": 4.268482965710922},
{"mapping": [1, 13, 10, 2, 4, 11, 0, 14, 12, 3, 8, 5, 7, 15], "R": [[0.25884095184871864, -0.13155716190226138, -0.9569190534200224], [0.2974850542816045, -0.9316694456361088, 0.20855379772897126], [-0.9189689897516239, -0.33865138006558904, -0.20201791666719027]], "T": [0.08366876922380036, 0.05558285823371655, 0.027543137934671176], "aligned_model": [[-0.39134465754924275, 0.37217326494283576, 0.36653513781846786, -0.6729683204337955, 0.11035101939674359, -0.3829801970290654, -0.43803537299669076, 0.7971572259476126, 0.362663129994902, 0.026743542914110283, -0.5253180377881613, 0.04850984225576562, 0.5396829223370645, 0.048018389650326336], [0.11867393857161285, -0.5720771919612655, -0.02277025877324535, -0.1525366418798598, 0.5134318272858146, -0.6765507645205513, 0.460177164938629, -0.14943433722175842, -0.43560721686351567, 0.05083333419602567, -0.08113795111824434, 0.6489336671426817, 0.17536834208111013, -0.06635544569623181], [-0.6550413786099937, -0.3249654673067176, -0.48914485984825534, -0.06432097452480492, -0.30308771903152953, 0.13564816453391587, -0.01394786322595893, -0.1027090776970968, 0.4992526293222109, 0.6763665580104739, 0.4898501773114315, 0.4961849991040235, 0.5494000057804619, 0.023329844906860926]], "inverted": true, "swapped": true, "error_lsq": 0.04675132871680974, "error_max": 0.2555500303963401, "target": "591.xyz", "model": "8.xyz", "model_rescale": 4.121658175737393, "target_rescale": 4.268482965710922},
{"mapping": [14, 10, 4, 6, 13, 12, 2, 8, 0, 11, 7, 5, 15], "R": [[-0.054068600436244535, 0.5790200376988262, -0.8135185200043795], [0.13932666748185812, 0.8111152096094608, 0.568049466568362], [0.9887692684217415, -0.08263118469107689, -0.12452879643393193]], "T": [-0.007958650433486765, -0.01669391037900179, -0.10207401789290951], "aligned_model": [[-0.6453954903097777, -0.25020511694463266, 0.31164275790551427, 0.06577340011980523, -0.6553909638851239, -0.5646688207582341, 0.36355608127835454, 0.3037610217354495, 0.6452886712051417, -0.21964833497796524, -0.24433102208922372, 0.43813005511475356, -0.07177474195886413], [0.23199956770860655, -0.15700684437078602, 0.10137547522940171, 0.5416731467477381, -0.3958477221262292, 0.10613132817410122, -0.6529670391258009, -0.23296789000236043, -0.11755964243245313, -0.6835646772374946, 0.6048147780886872, 0.5577261683660022, -0.11341920960770337], [-0.4181266988066402, -0.6262381243491337, -0.5532601706994271, -0.3373399127621852, -0.2983597432177555, 0.3633324007484281, 0.18320783692237128, 0.5756735171100228, -0.07585743774525558, 0.4232244247234812, 0.1270266424618701, 0.10762330334801742, -0.04983060377470478]], "inverted": false, "swapped": true, "error_lsq": 0.04160712357563095, "error_max": 0.28774348010527967, "target": "591.xyz", "model": "9.xyz", "model_rescale": 3.833441315466971, "target_rescale": 4.268482965710922},
{"mapping": [0, 1, 6, 14, 10, 4, 9, 12, 3, 7, 8, 11, 2, 5, 15], "R": [[-0.6804271743328174, 0.46992411235928655, 0.562307913027013], [-0.3474764666698742, 0.46868743084959075, -0.8121528164540405], [-0.6451968424752852, -0.7479996128253993, -0.15562009405271282]], "T": [-0.11488162129864207, 0.03128521779018988, 0.06952287089534667], "aligned_model": [[0.06376087089188084, -0.019900647890377154, -0.6260682844612772, -0.6072736207591549, -0.4755789987520097, -0.49158968215206444, -0.17596495811397023, 0.09178698449393216, 0.16052350461258844, -0.3474209513582134, 0.59219683683401, 0.6682398905590379, 0.5487404543305339, -0.23267379795926466, -0.024932581981119376], [-0.5955675865893939, -0.5322367684760011, -0.03261073310110391, 0.5807702413078848, 0.09606864884382885, -0.3841704293956231, 0.049059244031090195, 0.7074173621605205, 0.20969630682305845, 0.401004670294686, -0.10258798366785618, 0.29384628928879664, -0.3242234511756621, -0.2594840208728637, 0.0941197498236171], [0.1823753845171926, -0.5378990977100138, 0.39688464312319616, -0.08435953805569948, -0.39825869077500375, -0.0021850549151000986, -0.8414584141750832, 0.2738480974585975, 0.6321562948400858, 0.6207624258197028, 0.3617613513490848, -0.21900785094797073, -0.17020980096804725, 0.7583659441592089, 0.005346214101942429]], "inverted": true, "swapped": true, "error_lsq": 0.05205167784641278, "error_max": 0.3230583591996948, "target": "591.xyz", "model": "10.xyz", "model_rescale": 4.2482417240324, "target_rescale": 4.268482965710922},
{"mapping": [6, 0, 1, 2, 14, 13, 10, 11, 8, 12, 3, 15], "R": [[0.1243929228970222, -0.7487866935443034, -0.65103370750225], [0.035125236522705494, -0.6523954749066992, 0.7570643051158115], [-0.9916111226142835, -0.1170411546946292, -0.054852070292637]], "T": [-0.15582578129787594, -0.0015521947294710875, 0.003191798717926693], "aligned_model": [[-0.7477487844489352, 0.00632223440846752, 0.3492398159948138, 0.5639541591590337, -0.5355317721620038, 0.09805941373374805, -0.18218697104063464, 0.6050500493832845, 0.259852846014855, -0.19968386973897673, -0.2857689634874461, -0.05479255545319903], [-0.12624035923098043, -0.6425266203882428, -0.3251773404856242, -0.31306414396685345, 0.6113873202880703, 0.6798213027993764, 0.25578839820184474, 0.2690662758465302, -0.2953225436640257, 0.5384755524303216, -0.05687474749677739, 0.07079829571700032], [0.08467950960543363, 0.024477353896537244, 0.5826012996109249, -0.09235698321665928, 0.2227185155874053, 0.27287080056855584, 0.5381684219311991, -0.3334106518324821, -0.5834900318887988, -0.494866318229286, -0.6326454873589533, -0.023554138819519878]], "inverted": false, "swapped": true, "error_lsq": 0.04240846038811046, "error_max": 0.21456658099144127, "target": "591.xyz", "model": "11.xyz", "model_rescale": 3.6694154284099745, "target_rescale": 4.268482965710922},
{"mapping": [0, 5, 7, 3, 8, 1, 2, 9, 12, 13, 10, 11, 4, 15], "R": [[0.9477774385543154, -0.31009598189644333, -0.07455473813984793], [0.17940819340031075, 0.325108242393393, 0.9285027360588204], [-0.2636866077529485, -0.8933896757516057, 0.36376401712124196]], "T": [-0.03738508816616213, 0.16552421906800818, -0.06553076697133597], "aligned_model": [[-0.10672588179166831, -0.0024052783745176637, 0.12495293754040318, 0.4728039206133132, 0.603373980505595, -0.41517515307834013, 0.27967321014887647, -0.4160734845220624, 0.4898545301976308, -0.05666934785566997, -0.4829710878177036, 0.6171599891273287, -0.5494415778531683, 0.03990809341579255], [-0.2926802850066865, 0.3843375457466793, 0.8170959249264842, 0.41499824006062835, -0.16713100737234404, -0.5669831277331062, -0.5580947737110553, -0.24751923834939393, 0.6031265143983903, 0.22267914593739824, 0.17244522735832624, -0.23829063767850434, 0.06178687909507488, 0.12521688046436236], [-0.5375834705865219, -0.7892874025840914, -0.2746545055386034, -0.3844426011485036, -0.3519808074995318, 0.061934977428601046, -0.07563104865030504, 0.655526923192186, 0.20305442143333874, 0.7076546772093428, 0.3275650191143866, 0.35156862083669194, -0.28161200211063664, 0.026982658556062175]], "inverted": false, "swapped": true, "error_lsq": 0.0418140342113397, "error_max": 0.27854668054533355, "target": "591.xyz", "model": "12.xyz", "model_rescale": 3.9764082729961374, "target_rescale": 4.268482965710922},
{"mapping": [1, 10, 8, 0, 12, 9, 9, 5, 2, 11, 13, 3, 4, 14, 6, 15], "R": [[0.39003569605187677, -0.4512359109111949, 0.8026570304367067], [-0.40844055375168226, 0.6964649659830313, 0.5900109026189894], [-0.8252566084899577, -0.5579629950654429, 0.08734315245772502]], "T": [0.021747167807442493, -0.06547261685465, 0.014454637721811991], "aligned_model": [[-0.05343501793000475, -0.4640885963411581, 0.08940392020050517, 0.6533460445512337, -0.4613552794746885, 0.14692892042858954, 0.14692892042858954, 0.17508670612371852, 0.5198288580828401, -0.40561549218668463, -0.5461119889450198, 0.26073218287291183, 0.5405057528750203, -0.2885619256575564, -0.16403656697547744, 0.07996779991889102], [0.26863786508201026, -0.09245706394808595, -0.42024538535514705, 0.2925356838110893, 0.3390818691427684, 0.5225392843891654, 0.5225392843891654, 0.4804685586827836, 0.07245673017172852, -0.6551432147743907, -0.17129225749277527, -0.8551928048331459, -0.12719671996890183, -0.7449588138094436, -0.2746366723065523, -0.144109371734532], [-0.5203728139565664, -0.6253752997205307, -0.5931732773994943, 0.019020714010271805, -0.08634828008143659, 0.022860547782810575, 0.022860547782810575, 0.6319164783860548, -0.5931222207474678, -0.3020804180636888, 0.21649108971624662, -0.1518932945977035, 0.5073475138040837, 0.2987341027485905, 0.725365045224934, 0.05934665874531493]], "inverted": true, "swapped": false, "error_lsq": 0.04907143011879186, "error_max": 0.4037806111822944, "target": "591.xyz", "model": "13.xyz", "model_rescale": 4.170626492500431, "target_rescale": 4.268482965710922},
{"mapping": [12, 3, 11, 8, 13, 1, 2, 7, 14, 5, 6, 0, 10, 15], "R": [[0.2536491890759153, -0.016827653366903228, -0.9671498947750001], [0.8285614197736364, 0.519724871396807, 0.20825952970817052], [0.4991473355070889, -0.8541679507765062, 0.14577053653752442]], "T": [0.022700345706269005, 0.07637745814454136, 0.15589117159204396], "aligned_model": [[0.33904815211876344, -0.05409369583160271, -0.3633570742967965, -0.5819223701248744, 0.3899719928371662, -0.43427818168452237, -0.7029547413425626, 0.44573133628838446, 0.7582845196680146, -0.09283432884739795, 0.3487341004377084, -0.5389427866675714, 0.3288917760557651, 0.0009043234811689609], [-0.305067986779321, -0.5551940865545092, 0.1375612191681153, -0.31749294974001074, 0.5282629777320142, 0.7579792880644862, 0.24704430990071838, -0.48231276104368404, 0.20583875862864648, -0.49607132878819205, -0.11937529150512402, 0.06615998324552172, 0.5826496605578636, 0.10609267503914072], [-0.388203328845179, 0.016410244872330615, -0.6268500448363279, -0.1314810309182437, -0.3563249095992917, 0.30465082073424976, -0.10592927696535287, 0.21540655186057242, 0.05480129731414807, 0.6374310473383438, 0.633325019189934, 0.5052418024335341, 0.21115730519721138, 0.0342376033449379]], "inverted": true, "swapped": true, "error_lsq": 0.04001998171888051, "error_max": 0.2412011348043164, "target": "591.xyz", "model": "14.xyz", "model_rescale": 3.9786697098870705, "target_rescale": 4.268482965710922},
{"mapping": [11, 8, 13, 9, 12, 14, 0, 6, 10, 1, 3, 15], "R": [[-0.7539084405799173, -0.4277467976781967, 0.49865292568920633], [0.3596789386664928, 0.3664252379722065, 0.8581163126620757], [-0.5497755217378295, 0.8262960861900894, -0.12239956554186643]], "T": [-0.03824767095265246, 0.06500351245817994, 0.10803643895172961], "aligned_model": [[-0.20168128106871577, -0.7160587364888187, 0.5738987201243001, 0.6679403432903465, -0.07732925533292836, 0.554321041327489, -0.4416353618427123, 0.004042242070988154, 0.5385774455495576, 0.15459379767594172, -0.5501374575583364, -0.023176900979775126], [-0.26992522209669567, -0.12498353835271324, 0.0328004221914945, -0.48114282091551386, 0.5505736614551335, 0.5256931577218952, -0.3436024269314588, 0.44244823242148523, -0.044232262119290475, -0.7288795853377265, 0.42799936272830763, 0.027925509459521852], [-0.6835314948998638, -0.22023538354098904, -0.3670362463279334, -0.08420471916972606, -0.44360624218035555, 0.039546731980628747, 0.43653731465719076, 0.5858515430245134, 0.20001149537597063, 0.2756719282448031, -0.0664276801768459, -0.012610753113562773]], "inverted": false, "swapped": true, "error_lsq": 0.04756003274725789, "error_max": 0.2502564183973717, "target": "591.xyz", "model": "15.xyz", "model_rescale": 3.769337070930944, "target_rescale": 4.268482965710922},
{"mapping": [1, 13, 0, 4, 2, 11, 8, 12, 5, 6, 15], "R": [[0.9466810649938593, -0.2026031877607946, -0.25049333222913717], [-0.0038273778078488363, 0.7703862704317199, -0.6375659538505967], [0.3221495186419012, 0.6045303488158964, 0.7285346560043126]], "T": [-0.11542273899704655, -0.009981074106209471, 0.10190363167926134], "aligned_model": [[-0.41133739757248744, -0.2651594907552224, -0.048952711705050056, -0.5687361220615449, 0.289574081687337, 0.5105151443324057, 0.6002581521179933, 0.30142570058622165, 0.006287893379838039, -0.4418821224244819, -0.049366996893838555], [0.19719164425987876, -0.7364682900475109, 0.5942378736315764, 0.32397877874975994, 0.1851096227196644, -0.3828050184298039, 0.24221273474020444, -0.5094132289451467, 0.5735733027122255, 0.20474132923311403, -0.09629425099862013], [-0.6497970014616, -0.12447995800174674, -0.15904553362272353, 0.05059887625051336, -0.547842181834412, -0.3825255879186308, -0.0638807293265517, 0.44602612238732586, 0.5683554918762258, 0.5708159769296012, 0.03599213194577529]], "inverted": false, "swapped": true, "error_lsq": 0.04462452831985972, "error_max": 0.24746500026830334, "target": "591.xyz", "model": "16.xyz", "model_rescale": 3.7852294659196426, "target_rescale": 4.268482965710922},
{"mapping": [4, 9, 2, 1, 10, 13, 12, 11, 0, 5, 7, 8, 15], "R": [[0.4432011539749861, 0.5374746925032939, -0.7174215581049473], [0.6760189851444024, 0.325190288930767, 0.6612485218958574], [0.5887028697395426, -0.7780567015993204, -0.21921838485130146]], "T": [-0.026067259185732997, 0.17836777275738872, -0.11153172245362131], "aligned_model": [[0.04492308449315115, -0.5908308240913732, 0.3779376781638176, 0.050333949235024766, -0.5029380115927713, -0.718928807296727, -0.27495847879281604, -0.01675879123127325, 0.5464047054841727, 0.5155354666621325, -0.0651861167948179, 0.5533559975571479, -0.06512400157938529], [-0.11075711463007257, -0.5193420176132622, -0.27233223382030647, -0.6520812732885488, -0.12412600949802835, 0.040501182313760514, 0.7437301832493738, 0.06467425568183846, -0.13324687360392382, 0.5447353774742606, 0.8536938749695301, 0.27833313185416775, 0.16127314061408515], [-0.5921787396212166, 0.056328802893744256, 0.3963087461967808, -0.1039752991842437, -0.29649355006982947, 0.2084526175050354, 0.28851064166095897, 0.7559097641306397, -0.2245159250903206, -0.4928030066948101, -0.3039802380319364, 0.39597288442981415, 0.008217999018557673]], "inverted": false, "swapped": true, "error_lsq": 0.04197346594666243, "error_max": 0.2684312263352147, "target": "591.xyz", "model": "17.xyz", "model_rescale": 3.901054581598922, "target_rescale": 4.268482965710922},
{"mapping": [4, 1, 5, 6, 2, 3, 9, 10, 8, 12, 11, 13, 14, 7, 15], "R": [[0.7863146410735967, 0.39793281510371165, -0.4726084636323561], [-0.24481305164231865, -0.501655130003978, -0.829703983530432], [-0.5672529021334983, 0.76810911022089, -0.29703962667764827]], "T": [0.008166587437939209, 0.06293797878048604, -0.08962482155018187], "aligned_model": [[0.1683969765803924, 0.22672957680627978, -0.5097683834589908, 0.06349665009234046, -0.329430199858205, -0.519393787978347, 0.7172619906799357, 0.5909556967783971, -0.679354509795079, -0.06724750954585651, -0.18344933148483672, 0.5985732279756178, 0.5862011026150782, -0.14245246395971026, 0.018567175642017805], [-0.0003610586947159766, -0.6854147889494346, 0.4299645041584407, 0.5201329240302188, -0.6375623406352763, 0.38148811315857456, -0.49838021239053765, -0.019715098250623703, -0.19242183726491804, 0.4417034679296721, -0.4101578887393814, -0.044554038098262055, 0.5126171428440155, 0.7462596635298571, 0.005158797199476914], [-0.6281170116184649, -0.3858311971883978, -0.501888599015197, -0.49021387938447186, 0.050304227030682325, 0.12118488407596856, 0.03702267805181897, -0.17113803134476427, 0.16609262934151775, 0.5368452940075263, 0.6209603146574261, 0.40161825936439216, 0.08849933924389852, -0.018790952494947583, 0.023118450124989004]], "inverted": true, "swapped": true, "error_lsq": 0.03912570876068159, "error_max": 0.33611626809934037, "target": "591.xyz", "model": "18.xyz", "model_rescale": 3.9405287249114394, "target_rescale": 4.268482965710922},
{"mapping": [14, 10, 3, 4, 11, 13, 9, 7, 12, 2, 5, 1, 0, 6, 8, 15], "R": [[-0.910960725214997, -0.33094726762580096, 0.24622035489939406], [-0.13086328913213632, 0.797941905158064, 0.5883566227639818], [-0.3911845557704009, 0.5037485702647067, -0.7702025845730319]], "T": [0.1105117185665089, -0.011909286102668858, -0.0451897912338932], "aligned_model": [[0.02233090410450353, -0.4355870190918184, 0.21718499811959902, 0.759304197531428, -0.47423949564209744, 0.11131935972781185, -0.31536096157622007, 0.2277385748098128, 0.553267969738698, -0.5418511457016963, -0.5808308265895751, 0.2610148289877816, 0.47231394481118094, -0.11564847392206276, -0.009415529699972947, 0.07798291236433788], [0.3061252929485505, -0.15194702446930672, -0.42684089165013844, 0.08651936466260565, 0.36814277801439055, 0.6389649062469482, 0.473575704212764, 0.4130846675975508, 0.003962470025808164, -0.5809858248828554, -0.17345278797689187, -0.6431981680048569, -0.4286989438066439, -0.6192148190950821, -0.22146611543657574, -0.031543636940530834], [-0.7457731999474574, -0.5929759151067645, -0.7813155746575908, 0.27737051097820664, -0.2264069205063201, -0.21159886196309124, 0.3694746893320316, 0.5036850145596594, -0.3674537383560317, -0.12200039822793306, 0.38749002689746925, -0.16495032446436192, 0.36476116713960993, 0.32671747210275254, 0.671731087202986, -0.05717794134893553]], "inverted": false, "swapped": false, "error_lsq": 0.043844268278795125, "error_max": 0.2760529891997642, "target": "591.xyz", "model": "19.xyz", "model_rescale": 4.410303926677745, "target_rescale": 4.268482965710922},
{"mapping": [1, 13, 10, 2, 4, 11, 0, 14, 12, 3, 8, 5, 7, 15], "R": [[0.25884095184871864, -0.13155716190226138, -0.9569190534200224], [0.2974850542816045, -0.9316694456361088, 0.20855379772897126], [-0.9189689897516239, -0.33865138006558904, -0.20201791666719027]], "T": [0.08366876922380036, 0.05558285823371655, 0.027543137934671176], "aligned_model": [[-0.39134465754924275, 0.37217326494283576, 0.36653513781846786, -0.6729683204337955, 0.11035101939674359, -0.3829801970290654, -0.43803537299669076, 0.7971572259476126, 0.362663129994902, 0.026743542914110283, -0.5253180377881613, 0.04850984225576562, 0.5396829223370645, 0.048018389650326336], [0.11867393857161285, -0.5720771919612655, -0.02277025877324535, -0.1525366418798598, 0.5134318272858146, -0.6765507645205513, 0.460177164938629, -0.14943433722175842, -0.43560721686351567, 0.05083333419602567, -0.08113795111824434, 0.6489336671426817, 0.17536834208111013, -0.06635544569623181], [-0.6550413786099937, -0.3249654673067176, -0.48914485984825534, -0.06432097452480492, -0.30308771903152953, 0.13564816453391587, -0.01394786322595893, -0.1027090776970968, 0.4992526293222109, 0.6763665580104739, 0.4898501773114315, 0.4961849991040235, 0.5494000057804619, 0.023329844906860926]], "inverted": true, "swapped": true, "error_lsq": 0.04675132871680974, "error_max": 0.2555500303963401, "target": "591.xyz", "model": "20.xyz", "model_rescale": 4.121658175737393, "target_rescale": 4.268482965710922},
{"mapping": [5, 3, 12, 6, 14, 0, 11, 4, 2, 9, 13, 10, 15], "R": [[-0.4009435230329543, 0.40374540866148145, 0.822334443108579], [0.35362460752871727, -0.7598626158966113, 0.5454891767147355], [0.8450999516554737, 0.5095080469899692, 0.1618876825591859]], "T": [0.08284877626319181, -0.0989249612118819, 0.080115768901449], "aligned_model": [[0.21112772861386503, -0.014978429788178815, 0.15610912078905942, 0.5900614176391668, 0.6983748690191005, -0.27575510075494275, -0.6018286466263736, 0.27803225201836435, -0.6926582317654373, -0.01065942896405589, 0.17494620662454946, 0.35833253831451906, 0.009978609544658193], [-0.5771797935854933, 0.0020509348852520426, 0.5324544429243097, -0.3901598803352856, 0.3037435293501134, -0.6537418327161816, 0.4446937247842553, -0.5732875698841728, -0.17241738215430477, 0.13229166401962014, 0.515512801810375, -0.024702286422415634, 0.0015685514871120326], [0.6526045044359086, 0.7160942087651121, 0.45107177361598483, 0.25469464896258776, -0.08435059189220728, 0.11439063851611989, 0.04601082982633332, -0.1576612501738054, -0.05194547254930587, -0.7983653518778269, -0.38403786743368906, -0.4411507386287351, 0.05275440791531215]], "inverted": false, "swapped": true, "error_lsq": 0.04839491951567135, "error_max": 0.3297755154884441, "target": "591.xyz", "model": "21.xyz", "model_rescale": 4.08911054899281, "target_rescale": 4.268482965710922},
{"mapping": [10, 12, 7, 8, 9, 5, 11, 11, 6, 3, 14, 0, 1, 4, 15, 16], "R": [[0.7549649472240582, 0.14888512286933298, 0.6386400775485038], [0.29072110169519916, -0.9489401217625201, -0.12244952567675996], [0.5878002802756265, 0.27811124662177444, -0.7597005758918298]], "T": [-0.005413502539517582, -0.12755454071434827, -0.017641433848606843], "aligned_model": [[-0.007194686711478741, -0.5563377036400261, 0.10907557528942238, 0.5815457801685726, -0.4401787298217683, 0.07916433179148444, 0.19750986496529252, 0.19750986496529252, 0.6205853969556417, -0.6501085462590468, -0.6393290679234335, 0.52459450632227, 0.5156931669398477, -0.018928139142313907, -0.2875681132399609, 0.003490737311914606], [0.30097454749590635, -0.12888830328414114, -0.3230809912171221, 0.2135815188404138, 0.4107516101075067, 0.556097073884456, 0.39821606515064134, 0.39821606515064134, -0.07118508550791236, -0.7067853980584138, -0.13243615150970672, -0.6687211281830024, -0.24305306862788173, -0.8194144403007381, -0.000848459717668365, -0.17039688277724238], [-0.7013775358320915, -0.5090173100912843, -0.6917763211086411, 0.12330893817760419, -0.18720940457447752, -0.1699441381729015, 0.500316486437701, 0.500316486437701, -0.4182809113117594, 0.03838300544721176, 0.08210730943719391, -0.17984387935781956, 0.5698160627755913, 0.06861063748631188, 0.6425413912787343, -0.03637372339484564]], "inverted": true, "swapped": false, "error_lsq": 0.04711914913185631, "error_max": 0.4316630688276782, "target": "591.xyz", "model": "22.xyz", "model_rescale": 4.204369325754507, "target_rescale": 4.268482965710922},
{"mapping": [14, 10, 3, 4, 11, 13, 9, 7, 12, 2, 5, 1, 0, 6, 8, 15], "R": [[-0.910960725214997, -0.33094726762580096, 0.24622035489939406], [-0.13086328913213632, 0.797941905158064, 0.5883566227639818], [-0.3911845557704009, 0.5037485702647067, -0.7702025845730319]], "T": [0.1105117185665089, -0.011909286102668858, -0.0451897912338932], "aligned_model": [[0.02233090410450353, -0.4355870190918184, 0.21718499811959902, 0.759304197531428, -0.47423949564209744, 0.11131935972781185, -0.31536096157622007, 0.2277385748098128, 0.553267969738698, -0.5418511457016963, -0.5808308265895751, 0.2610148289877816, 0.47231394481118094, -0.11564847392206276, -0.009415529699972947, 0.07798291236433788], [0.3061252929485505, -0.15194702446930672, -0.42684089165013844, 0.08651936466260565, 0.36814277801439055, 0.6389649062469482, 0.473575704212764, 0.4130846675975508, 0.003962470025808164, -0.5809858248828554, -0.17345278797689187, -0.6431981680048569, -0.4286989438066439, -0.6192148190950821, -0.22146611543657574, -0.031543636940530834], [-0.7457731999474574, -0.5929759151067645, -0.7813155746575908, 0.27737051097820664, -0.2264069205063201, -0.21159886196309124, 0.3694746893320316, 0.5036850145596594, -0.3674537383560317, -0.12200039822793306, 0.38749002689746925, -0.16495032446436192, 0.36476116713960993, 0.32671747210275254, 0.671731087202986, -0.05717794134893553]], "inverted": false, "swapped": false, "error_lsq": 0.043844268278795125, "error_max": 0.2760529891997642, "target": "591.xyz", "model": "23.xyz", "model_rescale": 4.410303926677745, "target_rescale": 4.268482965710922},
{"mapping": [6, 15, 14, 7, 5, 12, 0, 0, 13, 8, 4, 11, 1, 10, 3, 16], "R": [[-0.5812060368404238, -0.6896768408654979, 0.43190901578229957], [0.8091242701571957, -0.4332303805457366, 0.3970256324405037], [-0.08670327665569279, 0.5802217615239736, 0.8098303830254725]], "T": [0.026414910182504303, -0.15087733165386932, -0.09464752383384191], "aligned_model": [[-0.021230116428192336, -0.40339941619077013, 0.20556349667647897, 0.6382132276024126, -0.41916961562357, 0.12844044386702216, 0.1372214707228209, 0.1372214707228209, 0.47407098047502977, -0.6644760399101368, -0.5733568696088098, 0.4410030154682472, 0.48142007624662697, -0.14701123076498113, -0.20364577605254747, 0.01865912076925838], [0.29993685787192204, -0.23139800522944434, -0.34557386111776234, 0.034953064535809125, 0.2854016252700716, 0.6452379343484063, 0.41010489416660323, 0.41010489416660323, 0.1843649009034373, -0.5925690357541106, -0.1359743886894459, -0.6250110169792726, -0.3653754765923223, -0.6956656581049333, -0.11992249258723628, -0.14558726476258899], [-0.7048889577936045, -0.6586424323267939, -0.717663603390832, 0.08728867195043293, -0.17660565665460903, -0.13899962072015504, 0.39871508068833006, 0.39871508068833006, -0.5205622008166657, -0.0373343415494279, 0.24289667689860855, -0.1581726212843138, 0.6005475525607338, 0.21666100363420993, 0.7744697658465999, 0.025152695903385702]], "inverted": true, "swapped": false, "error_lsq": 0.041433637733662446, "error_max": 0.3335276049529067, "target": "591.xyz", "model": "24.xyz", "model_rescale": 4.28219845311461, "target_rescale": 4.268482965710922},
{"mapping": [0, 6, 8, 3, 2, 4, 13, 7, 1, 10, 14, 5, 9, 11, 12, 15], "R": [[0.04157041286816183, -0.9380534474107642, -0.34398783492261975], [0.7087837811679101, 0.27034258060084887, -0.6515676792685423], [0.7041998667475671, -0.21672706087347388, 0.6761153220848162]], "T": [0.03397162633102575, -0.029616586906082994, 0.0315517211506342], "aligned_model": [[-0.08487157571790531, -0.5030205118559655, 0.05051116480777723, 0.7821248133326174, -0.48968467891201223, 0.2885605489873187, -0.18682071811294498, 0.4175167480998914, 0.4610997702400744, -0.4049112886937114, -0.6982010775887958, 0.5107979119288261, 0.4555670845160161, -0.09632864018639224, -0.29671162883992525, 0.023896315966842052], [0.4006859740104968, -0.137069008886204, -0.4996240917056047, 0.14787201277714412, 0.3915581719680094, 0.6304390164902552, 0.306664728061483, 0.4341600622609853, -0.09081631731390283, -0.6489075868803221, -0.22243592643215654, -0.7145386178849382, -0.2373796484187947, -0.5065180049461293, -0.2554085741840609, 0.014344782529475436], [-0.6512880634483568, -0.6841930346785586, -0.47910026017121266, -0.06230961605310049, -0.09950521630206144, -0.153271583417583, 0.46868107817853316, 0.5248572704858279, -0.44141079377575243, -0.19988998442157835, 0.11454846105103622, -0.13815150733057924, 0.5173144860755746, 0.2597269811274278, 0.6827709342145836, -0.027202057899971134]], "inverted": false, "swapped": false, "error_lsq": 0.04543240679945488, "error_max": 0.30688715098297686, "target": "591.xyz", "model": "25.xyz", "model_rescale": 4.100010024507729, "target_rescale": 4.268482965710922},
{"mapping": [6, 0, 1, 2, 14, 13, 10, 11, 8, 12, 3, 15], "R": [[0.1243929228970222, -0.7487866935443034, -0.65103370750225], [0.035125236522705494, -0.6523954749066992, 0.7570643051158115], [-0.9916111226142835, -0.1170411546946292, -0.054852070292637]], "T": [-0.15582578129787594, -0.0015521947294710875, 0.003191798717926693], "aligned_model": [[-0.7477487844489352, 0.00632223440846752, 0.3492398159948138, 0.5639541591590337, -0.5355317721620038, 0.09805941373374805, -0.18218697104063464, 0.6050500493832845, 0.259852846014855, -0.19968386973897673, -0.2857689634874461, -0.05479255545319903], [-0.12624035923098043, -0.6425266203882428, -0.3251773404856242, -0.31306414396685345, 0.6113873202880703, 0.6798213027993764, 0.25578839820184474, 0.2690662758465302, -0.2953225436640257, 0.5384755524303216, -0.05687474749677739, 0.07079829571700032], [0.08467950960543363, 0.024477353896537244, 0.5826012996109249, -0.09235698321665928, 0.2227185155874053, 0.27287080056855584, 0.5381684219311991, -0.3334106518324821, -0.5834900318887988, -0.494866318229286, -0.6326454873589533, -0.023554138819519878]], "inverted": false, "swapped": true, "error_lsq": 0.04240846038811046, "error_max": 0.21456658099144127, "target": "591.xyz", "model": "26.xyz", "model_rescale": 3.6694154284099745, "target_rescale": 4.268482965710922},
