[{"mapping": [7, 10, 5, 3, 9, 0, 4, 2, 6, 1, 8, 11], "R": [[0.06917832601221176, -0.4941898435246658, -0.866597229263523], [-0.06387400212567293, 0.8647017327779584, -0.49820781324989905], [0.9955573670374792, 0.08981821579091315, 0.02825273525765757]], "T": [-0.04640181355812428, 0.050026743085487435, -0.014184603743341143], "aligned_model": [[-0.3728200433431579, -0.4752079304477435, 0.18724435754988297, -0.35397368369585464, -0.6176932733107054, 0.50118422408163, 0.33515756587278983, 0.6507365981892503, -0.37283312991366424, 0.32815863562056985, -0.0711347167440772, 0.003172621073291179], [-0.7753248233584338, 0.05249872873591119, -0.39310086737119493, 0.662687398933518, 0.13489175700862227, 0.031059394886143038, 0.7552506609523633, 0.03466480173236508, -0.45445509812765145, -0.5330027347649602, 0.15618281340367832, 0.030296929154190303], [-0.3441076870500163, -0.541328369114663, -0.6757990837144399, -0.07805149863236567, 0.1749725316059666, -0.30155399161508356, -0.11124197018364078, 0.3889435287538024, 0.39090199816240884, 0.13299439403638358, 0.6112933438501801, -0.05874204713178359]], "inverted": false, "swapped": false, "error_lsq": 0.05461903897462785, "error_max": 0.3470442108861279, "target": "592.xyz", "model": "0.xyz", "model_rescale": 3.751011558992144, "target_rescale": 3.937639716839365},
{"mapping": [10, 11, 5, 7, 6, 13, 3, 2, 4, 8, 1, 14], "R": [[-0.6439915538173339, 0.6399007891294394, -0.4192873223500291], [0.7405437375170191, 0.38385661707876645, -0.5515877721171583], [-0.1920152375106225, -0.6657184672189638, -0.721074941297625]], "T": [-0.008037646465658115, -0.010091266030928959, -0.050844996720545904], "aligned_model": [[-0.4348166528275583, -0.6029038164732167, 0.41420130167992986, -0.3081861328159404, -0.7291206582983927, 0.52524958441576, 0.4207938164619096, 0.803478300981538, -0.34530331406450226, 0.2873854327729955, -0.2710168681278732, -0.017769768772438757], [-0.6320880536946762, 0.14817348525449153, -0.3952876690730079, 0.560729910388463, 0.16076292754709293, 0.13424045781470031, 0.6200225355862307, 0.02679255555922953, -0.6020312357378591, -0.45964110316653506, 0.1281281691818342, 0.011846981524587557], [-0.37245566817531817, -0.5586023178964975, -0.30268631332283047, 0.10326890430742863, 0.06987732869268133, -0.5223057916665913, -0.10050446638896024, 0.10349084724284902, 0.3509421504510293, 0.3378044601482052, 0.5795698398269744, -0.10011782425222128]], "inverted": false, "swapped": false, "error_lsq": 0.05247796631804285, "error_max": 0.30291649576771834, "target": "592.xyz", "model": "1.xyz", "model_rescale": 3.9405287249114394, "target_rescale": 3.937639716839365},
{"mapping": [10, 8, 3, 2, 5, 4, 1, 7, 11, 6, 0, 12], "R": [[0.9227491411588628, 0.37492132625426555, 0.08926377546532609], [-0.08523749844740451, 0.4244081541861425, -0.9014501026228465], [-0.37585714220832667, 0.824203687070165, 0.42357961574057795]], "T": [-0.02323182139135175, -0.02270845587188387, -0.04587514727765723], "aligned_model": [[-0.2903923219047447, -0.2805744811276245, 0.28312874845903535, -0.370785760480795, -0.6457772416170636, 0.32351023194412404, 0.3609641066533896, 0.7523643998000227, -0.4498944285231235, 0.182156561834834, -0.07036045128746357, -0.052348138818379825], [-0.6901997487462598, -0.09635290491449082, -0.41722207446672466, 0.5579508646405987, 0.14092095511167488, 0.2375753450542809, 0.6524108039038086, -0.18371724415507515, -0.48744924412416796, -0.2974405668406496, 0.2281086112260169, 0.05706416449553936], [-0.48697350389973537, -0.7732272083284487, -0.3239073118792404, 0.03293246940375536, 0.29137682972754053, -0.59698131972262, 0.10850686693393102, -0.007973631142014721, 0.2851676119655373, 0.37566200722690485, 0.7527484683088103, -0.06905012962767149]], "inverted": false, "swapped": false, "error_lsq": 0.050810334146615725, "error_max": 0.314762529752578, "target": "592.xyz", "model": "2.xyz", "model_rescale": 3.932901565614263, "target_rescale": 3.937639716839365},
{"mapping": [11, 1, 10, 0, 3, 6, 4, 5, 8, 9, 7, 13], "R": [[-0.08637208770455804, 0.9291847366566768, -0.35938223054266116], [0.38377475311635445, 0.36392329186916006, 0.8486912138732174], [0.9193784864439875, -0.06461859484216914, -0.3880304573929555]], "T": [-0.06525204157251806, -0.015299447535277694, -0.0510688184715606], "aligned_model": [[-0.4804830717526134, -0.3555097485488757, 0.13079247236564712, -0.37692051002900917, -0.5556485647383584, 0.4857873188991121, 0.28904442820729304, 0.6242889482807162, -0.40376933385710634, 0.30000801747750033, 0.04658924518942337, 0.037812023438481626], [-0.7651294097838013, 0.2033470278963557, -0.41505862903198665, 0.5754791708111225, 0.015677562769410954, 0.10413344183060735, 0.7645226221057122, 0.024950865427229917, -0.48475966820387495, -0.4283721642832006, 0.1649264665489208, -0.05806832490194498], [-0.30216027124799966, -0.6966017790818647, -0.6122324182043498, -0.10392446166801113, 0.08762924561246889, -0.43679368003805524, 0.12091361010816852, 0.148211941445971, 0.4003731706765596, 0.434471045319367, 0.6306589085684142, -0.0822641625239201]], "inverted": true, "swapped": false, "error_lsq": 0.04040927098617291, "error_max": 0.2527969117966501, "target": "592.xyz", "model": "3.xyz", "model_rescale": 3.9243930471874484, "target_rescale": 3.937639716839365},
{"mapping": [7, 1, 2, 9, 8, 5, 11, 6, 4, 3, 10, 12], "R": [[0.24782867460182956, 0.9384534120024794, -0.24059538970230737], [0.840558678843192, -0.3317668904951606, -0.42824273232894455], [-0.4817074376283684, -0.09610371414298596, -0.8710465088968756]], "T": [-0.026002249088912754, 0.0238905867690248, 0.0001827067526509879], "aligned_model": [[-0.5587117468365292, -0.19477576184380305, -0.0012273588127479744, -0.4098110586794646, -0.6126866922630171, 0.5035275097969688, 0.18674386128518716, 0.6681756024611395, -0.26724638493905123, 0.4124708608342988, -0.029471287633368187, 0.04500368156259786], [-0.47584317436619616, 0.020407000468863977, -0.84837299766889, 0.6002875469044209, 0.08617859022425695, 0.18501818333850467, 0.7623919442935835, 0.1599240140972285, -0.47415473746942305, -0.4499478527892294, 0.11324154379102191, 0.022518900360409086], [-0.33058234264541453, -0.6938372252387499, -0.2994119100028959, -0.13451968299687317, 0.21985960057464493, -0.5167885031351783, 0.1885677349332186, 0.14553927455543875, 0.21493696482968133, 0.19037165342395462, 0.6995624975457096, -0.09541691287678793]], "inverted": true, "swapped": false, "error_lsq": 0.056683291703821324, "error_max": 0.4114739682709674, "target": "592.xyz", "model": "4.xyz", "model_rescale": 3.8936222436046832, "target_rescale": 3.937639716839365},
{"mapping": [6, 1, 9, 4, 5, 0, 2, 3, 7, 8, 10, 11], "R": [[0.7674899776409183, -0.17275159589079464, -0.617345948668918], [-0.5609190881376986, 0.2852729283292786, -0.777167377676914], [0.3103689913369496, 0.9427492999093777, 0.12204444574360063]], "T": [0.016342601967719635, -0.08710417235283138, 0.020723913922832377], "aligned_model": [[-0.5324876500238066, -0.19855660041950185, 0.2669195977822344, -0.43584138112148235, -0.7745441165621072, 0.5827156106192091, 0.20844964226706394, 0.5812358355493304, -0.368619662975537, 0.4491060152646896, 0.09621223793105839, -0.13259830337893977], [-0.5773825710914987, 0.1900266315262699, -0.5070912672418706, 0.5355367357209841, 0.024629280561742545, 0.19760576534658383, 0.6334120894196767, 0.013757871571254354, -0.39524718447421003, -0.5682104207943417, 0.17137348289985802, -0.016761452259897253], [-0.2842696504959623, -0.7004734359861281, -0.35724163095724704, 0.21686810562233033, -0.117784898070385, -0.5964309899896909, -0.012587743389872591, 0.05241799965434037, 0.4409613064030553, 0.37725642597876763, 0.5919310063781169, -0.022365346180576687]], "inverted": false, "swapped": false, "error_lsq": 0.05771497728076053, "error_max": 0.3175196060131725, "target": "592.xyz", "model": "5.xyz", "model_rescale": 3.6523030999806103, "target_rescale": 3.937639716839365},
{"mapping": [6, 10, 8, 4, 2, 9, 11, 7, 1, 5, 3, 12], "R": [[-0.10385306373556388, -0.808220995530927, -0.5796493453250289], [0.8785520735685375, 0.19864405690658024, -0.4343809303872795], [0.4662196855358642, -0.5543639247269732, 0.6894344376227134]], "T": [-0.018382774416542527, -0.08763730899022865, -0.0309480427872966], "aligned_model": [[-0.41867340620644605, -0.3166568484817945, 0.22797934641641687, -0.30940082861848733, -0.7410663801643143, 0.4304707417447636, 0.32182679628396793, 0.5352318202239343, -0.4103483753850241, 0.3961707405761044, -0.011278836025798614, 0.03773645456888897], [-0.4204816299936774, 0.2481782830773152, -0.6121952231158345, 0.4046203328118036, 0.0434153498746882, 0.06784094898224449, 0.7216295757502049, 0.18756931849263486, -0.5016050384453477, -0.544324031550738, 0.19594556687413728, -0.0889444915728798], [-0.4203148751563398, -0.6688614432828771, -0.37423772048438486, 0.015122643586290844, 0.1607945993060917, -0.575943370756371, -0.0935064987086727, 0.2598959918562778, 0.3657490111728166, 0.2579916578959534, 0.6032214846450895, 0.05836966889287411]], "inverted": false, "swapped": false, "error_lsq": 0.04832949967432376, "error_max": 0.33585307975481044, "target": "592.xyz", "model": "6.xyz", "model_rescale": 4.08911054899281, "target_rescale": 3.937639716839365},
{"mapping": [4, 5, 6, 12, 10, 2, 13, 1, 8, 9, 11, 14], "R": [[0.5941507273138236, -0.7783377866245966, -0.20291673943955024], [0.7316035731228903, 0.41809265784886296, 0.5384744573762932], [-0.33427701839383805, -0.46838960211046254, 0.8178447625365881]], "T": [0.0015435415943272843, -0.0604146204907456, -0.10473709720241976], "aligned_model": [[-0.4308682238647252, -0.6101784867530631, 0.21689525457092348, -0.3371324417042216, -0.6315190512890297, 0.6853132416025861, 0.26401378114433427, 0.6595010959424915, -0.35008400013216046, 0.26863339070461517, -0.05786541115297692, 0.06528207586343737], [-0.5314763865486396, 0.07187647451142547, -0.29122731114905126, 0.5618926155945082, 0.044861847597487944, 0.12607638312042868, 0.6227058684725642, 0.016572680236050644, -0.5392527861941863, -0.47949940131422086, 0.20350419454265595, -0.10438521768447168], [-0.4013350866650224, -0.5392442384567484, -0.49137919010306913, -0.027056982218659445, 0.2230181731757258, -0.48921030330912263, -0.08602097418738698, 0.21008169362554097, 0.23025701655203895, 0.5015534823814739, 0.41617412206818716, 0.04144343610379063]], "inverted": false, "swapped": false, "error_lsq": 0.055993291243201786, "error_max": 0.3179174678205932, "target": "592.xyz", "model": "7.xyz", "model_rescale": 3.964800864290218, "target_rescale": 3.937639716839365},
{"mapping": [4, 9, 6, 8, 7, 10, 5, 3, 2, 0, 1, 13], "R": [[0.9795968581481396, 0.14080246674475336, 0.14340383838965562], [-0.03199728070198436, 0.8137163532857299, -0.5803807977725068], [-0.19840909639926355, 0.5639506731567627, 0.8016192791544263]], "T": [-0.05406928119754166, -0.10147501429418744, -0.07886708032111378], "aligned_model": [[-0.2904979453928214, -0.30034160937909943, 0.25212396688017874, -0.30421772785320295, -0.6681971381017673, 0.33988764865044024, 0.3813872427458045, 0.653845797530244, -0.34944618903105445, 0.2844993091673471, -0.1961814827935741, -0.06087064749028404], [-0.7212264632657254, 0.28059492230658273, -0.535161310854295, 0.6246213054038982, 0.07900039004911462, 0.3869748399089778, 0.6103727404782081, -0.18216870070864938, -0.5525217719550695, -0.4310867602329043, 0.16895643077710287, -0.026706660722689582], [-0.31360741187569985, -0.5958092731304576, -0.31267835931794186, -0.11446863315151601, 0.232787806954952, -0.6092902042145678, -0.02670279417572763, 0.05643800452452091, 0.3057340539419172, 0.4595442671450277, 0.6065458221300855, -0.10021212986384423]], "inverted": true, "swapped": false, "error_lsq": 0.044599270093622294, "error_max": 0.2732859602598732, "target": "592.xyz", "model": "8.xyz", "model_rescale": 4.121658175737393, "target_rescale": 3.937639716839365},
{"mapping": [8, 6, 2, 9, 7, 1, 4, 0, 11, 3, 5, 12], "R": [[-0.5620734990797538, 0.2673148702700253, -0.7826979888595356], [-0.6989739262767753, -0.659435068463061, 0.2767324355155122], [-0.44216380677015077, 0.7026294547011516, 0.5574971007717362]], "T": [-0.06148912206439534, -0.07043636696524748, 0.04394503663997806], "aligned_model": [[-0.46274024891814564, -0.3113182464079224, 0.31604830033685066, -0.47301038899405334, -0.7008115920507417, 0.42393476146130715, 0.3318131770555029, 0.6892643017216823, -0.3665400457451314, 0.29627746604459454, 9.937602031871717e-05, -0.0010256355920505444], [-0.46608476300845436, 0.14541568547717576, -0.502714723814472, 0.6356759753738614, -0.003680079316980403, 0.11433964002798495, 0.7128414634911446, 0.10069670869036786, -0.5584222739086406, -0.7407760717997357, 0.30616648765647714, -0.04180908768417746], [-0.4175885132069782, -0.5652965822437888, -0.34713982339073624, -0.1149430494329976, 0.2489359821551013, -0.4089933656356437, -0.09718277614422899, 0.20490158423096488, 0.3119856364372246, 0.25685755394529175, 0.5298411706750349, -0.013096668422495475]], "inverted": false, "swapped": false, "error_lsq": 0.04592337788341514, "error_max": 0.2896540121278827, "target": "592.xyz", "model": "9.xyz", "model_rescale": 3.833441315466971, "target_rescale": 3.937639716839365},
{"mapping": [4, 12, 5, 11, 7, 0, 10, 13, 3, 2, 8, 14], "R": [[-0.1717411968310266, -0.790348660356681, 0.5880934928933036], [0.9736521590703145, -0.0452676232016888, 0.22350014636994084], [-0.1500214466293458, 0.6109826817202509, 0.7772989953609672]], "T": [-0.08789210238611044, -0.004530391046848929, -0.15377291675924482], "aligned_model": [[-0.359522745082292, -0.2775378891688968, 0.3337362278025271, -0.4534198863256343, -0.6489193766654467, 0.49759351438235366, 0.2707864913620577, 0.6720494321976758, -0.45513063182090385, 0.23274869733352505, 0.042777814147723595, -0.11317042323047795], [-0.7209571363007261, 0.36710624944063225, -0.5120572870107565, 0.538011856035652, 0.041984171915897685, 0.15430776260932125, 0.7222908270867908, -0.17109740797081194, -0.6402095433378665, -0.42677846621145543, 0.3962588422913026, -0.04721090736342892], [-0.37482063270228383, -0.5884460586871645, -0.3023703680247116, 0.039551759220056215, 0.2025959507487055, -0.46328865982252804, -0.016533247649184846, 0.020671441997772766, 0.3103065242729729, 0.3315582026866158, 0.5018586304759363, -0.07280239354943785]], "inverted": false, "swapped": false, "error_lsq": 0.04985692798473804, "error_max": 0.28056772623137155, "target": "592.xyz", "model": "10.xyz", "model_rescale": 4.2482417240324, "target_rescale": 3.937639716839365},
{"mapping": [4, 5, 9, 2, 6, 7, 3, 8, 0, 10, 1, 11], "R": [[0.3856262912827407, -0.1734766831684931, -0.9061998697132863], [0.818500129356346, -0.38899874253424765, 0.4227735996374642], [-0.42585197159947913, -0.9047573258634782, -0.008017454783410205]], "T": [-0.04074589812770704, 0.020455485454355632, 0.01125022847871069], "aligned_model": [[-0.5067061086809553, -0.35900645759603245, 0.3750138550958402, -0.3345542566563081, -0.6878757555612455, 0.33400249329427834, 0.46353855683175604, 0.5220963896222504, -0.23918008504106042, 0.2709142010297423, -0.05508373878833654, -0.04116786861771763], [-0.6210209985563042, -0.03717533401026328, -0.4781874858140799, 0.6997316282779084, 0.012766716875001527, 0.23637988424137307, 0.6540224314490771, 0.023985177615982844, -0.4339688405104143, -0.530952121924995, 0.24726764170485013, -0.07119973816358545], [-0.35919353631527245, -0.6666694387800839, -0.4964996281859535, 0.015475939562372684, -0.02932031007770431, -0.5098030738142995, 0.05984796382619468, 0.2563092608534681, 0.5839297910347293, 0.12880870606259734, 0.6802025629991855, -0.07480708819848517]], "inverted": false, "swapped": false, "error_lsq": 0.052823909217837604, "error_max": 0.3590026530856072, "target": "592.xyz", "model": "11.xyz", "model_rescale": 3.6694154284099745, "target_rescale": 3.937639716839365},
{"mapping": [3, 11, 8, 6, 0, 9, 7, 10, 1, 2, 12, 13], "R": [[0.44548331009766945, -0.5611555008590596, -0.6976024113204038], [0.338088531033842, 0.826940239535024, -0.44929498708658683], [0.8289998586295433, -0.03569795643135901, 0.5581083141280214]], "T": [-0.07516429930596197, 0.08656643097549997, -0.001667805075478264], "aligned_model": [[-0.3182949868235912, -0.15545514721694442, 0.23449891164795128, -0.4123914169436827, -0.7016574959396835, 0.5205188370084122, 0.36501381472959116, 0.5383790900117744, -0.41629955764386334, 0.16932610266478135, 0.10029603836157686, -0.18194296492411083], [-0.7015378939516259, 0.16645200265653487, -0.41936026995493136, 0.5010459849791045, 0.15278708761970383, 0.19883143362681116, 0.6850468907183265, 0.06986886921338066, -0.5756212855323183, -0.4941169110162318, 0.06151936536197608, 0.056733687463820945], [-0.2487061470827162, -0.7311884175916731, -0.4715025849486289, -0.18697674683598248, 0.33576213377217345, -0.5282078673503833, -0.016823190245869042, 0.1620834946572175, 0.40033674430979527, 0.16963564809991713, 0.6543465352222274, 0.04952154696067103]], "inverted": true, "swapped": false, "error_lsq": 0.047211027812058555, "error_max": 0.19859077666250302, "target": "592.xyz", "model": "12.xyz", "model_rescale": 3.9764082729961374, "target_rescale": 3.937639716839365},
{"mapping": [11, 13, 14, 9, 1, 6, 5, 4, 8, 3, 0, 15], "R": [[0.327195595543144, 0.9176192104050727, -0.2256502314484484], [0.6842554065875501, -0.3947642980437309, -0.6131522547832201], [-0.6517189431134205, 0.046218326296084467, -0.7570510455058594]], "T": [-0.11215981608119137, 0.02932506645924686, -0.010635074908369777], "aligned_model": [[-0.34621172680985374, -0.17629446517928576, 0.22364709494224783, -0.2658148445491956, -0.70049176142335, 0.44880491216926605, 0.2513107587322801, 0.548539490617588, -0.43559083804759374, 0.16023904206971412, 0.05352280372840089, -0.019669241318007014], [-0.6570389902999509, -0.013985386173228823, -0.49469883684202703, 0.5772977863683244, 0.11903884970403938, 0.11186148309309275, 0.7824707934473847, 0.19338625807831406, -0.534344925991369, -0.7491417579701009, 0.3889141014468604, -0.02211041367678828], [-0.3341606278755649, -0.6176700802126218, -0.5120737120843081, 0.18331119852725591, 0.211039320200342, -0.5226556987970624, -0.06966524515200022, 0.21832796427374745, 0.2674320937560378, 0.15738787785279723, 0.5979312147528043, 0.009076843725320957]], "inverted": false, "swapped": false, "error_lsq": 0.05145399522937933, "error_max": 0.31179443472294305, "target": "592.xyz", "model": "13.xyz", "model_rescale": 4.170626492500431, "target_rescale": 3.937639716839365},
{"mapping": [7, 4, 10, 2, 0, 12, 6, 11, 1, 9, 3, 13], "R": [[-0.4349520370942137, 0.42462869958341193, 0.7940448305465467], [-0.5240858925305855, 0.5976972518420494, -0.6067058367865611], [-0.7322231235614002, -0.6800356333535488, -0.03742772623903837]], "T": [-0.05825132828022092, 0.016620515932266808, -0.09882894529730234], "aligned_model": [[-0.4437335170242266, -0.23702052902690338, 0.20264084022135667, -0.4738577907370879, -0.6388195208691271, 0.375321055796762, 0.35519269892183036, 0.5969006523111687, -0.36263010430834774, 0.31773085933143275, 0.016436006737116204, 0.033830573578236794], [-0.6722506620174921, 0.4094877882672167, -0.4442577108295047, 0.5096480387943759, -0.09787772743123359, -0.00122067491121651, 0.7161668392228925, 0.03142150743904114, -0.45836056174180345, -0.5624825311130358, 0.21427572496132868, 0.0570989305439822], [-0.2840039577586232, -0.6616433105950523, -0.29339215221551357, 0.03204235522685954, -0.02340260673704965, -0.6882378024255783, 0.11839960939016018, 0.1661549487580556, 0.4232448104600084, 0.3249439820653121, 0.5575458140906325, -0.0833705412924631]], "inverted": false, "swapped": false, "error_lsq": 0.04898168220562574, "error_max": 0.2998157036564103, "target": "592.xyz", "model": "14.xyz", "model_rescale": 3.9786697098870705, "target_rescale": 3.937639716839365},
{"mapping": [10, 4, 1, 2, 5, 0, 3, 9, 7, 6, 8, 11], "R": [[-0.25256668303036206, -0.9674206937016008, 0.017529176277115616], [0.846292039978378, -0.22965295975465133, -0.4806758795125506], [0.4690414200177594, -0.10656791015048611, 0.8767231186833628]], "T": [-0.00964771625442742, -0.07229050425455037, -0.028229425980799847], "aligned_model": [[-0.4619985622453739, -0.4299636213770121, 0.20361150442297254, -0.26206635578890514, -0.7419657382301179, 0.37320115580637475, 0.43290584678450533, 0.5166102792521133, -0.26879171046296035, 0.4869930273319858, -0.18098069302816014, 0.07443609246678898], [-0.7005407488780308, 0.022964829289007296, -0.524655713322114, 0.7304190692365695, 0.15891793426021833, 0.2744056700199697, 0.6967066302953927, 0.05032306367738622, -0.5052346882874322, -0.6517054596399195, 0.26957942550774155, -0.1195310509742379], [-0.33319062147737305, -0.4631727457635453, -0.4870957615445121, -0.24221444253172708, 0.20610486595941524, -0.4940986028791288, 0.21247575302077365, 0.2806924139296581, 0.39871287593884636, 0.1838601119262389, 0.3267326680745679, -0.0005253656864654052]], "inverted": false, "swapped": false, "error_lsq": 0.05835439992624728, "error_max": 0.3496923697756559, "target": "592.xyz", "model": "15.xyz", "model_rescale": 3.769337070930944, "target_rescale": 3.937639716839365},
{"mapping": [7, 2, 10, 9, 6, 5, 3, 1, 4, 8, 11], "R": [[0.3180421156865052, -0.8450171632529756, 0.42987812977348083], [0.2692702277003566, -0.35423868946431314, -0.8955492702028203], [0.9090339691803875, 0.40057576648431925, 0.11487514170459312]], "T": [-0.03827690851031986, 0.048760367509097284, 0.008322486918834839], "aligned_model": [[-0.2821760381584935, -0.349548839886372, -0.1294381275241877, -0.6827726051967652, 0.4450080630552832, 0.2495613465907411, 0.5971285531646134, 0.4372309658380445, 0.1587963619990249, -0.46847051921379385, -0.05269302997692378], [0.0461868491665068, -0.5128705021685305, 0.7032048719575861, 0.08056000755087667, 0.2576899839601079, -0.5320510633745705, 0.3068720897116865, -0.39688279613675254, 0.42174983377784203, 0.1913295582592453, 0.03027566492134437], [-0.6584930865747808, 0.07903280655840231, -0.11125742097729055, -0.06976667731455122, -0.6573316708901922, -0.3994934771746051, 0.09727817280112602, 0.3174095995091618, 0.5817978836871842, 0.5106926662941514, 0.05434881130517126]], "inverted": true, "swapped": true, "error_lsq": 0.05196568341805161, "error_max": 0.28290721173434225, "target": "592.xyz", "model": "16.xyz", "model_rescale": 3.7852294659196426, "target_rescale": 3.937639716839365},
{"mapping": [5, 4, 1, 10, 6, 0, 9, 8, 7, 2, 11, 12], "R": [[0.6509847194266054, -0.667992044817452, -0.36056278667336605], [0.3374271194890217, 0.6801297986788402, -0.6508197876389608], [0.6799719362638472, 0.3020100743513033, 0.6681527376909527]], "T": [0.09163009747764217, -0.09212977172457959, -0.08149555246205953], "aligned_model": [[-0.4427866764223256, -0.1756418084343251, 0.05974333948678781, -0.4118962403755474, -0.7310267959499738, 0.4100713228719235, 0.31131671722959775, 0.6066049905837019, -0.3315530802781642, 0.3172055288777256, 0.059298846185519005, 0.07065508115729136], [-0.35989809889779856, -0.02674471971349099, -0.7297506059481982, 0.5357574759507998, 0.04482689492656561, 0.26801104246957264, 0.7275920484063759, 0.18296135461665952, -0.4564043446451659, -0.5449226758093826, 0.07009815428873556, -0.00987756446012121], [-0.3551885288015878, -0.7342414512414284, -0.33971456933703525, -0.11988704336736888, 0.22160796625360296, -0.5658930500399095, 0.0829906543000713, 0.2071766542554911, 0.3423523433265636, 0.26227956558662296, 0.6330454643064515, -0.04624685627472514]], "inverted": false, "swapped": false, "error_lsq": 0.05174117484752272, "error_max": 0.38918784300642656, "target": "592.xyz", "model": "17.xyz", "model_rescale": 3.901054581598922, "target_rescale": 3.937639716839365},
{"mapping": [10, 11, 5, 7, 6, 13, 3, 2, 4, 8, 1, 14], "R": [[-0.6439915538173339, 0.6399007891294394, -0.4192873223500291], [0.7405437375170191, 0.38385661707876645, -0.5515877721171583], [-0.1920152375106225, -0.6657184672189638, -0.721074941297625]], "T": [-0.008037646465658115, -0.010091266030928959, -0.050844996720545904], "aligned_model": [[-0.4348166528275583, -0.6029038164732167, 0.41420130167992986, -0.3081861328159404, -0.7291206582983927, 0.52524958441576, 0.4207938164619096, 0.803478300981538, -0.34530331406450226, 0.2873854327729955, -0.2710168681278732, -0.017769768772438757], [-0.6320880536946762, 0.14817348525449153, -0.3952876690730079, 0.560729910388463, 0.16076292754709293, 0.13424045781470031, 0.6200225355862307, 0.02679255555922953, -0.6020312357378591, -0.45964110316653506, 0.1281281691818342, 0.011846981524587557], [-0.37245566817531817, -0.5586023178964975, -0.30268631332283047, 0.10326890430742863, 0.06987732869268133, -0.5223057916665913, -0.10050446638896024, 0.10349084724284902, 0.3509421504510293, 0.3378044601482052, 0.5795698398269744, -0.10011782425222128]], "inverted": false, "swapped": false, "error_lsq": 0.05247796631804285, "error_max": 0.30291649576771834, "target": "592.xyz", "model": "18.xyz", "model_rescale": 3.9405287249114394, "target_rescale": 3.937639716839365},
{"mapping": [3, 12, 1, 13, 14, 0, 7, 8, 10, 2, 11, 15], "R": [[-0.20789876509666985, 0.14021998785932677, -0.9680477562992491], [-0.5646138324899719, 0.7909476092429444, 0.23582429814134304], [0.7987423387002006, 0.5956007340808114, -0.08526688648081972]], "T": [0.03865355967289437, 0.08328478427186116, -0.07922937565728778], "aligned_model": [[-0.4536206063174194, -0.2996544141150062, 0.18855512376977057, -0.3909624474828748, -0.7186512084445641, 0.5515145872919591, 0.3371745942774969, 0.78377383662376, -0.34065171139833134, 0.27689493857697745, -0.23182917378305973, 0.03944770593350275], [-0.5558665576959728, 0.09316963173273168, -0.45503873532690553, 0.5598883522028001, 0.017611343116153685, 0.023428423748662747, 0.7185246196899329, 0.18299109971139693, -0.44426852371523184, -0.6331533263223594, 0.14299643204459545, 0.05136620199874745], [-0.35232331999370725, -0.5100298710975709, -0.43030875885650827, 0.11979065047827502, 0.06880929965938797, -0.5331732492918871, -0.02462999527653833, 0.005189692532869286, 0.3631720885310507, 0.3512154664294904, 0.5859674462851179, -0.05539830043323057]], "inverted": false, "swapped": false, "error_lsq": 0.046911390712693575, "error_max": 0.235016885531664, "target": "592.xyz", "model": "19.xyz", "model_rescale": 4.410303926677745, "target_rescale": 3.937639716839365},
{"mapping": [4, 9, 6, 8, 7, 10, 5, 3, 2, 0, 1, 13], "R": [[0.9795968581481396, 0.14080246674475336, 0.14340383838965562], [-0.03199728070198436, 0.8137163532857299, -0.5803807977725068], [-0.19840909639926355, 0.5639506731567627, 0.8016192791544263]], "T": [-0.05406928119754166, -0.10147501429418744, -0.07886708032111378], "aligned_model": [[-0.2904979453928214, -0.30034160937909943, 0.25212396688017874, -0.30421772785320295, -0.6681971381017673, 0.33988764865044024, 0.3813872427458045, 0.653845797530244, -0.34944618903105445, 0.2844993091673471, -0.1961814827935741, -0.06087064749028404], [-0.7212264632657254, 0.28059492230658273, -0.535161310854295, 0.6246213054038982, 0.07900039004911462, 0.3869748399089778, 0.6103727404782081, -0.18216870070864938, -0.5525217719550695, -0.4310867602329043, 0.16895643077710287, -0.026706660722689582], [-0.31360741187569985, -0.5958092731304576, -0.31267835931794186, -0.11446863315151601, 0.232787806954952, -0.6092902042145678, -0.02670279417572763, 0.05643800452452091, 0.3057340539419172, 0.4595442671450277, 0.6065458221300855, -0.10021212986384423]], "inverted": true, "swapped": false, "error_lsq": 0.044599270093622294, "error_max": 0.2732859602598732, "target": "592.xyz", "model": "20.xyz", "model_rescale": 4.121658175737393, "target_rescale": 3.937639716839365},
{"mapping": [6, 10, 8, 4, 2, 9, 11, 7, 1, 5, 3, 12], "R": [[-0.10385306373556388, -0.808220995530927, -0.5796493453250289], [0.8785520735685375, 0.19864405690658024, -0.4343809303872795], [0.4662196855358642, -0.5543639247269732, 0.6894344376227134]], "T": [-0.018382774416542527, -0.08763730899022865, -0.0309480427872966], "aligned_model": [[-0.41867340620644605, -0.3166568484817945, 0.22797934641641687, -0.30940082861848733, -0.7410663801643143, 0.4304707417447636, 0.32182679628396793, 0.5352318202239343, -0.4103483753850241, 0.3961707405761044, -0.011278836025798614, 0.03773645456888897], [-0.4204816299936774, 0.2481782830773152, -0.6121952231158345, 0.4046203328118036, 0.0434153498746882, 0.06784094898224449, 0.7216295757502049, 0.18756931849263486, -0.5016050384453477, -0.544324031550738, 0.19594556687413728, -0.0889444915728798], [-0.4203148751563398, -0.6688614432828771, -0.37423772048438486, 0.015122643586290844, 0.1607945993060917, -0.575943370756371, -0.0935064987086727, 0.2598959918562778, 0.3657490111728166, 0.2579916578959534, 0.6032214846450895, 0.05836966889287411]], "inverted": false, "swapped": false, "error_lsq": 0.04832949967432376, "error_max": 0.33585307975481044, "target": "592.xyz", "model": "21.xyz", "model_rescale": 4.08911054899281, "target_rescale": 3.937639716839365},
{"mapping": [0, 13, 6, 14, 2, 10, 9, 5, 1, 8, 11, 16], "R": [[0.12744589122724714, -0.9000298087892176, 0.4167779841835902], [-0.6434892488848096, -0.3947958530247673, -0.6557879390505057], [0.7547709131776053, -0.1846146736456522, -0.6294746149732751]], "T": [-0.11192878853468949, 0.04651999819181726, -0.08248442702789048], "aligned_model": [[-0.36570388025932865, -0.39294828566631423, 0.27552037307252697, -0.3098866157556186, -0.7751282113765298, 0.584081298673112, 0.32443390821445606, 0.5566538167800906, -0.3789860833860944, 0.23935997479873186, 0.1212648825158581, -0.13666995267867832], [-0.6106982190007546, 0.17393846443068758, -0.5455416287767918, 0.6569425430775687, -0.00028820156662948127, 0.15607470473644078, 0.6078432807719364, 0.14661442145647266, -0.4804839109003589, -0.42614867344936413, -0.0028792185187474784, 0.026275398924091573], [-0.40457419089759594, -0.6668837277816307, -0.3168139078716743, -0.08691176078931, 0.19899265436751473, -0.4758076198272048, -0.03719225461574527, 0.11927647168636661, 0.4475586488954294, 0.2834971977358531, 0.6448899328644547, -0.11775029479970898]], "inverted": true, "swapped": false, "error_lsq": 0.04659505071956543, "error_max": 0.26044164508381334, "target": "592.xyz", "model": "22.xyz", "model_rescale": 4.204369325754507, "target_rescale": 3.937639716839365},
{"mapping": [3, 12, 1, 13, 14, 0, 7, 8, 10, 2, 11, 15], "R": [[-0.20789876509666985, 0.14021998785932677, -0.9680477562992491], [-0.5646138324899719, 0.7909476092429444, 0.23582429814134304], [0.7987423387002006, 0.5956007340808114, -0.08526688648081972]], "T": [0.03865355967289437, 0.08328478427186116, -0.07922937565728778], "aligned_model": [[-0.4536206063174194, -0.2996544141150062, 0.18855512376977057, -0.3909624474828748, -0.7186512084445641, 0.5515145872919591, 0.3371745942774969, 0.78377383662376, -0.34065171139833134, 0.27689493857697745, -0.23182917378305973, 0.03944770593350275], [-0.5558665576959728, 0.09316963173273168, -0.45503873532690553, 0.5598883522028001, 0.017611343116153685, 0.023428423748662747, 0.7185246196899329, 0.18299109971139693, -0.44426852371523184, -0.6331533263223594, 0.14299643204459545, 0.05136620199874745], [-0.35232331999370725, -0.5100298710975709, -0.43030875885650827, 0.11979065047827502, 0.06880929965938797, -0.5331732492918871, -0.02462999527653833, 0.005189692532869286, 0.3631720885310507, 0.3512154664294904, 0.5859674462851179, -0.05539830043323057]], "inverted": false, "swapped": false, "error_lsq": 0.046911390712693575, "error_max": 0.235016885531664, "target": "592.xyz", "model": "23.xyz", "model_rescale": 4.410303926677745, "target_rescale": 3.937639716839365},
{"mapping": [8, 9, 10, 13, 5, 11, 7, 1, 4, 3, 0, 16], "R": [[-0.7586467430021304, 0.09737267926849515, 0.64418450824615], [-0.052565738983433766, -0.9946927805325649, 0.08844837726900343], [0.6493781351549995, 0.03323903862131437, 0.7597389050813087]], "T": [-0.1464525023679902, 0.10931714889888089, -0.10003821482941809], "aligned_model": [[-0.3832142846628118, -0.22527218340346414, 0.15900229645258082, -0.2630353574833479, -0.6643803874061124, 0.27273292239285474, 0.2952191822588407, 0.6837432891667559, -0.32610763333118087, 0.25082944810777763, 0.018954712006532065, -0.07648077916621439], [-0.6279210036906427, -0.1253879402563296, -0.4082578467147684, 0.8025393524089233, -0.0011683405822832948, 0.2532562085751025, 0.5586438713699586, 0.013635505820879426, -0.5061558177539255, -0.4866058891088103, 0.183381833608513, 0.045689027507934035], [-0.3759556518743056, -0.675469325071552, -0.3502330110755233, -0.10620573320957627, 0.23929303327776352, -0.5520189814316682, 0.11200545084959714, 0.09478303777467402, 0.15056392847614608, 0.4442905178605938, 0.6331334478784985, -0.02590556448789949]], "inverted": true, "swapped": false, "error_lsq": 0.045024744466872955, "error_max": 0.26299801911065773, "target": "592.xyz", "model": "24.xyz", "model_rescale": 4.28219845311461, "target_rescale": 3.937639716839365},
{"mapping": [6, 2, 0, 13, 11, 4, 7, 3, 8, 1, 9, 15], "R": [[0.2426768148506564, -0.5721819030342561, -0.7834001744791979], [0.9226223337247477, -0.11342705038447587, 0.36864933684109324], [-0.29979325016791236, -0.8122451440797753, 0.5003816873873231]], "T": [-0.14666312537408846, 0.02829745816437973, 0.03839570245425525], "aligned_model": [[-0.47368731694769783, -0.3210800472824565, 0.14372966986635358, -0.25204605129244995, -0.5582851057022841, 0.4528998697236817, 0.2953762939462443, 0.5797652533670792, -0.2613272210728719, 0.2807419927005397, -0.02620298283420855, -0.11789312953971863], [-0.6835213266725231, 0.059206302508871766, -0.43962830023990807, 0.556864452737474, 0.05399971301825801, 0.11502466170273676, 0.6684298690657666, 0.023028572130801422, -0.6230630770882286, -0.42428355238592713, 0.4048960711459852, -0.009304424738755687], [-0.4072121191108108, -0.6229691023858704, -0.5634943881187837, -0.21145991207112652, 0.39390071037216823, -0.3710565903730285, 0.05782902514353631, 0.30731835724419354, 0.24941147248540635, 0.1879707430845267, 0.586607817094631, -0.01856486439809326]], "inverted": false, "swapped": false, "error_lsq": 0.04908817547892209, "error_max": 0.24582371790661522, "target": "592.xyz", "model": "25.xyz", "model_rescale": 4.100010024507729, "target_rescale": 3.937639716839365},
{"mapping": [4, 5, 9, 2, 6, 7, 3, 8, 0, 10, 1, 11], "R": [[0.3856262912827407, -0.1734766831684931, -0.9061998697132863], [0.818500129356346, -0.38899874253424765, 0.4227735996374642], [-0.42585197159947913, -0.9047573258634782, -0.008017454783410205]], "T": [-0.04074589812770704, 0.020455485454355632, 0.01125022847871069], "aligned_model": [[-0.5067061086809553, -0.35900645759603245, 0.3750138550958402, -0.3345542566563081, -0.6878757555612455, 0.33400249329427834, 0.46353855683175604, 0.5220963896222504, -0.23918008504106042, 0.2709142010297423, -0.05508373878833654, -0.04116786861771763], [-0.6210209985563042, -0.03717533401026328, -0.4781874858140799, 0.6997316282779084, 0.012766716875001527, 0.23637988424137307, 0.6540224314490771, 0.023985177615982844, -0.4339688405104143, -0.530952121924995, 0.24726764170485013, -0.07119973816358545], [-0.35919353631527245, -0.6666694387800839, -0.4964996281859535, 0.015475939562372684, -0.02932031007770431, -0.5098030738142995, 0.05984796382619468, 0.2563092608534681, 0.5839297910347293, 0.12880870606259734, 0.6802025629991855, -0.07480708819848517]], "inverted": false, "swapped": false, "error_lsq": 0.052823909217837604, "error_max": 0.3590026530856072, "target": "592.xyz", "model": "26.xyz", "model_rescale": 3.6694154284099745, "target_rescale": 3.937639716839365},
{"mapping": [4, 8, 10, 7, 5, 9, 3, 12, 0, 2, 6, 13], "R": [[-0.519445212308106, 0.3996130222676076, -0.755305305055072], [-0.8543585523014537, -0.25917433784139976, 0.45044436583648806], [-0.01575231791040982, 0.879282716217384, 0.47603967213020054]], "T": [-0.031174203613289972, -0.02607271185343113, -0.052023786615187056], "aligned_model": [[-0.38328383798982496, -0.3191179178686447, 0.15317735801755733, -0.24840291509309853, -0.7933730958922064, 0.3841889982080467, 0.2741138890021854, 0.7028823901071911, -0.4260134040954711, 0.22524271483152275, 0.18413379643145794, -0.011556750726504573], [-0.7262500640921601, -0.030805759433150726, -0.40388730529009204, 0.5586517341705313, 0.127083679581681, 0.2828712844911216, 0.7041399684914142, 0.10055458606775858, -0.39443337040368526, -0.5461497520820171, 0.100502561969331, -0.07062860228618145], [-0.2996142769012883, -0.6224825564763296, -0.4823275800021326, -0.13591379704095768, 0.09485871095520979, -0.4957472964337871, 0.11051803047919576, 0.22158041290322741, 0.3292186220018981, 0.30279994760452766, 0.5873599768460187, -0.021969044968833607]], "inverted": true, "swapped": false, "error_lsq": 0.03983732405225001, "error_max": 0.2503790394221444, "target": "592.xyz", "model": "27.xyz", "model_rescale": 4.103607728864725, "target_rescale": 3.937639716839365},
{"mapping": [12, 10, 13, 5, 0, 11, 7, 8, 2, 4, 1, 14], "R": [[-0.7319702955361984, -0.3628823241031101, -0.5766592627420253], [0.628105145728241, -0.6873534225696372, -0.3647316799943645], [-0.26401403819182784, -0.6291754058570088, 0.7310505429191013]], "T": [-0.13176939581218208, 0.041919823748996304, -0.25185739829187836], "aligned_model": [[-0.34399842687908266, -0.3858104721496596, 0.3090203817456717, -0.20613717386749597, -0.6231858700133228, 0.4236152490349313, 0.3047911544438485, 0.5980180623982732, -0.30573474259399214, 0.3024752883905035, -0.15710725464843048, -0.17395497092903361], [-0.7872501733574142, 0.054199821094155026, -0.4220402063775004, 0.7145316208325321, 0.17592132006400896, 0.1912259742585264, 0.504507311461949, 0.04115939621224985, -0.47578590077569505, -0.5040349393354221, 0.1753681935507593, 0.03384654355640245], [-0.3206292776881545, -0.6935446286984763, -0.3534349322214797, 0.025997265863757557, 0.2483877304707156, -0.6277786708309021, 0.0880086749413207, 0.12189340691836409, 0.24113098610021905, 0.32691219147737005, 0.633812042064802, -0.10247363943078797]], "inverted": true, "swapped": false, "error_lsq": 0.0410937486717849, "error_max": 0.26266900186564535, "target": "592.xyz", "model": "28.xyz", "model_rescale": 4.137296879288765, "target_rescale": 3.937639716839365},
{"mapping": [7, 9, 8, 4, 1, 2, 5, 10, 3, 6, 11], "R": [[0.8332781881932101, -0.27187990440609566, -0.48138215449014504], [-0.31769894973822743, 0.47711239724964716, -0.8194090173569745], [0.4524542390305, 0.8357302662766425, 0.3111913938599587]], "T": [0.014468908498384872, -0.025450812684050646, -0.05819161095070598], "aligned_model": [[0.4822061698854859, 0.22239234561982585, -0.26693407975184014, -0.6628892620349707, 0.029262996416925403, 0.48433821966690277, 0.6102146996694529, -0.380353399749803, -0.41523704390389543, 0.11320961806106633, 0.005208746830748524], [-0.36100761396252995, -0.607651505831019, -0.36586149713429134, 0.07457169059465024, 0.65466653378431, -0.009309906406575204, 0.421208285636899, -0.4401136767374432, 0.41210511880799644, 0.16065067256242715, -0.02011028466647217], [0.35745235318117696, -0.2589253523087499, -0.5707354998839317, -0.25316456867786397, -0.29790381555552276, -0.5012285167582475, 0.12094309284309769, 0.2926322561278882, 0.2614526869832428, 0.763956742842021, -0.1087253570101119]], "inverted": false, "swapped": true, "error_lsq": 0.047015101065111836, "error_max": 0.2771411883787621, "target": "592.xyz", "model": "29.xyz", "model_rescale": 3.607286011436655, "target_rescale": 3.937639716839365},
