[{"mapping": [6, 7, 10, 0, 2, 3, 8, 9, 11, 1, 5, 12], "R": [[0.41175174184461216, 0.8878533220434868, -0.20537035234977935], [-0.09672934941511352, -0.18150659448092923, -0.9786208607635871], [-0.9061478555123643, 0.42281418459682757, 0.011145817783507511]], "T": [-0.03718251829980008, -0.02508428362667884, -0.08508583625071185], "aligned_model": [[-0.26281156808856354, 0.3069029426643599, 0.42884307622702866, -0.10369666761541874, -0.05447675657397404, -0.6398853674298567, 0.35767396621500475, -0.34943705751797705, 0.6410414176743584, 0.16152743006195394, -0.6127817655032948, -0.035257187653071786], [-0.4962997214739037, -0.630435035095393, -0.2631206803680888, 0.6621719612347611, 0.3019842802209144, -0.4145469877850033, -0.2523697653768346, -0.6246615550950481, 0.23941348441843988, 0.36736915828625266, 0.20030968648661604, -0.03625978947565515], [-0.5310341596012825, -0.05942317295784985, -0.6324602395958838, -0.07249840557616012, -0.5647436860113977, 0.04890222921269537, 0.5335790022959179, 0.621575292961231, -0.09572481765036232, 0.5041543681195944, 0.385859099764706, 0.04376623439235404]], "inverted": false, "swapped": true, "error_lsq": 0.03239003735529417, "error_max": 0.19302232641445036, "target": "593.xyz", "model": "0.xyz", "model_rescale": 3.751011558992144, "target_rescale": 3.7445170353145216},
{"mapping": [7, 12, 0, 4, 1, 6, 8, 5, 9, 10, 2, 3, 14], "R": [[0.5817654161399739, -0.28054696489013914, 0.763441157571698], [0.08479234469340285, -0.9125964640953421, -0.3999724390530851], [0.8089247547608358, 0.2974240982361883, -0.5071288267526428]], "T": [-0.09967421312582636, 0.05246560620114707, 0.07773834011139216], "aligned_model": [[-0.2328901991749869, -0.32451377461460773, 0.4265337798518608, -0.2615047646014851, -0.016323924214580565, -0.6559641509298766, 0.29934350102306884, 0.11200487060500128, -0.3816673694465118, -0.6866416508587888, 0.6868053837677839, 0.3133658968713566, -0.12945975062002993], [-0.18624989055341665, 0.4588930391238014, -0.25754488333832437, -0.49937744241378335, -0.6166696244370392, -0.38183881521007135, -0.18037941748637212, 0.4470544021125171, 0.6134765368254271, 0.0928073418148265, 0.30129093976527055, 0.3402251596556023, 0.09269392736747786], [-0.526368799779717, -0.5021228652081609, -0.37226517432085837, 0.6207430290545649, -0.09831938307344668, -0.17847820875064643, 0.5541691439845484, 0.5131435475305417, 0.277578818600287, 0.6489611683822321, 0.13495633583717098, -0.4967163547445055, 0.05541533906566751]], "inverted": true, "swapped": false, "error_lsq": 0.03901443074492802, "error_max": 0.23677539426500593, "target": "593.xyz", "model": "1.xyz", "model_rescale": 3.9405287249114394, "target_rescale": 3.7445170353145216},
{"mapping": [4, 4, 10, 6, 3, 7, 11, 5, 2, 0, 9, 8, 12], "R": [[0.48430087934172666, 0.8242560241507974, -0.29335075408110145], [0.5297894028623223, -0.009455298363147513, 0.848076521280744], [0.696258462701614, -0.5661383258391754, -0.44126131615223346]], "T": [-0.16172868004583407, 0.020575695977613235, 0.08665763478756952], "aligned_model": [[-0.35829495138643147, -0.35829495138643147, 0.5802478400002021, -0.31145377908029354, -0.05551603014889661, -0.6495922983641305, 0.2924073303644633, 0.0729886997111735, -0.27021456629805535, -0.5689929741835988, 0.6137346666217783, 0.33961273364769984, -0.17754387183927517], [0.1217701948515963, 0.1217701948515963, -0.30547560084074754, -0.3823966808752291, -0.4299554836539409, -0.551330187182215, -0.16862437546685496, 0.4516097858583341, 0.6760221008218239, 0.1294598809347346, 0.24037191097494717, 0.21581067117055552, 0.10534886178131579], [-0.5787874014488642, -0.5787874014488642, -0.1471125832809644, 0.41915026869412064, -0.2488124946584995, -0.16597372487448395, 0.6020003421689868, 0.6225621462235645, 0.23762269823762763, 0.8113713832859478, 0.059688598134926704, -0.47122215646404286, 0.06899692200822263]], "inverted": true, "swapped": false, "error_lsq": 0.0683621312578878, "error_max": 0.40070411677991485, "target": "593.xyz", "model": "2.xyz", "model_rescale": 3.932901565614263, "target_rescale": 3.7445170353145216},
{"mapping": [11, 10, 8, 0, 3, 1, 7, 5, 6, 2, 9, 12, 13], "R": [[0.6395228996143101, -0.050646398594180325, -0.7671019509676302], [-0.41152165536421087, 0.8202758212309296, -0.3972373399747613], [0.6493538234546747, 0.5697214401910496, 0.5037430818894009]], "T": [-0.06116845576346, -0.07672166678240387, 0.08502289570521485], "aligned_model": [[-0.0384062941896777, -0.356482292085908, 0.4804878516784471, -0.41269919332670557, -0.03604353580462036, -0.7780192044947137, 0.48778633771630164, 0.21846063285637943, -0.35913820617953707, -0.7057626302036408, 0.6089123751539048, 0.09288464148098488, -0.052892634943010865], [-0.2502621560567755, 0.34178727604848214, -0.4279676833132444, -0.4713064085049735, -0.5824723392646379, -0.21373317369786665, -0.19593962295093076, 0.508632513347051, 0.5249786965775017, 0.1079521680884127, 0.21339416713975323, 0.6320549121805528, 0.03726292363259105], [-0.790804873294107, -0.4157619314893848, -0.26429272949858795, 0.4969444310623512, 0.019674033725460782, -0.04194746275828029, 0.5256795205161142, 0.3948095033196799, 0.21097114401100414, 0.5795871262862262, 0.0036753552777960274, -0.15379338201156154, 0.06595586143096677]], "inverted": true, "swapped": false, "error_lsq": 0.04522358826671169, "error_max": 0.30918370411364293, "target": "593.xyz", "model": "3.xyz", "model_rescale": 3.9243930471874484, "target_rescale": 3.7445170353145216},
{"mapping": [10, 6, 8, 2, 4, 3, 7, 1, 5, 0, 9, 11, 12], "R": [[0.2036545673126879, -0.9786984693822038, 0.025963883407789157], [0.9789920872403259, 0.20330245605099198, -0.01557576593507302], [0.009965457014686298, 0.028590512282326976, 0.9995415310400676]], "T": [0.0021262775715494148, 0.025949350576387066, -0.04645002415029772], "aligned_model": [[0.029826974567527344, -0.5426817533408017, 0.5393664521967908, -0.4343877897032828, -0.03412915579847523, -0.6159744055491971, 0.23440667407049748, 0.16648916488808035, -0.3689169323270242, -0.5566323270801186, 0.620674735951029, 0.1691121867244626, -0.05806597694128446], [-0.24146577525414528, 0.36367360607715127, -0.2879629975056667, -0.48491687318665394, -0.561641650596431, -0.2343167313316422, -0.4298278636042796, 0.28094870316656806, 0.6271212840421321, 0.1375776232146971, 0.36177642397309284, 0.591816209743692, 0.10159931448740128], [-0.6982548579632191, -0.37908052701582245, -0.14220179388056894, 0.5857569520867977, 0.029639583102948917, -0.10272153113725657, 0.5709896144769762, 0.600172331969599, 0.22657441170866296, 0.5849375777521311, -0.09446432605136995, -0.5737492610433755, 0.023098422572174766]], "inverted": true, "swapped": false, "error_lsq": 0.046392608702108803, "error_max": 0.2785730518288496, "target": "593.xyz", "model": "4.xyz", "model_rescale": 3.8936222436046832, "target_rescale": 3.7445170353145216},
{"mapping": [10, 11, 7, 6, 8, 1, 0, 5, 4, 2, 3, 12], "R": [[0.35960960771192474, -0.8973892705551525, 0.2556822777076411], [-0.7737238834415499, -0.13361129652355952, 0.6192732624887182], [-0.5215671406764456, -0.42052409982518846, -0.742379417301431]], "T": [-0.06921442707690728, -0.034121349543855733, -0.03625322040825975], "aligned_model": [[0.017578830778088694, -0.5696049842279709, -0.25458538785441165, 0.45978989660524516, -0.7529019809791181, -0.6703787857357852, -0.11534415557449297, -0.023944880612703945, 0.5499118437886795, 0.23990110115244534, 0.30683692332012535, -0.15971037844500374], [-0.5330952732436148, -0.5579201341516932, 0.09527689152711222, 0.041556341699991894, 0.2613170820901085, 0.038678687474220236, -0.33677859875988014, 0.48330862287378995, 0.03407512304387414, -0.5026706143954044, 0.5907680290953277, 0.054406747855975046], [-0.5992380090338358, -0.10908239115564318, -0.695340931677483, -0.46781975832206385, -0.22494338386304463, 0.3808929585051096, 0.582757570464519, 0.5417804807805453, 0.1746731755952592, 0.11292374023385014, -0.0676119559524785, -0.009706776299216024]], "inverted": false, "swapped": true, "error_lsq": 0.039355307494907586, "error_max": 0.2413863335077805, "target": "593.xyz", "model": "5.xyz", "model_rescale": 3.6523030999806103, "target_rescale": 3.7445170353145216},
{"mapping": [2, 4, 1, 8, 6, 10, 5, 7, 11, 9, 0, 3, 12], "R": [[0.06550078723904795, 0.6269276009604425, -0.7763191547456816], [-0.8633586199938157, 0.42568864497626036, 0.2709263199112445], [0.5003214368318027, 0.6524959468780323, 0.5691462897659096]], "T": [-0.10526093045997081, -0.048577042364646925, 0.07558148173004482], "aligned_model": [[-0.055802257147788914, -0.34010857863038857, 0.42289721154162146, -0.10977444578953136, -0.2896656152484503, -0.8422404749224497, 0.4044656692441038, 0.034847884873279916, -0.5572217839052738, -0.6219570652428315, 0.8401626416979737, 0.2883837018654449, -0.024899040677506312], [-0.1555526692835334, 0.24218615940346017, -0.35835881985147067, -0.5175412799243514, -0.6526413152157439, -0.19360950185973586, -0.10902568489251624, 0.5284373660914701, 0.7037769987635186, 0.012993477238720838, 0.24459049298937646, 0.465302569752383, 0.013823480014338578], [-0.6742996349068713, -0.3596597669738208, -0.2522280565204041, 0.5590639268466239, -0.07845010128151368, -0.13536822413293048, 0.5232736585182978, 0.41357845212642924, 0.14087916080128737, 0.5774749471157432, -0.010388256673980231, -0.17663340807588845, 0.10345389973470562]], "inverted": true, "swapped": false, "error_lsq": 0.057846548516926465, "error_max": 0.37034245294093004, "target": "593.xyz", "model": "6.xyz", "model_rescale": 4.08911054899281, "target_rescale": 3.7445170353145216},
{"mapping": [11, 1, 10, 3, 8, 9, 4, 7, 2, 0, 5, 13, 14], "R": [[-0.10653696098932436, 0.9903934756945975, 0.0881512294000142], [0.9830310654844036, 0.1182286963797275, -0.14025654938343698], [-0.1493311763690271, 0.07171289043069556, -0.9861832796748877]], "T": [0.0198483208943942, 0.04287653254611788, 0.012008076960647991], "aligned_model": [[-0.013832826824855822, -0.6233632311224231, 0.4828906481482329, -0.3628832596301448, 0.016449665651319605, -0.5844364439730785, 0.31322710621561717, 0.3491834901013439, -0.35427469655230015, -0.7686442246568017, 0.7465753199732768, 0.05159039594677961, -0.10339409561876203], [-0.0648985845178185, 0.28171072504249506, -0.3771187186121783, -0.35263901547147625, -0.6390866407366036, -0.41091783306566365, -0.3607770401151027, 0.6545981378465813, 0.7197724379391798, 0.12458597694067189, 0.032845444390612946, 0.6436280405426454, -0.02732165695742718], [-0.5639964086011622, -0.2471891195946308, -0.34642000603203815, 0.5808098216936471, 0.019986342040430947, -0.1964815021454891, 0.5098455718357641, 0.35351062229450725, 0.24000685847042266, 0.5182286370042097, 0.240631075942698, -0.40510652199614977, -0.07312877433453208]], "inverted": false, "swapped": false, "error_lsq": 0.049073048463326045, "error_max": 0.33197646169760814, "target": "593.xyz", "model": "7.xyz", "model_rescale": 3.964800864290218, "target_rescale": 3.7445170353145216},
{"mapping": [7, 8, 2, 11, 4, 9, 6, 3, 5, 10, 0, 1, 13], "R": [[-0.08960832947784664, 0.17681283131326903, -0.9801569108929324], [-0.4001436656879131, -0.9075904333997826, -0.12714028476857753], [-0.9120610692810158, 0.3808107507465891, 0.15207819704937942]], "T": [-0.020449639042915156, -0.019352088917136388, 0.03113549423666806], "aligned_model": [[-0.06628489159474821, -0.614729742136692, 0.4992284243186647, -0.38442169003200805, 0.2180909979790164, -0.6893948704369434, 0.19595471299052383, 0.271728966225824, -0.4064052233241126, -0.6442793895381247, 0.6440792543699837, 0.2151225661071333, -0.08960126727031317], [-0.06556108957348779, 0.3004056494616814, -0.2667993621049654, -0.6387227182716183, -0.6760209978221556, -0.17899962278499226, -0.26229134764133, 0.3812037017762467, 0.7068727902367702, 0.22759388063062047, 0.23562235956675862, 0.44675168581786234, 0.014326343934526076], [-0.6778193864458505, -0.3371629298992419, -0.29645157084185114, 0.4447025312276576, 0.1146681440240708, 0.001442580709760069, 0.511401562338575, 0.5604269232883958, 0.18182203918489573, 0.5054646452788902, 0.11205985992775781, -0.5077271028239594, 0.017869300608577707]], "inverted": false, "swapped": false, "error_lsq": 0.041874798893241034, "error_max": 0.2447546435010231, "target": "593.xyz", "model": "8.xyz", "model_rescale": 4.121658175737393, "target_rescale": 3.7445170353145216},
{"mapping": [10, 11, 5, 1, 0, 3, 4, 6, 8, 2, 9, 7, 12], "R": [[0.5581447496105331, 0.5965667299889414, -0.5766997270265499], [-0.8269063613810954, 0.34249297802201767, -0.4460094500266642], [-0.06855879221276562, 0.7258145056940593, 0.6844654814776387]], "T": [-0.07185773938496627, 0.06488348948430601, 0.009090547919017526], "aligned_model": [[-0.22176697379278748, -0.4014703777404653, 0.3374866769426427, -0.10937723031141751, -0.10952977175049856, -0.7786188245819599, 0.5289543256500108, 0.11508995971693657, -0.3946055454846729, -0.6500505097990682, 0.6926704094608793, 0.21163724292195912, -0.0713315335733549], [-0.3304954327288076, 0.35683335621492274, -0.25078123402922564, -0.2549099931034085, -0.7115701069630314, -0.18187797355995683, -0.41989451669924666, 0.4595979621904349, 0.6837309166141569, -0.03822133100807244, 0.33281386218381914, 0.5551652927649945, 0.023990471349337322], [-0.6215310183980747, -0.44824178037825724, -0.32930395177965, 0.6183984602331216, 0.12960973171862666, -0.24047215016994988, 0.44743181331372195, 0.5470804111421086, 0.2174533404705906, 0.37977770320091575, 0.20118386389433146, -0.35760450071381816, 0.08691467404401151]], "inverted": true, "swapped": false, "error_lsq": 0.050554577969704945, "error_max": 0.33160619407977276, "target": "593.xyz", "model": "9.xyz", "model_rescale": 3.833441315466971, "target_rescale": 3.7445170353145216},
{"mapping": [13, 2, 0, 11, 10, 8, 12, 6, 3, 7, 1, 5, 14], "R": [[0.11344520616575243, -0.8152314380250687, -0.5679153877591175], [-0.8661511913192832, 0.19887940625748493, -0.4585074650895633], [0.4867363752322162, 0.5439160635817342, -0.6835517660013426]], "T": [-0.0537504756905659, 0.05596458463490181, 0.11685375291533712], "aligned_model": [[-0.0029922147124819, -0.4333642341343226, 0.4158489007750085, -0.3339035225133863, -0.06585749248971506, -0.6347026086844346, 0.3144717368196188, 0.32034296026823067, -0.6174637360202057, -0.5568581813802197, 0.6823425886924426, 0.20065070692721237, -0.13942705588954307], [-0.014623732022301245, 0.3190358935669997, -0.22602285141103604, -0.3807037768679038, -0.7521532862422702, -0.43185355811094417, -0.20052522391345093, 0.4225742490394414, 0.7163344836390101, 0.13016111289567878, 0.10800382417096879, 0.4389059122137625, 0.09524822626796166], [-0.6756911542720336, -0.4339067537884321, -0.2878467205697433, 0.5597669424479095, -0.03332304433724012, -0.06227592400785681, 0.5189052889597932, 0.5491511310968942, 0.1383201537655963, 0.5473087313411378, 0.0841757629287227, -0.3792018683428301, 0.10531405135576098]], "inverted": false, "swapped": false, "error_lsq": 0.039834978186212136, "error_max": 0.2496923572481192, "target": "593.xyz", "model": "10.xyz", "model_rescale": 4.2482417240324, "target_rescale": 3.7445170353145216},
{"mapping": [10, 11, 8, 1, 6, 3, 7, 5, 0, 4, 2, 12], "R": [[-0.9721828367108658, 0.0875563427684532, -0.2172427647721034], [-0.21064754397003316, -0.732378423932915, 0.6474947539377695], [-0.10241164105807145, 0.675244941483128, 0.7304492622881072]], "T": [-0.02280549659110195, 0.06030503480530724, -0.041009979716849096], "aligned_model": [[-0.7226863225592075, -0.14415387796476373, 0.36777628262843476, 0.5755408167058049, -0.5053799464144941, 0.15415025449774564, -0.2709499465859803, 0.6338808766590359, 0.2070223352541363, -0.14776311873639175, -0.362051135201859, 0.0913793840805459], [-0.16970893588241776, -0.6555826197895911, -0.24304865883394716, -0.366815385368936, 0.5326903644265747, 0.7567574657228767, 0.048879929556375316, 0.4002427871476781, -0.21335474519175973, 0.5546906128299623, -0.028242180277793412, 0.049622755711617283], [0.13426215467955177, 0.012276049324156615, 0.5469857059210992, -0.057109735235974166, 0.0846736103399844, 0.0875411680493937, 0.6099867237653795, -0.2799898944026371, -0.6319357060924135, -0.4562527226870217, -0.504061139262382, 0.018816075455219863]], "inverted": false, "swapped": true, "error_lsq": 0.04396886775526979, "error_max": 0.2063980766583803, "target": "593.xyz", "model": "11.xyz", "model_rescale": 3.6694154284099745, "target_rescale": 3.7445170353145216},
{"mapping": [1, 2, 0, 11, 4, 8, 6, 7, 10, 9, 5, 12, 13], "R": [[0.38158017372145564, 0.8380482653036363, 0.389963685545552], [0.9082006857997225, -0.2614372251024264, -0.32683649068556786], [-0.17195373021722388, 0.47887961154376746, -0.8608752710538692]], "T": [-0.04968396107809242, 0.013425363831909043, 0.05488812962847938], "aligned_model": [[-0.08012332882295792, -0.4788607955453312, 0.5217911164091991, -0.319778836582515, -0.04433504663424134, -0.7909763725847907, 0.318005996025806, 0.07785701976281276, -0.32909218223020126, -0.5834003530184702, 0.6757042874748931, 0.16436195077089466, 0.01793439263310609], [-0.17673524699675244, 0.16524985016694224, -0.2634090591869084, -0.4531471034306127, -0.7008978449027181, -0.1379364371289832, -0.25829676769587995, 0.48992944699862584, 0.5825352729004052, 0.19902658506001042, 0.30068219380699823, 0.5245780718673259, -0.04719768823253626], [-0.7693605470960425, -0.41316116638434525, -0.27300941910921855, 0.5592565861420561, -0.13848299626065347, 0.06804172851049461, 0.38779353982272413, 0.6106241059707805, 0.09455858035826942, 0.6253136432083606, 0.24427185377228414, -0.3384002594135625, -0.02674905294346939]], "inverted": true, "swapped": false, "error_lsq": 0.0447042878529855, "error_max": 0.2908142462407727, "target": "593.xyz", "model": "12.xyz", "model_rescale": 3.9764082729961374, "target_rescale": 3.7445170353145216},
{"mapping": [0, 9, 4, 8, 7, 2, 3, 13, 12, 10, 6, 5, 15], "R": [[-0.48724078161919454, -0.8591394647889365, -0.15644743772045588], [-0.8171577599684334, 0.5117395601339073, -0.2652844094878686], [0.3079766485473995, -0.00141514526980685, -0.9513928638125141]], "T": [-0.05692366322082064, 0.08851308382568314, 0.11911473828813288], "aligned_model": [[-0.1834658291901038, -0.3297088098616089, 0.4385384736231339, -0.4049224824608698, 0.027160633615087165, -0.6161025170740477, 0.20421215365139023, 0.1295112654360937, -0.3781150187824538, -0.6339114728179386, 0.6494554077419623, 0.2215446216070291, 0.0248914221705301], [-0.200404054091175, 0.309918745383877, -0.1597824084662795, -0.37459035470710716, -0.6062180092489216, -0.43987045288190973, -0.5759893737451071, 0.5389511515792466, 0.6359417282703705, 0.21063415538591157, 0.378518982673873, 0.488704344674859, 0.018566818398278853], [-0.5348133167393255, -0.368806283312458, -0.3377554196788132, 0.5241886373179104, -0.1660382702247812, -0.09157309108481954, 0.5648590779521094, 0.489017577804169, 0.18523226472553495, 0.6653000643593912, 0.14328067378089943, -0.5628869295395202, 0.12069161121738169]], "inverted": true, "swapped": false, "error_lsq": 0.04609384761807111, "error_max": 0.318581879797645, "target": "593.xyz", "model": "13.xyz", "model_rescale": 4.170626492500431, "target_rescale": 3.7445170353145216},
{"mapping": [11, 6, 9, 8, 10, 12, 7, 0, 2, 4, 1, 3, 13], "R": [[0.005692784151789754, -0.9819978074342193, 0.18880651048887825], [-0.5306633889861678, -0.1629973657666497, -0.831762121247925], [0.8475635432215782, -0.09545766049678128, -0.5220381932906488]], "T": [-0.10656468484596121, 0.06413884075000564, 0.059294185068857835], "aligned_model": [[-0.11960359349963626, -0.56819104479948, 0.47828616119818285, -0.31227696935481364, 0.020047690663471562, -0.597842461574577, 0.36104954608353984, 0.18010398188463783, -0.25594112232442123, -0.7046634155920106, 0.6528598028561547, 0.16501020458914412, -0.14975093247198806], [-0.11196030479556587, 0.45255437593800024, -0.2954681404838641, -0.3948909460120536, -0.4850837137200792, -0.4770830188061148, -0.3139040451706463, 0.3153072430099655, 0.6787833281984186, 0.12396586651137292, 0.16744426655596298, 0.5105710327522577, 0.05414532924826221], [-0.6251608747636969, -0.5268148004029356, -0.3707508653539908, 0.6056735438226917, 0.033756037053738336, 0.02146343015468749, 0.603215420475055, 0.5181993122454476, 0.2404874553960575, 0.4358068221230924, 0.1177484951988614, -0.39061578570558286, -0.032311593665747165]], "inverted": false, "swapped": false, "error_lsq": 0.037506203158391475, "error_max": 0.22313587878645624, "target": "593.xyz", "model": "14.xyz", "model_rescale": 3.9786697098870705, "target_rescale": 3.7445170353145216},
{"mapping": [7, 8, 6, 10, 3, 4, 1, 0, 2, 11, 5, 12], "R": [[0.8873803826478325, -0.4606112004855493, 0.019833771175644554], [-0.4608368295919973, -0.884901194804218, 0.06767046568233596], [-0.013618846624555613, -0.06918957595858548, -0.9975105661572153]], "T": [0.05428683723525821, 0.0029368067372466736, -0.03028604390793111], "aligned_model": [[0.025365040676406284, -0.5774255920015475, 0.5205726740995512, 0.5838574430156404, -0.04237146350221086, 0.40924992410634586, -0.5521073601867273, 0.030012668124159925, 0.527033202158886, 0.026871074300357723, -0.3934644609827147, -0.07423855304081048], [-0.4204608748342778, -0.3919443377811346, 0.14096278945392998, -0.5153760471420579, 0.5509952375790226, 0.5565241417483155, -0.11307091515563775, 0.16480291134141814, 0.044301349225171725, -0.6317505440092815, 0.6245175604880845, 0.005173219310886378], [-0.5829168808701883, -0.21823498506830452, -0.5154135637500621, -0.18638433781946276, -0.5026988435315485, -0.02972733587900555, 0.36913560283616714, 0.6406192031019964, 0.3045936927858805, 0.3253546558149801, 0.10033634855939827, -0.04469706230602076]], "inverted": false, "swapped": true, "error_lsq": 0.05442657864565015, "error_max": 0.348504985384089, "target": "593.xyz", "model": "15.xyz", "model_rescale": 3.769337070930944, "target_rescale": 3.7445170353145216},
{"mapping": [3, 5, 7, 8, 6, 4, 10, 0, 11, 1, 12], "R": [[-0.8937004916101687, 0.38276755415985747, 0.23406928627699855], [-0.44849470326041835, -0.7764851815818206, -0.44263219938363785], [0.012326087907048922, -0.5005594492828277, 0.8656144091283255]], "T": [0.05568393763732691, 0.03798814345617081, -0.01763994229100593], "aligned_model": [[-0.20339260303753962, -0.3992083295018912, -0.07148557349754878, -0.5651774047964129, 0.37302234115840266, 0.3490040372207177, 0.574007173248647, 0.18411329126062473, 0.1738362246572368, -0.42001632946005407, -0.0720766965610112], [-0.20334426668588707, -0.5864364915676, 0.6793853958147676, 0.4423125519440073, 0.1848781696106041, -0.4230731282260724, 0.5899961355607927, -0.439397725880951, 0.406606626995654, -0.0918326989477214, 0.036969929007748425], [-0.6560150184440451, -0.10174088387670686, -0.2583480417444677, 0.18575494998521105, -0.6088607317938466, -0.3834867211691485, -0.027027084733567654, 0.4645554065629176, 0.5989802124390902, 0.5278554021938229, 0.0025501178045173635]], "inverted": true, "swapped": true, "error_lsq": 0.04677790904703347, "error_max": 0.2345983711928919, "target": "593.xyz", "model": "16.xyz", "model_rescale": 3.7852294659196426, "target_rescale": 3.7445170353145216},
{"mapping": [4, 5, 0, 2, 3, 1, 8, 11, 6, 7, 9, 10, 12], "R": [[0.6309599261930809, 0.24756794294746684, -0.7352548436856312], [-0.11142725753239222, 0.9668110360785365, 0.2299138682105909], [0.7677718006134584, -0.06313900649762258, 0.6376048369023414]], "T": [-0.06960583691014752, -0.050764766464623884, 0.056705195209573164], "aligned_model": [[-0.15800982410984563, -0.5760729030125339, 0.39652558622630807, -0.3394547764584721, -0.023769827230485985, -0.6373477254277405, 0.433420576684306, 0.06233403190514039, -0.3679972002991967, -0.5935191864998715, 0.7493985546411639, 0.212731187447278, -0.009150646207846308], [-0.04726823741080605, 0.1502807674713673, -0.3156827984559696, -0.31732839960019577, -0.8432670888544153, -0.42060376274684563, -0.2272483660914638, 0.31570449865428596, 0.784908694583673, 0.27374089555500203, 0.2195790727534467, 0.6338027543271629, 0.01776324304067449], [-0.6461171112245395, -0.3111002082287344, -0.3655353623276397, 0.5365097391068543, 0.008388527423090084, -0.06634934188071621, 0.43090284023359593, 0.6781746016758001, 0.05431842828134591, 0.39082775148990206, 0.11508156652829792, -0.26095529876649726, 0.06655046426691914]], "inverted": false, "swapped": false, "error_lsq": 0.04805351866782055, "error_max": 0.3257667131898143, "target": "593.xyz", "model": "17.xyz", "model_rescale": 3.901054581598922, "target_rescale": 3.7445170353145216},
{"mapping": [7, 12, 0, 4, 1, 6, 8, 5, 9, 10, 2, 3, 14], "R": [[0.5817654161399739, -0.28054696489013914, 0.763441157571698], [0.08479234469340285, -0.9125964640953421, -0.3999724390530851], [0.8089247547608358, 0.2974240982361883, -0.5071288267526428]], "T": [-0.09967421312582636, 0.05246560620114707, 0.07773834011139216], "aligned_model": [[-0.2328901991749869, -0.32451377461460773, 0.4265337798518608, -0.2615047646014851, -0.016323924214580565, -0.6559641509298766, 0.29934350102306884, 0.11200487060500128, -0.3816673694465118, -0.6866416508587888, 0.6868053837677839, 0.3133658968713566, -0.12945975062002993], [-0.18624989055341665, 0.4588930391238014, -0.25754488333832437, -0.49937744241378335, -0.6166696244370392, -0.38183881521007135, -0.18037941748637212, 0.4470544021125171, 0.6134765368254271, 0.0928073418148265, 0.30129093976527055, 0.3402251596556023, 0.09269392736747786], [-0.526368799779717, -0.5021228652081609, -0.37226517432085837, 0.6207430290545649, -0.09831938307344668, -0.17847820875064643, 0.5541691439845484, 0.5131435475305417, 0.277578818600287, 0.6489611683822321, 0.13495633583717098, -0.4967163547445055, 0.05541533906566751]], "inverted": true, "swapped": false, "error_lsq": 0.03901443074492802, "error_max": 0.23677539426500593, "target": "593.xyz", "model": "18.xyz", "model_rescale": 3.9405287249114394, "target_rescale": 3.7445170353145216},
{"mapping": [8, 6, 7, 11, 9, 5, 13, 12, 1, 10, 4, 0, 15], "R": [[-0.8936702533311622, 0.2730758412567738, 0.3560660939108379], [-0.30891819109013735, -0.9499361320118407, -0.04680701135492495], [0.3254581839877647, -0.1518253273346974, 0.9332877586549061]], "T": [-0.0341153142273521, 0.09666744104915274, 0.18382041421353532], "aligned_model": [[-0.09285556994268461, -0.469019828741939, 0.4092038541627658, -0.34028453316111656, -0.0271114409330461, -0.590881101259314, 0.28540768345132317, 0.26516202703381553, -0.28113230866415045, -0.6700740272279189, 0.6145666016532105, 0.11985569735518624, -0.07374920606792779], [-0.04784591602012751, 0.2974192364916313, -0.32804366917526717, -0.4698768247854512, -0.6472640917834721, -0.3260580590281186, -0.33430878044993106, 0.44717988897480304, 0.6934981706139928, 0.05813014656762026, 0.29864874325871166, 0.4867549818146736, 0.0961474467468506], [-0.5564076773386706, -0.3896255165189728, -0.1607287647597684, 0.5070868772548385, -0.0046647766442970695, -0.2662658583320384, 0.5881648167082068, 0.479984488784047, 0.04856100165400218, 0.6442283086280779, -0.08651336869813062, -0.36097211151319397, 0.1878491773535774]], "inverted": false, "swapped": false, "error_lsq": 0.041144082590132185, "error_max": 0.2490011848995031, "target": "593.xyz", "model": "19.xyz", "model_rescale": 4.410303926677745, "target_rescale": 3.7445170353145216},
{"mapping": [7, 8, 2, 11, 4, 9, 6, 3, 5, 10, 0, 1, 13], "R": [[-0.08960832947784664, 0.17681283131326903, -0.9801569108929324], [-0.4001436656879131, -0.9075904333997826, -0.12714028476857753], [-0.9120610692810158, 0.3808107507465891, 0.15207819704937942]], "T": [-0.020449639042915156, -0.019352088917136388, 0.03113549423666806], "aligned_model": [[-0.06628489159474821, -0.614729742136692, 0.4992284243186647, -0.38442169003200805, 0.2180909979790164, -0.6893948704369434, 0.19595471299052383, 0.271728966225824, -0.4064052233241126, -0.6442793895381247, 0.6440792543699837, 0.2151225661071333, -0.08960126727031317], [-0.06556108957348779, 0.3004056494616814, -0.2667993621049654, -0.6387227182716183, -0.6760209978221556, -0.17899962278499226, -0.26229134764133, 0.3812037017762467, 0.7068727902367702, 0.22759388063062047, 0.23562235956675862, 0.44675168581786234, 0.014326343934526076], [-0.6778193864458505, -0.3371629298992419, -0.29645157084185114, 0.4447025312276576, 0.1146681440240708, 0.001442580709760069, 0.511401562338575, 0.5604269232883958, 0.18182203918489573, 0.5054646452788902, 0.11205985992775781, -0.5077271028239594, 0.017869300608577707]], "inverted": false, "swapped": false, "error_lsq": 0.041874798893241034, "error_max": 0.2447546435010231, "target": "593.xyz", "model": "20.xyz", "model_rescale": 4.121658175737393, "target_rescale": 3.7445170353145216},
{"mapping": [2, 4, 1, 8, 6, 10, 5, 7, 11, 9, 0, 3, 12], "R": [[0.06550078723904795, 0.6269276009604425, -0.7763191547456816], [-0.8633586199938157, 0.42568864497626036, 0.2709263199112445], [0.5003214368318027, 0.6524959468780323, 0.5691462897659096]], "T": [-0.10526093045997081, -0.048577042364646925, 0.07558148173004482], "aligned_model": [[-0.055802257147788914, -0.34010857863038857, 0.42289721154162146, -0.10977444578953136, -0.2896656152484503, -0.8422404749224497, 0.4044656692441038, 0.034847884873279916, -0.5572217839052738, -0.6219570652428315, 0.8401626416979737, 0.2883837018654449, -0.024899040677506312], [-0.1555526692835334, 0.24218615940346017, -0.35835881985147067, -0.5175412799243514, -0.6526413152157439, -0.19360950185973586, -0.10902568489251624, 0.5284373660914701, 0.7037769987635186, 0.012993477238720838, 0.24459049298937646, 0.465302569752383, 0.013823480014338578], [-0.6742996349068713, -0.3596597669738208, -0.2522280565204041, 0.5590639268466239, -0.07845010128151368, -0.13536822413293048, 0.5232736585182978, 0.41357845212642924, 0.14087916080128737, 0.5774749471157432, -0.010388256673980231, -0.17663340807588845, 0.10345389973470562]], "inverted": true, "swapped": false, "error_lsq": 0.057846548516926465, "error_max": 0.37034245294093004, "target": "593.xyz", "model": "21.xyz", "model_rescale": 4.08911054899281, "target_rescale": 3.7445170353145216},
{"mapping": [0, 4, 6, 11, 8, 1, 5, 9, 14, 15, 10, 7, 16], "R": [[-0.2464443383912997, -0.6679406966823043, 0.7022253297841319], [-0.9646110998206474, 0.0989554328815212, -0.24440386332059547], [0.0937582752490475, -0.7376062960813099, -0.6686900162283981]], "T": [-0.13369243081284377, 0.129590710683819, 0.031085986503253442], "aligned_model": [[-0.16486417518566243, -0.539890584523743, 0.3413610515897836, -0.2978187340140077, 0.0026160114777387944, -0.6113941090335361, 0.3372523448654899, 0.19832226516315438, -0.32551690248701287, -0.6898022078488183, 0.6609020249030864, 0.3743771894290374, -0.13645632667730614], [-0.08753434779781447, 0.3491090862943058, -0.29244450347463713, -0.4112071637772763, -0.5481884673880973, -0.49163032282780983, -0.12552826922875704, 0.38225954020074226, 0.6472338501164989, 0.09773838473428234, 0.22545936588881238, 0.33588371381034027, 0.1432304066753264], [-0.7118570998172112, -0.49151034773470215, -0.3584966047642871, 0.5473158246900138, 0.0839765564807638, -0.09494541995528566, 0.4902748129111033, 0.6085566055039365, 0.3583038622561969, 0.5014415574395151, 0.13386857797490082, -0.42179881767739635, -0.014432910729869984]], "inverted": true, "swapped": false, "error_lsq": 0.038852349199656126, "error_max": 0.2420501461243402, "target": "593.xyz", "model": "22.xyz", "model_rescale": 4.204369325754507, "target_rescale": 3.7445170353145216},
{"mapping": [8, 6, 7, 11, 9, 5, 13, 12, 1, 10, 4, 0, 15], "R": [[-0.8936702533311622, 0.2730758412567738, 0.3560660939108379], [-0.30891819109013735, -0.9499361320118407, -0.04680701135492495], [0.3254581839877647, -0.1518253273346974, 0.9332877586549061]], "T": [-0.0341153142273521, 0.09666744104915274, 0.18382041421353532], "aligned_model": [[-0.09285556994268461, -0.469019828741939, 0.4092038541627658, -0.34028453316111656, -0.0271114409330461, -0.590881101259314, 0.28540768345132317, 0.26516202703381553, -0.28113230866415045, -0.6700740272279189, 0.6145666016532105, 0.11985569735518624, -0.07374920606792779], [-0.04784591602012751, 0.2974192364916313, -0.32804366917526717, -0.4698768247854512, -0.6472640917834721, -0.3260580590281186, -0.33430878044993106, 0.44717988897480304, 0.6934981706139928, 0.05813014656762026, 0.29864874325871166, 0.4867549818146736, 0.0961474467468506], [-0.5564076773386706, -0.3896255165189728, -0.1607287647597684, 0.5070868772548385, -0.0046647766442970695, -0.2662658583320384, 0.5881648167082068, 0.479984488784047, 0.04856100165400218, 0.6442283086280779, -0.08651336869813062, -0.36097211151319397, 0.1878491773535774]], "inverted": false, "swapped": false, "error_lsq": 0.041144082590132185, "error_max": 0.2490011848995031, "target": "593.xyz", "model": "23.xyz", "model_rescale": 4.410303926677745, "target_rescale": 3.7445170353145216},
{"mapping": [1, 7, 3, 9, 10, 11, 8, 5, 13, 14, 2, 0, 16], "R": [[0.6502654101116714, 0.6986917919691119, 0.2983029940300489], [0.6567608000698894, -0.7143674548225722, 0.24154583619238662], [0.3818640437431351, 0.03884481079000944, -0.9234018262765293]], "T": [-0.13984582772794046, 0.08269733081309746, 0.15908607836052746], "aligned_model": [[-0.13519876707233278, -0.4160695583928775, 0.5521973553280735, -0.34328591397548075, -0.015475481215574557, -0.6425137990305785, 0.24801561052288018, 0.2866165671620867, -0.603996020495392, -0.7053094865041118, 0.7233976776302948, 0.2623247321516257, -0.06161506845040887], [-0.21203253552319082, 0.3383156793676384, -0.17755868941020062, -0.3858480815255414, -0.5508571950178077, -0.2546842432565892, -0.49562739229934216, 0.418071442776084, 0.6106033398882734, 0.11072064175817688, 0.2743458111772018, 0.49599302410383905, 0.05293947118737456], [-0.6467973252947371, -0.38890170177885797, -0.35335320717219987, 0.5217116586942822, 0.07587174075464467, -0.025900598769242278, 0.5959049042018354, 0.47729365871906215, 0.16723886717141112, 0.5300517569101428, -0.06669138200550628, -0.3285934493619813, 0.07286167450882469]], "inverted": true, "swapped": false, "error_lsq": 0.040524099770640094, "error_max": 0.2398364335365012, "target": "593.xyz", "model": "24.xyz", "model_rescale": 4.28219845311461, "target_rescale": 3.7445170353145216},
{"mapping": [3, 7, 1, 11, 5, 9, 8, 2, 13, 12, 0, 4, 15], "R": [[0.5861217724596249, -0.3405746011854664, 0.7351667898348975], [-0.7333635230098743, -0.6087394402073522, 0.302678438370798], [0.34444043166755733, -0.7165509297763838, -0.6065604290334697]], "T": [-0.06125357503746509, 0.03662136477116838, 0.15844415573481166], "aligned_model": [[-0.009351680738694246, -0.5091754322417676, 0.355585258902711, -0.3480683938743898, -0.04430755049725661, -0.6097416322086864, 0.36637135695446765, 0.18084030065858786, -0.41879720826124034, -0.7068706401089684, 0.6881841483141602, 0.20012279121909116, 0.004296529540189387], [-0.15030369254299125, 0.3668136442567839, -0.2888074014910248, -0.2858995692634907, -0.805814177272282, -0.2431650319107932, -0.47679124750651225, 0.6128861549894494, 0.5080612593975499, 0.09901394897364087, 0.34501907376304886, 0.47416173584711274, 0.06920657598542469], [-0.5914962160122506, -0.3855090354103149, -0.2024144086018718, 0.49039984261718383, 0.034767679926426875, -0.12040007901127855, 0.34683328499105814, 0.43788909001178833, 0.21158014196649186, 0.5630497302861515, 0.0646991615116618, -0.3658547970268312, 0.14715220132946208]], "inverted": true, "swapped": false, "error_lsq": 0.041851376606332966, "error_max": 0.23325672383470844, "target": "593.xyz", "model": "25.xyz", "model_rescale": 4.100010024507729, "target_rescale": 3.7445170353145216},
{"mapping": [10, 11, 8, 1, 6, 3, 7, 5, 0, 4, 2, 12], "R": [[-0.9721828367108658, 0.0875563427684532, -0.2172427647721034], [-0.21064754397003316, -0.732378423932915, 0.6474947539377695], [-0.10241164105807145, 0.675244941483128, 0.7304492622881072]], "T": [-0.02280549659110195, 0.06030503480530724, -0.041009979716849096], "aligned_model": [[-0.7226863225592075, -0.14415387796476373, 0.36777628262843476, 0.5755408167058049, -0.5053799464144941, 0.15415025449774564, -0.2709499465859803, 0.6338808766590359, 0.2070223352541363, -0.14776311873639175, -0.362051135201859, 0.0913793840805459], [-0.16970893588241776, -0.6555826197895911, -0.24304865883394716, -0.366815385368936, 0.5326903644265747, 0.7567574657228767, 0.048879929556375316, 0.4002427871476781, -0.21335474519175973, 0.5546906128299623, -0.028242180277793412, 0.049622755711617283], [0.13426215467955177, 0.012276049324156615, 0.5469857059210992, -0.057109735235974166, 0.0846736103399844, 0.0875411680493937, 0.6099867237653795, -0.2799898944026371, -0.6319357060924135, -0.4562527226870217, -0.504061139262382, 0.018816075455219863]], "inverted": false, "swapped": true, "error_lsq": 0.04396886775526979, "error_max": 0.2063980766583803, "target": "593.xyz", "model": "26.xyz", "model_rescale": 3.6694154284099745, "target_rescale": 3.7445170353145216},
{"mapping": [8, 7, 10, 0, 4, 5, 2, 6, 3, 1, 11, 9, 13], "R": [[0.05579285962456498, 0.24028511439886455, -0.9690976321368442], [-0.9888211951104297, 0.14771751274473427, -0.020302229653191783], [0.13827436825129688, 0.959396998237348, 0.24584059643978828]], "T": [-0.04657265456205285, 0.033431611650126994, 0.0031274419929539707], "aligned_model": [[-0.130909682569054, -0.518621728724182, 0.41516420313346425, -0.2564186491740387, 0.11684202773578795, -0.7761249440925959, 0.35347507258352673, -0.10414997722556882, -0.24247007973917364, -0.7069523270918284, 0.7855257191154272, 0.22781971021484326, -0.014091496508403835], [-0.2171206851889244, 0.36055508319491436, -0.2178642827950889, -0.440686077469526, -0.7655380178318812, -0.2726735865566436, -0.18230866497687503, 0.3477880626217253, 0.8172702109312057, 0.11048216557234995, 0.20720172443066265, 0.46375516808602824, 0.013520173207968892], [-0.5786525891920905, -0.25433795503275697, -0.28934506538694554, 0.41314014733546894, -0.09921386376285718, 0.00874564390161011, 0.5086445982298551, 0.6106266645865586, 0.010371019810114582, 0.5841683647733498, 0.11971094714151478, -0.4489721072203286, 0.04581079139418501]], "inverted": true, "swapped": false, "error_lsq": 0.043979454517551635, "error_max": 0.30501610838595217, "target": "593.xyz", "model": "27.xyz", "model_rescale": 4.103607728864725, "target_rescale": 3.7445170353145216},
{"mapping": [1, 0, 7, 13, 8, 4, 11, 10, 3, 12, 6, 5, 14], "R": [[-0.42802270463465136, 0.4171831386461249, 0.8017198969382053], [-0.8906245583341317, -0.3454413979564891, -0.2957332187462205], [0.1535723295693967, -0.8406119612563427, 0.5194103100472631]], "T": [-0.01663468551987577, 0.12275498118108744, 0.17114744358764633], "aligned_model": [[-0.2977824092634138, -0.2690428354635532, 0.35839696624525297, -0.23330911953640807, 0.03876700198418224, -0.6018609509866872, 0.4409548610530293, 0.11031261496550918, -0.5621050585407731, -0.7535056411317964, 0.6095522336331495, 0.4100879450108124, -0.10137776031110016], [-0.03392825906205946, 0.49901055241227743, -0.27228236185673094, -0.3703603937451613, -0.6574138695705491, -0.5424678031889651, -0.2828488024799636, 0.4705288780445962, 0.6371453511502898, 0.16262877412929397, 0.21706036838632273, 0.27159586253109924, 0.1257129764754661], [-0.6650745076523368, -0.38058946105182767, -0.3014813783681499, 0.5313723033747824, -0.07491595097804954, -0.020158992522698815, 0.48445019015449353, 0.521451562697878, 0.13379142658637527, 0.610151876977828, 0.15490862966596958, -0.40408694256619837, 0.040877840259611914]], "inverted": false, "swapped": false, "error_lsq": 0.04718126500758693, "error_max": 0.3144744251730678, "target": "593.xyz", "model": "28.xyz", "model_rescale": 4.137296879288765, "target_rescale": 3.7445170353145216},
