[{"mapping": [7, 11, 12, 6, 3, 0, 10, 5, 8, 4, 9, 13], "R": [[-0.4806671804131115, -0.5249365099791905, -0.7024248872047293], [0.7016666248175316, 0.25020286199619346, -0.667130028904476], [0.5259496261914086, -0.8135356097552099, 0.24806612499359193]], "T": [-0.0828836928773858, -0.07837470964047166, -0.04090699911353475], "aligned_model": [[-0.2260511204504459, 0.13766062698592058, 0.43519492505122787, -0.19832170848792208, 0.07752398575404877, -0.6613786867101429, 0.46983700743902884, -0.14280502153784996, 0.4669193573914325, 0.14492822210615608, -0.5372825765423448, -0.12858254853855997], [-0.5021356104770548, -0.6732198819115255, -0.2840271800519205, 0.7048148613166619, 0.378106173694139, -0.4035857452368955, -0.32724520757266407, -0.4218259961562154, 0.30769759150072606, 0.2663540308824222, 0.13303695678866742, -0.1244149567992837], [-0.5181163908013356, -0.05418299220186847, -0.48194266654448714, -0.14105963607671254, -0.6827145473496711, -0.026557897082754425, 0.38325077976508903, 0.6580836383140004, 0.027175317579188937, 0.6405170570259653, 0.450642484400829, -0.07314340167468114]], "inverted": true, "swapped": true, "error_lsq": 0.0487211666173045, "error_max": 0.22483931278179073, "target": "594.xyz", "model": "0.xyz", "model_rescale": 3.751011558992144, "target_rescale": 4.109085496355126},
{"mapping": [7, 4, 6, 10, 13, 3, 9, 1, 5, 12, 2, 0, 8, 14], "R": [[0.5132023313747033, 0.6627273442533272, 0.5453584456579924], [0.3803165579947432, -0.7452271294938061, 0.5477187610274579], [0.7694041088963594, -0.07368169817094451, -0.6344984827153217]], "T": [0.03633573806188957, -0.08250724989258479, 0.061189502516149186], "aligned_model": [[-0.05086558039181514, 0.5631236962829842, -0.005438839135340975, -0.11385336644352999, -0.3796428622179516, -0.1622924058910803, -0.48301162703362494, 0.5428610275322365, -0.01307798584761094, -0.5940284744793176, 0.2776416798448496, 0.40525954095854716, 0.588824859244965, -0.018268496989776693], [-0.19744189714263652, -0.5961521474004328, -0.7196013652364359, -0.6701770746372135, 0.48239435559177185, 0.520050542109409, -0.08336617177366801, -0.30808715410765086, 0.2082398596706781, 0.03839588496450849, 0.6965677736496374, 0.2973452025319003, 0.049832653913806424, -0.0836555212296127], [-0.5860067433928379, 0.3514261925593117, -0.3338949418300806, 0.6130419810838715, 0.249205934061371, -0.3641066969028619, 0.46673505847237284, -0.36098509096045883, 0.6117441766091262, -0.31297422582512463, 0.19739395230040924, -0.48205248826039027, 0.40420578926466655, 0.05662097641614368]], "inverted": true, "swapped": false, "error_lsq": 0.044315001915908536, "error_max": 0.27713543927265644, "target": "594.xyz", "model": "1.xyz", "model_rescale": 3.9405287249114394, "target_rescale": 4.109085496355126},
{"mapping": [3, 6, 2, 4, 9, 7, 8, 4, 5, 11, 10, 12, 13], "R": [[-0.8422478548972776, 0.5053924976445004, 0.18760856655704194], [-0.25498665013345617, -0.6800952145979868, 0.6873516620585397], [0.47497406158089606, 0.5310827830061638, 0.7016770755980097]], "T": [-0.1271948621869527, -0.05073857845260892, -0.08251144388748038], "aligned_model": [[-0.37758028900948226, 0.2546540652146259, -0.43861357923134014, 0.6246336946889683, 0.3979713061377989, -0.7613616678994932, 0.15118246210296538, 0.6246336946889683, 0.23524344615684273, -0.49039993019667416, 0.06430793035813209, -0.6086644066080087, -0.18002344711937185], [0.6969105370339842, 0.6404728019533324, 0.31624198070122467, -0.1734088153930814, -0.17132644464521601, -0.11204400555116231, 0.22270100183333813, -0.1734088153930814, -0.7404954835854276, -0.522609897266765, -0.5000592490458831, 0.04492006627130011, -0.06906108334054539], [0.07353434212985219, -0.19723116509692468, -0.5474986081629958, 0.15154143789656477, -0.5324594354328999, -0.2304070964651598, 0.46858498950130095, 0.15154143789656477, -0.1373853677091859, 0.13675178842307448, 0.4731720398580574, 0.4315385092999367, -0.12856252254954145]], "inverted": false, "swapped": true, "error_lsq": 0.06635485829146881, "error_max": 0.44365944559154763, "target": "594.xyz", "model": "2.xyz", "model_rescale": 3.932901565614263, "target_rescale": 4.109085496355126},
{"mapping": [12, 2, 5, 4, 8, 11, 7, 6, 3, 9, 11, 10, 1, 13], "R": [[-0.7609134064795895, 0.06883412839577109, 0.6451919486537487], [-0.3051598532199823, -0.9154873829288541, -0.26222188253621503], [0.5726152738291095, -0.3964148262440145, 0.7176120356512578]], "T": [0.03287146809814675, -0.02340155426056268, 0.16685613856012638], "aligned_model": [[-0.007555048374285202, 0.6245120860221256, -0.21648544220939683, 0.05134926133108022, -0.49510859176167316, 0.10453554768729276, -0.5786063188780597, 0.37819806749741364, -0.040692355887663324, -0.5837467045166016, 0.10453554768729276, 0.4362229435551222, 0.7399617917948678, 0.040110381486018996], [-0.18132632033747392, -0.5746868732339857, -0.5777343713545048, -0.8273214812184958, 0.4855866959812345, 0.8142902965556229, -0.3078817392254847, -0.45989985222152635, 0.297180864444836, -0.07023295078391373, 0.8142902965556229, 0.1695850389431667, 0.11863152274365163, -0.06613618594468815], [-0.5791701848259806, 0.36746952167601765, -0.21698750777160153, 0.5083202314527291, 0.19775505501561935, -0.13454943726789698, 0.40118174054195643, -0.22926383860118582, 0.5573695886470602, -0.2298575981440193, -0.13454943726789698, -0.39279482623090445, 0.3360261716136631, 0.05940439475795861]], "inverted": true, "swapped": false, "error_lsq": 0.05676294871387157, "error_max": 0.447517987268874, "target": "594.xyz", "model": "3.xyz", "model_rescale": 3.9243930471874484, "target_rescale": 4.109085496355126},
{"mapping": [2, 7, 3, 6, 8, 0, 9, 12, 10, 11, 4, 5, 13], "R": [[-0.1408082368756498, -0.04941857450928494, 0.9888027330673403], [0.7324570817058575, 0.666757352470821, 0.13762723707551738], [-0.666092834285815, 0.7436346128439505, -0.057687942358158134]], "T": [0.001171912259023137, -0.08698460806864215, -0.11112813118456155], "aligned_model": [[-0.09013852928383675, -0.31060972673534293, 0.5851336686676293, 0.5566789124355668, 0.6147677252294106, -0.600181355501688, -0.21286174548197023, 0.2472320083882042, 0.05180466883546729, -0.3220096298237514, 0.2597215464102372, -0.4473683747564463, -0.05496328207212722], [-0.5794079771796056, -0.010487889850331514, -0.3066814318396373, -0.6527740446015727, 0.13316901983679597, -0.3557564886667841, -0.5139574175352847, 0.39367622636475375, 0.553265804974743, 0.4378747246031157, -0.024196307564740685, 0.15344316351389964, -0.10033782837376454], [-0.5550324450654627, -0.6809873055413287, -0.6178275705604748, -0.02148061890785334, 0.06494848868556288, -0.19335036568109343, 0.40334047451623156, -0.5733298666011543, 0.2561078300743792, -0.26190345991902897, 0.6400606822549647, 0.4814453753317528, -0.15492090321553112]], "inverted": false, "swapped": true, "error_lsq": 0.04842629342445649, "error_max": 0.34212795940009305, "target": "594.xyz", "model": "4.xyz", "model_rescale": 3.8936222436046832, "target_rescale": 4.109085496355126},
{"mapping": [10, 8, 5, 11, 9, 6, 3, 2, 7, 12, 0, 13], "R": [[-0.9052021443651237, 0.16788867216852857, 0.39041320622421327], [0.42494762781024975, 0.3691299646433021, 0.8265364981783176], [-0.005347097831838871, 0.9140877763978266, -0.4054811285187682]], "T": [-0.11954013626608774, -0.013991680544126245, -0.05347268691979279], "aligned_model": [[-0.08569410506080692, -0.4442207407833703, -0.19128578734818857, 0.4111090664385605, -0.586605426295437, -0.7448059366986682, -0.16646431054915933, -0.0052417195574771674, 0.4779260721086034, 0.32118445943885865, 0.10858213497868681, -0.06693566445650456], [-0.4604582281652749, -0.6054133880638701, 0.18953772524156837, -0.135822851572968, 0.45970965445177786, -0.03986459576584694, -0.3267088958953166, 0.3590211288281828, 0.13309146677571437, -0.5444593327723064, 0.6062876371606601, 0.034002584887486524], [-0.6424281917836463, -0.025664656347181625, -0.8041827545094278, -0.37939509705032043, -0.27764046559113176, 0.44161888164316465, 0.6854646678523162, 0.4902797632314685, 0.16833735463743918, 0.11850624657979025, -0.11542726449207538, -0.04018376489487731]], "inverted": true, "swapped": true, "error_lsq": 0.03926782618999922, "error_max": 0.2356009111977494, "target": "594.xyz", "model": "5.xyz", "model_rescale": 3.6523030999806103, "target_rescale": 4.109085496355126},
{"mapping": [3, 2, 7, 12, 11, 6, 0, 8, 9, 4, 5, 10, 13], "R": [[-0.8889343211467815, -0.306828181849777, -0.3400768141318538], [-0.3022157803040494, -0.16501288282936727, 0.9388484279347526], [-0.34418221165906554, 0.9373511696920755, 0.053957296581393865]], "T": [0.0527098511551535, -0.019178240946786686, 0.053611114772453033], "aligned_model": [[0.16320632637085397, -0.23932308533341687, 0.2792348691251296, 0.7119971444373747, 0.5208989136143418, -0.38345078954226397, -0.27614378952848195, 0.30408569182458034, -0.5718970247255424, -0.12809327644768367, -0.045481248380565054, 0.4995921195815156, 0.04645705366845181], [-0.6229389621116025, -0.0184892156077452, 0.3154596446386213, -0.1516122000598595, 0.4070272704571746, -0.6796221760933843, 0.5172444554127991, -0.579709476350474, 0.09147753410008791, -0.2779706428416205, 0.45409171952065486, 0.05171792027361373, 0.034151032824917854], [0.5725387298886657, 0.6557620097426113, 0.5679095871359149, 0.28385525536599676, 0.01112945010281216, 0.15519897934933535, 0.26510708667683736, -0.22671965147370812, -0.24708089205991526, -0.6781071638068873, -0.5599940641009167, -0.5317233974279234, 0.1022338100889665]], "inverted": true, "swapped": true, "error_lsq": 0.05220718727058535, "error_max": 0.26484718201071106, "target": "594.xyz", "model": "6.xyz", "model_rescale": 4.08911054899281, "target_rescale": 4.109085496355126},
{"mapping": [4, 0, 6, 2, 12, 10, 7, 3, 13, 5, 11, 8, 1, 14], "R": [[0.305557456296435, 0.9391743548390293, -0.15679978352773827], [0.18246082381126866, -0.2193771180902944, -0.9584266940316879], [-0.9345280566552113, 0.26424460499902436, -0.238394840659659]], "T": [0.054510996617543384, 0.030903926504637892, 0.022823339880114892], "aligned_model": [[-0.11762223936529159, 0.6266749372672058, 0.0295665011030666, 0.05157549783062683, -0.39965884643824934, -0.10947774427151163, -0.5618948755302162, 0.4638665467417729, -0.16034860198989842, -0.6237248456556062, 0.23256882951546876, 0.3516718652012284, 0.5651659987202524, 0.20886814230468556], [-0.2078226818371116, -0.7025910619297506, -0.4674944961733854, -0.4898111061138557, 0.5441316520264267, 0.6239035988055405, -0.3475068881029415, -0.4913528065249866, 0.2444937607569665, 0.06094763391443093, 0.5707833654637711, 0.21891982402346505, -0.010592640065582963, 0.0883367866610752], [-0.6176680693065951, 0.1616387211091953, 0.011880265857604957, 0.6384423624445966, 0.21860120743823666, -0.3523219386649149, 0.2987545282355436, -0.408601479356663, 0.6892385692543657, -0.32300139533186256, 0.1689625286352974, -0.5615518938077647, 0.5476619461637615, 0.03831852092471702]], "inverted": true, "swapped": false, "error_lsq": 0.0482544220658977, "error_max": 0.3707153499356848, "target": "594.xyz", "model": "7.xyz", "model_rescale": 3.964800864290218, "target_rescale": 4.109085496355126},
{"mapping": [7, 5, 1, 3, 4, 12, 0, 8, 6, 2, 11, 9, 10, 13], "R": [[-0.28756654872251103, -0.33533932865267313, 0.8971360068097805], [0.1870537072843208, 0.8989993741201738, 0.39599373217606354], [-0.939316980921252, 0.28168716688963796, -0.19579568269671804]], "T": [-0.01811172370589715, -0.04340050145983338, 0.07060385076774577], "aligned_model": [[-0.18251633262749448, 0.5968063578481151, -0.23686621332291988, -0.019072490562726536, -0.4137452463643337, 0.05203239102250639, -0.524942618368907, 0.5222083588526101, -0.15968327398442392, -0.6568437603811413, 0.2370959176536253, 0.5357437118511601, 0.7553118411049096, 0.05170252271255398], [-0.1530931011413925, -0.5969868156260424, -0.664994562201522, -0.3694524284569644, 0.5353120233520118, 0.45018227800924476, -0.42802610059923724, -0.2836041783695968, 0.24341648066915778, -0.014323621897448992, 0.7249505037058467, 0.2644813239190053, -0.012351013738843182, -0.061165846720157555], [-0.6133492346863304, 0.1909727367565488, -0.28840476764614253, 0.7184093104012005, 0.13109620060322674, -0.4969618108689653, 0.3997618147067806, -0.42073511918098394, 0.5545453121994888, -0.10197844309144834, 0.24847773065537515, -0.19830071389025872, 0.34625930911174385, 0.040561548525283556]], "inverted": false, "swapped": false, "error_lsq": 0.04610460616942158, "error_max": 0.2751360194709426, "target": "594.xyz", "model": "8.xyz", "model_rescale": 4.121658175737393, "target_rescale": 4.109085496355126},
{"mapping": [6, 2, 0, 9, 3, 8, 7, 10, 11, 12, 4, 5, 13], "R": [[0.3633139932050757, 0.3339797568852019, -0.8697473566112659], [-0.8384880395608323, 0.5241587576240594, -0.1489812213650943], [0.406128981796196, 0.783399718404918, 0.47047224290948453]], "T": [-0.029907598598002752, -0.02639660670427192, -0.07465128892861464], "aligned_model": [[-0.7489970986099345, -0.1520470769449056, 0.4240999766572814, 0.040135858888634204, -0.6813655737608669, -0.5079111787365153, 0.25534241407034636, 0.18019531227063207, 0.4550975672519856, -0.10689035126984918, -0.20411557345713993, 0.5084301206647913, 0.014763099410737564], [0.19009794331105845, -0.30570130039296955, 0.004737346632271634, 0.5994575731113067, -0.48080501897516703, 0.04546703155360503, -0.576307981234899, 0.13963207032388025, -0.3025242303587735, -0.6193139267960889, 0.6602422388676104, 0.4968032195212221, -0.061397526151346526], [-0.34443414787455595, -0.6704199075852431, -0.5579031599573832, -0.38480382010034586, -0.1976872618832672, 0.3968554581182444, -0.28448200008716773, 0.6150136760589807, 0.22730955711665193, 0.30970994768822135, 0.29038787976944347, 0.14119982852425614, -0.11967061582874652]], "inverted": false, "swapped": true, "error_lsq": 0.051804497732245, "error_max": 0.3985552795650481, "target": "594.xyz", "model": "9.xyz", "model_rescale": 3.833441315466971, "target_rescale": 4.109085496355126},
{"mapping": [12, 4, 6, 3, 8, 10, 7, 1, 2, 11, 13, 0, 5, 14], "R": [[-0.5702777927186672, -0.7994661204585617, -0.1887780743912323], [0.2232764758407143, -0.37201521241874846, 0.9009729724387878], [-0.7905256823583128, 0.47165517485549785, 0.3906539921259656]], "T": [8.298486449682257e-05, -0.05311699877242236, 0.00041210782013848674], "aligned_model": [[-0.08693320644884803, 0.35559877960454944, 0.16213813889136225, -0.12545659274148094, -0.5043693161536199, -0.2613388819321947, -0.5690505254207853, 0.5521247921432879, 0.16871808410856454, -0.6368612521252132, 0.4679224022844352, 0.44334321011598543, 0.6275044846146317, -0.0361089515071404], [-0.231258170843691, -0.6757262242380089, -0.6778001798385598, -0.4145186702073057, 0.5122853519268245, 0.6055625422158989, -0.3169238997202657, -0.2000979437406017, 0.2281444894567598, -0.01894586359462328, 0.547959060323838, 0.339948217061687, -0.008307456667906547, -0.05597631122998435], [-0.5685465572629824, 0.3495236260284757, -0.21110294694272178, 0.780123911043751, 0.18318907627632366, -0.41618603591530523, 0.22492701437305215, -0.4678350253760534, 0.6400248292928151, -0.24139660486372533, 0.23603976346381803, -0.3355091188312164, 0.24894695055790403, 0.08815499175138339]], "inverted": false, "swapped": false, "error_lsq": 0.055054273185162865, "error_max": 0.32978428797465725, "target": "594.xyz", "model": "10.xyz", "model_rescale": 4.2482417240324, "target_rescale": 4.109085496355126},
{"mapping": [0, 2, 6, 3, 5, 4, 9, 8, 7, 10, 11, 13], "R": [[-0.04338791451332513, -0.1839165710598284, 0.9819838001534343], [-0.16283891379487792, 0.9710671415185128, 0.1746771158943535], [-0.9856982180303914, -0.1523262996092933, -0.07208135278316517]], "T": [-0.002419889166859557, 0.01808446676001043, -0.08341279315618405], "aligned_model": [[-0.5767631053541405, -0.009956137902954446, 0.5415622648507815, 0.6610662931729413, -0.5468820854233313, 0.12776718104234325, -0.28991138162821095, 0.5694926860302228, -0.21761768746070678, -0.025233452027370616, -0.3064410579533225, -0.05031791498324507], [-0.28660124927536956, -0.6315586164519559, -0.13878015425395515, -0.43276195309408044, 0.5708361366433921, 0.7072927173755186, 0.17281675665025462, 0.37473757846294675, -0.4532837263666525, 0.6804491240012148, 0.13649574825968364, -0.03351097190035743], [0.05045675810924749, 0.07713776104172518, 0.47892100182618064, -0.1338701091337315, 0.006940797463222681, 0.29489690995812046, 0.5380376820622446, -0.1244613239905419, -0.48253802541887464, -0.41219710067386994, -0.6276615647064263, -0.10047049668293999]], "inverted": false, "swapped": true, "error_lsq": 0.048158366731030494, "error_max": 0.3596826789106192, "target": "594.xyz", "model": "11.xyz", "model_rescale": 3.6694154284099745, "target_rescale": 4.109085496355126},
{"mapping": [0, 7, 6, 9, 3, 1, 11, 5, 8, 4, 2, 12, 10, 13], "R": [[0.9643042569028164, -0.14102572481927894, -0.22411837287090985], [0.010491475303880837, -0.8253662919374336, 0.5645001444458624], [-0.2645887924025793, -0.5467012246855207, -0.7944246609102066]], "T": [0.07942413096370479, -0.08331723648672135, 0.01708139434016932], "aligned_model": [[-0.0874629762788835, 0.5474611018240306, -0.1422168006433561, 0.15269431650649182, -0.4944891114708214, -0.0796884257363342, -0.44480947488910283, 0.47276251185481455, -0.19070257006465516, -0.6161449329740024, 0.17833534332803466, 0.634019522506128, 0.5935382124467257, 0.03393444902446403], [-0.07227338684325951, -0.6142293646226251, -0.5602850067067856, -0.3298956627921211, 0.5464179635441777, 0.6509819262934173, -0.4214401818039974, -0.5779853354639761, 0.2454885760721815, 0.055780324386403485, 0.5368408427438207, 0.1847453970205052, 0.03551849874772228, -0.04531964967140177], [-0.6777312359758834, 0.24344178083842666, -0.19084137271847712, 0.7776843304910673, 0.14079909155303144, -0.3727409086933108, 0.4118986295916308, -0.478054124935989, 0.6427939116595086, -0.19390248087843892, 0.1957825477388537, -0.2698591508317627, 0.3707670832796588, -0.08968422752279677]], "inverted": true, "swapped": false, "error_lsq": 0.043675824221562985, "error_max": 0.30686008649732627, "target": "594.xyz", "model": "12.xyz", "model_rescale": 3.9764082729961374, "target_rescale": 4.109085496355126},
{"mapping": [9, 10, 12, 11, 4, 0, 14, 1, 3, 5, 7, 2, 8, 15], "R": [[0.8766014235284216, 0.48029608303104243, 0.029759316070482045], [0.3152016389867724, -0.619811885830461, 0.7186662319626129], [0.36361775403299174, -0.620603656779692, -0.6947180940091291]], "T": [-0.08691112027033476, -0.09925257573526285, 0.016404877628266687], "aligned_model": [[-0.08007419956578199, 0.4734984449946279, -0.061666122105754076, 0.1658980680452446, -0.4965905424274395, 0.0005855488956010291, -0.4102078918191654, 0.4287288988688993, 0.117915782204496, -0.6778657641089306, 0.10575083068726407, 0.5872896366999796, 0.5261209459339032, -0.12215247086941038], [-0.055596814292887806, -0.6664327240805524, -0.6425813975499696, -0.4844084970028753, 0.49045662734167356, 0.4712221860986449, -0.26829894579059976, -0.29787404484480173, 0.21784102250637627, 0.06815394735216039, 0.6219417913254021, 0.27957390493106143, -0.07481598177544548, -0.02483613331412529], [-0.5832171345809151, 0.118359266650104, -0.3173165876708372, 0.6631560889646856, -1.3059106085136496e-05, -0.4240617073673197, 0.7275381716402167, -0.29662461128907847, 0.7686954048119788, -0.5541839154513876, 0.1338517017495207, -0.17905189701191204, 0.3674709331357091, 0.085751219120839]], "inverted": true, "swapped": false, "error_lsq": 0.05057988183233963, "error_max": 0.3055159392152225, "target": "594.xyz", "model": "13.xyz", "model_rescale": 4.170626492500431, "target_rescale": 4.109085496355126},
{"mapping": [8, 5, 4, 6, 1, 7, 2, 12, 3, 0, 9, 10, 11, 13], "R": [[0.17689251109785023, -0.4174645497232882, -0.8913093678638353], [-0.06742162666092494, 0.8983234583387244, -0.4341304970360288], [0.9819182062554355, 0.13688796120436142, 0.1307605533080273]], "T": [-0.03670846786911044, -0.03364457744677878, 0.038312981288730626], "aligned_model": [[-0.016256881139060354, 0.6362749752104814, -0.18101942930676754, 0.18133656268600615, -0.33320935399195495, -0.23599239575954337, -0.5589525216146822, 0.4945544220041126, -0.12732374633238844, -0.5866113445924378, 0.36038747467385446, 0.3422824070664818, 0.5408300304397385, 0.04093096608969408], [-0.1628438446295297, -0.6080954833447973, -0.6570235325501425, -0.5270828998607867, 0.6680546509960915, 0.4665039234083172, -0.34682695520000156, -0.368767760365237, 0.15415631386459286, 0.1415163449801613, 0.6565184246415187, 0.2281630267552316, 0.05519692338165497, -0.06512419117301224], [-0.6927448650986718, 0.24883440635019763, -0.26768727252848146, 0.6836533981646266, 0.14087948277140175, -0.5679602212081047, 0.2875319890481197, -0.3373974328606863, 0.6955749541439692, -0.11263033242153306, 0.18763237530123617, -0.2874952446239787, 0.4360768834126623, 0.09608575314476132]], "inverted": true, "swapped": false, "error_lsq": 0.043553379916936266, "error_max": 0.2150213514698311, "target": "594.xyz", "model": "14.xyz", "model_rescale": 3.9786697098870705, "target_rescale": 4.109085496355126},
{"mapping": [10, 12, 4, 5, 8, 6, 7, 2, 9, 0, 3, 13], "R": [[0.89500241173686, -0.3471854838650794, 0.28005878450528], [0.42203624411517526, 0.4558210433000096, -0.783653357766077], [0.14441638285998037, 0.8195666027103968, 0.5544857906956482]], "T": [0.010463461035086843, -0.04848163406941674, -0.005389412143812448], "aligned_model": [[0.02544572486509695, -0.6555871126137885, 0.5918684783966048, 0.49044948319662374, -0.041226859955604184, 0.2568817406918591, -0.46858405544004067, -0.13280736442633612, 0.6917931530307531, 0.1642867316828095, -0.4271187906571457, -0.012046532003495349], [-0.3663942189403768, -0.03284364185146734, 0.06391664889158807, -0.6153357448033039, 0.347900173668349, 0.7040882233562905, -0.29554378116298075, 0.16779696743652267, -0.06918765706347677, -0.41948431988439516, 0.6150827557012586, -0.08532091512356893], [-0.6732618841275928, -0.253064480386087, -0.5386902177037225, -0.247106392769389, -0.5496136222355953, 0.09289095893832733, 0.3651140147543628, 0.6115112671925416, 0.1624058331356782, 0.5231179017295716, 0.11388515689326034, 0.05277795845247445]], "inverted": true, "swapped": true, "error_lsq": 0.05109918888323598, "error_max": 0.34098061857463047, "target": "594.xyz", "model": "15.xyz", "model_rescale": 3.769337070930944, "target_rescale": 4.109085496355126},
{"mapping": [7, 10, 2, 0, 1, 12, 3, 8, 6, 9, 13], "R": [[-0.1817560727461228, 0.32597890225281173, -0.9277405269287086], [0.3912061760935522, 0.8895506953720467, 0.2359179691108092], [0.9021765114467163, -0.3200583003909755, -0.28920620073690206]], "T": [-0.15442716183901212, -0.049026584461994725, 0.05963304039305112], "aligned_model": [[-0.196530893466803, -0.23376822920595952, -0.07362091335978418, -0.6777722831816115, 0.3870816168961128, 0.28258952575246854, 0.5774763151655751, 0.3387827232670886, 0.2879274963782038, -0.5818296722569631, -0.18770955529715683], [0.14376257183757155, -0.7820461233398097, 0.5843109550449977, 0.3086927847291824, 0.29866921515917844, -0.34146218299184977, 0.26922911071568556, -0.40039423800115637, 0.3577563299544239, 0.16989633172974952, -0.012350257212630743], [-0.5639522656454068, 0.12073843569462445, -0.14092448831469803, -0.13727127435072467, -0.6017007406617914, -0.4186019315260627, -0.035514014329202315, 0.35838912638899384, 0.5846019986060205, 0.5716818503478056, 0.0067709110142186515]], "inverted": true, "swapped": true, "error_lsq": 0.05404981196522846, "error_max": 0.27818207991445315, "target": "594.xyz", "model": "16.xyz", "model_rescale": 3.7852294659196426, "target_rescale": 4.109085496355126},
{"mapping": [11, 4, 9, 5, 10, 8, 3, 6, 0, 7, 12, 2, 13], "R": [[-0.05613445155724156, -0.6055417961229486, -0.7938312519021666], [0.5637150023127346, -0.6754543814389167, 0.47538066300862936], [-0.8240596577408223, -0.4208093532030436, 0.37926925625591484]], "T": [0.02137487309751408, 0.07434620427387631, 0.009786359665662145], "aligned_model": [[0.02734605484901635, -0.48235702352032406, 0.22900576292890923, 0.00571629009438147, -0.5060464328445713, -0.6236825309673341, -0.10715491847806778, -0.11304859354997353, 0.6497704713271846, 0.42112760873494826, -0.25912094864663254, 0.5254195693202339, 0.08679054096851256], [0.08845337765147933, -0.49423453000729267, -0.49405248218153863, -0.6455391838322798, -0.21870466922727552, 0.18131913301351582, 0.7745049526781999, 0.21294808374646576, -0.11375153694496326, 0.4601075637680868, 0.6105150558079606, 0.4236805048404949, 0.0898093543900208], [-0.6245811683797244, 0.25071174722508954, 0.36560440269485756, -0.29296287620239037, -0.4183426749268188, 0.17839287086136868, 0.38298894392410604, 0.7840358290332123, -0.0920114014408319, -0.33544536075169323, -0.3631156509431797, 0.27769287642252477, -0.01721284037334666]], "inverted": false, "swapped": true, "error_lsq": 0.044413500096542775, "error_max": 0.2629940102283606, "target": "594.xyz", "model": "17.xyz", "model_rescale": 3.901054581598922, "target_rescale": 4.109085496355126},
{"mapping": [7, 4, 6, 10, 13, 3, 9, 1, 5, 12, 2, 0, 8, 14], "R": [[0.5132023313747033, 0.6627273442533272, 0.5453584456579924], [0.3803165579947432, -0.7452271294938061, 0.5477187610274579], [0.7694041088963594, -0.07368169817094451, -0.6344984827153217]], "T": [0.03633573806188957, -0.08250724989258479, 0.061189502516149186], "aligned_model": [[-0.05086558039181514, 0.5631236962829842, -0.005438839135340975, -0.11385336644352999, -0.3796428622179516, -0.1622924058910803, -0.48301162703362494, 0.5428610275322365, -0.01307798584761094, -0.5940284744793176, 0.2776416798448496, 0.40525954095854716, 0.588824859244965, -0.018268496989776693], [-0.19744189714263652, -0.5961521474004328, -0.7196013652364359, -0.6701770746372135, 0.48239435559177185, 0.520050542109409, -0.08336617177366801, -0.30808715410765086, 0.2082398596706781, 0.03839588496450849, 0.6965677736496374, 0.2973452025319003, 0.049832653913806424, -0.0836555212296127], [-0.5860067433928379, 0.3514261925593117, -0.3338949418300806, 0.6130419810838715, 0.249205934061371, -0.3641066969028619, 0.46673505847237284, -0.36098509096045883, 0.6117441766091262, -0.31297422582512463, 0.19739395230040924, -0.48205248826039027, 0.40420578926466655, 0.05662097641614368]], "inverted": true, "swapped": false, "error_lsq": 0.044315001915908536, "error_max": 0.27713543927265644, "target": "594.xyz", "model": "18.xyz", "model_rescale": 3.9405287249114394, "target_rescale": 4.109085496355126},
{"mapping": [13, 3, 12, 1, 8, 9, 0, 14, 6, 7, 5, 11, 10, 15], "R": [[-0.8859520867306654, 0.23234571306264779, -0.40137808814008413], [-0.44578422026693615, -0.6653552685409381, 0.5988144917967633], [-0.127927045532128, 0.7094489666256663, 0.6930489411110841]], "T": [-0.024932375589967047, -0.11299547921891183, 0.0066758108564701005], "aligned_model": [[0.060725227019317866, 0.5036129685227951, -0.0564675736369628, 0.013743531002450467, -0.4895627954036948, -0.10813991535164505, -0.5429794019771784, 0.5513903636354889, -0.12995469707416288, -0.5507925462650026, 0.08771752253813259, 0.4595115953684464, 0.7522785699174994, 0.00614831713804952], [-0.1388510421097085, -0.7032996399487335, -0.6541073894774805, -0.3798546285488361, 0.40051631920087527, 0.5328198619960617, -0.18806841623085258, -0.44228032725728056, 0.22028081325092808, 0.18881118001094344, 0.6716145911493441, 0.272433201987336, -0.04802476507223745, -0.09764481804629821], [-0.6591500750587568, 0.319100860933681, -0.07296396607599112, 0.6090127536448086, 0.31113658239091896, -0.39953706108966985, 0.4523949943517737, -0.3922760047556423, 0.6671155737870856, -0.3511081606731096, 0.2575934879685396, -0.36206796550520964, 0.10478793769707492, 0.026314915980015587]], "inverted": true, "swapped": false, "error_lsq": 0.04176446466885582, "error_max": 0.2642001667806132, "target": "594.xyz", "model": "19.xyz", "model_rescale": 4.410303926677745, "target_rescale": 4.109085496355126},
{"mapping": [7, 5, 1, 3, 4, 12, 0, 8, 6, 2, 11, 9, 10, 13], "R": [[-0.28756654872251103, -0.33533932865267313, 0.8971360068097805], [0.1870537072843208, 0.8989993741201738, 0.39599373217606354], [-0.939316980921252, 0.28168716688963796, -0.19579568269671804]], "T": [-0.01811172370589715, -0.04340050145983338, 0.07060385076774577], "aligned_model": [[-0.18251633262749448, 0.5968063578481151, -0.23686621332291988, -0.019072490562726536, -0.4137452463643337, 0.05203239102250639, -0.524942618368907, 0.5222083588526101, -0.15968327398442392, -0.6568437603811413, 0.2370959176536253, 0.5357437118511601, 0.7553118411049096, 0.05170252271255398], [-0.1530931011413925, -0.5969868156260424, -0.664994562201522, -0.3694524284569644, 0.5353120233520118, 0.45018227800924476, -0.42802610059923724, -0.2836041783695968, 0.24341648066915778, -0.014323621897448992, 0.7249505037058467, 0.2644813239190053, -0.012351013738843182, -0.061165846720157555], [-0.6133492346863304, 0.1909727367565488, -0.28840476764614253, 0.7184093104012005, 0.13109620060322674, -0.4969618108689653, 0.3997618147067806, -0.42073511918098394, 0.5545453121994888, -0.10197844309144834, 0.24847773065537515, -0.19830071389025872, 0.34625930911174385, 0.040561548525283556]], "inverted": false, "swapped": false, "error_lsq": 0.04610460616942158, "error_max": 0.2751360194709426, "target": "594.xyz", "model": "20.xyz", "model_rescale": 4.121658175737393, "target_rescale": 4.109085496355126},
{"mapping": [3, 2, 7, 12, 11, 6, 0, 8, 9, 4, 5, 10, 13], "R": [[-0.8889343211467815, -0.306828181849777, -0.3400768141318538], [-0.3022157803040494, -0.16501288282936727, 0.9388484279347526], [-0.34418221165906554, 0.9373511696920755, 0.053957296581393865]], "T": [0.0527098511551535, -0.019178240946786686, 0.053611114772453033], "aligned_model": [[0.16320632637085397, -0.23932308533341687, 0.2792348691251296, 0.7119971444373747, 0.5208989136143418, -0.38345078954226397, -0.27614378952848195, 0.30408569182458034, -0.5718970247255424, -0.12809327644768367, -0.045481248380565054, 0.4995921195815156, 0.04645705366845181], [-0.6229389621116025, -0.0184892156077452, 0.3154596446386213, -0.1516122000598595, 0.4070272704571746, -0.6796221760933843, 0.5172444554127991, -0.579709476350474, 0.09147753410008791, -0.2779706428416205, 0.45409171952065486, 0.05171792027361373, 0.034151032824917854], [0.5725387298886657, 0.6557620097426113, 0.5679095871359149, 0.28385525536599676, 0.01112945010281216, 0.15519897934933535, 0.26510708667683736, -0.22671965147370812, -0.24708089205991526, -0.6781071638068873, -0.5599940641009167, -0.5317233974279234, 0.1022338100889665]], "inverted": true, "swapped": true, "error_lsq": 0.05220718727058535, "error_max": 0.26484718201071106, "target": "594.xyz", "model": "21.xyz", "model_rescale": 4.08911054899281, "target_rescale": 4.109085496355126},
{"mapping": [6, 1, 0, 2, 12, 10, 4, 8, 14, 7, 9, 5, 11, 16], "R": [[0.7899031993421458, -0.4800211239922737, -0.3816184694039807], [-0.5726792629613693, -0.799969563389413, -0.1791288905357683], [-0.21929750897597003, 0.36003946751952975, -0.90679666099142]], "T": [0.025061186049841387, -0.02634616457457948, 0.13126436340168846], "aligned_model": [[-0.006360110394588815, 0.45169422874450016, -0.32267203478302203, 0.040838015537361876, -0.4358229569035618, -0.08621688245876491, -0.4315597969432621, 0.527255481408652, -0.09482982804646992, -0.5043010549398489, 0.19154264585273903, 0.45465604480192195, 0.7884257451656814, -0.015418331607803454], [-0.2390505594531607, -0.6928140568884498, -0.6432237408207346, -0.4918194329338206, 0.5475303742617805, 0.5274320640933172, -0.47902810669111057, -0.2671493665774579, 0.3505543089787414, 0.06242716079687299, 0.6657001831077052, 0.4019139873575701, -0.0574473448391851, -0.050680529488006956], [-0.5824118034138056, 0.1929342641786843, -0.1827787247775401, 0.6829341536453998, 0.18801849084095063, -0.44500143823621674, 0.4012060664410238, -0.2817449896089934, 0.6366303334880252, -0.3353094276821026, 0.16132077310120854, -0.22897243864524286, 0.17817168405076683, 0.1253569302133607]], "inverted": true, "swapped": false, "error_lsq": 0.041054703232123776, "error_max": 0.27538098052464494, "target": "594.xyz", "model": "22.xyz", "model_rescale": 4.204369325754507, "target_rescale": 4.109085496355126},
{"mapping": [13, 3, 12, 1, 8, 9, 0, 14, 6, 7, 5, 11, 10, 15], "R": [[-0.8859520867306654, 0.23234571306264779, -0.40137808814008413], [-0.44578422026693615, -0.6653552685409381, 0.5988144917967633], [-0.127927045532128, 0.7094489666256663, 0.6930489411110841]], "T": [-0.024932375589967047, -0.11299547921891183, 0.0066758108564701005], "aligned_model": [[0.060725227019317866, 0.5036129685227951, -0.0564675736369628, 0.013743531002450467, -0.4895627954036948, -0.10813991535164505, -0.5429794019771784, 0.5513903636354889, -0.12995469707416288, -0.5507925462650026, 0.08771752253813259, 0.4595115953684464, 0.7522785699174994, 0.00614831713804952], [-0.1388510421097085, -0.7032996399487335, -0.6541073894774805, -0.3798546285488361, 0.40051631920087527, 0.5328198619960617, -0.18806841623085258, -0.44228032725728056, 0.22028081325092808, 0.18881118001094344, 0.6716145911493441, 0.272433201987336, -0.04802476507223745, -0.09764481804629821], [-0.6591500750587568, 0.319100860933681, -0.07296396607599112, 0.6090127536448086, 0.31113658239091896, -0.39953706108966985, 0.4523949943517737, -0.3922760047556423, 0.6671155737870856, -0.3511081606731096, 0.2575934879685396, -0.36206796550520964, 0.10478793769707492, 0.026314915980015587]], "inverted": true, "swapped": false, "error_lsq": 0.04176446466885582, "error_max": 0.2642001667806132, "target": "594.xyz", "model": "23.xyz", "model_rescale": 4.410303926677745, "target_rescale": 4.109085496355126},
{"mapping": [8, 14, 15, 6, 0, 3, 12, 9, 7, 2, 1, 10, 11, 16], "R": [[0.9217132372302269, 0.02960338836244142, 0.38674067243055543], [0.37697113398168786, -0.3030958750375784, -0.8752289155870966], [0.09130976102879737, 0.9525001469462707, -0.29052710305270446]], "T": [0.07262084594228946, -0.09421433445241938, 0.08159129687353164], "aligned_model": [[0.18101127605590717, 0.4709613664881206, 0.11802363245837932, -0.1927263403360131, -0.5051427819741305, -0.26200893905084677, -0.5823316178943443, 0.5411745056124386, 0.10035677048622446, -0.6929813010089456, 0.26569426704573107, 0.4101300364424964, 0.6701613628128087, 0.034908928295707714], [-0.27051997799383726, -0.5789080827183453, -0.7712348344833608, -0.7125495061203599, 0.3515290283022368, 0.6110251806839607, -0.16603178032812854, -0.36314451264712533, 0.2935991534407864, 0.26625088778713546, 0.7391456661442299, 0.1724548480975377, 0.05052616009764778, 0.012202710641683975], [-0.7139428016852198, 0.3356519000725303, -0.1395331485167903, 0.43535756995840846, 0.2762393276963352, -0.36552291439660034, 0.5420859867081814, -0.23551122738992777, 0.6208151036366393, -0.260186594918532, 0.14918651149189788, -0.40703846038818847, 0.23231291624606093, 0.040439705080724]], "inverted": false, "swapped": false, "error_lsq": 0.05199193930552017, "error_max": 0.3578393592840029, "target": "594.xyz", "model": "24.xyz", "model_rescale": 4.28219845311461, "target_rescale": 4.109085496355126},
{"mapping": [5, 7, 3, 4, 6, 10, 0, 9, 2, 8, 14, 11, 13, 15], "R": [[-0.7394869670984288, 0.14662821207306648, -0.6570077571199775], [0.3584964511082454, -0.7402975366427512, -0.568717725926903], [-0.5697712874780203, -0.6560942955589009, 0.4948746864618444]], "T": [0.11388378154476811, -0.06163899199081509, 0.03301536719029097], "aligned_model": [[-0.1214242294619298, 0.6096054770657873, -0.012839981922617066, -0.047795948389106585, -0.5745942551726734, -0.12640716428043938, -0.5355952743996439, 0.5620085918421716, 0.037237224951681844, -0.4225708580466613, 0.22799121638052597, 0.321932509151284, 0.5813007552260842, 0.05838310248907063], [-0.19757496489194365, -0.6196183824200053, -0.8113818618438582, -0.5669977133089263, 0.4902510336352573, 0.6050077987733541, -0.1173844803117466, -0.368756437716697, 0.23717769964505614, 0.1374117552454996, 0.6804584830526117, 0.25225887072942205, -0.01699049866320297, -0.06951636102075931], [-0.7740981515551435, 0.2531630589707413, -0.11487669391174973, 0.5361264888542279, 0.21635256345218437, -0.32412205250434045, 0.5235493297833232, -0.36914966461331533, 0.644255021131472, -0.36010201555221544, 0.16113818227020837, -0.36025417138290106, 0.39694440106252626, 0.0814275775905006]], "inverted": true, "swapped": false, "error_lsq": 0.0407498940403393, "error_max": 0.24133516897417487, "target": "594.xyz", "model": "25.xyz", "model_rescale": 4.100010024507729, "target_rescale": 4.109085496355126},
{"mapping": [0, 2, 6, 3, 5, 4, 9, 8, 7, 10, 11, 13], "R": [[-0.04338791451332513, -0.1839165710598284, 0.9819838001534343], [-0.16283891379487792, 0.9710671415185128, 0.1746771158943535], [-0.9856982180303914, -0.1523262996092933, -0.07208135278316517]], "T": [-0.002419889166859557, 0.01808446676001043, -0.08341279315618405], "aligned_model": [[-0.5767631053541405, -0.009956137902954446, 0.5415622648507815, 0.6610662931729413, -0.5468820854233313, 0.12776718104234325, -0.28991138162821095, 0.5694926860302228, -0.21761768746070678, -0.025233452027370616, -0.3064410579533225, -0.05031791498324507], [-0.28660124927536956, -0.6315586164519559, -0.13878015425395515, -0.43276195309408044, 0.5708361366433921, 0.7072927173755186, 0.17281675665025462, 0.37473757846294675, -0.4532837263666525, 0.6804491240012148, 0.13649574825968364, -0.03351097190035743], [0.05045675810924749, 0.07713776104172518, 0.47892100182618064, -0.1338701091337315, 0.006940797463222681, 0.29489690995812046, 0.5380376820622446, -0.1244613239905419, -0.48253802541887464, -0.41219710067386994, -0.6276615647064263, -0.10047049668293999]], "inverted": false, "swapped": true, "error_lsq": 0.048158366731030494, "error_max": 0.3596826789106192, "target": "594.xyz", "model": "26.xyz", "model_rescale": 3.6694154284099745, "target_rescale": 4.109085496355126},
{"mapping": [8, 11, 9, 12, 1, 5, 3, 10, 6, 7, 0, 4, 2, 13], "R": [[-0.7261953456901598, -0.2627661789182627, 0.6352906855248589], [-0.5887378204003938, -0.239480763493714, -0.772034159054288], [0.3550043643790076, -0.9346672665356178, 0.019209428380183136]], "T": [0.033681494279288515, -0.034770295838809424, -0.034283052968652784], "aligned_model": [[0.025754328981014422, 0.5393162670414193, -0.14445769270068626, 0.04000734914016604, -0.37860623166015445, -0.2860150688183395, -0.6281302411548872, 0.47584848380731204, -0.09793966082941466, -0.5744018958131403, 0.2791696853815111, 0.6635400805517719, 0.5644517753649214, 0.07869398614204029], [-0.12981982707742093, -0.6214464712894613, -0.6837838234393838, -0.488938412770997, 0.6473596911606903, 0.6201034702164332, -0.34315696271970914, -0.3436690196016439, 0.13062580051944372, -0.03723583219159183, 0.5753338937984549, 0.2558532390652202, 0.07667310891796608, -0.023553913683938804], [-0.6661532446154049, 0.3349323461922925, -0.14342244330928486, 0.6164274191155141, 0.34566979354192984, -0.3423625196608324, 0.31174311781216574, -0.30066745889747865, 0.6187946105918871, -0.1966315563268169, 0.032363544465553555, -0.47513075041941794, 0.375586343858896, -0.0007953287534846892]], "inverted": false, "swapped": false, "error_lsq": 0.0401067481081005, "error_max": 0.2714222981576001, "target": "594.xyz", "model": "27.xyz", "model_rescale": 4.103607728864725, "target_rescale": 4.109085496355126},
