[{"mapping": [10, 1, 5, 8, 7, 2, 0, 4, 6, 3, 11, 12], "R": [[-0.1703471111115582, -0.30412637360826184, 0.9372774459101395], [0.12343958519090883, -0.9502731318847495, -0.28590845322558406], [0.9776218750334112, 0.0669934600825898, 0.19941751618731907]], "T": [-0.11727633184659633, -0.06955488838129695, 0.011729117230270883], "aligned_model": [[-0.2811358329391044, 0.19453846948420087, 0.42540527321429433, -0.2071843082906012, -0.10771453912160536, -0.5603052337714709, 0.37885949639094185, -0.417831329455702, 0.6584193182330194, 0.24938426466326927, -0.45956922793075883, -0.03522388801593415], [-0.4458585744785034, -0.6411972746644087, -0.19252571156611054, 0.6951033716912337, 0.50393006024484, -0.6586122221669287, -0.3333320983294372, -0.4445224162413346, 0.15894575594336735, 0.38604237857164314, 0.13996345108759148, -0.11438168411489566], [-0.5146137397131364, -0.03767674760024457, -0.5539112470730205, 0.020053307238041877, -0.626052564834141, 0.07488477015308397, 0.5479420675655357, 0.6824314428391677, 0.07682454680661012, 0.2509803185167007, 0.3194583967595764, -0.05836880530461121]], "inverted": true, "swapped": true, "error_lsq": 0.03782773158043986, "error_max": 0.23309336835388964, "target": "595.xyz", "model": "0.xyz", "model_rescale": 3.751011558992144, "target_rescale": 4.04324535650041},
{"mapping": [12, 7, 6, 13, 11, 0, 3, 8, 5, 4, 1, 9, 14], "R": [[0.302324638093771, 0.5006415971542787, 0.8111459821760096], [0.78572363342858, -0.6126693035702484, 0.08529183040911414], [0.5396648821938117, 0.6115507465955378, -0.5785909602345854]], "T": [0.04069771991662246, 0.0513652451671564, 0.04717240423644921], "aligned_model": [[-0.40325729674858907, 0.14468650460445628, 0.009282090921604529, -0.3006759971865895, -0.5775905773855413, 0.6275242032096262, 0.10393541910404386, 0.4693628077315746, -0.12669423010354722, 0.3420513180228723, 0.6040723324386393, -0.5714442213209524, -0.008803069701814693], [-0.10205238639704411, -0.4300847946166441, -0.696783373506031, 0.5982730950321762, -0.45228559432951193, 0.04864444768950591, 0.2727128093948439, 0.3859587633627539, 0.6103088710015468, -0.16475411218896, -0.358864477745579, 0.26950023904206194, 0.04533620727229529], [-0.5284508037566215, -0.3967523817899321, 0.10205817563842254, -0.287279367066583, 0.01912954025702908, -0.43358927712609113, -0.6811215877233403, 0.42758227820131417, 0.2699907275475495, 0.7457798778539335, 0.049656320588437955, 0.1562090474321306, 0.02443180238467222]], "inverted": true, "swapped": false, "error_lsq": 0.04700938872300832, "error_max": 0.31534874709827443, "target": "595.xyz", "model": "1.xyz", "model_rescale": 3.9405287249114394, "target_rescale": 4.04324535650041},
{"mapping": [8, 9, 11, 4, 10, 2, 4, 1, 7, 6, 5, 3, 12], "R": [[0.5685014146425323, -0.6762608267534551, 0.4684841894324426], [-0.8117232898807374, -0.36845458629999367, 0.45315176100252863], [-0.13383363633493556, -0.6378969446809051, -0.7584036166528576]], "T": [0.10260026259283256, 0.006655643880937208, 0.05418142845751628], "aligned_model": [[-0.28918475091924933, -0.0832122406782985, 0.07347127507599543, -0.12421191948358501, -0.572208219429569, 0.6964755146511443, -0.12421191948358501, 0.5823964791621918, -0.2403583495687165, 0.07153246482570103, 0.6144787863180197, -0.4514074802182105, 0.15888964333394512], [-0.10710455772824073, -0.6310638657899307, -0.6489748646669521, 0.5358222245186713, -0.4651240872958332, -0.015038181020049883, 0.5358222245186713, 0.6367496707072612, 0.5762222293659343, -0.03712620770673477, -0.5045608115155369, 0.12426062265079413, 0.026025297973360177], [-0.6047972432966909, -0.40316816179410164, 0.33151593295463533, -0.3461118213990265, -0.1289701949416951, -0.27900199021071914, -0.3461118213990265, 0.05603622811841685, 0.4864812644502294, 0.5949897445944626, -0.014480009464629878, 0.13192567868121963, -0.010663253852152776]], "inverted": true, "swapped": false, "error_lsq": 0.06232510221867579, "error_max": 0.3776505921289302, "target": "595.xyz", "model": "2.xyz", "model_rescale": 3.932901565614263, "target_rescale": 4.04324535650041},
{"mapping": [1, 3, 4, 10, 2, 8, 11, 9, 12, 5, 7, 6, 13], "R": [[0.7347191935237162, -0.3835918134852726, -0.5595042692374567], [-0.6219562867958585, -0.05160353378002, -0.7813497633048356], [0.2708469752147299, 0.9220598656966339, -0.2764914466824197]], "T": [0.06439805727798187, -0.07327040695809066, -0.145807399110627], "aligned_model": [[-0.536982450949967, 0.2886414423343049, -0.11462663159415623, -0.3603861478159268, -0.6120779768828268, 0.7086968506300342, 0.17421140195321394, 0.5672356427009748, -0.06833016321985613, 0.08295213772102847, 0.6054061171546831, -0.4497392544484585, 0.027448316002735375], [-0.18648139192745972, -0.2791178068936627, -0.7352644982745652, 0.49979905410040254, -0.5170884773624597, 0.14213885435081214, 0.564637770006248, 0.28286696205796463, 0.5270614805990869, 0.034412198402743524, -0.3879911598446056, 0.07702298191388042, 0.003913726883028976], [-0.5632919833983739, -0.5557186459427497, 0.39543227827277105, -0.21134526759974462, 0.053204029623772214, -0.42377257779197036, -0.7612120509135699, 0.2543344213295035, 0.3070884547289162, 0.5647275319492631, 0.1977092295962457, 0.27818196706952397, -0.06769303448266528]], "inverted": true, "swapped": false, "error_lsq": 0.04952496874284315, "error_max": 0.30926211139403664, "target": "595.xyz", "model": "3.xyz", "model_rescale": 3.9243930471874484, "target_rescale": 4.04324535650041},
{"mapping": [11, 10, 8, 5, 9, 3, 6, 2, 0, 7, 4, 1, 12], "R": [[0.9326275037775702, -0.3371957943823717, 0.12847153555733692], [-0.24058951392179484, -0.8464268624128439, -0.47505605182633287], [0.2689286615228902, 0.4121414354766945, -0.8705267440892994]], "T": [-0.006488139813309118, -0.0939873506180008, -0.10025649269033937], "aligned_model": [[-0.5030719605565096, 0.28778287831680316, -0.010888712274008415, -0.35376893675295473, -0.6069426920997538, 0.5434288631683056, 0.03667272005368845, 0.5713629194199266, 0.1109963858512557, 0.1768742367260894, 0.49777354903891313, -0.3901389115315189, -0.04763105577445278], [-0.2600137813765405, -0.5490977032159866, -0.6797318619011786, 0.5681301116125864, -0.45812689630662967, 0.2477568611873205, 0.29228599044670245, 0.35340139663112247, 0.6958926526620628, -0.14496491363412017, -0.26318666023647386, 0.20623002960199838, 0.017334468540551026], [-0.6935303035510436, -0.5512629830712614, 0.13043891554284753, -0.22116808874785027, -0.03284645129412789, -0.2839833385620099, -0.7088997058250655, 0.46290063679615295, 0.19233421120889754, 0.6786519010575633, 0.16329428461948625, 0.42208622043615524, -0.09037094616882221]], "inverted": false, "swapped": false, "error_lsq": 0.04975225269126039, "error_max": 0.29868266174739044, "target": "595.xyz", "model": "4.xyz", "model_rescale": 3.8936222436046832, "target_rescale": 4.04324535650041},
{"mapping": [9, 7, 10, 2, 5, 6, 3, 0, 4, 11, 1, 12], "R": [[0.7195935691092666, 0.6244627043623736, -0.30369627287310874], [-0.16860370247847845, 0.5813912107291649, 0.7959629712476735], [0.6736155333772639, -0.5215655193236095, 0.5236521003925773]], "T": [-0.06915105858395695, -0.12152530276473889, -0.014704323535894945], "aligned_model": [[0.19666469793360428, -0.7511660059416482, -0.17452090710371634, 0.4847289461958366, -0.7291680532554075, -0.5832352325903798, -0.31459763710016764, 0.11195732574395997, 0.7262400134614485, 0.25844146158140036, -0.0503745214711144, -0.14742204523871863], [-0.4954667173050549, -0.5960417876579314, 0.06457550773170007, 0.08739884501479431, 0.2828703942305723, 0.16143638337592214, -0.2592964220797711, 0.4039989822474053, 0.02108950495140527, -0.48388468888112707, 0.5211078581667503, -0.03886495468485787], [-0.5805803444169845, -0.22785123367780508, -0.6469660467798931, -0.4583476799644969, -0.18910574713076794, 0.5454776533015613, 0.5510032827257919, 0.527769163046471, 0.15199787274540172, 0.11620971997423914, -0.12922283614114466, -0.041099084406854135]], "inverted": true, "swapped": true, "error_lsq": 0.045696508763169684, "error_max": 0.24065899390726597, "target": "595.xyz", "model": "5.xyz", "model_rescale": 3.6523030999806103, "target_rescale": 4.04324535650041},
{"mapping": [9, 8, 6, 7, 10, 5, 7, 0, 3, 2, 1, 4, 12], "R": [[-0.4878562465484549, -0.48928004867989217, 0.722911693547321], [0.7385456602177342, -0.6728293177705691, 0.04302344618858456], [0.4653456677322833, 0.5548925509611687, 0.6895996421189634]], "T": [-0.030448739832195926, -0.08021966553316327, -0.05924813441517748], "aligned_model": [[-0.4443606124277038, 0.23062679352128207, 0.027130411866455914, -0.08888940005226348, -0.6664202391318836, 0.5209705562724551, -0.08888940005226348, 0.6874493594902498, 0.07542655685440572, -0.05611576970082255, 0.5216817360491603, -0.4267565578842113, 0.020595848780922882], [-0.21165994960698592, -0.4881668075799766, -0.7133194100942418, 0.5184611495830547, -0.5218756866755792, 0.0921605324943331, 0.5184611495830547, 0.5680287959699604, 0.5374338635055977, -0.19146213520965666, -0.16274396838840094, 0.06992897182680267, 0.010663188603452056], [-0.6372302177254776, -0.5273526076329892, 0.07674383887174188, -0.38326052698991714, 0.03642449873636947, -0.41997705923019246, -0.38326052698991714, 0.16782009684307272, 0.2406439171058127, 0.6912036966353673, 0.3539304505026843, 0.3274392095420739, -0.07548041722770708]], "inverted": false, "swapped": false, "error_lsq": 0.051076665411436885, "error_max": 0.32632710410149496, "target": "595.xyz", "model": "6.xyz", "model_rescale": 4.08911054899281, "target_rescale": 4.04324535650041},
{"mapping": [4, 8, 10, 6, 5, 9, 3, 1, 2, 12, 11, 7, 14], "R": [[-0.09311332260009031, -0.733668056328703, 0.6730981297531845], [0.5688131368903171, -0.5940501827127341, -0.5688198271157262], [0.8171790039247026, 0.3299023545563605, 0.4726340148601248]], "T": [0.031717344248618135, 0.018521914733879017, 0.014487785710237233], "aligned_model": [[-0.4008056472478313, 0.21430465899003825, 0.0936518669393118, -0.2415128375174316, -0.6038819426380501, 0.6991595273619358, -0.008425889885585097, 0.5715049255928838, -0.06709395155974979, -0.032539812183822986, 0.48789342721867623, -0.591488600115243, 0.19168355863065148], [-0.20036409944022965, -0.36348206384368026, -0.699387939624654, 0.393505914653351, -0.3961376192865822, 0.09252887480172738, 0.3076800042944014, 0.49166776215053426, 0.7638406202203498, -0.4071159796153558, -0.26887537370534553, 0.2841928379891483, 0.02785675541774951], [-0.49723700783429003, -0.5201932464308113, 0.021155200199323154, -0.16956447325433044, 0.08210617772321603, -0.3899886783395702, -0.7211939092236037, 0.16518096058646767, 0.3058224701607794, 0.5825593646088507, 0.24651632464679246, 0.3890839362292887, -0.02660276663119067]], "inverted": false, "swapped": false, "error_lsq": 0.04860042507725586, "error_max": 0.30251119652270997, "target": "595.xyz", "model": "7.xyz", "model_rescale": 3.964800864290218, "target_rescale": 4.04324535650041},
{"mapping": [0, 1, 5, 4, 3, 7, 2, 9, 11, 10, 8, 6, 13], "R": [[0.763818825740855, -0.4079690688947233, 0.5001420200993257], [0.3903329507616269, 0.9091118557034924, 0.1454504086246383], [-0.5140243077847418, 0.08412415018605193, 0.8536405205716818]], "T": [0.00909296447715625, 0.03762729573793597, -0.08758642911998485], "aligned_model": [[-0.4726164849578065, 0.2791103975245236, 0.13638517169687428, -0.2068797112160508, -0.5854967905909355, 0.5880693892321679, -0.06478580097642471, 0.45393475533502653, -0.08286742182776762, 0.03480552338726363, 0.6700766330392534, -0.5003289479137655, 0.0630425708534246], [-0.2274587102795078, -0.4389671047552155, -0.680101277113707, 0.6911750473219324, -0.36123322853108886, 0.0758676514028411, 0.27225777207039004, 0.20811201066952337, 0.6680696230215125, -0.19294570012399978, -0.2766124295074083, 0.28279154884315116, 0.00495449099299098], [-0.5467648130423212, -0.6004882271685771, 0.32196590289859495, -0.23361565484984415, 0.027895175693562535, -0.5001117492377186, -0.7024841404063031, 0.4093114173934336, 0.44271450790879063, 0.7006451173819157, 0.14781018593469944, 0.04237366996383676, -0.04160704002914766]], "inverted": false, "swapped": false, "error_lsq": 0.05860356434282009, "error_max": 0.41538213986351014, "target": "595.xyz", "model": "8.xyz", "model_rescale": 4.121658175737393, "target_rescale": 4.04324535650041},
{"mapping": [9, 6, 1, 7, 4, 8, 7, 11, 10, 0, 2, 5, 12], "R": [[-0.8371214053381746, -0.2984553385440453, 0.4584235635514375], [-0.17845686166253427, -0.6431872074330498, -0.744622968165792], [0.5170888717137496, -0.7051486560215755, 0.48516437591889117]], "T": [0.09095270507581353, 0.03341709099132888, 0.0076367185972139665], "aligned_model": [[-0.471520079168008, 0.1562162177916066, 0.09595390531174063, -0.034577055394931375, -0.5747384844093099, 0.6553344510889391, -0.034577055394931375, 0.4326675673857139, -0.022574915506451798, -0.15550782101878896, 0.6344456561315631, -0.45540845606228775, 0.08673535283092931], [-0.12351087639281245, -0.3930387314891746, -0.6350484979420598, 0.4989071194545772, -0.5473823799742227, 0.010412816060743353, 0.4989071194545772, 0.5678979912636356, 0.547026582242975, -0.2821692475233275, -0.3196132050409686, 0.2557828183940597, -0.05226181449658851], [-0.5858174052174515, -0.5346345746448733, 0.17514928565314805, -0.4643508055500316, 0.09513033257412934, -0.4522517307352229, -0.4643508055500316, -0.01671886955282296, 0.5551744802689723, 0.6847531894811841, 0.25729943726971977, 0.19137803445256693, 0.02688378399163477]], "inverted": true, "swapped": false, "error_lsq": 0.05842063695214978, "error_max": 0.32352153891837077, "target": "595.xyz", "model": "9.xyz", "model_rescale": 3.833441315466971, "target_rescale": 4.04324535650041},
{"mapping": [3, 7, 6, 9, 4, 11, 9, 10, 13, 1, 12, 5, 14], "R": [[0.9987492485501512, 0.034809304085848584, 0.035892211823284434], [-0.02781722403872374, -0.2096536173845778, 0.9773799480060662], [0.041546847862239125, -0.977155910316578, -0.20842309460827985]], "T": [0.09363721682883704, -0.0006403653799370167, 0.04609268405019987], "aligned_model": [[-0.5099914805453593, 0.20311838016994457, 0.004874894145685427, -0.11194370835065688, -0.5370755722623938, 0.6702981841350004, -0.11194370835065688, 0.7274732198134535, -0.22218909840221102, 0.07992982524674033, 0.5349259665129006, -0.4632324223424282, 0.0482048038157647], [-0.10694865720312528, -0.1828358235435504, -0.6602371902763753, 0.4242999844008626, -0.48751376745051844, -0.04117150383737577, 0.4242999844008626, 0.4999100638660688, 0.6431751616100013, -0.28397151982166197, -0.34369668494339756, 0.11717089503814375, 0.023428751771479954], [-0.5692550164765827, -0.5853601381620736, 0.18130676136223453, -0.6135074287933545, 0.01340861877034924, -0.3160625818847781, -0.6135074287933545, 0.199244022999603, 0.394577758664453, 0.7281077111959069, 0.27102969372317826, 0.41140339201669085, -0.033741012181350796]], "inverted": false, "swapped": false, "error_lsq": 0.051488885180745333, "error_max": 0.38524901656525645, "target": "595.xyz", "model": "10.xyz", "model_rescale": 4.2482417240324, "target_rescale": 4.04324535650041},
{"mapping": [2, 9, 7, 8, 1, 5, 10, 3, 11, 0, 4, 12], "R": [[-0.03148083716188149, -0.9992623578144446, 0.021993115893475218], [-0.1720361909140175, 0.027092845091440776, 0.9847179935192851], [-0.98458748006837, 0.027216134919711255, -0.17276219520673283]], "T": [0.024482778001319157, 0.062334873851289926, -0.0615722049268068], "aligned_model": [[-0.6809168575717071, -0.22990971128874582, 0.6258948072495372, 0.712365718543032, -0.40504480352679434, 0.1407769374535302, -0.3339439273899993, 0.5510930013010568, 0.07966711956877584, -0.10969179147928934, -0.4895073445727002, 0.01598245407631086], [-0.16048113171365164, -0.5736203770939452, -0.13617301093771328, -0.2734965580681829, 0.5430086860436157, 0.5980672611013756, 0.015482204263282631, 0.26597389324336806, -0.32039619465165853, 0.6334391309381642, -0.07809024071907443, 0.15241772764505884], [-0.0655932397475604, 0.18652303710257656, 0.5169086321887244, -0.14457401521606394, 0.04284604339776753, 0.5120484426130141, 0.49952166203199433, -0.34523189981170244, -0.38750362165656405, -0.5705816518903823, -0.6915487951337009, 0.012377695976253753]], "inverted": true, "swapped": true, "error_lsq": 0.050804059191349234, "error_max": 0.26068525996927094, "target": "595.xyz", "model": "11.xyz", "model_rescale": 3.6694154284099745, "target_rescale": 4.04324535650041},
{"mapping": [2, 0, 4, 10, 3, 5, 12, 7, 9, 11, 6, 8, 13], "R": [[0.2967252942368257, 0.9467070526841177, -0.12529906686891557], [0.6162310588220288, -0.29005410332103043, -0.7322075520572802], [-0.7295295620488254, 0.14005132468057818, -0.6694566786223474]], "T": [0.05912390434663208, -0.002179800036604875, -0.08879502120006012], "aligned_model": [[-0.5382469571216857, 0.3645894034467983, -0.07990170071641514, -0.12448180359313551, -0.6406595870638603, 0.7960269326365241, 0.07423361015456162, 0.48204820469808873, -0.0959574146045031, 0.055417223033297686, 0.5272580935274295, -0.5795334262801963, 0.07165670546887934], [0.07616702393083837, -0.5384641848612154, -0.7031825191221526, 0.5929706430946935, -0.49492229351964795, 0.10923526208086945, 0.23055950610437118, 0.5914608272531716, 0.5367007453503977, -0.13665269354492884, -0.21946355450582258, 0.08802726204093923, -0.1065263302900995], [-0.3404364375748919, -0.4491112044034155, 0.10341767016503838, -0.21374973844194062, 0.0047827585811239665, -0.3873438502167352, -0.7270525024988725, 0.05574272567865622, 0.48587341294772923, 0.6371057642604703, 0.14249048292302186, 0.3069035399535563, -0.15097826893281874]], "inverted": true, "swapped": false, "error_lsq": 0.05558127665643568, "error_max": 0.3953218207594641, "target": "595.xyz", "model": "12.xyz", "model_rescale": 3.9764082729961374, "target_rescale": 4.04324535650041},
{"mapping": [12, 13, 11, 9, 10, 6, 5, 4, 0, 3, 14, 1, 15], "R": [[0.3850862652902167, 0.9119599750915335, 0.1415541313981431], [0.15697607480429493, 0.08642219887843908, -0.9838138622117765], [-0.9094322845731119, 0.40107381785908874, -0.10987589546422497]], "T": [-0.01820885053130749, 0.05141867665856783, 0.008042407250564251], "aligned_model": [[-0.39874978626703345, 0.1218404039860434, -0.008042025963094439, -0.32297496536652937, -0.5958095054074005, 0.6506470349773652, 0.20073811716835255, 0.49440701148769906, -0.12218789373313887, 0.3249696201549822, 0.548892638539249, -0.6523707732198876, 0.07108940722917625], [-0.10949653308956209, -0.39294015336283156, -0.7046188767245604, 0.49333029371314163, -0.5059185147577365, -0.02592722521211783, 0.6509592360812434, 0.5434353380137061, 0.7465493520031274, -0.27054251106240007, -0.5088428134521046, 0.04793926010297787, 0.06198284175853037], [-0.4782789129168345, -0.3887093825097925, 0.25062961281191176, -0.2627543144394855, 0.051627238432521864, -0.3529398936776824, -0.5354989883919274, 0.11296287586695054, 0.18994797690721182, 0.70590555871533, 0.0655837260397255, 0.04194119385645717, 0.06722766174653519]], "inverted": false, "swapped": false, "error_lsq": 0.051756174564679666, "error_max": 0.38618633016723297, "target": "595.xyz", "model": "13.xyz", "model_rescale": 4.170626492500431, "target_rescale": 4.04324535650041},
{"mapping": [12, 4, 6, 10, 5, 0, 8, 1, 9, 3, 2, 11, 13], "R": [[0.1838082828941306, -0.5591540573024423, -0.808431354749263], [0.4355712496406012, -0.6909575323036469, 0.5769361966798237], [-0.881187949092608, -0.4581751070879694, 0.11654771391533791]], "T": [0.1253344650975411, 0.03304098430581181, -0.07615088911149055], "aligned_model": [[-0.45429194053437605, 0.16509154624006367, -0.16941725101995825, -0.20625184305397026, -0.6322484460927782, 0.6962278410636275, 0.0827129272935744, 0.5329036266633493, -0.15313841443124, 0.24663709364068057, 0.5896936363981398, -0.42916035916729356, 0.04369086658596452], [-0.03623796394671664, -0.424780329932557, -0.6425434573189968, 0.45828471039242347, -0.4701894301211039, 0.17066133957834298, 0.21840934939035928, 0.5789442592160114, 0.65261249347867, -0.0798404394297006, -0.4284827971773858, 0.036435441900561964, -0.007363482018494336], [-0.5176707396385315, -0.6164120753178479, 0.3290606051854657, -0.24212256936223397, -0.06928714200496712, -0.18103080911808456, -0.7940493962460511, 0.27978655325473417, 0.36531308320345884, 0.5931898768021451, -0.010587740995987568, 0.36223663198405026, -0.030781925305228573]], "inverted": false, "swapped": false, "error_lsq": 0.04474995994208672, "error_max": 0.26628680588521597, "target": "595.xyz", "model": "14.xyz", "model_rescale": 3.9786697098870705, "target_rescale": 4.04324535650041},
{"mapping": [7, 5, 9, 8, 10, 2, 6, 0, 11, 3, 1, 12], "R": [[0.5967331156935837, 0.024020152781145793, -0.80208018358204], [-0.012260250946182522, 0.9997081231252355, 0.020817175700753518], [0.8023461066655494, -0.0025885937861754495, 0.5968534361975689]], "T": [0.12801163229906154, 0.04243612305664816, 0.00810774150739817], "aligned_model": [[0.009364401371337594, -0.6139606020304244, 0.5993248603581391, 0.423159928407207, -0.060090265244137464, 0.3711548188811048, -0.4479677568771251, -0.1450137105057951, 0.6121279557060189, 0.04174607215295284, -0.32152494464604253, 0.015033839194101228], [-0.5470719246297694, -0.026549413597778175, 0.27360226061708137, -0.6638086373427493, 0.4178847462286316, 0.7352985523698706, -0.3915802746579483, 0.186576348773332, -0.04329421122182003, -0.4831900789832441, 0.49877133440053173, 0.058035788268301025], [-0.603566178538145, -0.26445852341177156, -0.49699811554788703, -0.07532374402143219, -0.5106862550103805, -0.08175232631148133, 0.3796332597696364, 0.7208028110658008, 0.12660401131595198, 0.3479979427000119, 0.1350702102935626, -0.017356598430036393]], "inverted": true, "swapped": true, "error_lsq": 0.05306374815674817, "error_max": 0.28672509113284494, "target": "595.xyz", "model": "15.xyz", "model_rescale": 3.769337070930944, "target_rescale": 4.04324535650041},
{"mapping": [10, 7, 1, 5, 2, 9, 4, 8, 0, 6, 12], "R": [[0.8359442067001998, 0.2690977339870306, -0.47831338351275454], [0.1990277308983311, 0.6635647221268178, 0.7211586662324879], [0.5114540503484508, -0.6980460365275377, 0.5011451738472198]], "T": [0.07484016718553495, -0.002593960471023858, 0.029464462320870466], "aligned_model": [[-0.19845101168480794, -0.41251932703379585, -0.16240916701695324, -0.7067087011360814, 0.42881987491431844, 0.35709701099869656, 0.779133906847889, 0.12940529064291617, 0.14205725780539907, -0.40229754239534166, -0.031501461251068535], [0.02939588774890712, -0.7083290589018982, 0.5800363462649474, 0.1196276148237542, 0.30498047955404456, -0.3526736477599199, 0.4264121647662783, -0.6600300255112956, 0.6353319101324242, 0.1782147493057937, 0.0430980772023062], [-0.5786307477297457, 0.01679235141575333, -0.14574714316600956, -0.03232083134226055, -0.5426789788571393, -0.5436682933282659, 0.0030138310287261792, 0.42652297029058456, 0.4673981913252215, 0.660179546590868, 0.013356710996044137]], "inverted": true, "swapped": true, "error_lsq": 0.04922322520619451, "error_max": 0.261429212743304, "target": "595.xyz", "model": "16.xyz", "model_rescale": 3.7852294659196426, "target_rescale": 4.04324535650041},
{"mapping": [10, 11, 7, 0, 6, 8, 9, 3, 4, 1, 2, 5, 12], "R": [[-0.6945155637095793, 0.7120112141687333, -0.10338357056675918], [0.17887717186287966, 0.31005986794109225, 0.933737562529585], [0.6968867118488511, 0.6300023088769748, -0.3427039562919833]], "T": [0.07901239470500569, 0.027729317808152236, -0.008907133352136908], "aligned_model": [[-0.5810479710996134, 0.23191409383709483, -0.04397079273535659, 0.09028132944539306, -0.5980727884784186, 0.5445110947608385, 0.06829303068835836, 0.6444495275503701, -0.39270868338118387, 0.1686141593114009, 0.5356736593794525, -0.40123368313893193, 0.04574630744637916], [0.0560239214453754, -0.5311131471327545, -0.631349860340206, 0.6914673257018693, -0.5320967531848809, 0.098116027356937, 0.2593820223377463, 0.4768667029732364, 0.483264937723182, 0.01625645289244706, -0.3166971920966446, -0.06107178013179788, 0.016861036466904414], [-0.47018232689502104, -0.4586273177052136, 0.19582873970071799, -0.1672486115750533, -0.1335813522265981, -0.4589766642223063, -0.8416639437301996, 0.32433726526431517, 0.2589607605198743, 0.6738036776045345, 0.20769824435350728, 0.4311918103872875, -0.09389592903492286]], "inverted": true, "swapped": false, "error_lsq": 0.060744852723494155, "error_max": 0.3694465966873873, "target": "595.xyz", "model": "17.xyz", "model_rescale": 3.901054581598922, "target_rescale": 4.04324535650041},
{"mapping": [12, 7, 6, 13, 11, 0, 3, 8, 5, 4, 1, 9, 14], "R": [[0.302324638093771, 0.5006415971542787, 0.8111459821760096], [0.78572363342858, -0.6126693035702484, 0.08529183040911414], [0.5396648821938117, 0.6115507465955378, -0.5785909602345854]], "T": [0.04069771991662246, 0.0513652451671564, 0.04717240423644921], "aligned_model": [[-0.40325729674858907, 0.14468650460445628, 0.009282090921604529, -0.3006759971865895, -0.5775905773855413, 0.6275242032096262, 0.10393541910404386, 0.4693628077315746, -0.12669423010354722, 0.3420513180228723, 0.6040723324386393, -0.5714442213209524, -0.008803069701814693], [-0.10205238639704411, -0.4300847946166441, -0.696783373506031, 0.5982730950321762, -0.45228559432951193, 0.04864444768950591, 0.2727128093948439, 0.3859587633627539, 0.6103088710015468, -0.16475411218896, -0.358864477745579, 0.26950023904206194, 0.04533620727229529], [-0.5284508037566215, -0.3967523817899321, 0.10205817563842254, -0.287279367066583, 0.01912954025702908, -0.43358927712609113, -0.6811215877233403, 0.42758227820131417, 0.2699907275475495, 0.7457798778539335, 0.049656320588437955, 0.1562090474321306, 0.02443180238467222]], "inverted": true, "swapped": false, "error_lsq": 0.04700938872300832, "error_max": 0.31534874709827443, "target": "595.xyz", "model": "18.xyz", "model_rescale": 3.9405287249114394, "target_rescale": 4.04324535650041},
{"mapping": [7, 8, 0, 13, 4, 5, 9, 10, 14, 1, 6, 12, 15], "R": [[0.8059064885170568, -0.14574244982603027, -0.5738239016325599], [0.5908781929679983, 0.2587630382620189, 0.7641365395688664], [0.03711728493545513, -0.9548826254300138, 0.2946548469156825]], "T": [-0.015751060076406677, 0.06839687006290229, 0.03636217745238336], "aligned_model": [[-0.3212038920384551, 0.23887416928656538, -0.06005090600583383, -0.38936617521332423, -0.590304784512459, 0.6695477296230092, 0.08706149265981344, 0.48512783237446655, -0.15803736130199478, 0.20649533882507484, 0.5308553371571885, -0.4080504627127653, 0.021500965444497436], [-0.11508165956879224, -0.4948181621713471, -0.6130652871893457, 0.559441730194584, -0.37970582622755733, -0.02209621398774092, 0.2491019909683329, 0.6029243002301921, 0.7738149268191411, -0.2799825191377926, -0.44089025073495636, 0.10679446555803215, 0.07947219925866421], [-0.5708113937378477, -0.3997879980298513, 0.11586758506527746, -0.22937554371540997, -0.02493235680605744, -0.4256326421445321, -0.7024105110215144, 0.3215021403521244, 0.3225071333086389, 0.5509083496613629, 0.04783086024319312, 0.4168432749601851, 0.04513545430535296]], "inverted": false, "swapped": false, "error_lsq": 0.03768750917224474, "error_max": 0.20685641653664327, "target": "595.xyz", "model": "19.xyz", "model_rescale": 4.410303926677745, "target_rescale": 4.04324535650041},
{"mapping": [0, 1, 5, 4, 3, 7, 2, 9, 11, 10, 8, 6, 13], "R": [[0.763818825740855, -0.4079690688947233, 0.5001420200993257], [0.3903329507616269, 0.9091118557034924, 0.1454504086246383], [-0.5140243077847418, 0.08412415018605193, 0.8536405205716818]], "T": [0.00909296447715625, 0.03762729573793597, -0.08758642911998485], "aligned_model": [[-0.4726164849578065, 0.2791103975245236, 0.13638517169687428, -0.2068797112160508, -0.5854967905909355, 0.5880693892321679, -0.06478580097642471, 0.45393475533502653, -0.08286742182776762, 0.03480552338726363, 0.6700766330392534, -0.5003289479137655, 0.0630425708534246], [-0.2274587102795078, -0.4389671047552155, -0.680101277113707, 0.6911750473219324, -0.36123322853108886, 0.0758676514028411, 0.27225777207039004, 0.20811201066952337, 0.6680696230215125, -0.19294570012399978, -0.2766124295074083, 0.28279154884315116, 0.00495449099299098], [-0.5467648130423212, -0.6004882271685771, 0.32196590289859495, -0.23361565484984415, 0.027895175693562535, -0.5001117492377186, -0.7024841404063031, 0.4093114173934336, 0.44271450790879063, 0.7006451173819157, 0.14781018593469944, 0.04237366996383676, -0.04160704002914766]], "inverted": false, "swapped": false, "error_lsq": 0.05860356434282009, "error_max": 0.41538213986351014, "target": "595.xyz", "model": "20.xyz", "model_rescale": 4.121658175737393, "target_rescale": 4.04324535650041},
{"mapping": [9, 8, 6, 7, 10, 5, 7, 0, 3, 2, 1, 4, 12], "R": [[-0.4878562465484549, -0.48928004867989217, 0.722911693547321], [0.7385456602177342, -0.6728293177705691, 0.04302344618858456], [0.4653456677322833, 0.5548925509611687, 0.6895996421189634]], "T": [-0.030448739832195926, -0.08021966553316327, -0.05924813441517748], "aligned_model": [[-0.4443606124277038, 0.23062679352128207, 0.027130411866455914, -0.08888940005226348, -0.6664202391318836, 0.5209705562724551, -0.08888940005226348, 0.6874493594902498, 0.07542655685440572, -0.05611576970082255, 0.5216817360491603, -0.4267565578842113, 0.020595848780922882], [-0.21165994960698592, -0.4881668075799766, -0.7133194100942418, 0.5184611495830547, -0.5218756866755792, 0.0921605324943331, 0.5184611495830547, 0.5680287959699604, 0.5374338635055977, -0.19146213520965666, -0.16274396838840094, 0.06992897182680267, 0.010663188603452056], [-0.6372302177254776, -0.5273526076329892, 0.07674383887174188, -0.38326052698991714, 0.03642449873636947, -0.41997705923019246, -0.38326052698991714, 0.16782009684307272, 0.2406439171058127, 0.6912036966353673, 0.3539304505026843, 0.3274392095420739, -0.07548041722770708]], "inverted": false, "swapped": false, "error_lsq": 0.051076665411436885, "error_max": 0.32632710410149496, "target": "595.xyz", "model": "21.xyz", "model_rescale": 4.08911054899281, "target_rescale": 4.04324535650041},
{"mapping": [15, 11, 1, 14, 2, 5, 9, 7, 13, 0, 8, 4, 16], "R": [[-0.25500827006143323, 0.6532375100242087, -0.7129176233602639], [0.9660746940634408, 0.2032871724420932, -0.1592922189271287], [0.0408713553788565, -0.7293525080630564, -0.6829161378175396]], "T": [0.07211134488913316, 0.08130697738422744, -0.043130783088093094], "aligned_model": [[-0.3848943618863497, 0.20584247322725308, -0.04790033966976698, -0.33705492533345593, -0.5571161531372338, 0.6207917389129598, 0.25657595638953046, 0.4030516192005277, -0.15406123948526174, 0.12857978086201466, 0.521425884743015, -0.4045521679193439, 0.061761017681894875], [-0.2387888409627852, -0.49478221696048097, -0.6870086956965, 0.4245236498814925, -0.25327888425370515, 0.06572951162297017, 0.43588734683022495, 0.5295032131364482, 0.5847491596026618, -0.08832023317537084, -0.4465698024229493, 0.10024959880858572, 0.09401588760082247], [-0.5123764212623557, -0.5290631402440304, 0.11588683648245418, -0.39895077266021356, 0.07253635266244379, -0.48634204391354086, -0.6328707090470416, 0.39890412176182066, 0.32035497628741, 0.7106047961144684, -0.05811636537151049, 0.46551964551529973, 0.0015570761157176899]], "inverted": false, "swapped": false, "error_lsq": 0.04798334210036543, "error_max": 0.2627251134483567, "target": "595.xyz", "model": "22.xyz", "model_rescale": 4.204369325754507, "target_rescale": 4.04324535650041},
{"mapping": [7, 8, 0, 13, 4, 5, 9, 10, 14, 1, 6, 12, 15], "R": [[0.8059064885170568, -0.14574244982603027, -0.5738239016325599], [0.5908781929679983, 0.2587630382620189, 0.7641365395688664], [0.03711728493545513, -0.9548826254300138, 0.2946548469156825]], "T": [-0.015751060076406677, 0.06839687006290229, 0.03636217745238336], "aligned_model": [[-0.3212038920384551, 0.23887416928656538, -0.06005090600583383, -0.38936617521332423, -0.590304784512459, 0.6695477296230092, 0.08706149265981344, 0.48512783237446655, -0.15803736130199478, 0.20649533882507484, 0.5308553371571885, -0.4080504627127653, 0.021500965444497436], [-0.11508165956879224, -0.4948181621713471, -0.6130652871893457, 0.559441730194584, -0.37970582622755733, -0.02209621398774092, 0.2491019909683329, 0.6029243002301921, 0.7738149268191411, -0.2799825191377926, -0.44089025073495636, 0.10679446555803215, 0.07947219925866421], [-0.5708113937378477, -0.3997879980298513, 0.11586758506527746, -0.22937554371540997, -0.02493235680605744, -0.4256326421445321, -0.7024105110215144, 0.3215021403521244, 0.3225071333086389, 0.5509083496613629, 0.04783086024319312, 0.4168432749601851, 0.04513545430535296]], "inverted": false, "swapped": false, "error_lsq": 0.03768750917224474, "error_max": 0.20685641653664327, "target": "595.xyz", "model": "23.xyz", "model_rescale": 4.410303926677745, "target_rescale": 4.04324535650041},
{"mapping": [13, 11, 9, 0, 15, 1, 7, 3, 2, 8, 10, 5, 16], "R": [[-0.7147188835345021, 0.5503822938520464, 0.4315741513730348], [0.5476072207241414, 0.056498838307869836, 0.8348258579372367], [0.4350899324622176, 0.8329989267004019, -0.3417741049084938]], "T": [-0.08831708157792019, -0.08317740559648189, -0.11167704456358832], "aligned_model": [[-0.5164690914337692, 0.2633874998932572, 0.021392508711593747, -0.06519183055464746, -0.5440357276835951, 0.6592852497743253, 0.060660885886205426, 0.47574541844898877, -0.04498675557370328, 0.08510732739450065, 0.45225632914538216, -0.5287995262919688, -0.00590300413078608], [-0.11192443886962622, -0.4794354843522615, -0.661311400324312, 0.6642529100586579, -0.5180127649339246, 0.21723406688527708, 0.17856971447938724, 0.5140821698645889, 0.6994416572679055, -0.3788650213767716, -0.28648475136186136, 0.18836618838759778, -3.151713243096377e-06], [-0.6684948678806287, -0.4580942915414564, 0.10313653407363979, -0.21750216960928076, 0.22381202634072186, -0.4069380323834596, -0.7043193540762863, 0.2548819277962715, 0.3557882872718501, 0.6354504382003565, 0.18870680495636763, 0.2458720092638231, -0.08465495997099655]], "inverted": true, "swapped": false, "error_lsq": 0.04493245900255471, "error_max": 0.2724989809345447, "target": "595.xyz", "model": "24.xyz", "model_rescale": 4.28219845311461, "target_rescale": 4.04324535650041},
{"mapping": [14, 2, 0, 11, 6, 7, 12, 9, 5, 1, 4, 8, 15], "R": [[0.8235934323848759, -0.4759671445946366, -0.3084625348383935], [-0.09100726533551956, -0.6477035842962482, 0.756437535124972], [-0.5598317030935719, -0.5949246541842262, -0.5767608863776477]], "T": [0.09873377410301866, 0.03420104664423606, -0.07360251010819271], "aligned_model": [[-0.4180379877154674, 0.005557751920230461, -0.012759861941132503, -0.18231991372929168, -0.6265561756261371, 0.8621831578113185, 0.06559797589781176, 0.44036238335152034, -0.1513379684197938, 0.08477818045894724, 0.5934571650621968, -0.4422550521938453, 0.09377962870942601], [-0.027352639207573366, -0.5312493978062011, -0.7231421861919758, 0.47285469913408823, -0.492261036105348, 0.11620736301547388, 0.4687071009971585, 0.6167351730146098, 0.5999850193066752, -0.0521863946892085, -0.4704250646682858, 0.08402963947718355, -0.035992582265182045], [-0.6297524133174837, -0.4482544127443797, 0.20845168474566164, -0.23193402611737113, 0.021209404806918686, -0.19995918124534529, -0.7017158819137795, -0.045009349462515225, 0.5117463608944376, 0.5606055395352767, 0.11414686337988672, 0.3585945029391604, -0.050484739059545446]], "inverted": false, "swapped": false, "error_lsq": 0.048870373181534546, "error_max": 0.3474664562914132, "target": "595.xyz", "model": "25.xyz", "model_rescale": 4.100010024507729, "target_rescale": 4.04324535650041},
{"mapping": [2, 9, 7, 8, 1, 5, 10, 3, 11, 0, 4, 12], "R": [[-0.03148083716188149, -0.9992623578144446, 0.021993115893475218], [-0.1720361909140175, 0.027092845091440776, 0.9847179935192851], [-0.98458748006837, 0.027216134919711255, -0.17276219520673283]], "T": [0.024482778001319157, 0.062334873851289926, -0.0615722049268068], "aligned_model": [[-0.6809168575717071, -0.22990971128874582, 0.6258948072495372, 0.712365718543032, -0.40504480352679434, 0.1407769374535302, -0.3339439273899993, 0.5510930013010568, 0.07966711956877584, -0.10969179147928934, -0.4895073445727002, 0.01598245407631086], [-0.16048113171365164, -0.5736203770939452, -0.13617301093771328, -0.2734965580681829, 0.5430086860436157, 0.5980672611013756, 0.015482204263282631, 0.26597389324336806, -0.32039619465165853, 0.6334391309381642, -0.07809024071907443, 0.15241772764505884], [-0.0655932397475604, 0.18652303710257656, 0.5169086321887244, -0.14457401521606394, 0.04284604339776753, 0.5120484426130141, 0.49952166203199433, -0.34523189981170244, -0.38750362165656405, -0.5705816518903823, -0.6915487951337009, 0.012377695976253753]], "inverted": true, "swapped": true, "error_lsq": 0.050804059191349234, "error_max": 0.26068525996927094, "target": "595.xyz", "model": "26.xyz", "model_rescale": 3.6694154284099745, "target_rescale": 4.04324535650041},
{"mapping": [7, 6, 12, 5, 3, 0, 5, 4, 8, 11, 2, 9, 13], "R": [[0.8162981385251697, 0.5652369751579953, -0.11901475099575931], [0.5776237741527097, -0.7997903765191952, 0.1633588967912788], [-0.0028503638227870276, -0.20209531301226163, -0.9793617104443862]], "T": [0.013846703500410009, 0.03743318513171425, 0.0029320898154175656], "aligned_model": [[-0.5232989303306246, 0.15026491017651986, -0.06230485778741621, 0.02168784795167672, -0.605094412466484, 0.5501758183120297, 0.02168784795167672, 0.5745418888239956, -0.1945990781775139, 0.20836518502410722, 0.6045491323405333, -0.49808678873770046, 0.06456072050498383], [0.12774743904884067, -0.555199256097826, -0.7085446705793257, 0.4780012495778109, -0.4478161077866296, 0.16721000944953032, 0.4780012495778109, 0.6050560188736235, 0.614391357592813, -0.42321197875589645, -0.2676731089455251, -0.055311065845211664, 0.013258557901399348], [-0.3124191878323709, -0.3154502185718123, 0.2626449925746662, -0.6541955969891063, -0.1822063422332675, -0.36099427582536536, -0.6541955969891063, 0.20030432154693872, 0.1818924646504005, 0.7001724089148391, 0.14474335904362517, 0.4435976533735134, 0.013750370777967176]], "inverted": true, "swapped": false, "error_lsq": 0.06293419012509191, "error_max": 0.46822837195312506, "target": "595.xyz", "model": "27.xyz", "model_rescale": 4.103607728864725, "target_rescale": 4.04324535650041},
{"mapping": [9, 10, 11, 0, 6, 12, 3, 4, 1, 8, 13, 7, 14], "R": [[0.729857843535032, -0.6617679811171729, -0.1713787250462955], [0.05716539885663369, 0.3089071968390084, -0.949372667035779], [0.681204554743988, 0.6831101543010228, 0.2632885711284827]], "T": [0.01725762205150557, -0.09290532120418253, -0.1203802289155433], "aligned_model": [[-0.6383450718171259, -0.0008729937804613716, 0.016996885995512807, -0.2586756087764905, -0.481645231688568, 0.7916902265143442, 0.2008490560499471, 0.5778495385713694, -0.2050493291558757, 0.12372737048252175, 0.5660554444505277, -0.3823315609341199, 0.0022005576742017627], [-0.1271939407471157, -0.39407910277361663, -0.6764619547609049, 0.5296854526583232, -0.48044548491296685, 0.06930666687538535, 0.3564549497903475, 0.35184766223003194, 0.6945926837612968, -0.04228557543302129, -0.27934020973574175, -0.03620490837286992, 0.06003345543226647], [-0.6093928304045282, -0.5311610833506943, 0.24228052290072633, -0.33470083316944355, -0.07373446925350192, -0.4538993875750039, -0.6930060969838023, 0.4359836573976042, 0.24470516341772713, 0.6910270737467628, 0.16933603818386822, 0.47727752732043366, -0.09707092978922603]], "inverted": false, "swapped": false, "error_lsq": 0.048616780871637205, "error_max": 0.2849730802969351, "target": "595.xyz", "model": "28.xyz", "model_rescale": 4.137296879288765, "target_rescale": 4.04324535650041},
