[{"mapping": [2, 8, 9, 4, 1, 11, 6, 12, 10, 7, 3, 13], "R": [[-0.5437004542636268, -0.6036393576161956, 0.5831032001028917], [-0.02824465474517407, 0.7075331294853637, 0.7061155076607324], [-0.8388039434288874, 0.3674457737100192, -0.4017356691542256]], "T": [0.005423406306253485, -0.038217818363088844, -0.028713019252963566], "aligned_model": [[-0.3866499832913018, 0.20344470817793386, 0.3659147666506376, -0.23142340714048143, -0.06368354608466054, -0.4334052942092632, 0.4129346284790676, -0.25152914920914327, 0.6209930851510399, 0.19177140215726465, -0.5731509194517805, -0.017573828768764246], [-0.3043715183825295, -0.5933003075634575, -0.32553422406582005, 0.618478505894984, 0.4112845051166994, -0.6133843410259209, -0.29702471155665133, -0.425643896131628, 0.020375447611202697, 0.43297367866044384, 0.1583407351326099, -0.028638837712875013], [-0.601555262287729, 0.022796996519125486, -0.5931001563082688, 0.027539780054274078, -0.6857196029168752, -0.034472380311919924, 0.5517994000804598, 0.6780737605911226, 0.05188395045243691, 0.5169659556959801, 0.3097432185400646, -0.06200391475510808]], "inverted": true, "swapped": true, "error_lsq": 0.035310209127091687, "error_max": 0.1921217400936087, "target": "596.xyz", "model": "0.xyz", "model_rescale": 3.751011558992144, "target_rescale": 3.7975427055028947},
{"mapping": [1, 6, 4, 0, 7, 11, 13, 3, 5, 10, 9, 8, 2, 14], "R": [[0.030197344873709217, -0.9976642163563478, 0.06127178604098632], [0.5482625393073928, -0.03472282547460896, -0.8355851323373755], [0.8357609157856019, 0.058825477415266114, 0.5459333794998051]], "T": [-0.02857343546449823, -0.026771299469440374, 0.009082001116763532], "aligned_model": [[-0.5410086452750109, -0.5282267434207409, -0.7393380073605609, 0.013636421026193484, -0.1032635608287388, -0.06091536658330643, 0.6824386492306772, 0.5435648353940293, 0.2628027561617526, -0.36807942960868495, 0.31219607420942164, -0.24264095252008788, 0.4458891915429725, 0.0036891187755983164], [-0.47935597350784165, -0.25341620791119246, 0.2610108897783061, -0.7029482586710473, -0.6016962543205987, 0.08751433983219312, 0.10866223983655551, -0.5280871430760936, 0.4436066895428882, 0.6608614696252899, 0.4630283644271639, 0.1620881653664243, -0.11832138083236468, -0.020100545012709546], [0.14422199522600507, -0.5034649748727106, 0.20290951412507965, 0.3504140481902676, -0.3127249367508214, -0.779983129951388, 0.06926314558120977, 0.07797404333310846, 0.2987896285650589, -0.2813497515139389, -0.2704927685919202, 0.6081858759360126, 0.6800826718792597, -0.034718011123535245]], "inverted": true, "swapped": false, "error_lsq": 0.04004354422401822, "error_max": 0.3198252223184594, "target": "596.xyz", "model": "1.xyz", "model_rescale": 3.9405287249114394, "target_rescale": 3.7975427055028947},
{"mapping": [0, 11, 2, 6, 8, 1, 3, 12, 10, 5, 7, 4, 13], "R": [[0.6523167414885318, 0.27795640543238836, 0.7051404863237467], [-0.62799461741762, -0.32270467447930573, 0.7081556704310873], [0.42438853574087204, -0.9047662293367892, -0.03595053523116848]], "T": [-0.038795061734297906, -0.09801090565338783, -0.06857996616936021], "aligned_model": [[-0.4110178172709521, 0.29707575645430095, -0.3196734456334552, 0.6043393979692973, 0.39607501181214133, -0.8289219179884629, 0.010419581105393441, 0.7093303682307027, 0.048787872049589634, -0.530917996691953, 0.06077051796908574, -0.46820685633756476, -0.07207719238419152], [0.6582585996948089, 0.48570644959243897, 0.4220293932617069, -0.48170165592464637, -0.13166734857490328, -0.08125728882333766, 0.35239189112169095, 0.17059430091887845, -0.7092182957349014, -0.6024486912465228, -0.4787724402062005, -0.07024491250221121, -0.07483740800478411], [0.07726518397129689, -0.33293800009709407, -0.519548913251255, 0.027339521212883855, -0.4682517696785129, -0.18649785289243037, 0.4630697115950907, 0.22095538180275345, -0.15581429356318177, 0.017721808634998032, 0.563574995267796, 0.4840007184765719, -0.07775614189027313]], "inverted": false, "swapped": true, "error_lsq": 0.053308331957428914, "error_max": 0.36090363574563233, "target": "596.xyz", "model": "2.xyz", "model_rescale": 3.932901565614263, "target_rescale": 3.7975427055028947},
{"mapping": [11, 9, 8, 10, 12, 5, 2, 6, 0, 7, 4, 3, 1, 13], "R": [[0.2893265909403304, -0.629793692193337, -0.7208675530555743], [-0.8802567773939854, 0.1208228971755547, -0.45885709471474984], [0.3760826101095375, 0.7673081081231905, -0.5194228889658291]], "T": [-0.0805891620622322, 0.008001070524309366, 0.08770261966593026], "aligned_model": [[-0.6264816882947054, -0.5385923433489583, -0.8068656204863057, 0.025514632627112163, -0.07915376483332974, 0.07404024855846127, 0.7443259924100362, 0.42626599268464926, 0.2722153764436346, -0.30953882227042506, 0.5121918108361453, -0.3114988384404098, 0.3556488266451565, -0.05732746178754715], [-0.5181400544274729, -0.09297052844409495, 0.09528622866057737, -0.6929981825336053, -0.5900159121111584, -0.08069410513870429, 0.11218058471799935, -0.3515169214888001, 0.48797171039226783, 0.5272983628328407, 0.5256030145974985, 0.29101021205831673, -0.15260840741897702, -0.07755960661971517], [0.559810197242726, -0.4778331984056108, 0.1484523739042864, 0.19011097999847115, -0.3871694033822811, -0.6087330175898545, 0.14119532872669963, -0.1960876659450029, 0.3944720308160834, -0.34548893454389396, -0.2916723270544399, 0.4444546697572065, 0.6644778217294991, 0.013118494777798806]], "inverted": false, "swapped": false, "error_lsq": 0.045610024538377404, "error_max": 0.2959762218647765, "target": "596.xyz", "model": "3.xyz", "model_rescale": 3.9243930471874484, "target_rescale": 3.7975427055028947},
{"mapping": [7, 3, 6, 10, 8, 4, 5, 12, 11, 2, 9, 1, 13], "R": [[-0.6016153809966741, -0.7420304111882667, -0.2957191272474589], [0.5996340378615601, -0.17494810033396024, -0.780917526264701], [0.5277290535739605, -0.6471352494350084, 0.5501981597139539]], "T": [0.00832401223776533, -0.04993194198477498, -0.07855565308997028], "aligned_model": [[-0.02573584787471483, -0.36248948313889384, 0.6430373510972557, 0.365526108106514, 0.5436170779901855, -0.5854032375241697, -0.2200138036159629, 0.379136050436663, 0.1541701440870292, -0.23808840924939648, 0.23352995036056834, -0.5860019300971934, -0.024078084266532306], [-0.6403389234557962, 0.11919555081197249, -0.2933680646632665, -0.5269050483340014, 0.18738384398934677, -0.35866300898799763, -0.630839777903345, 0.21266420974290484, 0.6461695488225251, 0.5444711942609725, 0.04841336284550128, -0.14777277508428704, -0.03258055836294191], [-0.5310731315211261, -0.6458557351510663, -0.4070657820216811, 0.1051789119293629, 0.0058531084311746195, -0.28515655802752654, 0.2598204497887302, -0.7921471518537745, -0.21119029316736462, 0.29383312282534757, 0.6074822939613815, 0.44650587312031087, -0.059114792942804265]], "inverted": true, "swapped": true, "error_lsq": 0.050065573025788554, "error_max": 0.33562967877615674, "target": "596.xyz", "model": "4.xyz", "model_rescale": 3.8936222436046832, "target_rescale": 3.7975427055028947},
{"mapping": [4, 1, 0, 3, 2, 9, 10, 8, 12, 7, 11, 13], "R": [[-0.7181148823265692, 0.4590644079069144, -0.5230400416547207], [0.3321509336244437, -0.43435951746473994, -0.8372619463944417], [-0.611544579792437, -0.7749785022701421, 0.159441362091583]], "T": [-0.0779947207668239, -0.08637644154778545, 0.07623815759091127], "aligned_model": [[0.0066729597249424455, -0.7202764626815552, -0.18876663029155727, 0.3602086441512119, -0.5584511442645782, -0.6938760743696984, -0.11831410330228889, -0.05195156242686885, 0.6741160861105153, 0.41026846149980606, 0.014401008966191564, -0.10648314090102334], [-0.5920235838387347, -0.39946494678261524, 0.14745677355283787, -0.06405641943681628, 0.37303246694416026, 0.08538906634514706, -0.398076237549288, 0.33182502317619567, 0.2978592986767318, -0.6455254536954194, 0.614838580451452, -0.08233166273384357], [-0.40090249686747526, -0.28144258350792295, -0.7391241936704203, -0.46728347755084865, -0.25664718331139047, 0.4258441457045862, 0.6148220938727885, 0.49386427787443743, 0.12485259778942581, 0.13509385556047987, -0.0760144268788148, 0.04622211026067258]], "inverted": true, "swapped": true, "error_lsq": 0.044668506603098214, "error_max": 0.26502071230548396, "target": "596.xyz", "model": "5.xyz", "model_rescale": 3.6523030999806103, "target_rescale": 3.7975427055028947},
{"mapping": [12, 3, 0, 11, 2, 6, 4, 8, 7, 5, 1, 9, 13], "R": [[-0.6448189543743292, 0.6161582979923882, 0.4522802979289731], [-0.764332323665896, -0.5214729139862442, -0.37929157514791656], [0.002148273513596033, -0.5902668479542275, 0.8072053227816899]], "T": [0.049191013302640106, -0.0926376593484168, -0.046850532260862124], "aligned_model": [[-0.002728217193645223, -0.16081390732224024, 0.2978041492878057, 0.603832576866538, 0.6855451715858719, -0.1893251428167757, -0.4343160006631229, 0.4004031574532646, -0.6799959666321472, -0.3237038719442479, 0.10297141637582172, 0.5145595004986375, 0.0668500391685341], [-0.6255499007014576, 0.11917211873461547, 0.5570853213555982, -0.21956635016432866, 0.28804944532479226, -0.8087550157310038, 0.39809906714690546, -0.565953816645651, -0.22608544813352885, 0.1780556229291735, 0.6145255608032005, -0.11325214124373492, -0.054997559511397696], [0.6081151692870373, 0.5847907357872684, 0.4509603848946066, 0.40000757815356447, 0.006425014107287463, -0.028766054959527734, 0.07928148381120191, -0.09788123457990099, 0.023793519776407465, -0.5870032981209652, -0.4149722634453905, -0.6072475277947975, -0.047393767435002516]], "inverted": false, "swapped": true, "error_lsq": 0.05135912780940228, "error_max": 0.3141919799702784, "target": "596.xyz", "model": "6.xyz", "model_rescale": 4.08911054899281, "target_rescale": 3.7975427055028947},
{"mapping": [2, 0, 1, 7, 6, 3, 10, 4, 11, 9, 8, 13, 12, 14], "R": [[-0.6402543430229409, 0.7498145751400239, 0.1668906203111728], [-0.3617788343515499, -0.4859912484610499, 0.7955680872398694], [0.67763592825019, 0.44898842894539714, 0.5824250504722887]], "T": [0.06570506048722025, -0.061286086357707645, 0.07179256321510585], "aligned_model": [[-0.6284818548410346, -0.6390147048352862, -0.5960849340495691, -0.012711033076117428, -0.1339074094615914, -0.035771315661506764, 0.6903509054913747, 0.5280506122842492, 0.10745847664155428, -0.17397559892976716, 0.44750609050790824, -0.2406618569091497, 0.3631261594853124, 0.004860804097137038], [-0.4515351004679277, -0.19778891849012636, 0.25148472849556064, -0.7663587571921558, -0.4381099221917849, -0.14650417350178851, 0.2608671244794791, -0.3398702062253554, 0.44868831042027196, 0.5615763703027743, 0.29168734809665303, -0.06905726934888311, -0.008868962182848592, 0.08663582288310435], [0.1980849892124646, -0.5359847087254538, 0.11820893276738875, 0.38165125625129437, -0.18763300422515755, -0.7085226672994597, 0.2308830266889428, -0.38150311136532045, 0.35939268461204754, -0.3394893954119389, -0.3695539008350992, 0.7366033957017518, 0.7173892275305295, 0.029580625129697766]], "inverted": false, "swapped": false, "error_lsq": 0.03898076616792737, "error_max": 0.2334391369967044, "target": "596.xyz", "model": "7.xyz", "model_rescale": 3.964800864290218, "target_rescale": 3.7975427055028947},
{"mapping": [4, 12, 2, 6, 11, 9, 5, 10, 1, 7, 8, 0, 3, 13], "R": [[0.649784724689032, 0.6198070859757525, -0.4400215764426167], [-0.5392550126902855, 0.7838688527440132, 0.30782081311403375], [0.5357087294875819, 0.03726657848570633, 0.843580084685959]], "T": [-0.04786668838090012, -0.03742695298552327, 0.08252782761703055], "aligned_model": [[-0.6310188077841751, -0.4399310088365729, -0.6271264239609587, -0.13514284372167434, -0.17184100392455004, 0.14004164722239526, 0.7589562901112363, 0.6434279153508821, -0.03247975737278598, -0.3614326188159944, 0.32810310483767424, -0.13886829271500406, 0.3423475039684352, 0.0057086363846065025], [-0.43115290286269725, -0.028836865574967153, 0.1641365306072557, -0.5445621835751769, -0.7566593250390957, -0.17473733975500877, 0.18049749208660934, -0.37405983510557345, 0.6899920616783808, 0.5261024425226544, 0.3736785542109374, 0.10746772392229931, -0.23277156034724097, -0.01624839769140397], [0.08515023922244017, -0.563139823975087, 0.3324058950254291, 0.3503011529917784, -0.31049696621836537, -0.5653093756096966, 0.05770161998352989, -0.20716871453371483, 0.2662251619252378, -0.21907487898600114, -0.4472802111547535, 0.7781452606469542, 0.6617825765541966, 0.02986541415974002]], "inverted": true, "swapped": false, "error_lsq": 0.04312607465699927, "error_max": 0.2602731650241161, "target": "596.xyz", "model": "8.xyz", "model_rescale": 4.121658175737393, "target_rescale": 3.7975427055028947},
{"mapping": [7, 6, 10, 5, 12, 3, 8, 2, 9, 11, 4, 1, 13], "R": [[-0.4474562899960717, 0.7604290953345636, -0.47067022373590706], [-0.14494347091092957, -0.581002980212354, -0.8008913329688715], [-0.882481874478589, -0.29014328865755357, 0.3701926704619307]], "T": [-0.027139676079919406, -0.015209759433876506, -0.02199138642617992], "aligned_model": [[-0.4991237099896764, -0.2607318734810406, 0.19380553230946396, 0.2516820722322145, -0.6649207051214483, -0.6392641593770289, 0.14764843984305448, 0.32215682739972207, 0.68854365200891, -0.1118200425780379, -0.3340774796521673, 0.39525111675467467, -0.01241217391344335], [0.3245933855613478, -0.38505182047296516, 0.04631996331383176, 0.5768599783939441, -0.5640618174317252, 0.07646934616187442, -0.5594483529610267, -0.1570797187062207, -0.1513976244380619, -0.5896867604445554, 0.6016257251720027, 0.5703496766943643, 0.0008954585688999029], [-0.4870477706549356, -0.6373714383951267, -0.6018641138109594, -0.2973135925710622, -0.10955799598504218, 0.30179048277761883, -0.17442417615450517, 0.6187678800558712, -0.03895657618827599, 0.4095474163106298, 0.10376243034735139, 0.3203416758829586, 0.013401212344565809]], "inverted": false, "swapped": true, "error_lsq": 0.03498188648591287, "error_max": 0.17187597923400225, "target": "596.xyz", "model": "9.xyz", "model_rescale": 3.833441315466971, "target_rescale": 3.7975427055028947},
{"mapping": [1, 4, 6, 0, 5, 3, 8, 2, 11, 7, 9, 12, 10, 14], "R": [[-0.08221699661175291, -0.13801544651444458, -0.9870117030671731], [-0.4674429853531048, -0.8693316926902902, 0.16049754991404705], [-0.8801916955483732, 0.4745673235776495, 0.006959488488853249]], "T": [-0.056825111018099186, -0.056066574747612036, 0.07635398223798284], "aligned_model": [[-0.5529313586847848, -0.577447737272423, -0.7289830458413266, -0.0020907298215234738, -0.13815173113245954, -0.02243822079738842, 0.6711188604081378, 0.3727663693588718, 0.09799710145541558, -0.0006010209546991954, 0.5370818988910908, -0.39890665220251337, 0.43632953971792576, -0.012998932380809056], [-0.5063262786924372, -0.16849451247657282, 0.024870606104849258, -0.604340455431944, -0.6621806100977796, 0.17495573114365276, 0.20405704306772401, -0.3295893954609601, 0.5300459322579094, 0.5648997453958197, 0.2187235638223675, 0.10237944537250457, -0.04288437258017423, -0.023270047347985982], [0.38740658702280784, -0.5171311649563697, 0.022665515555227188, 0.47663246152213956, -0.21251788984256587, -0.7601674375172222, 0.17631717694282878, -0.43088036346838876, 0.3891467134516078, -0.15849417663468945, -0.40289018294103246, 0.5463488068900892, 0.7339091993287729, -0.001237895321517135]], "inverted": true, "swapped": false, "error_lsq": 0.04706291817387507, "error_max": 0.30302889978968195, "target": "596.xyz", "model": "10.xyz", "model_rescale": 4.2482417240324, "target_rescale": 3.7975427055028947},
{"mapping": [9, 8, 7, 12, 1, 4, 5, 3, 11, 0, 2, 13], "R": [[0.5871517348611005, -0.6369490227391966, 0.49954857890017335], [-0.5051478962554344, -0.7705290395788505, -0.38872947157940496], [0.6325175437553564, -0.024102730079328005, -0.7741709212082396]], "T": [-0.013693056703954772, -0.056597652259357915, 0.06507228552702554], "aligned_model": [[-0.6984429615820653, -0.10009494731277582, 0.4797942685818835, 0.6889160273425772, -0.5467823129582058, 0.19810881914695597, -0.31484863316440803, 0.5289287227983199, 0.07156632913092772, 0.040424740528423174, -0.43553920650220673, -0.035265243646419336], [-0.30548256255686373, -0.620549377541941, 0.06534711420780681, -0.4465312335058663, 0.5358606994733018, 0.5771351974615444, 0.2421389605354627, 0.2981370171934226, -0.2929611348565354, 0.5400272888899919, 0.10021292681470179, -0.027203506064385936], [0.050531049747828655, -0.09137403877205383, 0.6092342833179354, -0.19943368967003078, 0.12247182375445836, 0.2749138765772661, 0.634415954959183, -0.19504510908107675, -0.6133696564618163, -0.5455618896545698, -0.5266741453540613, 0.04508383049129359]], "inverted": false, "swapped": true, "error_lsq": 0.04142313515574076, "error_max": 0.29052282158957266, "target": "596.xyz", "model": "11.xyz", "model_rescale": 3.6694154284099745, "target_rescale": 3.7975427055028947},
{"mapping": [10, 8, 9, 12, 2, 3, 0, 1, 6, 11, 4, 7, 5, 13], "R": [[-0.017602886678846297, -0.4571404895747671, -0.8892202827038497], [0.6701437313943497, -0.6654203630412195, 0.3288208018403791], [-0.7420225856760897, -0.5901172029702525, 0.31806315269948543]], "T": [-0.0211060158227814, -0.022356449788604904, 0.08851371363899353], "aligned_model": [[-0.4730361518416711, -0.514701146234486, -0.8009070019774295, 0.15124217274568744, -0.1398254085647898, 0.08025179173129665, 0.6891695679152396, 0.48444879205407787, 0.17385908484875667, -0.3133624410795157, 0.37066937719398035, -0.4204213828619356, 0.295892017481358, 0.09746506933294533], [-0.42666840934163974, -0.03951028399373212, 0.16860152563833636, -0.612236871843431, -0.5349839777830565, -0.09784951617468268, 0.02872183280273624, -0.4902192638930852, 0.46364207518870504, 0.6073309169821066, 0.3221865486472966, 0.07654408651112246, 0.04550107608918924, -0.02821334375289248], [0.2777748528852091, -0.48478153709748795, 0.0999915402264245, 0.3785235235421704, -0.2980510244341831, -0.7631178336740324, 0.14882514388725515, -0.40341333126948736, 0.30216969107394887, -0.16270063892191583, -0.43634894783127387, 0.7073280961767268, 0.823005643846354, 0.059902171621978965]], "inverted": false, "swapped": false, "error_lsq": 0.041909643375531096, "error_max": 0.2635456165223279, "target": "596.xyz", "model": "12.xyz", "model_rescale": 3.9764082729961374, "target_rescale": 3.7975427055028947},
{"mapping": [0, 2, 9, 4, 7, 8, 14, 3, 13, 12, 11, 5, 6, 15], "R": [[-0.027862292049224635, 0.6192701000195883, 0.7846835259539309], [0.37255128935844223, -0.7219995263133097, 0.5830284905566099], [0.9275932457058569, 0.3085793694093725, -0.21059331256188574]], "T": [-0.07435054841542792, 0.060957065355332726, 0.01050244626445912], "aligned_model": [[-0.611866869503575, -0.5227032088821957, -0.6472521742045817, -0.06938827571497218, -0.14464600921385523, 0.0696415331685624, 0.7185927225100963, 0.5174667111227655, 0.26560619819982484, -0.3023133707077099, 0.5243873659754775, -0.4640111696580699, 0.3587288698328887, -0.011497982181141689], [-0.4214806046441153, -0.2749770323479022, 0.12505540316004315, -0.5175132999752593, -0.6690681966979716, -0.02400926092446802, 0.09943006948527737, -0.3847449548843467, 0.531743533072842, 0.6551991456922628, 0.3251986897556941, -0.003589974293691442, 0.0663454398479394, -0.024742562169331864], [0.08424546377546757, -0.5572894942901812, 0.18130717915099198, 0.4361914572374529, -0.17158369784906613, -0.6763016309571113, 0.1030704570576998, -0.3889290094079536, 0.20355699407865174, 0.056576696748249194, -0.4392018705421485, 0.7499767093460514, 0.6398449512720732, 0.027643144411510223]], "inverted": false, "swapped": false, "error_lsq": 0.047057755616580606, "error_max": 0.29236310430614193, "target": "596.xyz", "model": "13.xyz", "model_rescale": 4.170626492500431, "target_rescale": 3.7975427055028947},
{"mapping": [12, 6, 4, 10, 11, 3, 1, 9, 0, 2, 3, 8, 7, 13], "R": [[-0.036208696120611394, -0.9716603229505987, 0.23359183874609973], [0.06357979015637483, -0.23551140868441114, -0.9697896610415868], [0.9973196782420954, -0.020263099047846733, 0.07030552046646538]], "T": [-0.08298244008879527, -0.00573286404607912, 0.0429127912456064], "aligned_model": [[-0.5620061961881672, -0.5151059700197332, -0.7034692777384183, 0.05408638054517806, -0.05206966165393122, 0.20755258308410482, 0.6697477029392432, 0.5324940575104407, 0.17145769599660812, -0.25318457264412625, 0.20755258308410482, -0.31334851154885696, 0.3574703828555803, -0.12043285547851311], [-0.4907005260976368, -0.05450981190786949, 0.2331474251595419, -0.46004238251695234, -0.5480203405991027, 0.10749562401820814, 0.14899029759704188, -0.5196522810318396, 0.4793228984465477, 0.5912379246901863, 0.10749562401820814, -0.06977859235800216, 0.027169707001784598, -0.06930917134314296], [0.30946246587093484, -0.6770728553247966, 0.28988530454542705, 0.3481066719372157, -0.4094458541170488, -0.5721012852034465, 0.0594217259020741, -0.07276759694475347, 0.279216686578333, -0.17523687917716327, -0.5721012852034465, 0.746038605456674, 0.7228749478893265, -0.027173302177641953]], "inverted": false, "swapped": false, "error_lsq": 0.04820442379031842, "error_max": 0.3427951547224664, "target": "596.xyz", "model": "14.xyz", "model_rescale": 3.9786697098870705, "target_rescale": 3.7975427055028947},
{"mapping": [4, 7, 0, 1, 3, 11, 10, 8, 2, 5, 12, 13], "R": [[-0.9860271717411812, 0.15525664679359938, 0.06038037938349558], [0.06823534383501173, 0.045767276753430064, 0.9966189313023773], [0.15196826787130613, 0.986813422083923, -0.0557217691321128]], "T": [-0.0040302276684646005, -0.014722971544255982, 0.09432599941854765], "aligned_model": [[-0.05770952457765592, -0.6472164774209469, 0.5843828087668878, 0.5128573300129988, -0.05418390035161011, 0.3142258564438982, -0.37789133729465485, -0.042795209126101436, 0.723790480037441, -0.08676359835582362, -0.4191934915228446, 0.033851660155748295], [-0.34975307413399004, -0.21636131005854337, 0.18551959400687443, -0.5986587709086646, 0.2889362300842612, 0.6316290222352532, -0.34009763833618883, 0.31325517694124716, 0.1306443559114653, -0.7198440592588674, 0.7139592744633176, -0.02455431072172545], [-0.5183600671815373, -0.22216408683508415, -0.49341302920970936, -0.07983483313272811, -0.5327400566412739, 0.16037516664052204, 0.4727626107227568, 0.5851517300656722, 0.1373716474275133, 0.08726200517341662, -0.016727061694219766, 0.0802824685385016]], "inverted": false, "swapped": true, "error_lsq": 0.04954756171259003, "error_max": 0.2851780210030244, "target": "596.xyz", "model": "15.xyz", "model_rescale": 3.769337070930944, "target_rescale": 3.7975427055028947},
{"mapping": [1, 0, 9, 2, 5, 4, 10, 3, 8, 11, 13], "R": [[0.9189825859201165, -0.20921770955769722, -0.3342139386426116], [0.14318996837474215, 0.9668303705152756, -0.211508079292815], [0.3673794220317963, 0.1465161583468746, 0.9184581512572346]], "T": [0.14713684777514546, 0.08772619109531593, 0.08158978896087322], "aligned_model": [[-0.1765920116280899, -0.4447773197014213, -0.16847671990014057, -0.593470530437762, 0.4242024712174771, 0.3219161942372146, 0.5784528484220277, 0.14042617695728932, 0.06883886353207873, -0.3421382937487064, 0.11424445174120365], [0.005273960698822258, -0.526400801169755, 0.703781907872181, 0.10464503849107615, 0.19161244626325488, -0.4646486203083496, 0.5139310602894602, -0.5789936047822171, 0.5212102017981208, 0.05040116953175068, 0.07525173894099751], [-0.6442800450674716, 0.01639923757159807, -0.1462281384903829, 0.01896364259165638, -0.5638036920052102, -0.3119138330566296, -0.06391275025230274, 0.28985841588747296, 0.4764863901935966, 0.6132259484535215, 0.05942243139792826]], "inverted": false, "swapped": true, "error_lsq": 0.04416888949705847, "error_max": 0.22435956460005455, "target": "596.xyz", "model": "16.xyz", "model_rescale": 3.7852294659196426, "target_rescale": 3.7975427055028947},
{"mapping": [3, 1, 2, 0, 4, 5, 10, 9, 11, 12, 6, 8, 13], "R": [[-0.1326806520426364, 0.37889496991275096, 0.9158790566162962], [0.926620270109211, 0.37540780917233535, -0.021067791416300052], [-0.35181063030595605, 0.8458768105269485, -0.40090111226645764]], "T": [-0.05075956113079694, 0.13439256884322603, 0.004000251848408361], "aligned_model": [[0.02683293510840909, -0.5147103195231653, 0.27444632652836043, 0.09990266778953497, -0.5579553286036163, -0.7226294950492216, -0.32747793666580144, 0.010803961224847364, 0.642526987683671, 0.4850960160647202, 0.10130758449953248, 0.3904090405241324, -0.05478658936512026], [-0.1259403611164177, -0.43234632153669217, -0.4584071384147651, -0.6589663360001546, -0.1534976006335823, 0.1597536104377644, 0.6292622109088901, 0.11060859908223625, -0.06599623120481193, 0.47643076113722166, 0.8613844816301076, 0.43860998289798836, 0.09415996651508973], [-0.6395386439346606, 0.32344114556475484, 0.31309118988496054, -0.2782172053737242, -0.38379164664885135, 0.23211879218547968, 0.26358848320601524, 0.729728736779198, -0.047170222804758154, -0.5541572609417491, -0.13164419191522156, 0.2546081476464878, 0.01369737349524285]], "inverted": false, "swapped": true, "error_lsq": 0.04380414347582234, "error_max": 0.29306010228536233, "target": "596.xyz", "model": "17.xyz", "model_rescale": 3.901054581598922, "target_rescale": 3.7975427055028947},
{"mapping": [1, 6, 4, 0, 7, 11, 13, 3, 5, 10, 9, 8, 2, 14], "R": [[0.030197344873709217, -0.9976642163563478, 0.06127178604098632], [0.5482625393073928, -0.03472282547460896, -0.8355851323373755], [0.8357609157856019, 0.058825477415266114, 0.5459333794998051]], "T": [-0.02857343546449823, -0.026771299469440374, 0.009082001116763532], "aligned_model": [[-0.5410086452750109, -0.5282267434207409, -0.7393380073605609, 0.013636421026193484, -0.1032635608287388, -0.06091536658330643, 0.6824386492306772, 0.5435648353940293, 0.2628027561617526, -0.36807942960868495, 0.31219607420942164, -0.24264095252008788, 0.4458891915429725, 0.0036891187755983164], [-0.47935597350784165, -0.25341620791119246, 0.2610108897783061, -0.7029482586710473, -0.6016962543205987, 0.08751433983219312, 0.10866223983655551, -0.5280871430760936, 0.4436066895428882, 0.6608614696252899, 0.4630283644271639, 0.1620881653664243, -0.11832138083236468, -0.020100545012709546], [0.14422199522600507, -0.5034649748727106, 0.20290951412507965, 0.3504140481902676, -0.3127249367508214, -0.779983129951388, 0.06926314558120977, 0.07797404333310846, 0.2987896285650589, -0.2813497515139389, -0.2704927685919202, 0.6081858759360126, 0.6800826718792597, -0.034718011123535245]], "inverted": true, "swapped": false, "error_lsq": 0.04004354422401822, "error_max": 0.3198252223184594, "target": "596.xyz", "model": "18.xyz", "model_rescale": 3.9405287249114394, "target_rescale": 3.7975427055028947},
{"mapping": [9, 8, 7, 11, 5, 6, 3, 2, 12, 4, 1, 13, 14, 15], "R": [[-0.49805502377740174, 0.8331626421718772, -0.2403772139352403], [0.8606608387577697, 0.44112058546586064, -0.25431388028778323], [-0.10584948709778631, -0.3335455602574149, -0.936772782116188]], "T": [-0.016240004516052037, 0.06041616134156168, 0.05477538715786223], "aligned_model": [[-0.5829869426361614, -0.4519598043828482, -0.7192234299208136, -0.02554797832314982, -0.18503990879000584, 0.07065934242029678, 0.8039639392690329, 0.4576161655831118, 0.17952990953762377, -0.40918509048250473, 0.4332057863461781, -0.26634451332685516, 0.3672900601175504, 0.008766805332059317], [-0.43964069116788507, -0.09818797044037085, 0.0939598669582963, -0.539377405032331, -0.6465620564711989, -0.13985984522887968, 0.26346430182341285, -0.5298230654004819, 0.5247219303476477, 0.6693372426423282, 0.2762073104744848, 0.016360662138790324, 0.0013813321744512858, 0.030864782258708756], [0.18800788824660308, -0.542941218702888, 0.07251439392342085, 0.45399242244056326, -0.3488965521867802, -0.6598024464519221, 0.1618526402054676, -0.3723115691952362, 0.26979481843902875, -0.04256065333280527, -0.37760417412083136, 0.6767373578879612, 0.724968300089311, 0.045356142789795106]], "inverted": true, "swapped": false, "error_lsq": 0.036720881398974094, "error_max": 0.23162374681378917, "target": "596.xyz", "model": "19.xyz", "model_rescale": 4.410303926677745, "target_rescale": 3.7975427055028947},
{"mapping": [4, 12, 2, 6, 11, 9, 5, 10, 1, 7, 8, 0, 3, 13], "R": [[0.649784724689032, 0.6198070859757525, -0.4400215764426167], [-0.5392550126902855, 0.7838688527440132, 0.30782081311403375], [0.5357087294875819, 0.03726657848570633, 0.843580084685959]], "T": [-0.04786668838090012, -0.03742695298552327, 0.08252782761703055], "aligned_model": [[-0.6310188077841751, -0.4399310088365729, -0.6271264239609587, -0.13514284372167434, -0.17184100392455004, 0.14004164722239526, 0.7589562901112363, 0.6434279153508821, -0.03247975737278598, -0.3614326188159944, 0.32810310483767424, -0.13886829271500406, 0.3423475039684352, 0.0057086363846065025], [-0.43115290286269725, -0.028836865574967153, 0.1641365306072557, -0.5445621835751769, -0.7566593250390957, -0.17473733975500877, 0.18049749208660934, -0.37405983510557345, 0.6899920616783808, 0.5261024425226544, 0.3736785542109374, 0.10746772392229931, -0.23277156034724097, -0.01624839769140397], [0.08515023922244017, -0.563139823975087, 0.3324058950254291, 0.3503011529917784, -0.31049696621836537, -0.5653093756096966, 0.05770161998352989, -0.20716871453371483, 0.2662251619252378, -0.21907487898600114, -0.4472802111547535, 0.7781452606469542, 0.6617825765541966, 0.02986541415974002]], "inverted": true, "swapped": false, "error_lsq": 0.04312607465699927, "error_max": 0.2602731650241161, "target": "596.xyz", "model": "20.xyz", "model_rescale": 4.121658175737393, "target_rescale": 3.7975427055028947},
{"mapping": [12, 3, 0, 11, 2, 6, 4, 8, 7, 5, 1, 9, 13], "R": [[-0.6448189543743292, 0.6161582979923882, 0.4522802979289731], [-0.764332323665896, -0.5214729139862442, -0.37929157514791656], [0.002148273513596033, -0.5902668479542275, 0.8072053227816899]], "T": [0.049191013302640106, -0.0926376593484168, -0.046850532260862124], "aligned_model": [[-0.002728217193645223, -0.16081390732224024, 0.2978041492878057, 0.603832576866538, 0.6855451715858719, -0.1893251428167757, -0.4343160006631229, 0.4004031574532646, -0.6799959666321472, -0.3237038719442479, 0.10297141637582172, 0.5145595004986375, 0.0668500391685341], [-0.6255499007014576, 0.11917211873461547, 0.5570853213555982, -0.21956635016432866, 0.28804944532479226, -0.8087550157310038, 0.39809906714690546, -0.565953816645651, -0.22608544813352885, 0.1780556229291735, 0.6145255608032005, -0.11325214124373492, -0.054997559511397696], [0.6081151692870373, 0.5847907357872684, 0.4509603848946066, 0.40000757815356447, 0.006425014107287463, -0.028766054959527734, 0.07928148381120191, -0.09788123457990099, 0.023793519776407465, -0.5870032981209652, -0.4149722634453905, -0.6072475277947975, -0.047393767435002516]], "inverted": false, "swapped": true, "error_lsq": 0.05135912780940228, "error_max": 0.3141919799702784, "target": "596.xyz", "model": "21.xyz", "model_rescale": 4.08911054899281, "target_rescale": 3.7975427055028947},
{"mapping": [12, 10, 7, 14, 9, 5, 1, 11, 0, 6, 8, 4, 2, 16], "R": [[-0.838145406771419, -0.14574699121189857, 0.5256140139500194], [-0.4297610944562137, -0.4169462842284704, -0.800912727929747], [0.3358834303739465, -0.8971697780357686, 0.2868252265395773]], "T": [-0.001636580082647627, -0.09788337632179575, 0.08881573496646945], "aligned_model": [[-0.6357036452590787, -0.5670608523470078, -0.626957977680531, -0.1115359484941283, -0.2069964808069024, -0.0006658202182961322, 0.6926924392881924, 0.6352873447382941, -0.07577719894693637, -0.1661045199488017, 0.37481667108443056, -0.04293866955837032, 0.4352262514376792, -0.023537252545029353], [-0.4742635224606855, -0.09350276193085985, 0.23875194709450245, -0.6892841546171857, -0.6461584546098652, -0.23751783264269213, 0.27175783821840105, -0.23379973958258868, 0.6165631392935873, 0.5395984223118186, 0.2696033058348938, 0.12443924470301732, -0.13374719126884863, -0.06959384526652226], [0.12440293048817924, -0.48686786890532174, 0.05078947109440714, 0.31239980014426383, -0.3171021893301229, -0.6027262595511601, 0.19498054381956897, -0.31336293981265756, 0.37889976268728803, -0.26065727074127276, -0.3628462029730453, 0.7484815408510519, 0.6625042241195452, 0.12021180814096338]], "inverted": false, "swapped": false, "error_lsq": 0.04258094799785604, "error_max": 0.2576223549056257, "target": "596.xyz", "model": "22.xyz", "model_rescale": 4.204369325754507, "target_rescale": 3.7975427055028947},
{"mapping": [9, 8, 7, 11, 5, 6, 3, 2, 12, 4, 1, 13, 14, 15], "R": [[-0.49805502377740174, 0.8331626421718772, -0.2403772139352403], [0.8606608387577697, 0.44112058546586064, -0.25431388028778323], [-0.10584948709778631, -0.3335455602574149, -0.936772782116188]], "T": [-0.016240004516052037, 0.06041616134156168, 0.05477538715786223], "aligned_model": [[-0.5829869426361614, -0.4519598043828482, -0.7192234299208136, -0.02554797832314982, -0.18503990879000584, 0.07065934242029678, 0.8039639392690329, 0.4576161655831118, 0.17952990953762377, -0.40918509048250473, 0.4332057863461781, -0.26634451332685516, 0.3672900601175504, 0.008766805332059317], [-0.43964069116788507, -0.09818797044037085, 0.0939598669582963, -0.539377405032331, -0.6465620564711989, -0.13985984522887968, 0.26346430182341285, -0.5298230654004819, 0.5247219303476477, 0.6693372426423282, 0.2762073104744848, 0.016360662138790324, 0.0013813321744512858, 0.030864782258708756], [0.18800788824660308, -0.542941218702888, 0.07251439392342085, 0.45399242244056326, -0.3488965521867802, -0.6598024464519221, 0.1618526402054676, -0.3723115691952362, 0.26979481843902875, -0.04256065333280527, -0.37760417412083136, 0.6767373578879612, 0.724968300089311, 0.045356142789795106]], "inverted": true, "swapped": false, "error_lsq": 0.036720881398974094, "error_max": 0.23162374681378917, "target": "596.xyz", "model": "23.xyz", "model_rescale": 4.410303926677745, "target_rescale": 3.7975427055028947},
{"mapping": [1, 10, 3, 7, 11, 9, 6, 14, 5, 4, 15, 0, 12, 16], "R": [[0.3209434019164205, -0.7309434587413075, -0.6022599047667129], [0.8067381821129378, 0.5441138605165994, -0.2304639067507868], [0.4961540469324298, -0.4119001904794627, 0.7643097505563795]], "T": [0.018376871770339854, -0.0669858856858095, -0.022196013752705204], "aligned_model": [[-0.6810659023386101, -0.46783659886050033, -0.8010817442168161, -0.054759807647757244, -0.058004615724797245, 0.0769211702029383, 0.741092855173056, 0.5484377324379732, 0.21691673364980238, -0.32823792310639005, 0.4964915693685903, -0.24966743994518514, 0.33439508731886536, -0.09285677556765519], [-0.5250889475348681, -0.062263048174884324, 0.21158008205584838, -0.5730806888017054, -0.616323780546596, -0.08056370017938769, 0.08864766976097287, -0.3362586355638542, 0.49067873122165423, 0.5238166725852639, 0.27906605877301077, 0.04023056170244209, 0.0932672787196681, -0.050861858940592114], [0.17082403712707167, -0.4550448350039286, 0.22303767670321478, 0.4025980222989737, -0.32734389961907095, -0.6457408731678054, 0.15488558753053344, -0.3457352852114253, 0.1903931010257056, -0.09071531106424884, -0.4234049101041602, 0.6756884261458789, 0.6993490267840962, 0.020316586586852134]], "inverted": true, "swapped": false, "error_lsq": 0.03573768241960271, "error_max": 0.2577325238357613, "target": "596.xyz", "model": "24.xyz", "model_rescale": 4.28219845311461, "target_rescale": 3.7975427055028947},
{"mapping": [9, 3, 7, 11, 5, 1, 6, 8, 2, 4, 0, 13, 14, 15], "R": [[0.7427405259204138, -0.6683068650753092, 0.04126069859660153], [-0.5089072741440777, -0.5233933535927693, 0.6834272336819472], [-0.43514353663901717, -0.5286069726253398, -0.7288516797079921]], "T": [-0.05856183326791835, -0.0718240314005392, 0.10529036268811581], "aligned_model": [[-0.6016253568915384, -0.5313584007097871, -0.7965295524722331, 0.018616961284235234, -0.028955014470602305, 0.01513382828703623, 0.8193035575466088, 0.4359713837794303, 0.23533753370198007, -0.30430021658312595, 0.3558096538315719, -0.327841226222117, 0.41639792912158013, -0.025216739459524573], [-0.47311532630819564, -0.058882980298609694, 0.17046197673324684, -0.542648560571545, -0.7958616949107562, -0.12737081720975466, 0.10782463846496085, -0.4101570190636463, 0.47861137175717894, 0.533952126839748, 0.5120525906101171, 0.20371107279285025, -0.10068286883886499, -0.0150481149197568], [0.13563817677255374, -0.5081762459153094, 0.1526943859899572, 0.367673227317214, -0.34211725795944314, -0.5282401439971691, 0.00897916922320216, -0.24530020139565922, 0.38711309674839817, -0.22227103018195143, -0.2857832019825076, 0.557491061299209, 0.7000382222952339, 0.0713680918179593]], "inverted": true, "swapped": false, "error_lsq": 0.03889498613804456, "error_max": 0.23300565693144737, "target": "596.xyz", "model": "25.xyz", "model_rescale": 4.100010024507729, "target_rescale": 3.7975427055028947},
{"mapping": [9, 8, 7, 12, 1, 4, 5, 3, 11, 0, 2, 13], "R": [[0.5871517348611005, -0.6369490227391966, 0.49954857890017335], [-0.5051478962554344, -0.7705290395788505, -0.38872947157940496], [0.6325175437553564, -0.024102730079328005, -0.7741709212082396]], "T": [-0.013693056703954772, -0.056597652259357915, 0.06507228552702554], "aligned_model": [[-0.6984429615820653, -0.10009494731277582, 0.4797942685818835, 0.6889160273425772, -0.5467823129582058, 0.19810881914695597, -0.31484863316440803, 0.5289287227983199, 0.07156632913092772, 0.040424740528423174, -0.43553920650220673, -0.035265243646419336], [-0.30548256255686373, -0.620549377541941, 0.06534711420780681, -0.4465312335058663, 0.5358606994733018, 0.5771351974615444, 0.2421389605354627, 0.2981370171934226, -0.2929611348565354, 0.5400272888899919, 0.10021292681470179, -0.027203506064385936], [0.050531049747828655, -0.09137403877205383, 0.6092342833179354, -0.19943368967003078, 0.12247182375445836, 0.2749138765772661, 0.634415954959183, -0.19504510908107675, -0.6133696564618163, -0.5455618896545698, -0.5266741453540613, 0.04508383049129359]], "inverted": false, "swapped": true, "error_lsq": 0.04142313515574076, "error_max": 0.29052282158957266, "target": "596.xyz", "model": "26.xyz", "model_rescale": 3.6694154284099745, "target_rescale": 3.7975427055028947},
{"mapping": [4, 5, 0, 10, 8, 7, 12, 9, 6, 1, 3, 2, 11, 13], "R": [[-0.8582152122737521, 0.03125512787725887, -0.5123375512328714], [-0.2914300243999003, 0.7919899998279398, 0.536488938423537], [0.4225342474879314, 0.6097335132284565, -0.6705891831411326]], "T": [-0.03761676498802125, -0.09752411627254468, -0.017222639245401884], "aligned_model": [[-0.6311338291386102, -0.6359601554610014, -0.6308050783029413, 0.01874273703498066, -0.16760142244851794, 0.08484443821793344, 0.5899349766357145, 0.5562242858615863, 0.07721961651916098, -0.3970063382161067, 0.5484275272024547, -0.14996613463884, 0.46698247143862204, -0.049158753960921245], [-0.5561904527041431, 0.03889862128427607, 0.1372192894828243, -0.6053208903745172, -0.6624830966647878, -0.024495661167397653, 0.24627291856948572, -0.4076925511521915, 0.5635724060284264, 0.6559713862002791, 0.2854424790458999, 0.10946323823896267, -0.2175442538818085, -0.08026703782833533], [0.31877327810391337, -0.5165747429517464, 0.15585682670625867, 0.30035689825030354, -0.2860767478788458, -0.630246801226599, 0.32587388329059414, -0.1437607117789161, 0.12753379580427063, -0.30485142101786394, -0.42060818037783443, 0.6204790938670887, 0.6662612643039749, 0.03609091493708918]], "inverted": true, "swapped": false, "error_lsq": 0.03353301553710953, "error_max": 0.19254137932026896, "target": "596.xyz", "model": "27.xyz", "model_rescale": 4.103607728864725, "target_rescale": 3.7975427055028947},
