[{"mapping": [11, 8, 13, 2, 5, 12, 9, 6, 7, 10, 0, 14], "R": [[0.5475937244959738, 0.8308031806851954, -0.09953485749218882], [0.5666926857746721, -0.4557499971282685, -0.6864046474253157], [-0.6156301753342801, 0.31946520167452663, -0.7203759241791315]], "T": [-0.11381005841505386, 0.019507323898798473, 0.13321417008922465], "aligned_model": [[-0.2552894465101195, 0.2306575589959064, 0.34457411076060673, -0.08592283916467648, -0.16237064144920943, -0.380036832662633, 0.26241855933867664, -0.38486672522138676, 0.6648011279294654, 0.2852556091809133, -0.7027992890772012, 0.021221270340206613], [-0.2472551498216826, -0.6968995685789309, -0.26806410700374306, 0.6215327516992054, 0.44075613414212267, -0.641854994858765, -0.28491337937867, -0.382067493828656, 0.12780596394671656, 0.3867614571325424, 0.06734688546462257, -0.06959346293770485], [-0.4946748842564752, -0.07048436392222474, -0.5447298096898939, -0.036687152685137725, -0.6352855577530288, 0.004397307403029405, 0.6358047300369882, 0.6355292644287358, -0.15100353176511006, 0.4143945518489921, 0.3536443453157613, 0.07104684639192627]], "inverted": false, "swapped": true, "error_lsq": 0.043267323748779195, "error_max": 0.24875674288350053, "target": "597.xyz", "model": "0.xyz", "model_rescale": 3.751011558992144, "target_rescale": 4.078796569839309},
{"mapping": [3, 12, 11, 7, 13, 6, 2, 10, 8, 5, 9, 1, 0, 4, 14], "R": [[0.35738298099724064, -0.5671083506955871, 0.742068408884826], [-0.912586168636733, -0.043039674177235754, 0.40661292559342715], [-0.19865520306917328, -0.8225179055911481, -0.5329168840217928]], "T": [0.04677338990621148, 0.058273609309575786, 0.07929385638730256], "aligned_model": [[-0.5580571380640627, 0.006254893852109804, 0.6421377607849251, 0.07647123515821992, -0.38108194555357566, 0.6095527013237148, -0.7352585087470804, 0.7307791238453724, -0.1453537765599529, -0.13847370278102222, 0.22032944176792502, 0.09188749403219741, -0.48179402623990986, 0.4753367643333807, 0.05876808122847665], [-0.3477596652459516, -0.4620552995120447, -0.27324428713260196, -0.5956722789373031, 0.1758914985314599, -0.3900997950584292, 0.3269034098581308, 0.4908267246102527, 0.5507419210037028, 0.5983767339192484, 0.3034096038581971, -0.22720098302580707, -0.3250412916440395, 0.43354607076632556, 0.03877323723282383], [-0.15032082498497001, -0.4494699682066523, -0.33587856460597937, 0.18488664510714153, -0.4956913976446251, 0.2936918091900924, 0.08079109854515214, -0.0529472359814845, 0.48051744246206446, -0.17380331158068596, -0.5072010390492446, 0.7134504018677486, 0.46554596550130894, 0.6279995914417109, 0.029497518044816984]], "inverted": false, "swapped": false, "error_lsq": 0.04698529346497002, "error_max": 0.3818760064089471, "target": "597.xyz", "model": "1.xyz", "model_rescale": 3.9405287249114394, "target_rescale": 4.078796569839309},
{"mapping": [8, 9, 7, 0, 1, 13, 12, 6, 2, 5, 3, 11, 14], "R": [[0.7366798922787634, 0.16972437545677116, 0.6545963433200331], [0.43093042406764775, -0.8638171806946886, -0.2609958772654407], [0.5211542055140944, 0.4743558945691396, -0.7094961447129114]], "T": [0.08983562155595341, -0.051567238528884576, -0.06796376305433519], "aligned_model": [[-0.33087473985545496, 0.3139687100649022, -0.5190034953819229, 0.5692980137553474, 0.5230395124935598, -0.7516412351631283, 0.03302480681291646, 0.6133335679015302, -0.005748727059010014, -0.5101448994181146, 0.01777036774520921, -0.41829143238410255, -0.03874717022780118], [0.618787757441162, 0.5461411797675542, 0.1143722432119831, -0.281197396535733, -0.5021860591516303, 0.15280386077699648, 0.3219663024933771, 0.3304487543707566, -0.5907524102640371, -0.689336693654959, -0.5031417992091738, -0.11987981903308469, 0.06080667335880548], [0.14886990354722185, -0.3496128597730126, -0.6161632660368596, 0.2714065430087975, -0.41796137021362667, -0.01726299860619676, 0.5501914125857054, 0.19101149868928133, -0.3716441132205037, -0.007350079702082402, 0.4253899203861329, 0.40380269146253533, -0.09755693253874831]], "inverted": true, "swapped": true, "error_lsq": 0.044818276953986554, "error_max": 0.2896335252049404, "target": "597.xyz", "model": "2.xyz", "model_rescale": 3.932901565614263, "target_rescale": 4.078796569839309},
{"mapping": [4, 9, 6, 10, 0, 3, 12, 2, 7, 5, 8, 7, 11, 14], "R": [[0.2989522565158447, -0.6857846610182953, -0.6635713579081808], [-0.5459078492426873, -0.693252256390994, 0.4705166619196599], [-0.7826954506443158, 0.22158679500551925, -0.5816245557229114]], "T": [-0.03392808170826944, -0.13164216560127545, -0.03604180435017662], "aligned_model": [[-0.23789744102307508, 0.3417249106180146, 0.21274509474942327, -0.26358266166921596, -0.29553918338926644, -0.26535543663569117, 0.5051891860848753, -0.5760841619193604, 0.15056152103711504, -0.3877788151207676, 0.7700337977876393, 0.15056152103711504, 0.21506671029177932, 0.10016487020411852], [0.009005890259940225, 0.23157722803315617, -0.39584074213637804, 0.4154577424648909, -0.6099411099456707, -0.6924075057278489, -0.6151688169941196, 0.046413311128350954, 0.5565243802122637, -0.21553456300992524, -0.08649062043832906, 0.5565243802122637, -0.4873063223489844, -0.04931661335912091], [-0.7724147008597013, -0.4983984954378936, -0.6330392591415748, -0.18140987861205096, -0.35317923663071393, 0.25463749372367417, -0.0566608506677016, 0.2217212730930257, 0.4011470206285965, 0.7628025147571933, 0.12206101687575521, 0.4011470206285965, 0.5088691061390112, 0.03661333856088109]], "inverted": true, "swapped": true, "error_lsq": 0.05299636442091097, "error_max": 0.41988044429491184, "target": "597.xyz", "model": "3.xyz", "model_rescale": 3.9243930471874484, "target_rescale": 4.078796569839309},
{"mapping": [6, 0, 4, 9, 10, 12, 8, 1, 2, 5, 7, 13, 14], "R": [[-0.08751454716293039, -0.44514336444001856, 0.8911725922232393], [-0.7206667954198841, 0.6459129093632607, 0.2518648119470501], [-0.6877358315618739, -0.6201966612397304, -0.37732681772303045]], "T": [-0.033645805991827205, -0.034273167251769675, -0.15682577456541957], "aligned_model": [[0.011831231759470422, -0.1490270780853286, 0.5430186375402106, 0.3843889780628515, 0.542169048916134, -0.5657379820328691, -0.33637145041086836, 0.4181055748831122, 0.13238037493212054, -0.42637192262587076, 0.20276274320635193, -0.42843584934375756, -0.05150642049020433], [-0.5895915946314121, -0.02680278237131145, -0.2697507100823774, -0.5803309639817685, 0.10889959068039554, -0.521908166196139, -0.6064256880007274, 0.3623979346146702, 0.5692425251303558, 0.7003710336278693, 0.10269695425285605, -0.02201556467426779, -0.09895301468655612], [-0.5770730685534684, -0.7768400929783279, -0.621195093382892, -0.03899110097493967, -0.011463376500881667, -0.21975923237126546, 0.34754367832054156, -0.5464332494190156, -0.14000648526438558, 0.119696588864938, 0.633170339770232, 0.6154513693344752, 0.0029700385259534556]], "inverted": true, "swapped": true, "error_lsq": 0.037879430948689716, "error_max": 0.22801081902199016, "target": "597.xyz", "model": "4.xyz", "model_rescale": 3.8936222436046832, "target_rescale": 4.078796569839309},
{"mapping": [1, 0, 4, 10, 6, 12, 11, 8, 7, 2, 9, 14], "R": [[0.8801696237612718, 0.38622912607100374, -0.2759139278513685], [-0.37083365703849464, 0.922375621851797, 0.10819247210858707], [0.2962833647294387, 0.007090443423361341, 0.9550737633275572]], "T": [-0.07510581181621481, -0.1291355507996093, 0.023172778090170543], "aligned_model": [[0.04005723885579719, -0.5880844113399816, -0.24071570278742138, 0.3825569826246047, -0.6161998313065217, -0.6065734500425124, -0.19124751171540466, -0.11124122609232084, 0.6893004871903554, 0.29370611299739546, -0.02904969631840984, 0.005039050149517027], [-0.49443232043448887, -0.3901587318630719, 0.07678899916105503, -0.042364004385272436, 0.22767803706966716, 0.13257193565182146, -0.2987152096678136, 0.4754373006509029, 0.09821861239657462, -0.6136372905959246, 0.5169383939693837, -0.019402816843026277], [-0.5822336965154311, -0.23471528874376762, -0.707442621149855, -0.37205737996350957, -0.2355854690015643, 0.44021226922308715, 0.6888882909415925, 0.5768656233725395, 0.2736458734534224, -0.12282242883760208, -0.23621978245334757, 0.1307493289499535]], "inverted": false, "swapped": true, "error_lsq": 0.046805169491251304, "error_max": 0.2662030644220065, "target": "597.xyz", "model": "5.xyz", "model_rescale": 3.6523030999806103, "target_rescale": 4.078796569839309},
{"mapping": [5, 13, 7, 2, 10, 3, 8, 0, 12, 6, 9, 4, 14], "R": [[0.39850501651469583, -0.09199801600597325, -0.9125404740961286], [0.08831963253956705, 0.9941819385594561, -0.061659675236238415], [0.9129038253401606, -0.05602354945134439, 0.4043117208122649]], "T": [0.1154331515576795, -0.09415797936170003, -0.008224429192608254], "aligned_model": [[0.18672171219969466, -0.294480986411527, 0.28462778865191174, 0.5951963698178085, 0.6442289826751125, -0.08694812578620775, -0.5229443033988163, 0.10554718373039194, -0.5871312056052982, -0.11446808087803492, 0.12307476950159638, 0.5042712074904, 0.04338759267726304], [-0.5252998514220768, 0.20459859964943436, 0.46487959316262395, -0.33904020014412306, 0.21123554603698172, -0.7205269822095195, 0.4048928591041062, -0.5621864095977258, -0.12962369637284535, -0.03341878484807101, 0.5015353870440847, 0.0260328406701721, 0.03774800309014181], [0.7529819484261783, 0.6954348066108254, 0.5897670793332822, 0.31105401440421865, 0.009129998341606008, 0.13039206505236212, 0.1214380303808456, -0.4308803835669901, -0.18147598927800496, -0.6643575547309285, -0.3714161516268902, -0.6700322191960107, 0.07807409533129518]], "inverted": false, "swapped": true, "error_lsq": 0.04868134633311746, "error_max": 0.28717670054722366, "target": "597.xyz", "model": "6.xyz", "model_rescale": 4.08911054899281, "target_rescale": 4.078796569839309},
{"mapping": [5, 7, 6, 4, 7, 3, 12, 1, 11, 13, 2, 8, 10, 9, 14], "R": [[-0.07140860347088504, -0.8824745069384803, -0.4649081156035286], [0.5768801312123921, -0.41677447646626314, 0.7025014946451329], [-0.8137014965960867, -0.21803160406225114, 0.5388432926810266]], "T": [0.049796899612609455, 0.031128663849042885, 0.09172797575243924], "aligned_model": [[-0.5157281753890485, -0.17730512483969396, 0.34185845787549424, 0.02977645886966425, -0.17730512483969396, 0.6711718806225677, -0.6138851965672333, 0.502119752850705, -0.1416384542429105, -0.21397320712772083, 0.4078006773507652, 0.13067395962106582, -0.46991168193834265, 0.5631001734541152, 0.13474400268098424], [-0.45762627915205695, -0.12438841294770259, -0.22346365397894852, -0.6617443429162033, -0.12438841294770259, -0.43696755559434397, 0.2878871163092398, 0.6061131442186952, 0.4657163543081043, 0.607302566153367, 0.2847816578788122, -0.25986069326831246, -0.04597616023814106, 0.25864025541397284, 0.12137001598518363], [-0.05592440255447745, -0.6318244230769139, -0.22295561826145588, 0.21969542532771297, -0.6318244230769139, 0.2374348684633057, 0.05168936548969627, 0.0393548659728568, 0.43671653723358095, -0.27480099642469363, -0.5847577942650812, 0.7032286450029321, 0.5849142842270003, 0.6388253461308526, 0.2012964499179923]], "inverted": false, "swapped": false, "error_lsq": 0.0454219164506823, "error_max": 0.358320064322947, "target": "597.xyz", "model": "7.xyz", "model_rescale": 3.964800864290218, "target_rescale": 4.078796569839309},
{"mapping": [5, 7, 2, 11, 1, 8, 3, 10, 9, 6, 12, 0, 4, 14], "R": [[0.10866409651148878, 0.3834330847461585, -0.9171538494993017], [-0.2914435233709319, -0.8697866890685629, -0.39816050558070765], [-0.9503961210013852, 0.31056430097677495, 0.017234504470050926]], "T": [0.023508885195904314, -0.012062664996853033, 0.06305130559555291], "aligned_model": [[-0.3322338871145898, 0.2412890852821873, 0.2257655398203136, -0.6303941390207803, 0.5116631670012655, -0.33065264015152185, -0.4683316765413885, 0.6018560089357444, 0.40290030287161727, 0.04873235887267498, -0.5352216190303123, -0.07033796025135419, 0.5998062916262246, -0.0036529428392079594], [0.0966228551428405, -0.6670068362676268, 0.2361832765375425, -0.14573011503397781, 0.4879124353697349, -0.7021380276022451, 0.4116578263937161, -0.11004351066390493, -0.3879827000019092, 0.1083385267920018, -0.1456983926481422, 0.5498717459352821, 0.2614656906471158, -0.1825043084192258], [-0.7319550212411958, -0.4085031387194443, -0.47504252485421505, -0.13686654485609798, -0.09490930281255036, 0.33092343121039847, -0.113200357177766, -0.10755282935397184, 0.5120095306290721, 0.7500169774058775, 0.5044494388643684, 0.33362271400219323, 0.5065532287830989, 0.047269436845253976]], "inverted": false, "swapped": true, "error_lsq": 0.0483445274050484, "error_max": 0.3937091335391232, "target": "597.xyz", "model": "8.xyz", "model_rescale": 4.121658175737393, "target_rescale": 4.078796569839309},
{"mapping": [8, 7, 9, 6, 13, 11, 2, 3, 1, 5, 12, 0, 14], "R": [[0.23731123143090097, 0.33977999333128406, 0.9100730385900586], [0.9711220927433286, -0.10670393819151108, -0.21339201147240852], [0.024602041024430032, 0.9344323548048917, -0.3552899011669449]], "T": [0.09818895894510721, 0.0034316991051770926, -0.09901069109294905], "aligned_model": [[-0.6159221032511837, -0.27940170054876834, 0.12917287021892682, 0.27451610458558495, -0.7046633497127126, -0.463595327946372, 0.3597898166530658, 0.054101679785825973, 0.7764824891225413, -0.1471444730414898, -0.33207809069797645, 0.4712896635808616, -0.045810082313105516], [0.28009106757996477, -0.5747794049887965, 0.29599478068155877, 0.6688648582606723, -0.3192684174321114, -0.03228406948657165, -0.5395367760356771, 0.006907870589825414, -0.2226286679341347, -0.6555405293345947, 0.5584572226228054, 0.34669334750882025, -0.022583842620051406], [-0.3937900195351096, -0.570010574266837, -0.7316749376646557, -0.21373624736063035, -0.15995508714849518, 0.3115329705121166, 0.07078035238678179, 0.5722232991614344, -0.05389024103278492, 0.42631552312489296, 0.07899922533415746, 0.2761608757570956, -0.19187970530887774]], "inverted": true, "swapped": true, "error_lsq": 0.0475121978996733, "error_max": 0.2758489761718839, "target": "597.xyz", "model": "9.xyz", "model_rescale": 3.833441315466971, "target_rescale": 4.078796569839309},
{"mapping": [7, 9, 8, 11, 3, 10, 4, 13, 1, 4, 2, 12, 6, 0, 14], "R": [[0.27453123243371413, -0.5142820535231348, 0.8124940441889119], [-0.7539951412059499, -0.6395176240077287, -0.1500284493732077], [0.5967611996906683, -0.5714290664706662, -0.5633337310477842]], "T": [0.04798204084021888, 0.007217392367766546, 0.12994636960103706], "aligned_model": [[-0.3013009409622784, 0.14202707641345177, 0.5276627484127197, 0.05154426189318081, -0.43144126193602494, 0.7293270837506617, -0.5787274465720061, 0.6536810088585161, 0.02570672242488984, -0.5787274465720061, 0.2510519987676291, -0.05533539250361918, -0.5206379245061746, 0.5276399303273496, 0.029027980584429097], [-0.4743521484755835, -0.24086173761773738, -0.47588571034124033, -0.6696151881820953, 0.09307337493824691, -0.3877074435993857, 0.47509323357433236, 0.4769525191766162, 0.4416923360840651, 0.47509323357433236, 0.30309714403778953, -0.19963093412650912, 0.1554512595147958, 0.33199091438294875, -0.006995253716611555], [-0.17006388478520468, -0.636553730256999, -0.24962862076636816, 0.21492901212852697, -0.5891529954102299, 0.365652648595795, -0.025745620215373466, -0.08951709477993564, 0.7268921513819622, -0.025745620215373466, -0.4928441406563688, 0.6863269363937061, 0.47042782825189894, 0.4880991724021207, 0.037992088038237476]], "inverted": false, "swapped": false, "error_lsq": 0.050119733462175596, "error_max": 0.3738595214738494, "target": "597.xyz", "model": "10.xyz", "model_rescale": 4.2482417240324, "target_rescale": 4.078796569839309},
{"mapping": [7, 8, 12, 6, 5, 3, 11, 0, 9, 1, 10, 14], "R": [[-0.9645321629084267, -0.26318543411181516, -0.020276439198433006], [0.25923427323079906, -0.9299679043917524, -0.2606861875583597], [0.049752369769607424, -0.2566965603053307, 0.9652106389953026]], "T": [-0.009021578271308096, 0.09280388027733945, -0.11198581637516669], "aligned_model": [[-0.782657961855085, -0.07670626894747695, 0.3946880334791641, 0.6219807294693459, -0.5496569260407733, 0.1554427664574763, -0.12276272767751337, 0.5254946974894775, 0.09992306553825792, 0.02683176904873292, -0.3103961536629198, -0.10541542093567963], [-0.22042332184314, -0.5978012939175241, -0.20737306844562953, -0.17940290849361368, 0.6446131604694932, 0.5865593162402329, 0.14720859929860364, 0.4255682471114614, -0.4980679224917892, 0.5529871687545566, 0.0511957008715964, -0.0389322875036079], [-0.15801996491295628, 0.3260474515579295, 0.4093422424770473, -0.23361663741689231, 0.3046920701098943, 0.31423934758715194, 0.5732341312973558, -0.14868222968090716, -0.4666952546863067, -0.6598609263522386, -0.6417343767618066, -0.05375356336391533]], "inverted": false, "swapped": true, "error_lsq": 0.047666462815963796, "error_max": 0.24287456547744848, "target": "597.xyz", "model": "11.xyz", "model_rescale": 3.6694154284099745, "target_rescale": 4.078796569839309},
{"mapping": [11, 8, 9, 6, 12, 5, 3, 2, 4, 1, 10, 0, 7, 14], "R": [[-0.9384064878730697, -0.33721601631043424, 0.07535663117106227], [-0.32727582770157154, 0.7974744713844967, -0.5068776973711403], [0.11083228825564241, -0.5003197236105518, -0.8587178687125823]], "T": [0.04012887875430527, 0.05386981435968496, -0.021085324375225235], "aligned_model": [[0.007178157929156173, -0.01271687318092412, 0.07834563450836435, 0.6388067388065471, 0.48423919003160165, -0.4214760555506094, 0.27635898395732844, -0.31161781427815805, 0.3635165188402002, 0.037337983977555896, -0.32070251471436256, 0.5832887387293484, -0.7486466906736111, -0.05564714812662718], [-0.4837735854360896, 0.21441585001123387, 0.7287018399986492, 0.40249331665959254, -0.06111839018229393, -0.6879550063333886, -0.572591920298275, -0.19180096525265491, 0.612984722167341, 0.12763193991988792, 0.4240277016275271, -0.08907856137185255, 0.2142583381876321, 0.09279200843894506], [-0.46298703727245527, -0.8240935215511732, -0.19417034712729547, -0.10535262753442357, -0.5818119425630562, 0.06268425291089641, 0.04412107124506028, 0.4349836442925091, 0.41070324886122683, 0.6914963322644414, 0.30445308579862673, 0.265845900877111, -0.24658986863623583, -0.16018673191281715]], "inverted": false, "swapped": true, "error_lsq": 0.04645121701693778, "error_max": 0.3049353040924013, "target": "597.xyz", "model": "12.xyz", "model_rescale": 3.9764082729961374, "target_rescale": 4.078796569839309},
{"mapping": [11, 10, 1, 8, 13, 2, 14, 9, 4, 6, 12, 7, 3, 0, 15], "R": [[0.06641532439647127, 0.655511574015964, 0.7522589853344559], [-0.9091630303887712, -0.2708748282119014, 0.31630588299220663], [0.4111101906540606, -0.7049336165712957, 0.5779766495007352]], "T": [0.06830857740148924, 0.13228633063323772, 0.00897679683513325], "aligned_model": [[-0.4770047869280766, 0.10956164709002944, 0.5247542858731241, -0.0032860837081945954, -0.2854123583922934, 0.5706779250250409, -0.7295529662201395, 0.6206107858167266, 0.012725426669839807, -0.4286528802494237, 0.29604085821451276, 0.1501499434140305, -0.4824871721068066, 0.5902243288575862, 0.003149445024761763], [-0.3887548008782251, -0.4825675596970683, -0.24282669938849652, -0.5618006360322851, 0.26869661214387663, -0.37053690993324695, 0.13878468966403304, 0.3599458461383266, 0.5785744559348698, 0.7115216477455769, 0.17764947855829005, -0.011052476173619374, -0.3087706731601585, 0.2823280091642384, 0.14620461513785227], [-0.23940631995470718, -0.5071625029137097, -0.22398265926557198, 0.12198265444522292, -0.4713921039757518, 0.370989698843647, -0.037743307131874515, -0.05908598372268764, 0.5689778185741348, -0.025295097166792, -0.5854083712455451, 0.7463977595120685, 0.4678190453715973, 0.49084750209524625, 0.09352999664111707]], "inverted": true, "swapped": false, "error_lsq": 0.04982102351074354, "error_max": 0.36581029064674114, "target": "597.xyz", "model": "13.xyz", "model_rescale": 4.170626492500431, "target_rescale": 4.078796569839309},
{"mapping": [9, 6, 8, 12, 7, 5, 11, 4, 10, 0, 1, 3, 2, 14], "R": [[0.1839034407678855, 0.4106264262335665, -0.8930652062153033], [0.9822547137417262, -0.11079932029818401, 0.15132477640366793], [-0.03681306569538145, -0.905046655537774, -0.4237161189924189]], "T": [-0.006292470672628826, 0.02706277518649948, 0.07389768333278632], "aligned_model": [[0.3643890667131535, -0.030835921398068667, -0.3379266220606326, -0.5833520726611128, 0.27640325069151916, -0.31698536949529177, -0.638014298837279, 0.5251185153205044, 0.5861295702264916, -0.14776498062016075, 0.4624692872961333, -0.5087520698160097, 0.2152719449936515, -0.02296727826125532], [-0.34057307674225, -0.6680867275943718, -0.03250177939813029, -0.3239586270512837, 0.6298727651723244, 0.7938368525118097, 0.3022268493353106, -0.5124431127195239, 0.17315478545967222, -0.3677025933195175, 0.018092610709701, 0.1278700775154161, 0.4693281178879912, 0.08695832615851759], [-0.3889805798934892, 0.017158872415521643, -0.6743407287145285, -0.1881267182692006, -0.431519888661007, 0.3670323947075066, -0.02923118423833293, 0.2475818183342256, 0.04415440663172221, 0.5449945230532988, 0.6155647471786883, 0.5096534413561544, 0.4578108877838072, -0.08787889056349998]], "inverted": false, "swapped": true, "error_lsq": 0.038458258896523365, "error_max": 0.23270542884019554, "target": "597.xyz", "model": "14.xyz", "model_rescale": 3.9786697098870705, "target_rescale": 4.078796569839309},
{"mapping": [7, 10, 5, 13, 2, 3, 9, 0, 11, 8, 1, 14], "R": [[-0.1934333178747127, 0.42210154450431053, -0.885671405016023], [0.10323393597616873, 0.9064660967830827, 0.40946546844112713], [0.9756671081874437, -0.012227081005656809, -0.21891594846249196]], "T": [-0.05290053620219138, 0.048409804610572725, 0.1221471981606022], "aligned_model": [[-0.09173814309118769, -0.548910926134062, 0.5198502656848378, 0.48716527717382985, -0.09482476064630435, 0.4509577342323262, -0.5333026586227733, -0.06806473421038492, 0.6358566344615589, 0.2332857789449545, -0.49177462480474465, -0.015145246220713636], [-0.5009906691964795, -0.005579521377398762, 0.3005462518754162, -0.5335672534520037, 0.397950346626188, 0.48964111316803266, -0.3997267001045696, 0.54687217167788, -0.05567217461824301, -0.6858882129804172, 0.5774259770004895, -0.11633683839445533], [-0.5066567749948878, -0.23034430283857138, -0.49330731108283393, -0.22721369726456003, -0.3956776188271984, 0.18501704218847537, 0.35710396496022706, 0.5082711618738447, 0.1078713210442958, 0.3508253173089697, -0.07972573549655239, 0.0838031270026215]], "inverted": true, "swapped": true, "error_lsq": 0.05019756240725581, "error_max": 0.26405148435187625, "target": "597.xyz", "model": "15.xyz", "model_rescale": 3.769337070930944, "target_rescale": 4.078796569839309},
{"mapping": [11, 7, 12, 8, 3, 2, 0, 10, 6, 9, 14], "R": [[-0.15700396728968674, -0.7682240931636298, -0.6206299194674859], [-0.8734408643357913, -0.18528096587708748, 0.45030214322385803], [-0.460923866558942, 0.6127827562575276, -0.6419084692304522]], "T": [0.09493610578604525, -0.0058542756584632274, -0.01087410595960326], "aligned_model": [[-0.1819606032383175, -0.4312207610589178, -0.2215868089744039, -0.6862997605231699, 0.39309974328619923, 0.43945784825833045, 0.5837400849502339, 0.16681829231505596, 0.14840606215469004, -0.21354213537595054, -0.07428583110257903], [0.18511896602722047, -0.6547508263620099, 0.6304668500079036, 0.24506918454289342, 0.2415385470183907, -0.48415321989524995, 0.39246761147758613, -0.4969817644430073, 0.5440705464104779, 0.035958637885249466, -0.04274003504411263], [-0.6210222295328064, -0.03978595372724189, -0.15151288287836057, -0.020763802894423096, -0.5607887158631194, -0.2220935678993009, 0.0031524338429271895, 0.34524125952979573, 0.41548039289397815, 0.6135536827718283, -0.017243009019500377]], "inverted": false, "swapped": true, "error_lsq": 0.04380792964499514, "error_max": 0.2965154373733374, "target": "597.xyz", "model": "16.xyz", "model_rescale": 3.7852294659196426, "target_rescale": 4.078796569839309},
{"mapping": [10, 0, 6, 4, 2, 3, 11, 12, 9, 7, 13, 8, 14], "R": [[0.23157515410696605, -0.9728121239505718, -0.0030853679055354855], [-0.6394540729092837, -0.14982855431197473, -0.7540887832029545], [0.7331244346221615, 0.17660117725417698, -0.6567652453901435]], "T": [-0.0965573368338553, 0.004995219825175014, -0.04849731980303054], "aligned_model": [[0.09029380958059126, -0.4258661087382726, 0.17702316022272546, 0.120579628224063, -0.5014029489165782, -0.6887487298327103, -0.3223288939050477, 0.045417265450633446, 0.5619832802998018, 0.24308057660977228, 0.07565754732040915, 0.4593246808580859, 0.01875258304280969], [-0.1676122397451413, -0.43701573618965234, -0.46012666992566986, -0.7323079124024849, 0.03262072755283169, 0.11794364841609595, 0.5663015880206484, 0.1609660881087471, -0.22344462593696765, 0.5445844157959667, 0.8551471814682217, 0.48386354998596676, 0.13413560855431259], [-0.6039113334018421, 0.2580454131835189, 0.3940745321703941, -0.16192592062035951, -0.5253784726036149, 0.24993667316961685, 0.297024986639287, 0.6446021655985938, -0.07942790018601699, -0.5890833576616321, -0.05075340738089226, 0.31902162197894834, -0.0564703037428271]], "inverted": true, "swapped": true, "error_lsq": 0.04947133433682283, "error_max": 0.3144286209421376, "target": "597.xyz", "model": "17.xyz", "model_rescale": 3.901054581598922, "target_rescale": 4.078796569839309},
{"mapping": [3, 12, 11, 7, 13, 6, 2, 10, 8, 5, 9, 1, 0, 4, 14], "R": [[0.35738298099724064, -0.5671083506955871, 0.742068408884826], [-0.912586168636733, -0.043039674177235754, 0.40661292559342715], [-0.19865520306917328, -0.8225179055911481, -0.5329168840217928]], "T": [0.04677338990621148, 0.058273609309575786, 0.07929385638730256], "aligned_model": [[-0.5580571380640627, 0.006254893852109804, 0.6421377607849251, 0.07647123515821992, -0.38108194555357566, 0.6095527013237148, -0.7352585087470804, 0.7307791238453724, -0.1453537765599529, -0.13847370278102222, 0.22032944176792502, 0.09188749403219741, -0.48179402623990986, 0.4753367643333807, 0.05876808122847665], [-0.3477596652459516, -0.4620552995120447, -0.27324428713260196, -0.5956722789373031, 0.1758914985314599, -0.3900997950584292, 0.3269034098581308, 0.4908267246102527, 0.5507419210037028, 0.5983767339192484, 0.3034096038581971, -0.22720098302580707, -0.3250412916440395, 0.43354607076632556, 0.03877323723282383], [-0.15032082498497001, -0.4494699682066523, -0.33587856460597937, 0.18488664510714153, -0.4956913976446251, 0.2936918091900924, 0.08079109854515214, -0.0529472359814845, 0.48051744246206446, -0.17380331158068596, -0.5072010390492446, 0.7134504018677486, 0.46554596550130894, 0.6279995914417109, 0.029497518044816984]], "inverted": false, "swapped": false, "error_lsq": 0.04698529346497002, "error_max": 0.3818760064089471, "target": "597.xyz", "model": "18.xyz", "model_rescale": 3.9405287249114394, "target_rescale": 4.078796569839309},
{"mapping": [10, 11, 11, 2, 14, 5, 3, 7, 0, 12, 13, 6, 1, 8, 15], "R": [[0.09179189640877317, -0.9082713206673018, 0.4081880152661965], [0.966328255351884, -0.017705946939604582, -0.25670255618430426], [0.24038292506387604, 0.41800682709286885, 0.8760629782392859]], "T": [0.045254495968278526, 0.19305225046172342, 0.036020997604952545], "aligned_model": [[-0.2934363910879139, 0.27323873145086697, 0.27323873145086697, -0.09229004248116482, -0.33477044976181813, 0.5340502835967857, -0.7893350721914225, 0.6624902908183746, 0.0545864624618962, -0.3477639950518426, 0.2337909527659001, 0.11590681345854956, -0.41277126611552695, 0.5584166279126533, 0.036146721154513575], [-0.46347689200648273, -0.27868940313939133, -0.27868940313939133, -0.5991114480843063, 0.07055185858924351, -0.42041086071976247, 0.032782113253291834, 0.5307613932705086, 0.48831709409776647, 0.5518450165491364, 0.35212829195720896, -0.1257321484525863, 0.12741280691444473, 0.15514911751998922, 0.15455806261429475], [-0.23260886868243064, -0.4586467722456025, -0.4586467722456025, 0.36599593250403106, -0.6275403459723474, 0.3117098293972956, -0.020568141919866098, 0.011565786289811794, 0.6568316325572674, -0.09414535338101725, -0.5888619217105717, 0.7080836528941126, 0.5065773584139331, 0.5905479440985043, 0.040774170108876996]], "inverted": true, "swapped": false, "error_lsq": 0.040574550491032584, "error_max": 0.2886446179026931, "target": "597.xyz", "model": "19.xyz", "model_rescale": 4.410303926677745, "target_rescale": 4.078796569839309},
{"mapping": [5, 7, 2, 11, 1, 8, 3, 10, 9, 6, 12, 0, 4, 14], "R": [[0.10866409651148878, 0.3834330847461585, -0.9171538494993017], [-0.2914435233709319, -0.8697866890685629, -0.39816050558070765], [-0.9503961210013852, 0.31056430097677495, 0.017234504470050926]], "T": [0.023508885195904314, -0.012062664996853033, 0.06305130559555291], "aligned_model": [[-0.3322338871145898, 0.2412890852821873, 0.2257655398203136, -0.6303941390207803, 0.5116631670012655, -0.33065264015152185, -0.4683316765413885, 0.6018560089357444, 0.40290030287161727, 0.04873235887267498, -0.5352216190303123, -0.07033796025135419, 0.5998062916262246, -0.0036529428392079594], [0.0966228551428405, -0.6670068362676268, 0.2361832765375425, -0.14573011503397781, 0.4879124353697349, -0.7021380276022451, 0.4116578263937161, -0.11004351066390493, -0.3879827000019092, 0.1083385267920018, -0.1456983926481422, 0.5498717459352821, 0.2614656906471158, -0.1825043084192258], [-0.7319550212411958, -0.4085031387194443, -0.47504252485421505, -0.13686654485609798, -0.09490930281255036, 0.33092343121039847, -0.113200357177766, -0.10755282935397184, 0.5120095306290721, 0.7500169774058775, 0.5044494388643684, 0.33362271400219323, 0.5065532287830989, 0.047269436845253976]], "inverted": false, "swapped": true, "error_lsq": 0.0483445274050484, "error_max": 0.3937091335391232, "target": "597.xyz", "model": "20.xyz", "model_rescale": 4.121658175737393, "target_rescale": 4.078796569839309},
{"mapping": [5, 13, 7, 2, 10, 3, 8, 0, 12, 6, 9, 4, 14], "R": [[0.39850501651469583, -0.09199801600597325, -0.9125404740961286], [0.08831963253956705, 0.9941819385594561, -0.061659675236238415], [0.9129038253401606, -0.05602354945134439, 0.4043117208122649]], "T": [0.1154331515576795, -0.09415797936170003, -0.008224429192608254], "aligned_model": [[0.18672171219969466, -0.294480986411527, 0.28462778865191174, 0.5951963698178085, 0.6442289826751125, -0.08694812578620775, -0.5229443033988163, 0.10554718373039194, -0.5871312056052982, -0.11446808087803492, 0.12307476950159638, 0.5042712074904, 0.04338759267726304], [-0.5252998514220768, 0.20459859964943436, 0.46487959316262395, -0.33904020014412306, 0.21123554603698172, -0.7205269822095195, 0.4048928591041062, -0.5621864095977258, -0.12962369637284535, -0.03341878484807101, 0.5015353870440847, 0.0260328406701721, 0.03774800309014181], [0.7529819484261783, 0.6954348066108254, 0.5897670793332822, 0.31105401440421865, 0.009129998341606008, 0.13039206505236212, 0.1214380303808456, -0.4308803835669901, -0.18147598927800496, -0.6643575547309285, -0.3714161516268902, -0.6700322191960107, 0.07807409533129518]], "inverted": false, "swapped": true, "error_lsq": 0.04868134633311746, "error_max": 0.28717670054722366, "target": "597.xyz", "model": "21.xyz", "model_rescale": 4.08911054899281, "target_rescale": 4.078796569839309},
{"mapping": [15, 14, 9, 11, 3, 5, 2, 7, 0, 4, 12, 8, 1, 6, 16], "R": [[0.30063487363892777, 0.7485940550577149, -0.5909531398379682], [0.39478003703311615, -0.6617177574836608, -0.6373996640969674], [-0.8681977857102825, -0.041671934956782564, -0.4944654231841902]], "T": [0.07985056855639948, 0.023785191476836016, 0.041350458423542846], "aligned_model": [[-0.41187879886253453, -0.030725049620418624, 0.5006926043037147, -0.05464613796442573, -0.3109269664588007, 0.5865698739670763, -0.639343166131791, 0.5387847399272565, -0.062205792836812004, -0.3735414978673402, 0.4673747947532236, 0.17303240034685102, -0.4532828013305964, 0.46936587549397035, 0.0722283206613451], [-0.49015301422456525, -0.15686509864544126, -0.4180096366582817, -0.6413108599206142, 0.335567651686985, -0.4387050896537789, 0.0646595664512802, 0.5668358549363268, 0.6642807592660638, 0.5429168395482189, 0.17207552830938186, -0.20940404001154603, -0.08594318921794894, 0.3206839058786549, 0.07076642147922836], [-0.1185769245737806, -0.5644226767439182, -0.32642246383098633, 0.3955409560501997, -0.6688350377161829, 0.2058720051340388, -0.007059115308870739, 0.024870431913083246, 0.4532543501377999, -0.06462195280909909, -0.5692266916129844, 0.6876491096693171, 0.6190414429897515, 0.6032161964777918, 0.040788500330234706]], "inverted": false, "swapped": false, "error_lsq": 0.03836505983104417, "error_max": 0.25288139501932616, "target": "597.xyz", "model": "22.xyz", "model_rescale": 4.204369325754507, "target_rescale": 4.078796569839309},
{"mapping": [10, 11, 11, 2, 14, 5, 3, 7, 0, 12, 13, 6, 1, 8, 15], "R": [[0.09179189640877317, -0.9082713206673018, 0.4081880152661965], [0.966328255351884, -0.017705946939604582, -0.25670255618430426], [0.24038292506387604, 0.41800682709286885, 0.8760629782392859]], "T": [0.045254495968278526, 0.19305225046172342, 0.036020997604952545], "aligned_model": [[-0.2934363910879139, 0.27323873145086697, 0.27323873145086697, -0.09229004248116482, -0.33477044976181813, 0.5340502835967857, -0.7893350721914225, 0.6624902908183746, 0.0545864624618962, -0.3477639950518426, 0.2337909527659001, 0.11590681345854956, -0.41277126611552695, 0.5584166279126533, 0.036146721154513575], [-0.46347689200648273, -0.27868940313939133, -0.27868940313939133, -0.5991114480843063, 0.07055185858924351, -0.42041086071976247, 0.032782113253291834, 0.5307613932705086, 0.48831709409776647, 0.5518450165491364, 0.35212829195720896, -0.1257321484525863, 0.12741280691444473, 0.15514911751998922, 0.15455806261429475], [-0.23260886868243064, -0.4586467722456025, -0.4586467722456025, 0.36599593250403106, -0.6275403459723474, 0.3117098293972956, -0.020568141919866098, 0.011565786289811794, 0.6568316325572674, -0.09414535338101725, -0.5888619217105717, 0.7080836528941126, 0.5065773584139331, 0.5905479440985043, 0.040774170108876996]], "inverted": true, "swapped": false, "error_lsq": 0.040574550491032584, "error_max": 0.2886446179026931, "target": "597.xyz", "model": "23.xyz", "model_rescale": 4.410303926677745, "target_rescale": 4.078796569839309},
{"mapping": [14, 13, 7, 11, 6, 1, 15, 2, 4, 5, 12, 10, 8, 3, 16], "R": [[-0.0915699890618151, 0.020338083695217002, 0.9955909297772985], [0.9201012896962766, 0.3840811599797743, 0.07678072185021262], [-0.38082614642703805, 0.9230753083579895, -0.05388340465611727]], "T": [-0.0016681383129571528, -0.06712340274136057, 0.03349044312865809], "aligned_model": [[-0.4930408039368117, -0.0387133170796082, 0.4937146097043955, -0.007721866553768171, -0.3872604667396397, 0.7190475052018304, -0.6943487302288207, 0.46262793923258344, 0.000386240911290886, -0.14215179729558555, 0.2582518688492168, 0.0039243528383875875, -0.41646518094111346, 0.6179477622651434, 0.09530028215321765], [-0.45080352080179936, -0.29365581091394427, -0.38563234403045415, -0.6864842229533603, 0.11849035910180349, -0.40372710314800436, 0.09756316489400634, 0.7008832836299426, 0.47095279048295496, 0.5230977872588839, 0.3300582482894406, -0.20183359942092666, 0.2054090828138529, 0.3064470508762159, -0.03336956685464769], [-0.2301237835311922, -0.630962223813701, -0.274858197160179, 0.1641694903071098, -0.5948121729988859, 0.35536349207180484, -0.01535751341324789, 0.19928801018914297, 0.4628552796050307, -0.1323568416289784, -0.6152499986082202, 0.6703623558622074, 0.6887584226595419, 0.5680671322657815, 0.09592467830017953]], "inverted": true, "swapped": false, "error_lsq": 0.04031469934370315, "error_max": 0.31489556032755645, "target": "597.xyz", "model": "24.xyz", "model_rescale": 4.28219845311461, "target_rescale": 4.078796569839309},
{"mapping": [0, 2, 13, 4, 6, 7, 8, 12, 5, 10, 14, 3, 1, 9, 15], "R": [[0.8313346094288242, -0.10120675144010843, 0.5464796067821419], [-0.5556381025402561, -0.12974963979787693, 0.821237681781459], [-0.012209265796438662, -0.986368199221397, -0.16409969345934383]], "T": [0.10294166466264026, 0.029352284521540283, 0.06593477383003372], "aligned_model": [[-0.4685755490237202, 0.09222712982522709, 0.6120710124047746, 0.043352793595014705, -0.5869366901898596, 0.6578405210188012, -0.4935836730294156, 0.7119513936983517, -0.2316815974344411, -0.22492681353710192, 0.18715469602289725, 0.00402580772394906, -0.3966449645954749, 0.510039049864627, 0.05518528203708903], [-0.494772211343662, -0.30554257440339794, -0.17025311541881363, -0.6892559396749247, 0.09419068266305758, -0.39349380316841487, 0.3813045130801919, 0.43291508029951875, 0.5693362321858227, 0.6625909872282284, 0.3658055448628365, -0.2973477179973164, -0.08104451295935364, 0.24542216351292992, -0.022459729642738867], [-0.18747351200536017, -0.5311503596281548, -0.1661459201523064, 0.18717816370263968, -0.5103125451168502, 0.41065850537480036, 0.1131915959068648, -0.15915214279715517, 0.6331431038486848, -0.2822258575245378, -0.6121891041225548, 0.7612966267239697, 0.4507764891093785, 0.5603629387167249, 0.043110148070251555]], "inverted": false, "swapped": false, "error_lsq": 0.04848763690813438, "error_max": 0.3682878375096666, "target": "597.xyz", "model": "25.xyz", "model_rescale": 4.100010024507729, "target_rescale": 4.078796569839309},
{"mapping": [7, 8, 12, 6, 5, 3, 11, 0, 9, 1, 10, 14], "R": [[-0.9645321629084267, -0.26318543411181516, -0.020276439198433006], [0.25923427323079906, -0.9299679043917524, -0.2606861875583597], [0.049752369769607424, -0.2566965603053307, 0.9652106389953026]], "T": [-0.009021578271308096, 0.09280388027733945, -0.11198581637516669], "aligned_model": [[-0.782657961855085, -0.07670626894747695, 0.3946880334791641, 0.6219807294693459, -0.5496569260407733, 0.1554427664574763, -0.12276272767751337, 0.5254946974894775, 0.09992306553825792, 0.02683176904873292, -0.3103961536629198, -0.10541542093567963], [-0.22042332184314, -0.5978012939175241, -0.20737306844562953, -0.17940290849361368, 0.6446131604694932, 0.5865593162402329, 0.14720859929860364, 0.4255682471114614, -0.4980679224917892, 0.5529871687545566, 0.0511957008715964, -0.0389322875036079], [-0.15801996491295628, 0.3260474515579295, 0.4093422424770473, -0.23361663741689231, 0.3046920701098943, 0.31423934758715194, 0.5732341312973558, -0.14868222968090716, -0.4666952546863067, -0.6598609263522386, -0.6417343767618066, -0.05375356336391533]], "inverted": false, "swapped": true, "error_lsq": 0.047666462815963796, "error_max": 0.24287456547744848, "target": "597.xyz", "model": "26.xyz", "model_rescale": 3.6694154284099745, "target_rescale": 4.078796569839309},
