[{"mapping": [11, 9, 1, 0, 2, 7, 3, 12, 6, 5, 8, 13], "R": [[-0.1667839822168523, 0.9837808371003642, -0.06601793566899311], [0.4047631100222442, 0.12936726814743105, 0.9052242455310128], [0.8990828260182759, 0.12425527951027793, -0.41977457935517404]], "T": [-0.12175347294744975, -0.14414494083810137, -0.022573471405058068], "aligned_model": [[-0.22576292150756772, 0.30663709247741316, 0.42558435724175314, -0.0672369577496849, -0.18999687736356546, -0.7046408737861344, 0.3768395632509978, -0.34000529761729925, 0.4644969802978105, 0.2456461050012223, -0.4156504951717311, -0.03826821261266575], [-0.3939930599548579, -0.6640187821626851, -0.009469780179222481, 0.6068516564920202, 0.30739096388635456, -0.3887957363918758, -0.23073708247985336, -0.6538707719232879, 0.12080107807671536, 0.3283577070400575, 0.19320325093639723, -0.16216440736270524], [-0.5556755175950475, 0.10537759559774833, -0.630672138240747, -0.04842492577614939, -0.7488802005127283, -0.001398598965060227, 0.7579033993269131, 0.6233064995220952, -0.09150522095966244, 0.4381644858564934, 0.3389299437503653, -0.005173576650657936]], "inverted": true, "swapped": true, "error_lsq": 0.0487435178683047, "error_max": 0.3164202987796827, "target": "598.xyz", "model": "0.xyz", "model_rescale": 3.751011558992144, "target_rescale": 4.1181192822351615},
{"mapping": [2, 0, 3, 4, 13, 8, 1, 9, 5, 6, 11, 12, 10, 14], "R": [[0.9015305063570714, 0.23905790041268646, -0.3606855505254415], [0.03201375795542598, 0.794407168296361, 0.6065413178514129], [0.4315296807974327, -0.5583624013216105, 0.7085291549267615]], "T": [-0.023935351722214115, -0.09461499010811278, 0.005193878428427194], "aligned_model": [[-0.22400865351992538, 0.32353916160532015, 0.4649918962103337, -0.5269992096970288, 0.001022428889672418, -0.5644519876836294, 0.13570793357908442, -0.17052588775138858, -0.49160312413810486, 0.33037619825941167, 0.3287865913606297, 0.5861322410724334, -0.47885587615525366, 0.003334670587932395], [-0.05548719303451652, -0.5503616095220133, 0.05003854771768493, -0.5605169430541566, 0.48743575667175365, -0.40090863053284476, -0.769804948742149, 0.5287422546949256, 0.2510987030122005, -0.3813192134116119, 0.25932425401816617, 0.3293832418861956, 0.1221709079352497, -0.04910537859099488], [-0.7961660852533365, -0.4918584326818622, -0.5635164078653591, 0.3994477242566775, -0.42850675064709925, -0.2281389830038897, 0.07090605883520382, 0.16052121482655796, -0.2225229282159064, 0.6018426521300883, 0.6273234720516991, 0.009452465595064732, 0.6521134553373055, 0.018942826974865618]], "inverted": false, "swapped": false, "error_lsq": 0.04503934815425949, "error_max": 0.35427963572573534, "target": "598.xyz", "model": "1.xyz", "model_rescale": 3.9405287249114394, "target_rescale": 4.1181192822351615},
{"mapping": [3, 12, 8, 11, 7, 5, 9, 10, 4, 0, 2, 6, 13], "R": [[0.5810099515954051, 0.6208403279116905, 0.5262933814761589], [-0.37126467118515943, -0.3732730782898359, 0.8501939501983095], [0.7242858414168266, -0.6893652850720978, 0.01362070705157492]], "T": [0.0061964821197843176, -0.08366588642267461, 0.04306184867971023], "aligned_model": [[-0.4596024038589861, 0.26989209555268745, -0.2570003083479465, 0.45571417668760866, 0.47119377131320916, -0.7184412423590869, 0.1641920322126192, 0.6900955315377008, 0.013018725637427557, -0.6048516293498148, -0.043702934470852696, -0.4584034614820184, -0.026121073788616604], [0.7212522767567268, 0.6045903866441216, -0.11607863084952438, -0.3715139828478654, -0.13902070801999936, 0.11889348563135382, 0.46234961787674933, 0.30222159495088896, -0.6062043992247522, -0.5118750709551616, -0.9015195022870292, -0.07388530766014934, -0.030377166443342013], [0.023683796865949198, -0.3828291523199724, -0.46737016914544843, 0.3123519437867091, -0.38211279051354774, -0.023199274503060655, 0.426550099088086, 0.03487940528646198, -0.2621949322306814, -0.06130930190937035, 0.29740180128297694, 0.49327158385878667, 0.10399734004175507]], "inverted": false, "swapped": true, "error_lsq": 0.04736605754176386, "error_max": 0.33404773584608016, "target": "598.xyz", "model": "2.xyz", "model_rescale": 3.932901565614263, "target_rescale": 4.1181192822351615},
{"mapping": [0, 7, 4, 11, 2, 3, 3, 6, 1, 9, 12, 5, 10, 13], "R": [[-0.6567636175564683, -0.6508812294185561, 0.38080858163220305], [0.5615827072184961, -0.7591762248014057, -0.3290536774592111], [0.5032756835048622, -0.002254969373322563, 0.8641229666580096]], "T": [-0.051086510714317385, -0.15783499476628832, -0.007988143413790439], "aligned_model": [[-0.20414577009983395, 0.5390846334261362, 0.442843724591621, -0.6379108219724208, -0.11281342325653074, -0.2834252608944835, -0.2834252608944835, 0.07244466030271056, -0.6716718483493991, 0.47512843439397046, 0.2030193461399676, 0.5692575513605131, -0.38122169707918174, -0.009717885049098304], [-0.11844012046019864, -0.49792931597569756, 0.21334611402746229, -0.5027256677156857, 0.5102373225020442, -0.5551536776927728, -0.5551536776927728, 0.5003765077138012, 0.17938859402226043, -0.40260948566056887, 0.19877236906308055, 0.15605662235097117, 0.21976772487191237, -0.08524356030594606], [-0.6591188800080411, -0.2219423923835213, -0.6256319822586683, 0.5702819922463462, -0.5020215636861705, -0.22899051318276153, -0.22899051318276153, 0.1268818994861187, -0.23142205039542318, 0.4425406786841668, 0.6176245256831141, 0.17489155203290918, 0.5034533343203714, 0.0722841949843308]], "inverted": false, "swapped": false, "error_lsq": 0.05247542630897904, "error_max": 0.33925250431117976, "target": "598.xyz", "model": "3.xyz", "model_rescale": 3.9243930471874484, "target_rescale": 4.1181192822351615},
{"mapping": [12, 9, 3, 8, 5, 7, 4, 3, 6, 1, 0, 2, 13], "R": [[0.8934398899315059, 0.43124798796428954, 0.12565960351652572], [-0.44808867608077574, 0.8751913673213982, 0.18236394636626804], [-0.03133211527101222, -0.2192378695455088, 0.975168218878051]], "T": [-0.1579523825725434, -0.13673345816982826, -0.09146324817404602], "aligned_model": [[0.03239474760080552, -0.21684997001735234, 0.5567412076178825, 0.2334719333924387, 0.5615884579953137, -0.4264764187606849, -0.2580813328759832, 0.5567412076178825, 0.08384773570139534, -0.42928685371972164, 0.23472073241756558, -0.5203593121816057, -0.1312462484765832], [-0.6271498473778936, 0.1611468722497316, 0.026116992827043745, -0.5095035636974112, 0.07764743001697852, -0.7067047913246577, -0.42455923549485963, 0.026116992827043745, 0.4560137513989332, 0.607297991173404, -0.003999270690767248, 0.11322142285157091, -0.06781519107752922], [-0.7606978512266352, -0.7062454420672034, -0.6641151173215207, 0.10524322002453246, -0.008864937504768522, -0.14702969862176296, 0.431418438135743, -0.6641151173215207, 0.0024570441854773473, 0.15408694021429944, 0.5376835531069171, 0.644911028314227, -0.137661744546821]], "inverted": true, "swapped": true, "error_lsq": 0.055486657998768465, "error_max": 0.3701785385880966, "target": "598.xyz", "model": "4.xyz", "model_rescale": 3.8936222436046832, "target_rescale": 4.1181192822351615},
{"mapping": [3, 5, 8, 12, 4, 2, 1, 11, 10, 9, 7, 13], "R": [[-0.1768339937424107, -0.1028544291680082, -0.978851727820732], [-0.1700355529076173, -0.9763788944997632, 0.13331228421575164], [-0.9694419267828838, 0.19001373838736935, 0.15516806958761342]], "T": [-0.1394954750120093, -0.01948668920068375, -0.017032307029317455], "aligned_model": [[0.12769071737099827, -0.49070014079609015, -0.37852380536894875, 0.51142065613328, -0.5368632393555486, -0.7511178012852976, -0.41954408893716566, -0.023646779963293424, 0.6071749973584006, 0.3928498028575279, 0.10723652352173516, -0.11842879932050066], [-0.7398877975382625, -0.5525017276448775, 0.112594574470469, 0.010596088415249671, 0.43592183959737096, 0.2509043418556778, -0.3437825683709302, 0.2729953930718212, 0.21043503190187207, -0.42613081475809855, 0.5402265899934937, -0.1024480458839788], [-0.5413138556204541, -0.4208527113108594, -0.5232772856796377, -0.5647716934146878, -0.04828409767248947, 0.5204340831543353, 0.692830387055854, 0.49137024122645556, 0.06242345620301961, 0.1292818182813294, -0.17798097908866506, -0.00057464385868242]], "inverted": true, "swapped": true, "error_lsq": 0.05089604079555648, "error_max": 0.2560323163278394, "target": "598.xyz", "model": "5.xyz", "model_rescale": 3.6523030999806103, "target_rescale": 4.1181192822351615},
{"mapping": [1, 2, 0, 6, 5, 11, 4, 9, 7, 12, 8, 3, 13], "R": [[-0.3296690706840154, -0.9430593463686783, -0.0442422090431675], [-0.7751516427943579, 0.29712918493637097, -0.5575429832149771], [0.53894177283594, -0.14951025612221244, -0.8289683038613266]], "T": [-0.023064071043225123, -0.08118502210009085, -0.01731330646137509], "aligned_model": [[0.2526338601016064, -0.2358998685977048, 0.23605658782433514, 0.5379511735338887, 0.6181360245456066, -0.39794444428113446, -0.3821478302867127, 0.24650072209996732, -0.5940212932329915, -0.10840249574002454, -0.036234022151298534, 0.693349558410354, 0.051104932438403236], [-0.4860640787720347, -0.007077228941650887, 0.4686017280443058, -0.17262306095286273, 0.31521555855747185, -0.4554743042261489, 0.30649284217668527, -0.628566720750143, 0.004199301988397214, -0.10361108454245802, 0.47066155910046403, -0.04482913711261896, -0.12609847040622402], [0.6516887025736939, 0.8104984224487992, 0.42791388367590083, 0.29177980793715463, -0.06474414517946493, 0.25983661454615514, 0.27771121803982396, -0.3301501029965977, -0.2757266897713738, -0.8639712324773448, -0.1790411165001201, -0.6094848370563448, -0.026200785758492263]], "inverted": false, "swapped": true, "error_lsq": 0.04795999549133268, "error_max": 0.3085821627312767, "target": "598.xyz", "model": "6.xyz", "model_rescale": 4.08911054899281, "target_rescale": 4.1181192822351615},
{"mapping": [10, 5, 12, 3, 11, 8, 4, 1, 9, 6, 2, 13, 0, 14], "R": [[0.7269074405324463, 0.6832113202314979, -0.06948283821276975], [0.5681528224566846, -0.5414674834851416, 0.6196897083724815], [0.38575632623856126, -0.4899339304802248, -0.7817651824756122]], "T": [0.05874318369674522, -0.07047327167942813, -0.04760965477657049], "aligned_model": [[-0.00798510822239798, 0.483725129018703, 0.5250698467042514, -0.4815733695249643, -0.05316703040654899, -0.4922448592992076, -0.08777374820259581, -0.1327737394548267, -0.666862821823137, 0.09987791791268424, 0.38386707653721586, 0.557489091912903, -0.3385729225034698, -0.07162908002912255], [-0.22932850192644477, -0.63656274157544, 0.08481688313704805, -0.4421280955912984, 0.3271092141346371, -0.35244716205454224, -0.7598662991109408, 0.5660580961418333, 0.22539212353198218, -0.2753873626135856, 0.24071963783461503, 0.46366719361921277, 0.018354559920833236, 0.030292203599979556], [-0.7473147707952432, -0.32945054571779814, -0.5637746760600316, 0.39554060240875677, -0.4646652073237344, -0.3340566392382628, -0.05854272835504905, 0.262382514127007, -0.024874207174490667, 0.405668532908528, 0.6214142391642193, -0.09051658568306513, 0.8002734215912644, -0.062243667512091136]], "inverted": false, "swapped": false, "error_lsq": 0.05366116959767483, "error_max": 0.2825367599987205, "target": "598.xyz", "model": "7.xyz", "model_rescale": 3.964800864290218, "target_rescale": 4.1181192822351615},
{"mapping": [4, 7, 2, 9, 0, 11, 12, 3, 6, 8, 5, 1, 10, 13], "R": [[-0.5416830278691391, 0.7188765016239685, 0.4356559109336241], [0.7673024895196808, 0.2112252872224482, 0.6055004274273423], [0.34325848408367354, 0.6622691699382348, -0.6660128824984544]], "T": [-0.011465962756524025, -0.0016929071319496947, -0.05973702769282474], "aligned_model": [[-0.34365565883386695, 0.5456294089696944, 0.2708721953218175, -0.23325026733184653, 0.21329174778894558, -0.7520575414432502, -0.03172314859473901, -0.18277552121558, -0.4769425641186198, 0.3033626460620794, 0.12247423444948695, 0.7260872065908072, -0.4426217798439034, -0.001244575181537812], [-0.18664073720854235, -0.4307750843253266, 0.007851892129761284, -0.5272829588007258, 0.6030337588390742, -0.36764511443007786, -0.7448534713803063, 0.6905950573109686, 0.24691926233471487, -0.3831704052537629, 0.2546862023293017, 0.12971483613461623, 0.0007678861166550144, -0.03251137474846041], [-0.6517992718731511, -0.17103121881676012, -0.6587385210583047, 0.3255207387694075, -0.37110337708959534, -0.12855868159339973, -0.1938152118114556, 0.07199415756886982, -0.3006298377889536, 0.5288336536219562, 0.7247376365077797, -0.016525703162210276, 0.6397146281744938, 0.011241290891332953]], "inverted": true, "swapped": false, "error_lsq": 0.05550832172339853, "error_max": 0.37140439332095, "target": "598.xyz", "model": "8.xyz", "model_rescale": 4.121658175737393, "target_rescale": 4.1181192822351615},
{"mapping": [7, 10, 11, 2, 12, 8, 9, 5, 6, 3, 4, 0, 13], "R": [[-0.502836240592506, 0.7772495334394343, 0.3782048094815522], [-0.12474523882966415, -0.4982162198967984, 0.858032180993857], [0.8553328828801834, 0.3842704269130358, 0.3474793496942626]], "T": [-0.01784685121176783, 0.012070547110544328, -0.10513746774774632], "aligned_model": [[-0.5673324161024441, -0.3756722927693115, 0.11084922655845297, 0.40756248379935245, -0.6517645657255687, -0.36504006010819084, 0.14469981888071912, 0.16088370846040329, 0.5638267776775069, -0.029343728000392096, -0.17969513324731937, 0.2201189335191796, 0.03764474349280957], [0.14544089448353098, -0.40462729461787816, 0.18624160258664207, 0.7348000440726062, -0.5555102105046954, 0.19676844762807652, -0.6256443476309699, -0.11463203498576245, -0.08412423853328795, -0.7244448141035826, 0.5949890477146551, 0.49419144283430017, -0.05306109953192478], [-0.3885771852589053, -0.6664019976518453, -0.6624000653342142, -0.28611335607290034, -0.08032550485536402, 0.31463335374355084, -0.29763956137904274, 0.6177197173999714, 0.16139569273226176, 0.4628856875962877, -0.08822895168655046, 0.42265791355805604, -0.08853030883221708]], "inverted": true, "swapped": true, "error_lsq": 0.054865510057014934, "error_max": 0.2918271940450134, "target": "598.xyz", "model": "9.xyz", "model_rescale": 3.833441315466971, "target_rescale": 4.1181192822351615},
{"mapping": [13, 8, 10, 3, 0, 2, 9, 1, 5, 7, 6, 12, 4, 14], "R": [[0.9712516731804633, 0.22834090907148047, -0.06730985506268997], [0.15098457285355693, -0.8094751022164236, -0.5674096559382292], [-0.1840484884599148, 0.5409348279932812, -0.8206800020467783]], "T": [0.08697976930048323, -0.01043334791818512, 0.028539206872725], "aligned_model": [[-0.3705054755297344, 0.36690288316885417, 0.6090714004058743, -0.38311093229614895, 0.02476776673804628, -0.454049087193637, -0.06205505928746691, -0.0016199359332584318, -0.5345022978889258, 0.3259704382513122, 0.07035981468503216, 0.5277911890041438, -0.4543170423160825, 0.052742720811478336], [0.02583036769665742, -0.5793224360162168, -0.00015590604766496652, -0.5941568830886268, 0.45921683127433655, -0.40968421598670346, -0.8006596850912002, 0.722796137071767, 0.22123722261060597, -0.506458799659284, 0.3609076234934968, 0.3740948319670168, 0.08457721769915522, -0.0975325568754491], [-0.6234414179215217, -0.42485644610816203, -0.6063378256604894, 0.4674052644667708, -0.46072691460440124, -0.22550168691178712, -0.0774847641838005, 0.04009548169157358, -0.10383899518431304, 0.40371408364526423, 0.5969222010804373, 0.17291174042322327, 0.6063655945057682, 0.04461396710144749]], "inverted": false, "swapped": false, "error_lsq": 0.05230016100561075, "error_max": 0.2751247101379594, "target": "598.xyz", "model": "10.xyz", "model_rescale": 4.2482417240324, "target_rescale": 4.1181192822351615},
{"mapping": [5, 0, 1, 2, 3, 9, 6, 11, 4, 7, 8, 13], "R": [[0.9504899463851948, 0.2826505329880104, -0.12914154258898855], [0.11980952737136663, 0.050132597439533, 0.9915303322768375], [0.28673077785916123, -0.9579119995467015, 0.013786303083893841]], "T": [0.010927139388678321, 0.19371910814578594, -0.1293933364529235], "aligned_model": [[-0.6148383628050176, -0.20024689499052148, 0.4738233167777617, 0.5677862943541641, -0.7632602166492309, -0.006465092286026049, -0.0797326282888943, 0.6034928538389415, 0.16219570975035644, 0.14005634849232643, -0.39534242075518256, -0.010703305075670584], [-0.10381835966792743, -0.5274780848282662, -0.09860405693146815, -0.4583924198425925, 0.5301270920972461, 0.7430684196653093, -0.05831163598526459, 0.26681032184370423, -0.22957060941336502, 0.41210384073381073, -0.02896155017154517, 0.21915843255099773], [0.17128865319985936, -0.0753898793951562, 0.4933219949625257, -0.10252817603082552, 0.2613763739546353, 0.2805720367143332, 0.45958788863251165, -0.1604318320048783, -0.534632003523607, -0.7087842795760844, -0.4703073289007723, -0.04888115817818485]], "inverted": false, "swapped": true, "error_lsq": 0.05884466993297036, "error_max": 0.29119959849706684, "target": "598.xyz", "model": "11.xyz", "model_rescale": 3.6694154284099745, "target_rescale": 4.1181192822351615},
{"mapping": [7, 11, 9, 0, 10, 5, 6, 2, 12, 4, 3, 8, 1, 13], "R": [[-0.8298506110456717, -0.2778410644807665, -0.4838928664852582], [0.3308314847859146, -0.9433394818908521, -0.02571284854398259], [-0.44933116075058993, -0.1814248185725791, 0.874749417367302]], "T": [-0.05767737304527089, -0.08726247772294411, -0.06480707355606832], "aligned_model": [[-0.16411910447643968, 0.6006368190245244, 0.4823886085082054, -0.47454383419096446, -0.13208590185323493, -0.6626409642490838, -0.045138828845367615, -0.019734710242895526, -0.6505823486006561, 0.22946104973890524, 0.3772839464420314, 0.5742944208433353, -0.28708310890727784, -0.11068966057159485], [-0.17894165315126997, -0.40967373583627986, 0.09823894480285923, -0.4668950471158313, 0.3979919972822189, -0.5089964885851246, -0.6481116953660985, 0.5141959542604633, 0.24366912695016907, -0.3935937508955525, 0.18884786210850635, 0.32215073974138203, 0.22862768559778973, -0.1268201907453423], [-0.7944853623054742, -0.152568420790161, -0.6292574475480361, 0.3743276782610464, -0.46794508049232864, -0.38218739726339246, -0.1365411200896268, 0.18643321447083835, -0.09157390483351349, 0.5446117700874119, 0.624990455717085, 0.009961371698700372, 0.6862321445759632, 0.037842380851497034]], "inverted": true, "swapped": false, "error_lsq": 0.038932849494994884, "error_max": 0.21095892041336103, "target": "598.xyz", "model": "12.xyz", "model_rescale": 3.9764082729961374, "target_rescale": 4.1181192822351615},
{"mapping": [2, 5, 0, 10, 7, 1, 9, 3, 8, 13, 14, 4, 11, 15], "R": [[0.7803177775824538, 0.5337190342970475, -0.32595729538976], [-0.5457483116965651, 0.8356650624585568, 0.061827855101769524], [0.30538982672828024, 0.1296452691584373, 0.9433605662288983]], "T": [0.06328733787908655, -0.1524142700693722, 0.04078528103790262], "aligned_model": [[-0.40830848001401054, 0.7688026068813847, 0.24272161331420403, -0.6575034699668011, 0.09309939634083, -0.42396516953559504, 0.1781621405703, -0.16078197601507013, -0.562271811905587, 0.13206601735284096, 0.1829641346999442, 0.6356796951864332, -0.4106401380753383, 0.10742182378595191], [-0.005717570149640139, -0.5224395582577759, -0.11232972647497379, -0.39892514641887716, 0.41689600547826106, -0.47976481623607914, -0.5794393355239332, 0.6394364154843368, 0.17627378197649707, -0.3680830198799416, 0.25461905735239826, 0.18498339772577604, 0.1095014649966301, -0.054321201024788934], [-0.5855828029865952, -0.22027677507217602, -0.6615711125872743, 0.29737814556171804, -0.4552295879419917, -0.2015970454701575, -0.36658739808749574, 0.21744563786063248, 0.02367530700177166, 0.6093246638355163, 0.718139969694983, -0.23196648310260953, 0.6215929893284471, 0.04509477430524089]], "inverted": false, "swapped": false, "error_lsq": 0.0492755793170269, "error_max": 0.30751219002838176, "target": "598.xyz", "model": "13.xyz", "model_rescale": 4.170626492500431, "target_rescale": 4.1181192822351615},
{"mapping": [8, 9, 7, 5, 0, 12, 10, 2, 4, 11, 3, 1, 6, 13], "R": [[0.16264975543126448, 0.9472738482832989, -0.2760748330013081], [0.04080871523301477, 0.27310286584644117, 0.9611188653998484], [0.985839594365727, -0.16759200764061222, 0.005763085615225871]], "T": [-0.01770742340884658, 0.02259832737519185, -0.028474709419390516], "aligned_model": [[-0.3293473221154185, 0.634666230335544, 0.3328372914404112, -0.5969413227596351, 0.17851481199702462, -0.4986109154498444, 0.10535522523914066, -0.19220206378584148, -0.6761521210210014, 0.09865301973203498, 0.33995265495614924, 0.7175549091576405, -0.3541793315440904, -0.04265468356262676], [-0.12303979918871025, -0.4501999395959976, 0.004084562264483921, -0.48268345396936796, 0.491143862695656, -0.5070284370625239, -0.45445033693908565, 0.631079541766528, 0.2083599780501132, -0.46854823953089236, 0.21060930492076202, 0.206531326101085, 0.029800518585781033, -0.03496913904994199], [-0.6866740731611356, 0.05624160018574193, -0.7593683037828153, 0.4577333115349911, -0.34123711475523827, -0.18317908207958164, -0.30344463751796485, 0.15106469976113562, -0.21557446868697272, 0.46639390771001565, 0.5302781385341458, -0.15642948339807206, 0.7423845841664632, 0.05165120382929645]], "inverted": true, "swapped": false, "error_lsq": 0.05055191524053524, "error_max": 0.40169461730154155, "target": "598.xyz", "model": "14.xyz", "model_rescale": 3.9786697098870705, "target_rescale": 4.1181192822351615},
{"mapping": [4, 7, 0, 2, 8, 5, 10, 9, 6, 11, 12, 13], "R": [[-0.10301636191498781, 0.6939480304277511, 0.7126175413524746], [0.8541844520871439, 0.42880954325156423, -0.29409402821031755], [-0.5096631740575205, 0.5784103272607002, -0.636934017248085]], "T": [0.043948651164371313, -0.0004922457282910304, 0.014247152311992934], "aligned_model": [[0.07423369397461062, -0.5126276604900887, 0.6079945587000225, 0.5342921838175246, -0.024531927828982072, 0.47054519717437066, -0.619297935435784, -0.07583233769877805, 0.6313794747953989, -0.03425545476262924, -0.6491888981920264, 0.08064370271369771], [-0.28724756459240713, -0.18768480156689293, 0.09275623941121698, -0.6460833409958562, 0.29874865902223396, 0.6083417507578834, -0.132880619422692, 0.17821048170702156, 0.1453282048611725, -0.5689300723373172, 0.47565647337394, 0.03845908000613625], [-0.5178514719532058, -0.22078872875332842, -0.47645965580798894, -0.266535072811267, -0.4721983971174169, -0.11938375371386893, 0.4133352307223113, 0.66530522414577, 0.242936891049438, 0.18218283870437232, 0.14637570207159448, 0.08304768733741992]], "inverted": true, "swapped": true, "error_lsq": 0.052026986955094744, "error_max": 0.26534916257350133, "target": "598.xyz", "model": "15.xyz", "model_rescale": 3.769337070930944, "target_rescale": 4.1181192822351615},
{"mapping": [9, 10, 6, 1, 3, 12, 5, 7, 0, 2, 13], "R": [[0.9876051101956627, -0.1531675057326797, -0.0342908370128683], [0.1414719957835491, 0.7740294006543635, 0.6171419296496282], [-0.06798397402647952, -0.6143437165872837, 0.7861043042531255]], "T": [-0.01479709057770538, -0.03467914098921921, 0.09615350904057816], "aligned_model": [[-0.21730128783014296, -0.19245665510589285, -0.16682370211676265, -0.676335861636377, 0.4882605063247285, 0.44621366681579844, 0.4419788907999489, 0.10107352163337949, 0.20731266378462693, -0.47743879988466703, -0.031856812093469064], [-0.1128532295023198, -0.7158387893537724, 0.566192352742554, 0.46502654458356185, 0.22305080587322806, -0.5748694374678336, 0.5433408388265697, -0.6169694015839869, 0.5419989892085223, 0.266988035924752, 0.009997788374067174], [-0.5542614546295858, -0.2519163446195444, -0.08953152097057497, 0.1088330222205569, -0.6425925157719349, -0.3731851148227023, -0.0704876418211378, 0.31426394594520773, 0.5271359083245524, 0.7526768242632784, 0.023282499105661714]], "inverted": true, "swapped": true, "error_lsq": 0.050174393326148155, "error_max": 0.23298180658312187, "target": "598.xyz", "model": "16.xyz", "model_rescale": 3.7852294659196426, "target_rescale": 4.1181192822351615},
{"mapping": [6, 4, 8, 0, 1, 11, 10, 7, 5, 3, 9, 12, 13], "R": [[-0.9556716768753635, -0.19318785486306622, 0.2221938314887198], [0.2561907960127865, -0.1736694526998821, 0.9508970487057251], [-0.1451134799271439, 0.9656693916306607, 0.21546392740109455]], "T": [-0.08723404706469357, 0.03210531518165056, 0.052608297747224635], "aligned_model": [[-0.07215175087040732, -0.24312036656503389, 0.3235240536643752, 0.04821142640146117, -0.6278595200321688, -0.6651626996664988, -0.2268346182071247, -0.14452291685861668, 0.4788792550893393, 0.6792641561930199, -0.05239505069683907, 0.4261885603892733, -0.07025467862449647], [-0.0685852917588676, -0.46795988917261794, -0.2980667743533218, -0.6651930628478344, -0.05928343257394427, 0.13721428112795056, 0.7001001595690107, 0.10551398625531885, -0.22373387743515, 0.4000721146325481, 0.6645802684687012, 0.5749326062733855, 0.0754645355176955], [-0.5863529678872427, 0.3557732519331551, 0.28310375391158454, -0.1985206194224396, -0.5693822830692534, 0.16392054975694612, 0.44118078630509894, 0.6782194081451741, -0.3770225950383398, -0.3246426789139647, -0.20991873092295354, 0.4604697655193613, -0.021072943173952356]], "inverted": false, "swapped": true, "error_lsq": 0.04862653904547861, "error_max": 0.294929778595066, "target": "598.xyz", "model": "17.xyz", "model_rescale": 3.901054581598922, "target_rescale": 4.1181192822351615},
{"mapping": [2, 0, 3, 4, 13, 8, 1, 9, 5, 6, 11, 12, 10, 14], "R": [[0.9015305063570714, 0.23905790041268646, -0.3606855505254415], [0.03201375795542598, 0.794407168296361, 0.6065413178514129], [0.4315296807974327, -0.5583624013216105, 0.7085291549267615]], "T": [-0.023935351722214115, -0.09461499010811278, 0.005193878428427194], "aligned_model": [[-0.22400865351992538, 0.32353916160532015, 0.4649918962103337, -0.5269992096970288, 0.001022428889672418, -0.5644519876836294, 0.13570793357908442, -0.17052588775138858, -0.49160312413810486, 0.33037619825941167, 0.3287865913606297, 0.5861322410724334, -0.47885587615525366, 0.003334670587932395], [-0.05548719303451652, -0.5503616095220133, 0.05003854771768493, -0.5605169430541566, 0.48743575667175365, -0.40090863053284476, -0.769804948742149, 0.5287422546949256, 0.2510987030122005, -0.3813192134116119, 0.25932425401816617, 0.3293832418861956, 0.1221709079352497, -0.04910537859099488], [-0.7961660852533365, -0.4918584326818622, -0.5635164078653591, 0.3994477242566775, -0.42850675064709925, -0.2281389830038897, 0.07090605883520382, 0.16052121482655796, -0.2225229282159064, 0.6018426521300883, 0.6273234720516991, 0.009452465595064732, 0.6521134553373055, 0.018942826974865618]], "inverted": false, "swapped": false, "error_lsq": 0.04503934815425949, "error_max": 0.35427963572573534, "target": "598.xyz", "model": "18.xyz", "model_rescale": 3.9405287249114394, "target_rescale": 4.1181192822351615},
{"mapping": [13, 4, 7, 3, 9, 14, 12, 5, 11, 1, 6, 8, 2, 15], "R": [[-0.7925233217784202, 0.04871706587155253, -0.6078926154594788], [0.49231886289260496, 0.6393792032014174, -0.590606782685107], [0.35990126656825105, -0.7673466504822887, -0.5307072604705736]], "T": [0.001702779410534972, -0.1496065185620607, -0.04583107888115687], "aligned_model": [[-0.2714201841759637, 0.6003054612515624, 0.4161124744221906, -0.4406653389370139, -0.006686601819182191, -0.6781436390937758, -0.014169839137840212, -0.0007103201386163376, -0.5507253035764889, 0.1250395736509622, 0.30509007762830526, 0.5555925712373551, -0.3003832686105361, -0.021789280081471404], [-0.1835404183946419, -0.47403847828447027, 0.1184871173395518, -0.7064903957909676, 0.4834696956176104, -0.4567331006902439, -0.6930148328290322, 0.644248662052697, 0.25286092911577457, -0.40286264166213365, 0.19022147078411872, 0.3453596879930275, 0.2750617510673808, -0.13233969727078168], [-0.6586786803089895, -0.3124464599443748, -0.5478429871171498, 0.422804589870288, -0.47959826560584795, -0.25372786065833475, -0.11361401312967431, 0.20125346519342452, -0.2739897267268765, 0.5509677107274128, 0.5464159477295935, 0.09730070799536056, 0.6496731722733516, -0.01867731795817408]], "inverted": false, "swapped": false, "error_lsq": 0.03475986706266799, "error_max": 0.1939527186663364, "target": "598.xyz", "model": "19.xyz", "model_rescale": 4.410303926677745, "target_rescale": 4.1181192822351615},
{"mapping": [4, 7, 2, 9, 0, 11, 12, 3, 6, 8, 5, 1, 10, 13], "R": [[-0.5416830278691391, 0.7188765016239685, 0.4356559109336241], [0.7673024895196808, 0.2112252872224482, 0.6055004274273423], [0.34325848408367354, 0.6622691699382348, -0.6660128824984544]], "T": [-0.011465962756524025, -0.0016929071319496947, -0.05973702769282474], "aligned_model": [[-0.34365565883386695, 0.5456294089696944, 0.2708721953218175, -0.23325026733184653, 0.21329174778894558, -0.7520575414432502, -0.03172314859473901, -0.18277552121558, -0.4769425641186198, 0.3033626460620794, 0.12247423444948695, 0.7260872065908072, -0.4426217798439034, -0.001244575181537812], [-0.18664073720854235, -0.4307750843253266, 0.007851892129761284, -0.5272829588007258, 0.6030337588390742, -0.36764511443007786, -0.7448534713803063, 0.6905950573109686, 0.24691926233471487, -0.3831704052537629, 0.2546862023293017, 0.12971483613461623, 0.0007678861166550144, -0.03251137474846041], [-0.6517992718731511, -0.17103121881676012, -0.6587385210583047, 0.3255207387694075, -0.37110337708959534, -0.12855868159339973, -0.1938152118114556, 0.07199415756886982, -0.3006298377889536, 0.5288336536219562, 0.7247376365077797, -0.016525703162210276, 0.6397146281744938, 0.011241290891332953]], "inverted": true, "swapped": false, "error_lsq": 0.05550832172339853, "error_max": 0.37140439332095, "target": "598.xyz", "model": "20.xyz", "model_rescale": 4.121658175737393, "target_rescale": 4.1181192822351615},
{"mapping": [1, 2, 0, 6, 5, 11, 4, 9, 7, 12, 8, 3, 13], "R": [[-0.3296690706840154, -0.9430593463686783, -0.0442422090431675], [-0.7751516427943579, 0.29712918493637097, -0.5575429832149771], [0.53894177283594, -0.14951025612221244, -0.8289683038613266]], "T": [-0.023064071043225123, -0.08118502210009085, -0.01731330646137509], "aligned_model": [[0.2526338601016064, -0.2358998685977048, 0.23605658782433514, 0.5379511735338887, 0.6181360245456066, -0.39794444428113446, -0.3821478302867127, 0.24650072209996732, -0.5940212932329915, -0.10840249574002454, -0.036234022151298534, 0.693349558410354, 0.051104932438403236], [-0.4860640787720347, -0.007077228941650887, 0.4686017280443058, -0.17262306095286273, 0.31521555855747185, -0.4554743042261489, 0.30649284217668527, -0.628566720750143, 0.004199301988397214, -0.10361108454245802, 0.47066155910046403, -0.04482913711261896, -0.12609847040622402], [0.6516887025736939, 0.8104984224487992, 0.42791388367590083, 0.29177980793715463, -0.06474414517946493, 0.25983661454615514, 0.27771121803982396, -0.3301501029965977, -0.2757266897713738, -0.8639712324773448, -0.1790411165001201, -0.6094848370563448, -0.026200785758492263]], "inverted": false, "swapped": true, "error_lsq": 0.04795999549133268, "error_max": 0.3085821627312767, "target": "598.xyz", "model": "21.xyz", "model_rescale": 4.08911054899281, "target_rescale": 4.1181192822351615},
{"mapping": [12, 5, 10, 15, 7, 14, 9, 0, 13, 11, 1, 6, 2, 16], "R": [[-0.6057754253049149, 0.5563556119867904, -0.5687746189022975], [0.025800844508296006, -0.7007559062882379, -0.7129344122882618], [-0.7952172347977051, -0.44655301232099476, 0.4101462625304993]], "T": [-0.04813942658566428, -0.03519335847350241, 0.04055574475249718], "aligned_model": [[-0.3420429731700417, 0.48311985481247166, 0.38018482835665746, -0.3282531046827144, 0.06783815719042097, -0.5419238258784593, 0.011750187131663883, 0.03697822107281454, -0.46436927345428525, 0.31560310218652143, 0.12747523571700287, 0.5419002548019927, -0.5063866926899766, -0.06442758877458121], [-0.15394211118528114, -0.453811369079462, -0.1143008391495362, -0.522787022805504, 0.4191709251972214, -0.4099999647606275, -0.6176626840129449, 0.7209616069178162, 0.3160085546526204, -0.5124951414821992, 0.12144392812106097, 0.405108454001071, 0.054049402097852306, 0.008946010535801872], [-0.6261442965468915, -0.16007224699544575, -0.6387201552646702, 0.5045554901623487, -0.4941390147087162, -0.12533446244987295, -0.3652648197054104, 0.1856903462450948, -0.3337968922363636, 0.5157056273764773, 0.7985944192926899, -0.07585566736387034, 0.5912816313483427, 0.03334032318629668]], "inverted": false, "swapped": false, "error_lsq": 0.04993430541166327, "error_max": 0.2689301596706549, "target": "598.xyz", "model": "22.xyz", "model_rescale": 4.204369325754507, "target_rescale": 4.1181192822351615},
{"mapping": [13, 4, 7, 3, 9, 14, 12, 5, 11, 1, 6, 8, 2, 15], "R": [[-0.7925233217784202, 0.04871706587155253, -0.6078926154594788], [0.49231886289260496, 0.6393792032014174, -0.590606782685107], [0.35990126656825105, -0.7673466504822887, -0.5307072604705736]], "T": [0.001702779410534972, -0.1496065185620607, -0.04583107888115687], "aligned_model": [[-0.2714201841759637, 0.6003054612515624, 0.4161124744221906, -0.4406653389370139, -0.006686601819182191, -0.6781436390937758, -0.014169839137840212, -0.0007103201386163376, -0.5507253035764889, 0.1250395736509622, 0.30509007762830526, 0.5555925712373551, -0.3003832686105361, -0.021789280081471404], [-0.1835404183946419, -0.47403847828447027, 0.1184871173395518, -0.7064903957909676, 0.4834696956176104, -0.4567331006902439, -0.6930148328290322, 0.644248662052697, 0.25286092911577457, -0.40286264166213365, 0.19022147078411872, 0.3453596879930275, 0.2750617510673808, -0.13233969727078168], [-0.6586786803089895, -0.3124464599443748, -0.5478429871171498, 0.422804589870288, -0.47959826560584795, -0.25372786065833475, -0.11361401312967431, 0.20125346519342452, -0.2739897267268765, 0.5509677107274128, 0.5464159477295935, 0.09730070799536056, 0.6496731722733516, -0.01867731795817408]], "inverted": false, "swapped": false, "error_lsq": 0.03475986706266799, "error_max": 0.1939527186663364, "target": "598.xyz", "model": "23.xyz", "model_rescale": 4.410303926677745, "target_rescale": 4.1181192822351615},
{"mapping": [1, 2, 3, 13, 10, 7, 0, 9, 11, 6, 15, 4, 14, 16], "R": [[-0.7686989549068891, -0.6363290176302726, 0.06470933508195204], [0.5293439508570658, -0.5761256346260424, 0.6227954999980109], [-0.35902214195796994, 0.5129957450587986, 0.7797040894695111]], "T": [-0.033741815971744735, -0.03855888584244971, 0.06166711982497955], "aligned_model": [[-0.34428588346734834, 0.6861850100331732, 0.40377991259393464, -0.4417789675451276, 0.027912411292206653, -0.48757881113711987, 0.16830018362694732, -0.10111354340347915, -0.5804030957585542, 0.0016611918651884688, 0.19202492420494893, 0.6034170175622947, -0.4156829038957577, 0.005008936648179717], [-0.08964172464041725, -0.41217975598163537, -0.09260947985981133, -0.45638496052539723, 0.48900511016500525, -0.45251198712643803, -0.6585707935118899, 0.5569426100857595, 0.25928033279551865, -0.3627666637138207, 0.2601372974953108, 0.12085872938480866, 0.15467937191010583, -0.05554833742920935], [-0.7366362531441969, -0.3566709752288917, -0.7224911900546845, 0.45296454900137606, -0.3147089323525547, -0.1925094102460108, -0.31931854372737956, 0.24403762818231564, -0.0531141139797445, 0.7483504773949756, 0.6692230101957284, -0.1444857792473984, 0.5860047697327596, -0.05080495418628525]], "inverted": false, "swapped": false, "error_lsq": 0.04003811897317748, "error_max": 0.25623554189865144, "target": "598.xyz", "model": "24.xyz", "model_rescale": 4.28219845311461, "target_rescale": 4.1181192822351615},
{"mapping": [6, 14, 10, 4, 8, 0, 2, 5, 1, 7, 9, 11, 3, 15], "R": [[0.19484458591957976, 0.15910528790605186, 0.9678435280034474], [-0.6625958541712863, -0.7062033799609804, 0.2494865129956143], [0.7231889942282386, -0.6899002054587458, -0.03217740100022598]], "T": [0.07391708472148051, -0.11908219685818261, 0.07945863896845967], "aligned_model": [[-0.165099063357174, 0.570531706683857, 0.38512743043662323, -0.4834022429390775, -0.10927066372879357, -0.5801418442324048, 0.03362855299806472, 0.02725517720000506, -0.45914516511273495, 0.05710210946799879, 0.3352097759885138, 0.5228081669774414, -0.43160792924912594, 0.014450371486293835], [-0.2218085932141335, -0.37442374780745097, 0.18320403846037675, -0.4958143838994577, 0.35084359309346336, -0.43960546307442083, -0.7343057766827152, 0.7310903698405768, 0.23434021798142668, -0.36168320104349616, 0.2130545943599692, 0.1688594016880567, 0.15922691148854423, -0.15228821214284954], [-0.7833945950235006, -0.43853676111402845, -0.5849779430201241, 0.366018579101049, -0.3975718188482971, -0.2880001006276713, -0.21829428784734445, 0.061853124677696256, 0.050916856660853285, 0.8186528050207407, 0.6069858565493256, -0.030375341867632216, 0.5962118153700107, 0.05035209330893203]], "inverted": false, "swapped": false, "error_lsq": 0.042655069731635346, "error_max": 0.2879221063157274, "target": "598.xyz", "model": "25.xyz", "model_rescale": 4.100010024507729, "target_rescale": 4.1181192822351615},
{"mapping": [5, 0, 1, 2, 3, 9, 6, 11, 4, 7, 8, 13], "R": [[0.9504899463851948, 0.2826505329880104, -0.12914154258898855], [0.11980952737136663, 0.050132597439533, 0.9915303322768375], [0.28673077785916123, -0.9579119995467015, 0.013786303083893841]], "T": [0.010927139388678321, 0.19371910814578594, -0.1293933364529235], "aligned_model": [[-0.6148383628050176, -0.20024689499052148, 0.4738233167777617, 0.5677862943541641, -0.7632602166492309, -0.006465092286026049, -0.0797326282888943, 0.6034928538389415, 0.16219570975035644, 0.14005634849232643, -0.39534242075518256, -0.010703305075670584], [-0.10381835966792743, -0.5274780848282662, -0.09860405693146815, -0.4583924198425925, 0.5301270920972461, 0.7430684196653093, -0.05831163598526459, 0.26681032184370423, -0.22957060941336502, 0.41210384073381073, -0.02896155017154517, 0.21915843255099773], [0.17128865319985936, -0.0753898793951562, 0.4933219949625257, -0.10252817603082552, 0.2613763739546353, 0.2805720367143332, 0.45958788863251165, -0.1604318320048783, -0.534632003523607, -0.7087842795760844, -0.4703073289007723, -0.04888115817818485]], "inverted": false, "swapped": true, "error_lsq": 0.05884466993297036, "error_max": 0.29119959849706684, "target": "598.xyz", "model": "26.xyz", "model_rescale": 3.6694154284099745, "target_rescale": 4.1181192822351615},
{"mapping": [10, 0, 4, 12, 8, 11, 2, 7, 9, 6, 1, 5, 3, 13], "R": [[-0.692942477141049, -0.14332499695221212, -0.7066036149230172], [0.2679419209521551, 0.8586615680548345, -0.43692955787184073], [0.6693562955333253, -0.49209578010206667, -0.5566002989898969]], "T": [-0.02040667939073935, 0.0023244867253894644, -0.05915040611621518], "aligned_model": [[-0.25141072791128466, 0.5964656300343815, 0.3799786803578092, -0.5501910388451954, -0.03565724417729692, -0.5998015137105827, 0.0870112663550578, -0.05837736091689903, -0.6641820483600549, 0.048834058749383014, 0.5677606740982949, 0.6357764024171275, -0.4293669228393373, -0.00939347263191586], [-0.10747592673577386, -0.23257774841349949, -0.1291779655018169, -0.4560574548316459, 0.4626476285981263, -0.5995097865709064, -0.6643406351360703, 0.5429136004414749, 0.22166342122191138, -0.37763826075641505, 0.00025446256838643905, 0.4288740782168587, 0.22446274038185923, -0.053348404434599365], [-0.6036425719583987, -0.09411949138325763, -0.7647914188459056, 0.31360600427706536, -0.5021258205131686, -0.25478425465626925, -0.13756371129129957, 0.260927962716388, -0.10718416083833722, 0.5083215865955671, 0.5994097908175535, 0.056856959463481085, 0.6013322476109363, -0.06640283965434515]], "inverted": false, "swapped": false, "error_lsq": 0.05506335888316707, "error_max": 0.43787593691713156, "target": "598.xyz", "model": "27.xyz", "model_rescale": 4.103607728864725, "target_rescale": 4.1181192822351615},
