[{"mapping": [7, 5, 9, 6, 1, 10, 8, 2, 0, 4, 11], "R": [[-0.8320777326314835, -0.018391308997418712, -0.5543540444627522], [0.08568274729666259, 0.9831908775132302, -0.16122706097445602], [0.5480010161254683, -0.18165202483904816, -0.8165154182238865]], "T": [0.054050527881826196, 0.0650348955806131, -0.06699803041072759], "aligned_model": [[-0.06661341019466414, 0.5756041955307627, -0.32607678639241666, -0.5876433190170706, -0.09137274067935473, 0.31541448804568784, -0.4523235480667769, 0.0094263160284382, 0.5276506177337978, 0.5219753009978642, 0.10696126906160103], [-0.643146454002598, -0.5362108686561224, 0.3698889309192396, -0.22207417545960967, -0.5768359554069789, 0.12410055868054488, 0.27738671478379484, -0.11821620868605867, -0.187400439524341, 0.5711515385935653, 0.02238473527879936], [-0.6838632507112299, -0.3018844610090817, -0.4302110072003402, -0.24292948192941488, 0.19517451417089388, -0.6914669837902319, 0.25174244517953626, 0.7160587734598041, 0.24085055328612065, 0.35400175238392034, -0.05238046624501191]], "inverted": false, "swapped": false, "error_lsq": 0.05568545028316563, "error_max": 0.31108514487455946, "target": "599.xyz", "model": "0.xyz", "model_rescale": 3.751011558992144, "target_rescale": 3.7408171396879912},
{"mapping": [3, 7, 5, 2, 0, 9, 8, 1, 6, 4, 14], "R": [[0.7875213478965903, -0.3216950799390941, 0.5256637729101347], [-0.6112513142327044, -0.29889918102290286, 0.7328240651292983], [-0.07862542499681298, -0.8984272675775253, -0.4320260263193095]], "T": [0.13533599071809, -0.012507744898425432, -0.15004148404801954], "aligned_model": [[-0.14227617812256366, 0.46368565363958325, -0.24457136510099198, -0.6646687998469699, -0.19422427914141027, 0.26402696186387065, -0.3395838340586375, 0.20499400856765781, 0.7992488147053729, 0.22265190654975464, 0.16371949399220226], [-0.6591808049941958, -0.568323535772732, 0.3708722344167876, -0.16619331393713405, -0.6160291576134682, 0.2999580998638004, 0.31087212378523754, -0.25291076409501023, -0.12847909007299851, 0.5127957190634675, -0.022353134123518272], [-0.4469443748570105, 0.0013927567014066222, -0.46432835849625465, -0.29185538650582304, 0.170358970733271, -0.71572103214648, 0.1820652348000824, 0.5003735360324457, 0.1808605475470917, 0.4347714531395245, -0.19588095935328861]], "inverted": false, "swapped": false, "error_lsq": 0.04508371772735548, "error_max": 0.21047637072185635, "target": "599.xyz", "model": "1.xyz", "model_rescale": 3.9405287249114394, "target_rescale": 3.7408171396879912},
{"mapping": [8, 4, 5, 10, 3, 2, 11, 7, 1, 0, 12], "R": [[0.3009069197804505, 0.5892642475929565, -0.749815091963978], [-0.7867179303312214, 0.5977782135038991, 0.15406526394825837], [0.5390082779731692, 0.5435336732611827, 0.6434603502218338]], "T": [0.03674106991367624, -0.07390653415230805, -0.02363837226609449], "aligned_model": [[-0.18063161070007105, 0.3904704542631779, -0.06612159854425226, -0.703810849703804, -0.20150381999541558, 0.4138515756422296, -0.5476684821060236, 0.2286507967713696, 0.8189195777990306, 0.28612332783073063, 0.0947230117908967], [-0.582598647876621, -0.6662496633627073, 0.5475933431077943, -0.4414557191105799, -0.5325258159837347, 0.26860705121798, 0.3324016484599305, -0.4493821151628581, -0.006845128263855027, 0.676453440169327, -0.06497001667444001], [-0.566474647092351, -0.14894145206769072, -0.38589995507628, -0.19090334259684155, 0.22071261572765685, -0.4760118217827034, 0.00788027757263133, 0.6480003683961284, 0.08088857163245644, 0.25510593108037044, -0.08926415819841188]], "inverted": false, "swapped": false, "error_lsq": 0.05103081205341229, "error_max": 0.25905901522050506, "target": "599.xyz", "model": "2.xyz", "model_rescale": 3.932901565614263, "target_rescale": 3.7408171396879912},
{"mapping": [5, 7, 10, 2, 0, 12, 1, 3, 8, 11, 13], "R": [[-0.42856323180377304, 0.32774915924545117, 0.8419703349642464], [0.8843597637543512, 0.3430215658831707, 0.31661335030507787], [-0.18504422335823878, 0.8802935271561172, -0.4368545998942768]], "T": [0.07250529532265954, -0.1455244279639371, -0.043790112146268205], "aligned_model": [[0.1665403798747037, 0.4532824826562302, -0.08387200217778629, -0.7161216099798462, -0.35001719243684554, 0.21771404463198918, -0.5414626104782811, 0.17377909975971684, 0.7348668424740956, 0.40431903122273405, 0.07397391750115812], [-0.3968010692197536, -0.7474183302020128, 0.4971493468802783, -0.36978268390442304, -0.5031488625166343, 0.17700400429041635, 0.16277962819734842, -0.19783849048212937, -0.059501572847388995, 0.6251743045195606, -0.10658789819502561], [-0.7107362404708522, -0.09353959859687264, -0.3188573771109968, -0.19203211717124047, 0.33374113197981664, -0.7205615947540271, 0.23326699480653929, 0.4538968712870001, 0.26061746789184764, 0.2622030361165547, -0.1529061863828039]], "inverted": false, "swapped": false, "error_lsq": 0.05704735246065837, "error_max": 0.3035935884715537, "target": "599.xyz", "model": "3.xyz", "model_rescale": 3.9243930471874484, "target_rescale": 3.7408171396879912},
{"mapping": [1, 5, 8, 7, 0, 9, 4, 3, 6, 10, 12], "R": [[0.700519758715707, 0.35410495943225, -0.6195819117391761], [-0.3372940849977277, -0.6008214577350057, -0.7247387640734615], [-0.6288916980485855, 0.7166751381418692, -0.3014497943188874]], "T": [0.10983520852604411, 0.013935635934657159, -0.0826086354399615], "aligned_model": [[-0.12001567697712759, 0.48841157647377176, -0.19159857711395922, -0.6628641996535081, -0.061795062864114764, 0.2604064177039227, -0.37895305491493086, 0.07995450255547093, 0.6891768411028529, 0.29102748475118034, 0.13925213198431013], [-0.49796896073706487, -0.640323143681046, 0.4926188089340018, -0.1287346719585429, -0.7853162630699543, 0.21117347156933253, 0.1982744459114234, -0.13871839198650537, -0.15991655880040076, 0.6313077152670074, -0.10136807492801495], [-0.5245164927159487, -0.13002680392167582, -0.3588991739646156, -0.24229447312385227, 0.1520438847695061, -0.742997111215951, 0.19930004853196231, 0.5721869521557545, 0.31192298798932955, 0.2057466908783097, -0.08737412178785377]], "inverted": true, "swapped": false, "error_lsq": 0.04356519348539607, "error_max": 0.22655483707843863, "target": "599.xyz", "model": "4.xyz", "model_rescale": 3.8936222436046832, "target_rescale": 3.7408171396879912},
{"mapping": [10, 4, 8, 3, 2, 7, 9, 1, 5, 6, 11], "R": [[0.7619938125932819, -0.31198957892515566, -0.5674750498582809], [-0.4325105182881358, 0.4070110937981249, -0.8045350341006796], [0.4819751872655712, 0.8584896459290339, 0.17520116064957875]], "T": [-0.04597028850679792, -0.05155328033525785, -0.07979729995748205], "aligned_model": [[-0.03299888347556128, 0.47309379319006845, -0.46502848612215875, -0.5930505390067882, -0.18587608617706364, 0.36486522280030226, -0.3734267206686333, 0.09596006024081931, 0.7271038667498232, 0.42118464098987013, 0.10117551452719044], [-0.3998425275749613, -0.6511931717583715, 0.3270439057414149, -0.20892897524005355, -0.7736191372600449, 0.22442297483844453, 0.3952226797235916, -0.19484723058841463, -0.06586853508155766, 0.528825646213283, -0.1001872524930944], [-0.6070484188693159, -0.12015914596476963, -0.5561555937207103, -0.1586523726369821, 0.04750443202540089, -0.4978867839407415, 0.19442791837699605, 0.6963672361341082, 0.16376435753949195, 0.20222256028828425, -0.00929180163679677]], "inverted": true, "swapped": false, "error_lsq": 0.04772947584231613, "error_max": 0.25914151794711743, "target": "599.xyz", "model": "5.xyz", "model_rescale": 3.6523030999806103, "target_rescale": 3.7408171396879912},
{"mapping": [5, 1, 9, 7, 3, 8, 11, 2, 6, 10, 12], "R": [[0.6909155253205035, -0.5883244196626513, -0.42013106776302234], [0.1373294840926513, -0.46375561323681436, 0.8752550165467162], [-0.709772040636949, -0.6624236623339709, -0.23962166410846544]], "T": [0.07652248285772924, -0.10253528441119654, -0.055821078054073804], "aligned_model": [[0.011760365957189545, 0.46641961368508283, -0.12314602224517264, -0.5712298895147067, -0.34624391023144335, 0.39300302473163784, -0.6655924459381845, 0.3873830200390792, 0.6991332105677891, 0.2724683863725725, 0.009047029624024733], [-0.4694235279416319, -0.6724131401628046, 0.5218997336269081, -0.19339046295246598, -0.5880851991359242, 0.06654554670813086, 0.2898319784269078, -0.3398033950692358, 0.08164540161971882, 0.5615572326543262, -0.17733579125369336], [-0.6259986073907331, 0.018974128276207335, -0.36057716330647044, -0.2532552704202869, 0.20523554441155237, -0.6258691828923281, 0.20853165344713184, 0.5947795708060428, -0.023296953075213928, 0.303705518097481, -0.08713685035841787]], "inverted": true, "swapped": false, "error_lsq": 0.05108145883517559, "error_max": 0.2870074911941813, "target": "599.xyz", "model": "6.xyz", "model_rescale": 4.08911054899281, "target_rescale": 3.7408171396879912},
{"mapping": [1, 11, 2, 0, 9, 13, 6, 8, 10, 5, 14], "R": [[-0.047147775397019115, 0.6259843242509081, 0.7784090910743825], [0.3718102995944743, 0.7342771284399005, -0.5679737667934333], [-0.9271106667440406, 0.26264181777125284, -0.26736695227202717]], "T": [0.11105813586201177, 0.02652705346415883, 0.004722768841168852], "aligned_model": [[-0.1690362480380149, 0.5087410633276123, -0.36679912301545337, -0.8048232499420069, -0.12186886407259273, 0.3826425103707366, -0.32197921768243365, 0.15858106198920116, 0.7230006459829523, 0.4523114525872347, 0.09223235154063315], [-0.4009350718636108, -0.3732644597526147, 0.27515402843313796, -0.15060759420370856, -0.7163217662465023, 0.1339077686939712, 0.2734239153849491, -0.33398163336151915, -0.10142811651791094, 0.6119138726228691, -0.13683256666882493], [-0.5213659369616888, -0.15820696484605276, -0.5952577397981906, -0.1154470561448882, 0.0967985618800167, -0.6665490329433705, 0.030482358557712384, 0.581718463366283, 0.3630923229103243, 0.3531042771945975, -0.013276865619778026]], "inverted": false, "swapped": false, "error_lsq": 0.050376858217875416, "error_max": 0.2823641218122704, "target": "599.xyz", "model": "7.xyz", "model_rescale": 3.964800864290218, "target_rescale": 3.7408171396879912},
{"mapping": [2, 12, 6, 0, 1, 4, 3, 8, 9, 10, 13], "R": [[0.4517191249126513, 0.35105885681855176, 0.8201874854186697], [-0.8754433541545241, 0.35154982176402627, 0.3316800513813848], [-0.17189754464455065, -0.8678539058314673, 0.46613392096933015]], "T": [0.030689184121798257, -0.08400030824332462, -0.059526618500164746], "aligned_model": [[-0.1761838221247223, 0.6985661708009647, -0.06571513761547203, -0.6555271900771458, -0.3522101693065868, 0.22764341314563277, -0.5209690410945231, 0.35914577769903655, 0.6549486256636681, 0.29680856104589004, 0.06649519491112629], [-0.4991163850497411, -0.39980875271509114, 0.35072250014624584, -0.129857804173379, -0.6621358955980771, -0.03873832209128834, 0.3778900622146001, -0.3398085464337005, 0.011978934986563425, 0.4945506692243028, -0.0846480839901991], [-0.5322748917042753, -0.21726150479121065, -0.4313170296121248, -0.2599350773311816, 0.22729600778739797, -0.7335101340946056, 0.031540301574176866, 0.5867983715913943, 0.21423397271680542, 0.45969708733771186, 0.009825284120877131]], "inverted": false, "swapped": false, "error_lsq": 0.05222278707500148, "error_max": 0.2917531678474217, "target": "599.xyz", "model": "8.xyz", "model_rescale": 4.121658175737393, "target_rescale": 3.7408171396879912},
{"mapping": [9, 4, 8, 7, 5, 6, 11, 0, 1, 2, 12], "R": [[0.30674632989919054, 0.49647758679771414, 0.8120447616362633], [-0.8619025045246446, -0.21704048270554405, 0.45827666486642116], [0.4037706797026285, -0.8404780988666292, 0.36133890399182694]], "T": [-0.06386626302038209, -0.03695118592994, 0.03383066162095991], "aligned_model": [[-0.012056745568706034, 0.5440686470394298, -0.15293366499486363, -0.6109307798844532, -0.22643014150003893, 0.24157755251423976, -0.6030880957150015, 0.39018468385589633, 0.6241429306766558, 0.31444177951500407, 0.02402621710970612], [-0.5481639551010472, -0.6786005652277813, 0.5588149629588062, -0.15111396873502858, -0.6048863849727462, 0.08659365395114803, 0.27967235412491837, -0.31502151435166476, -0.011768488295335042, 0.5039102176253961, -0.038407935456429655], [-0.6212777993019473, -0.048807930428931244, -0.37566052445157117, -0.3441880994527253, 0.21477402673180387, -0.5757780638615264, 0.1434729143435741, 0.6129151746365192, 0.0645047034434296, 0.24992882902661465, 0.03520915690972466]], "inverted": true, "swapped": false, "error_lsq": 0.042749280573490936, "error_max": 0.19772294942756558, "target": "599.xyz", "model": "9.xyz", "model_rescale": 3.833441315466971, "target_rescale": 3.7408171396879912},
{"mapping": [7, 4, 8, 11, 12, 9, 10, 1, 5, 13, 14], "R": [[0.9842675784560473, 0.1576737382818036, 0.07972657183467868], [0.031949294789129196, 0.284966808503598, -0.9580047811017183], [-0.17377162185681005, 0.9454802537903766, 0.2754460258013152]], "T": [0.08134587148605443, -0.1684737305038723, -0.02002755006177267], "aligned_model": [[-0.10596600398441686, 0.7108976280238772, -0.28175966241038314, -0.5366454299737586, -0.3209471484932852, 0.19211213535904187, -0.535905257090607, 0.18841218012821362, 0.6787745042651842, 0.428425422404558, 0.11560401481944443], [-0.39984357687693195, -0.6517075079653705, 0.3910200029574489, -0.2412268743943747, -0.4963512669345045, 0.20561625686449334, 0.33770366187833667, -0.3980153124417911, -0.01857770592188754, 0.5027339628524414, -0.15032326349762423], [-0.6160948552202232, -0.09788820925929059, -0.42336425288961493, -0.29954644462459995, 0.2860389533175663, -0.7311517604997736, 0.1762875925835541, 0.6738430435138627, 0.25933853953606556, 0.23433942721350445, -0.10670964607608538]], "inverted": true, "swapped": false, "error_lsq": 0.044886467505042243, "error_max": 0.21907071535124042, "target": "599.xyz", "model": "10.xyz", "model_rescale": 4.2482417240324, "target_rescale": 3.7408171396879912},
{"mapping": [7, 5, 8, 3, 2, 10, 1, 6, 4, 0, 11], "R": [[-0.6256443010311168, 0.77989577880823, -0.018214905555334004], [-0.687419851199769, -0.5621968913585254, -0.4597701638028485], [-0.368813173251408, -0.2751312951009297, 0.8878511213555527]], "T": [0.03746931634634336, -0.07871635934773955, -0.07157926263850906], "aligned_model": [[-0.04643953849254706, 0.4971325211719951, -0.2756792217655635, -0.6869685249916986, -0.41775876334164974, 0.32754444581587894, -0.43776893750266804, 0.29461108335584224, 0.8959221196093659, 0.23155571711825407, 0.15085148207065924], [-0.5211006949220758, -0.6727428442135477, 0.25687019000752964, -0.2550551616740412, -0.5141776458698402, 0.39040067739831374, 0.3341688607234867, -0.26842965912588035, -0.14768442397670378, 0.5775418202742305, -0.09876274210123603], [-0.5773575247390377, -0.06624599638668385, -0.47922799613956285, -0.3912135337724865, 0.3168768478666247, -0.4044275578607119, 0.24907779853975254, 0.49266280747811936, 0.08379696097192338, 0.2532209015371202, -0.12207031990009246]], "inverted": false, "swapped": false, "error_lsq": 0.053780728699945345, "error_max": 0.31436793761549064, "target": "599.xyz", "model": "11.xyz", "model_rescale": 3.6694154284099745, "target_rescale": 3.7408171396879912},
{"mapping": [12, 1, 7, 5, 0, 10, 6, 4, 3, 11, 13], "R": [[0.42078030806017797, 0.9034529977688737, -0.08195494598386041], [0.308921122054359, -0.05776224275063538, 0.9493320091838748], [0.8529429480905846, -0.42477782914701717, -0.30340092809299385]], "T": [0.0926201202044953, 0.012437397864722463, -0.12552742967321234], "aligned_model": [[-0.015820841175371927, 0.507552451412405, -0.3420956851799461, -0.6811009053593075, -0.2244641409824223, 0.22470165897334843, -0.32954941985923825, 0.29458910137101385, 0.8256704219944174, 0.19514681804877837, 0.07837292380419154], [-0.4273918395315453, -0.7171643538233963, 0.46239566498961243, -0.1322267918118873, -0.5373359649139078, 0.17922821836946456, 0.1457640951465219, -0.1740071990012581, -0.20405709934066518, 0.5773155336454953, -0.09149188720819845], [-0.6320442606797612, -0.016047118413332534, -0.5264327113351863, -0.28363764219090204, 0.20302193543358804, -0.7240790787564382, 0.2263982793734175, 0.561586529358572, 0.2707253789336309, 0.33861653167182143, -0.06301545580044454]], "inverted": false, "swapped": false, "error_lsq": 0.04407584086919669, "error_max": 0.2643691784890675, "target": "599.xyz", "model": "12.xyz", "model_rescale": 3.9764082729961374, "target_rescale": 3.7408171396879912},
{"mapping": [5, 0, 13, 6, 4, 12, 14, 7, 2, 8, 15], "R": [[-0.5606056371699183, -0.6711822917850319, -0.48501098004839294], [-0.3508830491542638, -0.3379872746714233, 0.8732958765369219], [-0.7500682671527418, 0.6597567228565211, -0.0460289176073812]], "T": [0.09937350515943202, 0.0263178185498551, -0.11727804826651897], "aligned_model": [[-0.05816364042723807, 0.4762667644080957, -0.2899670736027715, -0.6320585631949963, -0.16647985840828736, 0.24434502440847478, -0.577725286478797, 0.27318450887609713, 0.8065854315599288, 0.41681420979211936, 0.04020086611524273], [-0.6569335122800808, -0.5803245059811364, 0.3660176309674595, -0.1461843927478096, -0.5925852197374819, 0.25720660471861023, 0.3786161857905439, -0.3504960966679279, -0.05212305413739371, 0.46485106065090437, -0.007016324055451932], [-0.5768143063727149, 0.013276517807655958, -0.4451476829682641, -0.25478776493923416, 0.13201041929197221, -0.6942417923409724, 0.11985298381630308, 0.5142555669973409, 0.24321860158626504, 0.33722479139809136, -0.03375494668147816]], "inverted": false, "swapped": false, "error_lsq": 0.0402376043431018, "error_max": 0.20051721517515786, "target": "599.xyz", "model": "13.xyz", "model_rescale": 4.170626492500431, "target_rescale": 3.7408171396879912},
{"mapping": [6, 3, 4, 5, 11, 2, 12, 9, 1, 7, 13], "R": [[-0.04294502387503959, -0.8964054230972293, -0.44114968249591946], [0.9527006519179987, 0.0962267849799265, -0.2882739559645442], [0.30086075310580684, -0.43266352202872993, 0.8498735693891781]], "T": [0.12016604073107502, 0.054402697770328606, -0.06515484706312608], "aligned_model": [[-0.20329878902902593, 0.45001629165964113, -0.21907803441366608, -0.6952309694392583, -0.1758648254723683, 0.38113724689416323, -0.571827368605645, 0.27326266255686266, 0.7969141220284515, 0.4421695131363606, 0.054802533732353484], [-0.5447705312451246, -0.5370915289677883, 0.48061677308000184, -0.31201937023733617, -0.5435555590047773, 0.07474474068763912, 0.24134672131006368, -0.33632086002469574, -0.02819138562704855, 0.6097702140527824, -0.023500837503480615], [-0.5589677798317525, -0.19479664637076793, -0.5193774247495841, -0.23273292509988758, 0.1682360279522895, -0.668820647055206, 0.08284236467915901, 0.6278119373020474, 0.28981659086310113, 0.43013344121553415, -0.06905255130996822]], "inverted": false, "swapped": false, "error_lsq": 0.03807282035666102, "error_max": 0.1753685810387792, "target": "599.xyz", "model": "14.xyz", "model_rescale": 3.9786697098870705, "target_rescale": 3.7408171396879912},
{"mapping": [1, 0, 7, 6, 9, 4, 7, 3, 2, 5, 11], "R": [[0.4284866119527937, 0.2318974178716759, -0.8732827783494104], [0.2774828553532276, 0.8860258729932733, 0.37143157831763296], [0.8598851599848878, -0.4014744574327954, 0.31530266676133073]], "T": [0.043761446723989926, -0.06926741738347926, -0.1078418481215275], "aligned_model": [[-0.08982223892631985, 0.437933024830329, -0.4333879678203519, -0.6764749898280887, -0.23197381832173566, 0.5157705401693304, -0.4333879678203519, 0.30864968262269415, 0.842968927852527, 0.328988574417965, -0.03626138412812894], [-0.36486182785234955, -0.6411489972676273, 0.38734250235025464, -0.3646159232958685, -0.4602211790235195, 0.1465344357731721, 0.38734250235025464, -0.5029414667931464, -0.032332589169204076, 0.6556524044147567, -0.12972148496648703], [-0.7040393279216206, -0.1450683397788459, -0.13452185545738532, -0.2540759970813342, 0.2903283264507157, -0.43272906850763393, -0.13452185545738532, 0.6582588460784919, 0.22942753507237315, 0.08657092234740588, -0.1045367981498164]], "inverted": false, "swapped": false, "error_lsq": 0.06721339905058024, "error_max": 0.3420934309605348, "target": "599.xyz", "model": "15.xyz", "model_rescale": 3.769337070930944, "target_rescale": 3.7408171396879912},
{"mapping": [6, 8, 5, 4, 2, 7, 0, 3, 9, 1, 10], "R": [[0.24455898809095716, 0.1943000906823444, -0.9499675658172547], [0.18021879425038975, 0.9535380343953483, 0.24142577153318073], [0.9527392547506705, -0.23024485167379666, 0.1981797687324532]], "T": [0.07935275189551738, -0.03875437645410652, -0.08241421929795394], "aligned_model": [[-0.17622886915930447, 0.4550620611523354, -0.22379093967902025, -0.6604201488593581, -0.19262858635729252, 0.4665662157324995, -0.4093519231041707, 0.23649185583943302, 0.78180606614021, 0.20629083125471223, 0.049205820087824564], [-0.5177423855305366, -0.6740511104489916, 0.3737670310103006, -0.15878253759701938, -0.6355689228052365, 0.3409726913308976, 0.15058837094454375, -0.24612689259643417, -0.19809657613403714, 0.7219583253972002, -0.07588961705045066], [-0.5689894464103067, -0.21177528940727564, -0.5159818751032643, -0.2977321711246698, 0.2587080566258009, -0.5482570998896694, 0.29545768924094834, 0.559261228477008, 0.2943470945601651, 0.13283297731815558, -0.042778776691926826]], "inverted": true, "swapped": false, "error_lsq": 0.0485022854836994, "error_max": 0.26304926672366347, "target": "599.xyz", "model": "16.xyz", "model_rescale": 3.7852294659196426, "target_rescale": 3.7408171396879912},
{"mapping": [3, 8, 4, 1, 2, 0, 5, 11, 9, 10, 12], "R": [[0.6952462387131026, 0.4080450997329881, -0.591719413353305], [-0.6835973737759766, 0.6297518617498237, -0.3689271244964497], [0.22209749688339903, 0.6609930326459779, 0.7167711717637659]], "T": [-0.01944781323203762, -0.10002284741122963, 0.0020298432988694604], "aligned_model": [[-0.12451989633127142, 0.48786265807855855, -0.1968769081131808, -0.6558828673427309, -0.2679982245827014, 0.33176411495601577, -0.5248309048554501, 0.2567413603431128, 0.8354431082282611, 0.3381287006362629, 0.05317124203099237], [-0.5372286926180208, -0.5073390773402028, 0.4645878748167898, -0.2212146103025331, -0.6426579368689018, 0.07675786804650686, 0.3169370345030266, -0.37769170801451085, 0.012138474316671394, 0.5637575812449658, -0.06701843126355518], [-0.653947501914179, -0.028555868848115243, -0.38722628539328996, -0.23145919874269277, 0.135659457295726, -0.5557747065924004, 0.05626450136540265, 0.6221521043768159, 0.06402287375272891, 0.2862650531901327, 0.047691959104836285]], "inverted": false, "swapped": false, "error_lsq": 0.03593708803576704, "error_max": 0.19598348871333113, "target": "599.xyz", "model": "17.xyz", "model_rescale": 3.901054581598922, "target_rescale": 3.7408171396879912},
{"mapping": [3, 7, 5, 2, 0, 9, 8, 1, 6, 4, 14], "R": [[0.7875213478965903, -0.3216950799390941, 0.5256637729101347], [-0.6112513142327044, -0.29889918102290286, 0.7328240651292983], [-0.07862542499681298, -0.8984272675775253, -0.4320260263193095]], "T": [0.13533599071809, -0.012507744898425432, -0.15004148404801954], "aligned_model": [[-0.14227617812256366, 0.46368565363958325, -0.24457136510099198, -0.6646687998469699, -0.19422427914141027, 0.26402696186387065, -0.3395838340586375, 0.20499400856765781, 0.7992488147053729, 0.22265190654975464, 0.16371949399220226], [-0.6591808049941958, -0.568323535772732, 0.3708722344167876, -0.16619331393713405, -0.6160291576134682, 0.2999580998638004, 0.31087212378523754, -0.25291076409501023, -0.12847909007299851, 0.5127957190634675, -0.022353134123518272], [-0.4469443748570105, 0.0013927567014066222, -0.46432835849625465, -0.29185538650582304, 0.170358970733271, -0.71572103214648, 0.1820652348000824, 0.5003735360324457, 0.1808605475470917, 0.4347714531395245, -0.19588095935328861]], "inverted": false, "swapped": false, "error_lsq": 0.04508371772735548, "error_max": 0.21047637072185635, "target": "599.xyz", "model": "18.xyz", "model_rescale": 3.9405287249114394, "target_rescale": 3.7408171396879912},
{"mapping": [14, 13, 2, 3, 12, 11, 1, 4, 7, 8, 15], "R": [[-0.15335873897681007, 0.9861559989684974, -0.06306697137081979], [0.36978184200133696, -0.0019137899234191735, -0.9291166378524429], [-0.9163746430939375, -0.16580917678637147, -0.36436908538991747]], "T": [0.0851862546454282, -0.044072779519039665, -0.020217347979798718], "aligned_model": [[-0.0762344426770789, 0.48536972784167076, -0.26751726234302053, -0.7014274177107367, -0.18719517151145862, 0.3863054029499531, -0.5037429340397109, 0.2250417248810867, 0.7209254755865623, 0.3820866019265997, 0.06939067814400188], [-0.5833075366399683, -0.5276727098720272, 0.6202188078287809, -0.2763915865005348, -0.4873821560896184, -0.04371347746169342, 0.17923985699095968, -0.28549765418662043, -0.05098975921699879, 0.5573387703944772, -0.02081417872652032], [-0.5521084996873962, -0.25962106665422713, -0.4556966231421636, -0.24977234631137088, 0.1513175392552417, -0.6748472673435606, 0.17679356813668282, 0.6556668920739137, 0.2821290548272474, 0.3296776176183052, -0.048446481177707]], "inverted": false, "swapped": false, "error_lsq": 0.043127645352188694, "error_max": 0.21873827438052526, "target": "599.xyz", "model": "19.xyz", "model_rescale": 4.410303926677745, "target_rescale": 3.7408171396879912},
{"mapping": [2, 12, 6, 0, 1, 4, 3, 8, 9, 10, 13], "R": [[0.4517191249126513, 0.35105885681855176, 0.8201874854186697], [-0.8754433541545241, 0.35154982176402627, 0.3316800513813848], [-0.17189754464455065, -0.8678539058314673, 0.46613392096933015]], "T": [0.030689184121798257, -0.08400030824332462, -0.059526618500164746], "aligned_model": [[-0.1761838221247223, 0.6985661708009647, -0.06571513761547203, -0.6555271900771458, -0.3522101693065868, 0.22764341314563277, -0.5209690410945231, 0.35914577769903655, 0.6549486256636681, 0.29680856104589004, 0.06649519491112629], [-0.4991163850497411, -0.39980875271509114, 0.35072250014624584, -0.129857804173379, -0.6621358955980771, -0.03873832209128834, 0.3778900622146001, -0.3398085464337005, 0.011978934986563425, 0.4945506692243028, -0.0846480839901991], [-0.5322748917042753, -0.21726150479121065, -0.4313170296121248, -0.2599350773311816, 0.22729600778739797, -0.7335101340946056, 0.031540301574176866, 0.5867983715913943, 0.21423397271680542, 0.45969708733771186, 0.009825284120877131]], "inverted": false, "swapped": false, "error_lsq": 0.05222278707500148, "error_max": 0.2917531678474217, "target": "599.xyz", "model": "20.xyz", "model_rescale": 4.121658175737393, "target_rescale": 3.7408171396879912},
{"mapping": [5, 1, 9, 7, 3, 8, 11, 2, 6, 10, 12], "R": [[0.6909155253205035, -0.5883244196626513, -0.42013106776302234], [0.1373294840926513, -0.46375561323681436, 0.8752550165467162], [-0.709772040636949, -0.6624236623339709, -0.23962166410846544]], "T": [0.07652248285772924, -0.10253528441119654, -0.055821078054073804], "aligned_model": [[0.011760365957189545, 0.46641961368508283, -0.12314602224517264, -0.5712298895147067, -0.34624391023144335, 0.39300302473163784, -0.6655924459381845, 0.3873830200390792, 0.6991332105677891, 0.2724683863725725, 0.009047029624024733], [-0.4694235279416319, -0.6724131401628046, 0.5218997336269081, -0.19339046295246598, -0.5880851991359242, 0.06654554670813086, 0.2898319784269078, -0.3398033950692358, 0.08164540161971882, 0.5615572326543262, -0.17733579125369336], [-0.6259986073907331, 0.018974128276207335, -0.36057716330647044, -0.2532552704202869, 0.20523554441155237, -0.6258691828923281, 0.20853165344713184, 0.5947795708060428, -0.023296953075213928, 0.303705518097481, -0.08713685035841787]], "inverted": true, "swapped": false, "error_lsq": 0.05108145883517559, "error_max": 0.2870074911941813, "target": "599.xyz", "model": "21.xyz", "model_rescale": 4.08911054899281, "target_rescale": 3.7408171396879912},
{"mapping": [0, 13, 8, 1, 2, 6, 11, 14, 12, 9, 16], "R": [[0.8812416194341379, 0.2531604579893456, -0.39915284126224493], [-0.3135546594256047, 0.9450159722331453, -0.09288857721343388], [0.35369009560573117, 0.20701351341124508, 0.9121670469467427]], "T": [0.0934674363575964, -0.07266995041190426, -0.025874533522712788], "aligned_model": [[0.035693334759010584, 0.5741111336887925, -0.31733429218073367, -0.6563422790567954, -0.357245396259952, 0.16653806968588664, -0.49337949356397554, 0.2888912438503218, 0.778543030122306, 0.40456923566710307, 0.10895779633590445], [-0.49462834863647276, -0.525821909731256, 0.33063437743791124, -0.19208551610115737, -0.5948301890134546, 0.13935122189452048, 0.3950758851029325, -0.19078402238097408, -0.08630238295744383, 0.41075090234032785, -0.11033164143469748], [-0.6729391837173491, -0.04497699433456053, -0.41233226345912116, -0.25722641833747706, 0.18734004644472335, -0.7366992894155985, 0.12484887029567338, 0.5738597304767649, 0.2488163721238102, 0.3949194316826007, -0.05051791416450126]], "inverted": false, "swapped": false, "error_lsq": 0.04179919350295264, "error_max": 0.2577960253176165, "target": "599.xyz", "model": "22.xyz", "model_rescale": 4.204369325754507, "target_rescale": 3.7408171396879912},
{"mapping": [14, 13, 2, 3, 12, 11, 1, 4, 7, 8, 15], "R": [[-0.15335873897681007, 0.9861559989684974, -0.06306697137081979], [0.36978184200133696, -0.0019137899234191735, -0.9291166378524429], [-0.9163746430939375, -0.16580917678637147, -0.36436908538991747]], "T": [0.0851862546454282, -0.044072779519039665, -0.020217347979798718], "aligned_model": [[-0.0762344426770789, 0.48536972784167076, -0.26751726234302053, -0.7014274177107367, -0.18719517151145862, 0.3863054029499531, -0.5037429340397109, 0.2250417248810867, 0.7209254755865623, 0.3820866019265997, 0.06939067814400188], [-0.5833075366399683, -0.5276727098720272, 0.6202188078287809, -0.2763915865005348, -0.4873821560896184, -0.04371347746169342, 0.17923985699095968, -0.28549765418662043, -0.05098975921699879, 0.5573387703944772, -0.02081417872652032], [-0.5521084996873962, -0.25962106665422713, -0.4556966231421636, -0.24977234631137088, 0.1513175392552417, -0.6748472673435606, 0.17679356813668282, 0.6556668920739137, 0.2821290548272474, 0.3296776176183052, -0.048446481177707]], "inverted": false, "swapped": false, "error_lsq": 0.043127645352188694, "error_max": 0.21873827438052526, "target": "599.xyz", "model": "23.xyz", "model_rescale": 4.410303926677745, "target_rescale": 3.7408171396879912},
{"mapping": [1, 7, 10, 3, 0, 11, 4, 12, 13, 15, 16], "R": [[-0.29044156770024865, -0.8928466518672429, -0.3441926088707835], [-0.02866831697279415, 0.3676559146531876, -0.9295199062002253], [0.9564631845260795, -0.260103795954581, -0.13237897104996882]], "T": [0.14109066519730848, 0.08125211192029039, -0.018412570230023004], "aligned_model": [[-0.10922709242015452, 0.39257963723298295, -0.21765636836010135, -0.6753557768946865, -0.16062594448588066, 0.4465687523856007, -0.500542304333235, 0.25225572619939224, 0.7594822266846916, 0.30172316988421594, 0.04380035715504299], [-0.46419163386240814, -0.509480248107506, 0.3252674686632935, -0.25562525980286077, -0.5637848891377644, 0.1121950250552865, 0.2746659616366255, -0.39913604408447534, -0.1607173089083314, 0.7028759385622219, 0.018959366506154318], [-0.6317375167129141, -0.19080593565551585, -0.5037382524919021, -0.18923361182117393, 0.23314292224326943, -0.5719892686063771, 0.13901229483415217, 0.6164459837538084, 0.21230218849640592, 0.2931884686382739, -0.0514948850830617]], "inverted": true, "swapped": false, "error_lsq": 0.03820179011199733, "error_max": 0.23294893147370235, "target": "599.xyz", "model": "24.xyz", "model_rescale": 4.28219845311461, "target_rescale": 3.7408171396879912},
{"mapping": [0, 4, 8, 6, 2, 1, 10, 13, 7, 9, 15], "R": [[-0.6333073959159761, 0.7148151869660448, 0.2965821821364592], [0.46947303458037887, 0.659514836904359, -0.5870564280415533], [-0.615237199850607, -0.23254984064865655, -0.7532620789169391]], "T": [0.09447986138377426, 0.03113429690229501, 0.05401419555545021], "aligned_model": [[-0.08069847702069513, 0.5201519445408045, -0.307732521271432, -0.6693100009364316, -0.18727591859067413, 0.21887340321495885, -0.6267836207739883, 0.2440554219351887, 0.8065709301465411, 0.5325104377396415, 0.08264078406395566], [-0.5434544741054947, -0.49621344100221115, 0.3508284907130392, -0.23591551099854208, -0.5806311298014551, 0.15650934672160943, 0.3617509559810203, -0.2655825091754255, -0.12770689838502763, 0.4858873925623059, -0.024443845989582463], [-0.497995284455005, -0.2204966675692477, -0.4128550351841052, -0.34285679264856145, 0.17704576682432496, -0.5613594653044935, 0.040731391892104764, 0.5464598733857781, 0.3246464002507161, 0.29526618009413436, 0.006506020309319828]], "inverted": true, "swapped": false, "error_lsq": 0.04171536337404779, "error_max": 0.25558621530231534, "target": "599.xyz", "model": "25.xyz", "model_rescale": 4.100010024507729, "target_rescale": 3.7408171396879912},
{"mapping": [7, 5, 8, 3, 2, 10, 1, 6, 4, 0, 11], "R": [[-0.6256443010311168, 0.77989577880823, -0.018214905555334004], [-0.687419851199769, -0.5621968913585254, -0.4597701638028485], [-0.368813173251408, -0.2751312951009297, 0.8878511213555527]], "T": [0.03746931634634336, -0.07871635934773955, -0.07157926263850906], "aligned_model": [[-0.04643953849254706, 0.4971325211719951, -0.2756792217655635, -0.6869685249916986, -0.41775876334164974, 0.32754444581587894, -0.43776893750266804, 0.29461108335584224, 0.8959221196093659, 0.23155571711825407, 0.15085148207065924], [-0.5211006949220758, -0.6727428442135477, 0.25687019000752964, -0.2550551616740412, -0.5141776458698402, 0.39040067739831374, 0.3341688607234867, -0.26842965912588035, -0.14768442397670378, 0.5775418202742305, -0.09876274210123603], [-0.5773575247390377, -0.06624599638668385, -0.47922799613956285, -0.3912135337724865, 0.3168768478666247, -0.4044275578607119, 0.24907779853975254, 0.49266280747811936, 0.08379696097192338, 0.2532209015371202, -0.12207031990009246]], "inverted": false, "swapped": false, "error_lsq": 0.053780728699945345, "error_max": 0.31436793761549064, "target": "599.xyz", "model": "26.xyz", "model_rescale": 3.6694154284099745, "target_rescale": 3.7408171396879912},
{"mapping": [10, 4, 12, 9, 8, 2, 3, 5, 0, 1, 13], "R": [[0.8486868925184822, 0.4463240811408007, 0.28376992980430904], [-0.5220327755886759, 0.7930480797753153, 0.3139371344327855], [-0.08492549486759426, -0.41457153515226475, 0.906045309332259]], "T": [-0.009834692257045051, -0.08988224278914841, -0.05974936308421651], "aligned_model": [[-0.04962584425600603, 0.5299391329061609, -0.3094495761326699, -0.6562922501133369, -0.16247055718459458, 0.4211185611690321, -0.5924250252698163, 0.3199294651149046, 0.6370714369497086, 0.36717726381247606, 0.028029776052010402], [-0.5373630678209147, -0.6925262381020456, 0.4500262864082833, -0.2055034529909291, -0.680479486980796, 0.10487324690824845, 0.43508380151590126, -0.17331569574329633, -0.04316803123395578, 0.497716843990789, -0.0743158294310485], [-0.45983472315644164, -0.20464588709675413, -0.5582095067441799, -0.24301937457629763, 0.13065646750166549, -0.5480927246624091, 0.13475096221196275, 0.6545845638449657, 0.06777940059932795, 0.480839160556238, -0.09971595088311239]], "inverted": true, "swapped": false, "error_lsq": 0.0410232187876519, "error_max": 0.2224757165477229, "target": "599.xyz", "model": "27.xyz", "model_rescale": 4.103607728864725, "target_rescale": 3.7408171396879912},
{"mapping": [2, 3, 8, 1, 0, 13, 7, 9, 10, 11, 14], "R": [[-0.1496031158474872, -0.9276305134315562, 0.34222878061237216], [0.4389801524082185, 0.24782563655420797, 0.8636427963331597], [-0.8859544759864251, 0.27943529558237534, 0.37013589674930203]], "T": [0.1962262921068841, -0.024649084600193008, -0.0174750886554823], "aligned_model": [[0.025791568867091358, 0.36912656432388385, -0.31141544640916496, -0.6268396342721924, -0.17452082030732377, 0.3695951299766389, -0.4029353293921254, 0.24071024565940882, 0.6400195888865621, 0.323828928809334, 0.07964158690575608], [-0.46860255028766756, -0.7442565260728347, 0.5043925695513926, -0.3381523409208295, -0.623255242330159, 0.31542019591881465, 0.3470755061264116, -0.3457278839993813, -0.09426345452848338, 0.6468079657515748, -0.11840986268860217], [-0.5788822774679672, -0.14317902101758115, -0.38448295000940125, -0.18221434076310572, 0.10046128209561739, -0.5410862644879663, 0.1338769035190494, 0.7342253227490241, 0.22330826944607782, 0.05269777004910454, -0.05963230651788664]], "inverted": false, "swapped": false, "error_lsq": 0.04657725627848341, "error_max": 0.26686672648621323, "target": "599.xyz", "model": "28.xyz", "model_rescale": 4.137296879288765, "target_rescale": 3.7408171396879912},
{"mapping": [5, 0, 4, 2, 1, 6, 3, 7, 9, 8, 10], "R": [[0.4194110906425809, 0.1781643032473904, 0.8901414595975028], [-0.5154567569856582, 0.8538886889799846, 0.0719613681767618], [-0.7472607769205, -0.489010825933757, 0.44996638029496805]], "T": [0.057040742341909347, -0.06562024791684444, -0.03923484579012375], "aligned_model": [[-0.20018497559417284, 0.47826369291668447, -0.04128256171826388, -0.6942450257202227, -0.16220379651757288, 0.36533561439444595, -0.4205451476706325, 0.14373235069971993, 0.8044001355108686, 0.162991593515415, 0.09674050323159925], [-0.434545577106559, -0.6209883024107312, 0.5051180739141085, -0.26486079690288233, -0.7644798541990943, -0.018876367336279037, 0.37718279859009385, -0.284420939819476, 0.14189479740282124, 0.4482107633328954, -0.0032062189446610614], [-0.5401611666659687, -0.10748359906765918, -0.5532584431574984, -0.1286326892383008, 0.13536769937217968, -0.6864729043523238, 0.16498538980789568, 0.6379822884785954, 0.05660700131737907, 0.4538229469578123, -0.07766413585714599]], "inverted": false, "swapped": false, "error_lsq": 0.05611759878534308, "error_max": 0.29614854124263357, "target": "599.xyz", "model": "29.xyz", "model_rescale": 3.607286011436655, "target_rescale": 3.7408171396879912},
{"mapping": [1, 11, 2, 0, 9, 13, 6, 8, 10, 5, 14], "R": [[-0.047147775397019115, 0.6259843242509081, 0.7784090910743825], [0.3718102995944743, 0.7342771284399005, -0.5679737667934333], [-0.9271106667440406, 0.26264181777125284, -0.26736695227202717]], "T": [0.11105813586201177, 0.02652705346415883, 0.004722768841168852], "aligned_model": [[-0.1690362480380149, 0.5087410633276123, -0.36679912301545337, -0.8048232499420069, -0.12186886407259273, 0.3826425103707366, -0.32197921768243365, 0.15858106198920116, 0.7230006459829523, 0.4523114525872347, 0.09223235154063315], [-0.4009350718636108, -0.3732644597526147, 0.27515402843313796, -0.15060759420370856, -0.7163217662465023, 0.1339077686939712, 0.2734239153849491, -0.33398163336151915, -0.10142811651791094, 0.6119138726228691, -0.13683256666882493], [-0.5213659369616888, -0.15820696484605276, -0.5952577397981906, -0.1154470561448882, 0.0967985618800167, -0.6665490329433705, 0.030482358557712384, 0.581718463366283, 0.3630923229103243, 0.3531042771945975, -0.013276865619778026]], "inverted": false, "swapped": false, "error_lsq": 0.050376858217875416, "error_max": 0.2823641218122704, "target": "599.xyz", "model": "30.xyz", "model_rescale": 3.964800864290218, "target_rescale": 3.7408171396879912},
