[{"mapping": [7, 5, 1, 10, 8, 9, 6, 4, 0, 2, 11], "R": [[0.18550560314086675, -0.43663488651668436, -0.880305428291741], [0.869143689881137, 0.4908675020069918, -0.060318668861456815], [0.4584505617219216, -0.7539224571200795, 0.4705571284200001]], "T": [-0.006483609185410882, 0.03699075282776979, -0.029985311840325227], "aligned_model": [[-0.41048843520651457, 0.12359960941893697, 0.35396981621382717, -0.49508603325160294, 0.049641561083518124, -0.5459262701233286, -0.3060883935838037, 0.3947957289521844, 0.5008518317901072, 0.7325767838577637, 0.03632527763769589], [-0.5492818210055366, -0.7707551600837433, -0.11080408752290113, -0.3846703669838214, 0.6502914790891797, 0.3169156234338196, 0.24588763640051128, 0.18059906893148356, -0.30269960496942455, 0.3060114802651536, -0.017778350904022563], [0.5942485222223123, 0.10897953602484019, 0.5617161101645829, -0.24266092680532453, 0.12433796936092721, -0.029658502461297157, 0.5959168791241621, -0.7160611174720686, -0.1300483177480632, 0.14370357447757398, -0.030004637598969385]], "inverted": false, "swapped": false, "error_lsq": 0.0508469641260407, "error_max": 0.2518222954877489, "target": "60.xyz", "model": "0.xyz", "model_rescale": 3.751011558992144, "target_rescale": 3.782944960244413},
{"mapping": [11, 6, 7, 10, 13, 9, 12, 8, 1, 0, 14], "R": [[-0.018093089290126915, -0.30682778913273057, -0.9515930579485435], [-0.44938233146947604, 0.8526951936440303, -0.2663952456396844], [0.8931562910728433, 0.4228091940252606, -0.15331087751595474]], "T": [0.07806969654135237, 0.039563464693296725, -0.04031882259273624], "aligned_model": [[-0.440988427022415, 0.09872056316126493, 0.37624833935905966, -0.5457665214834504, -0.17226129886623226, -0.5505206459274756, -0.11773064352750864, 0.3118030520319703, 0.6396617720209561, 0.7944291247553712, 0.0405761622872437], [-0.3543461761399236, -0.6538630089554593, -0.2084273333276557, -0.3594402107605811, 0.7012452724623447, 0.23415716662907768, 0.1843266810386599, 0.14322802430799966, -0.3722185448875647, 0.20134735617895383, 0.0477066701048466], [0.4202730229145199, 0.24683795100147748, 0.4975167330016903, -0.3925661620910895, 0.12403985927807747, -0.0057197784420103676, 0.6615935238576415, -0.6527244314426708, -0.06743831336772349, 0.1498381140783368, -0.0011814294995731028]], "inverted": false, "swapped": false, "error_lsq": 0.0500608569140047, "error_max": 0.2297376752272238, "target": "60.xyz", "model": "1.xyz", "model_rescale": 3.9405287249114394, "target_rescale": 3.782944960244413},
{"mapping": [9, 8, 2, 3, 0, 11, 5, 7, 4, 1, 12], "R": [[-0.4414510581374863, -0.39679999044281794, 0.8047799269700217], [0.258451715074372, -0.9151242336939879, -0.3094355310579364], [0.859257629727202, 0.07139610977196888, 0.506536199362908]], "T": [0.011751721353671713, -0.02341652258607735, 0.013437448310214331], "aligned_model": [[-0.4794970222007802, -0.045178037239331684, 0.3264585861154656, -0.1277037802491007, 0.06012328947559685, -0.6523152337037423, -0.21025409285366564, 0.2426806474234581, 0.5016094322602546, 0.7481253321074315, 0.07012235565319812], [-0.4890815381409573, -0.781723126743703, 0.08439242054998383, -0.3079293127218599, 0.7879436473992079, 0.1842982377930448, 0.2471111515570249, 0.09521240783029271, -0.48478416706836863, 0.26782326387880123, -0.039547087682768205], [0.4518571927726472, 0.16317009934944005, 0.608001531124925, -0.46238217496184286, 0.21907026241038163, 0.1666821759800456, 0.6503082957805704, -0.7359015011169886, -0.18373009864677092, 0.026071708226338183, 0.07732159836993045]], "inverted": true, "swapped": false, "error_lsq": 0.049196733978957526, "error_max": 0.2646961181335968, "target": "60.xyz", "model": "2.xyz", "model_rescale": 3.932901565614263, "target_rescale": 3.782944960244413},
{"mapping": [1, 2, 6, 3, 9, 11, 10, 7, 4, 5, 13], "R": [[0.407074933380288, 0.9130361224622935, -0.025593704156570807], [0.026676013989853586, -0.039892564381542844, -0.9988478230364614], [-0.9130051417659418, 0.4059231730094802, -0.04059542736403127]], "T": [-0.06346633978918138, -0.021691246781152872, -0.01007965739268224], "aligned_model": [[-0.410039237311263, 0.2767421890876999, 0.3200336181454336, -0.4072145347915175, 0.20200786150885758, -0.8366163262037845, -0.27131880646298095, 0.3343291918830719, 0.6478443984819756, 0.58721576431324, -0.008812641861948446], [-0.5684358318191584, -0.714205222059116, -0.1072919428320865, -0.14729627172545956, 0.6483267654132, 0.3803284583966988, 0.14884918680242662, 0.14320481830400245, -0.5015439574448046, 0.24702970070180885, 0.03475019291318675], [0.35009558654687745, 0.30437606938366507, 0.5487517695882123, -0.3660937501230052, -0.152881097053288, 0.18569560540433372, 0.6538922945088828, -0.579562361298748, -0.17441107321650698, 0.13552781988569074, 0.07507822566256213]], "inverted": true, "swapped": false, "error_lsq": 0.053346223494543814, "error_max": 0.2871252591864279, "target": "60.xyz", "model": "3.xyz", "model_rescale": 3.9243930471874484, "target_rescale": 3.782944960244413},
{"mapping": [7, 0, 3, 1, 10, 8, 4, 11, 5, 6, 12], "R": [[0.27735755429609643, 0.882974141246202, -0.37872081137088365], [-0.2233279355949411, -0.32413790223771255, -0.9192710446412622], [-0.9344503305461399, 0.33954570564721864, 0.10729069632891097]], "T": [-0.021205969875253083, 0.04076774669747502, 0.03743166344404261], "aligned_model": [[-0.6357977471485872, 0.2652684784294386, 0.3848988116311666, -0.2657213207493871, 0.062438220746295986, -0.5702815885365602, -0.2867331483191825, 0.28568700327714147, 0.46112106011116394, 0.6951015781091521, 0.038190129238142766], [-0.3529257459812724, -0.7153097973374718, 0.010230501833696927, -0.5889744816870899, 0.7262958199054952, 0.3478468726771068, 0.11976769556512809, 0.4198234169225426, -0.46766027280385186, 0.1239205158578324, -0.05929862830141797], [0.36939723401212154, 0.30125260885057725, 0.5732485663861081, -0.19451071939839204, 0.17949724596802333, 0.01387865311593818, 0.5624284206022087, -0.5856795491716721, -0.2497698074876424, -0.001370764550146869, 0.012097200961552347]], "inverted": true, "swapped": false, "error_lsq": 0.04536826676915143, "error_max": 0.305391630659116, "target": "60.xyz", "model": "4.xyz", "model_rescale": 3.8936222436046832, "target_rescale": 3.782944960244413},
{"mapping": [5, 4, 10, 1, 9, 6, 7, 0, 2, 3, 11], "R": [[-0.5013417088590073, -0.3810055760569081, 0.7768469874897337], [-0.8449013860907153, 0.4091369494435506, -0.3445991938209], [-0.18654259229548362, -0.8291210452120786, -0.5270295567101639]], "T": [0.09454010801010614, 0.08947304276642665, 0.17745962236419938], "aligned_model": [[-0.5470035049577923, 0.08432538291857071, 0.5096772003907909, -0.26045248645805286, -0.0452100934503397, -0.6832316291395115, -0.16925127455168948, 0.41038805830399594, 0.5446546666330955, 0.6024338378413155, -0.01215868074159851], [-0.3956676000873919, -0.6899871228293019, -0.1384821159750444, -0.19852921185337735, 0.6076775042702374, 0.25726091258661166, 0.12483648627297209, 0.1821254620618312, -0.4290583175273338, 0.2863668611065691, -0.04282696137507369], [0.27860904825650235, 0.3289921553319911, 0.5959868492179923, -0.4814362164204475, -0.12908557999683606, 0.21653626167960377, 0.7681465620687702, -0.6437430995448785, -0.11525282600733228, -0.005731031924632257, 0.16744696662794295]], "inverted": true, "swapped": false, "error_lsq": 0.048128745266383395, "error_max": 0.25781347379407255, "target": "60.xyz", "model": "5.xyz", "model_rescale": 3.6523030999806103, "target_rescale": 3.782944960244413},
{"mapping": [7, 5, 8, 3, 10, 11, 9, 2, 1, 6, 12], "R": [[-0.7672526400007385, 0.39183848423855294, 0.5077262930768216], [0.09704319057309657, 0.853473060016726, -0.5120218305786186], [-0.6339605709941989, -0.34357872183143007, -0.6928547151671769]], "T": [0.0693357153029088, -0.04782830743554686, 0.0750712352448047], "aligned_model": [[-0.5149976388499022, 0.15711272833050532, 0.4440902389019509, -0.30867946510644806, 0.0969822484310455, -0.7583481549057998, -0.17357662234570542, 0.30314593563442166, 0.5265022912976272, 0.6414396867635065, 0.02050022863758255], [-0.3667677765596665, -0.6584928521804342, -0.12938106139481242, -0.4105848242114333, 0.7307981458732145, 0.25007984387168025, 0.2710282650577165, 0.15627906687057483, -0.3971627038744362, 0.25874034176036875, -0.14082054856207402], [0.22885746985809496, 0.3636670421481915, 0.6287961651786169, -0.38116657101930457, 0.11568597494367615, 0.10262386709772443, 0.6767247547862228, -0.6176657962696855, -0.3139519867502131, 0.11163858736815002, 0.0652595819472024]], "inverted": false, "swapped": false, "error_lsq": 0.03471086130105403, "error_max": 0.173096768760264, "target": "60.xyz", "model": "6.xyz", "model_rescale": 4.08911054899281, "target_rescale": 3.782944960244413},
{"mapping": [4, 5, 10, 6, 9, 3, 8, 1, 12, 11, 14], "R": [[-0.34885593802713677, -0.2179685587338428, -0.9114764077619881], [0.32062662291291233, 0.8861298096183448, -0.3346229657169651], [0.8806237012383142, -0.40897881107613315, -0.23924512306018905]], "T": [0.06486291951921302, -0.1236748356091057, -0.06515734246530945], "aligned_model": [[-0.4220124546672968, 0.036868250254762716, 0.4189089990209101, -0.3637522149426669, -0.005974402130381501, -0.6615791454885795, -0.10774159153168314, 0.1982011198789548, 0.6766504400755873, 0.5689421593652997, 0.09566031695387753], [-0.346099960615322, -0.7895464454061536, -0.18058709853004318, -0.24045581699090476, 0.6521272230107185, 0.17589810660371735, 0.19473206782313313, 0.37796220340812553, -0.472322171890408, 0.1531646080253049, 0.038843181212530414], [0.3934589715477988, 0.30407500625618317, 0.5598924686863134, -0.292740811441428, 0.022424320059131406, 0.029655181743995854, 0.5127472343434902, -0.5833535063513858, 0.045128570536458884, 0.052295223967008655, -0.06311357005889096]], "inverted": true, "swapped": false, "error_lsq": 0.04692429792151516, "error_max": 0.27424829714673554, "target": "60.xyz", "model": "7.xyz", "model_rescale": 3.964800864290218, "target_rescale": 3.782944960244413},
{"mapping": [3, 0, 1, 6, 8, 10, 5, 12, 2, 7, 13], "R": [[0.8792950539836792, -0.14977345790661223, -0.45211516159772247], [0.3609598589291834, -0.4097400418323074, 0.8377476221160423], [-0.31072204344343274, -0.8998227655632831, -0.30622018596490697]], "T": [0.010556157095966044, -0.08922128332944398, -0.03802271192687608], "aligned_model": [[-0.4452423116529572, 0.11960631704746277, 0.5162411449150516, -0.32341173098960996, 0.10080151514530455, -0.6794055746180809, -0.3747032936952696, 0.33672276824805797, 0.5292657271795476, 0.6601327712222522, -0.005835856012975253], [-0.5007212153372158, -0.7026443290458267, -0.05814531452281599, -0.49083410581613995, 0.6314951129760941, 0.3485182324012718, 0.3020400530731344, 0.33214892571402155, -0.4830969809331441, 0.20132820115644925, -0.01637268301513023], [0.3478247417982235, 0.3155018305328136, 0.515544689957967, -0.2903685336090834, 0.21393211111524413, 0.04841187689741085, 0.5925012330434035, -0.5735014005679794, -0.1580687218355627, -0.016013977139884613, -0.01529476090387687]], "inverted": false, "swapped": false, "error_lsq": 0.040647242493240116, "error_max": 0.21506648812831436, "target": "60.xyz", "model": "8.xyz", "model_rescale": 4.121658175737393, "target_rescale": 3.782944960244413},
{"mapping": [4, 9, 6, 5, 2, 0, 1, 11, 7, 8, 12], "R": [[-0.9131782009009829, 0.2342129697251712, -0.33354138905353337], [-0.4068291841428047, -0.47483003030924087, 0.7804014718375571], [0.024404678423293247, 0.8483399832196061, 0.5288891042005065]], "T": [0.052040313995035926, 0.015238629412473371, -0.052863933129354765], "aligned_model": [[-0.5298485781431964, 0.18074828898206005, 0.4095875438395705, -0.3327623322605858, 0.054863225845967374, -0.7048516859612959, -0.25337957215244794, 0.39591949877827076, 0.4825931657295063, 0.719262594696281, 0.012039327434654294], [-0.3819894053330181, -0.7239425711091769, -0.1161319202338155, -0.39644936763184335, 0.669092773675801, 0.21294331485739812, 0.23947691506750973, 0.18148592526638363, -0.4221996628299908, 0.26264985746210184, 0.03878003745934847], [0.48726857222197095, 0.30801724815481596, 0.526000305885377, -0.3061578785763118, 0.18125834273784913, 0.029910464346590407, 0.522781443909043, -0.5599546719992186, -0.33301191662471546, 0.1025563039638354, 0.02180087526943987]], "inverted": true, "swapped": false, "error_lsq": 0.0390382502093189, "error_max": 0.20511454466894635, "target": "60.xyz", "model": "9.xyz", "model_rescale": 3.833441315466971, "target_rescale": 3.782944960244413},
{"mapping": [11, 7, 6, 8, 0, 10, 12, 13, 3, 5, 14], "R": [[0.9132147492593606, 0.06195444960391299, 0.4027411922183271], [-0.07213209498171846, 0.9973435820140885, 0.01013608843962387], [-0.4010433674912373, -0.03830699139300472, 0.9152577734177977]], "T": [0.11362561036860958, -0.03435262755775322, 0.14310648000510878], "aligned_model": [[-0.4460956828070813, 0.009401055928079882, 0.44477788122742723, -0.42198724052498554, 0.006570313978545378, -0.6365065645207388, -0.15036089763002547, 0.21534722876769805, 0.6464127927069214, 0.6278502615034534, 0.13876232815948972], [-0.3758231095320154, -0.6848471362754417, -0.035229788913409554, -0.3001909677169406, 0.6287739690141392, 0.2378126667276336, 0.13467690655262235, 0.4223239995559216, -0.6804631705024035, 0.3261790115754468, -0.10949648383485441], [0.33138038937538816, 0.24264598553744682, 0.7360373125125099, -0.3569017331632189, 0.030744377241407744, -0.05433190608583088, 0.657655017563898, -0.5024829499060404, -0.087112620808451, -0.10794161661421808, 0.09077683363578451]], "inverted": true, "swapped": false, "error_lsq": 0.04737402017773707, "error_max": 0.2749711753165015, "target": "60.xyz", "model": "10.xyz", "model_rescale": 4.2482417240324, "target_rescale": 3.782944960244413},
{"mapping": [0, 1, 8, 6, 9, 4, 10, 5, 2, 7, 11], "R": [[-0.9670392666342743, 0.19238046723733773, 0.16680771149137202], [-0.06361321018281599, -0.8168654987827425, 0.573309790940865], [0.24655306990115144, 0.543801905774488, 0.802178951979141]], "T": [0.1257095083211558, -0.12526086905962386, 0.10457897267558522], "aligned_model": [[-0.48194800833843, 0.1400679770210455, 0.3843382358921907, -0.23156058721562, 0.08067962369463065, -0.5569695209477776, -0.16717850078529572, 0.0627045198557509, 0.501519026858978, 0.6296412028251598, 0.07287750792815234], [-0.41035068857401236, -0.7557130636142196, -0.08721739372263776, -0.35083485547637283, 0.682050927537292, 0.2952878419694739, 0.1907651596067198, 0.29224077555965133, -0.5918163752232701, 0.3126290543280766, -0.01332548574000246], [0.4557422013744493, 0.4231231901966228, 0.6600262736989008, -0.38731186239879967, 0.2643628101088118, -0.24603150189760417, 0.5834803465110868, -0.5166367052416778, -0.32999029893646936, -0.008829620319782072, 0.08253425619313733]], "inverted": true, "swapped": false, "error_lsq": 0.04866712161150388, "error_max": 0.30160640406652567, "target": "60.xyz", "model": "11.xyz", "model_rescale": 3.6694154284099745, "target_rescale": 3.782944960244413},
{"mapping": [7, 5, 12, 6, 8, 9, 10, 4, 0, 1, 13], "R": [[0.13165377722811722, -0.17501808297592356, 0.9757232976479564], [-0.46069789721759646, -0.882338451403032, -0.09610569533063429], [0.877738418004393, -0.4368609936892198, -0.19679365272287946]], "T": [0.021544096388157657, 0.005503307100693765, 0.059576924476861054], "aligned_model": [[-0.5413706050429893, 0.004243426103688164, 0.3760629794893151, -0.14735028476639947, -0.17823019898423573, -0.6984334457745723, -0.1827722385642133, 0.31577926787139365, 0.5367237206477938, 0.8221931395964768, 0.12732571621252683], [-0.3353071550995061, -0.7798369899160081, -0.1758408652270519, -0.3890729029974465, 0.7319755018391951, 0.336327317316248, 0.17239905866239078, 0.1624584237784792, -0.4102303739260881, 0.2790118923918213, -0.028168010171335377], [0.4047444001131284, 0.22544463431246575, 0.6102121512413333, -0.3087152637279359, -0.010610200349410875, 0.1894771936694313, 0.6374431985323118, -0.6010813873312821, -0.20966892160638081, 0.034523831190575865, 0.008699453244439548]], "inverted": true, "swapped": false, "error_lsq": 0.04405171317174325, "error_max": 0.24145300173265177, "target": "60.xyz", "model": "12.xyz", "model_rescale": 3.9764082729961374, "target_rescale": 3.782944960244413},
{"mapping": [8, 11, 14, 1, 4, 7, 3, 5, 13, 6, 15], "R": [[0.8438482711926056, 0.18059998788424592, 0.5052759044140749], [0.2428689371937902, 0.7111244982209924, -0.659785288845016], [-0.47847128916123055, 0.6794744972448579, 0.5562190513118351]], "T": [-0.009102126782078224, -0.09227132849698436, -0.10772092363838832], "aligned_model": [[-0.48274437615910637, 0.07841644249545199, 0.4615033493424648, -0.38920684984572324, 0.02809682310374742, -0.5258528716229535, -0.2278960272581025, 0.3124425331539154, 0.5223479017703202, 0.6641605270645934, -0.007095975255823681], [-0.43662762697031987, -0.6185180518447428, -0.13600960050616115, -0.5015851611366882, 0.6229590424019318, 0.3969493582951378, -0.015225718533610766, 0.42424099918836466, -0.3884042106451703, 0.23427725048540007, -0.01834038408344303], [0.2881762801347139, 0.4804538675136744, 0.5368141715878628, -0.40988836757552377, -0.05363324990010547, 0.14657317036309508, 0.7013752699093694, -0.684477330495241, -0.041791192491032705, 0.04636421581105364, -0.0294977455691902]], "inverted": false, "swapped": false, "error_lsq": 0.047304551095311294, "error_max": 0.2072007233327333, "target": "60.xyz", "model": "13.xyz", "model_rescale": 4.170626492500431, "target_rescale": 3.782944960244413},
{"mapping": [8, 0, 1, 4, 11, 12, 10, 6, 2, 3, 13], "R": [[0.6700114266488691, 0.6435238518683388, 0.37008342334733607], [0.5849107669562488, -0.1506488694831617, -0.7969845122849616], [-0.45712589388329344, 0.7504545090809848, -0.47734049371640197]], "T": [0.04957155391644824, -0.05669081114903273, 0.13908295804607504], "aligned_model": [[-0.5890772880538324, 0.2588161406137602, 0.5345758177946656, -0.3562971430355277, 0.12140758529448584, -0.62863567061783, -0.293695422610131, 0.2738730705041865, 0.3816328207971696, 0.6850908855996864, 0.0464806805021509], [-0.3894924433666202, -0.576656103243156, -0.15038388174270137, -0.42749733042277127, 0.643653213699544, 0.1828124418294449, 0.17395538669049584, 0.34006179820343074, -0.4561529983706439, 0.19146027077561223, 0.03195554259806314], [0.32054100567211125, 0.34331616906530815, 0.7279861270289095, -0.30906462555961656, 0.07569934355545804, 0.0035127784769262427, 0.5228777198958158, -0.5678579614504125, -0.2647702866530869, 0.03903384997208069, 0.08919496928518256]], "inverted": true, "swapped": false, "error_lsq": 0.03991589453719599, "error_max": 0.1924962578838124, "target": "60.xyz", "model": "14.xyz", "model_rescale": 3.9786697098870705, "target_rescale": 3.782944960244413},
{"mapping": [2, 0, 9, 4, 7, 5, 8, 10, 1, 6, 11], "R": [[0.7326285630644551, 0.608414588342611, -0.3051017490510387], [-0.07055875414933266, -0.3779581276050395, -0.9231300645034733], [-0.6769614839819218, 0.6978390519806011, -0.23397394456607834]], "T": [0.06916914295255563, -0.04486866996689549, 0.14445437544761294], "aligned_model": [[-0.6282978949452374, 0.15530663448448193, 0.39874782194379044, -0.3130507200632555, 0.13390827496136187, -0.6488960942151927, -0.2826436128904869, 0.11412596120318841, 0.5240911348617935, 0.8169071668108142, 0.16397280463752575], [-0.5017322184303058, -0.7224067929706648, -0.0480820755306666, -0.28422905930143594, 0.5966162536317426, 0.3032143324982804, 0.14183408100657413, 0.17243680764452296, -0.2782941084609813, 0.21564581436250946, -0.031287137798876985], [0.3866585153761718, 0.2760902767354453, 0.6724523266068007, -0.2697065961865325, -0.0010858010435959298, 0.05568429999421873, 0.48149738995326463, -0.6574671932794913, -0.30189821772679337, 0.16383843939319642, 0.17440564946599177]], "inverted": true, "swapped": false, "error_lsq": 0.045611806984772095, "error_max": 0.21343406113020774, "target": "60.xyz", "model": "15.xyz", "model_rescale": 3.769337070930944, "target_rescale": 3.782944960244413},
{"mapping": [4, 2, 8, 0, 7, 5, 6, 1, 3, 9, 10], "R": [[-0.6114085050389497, 0.23525520885337453, 0.7555359863523324], [0.39196926958129735, -0.7393840916930903, 0.5474223750040623], [0.6874152541731534, 0.6308455846390137, 0.35985290977220125]], "T": [0.03998999632403688, 0.015889607981213867, 0.06815240446799693], "aligned_model": [[-0.6370253735663385, 0.15963365404233498, 0.47405498882045133, -0.2336499882791282, 0.018658786586407516, -0.5425127590000385, -0.26487884562248154, 0.023505716829954004, 0.543044655947143, 0.8478052793937192, 0.045535361636760925], [-0.32403756056752814, -0.6607590655324322, -0.005467641091885016, -0.41295872075200646, 0.7302829674358988, 0.33369438684210123, -0.052469757846414326, 0.3296432694965226, -0.4175122621658493, 0.08902870349330716, -0.04572842266101628], [0.25290151421447743, 0.3408387188028141, 0.6785827133057455, -0.33019466077907583, 0.05016325658943817, -0.030547059012858493, 0.7268548530844294, -0.6683361255280298, -0.1281694412374761, 0.014628353247916268, 0.07374696660129543]], "inverted": false, "swapped": false, "error_lsq": 0.04749640577239875, "error_max": 0.2397657938673366, "target": "60.xyz", "model": "16.xyz", "model_rescale": 3.7852294659196426, "target_rescale": 3.782944960244413},
{"mapping": [5, 7, 2, 10, 0, 4, 1, 9, 11, 8, 12], "R": [[-0.9486275687093105, 0.19534088366093974, -0.2488928987641588], [-0.10809539213099398, 0.5392230650737724, 0.8351969062996422], [0.2973568934541609, 0.8191949861070987, -0.49040641579437083]], "T": [0.051946655820482066, -0.0015911409861321807, 0.1601583735699177], "aligned_model": [[-0.5125254169760312, 0.08305175897375609, 0.4476434843068655, -0.2925467899592412, -0.09376717277840797, -0.6134330915594066, -0.17941403855651733, 0.34101246041001776, 0.5723402743314095, 0.6150748352265465, 0.06673517336979336], [-0.272555312816229, -0.6633289781899427, -0.15567073748749777, -0.2112448275825386, 0.6218237498902198, 0.23937060688740702, 0.006243496624604647, 0.22751131372576255, -0.45323098357332864, 0.24701183205734834, -0.022214262885107455], [0.3605547487307984, 0.3894235312957896, 0.6003521023962868, -0.5374265121540268, -0.07620683056851082, 0.12863198893738156, 0.8087453005103015, -0.6216439104980109, -0.09112634310459322, -0.05265404760239861, 0.07181906134565864]], "inverted": true, "swapped": false, "error_lsq": 0.046133263509748154, "error_max": 0.23646089665273515, "target": "60.xyz", "model": "17.xyz", "model_rescale": 3.901054581598922, "target_rescale": 3.782944960244413},
{"mapping": [11, 6, 7, 10, 13, 9, 12, 8, 1, 0, 14], "R": [[-0.018093089290126915, -0.30682778913273057, -0.9515930579485435], [-0.44938233146947604, 0.8526951936440303, -0.2663952456396844], [0.8931562910728433, 0.4228091940252606, -0.15331087751595474]], "T": [0.07806969654135237, 0.039563464693296725, -0.04031882259273624], "aligned_model": [[-0.440988427022415, 0.09872056316126493, 0.37624833935905966, -0.5457665214834504, -0.17226129886623226, -0.5505206459274756, -0.11773064352750864, 0.3118030520319703, 0.6396617720209561, 0.7944291247553712, 0.0405761622872437], [-0.3543461761399236, -0.6538630089554593, -0.2084273333276557, -0.3594402107605811, 0.7012452724623447, 0.23415716662907768, 0.1843266810386599, 0.14322802430799966, -0.3722185448875647, 0.20134735617895383, 0.0477066701048466], [0.4202730229145199, 0.24683795100147748, 0.4975167330016903, -0.3925661620910895, 0.12403985927807747, -0.0057197784420103676, 0.6615935238576415, -0.6527244314426708, -0.06743831336772349, 0.1498381140783368, -0.0011814294995731028]], "inverted": false, "swapped": false, "error_lsq": 0.0500608569140047, "error_max": 0.2297376752272238, "target": "60.xyz", "model": "18.xyz", "model_rescale": 3.9405287249114394, "target_rescale": 3.782944960244413},
{"mapping": [5, 2, 10, 8, 13, 9, 11, 4, 1, 12, 15], "R": [[0.15434544865019595, 0.8629166794421815, -0.4811988017664317], [0.34748272156568655, -0.503329867694228, -0.7911477753872629], [-0.9248963405129647, -0.045098210911195424, -0.37753531050530365]], "T": [0.1567679446942241, 0.03460551366334778, -0.00904013837711716], "aligned_model": [[-0.47986644011699386, 0.07790129068935706, 0.32134204593757, -0.3618820124626526, 0.030427405960246318, -0.5711174392085963, -0.17314181789897545, 0.2319358077845703, 0.5711548824407947, 0.6318726663865549, 0.15554508727690902], [-0.4462956811527268, -0.6927446383505428, -0.1610274617970437, -0.3556020108667992, 0.6654443829973338, 0.23965352026346057, 0.2196741656088697, 0.27719079110839245, -0.4632757531847503, 0.27258996209267394, 0.008108619931830638], [0.22482594223181201, 0.4600729506158185, 0.7342950088202861, -0.3976433618289846, 0.18437711675228835, 0.12191034786290926, 0.6042480031294526, -0.6947275337267912, -0.1352032626495902, -0.14237418482000908, 0.020688062901484377]], "inverted": true, "swapped": false, "error_lsq": 0.03768163342384115, "error_max": 0.19040711428897103, "target": "60.xyz", "model": "19.xyz", "model_rescale": 4.410303926677745, "target_rescale": 3.782944960244413},
{"mapping": [3, 0, 1, 6, 8, 10, 5, 12, 2, 7, 13], "R": [[0.8792950539836792, -0.14977345790661223, -0.45211516159772247], [0.3609598589291834, -0.4097400418323074, 0.8377476221160423], [-0.31072204344343274, -0.8998227655632831, -0.30622018596490697]], "T": [0.010556157095966044, -0.08922128332944398, -0.03802271192687608], "aligned_model": [[-0.4452423116529572, 0.11960631704746277, 0.5162411449150516, -0.32341173098960996, 0.10080151514530455, -0.6794055746180809, -0.3747032936952696, 0.33672276824805797, 0.5292657271795476, 0.6601327712222522, -0.005835856012975253], [-0.5007212153372158, -0.7026443290458267, -0.05814531452281599, -0.49083410581613995, 0.6314951129760941, 0.3485182324012718, 0.3020400530731344, 0.33214892571402155, -0.4830969809331441, 0.20132820115644925, -0.01637268301513023], [0.3478247417982235, 0.3155018305328136, 0.515544689957967, -0.2903685336090834, 0.21393211111524413, 0.04841187689741085, 0.5925012330434035, -0.5735014005679794, -0.1580687218355627, -0.016013977139884613, -0.01529476090387687]], "inverted": false, "swapped": false, "error_lsq": 0.040647242493240116, "error_max": 0.21506648812831436, "target": "60.xyz", "model": "20.xyz", "model_rescale": 4.121658175737393, "target_rescale": 3.782944960244413},
{"mapping": [7, 5, 8, 3, 10, 11, 9, 2, 1, 6, 12], "R": [[-0.7672526400007385, 0.39183848423855294, 0.5077262930768216], [0.09704319057309657, 0.853473060016726, -0.5120218305786186], [-0.6339605709941989, -0.34357872183143007, -0.6928547151671769]], "T": [0.0693357153029088, -0.04782830743554686, 0.0750712352448047], "aligned_model": [[-0.5149976388499022, 0.15711272833050532, 0.4440902389019509, -0.30867946510644806, 0.0969822484310455, -0.7583481549057998, -0.17357662234570542, 0.30314593563442166, 0.5265022912976272, 0.6414396867635065, 0.02050022863758255], [-0.3667677765596665, -0.6584928521804342, -0.12938106139481242, -0.4105848242114333, 0.7307981458732145, 0.25007984387168025, 0.2710282650577165, 0.15627906687057483, -0.3971627038744362, 0.25874034176036875, -0.14082054856207402], [0.22885746985809496, 0.3636670421481915, 0.6287961651786169, -0.38116657101930457, 0.11568597494367615, 0.10262386709772443, 0.6767247547862228, -0.6176657962696855, -0.3139519867502131, 0.11163858736815002, 0.0652595819472024]], "inverted": false, "swapped": false, "error_lsq": 0.03471086130105403, "error_max": 0.173096768760264, "target": "60.xyz", "model": "21.xyz", "model_rescale": 4.08911054899281, "target_rescale": 3.782944960244413},
{"mapping": [11, 15, 2, 5, 0, 8, 1, 7, 14, 4, 16], "R": [[-0.7521749122356618, 0.6039555104982051, -0.2635728414350147], [0.16336402187169063, 0.5584007698016813, 0.8133269801517689], [0.6383925890556537, 0.5687058304815791, -0.5186796512444622]], "T": [0.08817206152710028, -0.07252551733949517, -0.08229899283353677], "aligned_model": [[-0.4805936188759335, 0.12548161888494308, 0.4210316547311597, -0.47447394037096086, 0.16865748248609255, -0.5606826206778224, -0.2043105565686058, 0.21252196724420344, 0.49418883614301373, 0.6160089186556095, 0.11634173513708425], [-0.42107985923880553, -0.593079353148461, -0.07604563685407775, -0.353178884808408, 0.6866137752974732, 0.10334140721216287, 0.1576221841895821, 0.3714876246012917, -0.5664046495201794, 0.2887010307863962, -0.03426174186627655], [0.2930788192401929, 0.4267577022884383, 0.558361548595295, -0.40228683295352374, 0.04926479233157387, 0.08746685853111096, 0.618760444631507, -0.6237651679003197, -0.13758341626372628, 0.19554236307574785, -0.08512802228762024]], "inverted": true, "swapped": false, "error_lsq": 0.04439936173573448, "error_max": 0.2447521453650727, "target": "60.xyz", "model": "22.xyz", "model_rescale": 4.204369325754507, "target_rescale": 3.782944960244413},
{"mapping": [5, 2, 10, 8, 13, 9, 11, 4, 1, 12, 15], "R": [[0.15434544865019595, 0.8629166794421815, -0.4811988017664317], [0.34748272156568655, -0.503329867694228, -0.7911477753872629], [-0.9248963405129647, -0.045098210911195424, -0.37753531050530365]], "T": [0.1567679446942241, 0.03460551366334778, -0.00904013837711716], "aligned_model": [[-0.47986644011699386, 0.07790129068935706, 0.32134204593757, -0.3618820124626526, 0.030427405960246318, -0.5711174392085963, -0.17314181789897545, 0.2319358077845703, 0.5711548824407947, 0.6318726663865549, 0.15554508727690902], [-0.4462956811527268, -0.6927446383505428, -0.1610274617970437, -0.3556020108667992, 0.6654443829973338, 0.23965352026346057, 0.2196741656088697, 0.27719079110839245, -0.4632757531847503, 0.27258996209267394, 0.008108619931830638], [0.22482594223181201, 0.4600729506158185, 0.7342950088202861, -0.3976433618289846, 0.18437711675228835, 0.12191034786290926, 0.6042480031294526, -0.6947275337267912, -0.1352032626495902, -0.14237418482000908, 0.020688062901484377]], "inverted": true, "swapped": false, "error_lsq": 0.03768163342384115, "error_max": 0.19040711428897103, "target": "60.xyz", "model": "23.xyz", "model_rescale": 4.410303926677745, "target_rescale": 3.782944960244413},
{"mapping": [4, 3, 0, 10, 13, 15, 5, 11, 1, 7, 16], "R": [[-0.31520531178764255, -0.4362396490078209, 0.8428170501682966], [0.11521275680519154, -0.8991099291996805, -0.4222882379180054], [0.9420040509945822, -0.03600421986489022, 0.3336645981546706]], "T": [-0.056366272684656174, 0.09659582187994609, 0.04472395348163311], "aligned_model": [[-0.40684640662067356, 0.15380801818957845, 0.41361566893771523, -0.20757013325387202, 0.21878272704692264, -0.7001165336516708, -0.35452161063452275, 0.13888495917276106, 0.5894401455541612, 0.595498667213415, -0.006804025165030134], [-0.41596654634638575, -0.7382522314113029, -0.11659532831969657, -0.41133075959931986, 0.7402927410360979, 0.4046110506654992, 0.140466105845661, 0.15640847248621387, -0.4096593619317327, 0.22301849981412994, -0.00927674558846639], [0.3419239995542341, 0.30569613591758993, 0.5961333468651582, -0.33333943624470214, 0.10901958354097163, 0.03958477301842057, 0.5967935379224906, -0.554459565898178, -0.2062244647155943, 0.012781766362845788, 0.07255941296543972]], "inverted": true, "swapped": false, "error_lsq": 0.03633983588379758, "error_max": 0.20793906763789277, "target": "60.xyz", "model": "24.xyz", "model_rescale": 4.28219845311461, "target_rescale": 3.782944960244413},
{"mapping": [14, 6, 8, 2, 9, 12, 11, 4, 0, 1, 15], "R": [[-0.4906639418474548, -0.4362323513485348, -0.7542878971637066], [0.3734813992669973, -0.8873946898230529, 0.27026340646749386], [-0.7872487158276498, -0.14910399092840065, 0.5983372454702617]], "T": [0.023800341611034302, 0.12036079053995297, 0.047074547637636355], "aligned_model": [[-0.518976533753123, 0.21757053099035437, 0.4110035355882257, -0.20509379290017218, -0.0778909355927152, -0.6919481831453521, -0.24659077864227172, 0.3464941894991412, 0.4774617429363513, 0.6590306648967721, 0.06311103691157369], [-0.35029051825269547, -0.7254895959590838, -0.12187558569467721, -0.4223266105891028, 0.7800322187798223, 0.32037331640574784, 0.23971994587621992, 0.09479119131273964, -0.4701498307744081, 0.1503159113867687, 0.06861545415936733], [0.3001066286003439, 0.2903590977602334, 0.5698950536733123, -0.3020355843122636, 0.15368681139519302, 0.2262921222191086, 0.5043699722530262, -0.6085651774829812, -0.28615616988144726, 0.12098345075506228, 0.011532884309088838]], "inverted": false, "swapped": false, "error_lsq": 0.043990664789512315, "error_max": 0.2129606625898379, "target": "60.xyz", "model": "25.xyz", "model_rescale": 4.100010024507729, "target_rescale": 3.782944960244413},
{"mapping": [0, 1, 8, 6, 9, 4, 10, 5, 2, 7, 11], "R": [[-0.9670392666342743, 0.19238046723733773, 0.16680771149137202], [-0.06361321018281599, -0.8168654987827425, 0.573309790940865], [0.24655306990115144, 0.543801905774488, 0.802178951979141]], "T": [0.1257095083211558, -0.12526086905962386, 0.10457897267558522], "aligned_model": [[-0.48194800833843, 0.1400679770210455, 0.3843382358921907, -0.23156058721562, 0.08067962369463065, -0.5569695209477776, -0.16717850078529572, 0.0627045198557509, 0.501519026858978, 0.6296412028251598, 0.07287750792815234], [-0.41035068857401236, -0.7557130636142196, -0.08721739372263776, -0.35083485547637283, 0.682050927537292, 0.2952878419694739, 0.1907651596067198, 0.29224077555965133, -0.5918163752232701, 0.3126290543280766, -0.01332548574000246], [0.4557422013744493, 0.4231231901966228, 0.6600262736989008, -0.38731186239879967, 0.2643628101088118, -0.24603150189760417, 0.5834803465110868, -0.5166367052416778, -0.32999029893646936, -0.008829620319782072, 0.08253425619313733]], "inverted": true, "swapped": false, "error_lsq": 0.04866712161150388, "error_max": 0.30160640406652567, "target": "60.xyz", "model": "26.xyz", "model_rescale": 3.6694154284099745, "target_rescale": 3.782944960244413},
{"mapping": [0, 4, 8, 2, 7, 1, 5, 12, 10, 9, 13], "R": [[0.29536679014325773, 0.6459563601172464, 0.7039167849288348], [0.8690205583759423, 0.12446786251212302, -0.47886430261779717], [-0.39694045951557366, 0.7531587694674622, -0.5245856837293826]], "T": [0.08810060048404025, 0.012775206662515116, 0.03255287738559142], "aligned_model": [[-0.46082407908506173, 0.08830076100171146, 0.4771826356864528, -0.17460422606137269, 0.13076435973458536, -0.7171195314566198, -0.35356706389154535, 0.16871042502758404, 0.514607691782049, 0.6958210322509624, 0.06489947180003823], [-0.3174388214228439, -0.7275018237005979, -0.07884224240274476, -0.4451560297930816, 0.5721198368984057, 0.36424685200965556, 0.15340896411673857, 0.20370893499829948, -0.410936122374465, 0.27670228625760923, -0.0265959379362773], [0.1955674011211841, 0.3896529310700797, 0.5311294565984266, -0.39571666740048816, 0.3179331727658612, 0.12050101738974, 0.6737473254514431, -0.7334622536192117, 0.011313041913894172, -0.12832567600106592, -0.0018706600011866442]], "inverted": false, "swapped": false, "error_lsq": 0.05200895880282421, "error_max": 0.30792375454205123, "target": "60.xyz", "model": "27.xyz", "model_rescale": 4.103607728864725, "target_rescale": 3.782944960244413},
{"mapping": [0, 1, 2, 5, 10, 9, 3, 11, 8, 13, 14], "R": [[0.9705004635585183, -0.18951205167453467, 0.14904372681468256], [-0.2369760271323652, -0.8636380838145558, 0.4449400215193985], [0.04439834228055975, -0.4671342873898584, -0.8830709737883515]], "T": [0.09318209528504993, 0.1052966124524311, 0.021343739417600732], "aligned_model": [[-0.34218273994596343, 0.008097755802389986, 0.33530719706388806, -0.4141959837145901, -0.11244516304204231, -0.7108915398803335, -0.15030781515091007, 0.38437125555529666, 0.6351399963835239, 0.7290673043815161, 0.0722112093360086], [-0.2852324515933978, -0.7513188470603365, -0.16747332567913636, -0.32633087859524407, 0.5716353708787163, 0.22823361623027583, 0.21186856736496607, 0.2852894410713004, -0.4105874094719461, 0.22944897883400267, -0.021817165328502225], [0.43077780170530056, 0.27000302794991826, 0.6603215967588151, -0.28098985829259904, 0.01677544344794457, -0.07072150042373795, 0.7234020949043918, -0.5743681775743077, -0.31395506190248335, 0.010916672337130867, 0.10830705037830324]], "inverted": false, "swapped": false, "error_lsq": 0.045946081200657615, "error_max": 0.2384119371526717, "target": "60.xyz", "model": "28.xyz", "model_rescale": 4.137296879288765, "target_rescale": 3.782944960244413},
{"mapping": [5, 2, 4, 1, 9, 0, 6, 7, 3, 8, 10], "R": [[-0.8572824503069454, 0.514398309989826, 0.0214750803335102], [0.18396203610086362, 0.26709478799843045, 0.945948383104331], [0.4808583675775482, 0.8148955472351561, -0.3236054347920802]], "T": [0.060886525754241624, -0.024697720872765165, 0.07972953956439795], "aligned_model": [[-0.4004942962802425, 0.03628874309153875, 0.3841688541315949, -0.4318150133124755, 0.09633427434683364, -0.5613328061395214, -0.23262799805118267, 0.11621526321059115, 0.6519859016609018, 0.6846704881138077, 0.09077806601693812], [-0.4265751804533378, -0.8052149134286095, -0.08584693003570054, -0.3498375290946565, 0.7547047115264631, 0.2599697718401018, 0.18078079615746923, 0.12177076398877901, -0.3650920618612283, 0.25886377976174996, 0.020192688249667724], [0.3604792358625971, 0.03169895265385082, 0.7807140423573509, -0.3876977429091035, 0.12522153598969016, -0.06969557203814163, 0.7024458684905928, -0.619911753126164, 0.05519496419830007, -0.14126892567164945, 0.14328848348135287]], "inverted": false, "swapped": false, "error_lsq": 0.053915386712713606, "error_max": 0.3283081298112618, "target": "60.xyz", "model": "29.xyz", "model_rescale": 3.607286011436655, "target_rescale": 3.782944960244413},
{"mapping": [4, 5, 10, 6, 9, 3, 8, 1, 12, 11, 14], "R": [[-0.34885593802713677, -0.2179685587338428, -0.9114764077619881], [0.32062662291291233, 0.8861298096183448, -0.3346229657169651], [0.8806237012383142, -0.40897881107613315, -0.23924512306018905]], "T": [0.06486291951921302, -0.1236748356091057, -0.06515734246530945], "aligned_model": [[-0.4220124546672968, 0.036868250254762716, 0.4189089990209101, -0.3637522149426669, -0.005974402130381501, -0.6615791454885795, -0.10774159153168314, 0.1982011198789548, 0.6766504400755873, 0.5689421593652997, 0.09566031695387753], [-0.346099960615322, -0.7895464454061536, -0.18058709853004318, -0.24045581699090476, 0.6521272230107185, 0.17589810660371735, 0.19473206782313313, 0.37796220340812553, -0.472322171890408, 0.1531646080253049, 0.038843181212530414], [0.3934589715477988, 0.30407500625618317, 0.5598924686863134, -0.292740811441428, 0.022424320059131406, 0.029655181743995854, 0.5127472343434902, -0.5833535063513858, 0.045128570536458884, 0.052295223967008655, -0.06311357005889096]], "inverted": true, "swapped": false, "error_lsq": 0.04692429792151516, "error_max": 0.27424829714673554, "target": "60.xyz", "model": "30.xyz", "model_rescale": 3.964800864290218, "target_rescale": 3.782944960244413},
