[{"mapping": [9, 7, 5, 10, 3, 4, 0, 8, 6, 1, 2, 11], "R": [[-0.48450180696333356, -0.8723342319778189, 0.06550562394889198], [-0.2864301922828219, 0.08743993860137811, -0.9541027209300961], [0.8265686565543665, -0.48102728078255197, -0.2922276700534251]], "T": [-0.049023912689449556, 0.011059538452586205, 0.01487406410284961], "aligned_model": [[-0.41359665002682333, 0.6480690431254676, 0.7353527405475127, 0.09755820839760918, -0.5813266858899098, -0.3978896983642821, 0.3125371436862578, -0.4872553837936618, -0.005272313483112134, 0.4371494836104169, -0.025103518435604558, 0.007688402072919452], [-0.4345344926560049, -0.607703387489092, 0.13857162070323578, -0.15466496321527987, 0.14432432568215994, 0.7334699061336839, 0.5059415259656308, -0.13771032228033145, -0.6486935135672128, -0.07952073531142684, 0.41213063244175263, 0.051250220856346146], [-0.1797771703106398, -0.15185074598649306, -0.22424989384949437, -0.6276291789157524, -0.4009705810648875, -0.07874426207252766, 0.09947202477048428, 0.44952817596946515, 0.3114650204255346, 0.5221325802995166, 0.7129571808529231, 0.014050480278077941]], "inverted": false, "swapped": false, "error_lsq": 0.0610124365013553, "error_max": 0.4311366470973202, "target": "600.xyz", "model": "0.xyz", "model_rescale": 3.751011558992144, "target_rescale": 3.828084373262782},
{"mapping": [8, 2, 13, 5, 4, 10, 11, 1, 0, 12, 6, 14], "R": [[0.21139128140271438, 0.9759019510314912, 0.054121235387298794], [0.39338067782686814, -0.1356391321617143, 0.9093149444163399], [0.894743185757451, -0.17093100303732492, -0.41257390094534796]], "T": [0.05470716193294954, -0.010778359832937515, 0.051470569894703465], "aligned_model": [[-0.31652535185148634, 0.3385266493392781, 0.7192201535200206, 0.24189186322587636, -0.6921004629073072, -0.2212820564776004, 0.22734650473472895, -0.45821731407178523, 0.03028568458215782, 0.6451186884523717, -0.28346082204762535, 0.0971072349481614], [-0.35506387621927604, -0.7047932901767054, -0.13117958703565644, -0.05292454514272846, 0.1302849428715143, 0.6663851761535067, 0.7022714731163732, -0.2613708103765868, -0.6630326623902238, 0.1830016710794444, 0.3872147469662749, 0.022067578417524766], [-0.3775657409878998, -0.29713791682994917, -0.21579002727715682, -0.542896011990021, -0.16751227422869955, -0.3196537286635161, 0.3652962890042213, 0.45121730857012177, 0.4380872207764241, 0.45870346769375525, 0.5908865937769804, 0.06274845055194632]], "inverted": false, "swapped": false, "error_lsq": 0.05315912274651391, "error_max": 0.2970793759336233, "target": "600.xyz", "model": "1.xyz", "model_rescale": 3.9405287249114394, "target_rescale": 3.828084373262782},
{"mapping": [4, 7, 6, 3, 8, 9, 11, 2, 1, 0, 5, 12], "R": [[-0.1607399832843564, -0.5923938880022208, -0.7894505299455798], [0.734079285212381, 0.4629124537734271, -0.49682961180221985], [0.6597653073599918, -0.6593796642292488, 0.36045554178719247]], "T": [0.04187882793326182, -0.016356114892546833, -0.008860047339289336], "aligned_model": [[-0.34867384067458845, 0.4890312808656622, 0.5839477644536506, 0.15199940386521354, -0.5910909540031966, -0.39761280098315693, 0.32635468291291786, -0.3264800447660433, 0.008980916309368883, 0.5109666289939211, -0.05308217060515226, -0.026430094921806452], [-0.5052211319666307, -0.5442935334989334, 0.021996500866608412, -0.06309139807282331, 0.15781189856743477, 0.6475161987526037, 0.6328485006885671, -0.06557031819508334, -0.7028147486349754, -0.0405454265381042, 0.42593356001505084, -0.04170928472025342], [-0.32536491303214493, -0.39647663499763947, -0.0020748934347058837, -0.5678671587711259, -0.42081214206934175, -0.13731924855853572, 0.06339743724849614, 0.5621560037648844, 0.3847369596736333, 0.6856192542774456, 0.5598565188019369, 0.040532447493303946]], "inverted": true, "swapped": false, "error_lsq": 0.059742846459990666, "error_max": 0.40160975124838943, "target": "600.xyz", "model": "2.xyz", "model_rescale": 3.932901565614263, "target_rescale": 3.828084373262782},
{"mapping": [11, 8, 7, 3, 1, 0, 4, 10, 12, 5, 6, 13], "R": [[-0.8874613088091142, -0.2254368955115097, 0.4019833721796798], [-0.2951720289513545, -0.3918366853625543, -0.8713997276387154], [0.35395748147419487, -0.8919877903571435, 0.28119723178265066]], "T": [0.044414124134152966, -0.0016533924890114104, -0.035821489209042455], "aligned_model": [[-0.3721870060991263, 0.34447998954464143, 0.7427451916326269, 0.043736920179600076, -0.6362441136785648, -0.04447832815803418, 0.37082908678177057, -0.47100987001177635, 0.0430497950357909, 0.429670381329683, -0.16232524076822216, 0.03964396565840135], [-0.735494156529457, -0.5191413282282161, 0.11782245063821149, 0.003941349623807191, 0.26804977461604773, 0.5833652286044664, 0.7677768077711851, -0.34293050623789934, -0.38615425792255303, 0.03759811167090294, 0.16676098177399334, -0.038733638517027616], [-0.32844741028972485, -0.4612077117312819, -0.12414923356280433, -0.5463640617108017, -0.14866290830389345, -0.3501488250269345, 0.21845561087093648, 0.32613635114134704, 0.6239413721635145, 0.5698489008279335, 0.5931361359320488, 0.0738454100858664]], "inverted": false, "swapped": false, "error_lsq": 0.052287920182370905, "error_max": 0.3422484939365882, "target": "600.xyz", "model": "3.xyz", "model_rescale": 3.9243930471874484, "target_rescale": 3.828084373262782},
{"mapping": [3, 0, 5, 6, 10, 11, 9, 4, 2, 1, 8, 12], "R": [[-0.714461389280368, -0.1778103942166859, -0.6767040615631572], [-0.610847850608796, 0.6301468045421609, 0.47935363577625845], [0.3411888430681471, 0.755842886077398, -0.558830658546942]], "T": [-0.029812842502906754, 0.07264089002335579, 0.0873292235836122], "aligned_model": [[-0.25050214654903075, 0.49201453331365447, 0.5981402632415419, -0.008025202954340008, -0.6728396113895956, 0.015549906916011737, 0.17384695732247618, -0.40306016098193115, 0.039893650232752625, 0.5985400769642859, -0.32923546375446616, 0.07358796908543097], [-0.4743672555760015, -0.5912780031303367, -0.044820797070401486, 0.0002125323758089409, 0.2852466174699759, 0.723385634164925, 0.7072568273006076, -0.27164145395467687, -0.7997641384619495, -0.0033939959619878196, 0.36128437992374857, 0.03074047018374952], [-0.2367567065217592, -0.013815457554690352, -0.31948860889902675, -0.630860129239229, -0.10873989349235821, -0.36056315224432944, 0.3185708501686084, 0.3947757657877583, 0.37933086991052045, 0.41831503097229195, 0.5599468264479092, 0.04566823506051143]], "inverted": false, "swapped": false, "error_lsq": 0.04364342701630274, "error_max": 0.284771669735841, "target": "600.xyz", "model": "4.xyz", "model_rescale": 3.8936222436046832, "target_rescale": 3.828084373262782},
{"mapping": [3, 8, 7, 10, 2, 4, 5, 0, 9, 6, 1, 11], "R": [[0.13470210039058653, 0.21953747812226723, 0.9662601305290826], [-0.9516185646005646, 0.300458456331963, 0.06439583469585144], [-0.2761837280831835, -0.9281853326347758, 0.24938832495476854]], "T": [0.0749546600010707, -0.07321259398379336, -0.002878894499205281], "aligned_model": [[-0.29046103489988845, 0.3433778368031944, 0.6688775170003987, 0.04455782787165019, -0.5896652956300583, -0.08860166735382091, 0.35882079881420514, -0.6696184122085644, 0.12409980253011405, 0.6290855708440557, -0.2870793664739811, 0.08451719414948558], [-0.4802630337108265, -0.7044266407020434, 0.06598123703988536, 0.005902572427897795, 0.1793093739565691, 0.6522204766777451, 0.641122795139879, -0.37403873495647066, -0.5167503100527322, 0.10003959540801903, 0.26430510645309, 0.08945837958244872], [-0.17912684983278312, -0.27743426543893135, -0.2211178569389191, -0.6292048659591241, -0.23019241193388212, -0.28148396746020155, 0.2546396953690162, 0.36837961654776497, 0.4247833474761732, 0.5425853487165924, 0.6280901481067757, 0.04646569174372579]], "inverted": false, "swapped": false, "error_lsq": 0.045281676977735975, "error_max": 0.25532363293672844, "target": "600.xyz", "model": "5.xyz", "model_rescale": 3.6523030999806103, "target_rescale": 3.828084373262782},
{"mapping": [1, 2, 4, 3, 5, 7, 11, 8, 6, 10, 9, 12], "R": [[0.6944529725281715, 0.710367494885007, -0.11451240612958324], [0.4472771652029221, -0.5508452772609594, -0.7046365148126621], [-0.5636294939362426, 0.4381181378693384, -0.7002672995614452]], "T": [-0.025263377643839475, -0.04082990971332106, 0.04074610347444418], "aligned_model": [[-0.1886462112024417, 0.4702071103252291, 0.5309091462007093, 0.10327662757636245, -0.6744912567526191, -0.16919218529673466, 0.4349715186653539, -0.5371316554531611, -0.0017313050805620699, 0.5117142660759945, -0.07981575035497096, -0.07215953325636941], [-0.590158171608118, -0.5415189403220297, 0.015798429951407796, 0.1499275928276116, 0.03264513602990753, 0.5764833048434598, 0.709183796944523, -0.16090015352679196, -0.5711329601255298, -0.1015173827417356, 0.39784200458873265, 0.006208160402024307], [-0.35157949647468745, -0.24215162431587, -0.08808307332226745, -0.6147916492372637, -0.15162881336164072, -0.2142577262190994, 0.05598694287410421, 0.46178898180108646, 0.41604515537371617, 0.6034583589207904, 0.6128071713813585, -0.04121059702402032]], "inverted": false, "swapped": false, "error_lsq": 0.05014596866479524, "error_max": 0.28333670856170123, "target": "600.xyz", "model": "6.xyz", "model_rescale": 4.08911054899281, "target_rescale": 3.828084373262782},
{"mapping": [1, 9, 8, 11, 13, 12, 5, 2, 0, 4, 7, 14], "R": [[-0.991267840956637, 0.07538888070110873, -0.10818772643789919], [0.053305812434358654, 0.9795222795221518, 0.1941509574543501], [0.120609111786302, 0.1866885657622391, -0.9749876007251362]], "T": [0.0967240671263596, 0.039663608256304675, 0.041605890953831035], "aligned_model": [[-0.3074967914776471, 0.37058616340527173, 0.7463296213984308, 0.04356467050530235, -0.5772891699342937, -0.14319198358787394, 0.28980543148651444, -0.5511378322813855, 0.016129224432140446, 0.6599308166130492, -0.339568918041856, 0.12024953892913753], [-0.5245248956307728, -0.590512376123072, -0.060844784366315866, 0.06582074642939904, 0.20939735478010274, 0.6199795671109493, 0.722032441291267, -0.2615825691028554, -0.7881562408544073, 0.20640995623183755, 0.40504442253964945, -0.08020280504232062], [-0.19554994052938618, -0.33579984408605135, -0.14021726531697004, -0.5423640959724112, -0.18815732174489108, -0.2955522240597288, 0.32016215461101954, 0.4153240243291555, 0.48078119974668776, 0.431276652586924, 0.5664241987367227, -0.06994390790486418]], "inverted": false, "swapped": false, "error_lsq": 0.04671073482018221, "error_max": 0.309422764448751, "target": "600.xyz", "model": "7.xyz", "model_rescale": 3.964800864290218, "target_rescale": 3.828084373262782},
{"mapping": [5, 10, 11, 9, 7, 12, 4, 1, 3, 6, 2, 13], "R": [[-0.5751019130343492, 0.7539682935847187, 0.31747378142640315], [0.7684388356605243, 0.6309944518589569, -0.10652585400696259], [-0.280641311059028, 0.18269596052502698, -0.9422646340253401]], "T": [-0.01755216406032285, -0.03430181997272679, 0.12272879896561184], "aligned_model": [[-0.19835863218476282, 0.3470212064538251, 0.6903662546736778, 0.12037244973741427, -0.5985601404187593, -0.05205685107225291, 0.3488909097446073, -0.7411993627404577, 0.20260106857013033, 0.4882459119090095, -0.2425326025287647, -0.03687944069687652], [-0.7922934756515079, -0.5662383103689609, 0.2517352466709643, 0.019793617447260166, 0.3370119948337341, 0.5557243040429413, 0.5300532649257729, -0.14666644701837414, -0.5908007944691884, -0.020904785515760665, 0.4127833648624863, -0.06733716249590549], [-0.18030320260202248, -0.3864507771213741, -0.20002131089758368, -0.5495116426530844, -0.05449689698015389, -0.34775343963838257, 0.32843783334048837, 0.2865238343106457, 0.5323678367161114, 0.4064445880786237, 0.5564422614745625, 0.05470454636837577]], "inverted": false, "swapped": false, "error_lsq": 0.04760118849343706, "error_max": 0.2981984104504233, "target": "600.xyz", "model": "8.xyz", "model_rescale": 4.121658175737393, "target_rescale": 3.828084373262782},
{"mapping": [2, 0, 4, 1, 8, 6, 9, 11, 10, 5, 7, 12], "R": [[-0.9739663337318045, -0.22122981702780262, 0.04946664345669891], [0.2195244871542353, -0.8660003043533255, 0.44927994880655125], [-0.05655599257989515, 0.44844268409440274, 0.8920205035678891]], "T": [-0.04478936652697059, -0.049721424984293376, 0.08468552386274511], "aligned_model": [[-0.35673609477445584, 0.4852860671873985, 0.7475314930012839, 0.19158293729877246, -0.6974168015357487, -0.16018776750192332, 0.3154709026568827, -0.510856703310671, 0.09160637380027363, 0.4465024906439116, -0.2140517423348252, -0.010820383684108419], [-0.37277052354102824, -0.5606538202378323, 0.1611250062606342, -0.08642983138695198, 0.22938129231526694, 0.5210225315089254, 0.6960219747505122, -0.2206385392282978, -0.6278552094234856, -0.11024950143389264, 0.3448755419448623, -0.05096810426525121], [-0.4451021406937792, -0.19242883010558118, -0.25575442048340646, -0.561621170050461, -0.07881506328349219, -0.29096936466243273, 0.16994475934194944, 0.4804135266567786, 0.5575897001035193, 0.45439699151647295, 0.6051222559824105, 0.003607386074227878]], "inverted": false, "swapped": false, "error_lsq": 0.04147198296402637, "error_max": 0.2906166337493053, "target": "600.xyz", "model": "9.xyz", "model_rescale": 3.833441315466971, "target_rescale": 3.828084373262782},
{"mapping": [0, 13, 2, 5, 6, 4, 3, 12, 10, 8, 7, 14], "R": [[0.42873836356021366, -0.19261120245216742, -0.8826575441821367], [0.542588680209813, -0.7262773916470272, 0.42204108151999187], [-0.7223440591019517, -0.6598651946210842, -0.2068743222533802]], "T": [-0.07269192492115176, -0.02604146062330177, 0.10340361632675302], "aligned_model": [[-0.1198367912301565, 0.4516111686873713, 0.586504852400807, 0.10020016774706703, -0.6410827438769249, -0.2202504860324019, 0.31390602775184573, -0.6186270493318548, 0.038077982867314425, 0.46227882406723164, -0.021103268029865105, -0.0037679135736435054], [-0.6179967886158587, -0.43649413357694034, 0.1126387726567737, -0.030025425510674025, 0.29660562997726075, 0.5980328703419424, 0.749836129879639, -0.21706081682427517, -0.7369074335610555, -0.2548001043788454, 0.4227095587294849, 0.03632255814600954], [-0.23004684917839066, -0.3351410344357443, -0.14735055929822602, -0.550452372239224, -0.08115071144340119, -0.3705903504737743, 0.0497581384928291, 0.27218306650362944, 0.5010890945223567, 0.6220895935911019, 0.5931740828636852, 0.12282153149136493]], "inverted": true, "swapped": false, "error_lsq": 0.048998834459512114, "error_max": 0.23875267664790883, "target": "600.xyz", "model": "10.xyz", "model_rescale": 4.2482417240324, "target_rescale": 3.828084373262782},
{"mapping": [4, 6, 2, 5, 9, 7, 3, 10, 0, 1, 8, 11], "R": [[-0.2992357584205154, 0.54216095911028, -0.7851875287465538], [-0.9060967229114024, 0.09646948247880505, 0.4119251967038301], [0.2990763942736311, 0.8347185953163456, 0.46238314958634763]], "T": [0.08894524455164299, -0.006693649996392697, 0.06370930256817303], "aligned_model": [[-0.3146170105782206, 0.3933309813779574, 0.7730924524169169, -0.0385402319048313, -0.6937901159229087, -0.11502272305469735, 0.35219998030956845, -0.4599803190232796, 0.03492184590334114, 0.513503818114607, -0.10343563154981822, -0.013752274641844559], [-0.6299607007575028, -0.4778772736841774, 0.18577869357050633, -0.07671921896919609, 0.1489753335113803, 0.5549027379992638, 0.7351607286789791, -0.1445636095728622, -0.5974572326634457, -0.07759824360948038, 0.3392672023130667, -0.03704759955307022], [-0.399448629353858, -0.2615866459588971, -0.14281982689470105, -0.6731964195593125, -0.14221161714455605, -0.25497990634251916, 0.259721168007356, 0.3714022703702153, 0.5347924562966063, 0.623949527808155, 0.53291982689021, -0.002158573722491869]], "inverted": true, "swapped": false, "error_lsq": 0.03954025173042248, "error_max": 0.19134105252101902, "target": "600.xyz", "model": "11.xyz", "model_rescale": 3.6694154284099745, "target_rescale": 3.828084373262782},
{"mapping": [6, 5, 12, 0, 4, 1, 2, 11, 7, 10, 8, 13], "R": [[0.9735859832455869, -0.22765372742304907, 0.017438853692726713], [-0.20103965301156712, -0.8185473323715577, 0.538110883168512], [-0.10822842115042125, -0.5274031143800719, -0.8426936357879347]], "T": [0.016934959722904864, -0.037595639438248736, 0.0897585425712636], "aligned_model": [[-0.26602321980926164, 0.36721809263840355, 0.6511694184502559, -0.040019065650706634, -0.5957611977402415, 0.07307253489786683, 0.21528261148885228, -0.6183655897909373, 0.32586022695581485, 0.4868211160995931, -0.267885113104303, -0.00345904298854632], [-0.47482350597341627, -0.6355446142969677, 0.09298477718395354, -0.044451652608905386, 0.2213306762630644, 0.6831333299674803, 0.5618532355364299, -0.23478861640477194, -0.6330142033169902, 0.0021059358749086973, 0.38329981330891527, 0.0007756417297603221], [-0.13074382661015377, -0.3156172617597203, -0.11630918033575836, -0.6225946693275839, -0.23464742441690944, -0.3505502347820768, 0.25598979331204286, 0.409972206442069, 0.40945719993972474, 0.5153869864887709, 0.650403167340425, -0.024363125894623347]], "inverted": true, "swapped": false, "error_lsq": 0.038628062191586626, "error_max": 0.25818005213934775, "target": "600.xyz", "model": "12.xyz", "model_rescale": 3.9764082729961374, "target_rescale": 3.828084373262782},
{"mapping": [6, 5, 0, 4, 3, 7, 2, 11, 12, 1, 8, 15], "R": [[-0.19946486337236946, 0.5596212408671013, 0.804386620382393], [0.9111125260132438, -0.196228011999105, 0.362447971781669], [0.36067677111453744, 0.8051823607588812, -0.4707373287738573]], "T": [0.019650272589529196, -0.15206372146256, 0.09286308277411534], "aligned_model": [[-0.29177518503503147, 0.5365865276632261, 0.5570695862215863, 0.08670842448658087, -0.6390547295519947, 0.04883560291694414, 0.3541802585303186, -0.6483390440065082, 0.25775217481022566, 0.35333794262054946, -0.2475493721694608, -0.039841415039645806], [-0.6610831892401021, -0.5775304749533839, 0.2036715652828889, -0.05369455016987841, 0.3580787186564304, 0.492058118309892, 0.544341845450281, -0.09885299660887556, -0.5648218510982855, 0.020792291132850388, 0.37340656304988906, -0.11350522254824488], [-0.38418216818855, -0.4116949968352379, -0.2414134802715804, -0.6154380058757404, -0.026744016750907262, -0.3012041335035416, 0.29127802370694744, 0.5188954646695704, 0.5173059476296475, 0.6048161236283326, 0.4829120112223606, 0.011852860964905773]], "inverted": true, "swapped": false, "error_lsq": 0.04699342462904744, "error_max": 0.22248686136894638, "target": "600.xyz", "model": "13.xyz", "model_rescale": 4.170626492500431, "target_rescale": 3.828084373262782},
{"mapping": [11, 6, 2, 3, 9, 1, 0, 10, 12, 4, 7, 13], "R": [[0.09225912887934924, -0.40783067353297153, 0.9083844972609708], [-0.3665426129626096, 0.834306492182127, 0.4117999392730618], [-0.9258157300569948, -0.3709539308706642, -0.07251493053596772]], "T": [0.09231644232998976, -0.014106796912727124, 0.09152570169501398], "aligned_model": [[-0.27459611603798023, 0.4339845639485957, 0.6961734271664364, 0.10566348922195759, -0.6614923079410453, -0.24535447387331377, 0.277433447324877, -0.3946412265994391, -0.0393695894535096, 0.613343761639493, -0.2601890394504763, 0.07695483550119483], [-0.48810471371642355, -0.6018360606596385, 0.15904504336671255, 0.042305248882603105, 0.05837446922903025, 0.615339013809092, 0.5481662884063191, -0.09139116893713506, -0.5560370103507403, -0.21397892273232796, 0.5554854181519978, -0.10450678818602809], [-0.2831218667059737, -0.40377872412330473, -0.10419693191802323, -0.5955791970346723, -0.19626810042238177, -0.19235947511159537, 0.1652758102739582, 0.36580231295896937, 0.5655262860641871, 0.5292982413163649, 0.5484002979916233, 0.04738497710705511]], "inverted": true, "swapped": false, "error_lsq": 0.04819104992379689, "error_max": 0.2518470404103175, "target": "600.xyz", "model": "14.xyz", "model_rescale": 3.9786697098870705, "target_rescale": 3.828084373262782},
{"mapping": [8, 2, 4, 5, 7, 10, 1, 9, 3, 0, 6, 11], "R": [[0.0778155655124999, -0.09429651482777801, 0.9924983148878916], [0.9366676760009315, -0.33405327836345455, -0.10517638494282985], [0.34146508240079815, 0.9378254499137688, 0.06232995263156538]], "T": [0.002221403968051889, 0.03387207312232413, 0.05033334880643085], "aligned_model": [[-0.17474816725091982, 0.5335408730727085, 0.47543381236709814, -0.05736869138783786, -0.5347560323688594, 0.07728137591947686, 0.22766472618942904, -0.28002041115186, 0.04176551600293356, 0.5302782775066913, -0.46210194135103916, -0.04905856610103092], [-0.40196818510442833, -0.6013026349399415, 0.14832794575225053, -0.2064495960879079, 0.290728671051851, 0.7668965806673798, 0.6075775329110265, -0.24176350692301077, -0.8032121158238376, -0.1392256200770254, 0.4436495351931485, 0.05960221064395638], [-0.17539473139939016, -0.21062666394532092, -0.3209948077462925, -0.7134428642124293, -0.23699212231613437, -0.3361405318709918, 0.33442742717971174, 0.5317675113459349, 0.42832217949111756, 0.46866182380712273, 0.5441369062808563, 0.13265950378202213]], "inverted": true, "swapped": false, "error_lsq": 0.05127159363851822, "error_max": 0.27490250209496714, "target": "600.xyz", "model": "15.xyz", "model_rescale": 3.769337070930944, "target_rescale": 3.828084373262782},
{"mapping": [3, 0, 2, 1, 5, 4, 6, 7, 9, 8, 11], "R": [[0.32434896043676237, -0.843954391219559, -0.4272455235632267], [-0.9415855544172725, -0.3313243477260731, -0.06033921044072543], [-0.09063330279929932, 0.42185917335660295, -0.9021199711117001]], "T": [0.05018929710211057, 0.02490650719707993, -0.035494904892698284], "aligned_model": [[-0.23684004258732722, -0.46238646482003437, -0.12041148749583772, -0.7739332863626176, 0.5125541892450011, 0.38982495847474935, 0.6491937393691536, 0.21736112589354906, 0.06277284427624244, -0.3578372128145094, 0.042327767512801706], [0.030095326673844736, -0.4544457381679858, 0.6575083768420407, 0.25996745957103645, 0.19453703179674137, -0.49671002510784384, 0.49098831546448995, -0.4760698111446338, 0.5130299943089115, -0.09606421786799973, -0.026772214743259512], [-0.5366270543632528, -0.049133159902998366, -0.24223228192986213, 0.012352064987273717, -0.6214246012762561, -0.37685521709105724, -0.06204760915132494, 0.3956314112281078, 0.4891841862391359, 0.6973589229249081, 0.03801094555910299]], "inverted": true, "swapped": true, "error_lsq": 0.04510253607415857, "error_max": 0.26773886366980754, "target": "600.xyz", "model": "16.xyz", "model_rescale": 3.7852294659196426, "target_rescale": 3.828084373262782},
{"mapping": [8, 11, 7, 2, 3, 1, 5, 0, 9, 10, 4, 12], "R": [[0.12311988869888366, -0.7453655535120393, -0.6551882818278014], [0.9044065866178171, 0.3560528333718529, -0.23510658419147842], [0.40852199339703077, -0.5636103010818446, 0.7179507012499877]], "T": [0.03714111474118906, 0.01423184084715733, 0.01644600443787183], "aligned_model": [[-0.2042822131147987, 0.48362398749293234, 0.6130025621474957, 0.03490274994567297, -0.6947367679660983, -0.11130502801414335, 0.30335648963363193, -0.4886594718260494, -0.014520591427710644, 0.44940235110263205, -0.12071567741421499, 0.07784238088744076], [-0.5660136166060044, -0.48931009738096876, 0.2140743056358373, 0.03868765507372687, 0.15143770767033995, 0.6206803307751997, 0.5893498572046335, -0.10284537214827341, -0.7485738628328285, -0.18442008315563782, 0.45395877120285505, -0.05416477817541812], [-0.1545390742221707, -0.27515412453687055, -0.32978164875395566, -0.5946873066357652, -0.26288298810632094, -0.27413638665307205, 0.19131067208774563, 0.435461308575432, 0.41983206277509477, 0.6796451912308461, 0.5489008334890837, 0.0624150911461594]], "inverted": true, "swapped": false, "error_lsq": 0.03810672305280495, "error_max": 0.22501446201562894, "target": "600.xyz", "model": "17.xyz", "model_rescale": 3.901054581598922, "target_rescale": 3.828084373262782},
{"mapping": [8, 2, 13, 5, 4, 10, 11, 1, 0, 12, 6, 14], "R": [[0.21139128140271438, 0.9759019510314912, 0.054121235387298794], [0.39338067782686814, -0.1356391321617143, 0.9093149444163399], [0.894743185757451, -0.17093100303732492, -0.41257390094534796]], "T": [0.05470716193294954, -0.010778359832937515, 0.051470569894703465], "aligned_model": [[-0.31652535185148634, 0.3385266493392781, 0.7192201535200206, 0.24189186322587636, -0.6921004629073072, -0.2212820564776004, 0.22734650473472895, -0.45821731407178523, 0.03028568458215782, 0.6451186884523717, -0.28346082204762535, 0.0971072349481614], [-0.35506387621927604, -0.7047932901767054, -0.13117958703565644, -0.05292454514272846, 0.1302849428715143, 0.6663851761535067, 0.7022714731163732, -0.2613708103765868, -0.6630326623902238, 0.1830016710794444, 0.3872147469662749, 0.022067578417524766], [-0.3775657409878998, -0.29713791682994917, -0.21579002727715682, -0.542896011990021, -0.16751227422869955, -0.3196537286635161, 0.3652962890042213, 0.45121730857012177, 0.4380872207764241, 0.45870346769375525, 0.5908865937769804, 0.06274845055194632]], "inverted": false, "swapped": false, "error_lsq": 0.05315912274651391, "error_max": 0.2970793759336233, "target": "600.xyz", "model": "18.xyz", "model_rescale": 3.9405287249114394, "target_rescale": 3.828084373262782},
{"mapping": [13, 11, 5, 9, 4, 8, 6, 12, 14, 10, 1, 15], "R": [[-0.9456968451790874, -0.12640901503121765, 0.29946324972717286], [0.2526153864180177, 0.2939502440870358, 0.9218344322849131], [-0.204555477959397, 0.9474249389371222, -0.24605495629390028]], "T": [-0.08823601796196191, 0.005517970564602463, 0.08276057721921826], "aligned_model": [[-0.20601867295433962, 0.42114355959827887, 0.5866906918244426, 0.19986143283700142, -0.7661321678403431, 0.016448189401668464, 0.2255171998260178, -0.4996274076614766, -0.01241713281892455, 0.5146363675582931, -0.1005532377205719, -0.05163805060325588], [-0.5885165199310182, -0.4556537091197511, 0.342142201025432, -0.12440160087616892, 0.2105878007610625, 0.6230548963284323, 0.6802922317363617, -0.1747554707474817, -0.7028172218866203, -0.30710281325506644, 0.4110957021649908, 0.00893532106328868], [-0.20806603032644977, -0.13418718082745745, -0.2671261282190146, -0.6166181547681938, -0.09908607064469177, -0.34145813710484796, 0.15000691823503234, 0.3964446109984232, 0.38649024957103495, 0.47863577124837103, 0.603216544335304, 0.09813123789869647]], "inverted": true, "swapped": false, "error_lsq": 0.045611604621846706, "error_max": 0.26004835389793607, "target": "600.xyz", "model": "19.xyz", "model_rescale": 4.410303926677745, "target_rescale": 3.828084373262782},
{"mapping": [5, 10, 11, 9, 7, 12, 4, 1, 3, 6, 2, 13], "R": [[-0.5751019130343492, 0.7539682935847187, 0.31747378142640315], [0.7684388356605243, 0.6309944518589569, -0.10652585400696259], [-0.280641311059028, 0.18269596052502698, -0.9422646340253401]], "T": [-0.01755216406032285, -0.03430181997272679, 0.12272879896561184], "aligned_model": [[-0.19835863218476282, 0.3470212064538251, 0.6903662546736778, 0.12037244973741427, -0.5985601404187593, -0.05205685107225291, 0.3488909097446073, -0.7411993627404577, 0.20260106857013033, 0.4882459119090095, -0.2425326025287647, -0.03687944069687652], [-0.7922934756515079, -0.5662383103689609, 0.2517352466709643, 0.019793617447260166, 0.3370119948337341, 0.5557243040429413, 0.5300532649257729, -0.14666644701837414, -0.5908007944691884, -0.020904785515760665, 0.4127833648624863, -0.06733716249590549], [-0.18030320260202248, -0.3864507771213741, -0.20002131089758368, -0.5495116426530844, -0.05449689698015389, -0.34775343963838257, 0.32843783334048837, 0.2865238343106457, 0.5323678367161114, 0.4064445880786237, 0.5564422614745625, 0.05470454636837577]], "inverted": false, "swapped": false, "error_lsq": 0.04760118849343706, "error_max": 0.2981984104504233, "target": "600.xyz", "model": "20.xyz", "model_rescale": 4.121658175737393, "target_rescale": 3.828084373262782},
{"mapping": [1, 2, 4, 3, 5, 7, 11, 8, 6, 10, 9, 12], "R": [[0.6944529725281715, 0.710367494885007, -0.11451240612958324], [0.4472771652029221, -0.5508452772609594, -0.7046365148126621], [-0.5636294939362426, 0.4381181378693384, -0.7002672995614452]], "T": [-0.025263377643839475, -0.04082990971332106, 0.04074610347444418], "aligned_model": [[-0.1886462112024417, 0.4702071103252291, 0.5309091462007093, 0.10327662757636245, -0.6744912567526191, -0.16919218529673466, 0.4349715186653539, -0.5371316554531611, -0.0017313050805620699, 0.5117142660759945, -0.07981575035497096, -0.07215953325636941], [-0.590158171608118, -0.5415189403220297, 0.015798429951407796, 0.1499275928276116, 0.03264513602990753, 0.5764833048434598, 0.709183796944523, -0.16090015352679196, -0.5711329601255298, -0.1015173827417356, 0.39784200458873265, 0.006208160402024307], [-0.35157949647468745, -0.24215162431587, -0.08808307332226745, -0.6147916492372637, -0.15162881336164072, -0.2142577262190994, 0.05598694287410421, 0.46178898180108646, 0.41604515537371617, 0.6034583589207904, 0.6128071713813585, -0.04121059702402032]], "inverted": false, "swapped": false, "error_lsq": 0.05014596866479524, "error_max": 0.28333670856170123, "target": "600.xyz", "model": "21.xyz", "model_rescale": 4.08911054899281, "target_rescale": 3.828084373262782},
{"mapping": [13, 7, 6, 0, 2, 1, 11, 14, 12, 5, 15, 16], "R": [[-0.29236886310401916, 0.6419569985441519, -0.7088100309021081], [-0.9375119142897824, -0.04618512748340503, 0.34487438954501903], [0.1886580463483368, 0.765348382123805, 0.615345427811488]], "T": [0.04263391920959637, -0.02016024103035987, 0.07696440685498257], "aligned_model": [[-0.20160330726373205, 0.3575434044097624, 0.6570038790485878, 0.10861729074457116, -0.5725960921663089, -0.046670415036005615, 0.19686007823200843, -0.38100273920147054, -0.008633291175268017, 0.5897735376506227, -0.4033510464143501, 0.03196947261837296], [-0.5874466947184585, -0.5733130667534793, -0.026278127368136055, -0.038715264253489444, 0.29987924686491685, 0.6913775186343132, 0.6504188967255354, -0.25251582500171743, -0.698741461516491, 0.08110744730250344, 0.4199257403055433, -0.0428375929575793], [-0.15811903087476264, -0.24028967985617133, -0.3450264135020045, -0.6946451472417388, -0.12383546531476108, -0.26323720061089523, 0.41227164229466284, 0.4992977469960353, 0.3630914876722164, 0.5106833794398743, 0.4496958884381672, 0.03649642295558418]], "inverted": false, "swapped": false, "error_lsq": 0.04403846585122464, "error_max": 0.2461302467841999, "target": "600.xyz", "model": "22.xyz", "model_rescale": 4.204369325754507, "target_rescale": 3.828084373262782},
{"mapping": [13, 11, 5, 9, 4, 8, 6, 12, 14, 10, 1, 15], "R": [[-0.9456968451790874, -0.12640901503121765, 0.29946324972717286], [0.2526153864180177, 0.2939502440870358, 0.9218344322849131], [-0.204555477959397, 0.9474249389371222, -0.24605495629390028]], "T": [-0.08823601796196191, 0.005517970564602463, 0.08276057721921826], "aligned_model": [[-0.20601867295433962, 0.42114355959827887, 0.5866906918244426, 0.19986143283700142, -0.7661321678403431, 0.016448189401668464, 0.2255171998260178, -0.4996274076614766, -0.01241713281892455, 0.5146363675582931, -0.1005532377205719, -0.05163805060325588], [-0.5885165199310182, -0.4556537091197511, 0.342142201025432, -0.12440160087616892, 0.2105878007610625, 0.6230548963284323, 0.6802922317363617, -0.1747554707474817, -0.7028172218866203, -0.30710281325506644, 0.4110957021649908, 0.00893532106328868], [-0.20806603032644977, -0.13418718082745745, -0.2671261282190146, -0.6166181547681938, -0.09908607064469177, -0.34145813710484796, 0.15000691823503234, 0.3964446109984232, 0.38649024957103495, 0.47863577124837103, 0.603216544335304, 0.09813123789869647]], "inverted": true, "swapped": false, "error_lsq": 0.045611604621846706, "error_max": 0.26004835389793607, "target": "600.xyz", "model": "23.xyz", "model_rescale": 4.410303926677745, "target_rescale": 3.828084373262782},
{"mapping": [11, 9, 4, 10, 1, 3, 2, 7, 13, 5, 0, 16], "R": [[0.6340511465901348, 0.3461841385329691, -0.6914735611257468], [0.4169749735597584, 0.6000017662993995, 0.6827369565670516], [0.6512380631785695, -0.7212173199984782, 0.23608168586664777]], "T": [0.11819322085826356, -0.21807682204426232, 0.0815452004364193], "aligned_model": [[-0.2730552405539715, 0.35030422987166115, 0.5230868615183859, 0.09817269890931953, -0.6008642963941889, -0.03053967437011834, 0.30338674905703916, -0.49493753543667673, -0.08130876480196583, 0.5944140315048003, -0.13682819523017276, 0.0760799073726779], [-0.5880392105979684, -0.567131715790295, 0.29573575826019566, -0.07604102603676055, 0.14404809852204842, 0.6275105162856309, 0.6567538929010512, -0.21698748470337714, -0.6313348034079441, 0.024065229991546394, 0.3640997006524899, -0.109818138813156], [-0.2512820206693044, -0.3839707974359551, -0.13279598801091844, -0.5534421676497672, -0.2153675449247721, -0.1869907632019943, 0.263941824527823, 0.33845060269890626, 0.6140894919145813, 0.4134834470591543, 0.48949174698772213, 0.050775799100731336]], "inverted": true, "swapped": false, "error_lsq": 0.03982063932596389, "error_max": 0.22271994345798365, "target": "600.xyz", "model": "24.xyz", "model_rescale": 4.28219845311461, "target_rescale": 3.828084373262782},
{"mapping": [14, 10, 5, 11, 13, 9, 3, 2, 6, 1, 4, 15], "R": [[0.822732237958071, 0.5617225503346158, 0.08705998547024421], [-0.5676185762065421, 0.8036897496281514, 0.17858314110771276], [0.03034495954457992, -0.19634297234231277, 0.980065620579573]], "T": [-0.03683737504890064, 0.061064182289819684, 0.030363644950536544], "aligned_model": [[-0.33160673237271643, 0.2733554594906814, 0.7645993850972858, 0.1006766227814539, -0.6061022902842962, 0.07354687286337575, 0.28229439130347767, -0.5285190352730034, 0.12504879001253602, 0.4722010122686041, -0.256008252469635, -0.04157545197097302], [-0.5736843710910204, -0.5986653513274264, 0.17774655452264773, -0.08859090844278489, 0.17527959822175526, 0.57225842363519, 0.6996751177114392, -0.3106915137398992, -0.746165372843963, 0.18662349039559428, 0.38983781511792087, 0.039237335104007814], [-0.2702189973601336, -0.28307241982400183, -0.23300876136919466, -0.4747802211580441, -0.09536921464685534, -0.39785294663255705, 0.33099021351120034, 0.3284020180783076, 0.3969293959983373, 0.3977764634964664, 0.6456039214875576, 0.10098417881512418]], "inverted": true, "swapped": false, "error_lsq": 0.04313893779651972, "error_max": 0.2620151623897973, "target": "600.xyz", "model": "25.xyz", "model_rescale": 4.100010024507729, "target_rescale": 3.828084373262782},
{"mapping": [4, 6, 2, 5, 9, 7, 3, 10, 0, 1, 8, 11], "R": [[-0.2992357584205154, 0.54216095911028, -0.7851875287465538], [-0.9060967229114024, 0.09646948247880505, 0.4119251967038301], [0.2990763942736311, 0.8347185953163456, 0.46238314958634763]], "T": [0.08894524455164299, -0.006693649996392697, 0.06370930256817303], "aligned_model": [[-0.3146170105782206, 0.3933309813779574, 0.7730924524169169, -0.0385402319048313, -0.6937901159229087, -0.11502272305469735, 0.35219998030956845, -0.4599803190232796, 0.03492184590334114, 0.513503818114607, -0.10343563154981822, -0.013752274641844559], [-0.6299607007575028, -0.4778772736841774, 0.18577869357050633, -0.07671921896919609, 0.1489753335113803, 0.5549027379992638, 0.7351607286789791, -0.1445636095728622, -0.5974572326634457, -0.07759824360948038, 0.3392672023130667, -0.03704759955307022], [-0.399448629353858, -0.2615866459588971, -0.14281982689470105, -0.6731964195593125, -0.14221161714455605, -0.25497990634251916, 0.259721168007356, 0.3714022703702153, 0.5347924562966063, 0.623949527808155, 0.53291982689021, -0.002158573722491869]], "inverted": true, "swapped": false, "error_lsq": 0.03954025173042248, "error_max": 0.19134105252101902, "target": "600.xyz", "model": "26.xyz", "model_rescale": 3.6694154284099745, "target_rescale": 3.828084373262782},
{"mapping": [9, 12, 2, 10, 8, 4, 0, 7, 3, 6, 5, 13], "R": [[-0.09385395727375462, -0.9817845957664504, 0.16519819072787803], [-0.9547000220324047, 0.04168853750982793, -0.2946352554797509], [0.2823814842290171, -0.1853674010067568, -0.9412224094275581]], "T": [0.009417689707148548, -7.260093392894972e-05, 0.030290400221815388], "aligned_model": [[-0.2699185685153262, 0.5156935020822746, 0.6201294394629407, -0.08668565782576637, -0.5702597308310571, -0.06298687338147635, 0.2737390647279913, -0.3972031584711237, -0.018998527663297706, 0.5592143898738023, -0.29518167413917273, 0.06036856612700145], [-0.5523611975989553, -0.6005666086709858, 0.19241814924044806, 0.0802413107015834, 0.16425814921085274, 0.7074539280559484, 0.5715310001003502, -0.24082809638778815, -0.7008999764924396, -0.18679804460306473, 0.47029654386801373, 0.01811565983949866], [-0.2557377387897085, -0.08295518173723121, -0.19798162174059522, -0.5581010868710958, -0.18261024586709396, -0.3816493527863254, 0.2311308272400763, 0.4460124250821696, 0.4313698544346539, 0.3964155550211196, 0.5888157755485374, 0.011674420861700514]], "inverted": false, "swapped": false, "error_lsq": 0.03735265605708677, "error_max": 0.21624979626281274, "target": "600.xyz", "model": "27.xyz", "model_rescale": 4.103607728864725, "target_rescale": 3.828084373262782},
{"mapping": [2, 1, 5, 0, 10, 9, 6, 13, 4, 7, 11, 14], "R": [[-0.13404498943999787, 0.9895875468684175, -0.05242545077515548], [-0.7212508764321127, -0.061144748775873614, 0.6899699217669161], [0.6795801012772077, 0.13029891319609188, 0.7219370326891241]], "T": [-0.14841190021603662, 0.04688372733157269, 0.05759251241765158], "aligned_model": [[-0.2659917769006244, 0.4992356691899203, 0.5095191852668197, 0.1509917585987422, -0.4741831886194803, 0.04808306075776789, 0.11447843848486494, -0.456015453675225, -0.09303596791640201, 0.5096857278244997, -0.14414197897299888, -0.070714702591094], [-0.6311926073635457, -0.5102856175800375, 0.30016102866078576, -0.1563316013083653, 0.4175841243730036, 0.639368257273094, 0.6090769893070619, -0.2531799488803917, -0.8054115466985012, 0.03773011492819541, 0.3369273064554699, -0.06158568190330813], [-0.20261541051582094, -0.2125477826295556, -0.13764504997393845, -0.557836378905897, -0.06980277631406719, -0.4720070893050731, 0.18445727844413173, 0.5425815608209559, 0.36113091051987606, 0.3523889996945047, 0.680422925484375, -0.022143556923284763]], "inverted": false, "swapped": false, "error_lsq": 0.049744842383286185, "error_max": 0.25692760429027295, "target": "600.xyz", "model": "28.xyz", "model_rescale": 4.137296879288765, "target_rescale": 3.828084373262782},
{"mapping": [4, 7, 8, 9, 2, 0, 3, 10, 6, 5, 11], "R": [[0.504953440382071, 0.28820051575892147, 0.8136107704317846], [-0.8051710160740705, -0.1823556963757067, 0.5643102292831316], [0.311001057748297, -0.9400462024366797, 0.1399695658485005]], "T": [0.08206006380222881, 0.03345788623452353, -0.060810299100711465], "aligned_model": [[0.4851072223866781, 0.037541799295407255, -0.15101751110886036, -0.5712914766556292, -0.10125390884041761, 0.6071523621091072, 0.5312463102740738, -0.4049466932248716, -0.44526208741375123, 0.1650614765751509, 0.06908151731301063], [-0.31893987807075075, -0.6389765411495573, -0.29528112441820165, 0.14283486080954375, 0.6952299235821839, -0.15704153755038483, 0.3946119461191073, -0.37135666561644143, 0.20405777542671252, 0.30606545095417437, -0.0420563934384342], [0.4053783490489947, -0.16397840137333014, -0.8063301103821149, -0.33445144186762965, -0.0828069867295225, -0.48588268898594217, -0.02412708860172825, 0.2983728105339351, 0.4583916332931115, 0.6495876869618277, -0.10839974011460232]], "inverted": true, "swapped": true, "error_lsq": 0.043625028396857175, "error_max": 0.24729512159949235, "target": "600.xyz", "model": "29.xyz", "model_rescale": 3.607286011436655, "target_rescale": 3.828084373262782},
