[{"mapping": [8, 6, 2, 3, 4, 10, 9, 0, 7, 5, 1, 11], "R": [[-0.1913630176037262, 0.32629691816237455, 0.9256946130832419], [0.9673865151096326, 0.22217112309434894, 0.12166890501289368], [-0.16596242308919465, 0.9187874146181654, -0.3581705750918561]], "T": [-0.055655631782942555, -0.04031828212130186, -0.0776073338908771], "aligned_model": [[0.022368434508816912, -0.4039272195647643, 0.6771167652667389, -0.26248356128473693, 0.4215461707195507, -0.5452479808942466, -0.573930376664599, 0.4371951378366118, -0.5567050967109107, 0.009272442864449462, 0.23279413489145342, -0.016545336221834836], [-0.6684082642593423, -0.4531771488412162, -0.333532911047297, -0.06563612449629627, 0.06285895595454147, 0.4159304216810187, -0.3175622305454764, 0.32570108680878984, 0.29426414241244364, 0.6778921722082335, -0.08931658751859395, 0.012364465611258889], [-0.12779408621004174, 0.4055168165814768, 0.08307882323623222, -0.7338189836064251, -0.7210211695945778, -0.19549625591174394, -0.23215022860943937, -0.0006701227708233171, 0.6528769881547984, 0.33305605739723615, 0.5675875651068096, -0.0546471779555942]], "inverted": true, "swapped": false, "error_lsq": 0.05665774588676442, "error_max": 0.3259493643235077, "target": "601.xyz", "model": "0.xyz", "model_rescale": 3.751011558992144, "target_rescale": 3.7692467065558852},
{"mapping": [6, 7, 4, 11, 10, 13, 12, 5, 3, 2, 0, 14], "R": [[-0.6929991208060542, -0.7096545542448014, 0.1270536587495554], [-0.7128021305442198, 0.7008561351410088, 0.026717045623152743], [-0.10800620932917447, -0.07204922952274123, -0.9915359636803511]], "T": [0.0705585493443836, -0.0056619830518452995, 0.0035713743222616336], "aligned_model": [[0.03045297553786979, -0.320349625118143, 0.8041476473662701, -0.2894496126855244, 0.46359493718357864, -0.32779968946964805, -0.6570070902269718, 0.24495136055685904, -0.5203376154536141, 0.06872849848318369, -0.08253883267441714, 0.027060561247086057], [-0.7408482543250564, -0.484629863748484, -0.28623262729442966, -0.40495422796585095, -0.10579871700395933, 0.5973716841074378, -0.07099718215860397, 0.5660599159876211, 0.22365559675839794, 0.657763073422352, -0.08681944081874798, -0.0031919789926125497], [-0.1434607131660947, 0.2432745077948755, -0.08970841321257624, -0.5860817570609758, -0.709133880658072, -0.06828478854487686, -0.1319079818543017, -0.17755638321847717, 0.42978852499755466, 0.4971318542476324, 0.7421369957583587, -0.029679739265139084]], "inverted": false, "swapped": false, "error_lsq": 0.048575507536299974, "error_max": 0.28097016279663434, "target": "601.xyz", "model": "1.xyz", "model_rescale": 3.9405287249114394, "target_rescale": 3.7692467065558852},
{"mapping": [5, 2, 0, 9, 11, 3, 8, 6, 4, 7, 1, 12], "R": [[-0.27152317076638344, 0.8249984836649485, 0.49563360427588576], [0.8195240313916338, -0.07183084515813604, 0.5685250140983004], [0.5046340552406012, 0.5605513639573129, -0.6566023443889172]], "T": [-0.06008391929631257, 0.03563972297823384, -0.006585142050365405], "aligned_model": [[0.19830407577833525, -0.060392882500424794, 0.7088278419755376, -0.45533486762023717, 0.25851228078602534, -0.27532438630605066, -0.8026825702006462, 0.3994155630383901, -0.5901771582673356, 0.06923790950868142, 0.08300339981582666, -0.0919356912615728], [-0.5928768393155782, -0.601275316359959, -0.2557873526174461, -0.28873131155639353, -0.05420856563955087, 0.551529955329334, -0.02801825032103733, 0.31092814863113816, 0.2162646678730402, 0.7345111733347754, -0.0979283663719284, -0.033029965018330665], [-0.2640319429635277, 0.23530070856553484, 0.1570453907466963, -0.6302366688616393, -0.6374876982052226, -0.12628680492540229, -0.2191520167516117, -0.09841216326476247, 0.4154000581187499, 0.3452165259775407, 0.7608208241597716, 0.03834201322178046]], "inverted": false, "swapped": false, "error_lsq": 0.0471850643666307, "error_max": 0.2683350349018189, "target": "601.xyz", "model": "2.xyz", "model_rescale": 3.932901565614263, "target_rescale": 3.7692467065558852},
{"mapping": [2, 6, 1, 4, 0, 7, 5, 3, 12, 8, 10, 13], "R": [[0.3204328787168611, 0.7579171768804133, -0.5682291115622726], [-0.5616907725857908, 0.6350493855503552, 0.5302977973781278], [0.7627753576441774, 0.1492441988880662, 0.629205787377275]], "T": [0.023259946741515082, 0.13127284891401253, 0.05276482975935999], "aligned_model": [[0.10454176547634983, -0.2723258039170901, 0.5980517074233367, -0.30388197651121107, 0.3717104820451063, -0.3779698530558954, -0.67360249058142, 0.3931274845968798, -0.49226295685970134, 0.07181790718069794, 0.07879270036848907, -0.05654545141901233], [-0.6138701580191384, -0.46559922472654, -0.33317081399281934, -0.2592866857892328, -0.04450563653212114, 0.5175565221544678, -0.04429735938349902, 0.44241011383704304, -0.06640999035152056, 0.8460632010470615, -0.19871550110166364, 0.08120351082602648], [-0.311041462572259, 0.20463665860649738, 0.10448655391981344, -0.6569307503597972, -0.49187677500831745, -0.3939365457584832, 0.033856337979912485, -0.1117863321880576, 0.5802943939375426, 0.21246330347594755, 0.6861440545763489, 0.12020878920876]], "inverted": false, "swapped": false, "error_lsq": 0.04643280138428304, "error_max": 0.2615067472561312, "target": "601.xyz", "model": "3.xyz", "model_rescale": 3.9243930471874484, "target_rescale": 3.7692467065558852},
{"mapping": [6, 3, 10, 5, 11, 1, 0, 9, 2, 7, 4, 12], "R": [[0.0015332824764501818, -0.6320701866087506, -0.7749096258566069], [0.16865164129945492, -0.763647026724898, 0.6232173316438038], [-0.9856745268758076, -0.13164534847309284, 0.10542878778374792]], "T": [0.11389442139642272, 0.01576205573136512, -0.003657426491402292], "aligned_model": [[0.012495596082671506, -0.18170958086528463, 0.6778429425823396, -0.3937807682043267, 0.5667927852376481, -0.3295120345281978, -0.7339633206657256, 0.48374029007715735, -0.589869264585693, -0.18402266098025313, 0.09940745947774561, 0.014032071118447204], [-0.6193966561552009, -0.5113838142144582, -0.3550699277655963, -0.11563251957264993, -0.16875857990386361, 0.5367173537386215, -0.0494717969057087, 0.4804152395363249, 0.048468488219379754, 0.57321176904683, 0.032610523651842103, 0.009667898292543824], [-0.3319990225103961, 0.29246564929060337, 0.20023819628368103, -0.5501228574377738, -0.6257259825543414, -0.2089781324735873, -0.017945430410498682, -0.3844445638484584, 0.59204506123242, 0.4897126050922472, 0.5895318573827888, -0.06825915422877707]], "inverted": true, "swapped": false, "error_lsq": 0.044112402437927876, "error_max": 0.24275862400001763, "target": "601.xyz", "model": "4.xyz", "model_rescale": 3.8936222436046832, "target_rescale": 3.7692467065558852},
{"mapping": [7, 10, 8, 5, 6, 1, 4, 9, 2, 0, 3, 11], "R": [[0.8235340233692419, -0.34728721236460414, 0.4485346190443854], [-0.1690584659760641, -0.9050202491813821, -0.39033009575677036], [0.5414895635514035, 0.24562153956787228, -0.8040268104144408]], "T": [0.024840494176364282, -0.0626049470956246, 0.02319209874493385], "aligned_model": [[0.13813841611965824, -0.1868587560556165, 0.636028592653695, -0.4027626941155828, 0.24815377929417162, -0.3041442564629294, -0.7325800740269706, 0.5173343542764955, -0.5502156288633203, 0.011529612781590239, 0.1670701567949094, -0.10023998764957168], [-0.6093655487260394, -0.5495879388959707, -0.3540578495325233, -0.1265304567848506, 0.012664094056087469, 0.6062236557568693, -0.2834082628522305, 0.3059611123514788, 0.1214258897454168, 0.717138026414707, 0.07244530283146318, -0.05153004639634452], [-0.3053865870764893, 0.3659724841719094, 0.3187714286575585, -0.6625483037547276, -0.7377772674201637, -0.2726898050853464, -0.0672765561598296, -0.03718009194386289, 0.462056054168794, 0.4409743682044956, 0.5633903821439417, -0.09178788008837208]], "inverted": false, "swapped": false, "error_lsq": 0.04948722312629248, "error_max": 0.3421176836884432, "target": "601.xyz", "model": "5.xyz", "model_rescale": 3.6523030999806103, "target_rescale": 3.7692467065558852},
{"mapping": [10, 6, 9, 4, 11, 3, 2, 7, 1, 5, 8, 12], "R": [[-0.16619495264762113, -0.40118713320639027, -0.900793051629559], [0.2552728005718227, -0.8998611275272949, 0.35367463642947944], [-0.9524783645850827, -0.17116902557105412, 0.25196454052580985]], "T": [-0.05584777678847352, -0.0003224904423509145, 0.0592727515329034], "aligned_model": [[0.04587430929485104, -0.27128852156633654, 0.6170317090441982, -0.24761162723795507, 0.4017608197175009, -0.3046951236376466, -0.7495867169283492, 0.32937608953753683, -0.6517899698840318, 0.08899335121640059, 0.23351166464855666, -0.050122469458196414], [-0.7341922750035438, -0.4983069061810447, -0.2642260286568945, -0.15811953848620433, 0.026945371815164904, 0.5190043426562925, -0.20755003932986052, 0.49500937777407705, 0.19194136760174757, 0.5035521290109626, -0.1172858039717621, 0.10460598073912902], [-0.18518746645349715, 0.4173527275760509, 0.04342992211243596, -0.4578909742023343, -0.6920060510648514, -0.3293341724118984, -0.16875062473539726, -0.21103628057525098, 0.35970972890402814, 0.4940542431994631, 0.6561762609931523, 0.050000912476006874]], "inverted": false, "swapped": false, "error_lsq": 0.04406104814521657, "error_max": 0.21703374316900595, "target": "601.xyz", "model": "6.xyz", "model_rescale": 4.08911054899281, "target_rescale": 3.7692467065558852},
{"mapping": [13, 11, 5, 2, 7, 0, 1, 6, 9, 3, 8, 14], "R": [[-0.2177503139259043, 0.9022669878122951, -0.3721546499632887], [-0.3589954117862635, -0.42861560853804165, -0.8291024993533523], [-0.9075831064434714, -0.04693551769920079, 0.41724089214352744]], "T": [0.07298609002533982, -0.1284622796018137, 0.08165601671063825], "aligned_model": [[-0.12574493773934764, -0.21824101066168186, 0.8220949517062084, -0.18924495128650434, 0.4888952732887403, -0.39353933675232045, -0.6291157175013884, 0.15904342383341807, -0.5329423097715477, 0.020537720645959157, 0.11131917836464397, -0.07160876937965077], [-0.6662260114263258, -0.5661710867386186, -0.2672319603213256, 0.04055775209501622, -0.16844141162163187, 0.6357360607162014, -0.11948575925209354, 0.27685944958097386, 0.1042405185454145, 0.6390577763056756, 0.0757267890707673, -0.12324413898598949], [-0.3735479701890687, 0.34267103340022126, 0.09060691876161599, -0.6618536692713017, -0.5700419078046727, -0.20646046308356203, -0.1302839106402675, -0.1966448952598321, 0.5212666284590629, 0.2677032381222523, 0.7312607979876691, 0.16184242533579124]], "inverted": false, "swapped": false, "error_lsq": 0.053091933912590365, "error_max": 0.33506251263376247, "target": "601.xyz", "model": "7.xyz", "model_rescale": 3.964800864290218, "target_rescale": 3.7692467065558852},
{"mapping": [2, 4, 0, 7, 1, 9, 12, 5, 11, 10, 6, 13], "R": [[-0.5995405251448718, -0.5179838588983379, -0.610117923544128], [-0.3934074907538531, -0.47313416760814836, 0.7882731795897293], [-0.6969804193288133, 0.7126266774142906, 0.07988437713157803]], "T": [0.04157627843268955, -0.01678410770470623, 0.005203978574798193], "aligned_model": [[0.053669176914231655, -0.3205420170630274, 0.6354063868570967, -0.20253613990251051, 0.40226239560877736, -0.466493986511521, -0.6816068796818018, 0.436044206312814, -0.543917491227873, 0.0084282583452304, 0.09478020506999005, 0.025959400025121974], [-0.6616584384139013, -0.5072403125395579, -0.4141551670707843, -0.21327208310568307, -0.14424548331241374, 0.4458933972930732, -0.08680188050376941, 0.698469814025761, 0.10411404901661309, 0.7571633610131825, -0.16930917585486466, 0.052419897420408604], [-0.14512761209321434, 0.3565107479660423, 0.0564037444891166, -0.634057132160931, -0.6403802636252598, -0.03542678608898446, -0.2016258273052512, -0.1733390254649239, 0.5794112633454911, 0.279139258224364, 0.562349622867833, -0.02733976433637475]], "inverted": false, "swapped": false, "error_lsq": 0.040234889209387954, "error_max": 0.23306596230165108, "target": "601.xyz", "model": "8.xyz", "model_rescale": 4.121658175737393, "target_rescale": 3.7692467065558852},
{"mapping": [10, 5, 0, 11, 3, 8, 7, 2, 9, 6, 4, 12], "R": [[-0.3465179877842474, 0.25877156368581977, -0.9016443655730082], [0.6833839060402349, -0.5888024389651518, -0.4316226648750972], [-0.6425820734405434, -0.7657342657190449, 0.027190314388906622]], "T": [-0.05782254860436002, 0.011787547536320475, -0.01275292225449942], "aligned_model": [[0.0658469465175416, -0.146568152138343, 0.6127173299485738, -0.31171073266717747, 0.3726859007576478, -0.29912793232183377, -0.7239873328185946, 0.4507393534864151, -0.5558762572377953, -0.23635744264647474, 0.2078180867895159, 0.005273747077053262], [-0.6587747208094177, -0.5441668698487352, -0.33081838100444205, -0.0805545745357238, -0.12474343631248139, 0.6175979895824836, -0.0680129672053301, 0.3992413425067093, 0.10012189424006696, 0.6003379719286122, -0.09690513544319357, 0.04805486486951575], [-0.34671838580227016, 0.24172067150172716, 0.2148908611467107, -0.5872490467305664, -0.6598276914637617, -0.3372814384500642, -0.08393767085260223, -0.2840291640519384, 0.6485559038954702, 0.30648952425128334, 0.8273356868891893, 0.03656897548473]], "inverted": false, "swapped": false, "error_lsq": 0.04302858844344764, "error_max": 0.28105143804334465, "target": "601.xyz", "model": "9.xyz", "model_rescale": 3.833441315466971, "target_rescale": 3.7692467065558852},
{"mapping": [11, 7, 12, 8, 10, 2, 9, 0, 3, 5, 6, 14], "R": [[0.5611697285275435, -0.6938238428974278, -0.4513280523204476], [-0.6741694466177909, -0.6994918547589865, 0.23707952752798966], [-0.4801917252841671, 0.17122972917364127, -0.8602884904587164]], "T": [0.07063559344323275, 0.0329850783853273, 0.07903783505138276], "aligned_model": [[0.09514044512857948, -0.3179398822522961, 0.585844402201036, -0.2769759364118689, 0.36630984686182333, -0.4877829903437325, -0.6931772334782016, 0.5214678988642708, -0.6996523815469126, 0.03487953852204459, 0.337322517583338, -0.023982710381551073], [-0.6000244189240842, -0.4975366124039534, -0.2710388788703466, -0.18365103231304122, -0.11223023109020155, 0.4646057007717651, -0.056359849676582696, 0.459207837773983, 0.03381184077223879, 0.6849571348275164, -0.08583099722540481, 0.02546748432617485], [-0.17401466859862266, 0.18613504356725585, 0.15079697456502458, -0.5841321146824846, -0.6741177884947445, -0.05705984508953241, -0.1788721798619851, -0.20186669227336204, 0.480257976366807, 0.25535897281434783, 0.6922183897936789, 0.081814157711525]], "inverted": false, "swapped": false, "error_lsq": 0.03957169855070226, "error_max": 0.22408852814760044, "target": "601.xyz", "model": "10.xyz", "model_rescale": 4.2482417240324, "target_rescale": 3.7692467065558852},
{"mapping": [2, 6, 1, 7, 3, 9, 5, 8, 4, 10, 0, 11], "R": [[-0.029902145025994586, 0.9769000656841298, 0.21159424233468055], [0.24651598928035368, -0.19794245015869805, 0.9487089403259044], [0.9686773088866969, 0.08052979629624352, -0.23490258226871968]], "T": [0.0003232898568372375, -0.05944690940756978, 0.001077061683625355], "aligned_model": [[0.10848863670253203, -0.2787254777936708, 0.6503068509948151, -0.246753145368339, 0.43030439010439386, -0.44496588589634817, -0.7281648075208497, 0.4251255275289237, -0.6987779792222667, 0.04539040650318408, 0.2830458172379799, -0.10382081852382549], [-0.7361155283922078, -0.5241323811221978, -0.26860725356065557, 0.10209230800652438, -0.1251285982664629, 0.6169660040739318, -0.20761288679691767, 0.33291002008872494, 0.061005230825830946, 0.5352270534166236, 0.06649301990547829, 0.008280989789391437], [-0.2785246625740246, 0.35700027783152277, 0.18251541055826953, -0.6083608458090193, -0.6836665367751626, -0.1522005380216857, -0.10633851188383678, -0.20497372744333214, 0.5135107429707022, 0.24466317678595811, 0.6924861899497308, 0.020407250228785437]], "inverted": true, "swapped": false, "error_lsq": 0.04629867933087913, "error_max": 0.30177671613669943, "target": "601.xyz", "model": "11.xyz", "model_rescale": 3.6694154284099745, "target_rescale": 3.7692467065558852},
{"mapping": [11, 6, 4, 9, 8, 10, 7, 2, 5, 12, 0, 13], "R": [[-0.5961318350590453, -0.45815971216613083, 0.6593303522339794], [0.7531184581871063, -0.6037174516853926, 0.2614150463695071], [0.27827939766898124, 0.6523916896147159, 0.7049437283603885]], "T": [0.0033332644260989155, 0.011390265285632912, 0.03565486632996866], "aligned_model": [[0.05105649866865201, -0.1816987402984894, 0.5889100945183288, -0.3162670278268621, 0.3534179867406346, -0.2874135558544564, -0.725847096048034, 0.3790460234530034, -0.5663341374322813, -0.12896787141514068, 0.20167178221548696, 0.07387955802568724], [-0.6346534649305763, -0.4512929515937273, -0.4050668228007073, -0.15313693412212998, -0.02510804562338758, 0.4489043013975591, -0.0007701280841683252, 0.4775427655672652, 0.022167083298866713, 0.6261930100991535, -0.05359730353281481, 0.010196468292731064], [-0.3184335978549446, 0.3031286622417118, 0.21269135859095462, -0.6823094229887614, -0.6342006492954778, -0.32152371926866546, -0.10687037775489273, -0.22483571426343962, 0.6012816902431508, 0.29310873538492727, 0.7191578382954418, 0.13532342248790302]], "inverted": true, "swapped": false, "error_lsq": 0.03194874862264473, "error_max": 0.18802454821685569, "target": "601.xyz", "model": "12.xyz", "model_rescale": 3.9764082729961374, "target_rescale": 3.7692467065558852},
{"mapping": [4, 3, 0, 6, 5, 13, 14, 12, 11, 10, 8, 15], "R": [[-0.04667028387564759, -0.5088599032625385, -0.8595833196698308], [0.221077443131482, -0.844443154926466, 0.4878939661814672], [-0.9741389268176346, -0.16726433256817286, 0.15190784808268093]], "T": [0.1073208079793408, -0.0020285320312888166, 0.0009082012006318852], "aligned_model": [[0.18164097230132048, -0.4025106781342965, 0.7100589168160014, -0.3336570892331347, 0.4879213945250009, -0.3035507888895016, -0.6839637855939669, 0.24191176667793143, -0.5156900643227114, 0.01036463117740355, -0.00889696952822655, 0.0578252089507085], [-0.6350016790604736, -0.46060403505622177, -0.40618731038353023, -0.1597037092386227, -0.12509451223518983, 0.3774249513700525, -0.09508127420296907, 0.6043020153390914, 0.23960417171124246, 0.6167074515171549, 0.0026318199889817945, -0.09761991178145216], [-0.33027940438621955, 0.4889899680247996, -0.020780218269002962, -0.6026941831236273, -0.735856254967193, -0.24744664777142727, -0.06247885365227515, -0.14559120531829312, 0.4298788158409829, 0.5048051960324691, 0.6981345245410502, -0.00016351113335548928]], "inverted": false, "swapped": false, "error_lsq": 0.04475955434913257, "error_max": 0.2351045113916631, "target": "601.xyz", "model": "13.xyz", "model_rescale": 4.170626492500431, "target_rescale": 3.7692467065558852},
{"mapping": [1, 3, 9, 0, 7, 4, 2, 8, 6, 12, 11, 13], "R": [[0.4211072853201525, -0.29674192933873716, 0.8570956082156853], [0.510357516186425, 0.8587015416068009, 0.04654963065510037], [-0.7498025472898278, 0.4178227971454253, 0.5130499490919556]], "T": [-0.0670785114532865, 0.017568794086786223, -0.0006531055006124501], "aligned_model": [[0.18356175827552337, -0.31179144605894826, 0.5454695579335073, -0.18804449020856465, 0.4478489698413305, -0.41612923747338226, -0.6922100208493138, 0.21282960868132364, -0.5858647991433298, 0.19204098679737955, 0.12592610894487935, -0.07218348199387609], [-0.6412937321969477, -0.5557369364128804, -0.44743488682738586, -0.1839772936419758, -0.02386419669133045, 0.6108764358270383, -0.07538613084749604, 0.57324633504378, 0.03559449873153142, 0.6570323545363197, -0.11576088440988877, 0.028082414857299568], [-0.3070745416708504, 0.2941514457580345, 0.25402880962227364, -0.5489275012486632, -0.625603342856812, -0.1715705227245024, -0.18368901762457465, -0.406153053174617, 0.6611815632097318, 0.24357949197503506, 0.6661542613363763, 0.10044063321647598]], "inverted": false, "swapped": false, "error_lsq": 0.041472699630035297, "error_max": 0.23372166071645847, "target": "601.xyz", "model": "14.xyz", "model_rescale": 3.9786697098870705, "target_rescale": 3.7692467065558852},
{"mapping": [6, 9, 1, 7, 10, 5, 8, 4, 3, 2, 0, 11], "R": [[-0.7980353130336195, 0.18082973669231442, -0.5748393214448027], [0.5459692876560226, 0.6207207432910149, -0.5626928965116097], [0.25506308256529037, -0.7628934166553268, -0.594084555207635]], "T": [-0.030910888537454568, -0.050246832155577216, -0.028131772488611075], "aligned_model": [[0.04222523106916991, -0.3535024385507302, 0.5837821855078663, -0.22765299459798316, 0.5121256070440464, -0.35522107465594965, -0.5029675576033082, 0.31055432517707743, -0.5784473411674677, -0.1966865708572276, 0.24081647545211884, -0.0335723320710838], [-0.8280458904637388, -0.465408178643771, -0.33748534440776473, -0.24129704225658105, 0.010099982748939446, 0.5630252227318379, 0.1719547997141517, 0.45241331973759746, -0.0007312546361095615, 0.6771243942238544, 0.009166762223857282, -0.1494387930042094], [-0.15865159361834802, 0.3050198690972688, -0.04597983378964498, -0.6295204706813243, -0.6556591542771105, -0.43233454042062536, -0.024001154269119813, -0.10329166613387283, 0.7086865721031291, 0.4160494275342265, 0.6093945803321464, -0.013193810058817448]], "inverted": false, "swapped": false, "error_lsq": 0.055117736132902155, "error_max": 0.3219345294909956, "target": "601.xyz", "model": "15.xyz", "model_rescale": 3.769337070930944, "target_rescale": 3.7692467065558852},
{"mapping": [10, 2, 8, 1, 9, 7, 5, 4, 6, 0, 11], "R": [[0.12215562372508565, -0.842401859187154, 0.5248210278088731], [0.9406651718215224, -0.070403508899541, -0.33195237679013245], [0.31658654127161046, 0.5342307119332048, 0.783817905072996]], "T": [0.016767500695774797, 0.011374886237080453, 0.017476029968559306], "aligned_model": [[-0.37966159775481617, -0.4764913317547628, -0.12328185295355656, -0.5333963594718649, 0.37030412064026064, 0.5498738065969306, 0.6129360519054581, 0.2749862751184633, 0.10433321373555751, -0.43952223406434976, -0.03745396130614894], [0.10330896813746913, -0.6184726443360976, 0.7485871466597124, 0.33724858891501575, 0.17360187356570278, -0.37295399203989416, 0.2974455359385783, -0.5684407305340545, 0.6150841409823157, -0.20927853031127908, 0.0899341406478734], [-0.5571792052816522, -0.09984676007241891, -0.25092021270135356, 0.14862361411905123, -0.6607924944339082, -0.19947329056987684, 0.014636017888220984, 0.4780515150580322, 0.36900037977134365, 0.5260185566660462, -0.02390051321970732]], "inverted": true, "swapped": true, "error_lsq": 0.04779924824639145, "error_max": 0.33461938326753066, "target": "601.xyz", "model": "16.xyz", "model_rescale": 3.7852294659196426, "target_rescale": 3.7692467065558852},
{"mapping": [7, 2, 11, 5, 6, 4, 1, 10, 3, 0, 8, 12], "R": [[-0.5432716258523025, -0.8389495908772441, -0.03192999390386064], [0.26407343388674154, -0.20685812358287436, 0.9420588825668155], [-0.7969448927366688, 0.503361997646502, 0.33392444844045555]], "T": [-0.046443884501156656, 0.013377209631461448, 0.07709754528456364], "aligned_model": [[0.0518679230519768, -0.2062033828358535, 0.5397931924210314, -0.30239882858006173, 0.4287518907082488, -0.3606159926842555, -0.6732649002440105, 0.4990507546946763, -0.6415124873588806, -0.16392588158773944, 0.2287713976667347, 0.04113982949466203], [-0.5576884214687363, -0.5375566467767862, -0.41317236248876515, 0.023902245242109883, -0.14620124389494785, 0.5362247962523062, -0.218621905509444, 0.44449498027450646, 0.06912086600632351, 0.6237984657303798, -0.004037986665080364, 0.04111519126619793], [-0.3174222116962367, 0.2893139668575685, 0.18806432679621024, -0.5283653361436391, -0.6551025150099139, -0.2830593270560036, -0.08881200550743684, -0.33012247107455256, 0.6017701802003497, 0.3587551853405161, 0.6671476877738864, 0.07435074533715925]], "inverted": true, "swapped": false, "error_lsq": 0.04248224289599765, "error_max": 0.2564618153651015, "target": "601.xyz", "model": "17.xyz", "model_rescale": 3.901054581598922, "target_rescale": 3.7692467065558852},
{"mapping": [6, 7, 4, 11, 10, 13, 12, 5, 3, 2, 0, 14], "R": [[-0.6929991208060542, -0.7096545542448014, 0.1270536587495554], [-0.7128021305442198, 0.7008561351410088, 0.026717045623152743], [-0.10800620932917447, -0.07204922952274123, -0.9915359636803511]], "T": [0.0705585493443836, -0.0056619830518452995, 0.0035713743222616336], "aligned_model": [[0.03045297553786979, -0.320349625118143, 0.8041476473662701, -0.2894496126855244, 0.46359493718357864, -0.32779968946964805, -0.6570070902269718, 0.24495136055685904, -0.5203376154536141, 0.06872849848318369, -0.08253883267441714, 0.027060561247086057], [-0.7408482543250564, -0.484629863748484, -0.28623262729442966, -0.40495422796585095, -0.10579871700395933, 0.5973716841074378, -0.07099718215860397, 0.5660599159876211, 0.22365559675839794, 0.657763073422352, -0.08681944081874798, -0.0031919789926125497], [-0.1434607131660947, 0.2432745077948755, -0.08970841321257624, -0.5860817570609758, -0.709133880658072, -0.06828478854487686, -0.1319079818543017, -0.17755638321847717, 0.42978852499755466, 0.4971318542476324, 0.7421369957583587, -0.029679739265139084]], "inverted": false, "swapped": false, "error_lsq": 0.048575507536299974, "error_max": 0.28097016279663434, "target": "601.xyz", "model": "18.xyz", "model_rescale": 3.9405287249114394, "target_rescale": 3.7692467065558852},
{"mapping": [5, 8, 2, 9, 11, 13, 7, 14, 4, 12, 1, 15], "R": [[0.8239467984078483, -0.5571905833844948, 0.10320042238820143], [-0.2518987198874568, -0.19700595561685158, 0.9474891494737826], [-0.5076009341131253, -0.8066767055265313, -0.302678021085683]], "T": [-0.0214033458062309, 0.06667053657320278, 0.11288630357941536], "aligned_model": [[0.1365911807622333, -0.3427958582462907, 0.6636200000008569, -0.3128237339140795, 0.2316159090045106, -0.22831078611980835, -0.668369313571942, 0.348038447946775, -0.6407933159883353, -0.04869790865924202, 0.2893553966098115, 0.014023496922039462], [-0.6843710873963129, -0.6111146351484558, -0.46818253298387214, -0.2507443441837033, 0.05496625915883159, 0.47062825376943757, -0.08825151558321064, 0.6696446206115799, 0.21623083798307557, 0.5427052880834379, -0.03988056643776014, 0.04974740009501597], [-0.20685867511220885, 0.21079579994041714, 0.11358822785204657, -0.5221977836292672, -0.5616931717124446, -0.38242906992766373, -0.11746070258729234, -0.20282555410544784, 0.47156834898464367, 0.3826732276558884, 0.685245710279948, 0.10611186817928785]], "inverted": false, "swapped": false, "error_lsq": 0.041314053719829096, "error_max": 0.22422598627614126, "target": "601.xyz", "model": "19.xyz", "model_rescale": 4.410303926677745, "target_rescale": 3.7692467065558852},
{"mapping": [2, 4, 0, 7, 1, 9, 12, 5, 11, 10, 6, 13], "R": [[-0.5995405251448718, -0.5179838588983379, -0.610117923544128], [-0.3934074907538531, -0.47313416760814836, 0.7882731795897293], [-0.6969804193288133, 0.7126266774142906, 0.07988437713157803]], "T": [0.04157627843268955, -0.01678410770470623, 0.005203978574798193], "aligned_model": [[0.053669176914231655, -0.3205420170630274, 0.6354063868570967, -0.20253613990251051, 0.40226239560877736, -0.466493986511521, -0.6816068796818018, 0.436044206312814, -0.543917491227873, 0.0084282583452304, 0.09478020506999005, 0.025959400025121974], [-0.6616584384139013, -0.5072403125395579, -0.4141551670707843, -0.21327208310568307, -0.14424548331241374, 0.4458933972930732, -0.08680188050376941, 0.698469814025761, 0.10411404901661309, 0.7571633610131825, -0.16930917585486466, 0.052419897420408604], [-0.14512761209321434, 0.3565107479660423, 0.0564037444891166, -0.634057132160931, -0.6403802636252598, -0.03542678608898446, -0.2016258273052512, -0.1733390254649239, 0.5794112633454911, 0.279139258224364, 0.562349622867833, -0.02733976433637475]], "inverted": false, "swapped": false, "error_lsq": 0.040234889209387954, "error_max": 0.23306596230165108, "target": "601.xyz", "model": "20.xyz", "model_rescale": 4.121658175737393, "target_rescale": 3.7692467065558852},
{"mapping": [10, 6, 9, 4, 11, 3, 2, 7, 1, 5, 8, 12], "R": [[-0.16619495264762113, -0.40118713320639027, -0.900793051629559], [0.2552728005718227, -0.8998611275272949, 0.35367463642947944], [-0.9524783645850827, -0.17116902557105412, 0.25196454052580985]], "T": [-0.05584777678847352, -0.0003224904423509145, 0.0592727515329034], "aligned_model": [[0.04587430929485104, -0.27128852156633654, 0.6170317090441982, -0.24761162723795507, 0.4017608197175009, -0.3046951236376466, -0.7495867169283492, 0.32937608953753683, -0.6517899698840318, 0.08899335121640059, 0.23351166464855666, -0.050122469458196414], [-0.7341922750035438, -0.4983069061810447, -0.2642260286568945, -0.15811953848620433, 0.026945371815164904, 0.5190043426562925, -0.20755003932986052, 0.49500937777407705, 0.19194136760174757, 0.5035521290109626, -0.1172858039717621, 0.10460598073912902], [-0.18518746645349715, 0.4173527275760509, 0.04342992211243596, -0.4578909742023343, -0.6920060510648514, -0.3293341724118984, -0.16875062473539726, -0.21103628057525098, 0.35970972890402814, 0.4940542431994631, 0.6561762609931523, 0.050000912476006874]], "inverted": false, "swapped": false, "error_lsq": 0.04406104814521657, "error_max": 0.21703374316900595, "target": "601.xyz", "model": "21.xyz", "model_rescale": 4.08911054899281, "target_rescale": 3.7692467065558852},
{"mapping": [1, 6, 4, 11, 15, 9, 5, 14, 10, 12, 7, 16], "R": [[-0.3109483899589338, 0.8842004708218647, -0.3485693993745578], [-0.7959399997090388, -0.4426913838013573, -0.4129211251210272], [-0.5194137230042372, 0.1490431686003505, 0.8414246955304113]], "T": [0.05778113846865059, -0.08022310669134546, -0.0019427114046287712], "aligned_model": [[0.18311648644310768, -0.32749203260471244, 0.7039894356283299, -0.3046945621816556, 0.2538253232855131, -0.3335684974066055, -0.6259556595911889, 0.30130125735129504, -0.5458692818237466, 0.07727031345866595, -0.02719838053565144, 0.08672911272317715], [-0.7556463897830681, -0.5381569033756052, -0.2570925219812005, -0.28687280996938463, 0.029591558086823552, 0.5001450968189123, 0.04687054894613808, 0.48082538469566605, 0.2135440091447614, 0.5683526392575754, -0.04661774024457464, -0.09356489362797998], [-0.39955159016837066, 0.44238301377542777, 0.19151072610623934, -0.6436593909693846, -0.6954947533548516, -0.13447882881078776, -0.12060293061792167, -0.19622376544440082, 0.44576529717806845, 0.35010725643956037, 0.7033553452389505, 0.03340784644537839]], "inverted": true, "swapped": false, "error_lsq": 0.04238705747515864, "error_max": 0.20381877639350912, "target": "601.xyz", "model": "22.xyz", "model_rescale": 4.204369325754507, "target_rescale": 3.7692467065558852},
{"mapping": [5, 8, 2, 9, 11, 13, 7, 14, 4, 12, 1, 15], "R": [[0.8239467984078483, -0.5571905833844948, 0.10320042238820143], [-0.2518987198874568, -0.19700595561685158, 0.9474891494737826], [-0.5076009341131253, -0.8066767055265313, -0.302678021085683]], "T": [-0.0214033458062309, 0.06667053657320278, 0.11288630357941536], "aligned_model": [[0.1365911807622333, -0.3427958582462907, 0.6636200000008569, -0.3128237339140795, 0.2316159090045106, -0.22831078611980835, -0.668369313571942, 0.348038447946775, -0.6407933159883353, -0.04869790865924202, 0.2893553966098115, 0.014023496922039462], [-0.6843710873963129, -0.6111146351484558, -0.46818253298387214, -0.2507443441837033, 0.05496625915883159, 0.47062825376943757, -0.08825151558321064, 0.6696446206115799, 0.21623083798307557, 0.5427052880834379, -0.03988056643776014, 0.04974740009501597], [-0.20685867511220885, 0.21079579994041714, 0.11358822785204657, -0.5221977836292672, -0.5616931717124446, -0.38242906992766373, -0.11746070258729234, -0.20282555410544784, 0.47156834898464367, 0.3826732276558884, 0.685245710279948, 0.10611186817928785]], "inverted": false, "swapped": false, "error_lsq": 0.041314053719829096, "error_max": 0.22422598627614126, "target": "601.xyz", "model": "23.xyz", "model_rescale": 4.410303926677745, "target_rescale": 3.7692467065558852},
{"mapping": [14, 11, 9, 13, 6, 0, 7, 5, 1, 3, 10, 16], "R": [[-0.3844675346694035, -0.45317354935092985, 0.8042502402572919], [-0.7009011785154309, -0.4236751367185389, -0.5737917013012717], [0.6007680523637317, -0.7843042220307168, -0.15474053949718836]], "T": [0.05825927221971266, -0.0037290049002523095, -0.019188820503733887], "aligned_model": [[0.20255813953294988, -0.18419703284841413, 0.4451103291215795, -0.2261498850729874, 0.26546960704314376, -0.3624252399359104, -0.5969144383579212, 0.39719020128275995, -0.5929615935125381, -0.11135253993300404, 0.19161735875966357, 0.013508608667207045], [-0.6084824626130547, -0.5221641381810208, -0.41941623236018905, -0.2777233337837746, -0.10307985071505706, 0.609738893812763, -0.048281754714535344, 0.4110402848903442, 0.11127561461164624, 0.6838147085889282, -0.056190266056195336, 0.08084651448820913], [-0.28677260605727245, 0.25129489309770653, 0.24533031364153662, -0.6007601083239473, -0.743820710733554, -0.14983142292419493, -0.12259751517791824, -0.3488769989375326, 0.527639005320994, 0.5355782115501188, 0.6158288037461336, 0.05350636061583751]], "inverted": false, "swapped": false, "error_lsq": 0.04101699226572684, "error_max": 0.2667040009778572, "target": "601.xyz", "model": "24.xyz", "model_rescale": 4.28219845311461, "target_rescale": 3.7692467065558852},
{"mapping": [14, 11, 13, 6, 2, 1, 8, 4, 5, 3, 9, 15], "R": [[-0.9710220898549962, -0.23067828746216287, 0.06247902613805282], [-0.06643099914314678, 0.5116512250411988, 0.8566212385101619], [-0.22957139056615694, 0.827647601100471, -0.5121488309331153]], "T": [0.047377097279521656, -0.04080468885268068, 0.03305949422959993], "aligned_model": [[0.05703647939478644, -0.1748887872095729, 0.6061878077701112, -0.37807331745509437, 0.38405293556294945, -0.346839661331972, -0.6291827495920893, 0.42101455956091033, -0.6686861410933503, 0.01668975480209411, 0.10517742099556865, 0.04896521334218734], [-0.7349978061506188, -0.46094569607926816, -0.2396843474270232, -0.20673478051498276, -0.1959950154774987, 0.4620197699068727, -0.03215612969902666, 0.5432000484371209, 0.08160625450720521, 0.6632328149619486, -0.014821122686176247, -0.0033460118104893313], [-0.28022510023356745, 0.2986841954294383, 0.06613407938739116, -0.7438937117256266, -0.5425665708735646, -0.007414074301982113, -0.12230470034061648, -0.1992809599076542, 0.4775251065224292, 0.35467234393241137, 0.7060064912111308, -0.03081887328188189]], "inverted": true, "swapped": false, "error_lsq": 0.037778300517598014, "error_max": 0.2173474400101042, "target": "601.xyz", "model": "25.xyz", "model_rescale": 4.100010024507729, "target_rescale": 3.7692467065558852},
{"mapping": [2, 6, 1, 7, 3, 9, 5, 8, 4, 10, 0, 11], "R": [[-0.029902145025994586, 0.9769000656841298, 0.21159424233468055], [0.24651598928035368, -0.19794245015869805, 0.9487089403259044], [0.9686773088866969, 0.08052979629624352, -0.23490258226871968]], "T": [0.0003232898568372375, -0.05944690940756978, 0.001077061683625355], "aligned_model": [[0.10848863670253203, -0.2787254777936708, 0.6503068509948151, -0.246753145368339, 0.43030439010439386, -0.44496588589634817, -0.7281648075208497, 0.4251255275289237, -0.6987779792222667, 0.04539040650318408, 0.2830458172379799, -0.10382081852382549], [-0.7361155283922078, -0.5241323811221978, -0.26860725356065557, 0.10209230800652438, -0.1251285982664629, 0.6169660040739318, -0.20761288679691767, 0.33291002008872494, 0.061005230825830946, 0.5352270534166236, 0.06649301990547829, 0.008280989789391437], [-0.2785246625740246, 0.35700027783152277, 0.18251541055826953, -0.6083608458090193, -0.6836665367751626, -0.1522005380216857, -0.10633851188383678, -0.20497372744333214, 0.5135107429707022, 0.24466317678595811, 0.6924861899497308, 0.020407250228785437]], "inverted": true, "swapped": false, "error_lsq": 0.04629867933087913, "error_max": 0.30177671613669943, "target": "601.xyz", "model": "26.xyz", "model_rescale": 3.6694154284099745, "target_rescale": 3.7692467065558852},
{"mapping": [0, 2, 4, 1, 5, 3, 6, 7, 12, 9, 10, 13], "R": [[0.5391380446216386, -0.8412461027169844, 0.04043715500675952], [-0.8413202591758748, -0.5401581531428863, -0.0202334152704133], [0.03886374070769335, -0.023111993785713714, -0.9989771996404394]], "T": [0.05074426430409334, 0.02736680464472574, 0.07272567416874058], "aligned_model": [[0.11086246866834203, -0.2570505273448305, 0.6160561244019601, -0.2803270283357045, 0.40227795878269573, -0.4290289904375699, -0.5829800756469584, 0.12119485602724187, -0.6518717798279464, 0.036228027318788075, 0.32994700080778455, 0.026145480332726213], [-0.5586685386858475, -0.5211373219925994, -0.5341116260572746, -0.18248382702973007, -0.09195139166379451, 0.6433805697077702, -0.11553813277512254, 0.5123664471232909, 0.17956632265396352, 0.597219708320458, -0.04724599957156646, -0.020018232061484002], [-0.22707712936147484, 0.33066992298794456, 0.2744557977944279, -0.7184766800184763, -0.6259629040956076, -0.13506240446183326, -0.14899954230206247, -0.3221674577542718, 0.40872986254062454, 0.4467851380330785, 0.6003329914687078, 0.09329063098685028]], "inverted": true, "swapped": false, "error_lsq": 0.04258938661678233, "error_max": 0.25949261218140857, "target": "601.xyz", "model": "27.xyz", "model_rescale": 4.103607728864725, "target_rescale": 3.7692467065558852},
{"mapping": [13, 10, 12, 11, 8, 5, 6, 1, 9, 0, 3, 14], "R": [[-0.7180892918733179, 0.16809175642576052, 0.6753465261024003], [0.2998157875194252, -0.8010118768271031, 0.5181606572637765], [0.6280591233721424, 0.5745651700230574, 0.5248014890845789]], "T": [-0.045795973975138335, -0.10838229724018736, -0.02090219856144263], "aligned_model": [[0.3058270614157353, -0.32996808787868365, 0.5725582669964235, -0.34252272424357366, 0.22554152556957824, -0.43767718724989424, -0.6556041590400998, 0.3553283197092534, -0.6559234659317238, 0.09724244740768041, 0.26278125030883864, 0.043870267682994304], [-0.5454633368723237, -0.3987634749641107, -0.571313048334303, -0.4547745697956045, 0.025465365154255876, 0.5017053700459321, -0.04931264883348693, 0.6825124408092276, 0.19863054067927796, 0.4791534170225291, -0.023289293520208726, 0.01682721657687855], [-0.3452383493838577, 0.28683187106525637, 0.3541001607493453, -0.5347376417223, -0.7829656745389914, -0.11766253800666919, -0.18187429836993763, -0.14914277878788276, 0.43033109693479454, 0.3586153049291836, 0.6581192517167624, 0.00014182123220412082]], "inverted": true, "swapped": false, "error_lsq": 0.05672117505451361, "error_max": 0.30081789988779445, "target": "601.xyz", "model": "28.xyz", "model_rescale": 4.137296879288765, "target_rescale": 3.7692467065558852},
{"mapping": [1, 10, 9, 7, 5, 8, 6, 2, 4, 0, 11], "R": [[-0.8471137449920716, -0.3876731747380523, 0.3634663844622046], [-0.47783402055133406, 0.25638705357380426, -0.8402025515097479], [0.2325359151814077, -0.8854237337841485, -0.4024324288653716]], "T": [-0.02007887251139725, 0.02900498196607859, 0.01580653230964021], "aligned_model": [[0.5226740605270896, 0.11641014598264521, -0.15111696326542584, -0.6241465850495143, -0.012681917715140038, 0.6430520766584825, 0.5480404805103137, -0.3989779645945846, -0.5554073328106706, 0.06915608046736516, 0.06441692999933715], [-0.21481760353596038, -0.6238917466866502, -0.14389546107960297, 0.19186649636103267, 0.5074976768341298, -0.11271279911136012, 0.44204690708683037, -0.5215747895445534, 0.4142511312789739, 0.003180873445108867, -0.02280286839999654], [0.2842156089767988, -0.2098772164601583, -0.7353847774249302, -0.2800926963971144, -0.4405392245002137, -0.40288869841780667, -0.03255415093841822, 0.47086061463880025, 0.4400726120457486, 0.7277573679210383, -0.015815417660745557]], "inverted": false, "swapped": true, "error_lsq": 0.05128834584694251, "error_max": 0.2755597037853565, "target": "601.xyz", "model": "29.xyz", "model_rescale": 3.607286011436655, "target_rescale": 3.7692467065558852},
