[{"mapping": [4, 7, 5, 8, 6, 0, 12, 2, 9, 11, 3, 13], "R": [[0.06021953770980415, 0.4031036491404275, -0.9131708795880917], [0.869864776055846, -0.46990892702954573, -0.15006955612399975], [-0.48960073392033504, -0.7852980633795124, -0.37894336383826155]], "T": [-0.20488984595458026, -0.023565324992983763, 0.09992264889591163], "aligned_model": [[-0.21701229381884535, 0.0392681378104803, 0.47015329764145886, -0.13850950502307996, -0.018753898906744226, -0.5910515956548765, 0.37618505336273245, -0.2936092349468573, 0.4495739015099941, 0.2722243474531364, -0.5149011969196249, 0.004075449952775284], [-0.25081983570167393, -0.7922971929227535, -0.33978932358866365, 0.6240286381793919, 0.36084281396382945, -0.5918470436993333, -0.33310888164868013, -0.4979878711829311, 0.4016792388842693, 0.3892988763012188, 0.01996944308551321, 0.06358617430686973], [-0.525601071520912, -0.06286427663850244, -0.3277846206282835, -0.056352782352391495, -0.6297277526429991, -0.04276272010251511, 0.4468172872286208, 0.6816280473334791, -0.19722786815529525, 0.43390497127749617, 0.3767868659816944, 0.08513566557317033]], "inverted": true, "swapped": true, "error_lsq": 0.049656897174391895, "error_max": 0.3450663217719808, "target": "602.xyz", "model": "0.xyz", "model_rescale": 3.751011558992144, "target_rescale": 4.100653260571324},
{"mapping": [9, 12, 10, 11, 13, 2, 3, 5, 7, 0, 6, 1, 8, 14], "R": [[0.6277539806585996, 0.18264644286760212, -0.7566803926857725], [-0.6262946277187531, 0.6957769697301438, -0.3516382341039824], [0.4622553180417844, 0.6946471660497512, 0.551167248338595]], "T": [0.03064660547107348, -0.043252672771225506, 0.15669990723697888], "aligned_model": [[0.40017652440301754, -0.381634090861508, 0.7333709427364212, 0.051792948566764335, 0.020344233091983143, -0.075563326141067, -0.5671912092387071, 0.46131255703768614, -0.550789522008813, -0.5924181994148955, -0.14716590901585566, -0.2844595585382138, 0.33200399247367396, 0.024998121830433387], [-0.14112220652828794, -0.009199950151076067, 0.3513553595648067, 0.5042861617156491, -0.6161424375304201, -0.8376220632850605, -0.47306515231233354, -0.48737212638394023, 0.27104335603888485, -0.2546394101939129, 0.6862031143678164, 0.2753985843899627, -0.3039974505054602, -0.03790277847554453], [-0.3800112019368671, -0.46042256325886033, 0.005317098570592621, -0.4233734034997849, -0.2896109450376392, 0.36025536363579636, -0.04641845541527831, 0.07084656671031078, 0.10352980536918371, 0.5343378484633426, 0.1583459847980327, 0.6904180267989651, 0.6873731949792228, 0.10244785006903408]], "inverted": true, "swapped": false, "error_lsq": 0.045747944444892726, "error_max": 0.29602743347271226, "target": "602.xyz", "model": "1.xyz", "model_rescale": 3.9405287249114394, "target_rescale": 4.100653260571324},
{"mapping": [2, 0, 3, 5, 4, 10, 12, 7, 6, 8, 9, 11, 13], "R": [[0.3087199132093953, -0.9445652641967166, -0.11175185394869727], [0.9382666543511127, 0.3217025910830891, -0.12713429208202137], [0.15603749716255186, -0.06560415050447879, 0.9855700862525367]], "T": [-0.10939792940130667, 0.029573969374952817, -0.12571241501707064], "aligned_model": [[-0.15473672830583107, 0.29484568604949896, -0.39702689374116856, 0.5674986869575408, 0.44909067988136675, -0.9162810120775122, 0.04788996973069988, 0.6176900606382939, 0.12056069650576619, -0.46542375162054234, -0.06115220962592326, -0.4977405954183485, -0.10923130968990853], [0.7670860461238191, 0.4403289116241542, 0.27729350581073897, -0.24208123236623463, -0.22654549714794603, 0.019273282040100332, 0.29595863122842037, 0.3735763951996531, -0.7740190245158174, -0.53723352597648, -0.6564115962207846, -0.17536783681207452, -0.10302546541553192], [0.03350248017616919, -0.5260767491663183, -0.3005286574036455, 0.3288519847511072, -0.38176862633267944, -0.09136322371656942, 0.5511190787119947, 0.04768532054730956, -0.25284717456821953, -0.13917266530754957, 0.34815499254962434, 0.4371621924687954, 0.058401396878625556]], "inverted": false, "swapped": true, "error_lsq": 0.04829282355739675, "error_max": 0.2406366178883821, "target": "602.xyz", "model": "2.xyz", "model_rescale": 3.932901565614263, "target_rescale": 4.100653260571324},
{"mapping": [1, 0, 11, 3, 2, 6, 4, 10, 7, 5, 8, 9, 12, 13], "R": [[0.8877052325885973, 0.42694634110643803, 0.17232597555403384], [-0.4595669697390401, 0.7990000889081413, 0.387810595845006], [0.027885845149477687, -0.4234568215776048, 0.9054869959859678]], "T": [-0.029581044999956094, 0.007504914188378134, 0.02440689823268225], "aligned_model": [[0.37076754853749194, -0.2904526875288709, 0.7404217030317473, -0.022998131191041868, -0.19567269173134108, 0.02984890114128361, -0.7460287433672176, 0.5815669659919942, -0.6661981411021216, -0.37722731123775494, 0.03353323888901888, -0.20894326590290682, 0.18235905318285836, -0.006198933792220102], [-0.30613069771245677, -0.08721995209045559, 0.4501282707174286, 0.39559783261776316, -0.7014574486576822, -0.640577793046544, -0.4586696859683181, -0.29171201167998, 0.2815099593229833, -0.3290668116633603, 0.7152896564782214, 0.25923227416890443, -0.30044612037604596, -0.059254471399374564], [-0.51422314874978, -0.5854484247544424, 0.11868855416855664, -0.3072948201710156, -0.3805446866908583, 0.23213062525119557, -0.1561764404527378, 0.24826573820936235, 0.19582001190363635, 0.5560658420893304, 0.20837448038451395, 0.6909318185011152, 0.690272774556507, 0.11617284600066699]], "inverted": false, "swapped": false, "error_lsq": 0.05774738168671106, "error_max": 0.35845094011661105, "target": "602.xyz", "model": "3.xyz", "model_rescale": 3.9243930471874484, "target_rescale": 4.100653260571324},
{"mapping": [5, 12, 7, 4, 0, 9, 6, 2, 3, 10, 1, 8, 13], "R": [[-0.6235186346035225, 0.29237839290427836, 0.7250788837532579], [-0.3480178029829889, -0.9342819568470283, 0.07746504964808962], [0.7000772251038113, -0.20403945812709587, 0.6842950960062104]], "T": [0.03535302675597441, 0.041284149848051635, -0.06548595491623968], "aligned_model": [[-0.022872417236416774, -0.1276864968719274, 0.5319160183891943, 0.346151729654229, 0.7365692928839994, -0.621599591404194, -0.2308113014720546, 0.3452778005219616, 0.1262684247020072, -0.4347367112315289, 0.26357052052431007, -0.48283430312007536, -0.15200707902815255], [-0.6883954569959174, 0.03400700623737684, -0.31129168902285953, -0.5285325572514776, 0.026466788614825675, -0.4721149808216809, -0.6362025405980105, 0.532516217972868, 0.4340728040414444, 0.6502505345421117, 0.19146087301248904, -0.04576229012407183, -0.058645155925510575], [-0.5158101053186191, -0.7915481417182524, -0.6188184608443651, 0.0821100401879096, -0.0878537263119045, -0.11332689717693786, 0.3646003750140344, -0.5491870431306888, 0.044548457949016684, 0.1805259569155076, 0.5878818529937869, 0.3493768051086137, -0.14542879829713715]], "inverted": true, "swapped": true, "error_lsq": 0.04518369554579515, "error_max": 0.24861858624280095, "target": "602.xyz", "model": "4.xyz", "model_rescale": 3.8936222436046832, "target_rescale": 4.100653260571324},
{"mapping": [1, 4, 8, 3, 9, 5, 7, 12, 2, 0, 11, 13], "R": [[0.6076367556519748, 0.7661523603140676, -0.20925614439228746], [-0.1662095193756169, 0.38031135303299674, 0.9098008960333783], [0.7766285913161252, -0.5180481015691447, 0.35843297227087845]], "T": [0.004701048502743263, -0.05773463118326008, -0.1461431692728553], "aligned_model": [[0.13411766219882526, -0.4561997035908577, -0.2885191378851788, 0.3893131613677956, -0.6750767157252197, -0.6449049057856429, -0.10605402288758053, 0.03924095315445396, 0.6240756076238707, 0.20852514127779315, -0.06000900406299152, -0.13696099347017032], [-0.5032656125638629, -0.5221383502207111, 0.19784847524341823, -0.0952414929454809, 0.42074057461424796, 0.020564644670547222, -0.3348496650158981, 0.3943932979152477, -0.009936911112292827, -0.6647294869616023, 0.6478432921010191, 0.11769413938517523], [-0.681193867604273, -0.02378642181890467, -0.6910335244960425, -0.3052747702186572, -0.22625455631984898, 0.4110782400085454, 0.6206696899810955, 0.4439318030005074, 0.28446057706181305, 0.14097546045484338, -0.23338649105496148, -0.12090141971859898]], "inverted": false, "swapped": true, "error_lsq": 0.04136009847870062, "error_max": 0.20935542720835745, "target": "602.xyz", "model": "5.xyz", "model_rescale": 3.6523030999806103, "target_rescale": 4.100653260571324},
{"mapping": [6, 8, 1, 4, 0, 9, 3, 5, 11, 12, 2, 7, 13], "R": [[-0.29865680626856705, 0.7009238270230775, 0.6476958397124245], [-0.4753955028469532, -0.6977394158018251, 0.5358720215773731], [0.827528384976825, -0.14786986287898873, 0.5416006607361155]], "T": [0.025744708809762373, 0.1153475105977794, 0.06994191014371974], "aligned_model": [[0.17507326860122155, -0.33891337379438086, 0.20652213233933442, 0.5920585631769426, 0.6347219116134686, -0.2870244378053465, -0.08265934340809657, 0.2999795942642481, -0.6305684460630727, -0.17710900965913876, 0.002466035122832999, 0.5793124183498739, -0.09277640807359233], [-0.5187207852778355, -0.13552241143970337, 0.46924437544584663, -0.19853921744843453, 0.4359389037083131, -0.649983716268771, 0.5158114862111256, -0.618705341260015, -0.14162782739144772, -0.09728504961515586, 0.6010500811410513, -0.04615444635451013, -0.07467914728728017], [0.6088893045539082, 0.5722317330743728, 0.6561179052579691, 0.2243285400441189, -0.06714218230494774, 0.18783058536286923, 0.12027355188174468, -0.28301135827422474, -0.043441123556128544, -0.6137531281798712, -0.5087464076984156, -0.5170344929484783, 0.033566812268872204]], "inverted": true, "swapped": true, "error_lsq": 0.04898997433951313, "error_max": 0.3525083393303782, "target": "602.xyz", "model": "6.xyz", "model_rescale": 4.08911054899281, "target_rescale": 4.100653260571324},
{"mapping": [2, 7, 0, 6, 13, 11, 12, 1, 5, 10, 4, 8, 9, 14], "R": [[-0.18221728392372666, 0.9471810037629257, 0.26390340571905613], [0.4969386986667808, -0.14288206664574649, 0.8559419634521999], [0.8484390321094537, 0.2871112347883608, -0.4446553133062466]], "T": [-0.06839224914788541, -0.056561532300298666, 0.1013955374443976], "aligned_model": [[0.4066818186291483, -0.2712869144008322, 0.7970265484524733, 0.15411864819478846, -0.10582651310906317, -0.1416951742132661, -0.6118231229221571, 0.5445196384828511, -0.7444299539462632, -0.6254537097960281, -0.3159650294662044, -0.1347717942430045, 0.44257373881200146, 0.031109324446475073], [-0.1273398577025839, 0.08468035281207881, 0.29094386037072834, 0.3021260190680795, -0.6513059595912241, -0.5575407592598293, -0.5002921143287635, -0.45775127120191533, 0.2457377341904349, -0.18663116366103308, 0.5825368761246037, 0.1901947159357484, -0.16253155481473608, -0.12560387723050534], [-0.5462421715181712, -0.6322075222815332, -0.02086030056914369, -0.16501600042622572, -0.32377767953863107, 0.39834260055337506, -0.024254667540745775, 0.06490073978260598, -0.07773962033718941, 0.5396184471150625, 0.26604799717843525, 0.7337357016237885, 0.6864095726471924, 0.21407807355723074]], "inverted": true, "swapped": false, "error_lsq": 0.040978859778982364, "error_max": 0.25977848583425844, "target": "602.xyz", "model": "7.xyz", "model_rescale": 3.964800864290218, "target_rescale": 4.100653260571324},
{"mapping": [12, 8, 11, 9, 7, 2, 1, 4, 5, 0, 10, 3, 6, 13], "R": [[-0.15864806424077174, -0.9448632558062948, -0.2864685315000317], [0.6401453257249707, 0.12246083770353525, -0.7584308176632988], [0.7516945880243702, -0.3037050724898698, 0.5854216218067076]], "T": [-0.050047875584762785, -0.1160050700986703, 0.13596485356151689], "aligned_model": [[0.39781060316594263, -0.3754432468597244, 0.6965181293704239, 0.1807084253489428, -0.18333551616117655, 0.035644236002748964, -0.6658529592604602, 0.569771908681995, -0.6570159517851466, -0.3582574600938506, -0.0839755457119761, -0.3340226233315131, 0.27910561440149717, -0.0768781088467834], [-0.255103589498066, 0.15082583932780003, 0.24367683111234428, 0.294768765496752, -0.5587194658830325, -0.7645613592632163, -0.5080996567328272, -0.4081736963469607, 0.4521669626388372, -0.4644011529816348, 0.7018783379227447, 0.1311192777595045, -0.021551083529531778, -0.06660300931163032], [-0.45627607899935363, -0.5074453573729643, 0.11592851956144601, -0.3659047633293968, -0.4054144345504065, 0.23911682664433917, -0.037718263705970895, 0.2958220519654016, 0.04741532698506004, 0.6807459049677542, 0.0649039142893229, 0.755844353980952, 0.604197966048877, 0.08181920376098942]], "inverted": true, "swapped": false, "error_lsq": 0.051831153613493726, "error_max": 0.3076237348769954, "target": "602.xyz", "model": "8.xyz", "model_rescale": 4.121658175737393, "target_rescale": 4.100653260571324},
{"mapping": [1, 4, 6, 8, 0, 3, 5, 12, 9, 7, 10, 11, 13], "R": [[0.4655885541052252, 0.3519941747081523, -0.811989777803719], [0.5250443992926348, -0.8484536026037719, -0.06674476009483662], [-0.7124294190006771, -0.3952550887720585, -0.579842856075808]], "T": [-0.1876315514270706, 0.014507379981214492, 0.019720489037043133], "aligned_model": [[-0.6449276222931526, -0.1577962922638136, 0.26446283227285616, 0.1376758602866998, -0.7169265786278627, -0.5088965498425417, 0.3974320096289587, 0.1618581595296012, 0.6210014080195663, -0.21094392983532143, -0.23419295859245093, 0.3307599724229618, 0.037231185729696], [0.2863909524789218, -0.45094370550780233, -0.0162926604364357, 0.49049146141631966, -0.4429731060778225, 0.2498180630516438, -0.6133971875008046, -0.24759609186661707, 0.09015479236666316, -0.782414819619083, 0.797850667265533, 0.3979192683372325, 0.0313798055039609], [-0.4477037204684009, -0.455186486602955, -0.6940497416974586, -0.3206036848263431, -0.03489180197289329, 0.14650294715873766, -0.025565878308571398, 0.6221819850418912, -0.1748158097153705, 0.22327129284074565, 0.21090524219744128, 0.3261589751847627, 0.0448721151275033]], "inverted": true, "swapped": true, "error_lsq": 0.050627119257953594, "error_max": 0.30028395588967666, "target": "602.xyz", "model": "9.xyz", "model_rescale": 3.833441315466971, "target_rescale": 4.100653260571324},
{"mapping": [12, 1, 10, 0, 6, 7, 4, 11, 5, 3, 13, 2, 8, 14], "R": [[-0.9411745078311461, -0.07282403425906936, -0.32998061434428816], [0.149773643064354, 0.7854508936699564, -0.6005287249385314], [0.3029164928689613, -0.6146247258834456, -0.7283392373617309]], "T": [-0.0070192109404183176, -0.12142270240846637, 0.05856780850221188], "aligned_model": [[0.2950330070791963, -0.16850621272877164, 0.7231445179566761, 0.085552794842775, -0.29075730528754273, 0.10992911579587938, -0.7425051466730593, 0.5684574601923905, -0.5422047362463535, -0.5509403307323851, -0.16261934942346795, -0.35421424309025246, 0.4899718114375648, -0.03556387820172982], [-0.3061761934614674, 0.10041429353553244, 0.25582694711508297, 0.46477502804800847, -0.520131368621277, -0.6778140603560792, -0.41218894232243064, -0.4720277034665557, 0.28652155639823795, -0.49941694608669396, 0.6359122065277956, 0.19354483460406335, 0.02493995053016368, -0.14695660173329728], [-0.42892646063736745, -0.6272304332553589, 0.07582395109896195, -0.2755363762315635, -0.4123394661793111, 0.4059375286227308, -0.04354983030722803, 0.1645858034772569, -0.009204875351015149, 0.6203435795514887, 0.25329575725434755, 0.6034543243992113, 0.6409227345371801, 0.1454589332667178]], "inverted": true, "swapped": false, "error_lsq": 0.04318101668919953, "error_max": 0.2360460063769605, "target": "602.xyz", "model": "10.xyz", "model_rescale": 4.2482417240324, "target_rescale": 4.100653260571324},
{"mapping": [1, 8, 9, 11, 0, 7, 4, 12, 10, 2, 3, 13], "R": [[-0.02380023483394704, 0.095110211519982, -0.9951821926092095], [-0.9083059536997586, 0.41379509123395103, 0.06126921693851223], [0.4176288343678168, 0.9053881323141533, 0.07654075103674046]], "T": [-0.07188587314914696, 0.056814035997432136, -0.016440308087919162], "aligned_model": [[-0.7190176504486211, -0.003828748819787786, 0.48939602192148923, 0.5188676911848694, -0.5295925005490956, 0.04334526541829628, -0.2988926739751777, 0.560590051030392, -0.02514614521267436, -0.012911487520231649, -0.2744442153857646, 0.1283999947193123], [-0.2292977334417397, -0.5980873716536446, -0.3577046876547108, -0.2944330843793688, 0.5860811179719022, 0.8187324864244411, 0.22157978685329194, 0.43053975711687426, -0.49410694911123426, 0.5794427544216662, 0.02287054667436536, -0.019485233171203334], [-0.046210817876499624, 0.10471527492824256, 0.4424616723436785, -0.20950682662091824, 0.03652309858167016, 0.2721137570979927, 0.5872083073394733, -0.1352023933451912, -0.6052082982257544, -0.559312574284913, -0.38041017769840235, 0.05802126761497771]], "inverted": true, "swapped": true, "error_lsq": 0.047029674101984685, "error_max": 0.24254425887184353, "target": "602.xyz", "model": "11.xyz", "model_rescale": 3.6694154284099745, "target_rescale": 4.100653260571324},
{"mapping": [9, 11, 7, 6, 8, 2, 3, 10, 4, 1, 0, 0, 12, 13], "R": [[0.7436935507514213, 0.08945091600558633, -0.6625091970655989], [-0.01658503778911553, 0.9931714521018329, 0.11547901649854098], [0.6683149250856789, -0.07489325974811234, 0.740098750540781]], "T": [0.06647355713325172, -0.017464091712380295, 0.07674494708366467], "aligned_model": [[0.45092575424304393, -0.12112483946936613, 0.7628488901976163, 0.028932537768659068, -0.13302845425172666, -0.07188181224257752, -0.6654539543024194, 0.5519874557031426, -0.6472704145456312, -0.5017520997696153, -0.27573331826674186, -0.27573331826674186, 0.34107271441258463, -0.019011636289306952], [-0.32412051026683725, 0.08423926452451817, 0.15539154529355043, 0.5138936059447126, -0.6108718605447139, -0.6161418657061146, -0.46630127468834864, -0.4236224727866603, 0.13709345035287646, -0.2969907495759176, 0.44251757696706456, 0.44251757696706456, -0.13981246125262564, 0.029431175482514747], [-0.5579554672748703, -0.6300024744392948, -0.11651043505177117, -0.11326690112399507, -0.3483009547362089, 0.29755320798687857, 0.012899807996156337, 0.13004045427731054, -0.04308893307170822, 0.6384013763021933, 0.5034171670995745, 0.5034171670995745, 0.6861665413505666, 0.1502646138316446]], "inverted": true, "swapped": false, "error_lsq": 0.05383564571183814, "error_max": 0.4920211988774092, "target": "602.xyz", "model": "12.xyz", "model_rescale": 3.9764082729961374, "target_rescale": 4.100653260571324},
{"mapping": [10, 9, 13, 12, 8, 3, 2, 11, 0, 7, 5, 4, 14, 15], "R": [[0.3082223342044479, -0.0627896269730085, 0.9492399356549179], [0.9381814594153453, -0.14516424351754512, -0.31423381678818796], [0.15752632131442446, 0.987413188664487, 0.014165201889681539]], "T": [-0.00893275558132945, 0.01908330356889343, 0.06292117203850084], "aligned_model": [[0.35665469108050285, -0.351343346750338, 0.5769608144515604, 0.2592090903013816, -0.014905901610343365, 0.05912570723305715, -0.5991565990274245, 0.5672159707145968, -0.7231393626234471, -0.5910307080335547, -0.2774673269151209, -0.3899047990084722, 0.5776727721189066, -0.02511349701038515], [-0.373042804361287, 0.39649645246183296, 0.19558572671375904, 0.30393820734844457, -0.6685421240304923, -0.6725007973568148, -0.415679967604192, -0.5273538563106855, 0.14894418271729726, -0.3157065150613386, 0.8022166132949587, 0.24000570429241036, -0.17547830243435084, -0.01165951895845856], [-0.5360194204087603, -0.25616099389314156, 0.05542681382681553, -0.4412327421857402, -0.100750540526094, 0.5378137117774762, -0.25152473200974307, 0.060978431774827854, 0.07529081336115749, 0.40949216045999814, 0.19488824759446768, 0.6302987506973101, 0.5697226873440844, 0.16481198243339215]], "inverted": false, "swapped": false, "error_lsq": 0.05389092781842373, "error_max": 0.4233645350832607, "target": "602.xyz", "model": "13.xyz", "model_rescale": 4.170626492500431, "target_rescale": 4.100653260571324},
{"mapping": [7, 9, 8, 10, 1, 2, 3, 0, 11, 6, 12, 5, 4, 13], "R": [[-0.9317730876968962, -0.016096982436171553, 0.36268416039336737], [-0.294307015383244, -0.5514337813917336, -0.780579378049549], [0.2125612705551019, -0.8340633500499007, 0.5090737022902847]], "T": [-0.005053393357484018, -0.1433270566984418, 0.09241133477208219], "aligned_model": [[0.5635917992081122, -0.4013566177240666, 0.6350000250999386, 0.06730847812397674, -0.028078946083430867, 0.06375661047067614, -0.5535446495760307, 0.3718194987120388, -0.6386902066621625, -0.6174384906960051, 0.10252950043487387, -0.44942967635534975, 0.39854772948988726, -0.08923754952153842], [-0.10297263835456932, 0.03971351152421698, 0.23326730460664497, 0.30409216154891705, -0.5461719947918152, -0.6731802941098111, -0.5548153901579547, -0.5773915427328034, 0.16366031900277955, -0.18642982941300584, 0.5420116616606749, 0.4250626379248845, -0.04149191285954179, -0.09813099313753333], [-0.4841682076858267, -0.5900447760550205, 0.10044883183924971, -0.2436066821160781, -0.5618059453952616, 0.47640729492557654, 0.019553269272120158, -0.0670040086386505, 0.029779145633311632, 0.6674034308674057, 0.32574132270187706, 0.6462007374435572, 0.666692509553802, 0.12743824789998748]], "inverted": true, "swapped": false, "error_lsq": 0.05632392271836207, "error_max": 0.46140607412866885, "target": "602.xyz", "model": "14.xyz", "model_rescale": 3.9786697098870705, "target_rescale": 4.100653260571324},
{"mapping": [7, 9, 0, 2, 4, 1, 11, 8, 3, 12, 6, 13], "R": [[0.5817716899016439, 0.5133820308729051, -0.6308570291324312], [-0.6865607099367557, -0.10589769013370452, -0.7193191717141179], [-0.43609183941014534, 0.8516011798965273, 0.29085965343910924]], "T": [0.13352337288575203, 0.006727672777508853, 0.02111346007720392], "aligned_model": [[0.13705989936325452, -0.6881408744424306, 0.589663544173197, 0.6378001911048177, -0.05568276586569956, 0.480607358607125, -0.25527015418617616, -0.22374228599055337, 0.4957749335987096, -0.07481945843946272, -0.484504232229247, -0.0753915589261979], [-0.35836497334734685, 0.024322172570678702, 0.07689145491447713, -0.5534343933013482, 0.3465816107839485, 0.6142806961140673, -0.31619820046199154, 0.3614480602497124, 0.011887294384127875, -0.7021854191980189, 0.5738855732956022, -0.0644393857794692], [-0.716284832338763, 0.16947943958722575, -0.5075048436994912, -0.03591638492562273, -0.519045617476857, 0.13037368040388547, 0.5252934553410665, 0.462408142699348, 0.22944803120558588, -0.0674113096132876, -0.08462069590494087, 0.07374742859568076]], "inverted": false, "swapped": true, "error_lsq": 0.058764540191868615, "error_max": 0.3701248077760136, "target": "602.xyz", "model": "15.xyz", "model_rescale": 3.769337070930944, "target_rescale": 4.100653260571324},
{"mapping": [4, 0, 9, 8, 5, 7, 12, 2, 11, 10, 13], "R": [[-0.6899708995516615, 0.25649097097422124, -0.6768696621806685], [0.7094350073991949, 0.05401624600525484, -0.7026978123233372], [-0.14367368599842917, -0.9650360754791507, -0.21923331173757293]], "T": [-0.17209325257348154, -0.05896727017621437, 0.0372436606240093], "aligned_model": [[-0.2853934756807988, -0.1388780003572236, -0.10712470333011151, -0.5893023013967343, 0.31464080139584416, 0.4059092184814904, 0.5509403617559223, 0.2898552233660605, 0.027915023992541615, -0.45615892739891806, -0.0897770901369023], [-0.1487287354149425, -0.710244981259815, 0.7363658116712081, 0.4586971547484606, 0.2500796476876022, -0.40239475929873364, 0.09273391570390352, -0.5242052609165659, 0.524564057896454, 0.1680115634981906, 0.15118608330957997], [-0.6125081612170695, -0.22190535700787412, -0.20908648808828617, 0.11577043286591188, -0.6000901096040919, -0.4371318152401073, 0.12674385581926637, 0.4133902682611639, 0.3965859381083451, 0.7584465319864304, 0.01400251134008864]], "inverted": true, "swapped": true, "error_lsq": 0.05335801632930022, "error_max": 0.34576528062869333, "target": "602.xyz", "model": "16.xyz", "model_rescale": 3.7852294659196426, "target_rescale": 4.100653260571324},
{"mapping": [8, 5, 12, 9, 6, 4, 0, 7, 11, 10, 1, 2, 13], "R": [[-0.3091882800498655, -0.7938003974752783, -0.5237208573733689], [-0.27532978516992296, -0.4524019364761294, 0.8482487826521963], [-0.9102725508758851, 0.4064645333122421, -0.07867951627438485]], "T": [0.04110589220538112, 0.215744052884988, 0.0031283742749362775], "aligned_model": [[0.016574003677373557, -0.33863767009251733, 0.4033102446304331, -0.0790183905462898, -0.572789313950246, -0.6108619152948661, -0.2554821818360759, -0.22363858501060857, 0.5081788499966268, 0.6289743585616492, -0.2028396069799372, 0.5081815389232567, 0.07181451813748373], [0.024902380910732047, -0.4647997850004605, -0.24372395852683448, -0.5370892165336797, -0.14778958810924758, 0.15710585412552489, 0.6552606020903944, 0.06913965174093334, -0.25609264800991893, 0.38194083672267143, 0.7664557287272689, 0.47337110444797637, -0.003625338882485618], [-0.6381078878739301, 0.3654394050442911, 0.4630178129026121, -0.3378502039174853, -0.45050350761845953, 0.12383889914057838, 0.4627856820430223, 0.7682943041756244, -0.25926822195592214, -0.5252044521872898, -0.3693404278732095, 0.5386633361905564, -0.04601004092721425]], "inverted": true, "swapped": true, "error_lsq": 0.04771339139245113, "error_max": 0.2823748204618468, "target": "602.xyz", "model": "17.xyz", "model_rescale": 3.901054581598922, "target_rescale": 4.100653260571324},
{"mapping": [9, 12, 10, 11, 13, 2, 3, 5, 7, 0, 6, 1, 8, 14], "R": [[0.6277539806585996, 0.18264644286760212, -0.7566803926857725], [-0.6262946277187531, 0.6957769697301438, -0.3516382341039824], [0.4622553180417844, 0.6946471660497512, 0.551167248338595]], "T": [0.03064660547107348, -0.043252672771225506, 0.15669990723697888], "aligned_model": [[0.40017652440301754, -0.381634090861508, 0.7333709427364212, 0.051792948566764335, 0.020344233091983143, -0.075563326141067, -0.5671912092387071, 0.46131255703768614, -0.550789522008813, -0.5924181994148955, -0.14716590901585566, -0.2844595585382138, 0.33200399247367396, 0.024998121830433387], [-0.14112220652828794, -0.009199950151076067, 0.3513553595648067, 0.5042861617156491, -0.6161424375304201, -0.8376220632850605, -0.47306515231233354, -0.48737212638394023, 0.27104335603888485, -0.2546394101939129, 0.6862031143678164, 0.2753985843899627, -0.3039974505054602, -0.03790277847554453], [-0.3800112019368671, -0.46042256325886033, 0.005317098570592621, -0.4233734034997849, -0.2896109450376392, 0.36025536363579636, -0.04641845541527831, 0.07084656671031078, 0.10352980536918371, 0.5343378484633426, 0.1583459847980327, 0.6904180267989651, 0.6873731949792228, 0.10244785006903408]], "inverted": true, "swapped": false, "error_lsq": 0.045747944444892726, "error_max": 0.29602743347271226, "target": "602.xyz", "model": "18.xyz", "model_rescale": 3.9405287249114394, "target_rescale": 4.100653260571324},
{"mapping": [5, 2, 11, 10, 8, 7, 0, 9, 1, 4, 3, 12, 13, 15], "R": [[-0.5571651728933316, -0.7611266189679512, -0.3320440332443265], [-0.5337696024480579, 0.6345713320206732, -0.5589358067613408], [0.6361265452857524, -0.1341845537903823, -0.7598272987376078]], "T": [-0.0695098346856421, -0.05090559715283829, 0.17886392224528547], "aligned_model": [[0.24205412216982963, -0.03577629905187739, 0.6204871322899388, 0.24783365536585766, -0.2058899934998097, 0.11164769539819404, -0.6558763263261375, 0.5359638068725221, -0.6213964474863662, -0.4664804870899624, -0.3781545934231716, -0.3288857221748835, 0.4199628019509316, -0.060711840074146345], [-0.330042536049856, 0.253938278150011, 0.10992286283820807, 0.5847337334597257, -0.6699475935715677, -0.6986255299810064, -0.39109037919046075, -0.5096052886162467, 0.1992267277459426, -0.4745048917435952, 0.7428564729003927, 0.1928356041398288, -0.052430436769616194, -0.030044022600676738], [-0.5396575547410549, -0.6343135142819667, 0.04751859906541825, -0.15752838986495193, -0.23400362853546214, 0.3868696597919698, 0.06430865389335233, 0.06929152888726471, -0.08262108809280821, 0.6234344648681405, 0.18929387539124565, 0.5953413381887778, 0.6390204806253121, 0.14608074505081364]], "inverted": true, "swapped": false, "error_lsq": 0.04474178812941909, "error_max": 0.25830448295734804, "target": "602.xyz", "model": "19.xyz", "model_rescale": 4.410303926677745, "target_rescale": 4.100653260571324},
{"mapping": [12, 8, 11, 9, 7, 2, 1, 4, 5, 0, 10, 3, 6, 13], "R": [[-0.15864806424077174, -0.9448632558062948, -0.2864685315000317], [0.6401453257249707, 0.12246083770353525, -0.7584308176632988], [0.7516945880243702, -0.3037050724898698, 0.5854216218067076]], "T": [-0.050047875584762785, -0.1160050700986703, 0.13596485356151689], "aligned_model": [[0.39781060316594263, -0.3754432468597244, 0.6965181293704239, 0.1807084253489428, -0.18333551616117655, 0.035644236002748964, -0.6658529592604602, 0.569771908681995, -0.6570159517851466, -0.3582574600938506, -0.0839755457119761, -0.3340226233315131, 0.27910561440149717, -0.0768781088467834], [-0.255103589498066, 0.15082583932780003, 0.24367683111234428, 0.294768765496752, -0.5587194658830325, -0.7645613592632163, -0.5080996567328272, -0.4081736963469607, 0.4521669626388372, -0.4644011529816348, 0.7018783379227447, 0.1311192777595045, -0.021551083529531778, -0.06660300931163032], [-0.45627607899935363, -0.5074453573729643, 0.11592851956144601, -0.3659047633293968, -0.4054144345504065, 0.23911682664433917, -0.037718263705970895, 0.2958220519654016, 0.04741532698506004, 0.6807459049677542, 0.0649039142893229, 0.755844353980952, 0.604197966048877, 0.08181920376098942]], "inverted": true, "swapped": false, "error_lsq": 0.051831153613493726, "error_max": 0.3076237348769954, "target": "602.xyz", "model": "20.xyz", "model_rescale": 4.121658175737393, "target_rescale": 4.100653260571324},
{"mapping": [6, 8, 1, 4, 0, 9, 3, 5, 11, 12, 2, 7, 13], "R": [[-0.29865680626856705, 0.7009238270230775, 0.6476958397124245], [-0.4753955028469532, -0.6977394158018251, 0.5358720215773731], [0.827528384976825, -0.14786986287898873, 0.5416006607361155]], "T": [0.025744708809762373, 0.1153475105977794, 0.06994191014371974], "aligned_model": [[0.17507326860122155, -0.33891337379438086, 0.20652213233933442, 0.5920585631769426, 0.6347219116134686, -0.2870244378053465, -0.08265934340809657, 0.2999795942642481, -0.6305684460630727, -0.17710900965913876, 0.002466035122832999, 0.5793124183498739, -0.09277640807359233], [-0.5187207852778355, -0.13552241143970337, 0.46924437544584663, -0.19853921744843453, 0.4359389037083131, -0.649983716268771, 0.5158114862111256, -0.618705341260015, -0.14162782739144772, -0.09728504961515586, 0.6010500811410513, -0.04615444635451013, -0.07467914728728017], [0.6088893045539082, 0.5722317330743728, 0.6561179052579691, 0.2243285400441189, -0.06714218230494774, 0.18783058536286923, 0.12027355188174468, -0.28301135827422474, -0.043441123556128544, -0.6137531281798712, -0.5087464076984156, -0.5170344929484783, 0.033566812268872204]], "inverted": true, "swapped": true, "error_lsq": 0.04898997433951313, "error_max": 0.3525083393303782, "target": "602.xyz", "model": "21.xyz", "model_rescale": 4.08911054899281, "target_rescale": 4.100653260571324},
{"mapping": [5, 11, 6, 8, 9, 12, 14, 10, 2, 3, 1, 4, 7, 16], "R": [[0.08350399327198119, -0.4226039849194076, 0.9024593924592232], [0.8272529586727939, 0.5343156761754047, 0.1736643330114997], [-0.5555894396717256, 0.7320605371985691, 0.39421788949995773]], "T": [-0.07277272245390454, -0.03541740231803786, 0.09529632285966844], "aligned_model": [[0.3060382751305931, -0.18084694003869334, 0.6079423591908869, 0.2666969815868224, -0.026082795205088216, -0.020263695490065126, -0.5149578231297323, 0.57666853587027, -0.6793201067671526, -0.6690048708149574, -0.25169903523232157, -0.36339663983263365, 0.4400045652630663, -0.06700130561007546], [-0.23983690288694354, 0.23914495545965436, 0.2570614841653014, 0.41566793157123044, -0.6299583655742633, -0.7311666008859017, -0.5004922931985512, -0.5040677849930868, 0.3229288169499298, -0.36597070448031704, 0.7179764020888715, 0.19606291311254181, -0.22487549456733485, -0.025251356050047583], [-0.4636705364838573, -0.6109816007960536, 0.17682672905367502, -0.307251015534938, -0.2944326923116148, 0.3364298145475111, 0.09477809525478365, -0.0033357207153276724, 0.25322696299122566, 0.6333674733452284, -0.07900666432885625, 0.6854207064292344, 0.5502262872413493, 0.14143733155369065]], "inverted": true, "swapped": false, "error_lsq": 0.04223825351294815, "error_max": 0.23878055965994752, "target": "602.xyz", "model": "22.xyz", "model_rescale": 4.204369325754507, "target_rescale": 4.100653260571324},
{"mapping": [5, 2, 11, 10, 8, 7, 0, 9, 1, 4, 3, 12, 13, 15], "R": [[-0.5571651728933316, -0.7611266189679512, -0.3320440332443265], [-0.5337696024480579, 0.6345713320206732, -0.5589358067613408], [0.6361265452857524, -0.1341845537903823, -0.7598272987376078]], "T": [-0.0695098346856421, -0.05090559715283829, 0.17886392224528547], "aligned_model": [[0.24205412216982963, -0.03577629905187739, 0.6204871322899388, 0.24783365536585766, -0.2058899934998097, 0.11164769539819404, -0.6558763263261375, 0.5359638068725221, -0.6213964474863662, -0.4664804870899624, -0.3781545934231716, -0.3288857221748835, 0.4199628019509316, -0.060711840074146345], [-0.330042536049856, 0.253938278150011, 0.10992286283820807, 0.5847337334597257, -0.6699475935715677, -0.6986255299810064, -0.39109037919046075, -0.5096052886162467, 0.1992267277459426, -0.4745048917435952, 0.7428564729003927, 0.1928356041398288, -0.052430436769616194, -0.030044022600676738], [-0.5396575547410549, -0.6343135142819667, 0.04751859906541825, -0.15752838986495193, -0.23400362853546214, 0.3868696597919698, 0.06430865389335233, 0.06929152888726471, -0.08262108809280821, 0.6234344648681405, 0.18929387539124565, 0.5953413381887778, 0.6390204806253121, 0.14608074505081364]], "inverted": true, "swapped": false, "error_lsq": 0.04474178812941909, "error_max": 0.25830448295734804, "target": "602.xyz", "model": "23.xyz", "model_rescale": 4.410303926677745, "target_rescale": 4.100653260571324},
{"mapping": [7, 12, 1, 0, 13, 14, 6, 11, 5, 15, 2, 4, 10, 16], "R": [[-0.863782480342534, 0.13704699574290155, 0.4848690004641922], [0.46090446649037253, 0.6037243231697829, 0.6504490866950405], [-0.20358511591598422, 0.7853248134186468, -0.584652065767703]], "T": [0.008882731567382826, -0.13950073495280083, 0.18097871501283103], "aligned_model": [[0.38071763749173004, -0.4028597718632825, 0.7912716068139967, 0.02975862563885022, -0.1376194431396906, -0.11127421457904575, -0.6094166192395433, 0.4981574855496944, -0.5576874109895956, -0.5192748081518316, -0.19915614214272975, -0.18490922480992583, 0.38042551708256817, 0.06664426725972494], [-0.16526823011128935, 0.07648569879636341, 0.17964086919369546, 0.4361469106078847, -0.5526635396882646, -0.8052368893255291, -0.4644778341447364, -0.5351388298221434, 0.13286499494027074, -0.46802207308512644, 0.7468934876091614, 0.3904612233299303, -0.010328472752252321, -0.03413431483688062], [-0.36948085263204755, -0.47476041458724394, 0.03147408644409189, -0.30746759349335834, -0.3685849604774254, 0.2035102721807341, -0.11901109740140053, 0.25027661984745186, 0.1605528448792981, 0.5308894671543471, 0.11837631559729905, 0.5752747629358836, 0.6996832855394696, 0.18230243425895154]], "inverted": true, "swapped": false, "error_lsq": 0.043811662607589605, "error_max": 0.24961579243231807, "target": "602.xyz", "model": "24.xyz", "model_rescale": 4.28219845311461, "target_rescale": 4.100653260571324},
{"mapping": [9, 5, 12, 11, 3, 4, 1, 7, 8, 0, 10, 6, 13, 15], "R": [[-0.8137416492117012, -0.005493910348569997, -0.581200778808238], [0.534757163745872, -0.39886223810631943, -0.7449454280920773], [-0.22772638002807477, -0.9169944012707492, 0.3275087233607821]], "T": [0.0378698671535566, -0.07039661085674577, 0.14681948214086954], "aligned_model": [[0.3928757682644685, -0.3442014524474915, 0.6777403244468695, 0.18515796742429075, -0.14539102648702706, -0.05232640144647634, -0.5038062509437788, 0.540682065291618, -0.5514369842883607, -0.5147137364110944, -0.23385263906468806, -0.5821664105215414, 0.564533974985229, -0.008317693881098369], [-0.1686100249653949, 0.12970937967508217, 0.34272034192547973, 0.3847312736516345, -0.6967682695918417, -0.74344839733661, -0.32207884354351907, -0.6515439831071295, 0.25365000256120956, -0.34615023718540194, 0.6751697477638459, 0.33226613439725594, -0.16295445432298766, -0.09946966921053937], [-0.41992439241307916, -0.5875236121997331, 0.08109215570658482, -0.11326107366859323, -0.27045660734344723, 0.4179550550054532, -0.08365922767735548, 0.02437099958485922, -0.025393421280424988, 0.679891213405909, 0.14523728885769127, 0.6621978508296817, 0.4056136475923953, 0.19689529384610863]], "inverted": true, "swapped": false, "error_lsq": 0.04545799886758238, "error_max": 0.3662544150232824, "target": "602.xyz", "model": "25.xyz", "model_rescale": 4.100010024507729, "target_rescale": 4.100653260571324},
{"mapping": [1, 8, 9, 11, 0, 7, 4, 12, 10, 2, 3, 13], "R": [[-0.02380023483394704, 0.095110211519982, -0.9951821926092095], [-0.9083059536997586, 0.41379509123395103, 0.06126921693851223], [0.4176288343678168, 0.9053881323141533, 0.07654075103674046]], "T": [-0.07188587314914696, 0.056814035997432136, -0.016440308087919162], "aligned_model": [[-0.7190176504486211, -0.003828748819787786, 0.48939602192148923, 0.5188676911848694, -0.5295925005490956, 0.04334526541829628, -0.2988926739751777, 0.560590051030392, -0.02514614521267436, -0.012911487520231649, -0.2744442153857646, 0.1283999947193123], [-0.2292977334417397, -0.5980873716536446, -0.3577046876547108, -0.2944330843793688, 0.5860811179719022, 0.8187324864244411, 0.22157978685329194, 0.43053975711687426, -0.49410694911123426, 0.5794427544216662, 0.02287054667436536, -0.019485233171203334], [-0.046210817876499624, 0.10471527492824256, 0.4424616723436785, -0.20950682662091824, 0.03652309858167016, 0.2721137570979927, 0.5872083073394733, -0.1352023933451912, -0.6052082982257544, -0.559312574284913, -0.38041017769840235, 0.05802126761497771]], "inverted": true, "swapped": true, "error_lsq": 0.047029674101984685, "error_max": 0.24254425887184353, "target": "602.xyz", "model": "26.xyz", "model_rescale": 3.6694154284099745, "target_rescale": 4.100653260571324},
{"mapping": [8, 9, 4, 10, 7, 1, 3, 5, 12, 6, 11, 2, 0, 13], "R": [[0.8611227095797718, -0.4631473429455656, 0.20967169043162365], [0.2961520605213206, 0.12175624642132292, -0.9473486018918095], [0.4132331498016199, 0.8778780981319972, 0.24200910876489595]], "T": [0.004348557909165829, -0.07915593040549972, 0.024319036144558305], "aligned_model": [[0.4176192024481466, -0.342699551061965, 0.7272048108031623, 0.1936223302307854, -0.10172326902331698, -0.04995620481978516, -0.6698388901437404, 0.4800818419750669, -0.7299338053005218, -0.43711685843964915, -0.40985642679391243, -0.04123072783763081, 0.38619260961236584, 0.0024124432719138163], [-0.0526861471148767, 0.10928546556146278, 0.2902757584945984, 0.4521018955327315, -0.5984174619061327, -0.7790163930648037, -0.4688832983373369, -0.7045115593385781, 0.183437291288491, -0.26065240828908026, 0.6696853619255239, 0.32359774359925275, -0.19102721441297404, -0.045966033227194655], [-0.4623676365360607, -0.531478576135251, 0.1528866641750923, -0.18504017999641872, -0.31515814151730775, 0.559942952009978, -0.19112256593446134, 0.11698337402454712, 0.17131231611686296, 0.5176320670774679, 0.08633853946663442, 0.5700677447914668, 0.552157343892816, 0.07088126881068488]], "inverted": true, "swapped": false, "error_lsq": 0.0389892227033095, "error_max": 0.20005088830680576, "target": "602.xyz", "model": "27.xyz", "model_rescale": 4.103607728864725, "target_rescale": 4.100653260571324},
