[{"mapping": [10, 3, 5, 0, 9, 4, 8, 2, 7, 6, 1, 11], "R": [[-0.13923958642374987, -0.4011341682673874, -0.9053749039049926], [0.8737584840222357, 0.38048102927451966, -0.3029526331976122], [0.46600262785922986, -0.8332620028602251, 0.29751636159656586]], "T": [0.003043186832931158, 0.006970318536371874, -0.0351639906077796], "aligned_model": [[-0.3084414009339371, -0.21420733136864084, 0.31278572333221083, 0.5913482847518899, -0.5812141843019302, 0.473569183161479, -0.13426002069269244, 0.5990423833203663, -0.34191150848950563, -0.4528053659546304, 0.2721566196044616, 0.05797932543524756], [-0.5219028121614833, 0.16811526425701237, -0.7419103098040023, -0.1845125969652692, 0.1352547479420264, 0.27065238663675534, 0.6087662699725584, 0.45553383695126215, -0.6825768752696586, 0.11170538477752512, -0.057961678264041396, -0.034608185939174994], [-0.32676630399781154, -0.6683046018441507, 0.14350805004051997, -0.030389178040025375, -0.1426016649804675, -0.636350750678948, 0.11347299243951138, 0.2686879031167935, 0.5145033956861917, 0.5183585024093547, 0.61694210169039, -0.02591712469838337]], "inverted": false, "swapped": false, "error_lsq": 0.05290790589142388, "error_max": 0.31097218527003223, "target": "603.xyz", "model": "0.xyz", "model_rescale": 3.751011558992144, "target_rescale": 3.980425857439399},
{"mapping": [10, 8, 9, 13, 1, 2, 0, 3, 11, 7, 12, 14], "R": [[0.26075103761331314, -0.9645392840467155, 0.0409006835423367], [-0.007758975194750273, 0.04027115542393195, 0.999158662247768], [-0.9653748985174144, -0.2608490053104886, 0.0030169091833966433]], "T": [-0.07870510005569772, -0.09061018448872443, -0.06545528619701865], "aligned_model": [[-0.3643964424402636, -0.15010668961708792, 0.2711302723999074, 0.6431854773474761, -0.6167251046159322, 0.49290215430678197, -0.07121286063304405, 0.41911229928184013, -0.2387083154956436, -0.29220786834146256, 0.23548206195421037, -0.054413276282463494], [-0.8328815787058563, 0.0705223468137739, -0.6465627809802141, -0.15707182683435753, 0.3522987905751135, 0.35946566862660584, 0.6634011195159084, 0.3799638519328472, -0.6145112212277912, 0.21686692139223485, -0.14567851835270368, -0.11925734062205101], [-0.26512346679252813, -0.7052649239050084, -0.013286866942521978, -0.02119421239833698, -0.05826752321106885, -0.45843744252323604, 0.017703226783627568, 0.2723964603953217, 0.5147667951470865, 0.4818576234722387, 0.6055357792508129, -0.025542128133412216]], "inverted": true, "swapped": false, "error_lsq": 0.03927037042883017, "error_max": 0.1903322595851005, "target": "603.xyz", "model": "1.xyz", "model_rescale": 3.9405287249114394, "target_rescale": 3.980425857439399},
{"mapping": [4, 1, 3, 6, 2, 0, 5, 11, 8, 9, 10, 12], "R": [[0.17242046359836857, 0.31395417868330855, 0.9336508755524267], [-0.9279698968696335, 0.3696712999415185, 0.0470637918500989], [-0.3303680587409825, -0.8745146675081197, 0.35507892372946853]], "T": [0.07027724527724363, -0.1087870980201921, -0.059258055858816674], "aligned_model": [[-0.31789232283405777, -0.18852990219463786, 0.30200144360615944, 0.5913719751317327, -0.42831251981576657, 0.342674615419749, -0.07346446742579188, 0.44779209104349516, -0.39787779819174385, -0.18888856299811665, 0.19671915399952522, -0.011551997876228515], [-0.6769177531159567, -0.14826499488769077, -0.5909621045564991, -0.024641990940579797, 0.30465122213807133, 0.5111837308697265, 0.5941690049127528, 0.32859865540633254, -0.42923360383470854, 0.09056292688050163, -0.3444115698711304, -0.08817809086730943], [-0.19434198168107364, -0.8067115249354228, 0.14226325207020785, -0.18862411347000557, -0.27055554541044596, -0.5535917815349767, 0.055925787432131266, 0.3576238614304526, 0.46878991762046845, 0.6779486712422937, 0.7407298636099732, -0.0843130852306278]], "inverted": false, "swapped": false, "error_lsq": 0.055136860560154634, "error_max": 0.32736762951121645, "target": "603.xyz", "model": "2.xyz", "model_rescale": 3.932901565614263, "target_rescale": 3.980425857439399},
{"mapping": [8, 7, 12, 6, 3, 4, 0, 2, 11, 1, 10, 13], "R": [[0.25223885306819505, -0.9676486041814946, 0.005633811183133164], [-0.22023129783633938, -0.06307545584261226, -0.973406216501399], [0.9422705219076757, 0.24429012607113768, -0.22901658858690682]], "T": [-0.037196662760699856, -0.08793186097540073, -0.03859642325000734], "aligned_model": [[-0.5991884897606304, -0.0880474707340183, 0.47694745072803024, 0.6140289972545588, -0.5225730143310524, 0.43493167227907925, -0.16137093305015304, 0.45199348648332116, -0.5349294554915801, -0.06164672598334731, 0.207571105628626, 0.056325084841484616], [-0.5021453207310205, -0.07661264785481689, -0.6432255754209099, -0.07821845181546042, 0.06825763898076251, 0.4993516394447919, 0.5697851930877699, 0.557076832355336, -0.6141255272389814, 0.3219956752169554, -0.4213426332885327, -0.154241390602384], [-0.2652660543752833, -0.7506558435864944, 0.06355313094252138, 0.16756625548196102, -0.06505611941070152, -0.4806590092313898, -0.0692453471389965, 0.1585244447185767, 0.48398466231647064, 0.5779505987943998, 0.5462723113943594, -0.021825708762448673]], "inverted": false, "swapped": false, "error_lsq": 0.05117272418722996, "error_max": 0.2492343991331806, "target": "603.xyz", "model": "3.xyz", "model_rescale": 3.9243930471874484, "target_rescale": 3.980425857439399},
{"mapping": [9, 1, 8, 4, 5, 2, 0, 3, 11, 6, 10, 12], "R": [[-0.9825221193157077, -0.18482525231675834, -0.02213393687117289], [-0.1799162398209292, 0.9123991397401148, 0.36763835008088674], [-0.04775386585469647, 0.36519506555749814, -0.9297054008600717]], "T": [0.05146134329508823, -0.1448734823181118, 0.03861847634324151], "aligned_model": [[-0.2945173182231081, -0.23061685797628267, 0.35802938039329024, 0.6364173051741493, -0.5519932743708159, 0.5469912269123973, -0.07250185490688882, 0.32581661075865814, -0.49759113422761303, -0.262812224059515, 0.34233775129756844, -0.025517902907521532], [-0.7315657229234473, -0.041848769675337905, -0.6778177215711798, -0.08384031353287873, 0.3056513661726511, 0.5025659062856972, 0.6169768590966949, 0.40082577563726296, -0.5030324280126587, 0.22729582984728436, -0.42668341413888655, -0.061971935051691227], [-0.14517045793856753, -0.6094386946956003, -0.0967434289069112, -0.041810028617700036, -0.041960584739372496, -0.39322277092260294, -0.31850830245984957, 0.3212752955544898, 0.4817861962108693, 0.5717588356120351, 0.6157681944525528, 0.001409067593631623]], "inverted": true, "swapped": false, "error_lsq": 0.051701269817055605, "error_max": 0.25242517095508793, "target": "603.xyz", "model": "4.xyz", "model_rescale": 3.8936222436046832, "target_rescale": 3.980425857439399},
{"mapping": [8, 7, 9, 1, 10, 5, 4, 1, 3, 2, 0, 11], "R": [[-0.48217002098184, -0.833929822277824, 0.26846437823675773], [-0.8752751003719419, 0.4454387318372532, -0.18835560742411345], [0.03749092603896445, -0.3257996127912011, -0.9446952115734706]], "T": [-0.03988802160659509, -0.13101041780395137, -0.07966782429022473], "aligned_model": [[-0.4466770286083975, -0.21433229386128755, 0.27723475711133555, 0.6467914007928188, -0.6325302074055165, 0.37533808252670564, -0.14952018734716055, 0.6467914007928188, -0.30755749397044796, -0.21192912135373787, 0.2454485787820393, 0.04498382040514817], [-0.7277989504237858, -0.0704438179441277, -0.6578836623506411, 0.12638234529340123, 0.0876283266735062, 0.4372303631553176, 0.6554968659599795, 0.12638234529340123, -0.4071970753776196, 0.29409348669269486, -0.3488920096074464, 0.011557214768830176], [-0.23532442532845949, -0.7006737906440159, -0.017429000230639397, 0.24487663109203195, -0.10063776730069293, -0.48198679519259774, -0.0762502625618211, 0.24487663109203195, 0.3473638092732978, 0.5092693500362244, 0.7289290749178126, -0.11787013401019747]], "inverted": false, "swapped": false, "error_lsq": 0.05242442792410253, "error_max": 0.37068225934327126, "target": "603.xyz", "model": "5.xyz", "model_rescale": 3.6523030999806103, "target_rescale": 3.980425857439399},
{"mapping": [0, 7, 2, 4, 5, 11, 9, 10, 1, 8, 6, 12], "R": [[0.5574920483748841, 0.7977641736065304, -0.2297279680593236], [-0.2862822644783347, -0.07500614076737186, -0.9552049748050636], [-0.7792593156606682, 0.598286220931984, 0.18657040708266776]], "T": [0.0188495319303354, -0.027611095090927157, 0.057598893638270254], "aligned_model": [[-0.5398447561526997, -0.18966608625684642, 0.4631245650473262, 0.5371201870504464, -0.6573113659492544, 0.4517824413931157, 0.06522096187666443, 0.657273875829557, -0.2027537469633355, -0.396882892502556, 0.13049938264769137, -0.04452085815579037], [-0.7169886169270202, 0.1515465672692781, -0.6174748799604868, -0.1765058514583798, -0.04527785083480959, 0.3586265620550626, 0.6935438612203291, 0.30887754275713886, -0.6392271699413385, 0.3107720007614688, -0.042646688628567894, -0.05869004417916474], [-0.3893720845574226, -0.5678943746603005, 0.233360221743666, -0.13825176756706062, -0.02238770465730182, -0.6041854906195088, 0.0364306472988916, 0.3540154845757459, 0.30089424863213865, 0.4654794329913869, 0.6978587657479258, -0.020804057785185542]], "inverted": false, "swapped": false, "error_lsq": 0.058324975831600706, "error_max": 0.2612895469490656, "target": "603.xyz", "model": "6.xyz", "model_rescale": 4.08911054899281, "target_rescale": 3.980425857439399},
{"mapping": [2, 7, 3, 8, 13, 5, 12, 10, 1, 11, 9, 14], "R": [[0.9433015280401572, -0.20903671271893876, 0.25784856007502677], [0.016938625338223615, -0.7454736844979457, -0.6663197946126986], [0.33150461560701705, 0.6329080805746736, -0.6996656711419581]], "T": [0.07418340596992729, -0.08104093402794899, -0.02430428501946695], "aligned_model": [[-0.5253266721022085, -0.22196444501082896, 0.5411529131892105, 0.6673512421336596, -0.6083528402519789, 0.38361064970625885, -0.15959573228171597, 0.4229401656468696, -0.4222373339476252, -0.0782737791686724, 0.20975030451250215, 0.06498723543884785], [-0.5318377957275633, -0.03667548146132027, -0.7200181401072016, -0.07356879730968176, 0.18185507008799945, 0.362297309393255, 0.5898452249368316, 0.5135493814185219, -0.4443105916111867, 0.2406706947391286, -0.42847792650422045, -0.12677351572105255], [-0.3201241610639528, -0.7381790089840355, -0.01435211418563652, 0.3122147465354855, -0.05470964580996039, -0.5611536236027109, -0.08140940071849594, 0.18570994749559183, 0.37512989443249506, 0.4423749384015093, 0.665236475332219, 0.13440527331046614]], "inverted": true, "swapped": false, "error_lsq": 0.04925394118045783, "error_max": 0.2972046029212995, "target": "603.xyz", "model": "7.xyz", "model_rescale": 3.964800864290218, "target_rescale": 3.980425857439399},
{"mapping": [2, 1, 6, 3, 7, 5, 8, 10, 4, 9, 11, 13], "R": [[-0.9926914508560629, -0.07352607478276366, 0.09569534849889244], [0.11993296997063826, -0.689166704487354, 0.7146085194986568], [0.013407688514692297, 0.7208627953730721, 0.6929480962782231]], "T": [0.0018804523297128693, -0.13198106215611963, -0.019491048720958047], "aligned_model": [[-0.41137600648528727, -0.27238260611164283, 0.3166357722751942, 0.6497326018018011, -0.650529693288003, 0.47126870137455623, -0.171557507178657, 0.5476552887219267, -0.2245415894635089, -0.08479406468665755, 0.09743384789599491, 0.006496963008601905], [-0.5990993355712805, 0.04040566710062207, -0.5568578774541043, -0.31973382847336795, 0.07027693685754255, 0.5032842355968101, 0.6155952817167447, 0.3830391739839124, -0.6722322827997691, 0.355393350993224, -0.23902027225448166, -0.05449561756234217], [-0.24226525199282944, -0.6963828284929916, 0.2190767688211371, -0.285947774789231, -0.22025426420570018, -0.2936869569651878, -0.06538729791993617, 0.31519984947400287, 0.37032310263463003, 0.458850289965054, 0.7969313178216009, -0.01131363320757394]], "inverted": false, "swapped": false, "error_lsq": 0.05392591347001107, "error_max": 0.3856635249149968, "target": "603.xyz", "model": "8.xyz", "model_rescale": 4.121658175737393, "target_rescale": 3.980425857439399},
{"mapping": [9, 5, 7, 11, 4, 10, 0, 3, 6, 2, 8, 12], "R": [[-0.5144246986311575, -0.7871695578678908, -0.3401930578426201], [0.43035330716699494, -0.5801161464157177, 0.691564377103251], [-0.7417299107145895, 0.20935458875755963, 0.637187096320602]], "T": [0.029945749517401907, -0.05571619466487596, 0.05052081121646697], "aligned_model": [[-0.4639110473583486, -0.03637692969975863, 0.3037636494297551, 0.6561347329062814, -0.7929535769688119, 0.4772900373758978, -0.280375069297928, 0.5421212614199686, -0.3671376829504587, 0.037307099774789895, 0.24094408182831345, -0.04276484859538204], [-0.6684200379823168, 0.0023900531253519194, -0.6302635592102298, -0.15173281837574623, 0.06940140906155015, 0.3467799867570499, 0.6361168522954691, 0.5082540417282914, -0.4784435497584658, 0.33352659277915825, -0.42213577514441314, -0.018917763142188987], [-0.22130501831157418, -0.5609878743023691, -0.17337647303410625, 0.09175477303279901, -0.2582026919785723, -0.4124702714800664, -0.1589840041592807, 0.2561851225103828, 0.4297415661984338, 0.6256575895606034, 0.6436226005667551, 0.08350800253996948]], "inverted": true, "swapped": false, "error_lsq": 0.050972954572623026, "error_max": 0.2723904168786671, "target": "603.xyz", "model": "9.xyz", "model_rescale": 3.833441315466971, "target_rescale": 3.980425857439399},
{"mapping": [6, 11, 1, 0, 7, 10, 8, 13, 4, 2, 5, 14], "R": [[0.21409828221816243, -0.9376553515916082, 0.27379621469781146], [0.13223454714570804, 0.30553686874373953, 0.9429534698909807], [-0.9678202054578122, -0.16567939965454048, 0.18940534954881674]], "T": [-0.05088054566831961, -0.07609034680419957, -0.03265422569671407], "aligned_model": [[-0.2527083182344505, -0.27367456617824965, 0.40870367072388764, 0.6267150306961748, -0.661597239186572, 0.43250650194160056, -0.06985555905978054, 0.4863142014758038, -0.4228303366750907, -0.09554624325005721, 0.21384519583464262, -0.11783063022359046], [-0.7211837658831908, 0.16841966198514213, -0.6543557703638281, -0.13286464025114045, 0.09682097289007152, 0.3882448948322629, 0.6823100970390837, 0.24728031977879777, -0.5871758873214588, 0.3161948132244351, -0.25266249470875435, -0.024472769087910816], [-0.09860571489056448, -0.6292401466422451, -0.03327137429264751, 0.005606409406950279, -0.23523944865617574, -0.5085574607111892, -0.211618127145707, 0.4598290299060365, 0.45351190160386134, 0.5679850867100582, 0.5641520744016424, 0.010591091452955476]], "inverted": false, "swapped": false, "error_lsq": 0.04991067747778158, "error_max": 0.2747946258650397, "target": "603.xyz", "model": "10.xyz", "model_rescale": 4.2482417240324, "target_rescale": 3.980425857439399},
{"mapping": [9, 7, 10, 8, 5, 3, 2, 1, 4, 6, 0, 11], "R": [[-0.04921362027426643, -0.8750009319821824, -0.4816133185552627], [0.5382222432798293, -0.42942950134843294, 0.7251945395619475], [-0.8413648652150438, -0.2235255520112834, 0.49207874489732073]], "T": [0.0534527749928768, 0.01618829782483084, 0.050359603978210654], "aligned_model": [[-0.17255282364085617, -0.13781954857741197, 0.2736508542829008, 0.5742789031860248, -0.6867874840185835, 0.44132320157416377, -0.04481180636347119, 0.6133615517396104, -0.5761462641154936, -0.34879421308212005, 0.3642339166259915, -0.025894579746436316], [-0.6735656376198098, -0.006983526457174587, -0.5867591528868177, -0.15410020640691646, -0.021178667975498187, 0.41367163295548076, 0.7480288227281757, 0.33160527912575827, -0.4523093465487456, 0.24568433613555973, -0.2368848647367645, -0.08065323617973782], [-0.34011687426823206, -0.5988200410283304, 0.10485309066975018, -0.22640708200957754, -0.07143628727865217, -0.5409399452595773, 0.0002516750174572646, 0.34389127754545756, 0.4375993067495984, 0.5042440244282302, 0.6931725879246633, 0.038851588652187435]], "inverted": false, "swapped": false, "error_lsq": 0.054417170873059584, "error_max": 0.3289600281583643, "target": "603.xyz", "model": "11.xyz", "model_rescale": 3.6694154284099745, "target_rescale": 3.980425857439399},
{"mapping": [9, 11, 10, 2, 6, 3, 4, 1, 7, 0, 12, 13], "R": [[-0.13979367119765662, 0.9105350135447174, -0.38908060681843715], [0.54035190714003, -0.2591219110203089, -0.8005470952288292], [-0.8297454705771008, -0.3221518653342006, -0.4557857278573796]], "T": [-0.04734675609446912, -0.09237069667866696, 0.07449867554872779], "aligned_model": [[-0.15889008163837282, -0.40858932116219004, 0.2123833894488076, 0.6003560234769473, -0.5818137769433286, 0.4829041571507652, -0.06649323903022578, 0.5797081203355955, -0.4470056711878605, -0.17138771433621916, 0.26746297280549236, -0.03459315105509317], [-0.6863983321118893, -0.03514436493248044, -0.6681433583278565, -0.1345803404435411, 0.09211266655557368, 0.3984288397018393, 0.5865064788789169, 0.4429344723366323, -0.7043559485009966, 0.4741689763044856, -0.2567198782200574, 0.017746220892883413], [-0.4540611808141165, -0.5667950208535084, 0.14198853331949673, 0.0036959305382364555, 0.08737212762648403, -0.3936879162013952, -0.21950445785028982, 0.2661338812713204, 0.2083348500602457, 0.492092382445838, 0.6538540771659881, 0.12572011443467562]], "inverted": false, "swapped": false, "error_lsq": 0.05454378884562847, "error_max": 0.3265075143920475, "target": "603.xyz", "model": "12.xyz", "model_rescale": 3.9764082729961374, "target_rescale": 3.980425857439399},
{"mapping": [4, 7, 14, 11, 9, 8, 1, 10, 6, 12, 13, 15], "R": [[-0.5397160893178257, 0.06685151783480994, 0.8391885470468808], [-0.4163316031293208, -0.8876028086458001, -0.19705139004801986], [0.7316929268260303, -0.45573251875115217, 0.5068859163416244]], "T": [-0.09985305121605294, -0.036672073488955764, -0.009454681192215944], "aligned_model": [[-0.5146640701799567, -0.20568377859547782, 0.4154875041459877, 0.6869420679808904, -0.6062343542719708, 0.43375429051208614, -0.06447607344425253, 0.43904874794413173, -0.20224843767504108, -0.15051231245005553, 0.12936471973450903, -0.08673659583653176], [-0.5179640393465438, -0.14607874371587282, -0.6289282297113611, -0.07523507260695157, 0.2782846914322017, 0.25692224229326743, 0.597336471934869, 0.5126462248041359, -0.7239646413380006, 0.31311347075441764, -0.21698228429919927, -0.12259465806745254], [-0.3443480730743103, -0.7496328601296868, 0.1404279295098751, 0.09060047487834176, 0.06722216448763384, -0.36822817414110415, 0.0007537483782368848, 0.2228837723202476, 0.3080400694897632, 0.5218618414549347, 0.5285304371381335, -0.07296800916909024]], "inverted": false, "swapped": false, "error_lsq": 0.04604106630402774, "error_max": 0.2476118705891331, "target": "603.xyz", "model": "13.xyz", "model_rescale": 4.170626492500431, "target_rescale": 3.980425857439399},
{"mapping": [6, 3, 12, 10, 2, 9, 1, 7, 4, 0, 8, 13], "R": [[0.42555806139744323, -0.0784014025770729, 0.9015284557093013], [0.12083867903590662, -0.9823945124684406, -0.1424746837889174], [0.8968268227637413, 0.16957075793261825, -0.4085919823315802]], "T": [-0.018674970739196113, -0.08679748721024602, -0.009686433028967621], "aligned_model": [[-0.4478639017211211, -0.3346566793842318, 0.38371079196992824, 0.5443973002789733, -0.666373488914698, 0.5176501226999763, 0.06543523287789332, 0.4063433972913994, -0.2641621798932212, -0.23598607129982585, 0.31599379867765476, -0.010446614718408756], [-0.595299301125413, 0.14210467209082878, -0.6741926604311193, -0.09269476435333081, -0.046114642610704276, 0.26858619808911643, 0.6638961248894427, 0.41813408676301433, -0.5334039146742886, 0.36028508858145614, -0.2304880850442223, -0.15425737004127033], [-0.5241881665514744, -0.5782222416628237, 0.15989755687570878, 0.025571824267274425, 0.09877417246857098, -0.501991489710681, -0.15180977486822958, 0.4613053878451351, 0.48361049548629625, 0.32008843339427445, 0.637543139592717, -0.08543601599379355]], "inverted": false, "swapped": false, "error_lsq": 0.05737814488224857, "error_max": 0.277605214898805, "target": "603.xyz", "model": "14.xyz", "model_rescale": 3.9786697098870705, "target_rescale": 3.980425857439399},
{"mapping": [3, 9, 8, 7, 0, 6, 1, 10, 2, 4, 5, 11], "R": [[0.13900920269711864, -0.4737100305745835, -0.869640873291118], [0.9761962361825641, -0.08208602801851643, 0.20075555401317968], [-0.16648528472062257, -0.8768470168376983, 0.45102323558140844]], "T": [0.05249900224865424, -0.005921984606816581, 0.008203466530259482], "aligned_model": [[-0.4679304497902841, -0.04139653932774105, 0.13164489499308873, 0.713344740856547, -0.6284026358732945, 0.36047861553579047, -0.03974144427861022, 0.4446634954693875, -0.5002319752570509, -0.11873114240754896, 0.3537832849581861, 0.06656086298584796], [-0.6637887317855, -0.21011271571015522, -0.5179555355631116, 0.0013681616003394306, 0.09660120244542805, 0.3727370435280481, 0.6624495333513676, 0.5862855628012985, -0.5105383925942618, 0.13351385464807503, -0.4493967389432002, 0.025392188355182123], [-0.36797968129755887, -0.5722308886321343, 0.06973147948995348, -0.0020809353854228246, -0.09012018982079646, -0.6155926452044818, -0.06557529395719676, 0.4415834609308751, 0.44831500189654466, 0.5793011940545838, 0.6058802278222095, -0.0860884087536005]], "inverted": true, "swapped": false, "error_lsq": 0.04998593459101187, "error_max": 0.24597480461488241, "target": "603.xyz", "model": "15.xyz", "model_rescale": 3.769337070930944, "target_rescale": 3.980425857439399},
{"mapping": [9, 4, 10, 8, 7, 6, 3, 1, 2, 0, 11], "R": [[0.8054563842940857, 0.38818244811345637, -0.44783300456368996], [0.5920639635190469, -0.5607789041518513, 0.5787808598773508], [-0.026462730433855663, -0.7313285223720546, -0.6815117873251295]], "T": [0.07573397912354334, -0.027471421434976225, -0.026381384898156578], "aligned_model": [[-0.19763530726372053, -0.3465001663497627, -0.17854833124424913, -0.590921745127892, 0.5277821135547124, 0.29914092491727495, 0.5530006674479575, 0.24957347566076415, 0.013802315385480227, -0.40496744314475586, -0.0021003731446384982], [0.05403027075774835, -0.5377774475715789, 0.6571310089023461, 0.3646259899997416, 0.19582088675770265, -0.5178842905321158, 0.40618806319611445, -0.5058854797376653, 0.5499303332799431, -0.08579344436191602, 0.015678606935021724], [-0.5244782052664743, -0.09691329003156837, -0.30325954205816635, 0.19012451732068822, -0.592987837591801, -0.45344523822322624, 0.004345777748438695, 0.4784647005731204, 0.41968943714593054, 0.6656837937278387, -0.0430065061210035]], "inverted": false, "swapped": true, "error_lsq": 0.04391027045021387, "error_max": 0.21437768097354706, "target": "603.xyz", "model": "16.xyz", "model_rescale": 3.7852294659196426, "target_rescale": 3.980425857439399},
{"mapping": [0, 9, 4, 5, 8, 6, 11, 7, 3, 2, 1, 12], "R": [[0.8491207122104995, -0.3710577988814747, -0.37591239136848015], [-0.510919088283856, -0.3964418293942894, -0.7627552432685747], [0.13399888552643874, 0.8397320916790929, -0.5262074808304497]], "T": [0.007810957685600296, -0.06549784234942711, 0.0220582707357084], "aligned_model": [[-0.2869780813337757, -0.46161564419731627, 0.37957741817582863, 0.6413796820619663, -0.6128062664513044, 0.6748636540750028, -0.1601683639345651, 0.4147751693900887, -0.43193510711797917, -0.15074570627869024, 0.27072821908174943, -0.0030332656066866266], [-0.6242269138312948, 0.005058844881624905, -0.6512515275143361, -0.20751905888524197, 0.09478563020310087, 0.39360608107437917, 0.6303268042470024, 0.4560193740903895, -0.5107865685469175, 0.2481711697895873, -0.2764341576400614, -0.031194245734722265], [-0.23614398117887916, -0.7003835641849159, -0.1210116571313676, 0.1251584943347596, -0.09348124970459595, -0.34078814806773, -0.13776376507367735, 0.2540645821262202, 0.5128094500249066, 0.5226165152652724, 0.6225868202640623, -0.06252017553108014]], "inverted": true, "swapped": false, "error_lsq": 0.05189825460762398, "error_max": 0.3074487687378531, "target": "603.xyz", "model": "17.xyz", "model_rescale": 3.901054581598922, "target_rescale": 3.980425857439399},
{"mapping": [10, 8, 9, 13, 1, 2, 0, 3, 11, 7, 12, 14], "R": [[0.26075103761331314, -0.9645392840467155, 0.0409006835423367], [-0.007758975194750273, 0.04027115542393195, 0.999158662247768], [-0.9653748985174144, -0.2608490053104886, 0.0030169091833966433]], "T": [-0.07870510005569772, -0.09061018448872443, -0.06545528619701865], "aligned_model": [[-0.3643964424402636, -0.15010668961708792, 0.2711302723999074, 0.6431854773474761, -0.6167251046159322, 0.49290215430678197, -0.07121286063304405, 0.41911229928184013, -0.2387083154956436, -0.29220786834146256, 0.23548206195421037, -0.054413276282463494], [-0.8328815787058563, 0.0705223468137739, -0.6465627809802141, -0.15707182683435753, 0.3522987905751135, 0.35946566862660584, 0.6634011195159084, 0.3799638519328472, -0.6145112212277912, 0.21686692139223485, -0.14567851835270368, -0.11925734062205101], [-0.26512346679252813, -0.7052649239050084, -0.013286866942521978, -0.02119421239833698, -0.05826752321106885, -0.45843744252323604, 0.017703226783627568, 0.2723964603953217, 0.5147667951470865, 0.4818576234722387, 0.6055357792508129, -0.025542128133412216]], "inverted": true, "swapped": false, "error_lsq": 0.03927037042883017, "error_max": 0.1903322595851005, "target": "603.xyz", "model": "18.xyz", "model_rescale": 3.9405287249114394, "target_rescale": 3.980425857439399},
{"mapping": [10, 2, 11, 9, 1, 8, 0, 7, 14, 12, 13, 15], "R": [[-0.07606848893536512, 0.9677834589111546, -0.2400182527414368], [-0.8162615109596424, -0.19868810918630342, -0.5424391034889111], [-0.5726523646305604, 0.1546551386987629, 0.8050782926877947]], "T": [-0.02603866791148201, 0.048932989593241265, 0.08832968360682708], "aligned_model": [[-0.33108286210198296, -0.24244379881650868, 0.27164881301957344, 0.708354021021588, -0.561435578518448, 0.38020705906464547, -0.11753737165952247, 0.5954069442538924, -0.28675022711065473, -0.37943246757656685, 0.27406151685207736, -0.036954340563774446], [-0.6171167734967097, -0.229794678126309, -0.6026158514537163, -0.15476983376999764, 0.30847769410296494, 0.5022916256424332, 0.7091480086643481, 0.320172239647812, -0.574884581543983, 0.13696679267163478, -0.29791520517741776, 0.026595994972450396], [-0.1966787191202059, -0.7059026435989126, 0.010358706140173812, -0.0021268537580061003, -0.197163080667358, -0.360783344448707, -0.08024781714970186, 0.2776974984317859, 0.4659804255848831, 0.4975996850523538, 0.5792126169638339, 0.057196847712835744]], "inverted": false, "swapped": false, "error_lsq": 0.046313423720523106, "error_max": 0.23935706768255907, "target": "603.xyz", "model": "19.xyz", "model_rescale": 4.410303926677745, "target_rescale": 3.980425857439399},
{"mapping": [2, 1, 6, 3, 7, 5, 8, 10, 4, 9, 11, 13], "R": [[-0.9926914508560629, -0.07352607478276366, 0.09569534849889244], [0.11993296997063826, -0.689166704487354, 0.7146085194986568], [0.013407688514692297, 0.7208627953730721, 0.6929480962782231]], "T": [0.0018804523297128693, -0.13198106215611963, -0.019491048720958047], "aligned_model": [[-0.41137600648528727, -0.27238260611164283, 0.3166357722751942, 0.6497326018018011, -0.650529693288003, 0.47126870137455623, -0.171557507178657, 0.5476552887219267, -0.2245415894635089, -0.08479406468665755, 0.09743384789599491, 0.006496963008601905], [-0.5990993355712805, 0.04040566710062207, -0.5568578774541043, -0.31973382847336795, 0.07027693685754255, 0.5032842355968101, 0.6155952817167447, 0.3830391739839124, -0.6722322827997691, 0.355393350993224, -0.23902027225448166, -0.05449561756234217], [-0.24226525199282944, -0.6963828284929916, 0.2190767688211371, -0.285947774789231, -0.22025426420570018, -0.2936869569651878, -0.06538729791993617, 0.31519984947400287, 0.37032310263463003, 0.458850289965054, 0.7969313178216009, -0.01131363320757394]], "inverted": false, "swapped": false, "error_lsq": 0.05392591347001107, "error_max": 0.3856635249149968, "target": "603.xyz", "model": "20.xyz", "model_rescale": 4.121658175737393, "target_rescale": 3.980425857439399},
{"mapping": [0, 7, 2, 4, 5, 11, 9, 10, 1, 8, 6, 12], "R": [[0.5574920483748841, 0.7977641736065304, -0.2297279680593236], [-0.2862822644783347, -0.07500614076737186, -0.9552049748050636], [-0.7792593156606682, 0.598286220931984, 0.18657040708266776]], "T": [0.0188495319303354, -0.027611095090927157, 0.057598893638270254], "aligned_model": [[-0.5398447561526997, -0.18966608625684642, 0.4631245650473262, 0.5371201870504464, -0.6573113659492544, 0.4517824413931157, 0.06522096187666443, 0.657273875829557, -0.2027537469633355, -0.396882892502556, 0.13049938264769137, -0.04452085815579037], [-0.7169886169270202, 0.1515465672692781, -0.6174748799604868, -0.1765058514583798, -0.04527785083480959, 0.3586265620550626, 0.6935438612203291, 0.30887754275713886, -0.6392271699413385, 0.3107720007614688, -0.042646688628567894, -0.05869004417916474], [-0.3893720845574226, -0.5678943746603005, 0.233360221743666, -0.13825176756706062, -0.02238770465730182, -0.6041854906195088, 0.0364306472988916, 0.3540154845757459, 0.30089424863213865, 0.4654794329913869, 0.6978587657479258, -0.020804057785185542]], "inverted": false, "swapped": false, "error_lsq": 0.058324975831600706, "error_max": 0.2612895469490656, "target": "603.xyz", "model": "21.xyz", "model_rescale": 4.08911054899281, "target_rescale": 3.980425857439399},
{"mapping": [1, 8, 15, 9, 0, 10, 7, 12, 2, 13, 3, 16], "R": [[-0.4151348791404525, -0.7946624032347096, -0.4429161286364247], [-0.5553962198447553, -0.16422646605475605, 0.8152083824577139], [-0.7205540029055408, 0.5844153768788105, -0.3731763606720015]], "T": [0.042558478103524686, -0.09044469564056073, -0.05571154432503271], "aligned_model": [[-0.4847498286723179, -0.16041738974297975, 0.24645246414351596, 0.7451903441928017, -0.6874549514343541, 0.4263878248149438, -0.08705327478631665, 0.4984862225314431, -0.28347102321076295, -0.046223419226601004, 0.09775116790502773, 0.009143571349918792], [-0.6206432435005176, -0.2210422960697915, -0.7800323368112909, -0.012508993395027979, 0.16817609238614772, 0.5421214795558931, 0.6073442441093431, 0.354521243462864, -0.6154983594426278, 0.3052577483858035, -0.1344695948881668, -0.06667055165911875], [-0.3218578024584626, -0.7057169919130959, 0.06430156119051257, -0.14392774824423626, -0.03912604240126692, -0.37769054335346525, -0.01002153354629394, 0.31725589518244357, 0.31748712096469694, 0.4660808631765168, 0.8099063844017184, -0.03154784185609233]], "inverted": true, "swapped": false, "error_lsq": 0.04248532625048432, "error_max": 0.23053462742713224, "target": "603.xyz", "model": "22.xyz", "model_rescale": 4.204369325754507, "target_rescale": 3.980425857439399},
{"mapping": [10, 2, 11, 9, 1, 8, 0, 7, 14, 12, 13, 15], "R": [[-0.07606848893536512, 0.9677834589111546, -0.2400182527414368], [-0.8162615109596424, -0.19868810918630342, -0.5424391034889111], [-0.5726523646305604, 0.1546551386987629, 0.8050782926877947]], "T": [-0.02603866791148201, 0.048932989593241265, 0.08832968360682708], "aligned_model": [[-0.33108286210198296, -0.24244379881650868, 0.27164881301957344, 0.708354021021588, -0.561435578518448, 0.38020705906464547, -0.11753737165952247, 0.5954069442538924, -0.28675022711065473, -0.37943246757656685, 0.27406151685207736, -0.036954340563774446], [-0.6171167734967097, -0.229794678126309, -0.6026158514537163, -0.15476983376999764, 0.30847769410296494, 0.5022916256424332, 0.7091480086643481, 0.320172239647812, -0.574884581543983, 0.13696679267163478, -0.29791520517741776, 0.026595994972450396], [-0.1966787191202059, -0.7059026435989126, 0.010358706140173812, -0.0021268537580061003, -0.197163080667358, -0.360783344448707, -0.08024781714970186, 0.2776974984317859, 0.4659804255848831, 0.4975996850523538, 0.5792126169638339, 0.057196847712835744]], "inverted": false, "swapped": false, "error_lsq": 0.046313423720523106, "error_max": 0.23935706768255907, "target": "603.xyz", "model": "23.xyz", "model_rescale": 4.410303926677745, "target_rescale": 3.980425857439399},
{"mapping": [12, 0, 5, 4, 7, 3, 1, 10, 6, 11, 15, 16], "R": [[-0.24002309461458246, -0.9289844260718452, 0.2817389752370153], [0.8655642541527917, -0.33620358795207067, -0.3711679800051126], [0.4395309272219198, 0.15477429878412846, 0.8847923374732178]], "T": [-0.0037922744866526643, -0.04106895895935802, 0.19586186970224212], "aligned_model": [[-0.3635190847995514, -0.14020767522764693, 0.23464454514862979, 0.6302669227619662, -0.5622825754472368, 0.4458710094161546, -0.14385389271789537, 0.4173062284298707, -0.2821311909519494, -0.2443527480561577, 0.24604351146205025, 0.03625665784608478], [-0.5785533146459365, -0.10361559970067058, -0.5849186430672516, -0.11765085769103864, 0.1969313046703269, 0.33403909740347626, 0.7018771669355708, 0.4423712320049181, -0.7248514677705468, 0.43282454582003715, -0.4921568667677446, 0.020258834942369637], [-0.2815090805219925, -0.5443168703726255, -0.011448133833256935, -0.061020438295482815, -0.07501698685074593, -0.4870348002233779, -0.21003115399550432, 0.308758188851725, 0.37715450050834626, 0.5397762359254046, 0.6892339101779823, 0.10059794977250223]], "inverted": false, "swapped": false, "error_lsq": 0.03999810584325234, "error_max": 0.23840288614914662, "target": "603.xyz", "model": "24.xyz", "model_rescale": 4.28219845311461, "target_rescale": 3.980425857439399},
{"mapping": [14, 13, 11, 9, 0, 7, 4, 3, 10, 1, 5, 15], "R": [[-0.34747347597495176, 0.8424911503223497, -0.4116683678914479], [-0.3640358011266476, 0.28338597419538236, 0.8872261972729469], [0.8641412610169501, 0.4581495948463319, 0.20822783135348993]], "T": [-0.02868873841841907, -0.08690183133558041, -0.02799065516240537], "aligned_model": [[-0.4075075509205417, 0.04936940968236744, 0.16499439752377904, 0.6455292981088359, -0.696771032181631, 0.457930527713877, -0.15509651870706254, 0.3568892896177314, -0.3283959709248442, -0.06389229531203844, 0.3387973370408545, -0.0878051837770089], [-0.6859308786974543, -0.08422828270823102, -0.5898521313546568, -0.13460728108005737, 0.36287787928547055, 0.35099530483302055, 0.6157774906694581, 0.5129154970644195, -0.7492194749456854, 0.2504029270003225, -0.2797308758317242, -0.04284474210137211], [-0.3069263692720122, -0.6169017134639264, 0.04950069797400303, -0.022707364059330312, 0.10208022055362634, -0.44869695855519787, -0.1858241640721089, 0.27465451943429076, 0.29015354574965857, 0.51502279626644, 0.7156837526642905, -0.020895642076758723]], "inverted": true, "swapped": false, "error_lsq": 0.04261683617797843, "error_max": 0.254172643348259, "target": "603.xyz", "model": "25.xyz", "model_rescale": 4.100010024507729, "target_rescale": 3.980425857439399},
{"mapping": [9, 7, 10, 8, 5, 3, 2, 1, 4, 6, 0, 11], "R": [[-0.04921362027426643, -0.8750009319821824, -0.4816133185552627], [0.5382222432798293, -0.42942950134843294, 0.7251945395619475], [-0.8413648652150438, -0.2235255520112834, 0.49207874489732073]], "T": [0.0534527749928768, 0.01618829782483084, 0.050359603978210654], "aligned_model": [[-0.17255282364085617, -0.13781954857741197, 0.2736508542829008, 0.5742789031860248, -0.6867874840185835, 0.44132320157416377, -0.04481180636347119, 0.6133615517396104, -0.5761462641154936, -0.34879421308212005, 0.3642339166259915, -0.025894579746436316], [-0.6735656376198098, -0.006983526457174587, -0.5867591528868177, -0.15410020640691646, -0.021178667975498187, 0.41367163295548076, 0.7480288227281757, 0.33160527912575827, -0.4523093465487456, 0.24568433613555973, -0.2368848647367645, -0.08065323617973782], [-0.34011687426823206, -0.5988200410283304, 0.10485309066975018, -0.22640708200957754, -0.07143628727865217, -0.5409399452595773, 0.0002516750174572646, 0.34389127754545756, 0.4375993067495984, 0.5042440244282302, 0.6931725879246633, 0.038851588652187435]], "inverted": false, "swapped": false, "error_lsq": 0.054417170873059584, "error_max": 0.3289600281583643, "target": "603.xyz", "model": "26.xyz", "model_rescale": 3.6694154284099745, "target_rescale": 3.980425857439399},
{"mapping": [4, 0, 8, 7, 2, 1, 6, 3, 10, 12, 9, 13], "R": [[-0.5549176006383739, -0.5425145465244643, 0.6306698211513733], [-0.49495283085724623, 0.8246334559103434, 0.2738637592303186], [-0.6686465073027366, -0.16017999314121173, -0.7261227293434168]], "T": [0.03974629277792731, -0.11549736546864117, 0.024718423389780343], "aligned_model": [[-0.4053863077763895, -0.1955338481368487, 0.24794970736328958, 0.6673417267801431, -0.5911447880880022, 0.32808564834146964, -0.04112063019107075, 0.5451251886693513, -0.30215497454276746, -0.18964011410322618, 0.22381398492093396, -0.013293885372564387], [-0.6957678373089016, -0.05882392418438594, -0.7188776749767424, -0.07599264508788994, 0.115260733102688, 0.4528638562908156, 0.56030971016998, 0.38355938499445885, -0.5425691591836566, 0.4415794649997292, -0.2380693477032894, -0.09691712897929616], [-0.3503465276826426, -0.5903951591925463, 0.055389789237310874, 0.051021902354599226, -0.07947749894332645, -0.5864056158437025, -0.06436451038932528, 0.4099011744811536, 0.2749261896764782, 0.5412260173813089, 0.6696670487473116, 0.014000511316355532]], "inverted": true, "swapped": false, "error_lsq": 0.034763631503129465, "error_max": 0.2334288821162914, "target": "603.xyz", "model": "27.xyz", "model_rescale": 4.103607728864725, "target_rescale": 3.980425857439399},
{"mapping": [9, 10, 0, 2, 11, 12, 13, 4, 5, 8, 1, 14], "R": [[-0.2852852540768703, 0.2600902137074068, 0.9224778612736089], [-0.8717661701563113, 0.3295514981061815, -0.3625183508002996], [-0.39829143648501053, -0.9076061319920703, 0.1327216666302073]], "T": [-0.1078365557543071, -0.05392296319277483, -0.10307801906793645], "aligned_model": [[-0.3780464467925241, -0.26915046869491016, 0.2974560732475208, 0.6132203985752122, -0.6637108711256494, 0.5162607970335502, -0.029220791511570407, 0.4291714317830236, -0.38102368463330694, -0.19296883914541169, 0.3291241324367806, 0.0029299766916039277], [-0.7867133312167311, -0.13965766346294584, -0.6186343262749237, 0.032393613411461145, 0.34537449831925265, 0.3405317228662454, 0.5891804507031827, 0.4722629161406913, -0.6070495231880534, 0.38701034425893444, -0.37252761454922945, -0.11561565487437458], [-0.34828979971768603, -0.5788959033126628, 0.05980446085036256, 0.01501949762248389, -0.04285745613649192, -0.5414860618933444, -0.09258546925407432, 0.4032421650504635, 0.2900634460874288, 0.582932395948434, 0.6113569081189083, -0.0131608622208471]], "inverted": true, "swapped": false, "error_lsq": 0.04064506074440141, "error_max": 0.195780056820565, "target": "603.xyz", "model": "28.xyz", "model_rescale": 4.137296879288765, "target_rescale": 3.980425857439399},
{"mapping": [10, 2, 0, 1, 4, 8, 9, 3, 5, 7, 11], "R": [[0.27336537183991005, 0.1168641499301524, -0.9547848678838238], [0.5829870860385583, -0.8096462333649344, 0.06781618029825326], [-0.7651126916939088, -0.5751658432652946, -0.2894595338727406]], "T": [-0.020805243975019254, 0.09958777169034992, 0.004861580229141054], "aligned_model": [[0.6223249360365833, 0.03668173303997641, -0.10039784629567083, -0.6413003096872801, 0.07836484532007956, 0.4993785881657212, 0.48380142846511653, -0.1708827961490977, -0.73257945732703, 0.08391763040840339, 0.062110258733096314], [-0.29577776553719454, -0.6134264769257195, -0.15858932697033007, 0.21119230218021823, 0.617609738925836, -0.2607443820612963, 0.32962592584585493, -0.339928779199804, 0.19076404918431478, 0.1564724036923506, 0.08195012751372191], [0.20503939726462705, -0.15170605481865462, -0.7954128293196506, -0.3364594621261584, -0.4019395977525993, -0.4897236603297358, 0.15294361422654837, 0.4532923204176639, 0.442753761066976, 0.7538923547622443, -0.02692582160826214]], "inverted": true, "swapped": true, "error_lsq": 0.048487362540216974, "error_max": 0.2620097384347315, "target": "603.xyz", "model": "29.xyz", "model_rescale": 3.607286011436655, "target_rescale": 3.980425857439399},
