[{"mapping": [6, 7, 13, 3, 2, 0, 8, 9, 12, 4, 5, 14], "R": [[0.35156716714690106, 0.29600015510768407, 0.8881353698398291], [0.22212543034193202, -0.9479811372333583, 0.2280176673969816], [0.9094288428347292, 0.11711392584136188, -0.3990282047604023]], "T": [0.03234763891932787, -0.012134892690433163, 0.021060993689825686], "aligned_model": [[-0.21748553134134443, 0.10124500635268716, 0.548985316359453, -0.1832940328043065, -0.3305457350716858, -0.5598456952652745, 0.24451823793444993, -0.2671313162800664, 0.6232022508509378, 0.26047605172291904, -0.41615704262881337, 0.03367495263159286], [-0.23045700950293851, -0.7474161877570906, -0.417409661751479, 0.6337373035241323, 0.32369938064196707, -0.5066868010443786, -0.15333844788061549, -0.534002490594393, 0.15781937670355328, 0.4133610452294058, 0.1102326456005, 0.004015882808394142], [-0.5724907351397651, -0.2505827294419406, -0.40988632669381175, -0.06012951771425941, -0.6935622665668882, 0.029995748359202507, 0.7464126875942811, 0.5243544137036275, -0.0028974971120675035, 0.4547183648140767, 0.47976196169223845, -0.06374235814113098]], "inverted": false, "swapped": true, "error_lsq": 0.05042439869027531, "error_max": 0.2755314236208963, "target": "604.xyz", "model": "0.xyz", "model_rescale": 3.751011558992144, "target_rescale": 4.100706835570705},
{"mapping": [10, 5, 2, 13, 12, 9, 8, 4, 11, 10, 6, 0, 7, 1, 14], "R": [[0.8642314423814179, 0.25112011021074376, 0.43593887673282566], [0.15892388522159928, -0.9584154678380049, 0.23702951232901365], [0.47733343975192627, -0.13556725731754704, -0.868201765742268]], "T": [-0.11174113966447786, 0.014487562564294315, 0.038564116795007354], "aligned_model": [[0.03497504444557924, -0.3840439553873261, -0.6629594778821386, -0.04349349079182231, 0.5150129581597964, 0.17884645024364476, -0.7572729360384544, -0.4702906488729375, 0.6397224883651796, 0.03497504444557924, 0.3120824709441878, -0.3680261927867977, 0.24524737493084914, -0.29919212199962, -0.06332721355706597], [0.4588523319181794, -0.2928610091296985, -0.5935813730779478, -0.6809760469124772, -0.34645804623904175, -0.2223519145788304, 0.11465188376311963, 0.6902848117437481, 0.21733653876874884, 0.4588523319181794, 0.5898059902301056, -0.1494531665070277, 0.10894876146058072, 0.451407668013176, -0.007450530582442574], [-0.6348362553508008, -0.4320462092951576, 0.1393044518529152, -0.1593621942843289, 0.20848372255985156, -0.503335814919561, -0.07837202290884204, -0.16222008915173527, -0.13717915484856094, -0.6348362553508008, 0.2690158452522126, 0.7335072277020357, 0.5893029897169598, 0.5481212775846135, 0.025199077651082435]], "inverted": false, "swapped": false, "error_lsq": 0.04116529357444323, "error_max": 0.38209204900901134, "target": "604.xyz", "model": "1.xyz", "model_rescale": 3.9405287249114394, "target_rescale": 4.100706835570705},
{"mapping": [9, 10, 7, 3, 12, 0, 5, 4, 11, 6, 2, 1, 14], "R": [[-0.6831552499279866, 0.4427660028817937, -0.5807384705596055], [-0.7283406382769613, -0.4709176157411964, 0.49775145787725816], [-0.05309255249221928, 0.7630169499275272, 0.644194314623433]], "T": [0.0688680845725449, 0.0165351159710318, -0.014963634331848507], "aligned_model": [[-0.3156551793844185, 0.1288197842914341, -0.49737507769076816, 0.36132647370624627, 0.5496274208891536, -0.6462850871137852, 0.029637576735171645, 0.6573737225329154, 0.1292328533235469, -0.4413669712944386, -0.16283268318068117, -0.34894781998668223, 0.05242826645623755], [0.699357818807284, 0.4779861036657757, 0.057199653239179825, -0.3049378432488909, -0.1006235187115585, 0.24922569614310844, 0.4089601191897663, 0.23378735233592768, -0.7686930076795413, -0.42867417228868115, -0.7549507846864523, -0.24215598556098955, -0.06764883763291128], [0.020146434677452908, -0.6013813241542684, -0.5598405186184245, 0.5154770793059273, -0.3806300810716703, 0.1575628850104609, 0.5056133781724793, 0.1512009266559695, -0.3508483912022304, -0.07688044836716168, 0.31105311898076055, 0.44646039804916743, -0.024813107849818893]], "inverted": true, "swapped": true, "error_lsq": 0.04939189399202875, "error_max": 0.2654400974704922, "target": "604.xyz", "model": "2.xyz", "model_rescale": 3.932901565614263, "target_rescale": 4.100706835570705},
{"mapping": [5, 9, 8, 1, 4, 12, 10, 3, 2, 11, 7, 6, 13, 14], "R": [[-0.19678869544973115, 0.9686467035940927, -0.15165016636816275], [-0.7007799349121122, -0.24713862328272335, -0.669201003964053], [-0.6856979598684607, -0.02541779884684431, 0.7274422611685498]], "T": [-0.011235260967043994, -0.10578705406873039, -0.04336688605415476], "aligned_model": [[-0.17263721633990695, 0.48149821808795806, 0.1434247964640829, -0.14030495419973144, -0.4185356393060528, -0.1315311920569342, 0.5111539475070116, -0.6723378097175886, -0.3723954875352173, -0.1365200146872748, 0.7285781364838062, 0.18860909498046388, 0.4376034575562926, -0.026795425184205232], [0.11191068917850784, 0.005571664091974363, -0.5788148030890237, 0.5556323739336465, -0.5188646727528506, -0.6487550140955681, -0.6283170655765354, 0.07591966569844034, 0.4863015501459464, -0.11656417113910177, -0.005916363396449353, 0.3756350400131904, -0.3759030051590193, -0.07433924950266876], [-0.6375839703181543, -0.6434924191607855, -0.6293830140122856, -0.026974560926790542, -0.3342644009835922, 0.21984846067758954, -0.16373643878160066, -0.0303203694372396, 0.4802331899920199, 0.8035293682822013, 0.20538544966936786, 0.3933021135030518, 0.541832993350281, 0.035519961203034314]], "inverted": false, "swapped": true, "error_lsq": 0.04785974304447845, "error_max": 0.3971632045078899, "target": "604.xyz", "model": "3.xyz", "model_rescale": 3.9243930471874484, "target_rescale": 4.100706835570705},
{"mapping": [3, 12, 2, 1, 6, 4, 5, 11, 7, 10, 0, 9, 14], "R": [[-0.9796647805592033, -0.16438478386203048, -0.1150415601707554], [-0.19915976514684725, 0.8662582742110633, 0.4581833588286713], [0.02433733096583647, 0.47177774978850345, -0.8813815570602527]], "T": [-0.09623634791211326, -0.06947640636758559, -0.13457054195278442], "aligned_model": [[0.02389054417339452, -0.38310627775674155, 0.6715667295615982, 0.4387637003376545, 0.5597031133788295, -0.6214652960966507, -0.2813313887378683, 0.390278738379955, 0.169128594872207, -0.5610696514995107, 0.23284796710151295, -0.33697985796078755, -0.025021029442240494], [-0.6675928283883512, 0.15805195424036664, -0.35275858139161986, -0.4186180348987808, 0.1042329791096116, -0.3717428623322423, -0.549110116273576, 0.21257989651223572, 0.6022285954986567, 0.49828323746000747, -0.046849188606744224, 0.017842714960284972, -0.058718212208261546], [-0.4477324794161368, -0.629044124540972, -0.42679016426923355, 0.08055366722085458, -0.09037453571840162, -0.3667722280631486, 0.26820504324058514, -0.7801656117852799, 0.17779075532967628, 0.013739653236531896, 0.5629578715033438, 0.6068845371980238, -0.182182068564879]], "inverted": false, "swapped": true, "error_lsq": 0.04478006387434744, "error_max": 0.2610606248230504, "target": "604.xyz", "model": "4.xyz", "model_rescale": 3.8936222436046832, "target_rescale": 4.100706835570705},
{"mapping": [13, 12, 10, 7, 8, 4, 3, 5, 0, 6, 9, 14], "R": [[-0.8044921710567745, 0.28575165926145535, -0.5207094544347], [0.5916671205871722, 0.3085290652459214, -0.7448085890445699], [-0.05217628891021758, -0.9072793423900951, -0.4172790789720405]], "T": [-0.10296032847131162, -0.13346142497516517, 0.08478101399646601], "aligned_model": [[-0.0026540989387542624, -0.5781833546692288, -0.29411304026910556, 0.40260081664748393, -0.5185971725219979, -0.7081626814504889, -0.28772859042843313, -0.10111195978847418, 0.5649887546654545, 0.47725214990640796, 0.14468696494246547, -0.07142974588023243], [-0.5619978603980209, -0.42455567301080355, 0.13188891405685538, -0.1518330315258756, 0.46850200847733064, 0.021024589275676603, -0.33982536795596846, 0.38819487170362216, 0.25243025673828456, -0.48797147420414166, 0.5862504831164419, -0.21318481116359395], [-0.565736399272451, -0.17597720646736068, -0.5886183961816568, -0.5179180444480899, -0.15181130538122165, 0.2608840088441451, 0.7120917312487756, 0.4777290175706266, 0.10169246784663724, 0.07697592725508742, -0.10501700599986505, 0.0949899242608913]], "inverted": false, "swapped": true, "error_lsq": 0.042244454764013596, "error_max": 0.24658945735275728, "target": "604.xyz", "model": "5.xyz", "model_rescale": 3.6523030999806103, "target_rescale": 4.100706835570705},
{"mapping": [2, 11, 13, 6, 7, 3, 12, 1, 4, 8, 10, 0, 14], "R": [[0.7259592283145029, -0.514875765365507, 0.4559453312232674], [-0.2337760027354903, -0.8082306555722878, -0.5404738549996717], [0.6467858837127073, 0.28577290570044156, -0.7071081013519072]], "T": [-0.011138956582489562, -0.07695250882344846, -0.08958977784417059], "aligned_model": [[0.2188309087627126, 0.0220155005459354, 0.21195482144348365, 0.5282701610195167, 0.6213124987511847, -0.3542509865917861, -0.42916630247813603, 0.3537727443136328, -0.6287616734836189, -0.3156791251133805, -0.0170521452645339, 0.6583703563909153, 0.011466146368369016], [-0.6317294535042935, 0.028625163284391672, 0.5371551920059581, -0.2025105749944644, 0.38795130391779137, -0.6389373486305887, 0.29393982363342663, -0.6377012696296545, -0.10587906793962784, 0.24298100123801764, 0.6185831757553403, -0.2584493981106373, -0.09320164286247634], [0.5385018291805646, 0.7594095263374323, 0.3462755902709919, 0.3049451259549829, -0.03440514251864065, 0.10195995005615612, 0.1678197231765608, -0.007105648603109846, -0.2867027281805988, -0.7188653310208148, -0.3663786377309595, -0.427481068011823, -0.00786344942895241]], "inverted": true, "swapped": true, "error_lsq": 0.04943297167943672, "error_max": 0.3124110261340312, "target": "604.xyz", "model": "6.xyz", "model_rescale": 4.08911054899281, "target_rescale": 4.100706835570705},
{"mapping": [5, 4, 3, 8, 11, 10, 6, 7, 12, 12, 13, 0, 1, 2, 14], "R": [[-0.12253315435431822, -0.013113263597739011, -0.9923777851210684], [-0.8851005394402399, -0.45090523058578647, 0.11524542556203976], [-0.44897957767205593, 0.8924754984581904, 0.043644283534356676]], "T": [-0.05911155533736758, 0.0009733020100081424, -0.007433651037273673], "aligned_model": [[-0.22312830451883714, -0.52238866843306, -0.6523109664501432, -0.05563685825448491, 0.513510518628525, 0.34558388864729717, -0.5298841596936317, -0.38097969254456, 0.43901618740555953, 0.43901618740555953, 0.3487964007187593, -0.6336473674801644, 0.13872653156335002, -0.33053802306747593, 0.0161201202919602], [0.24333399394441277, -0.2710331671470224, -0.49371658759244297, -0.6408212544478286, -0.11976823658141966, -0.24017194313079362, 0.09752563096209241, 0.6931093197434445, 0.36876882262149924, 0.36876882262149924, 0.5705093146100518, -0.18502036768942673, 0.0017355415666067686, 0.5121098690998863, -0.10832152779218691], [-0.7108972468091855, -0.46376279422309014, 0.16533153077417984, -0.23816433184555894, 0.03791504489470844, -0.5527275780766467, 0.12745062979271937, -0.13642047107840585, -0.36041683043702316, -0.36041683043702316, 0.20501481821910683, 0.7136565919289194, 0.6988280350378793, 0.5539990035976217, 0.09135702487168222]], "inverted": true, "swapped": false, "error_lsq": 0.04720982269560061, "error_max": 0.3589589756994403, "target": "604.xyz", "model": "7.xyz", "model_rescale": 3.964800864290218, "target_rescale": 4.100706835570705},
{"mapping": [0, 5, 1, 9, 6, 8, 7, 3, 4, 12, 10, 13, 11, 14], "R": [[0.26262869727372723, 0.923685236875873, -0.278983423424883], [0.8686922410735485, -0.352198282744337, -0.34832479086415347], [-0.41999994960347453, -0.1508706492645362, -0.8948955746474425]], "T": [0.10298921556662174, -0.06356628744702415, 0.08012805946457581], "aligned_model": [[-0.2669034627292085, 0.053451993663070005, 0.3731589110840352, -0.5520817351894141, 0.2121876296164638, -0.3788863076838551, -0.4283517627503999, 0.7345979545114404, 0.25213943653658055, 0.1939835894924591, -0.5263361526297385, -0.11744827968182533, 0.5557471807659886, 0.15592889445527652], [0.0856909009016389, -0.5740615443172159, 0.08182508981862772, -0.30928489480246957, 0.534010206166298, -0.6213685642415245, 0.5140162174314883, -0.3037934493582877, -0.6142359092274428, -0.054402093420489225, -0.07557778455967236, 0.556238915120687, 0.5872552436912628, 0.0046361329783010385], [-0.5803687711255464, -0.3241954474002221, -0.5200994280883333, -0.2746142645587111, -0.2254252993754048, 0.29862860186618206, 0.02311089318625583, -0.03651427906411679, 0.38942607219305875, 0.6885717108155374, 0.48537148280656006, 0.509227747990025, 0.4033729216532607, 0.08032309782647593]], "inverted": true, "swapped": true, "error_lsq": 0.04699721134582597, "error_max": 0.3323830399615104, "target": "604.xyz", "model": "8.xyz", "model_rescale": 4.121658175737393, "target_rescale": 4.100706835570705},
{"mapping": [3, 1, 6, 11, 5, 4, 0, 10, 7, 9, 12, 13, 14], "R": [[-0.6238794475425079, 0.7636425126790236, 0.16620634092393227], [-0.06131378113889513, -0.2598413786534261, 0.9637027955661116], [0.7791117090485208, 0.5910436284816495, 0.20893150565374063]], "T": [-0.15092310575378864, 0.009274574127306204, -0.023760489460751766], "aligned_model": [[-0.672597625825476, -0.15953203294528343, 0.3135995136470862, 0.19095318400820438, -0.5706924955288741, -0.7026063105951126, 0.16063645012702193, 0.15102808511422422, 0.6138673067717103, -0.04072890915003352, -0.18684912273813142, 0.4975404399999288, -0.11788098645006759], [0.17638321649658933, -0.28430736454109373, 0.0006707058267850542, 0.698307175164474, -0.49099847110030265, 0.17044177326719062, -0.6672344103311825, -0.001510804205478774, -0.1433435519492278, -0.6905952859024198, 0.5449786758704162, 0.4200884916667465, 0.057507289149213714], [-0.43628263471154444, -0.6305049871148862, -0.5202778848899599, -0.3997928797977626, -0.03133554529422136, 0.27760118172915943, -0.22530602286822696, 0.6611673032502097, 0.08102059152718293, 0.3129547003293488, 0.27673588670184024, 0.1423860606643183, -0.08729033556636917]], "inverted": false, "swapped": true, "error_lsq": 0.042586713576886155, "error_max": 0.20544165076151963, "target": "604.xyz", "model": "9.xyz", "model_rescale": 3.833441315466971, "target_rescale": 4.100706835570705},
{"mapping": [13, 0, 1, 12, 11, 10, 5, 2, 8, 8, 9, 4, 7, 3, 14], "R": [[-0.710144593775017, -0.6281345391252029, -0.31802776087958945], [0.6267672816381187, -0.3582525125548302, -0.6919666985600643], [0.32071393889271455, -0.6907258052267342, 0.6481052625876449]], "T": [-0.11624195297231722, -0.08840721255531818, 0.05183465505187895], "aligned_model": [[-0.4748495847258162, -0.41453084733487805, -0.615275466912549, 0.010415184093332211, 0.5410950701769196, 0.33455139126131916, -0.748618420089755, -0.30999269681080943, 0.4654437927607139, 0.4654437927607139, 0.2279506691258384, -0.6409080749930239, 0.3468131800474707, -0.18107843550922073, -0.09420375963160194], [0.31447517750314663, -0.2911753669146217, -0.6104913730175008, -0.6774536779656235, -0.264507768634073, -0.23156027354140973, 0.12220938137339583, 0.5979345949848273, 0.31053407074851275, 0.31053407074851275, 0.6387088506344833, -0.0013143629123835016, 0.06299455110692372, 0.521352527134104, -0.005232170459921984], [-0.5353389884672941, -0.5258605697694356, -0.10309311609580019, 0.050321866655512304, 0.09909683009306605, -0.6205095316894336, -0.06295147505514215, -0.03786388123602216, -0.27989853301292744, -0.27989853301292744, 0.1554869395287573, 0.6460171825929242, 0.5063359493578525, 0.6669046836939534, 0.09199777262679895]], "inverted": true, "swapped": false, "error_lsq": 0.046163677959286366, "error_max": 0.41213547202125966, "target": "604.xyz", "model": "10.xyz", "model_rescale": 4.2482417240324, "target_rescale": 4.100706835570705},
{"mapping": [3, 5, 8, 9, 11, 13, 12, 7, 0, 6, 1, 14], "R": [[0.2227712792353056, 0.938167667685001, -0.2649799699191455], [-0.6054305110775726, 0.3461803408377049, 0.7166680318486657], [0.7640856322456371, 0.0007739043714921068, 0.645114367897514]], "T": [-0.07343666898053636, -0.003043136297912162, 0.07755450566634794], "aligned_model": [[-0.7148942004438766, -0.04589993948448243, 0.3826369312106067, 0.5707392463612257, -0.497369106195081, 0.1735574294740051, -0.16516274973121617, 0.48325130650558934, 0.30408087460041194, -0.15525463054553346, -0.33563759223331896, -0.12328196715532361], [-0.2451379520551645, -0.6407640467255631, -0.42655993276125553, -0.4050740253073957, 0.7408004196189472, 0.7330886416160638, 0.27603046954002336, 0.46946628523822387, -0.17372889753266738, 0.40332754871124565, -0.1256448534052503, 0.060327733113431904], [0.06465260343192232, -0.06061427074975259, 0.5289083372186698, -0.11928617954483067, 0.07268271191706374, 0.19579849920464673, 0.6181762625743862, -0.2157185530004531, -0.5733688693560324, -0.46147564374936334, -0.5312335104615759, 0.0466709023696755]], "inverted": false, "swapped": true, "error_lsq": 0.04998818827342056, "error_max": 0.24867014377708863, "target": "604.xyz", "model": "11.xyz", "model_rescale": 3.6694154284099745, "target_rescale": 4.100706835570705},
{"mapping": [1, 5, 4, 9, 0, 2, 6, 11, 10, 13, 12, 7, 3, 14], "R": [[0.06878420505197669, -0.8736436364311427, 0.481679903731448], [-0.9735421857739525, -0.16424243239556774, -0.15887112991120333], [0.21790903068446404, -0.4580078819454494, -0.8618262205468111]], "T": [-0.0015318164408466145, 0.17177491637090234, -0.06459790287431977], "aligned_model": [[-0.02499043227615287, 0.07494906824223406, -0.35068258547291226, 0.670628760599562, 0.5865196846486047, -0.41727660942092965, 0.11722583026076581, -0.3956781614172536, 0.4441435646383357, 0.18494729445404362, -0.28336791543397033, 0.6230823307423938, -0.5943793833864831, -0.03685659592242836], [-0.37845223298749453, 0.3308844785247974, 0.6991083914636766, 0.3853288088321164, -0.18360464161998888, -0.5899238572064417, -0.48156025017485815, -0.28321107694663983, 0.6424156925171701, 0.04487897138356847, 0.48239121520932216, -0.09123898500442082, 0.05126404721943553, 0.10270672692601161], [-0.45331776501835336, -0.6933837673414069, -0.2100668960510822, -0.40801105734853027, -0.41567505504866614, -0.11079216195416411, 0.08180768429060281, 0.5442387632378862, 0.30995201610667067, 0.6877322649906084, 0.3855726910207738, 0.33522280350908007, -0.3874802597039299, -0.026703801037073177]], "inverted": true, "swapped": true, "error_lsq": 0.04029359837598328, "error_max": 0.30652926375200384, "target": "604.xyz", "model": "12.xyz", "model_rescale": 3.9764082729961374, "target_rescale": 4.100706835570705},
{"mapping": [10, 11, 14, 3, 7, 8, 13, 12, 2, 1, 9, 6, 4, 5, 15], "R": [[0.617751667064954, -0.03467270756042182, 0.7856084783076747], [-0.43367908708833647, 0.81834699419746, 0.3771347856008641], [-0.6559766209711271, -0.5736776101944472, 0.4904983917413905]], "T": [-0.0691769504431083, 0.1188096738574574, 0.04249459238037026], "aligned_model": [[-0.23533508267218406, -0.4250914444930974, -0.5914936474117148, 0.06529375161992405, 0.5643651680650241, 0.1808057200441196, -0.6779827800772187, -0.3795720977804949, 0.6548041994159786, 0.15223252063047515, 0.1483241805390469, -0.5730132975585178, 0.17157976424738364, -0.09148891007376965, -0.05117225027630199], [0.2492430801627989, -0.33138093086460535, -0.485572188127734, -0.6922895453710234, -0.2544065955991383, -0.20115964717929946, 0.13676826532631936, 0.6315649748498838, 0.17510428698965125, 0.4956587845436284, 0.6588843264459032, -0.08696125085415325, -0.09573119126570147, 0.5713976992627164, 0.025888162469125647], [-0.7330861581362966, -0.5063204867624449, 0.06925038700858802, -0.13772509069347044, 0.21675789664182216, -0.5361081510454624, -0.016780166015392922, -0.17648117970831637, -0.28756862139409833, -0.4182495580490777, 0.19253376783323373, 0.5786532140288159, 0.684267249403771, 0.7478244170382581, 0.09377907605995356]], "inverted": true, "swapped": false, "error_lsq": 0.0406152776180778, "error_max": 0.30764843388263435, "target": "604.xyz", "model": "13.xyz", "model_rescale": 4.170626492500431, "target_rescale": 4.100706835570705},
{"mapping": [9, 8, 0, 5, 7, 2, 1, 10, 13, 4, 12, 3, 11, 14], "R": [[0.03129021406976351, 0.7762450900958764, 0.6296542564022838], [-0.9575412516080601, -0.1573511001888931, 0.24156858806188863], [0.2865932203879532, -0.6104786575887722, 0.7383631455159938]], "T": [-0.04220674231274267, 0.0088796228227765, 0.12237085164459217], "aligned_model": [[-0.04269117495728646, 0.11451697726961442, -0.22764983414309065, -0.5331274038859866, 0.479127680153424, -0.43484745028998933, -0.5393920453621641, 0.5791832365551616, 0.6651569718126825, -0.16596063203677539, 0.3341477600257401, -0.58206642038612, 0.236199764079276, -0.039414406742843106], [-0.43226346762025364, -0.7406475779190049, 0.10413591908525131, -0.36861681766082083, 0.2712111347048478, 0.771611016881797, 0.3852951977583151, -0.37858954225710906, 0.3499186108051319, -0.4606212876430463, -0.06860122263176062, 0.11982096055950965, 0.7113169534037194, 0.09210459045908903], [-0.5262663659570069, 0.05354834076838959, -0.6205231264336825, -0.08506632753752895, -0.4054248856028497, 0.2610674957536958, -0.13360071543045493, -0.03306102267706669, 0.13674811663841951, 0.5529541203568132, 0.6029139221021783, 0.5303998593640679, 0.52500877233879, 0.14517491743710184]], "inverted": false, "swapped": true, "error_lsq": 0.04779442304766114, "error_max": 0.336678568746128, "target": "604.xyz", "model": "14.xyz", "model_rescale": 3.9786697098870705, "target_rescale": 4.100706835570705},
{"mapping": [9, 1, 10, 8, 7, 13, 3, 11, 12, 4, 6, 14], "R": [[0.6252887637907676, 0.5162003948192962, 0.5852786637708716], [-0.7794533849490389, 0.4499072902543469, 0.4359310161797125], [-0.03829337499489327, -0.7287802018197216, 0.6836761183975252]], "T": [-0.03801279391160831, -0.10119304618802363, -0.009007998114318103], "aligned_model": [[0.007054869191562861, -0.7087401589948557, 0.6147718866959984, 0.4689020328046016, 0.07557753321005858, 0.34052850040120247, -0.40273030381983665, -0.07745747047893795, 0.4429278266928452, 0.24478378327100067, -0.4483854749910942, -0.07387842721520896], [-0.3316898697340247, -0.06014655898181265, -0.003954063133799091, -0.580423885909167, 0.5090898376178228, 0.5865298688876661, -0.41000098042181554, 0.5432472467133284, -0.02079034680099956, -0.6178390880603036, 0.43920111494523084, -0.038548784897686664], [-0.7574582777295921, -0.062330989307304296, -0.36232608174280684, -0.3322185295799375, -0.49256542153892935, 0.015919932281647144, 0.48278761114774743, 0.5532966415177553, 0.36622414442078594, 0.2634824508861424, -0.0532033336748558, 0.03835834719317795]], "inverted": false, "swapped": true, "error_lsq": 0.05474925228613006, "error_max": 0.2624652004527822, "target": "604.xyz", "model": "15.xyz", "model_rescale": 3.769337070930944, "target_rescale": 4.100706835570705},
{"mapping": [10, 4, 7, 13, 9, 5, 0, 3, 6, 11, 14], "R": [[0.16214376447060996, 0.2508019128631494, 0.9543625098187192], [0.6767032660765555, -0.7321718149824706, 0.07744109391400611], [0.7181797054530449, 0.6332636369234069, -0.28843556789327746]], "T": [-0.01584294854587536, -0.08765603219936227, 0.0032631999114142857], "aligned_model": [[-0.4065430439428112, -0.15743843833527993, -0.1270239671795025, -0.603026111148867, 0.38824902695967783, 0.514800342286042, 0.5734947357806268, 0.16842353688945674, 0.1110934495045971, -0.5047060908074281, -0.034697309315340416], [0.1313757812782573, -0.6912732381568303, 0.6754858131223992, 0.43017717743976414, 0.1381397220635701, -0.3815792751822895, 0.3874938828643313, -0.5845395501776028, 0.419068008895108, 0.13111756395993007, -0.05940138848129534], [-0.5965662987145143, -0.18842682953290507, -0.1530347445585052, 0.06605190657461678, -0.6300326659107242, -0.23873611201695766, -0.1459615198834256, 0.4384605752202789, 0.43858229147006533, 0.6712427079337255, 0.0826382966421224]], "inverted": true, "swapped": true, "error_lsq": 0.041085513396288464, "error_max": 0.23126326590467325, "target": "604.xyz", "model": "16.xyz", "model_rescale": 3.7852294659196426, "target_rescale": 4.100706835570705},
{"mapping": [11, 3, 1, 2, 12, 4, 8, 5, 6, 7, 10, 0, 14], "R": [[-0.7596083016147566, 0.42861118624805633, -0.4891703988805735], [0.5238732139641898, 0.848943734704469, -0.06965192744539471], [0.3854245500857147, -0.3091714513487013, -0.8694026281661232]], "T": [-0.07282270709694302, 0.11770003251777239, 0.021884109334161166], "aligned_model": [[-0.030455274962125495, -0.35618872594107764, 0.34579085390779607, 0.22343788048013682, -0.5183639238767775, -0.6892112750403744, -0.420881713039049, -0.10342705173511765, 0.48501633536020483, 0.5134139693421071, -0.15150703559714374, 0.6030429302723489, -0.04690111895464527], [-0.333423075625194, -0.4667615912345562, -0.33432831107784405, -0.6857823715707648, 0.2042845797607251, 0.16502696243917298, 0.734269759318845, 0.1408446675811463, -0.18016707225230838, 0.4973227357134366, 0.827979067719717, 0.25016015866378005, 0.055630114266718066], [-0.7045720995110577, 0.24177597661001926, 0.2954465645475687, -0.1257924111415267, -0.3935238536813292, 0.21930086763453027, 0.32152821041056995, 0.6738538492771927, -0.22806709601394232, -0.3405919655275447, -0.20111677829046146, 0.3697552351192598, -0.032241802290104635]], "inverted": false, "swapped": true, "error_lsq": 0.042229294445753594, "error_max": 0.22364517180214322, "target": "604.xyz", "model": "17.xyz", "model_rescale": 3.901054581598922, "target_rescale": 4.100706835570705},
{"mapping": [10, 5, 2, 13, 12, 9, 8, 4, 11, 10, 6, 0, 7, 1, 14], "R": [[0.8642314423814179, 0.25112011021074376, 0.43593887673282566], [0.15892388522159928, -0.9584154678380049, 0.23702951232901365], [0.47733343975192627, -0.13556725731754704, -0.868201765742268]], "T": [-0.11174113966447786, 0.014487562564294315, 0.038564116795007354], "aligned_model": [[0.03497504444557924, -0.3840439553873261, -0.6629594778821386, -0.04349349079182231, 0.5150129581597964, 0.17884645024364476, -0.7572729360384544, -0.4702906488729375, 0.6397224883651796, 0.03497504444557924, 0.3120824709441878, -0.3680261927867977, 0.24524737493084914, -0.29919212199962, -0.06332721355706597], [0.4588523319181794, -0.2928610091296985, -0.5935813730779478, -0.6809760469124772, -0.34645804623904175, -0.2223519145788304, 0.11465188376311963, 0.6902848117437481, 0.21733653876874884, 0.4588523319181794, 0.5898059902301056, -0.1494531665070277, 0.10894876146058072, 0.451407668013176, -0.007450530582442574], [-0.6348362553508008, -0.4320462092951576, 0.1393044518529152, -0.1593621942843289, 0.20848372255985156, -0.503335814919561, -0.07837202290884204, -0.16222008915173527, -0.13717915484856094, -0.6348362553508008, 0.2690158452522126, 0.7335072277020357, 0.5893029897169598, 0.5481212775846135, 0.025199077651082435]], "inverted": false, "swapped": false, "error_lsq": 0.04116529357444323, "error_max": 0.38209204900901134, "target": "604.xyz", "model": "18.xyz", "model_rescale": 3.9405287249114394, "target_rescale": 4.100706835570705},
{"mapping": [9, 11, 10, 14, 12, 13, 5, 8, 4, 7, 0, 2, 1, 6, 15], "R": [[-0.8649535388815609, -0.28149008566539885, 0.41547407530236], [-0.4857013717550398, 0.2612042381945711, -0.8341861443493693], [0.1262915399048459, -0.9233285859439643, -0.3626496509403842]], "T": [0.04771093940084488, -0.006013630380395582, -0.011660168604432357], "aligned_model": [[-0.3576960770656048, -0.4544042776288166, -0.4403281205237363, 0.08978294442257607, 0.5250078910697185, 0.15562964378212907, -0.7070526190824572, -0.18660005541329788, 0.6590060382643332, 0.15177129610433943, 0.2974565842470244, -0.6600391978125998, 0.126521468299776, -0.3013899864684425, 0.014590262023712296], [0.22337929030561193, -0.35195341991890794, -0.5857285633810972, -0.7642982725706766, -0.2534859994274291, -0.30874189958569814, 0.34234127906450285, 0.7129407171117208, 0.3811392507239814, 0.44780369006045706, 0.5349010131205242, -0.05380004218466776, 0.03933077678700579, 0.45135461486357664, -0.01817420418053211], [-0.6216059743080621, -0.3956122134500382, 0.19727166092484105, -0.16322965724906258, 0.09362092511729322, -0.6016084660344647, -0.02726371339808622, 0.010137984238162236, -0.11699761386553933, -0.5397196640895232, 0.33143270407378306, 0.4904667925660165, 0.6419851551398338, 0.46502241697204544, 0.0068462595726841505]], "inverted": false, "swapped": false, "error_lsq": 0.04401711134450729, "error_max": 0.3156946930726805, "target": "604.xyz", "model": "19.xyz", "model_rescale": 4.410303926677745, "target_rescale": 4.100706835570705},
{"mapping": [0, 5, 1, 9, 6, 8, 7, 3, 4, 12, 10, 13, 11, 14], "R": [[0.26262869727372723, 0.923685236875873, -0.278983423424883], [0.8686922410735485, -0.352198282744337, -0.34832479086415347], [-0.41999994960347453, -0.1508706492645362, -0.8948955746474425]], "T": [0.10298921556662174, -0.06356628744702415, 0.08012805946457581], "aligned_model": [[-0.2669034627292085, 0.053451993663070005, 0.3731589110840352, -0.5520817351894141, 0.2121876296164638, -0.3788863076838551, -0.4283517627503999, 0.7345979545114404, 0.25213943653658055, 0.1939835894924591, -0.5263361526297385, -0.11744827968182533, 0.5557471807659886, 0.15592889445527652], [0.0856909009016389, -0.5740615443172159, 0.08182508981862772, -0.30928489480246957, 0.534010206166298, -0.6213685642415245, 0.5140162174314883, -0.3037934493582877, -0.6142359092274428, -0.054402093420489225, -0.07557778455967236, 0.556238915120687, 0.5872552436912628, 0.0046361329783010385], [-0.5803687711255464, -0.3241954474002221, -0.5200994280883333, -0.2746142645587111, -0.2254252993754048, 0.29862860186618206, 0.02311089318625583, -0.03651427906411679, 0.38942607219305875, 0.6885717108155374, 0.48537148280656006, 0.509227747990025, 0.4033729216532607, 0.08032309782647593]], "inverted": true, "swapped": true, "error_lsq": 0.04699721134582597, "error_max": 0.3323830399615104, "target": "604.xyz", "model": "20.xyz", "model_rescale": 4.121658175737393, "target_rescale": 4.100706835570705},
{"mapping": [2, 11, 13, 6, 7, 3, 12, 1, 4, 8, 10, 0, 14], "R": [[0.7259592283145029, -0.514875765365507, 0.4559453312232674], [-0.2337760027354903, -0.8082306555722878, -0.5404738549996717], [0.6467858837127073, 0.28577290570044156, -0.7071081013519072]], "T": [-0.011138956582489562, -0.07695250882344846, -0.08958977784417059], "aligned_model": [[0.2188309087627126, 0.0220155005459354, 0.21195482144348365, 0.5282701610195167, 0.6213124987511847, -0.3542509865917861, -0.42916630247813603, 0.3537727443136328, -0.6287616734836189, -0.3156791251133805, -0.0170521452645339, 0.6583703563909153, 0.011466146368369016], [-0.6317294535042935, 0.028625163284391672, 0.5371551920059581, -0.2025105749944644, 0.38795130391779137, -0.6389373486305887, 0.29393982363342663, -0.6377012696296545, -0.10587906793962784, 0.24298100123801764, 0.6185831757553403, -0.2584493981106373, -0.09320164286247634], [0.5385018291805646, 0.7594095263374323, 0.3462755902709919, 0.3049451259549829, -0.03440514251864065, 0.10195995005615612, 0.1678197231765608, -0.007105648603109846, -0.2867027281805988, -0.7188653310208148, -0.3663786377309595, -0.427481068011823, -0.00786344942895241]], "inverted": true, "swapped": true, "error_lsq": 0.04943297167943672, "error_max": 0.3124110261340312, "target": "604.xyz", "model": "21.xyz", "model_rescale": 4.08911054899281, "target_rescale": 4.100706835570705},
{"mapping": [15, 11, 5, 8, 0, 1, 9, 14, 4, 2, 13, 10, 7, 12, 16], "R": [[0.09029815788645855, 0.9076445301002145, 0.4099117583840124], [-0.7800244313263847, 0.32035905475167337, -0.5375239181399883], [-0.6191995875452945, -0.27120376659953516, 0.7369127409442466]], "T": [-0.05816306078401076, 0.04549074240234524, -0.019523225895455937], "aligned_model": [[-0.30545625391172726, -0.4322786657725356, -0.6231241845118389, -0.0879931384515815, 0.6683614511055025, 0.282974094656561, -0.7358989727164083, -0.3492604031110531, 0.5475055097999403, 0.2941392973729938, 0.2417327578272265, -0.4343048547140046, 0.17215521112786888, -0.3103107891503242, -0.015985265331966522], [0.26185513280192013, -0.35827194096144216, -0.3531142623632422, -0.6267834063715296, -0.17799225950375502, -0.3388319148268496, 0.1731396747279062, 0.612330908097819, 0.38248537238107405, 0.3300185754730759, 0.4910526457191742, -0.17881344121036133, 0.008877597415962779, 0.5142505029499748, 0.056805046458644884], [-0.6703223846947676, -0.5514125375810656, 0.12069814480167909, -0.1866149773878078, 0.1297981713054028, -0.6244363746897645, 0.1591591608017908, -0.09553078993696598, -0.09628511644051721, -0.5818227813090636, 0.36553138623173154, 0.658223329453887, 0.652346671664455, 0.49199932102219646, -0.0005846270313080507]], "inverted": true, "swapped": false, "error_lsq": 0.041236266394929486, "error_max": 0.25664081151246104, "target": "604.xyz", "model": "22.xyz", "model_rescale": 4.204369325754507, "target_rescale": 4.100706835570705},
{"mapping": [9, 11, 10, 14, 12, 13, 5, 8, 4, 7, 0, 2, 1, 6, 15], "R": [[-0.8649535388815609, -0.28149008566539885, 0.41547407530236], [-0.4857013717550398, 0.2612042381945711, -0.8341861443493693], [0.1262915399048459, -0.9233285859439643, -0.3626496509403842]], "T": [0.04771093940084488, -0.006013630380395582, -0.011660168604432357], "aligned_model": [[-0.3576960770656048, -0.4544042776288166, -0.4403281205237363, 0.08978294442257607, 0.5250078910697185, 0.15562964378212907, -0.7070526190824572, -0.18660005541329788, 0.6590060382643332, 0.15177129610433943, 0.2974565842470244, -0.6600391978125998, 0.126521468299776, -0.3013899864684425, 0.014590262023712296], [0.22337929030561193, -0.35195341991890794, -0.5857285633810972, -0.7642982725706766, -0.2534859994274291, -0.30874189958569814, 0.34234127906450285, 0.7129407171117208, 0.3811392507239814, 0.44780369006045706, 0.5349010131205242, -0.05380004218466776, 0.03933077678700579, 0.45135461486357664, -0.01817420418053211], [-0.6216059743080621, -0.3956122134500382, 0.19727166092484105, -0.16322965724906258, 0.09362092511729322, -0.6016084660344647, -0.02726371339808622, 0.010137984238162236, -0.11699761386553933, -0.5397196640895232, 0.33143270407378306, 0.4904667925660165, 0.6419851551398338, 0.46502241697204544, 0.0068462595726841505]], "inverted": false, "swapped": false, "error_lsq": 0.04401711134450729, "error_max": 0.3156946930726805, "target": "604.xyz", "model": "23.xyz", "model_rescale": 4.410303926677745, "target_rescale": 4.100706835570705},
{"mapping": [13, 7, 0, 1, 10, 11, 12, 6, 9, 14, 15, 2, 4, 5, 16], "R": [[0.6111578134205027, -0.5225833078904143, 0.5944685133877005], [-0.48709619771256835, 0.343673145768337, 0.8028860834836122], [-0.6238777294222232, -0.7802534557385876, -0.04450981396235454]], "T": [0.006632909862903727, 0.03960689562279011, -0.0337971426653966], "aligned_model": [[-0.3781049946270025, -0.35424070497153415, -0.6209861280808918, 0.0056480029967554, 0.5344026219888449, 0.35968956464282614, -0.7763595562864707, -0.3358679971016299, 0.6013292547637963, 0.22402307844941843, 0.26690020358137506, -0.4261393484493544, 0.10722335021051382, -0.2838632112377672, -0.011398341660226005], [0.31876806209798114, -0.3213269535919758, -0.31812760437814175, -0.8072470587724178, -0.2920656050709336, -0.1729331792531131, 0.21760540650591684, 0.7036554264146605, 0.23014290048082153, 0.4811993726574199, 0.6933984559085734, -0.23617704127768133, -0.022464472653517406, 0.38558321731655926, -0.06300269559577965], [-0.5517087295314017, -0.4597406686047356, 0.18644404740983703, -0.17226287652761035, 0.1539165476229998, -0.5143168630704169, 0.003821507767702542, -0.1739069825818976, -0.08331756110711629, -0.4984341933221239, 0.08507977836763256, 0.7208851373447839, 0.644371775482679, 0.403826464879542, 0.02608921208000848]], "inverted": false, "swapped": false, "error_lsq": 0.038667047502494396, "error_max": 0.25481895437004287, "target": "604.xyz", "model": "24.xyz", "model_rescale": 4.28219845311461, "target_rescale": 4.100706835570705},
{"mapping": [1, 0, 6, 2, 13, 4, 8, 5, 7, 3, 9, 10, 12, 11, 15], "R": [[-0.9798623724601266, 0.17874119193670762, -0.08900178280156743], [0.19662847459369315, 0.941313523482902, -0.27434666662301904], [0.034741531569142385, -0.2863222604221502, -0.9575033102663307]], "T": [-0.014618550206148356, 0.035154108431691915, 0.02498631243501142], "aligned_model": [[-0.3478139914684354, -0.32135842494857636, -0.7379661631599401, 0.036621699704128, 0.48879325799405515, 0.2730745547273188, -0.6910056913786016, -0.46659976373694545, 0.7155481165054582, 0.14874129351741083, 0.321363544675641, -0.6395039522874038, 0.30754788965491564, -0.1382820187970449, -0.03690455678332656], [0.2848231170229744, -0.4754038085377377, -0.5020927984724273, -0.6476009254690259, -0.2199856665158868, -0.19049451629715813, 0.18899845084612013, 0.7568814028368069, 0.1927717308313185, 0.493863028592184, 0.605098266601138, -0.010868502155809777, 0.06983569253294519, 0.26381335542380185, -0.012630596450871202], [-0.46135059025462327, -0.5325039876587598, 0.006789422122929482, 0.02482864099923298, 0.21044979547494858, -0.6082308292766071, -0.002913696390293631, 0.035153713284888304, -0.19309470389281003, -0.5774628828367844, 0.16338202178409286, 0.511920571250652, 0.7173921710067738, 0.5034205989882058, -0.02703364839196295]], "inverted": true, "swapped": false, "error_lsq": 0.03865891976076654, "error_max": 0.27772244108041383, "target": "604.xyz", "model": "25.xyz", "model_rescale": 4.100010024507729, "target_rescale": 4.100706835570705},
{"mapping": [3, 5, 8, 9, 11, 13, 12, 7, 0, 6, 1, 14], "R": [[0.2227712792353056, 0.938167667685001, -0.2649799699191455], [-0.6054305110775726, 0.3461803408377049, 0.7166680318486657], [0.7640856322456371, 0.0007739043714921068, 0.645114367897514]], "T": [-0.07343666898053636, -0.003043136297912162, 0.07755450566634794], "aligned_model": [[-0.7148942004438766, -0.04589993948448243, 0.3826369312106067, 0.5707392463612257, -0.497369106195081, 0.1735574294740051, -0.16516274973121617, 0.48325130650558934, 0.30408087460041194, -0.15525463054553346, -0.33563759223331896, -0.12328196715532361], [-0.2451379520551645, -0.6407640467255631, -0.42655993276125553, -0.4050740253073957, 0.7408004196189472, 0.7330886416160638, 0.27603046954002336, 0.46946628523822387, -0.17372889753266738, 0.40332754871124565, -0.1256448534052503, 0.060327733113431904], [0.06465260343192232, -0.06061427074975259, 0.5289083372186698, -0.11928617954483067, 0.07268271191706374, 0.19579849920464673, 0.6181762625743862, -0.2157185530004531, -0.5733688693560324, -0.46147564374936334, -0.5312335104615759, 0.0466709023696755]], "inverted": false, "swapped": true, "error_lsq": 0.04998818827342056, "error_max": 0.24867014377708863, "target": "604.xyz", "model": "26.xyz", "model_rescale": 3.6694154284099745, "target_rescale": 4.100706835570705},
