[{"mapping": [9, 10, 7, 3, 0, 13, 8, 14, 6, 11, 12, 15], "R": [[0.580147611679487, 0.39519061660517285, -0.7122170492271375], [0.789926308600849, -0.4861978054102007, 0.3736684640085931], [-0.19860809561249937, -0.7793818515731094, -0.5942379605811533]], "T": [0.0513315113416389, -0.0662835217003672, -0.13373653531785762], "aligned_model": [[-0.43267058536820807, 0.2208889084948815, 0.5444223306477262, -0.22889464899110648, -0.19706463351268275, -0.5706313540786879, 0.3181397419108592, -0.22326277427400068, 0.6921696725971165, 0.17609649742651728, -0.46644392523038375, 0.004893232838517843], [-0.2879346586120526, -0.7563025963952971, -0.34371046221621165, 0.6107117624705458, 0.3316361895491988, -0.42841785464862936, -0.17750468587438228, -0.5113491579646086, 0.15036688469823095, 0.3808598012900183, 0.16264773032476743, -0.07744791664452269], [-0.47015347430334614, -0.10157427806037483, -0.4629311320281619, 0.015904174438309132, -0.7078143903103966, 0.015537056505797425, 0.5985553864254616, 0.5027328769024955, 0.088379325884585, 0.4440190727175311, 0.4102922330726488, -0.15099510589098686]], "inverted": true, "swapped": true, "error_lsq": 0.039687015591914065, "error_max": 0.20917765831945465, "target": "605.xyz", "model": "0.xyz", "model_rescale": 3.751011558992144, "target_rescale": 4.175384206390258},
{"mapping": [9, 13, 1, 0, 14, 7, 12, 2, 10, 6, 8, 11, 3, 5, 15], "R": [[-0.25243630374879833, 0.8131010411703917, -0.524540379186645], [-0.8599553205952654, -0.4370299530014672, -0.26359375326329315], [-0.4435682124877062, 0.3845406571835548, 0.8095527924992297]], "T": [-0.0099932213129377, 0.09550850486683436, 0.014578280544542835], "aligned_model": [[-0.011266994526234086, 0.08536320104154631, -0.4721027138952304, 0.284814563515291, -0.03827560232037178, -0.5893098776953135, 0.6029235101933299, 0.5695116592148396, -0.6398699467261654, -0.12976899983988593, -0.045180911999702505, 0.43223004281299526, 0.7197114867356091, -0.2316494615495866, 0.0019562561279133812], [-0.039249258848201754, -0.5098853041836416, 0.427949985378429, 0.5837754313616533, -0.7141531679442175, 0.39718602217152693, -0.3890474600471795, -0.11469518152154089, -0.23401083602512895, 0.37968659335762894, -0.3274683520800531, 0.02268943348596475, 0.2426629204163654, 0.7450602536358735, 0.07825627066962779], [-0.6005658778203564, -0.3912137535773585, -0.5546812163049067, -0.45901426951113267, 0.1636649582643806, 0.05766230428897801, 0.09208195022255342, -0.4951983685709502, -0.009562140432759011, 0.6563282164320842, 0.6776473891762825, 0.6048671616637952, 0.0861203994457798, 0.053196220334782246, -0.03166656875919616]], "inverted": false, "swapped": true, "error_lsq": 0.04253902510862494, "error_max": 0.2870378965336168, "target": "605.xyz", "model": "1.xyz", "model_rescale": 3.9405287249114394, "target_rescale": 4.175384206390258},
{"mapping": [8, 12, 11, 9, 2, 6, 10, 13, 0, 5, 1, 7, 15], "R": [[0.7700537857740839, 0.16855322055016694, -0.6153104735474347], [0.41941669403128323, 0.593005690654628, 0.6873382628801461], [0.48073569014882855, -0.7873589160563275, 0.3859522425426949]], "T": [-0.083431267896041, -0.028110014779346094, -0.004366200963768992], "aligned_model": [[-0.36391657340869504, 0.2971720653588588, -0.38168720134055195, 0.4702030579190604, 0.5859858882542324, -0.7755303275671204, -0.04286540414090903, 0.6036228206592136, 0.08168370365974123, -0.5448234076315206, 0.04431036519443032, -0.4436436425307336, -0.03452806514207486], [0.7069493076589233, 0.4160692289380247, 0.3904367220789313, -0.2883082078550014, -0.15566578112308826, 0.12641355704097246, 0.21146742376927596, 0.2154860586674046, -0.6979873403413097, -0.5287965715921025, -0.6423479968106964, -0.25310711829537347, -0.04177668856394354], [-0.03307201567596213, -0.5281162595542763, -0.5383765219262174, 0.1451314463406582, -0.4232861525468104, -0.06814519959169174, 0.6641152922732597, 0.0898639358212064, -0.27567329603934193, 0.0903469114109632, 0.5001262890280324, 0.49372685708926606, -0.0035209370404414263]], "inverted": false, "swapped": true, "error_lsq": 0.043149896071665444, "error_max": 0.25880219584259745, "target": "605.xyz", "model": "2.xyz", "model_rescale": 3.932901565614263, "target_rescale": 4.175384206390258},
{"mapping": [10, 13, 14, 7, 8, 11, 12, 6, 5, 4, 2, 0, 3, 15], "R": [[0.47339736903602375, 0.2974575100324152, -0.8291043123245029], [0.0022656072855827547, -0.9416639783608469, -0.33654690442975466], [-0.8808460694204173, 0.15744199434375344, -0.4464551717739007]], "T": [0.01899012569964302, 0.028599256612555857, -0.022670208463734378], "aligned_model": [[-0.20853445826376538, 0.5761402277821763, 0.14682847849387082, -0.43297616384992477, -0.37432206510282046, -0.1640157525254448, 0.45546956966014057, -0.6303773468294522, -0.3410579948775712, -0.18851175509525092, 0.7997835719739099, 0.39088845519728393, 0.32388963719419545, 0.06660550829535626], [0.2511860075571274, -0.07139265996663513, -0.4529301280242082, 0.4931693961831064, -0.5828429849709416, -0.6436360034832171, -0.6235545713034418, -0.16703663546256647, 0.4584381550816879, 0.028440586214705618, -0.09388684625753208, 0.3990507857091539, -0.37385588963135363, 0.04234742670460297], [-0.6587505077659085, -0.49154872860079957, -0.6786927402828612, -0.11418198061019412, -0.32474990603333265, 0.23014118226662536, -0.04815160250099115, 0.19411283207409885, 0.37500325138751794, 0.6338638531857602, 0.10079021907905472, 0.5008404619901909, 0.5289707987982301, -0.03375076993029341]], "inverted": false, "swapped": true, "error_lsq": 0.0446967541763237, "error_max": 0.28292342328973136, "target": "605.xyz", "model": "3.xyz", "model_rescale": 3.9243930471874484, "target_rescale": 4.175384206390258},
{"mapping": [2, 0, 3, 12, 11, 9, 14, 4, 6, 7, 8, 10, 15], "R": [[-0.5129813751294982, 0.8381063417757524, 0.1855474835332314], [-0.7165745261589489, -0.5371142865865371, 0.44500470964329464], [0.47262147351800143, 0.09532052779910971, 0.876095280063631]], "T": [-0.10450095978902806, 0.00011516883110956888, -0.10083854410045485], "aligned_model": [[-0.053266154990383466, -0.21297682415069158, 0.47014202795187743, 0.3745759569257768, 0.6224192833087634, -0.5395322177318507, -0.04133198893875627, 0.2551215056833165, 0.26664850737989243, -0.479930188325346, 0.3235838804968222, -0.5794535309292225, -0.12879437036884575], [-0.6780231071443488, -0.009231061228719972, -0.2152040227454693, -0.6187114158371516, 0.00868599427703469, -0.38820628820546044, -0.5097573700804854, 0.40860278483276097, 0.569831028833965, 0.5251971338575776, 0.01968970772299039, 0.05515196166286346, -0.04019579226396901], [-0.5220121445842387, -0.8341541376936364, -0.5282315015995597, -0.037536192750076636, 0.04344761874896323, -0.3385734039082188, 0.5430701684929844, -0.522624721821555, 0.11039193474460939, 0.007859065237368554, 0.5595919555396156, 0.4257556561773674, -0.11991398121265923]], "inverted": false, "swapped": true, "error_lsq": 0.04407852469022633, "error_max": 0.27204738341083684, "target": "605.xyz", "model": "4.xyz", "model_rescale": 3.8936222436046832, "target_rescale": 4.175384206390258},
{"mapping": [8, 10, 6, 11, 5, 1, 9, 0, 3, 12, 4, 15], "R": [[0.1775497428398694, -0.9511286308846438, 0.2526468213316756], [0.9046258872467399, 0.2588169515927739, 0.3386233744018162], [-0.38746366660700604, 0.16842836186262436, 0.9063684647976937]], "T": [-0.1460550182528225, -0.12797151286705472, -0.0014891724212256659], "aligned_model": [[0.0626786208845187, -0.6859618022014204, -0.1617345617280373, 0.4303236562021865, -0.4750839027334204, -0.7872806410553422, -0.2684182701518237, -0.07531925482797378, 0.5359488081003729, 0.5504103141856719, 0.044388935498367615, -0.14240385995800303], [-0.5311960074642806, -0.5748328626068473, 0.14490470881759282, -0.09659085382315348, 0.4665128708498147, 0.09184964238483084, -0.277305175881289, 0.39525319310499224, 0.1609447317331923, -0.48099765297235053, 0.5142042965073697, -0.14382398554006426], [-0.6446442958242188, -0.12284008473398424, -0.6589381231901823, -0.46636321292622424, -0.10574184208792461, 0.43282322231088527, 0.5979191230048465, 0.5189322758353107, 0.10166043827367043, 0.08083219067080029, -0.16097384299997908, 0.046618870942518195]], "inverted": true, "swapped": true, "error_lsq": 0.04050912884285995, "error_max": 0.2469716225159815, "target": "605.xyz", "model": "5.xyz", "model_rescale": 3.6523030999806103, "target_rescale": 4.175384206390258},
{"mapping": [1, 0, 4, 7, 6, 9, 3, 10, 2, 14, 11, 8, 15], "R": [[-0.33712468236264037, -0.47096001134093995, 0.8151954466627196], [-0.7586638516846964, 0.6486220632320324, 0.06098015444029914], [-0.557472966778507, -0.5979014022448547, -0.5759668432338849]], "T": [0.08404254172354803, -0.07109857824290827, 0.024400155009836038], "aligned_model": [[0.15493223307780227, -0.2902852542608239, 0.19378309611359482, 0.6161019600071127, 0.6540071590312269, -0.33942407803473623, -0.3590287233178692, 0.4332627738921247, -0.7157220100143236, -0.029155329083369985, 0.11370984153127603, 0.4074319459655618, 0.041469289756718625], [-0.6328764449878894, 0.0028323966527423333, 0.4618930783948227, -0.335218244664429, 0.35461270935595857, -0.5103319323699055, 0.5275308454905285, -0.6353913755632774, -0.0710639867326337, -0.28152050728501266, 0.5819935578290423, 0.1767246043036033, -0.09835779626036682], [0.5966755921446573, 0.6600250735559255, 0.44626616986814194, 0.29940365159911464, -0.004868222804931228, 0.18032864991367756, 0.09201912332486915, -0.23158678508790467, 0.04053672518894268, -0.7639446989666197, -0.32473521814373174, -0.649254950609307, 0.029244629498954813]], "inverted": false, "swapped": true, "error_lsq": 0.04881645641658819, "error_max": 0.355114040466441, "target": "605.xyz", "model": "6.xyz", "model_rescale": 4.08911054899281, "target_rescale": 4.175384206390258},
{"mapping": [7, 6, 5, 10, 13, 2, 15, 0, 14, 8, 12, 11, 3, 4, 15], "R": [[0.8908399837213626, 0.3353667588661701, 0.3064853348056363], [-0.17552225819884026, -0.36816840966596076, 0.9130410500086057], [0.41904183595448136, -0.8671684721965149, -0.26911480923252834]], "T": [0.02378328839527255, -0.07464320305150404, -0.151219006759493], "aligned_model": [[0.2588209801584702, 0.30416283351737017, 0.6447312248261737, -0.3751582770633315, -0.5741979268657847, -0.12879296528663858, 0.007158437487097286, 0.5335878086215314, -0.7810640685936553, -0.3884099340873455, -0.3869579481608514, 0.012061120463852312, 0.2536899037323955, 0.6495439135631732, 0.007158437487097286], [-0.5504190647769386, -0.6162413677677567, -0.3096462679850193, -0.49720093674058363, 0.3125183476155782, 0.7099812930056526, -0.03340931809114106, 0.42687004722153854, -0.1384765951712045, -0.5182271722381762, 0.3573606099070463, -0.14358099144513176, 0.4021480889223574, -0.06750853819596736, -0.03340931809114106], [-0.5344525631728612, 0.21621145191914531, -0.32936930328595426, -0.5613422007062795, -0.3322882922765321, -0.12009642155770595, -0.17576277880835905, -0.34664146178885846, 0.01225816279824482, 0.3519094535070852, 0.35979230807537027, 0.5866259415693338, 0.37703724721479, 0.13595126740302071, -0.17576277880835905]], "inverted": true, "swapped": true, "error_lsq": 0.04418822097894203, "error_max": 0.32277390880006046, "target": "605.xyz", "model": "7.xyz", "model_rescale": 3.964800864290218, "target_rescale": 4.175384206390258},
{"mapping": [7, 6, 5, 10, 0, 8, 9, 4, 11, 12, 14, 2, 3, 15], "R": [[0.9028358896608601, -0.30818220633381466, 0.2998517701123429], [-0.23671844896356886, 0.22592407233957404, 0.9449458658874516], [-0.3589592348172219, -0.9241114874498234, 0.1310199469649927]], "T": [-0.05693442161102655, 0.01913880842431378, -0.009555611238432599], "aligned_model": [[-0.19591407653134615, 0.2490090238493249, 0.28097552462300646, -0.7015653665885984, 0.3515956242832653, -0.20100669933055373, -0.3247938149277334, 0.6030345768968668, 0.3347927646991764, 0.004907407515367529, -0.6172990243434489, 0.01917945307199402, 0.5328186290637411, -0.07454613282018988], [-0.12467722846534487, -0.5841424372372356, 0.019981497006371543, -0.16415457684246285, 0.6170863111132951, -0.685215424392995, 0.5879863905229876, -0.03609548863850317, -0.44465822911684677, 0.029663073741563135, -0.24744327590412832, 0.6227575567770306, 0.15594647800711992, 0.06391381961035084], [-0.6328331970401132, -0.23180940788672452, -0.6081844332562778, -0.24780951961958353, -0.16820021594303722, 0.31128162384389535, 0.02547846792222263, -0.19792791082666933, 0.4155880293555678, 0.773089295291642, 0.5322047225696241, 0.5098043920618154, 0.42943944397739153, 0.006693748275267961]], "inverted": true, "swapped": true, "error_lsq": 0.045233231402534525, "error_max": 0.2534839580819698, "target": "605.xyz", "model": "8.xyz", "model_rescale": 4.121658175737393, "target_rescale": 4.175384206390258},
{"mapping": [10, 13, 14, 8, 1, 7, 2, 4, 12, 0, 6, 11, 15], "R": [[0.05428130654973082, -0.985894141187754, 0.15832334676514231], [0.23913323059056202, -0.14110787531671173, -0.9606788566169888], [0.9694683273766995, 0.09000727690172994, 0.2281005311658877]], "T": [-0.10390839260813686, -0.0382736768242493, 0.007856464332678753], "aligned_model": [[-0.5635721143577709, 0.07747474155376072, 0.18895632388356423, 0.19168830875021506, -0.7894636285993663, -0.7158167376774076, 0.34849250415769806, -0.006822043329223509, 0.6339772057073467, -0.13651570559301607, -0.13233442819393723, 0.4806565882150299, -0.09998351808169609], [0.1821946973864429, -0.38414164428092323, 0.19933560639118203, 0.6415027365916993, -0.45664205443915995, 0.15966957475684018, -0.6840554693485789, 0.013145641956001403, -0.11416725515696517, -0.6328107524587301, 0.5720588542204068, 0.377995629965594, -0.0836981261720997], [-0.48814091876958654, -0.6148290052317537, -0.7245033115509124, -0.2573507297998259, 0.0635414252249257, 0.12975803240824407, -0.12698801408497382, 0.6875801760388128, -0.2495017107348567, 0.44952212273071146, 0.37341434670041085, 0.19308238877064696, -0.014509367742754381]], "inverted": true, "swapped": true, "error_lsq": 0.05423581476918799, "error_max": 0.29072781628114935, "target": "605.xyz", "model": "9.xyz", "model_rescale": 3.833441315466971, "target_rescale": 4.175384206390258},
{"mapping": [12, 2, 4, 5, 0, 3, 9, 7, 8, 6, 14, 10, 13, 11, 15], "R": [[-0.9060217502640179, 0.010800730785062232, -0.4230932902600023], [0.20482036241011214, 0.8860031827973877, -0.415989157569148], [0.3703690148901718, -0.46355334567599416, -0.8049503640112702]], "T": [-0.049837757206902915, 0.11368324895468272, 0.028930430722483455], "aligned_model": [[0.09293919897364278, -0.09746728716273792, -0.7144483617556383, -0.5259221146073213, -0.587773854390438, -0.5199965899443342, 0.10920870266939978, -0.05369123555877576, 0.29894383625578147, -0.2873389354415478, 0.6709998328017093, 0.5330116180813484, 0.46847309352026506, -0.22598718383312957, -0.03710570131369183], [-0.6430223420676316, -0.539959185375677, 0.16488092450442113, 0.6083264083357898, 0.0325781545341408, -0.46051749710623313, 0.00021029715458743825, 0.7680983523922086, 0.010618561927300027, 0.4046196605764148, -0.2156140790912594, 0.5207275585337403, -0.280821357213447, -0.260262561942981, 0.09123864413360512], [0.18216101189681644, -0.42972709317641, 0.20145744934670984, -0.005885340912135731, -0.4747091665871831, 0.12104901170852371, -0.5697278405481353, 0.014810621636169322, 0.7271691493995586, 0.6338234775014223, 0.25373077222702456, 0.006303435130278909, -0.31163037736953697, 0.6441059387487102, -0.014809141179719841]], "inverted": true, "swapped": true, "error_lsq": 0.0482740337618905, "error_max": 0.3379523708820215, "target": "605.xyz", "model": "10.xyz", "model_rescale": 4.2482417240324, "target_rescale": 4.175384206390258},
{"mapping": [6, 5, 1, 0, 14, 13, 10, 2, 4, 12, 11, 15], "R": [[0.096794547055693, -0.2096394573862188, -0.9729759059540455], [0.832857822385614, 0.5523054715876852, -0.03614572928297849], [0.5449574876551169, -0.8068518847726125, 0.2280600199234987]], "T": [-0.05227259824056325, 0.01834429727868591, 0.015715721935858983], "aligned_model": [[-0.5995727208406011, 0.014645133187928636, 0.40871528770904625, 0.6015982228248526, -0.4114854401535187, 0.18723907191113437, -0.3162573384712885, 0.5393942124689485, -0.008770507958204707, -0.05787214319543517, -0.4699355278329208, -0.010932647286934633], [-0.4015159272118541, -0.6618111292714076, -0.30990547376429395, -0.2803312192264257, 0.7508905936946969, 0.692482583863981, 0.17286815226054503, 0.46200082608257925, -0.5176580271784424, 0.6213039953980174, 0.09141016544636252, 0.04639684995688116], [-0.1607109512301312, 0.08954607743636592, 0.5883073326590995, -0.16553551301691471, 0.12938547508146564, 0.1843378340643361, 0.6578565790155095, -0.2892154143305309, -0.41428788983189924, -0.4871525204972647, -0.5921691782033195, 0.024830458707640356]], "inverted": false, "swapped": true, "error_lsq": 0.04197538251251667, "error_max": 0.25199759230844065, "target": "605.xyz", "model": "11.xyz", "model_rescale": 3.6694154284099745, "target_rescale": 4.175384206390258},
{"mapping": [13, 2, 3, 0, 9, 14, 10, 8, 4, 6, 11, 7, 12, 15], "R": [[0.23349954207802415, 0.9194046544625205, 0.3165012562408029], [0.8054656631250343, -0.36523061011704394, 0.4667244015048716], [0.5447045340144525, 0.14595096020987727, -0.8258300599021042]], "T": [0.17997787188123268, 0.021158864495462018, 0.02815989190212001], "aligned_model": [[-0.07976510537327428, -0.009033699055015693, -0.13663287334884486, 0.6006095273362716, 0.39958106240717195, -0.43616489699812033, 0.2953144393811581, -0.4274549754728233, 0.3378273351918401, 0.1126757008495734, -0.3998918877594011, 0.66788505469108, -0.5119913347350026, 0.1853065031411968], [-0.353621676092551, 0.25393142937591767, 0.6699930921138492, 0.5043856421426696, -0.14194897754274916, -0.5132386755839308, -0.6672540723886123, -0.20307051400613202, 0.6378322748773619, 0.1952913820514675, 0.37365886357265105, -0.20741025551543646, 0.16923907369922725, 0.01319970143252162], [-0.548324989461826, -0.7134432953896971, -0.1668104617840844, -0.344891065429598, -0.5390560136634791, -0.08745201268800903, 0.16489156230844745, 0.47599329807271595, 0.29063176025415094, 0.7152513613701339, 0.3261528585454304, 0.3998803302037982, -0.31201519602276384, -0.021712676662804145]], "inverted": true, "swapped": true, "error_lsq": 0.03669773775552988, "error_max": 0.2576776889411652, "target": "605.xyz", "model": "12.xyz", "model_rescale": 3.9764082729961374, "target_rescale": 4.175384206390258},
{"mapping": [4, 5, 14, 3, 7, 0, 2, 9, 10, 6, 12, 8, 11, 13, 10, 15], "R": [[0.6229049034134445, -0.3605717098080039, 0.6942460107120677], [-0.6720058524427701, 0.20769876925057676, 0.7108230128059037], [-0.4004967110803205, -0.9093125223694705, -0.11292971741715291]], "T": [0.02769244877162596, -0.02909155971092032, -0.03788506243886823], "aligned_model": [[-0.35341738640319265, 0.08815967446451084, 0.33300881254967746, -0.32014436235745775, -0.7069647180983499, -0.544977452603983, -0.5919292383742155, -0.034315313566544554, 0.3315284980791953, 0.3658330108092657, 0.506255631500739, -0.224752293991763, 0.30279056670708865, 0.6152924800242845, 0.3315284980791953, -0.024588733830769913], [-0.3355503898416934, -0.8290098218473791, 0.4649425732721584, 0.6650947625068696, 0.04012782102818035, -0.4671929219874433, 0.052562652788410096, -0.5532413298139429, 0.4182645679650258, -0.16981718180283356, -0.2141085361647041, 0.5581508247637236, 0.7156364906191139, 0.08039642653707102, 0.4182645679650258, 0.001865245673633678], [-0.5639097773973277, -0.28139767885188216, -0.5869936428053342, -0.36278250807810447, -0.200738442568561, 0.047110901772184646, 0.4577570143723876, 0.2500753209967421, 0.5568443290747986, -0.7083446550251365, 0.34153493375051247, 0.26389444378415206, -0.022205288543724083, -0.1691067463410852, 0.5568443290747986, -0.1267502914046887]], "inverted": false, "swapped": false, "error_lsq": 0.04375262912375462, "error_max": 0.3709585862114888, "target": "605.xyz", "model": "13.xyz", "model_rescale": 4.170626492500431, "target_rescale": 4.175384206390258},
{"mapping": [13, 14, 9, 10, 0, 5, 7, 12, 3, 8, 11, 6, 4, 15], "R": [[-0.13691448806565495, 0.79283612987145, -0.5938562908045864], [-0.7822930115037386, -0.45430792587399466, -0.42617127148657113], [-0.6076776012904634, 0.40622060467008664, 0.6824315007613132]], "T": [-0.06511638804461012, 0.06264162757951564, 0.00415028105616691], "aligned_model": [[0.11980090624385836, -0.05183302182638708, 0.014186791336754767, -0.6625713336732559, 0.24622869441209227, -0.33607043749466037, -0.6658038346875133, 0.5681804635700345, 0.6389514907909919, -0.14578382995658756, 0.3102902038469158, -0.27819991458126947, 0.13251369706096705, -0.046706852950297306], [-0.4578292247139457, -0.7609657088681507, 0.036265664559406996, -0.289828071187884, 0.6399229133389986, 0.68344065249169, 0.32202931869204793, -0.3957206538914031, 0.23270064359874307, -0.4697402722867037, -0.08810229664156988, 0.22514610541432778, 0.6244796676043544, 0.0542757298157544], [-0.48080061590519696, 0.012709632647991104, -0.6200122997390181, -0.15308567080859134, -0.34141690736624253, 0.121337235078873, 0.023280441957976128, 0.07700176262922086, 0.19018794069347286, 0.5784938319213592, 0.6251584579256851, 0.663797238688822, 0.34965628108786817, -0.04243422769135304]], "inverted": false, "swapped": true, "error_lsq": 0.04194941579748484, "error_max": 0.2896273505417663, "target": "605.xyz", "model": "14.xyz", "model_rescale": 3.9786697098870705, "target_rescale": 4.175384206390258},
{"mapping": [0, 7, 3, 2, 4, 11, 10, 8, 12, 13, 6, 15], "R": [[0.10325720000572837, 0.8894109641421559, -0.445293260122695], [-0.7176754709562172, 0.3765896327404892, 0.5857663074129098], [0.6886798015295273, 0.2590914614110327, 0.6771940235923133]], "T": [-0.09453701093687114, -0.08182489621465157, -0.03216154999163015], "aligned_model": [[0.03444345516208891, -0.7451100214937558, 0.5269998964297506, 0.5532665127782248, -0.0733347141956308, 0.30531803341120867, -0.5605387049126983, -0.017582687737867003, 0.6454144755402378, 0.23830660927203803, -0.34959776425461486, -0.07423049323164589], [-0.3270596110520043, -0.05582778482385427, 0.16054544114176628, -0.5179714869156589, 0.3485586608218015, 0.5294262164634007, -0.3161604754075629, 0.40724753340910924, -0.04326730867961606, -0.6255418258041026, 0.5828901923413656, -0.12816506127020547], [-0.7197879739863738, -0.0996319438357176, -0.37008188097467354, -0.20539686507602536, -0.5692039005201918, 0.09350871866099916, 0.451408199579317, 0.5799613368808669, 0.22755624264381988, 0.333691851306935, -0.02550824444978242, -0.036549046355343506]], "inverted": false, "swapped": true, "error_lsq": 0.04980097287664128, "error_max": 0.2502668835513107, "target": "605.xyz", "model": "15.xyz", "model_rescale": 3.769337070930944, "target_rescale": 4.175384206390258},
{"mapping": [0, 1, 3, 4, 2, 9, 12, 10, 11, 6, 15], "R": [[0.8753028882751595, 0.48198721468458966, 0.039155825336154325], [-0.47755823444509665, 0.8743070432920026, -0.0867486412785745], [-0.0760459498648439, 0.05723214944930753, 0.9954604435026869]], "T": [0.012382168574306773, -0.05848699828129177, 0.11049735668958091], "aligned_model": [[-0.33760925729595376, -0.28335061227213076, -0.03339607656848279, -0.5643874841566492, 0.3914971627228043, 0.24872364242142156, 0.5631046712708421, 0.2426255021530455, 0.04873282397811839, -0.39220972047719227, 0.03889547891534779], [-0.001120350839150401, -0.7186308380251671, 0.6231861102653723, 0.3116363141135763, 0.1953233846878732, -0.3604580958593138, 0.49111719041462665, -0.6393484882298408, 0.6076222491037737, 0.15772861333800678, -0.07099159134441471], [-0.5405181535333421, -0.2428737358374384, -0.1935878009501709, 0.04386755010004126, -0.5465687275203918, -0.38902218939188626, 0.005101993892152212, 0.45034788560108274, 0.4334247418147833, 0.6550178943348695, 0.06902814871407759]], "inverted": false, "swapped": true, "error_lsq": 0.04152028571087574, "error_max": 0.20007061057168574, "target": "605.xyz", "model": "16.xyz", "model_rescale": 3.7852294659196426, "target_rescale": 4.175384206390258},
{"mapping": [7, 9, 0, 1, 10, 13, 12, 2, 4, 6, 8, 3, 15], "R": [[-0.9887252145330873, 0.06713418190860936, -0.13384861510662935], [-0.019148074376340078, 0.8298434372125559, 0.557667661751091], [0.14851195707477224, 0.5539430217402443, -0.819201640178478]], "T": [-0.004185074171598021, 0.09809225431581386, -0.07974308093095318], "aligned_model": [[0.05256262586975129, -0.33904869080223954, 0.3556307550871447, -0.09522633269537022, -0.5307316742334811, -0.6312963247581629, -0.1620019014960168, -0.14869669123927384, 0.6837276892128653, 0.4227655242490999, -0.1434428507441932, 0.4204708077972337, -0.030947086031074215], [-0.24136010345600128, -0.3151748780370763, -0.39756988561322837, -0.6882209371166719, -0.001997227440170224, 0.11744208584903147, 0.6346905765306976, 0.028919628982522427, 0.07823948179470532, 0.4115396565600063, 0.8096565621467389, 0.36369214157849594, 0.07519852192382456], [-0.636542094269126, 0.2573626124709861, 0.33793830125894964, -0.22651484278711048, -0.5473339477891671, 0.3031651974923163, 0.4712780723082505, 0.7039757900599029, -0.05792732488921978, -0.5555690111262898, -0.3864868590184292, 0.4755638067772241, -0.04315500334511331]], "inverted": false, "swapped": true, "error_lsq": 0.04330702370081433, "error_max": 0.19594122226976254, "target": "605.xyz", "model": "17.xyz", "model_rescale": 3.901054581598922, "target_rescale": 4.175384206390258},
{"mapping": [9, 13, 1, 0, 14, 7, 12, 2, 10, 6, 8, 11, 3, 5, 15], "R": [[-0.25243630374879833, 0.8131010411703917, -0.524540379186645], [-0.8599553205952654, -0.4370299530014672, -0.26359375326329315], [-0.4435682124877062, 0.3845406571835548, 0.8095527924992297]], "T": [-0.0099932213129377, 0.09550850486683436, 0.014578280544542835], "aligned_model": [[-0.011266994526234086, 0.08536320104154631, -0.4721027138952304, 0.284814563515291, -0.03827560232037178, -0.5893098776953135, 0.6029235101933299, 0.5695116592148396, -0.6398699467261654, -0.12976899983988593, -0.045180911999702505, 0.43223004281299526, 0.7197114867356091, -0.2316494615495866, 0.0019562561279133812], [-0.039249258848201754, -0.5098853041836416, 0.427949985378429, 0.5837754313616533, -0.7141531679442175, 0.39718602217152693, -0.3890474600471795, -0.11469518152154089, -0.23401083602512895, 0.37968659335762894, -0.3274683520800531, 0.02268943348596475, 0.2426629204163654, 0.7450602536358735, 0.07825627066962779], [-0.6005658778203564, -0.3912137535773585, -0.5546812163049067, -0.45901426951113267, 0.1636649582643806, 0.05766230428897801, 0.09208195022255342, -0.4951983685709502, -0.009562140432759011, 0.6563282164320842, 0.6776473891762825, 0.6048671616637952, 0.0861203994457798, 0.053196220334782246, -0.03166656875919616]], "inverted": false, "swapped": true, "error_lsq": 0.04253902510862494, "error_max": 0.2870378965336168, "target": "605.xyz", "model": "18.xyz", "model_rescale": 3.9405287249114394, "target_rescale": 4.175384206390258},
{"mapping": [2, 3, 6, 5, 11, 10, 13, 14, 7, 1, 12, 9, 8, 0, 4, 15], "R": [[0.8204528222124101, 0.5228380829223862, 0.23129527788032292], [0.22803624727856378, -0.6702621374666496, 0.7062210256044126], [0.5242677144845003, -0.5266773263818014, -0.6691444966705744]], "T": [0.06019965344498562, 0.0207311825459291, 0.055677132947293165], "aligned_model": [[-0.2674518993285202, 0.16381791309232033, 0.2233823790706517, -0.3627398851717308, -0.6569077097363037, -0.47802337029600656, -0.2685600723338159, -0.322895321099356, 0.10129070209788017, 0.44342614437995703, 0.3594724980724124, -0.42627511920777383, 0.21907645641089124, 0.6550918818528392, 0.6525620691617668, 0.03804100602246968], [-0.016091562747347347, -0.7758297994052715, 0.3336973603601704, 0.5466277811673961, 0.011417157308451782, -0.4292844477577107, -0.04388171854356803, -0.5953674629777306, 0.594925666201781, -0.21798526961648296, -0.3729763680550301, 0.5757491068589489, 0.70798987926906, 0.28852474932795863, 0.22659145279260062, 0.012279227477989933], [-0.7484458852577722, -0.2274879305308165, -0.6028872338339224, -0.4299333663130901, 0.12555903693445175, -0.29887321064871497, 0.6379760777261869, 0.32660085198822175, 0.46093972633723085, -0.4256453536374267, 0.29140831730310596, 0.26616999795760277, -0.21764648621818178, -0.16126548648477718, 0.43170019899008916, 0.02366298749754539]], "inverted": true, "swapped": false, "error_lsq": 0.04351943142611308, "error_max": 0.2790488723283517, "target": "605.xyz", "model": "19.xyz", "model_rescale": 4.410303926677745, "target_rescale": 4.175384206390258},
{"mapping": [7, 6, 5, 10, 0, 8, 9, 4, 11, 12, 14, 2, 3, 15], "R": [[0.9028358896608601, -0.30818220633381466, 0.2998517701123429], [-0.23671844896356886, 0.22592407233957404, 0.9449458658874516], [-0.3589592348172219, -0.9241114874498234, 0.1310199469649927]], "T": [-0.05693442161102655, 0.01913880842431378, -0.009555611238432599], "aligned_model": [[-0.19591407653134615, 0.2490090238493249, 0.28097552462300646, -0.7015653665885984, 0.3515956242832653, -0.20100669933055373, -0.3247938149277334, 0.6030345768968668, 0.3347927646991764, 0.004907407515367529, -0.6172990243434489, 0.01917945307199402, 0.5328186290637411, -0.07454613282018988], [-0.12467722846534487, -0.5841424372372356, 0.019981497006371543, -0.16415457684246285, 0.6170863111132951, -0.685215424392995, 0.5879863905229876, -0.03609548863850317, -0.44465822911684677, 0.029663073741563135, -0.24744327590412832, 0.6227575567770306, 0.15594647800711992, 0.06391381961035084], [-0.6328331970401132, -0.23180940788672452, -0.6081844332562778, -0.24780951961958353, -0.16820021594303722, 0.31128162384389535, 0.02547846792222263, -0.19792791082666933, 0.4155880293555678, 0.773089295291642, 0.5322047225696241, 0.5098043920618154, 0.42943944397739153, 0.006693748275267961]], "inverted": true, "swapped": true, "error_lsq": 0.045233231402534525, "error_max": 0.2534839580819698, "target": "605.xyz", "model": "20.xyz", "model_rescale": 4.121658175737393, "target_rescale": 4.175384206390258},
{"mapping": [1, 0, 4, 7, 6, 9, 3, 10, 2, 14, 11, 8, 15], "R": [[-0.33712468236264037, -0.47096001134093995, 0.8151954466627196], [-0.7586638516846964, 0.6486220632320324, 0.06098015444029914], [-0.557472966778507, -0.5979014022448547, -0.5759668432338849]], "T": [0.08404254172354803, -0.07109857824290827, 0.024400155009836038], "aligned_model": [[0.15493223307780227, -0.2902852542608239, 0.19378309611359482, 0.6161019600071127, 0.6540071590312269, -0.33942407803473623, -0.3590287233178692, 0.4332627738921247, -0.7157220100143236, -0.029155329083369985, 0.11370984153127603, 0.4074319459655618, 0.041469289756718625], [-0.6328764449878894, 0.0028323966527423333, 0.4618930783948227, -0.335218244664429, 0.35461270935595857, -0.5103319323699055, 0.5275308454905285, -0.6353913755632774, -0.0710639867326337, -0.28152050728501266, 0.5819935578290423, 0.1767246043036033, -0.09835779626036682], [0.5966755921446573, 0.6600250735559255, 0.44626616986814194, 0.29940365159911464, -0.004868222804931228, 0.18032864991367756, 0.09201912332486915, -0.23158678508790467, 0.04053672518894268, -0.7639446989666197, -0.32473521814373174, -0.649254950609307, 0.029244629498954813]], "inverted": false, "swapped": true, "error_lsq": 0.04881645641658819, "error_max": 0.355114040466441, "target": "605.xyz", "model": "21.xyz", "model_rescale": 4.08911054899281, "target_rescale": 4.175384206390258},
{"mapping": [12, 3, 9, 10, 7, 13, 0, 4, 8, 14, 2, 6, 5, 15, 11, 16], "R": [[-0.41672632846510516, 0.15192470485151988, 0.8962466464203768], [-0.45880628050761796, 0.8159894016762729, -0.3516505272550622], [-0.7847521673310361, -0.5577456233873798, -0.27034025867684763]], "T": [0.05256405150402372, 0.07454780225865125, 0.02493267729088139], "aligned_model": [[-0.22763493451570438, 0.06558023233744353, 0.22653784781590597, -0.3903457312279715, -0.6485231821901957, -0.3773528796777185, -0.442332563193128, -0.1269275740864131, 0.14047820743506423, 0.3166091827946694, 0.4118475479942317, -0.45581088148354937, 0.15069107251730876, 0.7625223544319777, 0.6505215927846246, 0.017447381251136145], [-0.06396649340492862, -0.7286285697908771, 0.3826303380896426, 0.5977043586311389, 0.10822028460899748, -0.3764600322621459, -0.11875026195061698, -0.549098359422288, 0.6017039724226403, -0.2369839086582991, -0.4613888399161275, 0.4945595960004115, 0.7378592537726018, -0.09086039102424327, 0.5041349420072992, 0.04570986255801057], [-0.6438511623497185, -0.3052447261036379, -0.5934247281594749, -0.4008296403227299, -0.08969298603451048, -0.19527933762286595, 0.5886636391100126, 0.2801588656636524, 0.46667863539920557, -0.47009332978544077, 0.34887883654801244, 0.37236489971574266, -0.1944256140629722, 0.01461979249944348, 0.234204506371342, 0.03910459094367221]], "inverted": false, "swapped": false, "error_lsq": 0.04189067912874588, "error_max": 0.3723396696035124, "target": "605.xyz", "model": "22.xyz", "model_rescale": 4.204369325754507, "target_rescale": 4.175384206390258},
{"mapping": [2, 3, 6, 5, 11, 10, 13, 14, 7, 1, 12, 9, 8, 0, 4, 15], "R": [[0.8204528222124101, 0.5228380829223862, 0.23129527788032292], [0.22803624727856378, -0.6702621374666496, 0.7062210256044126], [0.5242677144845003, -0.5266773263818014, -0.6691444966705744]], "T": [0.06019965344498562, 0.0207311825459291, 0.055677132947293165], "aligned_model": [[-0.2674518993285202, 0.16381791309232033, 0.2233823790706517, -0.3627398851717308, -0.6569077097363037, -0.47802337029600656, -0.2685600723338159, -0.322895321099356, 0.10129070209788017, 0.44342614437995703, 0.3594724980724124, -0.42627511920777383, 0.21907645641089124, 0.6550918818528392, 0.6525620691617668, 0.03804100602246968], [-0.016091562747347347, -0.7758297994052715, 0.3336973603601704, 0.5466277811673961, 0.011417157308451782, -0.4292844477577107, -0.04388171854356803, -0.5953674629777306, 0.594925666201781, -0.21798526961648296, -0.3729763680550301, 0.5757491068589489, 0.70798987926906, 0.28852474932795863, 0.22659145279260062, 0.012279227477989933], [-0.7484458852577722, -0.2274879305308165, -0.6028872338339224, -0.4299333663130901, 0.12555903693445175, -0.29887321064871497, 0.6379760777261869, 0.32660085198822175, 0.46093972633723085, -0.4256453536374267, 0.29140831730310596, 0.26616999795760277, -0.21764648621818178, -0.16126548648477718, 0.43170019899008916, 0.02366298749754539]], "inverted": true, "swapped": false, "error_lsq": 0.04351943142611308, "error_max": 0.2790488723283517, "target": "605.xyz", "model": "23.xyz", "model_rescale": 4.410303926677745, "target_rescale": 4.175384206390258},
{"mapping": [4, 2, 15, 9, 10, 3, 1, 0, 7, 5, 12, 11, 14, 6, 13, 16], "R": [[-0.6306067111396196, 0.7422391861204991, 0.22675133175540935], [0.6621476834254068, 0.36213633145987334, 0.6560622857405782], [0.4048402415768965, 0.5638601493490776, -0.7198375586033255]], "T": [-0.013250331511289336, 0.14967961229429408, -0.05342967820470861], "aligned_model": [[-0.25646561821831465, -0.08997128508699244, 0.28391911253263996, -0.24144121700819166, -0.6338460076749821, -0.582619415380887, -0.6158303503196534, 0.07808569332850061, 0.03191806112517903, 0.34405135259057007, 0.6117989991835687, -0.3027788598194072, 0.2676092437989602, 0.7271233545965505, 0.5415916203685744, -0.08983701102843375], [-0.3013965743150335, -0.7500173071278591, 0.4359683522480572, 0.6082505972599327, 0.2241350869473394, -0.5454015270957526, -0.028884272613396572, -0.5075256138847484, 0.12131335943646362, -0.22970108123214736, -0.29313972330540095, 0.6418870041338722, 0.7632304461934187, 0.26212907907988103, 0.3839089801417829, 0.06162894579480631], [-0.513061020888339, -0.1859185443146657, -0.6357039003175011, -0.41407015728625557, -0.23536740188161293, -0.009474694052842896, 0.5308199341271457, 0.3072985191067664, 0.6092060201150705, -0.4055771321857135, 0.19029189449794004, 0.21974902031510296, -0.1065640662492724, -0.1841966927707845, 0.3091632554013474, -0.0247627918066525]], "inverted": false, "swapped": false, "error_lsq": 0.04240657258105372, "error_max": 0.29920957010633187, "target": "605.xyz", "model": "24.xyz", "model_rescale": 4.28219845311461, "target_rescale": 4.175384206390258},
{"mapping": [4, 3, 0, 2, 13, 7, 12, 9, 10, 1, 5, 14, 6, 8, 10, 15], "R": [[0.9375296876955462, 0.27007468683291047, 0.21931198832165325], [0.2899021062807857, -0.9549611035085604, -0.06329344009987486], [0.19234046236675126, 0.12291848647708681, -0.9735996056997592]], "T": [-0.07097620094385239, -0.013488974347508252, -0.030280303448647496], "aligned_model": [[-0.25106755299612227, 0.11070056857349052, 0.15081410121413513, -0.37489070923843826, -0.6627524134128252, -0.6055495668074155, -0.520936941224666, -0.18955314654458005, 0.3436455132641589, 0.4439022809962988, 0.6017532178764767, -0.23075767653568663, 0.37406784902521284, 0.5962604246114599, 0.3436455132641589, -0.05597378907797636], [-0.17453080041311156, -0.6723900295249908, 0.35342186067760323, 0.526409625175624, 0.03461175751450122, -0.5464285411224656, 0.051480532851394, -0.5867113434840238, 0.4726636852269937, -0.23705779671099678, -0.40209628943803893, 0.6343823191136989, 0.748107816294916, 0.15383838253119025, 0.4726636852269937, 0.018020887741928546], [-0.7204116012457792, -0.3948187729735615, -0.7243549918256623, -0.32170010076677735, -0.010188243145612376, -0.2193642541828304, 0.5843205390282384, 0.307697961196273, 0.4403036364852678, -0.338167505762546, 0.3185752033531408, 0.3369761356524625, -0.21495097527098367, 0.0632231621896518, 0.4403036364852678, -0.0956115874068166]], "inverted": true, "swapped": false, "error_lsq": 0.04568698058203652, "error_max": 0.3540443451743683, "target": "605.xyz", "model": "25.xyz", "model_rescale": 4.100010024507729, "target_rescale": 4.175384206390258},
{"mapping": [6, 5, 1, 0, 14, 13, 10, 2, 4, 12, 11, 15], "R": [[0.096794547055693, -0.2096394573862188, -0.9729759059540455], [0.832857822385614, 0.5523054715876852, -0.03614572928297849], [0.5449574876551169, -0.8068518847726125, 0.2280600199234987]], "T": [-0.05227259824056325, 0.01834429727868591, 0.015715721935858983], "aligned_model": [[-0.5995727208406011, 0.014645133187928636, 0.40871528770904625, 0.6015982228248526, -0.4114854401535187, 0.18723907191113437, -0.3162573384712885, 0.5393942124689485, -0.008770507958204707, -0.05787214319543517, -0.4699355278329208, -0.010932647286934633], [-0.4015159272118541, -0.6618111292714076, -0.30990547376429395, -0.2803312192264257, 0.7508905936946969, 0.692482583863981, 0.17286815226054503, 0.46200082608257925, -0.5176580271784424, 0.6213039953980174, 0.09141016544636252, 0.04639684995688116], [-0.1607109512301312, 0.08954607743636592, 0.5883073326590995, -0.16553551301691471, 0.12938547508146564, 0.1843378340643361, 0.6578565790155095, -0.2892154143305309, -0.41428788983189924, -0.4871525204972647, -0.5921691782033195, 0.024830458707640356]], "inverted": false, "swapped": true, "error_lsq": 0.04197538251251667, "error_max": 0.25199759230844065, "target": "605.xyz", "model": "26.xyz", "model_rescale": 3.6694154284099745, "target_rescale": 4.175384206390258},
