[{"mapping": [2, 7, 1, 10, 0, 5, 12, 4, 8, 13, 6, 14], "R": [[-0.2761246506522452, 0.837793683353413, -0.4710169014327373], [0.8603148024627512, -0.00304209319073534, -0.5097540449398085], [-0.42850159622299316, -0.545978470090296, -0.7199263102791886]], "T": [0.015962952109612044, 0.028691735271993854, -0.05479448816943698], "aligned_model": [[-0.23212003208883045, 0.09433688333710269, 0.3851223889421064, -0.3173214491303027, -0.09189930882807613, -0.6535430864519989, 0.5119425695932084, -0.19127707843969302, 0.7912872405628703, 0.03726990646429862, -0.48244664665958714, -0.013708924840548763], [-0.32930638315410554, -0.6517471454404852, -0.39099013166499474, 0.6349573250658491, 0.5569261245606508, -0.5321495956885273, -0.06638362519703019, -0.6043592609083741, -0.06013023276024919, 0.40309145421215214, 0.1458997995211166, -0.05225329256894502], [-0.6005806267860325, 0.0018842341179072936, -0.46974687668452486, -0.03259194465577729, -0.6269379653974863, 0.05150846533405702, 0.6496086266650097, 0.5099563251240726, -0.03680520720455514, 0.41734680605776686, 0.35197844659317645, -0.03366853781005147]], "inverted": true, "swapped": true, "error_lsq": 0.04686008281483426, "error_max": 0.2836029230779076, "target": "606.xyz", "model": "0.xyz", "model_rescale": 3.751011558992144, "target_rescale": 4.08454561016126},
{"mapping": [11, 1, 7, 12, 2, 3, 13, 0, 4, 10, 9, 2, 8, 5, 14], "R": [[0.4233561732812917, 0.2235327566590597, 0.8779536760245513], [0.15408242778765047, -0.9727299953105032, 0.1733636688302721], [0.8927643339603598, 0.06188265446496604, -0.44625371828667737]], "T": [0.033971891207980165, -0.019499303388754663, 0.009230875128648898], "aligned_model": [[-0.6869380732603932, 0.4589811375665655, 0.06610188325545946, -0.34800437975135334, 0.5742261560353736, 0.25807094044410794, -0.0952939919232893, 0.6605781991868508, 0.16263572300332133, -0.5088857417581049, -0.5053672124723089, 0.5742261560353736, 0.47828967889079643, -0.005978602735420058, -0.011539143460343834], [-0.18556301111359463, -0.49012169382226983, -0.13131130523939205, 0.3536148378462988, 0.5621502023843861, 0.5692644482223186, 0.6877675101296186, 0.09682839357204849, -0.6955662620690486, -0.4207268227628041, 0.25691133589388854, 0.5621502023843861, -0.1359667056688898, 0.30335405969761603, 0.004845925842080118], [-0.2898387773497721, -0.2798491407288773, -0.6435652367243754, -0.5073492930075675, 0.240633735434614, -0.4226750757832289, 0.11202282157601737, -0.4022747994620784, 0.39904243944957324, 0.4748227738514112, 0.26788143296102024, 0.240633735434614, 0.48822492508609655, 0.5423872414726314, -0.00920463355660872]], "inverted": true, "swapped": false, "error_lsq": 0.0462533096323844, "error_max": 0.30906796462956587, "target": "606.xyz", "model": "1.xyz", "model_rescale": 3.9405287249114394, "target_rescale": 4.08454561016126},
{"mapping": [5, 7, 1, 13, 12, 2, 6, 11, 9, 0, 10, 3, 14], "R": [[0.39457641089875933, 0.24550137303335218, 0.8854595031965001], [0.7635851855863742, 0.4484271598968566, -0.46459740272612554], [-0.5111233904990812, 0.8594429347580782, -0.010522432187756205]], "T": [-0.061000239283117326, -0.099710253950182, -0.08868373134619782], "aligned_model": [[-0.2386634653795266, -0.05923689251464987, -0.3803188331348701, 0.4320896209694042, 0.7497188478684678, -0.6941565641635802, 0.17514630457913893, 0.6543622923173437, -0.02966719426650239, -0.5741924069690255, -0.07858307769688239, -0.40076197084747095, -0.05975338147791538], [0.6829062026262189, 0.49090037899126976, 0.034598005394331985, -0.32983713322300523, -0.0378292408459293, 0.1852944067058926, 0.0835534348911446, 0.27845801787363483, -0.7379174432785783, -0.6656313924928865, -0.5075873651335847, -0.00700253002439373, -0.011072747912098016], [0.2719114878351037, -0.44014922311758164, -0.6924999045851756, 0.17102869945599103, -0.38889058546723954, -0.1626819787553611, 0.49292035142821927, 0.2489797829367365, -0.2531977444285084, 0.09673757237244653, 0.47029436874575875, 0.39189674254824, -0.09322921937998573]], "inverted": false, "swapped": true, "error_lsq": 0.05471103148010926, "error_max": 0.3132351369988344, "target": "606.xyz", "model": "2.xyz", "model_rescale": 3.932901565614263, "target_rescale": 4.08454561016126},
{"mapping": [4, 5, 11, 7, 12, 13, 6, 8, 1, 9, 3, 2, 10, 14], "R": [[-0.4702890733349092, 0.706545609235551, -0.5287924825219782], [0.36494432258639853, -0.3898564639306845, -0.8454747654090082], [-0.803519650608339, -0.5905973582750155, -0.07450457358327633]], "T": [0.027110512282254768, -0.07459464511052502, 0.18649488752565585], "aligned_model": [[0.030517017381118033, 0.5792861489209491, 0.048506665359059356, -0.1534656308259713, -0.605845610972017, -0.034964472548095524, 0.44716888792896037, -0.7413467652291414, -0.3073530983212985, -0.2581130177250245, 0.6191853808876433, 0.32607298372126364, 0.42949868457559665, 0.04066273889966082], [0.01605983320035502, 0.25364167498863943, -0.5608968541300172, 0.3976911486254072, -0.4577305793554881, -0.6673734062489376, -0.4471462755886899, 0.0023188366688959017, 0.5253160406825192, -0.3291582819368535, -0.03699178284147289, 0.5483194054077739, -0.5514374407299465, -0.029115680391696257], [-0.6820761437826117, -0.41470777096647643, -0.542767622443292, -0.2790052806985958, -0.26493866820666084, 0.09535447847236098, -0.1487219417099927, 0.30006617553739234, 0.2998011372470677, 0.7242680083274036, 0.24148327643456202, 0.28743970061385593, 0.4862182891490427, 0.11148272508304209]], "inverted": false, "swapped": true, "error_lsq": 0.05115764288088755, "error_max": 0.3065629658326547, "target": "606.xyz", "model": "3.xyz", "model_rescale": 3.9243930471874484, "target_rescale": 4.08454561016126},
{"mapping": [12, 7, 11, 13, 6, 8, 9, 4, 3, 2, 10, 0, 14], "R": [[-0.05099042448224261, 0.9199635070360488, 0.3886735421057814], [-0.0200000666297242, 0.38816112709580086, -0.9213744823612842], [-0.9984988602627083, -0.05475477270203499, -0.0013931692004848506]], "T": [-0.09805089898445932, -0.027808651025934182, -0.0538853302776387], "aligned_model": [[0.11574111004258567, -0.26868997163819186, 0.6427086905181434, 0.33972267608274886, 0.5398056559320737, -0.5726671839151968, -0.3376996109564546, 0.30103814099156556, 0.12354677412583262, -0.4513358206109438, 0.26779196856461407, -0.3388066798816836, -0.08394986294374093], [-0.6881803535907627, 0.1932616297138571, -0.20760334748883932, -0.4302320515673792, 0.11333188975095296, -0.5888927582113299, -0.48332906079054166, 0.15659137966957373, 0.4439875422716973, 0.5745035363366093, -0.05675687226524447, 0.07945418170338137, 0.02169383814961285], [-0.5729431735319044, -0.6818680202452307, -0.4871526149803742, 0.045895635995576625, -0.025033258863098234, -0.31706723551205584, 0.35893992071720904, -0.8084514585879576, 0.23472023353165206, -0.0535359631886841, 0.5330136449872418, 0.686753133870561, -0.12620052882197158]], "inverted": false, "swapped": true, "error_lsq": 0.048888099483284604, "error_max": 0.28956462688579626, "target": "606.xyz", "model": "4.xyz", "model_rescale": 3.8936222436046832, "target_rescale": 4.08454561016126},
{"mapping": [10, 9, 13, 6, 12, 8, 1, 7, 5, 3, 11, 14], "R": [[-0.035009946771141, 0.7758197561034095, -0.6299825471127978], [0.8559223001332641, 0.34869474630857433, 0.3818494337188177], [0.5159179389802846, -0.5258475824195121, -0.6762492146404979]], "T": [-0.09523095028643802, -0.17289434147665844, 0.03627333576047643], "aligned_model": [[0.04751364614720771, -0.6126681027892069, -0.24490970776816465, 0.3293140739611459, -0.5738013823512217, -0.8119026217753899, -0.30848538504366707, 0.02367876241755701, 0.7021797289488999, 0.4234095830238048, 0.09765747266634284, -0.04443802522221125], [-0.5235485944598766, -0.5293887709163245, 0.02017283839603562, 0.040356208534845006, 0.5261386181724088, -0.013714341335941072, -0.24545270599778016, 0.25186949300508193, 0.13571310558543176, -0.4411180013956667, 0.5631296961062884, -0.11523464058469492], [-0.5432048652705829, -0.16503625593655283, -0.5149687808957283, -0.4130592851698314, -0.14687173295160288, 0.30157345136681846, 0.6949499436394658, 0.5633294866423829, 0.24358784168529685, -0.08229484575138413, -0.399426233554, 0.08070599547123675]], "inverted": false, "swapped": true, "error_lsq": 0.04479845402224596, "error_max": 0.24914427549794121, "target": "606.xyz", "model": "5.xyz", "model_rescale": 3.6523030999806103, "target_rescale": 4.08454561016126},
{"mapping": [11, 13, 10, 6, 3, 12, 9, 7, 8, 1, 0, 2, 14], "R": [[-0.09269914380785996, 0.7476407228569765, -0.6576018691147311], [-0.9732972452121981, -0.2073319950394383, -0.09851860887828784], [-0.2099984314218476, 0.6309094969636013, 0.7468961543892829]], "T": [0.09184736891861067, -0.025919598231679265, -0.026270459991326843], "aligned_model": [[0.23130089729782471, -0.07298972319925881, 0.2565384519401681, 0.49880413224560927, 0.6274871215942683, -0.43499515705338443, -0.40021195019126565, 0.1828067203780606, -0.6331863861038677, -0.11336674004074301, 0.12188233629191557, 0.47835287227917084, 0.13866032922579696], [-0.5902059906739012, -0.018315488229488756, 0.4846994003995421, -0.10778007516084975, 0.23215976514571268, -0.5943298879981638, 0.4094588370246707, -0.6062393408930775, -0.2162647653239526, -0.15875176483990044, 0.7487532654323621, 0.05572847670774543, -0.09808552742751567], [0.630163103316541, 0.5536583702405226, 0.4110789378891905, 0.47900088693528453, 0.01214107150627073, 0.3617573078694143, 0.03437837603846553, -0.38307210474778486, -0.24406733770752534, -0.6780678433634615, -0.15663092537018355, -0.6020633191708518, -0.048166783954092955]], "inverted": false, "swapped": true, "error_lsq": 0.05040514958613726, "error_max": 0.2862520649903234, "target": "606.xyz", "model": "6.xyz", "model_rescale": 4.08911054899281, "target_rescale": 4.08454561016126},
{"mapping": [0, 9, 1, 2, 12, 13, 7, 11, 8, 3, 6, 5, 10, 4, 14], "R": [[-0.1356112678400024, 0.3752289923213178, 0.9169584436365456], [0.7071639618946893, 0.6848777015431173, -0.17567488416510618], [-0.6939227010497883, 0.6246164721255321, -0.35822555424930397]], "T": [0.12198873603550638, 0.11311217367427515, 0.03205857122286654], "aligned_model": [[-0.6978337070232575, 0.11727491477962486, -0.008123101974996369, -0.3953780849017577, 0.7024847308298261, 0.3636328612952109, -0.15003966828143295, 0.6234204491562806, 0.26192913377253696, -0.45819939009154614, -0.36513100016318556, 0.26752258213560665, 0.7367765741803108, -0.07992542839282953, 0.15269186373624422], [-0.22556863133521451, -0.629619972134512, -0.10376881965281551, 0.46198806159878814, 0.5261188883975266, 0.5641245857115942, 0.8363137550475727, -0.0602329288778711, -0.4340525686043971, -0.36203813284894837, 0.2037825765538606, 0.5587064162882616, 0.006964862503687497, 0.0203561293145781, -0.02544310666546909], [-0.2807395382330131, -0.2187083472078401, -0.6564031947441176, -0.47858487650696196, 0.010803651028778033, -0.4914779062716585, 0.07969242978368918, -0.219036580970696, 0.4143887991323266, 0.28516993165111704, 0.09235954220050444, 0.6326973147050934, 0.3926741018125453, 0.7009953964464475, -0.05293857417274424]], "inverted": false, "swapped": false, "error_lsq": 0.04998202808674266, "error_max": 0.3714218509007725, "target": "606.xyz", "model": "7.xyz", "model_rescale": 3.964800864290218, "target_rescale": 4.08454561016126},
{"mapping": [8, 9, 12, 1, 4, 0, 7, 13, 10, 3, 2, 5, 6, 14], "R": [[-0.1904618244302536, 0.6285274534590972, 0.754107110219047], [0.8491915346236203, 0.49089440998535117, -0.1946700176419439], [-0.4925424153900659, 0.6033041674755417, -0.6272368376844296]], "T": [0.009385582035652231, -0.0823106034028592, 0.04799126629215894], "aligned_model": [[-0.19866049207111877, 0.06574889183235816, 0.4126501135176266, -0.6380038309669017, 0.1618245212541015, -0.13609464835348103, -0.3369353272517932, 0.590414510059449, 0.43544643811236405, 0.03836147506332391, -0.5710720911874229, -0.06371216411617933, 0.5127287023250127, -0.01150820875646642], [-0.20804984750826408, -0.6838184909684907, 0.2096716782687065, -0.03784687269714791, 0.7754089469908803, -0.7722464293591635, 0.48813548170656573, -0.16597572727291698, -0.48409023603607604, -0.09448143512666773, 0.012438506629491142, 0.6142636396539404, 0.15444713833984264, 0.0030921135605026656], [-0.6937952137955188, -0.21727553379033054, -0.6614753771481443, -0.20401462363209594, -0.013041657814664612, 0.3956089507161114, -0.11634105802377304, -0.0896752489110921, 0.4170098080169787, 0.6429724564806472, 0.42439772837268336, 0.5804597588106977, 0.3918016121341019, 0.06018343730942062]], "inverted": false, "swapped": true, "error_lsq": 0.047372312113787, "error_max": 0.2977440695850871, "target": "606.xyz", "model": "8.xyz", "model_rescale": 4.121658175737393, "target_rescale": 4.08454561016126},
{"mapping": [11, 13, 10, 3, 12, 7, 9, 1, 0, 8, 5, 2, 14], "R": [[-0.8405056481735941, -0.35105408979333386, -0.4126878740981625], [0.0695825245544867, 0.6854451197159616, -0.7247918736673278], [0.5373160407664294, -0.6379075277004853, -0.5516932648112932]], "T": [-0.0047444360901216925, -0.023814666129802202, -0.046099107111971585], "aligned_model": [[-0.7501310504730883, -0.21681367246284866, 0.33072264558029385, 0.26860294310220834, -0.7170265089898716, -0.4113888960857477, 0.33666180593666345, 0.08392548760918343, 0.7655196382974266, -0.16808206142106202, -0.29333619603686817, 0.30825151663683353, -0.06016815525792571], [0.11026304696433753, -0.25846575201698885, 0.013316849257416531, 0.46205607521963166, -0.510747018023714, 0.18996747130241928, -0.5750936336715156, -0.12657929909266327, -0.08544204306569958, -0.683013836871754, 0.803454902685004, 0.41579056141814846, 0.03488011530708781], [-0.4879060833584749, -0.5594333495282886, -0.6504272448790289, -0.25633987668092695, -0.1283790355311143, 0.46506574096661585, -0.16811678850365425, 0.6366703406635896, -0.19069965350183932, 0.3387618833049291, 0.034035209578198514, 0.39703868911004564, -0.009194397680962876]], "inverted": false, "swapped": true, "error_lsq": 0.04224324006243146, "error_max": 0.26075644510157914, "target": "606.xyz", "model": "9.xyz", "model_rescale": 3.833441315466971, "target_rescale": 4.08454561016126},
{"mapping": [8, 13, 2, 9, 4, 3, 7, 5, 0, 10, 11, 6, 1, 12, 14], "R": [[-0.7018333328835862, -0.49070867445920163, -0.5163670880914186], [-0.1284910847451892, 0.8002048243296613, -0.585800546483648], [0.700656844678279, -0.3447857826680637, -0.6246621087239473]], "T": [0.0706626792828927, 0.10914099583321685, 0.10034058524901257], "aligned_model": [[-0.6045058745112949, 0.2516116751534202, 0.17497956392957448, -0.30839310063364517, 0.7031148619929896, 0.21257661496495567, -0.2926544653231354, 0.6396286110361068, 0.2516028024909112, -0.5021022407184833, -0.540663364158896, 0.4636407161944545, 0.5696113452960531, 0.0022742272328254848, 0.050381356110799004], [-0.09811863514852676, -0.5586125516958764, -0.0479802949566408, 0.25979377400053144, 0.5662136890335507, 0.6701146413685992, 0.6500925730960194, -0.1529882638200229, -0.5127048238851755, -0.43851868812349876, 0.30983122206578917, 0.5159377568369727, -0.1341069713495384, 0.15864640609165714, 0.1500312817828014], [-0.22943241502468614, -0.29595375242238764, -0.593259546300697, -0.6007518356735428, -0.06398035013679476, -0.5473405505127158, -0.038533531396331755, -0.15461278539913548, 0.3110332761898573, 0.31888888769979346, 0.3269260718718272, 0.4762584297136027, 0.5876696199462795, 0.696907673925644, 0.017072956172757336]], "inverted": false, "swapped": false, "error_lsq": 0.04478553976811463, "error_max": 0.2770633226167812, "target": "606.xyz", "model": "10.xyz", "model_rescale": 4.2482417240324, "target_rescale": 4.08454561016126},
{"mapping": [8, 12, 4, 6, 1, 2, 7, 3, 13, 0, 9, 14], "R": [[0.17101511848531353, -0.9613172123105234, 0.21592370542619568], [0.36834552727301095, 0.26564130757368626, 0.8909300018792219], [-0.9138246012159129, -0.0728279687075413, 0.3995255751344482]], "T": [0.021754430366573575, 0.08797600974474859, -0.10228893763740188], "aligned_model": [[-0.7163700718786064, -0.24677139043543192, 0.3614535033277792, 0.6225357019982356, -0.47019809629895987, 0.08256558442480227, -0.06346060457847855, 0.506767478439509, 0.15620547511623048, -0.0236192503243874, -0.3854329086798013, 0.053090181252115703], [-0.1484138658463283, -0.7122457820442268, -0.2959753526131369, -0.16338778442476062, 0.4274459839825534, 0.7269042286471641, 0.10498590653363454, 0.4140680959059442, -0.41591517009720524, 0.5875326154959523, 0.05306316886705367, 0.08806934564399557], [-0.009376320605882393, 0.09458112312504952, 0.6046985914715177, -0.16138365451667755, 0.25455821741775464, 0.17278026017242115, 0.579474278055535, -0.21811917005429016, -0.4048829445246682, -0.707597472722812, -0.6202991703385452, -0.019241447625046676]], "inverted": true, "swapped": true, "error_lsq": 0.045551317767400124, "error_max": 0.2696035034766045, "target": "606.xyz", "model": "11.xyz", "model_rescale": 3.6694154284099745, "target_rescale": 4.08454561016126},
{"mapping": [1, 0, 10, 3, 2, 8, 7, 12, 6, 11, 13, 4, 9, 14], "R": [[0.2505944679301097, 0.5905622217849148, -0.7670975654004453], [-0.782539699487531, 0.5900652144085274, 0.19863197494608809], [0.5699421298419605, 0.5505082242305592, 0.610005462013027]], "T": [0.0396211027266171, 0.052101529848473396, -0.11579127598692421], "aligned_model": [[0.05377370828952372, -0.1249394986444301, -0.06752361651811623, 0.44911966375433515, 0.5181868838931417, -0.5189546327705891, 0.3825559649682536, -0.379402975762465, 0.31111925039033544, 0.1663180574757578, -0.2613999763898566, 0.5164333397766147, -0.5563618240795671, 0.10934050587287208], [-0.5552919296916199, 0.4544067597689646, 0.7312095676029537, 0.44354424300502826, -0.14363627165161996, -0.49278944938935343, -0.5170962007990465, -0.23619724562526223, 0.5033597420063051, 0.20545022733939722, 0.39090109640721943, -0.23815261479349464, 0.17496692225089266, 0.010312441705889672], [-0.4555999472068841, -0.7708365464464351, -0.1961759300674282, -0.3003823890790062, -0.585101232318377, -0.09511092397583643, 0.05959870299264017, 0.5860074779466237, 0.2718540009106244, 0.7381428555156557, 0.2818866102326152, 0.5558098684881656, -0.37086672174022517, -0.08013036559971713]], "inverted": false, "swapped": true, "error_lsq": 0.043038064602115296, "error_max": 0.22677789441625942, "target": "606.xyz", "model": "12.xyz", "model_rescale": 3.9764082729961374, "target_rescale": 4.08454561016126},
{"mapping": [10, 14, 13, 12, 4, 5, 9, 6, 3, 8, 1, 0, 7, 2, 15], "R": [[0.3418423332387912, 0.8934499008313103, -0.29136076247563103], [0.44158781745815834, -0.4263926311571569, -0.7894235387720694], [-0.8295444645577472, 0.14119702121290878, -0.5402956436268962]], "T": [0.05814818642505462, 0.08755052111900069, -0.05059664196255108], "aligned_model": [[-0.6939234179226852, 0.3421331322140838, -0.032139801973778304, -0.39214558849118364, 0.7359256354355183, 0.46346046211640324, -0.054735353123773395, 0.6026063214818298, 0.2898228784693939, -0.28732536101687334, -0.5146450923521368, 0.26871469659617053, 0.4188407558078845, -0.2235804840658077, 0.14809394588158953], [-0.19365004257885898, -0.581178215754329, -0.12551001530701356, 0.31942856343924186, 0.2652256415137557, 0.7643655034160814, 0.6774202445865947, -0.02073069227518118, -0.6254617240098126, -0.3476041891740944, 0.2778869324934976, 0.595978702005517, 0.060780480239648715, 0.23285567295994758, 0.03782425374164756], [-0.08882547752012475, -0.38370693393815525, -0.617106865308653, -0.4387739528781746, 0.10724189257450538, -0.33426430798534723, -0.022133642246877458, -0.5754769365970643, 0.3320047467909934, 0.3863715980460005, 0.14689383515912802, 0.4229753833694425, 0.6128925698761346, 0.6813698073901838, -0.018569568078522093]], "inverted": false, "swapped": false, "error_lsq": 0.04251166253628807, "error_max": 0.3081017108761151, "target": "606.xyz", "model": "13.xyz", "model_rescale": 4.170626492500431, "target_rescale": 4.08454561016126},
{"mapping": [13, 11, 10, 6, 9, 2, 3, 12, 8, 4, 7, 5, 1, 14], "R": [[0.3323613291394736, -0.7518053783438035, 0.5694950570338368], [-0.40656945915487236, -0.6590428940393892, -0.6327430273805481], [0.8510212816229434, -0.02123998374568703, -0.524701478285821]], "T": [0.013274541089316015, 0.1693393374818907, -0.02022463468278185], "aligned_model": [[0.10216127099844292, -0.07334991397536968, -0.31222210832109604, -0.42210546941399585, 0.38468304830623906, -0.31051080370060713, -0.5671976019285976, 0.6040180822453995, 0.7831156188581343, -0.11302142769654162, 0.09748457097720827, -0.6355288947291646, 0.31892318984225976, -0.013266539370667898], [-0.2854079967412104, -0.6987908174187963, 0.1153893469961767, -0.3009298709360281, 0.39871669759697925, 0.6652098512506582, 0.2711109800526619, -0.4597611616113204, 0.2592730303517816, -0.4348872110573103, 0.10720175943168528, -0.04497074473382576, 0.6217378424564741, 0.14218276228774007], [-0.4060361804197213, 0.06705468845156276, -0.6287233940616341, -0.15024462158406632, -0.5149940599249254, 0.34972916381834857, -0.10788860760409308, 0.060233329118221046, 0.07249728487690815, 0.5975172867144634, 0.6590393885819306, 0.534037886545583, 0.4116451838792919, 0.06000575272899736]], "inverted": false, "swapped": true, "error_lsq": 0.044792146982541615, "error_max": 0.27684568842097274, "target": "606.xyz", "model": "14.xyz", "model_rescale": 3.9786697098870705, "target_rescale": 4.08454561016126},
{"mapping": [7, 8, 6, 5, 13, 10, 1, 0, 3, 2, 9, 14], "R": [[0.26512637586547927, -0.9070177877306792, 0.32714941167696066], [0.7149601155173487, -0.04272166349746664, -0.6978587913664404], [0.6469467041726515, 0.4189195533848403, 0.6371549024781885]], "T": [-0.016760861742349732, 0.019532168379725618, -0.09955900367358327], "aligned_model": [[-0.12945782578495504, -0.7852211243724645, 0.5421998159244222, 0.6237589192359245, 0.05516984897197976, 0.3543520043087876, -0.4687055730390273, 0.03999276289141362, 0.5159832191211997, 0.12547344783773126, -0.4006206527470691, 0.010429754419393974], [-0.6212269596669173, 0.011274390334169205, 0.17497539026162715, -0.5656342586251975, 0.48866674861220033, 0.5812342094958296, -0.44373697884292457, 0.3966135908972872, 0.012712256627253827, -0.4714882417510065, 0.5085453759890404, -0.05726103310692286], [-0.321097161023315, -0.23645802617013195, -0.4012450068606175, -0.24583379640777964, -0.47142625962268225, 0.06136168509491853, 0.15680932341683246, 0.5879019936051103, 0.16713854282478813, 0.3761075675344125, 0.12151288588810168, -0.13480525440580737]], "inverted": true, "swapped": true, "error_lsq": 0.05874148514657665, "error_max": 0.3486026955537696, "target": "606.xyz", "model": "15.xyz", "model_rescale": 3.769337070930944, "target_rescale": 4.08454561016126},
{"mapping": [7, 2, 12, 8, 4, 5, 11, 3, 13, 9, 14], "R": [[0.005839850602073204, -0.9962404291864799, -0.08643438782848237], [-0.354308873586525, 0.07876703351231762, -0.9318052245665496], [0.9351102171630861, 0.03606607389235039, -0.35251683657833743]], "T": [-0.11470195557133607, -0.04655660872876254, 0.151528505787194], "aligned_model": [[-0.1782989000697755, -0.2654617226261285, -0.08901780284907682, -0.7252765919813937, 0.35808694310933153, 0.45286131805690905, 0.5552446660274862, 0.22673533304063964, 0.17286728621383246, -0.502551961014642, -0.08256243721601172], [-0.07075980473737647, -0.6824384961851885, 0.7854100140414695, 0.41967817616234476, 0.16126515346636297, -0.4625087786853311, 0.46776870253365743, -0.5104187349064015, 0.3980129940657262, 0.151780278419697, -0.06172500654961824], [-0.5323732817487504, -0.0944715893223082, -0.09011320462554614, 0.013092790631839768, -0.5526918060365623, -0.37661671557186405, -0.0838699664106381, 0.3039845782899748, 0.43998705915515257, 0.6470987724445051, 0.07019097041797402]], "inverted": true, "swapped": true, "error_lsq": 0.03679447101571623, "error_max": 0.1649204138107205, "target": "606.xyz", "model": "16.xyz", "model_rescale": 3.7852294659196426, "target_rescale": 4.08454561016126},
{"mapping": [9, 3, 2, 0, 13, 6, 4, 5, 1, 8, 12, 7, 14], "R": [[-0.3498171594537127, 0.8245763245684228, 0.4446367505199799], [-0.8581442626967264, -0.09166015397818808, -0.5051602127774778], [-0.37578767855323253, -0.5582761871456868, 0.7396697367836853]], "T": [-0.03372901982868475, -0.0038683397504992584, -0.07051061928362737], "aligned_model": [[0.030820662993624078, -0.29269987938555253, 0.35127398577895036, -0.02113463395513491, -0.5128103294634617, -0.6363027719992183, -0.16829678084492444, -0.18933450315120856, 0.6595609011348934, 0.450323282362475, -0.1336767509194972, 0.337118060551126, -0.021075392885788125], [-0.21310823835274384, -0.4112198553557649, -0.3571152330297614, -0.7477138081185055, 0.19366897081328854, 0.05926514886552643, 0.6591206366806753, 0.08214704268902963, 0.020486753522404186, 0.36152481450443924, 0.7897123580684491, 0.39856604709862753, 0.03972098631720977], [-0.6929309274367057, 0.27875888243987046, 0.3927168054367606, -0.3245761551778198, -0.378742102514549, 0.1755241643059789, 0.4817416871565843, 0.7911563347370901, -0.012605879455519275, -0.5619594162781565, -0.404365348791762, 0.34526699951825846, 0.005769653203143529]], "inverted": true, "swapped": true, "error_lsq": 0.040398991266187324, "error_max": 0.19321272947967896, "target": "606.xyz", "model": "17.xyz", "model_rescale": 3.901054581598922, "target_rescale": 4.08454561016126},
{"mapping": [11, 1, 7, 12, 2, 3, 13, 0, 4, 10, 9, 2, 8, 5, 14], "R": [[0.4233561732812917, 0.2235327566590597, 0.8779536760245513], [0.15408242778765047, -0.9727299953105032, 0.1733636688302721], [0.8927643339603598, 0.06188265446496604, -0.44625371828667737]], "T": [0.033971891207980165, -0.019499303388754663, 0.009230875128648898], "aligned_model": [[-0.6869380732603932, 0.4589811375665655, 0.06610188325545946, -0.34800437975135334, 0.5742261560353736, 0.25807094044410794, -0.0952939919232893, 0.6605781991868508, 0.16263572300332133, -0.5088857417581049, -0.5053672124723089, 0.5742261560353736, 0.47828967889079643, -0.005978602735420058, -0.011539143460343834], [-0.18556301111359463, -0.49012169382226983, -0.13131130523939205, 0.3536148378462988, 0.5621502023843861, 0.5692644482223186, 0.6877675101296186, 0.09682839357204849, -0.6955662620690486, -0.4207268227628041, 0.25691133589388854, 0.5621502023843861, -0.1359667056688898, 0.30335405969761603, 0.004845925842080118], [-0.2898387773497721, -0.2798491407288773, -0.6435652367243754, -0.5073492930075675, 0.240633735434614, -0.4226750757832289, 0.11202282157601737, -0.4022747994620784, 0.39904243944957324, 0.4748227738514112, 0.26788143296102024, 0.240633735434614, 0.48822492508609655, 0.5423872414726314, -0.00920463355660872]], "inverted": true, "swapped": false, "error_lsq": 0.0462533096323844, "error_max": 0.30906796462956587, "target": "606.xyz", "model": "18.xyz", "model_rescale": 3.9405287249114394, "target_rescale": 4.08454561016126},
{"mapping": [2, 3, 1, 6, 4, 0, 8, 12, 14, 10, 5, 7, 13, 9, 15], "R": [[0.7970518503333335, 0.048488775983713484, -0.60196111708632], [0.5581347060610897, -0.4398201521015988, 0.7035935500666753], [-0.23063824004338496, -0.8967759321084211, -0.3776227347773995]], "T": [0.16724828851092122, 0.06694995117636188, 0.05639467850224454], "aligned_model": [[-0.638928705729799, 0.21779607795161154, 0.0573541241883474, -0.35460171755565406, 0.7293604013585232, 0.24215712003065237, -0.1538636155546147, 0.6249203404747097, 0.34572940814467223, -0.28119850614339237, -0.5923639971956385, 0.3532784719871793, 0.47052414718583, -0.08121818208838999, 0.1321573620025977], [-0.1378843196518264, -0.6397102955928065, -0.02841892381703834, 0.3831106203361613, 0.5076657928691768, 0.5338748182317405, 0.7459799293803422, -0.16532492046381309, -0.6344183565969406, -0.5758351502462709, 0.35902827471698967, 0.6323286721189396, -0.08975175610727756, 0.39817247280010615, 0.04881425731915904], [-0.19549191991920478, -0.41636827636283646, -0.5873036004373334, -0.37488070688041664, -0.1000167919437447, -0.44264849943090423, -0.03348073139203593, -0.13523971054415868, 0.33201388839459256, 0.11661778619267692, 0.2265183719732588, 0.43238034535999464, 0.6350121461363941, 0.7025880714688276, 0.05119177603836027]], "inverted": true, "swapped": false, "error_lsq": 0.03839544777378231, "error_max": 0.28316626994401767, "target": "606.xyz", "model": "19.xyz", "model_rescale": 4.410303926677745, "target_rescale": 4.08454561016126},
{"mapping": [8, 9, 12, 1, 4, 0, 7, 13, 10, 3, 2, 5, 6, 14], "R": [[-0.1904618244302536, 0.6285274534590972, 0.754107110219047], [0.8491915346236203, 0.49089440998535117, -0.1946700176419439], [-0.4925424153900659, 0.6033041674755417, -0.6272368376844296]], "T": [0.009385582035652231, -0.0823106034028592, 0.04799126629215894], "aligned_model": [[-0.19866049207111877, 0.06574889183235816, 0.4126501135176266, -0.6380038309669017, 0.1618245212541015, -0.13609464835348103, -0.3369353272517932, 0.590414510059449, 0.43544643811236405, 0.03836147506332391, -0.5710720911874229, -0.06371216411617933, 0.5127287023250127, -0.01150820875646642], [-0.20804984750826408, -0.6838184909684907, 0.2096716782687065, -0.03784687269714791, 0.7754089469908803, -0.7722464293591635, 0.48813548170656573, -0.16597572727291698, -0.48409023603607604, -0.09448143512666773, 0.012438506629491142, 0.6142636396539404, 0.15444713833984264, 0.0030921135605026656], [-0.6937952137955188, -0.21727553379033054, -0.6614753771481443, -0.20401462363209594, -0.013041657814664612, 0.3956089507161114, -0.11634105802377304, -0.0896752489110921, 0.4170098080169787, 0.6429724564806472, 0.42439772837268336, 0.5804597588106977, 0.3918016121341019, 0.06018343730942062]], "inverted": false, "swapped": true, "error_lsq": 0.047372312113787, "error_max": 0.2977440695850871, "target": "606.xyz", "model": "20.xyz", "model_rescale": 4.121658175737393, "target_rescale": 4.08454561016126},
{"mapping": [11, 13, 10, 6, 3, 12, 9, 7, 8, 1, 0, 2, 14], "R": [[-0.09269914380785996, 0.7476407228569765, -0.6576018691147311], [-0.9732972452121981, -0.2073319950394383, -0.09851860887828784], [-0.2099984314218476, 0.6309094969636013, 0.7468961543892829]], "T": [0.09184736891861067, -0.025919598231679265, -0.026270459991326843], "aligned_model": [[0.23130089729782471, -0.07298972319925881, 0.2565384519401681, 0.49880413224560927, 0.6274871215942683, -0.43499515705338443, -0.40021195019126565, 0.1828067203780606, -0.6331863861038677, -0.11336674004074301, 0.12188233629191557, 0.47835287227917084, 0.13866032922579696], [-0.5902059906739012, -0.018315488229488756, 0.4846994003995421, -0.10778007516084975, 0.23215976514571268, -0.5943298879981638, 0.4094588370246707, -0.6062393408930775, -0.2162647653239526, -0.15875176483990044, 0.7487532654323621, 0.05572847670774543, -0.09808552742751567], [0.630163103316541, 0.5536583702405226, 0.4110789378891905, 0.47900088693528453, 0.01214107150627073, 0.3617573078694143, 0.03437837603846553, -0.38307210474778486, -0.24406733770752534, -0.6780678433634615, -0.15663092537018355, -0.6020633191708518, -0.048166783954092955]], "inverted": false, "swapped": true, "error_lsq": 0.05040514958613726, "error_max": 0.2862520649903234, "target": "606.xyz", "model": "21.xyz", "model_rescale": 4.08911054899281, "target_rescale": 4.08454561016126},
{"mapping": [13, 6, 0, 4, 11, 1, 2, 8, 10, 12, 3, 15, 9, 14, 16], "R": [[-0.7825768238448815, 0.6224933372737474, -0.008692515783706736], [-0.3844919521936395, -0.4722940944420619, 0.7931609086770962], [0.4896319571669946, 0.6240515470735933, 0.60895009082508]], "T": [0.1252848183664136, 0.043987791518290895, 0.020661837320338102], "aligned_model": [[-0.5039306649974992, 0.3743681762640405, -0.09543424200084227, -0.4227057957118512, 0.8023013413932025, 0.45802876868223547, -0.10542705623380219, 0.7391959888115751, 0.28293020472628216, -0.29101906607502426, -0.657061188330061, 0.2717364303399906, 0.2986530276564733, -0.17004395357735302, 0.08951075810926895], [-0.15685302053866274, -0.44544559293575375, -0.05957899877656277, 0.2943012523559472, 0.38576464667020804, 0.559480940165397, 0.7062760907241308, 0.011996874654217046, -0.7146209479564565, -0.34696764828225557, 0.33045569362579685, 0.6885725304676686, -0.18413447237403185, 0.23342585598218174, 0.03495791151481801], [-0.0012655367964870858, -0.4832990456375268, -0.714617983236361, -0.33053845321678577, 0.12424870468116878, -0.48287233082731984, -0.15080264596043602, -0.3000431269395263, 0.24604178710939845, 0.4884378798058595, 0.2659161750244483, 0.32818331227465214, 0.6729281236533955, 0.5579855034112939, -0.009410214692303992]], "inverted": false, "swapped": false, "error_lsq": 0.04647905167231433, "error_max": 0.30299004732140683, "target": "606.xyz", "model": "22.xyz", "model_rescale": 4.204369325754507, "target_rescale": 4.08454561016126},
{"mapping": [2, 3, 1, 6, 4, 0, 8, 12, 14, 10, 5, 7, 13, 9, 15], "R": [[0.7970518503333335, 0.048488775983713484, -0.60196111708632], [0.5581347060610897, -0.4398201521015988, 0.7035935500666753], [-0.23063824004338496, -0.8967759321084211, -0.3776227347773995]], "T": [0.16724828851092122, 0.06694995117636188, 0.05639467850224454], "aligned_model": [[-0.638928705729799, 0.21779607795161154, 0.0573541241883474, -0.35460171755565406, 0.7293604013585232, 0.24215712003065237, -0.1538636155546147, 0.6249203404747097, 0.34572940814467223, -0.28119850614339237, -0.5923639971956385, 0.3532784719871793, 0.47052414718583, -0.08121818208838999, 0.1321573620025977], [-0.1378843196518264, -0.6397102955928065, -0.02841892381703834, 0.3831106203361613, 0.5076657928691768, 0.5338748182317405, 0.7459799293803422, -0.16532492046381309, -0.6344183565969406, -0.5758351502462709, 0.35902827471698967, 0.6323286721189396, -0.08975175610727756, 0.39817247280010615, 0.04881425731915904], [-0.19549191991920478, -0.41636827636283646, -0.5873036004373334, -0.37488070688041664, -0.1000167919437447, -0.44264849943090423, -0.03348073139203593, -0.13523971054415868, 0.33201388839459256, 0.11661778619267692, 0.2265183719732588, 0.43238034535999464, 0.6350121461363941, 0.7025880714688276, 0.05119177603836027]], "inverted": true, "swapped": false, "error_lsq": 0.03839544777378231, "error_max": 0.28316626994401767, "target": "606.xyz", "model": "23.xyz", "model_rescale": 4.410303926677745, "target_rescale": 4.08454561016126},
{"mapping": [13, 11, 14, 6, 8, 15, 5, 9, 1, 7, 12, 4, 3, 0, 16], "R": [[0.4022799394279756, -0.8670222607344447, 0.29401232920535336], [-0.8764069036032289, -0.27183524728680314, 0.39751294022852046], [-0.2647296538932218, -0.4175859165770026, -0.8692181616982699]], "T": [0.10723405254994937, 0.04669824481716174, -0.014066974451749911], "aligned_model": [[-0.514513899528905, 0.27233187341182447, -0.008329770825935598, -0.42103889000647915, 0.824981640671436, 0.21507780688431655, -0.05530302639564143, 0.557281245622795, 0.2676373007098744, -0.290675180154998, -0.6072730216967118, 0.49083081602871126, 0.4555104124499626, -0.2580527692723618, 0.14263819115874787], [-0.09447464595119405, -0.5036830884064277, -0.0436703723942974, 0.43009047041680487, 0.4415122798100514, 0.5205619521787019, 0.6425322622723207, 0.04082381843149123, -0.6084565754336247, -0.44780774383666505, 0.31387884404886246, 0.493013860969424, 0.05119008616745381, 0.0751657871977608, 0.026954179825980255], [-0.3101857391847424, -0.2796692790284367, -0.6748456860978437, -0.4037286087863634, -0.08238201505684604, -0.536692176993107, 0.10495216282882643, -0.44977673880214436, 0.5163840685788414, 0.18357655920407012, 0.23944831705817676, 0.34306082734810395, 0.815351125863249, 0.6463427074275601, 0.09905662429412558]], "inverted": false, "swapped": false, "error_lsq": 0.04276652374779049, "error_max": 0.27506902286340246, "target": "606.xyz", "model": "24.xyz", "model_rescale": 4.28219845311461, "target_rescale": 4.08454561016126},
{"mapping": [3, 4, 7, 9, 14, 12, 11, 2, 0, 1, 5, 10, 6, 8, 15], "R": [[-0.20061111484882962, -0.9767632832714425, -0.07542326598538077], [0.1921307844260848, 0.03626666748215576, -0.9806989805774022], [0.9606461066776499, -0.21123024708249183, 0.18039079921809326]], "T": [0.08412713447247736, 0.08958219241605533, -0.08945230565810479], "aligned_model": [[-0.5493384159466218, 0.08567737348220751, -0.1180157320290661, -0.39321464433830977, 0.6974054652979341, 0.29965698248587525, 0.031072058419815828, 0.7260999830726976, 0.36203914310187124, -0.32741848655002803, -0.602456497078336, 0.2773255880415743, 0.5611352849463427, -0.08924171951144516, 0.11037634566212311], [-0.3329282730101143, -0.6067990212907628, -0.12964673497879373, 0.3816096204259395, 0.5133325676805742, 0.7185807914956907, 0.6267193914631702, -0.14820499275911, -0.5769444943948293, -0.24868063832491652, 0.38788809952283143, 0.5883749337299616, -0.042268669237839146, 0.17985845180915688, 0.026740083165683562], [-0.2317605903691986, -0.3123858719529614, -0.8082171800545015, -0.4685809004258367, 0.06697637872474717, -0.4667155389637132, -0.017717658844581874, -0.09985137362160819, 0.2901017264167588, 0.2656333994934489, 0.3166230365948346, 0.4967089158321487, 0.6637247715446266, 0.5766854386464155, -0.06033240436710897]], "inverted": true, "swapped": false, "error_lsq": 0.03957518875691599, "error_max": 0.2237298257390182, "target": "606.xyz", "model": "25.xyz", "model_rescale": 4.100010024507729, "target_rescale": 4.08454561016126},
{"mapping": [8, 12, 4, 6, 1, 2, 7, 3, 13, 0, 9, 14], "R": [[0.17101511848531353, -0.9613172123105234, 0.21592370542619568], [0.36834552727301095, 0.26564130757368626, 0.8909300018792219], [-0.9138246012159129, -0.0728279687075413, 0.3995255751344482]], "T": [0.021754430366573575, 0.08797600974474859, -0.10228893763740188], "aligned_model": [[-0.7163700718786064, -0.24677139043543192, 0.3614535033277792, 0.6225357019982356, -0.47019809629895987, 0.08256558442480227, -0.06346060457847855, 0.506767478439509, 0.15620547511623048, -0.0236192503243874, -0.3854329086798013, 0.053090181252115703], [-0.1484138658463283, -0.7122457820442268, -0.2959753526131369, -0.16338778442476062, 0.4274459839825534, 0.7269042286471641, 0.10498590653363454, 0.4140680959059442, -0.41591517009720524, 0.5875326154959523, 0.05306316886705367, 0.08806934564399557], [-0.009376320605882393, 0.09458112312504952, 0.6046985914715177, -0.16138365451667755, 0.25455821741775464, 0.17278026017242115, 0.579474278055535, -0.21811917005429016, -0.4048829445246682, -0.707597472722812, -0.6202991703385452, -0.019241447625046676]], "inverted": true, "swapped": true, "error_lsq": 0.045551317767400124, "error_max": 0.2696035034766045, "target": "606.xyz", "model": "26.xyz", "model_rescale": 3.6694154284099745, "target_rescale": 4.08454561016126},
