[{"mapping": [7, 9, 10, 5, 1, 6, 8, 4, 2, 3, 0, 11], "R": [[0.021298921868233414, -0.9857537160146368, -0.16684114387819793], [0.9669424603393848, -0.022103528621184657, 0.25403486456647983], [-0.25410358974258546, -0.16673645487963074, 0.9526963421227692]], "T": [0.04963722877793285, 0.03907328118302784, -0.009173989044158282], "aligned_model": [[-0.4034767270326733, 0.4904102009947977, 0.28508553182639795, -0.4874610065122993, -0.626228342077732, -0.10324320299606855, 0.1921689336564789, 0.34449932247415926, -0.3745893210867623, 0.7119220724521896, -0.33241912726412937, -0.0001681515559252833], [0.14071715056544026, -0.2077086429410098, 0.4887436816508291, 0.620743084879658, -0.1710028600354277, -0.5040949895776998, -0.5477879025334412, 0.33360686983866156, -0.2550518346579129, 0.1841979350604807, 0.3912044458597347, 0.08516097255087818], [-0.8343767379081253, -0.34707085691468714, -0.4609725874257713, -0.25791493389552517, -0.04006580902396218, -0.46387201045435994, 0.1867396522433479, 0.6826748221843124, 0.6091079015266989, 0.11061806187425588, 0.326724772002661, 0.005912583869656575]], "inverted": true, "swapped": false, "error_lsq": 0.05133707978952396, "error_max": 0.33219958842503944, "target": "607.xyz", "model": "0.xyz", "model_rescale": 3.751011558992144, "target_rescale": 3.96273813739473},
{"mapping": [6, 10, 4, 1, 7, 11, 9, 2, 3, 8, 0, 14], "R": [[0.8608112079198604, 0.04443820435382148, -0.5069805817912152], [0.3618157244937618, 0.6471272255971215, 0.6710556872570461], [0.35790144708928634, -0.7610858032342873, 0.5409759276406063]], "T": [0.03511205301874433, -0.009594015812626124, 0.01762323313850226], "aligned_model": [[-0.37105238987701666, 0.5373310861295526, 0.41381863609642244, -0.2840236860556215, -0.6184904292772634, -0.2124611202081424, 0.3316878522835491, 0.22859869699529534, -0.41067115665935167, 0.4812966742922282, -0.4195132348029768, 0.019979253961757846], [0.011931469871417154, -0.27797044281694394, 0.4385504603556677, 0.5642576451667368, 0.02852849269444318, -0.5920962858069257, -0.5979588244323047, 0.21827891828996268, -0.10758773986607931, 0.46824602259634907, 0.4668177778769239, -0.0622695832690556], [-0.6134812305308518, -0.5724647978691615, -0.5127745631646907, -0.2158980735393273, -0.08738863894684631, -0.46830846810822013, 0.02532184357577808, 0.7885803956931261, 0.6300613520762488, 0.13166898523922538, 0.39425590432623653, 0.017932149326983466]], "inverted": true, "swapped": false, "error_lsq": 0.04380908257821257, "error_max": 0.29590290776834083, "target": "607.xyz", "model": "1.xyz", "model_rescale": 3.9405287249114394, "target_rescale": 3.96273813739473},
{"mapping": [11, 8, 9, 5, 6, 3, 4, 1, 7, 2, 0, 12], "R": [[-0.02867045370428556, -0.47100410595910946, -0.8816649801676659], [-0.8919633708594932, 0.41018735454130983, -0.19012543022797473], [0.45119768409130945, 0.7809618853337608, -0.43187866759840904]], "T": [-0.038777610756915194, -0.000570353688798271, -0.0455510363215975], "aligned_model": [[-0.44474171565516685, 0.5358941464434906, 0.2563335459109582, -0.01887508906709677, -0.5772736239024681, -0.15197588887180016, 0.43281875586172436, 0.14031812819599884, -0.3819324502646585, 0.3468100553488028, -0.475353169404205, 0.034477488282853526], [0.2925738139357964, -0.28618352811527065, 0.1483881895581132, 0.6955382379671424, -0.007431852239244939, -0.5419131168411107, -0.4555017690560916, 0.11186090105296209, -0.5782148992812343, 0.5294027989848137, 0.6109121877679325, 0.03929694692638253], [-0.5523783555922023, -0.48013964199366715, -0.7811473010578774, -0.2531877349803804, 0.02746031247713783, -0.19023635410932566, 0.20410872452668033, 0.7176725623730242, 0.37573436364600704, 0.14051410472838116, 0.3264985186590575, -0.017394340598334123]], "inverted": false, "swapped": false, "error_lsq": 0.06280444284899321, "error_max": 0.3423357791117075, "target": "607.xyz", "model": "2.xyz", "model_rescale": 3.932901565614263, "target_rescale": 3.96273813739473},
{"mapping": [11, 9, 12, 10, 3, 8, 7, 2, 0, 6, 1, 13], "R": [[0.23420673398434444, 0.9061797305206731, -0.3521157504995585], [-0.9476830517076054, 0.2936078328807069, 0.12526481540023637], [0.21689637909044707, 0.30435626568969415, 0.9275361040266183]], "T": [-0.02447470097095572, -0.029460041012900985, 0.0054696367378138724], "aligned_model": [[-0.5825165719454122, 0.4144580172459814, 0.47355925768200774, -0.05150748205323083, -0.4450924560740133, -0.2697679931741653, 0.30338188231699964, 0.12257353682443958, -0.26416429405567576, 0.3993476497763113, -0.46271447723374903, 0.058943113568939914], [0.19057807924864562, -0.31002812342214653, 0.36387545845925096, 0.6182763478657308, -0.3161929565100806, -0.48745234793609343, -0.6620044074084899, 0.3496294957222165, -0.16527745840778288, 0.4853322710823109, 0.4538114432039929, 0.03818010876263598], [-0.6562562840470093, -0.5126158382571285, -0.41924105425428526, -0.29924701782944163, 0.04484497602232824, -0.5130484180406019, 0.05173228563617977, 0.7327026063407622, 0.6162501678961612, 0.15398142447361982, 0.35641577499280436, -0.03801376485488798]], "inverted": true, "swapped": false, "error_lsq": 0.050193298443794464, "error_max": 0.24476257604453827, "target": "607.xyz", "model": "3.xyz", "model_rescale": 3.9243930471874484, "target_rescale": 3.96273813739473},
{"mapping": [2, 1, 7, 4, 3, 0, 5, 11, 6, 9, 10, 12], "R": [[0.693144409828312, -0.6243289016544179, 0.3602280523262303], [-0.5148440853282915, -0.7785990655445728, -0.35877439002190903], [0.5044664457882566, 0.06322118072375876, -0.8611136320960538]], "T": [0.016710600319702718, 0.1767846415160487, 0.04792519441848853], "aligned_model": [[-0.3739536152989613, 0.5068703997336679, 0.16028872184743698, -0.3051859034900027, -0.615763080577698, -0.12742467869437818, 0.15772965537319483, 0.2687753165353619, -0.3299007320598992, 0.6543766278276354, -0.33577307093669984, 0.036460542618775696], [-0.014541008656334509, -0.1337961356715245, 0.3882578099054015, 0.5098152966962939, -0.03100504519410549, -0.5022321901811334, -0.5637911303172285, 0.1168818260721374, -0.2695665683771066, 0.3754955954004626, 0.6219477315574401, 0.06126172942588819], [-0.765702765115073, -0.36853999243691854, -0.7120637403576121, -0.3233435667039378, -0.05083643494060421, -0.4434845297181484, 0.12061805555525276, 0.7955943143696403, 0.49753357560111744, 0.27504495565795745, 0.4659118021959636, 0.026773183970863097]], "inverted": true, "swapped": false, "error_lsq": 0.04648439585759364, "error_max": 0.2853806193563525, "target": "607.xyz", "model": "4.xyz", "model_rescale": 3.8936222436046832, "target_rescale": 3.96273813739473},
{"mapping": [0, 4, 2, 3, 9, 1, 5, 7, 6, 10, 8, 11], "R": [[0.5180361126422055, -0.8466721174135357, 0.1215932218219101], [-0.8082483092313704, -0.4380070450043052, 0.3935536801393525], [-0.2799522398967071, -0.30215253452697793, -0.9112247742767643]], "T": [-0.047770308473840103, 0.11165773012796923, 0.019724828411592024], "aligned_model": [[-0.5191036674821746, 0.6764736545459706, 0.29291416084288774, -0.22965166290456074, -0.6637171756418871, -0.22237749757722414, 0.3067671639599555, 0.2012404294522695, -0.2875802629428545, 0.4323725080890481, -0.33013948882576316, 0.03930202136276649], [0.17130414916774553, -0.13775490203524074, 0.22620226610921945, 0.5738170416901535, 0.08575379426981977, -0.507931153889608, -0.5990638281108338, 0.07416865218021373, -0.49735304879709596, 0.5204583504914552, 0.6828958114670464, -0.03376922188268444], [-0.726603168087717, -0.18977128098815116, -0.6344709424149565, -0.26942906827320656, 0.06415890040800618, -0.458533168360356, 0.18204828433132847, 0.6166634758622129, 0.473823589694168, 0.062296273988999326, 0.39364664744099404, 0.0036753144771793887]], "inverted": true, "swapped": false, "error_lsq": 0.04944348060626929, "error_max": 0.2830120870291208, "target": "607.xyz", "model": "5.xyz", "model_rescale": 3.6523030999806103, "target_rescale": 3.96273813739473},
{"mapping": [11, 8, 9, 7, 4, 10, 6, 1, 2, 5, 3, 12], "R": [[-0.9564338052961948, -0.29107032926114934, 0.022637126815183484], [0.29166001508531764, -0.9560603235799953, 0.029716885377627223], [0.012992755176363918, 0.03502457851167951, 0.9993019899975214]], "T": [0.03180150524878618, 0.04777652742940017, -0.013739406285447786], "aligned_model": [[-0.5767686305685273, 0.6795828946178988, 0.18149737659540188, -0.11832422263755622, -0.5210736027763082, -0.19741532041927196, 0.31004209383477516, 0.17496651977803784, -0.3710638980472086, 0.5019934086408031, -0.3939433071534295, 0.027006871013818302], [0.29477599964705126, -0.03724069848473267, 0.007463268177219193, 0.663609817077979, -0.10534787945622567, -0.5885012747303858, -0.5275790260869512, 0.013735006543120792, -0.3376826424504308, 0.5223628283828766, 0.5034145379808417, 0.14971797405982862], [-0.5995744117746017, -0.17761266692115432, -0.7198759811850105, -0.26874859216781827, -0.010047134751152521, -0.402690877521082, 0.10530942392016503, 0.6650240425419258, 0.5013647864676544, 0.11889146085577573, 0.2924893660422131, 0.012975442571586004]], "inverted": false, "swapped": false, "error_lsq": 0.05930859230617761, "error_max": 0.4561677907162984, "target": "607.xyz", "model": "6.xyz", "model_rescale": 4.08911054899281, "target_rescale": 3.96273813739473},
{"mapping": [10, 4, 5, 12, 11, 8, 3, 2, 1, 7, 13, 14], "R": [[-0.004899315150744682, 0.29767851569449943, -0.9546536010537926], [0.684247987652052, 0.6971795131133957, 0.21388178484641146], [0.7292329450218028, -0.6521719311568759, -0.2071016274825962]], "T": [-0.01984066183999265, -0.016628942228271555, -0.004860342971391728], "aligned_model": [[-0.3364073004831059, 0.45549470887701615, 0.3522746899502042, -0.32202631379167956, -0.5996631306504671, -0.12490009657453954, 0.38242297129223973, 0.23203260383450428, -0.36619169035263716, 0.47925300223443557, -0.31635667949979573, -0.13943258195774166], [0.06785073665927627, -0.2535724077567046, 0.3784618775029422, 0.5792060239501245, 0.035343301931815084, -0.5153589881778357, -0.696645692055516, 0.17606997022302967, -0.18462577545633496, 0.5466581530335032, 0.5489038093215243, -0.12356309851563363], [-0.6466731238158064, -0.4682862477188011, -0.5395889084225971, -0.2531876327422118, -0.07993266447970462, -0.45804885752729624, 0.042178212272380645, 0.7364672030363124, 0.6194505474742027, 0.1765290925803109, 0.35311379093678863, 0.0354834464849235]], "inverted": false, "swapped": false, "error_lsq": 0.04324650882845299, "error_max": 0.27682446433180613, "target": "607.xyz", "model": "7.xyz", "model_rescale": 3.964800864290218, "target_rescale": 3.96273813739473},
{"mapping": [1, 3, 5, 8, 2, 0, 6, 11, 4, 10, 12, 13], "R": [[-0.9079903488433325, -0.009111126015377724, 0.4188920073122614], [0.37790949520242245, -0.4495445981182223, 0.8093788159685035], [0.18093628669565967, 0.8932114204853508, 0.4116253374991973]], "T": [-0.07811447023413569, 0.04495842920803932, -0.044518313134144505], "aligned_model": [[-0.4863831332694811, 0.4229473954751392, 0.41462147836943863, -0.10690739330258543, -0.6198309275985359, -0.14489945353266787, 0.19961383093924473, 0.21253201501375524, -0.29186419923428547, 0.628260980255561, -0.47528891957742375, -0.05630149065972612], [0.11475064102826338, -0.36620759145618187, 0.44745644374164834, 0.7776369053056832, -0.33562444233730343, -0.5500982331143821, -0.3772701970372609, 0.11721099091001985, -0.3051764218323612, 0.4622578706236955, 0.45574288511912014, 0.11804905970924973], [-0.6702703703620592, -0.36985230441924943, -0.586991682267247, -0.27562607945040096, -0.026948866331323318, -0.43771890717522416, 0.24025493189581487, 0.7284225076498463, 0.5271547004436536, 0.0005251341905361806, 0.4496309809655868, -0.06107518706143264]], "inverted": false, "swapped": false, "error_lsq": 0.047913510155394745, "error_max": 0.29353954882683536, "target": "607.xyz", "model": "8.xyz", "model_rescale": 4.121658175737393, "target_rescale": 3.96273813739473},
{"mapping": [2, 10, 11, 8, 1, 0, 5, 9, 4, 7, 6, 12], "R": [[0.05231403765017642, -0.4706034478391591, -0.8807926182403166], [-0.9283638937056324, 0.30207858661345954, -0.2165386994819445], [0.36797244778441385, 0.8290240782941776, -0.4210882986738486]], "T": [0.02388063307981266, 0.08206101401557372, -0.1153858825906535], "aligned_model": [[-0.49521886248608077, 0.5087997576192961, 0.42793547051919717, -0.1398139703822119, -0.6236320405231328, -0.24632188605313124, 0.390173995985149, 0.08827889720692263, -0.32896286027015414, 0.5365793582698641, -0.3638492270470473, -0.05746844996023741], [0.1554100900673605, -0.35354536920093715, 0.37321817669981705, 0.7777575359367401, -0.13734530562912659, -0.6450601145371161, -0.35620821189443197, 0.20431117454057113, -0.4560407927058747, 0.4467162458027769, 0.49665617495885495, 0.05285830662155667], [-0.5709098420093323, -0.5047203816428902, -0.5090853485707304, -0.2559695370868367, -0.02866840951248001, -0.24618995817223485, 0.12012879675549762, 0.7056485739725131, 0.4962315080404741, 0.12828908418255144, 0.28205399736906245, -0.09930362524709363]], "inverted": true, "swapped": false, "error_lsq": 0.044703394223199404, "error_max": 0.27725096818045714, "target": "607.xyz", "model": "9.xyz", "model_rescale": 3.833441315466971, "target_rescale": 3.96273813739473},
{"mapping": [3, 1, 5, 2, 7, 6, 12, 10, 11, 0, 8, 14], "R": [[-0.10080227323269947, 0.9841959452068161, 0.14559273041461337], [0.4357741170658494, 0.17523053007235118, -0.8828336084597381], [-0.8943935490636097, -0.02554609107133421, -0.44655075481335327]], "T": [-0.02101885403910162, 0.030144311276438494, -0.07710522827809467], "aligned_model": [[-0.6775032565848195, 0.6402466814955896, 0.3160591651596517, -0.20523140401066844, -0.6545588304703334, 0.06786452340132307, 0.20906909312726144, 0.20099491733665667, -0.3490098326018744, 0.6174651078431019, -0.36703698769981924, -0.1018589941176363], [0.19949430924005115, -0.24362116988275898, 0.35439179827816464, 0.6703273943248896, -0.161316138727341, -0.5390403864844877, -0.47034473024785556, 0.2221328107068146, -0.23184986224871038, 0.2247378415092174, 0.4606510348919659, 0.07316500930024107], [-0.6199409835038796, -0.25983258187770264, -0.565651211388304, -0.34707117342523286, -0.00039818082037616775, -0.4367690895353824, 0.16700604387793483, 0.6907518189161439, 0.46059176080021463, 0.058152119449914455, 0.47289002122549667, -0.10222368564032544]], "inverted": true, "swapped": false, "error_lsq": 0.0461129910809227, "error_max": 0.2635641963795118, "target": "607.xyz", "model": "10.xyz", "model_rescale": 4.2482417240324, "target_rescale": 3.96273813739473},
{"mapping": [3, 9, 7, 2, 1, 8, 10, 4, 0, 5, 6, 11], "R": [[-0.021760228906688273, -0.9219460034971242, 0.386706683512982], [-0.4674434858136153, -0.3325337245075024, -0.8190957878267873], [0.8837551018287506, -0.19858723196834577, -0.42372164364215026]], "T": [-0.09025820240310622, 0.06258091990114802, -0.04495432673501465], "aligned_model": [[-0.35031553609431776, 0.6705686376087726, 0.3132242146131215, -0.49481303627018625, -0.7696175654529064, -0.1860192860100592, 0.1510254934586388, 0.45185867396741375, -0.38177648310822, 0.4451657753284799, -0.18099590833042245, 0.028195203168118757], [0.10531349372225603, -0.23684775440254408, 0.2237160821598762, 0.6497644024822733, -0.1313696075049695, -0.4082124526015072, -0.5206855398194983, 0.15436916100236747, -0.37695324557169796, 0.5686130526345605, 0.4795415604320965, 0.05147875812697761], [-0.8121672937655433, -0.1488576022424721, -0.564370966185416, -0.24321736051428022, -0.045730544269252535, -0.4271077569548839, 0.08382757265590546, 0.6358714890079408, 0.4987977172433743, 0.10146566859653161, 0.4433003518027802, -0.00430641729618321]], "inverted": true, "swapped": false, "error_lsq": 0.056669918541397295, "error_max": 0.28506495784861735, "target": "607.xyz", "model": "11.xyz", "model_rescale": 3.6694154284099745, "target_rescale": 3.96273813739473},
{"mapping": [5, 10, 12, 0, 6, 7, 9, 3, 11, 2, 4, 13], "R": [[0.3364089843085949, -0.9399208450419341, -0.05811884661722483], [0.0318673529746665, -0.050318284089916676, 0.9982246951967451], [-0.9411766396861154, -0.33766384962252527, 0.013025266494357979]], "T": [-0.005445834039072249, 0.0601284170422566, -0.04443872144167938], "aligned_model": [[-0.42307207708985956, 0.49147989889369714, 0.320157429129212, -0.40290352918819583, -0.5636041686705259, -0.07518473042347223, 0.2031755705380419, 0.25319756282015765, -0.31826799456452637, 0.5881598304261214, -0.3278893743832242, -0.04874823460899263], [0.07075874014274099, -0.2372342030531833, 0.3413813776203385, 0.6355785507370827, -0.026489432809514303, -0.5234604941022519, -0.6914203944064982, 0.452284629935908, -0.35267033751565385, 0.2788588973030058, 0.43692366805829946, 0.17421690874991655], [-0.7300378097015354, -0.3055308037185028, -0.5704119027415607, -0.1914842539233277, -0.07292477104790718, -0.4991097977042861, 0.1461859371214905, 0.6770638763037127, 0.4816488501913134, 0.11712509106611851, 0.5048646117471689, -0.03988416951418306]], "inverted": true, "swapped": false, "error_lsq": 0.04736073787232592, "error_max": 0.2716446420947478, "target": "607.xyz", "model": "12.xyz", "model_rescale": 3.9764082729961374, "target_rescale": 3.96273813739473},
{"mapping": [5, 13, 12, 9, 4, 6, 14, 8, 3, 10, 2, 15], "R": [[0.008772557300306905, 0.5277355591683188, -0.8493634215268016], [0.28234484882933997, 0.813526748561646, 0.5083853024176189], [0.9592728645062103, -0.24427322604824814, -0.14186670665815668]], "T": [-0.0534758587566906, 0.10346456379255736, -0.049308557155646804], "aligned_model": [[-0.5009837870074026, 0.40551687914735407, 0.3716661664520229, -0.25201553109807423, -0.7057002304078251, -0.1217410164510964, 0.21725741087028905, 0.16157951893554356, -0.10164468818531343, 0.6359751004711698, -0.3004892212361476, -0.11292041861208638], [0.14002520809739272, -0.19164086057412338, 0.3991513514020393, 0.5587064863241624, -0.18121821181956127, -0.5385096294309291, -0.6365226446290326, 0.23758641796271826, -0.3468021983791853, 0.4208917525833407, 0.6727169815846106, 0.024343257538758212], [-0.7572802227436766, -0.32629050827811484, -0.42218536923020705, -0.38818304276045923, -0.14637970669705705, -0.45780312159836145, 0.084596139044961, 0.6105515412047235, 0.6601863716975924, 0.21535019216964785, 0.45188561429950264, -0.006943029030050403]], "inverted": true, "swapped": false, "error_lsq": 0.04473603274995879, "error_max": 0.27244014860879395, "target": "607.xyz", "model": "13.xyz", "model_rescale": 4.170626492500431, "target_rescale": 3.96273813739473},
{"mapping": [5, 8, 4, 6, 11, 12, 10, 1, 9, 0, 3, 13], "R": [[-0.8323625544357678, 0.20311911570757252, 0.5156696644241714], [0.5331579479766296, 0.03932481529877885, 0.8451012728727054], [0.15137760892058405, 0.9783640343634321, -0.14102707464028325]], "T": [0.09805353153863718, 0.1273140221307098, -0.002933634093228263], "aligned_model": [[-0.5278864607091924, 0.6098874245726116, 0.40964813594939353, -0.5260070074966038, -0.5873128702657414, -0.003037128321268026, 0.07503489641805068, 0.2393963972080635, -0.2742623036861952, 0.5899674507072081, -0.31110241386340864, 0.0021740623655152613], [0.01853536908459505, -0.3064598571078526, 0.2582105201537974, 0.5740324461268635, -0.04104441402338416, -0.3485478009512038, -0.4331774217300198, 0.1352606829958596, -0.29902743352087074, 0.33780538002411, 0.5397511686886116, 0.12338927091968448], [-0.6537686048058405, -0.32140275416131076, -0.6265024273313254, -0.3471433961737429, 0.036915875120971275, -0.5497812591300565, 0.057463292740256265, 0.752561908448748, 0.5766527015786934, 0.2608323434480226, 0.36849686668883924, -0.03681968834475368]], "inverted": true, "swapped": false, "error_lsq": 0.05020954196154725, "error_max": 0.32045036526823245, "target": "607.xyz", "model": "14.xyz", "model_rescale": 3.9786697098870705, "target_rescale": 3.96273813739473},
{"mapping": [3, 5, 2, 0, 9, 8, 7, 10, 6, 4, 1, 11], "R": [[0.18899364440898186, 0.9668385396149584, -0.17176914940764526], [-0.29207316086305357, -0.11165867743754027, -0.9498555724194939], [-0.9375364905306227, 0.22968582469998877, 0.2612848079307519]], "T": [-0.03895382439350349, 0.03154655242691364, 0.0046785414468782024], "aligned_model": [[-0.4993181596937396, 0.6492456016199852, 0.26168876199166813, -0.3325174424268358, -0.6063449126914362, 0.07843118798248683, 0.1372829709464466, 0.4445538863560817, -0.5755359831656153, 0.44922090588558067, -0.18280133262519982, -0.1274053013009891], [0.0548106568677584, -0.25950351601205046, 0.3834950223909951, 0.6224912284609446, -0.14863175723710567, -0.25639773435925506, -0.5219547474786808, 0.10129313419149802, -0.22577348486264223, 0.4011374512824256, 0.39996934233131204, 0.007792315084990953], [-0.7907287080365515, -0.2891428250776252, -0.7298918949365975, -0.21534504390923154, -0.1770283590713157, -0.41429278525542473, 0.3200400932597432, 0.6782338075347757, 0.5273846501740269, 0.0063309007497316175, 0.5562622918845914, 0.04568273076237805]], "inverted": false, "swapped": false, "error_lsq": 0.06323727190311366, "error_max": 0.3919669857725098, "target": "607.xyz", "model": "15.xyz", "model_rescale": 3.769337070930944, "target_rescale": 3.96273813739473},
{"mapping": [3, 10, 5, 4, 2, 9, 1, 7, 6, 8, 11], "R": [[-0.9959723404036204, 0.010533813911029984, 0.08904008038755767], [0.06605884316168018, 0.7576791891547919, 0.6492753464916696], [-0.06062447023335943, 0.6525421711171049, -0.7553233668586586]], "T": [-0.027877688112647382, 0.09572740524539444, -0.021144685774984354], "aligned_model": [[-0.29110896089258653, -0.3907831954873819, -0.17097306461887596, -0.5521095533835437, 0.4283947401857935, 0.47279547967721375, 0.5698252176922198, 0.09838963837538373, 0.24345447809135104, -0.43487263548785393, -0.0503860134605491], [-0.10479476089863535, -0.5721759940890541, 0.762841392579, 0.262973466669763, 0.158544583282028, -0.3772860275665557, 0.5318452531728232, -0.5460280506795634, 0.4002943419263716, -0.013352254647003986, 0.09320254787616877], [-0.6202493009527986, -0.06810463526159849, 0.04275046878418892, -0.025483806821516953, -0.6755526163604024, -0.17480111587723085, -0.11764491004179117, 0.42344388957550844, 0.43169128004451185, 0.603310697900228, -0.07514234376532195]], "inverted": true, "swapped": true, "error_lsq": 0.04530625049984533, "error_max": 0.23399833278644755, "target": "607.xyz", "model": "16.xyz", "model_rescale": 3.7852294659196426, "target_rescale": 3.96273813739473},
{"mapping": [3, 4, 0, 8, 2, 1, 5, 6, 7, 10, 11, 12], "R": [[0.5858773494144064, -0.5638112503343756, 0.5821207825181451], [-0.8103345438125782, -0.398462744556818, 0.42963399342266767], [-0.010279034352042526, -0.7234254040304613, -0.6903260289574438]], "T": [-0.04882280023917395, 0.09998628076947294, -0.09905559123173285], "aligned_model": [[-0.3760258336857343, 0.5373708826539287, 0.27887400257342615, -0.35389503285382656, -0.6402533232816972, -0.23203061349603854, 0.2617978119935317, 0.2923981489725843, -0.284079621440711, 0.6053870435175319, -0.3804093256368999, -0.012633956437661992], [-0.028648607720949987, -0.20822599800941635, 0.34316715348436955, 0.6519680570013319, -0.04713342671643092, -0.5379471908393577, -0.4482976664972539, -0.013112445258274957, -0.21346863266010166, 0.39304766383222467, 0.49479830711034467, 0.17258069693370542], [-0.8124184803204362, -0.35038971632368915, -0.6460702384860295, -0.2616992595619285, -0.04755074570067247, -0.2827127098245408, 0.08831718957214763, 0.7122212899203877, 0.48217349484485644, 0.2688840524169417, 0.42258213215927304, -0.05583215061780909]], "inverted": true, "swapped": false, "error_lsq": 0.04609289298512766, "error_max": 0.3022170104747996, "target": "607.xyz", "model": "17.xyz", "model_rescale": 3.901054581598922, "target_rescale": 3.96273813739473},
{"mapping": [6, 10, 4, 1, 7, 11, 9, 2, 3, 8, 0, 14], "R": [[0.8608112079198604, 0.04443820435382148, -0.5069805817912152], [0.3618157244937618, 0.6471272255971215, 0.6710556872570461], [0.35790144708928634, -0.7610858032342873, 0.5409759276406063]], "T": [0.03511205301874433, -0.009594015812626124, 0.01762323313850226], "aligned_model": [[-0.37105238987701666, 0.5373310861295526, 0.41381863609642244, -0.2840236860556215, -0.6184904292772634, -0.2124611202081424, 0.3316878522835491, 0.22859869699529534, -0.41067115665935167, 0.4812966742922282, -0.4195132348029768, 0.019979253961757846], [0.011931469871417154, -0.27797044281694394, 0.4385504603556677, 0.5642576451667368, 0.02852849269444318, -0.5920962858069257, -0.5979588244323047, 0.21827891828996268, -0.10758773986607931, 0.46824602259634907, 0.4668177778769239, -0.0622695832690556], [-0.6134812305308518, -0.5724647978691615, -0.5127745631646907, -0.2158980735393273, -0.08738863894684631, -0.46830846810822013, 0.02532184357577808, 0.7885803956931261, 0.6300613520762488, 0.13166898523922538, 0.39425590432623653, 0.017932149326983466]], "inverted": true, "swapped": false, "error_lsq": 0.04380908257821257, "error_max": 0.29590290776834083, "target": "607.xyz", "model": "18.xyz", "model_rescale": 3.9405287249114394, "target_rescale": 3.96273813739473},
{"mapping": [2, 0, 8, 5, 10, 1, 12, 13, 14, 7, 11, 15], "R": [[0.9495045676693497, -0.2575005415086803, 0.17926111429358588], [-0.3082805464530969, -0.871922736198273, 0.3804127321464113], [0.058345356744317275, -0.416466341044812, -0.9072770283232817]], "T": [0.08304139199853212, -0.030356357022005127, 0.004133442009812548], "aligned_model": [[-0.5735571354456744, 0.5177636099918094, 0.40609409290650944, -0.18516528510850916, -0.7002284528808949, -0.024371006760338945, 0.2062984751311432, 0.12322705583465521, -0.35832657829178216, 0.6154302641093674, -0.37771178593098365, 0.04704692932313223], [0.10961429830914121, -0.19939282388923746, 0.39721156601197893, 0.6229639671210091, -0.06374197447314955, -0.47585106849719866, -0.5141854688986408, 0.14823339450102663, -0.2631271029328541, 0.4110439342781564, 0.4105532449391369, -0.024594055809178117], [-0.5477831027841585, -0.5009581576114837, -0.5298092320334064, -0.43461520491201455, 0.06138540788427473, -0.4707522943730968, 0.2296465107390981, 0.6505239265042542, 0.5963758389437884, 0.13586582464228456, 0.3395711170347501, -0.011945775955789408]], "inverted": true, "swapped": false, "error_lsq": 0.04335239437895505, "error_max": 0.2163928433720445, "target": "607.xyz", "model": "19.xyz", "model_rescale": 4.410303926677745, "target_rescale": 3.96273813739473},
{"mapping": [1, 3, 5, 8, 2, 0, 6, 11, 4, 10, 12, 13], "R": [[-0.9079903488433325, -0.009111126015377724, 0.4188920073122614], [0.37790949520242245, -0.4495445981182223, 0.8093788159685035], [0.18093628669565967, 0.8932114204853508, 0.4116253374991973]], "T": [-0.07811447023413569, 0.04495842920803932, -0.044518313134144505], "aligned_model": [[-0.4863831332694811, 0.4229473954751392, 0.41462147836943863, -0.10690739330258543, -0.6198309275985359, -0.14489945353266787, 0.19961383093924473, 0.21253201501375524, -0.29186419923428547, 0.628260980255561, -0.47528891957742375, -0.05630149065972612], [0.11475064102826338, -0.36620759145618187, 0.44745644374164834, 0.7776369053056832, -0.33562444233730343, -0.5500982331143821, -0.3772701970372609, 0.11721099091001985, -0.3051764218323612, 0.4622578706236955, 0.45574288511912014, 0.11804905970924973], [-0.6702703703620592, -0.36985230441924943, -0.586991682267247, -0.27562607945040096, -0.026948866331323318, -0.43771890717522416, 0.24025493189581487, 0.7284225076498463, 0.5271547004436536, 0.0005251341905361806, 0.4496309809655868, -0.06107518706143264]], "inverted": false, "swapped": false, "error_lsq": 0.047913510155394745, "error_max": 0.29353954882683536, "target": "607.xyz", "model": "20.xyz", "model_rescale": 4.121658175737393, "target_rescale": 3.96273813739473},
{"mapping": [11, 8, 9, 7, 4, 10, 6, 1, 2, 5, 3, 12], "R": [[-0.9564338052961948, -0.29107032926114934, 0.022637126815183484], [0.29166001508531764, -0.9560603235799953, 0.029716885377627223], [0.012992755176363918, 0.03502457851167951, 0.9993019899975214]], "T": [0.03180150524878618, 0.04777652742940017, -0.013739406285447786], "aligned_model": [[-0.5767686305685273, 0.6795828946178988, 0.18149737659540188, -0.11832422263755622, -0.5210736027763082, -0.19741532041927196, 0.31004209383477516, 0.17496651977803784, -0.3710638980472086, 0.5019934086408031, -0.3939433071534295, 0.027006871013818302], [0.29477599964705126, -0.03724069848473267, 0.007463268177219193, 0.663609817077979, -0.10534787945622567, -0.5885012747303858, -0.5275790260869512, 0.013735006543120792, -0.3376826424504308, 0.5223628283828766, 0.5034145379808417, 0.14971797405982862], [-0.5995744117746017, -0.17761266692115432, -0.7198759811850105, -0.26874859216781827, -0.010047134751152521, -0.402690877521082, 0.10530942392016503, 0.6650240425419258, 0.5013647864676544, 0.11889146085577573, 0.2924893660422131, 0.012975442571586004]], "inverted": false, "swapped": false, "error_lsq": 0.05930859230617761, "error_max": 0.4561677907162984, "target": "607.xyz", "model": "21.xyz", "model_rescale": 4.08911054899281, "target_rescale": 3.96273813739473},
{"mapping": [5, 7, 12, 9, 8, 6, 0, 2, 1, 3, 15, 16], "R": [[0.7915993949486921, -0.5809562508189541, -0.18936798185345016], [0.4479813615617395, 0.34102215248365164, 0.8264481781749579], [-0.4155515583055299, -0.7390492041466531, 0.530210501819838]], "T": [-0.022421179688900242, 0.0894824560235115, -0.04705100848553877], "aligned_model": [[-0.5373298052300529, 0.3919685177139073, 0.4135577529608116, -0.21000914625234535, -0.5890223592803023, -0.13271505539510964, 0.2788037067530282, 0.09970363679659024, -0.395766010727451, 0.670118089202682, -0.3097696474108995, 0.01696050374757472], [0.1722518861310457, -0.25488156287105823, 0.461651390293089, 0.6009078167147082, -0.3101327062435513, -0.5758674418138678, -0.5995771103935474, 0.1760420723118009, -0.2638534692106664, 0.5250149928715936, 0.5635248112912499, 0.06364723157939477], [-0.5221798149487573, -0.51126086317049, -0.5122199677727529, -0.506183306200467, -0.052781927432228065, -0.36439766906488186, 0.1387980697915845, 0.6592398603494348, 0.5577346910326811, 0.24446158761326436, 0.42646955221294636, -0.040175354331832974]], "inverted": false, "swapped": false, "error_lsq": 0.04265026915395547, "error_max": 0.2273473000935214, "target": "607.xyz", "model": "22.xyz", "model_rescale": 4.204369325754507, "target_rescale": 3.96273813739473},
{"mapping": [2, 0, 8, 5, 10, 1, 12, 13, 14, 7, 11, 15], "R": [[0.9495045676693497, -0.2575005415086803, 0.17926111429358588], [-0.3082805464530969, -0.871922736198273, 0.3804127321464113], [0.058345356744317275, -0.416466341044812, -0.9072770283232817]], "T": [0.08304139199853212, -0.030356357022005127, 0.004133442009812548], "aligned_model": [[-0.5735571354456744, 0.5177636099918094, 0.40609409290650944, -0.18516528510850916, -0.7002284528808949, -0.024371006760338945, 0.2062984751311432, 0.12322705583465521, -0.35832657829178216, 0.6154302641093674, -0.37771178593098365, 0.04704692932313223], [0.10961429830914121, -0.19939282388923746, 0.39721156601197893, 0.6229639671210091, -0.06374197447314955, -0.47585106849719866, -0.5141854688986408, 0.14823339450102663, -0.2631271029328541, 0.4110439342781564, 0.4105532449391369, -0.024594055809178117], [-0.5477831027841585, -0.5009581576114837, -0.5298092320334064, -0.43461520491201455, 0.06138540788427473, -0.4707522943730968, 0.2296465107390981, 0.6505239265042542, 0.5963758389437884, 0.13586582464228456, 0.3395711170347501, -0.011945775955789408]], "inverted": true, "swapped": false, "error_lsq": 0.04335239437895505, "error_max": 0.2163928433720445, "target": "607.xyz", "model": "23.xyz", "model_rescale": 4.410303926677745, "target_rescale": 3.96273813739473},
{"mapping": [13, 9, 15, 12, 7, 11, 10, 3, 1, 4, 0, 16], "R": [[-0.14740801583391405, -0.7646888239664256, 0.6273132226956113], [-0.9889109971332901, 0.10237073567750488, -0.10758843908937571], [0.018053160852061934, -0.6362163429036474, -0.7712994544309999]], "T": [0.026215117117517315, 0.06821080317424622, -0.17264496687495412], "aligned_model": [[-0.49124480301634565, 0.45891601410141963, 0.4867881525575958, -0.4276244169136558, -0.6143281164343344, -0.11677348780514862, 0.40670796634678963, 0.14830065303097625, -0.3307178109002418, 0.5235172203271311, -0.3684356747587647, 0.021394486343012237], [0.18546368015756942, -0.3058712188047827, 0.22621114058355668, 0.7304149560418071, -0.05748548240232987, -0.538516461082679, -0.3538188404146668, 0.15055241937258051, -0.3706760219256637, 0.33636110585795875, 0.4865883947730453, 0.06950423850379489], [-0.6338104661518695, -0.42809076975648863, -0.6943944884260577, -0.21376882927892937, -0.0468049635950451, -0.28290725544334705, 0.14500282218270666, 0.7148041667640567, 0.4725779319908001, 0.22063661965698383, 0.31684124784981166, -0.052581157714120697]], "inverted": false, "swapped": false, "error_lsq": 0.04275052457610826, "error_max": 0.24830726996700514, "target": "607.xyz", "model": "24.xyz", "model_rescale": 4.28219845311461, "target_rescale": 3.96273813739473},
{"mapping": [7, 5, 11, 13, 4, 3, 1, 6, 0, 10, 2, 15], "R": [[-0.8260767004266525, -0.1715553647692497, 0.5368109926511418], [0.31939480839305, 0.6422694159414954, 0.6967617625255688], [-0.46431050104836263, 0.7470333019116752, -0.47576990704662947]], "T": [-2.27234061327998e-05, 0.1440783372037946, -0.14158559945852525], "aligned_model": [[-0.5671468175905058, 0.675464698022148, 0.43426156744583444, -0.39669562949441806, -0.629191469577446, -0.2006550948597082, 0.1211398866322059, 0.2666177347660044, -0.29153009030040955, 0.6754230448800435, -0.35926445728740936, -0.03192318975790617], [0.07581129622417665, -0.3086805893162452, 0.4048724600477256, 0.5523381990333172, -0.2054830301515933, -0.5378959680152892, -0.47000906629513906, 0.1964464145669727, -0.1608524977069845, 0.4124164045415788, 0.4824222181041805, 0.1173420696274906], [-0.6700322653214735, -0.3945812098211058, -0.3412369241670353, -0.31155897305397423, -0.01273641506234402, -0.4493241953571985, -0.007072843040011573, 0.7176917629222478, 0.5566942964304992, 0.17696190806523163, 0.3330182556492466, -0.08031853916558092]], "inverted": false, "swapped": false, "error_lsq": 0.042479650525125943, "error_max": 0.2375875581549661, "target": "607.xyz", "model": "25.xyz", "model_rescale": 4.100010024507729, "target_rescale": 3.96273813739473},
{"mapping": [3, 9, 7, 2, 1, 8, 10, 4, 0, 5, 6, 11], "R": [[-0.021760228906688273, -0.9219460034971242, 0.386706683512982], [-0.4674434858136153, -0.3325337245075024, -0.8190957878267873], [0.8837551018287506, -0.19858723196834577, -0.42372164364215026]], "T": [-0.09025820240310622, 0.06258091990114802, -0.04495432673501465], "aligned_model": [[-0.35031553609431776, 0.6705686376087726, 0.3132242146131215, -0.49481303627018625, -0.7696175654529064, -0.1860192860100592, 0.1510254934586388, 0.45185867396741375, -0.38177648310822, 0.4451657753284799, -0.18099590833042245, 0.028195203168118757], [0.10531349372225603, -0.23684775440254408, 0.2237160821598762, 0.6497644024822733, -0.1313696075049695, -0.4082124526015072, -0.5206855398194983, 0.15436916100236747, -0.37695324557169796, 0.5686130526345605, 0.4795415604320965, 0.05147875812697761], [-0.8121672937655433, -0.1488576022424721, -0.564370966185416, -0.24321736051428022, -0.045730544269252535, -0.4271077569548839, 0.08382757265590546, 0.6358714890079408, 0.4987977172433743, 0.10146566859653161, 0.4433003518027802, -0.00430641729618321]], "inverted": true, "swapped": false, "error_lsq": 0.056669918541397295, "error_max": 0.28506495784861735, "target": "607.xyz", "model": "26.xyz", "model_rescale": 3.6694154284099745, "target_rescale": 3.96273813739473},
{"mapping": [1, 7, 3, 6, 0, 5, 8, 10, 4, 9, 2, 13], "R": [[-0.6875237330672004, -0.6475906284193635, -0.32853842157768287], [-0.4841617337737514, 0.7459932905756088, -0.45725422465557475], [0.5412010088853646, -0.1553073996936064, -0.8264266934107793]], "T": [0.036238651535363875, 0.0980044982340579, 0.024690118593889372], "aligned_model": [[-0.4635670029594391, 0.37601997168765144, 0.469220086072971, -0.2694451498023911, -0.5968358445878384, -0.23987258638123948, 0.3414623533721449, 0.1783496487002065, -0.3339190412979934, 0.685017129052351, -0.44442048624722313, -0.005508894730767058], [0.06257155134525862, -0.12543125458583282, 0.45417454510196625, 0.5776113752639245, -0.09065258837862626, -0.5164511258174039, -0.41412898440845325, 0.06570659871361591, -0.33756155209397554, 0.27631807820922766, 0.47824731333487347, 0.12832395397561613], [-0.7023487164799644, -0.45567811886131654, -0.5571184370267809, -0.35966009788809733, 0.0010568970126194413, -0.39026213177817426, 0.25472268199210485, 0.6083441514455593, 0.6152797124125152, 0.13493661412790503, 0.31881907166310025, 0.04941323145903036]], "inverted": true, "swapped": false, "error_lsq": 0.04530180964410338, "error_max": 0.24191536138035874, "target": "607.xyz", "model": "27.xyz", "model_rescale": 4.103607728864725, "target_rescale": 3.96273813739473},
{"mapping": [9, 1, 7, 6, 10, 0, 2, 13, 12, 8, 11, 14], "R": [[0.6706294083188632, 0.6805103505424032, -0.29523187413039775], [0.06878981504443876, 0.33923012304007616, 0.9381848884779411], [0.7385960723183161, -0.6494833226703134, 0.18068551554866336]], "T": [-0.13725775054210657, 0.05640650272330898, -0.005244222873268159], "aligned_model": [[-0.6269229766208704, 0.5673747964232426, 0.3612802138666127, -0.3475974460270076, -0.6448420653761936, -0.013645748904627858, 0.20042955164322704, 0.057898485520239795, -0.2634711098668816, 0.5838662757957123, -0.13981301416425862, -0.03805677941076105], [0.045864231844975276, -0.29300965093206516, 0.4600908828525126, 0.5511334900418148, 0.08208019545951993, -0.4506281700512415, -0.567329415847891, 0.1705825928973656, -0.5052256862362747, 0.4076284876141853, 0.7034304303914198, -0.045889477374130155], [-0.6611716220166126, -0.43450190468767413, -0.33475911608189796, -0.3403109078390278, 0.033152406424747774, -0.4924070854123036, 0.19031010732428544, 0.60200399401357, 0.6318845626773122, 0.16476528502045412, 0.22587207060696235, -0.06733293195131498]], "inverted": false, "swapped": false, "error_lsq": 0.055033635545377844, "error_max": 0.31770843946095084, "target": "607.xyz", "model": "28.xyz", "model_rescale": 4.137296879288765, "target_rescale": 3.96273813739473},
{"mapping": [6, 1, 2, 3, 10, 9, 7, 5, 4, 8, 11], "R": [[0.7095734703093562, -0.1130512717516802, 0.695503343046218], [-0.526314037486723, 0.5712492492225344, 0.6298157105115076], [-0.46850722958942875, -0.8129536919271716, 0.3458428409038125]], "T": [-0.009129024645832526, -0.028501675889802038, 0.011684692476925333], "aligned_model": [[0.3311977439780967, 0.13498463161835556, -0.16052427118125973, -0.4810932046866838, 0.0019918622353840704, 0.41088491163942537, 0.6228257342045621, -0.33591545929430056, -0.4195954234391272, 0.1739620505917001, -0.057299564956254406], [-0.4011897785145433, -0.7377231426758603, -0.39319302198963885, 0.24508359067845745, 0.7199147509072632, 0.04875450020369322, 0.44693748214816204, -0.47841442853343474, 0.14357803174645833, 0.3425037265867633, -0.017103893909368388], [0.3533334067959307, -0.1699633168707617, -0.684346892798698, -0.4016276551331343, -0.1288491929617791, -0.5501385926035531, 0.018264513945464748, 0.4121707606342505, 0.33528171236478915, 0.6412245522901949, -0.019595273879704913]], "inverted": false, "swapped": true, "error_lsq": 0.04158433837632907, "error_max": 0.19248783077109075, "target": "607.xyz", "model": "29.xyz", "model_rescale": 3.607286011436655, "target_rescale": 3.96273813739473},
