[{"mapping": [10, 9, 8, 1, 6, 12, 3, 4, 7, 0, 5, 13], "R": [[0.4268739284174908, 0.8328616711117671, 0.35230680667613246], [-0.902931087564969, 0.4140617563228764, 0.1151881637129341], [-0.04994096861457335, -0.36727959205995875, 0.9287688630171174]], "T": [-0.08493131613745843, -0.022083604554448882, 0.07265446593509112], "aligned_model": [[-0.20352656220063903, 0.3135845579783977, 0.5025914187343985, -0.31593264386335485, -0.09917186356952688, -0.6410639120562056, 0.3198585019830509, -0.3400765865382429, 0.6720998602178384, 0.2519882653127521, -0.5787658484358322, -0.043942725102087334], [-0.427835798932241, -0.6458035132885115, -0.1881996186286011, 0.7040501182107132, 0.35011113327726195, -0.5484478248914828, -0.3501429878626724, -0.3242975897669125, 0.041320097981538045, 0.3221198465905273, 0.17782029140892008, -0.057139118121482244], [-0.4697086145231882, -0.1894193334501832, -0.6678944749203966, -0.08506783759509418, -0.6245391827299236, 0.10370049912095142, 0.6162285839185662, 0.598230408387723, 0.016398443136198648, 0.45840596643425596, 0.41111669557621805, 0.014500591998435161]], "inverted": true, "swapped": true, "error_lsq": 0.0440567137585654, "error_max": 0.2750296621515597, "target": "608.xyz", "model": "0.xyz", "model_rescale": 3.751011558992144, "target_rescale": 4.022560472559146},
{"mapping": [7, 12, 3, 1, 6, 11, 13, 0, 2, 8, 5, 9, 10, 14], "R": [[-0.7417228263196665, -0.6249886904505997, -0.24338526193097798], [-0.11016942054818629, 0.4714798212201811, -0.8749682719723404], [0.6615965142686615, -0.6221703263504543, -0.41856198742423606]], "T": [-0.12447207930225347, -0.01844277570165713, 0.06660237340826165], "aligned_model": [[0.19022245505292623, 0.6048500857280229, 0.24756583047776543, -0.44938526467152057, 0.028454680421258247, 0.4588143080278074, 0.2202275082537285, -0.24643745236508877, -0.35949115151290906, -0.7572737022851103, -0.2678130976342799, 0.2070868318081635, -0.2190551735862487, -0.07218863926674121], [-0.18082839900864434, -0.14747223977573598, -0.6855108802032204, -0.11761839557894709, 0.37453821454776015, 0.501077906393763, -0.33737079919613516, -0.6681557002085634, -0.6922314821055191, -0.1067067290116452, -0.021329948103476534, 0.2738918879568228, 0.7679464916041169, -0.007350170432807149], [-0.49400023378102204, 0.008158545047026233, 0.07032086180828868, -0.5419049542641238, -0.5546102252511631, -0.09651182020232406, 0.6206504836561177, -0.3055563051171919, 0.48434980524711974, 0.24601762536925742, 0.6744930409585048, 0.5552727676631746, 0.2789692886064953, 0.07873532233957943]], "inverted": true, "swapped": false, "error_lsq": 0.03591144878104891, "error_max": 0.29755078749661223, "target": "608.xyz", "model": "1.xyz", "model_rescale": 3.9405287249114394, "target_rescale": 4.022560472559146},
{"mapping": [9, 4, 0, 11, 5, 7, 10, 12, 1, 2, 6, 8, 13], "R": [[0.28092744039463474, 0.9231654793725059, 0.26238382367869045], [-0.8829043552688411, 0.35577267971243726, -0.30644036910554584], [-0.3762441663077723, -0.14557231215159944, 0.9150131306457883]], "T": [0.0018971166302488435, 0.027365385259193263, -0.1172256518229777], "aligned_model": [[-0.3187533290003492, 0.35774437754522187, -0.3411626609781454, 0.5120503849955631, 0.49174104829045207, -0.7571475870044263, 0.12337274944768502, 0.6345804796768547, 0.09598884662990263, -0.5145765229298012, -0.11950895986141728, -0.6292289397917266, -0.03911660773588223], [0.5723190158372083, 0.44912484715041096, -0.07888067877057289, -0.3191127322366259, -0.12186523592490525, 0.09156724774935715, 0.17260326277572935, 0.41261421336824555, -0.7349441368980665, -0.4717496783442756, -0.5725140733141267, 0.014290113348306176, 0.04538042883133246], [0.3483201945063863, -0.47521190345200637, -0.6190391661363288, 0.18016944808992755, -0.48624318273717704, -0.12042413697192894, 0.543839410210608, 0.0792475408409429, -0.24188142005225066, -0.03262818948984968, 0.38299020115681015, 0.6057537158598604, -0.051772162236349964]], "inverted": false, "swapped": true, "error_lsq": 0.05121992692085583, "error_max": 0.3007060636282127, "target": "608.xyz", "model": "2.xyz", "model_rescale": 3.932901565614263, "target_rescale": 4.022560472559146},
{"mapping": [7, 0, 4, 9, 8, 3, 2, 5, 6, 12, 10, 1, 11, 13], "R": [[-0.4414518615166125, 0.30789215478404575, -0.842806427945323], [0.26480836791105755, 0.9421537315829023, 0.20548205359275215], [0.8573195333408657, -0.13247175958237253, -0.4974479376430769]], "T": [0.02590537251425731, 0.004067881767742504, 0.04241616548953474], "aligned_model": [[0.16232242075905115, 0.6726028672711298, 0.42323250462239503, -0.47437950331489886, -0.07996957724470546, 0.37106371887083633, 0.3735867836543651, -0.3557380068157164, -0.26545519896919206, -0.7008188380628826, -0.46130946496145053, 0.3131371204662443, -0.3178456272160779, -0.07485198061132436], [-0.26467703043047064, -0.11342142601027719, -0.772139596056421, -0.07465520894864391, 0.5117920501516977, 0.3525118416229108, -0.5283536652275013, -0.5782944195783689, -0.4592811982450492, -0.20908230948197204, 0.1565244727423511, 0.16116825600261545, 0.8173002776906736, -0.0465122873537754], [-0.6048157160358538, 0.17252743316468055, -0.011058183485917542, -0.489853181170134, -0.4770002275750922, -0.09949225872150584, 0.5807885141675797, -0.13647532854840322, 0.45120573007979664, 0.14023604021230257, 0.5449339565309594, 0.7069355529387367, 0.17731249150797285, 0.0691393790146174]], "inverted": false, "swapped": false, "error_lsq": 0.04318729080662298, "error_max": 0.29406575763708703, "target": "608.xyz", "model": "3.xyz", "model_rescale": 3.9243930471874484, "target_rescale": 4.022560472559146},
{"mapping": [8, 10, 6, 2, 1, 9, 7, 11, 5, 4, 0, 3, 13], "R": [[-0.9325448826017021, 0.2932708123657753, -0.2105997923733452], [-0.32967026833086305, -0.9294885459750933, 0.1654344494951508], [-0.1472329993990295, 0.22370353934487736, 0.9634724543922055]], "T": [-0.018051691120059055, 0.07194809560230583, -0.06217807427452078], "aligned_model": [[-0.11790724633145773, -0.2328453049805282, 0.5137563807460122, 0.4433977331717892, 0.7570977397479661, -0.6274332254258086, -0.11667886875984995, 0.31511210351220187, 0.19540572117503271, -0.37864753792637973, 0.12936126650408183, -0.5580212362017822, -0.04539163891992526], [-0.7987808514019995, -0.07623456478347282, -0.2978272835666086, -0.4764604095784768, 0.1396658629101028, -0.3609619288207456, -0.6096042670006551, 0.3813608225881071, 0.6544573735693354, 0.5799234389506369, -0.04279371578983708, 0.025603785803869114, 0.009481290801331636], [-0.45339437872459293, -0.6983879368836495, -0.5152310992707063, 0.03441456507033605, -0.05406724234360259, -0.3025260703114928, 0.26345980502000665, -0.5740500689225079, 0.054053023216395546, 0.14899521704575613, 0.5259535240306605, 0.4605414230714872, -0.10269044562712629]], "inverted": true, "swapped": true, "error_lsq": 0.044966289944048686, "error_max": 0.29008643630431197, "target": "608.xyz", "model": "4.xyz", "model_rescale": 3.8936222436046832, "target_rescale": 4.022560472559146},
{"mapping": [8, 7, 6, 10, 1, 0, 3, 4, 12, 9, 11, 13], "R": [[-0.589291447860696, 0.6255690932424216, 0.5112718445779105], [0.7780822865918862, 0.6098275783822773, 0.15065948339334495], [-0.21753975445924076, 0.4865939110020408, -0.8461104071015505]], "T": [-0.13751367390153957, 0.07147579137071798, 0.05943076796504699], "aligned_model": [[-0.057156042908064364, -0.5163126088195946, -0.25608254977010053, 0.4095886466972377, -0.6075787899960488, -0.6874605873791539, -0.18987248803047468, 0.08979590114556224, 0.5514045906646833, 0.28543148315759215, 0.11596990927464657, -0.11017942182118767], [-0.616151032519278, -0.584126357359033, 0.15955049146832412, -0.06483117365017725, 0.5725970853096858, -0.03308835472626322, -0.36519149951514823, 0.23318302589674272, 0.3442318751908301, -0.5865389209289761, 0.596735714537602, 0.012552051405498726], [-0.6053265036262065, -0.02410462008209504, -0.7170967387451788, -0.3342148197881995, -0.3058422219627305, 0.3190839443167114, 0.6706024371591692, 0.6551182703895246, 0.2551406459914138, -0.008819765477278481, -0.29917120463737323, 0.013915295737761055]], "inverted": false, "swapped": true, "error_lsq": 0.04350160610855988, "error_max": 0.2923315855123812, "target": "608.xyz", "model": "5.xyz", "model_rescale": 3.6523030999806103, "target_rescale": 4.022560472559146},
{"mapping": [8, 10, 9, 7, 3, 6, 12, 2, 11, 5, 4, 0, 13], "R": [[0.340722614933855, 0.605270776633385, 0.7194132238333227], [0.5567204509289366, -0.746509310691418, 0.36439839265356944], [0.7576083679514879, 0.27635328115410973, -0.5913192241126954]], "T": [0.045043942781574434, -0.00977490561170814, -0.09794017813391685], "aligned_model": [[0.2537050358722199, -0.3051241603534949, 0.276400449042235, 0.7061610045117547, 0.6352065235758689, -0.25718926151607585, -0.4574337773842787, 0.29046766744814934, -0.6225823554392278, -0.2505775382150375, 0.03223008095057468, 0.5236073302697762, 0.0562119059018302], [-0.46521795810960526, 0.015719014743153698, 0.21519956254976358, -0.2850630205147705, 0.45714985963349675, -0.7003817436430733, 0.5557884610299247, -0.6888510624306577, -0.15696606185951759, 0.16055415607604862, 0.5954799490214374, -0.1353048092960449, -0.027279443036972342], [0.7207309414782196, 0.4933209708071419, 0.6178703823386905, 0.16171662623037686, -0.12323779468266492, 0.13981596854564043, 0.024374301470191442, -0.057438742106354954, -0.13478007533637093, -0.6289644191279301, -0.3551654471858638, -0.4667414358851238, -0.021391537064163288]], "inverted": true, "swapped": true, "error_lsq": 0.05388654965143194, "error_max": 0.3140332621289193, "target": "608.xyz", "model": "6.xyz", "model_rescale": 4.08911054899281, "target_rescale": 4.022560472559146},
{"mapping": [11, 8, 9, 13, 12, 10, 3, 1, 0, 2, 6, 4, 5, 14], "R": [[-0.9357579439207475, -0.008237646000708927, 0.35254675091054577], [-0.020857209337457615, 0.9992698430838705, -0.032011834089767766], [-0.3520256343050445, -0.03730846943395495, -0.9352465080932553]], "T": [-0.05868780846721429, 0.004267091291363503, 0.04862588108072643], "aligned_model": [[0.16187011044780747, 0.6009406780409916, 0.35101253162508594, -0.5507247409467344, -0.11137808781121007, 0.48035053612814943, 0.15954212207001517, -0.31524388085632754, -0.3402103939743966, -0.8088960770115805, -0.3113653359352204, 0.26513558405522614, -0.007523830231389937, 0.012068002847357498], [-0.10130792079970188, -0.06789415883486215, -0.6619304573127802, 0.052658440659022414, 0.4715949884733247, 0.381238002185494, -0.3541859711137306, -0.6350868496292081, -0.7134288644590034, -0.2723898210342346, -0.06503293522094744, 0.30615705657161246, 0.7463397167120911, -0.1338514693193068], [-0.48498369921464557, 0.20620756482632444, -0.0050748216136861715, -0.49123748749890306, -0.48693951080838305, -0.24566223267435358, 0.7196985565309338, -0.2030715142276113, 0.5874335759522896, 0.15249141897171745, 0.473472370876186, 0.5971241481888391, 0.21358555953458674, -0.00865972676355542]], "inverted": false, "swapped": false, "error_lsq": 0.04167651559413278, "error_max": 0.2354648951633532, "target": "608.xyz", "model": "7.xyz", "model_rescale": 3.964800864290218, "target_rescale": 4.022560472559146},
{"mapping": [12, 11, 9, 7, 2, 4, 10, 8, 5, 1, 3, 6, 0, 13], "R": [[-0.11567173952211293, 0.8594269477229518, 0.49800137570446484], [-0.0765516917203374, 0.49216230213193934, -0.867130962920218], [-0.990333220270169, -0.13842539466369858, 0.008861317143428804]], "T": [-0.04845070656539634, -0.009934508776567014, 0.08919668026746012], "aligned_model": [[0.2892895767766434, 0.7740969061412448, 0.28163534991227446, -0.35720077303954995, -0.187117652109477, 0.43970140467974345, 0.19916845055909294, -0.2969803038148552, -0.42491059692296645, -0.7707210434873445, -0.19374782740474866, 0.3188993568462375, -0.4270252427708121, -0.05951038691770896], [-0.24855857934306416, -0.11219933204629287, -0.5961900472458437, -0.12794401375313727, 0.5151409651017452, 0.42648487071305496, -0.6147586536267, -0.7147748120696531, -0.5773914403479222, 0.002307224561549498, 0.2096905588143501, 0.32881082976384024, 0.5494244532062822, -0.08716226685043985], [-0.5429939486119023, 0.09871798510964341, -0.05642050869638661, -0.5413588828267873, -0.2898494286678946, -0.16836697498430137, 0.5871992102193616, -0.09105527548340824, 0.5743165672355883, -0.11401648746516689, 0.7649305569259319, 0.3838343385990999, 0.3278559451390909, 0.09159110558686998]], "inverted": false, "swapped": false, "error_lsq": 0.048228545658249244, "error_max": 0.33718525818272094, "target": "608.xyz", "model": "8.xyz", "model_rescale": 4.121658175737393, "target_rescale": 4.022560472559146},
{"mapping": [0, 3, 4, 5, 7, 2, 9, 6, 10, 8, 1, 11, 13], "R": [[0.2784146671563432, -0.7490606346669907, -0.6011600774373724], [-0.9038709944885971, -0.41601261383134025, 0.09975334809123132], [-0.32481148137714716, 0.5155983618336089, -0.7928781942014056]], "T": [0.019333596954879087, 0.058042636553759734, -0.15766846214365343], "aligned_model": [[-0.5539121901108905, -0.22539695726225645, 0.23669493516497037, 0.1466537543894843, -0.546592309174907, -0.4964643892207397, 0.2049817502157923, 0.0019194722186470364, 0.5214408670849653, -0.07698487372367994, -0.22625904112039474, 0.4613119165858293, 0.02934456138837653], [0.16082254926478431, -0.28121474343974984, 0.1905845923443808, 0.6316937207904778, -0.4445355615464749, 0.009631588363605476, -0.7047132859188496, 0.10930440658498346, -0.28279325407753797, -0.6756208408531, 0.6491454775276253, 0.43848911557416437, -0.010406325202599438], [-0.3616797300592135, -0.7837371193407954, -0.7641741519418417, -0.3881132600241757, -0.07150585345631275, 0.34693673558999166, -0.17386317490911082, 0.6309250193108622, 0.16571454856571616, 0.4536014308257223, 0.2848129603981751, 0.20102769082797295, -0.1188696618279019]], "inverted": true, "swapped": true, "error_lsq": 0.04692638532566303, "error_max": 0.30727240588528665, "target": "608.xyz", "model": "9.xyz", "model_rescale": 3.833441315466971, "target_rescale": 4.022560472559146},
{"mapping": [12, 10, 11, 6, 1, 0, 8, 7, 9, 3, 2, 13, 5, 14], "R": [[-0.7818724888788056, 0.4840949023140562, -0.3928454361297923], [0.48247744101374385, 0.8689132368778342, 0.11047762529722606], [0.3948302547263718, -0.1031596448812681, -0.9129442248136954]], "T": [-0.053333962087924694, -0.06657485924774457, -0.030620339775745006], "aligned_model": [[0.22626905127410402, 0.736869131389482, 0.22317238461975114, -0.3709777255028247, 0.09354903296177579, 0.39900559066199526, 0.2877652892172442, -0.3201365184862631, -0.2956943938543885, -0.8330265826534027, -0.3196824089479235, 0.14707940842199185, -0.2772680879598944, -0.11134695269387372], [-0.1327176051668265, -0.21934180328004882, -0.6763046694439775, 0.03665298445588726, 0.49678279846666656, 0.44218269904215685, -0.5138236088584025, -0.6770650883124127, -0.48525562849859416, -0.2886683969030707, 0.08732858794540242, 0.4497501296199052, 0.5424002814302633, -0.10904092361917972], [-0.5602120215381474, 0.13669814512546896, -0.16142890154450307, -0.6219544415260441, -0.48522177859175575, -0.011187439720263023, 0.508989907632045, -0.03628186763459241, 0.6204387674535486, 0.28094944007318706, 0.6190122400145296, 0.5429034419511605, 0.1602670269439203, 0.03141168344118482]], "inverted": true, "swapped": false, "error_lsq": 0.04865028326860414, "error_max": 0.27869039944518637, "target": "608.xyz", "model": "10.xyz", "model_rescale": 4.2482417240324, "target_rescale": 4.022560472559146},
{"mapping": [4, 3, 9, 7, 11, 6, 10, 2, 0, 1, 5, 13], "R": [[-0.16544425989039108, -0.9861942944073285, 0.007000753370349], [0.616873465709368, -0.09794314861681633, 0.780944471100691], [-0.7694773058206685, 0.13352135903089046, 0.6245612239880971]], "T": [-0.09291786461236243, 0.014305969418541571, -0.023374895671728284], "aligned_model": [[-0.5960209426430126, -0.022451851454777155, 0.1993493150535783, 0.6180521194185195, -0.44533526383642275, 0.2533220721423971, -0.09870088650966222, 0.5215834277227404, 0.15021856801265882, -0.05148677406106051, -0.6081792696379587, -0.043584911843993136], [-0.40644730142782826, -0.7342288027324672, -0.2929261526429834, -0.25829378753852406, 0.5925440502862813, 0.7190233188951173, 0.2587200081954626, 0.31636947285326616, -0.2466971918287858, 0.6036411358193351, 0.09416136229164071, 0.020265277880124916], [-0.0735391369101622, -0.06437262051875142, 0.6374673106540134, -0.04555655215591722, 0.07757057048702898, 0.06774076347853586, 0.6193425546762944, -0.2561052102436233, -0.5269193974104865, -0.5298091442745129, -0.3790708255408531, 0.03844397761279044]], "inverted": false, "swapped": true, "error_lsq": 0.05151701327238865, "error_max": 0.26834381503752364, "target": "608.xyz", "model": "11.xyz", "model_rescale": 3.6694154284099745, "target_rescale": 4.022560472559146},
{"mapping": [12, 2, 1, 5, 7, 10, 3, 0, 4, 6, 11, 8, 9, 13], "R": [[-0.2870944475440619, 0.9409260344812826, -0.17954101432457895], [-0.1679214233047589, 0.135092973010476, 0.9765000175312315], [0.9430690185689881, 0.31049651572685893, 0.11921719648107212]], "T": [-0.07109045731525906, -0.04949905099748152, 0.019731155599661904], "aligned_model": [[0.28499835427441444, 0.5646412621409785, 0.40173158044499324, -0.5080849133486439, -0.299001598454684, 0.32808852804887634, 0.3083377770668878, -0.32852666298404154, -0.26783649743789617, -0.6346440945362163, -0.44577654394596256, 0.30391263928017775, -0.03626497299084139, -0.0859976391102689], [-0.17619776468371356, -0.1376760910745483, -0.7485967285468768, -0.074253588911944, 0.5524218781342349, 0.3887938079818588, -0.45515798794265583, -0.6805124733175006, -0.5584097776731748, -0.09663505897228616, 0.2068839171116087, 0.20230035292412668, 0.7002140020088643, -0.17029473016022417], [-0.5449959417468327, 0.13966265218325385, 0.08434734517198739, -0.6533170230067509, -0.35163527434154973, -0.20848868297669418, 0.677548715743414, -0.19541187888738862, 0.5197106729008929, 0.013380708300520551, 0.6018881439249905, 0.6268288322873975, 0.30504465104557144, 0.00982128148092697]], "inverted": false, "swapped": false, "error_lsq": 0.042574528219522075, "error_max": 0.21738850133994306, "target": "608.xyz", "model": "12.xyz", "model_rescale": 3.9764082729961374, "target_rescale": 4.022560472559146},
{"mapping": [13, 10, 1, 6, 14, 11, 2, 9, 0, 4, 7, 8, 3, 15], "R": [[-0.4069242221048268, -0.7312651573682045, 0.5474156986090524], [-0.3689594004616388, 0.6797948045572415, 0.6338359286976165], [-0.8356324779921911, 0.055949024265282976, -0.5464321260764169]], "T": [-0.060457036421423915, -0.19052865837250874, -0.03203460281769832], "aligned_model": [[0.12423294684966085, 0.7421940536294525, 0.4155687459840395, -0.5140078041624638, -0.10968563331468817, 0.4392333050402408, 0.11915372203198693, -0.13172535339807662, -0.4425532499707806, -0.7686741088025142, -0.4365619473673312, 0.37212036516850006, -0.09058814630708956, -0.1331296769331627], [-0.04798630267222184, -0.14781553428995442, -0.5300475163528688, 0.04286535278145359, 0.5112393398089368, 0.41670541037845343, -0.36895543800967756, -0.7845451466761879, -0.5844700071761868, -0.14947098111882093, -0.01850484494168883, 0.14782677113864787, 0.5805874913037733, -0.11454883729588873], [-0.597765840330387, -0.023448822159325478, 0.21585444055044678, -0.6007856400371561, -0.41138439068029414, -0.1421302301036499, 0.7243802130487145, 0.027667701461973976, 0.4432764856246443, 0.08024436807942785, 0.6004103374720313, 0.4129881287394428, 0.30399433528004227, -0.008916884866172384]], "inverted": false, "swapped": false, "error_lsq": 0.047166067638594766, "error_max": 0.30406948832187985, "target": "608.xyz", "model": "13.xyz", "model_rescale": 4.170626492500431, "target_rescale": 4.022560472559146},
{"mapping": [4, 2, 0, 12, 5, 6, 1, 8, 7, 10, 9, 3, 11, 13], "R": [[0.4459444118927539, 0.07644846736320438, 0.8917898930462506], [0.8563862024138768, -0.32615615168747436, -0.4002809476249848], [0.2602618946691283, 0.9422196116374539, -0.21091692589501032]], "T": [0.031293628305735996, -0.12138452097799159, 0.07909551690706094], "aligned_model": [[0.1836206025532171, 0.6718310584579048, 0.2962332929064869, -0.46148804573675234, -0.15286768371166076, 0.40479412570879786, 0.06641652445241525, -0.35198636123931726, -0.33650563477020845, -0.5274692659855235, -0.4218840450618504, 0.40493168673809365, -0.20688798063906022, 0.016838944775231665], [-0.3317070277592085, -0.217111962184585, -0.6190385031774986, 0.0007793805150984184, 0.5705638886904748, 0.5865237852497053, -0.3603269996991635, -0.629185902113788, -0.7893275759541521, -0.16585699225808181, 0.1234629646531127, 0.2759341024099438, 0.5309741061546247, -0.022803507648713334], [-0.5809227151523972, -0.0370088534260061, 0.2740465226754253, -0.44811252939538515, -0.481718033098231, -0.17946293962373178, 0.8088128210216051, -0.30403696636190564, 0.354786612662281, 0.14339584533799143, 0.7043843650445804, 0.5010032286520556, 0.21084297949083086, 0.058373864252626396]], "inverted": true, "swapped": false, "error_lsq": 0.0456437971082241, "error_max": 0.3148589646589836, "target": "608.xyz", "model": "14.xyz", "model_rescale": 3.9786697098870705, "target_rescale": 4.022560472559146},
{"mapping": [2, 0, 8, 6, 7, 9, 5, 4, 10, 11, 3, 13], "R": [[0.41992711383233283, 0.10040726063103689, -0.9019864749989426], [0.9051475827674369, 0.026049506588604526, 0.42429857013282046], [0.06609895974001956, -0.994605351493275, -0.07994449513397411]], "T": [-0.054277410806712674, -0.04885669604753121, 0.09263868745997492], "aligned_model": [[-0.012547313067444756, -0.5702080699229083, 0.6500343507227538, 0.40658149504598284, -0.07344429677179026, 0.43392106111952344, -0.4185458685570372, -0.37754574858958745, 0.6171006201908498, 0.23545856429961476, -0.4184811397962701, 0.011030942093650208], [-0.3104642308821932, 0.009106772171507398, 0.1533067358196175, -0.5753414874334803, 0.30611158014468853, 0.5569644523456756, -0.3608112245779221, 0.21617881268238673, 0.008401350898015213, -0.5794244724479962, 0.6098220647046356, -0.01917586320049538], [-0.5802934743289431, -0.24090416078894564, -0.5272525266351523, -0.27510243498238485, -0.5810905793451948, -0.013035770031931751, 0.5029844643639311, 0.6004932277077032, 0.22986274595261447, 0.41403904208659603, 0.0714605974561475, 0.058805362419390834]], "inverted": true, "swapped": true, "error_lsq": 0.0503773916671042, "error_max": 0.2915184106786141, "target": "608.xyz", "model": "15.xyz", "model_rescale": 3.769337070930944, "target_rescale": 4.022560472559146},
{"mapping": [9, 3, 10, 12, 8, 7, 6, 0, 11, 5, 13], "R": [[-0.4692850319548385, 0.8527006511772411, -0.22950633600198267], [-0.10468853863036356, -0.31179347729271223, -0.944364938674217], [-0.8768191767192282, -0.41914964750030226, 0.23558799701552546]], "T": [-0.03384663126624846, -0.011072669684549459, 0.13230933825179383], "aligned_model": [[-0.19910469415049112, -0.3797208778158154, -0.11643161140867708, -0.6830063324536513, 0.46597551175670204, 0.3667865993015195, 0.5899462097563728, 0.17497544607606383, -0.017559409358191287, -0.26591334763586266, -0.013321363376798616], [0.02293819908244784, -0.6336031243918949, 0.5334084266110523, 0.39517004160171526, 0.19930138446192713, -0.459842498175601, 0.4726654929276409, -0.5672093435018928, 0.602808278649568, 0.018544754113609778, 0.011882886246769524], [-0.6345394970835978, -0.1121848663988573, -0.27948848047359476, 0.1617228513364606, -0.6595939453701993, -0.3350017221472209, 0.09119265889747832, 0.299343407626509, 0.4350174422965787, 0.7185333919772573, 0.05921636656296293]], "inverted": true, "swapped": true, "error_lsq": 0.04488428063203924, "error_max": 0.2653148293235385, "target": "608.xyz", "model": "16.xyz", "model_rescale": 3.7852294659196426, "target_rescale": 4.022560472559146},
{"mapping": [9, 6, 2, 8, 10, 11, 5, 1, 7, 3, 4, 0, 13], "R": [[-0.15575725524641496, -0.6076140784324946, -0.778809867123378], [0.12534149049480087, 0.7699020278911901, -0.625731874055953], [0.9798107920403024, -0.1950794687804526, -0.0437585724366269]], "T": [-0.04696661295296212, 0.21040269716869286, -0.0026345815718317673], "aligned_model": [[0.036347941231709285, -0.32763439822542517, 0.2431706168032824, 0.05264935300590251, -0.49588187756171, -0.6833319190915649, -0.2584396219125146, -0.17456205079886644, 0.5792063752352827, 0.4976832938723925, -0.0649096611229194, 0.49738881548928116, -0.04792101670856703], [-0.12336948568504874, -0.43923491447447804, -0.32916056309525943, -0.6904813764820595, -0.15112653428241124, 0.16656981483797717, 0.712449168391969, 0.08574860771480539, -0.20606003195863543, 0.5352399572726587, 0.829119099559136, 0.3403228694006334, 0.14503901250358683], [-0.708452488550567, 0.3495120748774722, 0.38169532071552736, -0.3183476999148663, -0.377640030442919, 0.24609250611499464, 0.3161432423419076, 0.7547879451608513, -0.12407244914833274, -0.4085752311936706, -0.22518914473839255, 0.2573518731806011, -0.047551221259432]], "inverted": false, "swapped": true, "error_lsq": 0.034101602957995664, "error_max": 0.20329419484855393, "target": "608.xyz", "model": "17.xyz", "model_rescale": 3.901054581598922, "target_rescale": 4.022560472559146},
{"mapping": [7, 12, 3, 1, 6, 11, 13, 0, 2, 8, 5, 9, 10, 14], "R": [[-0.7417228263196665, -0.6249886904505997, -0.24338526193097798], [-0.11016942054818629, 0.4714798212201811, -0.8749682719723404], [0.6615965142686615, -0.6221703263504543, -0.41856198742423606]], "T": [-0.12447207930225347, -0.01844277570165713, 0.06660237340826165], "aligned_model": [[0.19022245505292623, 0.6048500857280229, 0.24756583047776543, -0.44938526467152057, 0.028454680421258247, 0.4588143080278074, 0.2202275082537285, -0.24643745236508877, -0.35949115151290906, -0.7572737022851103, -0.2678130976342799, 0.2070868318081635, -0.2190551735862487, -0.07218863926674121], [-0.18082839900864434, -0.14747223977573598, -0.6855108802032204, -0.11761839557894709, 0.37453821454776015, 0.501077906393763, -0.33737079919613516, -0.6681557002085634, -0.6922314821055191, -0.1067067290116452, -0.021329948103476534, 0.2738918879568228, 0.7679464916041169, -0.007350170432807149], [-0.49400023378102204, 0.008158545047026233, 0.07032086180828868, -0.5419049542641238, -0.5546102252511631, -0.09651182020232406, 0.6206504836561177, -0.3055563051171919, 0.48434980524711974, 0.24601762536925742, 0.6744930409585048, 0.5552727676631746, 0.2789692886064953, 0.07873532233957943]], "inverted": true, "swapped": false, "error_lsq": 0.03591144878104891, "error_max": 0.29755078749661223, "target": "608.xyz", "model": "18.xyz", "model_rescale": 3.9405287249114394, "target_rescale": 4.022560472559146},
{"mapping": [5, 9, 8, 2, 10, 11, 7, 6, 0, 1, 12, 13, 14, 15], "R": [[-0.08087085236887392, -0.9966793787016481, -0.009493224322048466], [-0.46524957993644267, 0.04617021330893445, -0.8839746262037], [0.8814775854246639, -0.06707106286547443, -0.4674384867766026]], "T": [-0.09366216826330956, -0.042976184054340394, 0.23417301574608068], "aligned_model": [[0.2564108403738886, 0.6529090734740683, 0.12086535664658296, -0.31725786198498496, -0.23894423067863527, 0.35735519641597413, 0.4493787342909199, -0.31064035706608084, -0.37833694778203475, -0.7084099091109476, -0.4079939037112862, 0.34332737968803917, -0.13140494696898758, -0.10168120513874232], [-0.36263125848654093, -0.1240603757280668, -0.743853827578919, -0.09074318076266302, 0.48751335621344244, 0.3897452235028987, -0.3722062165759143, -0.5858555645630967, -0.6513354136237428, -0.23222226645697985, 0.1647659048815901, 0.37923192128561733, 0.7289684112385864, -0.034436956468442165], [-0.4488585829170501, 0.07584872251265629, 0.04703503082739524, -0.6043068962301315, -0.3274122466614651, -0.12436390299347116, 0.538047517440899, -0.2311074366635577, 0.38091624611681874, 0.08655675852006489, 0.6318888021868404, 0.5207219577062387, 0.28332570163199644, 0.19609253060250453]], "inverted": true, "swapped": false, "error_lsq": 0.03468791077092904, "error_max": 0.16928611861529536, "target": "608.xyz", "model": "19.xyz", "model_rescale": 4.410303926677745, "target_rescale": 4.022560472559146},
{"mapping": [12, 11, 9, 7, 2, 4, 10, 8, 5, 1, 3, 6, 0, 13], "R": [[-0.11567173952211293, 0.8594269477229518, 0.49800137570446484], [-0.0765516917203374, 0.49216230213193934, -0.867130962920218], [-0.990333220270169, -0.13842539466369858, 0.008861317143428804]], "T": [-0.04845070656539634, -0.009934508776567014, 0.08919668026746012], "aligned_model": [[0.2892895767766434, 0.7740969061412448, 0.28163534991227446, -0.35720077303954995, -0.187117652109477, 0.43970140467974345, 0.19916845055909294, -0.2969803038148552, -0.42491059692296645, -0.7707210434873445, -0.19374782740474866, 0.3188993568462375, -0.4270252427708121, -0.05951038691770896], [-0.24855857934306416, -0.11219933204629287, -0.5961900472458437, -0.12794401375313727, 0.5151409651017452, 0.42648487071305496, -0.6147586536267, -0.7147748120696531, -0.5773914403479222, 0.002307224561549498, 0.2096905588143501, 0.32881082976384024, 0.5494244532062822, -0.08716226685043985], [-0.5429939486119023, 0.09871798510964341, -0.05642050869638661, -0.5413588828267873, -0.2898494286678946, -0.16836697498430137, 0.5871992102193616, -0.09105527548340824, 0.5743165672355883, -0.11401648746516689, 0.7649305569259319, 0.3838343385990999, 0.3278559451390909, 0.09159110558686998]], "inverted": false, "swapped": false, "error_lsq": 0.048228545658249244, "error_max": 0.33718525818272094, "target": "608.xyz", "model": "20.xyz", "model_rescale": 4.121658175737393, "target_rescale": 4.022560472559146},
{"mapping": [8, 10, 9, 7, 3, 6, 12, 2, 11, 5, 4, 0, 13], "R": [[0.340722614933855, 0.605270776633385, 0.7194132238333227], [0.5567204509289366, -0.746509310691418, 0.36439839265356944], [0.7576083679514879, 0.27635328115410973, -0.5913192241126954]], "T": [0.045043942781574434, -0.00977490561170814, -0.09794017813391685], "aligned_model": [[0.2537050358722199, -0.3051241603534949, 0.276400449042235, 0.7061610045117547, 0.6352065235758689, -0.25718926151607585, -0.4574337773842787, 0.29046766744814934, -0.6225823554392278, -0.2505775382150375, 0.03223008095057468, 0.5236073302697762, 0.0562119059018302], [-0.46521795810960526, 0.015719014743153698, 0.21519956254976358, -0.2850630205147705, 0.45714985963349675, -0.7003817436430733, 0.5557884610299247, -0.6888510624306577, -0.15696606185951759, 0.16055415607604862, 0.5954799490214374, -0.1353048092960449, -0.027279443036972342], [0.7207309414782196, 0.4933209708071419, 0.6178703823386905, 0.16171662623037686, -0.12323779468266492, 0.13981596854564043, 0.024374301470191442, -0.057438742106354954, -0.13478007533637093, -0.6289644191279301, -0.3551654471858638, -0.4667414358851238, -0.021391537064163288]], "inverted": true, "swapped": true, "error_lsq": 0.05388654965143194, "error_max": 0.3140332621289193, "target": "608.xyz", "model": "21.xyz", "model_rescale": 4.08911054899281, "target_rescale": 4.022560472559146},
{"mapping": [11, 5, 8, 15, 14, 9, 6, 1, 0, 4, 7, 10, 12, 16], "R": [[-0.3100153507870477, 0.9328103132923111, -0.1837264316637235], [0.8909282537904564, 0.35249484587239704, 0.28634634663512604], [0.3318694455268102, -0.07491530583863461, -0.9403458768330044]], "T": [-0.1266921647759707, -0.0534422310694081, 0.03408003609813046], "aligned_model": [[0.3051100754694446, 0.5756878093695204, 0.29252313941206465, -0.20903527728565224, -0.2876761808430097, 0.33058101117825145, 0.1468933488746251, -0.2533492811361526, -0.4945317734377558, -0.8074737359163665, -0.1425270936548535, 0.42945384723699065, -0.13851869234262248, -0.16155997847670922], [-0.38891826392703716, 0.006897765860360824, -0.6056433834280204, -0.05008114325380389, 0.48127963074650365, 0.46935799627533675, -0.4536691317287416, -0.7768016132764439, -0.5289405366920159, -0.15251655311872328, 0.09346371973237746, 0.2719026260108818, 0.6452405367756266, -0.05869189309853158], [-0.5015464073823939, 0.006684586876354835, 0.0243623137092664, -0.6902923355485849, -0.28211494016511757, -0.12444055058871226, 0.6002368370468895, -0.2670969223738253, 0.5226235672484758, 0.1481542092217697, 0.7297553085175675, 0.5198657362874443, 0.272138913681391, 0.06605388554921404]], "inverted": false, "swapped": false, "error_lsq": 0.04449520403898532, "error_max": 0.2793157689872205, "target": "608.xyz", "model": "22.xyz", "model_rescale": 4.204369325754507, "target_rescale": 4.022560472559146},
{"mapping": [5, 9, 8, 2, 10, 11, 7, 6, 0, 1, 12, 13, 14, 15], "R": [[-0.08087085236887392, -0.9966793787016481, -0.009493224322048466], [-0.46524957993644267, 0.04617021330893445, -0.8839746262037], [0.8814775854246639, -0.06707106286547443, -0.4674384867766026]], "T": [-0.09366216826330956, -0.042976184054340394, 0.23417301574608068], "aligned_model": [[0.2564108403738886, 0.6529090734740683, 0.12086535664658296, -0.31725786198498496, -0.23894423067863527, 0.35735519641597413, 0.4493787342909199, -0.31064035706608084, -0.37833694778203475, -0.7084099091109476, -0.4079939037112862, 0.34332737968803917, -0.13140494696898758, -0.10168120513874232], [-0.36263125848654093, -0.1240603757280668, -0.743853827578919, -0.09074318076266302, 0.48751335621344244, 0.3897452235028987, -0.3722062165759143, -0.5858555645630967, -0.6513354136237428, -0.23222226645697985, 0.1647659048815901, 0.37923192128561733, 0.7289684112385864, -0.034436956468442165], [-0.4488585829170501, 0.07584872251265629, 0.04703503082739524, -0.6043068962301315, -0.3274122466614651, -0.12436390299347116, 0.538047517440899, -0.2311074366635577, 0.38091624611681874, 0.08655675852006489, 0.6318888021868404, 0.5207219577062387, 0.28332570163199644, 0.19609253060250453]], "inverted": true, "swapped": false, "error_lsq": 0.03468791077092904, "error_max": 0.16928611861529536, "target": "608.xyz", "model": "23.xyz", "model_rescale": 4.410303926677745, "target_rescale": 4.022560472559146},
{"mapping": [7, 12, 0, 11, 14, 6, 2, 1, 3, 10, 4, 5, 15, 16], "R": [[0.6946499792740815, -0.6614590533295398, 0.2827248256925934], [0.17869756500765166, -0.2220337876990676, -0.9585239576454735], [0.6967988135429439, 0.7163608852306179, -0.03603464384104796]], "T": [-0.09845774635818033, 0.03513974776960985, -0.02319032187782917], "aligned_model": [[0.14777515639101724, 0.6938555980114094, 0.3538137910821543, -0.46800286514060535, -0.12027493817252444, 0.4576391762383584, 0.16126065662796463, -0.3746429692965753, -0.2957900255192807, -0.7191548613781442, -0.2614328762524537, 0.2605907613961039, -0.12956628711659357, -0.12049309842305715], [-0.3814566075391802, -0.07252203007364943, -0.5378591613747975, 0.008682168249241229, 0.5705407340114574, 0.5512694865819936, -0.4500732922572508, -0.7408010189862653, -0.6853568552733271, -0.1120375906220682, -0.05892353696899086, 0.21212039547967382, 0.7223518424148551, -0.07305477676392254], [-0.47898383985437337, 0.05941924602566585, 0.17048083660180235, -0.5364718121741084, -0.4367357052243591, -0.07077598307862557, 0.7048265791049695, -0.26396614850315897, 0.4780038533065351, 0.10664753371694809, 0.6389845632479054, 0.46195301038953324, 0.16677279691086067, 0.02422927161014419]], "inverted": true, "swapped": false, "error_lsq": 0.034958011401700614, "error_max": 0.1818450360424344, "target": "608.xyz", "model": "24.xyz", "model_rescale": 4.28219845311461, "target_rescale": 4.022560472559146},
{"mapping": [13, 14, 11, 7, 4, 2, 10, 9, 5, 3, 1, 6, 0, 15], "R": [[-0.05478227043739803, 0.8547882609957623, 0.5160774473948309], [0.09478725445558178, 0.5189714534749245, -0.8495198684379885], [-0.9939890740035813, 0.0023789371502882517, -0.10945346691420234]], "T": [-0.018655145223085444, -0.12962813163419368, 0.025340133873487145], "aligned_model": [[0.20434028477750346, 0.7382228601044433, 0.20647110548266337, -0.40023311381343607, -0.38673953058075183, 0.4183414646462419, 0.47239671694907726, -0.34182495873657504, -0.409324753653447, -0.7903716480840883, -0.48829276028148716, 0.43441486978301214, -0.04937816882703141, -0.02244514931835045], [-0.10268468749683995, -0.1882358717359876, -0.609200286391461, -0.1557169643491234, 0.4387458263354082, 0.3719949592828628, -0.37371726399164035, -0.6693383235836914, -0.6365340865449771, -0.07899681596654845, 0.035646980804944606, 0.3348149978351485, 0.6439205489958946, -0.057819256316219855], [-0.5246267250861, 0.08735176783205195, 0.15106121751994028, -0.6523497896492542, -0.2505466222123208, -0.13648774385298157, 0.5989195816835691, -0.22194080800914628, 0.5872158237186668, -0.01865366052494305, 0.42783491219633435, 0.6508137751663239, 0.28269729144227823, 0.043095181855320144]], "inverted": false, "swapped": false, "error_lsq": 0.04383451080542093, "error_max": 0.2884564937831928, "target": "608.xyz", "model": "25.xyz", "model_rescale": 4.100010024507729, "target_rescale": 4.022560472559146},
{"mapping": [4, 3, 9, 7, 11, 6, 10, 2, 0, 1, 5, 13], "R": [[-0.16544425989039108, -0.9861942944073285, 0.007000753370349], [0.616873465709368, -0.09794314861681633, 0.780944471100691], [-0.7694773058206685, 0.13352135903089046, 0.6245612239880971]], "T": [-0.09291786461236243, 0.014305969418541571, -0.023374895671728284], "aligned_model": [[-0.5960209426430126, -0.022451851454777155, 0.1993493150535783, 0.6180521194185195, -0.44533526383642275, 0.2533220721423971, -0.09870088650966222, 0.5215834277227404, 0.15021856801265882, -0.05148677406106051, -0.6081792696379587, -0.043584911843993136], [-0.40644730142782826, -0.7342288027324672, -0.2929261526429834, -0.25829378753852406, 0.5925440502862813, 0.7190233188951173, 0.2587200081954626, 0.31636947285326616, -0.2466971918287858, 0.6036411358193351, 0.09416136229164071, 0.020265277880124916], [-0.0735391369101622, -0.06437262051875142, 0.6374673106540134, -0.04555655215591722, 0.07757057048702898, 0.06774076347853586, 0.6193425546762944, -0.2561052102436233, -0.5269193974104865, -0.5298091442745129, -0.3790708255408531, 0.03844397761279044]], "inverted": false, "swapped": true, "error_lsq": 0.05151701327238865, "error_max": 0.26834381503752364, "target": "608.xyz", "model": "26.xyz", "model_rescale": 3.6694154284099745, "target_rescale": 4.022560472559146},
{"mapping": [9, 8, 7, 12, 11, 10, 5, 3, 1, 6, 0, 4, 2, 13], "R": [[0.24831919773189415, -0.9530408446249864, -0.17335144797284374], [0.6192761457298771, 0.29379782836203594, -0.7281345283528999], [0.7448722248598996, 0.0734573653641672, 0.6631511020167418]], "T": [0.04103206870616054, -0.08461300039657674, 0.07869344717130619], "aligned_model": [[0.28048229993362184, 0.6776862731634462, 0.17561007265031786, -0.49550540501230816, -0.1722864333771164, 0.3852997125382312, 0.1874273755309514, -0.25647105362330214, -0.49340759717029053, -0.6370842060016522, -0.14586671177261556, 0.43359862380184094, -0.3616476890008052, 0.007741956787454422], [-0.18583219732032738, -0.1238047109241824, -0.6971540266659167, 0.024146861962143717, 0.5157124290979135, 0.37388574759613225, -0.505425532641317, -0.6764583654012642, -0.553212195652251, -0.1909931295649987, 0.08527544982146676, 0.47135586961724174, 0.4545815910415866, -0.03919803408845809], [-0.5516094930166476, 0.11732796804099425, 0.025676688408120124, -0.4957903602532071, -0.4960065307444713, -0.10337633997656104, 0.7325005491261529, -0.38395347701627724, 0.6025595478490952, 0.08435188325381165, 0.689545396068254, 0.5394761350891515, 0.17485919731227115, 0.0888230379390529]], "inverted": true, "swapped": false, "error_lsq": 0.04368553660717761, "error_max": 0.2740831729959587, "target": "608.xyz", "model": "27.xyz", "model_rescale": 4.103607728864725, "target_rescale": 4.022560472559146},
