[{"mapping": [1, 6, 7, 9, 0, 3, 11, 5, 8, 10, 2, 12], "R": [[-0.4937228654623156, -0.749332382877571, -0.44129209384567675], [-0.3132899335382954, 0.6266455746122206, -0.713557805200455], [0.8112257082115006, -0.21404743350468217, -0.5441475411566314]], "T": [0.050989590241207465, -0.05765018878062454, -0.09656265122041685], "aligned_model": [[-0.36152918160249276, 0.25301026695822515, 0.2310300343589584, -0.004995926514192624, -0.1853747240318859, -0.4724772316233587, 0.3971167766471965, -0.1523651462228612, 0.6820986036463669, -0.0022058992076093367, -0.6302779144024093, 0.0836128044546115], [-0.2133370485136355, -0.7430800757182023, -0.40166130959896607, 0.73167061160883, 0.4294689151860438, -0.6569473924283211, -0.19693605674169395, -0.46250712545071393, 0.06283618744844231, 0.37256310830935774, 0.15057888887671728, -0.01909366700080105], [-0.5302543904870235, 0.02202942486005241, -0.48388626032954535, -0.050333421555574354, -0.6755002365492911, -0.04558596078622634, 0.5530136201224557, 0.5208544243008993, 0.014934970632926953, 0.5418465908115142, 0.28422129602479096, 0.030611688308583684]], "inverted": true, "swapped": true, "error_lsq": 0.04514700885102901, "error_max": 0.25463894463883874, "target": "609.xyz", "model": "0.xyz", "model_rescale": 3.751011558992144, "target_rescale": 3.9883754149431208},
{"mapping": [4, 8, 0, 2, 10, 3, 13, 5, 9, 6, 7, 12, 14], "R": [[0.34321796727287546, 0.4259442407629136, -0.8371218135384959], [-0.022951242098635916, -0.8871913198454158, -0.4608305572301805], [-0.938975328444366, 0.17737831251834024, -0.2947240519892138]], "T": [-0.017194913721698693, -0.07590216975710842, 0.07208375933224256], "aligned_model": [[0.5370044641241607, 0.16044911362852515, -0.6766042512663248, -0.4155151732800417, 0.7833312415527107, -0.7313213926704039, -0.23895598364171128, 0.2155995513281443, 0.29214848638280855, 0.09212527848848036, -0.4375364823008401, -0.38222144647378964, -0.02004685254013455], [-0.6309906700016489, -0.3765033231510331, -0.4226895173733459, 0.07670483704892447, 0.004524692038514383, 0.18953448463362818, 0.5680419678458459, 0.26970568507182124, 0.5036802556579154, -0.4295739114132582, -0.2677812598748739, 0.3816855616281295, -0.031443683545010745], [-0.029473005097002028, -0.49227410431892327, -0.07082313200521931, -0.6362877352150648, 0.23064965337046442, 0.017561799692552837, -0.18022591906971094, -0.39315595814502, 0.12288232521864158, 0.7252997572985935, 0.5476596253065891, 0.5296252356487716, 0.10400744790471345]], "inverted": true, "swapped": false, "error_lsq": 0.04257701037489728, "error_max": 0.31505838097866995, "target": "609.xyz", "model": "1.xyz", "model_rescale": 3.9405287249114394, "target_rescale": 3.9883754149431208},
{"mapping": [11, 6, 3, 7, 5, 4, 1, 0, 2, 9, 8, 4, 12], "R": [[-0.9223779275745289, 0.36157667139585364, 0.13594583268939087], [0.0878974951354271, 0.5391506691735972, -0.8376100442799023], [-0.3761555384043076, -0.7606437185910083, -0.5290823605978641]], "T": [-0.05374379215219213, -0.05860914104014909, 0.007724733604106002], "aligned_model": [[0.42796345585661, 0.06772636727182411, -0.5077124596328244, -0.5903357005517889, 0.6389377345601494, -0.6561727466000086, -0.1416327261238998, 0.5677360344581643, 0.30967845330177657, 0.15083409528429828, -0.39159268089026456, -0.6561727466000086, -0.04080052700244447], [-0.5826112443793493, -0.26020313420457053, -0.3956588933843184, -0.05197895330569597, -0.009562195629384526, 0.23665915692563672, 0.6893965262359956, 0.22161420764681605, 0.44033989939350016, -0.4763704775322701, -0.2252886961593666, 0.23665915692563672, 0.011899766032978744], [-0.02380639306563134, -0.4821329556067003, -0.0765936627248349, -0.5761716763924153, 0.22188117192451223, 0.21166518800712222, -0.23720258085133009, -0.4802995365330495, 0.2960713203381034, 0.6665148828886855, 0.6850472744909949, 0.21166518800712222, 0.05880777010680725]], "inverted": false, "swapped": false, "error_lsq": 0.05317433027431336, "error_max": 0.4072827607582016, "target": "609.xyz", "model": "2.xyz", "model_rescale": 3.932901565614263, "target_rescale": 3.9883754149431208},
{"mapping": [1, 2, 3, 4, 10, 7, 5, 6, 12, 11, 8, 9, 13], "R": [[-0.9794143060852879, 0.19832206589961507, 0.037629446086582384], [0.12884417702965092, 0.757687352196104, -0.6397726583463921], [-0.15539239067929372, -0.6217541592135643, -0.7676424756484024]], "T": [-0.12929340932680705, -0.1302756231478589, 0.04636719105856227], "aligned_model": [[0.33613940997096853, 0.15196780776029878, -0.3916275521068187, -0.41032960365299415, 0.5500930669267701, -0.78226803570997, -0.1490651981315313, 0.3368582284993481, 0.2789743781824032, 0.20143525794867034, -0.5070296725097698, -0.37428364958296845, -0.062407884262823204], [-0.6508665272061552, -0.2276049218214241, -0.5455015669853057, 0.0814938857934735, -0.04060836047140037, 0.15030145688705682, 0.5606057574878224, 0.2296644399362121, 0.4890688932847367, -0.4299455376478867, -0.19698365787106636, 0.4510346217796596, -0.035763364600113895], [-0.20086958259059243, -0.7318480674404547, 0.18584368075269295, -0.7532569313259342, 0.2550277723600893, -0.02177374235147933, -0.1513489689108826, -0.2998091544949527, 0.22763934503358343, 0.8200112884012366, 0.6721883149524811, 0.4229984705752562, 0.05064356562834314]], "inverted": true, "swapped": false, "error_lsq": 0.04930408675385094, "error_max": 0.2746596726843973, "target": "609.xyz", "model": "3.xyz", "model_rescale": 3.9243930471874484, "target_rescale": 3.9883754149431208},
{"mapping": [11, 9, 8, 1, 6, 7, 0, 5, 3, 10, 4, 2, 12], "R": [[-0.5059861651523558, -0.6008654359058059, 0.6188204332503402], [0.1691757719097458, -0.772637655512366, -0.6118910127490811], [0.845788128832011, -0.2049189625634492, 0.4925958382982596]], "T": [-0.0349809619817701, -0.12523491563082745, 0.05074987649719248], "aligned_model": [[0.5506660219092401, -0.10568090759679111, -0.4439575134801845, -0.34300833668528663, 0.6481723368594214, -0.8054040762318907, -0.06149260641172567, 0.3651616640107928, 0.1450700943924642, 0.17210971853154328, -0.43069639326855647, -0.5136352829431495, 0.0011518342457063346], [-0.5980944458011757, -0.6408678785550607, -0.5963024974468754, 0.1514917953092424, 0.08052158899617418, 0.09327515946733572, 0.7046896177607166, 0.3239194949442318, 0.32277533906785794, -0.5538130598010925, -0.038436731590195394, 0.6217495691861269, -0.03601283297167707], [-0.19329019474922832, -0.4254974930628755, 0.13542503579833037, -0.5312310199831258, 0.162474295595198, 0.010496540959412048, -0.13321956375047272, -0.40943410203707803, 0.5196014512498164, 0.5709055684808682, 0.4846192602163454, 0.30396660339596576, -0.01937039152376932]], "inverted": false, "swapped": false, "error_lsq": 0.05688984472058118, "error_max": 0.40744189192939034, "target": "609.xyz", "model": "4.xyz", "model_rescale": 3.8936222436046832, "target_rescale": 3.9883754149431208},
{"mapping": [4, 9, 8, 7, 11, 10, 2, 5, 3, 1, 6, 12], "R": [[-0.15733153323921772, -0.05097638264553661, 0.9862292821960688], [0.5224883969691851, -0.8517389687421703, 0.039326888493700696], [0.838005169244897, 0.5214807163629357, 0.16063996632354993]], "T": [-0.020540855860821286, -0.11489379958671947, -0.09790552842113026], "aligned_model": [[-0.17315505467101394, -0.5746457260865281, -0.3776281811869468, 0.411156719598491, -0.4598853180402424, -0.7159657409006687, -0.1947055549826145, -0.08111836543492089, 0.5246643455900359, 0.5014165725765762, 0.30793012950424314, -0.14051578375131393], [-0.5327319054107038, -0.680823442773052, 0.09193464583170613, -0.026472058684830962, 0.4916240995411722, -0.07299322677965583, -0.2905346651366266, 0.4660717291826793, 0.15972566908429914, -0.4052637263504414, 0.5250448842540787, -0.05665909764881752], [-0.7348927138285644, -0.06643685440448197, -0.6028390979074822, -0.4243968606438407, -0.08158388437195616, 0.23391998697555, 0.6710535862746405, 0.39734749062372837, 0.4150357066130002, 0.06254511400608265, -0.183204162261005, -0.06726359180015315]], "inverted": true, "swapped": true, "error_lsq": 0.05693878604466517, "error_max": 0.32668485315070855, "target": "609.xyz", "model": "5.xyz", "model_rescale": 3.6523030999806103, "target_rescale": 3.9883754149431208},
{"mapping": [5, 8, 9, 6, 0, 10, 2, 1, 3, 7, 11, 4, 12], "R": [[0.04576908102487082, 0.7041464868425733, -0.708578094700507], [-0.5084513445591285, -0.594145702044385, -0.6232721034654124], [-0.8598734915312564, 0.3888040763796684, 0.3308307252242448]], "T": [-0.10513798985641834, -0.04391969411023121, -0.0260198877594393], "aligned_model": [[0.43307181578228404, -0.10341042109563547, -0.5751213691761099, -0.34194594062234407, 0.8483277568625155, -0.8646650035180362, -0.12254313082505383, 0.37306625975459906, 0.30148845265941393, 0.10031566109352621, -0.49810811727194393, -0.3532669251938966, -0.01875248511773528], [-0.4514252876628936, -0.534270596673361, -0.5834856614888176, 0.08483663676250487, 0.12062274080637804, 0.10632689434865585, 0.7055834283538062, 0.31874653401081965, 0.24705463269017047, -0.35997585560260853, -0.13135604011370994, 0.37659402196524155, -0.06435632883057733], [-0.11642412617991921, -0.4878164994059432, 0.07716472926604029, -0.6176010434653518, 0.19979549578232964, -0.12202884485055432, -0.1449894834284093, -0.3755463797852316, 0.4562970001243993, 0.5438181241274711, 0.7566028613972436, 0.2751973892477134, 0.030976767759598754]], "inverted": true, "swapped": false, "error_lsq": 0.051405228725724075, "error_max": 0.3093170004892856, "target": "609.xyz", "model": "6.xyz", "model_rescale": 4.08911054899281, "target_rescale": 3.9883754149431208},
{"mapping": [5, 7, 13, 2, 4, 1, 0, 6, 8, 10, 11, 9, 14], "R": [[-0.6244302555723463, 0.5745922639582002, -0.5290846682008886], [-0.4179014521117156, -0.8180374090921764, -0.39518751707092026], [-0.6598827412872487, -0.02566179115239911, 0.7509302499074577]], "T": [-0.03506571045749441, -0.06949621833400026, 0.07404095049624324], "aligned_model": [[0.5477060632221598, 0.09445695181341515, -0.5734633946286272, -0.4250768101151129, 0.6548172023327484, -0.6966389462803629, -0.20580079391893974, 0.11825641385898722, 0.2898457435524233, 0.20054552587122823, -0.3820553828563156, -0.31372864177030524, -0.1304073777497147], [-0.5567451140346327, -0.47531414932702, -0.5306258226481229, 0.013673960025775658, 0.07403073698458394, 0.23542770352117415, 0.7239282544313501, 0.15285033156918898, 0.2446777491987187, -0.39130988015542084, -0.22044980609636183, 0.5373549244001827, 0.02739623069619261], [0.015161386774080826, -0.5723526226310361, -0.10866631278544822, -0.6267540315539373, 0.09167811124513617, -0.011330674641818722, -0.4013360792352402, -0.3457176758531212, 0.5848014016501037, 0.6742061035022492, 0.5227527115939288, 0.48469405127859266, 0.16830962124589668]], "inverted": false, "swapped": false, "error_lsq": 0.04312586401385549, "error_max": 0.24006973611605742, "target": "609.xyz", "model": "7.xyz", "model_rescale": 3.964800864290218, "target_rescale": 3.9883754149431208},
{"mapping": [5, 8, 1, 7, 10, 2, 12, 9, 11, 3, 0, 4, 13], "R": [[-0.559283390236736, -0.07541490785406917, 0.825539024564354], [0.35306344810061085, 0.8793471915553686, 0.3195226413245127], [-0.7500321933227999, 0.47017136065167575, -0.4651780310830915]], "T": [-0.10521118622194967, -0.01210847114798206, 0.13191219705829413], "aligned_model": [[0.4203550413410484, 0.19014988679568198, -0.526920325072133, -0.5087479584236739, 0.7107516156501311, -0.751761722326464, -0.15832080224829073, 0.36354551859012274, 0.3109215872530511, 0.06537531625510887, -0.5216101496261614, -0.3617369811107267, -0.05354447374611117], [-0.6414644547003532, -0.23557504230480023, -0.5465962349833448, -0.00170530164607266, -0.1068528893631138, 0.11186339419472449, 0.548583549913286, 0.2691777252511362, 0.6891916981594725, -0.4274485098375288, -0.3828298979032836, 0.5913859312026057, -0.03283484941711855], [-0.03167847926651032, -0.5417955359599402, -0.18368901284576358, -0.4545202479062055, 0.11288027163359729, 0.20410713192568541, -0.37155454811196487, -0.28642015191517267, 0.2807238628073861, 0.7014344469629112, 0.5817309378230101, 0.3870247563375857, 0.07720255910476817]], "inverted": false, "swapped": false, "error_lsq": 0.051999311308653984, "error_max": 0.30878093183152944, "target": "609.xyz", "model": "8.xyz", "model_rescale": 4.121658175737393, "target_rescale": 3.9883754149431208},
{"mapping": [3, 2, 8, 1, 10, 6, 4, 0, 5, 11, 7, 9, 12], "R": [[-0.46923324262627375, 0.8820104552008396, -0.04333267740216756], [-0.8672454302428119, -0.4510180376986941, 0.21087459162587574], [0.16644977542007364, 0.1365294348733167, 0.9765521930116076]], "T": [-0.06979088380315542, -0.0454892662135265, 0.08896240429142357], "aligned_model": [[0.47010078533352767, -0.06762906527237758, -0.549365637517687, -0.22366330799264034, 0.659355071948899, -0.7496463775260753, -0.18139074631281227, 0.41448298043413967, 0.25321963016134147, 0.11236132420688742, -0.2639432755132494, -0.6044755996160306, -0.09094922900233925], [-0.5789108106865353, -0.45712877528972934, -0.5920552251354609, 0.14683660481879332, -0.06926110169354946, -0.0004534343448772682, 0.761387521663683, 0.30030225000530053, 0.4186838220144885, -0.5271276294585869, -0.07256947660154087, 0.5214414666452425, -0.01625009337161913], [-0.12705248630378152, -0.4704075019128954, 0.13170636146308154, -0.5546723928717204, 0.29934754075238856, -0.03733221790856092, -0.26405776169276995, -0.4255580470514173, 0.3378106679161384, 0.4602805087802694, 0.7345492855954013, 0.38203511856430017, 0.008796915258952348]], "inverted": false, "swapped": false, "error_lsq": 0.048524621055798293, "error_max": 0.31423624110661896, "target": "609.xyz", "model": "9.xyz", "model_rescale": 3.833441315466971, "target_rescale": 3.9883754149431208},
{"mapping": [4, 6, 0, 12, 3, 10, 11, 7, 9, 5, 13, 8, 14], "R": [[0.6673704910655105, -0.6721219539265355, 0.320731518103469], [-0.485491398294246, -0.7192256491229063, -0.49700358934924427], [0.5647253578840581, 0.17597313628423705, -0.8062994018781188]], "T": [-0.09739789523640134, -0.07597300017800665, -0.026396904913113854], "aligned_model": [[0.5478779446789769, 0.16466464695241506, -0.6521019804675489, -0.37570742510243993, 0.7241681085000189, -0.8250854186595159, -0.23356115277351325, 0.3003505143414639, 0.2593865224274596, -0.009820615209647263, -0.38647345711302716, -0.306404772624671, -0.0288363616183874], [-0.53965466219432, -0.44116430761539627, -0.43196023387010807, -0.13020894606737776, 0.05507585639809193, 0.299040877737182, 0.5000660538258893, 0.41969236610251637, 0.47072018746306654, -0.619204768525518, -0.30967002645369535, 0.5916094017910887, -0.029446680025811134], [-0.09370951013332202, -0.5355021013103027, 0.14506571194486914, -0.5580192568416258, 0.22295695698258217, 0.0483667436416222, -0.36547750978863525, -0.22646195465966468, 0.45499852966413334, 0.36687738530703534, 0.6789452537944656, 0.31741877850216915, 0.019986963486059987]], "inverted": true, "swapped": false, "error_lsq": 0.04440884647820165, "error_max": 0.29006907136224075, "target": "609.xyz", "model": "10.xyz", "model_rescale": 4.2482417240324, "target_rescale": 3.9883754149431208},
{"mapping": [10, 9, 0, 4, 5, 3, 2, 7, 8, 6, 11, 12], "R": [[-0.8490870927137164, 0.030175931345776313, 0.5273902939516274], [0.4853701474858979, -0.34946284862485943, 0.8014309311228988], [0.2084872392173838, 0.9364641640759211, 0.28207789790251164]], "T": [0.09939258687748508, 0.08129714653204556, -0.01775090058667577], "aligned_model": [[-0.575717582793035, -0.027336429254521274, 0.5847902975555929, 0.5765551996539593, -0.5033764106310413, 0.018319276206206367, -0.4052993594922931, 0.5407835340582597, 0.0822815063009482, 0.07866238698214593, -0.4691955994262743, -0.023701216796940885], [-0.2860115314285356, -0.6429118773073359, -0.31846217922973724, -0.49890938489281766, 0.5504789492144007, 0.8215372376365319, 0.12310953752098526, 0.3334304274384997, -0.23786813656150352, 0.6644920945581062, 0.1189906114029291, 0.03825564169911616], [0.05146033625250427, 0.27849206042513797, 0.4648497439968597, -0.2160150491123099, -0.07256061534469968, 0.26728418616402855, 0.6115494564561927, -0.22361646678057634, -0.5861592101022169, -0.4468714846265444, -0.5040024728993346, -0.05921819457468469]], "inverted": true, "swapped": true, "error_lsq": 0.04704594128012295, "error_max": 0.2578337310705719, "target": "609.xyz", "model": "11.xyz", "model_rescale": 3.6694154284099745, "target_rescale": 3.9883754149431208},
{"mapping": [9, 8, 11, 3, 10, 4, 1, 2, 12, 7, 6, 0, 13], "R": [[-0.7371228506453184, 0.5351932641797331, 0.412574930204396], [-0.4123612991852692, 0.12744422974364433, -0.9020621526476356], [-0.5353578821599217, -0.835060559649234, 0.12675093580542768]], "T": [-0.04576447031857436, -0.014221719432411562, 0.17228352930862814], "aligned_model": [[0.28871817610511286, 0.05419460052398217, -0.4117395895118937, -0.361094110357431, 0.5821783954189074, -0.7166085309414624, -0.19235891501952532, 0.25146323012780225, 0.37760019079726526, 0.34682163773013575, -0.4322595574183148, -0.4855401666038487, -0.12291880751914605], [-0.7262035236288518, -0.3415092199554529, -0.6338262575273841, 0.15937693532806738, -0.09836407871328133, 0.08289044035364519, 0.7008744850238376, 0.25549257451732194, 0.4869546354265286, -0.41395204413277414, -0.1994431491275644, 0.4823049988172224, 0.08029932218429395], [0.011381271323609693, -0.502615668697091, 0.007416681790317903, -0.6098159693369329, 0.12606007149238102, -0.12472846455521311, -0.25622665873437256, -0.34271498245511745, 0.3493516668011336, 0.6603994312741893, 0.5412949154244467, 0.43835949486453696, 0.17728420139749787]], "inverted": false, "swapped": false, "error_lsq": 0.04533451778223201, "error_max": 0.2613628886559146, "target": "609.xyz", "model": "12.xyz", "model_rescale": 3.9764082729961374, "target_rescale": 3.9883754149431208},
{"mapping": [5, 12, 2, 10, 6, 8, 11, 13, 14, 4, 7, 3, 15], "R": [[-0.9597720845865525, -0.24224589624296242, -0.14196644463332816], [0.22042779523048214, -0.3368756704695941, -0.9153831819164532], [0.17392277808904896, -0.9098525750906604, 0.3767215933055631]], "T": [-0.03542518346854853, -0.15614293237476753, -0.020909857256685017], "aligned_model": [[0.5475058709846282, 0.11189535574023951, -0.7607705208548198, -0.4403965370669549, 0.6561560309313235, -0.6664402015910308, -0.24531240821204872, 0.3498475853643117, 0.24743255171667242, 0.21026982318575685, -0.41596946573867843, -0.38836743309942023, -0.02739409802839568], [-0.7500410396689453, -0.2585452909615519, -0.4779412346526223, 0.1558142945835477, 0.0644835918069776, 0.1619368260997063, 0.5894539057243108, 0.2025195783804645, 0.5645753798429565, -0.3968865514723485, -0.32042863151393663, 0.4203356221793555, -0.12038133178230494], [0.0805806828996225, -0.633301848248863, 0.06020430975011056, -0.6412547534808889, 0.21720391054331434, -0.03817690104688705, -0.19577382340048177, -0.33301023079300995, 0.17749542406161106, 0.6095980295680301, 0.6109366092309075, 0.4806354466574282, 0.08030913484849284]], "inverted": true, "swapped": false, "error_lsq": 0.04495551529046004, "error_max": 0.2863540866129124, "target": "609.xyz", "model": "13.xyz", "model_rescale": 4.170626492500431, "target_rescale": 3.9883754149431208},
{"mapping": [1, 7, 2, 8, 9, 4, 12, 10, 11, 3, 6, 5, 13], "R": [[-0.11627289549148391, -0.7070790107426075, 0.6975097750865447], [0.08170238643140082, 0.6930838432620364, 0.7162119143525464], [-0.9898511675122885, 0.1402642462510696, -0.022816822701217654]], "T": [-0.10263286536270907, -0.12564087122368775, -0.00029840585591930924], "aligned_model": [[0.4594292717120688, 0.2208114041118934, -0.5453592299524155, -0.3032573228914516, 0.6950342604034403, -0.7692058579348784, -0.274949804042634, 0.2334140835117123, 0.2280921794023207, 0.11931018517604713, -0.40864546482698816, -0.3781692883079403, -0.09804786302959104], [-0.6388289382048375, -0.2978332739795538, -0.5736705499679536, 0.12906760746133092, -0.01443322847869763, 0.01566849923096228, 0.5631154150152877, 0.22787580313696795, 0.26769618985088606, -0.4425360494726355, 0.05113125123408871, 0.6082671822659307, -0.060624789526167566], [-0.10771642981107651, -0.7235987472536063, 0.18995127298175077, -0.6684523632131925, 0.08725988975878071, -0.1972126968256549, -0.17814039188971975, -0.2838944461597349, 0.48505358217084427, 0.5704838054558928, 0.7629821275791834, 0.4608723618753551, 0.07785802592056398]], "inverted": false, "swapped": false, "error_lsq": 0.049677277086650484, "error_max": 0.2702155773633537, "target": "609.xyz", "model": "14.xyz", "model_rescale": 3.9786697098870705, "target_rescale": 3.9883754149431208},
{"mapping": [8, 11, 7, 4, 6, 3, 10, 2, 1, 9, 5, 12], "R": [[-0.667342902849089, 0.35763943309987023, 0.6532591261581847], [0.6350010049255791, -0.1850748925613403, 0.7500140051271799], [0.3891364461990888, 0.9153367249462966, -0.10359298337306388]], "T": [0.15701912923243613, -0.04160732877942808, -0.0424427719323959], "aligned_model": [[-0.09860856960352146, -0.5491769277616947, 0.5045403676960006, 0.4782730174748695, 0.018354693543214146, 0.24586300882279052, -0.466512918443281, -0.06599053627618551, 0.6778530146117774, 0.09870634068852044, -0.3845071287551377, 0.02456023476998409], [-0.44690313217833233, -0.003030282208095425, 0.10297717817097546, -0.7117385547160727, 0.45627773477836364, 0.7400994634734801, -0.28681528688154295, 0.1818010342479921, 0.2358057626406191, -0.6775080430221863, 0.49594665022729223, -0.07223803430805384], [-0.4847515607576546, -0.28932909200396206, -0.4413188179727525, -0.2690537382250822, -0.549959473134023, 0.08722808395112469, 0.3403893638755012, 0.7010870314811257, 0.14268610392031209, 0.4271621109287236, 0.022758184514365773, -0.02693170270384901]], "inverted": true, "swapped": true, "error_lsq": 0.0559883797063157, "error_max": 0.26821069464654046, "target": "609.xyz", "model": "15.xyz", "model_rescale": 3.769337070930944, "target_rescale": 3.9883754149431208},
{"mapping": [7, 1, 8, 4, 6, 3, 11, 2, 10, 9, 12], "R": [[0.9370849427962371, -0.3490999965176833, -0.0010012072346449463], [-0.2357663793253483, -0.630744561178211, -0.7393074549359843], [0.2574607239257848, 0.6930299351221848, -0.6733672732321874]], "T": [-0.06470800702923138, 0.015472533032897702, -0.060294953731586595], "aligned_model": [[-0.24841546849845814, -0.26462266765835785, -0.1598178909225343, -0.7577267753522433, 0.34452408979261206, 0.38951862987606345, 0.4798045884531319, 0.2835650236066456, 0.2592186868433465, -0.4186910312358386, 0.01526894578680349], [-0.02468561692350784, -0.5442723404216884, 0.6565419378516428, 0.36634490071208575, 0.10011770566367528, -0.5695561784735137, 0.5283466589945335, -0.4333922586671897, 0.27638733076337846, 0.14294407352346689, 0.09728828460245914], [-0.5754810196638291, -0.23122904989705656, -0.13262338194719148, -0.044609958303050215, -0.6519492868676174, -0.3555792978804342, -0.02004475180845898, 0.5139066407008457, 0.5896854819159497, 0.6373767961821739, 0.01476543479244588]], "inverted": true, "swapped": true, "error_lsq": 0.04841206717605027, "error_max": 0.25902105709656387, "target": "609.xyz", "model": "16.xyz", "model_rescale": 3.7852294659196426, "target_rescale": 3.9883754149431208},
{"mapping": [6, 10, 11, 9, 5, 8, 0, 4, 1, 7, 2, 3, 12], "R": [[-0.9702105454062043, 0.20371879862570613, 0.131111207259695], [-0.23895198054539601, -0.7155242369439554, -0.6564503159715923], [-0.0399180231979039, -0.6682243017372756, 0.7428881705826943]], "T": [-0.08878778117090268, 0.03761029903694879, 0.07563130875005628], "aligned_model": [[0.389327474587316, 0.16902733486950755, -0.47175066871059673, -0.5765324985756448, 0.5598875645992446, -0.731274760825638, -0.19970578455262808, 0.4443843294419213, 0.24384563144154658, 0.13953872947990287, -0.32401465946402774, -0.35203490522552794, -0.1122412337337921], [-0.6892109321404306, -0.30047326920585526, -0.5870981384650936, -0.08877807319859998, -2.5055490973716066e-05, 0.051109314934430494, 0.5610571246728239, 0.41243536301945805, 0.3200922467513787, -0.4943387947969422, -0.05378552866577796, 0.7183516553820286, -0.014440794230837287], [-0.09909686878017579, -0.6088290203446424, 0.10742547982416803, -0.6267879787978142, 0.17569572020548033, -0.030360053145169402, -0.34798145427327243, -0.20189410804049426, 0.6083724431449214, 0.4710098252121313, 0.6327687598671696, 0.3915229493500981, 0.0036002963669866106]], "inverted": false, "swapped": false, "error_lsq": 0.046042432153717255, "error_max": 0.2716420833105643, "target": "609.xyz", "model": "17.xyz", "model_rescale": 3.901054581598922, "target_rescale": 3.9883754149431208},
{"mapping": [4, 8, 0, 2, 10, 3, 13, 5, 9, 6, 7, 12, 14], "R": [[0.34321796727287546, 0.4259442407629136, -0.8371218135384959], [-0.022951242098635916, -0.8871913198454158, -0.4608305572301805], [-0.938975328444366, 0.17737831251834024, -0.2947240519892138]], "T": [-0.017194913721698693, -0.07590216975710842, 0.07208375933224256], "aligned_model": [[0.5370044641241607, 0.16044911362852515, -0.6766042512663248, -0.4155151732800417, 0.7833312415527107, -0.7313213926704039, -0.23895598364171128, 0.2155995513281443, 0.29214848638280855, 0.09212527848848036, -0.4375364823008401, -0.38222144647378964, -0.02004685254013455], [-0.6309906700016489, -0.3765033231510331, -0.4226895173733459, 0.07670483704892447, 0.004524692038514383, 0.18953448463362818, 0.5680419678458459, 0.26970568507182124, 0.5036802556579154, -0.4295739114132582, -0.2677812598748739, 0.3816855616281295, -0.031443683545010745], [-0.029473005097002028, -0.49227410431892327, -0.07082313200521931, -0.6362877352150648, 0.23064965337046442, 0.017561799692552837, -0.18022591906971094, -0.39315595814502, 0.12288232521864158, 0.7252997572985935, 0.5476596253065891, 0.5296252356487716, 0.10400744790471345]], "inverted": true, "swapped": false, "error_lsq": 0.04257701037489728, "error_max": 0.31505838097866995, "target": "609.xyz", "model": "18.xyz", "model_rescale": 3.9405287249114394, "target_rescale": 3.9883754149431208},
{"mapping": [6, 1, 10, 3, 8, 14, 12, 0, 7, 5, 11, 13, 15], "R": [[-0.5083418930396009, 0.1105332121130316, -0.8540321591139826], [-0.8139419235595559, 0.2621942212037569, 0.5184136721186333], [0.28122422522443813, 0.9586639658333526, -0.04331669146626438]], "T": [-0.04498783916185274, 0.09399418839312945, 0.04014009424187097], "aligned_model": [[0.45660075929961647, 0.09782718265618127, -0.6141191297680266, -0.5492073454059188, 0.6560127937553064, -0.8138039019616483, -0.24878107765404972, 0.5521845661774304, 0.3333121282567505, 0.2564481566101932, -0.4689132549832357, -0.42297409379178685, -0.056130229859228886], [-0.4408798996628841, -0.1862607479104792, -0.448214016401959, -0.11780496502611196, -0.09320584701547882, 0.18655607153992293, 0.4337334435240928, 0.13931616081606996, 0.47761879314116235, -0.5249958844057394, -0.13684374950483788, 0.4901318329240244, 0.055743926547826846], [-0.10339402508843663, -0.5400154574854338, 0.03817193460287557, -0.6128012530534649, 0.25421114536442485, 0.03049014887799093, -0.33825733793402735, -0.2975066073160449, 0.49329221685009855, 0.5062412345410918, 0.5751300849402933, 0.4294101846268323, 0.04047372166318669]], "inverted": false, "swapped": false, "error_lsq": 0.0389748529827056, "error_max": 0.29784926065956635, "target": "609.xyz", "model": "19.xyz", "model_rescale": 4.410303926677745, "target_rescale": 3.9883754149431208},
{"mapping": [5, 8, 1, 7, 10, 2, 12, 9, 11, 3, 0, 4, 13], "R": [[-0.559283390236736, -0.07541490785406917, 0.825539024564354], [0.35306344810061085, 0.8793471915553686, 0.3195226413245127], [-0.7500321933227999, 0.47017136065167575, -0.4651780310830915]], "T": [-0.10521118622194967, -0.01210847114798206, 0.13191219705829413], "aligned_model": [[0.4203550413410484, 0.19014988679568198, -0.526920325072133, -0.5087479584236739, 0.7107516156501311, -0.751761722326464, -0.15832080224829073, 0.36354551859012274, 0.3109215872530511, 0.06537531625510887, -0.5216101496261614, -0.3617369811107267, -0.05354447374611117], [-0.6414644547003532, -0.23557504230480023, -0.5465962349833448, -0.00170530164607266, -0.1068528893631138, 0.11186339419472449, 0.548583549913286, 0.2691777252511362, 0.6891916981594725, -0.4274485098375288, -0.3828298979032836, 0.5913859312026057, -0.03283484941711855], [-0.03167847926651032, -0.5417955359599402, -0.18368901284576358, -0.4545202479062055, 0.11288027163359729, 0.20410713192568541, -0.37155454811196487, -0.28642015191517267, 0.2807238628073861, 0.7014344469629112, 0.5817309378230101, 0.3870247563375857, 0.07720255910476817]], "inverted": false, "swapped": false, "error_lsq": 0.051999311308653984, "error_max": 0.30878093183152944, "target": "609.xyz", "model": "20.xyz", "model_rescale": 4.121658175737393, "target_rescale": 3.9883754149431208},
{"mapping": [5, 8, 9, 6, 0, 10, 2, 1, 3, 7, 11, 4, 12], "R": [[0.04576908102487082, 0.7041464868425733, -0.708578094700507], [-0.5084513445591285, -0.594145702044385, -0.6232721034654124], [-0.8598734915312564, 0.3888040763796684, 0.3308307252242448]], "T": [-0.10513798985641834, -0.04391969411023121, -0.0260198877594393], "aligned_model": [[0.43307181578228404, -0.10341042109563547, -0.5751213691761099, -0.34194594062234407, 0.8483277568625155, -0.8646650035180362, -0.12254313082505383, 0.37306625975459906, 0.30148845265941393, 0.10031566109352621, -0.49810811727194393, -0.3532669251938966, -0.01875248511773528], [-0.4514252876628936, -0.534270596673361, -0.5834856614888176, 0.08483663676250487, 0.12062274080637804, 0.10632689434865585, 0.7055834283538062, 0.31874653401081965, 0.24705463269017047, -0.35997585560260853, -0.13135604011370994, 0.37659402196524155, -0.06435632883057733], [-0.11642412617991921, -0.4878164994059432, 0.07716472926604029, -0.6176010434653518, 0.19979549578232964, -0.12202884485055432, -0.1449894834284093, -0.3755463797852316, 0.4562970001243993, 0.5438181241274711, 0.7566028613972436, 0.2751973892477134, 0.030976767759598754]], "inverted": true, "swapped": false, "error_lsq": 0.051405228725724075, "error_max": 0.3093170004892856, "target": "609.xyz", "model": "21.xyz", "model_rescale": 4.08911054899281, "target_rescale": 3.9883754149431208},
{"mapping": [3, 2, 0, 1, 14, 8, 11, 15, 9, 13, 7, 5, 16], "R": [[-0.6327123585338434, -0.015194962278408303, -0.7742378087383092], [0.3880106169262416, -0.8714693020618512, -0.29998169396872715], [-0.6701662722870035, -0.49021461492410384, 0.5572852041852128]], "T": [-0.10311691767646114, -0.017800768322988592, 0.11424070155448096], "aligned_model": [[0.5802317562433031, 0.11574233022533059, -0.6135157767219571, -0.4776789108936717, 0.5360855853390101, -0.6706484990906948, -0.23029445361337036, 0.30234119956292893, 0.24433794933799025, 0.11634567727047732, -0.34301863187743653, -0.2689073442325235, -0.11256432821780257], [-0.5531511819271704, -0.32061384317385855, -0.5959505564135705, -0.01989961457920284, 0.016738854294114657, 0.328762168125196, 0.6004939864352627, 0.2549578255468378, 0.4839840325858479, -0.5554097258327796, -0.35598237419368695, 0.6148563098967734, -0.06389076219815518], [0.08753212988903045, -0.5035446176952371, 0.041335109209687915, -0.585543043146396, 0.1595149829434559, -0.08213662208025924, -0.3186917421938448, -0.42678931843426005, 0.48171143580058057, 0.42974465438650145, 0.6920612247133445, 0.37879241632677335, 0.12145938087000968]], "inverted": true, "swapped": false, "error_lsq": 0.036496233601821707, "error_max": 0.22636965546923918, "target": "609.xyz", "model": "22.xyz", "model_rescale": 4.204369325754507, "target_rescale": 3.9883754149431208},
{"mapping": [6, 1, 10, 3, 8, 14, 12, 0, 7, 5, 11, 13, 15], "R": [[-0.5083418930396009, 0.1105332121130316, -0.8540321591139826], [-0.8139419235595559, 0.2621942212037569, 0.5184136721186333], [0.28122422522443813, 0.9586639658333526, -0.04331669146626438]], "T": [-0.04498783916185274, 0.09399418839312945, 0.04014009424187097], "aligned_model": [[0.45660075929961647, 0.09782718265618127, -0.6141191297680266, -0.5492073454059188, 0.6560127937553064, -0.8138039019616483, -0.24878107765404972, 0.5521845661774304, 0.3333121282567505, 0.2564481566101932, -0.4689132549832357, -0.42297409379178685, -0.056130229859228886], [-0.4408798996628841, -0.1862607479104792, -0.448214016401959, -0.11780496502611196, -0.09320584701547882, 0.18655607153992293, 0.4337334435240928, 0.13931616081606996, 0.47761879314116235, -0.5249958844057394, -0.13684374950483788, 0.4901318329240244, 0.055743926547826846], [-0.10339402508843663, -0.5400154574854338, 0.03817193460287557, -0.6128012530534649, 0.25421114536442485, 0.03049014887799093, -0.33825733793402735, -0.2975066073160449, 0.49329221685009855, 0.5062412345410918, 0.5751300849402933, 0.4294101846268323, 0.04047372166318669]], "inverted": false, "swapped": false, "error_lsq": 0.0389748529827056, "error_max": 0.29784926065956635, "target": "609.xyz", "model": "23.xyz", "model_rescale": 4.410303926677745, "target_rescale": 3.9883754149431208},
{"mapping": [2, 5, 8, 15, 0, 9, 14, 6, 7, 3, 10, 11, 16], "R": [[-0.5255655827668404, 0.39890269688485025, -0.7514369279114146], [0.4920510636122458, 0.8630679825807301, 0.11401494745026244], [0.6940220234322603, -0.30982300731550216, -0.6498793235124265]], "T": [-0.03685693153972769, 0.09158428852949257, 0.0546785093508597], "aligned_model": [[0.4814670564184105, 0.19596203132672907, -0.6170542423273851, -0.4224627329310694, 0.6621674446823441, -0.6600359242776898, -0.36521734372344766, 0.15093258969137868, 0.37003082163924383, 0.21133268078474932, -0.47302649174156025, -0.36095836615192145, 0.00531902994180148], [-0.6573626458927615, -0.2643356873022938, -0.48407542530007136, 0.050030063503406275, -0.12677696652124992, 0.11959763882270119, 0.597094946024731, 0.3565196254029273, 0.48752786359294153, -0.580369880086087, -0.186201926297132, 0.5044264404325283, 0.018821072185968887], [0.112234430897294, -0.4086985884448993, -0.03303489716655199, -0.5444004530160151, 0.23925666305864668, -0.0026205206918292895, -0.2531987468469711, -0.6326659841539246, 0.40051364111343957, 0.5988572449225763, 0.4501211472659574, 0.4085727086606977, 0.1405093449909663]], "inverted": false, "swapped": false, "error_lsq": 0.04344262426266572, "error_max": 0.3069775720202192, "target": "609.xyz", "model": "24.xyz", "model_rescale": 4.28219845311461, "target_rescale": 3.9883754149431208},
{"mapping": [6, 8, 11, 5, 0, 9, 3, 1, 4, 2, 13, 7, 15], "R": [[0.3247498812882748, -0.47169419871741003, 0.8197817377202252], [-0.43078819186384854, 0.6978628979779677, 0.5721965653308912], [-0.8419970595874595, -0.538973059180265, 0.023430602295696476]], "T": [-0.15841400883240228, -0.10471920576990383, 0.09696003606229393], "aligned_model": [[0.5222137905021137, 0.08792865651223203, -0.5434974402867863, -0.38668674963236704, 0.6523706422642165, -0.7513993284587935, -0.12890899453507806, 0.15952691964016683, 0.2456995256874344, 0.23043153724667217, -0.361840614806322, -0.46169689108679157, -0.08568449971511409], [-0.6726431409420619, -0.35499763578136606, -0.4359851023162499, -0.03694427386536478, -0.04365819260197072, 0.19300687120636906, 0.6262248863082145, 0.20461922030456386, 0.4271896119379888, -0.3626828549196629, -0.10245079356991349, 0.48915561435045757, -0.09593909154539565], [-0.06553715650621113, -0.5018905760528839, -0.09912853538759132, -0.7207066413357451, 0.16369813801946587, -0.031885909449292746, -0.15778598107484326, -0.3646682808794238, 0.3943046742991191, 0.5979928906733721, 0.6551078007492335, 0.4980562802590001, 0.1078892872751864]], "inverted": true, "swapped": false, "error_lsq": 0.035688539694038755, "error_max": 0.20096111979531406, "target": "609.xyz", "model": "25.xyz", "model_rescale": 4.100010024507729, "target_rescale": 3.9883754149431208},
{"mapping": [10, 9, 0, 4, 5, 3, 2, 7, 8, 6, 11, 12], "R": [[-0.8490870927137164, 0.030175931345776313, 0.5273902939516274], [0.4853701474858979, -0.34946284862485943, 0.8014309311228988], [0.2084872392173838, 0.9364641640759211, 0.28207789790251164]], "T": [0.09939258687748508, 0.08129714653204556, -0.01775090058667577], "aligned_model": [[-0.575717582793035, -0.027336429254521274, 0.5847902975555929, 0.5765551996539593, -0.5033764106310413, 0.018319276206206367, -0.4052993594922931, 0.5407835340582597, 0.0822815063009482, 0.07866238698214593, -0.4691955994262743, -0.023701216796940885], [-0.2860115314285356, -0.6429118773073359, -0.31846217922973724, -0.49890938489281766, 0.5504789492144007, 0.8215372376365319, 0.12310953752098526, 0.3334304274384997, -0.23786813656150352, 0.6644920945581062, 0.1189906114029291, 0.03825564169911616], [0.05146033625250427, 0.27849206042513797, 0.4648497439968597, -0.2160150491123099, -0.07256061534469968, 0.26728418616402855, 0.6115494564561927, -0.22361646678057634, -0.5861592101022169, -0.4468714846265444, -0.5040024728993346, -0.05921819457468469]], "inverted": true, "swapped": true, "error_lsq": 0.04704594128012295, "error_max": 0.2578337310705719, "target": "609.xyz", "model": "26.xyz", "model_rescale": 3.6694154284099745, "target_rescale": 3.9883754149431208},
{"mapping": [1, 6, 7, 12, 0, 9, 11, 2, 4, 5, 8, 10, 13], "R": [[-0.7162941976987597, -0.5705330634516602, -0.401764415860283], [-0.4391533196846821, -0.07886263745681993, 0.8949441581591994], [-0.5422794336437755, 0.8174794847100558, -0.19406263917912697]], "T": [-0.12918858962250218, -0.0480378674254951, 0.07193311782247047], "aligned_model": [[0.39527920527022326, 0.13700731992541398, -0.42763038081845556, -0.3445096649911182, 0.5206159612759991, -0.7963732008354794, -0.32881378911359055, 0.29896993250670967, 0.26493776304847033, 0.22338700675876477, -0.38642620865033905, -0.28629747004029815, -0.09168992100471662], [-0.729224945340009, -0.27841430682015456, -0.5887169137725475, 0.10320755233021489, -0.08169677627824307, 0.06563711835184971, 0.6297600618003806, 0.3612761120886532, 0.43247263934085034, -0.5891430262897387, 0.025136683331922836, 0.4985738082607535, -0.013972888438323346], [-0.129472817289674, -0.5173519284125312, 0.1932887556290293, -0.6767286688759502, 0.18835676928376635, -0.010566746659005435, -0.41480625402908855, -0.26164145001162503, 0.609803586528787, 0.5289606395408524, 0.6523049683703661, 0.2679514730598688, 0.045347663454591014]], "inverted": false, "swapped": false, "error_lsq": 0.046091396000973194, "error_max": 0.22829462525050137, "target": "609.xyz", "model": "27.xyz", "model_rescale": 4.103607728864725, "target_rescale": 3.9883754149431208},
{"mapping": [2, 4, 1, 8, 12, 7, 11, 13, 10, 3, 0, 6, 14], "R": [[0.2725571280513774, -0.9525553924294381, -0.135465258653221], [-0.2003105755534355, -0.19388988980151997, 0.96035534254473], [-0.9410570042616102, -0.23461657014446669, -0.2436529904265697]], "T": [-0.060341968748087935, 0.14691782701999787, 0.16525405826019754], "aligned_model": [[0.22068257657756407, 0.0722584758321979, -0.5508345591583278, -0.3834424140835414, 0.7425238589809265, -0.7087531626934015, -0.15457785604734198, 0.2904323612015573, 0.17507436234796048, 0.3154533919407877, -0.2816968783397058, -0.45086380578824564, -0.10779979743884632], [-0.5214782732226108, -0.4015322321666698, -0.592550365242204, 0.0647036371879682, -0.14850925516524846, 0.15449843281234085, 0.714827497498748, 0.22540770105272762, 0.4528971178424246, -0.31914897244426355, -0.4113485584182802, 0.6181882171111966, -0.001059828280520203], [0.0403838683145418, -0.5441322552599945, 0.04089713862967334, -0.5838299864376683, 0.0916135877208822, -0.15031955208391432, -0.20979185517031454, -0.3738834400427906, 0.49801688813582035, 0.6181231760952144, 0.5513011899306882, 0.32854575146575915, 0.1685214792914893]], "inverted": false, "swapped": false, "error_lsq": 0.04960845324512439, "error_max": 0.3176801077054571, "target": "609.xyz", "model": "28.xyz", "model_rescale": 4.137296879288765, "target_rescale": 3.9883754149431208},
