[{"mapping": [2, 3, 0, 7, 6, 10, 5, 12, 4, 11, 9, 13], "R": [[-0.16187658271561814, 0.35113506121139193, -0.9222256452497871], [-0.930282113804062, 0.25746344855445313, 0.2613192709975583], [0.32919775318880984, 0.900231493254108, 0.284977363748279]], "T": [0.04942492314919087, -0.043033836447040986, -0.06893755707363909], "aligned_model": [[-0.29021514506686696, 0.012266655275636605, 0.6525489813594033, -0.12827582448793518, -0.1965119351754467, -0.670808030324726, 0.3841807964209718, -0.3044303755098076, 0.5907212080524256, 0.33142703932479944, -0.5385799962927909, -0.004680911115114435], [-0.464050373875533, -0.6256542803218621, -0.3022122834150856, 0.5896029394991436, 0.3607379975585722, -0.565687920209285, -0.2572522913036754, -0.4907168109706757, 0.3049777257850942, 0.3939670339221351, 0.12876944623638859, -0.018926146928159637], [-0.5829907225876583, -0.006567977493327312, -0.4400769507827348, 0.05220725808452932, -0.6480444931976709, 0.025379810349355672, 0.5047558538647583, 0.538076867279014, -0.04509350573993545, 0.46302580649153874, 0.43125093462902403, -0.10997113554333107]], "inverted": false, "swapped": true, "error_lsq": 0.043925920078754566, "error_max": 0.24942226921395386, "target": "61.xyz", "model": "0.xyz", "model_rescale": 3.751011558992144, "target_rescale": 4.218723210842756},
{"mapping": [10, 6, 8, 5, 11, 9, 1, 7, 0, 3, 2, 12, 13, 14], "R": [[-0.8197457896049714, 0.551112847180765, 0.15585721060391416], [0.5674753245902958, 0.744804870236506, 0.35105193526474116], [0.07738602203279706, 0.3762184670431428, -0.9232935982934396]], "T": [0.016628144769466537, -0.09635936127188527, 0.024953000418876208], "aligned_model": [[0.0717040234886096, -0.6923307886507363, 0.3488173509874567, 0.6273680206922775, -0.3810881226365816, 0.3437793366045021, -0.4672166496889681, -0.5525004467778774, -0.17067797472893306, 0.07881692373085156, 0.6107561390489932, -0.17590936134249155, 0.5336285829369267, 0.013990854773206328], [-0.12383422215343048, -0.08637969731733718, -0.6708354428284605, -0.0929289260777941, 0.44181028809061795, 0.3460628620935142, -0.5568950241071309, 0.07478646641029715, -0.3143390823273376, 0.25372494869878875, -0.2391123110259264, 0.5963113508072436, 0.362871401688335, -0.04249262035305324], [-0.7927667117880113, -0.22203562745937966, 0.03172168799753824, -0.10570335445063958, -0.40970340189485605, -0.3375718887785777, 0.22366552535933473, 0.31902573929067585, 0.7270254876354909, 0.700955530884868, 0.5820630647131907, 0.212334155942027, 0.24703373255520283, 0.015194344383000016]], "inverted": false, "swapped": false, "error_lsq": 0.04079726297244255, "error_max": 0.2699629036260228, "target": "61.xyz", "model": "1.xyz", "model_rescale": 3.9405287249114394, "target_rescale": 4.218723210842756},
{"mapping": [12, 5, 3, 7, 4, 10, 9, 11, 1, 2, 6, 8, 13], "R": [[0.6725435429842882, -0.7027578703352312, 0.231983961669835], [-0.6502876928144418, -0.7108200649154267, -0.2680685581855863], [0.3532861437478286, 0.02943146268059313, -0.9350522389900308]], "T": [-0.00325823969217455, -0.09717052145692723, -0.12459358290176328], "aligned_model": [[-0.32926016229113075, 0.22561131571881876, -0.43751279432285717, 0.40926607707351126, 0.5728846352217734, -0.7708147922144031, -0.03737812425718641, 0.666950337936838, 0.38314694389805437, -0.6881906396203135, -0.042006510502661236, -0.4264589622166184, -0.03025404513989416], [0.6615208988850259, 0.47751365390135164, 0.1696974441187971, -0.1887952202833837, -0.25314347425374895, 0.2486022210792479, 0.3682348851145812, 0.21496010684588385, -0.7450629187239679, -0.39233227151037264, -0.7527318728326307, -0.21136778388340657, -0.1382630748853601], [-0.014093788327948664, -0.4477529801719008, -0.4160069554179582, 0.39300811229643473, -0.36628363226877914, 0.17888082053272644, 0.5139111715612228, -0.04167851940721802, -0.14613597429750097, -0.1492533991041593, 0.23264493934558791, 0.44779582059413103, -0.07191526574599333]], "inverted": true, "swapped": true, "error_lsq": 0.05969375956289846, "error_max": 0.3816641480298034, "target": "61.xyz", "model": "2.xyz", "model_rescale": 3.932901565614263, "target_rescale": 4.218723210842756},
{"mapping": [3, 11, 1, 0, 8, 7, 10, 12, 6, 5, 2, 9, 4, 13], "R": [[0.5137275113919267, 0.23044993914822598, 0.8264241462987617], [0.7907158599157886, 0.2466325265663393, -0.560304226038979], [-0.3329451500122701, 0.9413103751611809, -0.05551850769990195]], "T": [0.01954127076329121, -0.01205513498535949, -0.015605362670929171], "aligned_model": [[0.13133848282937613, -0.6985912904975642, 0.18300228454737227, 0.6323527720966523, -0.33685210351313755, 0.2755843571685617, -0.474861798435898, -0.48829090491376764, 0.014011774258692124, -0.001406432790536951, 0.5949767348067396, -0.3663453632208057, 0.7640741713653906, -0.03985479526383906], [-0.06347007561874185, -0.33387003263320003, -0.734536040578072, -0.2226547235985077, 0.32310403744466387, 0.6465695445980103, -0.42914520341299456, 0.11187565158456692, -0.18040481130296454, 0.41942873112383483, -0.4048058670847951, 0.6050532472039254, 0.21177000559972603, -0.00016447172712522398], [-0.5111286873844442, -0.4380145179650138, -0.023999344965890502, -0.18607590632153082, -0.562815393134363, -0.11757602852591419, 0.2922045141795139, 0.5410610110636439, 0.6464520909038507, 0.5590097717085534, 0.4413637198004766, 0.08470261175280545, 0.382891150363836, 0.0831632929143411]], "inverted": true, "swapped": false, "error_lsq": 0.04779947677062172, "error_max": 0.27506426892270575, "target": "61.xyz", "model": "3.xyz", "model_rescale": 3.9243930471874484, "target_rescale": 4.218723210842756},
{"mapping": [1, 0, 6, 7, 8, 4, 11, 2, 10, 3, 9, 5, 13], "R": [[-0.2959267979362097, -0.5053936207655769, 0.8105582140430644], [0.9156911016245455, -0.39165016540043956, 0.09011078929537114], [0.2719138405246194, 0.7688871412836014, 0.5786842207109878]], "T": [-0.05406513076617078, -0.0493651985588516, -0.09799204505384893], "aligned_model": [[0.010694005607926382, -0.5562905638012596, 0.4919066978468365, 0.28870069164343426, 0.6319577565046659, -0.41224974977016815, -0.31636998334071653, 0.25874247038297127, 0.36073793074439753, -0.24950942977662935, 0.3622314170910277, -0.6085294619090444, 0.015184105087911154], [-0.6179316389439454, -0.02157029640378562, -0.31907075833625176, -0.5747106103360352, 0.16727690598491732, -0.5729822480407778, -0.5729571840211221, 0.480179217309987, 0.699512903816431, 0.5040886369611732, -0.0048378423766781, 0.011595511885580764, -0.0507630438179064], [-0.5900042970281094, -0.6598404270523968, -0.531645304089153, 0.13223979797098448, -0.050999575394009816, -0.2084964272389117, 0.36084079104448397, -0.5205971491244439, 0.1626198738696172, -0.08358160155738206, 0.5729544351173819, 0.32144599341863533, -0.1178657945657326]], "inverted": false, "swapped": true, "error_lsq": 0.048951664943043934, "error_max": 0.289632921773566, "target": "61.xyz", "model": "4.xyz", "model_rescale": 3.8936222436046832, "target_rescale": 4.218723210842756},
{"mapping": [10, 3, 9, 8, 11, 4, 0, 1, 6, 2, 7, 13], "R": [[-0.32580744608467915, -0.8446672015962613, 0.4247197035967602], [-0.8525391574079997, 0.45667192056352307, 0.25421986951235986], [-0.40868874851387443, -0.2792634518091549, -0.8688989764764365]], "T": [-0.204966121629453, -0.0714719788841476, -0.00826460752631784], "aligned_model": [[0.07959256608586857, -0.3424653192326562, -0.17093641398436865, 0.3823969880108751, -0.6954431705906159, -0.4983610751953143, -0.36213347617073055, 0.05319355586341773, 0.4630919499849983, 0.3119127343193279, -0.058096653958166655, -0.1352036429175385], [-0.609056835721407, -0.6304765561964903, 0.16030848547105564, -0.10575663108149526, 0.48148665470304375, 0.3080070111345966, -0.3614768748674604, 0.3447047341284737, 0.18983688095160012, -0.6088618400296889, 0.5599078117485096, -0.05969993513093018], [-0.6646390732741204, -0.12369916106903017, -0.7636284111345099, -0.4249163032898776, -0.09281629816731816, 0.4213833316491646, 0.6698741168506953, 0.5659201392509416, 0.20220526777163167, 0.021890708955588072, -0.17035048500087768, -0.021939113266769086]], "inverted": false, "swapped": true, "error_lsq": 0.0487771017956331, "error_max": 0.34674092144025714, "target": "61.xyz", "model": "5.xyz", "model_rescale": 3.6523030999806103, "target_rescale": 4.218723210842756},
{"mapping": [0, 1, 6, 2, 8, 4, 7, 3, 11, 12, 9, 10, 13], "R": [[0.4532637148551042, -0.8763413020313573, 0.16302738159504415], [-0.5102564602951565, -0.10512449529149628, 0.8535731867958163], [-0.7308832666868273, -0.47007952821165655, -0.49480793004306056]], "T": [0.01288724883138076, -0.13752780066595136, 0.050543474447212675], "aligned_model": [[0.06926163136557598, -0.17357406531236813, 0.2429791718190672, 0.7529226240355256, 0.4613766989399227, -0.49935970462619766, -0.3470911079238305, 0.34793735902788764, -0.7168078195662084, 0.11154256986829873, -0.07524413368065505, 0.655733642017321, 0.05140603869995588], [-0.7513825981799497, -0.01598493280556021, 0.3268461657778703, -0.1580947403942234, 0.41440086660605646, -0.30595987698979143, 0.4161835592942186, -0.5019296719820593, -0.06384878445179416, -0.1871453676245902, 0.4040173403750774, 0.04417032605405477, -0.08044538151612615], [0.48491746433428523, 0.7716517246905004, 0.5893347159785438, 0.14427501736496698, -0.06778426917186438, 0.40256044650959577, 0.15204335005777586, -0.26516205731919185, -0.07434240999321373, -0.7752321331604283, -0.5190321571346943, -0.5448831539924162, 0.07176320131793006]], "inverted": false, "swapped": true, "error_lsq": 0.0625052676337278, "error_max": 0.4178205788856387, "target": "61.xyz", "model": "6.xyz", "model_rescale": 4.08911054899281, "target_rescale": 4.218723210842756},
{"mapping": [7, 12, 4, 6, 13, 2, 10, 11, 8, 9, 3, 1, 0, 14], "R": [[-0.06796194226751023, -0.3251626465547103, -0.9432128220548979], [0.6582260786392816, -0.7250652604704474, 0.20253097900834088], [-0.7497463596459687, -0.6070828784807387, 0.2633073771339474]], "T": [-0.04436242061125381, -0.07991699815743622, 0.03841624247749979], "aligned_model": [[0.1542829824502615, -0.6591591706150379, 0.28449724767121265, 0.43333087449974306, -0.42324871090246785, 0.33189791829936255, -0.5686663139611009, -0.5620759648124932, -0.05413374462688565, -0.007348660063927426, 0.6188462864518703, -0.01962909322085843, 0.7358326644126058, -0.07528842714504896], [-0.12715839728878592, -0.18852691548527362, -0.6953001265758336, -0.059645021120105474, 0.3617860633113775, 0.4892281091811934, -0.5350005494798209, 0.09020849849214618, -0.4435278417657609, 0.21674394786083404, -0.19494580054824395, 0.6336012457247607, 0.3938719326775614, 0.007414846614277354], [-0.7083080832198031, -0.3054307584604496, 0.1384383077300598, -0.10490552560561962, -0.4056987278512008, -0.3912831262055628, 0.23149469087602514, 0.25650123622416027, 0.6153396766716811, 0.7631089860216039, 0.454798304725586, 0.20642230492424773, 0.26529916697101785, 0.17546183158811846]], "inverted": false, "swapped": false, "error_lsq": 0.041408422637932873, "error_max": 0.33133091083612926, "target": "61.xyz", "model": "7.xyz", "model_rescale": 3.964800864290218, "target_rescale": 4.218723210842756},
{"mapping": [1, 5, 0, 2, 8, 12, 3, 10, 6, 11, 4, 9, 4, 13], "R": [[-0.6314903954460145, -0.5749992426638686, 0.520188188442812], [-0.5422525927094264, -0.15204699204494826, -0.8263436560596257], [0.5542400257644172, -0.8039014760193325, -0.21577861500759793]], "T": [0.026082443456115743, -0.05140069977275412, 0.021412178211607374], "aligned_model": [[0.061616679182359, -0.7682845766536308, 0.17894178673334382, 0.6326321399766357, -0.36961663352405244, 0.36578616413775966, -0.32635794591754724, -0.701905134984035, 0.10883220200791395, 0.08251106479515793, 0.5872243746596024, -0.21910073219385542, 0.5872243746596024, -0.030365874442018406], [-0.2941550338691145, -0.11137298812592754, -0.7465230353160563, -0.2678788518920912, 0.4102736204997249, 0.621739840431144, -0.6432706495856044, 0.2062897053836925, -0.26897453509136426, 0.40761275772775113, 0.02632976567575046, 0.5876077442211067, 0.02632976567575046, -0.00525811413643551], [-0.6877616668653098, -0.23246788197435167, -0.059817941352644885, -0.13300091404405137, -0.44905210723976285, -0.02504352733272444, 0.24821259741113633, 0.3020609867506495, 0.5527500432493893, 0.7093480625939291, 0.43875029389267317, 0.09496587065022496, 0.43875029389267317, -0.006455825241966098]], "inverted": true, "swapped": false, "error_lsq": 0.051750547539022994, "error_max": 0.35176949492683895, "target": "61.xyz", "model": "8.xyz", "model_rescale": 4.121658175737393, "target_rescale": 4.218723210842756},
{"mapping": [9, 8, 7, 11, 10, 3, 6, 0, 1, 2, 5, 4, 13], "R": [[-0.8970177193796344, -0.0630121985904566, -0.43747991262200436], [0.04747701341837669, 0.9703225475784342, -0.23710775368546883], [0.43943730419233984, -0.23346009613999247, -0.8674048876934431]], "T": [-0.04819274877895246, 0.027134282937556903, 0.019383372262195796], "aligned_model": [[-0.47529671375039356, -0.29428290069191726, 0.24582723001859857, 0.1543277233244224, -0.8402956260008283, -0.507615578285093, 0.3825981821503331, 0.26384872168421625, 0.6918982309001469, -0.27834741059330537, -0.29620359669541396, 0.4704299538428585, -0.0401507194684269], [0.13836353533051893, -0.49909456748273506, 0.11953354431615794, 0.6825555830309566, -0.3678291009199066, -0.025844052630388623, -0.526307276649547, 0.017714212907226135, -0.12039591059948151, -0.6430742116036984, 0.6523671252607518, 0.39536220042335024, -0.032963641971494484], [-0.6368672940066741, -0.4075736860493997, -0.5734889080770521, -0.2685200007111338, -0.11243286971656638, 0.38110321224654453, -0.239466177933832, 0.7058365239916385, 0.013236603889019836, 0.2532858373858744, 0.20552762557522708, 0.11998629165633443, -0.01955172429089231]], "inverted": false, "swapped": true, "error_lsq": 0.04544805747447197, "error_max": 0.2727355364287727, "target": "61.xyz", "model": "9.xyz", "model_rescale": 3.833441315466971, "target_rescale": 4.218723210842756},
{"mapping": [13, 10, 9, 2, 0, 5, 11, 12, 7, 6, 3, 1, 4, 14], "R": [[0.9687913570932984, -0.24355234414479746, -0.04610381852839393], [0.21349999640009623, 0.7253723816193642, 0.6544101615355696], [-0.12594069222647544, -0.643830073579532, 0.7547329185851712]], "T": [-0.06540065741641876, -0.011055173712754461, 0.11526853392902392], "aligned_model": [[0.15016249250193112, -0.7058635918328111, 0.33019853539009547, 0.4936682605081668, -0.31688891492999516, 0.36508652229630345, -0.5141263768389819, -0.5598453772851049, 0.007722623053348213, -0.03315403366000748, 0.6874413975643189, -0.25452851293005374, 0.5376822205793361, 0.0015826440206895553], [0.053073152938207614, -0.29007814268709986, -0.713487217391179, -0.24963120281703063, 0.35441126551508684, 0.3836103575479474, -0.4454839251082133, 0.22667364223813066, -0.48009259528438886, 0.4429371900182392, -0.31635604628014763, 0.6993724216971681, 0.3613127597167631, -0.07751166850515695], [-0.649654094532758, -0.31798376663423367, 0.025822297578349418, -0.26836368353335655, -0.4014624404034367, -0.22584011152679706, 0.38959310397927704, 0.36432572890909165, 0.5827841591230796, 0.6193326736723437, 0.422420071788759, 0.043629027630376016, 0.4807076458369127, 0.1259276725022572]], "inverted": true, "swapped": false, "error_lsq": 0.04408876488379968, "error_max": 0.28573499235075406, "target": "61.xyz", "model": "10.xyz", "model_rescale": 4.2482417240324, "target_rescale": 4.218723210842756},
{"mapping": [7, 6, 0, 2, 11, 5, 4, 3, 8, 12, 9, 13], "R": [[-0.6779690112487146, 0.576273382134234, 0.4563628039509924], [-0.5661540414303102, -0.8053236378827909, 0.175850617398275], [0.46885778351070106, -0.13915037661033813, 0.8722439747746236]], "T": [0.03290864438157438, 0.028692284307489064, 0.03449536305241121], "aligned_model": [[-0.606300612163256, -0.11006718597251414, 0.4893134236416046, 0.5929812037610455, -0.555415924760624, 0.017568639000780047, -0.230990998579565, 0.525703807454364, -0.008781565529952483, 0.13821153712379844, -0.39828933351488083, 0.022832611902206867], [-0.16085415487855118, -0.7044445482239873, 0.016814664954853637, -0.3802324737695116, 0.4268393123352998, 0.7193040505350634, 0.11334323432702909, 0.28210752269331235, -0.39114366898960873, 0.5899955876237813, 0.18897160718702663, -0.03456974374406843], [-0.009850842753510204, 0.06531374078527663, 0.6346871208720231, -0.2411134687416083, 0.2554775338779891, 0.13397020121863693, 0.6157641901772379, -0.15954310518314316, -0.5501149295716149, -0.5720934860916356, -0.6088035744376519, 0.0014989097023569153]], "inverted": true, "swapped": true, "error_lsq": 0.04716871601959168, "error_max": 0.25949284615691115, "target": "61.xyz", "model": "11.xyz", "model_rescale": 3.6694154284099745, "target_rescale": 4.218723210842756},
{"mapping": [10, 7, 12, 2, 9, 8, 5, 6, 0, 4, 1, 11, 3, 13], "R": [[0.11087123126986254, 0.8374902474035506, -0.535086586993773], [0.9011299697811337, 0.14234904377819568, 0.40951376936274875], [0.4191328520158708, -0.527585855799199, -0.7389051475809797]], "T": [-0.04875016968938095, -0.039044596972582064, 0.07567644019877302], "aligned_model": [[0.03521741859905628, -0.6123143807131345, 0.13908145146273893, 0.5668709126374691, -0.25411626826336636, 0.3456989409582003, -0.6130431372505374, -0.5107785323256055, -0.06280003437036569, 0.1517774997043881, 0.6728593668220364, -0.3026920709931934, 0.646113145893287, -0.01273642372373808], [-0.21600045357581094, -0.1827978293711349, -0.6760366410367494, -0.07564319509926817, 0.423831201069834, 0.5264274636878129, -0.5936024602421246, 0.05409411207834581, -0.3598300209305549, 0.33508644060617016, -0.2590985749867691, 0.6527985502121891, 0.39730276144690607, -0.07778136226052025], [-0.5286122790731353, -0.3868121614961079, -0.06829896798196226, -0.13876422525952098, -0.5474263025597432, -0.2361714378329824, 0.21209423787790604, 0.38826211877296174, 0.7141411436115837, 0.6818886722413489, 0.45951158407889164, 0.11921055742595689, 0.3364730200481207, 0.185742324536547]], "inverted": false, "swapped": false, "error_lsq": 0.03804676589231027, "error_max": 0.2422459844061631, "target": "61.xyz", "model": "12.xyz", "model_rescale": 3.9764082729961374, "target_rescale": 4.218723210842756},
{"mapping": [2, 9, 10, 8, 0, 7, 12, 6, 13, 14, 11, 4, 3, 15], "R": [[0.872070333943638, -0.21925861537371855, -0.4375145623174521], [-0.022055282714175672, -0.9107173670482585, 0.4124408343763814], [-0.4888833165079677, -0.35002790880312334, -0.7990454091596315]], "T": [-0.11314674438173779, -0.03759809357412564, 0.07375788365408137], "aligned_model": [[0.21098917304607512, -0.5585101325402998, 0.27149411732345013, 0.5511053820574339, -0.33513433315649427, 0.16974650110859535, -0.4018529786492645, -0.420866142619721, -0.21030118374561252, 0.20008905288642653, 0.5027604728410733, -0.3334642753337816, 0.6193257421647552, -0.0762435069454008], [-0.06667108134370336, -0.1656425442714191, -0.7434235129623546, -0.1941934462864112, 0.29144685734554304, 0.5244037997802795, -0.6031029627235749, 0.3058310498924904, -0.30002764114251823, 0.15420972131565774, -0.3038210971376973, 0.6436199388152178, 0.34574057824556786, 0.0603803320712487], [-0.6544935717660225, -0.30932852650839954, 0.07672163303395346, -0.1103612209453669, -0.5341556498410234, -0.3447621068421913, 0.1375269060050345, 0.6828752787964887, 0.6179750219930342, 0.7836178254961699, 0.498408694198291, 0.016609833101027704, 0.23180523875223688, 0.09879892891663168]], "inverted": true, "swapped": false, "error_lsq": 0.048484432827678094, "error_max": 0.34775532674569426, "target": "61.xyz", "model": "13.xyz", "model_rescale": 4.170626492500431, "target_rescale": 4.218723210842756},
{"mapping": [2, 6, 4, 0, 3, 1, 5, 11, 12, 10, 8, 9, 7, 13], "R": [[-0.843233078970528, 0.36143087974580296, 0.39790161308551886], [0.16749017155162566, 0.8800230420615203, -0.444417020234818], [-0.510788622586183, -0.308102522883151, -0.8026006593752257]], "T": [0.06067929900144994, -0.015021419054528001, 0.025422996981640605], "aligned_model": [[0.15614931633806906, -0.6539283058923748, 0.24730585051701492, 0.5669302221466418, -0.31827147904802544, 0.32679547002102394, -0.6528036212862067, -0.5878532157837971, -0.08416330811775638, 0.103910980987407, 0.5514130810624949, -0.16367586528655562, 0.736023482523699, -0.03869471974439938], [-0.29344657752786885, -0.3356383024574978, -0.698890346058105, 0.08893820360315638, 0.3113440172263604, 0.6731210736677928, -0.4864694930624156, 0.1952741545724794, -0.39503471944491275, 0.18772570408562786, -0.305247924839958, 0.7129898714756132, 0.3220749520441747, -0.027990621686120997], [-0.5630471162400802, -0.2812202030651968, 0.049022817773439115, -0.2725045213838089, -0.4492932490504138, -0.19011484917800128, 0.3350980917637001, 0.21208043752542519, 0.6339594641514326, 0.5501638193938907, 0.501348645889709, 0.30105093384911175, 0.3215751086802746, 0.04311890428038254]], "inverted": true, "swapped": false, "error_lsq": 0.04570517281587714, "error_max": 0.3171488544797296, "target": "61.xyz", "model": "14.xyz", "model_rescale": 3.9786697098870705, "target_rescale": 4.218723210842756},
{"mapping": [9, 7, 10, 12, 8, 2, 4, 0, 3, 5, 6, 13], "R": [[0.979073083631182, -0.20340746501012108, -0.006426514380681745], [-0.2034983773849584, -0.978211864538406, -0.04110910456315251], [0.0020754061332172837, 0.04155660301867226, -0.9991339957357727]], "T": [-0.06130692333257267, -0.01952158713574135, 0.09569160365087298], "aligned_model": [[-0.026661280326283475, -0.6152717676021674, 0.6172606581611334, 0.5332862084817256, 0.02322444163743983, 0.3503790227418906, -0.5150579714304707, 0.0026926996491168018, 0.5177325235753195, 0.1492085919702453, -0.47535340123061137, -0.0780851288600013], [-0.35164648780632607, -0.13365502726126566, 0.12465833550317612, -0.4725641980039876, 0.34085375348487534, 0.5970725109313113, -0.21547408981128016, 0.19108486800417984, -0.026526064254626613, -0.6454448768761475, 0.5734886942255568, 0.03282707208897304], [-0.6212096519176984, -0.26008841460276644, -0.4696019055939566, -0.27215555180436257, -0.5229791955098602, 0.010913317900803299, 0.5084807233313112, 0.8169582088940912, 0.1925499495699231, 0.3214756243932314, -0.09347973674146887, 0.04910312595458297]], "inverted": false, "swapped": true, "error_lsq": 0.045423876729736856, "error_max": 0.2841522096065514, "target": "61.xyz", "model": "15.xyz", "model_rescale": 3.769337070930944, "target_rescale": 4.218723210842756},
{"mapping": [7, 1, 9, 8, 11, 4, 5, 0, 3, 2, 13], "R": [[0.3354340009268408, 0.7112547181309582, -0.6177384211449563], [0.6470026882743659, 0.3026873088058019, 0.6998342049754677], [0.6847419604405415, -0.634426606491525, -0.358652099656048]], "T": [-0.013068572690536797, 0.07112735224943056, 0.04227287007011721], "aligned_model": [[-0.2631038106046643, -0.19787045384643645, -0.2254127207235699, -0.6639455774443123, 0.38152533387304205, 0.31375620335721033, 0.6349542749428874, 0.31037500129420725, 0.16350807858246252, -0.44611221408814183, -0.0850479846515141], [0.05273289981871038, -0.6200693036667274, 0.7337060115064719, 0.37854873310419623, 0.10485571152673326, -0.3797591941804579, 0.3215920064518355, -0.48299561111285494, 0.33649239706868356, 0.08132451258731219, 0.06963633452143911], [-0.5771033775783398, -0.19779596701716373, -0.3336980909811661, 0.08253097237762883, -0.5875191758385867, -0.2810986535542847, -0.024127557530815955, 0.43851590464618756, 0.5353442261257804, 0.6499160056910298, 0.039253320883507456]], "inverted": false, "swapped": true, "error_lsq": 0.03721260654254864, "error_max": 0.21374426598003915, "target": "61.xyz", "model": "16.xyz", "model_rescale": 3.7852294659196426, "target_rescale": 4.218723210842756},
{"mapping": [5, 9, 10, 12, 11, 7, 6, 8, 3, 0, 1, 2, 13], "R": [[-0.706267192559763, 0.5493174794887397, 0.44658365335274974], [0.7058340440813338, 0.4976985333626487, 0.5040778432984914], [0.054634741049450014, 0.6712275892845934, -0.7392351239312516]], "T": [-0.003623710080544731, 0.1477568376829092, -0.09890566436040578], "aligned_model": [[0.004122252912099661, -0.41709072891689114, 0.36260778502230595, 0.13275301203339432, -0.5811216926629484, -0.6483394405245385, -0.17343970971421813, -0.04984795949483239, 0.5013986977941236, 0.44115149549294164, -0.24929664584115774, 0.5462429183000942, -0.015374134184090714], [-0.2746247615101405, -0.4340333752593984, -0.4285762718447071, -0.6731676832410884, -0.003191103624092001, 0.22707497329630985, 0.6857226700464787, 0.034966685444504236, -0.14982550125871397, 0.5946504275743768, 0.8598221873623186, 0.26698058404435715, 0.16925679267266897], [-0.6544315013524288, 0.24171120680085606, 0.47946549951074996, -0.05910051330274192, -0.5429673419852017, 0.057725023919269466, 0.39164174941689706, 0.6116653706877604, -0.13228832518584097, -0.5125935688831972, -0.1452235376878851, 0.39129158879174925, -0.031140953586812625]], "inverted": true, "swapped": true, "error_lsq": 0.04219308191713324, "error_max": 0.2101231684667603, "target": "61.xyz", "model": "17.xyz", "model_rescale": 3.901054581598922, "target_rescale": 4.218723210842756},
{"mapping": [10, 6, 8, 5, 11, 9, 1, 7, 0, 3, 2, 12, 13, 14], "R": [[-0.8197457896049714, 0.551112847180765, 0.15585721060391416], [0.5674753245902958, 0.744804870236506, 0.35105193526474116], [0.07738602203279706, 0.3762184670431428, -0.9232935982934396]], "T": [0.016628144769466537, -0.09635936127188527, 0.024953000418876208], "aligned_model": [[0.0717040234886096, -0.6923307886507363, 0.3488173509874567, 0.6273680206922775, -0.3810881226365816, 0.3437793366045021, -0.4672166496889681, -0.5525004467778774, -0.17067797472893306, 0.07881692373085156, 0.6107561390489932, -0.17590936134249155, 0.5336285829369267, 0.013990854773206328], [-0.12383422215343048, -0.08637969731733718, -0.6708354428284605, -0.0929289260777941, 0.44181028809061795, 0.3460628620935142, -0.5568950241071309, 0.07478646641029715, -0.3143390823273376, 0.25372494869878875, -0.2391123110259264, 0.5963113508072436, 0.362871401688335, -0.04249262035305324], [-0.7927667117880113, -0.22203562745937966, 0.03172168799753824, -0.10570335445063958, -0.40970340189485605, -0.3375718887785777, 0.22366552535933473, 0.31902573929067585, 0.7270254876354909, 0.700955530884868, 0.5820630647131907, 0.212334155942027, 0.24703373255520283, 0.015194344383000016]], "inverted": false, "swapped": false, "error_lsq": 0.04079726297244255, "error_max": 0.2699629036260228, "target": "61.xyz", "model": "18.xyz", "model_rescale": 3.9405287249114394, "target_rescale": 4.218723210842756},
{"mapping": [4, 8, 1, 12, 7, 13, 6, 5, 2, 10, 3, 9, 14, 15], "R": [[0.11876465014648929, 0.4756932859743113, -0.8715565704844089], [-0.23540483312857743, -0.8392537625122759, -0.4901404764439429], [-0.9646136648499694, 0.26337999124449585, 0.012306819116272183]], "T": [0.07448459550462415, 0.012161389962067906, -0.0037330648770433073], "aligned_model": [[0.12184954025609662, -0.6340176794782034, 0.15637911866102072, 0.5680432302071866, -0.28047517110233217, 0.315543200638615, -0.445952681474435, -0.6555663156825405, -0.2570422557399699, 0.2649407706531095, 0.7003295719652082, -0.4162635597928441, 0.6850638695492991, 0.06630624977702514], [-0.15270697814929923, -0.1711625296397002, -0.6235056911673249, -0.12252144604268002, 0.3369858070629705, 0.6231741654608871, -0.48435326758425085, 0.09895315500705056, -0.2695571081705838, 0.11084138589893695, -0.3777467092917502, 0.6011271685846763, 0.3726204466489336, 0.006601592980460652], [-0.7145354367224551, -0.19527685199100658, 0.15355670918618947, -0.19969089198699452, -0.5176573891571231, -0.1447436405089844, 0.19850860037644497, 0.384539390177439, 0.7486298247757989, 0.7525028379312242, 0.4225512703374834, -0.03972482282427069, 0.3077170605614903, 0.034861624234628706]], "inverted": true, "swapped": false, "error_lsq": 0.044017271808170354, "error_max": 0.32777951321261495, "target": "61.xyz", "model": "19.xyz", "model_rescale": 4.410303926677745, "target_rescale": 4.218723210842756},
{"mapping": [1, 5, 0, 2, 8, 12, 3, 10, 6, 11, 4, 9, 4, 13], "R": [[-0.6314903954460145, -0.5749992426638686, 0.520188188442812], [-0.5422525927094264, -0.15204699204494826, -0.8263436560596257], [0.5542400257644172, -0.8039014760193325, -0.21577861500759793]], "T": [0.026082443456115743, -0.05140069977275412, 0.021412178211607374], "aligned_model": [[0.061616679182359, -0.7682845766536308, 0.17894178673334382, 0.6326321399766357, -0.36961663352405244, 0.36578616413775966, -0.32635794591754724, -0.701905134984035, 0.10883220200791395, 0.08251106479515793, 0.5872243746596024, -0.21910073219385542, 0.5872243746596024, -0.030365874442018406], [-0.2941550338691145, -0.11137298812592754, -0.7465230353160563, -0.2678788518920912, 0.4102736204997249, 0.621739840431144, -0.6432706495856044, 0.2062897053836925, -0.26897453509136426, 0.40761275772775113, 0.02632976567575046, 0.5876077442211067, 0.02632976567575046, -0.00525811413643551], [-0.6877616668653098, -0.23246788197435167, -0.059817941352644885, -0.13300091404405137, -0.44905210723976285, -0.02504352733272444, 0.24821259741113633, 0.3020609867506495, 0.5527500432493893, 0.7093480625939291, 0.43875029389267317, 0.09496587065022496, 0.43875029389267317, -0.006455825241966098]], "inverted": true, "swapped": false, "error_lsq": 0.051750547539022994, "error_max": 0.35176949492683895, "target": "61.xyz", "model": "20.xyz", "model_rescale": 4.121658175737393, "target_rescale": 4.218723210842756},
{"mapping": [0, 1, 6, 2, 8, 4, 7, 3, 11, 12, 9, 10, 13], "R": [[0.4532637148551042, -0.8763413020313573, 0.16302738159504415], [-0.5102564602951565, -0.10512449529149628, 0.8535731867958163], [-0.7308832666868273, -0.47007952821165655, -0.49480793004306056]], "T": [0.01288724883138076, -0.13752780066595136, 0.050543474447212675], "aligned_model": [[0.06926163136557598, -0.17357406531236813, 0.2429791718190672, 0.7529226240355256, 0.4613766989399227, -0.49935970462619766, -0.3470911079238305, 0.34793735902788764, -0.7168078195662084, 0.11154256986829873, -0.07524413368065505, 0.655733642017321, 0.05140603869995588], [-0.7513825981799497, -0.01598493280556021, 0.3268461657778703, -0.1580947403942234, 0.41440086660605646, -0.30595987698979143, 0.4161835592942186, -0.5019296719820593, -0.06384878445179416, -0.1871453676245902, 0.4040173403750774, 0.04417032605405477, -0.08044538151612615], [0.48491746433428523, 0.7716517246905004, 0.5893347159785438, 0.14427501736496698, -0.06778426917186438, 0.40256044650959577, 0.15204335005777586, -0.26516205731919185, -0.07434240999321373, -0.7752321331604283, -0.5190321571346943, -0.5448831539924162, 0.07176320131793006]], "inverted": false, "swapped": true, "error_lsq": 0.0625052676337278, "error_max": 0.4178205788856387, "target": "61.xyz", "model": "21.xyz", "model_rescale": 4.08911054899281, "target_rescale": 4.218723210842756},
{"mapping": [7, 13, 0, 8, 12, 5, 4, 14, 2, 15, 1, 9, 11, 16], "R": [[0.9209285811689966, -0.27007374774798165, 0.2809817061009821], [-0.13684494691643556, -0.8991391090055085, -0.4157190435380829], [0.36491644096902104, 0.3443966222745805, -0.8650011316040941]], "T": [0.024471779887754518, 0.007769899755671223, 0.03618311192690257], "aligned_model": [[-0.1461057344108904, -0.5271159260781623, 0.16080834867270632, 0.7169413942120935, -0.5601252929707172, 0.3912813899578895, -0.3037483718762173, -0.48171257648490373, -0.10096481222956986, 0.017909971291029846, 0.551268173683602, -0.1176395409851647, 0.5821491177133311, 0.0061917479422082915], [-0.20889062086814525, -0.26444101524645536, -0.7240294848258725, 0.005511668811547694, 0.29076519603776557, 0.5584041571158936, -0.5847116105664446, 0.32074095179225265, -0.34464120660249264, 0.24943180234023643, -0.3626309370993378, 0.6940896944869589, 0.3526133100255713, -0.033461913803151805], [-0.6193759765068909, -0.2054409481523878, -0.1782029858436722, 0.0009304284747554403, -0.3147149227236228, -0.20872846095139094, 0.2021029051108955, 0.27628538992062923, 0.6536990249580242, 0.723979219360873, 0.5001735868365053, -0.09155538423723711, 0.4311160676645197, 0.020970340478864133]], "inverted": true, "swapped": false, "error_lsq": 0.0447125820235428, "error_max": 0.26440921920582144, "target": "61.xyz", "model": "22.xyz", "model_rescale": 4.204369325754507, "target_rescale": 4.218723210842756},
{"mapping": [4, 8, 1, 12, 7, 13, 6, 5, 2, 10, 3, 9, 14, 15], "R": [[0.11876465014648929, 0.4756932859743113, -0.8715565704844089], [-0.23540483312857743, -0.8392537625122759, -0.4901404764439429], [-0.9646136648499694, 0.26337999124449585, 0.012306819116272183]], "T": [0.07448459550462415, 0.012161389962067906, -0.0037330648770433073], "aligned_model": [[0.12184954025609662, -0.6340176794782034, 0.15637911866102072, 0.5680432302071866, -0.28047517110233217, 0.315543200638615, -0.445952681474435, -0.6555663156825405, -0.2570422557399699, 0.2649407706531095, 0.7003295719652082, -0.4162635597928441, 0.6850638695492991, 0.06630624977702514], [-0.15270697814929923, -0.1711625296397002, -0.6235056911673249, -0.12252144604268002, 0.3369858070629705, 0.6231741654608871, -0.48435326758425085, 0.09895315500705056, -0.2695571081705838, 0.11084138589893695, -0.3777467092917502, 0.6011271685846763, 0.3726204466489336, 0.006601592980460652], [-0.7145354367224551, -0.19527685199100658, 0.15355670918618947, -0.19969089198699452, -0.5176573891571231, -0.1447436405089844, 0.19850860037644497, 0.384539390177439, 0.7486298247757989, 0.7525028379312242, 0.4225512703374834, -0.03972482282427069, 0.3077170605614903, 0.034861624234628706]], "inverted": true, "swapped": false, "error_lsq": 0.044017271808170354, "error_max": 0.32777951321261495, "target": "61.xyz", "model": "23.xyz", "model_rescale": 4.410303926677745, "target_rescale": 4.218723210842756},
{"mapping": [2, 1, 12, 5, 3, 8, 7, 11, 13, 14, 6, 10, 15, 16], "R": [[-0.8001619764900314, 0.011036278655772641, 0.5996824258997414], [0.42642211416860626, -0.6926462091601422, 0.5817262324187048], [0.4217878518017593, 0.7211930597901764, 0.5495230464529586]], "T": [-0.00480102773275996, 0.03740590066220485, 0.1347781888075353], "aligned_model": [[0.16383095777827464, -0.8099178455319289, 0.276691589554046, 0.5411265048698188, -0.31509450684334545, 0.2751004888354199, -0.4683137534297565, -0.4625201186161891, 0.052422064863415885, 0.13599317359096869, 0.5586292741095181, -0.28093314621076654, 0.5864352013743672, -0.0643119959066073], [-0.20001714584009855, -0.016002507720162082, -0.7076983183013533, -0.1277824473654074, 0.0929538422158558, 0.7549069375527897, -0.42560467760626736, 0.25536051368939655, -0.4579311101342867, 0.14186673480366963, -0.31493988751567537, 0.5880771671348224, 0.3329202320599934, 0.032640658625049175], [-0.7301423287144803, -0.15723174455319697, 0.02634644032293537, -0.1303217399934762, -0.7077675770975947, -0.1525440524795297, 0.24750819462113274, 0.5138698757538163, 0.6303116258610433, 0.7885479625189836, 0.5039621947978075, -0.07568833038710154, 0.4038974786484011, 0.03049028509112381]], "inverted": false, "swapped": false, "error_lsq": 0.04454832089148264, "error_max": 0.38076574850411843, "target": "61.xyz", "model": "24.xyz", "model_rescale": 4.28219845311461, "target_rescale": 4.218723210842756},
{"mapping": [3, 7, 5, 8, 4, 0, 9, 13, 11, 14, 10, 2, 6, 15], "R": [[0.9661095779158074, -0.17729169035699074, 0.18761647046488625], [-0.2490334301852024, -0.8314323459444903, 0.4966916596515726], [0.06793109825059909, -0.5265813428593938, -0.8474063105989152]], "T": [-0.06247434745969535, -0.03509155229331457, 0.0854485579043356], "aligned_model": [[-0.18062552052312383, -0.7727095004704521, 0.3658038088632868, 0.6088502578038618, -0.2819777331498612, 0.3103798045913895, -0.4261652534366267, -0.5738234518159334, 0.008480576217126237, 0.07048488780671466, 0.5142066549837333, -0.0940591203992335, 0.674276126136184, -0.03398364816983032], [-0.3223887677577826, -0.0965732026960559, -0.7592754771147554, -0.21175628754349554, 0.3539216044916862, 0.5805993674700044, -0.6035915635168607, 0.19196896057890478, -0.3805159967204852, 0.23522539233820933, -0.14241480601529813, 0.6283897922916275, 0.452337970693249, 0.02282300509937838], [-0.6241611623996659, -0.22653227458664799, -0.046521684047942116, 0.07777375396308997, -0.4934604164123826, -0.2985548856415149, 0.04789398391691736, 0.28515352505658864, 0.5003273633967245, 0.7850164360241633, 0.6198880394728731, 0.2515055718905999, 0.2637974708204514, 0.04911256293660991]], "inverted": true, "swapped": false, "error_lsq": 0.04729223966261957, "error_max": 0.3126444734034242, "target": "61.xyz", "model": "25.xyz", "model_rescale": 4.100010024507729, "target_rescale": 4.218723210842756},
{"mapping": [7, 6, 0, 2, 11, 5, 4, 3, 8, 12, 9, 13], "R": [[-0.6779690112487146, 0.576273382134234, 0.4563628039509924], [-0.5661540414303102, -0.8053236378827909, 0.175850617398275], [0.46885778351070106, -0.13915037661033813, 0.8722439747746236]], "T": [0.03290864438157438, 0.028692284307489064, 0.03449536305241121], "aligned_model": [[-0.606300612163256, -0.11006718597251414, 0.4893134236416046, 0.5929812037610455, -0.555415924760624, 0.017568639000780047, -0.230990998579565, 0.525703807454364, -0.008781565529952483, 0.13821153712379844, -0.39828933351488083, 0.022832611902206867], [-0.16085415487855118, -0.7044445482239873, 0.016814664954853637, -0.3802324737695116, 0.4268393123352998, 0.7193040505350634, 0.11334323432702909, 0.28210752269331235, -0.39114366898960873, 0.5899955876237813, 0.18897160718702663, -0.03456974374406843], [-0.009850842753510204, 0.06531374078527663, 0.6346871208720231, -0.2411134687416083, 0.2554775338779891, 0.13397020121863693, 0.6157641901772379, -0.15954310518314316, -0.5501149295716149, -0.5720934860916356, -0.6088035744376519, 0.0014989097023569153]], "inverted": true, "swapped": true, "error_lsq": 0.04716871601959168, "error_max": 0.25949284615691115, "target": "61.xyz", "model": "26.xyz", "model_rescale": 3.6694154284099745, "target_rescale": 4.218723210842756},
{"mapping": [9, 11, 3, 7, 10, 8, 12, 2, 6, 0, 1, 4, 5, 13], "R": [[-0.21365389003248564, -0.5118403317208476, 0.832088631155287], [0.8989955837182523, -0.4363429985109257, -0.03757297041189511], [0.3823074099845115, 0.7400163933821918, 0.5533685768062256]], "T": [0.04471494742590176, 0.04084830071407052, 0.038599521725904085], "aligned_model": [[-0.019577365481823206, -0.754732496704764, 0.31991279141700224, 0.6092667085551472, -0.3273222290936228, 0.2782088848664307, -0.41176709886396473, -0.5172290185937904, -0.05574803202502665, 0.056350783082416644, 0.49183799865960454, -0.17164980441443772, 0.693300191751691, -0.0017134247176275041], [-0.23687256090701447, -0.17528985200805605, -0.7044849310628896, -0.18399941812358642, 0.3605846676935395, 0.45767782099809934, -0.6079277155732652, 0.08560671174884268, -0.4419768957202176, 0.37188508323718344, -0.1968609836997406, 0.8300570311269951, 0.3440847446893945, 0.046266289199041695], [-0.5807559149917936, -0.18577416714158365, -0.10828730751724097, -0.12527035670760486, -0.3096069038477593, -0.3857716891595116, 0.017465769981356682, 0.41852755425178145, 0.5160693650170013, 0.6106245203740936, 0.7619403313410441, 0.11519223737180705, 0.3752942493490234, 0.0715905960692507]], "inverted": true, "swapped": false, "error_lsq": 0.04406724091458451, "error_max": 0.27269892574625293, "target": "61.xyz", "model": "27.xyz", "model_rescale": 4.103607728864725, "target_rescale": 4.218723210842756},
