[{"mapping": [13, 8, 5, 4, 6, 11, 0, 7, 3, 2, 1, 14], "R": [[0.4585845887996032, 0.4081062244953174, -0.7893981786422344], [0.6739619432021996, -0.738703343666547, 0.009626482793780033], [-0.5792024464991619, -0.5364388870915693, -0.6138060331939925]], "T": [0.03788443742758694, -0.07814611589346313, -0.061058569551549646], "aligned_model": [[-0.35547171517048637, 0.12609476623101354, 0.29523772312712326, -0.038622700802007574, 0.01830912582592157, -0.611152892133339, 0.36512579602619155, -0.13348836854136364, 0.520062578802445, 0.08899244893663721, -0.5219653383461749, 0.08452103850458825], [-0.35121065527009687, -0.7098100865501747, -0.28152638199115027, 0.6256802672942023, 0.4065970576567519, -0.5471379006763449, -0.1563425367813482, -0.5706595111774054, 0.2783070522419364, 0.2978357901276457, 0.1355891145906897, -0.07376717348764848], [-0.47101199589234344, -0.09552145382569026, -0.5879456855194399, -0.08695094798257133, -0.6732101171314536, 0.13663882591966978, 0.6291024426151054, 0.5610787550800002, 0.10216501495124858, 0.4977199782013534, 0.23633062277391148, -0.06644369383622745]], "inverted": false, "swapped": true, "error_lsq": 0.04071936523130904, "error_max": 0.2063790940557156, "target": "610.xyz", "model": "0.xyz", "model_rescale": 3.751011558992144, "target_rescale": 3.9680601566542513},
{"mapping": [4, 0, 1, 6, 7, 9, 12, 8, 5, 10, 11, 2, 3, 13, 14], "R": [[-0.9258015387985663, -0.0834600023788557, -0.3686813512521732], [0.37065347849782515, -0.39190733253328697, -0.8420360096718584], [-0.07421259755371151, -0.9162112587769073, 0.3937631517229181]], "T": [-0.014098644729659847, -0.0016186789156934483, -0.055207303318389266], "aligned_model": [[-0.2838755950301804, -0.21425070300202206, -0.07430596957078162, 0.516378367259408, 0.4118486502113905, 0.17471134337196312, 0.564241734218962, -0.6453182299759503, -0.3809450976399592, 0.12419496136515285, 0.7356039391340033, -0.6381105890091407, 0.03567980865039722, -0.07643779914642093, 0.028566448713811525], [-0.01945409489415237, -0.6682254539867625, -0.6212159260961069, -0.2967443343949, -0.5013111283232723, 0.6170304692707435, 0.010846526140024198, -0.00646782510055907, 0.4833676389327619, 0.5624983490286373, 0.22871905981281102, -0.0356045800373489, -0.2743674720740807, 0.3619017875185677, 0.023408349718581745], [-0.7984947745791618, 0.24658580379005898, -0.3685120730838137, -0.4970452062865025, 0.03727719124529621, 0.07054499755739949, 0.41099236293813496, -0.2600403405039263, 0.08726374104694404, -0.6340860517842566, -0.2022499868910931, 0.4862649064113432, 0.6565061860314386, 0.5704674513350161, -0.03160327648891556]], "inverted": true, "swapped": false, "error_lsq": 0.03407432361659046, "error_max": 0.20761716381118678, "target": "610.xyz", "model": "1.xyz", "model_rescale": 3.9405287249114394, "target_rescale": 3.9680601566542513},
{"mapping": [4, 10, 3, 13, 5, 2, 12, 6, 8, 7, 11, 1, 14], "R": [[-0.3868608295154822, -0.6924894565467035, -0.608931072583954], [-0.8754096826785032, 0.4833380788833483, 0.006495304001895519], [0.2898216452567267, 0.5355769357179281, -0.7931965455469904]], "T": [-0.07168666236132389, -0.0858111353653078, -0.06771342725547651], "aligned_model": [[-0.2174116313090086, 0.3346973741070713, -0.3271832133701213, 0.4007063562968726, 0.48353143901213985, -0.7064732011633195, 0.16495130159077437, 0.40334614255856677, 0.11462322636486531, -0.5505483215624856, -0.13502020005160859, -0.4007325313162491, -0.06850346187356622], [0.5709910419091326, 0.410502497644047, 0.31288265203221355, -0.3267999148371256, -0.09609689655574573, 0.14471782838034808, 0.1788041765738729, 0.5183552844314814, -0.6571147735727075, -0.7397399230210765, -0.7139857372187073, -0.07309412486380262, -0.07058951732991334], [0.1542560942664628, -0.6859413984270493, -0.47015762953033496, 0.2730568198494737, -0.3448980990814156, -0.05720938257474205, 0.6134847358253835, 0.0716258198078643, -0.28420569653945793, -0.02230873717110289, 0.46301488565374743, 0.5146283501086742, -0.11222541259885926]], "inverted": true, "swapped": true, "error_lsq": 0.053208003678906844, "error_max": 0.4387389880376401, "target": "610.xyz", "model": "2.xyz", "model_rescale": 3.932901565614263, "target_rescale": 3.9680601566542513},
{"mapping": [5, 9, 10, 8, 6, 4, 3, 12, 11, 1, 0, 7, 2, 14], "R": [[0.13080323136498245, -0.004609136327702434, 0.9913976349209188], [0.8100409637362516, -0.5760483244613608, -0.10955347988313166], [0.5715978933951067, 0.8174026448131738, -0.07161539302904596]], "T": [-0.02173431022955336, -0.04956237231282634, 0.01266833737743761], "aligned_model": [[-0.17395752830131841, 0.53784443002888, 0.12317399116025288, 0.08254142768187894, -0.5023006287045243, -0.1659781245543261, 0.4028548807311312, -0.7165294240303264, -0.30975418109701197, -0.24619309388852936, 0.6938215013889153, 0.3280833615625503, 0.35826358910646444, 0.007939710968666965], [0.04148759980960112, 0.04470916851578895, -0.4863047632353763, 0.5405500816033656, -0.5724799711164077, -0.7179183670515669, -0.4877624632517821, -0.26608750599899283, 0.5685696537853525, -0.10456970189328084, 0.017518398787338282, 0.524378994883657, -0.3738887104984817, -0.06470577598872629], [-0.5820940300666158, -0.5987170075773445, -0.7501807302013233, -0.20837913838725164, -0.31244987610992914, 0.19811191763234165, -0.10523526244826842, 0.25848604016053855, 0.4766126894615719, 0.6404798536996499, 0.2828606028842044, 0.4678736068790922, 0.46722516637004635, -0.02069746923961479]], "inverted": true, "swapped": true, "error_lsq": 0.038368879664819076, "error_max": 0.28463733969296584, "target": "610.xyz", "model": "3.xyz", "model_rescale": 3.9243930471874484, "target_rescale": 3.9680601566542513},
{"mapping": [12, 1, 4, 6, 3, 13, 5, 2, 0, 7, 9, 8, 14], "R": [[0.7857960406275529, -0.35691886267797024, -0.5051074222368209], [-0.6035988965263663, -0.26445123255251013, -0.7521528552851553], [0.1348812612864171, 0.8959210183192061, -0.42324056314070707]], "T": [-0.02042322214440155, -0.08720757651179314, -0.07433515322799866], "aligned_model": [[-0.14905621420787146, -0.1815521247754861, 0.48633553016318815, 0.3213518133002732, 0.5639494130791456, -0.49600784653104607, -0.04733056350880373, 0.3332580804584471, 0.1506665953057834, -0.48499337398782544, 0.23510645996196716, -0.4659092944609031, 0.01138741151448356], [-0.5896478151647857, 0.03248352137510535, -0.28179985368416927, -0.7807773215629209, 0.0912006286553437, -0.5004554429458293, -0.4911364055338877, 0.37384715934503665, 0.6561169831094794, 0.577666837525858, 0.08735884197319785, 0.03652232545331316, -0.08354990486415388], [-0.6409541492173018, -0.7125094003733742, -0.5295546033358035, -0.18496737380054562, 0.03913596716105103, -0.0943497267937744, 0.39611332996310833, -0.41864018464296304, 0.013532264855959875, -0.10764463286606804, 0.7002864815620684, 0.36634749342106837, -0.03972515056246148]], "inverted": false, "swapped": true, "error_lsq": 0.04904263605467793, "error_max": 0.3475173809358138, "target": "610.xyz", "model": "4.xyz", "model_rescale": 3.8936222436046832, "target_rescale": 3.9680601566542513},
{"mapping": [9, 5, 3, 0, 4, 12, 13, 1, 7, 8, 2, 14], "R": [[-0.8496806838707069, 0.0797790406617764, -0.5212274360853372], [-0.031540492936663014, -0.9944078356478734, -0.10078816253620376], [-0.5263534295151119, -0.06919798460358903, 0.8474454001081613]], "T": [-0.1421228029885881, -0.07210697593875796, 0.00037254136369034574], "aligned_model": [[0.03902413446040531, -0.40397966889203846, -0.21726541640340483, 0.45636967604716333, -0.614258375686582, -0.6310635661915915, -0.30503957162659207, -0.07984938973402, 0.640689760572311, 0.23828050656722388, 0.051157690585022286, -0.14651773748280006], [-0.5726457310039699, -0.6279539130637428, 0.11766942043013683, 0.18415384093174703, 0.439441416100733, 0.1821423776307179, -0.38413231649305285, 0.45337125232089787, 0.017170595408118744, -0.5732706949122718, 0.521158779237131, -0.08818212147663773], [-0.6418534871617133, -0.08720281783779646, -0.5865985538887466, -0.4066421463400083, -0.13116292429814647, 0.5354836727829221, 0.5233002902629199, 0.4097006561112042, 0.19588964917041596, 0.11035605462602514, -0.2582512828753807, -0.04373439127617702]], "inverted": false, "swapped": true, "error_lsq": 0.04326842607484568, "error_max": 0.2342695404809851, "target": "610.xyz", "model": "5.xyz", "model_rescale": 3.6523030999806103, "target_rescale": 3.9680601566542513},
{"mapping": [10, 4, 12, 5, 13, 3, 1, 9, 2, 7, 11, 8, 14], "R": [[0.09499615688923338, 0.8888072959637183, 0.4483272474632113], [-0.4560839520913638, -0.3614565043359613, 0.813226059664808], [0.8848520547645233, -0.2817282132035954, 0.3710337653962382]], "T": [0.060816630712278524, -0.04009206598152609, 0.034749113228079165], "aligned_model": [[0.35489816475427827, -0.33630440779447957, 0.0865414919283524, 0.6191282058750954, 0.5316668998648809, -0.2553215121499436, -0.3342270824536563, 0.31082994131590647, -0.6086018621992059, -0.16051557693265153, 0.14314948873418312, 0.46480958096926794, 0.0650295727522666], [-0.7265324483368243, 0.014467566166975143, 0.576608164278565, -0.2688179057560537, 0.3784588183471304, -0.5399164320137921, 0.49980937820153887, -0.8108225794921751, -0.12633147751998575, 0.12150512857870885, 0.6151912568386981, -0.10620683532222494, -0.08658572980737747], [0.5205440129065602, 0.6188839114100245, 0.49198951410421193, 0.18027215102596653, 0.05643547961135881, 0.22561251301831314, 0.03342731401989919, -0.16343098176009013, 0.009263172591420177, -0.7293787127465897, -0.45932788163926475, -0.4555433074186041, 0.04136255435858355]], "inverted": false, "swapped": true, "error_lsq": 0.0482261004403888, "error_max": 0.2681185709227889, "target": "610.xyz", "model": "6.xyz", "model_rescale": 4.08911054899281, "target_rescale": 3.9680601566542513},
{"mapping": [8, 5, 4, 3, 6, 1, 2, 10, 11, 9, 0, 12, 7, 13, 14], "R": [[-0.293803620450579, 0.607859949594988, 0.7376894429829609], [-0.25977522096851857, 0.6919264519589255, -0.6736131082827074], [-0.9198892689780057, -0.3895434080534693, -0.045383543947105365]], "T": [-0.03687228308371265, -0.017858080513045133, 0.0024770194949844445], "aligned_model": [[-0.24790533982585983, -0.401270068265825, -0.05245917971531649, 0.46772921841753917, 0.39673201333569735, 0.32294655245670784, 0.5872120387772635, -0.7242168153613481, -0.4165451328351109, 0.1062862950067508, 0.8639495132498488, -0.6108894520673704, 0.147715235129417, -0.13351463962648896, -0.027788969125271602], [-0.07557381693622967, -0.6657109486234085, -0.6162568250334348, -0.22714033164279038, -0.26363103328187637, 0.6165193348848458, 0.10857145064704213, -0.08391006881208227, 0.4292011887742887, 0.4981341089371677, 0.12290136176415814, 0.018961052190493294, -0.4417819958889835, 0.32287515930004607, 0.12122272923570745], [-0.6434973731988584, 0.1698154341488698, -0.3697130944415253, -0.5702617519449469, 0.02942022397020956, 0.08020577401236186, 0.4971222217856978, -0.20360434135981403, -0.020273801656878997, -0.5700742793886028, -0.228527425839029, 0.4233695939010237, 0.6233674499492659, 0.6431451368224795, -0.0866228360222901]], "inverted": true, "swapped": false, "error_lsq": 0.04064711639780646, "error_max": 0.284703451283589, "target": "610.xyz", "model": "7.xyz", "model_rescale": 3.964800864290218, "target_rescale": 3.9680601566542513},
{"mapping": [2, 7, 1, 3, 12, 9, 4, 11, 8, 5, 10, 6, 13, 14], "R": [[-0.7295849757948796, 0.17693345671182908, 0.6606060210067634], [0.5275949507639781, -0.46899537058115287, 0.7082986024988349], [0.4351428857544845, 0.8652964198871103, 0.24882277771098316]], "T": [0.026809497836099455, -0.05702347875433831, 0.03665755683581671], "aligned_model": [[-0.28836132359892697, 0.4161401102063611, 0.3108321819689275, -0.5834425620772345, 0.3278617091776682, -0.4091364763360118, -0.34480085791380843, 0.8090969849710433, 0.34948720617894957, -0.008620890606359302, -0.6322734940573244, -0.20883665643504215, 0.5352671525496878, -0.01202519456705764], [-0.08960868080343043, -0.623054949232967, 0.23386129738442887, -0.129356909094172, 0.6471223575649606, -0.6292476172302984, 0.49344611961786056, -0.1560027790015824, -0.5327941647238672, -0.07455548573109008, 0.0005761932965172231, 0.5957324037645111, 0.14983672426482944, -0.07500604389449791], [-0.5598434455505235, -0.3958039819843293, -0.4946352191405917, -0.055845728825953476, -0.023308549602311095, 0.4589349217672899, -0.20988716506936742, -0.20524406599498482, 0.3150268713023983, 0.6560456383949129, 0.633292218352105, 0.39508370284998073, 0.34655235671202367, 0.0564474855143723]], "inverted": false, "swapped": true, "error_lsq": 0.04391301472437476, "error_max": 0.22080891735894165, "target": "610.xyz", "model": "8.xyz", "model_rescale": 4.121658175737393, "target_rescale": 3.9680601566542513},
{"mapping": [12, 13, 5, 6, 11, 1, 8, 0, 9, 7, 4, 3, 14], "R": [[0.41686823564681175, 0.6059409925395027, -0.6775370009593253], [0.8545463306764634, -0.5153007636881639, 0.06492835797852675], [-0.30979258034385987, -0.6060533281012799, -0.7326171719672259]], "T": [-0.0073689909776062865, 0.013119567792974775, -0.030381314329038484], "aligned_model": [[-0.6167681313227955, -0.2811856602995832, 0.3576977679959136, -0.018163958641838944, -0.5876380725557122, -0.6340819457217434, 0.19306878051122825, 0.22072281349402112, 0.8117946363386767, -0.1825830764937765, -0.19982203898195822, 0.3756209859861709, 0.03807539612659459], [0.33438335951111625, -0.19360262747279774, -0.01187961594745189, 0.6327384390687062, -0.5714749512413801, 0.06790425997038534, -0.5711151984717824, -0.19740630168565745, -0.1410749793225065, -0.6414034533996881, 0.6835489514272022, 0.3749888526730072, 0.02478070430255662], [-0.37019301300674634, -0.5591964831793726, -0.5316851957983091, -0.5058227695729246, -0.07309022221729061, 0.19718046136040976, -0.1930544896655357, 0.671884160221135, 0.0012813341195083428, 0.416712157805203, 0.09364126831457636, 0.2991120207129885, -0.025693795134553398]], "inverted": false, "swapped": true, "error_lsq": 0.041379710179878994, "error_max": 0.2547909183857659, "target": "610.xyz", "model": "9.xyz", "model_rescale": 3.833441315466971, "target_rescale": 3.9680601566542513},
{"mapping": [0, 4, 5, 13, 2, 11, 9, 1, 12, 10, 8, 6, 3, 7, 14], "R": [[-0.08960936017876664, 0.37774529137199825, 0.9215631597533815], [0.9675191611319204, 0.25262024704099906, -0.009470144007900028], [-0.2363828153883818, 0.8907814017093247, -0.38811294613531433]], "T": [-0.05185977955535371, 0.04470258221490039, -0.015516852419259286], "aligned_model": [[-0.1815034454303853, -0.40729501451706157, -0.13705430130733678, 0.29545555452119876, 0.4544081496173259, 0.09437572328457006, 0.6798103153317169, -0.6700154747485508, -0.4807083332030084, 0.24665671823231428, 0.6524665061378763, -0.6679205170286086, 0.23427903067156003, 0.14998774125382588, 0.015038616735196374], [-0.02583237011032733, -0.5200067992300256, -0.5833850870450471, -0.39186522311317956, -0.46553561807904104, 0.6845480882619362, -0.05856020754623361, -0.08299850039578202, 0.45939210253552987, 0.5865802653933335, 0.3695001243832207, -0.01070355855517608, -0.4082683661204983, 0.2969048733176244, 0.014611641818610466], [-0.6803779673166697, 0.42115429197437215, -0.2514892547337431, -0.5851370341903861, -0.015650192740453255, 0.1703594159533821, 0.31900638299407913, -0.3991636990296546, -0.10002470460669666, -0.5568214067522422, -0.09291454140114727, 0.2648915913797666, 0.6680500799243762, 0.5672056883216502, 0.04478228096132895]], "inverted": false, "swapped": false, "error_lsq": 0.045990517335384555, "error_max": 0.27937477262254934, "target": "610.xyz", "model": "10.xyz", "model_rescale": 4.2482417240324, "target_rescale": 3.9680601566542513},
{"mapping": [0, 1, 11, 12, 9, 5, 8, 6, 4, 10, 3, 14], "R": [[0.22753460515592933, -0.01591679079842484, 0.9736399022365583], [0.49927259765522597, 0.8603473169492591, -0.10261270607879802], [-0.8360352125880453, 0.5094596647320474, 0.2037056045472773]], "T": [-0.020642794924155508, -0.011002927282448345, 0.04308985296207082], "aligned_model": [[-0.7513015513353708, 0.1777834042112817, 0.1903483106880413, 0.6779133566502528, -0.5567328713013275, 0.15107427940245122, -0.16517848571537902, 0.5183507720474195, 0.17214266766723008, -0.09082677864232443, -0.3995296521690017, -0.047277849140266545], [-0.24584729987424192, -0.6497542201518983, -0.43530942635438363, -0.30120159241805, 0.6280616901533026, 0.5824990506263962, 0.2605349452527418, 0.2516031983250592, -0.2549481431459443, 0.7197254083877462, 0.08855085464192647, 0.02221692460798523], [0.06566665684615741, 0.05645702357910968, 0.718170409437648, -0.09052812686051676, 0.03971720763388604, 0.1020214054129791, 0.6028618978093201, -0.4575223840926975, -0.5934789431649978, -0.46167874711555323, -0.43933149144870004, 0.022837381817721308]], "inverted": false, "swapped": true, "error_lsq": 0.0557047467234918, "error_max": 0.37086359493866244, "target": "610.xyz", "model": "11.xyz", "model_rescale": 3.6694154284099745, "target_rescale": 3.9680601566542513},
{"mapping": [9, 0, 2, 7, 8, 10, 5, 6, 1, 12, 4, 13, 3, 14], "R": [[-0.8372615272286008, 0.3554449982647901, 0.4155141251887525], [-0.43735619247618046, -0.8914168310043378, -0.1187248680981459], [0.32819612417816457, -0.2811314400964916, 0.9018050883997625]], "T": [0.12391271967016387, 0.07137558701284205, -0.01213732806951164], "aligned_model": [[-0.09002499183715768, 0.029814031306267696, -0.19251984172030068, 0.6507323051120439, 0.5923195743737645, -0.4913275050497286, 0.12470346106465047, -0.28787257485642953, 0.27708535317899163, 0.18539228589904674, -0.412874996256471, 0.5555183606395073, -0.4363405038775417, 0.09365989227916646], [-0.44241013115887795, 0.44416421630326175, 0.6331205917927311, 0.47388664474266695, -0.22689468302742025, -0.5687210161385623, -0.5473062865118279, -0.23605334852844176, 0.6515737931997312, 0.228471415523827, 0.3417544383168487, -0.17226604641892626, 0.10498494023878752, 0.04668275980245615], [-0.6334765441042588, -0.6767408824175166, -0.21343529532509642, -0.48058039468439234, -0.3277288184533515, -0.0858722334187348, 0.03722250753926506, 0.5760879477695221, 0.28360417692686446, 0.7372563537036654, 0.36289541707378903, 0.377362918865494, -0.27893930803134837, -0.038560385791485643]], "inverted": false, "swapped": true, "error_lsq": 0.030837315806296943, "error_max": 0.18271638186160882, "target": "610.xyz", "model": "12.xyz", "model_rescale": 3.9764082729961374, "target_rescale": 3.9680601566542513},
{"mapping": [11, 1, 10, 13, 12, 4, 5, 8, 7, 14, 6, 2, 9, 0, 15], "R": [[-0.9918440643439479, -0.07305308251091655, -0.10444423948371608], [0.04353524034259397, -0.9643367703160222, 0.26107331588037874], [-0.1197916310682478, 0.25439701364622314, 0.9596520851714396]], "T": [0.05439182424266313, 0.0006194199324679895, -0.02569751651273143], "aligned_model": [[-0.20019023126858532, -0.26962725596744214, -0.2848029442766363, 0.44375760973423184, 0.2985335389821312, 0.2282981036825314, 0.6719618550850064, -0.5956157343616324, -0.3959339456400391, 0.23308305766678278, 0.6789014378092303, -0.6398111804835331, 0.17879976453038754, -0.1134360157502405, 0.04406320980844051], [-0.13262467622620935, -0.5087523335101539, -0.6422717051248524, -0.21240955990442273, -0.5885405467155882, 0.6356538194334819, 0.13392885060241888, -0.08364610764780904, 0.5473537595700394, 0.3083028850554676, 0.3628563276757331, -0.0625964807147862, -0.22694346681664726, 0.22926245637710396, 0.10480814346116885], [-0.7659533416164148, 0.17146898854221365, -0.36889543213859444, -0.4469972732478691, -0.003361631224668163, 0.2612722365989806, 0.5253558008119706, -0.2903526341043807, 0.2375931247254453, -0.7413848560419002, -0.27555942023309793, 0.36204653829739264, 0.5167385843188755, 0.64263182708289, -0.0507315810328809]], "inverted": true, "swapped": false, "error_lsq": 0.047185924565147176, "error_max": 0.2949255482513527, "target": "610.xyz", "model": "13.xyz", "model_rescale": 4.170626492500431, "target_rescale": 3.9680601566542513},
{"mapping": [1, 12, 11, 13, 0, 9, 8, 4, 2, 6, 4, 5, 3, 14], "R": [[0.15607814226298003, -0.9073549407160371, -0.3903160579145235], [-0.1696287078278101, 0.3646658203487493, -0.9155571751398386], [0.9730702518258403, 0.2091072715798532, -0.09699708234800224]], "T": [-0.07466134444867938, 0.08367786072146775, 0.03828661273847944], "aligned_model": [[0.2741347042606013, -0.023105429933235652, -0.3169588933717789, -0.5497765090733847, 0.30695396988953977, -0.3189305447730607, -0.5832031478998565, 0.45129708225294046, 0.5713010646392295, -0.09004732806792841, 0.45129708225294046, -0.5642495629943622, 0.30873910941267935, -0.07426857450268036], [-0.30644222628133494, -0.6826332747946123, -0.1555721633032643, -0.3118405820760102, 0.6947772841704037, 0.7913031796405859, 0.3856239200926157, -0.2653447173749782, 0.23627696001135035, -0.40653771424875457, -0.2653447173749782, 0.1229946586370941, 0.4023379040652311, 0.11647595676231778], [-0.3784896893922366, 0.0256787602911209, -0.71293794311918, -0.08494430453062743, -0.22713956580266859, 0.406262829065565, -0.20292270652336764, 0.3599173147748284, -0.08682920906587807, 0.6461851370803221, 0.3599173147748284, 0.417709654914624, 0.4093074051295164, 0.0721581035240195]], "inverted": false, "swapped": true, "error_lsq": 0.05057030006000748, "error_max": 0.3707038415475631, "target": "610.xyz", "model": "14.xyz", "model_rescale": 3.9786697098870705, "target_rescale": 3.9680601566542513},
{"mapping": [5, 13, 9, 10, 8, 0, 12, 1, 3, 6, 11, 14], "R": [[-0.43784778277978853, 0.07202599548193317, 0.8961593469298077], [0.8922561009259937, 0.1571147829320741, 0.4233131173783186], [-0.1103103325856922, 0.9849503545656724, -0.1330579932427593]], "T": [0.04690309366886716, 0.07333543960472959, 0.044124144754495706], "aligned_model": [[0.027426957041797914, -0.5289161082792737, 0.621480933273037, 0.5781669502584597, -0.10168268809776407, 0.5392041254165022, -0.4861527964771626, -0.27284967081364087, 0.6464258981215305, -0.010780433900478031, -0.6165397912067384, 0.08757122143106685], [-0.31654752910997647, -0.09124285371664496, 0.05651314986087751, -0.5688285407033198, 0.34050445078927805, 0.6602395726267495, -0.2762079417474148, 0.3026605725089666, -0.027663897358385217, -0.6881634848025716, 0.5633431840892863, 0.06006780778759367], [-0.4383861971860324, -0.15260244027029957, -0.5603465714828364, -0.2706220527168722, -0.5166887556368682, 0.09615339147134064, 0.4727505196013258, 0.5851629649146418, 0.1728412784455574, 0.20807734876706613, 0.03933265369160108, 0.02429435427520541]], "inverted": true, "swapped": true, "error_lsq": 0.04040119438563219, "error_max": 0.1919651507056377, "target": "610.xyz", "model": "15.xyz", "model_rescale": 3.769337070930944, "target_rescale": 3.9680601566542513},
{"mapping": [3, 6, 0, 2, 9, 5, 8, 13, 7, 1, 14], "R": [[-0.3378518228559314, 0.9370218553525145, 0.08857871293180947], [-0.6253203951613797, -0.15312930600968533, -0.7651965884896564], [-0.7034419302175132, -0.3139131380377759, 0.6376738920319194]], "T": [-0.04107256639551746, -0.03884680984165311, 0.03125185614270079], "aligned_model": [[-0.35167652171041797, -0.2684538728043223, -0.1670351421867537, -0.5804677837037308, 0.36086067262710875, 0.3767704212530192, 0.5657942528299473, 0.29604204384441124, 0.15975823245177848, -0.4331625531673481, -0.035803618742521276], [0.12066661247894536, -0.7563785561148627, 0.7000335216358067, 0.36621216525463923, 0.20101527685347068, -0.39065269498905025, 0.15153943617690757, -0.42756888308172775, 0.6416134954035936, 0.02285289069012828, -0.03326876668250851], [-0.4828271364972707, -0.17739758411116438, -0.13522064905810935, -0.0032142745290880403, -0.6591997212470073, -0.26344143546719556, 0.08985104876539415, 0.39540018657826315, 0.4257562250404272, 0.5697808164815014, -0.015269868731973987]], "inverted": false, "swapped": true, "error_lsq": 0.04198061578292804, "error_max": 0.2750886445178637, "target": "610.xyz", "model": "16.xyz", "model_rescale": 3.7852294659196426, "target_rescale": 3.9680601566542513},
{"mapping": [8, 1, 2, 7, 13, 12, 6, 4, 0, 9, 5, 3, 14], "R": [[0.07209397012210056, 0.024714281347873845, -0.9970916024967276], [0.8668915340207755, 0.4928384252808085, 0.07489562610620201], [0.4932560468105188, -0.8697697918783978, 0.014106077437338327]], "T": [-0.03974262372901773, 0.07206997689156677, -0.03353316744221524], "aligned_model": [[0.0012012638759679936, -0.33447853492949015, 0.32172831121520507, 0.15429792345003587, -0.6003345654422647, -0.7195191333827351, -0.38691672136123756, -0.10309200901028456, 0.6147519870044424, 0.5749373881011901, -0.1237713375261765, 0.4588926418906064, -0.003931363668975965], [0.00812165806111699, -0.42439626325734037, -0.27127822043345085, -0.6346547140805829, 0.1325797758997871, 0.07015098645987725, 0.6659388858351828, 0.20731019248145124, -0.3293657044556536, 0.4756430402890388, 0.5940681323252173, 0.27836252166473024, 0.10257533291350064], [-0.6677274081228239, 0.30441189752733017, 0.42216263735384435, -0.382648350555559, -0.31536708365963007, 0.324167742648233, 0.3364378033861468, 0.6589928426134468, -0.03669670884180434, -0.42736662912531087, -0.3585891322432566, 0.27469210323310983, -0.03671501707055223]], "inverted": false, "swapped": true, "error_lsq": 0.042314679354824976, "error_max": 0.2928678639198447, "target": "610.xyz", "model": "17.xyz", "model_rescale": 3.901054581598922, "target_rescale": 3.9680601566542513},
{"mapping": [4, 0, 1, 6, 7, 9, 12, 8, 5, 10, 11, 2, 3, 13, 14], "R": [[-0.9258015387985663, -0.0834600023788557, -0.3686813512521732], [0.37065347849782515, -0.39190733253328697, -0.8420360096718584], [-0.07421259755371151, -0.9162112587769073, 0.3937631517229181]], "T": [-0.014098644729659847, -0.0016186789156934483, -0.055207303318389266], "aligned_model": [[-0.2838755950301804, -0.21425070300202206, -0.07430596957078162, 0.516378367259408, 0.4118486502113905, 0.17471134337196312, 0.564241734218962, -0.6453182299759503, -0.3809450976399592, 0.12419496136515285, 0.7356039391340033, -0.6381105890091407, 0.03567980865039722, -0.07643779914642093, 0.028566448713811525], [-0.01945409489415237, -0.6682254539867625, -0.6212159260961069, -0.2967443343949, -0.5013111283232723, 0.6170304692707435, 0.010846526140024198, -0.00646782510055907, 0.4833676389327619, 0.5624983490286373, 0.22871905981281102, -0.0356045800373489, -0.2743674720740807, 0.3619017875185677, 0.023408349718581745], [-0.7984947745791618, 0.24658580379005898, -0.3685120730838137, -0.4970452062865025, 0.03727719124529621, 0.07054499755739949, 0.41099236293813496, -0.2600403405039263, 0.08726374104694404, -0.6340860517842566, -0.2022499868910931, 0.4862649064113432, 0.6565061860314386, 0.5704674513350161, -0.03160327648891556]], "inverted": true, "swapped": false, "error_lsq": 0.03407432361659046, "error_max": 0.20761716381118678, "target": "610.xyz", "model": "18.xyz", "model_rescale": 3.9405287249114394, "target_rescale": 3.9680601566542513},
{"mapping": [13, 10, 11, 9, 5, 0, 6, 14, 12, 7, 8, 3, 2, 1, 15], "R": [[0.061006418786887937, -0.40410218250128527, 0.9126771844220152], [0.9566981500357922, 0.2844073064113154, 0.06197688099568466], [-0.2846170525195073, 0.8693755863592895, 0.403954481665385]], "T": [-0.03994729267108033, 0.12071213393042356, -0.08270834850700456], "aligned_model": [[-0.3294506090401933, -0.3552673022372854, -0.10993533384196971, 0.3745610357744409, 0.6053692833744574, 0.31796462931132213, 0.5000030550887723, -0.7307344184819862, -0.4771552971426748, 0.34742647765811685, 0.7066663196495959, -0.671428670670823, 0.20371923920590507, -0.06656412810877016, -0.037193010988274926], [-0.014856508187990627, -0.5316076227102928, -0.5380562152574635, -0.2355547423682296, -0.39340573500315146, 0.6364225715693084, 0.09336355901919347, -0.2023079989005147, 0.4494861018889686, 0.32636146332472626, 0.23551177550642244, 0.07427311512329707, -0.44203616570534954, 0.3176178968962089, 0.08916987031981147], [-0.673588047309918, 0.22217894806320534, -0.3661499440803152, -0.6214723093082402, 0.019819580775366413, 0.1976772049174251, 0.4330329946065363, -0.21765316195300682, -0.05277674266714508, -0.6334128648512587, -0.041949156568864165, 0.486943546641026, 0.5331376188526389, 0.5466080175296523, -0.058524753909140095]], "inverted": true, "swapped": false, "error_lsq": 0.0446474087096343, "error_max": 0.2771795322711633, "target": "610.xyz", "model": "19.xyz", "model_rescale": 4.410303926677745, "target_rescale": 3.9680601566542513},
{"mapping": [2, 7, 1, 3, 12, 9, 4, 11, 8, 5, 10, 6, 13, 14], "R": [[-0.7295849757948796, 0.17693345671182908, 0.6606060210067634], [0.5275949507639781, -0.46899537058115287, 0.7082986024988349], [0.4351428857544845, 0.8652964198871103, 0.24882277771098316]], "T": [0.026809497836099455, -0.05702347875433831, 0.03665755683581671], "aligned_model": [[-0.28836132359892697, 0.4161401102063611, 0.3108321819689275, -0.5834425620772345, 0.3278617091776682, -0.4091364763360118, -0.34480085791380843, 0.8090969849710433, 0.34948720617894957, -0.008620890606359302, -0.6322734940573244, -0.20883665643504215, 0.5352671525496878, -0.01202519456705764], [-0.08960868080343043, -0.623054949232967, 0.23386129738442887, -0.129356909094172, 0.6471223575649606, -0.6292476172302984, 0.49344611961786056, -0.1560027790015824, -0.5327941647238672, -0.07455548573109008, 0.0005761932965172231, 0.5957324037645111, 0.14983672426482944, -0.07500604389449791], [-0.5598434455505235, -0.3958039819843293, -0.4946352191405917, -0.055845728825953476, -0.023308549602311095, 0.4589349217672899, -0.20988716506936742, -0.20524406599498482, 0.3150268713023983, 0.6560456383949129, 0.633292218352105, 0.39508370284998073, 0.34655235671202367, 0.0564474855143723]], "inverted": false, "swapped": true, "error_lsq": 0.04391301472437476, "error_max": 0.22080891735894165, "target": "610.xyz", "model": "20.xyz", "model_rescale": 4.121658175737393, "target_rescale": 3.9680601566542513},
{"mapping": [10, 4, 12, 5, 13, 3, 1, 9, 2, 7, 11, 8, 14], "R": [[0.09499615688923338, 0.8888072959637183, 0.4483272474632113], [-0.4560839520913638, -0.3614565043359613, 0.813226059664808], [0.8848520547645233, -0.2817282132035954, 0.3710337653962382]], "T": [0.060816630712278524, -0.04009206598152609, 0.034749113228079165], "aligned_model": [[0.35489816475427827, -0.33630440779447957, 0.0865414919283524, 0.6191282058750954, 0.5316668998648809, -0.2553215121499436, -0.3342270824536563, 0.31082994131590647, -0.6086018621992059, -0.16051557693265153, 0.14314948873418312, 0.46480958096926794, 0.0650295727522666], [-0.7265324483368243, 0.014467566166975143, 0.576608164278565, -0.2688179057560537, 0.3784588183471304, -0.5399164320137921, 0.49980937820153887, -0.8108225794921751, -0.12633147751998575, 0.12150512857870885, 0.6151912568386981, -0.10620683532222494, -0.08658572980737747], [0.5205440129065602, 0.6188839114100245, 0.49198951410421193, 0.18027215102596653, 0.05643547961135881, 0.22561251301831314, 0.03342731401989919, -0.16343098176009013, 0.009263172591420177, -0.7293787127465897, -0.45932788163926475, -0.4555433074186041, 0.04136255435858355]], "inverted": false, "swapped": true, "error_lsq": 0.0482261004403888, "error_max": 0.2681185709227889, "target": "610.xyz", "model": "21.xyz", "model_rescale": 4.08911054899281, "target_rescale": 3.9680601566542513},
{"mapping": [8, 15, 11, 5, 9, 7, 12, 1, 0, 6, 10, 2, 14, 13, 16], "R": [[-0.5824736759599979, -0.7722042689864141, 0.25382077096409006], [-0.23065211015559456, 0.4564419279337383, 0.8593371692792671], [-0.7794382726646278, 0.44199698345496646, -0.44397595173870774]], "T": [-0.028698075055676266, -0.010208529948626687, 0.04330764962600769], "aligned_model": [[-0.18324945282893654, -0.345580227780293, -0.21692115803874823, 0.41626429200500237, 0.5557396332899245, 0.32783886575664906, 0.555408538701049, -0.7353522483878372, -0.40323638762990793, 0.05599841109306824, 0.7129100509497912, -0.6631675134832489, 0.14278103988207022, 0.09950036325561853, -0.040952937233567924], [-0.05016720650059976, -0.6485029441535392, -0.5813149706815965, -0.2859216905965238, -0.41638353127234146, 0.6047659895689416, 0.071775904494145, -0.09821442132629399, 0.6593133013098851, 0.4977634070307407, 0.18183842379788906, -0.152905057097984, -0.3538246323003085, 0.40409762252748876, 0.032061170715041665], [-0.6314361490536653, 0.1971678458224044, -0.43029823573028064, -0.4296826239457356, 0.07496274283296847, 0.06530624480293162, 0.4872305284110907, -0.30725364838206043, -0.06412124807647485, -0.49553847407430623, -0.2102091431398347, 0.35689984055901863, 0.5574530311008092, 0.5419513485365836, 0.06143887107451308]], "inverted": true, "swapped": false, "error_lsq": 0.04217870810724216, "error_max": 0.2684198447705463, "target": "610.xyz", "model": "22.xyz", "model_rescale": 4.204369325754507, "target_rescale": 3.9680601566542513},
{"mapping": [13, 10, 11, 9, 5, 0, 6, 14, 12, 7, 8, 3, 2, 1, 15], "R": [[0.061006418786887937, -0.40410218250128527, 0.9126771844220152], [0.9566981500357922, 0.2844073064113154, 0.06197688099568466], [-0.2846170525195073, 0.8693755863592895, 0.403954481665385]], "T": [-0.03994729267108033, 0.12071213393042356, -0.08270834850700456], "aligned_model": [[-0.3294506090401933, -0.3552673022372854, -0.10993533384196971, 0.3745610357744409, 0.6053692833744574, 0.31796462931132213, 0.5000030550887723, -0.7307344184819862, -0.4771552971426748, 0.34742647765811685, 0.7066663196495959, -0.671428670670823, 0.20371923920590507, -0.06656412810877016, -0.037193010988274926], [-0.014856508187990627, -0.5316076227102928, -0.5380562152574635, -0.2355547423682296, -0.39340573500315146, 0.6364225715693084, 0.09336355901919347, -0.2023079989005147, 0.4494861018889686, 0.32636146332472626, 0.23551177550642244, 0.07427311512329707, -0.44203616570534954, 0.3176178968962089, 0.08916987031981147], [-0.673588047309918, 0.22217894806320534, -0.3661499440803152, -0.6214723093082402, 0.019819580775366413, 0.1976772049174251, 0.4330329946065363, -0.21765316195300682, -0.05277674266714508, -0.6334128648512587, -0.041949156568864165, 0.486943546641026, 0.5331376188526389, 0.5466080175296523, -0.058524753909140095]], "inverted": true, "swapped": false, "error_lsq": 0.0446474087096343, "error_max": 0.2771795322711633, "target": "610.xyz", "model": "23.xyz", "model_rescale": 4.410303926677745, "target_rescale": 3.9680601566542513},
{"mapping": [7, 10, 11, 14, 9, 5, 15, 1, 0, 12, 6, 3, 8, 4, 16], "R": [[-0.29103708683757135, 0.38416882004560404, 0.8761916067789446], [-0.9043887662410394, 0.18824778365354264, -0.3829408981116275], [-0.3120550810067204, -0.9038678496629347, 0.29265087863116324]], "T": [0.05274423173253863, -0.02979418880933686, -0.08752258949532564], "aligned_model": [[-0.28436866096306834, -0.2258255717638784, -0.029220854722441292, 0.5882522430914123, 0.331322221138651, 0.28075382483161554, 0.710012834037405, -0.7532403077668498, -0.4207486236947305, 0.10941301809899324, 0.6750065073429488, -0.7129161839610292, 0.16925265151013302, -0.10020094021880709, -0.059510887409721075], [0.030916598622866262, -0.47762055897798694, -0.5908073439519798, -0.3353290612847693, -0.5362115070152437, 0.4839990868662733, -0.07756861137678446, -0.2565526981657597, 0.5466479545639852, 0.7097996776322594, 0.34163811584080356, 0.15954456238477926, -0.28997533390406977, 0.1641279455615997, -0.008227461281028407], [-0.6572593660422323, 0.29409810312648915, -0.36906734787325624, -0.36686038050563863, 0.15404683586303664, 0.19466551931376713, 0.18639305410193907, -0.27541843855205567, -0.20544113039822742, -0.3973054104480397, -0.3171435667039353, 0.3451042124602016, 0.6834756122617052, 0.5550397445773649, -0.050456510443156584]], "inverted": false, "swapped": false, "error_lsq": 0.0442862943867786, "error_max": 0.30675197959165207, "target": "610.xyz", "model": "24.xyz", "model_rescale": 4.28219845311461, "target_rescale": 3.9680601566542513},
{"mapping": [6, 1, 0, 2, 4, 12, 7, 8, 11, 14, 13, 5, 3, 9, 15], "R": [[0.9559476146443653, 0.26062410629996974, -0.13505270553043325], [0.11904994547423799, 0.07631695905920559, 0.9899509241586354], [0.2683118866884745, -0.9624192417939791, 0.04192772932527589]], "T": [0.036411278694485495, 0.02968851122965388, -0.003652038845552182], "aligned_model": [[-0.34446323217227376, -0.33084629386073, 0.05620896219929462, 0.4025504675416684, 0.45082671738064534, 0.24212710252274985, 0.6226002663191137, -0.6274271930248211, -0.2217812123308853, 0.03470769030341731, 0.5821551717226786, -0.7008260585914093, 0.017060633389316363, 0.051198112442797795, 0.04389013570907014], [-0.2208674974386869, -0.4595693297740584, -0.6572792964825549, -0.08106978262777709, -0.5665517094214089, 0.7659611942996235, -0.013546306550226928, -0.09939269435960754, 0.5083510183123805, 0.49306901488270716, 0.25999086166207425, 0.08039544618430088, -0.4399231094054767, 0.32804111404331726, -0.03322755780966158], [-0.7810537551114854, 0.1850965750934854, -0.44323986275646454, -0.5715030044342683, 0.08240617681246362, -0.0017983331972474276, 0.5063079861263848, -0.16050414357424908, 0.022728126809479575, -0.6081520235564414, -0.0488282222250616, 0.419657063552743, 0.6120880225038325, 0.6026818277831244, -0.04201550308833289]], "inverted": false, "swapped": false, "error_lsq": 0.042921782238544, "error_max": 0.2953536546037789, "target": "610.xyz", "model": "25.xyz", "model_rescale": 4.100010024507729, "target_rescale": 3.9680601566542513},
{"mapping": [0, 1, 11, 12, 9, 5, 8, 6, 4, 10, 3, 14], "R": [[0.22753460515592933, -0.01591679079842484, 0.9736399022365583], [0.49927259765522597, 0.8603473169492591, -0.10261270607879802], [-0.8360352125880453, 0.5094596647320474, 0.2037056045472773]], "T": [-0.020642794924155508, -0.011002927282448345, 0.04308985296207082], "aligned_model": [[-0.7513015513353708, 0.1777834042112817, 0.1903483106880413, 0.6779133566502528, -0.5567328713013275, 0.15107427940245122, -0.16517848571537902, 0.5183507720474195, 0.17214266766723008, -0.09082677864232443, -0.3995296521690017, -0.047277849140266545], [-0.24584729987424192, -0.6497542201518983, -0.43530942635438363, -0.30120159241805, 0.6280616901533026, 0.5824990506263962, 0.2605349452527418, 0.2516031983250592, -0.2549481431459443, 0.7197254083877462, 0.08855085464192647, 0.02221692460798523], [0.06566665684615741, 0.05645702357910968, 0.718170409437648, -0.09052812686051676, 0.03971720763388604, 0.1020214054129791, 0.6028618978093201, -0.4575223840926975, -0.5934789431649978, -0.46167874711555323, -0.43933149144870004, 0.022837381817721308]], "inverted": false, "swapped": true, "error_lsq": 0.0557047467234918, "error_max": 0.37086359493866244, "target": "610.xyz", "model": "26.xyz", "model_rescale": 3.6694154284099745, "target_rescale": 3.9680601566542513},
