[{"mapping": [3, 7, 0, 6, 4, 9, 8, 11, 1, 12, 10, 13], "R": [[0.8870913709690932, -0.3756256928407829, 0.26828014915393317], [-0.45421067264117015, -0.8138674071174664, 0.36237067829882164], [0.08222873227181941, -0.4433116088145833, -0.8925879525734118]], "T": [-0.13307597685250133, 0.036387913879138686, -0.009704230088810332], "aligned_model": [[-0.25084335032174504, 0.2246490035963662, 0.3434212370581698, -0.19429673778172887, -0.037264692218013915, -0.5548468682716174, 0.3622627174442062, -0.17580985261740084, 0.561892817120988, 0.2212129419474404, -0.6036306576811452, -0.05910409581496989], [-0.3896270579886532, -0.6823545340065301, -0.21422459747255485, 0.6585088505761193, 0.3450303698973886, -0.40902059546832054, -0.1689649887441202, -0.505512620743047, -0.05130331977756926, 0.44035278760813423, 0.055099838123915126, -0.02442909602770494], [-0.564057977768474, -0.0029999819905375015, -0.6084993011497728, -0.01570601404561456, -0.6647716691529015, -0.06551073147014094, 0.659739084560691, 0.5796062670623979, 0.021393862297908985, 0.384722027022111, 0.4466633472039195, 0.011372832783975158]], "inverted": true, "swapped": true, "error_lsq": 0.03985627442070073, "error_max": 0.2206942345779115, "target": "611.xyz", "model": "0.xyz", "model_rescale": 3.751011558992144, "target_rescale": 3.9335966558072655},
{"mapping": [3, 12, 8, 0, 2, 13, 5, 7, 11, 1, 4, 6, 9, 14], "R": [[0.8722897079644294, 0.4885089781695211, 0.021671262702050137], [0.26660381700484603, -0.43796511798297644, -0.8585504994981975], [-0.4099183700906529, 0.7546824058356788, -0.5122708230851085]], "T": [-0.044544117618846704, 0.03533933793980783, 0.020389248041054277], "aligned_model": [[-0.47670652195242963, -0.7732384245902646, 0.5986264479516723, -0.10092452651349586, 0.2131709697479297, -0.26506031643140404, 0.2529264722883604, -0.51266096192231, -0.5862876103568117, 0.09445144024264691, 0.5588995650480453, -0.30974961994121847, -0.19928845782662008, -0.09012709445335869], [-0.1994160465673025, 0.12941899391536918, -0.045445720554759664, -0.6350264280731829, -0.041221151128644704, 0.4169979213366936, 0.4843237608172776, -0.411772618541073, 0.33743507527159583, -0.6001629585455953, -0.04331699741946578, -0.22064955124265961, 0.6754222771417296, 0.06575943882799336], [-0.5640176780287098, -0.08974126270041227, -0.12182063223314113, -0.3302323539035116, -0.761569527883382, -0.5568555268000195, -0.29585477664441545, 0.16403653220769054, 0.5223684731975443, 0.2703944789711035, 0.5256049175002241, 0.6745004583281168, -0.0027978485987510057, 0.02117799909458687]], "inverted": true, "swapped": false, "error_lsq": 0.032788285108412474, "error_max": 0.20108134142687653, "target": "611.xyz", "model": "1.xyz", "model_rescale": 3.9405287249114394, "target_rescale": 3.9335966558072655},
{"mapping": [10, 11, 9, 1, 7, 2, 12, 8, 0, 4, 5, 6, 13], "R": [[-0.929026416588387, 0.12468579863639127, 0.34837245714801623], [0.36226574589063126, 0.1148444968146276, 0.9249725784614915], [0.07532228511699382, 0.985527368047078, -0.15186296518557119]], "T": [-0.14866197395387332, 0.013574284929857884, -0.026683242818364445], "aligned_model": [[-0.32088233147962963, 0.32103951972790823, -0.3023120826619713, 0.4446192802495896, 0.4535265611617029, -0.843273301549905, 0.12091492670272941, 0.6245141688085203, 0.0687357548335863, -0.5019961009846499, -0.03741120024717054, -0.47684173907893007, -0.05465017619784916], [0.6462448869637057, 0.5768810363986541, 0.22270271582591541, -0.31914145347229705, -0.11358160997877442, 0.059310654885945176, 0.12988872583290037, 0.3355330854353328, -0.7249280370354161, -0.6153498747262767, -0.7286134029937273, -0.007291474400647251, -0.0028226591632972524], [-0.03723156678733287, -0.3504659572999753, -0.5852982570535429, 0.14348155741238133, -0.5422442591275213, -0.06641546292304489, 0.5717142629916435, 0.1583188416358897, -0.2628279247561345, 0.08804562764804938, 0.5402648003562601, 0.5049944083069866, -0.04921572081501478]], "inverted": false, "swapped": true, "error_lsq": 0.03850799890860609, "error_max": 0.22857971256362494, "target": "611.xyz", "model": "2.xyz", "model_rescale": 3.932901565614263, "target_rescale": 3.9335966558072655},
{"mapping": [0, 3, 6, 4, 2, 1, 10, 7, 8, 5, 12, 9, 11, 13], "R": [[0.6600254945219732, -0.7285298306670129, 0.1833320277783405], [0.7155879254888333, 0.6839810264790873, 0.14178813882409946], [-0.22869251731443396, 0.03760639898883743, 0.9727720654292452]], "T": [-0.2061393218027966, 0.035410718939086164, -0.04332933500878106], "aligned_model": [[-0.5095532517589999, -0.6836544551392356, 0.4422115647592375, -0.13509504156881677, 0.12067998915915967, -0.09354531803619175, 0.33515354636951356, -0.539872851705943, -0.672483345683393, 0.22346050879650986, 0.43779570895529796, -0.13755620127831275, -0.28413196854385797, -0.09937752303422613], [-0.15251319989753237, 0.19434788819826815, -0.11406571307062037, -0.7480005497239179, -0.25872183370566343, 0.40701747745195827, 0.503828340926683, -0.5199686654264364, 0.26244367623241244, -0.46231913408578734, 0.05907266281981943, -0.160834633212266, 0.8755629204340414, 0.026496758297017364], [-0.6104050944806765, -0.12937439148374602, -0.19821698735599205, -0.4233897235204403, -0.7510545872326476, -0.6742014522049012, -0.01626639764952243, 0.2565343303248184, 0.4760607045813224, 0.2473744052691037, 0.36644816404880726, 0.6613529031148722, 0.24953603294197657, 0.0007953461539490711]], "inverted": false, "swapped": false, "error_lsq": 0.04863801691102017, "error_max": 0.30160222824700245, "target": "611.xyz", "model": "3.xyz", "model_rescale": 3.9243930471874484, "target_rescale": 3.9335966558072655},
{"mapping": [8, 1, 11, 10, 9, 12, 6, 7, 3, 0, 2, 4, 13], "R": [[0.35226630212775123, -0.639189329916925, 0.683626691188687], [-0.31653677113896167, -0.7687723535366859, -0.5556919478943216], [0.8807456641404263, -0.020641437886379344, -0.47313952079679644]], "T": [0.017426696844540016, -0.12385151107311357, -0.001533754177882804], "aligned_model": [[-0.022889176520121065, -0.43149055609331777, 0.5538588908933173, 0.48831381758384684, 0.582004494053722, -0.37142490780989856, -0.3175143585239867, 0.1930922587396473, 0.1979678074744981, -0.3592777275918738, 0.19418062467241354, -0.4358505171069955, 0.006235236540100806], [-0.4800693281456597, -0.0011837240613498945, -0.299836999076729, -0.5708945701503204, 0.11491095137939786, -0.623139151358106, -0.48104269993104065, 0.32949849776750595, 0.5510036696364947, 0.5712472557097881, -0.1321601688728376, 0.2454488980764095, -0.09595307729196562], [-0.780743665156427, -0.5259995609295325, -0.5707778536769019, 0.09045011514420799, 0.058783640212681884, -0.2107862602707795, 0.38711442462529194, -0.6404533068765583, 0.11946781819930229, -0.1543187137271041, 0.6728877582895904, 0.43631358537850157, -0.09486766584130896]], "inverted": false, "swapped": true, "error_lsq": 0.04900675029671716, "error_max": 0.2525082724102517, "target": "611.xyz", "model": "4.xyz", "model_rescale": 3.8936222436046832, "target_rescale": 3.9335966558072655},
{"mapping": [5, 12, 0, 4, 7, 11, 10, 9, 2, 6, 3, 13], "R": [[-0.7914297085644253, 0.06402239687160909, 0.607898140398902], [0.10601457654419279, 0.9938049397165784, 0.033356428991780075], [-0.6019966162378195, 0.0908453328121063, -0.7933140611034657]], "T": [-0.10971243506070094, -0.08359146984360237, 0.04446927590693787], "aligned_model": [[0.04439531983354922, -0.3469143313462336, -0.12936120132477125, 0.41586330391018234, -0.6946350546500887, -0.7464265961058107, -0.125180087324043, -0.07176734941047466, 0.5371830965372146, 0.2568392547050952, 0.08440935722287307, -0.19685766983239567], [-0.5085377678796542, -0.7027394805681789, 0.275765720782311, -0.06786586513947526, 0.4238778214401942, 0.11376828974309251, -0.1828766620924015, 0.4324985078923537, -0.02721773069464617, -0.5898970154107315, 0.5640794175939406, -0.06193233055699705], [-0.7803463556630158, -0.02387785793342622, -0.6758696015440078, -0.4625575139219375, -0.1675289846260176, 0.489905509317298, 0.6925020001549532, 0.37854276482744975, 0.2984447353689576, 0.033838372184412914, -0.16885006077477577, 0.005081711885627595]], "inverted": true, "swapped": true, "error_lsq": 0.04839399674094499, "error_max": 0.28252165702032755, "target": "611.xyz", "model": "5.xyz", "model_rescale": 3.6523030999806103, "target_rescale": 3.9335966558072655},
{"mapping": [5, 0, 4, 6, 2, 1, 3, 12, 7, 11, 9, 10, 13], "R": [[0.8259247316218246, 0.5611165037015462, -0.054741272995516725], [0.5468813379451574, -0.8209772945733963, -0.16406426790212836], [-0.13700051059295912, 0.1055677558191872, -0.9849295959755544]], "T": [0.14467763354800067, -0.03205836957876967, -0.06099780326412242], "aligned_model": [[0.1861661650401028, -0.3894692102048779, 0.2724861558402576, 0.7047699826488661, 0.6318483959650785, -0.2783994646888784, -0.23156663417034729, 0.3610694069985163, -0.6480015588987955, -0.21738608885016864, -0.02809317909650688, 0.45951443726684676, 0.058144496814201224], [-0.49199541314279094, 0.03365387695590625, 0.1487208127391071, -0.2069999945871977, 0.458983770655126, -0.5386107193356047, 0.5175736599159624, -0.6622006848114771, -0.0449221873333796, -0.13205379004234832, 0.4755385314234383, 0.06043129977489808, -0.07729225804845644], [0.7583836708536715, 0.5379853457490541, 0.6350892505676698, 0.1546650149828604, 0.026738312654046137, 0.17574880032415674, 0.18192372982513233, -0.08037801033085118, -0.18787189450051367, -0.7692915364171119, -0.36413048549277466, -0.6287712241369868, -0.069981234596563]], "inverted": false, "swapped": true, "error_lsq": 0.059067082920039246, "error_max": 0.38210993848526287, "target": "611.xyz", "model": "6.xyz", "model_rescale": 4.08911054899281, "target_rescale": 3.9335966558072655},
{"mapping": [1, 9, 7, 13, 2, 0, 6, 11, 8, 12, 5, 10, 3, 14], "R": [[0.41817831406162753, 0.7205750203450194, -0.5530809504072164], [-0.56422435972651, -0.271124347468721, -0.7798348928464729], [-0.7118832555551399, 0.6381717858574092, 0.2931876569635568]], "T": [-0.08479869187044735, -0.010583865039431718, 0.03571912319502636], "aligned_model": [[-0.4853423193823447, -0.8315461611765228, 0.6531285839953338, 0.05661527166179632, 0.19345417396049458, -0.2563892901559193, 0.16012046957849935, -0.4755096127840263, -0.47398462548935955, 0.10331128474687636, 0.4825046914434498, -0.23020500046302622, -0.24507146506721528, -0.2470546395772944], [-0.1624560372306837, 0.19964990366673704, -0.10908178189606323, -0.653957385439219, -0.03987389292266187, 0.5910703925915307, 0.3396793031788353, -0.43011975952763487, 0.32253092439229886, -0.6358805578282088, -0.016567292688598884, -0.2373253783526634, 0.7585902863013049, -0.013912729006997011], [-0.5596343051388635, -0.07709615719004995, -0.17653181424851566, -0.2836037956788138, -0.720493135509315, -0.66658067315868, -0.22210501027258, 0.16167813427403938, 0.4859610797250828, 0.32141231649098934, 0.5442781654482348, 0.7040904197539737, -0.059859113589548166, 0.003677141600969505]], "inverted": false, "swapped": false, "error_lsq": 0.038993316637174855, "error_max": 0.22662057767709684, "target": "611.xyz", "model": "7.xyz", "model_rescale": 3.964800864290218, "target_rescale": 3.9335966558072655},
{"mapping": [11, 6, 8, 12, 9, 10, 5, 4, 0, 7, 1, 2, 3, 13], "R": [[0.39380929888783006, -0.8792830424266196, 0.26790962545318037], [-0.8912056490660358, -0.4366148935094786, -0.12296310763189372], [0.225092707972208, -0.1903385564374553, -0.9555650196355264]], "T": [-0.15076287427157942, 0.012522130626594763, 0.016892453401478116], "aligned_model": [[-0.6315070554732223, -0.7099309805177035, 0.5531514110824771, -0.04230854681832198, 0.07509338333793009, -0.028072137283593895, 0.3661434557426426, -0.7116703786717538, -0.350280275720822, 0.3051388013152844, 0.3771050061214877, -0.3224033543444075, -0.38610364806990416, -0.09032431940935104], [-0.2486417604877992, 0.15402088103120268, -0.04618808007037151, -0.6860076820812031, -0.2112149905399265, 0.4232726984570066, 0.6177018578792842, -0.410303783746327, 0.3411415523103179, -0.4737650518635144, 0.0614131010579197, -0.3193090472430826, 0.6886696456681604, 0.02155665486630885], [-0.6058529028336616, -0.04487287481424783, -0.28661268896300723, -0.24950705279858948, -0.5936707114712142, -0.6840818450514472, -0.2393029147884428, 0.05805569739552206, 0.6213438201250057, 0.2669556520226147, 0.5480092626176888, 0.5637346086419859, 0.13265926122448257, -0.03166405879976651]], "inverted": false, "swapped": false, "error_lsq": 0.04832009850619734, "error_max": 0.31218077101985103, "target": "611.xyz", "model": "8.xyz", "model_rescale": 4.121658175737393, "target_rescale": 3.9335966558072655},
{"mapping": [1, 12, 6, 4, 8, 7, 10, 9, 2, 11, 0, 3, 13], "R": [[-0.9641736016271605, 0.18257172876628913, 0.19244955126109795], [0.23866517875372478, 0.2803492670298411, 0.9297543874197547], [0.11579377520299614, 0.9423756428999635, -0.31387887678707943]], "T": [0.048400716627574815, -0.038255414386227614, -0.10206174570489354], "aligned_model": [[-0.599604839751087, -0.24652064231721518, 0.3271890476969337, 0.2931384531354926, -0.6796553373666906, -0.5239446155103114, 0.3140524496637, 0.2748811499338507, 0.7429524604979779, -0.30456302315732264, -0.2584213746389457, 0.18219175145535477, -0.04495798320653998], [0.17995375977182818, -0.2806528914476812, -0.054217435659348855, 0.6081346108968027, -0.48768636818148986, 0.08252671744864865, -0.632189825362649, -0.13634063801167837, 0.018318592974093127, -0.6043855792234929, 0.6908186074021907, 0.43775909373448707, -0.03165120493000037], [-0.2573422133205424, -0.6484546305800958, -0.6613834270230634, -0.33835963648231754, -0.1623177680201455, 0.44787944422525205, -0.020121025939202883, 0.462278305044451, -0.12556957533045737, 0.34255322308573855, 0.04867988060196732, 0.4060486115347063, -0.07281575383720164]], "inverted": true, "swapped": true, "error_lsq": 0.0429629186103679, "error_max": 0.26141496948353005, "target": "611.xyz", "model": "9.xyz", "model_rescale": 3.833441315466971, "target_rescale": 3.9335966558072655},
{"mapping": [13, 2, 12, 0, 10, 8, 11, 5, 3, 1, 6, 4, 7, 14], "R": [[-0.8051693961080096, 0.06703204819984573, 0.5892443874023722], [-0.21775861485520906, -0.9576033654439472, -0.18861861028744484], [0.5516189166692925, -0.2801829741518207, 0.7856297294324066]], "T": [-0.06112336223502236, 0.021480987086448453, -0.032571305838209934], "aligned_model": [[-0.6065561880931442, -0.7770751365670395, 0.5336989865214911, -0.018042047291371238, 0.17521172102130217, -0.26125541572453354, 0.33243144627737287, -0.48367937745627604, -0.6067150598104456, 0.2449617004332884, 0.28494331689448676, -0.27629570862610636, -0.00923840398203396, -0.1283584723062487], [-0.4109735822991864, 0.05261866616560111, -0.07442655778893882, -0.5614602525930364, 0.025559909281219095, 0.474992459914371, 0.5207731432605036, -0.47749777742300975, 0.46280286251866115, -0.6345051265640959, -0.11717772972986464, -0.0984713082586875, 0.6637552679897015, 0.08635602076473797], [-0.4213805383784928, -0.08819285472022809, -0.035430250841731285, -0.38206590248791167, -0.8198979434771413, -0.6340975875219449, -0.27987483699659327, 0.14035008681163239, 0.4791772179011306, 0.11440857721663747, 0.5350916063658925, 0.7258645110113291, 0.13685618891724816, -0.015615021292903344]], "inverted": true, "swapped": false, "error_lsq": 0.04167322054343311, "error_max": 0.22647197953146483, "target": "611.xyz", "model": "10.xyz", "model_rescale": 4.2482417240324, "target_rescale": 3.9335966558072655},
{"mapping": [2, 10, 7, 8, 4, 0, 3, 1, 12, 5, 6, 13], "R": [[-0.9149712235320554, 0.09827677805214118, 0.3913685411526372], [-0.39694518281538316, -0.0448526588328057, -0.9167457449234709], [-0.07254089844987664, -0.9941478330164573, 0.08004938576133219]], "T": [-0.08216197868037767, -0.10703557146982301, 0.018801390797596997], "aligned_model": [[-0.7726558441194429, -0.2273498648425386, 0.5301206215551173, 0.6975935796298259, -0.46493234195502486, 0.11148472158796055, -0.2258534798696067, 0.49102844471841955, 0.1730623058290503, -0.019966312130052066, -0.42751093222033465, 0.011744704179633011], [-0.1856498100299748, -0.7459866804676962, 0.012538656717843127, -0.3820807054789952, 0.5119394944100634, 0.623336075627734, 0.22189555678499912, 0.2617268651109051, -0.17221468585147387, 0.6746549575291529, -0.0659906334262221, -0.08803770087569601], [0.0753114302822204, -0.0077535971496052875, 0.5241872200158033, -0.20926884346039437, -0.043728877551897145, 0.2971356779932699, 0.6302120984457729, -0.1458360056172108, -0.5934833282138443, -0.500564567223233, -0.5006866997357662, 0.03966778206924121]], "inverted": false, "swapped": true, "error_lsq": 0.0481717522202621, "error_max": 0.26349127929300803, "target": "611.xyz", "model": "11.xyz", "model_rescale": 3.6694154284099745, "target_rescale": 3.9335966558072655},
{"mapping": [2, 10, 4, 1, 3, 8, 11, 12, 7, 0, 6, 5, 9, 13], "R": [[0.8067615903841867, -0.516383984631384, -0.28719908895571483], [0.35742878257926813, 0.03945204740202015, 0.9331067470229176], [-0.47051078804282515, -0.8554479039497401, 0.21639889547619318]], "T": [-0.12891479052840799, 0.00045945961705601886, 0.03143601471519507], "aligned_model": [[-0.44153069525886474, -0.7368430631415364, 0.5323906965049636, -0.06765329144910123, 0.18792725699569152, -0.15716230081733873, 0.32573063108505457, -0.6242912387263011, -0.47977282026599616, 0.22716592307198702, 0.2656706875600406, -0.20700189097885252, -0.3546676967700335, -0.06593083651897116], [-0.16796762897303277, 0.17772176153609678, -0.159293302799329, -0.6787287401561298, -0.13242671141469203, 0.40834980185154884, 0.5754851275017102, -0.4511317787882609, 0.398065854855585, -0.5790960126953542, 0.08848542298277093, -0.22889897289536323, 0.7658722857715928, -0.10409111153916656], [-0.5164847690947837, -0.0188638757859087, -0.25982462023258057, -0.46998587563361793, -0.7579949721814293, -0.6052942250138404, -0.05615205974017125, 0.1429529561764873, 0.5519867960071114, 0.2506615705704171, 0.426921240367075, 0.7968560998027046, -0.057249371745447405, 0.027664359010907663]], "inverted": false, "swapped": false, "error_lsq": 0.04221952719542416, "error_max": 0.28550377238843183, "target": "611.xyz", "model": "12.xyz", "model_rescale": 3.9764082729961374, "target_rescale": 3.9335966558072655},
{"mapping": [0, 9, 3, 7, 4, 5, 6, 1, 12, 8, 11, 10, 13, 15], "R": [[0.23303003848363202, -0.8081692649663718, -0.5408876411307915], [-0.9314473883886306, -0.02564900072333509, -0.362970923664547], [0.27946871708353527, 0.5883915090529512, -0.7587441388545115]], "T": [-0.12293323428841688, 0.028947806337521254, -0.041890104789977435], "aligned_model": [[-0.4582756496784618, -0.6930629628844602, 0.6187142641583167, 0.08541493176021991, 0.052678150679837055, -0.5226097436353626, 0.2277460484985058, -0.5640760006988711, -0.5499060861590234, 0.09675112571181566, 0.3772141378110905, -0.2422151308198052, 0.01101396766368748, -0.03535569111674691], [-0.32064520830979804, 0.042036065074490564, -0.3669215071366362, -0.5295097727799756, 0.056497243107233475, 0.4752630288036995, 0.6514754172635007, -0.27492752244937874, 0.3239259585239868, -0.5237209832747107, -0.021559368892493713, -0.14333184543221328, 0.5302006624720108, 0.013563828268260707], [-0.5826655869010207, -0.23236298100036665, -0.0007814437705085733, -0.5063789345301389, -0.7377819008203886, -0.6283074612059734, -0.31233828828928245, 0.2992483164694586, 0.32945287474027785, 0.34014239069749774, 0.5728019564745652, 0.734150132378328, 0.28258526791667016, -0.10257108965219522]], "inverted": true, "swapped": false, "error_lsq": 0.0520752690865511, "error_max": 0.3154797121047217, "target": "611.xyz", "model": "13.xyz", "model_rescale": 4.170626492500431, "target_rescale": 3.9335966558072655},
{"mapping": [6, 11, 8, 2, 4, 5, 12, 3, 9, 0, 7, 1, 10, 13], "R": [[0.9507973684899702, 0.1597387683403114, -0.2654578873600636], [0.20398242707806655, 0.3221386573664575, 0.9244554369321852], [0.23318562030255888, -0.9331185408720889, 0.2737046860484023]], "T": [-0.08837573808015571, -0.07845767102445983, -0.032196026231976024], "aligned_model": [[-0.6602614751497204, -0.6671834786943305, 0.6029851736486126, -0.08031476600791339, 0.3635019742429195, -0.3979481661877034, 0.14316588074641284, -0.6994713859523162, -0.4944553663781753, 0.20244118381248538, 0.4398891287255617, -0.21914136742119222, 0.03251813191758675, -0.16169410601148565], [-0.17509052951972265, 0.32012406611276856, 0.19120157550542383, -0.6905629846434034, -0.1781529187177621, 0.39317724553195926, 0.5066767414446538, -0.3785120780050909, 0.3200261913121897, -0.5085202423781816, 0.022053222925946234, -0.301201982568843, 0.4230326534871795, -0.03190496524914109], [-0.6413742115156601, -0.10818187594709726, -0.06152644217558512, -0.27343091799734615, -0.5697186036983143, -0.7456000110797222, -0.4059771376886278, 0.07736248066315161, 0.5445330136147157, 0.26162383216666396, 0.5746512309792894, 0.6917513418501293, 0.19632187589608247, -0.08524132256075653]], "inverted": false, "swapped": false, "error_lsq": 0.05289911759387245, "error_max": 0.34439797777873654, "target": "611.xyz", "model": "14.xyz", "model_rescale": 3.9786697098870705, "target_rescale": 3.9335966558072655},
{"mapping": [7, 8, 0, 3, 1, 5, 10, 6, 4, 9, 12, 13], "R": [[0.10066888241212217, -0.4291245134083683, -0.8976179187749797], [-0.2544092739908731, 0.8611036584918959, -0.44020042098947365], [0.9618428652442829, 0.2726768074550969, -0.022486912966540783]], "T": [-0.015939478035405144, -0.09735263332969858, 0.12459445922147323], "aligned_model": [[-0.04173340820784986, -0.6944531914431795, 0.5726241092892005, 0.5301335336742952, -0.05566262610029639, 0.40045461443468183, -0.4672160848376886, 0.004181119419594134, 0.6447263399399314, 0.03424845844608153, -0.4048992223415608, -0.03904904550587311], [-0.39390932966156955, 0.08673048600605592, 0.028098263600778592, -0.49861945814561465, 0.30134595401573555, 0.7292022468883874, -0.39294159712788557, 0.3250863847107344, 0.1900680643453257, -0.7110493822334856, 0.4437492290923788, -0.09308637126640186], [-0.6210539927982267, -0.3667477169709309, -0.4104445477420077, -0.08386462371879673, -0.45081841547274565, -0.04295365971428623, 0.49744804710344126, 0.5849844031290646, 0.24485807445591104, 0.1404457071432809, 0.13871611926889726, 0.029397099190228995]], "inverted": false, "swapped": true, "error_lsq": 0.04927123336245636, "error_max": 0.2566565552227569, "target": "611.xyz", "model": "15.xyz", "model_rescale": 3.769337070930944, "target_rescale": 3.9335966558072655},
{"mapping": [7, 8, 3, 9, 0, 1, 4, 12, 2, 10, 13], "R": [[0.04897129316609006, -0.5086451847431064, 0.8595823919109163], [-0.5445609164059546, 0.7078531782961003, 0.4498858591901021], [-0.8372904040825669, -0.4901264673671078, -0.24232380241629514]], "T": [0.000907478402489564, 0.05203181794828915, 0.12487962782960765], "aligned_model": [[-0.34174547385028214, -0.27309693677009317, -0.055350164941766804, -0.47847104392918066, 0.36829211912500054, 0.24575686873222322, 0.6147665126824613, 0.23766702799354705, 0.0737962049482248, -0.4502003058974116, -0.018788677401551816], [-0.05869579028698843, -0.7340119560486743, 0.618010671814156, 0.43325421253510654, 0.24936603247764527, -0.39370066988284896, 0.4386295227066548, -0.5373241573517821, 0.5832599973423822, -0.002338575760904016, -0.00038478991940425755], [-0.592707416409169, -0.08186019426284241, -0.2984039681410821, 0.05961471507686347, -0.5639596105815119, -0.3578312522573413, 0.03959997990175036, 0.327079478337433, 0.5705692241139575, 0.5977314403403203, 0.04438521110539899]], "inverted": true, "swapped": true, "error_lsq": 0.03724187272813764, "error_max": 0.1809147280065169, "target": "611.xyz", "model": "16.xyz", "model_rescale": 3.7852294659196426, "target_rescale": 3.9335966558072655},
{"mapping": [12, 4, 0, 5, 6, 2, 9, 3, 1, 8, 10, 7, 13], "R": [[0.9720555334867882, 0.05391714149699503, -0.2284753414933638], [-0.23258240876935138, 0.3531834421435867, -0.906182586086631], [0.03183493283741189, 0.9339991424238039, 0.3558540979149133]], "T": [-0.08847057253553384, 0.18334231954310115, -0.023142313654215808], "aligned_model": [[0.06114853305935236, -0.3593271394662153, 0.27028796045183345, 0.03789791205586274, -0.491313412667568, -0.7666918996190686, -0.17919989612512008, -0.08247109139828392, 0.5120389323038305, 0.5889775956543252, -0.3478512500469342, 0.6009513275543957, 0.009318278459873125], [0.020749958555089543, -0.44464899855335654, -0.3452972475383042, -0.7304296760726225, -0.10221311899819646, 0.20367379420949527, 0.620757260923172, 0.11824708160687183, -0.15676933538348875, 0.42363291597418706, 0.7366548104037176, 0.34604226330873633, 0.18465591526757336], [-0.6519969684665787, 0.23340581475110728, 0.4670048948069506, -0.20672098492559438, -0.40654054073669726, 0.13735012823283121, 0.4009215371306294, 0.6828269521781981, -0.14704092215315226, -0.49112628442167056, -0.261071212601091, 0.354784910752071, -0.016042627403829807]], "inverted": true, "swapped": true, "error_lsq": 0.03531673533481414, "error_max": 0.20654903251084955, "target": "611.xyz", "model": "17.xyz", "model_rescale": 3.901054581598922, "target_rescale": 3.9335966558072655},
{"mapping": [3, 12, 8, 0, 2, 13, 5, 7, 11, 1, 4, 6, 9, 14], "R": [[0.8722897079644294, 0.4885089781695211, 0.021671262702050137], [0.26660381700484603, -0.43796511798297644, -0.8585504994981975], [-0.4099183700906529, 0.7546824058356788, -0.5122708230851085]], "T": [-0.044544117618846704, 0.03533933793980783, 0.020389248041054277], "aligned_model": [[-0.47670652195242963, -0.7732384245902646, 0.5986264479516723, -0.10092452651349586, 0.2131709697479297, -0.26506031643140404, 0.2529264722883604, -0.51266096192231, -0.5862876103568117, 0.09445144024264691, 0.5588995650480453, -0.30974961994121847, -0.19928845782662008, -0.09012709445335869], [-0.1994160465673025, 0.12941899391536918, -0.045445720554759664, -0.6350264280731829, -0.041221151128644704, 0.4169979213366936, 0.4843237608172776, -0.411772618541073, 0.33743507527159583, -0.6001629585455953, -0.04331699741946578, -0.22064955124265961, 0.6754222771417296, 0.06575943882799336], [-0.5640176780287098, -0.08974126270041227, -0.12182063223314113, -0.3302323539035116, -0.761569527883382, -0.5568555268000195, -0.29585477664441545, 0.16403653220769054, 0.5223684731975443, 0.2703944789711035, 0.5256049175002241, 0.6745004583281168, -0.0027978485987510057, 0.02117799909458687]], "inverted": true, "swapped": false, "error_lsq": 0.032788285108412474, "error_max": 0.20108134142687653, "target": "611.xyz", "model": "18.xyz", "model_rescale": 3.9405287249114394, "target_rescale": 3.9335966558072655},
{"mapping": [14, 12, 5, 11, 10, 3, 2, 13, 4, 9, 8, 7, 1, 15], "R": [[0.5811065640493734, 0.1726118544150488, -0.7953114540443448], [-0.25917568233204186, -0.8871159028225769, -0.3819075027372538], [-0.7714552008421828, 0.42805434546875354, -0.470772079056166]], "T": [-0.1865408684911669, 0.05888714609776406, 0.038490224515739274], "aligned_model": [[-0.5775579324223254, -0.6915302296133145, 0.6242346822660316, 0.030957906758584536, 0.03891184036357084, -0.4490185254070507, 0.5187225867199262, -0.5301582565860564, -0.5817770144490271, 0.14520013181696323, 0.33092824682387456, -0.19172772121682874, -0.10437678614980964, -0.15877756761379694], [-0.22935423098327756, 0.2540613765197835, -0.1193471035432266, -0.5280893774696985, -0.025048574862876136, 0.5160386333614997, 0.29002657256086545, -0.517122521708562, 0.23651947063340423, -0.5842199401424405, 0.15814311350338478, -0.30014819525967684, 0.6979109472141086, 0.06297582541468785], [-0.5646362351337002, -0.04536576597993522, 0.08473091339622987, -0.31839357372303034, -0.709861235537226, -0.6304990072260488, -0.4137301944074513, 0.00015227250393695657, 0.6274725458332137, 0.294167817000358, 0.5813033812883067, 0.644041435526411, -0.10439808557035585, 0.010208984536215254]], "inverted": false, "swapped": false, "error_lsq": 0.04702511081235232, "error_max": 0.33011283508048767, "target": "611.xyz", "model": "19.xyz", "model_rescale": 4.410303926677745, "target_rescale": 3.9335966558072655},
{"mapping": [11, 6, 8, 12, 9, 10, 5, 4, 0, 7, 1, 2, 3, 13], "R": [[0.39380929888783006, -0.8792830424266196, 0.26790962545318037], [-0.8912056490660358, -0.4366148935094786, -0.12296310763189372], [0.225092707972208, -0.1903385564374553, -0.9555650196355264]], "T": [-0.15076287427157942, 0.012522130626594763, 0.016892453401478116], "aligned_model": [[-0.6315070554732223, -0.7099309805177035, 0.5531514110824771, -0.04230854681832198, 0.07509338333793009, -0.028072137283593895, 0.3661434557426426, -0.7116703786717538, -0.350280275720822, 0.3051388013152844, 0.3771050061214877, -0.3224033543444075, -0.38610364806990416, -0.09032431940935104], [-0.2486417604877992, 0.15402088103120268, -0.04618808007037151, -0.6860076820812031, -0.2112149905399265, 0.4232726984570066, 0.6177018578792842, -0.410303783746327, 0.3411415523103179, -0.4737650518635144, 0.0614131010579197, -0.3193090472430826, 0.6886696456681604, 0.02155665486630885], [-0.6058529028336616, -0.04487287481424783, -0.28661268896300723, -0.24950705279858948, -0.5936707114712142, -0.6840818450514472, -0.2393029147884428, 0.05805569739552206, 0.6213438201250057, 0.2669556520226147, 0.5480092626176888, 0.5637346086419859, 0.13265926122448257, -0.03166405879976651]], "inverted": false, "swapped": false, "error_lsq": 0.04832009850619734, "error_max": 0.31218077101985103, "target": "611.xyz", "model": "20.xyz", "model_rescale": 4.121658175737393, "target_rescale": 3.9335966558072655},
{"mapping": [5, 0, 4, 6, 2, 1, 3, 12, 7, 11, 9, 10, 13], "R": [[0.8259247316218246, 0.5611165037015462, -0.054741272995516725], [0.5468813379451574, -0.8209772945733963, -0.16406426790212836], [-0.13700051059295912, 0.1055677558191872, -0.9849295959755544]], "T": [0.14467763354800067, -0.03205836957876967, -0.06099780326412242], "aligned_model": [[0.1861661650401028, -0.3894692102048779, 0.2724861558402576, 0.7047699826488661, 0.6318483959650785, -0.2783994646888784, -0.23156663417034729, 0.3610694069985163, -0.6480015588987955, -0.21738608885016864, -0.02809317909650688, 0.45951443726684676, 0.058144496814201224], [-0.49199541314279094, 0.03365387695590625, 0.1487208127391071, -0.2069999945871977, 0.458983770655126, -0.5386107193356047, 0.5175736599159624, -0.6622006848114771, -0.0449221873333796, -0.13205379004234832, 0.4755385314234383, 0.06043129977489808, -0.07729225804845644], [0.7583836708536715, 0.5379853457490541, 0.6350892505676698, 0.1546650149828604, 0.026738312654046137, 0.17574880032415674, 0.18192372982513233, -0.08037801033085118, -0.18787189450051367, -0.7692915364171119, -0.36413048549277466, -0.6287712241369868, -0.069981234596563]], "inverted": false, "swapped": true, "error_lsq": 0.059067082920039246, "error_max": 0.38210993848526287, "target": "611.xyz", "model": "21.xyz", "model_rescale": 4.08911054899281, "target_rescale": 3.9335966558072655},
{"mapping": [7, 13, 5, 6, 10, 12, 9, 0, 2, 8, 11, 1, 14, 16], "R": [[0.40474146457520804, -0.8951938452164738, -0.1865806161959485], [-0.5856500389584263, -0.09706225858597567, -0.8047316011106953], [0.702280840349151, 0.4349791919675394, -0.5635554310214367]], "T": [-0.1590746133524259, 0.06305839370613443, 0.039377009540748645], "aligned_model": [[-0.434665227955624, -0.6944424179965246, 0.5023288098735044, -0.12237084906172516, 0.17571726868711302, -0.25388128623407685, 0.32858958176776476, -0.6878694694579814, -0.5205666941716036, 0.22825361802318805, 0.43990982520099753, -0.16895907494353696, -0.18454918294709916, -0.20346353949365384], [-0.21391278537026548, 0.22569944040559753, -0.04166135937238526, -0.6395432291497102, -0.09065335491635128, 0.4797327353336141, 0.4552683324389939, -0.5013091371668048, 0.2561262357131185, -0.4658050656180718, 0.00120250343218338, -0.3039879887385051, 0.7021443428352783, 0.049045325411284105], [-0.5548729102010164, -0.31227504819146407, -0.18267780127937927, -0.20672849994368975, -0.6785523068064655, -0.5625895126517261, -0.30106771184506137, 0.0834756311967745, 0.6337692312774066, 0.2653024411130836, 0.5119069254907386, 0.7430655996282935, -0.012994565542793365, 0.029431780262222255]], "inverted": true, "swapped": false, "error_lsq": 0.03567930103683615, "error_max": 0.19004732111283995, "target": "611.xyz", "model": "22.xyz", "model_rescale": 4.204369325754507, "target_rescale": 3.9335966558072655},
{"mapping": [14, 12, 5, 11, 10, 3, 2, 13, 4, 9, 8, 7, 1, 15], "R": [[0.5811065640493734, 0.1726118544150488, -0.7953114540443448], [-0.25917568233204186, -0.8871159028225769, -0.3819075027372538], [-0.7714552008421828, 0.42805434546875354, -0.470772079056166]], "T": [-0.1865408684911669, 0.05888714609776406, 0.038490224515739274], "aligned_model": [[-0.5775579324223254, -0.6915302296133145, 0.6242346822660316, 0.030957906758584536, 0.03891184036357084, -0.4490185254070507, 0.5187225867199262, -0.5301582565860564, -0.5817770144490271, 0.14520013181696323, 0.33092824682387456, -0.19172772121682874, -0.10437678614980964, -0.15877756761379694], [-0.22935423098327756, 0.2540613765197835, -0.1193471035432266, -0.5280893774696985, -0.025048574862876136, 0.5160386333614997, 0.29002657256086545, -0.517122521708562, 0.23651947063340423, -0.5842199401424405, 0.15814311350338478, -0.30014819525967684, 0.6979109472141086, 0.06297582541468785], [-0.5646362351337002, -0.04536576597993522, 0.08473091339622987, -0.31839357372303034, -0.709861235537226, -0.6304990072260488, -0.4137301944074513, 0.00015227250393695657, 0.6274725458332137, 0.294167817000358, 0.5813033812883067, 0.644041435526411, -0.10439808557035585, 0.010208984536215254]], "inverted": false, "swapped": false, "error_lsq": 0.04702511081235232, "error_max": 0.33011283508048767, "target": "611.xyz", "model": "23.xyz", "model_rescale": 4.410303926677745, "target_rescale": 3.9335966558072655},
{"mapping": [14, 9, 12, 13, 6, 15, 5, 11, 10, 7, 0, 1, 4, 16], "R": [[0.7764973931653527, -0.30158629588829167, 0.5532607925199398], [0.5135176044432866, 0.8117129028065257, -0.27824779126568544], [-0.36517320319848245, 0.5001678413790556, 0.7851628252254281]], "T": [-0.15775116528369454, 0.034017895051834106, 0.0022832849399629027], "aligned_model": [[-0.4772365944051605, -0.7356702014205181, 0.6117570287888812, 0.08074327546020121, 0.15807352359196597, -0.35071285671537833, 0.2542669198368808, -0.6366100686042357, -0.626078329170505, 0.058871775306907514, 0.4922451808269283, -0.22661130836152654, -0.07111357148303132, -0.12789341236066837], [-0.25749114223063313, 0.18846703618171834, -0.11185298069462965, -0.5052852042352214, -0.0631147646347221, 0.3448988198804563, 0.4331760435017381, -0.36230545452688184, 0.2917209424785209, -0.5366754131240113, -0.0013372330547082936, -0.2613677692683915, 0.6880594149633484, 0.06545370000139358], [-0.5183908278948867, -0.1836603465812865, -0.17869920495290167, -0.3804165878883018, -0.6823466165970686, -0.6104426138535136, -0.25562348792099043, 0.12204738598914361, 0.3738243367610914, 0.26555984351570844, 0.38522006307125833, 0.8049917871870346, 0.19877244638002306, 0.1143570752916131]], "inverted": true, "swapped": false, "error_lsq": 0.035016122078209415, "error_max": 0.19446897725875772, "target": "611.xyz", "model": "24.xyz", "model_rescale": 4.28219845311461, "target_rescale": 3.9335966558072655},
{"mapping": [10, 11, 0, 8, 6, 14, 2, 5, 9, 1, 4, 3, 13, 15], "R": [[0.1432677782962743, 0.4498598828417209, -0.8815329996725493], [0.8297934007926968, 0.4308328018286031, 0.354719620079587], [0.5393674588839602, -0.7823101575961728, -0.3115663037282927]], "T": [-0.15957942407131598, 0.11158463967855717, 0.05258533208655922], "aligned_model": [[-0.4668247171257568, -0.6604522523363627, 0.6016782288074703, -0.23366969100312332, 0.2394644617225652, -0.27995737524389963, 0.3130608136755719, -0.6590481898235395, -0.66071044608471, 0.023720838913421416, 0.44765502192814177, -0.046792324144952935, -0.12553005264333053, -0.08856295535075381], [-0.13499748550025756, 0.11659000927020746, -0.12525715399535514, -0.49227623793730535, -0.19833643829135375, 0.4409263019032491, 0.4726969371051095, -0.571180342845542, 0.16091987598146995, -0.4730388380080569, 0.16387416662015059, -0.24081295052921378, 0.6988215922374856, 0.09441655922738794], [-0.6362560170396878, -0.16090571557028854, -0.12046645998336222, -0.2817927918387325, -0.6936787214504646, -0.623571338581709, -0.2865151525751437, 0.15078722407932404, 0.5034815697218011, 0.2383104024836557, 0.45654164901905614, 0.7331294918335818, 0.13571089248567086, 0.04041821992322217]], "inverted": false, "swapped": false, "error_lsq": 0.04195725166459756, "error_max": 0.24036820555317046, "target": "611.xyz", "model": "25.xyz", "model_rescale": 4.100010024507729, "target_rescale": 3.9335966558072655},
{"mapping": [2, 10, 7, 8, 4, 0, 3, 1, 12, 5, 6, 13], "R": [[-0.9149712235320554, 0.09827677805214118, 0.3913685411526372], [-0.39694518281538316, -0.0448526588328057, -0.9167457449234709], [-0.07254089844987664, -0.9941478330164573, 0.08004938576133219]], "T": [-0.08216197868037767, -0.10703557146982301, 0.018801390797596997], "aligned_model": [[-0.7726558441194429, -0.2273498648425386, 0.5301206215551173, 0.6975935796298259, -0.46493234195502486, 0.11148472158796055, -0.2258534798696067, 0.49102844471841955, 0.1730623058290503, -0.019966312130052066, -0.42751093222033465, 0.011744704179633011], [-0.1856498100299748, -0.7459866804676962, 0.012538656717843127, -0.3820807054789952, 0.5119394944100634, 0.623336075627734, 0.22189555678499912, 0.2617268651109051, -0.17221468585147387, 0.6746549575291529, -0.0659906334262221, -0.08803770087569601], [0.0753114302822204, -0.0077535971496052875, 0.5241872200158033, -0.20926884346039437, -0.043728877551897145, 0.2971356779932699, 0.6302120984457729, -0.1458360056172108, -0.5934833282138443, -0.500564567223233, -0.5006866997357662, 0.03966778206924121]], "inverted": false, "swapped": true, "error_lsq": 0.0481717522202621, "error_max": 0.26349127929300803, "target": "611.xyz", "model": "26.xyz", "model_rescale": 3.6694154284099745, "target_rescale": 3.9335966558072655},
{"mapping": [8, 10, 1, 7, 5, 4, 0, 9, 11, 3, 6, 12, 2, 13], "R": [[-0.03820465862404768, 0.527964916811409, 0.8484064183371921], [0.8142110295698959, 0.5086565099631682, -0.2798731037431432], [-0.579310627717247, 0.6800894069814731, -0.44930790681384386]], "T": [-0.1526577523014463, -0.028682266405496405, -0.09476029382951473], "aligned_model": [[-0.5314842309228447, -0.7070654755583332, 0.727955449860719, 0.026058756197226002, 0.3299978609193856, -0.4180089655389676, 0.23801458399276293, -0.6225380666554823, -0.6331346499352157, 0.06635568380900284, 0.3496914157694706, -0.180725541659209, -0.09410874190076102, -0.14697671708701168], [-0.19360442024867716, 0.2004409268879266, -0.06532453064275343, -0.6097004592284243, -0.12416739827565348, 0.5672981450703763, 0.4406584156930313, -0.4603566876365929, 0.27264151039044277, -0.6785307031281805, 0.041421718788904806, -0.07309599494477223, 0.5719726348452854, 0.022692837667062857], [-0.582252216528842, -0.13976427788400406, -0.14790524979914316, -0.25787618489248487, -0.7143606879056577, -0.5946869413082738, -0.3477974312517807, 0.14551708693634746, 0.5490730709651745, 0.33251168562352734, 0.3677558425405718, 0.6970556148735481, 0.2181539902608685, -0.07023104912292807]], "inverted": true, "swapped": false, "error_lsq": 0.03825273362988962, "error_max": 0.2520015949614206, "target": "611.xyz", "model": "27.xyz", "model_rescale": 4.103607728864725, "target_rescale": 3.9335966558072655},
