[{"mapping": [9, 6, 2, 0, 3, 1, 7, 10, 5, 11], "R": [[0.4324450725727196, -0.04990892923228885, 0.900277933746275], [0.06835659798955139, -0.9937787405575143, -0.08792718764532467], [0.8990654229358788, 0.09956361583835563, -0.42634311496999944]], "T": [0.04217792453674493, 0.0787797916788564, 0.030442255788680234], "aligned_model": [[-0.4136793118897376, -0.6395464229689783, 0.358039819593964, 0.5593959836566816, 0.16599580336128195, -0.055259040886976224, -0.47432623500275817, -0.02968624480457846, 0.28029662698287744, 0.0880199064734582], [0.4796428758899287, -0.13850690668204424, -0.3230569862702874, -0.25682118576796203, 0.7555203354414655, -0.6100132034082796, -0.41900272762361657, 0.3136130657896056, -0.4338621796628097, 0.033189427901082175], [0.05975764666722644, -0.08441806019674503, -0.5920597223003344, 0.08190930600964413, 0.057347350068499454, -0.10353836671645791, 0.6485355549930053, 0.6640432505007877, 0.6380474115388676, 0.0559821718188204]], "inverted": true, "swapped": false, "error_lsq": 0.0477933910561347, "error_max": 0.20599667934185414, "target": "613.xyz", "model": "0.xyz", "model_rescale": 3.751011558992144, "target_rescale": 3.722689846195318},
{"mapping": [1, 7, 11, 9, 4, 12, 0, 8, 13, 14], "R": [[0.4360879312127311, -0.3044509681263659, -0.8468393733510028], [0.4437512271165383, 0.8914187937865437, -0.09196402838452922], [0.7828870701979739, -0.33568160821090953, 0.5238374683294148]], "T": [0.046457695946604795, -0.011438138765706367, 0.19892360202444354], "aligned_model": [[-0.5382376107296739, -0.4864412484939668, 0.23863227900295705, 0.6380027673172461, 0.11113696843063761, -0.019885785446041103, -0.6291519941711756, 0.1011609551354252, 0.357570513020875, 0.06646404044895082], [0.3598510659654357, -0.23191896126707365, -0.24427856194239966, -0.27451870864324096, 0.7706907499802982, -0.6867859734839532, -0.1168366565605854, 0.45541941737451397, -0.5766271807044716, -0.054292675111441105], [0.1217143134855328, -0.12831323227220087, -0.5397138299330031, 0.07623430491867161, 0.10061305828835801, -0.1035312684856714, 0.5274768207959002, 0.6673996716894529, 0.5324987213379667, 0.171227982558307]], "inverted": true, "swapped": false, "error_lsq": 0.04782902292338879, "error_max": 0.21804471102250345, "target": "613.xyz", "model": "1.xyz", "model_rescale": 3.9405287249114394, "target_rescale": 3.722689846195318},
{"mapping": [3, 6, 5, 2, 8, 0, 7, 4, 1, 12], "R": [[0.4958601014844495, 0.04358800634604963, 0.8673078147109068], [-0.18488346913372672, 0.9811411205730998, 0.056393300680496215], [-0.8484932896593291, -0.1883140653890178, 0.4945674374438242]], "T": [-0.0604104668104004, 0.019160923483318285, 0.04384120328615146], "aligned_model": [[-0.48682001223522664, -0.4864115929180546, 0.3414697365662242, 0.581886018163522, 0.17992062635536163, -0.005611931569896818, -0.625939632506291, 0.07765987218365619, 0.23816376844203546, 0.02493403203390391], [0.3584234192348991, -0.29786493532082337, -0.22151852935730604, -0.20304341145008326, 0.7553982044302953, -0.7873372014013743, -0.11052091243077326, 0.3468854602707085, -0.45525544644079613, 0.015535868072335871], [0.21668661721401047, -0.07180194953290103, -0.5117143596335709, -0.0035938728554497368, 0.07359690713120362, -0.17861751955664693, 0.5844605123543736, 0.6481829372085799, 0.6033131564256409, 0.06509411362807418]], "inverted": true, "swapped": false, "error_lsq": 0.04520287906650706, "error_max": 0.20967006047477035, "target": "613.xyz", "model": "2.xyz", "model_rescale": 3.932901565614263, "target_rescale": 3.722689846195318},
{"mapping": [6, 1, 11, 8, 12, 3, 4, 5, 7, 13], "R": [[0.323933402224732, -0.3816517413564303, -0.8656841798500853], [-0.5501548738104676, 0.6684172975859635, -0.5005476312105237], [0.7696731551416477, 0.6384044678786971, 0.006555123707390172]], "T": [-0.04480566844671173, -0.14182288026762366, 0.09973147687952996], "aligned_model": [[-0.4276463548271486, -0.6128935096938707, 0.38139116457073485, 0.6283749485468904, 0.12558642809119985, 0.058361211950246836, -0.541203101404608, 0.006943673598542269, 0.2610035429257709, -0.04066711924252316], [0.41566920117854056, -0.2449518769570692, -0.11061021461145326, -0.4048530518288245, 0.6025118074323244, -0.6192886701567262, -0.208450441791742, 0.3567412632503212, -0.3595534248780591, -0.026512076030229717], [0.19631226512614755, -0.3643905281806963, -0.6845457237300272, -0.028446958453826637, 0.10761920681728913, -0.048823201121380166, 0.8155364511119925, 0.6150522372325052, 0.7070342708221611, 0.11025852275914899]], "inverted": true, "swapped": false, "error_lsq": 0.043624718620230304, "error_max": 0.1969146712664136, "target": "613.xyz", "model": "3.xyz", "model_rescale": 3.9243930471874484, "target_rescale": 3.722689846195318},
{"mapping": [10, 8, 7, 0, 3, 1, 11, 6, 5, 12], "R": [[0.12427977055770029, -0.7303937062194475, -0.6716245770854021], [0.6921788912288979, -0.4211619696331835, 0.5860980957756403], [-0.7109450901210723, -0.5377244919563526, 0.4532211927779011]], "T": [-0.13084652336444094, -0.046935033098983184, 0.0742254679769685], "aligned_model": [[-0.6056125443598609, -0.590410516849754, 0.12045221010056259, 0.7110626511010957, 0.2727198280564397, 0.20132971112174744, -0.6066133394155679, 0.03858117651986087, 0.335793919589798, -0.038052211349086956], [0.47168698130153375, -0.11371137007838734, -0.27182967835106725, -0.1610559911754435, 0.48875831791829305, -0.6644745041843941, -0.16548564193702836, 0.25901865833111665, -0.34499982041003735, -0.09720443580750324], [0.12672452517077912, -0.35083714579619296, -0.6532290694396325, 0.11279621128146933, 0.13008425458564615, -0.06165775717099645, 0.695293718072093, 0.7060506874395356, 0.5909721944683619, 0.129408923772251]], "inverted": false, "swapped": false, "error_lsq": 0.04350333294790053, "error_max": 0.20612830104888943, "target": "613.xyz", "model": "4.xyz", "model_rescale": 3.8936222436046832, "target_rescale": 3.722689846195318},
{"mapping": [10, 7, 5, 1, 2, 6, 8, 3, 9, 11], "R": [[-0.5161537643557697, -0.7582798676793404, -0.3982423054040981], [-0.10892846426870983, 0.5193077989011523, -0.8476166584444298], [0.8495409826567694, -0.3941206062522522, -0.3506409367343298]], "T": [-0.033143114800626435, -0.017679819394704872, 0.1871018646485118], "aligned_model": [[-0.4633700219824265, -0.5318031889840423, 0.15281468973518733, 0.7432105170027957, 0.26966399976930955, 0.07152815439908106, -0.5549332320434872, -0.034717489462913566, 0.15040596759256822, 0.03645148848916221], [0.4358748658836382, -0.2718056249184154, -0.2462753123197245, -0.10643447913506104, 0.6632104839788546, -0.7427584790668195, -0.15820843651531008, 0.2787234125571128, -0.4276958352648612, -0.02392807959233157], [0.09404083475999928, -0.13925029601596234, -0.5681031754521557, 0.006806507190094679, 0.14403550815281713, -0.12580944994386212, 0.6909367658301151, 0.6794682706452333, 0.6116399017003615, 0.03184167551667294]], "inverted": false, "swapped": false, "error_lsq": 0.04126303707089436, "error_max": 0.20780320510786962, "target": "613.xyz", "model": "5.xyz", "model_rescale": 3.6523030999806103, "target_rescale": 3.722689846195318},
{"mapping": [2, 3, 11, 9, 10, 7, 1, 6, 8, 12], "R": [[0.3921989906977278, -0.05377235240479132, 0.9183074026776323], [-0.10611661912449256, -0.9942700208967528, -0.012899174064979771], [0.9137391393834848, -0.09238863384002494, -0.39565783891628237]], "T": [-0.04396370006882892, -0.11212411308460636, 0.20015592342608277], "aligned_model": [[-0.5803244766111431, -0.5581296128193282, 0.24172053131823595, 0.6647844463371755, 0.3594412789052676, 0.021115545368014202, -0.6139634543408735, 0.05173335880144575, 0.3427455493883866, -0.08987228183194636], [0.42485753177377295, -0.34963754997775415, -0.130228426784428, -0.16820423267043383, 0.5432118010276304, -0.6321075409175091, -0.10342991365159368, 0.3139333480981245, -0.2950431440100613, -0.20264935728066563], [0.18675948056861416, -0.2021642033493876, -0.632085481998581, 0.06903018097276323, 0.07181144835769068, -0.23825026527304996, 0.5968920536429696, 0.6817590533642244, 0.7204440043735715, 0.1714102717244988]], "inverted": true, "swapped": false, "error_lsq": 0.04692995476260286, "error_max": 0.2205545638534917, "target": "613.xyz", "model": "6.xyz", "model_rescale": 4.08911054899281, "target_rescale": 3.722689846195318},
{"mapping": [2, 7, 4, 8, 0, 10, 13, 1, 11, 14], "R": [[-0.8789368094207289, -0.4491296751407969, 0.1604762286235305], [0.2671482189732008, -0.7423492889784321, -0.6144504554906467], [0.39509734768124694, -0.4971921842317502, 0.772462308332326]], "T": [0.004101250324091102, -0.1372108868825956, 0.08153949166273392], "aligned_model": [[-0.5193408026338542, -0.701908440640113, 0.25502962692187897, 0.6455673555647994, 0.16309428601075227, 0.2639066153382568, -0.5463816250507862, 0.011815124280587591, 0.15082946329080854, 0.11663928143290443], [0.4623773867624765, -0.0717454922937083, -0.22720742759544718, -0.3083517827764898, 0.7885869122270865, -0.8093510183075359, -0.22026692691726465, 0.3182537473406326, -0.4331904433781397, -0.09840243945452821], [0.21054283500602908, -0.22919120027708892, -0.5709825862625832, -0.07460468166735143, 0.033833801533596525, 0.07961217749439273, 0.5568970628492987, 0.6563773139881958, 0.5667178059075602, 0.19640401381126424]], "inverted": false, "swapped": false, "error_lsq": 0.047901230092862734, "error_max": 0.2447124250180756, "target": "613.xyz", "model": "7.xyz", "model_rescale": 3.964800864290218, "target_rescale": 3.722689846195318},
{"mapping": [8, 1, 3, 6, 10, 0, 7, 9, 4, 13], "R": [[-0.6497058580462175, 0.7521103228646218, 0.11050954827933501], [-0.2131544150194307, -0.31978089741057614, 0.9232038631900382], [0.7296899981349289, 0.5762553599679235, 0.36807915823921145]], "T": [0.014751031009217451, -0.10905250881164007, 0.18376959991915107], "aligned_model": [[-0.5040563591991224, -0.6519702782291894, 0.33818606845577354, 0.5689922549929358, 0.2801067413763184, 0.03097883631041857, -0.6039434914719422, 0.002422147860948541, 0.39610607498419476, -0.01757111056510121], [0.45503732514529593, -0.32551089690097196, -0.16822143439420806, -0.27337715448704575, 0.6435941387280513, -0.6521948841872608, -0.2288202474387978, 0.47377375422698276, -0.4855567437471067, -0.03802134133785677], [0.2445900939892283, -0.0840892308211992, -0.4626447490086525, 0.13560426342888277, -0.011789557192108724, -0.28301985039991717, 0.5150186627067451, 0.5498546618123735, 0.6397370181897378, 0.1823452296782238]], "inverted": false, "swapped": false, "error_lsq": 0.05236891933215994, "error_max": 0.2573632824866185, "target": "613.xyz", "model": "8.xyz", "model_rescale": 4.121658175737393, "target_rescale": 3.722689846195318},
{"mapping": [7, 6, 2, 0, 10, 1, 9, 5, 4, 12], "R": [[0.6103743958515803, -0.5825021743352862, 0.5367814394923527], [-0.15867423078192514, -0.7538358758352396, -0.6376158410747661], [0.776057720388492, 0.30401100177194407, -0.5525502017256316]], "T": [-0.08169212928244626, 0.08321356300087146, -0.008088383700731921], "aligned_model": [[-0.5983804416263452, -0.5656130929423203, 0.16249251719927646, 0.6511978535325614, 0.4001436596936314, 0.17270582735424708, -0.5950830941062962, 0.11957033429284161, 0.14305443494224732, -0.05083711382460914], [0.46871538526002293, -0.40984046634247645, -0.19496187692501188, -0.14980901692806947, 0.6599477507247274, -0.5533942596767985, -0.19186056457159562, 0.29285993380124387, -0.5219423494729274, 0.0009879797379670902], [0.1909906037271034, -0.061942586626416586, -0.5957436686284887, 0.15743198802116826, 0.10004477387671783, -0.07840108154544581, 0.5868517465749367, 0.5371269189473276, 0.6013402185045832, -0.012092370468171666]], "inverted": true, "swapped": false, "error_lsq": 0.049235893834897085, "error_max": 0.2585394708196404, "target": "613.xyz", "model": "9.xyz", "model_rescale": 3.833441315466971, "target_rescale": 3.722689846195318},
{"mapping": [1, 12, 8, 9, 13, 7, 6, 5, 3, 14], "R": [[0.4906970162495695, -0.365588832589029, -0.7909242970916756], [0.2008550630389651, 0.9307338646753528, -0.30560058376596066], [0.8478641883552952, -0.008903854933314165, 0.5301386983346372]], "T": [-0.11061163491353257, -0.040139659693723476, 0.07376246688008775], "aligned_model": [[-0.675606293311576, -0.6743410472670442, 0.3939386818298579, 0.6412249929183353, 0.2992740556177659, 0.05341418020950747, -0.6124475258075539, 0.02488555036938042, 0.41872474279307437, -0.029816452836512186], [0.3925482019735158, -0.12107548343033166, -0.1474818010499162, -0.33464661094742804, 0.6433430882080886, -0.6842372076475155, -0.2366058972144141, 0.44826296206656063, -0.4745174992484257, -0.08488723710305145], [0.27167957897839917, -0.12290628863134015, -0.510588459310632, -0.0031626086568810885, 0.050706113462347546, 0.027417483603026427, 0.48703153682118944, 0.5215778231432464, 0.608029012237244, 0.0958223507367143]], "inverted": true, "swapped": false, "error_lsq": 0.04706731098464077, "error_max": 0.22592748993730177, "target": "613.xyz", "model": "10.xyz", "model_rescale": 4.2482417240324, "target_rescale": 3.722689846195318},
{"mapping": [8, 7, 2, 6, 1, 5, 9, 10, 4, 11], "R": [[0.577851640684224, 0.19169187234978305, -0.7933105995973994], [0.1735839336625836, 0.920918763883694, 0.3489659701190838], [0.7974685569555545, -0.33935653287061374, 0.49887978939345873]], "T": [0.020820539326115113, 0.0543749993203138, 0.07549217376811153], "aligned_model": [[-0.3894850836586412, -0.548511444504178, 0.24668183016815562, 0.5924468459050913, 0.2959340895555302, 0.033500040109142766, -0.5352460158778569, -0.17900048267291763, 0.331506633612832, -0.008575528121923616], [0.5078349656294306, -0.2516360732399206, -0.015348142238969992, -0.24777882949198582, 0.6727725771044419, -0.6966224142269013, -0.2717917101955926, 0.2509900153933801, -0.5173246353821845, -0.030393237744615734], [0.12916883216671032, -0.12643494762411184, -0.6258512850414426, 0.02621167555713262, -0.12709983996661606, 0.08081057830488274, 0.5890251969769995, 0.6555063607983448, 0.6607043222494475, 0.16356564896196696]], "inverted": true, "swapped": false, "error_lsq": 0.04420851969445512, "error_max": 0.2103851208294961, "target": "613.xyz", "model": "11.xyz", "model_rescale": 3.6694154284099745, "target_rescale": 3.722689846195318},
{"mapping": [2, 3, 11, 6, 10, 4, 1, 12, 0, 13], "R": [[-0.24915023759135627, -0.8473825284234142, 0.4688997863412957], [-0.6632953807628903, 0.5020927033126608, 0.5549253599708676], [-0.7056652159252171, -0.1727592770386771, -0.6871614331656649]], "T": [0.16589570713622967, 0.06868219168413181, 0.08970557616205133], "aligned_model": [[-0.4360353455003101, -0.5885813186235596, 0.31073932978526253, 0.6070128500673178, 0.11233031141205801, -0.09187598263990057, -0.5149753618080829, 0.07836841808585426, 0.22645152176775654, 0.13581646196883934], [0.314770664270093, -0.2755470533678987, -0.19236310123953693, -0.2801546506121367, 0.701643996811804, -0.6108350185632418, -0.1951982067655894, 0.4057350871169354, -0.44452846491205433, -0.02282073713129236], [0.14829776783033483, -0.14163734042476062, -0.5855013024517369, 0.029844427469828835, 0.08535943547473268, -0.04989659673607105, 0.5177887653790627, 0.6732317706198019, 0.5833508736134523, 0.16476874160866928]], "inverted": false, "swapped": false, "error_lsq": 0.04553573239055127, "error_max": 0.19833975988940444, "target": "613.xyz", "model": "12.xyz", "model_rescale": 3.9764082729961374, "target_rescale": 3.722689846195318},
{"mapping": [11, 6, 5, 0, 1, 4, 3, 8, 7, 15], "R": [[-0.162113708067246, -0.4411948088152362, -0.8826473170701735], [-0.2019543750992151, -0.8607113874635125, 0.467322520181642], [-0.9658848668630096, 0.254013873961882, 0.05043189268611542]], "T": [-0.027661622737543294, 0.09305934449215733, 0.012699611408927391], "aligned_model": [[-0.6257386220052513, -0.5086998456274842, 0.2890528788113223, 0.6053585430251235, 0.34580438826031246, 0.07308250877106204, -0.44207183368885444, -0.07517102841409254, 0.24546208939191033, -0.06782819400881375], [0.46111597791015135, -0.3191034601109045, -0.30487460243264797, -0.2561783666910229, 0.5929547875186187, -0.6160081530652046, -0.14669009972050456, 0.379029097150264, -0.39289346240106304, 0.003350797449395884], [0.3833516265030815, -0.41436344754122056, -0.6537569920006406, 0.07923098992764575, 0.1308108425926003, -0.04150025624354312, 0.7049624432673345, 0.6573832497816345, 0.5228829179451351, 0.05660516815128652]], "inverted": false, "swapped": false, "error_lsq": 0.04928634101301796, "error_max": 0.23675622118252684, "target": "613.xyz", "model": "13.xyz", "model_rescale": 4.170626492500431, "target_rescale": 3.722689846195318},
{"mapping": [2, 4, 8, 10, 1, 12, 6, 3, 11, 13], "R": [[-0.26055698797318416, 0.5309096040464829, -0.8063777330442286], [0.055489112080940345, 0.8420821382354329, 0.5364873073105368], [0.9638625495675257, 0.09504033247021171, -0.24887008808842573]], "T": [0.018713733295704936, 0.028316177509123824, 0.09048906907455345], "aligned_model": [[-0.5532531305923936, -0.48454215428531155, 0.12981256590131737, 0.5047877262778363, 0.4480215242527503, 0.08371648546626664, -0.48594299398778973, -0.05323775973406792, 0.23941974616271638, 0.010468875053909962], [0.35349667644432525, -0.2508172164135536, -0.23099852128797713, -0.22449081319921102, 0.6607778972762133, -0.6716044326338011, -0.2521334526279073, 0.3579158932768923, -0.3035996842297941, -0.03784383099810429], [0.097100949488726, -0.3240964958035201, -0.5965110977277279, -0.044229169372332566, 0.17112072258720198, -0.11345186083796105, 0.7021743309483396, 0.6918713222600597, 0.6742530348531921, 0.167374805987336]], "inverted": true, "swapped": false, "error_lsq": 0.039996472137575755, "error_max": 0.19940568011326038, "target": "613.xyz", "model": "14.xyz", "model_rescale": 3.9786697098870705, "target_rescale": 3.722689846195318},
{"mapping": [5, 4, 1, 9, 7, 0, 2, 8, 3, 11], "R": [[0.26636139670130865, 0.7514065315091805, -0.6036885213027257], [-0.05407794498659968, -0.6136787306390402, -0.7877017147545655], [-0.9623550188019776, 0.24245956357009235, -0.1228258027453758]], "T": [0.05892263901465731, 0.011888445116544133, -0.0028339352706403254], "aligned_model": [[-0.4962330423874808, -0.5227065980034782, 0.16344817261652467, 0.5900295444507342, 0.20569793772743744, 0.022432434118743495, -0.5232334289607818, -0.02428975670856439, 0.26788854184941036, 0.15621707981268979], [0.48944893499578673, -0.0667284511842644, -0.1988807748003052, -0.15758552127359646, 0.6485799430931207, -0.6826867100568872, -0.3578237357863897, 0.18252900058635865, -0.45853748304236946, 0.0023873130756286096], [0.32640417862745197, -0.17730898893986027, -0.6394836350689123, 0.2739661690706192, -0.10261847055949957, 0.003443392281856042, 0.524664531152159, 0.48315538976536265, 0.7588628087626651, -0.02547883270852804]], "inverted": true, "swapped": false, "error_lsq": 0.05548983952748099, "error_max": 0.2702132082640821, "target": "613.xyz", "model": "15.xyz", "model_rescale": 3.769337070930944, "target_rescale": 3.722689846195318},
{"mapping": [8, 7, 1, 0, 3, 5, 6, 2, 4, 10], "R": [[-0.6164935828009207, -0.04273900375555589, -0.7861991095920089], [-0.6672469244750574, 0.5584541981697825, 0.4928594630572928], [0.41799187090643514, 0.8284336340978248, -0.37280089827092694]], "T": [-0.05751185374003961, -0.015463426351033635, 0.05083347332069102], "aligned_model": [[-0.5902731329876543, -0.49698717057875624, 0.28563097152402767, 0.5715392763342957, 0.2498284695183756, -0.056328889570907585, -0.4277554556347905, 0.14859891695961266, 0.17841181497802158, -0.02341391602699011], [0.43224945812057813, -0.32526759865256166, -0.20972845191798867, -0.11968545658727155, 0.604619217357863, -0.6821440171658155, -0.21900020202210974, 0.3867783606624792, -0.48204199259044905, 0.014923198402357764], [0.3287044940464703, -0.4203557908792622, -0.6460471102168868, 0.15524879206028425, 0.028858956554831325, -0.023909499225188105, 0.6449709874576742, 0.6358512108357753, 0.6293462118166258, 0.09293828993298961]], "inverted": false, "swapped": false, "error_lsq": 0.048250282679289526, "error_max": 0.24667745664750151, "target": "613.xyz", "model": "16.xyz", "model_rescale": 3.7852294659196426, "target_rescale": 3.722689846195318},
{"mapping": [8, 0, 10, 5, 11, 4, 3, 2, 1, 12], "R": [[0.5234242237591239, -0.43603127102551226, -0.732054514821154], [-0.85206322605622, -0.27179851087358564, -0.44734084129393825], [-0.003916731395657014, 0.8579057641575664, -0.5137921360242843]], "T": [0.025539906216283124, -0.0009277726230629765, 0.12615776816916344], "aligned_model": [[-0.45745655648798367, -0.5164737022776089, 0.24266988853660762, 0.5273128810386217, 0.18595313274684905, 0.06878494314396424, -0.5248207221353975, 0.07591700869876908, 0.21301663810732246, 0.024347373144090516], [0.43524044647536386, -0.33339997511193203, -0.030665973119438826, -0.4255017823444546, 0.7078385080256231, -0.6725624238280188, -0.2473556721248404, 0.2949425889973764, -0.37122020172815373, 0.04338700036555719], [0.10012676903079074, -0.1216942814861742, -0.6492294160736205, 0.13918859958635182, 0.026910447788435654, -0.09480251598053432, 0.6446863018778122, 0.6590835582096986, 0.675694069239417, 0.04564301019113688]], "inverted": true, "swapped": false, "error_lsq": 0.04071098737935395, "error_max": 0.21592609708805888, "target": "613.xyz", "model": "17.xyz", "model_rescale": 3.901054581598922, "target_rescale": 3.722689846195318},
{"mapping": [1, 7, 11, 9, 4, 12, 0, 8, 13, 14], "R": [[0.4360879312127311, -0.3044509681263659, -0.8468393733510028], [0.4437512271165383, 0.8914187937865437, -0.09196402838452922], [0.7828870701979739, -0.33568160821090953, 0.5238374683294148]], "T": [0.046457695946604795, -0.011438138765706367, 0.19892360202444354], "aligned_model": [[-0.5382376107296739, -0.4864412484939668, 0.23863227900295705, 0.6380027673172461, 0.11113696843063761, -0.019885785446041103, -0.6291519941711756, 0.1011609551354252, 0.357570513020875, 0.06646404044895082], [0.3598510659654357, -0.23191896126707365, -0.24427856194239966, -0.27451870864324096, 0.7706907499802982, -0.6867859734839532, -0.1168366565605854, 0.45541941737451397, -0.5766271807044716, -0.054292675111441105], [0.1217143134855328, -0.12831323227220087, -0.5397138299330031, 0.07623430491867161, 0.10061305828835801, -0.1035312684856714, 0.5274768207959002, 0.6673996716894529, 0.5324987213379667, 0.171227982558307]], "inverted": true, "swapped": false, "error_lsq": 0.04782902292338879, "error_max": 0.21804471102250345, "target": "613.xyz", "model": "18.xyz", "model_rescale": 3.9405287249114394, "target_rescale": 3.722689846195318},
{"mapping": [13, 12, 0, 6, 9, 1, 14, 11, 10, 15], "R": [[0.3963507796228631, 0.05757340246638831, -0.9162921820144445], [-0.10619489831595397, 0.9942078694062226, 0.016533480649993187], [0.9119367867697921, 0.0907524971512232, 0.4001690657669636]], "T": [-0.022083430968442015, -0.039235478111852906, 0.01680593574388156], "aligned_model": [[-0.47378641973189795, -0.48573412677519945, 0.2235721921977573, 0.6614990917571346, 0.211647331999833, 0.16140366307277076, -0.5481288995472731, 0.019923624294497615, 0.0674823762807403, 0.001372050966871409], [0.4041717902481972, -0.2979983971602697, -0.24517433651231443, -0.28677982698564203, 0.6741938931202114, -0.6527412183921096, -0.13035009569863593, 0.3087184760022185, -0.3191364541918681, -0.054201314822705224], [0.2419375631968155, -0.11813422215155353, -0.5914018900554024, -0.15558949794566887, 0.1761744070994933, -0.14276416466005967, 0.5777990315355125, 0.6463904455790072, 0.7458720827482418, 0.04532278703692812]], "inverted": false, "swapped": false, "error_lsq": 0.04768599624454142, "error_max": 0.24625947983216206, "target": "613.xyz", "model": "19.xyz", "model_rescale": 4.410303926677745, "target_rescale": 3.722689846195318},
{"mapping": [8, 1, 3, 6, 10, 0, 7, 9, 4, 13], "R": [[-0.6497058580462175, 0.7521103228646218, 0.11050954827933501], [-0.2131544150194307, -0.31978089741057614, 0.9232038631900382], [0.7296899981349289, 0.5762553599679235, 0.36807915823921145]], "T": [0.014751031009217451, -0.10905250881164007, 0.18376959991915107], "aligned_model": [[-0.5040563591991224, -0.6519702782291894, 0.33818606845577354, 0.5689922549929358, 0.2801067413763184, 0.03097883631041857, -0.6039434914719422, 0.002422147860948541, 0.39610607498419476, -0.01757111056510121], [0.45503732514529593, -0.32551089690097196, -0.16822143439420806, -0.27337715448704575, 0.6435941387280513, -0.6521948841872608, -0.2288202474387978, 0.47377375422698276, -0.4855567437471067, -0.03802134133785677], [0.2445900939892283, -0.0840892308211992, -0.4626447490086525, 0.13560426342888277, -0.011789557192108724, -0.28301985039991717, 0.5150186627067451, 0.5498546618123735, 0.6397370181897378, 0.1823452296782238]], "inverted": false, "swapped": false, "error_lsq": 0.05236891933215994, "error_max": 0.2573632824866185, "target": "613.xyz", "model": "20.xyz", "model_rescale": 4.121658175737393, "target_rescale": 3.722689846195318},
{"mapping": [2, 3, 11, 9, 10, 7, 1, 6, 8, 12], "R": [[0.3921989906977278, -0.05377235240479132, 0.9183074026776323], [-0.10611661912449256, -0.9942700208967528, -0.012899174064979771], [0.9137391393834848, -0.09238863384002494, -0.39565783891628237]], "T": [-0.04396370006882892, -0.11212411308460636, 0.20015592342608277], "aligned_model": [[-0.5803244766111431, -0.5581296128193282, 0.24172053131823595, 0.6647844463371755, 0.3594412789052676, 0.021115545368014202, -0.6139634543408735, 0.05173335880144575, 0.3427455493883866, -0.08987228183194636], [0.42485753177377295, -0.34963754997775415, -0.130228426784428, -0.16820423267043383, 0.5432118010276304, -0.6321075409175091, -0.10342991365159368, 0.3139333480981245, -0.2950431440100613, -0.20264935728066563], [0.18675948056861416, -0.2021642033493876, -0.632085481998581, 0.06903018097276323, 0.07181144835769068, -0.23825026527304996, 0.5968920536429696, 0.6817590533642244, 0.7204440043735715, 0.1714102717244988]], "inverted": true, "swapped": false, "error_lsq": 0.04692995476260286, "error_max": 0.2205545638534917, "target": "613.xyz", "model": "21.xyz", "model_rescale": 4.08911054899281, "target_rescale": 3.722689846195318},
{"mapping": [7, 13, 14, 15, 5, 2, 0, 8, 1, 16], "R": [[-0.5076947672923771, 0.42462346641442605, 0.7496271973682225], [0.05942926103531243, 0.885292607534224, -0.46122138066014595], [-0.8594848376770448, -0.18960989113295587, -0.47469348319501176]], "T": [-0.015251829672711478, 0.026982578408506097, 0.07163071980039307], "aligned_model": [[-0.6644923074500614, -0.556174153592341, 0.15699003392690158, 0.6059251415799739, 0.29625898461236905, 0.142762434549218, -0.5685797153543632, 0.21642531943702892, 0.26836469075716635, -0.05822954395065742], [0.3163777580505465, -0.13758716816452476, -0.11447926639592745, -0.32610545205311664, 0.6570436105601567, -0.6762439903063391, -0.2228191025820701, 0.268583760627148, -0.3710982703293691, 0.0070306362005781615], [0.04853483218326335, -0.2704947016849356, -0.5301531889536731, -0.07319687088676188, 0.132566442456405, 0.11355582837747488, 0.5527822232591577, 0.6788510960980029, 0.6970039591330502, 0.07615692240133033]], "inverted": false, "swapped": false, "error_lsq": 0.04494087401060759, "error_max": 0.20996336473636631, "target": "613.xyz", "model": "22.xyz", "model_rescale": 4.204369325754507, "target_rescale": 3.722689846195318},
{"mapping": [13, 12, 0, 6, 9, 1, 14, 11, 10, 15], "R": [[0.3963507796228631, 0.05757340246638831, -0.9162921820144445], [-0.10619489831595397, 0.9942078694062226, 0.016533480649993187], [0.9119367867697921, 0.0907524971512232, 0.4001690657669636]], "T": [-0.022083430968442015, -0.039235478111852906, 0.01680593574388156], "aligned_model": [[-0.47378641973189795, -0.48573412677519945, 0.2235721921977573, 0.6614990917571346, 0.211647331999833, 0.16140366307277076, -0.5481288995472731, 0.019923624294497615, 0.0674823762807403, 0.001372050966871409], [0.4041717902481972, -0.2979983971602697, -0.24517433651231443, -0.28677982698564203, 0.6741938931202114, -0.6527412183921096, -0.13035009569863593, 0.3087184760022185, -0.3191364541918681, -0.054201314822705224], [0.2419375631968155, -0.11813422215155353, -0.5914018900554024, -0.15558949794566887, 0.1761744070994933, -0.14276416466005967, 0.5777990315355125, 0.6463904455790072, 0.7458720827482418, 0.04532278703692812]], "inverted": false, "swapped": false, "error_lsq": 0.04768599624454142, "error_max": 0.24625947983216206, "target": "613.xyz", "model": "23.xyz", "model_rescale": 4.410303926677745, "target_rescale": 3.722689846195318},
{"mapping": [12, 7, 1, 10, 2, 11, 6, 5, 9, 16], "R": [[-0.25054418375378024, 0.959267333677732, -0.13051357985270007], [0.8387482138353162, 0.2824087373525254, 0.46556067150804237], [0.48345531931629326, 0.007175486448139229, -0.875339629297688]], "T": [-0.001274935001486354, -0.1315193065525867, 0.22362112114274496], "aligned_model": [[-0.6141240876674186, -0.3899725234819702, 0.2106098878773316, 0.6101877254295708, 0.22012073476110244, 0.04914564406692164, -0.5645170396689937, -0.07734566231345937, 0.3389075989892612, 0.05623860652288892], [0.38865968089668934, -0.20299961103420835, -0.18396650181741075, -0.3060937681945327, 0.7402492058522302, -0.7121502806404784, -0.060168105190296556, 0.36786083225882915, -0.562908217984326, -0.06778071853941359], [0.2212606388631, -0.31092134439481084, -0.6062520397154689, 0.08426144793484194, 0.0690327342301208, -0.02345563564938058, 0.7291559145582645, 0.5983673750731227, 0.5246185202839286, 0.13953893119959582]], "inverted": true, "swapped": false, "error_lsq": 0.041438654554857283, "error_max": 0.21324667667280964, "target": "613.xyz", "model": "24.xyz", "model_rescale": 4.28219845311461, "target_rescale": 3.722689846195318},
{"mapping": [5, 1, 0, 2, 10, 4, 9, 11, 13, 15], "R": [[0.20734155432220921, 0.9729487741170967, 0.10188308395061949], [-0.8227007860185228, 0.11707047787796368, 0.5562894209797002], [0.5293136088707292, -0.19916120644709867, 0.8247192960703544]], "T": [0.0026000026868595316, -0.08762573161206137, 0.21615480538042048], "aligned_model": [[-0.6812173825426561, -0.4214530382692526, 0.2593088177933355, 0.638558387271613, 0.20103230545293266, -0.010431548946465308, -0.4627533850395059, -0.03798095752967702, 0.32725730711592493, 0.02693037920898569], [0.41722257732207085, -0.0668214257550339, -0.2849354898087905, -0.26696791302433004, 0.678460225749053, -0.7340008257735048, -0.15018438806394702, 0.339765928903841, -0.420843173200705, -0.11099300074157092], [0.16321474929472618, -0.2630357602198971, -0.5326600019002472, 0.0367855230867149, 0.15748840971018369, -0.1254267944394834, 0.7023711388302536, 0.5510676678356539, 0.585587110734157, 0.15021449945125248]], "inverted": false, "swapped": false, "error_lsq": 0.04356020702535836, "error_max": 0.1850541109516804, "target": "613.xyz", "model": "25.xyz", "model_rescale": 4.100010024507729, "target_rescale": 3.722689846195318},
{"mapping": [8, 7, 2, 6, 1, 5, 9, 10, 4, 11], "R": [[0.577851640684224, 0.19169187234978305, -0.7933105995973994], [0.1735839336625836, 0.920918763883694, 0.3489659701190838], [0.7974685569555545, -0.33935653287061374, 0.49887978939345873]], "T": [0.020820539326115113, 0.0543749993203138, 0.07549217376811153], "aligned_model": [[-0.3894850836586412, -0.548511444504178, 0.24668183016815562, 0.5924468459050913, 0.2959340895555302, 0.033500040109142766, -0.5352460158778569, -0.17900048267291763, 0.331506633612832, -0.008575528121923616], [0.5078349656294306, -0.2516360732399206, -0.015348142238969992, -0.24777882949198582, 0.6727725771044419, -0.6966224142269013, -0.2717917101955926, 0.2509900153933801, -0.5173246353821845, -0.030393237744615734], [0.12916883216671032, -0.12643494762411184, -0.6258512850414426, 0.02621167555713262, -0.12709983996661606, 0.08081057830488274, 0.5890251969769995, 0.6555063607983448, 0.6607043222494475, 0.16356564896196696]], "inverted": true, "swapped": false, "error_lsq": 0.04420851969445512, "error_max": 0.2103851208294961, "target": "613.xyz", "model": "26.xyz", "model_rescale": 3.6694154284099745, "target_rescale": 3.722689846195318},
{"mapping": [2, 0, 1, 7, 12, 5, 4, 10, 8, 13], "R": [[-0.8959138118884411, -0.4212875205632016, 0.14090871756294246], [-0.39345465800286405, 0.6052774049516845, -0.6919773805196264], [0.20623257202336484, -0.6753932840002664, -0.7080339244442764]], "T": [0.10667511062454099, 0.03525765273762496, 0.18873289329878123], "aligned_model": [[-0.4349608993627389, -0.4244061045012319, 0.07325664940654167, 0.638060503741162, 0.2862346782430067, 0.06259244465338731, -0.5456523105060862, -0.08815108678638145, 0.2123533417399724, 0.05992366788760264], [0.426727901746931, -0.2188486018434482, -0.2442331821234683, -0.2701783852099642, 0.7869069909571466, -0.6928261621465761, -0.2649344342256552, 0.1739740237572355, -0.36233224638552, 0.06644661108040109], [0.06418923417101205, -0.11179347402437562, -0.6481749471318239, 0.045670265671518884, 0.008415264132151823, -0.11774577934532682, 0.5885881379244109, 0.7407213362087635, 0.6777232572259348, 0.17801324755104786]], "inverted": true, "swapped": false, "error_lsq": 0.043030351209166956, "error_max": 0.20829577900194318, "target": "613.xyz", "model": "27.xyz", "model_rescale": 4.103607728864725, "target_rescale": 3.722689846195318},
{"mapping": [9, 10, 11, 8, 5, 13, 3, 0, 2, 14], "R": [[-0.6715741252360685, -0.7409366103615292, -0.0010647719835151555], [0.7408713740078955, -0.6714944283993358, -0.01431222569351794], [0.009889463537638232, -0.010400579532737481, 0.9998970079244767]], "T": [-0.03336721925044536, -0.11413710227464052, 0.05749512833272448], "aligned_model": [[-0.5136226466739762, -0.5095035392450904, 0.16082380873507574, 0.7621891431152961, 0.14770525587305333, 0.19605442268139966, -0.4657404808685067, -0.07408118435566949, 0.10559852387586025, 0.029827581377791984], [0.5487558498924048, -0.12451688442379706, -0.21759103456904633, -0.24586485573133016, 0.594545920768859, -0.69657875843228, -0.2031990020704149, 0.2617256706242899, -0.43949170275517174, -0.07708268769643112], [0.050312896751076926, -0.12405855852117938, -0.5933876276241671, -0.09088900180005761, 0.06851973646387365, -0.10983675846517017, 0.6646624802294941, 0.6631033267380833, 0.7025948201754572, 0.1945852284359032]], "inverted": true, "swapped": false, "error_lsq": 0.04594095546147939, "error_max": 0.1962022416302749, "target": "613.xyz", "model": "28.xyz", "model_rescale": 4.137296879288765, "target_rescale": 3.722689846195318},
{"mapping": [4, 6, 9, 7, 3, 0, 5, 2, 1, 10], "R": [[-0.6986982289457637, -0.5856186756103314, 0.41093983944666984], [-0.7154118216403276, 0.5698499871221079, -0.40429805544202396], [0.002590429563144536, -0.576473554426684, -0.8171117002719661]], "T": [0.04561922235414447, -0.007146376069654833, 0.0804799118505696], "aligned_model": [[-0.5248737722839671, -0.6122368025313282, 0.09432787963512587, 0.739764655856525, 0.21471834840767848, 0.025792919668494278, -0.4031687538704911, 0.002523053431166565, 0.30309967663795684, -0.0006963204359257888], [0.4812895463051249, -0.188583794978672, -0.24592235253884343, -0.18621671860994216, 0.6405263213894565, -0.7062893502338269, -0.20541385263742717, 0.24113594747755618, -0.4492339665447745, 0.01941073597843058], [-0.10819455802004196, -0.1441391801663474, -0.6620884122893342, 0.07008018809620767, 0.21387514226222074, 0.044060661914920474, 0.5414327375966821, 0.8211672170639844, 0.6329483217162803, 0.016464424208741557]], "inverted": false, "swapped": false, "error_lsq": 0.05539433590980013, "error_max": 0.27752254083473293, "target": "613.xyz", "model": "29.xyz", "model_rescale": 3.607286011436655, "target_rescale": 3.722689846195318},
{"mapping": [2, 7, 4, 8, 0, 10, 13, 1, 11, 14], "R": [[-0.8789368094207289, -0.4491296751407969, 0.1604762286235305], [0.2671482189732008, -0.7423492889784321, -0.6144504554906467], [0.39509734768124694, -0.4971921842317502, 0.772462308332326]], "T": [0.004101250324091102, -0.1372108868825956, 0.08153949166273392], "aligned_model": [[-0.5193408026338542, -0.701908440640113, 0.25502962692187897, 0.6455673555647994, 0.16309428601075227, 0.2639066153382568, -0.5463816250507862, 0.011815124280587591, 0.15082946329080854, 0.11663928143290443], [0.4623773867624765, -0.0717454922937083, -0.22720742759544718, -0.3083517827764898, 0.7885869122270865, -0.8093510183075359, -0.22026692691726465, 0.3182537473406326, -0.4331904433781397, -0.09840243945452821], [0.21054283500602908, -0.22919120027708892, -0.5709825862625832, -0.07460468166735143, 0.033833801533596525, 0.07961217749439273, 0.5568970628492987, 0.6563773139881958, 0.5667178059075602, 0.19640401381126424]], "inverted": false, "swapped": false, "error_lsq": 0.047901230092862734, "error_max": 0.2447124250180756, "target": "613.xyz", "model": "30.xyz", "model_rescale": 3.964800864290218, "target_rescale": 3.722689846195318},
{"mapping": [0, 1, 7, 10, 9, 6, 3, 2, 4, 11], "R": [[0.23479296874019445, -0.9576292091024341, -0.16678896757283726], [0.8131009542192713, 0.2875151811175855, -0.5061638656350655], [0.5326716625444579, -0.0167725520052511, 0.8461557666419078]], "T": [-0.0646450475287223, -0.059124593568988006, 0.10850740900556324], "aligned_model": [[-0.5766211481971544, -0.5220619244021545, 0.26495674100302713, 0.5675289670521957, 0.2569564031410168, 0.01885429068240993, -0.48161182652397244, 0.09212198626601956, 0.2131825628479493, 0.0059448326458973605], [0.3842748973689185, -0.2480318145497479, -0.07801677166346446, -0.09722216785049545, 0.6276175918287848, -0.7128235076850523, -0.1268215556738748, 0.2853949589841994, -0.5826105642123388, -0.051058550939847076], [0.1529010105344102, -0.19532713539577282, -0.6322872352641113, 0.1490991298383065, -0.023964902603027166, -0.036209006074047256, 0.6573000762046612, 0.6192676609369449, 0.7057174653148222, 0.029109478891127444]], "inverted": true, "swapped": false, "error_lsq": 0.039546672698381705, "error_max": 0.20807858372105006, "target": "613.xyz", "model": "31.xyz", "model_rescale": 3.5958979899826287, "target_rescale": 3.722689846195318},
{"mapping": [11, 8, 1, 2, 3, 9, 5, 10, 6, 12], "R": [[0.7461156872344908, 0.4504396480081191, -0.4903218379441461], [0.6596328672520448, -0.39994494534769326, 0.636339941486999], [0.09053099857755885, -0.7982156125967172, -0.5955299942936524]], "T": [0.06820088870154084, 0.0075226707285391825, 0.06584103599490293], "aligned_model": [[-0.501894625356109, -0.3256914594638871, 0.20690911754361171, 0.5727150005462124, 0.08005040846923381, -0.026053893270258616, -0.6743431457639094, 0.1768358286713016, 0.30839077868961706, 0.022332874449422245], [0.48701196689347936, -0.35896231814660234, -0.12161382998988604, -0.2191403265575671, 0.5960763401966521, -0.7257502224039992, -0.11701559241362083, 0.31631744959941055, -0.3990429224669328, -0.057178029103851474], [0.31633168141525075, -0.4570770502689882, -0.651263077358601, -0.06133237553346929, 0.083241136492921, 0.16096139083497324, 0.5692990548845256, 0.715656300550958, 0.6110185036536198, 0.13877097771212402]], "inverted": true, "swapped": false, "error_lsq": 0.060244415147467555, "error_max": 0.3613509131548209, "target": "613.xyz", "model": "32.xyz", "model_rescale": 3.9765860457182933, "target_rescale": 3.722689846195318},
