[{"mapping": [5, 6, 8, 9, 1, 7, 0, 4, 2, 3, 10, 11], "R": [[-0.8608373857022706, -0.45562885333963665, 0.22663041142284554], [0.07234852219043708, 0.33124744132966094, 0.9407660835454331], [-0.5037109158179325, 0.826242991266468, -0.25218610720834544]], "T": [-0.05078879869246642, 0.03352964415029827, 0.06317938881437295], "aligned_model": [[0.7321233957013111, -0.17391033161988198, -0.6556349111825548, -0.24019471315548943, 0.06994172550002747, 0.6263785405487486, 0.19712673476894185, -0.2946994179996481, -0.4247079165716076, -0.26124742191052114, 0.4312598635890478, -0.0036742611980215903], [-0.19614079340446366, 0.4977383532078148, 0.11806452892941875, 0.598364014115348, -0.2034241957664513, 0.4633476501366661, -0.5331384515956189, -0.4823497098810531, -0.5908390685823293, 0.21039541969491168, 0.38304411446121134, -0.01678590124074865], [-0.08843300682936263, -0.4795045431568196, -0.11036750442263728, 0.18336240966414372, -0.5934465151795739, -0.44011395135703074, 0.04846369876114119, 0.6347776468741042, -0.28192704322002077, 0.6944148283621605, 0.3906394141621233, 0.05418927553430844]], "inverted": false, "swapped": false, "error_lsq": 0.06268128844361917, "error_max": 0.3907950082371323, "target": "614.xyz", "model": "0.xyz", "model_rescale": 3.751011558992144, "target_rescale": 3.9483407886330535},
{"mapping": [4, 7, 12, 0, 6, 1, 10, 5, 9, 13, 8, 14], "R": [[0.4627333186206478, 0.8791610943772177, 0.11381408512032043], [-0.15721490730021315, -0.044967396223837025, 0.9865401189001055], [0.8724456136407059, -0.4743982540127038, 0.11740931747008251]], "T": [-0.019727122074987148, 0.04230472237014442, 0.04091412650378428], "aligned_model": [[0.72268551743819, -0.19050378337603358, -0.7081817025314261, 0.028401961281148268, 0.1224556880027948, 0.4286860006059877, 0.2136242029231155, -0.06392646091546361, -0.3887027490685089, -0.5809967184218925, 0.4876397422730525, -0.0684204117406119], [-0.2123449626572821, 0.42719869799129445, 0.11318557179216206, 0.7992597597739899, -0.009276307863704106, 0.45683031191280415, -0.7343685037058052, -0.2387542657644542, -0.4817417804918997, 0.015046246014029364, 0.09147472765207665, 0.02176646542149427], [-0.05681499155382492, -0.47130553661220503, -0.22923638693450865, 0.05530791626626324, -0.694510370714347, -0.2949128474837794, -0.08065728110206655, 0.596916204404974, 0.19395618234822593, 0.5010615093974654, 0.4658605086299128, 0.026389802546426568]], "inverted": true, "swapped": false, "error_lsq": 0.043236998723391075, "error_max": 0.2459245200286517, "target": "614.xyz", "model": "1.xyz", "model_rescale": 3.9405287249114394, "target_rescale": 3.9483407886330535},
{"mapping": [0, 9, 8, 11, 2, 5, 1, 7, 4, 3, 6, 12], "R": [[-0.444846079284947, 0.875568611267993, 0.18839207177333367], [-0.6034698250430253, -0.448465033546691, 0.659320319684223], [0.661767433474443, 0.17960712861187772, 0.7278771485246981]], "T": [-0.028226479478685444, 0.019503364970397376, 0.041260833749781956], "aligned_model": [[0.8085562212648756, -0.38341179633673145, -0.7335948579589079, 0.20894433406953983, 0.21001673191818065, 0.37838273049811944, 0.2580094773686587, -0.08082600562986476, -0.5223403595365539, -0.41213633723242343, 0.30081117603028457, -0.02965002798482478], [-0.02402578504762449, 0.6168840474453543, 0.14566851963399519, 0.6896611159937097, -0.1639851807014083, 0.36024813096678787, -0.710379073265588, -0.37391982963589077, -0.47753194907245483, 0.06675568430630918, 0.14165641257331213, -0.022756133121796217], [0.012452621189828289, -0.3678367316111762, -0.2540823132820298, 0.0887253782164864, -0.5700833846347257, -0.4553660233419914, -0.07084151109921782, 0.7278184299866857, 0.0188311210612101, 0.46218852113298664, 0.4561928132451014, -0.0359442116706212]], "inverted": false, "swapped": false, "error_lsq": 0.056509669669149776, "error_max": 0.29179738627407203, "target": "614.xyz", "model": "2.xyz", "model_rescale": 3.932901565614263, "target_rescale": 3.9483407886330535},
{"mapping": [9, 4, 0, 6, 7, 5, 8, 11, 3, 1, 12, 13], "R": [[-0.04974890814638144, -0.3636413170892232, 0.930209674559375], [0.30603986192944754, -0.8921114768297073, -0.33238037820985095], [0.9507179650392895, 0.26814567946236606, 0.15567031039096213]], "T": [-0.07939394710762496, -0.008382507577415547, 0.04419799700224298], "aligned_model": [[0.6141680567762082, -0.27441014268384906, -0.6847441377025826, 0.06463417504889188, 0.14154555963824664, 0.4318276615269986, 0.1670304872225428, 0.02547477015143715, -0.3735433889564205, -0.6601201161728959, 0.5461223244882177, 0.004776037133557287], [-0.1689231422181779, 0.5534305377112709, 0.07605764136722104, 0.6360898817942044, -0.15693211677336877, 0.42549672821040146, -0.6984785404223639, -0.5633413082817461, -0.41902609153066706, 0.18709604243685204, 0.31566983670718957, 0.06113649107388994], [-0.13743732661799443, -0.5957716820796677, -0.23034041039435976, 0.21913655778133762, -0.6182680740638627, -0.21503348502082192, 0.0014289761035875606, 0.7361026002740224, -0.030189037481529533, 0.4605078262871727, 0.33890001988641466, 0.08301874451823757]], "inverted": false, "swapped": false, "error_lsq": 0.04411019715996681, "error_max": 0.244904936891234, "target": "614.xyz", "model": "3.xyz", "model_rescale": 3.9243930471874484, "target_rescale": 3.9483407886330535},
{"mapping": [0, 9, 8, 11, 1, 5, 2, 3, 4, 10, 6, 12], "R": [[0.4235038613973383, 0.8162030553061079, 0.3930102440020093], [0.8223928928765964, -0.16447187172667332, -0.5446273341990722], [-0.3798873637377362, 0.553860610550795, -0.7408940645954006]], "T": [-0.10281612865659158, 0.05531294749183305, -0.013574337602232091], "aligned_model": [[0.619184144856987, -0.36454059689163176, -0.7007250905361646, -0.11672419131543839, 0.2000494810832985, 0.6178931250101054, 0.17609415057468253, 0.15815739435007586, -0.3828895484744347, -0.549890837293593, 0.33400032990700107, 0.012152925199464717], [-0.3747311214377975, 0.5376995971720376, 0.03106216028649573, 0.8344741352582459, -0.04383313807811193, 0.2600262662912064, -0.8223977023229567, -0.3115766053467387, -0.45565417663013186, 0.2079436956951828, 0.32746751508000094, 0.05779533410727301], [-0.14434152456194638, -0.45684718215090014, -0.20915844109799214, 0.12371546776957393, -0.6527947816866861, -0.124451425227322, -0.06877906253054217, 0.48666385233539683, 0.09973385723884337, 0.5098335140000709, 0.49302193913652276, -0.04454150403248264]], "inverted": true, "swapped": false, "error_lsq": 0.0478222953034357, "error_max": 0.32613343756465724, "target": "614.xyz", "model": "4.xyz", "model_rescale": 3.8936222436046832, "target_rescale": 3.9483407886330535},
{"mapping": [6, 0, 2, 3, 1, 9, 5, 7, 4, 10, 8, 11], "R": [[0.30448687415412073, -0.5426022220375414, 0.782860506161714], [0.815228342236933, -0.27662373115023325, -0.5088045414283814], [0.49263626894644563, 0.793134377015929, 0.35811641475095674]], "T": [0.03477199444830394, 0.06297940936783746, 0.07417073584827409], "aligned_model": [[0.6762886484816067, -0.12101669775325588, -0.6574215017236128, -0.15767185547666582, 0.04128756629978899, 0.509493283465771, 0.09821802559196047, 0.2474778054973431, -0.5393487980412655, -0.4027321552090559, 0.30204660027091645, 0.006140365066821397], [-0.3887106720427993, 0.6253540785929513, 0.15360394662381355, 0.6044419870296789, -0.13787549469254506, 0.3959675726437, -0.7241322537720508, -0.30318292237899075, -0.4849347940547651, 0.06556663465632784, 0.5331802402924802, -0.09100236282309519], [-0.06381868788007934, -0.5907976271383361, -0.19005231770413855, 0.08227468174138876, -0.7021820331938612, -0.139825817145038, -0.10913416841819727, 0.5645062456206658, 0.045887521289556754, 0.5302966228388739, 0.577497955468837, 0.00740233371286407]], "inverted": false, "swapped": false, "error_lsq": 0.05309456683855995, "error_max": 0.3090974350226594, "target": "614.xyz", "model": "5.xyz", "model_rescale": 3.6523030999806103, "target_rescale": 3.9483407886330535},
{"mapping": [6, 11, 7, 4, 9, 10, 8, 1, 5, 3, 2, 12], "R": [[0.4316551308621664, -0.901835806638448, -0.019131802454180433], [-0.883101027580403, -0.42682096182044194, 0.1948241300175858], [-0.18386523077189537, -0.06720152093109669, -0.9806515856805338]], "T": [0.008831820771650511, -0.03952131117534881, 0.01720142960742632], "aligned_model": [[0.6243401607347363, -0.35327175033806957, -0.6334633324883816, 0.07684913865041314, 0.03937029355409341, 0.5850771698532842, 0.18307512622689942, 0.0946460750879215, -0.38296084610797304, -0.4915138664742375, 0.3519705053305243, -0.09135738755885829], [-0.2404342401774306, 0.6127552404418176, 0.05325196970196437, 0.521887692798872, -0.06009757203643824, 0.34846054900988477, -0.62912779929396, -0.2877516859919262, -0.5936369766536473, 0.2521049001108397, 0.32614639992084643, -0.05528251775611705], [0.07557899779761466, -0.4496875370013214, -0.19649956278875969, 0.11376838385249906, -0.7048144250313303, -0.3378822443287113, -0.25794682559139837, 0.6601574629160861, 0.07514852131735625, 0.4009318676668576, 0.5870738736069526, 0.04622619677669114]], "inverted": true, "swapped": false, "error_lsq": 0.0459697612241281, "error_max": 0.23565713087202486, "target": "614.xyz", "model": "6.xyz", "model_rescale": 4.08911054899281, "target_rescale": 3.9483407886330535},
{"mapping": [12, 1, 9, 2, 11, 13, 10, 4, 8, 3, 7, 14], "R": [[0.5642687446810633, 0.7967772124123276, 0.21621021612425712], [0.8028601422217558, -0.4685514330248845, -0.3686124613221716], [-0.19239640279308617, 0.3815830556913763, -0.9040895950078802]], "T": [0.029649725691165155, 0.01906822925633421, 0.07215891760122564], "aligned_model": [[0.647750807995116, -0.24148238700086122, -0.6529897173349867, 0.11369002845305608, 0.07622817832395844, 0.5252543009374693, 0.202386463825726, -0.1202252294152323, -0.39665270715688067, -0.6380229341983877, 0.572328492241263, -0.08550401019988764], [-0.19845045913892495, 0.5266433892320461, -0.029452932906165838, 0.8164519855153696, -0.16696447749047905, 0.38490152583180176, -0.6556612114898114, -0.3642284889636326, -0.5129875674865028, 0.05061771962853516, 0.37962601888664305, 0.01778045845582663], [-0.20826681278863715, -0.38259474461402687, -0.3102105314335214, 0.15734058263059553, -0.48259629213361366, -0.3233617853503139, -0.11271157650480781, 0.6444093988905939, 0.09037534384696344, 0.49603305594778413, 0.49023403191684867, -0.04659596121532883]], "inverted": false, "swapped": false, "error_lsq": 0.04744449881939989, "error_max": 0.26062515577020434, "target": "614.xyz", "model": "7.xyz", "model_rescale": 3.964800864290218, "target_rescale": 3.9483407886330535},
{"mapping": [5, 11, 12, 6, 9, 10, 8, 1, 7, 2, 3, 13], "R": [[-0.796361068000273, -0.5612914815524294, 0.2253018466638559], [-0.5949118013325135, 0.7940924346100952, -0.12448756536424016], [-0.10903668194130238, -0.2331717779485563, -0.9663032256799833]], "T": [-0.046476206785108234, 0.10636836529904807, 0.12791568671372838], "aligned_model": [[0.7124897715341242, -0.22494067775655935, -0.5913680473157032, -0.03188123202565219, -0.02396567884226171, 0.5654824768167731, 0.15555259756923512, -0.027121602413093818, -0.4597077741639978, -0.5526860995575792, 0.49051558523074845, -0.009608032605681022], [-0.23003946562389616, 0.622225840365165, -0.09299097727479767, 0.6848362876485058, -0.05483859864396508, 0.18594846449204666, -0.5347761580856162, -0.481981046770756, -0.4721727898076051, 0.11535646263647448, 0.44885388635789214, 0.057854054781257803], [0.028562085792418868, -0.49592309254976924, -0.3558442454223199, 0.16875283527984597, -0.5409358047973729, -0.41458554866174674, -0.2451468331837911, 0.5933082734392944, 0.16510397157816623, 0.5548577042285525, 0.47476749783060573, 0.07913786565865223]], "inverted": false, "swapped": false, "error_lsq": 0.04764908671380753, "error_max": 0.333731714064464, "target": "614.xyz", "model": "8.xyz", "model_rescale": 4.121658175737393, "target_rescale": 3.9483407886330535},
{"mapping": [0, 9, 7, 6, 5, 4, 10, 3, 11, 8, 1, 12], "R": [[0.7591811385867433, -0.015311449828540762, 0.6506992840923401], [-0.08738950244039595, 0.9882735670814411, 0.12521354348210262], [-0.6449861034761571, -0.15192404718237484, 0.7489405919099135]], "T": [-0.0461549019585526, 0.0005601660968358908, 0.050704258621737], "aligned_model": [[0.7152760369006452, -0.19001852124824833, -0.6278047404863383, -0.19758386464323913, 0.13204034582580856, 0.5925873571558788, 0.0719389845796121, 0.05847154137462694, -0.5034613174051683, -0.5505525508190978, 0.48050250957140056, 0.021365505664471957], [-0.19515062611079217, 0.6092962014397154, 0.010743326590160644, 0.6634757123871913, -0.1934154594057738, 0.46466457585688736, -0.7201744888270822, -0.6200870840218191, -0.42026154880256644, 0.23751560802573682, 0.3624160249141236, 0.049253718028923824], [0.02341956907354603, -0.4987805140106345, -0.2910422540103206, 0.18409952780611422, -0.508167655732275, -0.35518161324545583, -0.15684386049616003, 0.526660443312747, 0.18036536001300807, 0.5197335413872515, 0.30882055805612635, 0.07897160703858862]], "inverted": true, "swapped": false, "error_lsq": 0.041451509186356275, "error_max": 0.21633541231315712, "target": "614.xyz", "model": "9.xyz", "model_rescale": 3.833441315466971, "target_rescale": 3.9483407886330535},
{"mapping": [1, 3, 7, 2, 4, 5, 12, 10, 11, 8, 13, 14], "R": [[0.28452044703878726, 0.9297994647613562, 0.2334974743896476], [0.8331606381020805, -0.11934005522290908, -0.5400012058659933], [-0.4742272306966172, 0.34818228925217964, -0.8086270012292001]], "T": [0.027194823802996256, -0.07235055300637407, -0.02898972833093284], "aligned_model": [[0.6836152970192195, -0.3557354388775348, -0.6007336212027046, 0.012614109585002916, 0.21357040436207234, 0.5505059115545768, 0.10517343782173567, -0.046652157719808046, -0.5015237534079996, -0.4668825395974027, 0.4429389705355117, -0.03412933360231682], [-0.3901832853221093, 0.5221360867656116, -0.09013623619252753, 0.6387280838913288, 0.1901867397949017, 0.34352564348092, -0.6689302249462243, -0.3619964801139594, -0.46441710812417714, 0.10155167730419058, 0.4297084337382573, -0.0018973702015066957], [-0.14605146215171919, -0.533243532286505, -0.251033674900391, 0.07495655514391063, -0.7585449989925073, -0.1320804461406831, -0.06111585624311135, 0.736781780508243, 0.15011237526812982, 0.54824933448885, 0.4301182325031846, -0.04609359800486474]], "inverted": true, "swapped": false, "error_lsq": 0.04500368091039467, "error_max": 0.2833333491904332, "target": "614.xyz", "model": "10.xyz", "model_rescale": 4.2482417240324, "target_rescale": 3.9483407886330535},
{"mapping": [10, 3, 2, 7, 1, 8, 0, 4, 6, 5, 9, 11], "R": [[0.42706659486056275, 0.10110909353392297, 0.8985494281111934], [-0.8856999616475423, -0.1533175868014948, 0.43821147350897693], [0.18207059480252874, -0.9829906758368133, 0.02407550053766022]], "T": [-0.03110102386378033, 0.005396439730347716, -0.05630431745389556], "aligned_model": [[0.5903234613993019, -0.11827818472193408, -0.6946925065640155, -0.07629226414046494, -0.009515553371786015, 0.41069637935653286, 0.31078641446457556, -0.0031927176054564743, -0.46888859008641115, -0.39383745236258655, 0.44792644955391203, 0.007725850548684868], [-0.09761579038942382, 0.643714516171871, 0.12010264688677501, 0.6428688267031166, -0.23869092321343605, 0.28230485908658903, -0.6474717088199355, -0.44452227369571445, -0.43830185680427747, 0.09846264454231722, 0.32223335080187554, 0.005191668804948431], [0.07868624553388179, -0.549276732873309, -0.36329962118372133, 0.1676219077740742, -0.718952022100181, -0.380333036477735, -0.23156308629486452, 0.6937849158930942, 0.12245811331978235, 0.5948079119531071, 0.5348453705546672, 0.06327474309374034]], "inverted": true, "swapped": false, "error_lsq": 0.047778288011194325, "error_max": 0.2584623936648537, "target": "614.xyz", "model": "11.xyz", "model_rescale": 3.6694154284099745, "target_rescale": 3.9483407886330535},
{"mapping": [4, 5, 7, 12, 6, 0, 11, 8, 9, 10, 1, 13], "R": [[0.5749018301101501, -0.07303922578640887, -0.8149559234906649], [-0.8179778109757332, -0.07565502145246711, -0.5702531179050009], [-0.02000466164043435, 0.9944554234482051, -0.10323867631417495]], "T": [0.008609962805458542, 0.033192456776506146, 0.0360047227487184], "aligned_model": [[0.6961210044506562, -0.2150908476057081, -0.6713582425267107, -0.1467289863813359, 0.09774156661775547, 0.5095684265333884, 0.05593425450227339, 0.00503693379643606, -0.5503359020552421, -0.5181190979549113, 0.625280716553626, 0.11471146054012502], [-0.23188584421336714, 0.5083366955005497, 0.03435088961494662, 0.6696631154225016, -0.09099766926135819, 0.421505913156917, -0.678993185456518, -0.4991009652138253, -0.5258994116330932, 0.14797355162999906, 0.4036372579770071, 0.08968561255094634], [-0.03284810370415701, -0.5712569113970741, -0.2636737987376437, 0.21640264905266512, -0.5085016622002713, -0.2941333417617371, -0.1526236720374433, 0.5738232773566954, 0.17629752271890847, 0.3720264246121168, 0.48205553245177285, 0.014486792838703803]], "inverted": false, "swapped": false, "error_lsq": 0.040085627433292685, "error_max": 0.2212909014076404, "target": "614.xyz", "model": "12.xyz", "model_rescale": 3.9764082729961374, "target_rescale": 3.9483407886330535},
{"mapping": [0, 6, 14, 13, 4, 5, 7, 8, 3, 11, 1, 15], "R": [[0.10213228177477787, -0.5129497900591098, -0.8523212480618989], [0.8018258669196452, -0.4646571558094185, 0.37572464211661916], [-0.5887650432541296, -0.721786838639648, 0.36383991453460135]], "T": [0.117641117764244, 0.12325296144659573, 0.08447451617955277], "aligned_model": [[0.70066700107654, -0.23831358523185353, -0.6594928757314813, -0.2379733612621724, 0.21329943466289136, 0.5945857021169652, 0.23070076203430806, -0.09691992608928597, -0.47469979053219336, -0.5502255640355419, 0.45609833958261325, 0.06503514987956313], [-0.2417486847350709, 0.44929089826333646, 0.1922289330799473, 0.6203994216537815, -0.14851491550565807, 0.45958326747793354, -0.5934907663490158, -0.30944663514980675, -0.4742884826731577, 0.10516837659931985, 0.13099042624827173, 0.058104121164824316], [-0.14782389357577003, -0.5076862042929171, -0.08905678089878517, 0.11387325079746712, -0.5734429780734961, -0.5173806944286092, -0.1265459672484005, 0.6006018785760286, 0.10727623171682568, 0.5136268689425965, 0.6217913862836187, 0.016821611393977823]], "inverted": false, "swapped": false, "error_lsq": 0.048201087142100245, "error_max": 0.26181095838463414, "target": "614.xyz", "model": "13.xyz", "model_rescale": 4.170626492500431, "target_rescale": 3.9483407886330535},
{"mapping": [4, 7, 1, 10, 0, 8, 2, 6, 3, 11, 12, 13], "R": [[-0.5081731944582575, -0.7932819101713522, 0.33535625151319476], [-0.6100595466682535, 0.05669562938233774, -0.7903245884621496], [0.6079369654437996, -0.6062090535482224, -0.512760401594305]], "T": [-0.01860188325141598, -0.0013220674333100126, 0.014989596528757292], "aligned_model": [[0.6758478252779506, -0.0774437287365619, -0.637498653175401, -0.07249411878295972, -0.0461438980448067, 0.49878800878841834, 0.1290516240044865, 0.011606763586255824, -0.5386324897112624, -0.34931606739985555, 0.43870260736306327, -0.029706586698974906], [-0.14271156019683165, 0.5232917771328953, 0.06294226274122214, 0.5560189647320511, -0.13525762231985294, 0.46197102241871674, -0.609881157738298, -0.5394052659626171, -0.4280468831887522, 0.09188495170799701, 0.4181450015102614, -0.010675530762086275], [-0.013501529327770562, -0.6004352601338377, -0.43628787237504574, 0.08423485477141072, -0.5656661630106078, -0.24811400533806274, -0.18696693997982192, 0.660778398031845, 0.16647459378383841, 0.6327275920551533, 0.40309538381090243, 0.11571565690453302]], "inverted": true, "swapped": false, "error_lsq": 0.044092830070297774, "error_max": 0.23549787045086149, "target": "614.xyz", "model": "14.xyz", "model_rescale": 3.9786697098870705, "target_rescale": 3.9483407886330535},
{"mapping": [10, 2, 0, 8, 4, 5, 1, 6, 1, 9, 7, 11], "R": [[0.1588340167415631, -0.8856790348602753, -0.4362847720637433], [-0.974994496715828, -0.0711427513818334, -0.21053370347683578], [0.15542678823031253, 0.4588151655457721, -0.8748320738093771]], "T": [-0.040826422079011396, 0.09034395017950571, 0.03999081364157935], "aligned_model": [[0.6039941086503624, -0.3218230377862177, -0.6399181592218094, -0.013566195311345078, 0.15416835795805678, 0.47512701761171733, -0.06370362596268575, -0.08008570689821291, -0.06370362596268575, -0.46774481511092797, 0.4970885946845431, -0.07707162618044265], [-0.40678652290797424, 0.6012024745642438, -0.07905569275073741, 0.6107558753903789, 0.012736980782640198, 0.6306196539218866, -0.5872165486399743, -0.33976233436375686, -0.5872165486399743, 0.2091878724908821, 0.1355033994261693, 0.048307350800922105], [-0.1314407014733324, -0.6033690283532235, -0.2701679159487295, 0.06561178467865333, -0.5352212552082293, -0.2542094578520557, 0.007425564152217838, 0.7039358289521779, 0.007425564152217838, 0.47706183289350607, 0.42141454687628443, 0.12358794632304915]], "inverted": true, "swapped": false, "error_lsq": 0.05427611719502818, "error_max": 0.40408822718964205, "target": "614.xyz", "model": "15.xyz", "model_rescale": 3.769337070930944, "target_rescale": 3.9483407886330535},
{"mapping": [4, 0, 2, 8, 1, 5, 3, 10, 9, 7, 11], "R": [[0.07463684796149268, 0.9932946847851223, 0.0882893544205518], [-0.9966174612071235, 0.07735318558350106, -0.027751048577534014], [-0.0343944318668187, -0.08591946146077284, 0.9957082249328112]], "T": [-0.09372628851453234, 0.03736771248089933, -0.030764553576967783], "aligned_model": [[-0.20137912949461123, -0.32475307133607173, -0.1583857722617546, -0.5437658811246171, 0.3352949021102377, 0.4104322262335288, 0.6104693850596203, 0.27621289769449625, 0.12808343785864773, -0.4864971265563488, -0.12308573749195684], [-0.11377996499437602, -0.6569488235080563, 0.7190122318451055, 0.42981329988200195, 0.37738242358655794, -0.4150277894271613, 0.1572113164563162, -0.42164997026601586, 0.47874443835073116, -0.003269506118518853, 0.04457684181875774], [-0.6707494539240694, -0.052167312741934105, -0.2838230188862084, 0.0933852981680893, -0.5953731412022177, -0.40417310696245545, -0.0006605689051486195, 0.43826629457999117, 0.5362703921353295, 0.6482476949602289, 0.03499453000217154]], "inverted": false, "swapped": true, "error_lsq": 0.0418271052412593, "error_max": 0.23905598528369187, "target": "614.xyz", "model": "16.xyz", "model_rescale": 3.7852294659196426, "target_rescale": 3.9483407886330535},
{"mapping": [7, 9, 0, 8, 10, 11, 5, 1, 4, 3, 2, 12], "R": [[-0.13754854679435086, -0.3083538549058418, -0.9412748256696708], [-0.9900927579871748, 0.06988437695806177, 0.12178876975539749], [0.0282263680999163, 0.9487012564669084, -0.3149114131339121]], "T": [0.019690525813223315, 0.007017940969653372, 0.02070801809612232], "aligned_model": [[0.6881175293316375, -0.23850174499726048, -0.6489014385358328, -0.0776760832818286, -0.005921852500475409, 0.5593575545951229, 0.1355255039011416, 0.05092029143720609, -0.41414826334963684, -0.4333355330096842, 0.35864627269228117, 0.028679050187681316], [-0.1954205163881011, 0.5622652027725347, 0.09638620599659628, 0.6509856117700896, -0.15536017778336103, 0.4504244549329806, -0.6400137543861754, -0.3970550814470718, -0.538101371947498, 0.16894129657475943, 0.20341791368107864, 0.04180617629887401], [0.08113166517595113, -0.5894550872011168, -0.08295129963588843, 0.015113945370303972, -0.7681090886570768, -0.20308258906574983, 0.008823001616697912, 0.5774879104603791, -0.10741506644382429, 0.6539880415450875, 0.49041332294894224, -0.06389004692116956]], "inverted": true, "swapped": false, "error_lsq": 0.04495295670029495, "error_max": 0.23078388078030138, "target": "614.xyz", "model": "17.xyz", "model_rescale": 3.901054581598922, "target_rescale": 3.9483407886330535},
{"mapping": [4, 7, 12, 0, 6, 1, 10, 5, 9, 13, 8, 14], "R": [[0.4627333186206478, 0.8791610943772177, 0.11381408512032043], [-0.15721490730021315, -0.044967396223837025, 0.9865401189001055], [0.8724456136407059, -0.4743982540127038, 0.11740931747008251]], "T": [-0.019727122074987148, 0.04230472237014442, 0.04091412650378428], "aligned_model": [[0.72268551743819, -0.19050378337603358, -0.7081817025314261, 0.028401961281148268, 0.1224556880027948, 0.4286860006059877, 0.2136242029231155, -0.06392646091546361, -0.3887027490685089, -0.5809967184218925, 0.4876397422730525, -0.0684204117406119], [-0.2123449626572821, 0.42719869799129445, 0.11318557179216206, 0.7992597597739899, -0.009276307863704106, 0.45683031191280415, -0.7343685037058052, -0.2387542657644542, -0.4817417804918997, 0.015046246014029364, 0.09147472765207665, 0.02176646542149427], [-0.05681499155382492, -0.47130553661220503, -0.22923638693450865, 0.05530791626626324, -0.694510370714347, -0.2949128474837794, -0.08065728110206655, 0.596916204404974, 0.19395618234822593, 0.5010615093974654, 0.4658605086299128, 0.026389802546426568]], "inverted": true, "swapped": false, "error_lsq": 0.043236998723391075, "error_max": 0.2459245200286517, "target": "614.xyz", "model": "18.xyz", "model_rescale": 3.9405287249114394, "target_rescale": 3.9483407886330535},
{"mapping": [11, 4, 0, 12, 7, 13, 5, 2, 6, 1, 14, 15], "R": [[0.5032432898600574, 0.5943434905461187, 0.6272973827908759], [-0.5853032436714467, -0.29961274555243406, 0.7534270473312037], [0.6357407523185137, -0.7463162988626129, 0.19709306911584185]], "T": [0.026738536413829603, 0.09173385603939792, -0.003537771694296153], "aligned_model": [[0.6839621969127204, -0.34434098463195784, -0.6344796699628438, -0.059943854568496865, 0.08955992350850038, 0.5957058964797258, 0.08260205776292893, -0.05984312713676916, -0.47374059530404744, -0.49384150695199225, 0.5847983031953509, 0.03232264716723332], [-0.1887683951690466, 0.4879812854270857, 0.06469672326062063, 0.6201604964466569, 0.03127112457811755, 0.3587435874874337, -0.7363626707189577, -0.5630239600193976, -0.4505603136198741, 0.09770514599250756, 0.4607951358738362, 0.06563780053572366], [0.08913773233589482, -0.4933877409503498, -0.18990765918438657, 0.11217960388464328, -0.7021244022341925, -0.24083882913749383, -0.052507681966774473, 0.5613702746811953, 0.11359944639073764, 0.4020237971518826, 0.3864648315058702, 0.026045336715509505]], "inverted": false, "swapped": false, "error_lsq": 0.041629384053063344, "error_max": 0.24061446004406054, "target": "614.xyz", "model": "19.xyz", "model_rescale": 4.410303926677745, "target_rescale": 3.9483407886330535},
{"mapping": [5, 11, 12, 6, 9, 10, 8, 1, 7, 2, 3, 13], "R": [[-0.796361068000273, -0.5612914815524294, 0.2253018466638559], [-0.5949118013325135, 0.7940924346100952, -0.12448756536424016], [-0.10903668194130238, -0.2331717779485563, -0.9663032256799833]], "T": [-0.046476206785108234, 0.10636836529904807, 0.12791568671372838], "aligned_model": [[0.7124897715341242, -0.22494067775655935, -0.5913680473157032, -0.03188123202565219, -0.02396567884226171, 0.5654824768167731, 0.15555259756923512, -0.027121602413093818, -0.4597077741639978, -0.5526860995575792, 0.49051558523074845, -0.009608032605681022], [-0.23003946562389616, 0.622225840365165, -0.09299097727479767, 0.6848362876485058, -0.05483859864396508, 0.18594846449204666, -0.5347761580856162, -0.481981046770756, -0.4721727898076051, 0.11535646263647448, 0.44885388635789214, 0.057854054781257803], [0.028562085792418868, -0.49592309254976924, -0.3558442454223199, 0.16875283527984597, -0.5409358047973729, -0.41458554866174674, -0.2451468331837911, 0.5933082734392944, 0.16510397157816623, 0.5548577042285525, 0.47476749783060573, 0.07913786565865223]], "inverted": false, "swapped": false, "error_lsq": 0.04764908671380753, "error_max": 0.333731714064464, "target": "614.xyz", "model": "20.xyz", "model_rescale": 4.121658175737393, "target_rescale": 3.9483407886330535},
{"mapping": [6, 11, 7, 4, 9, 10, 8, 1, 5, 3, 2, 12], "R": [[0.4316551308621664, -0.901835806638448, -0.019131802454180433], [-0.883101027580403, -0.42682096182044194, 0.1948241300175858], [-0.18386523077189537, -0.06720152093109669, -0.9806515856805338]], "T": [0.008831820771650511, -0.03952131117534881, 0.01720142960742632], "aligned_model": [[0.6243401607347363, -0.35327175033806957, -0.6334633324883816, 0.07684913865041314, 0.03937029355409341, 0.5850771698532842, 0.18307512622689942, 0.0946460750879215, -0.38296084610797304, -0.4915138664742375, 0.3519705053305243, -0.09135738755885829], [-0.2404342401774306, 0.6127552404418176, 0.05325196970196437, 0.521887692798872, -0.06009757203643824, 0.34846054900988477, -0.62912779929396, -0.2877516859919262, -0.5936369766536473, 0.2521049001108397, 0.32614639992084643, -0.05528251775611705], [0.07557899779761466, -0.4496875370013214, -0.19649956278875969, 0.11376838385249906, -0.7048144250313303, -0.3378822443287113, -0.25794682559139837, 0.6601574629160861, 0.07514852131735625, 0.4009318676668576, 0.5870738736069526, 0.04622619677669114]], "inverted": true, "swapped": false, "error_lsq": 0.0459697612241281, "error_max": 0.23565713087202486, "target": "614.xyz", "model": "21.xyz", "model_rescale": 4.08911054899281, "target_rescale": 3.9483407886330535},
{"mapping": [6, 12, 3, 9, 7, 10, 0, 1, 4, 15, 5, 16], "R": [[0.4108666655708585, -0.5271838670812192, 0.7438183604966846], [-0.39756976905849256, -0.8378064434124083, -0.3741906494120718], [0.8204430887352647, -0.14197722939240132, -0.5538191080854796]], "T": [-0.03593974058952663, 0.01778823045289974, 0.11221220561174981], "aligned_model": [[0.6246483385856639, -0.19496197158223466, -0.8241092828575537, 0.02109293027373773, 0.25858136095710726, 0.5108203365470253, 0.12882090623574266, -0.004928337938620374, -0.45178581383835514, -0.47877614795806717, 0.4568459968520881, -0.04348702880618181], [-0.2838198603315919, 0.4721960055456339, 0.015459950892445375, 0.72775998022013, -0.07704811946465853, 0.4544967560416835, -0.6969638153548513, -0.5190867087784921, -0.49075646554751856, 0.1765633513156759, 0.48525273150826237, -0.01577784597201278], [-0.05577612069795153, -0.44742607937191525, -0.2525646783183789, 0.09688247798277984, -0.5281467370817254, -0.2896266811857316, -0.1369119410513699, 0.6959946769115929, -0.12176754009529002, 0.6691622888311602, 0.3029167183411358, 0.07931832492822974]], "inverted": true, "swapped": false, "error_lsq": 0.03921095225543456, "error_max": 0.2855132452902455, "target": "614.xyz", "model": "22.xyz", "model_rescale": 4.204369325754507, "target_rescale": 3.9483407886330535},
{"mapping": [11, 4, 0, 12, 7, 13, 5, 2, 6, 1, 14, 15], "R": [[0.5032432898600574, 0.5943434905461187, 0.6272973827908759], [-0.5853032436714467, -0.29961274555243406, 0.7534270473312037], [0.6357407523185137, -0.7463162988626129, 0.19709306911584185]], "T": [0.026738536413829603, 0.09173385603939792, -0.003537771694296153], "aligned_model": [[0.6839621969127204, -0.34434098463195784, -0.6344796699628438, -0.059943854568496865, 0.08955992350850038, 0.5957058964797258, 0.08260205776292893, -0.05984312713676916, -0.47374059530404744, -0.49384150695199225, 0.5847983031953509, 0.03232264716723332], [-0.1887683951690466, 0.4879812854270857, 0.06469672326062063, 0.6201604964466569, 0.03127112457811755, 0.3587435874874337, -0.7363626707189577, -0.5630239600193976, -0.4505603136198741, 0.09770514599250756, 0.4607951358738362, 0.06563780053572366], [0.08913773233589482, -0.4933877409503498, -0.18990765918438657, 0.11217960388464328, -0.7021244022341925, -0.24083882913749383, -0.052507681966774473, 0.5613702746811953, 0.11359944639073764, 0.4020237971518826, 0.3864648315058702, 0.026045336715509505]], "inverted": false, "swapped": false, "error_lsq": 0.041629384053063344, "error_max": 0.24061446004406054, "target": "614.xyz", "model": "23.xyz", "model_rescale": 4.410303926677745, "target_rescale": 3.9483407886330535},
{"mapping": [1, 12, 5, 13, 0, 7, 3, 10, 4, 15, 11, 16], "R": [[0.8004768082367901, 0.1565601192968683, -0.5785549312907041], [0.005566811755285034, 0.9632981899732607, 0.26837587037794797], [0.5993378763952117, -0.21804936652049756, 0.7702263197775623]], "T": [-0.054732610451259094, 0.10031482527429346, 0.14929885497262438], "aligned_model": [[0.70570944914649, -0.2693506437912828, -0.6109031191818878, 0.005921308859605824, 0.06062056935518385, 0.465112150104929, 0.1336437897397505, 0.13246659142372014, -0.4027091259985425, -0.6324779860586854, 0.4241348999268216, -0.009406597055750171], [-0.2536807683643343, 0.43483764315933937, 0.05169458237869473, 0.7803735725964424, -0.04948289490791234, 0.3536073499222814, -0.6913720562491639, -0.4037240930117608, -0.4878674653989934, 0.276068506954254, 0.23310426487430874, 0.004717318121550157], [-0.031671704095711434, -0.5494209879280954, -0.14037763807957174, -0.018116276040070434, -0.5818920216272709, -0.17862677464791274, -0.2341032813135482, 0.5162936423279899, 0.06660477684700197, 0.529608091219816, 0.5414395935420508, 0.09231728898785876]], "inverted": false, "swapped": false, "error_lsq": 0.03832035237523183, "error_max": 0.20664675649534528, "target": "614.xyz", "model": "24.xyz", "model_rescale": 4.28219845311461, "target_rescale": 3.9483407886330535},
{"mapping": [10, 3, 4, 9, 1, 5, 6, 14, 2, 13, 11, 15], "R": [[-0.8277598090711439, -0.15957610873622663, 0.5379118552394133], [0.3546928260929978, -0.8916647059495065, 0.28129530974074635], [0.4347490052946252, 0.4236384280074035, 0.7946847077368169]], "T": [-0.07210652118772114, 0.0705664796134691, 0.032605010416636646], "aligned_model": [[0.6083483088022882, -0.2809608634304598, -0.7028122893404183, 0.012473373345573219, 0.045419916254211004, 0.597414452191322, 0.20284024725805944, 0.15266824557841613, -0.42427142533974577, -0.4670802503877621, 0.36237398386181446, -0.10365241232294606], [-0.29998472658683506, 0.5448536082906991, 0.03145100792186897, 0.7321431470957542, 0.10389580501020895, 0.4412805343256967, -0.7691812954954144, -0.395893105918796, -0.48030945623332344, 0.12263748408324174, 0.19922348730382883, 0.01815947027777596], [0.20400468006230865, -0.5431353200773161, -0.33526560123774896, 0.14231480196980756, -0.5958487201136841, -0.3410170402689989, -0.14466620462383178, 0.5912071802879368, 0.23581821859079838, 0.4732872322866892, 0.3345174751355641, -0.00916199281898869]], "inverted": false, "swapped": false, "error_lsq": 0.04478809109552884, "error_max": 0.23691504858545553, "target": "614.xyz", "model": "25.xyz", "model_rescale": 4.100010024507729, "target_rescale": 3.9483407886330535},
{"mapping": [10, 3, 2, 7, 1, 8, 0, 4, 6, 5, 9, 11], "R": [[0.42706659486056275, 0.10110909353392297, 0.8985494281111934], [-0.8856999616475423, -0.1533175868014948, 0.43821147350897693], [0.18207059480252874, -0.9829906758368133, 0.02407550053766022]], "T": [-0.03110102386378033, 0.005396439730347716, -0.05630431745389556], "aligned_model": [[0.5903234613993019, -0.11827818472193408, -0.6946925065640155, -0.07629226414046494, -0.009515553371786015, 0.41069637935653286, 0.31078641446457556, -0.0031927176054564743, -0.46888859008641115, -0.39383745236258655, 0.44792644955391203, 0.007725850548684868], [-0.09761579038942382, 0.643714516171871, 0.12010264688677501, 0.6428688267031166, -0.23869092321343605, 0.28230485908658903, -0.6474717088199355, -0.44452227369571445, -0.43830185680427747, 0.09846264454231722, 0.32223335080187554, 0.005191668804948431], [0.07868624553388179, -0.549276732873309, -0.36329962118372133, 0.1676219077740742, -0.718952022100181, -0.380333036477735, -0.23156308629486452, 0.6937849158930942, 0.12245811331978235, 0.5948079119531071, 0.5348453705546672, 0.06327474309374034]], "inverted": true, "swapped": false, "error_lsq": 0.047778288011194325, "error_max": 0.2584623936648537, "target": "614.xyz", "model": "26.xyz", "model_rescale": 3.6694154284099745, "target_rescale": 3.9483407886330535},
{"mapping": [10, 5, 1, 7, 0, 8, 2, 12, 6, 3, 9, 13], "R": [[0.36023717772645963, -0.5300532663090829, -0.7676410037633137], [-0.2702668465672523, -0.8468987650587746, 0.4579501210705331], [-0.8928521755757044, 0.042497254228891695, -0.44834024574282483]], "T": [0.12509337248455432, 0.02122899276090035, -0.032197320615059644], "aligned_model": [[0.7136912641989778, -0.2147816655815296, -0.7038057096196549, -0.14578549038989308, -0.07534435570550779, 0.5530281944455802, 0.14287331298945388, -0.036557226384910047, -0.4365723860453782, -0.33268363202830203, 0.4122197763047094, 0.12647920428680703], [-0.10235739357080864, 0.4596585537308548, 0.04048184704523239, 0.5671887745585358, -0.20506172124232308, 0.4727533574586485, -0.6451307323723471, -0.4378283580379427, -0.3467815416785198, 0.24977589506550618, 0.22997858994194145, -0.03440131082407205], [-0.019172464552817542, -0.5963276054681432, -0.3358456253764313, 0.12490482140015394, -0.6200328188686609, -0.17832989284838913, -0.16553237466787782, 0.5945947070305868, 0.11024654215550464, 0.5931327905420376, 0.5499071110605729, -0.04549048121400005]], "inverted": true, "swapped": false, "error_lsq": 0.04130040205102988, "error_max": 0.27944239639240503, "target": "614.xyz", "model": "27.xyz", "model_rescale": 4.103607728864725, "target_rescale": 3.9483407886330535},
{"mapping": [2, 9, 5, 10, 0, 3, 1, 8, 7, 11, 13, 14], "R": [[-0.4497019186319243, 0.5840343702108053, 0.6757751392225333], [0.46806718183237145, 0.7984818591903352, -0.3786024746821492], [-0.7607110474222574, 0.14604990570491255, -0.6324461458284953]], "T": [0.01867045875576486, 0.18132880346889776, 0.09373221414339765], "aligned_model": [[0.6686560177353266, -0.4102193199731331, -0.5186924586070354, -0.03188162321740349, 0.1505966404276938, 0.5448434033830396, 0.11866582022729946, -0.08778085309221442, -0.44728733923997194, -0.36377090272837737, 0.3053135737546849, 0.07431832780044373], [-0.13123714704798964, 0.4970167611013252, -0.11724122191126515, 0.6838069087203259, -0.08244053303896368, 0.3571725083776124, -0.6232894465351999, -0.45814420885323737, -0.36024542625269584, 0.27330293186375165, 0.14469139205405396, 0.06488344159698842], [-0.05167069479443133, -0.5279739842821408, -0.30279955680276244, 0.024917120908955315, -0.5564315811338498, -0.41198695333302765, -0.28764847692445017, 0.5957505021809137, 0.19202732974844722, 0.6570621336323682, 0.6737028665580146, 0.007106003434499644]], "inverted": true, "swapped": false, "error_lsq": 0.04493744556362695, "error_max": 0.2727372613976506, "target": "614.xyz", "model": "28.xyz", "model_rescale": 4.137296879288765, "target_rescale": 3.9483407886330535},
{"mapping": [5, 0, 6, 8, 2, 4, 1, 10, 9, 3, 11], "R": [[0.2886485164200663, 0.43971044776804824, -0.8504920670365581], [-0.9509628079673789, 0.2347818627444327, -0.20136338989263247], [0.11113852541442451, 0.8669095679768892, 0.4859177184656168]], "T": [-0.056988417541731756, -0.032539531690442165, -0.04511679173663892], "aligned_model": [[0.5743226738128611, 0.033356591869352276, -0.20623571434037824, -0.430794087879125, -0.012210826818097681, 0.5090280309391839, 0.5342671185242246, -0.22919267704009202, -0.5807699729905017, 0.15837058548979735, -0.12872271085732664], [-0.32902544981738063, -0.7364142367270239, -0.28126890512941893, 0.26037452257977917, 0.6679005025233237, -0.07463558686686775, 0.4658822474456826, -0.5131951983083411, 0.3217148689319878, 0.17995231312693472, -0.04213726111072376], [0.28926899170242837, -0.22485294144677093, -0.71662263984734, -0.4277824908921302, -0.24570944444852127, -0.3942138118287268, 0.09786804713685014, 0.5088308540286506, 0.36194376926574506, 0.6026702115961432, -0.045646523483329315]], "inverted": false, "swapped": true, "error_lsq": 0.0421005652987148, "error_max": 0.20762975211127296, "target": "614.xyz", "model": "29.xyz", "model_rescale": 3.607286011436655, "target_rescale": 3.9483407886330535},
