[{"mapping": [1, 8, 6, 7, 5, 2, 3, 10, 4, 0, 11], "R": [[-0.20112625848592958, -0.8585091516106005, 0.47170993708877784], [-0.9795556663622442, 0.1741304677690393, -0.10074361861753817], [0.004350246552951659, -0.4823283288335687, -0.8759797135547981]], "T": [-0.11788578487813128, 0.007104286607102463, -0.15667307514539217], "aligned_model": [[0.4061868569206898, -0.3854497858054097, 0.26123389581753953, 0.7647721521339667, 0.4845617368142483, -0.20840617376640475, -0.6924286857891305, 0.01823061312646801, -0.7718625352734015, -0.022861580144592997, -0.0870143375740171], [-0.31298488218084264, -0.5652627985515677, -0.49388844161527906, 0.12899667337570364, 0.5116191823009817, -0.43128458483361903, 0.25036019991462777, 0.5436050436529287, 0.26084130154761914, 0.24225499399634204, 0.041493996351872786], [0.19655680702994419, -0.21919439891548786, -0.517822686016655, -0.4770798824129876, 0.11017526410297776, 0.5129324073432667, -0.44780797590553945, -0.5508819155439476, 0.24367727634072203, 0.40765478995662485, -0.10474468702172618]], "inverted": false, "swapped": false, "error_lsq": 0.05361100235747562, "error_max": 0.26207764663963795, "target": "615.xyz", "model": "0.xyz", "model_rescale": 3.751011558992144, "target_rescale": 3.6614537451869467},
{"mapping": [12, 1, 6, 11, 9, 2, 4, 10, 8, 5, 14], "R": [[-0.6820524845286265, -0.600036773988878, -0.41804339273495045], [0.5507075455816429, -0.04530682935620328, -0.8334677500978251], [0.4811710793343365, -0.7986884004883934, 0.361346414590655]], "T": [-0.02672489144920895, -0.093634203273502, 0.0055975421425204785], "aligned_model": [[0.6638871620535786, -0.42073437331401364, 0.12535067426681382, 0.6127030421897816, 0.3927050606123762, -0.32358763243537647, -0.5820275709884584, 0.025202526373266004, -0.6450838742729373, -0.10903494517959707, 0.027582087154522338], [-0.3497857050035298, -0.5513581977754426, -0.3269636469508621, 0.018263097435991832, 0.39908271291934105, -0.17834308576427718, 0.18697996015639465, 0.5895540230035183, 0.09445347853245953, 0.3805975307515871, -0.08672948334641342], [0.10263621379112434, -0.3421535505856719, -0.6916514365555526, -0.45845191718565903, 0.1300892171466155, 0.7726927254343021, -0.48273492174747845, -0.4449700320165726, 0.15617458041176052, 0.40361181888906894, 0.008222301375255522]], "inverted": true, "swapped": false, "error_lsq": 0.044135687165169774, "error_max": 0.24197187678761314, "target": "615.xyz", "model": "1.xyz", "model_rescale": 3.9405287249114394, "target_rescale": 3.6614537451869467},
{"mapping": [11, 7, 3, 10, 9, 0, 4, 8, 1, 2, 12], "R": [[0.5635223822980872, 0.5691847137305892, -0.5987247166307033], [0.3416862496078598, 0.4992668642321603, 0.7962305602705169], [0.7521256753216206, -0.6532697451552558, 0.08686546256587428]], "T": [-0.04822923277902899, -0.04249701507421022, -0.011197657942575337], "aligned_model": [[0.5814217413275324, -0.4576722920939913, 0.03377333921269468, 0.6245033771130972, 0.6072331406085361, -0.20306194788754686, -0.4728027472710482, 0.18345005814038418, -0.8050682402408764, -0.23797498903546863, -0.0868392834133572], [-0.251776486079058, -0.5969915169971437, -0.25679841833785155, 0.027260241051922762, 0.4216719327490379, -0.37669849737694117, 0.23975178498650518, 0.516907966067165, 0.0025622983830313473, 0.41860449860054055, 0.03125688091155929], [0.24833276967579093, -0.4033737429760501, -0.5347911694711919, -0.5152332520407024, -0.08398070569312073, 0.7419730981510617, -0.49262124226203063, -0.4950163671127125, 0.21769250657567946, 0.45307765864353844, 0.017405445466930146]], "inverted": true, "swapped": false, "error_lsq": 0.05655725122171, "error_max": 0.2879741589526651, "target": "615.xyz", "model": "2.xyz", "model_rescale": 3.932901565614263, "target_rescale": 3.6614537451869467},
{"mapping": [1, 3, 0, 2, 6, 11, 7, 5, 9, 12, 13], "R": [[-0.6308491820476955, 0.3538227888290523, 0.6905351139623428], [0.02079137173713516, 0.8973622914906016, -0.4408045334068438], [-0.7756268615584703, -0.26372400709068733, -0.5734567287189063]], "T": [-0.08099254493425773, -0.08068832303893832, -0.08065348852789736], "aligned_model": [[0.5452846606276112, -0.25337472381364845, 0.20219922831789622, 0.6520819521859018, 0.3857935318878069, -0.2728878906299598, -0.5743386538547381, -0.14235069575299966, -0.6497231042609009, -0.06559997755244135, -0.0601221706945717], [-0.46214214201125553, -0.5492881288169562, -0.41973167691060326, 0.038466898283622916, 0.4093740392541425, -0.4954755215067377, 0.1130612462866311, 0.627006146934062, 0.3615944523824988, 0.5339266751244176, 0.018958694938945378], [0.024410619031273312, -0.18734971391013255, -0.5844414924549068, -0.4582824970559719, 0.012308332832000002, 0.6867033089626768, -0.5589977876956832, -0.19112248939422927, 0.06330635602036414, 0.37227176254736516, -0.02534139992556325]], "inverted": true, "swapped": false, "error_lsq": 0.04469175667201715, "error_max": 0.2463386108736933, "target": "615.xyz", "model": "3.xyz", "model_rescale": 3.9243930471874484, "target_rescale": 3.6614537451869467},
{"mapping": [8, 10, 4, 7, 1, 11, 3, 0, 6, 5, 12], "R": [[0.005569401817660691, 0.7545105684520474, -0.6562642637364631], [-0.3122883166883309, -0.6221390576155389, -0.7179268766728394], [-0.9499710464131854, 0.2089420854768561, 0.23215989294712386]], "T": [0.014996556065158526, -0.08083881780748951, -0.03068506982780775], "aligned_model": [[0.4125938243038874, -0.3323595483297873, 0.1352567709050093, 0.6589373011768288, 0.5060462117511311, -0.28919367540636387, -0.44295589709907546, -0.02486010323704703, -0.6640736220039783, -0.19334713233561907, 0.000918026734970781], [-0.566653245824432, -0.6893725344968813, -0.25294525464101014, 0.06091375397645106, 0.4174904734487923, -0.31994472361716364, 0.0935466854864311, 0.7267064994107664, 0.10262761448550368, 0.5693080635115695, 0.034073352218740485], [-0.07798330167529549, -0.10915909043765656, -0.5859184663082597, -0.486936408554438, 0.11318449995393745, 0.6595545626707578, -0.49201208751315884, -0.2945114534757033, 0.13277830899308274, 0.29722503978997195, -0.0027566044860461714]], "inverted": false, "swapped": false, "error_lsq": 0.04198465407407676, "error_max": 0.23714037220921685, "target": "615.xyz", "model": "4.xyz", "model_rescale": 3.8936222436046832, "target_rescale": 3.6614537451869467},
{"mapping": [2, 10, 3, 0, 1, 4, 8, 9, 7, 6, 11], "R": [[-0.36512877024890217, -0.6169722478499656, -0.6971558122252768], [0.05477235139669118, -0.7617989229222487, 0.6454939120990836], [-0.9293443767834408, 0.1975035352024428, 0.31194772466478354]], "T": [-0.09900360986098891, 0.036620502756953825, -0.07058018441562044], "aligned_model": [[0.38743539000040583, -0.3765836009710155, 0.07885468654824387, 0.690280219170483, 0.5665335633255772, -0.012815295659680148, -0.5405372732414148, 0.020515616545736776, -0.7014765493805475, -0.2817527541969391, -0.06349184568089346], [-0.5260133423146082, -0.5306424488124873, -0.18574082793890276, 0.07994365499968764, 0.3260545187671249, -0.45057973523728395, 0.07808920985807519, 0.5303900755107614, 0.09263703150393354, 0.7174190178606613, 0.04419352976180575], [-0.007503083039937214, -0.09566985952607138, -0.5697834469558026, -0.4679118477476437, 0.27058984452025636, 0.5505736624696301, -0.661504203866553, -0.4226351621718194, 0.1610143600837187, 0.30053268276198153, 0.0957620524294327]], "inverted": false, "swapped": false, "error_lsq": 0.05285965077528355, "error_max": 0.32140633181702116, "target": "615.xyz", "model": "5.xyz", "model_rescale": 3.6523030999806103, "target_rescale": 3.6614537451869467},
{"mapping": [9, 6, 10, 11, 7, 8, 2, 3, 1, 5, 12], "R": [[0.34499813359680453, -0.3348715594004655, -0.8768336937637727], [0.5895688813646021, -0.6495824895373239, 0.48005325060141385], [-0.730331994329437, -0.6825713354596666, -0.026674895830990197]], "T": [-0.054996577041995814, 0.015007314453678401, -0.07345901598815745], "aligned_model": [[0.515164757811797, -0.45749117280695284, 0.09531808840597125, 0.7136362337743034, 0.4512628821508786, -0.10724289425274428, -0.560562777336653, -0.03825428579287002, -0.7042263454768269, -0.10349256035867338, -0.037149769658273435], [-0.4001066926778801, -0.49540411730779443, -0.5959295349634471, 0.1636897063751985, 0.4482975062388146, -0.36551868121912867, 0.08979285954173294, 0.6800541054336526, 0.25079494277939157, 0.2886226749887417, 0.11145791476948588], [0.0854726941944332, -0.08359473398524067, -0.5347991389370887, -0.47553631155470505, 0.07746821607326286, 0.4798703539368658, -0.6347268429430104, -0.27364184352075865, -0.0007970032164679869, 0.5483820441455073, -0.034632435235605406]], "inverted": false, "swapped": false, "error_lsq": 0.04636629077176675, "error_max": 0.24759041158144346, "target": "615.xyz", "model": "6.xyz", "model_rescale": 4.08911054899281, "target_rescale": 3.6614537451869467},
{"mapping": [4, 7, 6, 3, 9, 12, 2, 1, 13, 11, 14], "R": [[-0.949187614394418, -0.21978584711948662, -0.22524887144268438], [0.07349295453825971, -0.8507446158409295, 0.5204155880168334], [-0.30600924547057495, 0.4774178254146349, 0.823668963639453]], "T": [0.05110427798137957, -0.05304969797511441, 0.02355583788744589], "aligned_model": [[0.5587697374811967, -0.442291391060803, 0.09457056392278099, 0.6681520038587773, 0.4818359400248915, -0.37779086970973585, -0.44629504270434567, -0.17290091656020967, -0.6556118353256345, -0.04486065600453814, 0.10338462253757658], [-0.5395182781476241, -0.5798436751686326, -0.22791480973281256, -0.03792321774618326, 0.6011055589696054, -0.20772496661922935, 0.045926437607429704, 0.5919149049680944, 0.10463919936503693, 0.32205151827786616, 0.10303801218521666], [-0.02617937537274387, -0.2563330398846133, -0.4419286850882417, -0.4718982264325361, -0.00973745021408906, 0.5713937989380509, -0.6032911798591325, -0.2443777222055161, 0.13117121410988974, 0.46471439438133244, 0.03993127058479199]], "inverted": false, "swapped": false, "error_lsq": 0.05161990530762601, "error_max": 0.2395221526187736, "target": "615.xyz", "model": "7.xyz", "model_rescale": 3.964800864290218, "target_rescale": 3.6614537451869467},
{"mapping": [10, 3, 6, 11, 9, 5, 2, 12, 1, 8, 13], "R": [[0.23371557571913776, -0.4696381448636868, -0.8513618752065815], [-0.967738052364026, -0.027590663972169416, -0.2504432416102629], [0.09412805996595122, 0.8824277693673117, -0.46093507154096736]], "T": [-0.1433077108896582, 0.006460657136799044, -0.19785962157522285], "aligned_model": [[0.4508513287907432, -0.2573554845447369, 0.05618756762432961, 0.6113547818446504, 0.4002624853130662, -0.1030294137084019, -0.5846411881291831, 0.15207907903484869, -0.8019300293265708, -0.04225469779145752, -0.11456227264733203], [-0.29463541899634244, -0.708518128016126, -0.3570401256835117, 0.0557337102287831, 0.3210821995945739, -0.3154187535639104, 0.21948041333702023, 0.6919369969218843, 0.17178468414278472, 0.36614283017411725, 0.025202275819494635], [0.2832330945518458, -0.1558937091226817, -0.6035376193988493, -0.5372561636800506, 0.08392301381992795, 0.5727518412979444, -0.6433437100566859, -0.31423732228075807, 0.12152181013880925, 0.47405897792192464, -0.12775521423423442]], "inverted": true, "swapped": false, "error_lsq": 0.04562921002070352, "error_max": 0.24140941751602094, "target": "615.xyz", "model": "8.xyz", "model_rescale": 4.121658175737393, "target_rescale": 3.6614537451869467},
{"mapping": [6, 2, 1, 4, 9, 8, 10, 5, 11, 7, 12], "R": [[0.3630357597362701, 0.9316955038329615, 0.012187095230340506], [0.4379897326945579, -0.15908942307664775, -0.8847912462944518], [-0.8224171880541282, 0.3265486848887674, -0.465828214249156]], "T": [-0.11669448079122721, 0.010948199386019947, -0.1125315627648295], "aligned_model": [[0.38400356537977154, -0.30800794651266317, 0.2527606968472257, 0.6174068012288311, 0.5881151300740697, -0.21342360434536528, -0.6506784036307336, -0.03659292094827715, -0.6621370165811468, -0.1389741905636805, -0.06550995448807534], [-0.2784877752229139, -0.6467042461507095, -0.4644151114326378, 0.08881453451110298, 0.3652066150305444, -0.3721459924146542, 0.3944135574429299, 0.5421660151707187, 0.13053669995115375, 0.46262398857135156, -0.046257601498118694], [0.2691886662730014, -0.22759184945010544, -0.44788855189312293, -0.6056441861171626, 0.1538031972870405, 0.4993799133428965, -0.49239511710320355, -0.417669693091796, 0.1895000667661677, 0.3881714493186494, -0.15538889637517278]], "inverted": true, "swapped": false, "error_lsq": 0.052933943487844186, "error_max": 0.3005898005491032, "target": "615.xyz", "model": "9.xyz", "model_rescale": 3.833441315466971, "target_rescale": 3.6614537451869467},
{"mapping": [7, 8, 9, 3, 4, 12, 13, 5, 0, 1, 14], "R": [[0.40990717611533767, -0.7585270835937474, 0.5065696106399533], [0.6716614697186682, 0.6267669215992739, 0.39501151386298616], [-0.6171280070329883, 0.17832523501662345, 0.766389674703253]], "T": [-0.04486249148931598, -0.05077150981625028, 0.04973669948016235], "aligned_model": [[0.44043723481257424, -0.2860150221313229, 0.19497349080010512, 0.6672309276611015, 0.5424246858664075, -0.14820550357396894, -0.5594036901799245, -0.13560283162049688, -0.6565016775509281, -0.302372469498428, 0.009997011874836939], [-0.5062574577155434, -0.6737514244033276, -0.4456141751102923, -0.00938804477978733, 0.48812718447448605, -0.13171986844159767, 0.2529219401159036, 0.5586469345634761, 0.23976619618708944, 0.48059751053271543, -0.07757811146435485], [0.019229262691587215, -0.3518860655155159, -0.6169627063958893, -0.44577538006167466, 0.025353330239522187, 0.6377738091934068, -0.47818771247006453, -0.22920872849757373, 0.12259484362254357, 0.4935210033406665, -0.02298665718981581]], "inverted": true, "swapped": false, "error_lsq": 0.04663964736744049, "error_max": 0.2026466832720351, "target": "615.xyz", "model": "10.xyz", "model_rescale": 4.2482417240324, "target_rescale": 3.6614537451869467},
{"mapping": [1, 6, 2, 3, 8, 0, 5, 7, 4, 10, 11], "R": [[-0.46793712633685425, 0.8187873330302871, 0.33259908157533613], [-0.268732805230693, -0.4903520645546984, 0.8290582200182253], [0.841913015215022, 0.29856683683238355, 0.4494889528736557]], "T": [-0.006471399937469634, 0.02563903886957436, -0.07559199329973192], "aligned_model": [[0.475845082241233, -0.43660069782232364, 0.19352975392581573, 0.6899612814850875, 0.4800211787054712, -0.07350775639733477, -0.6062791448184363, 0.0648861217030652, -0.8585785253782968, -0.05733882196895866, -0.10497631521536636], [-0.42716123064405487, -0.44771652589623795, -0.42112826661499586, 0.18350743223883437, 0.32267763864348303, -0.2969242412418311, 0.17297398169390854, 0.5320985383161683, 0.0772959214066789, 0.3779094134149715, 0.10221802264184256], [0.17237832892723925, -0.1823882223965404, -0.6307098182595225, -0.46046952846298544, 0.15233534188521686, 0.6065359515685379, -0.5030370238303132, -0.5193972729224265, 0.11698161208731024, 0.4613628010060909, -0.06012717064541489]], "inverted": true, "swapped": false, "error_lsq": 0.04337660293547275, "error_max": 0.22935853041999968, "target": "615.xyz", "model": "11.xyz", "model_rescale": 3.6694154284099745, "target_rescale": 3.6614537451869467},
{"mapping": [10, 12, 2, 8, 11, 5, 1, 4, 0, 6, 13], "R": [[-0.3026840888430353, -0.36657971114356197, -0.8797736400570115], [-0.9136390637495443, 0.3744311096565614, 0.15831931440039854], [0.27137797175179423, 0.8517163022387553, -0.44825588333966526]], "T": [0.06852590134467487, -0.017032658951443364, 0.002884912391993094], "aligned_model": [[0.3693779874886569, -0.2892333053297448, 0.11697024273674073, 0.6281175944148742, 0.5444538928190009, -0.3357609685352405, -0.45126394332289443, -0.13563453416215623, -0.6069814342520747, -0.031503543907697176, -0.041579831489509306], [-0.5739985730751428, -0.5906022811966423, -0.27094134889708354, 0.11390030591392701, 0.533596160212419, -0.24095807690099189, 0.003445265514690054, 0.6440240782546596, 0.20385619155973975, 0.3256051449925882, 0.027823817580604534], [-0.05008470225270778, -0.06635913965349689, -0.596695854769108, -0.48936659554828854, 0.12669565241279554, 0.6593758312290338, -0.6648520613421153, -0.25979579972516, 0.07795700907436001, 0.4415741860750684, -0.024983526543189184]], "inverted": true, "swapped": false, "error_lsq": 0.04925710761244646, "error_max": 0.24528963118846253, "target": "615.xyz", "model": "12.xyz", "model_rescale": 3.9764082729961374, "target_rescale": 3.6614537451869467},
{"mapping": [4, 2, 9, 5, 6, 3, 12, 13, 11, 14, 15], "R": [[-0.6580026494397289, -0.5321829373320206, 0.532741808517935], [-0.6356170604469182, 0.013188421964470176, -0.7718918434566503], [0.4037616447845389, -0.8465266603827369, -0.346942570841536]], "T": [-0.08499451168808125, -0.0763798988857874, -0.15252256870949843], "aligned_model": [[0.5521023020732121, -0.38954160805496585, 0.0988323808868164, 0.6413934790350196, 0.4244114054206105, -0.30197418441880086, -0.28702076739242716, -0.16181995346026296, -0.6665553350168598, -0.10489723920745797, -0.03796832340492809], [-0.2962712277477292, -0.810429504085092, -0.29167575220334124, -0.03448350409492247, 0.4446702552162876, -0.21255091827501293, 0.2247366703012454, 0.5302232748209635, 0.2645720778502069, 0.4493239639589673, -0.09236465178280562], [0.09570953067687257, -0.22094593538612517, -0.6829511648731531, -0.5689707466038225, 0.07697940126916666, 0.6492384445692594, -0.6776204059887821, -0.17724072665675045, 0.26710042527245903, 0.4491811537340826, -0.05701497705601466]], "inverted": true, "swapped": false, "error_lsq": 0.04777856290576226, "error_max": 0.2536067590769842, "target": "615.xyz", "model": "13.xyz", "model_rescale": 4.170626492500431, "target_rescale": 3.6614537451869467},
{"mapping": [3, 9, 11, 6, 2, 1, 12, 4, 7, 0, 13], "R": [[-0.8301614504228408, 0.16153589568043825, -0.5336085837377094], [0.5344203876785161, 0.5032269888095916, -0.6790857434574635], [0.15882951698406056, -0.8489221119398116, -0.5040877229156252]], "T": [-0.06403202374053696, 0.08893082647091044, -0.10658863281450065], "aligned_model": [[0.44547381633715566, -0.33762836638780797, 0.08979332855718142, 0.6493250864452291, 0.4229990614989456, -0.20170502586785546, -0.382011922162254, -0.020581162840031364, -0.7514879264970624, -0.12636308902103596, -0.02085164360250817], [-0.332004174839144, -0.6715186767242985, -0.45786906425258944, 0.007106565998119874, 0.44149577926492234, -0.31644024262685394, 0.25664978848276426, 0.7572104271316817, 0.13707442782176316, 0.3099267744146941, 0.04411907928770783], [0.09011197223976145, -0.050303351931525686, -0.5273109778669081, -0.544670463955192, 0.16067685936163562, 0.53179597752564, -0.7441349096976408, -0.34020697246425, 0.32063072337502024, 0.4439874616731814, -0.18711131930253]], "inverted": false, "swapped": false, "error_lsq": 0.045073000381591906, "error_max": 0.22485096763796159, "target": "615.xyz", "model": "14.xyz", "model_rescale": 3.9786697098870705, "target_rescale": 3.6614537451869467},
{"mapping": [9, 7, 8, 3, 0, 6, 5, 4, 10, 1, 11], "R": [[-0.3726153579581587, 0.8753229169141579, 0.3081681134358376], [0.1915052571944934, -0.2524030381525806, 0.94848217842942], [0.9080107551568892, 0.41243484025508426, -0.07357969192092945]], "T": [-0.014533515028337534, 0.03527075098090007, -0.09425183222617448], "aligned_model": [[0.45955480343061156, -0.4967847040276637, 0.08384574337015745, 0.8266639714778037, 0.5029331987399462, -0.028863786029396998, -0.4086518978357422, -0.26441235158958704, -0.769390892618618, -0.15478390735355793, 0.016851978896002772], [-0.3405485476960921, -0.41665927259532143, -0.1842947992716448, -0.10561047683793204, 0.4774906319832761, -0.40802585199278496, 0.023165948938821637, 0.5594778145721424, 0.272364975008313, 0.318396286419804, -0.02000602456981449], [0.05208472879643572, -0.08594220589110523, -0.5572211796793876, -0.4373094085113599, 0.04884031663895608, 0.561978657715388, -0.7936685619594184, -0.28837100080823663, 0.16323148165503673, 0.5064492998914516, -0.016607128890568076]], "inverted": true, "swapped": false, "error_lsq": 0.05462234482734844, "error_max": 0.2434289483609955, "target": "615.xyz", "model": "15.xyz", "model_rescale": 3.769337070930944, "target_rescale": 3.6614537451869467},
{"mapping": [6, 7, 5, 4, 2, 8, 1, 0, 9, 3, 10], "R": [[0.5503430764085435, 0.5787514853568734, -0.6018049654550822], [-0.8261183142928696, 0.272957988422744, -0.49297308988028604], [-0.12104143521574476, 0.7684664304661732, 0.6283377405563753]], "T": [-0.06266909069898807, -0.016087608115532174, -0.10483984284534437], "aligned_model": [[0.521092310610682, -0.44512107575632354, 0.09474191247585542, 0.6622419337970754, 0.3691312296114396, -0.01381161327659225, -0.6098375234094312, 0.13898081305219767, -0.6596153536517846, -0.2608616239122413, -0.029978853080921193], [-0.3992174299790859, -0.5782759879653226, -0.32700373434464874, 0.015174455913435133, 0.38946355995713133, -0.26348292392669176, 0.1531509913732655, 0.4994826580480139, 0.11542421924519614, 0.5402200181434547, 0.030814857494019795], [0.10478147152707878, -0.3257724268405293, -0.6780796356446015, -0.39042558207999184, 0.33742997489062415, 0.6007820221512332, -0.6643873824598778, -0.4379985611569624, 0.4310141310348727, 0.2566639378559079, -0.08054295032056183]], "inverted": false, "swapped": false, "error_lsq": 0.0530677814744494, "error_max": 0.2653564697453545, "target": "615.xyz", "model": "16.xyz", "model_rescale": 3.7852294659196426, "target_rescale": 3.6614537451869467},
{"mapping": [2, 5, 1, 3, 8, 11, 4, 0, 10, 9, 12], "R": [[0.5782935065947843, -0.8028038499216121, 0.14519848064407026], [0.3498462767631292, 0.08324442634452422, -0.93310125287535], [0.7370103139476982, 0.5904035433782637, 0.32899764908142803]], "T": [-0.02276331060892148, -0.07545063931531926, -0.06281014129173915], "aligned_model": [[0.4581610932019368, -0.43112012065599853, 0.16980143557865385, 0.5913025337027452, 0.36931641411000776, 0.05421846103484311, -0.4435775233334752, -0.02920888349820865, -0.745143383365348, -0.15807900796185326, -0.06870886235334694], [-0.4386930406375161, -0.45797772290324523, -0.497182942573059, 0.12020995299103607, 0.29751579849145815, -0.2225807560500757, 0.0750156759951762, 0.5427028575234967, 0.17327706533133866, 0.6179697766157752, -0.03450598082561758], [0.04137093535428002, -0.4079575830760791, -0.5720397920012262, -0.528788083506478, 0.29964735550826016, 0.6515837346740883, -0.6124117892291258, -0.35193271854020414, 0.19323015769411386, 0.4353058836780257, 0.005456898401537666]], "inverted": false, "swapped": false, "error_lsq": 0.047671969484877424, "error_max": 0.25001438124216596, "target": "615.xyz", "model": "17.xyz", "model_rescale": 3.901054581598922, "target_rescale": 3.6614537451869467},
{"mapping": [12, 1, 6, 11, 9, 2, 4, 10, 8, 5, 14], "R": [[-0.6820524845286265, -0.600036773988878, -0.41804339273495045], [0.5507075455816429, -0.04530682935620328, -0.8334677500978251], [0.4811710793343365, -0.7986884004883934, 0.361346414590655]], "T": [-0.02672489144920895, -0.093634203273502, 0.0055975421425204785], "aligned_model": [[0.6638871620535786, -0.42073437331401364, 0.12535067426681382, 0.6127030421897816, 0.3927050606123762, -0.32358763243537647, -0.5820275709884584, 0.025202526373266004, -0.6450838742729373, -0.10903494517959707, 0.027582087154522338], [-0.3497857050035298, -0.5513581977754426, -0.3269636469508621, 0.018263097435991832, 0.39908271291934105, -0.17834308576427718, 0.18697996015639465, 0.5895540230035183, 0.09445347853245953, 0.3805975307515871, -0.08672948334641342], [0.10263621379112434, -0.3421535505856719, -0.6916514365555526, -0.45845191718565903, 0.1300892171466155, 0.7726927254343021, -0.48273492174747845, -0.4449700320165726, 0.15617458041176052, 0.40361181888906894, 0.008222301375255522]], "inverted": true, "swapped": false, "error_lsq": 0.044135687165169774, "error_max": 0.24197187678761314, "target": "615.xyz", "model": "18.xyz", "model_rescale": 3.9405287249114394, "target_rescale": 3.6614537451869467},
{"mapping": [12, 1, 3, 14, 13, 4, 2, 11, 8, 7, 15], "R": [[-0.09297684038078197, 0.048848095555000665, 0.9944692909856273], [0.4368012114707418, 0.899551830538589, -0.0033475113690821234], [-0.894740190675762, 0.43407415004273564, -0.10497439427868949]], "T": [-0.06998272874437747, 0.03148206410364002, -0.03499492570139566], "aligned_model": [[0.3060559875474993, -0.3400456809402621, 0.2183909522458163, 0.5986174951436134, 0.46170014226097245, -0.0314257759962856, -0.582352110868261, 0.1163206252960931, -0.7463006900300908, -0.14978074307316575, -0.08421804512597321], [-0.3582146998319727, -0.5232527554821886, -0.5257978313738978, 0.10280529169856713, 0.41222127480493886, -0.26364685914416275, 0.08910426940280292, 0.6374285510702009, 0.18119674505765182, 0.38611761180983, 0.037789085946997425], [0.047892819092762856, -0.26920574050242074, -0.6109361840625898, -0.4192158255735347, 0.11889082245621423, 0.6328952663762035, -0.7346252428914798, -0.3775341455083699, 0.26906376120810865, 0.5679075988858348, -0.07166813052353692]], "inverted": false, "swapped": false, "error_lsq": 0.04497745885713991, "error_max": 0.20560707631441635, "target": "615.xyz", "model": "19.xyz", "model_rescale": 4.410303926677745, "target_rescale": 3.6614537451869467},
{"mapping": [10, 3, 6, 11, 9, 5, 2, 12, 1, 8, 13], "R": [[0.23371557571913776, -0.4696381448636868, -0.8513618752065815], [-0.967738052364026, -0.027590663972169416, -0.2504432416102629], [0.09412805996595122, 0.8824277693673117, -0.46093507154096736]], "T": [-0.1433077108896582, 0.006460657136799044, -0.19785962157522285], "aligned_model": [[0.4508513287907432, -0.2573554845447369, 0.05618756762432961, 0.6113547818446504, 0.4002624853130662, -0.1030294137084019, -0.5846411881291831, 0.15207907903484869, -0.8019300293265708, -0.04225469779145752, -0.11456227264733203], [-0.29463541899634244, -0.708518128016126, -0.3570401256835117, 0.0557337102287831, 0.3210821995945739, -0.3154187535639104, 0.21948041333702023, 0.6919369969218843, 0.17178468414278472, 0.36614283017411725, 0.025202275819494635], [0.2832330945518458, -0.1558937091226817, -0.6035376193988493, -0.5372561636800506, 0.08392301381992795, 0.5727518412979444, -0.6433437100566859, -0.31423732228075807, 0.12152181013880925, 0.47405897792192464, -0.12775521423423442]], "inverted": true, "swapped": false, "error_lsq": 0.04562921002070352, "error_max": 0.24140941751602094, "target": "615.xyz", "model": "20.xyz", "model_rescale": 4.121658175737393, "target_rescale": 3.6614537451869467},
{"mapping": [9, 6, 10, 11, 7, 8, 2, 3, 1, 5, 12], "R": [[0.34499813359680453, -0.3348715594004655, -0.8768336937637727], [0.5895688813646021, -0.6495824895373239, 0.48005325060141385], [-0.730331994329437, -0.6825713354596666, -0.026674895830990197]], "T": [-0.054996577041995814, 0.015007314453678401, -0.07345901598815745], "aligned_model": [[0.515164757811797, -0.45749117280695284, 0.09531808840597125, 0.7136362337743034, 0.4512628821508786, -0.10724289425274428, -0.560562777336653, -0.03825428579287002, -0.7042263454768269, -0.10349256035867338, -0.037149769658273435], [-0.4001066926778801, -0.49540411730779443, -0.5959295349634471, 0.1636897063751985, 0.4482975062388146, -0.36551868121912867, 0.08979285954173294, 0.6800541054336526, 0.25079494277939157, 0.2886226749887417, 0.11145791476948588], [0.0854726941944332, -0.08359473398524067, -0.5347991389370887, -0.47553631155470505, 0.07746821607326286, 0.4798703539368658, -0.6347268429430104, -0.27364184352075865, -0.0007970032164679869, 0.5483820441455073, -0.034632435235605406]], "inverted": false, "swapped": false, "error_lsq": 0.04636629077176675, "error_max": 0.24759041158144346, "target": "615.xyz", "model": "21.xyz", "model_rescale": 4.08911054899281, "target_rescale": 3.6614537451869467},
{"mapping": [13, 0, 4, 3, 14, 10, 1, 15, 8, 5, 16], "R": [[-0.9114062976167299, 0.11297153241902079, -0.39569684548586304], [0.30087808357716583, -0.4730511908171242, -0.8280669958943133], [-0.2807328614314627, -0.8737619834539604, 0.3971511762328097]], "T": [-0.05188096031236553, 0.04777080399712848, -0.006624177426287098], "aligned_model": [[0.42642459061955673, -0.33336755579649546, 0.16700268999768997, 0.7198905879190425, 0.5150985897030831, -0.049682961284155426, -0.6156403565425156, 0.033328126217387365, -0.7333543775586088, -0.3203133850996661, -0.04242379171536205], [-0.4057138073732049, -0.6039760124317501, -0.3302778911695961, -0.04396038410773466, 0.3478151418682266, -0.13936223701984757, 0.17636703941500104, 0.6787864033394215, 0.1419732668204146, 0.34959776701647344, 0.004501397601363616], [-0.05463952108064456, -0.31657704806446907, -0.5501877133422287, -0.3942230548289999, -0.024794788941511187, 0.778303719246361, -0.5503490459623942, -0.361681557089948, 0.07987377425366982, 0.5717991724356432, -0.024058937668285842]], "inverted": true, "swapped": false, "error_lsq": 0.048078452703853934, "error_max": 0.2607605517104586, "target": "615.xyz", "model": "22.xyz", "model_rescale": 4.204369325754507, "target_rescale": 3.6614537451869467},
{"mapping": [12, 1, 3, 14, 13, 4, 2, 11, 8, 7, 15], "R": [[-0.09297684038078197, 0.048848095555000665, 0.9944692909856273], [0.4368012114707418, 0.899551830538589, -0.0033475113690821234], [-0.894740190675762, 0.43407415004273564, -0.10497439427868949]], "T": [-0.06998272874437747, 0.03148206410364002, -0.03499492570139566], "aligned_model": [[0.3060559875474993, -0.3400456809402621, 0.2183909522458163, 0.5986174951436134, 0.46170014226097245, -0.0314257759962856, -0.582352110868261, 0.1163206252960931, -0.7463006900300908, -0.14978074307316575, -0.08421804512597321], [-0.3582146998319727, -0.5232527554821886, -0.5257978313738978, 0.10280529169856713, 0.41222127480493886, -0.26364685914416275, 0.08910426940280292, 0.6374285510702009, 0.18119674505765182, 0.38611761180983, 0.037789085946997425], [0.047892819092762856, -0.26920574050242074, -0.6109361840625898, -0.4192158255735347, 0.11889082245621423, 0.6328952663762035, -0.7346252428914798, -0.3775341455083699, 0.26906376120810865, 0.5679075988858348, -0.07166813052353692]], "inverted": false, "swapped": false, "error_lsq": 0.04497745885713991, "error_max": 0.20560707631441635, "target": "615.xyz", "model": "23.xyz", "model_rescale": 4.410303926677745, "target_rescale": 3.6614537451869467},
{"mapping": [0, 5, 4, 3, 1, 13, 8, 10, 14, 11, 16], "R": [[-0.04108125723250754, 0.2095472776436641, 0.976935140496198], [-0.951656214918466, 0.2896811292680456, -0.10215327676119118], [-0.30440561576826275, -0.9339029830652215, 0.18751650410197437]], "T": [-0.1354374261995125, -0.03598432276888827, 0.03347205343239676], "aligned_model": [[0.4980289844804937, -0.22968125453784993, -0.0029279796899995547, 0.5997817416501375, 0.5820683987827426, -0.30236909796510536, -0.40762829159819614, -0.04618048958763152, -0.7036972989910009, -0.19382668995939994, -0.026605866124234823], [-0.44402032969591565, -0.5959025064107796, -0.17872291877454183, 0.009798613631353273, 0.4221861542777151, -0.2828726914075392, 0.17346412551662427, 0.47260657317111154, 0.09707499075746251, 0.5253627708798398, -0.023224097986563025], [0.08458696982090547, -0.237104667434776, -0.6267940389782523, -0.4828686118217559, 0.14117792444117155, 0.6701560992680271, -0.7133546651300557, -0.3629525246517905, 0.3762925984315748, 0.3201803039946488, -0.015854388982505088]], "inverted": true, "swapped": false, "error_lsq": 0.0467808979657325, "error_max": 0.24436449151368037, "target": "615.xyz", "model": "24.xyz", "model_rescale": 4.28219845311461, "target_rescale": 3.6614537451869467},
{"mapping": [2, 4, 0, 6, 14, 13, 1, 8, 9, 11, 15], "R": [[-0.2539443456211005, 0.9623983419781488, 0.09644532484667867], [-0.7164975846010262, -0.2541622200426558, 0.6496404984019114], [0.6497256964196246, 0.09586968895693238, 0.7540991461017144]], "T": [-0.16559059547449304, 0.04714732242922769, 0.02046896826062075], "aligned_model": [[0.3795886921250622, -0.3355643057523593, 0.17436875202309857, 0.5714269865422932, 0.49733511998534174, -0.0916166809269956, -0.4185475435362246, -0.02486713021519435, -0.7247514943962787, -0.12404887290018851, -0.13636136648859895], [-0.3648478842116331, -0.6146851216338046, -0.37432868458879237, 0.1698794794733794, 0.2499476474134591, -0.2902806979455935, 0.10684430412797984, 0.5220630532680106, 0.2436468475484599, 0.5235674250693956, 0.003944315437906722], [0.06312478222912057, -0.23979114552103628, -0.5897275489311474, -0.48345467316379287, 0.335978316557918, 0.5037769942331399, -0.5646177361260235, -0.4659444483472104, 0.3454315963023177, 0.2808057546249104, -0.03211689290100394]], "inverted": false, "swapped": false, "error_lsq": 0.048567491263574576, "error_max": 0.26817674425716986, "target": "615.xyz", "model": "25.xyz", "model_rescale": 4.100010024507729, "target_rescale": 3.6614537451869467},
{"mapping": [1, 6, 2, 3, 8, 0, 5, 7, 4, 10, 11], "R": [[-0.46793712633685425, 0.8187873330302871, 0.33259908157533613], [-0.268732805230693, -0.4903520645546984, 0.8290582200182253], [0.841913015215022, 0.29856683683238355, 0.4494889528736557]], "T": [-0.006471399937469634, 0.02563903886957436, -0.07559199329973192], "aligned_model": [[0.475845082241233, -0.43660069782232364, 0.19352975392581573, 0.6899612814850875, 0.4800211787054712, -0.07350775639733477, -0.6062791448184363, 0.0648861217030652, -0.8585785253782968, -0.05733882196895866, -0.10497631521536636], [-0.42716123064405487, -0.44771652589623795, -0.42112826661499586, 0.18350743223883437, 0.32267763864348303, -0.2969242412418311, 0.17297398169390854, 0.5320985383161683, 0.0772959214066789, 0.3779094134149715, 0.10221802264184256], [0.17237832892723925, -0.1823882223965404, -0.6307098182595225, -0.46046952846298544, 0.15233534188521686, 0.6065359515685379, -0.5030370238303132, -0.5193972729224265, 0.11698161208731024, 0.4613628010060909, -0.06012717064541489]], "inverted": true, "swapped": false, "error_lsq": 0.04337660293547275, "error_max": 0.22935853041999968, "target": "615.xyz", "model": "26.xyz", "model_rescale": 3.6694154284099745, "target_rescale": 3.6614537451869467},
{"mapping": [12, 7, 9, 11, 2, 1, 8, 4, 5, 0, 13], "R": [[0.16525553661857956, -0.6847981588792933, 0.7097479053948911], [-0.9799693946525594, -0.03292240901013377, 0.1964079950747059], [-0.11113322258083558, -0.7279887338280033, -0.6765218475838743]], "T": [-0.03308974084361781, -0.03282016627966196, -0.12509360542287196], "aligned_model": [[0.6522474810219474, -0.45818095886296023, 0.110500033323457, 0.770553051660411, 0.4763861246118605, -0.3013082623142016, -0.44151522195197973, -0.16524199681984914, -0.7310187671515808, -0.15382076264927205, 0.008361435592123746], [-0.4281174824174137, -0.49689332853616625, -0.4303124810802589, 0.02464093331432865, 0.33556582826365644, -0.20479685730148645, 0.11730164193234498, 0.7634944322298354, 0.07723671881231563, 0.41804691382279735, -0.0004156350811856113], [-0.06356525799399512, -0.13297276492903926, -0.6601126442424865, -0.42010539050097284, 0.13347117900455985, 0.6983925791491989, -0.5930778589086165, -0.2798495795562691, 0.23094158385175556, 0.34296220277395684, -0.10261904969089929]], "inverted": false, "swapped": false, "error_lsq": 0.04319965638035352, "error_max": 0.21367888568843052, "target": "615.xyz", "model": "27.xyz", "model_rescale": 4.103607728864725, "target_rescale": 3.6614537451869467},
{"mapping": [2, 8, 13, 12, 3, 1, 11, 10, 5, 0, 14], "R": [[0.22862317910788937, -0.7427387929063396, -0.6293413441739194], [-0.9119509756507325, -0.3896387288126031, 0.1285576875141114], [-0.34070054297620234, 0.5445371856185144, -0.7664218117292778]], "T": [-0.12319686663625282, 0.13313477240430557, -0.1925889721885869], "aligned_model": [[0.44138291339249547, -0.4420905139513619, 0.07638150432245486, 0.7045643720184473, 0.4849718545494358, -0.18228281983445646, -0.5334126486947927, -0.03936009064848933, -0.6682099825999528, 0.013523662372612016, -0.08850609446643665], [-0.20708893223498107, -0.6201045808729674, -0.2950977524739522, 0.03719673730588831, 0.41063656411207083, -0.31489162133652426, -0.00441716191387212, 0.5802549831771735, 0.2633228467037757, 0.2512762712824997, 0.07466333020965635], [0.1342415787338916, -0.24931017795082483, -0.6360502573483648, -0.3997141573472904, 0.14895811788414826, 0.5811306364042905, -0.726315223158797, -0.4224371577723672, 0.2776792269484619, 0.4980931719066522, -0.05281075934260809]], "inverted": false, "swapped": false, "error_lsq": 0.04502588581223901, "error_max": 0.2673683743213348, "target": "615.xyz", "model": "28.xyz", "model_rescale": 4.137296879288765, "target_rescale": 3.6614537451869467},
{"mapping": [7, 0, 9, 8, 3, 1, 6, 4, 5, 2, 10], "R": [[-0.9390956754488755, 0.026673582109480405, 0.3426190776513613], [-0.24820653276106858, 0.6368971908629473, -0.7299010106621414], [-0.23768220263189535, -0.7704871759402202, -0.5914868403132187]], "T": [0.00396407155685061, 0.012765683775351536, -0.0882815593810317], "aligned_model": [[0.4511866778837337, -0.3841759550128173, 0.13216033217690978, 0.683733355527896, 0.45162515746202575, -0.20186222893473996, -0.5426696439010816, -0.1176754834652478, -0.5926931874146363, -0.11407251480062386, 0.0014056469385376417], [-0.48597120872398325, -0.5698631256167045, -0.3808474231150521, 0.03906466708129036, 0.49999356201091716, -0.3589547521713651, 0.13840600912782236, 0.6627337239202279, 0.1766435388938013, 0.4110888459159853, 0.043456846635827884], [0.16718992069877575, -0.10856289582799959, -0.7511757116376295, -0.32402710445527805, 0.07928118050727513, 0.5333440654249051, -0.5372291206027938, -0.4912397808165464, 0.17693969042767166, 0.5746853318356497, -0.16574057659683789]], "inverted": false, "swapped": false, "error_lsq": 0.047479436768425434, "error_max": 0.23946564296765796, "target": "615.xyz", "model": "29.xyz", "model_rescale": 3.607286011436655, "target_rescale": 3.6614537451869467},
{"mapping": [4, 7, 6, 3, 9, 12, 2, 1, 13, 11, 14], "R": [[-0.949187614394418, -0.21978584711948662, -0.22524887144268438], [0.07349295453825971, -0.8507446158409295, 0.5204155880168334], [-0.30600924547057495, 0.4774178254146349, 0.823668963639453]], "T": [0.05110427798137957, -0.05304969797511441, 0.02355583788744589], "aligned_model": [[0.5587697374811967, -0.442291391060803, 0.09457056392278099, 0.6681520038587773, 0.4818359400248915, -0.37779086970973585, -0.44629504270434567, -0.17290091656020967, -0.6556118353256345, -0.04486065600453814, 0.10338462253757658], [-0.5395182781476241, -0.5798436751686326, -0.22791480973281256, -0.03792321774618326, 0.6011055589696054, -0.20772496661922935, 0.045926437607429704, 0.5919149049680944, 0.10463919936503693, 0.32205151827786616, 0.10303801218521666], [-0.02617937537274387, -0.2563330398846133, -0.4419286850882417, -0.4718982264325361, -0.00973745021408906, 0.5713937989380509, -0.6032911798591325, -0.2443777222055161, 0.13117121410988974, 0.46471439438133244, 0.03993127058479199]], "inverted": false, "swapped": false, "error_lsq": 0.05161990530762601, "error_max": 0.2395221526187736, "target": "615.xyz", "model": "30.xyz", "model_rescale": 3.964800864290218, "target_rescale": 3.6614537451869467},
