[{"mapping": [14, 5, 8, 11, 13, 4, 0, 3, 7, 6, 10, 15], "R": [[-0.9214559364986004, 0.3320554766301924, -0.2016385814554922], [-0.05608761921835609, -0.6273155952460303, -0.7767427649689024], [-0.3844127157911197, -0.704424803936527, 0.5966678804302117]], "T": [0.005269385781304292, -0.08062839245562683, 0.04456275931408281], "aligned_model": [[-0.19246372672716244, 0.19023331360899975, 0.3016912510087356, -0.1277821993898223, -0.09010433122082301, -0.6564998765352008, 0.33876597864131186, -0.28333367091814443, 0.5559507065586484, 0.2723405350683814, -0.45735849080556884, -0.01379702682880637], [-0.4189807266054659, -0.7721856618911389, -0.10468664499693772, 0.6318629667694864, 0.3444188906875014, -0.5467679175040756, -0.2306542628559383, -0.49885312264178583, 0.15135547853373008, 0.48941885420752473, 0.10120727554289752, -0.09258009326874064], [-0.5214296061708131, -0.21744408526076292, -0.5058220449887995, -0.09126082826580491, -0.6941460265240523, 0.015112537547049096, 0.7018722610795818, 0.6623916290737869, -0.022648006485154956, 0.5465325959431907, 0.3105866111802334, -0.0017932917748919586]], "inverted": false, "swapped": true, "error_lsq": 0.04148454205018853, "error_max": 0.27475545334307117, "target": "616.xyz", "model": "0.xyz", "model_rescale": 3.751011558992144, "target_rescale": 4.28879074394733},
{"mapping": [3, 10, 0, 1, 11, 7, 12, 4, 6, 8, 13, 14, 5, 9, 15], "R": [[-0.7774509986230791, -0.4767974275812703, -0.41016357443325013], [0.6217202305266865, -0.6811643088776851, -0.3866253215517959], [-0.09504682895194796, -0.5555892343837028, 0.8260064787537142]], "T": [0.001707333359851064, -0.01023769610062672, -0.013512494387109988], "aligned_model": [[0.22225447308148139, 0.07414793675174819, -0.3691244918566162, 0.13361824454797355, -0.33123653425041083, -0.4783505781429729, 0.3345980062863744, 0.7454915372152517, -0.7421628585238055, 0.04232854275389735, 0.06983163486231114, 0.5728968802987447, 0.44269700158882763, -0.21781051816212305, 0.039906934638352404], [0.06510096783292746, -0.4725090453735369, 0.3275121507940705, 0.5989540505405929, -0.598378194739005, 0.22684280776911353, -0.5213242274667134, -0.16423500006627342, -0.21763755085603506, 0.22576593809793769, -0.3659671674528667, 0.08730732507695359, 0.6048715349025768, 0.7676907727167664, -0.015237011949402603], [-0.7787570346887176, -0.32802006303224335, -0.574041100864108, -0.4887356319410192, 0.2815024935578934, 0.2602044338070076, 0.16829004385768553, -0.2948695937962983, -0.24132166226588747, 0.5644324480600129, 0.7638340382692504, 0.35818027377676637, 0.07747895884099638, 0.06078065834754363, 0.020708142923093732]], "inverted": true, "swapped": true, "error_lsq": 0.041981569157650354, "error_max": 0.24209765810856013, "target": "616.xyz", "model": "1.xyz", "model_rescale": 3.9405287249114394, "target_rescale": 4.28879074394733},
{"mapping": [4, 5, 14, 0, 9, 12, 3, 1, 7, 11, 6, 10, 15], "R": [[0.8106664603925644, -0.2438629624154263, -0.5323070031068197], [-0.5839710052131938, -0.40259013056633797, -0.7049106694049051], [-0.04239994180282927, 0.8822992929457395, -0.46877521543119727]], "T": [-0.12316600100262722, -0.11273338351154541, -0.044539253520350444], "aligned_model": [[-0.3706852298435754, 0.25055348769336416, -0.3483036787852123, 0.49601491749947213, 0.5948139345423454, -0.7385687849555886, 0.16937214710062032, 0.5526193517421307, 0.12207049466055019, -0.6523724215459077, 0.0019439821433494958, -0.4295895925787501, -0.15188532838886717], [0.6397577227188478, 0.3850498824772388, 0.32664689872301134, -0.22756467220324053, -0.19761425922557288, 0.04956239545908639, 0.33926947855397116, 0.2665550724726846, -0.6010383285461296, -0.6215211846384223, -0.777374617527195, -0.03459251879170307, -0.08830327590055984], [0.12452669609574972, -0.48460318294534216, -0.5243163238564229, 0.36681495595138286, -0.41356541975996663, -0.040380021764083285, 0.5470949292083087, 0.07296192649748855, -0.29553937770602295, 0.025247895083935365, 0.39232926360875287, 0.4222112578879149, -0.07966224871305069]], "inverted": true, "swapped": true, "error_lsq": 0.04014684825921759, "error_max": 0.2266722501124399, "target": "616.xyz", "model": "2.xyz", "model_rescale": 3.932901565614263, "target_rescale": 4.28879074394733},
{"mapping": [9, 8, 5, 7, 1, 3, 4, 0, 6, 2, 12, 11, 10, 15], "R": [[-0.8499215324747439, -0.22949497620326612, 0.47430522296644123], [0.4566579955689338, 0.12824403091814546, 0.8803504663580464], [-0.26286282300612024, 0.9648240898896174, -0.004196647462564873]], "T": [0.15089715427225195, -0.03466184852984466, -0.015485103073824062], "aligned_model": [[-0.36300235391641156, 0.38999375201618636, 0.11768124675933817, -0.09289154431437482, -0.3967200481813381, -0.22319020310947088, 0.49576580965267314, -0.5865366804097044, -0.29881003674063333, -0.27779912098431747, 0.7355122516808431, 0.462959122642046, 0.2606492596812642, 0.19619845727660307], [0.06959542453656836, 0.2538286810413863, -0.41015017215765115, 0.47203277593450244, -0.5158815347587469, -0.6856471289920252, -0.7629689991344627, -0.13833398296374633, 0.4338090977592771, -0.17383803383137952, -0.10854972980066141, 0.48940490722112495, -0.21713144254897437, -0.04267322395472257], [-0.6350962543395654, -0.5164583416831924, -0.6780678680306945, -0.22858448944548854, -0.303400223023269, 0.2605456474827755, 0.06652851674468456, 0.09047219189918607, 0.4604907302722491, 0.6056353117859924, 0.22502180838776992, 0.3989616023587245, 0.5065462894019881, -0.038698558754063535]], "inverted": true, "swapped": true, "error_lsq": 0.04049958905153731, "error_max": 0.25892645899512257, "target": "616.xyz", "model": "3.xyz", "model_rescale": 3.9243930471874484, "target_rescale": 4.28879074394733},
{"mapping": [6, 7, 11, 10, 12, 0, 3, 13, 14, 5, 4, 1, 15], "R": [[0.8309032090540316, -0.3098100157536094, -0.4621878528503972], [0.2186251107893244, 0.945624223324727, -0.24082750921325907], [0.5116668038050424, 0.09905847969888824, 0.8534544507375171]], "T": [-0.0035235753360925437, -0.050563256048477466, -0.16149297373486793], "aligned_model": [[-0.11093458814342945, -0.28758605440782775, 0.511884317764651, 0.34702934515164996, 0.6149153920433987, -0.5858844145808872, -0.22458495628693237, 0.5642649698178086, 0.19167176999576876, -0.3986118558722423, 0.28444590674538667, -0.6520801197383772, 0.022676173822385126], [-0.6947370343333936, 0.0011684474681949233, -0.24870242185504957, -0.4389641082482628, 0.04653680611406307, -0.5216041062849699, -0.4743222905450353, 0.4165294768055171, 0.5650658082331843, 0.502784076813686, 0.06418132743833613, -0.08290781592064528, -0.007198612004037763], [-0.6324044269753376, -0.6889548769340371, -0.6502570097819143, 0.04854245199481061, -0.04667735139992174, -0.09250101280902001, 0.47997121709635604, -0.6029593438964143, 0.07689258783835157, 0.18321368112972336, 0.5868379603254675, 0.27746071549952644, -0.15209427671662654]], "inverted": false, "swapped": true, "error_lsq": 0.04300993816584161, "error_max": 0.3013097136419929, "target": "616.xyz", "model": "4.xyz", "model_rescale": 3.8936222436046832, "target_rescale": 4.28879074394733},
{"mapping": [9, 5, 8, 7, 14, 4, 3, 10, 6, 0, 11, 15], "R": [[-0.6988639409467854, -0.6496581001937451, -0.2992215648929432], [0.607433891941316, -0.3182048939923561, -0.7278528095434812], [0.3776417071317119, -0.6904274026224387, 0.6170062744759401]], "T": [-0.07920389925981043, 0.059847201781793244, -0.024887389293963873], "aligned_model": [[0.025377562605686826, -0.6020236536390695, -0.25219025482858787, 0.310588950153615, -0.7156305939456088, -0.7352471171340577, -0.16583414713209532, -0.03602681657577881, 0.7133889346866603, 0.3418886082484375, 0.26528469545589695, -0.12202812568000128], [-0.5904772690187113, -0.4253014286489801, 0.13270499081493758, -0.02637390318550044, 0.16619132043565324, 0.07541935422541228, -0.37025103082669064, 0.3146609642147244, 0.11529158183870393, -0.5143743298027281, 0.7098672752814286, 0.08156537978155799], [-0.4992512399284438, -0.2939617450630967, -0.6216583821144991, -0.47456635933368935, -0.2648457905079278, 0.4499354547973117, 0.6440123580858278, 0.4761746209593802, 0.10540880939203275, 0.217464118097585, -0.07584050880981018, -0.04358661629915245]], "inverted": false, "swapped": true, "error_lsq": 0.04290881609992701, "error_max": 0.2980365853843886, "target": "616.xyz", "model": "5.xyz", "model_rescale": 3.6523030999806103, "target_rescale": 4.28879074394733},
{"mapping": [11, 7, 8, 12, 14, 6, 9, 10, 0, 3, 5, 4, 15], "R": [[-0.9408600345199697, -0.21992980996287495, 0.2577077300601894], [0.18860262671383235, -0.9718988393969116, -0.140860552233687], [0.281445278233131, -0.08392570922327773, 0.9559001154365688]], "T": [0.07677982022067277, -0.0653440973365702, 0.06253134328153853], "aligned_model": [[0.27327524650261004, -0.28456316523339303, 0.22557778624236313, 0.6704915672694814, 0.599722082233557, -0.45250396773531776, -0.4680910557771538, 0.24341696323256584, -0.612719415747606, -0.12720548576026208, 0.10865761573348935, 0.5831353860725929, 0.12188934763136741], [-0.5607164207361302, 0.06356277819696304, 0.38110785127163443, -0.2930182187200543, 0.38071491591959905, -0.6092969575706066, 0.5311680884916637, -0.551221754007311, -0.15004726556268622, -0.23038496256357904, 0.6495835483612458, -0.029303221393811293, -0.04132147752374429], [0.5722278381587075, 0.5255626432979972, 0.47473029694289604, 0.0898930217032253, 0.02392058198499105, 0.3312850162711045, 0.14107561693936538, -0.16987437401138017, -0.22591223394186138, -0.6931588507352219, -0.20009570346125033, -0.5686556536643051, 0.06911153999752084]], "inverted": true, "swapped": true, "error_lsq": 0.046668798303038196, "error_max": 0.25388426256101804, "target": "616.xyz", "model": "6.xyz", "model_rescale": 4.08911054899281, "target_rescale": 4.28879074394733},
{"mapping": [11, 7, 6, 12, 4, 3, 10, 2, 14, 8, 5, 9, 1, 0, 15], "R": [[-0.7455326852141432, -0.6660481087378223, 0.02368400566119283], [0.12467087135572746, -0.10446330803059978, 0.9866836327368097], [-0.6547046579281326, 0.7385576037940941, 0.16091760862358384]], "T": [-0.03236340741912787, -0.14327357546709904, -0.06727086493277516], "aligned_model": [[0.11610445921883882, 0.272134902114063, 0.7287628881348392, -0.4212104319971527, -0.5658159851626856, 0.12571178029340702, 0.03939530352548021, 0.5307353365398501, -0.7085803504611334, -0.33006180588944517, -0.4539523413142656, 0.1430084703425218, 0.08096014897583188, 0.5612581723739702, -0.08211700689456541], [-0.6846947088975512, -0.5407023375676948, -0.3314648467898875, -0.268420735582544, 0.39923409589773673, 0.6329391508934356, 0.0526879117064703, 0.23468437112795973, -0.18259004968184855, -0.5677001525177047, 0.12081604864616605, -0.1253275981894359, 0.467412488652283, 0.250534007432742, -0.15664882896101362], [-0.5454080388493465, 0.26576799021512476, -0.2503702551814076, -0.5553425659864195, -0.34513000682036704, -0.17872578877957873, -0.5910143470514011, -0.42644863691629004, 0.05566368835621861, 0.28288038631315066, 0.5103363886258114, 0.7250692821420494, 0.41082160079871777, 0.17420900587293908, -0.06823867065712093]], "inverted": false, "swapped": true, "error_lsq": 0.04638945837293247, "error_max": 0.2723565285425215, "target": "616.xyz", "model": "7.xyz", "model_rescale": 3.964800864290218, "target_rescale": 4.28879074394733},
{"mapping": [5, 1, 9, 14, 7, 4, 8, 0, 3, 10, 12, 11, 6, 15], "R": [[-0.7826143597912648, -0.542138529881114, 0.3059421158762763], [-0.3534263809661461, -0.017615461590961945, -0.9352964710454701], [0.5124495654068613, -0.8401044637015576, -0.17781994540275076]], "T": [-0.008097331759037561, 0.0570976731908777, 0.12635496345119576], "aligned_model": [[-0.24733915040386747, 0.3361862783185225, 0.29123936420096724, -0.6421615945954746, 0.2317122907180811, -0.4190743858317383, -0.3457449341395006, 0.6985988795260667, 0.32692996114865414, 0.02690153927711786, -0.4895403360252462, -0.08514137916661221, 0.6377202668219111, -0.05909891038800841], [-0.26525335954865864, -0.47112400219665823, 0.1379398422017718, -0.06774698763395903, 0.540306444653402, -0.6203181200836465, 0.4151233576284759, -0.15633235170060186, -0.6595574106707371, -0.14940614931937965, 0.04633882789323313, 0.5847233602098982, 0.4189063090444611, 0.05734870570360104], [-0.521691224728232, -0.33926587007710496, -0.6238065847755935, -0.11093044455219478, -0.13932218769407365, 0.29457396644854883, -0.2598831242582985, -0.017907331622446593, 0.24500725110866045, 0.649794265021396, 0.5424975910063771, 0.6357369982608622, 0.4430073272196021, 0.11900440736751948]], "inverted": false, "swapped": true, "error_lsq": 0.046108342289634244, "error_max": 0.2787328549874069, "target": "616.xyz", "model": "8.xyz", "model_rescale": 4.121658175737393, "target_rescale": 4.28879074394733},
{"mapping": [0, 2, 3, 1, 6, 7, 12, 8, 4, 11, 9, 5, 15], "R": [[-0.8320870607847545, -0.4336674305062185, -0.3457798186602604], [0.5545946321033225, -0.642130354006751, -0.5292385119257149], [0.007477788227056276, -0.632140149161006, 0.7748179879829408]], "T": [0.009404547179732083, -0.1163904659059207, 0.05242989800463272], "aligned_model": [[-0.4088519219189422, -0.2862689201055321, 0.19597897182686982, 0.0706145039001406, -0.7206602385370823, -0.47999610007304194, 0.3921528825813897, 0.048906483850285516, 0.7537518429642774, -0.2599935053109497, -0.27521384947434185, 0.3972661853985943, 0.049051161333530054], [0.2573737095042359, -0.30280481677841453, 0.08011956041988946, 0.5601699106571779, -0.35922150828252286, 0.03693186850331462, -0.6142885234379009, 0.04331365288271896, -0.16242665443844914, -0.7666994809328911, 0.6211818319955231, 0.5190996895295864, -0.12236180021055802], [-0.4487141806662507, -0.6307742934797802, -0.7002253718268641, -0.3385579549984067, -0.18483171416591695, 0.3663773278897573, 0.15576934657429978, 0.6560045379200228, -0.2636708794779353, 0.272242505738925, 0.23644004971127092, 0.2162172908447208, 0.08479876989524607]], "inverted": true, "swapped": true, "error_lsq": 0.047350764971216694, "error_max": 0.27557664539592885, "target": "616.xyz", "model": "9.xyz", "model_rescale": 3.833441315466971, "target_rescale": 4.28879074394733},
{"mapping": [9, 7, 14, 12, 13, 8, 11, 10, 3, 4, 0, 2, 6, 5, 15], "R": [[-0.5965625045468007, -0.6914516198872979, 0.40744059140453903], [0.7916805125686875, -0.5903300020488363, 0.15732912858082332], [0.1317389243459534, 0.4164194352287763, 0.8995775173801969]], "T": [-0.0612193148867646, -0.001037145475894891, 0.06269300465282365], "aligned_model": [[0.06319828995049437, 0.040295634748781034, -0.7023482346834062, -0.44041696229117633, -0.728638607005671, -0.5224112579480488, -0.11580073826778228, 0.11136074911477417, 0.39987581964539753, -0.31721169472780986, 0.6262151819039908, 0.6247105919498289, 0.5699044925945789, -0.3728514301266044, -0.11203681656281445], [-0.7653525269545698, -0.49471921763930543, 0.0030682756731166116, 0.4880489949067427, 0.02512837447699589, -0.4027268112924263, 0.24357526055418327, 0.5334907669049971, 0.31692006870713635, 0.5314294849828098, -0.2158365264492368, 0.3430681627376543, -0.037465411452260976, -0.37278588114159017, 0.005258525280732084], [0.30604977878972595, -0.2652649913108982, 0.3134217371740471, -0.08590611064103021, -0.47519068458649616, -0.06889559112710561, -0.6308344621918203, 0.014180279431469489, 0.6338415391373635, 0.6168041106890801, 0.27966894549724863, 0.056967928585699185, -0.43591535885848065, 0.6507397718344129, 0.06845501539887708]], "inverted": false, "swapped": true, "error_lsq": 0.04407479077820188, "error_max": 0.24999717302621535, "target": "616.xyz", "model": "10.xyz", "model_rescale": 4.2482417240324, "target_rescale": 4.28879074394733},
{"mapping": [6, 0, 3, 1, 11, 12, 10, 5, 9, 8, 7, 15], "R": [[-0.30206654508824515, -0.6253321585176194, -0.7195244914957004], [-0.7538405202048178, -0.3053109532895659, 0.5818158573799328], [-0.5835068743689151, 0.7181538228855373, -0.37917649483994603]], "T": [-0.013037001388444044, 0.1853899644945689, 0.00398656008023382], "aligned_model": [[-0.6864340782365594, -0.02343345509391098, 0.37547460603048405, 0.5144416372373785, -0.6568054847245397, -0.04092539051898955, -0.12311277896516096, 0.6499074078029171, 0.1906404287746452, 0.016356387583427227, -0.3478925165433692, 0.008548839016684951], [-0.2450641027091942, -0.5660863546933493, -0.29486807067262877, -0.3884798291289091, 0.5198403827124212, 0.7289553342671398, 0.21857749087125766, 0.16975235156671864, -0.2470096843834123, 0.5079960301858877, 0.031164749866174457, 0.23135309216853395], [0.1014557963312945, 0.03495066510429956, 0.512245462749147, -0.07842611426563509, 0.13627324061579332, 0.3338906857186583, 0.5559280093276427, -0.3720066226963342, -0.6520822704314819, -0.5312045362318124, -0.4710608982171053, -0.004771128150109839]], "inverted": true, "swapped": true, "error_lsq": 0.04545838112046066, "error_max": 0.2259636392556557, "target": "616.xyz", "model": "11.xyz", "model_rescale": 3.6694154284099745, "target_rescale": 4.28879074394733},
{"mapping": [6, 0, 9, 1, 3, 11, 10, 13, 5, 14, 8, 4, 7, 15], "R": [[-0.4109213343764489, 0.046848078243139774, -0.9104663170701064], [0.5230369834690484, -0.8058600556007685, -0.2775281692202165], [-0.7467100982830468, -0.5902498016535468, 0.3066418118425332]], "T": [0.021649486563198296, -0.03246585516365884, -0.01357912312483938], "aligned_model": [[-0.32221678354929295, 0.209047899165836, -0.13018812908207217, 0.500672149491923, 0.739944114716985, -0.4576424802006969, 0.27278252270109105, -0.5301319945610953, 0.2898694254204503, 0.13628850839722012, -0.3629747944912536, 0.7183899916085388, -0.48722785605278485, 0.021652276690961373], [-0.34246824162460143, 0.1704963586494619, 0.7234657999398739, 0.49725312897031015, -0.06751730134094895, -0.5903196090276683, -0.532598969515373, -0.24415615684398295, 0.6268814883833789, 0.17822034975407963, 0.30040540436123747, -0.1630824589693145, 0.20251162245214038, -0.028104127052339542], [-0.6722968834460995, -0.7132016606891333, -0.26733675072299606, -0.3365143943195355, -0.363922361778589, 0.04002225862508103, -0.0818178086519771, 0.6078518242372811, 0.2592392103271018, 0.6317093870195905, 0.3506035803543732, 0.3783186956505303, -0.23132474461243374, 0.037765107659221704]], "inverted": true, "swapped": true, "error_lsq": 0.043892842897618946, "error_max": 0.3131768769873168, "target": "616.xyz", "model": "12.xyz", "model_rescale": 3.9764082729961374, "target_rescale": 4.28879074394733},
{"mapping": [0, 2, 9, 1, 10, 8, 5, 4, 3, 7, 12, 6, 13, 14, 11, 15], "R": [[0.11341120000196603, -0.4637020918529947, 0.8787026059624901], [-0.8396747155473281, 0.4280409106724202, 0.334256414839325], [-0.5311160624426905, -0.7757327818275326, -0.34081428874607084]], "T": [0.00046127409935626563, -0.06285255659024204, 0.03198519910064518], "aligned_model": [[-0.6596055581635543, -0.3506965103473169, -0.20930633142837785, 0.15207057879092478, 0.6250560115903288, 0.13549091117019693, -0.37734832092657733, -0.6069245075870161, -0.0706309073314587, -0.6362557951776336, 0.4276807037714181, 0.037828427560689305, 0.5118235143292099, 0.3305728170497965, 0.574729865784534, -0.05448734115556494], [-0.20578474783396183, 0.2408661757368869, -0.5282478046731149, -0.10341795446171789, 0.14640090831361602, 0.5452960752243784, -0.7802381224744919, -0.11841811039484133, 0.7398675261013635, 0.3407319844739908, -0.4751808272193286, -0.27798770506803894, -0.215095118913466, 0.2910481310371696, 0.47659784937037086, -0.003936750387012605], [0.298424871737692, 0.6806011532385503, 0.34963900633528894, 0.6473644687282982, 0.49268173727146575, 0.36601375384270785, -0.1811855437370926, -0.34730189956585383, -0.21097532834486676, 0.08437404169411727, 0.26582807604790865, -0.700120919867681, -0.2677003155163673, -0.604087683580887, -0.06677482754102276, -0.03941684732703124]], "inverted": false, "swapped": false, "error_lsq": 0.04488485214116515, "error_max": 0.28667454517135244, "target": "616.xyz", "model": "13.xyz", "model_rescale": 4.170626492500431, "target_rescale": 4.28879074394733},
{"mapping": [0, 3, 6, 10, 7, 13, 11, 1, 9, 4, 5, 12, 8, 15], "R": [[0.679950076642436, -0.6351397394663909, -0.3664224401213862], [0.167416464742927, -0.35204717535204805, 0.9208878941867056], [-0.7138904822218364, -0.687502943758941, -0.13304165406317134]], "T": [-0.05491193094915007, 0.04600618468205549, 0.08004448616935174], "aligned_model": [[0.317918587542759, 0.014585141700135772, -0.202250226917045, -0.5167505646480738, 0.21376601649741098, -0.42593993249454754, -0.6204279475614388, 0.5493695592306437, 0.7362178340699765, -0.2605541251282692, 0.5237700949131007, -0.592241359611899, 0.1689939163236901, -0.06327397182479998], [-0.3590960693281372, -0.7494896127839364, 0.08723691375143348, -0.26875234080162036, 0.463740826184408, 0.7581354733725336, 0.44377366364460064, -0.45311937254834705, 0.18105483461970234, -0.46959389016674774, -0.025848924919371782, 0.10998371635567618, 0.5727918041047891, 0.06525744644068325], [-0.43247194149587825, 0.032371069140260694, -0.7104275453516238, 0.0059526568498787374, -0.25891517269348535, 0.38114597626036867, -0.17640702165390348, 0.0883908553422705, -0.04142904727498625, 0.6699256434464412, 0.5710380240888913, 0.4150993564689139, 0.3324949510812063, 0.1271052969125122]], "inverted": true, "swapped": true, "error_lsq": 0.033202346589043606, "error_max": 0.26476378416219964, "target": "616.xyz", "model": "14.xyz", "model_rescale": 3.9786697098870705, "target_rescale": 4.28879074394733},
{"mapping": [12, 4, 11, 13, 10, 6, 5, 1, 7, 8, 3, 15], "R": [[-0.4882049959458304, -0.24433928093247925, -0.837827069106108], [-0.4055610597633137, -0.7865371205230961, 0.46570332277416127], [-0.7727717054455281, 0.5671487228519833, 0.28489685401944087]], "T": [0.06250476737491027, 0.030940033063555836, 0.02264570858873159], "aligned_model": [[-0.02883574415375932, -0.6767432849072216, 0.6023896463030445, 0.4681286869762417, -0.07232214818399184, 0.6097242654595295, -0.3763219104539922, -0.40439283387172337, 0.5608829261460098, 0.2789934898564488, -0.526959988810525, 0.048811492407275704], [-0.23873432478876025, -0.08246213578054656, 0.004315437733032366, -0.634918093782251, 0.3131874024739746, 0.619803784776635, -0.3312241677787464, 0.31077926216158047, 0.010629349168455125, -0.5109393104980539, 0.5712899146028332, -0.017052628063713198], [-0.5465734559236413, -0.28839157891869954, -0.47896186378065575, -0.33450159972711524, -0.44641247268009965, -0.022574662148670984, 0.5299709854718403, 0.5866038089302422, 0.3584885400906842, 0.24818409682302614, 0.04431292621903048, 0.009821769517888981]], "inverted": false, "swapped": true, "error_lsq": 0.051588286798140925, "error_max": 0.30388806443375094, "target": "616.xyz", "model": "15.xyz", "model_rescale": 3.769337070930944, "target_rescale": 4.28879074394733},
{"mapping": [12, 11, 4, 10, 14, 8, 5, 7, 1, 2, 15], "R": [[0.4036998762669275, -0.914632334291291, -0.021773905734424892], [-0.39510515543573654, -0.15282681931903735, -0.905834355412141], [0.8251777542143086, 0.3742881996078563, -0.4230721186560745]], "T": [-0.011749665781635612, -0.023499464379655575, 0.06303683758742692], "aligned_model": [[-0.336939626264071, -0.4411202727960313, -0.17719757178074355, -0.5522617961745246, 0.3171804681950332, 0.4629511545479133, 0.6299902136738064, 0.2581533305720776, 0.3284090789927868, -0.5708492803578686, 0.0043104320827924095], [0.006279765670608263, -0.5810731457231318, 0.6794433450821767, 0.131288790020147, 0.19356030498641638, -0.3053778348057844, 0.37935882611725497, -0.5061119632068571, 0.5001417147131926, 0.11580122579732971, -0.01724653102600986], [-0.48326206652696657, -0.15729740835551168, -0.30382870446833576, 0.02126740724112195, -0.5014257980927008, -0.23119414305896327, -0.020544398375195033, 0.29930208900341193, 0.5367920982912884, 0.5699332919314053, 0.014475239634222481]], "inverted": true, "swapped": true, "error_lsq": 0.04040647881004485, "error_max": 0.19984912353983803, "target": "616.xyz", "model": "16.xyz", "model_rescale": 3.7852294659196426, "target_rescale": 4.28879074394733},
{"mapping": [7, 14, 12, 13, 9, 5, 3, 4, 11, 6, 0, 10, 15], "R": [[-0.2527026511179797, 0.8408353149352183, 0.47868292561541936], [0.4250325079810877, 0.5409195663781357, -0.7257777827052827], [-0.8691885510504908, 0.020049834589892235, -0.49407415117132636]], "T": [-0.010977902871341948, 0.07323008323150976, -0.0207149617304395], "aligned_model": [[-0.0485594484014252, -0.3468939396961801, 0.31453266468375685, 0.2500714130025594, -0.6382949077471223, -0.7548440907294846, -0.13176200573025296, -0.15474362511932474, 0.646480984017356, 0.4877850472978446, -0.14460930695221355, 0.3979505575216865, -0.023347491930916807], [-0.0028236194743619103, -0.425135727145103, -0.28465636698555635, -0.7403574489064757, 0.2043956021631499, -0.032014601278039345, 0.7420693716015594, 0.09446910763485578, -0.2111827101850598, 0.46709778936794816, 0.7677311701153253, 0.2663999965938295, 0.02906306020080241], [-0.6160192387450634, 0.31502299984923426, 0.3928524024782548, -0.0940674757159815, -0.5188607680098118, 0.1085032608796004, 0.4011634193384629, 0.7761364986248528, -0.19579175408776014, -0.5150410976938978, -0.27682901544555105, 0.3159159206401976, 0.002769545030636488]], "inverted": true, "swapped": true, "error_lsq": 0.04108765619898634, "error_max": 0.2287416589096746, "target": "616.xyz", "model": "17.xyz", "model_rescale": 3.901054581598922, "target_rescale": 4.28879074394733},
{"mapping": [3, 10, 0, 1, 11, 7, 12, 4, 6, 8, 13, 14, 5, 9, 15], "R": [[-0.7774509986230791, -0.4767974275812703, -0.41016357443325013], [0.6217202305266865, -0.6811643088776851, -0.3866253215517959], [-0.09504682895194796, -0.5555892343837028, 0.8260064787537142]], "T": [0.001707333359851064, -0.01023769610062672, -0.013512494387109988], "aligned_model": [[0.22225447308148139, 0.07414793675174819, -0.3691244918566162, 0.13361824454797355, -0.33123653425041083, -0.4783505781429729, 0.3345980062863744, 0.7454915372152517, -0.7421628585238055, 0.04232854275389735, 0.06983163486231114, 0.5728968802987447, 0.44269700158882763, -0.21781051816212305, 0.039906934638352404], [0.06510096783292746, -0.4725090453735369, 0.3275121507940705, 0.5989540505405929, -0.598378194739005, 0.22684280776911353, -0.5213242274667134, -0.16423500006627342, -0.21763755085603506, 0.22576593809793769, -0.3659671674528667, 0.08730732507695359, 0.6048715349025768, 0.7676907727167664, -0.015237011949402603], [-0.7787570346887176, -0.32802006303224335, -0.574041100864108, -0.4887356319410192, 0.2815024935578934, 0.2602044338070076, 0.16829004385768553, -0.2948695937962983, -0.24132166226588747, 0.5644324480600129, 0.7638340382692504, 0.35818027377676637, 0.07747895884099638, 0.06078065834754363, 0.020708142923093732]], "inverted": true, "swapped": true, "error_lsq": 0.041981569157650354, "error_max": 0.24209765810856013, "target": "616.xyz", "model": "18.xyz", "model_rescale": 3.9405287249114394, "target_rescale": 4.28879074394733},
{"mapping": [13, 11, 7, 9, 5, 10, 4, 12, 3, 14, 8, 0, 6, 1, 2, 15], "R": [[-0.34852056328799447, 0.08398746370198695, 0.9335306759321444], [-0.7962608612661394, 0.4988958440706713, -0.3421572410233613], [-0.4944714933958531, -0.8625827744106185, -0.10699953041464705]], "T": [-0.10551026855263307, -0.037912116085567465, 0.01038003268011154], "aligned_model": [[-0.6266483417384023, -0.15117421230708833, -0.15111607741052602, 0.018490044776694387, 0.5944007817700749, -0.025102201202597513, -0.3334363720211516, -0.520187844497851, -0.2840747596084517, -0.6487647454034486, 0.4828957065026232, 0.2039012877315891, 0.6149158260597707, 0.16941612526519706, 0.5685748306169236, -0.08209249060375712], [-0.09668777878776869, 0.27579160368010414, -0.6751816303184679, -0.323966024855038, -0.017743787683019263, 0.7168379321860513, -0.6429100595062475, 0.012852705572099304, 0.6444822909290694, 0.48725585966210727, -0.5101688830182022, -0.4234434138053049, -0.054790168187001886, 0.17941511033410198, 0.5073701238420678, -0.00661237121274879], [0.4302495070672214, 0.6574642484865143, 0.3060711305662722, 0.7116695096640965, 0.4586884119509862, 0.2148083680095065, -0.3312223801194531, -0.344027223311715, -0.4669889971941396, 0.18012140273120417, 0.06537194246296274, -0.46743202793814237, -0.18706572987507977, -0.5488191971284565, 0.07039537163705079, 0.018079406406398695]], "inverted": true, "swapped": false, "error_lsq": 0.04039017211957039, "error_max": 0.28309642408554136, "target": "616.xyz", "model": "19.xyz", "model_rescale": 4.410303926677745, "target_rescale": 4.28879074394733},
{"mapping": [5, 1, 9, 14, 7, 4, 8, 0, 3, 10, 12, 11, 6, 15], "R": [[-0.7826143597912648, -0.542138529881114, 0.3059421158762763], [-0.3534263809661461, -0.017615461590961945, -0.9352964710454701], [0.5124495654068613, -0.8401044637015576, -0.17781994540275076]], "T": [-0.008097331759037561, 0.0570976731908777, 0.12635496345119576], "aligned_model": [[-0.24733915040386747, 0.3361862783185225, 0.29123936420096724, -0.6421615945954746, 0.2317122907180811, -0.4190743858317383, -0.3457449341395006, 0.6985988795260667, 0.32692996114865414, 0.02690153927711786, -0.4895403360252462, -0.08514137916661221, 0.6377202668219111, -0.05909891038800841], [-0.26525335954865864, -0.47112400219665823, 0.1379398422017718, -0.06774698763395903, 0.540306444653402, -0.6203181200836465, 0.4151233576284759, -0.15633235170060186, -0.6595574106707371, -0.14940614931937965, 0.04633882789323313, 0.5847233602098982, 0.4189063090444611, 0.05734870570360104], [-0.521691224728232, -0.33926587007710496, -0.6238065847755935, -0.11093044455219478, -0.13932218769407365, 0.29457396644854883, -0.2598831242582985, -0.017907331622446593, 0.24500725110866045, 0.649794265021396, 0.5424975910063771, 0.6357369982608622, 0.4430073272196021, 0.11900440736751948]], "inverted": false, "swapped": true, "error_lsq": 0.046108342289634244, "error_max": 0.2787328549874069, "target": "616.xyz", "model": "20.xyz", "model_rescale": 4.121658175737393, "target_rescale": 4.28879074394733},
{"mapping": [11, 7, 8, 12, 14, 6, 9, 10, 0, 3, 5, 4, 15], "R": [[-0.9408600345199697, -0.21992980996287495, 0.2577077300601894], [0.18860262671383235, -0.9718988393969116, -0.140860552233687], [0.281445278233131, -0.08392570922327773, 0.9559001154365688]], "T": [0.07677982022067277, -0.0653440973365702, 0.06253134328153853], "aligned_model": [[0.27327524650261004, -0.28456316523339303, 0.22557778624236313, 0.6704915672694814, 0.599722082233557, -0.45250396773531776, -0.4680910557771538, 0.24341696323256584, -0.612719415747606, -0.12720548576026208, 0.10865761573348935, 0.5831353860725929, 0.12188934763136741], [-0.5607164207361302, 0.06356277819696304, 0.38110785127163443, -0.2930182187200543, 0.38071491591959905, -0.6092969575706066, 0.5311680884916637, -0.551221754007311, -0.15004726556268622, -0.23038496256357904, 0.6495835483612458, -0.029303221393811293, -0.04132147752374429], [0.5722278381587075, 0.5255626432979972, 0.47473029694289604, 0.0898930217032253, 0.02392058198499105, 0.3312850162711045, 0.14107561693936538, -0.16987437401138017, -0.22591223394186138, -0.6931588507352219, -0.20009570346125033, -0.5686556536643051, 0.06911153999752084]], "inverted": true, "swapped": true, "error_lsq": 0.046668798303038196, "error_max": 0.25388426256101804, "target": "616.xyz", "model": "21.xyz", "model_rescale": 4.08911054899281, "target_rescale": 4.28879074394733},
{"mapping": [2, 1, 3, 4, 0, 8, 14, 9, 5, 11, 13, 12, 7, 10, 6, 16], "R": [[-0.27402919472352916, 0.25187476260979, 0.9281525221640226], [0.8152432189831507, -0.45113516519391017, 0.3631192044321733], [0.51018280482702, 0.8561753130555245, -0.08171498622106849]], "T": [-0.07893954668511913, 0.02670238315998832, 0.0651218834583338], "aligned_model": [[-0.3728493761316424, -0.2760834689185282, -0.14606971710430008, 0.14578286837209917, 0.508551727662472, -0.09013733028844817, -0.4246263252300966, -0.3607341319418036, -0.2174412275151005, -0.6327033371263782, 0.3075943229771132, 0.07959602904031082, 0.5907723484552563, 0.2793913957647409, 0.48068780863233684, -0.041734028718432827], [-0.25218566358034455, 0.40734098423126397, -0.8314324055201402, -0.40652458427514704, 0.09171929888234273, 0.7073574657072984, -0.463150243454482, 0.008384207589001363, 0.50513597670423, 0.5516778321678437, -0.5083078297524892, -0.4422295521696766, -0.05782059872330436, 0.23803278431142094, 0.5189028422086902, 0.005600994505293808], [0.6626938865787362, 0.7331390318661941, 0.18078107233185542, 0.563224700882173, 0.5658275868557188, 0.19682338802438137, -0.16371788862065545, -0.5889452902526562, -0.4345256272167231, 0.12544992497782576, 0.03217335220845747, -0.4825448192829106, -0.15879334838281892, -0.626306931711461, 0.07607906576062884, 0.08600563939648102]], "inverted": true, "swapped": false, "error_lsq": 0.04541011646982293, "error_max": 0.30017549035576024, "target": "616.xyz", "model": "22.xyz", "model_rescale": 4.204369325754507, "target_rescale": 4.28879074394733},
{"mapping": [13, 11, 7, 9, 5, 10, 4, 12, 3, 14, 8, 0, 6, 1, 2, 15], "R": [[-0.34852056328799447, 0.08398746370198695, 0.9335306759321444], [-0.7962608612661394, 0.4988958440706713, -0.3421572410233613], [-0.4944714933958531, -0.8625827744106185, -0.10699953041464705]], "T": [-0.10551026855263307, -0.037912116085567465, 0.01038003268011154], "aligned_model": [[-0.6266483417384023, -0.15117421230708833, -0.15111607741052602, 0.018490044776694387, 0.5944007817700749, -0.025102201202597513, -0.3334363720211516, -0.520187844497851, -0.2840747596084517, -0.6487647454034486, 0.4828957065026232, 0.2039012877315891, 0.6149158260597707, 0.16941612526519706, 0.5685748306169236, -0.08209249060375712], [-0.09668777878776869, 0.27579160368010414, -0.6751816303184679, -0.323966024855038, -0.017743787683019263, 0.7168379321860513, -0.6429100595062475, 0.012852705572099304, 0.6444822909290694, 0.48725585966210727, -0.5101688830182022, -0.4234434138053049, -0.054790168187001886, 0.17941511033410198, 0.5073701238420678, -0.00661237121274879], [0.4302495070672214, 0.6574642484865143, 0.3060711305662722, 0.7116695096640965, 0.4586884119509862, 0.2148083680095065, -0.3312223801194531, -0.344027223311715, -0.4669889971941396, 0.18012140273120417, 0.06537194246296274, -0.46743202793814237, -0.18706572987507977, -0.5488191971284565, 0.07039537163705079, 0.018079406406398695]], "inverted": true, "swapped": false, "error_lsq": 0.04039017211957039, "error_max": 0.28309642408554136, "target": "616.xyz", "model": "23.xyz", "model_rescale": 4.410303926677745, "target_rescale": 4.28879074394733},
{"mapping": [14, 9, 13, 11, 1, 10, 6, 5, 4, 8, 7, 12, 0, 2, 3, 16], "R": [[-0.250936996496384, 0.016850022977105, 0.9678567561964141], [-0.07619161054872431, 0.9964026973120902, -0.03710125700273563], [-0.9650002395188125, -0.0830526430335757, -0.2487504697759829]], "T": [-0.08347375068103856, -0.0423268555913342, 0.12803327459185251], "aligned_model": [[-0.5263672551412204, -0.4966838396313714, -0.12521082105639744, 0.011225233886137928, 0.697312719004357, -0.02018040985490159, -0.5289283633394718, -0.32049178603071515, -0.13689524181221635, -0.495110798216031, 0.43505174258680157, 0.07517238171906813, 0.4775431225804012, 0.26924120369021176, 0.5034793430768377, 0.010840326468108952], [-0.40704266625096774, 0.20543606712802, -0.743876782026818, -0.10986754939874407, 0.1524503507203581, 0.5214113326766335, -0.5784659622253703, -0.01582815219226397, 0.5325476729487659, 0.669119939612579, -0.43895569223281766, -0.5386239558829651, -0.12668304668110358, 0.34869431908737775, 0.5756369655636331, 0.02654866798548497], [0.4871679445646927, 0.5283967845969546, 0.1445360472069825, 0.7502806880960969, 0.4259756821607763, 0.44737189482284, -0.17531987960104592, -0.45396526755845235, -0.24686643694747315, 0.13828344264947734, 0.2535234154717809, -0.48409124517541224, -0.3704944698988143, -0.6173448530012148, -0.15981697485335913, 0.0997269708813971]], "inverted": true, "swapped": false, "error_lsq": 0.04546358603546622, "error_max": 0.25361931543031385, "target": "616.xyz", "model": "24.xyz", "model_rescale": 4.28219845311461, "target_rescale": 4.28879074394733},
{"mapping": [8, 1, 6, 0, 4, 3, 10, 11, 9, 5, 2, 14, 13, 12, 7, 15], "R": [[0.8903499502785369, 0.354152650873223, -0.2860993986684969], [0.36835859110575986, -0.9296730557509537, -0.004467411920028981], [-0.2675610479826728, -0.1014096114288611, -0.9581895304751878]], "T": [0.034272070592447315, 0.04737339462664093, 0.02469648012678552], "aligned_model": [[-0.5804009402887966, -0.2744202004667817, -0.21355578933508984, 0.20698742984347335, 0.5210052626574228, 0.01564234253645362, -0.5274880413399918, -0.2941915361955093, -0.0651090823284141, -0.7455956350376053, 0.47518638380756073, 0.03188026716281049, 0.5407854094692134, 0.1254991440325915, 0.5583342995590361, 0.05543824385322629], [-0.17768634556309326, 0.20973429758257256, -0.75905049328152, -0.3654664682448997, 0.19742310503471444, 0.6717037898116753, -0.4565771765914587, 0.029977221672479994, 0.6419242967957012, 0.3848629517460665, -0.4727927524563853, -0.5679201222405481, 0.055508944922289256, 0.048727239662193125, 0.6200602045929522, 0.012072815389062505], [0.255935014910111, 0.5615627743065383, 0.3416491576921348, 0.7068158423639254, 0.5493148720788831, 0.48285566178800976, -0.22058747213769178, -0.4092229864001149, -0.28109151024063583, 0.08115745306201452, 0.08635499307320191, -0.4242498332250325, -0.2856170827387484, -0.7343131959697647, -0.029475501666438225, 0.08627555651883412]], "inverted": false, "swapped": false, "error_lsq": 0.04570358899337409, "error_max": 0.2825893931159502, "target": "616.xyz", "model": "25.xyz", "model_rescale": 4.100010024507729, "target_rescale": 4.28879074394733},
{"mapping": [6, 0, 3, 1, 11, 12, 10, 5, 9, 8, 7, 15], "R": [[-0.30206654508824515, -0.6253321585176194, -0.7195244914957004], [-0.7538405202048178, -0.3053109532895659, 0.5818158573799328], [-0.5835068743689151, 0.7181538228855373, -0.37917649483994603]], "T": [-0.013037001388444044, 0.1853899644945689, 0.00398656008023382], "aligned_model": [[-0.6864340782365594, -0.02343345509391098, 0.37547460603048405, 0.5144416372373785, -0.6568054847245397, -0.04092539051898955, -0.12311277896516096, 0.6499074078029171, 0.1906404287746452, 0.016356387583427227, -0.3478925165433692, 0.008548839016684951], [-0.2450641027091942, -0.5660863546933493, -0.29486807067262877, -0.3884798291289091, 0.5198403827124212, 0.7289553342671398, 0.21857749087125766, 0.16975235156671864, -0.2470096843834123, 0.5079960301858877, 0.031164749866174457, 0.23135309216853395], [0.1014557963312945, 0.03495066510429956, 0.512245462749147, -0.07842611426563509, 0.13627324061579332, 0.3338906857186583, 0.5559280093276427, -0.3720066226963342, -0.6520822704314819, -0.5312045362318124, -0.4710608982171053, -0.004771128150109839]], "inverted": true, "swapped": true, "error_lsq": 0.04545838112046066, "error_max": 0.2259636392556557, "target": "616.xyz", "model": "26.xyz", "model_rescale": 3.6694154284099745, "target_rescale": 4.28879074394733},
