[{"mapping": [8, 9, 3, 10, 7, 0, 5, 2, 7, 6, 1, 11], "R": [[0.9164821922202708, 0.14858661175188198, 0.3714598365250576], [0.2631009081585355, 0.47561706397490866, -0.8393844891240497], [-0.30139393402867437, 0.8670123570422646, 0.3968012969569732]], "T": [-0.014459938250210054, -0.2191870891525615, -0.13440104020651034], "aligned_model": [[-0.5960533665935286, -0.37142065459983453, 0.013771324107611204, 0.33702767775108156, 0.09106630647698691, 0.4341696144257251, 0.6315197349033183, -0.1622526988514613, 0.09106630647698691, -0.5601530163246701, -0.09504521865750477, 0.04144122085880369], [-0.46854644373142995, -0.0496128199509602, -0.5420878086832053, 0.1458308068846614, 0.7108791999974037, -0.40261854917913503, 0.2075004803258628, -0.6758903044998626, 0.7108791999974037, 0.2436404195657685, 0.022026522503492463, -0.21594678931192288], [-0.08270493703532822, -0.5961152793586845, -0.7418305718718728, -0.5871479201904066, 0.008582243175155435, 0.2501452092093581, 0.16448742135559896, 0.5123830958015716, 0.008582243175155435, -0.019665478281873205, 0.526811910099573, -0.09320860455002322]], "inverted": true, "swapped": false, "error_lsq": 0.06228164322729674, "error_max": 0.4501568330943497, "target": "617.xyz", "model": "0.xyz", "model_rescale": 3.751011558992144, "target_rescale": 3.8318706724889284},
{"mapping": [11, 9, 10, 5, 13, 8, 2, 6, 3, 12, 0, 14], "R": [[-0.9308153903157197, -0.1578046642738637, -0.32966710039797353], [-0.0338852903265361, 0.9353626660835292, -0.3520631619419996], [0.36391550702172715, -0.3165349440907361, -0.8759972219810939]], "T": [0.03107018954916707, -0.160112619323827, 0.020764548666225867], "aligned_model": [[-0.7023672349782727, -0.1641681622112927, -0.055051175723203366, 0.3873759704682393, 0.042752197591953055, 0.6772052302055407, 0.6072830812014011, -0.462127277479787, -0.0797294690642362, -0.5842458007154284, 0.20149356456841966, -0.01328369388981928], [-0.3493997195682519, 0.00023475834500963355, -0.6998484235307475, 0.051963984925737255, 0.49648634407710257, -0.31147682100322127, 0.42667417390944906, -0.6673916197900838, 0.5200041619424526, 0.2558402340008752, 0.10111449876732884, -0.13814765815757435], [-0.23017553762986362, -0.5878078182802863, -0.5905636121685196, -0.44630691418420776, -0.2894668653612573, 0.016685354405250395, 0.10677655229878677, 0.27206122487249784, 0.3502649113426937, 0.03932687645532956, 0.7122996414274839, -0.002774481649683795]], "inverted": false, "swapped": false, "error_lsq": 0.04989091651768334, "error_max": 0.2379470241432379, "target": "617.xyz", "model": "1.xyz", "model_rescale": 3.9405287249114394, "target_rescale": 3.8318706724889284},
{"mapping": [10, 11, 5, 0, 6, 2, 1, 8, 7, 3, 4, 12], "R": [[-0.19620634771308687, 0.7529872500589063, -0.6281029138332489], [0.675045816196935, 0.5683220674465964, 0.4704499693785096], [0.7112075752915638, -0.3316929738507477, -0.6198092899803471]], "T": [-0.015159523515577773, -0.03298753469323074, -0.04490572773014631], "aligned_model": [[-0.8185720342903764, -0.3120832201014894, 0.24882838759964346, 0.5511308324283426, -0.0732750716344407, 0.5269327183135163, 0.6776235012236349, -0.40478563903063614, -0.10918364749129957, -0.4764463536561621, -0.0006256708902242676, 0.045593427503005435], [-0.289663214447657, -0.15880776834826604, -0.4792926904121562, 0.19593463763235724, 0.3878914150589879, -0.4451107222223266, 0.20591692578789025, -0.5423187276450863, 0.7023618385923671, 0.21574288067633346, -0.0192768848877126, -0.08732377586665478], [-0.05644055609939874, -0.6802165778231795, -0.5540210104908161, -0.6192225915418585, -0.3837850367942103, -0.0663558366150819, 0.255431868573876, 0.3903677450483457, 0.23675118497610662, 0.18345214793396777, 0.6560197369895949, -0.011661742629122576]], "inverted": false, "swapped": false, "error_lsq": 0.05178650410183147, "error_max": 0.2459191538061035, "target": "617.xyz", "model": "2.xyz", "model_rescale": 3.932901565614263, "target_rescale": 3.8318706724889284},
{"mapping": [12, 6, 10, 1, 2, 3, 0, 9, 4, 5, 7, 13], "R": [[-0.06114293144355404, 0.7965698011125282, -0.6014466675358977], [-0.2828850589776626, -0.5916963945813234, -0.7548982845699594], [-0.9572030011140238, 0.12398358195749348, 0.2615157472568264]], "T": [0.12301316666684471, -0.1838630896759729, 0.0013513729844751507], "aligned_model": [[-0.5595727334890636, -0.32923463413136783, -0.0925153078052761, 0.5366147444309641, 0.14479604798976403, 0.5846995097253995, 0.5735144846745284, -0.39004335298502313, -0.04900194179129856, -0.5552695025932545, -0.026242482237029283, 0.0173923981851707], [-0.4160562225010974, 0.09875544071652978, -0.47976416719218684, -0.0008228756305571905, 0.5505048978984749, -0.28843467550976754, 0.31055825422828087, -0.5240136505981993, 0.6461211017272858, 0.015984546489534124, -0.03006430554167075, -0.19671443016854986], [-0.25022892858291285, -0.42560407391100713, -0.6143884010416116, -0.5853330701579974, -0.39162320391004524, 0.19265213657584926, 0.04067600023329373, 0.4024293491136223, 0.21292511667822264, 0.1309400629042406, 0.6823882534955356, -0.04451390986896588]], "inverted": false, "swapped": false, "error_lsq": 0.05123467916062982, "error_max": 0.29003278846785224, "target": "617.xyz", "model": "3.xyz", "model_rescale": 3.9243930471874484, "target_rescale": 3.8318706724889284},
{"mapping": [1, 0, 5, 6, 3, 11, 10, 9, 4, 7, 8, 12], "R": [[-0.11588676600592551, -0.22924994305592386, 0.966444370397771], [0.9752442066940028, -0.21075223068935695, 0.0669494926735491], [0.18833213951546718, 0.950277833514134, 0.24799807329334408]], "T": [0.02190318118120433, -0.0073928137008461015, 0.004761460800328458], "aligned_model": [[-0.5902190584317772, -0.4374027449455303, -0.050658089143256944, 0.5228494987201927, 0.1698550960453445, 0.5885849971927722, 0.5934384280318389, -0.012981938434612199, -0.14571877115217888, -0.7020590296877242, -0.0626487870032674, -0.0179023712182868], [-0.3521549297718958, 0.0735442191830821, -0.4233879791096289, -0.07000039530972753, 0.4849768976978818, -0.5534874830205098, 0.27094860755162403, -0.5614067864238447, 0.5371936404735839, 0.26971251352753933, 0.06685142672502635, -0.056735817605054896], [-0.12410182751672694, -0.7064414752828971, -0.6239721745177632, -0.5116197863474791, -0.4295606184793712, 0.08714114840593276, 0.3097224982156873, 0.44012215980053165, 0.17118184556656701, 0.2097251497005798, 0.6241766094332504, -0.09605419745008781]], "inverted": false, "swapped": false, "error_lsq": 0.048384090700186115, "error_max": 0.2746192493684587, "target": "617.xyz", "model": "4.xyz", "model_rescale": 3.8936222436046832, "target_rescale": 3.8318706724889284},
{"mapping": [7, 4, 10, 2, 1, 3, 0, 8, 1, 6, 9, 11], "R": [[-0.2673654366783592, 0.2152579964966555, 0.9392442271390525], [0.7249261368189588, 0.6870894879003121, 0.048888973947374126], [-0.6348210924556071, 0.6939539109776186, -0.3397501287892866]], "T": [-0.08414703452285742, -0.13195150122211544, -0.0390463383400981], "aligned_model": [[-0.6590471938215852, -0.1790715872373448, -0.018431720331672022, 0.45526229094436, 0.05204967917636662, 0.425191750346964, 0.6739551322635605, -0.061442570316576586, 0.05204967917636662, -0.7181078565760819, -0.007246141185466626, -0.16002423246537673], [-0.420957407633647, 0.03475296755410395, -0.6021653633219336, -0.0018341436580757986, 0.6582435852896501, -0.3649179746912188, 0.2503386985464352, -0.7411999270175912, 0.6582435852896501, 0.23780804321214724, -0.006350701777612627, -0.01590744787383154], [-0.11463020094053475, -0.8096458116651476, -0.4562367275570496, -0.5383113158657359, -0.05133241140040133, 0.08972732662247124, 0.20965753547709948, 0.3782828953611419, -0.05133241140040133, 0.27076034898133716, 0.5612424551618884, -0.1378623512464437]], "inverted": true, "swapped": false, "error_lsq": 0.05570412702688334, "error_max": 0.3736623209707705, "target": "617.xyz", "model": "5.xyz", "model_rescale": 3.6523030999806103, "target_rescale": 3.8318706724889284},
{"mapping": [5, 3, 1, 2, 4, 6, 10, 8, 11, 7, 9, 12], "R": [[-0.11153368408198294, 0.9935310592746124, 0.021360514314192447], [0.8824573212399164, 0.1089030418440547, -0.4576125038361417], [-0.4569784606577987, -0.032189466192816235, -0.8888951146007329]], "T": [-0.022210545828350386, -0.08828030646561856, -0.05365533743526385], "aligned_model": [[-0.5664800258527314, -0.37529558008130925, 0.022274813798115384, 0.4577286600481838, 0.22896392968035564, 0.49852009962713895, 0.6229190806885087, -0.06562126489801319, -0.1859717632472923, -0.6134379873542058, -0.04850297228641635, -0.11995976014881995], [-0.49724649547430355, 0.21723678547218672, -0.519911163082031, -0.012829986273871871, 0.37858794554619996, -0.4677965917246633, 0.19788035405294857, -0.6016990548100066, 0.7443981075137533, 0.24346674206328894, 0.08557028915591637, -0.08160301852134123], [-0.03313901835881561, -0.5680782841128328, -0.5959566580946628, -0.6369024909256881, -0.27292006337920793, 0.03255049867108174, 0.27889974526351, 0.38018772288128366, 0.17957829157916905, 0.03126855717828564, 0.6475918043725486, -0.09276077354644782]], "inverted": false, "swapped": false, "error_lsq": 0.05288382985648816, "error_max": 0.25462446488728246, "target": "617.xyz", "model": "6.xyz", "model_rescale": 4.08911054899281, "target_rescale": 3.8318706724889284},
{"mapping": [2, 13, 1, 11, 12, 8, 10, 3, 5, 7, 4, 14], "R": [[-0.7412674805490317, -0.04178444753750943, 0.6699078908510304], [0.18378462504316545, 0.9472828669514813, 0.26244691192301245], [-0.6455584666614126, 0.31766213171255947, -0.6945106451290711]], "T": [-0.013816826768463094, -0.09824246885980335, -0.045568176515495606], "aligned_model": [[-0.7362368512612711, -0.27727873413298276, -0.13031059936647596, 0.3906255821337713, 0.10982231530386456, 0.5458276776908024, 0.5767100912620202, -0.0380022955839703, -0.061700496184484324, -0.6770777616051963, 0.07331363543092333, 0.07944466628651345], [-0.3271627459849885, 0.17642373116337468, -0.5862816158663042, -0.031774908141122465, 0.5280390799589476, -0.2776667519791198, 0.30862211001943385, -0.6840570763928453, 0.5336614615746471, 0.2938538975373063, -0.03392658104903555, -0.21367668692221747], [-0.3209667208544106, -0.6709007474601892, -0.5805383166078606, -0.46573417253447735, -0.36256455215408623, 0.3004866291737859, 0.025241936016705324, 0.48611570039338314, 0.3774044070972944, 0.029494039779635717, 0.6509382763148346, -0.11865714763639118]], "inverted": false, "swapped": false, "error_lsq": 0.05193947550243558, "error_max": 0.24278820536151197, "target": "617.xyz", "model": "7.xyz", "model_rescale": 3.964800864290218, "target_rescale": 3.8318706724889284},
{"mapping": [1, 8, 5, 10, 9, 6, 11, 0, 12, 7, 4, 13], "R": [[-0.6899187248995586, 0.589043097246743, 0.4207616696170547], [0.6799408192016737, 0.32788098925440984, 0.6558769238728458], [0.2483800221763503, 0.7385948053374828, -0.6267256801122498]], "T": [-0.02515341605621549, -0.14457916315775768, 0.039374983735177595], "aligned_model": [[-0.7230840254739052, -0.31640860150890415, -0.01838664319983374, 0.4867471786053442, 0.1622727001893315, 0.43799094276156714, 0.6372802227539844, -0.19422943849574767, -0.13392370697992403, -0.6499407797420883, 0.1976124862752606, -0.030793105211570644], [-0.3879590263097812, 0.17607883077531403, -0.4291821903696268, -0.09058311391606885, 0.40343877829322183, -0.3156523344172833, 0.3313732234279231, -0.7722618412182228, 0.5946871454092842, 0.19562022902807294, 0.09716023099384868, -0.11666601777860594], [-0.09015878723729678, -0.5957678736449703, -0.7467713452999016, -0.6010750305974498, -0.33265258726669833, 0.3439026444640722, 0.1869701204089602, 0.3403519377060964, 0.15041230232041997, 0.06691202599757688, 0.6614929894925258, -0.03329706481511099]], "inverted": false, "swapped": false, "error_lsq": 0.045600227106812684, "error_max": 0.2279579709921994, "target": "617.xyz", "model": "8.xyz", "model_rescale": 4.121658175737393, "target_rescale": 3.8318706724889284},
{"mapping": [11, 8, 2, 1, 6, 0, 4, 10, 9, 7, 5, 12], "R": [[-0.6799526759706926, -0.31237132837906134, -0.6633916728803542], [0.031389421426537695, -0.9162910725464777, 0.39928107217113695], [-0.7325838263726556, 0.2506687526963146, 0.6328397220140913]], "T": [-0.08771975095402283, -0.08510207354880509, -0.06569012180097174], "aligned_model": [[-0.6574601476769089, -0.47958380429957903, 0.11883449849127266, 0.5320249672793359, -0.008765310179375582, 0.5650398948714328, 0.6645267258508014, -0.21813127757254774, -0.027028859897734667, -0.6365842990256131, 0.009817147109267718, -0.007552304976837357], [-0.3643617067923036, 0.07236672581929812, -0.43154154641342424, -0.039186774867311536, 0.47319143036022393, -0.46833109971844444, 0.29276007878402044, -0.6521026574867044, 0.709880470028145, 0.23962849096521574, -0.07102616064334079, -0.07522333611729803], [-0.08671420647210835, -0.6591540875549663, -0.63107625935323, -0.3635826951934192, -0.4685010077870815, 0.14847010187553994, 0.21622005837678981, 0.4221459184158942, 0.17412061229086018, 0.15455673664150282, 0.5442330934219326, -0.10039893313349092]], "inverted": false, "swapped": false, "error_lsq": 0.03644271765923943, "error_max": 0.19172969829864778, "target": "617.xyz", "model": "9.xyz", "model_rescale": 3.833441315466971, "target_rescale": 3.8318706724889284},
{"mapping": [5, 2, 3, 9, 8, 7, 11, 6, 10, 0, 12, 14], "R": [[0.4345635371804967, 0.9006380007350829, 0.002392443330236249], [0.5961133040698465, -0.28961766848229714, 0.7488461356071816], [0.6751321802907236, -0.3239950581950156, -0.6627395728346867]], "T": [-0.10250475940022885, -0.08336920553993085, 0.0499000379024974], "aligned_model": [[-0.700180628577952, -0.2795643913296889, 0.16838431276787824, 0.28633513632346225, 0.2676205634845763, 0.5292657628698542, 0.48631584694985874, -0.1294654435082399, -0.03897121815517586, -0.6520363034814061, -0.022992557211771403, -0.05957385015788173], [-0.2774235255945458, -0.0696585267860185, -0.6287319208816613, 0.020498430193446465, 0.5026440114923847, -0.2535265038487299, 0.18325211163456115, -0.6290718987823523, 0.7163235080350563, 0.27169490961658926, -0.04533400124782025, -0.1046126799128338], [-0.20022328715497287, -0.6465998967398154, -0.5693902567434215, -0.6543195132841069, -0.3066881239868104, -0.07590329196063925, 0.2679377589720978, 0.4532748761674932, 0.2293692456006615, 0.23902306106874543, 0.6459295591918143, -0.032090799602822066]], "inverted": false, "swapped": false, "error_lsq": 0.04539869325208384, "error_max": 0.25551481796715997, "target": "617.xyz", "model": "10.xyz", "model_rescale": 4.2482417240324, "target_rescale": 3.8318706724889284},
{"mapping": [6, 5, 4, 9, 7, 10, 8, 0, 3, 2, 1, 11], "R": [[-0.14924414541101985, 0.011894753448245254, -0.9887288303174637], [0.9817299976285978, -0.11758137210725805, -0.14960224827698354], [-0.11803557436928952, -0.9929920119385554, 0.005870895121864228]], "T": [-0.050090430808430564, -0.014973895778506899, -1.7570974388203542e-05], "aligned_model": [[-0.5896051460246653, -0.32604127024639196, -0.11282818662318089, 0.5384640323460604, 0.11406508441761992, 0.5181133801376013, 0.43361129377429264, 0.06628558682755727, 0.029466768593832002, -0.6656304419960678, -0.1450280370577588, -0.0057358341753847575], [-0.3543428346937231, -0.0199124137715437, -0.653257495035351, -0.0270312185718187, 0.5168533932141867, -0.31830420250935887, 0.21257854273817506, -0.6560520142725423, 0.7375085132576003, 0.3605957306887879, -0.0520581108493693, -0.06052397627696685], [-0.11932697340220132, -0.6985967830720907, -0.5954145823435277, -0.5768790508869341, -0.38572335029186705, -0.011744325830945602, 0.30182735330896815, 0.38639534863517644, 0.2924076375255472, 0.1667614345599346, 0.6990948417822638, -0.10848221845610005]], "inverted": false, "swapped": false, "error_lsq": 0.05058620859850693, "error_max": 0.30832177599225397, "target": "617.xyz", "model": "11.xyz", "model_rescale": 3.6694154284099745, "target_rescale": 3.8318706724889284},
{"mapping": [5, 6, 0, 4, 11, 2, 8, 12, 9, 7, 10, 13], "R": [[-0.5831642154555494, -0.7240113379109134, 0.3684115638637891], [-0.5411351828485367, 0.007975291026780407, -0.8408977991507166], [0.605881351170008, -0.6897419642949726, -0.39643891205949794]], "T": [0.02198976540871378, -0.0801756683553335, -0.07288089917511047], "aligned_model": [[-0.7144370104725137, -0.2925287592292254, -0.05746681369790679, 0.45643456718226405, 0.1378881584991751, 0.5100743848949502, 0.5925573633579265, -0.13862536807595743, -0.019092338888964278, -0.5982157278723851, -0.07102362594813506, 0.049572400224285953], [-0.3703628286487551, 0.058455278755282516, -0.5903408159925049, -0.08548467483342186, 0.5783770126347746, -0.2710590701990627, 0.3549211898295487, -0.6277281008519096, 0.629078339848433, 0.2044383116077801, -0.024634139806288993, -0.16960658842579956], [-0.20718580691381594, -0.5220071527124177, -0.5670023807952428, -0.6719703569461919, -0.38577797130405217, 0.3165423981683563, 0.1674130697030114, 0.29611451113411363, 0.3012277474015959, 0.22123701422536463, 0.5530523520132057, -0.15132409244570333]], "inverted": true, "swapped": false, "error_lsq": 0.039031894687797615, "error_max": 0.1988366693417588, "target": "617.xyz", "model": "12.xyz", "model_rescale": 3.9764082729961374, "target_rescale": 3.8318706724889284},
{"mapping": [4, 7, 3, 8, 2, 11, 10, 6, 1, 9, 12, 15], "R": [[-0.5103172398497889, -0.28506827352942166, 0.811364526054133], [-0.3562468298264242, -0.7886317379265092, -0.5011468628791728], [0.7827288872596411, -0.5447899240642841, 0.3008977030276499]], "T": [-0.1173822467559157, -0.08833624374656882, 0.06829032757144834], "aligned_model": [[-0.7094447929714385, -0.3742018738618189, 0.23797344008210908, 0.41227165579078695, -0.0785072274238275, 0.6250499351533161, 0.5945670972086373, -0.3701232003424142, 0.11124607023731324, -0.48287282919745483, 0.031183162774143028, -0.14200420747583767], [-0.37558136825410815, -0.04727522777189838, -0.48157586969318633, 0.09547973291666914, 0.5198301027948388, -0.36148852082820593, 0.2443886695357179, -0.75977137599349, 0.5005817192974815, 0.34033629769413676, 0.17466315710550703, -0.16353340288538587], [-0.21948719343161396, -0.6412104624374866, -0.5855662161220834, -0.3622108534826073, -0.4463764983582261, -0.0004627635592370227, 0.2373144757515309, 0.33088446167192365, 0.133308046186344, 0.27842269746940845, 0.6304052350333329, -0.00470159719306204]], "inverted": false, "swapped": false, "error_lsq": 0.049966155570984626, "error_max": 0.274968526127768, "target": "617.xyz", "model": "13.xyz", "model_rescale": 4.170626492500431, "target_rescale": 3.8318706724889284},
{"mapping": [3, 11, 5, 12, 10, 4, 8, 2, 7, 1, 0, 13], "R": [[0.6875471819094567, 0.7243767957075045, -0.05056807776545484], [0.604815107714749, -0.532742099097691, 0.591932885831648], [0.4018427032165215, -0.43756612493372316, -0.8043993586410448]], "T": [-0.07449791310723115, -0.06870586674448192, -0.03240715308033068], "aligned_model": [[-0.7089735467922034, -0.3571127292157743, 0.21501349757461125, 0.49591208556992866, 0.06306855472808724, 0.5312586067945178, 0.5704026849775206, -0.14053322741558072, 0.050615989090652416, -0.6329615986340341, -0.14295792164400273, -0.08859516506020856], [-0.3341469146357256, -0.12326724105967846, -0.5072447758281526, 0.0012365581639172674, 0.40461032285873494, -0.3981595362418877, 0.27247843625709073, -0.5644720555371565, 0.6428404285765259, 0.3559035046427465, 0.048599480308467474, -0.11232429358680548], [-0.08195838701385735, -0.6780166118709505, -0.7747592236377856, -0.48566934187753064, -0.3069532449513228, 0.13367249300622866, 0.1063472442560578, 0.39512926706481666, 0.3356664590960592, 0.2816623672066738, 0.5484638216738007, -0.12326551142396656]], "inverted": false, "swapped": false, "error_lsq": 0.044412373419663996, "error_max": 0.24444131057822496, "target": "617.xyz", "model": "14.xyz", "model_rescale": 3.9786697098870705, "target_rescale": 3.8318706724889284},
{"mapping": [6, 1, 10, 4, 0, 8, 2, 7, 3, 9, 8, 11], "R": [[-0.5172794226436802, -0.6693881150471097, 0.5332368613881625], [-0.2960928948740157, 0.7245758232690671, 0.6223494789417588], [-0.802963882447116, 0.16404093320763294, -0.5730092283007516]], "T": [-0.014023439395514392, -0.08689245806609629, -0.08153899062832173], "aligned_model": [[-0.781079031583731, -0.2904983110964041, 0.09309029559495782, 0.497313519456758, 0.009789580839126377, 0.20050210114726877, 0.6819091914627419, -0.1703374034262821, -0.01833423999727158, -0.4537418710734191, 0.20050210114726877, -0.11397870249749925], [-0.2661476746012071, -0.12842036216435082, -0.7146283065275413, -0.13396033605910057, 0.5504641063638998, -0.06445757151554408, 0.40315973428040713, -0.6970734153921739, 0.6567828776423248, 0.22290980551300582, -0.06445757151554408, -0.0781173721060994], [-0.16429753484975537, -0.7000122479252922, -0.617071754172876, -0.41505639566753816, -0.35905500084041786, 0.39354373305491763, 0.0898495689377258, 0.11876365377837514, 0.45890309170779375, 0.2316455019207392, 0.39354373305491763, -0.08043701747036552]], "inverted": true, "swapped": false, "error_lsq": 0.06456351099446243, "error_max": 0.4807240480579909, "target": "617.xyz", "model": "15.xyz", "model_rescale": 3.769337070930944, "target_rescale": 3.8318706724889284},
{"mapping": [1, 2, 9, 0, 4, 3, 8, 5, 10, 7, 11], "R": [[0.7149900072656381, 0.6667911999345976, 0.2101875001042223], [-0.65890374608521, 0.5421603366376211, 0.5214480058182775], [0.23374161568954707, -0.5113234446676203, 0.8269904425252321]], "T": [0.10374910424774109, 0.07996076303070043, 0.030353382850709605], "aligned_model": [[-0.2548179648250791, -0.39557006678905965, -0.09908075370855407, -0.6270525838811095, 0.4132954003698427, 0.33105781178853977, 0.5497549301152473, 0.2416830455327339, 0.26790178954074895, -0.45290132583837217, -0.051644151613767314], [-0.046175382763989054, -0.6315298382860799, 0.7588772062078613, 0.2688151181250093, 0.11429928849921253, -0.4706940642731703, 0.6083431421421502, -0.3604528863728725, 0.35466859242603116, 0.04443765600202734, -0.044524334080837974], [-0.5677890439718751, -0.17254950293499433, -0.0628680514413002, -0.10017482796530841, -0.5532680190951607, -0.3004965801650063, -0.17643795282927188, 0.44096675324265944, 0.5938496876375361, 0.6154412790959819, 0.027543865650516676]], "inverted": false, "swapped": true, "error_lsq": 0.046236770989738975, "error_max": 0.26635645061193436, "target": "617.xyz", "model": "16.xyz", "model_rescale": 3.7852294659196426, "target_rescale": 3.8318706724889284},
{"mapping": [1, 7, 2, 11, 6, 8, 9, 3, 10, 4, 0, 12], "R": [[-0.9322116787898237, -0.3414463197384816, 0.11998248482551759], [0.35652236723570074, -0.9234003691129044, 0.14220956361231318], [0.06223493864792652, 0.17534585555181775, 0.9825378584829646]], "T": [-0.07237241664727885, -0.07324395014087066, -0.047454180903781], "aligned_model": [[-0.6538650885561382, -0.20019686284546845, -0.034305704310999906, 0.4846867684956537, -0.13489328091823316, 0.5064688510822477, 0.6406005414324829, -0.2247719180575068, 0.08225277212270841, -0.5730570205028926, -0.031106501132126256, -0.006675326836213136], [-0.4154407461214917, 0.020811772151024976, -0.5451101419110166, 0.008079339489095741, 0.6474006707342933, -0.3357817456307106, 0.23395834425617906, -0.7609411717332584, 0.70754791577345, 0.21742142108990697, -0.08268862275551374, -0.009203121423882757], [-0.18537364865203776, -0.7302729249601355, -0.4347270091612201, -0.5175644458894821, -0.5614149846976976, 0.09475202136981561, 0.33275378439419134, 0.32179139394658957, 0.07788610950205585, 0.36073113793904044, 0.6336882991359095, -0.04193040139880537]], "inverted": true, "swapped": false, "error_lsq": 0.04635647026706377, "error_max": 0.28355207644841274, "target": "617.xyz", "model": "17.xyz", "model_rescale": 3.901054581598922, "target_rescale": 3.8318706724889284},
{"mapping": [11, 9, 10, 5, 13, 8, 2, 6, 3, 12, 0, 14], "R": [[-0.9308153903157197, -0.1578046642738637, -0.32966710039797353], [-0.0338852903265361, 0.9353626660835292, -0.3520631619419996], [0.36391550702172715, -0.3165349440907361, -0.8759972219810939]], "T": [0.03107018954916707, -0.160112619323827, 0.020764548666225867], "aligned_model": [[-0.7023672349782727, -0.1641681622112927, -0.055051175723203366, 0.3873759704682393, 0.042752197591953055, 0.6772052302055407, 0.6072830812014011, -0.462127277479787, -0.0797294690642362, -0.5842458007154284, 0.20149356456841966, -0.01328369388981928], [-0.3493997195682519, 0.00023475834500963355, -0.6998484235307475, 0.051963984925737255, 0.49648634407710257, -0.31147682100322127, 0.42667417390944906, -0.6673916197900838, 0.5200041619424526, 0.2558402340008752, 0.10111449876732884, -0.13814765815757435], [-0.23017553762986362, -0.5878078182802863, -0.5905636121685196, -0.44630691418420776, -0.2894668653612573, 0.016685354405250395, 0.10677655229878677, 0.27206122487249784, 0.3502649113426937, 0.03932687645532956, 0.7122996414274839, -0.002774481649683795]], "inverted": false, "swapped": false, "error_lsq": 0.04989091651768334, "error_max": 0.2379470241432379, "target": "617.xyz", "model": "18.xyz", "model_rescale": 3.9405287249114394, "target_rescale": 3.8318706724889284},
{"mapping": [13, 9, 7, 8, 5, 0, 6, 12, 2, 10, 1, 15], "R": [[-0.468119770385207, -0.22106724942351894, -0.8555659833156186], [0.8815814662103795, -0.05038548555954325, -0.4693350842194592], [0.060646508628765916, -0.9739561458696429, 0.21847523180876197]], "T": [-0.13422650441894798, -0.18919340646322447, 0.018617249562754075], "aligned_model": [[-0.6581680334191963, -0.2545571714917256, 0.03785204654868532, 0.48460290157683694, 0.08209956528890847, 0.5276636288816366, 0.4478143590770618, -0.25159640950803186, -0.026865264709249798, -0.6056791538123694, 0.2122119997655003, -0.14024123822454265], [-0.46945163286916064, -0.018288513216233482, -0.48320972377777766, 0.0031648777916916115, 0.5003270125498037, -0.33918819658454913, 0.27371728224244785, -0.5925757715058774, 0.6455665592431984, 0.3686255705806274, -0.05136149650992633, -0.15127205402616828], [-0.2948639238634155, -0.7198418860585679, -0.5974744046503268, -0.37166548422054574, -0.3925120075909023, 0.12851389342299918, 0.0909054442772412, 0.3702506313133611, 0.2353536029390511, 0.30926209327445764, 0.5631373606665651, 0.029254012018306522]], "inverted": false, "swapped": false, "error_lsq": 0.04284879775200994, "error_max": 0.2854694785098336, "target": "617.xyz", "model": "19.xyz", "model_rescale": 4.410303926677745, "target_rescale": 3.8318706724889284},
{"mapping": [1, 8, 5, 10, 9, 6, 11, 0, 12, 7, 4, 13], "R": [[-0.6899187248995586, 0.589043097246743, 0.4207616696170547], [0.6799408192016737, 0.32788098925440984, 0.6558769238728458], [0.2483800221763503, 0.7385948053374828, -0.6267256801122498]], "T": [-0.02515341605621549, -0.14457916315775768, 0.039374983735177595], "aligned_model": [[-0.7230840254739052, -0.31640860150890415, -0.01838664319983374, 0.4867471786053442, 0.1622727001893315, 0.43799094276156714, 0.6372802227539844, -0.19422943849574767, -0.13392370697992403, -0.6499407797420883, 0.1976124862752606, -0.030793105211570644], [-0.3879590263097812, 0.17607883077531403, -0.4291821903696268, -0.09058311391606885, 0.40343877829322183, -0.3156523344172833, 0.3313732234279231, -0.7722618412182228, 0.5946871454092842, 0.19562022902807294, 0.09716023099384868, -0.11666601777860594], [-0.09015878723729678, -0.5957678736449703, -0.7467713452999016, -0.6010750305974498, -0.33265258726669833, 0.3439026444640722, 0.1869701204089602, 0.3403519377060964, 0.15041230232041997, 0.06691202599757688, 0.6614929894925258, -0.03329706481511099]], "inverted": false, "swapped": false, "error_lsq": 0.045600227106812684, "error_max": 0.2279579709921994, "target": "617.xyz", "model": "20.xyz", "model_rescale": 4.121658175737393, "target_rescale": 3.8318706724889284},
{"mapping": [5, 3, 1, 2, 4, 6, 10, 8, 11, 7, 9, 12], "R": [[-0.11153368408198294, 0.9935310592746124, 0.021360514314192447], [0.8824573212399164, 0.1089030418440547, -0.4576125038361417], [-0.4569784606577987, -0.032189466192816235, -0.8888951146007329]], "T": [-0.022210545828350386, -0.08828030646561856, -0.05365533743526385], "aligned_model": [[-0.5664800258527314, -0.37529558008130925, 0.022274813798115384, 0.4577286600481838, 0.22896392968035564, 0.49852009962713895, 0.6229190806885087, -0.06562126489801319, -0.1859717632472923, -0.6134379873542058, -0.04850297228641635, -0.11995976014881995], [-0.49724649547430355, 0.21723678547218672, -0.519911163082031, -0.012829986273871871, 0.37858794554619996, -0.4677965917246633, 0.19788035405294857, -0.6016990548100066, 0.7443981075137533, 0.24346674206328894, 0.08557028915591637, -0.08160301852134123], [-0.03313901835881561, -0.5680782841128328, -0.5959566580946628, -0.6369024909256881, -0.27292006337920793, 0.03255049867108174, 0.27889974526351, 0.38018772288128366, 0.17957829157916905, 0.03126855717828564, 0.6475918043725486, -0.09276077354644782]], "inverted": false, "swapped": false, "error_lsq": 0.05288382985648816, "error_max": 0.25462446488728246, "target": "617.xyz", "model": "21.xyz", "model_rescale": 4.08911054899281, "target_rescale": 3.8318706724889284},
{"mapping": [14, 15, 2, 1, 11, 0, 6, 13, 5, 9, 7, 16], "R": [[-0.6314039317118072, -0.42743218289513485, -0.6470168498921581], [-0.4987638759968792, 0.8627343270001989, -0.08321103902778401], [0.5937707226021177, 0.2701688546835363, -0.7579215783572499]], "T": [-0.04098049305098548, -0.04507666816645639, -0.01311661046983776], "aligned_model": [[-0.6441239730795788, -0.3492057731669659, 0.026014636173118354, 0.48981403968162873, -0.006675903055110767, 0.6276876243513444, 0.539561456429569, -0.15297699180195926, -0.1660650821405104, -0.6174630517055951, 0.12812443572904658, -0.0195541874414729], [-0.2416890847097003, -0.01584741412010119, -0.48751352150054145, -0.004085990651228402, 0.5122041095322705, -0.3997968557344808, 0.20124662644826835, -0.5778097055179043, 0.6337800487631985, 0.3389177337249225, -0.19029464474167462, -0.08305738757495254], [-0.10998810321712305, -0.6731543709801683, -0.5796985664526695, -0.6018230820191554, -0.5367141278160953, 0.15161327595215868, 0.384199394713484, 0.361559598022324, 0.13261072876327498, 0.1535080289015207, 0.6622436269969034, 0.005962928663769199]], "inverted": false, "swapped": false, "error_lsq": 0.04134461157976967, "error_max": 0.2482395118193059, "target": "617.xyz", "model": "22.xyz", "model_rescale": 4.204369325754507, "target_rescale": 3.8318706724889284},
{"mapping": [13, 9, 7, 8, 5, 0, 6, 12, 2, 10, 1, 15], "R": [[-0.468119770385207, -0.22106724942351894, -0.8555659833156186], [0.8815814662103795, -0.05038548555954325, -0.4693350842194592], [0.060646508628765916, -0.9739561458696429, 0.21847523180876197]], "T": [-0.13422650441894798, -0.18919340646322447, 0.018617249562754075], "aligned_model": [[-0.6581680334191963, -0.2545571714917256, 0.03785204654868532, 0.48460290157683694, 0.08209956528890847, 0.5276636288816366, 0.4478143590770618, -0.25159640950803186, -0.026865264709249798, -0.6056791538123694, 0.2122119997655003, -0.14024123822454265], [-0.46945163286916064, -0.018288513216233482, -0.48320972377777766, 0.0031648777916916115, 0.5003270125498037, -0.33918819658454913, 0.27371728224244785, -0.5925757715058774, 0.6455665592431984, 0.3686255705806274, -0.05136149650992633, -0.15127205402616828], [-0.2948639238634155, -0.7198418860585679, -0.5974744046503268, -0.37166548422054574, -0.3925120075909023, 0.12851389342299918, 0.0909054442772412, 0.3702506313133611, 0.2353536029390511, 0.30926209327445764, 0.5631373606665651, 0.029254012018306522]], "inverted": false, "swapped": false, "error_lsq": 0.04284879775200994, "error_max": 0.2854694785098336, "target": "617.xyz", "model": "23.xyz", "model_rescale": 4.410303926677745, "target_rescale": 3.8318706724889284},
{"mapping": [9, 11, 1, 7, 13, 0, 12, 4, 6, 15, 5, 16], "R": [[0.3575204828449159, -0.35438800932901965, 0.8640533798268212], [0.20061495781957367, -0.8744625656107692, -0.44166600508130793], [0.9121034716770838, 0.3312466757406721, -0.24154274314366225]], "T": [-0.11473775527524015, -0.09853289534181532, -0.08672390980125624], "aligned_model": [[-0.7353345892709287, -0.3468571531880019, 0.22511841731784787, 0.36627920029141586, 0.13492388627399882, 0.6000100435653505, 0.5321698081432166, -0.19249839863429313, -0.06259764384086479, -0.6153535877703148, 0.00755490215512275, -0.05827765506903506], [-0.11506016386473171, -0.09330997514561076, -0.6559120974479208, -0.010171094233869901, 0.5323410454337364, -0.2959164832889429, 0.26200819298516215, -0.5683228879775709, 0.5907985379639215, 0.24259666780216554, 0.0016113662250989008, -0.20460919453336113], [-0.17042816690974094, -0.6756337440101984, -0.643645409278764, -0.5369969128168083, -0.27071782116356713, 0.05666756256658234, 0.22584058402952342, 0.4104028528607767, 0.22950650239223733, 0.2905407191254551, 0.522059850036151, -0.0872766853034231]], "inverted": true, "swapped": false, "error_lsq": 0.03947803392801402, "error_max": 0.21131273268151246, "target": "617.xyz", "model": "24.xyz", "model_rescale": 4.28219845311461, "target_rescale": 3.8318706724889284},
{"mapping": [2, 4, 0, 1, 3, 8, 5, 14, 9, 13, 11, 15], "R": [[-0.873462740797044, -0.48046284121045846, -0.07885618970816415], [0.4701325691410475, -0.8743898749136684, 0.12007378598718968], [-0.12664204622539182, 0.06780711514607535, 0.9896282065823573]], "T": [-0.08623652536561277, -0.01295990453728689, 0.015604917242712797], "aligned_model": [[-0.5372999584955642, -0.3299982681537399, -0.05357699999312208, 0.4119230938109507, 0.17323139497878842, 0.5370959708686812, 0.6978549513728582, -0.32182334580110916, -0.029264733644093287, -0.6649743254498413, 0.06016855858397033, -0.08819910810426487], [-0.5021104291637709, 0.09137978395423539, -0.5107499705784881, 0.04234065437416555, 0.5312335690380481, -0.31578380565359987, 0.25290855686713243, -0.551216533242092, 0.6121144297631258, 0.08004537075419034, 0.011434604724768573, -0.055542316919639026], [-0.14580625937952907, -0.6658215389388028, -0.6299123773272672, -0.38271184219958515, -0.47078505643066293, 0.05684010827956056, 0.21509225581504465, 0.5002937623661176, 0.2664235278476782, 0.11219184419780659, 0.5394823175571123, -0.04496741025924866]], "inverted": false, "swapped": false, "error_lsq": 0.04553681251393093, "error_max": 0.2401562988389866, "target": "617.xyz", "model": "25.xyz", "model_rescale": 4.100010024507729, "target_rescale": 3.8318706724889284},
{"mapping": [6, 5, 4, 9, 7, 10, 8, 0, 3, 2, 1, 11], "R": [[-0.14924414541101985, 0.011894753448245254, -0.9887288303174637], [0.9817299976285978, -0.11758137210725805, -0.14960224827698354], [-0.11803557436928952, -0.9929920119385554, 0.005870895121864228]], "T": [-0.050090430808430564, -0.014973895778506899, -1.7570974388203542e-05], "aligned_model": [[-0.5896051460246653, -0.32604127024639196, -0.11282818662318089, 0.5384640323460604, 0.11406508441761992, 0.5181133801376013, 0.43361129377429264, 0.06628558682755727, 0.029466768593832002, -0.6656304419960678, -0.1450280370577588, -0.0057358341753847575], [-0.3543428346937231, -0.0199124137715437, -0.653257495035351, -0.0270312185718187, 0.5168533932141867, -0.31830420250935887, 0.21257854273817506, -0.6560520142725423, 0.7375085132576003, 0.3605957306887879, -0.0520581108493693, -0.06052397627696685], [-0.11932697340220132, -0.6985967830720907, -0.5954145823435277, -0.5768790508869341, -0.38572335029186705, -0.011744325830945602, 0.30182735330896815, 0.38639534863517644, 0.2924076375255472, 0.1667614345599346, 0.6990948417822638, -0.10848221845610005]], "inverted": false, "swapped": false, "error_lsq": 0.05058620859850693, "error_max": 0.30832177599225397, "target": "617.xyz", "model": "26.xyz", "model_rescale": 3.6694154284099745, "target_rescale": 3.8318706724889284},
{"mapping": [3, 6, 12, 2, 0, 10, 4, 9, 5, 7, 8, 13], "R": [[0.8006607556764791, 0.08685751324643448, -0.5927884333488763], [0.5943496365279497, 0.009432066467330455, 0.8041514444936663], [0.07543781464665922, -0.9961760931255083, -0.044071845962416284]], "T": [-0.007668219152600898, -0.0239196255380557, -0.034533916536934176], "aligned_model": [[-0.733777630691377, -0.25623262199747787, -0.1418649906976356, 0.43822797212118614, 0.2414105130758843, 0.4664243103730919, 0.704660822091257, -0.1838864392051231, -0.23958347404977823, -0.5730763165349445, 0.1023839569732403, 0.030451128515191103], [-0.34847485369514086, 0.004989442016766776, -0.607927122094235, -0.04543474725224998, 0.5363640405908358, -0.30045608820196984, 0.30644106477419186, -0.6179856247193417, 0.7048696123628796, 0.05570015148744596, 0.02171786343797859, -0.023749824789084748], [-0.17687240986975394, -0.6737290629952531, -0.5547831681755341, -0.5472164034120336, -0.2814657730353638, 0.21174758532200855, 0.20832349303903042, 0.24988876717274106, 0.16809890653697274, 0.23023560444184332, 0.5932900480900769, -0.07719825558651044]], "inverted": true, "swapped": false, "error_lsq": 0.04194638486729051, "error_max": 0.22856036993798898, "target": "617.xyz", "model": "27.xyz", "model_rescale": 4.103607728864725, "target_rescale": 3.8318706724889284},
{"mapping": [10, 6, 9, 5, 7, 0, 1, 3, 8, 13, 2, 14], "R": [[-0.24751064027325187, 0.7381024332682349, -0.6276490109567894], [0.7348641103135134, 0.5651969010396471, 0.3748695805587692], [0.631437425502047, -0.3684525221228514, -0.6822972348006817]], "T": [-0.22482715326768482, -0.03731183294179656, -0.04383086165958211], "aligned_model": [[-0.5284906293302989, -0.2505325237431715, 0.03224999023888181, 0.3258436801473766, 0.14727715773999317, 0.39773973093553433, 0.5998570021401377, -0.06160520427010052, -0.10540444784522339, -0.634605439323003, 0.02137038396169763, -0.08856247067831063], [-0.4019164633855959, 0.01370348037624046, -0.5786972766130412, 0.010734561456806749, 0.5045237772991938, -0.36228113303731674, 0.1909454562245606, -0.6461534216369006, 0.7656264402854608, 0.3279599960259369, -0.1012689333041802, -0.037122569773089045], [-0.22991480258480795, -0.6747063918457274, -0.6014481764197901, -0.5229901124240063, -0.34053576348572007, 0.08461044661221184, 0.2219801347957588, 0.36384715811516677, 0.07153084612523569, 0.30045213268349286, 0.6465436513458618, 0.030950208610547897]], "inverted": false, "swapped": false, "error_lsq": 0.0391349999860318, "error_max": 0.19532058069448094, "target": "617.xyz", "model": "28.xyz", "model_rescale": 4.137296879288765, "target_rescale": 3.8318706724889284},
{"mapping": [7, 10, 8, 4, 1, 9, 0, 5, 3, 2, 11], "R": [[-0.8139646080542182, -0.48450147054662573, 0.3204995193027598], [-0.3959116098598795, 0.05893421443857089, -0.9163955235304606], [0.4251065913548054, -0.8728030037795846, -0.23979012194006805]], "T": [-0.04402134562008202, -0.10766556339768858, -0.058061005417031256], "aligned_model": [[0.5953202457184547, 0.12129979522345942, -0.25142919607264336, -0.47641964512582874, 0.00782481416587981, 0.39506352022669283, 0.6092936649961253, -0.22125132868160974, -0.5838530969433612, -0.0048016002685894316, 0.03037183747131876], [-0.373360410720486, -0.7263034045046199, -0.21798161881382078, 0.2647911834843505, 0.5988290613540762, -0.06269064770954925, 0.2912387884242335, -0.44792321140563485, 0.18635032673326235, 0.42054338232590643, -0.014345632519766144], [0.35918953858688835, -0.1575332280178779, -0.7404715440692532, -0.39260497393255217, -0.03726788210824415, -0.6201459291158636, -0.029259900751183385, 0.4260955402994682, 0.23602745406101483, 0.6603853827145328, 0.10133956411606869]], "inverted": false, "swapped": true, "error_lsq": 0.046920030761629976, "error_max": 0.2728932151298081, "target": "617.xyz", "model": "29.xyz", "model_rescale": 3.607286011436655, "target_rescale": 3.8318706724889284},
