[{"mapping": [6, 10, 11, 3, 5, 8, 4, 7, 9, 2, 1, 12], "R": [[0.2918321832758018, 0.7317228773143961, 0.6159672131040909], [0.6342872283365094, 0.33396817154939323, -0.6972409715164078], [-0.7159006137542193, 0.5941774913329321, -0.3666598151142771]], "T": [0.005926710687772929, -0.0593273337493415, -0.06068507318393945], "aligned_model": [[-0.3294457815439205, 0.1185870032175178, 0.48643953530574235, -0.17311882953559832, 0.15860588847059648, -0.7222676977624098, 0.4097215801904235, -0.010642554532303847, 0.6107766299880744, -0.09255662148623622, -0.6735735867879205, 0.055116896936583906], [-0.33442517150885753, -0.7541230399447899, -0.3665270219853966, 0.6290762903362292, 0.4905471413301613, -0.43180102661789566, -0.09901525437574929, -0.5719533990799855, 0.2357072037302385, 0.16213260269338958, 0.2118702583119812, -0.1179335469122685], [-0.379143703293043, -0.11893167840561564, -0.5644904336572727, -0.03415804585996529, -0.5760100763770779, 0.25200974842143337, 0.5162604419007264, 0.5431262957297338, -0.1053215868809843, 0.4964985728717971, 0.17729453118649816, -0.025182320282667675]], "inverted": false, "swapped": true, "error_lsq": 0.06078936591144449, "error_max": 0.32080541939774376, "target": "619.xyz", "model": "0.xyz", "model_rescale": 3.751011558992144, "target_rescale": 3.8903573037135653},
{"mapping": [0, 1, 6, 7, 11, 3, 8, 10, 4, 12, 5, 13, 14], "R": [[-0.2913448101415428, -0.6458181193111205, 0.7057174777296051], [-0.7990011644776944, -0.2413864283953293, -0.5507537846895246], [0.5260373948369803, -0.7243283433333215, -0.44568274621879744]], "T": [-0.05168720768041623, -0.07977747573862219, 0.017639209867070176], "aligned_model": [[0.5039673775715326, -0.05645051526562094, -0.27925518826070594, 0.2821845469571048, -0.23862128010074143, 0.7082578046522912, -0.2721053570788233, -0.812177654441673, -0.723219520906353, 0.3948888653746552, -0.16580914714705441, 0.3387004757182401, -0.03918451782162033], [-0.42810215624248177, -0.32013549417599513, 0.3255474508372956, 0.2052339074687783, 0.6931673530598095, -0.058102490131129156, -0.701885321942162, 0.16448965212550964, -0.3914922459395385, 0.5100295297586256, -0.29679483911395355, -0.0047017286164919014, -0.030631453299349673], [-0.3637037031913134, -0.636494479304757, -0.5719795342218339, -0.479326771558934, -0.0482617243356546, 0.09125756859864717, 0.08703603434519255, 0.20322368863275947, -0.26066318725128096, 0.08599571152047827, 0.5920656141362443, 0.625474127542308, 0.03842775642667298]], "inverted": true, "swapped": false, "error_lsq": 0.046379757694205485, "error_max": 0.2878282832515592, "target": "619.xyz", "model": "1.xyz", "model_rescale": 3.9405287249114394, "target_rescale": 3.8903573037135653},
{"mapping": [7, 1, 2, 4, 9, 3, 6, 5, 0, 8, 11, 10, 12], "R": [[-0.8617896905114535, 0.5006300779336508, -0.08178052577674115], [0.3473068643117715, 0.6998237443587103, 0.6241992220707099], [0.36972485895608664, 0.509525516436519, -0.7769731506107533]], "T": [-0.01574180150083622, -0.0628106515016467, -0.09130203740743364], "aligned_model": [[0.4924133647668066, -0.13069636149720587, -0.49357256791090764, 0.4906469803473447, -0.0945805581420779, 0.5096491231363841, -0.08653081197699099, -0.6940575930855241, -0.69546981697139, 0.36304669141650586, -0.34327402582084543, 0.369668400283215, -0.04606693529408307], [-0.6325637055487674, -0.21851379576783464, 0.27457855226606304, 0.18427241859109827, 0.539875060474699, -0.17734981916299064, -0.5746570952211696, 0.1433762134121097, -0.5262029285224759, 0.5966745244750391, -0.1628402372507871, 0.22416618746579903, -0.004193211421865815], [-0.30594042529651577, -0.8592657815776448, -0.44060979766272096, -0.5086940353837597, 0.43873144278121196, 0.10272072916696687, 0.07709578750995594, 0.06823148258326844, -0.25306547844957034, 0.05799079701596016, 0.5334627287598215, 0.6019442316552999, -0.14955057976374445]], "inverted": true, "swapped": false, "error_lsq": 0.06053218157579832, "error_max": 0.44498818568084886, "target": "619.xyz", "model": "2.xyz", "model_rescale": 3.932901565614263, "target_rescale": 3.8903573037135653},
{"mapping": [0, 2, 6, 4, 12, 7, 3, 10, 1, 9, 11, 8, 13], "R": [[-0.9969125204373822, -0.03420446992917153, 0.07067871555178735], [0.07471153409888498, -0.6901454595670636, 0.719803744996897], [0.024158089075446625, 0.7228618809121361, 0.6905701179868643]], "T": [0.013851830315560601, -0.06143300427669289, -0.00734928816856114], "aligned_model": [[0.1710312756953688, -0.1841514451304863, -0.3253275946470157, 0.4268519658641722, -0.28158519083985944, 0.7130229971810481, 0.16903387651543328, -0.6542375994592861, -0.5124289921157318, 0.3221459278246372, -0.46183830687193717, 0.29149624045162303, -0.032837265216734454], [-0.582168165879582, -0.20985928707191193, 0.3276080214559655, -0.01462790552001135, 0.640863059033895, 0.08312208302165323, -0.4949381977791501, 0.17836647998095373, -0.5166209017209454, 0.5106913581116901, -0.18825264405173864, -0.11097954917845508, 0.0434178133865543], [-0.39860347992056744, -0.8029397573589168, -0.45489443523273787, -0.7757675175885699, 0.043905137482282676, -0.009809675792966953, 0.2132799434052191, 0.08907768665756965, -0.26151674256325064, 0.33531877686171785, 0.7378650237694849, 0.6703272179465649, -0.0231910763273011]], "inverted": false, "swapped": false, "error_lsq": 0.0480319405685921, "error_max": 0.3496148181608247, "target": "619.xyz", "model": "3.xyz", "model_rescale": 3.9243930471874484, "target_rescale": 3.8903573037135653},
{"mapping": [7, 8, 10, 4, 6, 2, 1, 11, 9, 3, 5, 0, 12], "R": [[0.7710075772081881, -0.29011063567463163, -0.5669066368953721], [0.31039067957322136, -0.6061137997063158, 0.7323139271102566], [-0.556061994674725, -0.7405821229776164, -0.37727069486554743]], "T": [-0.1163996738802466, -0.004600707861174856, -0.12202476201995976], "aligned_model": [[0.45601064419839, -0.17850248107770864, -0.30951110298333284, 0.3562678733351443, -0.31085365480357285, 0.788267458936527, 0.0006574107492235137, -0.8854325949600077, -0.6439245993648277, 0.2985326510399352, -0.22699624610313965, 0.40126002300869956, -0.10459949272409855], [-0.5275167199630543, -0.24561683555844463, 0.4897744540759996, 0.06471798773418444, 0.5449651215607368, -0.07706957038406267, -0.6228802345872927, 0.16531026168557764, -0.44475940271064424, 0.497317994190266, -0.051690483605847236, -0.09926448306159416, -0.02666592558690748], [-0.32653400620407425, -0.7002901305526392, -0.5861679454539823, -0.4743705831820967, 0.30421644102309126, 0.04392743916849967, 0.2158929287745024, -0.04552175481938864, -0.28222828294810165, 0.04786388572321232, 0.6257546513151133, 0.5460991495729728, -0.005590691078580137]], "inverted": false, "swapped": false, "error_lsq": 0.045992527842494774, "error_max": 0.2525742600692736, "target": "619.xyz", "model": "4.xyz", "model_rescale": 3.8936222436046832, "target_rescale": 3.8903573037135653},
{"mapping": [11, 10, 9, 5, 2, 7, 8, 1, 0, 6, 3, 12], "R": [[-0.7449051774121497, 0.6306522567947126, 0.21770164828110528], [-0.17680421980990474, -0.5012387738918728, 0.8470536933422718], [0.6433168305912609, 0.5924841116410703, 0.48487733802571864]], "T": [-0.14175045423237775, -0.03652971980194428, -0.1094647966044649], "aligned_model": [[-0.03330333244890801, -0.42352389871114526, -0.21147821537622039, 0.4547489604260434, -0.47434398122996463, -0.8475970358743211, -0.27940960985972596, 0.030311748485054052, 0.7023666399757502, 0.13502163489649, 0.18875329727809287, -0.21399816534604804], [-0.596267775491765, -0.680814565230517, 0.13614845374098386, 0.17785424498504018, 0.4348229154549377, -0.1899394709161103, -0.13467933713506616, 0.3843720132762286, 0.01383067108106456, -0.3946725268235659, 0.5937733421172485, -0.0755050599486716], [-0.6134653869868518, -0.04368603241707375, -0.7576943155606313, -0.5447356232661882, 0.08133699749867582, 0.21594916142928017, 0.749719938668103, 0.5111312151403267, 0.08955777305199161, 0.18156848058998354, -0.12154199327707382, -0.12885549559502368]], "inverted": true, "swapped": true, "error_lsq": 0.05810305839010971, "error_max": 0.3139141801897042, "target": "619.xyz", "model": "5.xyz", "model_rescale": 3.6523030999806103, "target_rescale": 3.8903573037135653},
{"mapping": [10, 6, 1, 2, 0, 4, 9, 5, 8, 3, 7, 11, 12], "R": [[0.7606304451471594, 0.6397327721979535, -0.11037801452805777], [0.420520736140172, -0.3560053487193251, 0.8345193240179404], [0.494574197053751, -0.6811770488347016, -0.5398094031688261]], "T": [-0.05341557977040172, -0.0904787135070577, -0.09120763273256796], "aligned_model": [[0.43702929536851237, -0.09147848323299938, -0.22415451002823966, 0.42701255539598837, -0.37605435309978114, 0.5130264772918749, -0.11963421515345461, -0.6810913150494841, -0.6007111994256424, 0.13366966375495254, -0.13803488407753584, 0.45277254995613897, -0.09117569244909793], [-0.6583894225601645, -0.3505183800469471, 0.41416508126103446, 0.2601220340565945, 0.8305177382554367, -0.007489503002702014, -0.7359385363073405, 0.119200011258956, -0.44863876084207654, 0.5040918564318713, 0.04104452075967972, -0.2842262673151008, -0.017318208160324117], [-0.30478266090713213, -0.6858125850142738, -0.5368057971025657, -0.56288501925589, 0.09542968476879862, -0.05395459449623243, 0.2276333694288162, 0.06991819917872502, -0.25211750771124675, 0.21559140893075898, 0.5738933159088976, 0.6021930204675319, -0.02524973285765901]], "inverted": false, "swapped": false, "error_lsq": 0.05663432880062501, "error_max": 0.3205724607481637, "target": "619.xyz", "model": "6.xyz", "model_rescale": 4.08911054899281, "target_rescale": 3.8903573037135653},
{"mapping": [0, 9, 11, 1, 12, 2, 6, 10, 8, 13, 5, 7, 14], "R": [[-0.8239199058315516, 0.4043080477719065, 0.39710325015214554], [-0.5190237976091945, -0.25701729788340644, -0.8152032912740493], [-0.2275308468974209, -0.877768255917006, 0.4216071662277105]], "T": [-0.09504423192124675, -0.07854119764612774, -0.012626183498019035], "aligned_model": [[0.5056086065196335, -0.19995786961878226, -0.30356656808920524, 0.37471553771390564, -0.28976220063527386, 0.7089135519530462, 0.20357728548622364, -0.7666720207995352, -0.6490874839750659, 0.2797286923087626, -0.4287019686504743, 0.31475130263827333, -0.1083709756002766], [-0.6943586479166215, -0.2558787731577661, 0.3634869418399531, 0.07257287011533725, 0.5460992703329711, -0.08820006335742245, -0.448751270945443, 0.17729532520018645, -0.3770455166078025, 0.5461204010920252, -0.08309613119481107, -0.0232195565293645, -0.06840268508232539], [-0.3929434441096704, -0.7690003110595816, -0.33768098222999815, -0.555246083807902, 0.27005935987824314, 0.04818607967612767, 0.1387430915298115, 0.039706266151810436, -0.27545734546295625, 0.059745528362388854, 0.6723212574669246, 0.6418171680738922, -0.17719948313056144]], "inverted": true, "swapped": false, "error_lsq": 0.043574958365103514, "error_max": 0.26499448734531816, "target": "619.xyz", "model": "7.xyz", "model_rescale": 3.964800864290218, "target_rescale": 3.8903573037135653},
{"mapping": [12, 4, 6, 11, 3, 9, 7, 0, 2, 10, 1, 5, 13], "R": [[0.0920454042112821, -0.027737106861927874, 0.995368422478085], [-0.9923177721991523, 0.08042755489134018, 0.09400450729572418], [-0.08266246150032719, -0.9963744583825555, -0.02012103728877962]], "T": [-0.05986204257546439, -0.030906613314104804, -0.0217730297887073], "aligned_model": [[0.35643026044242093, -0.20021660354326937, -0.21295168128042297, 0.4091404690089445, -0.37402409118677604, 0.6219469934152273, -0.04846637468568694, -0.7475663324175784, -0.558131148889447, 0.5498021519404052, -0.3878481892440881, 0.22995643101824192, 0.003104004673260885], [-0.575862520964411, -0.15388937197610303, 0.3518895528759012, 0.1646492329922342, 0.600145563908246, -0.11630317006785329, -0.7193253659601507, 0.13286380373393888, -0.4136238690928419, 0.4899101317282656, -0.39474113177716375, 0.3346674786330392, -0.03375817024418465], [-0.33863059156318287, -0.7002044804904429, -0.42986184469295974, -0.6766988878799939, 0.14863252334170396, -0.06301128053557646, 0.15934274732726075, 0.09399152763456714, -0.23121067582291396, 0.15765244503585082, 0.5467068924078615, 0.6720796625237285, 0.024263064052625474]], "inverted": false, "swapped": false, "error_lsq": 0.04845751953931364, "error_max": 0.39312045828993564, "target": "619.xyz", "model": "8.xyz", "model_rescale": 4.121658175737393, "target_rescale": 3.8903573037135653},
{"mapping": [2, 8, 7, 11, 5, 3, 1, 9, 6, 10, 4, 0, 12], "R": [[-0.0885851411679302, -0.8888389511767723, 0.4495753458934708], [0.3013322685966955, -0.4541146074824884, -0.8384383025443165], [0.9493953531941408, 0.061198383491735536, 0.3080636641854596]], "T": [-0.02972532550153019, 0.0068866878958189146, -0.10191580469351805], "aligned_model": [[0.3770434190492263, -0.0951368843647176, -0.357713906911305, 0.27231051943545814, -0.12475980070397615, 0.7524357183637784, -0.06208609619889012, -0.8504472926423678, -0.5352175868488205, 0.475672389154037, -0.4697546249191949, 0.29713020863733497, -0.038300172799331005], [-0.5526892320499448, -0.3276059133162969, 0.438644141286355, 0.29503124938537845, 0.4851998458245466, -0.024030524820775397, -0.5606544859834459, 0.11226083188738484, -0.4312416477297532, 0.5447449060996927, -0.15450334725655032, -0.0949576203377735, -0.0635760391999004], [-0.16323814264910827, -0.7456466222164482, -0.5034377869307649, -0.5802244232764296, 0.2774295231425057, -0.20167661306729706, 0.287675663623166, -0.009711903119529047, -0.282756025147769, 0.07630461424564036, 0.6520440018785838, 0.6063337557055666, -0.05004494084958727]], "inverted": true, "swapped": false, "error_lsq": 0.048569097773383835, "error_max": 0.32093754471260383, "target": "619.xyz", "model": "9.xyz", "model_rescale": 3.833441315466971, "target_rescale": 3.8903573037135653},
{"mapping": [8, 9, 7, 11, 6, 10, 2, 4, 3, 12, 5, 0, 14], "R": [[-0.8330553164326043, 0.3345394642403542, -0.44057029703459427], [-0.47173666952396676, -0.013633531712735902, 0.8816340745680569], [0.2889348618457276, 0.9422831175813429, 0.16917201876012394]], "T": [0.013993914442206282, 0.05184553062963379, 0.043083227024996305], "aligned_model": [[0.4428976182028599, -0.1328537530992649, -0.15176292783863016, 0.379163521685992, -0.33876533855407404, 0.8243452754784228, -0.24813649782270958, -0.7547261761420301, -0.7074674651782157, 0.279820058127473, -0.29686901754266093, 0.37956154772527917, -0.03403095579120954], [-0.41327263013128057, -0.5369075632932282, 0.1399276852404656, 0.27231602813608274, 0.6173966319692454, -0.07949678374321703, -0.6172112413229293, 0.19545043673662563, -0.23736815155061772, 0.58983838503289, -0.22714421462679427, -0.0324671223118658, -0.004439296346459523], [-0.41218160997377506, -0.49516920768069267, -0.5961977597546947, -0.4892521923472721, 0.17324631412719393, 0.00025786489220209347, 0.06043078586986413, 0.19915895660651833, -0.3444355125264866, 0.09712216905044359, 0.5750269844153205, 0.6114797820404585, -0.01643547338055132]], "inverted": true, "swapped": false, "error_lsq": 0.054303781605450206, "error_max": 0.34317500277498636, "target": "619.xyz", "model": "10.xyz", "model_rescale": 4.2482417240324, "target_rescale": 3.8903573037135653},
{"mapping": [8, 1, 0, 3, 10, 11, 6, 9, 2, 4, 7, 12], "R": [[0.8944767165346303, 0.3827832770049442, -0.2310592270886028], [0.12333526951028917, 0.2854905463566639, 0.9504123101242943], [0.42976716355749045, -0.8786194345598837, 0.20815396787335]], "T": [0.07325297425831563, 0.11720209280366548, -0.010392644640986475], "aligned_model": [[-0.6387263221514421, -0.0436122749044026, 0.36449673159281293, 0.5826205994173632, -0.45765262589236305, 0.1671755667617672, -0.19154350826621902, 0.581755759055185, 0.040747922612404244, 0.010952453190818917, -0.5704827628493452, 0.031034063796427536], [-0.3887894281036741, -0.6432126336443604, -0.30528848993229807, -0.3752412294417079, 0.5661246198878193, 0.8010158194621321, 0.05835860186517272, 0.48704399464892556, -0.22173140932580973, 0.31776423037972523, 0.19286228049859097, 0.17722503375612347], [0.051573976130268595, -0.006514804412860963, 0.6905771138008683, -0.07898371638100711, 0.11384056462849088, 0.31001552967300355, 0.4543542697042627, -0.2543662231934743, -0.5136466444750907, -0.6837313625996829, -0.465945088827317, -0.051981324193104084]], "inverted": false, "swapped": true, "error_lsq": 0.048906325580007515, "error_max": 0.2850843453011357, "target": "619.xyz", "model": "11.xyz", "model_rescale": 3.6694154284099745, "target_rescale": 3.8903573037135653},
{"mapping": [8, 10, 12, 2, 0, 3, 11, 5, 7, 1, 6, 4, 13], "R": [[-0.6243212625816805, -0.705681338610214, 0.33501762554485626], [0.4412294359532064, 0.03534279059975709, 0.8966980941214482], [-0.6446235691757106, 0.7076473242300283, 0.2893021233472879]], "T": [-0.10641494170353624, -0.08578355090388759, -0.06932773779410917], "aligned_model": [[0.479378309242272, -0.2117128889522709, -0.30340970667001743, 0.36178401143088723, -0.19948198694331243, 0.7420726291524564, 0.05017329117677832, -0.8530686533198231, -0.7184315457907945, 0.436200314815264, -0.40250620685052385, 0.34166078524340937, -0.08148246328309336], [-0.5175869456880702, -0.21576010200127058, 0.4085245985520475, 0.083011491636761, 0.4723958329524577, -0.013430632482043764, -0.6986959120792433, 0.18239682358159484, -0.43079688105716385, 0.5636930507235333, -0.18776208605493877, 0.007518768673357795, 0.013114157031895349], [-0.2766679092763544, -0.6821468185826193, -0.49196353398716575, -0.49195233160029994, 0.36714925467347403, 0.05749023373224893, 0.3112602438197947, 0.05379136773842501, -0.3113335162532009, -0.08423818490662904, 0.40161299576561615, 0.5122231798672459, -0.0021738796520066606]], "inverted": true, "swapped": false, "error_lsq": 0.05137548465847888, "error_max": 0.3595694768294605, "target": "619.xyz", "model": "12.xyz", "model_rescale": 3.9764082729961374, "target_rescale": 3.8903573037135653},
{"mapping": [12, 1, 8, 10, 3, 13, 9, 7, 2, 14, 4, 6, 15], "R": [[-0.6479343481838424, 0.2669452251244232, -0.7133872210986474], [0.4747885020209224, -0.5908209445393164, -0.6523085848296026], [-0.5956147738197131, -0.7613611877925885, 0.2560706600349813]], "T": [0.008242653184008499, -0.11470641524813079, 0.009189488281805006], "aligned_model": [[0.444541765565002, -0.0837375444597708, -0.26280773777089983, 0.2599777455158465, -0.2950092408221401, 0.6075234832181018, -0.08999539805674886, -0.70585710943123, -0.6552668910268764, 0.3735286150593321, -0.3247885512299887, 0.407699182872032, -0.034632430181427365], [-0.4686333254676844, -0.3764511670627604, 0.3041531048405429, 0.023126607231185717, 0.6699968917217312, 0.006783679976315141, -0.7069907834924625, 0.057570677745824264, -0.21466789543591336, 0.546583574179502, -0.14955082442799983, 0.02106425878047606, -0.04636263479983972], [-0.2934528116471134, -0.5620826941320641, -0.49155118776002227, -0.7416622948026881, 0.03606803225014482, 0.033338809243318154, -0.023177762751506625, 0.1864346043933699, -0.422113538748902, 0.2700913003005996, 0.6445947178909862, 0.6461036195920237, 0.08046030751038286]], "inverted": true, "swapped": false, "error_lsq": 0.04601556103531708, "error_max": 0.28337496581734045, "target": "619.xyz", "model": "13.xyz", "model_rescale": 4.170626492500431, "target_rescale": 3.8903573037135653},
{"mapping": [4, 8, 10, 12, 9, 5, 2, 1, 0, 11, 3, 6, 13], "R": [[0.2666547652917767, -0.9493332345146491, -0.16631790641161348], [0.1847484383850503, 0.21971402664090742, -0.9579111446326973], [0.9459192622319693, 0.2247045979573924, 0.23397562478885245]], "T": [-0.11459516533616651, -0.08891671627161539, -0.07888755332916828], "aligned_model": [[0.2641317861929331, -0.07983079768396067, -0.13529492303348423, 0.4260107774635318, -0.41433179450795976, 0.7655566157850209, -0.14606958265061923, -0.8391106010423945, -0.5964896683144972, 0.20000724331682154, -0.24580261907111733, 0.47955181198852315, -0.037152359191566134], [-0.6045053170941951, -0.21331963721267932, 0.3414818200088813, 0.09957544968989805, 0.6541856659871027, 0.11897482290221285, -0.6706349715007597, 0.10584685381264307, -0.433736468051579, 0.4577556393922268, 0.00856668838561539, -0.15642519678711686, -0.041143185743333144], [-0.38515120033989414, -0.810236748179342, -0.44310853703783337, -0.5348722451412504, 0.04054125842925063, 0.01772392883193473, 0.2269643713406305, 0.08832191137542073, -0.1477020380657007, 0.240227333747304, 0.5910043740223329, 0.5126538580906159, -0.033315165734940366]], "inverted": true, "swapped": false, "error_lsq": 0.051221784901302955, "error_max": 0.2730730416675392, "target": "619.xyz", "model": "14.xyz", "model_rescale": 3.9786697098870705, "target_rescale": 3.8903573037135653},
{"mapping": [9, 2, 5, 11, 3, 0, 7, 8, 6, 10, 1, 12], "R": [[-0.6488267897125951, 0.5837879786530091, -0.4880731430139148], [-0.20618813154074428, 0.48253435186048504, 0.8512620358540126], [0.7324686009399887, 0.6529565033406246, -0.1927110619092745]], "T": [0.024277964308232147, -0.08643950300356898, -0.07156228426170456], "aligned_model": [[0.06997182781648248, -0.5611026045420288, 0.4761729549445772, 0.5914021131942537, -0.09841436032673173, 0.5622245460819821, -0.5113063827941989, -0.28504739544290814, 0.3526270241651855, 0.1750039337879949, -0.2876368539733837, -0.0005402061438878544], [-0.40915035495855434, 0.05067903817251265, 0.16142433867755837, -0.5905833594126895, 0.44433108266599175, 0.595132938577277, -0.4353761256750648, 0.26070847845495504, 0.07163566398715498, -0.5626799198338416, 0.5925367046984977, -0.16398399512935846], [-0.66202904743011, -0.1594552923770657, -0.6421647395782377, -0.12894900843706952, -0.5296995095232341, -0.09899042624004975, 0.3964556995094186, 0.6704538211027039, 0.32437781783523456, 0.42774005839460894, 0.11175038801326855, -0.049523267395637255]], "inverted": true, "swapped": true, "error_lsq": 0.052248524205477535, "error_max": 0.2866237175453578, "target": "619.xyz", "model": "15.xyz", "model_rescale": 3.769337070930944, "target_rescale": 3.8903573037135653},
{"mapping": [6, 0, 10, 11, 8, 1, 7, 3, 4, 9, 12], "R": [[-0.7167034614591878, 0.2536418241319191, -0.6496167896409784], [-0.5870126361947403, 0.28348728125435235, 0.7583212553494182], [0.3765000840373347, 0.9248247328105194, -0.05428535992172823]], "T": [-0.05317316811823345, 0.03465714528173638, 0.0598233478259432], "aligned_model": [[-0.2211667444392191, -0.36719925283765614, -0.21114947589334085, -0.7367069291399184, 0.5064773224970192, 0.4719115230852775, 0.45590158619855925, 0.10378939094622502, 0.29283731938824054, -0.32520894682146795, -0.04685966229254836], [-0.011199960307539177, -0.6865837871763827, 0.6335344691947258, 0.3676855514258328, 0.0657054961828554, -0.4520508651691211, 0.6272634618789201, -0.6023257623168348, 0.4490827282765804, 0.08725416308953304, 0.11769900254677201], [-0.4493374442216027, -0.30879428116059204, -0.2796107679681681, 0.090770763889432, -0.6129389639131236, -0.22178712771146777, -0.07173971949209443, 0.33600457236135606, 0.5137173153464829, 0.6747309102785841, 0.07320234981497066]], "inverted": false, "swapped": true, "error_lsq": 0.05218249709486869, "error_max": 0.2835832623138132, "target": "619.xyz", "model": "16.xyz", "model_rescale": 3.7852294659196426, "target_rescale": 3.8903573037135653},
{"mapping": [0, 9, 11, 8, 7, 3, 4, 6, 10, 2, 5, 1, 12], "R": [[0.2544653138876809, -0.927779487724877, -0.2728967317228424], [0.4700100647527735, -0.12797113467914553, 0.8733349458942001], [-0.8451851531227568, -0.3504976616839218, 0.4035014821471731]], "T": [0.03972132386648856, -0.01817618278293817, -0.03788277255436921], "aligned_model": [[0.329029056813662, -0.11502056203218128, -0.25534234917610626, 0.31017600690211966, -0.3231084090019118, 0.8249459548049639, -0.03155093027198098, -0.8254292610205263, -0.6249539733737104, 0.30597926694353134, -0.25494407336192626, 0.3206472547273369, -0.01925209270203889], [-0.5914687816696959, -0.2664235151629367, 0.516445940960654, 0.13412561190862357, 0.4968079444187311, -0.0997700867253174, -0.635400588553272, 0.11281944273942571, -0.40186582978407426, 0.5212355864303218, -0.16265558917351605, 0.07294784868305279, -0.03017582028307956], [-0.26893209079044533, -0.8513260688120611, -0.44414461925890214, -0.6104771656550135, 0.26964436259536273, 0.058346562731357354, 0.302324493389605, 0.10958874152765745, -0.2833294659562903, 0.07270055355256198, 0.5317723997785339, 0.5842355333219491, -0.10735213508578688]], "inverted": false, "swapped": false, "error_lsq": 0.046497690540522836, "error_max": 0.2416297062678271, "target": "619.xyz", "model": "17.xyz", "model_rescale": 3.901054581598922, "target_rescale": 3.8903573037135653},
{"mapping": [0, 1, 6, 7, 11, 3, 8, 10, 4, 12, 5, 13, 14], "R": [[-0.2913448101415428, -0.6458181193111205, 0.7057174777296051], [-0.7990011644776944, -0.2413864283953293, -0.5507537846895246], [0.5260373948369803, -0.7243283433333215, -0.44568274621879744]], "T": [-0.05168720768041623, -0.07977747573862219, 0.017639209867070176], "aligned_model": [[0.5039673775715326, -0.05645051526562094, -0.27925518826070594, 0.2821845469571048, -0.23862128010074143, 0.7082578046522912, -0.2721053570788233, -0.812177654441673, -0.723219520906353, 0.3948888653746552, -0.16580914714705441, 0.3387004757182401, -0.03918451782162033], [-0.42810215624248177, -0.32013549417599513, 0.3255474508372956, 0.2052339074687783, 0.6931673530598095, -0.058102490131129156, -0.701885321942162, 0.16448965212550964, -0.3914922459395385, 0.5100295297586256, -0.29679483911395355, -0.0047017286164919014, -0.030631453299349673], [-0.3637037031913134, -0.636494479304757, -0.5719795342218339, -0.479326771558934, -0.0482617243356546, 0.09125756859864717, 0.08703603434519255, 0.20322368863275947, -0.26066318725128096, 0.08599571152047827, 0.5920656141362443, 0.625474127542308, 0.03842775642667298]], "inverted": true, "swapped": false, "error_lsq": 0.046379757694205485, "error_max": 0.2878282832515592, "target": "619.xyz", "model": "18.xyz", "model_rescale": 3.9405287249114394, "target_rescale": 3.8903573037135653},
{"mapping": [6, 2, 11, 5, 13, 8, 1, 14, 3, 7, 12, 4, 15], "R": [[0.3789423685100103, -0.3579267434873611, 0.853399746686485], [-0.04192310358950721, -0.9278681935930712, -0.37054428710176435], [0.9244701913709535, 0.10463776380859911, -0.36661397088993863]], "T": [-0.0416227292597174, 0.00837020629200061, 0.03403598136400169], "aligned_model": [[0.4226208641029035, -0.03320490387417192, -0.2934264551540304, 0.4003982858740571, -0.3142974818831694, 0.6981243901549276, -0.05181700510788077, -0.786829002853185, -0.6962902335903057, 0.4304889855984547, -0.35461038834139436, 0.2707234230037819, -0.05070458867875491], [-0.45129163984805554, -0.38091041777558887, 0.4890575314843897, 0.10171528120229983, 0.6008297459285739, -0.0421183229774951, -0.6512587404018266, 0.21779988480113716, -0.5360368816716693, 0.47447620526241663, -0.14235173396317954, -0.009227007932560191, -0.004061740319525097], [-0.32855515037682964, -0.7429550217720535, -0.44003973086448234, -0.6639373432902905, 0.19518814097511566, -0.11595489591156868, 0.016567340805491416, 0.010674011569412424, 0.012588925098832117, 0.2695806169616085, 0.4576639835046519, 0.6949408518512756, -0.0027106272126337164]], "inverted": true, "swapped": false, "error_lsq": 0.042899707225863434, "error_max": 0.32348268651153717, "target": "619.xyz", "model": "19.xyz", "model_rescale": 4.410303926677745, "target_rescale": 3.8903573037135653},
{"mapping": [12, 4, 6, 11, 3, 9, 7, 0, 2, 10, 1, 5, 13], "R": [[0.0920454042112821, -0.027737106861927874, 0.995368422478085], [-0.9923177721991523, 0.08042755489134018, 0.09400450729572418], [-0.08266246150032719, -0.9963744583825555, -0.02012103728877962]], "T": [-0.05986204257546439, -0.030906613314104804, -0.0217730297887073], "aligned_model": [[0.35643026044242093, -0.20021660354326937, -0.21295168128042297, 0.4091404690089445, -0.37402409118677604, 0.6219469934152273, -0.04846637468568694, -0.7475663324175784, -0.558131148889447, 0.5498021519404052, -0.3878481892440881, 0.22995643101824192, 0.003104004673260885], [-0.575862520964411, -0.15388937197610303, 0.3518895528759012, 0.1646492329922342, 0.600145563908246, -0.11630317006785329, -0.7193253659601507, 0.13286380373393888, -0.4136238690928419, 0.4899101317282656, -0.39474113177716375, 0.3346674786330392, -0.03375817024418465], [-0.33863059156318287, -0.7002044804904429, -0.42986184469295974, -0.6766988878799939, 0.14863252334170396, -0.06301128053557646, 0.15934274732726075, 0.09399152763456714, -0.23121067582291396, 0.15765244503585082, 0.5467068924078615, 0.6720796625237285, 0.024263064052625474]], "inverted": false, "swapped": false, "error_lsq": 0.04845751953931364, "error_max": 0.39312045828993564, "target": "619.xyz", "model": "20.xyz", "model_rescale": 4.121658175737393, "target_rescale": 3.8903573037135653},
{"mapping": [10, 6, 1, 2, 0, 4, 9, 5, 8, 3, 7, 11, 12], "R": [[0.7606304451471594, 0.6397327721979535, -0.11037801452805777], [0.420520736140172, -0.3560053487193251, 0.8345193240179404], [0.494574197053751, -0.6811770488347016, -0.5398094031688261]], "T": [-0.05341557977040172, -0.0904787135070577, -0.09120763273256796], "aligned_model": [[0.43702929536851237, -0.09147848323299938, -0.22415451002823966, 0.42701255539598837, -0.37605435309978114, 0.5130264772918749, -0.11963421515345461, -0.6810913150494841, -0.6007111994256424, 0.13366966375495254, -0.13803488407753584, 0.45277254995613897, -0.09117569244909793], [-0.6583894225601645, -0.3505183800469471, 0.41416508126103446, 0.2601220340565945, 0.8305177382554367, -0.007489503002702014, -0.7359385363073405, 0.119200011258956, -0.44863876084207654, 0.5040918564318713, 0.04104452075967972, -0.2842262673151008, -0.017318208160324117], [-0.30478266090713213, -0.6858125850142738, -0.5368057971025657, -0.56288501925589, 0.09542968476879862, -0.05395459449623243, 0.2276333694288162, 0.06991819917872502, -0.25211750771124675, 0.21559140893075898, 0.5738933159088976, 0.6021930204675319, -0.02524973285765901]], "inverted": false, "swapped": false, "error_lsq": 0.05663432880062501, "error_max": 0.3205724607481637, "target": "619.xyz", "model": "21.xyz", "model_rescale": 4.08911054899281, "target_rescale": 3.8903573037135653},
{"mapping": [0, 13, 12, 7, 9, 6, 2, 14, 3, 5, 15, 11, 16], "R": [[0.6233621053101683, -0.09370899914557872, 0.7762978224511573], [-0.2635905330281543, -0.9598664759804207, 0.095793419329628], [0.7361655496973546, -0.2643387443566727, -0.6230451923181253]], "T": [0.06323256225994509, -0.05228214984408078, 0.011667627593507132], "aligned_model": [[0.5137332966342125, -0.1844756319109326, -0.33917235223855313, 0.3061727500166276, -0.21431147653345975, 0.7692491822783892, -0.21933368324090877, -0.5662660678683507, -0.6661915371533466, 0.30147414111879345, -0.34796908442133245, 0.21938247826349247, 0.06888387430660046], [-0.5659445129070281, -0.18699626622498744, 0.34434920852984974, 0.08822672097048936, 0.5964040445046922, 0.016523642416784057, -0.6752551727853334, 0.07232239279594219, -0.3754218316271669, 0.5616122047942781, -0.19542443687294944, 0.06697947581333938, -0.08075330561899259], [-0.35340697201609184, -0.58601349425706, -0.4634358941530613, -0.6418103830576517, 0.11027360790945666, -0.2171782239320455, 0.2425675170786285, 0.01693721648955597, -0.3315524949906906, 0.2648547627211905, 0.5964158719901229, 0.7514560423690306, -0.026056454812855255]], "inverted": true, "swapped": false, "error_lsq": 0.04093696814152258, "error_max": 0.2692563602034609, "target": "619.xyz", "model": "22.xyz", "model_rescale": 4.204369325754507, "target_rescale": 3.8903573037135653},
{"mapping": [6, 2, 11, 5, 13, 8, 1, 14, 3, 7, 12, 4, 15], "R": [[0.3789423685100103, -0.3579267434873611, 0.853399746686485], [-0.04192310358950721, -0.9278681935930712, -0.37054428710176435], [0.9244701913709535, 0.10463776380859911, -0.36661397088993863]], "T": [-0.0416227292597174, 0.00837020629200061, 0.03403598136400169], "aligned_model": [[0.4226208641029035, -0.03320490387417192, -0.2934264551540304, 0.4003982858740571, -0.3142974818831694, 0.6981243901549276, -0.05181700510788077, -0.786829002853185, -0.6962902335903057, 0.4304889855984547, -0.35461038834139436, 0.2707234230037819, -0.05070458867875491], [-0.45129163984805554, -0.38091041777558887, 0.4890575314843897, 0.10171528120229983, 0.6008297459285739, -0.0421183229774951, -0.6512587404018266, 0.21779988480113716, -0.5360368816716693, 0.47447620526241663, -0.14235173396317954, -0.009227007932560191, -0.004061740319525097], [-0.32855515037682964, -0.7429550217720535, -0.44003973086448234, -0.6639373432902905, 0.19518814097511566, -0.11595489591156868, 0.016567340805491416, 0.010674011569412424, 0.012588925098832117, 0.2695806169616085, 0.4576639835046519, 0.6949408518512756, -0.0027106272126337164]], "inverted": true, "swapped": false, "error_lsq": 0.042899707225863434, "error_max": 0.32348268651153717, "target": "619.xyz", "model": "23.xyz", "model_rescale": 4.410303926677745, "target_rescale": 3.8903573037135653},
{"mapping": [15, 13, 7, 14, 1, 9, 5, 0, 12, 10, 2, 4, 16], "R": [[-0.3643033213998762, 0.37812201512490606, -0.8510621785127684], [-0.8689478578387946, 0.1907009279915092, 0.45668673773227514], [0.3349816567730076, 0.9059011523014295, 0.25909533358312986]], "T": [0.0628586824834125, 0.016870289306888588, -0.10932566763818874], "aligned_model": [[0.5532264182348174, -0.20400842815413603, -0.4197736340644075, 0.41631859653242087, -0.2605259351829269, 0.6837968534003865, -0.06306622820914831, -0.6463230721027551, -0.5942965724310239, 0.43259636329477047, -0.41909132949122985, 0.15294695702055183, 0.009375900403912077], [-0.49327034194986275, -0.1669760151591421, 0.35487367371562584, -0.10949606532183201, 0.7926194787421468, 0.08597986451649864, -0.5466891694462509, 0.015288563446757365, -0.43071190569144396, 0.4201826360574215, -0.18416550741481855, -0.14684771473298333, 0.07583466702680039], [-0.20211688979714618, -0.7331598646996251, -0.4171416123750109, -0.6725730587488371, 0.06379548565531568, -0.1549287173280311, 0.1399646986916631, 0.15037521451579206, -0.2276176134439562, 0.24340247785410296, 0.639141262541422, 0.553218588193278, -0.019308869720438424]], "inverted": true, "swapped": false, "error_lsq": 0.04291363245603619, "error_max": 0.24104660523759544, "target": "619.xyz", "model": "24.xyz", "model_rescale": 4.28219845311461, "target_rescale": 3.8903573037135653},
{"mapping": [1, 0, 2, 4, 13, 3, 8, 14, 6, 7, 11, 9, 15], "R": [[0.25541187409432153, -0.860076612069647, -0.441625402283909], [0.9665706087611452, 0.21652054495646733, 0.13733212257466876], [-0.022495173943223562, -0.46193838873009074, 0.8866266926766371]], "T": [-0.03864873478017385, -0.014373515627957035, 0.06649873028783926], "aligned_model": [[0.3289127846429656, -0.0983912949632498, -0.45560412730667266, 0.3515723902087387, -0.1436356544623629, 0.7221404781063938, -0.16822038735914505, -0.7883049629521337, -0.6329948851659837, 0.4760906278063609, -0.26218649573865166, 0.3538019525165164, -0.04200453608154384], [-0.487823081950061, -0.20405846248252335, 0.2759666332450844, 0.22960104093321093, 0.5696178111421555, -0.1237064673377759, -0.6963340347317089, 0.07367829933953386, -0.49185406326710857, 0.5668226017676801, -0.133161583483685, 0.11406209134124472, -0.02618862072712981], [-0.1584933505404333, -0.7247058067791305, -0.39244660739778614, -0.5017023453789364, 0.09562490219445607, -0.02989330302238613, 0.057166305066077866, 0.16851364262201735, -0.4140864495802107, 0.11941817358110994, 0.5485747985689435, 0.6016252917494039, -0.006544149744596842]], "inverted": false, "swapped": false, "error_lsq": 0.045492177154932784, "error_max": 0.28023023733021607, "target": "619.xyz", "model": "25.xyz", "model_rescale": 4.100010024507729, "target_rescale": 3.8903573037135653},
{"mapping": [8, 1, 0, 3, 10, 11, 6, 9, 2, 4, 7, 12], "R": [[0.8944767165346303, 0.3827832770049442, -0.2310592270886028], [0.12333526951028917, 0.2854905463566639, 0.9504123101242943], [0.42976716355749045, -0.8786194345598837, 0.20815396787335]], "T": [0.07325297425831563, 0.11720209280366548, -0.010392644640986475], "aligned_model": [[-0.6387263221514421, -0.0436122749044026, 0.36449673159281293, 0.5826205994173632, -0.45765262589236305, 0.1671755667617672, -0.19154350826621902, 0.581755759055185, 0.040747922612404244, 0.010952453190818917, -0.5704827628493452, 0.031034063796427536], [-0.3887894281036741, -0.6432126336443604, -0.30528848993229807, -0.3752412294417079, 0.5661246198878193, 0.8010158194621321, 0.05835860186517272, 0.48704399464892556, -0.22173140932580973, 0.31776423037972523, 0.19286228049859097, 0.17722503375612347], [0.051573976130268595, -0.006514804412860963, 0.6905771138008683, -0.07898371638100711, 0.11384056462849088, 0.31001552967300355, 0.4543542697042627, -0.2543662231934743, -0.5136466444750907, -0.6837313625996829, -0.465945088827317, -0.051981324193104084]], "inverted": false, "swapped": true, "error_lsq": 0.048906325580007515, "error_max": 0.2850843453011357, "target": "619.xyz", "model": "26.xyz", "model_rescale": 3.6694154284099745, "target_rescale": 3.8903573037135653},
{"mapping": [4, 10, 9, 8, 3, 5, 2, 12, 11, 7, 6, 1, 13], "R": [[-0.5317742160359231, 0.48382412738587394, -0.6950758209855074], [0.8279329969156832, 0.4696684401307405, -0.30649389710624314], [0.17816603429833308, -0.7384617594056273, -0.6503315263140412]], "T": [0.04424881504965795, -0.03988464148522266, -0.08433570041369881], "aligned_model": [[0.431013828097087, -0.08883376096370088, -0.3280856126348718, 0.38940895693740946, -0.28767239733239824, 0.7847631797725468, -0.23905265973206158, -0.7159802441179607, -0.7201646336935205, 0.2596690870915204, -0.2376933269102105, 0.3714527694596832, 0.022350703277709015], [-0.6579892226244923, -0.29396788900422016, 0.3761443607075645, 0.09731543990876634, 0.6283631893130434, 0.06263085168453161, -0.6302136762825629, 0.021067828242423807, -0.34734949217590105, 0.5445694762905631, -0.07754601233674162, 0.03399474259899916, -0.09039743253305643], [-0.46366421443023864, -0.6131281466385716, -0.4756801506945995, -0.6043335913205363, 0.22567134101888003, 0.17471554745121376, 0.09837048794626366, 0.1349116197265191, -0.3237368579203213, 0.005864162816693719, 0.5403887840889154, 0.7324421534251078, -0.06877003413079706]], "inverted": false, "swapped": false, "error_lsq": 0.04774924684083623, "error_max": 0.2856444125614121, "target": "619.xyz", "model": "27.xyz", "model_rescale": 4.103607728864725, "target_rescale": 3.8903573037135653},
{"mapping": [8, 4, 2, 13, 3, 11, 7, 0, 1, 10, 5, 6, 14], "R": [[-0.26452177858205805, 0.30236893469961523, -0.9157517436425685], [0.34280222297802654, 0.9170403641124223, 0.20377341953718914], [0.9013960642121243, -0.26001922605295125, -0.3462298911210819]], "T": [0.08192098554410582, 0.13814335660131433, 0.02573061468733167], "aligned_model": [[0.23334945822163544, -0.08765677616377929, -0.3932394347365011, 0.45045401993082895, -0.4235279631144258, 0.7127608244837622, 0.06214270189261045, -0.6192973212797515, -0.6384807258983212, 0.27483732341134576, -0.20994804022488778, 0.34134779569205626, -0.06156597296334057], [-0.5670117929614, -0.19929650055048037, 0.25783993469965055, 0.1087612365656121, 0.6840238999772255, -0.1294362607546809, -0.5705629617794741, 0.15777117578370545, -0.36862391965416347, 0.5392911055883383, -0.28291557717968285, -0.057435150818775704, 0.09421697487304284], [-0.3642765769314338, -0.7982760677334103, -0.5231008807849918, -0.5064278453052, -0.07460205810879073, 0.07576539700418633, 0.1577359908897159, 0.1583932540055395, -0.13879638596087535, 0.2740027363044974, 0.5479013305090226, 0.5695265694935976, -0.014794362043328867]], "inverted": true, "swapped": false, "error_lsq": 0.04829914517877591, "error_max": 0.28534267482457626, "target": "619.xyz", "model": "28.xyz", "model_rescale": 4.137296879288765, "target_rescale": 3.8903573037135653},
