[{"mapping": [7, 9, 8, 4, 3, 10, 0, 5, 2, 1, 6, 11], "R": [[0.21864917476338513, 0.9458630281096271, 0.23986594262332886], [0.15421185532046805, 0.20923056167869186, -0.9656299890425104], [-0.9635409913718824, 0.248124372271058, -0.10011520279749608]], "T": [-0.13703406217349284, -0.002833133911924631, -0.06342475438613103], "aligned_model": [[0.3144410495165059, -0.630798227283343, -0.41954691296902336, -0.3377762469334932, -0.7396423403040917, -0.25871023412832095, 0.326366512618833, 0.5252097677738448, 0.20898286765872148, 0.4637407429493972, -0.1325969855163183, -0.07701612516635396], [0.8261579337032328, 0.33947367254853356, -0.14437813731877247, -0.7325833723869961, -0.16426221701603388, 0.3910768910855484, -0.356232283157755, 0.20826280088857885, -0.5700108426719923, 0.07734347385156617, 0.5103062863749125, -0.020391082462180705], [-0.1379052431385391, 0.028114439034940666, 0.4872611741041001, -0.345409916135637, -0.35469169216583685, -0.6036017136779672, -0.2711754285028877, -0.5168097437023768, 0.3919124575146663, 0.3033475245773262, 0.4482614142303206, -0.09378626897641482]], "inverted": true, "swapped": false, "error_lsq": 0.05675370493255716, "error_max": 0.3316503215864095, "target": "62.xyz", "model": "0.xyz", "model_rescale": 3.751011558992144, "target_rescale": 3.7323734569592153},
{"mapping": [1, 3, 13, 11, 12, 7, 10, 4, 9, 8, 2, 14], "R": [[0.6272349937595912, 0.7267965983610141, -0.27989813721113654], [0.1011685503545815, 0.28030468437330214, 0.9545649314413012], [0.7722313040938952, -0.6270534176043074, 0.10228794869484756]], "T": [-0.0040037304781337935, 0.07205912653720097, -0.0661073361793702], "aligned_model": [[0.17254786552246099, -0.6662960223038821, -0.41852808142726977, -0.24426878021440865, -0.6964828235294815, -0.40092583883803257, 0.5012153748641732, 0.7493836975271964, -0.09564579673477722, 0.5033128659144037, -0.11986438663528845, -0.04179420592873535], [0.6081972060971897, 0.36706687053388287, -0.1474052930203245, -0.4977498328618328, -0.15809308728693883, 0.32040894314496005, -0.5516120011614574, 0.13129617781559727, -0.5444819740004366, 0.3494927506370761, 0.4548876574246052, 0.032755706116320796], [-0.4748505844798234, 0.17419505807204116, 0.48842591739434876, -0.5704102655685337, -0.20567011143065653, -0.5356307459080751, -0.23416009039977434, -0.2995004058904527, 0.14759438205037526, 0.25958992721621515, 0.6576030522230165, -0.07166913011698685]], "inverted": true, "swapped": false, "error_lsq": 0.06847943702700135, "error_max": 0.4034953480062516, "target": "62.xyz", "model": "1.xyz", "model_rescale": 3.9405287249114394, "target_rescale": 3.7323734569592153},
{"mapping": [1, 4, 3, 9, 8, 2, 5, 0, 11, 6, 7, 12], "R": [[0.42205771812536447, -0.804429181434132, -0.41804422568434396], [-0.622350159182903, -0.5923988503864986, 0.5116091099909873], [-0.6592022162704141, 0.04424131686520019, -0.7506631361311192]], "T": [-0.08411821360039634, 0.03329053867412128, -0.010852512293352545], "aligned_model": [[0.05101088846774546, -0.6519048433894288, -0.3774895886485632, -0.39697744893364356, -0.797574112336958, 0.012464802148916015, 0.2842534973205818, 0.7160008512398839, 0.26781593578328233, 0.3263528461896397, -0.08554962166220066, -0.10574933796289689], [0.7728022883354417, 0.4445245947742299, -0.007391974098755819, -0.6626129835743779, -0.23584582716312147, 0.15832549712808053, -0.31344296150762213, 0.1933964636917292, -0.5810746157819807, 0.022139224020765222, 0.5107679844132272, 0.06317543320102603], [-0.2600288158323849, 0.0033113861486415708, 0.47810336304278006, -0.27203921501553846, -0.14954666232027009, -0.6735799130810334, -0.5325367489936932, -0.2034805557586029, 0.06859621661340254, 0.3451599181718914, 0.62233236832017, -0.09077433813366835]], "inverted": true, "swapped": false, "error_lsq": 0.04289169057374773, "error_max": 0.21764704722659095, "target": "62.xyz", "model": "2.xyz", "model_rescale": 3.932901565614263, "target_rescale": 3.7323734569592153},
{"mapping": [10, 9, 7, 4, 5, 6, 2, 1, 0, 3, 8, 13], "R": [[-0.45468173479029017, -0.5846093366476983, 0.6719348506755924], [-0.5952055480283911, -0.3617828347278396, -0.7175259828692697], [0.6625668839025349, -0.7261853096838486, -0.18346667369050462]], "T": [-0.011400872936708883, 0.13887136567645555, 0.025844504916921862], "aligned_model": [[0.12899517706943855, -0.6704931321901574, -0.4987584527679738, -0.2430169945167469, -0.6457666429099539, -0.15305663974472944, 0.2425627462852532, 0.6587521116520335, 0.3629247703778495, 0.270917107125512, -0.13434746297803074, -0.07605871918613683], [0.65870481105245, 0.4101750950071562, -0.20609182825921465, -0.6685446648420738, 0.03241940852112796, 0.10298370957630443, -0.4111494080559287, 0.09322397883328301, -0.41226725161977906, 0.08799980033612409, 0.4921084113767159, 0.1852010615124765], [-0.44660398805604423, 0.20412692029287582, 0.41728483441537284, -0.2142799012222667, -0.2951659876821818, -0.6414919773402883, -0.5461515455526695, -0.28653333397909253, 0.09709663769162341, 0.4482117859113555, 0.6574254190317108, -0.05840186034870133]], "inverted": true, "swapped": false, "error_lsq": 0.04633443135117619, "error_max": 0.24293725402520677, "target": "62.xyz", "model": "3.xyz", "model_rescale": 3.9243930471874484, "target_rescale": 3.7323734569592153},
{"mapping": [5, 11, 10, 8, 9, 1, 7, 2, 4, 3, 6, 12], "R": [[-0.6466029312301418, 0.555403919824502, 0.5229064306051008], [0.6876151384192981, 0.7211662341923388, 0.08428928803502111], [-0.33028786042057073, 0.4140600783756137, -0.8482123441417146]], "T": [-0.11737743804997922, 0.025080543061851774, -0.030596711534207732], "aligned_model": [[-0.04415704591010519, -0.8073643018886199, -0.3412715432377219, -0.3579843778138455, -0.729607317249797, -0.01676694128359399, 0.29823211294316176, 0.7777184229339488, 0.25749377313281063, 0.3991504341092025, -0.11228479748253939, -0.08050455003654314], [0.756737993846841, 0.33520601202249767, -0.28222339424523774, -0.5453231270081444, -0.05402015489989187, 0.21340036011350974, -0.4098874769649737, -0.0764073637564747, -0.4269124263094245, 0.15412245005668893, 0.5713791448770574, 0.1286911057061943], [-0.21208844319319403, 0.20151188938263653, 0.5631738159397087, -0.14498343552075058, -0.3720715222799146, -0.7121929809111286, -0.5606818760025218, -0.2298907022430433, 0.0562433719834929, 0.3811076895675025, 0.44168330858469707, -0.07629411214579072]], "inverted": true, "swapped": false, "error_lsq": 0.047665698115053605, "error_max": 0.29579406116639134, "target": "62.xyz", "model": "4.xyz", "model_rescale": 3.8936222436046832, "target_rescale": 3.7323734569592153},
{"mapping": [3, 2, 1, 5, 4, 10, 7, 8, 6, 9, 0, 11], "R": [[-0.8135715688280775, 0.21411000137408098, -0.5406091098993911], [-0.561433330502899, -0.04732330913600247, 0.826167731040641], [0.15130736199882505, 0.9756625501288902, 0.1587093900213442]], "T": [0.014062030409754192, 0.050988587409381385, -0.09958872915889579], "aligned_model": [[0.10828224016244735, -0.6024141989469195, -0.40029614753511694, -0.36598727434779105, -0.6949906940719917, -0.1354877111124846, 0.22584787711187432, 0.64851341480559, 0.2583346100897125, 0.4458487092820917, -0.13928106995885065, -0.1057158872622031], [0.6159929881565227, 0.47168985754471093, -0.1401810949861693, -0.6649983051363624, -0.1355302756761194, 0.28096115481500805, -0.3634514405979503, 0.3328428970317043, -0.6639477841123349, 0.09703131714913343, 0.6034136476212733, -0.0690598383707744], [-0.0529559988966546, -0.08836532197476601, 0.5598581754998788, -0.0897829806989732, -0.40467813658753193, -0.6689874405523802, -0.5502923409815695, -0.3523582196365936, 0.15300881556309132, 0.3402706515615415, 0.5742293140814531, -0.08442951421580161]], "inverted": true, "swapped": false, "error_lsq": 0.04299460252108093, "error_max": 0.250791195867899, "target": "62.xyz", "model": "5.xyz", "model_rescale": 3.6523030999806103, "target_rescale": 3.7323734569592153},
{"mapping": [10, 9, 7, 5, 8, 6, 1, 2, 3, 4, 11, 12], "R": [[-0.6032274263183383, -0.493258562900484, -0.6267476862842838], [-0.07405965161402564, -0.7477853314351962, 0.6597971401068384], [-0.7941233154492839, 0.444424446014959, 0.4145540635962142]], "T": [-0.08653350970920652, -0.004526486524505841, -0.10220824905702594], "aligned_model": [[-0.0017392293695589894, -0.641095139634616, -0.31721371864629155, -0.4637174435085111, -0.6272816820960098, -0.046126044534906374, 0.2639374728435335, 0.6403554561476223, 0.28744651098320156, 0.34880417978752015, -0.10673219397314714, -0.09398429978247891], [0.7645373930104187, 0.425200324442811, -0.23681062212278825, -0.5693916102605442, -0.03687126667647553, 0.24597802403835076, -0.4528003068203851, 0.06688070567352371, -0.3937768860958305, 0.27006437274044715, 0.374390947111008, -0.09263795160189342], [-0.20232678322211187, 0.07231722682249975, 0.4974989972317656, -0.1528363248361445, -0.5025185436083197, -0.7007391079256067, -0.5004488025159841, -0.30895707838164765, 0.3351288903496905, 0.1511937202303175, 0.6918840596716636, -0.04467925065442801]], "inverted": true, "swapped": false, "error_lsq": 0.04400327513064518, "error_max": 0.23516599016667394, "target": "62.xyz", "model": "6.xyz", "model_rescale": 4.08911054899281, "target_rescale": 3.7323734569592153},
{"mapping": [11, 1, 3, 7, 2, 12, 5, 10, 4, 8, 9, 14], "R": [[0.7704423127671302, -0.5436794718088128, -0.3329133139898823], [-0.009297090735251978, 0.5125714597746912, -0.8585942363703025], [0.6374419242581211, 0.6645924544848012, 0.3898521035469367]], "T": [-0.12144678482664506, 0.018774055753922585, -0.08834014695967395], "aligned_model": [[0.03677704136243762, -0.6709739652738992, -0.1767091695747226, -0.41947359963542247, -0.905073905520216, 0.12339967005905988, 0.3184192596618324, 0.5526470944172819, 0.2810716491770995, 0.3794591754066631, -0.14211790646764477, -0.13477147539611126], [0.56157474242494, 0.48555946898108077, -0.25085844567959464, -0.531145786016486, -0.13734784697073651, 0.17233025344841477, -0.4964428696875974, 0.20765483812060215, -0.4793881510498806, 0.13040481924775923, 0.5428883274256427, 0.15953377319449735], [-0.24602241715107998, 0.046111758208819034, 0.6537486747243837, -0.5444729673306645, -0.1964790876535331, -0.7398557842936597, -0.4370099222886752, -0.2592096600988185, 0.20604534130663466, 0.36085999209808994, 0.4942697078041429, -0.0024686321639452585]], "inverted": true, "swapped": false, "error_lsq": 0.05615974785101709, "error_max": 0.31189161266791693, "target": "62.xyz", "model": "7.xyz", "model_rescale": 3.964800864290218, "target_rescale": 3.7323734569592153},
{"mapping": [1, 8, 10, 11, 9, 12, 4, 2, 6, 0, 5, 13], "R": [[-0.0730063078142118, 0.22225811253526745, -0.9722506932019113], [0.4281998084665831, -0.8734429277645607, -0.2318240193924132], [-0.900730260981898, -0.4332421763290513, -0.0314040379752199]], "T": [0.035269297456164805, 0.05630878022268796, -0.02686489304387584], "aligned_model": [[0.24595468809096305, -0.5751707459335278, -0.5982882323040748, -0.29658958581836226, -0.6251661947092004, -0.3103166145389902, 0.30591171192506184, 0.565318796722313, 0.2649086378297737, 0.6868052989251556, -0.38522332577815344, -0.03549056619460085], [0.7764676205768978, 0.5232964022877122, -0.16417339590951674, -0.6729985524495383, -0.04810358959418475, 0.002442067673809202, -0.42623400715775456, 0.16158843597338812, -0.4586043770017734, 0.18375897364826718, 0.40141352638431477, 0.0859100190070207], [-0.016725760677793942, -0.04538773493503777, 0.447610058349074, -0.2392650356897474, -0.19051007172669135, -0.6964496091166241, -0.4616045126455413, -0.40971270897967493, 0.10964897822366035, 0.24223854340449957, 0.6080834441857143, -0.012408587230143292]], "inverted": false, "swapped": false, "error_lsq": 0.05532720336361558, "error_max": 0.2649974285078738, "target": "62.xyz", "model": "8.xyz", "model_rescale": 4.121658175737393, "target_rescale": 3.7323734569592153},
{"mapping": [8, 2, 0, 4, 1, 6, 9, 7, 5, 11, 3, 12], "R": [[0.22561045031815333, 0.168902074515765, 0.9594644412022317], [0.935201245589989, 0.23837683913603194, -0.26186850289877883], [-0.2729442341471485, 0.9563726113747641, -0.10417712444697838]], "T": [0.013684608636314169, 0.05025295109489557, 0.003853678853094844], "aligned_model": [[0.09358204977707782, -0.5157149086878324, -0.522884430166704, -0.39473905687530464, -0.6419972710066296, -0.11647729019631235, 0.2658204224459175, 0.6592938536925107, 0.23016087669997615, 0.41786251377463546, -0.16390112809247342, -0.0683517631485033], [0.6837810259829562, 0.4883987301832491, -0.3569314661483958, -0.6873914513202205, -0.06014763985239972, 0.16260955060389629, -0.4054531576993255, 0.07520952556130787, -0.488719999188475, 0.45462432774656025, 0.4669944412304905, 0.03178923633899844], [-0.3465916306533753, 0.10440654148219153, 0.41020175633657996, -0.2739929744548485, -0.1773221968586421, -0.6674256406056773, -0.6457225605808501, -0.1905088237086786, 0.21448152721091646, 0.2798175991331556, 0.6499758251846378, -0.021802419323714725]], "inverted": false, "swapped": false, "error_lsq": 0.04050303808872791, "error_max": 0.24919536626230243, "target": "62.xyz", "model": "9.xyz", "model_rescale": 3.833441315466971, "target_rescale": 3.7323734569592153},
{"mapping": [0, 13, 8, 3, 2, 5, 4, 6, 7, 12, 10, 14], "R": [[-0.40291646802853426, -0.019721154933663443, 0.9150242596999787], [-0.2984109727423878, 0.9479644888312417, -0.11096945193099392], [-0.8652220588602406, -0.3177646990510521, -0.38783551268371647]], "T": [0.038595807435080995, 0.043633976101442165, 0.0098307725930806], "aligned_model": [[-0.061296720435820615, -0.5984216128965314, -0.4659383306911998, -0.20399346340743513, -0.6087295931003143, -0.20601348841317263, 0.24181323914807595, 0.6311905187126886, 0.1260417963696418, 0.5563826179367481, -0.15323709405635538, -0.015144000949967415], [0.7138289590470326, 0.4701730817926015, -0.06558077231080245, -0.7139308080380582, -0.12388107158277271, 0.26350813780572524, -0.3014945985168272, -0.053601158998836274, -0.5595164455876466, 0.26575775769450366, 0.5039881149900287, -0.034488072856306506], [-0.05860262140274311, -0.20916634822109587, 0.5938485844542956, -0.33883510364289593, -0.2539092311012401, -0.5811487929305263, -0.6797354116997507, -0.30735435428514335, 0.27904582532480937, 0.22332058928718282, 0.6633048334657332, 0.004749033913068624]], "inverted": true, "swapped": false, "error_lsq": 0.05073258162479909, "error_max": 0.2445562709295117, "target": "62.xyz", "model": "10.xyz", "model_rescale": 4.2482417240324, "target_rescale": 3.7323734569592153},
{"mapping": [4, 6, 1, 3, 2, 5, 7, 9, 8, 10, 0, 11], "R": [[0.17311646862149527, -0.4212899708554554, 0.8902502169326512], [0.7644995808649444, -0.5123947203234376, -0.39114197095426906], [0.6209437004667548, 0.7483090344511921, 0.23337204161890807]], "T": [-0.1205335139747285, 0.008274984627153016, -0.028667037121143227], "aligned_model": [[0.11741866240801088, -0.5346790285787111, -0.4856604941371642, -0.23088105651349014, -0.7809773362304777, -0.08989770948114167, 0.13861238713252116, 0.6492680873313292, 0.17882765614975382, 0.42804306783038476, -0.11495334857705378, -0.0324670191176034], [0.827700088798412, 0.49675491601964417, -0.2252021289966105, -0.7887878832784508, -0.22356424059616317, 0.37691747875195664, -0.33723708078145387, 0.1020119690037335, -0.4441107844166857, 0.12539041837995277, 0.3736907134066606, 0.08119965714764649], [-0.22298852497280797, -0.13041666858566459, 0.5292910970874889, -0.13155450435352886, -0.2691287132293041, -0.6823874126105451, -0.5502234207382378, -0.3078260859186344, 0.25871395519242185, 0.28811375713002957, 0.6348687063384898, -0.08094518217801319]], "inverted": true, "swapped": false, "error_lsq": 0.04247740296657271, "error_max": 0.2259129101739297, "target": "62.xyz", "model": "11.xyz", "model_rescale": 3.6694154284099745, "target_rescale": 3.7323734569592153},
{"mapping": [0, 4, 2, 9, 11, 6, 7, 5, 10, 12, 1, 13], "R": [[0.9557214613949496, 0.28573608468267675, 0.07036602972540085], [-0.19786264484508329, 0.44696736120547453, 0.8723935761982222], [0.21782300614033, -0.8476880723044466, 0.4837127970901336]], "T": [-0.10495796594838633, 0.0075576488867447784, -0.04703127882061149], "aligned_model": [[0.0716175868836815, -0.6347805827760548, -0.21784410808197324, -0.34932401506559807, -0.6793667490284613, -0.11135769340999425, 0.29368883759870357, 0.5577751108440657, 0.15345541168264967, 0.4586064140359135, -0.1980588542177191, -0.10175749024885568], [0.6988388033709447, 0.5237437723814999, -0.119713043636353, -0.7284969961291133, -0.147386556750611, 0.23323466076950392, -0.46759239730610186, 0.2089410451554437, -0.5220568725785418, 0.04487091235908729, 0.5132717314771627, 0.12710806432572128], [-0.08813242263072514, -0.06980254052547337, 0.5833435803950805, -0.25486549274967657, -0.4841531061948007, -0.5655713093387539, -0.456272623376813, -0.45298742067484626, 0.19016014645200924, 0.33081976358690124, 0.6253220400339585, -0.0223436118151664]], "inverted": true, "swapped": false, "error_lsq": 0.04221311320164697, "error_max": 0.26962776670971916, "target": "62.xyz", "model": "12.xyz", "model_rescale": 3.9764082729961374, "target_rescale": 3.7323734569592153},
{"mapping": [12, 6, 4, 3, 14, 11, 8, 1, 7, 9, 5, 15], "R": [[0.4388793593551044, 0.7656085488732949, 0.4703492934237077], [-0.7879969048469755, 0.5794863439303704, -0.20798186255007856], [-0.4317936843952679, -0.2793548408213835, 0.8576217622157332]], "T": [0.010017856250354465, 0.1015241862209945, -0.0489127676725258], "aligned_model": [[0.24272867547247706, -0.6917875967313398, -0.29235363776759393, -0.315623542090657, -0.6948497201273528, -0.21234112834024454, 0.2544186607972734, 0.6059250070353248, 0.08356063536967136, 0.4004840602281774, -0.07610877549578253, -0.06139877013359578], [0.669685605897419, 0.33167929517262706, -0.16515957177549362, -0.6016706539776766, 0.008079483126530576, -0.037194106973439736, -0.3497245816135557, 0.19306374010966604, -0.5840070085360466, 0.36642752768940406, 0.5084302162553833, 0.02515317806382425], [-0.2228432444628418, 0.14642421727362495, 0.5454902728693715, -0.3774217382016238, -0.4139303382223198, -0.7984849228747262, -0.5350152598623602, -0.2485067454829728, 0.260396365036778, 0.3237284669589125, 0.6789839227035445, -0.023303992573692863]], "inverted": true, "swapped": false, "error_lsq": 0.04783234049746149, "error_max": 0.29172031418364663, "target": "62.xyz", "model": "13.xyz", "model_rescale": 4.170626492500431, "target_rescale": 3.7323734569592153},
{"mapping": [10, 12, 4, 6, 5, 11, 3, 1, 2, 0, 8, 13], "R": [[-0.0562812752120673, 0.9536496137562906, 0.2956092560170971], [-0.6757640208065525, 0.18156793817849295, -0.7144060974046711], [-0.734966261976606, -0.23996978561495835, 0.6342232223342554]], "T": [0.047865386126842366, 0.07146831867626809, -0.027848149051155752], "aligned_model": [[-0.052084652016332236, -0.5970697737050373, -0.3464915799805661, -0.38630638762870795, -0.8006738856201664, -0.2296168225364173, 0.321100210152622, 0.7724135732310056, 0.1976770980024654, 0.5281987341364397, -0.14375381550088212, -0.020738830318065032], [0.6131185252195105, 0.40717268187702865, -0.09162606161931384, -0.560742406304272, -0.08361952796101811, 0.08129253301220764, -0.3522834428957042, 0.2295478668896046, -0.5039992997537899, 0.03011202600812378, 0.5486781022980706, 0.047112126668194615], [-0.1501320343413693, 0.05621933174119685, 0.538672756998728, -0.3732374035505199, -0.3162032989699543, -0.6778995007297646, -0.4982211711667265, -0.22997496789537625, 0.25379992631893594, 0.3234749762544814, 0.5079775658861824, -0.09895917738411943]], "inverted": true, "swapped": false, "error_lsq": 0.038899489952134346, "error_max": 0.2023768750638126, "target": "62.xyz", "model": "14.xyz", "model_rescale": 3.9786697098870705, "target_rescale": 3.7323734569592153},
{"mapping": [5, 7, 1, 9, 6, 8, 3, 2, 0, 4, 10, 11], "R": [[-0.5386373473491065, -0.16720800078930495, 0.8257792032454933], [-0.18465993624671703, -0.9328508594444783, -0.30933797371007726], [0.8220526236112115, -0.31910932061872127, 0.471591693637814]], "T": [-0.10841210496283901, 0.030583588281321076, -0.036014985507064085], "aligned_model": [[0.19393926636945472, -0.5889081393293534, -0.3189469278869799, -0.32400783426442914, -0.8391087429451827, 0.049870628544018386, 0.26189953754452777, 0.7287925983792284, 0.2822565863083176, 0.3131717728108986, -0.3296120857097918, -0.18669279160435073], [0.7344289375556085, 0.47492211865334083, -0.19575736683964196, -0.41154410998146146, -0.26354486491308576, 0.21334391583306397, -0.483755034654422, 0.04761259780329172, -0.5227282354025866, 0.2951497718481162, 0.5084786702826548, -0.031843276746235966], [-0.27652477800704806, -0.1285505828498353, 0.5682340954716104, -0.41740172883330207, 0.047211014436952387, -0.49837130369550553, -0.701953646858631, -0.2654615235146236, 0.12219242743813602, 0.32061717597771644, 0.6081960417296427, -0.042670188133418135]], "inverted": true, "swapped": false, "error_lsq": 0.05757656865862618, "error_max": 0.409035692189711, "target": "62.xyz", "model": "15.xyz", "model_rescale": 3.769337070930944, "target_rescale": 3.7323734569592153},
{"mapping": [9, 7, 2, 8, 10, 0, 1, 5, 4, 3, 11], "R": [[0.5676398069996231, -0.8084177832066206, 0.15571042773277508], [0.6696323753921976, 0.3433429217356154, -0.6585651979270191], [0.4789337442027166, 0.47809656544399504, 0.7362378303066356]], "T": [-0.11865370883461372, 0.02201621613325245, -0.04398550237301653], "aligned_model": [[-0.24447767006198173, -0.41125368974762205, -0.15552514250046573, -0.6356673822197546, 0.30857049559137, 0.40671871788135333, 0.6031994221286238, 0.23976996736572603, 0.27406773302213644, -0.4216056463184672, -0.041170674449747674], [-0.13348852207605508, -0.7274972486426587, 0.702831464052353, 0.13079053827398004, 0.3956100927201417, -0.4397332985735153, 0.28713194516286633, -0.359187262462306, 0.3565988363420537, 0.32062021197776613, 0.062387740850716154], [-0.5799222043483532, -0.2395386235357025, -0.14854497698935787, -0.06940770119540458, -0.6706028094013007, -0.26124703439839964, 0.0026095234061752764, 0.4096646174901906, 0.6130473181837239, 0.6665310643125585, 0.021628433699647023]], "inverted": true, "swapped": true, "error_lsq": 0.049414210702905643, "error_max": 0.23543644804833452, "target": "62.xyz", "model": "16.xyz", "model_rescale": 3.7852294659196426, "target_rescale": 3.7323734569592153},
{"mapping": [1, 6, 11, 9, 10, 4, 0, 3, 8, 2, 7, 12], "R": [[-0.21617029569045154, 0.9730105359680737, 0.08075209072355383], [0.7808685957974283, 0.2219450596301264, -0.5839388894423222], [-0.5861012193797721, -0.06317347070489265, -0.8077713000847719]], "T": [-0.0088432000433619, 0.08028688693472973, -0.07690070905981689], "aligned_model": [[0.35881369392024987, -0.817576956794402, -0.26584448347018197, -0.30137390983306295, -0.7506469877858033, -0.13193097440150373, 0.156359402492516, 0.7599125661662836, 0.2078375331196115, 0.3498682162595568, -0.24553692473873615, -0.07722730671817013], [0.6587247978186663, 0.37790821275754094, -0.17865925382241088, -0.7305076187041171, -0.12325215457292642, 0.3165167911730919, -0.28687014574435366, 0.04050720597527567, -0.49211997647842143, 0.23985230744003572, 0.5230807306491511, 0.019582226947109795], [-0.1439241812193982, 0.1346755018165635, 0.5593612738821345, -0.14247386643105575, -0.31680501154781293, -0.7332782812213645, -0.6279460513034336, -0.27671942706376507, 0.14582278284425673, 0.392089714534512, 0.4123197911595224, -0.06760524228846489]], "inverted": true, "swapped": false, "error_lsq": 0.04654985243397231, "error_max": 0.2587708617672309, "target": "62.xyz", "model": "17.xyz", "model_rescale": 3.901054581598922, "target_rescale": 3.7323734569592153},
{"mapping": [1, 3, 13, 11, 12, 7, 10, 4, 9, 8, 2, 14], "R": [[0.6272349937595912, 0.7267965983610141, -0.27989813721113654], [0.1011685503545815, 0.28030468437330214, 0.9545649314413012], [0.7722313040938952, -0.6270534176043074, 0.10228794869484756]], "T": [-0.0040037304781337935, 0.07205912653720097, -0.0661073361793702], "aligned_model": [[0.17254786552246099, -0.6662960223038821, -0.41852808142726977, -0.24426878021440865, -0.6964828235294815, -0.40092583883803257, 0.5012153748641732, 0.7493836975271964, -0.09564579673477722, 0.5033128659144037, -0.11986438663528845, -0.04179420592873535], [0.6081972060971897, 0.36706687053388287, -0.1474052930203245, -0.4977498328618328, -0.15809308728693883, 0.32040894314496005, -0.5516120011614574, 0.13129617781559727, -0.5444819740004366, 0.3494927506370761, 0.4548876574246052, 0.032755706116320796], [-0.4748505844798234, 0.17419505807204116, 0.48842591739434876, -0.5704102655685337, -0.20567011143065653, -0.5356307459080751, -0.23416009039977434, -0.2995004058904527, 0.14759438205037526, 0.25958992721621515, 0.6576030522230165, -0.07166913011698685]], "inverted": true, "swapped": false, "error_lsq": 0.06847943702700135, "error_max": 0.4034953480062516, "target": "62.xyz", "model": "18.xyz", "model_rescale": 3.9405287249114394, "target_rescale": 3.7323734569592153},
{"mapping": [13, 7, 0, 2, 5, 11, 10, 14, 1, 12, 4, 15], "R": [[0.05115104499634532, -0.5390460318297352, 0.8407216817499107], [-0.4944196742692506, 0.7177539117317899, 0.4902841093582395], [-0.8677169793724623, -0.44074788458066383, -0.2298011008380941]], "T": [-0.07051287086902953, 0.06464228382003555, 0.017222183023311938], "aligned_model": [[0.12366752400450658, -0.521658670925394, -0.35700996982623145, -0.25230916691053024, -0.7204026455887831, -0.07647478970406348, 0.2507849267685715, 0.5759042842202783, 0.05643951817767566, 0.3830429513178046, -0.14791890347813352, -0.07141118983934316], [0.6380349799479006, 0.5945914367862203, -0.12786178148150756, -0.6934952616857877, -0.23880492124566044, 0.18932889365625907, -0.34433732166073067, 0.20543744984846202, -0.4908976146375734, 0.16987435745125307, 0.429406893181054, 0.03348601327875312], [-0.2740588421842054, 0.12327363894575045, 0.6118109947978336, -0.36683881714859234, -0.40328431777232765, -0.6924473927309049, -0.572190613309233, -0.3853452584140937, 0.3500553786581255, 0.30593032119938024, 0.6462055806495928, -0.007593669529631544]], "inverted": false, "swapped": false, "error_lsq": 0.04110518008337239, "error_max": 0.2559290926021313, "target": "62.xyz", "model": "19.xyz", "model_rescale": 4.410303926677745, "target_rescale": 3.7323734569592153},
{"mapping": [1, 8, 10, 11, 9, 12, 4, 2, 6, 0, 5, 13], "R": [[-0.0730063078142118, 0.22225811253526745, -0.9722506932019113], [0.4281998084665831, -0.8734429277645607, -0.2318240193924132], [-0.900730260981898, -0.4332421763290513, -0.0314040379752199]], "T": [0.035269297456164805, 0.05630878022268796, -0.02686489304387584], "aligned_model": [[0.24595468809096305, -0.5751707459335278, -0.5982882323040748, -0.29658958581836226, -0.6251661947092004, -0.3103166145389902, 0.30591171192506184, 0.565318796722313, 0.2649086378297737, 0.6868052989251556, -0.38522332577815344, -0.03549056619460085], [0.7764676205768978, 0.5232964022877122, -0.16417339590951674, -0.6729985524495383, -0.04810358959418475, 0.002442067673809202, -0.42623400715775456, 0.16158843597338812, -0.4586043770017734, 0.18375897364826718, 0.40141352638431477, 0.0859100190070207], [-0.016725760677793942, -0.04538773493503777, 0.447610058349074, -0.2392650356897474, -0.19051007172669135, -0.6964496091166241, -0.4616045126455413, -0.40971270897967493, 0.10964897822366035, 0.24223854340449957, 0.6080834441857143, -0.012408587230143292]], "inverted": false, "swapped": false, "error_lsq": 0.05532720336361558, "error_max": 0.2649974285078738, "target": "62.xyz", "model": "20.xyz", "model_rescale": 4.121658175737393, "target_rescale": 3.7323734569592153},
{"mapping": [10, 9, 7, 5, 8, 6, 1, 2, 3, 4, 11, 12], "R": [[-0.6032274263183383, -0.493258562900484, -0.6267476862842838], [-0.07405965161402564, -0.7477853314351962, 0.6597971401068384], [-0.7941233154492839, 0.444424446014959, 0.4145540635962142]], "T": [-0.08653350970920652, -0.004526486524505841, -0.10220824905702594], "aligned_model": [[-0.0017392293695589894, -0.641095139634616, -0.31721371864629155, -0.4637174435085111, -0.6272816820960098, -0.046126044534906374, 0.2639374728435335, 0.6403554561476223, 0.28744651098320156, 0.34880417978752015, -0.10673219397314714, -0.09398429978247891], [0.7645373930104187, 0.425200324442811, -0.23681062212278825, -0.5693916102605442, -0.03687126667647553, 0.24597802403835076, -0.4528003068203851, 0.06688070567352371, -0.3937768860958305, 0.27006437274044715, 0.374390947111008, -0.09263795160189342], [-0.20232678322211187, 0.07231722682249975, 0.4974989972317656, -0.1528363248361445, -0.5025185436083197, -0.7007391079256067, -0.5004488025159841, -0.30895707838164765, 0.3351288903496905, 0.1511937202303175, 0.6918840596716636, -0.04467925065442801]], "inverted": true, "swapped": false, "error_lsq": 0.04400327513064518, "error_max": 0.23516599016667394, "target": "62.xyz", "model": "21.xyz", "model_rescale": 4.08911054899281, "target_rescale": 3.7323734569592153},
{"mapping": [14, 5, 6, 1, 11, 15, 2, 3, 0, 13, 10, 16], "R": [[-0.722977945125858, 0.6889260899775121, -0.0518047624247895], [-0.6471433609211733, -0.7015647964192813, -0.29834930340260696], [-0.24188501664476914, -0.18217485823644675, 0.9530498201821825]], "T": [-0.07567440738845806, 0.07196984666517808, -0.004415433691669045], "aligned_model": [[0.21111680704972985, -0.6727068490683823, -0.3444735944811281, -0.3388202219119612, -0.7237207286333337, -0.17801947907859633, 0.22011805893372893, 0.7172913204418514, 0.16743222794603851, 0.5336520249851355, -0.3096753815469221, -0.03954031641980294], [0.5313743549037153, 0.4103193695417035, -0.2497945184543799, -0.6006644617433876, 0.002596829036625267, 0.12789608393024282, -0.2994122607281741, 0.2597793917032849, -0.564973758298891, 0.16593306205295957, 0.5322083320600017, 0.0495006994349415], [-0.34868405421674803, 0.15929442520236123, 0.6118465389375825, -0.3335290139592297, -0.40580848321362994, -0.7240714349730352, -0.548323492602698, -0.3047681473028572, 0.36339077361183797, 0.23353871944102159, 0.6157131738320488, 0.016917998405039977]], "inverted": true, "swapped": false, "error_lsq": 0.042628713870199654, "error_max": 0.23703169663645038, "target": "62.xyz", "model": "22.xyz", "model_rescale": 4.204369325754507, "target_rescale": 3.7323734569592153},
{"mapping": [13, 7, 0, 2, 5, 11, 10, 14, 1, 12, 4, 15], "R": [[0.05115104499634532, -0.5390460318297352, 0.8407216817499107], [-0.4944196742692506, 0.7177539117317899, 0.4902841093582395], [-0.8677169793724623, -0.44074788458066383, -0.2298011008380941]], "T": [-0.07051287086902953, 0.06464228382003555, 0.017222183023311938], "aligned_model": [[0.12366752400450658, -0.521658670925394, -0.35700996982623145, -0.25230916691053024, -0.7204026455887831, -0.07647478970406348, 0.2507849267685715, 0.5759042842202783, 0.05643951817767566, 0.3830429513178046, -0.14791890347813352, -0.07141118983934316], [0.6380349799479006, 0.5945914367862203, -0.12786178148150756, -0.6934952616857877, -0.23880492124566044, 0.18932889365625907, -0.34433732166073067, 0.20543744984846202, -0.4908976146375734, 0.16987435745125307, 0.429406893181054, 0.03348601327875312], [-0.2740588421842054, 0.12327363894575045, 0.6118109947978336, -0.36683881714859234, -0.40328431777232765, -0.6924473927309049, -0.572190613309233, -0.3853452584140937, 0.3500553786581255, 0.30593032119938024, 0.6462055806495928, -0.007593669529631544]], "inverted": false, "swapped": false, "error_lsq": 0.04110518008337239, "error_max": 0.2559290926021313, "target": "62.xyz", "model": "23.xyz", "model_rescale": 4.410303926677745, "target_rescale": 3.7323734569592153},
{"mapping": [7, 6, 15, 4, 5, 0, 3, 1, 10, 11, 14, 16], "R": [[0.8734972011957314, -0.21029928402394155, -0.43906360660187], [0.13191955482255308, 0.9703891746589719, -0.2023414953984939], [0.4686148424438172, 0.11882365439464004, 0.8753748160631876]], "T": [-0.09558826850902771, 0.07033293674393323, 0.01969161679421394], "aligned_model": [[0.2270886347427852, -0.740669862024148, -0.5948274294882809, -0.2493516033325736, -0.659068935304775, -0.11120761166680951, 0.23895401098098187, 0.6741200920318248, 0.3205923107845129, 0.3938791651765021, -0.21997276005617594, -0.03688214362748589], [0.582829650007997, 0.44486451343352174, -0.10088127845392206, -0.5544771066272955, -0.09731044669822522, 0.19239912449901286, -0.4461774244522928, 0.09543085888924657, -0.4095388774205043, 0.25364147798200964, 0.3844799098031829, 0.01950272247591131], [-0.2544573056615381, 0.16629968454698568, 0.5000666197800716, -0.2249583771921656, -0.20388670854931734, -0.7254538005656653, -0.6364710876051091, -0.35879812360549357, 0.16217218973326206, 0.3768205804491276, 0.6061983666231514, -0.07201503479161517]], "inverted": false, "swapped": false, "error_lsq": 0.04218622777548554, "error_max": 0.24028126914263503, "target": "62.xyz", "model": "24.xyz", "model_rescale": 4.28219845311461, "target_rescale": 3.7323734569592153},
{"mapping": [1, 9, 13, 14, 11, 8, 6, 0, 2, 4, 7, 15], "R": [[0.06497539164055305, -0.36616362557628046, 0.9282792671313901], [0.058754405152877706, 0.930034940754116, 0.36274361310934183], [-0.9961556697405726, 0.030971087829165356, 0.08194311052425265]], "T": [-0.17542273670212644, 0.09085028031591305, -0.04558360352713428], "aligned_model": [[0.12886321664418016, -0.689061583359927, -0.2773378162115758, -0.3450587307928614, -0.6573709732625997, -0.10063859531083016, 0.3070920509781547, 0.6248101961554842, 0.21433421259808655, 0.39102767709949854, -0.2519964700434407, -0.10200931627781101], [0.559445084724347, 0.4806980174032375, -0.18504448369223506, -0.6336090029333545, -0.031127520112168544, 0.17740201102214187, -0.37634628588952845, 0.006310592061735371, -0.44280218148596073, 0.3223890032734482, 0.404115572299667, 0.08333231676731284], [-0.35816378000066285, 0.15706772504192934, 0.4705673944361318, -0.2084547222604277, -0.26767454149528214, -0.7303187253347915, -0.6465028852586491, -0.17987606912293644, 0.1335381284679262, 0.3546317403827085, 0.6626164571553906, -0.051913718849642576]], "inverted": true, "swapped": false, "error_lsq": 0.038471276929825084, "error_max": 0.21402756317253144, "target": "62.xyz", "model": "25.xyz", "model_rescale": 4.100010024507729, "target_rescale": 3.7323734569592153},
{"mapping": [4, 6, 1, 3, 2, 5, 7, 9, 8, 10, 0, 11], "R": [[0.17311646862149527, -0.4212899708554554, 0.8902502169326512], [0.7644995808649444, -0.5123947203234376, -0.39114197095426906], [0.6209437004667548, 0.7483090344511921, 0.23337204161890807]], "T": [-0.1205335139747285, 0.008274984627153016, -0.028667037121143227], "aligned_model": [[0.11741866240801088, -0.5346790285787111, -0.4856604941371642, -0.23088105651349014, -0.7809773362304777, -0.08989770948114167, 0.13861238713252116, 0.6492680873313292, 0.17882765614975382, 0.42804306783038476, -0.11495334857705378, -0.0324670191176034], [0.827700088798412, 0.49675491601964417, -0.2252021289966105, -0.7887878832784508, -0.22356424059616317, 0.37691747875195664, -0.33723708078145387, 0.1020119690037335, -0.4441107844166857, 0.12539041837995277, 0.3736907134066606, 0.08119965714764649], [-0.22298852497280797, -0.13041666858566459, 0.5292910970874889, -0.13155450435352886, -0.2691287132293041, -0.6823874126105451, -0.5502234207382378, -0.3078260859186344, 0.25871395519242185, 0.28811375713002957, 0.6348687063384898, -0.08094518217801319]], "inverted": true, "swapped": false, "error_lsq": 0.04247740296657271, "error_max": 0.2259129101739297, "target": "62.xyz", "model": "26.xyz", "model_rescale": 3.6694154284099745, "target_rescale": 3.7323734569592153},
{"mapping": [3, 7, 0, 10, 8, 9, 11, 12, 2, 6, 1, 13], "R": [[-0.36832062329526466, 0.8629314862699251, -0.3459612239245401], [-0.7852508482354164, -0.08953676172567465, 0.6126697916865483], [0.4977158062599042, 0.4973252640914775, 0.7105959174491474]], "T": [-0.2156252069831855, -0.01529788035151015, -0.028397131194487467], "aligned_model": [[0.07801257459583227, -0.4770761209163338, -0.2779274288703599, -0.3022523288601223, -0.7871460776597783, -0.17058570615552654, 0.38611282909621253, 0.5256818425121459, 0.23541273418812192, 0.33142081705431065, -0.11993490090152042, -0.17906436586662344], [0.7020053323874927, 0.5527119270046569, -0.2509516602432098, -0.4954578238433539, -0.12231297633139192, 0.14678084200568225, -0.4383484160488577, 0.10264748563249963, -0.46310701346415317, 0.23202422027010206, 0.4522980572464147, -0.05352685117723946], [-0.2566167065100156, -0.10006862531296576, 0.586028675802433, -0.3802961086210555, -0.2934798655314016, -0.6891281404521188, -0.47011542312576804, -0.28585695790318716, 0.21276962051091264, 0.3044134124084334, 0.7144649409021189, -0.00659781900569139]], "inverted": true, "swapped": false, "error_lsq": 0.039944912877511986, "error_max": 0.23695300977655806, "target": "62.xyz", "model": "27.xyz", "model_rescale": 4.103607728864725, "target_rescale": 3.7323734569592153},
{"mapping": [3, 2, 13, 7, 1, 0, 5, 9, 6, 10, 12, 14], "R": [[-0.832414819961708, -0.2997939550053056, 0.4660570266076827], [-0.15448901177339763, -0.682136996040757, -0.714718310856642], [0.532182969240276, -0.6669428035257365, 0.5215060729040789]], "T": [-0.027724304445657252, -0.0532860880229465, 0.11626024076214486], "aligned_model": [[-0.0076185939887664506, -0.5708557984157552, -0.3755349574353604, -0.2533102609994574, -0.6148390352393319, -0.11642087186049847, 0.12495413663056808, 0.6302912964303878, 0.41177383737526235, 0.42327258078612434, -0.284456011121686, -0.12460245394512917], [0.6724734243940479, 0.4344984127950672, -0.10578726833514265, -0.6653871523365186, -0.07159484796967076, 0.26798081438592475, -0.40665970080414127, -3.0240979944640145e-06, -0.496652290937676, 0.11206165088135013, 0.6315669100874999, -0.007733804624103814], [-0.07452692628553453, 0.024635095460149026, 0.660451299753749, -0.19118814325586025, -0.5603651461907488, -0.515097215301439, -0.5057982724039147, -0.3677855320274728, 0.008858861344545305, 0.28666332481938855, 0.5661033455121034, 0.0035663117367286806]], "inverted": false, "swapped": false, "error_lsq": 0.049592152178005285, "error_max": 0.2806430703442355, "target": "62.xyz", "model": "28.xyz", "model_rescale": 4.137296879288765, "target_rescale": 3.7323734569592153},
{"mapping": [1, 10, 9, 8, 6, 0, 5, 2, 3, 4, 11], "R": [[-0.19950598335837771, 0.8479317585281818, -0.4911304261431093], [0.220955785619811, -0.4493702116490371, -0.8655893678203492], [-0.9546600983624167, -0.2812083671617986, -0.0977033818905787]], "T": [-0.04282029466502217, 0.005032961596358112, -0.14628605646033005], "aligned_model": [[0.46384551027285753, 0.11897352635830939, -0.10588021957981258, -0.5489465805104948, -0.1722643007366637, 0.6278367634154581, 0.47769840287628546, -0.4079574004478126, -0.41482079784045384, 0.17396342068321036, 0.008970686219014937], [-0.3651226556982799, -0.8244159858322179, -0.26274339949886516, 0.10772428449642239, 0.712791231093971, -0.08275277372934682, 0.43162918464429056, -0.4437379574682252, 0.4741831696531788, 0.16777317773820366, 0.00381954124882052], [0.30070831708319934, -0.17035591367451558, -0.6478444355719086, -0.26061870619188554, -0.2548082761761932, -0.427256071770749, 0.016986730608924305, 0.2293216435862263, 0.4258080985628236, 0.6438963470000989, -0.050083711673021516]], "inverted": false, "swapped": true, "error_lsq": 0.04827042246364276, "error_max": 0.31931263175211444, "target": "62.xyz", "model": "29.xyz", "model_rescale": 3.607286011436655, "target_rescale": 3.7323734569592153},
