[{"mapping": [3, 5, 6, 7, 0, 4, 15, 11, 14, 10, 12, 16], "R": [[0.9482546600743258, 0.2370893412476611, -0.21119124961530844], [-0.1612828489031237, 0.9326177381970098, 0.3228188300734428], [0.27349760930768224, -0.2720529335755163, 0.9225975607142795]], "T": [-0.07878190145441426, 0.03374025501094792, 0.04590667660638311], "aligned_model": [[-0.15262496185361357, 0.2091636597226339, 0.3584159790811426, -0.15606773675276459, -0.1258407680297752, -0.4831590918712158, 0.4625709255641883, -0.32970774347352555, 0.5516696202141028, 0.29110810062306874, -0.6484754981729309, -0.13941002259076202], [-0.2568322670072024, -0.631156743550259, -0.28831456498249636, 0.7961964558084319, 0.3616443707810585, -0.5649785195866026, -0.3112367376080682, -0.5339071870803941, -0.007865928183969063, 0.42543376260859717, 0.023674990908940582, 0.04089740386902075], [-0.5714445756099057, 0.02159268002131489, -0.4804670556584267, -0.14963905429903843, -0.6878168894472169, -0.004207428495379827, 0.5072463634251246, 0.6232406580386863, 0.027048424421717503, 0.4351113868711216, 0.46265200260488654, -0.0013647665193211311]], "inverted": false, "swapped": true, "error_lsq": 0.03985807237990293, "error_max": 0.2018694422975267, "target": "620.xyz", "model": "0.xyz", "model_rescale": 3.751011558992144, "target_rescale": 4.207330584386615},
{"mapping": [13, 9, 15, 11, 7, 14, 8, 12, 10, 3, 0, 2, 4, 5, 16], "R": [[0.8888541873130078, 0.4381939651792387, -0.13388159909647246], [-0.35925823413878444, 0.8478726142347066, 0.3899301876416941], [0.28437959648964756, -0.2984930131699913, 0.9110599136111108]], "T": [-0.03736846848851576, 0.051566627666446804, 0.037427310490479974], "aligned_model": [[-0.03416806805686831, 0.06277601296524297, -0.48875528072330127, 0.3331472560280757, -0.13127536272570559, -0.6428276962545333, 0.478237202941361, 0.5201792728567773, -0.48515590346642623, 0.09939159589565559, -0.06403889108220756, 0.5519505831167624, 0.4898982971853392, -0.17044621607884958, 0.02017340848771193], [0.0423247942715234, -0.6164197352778642, 0.4937245725777398, 0.5312714840762861, -0.7026219875231269, 0.2326537591247136, -0.46667127902118466, -0.07794084723343007, -0.26004557592880306, 0.337384645076952, -0.2558246620915964, -0.052716934547148334, 0.5468284911647879, 0.7642211081080905, 0.032589517050166016], [-0.6289304899999103, -0.4104612323834905, -0.43760175481379004, -0.5551123687252489, 0.25636044932695373, 0.0509330005080992, 0.1598168064391887, -0.3757277457425786, -0.34218693011398565, 0.6462068292386828, 0.7809898169311339, 0.5081751458603797, 0.07209647683626227, 0.039823125579223455, 0.08528527591105631]], "inverted": true, "swapped": true, "error_lsq": 0.03588809746420526, "error_max": 0.22098263199556825, "target": "620.xyz", "model": "1.xyz", "model_rescale": 3.9405287249114394, "target_rescale": 4.207330584386615},
{"mapping": [7, 2, 8, 5, 4, 9, 1, 6, 11, 13, 15, 10, 16], "R": [[0.10041043087370129, -0.5109837567119357, -0.8537056552163136], [-0.41724485131397926, 0.7573200341529005, -0.5023674948905683], [0.9032300257540895, 0.4066472257955378, -0.1371625106545512]], "T": [-0.006774296934932256, 0.0077609288852824795, 0.023271664764136626], "aligned_model": [[-0.48306599520420507, 0.20246359156839633, -0.3389794817134241, 0.5636423811613452, 0.42195314735791856, -0.8078527974852563, 0.11178300497965837, 0.6351164780947788, 0.03202728024383528, -0.41173685724553494, 0.055287645898225046, -0.492385746536287, 0.007730628164481099], [0.6356722755155778, 0.4310105330547769, 0.4003374030247586, -0.4113869518117871, -0.2745473101503478, 0.04374898864460638, 0.41119821885235297, 0.17524067368385274, -0.7641174803307824, -0.5215040648750775, -0.6242333889368695, -0.09843596611266126, 0.05584966301361693], [0.08978670276558082, -0.5741015929427868, -0.5105095190703225, 0.1798976612780236, -0.4876014539237144, -0.09427381832127736, 0.4984977591917023, 0.3863933631768603, -0.32486635645278744, 0.026773585428700022, 0.49405591777584773, 0.46443655857613947, -0.035368457893321485]], "inverted": false, "swapped": true, "error_lsq": 0.04170801573856324, "error_max": 0.2277826739480036, "target": "620.xyz", "model": "2.xyz", "model_rescale": 3.932901565614263, "target_rescale": 4.207330584386615},
{"mapping": [14, 10, 15, 1, 5, 4, 13, 3, 0, 2, 9, 7, 12, 16], "R": [[-0.01758861746119274, 0.3201535163657337, 0.947202389404957], [0.052379511645877175, 0.9463431048798199, -0.3188904429520609], [-0.9984723467855998, 0.0440051565737255, -0.03341435169771605]], "T": [0.02348241728695136, -0.1259645776568889, 0.01986317971067522], "aligned_model": [[-0.1053038939891976, 0.5135792113960016, 0.09854201189736664, -0.19060879312096343, -0.4397978258797152, -0.3223010334137936, 0.5374961338521783, -0.62530760203177, -0.3445454402048282, -0.26665788097011794, 0.7974267805713259, 0.34441059580108624, 0.42347735808778103, -0.0005997099426498752], [0.06730858436241183, 0.09324369535767427, -0.45509143017538095, 0.42070524532239756, -0.5273581283472558, -0.6988069468290519, -0.4933855833773538, -0.043532613123138095, 0.5051019263815122, -0.0914678186803985, 0.013945519917592492, 0.5407197871368186, -0.5521437527563113, -0.11574184683902801], [-0.568027456547976, -0.3718964270244919, -0.6949430091263401, -0.22091551508599622, -0.3672368966039894, 0.2969587083967907, -0.1920803883917276, 0.22791182495896187, 0.35808866815811347, 0.723001936561529, 0.2155009373650267, 0.2993050400731535, 0.41572190257836494, 0.09250703774567923]], "inverted": false, "swapped": true, "error_lsq": 0.03928107171983323, "error_max": 0.24436978633098766, "target": "620.xyz", "model": "3.xyz", "model_rescale": 3.9243930471874484, "target_rescale": 4.207330584386615},
{"mapping": [4, 5, 11, 12, 13, 2, 8, 15, 10, 1, 9, 7, 16], "R": [[0.23971148306421997, -0.4086171507843331, 0.8806647653744561], [0.8927287733581203, 0.4492686293332101, -0.034540351989583884], [-0.3815412718247632, 0.7944744947334383, 0.47247913722448087]], "T": [-0.11120033843440853, 0.004635078307517637, -0.14828021026575366], "aligned_model": [[-0.05721097442907207, -0.06119043669697878, 0.5507421178388819, 0.33407010585336167, 0.5495886414717386, -0.5382683406750357, -0.23562930427803425, 0.36181802748416253, 0.20020489497028354, -0.5498873350349991, 0.2821515008389917, -0.40361963097679826, -0.15556338005514975], [-0.5462006436588274, 0.10353020931663066, -0.3341230350161976, -0.5075883373411151, 0.06072330600609059, -0.6184298744010421, -0.49497879195261213, 0.4750456834362672, 0.4982657507568771, 0.4577982403037995, -0.02424119458958954, 0.1139862224945663, -0.05595798167326053], [-0.6153580011049711, -0.8647371860278074, -0.555191807621442, 0.045859364087703886, -0.08239844442694433, -0.05247563518278961, 0.3849198817822421, -0.5723955288733659, 0.16964786941367832, -0.07860819851638498, 0.5597306205036521, 0.5784136564770611, -0.1303362751396683]], "inverted": false, "swapped": true, "error_lsq": 0.04478075127194996, "error_max": 0.316062936004675, "target": "620.xyz", "model": "4.xyz", "model_rescale": 3.8936222436046832, "target_rescale": 4.207330584386615},
{"mapping": [11, 4, 15, 13, 14, 3, 2, 7, 9, 12, 10, 16], "R": [[-0.25078658927366393, 0.2638009678853908, 0.9314049258959358], [0.6193928096908021, 0.7831498251402285, -0.05503543118904031], [-0.7439480048658083, 0.5631033659334321, -0.35979989623486935]], "T": [-0.19369796551951385, 0.038536894632652335, 0.03309083617812695], "aligned_model": [[-0.018577363927682, -0.43084824005754446, -0.26593514013048436, 0.2787546570231509, -0.46619406142226233, -0.7806871763591448, -0.31519197501497864, 0.14213623084020333, 0.5945822665466773, 0.311921953638358, 0.17851674408618068, -0.2009298530073772], [-0.560674753156627, -0.6408662070312504, 0.20836717676490984, -0.032273593574457665, 0.5095034384554146, -0.13914444558548172, -0.39796121381618343, 0.4635295913876467, 0.18060595845791647, -0.45398934840035543, 0.5320115523322557, -0.00018525072398074133], [-0.5403026577456269, -0.04856502369202794, -0.7355740981506157, -0.4315625470380531, -0.28861123351844853, 0.3411180499600962, 0.6450419268836276, 0.6094130477993454, 0.15666066227035713, 0.02333544281344497, -0.21116660216244187, 0.0994977518558606]], "inverted": false, "swapped": true, "error_lsq": 0.041889082687382166, "error_max": 0.21213318410924611, "target": "620.xyz", "model": "5.xyz", "model_rescale": 3.6523030999806103, "target_rescale": 4.207330584386615},
{"mapping": [15, 5, 4, 13, 12, 14, 3, 10, 1, 7, 2, 9, 16], "R": [[-0.2497966398637827, -0.32008774160045766, 0.9138629417970083], [-0.8597964805061116, -0.36076906694258737, -0.3613802601784976], [0.44536687216503584, -0.8760077157277175, -0.1850914129921728]], "T": [0.03747543194768432, 0.002511213067625216, 0.018354427760130524], "aligned_model": [[0.14861627870328475, -0.1535672145379352, 0.1767792171863892, 0.6117700710937313, 0.6844220259496029, -0.2991658112217385, -0.4679538343957764, 0.20025809722164248, -0.5082135303603406, -0.06393176188302123, -0.062171638625063474, 0.5865818184923715, 0.027659187041147955], [-0.5523872259399062, -0.014391533834588473, 0.5477695211623972, -0.3065294940302245, 0.27935786312623084, -0.49535457907913477, 0.44517648100722246, -0.6087251835679384, -0.2567647579291944, -0.08153190723550882, 0.7225549789316539, -0.210834097915962, 0.0724868394681363], [0.5702980389750454, 0.7175030812653314, 0.47418810311433757, 0.15549625626765037, -0.0377241535857495, 0.21420681027584743, 0.15834183439945448, -0.185642129410738, -0.17569929901924997, -0.7615199379659953, -0.2083236854421925, -0.5382466858033733, -0.01276849358857891]], "inverted": false, "swapped": true, "error_lsq": 0.043683110503292995, "error_max": 0.2319024973158193, "target": "620.xyz", "model": "6.xyz", "model_rescale": 4.08911054899281, "target_rescale": 4.207330584386615},
{"mapping": [11, 15, 13, 4, 2, 8, 12, 9, 3, 5, 0, 1, 7, 10, 16], "R": [[-0.43877621030558067, -0.2929492477492144, -0.8495034876403055], [0.6617459065582822, -0.7449033626559359, -0.0849195822954672], [-0.6079208767785741, -0.5994161480532942, 0.5207038400374258]], "T": [0.0021394668034899647, -0.09360890776712255, 0.0429770767758487], "aligned_model": [[0.13049682427890028, 0.38358473375999547, 0.5453500712557412, -0.4483411872055785, -0.5742278136666197, -0.0870951304337305, 0.16636917207011492, 0.6068696182752473, -0.6677071605498254, -0.24669299967477668, -0.46059095952363716, -0.06331368464049537, 0.1807864263900901, 0.6228082611741534, -0.05196263171002501], [-0.6227189609001971, -0.7741893560946109, -0.3064041022602775, -0.38497483847402114, 0.3183125491794461, 0.5556817485392347, 0.03790829863138814, 0.3873366925421945, -0.11135804646360853, -0.772284536887667, 0.4242379254441751, 0.020934832629324163, 0.6342869353296463, -0.06118948742927764, -0.04482083761663633], [-0.6066911949426976, 0.1703194383934322, -0.27915459930251135, -0.44350990301086035, -0.23612326673675557, -0.30322771138627697, -0.6308631110686364, -0.20162794877971027, 0.19129504815170625, 0.09841739956874723, 0.4501639224976779, 0.6636645489389021, 0.2955708153770659, 0.2784382262309431, 0.01739836815105459]], "inverted": true, "swapped": true, "error_lsq": 0.04263198359632938, "error_max": 0.23201917131940664, "target": "620.xyz", "model": "7.xyz", "model_rescale": 3.964800864290218, "target_rescale": 4.207330584386615},
{"mapping": [10, 13, 9, 14, 7, 5, 1, 12, 4, 2, 3, 0, 8, 16], "R": [[-0.7634747236434944, -0.08814151603354804, 0.6397948261034921], [-0.28678015206321933, 0.9338891795142813, -0.21356063487623264], [-0.5786739070841943, -0.34652860421248133, -0.7382780206144991]], "T": [-0.04135188208322742, -0.1079239289891527, 0.032271866522509275], "aligned_model": [[-0.11211615539765744, 0.22663605167968143, 0.5146079843693953, -0.6140820101637838, 0.13606137439563615, -0.4691402288874635, -0.5243886569418532, 0.6264458534900633, 0.14601005900646125, 0.29406419406659656, -0.2985805636065076, -0.21627774124021076, 0.5573425042109238, -0.005394775520408665], [0.01623689375358349, -0.4707577411693875, 0.16735401978148046, -0.136650422518619, 0.6428138026883854, -0.6606246511359716, 0.30188811612318744, -0.33405217301975965, -0.5870708049857942, 0.13012580457820705, -0.027101329661748663, 0.5590132128788319, 0.2862659291092759, -0.07649219024046855], [-0.6168038083732739, -0.45830174102080123, -0.4892351064870509, -0.23364319188522523, -0.14227923203852064, 0.22491370362984403, -0.004969017102046801, -0.0029555665367040004, 0.541987749116815, 0.6730556917296628, 0.6633890264650073, 0.4478217552722263, 0.22089400904406445, 0.09294076691102401]], "inverted": false, "swapped": true, "error_lsq": 0.040688624877879206, "error_max": 0.23903671421614933, "target": "620.xyz", "model": "8.xyz", "model_rescale": 4.121658175737393, "target_rescale": 4.207330584386615},
{"mapping": [6, 5, 4, 2, 14, 1, 13, 9, 12, 10, 0, 8, 16], "R": [[0.6768501745910064, 0.3630441518364914, -0.6403692567366477], [0.7342807663839306, -0.2715082272265704, 0.6221856946819916], [0.0520153561436581, -0.8913373246788264, -0.4503467290429018]], "T": [-0.04858856450182329, -0.06226397975256037, -0.06152478600666078], "aligned_model": [[-0.6841741901291993, -0.29430228813176673, 0.28875280594001235, 0.2344875633707748, -0.6013257845481684, -0.6286674790121015, 0.2885420270848125, 0.3834172841185676, 0.6535941478467979, -0.1804090233974739, -0.3855409221218538, 0.42262999126410555, -0.02026663584930979], [0.1106515150187784, -0.29930466700057273, 0.08041140023090035, 0.6326716279740083, -0.36891383963738955, 0.08602124657978008, -0.6293720845995625, -0.23294189657835085, -0.13254206647878275, -0.5108267961697127, 0.6400140479739442, 0.4050953905891261, 0.009423561509543432], [-0.43309139377439093, -0.7010780003181072, -0.6862975786682236, -0.1907839728395843, -0.0633298726280402, 0.14865910060281, 0.03260137377424044, 0.6026128808582473, -0.043380932227576385, 0.4108495257078323, 0.14183351333620092, 0.26851644886090204, -0.06603565872522184]], "inverted": true, "swapped": true, "error_lsq": 0.04076076873269251, "error_max": 0.23072601976215493, "target": "620.xyz", "model": "9.xyz", "model_rescale": 3.833441315466971, "target_rescale": 4.207330584386615},
{"mapping": [13, 9, 14, 0, 7, 10, 8, 3, 5, 6, 11, 4, 12, 15, 16], "R": [[-0.44730940771522537, -0.8709184596089765, 0.2035075686105603], [-0.34539263353015975, -0.041677331142764396, -0.9375323614531486], [0.8249958923973835, -0.48965706038118556, -0.2821661580457531]], "T": [-0.09116121539830217, 0.04758829552688185, 0.04867193525507303], "aligned_model": [[0.11882564237707914, -0.20080266485552878, -0.4934937167534527, -0.5024416754945158, -0.6124196000394789, -0.4868079735617772, 0.027442624245147387, -0.032116228148738615, 0.1559221892541376, -0.32762871914300923, 0.6352466799405403, 0.5698590058256565, 0.425392538758216, -0.0836932258200144, -0.06943985828972869], [-0.5806607318338459, -0.5383067975956628, -0.010527353352793666, 0.6560646026170899, 0.025834901742230014, -0.4849291203146135, 0.12215642322646278, 0.7262375357303354, 0.2205380939395301, 0.5777402120738129, -0.3025540724567991, 0.3225958535546405, -0.26523037285284484, -0.36666964613391, 0.09881201095134662], [0.12172706172635268, -0.5004587755040526, 0.5327245760269833, -0.28101107052116764, -0.5457750158244602, 0.08881628234800258, -0.6791822043982101, 0.13207849966161084, 0.7079366724446092, 0.5333910961085937, 0.30988796568676785, 0.1578489331793923, -0.3169035975764662, 0.7219036207052831, -0.004862136241145475]], "inverted": false, "swapped": true, "error_lsq": 0.04587837125110764, "error_max": 0.3175801061251823, "target": "620.xyz", "model": "10.xyz", "model_rescale": 4.2482417240324, "target_rescale": 4.207330584386615},
{"mapping": [10, 7, 8, 0, 11, 4, 12, 3, 1, 5, 14, 16], "R": [[-0.6222096173572644, 0.09517482971110547, -0.7770437206860298], [0.015601447131199611, -0.9908776269962798, -0.13385859391773677], [-0.782695206907222, -0.09541111102845017, 0.6150487240672707]], "T": [-0.08358011598701848, 0.05590577942216202, -0.0380633754649183], "aligned_model": [[-0.6122823058474951, 0.07905175770205614, 0.2388525228229213, 0.5850222178749038, -0.474414648328906, 0.1622345626337149, -0.2336501392046101, 0.5277608050206934, 0.0751635435186121, -0.1364785807536662, -0.31808328178095047, -0.016410851294267004], [-0.3364284421533362, -0.6981236836912066, -0.22377249620995854, -0.3633877533501122, 0.7413720247815333, 0.7066169060456935, 0.23762406756203291, 0.2590689807249582, -0.32463702271592354, 0.6418470348718334, -0.027538184576866097, 0.05348995876199131], [-0.1290060884262831, 0.13669684244802174, 0.5679202716962191, -0.19696513748939437, 0.2715917837434217, 0.16354684297167013, 0.6273584624034433, -0.2746954710732064, -0.5203961940723332, -0.46169816265147573, -0.619097969473236, -6.289022249090365e-05]], "inverted": false, "swapped": true, "error_lsq": 0.038931622216368075, "error_max": 0.2026669253377864, "target": "620.xyz", "model": "11.xyz", "model_rescale": 3.6694154284099745, "target_rescale": 4.207330584386615},
{"mapping": [4, 5, 14, 6, 3, 12, 2, 9, 1, 7, 10, 0, 13, 16], "R": [[0.20784800911965973, -0.23857772794743487, 0.9486199833613216], [-0.9481349661706991, -0.28758096852594484, 0.13541518550800405], [0.24049800629003448, -0.9275655525455438, -0.28597701778534446]], "T": [-0.0363872268620306, 0.048415666278209236, -0.05783293562728412], "aligned_model": [[0.019448002899674847, 0.03845833031831448, 0.022210744448932347, 0.5306983875149387, 0.5892512148392024, -0.4854288354888868, 0.39453293933786965, -0.5486142448140857, 0.36156148421938716, 0.11565715801905738, -0.42194590054307773, 0.6758175241733586, -0.7001361979265033, 0.006754243257628169], [-0.3999492626940464, 0.28621535998766806, 0.6722170006098571, 0.4311998758561716, -0.08057685771732467, -0.4962397373039211, -0.5772250693933831, -0.12328426937619319, 0.4830726317734087, 0.015041442377126749, 0.46665656818784157, -0.016172276862076902, 0.08413464721112698, -0.014102764520001497], [-0.6238257132316374, -0.738598154751511, -0.14146308792867218, -0.3800452176847011, -0.30872180694891654, -0.05143797701021916, -0.006286736262958177, 0.5463040184313124, 0.17746999102953118, 0.717614907591565, 0.28588465359738485, 0.31186789970890216, -0.10568510521008409, -0.043982211677580665]], "inverted": true, "swapped": true, "error_lsq": 0.03886827882807288, "error_max": 0.2417623027222204, "target": "620.xyz", "model": "12.xyz", "model_rescale": 3.9764082729961374, "target_rescale": 4.207330584386615},
{"mapping": [13, 14, 15, 4, 12, 9, 8, 11, 5, 10, 6, 3, 1, 0, 2, 16], "R": [[0.4595985562986554, -0.8436161603368798, -0.2776345458811856], [0.8000226707160848, 0.5290025202882839, -0.2830548707741082], [0.38565903773734506, -0.09202232091783087, 0.9180408482548046]], "T": [-0.016686227153947616, -0.0031204774168934087, -0.002274155600217225], "aligned_model": [[-0.09364747947697426, -0.23999461607876738, -0.5496908866447624, -0.4617533861676002, 0.10020219756574873, 0.5932985432769314, 0.5507245411103696, -0.5395578204101784, -0.7310592601373344, 0.2081619849426451, -0.39939040272178605, -0.20998341786681735, 0.1251360785849685, 0.38153432704754014, 0.1922090583989387, 0.01265085238647213], [0.12500699147871527, -0.5903122786887373, -0.33397235452370927, 0.532627923431189, 0.6149400034991517, 0.14553334363276973, 0.45324989806650867, 0.49618307012237406, -0.09793451427085259, -0.38665272149846225, -0.425894638002145, 0.030900022592777476, -0.5576510426964365, -0.18486913807014252, 0.4809659526791642, 0.04334359959107831], [-0.6517267633223586, -0.07223829844915657, -0.4832620803628719, 0.19618335035853351, -0.32269124085238815, -0.5147772935542225, 0.1361817055832205, -0.4447706947987872, 0.07693003298080696, -0.49630757885213705, 0.4944452047921028, 0.6553629467409846, 0.27165942642974666, 0.6733542422687276, 0.5470878546525672, 0.05196612923792979]], "inverted": true, "swapped": true, "error_lsq": 0.03372137069479876, "error_max": 0.21076784087621073, "target": "620.xyz", "model": "13.xyz", "model_rescale": 4.170626492500431, "target_rescale": 4.207330584386615},
{"mapping": [1, 7, 14, 10, 5, 11, 13, 0, 3, 8, 2, 12, 4, 16], "R": [[-0.23135983128426663, -0.041957761973957064, -0.9719630521157956], [0.19967215032388996, -0.9798488017344575, -0.005230499458177759], [-0.9521573718945571, -0.19528408012350845, 0.23507545000949276]], "T": [-0.05492023058834318, 0.031169626607100827, 0.00277825795304934], "aligned_model": [[0.22229887375326507, -0.1081862022158733, -0.03907343184431776, -0.5566307700011199, 0.1710451918723383, -0.41739559905807067, -0.683250653829257, 0.5387355058092884, 0.6241716244156521, -0.06337815894636518, 0.407784930384007, -0.43335516247385536, 0.19129540009883206, -0.010878525872880448], [-0.34179665810324467, -0.7500488810752576, 0.038239465304138784, -0.2324041577247672, 0.6415562526677147, 0.762286495039427, 0.2531709229401425, -0.5097374052041846, 0.11433948481483047, -0.3502584939314606, -0.07730402017057952, 0.1963994668240091, 0.5996615545517259, 0.011970441993171634], [-0.4293132141399755, 0.11418324378742031, -0.6290878082983535, -0.34440774245366, -0.31653292241135844, 0.23208515878414585, 0.009462267091016552, 0.05826129161233917, 0.05685952908332789, 0.6382623076093115, 0.5976840760475189, 0.5753294544899394, 0.3778666445797869, 0.06322081533940763]], "inverted": false, "swapped": true, "error_lsq": 0.0409450950154545, "error_max": 0.2737054867359033, "target": "620.xyz", "model": "14.xyz", "model_rescale": 3.9786697098870705, "target_rescale": 4.207330584386615},
{"mapping": [7, 1, 9, 8, 10, 13, 3, 5, 12, 2, 14, 16], "R": [[0.532759925519084, 0.282775932550585, -0.7976243688172064], [-0.8406930201060512, 0.28484010067028304, -0.4605446373535464], [0.09696446620214397, 0.9159169662258091, 0.38947914356720476]], "T": [-0.005078460905511194, 0.05274443441729497, 0.0738807187901538], "aligned_model": [[-0.017522790358976602, -0.5687126502590166, 0.5363199900547101, 0.4134269306724649, 0.011805062943652113, 0.43912190583166294, -0.38537982511505503, -0.28756245649678464, 0.6940978352459901, 0.12683895526209849, -0.48794154937308254, 0.008863188359673407], [-0.33190098898858617, -0.012695540229895802, 0.0865561453072131, -0.5160303896287258, 0.4727546314185866, 0.5431447355523047, -0.3726619748547229, 0.38496330075811186, 0.0002043430721749423, -0.6657751235420981, 0.448137162845442, -0.022021811485365347], [-0.61709231126601, -0.21018165448042014, -0.528268208459201, -0.1513910322324596, -0.4409290568169726, -0.005629979603614457, 0.45520474906463826, 0.653039809549521, 0.15586130262825698, 0.2885967418993935, -0.026437063438929764, 0.0871931970296277]], "inverted": true, "swapped": true, "error_lsq": 0.04431243026578777, "error_max": 0.26449658529143055, "target": "620.xyz", "model": "15.xyz", "model_rescale": 3.769337070930944, "target_rescale": 4.207330584386615},
{"mapping": [13, 9, 5, 14, 11, 12, 4, 8, 3, 1, 16], "R": [[0.7979059081001416, 0.5945177288624705, 0.09947276957589195], [-0.5038571847541283, 0.5672329287114695, 0.6514405129841506], [0.3308687038547656, -0.5699083037240459, 0.7521505342388903]], "T": [-0.10238071306200275, 0.04773741400270964, 0.07897964319377308], "aligned_model": [[-0.1950273124128568, -0.24048217027707347, -0.04673502891961698, -0.6331652700955948, 0.29189217814938, 0.33981490104059525, 0.5336535313822446, 0.2751207950659762, 0.18692258222034358, -0.5438630594465008, -0.04550501601572595], [-0.1488244269092331, -0.7186241144190175, 0.7393108142433347, 0.3908741702889353, 0.21453196946927688, -0.34668784963330934, 0.3600531762866026, -0.5403030083526091, 0.44136114836781654, 0.17706095252767834, 0.027311665755866646], [-0.5510270414119092, -0.14564635786836494, -0.13130974132943846, 0.0699935522928966, -0.652614770634576, -0.3047136206240908, -0.07073946459943871, 0.3261637812255067, 0.5610291383883755, 0.5160449493121357, 0.1270371824726801]], "inverted": true, "swapped": true, "error_lsq": 0.03637150226089448, "error_max": 0.17335025887230346, "target": "620.xyz", "model": "16.xyz", "model_rescale": 3.7852294659196426, "target_rescale": 4.207330584386615},
{"mapping": [0, 9, 10, 7, 8, 12, 11, 13, 1, 6, 4, 15, 16], "R": [[-0.8583514342073836, -0.1946917601786895, 0.47468719585917996], [-0.05024668389366281, 0.9526556067740523, 0.29987091496117596], [-0.5105958148592858, 0.2335431724553003, -0.8274959217106123]], "T": [0.050407355608125676, 0.13123816662859566, -0.050414186397173426], "aligned_model": [[0.15705830575803048, -0.37066419640795933, 0.26280635406633324, -0.05767196448604675, -0.55974649226936, -0.602338011147132, -0.27595546050831654, -0.11979293107931024, 0.5450815192807482, 0.6405601654942087, -0.25917690546954986, 0.4901012354850073, 0.003504231499630396], [-0.18633807629572907, -0.45376921752857247, -0.3018123919177058, -0.6165525078831324, -0.18891468950496204, 0.20512677135307547, 0.721789054715791, 0.14054904287325856, -0.16183399542384957, 0.4029008605307118, 0.7726339444761103, 0.4100059068664047, 0.1312709214414732], [-0.782436605594113, 0.32013129481577085, 0.4068347646349483, -0.2842488695152016, -0.32356864030015275, 0.20802870999685685, 0.462653921809026, 0.59384782731843, -0.31886064516095736, -0.43751836045059833, -0.18181261929308076, 0.5444506338712872, -0.11174671498904123]], "inverted": true, "swapped": true, "error_lsq": 0.04109757720888045, "error_max": 0.22557097000160053, "target": "620.xyz", "model": "17.xyz", "model_rescale": 3.901054581598922, "target_rescale": 4.207330584386615},
{"mapping": [13, 9, 15, 11, 7, 14, 8, 12, 10, 3, 0, 2, 4, 5, 16], "R": [[0.8888541873130078, 0.4381939651792387, -0.13388159909647246], [-0.35925823413878444, 0.8478726142347066, 0.3899301876416941], [0.28437959648964756, -0.2984930131699913, 0.9110599136111108]], "T": [-0.03736846848851576, 0.051566627666446804, 0.037427310490479974], "aligned_model": [[-0.03416806805686831, 0.06277601296524297, -0.48875528072330127, 0.3331472560280757, -0.13127536272570559, -0.6428276962545333, 0.478237202941361, 0.5201792728567773, -0.48515590346642623, 0.09939159589565559, -0.06403889108220756, 0.5519505831167624, 0.4898982971853392, -0.17044621607884958, 0.02017340848771193], [0.0423247942715234, -0.6164197352778642, 0.4937245725777398, 0.5312714840762861, -0.7026219875231269, 0.2326537591247136, -0.46667127902118466, -0.07794084723343007, -0.26004557592880306, 0.337384645076952, -0.2558246620915964, -0.052716934547148334, 0.5468284911647879, 0.7642211081080905, 0.032589517050166016], [-0.6289304899999103, -0.4104612323834905, -0.43760175481379004, -0.5551123687252489, 0.25636044932695373, 0.0509330005080992, 0.1598168064391887, -0.3757277457425786, -0.34218693011398565, 0.6462068292386828, 0.7809898169311339, 0.5081751458603797, 0.07209647683626227, 0.039823125579223455, 0.08528527591105631]], "inverted": true, "swapped": true, "error_lsq": 0.03588809746420526, "error_max": 0.22098263199556825, "target": "620.xyz", "model": "18.xyz", "model_rescale": 3.9405287249114394, "target_rescale": 4.207330584386615},
{"mapping": [8, 12, 13, 11, 2, 10, 9, 0, 7, 1, 15, 14, 4, 6, 5, 16], "R": [[-0.8888532869040645, 0.06211245495250743, -0.4539624183780129], [-0.37186136444707746, -0.6766324756934222, 0.6355215326553056], [-0.26769191245048674, 0.7336964875047198, 0.6245242222939298]], "T": [0.0756307124592723, 0.0238653974246609, -0.050083440683828445], "aligned_model": [[-0.4712279680749859, -0.05808649820756481, 0.527969548601326, 0.3148655201456053, -0.6808580300089252, 0.5892471790695827, 0.1818385545374995, -0.4748444074013102, -0.15543739146853316, 0.12335785386301598, 0.8040920236806937, 0.5267612361833357, -0.2217254651326304, 0.0560874816044756, 0.3063709467109471, -0.0012454861311455567], [-0.16100916477744537, -0.6272370312895127, -0.42657358469833273, -0.7323216033926754, -0.05788461148893437, 0.14633882760555186, -0.22142090871659134, 0.6040346161204332, 0.3835918638396315, 0.6563652375411607, -0.06046999104025433, 0.4293170055185844, -0.4234343453098649, 0.5409933774353662, -0.016790510263854835, 0.018852951894374373], [-0.5150198931503147, -0.287810396074056, -0.24145395310271453, 0.24899823613453462, -0.021495873458547338, -0.4537183105225918, -0.8151934768117346, -0.14209831740037862, -0.7154818867711639, -0.0680665945826412, 0.24510798144348836, 0.12780999198911128, 0.435713585359651, 0.5013939516560411, 0.635990809521432, -0.055232097555237655]], "inverted": true, "swapped": true, "error_lsq": 0.036658580582445824, "error_max": 0.2992443421301819, "target": "620.xyz", "model": "19.xyz", "model_rescale": 4.410303926677745, "target_rescale": 4.207330584386615},
{"mapping": [10, 13, 9, 14, 7, 5, 1, 12, 4, 2, 3, 0, 8, 16], "R": [[-0.7634747236434944, -0.08814151603354804, 0.6397948261034921], [-0.28678015206321933, 0.9338891795142813, -0.21356063487623264], [-0.5786739070841943, -0.34652860421248133, -0.7382780206144991]], "T": [-0.04135188208322742, -0.1079239289891527, 0.032271866522509275], "aligned_model": [[-0.11211615539765744, 0.22663605167968143, 0.5146079843693953, -0.6140820101637838, 0.13606137439563615, -0.4691402288874635, -0.5243886569418532, 0.6264458534900633, 0.14601005900646125, 0.29406419406659656, -0.2985805636065076, -0.21627774124021076, 0.5573425042109238, -0.005394775520408665], [0.01623689375358349, -0.4707577411693875, 0.16735401978148046, -0.136650422518619, 0.6428138026883854, -0.6606246511359716, 0.30188811612318744, -0.33405217301975965, -0.5870708049857942, 0.13012580457820705, -0.027101329661748663, 0.5590132128788319, 0.2862659291092759, -0.07649219024046855], [-0.6168038083732739, -0.45830174102080123, -0.4892351064870509, -0.23364319188522523, -0.14227923203852064, 0.22491370362984403, -0.004969017102046801, -0.0029555665367040004, 0.541987749116815, 0.6730556917296628, 0.6633890264650073, 0.4478217552722263, 0.22089400904406445, 0.09294076691102401]], "inverted": false, "swapped": true, "error_lsq": 0.040688624877879206, "error_max": 0.23903671421614933, "target": "620.xyz", "model": "20.xyz", "model_rescale": 4.121658175737393, "target_rescale": 4.207330584386615},
{"mapping": [15, 5, 4, 13, 12, 14, 3, 10, 1, 7, 2, 9, 16], "R": [[-0.2497966398637827, -0.32008774160045766, 0.9138629417970083], [-0.8597964805061116, -0.36076906694258737, -0.3613802601784976], [0.44536687216503584, -0.8760077157277175, -0.1850914129921728]], "T": [0.03747543194768432, 0.002511213067625216, 0.018354427760130524], "aligned_model": [[0.14861627870328475, -0.1535672145379352, 0.1767792171863892, 0.6117700710937313, 0.6844220259496029, -0.2991658112217385, -0.4679538343957764, 0.20025809722164248, -0.5082135303603406, -0.06393176188302123, -0.062171638625063474, 0.5865818184923715, 0.027659187041147955], [-0.5523872259399062, -0.014391533834588473, 0.5477695211623972, -0.3065294940302245, 0.27935786312623084, -0.49535457907913477, 0.44517648100722246, -0.6087251835679384, -0.2567647579291944, -0.08153190723550882, 0.7225549789316539, -0.210834097915962, 0.0724868394681363], [0.5702980389750454, 0.7175030812653314, 0.47418810311433757, 0.15549625626765037, -0.0377241535857495, 0.21420681027584743, 0.15834183439945448, -0.185642129410738, -0.17569929901924997, -0.7615199379659953, -0.2083236854421925, -0.5382466858033733, -0.01276849358857891]], "inverted": false, "swapped": true, "error_lsq": 0.043683110503292995, "error_max": 0.2319024973158193, "target": "620.xyz", "model": "21.xyz", "model_rescale": 4.08911054899281, "target_rescale": 4.207330584386615},
{"mapping": [2, 4, 15, 14, 9, 12, 3, 1, 11, 8, 0, 10, 5, 6, 13, 7, 16], "R": [[0.5619728951098779, -0.4957817077641119, -0.6621079696003689], [-0.6129089370087041, -0.7871197166257442, 0.06917504343235828], [-0.5554539585750404, 0.36693739240571954, -0.7462089854442979]], "T": [-0.047079819685300686, 0.0022323618832159947, 0.0025521210993663702], "aligned_model": [[-0.13656984335723982, 0.3865819023810319, -0.6172141628654523, -0.1588513247497499, -0.3454735139191867, 0.2557173957926653, 0.2813897274404005, -0.3353298450985348, -0.7684864899423417, -0.3464964448222382, 0.490983259839931, 0.12193120074860019, -0.42379391843026865, 0.236563124532907, 0.5316419707380614, 0.5698206138786598, -0.0027790377790105902], [0.571830195349418, 0.4371105931186092, 0.19713703355185894, -0.2716307709101137, -0.6394069087065817, -0.6025864802287344, 0.016765072357099644, 0.7172322489004941, 0.1435787555789941, 0.21460100111298944, 0.48691096291621155, -0.6707500634860665, -0.43170176694887963, 0.05292610467644423, -0.10747528870959494, -0.2527526471793772, 0.019172425118095554], [-0.43196332528552017, -0.3277668469902632, -0.40789399909480595, -0.566946519021323, -0.07995764341953793, -0.2932138684248434, -0.8012982258134135, 0.19145809157300894, 0.21582810042262413, 0.5907793422676614, 0.277605160224181, 0.4144566480602951, 0.4118401780832765, 0.6899682637583888, -0.29707312269498076, 0.2479348593500031, -0.0014635248635625556]], "inverted": false, "swapped": false, "error_lsq": 0.04481226683779088, "error_max": 0.2686184909742701, "target": "620.xyz", "model": "22.xyz", "model_rescale": 4.204369325754507, "target_rescale": 4.207330584386615},
{"mapping": [8, 12, 13, 11, 2, 10, 9, 0, 7, 1, 15, 14, 4, 6, 5, 16], "R": [[-0.8888532869040645, 0.06211245495250743, -0.4539624183780129], [-0.37186136444707746, -0.6766324756934222, 0.6355215326553056], [-0.26769191245048674, 0.7336964875047198, 0.6245242222939298]], "T": [0.0756307124592723, 0.0238653974246609, -0.050083440683828445], "aligned_model": [[-0.4712279680749859, -0.05808649820756481, 0.527969548601326, 0.3148655201456053, -0.6808580300089252, 0.5892471790695827, 0.1818385545374995, -0.4748444074013102, -0.15543739146853316, 0.12335785386301598, 0.8040920236806937, 0.5267612361833357, -0.2217254651326304, 0.0560874816044756, 0.3063709467109471, -0.0012454861311455567], [-0.16100916477744537, -0.6272370312895127, -0.42657358469833273, -0.7323216033926754, -0.05788461148893437, 0.14633882760555186, -0.22142090871659134, 0.6040346161204332, 0.3835918638396315, 0.6563652375411607, -0.06046999104025433, 0.4293170055185844, -0.4234343453098649, 0.5409933774353662, -0.016790510263854835, 0.018852951894374373], [-0.5150198931503147, -0.287810396074056, -0.24145395310271453, 0.24899823613453462, -0.021495873458547338, -0.4537183105225918, -0.8151934768117346, -0.14209831740037862, -0.7154818867711639, -0.0680665945826412, 0.24510798144348836, 0.12780999198911128, 0.435713585359651, 0.5013939516560411, 0.635990809521432, -0.055232097555237655]], "inverted": true, "swapped": true, "error_lsq": 0.036658580582445824, "error_max": 0.2992443421301819, "target": "620.xyz", "model": "23.xyz", "model_rescale": 4.410303926677745, "target_rescale": 4.207330584386615},
{"mapping": [3, 10, 2, 4, 5, 15, 8, 1, 0, 7, 11, 6, 12, 13, 9, 14, 16], "R": [[0.6307316402839741, 0.06568329588628019, 0.773216206882786], [0.7521826355571842, -0.296722770455646, -0.5883679803145092], [0.19078490692645517, 0.9527021056629621, -0.23655827433091917]], "T": [0.0635064532364595, 0.0014836255146179365, 0.041502438616591045], "aligned_model": [[-0.5086531522520794, 0.2899865160713704, -0.741709369877388, -0.20075439078293383, -0.26542251542251327, 0.43734342856421266, 0.32316764816555604, -0.15561513087988116, -0.6711544123247526, -0.14632261140386293, 0.5085688202769734, 0.07616161983972745, -0.5295383080348912, 0.09356463871586548, 0.6334661190927613, 0.6108468377126162, -0.014301123072545815], [0.4943645862080373, 0.41365055544237134, -0.013418416050950187, -0.056941583207379895, -0.4935607040535536, -0.5697525374115568, -0.07140716169879811, 0.8271975839325537, 0.1251106618450018, 0.3355162755423553, 0.3966510183476519, -0.6843424555280309, -0.38141955996957694, -0.2535222665964716, -0.009693495440823551, -0.25803800070947885, 0.08056596585951613], [-0.44732547493499114, -0.4086188220319594, -0.387798572962286, -0.5914565444898179, -0.16426169520482276, -0.166462348974787, -0.7350087745940465, 0.12223372015272331, 0.1655007433920364, 0.5765957473300457, 0.2571032449615592, 0.36919211358320225, 0.4260266855222455, 0.6959144833586253, -0.21819167932315842, 0.3435239925794315, -0.004673250232811836]], "inverted": false, "swapped": false, "error_lsq": 0.03391457221479802, "error_max": 0.23927449712903792, "target": "620.xyz", "model": "24.xyz", "model_rescale": 4.28219845311461, "target_rescale": 4.207330584386615},
{"mapping": [12, 9, 4, 7, 2, 10, 11, 0, 13, 1, 15, 14, 6, 3, 5, 16], "R": [[0.4730419397354224, -0.16220846839583616, 0.8659790621210343], [0.11038833794122963, 0.9860720838409096, 0.12440361858169133], [-0.8740970987813207, 0.036745860315456895, 0.4843593744852628]], "T": [-0.06356842446865826, -0.0008287327519523324, -0.04289660986542354], "aligned_model": [[-0.3388661294230044, -0.4956628334020774, 0.10817031344487621, 0.10451764990639054, 0.5283780089096501, -0.5464598199232386, -0.5384771439644481, 0.643592409800426, -0.7107337548793033, 0.19806726509660447, -0.6172736653903013, -0.18631747488964132, 0.3657079320043993, 0.5686612563593726, -0.07078801199172566, -0.004195235536969086], [0.23788953122018092, -0.4467842713080741, 0.6832187353337515, -0.7190331507829966, 0.1432822179615412, -0.4372857338724608, 0.6834073080945642, -0.38548489301122285, 0.09269627356793177, -0.417126661384412, 0.21201145045691336, -0.1607825129375418, 0.10115183822044044, 0.2198207407901309, 0.5326021288333906, 0.005528374532095819], [-0.6475068434193407, -0.563719923938995, -0.20746080408923806, -0.3283439375276503, -0.4996317457302927, 0.0914310134743409, -0.2003280913926947, -0.04990448366523481, -0.17157636984794536, 0.3582269648097033, 0.479612603430409, 0.5561887664831775, 0.5713121272602701, 0.10746028967635154, 0.4480119649135474, -0.09184550985866144]], "inverted": true, "swapped": true, "error_lsq": 0.038197140569630715, "error_max": 0.2822197261730861, "target": "620.xyz", "model": "25.xyz", "model_rescale": 4.100010024507729, "target_rescale": 4.207330584386615},
{"mapping": [10, 7, 8, 0, 11, 4, 12, 3, 1, 5, 14, 16], "R": [[-0.6222096173572644, 0.09517482971110547, -0.7770437206860298], [0.015601447131199611, -0.9908776269962798, -0.13385859391773677], [-0.782695206907222, -0.09541111102845017, 0.6150487240672707]], "T": [-0.08358011598701848, 0.05590577942216202, -0.0380633754649183], "aligned_model": [[-0.6122823058474951, 0.07905175770205614, 0.2388525228229213, 0.5850222178749038, -0.474414648328906, 0.1622345626337149, -0.2336501392046101, 0.5277608050206934, 0.0751635435186121, -0.1364785807536662, -0.31808328178095047, -0.016410851294267004], [-0.3364284421533362, -0.6981236836912066, -0.22377249620995854, -0.3633877533501122, 0.7413720247815333, 0.7066169060456935, 0.23762406756203291, 0.2590689807249582, -0.32463702271592354, 0.6418470348718334, -0.027538184576866097, 0.05348995876199131], [-0.1290060884262831, 0.13669684244802174, 0.5679202716962191, -0.19696513748939437, 0.2715917837434217, 0.16354684297167013, 0.6273584624034433, -0.2746954710732064, -0.5203961940723332, -0.46169816265147573, -0.619097969473236, -6.289022249090365e-05]], "inverted": false, "swapped": true, "error_lsq": 0.038931622216368075, "error_max": 0.2026669253377864, "target": "620.xyz", "model": "26.xyz", "model_rescale": 3.6694154284099745, "target_rescale": 4.207330584386615},
