[{"mapping": [10, 3, 4, 8, 11, 9, 1, 0, 2, 7, 5, 12], "R": [[-0.6514603980823708, -0.03904743251685161, -0.7576771395153751], [-0.62990285287624, 0.5844772703012941, 0.5114769950247244], [0.4228732028264891, 0.8104699985286254, -0.4053598843204358]], "T": [-0.03879197181436855, -0.14175462282876183, 0.05754473922207538], "aligned_model": [[-0.23180645579808495, 0.09159851339338748, 0.47228105507807483, -0.22999914534363491, 0.10350080376103676, -0.6590035084975764, 0.6079766556128587, -0.18220309204682472, 0.40258723154345044, 0.1140606515566468, -0.5705752821879544, -0.08077496461083071], [-0.19478056556846635, -0.6822197198874155, -0.3513506829365586, 0.7340312715512165, 0.36082088223133235, -0.6321696753142684, -0.34216444159714554, -0.2955481702840802, 0.17949923223563635, 0.3228906663514536, 0.03376553750446695, -0.07921929830911402], [-0.5715890279800323, -0.08223950436407153, -0.613718735545224, -0.12696715190846736, -0.6055764001373691, 0.002518593382344461, 0.42884241089648356, 0.7885375645891481, 0.07001459108187764, 0.5768644216227311, 0.3175311844183032, -0.0022662007021612557]], "inverted": true, "swapped": true, "error_lsq": 0.0520886094899585, "error_max": 0.32605508432555425, "target": "621.xyz", "model": "0.xyz", "model_rescale": 3.751011558992144, "target_rescale": 3.9817237640875773},
{"mapping": [4, 6, 7, 9, 12, 8, 2, 1, 0, 5, 13, 3, 14], "R": [[0.7725413893334543, 0.23778195679463135, -0.5887610234973545], [0.08994027937796033, 0.87690719551539, 0.4721700081525173], [0.6285622864220782, -0.4177242050399401, 0.656060927514815]], "T": [-0.01629548265108645, 0.0071941517217518555, 0.010716056827402232], "aligned_model": [[-0.5206168814528654, 0.2377859679640129, 0.5954824808333822, -0.28092901653421937, 0.5110714667520782, -0.44378173357593004, -0.04158135933965497, 0.22051394641430355, 0.4922770126217097, -0.46820002537936944, 0.01820987739910883, 0.5582456525334653, 0.0005313419946673496], [-0.5585501829048706, -0.30217685794088817, -0.14802774304629035, 0.5860450727632082, 0.4981737649486237, -0.3327314983586742, 0.11485620124170151, -0.6468876265376964, -0.3424886583333798, 0.3181956389074858, 0.6344661642065473, 0.2748049977438006, 0.05374663810973422], [0.2369178350217956, 0.6458994477498872, 0.21396691310274288, 0.18127491848013605, 0.19181885677815524, -0.36627772273334097, -0.8087396219749126, 0.052951954953501634, -0.4303967041571715, -0.28785789753805063, -0.3537580859888748, -0.4155383373845344, 0.0342434116894614]], "inverted": false, "swapped": false, "error_lsq": 0.04427099599614567, "error_max": 0.23912710611960863, "target": "621.xyz", "model": "1.xyz", "model_rescale": 3.9405287249114394, "target_rescale": 3.9817237640875773},
{"mapping": [1, 7, 3, 6, 11, 2, 9, 4, 8, 0, 11, 10, 12], "R": [[-0.3895121533425916, 0.8296454870512305, -0.39996080834744796], [0.5425662618579202, -0.1442154857888887, -0.8275407815643876], [-0.7442460170480862, -0.5393424324807028, -0.39396396616170165]], "T": [0.007066527041068256, -0.03566538244597391, -0.060093953978879296], "aligned_model": [[-0.5661866481572837, 0.1673170297739845, 0.5107913311788171, -0.04930034757077425, 0.09907757703841918, -0.5073149190925648, 0.3756455760343144, 0.20624551560025534, 0.5209807158884036, -0.7116851587272971, 0.09907757703841918, 0.7739269370538585, -0.039566455827863646], [-0.5059982668411543, -0.19641135659367373, -0.08514454017322148, 0.3470385052779204, 0.6430077967457355, -0.22383498182702774, 0.15115538595240166, -0.7021714832766862, -0.3824663105929959, 0.3594740519092972, 0.6430077967457355, 0.1931243101977543, -0.09135499672478362], [0.21810401031953774, 0.6997681133236646, 0.20563676162599753, 0.32163396372813535, -0.25643796728558865, -0.46527731649991966, -0.7526461846650089, 0.028184412310885025, -0.52518651772024, 0.1136611319852682, -0.25643796728558865, -0.3266788511643236, -0.1098186206740242]], "inverted": true, "swapped": false, "error_lsq": 0.07048371410646484, "error_max": 0.6163390120139851, "target": "621.xyz", "model": "2.xyz", "model_rescale": 3.932901565614263, "target_rescale": 3.9817237640875773},
{"mapping": [2, 1, 3, 10, 11, 5, 9, 0, 7, 6, 12, 8, 13], "R": [[-0.40654982568605125, 0.9005378324084732, 0.15410662424338029], [0.6558095127365233, 0.1702043835349757, 0.7354891915111756], [0.6361062193053337, 0.40007759275736493, -0.6597778395297519]], "T": [0.13689952178400527, -0.06016185079658833, -0.06925962913694052], "aligned_model": [[-0.4538718327975038, -0.009693687578938598, 0.5961432365946935, -0.1782056642860057, 0.5792747750373097, -0.3402854449184047, 0.20238726346644798, 0.18667772808548008, 0.32631277274847675, -0.5388352821402538, -0.31854799431328223, 0.7773083387921487, 0.050344521540520715], [-0.5228412704701638, -0.11458668483838005, -0.2115738188876645, 0.5186849662327933, 0.6524152226975178, -0.046731571139481946, 0.2378580706029033, -0.6487516909917324, -0.41995467270537906, 0.03579027619377965, 0.4762184251068168, 0.1866075666731142, 0.0062910923251783615], [0.29284092926466165, 0.6548377326317301, 0.0946156417457809, 0.21143686964416264, 0.23773670310023515, -0.6067666716919371, -0.7376071596382657, 0.24702261718660767, -0.6561278366666393, -0.03979906612083309, -0.36589673042761406, -0.3295827499537496, -0.10820531107534426]], "inverted": false, "swapped": false, "error_lsq": 0.06281560434597476, "error_max": 0.4293473862417896, "target": "621.xyz", "model": "3.xyz", "model_rescale": 3.9243930471874484, "target_rescale": 3.9817237640875773},
{"mapping": [11, 9, 1, 8, 7, 6, 3, 5, 0, 10, 4, 2, 12], "R": [[-0.03930603255674897, 0.06517568715831104, 0.9970993759942336], [-0.8521207327756992, -0.5233448913082789, 0.0006176692733682043], [0.5218671215725833, -0.8496247727938304, 0.07610816563667111]], "T": [-0.030626374860619685, 0.028377675835368193, -0.024009740775502247], "aligned_model": [[-0.5876613712659979, -0.12063221705523643, 0.5968376583587562, -0.1380635977691032, 0.5935639323853217, -0.35138666343213903, -0.047810110932114215, 0.23441127852257282, 0.6206694140699829, -0.6715734531503066, 0.07093448413727875, 0.6412489649030322, 0.03847041145864134], [-0.4352957540643638, -0.07692696789913095, -0.17058287562677554, 0.50778820421536, 0.5216606949654662, -0.4662109991048749, 0.0651408918763267, -0.6689984957116519, -0.28027922224159535, 0.30418224176834613, 0.5670648112465823, 0.34663792866065096, -0.06475454728503785], [0.2935639429141206, 0.667725231707213, 0.25323362877630207, 0.36963877926281485, 0.07587560494792786, -0.4411564711151763, -0.6958032771582403, -0.1545647767658265, -0.4755261501687412, -0.12523426231721155, -0.2517570382394804, -0.5703689903564373, -0.05112125348846991]], "inverted": true, "swapped": false, "error_lsq": 0.04943376300632734, "error_max": 0.2815560367586695, "target": "621.xyz", "model": "4.xyz", "model_rescale": 3.8936222436046832, "target_rescale": 3.9817237640875773},
{"mapping": [4, 2, 11, 10, 8, 7, 0, 5, 9, 3, 6, 12], "R": [[-0.6598690585510397, 0.744888293126399, -0.09856092699546054], [-0.12473698595739116, -0.23795153673400093, -0.9632340060962306], [-0.7409544587228221, -0.6233141238004858, 0.249931977084971]], "T": [-0.07459475827607165, -0.1621637317087455, 0.06851984206673506], "aligned_model": [[0.09496747769209629, -0.5462037795167881, -0.30283058931014384, 0.2890266187790479, -0.6175692495436516, -0.7086272227277326, -0.14981368334414769, -0.05706792912113981, 0.6329930847160289, 0.3470796594805434, 0.12848495160728957, -0.08289129649630536], [-0.6001414979869685, -0.34835535894081093, 0.09517340653745679, 0.05798114688481912, 0.5058898231920714, -0.10575528185357544, -0.2354768278576524, 0.3335300941646122, 0.08332553895929493, -0.5478569132146068, 0.5150737147171961, -0.08446493949202909], [-0.6630161612617393, -0.13419361774532262, -0.7023530530620083, -0.4366448491404134, -0.24210678845558925, 0.3906580462024373, 0.8218703704584123, 0.4361802952186482, 0.3278490018269586, 0.02296449467708582, -0.21436566317408945, 0.012442643731138528]], "inverted": false, "swapped": true, "error_lsq": 0.039848330520462875, "error_max": 0.2184566383406787, "target": "621.xyz", "model": "5.xyz", "model_rescale": 3.6523030999806103, "target_rescale": 3.9817237640875773},
{"mapping": [6, 10, 9, 4, 11, 1, 3, 8, 5, 2, 3, 7, 12], "R": [[0.02113630202024662, 0.673951509876372, 0.7384731674693858], [-0.9968166741655207, -0.04258969899855945, 0.06739907747738572], [0.07687505995119254, -0.7375469340147587, 0.6709059138828111]], "T": [0.06310338184298225, -0.07962396278282702, -0.07360309696665528], "aligned_model": [[-0.32658782617965665, -0.0784382489968935, 0.6061114591137396, -0.1444594398870261, 0.5401117330684783, -0.4463960511819669, 0.025577369548689083, 0.26489790604668423, 0.3483951546758242, -0.64729156355142, 0.025577369548689083, 0.6068979452873221, 0.10461292273822524], [-0.49776216276245744, 0.0048756362898787625, -0.19706365852070712, 0.4170066858482365, 0.6013072606046677, -0.262464437145543, 0.4290045847787938, -0.7186451298535859, -0.4237610341023119, 0.18722088062006292, 0.4290045847787938, 0.2318196786356489, -0.051116978372175284], [0.23611559827107248, 0.6889576062975069, 0.38901231681065396, 0.12490956208229152, 0.21512636986713057, -0.5087519849067659, -0.5453334245422993, -0.005529455199685646, -0.5874920056660805, -0.05504278133115707, -0.5453334245422993, -0.34583166028351864, -0.16630174885805438]], "inverted": true, "swapped": false, "error_lsq": 0.056265860194272384, "error_max": 0.3304799801423048, "target": "621.xyz", "model": "6.xyz", "model_rescale": 4.08911054899281, "target_rescale": 3.9817237640875773},
{"mapping": [10, 9, 1, 3, 0, 12, 7, 11, 13, 4, 6, 2, 14], "R": [[-0.7268972073109959, 0.6834553222933613, -0.06715111638947707], [0.10177964824416402, 0.20391569485369143, 0.973683363622708], [0.6791622436552033, 0.7009331008171994, -0.21778759140964954]], "T": [-0.0473575862026237, -0.037912791552276115, -0.1067969490200414], "aligned_model": [[-0.5759131773890767, 0.16823083802640432, 0.641147464455813, -0.13514192320002769, 0.48048970805880337, -0.18329323963055294, 0.011663573344068354, 0.039462196851928685, 0.3973032338585344, -0.6303510148822193, 0.04107668314897209, 0.604231169638068, 0.02010321794997287], [-0.5157394631261673, -0.07650618191172467, -0.10585425706533905, 0.6096846734139879, 0.6678493339976561, -0.6155674691967599, 0.20658506452581246, -0.5833502556304591, -0.44001784122622795, 0.3541555747288296, 0.4414813338338372, 0.29315756553739647, -0.0864521670815398], [0.0008392784321468727, 0.6459244399857437, 0.13670009682888828, 0.33970374505889084, 0.22173499643430994, -0.5015607892255074, -0.838935095571929, 0.09192738519063863, -0.5268955165977833, -0.04978337186223657, -0.21405187432889755, -0.44733190348103485, 0.03623357713556517]], "inverted": true, "swapped": false, "error_lsq": 0.05279712911077991, "error_max": 0.3445465018700369, "target": "621.xyz", "model": "7.xyz", "model_rescale": 3.964800864290218, "target_rescale": 3.9817237640875773},
{"mapping": [1, 3, 6, 5, 10, 7, 12, 2, 4, 8, 9, 11, 13], "R": [[0.5071420237405999, -0.8615805027002912, -0.02204552387680253], [0.3194960608593971, 0.21169463305208702, -0.9236382676309329], [0.8004556420262258, 0.46137232221239294, 0.3826308213470613]], "T": [0.09131639214042894, -0.09087209217451686, -0.01147512290631092], "aligned_model": [[-0.5662323518337289, 0.32998869515183127, 0.6521214631606673, -0.27957797534859086, 0.21434711438611845, -0.45278010226336585, 0.016797281925770916, 0.0667411350831191, 0.5817390318987922, -0.4918545975995188, 0.04277778585877392, 0.7159362291759324, 0.04900502063488772], [-0.4010796934118976, -0.09091199690009374, -0.16920255870681283, 0.4619558457075781, 0.6960032123805179, -0.30735305752477626, 0.0019273734756767857, -0.7310996097007098, -0.4125887827789979, 0.3877666135149407, 0.4778528821539558, 0.26165384959038124, -0.02549816700046069], [0.17432257515518934, 0.6733593285381627, 0.11449246621627612, 0.4943799573591058, 0.19057613166132858, -0.41638024930042544, -0.7574711675851172, -0.17914596204331618, -0.4001618867828051, -0.15937430325877752, -0.396251205925938, -0.42705765870178114, -0.016783057333107133]], "inverted": true, "swapped": false, "error_lsq": 0.05373187481270354, "error_max": 0.29142962160753344, "target": "621.xyz", "model": "8.xyz", "model_rescale": 4.121658175737393, "target_rescale": 3.9817237640875773},
{"mapping": [3, 10, 5, 11, 7, 2, 6, 0, 4, 8, 6, 9, 12], "R": [[-0.7596288791065746, -0.3390808032468027, 0.554966823239725], [0.6475182156801923, -0.3146841352385891, 0.6940418253905751], [-0.0606970047830135, 0.8865653410204148, 0.4586041536136872]], "T": [0.05346472084546008, 0.006003402344867202, -0.045852281041239805], "aligned_model": [[-0.5037142572052373, 0.1333617332780909, 0.587206009944785, -0.250686743545805, 0.2602078198436424, -0.5353015062554557, 0.026006850937641934, 0.2007827788010614, 0.6687865359104483, -0.4543540212997018, 0.026006850937641934, 0.6703899357442009, 0.05031674313937565], [-0.33876156238764715, -0.2771201191993277, -0.13356210141125158, 0.3019770610239987, 0.6115236566545909, -0.2982073928913987, 0.31562082272486913, -0.7666838699796452, -0.4084018457175044, 0.48035007612997666, 0.31562082272486913, 0.39564920878614324, -0.04857884565837141], [0.3938893442131709, 0.6541036958231047, 0.23228367986217893, 0.4262955291096091, 0.16818842291602282, -0.25359388194475957, -0.6651786638728865, -0.03713378861576646, -0.5334743396093664, -0.2641839001952417, -0.6651786638728865, -0.44681268030757265, -0.11469978550681192]], "inverted": false, "swapped": false, "error_lsq": 0.05855857854009786, "error_max": 0.37235657328622207, "target": "621.xyz", "model": "9.xyz", "model_rescale": 3.833441315466971, "target_rescale": 3.9817237640875773},
{"mapping": [1, 13, 2, 10, 8, 6, 7, 5, 3, 12, 11, 9, 14], "R": [[0.562053661221068, -0.44250859868988485, -0.6987716522538016], [-0.8261466346684296, -0.3409271949127376, -0.4486093911132053], [-0.03971674626680055, 0.8294303996445073, -0.5571963677300238]], "T": [-0.04488773486257171, -0.031228934409366048, -0.09324218291573036], "aligned_model": [[-0.6195556814369262, 0.30008030988639744, 0.6150244050170038, -0.16388900397305345, 0.3996108247762191, -0.4795723303948608, 0.167458722761114, 0.09684557872700265, 0.5751829530759767, -0.6178482792401515, -0.15200899340826632, 0.7163106970682854, 0.04136952737194759], [-0.40795481227098923, -0.21589580912027914, -0.24381465692724957, 0.6215930837919387, 0.5898127440680497, -0.38690113390268815, 0.24722044414410801, -0.6090741996726177, -0.3413337906501783, 0.13896758932190206, 0.5888467124941095, 0.19834636896051216, -0.030386629437316286], [0.17776205513827045, 0.6014388481346591, 0.09642471759340884, 0.39195494611693427, 0.06260269653090025, -0.4750486220435014, -0.6600657024521664, 0.2283813838494748, -0.6163761713383074, -0.16919884955607248, -0.35662082504222004, -0.253810716076333, -0.13293879285625249]], "inverted": true, "swapped": false, "error_lsq": 0.05149982607408281, "error_max": 0.26537072036187676, "target": "621.xyz", "model": "10.xyz", "model_rescale": 4.2482417240324, "target_rescale": 3.9817237640875773},
{"mapping": [1, 0, 9, 5, 4, 10, 3, 6, 7, 11, 2, 12], "R": [[0.4533125467143134, 0.12007213495660028, 0.8832272739212416], [-0.5402510430209335, -0.751124810799655, 0.37939468778038554], [0.7089686491701711, -0.6491488280880948, -0.27562520473584484]], "T": [-0.023179378936615265, -0.007666434709171603, -0.03217478902480578], "aligned_model": [[-0.7230305063922766, 0.029010140895397545, 0.4658025755558559, 0.5157749333323796, -0.521731460213163, 0.1947770346376123, -0.26766599168439564, 0.6171463027805765, -0.09733029912262686, 0.0034782729901583417, -0.3758866077365122, 0.03642120732000116], [-0.3340530356234397, -0.7602082079567473, -0.0580820151173829, -0.29847549076431623, 0.6855316234157637, 0.592648643646274, 0.09156622308232476, 0.39447272018626744, -0.46367781990693036, 0.7107622270063018, 0.05201625530754129, 0.05363026677498333], [-0.028187306563080328, 0.06543078930171004, 0.5895583274312101, -0.11061017494234764, 0.13105227445740505, 0.1351346462913355, 0.4767682434857473, -0.12263615048146821, -0.575780675088482, -0.47456448753980784, -0.44474081406878807, -0.07623238242907752]], "inverted": true, "swapped": true, "error_lsq": 0.044800118262777265, "error_max": 0.2646166091228112, "target": "621.xyz", "model": "11.xyz", "model_rescale": 3.6694154284099745, "target_rescale": 3.9817237640875773},
{"mapping": [1, 2, 10, 8, 9, 0, 6, 12, 5, 4, 11, 7, 13], "R": [[-0.6751387201376838, -0.02715608173814732, 0.7371907865644288], [0.7364648878140327, 0.032775850374092697, 0.6756812951749658], [-0.04251091139830404, 0.9990937347701097, -0.0021287449822358084]], "T": [0.06764356921993897, 0.008572967771201616, -0.10222831548386324], "aligned_model": [[-0.5313289834559533, -0.049501016517882815, 0.57275146281458, -0.04830544300270234, 0.5318423341928921, -0.3451844455181591, 0.011836540774290943, 0.2900225866727316, 0.4064658853218862, -0.6402128041033087, -0.0575342867003103, 0.7657348326719305, -0.02757793291930613], [-0.4613406433958405, -0.136846380100565, -0.054231147261545126, 0.5082035446472144, 0.6273727579329359, -0.42375181427895814, 0.14824747891662401, -0.6108830496988716, -0.4013987673491455, 0.18549149317325905, 0.7174331891341775, 0.11113517820914373, -0.06000592912912697], [0.2677535398583106, 0.5234264876537624, 0.2778380553933568, 0.4541195653660832, 0.11292882054343067, -0.4938993221950325, -0.6474176770510383, 0.06685839387951534, -0.7036378323610123, -0.22599357662572228, -0.2661683650858942, -0.3352838868646594, -0.1360192345123054]], "inverted": false, "swapped": false, "error_lsq": 0.04737867247402304, "error_max": 0.2896537563718592, "target": "621.xyz", "model": "12.xyz", "model_rescale": 3.9764082729961374, "target_rescale": 3.9817237640875773},
{"mapping": [14, 3, 8, 4, 0, 13, 12, 11, 10, 6, 9, 1, 15], "R": [[0.8035807456796493, 0.5239090221452244, 0.2824487948067295], [-0.3302599069099269, -0.0023082304323675694, 0.9438872104018138], [0.49516298232075623, -0.8517711010518648, 0.1711712953509102]], "T": [0.06322319840045489, 0.13610426089743075, -0.09665152856882119], "aligned_model": [[-0.4337884132414396, 0.1300846690134146, 0.5772285331958972, -0.2505555040569576, 0.32359661842292803, -0.31882454212455935, 0.09257286367742784, 0.10816566725634037, 0.505736324202561, -0.697455273176268, 0.2129730166128863, 0.6061425731410696, 0.023132197307387914], [-0.42703286821813136, -0.31769340565842363, -0.2826273564339906, 0.5958485826413426, 0.7826340731917963, -0.22261365419348797, 0.07512860821040059, -0.6528266757221636, -0.4164799120280458, 0.1280092081959913, 0.6237829227861472, 0.1288021164927925, 0.13449427153507448], [0.17659574274359058, 0.6090684363532047, 0.1485324535698706, 0.35726675293964727, 0.10660401861913242, -0.4126286282761494, -0.7311860838735645, -0.01846680827720694, -0.477413612137264, -0.026213337928419497, -0.4148395880578549, -0.4260567645310771, 0.0032423868548857177]], "inverted": true, "swapped": false, "error_lsq": 0.04827299866413157, "error_max": 0.2800079816302149, "target": "621.xyz", "model": "13.xyz", "model_rescale": 4.170626492500431, "target_rescale": 3.9817237640875773},
{"mapping": [8, 4, 2, 5, 6, 10, 9, 0, 1, 12, 11, 3, 13], "R": [[-0.6249594237773538, -0.44322898302941893, -0.642630365944985], [-0.7660897076358806, 0.5064942501435555, 0.3956894418933729], [0.15010755639290588, 0.7396023547651973, -0.6560915167410154]], "T": [0.09936101494469093, -0.09521916543859271, -0.07671879753137169], "aligned_model": [[-0.47823712545706654, -0.0873169859123821, 0.6022611126350786, -0.22084225432260055, 0.4096148475247402, -0.37285681768593126, 0.00874462491476366, 0.35431843325816614, 0.4231181623266207, -0.555249594533303, 0.034034728502680606, 0.6709243554013163, 0.09049524357860579], [-0.49906330343757827, -0.18057298104934463, -0.1984302098469053, 0.7008648966041602, 0.6298852010778628, -0.12337055896615318, 0.04573829725252926, -0.6338789389483519, -0.4729020524297585, 0.15156039178346628, 0.5301544663294486, 0.1933346305514983, 0.0061060718784280155], [0.15747469770966094, 0.6021988563484734, 0.3348284528439507, 0.22484356893413399, 0.21560890224791385, -0.3842023297130535, -0.8693259524533441, -0.0502467409957484, -0.6626807555870803, 0.1384344531582395, -0.39967382244984606, -0.33269859965578996, -0.08005576238871487]], "inverted": false, "swapped": false, "error_lsq": 0.05792614601596479, "error_max": 0.4318637493469252, "target": "621.xyz", "model": "14.xyz", "model_rescale": 3.9786697098870705, "target_rescale": 3.9817237640875773},
{"mapping": [7, 8, 0, 1, 5, 9, 11, 10, 3, 2, 6, 12], "R": [[0.5625605412263809, -0.18088276335729753, -0.8067261390182601], [0.753006178409149, -0.2907530710327176, 0.5902917473272791], [-0.341331704845492, -0.9395446118228081, -0.02736036662763286]], "T": [0.1561225485406884, -0.026342917266762807, 0.005528086982007279], "aligned_model": [[0.006350777386691708, -0.7335090415219407, 0.5600042267407713, 0.6492028090029249, -0.02221139716179682, 0.40491247938459773, -0.5240323896837403, -0.10937606234093045, 0.6021493147329312, -0.007874262035383661, -0.4082184573928528, 0.06595659965606437], [-0.40829354344661983, -0.12013786836649087, 0.044768767465967495, -0.6150428949358947, 0.3655528189513914, 0.724752427600161, -0.22644204922016414, 0.26908852201966277, 0.05975515436049752, -0.5471883258680806, 0.4673569895610161, 0.0005044921029930191], [-0.5781107032673174, -0.18776933949697125, -0.6350907026988079, -0.07595753695601577, -0.4369744591183251, 0.051966259805696274, 0.46368593656351104, 0.5328860213737562, 0.35522950309072515, 0.006022268859320403, 0.1385535262910285, 0.025525719427229678]], "inverted": true, "swapped": true, "error_lsq": 0.04321087222580036, "error_max": 0.24916188304770961, "target": "621.xyz", "model": "15.xyz", "model_rescale": 3.769337070930944, "target_rescale": 3.9817237640875773},
{"mapping": [2, 1, 8, 7, 11, 4, 6, 3, 5, 0, 12], "R": [[-0.1135848417176355, 0.8498090443055982, -0.5147067824969724], [0.044053360436587696, -0.5132421412900554, -0.8571124814388384], [-0.9925511498991999, -0.12002954894693568, 0.02085958325018461]], "T": [0.038513235388010054, -0.022081974309974044, 0.10203740789564242], "aligned_model": [[-0.2601981799613216, -0.49435337916445227, 0.010502343375098096, -0.6101291339659602, 0.3871631196442628, 0.45240891809405404, 0.5634269963476434, 0.26589952248531723, -0.006748185810976408, -0.47367377876732736, 0.08832788841483301], [-0.05815691158388802, -0.5715137079894438, 0.7621861848549305, 0.26186498424901, 0.23868737394860506, -0.5436267987912807, 0.5289811158660659, -0.5266673142098992, 0.4661043730091726, -0.011538793824005182, 0.04974399209607481], [-0.3536436505175946, -0.0004987076689836889, -0.3688602438518384, 0.014920801204061779, -0.6211511034550473, -0.45689206858635967, 0.07536999924681351, 0.25147952285813624, 0.4772963339764227, 0.6642855908711285, 0.06191113314703804]], "inverted": false, "swapped": true, "error_lsq": 0.0513495751731691, "error_max": 0.25460930558880956, "target": "621.xyz", "model": "16.xyz", "model_rescale": 3.7852294659196426, "target_rescale": 3.9817237640875773},
{"mapping": [8, 3, 1, 0, 4, 11, 6, 2, 7, 9, 10, 5, 12], "R": [[-0.8503627804844338, -0.3410410450104619, 0.40071704129591873], [-0.5216808069123904, 0.4468527029779056, -0.7267542896609398], [0.06879154937941256, -0.8270511879318667, -0.5579014745225791]], "T": [0.07805507672610308, -0.019099420943205818, -0.02448445218821846], "aligned_model": [[-0.4979528206431684, 0.16744698713928186, 0.6969597855452866, -0.15219652336353573, 0.4226562382061548, -0.32867632704408734, 0.23279458381181667, 0.1828698352367767, 0.3858200604244466, -0.7323856283139627, -0.1588430133915662, 0.6513023287743762, 0.009213223848869426], [-0.2510824621944442, -0.21754537498867635, -0.20810166481558456, 0.4192203885786253, 0.5811179938374573, -0.4134689107307684, 0.15876626412924516, -0.6184852798479867, -0.37780477566160764, 0.27481383362614986, 0.5746178080635076, 0.21402930587924165, 0.0133487849241428], [0.1719962898516228, 0.740449310197925, 0.2110771479500834, 0.4452038497478935, 0.12643201341514423, -0.49028950276742966, -0.8799449825007296, 0.03746294140986797, -0.5422084988404147, -0.08822335643399146, -0.5150292739510525, -0.24640244449535717, -0.0760185255847673]], "inverted": false, "swapped": false, "error_lsq": 0.0517296877335955, "error_max": 0.3035967763409424, "target": "621.xyz", "model": "17.xyz", "model_rescale": 3.901054581598922, "target_rescale": 3.9817237640875773},
{"mapping": [4, 6, 7, 9, 12, 8, 2, 1, 0, 5, 13, 3, 14], "R": [[0.7725413893334543, 0.23778195679463135, -0.5887610234973545], [0.08994027937796033, 0.87690719551539, 0.4721700081525173], [0.6285622864220782, -0.4177242050399401, 0.656060927514815]], "T": [-0.01629548265108645, 0.0071941517217518555, 0.010716056827402232], "aligned_model": [[-0.5206168814528654, 0.2377859679640129, 0.5954824808333822, -0.28092901653421937, 0.5110714667520782, -0.44378173357593004, -0.04158135933965497, 0.22051394641430355, 0.4922770126217097, -0.46820002537936944, 0.01820987739910883, 0.5582456525334653, 0.0005313419946673496], [-0.5585501829048706, -0.30217685794088817, -0.14802774304629035, 0.5860450727632082, 0.4981737649486237, -0.3327314983586742, 0.11485620124170151, -0.6468876265376964, -0.3424886583333798, 0.3181956389074858, 0.6344661642065473, 0.2748049977438006, 0.05374663810973422], [0.2369178350217956, 0.6458994477498872, 0.21396691310274288, 0.18127491848013605, 0.19181885677815524, -0.36627772273334097, -0.8087396219749126, 0.052951954953501634, -0.4303967041571715, -0.28785789753805063, -0.3537580859888748, -0.4155383373845344, 0.0342434116894614]], "inverted": false, "swapped": false, "error_lsq": 0.04427099599614567, "error_max": 0.23912710611960863, "target": "621.xyz", "model": "18.xyz", "model_rescale": 3.9405287249114394, "target_rescale": 3.9817237640875773},
{"mapping": [10, 1, 6, 12, 4, 11, 9, 2, 5, 13, 7, 8, 15], "R": [[0.3097890028956881, 0.11205835311410184, 0.9441788491500172], [0.9265286482617582, -0.258543243585295, -0.2733131082598017], [0.21348404538778676, 0.959478148106433, -0.1839191280729531]], "T": [-0.016865438545880088, 0.11402408103445871, 0.041072769609558524], "aligned_model": [[-0.4134537538404758, 0.2829014385134152, 0.625079703011212, -0.24323543510836415, 0.23542000959264137, -0.44084413226496505, -0.01886857498656684, 0.20961409491930205, 0.3634093161571218, -0.541963865101257, 0.17112788700538423, 0.6671386130084223, -0.017316570675181428], [-0.5598852250059492, -0.1037840429298397, -0.26436811509533775, 0.39645076610007457, 0.7888601528579523, -0.23437595266739042, 0.11645351426070895, -0.7242591436481465, -0.41365862257538577, 0.38559275928179537, 0.5732546299395928, 0.11495352877567447, 0.07419166150555279], [0.12149659910341158, 0.5871669597752375, 0.09592927999378542, 0.4523279877266557, 0.16602619068901606, -0.4259097629209687, -0.7263905404288655, 0.07731555027237547, -0.47681208053132396, -0.27806973899126847, -0.45831822093973873, -0.2820522048510249, 0.04179494910150342]], "inverted": true, "swapped": false, "error_lsq": 0.04849481962156085, "error_max": 0.2753673168419744, "target": "621.xyz", "model": "19.xyz", "model_rescale": 4.410303926677745, "target_rescale": 3.9817237640875773},
{"mapping": [1, 3, 6, 5, 10, 7, 12, 2, 4, 8, 9, 11, 13], "R": [[0.5071420237405999, -0.8615805027002912, -0.02204552387680253], [0.3194960608593971, 0.21169463305208702, -0.9236382676309329], [0.8004556420262258, 0.46137232221239294, 0.3826308213470613]], "T": [0.09131639214042894, -0.09087209217451686, -0.01147512290631092], "aligned_model": [[-0.5662323518337289, 0.32998869515183127, 0.6521214631606673, -0.27957797534859086, 0.21434711438611845, -0.45278010226336585, 0.016797281925770916, 0.0667411350831191, 0.5817390318987922, -0.4918545975995188, 0.04277778585877392, 0.7159362291759324, 0.04900502063488772], [-0.4010796934118976, -0.09091199690009374, -0.16920255870681283, 0.4619558457075781, 0.6960032123805179, -0.30735305752477626, 0.0019273734756767857, -0.7310996097007098, -0.4125887827789979, 0.3877666135149407, 0.4778528821539558, 0.26165384959038124, -0.02549816700046069], [0.17432257515518934, 0.6733593285381627, 0.11449246621627612, 0.4943799573591058, 0.19057613166132858, -0.41638024930042544, -0.7574711675851172, -0.17914596204331618, -0.4001618867828051, -0.15937430325877752, -0.396251205925938, -0.42705765870178114, -0.016783057333107133]], "inverted": true, "swapped": false, "error_lsq": 0.05373187481270354, "error_max": 0.29142962160753344, "target": "621.xyz", "model": "20.xyz", "model_rescale": 4.121658175737393, "target_rescale": 3.9817237640875773},
{"mapping": [6, 10, 9, 4, 11, 1, 3, 8, 5, 2, 3, 7, 12], "R": [[0.02113630202024662, 0.673951509876372, 0.7384731674693858], [-0.9968166741655207, -0.04258969899855945, 0.06739907747738572], [0.07687505995119254, -0.7375469340147587, 0.6709059138828111]], "T": [0.06310338184298225, -0.07962396278282702, -0.07360309696665528], "aligned_model": [[-0.32658782617965665, -0.0784382489968935, 0.6061114591137396, -0.1444594398870261, 0.5401117330684783, -0.4463960511819669, 0.025577369548689083, 0.26489790604668423, 0.3483951546758242, -0.64729156355142, 0.025577369548689083, 0.6068979452873221, 0.10461292273822524], [-0.49776216276245744, 0.0048756362898787625, -0.19706365852070712, 0.4170066858482365, 0.6013072606046677, -0.262464437145543, 0.4290045847787938, -0.7186451298535859, -0.4237610341023119, 0.18722088062006292, 0.4290045847787938, 0.2318196786356489, -0.051116978372175284], [0.23611559827107248, 0.6889576062975069, 0.38901231681065396, 0.12490956208229152, 0.21512636986713057, -0.5087519849067659, -0.5453334245422993, -0.005529455199685646, -0.5874920056660805, -0.05504278133115707, -0.5453334245422993, -0.34583166028351864, -0.16630174885805438]], "inverted": true, "swapped": false, "error_lsq": 0.056265860194272384, "error_max": 0.3304799801423048, "target": "621.xyz", "model": "21.xyz", "model_rescale": 4.08911054899281, "target_rescale": 3.9817237640875773},
{"mapping": [0, 1, 8, 2, 15, 7, 12, 6, 10, 3, 14, 9, 16], "R": [[0.4650779980497547, -0.8685132255170549, -0.17142704813416734], [-0.23143234132198343, 0.06762758033930902, -0.9704975949314226], [0.8544831930004579, 0.49103084167841454, -0.169549949573365]], "T": [0.10778331530390767, 0.020484608390411933, -0.05216325969540077], "aligned_model": [[-0.3895099998073904, 0.1482927709473542, 0.5309967790873736, -0.23554872675257654, 0.3072987609148915, -0.18029605797157716, -0.03504266618382812, 0.16843486993580448, 0.41689040707514036, -0.5234133116954687, 0.04795620629143213, 0.5592031745513395, 0.06374652383819353], [-0.4890276381383794, -0.022582980916408722, -0.35686494065774854, 0.43242620845226276, 0.6495753780951402, -0.4848630026100274, 0.14799338783979013, -0.7197139639685824, -0.4074832140551257, 0.5682659929086469, 0.5796734860692948, 0.24960202196886405, 0.0024251758115747812], [0.2530842260634078, 0.7393558796946776, 0.34691029237943183, 0.43124242542741575, 0.2575872985432189, -0.4613456820436566, -0.7651231156546827, 0.011015779153014257, -0.6624351318826192, -0.2883944941551429, -0.3612766726274578, -0.5534345764836929, -0.05268126041511924]], "inverted": true, "swapped": false, "error_lsq": 0.04596358637700094, "error_max": 0.3132226026783547, "target": "621.xyz", "model": "22.xyz", "model_rescale": 4.204369325754507, "target_rescale": 3.9817237640875773},
{"mapping": [10, 1, 6, 12, 4, 11, 9, 2, 5, 13, 7, 8, 15], "R": [[0.3097890028956881, 0.11205835311410184, 0.9441788491500172], [0.9265286482617582, -0.258543243585295, -0.2733131082598017], [0.21348404538778676, 0.959478148106433, -0.1839191280729531]], "T": [-0.016865438545880088, 0.11402408103445871, 0.041072769609558524], "aligned_model": [[-0.4134537538404758, 0.2829014385134152, 0.625079703011212, -0.24323543510836415, 0.23542000959264137, -0.44084413226496505, -0.01886857498656684, 0.20961409491930205, 0.3634093161571218, -0.541963865101257, 0.17112788700538423, 0.6671386130084223, -0.017316570675181428], [-0.5598852250059492, -0.1037840429298397, -0.26436811509533775, 0.39645076610007457, 0.7888601528579523, -0.23437595266739042, 0.11645351426070895, -0.7242591436481465, -0.41365862257538577, 0.38559275928179537, 0.5732546299395928, 0.11495352877567447, 0.07419166150555279], [0.12149659910341158, 0.5871669597752375, 0.09592927999378542, 0.4523279877266557, 0.16602619068901606, -0.4259097629209687, -0.7263905404288655, 0.07731555027237547, -0.47681208053132396, -0.27806973899126847, -0.45831822093973873, -0.2820522048510249, 0.04179494910150342]], "inverted": true, "swapped": false, "error_lsq": 0.04849481962156085, "error_max": 0.2753673168419744, "target": "621.xyz", "model": "23.xyz", "model_rescale": 4.410303926677745, "target_rescale": 3.9817237640875773},
{"mapping": [3, 0, 7, 5, 6, 10, 9, 1, 11, 8, 15, 14, 16], "R": [[-0.2745913069850006, -0.9605895701413715, 0.043212172635552715], [0.6646028190732775, -0.22207519700889672, -0.713432337193453], [0.6949120138608356, -0.16718338616344436, 0.6993904548839676]], "T": [0.12929086244219923, 0.045678335742460364, -0.04368110351007707], "aligned_model": [[-0.4908985775735736, 0.09492746400060385, 0.5921933418298171, -0.11236227265658771, 0.48865288149371233, -0.28674511190015706, -0.00840508486358732, 0.11995921032995743, 0.40942221381819116, -0.5734085849709489, 0.03210301970157828, 0.5494098622622882, 0.06416036875939467], [-0.48315565122287585, -0.19460139614998953, -0.35932723501645514, 0.5024910126046406, 0.6959370128803031, -0.28942794369743347, 0.16231228558342395, -0.807110909154688, -0.29644998920277477, 0.22091803309332933, 0.6811006733212815, 0.3565641715025316, -0.03982415374199188], [0.33704275620629304, 0.6714906369658763, 0.20855426061109292, 0.3148268796407439, 0.11731790838117764, -0.4157050218386882, -0.6435613677865757, 0.05118076252124983, -0.49666688900140027, -0.432539949792486, -0.3536926629139813, -0.4737973821238561, 0.010055037129348791]], "inverted": true, "swapped": false, "error_lsq": 0.04161145551366406, "error_max": 0.23973368092318284, "target": "621.xyz", "model": "24.xyz", "model_rescale": 4.28219845311461, "target_rescale": 3.9817237640875773},
{"mapping": [10, 12, 13, 9, 7, 8, 1, 14, 0, 5, 3, 4, 15], "R": [[-0.7781820912757755, -0.43765198291897905, 0.450436870898405], [-0.4063564767055167, 0.8977205681248648, 0.17021220698013692], [-0.4788601535491751, -0.05058184864806549, -0.8764327868868238]], "T": [0.11151743274318826, -0.03903325145580149, -0.050714296304098856], "aligned_model": [[-0.4215007050595392, 0.06458992707677563, 0.5497278806631142, -0.11057178154179431, 0.545984157123173, -0.42084715818922847, -0.11307648795148323, 0.10154958687507679, 0.45112067445458587, -0.679982567150349, 0.10153407749425788, 0.6630940564078417, 0.14738707002825752], [-0.6231073020231999, -0.13962104888175422, -0.02925511320977925, 0.4929549760189833, 0.5657153569815608, -0.28399878789852656, 0.17038730900095175, -0.7106187479351039, -0.33052043002203957, 0.22942462663464974, 0.6408475831462864, 0.23010956667342702, -0.06289207768615372], [0.016023901566257985, 0.7056584983242831, 0.35027504056567893, 0.3021859595832912, 0.17525869267871105, -0.42290495336780387, -0.6124775903093641, 0.3084767223225191, -0.7328132883766647, -0.21423432190905228, -0.42180421562092213, -0.44817365863170855, -0.11096581882643064]], "inverted": true, "swapped": false, "error_lsq": 0.04346034194137021, "error_max": 0.2862366241147799, "target": "621.xyz", "model": "25.xyz", "model_rescale": 4.100010024507729, "target_rescale": 3.9817237640875773},
{"mapping": [1, 0, 9, 5, 4, 10, 3, 6, 7, 11, 2, 12], "R": [[0.4533125467143134, 0.12007213495660028, 0.8832272739212416], [-0.5402510430209335, -0.751124810799655, 0.37939468778038554], [0.7089686491701711, -0.6491488280880948, -0.27562520473584484]], "T": [-0.023179378936615265, -0.007666434709171603, -0.03217478902480578], "aligned_model": [[-0.7230305063922766, 0.029010140895397545, 0.4658025755558559, 0.5157749333323796, -0.521731460213163, 0.1947770346376123, -0.26766599168439564, 0.6171463027805765, -0.09733029912262686, 0.0034782729901583417, -0.3758866077365122, 0.03642120732000116], [-0.3340530356234397, -0.7602082079567473, -0.0580820151173829, -0.29847549076431623, 0.6855316234157637, 0.592648643646274, 0.09156622308232476, 0.39447272018626744, -0.46367781990693036, 0.7107622270063018, 0.05201625530754129, 0.05363026677498333], [-0.028187306563080328, 0.06543078930171004, 0.5895583274312101, -0.11061017494234764, 0.13105227445740505, 0.1351346462913355, 0.4767682434857473, -0.12263615048146821, -0.575780675088482, -0.47456448753980784, -0.44474081406878807, -0.07623238242907752]], "inverted": true, "swapped": true, "error_lsq": 0.044800118262777265, "error_max": 0.2646166091228112, "target": "621.xyz", "model": "26.xyz", "model_rescale": 3.6694154284099745, "target_rescale": 3.9817237640875773},
{"mapping": [11, 3, 7, 6, 1, 10, 4, 9, 8, 2, 0, 5, 13], "R": [[-0.19979733773608252, -0.6295110987165531, 0.7508640359121299], [0.40543458205515137, 0.6445227813546033, 0.6482385239930525], [-0.8920223223144916, 0.4339425778920579, 0.1264516333823198]], "T": [0.07254185544550351, -0.04001581025583505, -0.08577230020707868], "aligned_model": [[-0.70467215098507, 0.3136866565372056, 0.6370036224552454, -0.11967196361307991, 0.4074922787469324, -0.2301536340920728, -0.09853542140932159, 0.06883591299355318, 0.3852728956879411, -0.5287592617911199, 0.03369708023864901, 0.6920388674312508, 0.02277384803057516], [-0.37325940847013983, -0.1956134087533156, -0.14622945407281845, 0.39222026605690186, 0.7175194264052148, -0.41185833540740285, 0.05575655011026826, -0.6778507414642736, -0.40718892731387, 0.2699549314602811, 0.547599918742774, 0.39109340475434107, -0.012718311248658944], [0.05935716510755454, 0.6695222069765779, 0.1715797935668064, 0.41163724322878614, 0.22016107953895334, -0.44908937521890546, -0.8839519732273637, 0.1550936417424259, -0.5049863159661164, -0.15274059041395427, -0.3859925220538153, -0.3231471021452601, -0.09293828313689419]], "inverted": true, "swapped": false, "error_lsq": 0.04742084591353714, "error_max": 0.32118433909053257, "target": "621.xyz", "model": "27.xyz", "model_rescale": 4.103607728864725, "target_rescale": 3.9817237640875773},
{"mapping": [4, 12, 10, 0, 9, 8, 7, 13, 11, 1, 5, 6, 14], "R": [[-0.5100723618551858, -0.5016550142592834, 0.6986905125590233], [-0.8550027695474312, 0.38429049611116844, -0.34826868745963124], [-0.09378939032585037, -0.7750245552672188, -0.6249323875389681]], "T": [0.18782037030905657, -0.01245134277762025, 0.024995693293461185], "aligned_model": [[-0.5604266351420761, 0.09523844677865564, 0.6538830317793154, -0.1871403585990566, 0.5693360513361414, -0.2828443904427345, -0.09880851081184144, 0.1113302980661115, 0.4988159418108224, -0.6287626480292445, 0.08709156056436228, 0.5724713858390569, 0.048824557081176057], [-0.5222800746671232, -0.44420276354361976, 0.050863471745870734, 0.550989509686771, 0.711814551729213, -0.41332848558335267, 0.09137705988208845, -0.6556408186338751, -0.39521130615914457, 0.33463675475489596, 0.5672998230424819, 0.22157997970296472, 0.051528208842131315], [0.06754413754082633, 0.7614146740555594, 0.22134259586864086, 0.2522193684079687, 0.02205881780282578, -0.5135692295979126, -0.6285674581095986, 0.04313680543484541, -0.45337424555904615, -0.09983562804712703, -0.4096106837875915, -0.4205828061896237, 0.05232862017902811]], "inverted": false, "swapped": false, "error_lsq": 0.05144924881740399, "error_max": 0.29046999929684064, "target": "621.xyz", "model": "28.xyz", "model_rescale": 4.137296879288765, "target_rescale": 3.9817237640875773},
