[{"mapping": [2, 8, 1, 4, 5, 11, 7, 13, 10, 6, 14, 15], "R": [[0.8836111674097035, 0.0377966264798613, -0.46669338955635864], [-0.4267564772708564, 0.4750985579715277, -0.7695195054842628], [0.19264011507531414, 0.8791204554781541, 0.4359323466131563]], "T": [-0.20638121262143277, -0.0077147446564984345, -0.11840735518414373], "aligned_model": [[-0.5020077282427186, 0.1974803062840343, 0.520318012959267, -0.02444819508780477, -0.16438869034967293, -0.37477894471965656, 0.30757667308786013, -0.23107214967868833, 0.5330688275060873, 0.2665340518804567, -0.5609005888048679, -0.12973911237374786], [-0.3030681052201175, -0.5649524396874201, -0.2730643218321245, 0.7309200073808496, 0.40809272349270387, -0.655006288407663, -0.27289455431487264, -0.45329573792637357, 0.020269439238759845, 0.36096227010822823, 0.08403433087686077, -0.02844228773177391], [-0.46289153207275285, 0.018266233742118818, -0.42681173656253824, -0.16050186304253594, -0.618091097525102, -0.1291185319101864, 0.4966813231438704, 0.609331210445211, 0.0362072718006219, 0.43949547640961456, 0.426238307022821, -0.04685331609757955]], "inverted": false, "swapped": true, "error_lsq": 0.04830632529037356, "error_max": 0.2886042319185907, "target": "625.xyz", "model": "0.xyz", "model_rescale": 3.751011558992144, "target_rescale": 4.136450488565789},
{"mapping": [4, 10, 5, 3, 1, 2, 7, 6, 0, 11, 8, 13, 14, 12, 15], "R": [[0.150499618793695, 0.9549012496615092, 0.2559559886735234], [-0.9448009181447574, 0.06270780124177168, 0.321588178788099], [0.29103451653674406, -0.29022635141956155, 0.9116290776000474]], "T": [-0.017060737336176607, 0.13128170746979345, -0.02759017032737473], "aligned_model": [[0.09288685726301937, 0.1765481682976062, -0.4246539016433386, 0.050619019859121275, -0.3343255948271304, -0.42619069201696314, 0.560215121890839, 0.6241400726636431, -0.7796173273225692, -0.16050666771923489, 0.02966758785428332, 0.6091640754572583, 0.5167845524649481, -0.04852396480467053, 0.05287890367222198], [0.08899755826769123, -0.5880146749043982, 0.1605124931235269, 0.7060270507609547, -0.636070433213574, 0.36236858234745883, -0.41471662969736073, -0.25755586508385464, -0.06168834196970402, 0.1765101769169795, -0.36709380164537203, 0.08256338538539323, 0.5038864558570875, 0.7399472882839377, 0.053084105398339715], [-0.7803028941112307, -0.15644460460576, -0.53489327344759, -0.5880528876416681, 0.036668116376837985, 0.24168576417736307, 0.25779644481940284, -0.35697447708957836, -0.030612154015103192, 0.6242046737013663, 0.464076343343309, 0.5505313504409776, 0.05557043541822746, 0.07357814778934688, -0.007164580303925042]], "inverted": false, "swapped": true, "error_lsq": 0.0516294529870239, "error_max": 0.33532922677012383, "target": "625.xyz", "model": "1.xyz", "model_rescale": 3.9405287249114394, "target_rescale": 4.136450488565789},
{"mapping": [7, 8, 10, 12, 2, 6, 14, 11, 5, 4, 3, 9, 15], "R": [[-0.3352036787929187, -0.7081548845025132, 0.6214138341547655], [0.7049076418066511, 0.24910412886328548, 0.6641177226259288], [-0.6250949609829537, 0.6606540641958515, 0.4156831692710493]], "T": [0.09303486664304876, -0.07334582712423492, -0.0726673975201439], "aligned_model": [[-0.29993325038340896, 0.16282515826898647, -0.4433717278894767, 0.46649983554121716, 0.6159835763489564, -0.6766604509436586, 0.022026467418770887, 0.6354252315881728, -0.003969629207348793, -0.4970172585546386, -0.052038878450689705, -0.46397884696345465, 0.030193052510503166], [0.672532106635263, 0.5313523534769413, 0.2452185330594499, -0.28069277951448496, -0.18575270038521896, 0.18286132183849774, 0.09966116542321225, 0.3143854341094002, -0.6701278653134153, -0.5540855644949075, -0.70339462812975, -0.2049608969357814, 0.011836113802811313], [-0.11793646943313689, -0.42161878481984244, -0.49958644492057486, 0.3736843817767303, -0.15744554518711923, 0.04026697732003384, 0.5564328854879583, -0.12685253543929145, -0.315122324330958, -0.0383066373353691, 0.4079814696419464, 0.49907476631090036, -0.08745138948263304]], "inverted": false, "swapped": true, "error_lsq": 0.05111640466083847, "error_max": 0.37106702768708266, "target": "625.xyz", "model": "2.xyz", "model_rescale": 3.932901565614263, "target_rescale": 4.136450488565789},
{"mapping": [4, 3, 9, 5, 6, 7, 14, 10, 1, 8, 12, 0, 11, 15], "R": [[-0.8338002133057191, -0.24680192872601414, 0.49382791766814593], [-0.15495765682812235, -0.7539222636946481, -0.6384272432281344], [0.5298729365439185, -0.6088431885819674, 0.5903766957084836]], "T": [0.1621733550803293, -0.05925543064450105, 0.07643134819023434], "aligned_model": [[-0.11313005278428825, 0.5249807596766476, 0.10262946512969327, 0.1434623843190728, -0.44235282697805633, -0.40206513257120324, 0.4069975955055435, -0.5889908087374373, -0.4598955131483238, -0.1755884862021416, 0.7645343679986866, 0.16067148943502318, 0.4199109134397977, 0.0786457569696894], [0.1528819422504587, 0.04719046480226245, -0.4508179909239645, 0.5143169916390696, -0.4648259372409839, -0.6411906258450155, -0.6167859301182519, -0.10580287828917555, 0.28363670133319563, -0.24944940194848453, -0.13666627742167992, 0.6538418384135216, -0.2001294746947182, -0.12270278360574512], [-0.6015499465497893, -0.6349555192601221, -0.6289828508491305, -0.2318017467625756, -0.29891891156728834, 0.31263778243827045, -0.1684392539006411, 0.1475713045033708, 0.5112539948276593, 0.6612739227169908, -0.03700375862564809, 0.4084391109900515, 0.6774178062891538, 0.09695442880679588]], "inverted": false, "swapped": true, "error_lsq": 0.05848989314723, "error_max": 0.34116010396479174, "target": "625.xyz", "model": "3.xyz", "model_rescale": 3.9243930471874484, "target_rescale": 4.136450488565789},
{"mapping": [12, 14, 3, 5, 4, 2, 0, 9, 6, 7, 10, 8, 15], "R": [[-0.3036752488907757, 0.2980448740409347, -0.9049588920326985], [0.5185677874114928, 0.8485104935511433, 0.10543904491574434], [0.79929268298307, -0.437263302132158, -0.41222810619632294]], "T": [-0.09431228191382081, -0.16763911953857924, -0.08596467657505931], "aligned_model": [[-0.18682262033607805, -0.16814844013309788, 0.47494695938619214, 0.4103861209894475, 0.6584835253036249, -0.36315831403772536, -0.09964824679206342, 0.3833279785710298, 0.23402173991756503, -0.3834235209804665, 0.02544661161284774, -0.5928392716105023, -0.11536663557942095], [-0.4415445198390245, 0.1709462747186986, -0.33765496589883015, -0.5528710817979514, -0.05056241260679645, -0.6349832474204286, -0.787857456986645, 0.3024674521365247, 0.5756130711790582, 0.5808936840060898, 0.2992177167410019, 0.07627400626841332, -0.07210896681852377], [-0.6319650625752636, -0.6433235653053305, -0.6300875899403687, 0.059702485873940545, -0.07930249165943289, -0.1370456868118805, 0.39781199366622205, -0.5391042781122182, 0.01699215523573118, 0.1765623799418417, 0.496424936236503, 0.34330781582227254, -0.04290277700105247]], "inverted": false, "swapped": true, "error_lsq": 0.049932024435783914, "error_max": 0.3441920555089456, "target": "625.xyz", "model": "4.xyz", "model_rescale": 3.8936222436046832, "target_rescale": 4.136450488565789},
{"mapping": [4, 6, 3, 5, 14, 13, 8, 11, 0, 1, 12, 15], "R": [[0.07018033334839058, 0.8950635687600385, 0.4403815716962427], [0.7361249803049174, 0.25146192413152524, -0.6284002817338294], [-0.6731973961492974, 0.3682772170398479, -0.6412309702651542]], "T": [-0.05215263344004775, 0.013493405302681154, -0.031191045505746355], "aligned_model": [[-0.03209233084845223, -0.5747236600120842, -0.10302653106205012, 0.4248654613950953, -0.636699425849758, -0.751907097830018, -0.1120523993028665, -0.02347866195468787, 0.7194651242433687, 0.3485705840433573, -0.11778810012125687, -0.11358492048555013], [-0.36956947393984174, -0.5934228360507104, 0.2655435754164509, -0.1022190554812978, 0.2764873615997816, 0.10103336483085994, -0.22265133233865722, 0.36196220068827956, -0.01303831653843775, -0.5751291064498907, 0.5998656385737279, -0.05993911520045697], [-0.6894564039930118, -0.20265345037624738, -0.7946789464934285, -0.45945198053767994, -0.17218751619313272, 0.44988683685065023, 0.6267947644171373, 0.5390774615119689, 0.11927898161436776, 0.4007347196994603, -0.2143804068327212, 0.016320659608155208]], "inverted": true, "swapped": true, "error_lsq": 0.04967388692770131, "error_max": 0.2832957415564581, "target": "625.xyz", "model": "5.xyz", "model_rescale": 3.6523030999806103, "target_rescale": 4.136450488565789},
{"mapping": [3, 5, 2, 12, 11, 9, 1, 14, 6, 7, 8, 13, 15], "R": [[0.4966444895627845, 0.25414456340392033, -0.8299125206183794], [-0.5699386880090596, 0.8166337495709022, -0.09099016964640161], [0.6546099165895926, 0.518189019522799, 0.550423470746449]], "T": [0.06004430977741898, 0.025755604595673894, 0.1697230160196848], "aligned_model": [[0.08249915678593639, -0.22400813259707003, 0.45409766934826257, 0.5710793305986266, 0.5546750168833299, -0.15958690407722634, -0.415207251866526, 0.3293615379478408, -0.5132092616463191, -0.1980768296688678, 0.03339630686482137, 0.3556710108622689, 0.010391255229217605], [-0.6140318904727307, 0.03629981471109027, 0.3014902897768135, -0.24510253094559342, 0.4132845544875569, -0.7460324246642821, 0.6998207857173718, -0.5007312405311393, -0.34643294030388927, 0.08319511853067366, 0.5125821493104852, -0.08610647324196033, 0.032591691788787326], [0.6588027208410268, 0.7558510689819951, 0.4187015806798122, 0.38692759803050747, -0.05966888592554112, 0.0668576990212978, 0.054018609125969924, -0.1149181806307597, -0.28158972256690856, -0.6320757751682184, -0.3348435746576987, -0.6232758572379888, 0.07532245898829526]], "inverted": true, "swapped": true, "error_lsq": 0.055276341440532804, "error_max": 0.2985657353366913, "target": "625.xyz", "model": "6.xyz", "model_rescale": 4.08911054899281, "target_rescale": 4.136450488565789},
{"mapping": [7, 13, 8, 6, 4, 5, 10, 1, 9, 14, 3, 12, 2, 11, 15], "R": [[-0.514331598238107, 0.6931312951919987, -0.5050069451792688], [0.3035813652415862, 0.6978906755168252, 0.648680938293029], [0.8020606970372562, 0.1803264058648431, -0.5693689714200966]], "T": [0.05503599570181422, 0.07646340506978713, 0.05185514480006181], "aligned_model": [[0.2241537439046038, 0.2568454101213369, 0.6155252497612436, -0.36134547015225543, -0.5901192518190015, -0.1816936497393002, 0.12635606184007875, 0.533204495812492, -0.6918832559731973, -0.25725732793412087, -0.6413700041289105, -0.07195190995927905, 0.37491037500817803, 0.632491469426129, 0.06846760363155813], [-0.5854521908111324, -0.7509857883674683, -0.21634589647012623, -0.34282678820984314, 0.33762380602493236, 0.6774602381120953, -0.05684930736709223, 0.29796718223804497, -0.23250557496130395, -0.4191710688957233, 0.3042646013775163, 0.07678888181309729, 0.31520960404354303, -0.10702509241832422, 0.0026062100608975486], [-0.4442033730311983, 0.10978852353882773, -0.25213852970913364, -0.5152862545244825, -0.25802034462643164, -0.03243569988487161, -0.6888312450703532, -0.5930529007555522, 0.01830359483290917, 0.34776074890538117, 0.38675291282598756, 0.6564812428324067, 0.41788605387766997, 0.33529123151068135, -0.024225928639760537]], "inverted": true, "swapped": true, "error_lsq": 0.05210247167306045, "error_max": 0.2958606323429762, "target": "625.xyz", "model": "7.xyz", "model_rescale": 3.964800864290218, "target_rescale": 4.136450488565789},
{"mapping": [1, 10, 8, 0, 11, 4, 2, 7, 6, 14, 3, 12, 13, 15], "R": [[-0.5857224411033151, -0.5784485872084744, -0.5677380152363356], [0.33268438451777205, 0.4671601654868738, -0.8191962402747635], [0.7390874929844267, -0.6686991937626341, -0.08118538030457428]], "T": [-0.11212626965816866, 0.024646903072795316, 0.11621352472214888], "aligned_model": [[-0.0713079385686066, 0.21362675361259306, 0.3470615068257318, -0.6483804454920039, 0.09905081542821259, -0.4031048123192654, -0.37087582447916423, 0.6726158010294895, 0.3504996123755263, 0.22598929046394925, -0.5427421196417871, -0.2878511691340985, 0.6969875277863351, -0.020381108426039005], [-0.2548527900331045, -0.5265542044239692, 0.12415101939066833, 0.13489384026583662, 0.6025737956568468, -0.6213457499140915, 0.48013276306970093, -0.21600703999038506, -0.6310635783810848, 0.14139986268347296, -0.1197903134581482, 0.44696928136613817, 0.27267459965633023, -0.02223301970700846], [-0.667259008568606, -0.2857037132694703, -0.40488451009429605, -0.4486016636696769, -0.14620525062940368, 0.3963525034020067, -0.02118841006788197, -0.08145459137529198, 0.2800677767241101, 0.6664747288216519, 0.7815999514637002, 0.5315005592391787, 0.2283411678473145, 0.0877754989016861]], "inverted": true, "swapped": true, "error_lsq": 0.047036259203823115, "error_max": 0.31200324456943135, "target": "625.xyz", "model": "8.xyz", "model_rescale": 4.121658175737393, "target_rescale": 4.136450488565789},
{"mapping": [4, 9, 6, 10, 3, 5, 14, 11, 13, 12, 1, 8, 15], "R": [[-0.5474721294567388, -0.3083345363404779, -0.7779486365871507], [-0.826402717506352, 0.34546567161586833, 0.4446481960304281], [0.1316541528635571, 0.8863313620958586, -0.4439413256265736]], "T": [-0.09665118193811296, -0.02009933472080285, 0.11900341462487171], "aligned_model": [[-0.6092507775703875, -0.16529170372870688, 0.1123685748516682, 0.09267015627593124, -0.6366845959385592, -0.7338565956900448, 0.1832914387833685, 0.3173060488575213, 0.726472503100923, -0.18674701356885431, -0.03921537562265924, 0.43675968057437087, -0.021084843889374177], [0.033378796542615254, -0.4061565532496113, 0.16404588170337162, 0.6064520366475071, -0.5489057298874621, 0.1151796254609099, -0.5482152593545352, -0.059147172037295324, -0.21134138384355927, -0.5920444272405592, 0.8025485180712285, 0.4044134454950212, 0.03017966110407877], [-0.4420978341816224, -0.5886152739634989, -0.6512098277013627, -0.25923720879340517, -0.15984945852166174, 0.1155496525248865, -0.15204358787363928, 0.6430010726037618, -0.00203113257340351, 0.33454994047591013, 0.2354811527116678, 0.285013644168445, 0.06256429508301127]], "inverted": true, "swapped": true, "error_lsq": 0.04498976330376096, "error_max": 0.30595966102739147, "target": "625.xyz", "model": "9.xyz", "model_rescale": 3.833441315466971, "target_rescale": 4.136450488565789},
{"mapping": [5, 3, 11, 13, 14, 12, 9, 7, 1, 8, 0, 10, 4, 2, 15], "R": [[0.37779594303809816, -0.09382288941623029, -0.9211229509927238], [0.8489816684248475, 0.43208147971191035, 0.30419684674323666], [0.36945954054878094, -0.8969408343427985, 0.24289254329008927]], "T": [-0.07398272494400832, -0.05769229661619797, 0.08086057226170479], "aligned_model": [[0.3725929110133582, -0.07719132438447085, -0.5231877101935092, -0.6161706649471155, -0.5213083975309312, -0.5377493311828003, -0.06245737464812537, -0.06963838178499945, 0.47178054684114207, -0.10349194907931308, 0.26006353430842477, 0.4386093021239203, 0.4531750703210427, -0.305605798634501, -0.05557541392759005], [-0.5318846719092345, -0.6286895231157146, 0.08306054544942586, 0.5931173866473591, 0.0531992786003795, -0.4489648671144243, -0.02147158716349385, 0.782812538493099, 0.2914537184856749, 0.5048682607073964, -0.3996526941550002, 0.4976954671452913, -0.26141447357041975, -0.35967912402982044, 0.0466512848244595], [0.07345399150666732, -0.4874554392034843, 0.5561103873820183, -0.025132246957238424, -0.38641191730110286, -0.03543673232693803, -0.7272428444843886, 0.0012372667479837174, 0.6041720820998822, 0.4991337726471576, 0.7055327330727388, 0.09726194174467528, -0.43007464954858415, 0.4661561734097733, 0.06681738903293262]], "inverted": false, "swapped": true, "error_lsq": 0.04944935377277363, "error_max": 0.46075961772571883, "target": "625.xyz", "model": "10.xyz", "model_rescale": 4.2482417240324, "target_rescale": 4.136450488565789},
{"mapping": [13, 8, 1, 0, 9, 4, 6, 5, 2, 3, 12, 15], "R": [[0.07341491287982468, -0.7450320833520339, -0.6629762026973334], [-0.5459708864201149, 0.5262814262939746, -0.6518770217760508], [0.8345813571776461, 0.4098231998241533, -0.3681289218974928]], "T": [-0.03505032452269947, -0.023014948477944434, -0.08942202456826531], "aligned_model": [[-0.7759227161310183, -0.09193929129447681, 0.4701037800808879, 0.6930827678912996, -0.47539717028024275, 0.1593011872872866, -0.34408824061920146, 0.49603715507029816, 0.14606100956593585, -0.07761862656620325, -0.2452086085412899, -0.077645644100269], [-0.40449999955808785, -0.6256211657348182, -0.42194775028424125, -0.27906105861564373, 0.6376417316538955, 0.6724047565627814, 0.3060444573064232, 0.34313395094282484, -0.2922946306852871, 0.6968243616384929, 0.08381842848940729, -0.050311691665107586], [0.09586893310467257, 0.26543997326890983, 0.4390544415732157, -0.24108518592508726, 0.06583038951270334, 0.15362486612620269, 0.5939831495375691, -0.18010905411370723, -0.5229945443111281, -0.4486580527453333, -0.6604902146867773, 0.0047275885131166095]], "inverted": false, "swapped": true, "error_lsq": 0.04601331769792055, "error_max": 0.23641764619413783, "target": "625.xyz", "model": "11.xyz", "model_rescale": 3.6694154284099745, "target_rescale": 4.136450488565789},
{"mapping": [8, 7, 6, 13, 11, 0, 2, 5, 14, 3, 4, 12, 10, 15], "R": [[-0.4225143970697378, 0.11194185024394251, 0.8994168146264329], [0.07318757658273306, 0.9933168770800236, -0.0892477469852106], [-0.9033964594256182, 0.028117678992981093, -0.42788343415620234]], "T": [0.04398930112929718, -0.018905085452936093, 0.03448190920333855], "aligned_model": [[0.036875753366071476, 0.011800860241417285, -0.2699194746036672, 0.5655407130685038, 0.4693132886769984, -0.3007920687506958, 0.27172417140476757, -0.38425806430350795, 0.5043924691323073, 0.08979329921555874, -0.45550727872198055, 0.5259064650552031, -0.4889138154915727, 0.02230853196640633], [-0.12868364961096979, 0.4418258564269817, 0.7102690210466442, 0.3680191521933416, -0.3819289638877965, -0.7252700637723603, -0.5041523594219626, -0.22501552323127122, 0.4389242428684047, 0.21928774168693946, 0.3477909996502653, -0.10526226967031639, 0.23291087193436052, 0.04227223192399315], [-0.6584796405348925, -0.6722698332127467, -0.1669965289567431, -0.5196202861239054, -0.33263120333431223, 0.06470523935143918, 0.11174706582306718, 0.4799768545101781, 0.13020028431075037, 0.8027249615810597, 0.47775385199339154, 0.41130685050735694, -0.43888702848839034, -0.0504351277738373]], "inverted": false, "swapped": true, "error_lsq": 0.051640737879541196, "error_max": 0.3253453772002149, "target": "625.xyz", "model": "12.xyz", "model_rescale": 3.9764082729961374, "target_rescale": 4.136450488565789},
{"mapping": [11, 14, 10, 2, 7, 8, 4, 6, 13, 0, 6, 12, 1, 5, 9, 15], "R": [[-0.6625826674015697, -0.6042013335805244, -0.44263411228523375], [-0.30862315974411325, -0.3182315031065241, 0.896370713321292], [-0.6824484992500024, 0.7305268365570688, 0.02438415348830314]], "T": [0.06686054102018835, 0.07948874434060672, -0.00488979000405711], "aligned_model": [[0.18762329256538232, 0.6924890983893991, -0.2971560567467441, -0.6733206886680616, -0.16158538960943442, -0.3238885354909149, 0.3319368922225642, 0.8171695973239294, 0.4748455465441094, -0.29196629380408784, 0.8171695973239294, -0.019977985459433037, -0.49699814977278334, 0.31191021702830973, -0.21060273796668794, 0.11729464562104788], [-0.6550158925640231, -0.30025203821484236, -0.6196972368641845, 0.1989813904137922, 0.47661758776528207, -0.3342027434868964, 0.6896722119593386, 0.21383192939475654, -0.28496232484062334, 0.7060293375447524, 0.21383192939475654, -0.15548920135423994, -0.1046382358488498, 0.7451657479026108, 0.4315301499269101, 0.11157659779504658], [-0.2814110278036914, -0.3261278416781459, 0.15251980053967693, -0.27712639418824486, -0.6058347437410324, -0.4242075081526415, -0.2755822089175587, 0.04655954776940241, 0.26934405113740983, -0.08103518500368871, 0.04655954776940241, 0.5820156285295819, 0.2220093290875404, 0.44193085527964565, 0.39583468402303884, -0.09441881058881418]], "inverted": true, "swapped": false, "error_lsq": 0.05183100575555523, "error_max": 0.392329089139612, "target": "625.xyz", "model": "13.xyz", "model_rescale": 4.170626492500431, "target_rescale": 4.136450488565789},
{"mapping": [2, 0, 12, 5, 14, 6, 4, 11, 13, 1, 8, 10, 7, 15], "R": [[-0.16273914748156, 0.059121000937182255, -0.9848962773435389], [-0.031821389025964625, -0.9979984130391436, -0.05464949013311666], [-0.9861558543543884, 0.02244715615700777, 0.16429472329636646]], "T": [-0.05658081029570835, -0.004341684625312595, -0.08168202555040477], "aligned_model": [[0.14930916675509892, -0.25808270231523495, 0.13079643983443354, -0.629866787009144, 0.2003093088109317, -0.29435733518084845, -0.7635094317274376, 0.5463213619098026, 0.6298826044141134, -0.18679287886055856, 0.3475009746687228, -0.2525298244750259, 0.2581844286620652, -0.03398230339527566], [-0.4524304251779929, -0.7543384421642649, -0.02775310551613208, -0.2819970417860021, 0.5139221679315381, 0.675222620084384, 0.27393229522796175, -0.2917526961073714, 0.46846830660670974, -0.3659030693923743, -0.09725801160123507, 0.17747924603184226, 0.46348576824566784, 0.0549968555429349], [-0.30556545593585976, 0.0433818640875524, -0.6699340328114587, -0.21804095044698624, -0.3917639891501737, 0.3088072036135105, -0.1388518052881333, -0.044766590794961814, 0.10263882594640913, 0.6571911755238051, 0.4843410414417921, 0.6254391043047516, 0.5467027615224744, 0.004293949108144582]], "inverted": true, "swapped": true, "error_lsq": 0.052523210311544576, "error_max": 0.31160442896566204, "target": "625.xyz", "model": "14.xyz", "model_rescale": 3.9786697098870705, "target_rescale": 4.136450488565789},
{"mapping": [5, 9, 0, 1, 12, 11, 6, 13, 8, 10, 14, 15], "R": [[-0.47856484296961915, 0.8553187605230428, -0.19850820882469727], [0.5120296023178461, 0.08818726455489884, -0.8544288693159616], [-0.7133031455304906, -0.5105416968942402, -0.48015184921924214]], "T": [0.023961233217984067, 0.05417122975014439, -0.1720516641124363], "aligned_model": [[0.0054844351176895, -0.7734177324747835, 0.636672577335297, 0.6197726823775594, -0.16569099603167822, 0.47404436619414514, -0.4363790804780773, -0.06040169710647456, 0.49129381236304887, 0.13425245876638608, -0.4638761778061211, 0.02159994851034488], [-0.27976031377170313, -0.04350179356865584, -0.1369085168068674, -0.49975078157671243, 0.5770114882464876, 0.507241568677525, -0.4177167881861897, 0.4324048996095699, 0.0038592888625855887, -0.5608120084310027, 0.41991453521579, 0.012692911953612246], [-0.731060963702646, -0.0765389883258809, -0.6268180486918485, 0.00625859200940998, -0.44106625215039097, 0.026974237440700405, 0.3139891286502554, 0.5885912684203954, 0.3488769434718839, 0.25351457232294505, 0.07082129285054625, -0.07357528842154028]], "inverted": true, "swapped": true, "error_lsq": 0.052490367606337324, "error_max": 0.22503307169896147, "target": "625.xyz", "model": "15.xyz", "model_rescale": 3.769337070930944, "target_rescale": 4.136450488565789},
{"mapping": [13, 6, 11, 8, 14, 9, 12, 4, 0, 1, 15], "R": [[0.9829459366190056, -0.023951654221481336, 0.18232828618796487], [0.1358932343492294, 0.7626033343393075, -0.6324311688339499], [-0.12389638631651541, 0.6464228281199738, 0.7528527165010986]], "T": [0.09289890186597341, 0.11783841867297196, 0.06748064472375946], "aligned_model": [[-0.3225987035400162, -0.20484185604546698, -0.1423772683009817, -0.5752798020310687, 0.2877770939701889, 0.4052866018802619, 0.5823275641791822, 0.3828392265316939, 0.057056086851183005, -0.5509172430108402, 0.0033544302070344645], [0.17494481527064365, -0.6186012618545372, 0.709123031317558, 0.32174428467382155, -0.02655096973165949, -0.534101654174977, 0.3858512669984262, -0.5294818236738441, 0.508211529019166, 0.13484193640844438, 0.0700833433723003], [-0.676062281548774, -0.1321044151828305, -0.13864188848345427, 0.0022329428875799834, -0.5423676750000141, -0.2956501470637236, -0.1977125870524305, 0.34562445529448205, 0.7494361070731856, 0.5955214357625194, 0.03394166053723706]], "inverted": true, "swapped": true, "error_lsq": 0.04772487261829665, "error_max": 0.2784907116756437, "target": "625.xyz", "model": "16.xyz", "model_rescale": 3.7852294659196426, "target_rescale": 4.136450488565789},
{"mapping": [12, 5, 4, 3, 2, 0, 1, 10, 14, 13, 8, 6, 15], "R": [[0.02836463340961648, 0.9821627280784233, 0.18588120707884143], [0.8693815460498422, -0.11601331762604866, 0.4803297175080712], [0.4933266412424166, 0.147977314838953, -0.8571648262344467]], "T": [-0.0376172230969334, 0.053189619395124677, -0.07962530434679878], "aligned_model": [[-0.022056216929101743, -0.3838001174183739, 0.1479967801082187, 0.14387857808049886, -0.44958983348993425, -0.8102550055216812, -0.4310829773647309, 0.09980946813032275, 0.5170471797202094, 0.515504109418848, -0.09127499344095524, 0.5955732428806925, 0.022015636042270054], [-0.28836769900706116, -0.39238301524672553, -0.4479746337315822, -0.7307206870531835, 0.03399399964084786, 0.07205186391892669, 0.5717274986205586, 0.47246093200805733, -0.061422452082477375, 0.5944789368960521, 0.7521243716124771, 0.16837469352190104, 0.13071181460508335], [-0.5942078593115705, 0.245898113847361, 0.46336152844025297, -0.11931311440595867, -0.4306354023916468, 0.06671060443521641, 0.4399115981414889, 0.5342155791308901, -0.41121579219392673, -0.4399281632249244, -0.049480637313202305, 0.4269607106679287, -0.03652246867873496]], "inverted": false, "swapped": true, "error_lsq": 0.05664256257189282, "error_max": 0.398911224641797, "target": "625.xyz", "model": "17.xyz", "model_rescale": 3.901054581598922, "target_rescale": 4.136450488565789},
{"mapping": [4, 10, 5, 3, 1, 2, 7, 6, 0, 11, 8, 13, 14, 12, 15], "R": [[0.150499618793695, 0.9549012496615092, 0.2559559886735234], [-0.9448009181447574, 0.06270780124177168, 0.321588178788099], [0.29103451653674406, -0.29022635141956155, 0.9116290776000474]], "T": [-0.017060737336176607, 0.13128170746979345, -0.02759017032737473], "aligned_model": [[0.09288685726301937, 0.1765481682976062, -0.4246539016433386, 0.050619019859121275, -0.3343255948271304, -0.42619069201696314, 0.560215121890839, 0.6241400726636431, -0.7796173273225692, -0.16050666771923489, 0.02966758785428332, 0.6091640754572583, 0.5167845524649481, -0.04852396480467053, 0.05287890367222198], [0.08899755826769123, -0.5880146749043982, 0.1605124931235269, 0.7060270507609547, -0.636070433213574, 0.36236858234745883, -0.41471662969736073, -0.25755586508385464, -0.06168834196970402, 0.1765101769169795, -0.36709380164537203, 0.08256338538539323, 0.5038864558570875, 0.7399472882839377, 0.053084105398339715], [-0.7803028941112307, -0.15644460460576, -0.53489327344759, -0.5880528876416681, 0.036668116376837985, 0.24168576417736307, 0.25779644481940284, -0.35697447708957836, -0.030612154015103192, 0.6242046737013663, 0.464076343343309, 0.5505313504409776, 0.05557043541822746, 0.07357814778934688, -0.007164580303925042]], "inverted": false, "swapped": true, "error_lsq": 0.0516294529870239, "error_max": 0.33532922677012383, "target": "625.xyz", "model": "18.xyz", "model_rescale": 3.9405287249114394, "target_rescale": 4.136450488565789},
{"mapping": [3, 10, 1, 4, 13, 12, 9, 5, 2, 7, 11, 6, 0, 5, 8, 15], "R": [[-0.9751535408373649, -0.21076851886518472, -0.06820706156789147], [0.1900118119056619, -0.954071247586363, 0.23161080688372182], [-0.11389066304433043, 0.21289595107558434, 0.9704144634572104]], "T": [-0.00939952330586094, 0.04021587059552621, -0.16515986560594398], "aligned_model": [[0.09802537081877623, 0.6729119503915545, -0.16275018515099104, -0.717898578152139, 0.09691822762315849, -0.319233058612326, 0.2947097835681143, 0.4864722062909741, 0.5839166965591915, -0.26538107870892447, 0.6310957842046577, 0.032552637036507806, -0.5179852164334237, 0.4864722062909741, -0.1484486025312555, 0.02356490630567481], [-0.7905667258542715, -0.34345488644641936, -0.4879285046979882, 0.21117469587739907, 0.34101814889205717, -0.2742048597625685, 0.7448516133825924, 0.390575281843742, -0.25568365015872746, 0.6955126517460662, 0.2710797173369694, -0.036575146016332064, -0.0022674663072268647, 0.390575281843742, 0.45371320441780183, 0.02515985282675059], [-0.31907141303630593, -0.23693618480836537, 0.19962297025249215, -0.2240427829610758, -0.7563826413690048, -0.48963150832680286, -0.1691406213237879, 0.4028385089474651, 0.39675171095703654, -0.1913346788528905, -0.4011277600843368, 0.5768823243014397, 0.2955027189258529, 0.4028385089474651, 0.4528672082544142, -0.14860663576171546]], "inverted": true, "swapped": false, "error_lsq": 0.044374920108787685, "error_max": 0.3244396903719873, "target": "625.xyz", "model": "19.xyz", "model_rescale": 4.410303926677745, "target_rescale": 4.136450488565789},
{"mapping": [1, 10, 8, 0, 11, 4, 2, 7, 6, 14, 3, 12, 13, 15], "R": [[-0.5857224411033151, -0.5784485872084744, -0.5677380152363356], [0.33268438451777205, 0.4671601654868738, -0.8191962402747635], [0.7390874929844267, -0.6686991937626341, -0.08118538030457428]], "T": [-0.11212626965816866, 0.024646903072795316, 0.11621352472214888], "aligned_model": [[-0.0713079385686066, 0.21362675361259306, 0.3470615068257318, -0.6483804454920039, 0.09905081542821259, -0.4031048123192654, -0.37087582447916423, 0.6726158010294895, 0.3504996123755263, 0.22598929046394925, -0.5427421196417871, -0.2878511691340985, 0.6969875277863351, -0.020381108426039005], [-0.2548527900331045, -0.5265542044239692, 0.12415101939066833, 0.13489384026583662, 0.6025737956568468, -0.6213457499140915, 0.48013276306970093, -0.21600703999038506, -0.6310635783810848, 0.14139986268347296, -0.1197903134581482, 0.44696928136613817, 0.27267459965633023, -0.02223301970700846], [-0.667259008568606, -0.2857037132694703, -0.40488451009429605, -0.4486016636696769, -0.14620525062940368, 0.3963525034020067, -0.02118841006788197, -0.08145459137529198, 0.2800677767241101, 0.6664747288216519, 0.7815999514637002, 0.5315005592391787, 0.2283411678473145, 0.0877754989016861]], "inverted": true, "swapped": true, "error_lsq": 0.047036259203823115, "error_max": 0.31200324456943135, "target": "625.xyz", "model": "20.xyz", "model_rescale": 4.121658175737393, "target_rescale": 4.136450488565789},
{"mapping": [3, 5, 2, 12, 11, 9, 1, 14, 6, 7, 8, 13, 15], "R": [[0.4966444895627845, 0.25414456340392033, -0.8299125206183794], [-0.5699386880090596, 0.8166337495709022, -0.09099016964640161], [0.6546099165895926, 0.518189019522799, 0.550423470746449]], "T": [0.06004430977741898, 0.025755604595673894, 0.1697230160196848], "aligned_model": [[0.08249915678593639, -0.22400813259707003, 0.45409766934826257, 0.5710793305986266, 0.5546750168833299, -0.15958690407722634, -0.415207251866526, 0.3293615379478408, -0.5132092616463191, -0.1980768296688678, 0.03339630686482137, 0.3556710108622689, 0.010391255229217605], [-0.6140318904727307, 0.03629981471109027, 0.3014902897768135, -0.24510253094559342, 0.4132845544875569, -0.7460324246642821, 0.6998207857173718, -0.5007312405311393, -0.34643294030388927, 0.08319511853067366, 0.5125821493104852, -0.08610647324196033, 0.032591691788787326], [0.6588027208410268, 0.7558510689819951, 0.4187015806798122, 0.38692759803050747, -0.05966888592554112, 0.0668576990212978, 0.054018609125969924, -0.1149181806307597, -0.28158972256690856, -0.6320757751682184, -0.3348435746576987, -0.6232758572379888, 0.07532245898829526]], "inverted": true, "swapped": true, "error_lsq": 0.055276341440532804, "error_max": 0.2985657353366913, "target": "625.xyz", "model": "21.xyz", "model_rescale": 4.08911054899281, "target_rescale": 4.136450488565789},
{"mapping": [14, 15, 13, 10, 5, 9, 8, 1, 2, 6, 11, 4, 7, 0, 6, 16], "R": [[-0.667469577119586, -0.35640773214210936, 0.6538026400138803], [-0.7355254549393897, 0.17863016787675434, -0.6535239615044935], [0.11613211767639903, -0.9170958464597041, -0.38137716194123905]], "T": [0.08946244439819705, -0.018602787720144606, -0.02976418995464212], "aligned_model": [[0.09995224659570627, 0.6943600375006285, -0.28221876480796415, -0.6138930606475561, -0.09306794342477052, -0.1732262137582778, 0.2887177295862073, 0.7500255999711091, 0.6722494452205465, -0.22275820858996298, 0.5958752067609447, 0.2171595418343195, -0.5481887612532396, 0.037774402771056634, -0.22275820858996298, 0.07494000033173938], [-0.6311635198034055, -0.32224940352673603, -0.37589300877549847, 0.1875153668064628, 0.28611266124063817, -0.24734158152319097, 0.62413005279981, 0.37250215711113244, -0.27936723861006457, 0.6363326965603827, 0.2738985248539982, -0.25105955192842155, 0.10713450669548398, 0.33713639996156775, 0.6363326965603827, -0.021041549498955068], [-0.2207665446692903, -0.3006971197772515, 0.38366868572108387, -0.36731677713376, -0.6393215757961996, -0.6512308782396995, -0.19695822424375362, 0.17195745215180086, 0.30730411498935883, 0.14094580925233793, -0.5236084230048847, 0.615177272464984, 0.2590043345312176, 0.6564262900722823, 0.14094580925233793, 0.015499498491316509]], "inverted": false, "swapped": false, "error_lsq": 0.044635885440677744, "error_max": 0.35458284749084795, "target": "625.xyz", "model": "22.xyz", "model_rescale": 4.204369325754507, "target_rescale": 4.136450488565789},
{"mapping": [3, 10, 1, 4, 13, 12, 9, 5, 2, 7, 11, 6, 0, 5, 8, 15], "R": [[-0.9751535408373649, -0.21076851886518472, -0.06820706156789147], [0.1900118119056619, -0.954071247586363, 0.23161080688372182], [-0.11389066304433043, 0.21289595107558434, 0.9704144634572104]], "T": [-0.00939952330586094, 0.04021587059552621, -0.16515986560594398], "aligned_model": [[0.09802537081877623, 0.6729119503915545, -0.16275018515099104, -0.717898578152139, 0.09691822762315849, -0.319233058612326, 0.2947097835681143, 0.4864722062909741, 0.5839166965591915, -0.26538107870892447, 0.6310957842046577, 0.032552637036507806, -0.5179852164334237, 0.4864722062909741, -0.1484486025312555, 0.02356490630567481], [-0.7905667258542715, -0.34345488644641936, -0.4879285046979882, 0.21117469587739907, 0.34101814889205717, -0.2742048597625685, 0.7448516133825924, 0.390575281843742, -0.25568365015872746, 0.6955126517460662, 0.2710797173369694, -0.036575146016332064, -0.0022674663072268647, 0.390575281843742, 0.45371320441780183, 0.02515985282675059], [-0.31907141303630593, -0.23693618480836537, 0.19962297025249215, -0.2240427829610758, -0.7563826413690048, -0.48963150832680286, -0.1691406213237879, 0.4028385089474651, 0.39675171095703654, -0.1913346788528905, -0.4011277600843368, 0.5768823243014397, 0.2955027189258529, 0.4028385089474651, 0.4528672082544142, -0.14860663576171546]], "inverted": true, "swapped": false, "error_lsq": 0.044374920108787685, "error_max": 0.3244396903719873, "target": "625.xyz", "model": "23.xyz", "model_rescale": 4.410303926677745, "target_rescale": 4.136450488565789},
{"mapping": [4, 8, 2, 12, 6, 5, 14, 11, 10, 13, 9, 3, 0, 1, 7, 16], "R": [[-0.6902598779753246, 0.4556017095154379, -0.5621106502674544], [-0.5111093287400958, -0.8569074872853892, -0.06690898526423217], [-0.512160672965368, 0.24111540913191576, 0.8243511415330304]], "T": [0.14292880950621537, 0.16432998964713527, -0.07094279270328085], "aligned_model": [[0.1775677818876401, 0.6755134625491191, -0.3514481025520204, -0.6466011881659, -0.21106931287073702, -0.20404717333214997, 0.38725942669334, 0.5508572174411789, 0.6625445671795901, -0.1992429416907919, 0.7311744095833727, 0.034600523606540146, -0.48820980006422054, 0.1909563072483357, -0.1581743209488322, 0.12326219293605906], [-0.5231480356228742, -0.4278884124193312, -0.5691209386002093, 0.21964055548123135, 0.401777884348346, -0.2069856190055365, 0.6475662836764038, 0.5853920006347514, -0.10499978405521779, 0.7418104181368225, 0.17539993168614315, -0.47615905854324503, -0.029277001797183566, 0.21751182887095177, 0.584903593446859, 0.09655556268567549], [-0.07858997220670738, -0.27425934109879263, 0.15385746498173947, -0.2115093565322343, -0.7003885142832693, -0.4415293811440645, -0.4770649709359558, 0.16785143568901786, 0.2140920887596357, -0.2798003308082715, -0.28603475908394804, 0.5513832844108635, 0.29588986595669137, 0.7841597748333509, 0.34665228066251125, 0.02632015486131367]], "inverted": true, "swapped": false, "error_lsq": 0.040309678123367255, "error_max": 0.30325711216612306, "target": "625.xyz", "model": "24.xyz", "model_rescale": 4.28219845311461, "target_rescale": 4.136450488565789},
{"mapping": [14, 10, 13, 4, 0, 2, 1, 5, 11, 3, 8, 12, 7, 9, 3, 15], "R": [[-0.861277479447468, -0.10660120251335026, 0.4968272204895021], [-0.24321710887023684, -0.7719838922335629, -0.5872702172635034], [0.44614632280163424, -0.6266394926547694, 0.638965104599581]], "T": [0.06853966933705588, 0.02143233281401649, -0.026510479915381052], "aligned_model": [[0.31181147329751535, 0.7690271223113787, -0.33992469722103524, -0.5485143749804171, -0.16415806190579071, -0.2487348542567885, 0.19895262448275805, 0.7192354628422934, 0.4852250829269793, -0.15898502411884033, 0.6457737258440694, 0.16008903047038656, -0.5410933947730394, 0.10340243938210547, -0.15898502411884033, 0.04182151931778957], [-0.6828699290510327, -0.28876368739512104, -0.35560426657139776, 0.3297996330274987, 0.18707107568526107, -0.4050576858089281, 0.6022845645085377, 0.5252247806964923, -0.1901783787752427, 0.74470686491519, 0.24063618322248118, -0.5430027446764222, 0.175678831700972, 0.21251413192319124, 0.74470686491519, 0.03583297060691719], [-0.18437681015786342, -0.23339348090830095, 0.18305268696559684, -0.26900272221647026, -0.790689611251923, -0.4580463012340973, -0.26205356495998716, 0.19273557976486452, 0.25290183923085197, 0.13208274169718873, -0.34383771307286704, 0.4808864633228156, 0.4318578768404905, 0.6209043926299264, 0.13208274169718873, -0.09407439428553346]], "inverted": false, "swapped": false, "error_lsq": 0.05349449995744186, "error_max": 0.3442417058300047, "target": "625.xyz", "model": "25.xyz", "model_rescale": 4.100010024507729, "target_rescale": 4.136450488565789},
{"mapping": [13, 8, 1, 0, 9, 4, 6, 5, 2, 3, 12, 15], "R": [[0.07341491287982468, -0.7450320833520339, -0.6629762026973334], [-0.5459708864201149, 0.5262814262939746, -0.6518770217760508], [0.8345813571776461, 0.4098231998241533, -0.3681289218974928]], "T": [-0.03505032452269947, -0.023014948477944434, -0.08942202456826531], "aligned_model": [[-0.7759227161310183, -0.09193929129447681, 0.4701037800808879, 0.6930827678912996, -0.47539717028024275, 0.1593011872872866, -0.34408824061920146, 0.49603715507029816, 0.14606100956593585, -0.07761862656620325, -0.2452086085412899, -0.077645644100269], [-0.40449999955808785, -0.6256211657348182, -0.42194775028424125, -0.27906105861564373, 0.6376417316538955, 0.6724047565627814, 0.3060444573064232, 0.34313395094282484, -0.2922946306852871, 0.6968243616384929, 0.08381842848940729, -0.050311691665107586], [0.09586893310467257, 0.26543997326890983, 0.4390544415732157, -0.24108518592508726, 0.06583038951270334, 0.15362486612620269, 0.5939831495375691, -0.18010905411370723, -0.5229945443111281, -0.4486580527453333, -0.6604902146867773, 0.0047275885131166095]], "inverted": false, "swapped": true, "error_lsq": 0.04601331769792055, "error_max": 0.23641764619413783, "target": "625.xyz", "model": "26.xyz", "model_rescale": 3.6694154284099745, "target_rescale": 4.136450488565789},
