[{"mapping": [6, 8, 1, 2, 9, 7, 0, 3, 10, 5, 11], "R": [[0.7864136764726544, 0.5184788142629966, -0.3357577230939005], [-0.1274619834231001, 0.6680721382086336, 0.7330982614433031], [0.6044062973187926, -0.5337221536621667, 0.5914674043864175]], "T": [-0.13026739065552062, 0.018753303005618796, 0.22372081995222226], "aligned_model": [[-0.14811903054791137, -0.7009742570898841, 0.04528661144180057, -0.5142929668579551, -0.28243096507096405, 0.6360015318940693, 0.06728674704767659, -0.39686180825326245, 0.3388191813798638, 0.6419638450551809, -0.0869946087276236], [-0.16929023853843134, 0.00012352341143933437, 0.519084058859826, 0.7199610197521945, -0.5478258383561382, -0.13243878726874764, 0.5431652597652815, -0.4190013725372448, -0.4239089913134703, 0.3135852384709149, 0.06934692086482185], [-0.4759043889215576, -0.053858168100100856, -0.24609881204810868, 0.12583139057465736, 0.06500488621255321, -0.31160730376179546, 0.48593419925493664, 0.6834280913032511, 0.4376582572770553, 0.2973372648026714, 0.2437210215572047]], "inverted": true, "swapped": false, "error_lsq": 0.05801615289064268, "error_max": 0.32146987958876605, "target": "626.xyz", "model": "0.xyz", "model_rescale": 3.751011558992144, "target_rescale": 3.9418384595743405},
{"mapping": [11, 6, 10, 4, 7, 9, 8, 1, 3, 5, 14], "R": [[0.43993822061872706, -0.8891352381586566, -0.12606700719608394], [0.7658174682584946, 0.44477206372610295, -0.4644366659071753], [0.46901808850936433, 0.10777912410746643, 0.8765875273226568]], "T": [0.061172199801131436, -0.0034785813350076827, 0.20674584013617367], "aligned_model": [[-0.11911184247864924, -0.596738069150405, -0.05396208124662491, -0.4168673887807201, -0.3018258949434314, 0.48127650953411943, 0.08908195263236778, -0.5337298394153768, 0.3996554517191223, 0.5702165922064518, 0.08168889019413625], [-0.22399331652570498, -0.17022246719443568, 0.5740841151393544, 0.6237517927692817, -0.5583614081975389, 0.11629371595161263, 0.4895448222305954, -0.07627039444623097, -0.629270647438036, 0.3579987380608012, -0.030754157239253087], [-0.5386412435926193, -0.1143091392781875, -0.3638846682470891, 0.26702999609190836, 0.20294380619262556, -0.2865660156718426, 0.6501048609910115, 0.5623839498992544, 0.48462939072220623, 0.22389230095871296, 0.16386320008478666]], "inverted": true, "swapped": false, "error_lsq": 0.04428043351260971, "error_max": 0.2048288137471079, "target": "626.xyz", "model": "1.xyz", "model_rescale": 3.9405287249114394, "target_rescale": 3.9418384595743405},
{"mapping": [7, 6, 3, 11, 1, 4, 9, 0, 2, 8, 12], "R": [[0.17231694898915606, -0.6606150670360111, -0.7306809168823797], [-0.17953693556070857, -0.7504148474753061, 0.6361163772912022], [-0.9685418720223399, 0.021570579352896413, -0.24791400171398514]], "T": [-0.04901756666824651, 0.06567030279697625, 0.12937152804817403], "aligned_model": [[-0.26174632753013355, -0.5678096681534491, 0.0158257431495039, -0.45648726439876247, -0.00449956285569629, 0.49859134149264783, 0.27908317877965966, -0.684299029028066, 0.14320129720025465, 0.6320627807768755, 0.0057617908381561445], [-0.10652270189664229, 0.1076614440983362, 0.3702367632755029, 0.5463510572528633, -0.7195379755677592, -0.14263173411083832, 0.6587410147037833, -0.3606736301104918, -0.32990228272265043, 0.4354502368070783, 0.013628601381263594], [-0.6149441956826165, -0.026984453219573046, -0.3500388336382964, 0.4618301672264991, 0.03613827602777256, -0.2558952198106293, 0.5664048661414371, 0.47226845531763856, 0.6497020628815922, 0.13843413458705547, 0.1745311783198878]], "inverted": false, "swapped": false, "error_lsq": 0.056504752388428135, "error_max": 0.26226756492003384, "target": "626.xyz", "model": "2.xyz", "model_rescale": 3.932901565614263, "target_rescale": 3.9418384595743405},
{"mapping": [8, 3, 7, 0, 11, 9, 6, 1, 10, 5, 13], "R": [[0.10379194694217364, -0.6731110003341051, 0.732221833175694], [-0.6521152014003285, -0.6019284312526508, -0.46089904290672173], [0.7509813551963607, -0.42965537920401226, -0.5014212393472124]], "T": [-0.08456276936208379, 0.10671459344369305, 0.1356643491263097], "aligned_model": [[-0.1274123716973456, -0.5174776318048346, 0.039782824712576326, -0.6179202229904412, -0.18155999317099736, 0.48574464616668883, 0.3042970299789552, -0.5298430156856153, 0.17633527426233891, 0.546519602999461, 0.02121813750020385], [-0.23908120717225562, 0.02089497430283957, 0.559809263875708, 0.48975062130701663, -0.7744416122770202, 0.059869580989383664, 0.24810110844918803, -0.04952515006984878, -0.3853909317370805, 0.45004429884426167, 0.09276984659825321], [-0.5103820125134677, -0.12105571812187427, -0.40190977618801943, 0.26894434447733334, 0.02674245940404979, -0.32514790764415946, 0.679254424930501, 0.7067013581660315, 0.5861194559024862, 0.16134388063975896, 0.18083592909812723]], "inverted": false, "swapped": false, "error_lsq": 0.04927183420053036, "error_max": 0.2490107736426733, "target": "626.xyz", "model": "3.xyz", "model_rescale": 3.9243930471874484, "target_rescale": 3.9418384595743405},
{"mapping": [3, 6, 10, 11, 0, 4, 9, 5, 1, 8, 12], "R": [[-0.5450436372046181, -0.7453833248306754, 0.3838373778140018], [0.1684089557090094, -0.5458202986045394, -0.8208036459886447], [0.8213195828541784, -0.3827321526807221, 0.42302510814917227]], "T": [0.05625939076233151, 0.0702040978407384, 0.09238234783349686], "aligned_model": [[-0.17241065394580096, -0.6382633504332146, 0.02584033462483805, -0.4180742798181812, -0.14669735024803204, 0.4667218802769429, 0.19576829873365614, -0.49495892462462326, 0.21411574541460066, 0.5766715728184816, -0.009028992527676916], [-0.23841444854624516, 0.07215053756244373, 0.6113638779881522, 0.6392669077062503, -0.7548937540672063, -0.05230572540511401, 0.4711180676955604, -0.32053066249126155, -0.3623664011371119, 0.42312728587800325, -0.01571489207302483], [-0.4602639892066033, -0.1054834856783676, -0.35855943653940786, 0.3704276117189008, 0.12904908229321282, -0.3185667455464665, 0.6558472048998183, 0.4345925400036677, 0.6383900718561845, 0.12324904557389929, 0.1427645387759293]], "inverted": true, "swapped": false, "error_lsq": 0.03879646117740044, "error_max": 0.2526570260371304, "target": "626.xyz", "model": "4.xyz", "model_rescale": 3.8936222436046832, "target_rescale": 3.9418384595743405},
{"mapping": [0, 3, 9, 8, 2, 1, 7, 10, 4, 6, 11], "R": [[-0.7938208444739913, -0.350790543920477, 0.49678411928580757], [0.5907096353227501, -0.2505199549603999, 0.7670083955886682], [-0.14460495709159882, 0.9023224182422906, 0.4060833164781851]], "T": [-0.0323484904249798, 0.1018868752274015, 0.16887102747990124], "aligned_model": [[-0.20969647195220847, -0.5360153408610955, -0.03430247765555994, -0.566969757806348, -0.20892005027267785, 0.5125981510768559, 0.09248922115530406, -0.40623501592107913, 0.22766436463892267, 0.6146477696288719, 0.11442388824000488], [-0.19456993771543277, 0.015494921002437656, 0.5117991494954763, 0.6070106008839613, -0.6147516733363021, -0.20931322663995952, 0.41791914387233453, -0.1311712571220864, -0.5225327828059657, 0.5664963971312785, 0.026419458344704216], [-0.6456100100433895, -0.09407034685693438, -0.2937346935823603, 0.23882064201207662, 0.05747022007896033, -0.3304248984744994, 0.7204928892027576, 0.6220378538069039, 0.5849455457694279, 0.18080667745360585, 0.21071255878421896]], "inverted": false, "swapped": false, "error_lsq": 0.04006409839460842, "error_max": 0.243251913569458, "target": "626.xyz", "model": "5.xyz", "model_rescale": 3.6523030999806103, "target_rescale": 3.9418384595743405},
{"mapping": [2, 4, 6, 10, 3, 1, 9, 11, 7, 8, 12], "R": [[-0.7274629366628615, -0.6195232308723158, 0.2949383701578565], [-0.6796681395105548, 0.5916947958823826, -0.433530262680665], [0.09406857028841378, -0.515837411337364, -0.8515062355312852]], "T": [0.0844068784038856, 0.04034568198817131, 0.10457074886582135], "aligned_model": [[-0.28536183305163687, -0.462231532219775, 0.13765636250029067, -0.4679047603110583, -0.03351700366217328, 0.37646029309527507, 0.014751491642550865, -0.5111804936125788, 0.12415837898737053, 0.5799930505420647, 0.12686032636066097], [-0.0658051749507475, -0.10101726302380074, 0.5673507364876867, 0.591214232833974, -0.6418803704288967, -0.15219304869961045, 0.4392417071787811, -0.18951604947166736, -0.40085795454926904, 0.4786074121774848, -0.05234343444348929], [-0.549810431952189, 0.002911672855375219, -0.27233060035906376, 0.11756055625668049, 0.04710532978726728, -0.4954363395470403, 0.7034805612440314, 0.710382823560429, 0.6247411334559891, 0.23115710082916302, 0.13168463202012454]], "inverted": false, "swapped": false, "error_lsq": 0.054037685665515284, "error_max": 0.24407831832744814, "target": "626.xyz", "model": "6.xyz", "model_rescale": 4.08911054899281, "target_rescale": 3.9418384595743405},
{"mapping": [5, 10, 13, 11, 4, 7, 1, 8, 3, 2, 14], "R": [[0.6249435847011787, -0.24840740830403182, -0.7400940990445168], [0.6797323432687163, -0.29310119872763607, 0.672350822724895], [-0.38393939294537227, -0.9232472295133612, -0.014321164081253085]], "T": [-0.039037351445082455, 0.06152697050542823, 0.13797577774887618], "aligned_model": [[-0.17907755505953588, -0.7250456199355485, 0.10466901364956292, -0.45693558678129564, -0.11988616004738072, 0.46916191971481946, 0.20812353123931926, -0.5025347033544036, 0.1850889932009051, 0.7096191994541599, -0.09349875180961192], [-0.3439985178511219, -0.023879395074574636, 0.7035258455868234, 0.4661307120373112, -0.6362554617019216, 0.02318302844748761, 0.5891102849900895, -0.3114535338900199, -0.482460981593279, 0.36094759011967514, 0.12795122203997583], [-0.49165828204151685, -0.06542851616625003, -0.18308566088418524, 0.21663923939681684, 0.07955799661471154, -0.44473530626914104, 0.5835242074436083, 0.47144949695167615, 0.6674055897852368, 0.13842814565799966, 0.27934952766181126]], "inverted": false, "swapped": false, "error_lsq": 0.051633839722159555, "error_max": 0.21889310267106923, "target": "626.xyz", "model": "7.xyz", "model_rescale": 3.964800864290218, "target_rescale": 3.9418384595743405},
{"mapping": [0, 1, 5, 8, 2, 3, 9, 7, 4, 10, 13], "R": [[-0.7239672661328749, 0.6200878380992322, 0.3022622546887252], [-0.21888377705014045, -0.6220130441503429, 0.7517909716477634], [0.6541875034822628, 0.4781117504812492, 0.5860442511785267]], "T": [0.053886600412351715, -0.05294690544367443, 0.1658951774115753], "aligned_model": [[-0.030187961930580154, -0.6278247722311793, 0.016648251275532613, -0.32045796365374674, -0.24101905761531695, 0.3923378586762447, 0.15708300750023085, -0.594260965239508, 0.3081341071650838, 0.49991966448094327, 0.039312111843286646], [-0.4545299781323654, -0.02996310443739693, 0.6821178370580285, 0.5882265491641827, -0.6458140909678597, -0.030918279918178124, 0.40929210973002556, -0.09540550879798287, -0.6092962566213315, 0.6371130388507751, 0.021978477182548403], [-0.4213201802039227, -0.14693263540590953, -0.2307959526289767, 0.3654454965485531, 0.178055808398123, -0.47514162429286033, 0.6654372889537503, 0.45736587079683233, 0.5136407737432352, 0.16348851059694477, 0.182203081644998]], "inverted": false, "swapped": false, "error_lsq": 0.04962423247963632, "error_max": 0.31410668876764924, "target": "626.xyz", "model": "8.xyz", "model_rescale": 4.121658175737393, "target_rescale": 3.9418384595743405},
{"mapping": [10, 5, 7, 9, 0, 11, 6, 4, 2, 8, 12], "R": [[0.9085424354649662, 0.2679804960358191, -0.32052628083167256], [0.4177890412211004, -0.579593021052378, 0.6996600938905487], [0.001720463583344961, -0.7695832532557957, -0.6385441694301845]], "T": [0.028945666342614293, 0.008658405988070002, 0.09308065264876741], "aligned_model": [[-0.10256229209334823, -0.5122922127307459, 0.008744903683063673, -0.46714769256410615, -0.3295282792180012, 0.42065084723830826, 0.1204854918330695, -0.6950299748400058, 0.5005146218042793, 0.6416901128648302, 0.014158754293646877], [-0.3885140789318434, -0.04030238734413052, 0.5855046633895686, 0.6268874098839233, -0.6790178843991324, 0.10199795768437822, 0.427116050761219, -0.10922827461868898, -0.3889548142624062, 0.36568949370170944, -0.028377342754151547], [-0.5405126748775814, -0.20082801555996166, -0.2562776660199907, 0.34778458867162476, 0.2250730505956912, -0.39772160274754587, 0.6377784679317544, 0.5931705637932123, 0.41225599346588965, 0.2592925156113683, 0.17143121728630628]], "inverted": false, "swapped": false, "error_lsq": 0.04477796336285407, "error_max": 0.24762469855441363, "target": "626.xyz", "model": "9.xyz", "model_rescale": 3.833441315466971, "target_rescale": 3.9418384595743405},
{"mapping": [11, 7, 12, 6, 9, 10, 5, 3, 2, 0, 14], "R": [[-0.15609807562267491, 0.7928053315623345, -0.5891460744443902], [-0.12621097712102008, 0.5755590975447344, 0.807961951138572], [0.9796449254914024, 0.20047800747171246, 0.010217068029380105]], "T": [-0.003740277329328842, 0.1420011992912687, 0.11024396562992793], "aligned_model": [[-0.185895605360201, -0.5375233037709679, -0.04276296153781932, -0.4145618033554866, -0.15526253889850322, 0.5610725198516153, 0.24045931793972003, -0.5775139405690024, 0.14053849871551166, 0.6164702889716419, -0.04533619171551791], [-0.052892050139490415, -0.19181751400837288, 0.5722693655749456, 0.6782872347389495, -0.6451172889123555, -0.03308857770204715, 0.28876823122036, -0.2859224287317315, -0.34274763591489776, 0.421508373234675, 0.0635530837504112], [-0.5175881288347115, -0.10782649113942054, -0.3097162616664428, 0.17990406886171606, 0.23432303844125435, -0.460793876945272, 0.7236453003824441, 0.6021657091011744, 0.620981135294426, 0.14245506412821207, 0.14389688052738703]], "inverted": true, "swapped": false, "error_lsq": 0.04682314513286098, "error_max": 0.24092917718607085, "target": "626.xyz", "model": "10.xyz", "model_rescale": 4.2482417240324, "target_rescale": 3.9418384595743405},
{"mapping": [0, 6, 4, 5, 1, 10, 7, 2, 8, 9, 11], "R": [[-0.06499625650881374, 0.07152660537283126, -0.9953187586716526], [0.04961445994577811, 0.9964258438065885, 0.06836624282945929], [0.9966513392376138, -0.04493865282990892, -0.068312703633392]], "T": [-0.07019495811158954, -0.046388400648194134, 0.19040504378534384], "aligned_model": [[-0.03033971814986433, -0.6245920269754619, -0.14034300822448406, -0.2967090535311282, -0.21584491760881885, 0.47252098003255655, 0.160554290900843, -0.665183525741047, 0.4074823287161606, 0.5542040233916048, -0.022065092539370314], [-0.3877381140878029, 0.13308343197511283, 0.6001532497057952, 0.666440862055599, -0.7330208569689834, -0.04673618214958127, 0.2851386952611443, -0.20299642318476147, -0.395142120374922, 0.4913124012125839, 0.0623058496662616], [-0.48467377303247217, -0.0940521401157744, -0.3951739224140445, 0.2593396296690953, 0.1099779775480615, -0.15667081545415867, 0.7339129236302183, 0.601768408770742, 0.3548832538329494, 0.1726663370975493, 0.14946855861860114]], "inverted": false, "swapped": false, "error_lsq": 0.04699018442069638, "error_max": 0.24266278170373468, "target": "626.xyz", "model": "11.xyz", "model_rescale": 3.6694154284099745, "target_rescale": 3.9418384595743405},
{"mapping": [1, 0, 12, 5, 4, 2, 7, 6, 11, 10, 13], "R": [[0.0362828866495834, 0.8185974537131369, 0.5732205168264148], [-0.9718794342344781, -0.10464136638132199, 0.2109515341350255], [0.2326669668183354, -0.564755162186428, 0.7917813393452368]], "T": [0.05943081491798731, 0.00898210713493204, 0.1666469047790869], "aligned_model": [[-0.07129041391093087, -0.6055747842965861, 0.007735784222118264, -0.4841709456047373, -0.22949776427566904, 0.46125877934309617, 0.1770605344464778, -0.3443463842508686, 0.19126886203467752, 0.5313753350376049, -0.03413472247419232], [-0.23147037413393368, -0.053027827440901815, 0.5365523848763102, 0.5596626537792668, -0.6617100570630363, -0.042418812718431384, 0.5332806903766477, -0.08229850217929773, -0.4912997468351065, 0.43240907361165487, -0.026878689162725858], [-0.6343325323394107, -0.08763676644780344, -0.25851862311766916, 0.38070029527027427, 0.04676802107193617, -0.3454134489259412, 0.6799105438223396, 0.5519865695532273, 0.6933018628188197, 0.12782988147968427, 0.09685063496531093]], "inverted": false, "swapped": false, "error_lsq": 0.04478136822180303, "error_max": 0.3252956240545306, "target": "626.xyz", "model": "12.xyz", "model_rescale": 3.9764082729961374, "target_rescale": 3.9418384595743405},
{"mapping": [10, 8, 14, 3, 1, 13, 4, 2, 9, 6, 15], "R": [[-0.9997712706512277, 0.014964057576770726, -0.015280162344320615], [-0.009602013577571096, -0.9524623684261716, -0.30450490647486134], [-0.019110408569307024, -0.3042885369396077, 0.952388197412939]], "T": [0.0658898119665441, -0.012246139098090317, 0.18376237223915748], "aligned_model": [[-0.2681850433808656, -0.6025987382958943, 0.146169874374035, -0.4910744586742155, -0.20255010067073276, 0.4195007773663789, 0.23034168002786104, -0.5766987400269286, 0.26248908310977703, 0.6358277156617058, 0.04646223077986917], [-0.4059278673849555, -0.013840633389577112, 0.647316471171501, 0.6085134512258262, -0.580493621631106, 0.07700561093006973, 0.3865058609287843, -0.3490620143744971, -0.47859792686434915, 0.4940502455094837, 0.08733121698926571], [-0.4323184558961932, -0.045962141917531396, -0.26046765183539977, 0.07022039954138654, 0.09234360961803602, -0.3076376241515696, 0.7580585914021767, 0.5152658155317416, 0.5083603746217752, 0.13382678809222182, 0.2197567331441237]], "inverted": true, "swapped": false, "error_lsq": 0.0471113137821924, "error_max": 0.26123826582051873, "target": "626.xyz", "model": "13.xyz", "model_rescale": 4.170626492500431, "target_rescale": 3.9418384595743405},
{"mapping": [5, 6, 4, 2, 11, 12, 0, 3, 9, 8, 13], "R": [[-0.859176793278552, 0.05783349555953003, -0.5083999652664728], [-0.51156591433615, -0.11796249575670503, 0.8511081981066031], [-0.010749566549577427, 0.9913325054623277, 0.1309362838665472]], "T": [0.04041382694210274, 0.10465172829643923, 0.2639126425634555], "aligned_model": [[-0.153000922721775, -0.6445392625819364, 0.07042754864191605, -0.4326381396894867, -0.12909220011776343, 0.4157603510474309, 0.08217016996629253, -0.5155864804475218, 0.2438619321954196, 0.6629297699127836, -0.0006084859343693794], [-0.2660354556327289, -0.11492429450741148, 0.6195646579020816, 0.5589964096638029, -0.5584259392668095, -0.01951963481571614, 0.5287095154846807, -0.17330315820799466, -0.5781043658398817, 0.4429329567966366, 0.03291010153378607], [-0.5438011524402883, -0.17210903395183458, -0.22294152659573102, 0.3161133572665984, 0.08712077425383144, -0.3520439960168026, 0.681392950446523, 0.5623725957914123, 0.6496060737396029, 0.041211039523322585, 0.20452535613413286]], "inverted": true, "swapped": false, "error_lsq": 0.03593235239249951, "error_max": 0.16883352057222945, "target": "626.xyz", "model": "14.xyz", "model_rescale": 3.9786697098870705, "target_rescale": 3.9418384595743405},
{"mapping": [10, 4, 1, 0, 5, 7, 9, 2, 8, 6, 11], "R": [[-0.13651465837825827, -0.23232010258234376, 0.9630114838276835], [-0.6164794513922985, -0.7410217725444862, -0.2661575071758795], [0.7754462160968472, -0.6300111924014977, -0.04206023525760383]], "T": [-0.008298139978811923, 0.07241232742453335, 0.16187292292478994], "aligned_model": [[-0.04881920636298682, -0.524506824069267, -0.08128654733952684, -0.4596652791385874, -0.14325689786199966, 0.49117497465610765, 0.3213149226399486, -0.6717386824907695, 0.05063971677114441, 0.6038025963489663, 0.062025507117960864], [-0.04444847609304675, -0.1207754956194318, 0.5621778983111732, 0.5337967580333063, -0.7188133424622869, -0.24505553027779386, 0.3647262555827219, -0.23124935927920842, -0.3101722792233454, 0.5389485660799707, 0.1436657980583871], [-0.660940898226266, -0.10481376513496654, -0.30231935346223937, 0.4210981125906123, 0.14168231340632997, -0.13243435267926962, 0.6015569735850737, 0.6324934099912913, 0.5117064173472139, -0.025296298402180506, 0.16871387913516753]], "inverted": false, "swapped": false, "error_lsq": 0.05664262498546895, "error_max": 0.32417129313592696, "target": "626.xyz", "model": "15.xyz", "model_rescale": 3.769337070930944, "target_rescale": 3.9418384595743405},
{"mapping": [4, 0, 2, 3, 5, 6, 9, 1, 7, 8, 10], "R": [[0.6570103609172533, 0.3084613081784157, 0.6878873505191393], [-0.6216468716906732, 0.737872458635082, 0.26286765054874817], [-0.4264886312254762, -0.600329789486312, 0.676543857625461]], "T": [-0.03249033164989024, 0.004738082688812331, 0.15903005851252805], "aligned_model": [[-0.13441679594603423, -0.6147948466079364, -0.0407029287512189, -0.28805037342344764, -0.10268792296242829, 0.47037724449744744, 0.10332833888301846, -0.566491718450792, 0.23742503874238746, 0.5871496856327232, -0.051451441342728735], [-0.26067036983871733, 0.022758153848321985, 0.5676085414966597, 0.6368026863394474, -0.6516575107340784, -0.09305082067169895, 0.5581322821314006, -0.3079069588617683, -0.47472203855462475, 0.42608998666025627, 0.04941684129524747], [-0.5670566262163083, -0.12037438582709414, -0.320172673194827, 0.27997153434839517, 0.03958113793433801, -0.35968803519416015, 0.7387608854229638, 0.6671875570195949, 0.6155387516898282, 0.1574382833168872, 0.12026000885114951]], "inverted": false, "swapped": false, "error_lsq": 0.031617407245666834, "error_max": 0.1871229503762785, "target": "626.xyz", "model": "16.xyz", "model_rescale": 3.7852294659196426, "target_rescale": 3.9418384595743405},
{"mapping": [9, 8, 11, 2, 0, 10, 7, 3, 4, 6, 12], "R": [[0.6495708169137664, -0.7541829742132011, -0.09625900072674959], [-0.29251676088002354, -0.13104256078775509, -0.9472390362872757], [0.7017775277238802, 0.643456205711871, -0.3057325839890818]], "T": [-0.0681568802869068, 0.033632148198452505, 0.25451317119384476], "aligned_model": [[-0.11451394031955534, -0.5428406502916837, -0.10647990137102784, -0.4410911406019208, -0.21859192181322862, 0.56676727081151, 0.19107556009193805, -0.7109522460744249, 0.301550917221549, 0.7090165796278632, -0.03425624701002886], [-0.22684236033981287, 0.044357589518455226, 0.5944451035176859, 0.4734480806323198, -0.6188335871530735, -0.14880022977422974, 0.6601048652746259, -0.27514468531163605, -0.49940027975749723, 0.43537109400587004, 0.034095202497738494], [-0.5684484554320387, -0.1913188539625058, -0.21660491340317767, 0.45839795260454785, 0.1225854704942276, -0.2068379153967549, 0.4327194611806096, 0.6066017338767726, 0.5390817223347362, 0.10618762205400548, 0.16908261380034562]], "inverted": true, "swapped": false, "error_lsq": 0.046423766621120355, "error_max": 0.3066715930493172, "target": "626.xyz", "model": "17.xyz", "model_rescale": 3.901054581598922, "target_rescale": 3.9418384595743405},
{"mapping": [11, 6, 10, 4, 7, 9, 8, 1, 3, 5, 14], "R": [[0.43993822061872706, -0.8891352381586566, -0.12606700719608394], [0.7658174682584946, 0.44477206372610295, -0.4644366659071753], [0.46901808850936433, 0.10777912410746643, 0.8765875273226568]], "T": [0.061172199801131436, -0.0034785813350076827, 0.20674584013617367], "aligned_model": [[-0.11911184247864924, -0.596738069150405, -0.05396208124662491, -0.4168673887807201, -0.3018258949434314, 0.48127650953411943, 0.08908195263236778, -0.5337298394153768, 0.3996554517191223, 0.5702165922064518, 0.08168889019413625], [-0.22399331652570498, -0.17022246719443568, 0.5740841151393544, 0.6237517927692817, -0.5583614081975389, 0.11629371595161263, 0.4895448222305954, -0.07627039444623097, -0.629270647438036, 0.3579987380608012, -0.030754157239253087], [-0.5386412435926193, -0.1143091392781875, -0.3638846682470891, 0.26702999609190836, 0.20294380619262556, -0.2865660156718426, 0.6501048609910115, 0.5623839498992544, 0.48462939072220623, 0.22389230095871296, 0.16386320008478666]], "inverted": true, "swapped": false, "error_lsq": 0.04428043351260971, "error_max": 0.2048288137471079, "target": "626.xyz", "model": "18.xyz", "model_rescale": 3.9405287249114394, "target_rescale": 3.9418384595743405},
{"mapping": [5, 11, 7, 13, 2, 8, 12, 10, 1, 4, 15], "R": [[0.7741728023275039, 0.3677354806766845, 0.515196164958424], [0.6297446456391809, -0.5295887392625696, -0.5682934528349458], [0.0638604214295711, 0.7643993612620107, -0.6415726483236857]], "T": [0.00918056313058404, 0.11318459111188939, 0.21071030930316925], "aligned_model": [[-0.17224678922494754, -0.68163375150286, 0.16311921216719308, -0.39819426873616925, -0.2052146314552566, 0.39778825792503386, 0.14551584141229004, -0.5855687693145629, 0.36558047117897646, 0.5805742815159664, -0.010035573694672957], [-0.36194413728203145, 0.10372293336667282, 0.5744093600909325, 0.6473797107127968, -0.7214515171469746, -0.07319411345830068, 0.3405497530660406, -0.3396553639198828, -0.3447004514475852, 0.5693956399428011, 0.07828897918597738], [-0.44701261870748277, 0.00601721799314589, -0.29840672415215996, 0.20736876354203848, 0.09782740385666625, -0.41099636877358947, 0.6901441809004993, 0.4538424619062358, 0.5250983137226192, 0.2174724192109124, 0.21009138865188198]], "inverted": true, "swapped": false, "error_lsq": 0.04492701650149619, "error_max": 0.21695455531213897, "target": "626.xyz", "model": "19.xyz", "model_rescale": 4.410303926677745, "target_rescale": 3.9418384595743405},
{"mapping": [0, 1, 5, 8, 2, 3, 9, 7, 4, 10, 13], "R": [[-0.7239672661328749, 0.6200878380992322, 0.3022622546887252], [-0.21888377705014045, -0.6220130441503429, 0.7517909716477634], [0.6541875034822628, 0.4781117504812492, 0.5860442511785267]], "T": [0.053886600412351715, -0.05294690544367443, 0.1658951774115753], "aligned_model": [[-0.030187961930580154, -0.6278247722311793, 0.016648251275532613, -0.32045796365374674, -0.24101905761531695, 0.3923378586762447, 0.15708300750023085, -0.594260965239508, 0.3081341071650838, 0.49991966448094327, 0.039312111843286646], [-0.4545299781323654, -0.02996310443739693, 0.6821178370580285, 0.5882265491641827, -0.6458140909678597, -0.030918279918178124, 0.40929210973002556, -0.09540550879798287, -0.6092962566213315, 0.6371130388507751, 0.021978477182548403], [-0.4213201802039227, -0.14693263540590953, -0.2307959526289767, 0.3654454965485531, 0.178055808398123, -0.47514162429286033, 0.6654372889537503, 0.45736587079683233, 0.5136407737432352, 0.16348851059694477, 0.182203081644998]], "inverted": false, "swapped": false, "error_lsq": 0.04962423247963632, "error_max": 0.31410668876764924, "target": "626.xyz", "model": "20.xyz", "model_rescale": 4.121658175737393, "target_rescale": 3.9418384595743405},
{"mapping": [2, 4, 6, 10, 3, 1, 9, 11, 7, 8, 12], "R": [[-0.7274629366628615, -0.6195232308723158, 0.2949383701578565], [-0.6796681395105548, 0.5916947958823826, -0.433530262680665], [0.09406857028841378, -0.515837411337364, -0.8515062355312852]], "T": [0.0844068784038856, 0.04034568198817131, 0.10457074886582135], "aligned_model": [[-0.28536183305163687, -0.462231532219775, 0.13765636250029067, -0.4679047603110583, -0.03351700366217328, 0.37646029309527507, 0.014751491642550865, -0.5111804936125788, 0.12415837898737053, 0.5799930505420647, 0.12686032636066097], [-0.0658051749507475, -0.10101726302380074, 0.5673507364876867, 0.591214232833974, -0.6418803704288967, -0.15219304869961045, 0.4392417071787811, -0.18951604947166736, -0.40085795454926904, 0.4786074121774848, -0.05234343444348929], [-0.549810431952189, 0.002911672855375219, -0.27233060035906376, 0.11756055625668049, 0.04710532978726728, -0.4954363395470403, 0.7034805612440314, 0.710382823560429, 0.6247411334559891, 0.23115710082916302, 0.13168463202012454]], "inverted": false, "swapped": false, "error_lsq": 0.054037685665515284, "error_max": 0.24407831832744814, "target": "626.xyz", "model": "21.xyz", "model_rescale": 4.08911054899281, "target_rescale": 3.9418384595743405},
{"mapping": [13, 2, 0, 1, 14, 7, 8, 15, 9, 6, 16], "R": [[0.21013528990098307, 0.6137108273268119, -0.7610533360810332], [-0.7740497686600192, -0.37109095217488963, -0.5129702338842916], [-0.5972353937733437, 0.6968863075393101, 0.3970634191015655]], "T": [-0.0011694293961569749, -0.03567868973802475, 0.1571590401078777], "aligned_model": [[0.0529451792340327, -0.7019988969533971, 0.03375480487625789, -0.44010133721089656, -0.2398950400137198, 0.5302440515406794, 0.160443075012426, -0.5894458468202072, 0.274587790147855, 0.5202173696401362, -0.0010668691821759842], [-0.2673039577300929, 0.07880548230090685, 0.5524140753596256, 0.5892683484773452, -0.6310896524568049, -0.0013892072179804843, 0.491006748689722, -0.22142007364396615, -0.5870053148727092, 0.49159994320125816, -0.022085598996858635], [-0.4594050769056265, 0.026831525249164073, -0.34583856990588735, 0.3734420976828744, 0.13931375342957322, -0.31424326331939234, 0.5781648184851244, 0.5456664568988623, 0.5142927963526119, 0.08167938995144228, 0.1115425102320211]], "inverted": false, "swapped": false, "error_lsq": 0.044956795379852525, "error_max": 0.28058443778296766, "target": "626.xyz", "model": "22.xyz", "model_rescale": 4.204369325754507, "target_rescale": 3.9418384595743405},
{"mapping": [5, 11, 7, 13, 2, 8, 12, 10, 1, 4, 15], "R": [[0.7741728023275039, 0.3677354806766845, 0.515196164958424], [0.6297446456391809, -0.5295887392625696, -0.5682934528349458], [0.0638604214295711, 0.7643993612620107, -0.6415726483236857]], "T": [0.00918056313058404, 0.11318459111188939, 0.21071030930316925], "aligned_model": [[-0.17224678922494754, -0.68163375150286, 0.16311921216719308, -0.39819426873616925, -0.2052146314552566, 0.39778825792503386, 0.14551584141229004, -0.5855687693145629, 0.36558047117897646, 0.5805742815159664, -0.010035573694672957], [-0.36194413728203145, 0.10372293336667282, 0.5744093600909325, 0.6473797107127968, -0.7214515171469746, -0.07319411345830068, 0.3405497530660406, -0.3396553639198828, -0.3447004514475852, 0.5693956399428011, 0.07828897918597738], [-0.44701261870748277, 0.00601721799314589, -0.29840672415215996, 0.20736876354203848, 0.09782740385666625, -0.41099636877358947, 0.6901441809004993, 0.4538424619062358, 0.5250983137226192, 0.2174724192109124, 0.21009138865188198]], "inverted": true, "swapped": false, "error_lsq": 0.04492701650149619, "error_max": 0.21695455531213897, "target": "626.xyz", "model": "23.xyz", "model_rescale": 4.410303926677745, "target_rescale": 3.9418384595743405},
{"mapping": [12, 7, 14, 11, 0, 5, 10, 1, 3, 8, 16], "R": [[0.5803559871925554, 0.6676483912603277, -0.46629663710695035], [-0.5580856856614116, -0.09092630791695525, -0.8247865020648818], [-0.5930660128430785, 0.7389032630704019, 0.31983538302433956]], "T": [0.00031247553251233934, 0.1689154024431805, -0.005222311076932884], "aligned_model": [[-0.10364830804837996, -0.6192454863946539, -0.15248573484744407, -0.4090789507603109, -0.13310149935215515, 0.4467562517001603, 0.16358200503137052, -0.48147833163677756, 0.1947849718242733, 0.6904215420215136, 0.0031778207333944125], [-0.3869506833879678, -0.07197952103671013, 0.7373016140911556, 0.5750930780745327, -0.5742776383631348, -0.11241034819969895, 0.35721395254396593, -0.12578738841449047, -0.44538816035333706, 0.43576485950741006, 0.0842210286487207], [-0.5765198560425162, -0.012183944259706286, -0.3394973644802363, 0.25581378318476616, -0.021053498294046624, -0.34748801221323417, 0.5961682966338779, 0.6408142457510853, 0.6225217176128008, 0.35289430522096943, 0.07997676503700725]], "inverted": true, "swapped": false, "error_lsq": 0.041428686096597035, "error_max": 0.18626247732049867, "target": "626.xyz", "model": "24.xyz", "model_rescale": 4.28219845311461, "target_rescale": 3.9418384595743405},
{"mapping": [5, 11, 6, 14, 9, 1, 2, 12, 7, 0, 15], "R": [[0.14489048664570608, -0.12468664777152233, -0.9815599761334357], [-0.3871684283330059, 0.9057834909830289, -0.17221171726902612], [0.9105533235246139, 0.40498087279536704, 0.08296467735236626]], "T": [0.016237053241927348, -0.017329821304412775, 0.14519678888565318], "aligned_model": [[-0.15869514855630526, -0.5036681622588661, 0.07537970736110555, -0.5020139030037957, -0.1964570909892743, 0.4224652491601316, 0.14350649749403238, -0.644205748026958, 0.2577966393805215, 0.6314224107821255, 0.0741538289282731], [-0.35917835064063053, -0.08523062311153137, 0.8258754808212722, 0.5086651697112112, -0.6588918522565688, -0.09001403662908677, 0.5165479602603452, -0.15050328996534426, -0.5771086207786081, 0.5138151819527716, 0.028823773746615683], [-0.6149472689605084, -0.0016538810400174575, -0.16737976156542111, 0.331985013009917, 0.1394482821951259, -0.3442652183532628, 0.5545340914848325, 0.5064446729347472, 0.6287696042444204, 0.07458423037889458, 0.14392667382203975]], "inverted": false, "swapped": false, "error_lsq": 0.04222961480058959, "error_max": 0.27080177680225326, "target": "626.xyz", "model": "25.xyz", "model_rescale": 4.100010024507729, "target_rescale": 3.9418384595743405},
{"mapping": [0, 6, 4, 5, 1, 10, 7, 2, 8, 9, 11], "R": [[-0.06499625650881374, 0.07152660537283126, -0.9953187586716526], [0.04961445994577811, 0.9964258438065885, 0.06836624282945929], [0.9966513392376138, -0.04493865282990892, -0.068312703633392]], "T": [-0.07019495811158954, -0.046388400648194134, 0.19040504378534384], "aligned_model": [[-0.03033971814986433, -0.6245920269754619, -0.14034300822448406, -0.2967090535311282, -0.21584491760881885, 0.47252098003255655, 0.160554290900843, -0.665183525741047, 0.4074823287161606, 0.5542040233916048, -0.022065092539370314], [-0.3877381140878029, 0.13308343197511283, 0.6001532497057952, 0.666440862055599, -0.7330208569689834, -0.04673618214958127, 0.2851386952611443, -0.20299642318476147, -0.395142120374922, 0.4913124012125839, 0.0623058496662616], [-0.48467377303247217, -0.0940521401157744, -0.3951739224140445, 0.2593396296690953, 0.1099779775480615, -0.15667081545415867, 0.7339129236302183, 0.601768408770742, 0.3548832538329494, 0.1726663370975493, 0.14946855861860114]], "inverted": false, "swapped": false, "error_lsq": 0.04699018442069638, "error_max": 0.24266278170373468, "target": "626.xyz", "model": "26.xyz", "model_rescale": 3.6694154284099745, "target_rescale": 3.9418384595743405},
{"mapping": [11, 12, 9, 3, 2, 10, 7, 6, 0, 8, 13], "R": [[-0.6882051059050056, 0.7254822368891143, -0.007018273623015929], [0.719604323417822, 0.6813329409236808, -0.13399642282787733], [-0.09243024356053145, -0.09726740240520274, -0.9909569629931895]], "T": [0.1048427904837503, 0.03765748335202591, 0.23352734486380955], "aligned_model": [[-0.22066956681883027, -0.6011035983921131, -0.0024677701758040876, -0.4890615434836579, -0.08516521242930168, 0.4121482436681876, 0.06875986732679262, -0.4985723550281243, 0.2626586320048187, 0.6628373474601986, 0.09032023613882459], [-0.2183100361155918, 0.0023861986456795506, 0.5334237866943743, 0.5745415889467237, -0.5911465239924899, -0.05862209635710668, 0.5795780721654198, -0.189477019354829, -0.4759723031908485, 0.33243306287363206, -0.016033937204517783], [-0.5179364290242627, -0.1272058610734058, -0.22206430509429453, 0.3424508023376402, 0.05850698781996533, -0.27459106738551753, 0.5515660575939383, 0.46909158589241845, 0.6185103908204596, 0.13299563577454804, 0.22012264048927788]], "inverted": false, "swapped": false, "error_lsq": 0.0395447492260578, "error_max": 0.20412975007976739, "target": "626.xyz", "model": "27.xyz", "model_rescale": 4.103607728864725, "target_rescale": 3.9418384595743405},
{"mapping": [6, 7, 0, 1, 11, 10, 2, 8, 13, 3, 14], "R": [[-0.2140862179296034, -0.963496153802545, -0.16075525776876065], [-0.29662078061314934, 0.22092314143181094, -0.9290904574304624], [0.930689638816853, -0.1512221120987351, -0.33308958106094116]], "T": [0.0877011993603156, -0.03295330462417455, 0.0381205946166631], "aligned_model": [[-0.14473094517044338, -0.6303883872538524, 0.030759594636203577, -0.4582535100603484, -0.12759839120177535, 0.473493162245339, 0.22672787456396032, -0.5527983670647291, 0.1511092315207374, 0.5951029898684733, 0.03626102818742517], [-0.3069476586530585, -0.0754955792035163, 0.6676672656631303, 0.6393038276237114, -0.684819620434633, -0.18886834606604574, 0.44920422027078993, -0.24735526898580962, -0.4043090841462794, 0.5184607125682842, 0.10596032447387264], [-0.48357822175251014, -0.013053090352201008, -0.08670012130574055, 0.26804370236817937, 0.010234646994552857, -0.2562097258249328, 0.5761878868776432, 0.5029561353123178, 0.565327232877956, 0.0830300279196927, 0.08520796503581002]], "inverted": false, "swapped": false, "error_lsq": 0.04322423108882389, "error_max": 0.23882696611584422, "target": "626.xyz", "model": "28.xyz", "model_rescale": 4.137296879288765, "target_rescale": 3.9418384595743405},
{"mapping": [2, 5, 4, 6, 1, 3, 9, 0, 7, 8, 10], "R": [[0.9437159911662718, -0.12919135858144992, -0.30448271032185165], [-0.1906889812020391, -0.9646863357044804, -0.18170851975950691], [-0.2702551395722009, 0.22954273365310857, -0.9350252900119165]], "T": [-0.011069919385973011, 0.04944288847291406, 0.12315206213045216], "aligned_model": [[-0.12753102994582843, -0.6033773680154123, -0.04840721179278422, -0.5177411605533198, -0.28510360219801084, 0.4705704394805839, 0.11592999998953399, -0.4506894882107346, 0.3723176401317003, 0.6801495742918021, -0.006433512906539802], [-0.36082681392931665, -0.0626728379336871, 0.7039818162688587, 0.5561109242569999, -0.6503280233109527, 0.07019173296174079, 0.46076826639554164, -0.15015006367245903, -0.43689057101660833, 0.21019728855263708, 0.13241907453769147], [-0.5327706902452377, -0.17651458202949855, -0.28893370730800116, 0.17530163399468374, 0.16989794532341193, -0.3600257261896244, 0.7754377895569369, 0.6305154728405741, 0.48440816252448854, 0.24450902480930198, 0.12962111487373207]], "inverted": true, "swapped": false, "error_lsq": 0.048869393724715174, "error_max": 0.2813337449898162, "target": "626.xyz", "model": "29.xyz", "model_rescale": 3.607286011436655, "target_rescale": 3.9418384595743405},
{"mapping": [5, 10, 13, 11, 4, 7, 1, 8, 3, 2, 14], "R": [[0.6249435847011787, -0.24840740830403182, -0.7400940990445168], [0.6797323432687163, -0.29310119872763607, 0.672350822724895], [-0.38393939294537227, -0.9232472295133612, -0.014321164081253085]], "T": [-0.039037351445082455, 0.06152697050542823, 0.13797577774887618], "aligned_model": [[-0.17907755505953588, -0.7250456199355485, 0.10466901364956292, -0.45693558678129564, -0.11988616004738072, 0.46916191971481946, 0.20812353123931926, -0.5025347033544036, 0.1850889932009051, 0.7096191994541599, -0.09349875180961192], [-0.3439985178511219, -0.023879395074574636, 0.7035258455868234, 0.4661307120373112, -0.6362554617019216, 0.02318302844748761, 0.5891102849900895, -0.3114535338900199, -0.482460981593279, 0.36094759011967514, 0.12795122203997583], [-0.49165828204151685, -0.06542851616625003, -0.18308566088418524, 0.21663923939681684, 0.07955799661471154, -0.44473530626914104, 0.5835242074436083, 0.47144949695167615, 0.6674055897852368, 0.13842814565799966, 0.27934952766181126]], "inverted": false, "swapped": false, "error_lsq": 0.051633839722159555, "error_max": 0.21889310267106923, "target": "626.xyz", "model": "30.xyz", "model_rescale": 3.964800864290218, "target_rescale": 3.9418384595743405},
