[{"mapping": [5, 4, 8, 10, 11, 7, 2, 0, 1, 3, 9, 12], "R": [[0.5507612270415316, 0.7317197824607726, -0.4015572571169227], [-0.5944922488184106, 0.006204786174073311, -0.8040774009530198], [-0.5858677639899093, 0.6815773327980428, 0.4384190946267857]], "T": [-0.06243057564431336, -0.061321241441216624, 0.02571941066698999], "aligned_model": [[-0.1649681515733251, 0.2505379866204352, 0.3573433301987963, -0.025189697877863314, -0.09142588588515432, -0.5575673421063896, 0.3037365696558498, -0.2679398910696118, 0.593761850640373, 0.12846428010326377, -0.6032795282316874, -0.08583105801413776], [-0.576476162212157, -0.5669511092750468, -0.16034338394383887, 0.6712298842346969, 0.3894901728098603, -0.558823611446776, -0.34111241003583803, -0.4109714545987393, 0.13454730693732828, 0.30886154145579847, 0.2232735142000152, -0.05916925214824584], [-0.5402972861018074, -0.06344276408840147, -0.6679507175453931, -0.07218933760226301, -0.6892481787473451, 0.021444099447773673, 0.4902546994022332, 0.7114328029710173, 0.012716078896445965, 0.5901368000574507, 0.4172651819981992, -0.02816963333434723]], "inverted": true, "swapped": true, "error_lsq": 0.04118248862608638, "error_max": 0.2841534755402742, "target": "627.xyz", "model": "0.xyz", "model_rescale": 3.751011558992144, "target_rescale": 3.9098340419267608},
{"mapping": [2, 12, 13, 3, 9, 10, 1, 8, 11, 0, 7, 6, 14], "R": [[0.034652644411957846, 0.0954972172351587, 0.9948263545642524], [0.13828160479760698, 0.985391391875483, -0.09940826219332685], [-0.989786538608127, 0.141010943965494, 0.020940909056281837]], "T": [-0.04237356387258058, 0.1105074295716496, -0.06308908747357468], "aligned_model": [[0.4041349898557039, -0.1477723267949366, -0.14172190546749563, 0.3872506308548763, -0.6146894009942043, -0.7596751602161018, 0.4218640988910292, 0.15681428918202944, -0.5903398394224443, 0.7048813155693604, 0.24310451077863882, -0.13699391944425976, -0.07419030097731935], [-0.28822581428212135, -0.43696135526653, -0.56578182569455, -0.5073306832983521, -0.19743607785650413, 0.4960062575393701, 0.5749556464619662, 0.4163616327928123, 0.06250280185348284, 0.02534555968615551, 0.07402494583667285, 0.5132846075893491, 0.07433639147165697], [-0.6335099966988883, 0.42797520004839046, -0.308578289953863, 0.06769702456740063, -0.17178591422999673, -0.15964384731176667, 0.17027071141008632, -0.6173414286570069, 0.5149762250165689, 0.0362191174608697, 0.5342787398080796, 0.5634436558445446, -0.036951687332315214]], "inverted": true, "swapped": false, "error_lsq": 0.03920953167087301, "error_max": 0.22120704654837972, "target": "627.xyz", "model": "1.xyz", "model_rescale": 3.9405287249114394, "target_rescale": 3.9098340419267608},
{"mapping": [9, 6, 10, 11, 3, 4, 2, 8, 7, 5, 0, 1, 12], "R": [[0.9860747068697593, -0.11344608733409109, 0.12160040189203428], [-0.13991856477588127, -0.1707370239260102, 0.9753315661312036], [-0.08988585930376367, -0.9787639418825538, -0.18423267453888084]], "T": [-0.04378325796142608, 0.03956388793568614, 0.07239908964626565], "aligned_model": [[0.34529584136920954, -0.11665984531128815, -0.15257188031481128, 0.355133899622974, -0.5229558514251997, -0.5127554537269581, 0.434375245446956, -0.1357067876408132, -0.7482233708310214, 0.6816734259951152, 0.3877841723569286, -0.15423747501096777, -0.008484938715247095], [-0.16649153100565608, -0.3338302351985623, -0.4726893874444375, -0.5500160431263456, -0.20832699574120134, 0.5000493434693016, 0.5227634865560574, 0.17945049823517265, -0.041801370242956985, 0.01770049082982751, 0.010719394765026986, 0.6645806211520484, 0.11897381458513331], [-0.6032781453402541, 0.4604989804146956, -0.5888487737311204, 0.042820460353221, -0.11666019743581393, -0.17196528321455937, 0.11770053590330061, -0.6843515767293675, 0.4274394750926762, 0.10860505526685715, 0.7906243583315291, 0.5460870475824847, 0.05837757347845393]], "inverted": true, "swapped": false, "error_lsq": 0.054392478024818176, "error_max": 0.3312820821801397, "target": "627.xyz", "model": "2.xyz", "model_rescale": 3.932901565614263, "target_rescale": 3.9098340419267608},
{"mapping": [4, 1, 2, 0, 6, 12, 8, 5, 10, 7, 3, 11, 13], "R": [[-0.9217891593852012, 0.3536110364429734, -0.15894647069265333], [-0.11760973296177421, 0.1356103652362073, 0.9837569717939297], [0.3694221113476893, 0.925510164042637, -0.08341606500660931]], "T": [0.06309398412432124, 0.07149193057892803, 0.09155439438355958], "aligned_model": [[0.31802102395965803, -0.24514874902369407, -0.14913349887767144, 0.37803643553601773, -0.46223291758354557, -0.49527580681903416, 0.4166754836444261, -0.08211928200930665, -0.6258113176025517, 0.627205865583857, 0.41458859095023937, -0.21665468439308386, -0.025484161550434606], [-0.4201035375678537, -0.4969498778197523, -0.6706952858385878, -0.5183485533553058, -0.10127172226488498, 0.482784753445336, 0.6169369396927689, 0.2869741478655111, 0.16974818148378717, 0.28449444059840345, 0.008053707910998575, 0.48522921574154465, 0.1142296769414429], [-0.5841470963622538, 0.4529806646490634, -0.22200179583337418, 0.1345635207874623, -0.30953989288544925, -0.22811919004278983, 0.43251860183329316, -0.5787292821495399, 0.2615562611731922, -0.29074164701463256, 0.456400404856809, 0.8320075257135818, 0.030301435246741094]], "inverted": false, "swapped": false, "error_lsq": 0.038306894239306485, "error_max": 0.2160005191603591, "target": "627.xyz", "model": "3.xyz", "model_rescale": 3.9243930471874484, "target_rescale": 3.9098340419267608},
{"mapping": [2, 8, 7, 4, 1, 5, 6, 0, 9, 3, 10, 11, 12], "R": [[-0.7420409853285895, 0.5130854835034364, -0.4314144906127063], [0.6566225160009058, 0.6859133437647299, -0.31363953246701454], [0.13498906464308924, -0.516009855975186, -0.8458792945587753]], "T": [-0.021327207715839194, 0.015791620414523398, 0.14619307120406277], "aligned_model": [[0.31510514226663294, -0.1445295694105446, -0.15693597911667068, 0.332122015502461, -0.5616050234440735, -0.26049789866975176, 0.2738587524275815, 0.013584968958025953, -0.6186583446617107, 0.5734157089971573, 0.40116673296022604, -0.25698759867604404, -0.0573719253184129], [-0.32978675136623536, -0.4969780592448825, -0.647155040250248, -0.44881561037851075, -0.058980605991513085, 0.6130458667735078, 0.674527093018671, 0.22716372837027837, -0.04361697278063878, 0.16440018985289295, -0.02253344864353962, 0.5216073091149941, 0.08820438835863248], [-0.6403203445468758, 0.49003140910585113, -0.2839589311680774, 0.038577843929829714, -0.3149677423661029, -0.2534415688982092, 0.1673907315444782, -0.6768654475288552, 0.5168054342822509, -0.13156532466161208, 0.7093607005051585, 0.707217803800113, 0.058784945974153874]], "inverted": true, "swapped": false, "error_lsq": 0.04657353723106057, "error_max": 0.35681845530137535, "target": "627.xyz", "model": "4.xyz", "model_rescale": 3.8936222436046832, "target_rescale": 3.9098340419267608},
{"mapping": [9, 7, 3, 10, 2, 4, 5, 8, 11, 6, 1, 12], "R": [[-0.2535751291306364, -0.4357499424962994, -0.8636096580636722], [0.4440996889910429, 0.7406953051968604, -0.5041288834191003], [0.8593457512110246, -0.5113633272672197, 0.005694506278721284]], "T": [-0.16728496307264124, -0.05426104654965626, -0.08745647290570593], "aligned_model": [[-0.07347239772081346, -0.5288389163366496, -0.17423051715079843, 0.4972986658949156, -0.6887407347637664, -0.5812250809911355, -0.29149984966559916, 0.06800229621743503, 0.5925720009359612, 0.41086706991862093, -0.06872941767920315, -0.13445507644387042], [-0.5383773643961361, -0.6166636004823958, 0.20190230826315558, 0.08716525533278639, 0.27802989297339353, 0.17936872156086164, -0.2442332234375601, 0.33005179382457095, -0.03404619897970319, -0.5189087904809593, 0.6229982406475155, -0.0783641297157218], [-0.6200449152113746, 0.1262475517610964, -0.7404306095146551, -0.3805969834764633, -0.30151515757430875, 0.28082533203322924, 0.6506185109883033, 0.5938197631733398, 0.28329825374429496, -0.11342566996512154, -0.1144516126871081, -0.045059743995713775]], "inverted": true, "swapped": true, "error_lsq": 0.05581179136873168, "error_max": 0.302048621128447, "target": "627.xyz", "model": "5.xyz", "model_rescale": 3.6523030999806103, "target_rescale": 3.9098340419267608},
{"mapping": [10, 3, 4, 11, 2, 1, 8, 6, 0, 9, 7, 5, 12], "R": [[0.1965425011538586, 0.0427112276225628, 0.9795645952540135], [0.9561348854695461, 0.21296458676512917, -0.20112723727057955], [-0.21720296045018286, 0.9761259323565437, 0.001018897808853586]], "T": [0.028367059243239096, 0.07009918699817841, -0.019396766739014415], "aligned_model": [[0.3988377289593785, -0.36929463297669596, -0.06682290084830939, 0.48446933648583057, -0.532173745410029, -0.6117405836901985, 0.3087785749481299, -0.012821338292563905, -0.6784900356864142, 0.7509698048321548, 0.22418414613864027, -0.03983461525867647, -0.003394757386370059], [-0.18112536450068145, -0.3236732813112555, -0.4610050178448636, -0.6501308885066307, -0.2051264549489713, 0.3358329312111671, 0.6817978374297046, 0.4044812474111174, 0.12851854920255343, 0.09186199969559597, -0.16602708950723308, 0.5225066248051848, 0.0631709936977206], [-0.6583887457741702, 0.3922452193244254, -0.2143295680391726, 0.19925444906697642, -0.450971194320821, -0.06437063290801595, -0.049350824674894926, -0.5753793345003966, 0.6763790275840864, -0.025272754443197775, 0.5911096703447176, 0.48516202250043466, 0.08096217581213223]], "inverted": true, "swapped": false, "error_lsq": 0.05522229779538687, "error_max": 0.336398056762715, "target": "627.xyz", "model": "6.xyz", "model_rescale": 4.08911054899281, "target_rescale": 3.9098340419267608},
{"mapping": [5, 11, 10, 12, 8, 3, 2, 4, 9, 7, 13, 1, 14], "R": [[-0.7773620971375448, -0.6063331997604766, 0.16753572992690455], [-0.24472013566540785, 0.5368437306885077, 0.8074099727030561], [-0.5794999785451447, 0.5866505430737001, -0.5657039112269862]], "T": [-0.0016452525459734139, 0.058919058698817806, 0.018408090379195344], "aligned_model": [[0.3763963066463758, -0.1645499804162326, -0.1628930961009427, 0.39289411830007337, -0.5886640792795739, -0.4813362024572814, 0.41301080058974143, -0.1548713618189344, -0.7148339212795929, 0.7213001954769491, 0.4919448818081902, -0.143893671645119, -0.13183700800877657], [-0.23617009651340387, -0.36661030212824464, -0.6127477878601393, -0.5242640516826305, -0.13119174786439858, 0.5950229327309815, 0.6551835580638687, 0.11625216064159888, 0.15685289878678677, 0.2756932523685526, -0.08744909221019495, 0.3458632656691058, 0.05464709683152591], [-0.5736292391726524, 0.3884322458998657, -0.18686655170891558, 0.12903386779758164, -0.27213579885816985, -0.3116535176376512, 0.36864879002175704, -0.6672187502279562, 0.3287759264437305, -0.1537772535941616, 0.538830674458075, 0.6782372108379559, 0.12037190571264388]], "inverted": true, "swapped": false, "error_lsq": 0.04387542870809629, "error_max": 0.291861047981948, "target": "627.xyz", "model": "7.xyz", "model_rescale": 3.964800864290218, "target_rescale": 3.9098340419267608},
{"mapping": [2, 8, 7, 1, 12, 11, 3, 4, 9, 0, 5, 10, 13], "R": [[0.40426894690631016, 0.381624838539523, 0.8312214513455161], [0.8021657650932418, -0.5845549051739392, -0.1217606182205932], [0.43942770040091583, 0.7160014283831913, -0.5424437765092277]], "T": [0.05501487003801442, 0.0756476551112117, -0.02672866522375872], "aligned_model": [[0.27851647922800227, -0.2500384027197805, -0.07801416063060082, 0.47341866288221157, -0.5961759956263157, -0.5702146724703403, 0.5811247851489596, -0.1530605640664586, -0.56996074874139, 0.7400111134756665, 0.2130026514516914, -0.2361637931935237, 0.02022162707675479], [-0.15828056259269974, -0.38778617883392386, -0.6061486375965084, -0.5402519148667788, -0.21271618364467, 0.5969802959866842, 0.5167052719759258, 0.31801033495746633, 0.04530098693485435, 0.13413072917104352, 0.037228746311515355, 0.44661012133496725, 0.051299077695531936], [-0.6045983282148603, 0.5054641229103456, -0.1826461344537657, 0.06668373762999094, -0.27866455044434746, -0.18304124061767651, 0.20702169633741627, -0.6536723151268574, 0.26022304229949134, -0.2280226021606681, 0.7934143536083261, 0.6461278185371658, 0.03875990966754271]], "inverted": true, "swapped": false, "error_lsq": 0.03996626708983741, "error_max": 0.2238992063243107, "target": "627.xyz", "model": "8.xyz", "model_rescale": 4.121658175737393, "target_rescale": 3.9098340419267608},
{"mapping": [4, 2, 1, 6, 0, 10, 7, 5, 3, 9, 8, 11, 12], "R": [[-0.21754538476360935, 0.8444806282008087, -0.48941441965028054], [0.014289690130029287, -0.49861405455425983, -0.8667063109017665], [-0.9759455980350755, -0.19554153828414367, 0.09640381984874768]], "T": [0.005601585242390397, 0.06460601318807356, 0.0679155899933443], "aligned_model": [[0.20004568292529004, -0.34098613835098424, -0.060716803700924395, 0.5587344653748534, -0.5178756277405604, -0.5505002757603188, 0.42364480551706296, -0.038434994738202895, -0.7068327126899189, 0.7541494426634613, 0.2775181211616139, -0.14671221514150923, 0.000633232295014179], [-0.32699797616228743, -0.43246462130530394, -0.5910811326582087, -0.32993778188002315, -0.2169221625184546, 0.5553715046565237, 0.5748434618870301, 0.40986736834423815, 0.10421746965462818, 0.09641075615262722, -0.07627453515136408, 0.49208257811167044, -0.018032842297667162], [-0.7047199813595997, 0.4072446117960769, -0.13359856279362547, 0.20415530807732743, -0.44738794860622216, -0.09450603162280324, 0.20972011122157075, -0.4425482016071161, 0.4048908043879908, -0.2952019949708515, 0.7287993969674362, 0.511870956226527, 0.03833104225539194]], "inverted": true, "swapped": false, "error_lsq": 0.040967786252670384, "error_max": 0.23974356869015992, "target": "627.xyz", "model": "9.xyz", "model_rescale": 3.833441315466971, "target_rescale": 3.9098340419267608},
{"mapping": [4, 9, 3, 7, 2, 13, 12, 5, 8, 6, 11, 10, 14], "R": [[-0.3086110388939846, -0.1603703729753984, 0.9375716346735898], [-0.4096692857803079, 0.9119889518681266, 0.021147764863662377], [-0.8584464473460347, -0.3775678682597447, -0.34714867405301164]], "T": [0.08504272271618364, 0.15504028293794797, 0.01952442639229221], "aligned_model": [[0.37336326590827484, -0.41387424460489247, -0.013870150624988808, 0.25782515638319203, -0.5133299129490567, -0.6026243204220475, 0.5491063154165602, -0.16507481420084474, -0.420879157100428, 0.6994127024753934, 0.2667890495874184, -0.20930596870019086, 0.04512906064648657], [-0.18982532404931463, -0.4567088954915542, -0.6507914812388187, -0.4089708071739983, -0.1324899818004036, 0.45655992866603173, 0.4719336645287549, 0.2974187504201411, -0.003472331447945759, 0.14003596240599148, 0.035293955841246186, 0.6131952212591153, 0.0689034249141632], [-0.6391496641722019, 0.20595116520055495, -0.2889772123047907, 0.3292851366650058, -0.2560237375902713, -0.24859211997549183, 0.23688041076984537, -0.5925252375982959, 0.5909053544780266, -0.2695326032419272, 0.6660274587589121, 0.6353223184585655, 0.017478240524171983]], "inverted": true, "swapped": false, "error_lsq": 0.05190592424487429, "error_max": 0.379332952074086, "target": "627.xyz", "model": "10.xyz", "model_rescale": 4.2482417240324, "target_rescale": 3.9098340419267608},
{"mapping": [1, 8, 11, 5, 3, 9, 10, 7, 4, 0, 2, 12], "R": [[0.10341446931360654, -0.9098509944855244, 0.40184153017114554], [-0.9127705272688409, 0.0736977066529152, 0.40176935246912954], [-0.39516504410935427, -0.40833786974490066, -0.8228637627494901]], "T": [0.015217277552720728, 0.0972432232601185, -0.015751180974937204], "aligned_model": [[-0.5600312037441245, 0.08055403147214968, 0.22235946032010678, 0.5808013705636507, -0.5610359021216815, 0.12314636968826168, -0.2499327356590036, 0.5928531764526832, 0.01648239644821099, -0.03603510657030884, -0.39198540511790025, 0.05958915063096243], [-0.2699154699973686, -0.7086383339446319, -0.33005825497704044, -0.3843660987853894, 0.4918267147447296, 0.7878709631053136, 0.16118918191400697, 0.2866151762186714, -0.272829736106571, 0.6676149814063347, 0.16584521930522708, 0.0709770471673574], [0.042607656621131876, 0.10035130759138124, 0.6840744229884116, -0.22656043728225017, 0.04966494328785147, 0.17970851187200015, 0.6721518227684491, -0.36669609928034064, -0.48967647238550566, -0.5695936290625432, -0.5233280245815255, 0.012488287317296228]], "inverted": true, "swapped": true, "error_lsq": 0.044170094850958776, "error_max": 0.2785553888115446, "target": "627.xyz", "model": "11.xyz", "model_rescale": 3.6694154284099745, "target_rescale": 3.9098340419267608},
{"mapping": [3, 12, 1, 2, 0, 6, 9, 11, 5, 8, 10, 7, 13], "R": [[-0.26011421845233973, -0.8746402348100762, -0.4090782969191876], [-0.3045204037974053, 0.4763487428353367, -0.8248388926755694], [0.916301215228919, -0.08997963575481321, -0.39025087843518996]], "T": [-0.06813996506467652, 0.04669090683190777, 0.02172572137549583], "aligned_model": [[0.3677497555893093, -0.2073187146604486, -0.043840050775936903, 0.3869303541538954, -0.6626304342939785, -0.4743850009339049, 0.47207080908745486, 0.1298106941857321, -0.7554851711059729, 0.6476722930064238, 0.2798794667588547, -0.14673109174273397, -0.14105592745381773], [-0.33631967788600037, -0.41838202071794817, -0.7435920405393469, -0.42031827676232747, -0.2637931855389347, 0.3979766965952374, 0.6079525400929728, 0.6180989180361592, 0.16847042368420495, 0.1082795808295762, 0.02194120759636506, 0.5295844834907619, -0.02881656204731145], [-0.614318258256068, 0.4972306613999426, -0.28049252982936534, 0.055296547955577036, -0.22509116379575184, -0.15552578974819828, 0.2162609763016028, -0.4017563563338271, 0.41833271763747626, -0.21579795689985215, 0.5525728884296479, 0.5810132564579764, -0.04067548334705724]], "inverted": true, "swapped": false, "error_lsq": 0.042658237895122034, "error_max": 0.3530618071706547, "target": "627.xyz", "model": "12.xyz", "model_rescale": 3.9764082729961374, "target_rescale": 3.9098340419267608},
{"mapping": [11, 7, 8, 3, 1, 12, 6, 13, 9, 14, 4, 5, 15], "R": [[0.0845856698129992, 0.8646558352466496, 0.49519243838754756], [0.9778439070532139, -0.1675377322329792, 0.12550857228546644], [0.19148513754647342, 0.4736046820420481, -0.8596697314938213]], "T": [-0.1135525194564797, 0.02284126533420288, 0.043310548993183595], "aligned_model": [[0.2495654555235759, -0.000253364556463076, -0.12051915176567815, 0.47116580765453886, -0.6700255562674747, -0.4932387079144699, 0.4356309955329245, 0.10315327594117418, -0.6199046965674393, 0.627888137919895, 0.16949676310085926, -0.2748570287417067, -0.025434948044859393], [-0.22182813044755975, -0.5334777145941696, -0.5985880131887228, -0.576388222151428, -0.1632746365662495, 0.4002892962923664, 0.5334394338629128, 0.43471714803132144, 0.21884390325616393, 0.09527676039590605, 0.05250076749874338, 0.6124231506751464, -0.012851656231022635], [-0.6191295779342101, 0.5420150637044376, -0.29348308882869295, -0.04312987315879038, -0.1996322603738065, -0.3039428414414051, 0.1894125094805138, -0.35402734459417423, 0.3015537777141825, -0.24621818916509414, 0.7027551178193703, 0.617068304144945, 0.09380791260482732]], "inverted": false, "swapped": false, "error_lsq": 0.04718162830826923, "error_max": 0.28405384011615686, "target": "627.xyz", "model": "13.xyz", "model_rescale": 4.170626492500431, "target_rescale": 3.9098340419267608},
{"mapping": [4, 3, 2, 6, 0, 7, 10, 8, 1, 12, 11, 9, 13], "R": [[0.19200275726582314, -0.89008441114072, -0.4133820052283349], [-0.6557240773920212, 0.19704440533489118, -0.7288342998614992], [0.7301786600077436, 0.4110027291521272, -0.5458167101681655]], "T": [-0.001703905994769021, -0.03635359850214537, -0.0001814594614662421], "aligned_model": [[0.2773746741696207, -0.1824255636377382, -0.20450319089725197, 0.4875951088954862, -0.5401211216551227, -0.4802363188930042, 0.12177427461427386, 0.08668031061140218, -0.6741205148531828, 0.6168985973433876, 0.39409046181451735, -0.12938694254774566, 0.07904720685023425], [-0.21870448821913765, -0.444387130015483, -0.6179452793546159, -0.6628319540602503, -0.0828876115571173, 0.5743768894076143, 0.5075046637057551, 0.42407362420682243, 0.1340223832554755, 0.29084795739677205, -0.011195453006661416, 0.40758830406795166, -0.05937981899371744], [-0.626221737483472, 0.5254818586894344, -0.23160257786379337, 0.2747741934622838, -0.2527678685127735, -0.23564866276610413, 0.08525643913460365, -0.5761600143125505, 0.3309414767220968, -0.21460208782372608, 0.584945481686197, 0.6653401914131932, 0.05731281762671408]], "inverted": true, "swapped": false, "error_lsq": 0.04323090815671864, "error_max": 0.3198638768425998, "target": "627.xyz", "model": "14.xyz", "model_rescale": 3.9786697098870705, "target_rescale": 3.9098340419267608},
{"mapping": [9, 6, 3, 0, 10, 1, 5, 8, 2, 7, 11, 12], "R": [[0.006816486975230296, -0.954321454887985, -0.2987040278365797], [-0.22877746013526162, -0.2922766997371495, 0.928566209015178], [-0.9734548830014547, 0.06200718935123428, -0.22031953891878236]], "T": [0.08802035922542192, -0.030340818036135822, 0.011763836308300791], "aligned_model": [[0.019253581763354566, -0.5448292750469204, 0.5557793130575487, 0.5889837033590414, -0.13611698931244143, 0.4097620044901764, -0.29685137766801173, -0.19278911442448246, 0.727671814618714, -0.08531173848932291, -0.5939522992316998, 0.03175497365138052], [-0.37540534413759485, -0.04027820841147502, 0.13944580888774527, -0.6254200150641845, 0.4783278315293306, 0.5617581635105805, -0.2253925647757501, 0.44538602097103963, -0.09955266444616066, -0.6864756458731315, 0.46955635369957477, -0.0272752456655352], [-0.6230758746775207, -0.3758368435958768, -0.4826218335672478, -0.16030790388074434, -0.4767265030364773, 0.13433293905490193, 0.6521559116242195, 0.6134479541504441, 0.13097057576085303, 0.19101331483142625, 0.0280863347545378, 0.028528422455314565]], "inverted": false, "swapped": true, "error_lsq": 0.052844643131044415, "error_max": 0.3179818439217808, "target": "627.xyz", "model": "15.xyz", "model_rescale": 3.769337070930944, "target_rescale": 3.9098340419267608},
{"mapping": [1, 8, 3, 10, 2, 4, 0, 5, 9, 6, 12], "R": [[0.11578025223964639, 0.14599092422326063, 0.982487446859125], [-0.9100303939359968, 0.41197868428171136, 0.04602440450678669], [-0.3980447403295492, -0.8994221554653568, 0.18055517426546833]], "T": [0.013261372603313589, 0.03073343139629087, 0.03327306973809071], "aligned_model": [[-0.30773449823028093, -0.3165492194461135, -0.08607956771141723, -0.6688231007786519, 0.38611033863304384, 0.33573778494730677, 0.6763369427247822, 0.2164512190180796, 0.07127176554534151, -0.3758317981965636, -0.008263735814355485], [-0.02410092264475427, -0.6896489351336459, 0.6473888167137487, 0.3120148460728854, 0.19657541762151626, -0.36807047036376356, 0.4704409202443461, -0.6799752675475685, 0.6195304883852631, 0.11992970924556141, -0.008020104968246119], [-0.5692855744776572, -0.16539243524832428, -0.28596139188372793, 0.0902440678186556, -0.47822922247239735, -0.28061415370615034, -0.007718627369973065, 0.25661245151488893, 0.4537164969581388, 0.6589584753877858, 0.07188752070253773]], "inverted": true, "swapped": true, "error_lsq": 0.03713276460821662, "error_max": 0.18701706446598412, "target": "627.xyz", "model": "16.xyz", "model_rescale": 3.7852294659196426, "target_rescale": 3.9098340419267608},
{"mapping": [1, 6, 5, 7, 4, 0, 8, 3, 10, 2, 11, 9, 12], "R": [[0.5195715240029095, -0.43047017845054825, 0.7380656182955873], [0.6955471430594476, -0.28860620368870965, -0.6579670439879429], [0.4962455070095192, 0.8552203719844053, 0.14946073770633236]], "T": [0.01805062943208624, 0.05064190373336902, -0.023312262608496392], "aligned_model": [[0.2027600988422621, -0.14255163453077724, -0.2101681990037467, 0.3872686126268028, -0.5848108511457407, -0.4297476078498731, 0.24563083075433134, 0.20122047484176572, -0.5659094380620464, 0.6161546031014211, 0.42135882221565535, -0.27512770272324505, -0.0134110272519323], [-0.26113746791484593, -0.6280217428413994, -0.53136349500132, -0.5157469084730526, -0.11966106248831465, 0.5258934695944126, 0.6180943446231004, 0.4856819434009633, -0.09882459778767544, 0.0199929654233999, 0.05933381816662009, 0.6182325774433981, 0.06860824268812168], [-0.6089146785631483, 0.5253368087748654, -0.22676961133651474, 0.16191408397709664, -0.35398070685620636, -0.22170541665499482, 0.20121143446350948, -0.6633781520145545, 0.5113890369732869, -0.14748673781049737, 0.5892226561434144, 0.5590528103344601, 0.06115798254138638]], "inverted": false, "swapped": false, "error_lsq": 0.0484295542051892, "error_max": 0.3182905795397813, "target": "627.xyz", "model": "17.xyz", "model_rescale": 3.901054581598922, "target_rescale": 3.9098340419267608},
{"mapping": [2, 12, 13, 3, 9, 10, 1, 8, 11, 0, 7, 6, 14], "R": [[0.034652644411957846, 0.0954972172351587, 0.9948263545642524], [0.13828160479760698, 0.985391391875483, -0.09940826219332685], [-0.989786538608127, 0.141010943965494, 0.020940909056281837]], "T": [-0.04237356387258058, 0.1105074295716496, -0.06308908747357468], "aligned_model": [[0.4041349898557039, -0.1477723267949366, -0.14172190546749563, 0.3872506308548763, -0.6146894009942043, -0.7596751602161018, 0.4218640988910292, 0.15681428918202944, -0.5903398394224443, 0.7048813155693604, 0.24310451077863882, -0.13699391944425976, -0.07419030097731935], [-0.28822581428212135, -0.43696135526653, -0.56578182569455, -0.5073306832983521, -0.19743607785650413, 0.4960062575393701, 0.5749556464619662, 0.4163616327928123, 0.06250280185348284, 0.02534555968615551, 0.07402494583667285, 0.5132846075893491, 0.07433639147165697], [-0.6335099966988883, 0.42797520004839046, -0.308578289953863, 0.06769702456740063, -0.17178591422999673, -0.15964384731176667, 0.17027071141008632, -0.6173414286570069, 0.5149762250165689, 0.0362191174608697, 0.5342787398080796, 0.5634436558445446, -0.036951687332315214]], "inverted": true, "swapped": false, "error_lsq": 0.03920953167087301, "error_max": 0.22120704654837972, "target": "627.xyz", "model": "18.xyz", "model_rescale": 3.9405287249114394, "target_rescale": 3.9098340419267608},
{"mapping": [3, 11, 10, 14, 2, 6, 4, 1, 5, 12, 13, 7, 15], "R": [[0.5636452392326211, 0.20684562975760995, -0.7996992745654953], [0.8146561638139762, 0.020813393038671607, 0.5795706492138071], [0.136526111239929, -0.9781521804506679, -0.15677669734149596]], "T": [0.04332847534974407, 0.13796255611559152, 0.09677420382185965], "aligned_model": [[0.336855163408607, -0.17741927173216623, -0.1613912573484033, 0.4452953252744243, -0.6421685919977862, -0.5489293883125623, 0.4247804888711977, -0.019016366978358706, -0.7725441613832613, 0.5551886860159887, 0.3739252295494321, 0.02155255170534219, 0.016538574742422672], [-0.2486836740488931, -0.44870947749474666, -0.5713418176227235, -0.5239749373806104, -0.1726942947535289, 0.43390497198794886, 0.7500227765996186, 0.29729362469327936, 0.08583676109262897, 0.15924964010510034, -0.1504824296284419, 0.516538750944069, 0.11412219233970827], [-0.6030653284787619, 0.4521606963023526, -0.17319092982732476, 0.09616729214715054, -0.3378651578092096, -0.2495380324765618, 0.21736307767658644, -0.5406002192611622, 0.24809302248769977, -0.09735216481806531, 0.605532615726491, 0.6899279973695084, 0.07941664093339991]], "inverted": true, "swapped": false, "error_lsq": 0.036834285957134554, "error_max": 0.19067782049113546, "target": "627.xyz", "model": "19.xyz", "model_rescale": 4.410303926677745, "target_rescale": 3.9098340419267608},
{"mapping": [2, 8, 7, 1, 12, 11, 3, 4, 9, 0, 5, 10, 13], "R": [[0.40426894690631016, 0.381624838539523, 0.8312214513455161], [0.8021657650932418, -0.5845549051739392, -0.1217606182205932], [0.43942770040091583, 0.7160014283831913, -0.5424437765092277]], "T": [0.05501487003801442, 0.0756476551112117, -0.02672866522375872], "aligned_model": [[0.27851647922800227, -0.2500384027197805, -0.07801416063060082, 0.47341866288221157, -0.5961759956263157, -0.5702146724703403, 0.5811247851489596, -0.1530605640664586, -0.56996074874139, 0.7400111134756665, 0.2130026514516914, -0.2361637931935237, 0.02022162707675479], [-0.15828056259269974, -0.38778617883392386, -0.6061486375965084, -0.5402519148667788, -0.21271618364467, 0.5969802959866842, 0.5167052719759258, 0.31801033495746633, 0.04530098693485435, 0.13413072917104352, 0.037228746311515355, 0.44661012133496725, 0.051299077695531936], [-0.6045983282148603, 0.5054641229103456, -0.1826461344537657, 0.06668373762999094, -0.27866455044434746, -0.18304124061767651, 0.20702169633741627, -0.6536723151268574, 0.26022304229949134, -0.2280226021606681, 0.7934143536083261, 0.6461278185371658, 0.03875990966754271]], "inverted": true, "swapped": false, "error_lsq": 0.03996626708983741, "error_max": 0.2238992063243107, "target": "627.xyz", "model": "20.xyz", "model_rescale": 4.121658175737393, "target_rescale": 3.9098340419267608},
{"mapping": [10, 3, 4, 11, 2, 1, 8, 6, 0, 9, 7, 5, 12], "R": [[0.1965425011538586, 0.0427112276225628, 0.9795645952540135], [0.9561348854695461, 0.21296458676512917, -0.20112723727057955], [-0.21720296045018286, 0.9761259323565437, 0.001018897808853586]], "T": [0.028367059243239096, 0.07009918699817841, -0.019396766739014415], "aligned_model": [[0.3988377289593785, -0.36929463297669596, -0.06682290084830939, 0.48446933648583057, -0.532173745410029, -0.6117405836901985, 0.3087785749481299, -0.012821338292563905, -0.6784900356864142, 0.7509698048321548, 0.22418414613864027, -0.03983461525867647, -0.003394757386370059], [-0.18112536450068145, -0.3236732813112555, -0.4610050178448636, -0.6501308885066307, -0.2051264549489713, 0.3358329312111671, 0.6817978374297046, 0.4044812474111174, 0.12851854920255343, 0.09186199969559597, -0.16602708950723308, 0.5225066248051848, 0.0631709936977206], [-0.6583887457741702, 0.3922452193244254, -0.2143295680391726, 0.19925444906697642, -0.450971194320821, -0.06437063290801595, -0.049350824674894926, -0.5753793345003966, 0.6763790275840864, -0.025272754443197775, 0.5911096703447176, 0.48516202250043466, 0.08096217581213223]], "inverted": true, "swapped": false, "error_lsq": 0.05522229779538687, "error_max": 0.336398056762715, "target": "627.xyz", "model": "21.xyz", "model_rescale": 4.08911054899281, "target_rescale": 3.9098340419267608},
{"mapping": [10, 0, 6, 7, 8, 11, 14, 5, 1, 12, 4, 2, 16], "R": [[0.9978300375350457, 0.06166039807731498, -0.023091372885909817], [0.009843133820618053, 0.20706935073745036, 0.978276748523525], [0.06510244933486362, -0.9763812161723092, 0.20601308646900007]], "T": [0.04203994384686381, 0.12054768693612704, 0.05137323235473423], "aligned_model": [[0.36766979872168215, -0.12666353941070674, -0.19038672542030743, 0.4210453350441211, -0.5643895406256466, -0.5547052952508411, 0.45523539662021006, -0.08684300244430236, -0.685487082153336, 0.7595620698331965, 0.1607404406193722, -0.16017186840781406, 0.0570609946892489], [-0.20877962696567987, -0.5107459784603895, -0.5492032933906995, -0.47493706963905225, -0.06588077373249972, 0.5029130749141875, 0.6071326467505039, 0.1752043804677783, 0.13820687521601313, 0.15135878361889563, -0.028701296638750887, 0.41603291297813866, 0.08848145171496283], [-0.6094172996199319, 0.46741029914838883, -0.17879104879243346, -0.035511784417129016, -0.2283582951411927, -0.23773723087525284, 0.1171545415309287, -0.6400968580726559, 0.3682185586176276, -0.11945469591035737, 0.7221393009923661, 0.6783123789621485, 0.08318164354959644]], "inverted": false, "swapped": false, "error_lsq": 0.03846627032123896, "error_max": 0.22016512543012054, "target": "627.xyz", "model": "22.xyz", "model_rescale": 4.204369325754507, "target_rescale": 3.9098340419267608},
{"mapping": [3, 11, 10, 14, 2, 6, 4, 1, 5, 12, 13, 7, 15], "R": [[0.5636452392326211, 0.20684562975760995, -0.7996992745654953], [0.8146561638139762, 0.020813393038671607, 0.5795706492138071], [0.136526111239929, -0.9781521804506679, -0.15677669734149596]], "T": [0.04332847534974407, 0.13796255611559152, 0.09677420382185965], "aligned_model": [[0.336855163408607, -0.17741927173216623, -0.1613912573484033, 0.4452953252744243, -0.6421685919977862, -0.5489293883125623, 0.4247804888711977, -0.019016366978358706, -0.7725441613832613, 0.5551886860159887, 0.3739252295494321, 0.02155255170534219, 0.016538574742422672], [-0.2486836740488931, -0.44870947749474666, -0.5713418176227235, -0.5239749373806104, -0.1726942947535289, 0.43390497198794886, 0.7500227765996186, 0.29729362469327936, 0.08583676109262897, 0.15924964010510034, -0.1504824296284419, 0.516538750944069, 0.11412219233970827], [-0.6030653284787619, 0.4521606963023526, -0.17319092982732476, 0.09616729214715054, -0.3378651578092096, -0.2495380324765618, 0.21736307767658644, -0.5406002192611622, 0.24809302248769977, -0.09735216481806531, 0.605532615726491, 0.6899279973695084, 0.07941664093339991]], "inverted": true, "swapped": false, "error_lsq": 0.036834285957134554, "error_max": 0.19067782049113546, "target": "627.xyz", "model": "23.xyz", "model_rescale": 4.410303926677745, "target_rescale": 3.9098340419267608},
{"mapping": [3, 15, 4, 10, 5, 12, 7, 0, 6, 1, 11, 13, 16], "R": [[0.8600143227315451, -0.2951550275857651, -0.4162437679863181], [-0.0022577672425844464, 0.8135235005160677, -0.5815276576356123], [0.510264899031552, 0.5010618961754425, 0.6989754709697547]], "T": [0.002532069985992173, -0.0619274571171369, 0.15518149708626616], "aligned_model": [[0.37924146349281235, -0.47782370787922795, -0.09605312054872198, 0.46016085722654737, -0.5446447030740036, -0.498967850859564, 0.2774753694604369, -0.02652132305704677, -0.6727119983580866, 0.7656187359294541, 0.47507537376678666, -0.2533711312721988, 0.06518901698768882], [-0.23148908836606694, -0.45686811805753136, -0.5400081923264538, -0.5217451162492042, -0.1678680668322189, 0.48671210380771524, 0.5426997799225215, 0.35555561045578543, 0.16401233287123504, 0.18064232316790252, -0.0030869368964397473, 0.4978002394761498, -0.06527478413998636], [-0.6439366860919086, 0.5053163166089935, -0.33020921545374887, 0.10107456855895541, -0.13632527756018853, -0.15087127020033098, 0.1275593504247136, -0.4735072969356704, 0.42144217616965013, -0.15335373837655142, 0.5722691447610111, 0.494894730683841, 0.05269670738333737]], "inverted": false, "swapped": false, "error_lsq": 0.03747860437780716, "error_max": 0.2390819167797739, "target": "627.xyz", "model": "24.xyz", "model_rescale": 4.28219845311461, "target_rescale": 3.9098340419267608},
{"mapping": [7, 5, 9, 3, 11, 14, 0, 13, 10, 4, 1, 6, 15], "R": [[-0.37705141162686284, 0.23306566642865612, 0.8963886590772757], [-0.020896695593650698, -0.9697156232065047, 0.24334119713374958], [0.9259565654518879, 0.07302058094391244, 0.3705029468913267]], "T": [-0.03843023268556408, 0.035332935227477845, -0.0447576740975764], "aligned_model": [[0.3922206062594608, -0.2703845536453814, -0.1143173401567841, 0.5346910062136867, -0.5512559691258697, -0.6118138039302836, 0.43433101458155227, -0.019934046587174424, -0.697650369390128, 0.6736473350548324, 0.2822805521890537, -0.20694494165649233, 0.007797492008404218], [-0.2567122687257351, -0.5952904127622967, -0.5778601688522916, -0.4708582608995602, -0.14699765539342427, 0.5255732538507568, 0.56659740075435, 0.20660369698688139, 0.21104168828630795, 0.1792783675198924, -0.1734767551053771, 0.6892414930842207, 0.08394170808968401], [-0.6233727961900579, 0.478493763427806, -0.31881797386304417, 0.07912881970175163, -0.060326585969819255, -0.14983067309078293, 0.35500355812322504, -0.6133002619510914, 0.3605324248310862, -0.12766619639041837, 0.4684873984894626, 0.5520702121336047, -0.013352179279618973]], "inverted": true, "swapped": false, "error_lsq": 0.03980996413675074, "error_max": 0.2845110973475902, "target": "627.xyz", "model": "25.xyz", "model_rescale": 4.100010024507729, "target_rescale": 3.9098340419267608},
{"mapping": [1, 8, 11, 5, 3, 9, 10, 7, 4, 0, 2, 12], "R": [[0.10341446931360654, -0.9098509944855244, 0.40184153017114554], [-0.9127705272688409, 0.0736977066529152, 0.40176935246912954], [-0.39516504410935427, -0.40833786974490066, -0.8228637627494901]], "T": [0.015217277552720728, 0.0972432232601185, -0.015751180974937204], "aligned_model": [[-0.5600312037441245, 0.08055403147214968, 0.22235946032010678, 0.5808013705636507, -0.5610359021216815, 0.12314636968826168, -0.2499327356590036, 0.5928531764526832, 0.01648239644821099, -0.03603510657030884, -0.39198540511790025, 0.05958915063096243], [-0.2699154699973686, -0.7086383339446319, -0.33005825497704044, -0.3843660987853894, 0.4918267147447296, 0.7878709631053136, 0.16118918191400697, 0.2866151762186714, -0.272829736106571, 0.6676149814063347, 0.16584521930522708, 0.0709770471673574], [0.042607656621131876, 0.10035130759138124, 0.6840744229884116, -0.22656043728225017, 0.04966494328785147, 0.17970851187200015, 0.6721518227684491, -0.36669609928034064, -0.48967647238550566, -0.5695936290625432, -0.5233280245815255, 0.012488287317296228]], "inverted": true, "swapped": true, "error_lsq": 0.044170094850958776, "error_max": 0.2785553888115446, "target": "627.xyz", "model": "26.xyz", "model_rescale": 3.6694154284099745, "target_rescale": 3.9098340419267608},
{"mapping": [4, 1, 0, 5, 2, 11, 9, 10, 12, 8, 7, 3, 13], "R": [[-0.11952350336266837, 0.9444622089631158, -0.30611316205682104], [0.5716433042751687, 0.3175540969617664, 0.7565601946839152], [0.8117500014298002, -0.08456081446691746, -0.5778506760707394]], "T": [0.01904258324481905, 0.017508807866443665, 0.03611493562667773], "aligned_model": [[0.22876990877088346, -0.13308567476094615, -0.08124212387792609, 0.47237744504971074, -0.5424737677456408, -0.5518883942597349, 0.13179227660093826, 0.0848498761997043, -0.6256335324227383, 0.6025253892881725, 0.38638594651118396, -0.09245914155779403, -0.02725122598093619], [-0.24846988475492443, -0.6851128248775545, -0.6002633871928348, -0.6050197947381617, -0.13560125888339195, 0.5638812072268322, 0.6762250542211157, 0.33858977326252987, 0.4184322123927799, 0.1625171432950763, 0.04375052621950089, 0.3092877366616, 0.002865584000841066], [-0.7127511098634606, 0.5487809945890769, -0.17656754052518425, 0.21756504373534494, -0.3151489840028542, -0.2980863351489708, 0.1711850985304989, -0.4683324191556661, 0.26716891838449813, -0.18039739690438325, 0.546505717675568, 0.7812750811059805, 0.005852441551655204]], "inverted": false, "swapped": false, "error_lsq": 0.04918431079061481, "error_max": 0.29062422635889423, "target": "627.xyz", "model": "27.xyz", "model_rescale": 4.103607728864725, "target_rescale": 3.9098340419267608},
{"mapping": [3, 1, 0, 2, 5, 6, 13, 10, 7, 12, 4, 8, 14], "R": [[-0.5035057702465052, 0.7767234461800143, 0.3783948037205531], [-0.25401227841842333, 0.28552777262861, -0.9240950456908783], [-0.8258085139674662, -0.5614041139963148, 0.053532411181057726]], "T": [-0.047021172612537146, 0.18061090370771699, -0.1252563532780832], "aligned_model": [[0.35773577429156234, -0.24564521078989826, -0.1543951619111621, 0.4484151432207481, -0.7238712226986814, -0.5899432796282906, 0.3615102717949501, 0.009207785461167142, -0.5884365789254101, 0.8056769391738123, 0.3895535739510573, -0.1718236619669084, -0.0453173901580697], [-0.33379255965005633, -0.5355157427713109, -0.5184897223697595, -0.3052481838718946, -0.09674705657600352, 0.4517296519277161, 0.5405475367020984, 0.37220668852956784, 0.1726440392256429, 0.11980255137011342, 0.0018472418088142095, 0.33502402888672345, 0.03707361362175726], [-0.49280464042578404, 0.37531526970477097, -0.222317581489074, 0.11929325355441553, -0.11592994199041205, -0.306908418856939, 0.226055775907206, -0.594196259682088, 0.3510703543930007, -0.20589066090651062, 0.6487302945279014, 0.6702691976817989, -0.06563713244618247]], "inverted": true, "swapped": false, "error_lsq": 0.03784002421941436, "error_max": 0.2449180415738756, "target": "627.xyz", "model": "28.xyz", "model_rescale": 4.137296879288765, "target_rescale": 3.9098340419267608},
