[{"mapping": [6, 1, 0, 11, 9, 8, 4, 3, 2, 12, 13, 14], "R": [[-0.4556349444557206, 0.5966961923448925, 0.660568279159649], [-0.6552211315443109, 0.2775065298258541, -0.7026203773602112], [-0.6025629146973996, -0.7529566919452407, 0.26452628203309936]], "T": [0.01241169643248429, 0.03435662386263251, -0.08574560219172668], "aligned_model": [[-0.24396512591106628, 0.22093077315294085, 0.43785575998920057, 0.19470116992573894, -0.23267484324583737, -0.5970038818599042, 0.394108033835855, -0.24527547487325008, 0.6069623882245726, -0.021643228889421003, -0.6043629283748285, -0.07199017951345182], [-0.4371412202601531, -0.7449607183433542, -0.2533210241958195, 0.644507889389573, 0.390820432668087, -0.48179191999420556, -0.31665536291169405, -0.5333423148469185, 0.2376149818683012, 0.4551136035181732, 0.0952757737665557, -0.002565084681488028], [-0.4501746566698321, -0.032345560728637826, -0.4911615714271854, -0.14197995831324606, -0.6231858251266869, 0.07312573196853579, 0.5227150218126586, 0.4727669551649297, -0.0783807513864402, 0.553471919695867, 0.38437834487020595, -0.007277904506605745]], "inverted": true, "swapped": true, "error_lsq": 0.04559930193220133, "error_max": 0.3359450532332777, "target": "628.xyz", "model": "0.xyz", "model_rescale": 3.751011558992144, "target_rescale": 4.223347193315681},
{"mapping": [1, 4, 7, 10, 6, 0, 8, 5, 10, 2, 13, 3, 12, 9, 14], "R": [[-0.8938095924957821, -0.44140342756950646, 0.07916707960014413], [-0.026640848870455508, -0.12395988599375252, -0.9919295397536447], [0.44765464091639395, -0.8887052159148765, 0.09903717318111926]], "T": [-0.015213836561651456, 0.07934883380726267, -0.0018096895546201447], "aligned_model": [[-0.0833623783456748, -0.609577318118479, 0.49934675402277995, -0.3171791135001424, 0.2724342662186703, 0.11907164686675784, -0.6440917605672375, -0.3591786524848306, -0.3171791135001424, -0.25692921115535905, 0.16498542442641254, 0.44494338482546636, 0.6989751981237475, 0.06641248425634833, 0.02663478619643478], [-0.40010242637972515, 0.16008765775591421, -0.21210837191359494, 0.7869852355773103, 0.15551603690703047, -0.6664376098963806, -0.12149248583596682, 0.3170153604192017, 0.7869852355773103, -0.3493281335948221, 0.1999837351833995, -0.3348180088691163, 0.19377174034073374, 0.6610880697989577, 0.11182576876719502], [-0.5029761437329267, -0.5173552879344756, -0.30173821378670296, -0.28557269373638583, -0.691144783256501, 0.03389056013296844, 0.06596621443981723, 0.46218263207448845, -0.28557269373638583, 0.6626809704941752, 0.6913552584988023, 0.445545926868759, 0.16794461899977692, 0.29669697099386716, 0.012252810657902529]], "inverted": true, "swapped": false, "error_lsq": 0.050449341895599936, "error_max": 0.3837865867942509, "target": "628.xyz", "model": "1.xyz", "model_rescale": 3.9405287249114394, "target_rescale": 4.223347193315681},
{"mapping": [10, 9, 7, 2, 0, 13, 11, 5, 1, 3, 4, 12, 14], "R": [[0.03553742633660928, 0.9582911516736068, 0.2835756688318708], [-0.14178508009472404, 0.28571924154881406, -0.9477665883915214], [-0.9892593605278158, -0.006525613598978519, 0.14602511419360056]], "T": [0.01876933306670684, -0.060233687576610344, -0.05427512484052881], "aligned_model": [[-0.466250114776545, 0.21114054263030535, -0.36229529983539577, 0.464385720871289, 0.5931606508673143, -0.7508320710129929, 0.2182421631772581, 0.6871108669035505, 0.10419408685099854, -0.5703745643585201, -0.11931091780993386, -0.4152366795363411, -0.09795110468705592], [0.5706390433971256, 0.5387917879128402, 0.2973192666662604, -0.1251368431834013, -0.3134531113443539, 0.05312716885785538, 0.4012614545036805, 0.2598414129113896, -0.8152266178948799, -0.647741656644944, -0.7351177129185515, 0.06255734405283889, -0.08802894274384304], [0.1924547838319286, -0.3373610651371824, -0.5001351045985254, 0.3839854615110987, -0.23887665782775447, -0.0555405493969975, 0.34057819686635027, -0.041937722054618314, -0.33060025264822535, -0.1457349214748377, 0.3514233302542812, 0.5648826561260261, -0.07001780586289971]], "inverted": true, "swapped": true, "error_lsq": 0.050242440762612785, "error_max": 0.27387549941016887, "target": "628.xyz", "model": "2.xyz", "model_rescale": 3.932901565614263, "target_rescale": 4.223347193315681},
{"mapping": [11, 5, 9, 2, 10, 13, 7, 12, 4, 3, 6, 1, 8, 14], "R": [[0.9252113627469264, 0.3725461454792427, 0.07206458029111529], [-0.2624109505278338, 0.491004603278243, 0.830695475251102], [0.27408835671559345, -0.7874794276983585, 0.5520432262647658]], "T": [0.07659895457100406, 0.0049824365297816975, -0.06043047211574419], "aligned_model": [[-0.24269308025589764, 0.30986349814139136, 0.3566116155471939, -0.1320979564268403, -0.404939724961882, -0.2485851472857496, 0.29144942927903583, -0.6745966555845843, -0.28531099709279223, -0.02750916167371821, 0.674887396655245, 0.4325708504051685, 0.3245864901513087, 0.045573355154824816], [0.011676229419804396, 0.2801341408286972, -0.33319071483363694, 0.5205779086322768, -0.6244870151338774, -0.6008553944801203, -0.6469666266533035, -0.13844676553101243, 0.47355254562505195, -0.08178769052304696, -0.11455484444174649, 0.42054019515883495, -0.437355011446598, -0.06534031827083488], [-0.614221146840246, -0.7078560505767676, -0.5926030771396521, -0.3527755331726368, -0.31735190921652107, 0.3033750097686588, -0.03499066828688839, -0.0165165399890633, 0.4767744045927316, 0.7655558989436001, 0.1600453912379634, 0.5347695348290158, 0.5766539269424911, 0.03303712196441193]], "inverted": true, "swapped": true, "error_lsq": 0.04601900055656914, "error_max": 0.27550569377726153, "target": "628.xyz", "model": "3.xyz", "model_rescale": 3.9243930471874484, "target_rescale": 4.223347193315681},
{"mapping": [9, 6, 5, 11, 2, 7, 10, 0, 4, 3, 12, 13, 14], "R": [[0.624236020595015, -0.7170281733664845, -0.31016123095967896], [-0.07375479088116266, 0.3411511124588042, -0.9371105320559558], [0.777746502026063, 0.6078540261171621, 0.16007454988029918]], "T": [0.04414437018631856, -0.008662598502235004, -0.1662992096910071], "aligned_model": [[0.0023179082744166912, -0.345133252840254, 0.55526623825053, 0.4539264201776825, 0.6681217980669318, -0.536405048103168, -0.15900792406447609, 0.35525275834151626, 0.20758704174694723, -0.4592678387121769, 0.12480761454457973, -0.5361815907811749, -0.05407823859000173], [-0.6353261681503981, 0.10355671361084537, -0.365809146331895, -0.4539336949479585, 0.058863325699415985, -0.3719773503016974, -0.5923578512319654, 0.19772836728778515, 0.6984892218541543, 0.6050037439123801, -0.06462918307431373, -0.07659687201377166, 0.02481844736900584], [-0.4518148304680829, -0.6729722660052994, -0.5669005909557217, 0.039828527292339266, -0.13545856616330973, -0.21931104926532885, 0.39240367430670997, -0.7036422366104581, 0.168885270692532, 0.09942773307539643, 0.5934088898950022, 0.34726219826516314, -0.10404643868797865]], "inverted": false, "swapped": true, "error_lsq": 0.03826595028754592, "error_max": 0.2360937759194975, "target": "628.xyz", "model": "4.xyz", "model_rescale": 3.8936222436046832, "target_rescale": 4.223347193315681},
{"mapping": [10, 13, 12, 11, 4, 1, 6, 0, 5, 9, 2, 14], "R": [[-0.13474694104233464, 0.8464800353874337, -0.5150871883188541], [-0.4611558290639969, 0.4065275242143128, 0.7887145702828617], [0.8770282567853966, 0.3438123350705593, 0.335580862167821]], "T": [-0.11793488624847437, -0.05984105505909525, 0.017395770295189655], "aligned_model": [[0.04737944851011941, -0.5412607579701197, -0.27998642929538387, 0.3802604320029076, -0.6933731404635654, -0.6416487493761684, -0.2466223355723968, 0.061946648823711176, 0.563814641827426, 0.4429683754369542, 0.15072764836661062, -0.2166577400749975], [-0.5660622003074859, -0.5840524075430186, -0.03624336379081848, 0.02257800335421413, 0.470446827065745, 0.26130255839821115, -0.3095914359929318, 0.3213108479753558, 0.16491496503609837, -0.4450588950682708, 0.4921045817777025, -0.12272657579499402], [-0.6233313464500616, -0.3713667156655748, -0.730920780716862, -0.3746308174021814, -0.14628506996308085, 0.5429981473361093, 0.6021282864127078, 0.517884580032741, 0.20174055517001568, 0.13128430754665127, -0.11689936255784925, -0.013317064467096573]], "inverted": true, "swapped": true, "error_lsq": 0.0433907853946588, "error_max": 0.2829478685214503, "target": "628.xyz", "model": "5.xyz", "model_rescale": 3.6523030999806103, "target_rescale": 4.223347193315681},
{"mapping": [8, 3, 1, 6, 0, 13, 4, 7, 12, 11, 2, 9, 14], "R": [[0.8227279161501888, 0.564366132649814, -0.06789436136425792], [-0.29239621644502406, 0.522598990867882, 0.8008712426804363], [0.48746613071658895, -0.6390470742142271, 0.5949753006154404]], "T": [0.10300237207803056, 0.015357921317303708, -0.10777965677227717], "aligned_model": [[0.17721398140063588, -0.20983060687803565, 0.2964563868581932, 0.6241751202273972, 0.5445516722607133, -0.3075054114448287, -0.3822916700396142, 0.3010061314734931, -0.6350212207766446, -0.06358339648104686, -0.021273597034657518, 0.5084754479683187, 0.04871006713037019], [-0.4624327980187306, -0.11034289704446407, 0.3943860720678535, -0.1257821500794222, 0.4970339426923923, -0.6017740944190263, 0.4632081329331831, -0.6408370190767776, -0.11643504827312925, 0.05527589443011835, 0.5485063277035757, -0.3010423306727912, -0.058937128079598625], [0.5473885909068559, 0.6583507965665968, 0.5796652462939026, 0.2518121599140608, -0.07393272988565423, 0.1283771577655889, 0.3428262913142337, -0.06252258491724615, -0.265091460881382, -0.7236790470261748, -0.41627112586968373, -0.5676256281764396, -0.029187926522868682]], "inverted": true, "swapped": true, "error_lsq": 0.04923011865103273, "error_max": 0.2621118087020836, "target": "628.xyz", "model": "6.xyz", "model_rescale": 4.08911054899281, "target_rescale": 4.223347193315681},
{"mapping": [2, 7, 1, 12, 13, 0, 6, 4, 5, 3, 8, 9, 11, 10, 14], "R": [[-0.015768885595496884, -0.5459999675708688, 0.8376367814629959], [-0.20155823229107603, 0.8222790836281038, 0.5321948774870189], [-0.979349590923881, -0.16044046883606553, -0.12301721309187065]], "T": [-0.015132778238827867, 0.14376571409236757, 0.007441612659179916], "aligned_model": [[-0.1715219470268351, -0.5838599859258725, 0.46058547949749473, 0.10661851760400953, 0.21134138590920765, -0.10123771518335789, -0.3767800971148632, -0.5014521532165382, -0.5485214258852784, -0.24974124279074472, 0.11427802938427215, 0.5355421704248912, 0.5188400535434953, 0.1616829468685098, 0.12953238117636118], [-0.40469292411511515, 0.1782769010643884, -0.3530194289345986, 0.747293646501112, 0.24808373686409751, -0.7872328296826191, -0.1999907947938683, 0.2566731500635743, 0.6874292109238281, -0.37252786334413834, 0.25701752059324084, -0.2191520303498012, 0.3839628452687335, 0.7824544485004423, 0.08439621527817112], [-0.5625365389858146, -0.5166264227596294, -0.24720072431444584, -0.3516302113178809, -0.6808328423731633, 0.10983221001324245, -0.006183577306393424, 0.5050306661219263, 0.028124512799328028, 0.5595749720246326, 0.6674233127688189, 0.43124005483542194, -0.033903472298615456, 0.29043948967765076, 0.06140471809210128]], "inverted": false, "swapped": false, "error_lsq": 0.0498248501794707, "error_max": 0.34568937736737776, "target": "628.xyz", "model": "7.xyz", "model_rescale": 3.964800864290218, "target_rescale": 4.223347193315681},
{"mapping": [0, 2, 5, 1, 9, 4, 6, 11, 12, 13, 3, 7, 10, 14], "R": [[-0.6461982356023112, 0.32523676619808994, -0.6903976290642002], [0.7480113365617673, 0.09051044365869443, -0.6574852849788996], [-0.15135019220185547, -0.9412910843632352, -0.301768477178691]], "T": [0.011002741976519261, -0.009211307818926085, 0.012983831350639165], "aligned_model": [[-0.24704767471253045, 0.23301436546902493, 0.34823243947568333, -0.762608720731502, 0.37956723617552285, -0.35039359213969434, -0.4543211047767658, 0.6284475578455325, 0.4057457260043432, 0.03390362019486354, -0.5856472592642572, 0.036413114871541835, 0.6274860502184154, -0.03160386916930505], [-0.03426712923650836, -0.4436765722767472, 0.10537590022323595, -0.19421166297036185, 0.5387826852628046, -0.7049375047817866, 0.4295741208469576, -0.10355677794158376, -0.4287772048511999, 0.10967641494647677, -0.20859986380477247, 0.5857839552556695, 0.1623791188114137, -0.0025970133023956636], [-0.5877701755264836, -0.38300796054764324, -0.6369596971108835, -0.13181762930571034, -0.18661238432024305, 0.16945615592329505, -0.09559283754484191, -0.12316738385800965, 0.5178973375712216, 0.7814107084084331, 0.5651378132740096, 0.355300119240287, 0.5464863819105186, 0.12605459061107221]], "inverted": true, "swapped": true, "error_lsq": 0.04443434296896503, "error_max": 0.2560570791409752, "target": "628.xyz", "model": "8.xyz", "model_rescale": 4.121658175737393, "target_rescale": 4.223347193315681},
{"mapping": [9, 11, 2, 0, 10, 7, 12, 3, 4, 13, 6, 1, 14], "R": [[0.35978719584125307, 0.10592219030717506, -0.9270025152658532], [-0.7676089608768019, -0.5311953341466163, -0.35861957582165127], [-0.5304051818094582, 0.8406021690320549, -0.10981045728108302]], "T": [-0.04662841449133327, 0.05614212357545811, -0.12565549092979114], "aligned_model": [[-0.6711816052893547, -0.21861591473992442, 0.2908749830933533, 0.16511751778276512, -0.5384927960841207, -0.6293239466813941, 0.08816353255957281, 0.32482124175967586, 0.7113884856843967, -0.25884706478696845, -0.2170705771565733, 0.47777635530920304, -0.04787271501543421], [0.2021190220880277, -0.23416128973280126, 0.048356779650036576, 0.6289582897068988, -0.6159377379362185, 0.02360902670108666, -0.697111676119969, -0.08030061467681784, -0.11978181902625931, -0.46763818752118447, 0.5700057670538511, 0.5311586689782613, 0.001111210246798465], [-0.37982061267670963, -0.6686292930222969, -0.6556456524193712, -0.36053522292697904, -0.14797152052158463, 0.23663307562996674, -0.1607988887489616, 0.6119281124954759, 0.05761203286441066, 0.40890604566493227, 0.2317538722552321, 0.26553015381148404, -0.017886668446509962]], "inverted": false, "swapped": true, "error_lsq": 0.03935192678341285, "error_max": 0.2304617543689068, "target": "628.xyz", "model": "9.xyz", "model_rescale": 3.833441315466971, "target_rescale": 4.223347193315681},
{"mapping": [7, 11, 9, 10, 8, 3, 12, 1, 12, 4, 5, 2, 13, 0, 14], "R": [[0.5062187051531947, 0.10352653913904471, -0.8561687206660349], [-0.5477091065594403, 0.8054420859010989, -0.22644597777648096], [0.6661511518753704, 0.5835625947172922, 0.4644322780577796]], "T": [-0.10457454431602141, 0.08285504425895564, 0.043740998357668405], "aligned_model": [[-0.2538568588272986, -0.3802449400102232, 0.4294345859642472, 0.013877996147097407, 0.3089427372590213, 0.1519721732882532, -0.637175106512084, -0.4123002935512457, -0.637175106512084, -0.22443080701847862, 0.22875001639508646, 0.5654690216199706, 0.5740600307645448, 0.03196859734270251, -0.0539856490847583], [-0.4092972126000471, 0.09544421196812947, -0.3691895780361304, 0.7214351551991208, 0.15866254986858513, -0.744452169408028, 0.3583725861083079, 0.48949982177039875, 0.3583725861083079, -0.45708202275738774, 0.11208084922899053, -0.15572280512161313, 0.4235333828979789, 0.7002640399923525, 0.007050408618481094], [-0.3798329897773, -0.5801054786202521, -0.3666247345734799, -0.46018219131447735, -0.6126247855683167, 0.10752505317293054, -0.014968307484771674, 0.5781133601936019, -0.014968307484771674, 0.618210336132129, 0.6315128852471411, 0.14753157818241555, 0.2868046206914704, 0.2966936898972332, 0.017071418283627068]], "inverted": true, "swapped": false, "error_lsq": 0.049914156722530516, "error_max": 0.35268750638871593, "target": "628.xyz", "model": "10.xyz", "model_rescale": 4.2482417240324, "target_rescale": 4.223347193315681},
{"mapping": [4, 12, 11, 10, 1, 6, 0, 7, 13, 8, 3, 14], "R": [[-0.11163014795578674, -0.19894586600993286, 0.9736319902637377], [-0.9748027199416003, -0.168486244692456, -0.1461918005357753], [0.19312785211312022, -0.9654185246549766, -0.17512482688408598]], "T": [0.04392848912016228, 0.0491734584361564, 0.19399490019777577], "aligned_model": [[-0.6982759793795844, 0.040430876995750424, 0.3722047911008367, 0.6288331839441323, -0.6205275264640233, 0.05029255795863378, -0.20005429142608838, 0.53279089386561, 0.21621557308028805, -0.024712979267180822, -0.4510790594930168, 0.03064756144764918], [-0.21234447161570658, -0.6665386305846286, -0.38172613008125933, -0.4432157743278627, 0.5029538503042875, 0.6862456460925306, 0.41779691297115995, 0.29783151042099587, -0.15837381548220775, 0.45095459191444964, 0.12988482667187418, 0.04266287376700669], [0.05304548015423366, -0.07902375574826137, 0.5334599734415362, -0.13700246646378927, 0.11494523886005774, 0.0717396175398977, 0.6763975744055587, -0.2195606746600931, -0.5356487772379165, -0.5109143399228011, -0.4761351184150773, 0.07388953790101149]], "inverted": false, "swapped": true, "error_lsq": 0.05037097142340948, "error_max": 0.28422188118481073, "target": "628.xyz", "model": "11.xyz", "model_rescale": 3.6694154284099745, "target_rescale": 4.223347193315681},
{"mapping": [10, 11, 2, 5, 9, 13, 7, 3, 0, 1, 4, 6, 12, 14], "R": [[0.701195669872654, 0.6764477719658711, -0.22526216804925067], [-0.4254727477964554, 0.6505360765920853, 0.629107108475743], [0.5720992688636946, -0.3452842667347955, 0.7439631722814246]], "T": [0.08191026723205713, 0.08766151040795273, -0.019286657353848054], "aligned_model": [[-0.20005275819799623, 0.056657884677020154, 0.013108118254424261, 0.5784703138574703, 0.5901561330842038, -0.35122108879079583, 0.28554326606429103, -0.3907562057406325, 0.48898321625153124, 0.10389556471059022, -0.5061991285943848, 0.51328498719546, -0.5973655905760453, 0.013760138060673652], [-0.3892640012519713, 0.28382878167437525, 0.6838050457665616, 0.5076653767188617, -0.11464831166662198, -0.5580957409390617, -0.564006934621972, -0.21665958932434254, 0.5342903365746361, 0.2786314398521858, 0.4215866827146773, -0.1518193740966849, 0.018109740374504593, -0.0024361636388936514], [-0.6415075376883176, -0.6271986909887783, -0.20566765365763923, -0.37468159216657926, -0.43968257536961597, -0.042382262885246526, -0.0948335343593914, 0.6008714785904105, 0.231586805437216, 0.7660250147805084, 0.4070314840039825, 0.4019170756882382, -0.3664783543166792, 0.024095802584307463]], "inverted": true, "swapped": true, "error_lsq": 0.03402248776158606, "error_max": 0.19430856465049173, "target": "628.xyz", "model": "12.xyz", "model_rescale": 3.9764082729961374, "target_rescale": 4.223347193315681},
{"mapping": [8, 2, 3, 0, 7, 11, 1, 12, 9, 13, 6, 14, 4, 5, 15], "R": [[-0.10014256325409543, -0.9943692247349105, -0.034659946984850254], [-0.4885883260672401, 0.018800062976028542, 0.8723118738518407], [-0.866748472543051, 0.10428999248341381, -0.48771988150176726]], "T": [-0.07395399709636985, 0.09021552137414149, 0.07553729986894374], "aligned_model": [[-0.19518383790102029, -0.36194892440866416, 0.4425206200358992, -0.07051671029445497, 0.2917086325455216, -0.04163729323273896, -0.6665267765020968, -0.5942606511683685, -0.4160219776922556, -0.09147178612827123, 0.44671609096584197, 0.44459895676522654, 0.4783100619475218, 0.009412219213429843, 0.029607773119181086], [-0.4188398203873177, 0.15523267018565315, -0.44241178514413704, 0.6692504928746222, 0.25367722574271157, -0.7012531240627468, 0.044761082949160536, 0.09510012878145177, 0.5845644388407383, -0.1765766227601334, 0.17833962418755803, -0.4261920118281505, 0.5364038790226081, 0.8536689524360047, 0.08324667299942418], [-0.39966667882983775, -0.6654695868122311, -0.321961844183935, -0.3624291604235542, -0.565247228199025, 0.13101443652088524, -0.14832420507515542, 0.44495665681595886, 0.06515602016561677, 0.6259876837207211, 0.627620271531583, 0.3968379896727569, -0.03301720425942935, 0.41171112159332285, 0.04698787473950314]], "inverted": true, "swapped": false, "error_lsq": 0.04027456653401807, "error_max": 0.2898427718647122, "target": "628.xyz", "model": "13.xyz", "model_rescale": 4.170626492500431, "target_rescale": 4.223347193315681},
{"mapping": [1, 4, 0, 2, 6, 9, 5, 3, 8, 12, 13, 11, 7, 14], "R": [[-0.5767975485819391, 0.8114239335727378, -0.0943174849919723], [-0.615954689345275, -0.3561731230230213, 0.7026667254891138], [0.5365672452017841, 0.463391741900277, 0.7052401611615687]], "T": [-0.09891632622028282, 0.04489717381960023, 0.08568071545177916], "aligned_model": [[0.2953687131286543, 0.050158100864042265, -0.31455065397592474, -0.6399253175757709, 0.2871417412933227, -0.3246945773622691, -0.7228289384053611, 0.6185726828790697, 0.7096469650980587, -0.17291913429479494, 0.41816371638337246, -0.6483617871921988, 0.2811982152180976, 0.006213296033345167], [-0.2574212791356199, -0.7267077333515303, 0.09863316453019833, -0.23924133458942154, 0.39299688243017, 0.6862106195487336, 0.36343600376886476, -0.38610296494141993, 0.14064424767058237, -0.384956527801641, -0.0032431201728951864, 0.10956797631774673, 0.5441646832444511, 0.01809385040744688], [-0.5521359905037668, -0.06104529529316291, -0.5297357845829072, -0.06072046469581688, -0.3024347173360884, 0.20280072990813378, -0.15628364862325397, 0.07734751665517178, 0.09541051453846124, 0.7153985838303517, 0.6648606079442815, 0.4059988299888456, 0.365127276543906, 0.13928494274671083]], "inverted": false, "swapped": true, "error_lsq": 0.03805386241700519, "error_max": 0.22763542137488302, "target": "628.xyz", "model": "14.xyz", "model_rescale": 3.9786697098870705, "target_rescale": 4.223347193315681},
{"mapping": [11, 12, 0, 9, 2, 1, 13, 3, 6, 7, 4, 14], "R": [[0.8245635623811693, 0.561864261405693, 0.06635874733831887], [-0.0462477843175762, -0.049959665106155654, 0.9976798957121449], [0.5638759385174994, -0.8257194339589666, -0.015209942258057142]], "T": [0.07815953778312666, -0.04893526136249146, -0.11136432091649208], "aligned_model": [[-0.13343801970453273, -0.6800946420873236, 0.5694167252084068, 0.4086629533187564, -0.014066001003735867, 0.3665485793379499, -0.37440991747008784, -0.18202930020304203, 0.6093378895492736, 0.20876225098175855, -0.31831522001847384, 0.022979298858387197], [-0.3665965606726578, -0.14855456753894017, 0.29111712991879213, -0.6293635841984767, 0.20098438339781283, 0.6377370202622747, -0.33686678016439897, 0.3560833606968, -0.012933557542988972, -0.564224544146846, 0.6399918785574379, -0.05269968834436988], [-0.6241938192537178, -0.1552027367359933, -0.37811127123852345, -0.28412515709487224, -0.6804806072722347, 0.2032469122061391, 0.4520315744222513, 0.5733857972763956, 0.2593124435728799, 0.32368208745755855, -0.025848228172950877, -0.0037305012931019843]], "inverted": true, "swapped": true, "error_lsq": 0.05812106756658416, "error_max": 0.3368659192409607, "target": "628.xyz", "model": "15.xyz", "model_rescale": 3.769337070930944, "target_rescale": 4.223347193315681},
{"mapping": [6, 9, 1, 0, 8, 7, 3, 10, 4, 2, 14], "R": [[-0.14710934558339267, -0.9710305929295038, -0.18830408396262205], [0.09818646030075204, -0.2037709918232017, 0.9740825436814877], [-0.9842348599067374, 0.12480773408072471, 0.12531867401947855]], "T": [-0.08667013876157692, -0.040153996662239046, 0.11455334361369532], "aligned_model": [[-0.1847946094909188, -0.3589557994195597, -0.14655783821950746, -0.6580111677944711, 0.44475864557476186, 0.20688075608620943, 0.5306042707298777, 0.374494237734489, 0.15308819707298665, -0.46787854104690096, 0.028997979464203932], [0.08896019292359669, -0.633292900960069, 0.705706336054507, 0.2518178303493545, 0.14064377420309013, -0.44892617000593477, 0.49062285470539824, -0.6975893544614652, 0.6387688202701087, 0.08242857005043833, -0.02307545550368294], [-0.5135779659760245, -0.10910400895129471, -0.19167062210570315, -0.013684986437681318, -0.4753045888054348, -0.35297063814590934, -0.08004695811219176, 0.33642286263861654, 0.4619804422354058, 0.5988181416345693, 0.08335592924942498]], "inverted": true, "swapped": true, "error_lsq": 0.04198812531981327, "error_max": 0.212791064364303, "target": "628.xyz", "model": "16.xyz", "model_rescale": 3.7852294659196426, "target_rescale": 4.223347193315681},
{"mapping": [0, 9, 11, 5, 6, 7, 13, 10, 2, 4, 3, 12, 14], "R": [[0.8831478244985813, -0.17248966992950224, -0.43623071172377925], [0.03829016740377236, 0.9533454621408299, -0.29944330497721783], [0.4675294463064489, 0.24774935637272485, 0.8485496292222903]], "T": [-0.013504715627781345, 0.04863399781753725, -0.08702255489897827], "aligned_model": [[0.022141514838135073, -0.3721162294278416, 0.29728733247979133, 0.0937407309146205, -0.5564761354582998, -0.6145385629890798, -0.24003717922473058, -0.058198541184416766, 0.5271168526464897, 0.49201332108543505, -0.11052349989609399, 0.4250272636308099, -0.051671017198535785], [-0.30487622204995785, -0.46582275262900225, -0.33642983935470583, -0.6813102918462122, 0.05252972225671614, 0.12884346562027899, 0.6248789854115948, 0.12542224192858742, -0.24700323055110202, 0.5705763614438882, 0.8531849729861185, 0.395620968861002, 0.15944124162566803], [-0.6364614133919195, 0.20056723323332143, 0.3177125015444505, -0.15745291408090362, -0.44200803118433557, 0.2357316033814319, 0.38389502116049556, 0.7413650010368931, -0.21025272716280435, -0.4204195006257905, -0.2965604365503814, 0.4365086850946578, -0.05687032531194123]], "inverted": false, "swapped": true, "error_lsq": 0.035749891295637035, "error_max": 0.20581552927673313, "target": "628.xyz", "model": "17.xyz", "model_rescale": 3.901054581598922, "target_rescale": 4.223347193315681},
{"mapping": [1, 4, 7, 10, 6, 0, 8, 5, 10, 2, 13, 3, 12, 9, 14], "R": [[-0.8938095924957821, -0.44140342756950646, 0.07916707960014413], [-0.026640848870455508, -0.12395988599375252, -0.9919295397536447], [0.44765464091639395, -0.8887052159148765, 0.09903717318111926]], "T": [-0.015213836561651456, 0.07934883380726267, -0.0018096895546201447], "aligned_model": [[-0.0833623783456748, -0.609577318118479, 0.49934675402277995, -0.3171791135001424, 0.2724342662186703, 0.11907164686675784, -0.6440917605672375, -0.3591786524848306, -0.3171791135001424, -0.25692921115535905, 0.16498542442641254, 0.44494338482546636, 0.6989751981237475, 0.06641248425634833, 0.02663478619643478], [-0.40010242637972515, 0.16008765775591421, -0.21210837191359494, 0.7869852355773103, 0.15551603690703047, -0.6664376098963806, -0.12149248583596682, 0.3170153604192017, 0.7869852355773103, -0.3493281335948221, 0.1999837351833995, -0.3348180088691163, 0.19377174034073374, 0.6610880697989577, 0.11182576876719502], [-0.5029761437329267, -0.5173552879344756, -0.30173821378670296, -0.28557269373638583, -0.691144783256501, 0.03389056013296844, 0.06596621443981723, 0.46218263207448845, -0.28557269373638583, 0.6626809704941752, 0.6913552584988023, 0.445545926868759, 0.16794461899977692, 0.29669697099386716, 0.012252810657902529]], "inverted": true, "swapped": false, "error_lsq": 0.050449341895599936, "error_max": 0.3837865867942509, "target": "628.xyz", "model": "18.xyz", "model_rescale": 3.9405287249114394, "target_rescale": 4.223347193315681},
{"mapping": [6, 8, 1, 7, 4, 2, 5, 11, 9, 10, 14, 3, 12, 13, 15], "R": [[0.5166849740348284, 0.6870112581951302, -0.5109326459718274], [0.50442179984525, -0.7264575116670537, -0.46670990088425496], [-0.6918058148407741, -0.016583571860626478, -0.721893135925835]], "T": [0.07819548450693663, 0.1522919126802515, -0.035303246306753605], "aligned_model": [[-0.19872332467756532, -0.3682253890049067, 0.38016886713918, -0.1967246035175878, 0.42161577467838357, -0.31555043187055615, -0.6948498062615196, -0.37454613350472704, -0.582905823385783, -0.05207745149410904, 0.32486352292068205, 0.6364082343020113, 0.6133136474832608, 0.05116555099078772, 0.06137376346720106], [-0.4063336853522788, 0.06550401054676724, -0.4028064978523051, 0.6944241909774951, 0.525313561557688, -0.6049598929907327, -0.13909688625807187, 0.2698006760087715, 0.5413419178270547, -0.27062536171421475, 0.2727300741323183, -0.3439611281529466, 0.24909857804797378, 0.7176273487236065, 0.12091489833632145], [-0.44705179813766815, -0.6398265455038552, -0.22555900781033728, -0.390461080192155, -0.5621641220447381, 0.12858433454405102, -0.12887775690051487, 0.5128116319450584, -0.01091060080974271, 0.6143689618959287, 0.6888434861773102, 0.37403773662067163, 0.03115037212459046, 0.3266291684059236, -0.017418633337344225]], "inverted": true, "swapped": false, "error_lsq": 0.04095672681852112, "error_max": 0.3720785547174733, "target": "628.xyz", "model": "19.xyz", "model_rescale": 4.410303926677745, "target_rescale": 4.223347193315681},
{"mapping": [0, 2, 5, 1, 9, 4, 6, 11, 12, 13, 3, 7, 10, 14], "R": [[-0.6461982356023112, 0.32523676619808994, -0.6903976290642002], [0.7480113365617673, 0.09051044365869443, -0.6574852849788996], [-0.15135019220185547, -0.9412910843632352, -0.301768477178691]], "T": [0.011002741976519261, -0.009211307818926085, 0.012983831350639165], "aligned_model": [[-0.24704767471253045, 0.23301436546902493, 0.34823243947568333, -0.762608720731502, 0.37956723617552285, -0.35039359213969434, -0.4543211047767658, 0.6284475578455325, 0.4057457260043432, 0.03390362019486354, -0.5856472592642572, 0.036413114871541835, 0.6274860502184154, -0.03160386916930505], [-0.03426712923650836, -0.4436765722767472, 0.10537590022323595, -0.19421166297036185, 0.5387826852628046, -0.7049375047817866, 0.4295741208469576, -0.10355677794158376, -0.4287772048511999, 0.10967641494647677, -0.20859986380477247, 0.5857839552556695, 0.1623791188114137, -0.0025970133023956636], [-0.5877701755264836, -0.38300796054764324, -0.6369596971108835, -0.13181762930571034, -0.18661238432024305, 0.16945615592329505, -0.09559283754484191, -0.12316738385800965, 0.5178973375712216, 0.7814107084084331, 0.5651378132740096, 0.355300119240287, 0.5464863819105186, 0.12605459061107221]], "inverted": true, "swapped": true, "error_lsq": 0.04443434296896503, "error_max": 0.2560570791409752, "target": "628.xyz", "model": "20.xyz", "model_rescale": 4.121658175737393, "target_rescale": 4.223347193315681},
{"mapping": [8, 3, 1, 6, 0, 13, 4, 7, 12, 11, 2, 9, 14], "R": [[0.8227279161501888, 0.564366132649814, -0.06789436136425792], [-0.29239621644502406, 0.522598990867882, 0.8008712426804363], [0.48746613071658895, -0.6390470742142271, 0.5949753006154404]], "T": [0.10300237207803056, 0.015357921317303708, -0.10777965677227717], "aligned_model": [[0.17721398140063588, -0.20983060687803565, 0.2964563868581932, 0.6241751202273972, 0.5445516722607133, -0.3075054114448287, -0.3822916700396142, 0.3010061314734931, -0.6350212207766446, -0.06358339648104686, -0.021273597034657518, 0.5084754479683187, 0.04871006713037019], [-0.4624327980187306, -0.11034289704446407, 0.3943860720678535, -0.1257821500794222, 0.4970339426923923, -0.6017740944190263, 0.4632081329331831, -0.6408370190767776, -0.11643504827312925, 0.05527589443011835, 0.5485063277035757, -0.3010423306727912, -0.058937128079598625], [0.5473885909068559, 0.6583507965665968, 0.5796652462939026, 0.2518121599140608, -0.07393272988565423, 0.1283771577655889, 0.3428262913142337, -0.06252258491724615, -0.265091460881382, -0.7236790470261748, -0.41627112586968373, -0.5676256281764396, -0.029187926522868682]], "inverted": true, "swapped": true, "error_lsq": 0.04923011865103273, "error_max": 0.2621118087020836, "target": "628.xyz", "model": "21.xyz", "model_rescale": 4.08911054899281, "target_rescale": 4.223347193315681},
{"mapping": [12, 3, 7, 2, 4, 10, 14, 11, 15, 5, 8, 6, 0, 1, 16], "R": [[-0.20709693422998876, -0.44015275402507487, -0.8737141483097788], [-0.5894467034793875, -0.6566362608155712, 0.4705118539839655], [-0.7808094797002807, 0.612449486983447, -0.123459233368306]], "T": [-0.05469021767937555, 0.05835618022474133, 0.02029970747005192], "aligned_model": [[-0.27753089863407066, -0.311950843765685, 0.40828942800138845, -0.14345831814556342, 0.2199163701738313, 0.031795360476572436, -0.5886522909670174, -0.35797833201978013, -0.6106088741500268, -0.24234817259501307, 0.18547451980131235, 0.5754431681889228, 0.6780598955947588, 0.158842600949134, -0.01998721564401179], [-0.5102258897278797, 0.1801150956061492, -0.43449130825691484, 0.7204522677519717, 0.40423062977628155, -0.7171329741990922, -0.0048779358888656615, 0.35949194842444065, 0.5253355145485795, -0.32562215803311634, 0.1910755548122377, -0.16737328414392633, 0.25626087516960033, 0.7509414341730025, 0.060792033824979], [-0.39446042402057935, -0.8002309501444584, -0.20003501242690822, -0.2535667282134977, -0.5193800799250265, 0.22590181192663603, -0.3299980755614106, 0.6553009665783046, 0.08657011260314601, 0.58161439786554, 0.6570637803730459, 0.3482360633096531, -0.13458864391506734, 0.3439164293000991, -0.012187500772296862]], "inverted": false, "swapped": false, "error_lsq": 0.04300687799342032, "error_max": 0.31313357539549047, "target": "628.xyz", "model": "22.xyz", "model_rescale": 4.204369325754507, "target_rescale": 4.223347193315681},
{"mapping": [6, 8, 1, 7, 4, 2, 5, 11, 9, 10, 14, 3, 12, 13, 15], "R": [[0.5166849740348284, 0.6870112581951302, -0.5109326459718274], [0.50442179984525, -0.7264575116670537, -0.46670990088425496], [-0.6918058148407741, -0.016583571860626478, -0.721893135925835]], "T": [0.07819548450693663, 0.1522919126802515, -0.035303246306753605], "aligned_model": [[-0.19872332467756532, -0.3682253890049067, 0.38016886713918, -0.1967246035175878, 0.42161577467838357, -0.31555043187055615, -0.6948498062615196, -0.37454613350472704, -0.582905823385783, -0.05207745149410904, 0.32486352292068205, 0.6364082343020113, 0.6133136474832608, 0.05116555099078772, 0.06137376346720106], [-0.4063336853522788, 0.06550401054676724, -0.4028064978523051, 0.6944241909774951, 0.525313561557688, -0.6049598929907327, -0.13909688625807187, 0.2698006760087715, 0.5413419178270547, -0.27062536171421475, 0.2727300741323183, -0.3439611281529466, 0.24909857804797378, 0.7176273487236065, 0.12091489833632145], [-0.44705179813766815, -0.6398265455038552, -0.22555900781033728, -0.390461080192155, -0.5621641220447381, 0.12858433454405102, -0.12887775690051487, 0.5128116319450584, -0.01091060080974271, 0.6143689618959287, 0.6888434861773102, 0.37403773662067163, 0.03115037212459046, 0.3266291684059236, -0.017418633337344225]], "inverted": true, "swapped": false, "error_lsq": 0.04095672681852112, "error_max": 0.3720785547174733, "target": "628.xyz", "model": "23.xyz", "model_rescale": 4.410303926677745, "target_rescale": 4.223347193315681},
{"mapping": [12, 0, 5, 3, 2, 6, 7, 11, 1, 14, 9, 15, 8, 10, 16], "R": [[-0.4907484008322909, -0.6124112413944507, 0.6197729249444969], [0.5127626804390399, -0.7780913868147872, -0.36283360830222466], [0.7044433551603139, 0.13973641321555752, 0.6958687334491547]], "T": [-0.053006368762206935, 0.042701833330746994, 0.09528654603288195], "aligned_model": [[-0.2351209343690463, -0.31850400736973156, 0.3471938995562488, 0.0034555472740716575, 0.20458408988593674, 0.05734326434013634, -0.7053295047957255, -0.3911348904422895, -0.6037240254406149, -0.08764263034124398, 0.2408589523087042, 0.48205182052138734, 0.6604517983775462, 0.11952736894734586, -0.0687043511879738], [-0.4846616451766394, 0.08222717449271526, -0.25075785067361145, 0.7291172963977488, 0.276359424528202, -0.7094010234430743, 0.023309802157828727, 0.24681657596954837, 0.6848717943914231, -0.34564063444135346, 0.17354076178763483, -0.3185649441815574, 0.4130655843863014, 0.6339553185475094, 0.13473416909477148], [-0.4834170752743629, -0.6106416106417372, -0.29113704606500035, -0.4834161831244002, -0.7484819274642152, 0.08739091010963837, -0.031320610181456376, 0.5899862137856514, -0.04846029151253978, 0.6485861458186932, 0.6328219695172581, 0.39944643882150316, 0.26708527390971226, 0.30608353805747845, 0.019630401220956523]], "inverted": false, "swapped": false, "error_lsq": 0.03172659109966234, "error_max": 0.18944331109684515, "target": "628.xyz", "model": "24.xyz", "model_rescale": 4.28219845311461, "target_rescale": 4.223347193315681},
{"mapping": [9, 5, 3, 8, 1, 7, 11, 14, 10, 13, 2, 4, 0, 6, 15], "R": [[0.12420718739361239, 0.019976928514047254, -0.9920551884481595], [-0.8448372175178674, 0.5264903736035307, -0.09517332819378921], [0.520406236027621, 0.8499463564425462, 0.08227114119546775]], "T": [-0.06555850056564658, 0.000326654318667588, 0.05245331807721955], "aligned_model": [[-0.3665568629362538, -0.3163182133760615, 0.36605999317551274, -0.1078009802699422, 0.3070409734685501, 0.11336637150982362, -0.5951573253337615, -0.49689852627898545, -0.5315431435315658, -0.14597731137919817, 0.15145710415252236, 0.61479574137487, 0.6150900168667751, 0.09956057869973445, -0.001812018877268326], [-0.5026213816846093, 0.165120055586027, -0.36837166661519993, 0.5724506746217377, 0.17828504877870716, -0.7544691847149115, 0.07664100603987878, 0.3755444729134593, 0.6414067334118996, -0.3608239138212377, 0.1954154074787517, -0.2434421841526176, 0.4176648865119415, 0.8627469298280336, 0.0334249196555869], [-0.28417250209932143, -0.7445682514201907, -0.47462577357884705, -0.33848879429941947, -0.43680922967941826, 0.11422011563543043, -0.04843412303512827, 0.5557444820382127, 0.012710852909357792, 0.5172323396956253, 0.671827704121049, 0.163554316675871, 0.22008555752609693, 0.2553426795871913, 0.07053677290066995]], "inverted": false, "swapped": false, "error_lsq": 0.04188532231456567, "error_max": 0.26842951541577453, "target": "628.xyz", "model": "25.xyz", "model_rescale": 4.100010024507729, "target_rescale": 4.223347193315681},
{"mapping": [4, 12, 11, 10, 1, 6, 0, 7, 13, 8, 3, 14], "R": [[-0.11163014795578674, -0.19894586600993286, 0.9736319902637377], [-0.9748027199416003, -0.168486244692456, -0.1461918005357753], [0.19312785211312022, -0.9654185246549766, -0.17512482688408598]], "T": [0.04392848912016228, 0.0491734584361564, 0.19399490019777577], "aligned_model": [[-0.6982759793795844, 0.040430876995750424, 0.3722047911008367, 0.6288331839441323, -0.6205275264640233, 0.05029255795863378, -0.20005429142608838, 0.53279089386561, 0.21621557308028805, -0.024712979267180822, -0.4510790594930168, 0.03064756144764918], [-0.21234447161570658, -0.6665386305846286, -0.38172613008125933, -0.4432157743278627, 0.5029538503042875, 0.6862456460925306, 0.41779691297115995, 0.29783151042099587, -0.15837381548220775, 0.45095459191444964, 0.12988482667187418, 0.04266287376700669], [0.05304548015423366, -0.07902375574826137, 0.5334599734415362, -0.13700246646378927, 0.11494523886005774, 0.0717396175398977, 0.6763975744055587, -0.2195606746600931, -0.5356487772379165, -0.5109143399228011, -0.4761351184150773, 0.07388953790101149]], "inverted": false, "swapped": true, "error_lsq": 0.05037097142340948, "error_max": 0.28422188118481073, "target": "628.xyz", "model": "26.xyz", "model_rescale": 3.6694154284099745, "target_rescale": 4.223347193315681},
