[{"mapping": [10, 13, 8, 2, 5, 12, 6, 11, 7, 3, 9, 14], "R": [[-0.8017818378655508, 0.4010495273682213, -0.4430633826741563], [-0.10568562129320469, -0.8248519608581106, -0.5553825637525895], [-0.5881976146847323, -0.39847022381384567, 0.703736489613076]], "T": [-0.06961618550933893, -0.034135693468251495, -0.024833802833406075], "aligned_model": [[-0.14955059671718057, 0.1295101556256247, 0.5244995165003605, -0.23173460619519642, -0.19217864905431978, -0.5280706160692591, 0.3219250389669952, -0.23959966451933953, 0.5395518161388031, 0.21227840030660658, -0.4650096747550585, -0.08397865776748734], [-0.4245697774777763, -0.6504300216190058, -0.41420077080795986, 0.736499345071479, 0.42628650420213954, -0.608784325718334, -0.22797237010981056, -0.536105185178996, 0.0366342981600419, 0.41265642615422027, 0.2853031489199711, 0.018237764381087797], [-0.570688960896783, 0.0017323012103679994, -0.49440208888936676, 0.07103004070843136, -0.7123532371470804, 0.03903401043797023, 0.5071071708962884, 0.48722851290603353, -0.04791799856241959, 0.549874630761936, 0.4412616240999151, -0.08995426017173055]], "inverted": false, "swapped": true, "error_lsq": 0.04063295434733387, "error_max": 0.211113395679227, "target": "630.xyz", "model": "0.xyz", "model_rescale": 3.751011558992144, "target_rescale": 4.2238457415382005},
{"mapping": [10, 5, 13, 2, 12, 9, 8, 8, 4, 3, 6, 0, 7, 1, 14], "R": [[0.8963951102017392, 0.13121486102855062, 0.4233892613797264], [0.09479870860619058, -0.9898308471258636, 0.10605705504441529], [0.43300001299423846, -0.05493227032768363, -0.8997185306659167]], "T": [0.058534564908106435, 0.047624937174846824, -0.08963193272892082], "aligned_model": [[0.22750222387434726, -0.26762810707156354, 0.036430164379329354, -0.5552890249547273, 0.645380964977754, 0.29610384991685024, -0.5752173793778712, -0.5752173793778712, -0.22665170674833607, 0.10177340202763385, 0.5561983660132912, -0.1854080514200282, 0.44720969948807593, -0.05465504151215679, 0.10343555867556672], [0.41055184539692474, -0.26463027811114687, -0.6656088813241822, -0.4785087873258991, -0.3699241324850296, -0.26890784110500243, 0.2141838325320915, 0.2141838325320915, 0.7415332396261333, -0.5293045446177558, 0.5856444306849086, -0.02292352143394552, 0.14616500211658143, 0.5467686353412939, 0.018934130309567424], [-0.805304859169968, -0.5211416532792235, -0.22495049733532047, 0.08398260139476722, 0.09268422461506766, -0.6164691527781198, -0.19467887286041846, -0.19467887286041846, -0.34009955170925904, 0.4090550086640186, 0.07343710462292148, 0.625224299968531, 0.438476502308587, 0.383368311472903, -0.10245966844030883]], "inverted": false, "swapped": false, "error_lsq": 0.050579665330395554, "error_max": 0.5158596093901217, "target": "630.xyz", "model": "1.xyz", "model_rescale": 3.9405287249114394, "target_rescale": 4.2238457415382005},
{"mapping": [6, 9, 1, 10, 4, 7, 13, 12, 5, 0, 0, 8, 14], "R": [[-0.7828485335564626, 0.11699555337963363, -0.611113912456499], [0.622137389717685, 0.16242479775133906, -0.7658741759523573], [0.009656180599059427, -0.9797602898489151, -0.19994132292102207]], "T": [0.013788054873848363, 0.1500721078112049, -0.09172146955863367], "aligned_model": [[-0.284614147381105, 0.29111263603299725, -0.4304796822108985, 0.2076433324019632, 0.5633565716874023, -0.5855125082201038, 0.026659580013769182, 0.6353516453954987, -0.031422304467084064, -0.23682645388352774, -0.23682645388352774, -0.4317143015249119, 0.00925536532345976], [0.7465359710136037, 0.49263651211787624, -0.13051536583155227, -0.29865763830485065, -0.13446799552762628, 0.1691946715447447, 0.3336704372614827, 0.2984021799789229, -0.6320171946867879, -0.6481371036149242, -0.6481371036149242, -0.1634319623855493, 0.07375718562160141], [0.07864687489370586, -0.6221579294285278, -0.41652327073680595, 0.37502030483167426, -0.5088270686322279, 0.0390458377893558, 0.5298102945470247, 0.2772466939020265, -0.38495427206085964, 0.1584836370716052, 0.1584836370716052, 0.5572470613197671, -0.12840145097969913]], "inverted": true, "swapped": true, "error_lsq": 0.053639524466321815, "error_max": 0.33047556951643065, "target": "630.xyz", "model": "2.xyz", "model_rescale": 3.932901565614263, "target_rescale": 4.2238457415382005},
{"mapping": [13, 12, 11, 10, 6, 3, 9, 7, 0, 1, 4, 5, 2, 14], "R": [[-0.7598463063401826, 0.5545086420485014, -0.3393431252209305], [-0.6493340352988409, -0.6219718573553559, 0.4376257753611556], [0.03160540054650371, 0.5528753698180593, 0.8326643526084441]], "T": [0.016853028419026077, -0.09718108027319244, -0.03300307046179356], "aligned_model": [[-0.29458564685554967, 0.3594703565574127, 0.09565742137658798, 0.014703497088318772, -0.39736711378859807, -0.1683155383922093, 0.47134508545165826, -0.5682773568883643, -0.22325145859788512, -0.17711691510209857, 0.7296825740119948, 0.21523254475201783, 0.32263248772128944, 0.03999997471812887], [0.07120037738305807, 0.0729414311136404, -0.39425660626825887, 0.5530759335259261, -0.5606331179722266, -0.8091874293391297, -0.611867357499851, -0.1465780059264064, 0.660321413739686, -0.10360525821105923, 0.019209281992895885, 0.40110713926344166, -0.4354924503874866, -0.05273871306374114], [-0.5759850156399235, -0.6639961850024584, -0.7027877884499459, -0.21725109122729935, -0.3287601832257565, 0.22802777076116287, 0.03147280488082822, 0.1453485540487522, 0.32905766956353405, 0.5534555841562843, 0.15486131775628859, 0.6089062283549019, 0.616146342670212, 0.03540035441051732]], "inverted": true, "swapped": true, "error_lsq": 0.048701365061950254, "error_max": 0.4217478507790341, "target": "630.xyz", "model": "3.xyz", "model_rescale": 3.9243930471874484, "target_rescale": 4.2238457415382005},
{"mapping": [3, 9, 6, 7, 13, 2, 1, 11, 12, 4, 10, 5, 14], "R": [[-0.4340472082344615, 0.8350673547405915, 0.338031853632792], [0.7702218060412388, 0.14935150304251188, 0.6200423356816168], [0.46729154766852177, 0.5294871495942973, -0.7080126890756012]], "T": [0.06610834022857154, -0.05714184643411612, -0.04109841411109995], "aligned_model": [[-0.06253137394013597, -0.33526142386094554, 0.5212165267680835, 0.3283929459063199, 0.6884719248855704, -0.6450882366512363, -0.23071082088230238, 0.4746101939285838, 0.30927687497472434, -0.5439036392910046, 0.2602363637730044, -0.4920013582478369, 0.0044979089485276125], [-0.5808489226924307, 0.06109416081216568, -0.31717996936674625, -0.6012856863515009, 0.11340451428158166, -0.35254879090475844, -0.5629608519826669, 0.320882616915218, 0.6350510772477193, 0.3713544483141804, 0.26532264319780485, -0.1554807912819886, -0.068974894506991], [-0.6055098434162278, -0.5893179791008677, -0.48729915410909475, 0.06725837221973664, 0.020165473034376866, -0.2315840766749389, 0.1529244759084124, -0.5241090864344201, -0.1199567246001055, -0.0058561654760665854, 0.5202545061067003, 0.5741544985432181, 0.01594601937024122]], "inverted": false, "swapped": true, "error_lsq": 0.04629640937451508, "error_max": 0.24079979721944123, "target": "630.xyz", "model": "4.xyz", "model_rescale": 3.8936222436046832, "target_rescale": 4.2238457415382005},
{"mapping": [3, 1, 9, 6, 4, 5, 0, 10, 13, 7, 12, 14], "R": [[-0.5542716826671424, 0.6759821290916155, 0.48562440521672834], [0.7422419853694324, 0.13740908229546978, 0.6558929632627266], [0.37664271790143267, 0.7239937190690839, -0.5779042808288745]], "T": [-0.03909355179567461, 0.0063579825966372065, -0.09302263766987129], "aligned_model": [[-0.012532408404452501, -0.3617297448328543, -0.29678475147078603, 0.5177498678815633, -0.6496111701031693, -0.7282674951445561, -0.2780444276463833, 0.003567390299775243, 0.5448766635518559, 0.20210159407749007, 0.19870738520449507, -0.11248486119788115], [-0.49333373285468674, -0.5118320911428966, 0.14327722889610475, -0.22690775764481855, 0.4240850795129537, -0.1273994345103577, -0.18554171511150044, 0.30610238346085017, 0.18286626097602257, -0.538288498517857, 0.7047921057213269, -0.008896923675333911], [-0.6921722304142549, 0.0017628941823255584, -0.7178990238257056, -0.4237050950215309, -0.19170402445215584, 0.36177551460722446, 0.7246723895491877, 0.5112285318002242, 0.12606495161614084, 0.05466635398603015, -0.08201795521803107, -0.053387587533935944]], "inverted": false, "swapped": true, "error_lsq": 0.04511486156416783, "error_max": 0.2564140327574128, "target": "630.xyz", "model": "5.xyz", "model_rescale": 3.6523030999806103, "target_rescale": 4.2238457415382005},
{"mapping": [2, 9, 3, 1, 7, 4, 11, 5, 12, 10, 13, 0, 14], "R": [[0.4943313253194422, -0.013530600621553868, 0.8691682596912662], [0.7579293008774589, -0.48289593623540755, -0.4385825915819458], [0.42565210639597517, 0.8755732051714177, -0.22845534948107535]], "T": [0.04172461824360249, 0.05649825631516372, 0.029010814082480803], "aligned_model": [[0.2865406315046347, -0.25415836113333257, 0.3100471290272312, 0.6020237350848223, 0.5656617975136621, -0.2962368690298498, -0.5220457342754943, 0.41078735315616144, -0.6408616990216437, -0.04757575136070552, -0.1330747187547523, 0.5208704235023778, 0.0791049684511831], [-0.4209748666087213, -0.10101688377487722, 0.29962168733004485, -0.1629517024207409, 0.37355458333218583, -0.597737066329232, 0.5231154018191952, -0.6629783975772214, 0.13693025546938165, -0.07947250255376054, 0.5385389811013701, -0.28755878429680237, -0.01824380132763901], [0.613335345473821, 0.631724988073628, 0.720582622944741, 0.16867461721690302, -0.010889608428111285, 0.15035281663544683, 0.11565374851620708, -0.1850900321080977, -0.23947983009959012, -0.6269796845964544, -0.36754648059405987, -0.6148775479006573, 0.014648784348013408]], "inverted": true, "swapped": true, "error_lsq": 0.05342520834578075, "error_max": 0.3064144971284601, "target": "630.xyz", "model": "6.xyz", "model_rescale": 4.08911054899281, "target_rescale": 4.2238457415382005},
{"mapping": [2, 13, 12, 11, 5, 7, 9, 1, 0, 10, 6, 8, 4, 3, 14], "R": [[0.02750735322963982, 0.7439187209920675, -0.6677037382520984], [-0.08567823696579019, -0.6637438772951624, -0.7430365435586724], [-0.9959430632464559, 0.07764664777510627, 0.04547980717367717]], "T": [0.0090202842331517, -0.03873750998014866, -0.051913414196627844], "aligned_model": [[0.05908233753058757, -0.139411773446262, 0.06583057446900446, -0.4438498157238479, 0.6592564550397159, 0.6006351345176706, -0.6410945881923107, -0.5587441873898196, -0.1478885482096075, -0.01972956608013383, 0.27299230868849955, -0.12991418416589479, 0.4751555587264191, 0.07071339375719542, -0.14906556063092224], [0.3478377444781511, -0.3876580105712861, -0.7290479480003939, -0.41042637378107105, -0.39727348192503364, -0.07121473782895851, 0.27358459714676864, 0.2254695571420661, 0.8725866176567625, -0.5948372580139024, 0.36857425344597183, 0.009139505683756974, 0.12294654613535708, 0.6545677591519404, -0.006091808583498573], [-0.7577412308427276, -0.6781058214261542, -0.2199789017150735, -0.01603690309990443, 0.11880890004401756, -0.550136319261754, 0.25527197275857494, -0.4337303720452297, -0.2237393022116822, 0.40547199751404617, -0.16835594995193007, 0.6140850678938168, 0.45150059193885805, 0.32487989823965924, -0.01574870322075763]], "inverted": false, "swapped": false, "error_lsq": 0.047433891815181393, "error_max": 0.24922989645467353, "target": "630.xyz", "model": "7.xyz", "model_rescale": 3.964800864290218, "target_rescale": 4.2238457415382005},
{"mapping": [12, 13, 11, 10, 9, 0, 4, 6, 7, 1, 5, 2, 3, 14], "R": [[0.931417625141475, 0.09546421719046384, -0.3512090414724922], [-0.2180767078186953, 0.9189626662415473, -0.32855770811409374], [0.2913824927526947, 0.38261495173403576, 0.8767565463837651]], "T": [0.03724447908069929, -0.03384068335656019, 0.023684760293935417], "aligned_model": [[-0.15275819691837061, 0.180488175196314, 0.37880938728296276, -0.4547004609975427, 0.20120528843592583, -0.5298068121311568, -0.4792459147252579, 0.7003288326660597, 0.3535580874181, 0.02310619405712773, -0.6114920445057513, 0.013694752613491526, 0.6638822408048277, -0.025881639735857317], [-0.005501666585871874, -0.4990638015406107, 0.046163560679006586, -0.45055163855633623, 0.6337164652300881, -0.5749593338741031, 0.5029723818997687, -0.161146439372048, -0.42526999107023, -0.04928614935717255, -0.017554758299246416, 0.5485909826813352, 0.2883982781648546, -0.02555942381823226], [-0.6887592699713491, -0.40436249218982784, -0.6243957157012923, -0.17911635751314248, -0.032050674923080794, 0.4086413965351008, -0.021427454632130583, -0.11029572979315404, 0.3749050960988053, 0.6410670641420678, 0.5514809536743315, 0.5618012776292274, 0.3596381894677884, 0.07968875590167729]], "inverted": true, "swapped": true, "error_lsq": 0.04808302632868573, "error_max": 0.40964366327516044, "target": "630.xyz", "model": "8.xyz", "model_rescale": 4.121658175737393, "target_rescale": 4.2238457415382005},
{"mapping": [1, 5, 4, 9, 0, 7, 10, 13, 12, 8, 3, 11, 14], "R": [[-0.5053878301068568, -0.11421782533649544, -0.8552996139104033], [0.5215024883710999, 0.7492669103493275, -0.40820858844262936], [0.6874723963932182, -0.6523445297011197, -0.3191054978629973]], "T": [-0.011036501467105695, 0.0887189645697494, -0.036778408723941794], "aligned_model": [[-0.5937610415874414, -0.3853743328487787, 0.2786888109088369, 0.20278510266756264, -0.4253545704723895, -0.510865352980091, 0.14963993614644872, 0.23255304124171644, 0.7018169558362108, -0.3347371610971174, -0.34844574274938894, 0.5597080867104496, -0.049916235340821014], [0.11770944671055658, -0.311647276579195, 0.10377605715844516, 0.6723536177269404, -0.6611154777781613, 0.06119474445192927, -0.5677502239428813, -0.17529530777352462, -0.08183338773723228, -0.5376453739420971, 0.7833335424786474, 0.3324236847447297, 0.054883393893552714], [-0.2397341302865486, -0.6686575040274452, -0.7243816614727215, -0.3355643615593291, -0.2060031685955509, 0.3182433688357328, -0.040952682946002086, 0.5027921197620113, 0.04826544203696108, 0.43311828636228833, 0.0774281207236079, 0.36063094367681825, -0.10410933855073326]], "inverted": true, "swapped": true, "error_lsq": 0.048491027272445406, "error_max": 0.32067631775271377, "target": "630.xyz", "model": "9.xyz", "model_rescale": 3.833441315466971, "target_rescale": 4.2238457415382005},
{"mapping": [3, 7, 11, 12, 8, 9, 1, 6, 4, 10, 2, 0, 13, 5, 14], "R": [[-0.2811884001110696, 0.24563511901971824, 0.9276833899273751], [-0.9418611786913097, -0.2559185107714816, -0.21772284197741848], [0.18393097541521902, -0.9349701086926128, 0.30331549933053237]], "T": [-0.0819454750943474, -0.018842287575141312, -0.05607057612070425], "aligned_model": [[0.24443386435738085, 0.0156832942072595, -0.09356108906821822, -0.5835841244174887, 0.5380212553747047, 0.627479041757663, -0.6267262998437023, -0.6901572119139804, -0.3368481542566672, 0.13039957691947357, 0.5222483378240396, -0.1429319549679287, 0.39406549705073873, -0.009769634165716815, -0.014784859967263406], [0.4154829493496532, -0.2612920730394541, -0.6583800392520324, -0.33807189798878257, -0.4912401007183263, -0.0475793235821028, 0.20676203013331004, 0.18848655206992726, 0.6413551576299602, -0.6529700935226128, 0.37025278716146565, 0.02481280081613561, 0.28726397670241255, 0.5922820198484536, 0.000992216528623361], [-0.7336840095006121, -0.6689332864521277, -0.2931225171286781, 0.04124940461902882, -0.062467577433069035, -0.44824549141175274, 0.3888175870512798, -0.2758950594959427, -0.4235981772485207, 0.4219939050210803, -0.07039238377512645, 0.6208325515377853, 0.5055334220685762, 0.22455894892840222, -0.12020239216656377]], "inverted": false, "swapped": false, "error_lsq": 0.043026651945356, "error_max": 0.3127200905194497, "target": "630.xyz", "model": "10.xyz", "model_rescale": 4.2482417240324, "target_rescale": 4.2238457415382005},
{"mapping": [3, 6, 11, 13, 2, 4, 9, 10, 7, 5, 1, 14], "R": [[-0.4889547283771777, -0.8087129703554073, -0.326965755357552], [-0.8618260421268914, 0.38992356166973746, 0.32436937149904316], [-0.13483006604425504, 0.44038954078601894, -0.887624867642171]], "T": [0.09836723854895923, 0.04882087496994528, -0.04454910186811339], "aligned_model": [[-0.5820638802842184, -0.012349608702840839, 0.39198409860785277, 0.6008222672801138, -0.5974058813326836, 0.06343196992787112, -0.28218770769147383, 0.6741699513053853, -0.08607258042262811, -0.029027095907760647, -0.3435321502016214, 0.07899621978501067], [-0.2992695690108884, -0.6147293903261518, -0.3346302560347937, -0.35980917944250934, 0.423809504500961, 0.7308345615869652, 0.18798296975181822, 0.2612164852857518, -0.33737598667766133, 0.7227951155928038, 0.16711217321943012, 0.11819496160491391], [0.11427178670562754, 0.10133171376049441, 0.5120745937876383, -0.07168172544751145, 0.023523762197080807, 0.25645349634774584, 0.5135135976919359, -0.32761354388938146, -0.4843909635306688, -0.523321006497043, -0.45967734905026586, -0.08929207222129582]], "inverted": true, "swapped": true, "error_lsq": 0.045818695513827536, "error_max": 0.27928659213694246, "target": "630.xyz", "model": "11.xyz", "model_rescale": 3.6694154284099745, "target_rescale": 4.2238457415382005},
{"mapping": [13, 8, 7, 0, 10, 11, 12, 9, 5, 2, 3, 4, 6, 14], "R": [[-0.8861455646694275, -0.13736452169011604, 0.4425799661050501], [0.4276946884294506, 0.12522276308440644, 0.8952075251553363], [-0.17839083974783254, 0.9825732785835124, -0.05221551979738265]], "T": [0.017901659689898666, 0.03919344443074857, 0.008671825947237345], "aligned_model": [[-0.12107404288401545, 0.14695906247813362, -0.2386636295356433, 0.6536753088821509, 0.5238560724401994, -0.37793686310383384, 0.14947752621838967, -0.201704733653576, 0.702201813060318, 0.03722685853125808, -0.604231960747814, 0.4856823797121404, -0.6415252921021424, 0.08432235096024468], [-0.23019546173692124, 0.35760192991456846, 0.5123898717149148, 0.5007282386477927, -0.08867464972979944, -0.5703147063301229, -0.6688512061400002, -0.1802335353698431, 0.47785641945220525, 0.39352571650235274, 0.3331888817160054, -0.19972137889872388, 0.009184426069825363, 0.08450274232399976], [-0.5642951258541083, -0.7658457844495209, -0.2860930288262411, -0.37254421950320105, -0.42079996631640215, -0.11334148059619892, -0.15208008590578484, 0.6245021312348625, 0.2061591029535997, 0.7181968777302871, 0.3773098333355302, 0.5388289828622264, -0.18650486650254763, 0.03560308948991475]], "inverted": true, "swapped": true, "error_lsq": 0.051876592823230025, "error_max": 0.29949140337073854, "target": "630.xyz", "model": "12.xyz", "model_rescale": 3.9764082729961374, "target_rescale": 4.2238457415382005},
{"mapping": [6, 13, 11, 10, 3, 14, 1, 12, 5, 8, 4, 2, 7, 0, 15], "R": [[-0.16416807686396295, 0.9863526582708497, -0.012540975273715615], [0.5730315722448819, 0.08501136855880548, -0.815112191312532], [-0.8029219512190128, -0.14100177565473043, -0.5791673674447364]], "T": [-0.060669872458803925, 0.09345691631353963, -0.09862755046654877], "aligned_model": [[0.2947528781486185, -0.19244224372609878, 0.026043305692280277, -0.5589023127076428, 0.5838265500034412, 0.40378870086877194, -0.5716224091740431, -0.655460882477873, -0.13182572341235438, -0.013416612503821049, 0.45976593638818575, -0.15778752820488534, 0.43846028758898514, 0.0018460647129448504, 0.046941527693784665], [0.2896622996549262, -0.12281642508287781, -0.6809495813653149, -0.5306263278241165, -0.41070362299202906, -0.3295390766055435, -0.039077614834050214, 0.07249325259002976, 0.8886452539723534, -0.4668802527624128, 0.5878954879187166, 0.058165633480542364, 0.23891247065478816, 0.6272190967278725, 0.09575636860374666], [-0.7458036637446465, -0.6557114132365287, -0.2513367507038599, -0.006804683877821141, 0.09857782307610237, -0.5927537116966347, 0.2544796309086621, -0.32883987453294433, -0.35443266840050763, 0.3296740057110155, -0.07537266801061061, 0.6923099946054413, 0.4497750971974998, 0.38952982770276284, -0.09684602038417109]], "inverted": false, "swapped": false, "error_lsq": 0.03583328636484011, "error_max": 0.21219959718279555, "target": "630.xyz", "model": "13.xyz", "model_rescale": 4.170626492500431, "target_rescale": 4.2238457415382005},
{"mapping": [6, 11, 3, 9, 7, 5, 2, 13, 8, 12, 10, 4, 0, 14], "R": [[0.3194393317571558, -0.9376984970359148, 0.13667495009374975], [-0.07336278419892689, 0.119326736427772, 0.9901409151570697], [-0.9447626237426647, -0.3263168071523198, -0.030674519536454115]], "T": [-0.04466615458208794, 0.004727353421268614, 0.051106351516937265], "aligned_model": [[0.20526537567479122, 0.02641646364661738, -0.307995307216018, -0.662021463957582, 0.3368602392525169, -0.24136066736306594, -0.6955433890897827, 0.4948800439829611, 0.7515744885597178, 0.0011867672625434852, 0.3130239178550826, -0.6448097412943895, 0.33672745576395374, -0.07102116098570219], [-0.35775875896144954, -0.727815090071176, -0.013401407509500536, -0.24464961348233039, 0.26829969913146023, 0.7350116547381474, 0.37817853674258073, -0.3423396084049962, 0.2836523628595558, -0.559818816620624, 0.10603438330036768, 0.06630455381341584, 0.6857788747976529, 0.07859769759256219], [-0.478021644077215, 0.013631042138692602, -0.6835409412126474, -0.12863146513898294, -0.3508814037989484, 0.4084426609354101, -0.2062720872166715, 0.14389740793587885, 0.12933027992905838, 0.5240394804773849, 0.6155360064898687, 0.49042585891357415, 0.4425854848142274, 0.08333242093123643]], "inverted": true, "swapped": true, "error_lsq": 0.0420229404454182, "error_max": 0.27853562008521504, "target": "630.xyz", "model": "14.xyz", "model_rescale": 3.9786697098870705, "target_rescale": 4.2238457415382005},
{"mapping": [4, 12, 2, 5, 9, 3, 10, 13, 1, 0, 11, 14], "R": [[-0.4357286167447113, -0.48476366573179863, -0.7583829909326881], [-0.7655773926428866, -0.24347435077806256, 0.5954926501539046], [-0.47332000636341187, 0.8400740615561644, -0.2650353611816164]], "T": [0.02271742475755083, 0.08830220119127792, 0.06223703744284918], "aligned_model": [[-0.06295177128446329, -0.70602284659309, 0.6032669597558562, 0.4196961418219126, 0.06631666482590613, 0.5001140953406222, -0.309088104429829, -0.41614771614348306, 0.6219305446903143, 0.23880882106951923, -0.5391333183807477, 0.0665651260948191], [-0.25521576427764137, 0.0624870361231767, 0.10228601985033019, -0.629596552268551, 0.4233145274959835, 0.6929461936978203, -0.44025617833543823, 0.1944125636495428, -0.05606411385174144, -0.6636731853422648, 0.5648537797371801, 0.019180163746042464], [-0.5947423397897041, -0.050686862522037204, -0.47824174260164515, -0.10123286228061514, -0.539001667117793, -0.06376137745449538, 0.321692752100804, 0.5273324422895791, 0.10348466294486935, 0.45003298775273265, 0.0449771311431431, 0.04011336940899164]], "inverted": false, "swapped": true, "error_lsq": 0.057879490437019974, "error_max": 0.33795600180390073, "target": "630.xyz", "model": "15.xyz", "model_rescale": 3.769337070930944, "target_rescale": 4.2238457415382005},
{"mapping": [12, 4, 13, 10, 11, 9, 6, 2, 7, 0, 14], "R": [[-0.8291196051404097, -0.4835675195695436, 0.2805764323480693], [-0.4832469907942425, 0.8722425044070649, 0.07526858171907605], [-0.2811281313922904, -0.07318105986558984, -0.9568759095184853]], "T": [0.027589380841050372, 0.038031840835356226, 0.05158325553356148], "aligned_model": [[-0.26523120977867276, -0.26318645773107685, -0.08387817030343037, -0.6083803781096848, 0.2522006090762305, 0.4053548282724714, 0.5661235498407425, 0.3103891227242148, 0.24181919827373763, -0.6153513471746623, -0.017233614398698895], [0.12277091476289394, -0.6269925633697957, 0.6156195795088795, 0.26469999609181505, 0.2695770015022001, -0.4719839094206976, 0.44580467383043204, -0.6243851952774655, 0.4168167476095609, 0.192737275698882, -0.008600023311362254], [-0.6203959138444771, -0.12207635224419207, -0.22070913456302366, 0.020758740473741558, -0.6109967046731848, -0.21823026078850982, -0.0808578736497401, 0.38411685941103857, 0.4843123922488163, 0.6218828445842514, 0.10641301026905658]], "inverted": false, "swapped": true, "error_lsq": 0.03700082126061804, "error_max": 0.16822151435480434, "target": "630.xyz", "model": "16.xyz", "model_rescale": 3.7852294659196426, "target_rescale": 4.2238457415382005},
{"mapping": [1, 10, 4, 5, 8, 13, 11, 12, 2, 3, 6, 9, 14], "R": [[-0.03264796095375866, 0.9994522503501831, 0.005413863270969821], [0.7373084279002423, 0.027741096315031855, -0.6749864544733571], [-0.6747669173817246, -0.018045244392776605, -0.7378102576963604]], "T": [-0.036270627232400154, 0.06800627477891824, -0.008711297818780137], "aligned_model": [[0.18171631519709494, -0.5288564710223049, 0.41000991978477574, 0.13715438588584777, -0.777893958551934, -0.6186522936466781, -0.18554981959951986, -0.29112714608574425, 0.7035076605814891, 0.4278248007067677, -0.16263026494426583, 0.5697171896717828, -0.011454467761028188], [-0.17260326893931183, -0.3494967760945795, -0.3475494128101781, -0.7249644002596753, -0.09278379289241295, 0.31729770058031087, 0.6287896520468801, 0.15542952307878516, -0.10058225321062653, 0.553346431027709, 0.7203962995261817, 0.2980536549097233, -0.010277733259930949], [-0.5342473127884076, 0.19087960038302743, 0.4215361306751827, -0.21073704739198382, -0.3856180425687443, 0.1286245539282773, 0.4455059359485917, 0.6782282508124174, -0.24035027242990095, -0.40675389078221724, -0.1883188833377613, 0.22682872220126446, -0.02982304750657179]], "inverted": true, "swapped": true, "error_lsq": 0.047077726911926715, "error_max": 0.23635112090900184, "target": "630.xyz", "model": "17.xyz", "model_rescale": 3.901054581598922, "target_rescale": 4.2238457415382005},
{"mapping": [10, 5, 13, 2, 12, 9, 8, 8, 4, 3, 6, 0, 7, 1, 14], "R": [[0.8963951102017392, 0.13121486102855062, 0.4233892613797264], [0.09479870860619058, -0.9898308471258636, 0.10605705504441529], [0.43300001299423846, -0.05493227032768363, -0.8997185306659167]], "T": [0.058534564908106435, 0.047624937174846824, -0.08963193272892082], "aligned_model": [[0.22750222387434726, -0.26762810707156354, 0.036430164379329354, -0.5552890249547273, 0.645380964977754, 0.29610384991685024, -0.5752173793778712, -0.5752173793778712, -0.22665170674833607, 0.10177340202763385, 0.5561983660132912, -0.1854080514200282, 0.44720969948807593, -0.05465504151215679, 0.10343555867556672], [0.41055184539692474, -0.26463027811114687, -0.6656088813241822, -0.4785087873258991, -0.3699241324850296, -0.26890784110500243, 0.2141838325320915, 0.2141838325320915, 0.7415332396261333, -0.5293045446177558, 0.5856444306849086, -0.02292352143394552, 0.14616500211658143, 0.5467686353412939, 0.018934130309567424], [-0.805304859169968, -0.5211416532792235, -0.22495049733532047, 0.08398260139476722, 0.09268422461506766, -0.6164691527781198, -0.19467887286041846, -0.19467887286041846, -0.34009955170925904, 0.4090550086640186, 0.07343710462292148, 0.625224299968531, 0.438476502308587, 0.383368311472903, -0.10245966844030883]], "inverted": false, "swapped": false, "error_lsq": 0.050579665330395554, "error_max": 0.5158596093901217, "target": "630.xyz", "model": "18.xyz", "model_rescale": 3.9405287249114394, "target_rescale": 4.2238457415382005},
{"mapping": [1, 12, 14, 13, 10, 3, 7, 4, 0, 11, 6, 9, 5, 8, 15], "R": [[0.8098088889313808, -0.5019938586079962, -0.30366384264113166], [-0.42305485943136173, -0.14102905572021823, -0.8950616690229642], [0.40649003594089916, 0.853295359979485, -0.3265775242086444]], "T": [-0.04065315591656518, -0.000341241072271653, -0.11130968320552692], "aligned_model": [[0.33484252190505115, -0.22948898822103536, 0.03366702508686356, -0.43127643531609594, 0.5922013806316349, 0.4218872730721618, -0.5919283703718563, -0.6357456521067842, -0.12656983252580653, 0.13773224651459662, 0.3967686948344695, -0.23728520352390872, 0.37159223296642574, -0.06027965226897922, -0.002149701786442436], [0.30618282612714576, -0.16848512902151005, -0.7538082706887747, -0.5105777052311047, -0.46355596023290635, -0.31252575409189076, 0.20659096547923902, 0.3323638629386213, 0.6408911324120095, -0.48803190739055513, 0.5978337302843396, -0.04888244923540282, 0.286770820126923, 0.658552034795893, -0.005161234135395553], [-0.5591549870150573, -0.5973217443651084, -0.27410682093431793, 0.08465472582278366, -0.058099754904283374, -0.7547580309814714, 0.274566266758109, -0.375577092015757, -0.34393303936756325, 0.38823977789448993, -0.01574670020333635, 0.6289534024068397, 0.5511728044253004, 0.2598326172569836, -0.10227650016385154]], "inverted": false, "swapped": false, "error_lsq": 0.037826717820687465, "error_max": 0.2437575739405019, "target": "630.xyz", "model": "19.xyz", "model_rescale": 4.410303926677745, "target_rescale": 4.2238457415382005},
{"mapping": [12, 13, 11, 10, 9, 0, 4, 6, 7, 1, 5, 2, 3, 14], "R": [[0.931417625141475, 0.09546421719046384, -0.3512090414724922], [-0.2180767078186953, 0.9189626662415473, -0.32855770811409374], [0.2913824927526947, 0.38261495173403576, 0.8767565463837651]], "T": [0.03724447908069929, -0.03384068335656019, 0.023684760293935417], "aligned_model": [[-0.15275819691837061, 0.180488175196314, 0.37880938728296276, -0.4547004609975427, 0.20120528843592583, -0.5298068121311568, -0.4792459147252579, 0.7003288326660597, 0.3535580874181, 0.02310619405712773, -0.6114920445057513, 0.013694752613491526, 0.6638822408048277, -0.025881639735857317], [-0.005501666585871874, -0.4990638015406107, 0.046163560679006586, -0.45055163855633623, 0.6337164652300881, -0.5749593338741031, 0.5029723818997687, -0.161146439372048, -0.42526999107023, -0.04928614935717255, -0.017554758299246416, 0.5485909826813352, 0.2883982781648546, -0.02555942381823226], [-0.6887592699713491, -0.40436249218982784, -0.6243957157012923, -0.17911635751314248, -0.032050674923080794, 0.4086413965351008, -0.021427454632130583, -0.11029572979315404, 0.3749050960988053, 0.6410670641420678, 0.5514809536743315, 0.5618012776292274, 0.3596381894677884, 0.07968875590167729]], "inverted": true, "swapped": true, "error_lsq": 0.04808302632868573, "error_max": 0.40964366327516044, "target": "630.xyz", "model": "20.xyz", "model_rescale": 4.121658175737393, "target_rescale": 4.2238457415382005},
{"mapping": [2, 9, 3, 1, 7, 4, 11, 5, 12, 10, 13, 0, 14], "R": [[0.4943313253194422, -0.013530600621553868, 0.8691682596912662], [0.7579293008774589, -0.48289593623540755, -0.4385825915819458], [0.42565210639597517, 0.8755732051714177, -0.22845534948107535]], "T": [0.04172461824360249, 0.05649825631516372, 0.029010814082480803], "aligned_model": [[0.2865406315046347, -0.25415836113333257, 0.3100471290272312, 0.6020237350848223, 0.5656617975136621, -0.2962368690298498, -0.5220457342754943, 0.41078735315616144, -0.6408616990216437, -0.04757575136070552, -0.1330747187547523, 0.5208704235023778, 0.0791049684511831], [-0.4209748666087213, -0.10101688377487722, 0.29962168733004485, -0.1629517024207409, 0.37355458333218583, -0.597737066329232, 0.5231154018191952, -0.6629783975772214, 0.13693025546938165, -0.07947250255376054, 0.5385389811013701, -0.28755878429680237, -0.01824380132763901], [0.613335345473821, 0.631724988073628, 0.720582622944741, 0.16867461721690302, -0.010889608428111285, 0.15035281663544683, 0.11565374851620708, -0.1850900321080977, -0.23947983009959012, -0.6269796845964544, -0.36754648059405987, -0.6148775479006573, 0.014648784348013408]], "inverted": true, "swapped": true, "error_lsq": 0.05342520834578075, "error_max": 0.3064144971284601, "target": "630.xyz", "model": "21.xyz", "model_rescale": 4.08911054899281, "target_rescale": 4.2238457415382005},
{"mapping": [11, 9, 10, 12, 6, 5, 3, 14, 15, 7, 1, 4, 0, 2, 16], "R": [[0.8155721492607813, -0.04163758041089265, 0.5771554220898182], [0.5209156297613954, 0.48714144199598924, -0.7009565765155192], [-0.251970188753429, 0.8723299418153629, 0.4189886592641461]], "T": [0.037289108481815214, 0.02676269308270464, -0.07056824721735964], "aligned_model": [[0.3592533647050441, -0.282081137800298, 0.10373301245276051, -0.5162786895947181, 0.6494442981195154, 0.2563402626828799, -0.7109468559135007, -0.5808366360041988, -0.1932234846563338, 0.0892215046243785, 0.5404506924927238, -0.11588236181302769, 0.43949257920002216, -0.10134471587244093, 0.03662570626748739], [0.4167382961753595, -0.26743273158745684, -0.735776108084882, -0.46162613679508946, -0.36486253139711133, -0.2738930593953635, 0.1999691160707852, 0.11353473981296104, 0.636279698001667, -0.5839038597799528, 0.6344991077493447, 0.26620858058674157, 0.00012186728706127525, 0.6799852587791461, 0.018314724713420213], [-0.6451559924448318, -0.6353684857578228, -0.3260192083702513, -0.07349225429369159, 0.09514184873980734, -0.670027807399025, 0.33492071677002566, -0.2196110660880335, -0.39746269962289843, 0.29024413540713473, 0.01593754409056472, 0.5662177085895181, 0.5909467055406478, 0.20390355786127518, -0.02372977840865946]], "inverted": true, "swapped": false, "error_lsq": 0.040884411729808015, "error_max": 0.27006348146945625, "target": "630.xyz", "model": "22.xyz", "model_rescale": 4.204369325754507, "target_rescale": 4.2238457415382005},
{"mapping": [1, 12, 14, 13, 10, 3, 7, 4, 0, 11, 6, 9, 5, 8, 15], "R": [[0.8098088889313808, -0.5019938586079962, -0.30366384264113166], [-0.42305485943136173, -0.14102905572021823, -0.8950616690229642], [0.40649003594089916, 0.853295359979485, -0.3265775242086444]], "T": [-0.04065315591656518, -0.000341241072271653, -0.11130968320552692], "aligned_model": [[0.33484252190505115, -0.22948898822103536, 0.03366702508686356, -0.43127643531609594, 0.5922013806316349, 0.4218872730721618, -0.5919283703718563, -0.6357456521067842, -0.12656983252580653, 0.13773224651459662, 0.3967686948344695, -0.23728520352390872, 0.37159223296642574, -0.06027965226897922, -0.002149701786442436], [0.30618282612714576, -0.16848512902151005, -0.7538082706887747, -0.5105777052311047, -0.46355596023290635, -0.31252575409189076, 0.20659096547923902, 0.3323638629386213, 0.6408911324120095, -0.48803190739055513, 0.5978337302843396, -0.04888244923540282, 0.286770820126923, 0.658552034795893, -0.005161234135395553], [-0.5591549870150573, -0.5973217443651084, -0.27410682093431793, 0.08465472582278366, -0.058099754904283374, -0.7547580309814714, 0.274566266758109, -0.375577092015757, -0.34393303936756325, 0.38823977789448993, -0.01574670020333635, 0.6289534024068397, 0.5511728044253004, 0.2598326172569836, -0.10227650016385154]], "inverted": false, "swapped": false, "error_lsq": 0.037826717820687465, "error_max": 0.2437575739405019, "target": "630.xyz", "model": "23.xyz", "model_rescale": 4.410303926677745, "target_rescale": 4.2238457415382005},
{"mapping": [13, 15, 9, 8, 11, 14, 4, 5, 12, 10, 7, 3, 1, 0, 16], "R": [[-0.8023436512266153, -0.5515187187095476, 0.2281923930575306], [0.527201286701489, -0.4756170113990934, 0.7041642292591191], [-0.2798275694720556, 0.6852850220023591, 0.6723696676550693]], "T": [0.027998188961837527, 0.01895993165121977, -0.12642943785491167], "aligned_model": [[0.3719399806577126, -0.3155257497013274, 0.03987615513986326, -0.4876395751889066, 0.5756223889104422, 0.3004714353041442, -0.5658594803713987, -0.5272752341720849, -0.127138840150277, 0.017780480894309635, 0.5349582163212798, -0.2564119772268375, 0.48102843884012697, -0.07897094167960939, 0.011112241312856649], [0.36471349197804, -0.3346981075290994, -0.5965177535963576, -0.594755643091553, -0.29428348216824074, -0.2551539439127687, -0.07891116037722455, 0.2514113217249382, 0.7673809632800551, -0.457100357031266, 0.43298894127933424, 0.18830111498691718, 0.14432300675347468, 0.6894195148620749, 0.05103905497830681], [-0.6327348232454842, -0.6424056831639638, -0.24247303530923808, 0.05571763665967816, -0.07439304731767618, -0.682100116643716, 0.20769432800200383, -0.3087473202522909, -0.37537581038842444, 0.3174693639648387, -0.010229581880930455, 0.7100425614547229, 0.5914723950348354, 0.2043686326604816, -0.011860574961077036]], "inverted": true, "swapped": false, "error_lsq": 0.03974422727005917, "error_max": 0.2135641610483385, "target": "630.xyz", "model": "24.xyz", "model_rescale": 4.28219845311461, "target_rescale": 4.2238457415382005},
{"mapping": [9, 11, 10, 14, 8, 5, 2, 13, 7, 6, 3, 0, 0, 4, 15], "R": [[0.6249681266690781, 0.6754214096395272, 0.3914342346401214], [-0.766891050179431, 0.4374674159477728, 0.469574676849879], [0.14592106702746283, -0.5936566174014509, 0.7913778255757704]], "T": [-0.03506092294063349, 0.06659047531943284, -0.16624805160486958], "aligned_model": [[0.08361006648667194, -0.08248378079984192, -0.0021328486010851813, -0.5534165303241071, 0.4364964320362344, 0.6673962918537061, -0.5066180084596146, -0.5676239198968319, -0.1976610633671734, 0.005823682193277911, 0.5069030079104778, 0.09857421965446819, 0.09857421965446819, 0.012546860560690563, -0.02602109001104659], [0.32337814976845325, -0.28840177690655766, -0.724707553362145, -0.49013690087705797, -0.42918310145696825, -0.20022357177907446, 0.016811618285298632, 0.3179196059871355, 0.7938639220313565, -0.5633625074294681, 0.618307736035155, 0.09278394652528375, 0.09278394652528375, 0.6443159205401606, 0.07400752824977538], [-0.7801299379627242, -0.5763805236923386, -0.2159269259159534, -0.12743158883312414, -0.048824551118900675, -0.5670532493860816, 0.32765072838667786, -0.24452179744505362, -0.3902581714460357, 0.4769352998197681, -0.21016281842169773, 0.6381210942265588, 0.6381210942265588, 0.27941480518298856, -0.0931085330068826]], "inverted": true, "swapped": false, "error_lsq": 0.04765748008864022, "error_max": 0.3463263749736048, "target": "630.xyz", "model": "25.xyz", "model_rescale": 4.100010024507729, "target_rescale": 4.2238457415382005},
{"mapping": [3, 6, 11, 13, 2, 4, 9, 10, 7, 5, 1, 14], "R": [[-0.4889547283771777, -0.8087129703554073, -0.326965755357552], [-0.8618260421268914, 0.38992356166973746, 0.32436937149904316], [-0.13483006604425504, 0.44038954078601894, -0.887624867642171]], "T": [0.09836723854895923, 0.04882087496994528, -0.04454910186811339], "aligned_model": [[-0.5820638802842184, -0.012349608702840839, 0.39198409860785277, 0.6008222672801138, -0.5974058813326836, 0.06343196992787112, -0.28218770769147383, 0.6741699513053853, -0.08607258042262811, -0.029027095907760647, -0.3435321502016214, 0.07899621978501067], [-0.2992695690108884, -0.6147293903261518, -0.3346302560347937, -0.35980917944250934, 0.423809504500961, 0.7308345615869652, 0.18798296975181822, 0.2612164852857518, -0.33737598667766133, 0.7227951155928038, 0.16711217321943012, 0.11819496160491391], [0.11427178670562754, 0.10133171376049441, 0.5120745937876383, -0.07168172544751145, 0.023523762197080807, 0.25645349634774584, 0.5135135976919359, -0.32761354388938146, -0.4843909635306688, -0.523321006497043, -0.45967734905026586, -0.08929207222129582]], "inverted": true, "swapped": true, "error_lsq": 0.045818695513827536, "error_max": 0.27928659213694246, "target": "630.xyz", "model": "26.xyz", "model_rescale": 3.6694154284099745, "target_rescale": 4.2238457415382005},
