[{"mapping": [7, 1, 5, 2, 0, 10, 6, 9, 8, 10, 4, 11], "R": [[-0.9653809616177951, 0.1562350504783861, 0.20887845256971266], [0.13508408249882287, -0.3855857673263477, 0.9127299199055563], [0.2231409635216106, 0.9093482418949124, 0.3511322903996148]], "T": [0.001721884359748918, 0.06518017725400906, -0.09086988664777368], "aligned_model": [[-0.3383703502071112, 0.316018906944777, -0.5039497653573921, 0.6091277711942864, -0.08901080749620487, -0.6339976825024629, 0.32364274572282087, -0.013791447690710681, 0.5725169981400624, -0.6339976825024629, -0.03098551572293888, -0.02227283889748622], [-0.7439242471861728, -0.19646191680242298, -0.06666661121301233, 0.41435061412000385, 0.4098347685597581, -0.12007587128166856, -0.5806167310162978, -0.22864122376494966, 0.056559600258867096, -0.12007587128166856, 0.8648075241535922, 0.08436014631621808], [0.2645040181407668, 0.4876120540650773, 0.5537997493466529, 0.3064817715140899, 0.41486935972523725, -0.24352038535096562, -0.15771148853407926, -0.6226449756279868, -0.3687585593712222, -0.24352038535096562, -0.1998414371263329, -0.02851094237605154]], "inverted": true, "swapped": false, "error_lsq": 0.0636188496639304, "error_max": 0.3645371236120357, "target": "631.xyz", "model": "0.xyz", "model_rescale": 3.751011558992144, "target_rescale": 3.856577344997746},
{"mapping": [11, 5, 12, 2, 3, 6, 10, 1, 8, 7, 0, 14], "R": [[0.9934211157975761, -0.011131669203114213, -0.11397619325214982], [0.10708013465334862, -0.26255351957996903, 0.9589575038127557], [-0.04059964839896639, -0.9648532195608425, -0.25963422974052763]], "T": [0.05650808994332555, -0.08596196724057967, 0.015594695596200718], "aligned_model": [[-0.4769369568526275, 0.5899402828409891, -0.4952559328457402, 0.528994943175852, -0.1920853756635319, -0.4989769553716359, 0.2623278627455078, -0.14705273632902957, 0.629869576082366, -0.5611023213832266, -0.11306067102121667, 0.028268616247470423], [-0.6517891106205371, -0.16346033125176287, -0.05890313275488495, 0.5358535146228854, 0.5082375793628848, -0.38786423833106665, -0.8738485751985136, 0.16075629020089166, 0.06418274496495155, 0.1192275783261495, 0.6276355772941317, -0.10657771575288282], [0.19449973965593756, 0.3310786827518093, 0.5123837722767515, 0.28732945970532203, 0.426123716722094, -0.38939558627730547, -0.08097995041950887, -0.6035810798409493, -0.282954167655733, -0.11141575282600744, -0.17813062086622167, 0.05780056582803063]], "inverted": true, "swapped": false, "error_lsq": 0.04903504004440163, "error_max": 0.3246000073434814, "target": "631.xyz", "model": "1.xyz", "model_rescale": 3.9405287249114394, "target_rescale": 3.856577344997746},
{"mapping": [1, 2, 4, 9, 8, 7, 0, 6, 5, 3, 11, 12], "R": [[0.9758107184300323, -0.1426375099101555, 0.16567432680923963], [0.20253711209900105, 0.8751082550647055, -0.43950456213810013], [-0.08229313470552166, 0.46242846223414574, 0.8828294044129378]], "T": [-0.08241967159721204, -0.0017943626848924803, 0.004343411444648617], "aligned_model": [[-0.15170888884148326, 0.4198871656364254, -0.5331838163463224, 0.28147262111814225, -0.1834735247197592, -0.7822696299875997, 0.3624483907927153, -0.16534348151924994, 0.6416787734335859, -0.5771859764230324, 0.2861575367967383, -0.04354883831498315], [-0.7619984031476331, -0.3083009905711697, -0.10911266723250816, 0.6777700941500204, 0.5097336637262939, -0.26737489602323344, -0.5341184765479087, -0.08684510352877582, 0.016818100690353457, 0.276078943293758, 0.3979610808329824, -0.03716116477993245], [0.21532955695203923, 0.34772535018303646, 0.53064198564036, 0.24131525660582362, 0.5777690535942873, -0.2575475376330852, -0.466457430888142, -0.5259826265917126, -0.05406291088294292, -0.06488380865257856, -0.45604850406596537, 0.07496039479309959]], "inverted": true, "swapped": false, "error_lsq": 0.05546710263870616, "error_max": 0.3417422724736841, "target": "631.xyz", "model": "2.xyz", "model_rescale": 3.932901565614263, "target_rescale": 3.856577344997746},
{"mapping": [10, 6, 1, 4, 0, 11, 12, 8, 5, 3, 7, 13], "R": [[-0.2246883878556627, -0.9467439110457259, 0.23063194761495265], [-0.8724430125368479, 0.09003885825464075, -0.48035007429980725], [0.43400267077341004, -0.3091423149652013, -0.8462107957592503]], "T": [-0.0879145153135392, 0.032041659433509326, -0.008130032137549243], "aligned_model": [[-0.1287785823359561, 0.3692825169384407, -0.46191769129171345, 0.46993362691748186, -0.25543402499778745, -0.7147673749337851, 0.3680070405673658, -0.41149838579275777, 0.6187146019255693, -0.5105865015939375, 0.2200615235679972, -0.008086417345740615], [-0.6654759807023923, -0.3056852027975257, -0.11773690878118744, 0.5748910112528247, 0.5218432827318586, -0.5184817222213385, -0.5609623069325926, 0.09170910269307143, -0.04421619692571614, 0.3028706037547315, 0.5465767047773867, -0.05188220598687328], [0.149808911846709, 0.370820757423998, 0.613526324520973, 0.3885391448557269, 0.41728965808900553, -0.32701590044258966, -0.16179083038076095, -0.6642702614425845, -0.11611019544563571, -0.10132634651131649, -0.3956180886437527, -0.011094394815552812]], "inverted": false, "swapped": false, "error_lsq": 0.04566692963009491, "error_max": 0.2777768877762888, "target": "631.xyz", "model": "3.xyz", "model_rescale": 3.9243930471874484, "target_rescale": 3.856577344997746},
{"mapping": [9, 1, 8, 2, 4, 11, 5, 6, 0, 10, 3, 12], "R": [[0.06436260815877128, 0.49283600682967676, 0.8677385119050437], [-0.9415324754880107, 0.3181598952477015, -0.11086423524920136], [-0.3307174810505472, -0.809868477858072, 0.4844987061896352]], "T": [-0.12807741997085698, -0.0355712154021888, 0.07248988512806931], "aligned_model": [[-0.39646545616441475, 0.4070401891094788, -0.4995121442387167, 0.5480945781791453, -0.1327217976362041, -0.5830818690795243, 0.3684841880788877, -0.12756196805293984, 0.6951594243683534, -0.7554197120078856, 0.05943364070360643, -0.02851874163460888], [-0.6304750420504551, -0.4086918791473214, -0.02827843726336981, 0.5520365236856527, 0.47691285740126343, -0.5454950898057787, -0.3923616096275503, -0.01180874301361514, 0.08153779178807273, 0.25155917202284617, 0.5060615790316062, -0.07754694215910385], [0.34034187941650024, 0.36333419867231126, 0.5807412303415417, 0.29322290077250446, 0.37199910755529914, -0.3263618103579447, -0.3744444319415039, -0.6492798800685708, -0.1060848384974255, -0.07285628357888108, -0.28025207223346993, 0.02239877897385857]], "inverted": true, "swapped": false, "error_lsq": 0.05043867918895989, "error_max": 0.3307990874868206, "target": "631.xyz", "model": "4.xyz", "model_rescale": 3.8936222436046832, "target_rescale": 3.856577344997746},
{"mapping": [5, 7, 6, 8, 9, 1, 4, 2, 10, 1, 3, 11], "R": [[-0.4253327281138954, -0.90464801835308, -0.026533625553946727], [-0.8709714335109805, 0.4011793290499127, 0.2836616081722903], [-0.24596916961891624, 0.1437605955500596, -0.9585572798555513]], "T": [0.04175794600913598, 0.08959139997722676, 0.0352389992218848], "aligned_model": [[-0.21685075235888382, 0.3981446315056175, -0.34345365912998194, 0.4611412904998661, -0.2927049318724486, -0.7042197040160681, 0.1653310841693245, 0.03757270703439694, 0.6181613572383997, -0.7042197040160681, 0.15982997438197155, -0.0238019618109487], [-0.6553996656779922, -0.20384537713653295, -0.180412690277182, 0.6178863609275739, 0.532863095445247, -0.10982285939526432, -0.5893356367669702, -0.005914582428545367, -0.01777610181255003, -0.10982285939526432, 0.5621729550320985, -0.0671424576523712], [0.2230706000486976, 0.4898057331850918, 0.6781374660265188, 0.3367101768310631, 0.3066809472279598, -0.18123286034153138, -0.35771437868679, -0.7050444302992381, -0.2007667773340188, -0.18123286034153138, -0.2697326425073624, 0.024077805245360438]], "inverted": true, "swapped": false, "error_lsq": 0.055766386122500615, "error_max": 0.3592788767637295, "target": "631.xyz", "model": "5.xyz", "model_rescale": 3.6523030999806103, "target_rescale": 3.856577344997746},
{"mapping": [6, 1, 2, 0, 3, 10, 8, 9, 5, 4, 7, 12], "R": [[-0.5477066626635838, -0.7691672092494748, 0.3292403618776013], [0.8142954520427941, -0.5804488807314347, -0.0014190278525435251], [0.19219866923665438, 0.2673217182965112, 0.9442450796645223]], "T": [-0.07710911244651428, -0.05304840831544111, -0.057431720456115824], "aligned_model": [[-0.16869235557365977, 0.2112823723143071, -0.45506435813159263, 0.5349646865180692, -0.04156439258712617, -0.7374155461871049, 0.3139773101306559, -0.19593978951522592, 0.5949181000432554, -0.5831808477427497, 0.09481785568248477, -0.013172703326136515], [-0.6799883884277659, -0.1749197648383341, -0.11853098440642658, 0.5205752663195792, 0.564240812435849, -0.41309129046649945, -0.5136679699476483, -0.1684059935850996, 0.034762042716201036, 0.16277340306544066, 0.5293472193996712, 0.03035582859727963], [0.08811288778198251, 0.5625300444698846, 0.5976053004035745, 0.47500163219750563, 0.2593194338943652, -0.26488672338478775, -0.3550625861001802, -0.76116091047795, -0.12505035952548543, 0.1051842270811707, -0.3706002216587018, -0.04823394562715847]], "inverted": false, "swapped": false, "error_lsq": 0.054350898030962796, "error_max": 0.3092275432612732, "target": "631.xyz", "model": "6.xyz", "model_rescale": 4.08911054899281, "target_rescale": 3.856577344997746},
{"mapping": [8, 6, 9, 2, 1, 10, 4, 12, 7, 11, 13, 14], "R": [[0.41861991424463807, 0.26575136637976443, -0.8684086472767876], [0.892485624716819, -0.29728476177535124, 0.33925091022722653], [-0.1680082648908705, -0.9170594210210485, -0.3616285957234276]], "T": [0.006160051013519331, -0.08501717999418497, 0.01898353278220405], "aligned_model": [[-0.37296578446875817, 0.4415580926547877, -0.5054443292500055, 0.5206364722486176, -0.1610446759277714, -0.45663763978995087, 0.22459589869011695, -0.1746794874284456, 0.6760289254542614, -0.5277544377358839, 0.01083951424505767, -0.12020221706684867], [-0.6295933126667709, -0.14576542194128955, -0.12631829450696586, 0.47586136772917526, 0.4628545982927342, -0.4099348684622402, -0.7547872388353726, 0.13220242574666924, 0.1155838490966203, 0.12321301771345776, 0.5849673505064831, -0.05483329181025408], [0.17662048872280484, 0.2553755015306364, 0.611530985686161, 0.28519549717921294, 0.47705028850740644, -0.4276949775689595, -0.004326088234302111, -0.6353211532999621, -0.31316685893915736, -0.10792811531699878, -0.2759628248242041, 0.12138603561158165]], "inverted": false, "swapped": false, "error_lsq": 0.046875253056912286, "error_max": 0.2708406229401632, "target": "631.xyz", "model": "7.xyz", "model_rescale": 3.964800864290218, "target_rescale": 3.856577344997746},
{"mapping": [2, 1, 0, 5, 3, 4, 7, 12, 8, 6, 10, 13], "R": [[0.3234619052105584, -0.8747474097521581, 0.36081763400566447], [-0.8453794634428875, -0.09584405172233557, 0.5254973649205693], [-0.425095234819883, -0.4750061966767761, -0.7704953954775412]], "T": [-0.09772482698552577, -7.978195658103066e-05, -0.0293769260366201], "aligned_model": [[-0.34223342715016064, 0.37294209100660836, -0.34344402972926424, 0.47251805764034027, -0.31034903456182505, -0.6800004590323755, 0.3047315537201604, 0.0036610101981616044, 0.6305216223705394, -0.6396009964352443, 0.11831430251784596, -0.03213035891960915], [-0.5926921406786153, -0.37936837895499576, -0.145975382991446, 0.5590593517037759, 0.44127301784976064, -0.2762654383704668, -0.5731429021740603, -0.3425446586693801, 0.085722253513654, 0.20525719790974162, 0.7593884408486193, 0.032738820875659796], [0.136860447888528, 0.4152945298351893, 0.6275065640317484, 0.2181250026659606, 0.505376613603896, -0.311812700203978, -0.15775405342931206, -0.6950447542551842, -0.26035896238734846, -0.0026792695773754857, -0.2566853642428768, -0.05606927487502822]], "inverted": false, "swapped": false, "error_lsq": 0.05042383464488199, "error_max": 0.361732755861285, "target": "631.xyz", "model": "8.xyz", "model_rescale": 4.121658175737393, "target_rescale": 3.856577344997746},
{"mapping": [9, 5, 7, 10, 11, 6, 4, 1, 0, 8, 3, 12], "R": [[0.8734472681997969, -0.4655248934911831, 0.14274607950600587], [-0.486526491501474, -0.8461627351938275, 0.21748700797189488], [0.01954079685116504, -0.2594131822196465, -0.9655687226443792]], "T": [-0.08121934443483157, 0.03659771366539924, 0.014854842588553501], "aligned_model": [[-0.2946954030178062, 0.37091810498923555, -0.39854520822098105, 0.46267440009985883, -0.2620063317661942, -0.5919682900241481, 0.32212922631023827, 0.033488871945224485, 0.6118466965209217, -0.7699186200969838, 0.136852454838235, -0.06584556995242373], [-0.7316485615396657, -0.1912653652066974, -0.05305723430022005, 0.43804077105880357, 0.5358989789187687, -0.35824454127563643, -0.7020498766064638, -0.19771096152000817, 0.006472714882569369, 0.24723749212034649, 0.7779029341142689, 0.0018738302161815934], [0.25447005512809406, 0.3689283524576263, 0.6034779790611707, 0.36054819936885646, 0.3627720544098979, -0.23697279367572308, -0.26770061317580474, -0.6230112762336459, -0.3560578027129118, -0.09412923497407633, -0.14513031912053162, -0.06443582147873272]], "inverted": true, "swapped": false, "error_lsq": 0.048127275378116, "error_max": 0.2646375066687353, "target": "631.xyz", "model": "9.xyz", "model_rescale": 3.833441315466971, "target_rescale": 3.856577344997746},
{"mapping": [8, 12, 13, 1, 5, 9, 11, 3, 6, 2, 4, 14], "R": [[-0.5484186142198239, 0.0871426189961354, 0.8316508807977676], [0.7682437085874818, 0.44524855018218956, 0.4599514461075329], [-0.3302099753080767, 0.8911564915968198, -0.31112936166791905]], "T": [0.07112779130761224, -0.09562228108078745, 0.08187396275053077], "aligned_model": [[-0.36767203450743535, 0.6394090779640555, -0.5148337162859007, 0.4853509843213083, -0.2082309697054747, -0.5643698039361481, 0.29898030142452175, -0.3266393059075353, 0.597618262236457, -0.6219671949869019, 0.13149456157568742, 0.005790169432543221], [-0.7378535112254496, -0.22122602221047644, 0.11514884862110981, 0.3505430045191406, 0.4923302798575471, -0.4027418285424819, -0.7236948399127945, 0.11537431417587661, 0.26365171279774013, 0.07391524211541424, 0.5552095147089554, -0.1072065340423346], [0.1324023930477205, 0.23775897409253327, 0.5797807651920903, 0.5001616833554967, 0.26546500337696616, -0.3177890409651452, -0.055767511810043885, -0.6608127968667139, -0.1525605683847321, -0.004882150172648425, -0.37494811062896216, 0.0139501388176579]], "inverted": true, "swapped": false, "error_lsq": 0.05438888487837582, "error_max": 0.3052445914559437, "target": "631.xyz", "model": "10.xyz", "model_rescale": 4.2482417240324, "target_rescale": 3.856577344997746},
{"mapping": [10, 8, 9, 3, 7, 4, 0, 6, 1, 5, 2, 11], "R": [[-0.09374572769602381, 0.9927528817219636, 0.0751894565180522], [-0.9139573340389998, -0.05586225845213126, -0.40194701098148655], [-0.3948338005985138, -0.10640077026678141, 0.9125706252074788]], "T": [0.016257827630946506, 0.001969934829926228, -0.021354479354600803], "aligned_model": [[-0.034321353584110974, 0.383886033991327, -0.5198547971471491, 0.470580588200474, -0.23455481098055864, -0.7073055813291506, 0.2573407509243998, -0.20083817255078212, 0.684627877761184, -0.6788420110672225, 0.2314983115879536, -0.09728650418118719], [-0.5510164756626037, -0.11551649163649066, -0.2289658845756292, 0.5374568345228585, 0.4182584006805138, -0.3988599362189986, -0.6547383756162318, 0.026956674850540163, -0.09076466854585237, 0.257457343926903, 0.6152309410668276, -0.04204818192958991], [0.3052188489695198, 0.4560387238219995, 0.5605070187769833, 0.3847443213546362, 0.4501889228978859, -0.3070658510589688, -0.31196193800129035, -0.631868302024664, -0.23070663048719053, -0.14684777939975607, -0.37538803522174446, 0.009899479426809452]], "inverted": true, "swapped": false, "error_lsq": 0.04614831313916736, "error_max": 0.37320709473378977, "target": "631.xyz", "model": "11.xyz", "model_rescale": 3.6694154284099745, "target_rescale": 3.856577344997746},
{"mapping": [0, 6, 12, 9, 10, 1, 4, 3, 11, 2, 8, 13], "R": [[0.5790624279377783, -0.5439452913580245, 0.6072974761681786], [-0.12096951981870777, 0.6793216936800873, 0.7238013620949114], [-0.8062586928682611, -0.49259065815852804, 0.3275688685899676]], "T": [0.010233520884443563, -0.03915483013264677, 0.20451868883286695], "aligned_model": [[-0.15034992169523667, 0.4310414831541253, -0.5774499959771314, 0.427708633239818, -0.2214720464117223, -0.6281026385228029, 0.17496723069523043, -0.163967041150674, 0.67515776450266, -0.4734623881451054, 0.09436062507935819, -0.03350137314334193], [-0.7353145561566432, -0.3854721786158726, -0.05262489978784869, 0.6459625328766905, 0.4950993443550433, -0.342595836692372, -0.47135065059374814, -0.04447361542243895, 0.07358635535220336, 0.25642097223235544, 0.48220822847187095, -0.14799551515699289], [0.22219517765024935, 0.355647066325832, 0.5454221084390423, 0.23637769630466807, 0.45831741703078605, -0.2612323146365719, -0.3731907774027341, -0.6386152123435781, -0.09580417784779022, -0.11949795585792744, -0.33742322943274394, 0.17056298082498783]], "inverted": false, "swapped": false, "error_lsq": 0.04650464097459586, "error_max": 0.2745916511036755, "target": "631.xyz", "model": "12.xyz", "model_rescale": 3.9764082729961374, "target_rescale": 3.856577344997746},
{"mapping": [6, 9, 4, 2, 7, 14, 12, 11, 1, 3, 8, 15], "R": [[-0.04112509095747002, -0.9397394828644166, -0.33940894395914123], [-0.9619950928076335, 0.12902048712221298, -0.24066398840869396], [0.2699521592945182, 0.3166124101302198, -0.9093307503014297]], "T": [0.03841749807132203, -0.1520017839443787, 0.05477264070642209], "aligned_model": [[-0.48747572011593837, 0.5097289401050596, -0.34419482518595784, 0.4076539775810223, -0.1949694672913414, -0.6391698238370283, 0.4961997318921007, -0.2304282782155149, 0.6113070927474967, -0.5677945444395205, 0.05317437994151853, -0.05910113155671961], [-0.695400505042929, -0.279837929389778, -0.1513729371585915, 0.5389340542603768, 0.43184951688818285, -0.31413242663634033, -0.5219282460414543, 0.0030152572831007862, 0.06188209180658752, 0.3834593870672327, 0.4371686768488583, -0.12018675902299897], [0.16346007637558374, 0.40551837630895765, 0.6626140150983065, 0.20487794903925327, 0.47391686628745405, -0.33688679740841615, -0.19181076097882316, -0.676142104151839, -0.11661516010363918, -0.17810445384630133, -0.3355006471505655, 0.08743141958424819]], "inverted": false, "swapped": false, "error_lsq": 0.04943422497070524, "error_max": 0.27538589176945794, "target": "631.xyz", "model": "13.xyz", "model_rescale": 4.170626492500431, "target_rescale": 3.856577344997746},
{"mapping": [1, 2, 7, 4, 8, 9, 3, 11, 6, 10, 5, 13], "R": [[-0.5083710417783416, 0.42685810024614296, -0.7478977511234121], [0.4181210868869331, 0.881606968401691, 0.21896097818120336], [0.7528171362168193, -0.201398399993231, -0.626661825786822]], "T": [-0.006952394531856993, -0.02516650261867072, 0.11118039566216933], "aligned_model": [[-0.35451885500509817, 0.5678800320335775, -0.6253638269486465, 0.34856610129653537, -0.31288803670927645, -0.5971623669723697, 0.24369322875706986, -0.08883638810013168, 0.6200406622401393, -0.5278058934284153, 0.2647319730187792, 0.016593701443013403], [-0.6968910449674177, -0.21076848757496963, -0.117687066384416, 0.4924184606217188, 0.4805373204369937, -0.37601753070592864, -0.5630688808505837, -0.02471965642970393, 0.05017279524225339, 0.1675860455598278, 0.5703648725490171, 0.0015233533654561496], [0.24828679469523837, 0.3720477025166701, 0.627355800370192, 0.4409917592389607, 0.5608728672439143, -0.318775628816802, -0.2399768446852862, -0.5909267635784552, -0.444421047809334, 0.01175005405188631, -0.5202860040581325, 0.015840089885367045]], "inverted": false, "swapped": false, "error_lsq": 0.04266773165826406, "error_max": 0.2373863888987767, "target": "631.xyz", "model": "14.xyz", "model_rescale": 3.9786697098870705, "target_rescale": 3.856577344997746},
{"mapping": [2, 4, 5, 10, 7, 3, 0, 9, 1, 8, 6, 11], "R": [[-0.8766217158031614, 0.10543270652384423, -0.46948728606574497], [-0.4471644226955629, 0.18183172479359655, 0.87577463021826], [0.17770297256282908, 0.9776610702353056, -0.11225188323004526]], "T": [-0.015211592633259226, 0.023726132525370664, 0.0020290959303996096], "aligned_model": [[-0.2986076865343411, 0.24933125134227274, -0.41701780670366445, 0.5283589090290675, -0.16612868293472877, -0.5823430537966958, 0.2285345878232667, -0.2806124783202988, 0.6356679778393252, -0.5150580572378893, 0.17624466260329058, -0.003439291484427169], [-0.7547292641724745, -0.270686055950961, -0.009649755202992532, 0.40943952758272334, 0.6302304738368719, -0.514524945229831, -0.5370906228487035, 0.061945182813961844, 0.146890564769289, -0.06446398944432331, 0.6017061605376018, 0.07438290417108501], [0.2619161205788856, 0.46920494833403353, 0.6963614401163082, 0.5001026598672785, 0.21709308923457096, -0.48149641048745934, -0.3294493384862212, -0.5596789618013706, -0.14581676591158568, 0.12287668685060567, -0.5045666801610457, -0.083788009079781]], "inverted": false, "swapped": false, "error_lsq": 0.05864615132799883, "error_max": 0.29891357458742546, "target": "631.xyz", "model": "15.xyz", "model_rescale": 3.769337070930944, "target_rescale": 3.856577344997746},
{"mapping": [7, 6, 9, 5, 10, 8, 4, 1, 2, 0, 11], "R": [[0.4882515595716872, 0.707531545816796, 0.510890914236993], [-0.8602963117769015, 0.4885762369959672, 0.14554558250225502], [-0.14663106941871284, -0.51058042688391, 0.8472348890149466]], "T": [0.09841310964072084, 0.025881199499917816, -0.05730379575819071], "aligned_model": [[-0.3229255295167802, -0.3821542074884934, -0.06297063659307553, -0.6366339242940541, 0.4607330510686575, 0.35326332645031766, 0.5337412425905225, 0.33233593919707527, 0.08793913779501797, -0.4548921802556265, 0.014189911737609487], [0.06288976617408013, -0.6006793911114708, 0.5475543901425504, 0.35463358293871233, 0.19499632798944025, -0.5278614982684895, 0.47140949202170157, -0.4103522256238686, 0.4857863596314406, 0.04038424336192091, -0.02269654963067498], [-0.5437723630398602, 0.03388843931153247, -0.11959406959640491, -0.03109345741507867, -0.7520672042742572, -0.36243528922599827, 0.07904667931115851, 0.2998556136821216, 0.6041877122873973, 0.548508527390565, -0.012306981207398517]], "inverted": false, "swapped": true, "error_lsq": 0.04030333799795353, "error_max": 0.18708672094031137, "target": "631.xyz", "model": "16.xyz", "model_rescale": 3.7852294659196426, "target_rescale": 3.856577344997746},
{"mapping": [10, 0, 5, 3, 1, 6, 9, 11, 8, 7, 2, 12], "R": [[0.5951213267029859, -0.4370725631707244, -0.674387263392964], [0.006535758966094124, -0.8365101314340179, 0.5479124782873439], [-0.8036092896165492, -0.33048203359882533, -0.4949684182959251]], "T": [-0.0015865641164216696, 0.018243468863304923, 0.08677392787530398], "aligned_model": [[-0.24425712834825272, 0.5017042496083882, -0.5376038352800727, 0.5410746639122513, -0.20341110781077348, -0.7675462583233617, 0.4525278289873902, -0.1029955535141964, 0.5163373491947347, -0.5921475950536244, -0.009710948137175109, 0.0009586663898692501], [-0.7500539867180356, -0.25500865076578005, 0.037893261570008885, 0.5124785797207083, 0.5648753724576488, -0.37314072260262954, -0.6389402650428996, -0.059118057175923985, -0.01350721156905704, 0.24989256832359047, 0.5592912962286978, -0.06121200356408131], [0.07754938009328534, 0.4579595844909015, 0.46691650799655177, 0.3929533163924584, 0.4538087624379923, -0.1312109280733424, -0.24360682727986066, -0.6354888259694981, -0.3068662956347041, -0.21156039571829205, -0.19833703985084344, 0.04064154016957047]], "inverted": false, "swapped": false, "error_lsq": 0.0506859166333074, "error_max": 0.26668933831160296, "target": "631.xyz", "model": "17.xyz", "model_rescale": 3.901054581598922, "target_rescale": 3.856577344997746},
{"mapping": [11, 5, 12, 2, 3, 6, 10, 1, 8, 7, 0, 14], "R": [[0.9934211157975761, -0.011131669203114213, -0.11397619325214982], [0.10708013465334862, -0.26255351957996903, 0.9589575038127557], [-0.04059964839896639, -0.9648532195608425, -0.25963422974052763]], "T": [0.05650808994332555, -0.08596196724057967, 0.015594695596200718], "aligned_model": [[-0.4769369568526275, 0.5899402828409891, -0.4952559328457402, 0.528994943175852, -0.1920853756635319, -0.4989769553716359, 0.2623278627455078, -0.14705273632902957, 0.629869576082366, -0.5611023213832266, -0.11306067102121667, 0.028268616247470423], [-0.6517891106205371, -0.16346033125176287, -0.05890313275488495, 0.5358535146228854, 0.5082375793628848, -0.38786423833106665, -0.8738485751985136, 0.16075629020089166, 0.06418274496495155, 0.1192275783261495, 0.6276355772941317, -0.10657771575288282], [0.19449973965593756, 0.3310786827518093, 0.5123837722767515, 0.28732945970532203, 0.426123716722094, -0.38939558627730547, -0.08097995041950887, -0.6035810798409493, -0.282954167655733, -0.11141575282600744, -0.17813062086622167, 0.05780056582803063]], "inverted": true, "swapped": false, "error_lsq": 0.04903504004440163, "error_max": 0.3246000073434814, "target": "631.xyz", "model": "18.xyz", "model_rescale": 3.9405287249114394, "target_rescale": 3.856577344997746},
{"mapping": [10, 9, 2, 8, 6, 3, 13, 12, 7, 1, 0, 15], "R": [[0.38837327134451194, -0.9204377280461123, 0.04427856021229143], [0.5423492220784917, 0.2671596085220175, 0.7965444525481411], [-0.7449990090033793, -0.2853421321215529, 0.6029563369103184]], "T": [0.030047921318996924, -0.09295174897650815, -0.0891396719340041], "aligned_model": [[-0.453069831000433, 0.6517486237317148, -0.4768833132998551, 0.3321386417890726, -0.19806406058789827, -0.7591566164490264, 0.41612509299248873, -0.1503300023169074, 0.713805028913995, -0.5212921393765473, -0.006198370814609756, 0.006107278043183482], [-0.5969564827903397, -0.26748343786614065, -0.05044961585631785, 0.48417182552730176, 0.44766487379147246, -0.3069952822475646, -0.6052320566253584, -0.15429813586940438, 0.0720437311482538, 0.26805801454484013, 0.5847369484787046, -0.1018102013732001], [0.27208117828590916, 0.3256334867315499, 0.6155159709590949, 0.2954922714791416, 0.3734422629593416, -0.3274045629800164, -0.2887471599693072, -0.6027927530007683, -0.11877509487791443, -0.12400386694740709, -0.19913282446621286, -0.05855012911919185]], "inverted": true, "swapped": false, "error_lsq": 0.04300916278746442, "error_max": 0.25229125967797883, "target": "631.xyz", "model": "19.xyz", "model_rescale": 4.410303926677745, "target_rescale": 3.856577344997746},
{"mapping": [2, 1, 0, 5, 3, 4, 7, 12, 8, 6, 10, 13], "R": [[0.3234619052105584, -0.8747474097521581, 0.36081763400566447], [-0.8453794634428875, -0.09584405172233557, 0.5254973649205693], [-0.425095234819883, -0.4750061966767761, -0.7704953954775412]], "T": [-0.09772482698552577, -7.978195658103066e-05, -0.0293769260366201], "aligned_model": [[-0.34223342715016064, 0.37294209100660836, -0.34344402972926424, 0.47251805764034027, -0.31034903456182505, -0.6800004590323755, 0.3047315537201604, 0.0036610101981616044, 0.6305216223705394, -0.6396009964352443, 0.11831430251784596, -0.03213035891960915], [-0.5926921406786153, -0.37936837895499576, -0.145975382991446, 0.5590593517037759, 0.44127301784976064, -0.2762654383704668, -0.5731429021740603, -0.3425446586693801, 0.085722253513654, 0.20525719790974162, 0.7593884408486193, 0.032738820875659796], [0.136860447888528, 0.4152945298351893, 0.6275065640317484, 0.2181250026659606, 0.505376613603896, -0.311812700203978, -0.15775405342931206, -0.6950447542551842, -0.26035896238734846, -0.0026792695773754857, -0.2566853642428768, -0.05606927487502822]], "inverted": false, "swapped": false, "error_lsq": 0.05042383464488199, "error_max": 0.361732755861285, "target": "631.xyz", "model": "20.xyz", "model_rescale": 4.121658175737393, "target_rescale": 3.856577344997746},
{"mapping": [6, 1, 2, 0, 3, 10, 8, 9, 5, 4, 7, 12], "R": [[-0.5477066626635838, -0.7691672092494748, 0.3292403618776013], [0.8142954520427941, -0.5804488807314347, -0.0014190278525435251], [0.19219866923665438, 0.2673217182965112, 0.9442450796645223]], "T": [-0.07710911244651428, -0.05304840831544111, -0.057431720456115824], "aligned_model": [[-0.16869235557365977, 0.2112823723143071, -0.45506435813159263, 0.5349646865180692, -0.04156439258712617, -0.7374155461871049, 0.3139773101306559, -0.19593978951522592, 0.5949181000432554, -0.5831808477427497, 0.09481785568248477, -0.013172703326136515], [-0.6799883884277659, -0.1749197648383341, -0.11853098440642658, 0.5205752663195792, 0.564240812435849, -0.41309129046649945, -0.5136679699476483, -0.1684059935850996, 0.034762042716201036, 0.16277340306544066, 0.5293472193996712, 0.03035582859727963], [0.08811288778198251, 0.5625300444698846, 0.5976053004035745, 0.47500163219750563, 0.2593194338943652, -0.26488672338478775, -0.3550625861001802, -0.76116091047795, -0.12505035952548543, 0.1051842270811707, -0.3706002216587018, -0.04823394562715847]], "inverted": false, "swapped": false, "error_lsq": 0.054350898030962796, "error_max": 0.3092275432612732, "target": "631.xyz", "model": "21.xyz", "model_rescale": 4.08911054899281, "target_rescale": 3.856577344997746},
{"mapping": [10, 14, 5, 15, 11, 6, 13, 0, 2, 8, 1, 16], "R": [[-0.4636489793487122, 0.541699984847383, -0.7011353295657285], [0.8722079469927322, 0.13987344790269174, -0.46870962842098374], [-0.15582978262072084, -0.8288525471928998, -0.5373272130277982]], "T": [0.03944124899890961, -0.1281105587949694, 0.03497858748086202], "aligned_model": [[-0.4813947081648999, 0.5377829456646667, -0.4686584436293965, 0.44164364665245043, -0.18932260050034774, -0.6058072576090155, 0.34955827552078816, -0.10262225123911523, 0.5678687686314029, -0.5156570303594165, -0.027941145264422533, 0.04948013192248291], [-0.673012450839034, -0.279314234426896, -0.11236480125368076, 0.38648457248517504, 0.5128352799281677, -0.2438458019136242, -0.6505108334890608, -0.17039878893690427, 0.2867621083597553, 0.28365566630361266, 0.5825250847870662, -0.14936562014232982], [0.3229842176115829, 0.4099660376532023, 0.5241777569595515, 0.3589108336044725, 0.38533349788490223, -0.3197379849708306, -0.22512783091169608, -0.7253562503839156, -0.22940533017720738, -0.020487565996397422, -0.3120876544386404, -0.006410947780804303]], "inverted": true, "swapped": false, "error_lsq": 0.04470048726739002, "error_max": 0.24907154785780267, "target": "631.xyz", "model": "22.xyz", "model_rescale": 4.204369325754507, "target_rescale": 3.856577344997746},
{"mapping": [10, 9, 2, 8, 6, 3, 13, 12, 7, 1, 0, 15], "R": [[0.38837327134451194, -0.9204377280461123, 0.04427856021229143], [0.5423492220784917, 0.2671596085220175, 0.7965444525481411], [-0.7449990090033793, -0.2853421321215529, 0.6029563369103184]], "T": [0.030047921318996924, -0.09295174897650815, -0.0891396719340041], "aligned_model": [[-0.453069831000433, 0.6517486237317148, -0.4768833132998551, 0.3321386417890726, -0.19806406058789827, -0.7591566164490264, 0.41612509299248873, -0.1503300023169074, 0.713805028913995, -0.5212921393765473, -0.006198370814609756, 0.006107278043183482], [-0.5969564827903397, -0.26748343786614065, -0.05044961585631785, 0.48417182552730176, 0.44766487379147246, -0.3069952822475646, -0.6052320566253584, -0.15429813586940438, 0.0720437311482538, 0.26805801454484013, 0.5847369484787046, -0.1018102013732001], [0.27208117828590916, 0.3256334867315499, 0.6155159709590949, 0.2954922714791416, 0.3734422629593416, -0.3274045629800164, -0.2887471599693072, -0.6027927530007683, -0.11877509487791443, -0.12400386694740709, -0.19913282446621286, -0.05855012911919185]], "inverted": true, "swapped": false, "error_lsq": 0.04300916278746442, "error_max": 0.25229125967797883, "target": "631.xyz", "model": "23.xyz", "model_rescale": 4.410303926677745, "target_rescale": 3.856577344997746},
{"mapping": [6, 4, 12, 3, 0, 13, 9, 11, 10, 7, 1, 16], "R": [[-0.12574064763668913, 0.961477723742061, -0.24443787816067153], [-0.25595440165219163, 0.20661047173133062, 0.9443513420575131], [0.9584762040899999, 0.18130830019263416, 0.220115120958291]], "T": [-0.0031855572653702244, -0.1745831941363552, -0.009230385692817174], "aligned_model": [[-0.47373196240989546, 0.5300149183761556, -0.5804744228710643, 0.4600832216942629, -0.24250334779989388, -0.67879799299068, 0.3577752379488067, -0.023382119253018835, 0.5681135058775362, -0.47563551640641893, 0.07009033016572214, 0.043378479293665256], [-0.7123950741709348, -0.11570906149138682, -0.11019626078508704, 0.5207107478728457, 0.3626432979491076, -0.3491679766774704, -0.5351074000372611, -0.097627359561508, -0.006769648680709728, 0.2583290933965801, 0.6274814811873486, -0.06874165813927746], [0.2500813033206803, 0.42218062746297114, 0.5464383314804712, 0.3242352906227793, 0.46458445411424265, -0.09440440888957934, -0.37275422934857316, -0.637236265457912, -0.27236521936038505, -0.18617355197205096, -0.3053017461608726, 0.02347419324244769]], "inverted": true, "swapped": false, "error_lsq": 0.04209099127259568, "error_max": 0.214977664792235, "target": "631.xyz", "model": "24.xyz", "model_rescale": 4.28219845311461, "target_rescale": 3.856577344997746},
{"mapping": [9, 14, 5, 6, 8, 3, 13, 4, 2, 1, 0, 15], "R": [[0.22875706447680597, 0.9334231140459551, 0.27639011490410903], [-0.7004307585814703, 0.35499615801868856, -0.619172415587901], [-0.6760672731947173, -0.05195207365180371, 0.7350061388575861]], "T": [-0.0031728814746638592, -0.18244742858740196, 0.05082730800256145], "aligned_model": [[-0.3863367961202727, 0.6674601766057326, -0.6467451145004341, 0.3835208678165294, -0.20362194468551362, -0.6943418920625132, 0.35154249040096097, -0.12008257765439936, 0.5797793547823501, -0.49695268939610077, 0.1124512270685929, 0.008257229370244729], [-0.7262630266949606, -0.15589191208712413, -0.08777421992250425, 0.6050572103963311, 0.31863878535181867, -0.20068835736113153, -0.580766760817154, -0.035713168666017175, 0.026480869737654483, 0.22134364362535588, 0.5117458393096584, -0.12271872200967988], [0.17050894254704962, 0.41095330102134925, 0.6004930658531463, 0.2569862825810204, 0.4874951865862447, -0.298454830361698, -0.2107738606954893, -0.6558902826446485, -0.24122693488711494, -0.004051377632313849, -0.3618238090028136, 0.00854309568948753]], "inverted": false, "swapped": false, "error_lsq": 0.040884753028480915, "error_max": 0.24754750175700363, "target": "631.xyz", "model": "25.xyz", "model_rescale": 4.100010024507729, "target_rescale": 3.856577344997746},
{"mapping": [10, 8, 9, 3, 7, 4, 0, 6, 1, 5, 2, 11], "R": [[-0.09374572769602381, 0.9927528817219636, 0.0751894565180522], [-0.9139573340389998, -0.05586225845213126, -0.40194701098148655], [-0.3948338005985138, -0.10640077026678141, 0.9125706252074788]], "T": [0.016257827630946506, 0.001969934829926228, -0.021354479354600803], "aligned_model": [[-0.034321353584110974, 0.383886033991327, -0.5198547971471491, 0.470580588200474, -0.23455481098055864, -0.7073055813291506, 0.2573407509243998, -0.20083817255078212, 0.684627877761184, -0.6788420110672225, 0.2314983115879536, -0.09728650418118719], [-0.5510164756626037, -0.11551649163649066, -0.2289658845756292, 0.5374568345228585, 0.4182584006805138, -0.3988599362189986, -0.6547383756162318, 0.026956674850540163, -0.09076466854585237, 0.257457343926903, 0.6152309410668276, -0.04204818192958991], [0.3052188489695198, 0.4560387238219995, 0.5605070187769833, 0.3847443213546362, 0.4501889228978859, -0.3070658510589688, -0.31196193800129035, -0.631868302024664, -0.23070663048719053, -0.14684777939975607, -0.37538803522174446, 0.009899479426809452]], "inverted": true, "swapped": false, "error_lsq": 0.04614831313916736, "error_max": 0.37320709473378977, "target": "631.xyz", "model": "26.xyz", "model_rescale": 3.6694154284099745, "target_rescale": 3.856577344997746},
{"mapping": [0, 6, 5, 3, 7, 4, 2, 10, 12, 8, 9, 13], "R": [[-0.6178203869904575, 0.7471843696742171, -0.24497650322735953], [-0.7574665009128234, -0.6491506605336252, -0.06962700570641925], [-0.21105086925631217, 0.1425445110949603, 0.9670256423398782]], "T": [-0.05488711915825683, -0.01114678506824111, 0.007883045824427296], "aligned_model": [[-0.2452840027637196, 0.4983945268935105, -0.5530242991270055, 0.44359516129514404, -0.14491909273889358, -0.6311013575016522, 0.2301846895635653, -0.22784921578536063, 0.7145451333684932, -0.6014182436271213, 0.10435143393893487, -0.03254440189071823], [-0.5993414619500925, -0.2502378907796327, -0.12028139827402722, 0.5221155215764157, 0.45641230994874826, -0.47925061931253604, -0.5810991475413471, -0.018216136414058445, 0.06316527741684066, 0.26911148647531735, 0.5712830518097325, -0.060210812093113686], [0.24178343473886194, 0.33637245983398495, 0.6128024502531134, 0.3542613775940972, 0.419479038417301, -0.3448016887262146, -0.2287982052003994, -0.5682461560865177, -0.17151745444877203, -0.1685148669984431, -0.30879045131760186, -0.011271159005190556]], "inverted": true, "swapped": false, "error_lsq": 0.03160521807530913, "error_max": 0.16776678773267958, "target": "631.xyz", "model": "27.xyz", "model_rescale": 4.103607728864725, "target_rescale": 3.856577344997746},
{"mapping": [10, 13, 3, 4, 2, 9, 11, 5, 8, 0, 1, 14], "R": [[-0.8658563168340291, -0.20531480246820868, -0.45622217228676026], [-0.32968995309773474, -0.4517259710967342, 0.8290043316310997], [-0.3762942644062269, 0.8682105038089284, 0.32343955795607887]], "T": [-0.03660369710572324, -0.21149957938783723, 0.03700842223409042], "aligned_model": [[-0.2969873755253675, 0.49874880487575984, -0.5906132924468185, 0.5282709530912729, -0.07128328829542983, -0.7153536211337687, 0.45847758427084034, -0.26105867031313396, 0.6815359719352478, -0.5334856300915751, -0.07127091312580243, -0.07205019161604795], [-0.6271085389640864, -0.2505595482333651, 0.04839529462890893, 0.4311341324898207, 0.3859614890408184, -0.45282073026519615, -0.6490279076301005, -0.06835253632434243, 0.10078580860753719, 0.286509684298238, 0.6293620603777946, -0.0608290271637805], [0.17573408330065496, 0.3999747435500684, 0.47181743237144314, 0.3362538550441536, 0.4649784023718162, -0.3518187486582497, -0.1514716039632702, -0.6443646763297636, -0.20595912498348162, -0.08459280694038604, -0.2705801324602265, 0.022787355751460764]], "inverted": true, "swapped": false, "error_lsq": 0.04569464446829288, "error_max": 0.24432399480653644, "target": "631.xyz", "model": "28.xyz", "model_rescale": 4.137296879288765, "target_rescale": 3.856577344997746},
{"mapping": [6, 8, 10, 4, 9, 7, 5, 1, 2, 0, 11], "R": [[0.09930426458651642, 0.5368245679562269, 0.8378293658457799], [0.9948151589285026, -0.03499378947120069, -0.09548944582781713], [-0.021942256059700627, 0.8429678629325414, -0.5375162504166315]], "T": [-0.04737068208925922, -0.08302945912519835, -0.0705383064337522], "aligned_model": [[0.5129626848843419, 0.028359721073657376, -0.11554772942565135, -0.6107104608623491, -0.03880600772380001, 0.507276101759069, 0.47281565353493904, -0.2677769594997353, -0.4544272103678834, 0.16695716108663194, 0.02031605625067827], [-0.42155386088778524, -0.7428925336699129, -0.22753256396572122, 0.16113135848548563, 0.4331122461017197, 0.021830589268586997, 0.5169626965127886, -0.49169958039969575, 0.4673351392802193, 0.2844491567599835, -0.08199483083771648], [0.3803129894547981, -0.22393473903505373, -0.856058900282936, -0.24267570394557098, -0.2591969825581795, -0.38185625520158345, 0.0653838880445943, 0.32568403012765124, 0.354429065520907, 0.6311658302892105, 0.012500799369161125]], "inverted": true, "swapped": true, "error_lsq": 0.05218146198820914, "error_max": 0.30164236126084415, "target": "631.xyz", "model": "29.xyz", "model_rescale": 3.607286011436655, "target_rescale": 3.856577344997746},
