[{"mapping": [12, 11, 10, 4, 9, 7, 3, 8, 2, 0, 6, 13], "R": [[-0.12413679719336027, -0.7127873205166131, -0.6903073889893703], [-0.7583650564107445, 0.516794249143901, -0.3972482161909859], [0.6399003803700254, 0.474191880742953, -0.604706179429116]], "T": [-0.07817733325365213, -0.027915396439930615, 0.013232596419158103], "aligned_model": [[-0.3313865160009473, 0.2930563613648405, 0.2950450762826105, -0.2021728808394881, -0.026097600609255048, -0.5849028602589812, 0.3293913984073885, -0.245639480602095, 0.6682222582764803, 0.15749338310273947, -0.5601566441204646, 0.04478996745772072], [-0.4045405938117106, -0.6785376364873476, -0.19963199875719156, 0.67278102359674, 0.20503310263955465, -0.4585149902201087, -0.24109503107688296, -0.5445111634941289, 0.1556897713708612, 0.3439002377215686, 0.2285234086133512, -0.025541094117647982], [-0.546652055638356, -0.054540820629255006, -0.5509726139215922, 0.06252273643005721, -0.8338808048310197, 0.05394793724603233, 0.4888625756883615, 0.5575880944677354, 0.026510049977884774, 0.5962979663591284, 0.3441350680027653, 0.0381336122018204]], "inverted": false, "swapped": true, "error_lsq": 0.04119977201814569, "error_max": 0.27064254520904735, "target": "633.xyz", "model": "0.xyz", "model_rescale": 3.751011558992144, "target_rescale": 3.7567231022098957},
{"mapping": [0, 12, 13, 2, 7, 6, 1, 4, 8, 11, 9, 5, 10, 14], "R": [[-0.9214448365499297, -0.3174342315660299, -0.22399759334769118], [0.3852138660498907, -0.6715522272298384, -0.6329517228869359], [0.05049446106624353, -0.6695170757588844, 0.7410783998126662]], "T": [-0.01992877762166517, -0.03670905756740647, -0.02069383649798429], "aligned_model": [[0.07184642127063376, -0.7023728889615357, -0.11915109932581398, 0.4327477426381297, -0.4690698569865742, -0.4189987118460609, 0.10524132132921454, 0.4405729956909636, 0.6427753882905333, -0.6948365949720451, -0.21803117779617193, 0.30825183559072056, 0.019985550654689963, -0.06666246539058639], [0.4738920623181643, -0.16685847203105914, -0.5933641014932063, -0.22947533364362901, 0.42989458553346716, 0.42516076238927936, 0.646733860812795, 0.21273308912503378, -0.005467051885239729, -0.15296006151565084, -0.6473242809795507, -0.5648202452626899, -0.36173132831900234, -0.06530508253601547], [-0.5741993267502176, -0.2839546746215339, -0.4765362338769284, -0.6852713209204535, -0.16292728850264188, 0.4165077214606486, 0.033378088568693065, 0.5720039803861339, -0.004403418963563558, 0.38883776312168766, 0.1279470371429181, -0.07970320472235903, 0.7311180535666677, -0.022122901534700503]], "inverted": false, "swapped": false, "error_lsq": 0.03923565254193544, "error_max": 0.22716320374177698, "target": "633.xyz", "model": "1.xyz", "model_rescale": 3.9405287249114394, "target_rescale": 3.7567231022098957},
{"mapping": [2, 4, 0, 12, 5, 3, 10, 9, 7, 8, 7, 11, 13], "R": [[-0.698896462259227, 0.14989746526435926, 0.6993386053614212], [-0.704786370428516, -0.31076680401888945, -0.6377304803583439], [0.12173704078765823, -0.9385918939705402, 0.3228395103965106]], "T": [-0.04207487375348973, -0.006602289750934555, -0.080204816503904], "aligned_model": [[-0.36747744790539427, 0.21189218197469772, -0.503894388727765, 0.4084558997676604, 0.5932469532385789, -0.6973450328867099, 0.16446328384553954, 0.6854101904286551, 0.03823893064114281, -0.5631363860093985, 0.03823893064114281, -0.3890873672242282, -0.12302246849999021], [0.6649596681413263, 0.3295025344978525, 0.27915200449409405, -0.3134445185575289, -0.2669867752148455, 0.06387572989345283, 0.28533906867040015, 0.3587225163982907, -0.664998144503175, -0.571882785861417, -0.664998144503175, -0.12212948832592604, 0.08172092844266743], [0.10450360264208237, -0.6558037814934697, -0.5688969454435235, 0.3912844430385426, -0.3145786675505491, -0.02159106276054991, 0.5191459243530608, 0.254282378702838, -0.017682019622614856, -0.09400795930741401, -0.017682019622614856, 0.577026335441489, -0.04287987878863252]], "inverted": false, "swapped": true, "error_lsq": 0.053504629649466354, "error_max": 0.4214475295191651, "target": "633.xyz", "model": "2.xyz", "model_rescale": 3.932901565614263, "target_rescale": 3.7567231022098957},
{"mapping": [7, 8, 3, 0, 9, 12, 5, 6, 2, 11, 11, 1, 10, 13], "R": [[-0.10360257924786956, 0.5215503638343989, 0.8469071516744888], [0.4174825285124163, 0.7956518980283562, -0.43891502087619916], [-0.9027595715139602, 0.3080962108629073, -0.300169753459356]], "T": [0.0038486159443396617, -0.041961454079453044, -0.11209937598363663], "aligned_model": [[-0.13035264718668754, -0.6746394430670224, -0.12548729083649887, 0.4823385505630606, -0.5080961925529885, -0.17229525022999942, 0.07809423157326903, 0.38836933935536855, 0.8317798006492523, -0.6112774126546816, -0.6112774126546816, 0.43427438358622455, -0.04959709486639015, 0.00046489850787149317], [0.4109790632203516, -0.14274642289628436, -0.3920661351450222, -0.2912249469580894, 0.4846957121287321, 0.3890286329947783, 0.655017628751764, 0.2477923863820571, -0.03520631757316609, -0.5836404196809781, -0.5836404196809781, -0.5994985107690947, -0.18616975645695838, 0.027787908195584653], [-0.6474286728742183, -0.37340966925868924, -0.4605020361261411, -0.5094221952748538, -0.09372325770356203, 0.4931697322751927, 0.04761108801388601, 0.3725435708205272, -0.018910456566136644, 0.2427422302751091, 0.2427422302751091, 0.11736676504788719, 0.5875383601502618, -0.01964341470002133]], "inverted": true, "swapped": false, "error_lsq": 0.048890239552248096, "error_max": 0.34845491916698, "target": "633.xyz", "model": "3.xyz", "model_rescale": 3.9243930471874484, "target_rescale": 3.7567231022098957},
{"mapping": [5, 4, 9, 12, 10, 6, 7, 1, 2, 3, 11, 8, 13], "R": [[-0.5058110132998774, -0.7937850961926959, 0.3377283522106257], [-0.06145875659047012, -0.35734896968518065, -0.9319466374762526], [0.8604522299714873, -0.49214523763549006, 0.13196599944607845]], "T": [-0.07871122665025133, -0.0491244225690268, -0.08560070589858393], "aligned_model": [[-0.066374339502742, -0.28498812240935545, 0.670472596992823, 0.3880207905029859, 0.6067038242680141, -0.6097815383245249, -0.2466777092304669, 0.3313897439202862, 0.17492515267683462, -0.31337126363327217, 0.2339995384324305, -0.5541295844210994, -0.0529832029605605], [-0.6712254625291629, 0.018727234766405615, -0.24841324040857296, -0.5645140304069981, 0.04886397056699163, -0.30871286827011346, -0.593569320527936, 0.27717390450136103, 0.6742031373549779, 0.439251939805402, 0.11200792212672375, -0.12759277451809342, 0.07162914122060213], [-0.4587000270897481, -0.7650312627978408, -0.5022372163354407, 0.10404904872593829, 0.0022261729735542357, -0.32672209743742364, 0.25966951100011526, -0.705509850631928, -0.14446773225811674, 0.29414249752763255, 0.5792040295065477, 0.5136135866758251, -0.06316634448815095]], "inverted": false, "swapped": true, "error_lsq": 0.04757685276385742, "error_max": 0.30940824293088887, "target": "633.xyz", "model": "4.xyz", "model_rescale": 3.8936222436046832, "target_rescale": 3.7567231022098957},
{"mapping": [8, 11, 7, 6, 12, 10, 2, 1, 4, 0, 5, 13], "R": [[0.16378914864200844, -0.8858266310008549, 0.43414777967507967], [0.6787545666462513, -0.2181650145243668, -0.7012105708661573], [0.7158668542710898, 0.40953047047473556, 0.5655258090562767]], "T": [-0.07521114444302168, -0.05066510280372657, -0.052847490427075546], "aligned_model": [[-0.09830632271073025, -0.7208357329948736, -0.2187764752934307, 0.45952839169705595, -0.6040056943851139, -0.6469625433013233, -0.16142845899328467, 0.03541939362583571, 0.5205289657230154, 0.4688090861952362, 0.09089941384910386, -0.09732198119639376], [-0.5488715619368404, -0.43267271895142995, 0.04973050973183347, 0.05665604698025282, 0.38118575263694415, 0.10809126337922612, -0.41109597373175044, 0.2624156556403398, 0.22547760801014674, -0.49195446233802514, 0.6068788821061306, -0.13691809641702024], [-0.6380778744703253, -0.10721718037684214, -0.6956182315335401, -0.3846564141146123, -0.2837444712197008, 0.31458390720661583, 0.6206921599350905, 0.6878832803490139, 0.22575403716984038, 0.15465785359131884, -0.3105453687847059, 0.03557302152336524]], "inverted": true, "swapped": true, "error_lsq": 0.04718971640039058, "error_max": 0.22997845887981222, "target": "633.xyz", "model": "5.xyz", "model_rescale": 3.6523030999806103, "target_rescale": 3.7567231022098957},
{"mapping": [1, 4, 0, 2, 3, 9, 6, 10, 5, 7, 8, 11, 13], "R": [[-0.26867937384598006, 0.7032423674239511, 0.6582260756986834], [-0.6994169204674189, -0.6122890345482243, 0.36867073322393773], [0.6622894876363391, -0.3613202330785813, 0.6563690453810535]], "T": [0.02890717174741428, -0.005928676741268686, -0.029022494955020642], "aligned_model": [[0.08369357173446153, -0.28800534551603474, 0.2704846520998587, 0.6643123677130343, 0.5824553294838191, -0.1946084126520428, -0.41575715156613235, 0.2921923038865857, -0.6792801194455327, -0.29717233135187804, 0.16112156914711584, 0.5541651023533352, 0.14748136877770468], [-0.5308134699911913, 0.027436544278160578, 0.46585402493833816, -0.2061721374152302, 0.3559329219782594, -0.8495950773250505, 0.42423317371552494, -0.6367485186681449, -0.16266694190615302, 0.1984585319981137, 0.5970020671167763, -0.12688243454028372, -0.015211780015936302], [0.5877717626603546, 0.6091256894063237, 0.473783811052116, 0.35459488219751334, -0.04957304896546606, 0.08431860266590606, 0.12844427780874462, -0.16993503553568845, -0.04542014732293699, -0.5728446491776802, -0.4875326222364146, -0.5536092715065422, 0.010985488435559257]], "inverted": true, "swapped": true, "error_lsq": 0.047782463031575295, "error_max": 0.29673208580573535, "target": "633.xyz", "model": "6.xyz", "model_rescale": 4.08911054899281, "target_rescale": 3.7567231022098957},
{"mapping": [10, 5, 4, 8, 12, 13, 11, 1, 9, 7, 6, 3, 2, 14], "R": [[0.43270364584091237, 0.8824328522570881, -0.18460719415397325], [-0.22711680027808964, -0.09146754293575217, -0.9695626063440871], [-0.8724594626155562, 0.46146066988067014, 0.1608369865604878]], "T": [-0.0476450615168848, -0.045226683892574136, 0.0035706755986551993], "aligned_model": [[-0.12532468346925246, -0.6731888259510621, -0.15145390223053437, 0.33255810404459907, -0.4901640960523864, -0.33179149146786696, 0.14366475129632822, 0.38852541052413014, 0.7325813047944159, -0.7165068712407059, -0.1019957208176704, 0.379919927793293, -0.161288887724662, 0.10676344068747134], [0.3364162623307584, -0.16070528363158915, -0.5299025973644886, -0.12048300491909966, 0.5042829905451586, 0.4287627302535886, 0.5056003294450157, 0.1354482138384733, 0.0235480148652032, -0.271085677880813, -0.5022188111997375, -0.7015738561708216, -0.2598868684451219, 0.012905960846170163], [-0.6027208684899088, -0.4157870730637049, -0.49759044938223196, -0.5576164699486778, -0.09751314993392783, 0.4836637540481499, -0.06366934117796968, 0.56487091567057, -0.029203796650820225, 0.32121915877628116, 0.19682482915380842, -0.10977836773347745, 0.7724306298321797, 0.015544503254080085]], "inverted": true, "swapped": false, "error_lsq": 0.040695458564873936, "error_max": 0.21709417246153656, "target": "633.xyz", "model": "7.xyz", "model_rescale": 3.964800864290218, "target_rescale": 3.7567231022098957},
{"mapping": [1, 5, 8, 7, 3, 6, 0, 4, 2, 10, 9, 12, 11, 13], "R": [[0.794659219534949, 0.41519348821000124, -0.4428669011747407], [-0.49410644621669064, 0.018557258304504633, -0.8692033409803098], [-0.3526691716257868, 0.9095438392470324, 0.21989647535272128]], "T": [-0.027909778805473785, 0.02361214251684035, 0.0030809609491637747], "aligned_model": [[0.1189088490945729, -0.7555260293327201, -0.257840404980632, 0.4310875738935039, -0.4917714324750693, -0.08287762208472566, 0.04790455885851071, 0.44248142851122463, 0.5645071697119651, -0.7584833281519971, -0.19899852442519414, 0.3975251335027082, -0.053446905684781845, -0.07117200625126842], [0.19590786141768465, -0.06289729324360027, -0.5376729276907406, -0.2618714801764075, 0.5754482621354062, 0.3038260334086453, 0.722003114872348, 0.07403387601469548, 0.31232647253254, -0.3111643305891521, -0.6342972018867354, -0.5918098245990664, -0.34962819638882064, -0.033095963294100215], [-0.7123757931054637, -0.3996117661536017, -0.469305066062698, -0.4602479679458304, 0.08227666185293184, 0.5080210908012501, -0.13713889663043577, 0.5239294570438077, -0.06245469733671826, 0.17431476326975515, 0.11143529845967608, 0.10765569532170093, 0.742792275624029, -0.02861678078405268]], "inverted": false, "swapped": false, "error_lsq": 0.04776827229679797, "error_max": 0.3213996316521445, "target": "633.xyz", "model": "8.xyz", "model_rescale": 4.121658175737393, "target_rescale": 3.7567231022098957},
{"mapping": [12, 5, 6, 8, 9, 10, 4, 2, 0, 1, 11, 3, 13], "R": [[0.3112140185054838, 0.580348460086076, -0.7525566420950578], [0.9254161447471589, -0.36523346044450233, 0.10104196362422818], [-0.21621931857947863, -0.7278737419686567, -0.650729607460404]], "T": [-0.010376778091281662, 0.04372860709732814, -0.13073214168176908], "aligned_model": [[-0.6844204290229077, -0.27282322545933135, 0.35783333769717773, 0.2968528358057352, -0.7096723428055643, -0.5719886729989021, 0.28135599722541055, 0.11874227841318237, 0.6822877237555802, -0.14053240384935592, -0.2845046651527895, 0.3817157811324422, 0.021891281694519895], [0.17470849841060168, -0.31440886851438227, -0.11300132806324112, 0.7066580424299084, -0.4722993344238328, 0.029879701033190896, -0.6001514018937094, -0.06589297937263172, -0.0758068411647001, -0.6353535434064562, 0.6531074089379229, 0.4432082715395889, 0.0597398138994508], [-0.34968802272353544, -0.7045129508795337, -0.6281438429881974, -0.37025707504549643, 0.008117752425887331, 0.28340475013805777, -0.2260757759912142, 0.6191417648407795, 0.06846610747750848, 0.29452977524300816, 0.21456246981013852, 0.22205834505199482, -0.010527863400308618]], "inverted": false, "swapped": true, "error_lsq": 0.039083842192369815, "error_max": 0.24352836659632815, "target": "633.xyz", "model": "9.xyz", "model_rescale": 3.833441315466971, "target_rescale": 3.7567231022098957},
{"mapping": [1, 4, 6, 12, 5, 2, 13, 8, 10, 3, 7, 11, 9, 14], "R": [[-0.9056484660177783, 0.21149548033588642, -0.36751941145623557], [0.375386843340095, 0.8029690436877581, -0.4629529487176058], [0.19719425409175617, -0.5572345795772726, -0.8066003034195661]], "T": [0.0064603033241876495, -0.04737351774223782, -0.09770493970176289], "aligned_model": [[0.0011503292963158662, -0.7573972697478926, -0.3012310571827398, 0.316108392354262, -0.39464923190570755, -0.3215806333167155, 0.02097775098057736, 0.4398862763239987, 0.7985371610554992, -0.6864606335250865, -0.06869770395045882, 0.45535517565719763, -0.1305204700627553, -0.03917962579039775], [0.23774514483985282, -0.13308880157303277, -0.33853478769868733, -0.2831036338476603, 0.487774836671711, 0.3232505289899565, 0.715405463880419, -0.059695350038399944, 0.12678832254533, -0.29517574544815833, -0.6293521655858827, -0.5392596387932334, -0.14332334522901197, -0.06832242620050644], [-0.7790918234448008, -0.3100421203095799, -0.6285351475758616, -0.5576717109273808, -0.19851456713243365, 0.42352170466635264, 0.13390682667227347, 0.5500214382965184, 0.03659341603653074, 0.3635720713962748, 0.21783603097938806, 0.050208949281342924, 0.69598267193161, -0.017113465515883747]], "inverted": true, "swapped": false, "error_lsq": 0.036996441600769814, "error_max": 0.22552804389323744, "target": "633.xyz", "model": "10.xyz", "model_rescale": 4.2482417240324, "target_rescale": 3.7567231022098957},
{"mapping": [8, 6, 5, 4, 11, 10, 12, 1, 0, 2, 3, 13], "R": [[-0.9627727819504156, 0.26762699698789555, -0.0380047473179158], [-0.2671386894307169, -0.9634994133663582, -0.017487168207662655], [-0.041297590059187504, -0.006683631193072659, 0.9991245358459467]], "T": [-0.032063967598089584, 0.011028530738227668, 0.03716758040127497], "aligned_model": [[-0.7347320287815697, 0.06194026506089075, 0.331911607205704, 0.5696309271723489, -0.5920280104625746, 0.06244585861612303, -0.09241691837476895, 0.6732241306616144, 0.01402233736926578, 0.09037254694856367, -0.46049548121185124, -0.04710963184073913], [-0.2985744652390399, -0.6199877212234033, -0.30278209443406223, -0.3122387687128138, 0.512242654029452, 0.6820072344402159, 0.27988502144654903, 0.35066457781525734, -0.28358744555517884, 0.4962491512638635, 0.07726714870159465, 0.08498609751820514], [-0.0033447172764765956, 0.0604711540206638, 0.5806836138837337, -0.16835953092088893, 0.06785413503198494, 0.2043936244089209, 0.7031300131773309, -0.17767377040195448, -0.6297883829015699, -0.5464159594441922, -0.46267298264286316, -0.06308490708033229]], "inverted": false, "swapped": true, "error_lsq": 0.04181445384766419, "error_max": 0.22811212592042715, "target": "633.xyz", "model": "11.xyz", "model_rescale": 3.6694154284099745, "target_rescale": 3.7567231022098957},
{"mapping": [11, 3, 8, 9, 4, 0, 6, 5, 7, 1, 2, 10, 12, 13], "R": [[0.5191351389712258, 0.33558659865204093, -0.786053651025476], [-0.39998509457842174, 0.908155716563291, 0.12355208856392208], [0.7553215418617542, 0.2502695132823218, 0.6056851815266843]], "T": [0.012277045404332929, -0.015637774676852064, 0.028350421733889544], "aligned_model": [[0.044027861316329395, -0.7618317102200111, -0.20294617863703657, 0.4657126533232931, -0.589100693150251, -0.3116399322231268, 0.15078998647594777, 0.46333867212154567, 0.7553546613484406, -0.7314573770405565, -0.3147792166894494, 0.358278031253854, 0.08250429995295493, -0.07595259764583692], [0.30650872370905063, -0.19610168634372785, -0.4001344825608695, -0.25843990953037405, 0.3689794663834587, 0.40680473729598077, 0.532261163383218, 0.3517677605568376, -0.01656319463641009, -0.2412031986238113, -0.5807422310328904, -0.5481862128629009, -0.3590335002634096, 0.03519096703854446], [-0.6351570523564167, -0.30246268510279717, -0.5868236160559713, -0.5881960401583382, -0.1668239700300445, 0.5051711219013982, 0.006538675311167901, 0.581638207664096, 0.02800582013194094, 0.36369031272772495, 0.026175973733427723, 0.04264259040075585, 0.6105153542349239, 0.09575958195248319]], "inverted": true, "swapped": false, "error_lsq": 0.03585765467675713, "error_max": 0.237329072904737, "target": "633.xyz", "model": "12.xyz", "model_rescale": 3.9764082729961374, "target_rescale": 3.7567231022098957},
{"mapping": [6, 7, 3, 14, 4, 9, 5, 12, 13, 2, 8, 11, 1, 15], "R": [[-0.5188730902156949, 0.2728232594855392, -0.81014701464222], [-0.8489259497621143, -0.05305917213618555, 0.5258416644511112], [0.10047610696333503, 0.9605999132500007, 0.2591377212865462]], "T": [-0.029694642859859913, 0.005308067372840147, 0.060460813759392794], "aligned_model": [[0.31338423240453994, -0.7324698058781789, -0.23696129633989366, 0.38310893901733556, -0.4300322981804282, -0.1948377562711558, -0.09412436778675139, 0.390241024389698, 0.5739073270814151, -0.650876806585009, -0.1934247731280997, 0.36719626798387606, -0.09150173588377436, -0.07131049063747666], [0.4060209669260597, -0.11197021266068155, -0.5859910115527899, -0.2310178673861252, 0.40918482765239417, 0.39080308455545265, 0.8406508916776924, 0.12240190469376028, 0.03125213381512379, -0.3234905869017799, -0.6784787774458165, -0.6550801721392144, -0.21125838293511925, -0.0019183957862595746], [-0.49215556599983706, -0.1913060907374932, -0.5015439735249332, -0.5818407469772507, -0.3782612463398795, 0.49129775546451554, 0.09004260313996287, 0.526461461378469, -0.036863969756160804, 0.4376659016400577, 0.13313014665739292, -0.1316580992950214, 0.6542633349008401, -0.0385572361963113]], "inverted": true, "swapped": false, "error_lsq": 0.044651521680152004, "error_max": 0.3217709198460577, "target": "633.xyz", "model": "13.xyz", "model_rescale": 4.170626492500431, "target_rescale": 3.7567231022098957},
{"mapping": [4, 0, 8, 12, 2, 3, 6, 11, 5, 1, 7, 10, 9, 13], "R": [[-0.17599568010535538, 0.7100596591513348, 0.681792344508314], [-0.7609856906675503, 0.3412093021333855, -0.5517943373548513], [-0.624440789173389, -0.6159476378585589, 0.48029387694720505]], "T": [-0.11661198293019781, -0.02041367870116981, -0.027148537097594787], "aligned_model": [[-0.026920303174746474, -0.6908244158842076, -0.041885307381487547, 0.5038821231284618, -0.4976258696224586, -0.27668981145874316, 0.2531277018302616, 0.38671653644556103, 0.7131501948447653, -0.643522072796751, -0.4717079601790197, 0.14963529494432326, 0.008608830414654378, -0.03364648092451633], [0.1465318976609959, -0.12358045926460073, -0.5124930023022835, -0.2246165737980142, 0.47139689159812004, 0.39470725031751214, 0.7261612525366635, 0.10982094932002914, 0.3408795567911941, -0.29666262931052756, -0.7448401942849409, -0.5099469530001018, -0.4026062073820503, 0.026356623630700047], [-0.7106305834666055, -0.15162786773965775, -0.578356443472886, -0.3572914806337316, -0.24135159105782342, 0.49965627261292356, 0.08864310591064525, 0.4517658543945921, -0.11760158943877722, 0.4595410399218805, -0.1080365668032838, 0.061156985682146094, 0.6760975488422037, 0.008709589602724534]], "inverted": false, "swapped": false, "error_lsq": 0.04980906709426058, "error_max": 0.3469300191891078, "target": "633.xyz", "model": "14.xyz", "model_rescale": 3.9786697098870705, "target_rescale": 3.7567231022098957},
{"mapping": [11, 10, 7, 8, 12, 5, 2, 1, 6, 3, 9, 13], "R": [[-0.4987807563872042, -0.8529801793198507, -0.15376140850448716], [0.6950509435712241, -0.28765437952295453, -0.6589075381129094], [0.517804927456817, -0.4355224123150717, 0.7363411474803653]], "T": [0.13699396219569943, -0.02761522164526533, 0.06408468184022346], "aligned_model": [[-0.19480574734407474, -0.5087248270994496, 0.5552821445972553, 0.6094974327745428, -0.0201582220794152, 0.41293540319800726, -0.43360716292284546, -0.3974634003907375, 0.7201028706595205, 0.120347895069925, -0.4373243154690913, 0.057272525773699345], [-0.462018161532384, 0.085993828358673, 0.05599379985102313, -0.5301878821478124, 0.3574292003915021, 0.6395469141849591, -0.3891229026699515, 0.2988074649564396, 0.12113463403283548, -0.6858346677759848, 0.6376991749416515, -0.11476691236651212], [-0.4525583572976157, -0.17518359180987353, -0.4476662701361917, -0.2756193905447294, -0.5245376394901698, -0.0074416198207981205, 0.43113515688389664, 0.5805576330048816, 0.2772016540569325, 0.12929031055408285, 0.01832786827462833, 0.1064607401987864]], "inverted": true, "swapped": true, "error_lsq": 0.052047633061299, "error_max": 0.29684019168120906, "target": "633.xyz", "model": "15.xyz", "model_rescale": 3.769337070930944, "target_rescale": 3.7567231022098957},
{"mapping": [2, 11, 0, 3, 1, 10, 4, 12, 6, 8, 13], "R": [[0.8068315985600217, -0.30507624351586915, -0.5059162551325331], [0.0897706769983665, -0.7830968197883216, 0.6153865422550872], [-0.5839212250949055, -0.5419297523477221, -0.6044403580205425]], "T": [0.07700636923641646, 0.03281254105467179, 0.10032216989503412], "aligned_model": [[-0.17582060315685577, -0.42018454308887226, -0.21660314829307487, -0.5566108796647165, 0.5239437115743663, 0.18753560282769938, 0.49984577844335704, 0.3603573864688834, 0.22346178231524771, -0.5074148661476865, 0.004115909412822721], [0.08237641351595859, -0.5257104064816333, 0.670682788351108, 0.15638630371880646, 0.14604010938963896, -0.5230262570795574, 0.584350410220194, -0.5904610797887031, 0.5026602566431428, 0.056198340798399166, 0.03656761833798808], [-0.6239853913200031, 0.019264751361392093, -0.10134036209385466, -0.044730964877519874, -0.5677850683749142, -0.3070297625632612, -0.06027888761547062, 0.3254320269128109, 0.5069611973839687, 0.599464023070108, -0.0017539546594795008]], "inverted": true, "swapped": true, "error_lsq": 0.047371500712473, "error_max": 0.24223964645652288, "target": "633.xyz", "model": "16.xyz", "model_rescale": 3.7852294659196426, "target_rescale": 3.7567231022098957},
{"mapping": [1, 5, 12, 9, 4, 6, 8, 7, 10, 2, 3, 11, 13], "R": [[0.012745569642782908, -0.9979019843829485, 0.06347582231885512], [0.7290931032742235, -0.03416858117074014, -0.6835610834583412], [0.6842958404173181, 0.05499215967165172, 0.7271279565263628]], "T": [-0.08272688439850344, 0.13970929937850632, 0.01357360663790922], "aligned_model": [[0.028632970621747675, -0.44777295272412326, 0.237889923768199, 0.2501514887178989, -0.5759058796974726, -0.7114506902638592, -0.1838477029096167, -0.20356396332735027, 0.5443797771282746, 0.306518882786998, 0.06660051481404881, 0.556820514391178, -0.014687033089639909], [-0.24125650071777935, -0.4500603490646762, -0.3339692263993981, -0.6404708031919233, -0.07755740256133872, 0.15327916310993914, 0.6964056267075339, 0.09805263435335107, -0.1448227654511869, 0.39909837349838173, 0.7796145619804232, 0.4263463797763899, 0.21039593166315776], [-0.6945258170892409, 0.226360203848571, 0.45205481452522095, -0.22113773228271685, -0.4537052668409732, 0.12349902352333808, 0.5342476359408852, 0.667414284078566, -0.09995091502846368, -0.596512075550737, -0.06391373148996507, 0.2865851451581018, -0.06466087164941245]], "inverted": false, "swapped": true, "error_lsq": 0.04441071515944717, "error_max": 0.28276190660636064, "target": "633.xyz", "model": "17.xyz", "model_rescale": 3.901054581598922, "target_rescale": 3.7567231022098957},
{"mapping": [0, 12, 13, 2, 7, 6, 1, 4, 8, 11, 9, 5, 10, 14], "R": [[-0.9214448365499297, -0.3174342315660299, -0.22399759334769118], [0.3852138660498907, -0.6715522272298384, -0.6329517228869359], [0.05049446106624353, -0.6695170757588844, 0.7410783998126662]], "T": [-0.01992877762166517, -0.03670905756740647, -0.02069383649798429], "aligned_model": [[0.07184642127063376, -0.7023728889615357, -0.11915109932581398, 0.4327477426381297, -0.4690698569865742, -0.4189987118460609, 0.10524132132921454, 0.4405729956909636, 0.6427753882905333, -0.6948365949720451, -0.21803117779617193, 0.30825183559072056, 0.019985550654689963, -0.06666246539058639], [0.4738920623181643, -0.16685847203105914, -0.5933641014932063, -0.22947533364362901, 0.42989458553346716, 0.42516076238927936, 0.646733860812795, 0.21273308912503378, -0.005467051885239729, -0.15296006151565084, -0.6473242809795507, -0.5648202452626899, -0.36173132831900234, -0.06530508253601547], [-0.5741993267502176, -0.2839546746215339, -0.4765362338769284, -0.6852713209204535, -0.16292728850264188, 0.4165077214606486, 0.033378088568693065, 0.5720039803861339, -0.004403418963563558, 0.38883776312168766, 0.1279470371429181, -0.07970320472235903, 0.7311180535666677, -0.022122901534700503]], "inverted": false, "swapped": false, "error_lsq": 0.03923565254193544, "error_max": 0.22716320374177698, "target": "633.xyz", "model": "18.xyz", "model_rescale": 3.9405287249114394, "target_rescale": 3.7567231022098957},
{"mapping": [8, 1, 4, 7, 6, 2, 5, 11, 9, 3, 12, 13, 14, 15], "R": [[-0.06532320337825614, -0.9812511355435156, -0.18132591677684895], [-0.580337014304433, -0.11046438524994362, 0.8068497811981912], [-0.8117523199403991, 0.15793615351120144, -0.5622404667804222]], "T": [-0.07704264084380856, -0.14042311268263163, -0.023581999632637164], "aligned_model": [[0.014974335774279687, -0.72380584123463, -0.10449515333079781, 0.43824698860497685, -0.41295336197762594, -0.3821991682836076, 0.1577924595859826, 0.3967739033194814, 0.6318173425276186, -0.7211262837538607, -0.3194738926685447, 0.4414155728310272, 0.0025726947087259117, -0.08724113591692845], [0.3707720353734357, -0.017308973914338763, -0.5363775946855116, -0.17950803216458472, 0.4806083298329087, 0.5865443223780408, 0.6571336420774101, 0.0489198367476906, 0.14697606092516508, -0.3613012816677195, -0.6310186763348538, -0.516974754492703, -0.5354674180853376, -0.11188909347690602], [-0.5735679559569409, -0.06896586719592943, -0.6376922799211708, -0.501676672049059, -0.26805570052221395, 0.34209972692098367, -0.019299325044446626, 0.4852011878627831, -0.0862644209383828, 0.4880796955092572, 0.002535873038060431, 0.17825899495271777, 0.6377351385015086, 0.0022858791971832673]], "inverted": true, "swapped": false, "error_lsq": 0.044216551373352064, "error_max": 0.2864049343059684, "target": "633.xyz", "model": "19.xyz", "model_rescale": 4.410303926677745, "target_rescale": 3.7567231022098957},
{"mapping": [1, 5, 8, 7, 3, 6, 0, 4, 2, 10, 9, 12, 11, 13], "R": [[0.794659219534949, 0.41519348821000124, -0.4428669011747407], [-0.49410644621669064, 0.018557258304504633, -0.8692033409803098], [-0.3526691716257868, 0.9095438392470324, 0.21989647535272128]], "T": [-0.027909778805473785, 0.02361214251684035, 0.0030809609491637747], "aligned_model": [[0.1189088490945729, -0.7555260293327201, -0.257840404980632, 0.4310875738935039, -0.4917714324750693, -0.08287762208472566, 0.04790455885851071, 0.44248142851122463, 0.5645071697119651, -0.7584833281519971, -0.19899852442519414, 0.3975251335027082, -0.053446905684781845, -0.07117200625126842], [0.19590786141768465, -0.06289729324360027, -0.5376729276907406, -0.2618714801764075, 0.5754482621354062, 0.3038260334086453, 0.722003114872348, 0.07403387601469548, 0.31232647253254, -0.3111643305891521, -0.6342972018867354, -0.5918098245990664, -0.34962819638882064, -0.033095963294100215], [-0.7123757931054637, -0.3996117661536017, -0.469305066062698, -0.4602479679458304, 0.08227666185293184, 0.5080210908012501, -0.13713889663043577, 0.5239294570438077, -0.06245469733671826, 0.17431476326975515, 0.11143529845967608, 0.10765569532170093, 0.742792275624029, -0.02861678078405268]], "inverted": false, "swapped": false, "error_lsq": 0.04776827229679797, "error_max": 0.3213996316521445, "target": "633.xyz", "model": "20.xyz", "model_rescale": 4.121658175737393, "target_rescale": 3.7567231022098957},
{"mapping": [1, 4, 0, 2, 3, 9, 6, 10, 5, 7, 8, 11, 13], "R": [[-0.26867937384598006, 0.7032423674239511, 0.6582260756986834], [-0.6994169204674189, -0.6122890345482243, 0.36867073322393773], [0.6622894876363391, -0.3613202330785813, 0.6563690453810535]], "T": [0.02890717174741428, -0.005928676741268686, -0.029022494955020642], "aligned_model": [[0.08369357173446153, -0.28800534551603474, 0.2704846520998587, 0.6643123677130343, 0.5824553294838191, -0.1946084126520428, -0.41575715156613235, 0.2921923038865857, -0.6792801194455327, -0.29717233135187804, 0.16112156914711584, 0.5541651023533352, 0.14748136877770468], [-0.5308134699911913, 0.027436544278160578, 0.46585402493833816, -0.2061721374152302, 0.3559329219782594, -0.8495950773250505, 0.42423317371552494, -0.6367485186681449, -0.16266694190615302, 0.1984585319981137, 0.5970020671167763, -0.12688243454028372, -0.015211780015936302], [0.5877717626603546, 0.6091256894063237, 0.473783811052116, 0.35459488219751334, -0.04957304896546606, 0.08431860266590606, 0.12844427780874462, -0.16993503553568845, -0.04542014732293699, -0.5728446491776802, -0.4875326222364146, -0.5536092715065422, 0.010985488435559257]], "inverted": true, "swapped": true, "error_lsq": 0.047782463031575295, "error_max": 0.29673208580573535, "target": "633.xyz", "model": "21.xyz", "model_rescale": 4.08911054899281, "target_rescale": 3.7567231022098957},
{"mapping": [10, 14, 13, 7, 9, 11, 5, 8, 6, 15, 2, 0, 1, 16], "R": [[0.32360263726904487, 0.09212630687818626, 0.9416974443702743], [0.1555697145927643, -0.9868847659624773, 0.043087383451686355], [0.933316343505269, 0.13255641173543076, -0.33369057621362663]], "T": [-0.10328046300484979, -0.10525833936890569, -0.0460081743309066], "aligned_model": [[0.19020316044602137, -0.6973882762531751, -0.0980989832710339, 0.35313940461871457, -0.45070888830551353, -0.24476712038493992, -0.02878728227629579, 0.29368929663743076, 0.628746021185382, -0.6893494963348938, -0.39846762745732855, 0.49205686896045336, 0.06364610386345228, -0.08161472124217709], [0.46069898903827833, -0.13030016459524799, -0.49143990715511743, -0.15095751239512412, 0.4578078696092136, 0.29597823607344764, 0.5949840737037737, 0.19627842205034465, 0.034992322304540885, -0.12341879333787029, -0.6549168561226462, -0.5997242291533957, -0.34580653129059846, -0.14306751621690209], [-0.5406748038939762, -0.28732000407344127, -0.5822608339962829, -0.589504888242446, -0.3102004247142752, 0.5902966005758586, -0.0031084900982486854, 0.4359177634462726, -0.051585529942452975, 0.3872357569334592, 0.3173014488224532, -0.012003127832753015, 0.6917387130924199, -0.0651579057222369]], "inverted": true, "swapped": false, "error_lsq": 0.03937177479171715, "error_max": 0.23882772302004646, "target": "633.xyz", "model": "22.xyz", "model_rescale": 4.204369325754507, "target_rescale": 3.7567231022098957},
{"mapping": [8, 1, 4, 7, 6, 2, 5, 11, 9, 3, 12, 13, 14, 15], "R": [[-0.06532320337825614, -0.9812511355435156, -0.18132591677684895], [-0.580337014304433, -0.11046438524994362, 0.8068497811981912], [-0.8117523199403991, 0.15793615351120144, -0.5622404667804222]], "T": [-0.07704264084380856, -0.14042311268263163, -0.023581999632637164], "aligned_model": [[0.014974335774279687, -0.72380584123463, -0.10449515333079781, 0.43824698860497685, -0.41295336197762594, -0.3821991682836076, 0.1577924595859826, 0.3967739033194814, 0.6318173425276186, -0.7211262837538607, -0.3194738926685447, 0.4414155728310272, 0.0025726947087259117, -0.08724113591692845], [0.3707720353734357, -0.017308973914338763, -0.5363775946855116, -0.17950803216458472, 0.4806083298329087, 0.5865443223780408, 0.6571336420774101, 0.0489198367476906, 0.14697606092516508, -0.3613012816677195, -0.6310186763348538, -0.516974754492703, -0.5354674180853376, -0.11188909347690602], [-0.5735679559569409, -0.06896586719592943, -0.6376922799211708, -0.501676672049059, -0.26805570052221395, 0.34209972692098367, -0.019299325044446626, 0.4852011878627831, -0.0862644209383828, 0.4880796955092572, 0.002535873038060431, 0.17825899495271777, 0.6377351385015086, 0.0022858791971832673]], "inverted": true, "swapped": false, "error_lsq": 0.044216551373352064, "error_max": 0.2864049343059684, "target": "633.xyz", "model": "23.xyz", "model_rescale": 4.410303926677745, "target_rescale": 3.7567231022098957},
{"mapping": [2, 10, 1, 0, 4, 15, 5, 6, 12, 9, 11, 7, 14, 16], "R": [[-0.4915258901671549, 0.7508124360412404, -0.44122894871166896], [-0.8683429673421698, -0.3840257632250361, 0.313854590928386], [0.06620264619168957, 0.5374057117906798, 0.8407213037457605]], "T": [-0.08690913845711937, -0.09506349438339257, 0.04629915903325482], "aligned_model": [[0.0910571775178827, -0.6871728504047753, -0.17129977010208056, 0.40411719148210523, -0.3678745589267314, -0.27271057762483925, 0.12649703754449435, 0.37165277509350336, 0.6766203220606215, -0.6147424967359253, -0.32982355201024127, 0.3166077354652659, -0.11070578071290066, -0.09992419246028264], [0.44169574308556026, -0.1955374989810027, -0.6693117999660573, -0.01705480021749925, 0.41792742075659917, 0.3209589845345444, 0.49655328524371456, 0.19869717905822165, 0.14501804722196293, -0.11787921866774545, -0.6586932849505747, -0.591710108103667, -0.27091413036801776, -0.09864141613334262], [-0.6700188307927819, -0.1847255080362078, -0.5857233519553495, -0.5222020265654346, -0.31672029840025295, 0.5955871646122299, 0.03926897155694807, 0.5766987517364526, -0.028262567647270198, 0.3828869963682991, 0.20133313429061628, -0.13383182170683966, 0.6994915224728384, -0.07310786157889695]], "inverted": false, "swapped": false, "error_lsq": 0.03989140802196161, "error_max": 0.2443198229964689, "target": "633.xyz", "model": "24.xyz", "model_rescale": 4.28219845311461, "target_rescale": 3.7567231022098957},
{"mapping": [9, 8, 1, 3, 11, 14, 12, 13, 7, 6, 0, 4, 2, 15], "R": [[-0.9329955125702748, 0.3078424414145265, 0.18641996885439527], [-0.16909040896078548, 0.08229355293813417, -0.9821589508538283], [-0.317691370863617, -0.9478717225493977, -0.02472631129047459]], "T": [-0.05721959630389921, 0.008502062504678783, -0.04872913234499764], "aligned_model": [[0.2529115141970125, -0.6847401945195702, -0.2154174790579112, 0.30387917920979396, -0.30548659334693085, -0.429277133798972, 0.0445361668351766, 0.3528085398290514, 0.7122811950478098, -0.770512126006791, -0.21088479669061827, 0.39376301919605344, -0.046032741297955156, -0.06553008941005234], [0.40333041345448534, -0.14980053462846404, -0.44546220101069817, -0.35268772393141967, 0.48295279048139905, 0.3652511659251749, 0.7364297911421013, 0.2322449827028728, 0.05481829075707886, -0.37031083080866195, -0.7416556674799952, -0.5620804314632561, -0.1920774605577065, -0.059844182070214295], [-0.5012807332311254, -0.2999347124676772, -0.47153792623386703, -0.6311335943442008, -0.14740575647751392, 0.5120274020764958, 0.16147763914862315, 0.3183301137959046, -0.15488630289786123, 0.35116046978369736, 0.23270391185940376, 0.02676173544618001, 0.6058109608433886, -0.021418932947096757]], "inverted": true, "swapped": false, "error_lsq": 0.04386139916336033, "error_max": 0.2705195233156115, "target": "633.xyz", "model": "25.xyz", "model_rescale": 4.100010024507729, "target_rescale": 3.7567231022098957},
{"mapping": [8, 6, 5, 4, 11, 10, 12, 1, 0, 2, 3, 13], "R": [[-0.9627727819504156, 0.26762699698789555, -0.0380047473179158], [-0.2671386894307169, -0.9634994133663582, -0.017487168207662655], [-0.041297590059187504, -0.006683631193072659, 0.9991245358459467]], "T": [-0.032063967598089584, 0.011028530738227668, 0.03716758040127497], "aligned_model": [[-0.7347320287815697, 0.06194026506089075, 0.331911607205704, 0.5696309271723489, -0.5920280104625746, 0.06244585861612303, -0.09241691837476895, 0.6732241306616144, 0.01402233736926578, 0.09037254694856367, -0.46049548121185124, -0.04710963184073913], [-0.2985744652390399, -0.6199877212234033, -0.30278209443406223, -0.3122387687128138, 0.512242654029452, 0.6820072344402159, 0.27988502144654903, 0.35066457781525734, -0.28358744555517884, 0.4962491512638635, 0.07726714870159465, 0.08498609751820514], [-0.0033447172764765956, 0.0604711540206638, 0.5806836138837337, -0.16835953092088893, 0.06785413503198494, 0.2043936244089209, 0.7031300131773309, -0.17767377040195448, -0.6297883829015699, -0.5464159594441922, -0.46267298264286316, -0.06308490708033229]], "inverted": false, "swapped": true, "error_lsq": 0.04181445384766419, "error_max": 0.22811212592042715, "target": "633.xyz", "model": "26.xyz", "model_rescale": 3.6694154284099745, "target_rescale": 3.7567231022098957},
{"mapping": [4, 11, 2, 0, 10, 9, 8, 7, 5, 12, 6, 1, 3, 13], "R": [[-0.27193095030579817, 0.29097265617031787, -0.9172722996073606], [-0.17571617585853408, 0.9221527763930353, 0.34461294597311537], [0.9461381420318273, 0.2548905065941189, -0.19963327839003991]], "T": [-0.024463386740837288, 0.024814523803161348, 0.0013894615196305368], "aligned_model": [[0.08702582919618826, -0.8689924228659176, -0.33879143016899127, 0.32367343928954856, -0.37244342195534214, -0.41836130547175865, 0.14726958679412577, 0.31701626075887074, 0.7650701550978171, -0.6413254147835981, -0.0837757964023707, 0.5639246120956388, -0.09877210128695346, -0.04921953011116076], [0.3835746686093802, -0.036347999208414083, -0.33872211104868144, -0.2446976517466271, 0.4337946511590803, 0.35525962039457243, 0.6402800496039611, 0.11136530701801767, 0.02310403650881679, -0.3975149370685691, -0.6516302322199885, -0.6283812314606425, -0.24345027030367444, -0.005525497724535047], [-0.7296316621952006, -0.1371938064664178, -0.4794105410162567, -0.4916595023014593, -0.2697855196506184, 0.44917736134330183, -0.006805950711231801, 0.5229535869987643, -0.049721792290815754, 0.2675696226816056, 0.10186314918617825, 0.08373945742919142, 0.7599034267957244, -0.04032355544841504]], "inverted": false, "swapped": false, "error_lsq": 0.038110267402247634, "error_max": 0.2018393916114389, "target": "633.xyz", "model": "27.xyz", "model_rescale": 4.103607728864725, "target_rescale": 3.7567231022098957},
