[{"mapping": [7, 9, 8, 1, 6, 4, 10, 11, 5, 3, 2, 12], "R": [[0.21763603837101483, 0.7197683648378432, -0.6592177605168323], [0.940479671661528, 0.025977000370419168, 0.3388556958989769], [0.2610221101623287, -0.6937281141992249, -0.6712739839856692]], "T": [-0.056046006040139894, -0.06485267858926777, 0.0813569803414298], "aligned_model": [[-0.2115918555956848, 0.13546872035971924, 0.3121803829845714, -0.3150466508570335, -0.04024352903936187, -0.567106659967548, 0.5015323484000022, -0.22554549715761554, 0.6980245979797516, 0.2028137225858265, -0.5704717046574578, -0.08237141257462058], [-0.2197375344941482, -0.7061120281687452, -0.44759145022544355, 0.5930220501513677, 0.43283004805264635, -0.6360853176309154, -0.2773412038146894, -0.4924268544493261, 0.15099035959471258, 0.5101530226996183, 0.18541469716448403, -0.03956075290250378], [-0.7303389888860782, 0.0392806412299207, -0.4051392038446827, -0.0021817149772744293, -0.5785341550617411, -0.029632033343517328, 0.5016759275729725, 0.5632927573086707, 0.007206240211074022, 0.3890324811624312, 0.4216018405175448, 0.005687953464242404]], "inverted": true, "swapped": true, "error_lsq": 0.04628925607679261, "error_max": 0.2757466456394951, "target": "635.xyz", "model": "0.xyz", "model_rescale": 3.751011558992144, "target_rescale": 4.131947507143276},
{"mapping": [9, 12, 11, 7, 10, 0, 13, 5, 8, 4, 1, 6, 14], "R": [[0.6565188703287722, 0.5381220376645945, -0.5285902434607902], [-0.7228327183937941, 0.2484929411701705, -0.6447977352690039], [-0.21562892691304378, 0.8054042033465575, 0.5521125203344209]], "T": [0.022582323002613952, -0.15494666086006229, -0.07279541424006425], "aligned_model": [[0.13726635226210201, -0.5858510848524613, -0.10039706155167086, -0.4804081870836274, 0.6627525381122326, -0.430424610739801, -0.24447156496194236, 0.31529962243306786, 0.4628652499919582, 0.6949663551143916, -0.010788830205780225, -0.029891484869214627, -0.002700466783245585], [0.06845577078804058, 0.160285256193104, 0.6132685309087618, 0.09418153958671543, 0.31553218908549585, -0.5798772166869179, -0.4133589924538088, -0.4548565649510308, -0.6275321273906974, -0.07911497451946224, -0.1842930779159824, 0.45180333771226133, -0.12279255837073436], [-0.6819986219637413, -0.35987159011339626, -0.2501438820567169, 0.28020984110690217, -0.27598373961647577, 0.36277692097586756, -0.6968206429799579, -0.5358900903462664, 0.0796256248772132, 0.33674486292160505, 0.6226977225883001, 0.3663249382717004, -0.10927426670443494]], "inverted": true, "swapped": false, "error_lsq": 0.042093404612081, "error_max": 0.34360168761669413, "target": "635.xyz", "model": "1.xyz", "model_rescale": 3.9405287249114394, "target_rescale": 4.131947507143276},
{"mapping": [11, 5, 9, 2, 10, 1, 0, 6, 7, 3, 4, 8, 12], "R": [[0.6011543861533112, -0.4223556421964665, 0.6784018834831211], [-0.5006597372598854, -0.8607189276998021, -0.0922103843727253], [0.6228589178100434, -0.28421583172672427, -0.7288814234842237]], "T": [0.02968480950155306, -0.11276937891026009, -0.047617587454164806], "aligned_model": [[0.13115346160050578, -0.48924101806200226, 0.04052993335381658, -0.6406509020224136, 0.5961282421421947, -0.4075046685321414, -0.43201046928186543, 0.23401200108055506, 0.5087803702355111, 0.5815740158946895, 0.12695096029388736, 0.18264127299179161, -0.0441463728285203], [0.1513630545545551, 0.15270930327796853, 0.6829726778840185, -0.020410091235017108, 0.5060722453627535, -0.6655929924384308, -0.5829310472463445, -0.44601024478718665, -0.7104267718615861, -0.10542386818984234, -0.1412652024053924, 0.5164473141911732, -0.09580326512092345], [-0.7014925443613392, -0.4815684316379616, -0.17822413180589203, 0.03168829730472242, -0.13516186766592744, 0.31359944561674047, -0.5659953102127825, -0.42518429345518094, 0.15776726469364996, 0.1012582867091851, 0.646228941568059, 0.37827024227194805, -0.002788822064621624]], "inverted": false, "swapped": false, "error_lsq": 0.04852102907970077, "error_max": 0.2666488643162552, "target": "635.xyz", "model": "2.xyz", "model_rescale": 3.932901565614263, "target_rescale": 4.131947507143276},
{"mapping": [5, 12, 6, 10, 4, 11, 9, 7, 3, 0, 1, 2, 13], "R": [[0.7536201197966292, 0.01642825779077195, 0.6571048830922459], [-0.3455200461849783, 0.8603314982645311, 0.3747607380426044], [-0.5591713625732677, -0.5094701418531482, 0.6540394191775356]], "T": [0.055138995223388165, -0.20587320885577517, -0.035127980579573816], "aligned_model": [[-0.02067582352946344, -0.5418218864001918, -0.16907862779838367, -0.5870010648773939, 0.6940369838090691, -0.5753101038627039, -0.18952289314690213, 0.4746604424539442, 0.2823881800325918, 0.6250430959422212, 0.04264111900841844, 0.37729604561441343, -0.02443864037961023], [0.1897644486319011, 0.09598367458579829, 0.4364702563711703, 0.02205540338169712, 0.3397860891056316, -0.7378712312141285, -0.40995001225611116, -0.3919360083214572, -0.6029826182373427, -0.10040110721625181, 0.03635134799962897, 0.5038612057029256, -0.13943033654771664], [-0.6305460210266224, -0.403434833474919, -0.09688225888047197, 0.18589267736555182, -0.2744848172632399, 0.307247158757038, -0.6971598212653745, -0.5820511354338141, 0.1914716731390362, 0.30107921878208027, 0.6648289381364796, 0.2593066451910243, -0.08687034706616878]], "inverted": true, "swapped": false, "error_lsq": 0.04187252046163676, "error_max": 0.2744534686824005, "target": "635.xyz", "model": "3.xyz", "model_rescale": 3.9243930471874484, "target_rescale": 4.131947507143276},
{"mapping": [4, 2, 3, 0, 10, 1, 7, 8, 9, 11, 5, 6, 12], "R": [[0.21289880980788892, -0.43521161478949766, -0.8747942313108281], [-0.41975827896451545, 0.7677485026190113, -0.4841128215271873], [0.8823134839857842, 0.47026916449899653, -0.019230935970030786]], "T": [0.1452212484266533, -0.07362085354006259, -0.07721919428433004], "aligned_model": [[-0.016773337273899624, -0.6772798933181247, -0.11579378892582515, -0.6479996527844303, 0.6985339014326691, -0.31939194402264015, -0.3581826090045074, 0.4279280243385455, 0.5087922699771522, 0.7618881340441179, -0.1817301204046422, 0.24131137473608472, 0.06691446807150843], [0.06702888440100216, 0.12883375705765682, 0.5420214575717364, 0.07910435498385276, 0.27280606576119687, -0.57770979844802, -0.44601421796366353, -0.40771198826422683, -0.6597207722056146, -0.10962735373079441, -0.034380059767361235, 0.4606888638966509, -0.07361808130666989], [-0.6307015109493636, -0.4428945869344789, -0.15343641943377556, 0.18885967733796732, -0.34360466146637353, 0.12325329012722964, -0.5780450096821342, -0.5297635141784715, 0.07107237461233558, 0.41731044639900616, 0.6048263044166831, 0.3990121866800575, 0.012508500031917419]], "inverted": true, "swapped": false, "error_lsq": 0.04193234002963457, "error_max": 0.2534907678714833, "target": "635.xyz", "model": "4.xyz", "model_rescale": 3.8936222436046832, "target_rescale": 4.131947507143276},
{"mapping": [7, 8, 4, 0, 11, 10, 5, 3, 1, 6, 2, 12], "R": [[0.5601690206452534, -0.08127825142041073, 0.8243812917305792], [0.21942542592143127, -0.9450683667309674, -0.24227724751544558], [0.798788551976389, 0.3166064245249968, -0.5115635064984223]], "T": [-0.16636898022806235, 0.0406811251193243, -0.009853754886837172], "aligned_model": [[0.06849154454898759, -0.4802213776065173, -0.34141536239519665, 0.3663460044164455, -0.5978550579692042, -0.7523215979628602, -0.3287873133761664, 0.063782022653332, 0.5162369405731262, 0.4576926817085645, 0.16245162375129807, -0.10685206612671164], [-0.6118915412177616, -0.5975101901871296, 0.12815475169544982, -0.016458809861390825, 0.500126292556179, 0.12389209835018003, -0.3592125054830758, 0.24501962697167468, 0.15558817147089052, -0.49491606774751185, 0.6067327277409318, -0.01060164917862863], [-0.4852731754135659, -0.1237251553463451, -0.7591970739347691, -0.5351330187826739, -0.22558912358421893, 0.41728612360520356, 0.6492474471317279, 0.6206860312947425, 0.15659363599870132, 0.0742700488481147, -0.13025606885549654, -0.03962495168590188]], "inverted": true, "swapped": true, "error_lsq": 0.036762945365378996, "error_max": 0.19902987309144907, "target": "635.xyz", "model": "5.xyz", "model_rescale": 3.6523030999806103, "target_rescale": 4.131947507143276},
{"mapping": [1, 5, 0, 7, 2, 9, 8, 6, 10, 4, 11, 3, 12], "R": [[0.32531142975587124, 0.8843541951415285, 0.33479864277767035], [0.5027885053664692, -0.4616270677717007, 0.7308243080055928], [0.8008596584555516, -0.06941259133673733, -0.5948156854205984]], "T": [0.02951922327371715, -0.1295191668329289, -0.10607323024794757], "aligned_model": [[0.22540495929541188, -0.5367117643207469, -0.24370469628035946, -0.4366855865551088, 0.7314788961057349, -0.28570201440897874, -0.33149152426202466, 0.3436015502537707, 0.48555148882132537, 0.4544445365602784, -0.02865760904886768, 0.04410609758191671, -0.033417506876343185], [0.29165502669824767, 0.10027122090046989, 0.8076592586445346, 0.11171511191902231, 0.13962437577604775, -0.712391565940552, -0.5132056409339477, -0.486332295951544, -0.7221338935522379, -0.03778432667217564, -0.2003087277574115, 0.5094626592556339, -0.04653009040034212], [-0.6224218945437355, -0.40687611650384187, -0.2910300335880429, 0.3312792108618258, -0.21107801775106294, 0.1829911446808124, -0.5257862660499154, -0.5495381610367154, 0.11644733087373277, 0.2682993103528772, 0.7692400264699016, 0.166195298918429, -0.08932475572366533]], "inverted": false, "swapped": false, "error_lsq": 0.05214815188226652, "error_max": 0.3323611468635589, "target": "635.xyz", "model": "6.xyz", "model_rescale": 4.08911054899281, "target_rescale": 4.131947507143276},
{"mapping": [1, 11, 9, 10, 0, 5, 13, 2, 7, 6, 4, 3, 14], "R": [[0.32094569485820923, -0.3959035761922373, -0.8603802759885764], [-0.6317037753465105, -0.7663321724237725, 0.11698436528539641], [-0.705651614583958, 0.5059598401715881, -0.4960447953245698]], "T": [-0.0877618609080738, -0.09025018659148512, -0.038934627711591244], "aligned_model": [[0.12806677972075547, -0.5575890556444313, -0.12201095707751929, -0.760573205997597, 0.7308743019249843, -0.28004701647037306, -0.1918733377067548, 0.5397142138730996, 0.24875017770377006, 0.3900504341135867, -0.007829989469296514, 0.389635113478473, -0.11895063158268859], [0.19383390881749266, 0.054929528992993915, 0.6676874335191398, -0.07275632694263358, 0.34904355306736046, -0.5954823131683934, -0.5175249393454373, -0.3454408372760148, -0.7859265906169995, -0.13907485251499377, -0.034119676477308444, 0.4152366384270292, 0.051295585503510044], [-0.6797624388085892, -0.35942849696049173, -0.23620315368674172, 0.21854111346686617, -0.18560441431538388, 0.497971459801193, -0.6241624537840279, -0.4763029515207946, 0.0067047553789039566, 0.09691282046858939, 0.6591411213764801, 0.33925399565649234, -0.11866428011189649]], "inverted": false, "swapped": false, "error_lsq": 0.04330877608700524, "error_max": 0.2847272268161635, "target": "635.xyz", "model": "7.xyz", "model_rescale": 3.964800864290218, "target_rescale": 4.131947507143276},
{"mapping": [2, 0, 6, 3, 12, 5, 1, 7, 8, 9, 10, 11, 13], "R": [[0.7586883668046266, 0.2565099923863389, 0.5988276762819909], [-0.20640171053498696, 0.9665093369809016, -0.15250585371378317], [-0.6178918157441156, -0.00789463961803892, 0.7862234915733194]], "T": [-0.007360107236072711, 0.01942890249698647, -0.12600706012715457], "aligned_model": [[-0.007727153844826518, -0.609341806237752, -0.23214779869875354, -0.6971655796306421, 0.739909931400705, -0.2927506761041434, -0.16529333099757937, 0.40564421727717936, 0.3443738277538405, 0.51314284218398, -0.01704118208101806, 0.38577358405624845, 0.020839951788769927], [0.21271332633490947, 0.09009739267277386, 0.5371282898763357, 0.0900950036638187, 0.08975939217930393, -0.5940052777426591, -0.5493500010835276, -0.3382359132679056, -0.6261789639938025, -0.09932268577896636, -0.1305299425585239, 0.5967151662203227, -0.0371846745363344], [-0.7594498156564298, -0.5078229464991983, 0.008021523587155521, 0.08644860137140595, -0.21154096489832397, 0.3652377390140208, -0.5893293527555592, -0.582467871653107, 0.09878462812889294, 0.30854036733684365, 0.6818002402772771, 0.3204453953268443, -0.08027046661922238]], "inverted": false, "swapped": false, "error_lsq": 0.03635329439764415, "error_max": 0.22487498556704832, "target": "635.xyz", "model": "8.xyz", "model_rescale": 4.121658175737393, "target_rescale": 4.131947507143276},
{"mapping": [11, 3, 10, 0, 7, 1, 2, 8, 6, 9, 4, 5, 12], "R": [[0.3472190993927089, -0.5274871432162718, 0.7753684354927356], [-0.40841387052822964, 0.6592234400872208, 0.6313656360617995], [-0.8441783030717306, -0.5358934313658891, 0.013461903350812078]], "T": [0.06986272818248009, -0.03602399709620944, -0.1082974110119536], "aligned_model": [[0.17689294491941626, -0.5014109119972749, -0.2587429001928302, -0.598209453249447, 0.675280369045403, -0.28721848050619203, -0.3884423541315721, 0.36417666950165395, 0.43045797850041234, 0.6983023403577499, -0.037645161000303864, 0.08753880870794804, 0.02723697691104507], [0.2454121193321108, 0.12728603045491435, 0.6375498006692183, 0.06225080015801695, 0.2263079973764466, -0.5252413565160148, -0.46983342875148504, -0.4702133382646552, -0.6151013647192437, -0.13987597923845183, -0.19136339193297172, 0.4519621527677499, -0.09743892934988924], [-0.6671984037007244, -0.627585630026255, -0.22994242964934353, 0.2952442445128572, -0.24923113700107302, 0.2204747005749031, -0.39831858160286465, -0.6136806890180468, 0.013450352207326918, 0.4278632334679177, 0.7591353782541286, 0.27021940498699637, -0.06203336604522272]], "inverted": false, "swapped": false, "error_lsq": 0.039743612405414026, "error_max": 0.24216246288256207, "target": "635.xyz", "model": "9.xyz", "model_rescale": 3.833441315466971, "target_rescale": 4.131947507143276},
{"mapping": [1, 5, 0, 2, 12, 9, 4, 6, 7, 11, 8, 10, 14], "R": [[-0.8495213768117678, -0.2154933821679289, 0.4815350792846412], [-0.3829508348621615, 0.8796976671573168, -0.2819231676828786], [-0.36285270898563265, -0.4239040181925644, -0.829845343990063]], "T": [0.03993070829408922, -0.06391390673936254, -0.09841168774654], "aligned_model": [[0.13018692374215507, -0.5180228959680048, -0.08372685283924033, -0.6315679733297432, 0.5782414177794026, -0.31230816821609053, -0.22393960259139062, 0.3111800757627942, 0.27733970866128055, 0.5725574592978362, 0.003434985870556337, 0.290017747534652, -0.005175998838198914], [0.3608543433391279, 0.08582066578786252, 0.5935925862717133, -0.1921533366507469, 0.1253930520735757, -0.48612170998318954, -0.53767171292629, -0.2819801214773307, -0.6218910378065414, -0.16918350705190277, -0.01572136789450057, 0.5155118316358023, -0.13474857333183438], [-0.6959354799189309, -0.45012539909148963, -0.22575759826784247, 0.12361178876234843, -0.2918141507845989, 0.49789232136926576, -0.6830813211296916, -0.6815930271964552, 0.1776543632856494, 0.3145824240865479, 0.6787014982316746, 0.42834862779759286, -0.054086970183470674]], "inverted": true, "swapped": false, "error_lsq": 0.042663090025179685, "error_max": 0.21867027013744886, "target": "635.xyz", "model": "10.xyz", "model_rescale": 4.2482417240324, "target_rescale": 4.131947507143276},
{"mapping": [2, 3, 10, 5, 4, 9, 11, 8, 6, 7, 0, 12], "R": [[-0.027267346517836875, -0.8669916025757781, 0.4975761779636969], [0.9886019531648821, -0.09711596270947423, -0.11504202704052237], [0.14806306093167357, 0.48876789056779946, 0.8597576862915779]], "T": [-0.05391488036733133, -0.03199040932156782, 0.01723746266534705], "aligned_model": [[-0.6654415833861234, 0.044716433396373836, 0.3964041337785257, 0.6617759732586614, -0.44580691810676365, 0.2177392797522945, -0.2902565145732987, 0.47158439506141886, 0.07307138109717776, 0.027038013879664535, -0.5515776215438639, -0.06248137025106003], [-0.2775535404840917, -0.7238573539660187, -0.1357615026027539, -0.36057675112713217, 0.6330901563032975, 0.512210536396925, 0.1912308997083367, 0.4224517550007327, -0.21185214189513532, 0.4668010647845927, 0.16811634425092592, -0.01816807631903928], [0.11087486838268114, 0.07965640432638892, 0.582177599133287, -0.005711246584403015, 0.07966144077069671, 0.2995692004011757, 0.5987241139380466, -0.17273887513838226, -0.7795801901358933, -0.6548398175895753, -0.5074125305040872, -0.06518867714557801]], "inverted": false, "swapped": true, "error_lsq": 0.0485175210014275, "error_max": 0.2933511291896894, "target": "635.xyz", "model": "11.xyz", "model_rescale": 3.6694154284099745, "target_rescale": 4.131947507143276},
{"mapping": [0, 6, 4, 11, 1, 9, 5, 12, 10, 2, 8, 3, 13], "R": [[0.4414952584174252, -0.6903727692392644, 0.573120734477336], [-0.746243869014995, 0.07213635654208239, 0.6617525474241601], [-0.4981987803602722, -0.7198484462425017, -0.48333858700686655]], "T": [-0.030403819906705414, -0.15750934936211394, -0.12307870036146212], "aligned_model": [[0.04892324642951286, -0.505696416296128, -0.13892818561546869, -0.6177824385302974, 0.6420743298731248, -0.3709881003668946, -0.22297271269137728, 0.4850427288358862, 0.2103432360287965, 0.530723169491573, 0.036429442507497176, 0.2844981371030503, 0.006550390096733822], [0.24789796636617042, -0.032478435348327395, 0.5734325928861613, 0.05410968852790779, 0.35038019293059774, -0.5770224217332081, -0.4722967338837767, -0.45690708345043085, -0.7026122496568398, -0.12018404267173671, -0.04971191110672485, 0.4937664149712876, -0.066672865845335], [-0.7062510499511312, -0.4029341126942393, -0.08276754979338616, 0.27091671851218047, -0.20241875959989813, 0.47080461890526853, -0.8360982769190619, -0.4493368075076628, 0.09699508375902102, 0.20866954249991443, 0.6229178670915927, 0.34374625277053483, -0.1958464501125336]], "inverted": true, "swapped": false, "error_lsq": 0.040603878008038614, "error_max": 0.24717414241969635, "target": "635.xyz", "model": "12.xyz", "model_rescale": 3.9764082729961374, "target_rescale": 4.131947507143276},
{"mapping": [8, 7, 3, 4, 11, 5, 2, 1, 12, 13, 6, 14, 15], "R": [[-0.05259690298042485, 0.5554534484628526, -0.8298825413199105], [0.42063689378321584, -0.7413892622459516, -0.522882936626174], [-0.9057031353513554, -0.3765812374735749, -0.1946494341055109]], "T": [0.03248704790735245, -0.18691063143366365, -0.05705109186578882], "aligned_model": [[0.2039053301343654, -0.5951484759794199, -0.07090665956381394, -0.6158007300103209, 0.5882874711013744, -0.3649399124150033, -0.23959299844612514, 0.25709561918055496, 0.4865634116350406, 0.5048351768425492, -0.017377822715792565, 0.28220263005397617, -0.030906212951376064], [0.1593395171010954, 0.08320804074885507, 0.6155620199998231, -0.07417385810682237, 0.3604654186561696, -0.7060475269052275, -0.2977531197635822, -0.5369976235338336, -0.6303396937009933, -0.12203805465583295, 0.02172803493893638, 0.47175343214768245, -0.10300547494052478], [-0.648979671853735, -0.37976342664201, -0.28897959867400314, 0.23083273665128112, -0.20540892992906404, 0.4677084728910601, -0.7986344688796219, -0.536960110257673, 0.009272792134056886, 0.32656243769296145, 0.6761898012049888, 0.32058870867799744, -0.034031666055639224]], "inverted": true, "swapped": false, "error_lsq": 0.037805036613770916, "error_max": 0.2766254087803679, "target": "635.xyz", "model": "13.xyz", "model_rescale": 4.170626492500431, "target_rescale": 4.131947507143276},
{"mapping": [6, 2, 4, 0, 12, 1, 3, 11, 9, 10, 7, 8, 13], "R": [[-0.08735207652005267, -0.43592155551793355, -0.8957354588060363], [-0.49360229461495, -0.7620900611424776, 0.4190173188052151], [-0.8652897719715006, 0.47873911073013486, -0.14860173073968103]], "T": [-0.004633388127072684, -0.020109366309869446, -0.10305989586093237], "aligned_model": [[0.03475385171984248, -0.5749770731793991, -0.06550099489770371, -0.4950522326365356, 0.6055790612293852, -0.31544510576355295, -0.26405435955956974, 0.44847656456806334, 0.3414991052838937, 0.4474322500528456, -0.036154671522174095, 0.2066478492471022, 0.055012582323811565], [0.015191252085443759, 0.1822041556394743, 0.6833624535320232, -0.006984270379283057, 0.3840522527909314, -0.6172856618784827, -0.5147794721494192, -0.38900509647397574, -0.7315857856855574, -0.11826720649161696, -0.08454724451181836, 0.4751626256077842, -0.0358168900997583], [-0.9425191138746709, -0.3613416935039906, -0.17003499367625746, 0.23631525840746528, -0.10358285129346166, 0.2678727369528383, -0.5073813649911182, -0.5008877005282886, 0.07100917129729714, 0.2199416554707401, 0.7045810958146789, 0.40843026588265485, -0.18400538899728758]], "inverted": true, "swapped": false, "error_lsq": 0.042180996335178876, "error_max": 0.27975378834595926, "target": "635.xyz", "model": "14.xyz", "model_rescale": 3.9786697098870705, "target_rescale": 4.131947507143276},
{"mapping": [0, 4, 6, 1, 8, 5, 11, 10, 3, 2, 9, 12], "R": [[-0.9251505893697262, -0.34418703562107317, -0.16009894284231346], [0.21870726199177243, -0.8280200942516992, 0.5162846666980041], [-0.31026363070928964, 0.4426262622413915, 0.8413194823806853]], "T": [0.02755165629404155, -0.008717996973382046, 0.0017567559901776643], "aligned_model": [[-0.03416504100922031, -0.669509783748229, 0.5665848418269174, 0.5613048046123383, -0.1521844383681013, 0.49581495495698674, -0.48020987750580324, -0.023239573629017157, 0.6208886259930005, 0.04875078340518095, -0.5007197798567808, 0.050039080090064414], [-0.48092847794243265, -0.22614214111147954, 0.014624412282704615, -0.4513557404653835, 0.5946088052439952, 0.6050593387837594, -0.14312652280207674, 0.4433621777987005, -0.07283071523278382, -0.6527294580162863, 0.4037688157895878, -0.01963600410386549], [-0.5780508354143381, -0.2563912081892138, -0.6245758090942013, -0.1596080823213267, -0.3481716425675124, 0.15896963866032413, 0.41154257742656597, 0.5725078213728274, 0.37073497915562936, 0.16859188027747693, 0.022870287384243796, -0.07845311281664533]], "inverted": false, "swapped": true, "error_lsq": 0.05324790298496313, "error_max": 0.2850368883905006, "target": "635.xyz", "model": "15.xyz", "model_rescale": 3.769337070930944, "target_rescale": 4.131947507143276},
{"mapping": [2, 10, 0, 4, 1, 3, 6, 5, 7, 9, 12], "R": [[-0.7023489404231827, -0.6144711265390694, -0.3593482997542071], [0.3898450335441259, 0.09034315580414726, -0.9164381943264515], [0.595589469103855, -0.7837495447202216, 0.17609609718399105]], "T": [-0.10488451160407937, -0.03417040644914177, -0.030162140515988346], "aligned_model": [[-0.25412853933335483, -0.27826440357754023, -0.03506482409163621, -0.6902321179545143, 0.3679411697853304, 0.29789603606227294, 0.6175624112957341, 0.3734605490636856, 0.10874903339605586, -0.5278041879832681, -0.057488995971594514], [0.11646987666075856, -0.7171668214933721, 0.6934249412818603, 0.45717439874779325, 0.17732193295640475, -0.4642607561306187, 0.3565701238293812, -0.5668430394688323, 0.6232291257694471, -0.11356369845765693, 0.03370841393017663], [-0.6610883239420382, 0.16001756973324974, -0.19956920444549928, 0.09536372615600383, -0.5185943996247537, -0.4110745332744084, 0.06357369495276877, 0.2987069735824886, 0.4486078876314208, 0.48413107806608363, -0.015856861611538757]], "inverted": false, "swapped": true, "error_lsq": 0.04974784033780548, "error_max": 0.28269010017168184, "target": "635.xyz", "model": "16.xyz", "model_rescale": 3.7852294659196426, "target_rescale": 4.131947507143276},
{"mapping": [5, 6, 7, 11, 1, 9, 10, 4, 0, 3, 8, 2, 12], "R": [[0.40389275567924027, 0.8679646510484829, 0.28897751891819423], [0.06261272340156993, 0.288920082167973, -0.9553035292451768], [-0.9126611029172156, 0.4039338443982349, 0.06234709753945637]], "T": [0.08587247823199441, -0.04662374336980171, -0.028362007155876043], "aligned_model": [[0.20481016296507465, -0.5554925653365759, -0.20548212943971916, -0.5366156847961223, 0.6042924023837924, -0.383130249229481, -0.43626510205148483, 0.41452965519920076, 0.37954281887632485, 0.7773407793486637, -0.056127635633549125, 0.17379609223943154, 0.007018282340452639], [0.1416899142538152, 0.15065860367523404, 0.5559827480272511, 0.186736277085907, 0.36340591206616757, -0.6932580440622552, -0.49638507048100566, -0.38202614504981314, -0.656414884056847, -0.07011837573133811, -0.2297306433880245, 0.46486977894741743, -0.09370895930076352], [-0.646909340884777, -0.6089856308008952, -0.23670046805788286, 0.2814502943688786, -0.2216768233303581, 0.30203519064325796, -0.445905024305034, -0.5587169581696485, 0.059157427852335145, 0.3638304991004003, 0.5803363927766019, 0.2952594318089499, -0.024777914041228682]], "inverted": true, "swapped": false, "error_lsq": 0.041882329263368476, "error_max": 0.24519251484188212, "target": "635.xyz", "model": "17.xyz", "model_rescale": 3.901054581598922, "target_rescale": 4.131947507143276},
{"mapping": [9, 12, 11, 7, 10, 0, 13, 5, 8, 4, 1, 6, 14], "R": [[0.6565188703287722, 0.5381220376645945, -0.5285902434607902], [-0.7228327183937941, 0.2484929411701705, -0.6447977352690039], [-0.21562892691304378, 0.8054042033465575, 0.5521125203344209]], "T": [0.022582323002613952, -0.15494666086006229, -0.07279541424006425], "aligned_model": [[0.13726635226210201, -0.5858510848524613, -0.10039706155167086, -0.4804081870836274, 0.6627525381122326, -0.430424610739801, -0.24447156496194236, 0.31529962243306786, 0.4628652499919582, 0.6949663551143916, -0.010788830205780225, -0.029891484869214627, -0.002700466783245585], [0.06845577078804058, 0.160285256193104, 0.6132685309087618, 0.09418153958671543, 0.31553218908549585, -0.5798772166869179, -0.4133589924538088, -0.4548565649510308, -0.6275321273906974, -0.07911497451946224, -0.1842930779159824, 0.45180333771226133, -0.12279255837073436], [-0.6819986219637413, -0.35987159011339626, -0.2501438820567169, 0.28020984110690217, -0.27598373961647577, 0.36277692097586756, -0.6968206429799579, -0.5358900903462664, 0.0796256248772132, 0.33674486292160505, 0.6226977225883001, 0.3663249382717004, -0.10927426670443494]], "inverted": true, "swapped": false, "error_lsq": 0.042093404612081, "error_max": 0.34360168761669413, "target": "635.xyz", "model": "18.xyz", "model_rescale": 3.9405287249114394, "target_rescale": 4.131947507143276},
{"mapping": [9, 5, 11, 2, 13, 1, 8, 7, 4, 12, 3, 14, 15], "R": [[0.6494236497485555, -0.2714625849809484, -0.7103217497041234], [-0.7527920095930507, -0.3615434436239684, -0.5500822926302746], [-0.10748541035937048, 0.8919609875594248, -0.4391497275780709]], "T": [0.0696839062318944, -0.12603214245919986, -0.018858944715252735], "aligned_model": [[0.06601952239957003, -0.5819775148951047, -0.02421228098596663, -0.7691972464043988, 0.5645565823890073, -0.2639837214202023, -0.27429923116409044, 0.3690093824905462, 0.529098513045489, 0.4310666078583617, -0.04163129591929625, 0.34834796589172384, 0.035419543580369646], [0.18637562683303954, 0.02224856642999734, 0.5580769293417185, 0.05991643769780389, 0.2969303052098333, -0.48691441276280584, -0.5376070100826937, -0.28049721059011223, -0.6830527677467655, -0.24177273424983786, -0.01603432119481471, 0.4719290339606375, -0.10789733086025541], [-0.7198566657768205, -0.5134424728931785, -0.22475087220501763, 0.11162791401866473, -0.18479160463151123, 0.4215378368544762, -0.5522948687622518, -0.6370582256362085, -0.13432006659893267, 0.37629383660673354, 0.8183614563507349, 0.38676124144994906, -0.009670431816038494]], "inverted": true, "swapped": false, "error_lsq": 0.03945206434659813, "error_max": 0.23580644741632376, "target": "635.xyz", "model": "19.xyz", "model_rescale": 4.410303926677745, "target_rescale": 4.131947507143276},
{"mapping": [2, 0, 6, 3, 12, 5, 1, 7, 8, 9, 10, 11, 13], "R": [[0.7586883668046266, 0.2565099923863389, 0.5988276762819909], [-0.20640171053498696, 0.9665093369809016, -0.15250585371378317], [-0.6178918157441156, -0.00789463961803892, 0.7862234915733194]], "T": [-0.007360107236072711, 0.01942890249698647, -0.12600706012715457], "aligned_model": [[-0.007727153844826518, -0.609341806237752, -0.23214779869875354, -0.6971655796306421, 0.739909931400705, -0.2927506761041434, -0.16529333099757937, 0.40564421727717936, 0.3443738277538405, 0.51314284218398, -0.01704118208101806, 0.38577358405624845, 0.020839951788769927], [0.21271332633490947, 0.09009739267277386, 0.5371282898763357, 0.0900950036638187, 0.08975939217930393, -0.5940052777426591, -0.5493500010835276, -0.3382359132679056, -0.6261789639938025, -0.09932268577896636, -0.1305299425585239, 0.5967151662203227, -0.0371846745363344], [-0.7594498156564298, -0.5078229464991983, 0.008021523587155521, 0.08644860137140595, -0.21154096489832397, 0.3652377390140208, -0.5893293527555592, -0.582467871653107, 0.09878462812889294, 0.30854036733684365, 0.6818002402772771, 0.3204453953268443, -0.08027046661922238]], "inverted": false, "swapped": false, "error_lsq": 0.03635329439764415, "error_max": 0.22487498556704832, "target": "635.xyz", "model": "20.xyz", "model_rescale": 4.121658175737393, "target_rescale": 4.131947507143276},
{"mapping": [1, 5, 0, 7, 2, 9, 8, 6, 10, 4, 11, 3, 12], "R": [[0.32531142975587124, 0.8843541951415285, 0.33479864277767035], [0.5027885053664692, -0.4616270677717007, 0.7308243080055928], [0.8008596584555516, -0.06941259133673733, -0.5948156854205984]], "T": [0.02951922327371715, -0.1295191668329289, -0.10607323024794757], "aligned_model": [[0.22540495929541188, -0.5367117643207469, -0.24370469628035946, -0.4366855865551088, 0.7314788961057349, -0.28570201440897874, -0.33149152426202466, 0.3436015502537707, 0.48555148882132537, 0.4544445365602784, -0.02865760904886768, 0.04410609758191671, -0.033417506876343185], [0.29165502669824767, 0.10027122090046989, 0.8076592586445346, 0.11171511191902231, 0.13962437577604775, -0.712391565940552, -0.5132056409339477, -0.486332295951544, -0.7221338935522379, -0.03778432667217564, -0.2003087277574115, 0.5094626592556339, -0.04653009040034212], [-0.6224218945437355, -0.40687611650384187, -0.2910300335880429, 0.3312792108618258, -0.21107801775106294, 0.1829911446808124, -0.5257862660499154, -0.5495381610367154, 0.11644733087373277, 0.2682993103528772, 0.7692400264699016, 0.166195298918429, -0.08932475572366533]], "inverted": false, "swapped": false, "error_lsq": 0.05214815188226652, "error_max": 0.3323611468635589, "target": "635.xyz", "model": "21.xyz", "model_rescale": 4.08911054899281, "target_rescale": 4.131947507143276},
{"mapping": [2, 14, 15, 9, 1, 10, 13, 0, 6, 8, 5, 11, 16], "R": [[-0.8468435724395071, -0.38094944694071603, -0.37112461881887615], [-0.40685057060220026, 0.014599599808920838, 0.9133780514584767], [-0.3425325926369016, 0.9244805950159162, -0.1673530771167966]], "T": [-0.03472062092844455, -0.10432107556782613, -0.15239227863781163], "aligned_model": [[0.1568085385301565, -0.5933265826593889, -0.10592616872600391, -0.5814812523355752, 0.6591050815815345, -0.3252783162614572, -0.32768287697949783, 0.49461169900348045, 0.4114021167462125, 0.5034715561426717, -0.11470609936477373, 0.23677232908203596, -0.02555319789338595], [0.33801722703849046, 0.16359380370887375, 0.618422850556786, -0.009501501142836141, 0.26819392706230183, -0.6344515458965087, -0.48894170125517067, -0.5345561980664446, -0.6369922144311801, -0.053523272536907224, -0.10255311999027339, 0.44864677087309346, -0.13465391393447923], [-0.6898931963093049, -0.31973498964687164, -0.21625153878858466, 0.29438470354866836, -0.2515731670087539, 0.3820918832667251, -0.6029142612908125, -0.519522272813389, 0.11742263811635051, 0.2818090361998538, 0.5485558303692355, 0.3019326812263213, -0.18791026990883877]], "inverted": false, "swapped": false, "error_lsq": 0.03548031691130015, "error_max": 0.1922437053576447, "target": "635.xyz", "model": "22.xyz", "model_rescale": 4.204369325754507, "target_rescale": 4.131947507143276},
{"mapping": [9, 5, 11, 2, 13, 1, 8, 7, 4, 12, 3, 14, 15], "R": [[0.6494236497485555, -0.2714625849809484, -0.7103217497041234], [-0.7527920095930507, -0.3615434436239684, -0.5500822926302746], [-0.10748541035937048, 0.8919609875594248, -0.4391497275780709]], "T": [0.0696839062318944, -0.12603214245919986, -0.018858944715252735], "aligned_model": [[0.06601952239957003, -0.5819775148951047, -0.02421228098596663, -0.7691972464043988, 0.5645565823890073, -0.2639837214202023, -0.27429923116409044, 0.3690093824905462, 0.529098513045489, 0.4310666078583617, -0.04163129591929625, 0.34834796589172384, 0.035419543580369646], [0.18637562683303954, 0.02224856642999734, 0.5580769293417185, 0.05991643769780389, 0.2969303052098333, -0.48691441276280584, -0.5376070100826937, -0.28049721059011223, -0.6830527677467655, -0.24177273424983786, -0.01603432119481471, 0.4719290339606375, -0.10789733086025541], [-0.7198566657768205, -0.5134424728931785, -0.22475087220501763, 0.11162791401866473, -0.18479160463151123, 0.4215378368544762, -0.5522948687622518, -0.6370582256362085, -0.13432006659893267, 0.37629383660673354, 0.8183614563507349, 0.38676124144994906, -0.009670431816038494]], "inverted": true, "swapped": false, "error_lsq": 0.03945206434659813, "error_max": 0.23580644741632376, "target": "635.xyz", "model": "23.xyz", "model_rescale": 4.410303926677745, "target_rescale": 4.131947507143276},
{"mapping": [1, 3, 10, 4, 11, 5, 0, 7, 13, 14, 15, 9, 16], "R": [[-0.6404814499740739, -0.7268966176177332, -0.24779995870662921], [-0.6809018269946245, 0.6867231829694311, -0.2545269572515175], [0.3551847607013715, 0.005707649974595247, -0.9347786949311999]], "T": [0.05316979982063803, -0.10991924059030025, -0.003170267829536569], "aligned_model": [[0.0725572228834379, -0.6252291016832779, -0.09189047252952763, -0.602436105180821, 0.5500297075346686, -0.3735544379274706, -0.31082889447974243, 0.3629375102271103, 0.5366311311909988, 0.6024266174989583, 0.06772098304255582, 0.22213944206337444, -0.022286775774255835], [0.18304113160791732, 0.12236106822091997, 0.5181780457126961, 0.07341740746438041, 0.24643959559737824, -0.46108314141690576, -0.5393665507214428, -0.35553136746992164, -0.6193628371804358, -0.11530459390991687, -0.09451196126269609, 0.36679636027557905, -0.08337204493180654], [-0.8094789542014517, -0.5463753609673915, -0.09391861547357148, 0.09906937124671558, -0.16706077575519734, 0.2971501828601729, -0.506624108270656, -0.5376321892060726, 0.0271445271069677, 0.39235209085343725, 0.7101775222737992, 0.3664396339856467, -0.09284624749179944]], "inverted": true, "swapped": false, "error_lsq": 0.03502998584732798, "error_max": 0.17738983658036683, "target": "635.xyz", "model": "24.xyz", "model_rescale": 4.28219845311461, "target_rescale": 4.131947507143276},
{"mapping": [11, 14, 12, 2, 9, 0, 8, 5, 1, 3, 4, 7, 15], "R": [[-0.07080621751312843, 0.9973571673627194, 0.016283742558048486], [-0.7711371650265791, -0.04437644466154446, -0.6351206215152928], [-0.632719489407632, -0.05752748794632123, 0.7722413067521912]], "T": [-0.029084732439380426, -0.01458231219388615, -0.07579770072857969], "aligned_model": [[0.005674627927148301, -0.6589115132806735, -0.12807155747394944, -0.6448537482436347, 0.536211750822762, -0.4052762261624086, -0.04553638642089898, 0.5208542489625297, 0.2663471599833517, 0.6162605347357143, 0.02630580693624424, 0.3619722749613199, -0.06276014588149625], [0.16579859545828315, 0.20438862793310328, 0.6551612500167031, 0.03961076015983011, 0.3269108381402458, -0.5826576903514923, -0.5780560445437436, -0.3858529088681109, -0.5762282287728075, -0.24987730484981657, -0.15505579446064524, 0.4400506458949763, -0.06249163377078056], [-0.5883711942591016, -0.44392074864819253, -0.43085413227160985, 0.21860279939369356, -0.21965873841840752, 0.37289428361851784, -0.4809800707322829, -0.6096571782073789, 0.008767423148926257, 0.282268071756834, 0.6396375947057733, 0.420114888476821, -0.030445921602993968]], "inverted": true, "swapped": false, "error_lsq": 0.04348451307003379, "error_max": 0.2967044252900605, "target": "635.xyz", "model": "25.xyz", "model_rescale": 4.100010024507729, "target_rescale": 4.131947507143276},
{"mapping": [2, 3, 10, 5, 4, 9, 11, 8, 6, 7, 0, 12], "R": [[-0.027267346517836875, -0.8669916025757781, 0.4975761779636969], [0.9886019531648821, -0.09711596270947423, -0.11504202704052237], [0.14806306093167357, 0.48876789056779946, 0.8597576862915779]], "T": [-0.05391488036733133, -0.03199040932156782, 0.01723746266534705], "aligned_model": [[-0.6654415833861234, 0.044716433396373836, 0.3964041337785257, 0.6617759732586614, -0.44580691810676365, 0.2177392797522945, -0.2902565145732987, 0.47158439506141886, 0.07307138109717776, 0.027038013879664535, -0.5515776215438639, -0.06248137025106003], [-0.2775535404840917, -0.7238573539660187, -0.1357615026027539, -0.36057675112713217, 0.6330901563032975, 0.512210536396925, 0.1912308997083367, 0.4224517550007327, -0.21185214189513532, 0.4668010647845927, 0.16811634425092592, -0.01816807631903928], [0.11087486838268114, 0.07965640432638892, 0.582177599133287, -0.005711246584403015, 0.07966144077069671, 0.2995692004011757, 0.5987241139380466, -0.17273887513838226, -0.7795801901358933, -0.6548398175895753, -0.5074125305040872, -0.06518867714557801]], "inverted": false, "swapped": true, "error_lsq": 0.0485175210014275, "error_max": 0.2933511291896894, "target": "635.xyz", "model": "26.xyz", "model_rescale": 3.6694154284099745, "target_rescale": 4.131947507143276},
{"mapping": [0, 6, 2, 12, 4, 3, 1, 5, 7, 8, 9, 10, 13], "R": [[-0.5848450056864951, 0.8071956314296922, -0.07994705700890033], [-0.5917323461529014, -0.35715517275383313, 0.7226984247191652], [0.5548055063172559, 0.4699738239263975, 0.686524183830441]], "T": [0.06954623890591193, -0.026408841301390665, -0.005475786363694557], "aligned_model": [[0.1748390609280812, -0.5458841754282525, -0.21581488779275332, -0.6530833705283593, 0.6581031664325495, -0.4365884330076849, -0.21818622899474877, 0.4539984349604755, 0.12706453546011162, 0.656924410468684, 0.007821172451054265, 0.33207630417852474, 0.04694683773832682], [0.14832389932374118, -0.08637967326018044, 0.537760607633902, 0.12570427507359533, 0.49581799623979217, -0.5908830946431067, -0.4638745556674222, -0.46420393623387113, -0.6460025819788889, -0.10937700267748428, -0.1359809186294944, 0.4097539936869955, 0.021042103118167038], [-0.634216777644985, -0.30353506944516634, -0.2552987365916501, 0.285042475976235, -0.24298461420187353, 0.2738586575109742, -0.7164472551061203, -0.5407425082164865, 0.08898990472683815, 0.23213810253906833, 0.6646342878118101, 0.3150404629833367, -0.028081853381381396]], "inverted": false, "swapped": false, "error_lsq": 0.04222253696283717, "error_max": 0.28804070582255886, "target": "635.xyz", "model": "27.xyz", "model_rescale": 4.103607728864725, "target_rescale": 4.131947507143276},
{"mapping": [2, 3, 12, 10, 4, 6, 0, 1, 7, 8, 11, 13, 14], "R": [[-0.8109303585802403, -0.5815603233536627, 0.064649391595795], [-0.5717289159369437, 0.811010960440544, 0.12404543009266336], [-0.12457126560523599, 0.06363027853223678, -0.9901682621854833]], "T": [-0.13863032398272604, -0.10868900824423586, 0.039169917730799184], "aligned_model": [[0.10606732329261456, -0.503517760697764, -0.2341803495916745, -0.6122541334471465, 0.6303375615798701, -0.3153011761555603, -0.21977392315379551, 0.3797000100038004, 0.34792991522524486, 0.6559016887241139, 0.03184768866306095, 0.1976826291463075, -0.07622264672306261], [0.24764386361803878, 0.13831025906248093, 0.6961069223047295, -0.015221519880753986, 0.28379487415548477, -0.5656536435681616, -0.3978332301217571, -0.47630028755709664, -0.6219203637529539, -0.16993509606491441, -0.12206031192019662, 0.3880455404078672, -0.14327589469702162], [-0.5562044620340493, -0.5685959689758201, -0.2444977045010835, 0.2026312037687631, -0.23697149561451902, 0.44071442946974165, -0.6085206536457298, -0.5925392275775831, 0.18035757621393106, 0.23216674236089418, 0.7046169020215356, 0.2841615883784382, -0.09892185290391985]], "inverted": true, "swapped": false, "error_lsq": 0.03256592615212024, "error_max": 0.1913906231936164, "target": "635.xyz", "model": "28.xyz", "model_rescale": 4.137296879288765, "target_rescale": 4.131947507143276},
