[{"mapping": [3, 1, 5, 7, 6, 0, 13, 10, 8, 12, 4, 14], "R": [[-0.8079028883303775, 0.1999488811831288, -0.554358519318544], [0.5653606340729787, -0.002503698915113206, -0.8248400359659694], [-0.16631378916984893, -0.9798031314531288, -0.11102048066284681]], "T": [-0.01252926304666876, -0.17559239054053952, 0.10544944552773726], "aligned_model": [[-0.26569442497079354, 0.0785855074558515, 0.25968295444907974, -0.13892998568202983, -0.017869141902853734, -0.5132049481417552, 0.46237280876019216, -0.13085549498567056, 0.5952370113645019, 0.17941381906491286, -0.6101362046454822, -0.06095943830540413], [-0.3208448276317042, -0.7404380456191423, -0.23701426388745067, 0.6268711543117825, 0.3661688879945797, -0.6836828697738228, -0.2733334332106061, -0.5001482659049337, 0.11854454360427238, 0.5139685628011197, 0.25635334531934895, -0.07288975202638644], [-0.5422183359965941, -0.19545625496170183, -0.5571854860601686, -0.10533469046170864, -0.6404293436653254, 0.03683847693797199, 0.6555029711748395, 0.5430406668832269, 0.20709367280281343, 0.3673980409844374, 0.3241988403692472, 0.08850318734652465]], "inverted": true, "swapped": true, "error_lsq": 0.047535823735847575, "error_max": 0.23414891714808775, "target": "636.xyz", "model": "0.xyz", "model_rescale": 3.751011558992144, "target_rescale": 4.060119758005654},
{"mapping": [5, 2, 9, 13, 10, 3, 12, 11, 7, 0, 8, 4, 6, 1, 14], "R": [[0.09844870137396491, 0.1565223220923688, 0.9827556236850505], [0.4320197801244039, 0.8829156586422457, -0.18389901931655578], [-0.8964746303041942, 0.44267448809609755, 0.019301160841161735]], "T": [-0.0628567347692366, 0.024181966434242797, 0.040894716782872896], "aligned_model": [[-0.2714379713750451, 0.3851604971586562, -0.6485487308802558, -0.19580514254295084, -0.7449755070088808, 0.3145512194538208, -0.23315136790796248, -0.6436888271382505, 0.1861975888153139, 0.670015792380012, 0.18736630324198827, -0.09740368024443118, -0.1631734907471987, 0.4193352473129263, -0.09851687806629812], [0.02787800185799055, -0.21609298818523578, -0.1865146577614984, -0.5333002391981398, 0.47929824300781515, -0.6376412062753221, -0.6367579254242159, -0.15292644201344513, -0.21765482103604394, -0.14955428445944166, 0.467611388480347, 0.8131524098277336, 0.22162746434034553, 0.3540268307186252, -0.015470841424081203], [-0.5478040636250352, -0.6112453050424898, -0.17534921857324862, -0.405244846105543, 0.04696954064439547, -0.013503938224277638, 0.33437947167056126, 0.5585796412862201, 0.6058406751958326, 0.13154841265218548, -0.3847542360552186, 0.08455382716799567, 0.7583050380752349, 0.4208668307027349, 0.05353676773797373]], "inverted": true, "swapped": false, "error_lsq": 0.049866146284973364, "error_max": 0.3499433831160519, "target": "636.xyz", "model": "1.xyz", "model_rescale": 3.9405287249114394, "target_rescale": 4.060119758005654},
{"mapping": [4, 12, 7, 9, 8, 2, 10, 13, 5, 3, 1, 0, 14], "R": [[-0.8359808788816391, -0.27627206425034484, -0.47414103034765465], [0.44247645382916073, -0.8504100735128293, -0.28463537143980366], [-0.3245775068470593, -0.44774596970018354, 0.833170443946609]], "T": [-0.014057995261279585, -0.028911224209242574, 0.03498227669408184], "aligned_model": [[-0.4755217610621413, 0.2207931937305156, -0.28800675364739914, 0.5567375439835124, 0.5458130939770522, -0.6941146908497673, 0.11002798663214068, 0.6675069257982774, -0.07511040761608742, -0.525318224180168, -0.027065971547744913, -0.4467973108040302, -0.07296034513022898], [0.5755105750222752, 0.4432499157657863, 0.24189378805111345, -0.3432347257507646, -0.029928777540426242, 0.0832741448156796, 0.20299860712766202, 0.1831255285158609, -0.6837783306793441, -0.5185207745169267, -0.5758063093468495, -0.14556012705357416, 0.025609079161525064], [-0.08029111392481723, -0.5153469872309894, -0.7106527269088108, 0.2641341499270492, -0.3558773621769498, 0.13554780309470493, 0.5265554550029213, 0.20277334969965333, -0.25549812926997034, -0.02468254955181752, 0.3794141487053743, 0.5941506413147682, -0.04710632909247224]], "inverted": true, "swapped": true, "error_lsq": 0.04605891826661726, "error_max": 0.27760148777476995, "target": "636.xyz", "model": "2.xyz", "model_rescale": 3.932901565614263, "target_rescale": 4.060119758005654},
{"mapping": [13, 12, 11, 8, 10, 0, 4, 1, 5, 3, 7, 6, 2, 14], "R": [[0.8317058202351448, -0.06890794026779457, -0.5509238825418945], [-0.39285568327268106, 0.6281401248687537, -0.6716430567274716], [0.39233893600729974, 0.7750430177079959, 0.4953569218197555]], "T": [-0.09878173849965154, -0.10827919708664144, -0.020373556300643306], "aligned_model": [[-0.3750866607826583, 0.4634079423871078, 0.33806960259023644, -0.05887844421849668, -0.35815433078329806, -0.37759727796086195, 0.5258501558604295, -0.652906388277363, -0.2527188144303094, -0.13058622821584864, 0.6934486446546219, 0.41146880448967416, 0.17871245445695194, 0.014780452282517328], [-0.014947758110955028, 0.1514213602815396, -0.3660939593220668, 0.43606495471792783, -0.5200564732268195, -0.6516928219166794, -0.5568637097645047, -0.07747604916545833, 0.4084871259316546, -0.054670132105302804, 0.15397266083175923, 0.4210246596867089, -0.5598916756319681, -0.1057815438553476], [-0.6931209106071448, -0.46472916278354703, -0.712391841856428, -0.4306479776088292, -0.29238279076237395, 0.354463833840469, -0.03338911052839266, 0.3111287734631419, 0.45524512971576475, 0.687283823724012, 0.06878819844932688, 0.5358195540290968, 0.431532665647822, -0.003703821665819916]], "inverted": true, "swapped": true, "error_lsq": 0.05447552939714449, "error_max": 0.3080386133306787, "target": "636.xyz", "model": "3.xyz", "model_rescale": 3.9243930471874484, "target_rescale": 4.060119758005654},
{"mapping": [9, 10, 13, 8, 12, 1, 5, 11, 4, 2, 7, 3, 14], "R": [[0.017728602998669934, 0.3726187228975032, 0.9278151669281707], [-0.8462318740485926, 0.4998272380955595, -0.18456529305904618], [-0.5325197761397433, -0.7818746826723566, 0.32418307885526526]], "T": [-0.07281756338070076, -0.08628079695490867, -0.11949784437020489], "aligned_model": [[-0.07223320413701204, -0.16586226667140702, 0.3280531695479275, 0.47351418871711903, 0.6591979443236444, -0.6003192044718878, -0.3077701400427708, 0.5758610615086196, 0.08545564925522882, -0.44815874102939895, 0.3773169014699636, -0.6027189897755105, -0.025130482383164038], [-0.67241838301467, 0.05602442661994639, -0.3583209001307516, -0.4950154818383732, 0.05551230550799047, -0.45080349833195243, -0.5652300857529468, 0.3654757130952133, 0.6564523707400199, 0.4545646904781908, 0.21921751555864674, -0.12231614576154533, -0.01531297348818099], [-0.48495616070951597, -0.6504550902372095, -0.6698986147646775, -0.09331572640712954, 0.038620890699314264, -0.20172907249450134, 0.36254163110832166, -0.4531577769679684, 0.00240172448019646, 0.10805709498020055, 0.5195675514145219, 0.35227578445909963, -0.04288192018968817]], "inverted": false, "swapped": true, "error_lsq": 0.049401728010738916, "error_max": 0.26247373202779206, "target": "636.xyz", "model": "4.xyz", "model_rescale": 3.8936222436046832, "target_rescale": 4.060119758005654},
{"mapping": [9, 8, 5, 1, 6, 7, 4, 2, 0, 10, 3, 14], "R": [[0.24784408804140629, 0.2551745968579154, -0.9345904092923938], [-0.550773494820267, -0.756513360657967, -0.35261323365616615], [-0.7970080711174717, 0.6021407312783191, -0.04695395946262654]], "T": [-0.060061600768111796, -0.20377323035195263, -0.01639128697156903], "aligned_model": [[0.11843417155322067, -0.5329750854435751, -0.22879244344685754, 0.3641315392992259, -0.6911339157701233, -0.7834911179540367, -0.19183156744428007, 0.1325310741398613, 0.574317688996145, 0.36109374322581245, 0.044134859019904736, -0.1388709039602002], [-0.5754153654749615, -0.5842300252294453, 0.23972670028077822, 0.003509768855061851, 0.45933186927149827, 0.05681937075842022, -0.0941282076237198, 0.2865903509634441, 0.09150384983115153, -0.5335125636054865, 0.48211780237246316, -0.1633906452893964], [-0.5705923108914785, -0.32917458659248394, -0.556571724138252, -0.4579687934316466, -0.12551656124701194, 0.3199062976096817, 0.7333934274573408, 0.43927055148931793, 0.13824992480752024, 0.14084687231775259, -0.1692343892481161, 0.05667601114289416]], "inverted": false, "swapped": true, "error_lsq": 0.04101096532010368, "error_max": 0.2486849644597684, "target": "636.xyz", "model": "5.xyz", "model_rescale": 3.6523030999806103, "target_rescale": 4.060119758005654},
{"mapping": [0, 1, 9, 10, 13, 2, 5, 4, 6, 7, 8, 11, 14], "R": [[0.3164471530019997, 0.9478541595599581, -0.0378641197153039], [0.809291154172356, -0.24893299033685046, 0.5320528113827891], [0.4948828418275434, -0.19900969455491208, -0.8458641228577175]], "T": [0.0829796695902072, -0.02357444544599031, 0.0792361068330146], "aligned_model": [[0.09889760428323442, -0.08957733804093077, 0.2952558271198725, 0.5726554976617095, 0.6622040308311642, -0.13310658641103912, -0.5394543721103955, 0.18000474023840501, -0.7586459319612272, -0.2954158462416537, 0.14862658899914225, 0.6967423096229045, 0.04289638067310828], [-0.5102681150972906, 0.09343084337109893, 0.5319037228555564, -0.15744795128246475, 0.4248914330223415, -0.6847596939206132, 0.2827200007434197, -0.6396444240072103, -0.0018927468026735499, -0.15469458447407336, 0.5725256098322176, -0.14287135883164703, -0.07306583124547819], [0.6049883612458961, 0.6911434507652149, 0.4306621015090678, 0.3097120453675173, 0.04727260420703344, 0.11552506527963438, 0.26822490651617215, -0.3708820890882849, -0.2963503893984689, -0.6583133343735462, -0.24723461979883163, -0.5083526282009877, -0.01628573454862739]], "inverted": false, "swapped": true, "error_lsq": 0.051134536423520977, "error_max": 0.27090182580025407, "target": "636.xyz", "model": "6.xyz", "model_rescale": 4.08911054899281, "target_rescale": 4.060119758005654},
{"mapping": [11, 13, 10, 12, 8, 7, 5, 4, 6, 2, 1, 9, 3, 0, 14], "R": [[0.8462748994028413, -0.397860578481138, -0.3542961398764672], [-0.3597364482633243, -0.91728658181587, 0.1708069512972053], [-0.39294844754954755, -0.017096400533782155, -0.9194015611565978]], "T": [-0.0955267687374402, -0.06127417069576596, 0.02441776326951378], "aligned_model": [[-0.28014160366081753, 0.3083543321395739, -0.7544193821956748, -0.2619973608877539, -0.6613681447617037, 0.3116677642936441, -0.4340092941182479, -0.48679301099037936, 0.18380705154795857, 0.706567627869082, 0.38491474154630134, -0.20333281630439304, -0.11771177978313183, 0.47753468281633976, -0.1071477550593537], [0.1238828119425898, -0.30511226776479106, -0.188385100165113, -0.5105873621611831, 0.2716522045684186, -0.7018505426444499, -0.7190859005183836, -0.20581284906272312, -0.09960382394155073, -0.11151751013571018, 0.41943590247634055, 0.713640888273837, 0.35555907090658884, 0.4818689699316649, 0.09359644074989756], [-0.5010965728466672, -0.5353300023568897, -0.23821931340017377, -0.5032252182392736, 0.20916769998777954, 0.17654760422160734, 0.20666632349135633, 0.5926332046572433, 0.4362993251053137, 0.0896843631931809, -0.2513354590190762, -0.024996965283002714, 0.6968828629185209, 0.5355462056754654, -0.03254546059806354]], "inverted": false, "swapped": false, "error_lsq": 0.057754632713909425, "error_max": 0.4356751088941202, "target": "636.xyz", "model": "7.xyz", "model_rescale": 3.964800864290218, "target_rescale": 4.060119758005654},
{"mapping": [6, 2, 7, 5, 12, 1, 8, 4, 0, 10, 9, 13, 11, 14], "R": [[-0.7246004856629278, 0.6868595084977357, -0.05637509878748459], [0.2638892263086422, 0.3520934653394523, 0.8979936903472554], [0.636644808676923, 0.6358098829457632, -0.4363819202639119]], "T": [-0.02290214436110868, -0.08156380312314339, 0.12537722872158297], "aligned_model": [[-0.22860999419344905, 0.3898706278305499, 0.25007228693542316, -0.6125032036020441, 0.22706134371678383, -0.4620629616129482, -0.3183107919414532, 0.7047838643576243, 0.13173666703293244, 0.18691129692108313, -0.52759789985774, -0.11619124162495087, 0.5941961154797539, 0.041831780019307846], [-0.1284618510667947, -0.5888990352435612, 0.20985247482982938, -0.2673097179863163, 0.5778645708654809, -0.5048164647741354, 0.5316790613276274, -0.10164078882401337, -0.7368087492997152, -0.13583569745529406, 0.08946173038818249, 0.4334984488206919, 0.49239232438905645, -0.06002783978983595], [-0.7720378474893895, -0.11421762123300241, -0.6128072660267723, -0.24180969437551664, -0.1638043682245951, 0.3396007499511398, 0.07157342390206645, -0.12288162908277087, 0.3708979819471856, 0.6390469394781585, 0.5648654009402505, 0.6388479593964004, 0.28650126409399, 0.03303974544787719]], "inverted": false, "swapped": true, "error_lsq": 0.05274705632514615, "error_max": 0.27883915191838166, "target": "636.xyz", "model": "8.xyz", "model_rescale": 4.121658175737393, "target_rescale": 4.060119758005654},
{"mapping": [9, 8, 5, 3, 13, 10, 12, 4, 7, 11, 0, 2, 14], "R": [[0.8000793767588137, 0.5002320679171082, -0.331120626226459], [0.08134642817581547, 0.4563990930157278, 0.8860488849479236], [0.5943532194817032, -0.7358449198858379, 0.32446340990925254]], "T": [-0.09072909998716724, 0.06616181451405875, -0.09686127979535045], "aligned_model": [[-0.6430139385491495, -0.15782311012454892, 0.1546191180333426, 0.2757416935736656, -0.6563797495370292, -0.5394613022377681, 0.18539951436411692, 0.3106208540543747, 0.6598865193376011, -0.16472830454994733, -0.23680565730697373, 0.2775248623944456, 0.011156996983067047], [0.021820656669321384, -0.4754514675890851, 0.3520069049108624, 0.645790112490262, -0.39545079310368203, 0.09925797577194659, -0.6427067535368269, -0.07417483474875836, -0.3076251991786201, -0.6141193170405632, 0.6862122815164695, 0.46709426020905975, 0.027733613041324184], [-0.509332746765864, -0.5072042774585694, -0.7092778264775161, -0.2823191417741403, -0.16466477128109347, 0.23233128570262332, -0.04983082826002791, 0.5440648566530647, -0.06201453095249013, 0.4207665335579791, 0.2313743055933358, 0.33767097967164506, -0.06048840424985803]], "inverted": true, "swapped": true, "error_lsq": 0.04022021335239249, "error_max": 0.2747815844022187, "target": "636.xyz", "model": "9.xyz", "model_rescale": 3.833441315466971, "target_rescale": 4.060119758005654},
{"mapping": [11, 8, 12, 10, 6, 8, 0, 1, 2, 9, 7, 4, 5, 3, 14], "R": [[-0.3866850158548224, 0.5931343383791549, 0.7061631221954868], [-0.43407128214742885, 0.558542113846469, -0.7068329569812131], [-0.813668741275123, -0.5798468450336178, 0.04148271659759872]], "T": [-0.16012383075317466, -0.017563616583824684, 0.07580172524046667], "aligned_model": [[-0.11065893263498396, 0.37867008213624703, -0.6751484372159129, -0.2009120296864148, -0.6106864812926173, 0.37867008213624703, -0.49157441499590965, -0.825449216692242, 0.4181219393690739, 0.6448058559795575, 0.16663970090733382, -0.2019989153709807, -0.17410666747232947, 0.4410387647037531, -0.07148627741937798], [-0.08788657063424771, -0.45644175340485654, -0.03214773959051184, -0.758266599175452, 0.49008064878385205, -0.45644175340485654, -0.5277182357704764, -0.07010205223961327, -0.08207435590215964, 0.009304061436769238, 0.3423261971556844, 0.6607074921828404, -0.01875724225113145, 0.588602337197504, 0.01649649807208838], [-0.6009146016139618, -0.27725133427119647, -0.23653945905132706, -0.27838686566488685, 0.09860886936460835, -0.27725133427119647, 0.3819156524495016, 0.3923309916878187, 0.4978449087844782, -0.020512623777952474, -0.37985043718731054, 0.4930634661069512, 0.7519956744902825, 0.23545203074438453, 0.07617365971712738]], "inverted": false, "swapped": false, "error_lsq": 0.05433324419891506, "error_max": 0.45654865300778474, "target": "636.xyz", "model": "10.xyz", "model_rescale": 4.2482417240324, "target_rescale": 4.060119758005654},
{"mapping": [2, 4, 11, 12, 1, 9, 10, 8, 7, 5, 3, 14], "R": [[0.2910144660422268, 0.2623208700300535, 0.9200534450241646], [0.9090888525253948, -0.3754723917821966, -0.18049360438369522], [0.2981074282338816, 0.8889365805028121, -0.3477408763371782]], "T": [-0.05889635125963453, 0.13411822080293684, 0.023437752793657368], "aligned_model": [[-0.5861110495308546, -0.12668489944425837, 0.4534834371211607, 0.5911307259262735, -0.4545180688435106, 0.13127666665348528, -0.15563211641404381, 0.5785492846719534, 0.24512345490705564, -0.1769508308415701, -0.5846610168111137, -0.03823998503157031], [-0.31279015020873585, -0.6283704318846914, -0.3889844744721144, -0.249433208339855, 0.6449301959459135, 0.7663557609774314, 0.16201067307239256, 0.3460065156291057, -0.43832039791174, 0.5248839260293476, 0.20424500554002722, 0.035597975673557616], [-0.06312818268159173, 0.09812537141804259, 0.47068195458607676, -0.08289484772639444, 0.0021930198356289177, 0.22648284212401923, 0.5717879084900034, -0.0990136294995741, -0.50970464914687, -0.5684427198606192, -0.4491277722265449, -0.03176700545782003]], "inverted": false, "swapped": true, "error_lsq": 0.04503060368773341, "error_max": 0.26169554787046156, "target": "636.xyz", "model": "11.xyz", "model_rescale": 3.6694154284099745, "target_rescale": 4.060119758005654},
{"mapping": [4, 7, 6, 12, 11, 0, 10, 1, 8, 9, 5, 13, 3, 14], "R": [[0.26345876867944795, 0.7290347134911124, 0.6317419281089718], [0.06325411158783428, -0.6665244430928771, 0.7427947792809024], [0.9625946159069994, -0.1557355235155504, -0.22171615219057567]], "T": [0.011183440755850559, -0.02746624200546567, 0.013956881278246257], "aligned_model": [[0.10452097498329874, 0.08394368727828258, -0.4062309174673111, 0.566111704437122, 0.7505376971799209, -0.4445785410935927, 0.20287626478712933, -0.4112553017542053, 0.45898308463917137, 0.1818670289618978, -0.44703072177482034, 0.6283936501783615, -0.6852186527659787, 0.015344892666533178], [-0.25776567051436855, 0.4768580865160257, 0.6987519656209737, 0.33692347109725446, -0.22039623342335213, -0.5797983697994074, -0.529794103774146, -0.12954910824263954, 0.4471284016352073, 0.013645400670052016, 0.4706061131490867, -0.10865270088275593, 0.1007962636304844, 0.01223377245383949], [-0.7139254931827432, -0.6529147358054739, -0.3710643309364886, -0.36051378640921894, -0.37633807808097297, 0.04133896029084488, 0.16141626860790678, 0.49251863622662195, 0.21511187734755857, 0.6820095272597463, 0.2566931594218714, 0.40139008401786, -0.04294020743499, -0.09368642167010713]], "inverted": false, "swapped": true, "error_lsq": 0.0501293088311129, "error_max": 0.4044403640457474, "target": "636.xyz", "model": "12.xyz", "model_rescale": 3.9764082729961374, "target_rescale": 4.060119758005654},
{"mapping": [10, 11, 1, 8, 9, 3, 7, 0, 6, 14, 13, 5, 4, 6, 15], "R": [[0.2788230089840644, 0.5616526664250278, 0.7789762589185432], [0.9083106188017841, -0.41760631292771944, -0.0240163938766062], [0.3118165316864917, 0.7142487309758223, -0.6265933297334363]], "T": [-0.14992238313449963, 0.02636736277821564, 0.009788051292260909], "aligned_model": [[-0.20076573117462793, 0.33948235720240144, -0.6142766458853717, -0.2098989675418129, -0.6393856812779963, 0.23808047310732167, -0.3769248174699812, -0.7150889615885092, 0.43148801603461023, 0.6350686297394963, 0.297004933861654, -0.33234385990572723, -0.1193921181736316, 0.43148801603461023, -0.09861059051099108], [-0.06943643174647406, -0.312738246732767, 0.014178778429671437, -0.5640394883957192, 0.3627040716765349, -0.7188648873857395, -0.5401455197819418, -0.05984882080361545, 0.3509500886484677, -0.12309504581541542, 0.3568619246473299, 0.6354290919838683, -0.031242638531870228, 0.3509500886484677, -0.033982032385365], [-0.7866938919261696, -0.5156023601955831, -0.4232813834842748, -0.3742372031614803, 0.10360928841669842, 0.0600486141359925, 0.4553963407373036, 0.4572938521367115, 0.38431015678656266, -0.006278612938938215, -0.2461608969072987, 0.5562220552344964, 0.7250591274932346, 0.38431015678656266, 0.082683354393503]], "inverted": false, "swapped": false, "error_lsq": 0.048760886749950806, "error_max": 0.4349863711657845, "target": "636.xyz", "model": "13.xyz", "model_rescale": 4.170626492500431, "target_rescale": 4.060119758005654},
{"mapping": [6, 2, 7, 4, 8, 13, 11, 3, 5, 0, 1, 10, 9, 14], "R": [[-0.36054193858926425, 0.9315888229614245, 0.04638723371406038], [-0.7814666236651254, -0.2745424889446199, -0.5603002211863943], [-0.509234156960945, -0.23826180285022794, 0.8269896533130476]], "T": [-0.031645232392606554, 0.07261156254768523, 0.11797995800569333], "aligned_model": [[0.47345345428036434, -0.18118110629586867, -0.10406011859055864, -0.5949258012639408, 0.08386375687610492, -0.26509977597247536, -0.7988628141968943, 0.4451426783350583, 0.6748785294359251, -0.07481105825583184, 0.40575468057521213, -0.3812140644676165, 0.2243369370612693, -0.0640922754291045], [-0.26470702933537055, -0.6076935957459948, -0.11984145574623097, -0.3475359215136843, 0.6648003918358468, 0.7454918786872474, 0.3515724379371487, -0.4537026221076245, 0.007200579779037777, -0.4138478085198758, 0.0027854936072579245, 0.16262626262463398, 0.604929634185331, 0.023996222237943204], [-0.5755331634891978, 0.11805312373456156, -0.6956985752560689, -0.19467570800252454, -0.20170425046029944, 0.29226485849717604, -0.14613150625596105, 0.1361758952501747, 0.0017785477526095494, 0.6424163540747172, 0.5888327930656665, 0.5428595595607577, 0.47606932084536135, 0.019165851803893574]], "inverted": true, "swapped": true, "error_lsq": 0.049659468919562286, "error_max": 0.29976875454651813, "target": "636.xyz", "model": "14.xyz", "model_rescale": 3.9786697098870705, "target_rescale": 4.060119758005654},
{"mapping": [5, 7, 9, 0, 8, 13, 4, 11, 10, 2, 12, 14], "R": [[-0.684882200612404, -0.26346428845315106, 0.6793547968434356], [-0.5344803473316719, -0.45203916346882883, -0.7141367887223125], [0.49524451496258515, -0.8522013631767296, 0.16877709263758967]], "T": [0.12015168092764486, -0.09436649007854482, -0.12405512642869611], "aligned_model": [[0.015520716153355485, -0.7179068607831702, 0.5979328646332356, 0.5188129953031156, -0.05283471183355096, 0.4347668631437561, -0.2980958863829156, -0.09894612568785421, 0.5425998927350183, -0.03907470468001359, -0.4312888675427108, 0.01186842170907107], [-0.3162772623123401, -0.08525561614750533, 0.2646307913707317, -0.6517806687652375, 0.5005729526946273, 0.5637634117851819, -0.27691138063666704, 0.42469720863204397, -0.007678596611394542, -0.6960610808033983, 0.40582593462886685, -0.11085120361046966], [-0.7998991622956315, -0.08012668317983498, -0.4704125785762825, 0.08546368314034745, -0.4110232372534145, -0.049714762578008234, 0.49506425502214846, 0.5230660996172978, 0.22928098533006586, 0.1886534742796912, 0.0392678100307091, -0.08965338966325836]], "inverted": true, "swapped": true, "error_lsq": 0.05538076577578047, "error_max": 0.2720651013336736, "target": "636.xyz", "model": "15.xyz", "model_rescale": 3.769337070930944, "target_rescale": 4.060119758005654},
{"mapping": [8, 7, 9, 5, 13, 11, 10, 4, 0, 3, 14], "R": [[-0.02582541903322405, 0.9518623080575506, -0.30543607224935165], [0.7998880941748856, -0.16358347097701714, -0.5774248737458241], [-0.5995932659136757, -0.2592269170484889, -0.7571587158241713]], "T": [-0.03235346225390474, 0.09846771799917438, 0.02696285065874257], "aligned_model": [[-0.24180833148549305, -0.3613295262563071, -0.05388042100309494, -0.7141840289186547, 0.3018922932984213, 0.5406379407985626, 0.4803218196217212, 0.2892116676326019, 0.21616729607864205, -0.48118976403669067, -0.05321281503853795], [0.03404386610779954, -0.6730568957756284, 0.6576740264951186, 0.31373798428028127, 0.30942577899444856, -0.41207361325437025, 0.3175179904825425, -0.5372030587877619, 0.3970475367500121, 0.20171607135197145, -0.012765189019071324], [-0.6197257562771982, -0.0026910721448652197, -0.3779350214455741, 0.10261323900402994, -0.5906297672552484, -0.35673658182967427, 0.02913630057293093, 0.3169300969096288, 0.6291480931350925, 0.5678419283179993, 0.046266148236655626]], "inverted": false, "swapped": true, "error_lsq": 0.040442765125258115, "error_max": 0.22289772076040648, "target": "636.xyz", "model": "16.xyz", "model_rescale": 3.7852294659196426, "target_rescale": 4.060119758005654},
{"mapping": [7, 5, 1, 6, 12, 8, 13, 9, 2, 4, 11, 10, 14], "R": [[-0.4774073865023689, 0.14034263568728933, -0.8674019436923822], [0.13042279896118364, 0.9875455355282076, 0.08799834526533132], [0.8689488367125585, -0.07111792929107655, -0.48976541252852984]], "T": [0.09209201816226668, 0.047325292816031914, 0.11806917550681668], "aligned_model": [[-0.14404251509581117, -0.09878020512086351, 0.2735458983689182, -0.11584232976037705, -0.39662535397917836, -0.586457181743546, -0.3102526884448568, -0.2301450228898526, 0.6896285896650054, 0.4260578803059406, -0.0693938887735673, 0.3257314062460788, 0.09034126143839302], [-0.1567266811495383, -0.6265572350861611, -0.257989999572771, -0.6969060620125301, 0.3016264352792484, 0.12294211499735057, 0.5761665505342533, 0.1296213880715038, -0.10883491684503253, 0.2923205226364652, 0.7775643478105515, 0.48920115694484784, 0.032628002094687025], [-0.6610059874962518, 0.28057247826405385, 0.6582115804737226, -0.3846752554303578, -0.4086563516083523, 0.1270696637419899, 0.42805277427572835, 0.7234682458141068, -0.2040179648350327, -0.5300099966674022, -0.30249006860027955, 0.36501460964572496, 0.004220969565523855]], "inverted": false, "swapped": true, "error_lsq": 0.05668137618565521, "error_max": 0.3421243330896469, "target": "636.xyz", "model": "17.xyz", "model_rescale": 3.901054581598922, "target_rescale": 4.060119758005654},
{"mapping": [5, 2, 9, 13, 10, 3, 12, 11, 7, 0, 8, 4, 6, 1, 14], "R": [[0.09844870137396491, 0.1565223220923688, 0.9827556236850505], [0.4320197801244039, 0.8829156586422457, -0.18389901931655578], [-0.8964746303041942, 0.44267448809609755, 0.019301160841161735]], "T": [-0.0628567347692366, 0.024181966434242797, 0.040894716782872896], "aligned_model": [[-0.2714379713750451, 0.3851604971586562, -0.6485487308802558, -0.19580514254295084, -0.7449755070088808, 0.3145512194538208, -0.23315136790796248, -0.6436888271382505, 0.1861975888153139, 0.670015792380012, 0.18736630324198827, -0.09740368024443118, -0.1631734907471987, 0.4193352473129263, -0.09851687806629812], [0.02787800185799055, -0.21609298818523578, -0.1865146577614984, -0.5333002391981398, 0.47929824300781515, -0.6376412062753221, -0.6367579254242159, -0.15292644201344513, -0.21765482103604394, -0.14955428445944166, 0.467611388480347, 0.8131524098277336, 0.22162746434034553, 0.3540268307186252, -0.015470841424081203], [-0.5478040636250352, -0.6112453050424898, -0.17534921857324862, -0.405244846105543, 0.04696954064439547, -0.013503938224277638, 0.33437947167056126, 0.5585796412862201, 0.6058406751958326, 0.13154841265218548, -0.3847542360552186, 0.08455382716799567, 0.7583050380752349, 0.4208668307027349, 0.05353676773797373]], "inverted": true, "swapped": false, "error_lsq": 0.049866146284973364, "error_max": 0.3499433831160519, "target": "636.xyz", "model": "18.xyz", "model_rescale": 3.9405287249114394, "target_rescale": 4.060119758005654},
{"mapping": [4, 7, 0, 8, 1, 9, 5, 2, 11, 13, 12, 3, 10, 14, 15], "R": [[-0.04976768686252281, 0.6431369020033507, 0.7641322546692335], [-0.13810743833559902, -0.762161903697659, 0.6324836504039759], [0.9891660693840709, -0.07405509998300297, 0.12675302499654534]], "T": [-0.048527867556839396, 0.017527561435140396, -0.01889697262924056], "aligned_model": [[-0.0187897535053001, 0.23130669179284302, -0.5455221134122361, -0.4298316489398479, -0.627966226838292, 0.31162506969842113, -0.3254211449593735, -0.5947602267459324, 0.3521962051000368, 0.6231537675612452, 0.054976795342588605, -0.26809542165846845, -0.0612772239189016, 0.4296224829772713, -0.06529220004260976], [0.0788349942433971, -0.4609917874154406, -0.033458470200086965, -0.5865737342323758, 0.3333100950987391, -0.6544131778751557, -0.6698066756286449, -0.1438929344009689, -0.2293715438464435, 0.01205799427398813, 0.5137076041958967, 0.7663602424949032, 0.2041262311799774, 0.4735531434016873, 0.014238951165961041], [-0.7469231204228461, -0.45287554480824516, -0.4912013259022843, -0.2677768762209205, -0.011685647809562903, 0.06939431571834069, 0.35814997703100365, 0.6375319392201604, 0.5266983456280334, -0.00690905153619753, -0.2268181407035918, 0.322377550059812, 0.7445965946706656, 0.3850236544156837, 0.017095928167269757]], "inverted": false, "swapped": false, "error_lsq": 0.03708350120049684, "error_max": 0.21808510976268852, "target": "636.xyz", "model": "19.xyz", "model_rescale": 4.410303926677745, "target_rescale": 4.060119758005654},
{"mapping": [6, 2, 7, 5, 12, 1, 8, 4, 0, 10, 9, 13, 11, 14], "R": [[-0.7246004856629278, 0.6868595084977357, -0.05637509878748459], [0.2638892263086422, 0.3520934653394523, 0.8979936903472554], [0.636644808676923, 0.6358098829457632, -0.4363819202639119]], "T": [-0.02290214436110868, -0.08156380312314339, 0.12537722872158297], "aligned_model": [[-0.22860999419344905, 0.3898706278305499, 0.25007228693542316, -0.6125032036020441, 0.22706134371678383, -0.4620629616129482, -0.3183107919414532, 0.7047838643576243, 0.13173666703293244, 0.18691129692108313, -0.52759789985774, -0.11619124162495087, 0.5941961154797539, 0.041831780019307846], [-0.1284618510667947, -0.5888990352435612, 0.20985247482982938, -0.2673097179863163, 0.5778645708654809, -0.5048164647741354, 0.5316790613276274, -0.10164078882401337, -0.7368087492997152, -0.13583569745529406, 0.08946173038818249, 0.4334984488206919, 0.49239232438905645, -0.06002783978983595], [-0.7720378474893895, -0.11421762123300241, -0.6128072660267723, -0.24180969437551664, -0.1638043682245951, 0.3396007499511398, 0.07157342390206645, -0.12288162908277087, 0.3708979819471856, 0.6390469394781585, 0.5648654009402505, 0.6388479593964004, 0.28650126409399, 0.03303974544787719]], "inverted": false, "swapped": true, "error_lsq": 0.05274705632514615, "error_max": 0.27883915191838166, "target": "636.xyz", "model": "20.xyz", "model_rescale": 4.121658175737393, "target_rescale": 4.060119758005654},
{"mapping": [0, 1, 9, 10, 13, 2, 5, 4, 6, 7, 8, 11, 14], "R": [[0.3164471530019997, 0.9478541595599581, -0.0378641197153039], [0.809291154172356, -0.24893299033685046, 0.5320528113827891], [0.4948828418275434, -0.19900969455491208, -0.8458641228577175]], "T": [0.0829796695902072, -0.02357444544599031, 0.0792361068330146], "aligned_model": [[0.09889760428323442, -0.08957733804093077, 0.2952558271198725, 0.5726554976617095, 0.6622040308311642, -0.13310658641103912, -0.5394543721103955, 0.18000474023840501, -0.7586459319612272, -0.2954158462416537, 0.14862658899914225, 0.6967423096229045, 0.04289638067310828], [-0.5102681150972906, 0.09343084337109893, 0.5319037228555564, -0.15744795128246475, 0.4248914330223415, -0.6847596939206132, 0.2827200007434197, -0.6396444240072103, -0.0018927468026735499, -0.15469458447407336, 0.5725256098322176, -0.14287135883164703, -0.07306583124547819], [0.6049883612458961, 0.6911434507652149, 0.4306621015090678, 0.3097120453675173, 0.04727260420703344, 0.11552506527963438, 0.26822490651617215, -0.3708820890882849, -0.2963503893984689, -0.6583133343735462, -0.24723461979883163, -0.5083526282009877, -0.01628573454862739]], "inverted": false, "swapped": true, "error_lsq": 0.051134536423520977, "error_max": 0.27090182580025407, "target": "636.xyz", "model": "21.xyz", "model_rescale": 4.08911054899281, "target_rescale": 4.060119758005654},
{"mapping": [8, 11, 6, 5, 0, 9, 10, 7, 14, 15, 1, 4, 13, 2, 16], "R": [[-0.10572847790971274, 0.036542762796612116, 0.9937233596157865], [-0.25499020297911373, -0.9669069182424848, 0.008426614948556309], [0.9611459230229121, -0.25249878800107417, 0.11154764324907462]], "T": [-0.030122592765569264, -0.03699394212579183, 0.11380651355190073], "aligned_model": [[-0.1814069358563591, 0.37250741750893257, -0.6935752019539427, -0.07249493053660509, -0.5591936569676471, 0.17734242107564413, -0.5006668155665055, -0.6748178488097188, 0.4046047787310436, 0.6843733162187772, 0.1303468051465877, -0.08239655497674946, -0.2666935420183889, 0.3862379980836566, -0.05824219762728108], [-0.07009348530540968, -0.19247253615729634, -0.04756814601229848, -0.6496397538646781, 0.5253811498449481, -0.706492367486736, -0.6892849884608427, -0.12101916669341686, -0.20034939037165997, 0.043559883023300376, 0.4826123236669964, 0.5780100365500074, 0.11931916652229849, 0.551639649830258, -0.005921442630038232], [-0.5620481201060789, -0.5183394441847509, -0.22572691650274734, -0.23346679135186815, 0.051376848053384896, 0.24139075252208037, 0.1789212927861423, 0.40208411670546224, 0.556694418045917, -0.0066662850071730895, -0.46434336506836105, 0.4383519263302054, 0.7107406506747732, 0.1513322671333364, 0.13637724747699875]], "inverted": false, "swapped": false, "error_lsq": 0.046147419245629345, "error_max": 0.23143512980463898, "target": "636.xyz", "model": "22.xyz", "model_rescale": 4.204369325754507, "target_rescale": 4.060119758005654},
{"mapping": [4, 7, 0, 8, 1, 9, 5, 2, 11, 13, 12, 3, 10, 14, 15], "R": [[-0.04976768686252281, 0.6431369020033507, 0.7641322546692335], [-0.13810743833559902, -0.762161903697659, 0.6324836504039759], [0.9891660693840709, -0.07405509998300297, 0.12675302499654534]], "T": [-0.048527867556839396, 0.017527561435140396, -0.01889697262924056], "aligned_model": [[-0.0187897535053001, 0.23130669179284302, -0.5455221134122361, -0.4298316489398479, -0.627966226838292, 0.31162506969842113, -0.3254211449593735, -0.5947602267459324, 0.3521962051000368, 0.6231537675612452, 0.054976795342588605, -0.26809542165846845, -0.0612772239189016, 0.4296224829772713, -0.06529220004260976], [0.0788349942433971, -0.4609917874154406, -0.033458470200086965, -0.5865737342323758, 0.3333100950987391, -0.6544131778751557, -0.6698066756286449, -0.1438929344009689, -0.2293715438464435, 0.01205799427398813, 0.5137076041958967, 0.7663602424949032, 0.2041262311799774, 0.4735531434016873, 0.014238951165961041], [-0.7469231204228461, -0.45287554480824516, -0.4912013259022843, -0.2677768762209205, -0.011685647809562903, 0.06939431571834069, 0.35814997703100365, 0.6375319392201604, 0.5266983456280334, -0.00690905153619753, -0.2268181407035918, 0.322377550059812, 0.7445965946706656, 0.3850236544156837, 0.017095928167269757]], "inverted": false, "swapped": false, "error_lsq": 0.03708350120049684, "error_max": 0.21808510976268852, "target": "636.xyz", "model": "23.xyz", "model_rescale": 4.410303926677745, "target_rescale": 4.060119758005654},
{"mapping": [8, 8, 9, 15, 11, 5, 6, 13, 0, 2, 10, 1, 7, 3, 16], "R": [[0.6043770693403929, 0.6243823363235201, 0.49484851837981747], [-0.7804738960120983, 0.3392993966883107, 0.5251061007554997], [0.15996517026907622, -0.7035784373430803, 0.6923788896309987]], "T": [-0.17165872691257542, -0.060035538876205566, 0.11553558013226935], "aligned_model": [[0.07831171933967013, 0.07831171933967013, -0.47660322424920987, -0.36165728309397055, -0.6491105750800813, 0.2043114079369485, -0.39115986934131164, -0.5895438386653751, 0.3487774788908282, 0.7306995600823873, -0.07797970459839182, -0.02516644938057211, -0.3128539116366077, 0.5895122504051123, -0.07992422749765285], [-0.07714976144457257, -0.07714976144457257, -0.021700939268210387, -0.5950452772794012, 0.35148403829199804, -0.5641666055591791, -0.7592109323630598, -0.3450813147778535, 0.009975585117214678, -0.10487105419364519, 0.3878191512865124, 0.7448845680499719, 0.23264656912604603, 0.41912341787536805, 0.01612324903881575], [-0.6673619525249662, -0.6673619525249662, -0.4303208988485944, -0.3168754734931887, 0.05711591820669271, 0.10551765947722977, 0.31770161925551, 0.6037031362491364, 0.6583342622348541, 0.2445055364636401, -0.34753500147827676, 0.37433856245622704, 0.6954769566078599, 0.098909633902327, 0.13053059152383667]], "inverted": true, "swapped": false, "error_lsq": 0.049486241713089886, "error_max": 0.41724783359212997, "target": "636.xyz", "model": "24.xyz", "model_rescale": 4.28219845311461, "target_rescale": 4.060119758005654},
{"mapping": [5, 11, 8, 10, 1, 14, 6, 0, 13, 12, 9, 3, 4, 7, 15], "R": [[0.7143502573632874, 0.03487410812142863, 0.6989188124437201], [0.35922524795140764, -0.8753970762708077, -0.32347670718426014], [0.60055052330279, 0.4821449527261037, -0.6378677868661251]], "T": [-0.007212185846496834, -0.013399493516670854, 0.11495092498143482], "aligned_model": [[-0.3289069965340045, 0.21660651164463424, -0.533935763918819, -0.16179299641557363, -0.5727300753033885, 0.2397324261256756, -0.5758407814840797, -0.6133245298786404, 0.48999053881147075, 0.6900650999796727, 0.3478524276731211, -0.26948966370506905, -0.208266854483042, 0.40494772896924464, -0.0589820190297587], [0.24366588636529313, -0.19481397300192949, -0.21960819992618413, -0.6226705337447191, 0.2713183726864092, -0.7325536984910106, -0.707022209369961, -0.18051163045992732, -0.04774859006501486, -0.2324633908008229, 0.4472907526497321, 0.7149542575966846, 0.3373644533476671, 0.566528782197732, -0.026049346528515538], [-0.6305090136852998, -0.34707834739755705, -0.28752428994791884, -0.3694026559603368, 0.020068617802176766, 0.07045134093543264, 0.2029633288604205, 0.6348119950125777, 0.4382558075551602, -0.10918139265837519, -0.2293851044900292, 0.1424587912577363, 0.7242047693068627, 0.43015467717392586, 0.16639007374254466]], "inverted": false, "swapped": false, "error_lsq": 0.05060913166252047, "error_max": 0.3008453426018226, "target": "636.xyz", "model": "25.xyz", "model_rescale": 4.100010024507729, "target_rescale": 4.060119758005654},
{"mapping": [2, 4, 11, 12, 1, 9, 10, 8, 7, 5, 3, 14], "R": [[0.2910144660422268, 0.2623208700300535, 0.9200534450241646], [0.9090888525253948, -0.3754723917821966, -0.18049360438369522], [0.2981074282338816, 0.8889365805028121, -0.3477408763371782]], "T": [-0.05889635125963453, 0.13411822080293684, 0.023437752793657368], "aligned_model": [[-0.5861110495308546, -0.12668489944425837, 0.4534834371211607, 0.5911307259262735, -0.4545180688435106, 0.13127666665348528, -0.15563211641404381, 0.5785492846719534, 0.24512345490705564, -0.1769508308415701, -0.5846610168111137, -0.03823998503157031], [-0.31279015020873585, -0.6283704318846914, -0.3889844744721144, -0.249433208339855, 0.6449301959459135, 0.7663557609774314, 0.16201067307239256, 0.3460065156291057, -0.43832039791174, 0.5248839260293476, 0.20424500554002722, 0.035597975673557616], [-0.06312818268159173, 0.09812537141804259, 0.47068195458607676, -0.08289484772639444, 0.0021930198356289177, 0.22648284212401923, 0.5717879084900034, -0.0990136294995741, -0.50970464914687, -0.5684427198606192, -0.4491277722265449, -0.03176700545782003]], "inverted": false, "swapped": true, "error_lsq": 0.04503060368773341, "error_max": 0.26169554787046156, "target": "636.xyz", "model": "26.xyz", "model_rescale": 3.6694154284099745, "target_rescale": 4.060119758005654},
