[{"mapping": [4, 6, 2, 13, 12, 8, 9, 15, 5, 11, 14, 16], "R": [[0.9647803546473029, 0.06985226983064372, 0.25361294857741684], [-0.1245944709956327, -0.7277586043161842, 0.6744209602622669], [0.23167884038889475, -0.6822668643890503, -0.6934239977624012]], "T": [0.051054355202004305, -0.043988819144739386, -0.11951151568173453], "aligned_model": [[-0.34578593276730585, 0.2664420961034267, 0.3425046375147104, -0.27974605023944793, -0.10268726850314436, -0.5703725832090795, 0.42205832321746406, -0.23883356934902522, 0.6226888224010577, 0.2660660386642196, -0.5732501102337599, 0.028558058861433082], [-0.32732726014133307, -0.627168135788645, -0.3969204878719177, 0.5256500169200623, 0.43147014343566387, -0.49857409737241565, -0.24411558840484454, -0.43583594606966913, 0.08459962375523546, 0.440688486325368, 0.11083099940010167, -0.00974271821054895], [-0.6229856410167005, 0.14800206251552522, -0.6071562207122324, 0.028823190957484965, -0.5785000737869597, -0.08395212714746993, 0.6363045789886494, 0.4838761318222598, 0.044764667798334726, 0.37729822271549096, 0.38739095538868756, -0.03191400216950835]], "inverted": true, "swapped": true, "error_lsq": 0.04432245280429181, "error_max": 0.25544720890877015, "target": "637.xyz", "model": "0.xyz", "model_rescale": 3.751011558992144, "target_rescale": 4.198969269453276},
{"mapping": [8, 4, 14, 15, 12, 11, 2, 3, 13, 5, 0, 1, 6, 9, 16], "R": [[-0.3510898119325775, -0.8746083403198421, 0.33435938000917365], [-0.4757447405377116, 0.47418810004629364, 0.7408188628978016], [-0.8064755952958855, 0.10102423876208066, -0.5825729288035012]], "T": [-0.030525563360278812, -0.04364377481062866, 0.010264546012568739], "aligned_model": [[0.17536962092996447, 0.24384129640443378, -0.5111402223982682, 0.06199360289560596, -0.37946859055695814, -0.5426445575733048, 0.5192124513683495, 0.7005305732651644, -0.6927391080617729, -0.013493919193879204, -0.10904287048536807, 0.637121588754663, 0.489692204288782, 0.053320722020048394, -0.09346658056842586], [-0.060651040750674526, -0.5545204496413504, 0.25494198378524446, 0.5428222126661258, -0.6167533309251512, 0.3745991705374137, -0.36084091203051316, -0.06260527275459267, -0.10362168501027859, 0.22054631055642476, -0.49930170436885557, 0.19818074599309188, 0.38575581657846403, 0.8035312527668524, 0.026674252424905023], [-0.7322996674185451, -0.38340654838033916, -0.5817924201960194, -0.4888884187672281, 0.11102370882208598, 0.31154349493229094, 0.221156649934751, -0.2697349569270463, -0.10719339747870676, 0.5581706858640048, 0.6837934981415591, 0.41716432950115423, -0.04489861151925059, 0.16588237949417664, -0.01085432115091065]], "inverted": false, "swapped": true, "error_lsq": 0.042871221395406084, "error_max": 0.2550792572190106, "target": "637.xyz", "model": "1.xyz", "model_rescale": 3.9405287249114394, "target_rescale": 4.198969269453276},
{"mapping": [14, 11, 13, 6, 5, 7, 15, 9, 2, 4, 3, 8, 16], "R": [[0.957646775556799, -0.1070151876821391, -0.2673207864551917], [-0.18764536597364248, -0.9361092105918793, -0.2974706077474986], [-0.21840757746535133, 0.33503327513905984, -0.9165428711496868]], "T": [-0.04137938786724403, -0.12048829161375388, -0.16849880191285682], "aligned_model": [[-0.3620830319974636, 0.27221655352303226, -0.3771772143040264, 0.39918550222231836, 0.49411876327797855, -0.7286910243369208, 0.0892640062076104, 0.6808226239190581, 0.05002279844574849, -0.5571257300772261, 0.012308185204093915, -0.4508825506863812, -0.025995602113890688], [0.5647581385985667, 0.4527747807515541, 0.39198236017257027, -0.2693434874504595, -0.10800464365589464, 0.012686168266790004, 0.2589191590468506, 0.26499778413267006, -0.7830173404310055, -0.5390888900868483, -0.6409610068721524, -0.12109103873747348, -0.025779390163150742], [0.14496867563060634, -0.48628657076995635, -0.45228419231424294, 0.3232310193351126, -0.45724350723206375, -0.19407365010173738, 0.4953069850520151, 0.11217427588039103, -0.17001141736329048, 0.05517133610012265, 0.41410580853722245, 0.484487018311645, -0.15642543147718027]], "inverted": true, "swapped": true, "error_lsq": 0.03589838226765005, "error_max": 0.22298676029993061, "target": "637.xyz", "model": "2.xyz", "model_rescale": 3.932901565614263, "target_rescale": 4.198969269453276},
{"mapping": [4, 8, 3, 7, 2, 5, 6, 0, 13, 11, 15, 14, 9, 16], "R": [[0.11921538921264793, 0.08067619847543434, 0.9895852878728693], [0.9095387555180768, 0.3908143293942259, -0.14143341949754998], [-0.3981544212808712, 0.9169272113639633, -0.02678704677266322]], "T": [-0.09174700450490415, -0.1053924754601048, 0.02148230736008535], "aligned_model": [[-0.13530850220198926, 0.43451275095353503, 0.24046965920014896, -0.17196369384215104, -0.3384707397126172, -0.2633080725392151, 0.36542400456531465, -0.8820925557982594, -0.20122736100749758, -0.10493075380812886, 0.6792657037603906, 0.41006096439516015, 0.42858994759838753, -0.04121143951037501], [0.12093765956762573, 0.2089196075307305, -0.4453561917314872, 0.5579387087599285, -0.5121277648850476, -0.545620167207803, -0.5914091927089982, -0.301261441992526, 0.45670327024916346, -0.07415866791977525, -0.0721648843819231, 0.49206524422849984, -0.55831995209895, -0.07264958905894851], [-0.6404286738756625, -0.4457887802839329, -0.6008191428423578, -0.18909741161589852, -0.4486189487715596, 0.4049585068165619, -0.09181344645310688, 0.08796255362741792, 0.37922931459123094, 0.747300927023554, 0.09952821516303531, 0.2702962790085401, 0.5440325864738945, 0.09715438419538108]], "inverted": false, "swapped": true, "error_lsq": 0.0395185770690925, "error_max": 0.2707840557195872, "target": "637.xyz", "model": "3.xyz", "model_rescale": 3.9243930471874484, "target_rescale": 4.198969269453276},
{"mapping": [0, 2, 12, 13, 7, 5, 11, 4, 8, 6, 14, 9, 16], "R": [[-0.9470407142520811, -0.12593468603158775, 0.29538845678704734], [-0.30413572680478485, 0.6469248929181339, -0.6992779437418186], [-0.10303079748227323, -0.752082866296651, -0.6509654499227902]], "T": [-0.03150128325621292, -0.04288375663009972, -0.13376801912914071], "aligned_model": [[-0.10113872556702556, -0.2578470530070607, 0.44848648014238457, 0.4315943727305355, 0.6672293725865319, -0.5190033769882902, -0.18365172968923005, 0.3593359504657771, 0.29730764626741557, -0.5430017866007789, 0.38944559410190427, -0.6834828837974269, -0.02806797433338438], [-0.6112255418057592, 0.16545173450606412, -0.39515035848046165, -0.4213469927306257, 0.007421515580044724, -0.4068969966690056, -0.5861731870737058, 0.39585313436426806, 0.6318068217802792, 0.3857411152268564, 0.06911430172086, -0.04011999887556825, -0.066645993861659], [-0.716493175180597, -0.727624318113952, -0.45917268510283693, 0.17964622642098582, -0.12814259253066385, -0.14488943447889896, 0.32410627262333896, -0.5158743896608198, 0.04162011144710781, -0.021067251094331857, 0.5597271274455546, 0.43532335421901125, -0.04008893062293391]], "inverted": true, "swapped": true, "error_lsq": 0.040547117199581914, "error_max": 0.22269522069092595, "target": "637.xyz", "model": "4.xyz", "model_rescale": 3.8936222436046832, "target_rescale": 4.198969269453276},
{"mapping": [5, 11, 12, 2, 7, 14, 15, 8, 3, 6, 4, 16], "R": [[-0.4404602162226689, -0.8803615965532507, 0.17594958720977794], [0.850332712882903, -0.4719603120772033, -0.2327826050743301], [0.287974087942444, 0.04708421325880182, 0.9564800058210926]], "T": [-0.10666171173243573, -0.10834407570816904, -0.1736839726452136], "aligned_model": [[-0.020668021878887513, -0.5933988268833903, -0.3888726410315954, 0.4931170017549075, -0.4871430030406954, -0.6994448075532432, -0.14291360164304467, -0.02447286220617889, 0.5679030484217908, 0.36260250930878923, 0.1383128141249625, -0.17747356715831752], [-0.6468443234190281, -0.64202808736723, 0.27765499185747156, 0.03959713701537976, 0.47868334929238276, -0.010989834310852556, -0.2761983198356671, 0.35670458249691417, 0.10084828606701651, -0.40028573442454163, 0.5461004708766812, -0.15431961313871917], [-0.44370283257332754, -0.25261677357966006, -0.6550673122526445, -0.4299656158043388, -0.13600659863102627, 0.3829179586716346, 0.5827329666458928, 0.43546167791172796, 0.1645515593164946, 0.21697530033864595, -0.11947236586173335, -0.12652324490614766]], "inverted": false, "swapped": true, "error_lsq": 0.044731187972819476, "error_max": 0.23281053039450145, "target": "637.xyz", "model": "5.xyz", "model_rescale": 3.6523030999806103, "target_rescale": 4.198969269453276},
{"mapping": [14, 15, 9, 13, 5, 8, 6, 12, 3, 2, 1, 0, 16], "R": [[-0.2043612141213269, 0.7413622093292005, -0.6392327969850922], [-0.9567287462779765, -0.013086272899342152, 0.29068686848045844], [0.20713908421210264, 0.6709775138111045, 0.7119568636874293]], "T": [0.1552943077629864, -0.13397522650506744, -0.014352428405078374], "aligned_model": [[0.16536180426071254, -0.2379034821108564, 0.16327948371601345, 0.6082883247606424, 0.47066182473982465, -0.4615499936934774, -0.3002877191140516, 0.5069749649017338, -0.5934419950738342, -0.14225991061520757, -0.12933220003933218, 0.6409197801972151, 0.19037202273491222], [-0.5050487807750721, -0.003203934370067718, 0.5595879241194172, -0.5387785853434821, 0.3783396528234433, -0.4999594293016406, 0.34938269209263295, -0.6092625709781462, 0.010155613644907302, 0.026416884234733762, 0.5679727194634127, -0.06684214632415877, -0.12793313512279647], [0.7156327904797203, 0.6413534508059425, 0.5031985643302581, 0.2803527772236982, -0.10580957602427964, 0.26785734488649554, 0.11550768143347469, -0.34720504444892164, -0.19274128646617028, -0.5914462215901736, -0.32428158901938337, -0.6678747430293743, 0.07556559090050254]], "inverted": false, "swapped": true, "error_lsq": 0.04673182427584091, "error_max": 0.24809533140527998, "target": "637.xyz", "model": "6.xyz", "model_rescale": 4.08911054899281, "target_rescale": 4.198969269453276},
{"mapping": [1, 6, 9, 2, 12, 13, 5, 11, 4, 3, 7, 8, 14, 15, 16], "R": [[0.45460672760249765, -0.6075374430608127, -0.6513301608997382], [-0.48523505023844193, -0.7821492662424863, 0.3908829381495662], [-0.7469134282088157, 0.13835020995817318, -0.6503687801285394]], "T": [-0.06713184357037845, 0.0056433481966246465, -0.13872880790528463], "aligned_model": [[0.0884800814173669, 0.27385750045997453, 0.7635760471203816, -0.4545711422918199, -0.5741032126025255, -0.030064646306475803, 0.21757525215699497, 0.4391054052201134, -0.6326669968144452, -0.21200236027197672, -0.4480525227886816, -0.15167529578645222, 0.27278865370556227, 0.4731574489907305, 0.010929327590807184], [-0.722660000339883, -0.5663830849863513, -0.21680373663329908, -0.5063289063799113, 0.4265742705479385, 0.6769156105860158, -0.09699174396577417, 0.4221181900358705, -0.15494647863455144, -0.688020156494764, 0.44661658665265463, -0.1318288937777389, 0.484548289688346, -0.13097113964034923, 0.05892000951090982], [-0.4780787949456822, -0.018041046266067146, -0.23565316921487334, -0.32601625688423924, -0.3004860272779774, -0.0759588340255547, -0.6666450168773747, -0.4521527774439087, 0.2428861539964957, 0.19450656026307345, 0.2501527092184432, 0.6149537993314542, 0.43204213520682, 0.4007893056896975, -0.11822870868822621]], "inverted": true, "swapped": true, "error_lsq": 0.04886205605874758, "error_max": 0.28560545275054955, "target": "637.xyz", "model": "7.xyz", "model_rescale": 3.964800864290218, "target_rescale": 4.198969269453276},
{"mapping": [12, 4, 0, 13, 5, 8, 11, 2, 3, 6, 15, 9, 1, 16], "R": [[0.547781497185114, 0.7931752361711824, 0.2660986209404781], [0.7941218713001119, -0.5930383563594603, 0.13295097370564188], [0.2632601087602213, 0.13848665138293634, -0.9547332415519518]], "T": [-0.05588073055685973, -0.03570947573736206, -0.03294985405328624], "aligned_model": [[-0.1027750237968693, 0.11913282168996704, 0.37198155101439156, -0.6256431519346127, 0.15818152557601423, -0.27010803923786514, -0.4391729604444583, 0.5904257851402499, 0.38808135818516143, 0.19601822072499214, -0.4233847158362174, -0.17350917731799215, 0.610904208257865, -0.1389445125597536], [-0.1793649538845476, -0.7062729650127216, 0.25508406495510805, 0.02759406163096905, 0.5336954991127769, -0.6813528162998028, 0.5786661127321293, -0.2057738239080681, -0.4719777511724763, 0.014161599758113382, -0.12153323888633402, 0.5363487413351642, 0.2264997256948727, 0.0051742101260187565], [-0.6944120504703346, -0.13765871024298987, -0.6652499017708406, -0.38971860594959595, -0.017363279337217805, 0.3294518872227499, -0.0928809263772295, -0.05878381317152548, 0.4422027430743334, 0.5932396563856863, 0.6447159450859125, 0.6056936942683581, 0.36257945263120284, -0.005001052623487337]], "inverted": true, "swapped": true, "error_lsq": 0.04295513257494171, "error_max": 0.3105255197444343, "target": "637.xyz", "model": "8.xyz", "model_rescale": 4.121658175737393, "target_rescale": 4.198969269453276},
{"mapping": [5, 11, 10, 0, 9, 6, 14, 8, 7, 15, 2, 4, 16], "R": [[-0.9097969295143075, -0.057016823341836324, 0.41111875279819604], [0.2537478607151479, 0.7074405481746563, 0.6596513427416244], [-0.32845329992074107, 0.7044692701987418, -0.6291593415954563]], "T": [-0.01174963559492911, 0.0712673232620406, -0.053721591415385635], "aligned_model": [[-0.475681679186535, -0.1964997431244541, 0.18157853951131744, 0.022726140009462412, -0.7320504665050297, -0.5534523038208152, 0.3088959113775102, 0.25870901202518776, 0.6770227988240569, -0.2314176078255708, -0.1680179721046537, 0.40441445928294995, -0.019489592028229422], [0.1772526418656895, -0.31656780568628134, 0.09142615167562806, 0.7020586535538014, -0.4032726841329334, -0.005845444364044883, -0.679319968076953, -0.2006977592895351, -0.03236512236215623, -0.5544808576550531, 0.6713868504472691, 0.3606058086409077, -0.019793025204628834], [-0.43296002217572216, -0.6397363874323522, -0.6949213633680468, -0.5717409773158247, -0.12394360642700031, 0.34460660130736565, 0.013215007256274912, 0.6148371560985852, 0.021375978781495712, 0.34857311262041984, 0.19675425231100946, 0.43036493824320027, -0.08534925594031621]], "inverted": true, "swapped": true, "error_lsq": 0.040141782419987275, "error_max": 0.2710736554253096, "target": "637.xyz", "model": "9.xyz", "model_rescale": 3.833441315466971, "target_rescale": 4.198969269453276},
{"mapping": [7, 13, 15, 9, 11, 14, 10, 5, 3, 6, 4, 2, 12, 8, 16], "R": [[-0.09530646931457887, 0.7076097183981258, 0.7001465299030731], [0.9738996707208192, 0.21183411017508047, -0.08152141520000905], [-0.20600026280728295, 0.6741029566726862, -0.7093300328679686]], "T": [0.029927992213831668, 0.07667877473251698, 0.020201728678551883], "aligned_model": [[0.16959189789670842, -0.17925155857148892, -0.5946808833163229, -0.662314025636652, -0.4480320987802059, -0.5611796987795681, 0.056201626366259784, -0.05954154181286583, 0.23114885759716983, -0.1878983900315292, 0.483711691514914, 0.5631352975882162, 0.44903669822300407, -0.07516174821583035, -0.060921105747276875], [-0.6095432075156103, -0.40003871616591885, 0.018550653470433186, 0.5932578980861072, 0.1856382042008834, -0.48764681127314174, -0.01998197474079906, 0.5905393260708156, 0.27336197860521017, 0.507342563630698, -0.26951491925425963, 0.39833503888340216, -0.2871779662669451, -0.3484325075140414, 0.0564119790781451], [0.0007035292786149033, -0.4098039066240401, 0.4764261328567223, 0.07404998824208534, -0.5161228230401242, 0.07315158781353456, -0.6422827653775323, -0.2932151701247969, 0.750974070517775, 0.4946844754054832, 0.4269932744070358, 0.2641865753860311, -0.3700858230132874, 0.654488910671339, -0.0060261485767473776]], "inverted": true, "swapped": true, "error_lsq": 0.04580059570088606, "error_max": 0.3006277311178701, "target": "637.xyz", "model": "10.xyz", "model_rescale": 4.2482417240324, "target_rescale": 4.198969269453276},
{"mapping": [2, 6, 9, 15, 0, 10, 5, 14, 8, 7, 4, 16], "R": [[0.22537258075776412, 0.7509567989623736, 0.6207020911313013], [0.2982602692164834, 0.5533242397270054, -0.7777358790344202], [-0.9274955588300657, 0.3604111150099517, -0.09927646512536326]], "T": [-0.06881503140293439, 0.11393595353627814, -0.008978941587579548], "aligned_model": [[-0.6826763373622947, -0.01358320530427394, 0.41452658107124835, 0.5312820776716197, -0.6651266610314178, -0.049001612351644144, -0.1467264031909785, 0.6735262192284851, 0.1574871142602723, 0.024713524661076, -0.3918051204736498, 0.024149425184563797], [-0.15147447988546667, -0.5380496992420412, -0.3014878140863376, -0.3658208033736825, 0.5690138183005901, 0.7361130829521615, 0.12617970241474014, 0.226839364557076, -0.2523971888006372, 0.4793775842357929, 0.008195378964460473, 0.12964244401398367], [-0.014722378863136643, 0.1639882887446668, 0.5764752547126797, -0.11562202256252842, 0.3146673823755062, 0.23885640145770454, 0.5944011417393973, -0.3358698168738766, -0.6482527896144071, -0.5993107288083295, -0.6219597034676464, 0.012541261014327114]], "inverted": false, "swapped": true, "error_lsq": 0.0443114576832201, "error_max": 0.22153977956726292, "target": "637.xyz", "model": "11.xyz", "model_rescale": 3.6694154284099745, "target_rescale": 4.198969269453276},
{"mapping": [7, 4, 2, 3, 8, 13, 14, 11, 6, 9, 5, 15, 12, 16], "R": [[-0.19129345405029818, 0.3384298954924818, -0.9213425097510992], [0.6650921236695859, 0.7350203105756316, 0.1319000002804488], [0.7218443609741554, -0.5875460397945423, -0.36569163191350623]], "T": [-0.08506365747859862, 0.1281665274284367, -0.032958425508102164], "aligned_model": [[-0.13001811905704916, 0.12751749806768528, -0.07958681785725324, 0.5023200051176391, 0.5566653498149339, -0.38127299678618465, 0.21497408163084486, -0.39821894005033553, 0.4193397556064125, 0.2122814110021311, -0.35938558495332157, 0.579404003572124, -0.5925256797881289, -0.07322911606368726], [-0.34426986800746767, 0.21066643369723878, 0.7405395473040609, 0.5881466867723923, -0.09848462574219663, -0.47848585373739994, -0.6296967389277336, -0.18997392375414252, 0.4756395169002289, 0.171825968286428, 0.4033427860300629, -0.14000594629809382, -0.03352762054249958, 0.05527092615537578], [-0.5482930196338075, -0.6957193921891519, -0.30179048637725986, -0.2708681160912464, -0.3947550825431236, -0.04534441436722151, 0.046388796073015846, 0.5403499146964511, 0.2549534138933015, 0.7786032791666886, 0.43535036471980604, 0.2640636016100986, -0.453321966808388, 0.029478567503251833]], "inverted": true, "swapped": true, "error_lsq": 0.04048202845692511, "error_max": 0.26608097877142584, "target": "637.xyz", "model": "12.xyz", "model_rescale": 3.9764082729961374, "target_rescale": 4.198969269453276},
{"mapping": [5, 6, 9, 14, 10, 0, 12, 11, 15, 1, 3, 8, 2, 4, 7, 16], "R": [[0.040317450142268715, -0.44023627247753155, -0.8969763249992246], [0.4953531238407332, 0.7884299454273385, -0.3646964544037571], [0.8677556026412352, -0.42961639348206093, 0.24985989781518372]], "T": [-0.02284639535904784, 0.07303087787121666, 0.00441150373623881], "aligned_model": [[-0.013282004758034704, -0.393717134047341, -0.7036049113868843, -0.5872213505421837, 0.22319175907411762, 0.6783260956163998, 0.5087465880329277, -0.2982042713241878, -0.7620668353336781, -0.00997756495030816, -0.07880165873320974, -0.32391712020996877, 0.39320987500345805, 0.27714166229816684, 0.12849422264223026, -0.09947703757211052], [-0.03745076163986548, -0.49034764336806835, -0.1381058174539872, 0.5708071290668814, 0.5878467245301365, 0.13821555040219347, 0.48170140303855524, 0.49013672418312126, -0.04193849540646159, -0.6604881220240119, -0.6147988476077585, -0.04788338035800284, -0.44947628628141834, -0.08764329117572069, 0.5168472743775469, 0.1280419570601031], [-0.593911106533119, -0.051383171662124104, -0.4864466995803858, 0.32748281267935275, -0.34679951516414526, -0.40976051609339265, 0.10816848083615738, -0.5229998952169274, 0.20932860202743062, -0.35833292749436435, 0.3744947540957695, 0.7035680283227267, 0.03883288511759725, 0.6171431398118393, 0.5249014832614083, -0.0168894115551248]], "inverted": false, "swapped": true, "error_lsq": 0.04273230637725179, "error_max": 0.3858311809841775, "target": "637.xyz", "model": "13.xyz", "model_rescale": 4.170626492500431, "target_rescale": 4.198969269453276},
{"mapping": [6, 9, 2, 5, 4, 12, 0, 15, 8, 11, 14, 10, 7, 16], "R": [[0.604924130938761, -0.18000588421535904, 0.7756704696298757], [0.6921153834192582, -0.36283218221070035, -0.6239624216141826], [0.39375511659202395, 0.9143033901282813, -0.09490110092898621]], "T": [-0.03569553492419017, 0.046421006307019536, 0.017240490858489735], "aligned_model": [[0.20999928284005767, 0.0030658716048101164, -0.18925611292214195, -0.5038374017916947, 0.2945600655177171, -0.3190140346693302, -0.7887441413465702, 0.5795316898318981, 0.7142853432661181, -0.3447082513043985, 0.49337203974823385, -0.525400624012305, 0.23349191070547062, -0.014162615376221575], [-0.4244304971477487, -0.8171441906943432, 0.22945379579089656, -0.3371747933036231, 0.5929058360883144, 0.6221989065348829, 0.3402160708952843, -0.4156338573734215, 0.20693365574986453, -0.3575057854003707, -0.03978773397613916, 0.16574295449581833, 0.5982975794268554, -0.007997473160603834], [-0.4022668714487167, 0.05853626439993158, -0.607435052967002, -0.04588692951524877, -0.2717831247500256, 0.23764612994333306, -0.10121887783951691, 0.11550848009405318, -0.05923209766164579, 0.5361974434910167, 0.6363777224022106, 0.4586818885623024, 0.3545195480320255, 0.09422857837814938]], "inverted": false, "swapped": true, "error_lsq": 0.03838578225159861, "error_max": 0.2645164040779246, "target": "637.xyz", "model": "14.xyz", "model_rescale": 3.9786697098870705, "target_rescale": 4.198969269453276},
{"mapping": [6, 2, 9, 15, 5, 11, 4, 12, 16, 8, 0, 16], "R": [[-0.08336764041879996, -0.828712618551623, -0.5534304223516394], [0.4380845450649823, -0.5292982509318529, 0.7265846770581452], [-0.8950596448875402, -0.18187566471024558, 0.40717253674578435]], "T": [0.02732728918969947, 0.019969000277811517, 0.0595024044152412], "aligned_model": [[0.07594573812507145, -0.5921196332899585, 0.5786539870567518, 0.5750332225038667, 0.05167146927693818, 0.5458087133273284, -0.3983091264529656, -0.24239283209087703, 0.12327651447008613, 0.12435725246618702, -0.4818472230951781, 0.12327651447008613], [-0.34687678338638567, -0.08345081152345127, 0.03604171494230369, -0.49168795115084535, 0.4445290297283174, 0.5197871436627776, -0.41798120767538766, 0.3414417323130268, 0.031640733471297026, -0.7087332222600918, 0.6583233786315815, 0.031640733471297026], [-0.5071667461856115, -0.17047855338879092, -0.6073807765713695, -0.1402003935306566, -0.3757489694884249, -0.03704223291258302, 0.40342439879240855, 0.5926764352562494, 0.06262009011394498, 0.29115287856135885, 0.08549027311336012, 0.06262009011394498]], "inverted": true, "swapped": true, "error_lsq": 0.049871851630205126, "error_max": 0.3849037933780722, "target": "637.xyz", "model": "15.xyz", "model_rescale": 3.769337070930944, "target_rescale": 4.198969269453276},
{"mapping": [5, 12, 9, 11, 1, 2, 6, 4, 15, 14, 16], "R": [[0.092346483818523, 0.9017832388252963, -0.42220743373383907], [0.49599330210860837, -0.4093299894388878, -0.7657934473533703], [-0.8634018596168034, -0.1386937270380993, -0.4850786316573089]], "T": [-0.061900741595401945, -0.1101257994685925, 0.007772558002339058], "aligned_model": [[-0.20811944355805312, -0.38351185025809603, -0.08214649370458911, -0.6634801087569978, 0.4565797108110936, 0.43422221789559545, 0.4227438750952752, 0.34171971788427563, 0.11662276301819256, -0.39009546252087235, -0.12190879521465331], [0.15198700468216372, -0.707402971979815, 0.7401393672701682, 0.26861633886022107, 0.17731757070013807, -0.38781532781581296, 0.35596384239715306, -0.5979802135168453, 0.48386390393609824, 0.15580962165982856, -0.04443463856795549], [-0.5215709838424141, -0.006173137060817568, -0.15220210490630898, -0.1426225492615315, -0.5564557484575521, -0.3444374973725473, -0.06925698224022014, 0.3083348253726863, 0.4735637380282361, 0.7093721118081371, 0.045665935156109304]], "inverted": true, "swapped": true, "error_lsq": 0.04189616880606916, "error_max": 0.22559499760114715, "target": "637.xyz", "model": "16.xyz", "model_rescale": 3.7852294659196426, "target_rescale": 4.198969269453276},
{"mapping": [9, 3, 2, 1, 15, 8, 7, 4, 5, 11, 14, 12, 16], "R": [[-0.5068179676664764, 0.2840348958232184, -0.8139162890648621], [0.6947528767592595, 0.6935371721984468, -0.19059021751841163], [0.5103469289465314, -0.6620652299688269, -0.5488311610879694]], "T": [0.11446006674154499, 0.10176124151024235, 0.042200815762216376], "aligned_model": [[0.03514672339649175, -0.3869544467670709, 0.1904119537128255, 0.2017048558131022, -0.5054881039872675, -0.6291393857876643, -0.07563310827557329, -0.2223608941497854, 0.5480797852437383, 0.46955852889985117, -0.32841562769137955, 0.45605608252871965, 0.10079948728029521], [-0.15492327584642612, -0.4576989360324095, -0.43547944021941265, -0.6974579635510155, 0.12268231185510065, 0.19754098525854819, 0.6458558555729706, 0.07319063141110405, -0.15931764230113954, 0.3959578471680839, 0.7230060621953068, 0.4644326463600371, 0.15726654183212624], [-0.7804625960516911, 0.2630856960399113, 0.4332316955596379, -0.11088824796641708, -0.4235055372821186, 0.221001766439238, 0.4404625776862381, 0.656191403415283, -0.29558517025562414, -0.5193287649559769, -0.2554421734163125, 0.5027980612290633, -0.0358040132980576]], "inverted": false, "swapped": true, "error_lsq": 0.04068761434890841, "error_max": 0.2276589888407472, "target": "637.xyz", "model": "17.xyz", "model_rescale": 3.901054581598922, "target_rescale": 4.198969269453276},
{"mapping": [8, 4, 14, 15, 12, 11, 2, 3, 13, 5, 0, 1, 6, 9, 16], "R": [[-0.3510898119325775, -0.8746083403198421, 0.33435938000917365], [-0.4757447405377116, 0.47418810004629364, 0.7408188628978016], [-0.8064755952958855, 0.10102423876208066, -0.5825729288035012]], "T": [-0.030525563360278812, -0.04364377481062866, 0.010264546012568739], "aligned_model": [[0.17536962092996447, 0.24384129640443378, -0.5111402223982682, 0.06199360289560596, -0.37946859055695814, -0.5426445575733048, 0.5192124513683495, 0.7005305732651644, -0.6927391080617729, -0.013493919193879204, -0.10904287048536807, 0.637121588754663, 0.489692204288782, 0.053320722020048394, -0.09346658056842586], [-0.060651040750674526, -0.5545204496413504, 0.25494198378524446, 0.5428222126661258, -0.6167533309251512, 0.3745991705374137, -0.36084091203051316, -0.06260527275459267, -0.10362168501027859, 0.22054631055642476, -0.49930170436885557, 0.19818074599309188, 0.38575581657846403, 0.8035312527668524, 0.026674252424905023], [-0.7322996674185451, -0.38340654838033916, -0.5817924201960194, -0.4888884187672281, 0.11102370882208598, 0.31154349493229094, 0.221156649934751, -0.2697349569270463, -0.10719339747870676, 0.5581706858640048, 0.6837934981415591, 0.41716432950115423, -0.04489861151925059, 0.16588237949417664, -0.01085432115091065]], "inverted": false, "swapped": true, "error_lsq": 0.042871221395406084, "error_max": 0.2550792572190106, "target": "637.xyz", "model": "18.xyz", "model_rescale": 3.9405287249114394, "target_rescale": 4.198969269453276},
{"mapping": [11, 5, 0, 1, 15, 12, 10, 14, 13, 7, 2, 4, 6, 8, 3, 16], "R": [[0.04751306920904198, -0.660923443245716, -0.7489477354412414], [0.9988046176399402, 0.022816802651861687, 0.04322880171690008], [-0.011482335801998422, -0.7501063895774871, 0.6612174833438369]], "T": [0.08508429274875928, -0.029332046546801275, -0.08470550084856068], "aligned_model": [[-0.3469546101994183, 0.036511538306426006, 0.68968046731612, 0.21203922133430844, -0.5739287199146469, 0.5205041437731113, 0.15841374643994866, -0.5264618295266642, -0.10630581751504456, 0.20332644381589485, 0.6084511494176282, 0.4951130634114244, -0.15395223900286314, -0.08170080654443562, 0.23655391945884008, -0.004124572599243023], [-0.2773259874625507, -0.6034962371036118, -0.3623158749231354, -0.7087495597212335, 0.09766082071736837, 0.2592572703015799, -0.08033183979717046, 0.5032155896416256, 0.3297612321697885, 0.6415819821223959, -0.26269986647368593, 0.41992781532131757, -0.3545655150111498, 0.5198197369076836, -0.04956715791756684, -0.019820279794019312], [-0.6136699819224322, -0.2803168144382676, -0.5217588172549175, 0.3535564542558123, 0.3041781496750324, -0.5177112374894949, -0.7487394770236023, -0.19907207146517328, -0.6235397423932244, -0.2480454993084248, 0.2601538649197316, 0.26356316688779546, 0.4585607656272601, 0.42978330802851805, 0.6833113136812714, -0.12080962510500634]], "inverted": false, "swapped": true, "error_lsq": 0.038947912108295686, "error_max": 0.37639371846064695, "target": "637.xyz", "model": "19.xyz", "model_rescale": 4.410303926677745, "target_rescale": 4.198969269453276},
{"mapping": [12, 4, 0, 13, 5, 8, 11, 2, 3, 6, 15, 9, 1, 16], "R": [[0.547781497185114, 0.7931752361711824, 0.2660986209404781], [0.7941218713001119, -0.5930383563594603, 0.13295097370564188], [0.2632601087602213, 0.13848665138293634, -0.9547332415519518]], "T": [-0.05588073055685973, -0.03570947573736206, -0.03294985405328624], "aligned_model": [[-0.1027750237968693, 0.11913282168996704, 0.37198155101439156, -0.6256431519346127, 0.15818152557601423, -0.27010803923786514, -0.4391729604444583, 0.5904257851402499, 0.38808135818516143, 0.19601822072499214, -0.4233847158362174, -0.17350917731799215, 0.610904208257865, -0.1389445125597536], [-0.1793649538845476, -0.7062729650127216, 0.25508406495510805, 0.02759406163096905, 0.5336954991127769, -0.6813528162998028, 0.5786661127321293, -0.2057738239080681, -0.4719777511724763, 0.014161599758113382, -0.12153323888633402, 0.5363487413351642, 0.2264997256948727, 0.0051742101260187565], [-0.6944120504703346, -0.13765871024298987, -0.6652499017708406, -0.38971860594959595, -0.017363279337217805, 0.3294518872227499, -0.0928809263772295, -0.05878381317152548, 0.4422027430743334, 0.5932396563856863, 0.6447159450859125, 0.6056936942683581, 0.36257945263120284, -0.005001052623487337]], "inverted": true, "swapped": true, "error_lsq": 0.04295513257494171, "error_max": 0.3105255197444343, "target": "637.xyz", "model": "20.xyz", "model_rescale": 4.121658175737393, "target_rescale": 4.198969269453276},
{"mapping": [14, 15, 9, 13, 5, 8, 6, 12, 3, 2, 1, 0, 16], "R": [[-0.2043612141213269, 0.7413622093292005, -0.6392327969850922], [-0.9567287462779765, -0.013086272899342152, 0.29068686848045844], [0.20713908421210264, 0.6709775138111045, 0.7119568636874293]], "T": [0.1552943077629864, -0.13397522650506744, -0.014352428405078374], "aligned_model": [[0.16536180426071254, -0.2379034821108564, 0.16327948371601345, 0.6082883247606424, 0.47066182473982465, -0.4615499936934774, -0.3002877191140516, 0.5069749649017338, -0.5934419950738342, -0.14225991061520757, -0.12933220003933218, 0.6409197801972151, 0.19037202273491222], [-0.5050487807750721, -0.003203934370067718, 0.5595879241194172, -0.5387785853434821, 0.3783396528234433, -0.4999594293016406, 0.34938269209263295, -0.6092625709781462, 0.010155613644907302, 0.026416884234733762, 0.5679727194634127, -0.06684214632415877, -0.12793313512279647], [0.7156327904797203, 0.6413534508059425, 0.5031985643302581, 0.2803527772236982, -0.10580957602427964, 0.26785734488649554, 0.11550768143347469, -0.34720504444892164, -0.19274128646617028, -0.5914462215901736, -0.32428158901938337, -0.6678747430293743, 0.07556559090050254]], "inverted": false, "swapped": true, "error_lsq": 0.04673182427584091, "error_max": 0.24809533140527998, "target": "637.xyz", "model": "21.xyz", "model_rescale": 4.08911054899281, "target_rescale": 4.198969269453276},
{"mapping": [15, 3, 14, 12, 9, 2, 13, 5, 10, 0, 11, 1, 11, 8, 6, 7, 16], "R": [[0.1567705949188079, -0.9129314466836954, 0.37680121314138304], [0.8517638676295817, 0.3180938785646135, 0.41631069914237995], [-0.49992128817394776, 0.25568038265720705, 0.8274697864905792]], "T": [-0.043794607148571835, 0.015379123436108071, 0.06889357388281273], "aligned_model": [[-0.292803550345994, -0.7141807170023033, -0.23411915676134668, 0.05229117288929924, 0.4012282378544154, -0.6927223374745571, -0.351893028338333, 0.6351791871976449, 0.6331248036269999, -0.32141355291348184, 0.22461422927514227, -0.2907248616088888, 0.22461422927514227, 0.31933516224187963, 0.32413966779036407, 0.11448139608169461, -0.07050713552408949], [-0.08763254675131744, -0.524908515632865, -0.5630930849415825, -0.6453978989333486, -0.5032800207866956, 0.15316332368211125, -0.2922960506541914, -0.01722036964684569, -0.21797184398294567, 0.5348911207411338, 0.29544919986081725, 0.6861501984561108, 0.29544919986081725, 0.5792501040376149, 0.4987626956646183, -0.03851191401791755, 0.023289951853977284], [-0.6085207453539992, 0.18269407510725003, -0.13351456798997752, 0.383712181365206, -0.13234004930683857, -0.21599613170478368, 0.5660266708871445, -0.11994740045804211, 0.44099953531689273, 0.5719983381097054, -0.590962834042103, -0.2762006098043541, -0.590962834042103, -0.10702773204118751, 0.5007833977686422, 0.7601537643270586, 0.10748774512589272]], "inverted": true, "swapped": false, "error_lsq": 0.04284963530620992, "error_max": 0.31988463934973693, "target": "637.xyz", "model": "22.xyz", "model_rescale": 4.204369325754507, "target_rescale": 4.198969269453276},
{"mapping": [11, 5, 0, 1, 15, 12, 10, 14, 13, 7, 2, 4, 6, 8, 3, 16], "R": [[0.04751306920904198, -0.660923443245716, -0.7489477354412414], [0.9988046176399402, 0.022816802651861687, 0.04322880171690008], [-0.011482335801998422, -0.7501063895774871, 0.6612174833438369]], "T": [0.08508429274875928, -0.029332046546801275, -0.08470550084856068], "aligned_model": [[-0.3469546101994183, 0.036511538306426006, 0.68968046731612, 0.21203922133430844, -0.5739287199146469, 0.5205041437731113, 0.15841374643994866, -0.5264618295266642, -0.10630581751504456, 0.20332644381589485, 0.6084511494176282, 0.4951130634114244, -0.15395223900286314, -0.08170080654443562, 0.23655391945884008, -0.004124572599243023], [-0.2773259874625507, -0.6034962371036118, -0.3623158749231354, -0.7087495597212335, 0.09766082071736837, 0.2592572703015799, -0.08033183979717046, 0.5032155896416256, 0.3297612321697885, 0.6415819821223959, -0.26269986647368593, 0.41992781532131757, -0.3545655150111498, 0.5198197369076836, -0.04956715791756684, -0.019820279794019312], [-0.6136699819224322, -0.2803168144382676, -0.5217588172549175, 0.3535564542558123, 0.3041781496750324, -0.5177112374894949, -0.7487394770236023, -0.19907207146517328, -0.6235397423932244, -0.2480454993084248, 0.2601538649197316, 0.26356316688779546, 0.4585607656272601, 0.42978330802851805, 0.6833113136812714, -0.12080962510500634]], "inverted": false, "swapped": true, "error_lsq": 0.038947912108295686, "error_max": 0.37639371846064695, "target": "637.xyz", "model": "23.xyz", "model_rescale": 4.410303926677745, "target_rescale": 4.198969269453276},
{"mapping": [8, 3, 4, 2, 5, 10, 0, 6, 12, 1, 9, 11, 15, 14, 13, 7, 16], "R": [[-0.5476228834336814, 0.7432319388938173, 0.38433769337383217], [0.8366806060515046, 0.48166108707037947, 0.2607070399115978], [0.008645287564202492, 0.46433703514830427, -0.8856163824097965]], "T": [0.016780869424185135, 0.10176655348885277, 0.02917055063221223], "aligned_model": [[-0.3185867017296673, -0.6573475052779303, -0.2577194870690708, -0.19099540909878915, 0.3361291701646255, -0.5677320040009723, -0.026225061158221458, 0.7736243695052589, 0.5423214760569202, -0.6508991866698506, -0.1064264136848968, -0.21170354612582928, 0.4008329042801879, 0.3947650323887095, 0.5712465480909031, 0.0041965048652421455, -0.07483694427303159], [-0.15730826992879077, -0.4416669477705313, -0.4712299494686839, -0.7549669131528363, -0.42796745845694606, 0.16072400855161184, -0.34704968871795727, 0.06546753920780853, -0.2629060127919065, 0.2549653302294793, 0.3871436326151909, 0.6920870761827611, 0.08019671790245159, 0.6000086431918072, 0.40411400911299755, 0.35129799522653, 0.04318383687650465], [-0.6751841152456652, 0.2730597647531171, -0.2357991360767761, 0.26524413322382095, -0.08484950387546641, -0.25128027494760946, 0.6350585615321365, -0.032216644344033304, 0.5159937474562746, 0.5459575735631081, -0.5147043170777992, 0.03533812291974737, -0.5719558649830796, -0.22973634887237132, 0.3379430414525548, 0.6452116126039461, 0.08030245118249749]], "inverted": false, "swapped": false, "error_lsq": 0.03873983122049891, "error_max": 0.346993223806728, "target": "637.xyz", "model": "24.xyz", "model_rescale": 4.28219845311461, "target_rescale": 4.198969269453276},
{"mapping": [8, 15, 4, 14, 7, 9, 3, 13, 6, 11, 1, 5, 0, 12, 2, 16], "R": [[0.5548537796299361, 0.3363714613559808, -0.7609149250840177], [0.168986128040792, -0.941119662607444, -0.29280961251883786], [-0.8146047948300792, 0.03388245325965675, -0.5790259127197606]], "T": [0.0024428540840404286, 0.02813696124382496, 0.03602459279895686], "aligned_model": [[-0.1613832314087514, -0.4730655309993941, 0.12809531503106342, 0.14259489508696033, 0.5259871426001193, -0.6213064835870855, -0.5367087622778001, 0.5313185136148753, -0.6728488238374666, 0.11268102378388378, -0.6433522244441537, -0.17041709769954655, 0.3853359682638362, 0.6477867162580357, -0.1880175566999, 0.0016209024363349409], [0.22301452597332444, -0.3160048614688709, 0.6146357996658698, -0.477933574359315, 0.1355379830178369, -0.5554326401934226, 0.5460479690274425, -0.36107950655535714, 0.05859788277129756, -0.6421799221549861, 0.26816272935879465, -0.19026835383661325, 0.27373804586736644, 0.21581298306615507, 0.6172400211280659, -0.06477770559335512], [-0.6914830934521545, -0.47103951992798165, -0.32657663826804206, -0.5924062907130327, -0.4169138066938165, 0.17507825529548482, -0.1969690928223523, -0.1212063676922489, 0.0027561272283141355, 0.2938711603562397, 0.4777661457253045, 0.5770478562638042, 0.7146285538755772, 0.12917618331859332, 0.2889747953172099, 0.009221752766847092]], "inverted": false, "swapped": true, "error_lsq": 0.040276907512468436, "error_max": 0.3268243671953054, "target": "637.xyz", "model": "25.xyz", "model_rescale": 4.100010024507729, "target_rescale": 4.198969269453276},
{"mapping": [2, 6, 9, 15, 0, 10, 5, 14, 8, 7, 4, 16], "R": [[0.22537258075776412, 0.7509567989623736, 0.6207020911313013], [0.2982602692164834, 0.5533242397270054, -0.7777358790344202], [-0.9274955588300657, 0.3604111150099517, -0.09927646512536326]], "T": [-0.06881503140293439, 0.11393595353627814, -0.008978941587579548], "aligned_model": [[-0.6826763373622947, -0.01358320530427394, 0.41452658107124835, 0.5312820776716197, -0.6651266610314178, -0.049001612351644144, -0.1467264031909785, 0.6735262192284851, 0.1574871142602723, 0.024713524661076, -0.3918051204736498, 0.024149425184563797], [-0.15147447988546667, -0.5380496992420412, -0.3014878140863376, -0.3658208033736825, 0.5690138183005901, 0.7361130829521615, 0.12617970241474014, 0.226839364557076, -0.2523971888006372, 0.4793775842357929, 0.008195378964460473, 0.12964244401398367], [-0.014722378863136643, 0.1639882887446668, 0.5764752547126797, -0.11562202256252842, 0.3146673823755062, 0.23885640145770454, 0.5944011417393973, -0.3358698168738766, -0.6482527896144071, -0.5993107288083295, -0.6219597034676464, 0.012541261014327114]], "inverted": false, "swapped": true, "error_lsq": 0.0443114576832201, "error_max": 0.22153977956726292, "target": "637.xyz", "model": "26.xyz", "model_rescale": 3.6694154284099745, "target_rescale": 4.198969269453276},
