[{"mapping": [12, 8, 3, 5, 7, 13, 10, 11, 1, 0, 6, 15], "R": [[-0.9311685172797933, -0.35653911952612827, -0.07619087002052403], [0.09843793620344063, -0.04464537502967619, -0.9941412189445052], [0.3510486649212022, -0.9332130768136463, 0.07666934277172782]], "T": [-0.03297048442207503, -0.0016245402002829368, 0.002651916620708499], "aligned_model": [[-0.289720768950727, 0.19047407676521427, 0.35534795611124453, -0.19036555991089313, -0.10045133259471353, -0.5705790824087134, 0.2479911939581713, -0.16659695203095726, 0.7363871888177617, 0.2724765158304414, -0.6011475809164368, -0.046173192209843325], [-0.35666876072706266, -0.6235444869132538, -0.3344426567105705, 0.7004766296558597, 0.28057981429609924, -0.6455107195602251, -0.26233044399670336, -0.6514395012855027, 0.23467925661264435, 0.3399206176707841, 0.37479202211019114, -0.0029567351752032463], [-0.5763160100072953, 0.039409427020029975, -0.4879915007994901, -0.08519335552411428, -0.5550061313031442, -0.020445669069443482, 0.48435599529945184, 0.5149679616116286, -0.003977004674862644, 0.48038459037592945, 0.3711055774011882, 0.020657865023684316]], "inverted": false, "swapped": true, "error_lsq": 0.04284356297938515, "error_max": 0.22582678165824668, "target": "638.xyz", "model": "0.xyz", "model_rescale": 3.751011558992144, "target_rescale": 4.3119176289054355},
{"mapping": [13, 12, 11, 9, 3, 10, 7, 14, 8, 0, 1, 2, 6, 4, 15], "R": [[0.45024820495507323, 0.5133947991444944, -0.7305493372429537], [0.6709822857908218, -0.7343503343777742, -0.10252979349523414], [-0.5891174128216365, -0.44402180871060337, -0.6751187357048432]], "T": [0.07935311169846958, -0.024573789882451638, 0.058301520562611356], "aligned_model": [[-0.09947318240520071, 0.1725521992568616, -0.5266214199776812, 0.18447861484222294, -0.19675458480441232, -0.45078466447935805, 0.5375063258966308, 0.6702581638359801, -0.521641489703138, -0.012386838920156587, -0.16203265533550326, 0.3630676364602414, 0.5324488707562378, -0.030315681493121277, 0.07878491715943113], [0.016006456138716388, -0.5332593788702942, 0.3601657158610987, 0.4037165334877049, -0.6772609391560029, 0.2630909524816573, -0.45308785420196535, -0.08633542782442749, -0.19523278210376038, 0.37167952182285, -0.2564304516966085, -0.04009506208921271, 0.5891869288061582, 0.7903260113767234, -0.003712874205531815], [-0.760551528057607, -0.45133940090398067, -0.3745421303450003, -0.5091553200682362, 0.06565666151935172, 0.18138192793157049, 0.09888218075100845, -0.41090542057208007, -0.16020249330105046, 0.5805529607950137, 0.7902646727803853, 0.7837914198753089, -0.07688263096278465, 0.04246381505420172, 0.05025169035587558]], "inverted": false, "swapped": true, "error_lsq": 0.03724249941881857, "error_max": 0.351826447661319, "target": "638.xyz", "model": "1.xyz", "model_rescale": 3.9405287249114394, "target_rescale": 4.3119176289054355},
{"mapping": [3, 1, 8, 5, 0, 12, 7, 2, 4, 9, 6, 14, 15], "R": [[-0.24643354566726555, -0.49494434070852655, -0.8332470264996219], [-0.8979663991167532, 0.4400440725441094, 0.004190498310012003], [0.36459135155287403, 0.7492605113172564, -0.5528850084361593]], "T": [-0.09990490643583735, -0.011067256263643174, -0.07543564175800326], "aligned_model": [[-0.34542691194946373, 0.4544202678837522, -0.4973975403139157, 0.3789254463593209, 0.4744759408159299, -0.6941134833505002, -0.07213079014198212, 0.6377078932789287, 0.08974171311558171, -0.47915814766690823, 0.05914697188486914, -0.4086135842470514, -0.10159449638463028], [0.6459170261184705, 0.48957997042292095, 0.18375263946919462, -0.13297251456975578, -0.18863404164897413, 0.2745292401370612, 0.31606825471789596, 0.19181049951941115, -0.751081702949409, -0.614489106614135, -0.7064013962754068, -0.2163001160164238, -0.03294615873883268], [-0.17732121730666384, -0.3752199173385816, -0.5674801731306374, 0.45493842960962755, -0.3524485501937062, 0.22875471897625105, 0.46064869573004835, 0.07234260211381181, -0.3799886611112723, 0.016978036979504438, 0.22703034846518105, 0.58465288237617, -0.07976684558108899]], "inverted": false, "swapped": true, "error_lsq": 0.05378561478419685, "error_max": 0.3312376167525745, "target": "638.xyz", "model": "2.xyz", "model_rescale": 3.932901565614263, "target_rescale": 4.3119176289054355},
{"mapping": [7, 5, 2, 12, 1, 10, 0, 8, 13, 11, 6, 14, 4, 15], "R": [[0.7157045593489553, -0.15040715934774607, -0.6820151538962018], [0.3744700399623399, 0.9069397655441525, 0.19295712177922358], [0.5895245312094501, -0.39349453375067395, 0.7054239002263947]], "T": [-0.036936601188340176, -0.07043482353724917, -0.04156798452773587], "aligned_model": [[0.02480299834193124, 0.5517487300328975, 0.24029248385524926, -0.35751741708054363, -0.2922283405056074, -0.22794470025030317, 0.21178715490195166, -0.6194491953970164, -0.2295094703302828, -0.2788848362426118, 0.6910150782679177, 0.3119225710754745, 0.41820297743173873, -0.024428122048092103], [0.3111755700629798, -0.038070230819721274, -0.47045826132619195, 0.5806304290465312, -0.6403414532480701, -0.5496797367734558, -0.6814278489876658, -0.12806371507066533, 0.4407929294783085, -0.2103374813586929, -0.01176915351130177, 0.6014546985508662, -0.4666954350316715, -0.07371367266076073], [-0.5372868467139361, -0.4632766141321859, -0.6500050963822583, -0.06443596561155317, -0.5493348775079514, 0.2942683917602517, -0.09637207569827923, 0.2673349048457843, 0.5953839678844701, 0.7486671351294274, 0.21711605642213733, -0.041994842225214504, 0.5171495245586697, -0.023317299272265196]], "inverted": false, "swapped": true, "error_lsq": 0.055142348871471215, "error_max": 0.4660896783359557, "target": "638.xyz", "model": "3.xyz", "model_rescale": 3.9243930471874484, "target_rescale": 4.3119176289054355},
{"mapping": [13, 9, 11, 8, 10, 12, 3, 4, 0, 5, 1, 7, 15], "R": [[0.2850360090379004, 0.87341930178686, -0.3948331252794022], [-0.29697217939756493, 0.47212270608921403, 0.8300046235165549], [0.9113517423122679, -0.11932675165758796, 0.3939532054993865]], "T": [-0.06462738350175046, -0.0019410634979357688, -0.026241783405587887], "aligned_model": [[-0.13007841196754366, -0.14422366287864077, 0.49209977725448806, 0.32224915756838557, 0.5474797196667747, -0.5010270334830018, -0.0909940402865591, 0.3595085866645677, 0.3280975658586649, -0.4840633003142477, 0.260902505723936, -0.624827231721519, -0.05791774577395211], [-0.5525759754365555, -0.016997408198734132, -0.31828554126480707, -0.5387614737440197, -0.0110102244825179, -0.5798249663277069, -0.5468683722969905, 0.44831060911209386, 0.513220433703621, 0.5775207489484888, 0.167149997269796, -0.020199143824939925, 0.006150870223858924], [-0.6560538757726169, -0.7403348986756417, -0.5671339041779789, -0.04084985402543853, -0.09096038179865272, -0.07902916395638804, 0.4261398038948543, -0.5682029197715274, 0.10997575714134375, 0.09094854871979449, 0.6901611484336941, 0.2583952372687818, -0.04598518190926032]], "inverted": true, "swapped": true, "error_lsq": 0.043034698731740866, "error_max": 0.28875075602310557, "target": "638.xyz", "model": "4.xyz", "model_rescale": 3.8936222436046832, "target_rescale": 4.3119176289054355},
{"mapping": [13, 9, 14, 12, 5, 0, 10, 1, 3, 8, 7, 15], "R": [[-0.6567106060326082, 0.5207328048430078, 0.5454984196903037], [-0.3920877501312263, 0.38213052245963763, -0.8368055090651337], [-0.6442036759607304, -0.7634223010660995, -0.046776213117607934]], "T": [-0.1531447031393516, -0.010625206372926178, 0.02867218355215912], "aligned_model": [[0.06161830600431917, -0.45382408614411684, -0.2513290090612107, 0.36254929632625876, -0.596824082815588, -0.5733179571607014, -0.20587045659422745, -0.0019377595462723163, 0.53684267643951, 0.2998539225392651, 0.019314004944450708, -0.1695268127165897], [-0.6548523569699208, -0.4957819796051795, 0.09665889171141755, -0.038054639556288725, 0.5373759592098069, 0.0771055021324525, -0.39977195402879295, 0.4016298219015646, 0.11863213729322337, -0.44853128080019866, 0.5000900682270104, -0.02557726440528744], [-0.46427217781314684, -0.4080268575565035, -0.7142870337274672, -0.4817083532136394, -0.13949257170223117, 0.5325940344298522, 0.5027298341810328, 0.7031919447381467, 0.12614027127179778, 0.23138755476850723, -0.29475224854510507, 0.02578032244427491]], "inverted": false, "swapped": true, "error_lsq": 0.04677667664580772, "error_max": 0.26286549364115847, "target": "638.xyz", "model": "5.xyz", "model_rescale": 3.6523030999806103, "target_rescale": 4.3119176289054355},
{"mapping": [11, 13, 12, 8, 3, 4, 14, 10, 6, 2, 7, 1, 15], "R": [[0.8927502855472761, 0.009534186405068049, -0.4504509151337697], [0.11781999568273553, -0.9699271101143624, 0.2129785192983604], [-0.4348739774608012, -0.2432087587953923, -0.8670260223157246]], "T": [0.051744988987019264, -0.015515994648009773, -0.059245993665520164], "aligned_model": [[0.15430961293007076, -0.02765983486137849, 0.19259194401423915, 0.5535553016948308, 0.6731505940595331, -0.391198024913716, -0.44977273675057705, 0.28612475484483146, -0.7039656556656273, 0.01686094377261224, -0.0027714306521563065, 0.5428275377470858, 0.03702989844454631], [-0.5813221636111776, 0.023951767397001906, 0.5427089852919705, -0.19757415376336848, 0.31931500196489804, -0.7049806736008314, 0.4888862377886891, -0.5819833225006468, -0.18631322724684857, 0.009022962716257233, 0.5805142195487214, -0.14124000020307162, -0.030158729618410554], [0.5506122878471569, 0.7751897946210201, 0.38316555029497734, 0.3320393796542811, 0.004262672555130159, 0.009889425051152465, 0.19997744828321076, -0.003328695445552199, -0.05767487934924945, -0.8372250283556693, -0.2514734754036546, -0.6844068218443747, -0.05091791842663973]], "inverted": true, "swapped": true, "error_lsq": 0.046960349807604336, "error_max": 0.24062857386495104, "target": "638.xyz", "model": "6.xyz", "model_rescale": 4.08911054899281, "target_rescale": 4.3119176289054355},
{"mapping": [5, 0, 6, 7, 12, 13, 14, 9, 3, 1, 8, 10, 11, 4, 15], "R": [[0.7882654906841933, -0.5729651759708723, -0.22438454340946892], [0.4044709059302715, 0.20765518714354644, 0.8906641395657089], [-0.46372492110339936, -0.7928368245591564, 0.3954351617782617]], "T": [-0.06688967769417685, -0.14495069772124272, -0.03503107476593992], "aligned_model": [[0.17308462516233236, 0.2673796646518236, 0.6398089958798909, -0.3831295051439463, -0.5109288293168913, -0.019706094956153178, 0.03324376920944881, 0.4065056896663059, -0.7642089781744466, -0.38945530487513547, -0.3551386581375905, 0.08660402462142107, 0.19650072658278833, 0.7020290549038086, -0.04625564027410193], [-0.665012732293182, -0.5874436943689123, -0.16605844798507324, -0.36041215898434587, 0.28216277000935397, 0.683892946378431, 0.0766676927559666, 0.3575614153604081, -0.06986832580379562, -0.7460101574859062, 0.2714733755490617, -0.05981654507079881, 0.4883137974803471, -0.06802219539026202, -0.13666892398217967], [-0.47931011827927117, 0.32641522427042235, -0.35189727547593747, -0.5337736849627921, -0.4191980758322299, -0.15725152403771436, -0.7519669268373603, -0.23470491093465687, 0.06694197852959402, 0.3921382105853476, 0.3910751597445422, 0.5550008835297376, 0.4468245265326698, 0.24636855458195772, -0.032591989332228746]], "inverted": false, "swapped": true, "error_lsq": 0.039401433003221714, "error_max": 0.31659830330451627, "target": "638.xyz", "model": "7.xyz", "model_rescale": 3.964800864290218, "target_rescale": 4.3119176289054355},
{"mapping": [11, 9, 4, 8, 0, 12, 10, 6, 14, 7, 3, 1, 5, 15], "R": [[0.6722405878444648, -0.06124726923179441, -0.7377949336137901], [-0.5505071602682512, -0.7076934135964554, -0.44284523125532554], [-0.495009553996602, 0.7038599323472282, -0.5094572966287172]], "T": [-0.010336963058491012, 0.011615659721498446, 0.14130368524798137], "aligned_model": [[-0.3373159363399088, 0.24633275054744447, 0.3646247196136065, -0.6230869869776215, 0.20937391599823887, -0.2915112868608176, -0.2595052089823229, 0.6901760967353213, 0.37246956326225006, 0.12114186128609762, -0.6062271084935064, -0.2438452923951773, 0.6184728372829426, 8.796478432576693e-05], [-0.14456094897452734, -0.4668021138472955, 0.18780754110868145, -0.05374844339031265, 0.6051809334952394, -0.5925519317182663, 0.3358123338478846, -0.12533951449359623, -0.6103481881062417, -0.1660049185120599, -0.029804062357882743, 0.7219049422633698, 0.14108770199499246, 0.008315134871217121], [-0.6145249093281899, -0.3295766929091564, -0.5691186684748362, -0.10020811327518533, -0.05256964400534472, 0.42958044165945525, -0.3188675373604312, -0.16002250813546698, 0.340699195662442, 0.7298100232920179, 0.5227344315044404, 0.4392259093188071, 0.4778616737191958, 0.1217914370572739]], "inverted": false, "swapped": true, "error_lsq": 0.04449654664464253, "error_max": 0.2563773797884639, "target": "638.xyz", "model": "8.xyz", "model_rescale": 4.121658175737393, "target_rescale": 4.3119176289054355},
{"mapping": [8, 3, 12, 13, 1, 10, 5, 6, 14, 2, 11, 9, 15], "R": [[0.721278235798918, 0.6485250273503387, -0.24325500090037805], [0.44871773289404554, -0.16996675331942185, 0.8773617833895451], [0.5276458118370962, -0.7419747917997601, -0.41359799997639524]], "T": [-0.07712319074700749, -0.10904419046795988, -0.030634035668979865], "aligned_model": [[-0.464893654042165, -0.3331402281775878, 0.26373718275851743, 0.22407272278081639, -0.687944996658642, -0.5781400662737429, 0.29393598099418405, 0.39561414904967984, 0.6719403595794388, -0.23865184729250405, -0.33331633774864533, 0.33602421039064, -0.07249997892479215], [0.3205525865359382, -0.18877162495833605, 0.06916020553301497, 0.6383730422487528, -0.6317325549366556, 0.17039239691584884, -0.6520240854527956, -0.0356613723054488, -0.0741705867967781, -0.8302978926794512, 0.6771966242639211, 0.42281933722769083, -0.09544863618399185], [-0.351793939140947, -0.6866743436747513, -0.6464573595359343, -0.2647161088331751, -0.06921189759331298, 0.1926217290427274, 0.27420031122895533, 0.5787977579432457, -0.1346824066855814, 0.21588579237186312, 0.10638311336754487, 0.22020784943561994, -0.013485063967165343]], "inverted": false, "swapped": true, "error_lsq": 0.04997299443213691, "error_max": 0.36058628257744507, "target": "638.xyz", "model": "9.xyz", "model_rescale": 3.833441315466971, "target_rescale": 4.3119176289054355},
{"mapping": [2, 5, 10, 11, 4, 0, 6, 13, 3, 8, 7, 12, 14, 1, 15], "R": [[-0.01366607177557938, -0.9872722466135213, 0.1584510951332163], [-0.27553771636478214, -0.148612265220898, -0.949733310717485], [0.9611931155302278, -0.05663837650042913, -0.2699997943789774]], "T": [-0.028759223459303384, 0.002123986700298003, 0.09304613597847966], "aligned_model": [[-0.08577568699933352, 0.18892230154467418, -0.6051201206398411, -0.5320090104696952, -0.6624337484981364, -0.5409338474056565, -0.12735792026545706, 0.10836878080100047, 0.25174801156796706, -0.21308479243604, 0.5453220243293522, 0.5587085242748037, 0.545263163480627, -0.26679462547298527, -0.04097803551674763], [-0.7683539395993072, -0.5889915176624375, 0.15049160876330503, 0.6691877650091792, 0.0523879646502552, -0.4152699168825993, -0.11719806669265875, 0.8014794280816278, 0.14609622193449567, 0.4923757476369131, -0.24997736093206152, 0.410264822415852, 0.11983850844593351, -0.5101821874710634, 0.008952461597544717], [0.19395859024905576, -0.2656086681349248, 0.2503389118230968, 0.02710059789418462, -0.42874873947122194, 0.052562111487474535, -0.6661068697240282, -0.12229708737963421, 0.7277726594297064, 0.4976945044842128, 0.13833512404875087, 0.21747953500208228, -0.38630762152620995, 0.6663490119985213, 0.07559984764102648]], "inverted": true, "swapped": true, "error_lsq": 0.04735561889851097, "error_max": 0.3514316006889498, "target": "638.xyz", "model": "10.xyz", "model_rescale": 4.2482417240324, "target_rescale": 4.3119176289054355},
{"mapping": [4, 0, 1, 2, 13, 12, 8, 7, 5, 14, 6, 15], "R": [[0.6966425841977053, -0.47268364057242473, 0.5396844316983227], [-0.16227891645872747, -0.8365853831656935, -0.523249892447663], [0.6988237711721921, 0.2769387524502634, -0.6595075922504359]], "T": [-0.015576900020425841, 0.08047293270582714, 0.08055313628711464], "aligned_model": [[-0.6786620040123549, -0.0510703963081218, 0.4958845388044297, 0.4977356073592161, -0.5667449731101722, 0.11287208899331765, -0.20372485100507087, 0.4807915419741477, 0.279973019855926, -0.042702793081218306, -0.41144050569990365, -0.03614567140718856], [-0.3753467031273373, -0.5805255958985256, -0.4193771741616409, -0.4718502072751952, 0.7079914908524958, 0.7941642686578771, 0.28283063784142126, 0.341887881161703, -0.1626974828054803, 0.5709924840500418, -0.09728268715438668, 0.0753444779096662], [-0.08940676386891483, 0.0813464243188001, 0.44981147893972523, -0.11571161924884743, 0.16167113338195405, 0.11697430330942932, 0.6819803674023481, -0.20309463031215186, -0.5350396253831577, -0.49546178526145795, -0.5612939536116315, 0.07341696018826079]], "inverted": true, "swapped": true, "error_lsq": 0.04586514588691701, "error_max": 0.23382377675818974, "target": "638.xyz", "model": "11.xyz", "model_rescale": 3.6694154284099745, "target_rescale": 4.3119176289054355},
{"mapping": [7, 2, 0, 1, 3, 14, 12, 9, 10, 11, 4, 8, 5, 15], "R": [[-0.8351777812078636, -0.002367684529552716, 0.5499749702001708], [-0.18885495651946074, -0.9379513618992793, -0.290828210649036], [0.5165383617648769, -0.34675875876645995, 0.7829089883530533]], "T": [0.0416631622435605, 0.016602550384505713, -0.03864078475622012], "aligned_model": [[-0.04676035167157493, -0.08147127711998173, -0.06698462191557031, 0.4614442086429061, 0.6590852801440038, -0.4378233521920266, 0.21986012011887304, -0.37274857540710254, 0.29272232161360756, 0.22440186788096433, -0.3760250440382127, 0.5882146746275753, -0.4939456844715139, 0.028295284043862598], [-0.3698802987712589, 0.43225760576326516, 0.6617724496878281, 0.49484048839051115, -0.2666160522484143, -0.5689363145272556, -0.6865001053374504, -0.1780041238911128, 0.463711415424232, 0.1454936758539136, 0.526296420378545, -0.029804490457265034, 0.08303425851108, 0.023322359359636315], [-0.5264806667630145, -0.6860504079756845, -0.13929331791856686, -0.5314561701637763, -0.24079722032888107, -0.05801484793721746, -0.005876979732096964, 0.5153288827412207, 0.3019598812847959, 0.7691815284340925, 0.4533840971671722, 0.3317520303542482, -0.5225271823906509, -0.022014167119225398]], "inverted": false, "swapped": true, "error_lsq": 0.04396658939846577, "error_max": 0.2990485343153645, "target": "638.xyz", "model": "12.xyz", "model_rescale": 3.9764082729961374, "target_rescale": 4.3119176289054355},
{"mapping": [8, 3, 11, 6, 2, 10, 1, 13, 4, 9, 7, 0, 6, 5, 12, 15], "R": [[-0.09188146071702395, 0.8886805796359893, 0.44922669617282135], [-0.8848893690635795, 0.13401634827739003, -0.44610584272418297], [-0.4566493202609265, -0.4385047842067811, 0.7740703795734586]], "T": [0.08166988333597466, 0.014295491423464667, 0.01700609280139105], "aligned_model": [[-0.019039760597983638, -0.6009497317590445, -0.308592094876901, -0.3676144317390435, 0.4021444598798809, 0.3374961815313494, 0.598946474073474, -0.04946852000720042, -0.20246138968695818, 0.6107816348537811, -0.1396875741177001, 0.3616700502709683, -0.3676144317390435, 0.33794414686619423, 0.5297007370266854, -0.012329449371933893], [-0.47994621341029975, -0.4220447265235472, 0.03255971162700979, 0.5543993700291836, -0.7142426687905659, -0.014317944243792687, -0.19402071407051433, 0.5522482722312781, -0.08981588128973714, 0.03651559666642206, -0.6287434688137162, -0.3966514470568064, 0.5543993700291836, 0.3824485304667708, 0.3985792738035634, -0.017552949527353673], [-0.4782065296854135, -0.21120679597374714, -0.674301874295141, 0.3171564055479584, -0.035792664826785045, -0.7444931359633085, -0.28688840445806185, -0.24355113887073543, 0.6683846029944802, 0.3016921441744309, 0.34645331250391026, 0.5459961246283899, 0.3171564055479584, 0.7252509286667433, -0.2254972343697757, 0.058701140859164724]], "inverted": true, "swapped": false, "error_lsq": 0.04690497491510158, "error_max": 0.3802813905480845, "target": "638.xyz", "model": "13.xyz", "model_rescale": 4.170626492500431, "target_rescale": 4.3119176289054355},
{"mapping": [9, 13, 14, 12, 6, 2, 7, 11, 4, 8, 10, 3, 0, 15], "R": [[-0.5190478537099965, 0.841822365993361, -0.14806900307757098], [0.14078932591258136, 0.2550679735030943, 0.9566183641359316], [0.8430703952032279, 0.47568417359248394, -0.25091208764327905]], "T": [-0.10227641358223402, 0.13019395596728392, 0.13552434448363504], "aligned_model": [[0.2910453424974737, 0.017333420160213484, -0.32724095622268107, -0.5984741574180813, 0.34695805790555323, -0.22722936017660206, -0.651707982497356, 0.4633793064078082, 0.7070608850109675, -0.0733385712248296, 0.33001219387994696, -0.6387308362208465, 0.2861159712953416, -0.08200029130526514], [-0.21281227007768025, -0.6417763952973902, 0.02143788823615414, -0.3490378883979425, 0.36214088916616716, 0.8812520765762047, 0.3136961178851556, -0.4665405557319391, 0.2171124015921087, -0.38958698651913704, 0.021290130408042285, -0.12752724947387947, 0.5993143514329617, 0.1271119581268401], [-0.35857682286091747, -0.17090864901578628, -0.5791094823522626, -0.09098306280685614, -0.4515546547248671, 0.300959818494631, -0.10866281453992094, 0.29838862982756353, 0.018229484732080387, 0.5442459853616624, 0.5600386187374711, 0.5203444397111096, 0.39486366338645884, 0.1265979471705006]], "inverted": true, "swapped": true, "error_lsq": 0.045779808574176, "error_max": 0.27998549837366016, "target": "638.xyz", "model": "14.xyz", "model_rescale": 3.9786697098870705, "target_rescale": 4.3119176289054355},
{"mapping": [10, 1, 4, 11, 0, 6, 3, 7, 9, 8, 2, 15], "R": [[0.9261353551890099, -0.07982795794748869, 0.3686472582277811], [0.3734946560966963, 0.05758746295532453, -0.9258430892854252], [0.05267870287067564, 0.9951437992774226, 0.0831491011590623]], "T": [0.021990396111462158, 0.02445355526847339, 0.1363047552100621], "aligned_model": [[0.05675716402717661, -0.7082600749880895, 0.5456761157505287, 0.532979073479538, -0.129714523861559, 0.5671268159725451, -0.432235970891948, -0.23514126064539517, 0.7389949049253597, 0.014116727284633163, -0.5083820877077156, 0.04143771342226274], [-0.3050061483132821, 0.02089238582805899, 0.16969656716295745, -0.5528042569861223, 0.2625944676133649, 0.5553308497879785, -0.4120268848870391, 0.3103807934122481, 0.030898833079483455, -0.6355417877937912, 0.5430313220923004, 0.02722834922828174], [-0.38253378226841706, -0.20209770324711715, -0.48094519233958777, -0.19270472222731264, -0.46240552157267967, -0.009531877395147326, 0.46104050297120625, 0.6336018359998123, 0.18482517582823035, 0.08724194760867912, -0.10213300107016873, 0.12560883158633165]], "inverted": false, "swapped": true, "error_lsq": 0.04856882990433475, "error_max": 0.24408169848695468, "target": "638.xyz", "model": "15.xyz", "model_rescale": 3.769337070930944, "target_rescale": 4.3119176289054355},
{"mapping": [14, 6, 12, 13, 7, 5, 3, 0, 8, 11, 15], "R": [[0.8675626048275966, 0.01746611887889049, 0.49702118807558304], [0.41205813280368797, -0.5848231894152424, -0.6987058982952139], [0.2784658361363094, 0.810972731855697, -0.5145677859052334]], "T": [0.11569632502714587, -0.021981628259095366, 0.05278610503328804], "aligned_model": [[-0.2747412787528552, -0.3344697996005842, -0.05947264398532266, -0.5984408890938714, 0.35576494696103017, 0.29777617535115863, 0.47036445936822147, 0.35986388597667324, 0.039393279094408304, -0.43143837777825467, 0.0980263731505673], [0.021479091929650022, -0.6124786600754832, 0.5857121088027472, 0.417347948219628, 0.11009479686250648, -0.5197300910187432, 0.591207433779468, -0.548988819593189, 0.4553158853616643, 0.13014934756230237, -0.03404454420520856], [-0.5943677233005092, -0.16842975596818238, -0.30387216478512413, 0.08660145218682938, -0.5129862305142574, -0.44171308633721895, 0.07514145501363087, 0.37031578059740644, 0.504923180804816, 0.6692948475768364, 0.05930985194954969]], "inverted": true, "swapped": true, "error_lsq": 0.045924386825627654, "error_max": 0.2648245688825326, "target": "638.xyz", "model": "16.xyz", "model_rescale": 3.7852294659196426, "target_rescale": 4.3119176289054355},
{"mapping": [0, 3, 7, 1, 10, 8, 13, 12, 5, 6, 9, 14, 15], "R": [[-0.395967651814472, -0.34481672415367287, 0.8510646541012397], [-0.9077600262777012, 0.0072016100948717465, -0.4194280289922795], [0.13849676317098558, -0.9386424045162093, -0.3158624432172787]], "T": [-0.027690344919426922, 0.008623401847556729, -0.04998581174505668], "aligned_model": [[0.020476762258700355, -0.3611715314723674, 0.38485184249896726, -0.1489111380944371, -0.49381269852361787, -0.6730360950960962, -0.35246816380321866, -0.08327151984979106, 0.6718669193721015, 0.45077944857435415, 0.010945814730722626, 0.45519615742390673, -0.027679947802941272], [-0.1995142242135094, -0.3975248202419863, -0.22410467193639919, -0.7440182572509785, 0.02043366812868521, 0.029875322059413907, 0.6813314284381221, 0.14238952143131522, -0.11490861217102136, 0.5141301366964312, 0.7260357950048267, 0.4138850020399287, 0.02704533571804586], [-0.6765144470088408, 0.42553915384792035, 0.36332042853437185, -0.30811505970078346, -0.4519016256777119, 0.09541097374424434, 0.33228267294382063, 0.6614903476895415, -0.19419236440185877, -0.3902832393600526, -0.06781679024681811, 0.3692063821660693, -0.06267173538672827]], "inverted": true, "swapped": true, "error_lsq": 0.042110359540781905, "error_max": 0.24137340358626708, "target": "638.xyz", "model": "17.xyz", "model_rescale": 3.901054581598922, "target_rescale": 4.3119176289054355},
{"mapping": [13, 12, 11, 9, 3, 10, 7, 14, 8, 0, 1, 2, 6, 4, 15], "R": [[0.45024820495507323, 0.5133947991444944, -0.7305493372429537], [0.6709822857908218, -0.7343503343777742, -0.10252979349523414], [-0.5891174128216365, -0.44402180871060337, -0.6751187357048432]], "T": [0.07935311169846958, -0.024573789882451638, 0.058301520562611356], "aligned_model": [[-0.09947318240520071, 0.1725521992568616, -0.5266214199776812, 0.18447861484222294, -0.19675458480441232, -0.45078466447935805, 0.5375063258966308, 0.6702581638359801, -0.521641489703138, -0.012386838920156587, -0.16203265533550326, 0.3630676364602414, 0.5324488707562378, -0.030315681493121277, 0.07878491715943113], [0.016006456138716388, -0.5332593788702942, 0.3601657158610987, 0.4037165334877049, -0.6772609391560029, 0.2630909524816573, -0.45308785420196535, -0.08633542782442749, -0.19523278210376038, 0.37167952182285, -0.2564304516966085, -0.04009506208921271, 0.5891869288061582, 0.7903260113767234, -0.003712874205531815], [-0.760551528057607, -0.45133940090398067, -0.3745421303450003, -0.5091553200682362, 0.06565666151935172, 0.18138192793157049, 0.09888218075100845, -0.41090542057208007, -0.16020249330105046, 0.5805529607950137, 0.7902646727803853, 0.7837914198753089, -0.07688263096278465, 0.04246381505420172, 0.05025169035587558]], "inverted": false, "swapped": true, "error_lsq": 0.03724249941881857, "error_max": 0.351826447661319, "target": "638.xyz", "model": "18.xyz", "model_rescale": 3.9405287249114394, "target_rescale": 4.3119176289054355},
{"mapping": [12, 3, 14, 2, 4, 13, 7, 11, 6, 7, 1, 0, 5, 8, 9, 15], "R": [[-0.66770414390178, 0.7346548334017697, -0.12022251027078562], [0.7380322780104149, 0.6321571919012274, -0.23597805267082073], [-0.09736289247525955, -0.2462916167614579, -0.9642929568766322]], "T": [0.03084858458397083, -0.09458555110198638, -0.050304849507555184], "aligned_model": [[-0.04430791799794112, -0.7163658176183394, -0.31414176524823595, -0.5867039284495237, 0.5413616629372056, 0.30304409890464623, 0.7237060430787718, -0.0674079566201901, -0.14193685934013053, 0.7237060430787718, -0.3859224949377016, 0.19772816035823115, 0.014707573895627574, 0.38323744492242523, 0.48080204360347983, -0.0005800299605722078], [-0.5745001608377591, -0.46212244262833, -0.07434348284751788, 0.3490664883624782, -0.6095147874312791, 0.044549164266333235, 0.025672334238771854, 0.5187747725365506, 0.033209584602433645, 0.025672334238771854, -0.43115080252139293, -0.4599630423727733, 0.6030744356513924, 0.1133535293916719, 0.5238737633004975, -0.07183757682277078], [-0.3036278245635276, -0.22923462730477373, -0.7433494940086283, 0.37055978970330017, 0.043978272098137476, -0.6485363919182231, -0.016956203915316527, -0.4154732591440412, 0.6653047153044728, -0.016956203915316527, 0.3351106701472325, 0.5076599827337073, 0.40166047373760466, 0.585977780656725, -0.11402147294072076, -0.04124292019056514]], "inverted": false, "swapped": false, "error_lsq": 0.04406148420768827, "error_max": 0.3408718965502919, "target": "638.xyz", "model": "19.xyz", "model_rescale": 4.410303926677745, "target_rescale": 4.3119176289054355},
{"mapping": [11, 9, 4, 8, 0, 12, 10, 6, 14, 7, 3, 1, 5, 15], "R": [[0.6722405878444648, -0.06124726923179441, -0.7377949336137901], [-0.5505071602682512, -0.7076934135964554, -0.44284523125532554], [-0.495009553996602, 0.7038599323472282, -0.5094572966287172]], "T": [-0.010336963058491012, 0.011615659721498446, 0.14130368524798137], "aligned_model": [[-0.3373159363399088, 0.24633275054744447, 0.3646247196136065, -0.6230869869776215, 0.20937391599823887, -0.2915112868608176, -0.2595052089823229, 0.6901760967353213, 0.37246956326225006, 0.12114186128609762, -0.6062271084935064, -0.2438452923951773, 0.6184728372829426, 8.796478432576693e-05], [-0.14456094897452734, -0.4668021138472955, 0.18780754110868145, -0.05374844339031265, 0.6051809334952394, -0.5925519317182663, 0.3358123338478846, -0.12533951449359623, -0.6103481881062417, -0.1660049185120599, -0.029804062357882743, 0.7219049422633698, 0.14108770199499246, 0.008315134871217121], [-0.6145249093281899, -0.3295766929091564, -0.5691186684748362, -0.10020811327518533, -0.05256964400534472, 0.42958044165945525, -0.3188675373604312, -0.16002250813546698, 0.340699195662442, 0.7298100232920179, 0.5227344315044404, 0.4392259093188071, 0.4778616737191958, 0.1217914370572739]], "inverted": false, "swapped": true, "error_lsq": 0.04449654664464253, "error_max": 0.2563773797884639, "target": "638.xyz", "model": "20.xyz", "model_rescale": 4.121658175737393, "target_rescale": 4.3119176289054355},
{"mapping": [11, 13, 12, 8, 3, 4, 14, 10, 6, 2, 7, 1, 15], "R": [[0.8927502855472761, 0.009534186405068049, -0.4504509151337697], [0.11781999568273553, -0.9699271101143624, 0.2129785192983604], [-0.4348739774608012, -0.2432087587953923, -0.8670260223157246]], "T": [0.051744988987019264, -0.015515994648009773, -0.059245993665520164], "aligned_model": [[0.15430961293007076, -0.02765983486137849, 0.19259194401423915, 0.5535553016948308, 0.6731505940595331, -0.391198024913716, -0.44977273675057705, 0.28612475484483146, -0.7039656556656273, 0.01686094377261224, -0.0027714306521563065, 0.5428275377470858, 0.03702989844454631], [-0.5813221636111776, 0.023951767397001906, 0.5427089852919705, -0.19757415376336848, 0.31931500196489804, -0.7049806736008314, 0.4888862377886891, -0.5819833225006468, -0.18631322724684857, 0.009022962716257233, 0.5805142195487214, -0.14124000020307162, -0.030158729618410554], [0.5506122878471569, 0.7751897946210201, 0.38316555029497734, 0.3320393796542811, 0.004262672555130159, 0.009889425051152465, 0.19997744828321076, -0.003328695445552199, -0.05767487934924945, -0.8372250283556693, -0.2514734754036546, -0.6844068218443747, -0.05091791842663973]], "inverted": true, "swapped": true, "error_lsq": 0.046960349807604336, "error_max": 0.24062857386495104, "target": "638.xyz", "model": "21.xyz", "model_rescale": 4.08911054899281, "target_rescale": 4.3119176289054355},
{"mapping": [9, 10, 5, 6, 14, 11, 15, 8, 7, 2, 12, 13, 0, 4, 1, 16], "R": [[-0.13139544580096113, -0.5529429950841394, 0.8227935834765293], [-0.8091599334665494, -0.4196779554999088, -0.41125492792163154], [0.572708860499972, -0.719808625854677, -0.3922755450573302]], "T": [0.10768526851665895, -0.04198772576518196, 0.0241427960647203], "aligned_model": [[-0.09560177046346797, -0.6423514675391305, -0.3155150138598426, -0.4723527288613827, 0.41299446859994254, 0.2784886477356103, 0.7210292234487489, -0.10512668554329234, -0.43338706892924517, 0.7879420472068803, -0.12297490647297864, 0.06838703269694198, -0.0047081008980417866, 0.4530648106333293, 0.4759248040393678, 0.10511300881308501], [-0.6112554275696938, -0.3264743073968873, -0.15132173484437855, 0.4197858835979791, -0.6063799019421581, 0.18075143529992715, -0.1483312066931129, 0.47408126783778115, -0.08180302563165599, 0.1484349114919004, -0.6949180064821148, -0.29515411346587533, 0.5241727931668596, 0.11712558928472254, 0.6348553941036184, -0.02975543962983357], [-0.35289337597639897, -0.06330826826969355, -0.5296411414084493, 0.10085774796302127, 0.032530272549713156, -0.6879713113884646, -0.3553401085654708, -0.3871306945846082, 0.4839815238343615, 0.17328622917296566, 0.2799697653833247, 0.6333163303127851, 0.5407755432783347, 0.6086837362296227, -0.16633401835196374, 0.0700710563009879]], "inverted": false, "swapped": false, "error_lsq": 0.04118035740102047, "error_max": 0.2459748739101866, "target": "638.xyz", "model": "22.xyz", "model_rescale": 4.204369325754507, "target_rescale": 4.3119176289054355},
{"mapping": [12, 3, 14, 2, 4, 13, 7, 11, 6, 7, 1, 0, 5, 8, 9, 15], "R": [[-0.66770414390178, 0.7346548334017697, -0.12022251027078562], [0.7380322780104149, 0.6321571919012274, -0.23597805267082073], [-0.09736289247525955, -0.2462916167614579, -0.9642929568766322]], "T": [0.03084858458397083, -0.09458555110198638, -0.050304849507555184], "aligned_model": [[-0.04430791799794112, -0.7163658176183394, -0.31414176524823595, -0.5867039284495237, 0.5413616629372056, 0.30304409890464623, 0.7237060430787718, -0.0674079566201901, -0.14193685934013053, 0.7237060430787718, -0.3859224949377016, 0.19772816035823115, 0.014707573895627574, 0.38323744492242523, 0.48080204360347983, -0.0005800299605722078], [-0.5745001608377591, -0.46212244262833, -0.07434348284751788, 0.3490664883624782, -0.6095147874312791, 0.044549164266333235, 0.025672334238771854, 0.5187747725365506, 0.033209584602433645, 0.025672334238771854, -0.43115080252139293, -0.4599630423727733, 0.6030744356513924, 0.1133535293916719, 0.5238737633004975, -0.07183757682277078], [-0.3036278245635276, -0.22923462730477373, -0.7433494940086283, 0.37055978970330017, 0.043978272098137476, -0.6485363919182231, -0.016956203915316527, -0.4154732591440412, 0.6653047153044728, -0.016956203915316527, 0.3351106701472325, 0.5076599827337073, 0.40166047373760466, 0.585977780656725, -0.11402147294072076, -0.04124292019056514]], "inverted": false, "swapped": false, "error_lsq": 0.04406148420768827, "error_max": 0.3408718965502919, "target": "638.xyz", "model": "23.xyz", "model_rescale": 4.410303926677745, "target_rescale": 4.3119176289054355},
{"mapping": [6, 13, 14, 7, 5, 9, 8, 11, 0, 4, 12, 2, 1, 3, 10, 16], "R": [[0.19954067961150915, 0.9293445149056934, -0.31064817687357943], [-0.9120527410474721, 0.29205118712453404, 0.2878643806498874], [0.35825035202769856, 0.22588686706812333, 0.9058873045573483]], "T": [0.035212809507475636, -0.01880697742651975, -0.08871709853443338], "aligned_model": [[-0.2516343074811992, -0.6010343420608872, -0.22189207597029859, -0.5285052914688828, 0.2510879170294426, 0.3251300514707002, 0.827353609807846, -0.17857524608238534, -0.1346235925949862, 0.6554893195976381, -0.3578780732426083, 0.4211356721822154, -0.10410630430596635, 0.46390350147248666, 0.4724914432709318, 0.072584018982478], [-0.6725160494998215, -0.272660492509657, -0.09166921980111757, 0.2065584751075328, -0.5874290204970752, 0.17012701452331458, 0.027181030120117234, 0.49409973369751387, -0.15183038980784924, -0.13910485851055948, -0.5911972851050417, -0.28586914751271114, 0.6830705422721556, 0.27236661117205285, 0.46127390823912157, 0.03141325923910257], [-0.3500239494284456, -0.24662396611851592, -0.7105998539749114, 0.18213934336427373, 0.07149820508722177, -0.6108970705045589, -0.3034372021946009, -0.39193790847629156, 0.6350550889427349, 0.18454073543965244, 0.31628256610511224, 0.6939931240589396, 0.38487922898322174, 0.6466013471469261, -0.1344739116672723, 0.013857509716581826]], "inverted": true, "swapped": false, "error_lsq": 0.04153720916101803, "error_max": 0.2703960757964435, "target": "638.xyz", "model": "24.xyz", "model_rescale": 4.28219845311461, "target_rescale": 4.3119176289054355},
{"mapping": [4, 13, 7, 12, 0, 3, 1, 9, 14, 8, 2, 6, 11, 10, 5, 15], "R": [[-0.836429112253624, -0.27959404225139367, -0.4713952818093754], [-0.22863688043543, -0.6036778305550596, 0.7637396505361572], [-0.4981079371776457, 0.746592424575727, 0.4410082022896717]], "T": [0.01925916429232878, -0.02196839246319506, -0.019091606895098215], "aligned_model": [[0.036562105380526636, -0.5585762380557227, -0.4167428147282817, -0.5796890065463767, 0.39594565180107555, 0.3261716207972558, 0.6084668546986223, -0.15290745665251415, -0.2666837839780897, 0.6281031144908024, -0.22592982511182402, 0.45516988793858854, -0.052510057387757034, 0.26804966624080456, 0.5962736416422812, 0.049222940077133875], [-0.5801134618748541, -0.15108076525193956, -0.05096961728754851, 0.38321588072579504, -0.7430026905389593, 0.006345955937907471, -0.07596272109748105, 0.509150097372948, -0.0382505272883162, 0.12137525007840642, -0.5862524223859917, -0.43945333792424346, 0.4430886298083447, 0.2460492160125832, 0.5993470705925917, -0.08967244575216433], [-0.4911331969556188, -0.0675962450561062, -0.6629916061178218, 0.2289138237758911, 0.04231688732613252, -0.7297591709336976, -0.2636244449518413, -0.4000712497442656, 0.6866818321875767, 0.2820855857647181, 0.281317975903084, 0.650150723120421, 0.2548576878730353, 0.6851630817758597, -0.09847717995768901, -0.016981217529610647]], "inverted": false, "swapped": false, "error_lsq": 0.04063770930741731, "error_max": 0.29376432555298526, "target": "638.xyz", "model": "25.xyz", "model_rescale": 4.100010024507729, "target_rescale": 4.3119176289054355},
{"mapping": [4, 0, 1, 2, 13, 12, 8, 7, 5, 14, 6, 15], "R": [[0.6966425841977053, -0.47268364057242473, 0.5396844316983227], [-0.16227891645872747, -0.8365853831656935, -0.523249892447663], [0.6988237711721921, 0.2769387524502634, -0.6595075922504359]], "T": [-0.015576900020425841, 0.08047293270582714, 0.08055313628711464], "aligned_model": [[-0.6786620040123549, -0.0510703963081218, 0.4958845388044297, 0.4977356073592161, -0.5667449731101722, 0.11287208899331765, -0.20372485100507087, 0.4807915419741477, 0.279973019855926, -0.042702793081218306, -0.41144050569990365, -0.03614567140718856], [-0.3753467031273373, -0.5805255958985256, -0.4193771741616409, -0.4718502072751952, 0.7079914908524958, 0.7941642686578771, 0.28283063784142126, 0.341887881161703, -0.1626974828054803, 0.5709924840500418, -0.09728268715438668, 0.0753444779096662], [-0.08940676386891483, 0.0813464243188001, 0.44981147893972523, -0.11571161924884743, 0.16167113338195405, 0.11697430330942932, 0.6819803674023481, -0.20309463031215186, -0.5350396253831577, -0.49546178526145795, -0.5612939536116315, 0.07341696018826079]], "inverted": true, "swapped": true, "error_lsq": 0.04586514588691701, "error_max": 0.23382377675818974, "target": "638.xyz", "model": "26.xyz", "model_rescale": 3.6694154284099745, "target_rescale": 4.3119176289054355},
