[{"mapping": [7, 1, 5, 10, 0, 3, 9, 8, 2, 6, 4, 11], "R": [[-0.17670071427874484, 0.6712251241107376, 0.7198844979133155], [-0.9838076803574525, -0.09816218270262904, -0.14995543990380894], [-0.029988425151557196, -0.7347251313583745, 0.6777017601477431]], "T": [0.008945569541518449, 0.06605135148136276, 0.06121697858355035], "aligned_model": [[-0.14605226124726087, 0.521336122574133, 0.2752889861196289, -0.4568541141619036, 0.5159290528985453, -0.4375810101194181, -0.5456952792963337, 0.01987137466958234, 0.7256202342867185, -0.1508035463746229, 0.2046168539411544, 0.05727512594822077], [-0.18188703906623804, 0.2014791066344601, -0.5930515173493668, -0.40992224292556617, -0.2786164817515923, 0.004353674515795658, 0.31239095277516493, 0.6839718067386179, 0.3899946676417705, 0.530704983737633, -0.10954518233753074, 0.017394447307325707], [-0.8393969991058097, -0.40888492932161774, -0.3669546286891764, -0.07384277876113429, 0.14466292719207507, 0.5816398115763804, 0.02886339975828589, 0.20667634902141643, 0.23496506753354832, -0.47144774659545274, 0.824910027206964, 0.04985847772153966]], "inverted": true, "swapped": false, "error_lsq": 0.054305414493106274, "error_max": 0.30493652833279616, "target": "639.xyz", "model": "0.xyz", "model_rescale": 3.751011558992144, "target_rescale": 3.7301673529170607},
{"mapping": [10, 6, 4, 8, 1, 2, 5, 3, 7, 12, 0, 14], "R": [[-0.7768060706736203, 0.5576481552413034, 0.29257625248912766], [-0.6002515342721805, -0.7961730327764113, -0.07620103334932664], [0.1904479565878927, -0.23481276974556364, 0.9532012059349869]], "T": [-0.016341257232621774, 0.08533327371572999, -0.09427942802834302], "aligned_model": [[-0.16722303808743352, 0.654802419564748, 0.09600914422737047, -0.29993024687397296, 0.5220273475845194, -0.5262272306727847, -0.6367995539892638, -0.023502627740060893, 0.569134871849557, 0.1432901354184458, 0.27043699452672587, -0.01906667656940684], [-0.1687209416623824, 0.05618801539388144, -0.6458409507711952, -0.47826312377465385, -0.282151882607127, 0.07719914477218831, 0.02733274875059387, 0.6052967572431402, 0.3543118963044749, 0.810173014264863, 0.077257720782755, 0.13448477722393534], [-0.8592270680557851, -0.4296038445005126, -0.3741644234238274, 0.11152299622834957, 0.15229602627610814, 0.5566339548602067, -0.13615409919404395, 0.46517796988795124, 0.06238973505888884, -0.1274497924845466, 0.6080008139421714, -0.11837329105794135]], "inverted": true, "swapped": false, "error_lsq": 0.05180270058989975, "error_max": 0.28033534317764763, "target": "639.xyz", "model": "1.xyz", "model_rescale": 3.9405287249114394, "target_rescale": 3.7301673529170607},
{"mapping": [4, 1, 7, 3, 6, 9, 8, 5, 0, 2, 11, 12], "R": [[-0.0038895690973732196, 0.9749275415181199, 0.2224885615973817], [-0.7492383314133347, 0.1445127780338044, -0.6463419990422367], [-0.6622890562233374, -0.1692109505155843, 0.7298909920203247]], "T": [0.03685286022294121, -0.0001556747294012839, -0.01410837287093359], "aligned_model": [[-0.2707617091504096, 0.46652525953066276, 0.3326708614192613, -0.18044239687430946, 0.43566732644828293, -0.5908284188971931, -0.7311901549943722, 0.1373819928504983, 0.7905743198669467, 0.09901852930531471, 0.07240502142173263, 0.02193090831202913], [-0.12681381836234915, 0.23035062894527872, -0.6482540256475811, -0.5275827918677011, -0.2838323171413337, 0.24126824244133613, 0.034208195470262936, 0.5910677370694614, 0.3115063416074577, 0.6623680853479107, 0.009379892929717887, 0.07360100512801332], [-0.6313819858202592, -0.6381875390010394, -0.36249047755125596, -0.05156616136829643, 0.2221759420310762, 0.4309891570594273, -0.11218396265025066, 0.39628783960039593, 0.18005840369198, -0.16028403583222142, 0.6974107103732871, -0.05977891299582413]], "inverted": false, "swapped": false, "error_lsq": 0.05623140757579334, "error_max": 0.27356977053664583, "target": "639.xyz", "model": "2.xyz", "model_rescale": 3.932901565614263, "target_rescale": 3.7301673529170607},
{"mapping": [9, 11, 8, 7, 3, 4, 5, 2, 1, 10, 0, 13], "R": [[0.42088089797419487, 0.8679453771259161, -0.26368559317146417], [0.8504777082135316, -0.4786681107822829, -0.21809288744014427], [-0.31551059816160637, -0.13246758866179958, -0.939630459490237]], "T": [0.0760476902499091, 0.0501498008772285, -0.0382384305490646], "aligned_model": [[-0.3454343061917978, 0.7341042247809574, 0.2923284201490993, -0.36170043020693843, 0.4322510410604693, -0.5026444357102361, -0.6168638567032739, -0.08126708367442911, 0.5512734698026941, 0.2509552780761453, 0.21868144122344113, 0.011267776632312848], [-0.23853743949959813, 0.06818762362761271, -0.519347246589964, -0.5065564906186735, -0.2890090646625637, 0.07729451342067689, 0.1759204015688228, 0.561433814202308, 0.5090189308326392, 0.6268544686564702, -0.020064593556918565, 0.12207225853966172], [-0.5662588310147764, -0.6418483481935988, -0.44772894854958295, 0.052300154554302355, 0.09878680390907875, 0.6156766958017765, -0.18265113689891882, 0.6005421051606846, 0.29697523405094195, -0.4254909349743744, 0.6126654648460033, -0.10191928115451701]], "inverted": false, "swapped": false, "error_lsq": 0.04630138829377422, "error_max": 0.2670768457244249, "target": "639.xyz", "model": "3.xyz", "model_rescale": 3.9243930471874484, "target_rescale": 3.7301673529170607},
{"mapping": [11, 8, 10, 3, 4, 0, 5, 1, 7, 1, 2, 12], "R": [[-0.6335039998545862, -0.7723653192560227, 0.046092252915024], [0.535200899990139, -0.39440017009669326, 0.7469996669861673], [-0.5587778438860884, 0.49789589216847474, 0.6632246992865787]], "T": [0.052031995877122386, -0.0394249983104345, -0.1925376076849473], "aligned_model": [[-0.2926144111432048, 0.6319806459665528, 0.2659416988168021, -0.1347170259747409, 0.48771396091582786, -0.37460024676102394, -0.6438658976898773, -0.03167672999635525, 0.5634054483210814, -0.03167672999635525, 0.18645679443201213, -0.04339596765227506], [-0.09957376218686514, 0.03034719135411952, -0.6235381280224783, -0.5115222536521047, -0.25563522153015494, 0.18907222768839416, 0.23173762485586819, 0.6342796242957054, 0.3404447787095528, 0.6342796242957054, -0.016444153189672128, 0.013819623302403487], [-0.9022805623661715, -0.4273306521413114, -0.5244746652804672, 0.24927949780204947, 0.1477587839435376, 0.5068165948569249, -0.06675981432910305, 0.029442640702701472, 0.2944068486491478, 0.029442640702701472, 0.7199405260829751, -0.14519286108596535]], "inverted": true, "swapped": false, "error_lsq": 0.05457477827824094, "error_max": 0.3471767310085953, "target": "639.xyz", "model": "4.xyz", "model_rescale": 3.8936222436046832, "target_rescale": 3.7301673529170607},
{"mapping": [1, 2, 0, 9, 3, 7, 6, 7, 10, 4, 8, 11], "R": [[0.26976820106885974, 0.4742888547870502, -0.8380186154954193], [-0.5642987631838323, 0.7830525629915595, 0.26152550441887445], [0.78025125668676, 0.40234160338838687, 0.47888329540880176]], "T": [0.03747828398487837, 0.04020707837472324, 0.018227518179219523], "aligned_model": [[-0.23363030324861592, 0.6043402599469248, 0.3177100521600539, -0.2303308145451867, 0.47805600901772266, -0.2254873787225997, -0.7572947721628506, -0.2254873787225997, 0.49780509217997243, 0.22657579439103348, 0.1626862174976576, -0.03199123855306805], [-0.13876821647547308, 0.12275271930548551, -0.6444987073933531, -0.5089510254421964, -0.31924847429939396, 0.46746112392675176, 0.09422547853067964, 0.46746112392675176, 0.40880367261819145, 0.6965437731591705, -0.22546480925270365, 0.1469505173165636], [-0.7149687344861854, -0.46032465483419016, -0.4669182867270546, 0.11171338651222794, 0.101684130726201, 0.4281672310447788, 0.023368507763430687, 0.4281672310447788, 0.2456108505809097, -0.38685133037309877, 0.6961687013513019, -0.09476805506608074]], "inverted": false, "swapped": false, "error_lsq": 0.05230966706393799, "error_max": 0.412420183249472, "target": "639.xyz", "model": "5.xyz", "model_rescale": 3.6523030999806103, "target_rescale": 3.7301673529170607},
{"mapping": [9, 10, 11, 7, 4, 0, 5, 1, 2, 6, 3, 12], "R": [[0.49729436305003827, 0.8675395289271511, 0.00857217752462891], [-0.7019861251516918, 0.39654981207387385, 0.5915773209299771], [0.5098174149371227, -0.3002056166913476, 0.8062026985403842]], "T": [0.009928338601333284, 0.12235218988184494, -0.11602280738762408], "aligned_model": [[-0.10353101348535404, 0.5944166794112986, 0.2573543378453403, -0.31367490124409797, 0.5173176670543266, -0.4413815005742098, -0.6510009092013068, -0.04017558097252037, 0.5902885481520032, 0.2064042242457383, 0.02204284500828082, -0.055108857001055014], [-0.19039629028572536, 0.12036973989163012, -0.7131407843312276, -0.463831723984786, -0.1035261516480948, 0.1118130977234958, 0.20035283445246427, 0.6276407668908603, 0.41822023723695145, 0.6775357580464618, -0.19558470802931538, 0.0778143999577589], [-0.7578781172181075, -0.6327843491225362, -0.23971948511050242, 0.019945652126788393, 0.027736178858877553, 0.7690602887669237, 0.028863212753550166, 0.3578420648924213, 0.27366393851695114, -0.39132790009816676, 0.5015612521776502, -0.045913759006830576]], "inverted": false, "swapped": false, "error_lsq": 0.04866607157942985, "error_max": 0.3133325518176967, "target": "639.xyz", "model": "6.xyz", "model_rescale": 4.08911054899281, "target_rescale": 3.7301673529170607},
{"mapping": [13, 1, 2, 7, 6, 5, 12, 10, 8, 11, 4, 14], "R": [[-0.39527010314285105, -0.86488713258811, -0.3094055485038315], [-0.5769619275247232, -0.02833385633094493, 0.8162794415960586], [-0.7147562379919435, 0.5011660807246778, -0.4878074207949994]], "T": [0.1605415292415268, 0.059997309151425066, 0.005643776953421779], "aligned_model": [[-0.26099018004394614, 0.5167882898023423, 0.24148512732523833, -0.2871916881614516, 0.347241079130848, -0.3776125247433312, -0.49576421982313057, -0.1495989978133143, 0.47093754211121963, 0.06308317257816543, 0.24460858438837335, 0.2699653544874309], [-0.047491680166228595, 0.01547205922872752, -0.607460035308557, -0.5705191181506487, -0.38385677178408506, -0.021370305284635654, 0.2960756246420744, 0.6548670633486896, 0.52103942330535, 0.545502638689039, 0.008536600764218333, 0.15647167663652978], [-0.583127534842559, -0.6339278035320164, -0.43942742021276837, 0.04132241865481953, 0.13709642759803153, 0.538814251646062, -0.14109309881737267, 0.2687363985174148, 0.40092020865162015, -0.3095030248139552, 0.7035936429420031, -0.07235548825426025]], "inverted": false, "swapped": false, "error_lsq": 0.0487117632150445, "error_max": 0.2729164161030259, "target": "639.xyz", "model": "7.xyz", "model_rescale": 3.964800864290218, "target_rescale": 3.7301673529170607},
{"mapping": [12, 4, 11, 10, 6, 5, 8, 1, 0, 7, 3, 13], "R": [[-0.1794689704102188, 0.6648560055551718, -0.7250912911745094], [0.5884769512713046, -0.5180907104804424, -0.6207067693656166], [-0.7883436855092621, -0.5380971172484496, -0.29827122879450135]], "T": [0.11363354354576513, 0.08197609386415373, -0.02178650266070848], "aligned_model": [[-0.0898411674818618, 0.6292044858707119, 0.20527802735891285, -0.37617333144448184, 0.5503534304907213, -0.4851580253431902, -0.6415679292575276, -0.057491968488247364, 0.5874937984855945, -0.12212791331903597, 0.3466023280990972, 0.03637980426775175], [0.07393498604706493, -0.08249636098177753, -0.6238012951179192, -0.5230001796368685, -0.2916609687535902, 0.005825642700268349, 0.211597575266047, 0.7838932139953655, 0.4032874258670574, 0.6335229705864801, -0.09527531888159839, 0.07143948482994439], [-0.7492535602281746, -0.47148507953299695, -0.4467722556947947, 0.24132363914370092, 0.056806811073395615, 0.5567638311767377, -0.08444899895790936, 0.18106395154188284, 0.40876530518315946, -0.40527801912038985, 0.6417420783407318, -0.018178725388323564]], "inverted": false, "swapped": false, "error_lsq": 0.05534247202789261, "error_max": 0.3417613369519217, "target": "639.xyz", "model": "8.xyz", "model_rescale": 4.121658175737393, "target_rescale": 3.7301673529170607},
{"mapping": [1, 9, 4, 0, 5, 3, 2, 11, 7, 8, 10, 12], "R": [[-0.23710627262702977, -0.332338693871601, 0.9128699841908676], [0.9697059506263831, -0.024143118395675955, 0.24307916231942844], [-0.0587450832044627, 0.9428510499489571, 0.3279952938830831]], "T": [0.08258737718320558, 0.12135861005807451, -0.03131981444602869], "aligned_model": [[-0.2971145939379871, 0.7480698084177861, 0.26472909851650206, -0.2501669711284533, 0.46616860036077473, -0.5035275019832479, -0.5946801522816862, 0.0778207035683609, 0.6314835167933734, -0.07627407961244545, 0.07781053631306378, 0.03863257421240304], [-0.20806888025262377, 0.056035489618062484, -0.5923412872651733, -0.5872072128715292, -0.29899016669456474, 0.18852460067032023, 0.2196756887318379, 0.5546432726145605, 0.492295200794996, 0.7974216561139943, -0.1319037614866062, 0.07718257594719917], [-0.5027385852515689, -0.5273599748050851, -0.5268849137309299, 0.046354257019645545, 0.20928412854729825, 0.4927432252684616, -0.149594479664175, 0.43265621356561934, 0.09646901091335028, -0.25099032459624016, 0.6844428442238898, -0.09333242395324688]], "inverted": false, "swapped": false, "error_lsq": 0.048110803868029094, "error_max": 0.2802673781210542, "target": "639.xyz", "model": "9.xyz", "model_rescale": 3.833441315466971, "target_rescale": 3.7301673529170607},
{"mapping": [8, 11, 10, 0, 12, 5, 2, 4, 6, 7, 1, 14], "R": [[-0.7177450597377727, -0.1845798284450258, 0.6713957969433723], [0.5557204960446365, -0.7328207571268875, 0.3926174578388977], [0.41954351323542627, 0.6549076460503269, 0.6285532719244213]], "T": [0.030550014825290087, 0.08627393663205135, -0.027798913274532582], "aligned_model": [[-0.17843423059224772, 0.46655332324175497, 0.11425762919230932, -0.11241765939564725, 0.5819430176799127, -0.4468945941169896, -0.6613530717473474, -0.06202927316142491, 0.43858268813226575, 0.24404192264778302, 0.2162763620454325, -0.017574574687357583], [-0.1243044680364811, 0.03200850667511185, -0.6202022633131612, -0.5072171389901559, -0.12242726181725164, 0.08737268390044187, 0.24631090247203252, 0.7047263477272614, 0.3898988910331933, 0.5369278002028213, -0.20671385819145321, 0.15088703425811445], [-0.7485913126734568, -0.5496163710172339, -0.4396709294735269, 0.27411423481332053, 0.09641712224246272, 0.45124246240548577, -0.13874278774998375, 0.46703264466880723, 0.4222575194356141, -0.4696657227599999, 0.624330528590001, -0.07805841094447082]], "inverted": true, "swapped": false, "error_lsq": 0.05028841750416833, "error_max": 0.25915554069795627, "target": "639.xyz", "model": "10.xyz", "model_rescale": 4.2482417240324, "target_rescale": 3.7301673529170607},
{"mapping": [10, 4, 0, 1, 6, 3, 8, 7, 5, 9, 2, 11], "R": [[0.3057186315500663, -0.6468973371964584, -0.6986128781029497], [-0.5205192010705773, -0.7279426846368542, 0.44627257276303456], [-0.7972426729923601, 0.22720757692432159, -0.5592681265262447]], "T": [0.03484334426603607, -0.003961265144612244, 0.03365174088439128], "aligned_model": [[-0.1744640139464796, 0.740197191866795, 0.03614723442204602, -0.30780424753267566, 0.6137228392455958, -0.553685480073639, -0.5646272873560779, -0.09318402235312018, 0.6337813242993997, 0.012857190630549624, 0.14622857365864467, 0.09378223637740574], [0.06746837382840275, 0.12705468847124524, -0.5802388488961915, -0.6076830626675722, -0.27792368727083144, 0.1658984902359693, 0.05055535841804436, 0.6224073281005787, 0.4406072835584298, 0.6631071443987352, -0.17946625380862175, 0.07548036155228478], [-0.571402470743604, -0.4674972886519123, -0.458020835399618, 0.1650259118176136, 0.1352650259307951, 0.5654911084336114, -0.08685024471221821, 0.2568727647328556, 0.12207273329657281, -0.4499258104727119, 0.7439675973960416, -0.043949514090406566]], "inverted": true, "swapped": false, "error_lsq": 0.051245398490915944, "error_max": 0.37017649223618937, "target": "639.xyz", "model": "11.xyz", "model_rescale": 3.6694154284099745, "target_rescale": 3.7301673529170607},
{"mapping": [7, 5, 10, 2, 12, 3, 11, 4, 0, 6, 1, 13], "R": [[0.7258321884969924, 0.40949007993784836, 0.5527074348822906], [-0.5956891784514325, 0.77598613026818, 0.20736424066668996], [-0.34397970407790657, -0.4797534784281509, 0.8071645204780534]], "T": [-0.014316012523096881, 0.017125685647019738, -0.09821634438318026], "aligned_model": [[0.04447855047207711, 0.621975759600529, -0.05243263693867325, -0.1272262208116345, 0.5135445618218202, -0.4291178241119118, -0.61738822290175, -0.1969939169976817, 0.49304814389194596, 0.05733846278133301, 0.2230313512782725, 0.05269353115411752], [-0.14113349468146089, 0.2054451794905037, -0.5738564923622829, -0.4606723957856638, -0.40612424287785537, 0.049358742123582704, 0.40877672774947615, 0.5424570801159159, 0.43287043813311765, 0.5213193778997257, -0.08744997735469731, 0.07627623347011223], [-0.8218616647394361, -0.5501448137707503, -0.32803360989424935, 0.3322181473060928, -0.03504030206940924, 0.65554050485677, -0.26537500911863415, 0.38997865656667763, 0.1854661859054923, -0.3442025031708255, 0.7075154060808646, -0.015012020415573604]], "inverted": true, "swapped": false, "error_lsq": 0.055973459238842165, "error_max": 0.306762930131979, "target": "639.xyz", "model": "12.xyz", "model_rescale": 3.9764082729961374, "target_rescale": 3.7301673529170607},
{"mapping": [6, 4, 5, 12, 9, 10, 11, 8, 2, 3, 1, 15], "R": [[0.14788452039554512, -0.12593430654587803, 0.9809539841716268], [0.8521501134884398, -0.4871905824069715, -0.19101183339153338], [0.5019664856432335, 0.8641677423097698, 0.035266987994676646]], "T": [0.055055369151399206, -0.0005387724179976988, -0.08570130090997127], "aligned_model": [[-0.17847522737324872, 0.5130398377666993, 0.4493992879026224, -0.20983416779359787, 0.42147355005853215, -0.4164219593948799, -0.5950535319837622, -0.05731480949023057, 0.5430652273297308, -0.0751526044891591, 0.11300669398233398, 0.07521924272340365], [-0.225854723074918, 0.0349106887473003, -0.6528400365321113, -0.4717435165689801, -0.4248181674853253, 0.11395805394545512, 0.44260091994565404, 0.5825624192918099, 0.3600389997346738, 0.8011548904730962, -0.05818580479604275, 0.06548345223986166], [-0.7773334202954447, -0.6378401276460369, -0.43472829186307216, 0.25343459700551085, 0.13160916395454506, 0.5551937797216611, 0.02167806613086873, 0.2977289793590746, 0.4320723585748465, -0.30655555555382447, 0.5440931432298127, -0.16830371508092196]], "inverted": true, "swapped": false, "error_lsq": 0.05019477364704614, "error_max": 0.26996388262785864, "target": "639.xyz", "model": "13.xyz", "model_rescale": 4.170626492500431, "target_rescale": 3.7301673529170607},
{"mapping": [1, 3, 9, 10, 11, 12, 8, 4, 6, 2, 5, 13], "R": [[0.9993547664388953, -0.00019175821899689374, 0.03591676523082689], [-0.03393600858572636, -0.3325744531491936, 0.9424662224365307], [0.011764272911251063, -0.9430769832528522, -0.33236637245902195]], "T": [-0.03741846011637009, 0.11833141281671695, -0.13600030887017653], "aligned_model": [[-0.03758067157042625, 0.581872660669561, 0.10993909067367166, -0.32552301442183107, 0.43102609782940837, -0.30303782270779195, -0.7445041881954626, -0.30819413159795433, 0.6714668305381034, 0.1586944554087307, 0.31538631728001015, 0.03340591533242506], [-0.16256840574427933, 0.07907261823410874, -0.6428603017044379, -0.34888905647100327, -0.33513250964995384, -0.03758090968457127, 0.16258302220790086, 0.646675643293044, 0.34095996500536957, 0.7197112120997807, 0.05709332038753685, 0.08820257794697825], [-0.8514789846636552, -0.43668429446553425, -0.3709031918524493, -0.005504700354628134, 0.13711105721199648, 0.5279604001291993, 0.08677280669378237, 0.25206674776964644, 0.2582171938795037, -0.31714728956500016, 0.7000610007466198, -0.06942176799246189]], "inverted": true, "swapped": false, "error_lsq": 0.05435767780126503, "error_max": 0.2674785371975677, "target": "639.xyz", "model": "14.xyz", "model_rescale": 3.9786697098870705, "target_rescale": 3.7301673529170607},
{"mapping": [6, 10, 1, 0, 4, 3, 9, 8, 5, 7, 2, 11], "R": [[-0.14683875386318268, 0.9565492202204716, -0.2518967440431006], [0.5179369513765056, 0.2913085563698846, 0.8042889029350739], [0.8427215997959936, -0.012365851418378926, -0.5382075723696014]], "T": [0.04618637672181156, 0.04884419505646817, -0.05659262723418601], "aligned_model": [[-0.3511081926802281, 0.709459175904006, 0.1363389763123164, -0.19039399450967193, 0.570527217570191, -0.6145412341615226, -0.5719283379243452, -0.016074598420741604, 0.5566315632444928, 0.20680091870271305, 0.17643879526803471, -0.02919875006680054], [0.05420192548437877, -0.041002667582428876, -0.45007491673672895, -0.5362105358009244, -0.18394703689706215, 0.08153499854535731, 0.12054229945248321, 0.43744807398628305, 0.5520794411041289, 0.5502103162538661, -0.05897108642206386, 0.04145636453318499], [-0.7417816600216539, -0.5508776903666364, -0.5078401426477375, 0.23589032257332077, 0.15739254756799398, 0.5817799660734446, -0.07100961073084028, 0.28595477426959814, 0.30515256820194275, -0.45623119745787905, 0.795027938986239, -0.12240883891077317]], "inverted": false, "swapped": false, "error_lsq": 0.05239495791860554, "error_max": 0.3261274106052215, "target": "639.xyz", "model": "15.xyz", "model_rescale": 3.769337070930944, "target_rescale": 3.7301673529170607},
{"mapping": [6, 0, 7, 9, 5, 3, 10, 2, 8, 1, 11], "R": [[-0.1157552950252781, 0.6338545258109171, -0.7647412319096103], [-0.24684443372955794, -0.7641204519309904, -0.595976308654558], [-0.9621166962538092, 0.11978470290398768, 0.24491444983883387]], "T": [0.05154411542417899, 0.00405056577677658, -0.02918843550561232], "aligned_model": [[-0.23484086066735757, -0.4085598234053978, -0.06132375450186409, -0.5745700934231505, 0.35407864894730096, 0.4024647893514948, 0.7413705531523558, 0.111363370200213, 0.08348451116892003, -0.40726973295799523, -0.08357147717334834], [-0.054809556472642906, -0.6934262394188605, 0.6144505669921749, 0.3327562116841989, 0.3846810251478547, -0.331771022996558, 0.4061556289047511, -0.7219550768145554, 0.6831057626311567, -0.09502681063914466, 0.0719040086069671], [-0.6212562087113592, -0.02147480132365865, -0.25795297665573, 0.04172146638995373, -0.6318885010790743, -0.26575589257234045, -0.038356837723983274, 0.3620939561178211, 0.4141435400840149, 0.6930576234422138, 0.06988623925591914]], "inverted": true, "swapped": true, "error_lsq": 0.04789411023582526, "error_max": 0.2453104368704955, "target": "639.xyz", "model": "16.xyz", "model_rescale": 3.7852294659196426, "target_rescale": 3.7301673529170607},
{"mapping": [9, 0, 8, 11, 2, 6, 10, 5, 1, 4, 7, 12], "R": [[-0.004482522832555902, 0.999745504669897, -0.022109565382174817], [0.9469700509463074, 0.011347557433705191, 0.3211214031344481], [0.32129056879996276, -0.019497662234786217, -0.9467799171758844]], "T": [0.1835698129890585, 0.0401118004597216, -0.04313697175079445], "aligned_model": [[-0.28549225192030936, 0.28272836443078037, 0.25227101865071155, -0.15326540611051437, 0.54911328029455, -0.5426647414616281, -0.5742652649623937, 0.09265387704103202, 0.6775646658897339, 0.14658290598135587, 0.03505854006191278, 0.10266655134321313], [-0.3069252301662617, 0.2580003699512007, -0.49515964768578136, -0.5789922971761321, -0.31387144815141743, 0.16832193926377462, 0.24723612210303864, 0.5711934513884691, 0.3537980587023124, 0.7267713787402543, -0.0734522146831239, 0.010346693634140702], [-0.6809518854593887, -0.682229538363533, -0.40778821937421994, 0.1598019991195425, 0.29621661117305287, 0.4503595005077647, -0.2221358133371352, 0.33355332968776547, 0.31993901333286845, -0.2131877799088234, 0.6324920843551547, -0.07502032419602901]], "inverted": true, "swapped": false, "error_lsq": 0.05502655306241935, "error_max": 0.3712136991427572, "target": "639.xyz", "model": "17.xyz", "model_rescale": 3.901054581598922, "target_rescale": 3.7301673529170607},
{"mapping": [10, 6, 4, 8, 1, 2, 5, 3, 7, 12, 0, 14], "R": [[-0.7768060706736203, 0.5576481552413034, 0.29257625248912766], [-0.6002515342721805, -0.7961730327764113, -0.07620103334932664], [0.1904479565878927, -0.23481276974556364, 0.9532012059349869]], "T": [-0.016341257232621774, 0.08533327371572999, -0.09427942802834302], "aligned_model": [[-0.16722303808743352, 0.654802419564748, 0.09600914422737047, -0.29993024687397296, 0.5220273475845194, -0.5262272306727847, -0.6367995539892638, -0.023502627740060893, 0.569134871849557, 0.1432901354184458, 0.27043699452672587, -0.01906667656940684], [-0.1687209416623824, 0.05618801539388144, -0.6458409507711952, -0.47826312377465385, -0.282151882607127, 0.07719914477218831, 0.02733274875059387, 0.6052967572431402, 0.3543118963044749, 0.810173014264863, 0.077257720782755, 0.13448477722393534], [-0.8592270680557851, -0.4296038445005126, -0.3741644234238274, 0.11152299622834957, 0.15229602627610814, 0.5566339548602067, -0.13615409919404395, 0.46517796988795124, 0.06238973505888884, -0.1274497924845466, 0.6080008139421714, -0.11837329105794135]], "inverted": true, "swapped": false, "error_lsq": 0.05180270058989975, "error_max": 0.28033534317764763, "target": "639.xyz", "model": "18.xyz", "model_rescale": 3.9405287249114394, "target_rescale": 3.7301673529170607},
{"mapping": [3, 12, 14, 11, 13, 5, 2, 8, 7, 0, 9, 15], "R": [[0.7951142982944313, -0.3432916707445625, -0.49994407831792687], [0.5862275774752626, 0.2239115210990241, 0.778589017471096], [-0.15533988559040324, -0.9121482661917023, 0.3792822964867096]], "T": [0.11452458054281991, 0.10462601598215568, -0.1158399605372405], "aligned_model": [[-0.158894404918805, 0.4182127493863531, 0.1942804219820546, -0.07704996535131944, 0.5361253936247565, -0.4585649923463746, -0.7542682753119365, -0.04341515597239065, 0.5404841050307754, 0.14043058951533705, 0.1693386914329701, 0.07627238216702334], [-0.14578636855336105, 0.04930838842649726, -0.6119646992505121, -0.481513416470714, -0.3787357779149142, 0.2170870495854714, 0.0966576991675023, 0.6855034804522322, 0.3085325009728056, 0.7823166477974486, -0.047628545278779966, 0.09349021698679791], [-0.8826282565709878, -0.5684463219546072, -0.39846288012239867, 0.2569239875439793, 0.08401993033940222, 0.4759230833624461, -0.09437458013239616, 0.34231783590005466, 0.4062770549086225, -0.22870511993045736, 0.6343758809238005, -0.11617163673043875]], "inverted": true, "swapped": false, "error_lsq": 0.046316286249128674, "error_max": 0.23501453910414602, "target": "639.xyz", "model": "19.xyz", "model_rescale": 4.410303926677745, "target_rescale": 3.7301673529170607},
{"mapping": [12, 4, 11, 10, 6, 5, 8, 1, 0, 7, 3, 13], "R": [[-0.1794689704102188, 0.6648560055551718, -0.7250912911745094], [0.5884769512713046, -0.5180907104804424, -0.6207067693656166], [-0.7883436855092621, -0.5380971172484496, -0.29827122879450135]], "T": [0.11363354354576513, 0.08197609386415373, -0.02178650266070848], "aligned_model": [[-0.0898411674818618, 0.6292044858707119, 0.20527802735891285, -0.37617333144448184, 0.5503534304907213, -0.4851580253431902, -0.6415679292575276, -0.057491968488247364, 0.5874937984855945, -0.12212791331903597, 0.3466023280990972, 0.03637980426775175], [0.07393498604706493, -0.08249636098177753, -0.6238012951179192, -0.5230001796368685, -0.2916609687535902, 0.005825642700268349, 0.211597575266047, 0.7838932139953655, 0.4032874258670574, 0.6335229705864801, -0.09527531888159839, 0.07143948482994439], [-0.7492535602281746, -0.47148507953299695, -0.4467722556947947, 0.24132363914370092, 0.056806811073395615, 0.5567638311767377, -0.08444899895790936, 0.18106395154188284, 0.40876530518315946, -0.40527801912038985, 0.6417420783407318, -0.018178725388323564]], "inverted": false, "swapped": false, "error_lsq": 0.05534247202789261, "error_max": 0.3417613369519217, "target": "639.xyz", "model": "20.xyz", "model_rescale": 4.121658175737393, "target_rescale": 3.7301673529170607},
{"mapping": [9, 10, 11, 7, 4, 0, 5, 1, 2, 6, 3, 12], "R": [[0.49729436305003827, 0.8675395289271511, 0.00857217752462891], [-0.7019861251516918, 0.39654981207387385, 0.5915773209299771], [0.5098174149371227, -0.3002056166913476, 0.8062026985403842]], "T": [0.009928338601333284, 0.12235218988184494, -0.11602280738762408], "aligned_model": [[-0.10353101348535404, 0.5944166794112986, 0.2573543378453403, -0.31367490124409797, 0.5173176670543266, -0.4413815005742098, -0.6510009092013068, -0.04017558097252037, 0.5902885481520032, 0.2064042242457383, 0.02204284500828082, -0.055108857001055014], [-0.19039629028572536, 0.12036973989163012, -0.7131407843312276, -0.463831723984786, -0.1035261516480948, 0.1118130977234958, 0.20035283445246427, 0.6276407668908603, 0.41822023723695145, 0.6775357580464618, -0.19558470802931538, 0.0778143999577589], [-0.7578781172181075, -0.6327843491225362, -0.23971948511050242, 0.019945652126788393, 0.027736178858877553, 0.7690602887669237, 0.028863212753550166, 0.3578420648924213, 0.27366393851695114, -0.39132790009816676, 0.5015612521776502, -0.045913759006830576]], "inverted": false, "swapped": false, "error_lsq": 0.04866607157942985, "error_max": 0.3133325518176967, "target": "639.xyz", "model": "21.xyz", "model_rescale": 4.08911054899281, "target_rescale": 3.7301673529170607},
{"mapping": [15, 1, 11, 9, 8, 12, 14, 13, 0, 4, 10, 16], "R": [[0.7364491054492217, 0.22602819052003087, 0.6376158500016148], [-0.4315299053919909, 0.8828274979004633, 0.18546576423476824], [-0.5209843143852037, -0.41173640358978203, 0.7476954447658026]], "T": [0.07686989426891272, 0.0546069116450289, 0.008474204389919818], "aligned_model": [[-0.20684590381450574, 0.6120655687926151, 0.24377994440837222, -0.4006877292029672, 0.6368152555778359, -0.47779218880086854, -0.553535389103335, -0.15794550503268867, 0.6458297495795098, 0.1186611471272654, 0.03371158903031268, 0.08889500067689791], [-0.1472833104576896, 0.04137713654391474, -0.5563512238499564, -0.41784664047134146, -0.3472825796907637, 0.17096791371780484, 0.09267130727825533, 0.6009203741491407, 0.5720942311976773, 0.7248941743349728, -0.26585580539011605, 0.09896159855857523], [-0.6320355160916488, -0.5775197753470162, -0.4213678853283645, 0.24569555443884095, -0.06707741480219685, 0.48152768639316607, -0.10538038018398659, 0.2968026541929802, 0.10105365851681443, -0.17930402259049982, 0.7477822706886186, 0.020872147650311885]], "inverted": true, "swapped": false, "error_lsq": 0.04772965280895214, "error_max": 0.2578721524729483, "target": "639.xyz", "model": "22.xyz", "model_rescale": 4.204369325754507, "target_rescale": 3.7301673529170607},
{"mapping": [3, 12, 14, 11, 13, 5, 2, 8, 7, 0, 9, 15], "R": [[0.7951142982944313, -0.3432916707445625, -0.49994407831792687], [0.5862275774752626, 0.2239115210990241, 0.778589017471096], [-0.15533988559040324, -0.9121482661917023, 0.3792822964867096]], "T": [0.11452458054281991, 0.10462601598215568, -0.1158399605372405], "aligned_model": [[-0.158894404918805, 0.4182127493863531, 0.1942804219820546, -0.07704996535131944, 0.5361253936247565, -0.4585649923463746, -0.7542682753119365, -0.04341515597239065, 0.5404841050307754, 0.14043058951533705, 0.1693386914329701, 0.07627238216702334], [-0.14578636855336105, 0.04930838842649726, -0.6119646992505121, -0.481513416470714, -0.3787357779149142, 0.2170870495854714, 0.0966576991675023, 0.6855034804522322, 0.3085325009728056, 0.7823166477974486, -0.047628545278779966, 0.09349021698679791], [-0.8826282565709878, -0.5684463219546072, -0.39846288012239867, 0.2569239875439793, 0.08401993033940222, 0.4759230833624461, -0.09437458013239616, 0.34231783590005466, 0.4062770549086225, -0.22870511993045736, 0.6343758809238005, -0.11617163673043875]], "inverted": true, "swapped": false, "error_lsq": 0.046316286249128674, "error_max": 0.23501453910414602, "target": "639.xyz", "model": "23.xyz", "model_rescale": 4.410303926677745, "target_rescale": 3.7301673529170607},
{"mapping": [15, 8, 9, 11, 10, 7, 13, 0, 3, 5, 1, 16], "R": [[0.01955725772552208, -0.9973610660501484, -0.06991721960696895], [-0.8899267717307198, 0.014507105151456923, -0.4558726629850316], [0.4556839415946069, 0.07113682469323601, -0.8872945945656193]], "T": [-0.05435077067498526, 0.06838394892063362, -0.07853543876370687], "aligned_model": [[-0.10200309459861513, 0.6142533959008998, 0.12209127334084324, -0.16355334189914641, 0.48493315093379363, -0.4119336218501794, -0.7558310031829755, -0.04738662017434043, 0.6349640067186677, -0.001884588286847691, 0.18454925975062436, 0.024752722585720012], [-0.031241752861697752, -0.10172192117157328, -0.4348688517781868, -0.5084912712731947, -0.2838166992079513, 0.09873334899528197, 0.11285076747492818, 0.6829175474435111, 0.4143491936929843, 0.5792717778844522, -0.07028131026667986, 0.10956634698859968], [-0.7836015111312578, -0.5254572760596631, -0.4072067142361671, 0.15813155381260685, 0.015865311379902103, 0.48105755184895777, -0.06692469902274084, 0.3604244318173006, 0.38450254208711654, -0.44163729685614805, 0.733889370635597, 0.002005713261515621]], "inverted": false, "swapped": false, "error_lsq": 0.046752182162594254, "error_max": 0.24120201073018618, "target": "639.xyz", "model": "24.xyz", "model_rescale": 4.28219845311461, "target_rescale": 3.7301673529170607},
{"mapping": [2, 8, 0, 4, 1, 7, 13, 9, 5, 11, 3, 15], "R": [[0.9342827189042533, 0.3266524258771167, 0.14287754836037542], [0.06386829219168627, 0.24092100220038343, -0.9684409697814734], [-0.35076579424082105, 0.9139230073520187, 0.20422559639586893]], "T": [7.396603755696618e-05, 0.13854084490246782, -0.13302265621452503], "aligned_model": [[-0.35306263025543183, 0.6634515204676743, 0.1464218086166027, -0.22685427699189034, 0.4989690246382079, -0.520629415767693, -0.589812405877457, -0.0619382597481149, 0.7174089212792446, 0.11631792039563495, 0.18452582474493906, 0.008153507736727494], [-0.20298961893120865, 0.14713111158519743, -0.6194904967416153, -0.501134895756866, -0.17608852315555978, 0.07916119044883954, 0.20284763206755474, 0.5678729935841353, 0.48164829849792246, 0.6574791928737751, -0.13732761877760663, 0.06815791022590566], [-0.6099204555594957, -0.3374792152324749, -0.3966985293875114, 0.13894626177650748, 0.11595421039346049, 0.4422060379270043, -0.16157370331355156, 0.3853421514647378, 0.17191753167449497, -0.2499303348699587, 0.5669198038677391, -0.15463478120393268]], "inverted": true, "swapped": false, "error_lsq": 0.04408026853912333, "error_max": 0.2542392371552987, "target": "639.xyz", "model": "25.xyz", "model_rescale": 4.100010024507729, "target_rescale": 3.7301673529170607},
{"mapping": [10, 4, 0, 1, 6, 3, 8, 7, 5, 9, 2, 11], "R": [[0.3057186315500663, -0.6468973371964584, -0.6986128781029497], [-0.5205192010705773, -0.7279426846368542, 0.44627257276303456], [-0.7972426729923601, 0.22720757692432159, -0.5592681265262447]], "T": [0.03484334426603607, -0.003961265144612244, 0.03365174088439128], "aligned_model": [[-0.1744640139464796, 0.740197191866795, 0.03614723442204602, -0.30780424753267566, 0.6137228392455958, -0.553685480073639, -0.5646272873560779, -0.09318402235312018, 0.6337813242993997, 0.012857190630549624, 0.14622857365864467, 0.09378223637740574], [0.06746837382840275, 0.12705468847124524, -0.5802388488961915, -0.6076830626675722, -0.27792368727083144, 0.1658984902359693, 0.05055535841804436, 0.6224073281005787, 0.4406072835584298, 0.6631071443987352, -0.17946625380862175, 0.07548036155228478], [-0.571402470743604, -0.4674972886519123, -0.458020835399618, 0.1650259118176136, 0.1352650259307951, 0.5654911084336114, -0.08685024471221821, 0.2568727647328556, 0.12207273329657281, -0.4499258104727119, 0.7439675973960416, -0.043949514090406566]], "inverted": true, "swapped": false, "error_lsq": 0.051245398490915944, "error_max": 0.37017649223618937, "target": "639.xyz", "model": "26.xyz", "model_rescale": 3.6694154284099745, "target_rescale": 3.7301673529170607},
{"mapping": [12, 9, 3, 6, 7, 0, 2, 4, 8, 10, 5, 13], "R": [[-0.40222582341046564, -0.9102880880426282, 0.0979284624073593], [0.6800367396462285, -0.368663881000199, -0.6337483535104443], [0.6129962640286651, -0.18831500103169638, 0.7673154766283107]], "T": [0.06327798641062447, 0.059692904814504844, -0.0012078881044239225], "aligned_model": [[-0.23019988207094155, 0.49258693749363497, 0.3273572018046952, -0.38494621040429333, 0.540362827601167, -0.3610824149007349, -0.5849621631645251, -0.10778693392235035, 0.5525936021687141, 0.1070932285022837, 0.22339865072057352, 0.008536695410220584], [-0.2281612636358119, 0.09488763422334481, -0.6133902269947963, -0.44960622821714635, -0.3329236178199805, 0.1096271480988979, 0.22914795015335712, 0.7647850148656651, 0.43277709548028415, 0.620835036568706, -0.13519195682929824, 0.07448059002725199], [-0.6799888039931536, -0.5297139817421386, -0.36183579329782084, -0.10561044691991388, 0.11867057192507068, 0.5031314463516728, -0.11609627868971376, 0.384942962553712, 0.17123226754556184, -0.2135530138394802, 0.748698614923898, -0.008828567280675097]], "inverted": true, "swapped": false, "error_lsq": 0.042441782889751194, "error_max": 0.258764735117238, "target": "639.xyz", "model": "27.xyz", "model_rescale": 4.103607728864725, "target_rescale": 3.7301673529170607},
{"mapping": [6, 8, 11, 10, 13, 3, 0, 2, 4, 1, 12, 14], "R": [[-0.9586860565188778, -0.08064707591062961, -0.2727949672984235], [-0.18481689123308262, -0.5524219568881087, 0.8128177521824013], [-0.21624930462598418, 0.8296541633084099, 0.5146942855266615]], "T": [-0.061211186218335926, -0.10651461185889871, -0.10642820116321067], "aligned_model": [[-0.2544890689799224, 0.6264300091545035, 0.32611214518068626, -0.3384903833187831, 0.5272325242060283, -0.4783230641088606, -0.5054317233928257, 0.06726407600324494, 0.6291310403585767, -0.05091812769336284, 0.1139095962232193, -0.07947548439406], [-0.416708483799654, 0.16669578063068607, -0.5576474124845308, -0.5106614277365935, -0.2505140561503108, 0.13925751833704644, 0.4499616202729985, 0.42195970687177836, 0.4269837663097586, 0.7697951793654336, -0.11919097070519685, 0.04733595500905824], [-0.62381653181773, -0.45967831746682797, -0.45069708824556715, 0.033417693939235105, 0.12350807840022104, 0.4672830449426995, -0.05452388143603126, 0.3890813423082786, 0.13936923135137086, -0.293072340705382, 0.7340869019778291, -0.09390915571107687]], "inverted": true, "swapped": false, "error_lsq": 0.050445450722510325, "error_max": 0.2725749797427843, "target": "639.xyz", "model": "28.xyz", "model_rescale": 4.137296879288765, "target_rescale": 3.7301673529170607},
{"mapping": [4, 10, 5, 6, 0, 3, 2, 8, 9, 1, 11], "R": [[0.3369011172876958, -0.9413579561124608, -0.01851582118277806], [-0.3240619939251012, -0.0974692296137687, -0.941001367359148], [0.8840144010498867, 0.3230246859641981, -0.3378958286131115]], "T": [-0.0007998769505687814, -0.023867876945050027, -0.084169428986434], "aligned_model": [[0.3918320468352187, 0.16365954441661124, -0.32515760863260784, -0.4020596185545814, 0.16803594389236665, 0.3302146501278411, 0.6789631984967889, -0.22472017734182065, -0.5713747498326108, 0.09698179352655759, -0.08495601222386523], [-0.2333923913810861, -0.7905222919813979, -0.4645204896143316, 0.2586073496160567, 0.7944247677787888, -0.01119748814738241, 0.42658705756876064, -0.5626721589740125, 0.1714456205272617, 0.3157373483311596, 0.01465049292413547], [0.20814337271464212, -0.2352560339849707, -0.6321396804263865, -0.5260104442148877, -0.09515312853868514, -0.510965006200677, 0.05285961735584764, 0.4799484971384317, 0.29185127589502163, 0.7013704360326414, 0.07110511601202156]], "inverted": false, "swapped": true, "error_lsq": 0.05570025935074029, "error_max": 0.2946646367310923, "target": "639.xyz", "model": "29.xyz", "model_rescale": 3.607286011436655, "target_rescale": 3.7301673529170607},
