[{"mapping": [13, 4, 2, 3, 1, 7, 12, 6, 0, 10, 11, 14], "R": [[0.3735835462813792, -0.7971174724489907, 0.4743828296474919], [-0.760551115246042, 0.029553664309146133, 0.6486051048395349], [-0.5310342126886276, -0.6031005853441325, -0.5952078199349659]], "T": [-0.014337952727957634, -0.18917840867683372, -0.07826247446434924], "aligned_model": [[-0.32935481194417066, 0.13721339006669472, 0.2581496922215667, -0.0540259504130673, 0.04853160578217385, -0.5030169649688611, 0.4087287120853109, -0.1942224766111919, 0.5440351477861181, 0.07191182955529983, -0.5568231257331604, 0.006515414633835865], [-0.49107219972252864, -0.7388319186075243, -0.1900929418144084, 0.7410624423965293, 0.33330451274175527, -0.5279133019464568, -0.28962465679744076, -0.6098023335203622, 0.26670029756378827, 0.4071013420930945, 0.24326597348844065, -0.09054217989782978], [-0.5151327299122599, 0.07820550737963196, -0.607504662226608, -0.016014081003901767, -0.668978726921561, 0.057958706472276286, 0.5152971324740085, 0.5301893896801799, 0.06569497829332295, 0.4799949261956899, 0.34883822219663935, -0.08659691727385557]], "inverted": true, "swapped": true, "error_lsq": 0.042243762592171503, "error_max": 0.23411698292253066, "target": "64.xyz", "model": "0.xyz", "model_rescale": 3.751011558992144, "target_rescale": 4.396868767805843},
{"mapping": [9, 3, 12, 13, 6, 6, 4, 1, 8, 0, 5, 8, 10, 7, 14], "R": [[0.9389159973227403, -0.3032122459770073, 0.16278539203817677], [0.20162643068927794, 0.1013269893760802, -0.9742071769759664], [0.2788969924881692, 0.947520540734373, 0.1562731341833764]], "T": [0.14601339381966327, 0.03885246086673786, 0.00557603839537487], "aligned_model": [[0.21358323921497074, 0.2048175405144534, -0.24576067635795262, 0.4925694180549297, -0.5511205092264382, -0.5511205092264382, 0.181657110581376, -0.08917738808346465, 0.659250486098692, 0.1892701826180664, 0.6763472402657347, 0.659250486098692, 0.04944595520105931, -0.3786339108544826, 0.12212472081862755], [0.5371865546179121, -0.5360154678875402, -0.08470306337547981, 0.03209848849895585, 0.09056619133483404, 0.09056619133483404, 0.34459711102170554, -0.34703081188040696, 0.03181011402402665, -0.7124612027007365, 0.32348864580816344, 0.03181011402402665, 0.8285165205194748, -0.36412582978514973, 0.05565907620853154], [-0.42020215307612835, -0.49389851184121025, -0.6134734058680912, -0.6326680404836064, 0.27953909534817384, 0.27953909534817384, 0.7341525301015205, 0.5361087380073631, 0.42623783200133997, 0.10128992275472698, -0.16120016053998173, 0.42623783200133997, 0.2044708619083607, -0.03948754733280531, -0.04079940150949354]], "inverted": true, "swapped": false, "error_lsq": 0.05655496023459342, "error_max": 0.3437374338136274, "target": "64.xyz", "model": "1.xyz", "model_rescale": 3.9405287249114394, "target_rescale": 4.396868767805843},
{"mapping": [3, 1, 0, 7, 13, 10, 11, 9, 4, 12, 6, 8, 14], "R": [[-0.4254835491766825, -0.8832595673115686, 0.197018491854431], [0.6039825975019721, -0.4392855601193534, -0.6650061793588062], [0.6739204487881225, -0.1639534489518501, 0.7203821869549586]], "T": [0.060341755436286726, -0.10771875643786111, -0.18616967391525108], "aligned_model": [[-0.3498572248476496, 0.1768605421065013, -0.5824278429132245, 0.4290879903892059, 0.6700903243237316, -0.6063756276148861, -0.051086946769346664, 0.6445229310195124, 0.09697087410544544, -0.5477911937620844, -0.03614908800499575, -0.3582837978022346, 0.01042233905395594], [0.7220773383543487, 0.5489179116308992, 0.10993407355215257, -0.33292094583250564, -0.14997913873738208, 0.21885106370238638, 0.27907365305123194, 0.139823676127983, -0.6970785370067895, -0.5104460046519645, -0.6478762097672945, -0.20036500909004828, -0.02117927776100055], [-0.06796105199632563, -0.6117731677671135, -0.4686659595912742, 0.24442863444046242, -0.27364450220958403, 0.16522750197667685, 0.5221301128780829, 0.26184226826706475, -0.21587449738861464, -0.08935573756446462, 0.34148176577678213, 0.5073418211050804, -0.20205683833812826]], "inverted": false, "swapped": true, "error_lsq": 0.04625523032447862, "error_max": 0.27139252837162847, "target": "64.xyz", "model": "2.xyz", "model_rescale": 3.932901565614263, "target_rescale": 4.396868767805843},
{"mapping": [12, 8, 6, 0, 4, 13, 7, 2, 1, 2, 11, 3, 9, 14], "R": [[-0.8444898781930881, 0.32022281109490053, -0.42929499983566466], [-0.5348141585288737, -0.4616008783464305, 0.7077417925676406], [0.028472117351480322, 0.8272738242953683, 0.5610769627860691]], "T": [-0.059811451982237, -0.12609853727390838, 0.011665270130293084], "aligned_model": [[-0.12171004521364681, 0.5485323025216504, 0.2332968643595215, -0.2484926396971093, -0.3024255195975035, -0.15173465436178496, 0.26175693258747845, -0.5415267001196323, -0.21522022494912932, -0.5415267001196323, 0.739898838383823, 0.3499795652034653, 0.4523789020495623, -0.04339700899435885], [0.08526257729573083, -0.01264287897189273, -0.4892997861932513, 0.5640602636791429, -0.4960393234240821, -0.6037551855644935, -0.6417688936708913, -0.0642720613103078, 0.2674427569992496, -0.0642720613103078, 0.02933954067902217, 0.6553996208864449, -0.5332444080316102, -0.032713522712264964], [-0.6903909256477936, -0.5192156634465839, -0.5897239272611747, -0.15688709934387005, -0.38057349486124237, 0.39196167290792244, -0.04108482595994409, 0.355868048896284, 0.6801411772991209, 0.355868048896284, 0.015636049653666797, 0.31519449719127673, 0.43017797403080593, 0.046924830702345086]], "inverted": true, "swapped": true, "error_lsq": 0.055640822157976604, "error_max": 0.4346288436356627, "target": "64.xyz", "model": "3.xyz", "model_rescale": 3.9243930471874484, "target_rescale": 4.396868767805843},
{"mapping": [7, 11, 6, 4, 12, 13, 2, 8, 10, 3, 0, 1, 14], "R": [[-0.14086569109257824, 0.8796807961441971, 0.4542230222788383], [0.9103099594708871, 0.2954584952579304, -0.2898966285903161], [-0.38922054771186293, 0.37264725206960975, -0.8424021550090233]], "T": [-0.028559898175869278, -0.23539189758750637, -0.0364526037334434], "aligned_model": [[-0.04784365793617372, -0.1954742226219751, 0.4963073743705479, 0.40175004975750256, 0.6731438235240457, -0.38622491679788035, -0.26574940682168013, 0.3668887001376531, 0.16816221689498712, -0.40263403057856584, 0.18157112524923086, -0.6471151869172456, -0.06557598194909395], [-0.48013296250662607, 0.33253359737911625, -0.31038869730847624, -0.63297292051612, -0.018720595938893386, -0.7225663836532477, -0.48603269473814337, 0.2501619253591463, 0.5602032771624283, 0.6045718126445491, 0.25077366421515535, -0.06679463131497584, -0.15280583710232593], [-0.5948741853459908, -0.5961967882916301, -0.5827001898203041, -0.11602457581491514, 0.008860668284044595, -0.1628165912386228, 0.448591697460202, -0.5586084873485258, -0.09093763718787207, 0.12269371138168754, 0.4732705190471749, 0.4270676137910533, 0.008744560454662272]], "inverted": false, "swapped": true, "error_lsq": 0.049826631343295465, "error_max": 0.2787202121463155, "target": "64.xyz", "model": "4.xyz", "model_rescale": 3.8936222436046832, "target_rescale": 4.396868767805843},
{"mapping": [3, 1, 0, 10, 2, 13, 9, 7, 8, 11, 12, 14], "R": [[0.734043844582723, 0.40144943163378943, 0.547738978046225], [-0.6507112217373867, 0.6465617724108329, 0.39816175150559163], [-0.19430527562383154, -0.6486880824386018, 0.7358323393048698]], "T": [-0.21469794282213445, 0.14952984627113905, 0.033306954559707884], "aligned_model": [[0.03124069058861384, -0.694152717798486, -0.1091826854239969, 0.41559094676161984, -0.7801818654898673, -0.6234643196154549, -0.19640961608266122, -0.044347353391329225, 0.599392445680426, 0.39322308531906486, 0.24413110612850136, -0.20829167446133393], [-0.5739460725430153, -0.38436709690778614, 0.15603021289359623, -0.10474067743229834, 0.15652633603381472, 0.08030908904684639, -0.3251149685189436, 0.1710989578695269, 0.148391608460939, -0.373249800737397, 0.6350950875744981, 0.08289022937002644], [-0.5023186834995842, -0.2998054113095743, -0.6941227245679596, -0.42791133210802396, -0.15250646977689353, 0.4908543714796032, 0.647829077076338, 0.6186446051207584, 0.07852221130478865, 0.1776910807733263, -0.2750599679589252, -0.042532037258335216]], "inverted": false, "swapped": true, "error_lsq": 0.052748233209788394, "error_max": 0.3201318876880965, "target": "64.xyz", "model": "5.xyz", "model_rescale": 3.6523030999806103, "target_rescale": 4.396868767805843},
{"mapping": [3, 10, 11, 1, 9, 0, 8, 2, 12, 4, 6, 13, 14], "R": [[0.10513766641057984, 0.9716342074028703, 0.2118325709288682], [-0.36600692783050676, 0.23586867429830652, -0.9002249148211983], [-0.9246539892748054, 0.0171153582888508, 0.380423533221635]], "T": [0.1279277848244215, -0.09452626391050103, -0.14038098999388804], "aligned_model": [[0.1854570184367746, -0.3041407700766233, 0.18154421301045554, 0.5866495974139311, 0.7270957191876284, -0.297766500377441, -0.32379630510459856, 0.3613003951498033, -0.6050624064371212, -0.135772808527822, -0.26136439000512934, 0.6373503503258411, 0.12958879166859583], [-0.3058170068947976, -0.00917323308896105, 0.4353124469330222, -0.6450804662620419, 0.39036310715347255, -0.5657782494836496, 0.4822147056097249, -0.6102672249980403, -0.03362763229890617, 0.04763022621468324, 0.5240168705019869, -0.024414616751493784, -0.144552022471816], [0.7667268590866245, 0.552923788230783, 0.47614924511655454, 0.1948070831920592, -0.04477928276803639, 0.2298022133333878, 0.21753530795125242, -0.3244900124094078, -0.1604955322146106, -0.6501089068331383, -0.3533424713750943, -0.4821471519352284, -0.052471399893356446]], "inverted": true, "swapped": true, "error_lsq": 0.059160089719547566, "error_max": 0.36534308838325, "target": "64.xyz", "model": "6.xyz", "model_rescale": 4.08911054899281, "target_rescale": 4.396868767805843},
{"mapping": [4, 7, 6, 5, 9, 0, 9, 1, 11, 13, 10, 12, 8, 2, 14], "R": [[-0.07542620173365933, 0.7441435955978353, 0.6637478415955558], [-0.9969764816212094, -0.06874530158498658, -0.03622124520476444], [0.018675737903166123, -0.6644730187454678, 0.7470788607456763]], "T": [0.1484098463696338, 0.025387146623527652, -0.015481682852637492], "aligned_model": [[0.12244747187557486, 0.1630886944673152, -0.24141603112525936, 0.5982838713166468, -0.17819072756230583, -0.7902968117413464, -0.17819072756230583, -0.23445432121826495, 0.4697013418145999, 0.3723753197208962, 0.7652272260276577, 0.8041052294997063, 0.1950259899633207, -0.34037312002121645, 0.10516998026280704], [0.5219180005196099, -0.5031362621446851, -0.03943393917669382, 0.10171524866797507, 0.4129438952163432, 0.008463435344700097, 0.4129438952163432, -0.2784542213977246, 0.02667378706930625, -0.6390496471331687, 0.3900654491493155, -0.25244873503636306, 0.697144127266868, -0.6121795238749789, 0.07479712207630443], [-0.5151141036803021, -0.5809341586098886, -0.3204029489599596, -0.6256362633481009, 0.5825894998967767, 0.04108315709723805, 0.5825894998967767, 0.5313651980121933, 0.4757424843747673, 0.19489354430229552, 0.06081349602979643, 0.014059905042663877, 0.09277018733157469, -0.08432567842860847, 0.136352867862459]], "inverted": false, "swapped": false, "error_lsq": 0.058803016432879864, "error_max": 0.34704941326028593, "target": "64.xyz", "model": "7.xyz", "model_rescale": 3.964800864290218, "target_rescale": 4.396868767805843},
{"mapping": [8, 10, 11, 6, 9, 12, 7, 3, 0, 2, 5, 13, 1, 14], "R": [[0.529124759395938, -0.29499165800208227, -0.7956173142305122], [-0.1875185287999992, -0.9550951731325715, 0.2294123179246209], [-0.8275649765129472, 0.027805250727982844, -0.5606809054008165]], "T": [-0.044108432104273135, 0.01637431082220843, 0.19328751425813706], "aligned_model": [[-0.20059374092959126, 0.29715116856699336, 0.22866121168265546, -0.6495632086767318, 0.0518190267154298, -0.3805779498232312, -0.3815794197390838, 0.7975340395429856, 0.29431474643233024, 0.1360267785642082, -0.4922637474360856, -0.1447185138333941, 0.6556990553811805, 0.0492784430132074], [-0.26777237407178767, -0.5104964082294388, 0.10637303438642401, -0.056982316877926306, 0.7078375615342959, -0.6156421849793337, 0.4230869771452599, -0.23025536314552192, -0.6279615067945952, 0.08388563723397029, 0.09029874667269651, 0.5833684691040953, 0.14698591314228177, -0.021777718939218517], [-0.5547511781005424, -0.3364190289047245, -0.5690839587589588, -0.2622779780286279, -0.14720638836488004, 0.023784501579135003, -0.11134809530856565, -0.12547539840959948, 0.29639313365432024, 0.7566179439456572, 0.8063782244909924, 0.4160572130194046, 0.5383915062332145, 0.18575454167819616]], "inverted": false, "swapped": true, "error_lsq": 0.04639149777153273, "error_max": 0.2905121666480157, "target": "64.xyz", "model": "8.xyz", "model_rescale": 4.121658175737393, "target_rescale": 4.396868767805843},
{"mapping": [0, 2, 1, 3, 5, 12, 13, 7, 9, 4, 10, 11, 14], "R": [[0.3524303281576172, -0.9243121518858309, 0.14642373329108604], [0.9175375679125118, 0.310491839515305, -0.24843435564268224], [0.1841675195682097, 0.2219050776133501, 0.9575178647239467]], "T": [-0.0746977946464705, -0.09145135090327514, -0.009548173039834539], "aligned_model": [[-0.5478097923518159, -0.18059560494311605, 0.13829523020106874, 0.13130848899539915, -0.4103012443648215, -0.6596889719183903, 0.2839625906400497, 0.27718957173750747, 0.6821423132082948, -0.3712860563656142, -0.19417505233075516, 0.39982707732055733, -0.07213105339316657], [0.3843691134275736, -0.3647928854957355, 0.042880835011393365, 0.7309476263441339, -0.7702571527068437, 0.14532780793570757, -0.5851798631535291, -0.3185994974030577, -0.18996001255737055, -0.472721338085907, 0.7112065325431383, 0.48871559073817883, -0.01154931718597231], [-0.3096974454644661, -0.5276386145357128, -0.7595318466435584, -0.39944479264153865, -0.10325642147481878, 0.3687490792368163, -0.10349489716998952, 0.43394220563816827, 0.13449590662292607, 0.331388213561084, 0.11735887385444535, 0.3097413153498865, -0.0715361423741533]], "inverted": false, "swapped": true, "error_lsq": 0.056726210061416496, "error_max": 0.3992506655953245, "target": "64.xyz", "model": "9.xyz", "model_rescale": 3.833441315466971, "target_rescale": 4.396868767805843},
{"mapping": [11, 8, 9, 10, 4, 3, 6, 5, 1, 13, 12, 0, 6, 2, 14], "R": [[-0.6960866203386787, 0.7178147771994415, 0.01433047869374382], [-0.41040603860911595, -0.4142020049599749, 0.812406045374054], [0.589092777462641, 0.5596236634750649, 0.5829159929356018]], "T": [0.13514798945982498, 0.0808432481317165, -0.004934151455874752], "aligned_model": [[0.25102223130710644, 0.11261936927219537, -0.43646294206348035, 0.7305729569871064, -0.3682418830270612, -0.7328115582612948, 0.09760433036566228, 0.0438935336978252, 0.5929213248049853, 0.25459239277963336, 0.5554576183037152, 0.6762001626955229, 0.09760433036566228, -0.29146478596650227, 0.04899630445674934], [0.42395907423462476, -0.24217447658736374, -0.235526814961797, -0.14877166633447866, 0.2731827067716929, 0.07154577116806325, 0.6047908263097004, -0.3240969061672864, 0.17931080608738095, -0.6945196400152576, 0.5122048745743504, -0.26398571417896377, 0.6047908263097004, -0.4975939405597217, 0.058846905112506884], [-0.5830187222563822, -0.7139555708548164, -0.48564305783683615, -0.5231042418892067, 0.5828725761493441, 0.02475810661742088, 0.4255295253255258, 0.5290427180870778, 0.5663421795705736, 0.13730496979637566, 0.012007526284227271, 0.2234919729089489, 0.4255295253255258, 0.0029534026279990633, -0.038264223036095196]], "inverted": true, "swapped": false, "error_lsq": 0.04794460275090088, "error_max": 0.4729073124542658, "target": "64.xyz", "model": "10.xyz", "model_rescale": 4.2482417240324, "target_rescale": 4.396868767805843},
{"mapping": [1, 3, 11, 10, 13, 7, 9, 12, 0, 4, 2, 14], "R": [[0.5238874995994264, 0.6517952946899701, 0.5483655547018579], [-0.6587190039784914, -0.09813651302424246, 0.7459614591981458], [0.5400288525264604, -0.752018695666177, 0.3779374548883674]], "T": [-0.04073505955560529, 0.18812893127819946, -0.1120182503510056], "aligned_model": [[-0.6138002977776738, 0.04070898420697451, 0.3609857035853874, 0.5357455233618654, -0.5037623247564483, 0.0560768411138511, -0.23969737975263755, 0.5760453115748055, 0.1491786904690755, 0.11210553294450153, -0.5514179118052089, -0.04540307080148563], [-0.35728689702094835, -0.7157345594622162, -0.12063584583082576, -0.39386904636510295, 0.5278657942051119, 0.6164100035303407, 0.3268167000020742, 0.22884704041495446, -0.3583322288943231, 0.7051349576150701, 0.11981055598056717, 0.08710491587593744], [-0.10990106809785749, 0.10522745961009888, 0.5259457396698457, -0.05211513647451667, 0.11473209343422486, 0.3114289058541346, 0.625843051055019, -0.511157158505932, -0.5654966184792622, -0.3547393698274406, -0.4101512246146403, -0.11442438376931674]], "inverted": false, "swapped": true, "error_lsq": 0.052141247361211694, "error_max": 0.2972049017506615, "target": "64.xyz", "model": "11.xyz", "model_rescale": 3.6694154284099745, "target_rescale": 4.396868767805843},
{"mapping": [13, 4, 12, 6, 7, 1, 9, 3, 8, 10, 0, 11, 2, 14], "R": [[-0.38452470769356084, 0.22429528984239777, -0.8954509322836713], [0.07430934455164297, -0.9593631130374766, -0.27221414117445697], [-0.9201189436618978, -0.17121343492131905, 0.35223158463851084]], "T": [-0.05460330672210758, 0.03741777778901488, -0.17189853501880456], "aligned_model": [[0.0028807875626205084, 0.08117713197703444, 0.014831506406727098, 0.5645361402197223, 0.4879699454623201, -0.604325911514908, 0.4246582600056792, -0.2495422748886079, 0.5342034719076875, 0.048984252168588226, -0.5136148452666169, 0.4860040935177774, -0.5765083849750441, -0.10298932232716965], [-0.3989398098626782, 0.3913530369932156, 0.7604971015116947, 0.45467341793571914, -0.10268137468334894, -0.47165338258992806, -0.5730910030163644, -0.18845474911670512, 0.4086167345892602, 0.3301727169388059, 0.3895727807078777, -0.1360300287157652, -0.15266901964311858, 0.019620867087589318], [-0.6049328724108539, -0.6256192911927339, -0.05475350969949154, -0.3204268995514874, -0.41291971365137947, 0.08214533309989172, -0.20100147956986048, 0.7122838222660259, 0.2527269324111404, 0.5884987655815651, 0.28156030962756573, 0.4123726425260452, -0.3859773641079295, -0.08486121567608225]], "inverted": true, "swapped": true, "error_lsq": 0.05277785861102872, "error_max": 0.36675098058705125, "target": "64.xyz", "model": "12.xyz", "model_rescale": 3.9764082729961374, "target_rescale": 4.396868767805843},
{"mapping": [14, 7, 4, 3, 9, 5, 12, 1, 10, 2, 11, 8, 13, 0, 15], "R": [[0.7484252559027125, 0.034050053425521976, -0.6623444950995508], [-0.6605599948773433, -0.05107013436626601, -0.749034267936692], [-0.059330679202281744, 0.9981144399504153, -0.01573007526572244]], "T": [0.031113154172140584, 0.0984905406386635, 0.038098722246332074], "aligned_model": [[0.36997227416858347, 0.05200966859373704, -0.4020005459976156, 0.616973052765219, -0.40224965953002134, -0.8041136973494035, -0.047815846756967095, 0.1969478324206627, 0.6175552203503356, 0.2332227345766256, 0.7566679295558523, 0.6745259854859409, 0.10684560860457895, -0.3740256849140935, 0.03798851374439064], [0.6434577436790229, -0.5010160520295998, -0.07178506925825848, -0.021764571137671412, -0.12400077587033026, 0.1707274269449159, 0.3670173727211897, -0.17986961119199404, 0.18500022975483324, -0.6552353478590036, 0.4173013099486029, -0.19316780811871034, 0.6977709033144374, -0.5014497195547406, 0.08897660042045777], [-0.4383393996338062, -0.4214541908717413, -0.508968422790474, -0.5541430650549193, 0.3905095794795652, 0.03674056581034106, 0.6115767847843195, 0.5843011239474031, 0.5810063347034965, 0.20335160852443884, -0.011647232758139135, 0.0627598809666815, 0.13612008952781116, -0.01705686464376039, -0.06891010517153373]], "inverted": true, "swapped": false, "error_lsq": 0.04835025348245632, "error_max": 0.3558047337578676, "target": "64.xyz", "model": "13.xyz", "model_rescale": 4.170626492500431, "target_rescale": 4.396868767805843},
{"mapping": [2, 1, 0, 3, 12, 8, 10, 13, 4, 9, 7, 11, 6, 14], "R": [[0.9435005955466473, 0.014090771153190844, -0.33107110470627077], [-0.211598193268891, -0.743261984114771, -0.6346556763908404], [-0.25501535406414877, 0.668852056241201, -0.6982865429416885]], "T": [0.1370211733741714, -0.04882819165748557, 0.012043488309336776], "aligned_model": [[0.35343685113957846, -0.1537169320875686, -0.22994764452532146, -0.7566298690622075, 0.12308002490542959, -0.2648925538794478, -0.577205082326191, 0.4968428268250796, 0.6282645804973702, 0.045899461067616304, 0.32011250575791317, -0.49935081459354425, 0.30574217113223373, 0.051547497240703385], [-0.48734677412447996, -0.7322625265509081, 0.08052074131711036, -0.2524973780117963, 0.6253825742175961, 0.6003052472577425, 0.33075308519033453, -0.44335234081186836, 0.2800569663167321, -0.35143074015968845, 0.06759390261711849, 0.1188417860201451, 0.598626533090165, -0.07911660844253728], [-0.327387437766731, -0.2604919027864948, -0.6116009637734068, -0.16318412805435534, -0.28229194310192757, 0.2981903212592744, -0.13092084797310616, 0.3220599010996546, 0.021180645776707703, 0.7215419966591986, 0.5821559114589805, 0.4922838273071065, 0.3751305348724061, -0.03279281385644035]], "inverted": true, "swapped": true, "error_lsq": 0.05001451568622097, "error_max": 0.32748310501022854, "target": "64.xyz", "model": "14.xyz", "model_rescale": 3.9786697098870705, "target_rescale": 4.396868767805843},
{"mapping": [0, 2, 10, 3, 12, 8, 13, 7, 11, 1, 4, 14], "R": [[0.9977455445541407, -0.0013127692949628407, 0.06709772692975365], [-0.060054858115874694, 0.4287874642289501, 0.9014070803675714], [-0.029954003723104236, -0.9034044427369644, 0.42774194382135494]], "T": [-0.13326504261547978, 0.019471479814993784, 0.04565513727310137], "aligned_model": [[0.0482734392888699, -0.54557456624445, 0.5759410512837032, 0.5837041279187966, -0.03899819938983365, 0.4866709294879825, -0.47002142764468474, -0.09985652479044907, 0.6391407534100368, -0.12111223502416477, -0.4989070161697735, -0.0759057353586966], [-0.19917817193563336, -0.4011477701744561, 0.056676097163430667, -0.5286516541458924, 0.5102694617624285, 0.5428372740566957, -0.09987776529885387, 0.3722220027737623, 0.10177033537224231, -0.7713276133578879, 0.48271721078482716, -0.05163491677622384], [-0.6322576681547033, -0.04053041599160723, -0.36699777297724445, -0.19165116094640056, -0.4943624196740259, -0.03531715175205839, 0.5492243952608465, 0.5421988458707906, 0.291275772247542, 0.026270117720588612, 0.009900980341850565, 0.002212971928251546]], "inverted": false, "swapped": true, "error_lsq": 0.06397901989298822, "error_max": 0.38976593976308993, "target": "64.xyz", "model": "15.xyz", "model_rescale": 3.769337070930944, "target_rescale": 4.396868767805843},
{"mapping": [11, 9, 10, 3, 8, 7, 12, 13, 0, 1, 14], "R": [[-0.6002240359773616, 0.5687167848875795, 0.5623987244137221], [0.4299930760423877, 0.8223331604694201, -0.372658191575042], [-0.6744160890656838, 0.018149153685774883, -0.7381284082257218]], "T": [0.17321887085118887, -0.0610181529229848, 0.1601434777472405], "aligned_model": [[-0.2587169541378122, -0.19196124945396464, -0.09067067192537287, -0.6003563622575194, 0.2573686557146694, 0.3052726823846704, 0.6442734120777986, 0.13999423706723013, 0.07220098707752287, -0.450906095939469, 0.09612749008341717], [0.024675716502618884, -0.6497347073950959, 0.6020613628574858, 0.4500617693653028, 0.2581026191130141, -0.5052058339883966, 0.4666966641324191, -0.656477546545006, 0.6345408955105521, -0.03115753876565456, 0.002501096838102408], [-0.5252770614249024, -0.19102015987599782, -0.24646168267177612, 0.05442350608170968, -0.5854231673239189, -0.23654759841670428, -0.04237207641222801, 0.32000384498918255, 0.37537047346554153, 0.6453888229378584, 0.17613270587501195]], "inverted": false, "swapped": true, "error_lsq": 0.049752763001477844, "error_max": 0.2411002457355959, "target": "64.xyz", "model": "16.xyz", "model_rescale": 3.7852294659196426, "target_rescale": 4.396868767805843},
{"mapping": [2, 3, 9, 1, 0, 10, 8, 11, 13, 5, 12, 7, 14], "R": [[0.6507409347833959, 0.637801128837075, -0.41200237359921255], [0.17512477917964764, -0.6540498890689792, -0.7359008454446401], [-0.7388284966854702, 0.4067289793744836, -0.5373118180558467]], "T": [0.09564288970220604, 0.1299428515181809, -0.08704718104049979], "aligned_model": [[0.22745666046317048, -0.6077087188340088, 0.5214881455010943, -0.035189430080807674, -0.5702969100750009, -0.658063493991735, -0.2800211471381697, -0.18298886050715552, 0.67706289642141, 0.5512481155847662, -0.3124951368805692, 0.5065129402029829, 0.01676078955030562], [-0.19607752599512834, -0.41935263262680494, -0.16116872573830537, -0.6210093758216264, 0.08198355529244, 0.18770495845237323, 0.5730853940449148, 0.044468860632290635, -0.07784291598979545, 0.3360971659371599, 0.7326834549121906, 0.32787129961447475, 0.06661211098869083], [-0.5673423919392084, 0.18565966984850868, 0.49361577616032404, -0.29880253948989605, -0.39454311819094096, 0.2342472597694606, 0.4850455510474204, 0.6737233864385523, -0.0896841044890805, -0.6633392117373837, -0.19435503212274696, 0.31806372487858153, -0.0865342730304165]], "inverted": true, "swapped": true, "error_lsq": 0.050954707110815255, "error_max": 0.35538493372933033, "target": "64.xyz", "model": "17.xyz", "model_rescale": 3.901054581598922, "target_rescale": 4.396868767805843},
{"mapping": [9, 3, 12, 13, 6, 6, 4, 1, 8, 0, 5, 8, 10, 7, 14], "R": [[0.9389159973227403, -0.3032122459770073, 0.16278539203817677], [0.20162643068927794, 0.1013269893760802, -0.9742071769759664], [0.2788969924881692, 0.947520540734373, 0.1562731341833764]], "T": [0.14601339381966327, 0.03885246086673786, 0.00557603839537487], "aligned_model": [[0.21358323921497074, 0.2048175405144534, -0.24576067635795262, 0.4925694180549297, -0.5511205092264382, -0.5511205092264382, 0.181657110581376, -0.08917738808346465, 0.659250486098692, 0.1892701826180664, 0.6763472402657347, 0.659250486098692, 0.04944595520105931, -0.3786339108544826, 0.12212472081862755], [0.5371865546179121, -0.5360154678875402, -0.08470306337547981, 0.03209848849895585, 0.09056619133483404, 0.09056619133483404, 0.34459711102170554, -0.34703081188040696, 0.03181011402402665, -0.7124612027007365, 0.32348864580816344, 0.03181011402402665, 0.8285165205194748, -0.36412582978514973, 0.05565907620853154], [-0.42020215307612835, -0.49389851184121025, -0.6134734058680912, -0.6326680404836064, 0.27953909534817384, 0.27953909534817384, 0.7341525301015205, 0.5361087380073631, 0.42623783200133997, 0.10128992275472698, -0.16120016053998173, 0.42623783200133997, 0.2044708619083607, -0.03948754733280531, -0.04079940150949354]], "inverted": true, "swapped": false, "error_lsq": 0.05655496023459342, "error_max": 0.3437374338136274, "target": "64.xyz", "model": "18.xyz", "model_rescale": 3.9405287249114394, "target_rescale": 4.396868767805843},
{"mapping": [13, 4, 12, 7, 10, 3, 2, 6, 5, 0, 9, 8, 11, 1, 15], "R": [[-0.18639859231678557, 0.8099352411250262, -0.5561119221578212], [0.6640132861667363, 0.5210385489653734, 0.5362883424857473], [0.7241145769671902, -0.26930231279326955, -0.6349286131116026]], "T": [0.04765089971824152, 0.035808097349387655, -0.08692096798066165], "aligned_model": [[0.11971886581161004, 0.22216708849834574, -0.3440353740778971, 0.6651186374966764, -0.3700918151464725, -0.7892710846912, -0.06423949724496061, 0.2303910997823189, 0.5481560368855705, 0.19214945264829178, 0.6915877656675239, 0.6557275214506143, 0.15093826718418538, -0.3134701470623873, 0.03765656851560631], [0.5229879092084769, -0.45177499067208843, -0.10743199025467869, 0.008806862433969997, 0.522729175833366, 0.001649574258253253, 0.12157473083704669, -0.3622027097533234, 0.20027954962834926, -0.6344473070072768, 0.4533092652504979, -0.3160160505213623, 0.7323985205433042, -0.4189651049878248, 0.049065196966441245], [-0.5438584741585571, -0.6031300929922084, -0.4421718686582934, -0.42401157161293024, 0.36728484930042926, 0.0674272817222751, 0.770662792745168, 0.5184523650149448, 0.5562791500333435, -0.036402465550791935, -0.07999749853535863, 0.19367615711780115, 0.06574436513819498, 0.22659513684883223, -0.05070343959316688]], "inverted": false, "swapped": false, "error_lsq": 0.04686737904519172, "error_max": 0.3162925697974815, "target": "64.xyz", "model": "19.xyz", "model_rescale": 4.410303926677745, "target_rescale": 4.396868767805843},
{"mapping": [8, 10, 11, 6, 9, 12, 7, 3, 0, 2, 5, 13, 1, 14], "R": [[0.529124759395938, -0.29499165800208227, -0.7956173142305122], [-0.1875185287999992, -0.9550951731325715, 0.2294123179246209], [-0.8275649765129472, 0.027805250727982844, -0.5606809054008165]], "T": [-0.044108432104273135, 0.01637431082220843, 0.19328751425813706], "aligned_model": [[-0.20059374092959126, 0.29715116856699336, 0.22866121168265546, -0.6495632086767318, 0.0518190267154298, -0.3805779498232312, -0.3815794197390838, 0.7975340395429856, 0.29431474643233024, 0.1360267785642082, -0.4922637474360856, -0.1447185138333941, 0.6556990553811805, 0.0492784430132074], [-0.26777237407178767, -0.5104964082294388, 0.10637303438642401, -0.056982316877926306, 0.7078375615342959, -0.6156421849793337, 0.4230869771452599, -0.23025536314552192, -0.6279615067945952, 0.08388563723397029, 0.09029874667269651, 0.5833684691040953, 0.14698591314228177, -0.021777718939218517], [-0.5547511781005424, -0.3364190289047245, -0.5690839587589588, -0.2622779780286279, -0.14720638836488004, 0.023784501579135003, -0.11134809530856565, -0.12547539840959948, 0.29639313365432024, 0.7566179439456572, 0.8063782244909924, 0.4160572130194046, 0.5383915062332145, 0.18575454167819616]], "inverted": false, "swapped": true, "error_lsq": 0.04639149777153273, "error_max": 0.2905121666480157, "target": "64.xyz", "model": "20.xyz", "model_rescale": 4.121658175737393, "target_rescale": 4.396868767805843},
{"mapping": [3, 10, 11, 1, 9, 0, 8, 2, 12, 4, 6, 13, 14], "R": [[0.10513766641057984, 0.9716342074028703, 0.2118325709288682], [-0.36600692783050676, 0.23586867429830652, -0.9002249148211983], [-0.9246539892748054, 0.0171153582888508, 0.380423533221635]], "T": [0.1279277848244215, -0.09452626391050103, -0.14038098999388804], "aligned_model": [[0.1854570184367746, -0.3041407700766233, 0.18154421301045554, 0.5866495974139311, 0.7270957191876284, -0.297766500377441, -0.32379630510459856, 0.3613003951498033, -0.6050624064371212, -0.135772808527822, -0.26136439000512934, 0.6373503503258411, 0.12958879166859583], [-0.3058170068947976, -0.00917323308896105, 0.4353124469330222, -0.6450804662620419, 0.39036310715347255, -0.5657782494836496, 0.4822147056097249, -0.6102672249980403, -0.03362763229890617, 0.04763022621468324, 0.5240168705019869, -0.024414616751493784, -0.144552022471816], [0.7667268590866245, 0.552923788230783, 0.47614924511655454, 0.1948070831920592, -0.04477928276803639, 0.2298022133333878, 0.21753530795125242, -0.3244900124094078, -0.1604955322146106, -0.6501089068331383, -0.3533424713750943, -0.4821471519352284, -0.052471399893356446]], "inverted": true, "swapped": true, "error_lsq": 0.059160089719547566, "error_max": 0.36534308838325, "target": "64.xyz", "model": "21.xyz", "model_rescale": 4.08911054899281, "target_rescale": 4.396868767805843},
{"mapping": [5, 8, 6, 11, 13, 7, 3, 4, 14, 2, 9, 15, 12, 0, 16], "R": [[0.2645556057754494, -0.31952637568910863, -0.9098973715160232], [-0.6942545731227248, -0.7179716975728074, 0.05027155440808084], [-0.6693436480246663, 0.6184007897176427, -0.41177608493649526]], "T": [0.12600547192109418, 0.0007268212126306586, -0.026611741269220474], "aligned_model": [[0.3103397475979911, 0.14874252784634598, -0.41844358622360917, 0.6899567370829798, -0.27318824492944654, -0.5301335673388903, 0.16028603531346503, -0.1429045267179921, 0.47111608368413926, 0.3725821511408277, 0.4485781919943954, 0.8096607711526729, -0.010746624125804072, -0.4902726431698144, 0.08693033241056475], [0.3720381248524848, -0.2803991300416864, -0.0887271679564064, -0.2065259432005361, 0.17420896928111787, 0.2750668487442958, 0.07650087190802346, -0.37436593408462027, 0.3136531287130401, -0.5347744977721643, 0.6254443963706381, -0.19675552036318014, 0.6474637367391766, -0.46808098399695836, -0.012784267430073278], [-0.5974688552199128, -0.6600257006033045, -0.5277477861297554, -0.5008461689775602, 0.47065909716475807, -0.022700416385815186, 0.8378892474573346, 0.49615495949049915, 0.41474795067121895, 0.39015211033473796, -0.14160044991372045, 0.13189117508404022, 0.30202138602636175, -0.004252742771091805, -0.003027119408108403]], "inverted": true, "swapped": false, "error_lsq": 0.05113674148351046, "error_max": 0.36200605156662563, "target": "64.xyz", "model": "22.xyz", "model_rescale": 4.204369325754507, "target_rescale": 4.396868767805843},
{"mapping": [13, 4, 12, 7, 10, 3, 2, 6, 5, 0, 9, 8, 11, 1, 15], "R": [[-0.18639859231678557, 0.8099352411250262, -0.5561119221578212], [0.6640132861667363, 0.5210385489653734, 0.5362883424857473], [0.7241145769671902, -0.26930231279326955, -0.6349286131116026]], "T": [0.04765089971824152, 0.035808097349387655, -0.08692096798066165], "aligned_model": [[0.11971886581161004, 0.22216708849834574, -0.3440353740778971, 0.6651186374966764, -0.3700918151464725, -0.7892710846912, -0.06423949724496061, 0.2303910997823189, 0.5481560368855705, 0.19214945264829178, 0.6915877656675239, 0.6557275214506143, 0.15093826718418538, -0.3134701470623873, 0.03765656851560631], [0.5229879092084769, -0.45177499067208843, -0.10743199025467869, 0.008806862433969997, 0.522729175833366, 0.001649574258253253, 0.12157473083704669, -0.3622027097533234, 0.20027954962834926, -0.6344473070072768, 0.4533092652504979, -0.3160160505213623, 0.7323985205433042, -0.4189651049878248, 0.049065196966441245], [-0.5438584741585571, -0.6031300929922084, -0.4421718686582934, -0.42401157161293024, 0.36728484930042926, 0.0674272817222751, 0.770662792745168, 0.5184523650149448, 0.5562791500333435, -0.036402465550791935, -0.07999749853535863, 0.19367615711780115, 0.06574436513819498, 0.22659513684883223, -0.05070343959316688]], "inverted": false, "swapped": false, "error_lsq": 0.04686737904519172, "error_max": 0.3162925697974815, "target": "64.xyz", "model": "23.xyz", "model_rescale": 4.410303926677745, "target_rescale": 4.396868767805843},
{"mapping": [6, 14, 9, 13, 4, 8, 2, 3, 0, 1, 12, 7, 5, 10, 16], "R": [[0.07767308350761074, -0.7999803602629665, 0.59497757545302], [0.9606299599942842, -0.09962226464467641, -0.25935590286023175], [0.26675264208588384, 0.5916982572059853, 0.7607471329946633]], "T": [0.09517040826525947, -0.04280938216660367, -0.10183292486667381], "aligned_model": [[0.3431860123053448, 0.0994465911465004, -0.39624490578896204, 0.6487745246962405, -0.34947986555599475, -0.7169155991474656, 0.08068635822244419, -0.051009129160959454, 0.5473655058128872, 0.31170341814007085, 0.6865955435836422, 0.6842841311082257, 0.03572506553469754, -0.38558762770547694, 0.09397336252663055], [0.5235678165948018, -0.07152010040689395, -0.22112692461024702, 0.0779373069996982, 0.21020558658148158, 0.03583551665280754, 0.35608074181071564, -0.18735865994769302, 0.11977344660789087, -0.7145514765623241, 0.48256055691296074, -0.3414459281007562, 0.5670591395638731, -0.43864146077271904, -0.07641292956044496], [-0.5441034513949655, -0.7780779979967694, -0.4469906088289961, -0.5179210683593551, 0.35876878222008834, -0.0016432861379213903, 0.7188806868555246, 0.7739456052223455, 0.4808095286395415, 0.3862360905622336, 0.04092060822048005, -0.02638670777848981, 0.04004262220843516, 0.08783157542670514, 0.013534307960825151]], "inverted": true, "swapped": false, "error_lsq": 0.04596334732135748, "error_max": 0.308927477580378, "target": "64.xyz", "model": "24.xyz", "model_rescale": 4.28219845311461, "target_rescale": 4.396868767805843},
{"mapping": [4, 13, 2, 7, 8, 6, 5, 11, 9, 12, 3, 9, 1, 14, 15], "R": [[-0.5966827093252479, 0.792093791710837, -0.12867466543741693], [0.36221379281236254, 0.4089229515334146, 0.8376056279692035], [0.7160802417947062, 0.4531770568357913, -0.5309045511849425]], "T": [0.057330243645405135, 0.024402041771046115, -0.003331141267958096], "aligned_model": [[0.1985439287449488, 0.2363333117492022, -0.35791644566407094, 0.7276774434207817, -0.3360825811761406, -0.8305295012752739, 0.2015677599518409, 0.05836105401307311, 0.666185450457102, 0.2319282382008872, 0.5571279915954351, 0.666185450457102, 0.03766908164469194, -0.4401954329128424, 0.015647636511088622], [0.44481662191060667, -0.380878082065396, -0.1482587829269873, -0.0024426483880952143, 0.32556525201693814, 0.17707505131812995, 0.3396251289803598, -0.3134752034441275, -0.09178327912266314, -0.7102331871309775, 0.6161403014013801, -0.09178327912266314, 0.6405274791971363, -0.5516174521651278, 0.06868471130463799], [-0.5846734233809968, -0.3990865957718096, -0.5196047615702487, -0.397615302899891, 0.48295388522282795, 0.021023744612381517, 0.7745574272906252, 0.4236524366883678, 0.2662425819062071, 0.1160276497208053, -0.01299489279447559, 0.2662425819062071, 0.1695280005555566, 0.025206004093853054, -0.04561264875972745]], "inverted": true, "swapped": false, "error_lsq": 0.05304395542273974, "error_max": 0.449425028222469, "target": "64.xyz", "model": "25.xyz", "model_rescale": 4.100010024507729, "target_rescale": 4.396868767805843},
{"mapping": [1, 3, 11, 10, 13, 7, 9, 12, 0, 4, 2, 14], "R": [[0.5238874995994264, 0.6517952946899701, 0.5483655547018579], [-0.6587190039784914, -0.09813651302424246, 0.7459614591981458], [0.5400288525264604, -0.752018695666177, 0.3779374548883674]], "T": [-0.04073505955560529, 0.18812893127819946, -0.1120182503510056], "aligned_model": [[-0.6138002977776738, 0.04070898420697451, 0.3609857035853874, 0.5357455233618654, -0.5037623247564483, 0.0560768411138511, -0.23969737975263755, 0.5760453115748055, 0.1491786904690755, 0.11210553294450153, -0.5514179118052089, -0.04540307080148563], [-0.35728689702094835, -0.7157345594622162, -0.12063584583082576, -0.39386904636510295, 0.5278657942051119, 0.6164100035303407, 0.3268167000020742, 0.22884704041495446, -0.3583322288943231, 0.7051349576150701, 0.11981055598056717, 0.08710491587593744], [-0.10990106809785749, 0.10522745961009888, 0.5259457396698457, -0.05211513647451667, 0.11473209343422486, 0.3114289058541346, 0.625843051055019, -0.511157158505932, -0.5654966184792622, -0.3547393698274406, -0.4101512246146403, -0.11442438376931674]], "inverted": false, "swapped": true, "error_lsq": 0.052141247361211694, "error_max": 0.2972049017506615, "target": "64.xyz", "model": "26.xyz", "model_rescale": 3.6694154284099745, "target_rescale": 4.396868767805843},
