[{"mapping": [4, 13, 3, 7, 6, 9, 12, 11, 1, 10, 14, 15], "R": [[0.46530260893605535, 0.796608849867722, -0.3858857634452525], [-0.7914285294895249, 0.1791826054132519, -0.5844095110685374], [-0.39640177197806326, 0.577328272501654, 0.7138331044038988]], "T": [0.02721840710932843, -0.13854306578294293, 0.03471101408376202], "aligned_model": [[-0.30405434726680625, 0.15428393797843848, 0.29517477853751584, -0.22378474047862124, -0.09695955525704036, -0.43498865606018, 0.43652044817817637, -0.29875485196354784, 0.6452136469751018, 0.13900024522485308, -0.463021545153731, -0.010986898253609975], [-0.20484300141947445, -0.6050996448541451, -0.45804704329605583, 0.6400455052925619, 0.34596729546341753, -0.4845097423157423, -0.31142497025704574, -0.5675119833225346, 0.2817218826953738, 0.30742747809534976, 0.1040192796812621, 0.005809980214090099], [-0.5653249964253781, 0.019739321366675597, -0.5999249532913781, -0.22732980113456885, -0.7278627713268925, -0.030135727280663313, 0.6013144075376435, 0.5994122170675554, 0.06767286722419795, 0.6099262966494037, 0.4252178170836634, 0.009247067883303484]], "inverted": true, "swapped": true, "error_lsq": 0.04223299804048236, "error_max": 0.214849232673909, "target": "641.xyz", "model": "0.xyz", "model_rescale": 3.751011558992144, "target_rescale": 4.159404681171899},
{"mapping": [7, 0, 8, 6, 10, 9, 1, 5, 14, 13, 12, 2, 3, 4, 15], "R": [[-0.509653152667441, -0.3937786561003679, 0.7649784532755982], [-0.5434551253767488, 0.8366308863109422, 0.06859509291713126], [-0.667015884876725, -0.38077175587266954, -0.64039259774904]], "T": [-0.058435930912397266, 0.07616209029100629, 0.1521301023721609], "aligned_model": [[-0.04536644035235496, 0.1920924087218492, -0.5384789703011024, 0.2889829366457093, -0.21245305611843093, -0.4552371722347406, 0.4952598663762905, 0.6047308734757889, -0.6488330139556875, 0.003550187989471959, -0.026972031889166387, 0.5143758081706943, 0.4622434362579194, -0.033805017237993756, -0.061003604459212726], [-0.051199647571195106, -0.6677992486472647, 0.2985013403082961, 0.4325836855116244, -0.637821051233764, 0.49035845746417467, -0.41462888956200916, 0.1911914031792296, -0.15688500679385903, 0.29006847105333, -0.4124267450123799, -0.15316848872253874, 0.6192668091298456, 0.6886723050418633, 0.03204395568175278], [-0.69726751246671, -0.2965978800602194, -0.47212186727272004, -0.6120380804338952, 0.05851212654302, 0.24445320178999214, 0.04180147807887, -0.18948979969013263, -0.06874905077606816, 0.5816025968641061, 0.6800947718968446, 0.47881906778834055, 0.2549721205356746, -0.16156575045746663, 0.007240982512340066]], "inverted": false, "swapped": true, "error_lsq": 0.047775907395265986, "error_max": 0.2893582732333675, "target": "641.xyz", "model": "1.xyz", "model_rescale": 3.9405287249114394, "target_rescale": 4.159404681171899},
{"mapping": [10, 12, 1, 9, 13, 0, 14, 11, 3, 6, 4, 7, 15], "R": [[0.49138174613551644, -0.2509966917717722, 0.8339931895911603], [-0.5195101046748144, 0.6840981309581183, 0.511975583754121], [-0.6990373600213187, -0.6848433455464361, 0.20575801650285788]], "T": [0.06541097454650875, -0.06824932950666465, -0.038824659840327735], "aligned_model": [[-0.231163212727083, 0.2495476550534293, -0.49449011520492986, 0.5030465353087614, 0.4541572899550452, -0.712625799034081, 0.08548133816676358, 0.700516480600521, 0.11897303924152387, -0.5394935241144758, 0.07020375470833994, -0.6452838211095222, -0.06288634156036092], [0.6040144103536662, 0.48199023989307155, 0.1274686961783199, -0.26089271964128, -0.1787124238682788, 0.3882386121238697, 0.3142034723552757, 0.34239896117664825, -0.7281488745278424, -0.7046507408852517, -0.6986468671267235, -0.16539196368902645, -0.06303820877043154], [0.009783386290603421, -0.4651881413321849, -0.4947111054556936, 0.2911708713025476, -0.30475519444068266, -0.10109233295226996, 0.5134382307048269, 0.15396881524577527, -0.41072507047238155, 0.20769719676294104, 0.23822498730972907, 0.4337685563618164, 0.041540150263617154]], "inverted": true, "swapped": true, "error_lsq": 0.04606199710789504, "error_max": 0.277274660607119, "target": "641.xyz", "model": "2.xyz", "model_rescale": 3.932901565614263, "target_rescale": 4.159404681171899},
{"mapping": [8, 9, 4, 14, 6, 5, 3, 7, 10, 1, 13, 12, 2, 15], "R": [[-0.8265902294440753, -0.01698198922959293, -0.5625479576261898], [0.5505523953253485, -0.2318241181364985, -0.801966107919628], [-0.11679320437899016, -0.9726094747081385, 0.2009730258488603]], "T": [0.15600275561929092, 0.010470366031321149, 0.018836596761251753], "aligned_model": [[-0.32782224385832814, 0.40589946892980583, 0.11076124334392552, -0.13776077189874644, -0.4050875813902418, -0.11360269037035228, 0.4644786866499455, -0.6743205063929479, -0.212615390013529, -0.14116050921746218, 0.6349364196482569, 0.44694884838788884, 0.36365321510715, 0.005501723127338903], [0.1275053439302671, 0.12363217582201419, -0.41865703592275294, 0.5603608253120661, -0.643098744114144, -0.6651183926160773, -0.6811070543487096, -0.12949074688735054, 0.5035282444846584, -0.19088296354559173, -0.055784979290501274, 0.37690765903811474, -0.24701967575448255, 0.002721982242978288], [-0.6306114513519022, -0.4932956594597509, -0.5178042623095692, -0.2321429604009958, -0.28068683582169546, 0.22037776732701897, -0.037815775802604354, -0.15099361074219636, 0.422906043567085, 0.6751734446362905, 0.03549843545217606, 0.566129754573143, 0.6336631154495753, 0.0034983579405227228]], "inverted": false, "swapped": true, "error_lsq": 0.047602984031054674, "error_max": 0.32083170880752093, "target": "641.xyz", "model": "3.xyz", "model_rescale": 3.9243930471874484, "target_rescale": 4.159404681171899},
{"mapping": [14, 10, 11, 9, 13, 8, 4, 12, 2, 1, 3, 5, 15], "R": [[-0.6837375276771833, -0.006061250643260574, -0.729702853555153], [-0.30425712264963434, -0.9065320024847565, 0.2926214821026359], [-0.6632726411988202, 0.42209357933000763, 0.6179857714587966]], "T": [0.020560853216785857, -0.08671698846491302, -0.09330632364928489], "aligned_model": [[-0.13522944742568024, -0.26010664590286936, 0.5647293453450069, 0.319373362947605, 0.47294879704120674, -0.3873912583978152, -0.0810923374988319, 0.3481401305375093, 0.13162025384349535, -0.3516898614076929, 0.1796634705015449, -0.3967725267060262, -0.12698739656610009], [-0.46732307781393034, 0.1752921772706937, -0.3353372419228102, -0.5827528374454815, -0.008747591475522787, -0.7925659918299658, -0.5327265904752443, 0.4068578201458142, 0.5840645216186098, 0.5621699291982007, 0.022338570982544215, 0.21215259005017065, -0.11559272462149167], [-0.6248471521821128, -0.7216648826306253, -0.5945337852298077, -0.046477583168536354, 0.05937230487452071, -0.163440783418075, 0.4213999973698032, -0.5026123760918167, 0.0652794836894625, -0.09485575125877123, 0.6411591022548772, 0.46007955961071006, -0.11178781844866514]], "inverted": false, "swapped": true, "error_lsq": 0.048174962279019636, "error_max": 0.3380634946823179, "target": "641.xyz", "model": "4.xyz", "model_rescale": 3.8936222436046832, "target_rescale": 4.159404681171899},
{"mapping": [8, 7, 4, 9, 5, 1, 10, 12, 11, 14, 13, 15], "R": [[0.0386972438134118, -0.26241936241125396, 0.9641776815260332], [0.972231562154339, 0.23275298794185642, 0.024327682895657454], [-0.2307992913164574, 0.9364625592279754, 0.2641392857793251]], "T": [-0.08044582646869615, 0.10483137692006766, -0.03670727321550121], "aligned_model": [[0.01336244449136241, -0.5749088194672665, -0.1642699973571763, 0.3678182838127197, -0.7905812150260928, -0.6806942440453337, -0.12938295228458657, 0.09535211511849036, 0.6725782792198665, 0.24371546271175426, 0.13931630871587197, -0.1647576236745124], [-0.5641586243582406, -0.5693586282311818, 0.08604985665863404, 0.08622353313320041, 0.262919825766347, 0.17366102850123233, -0.2902192004181228, 0.35792299289800206, 0.08632240844929412, -0.474454752209638, 0.5343465786547297, -0.02033211373444843], [-0.49846366987768415, -0.2337918171498143, -0.7199358557825748, -0.40582303549575344, -0.23780894653235723, 0.4044180416765903, 0.5828068313037573, 0.6140579969446065, 0.1676758494612837, 0.06824178402646444, -0.0722901006809924, -0.04980235861800744]], "inverted": true, "swapped": true, "error_lsq": 0.03915530686577231, "error_max": 0.2427207849074495, "target": "641.xyz", "model": "5.xyz", "model_rescale": 3.6523030999806103, "target_rescale": 4.159404681171899},
{"mapping": [11, 14, 8, 9, 4, 12, 7, 13, 1, 5, 6, 3, 15], "R": [[-0.5370828872837881, 0.7881393422707502, -0.30062992091929086], [0.5262790732150794, 0.5916073498454901, 0.6107627040878257], [0.6592209866826048, 0.1698149603946163, -0.7325234262079188]], "T": [0.03035521100309578, -0.18474064012881689, 0.054272824486359686], "aligned_model": [[0.25366279043559886, -0.08449305413934322, 0.20877673882945613, 0.5447530162739999, 0.515183452629457, -0.300392547602196, -0.3045694995435162, 0.32055229552702547, -0.6016663354364229, -0.1250267729013344, 0.07788450430089815, 0.42275498966095754, -0.046336673370285714], [-0.6356985836046599, -0.009462453117648928, 0.4912559956745982, -0.1566824845372379, 0.2715462387088581, -0.8191382241904804, 0.604601915686998, -0.5486741733577881, -0.21992134573658076, 0.15208528153784304, 0.6321469199625438, -0.16568234948574123, -0.05554983337752056], [0.6508723590831107, 0.6928295553827125, 0.47943266520497957, 0.32286368102803925, -0.12158050498780097, 0.1355214842012869, 0.10557486920357663, -0.07757131727873796, -0.34439785410416307, -0.6030937766749369, -0.34837455863523986, -0.5955774774977707, 0.07361061455673346]], "inverted": false, "swapped": true, "error_lsq": 0.04438376895850515, "error_max": 0.23977401272859217, "target": "641.xyz", "model": "6.xyz", "model_rescale": 4.08911054899281, "target_rescale": 4.159404681171899},
{"mapping": [12, 1, 2, 11, 9, 4, 13, 3, 14, 10, 8, 7, 6, 5, 15], "R": [[0.590620569568803, 0.38337190749140715, -0.7100657176266313], [0.29329416299274025, -0.9217448303184607, -0.25370258519687994], [-0.7517618484311442, -0.05841616495108322, -0.6568421994024115]], "T": [-0.025506323816522077, -0.08338928042574961, -0.13264137396256442], "aligned_model": [[0.02688046746342492, 0.49208837553066065, 0.5611463251499424, -0.6043731466940174, -0.39224873215672573, 0.002252951842539201, 0.08324401854857752, 0.5279968797511145, -0.6432728876838388, -0.22169898420313972, -0.5455366614163164, -0.0911103143757711, 0.2725606121221068, 0.6109713907512287, -0.042566754830230764], [-0.7149536413379247, -0.5243195886628422, -0.41572719877291275, -0.2820424030949221, 0.28761010670857295, 0.5964611401986433, -0.018310079334125345, 0.38865982076096367, -0.22265097438726394, -0.7274712041308828, 0.33508973494724764, 0.06557242410235872, 0.4906013164197886, 0.12135335245066203, -0.0791139896982502], [-0.47445682316894394, 0.17929358346338814, -0.3138088669520128, -0.6170074387550168, -0.3883616724359194, -0.02674821385859763, -0.5995277657253102, -0.35047174244001095, 0.09238733217006434, 0.16556064179751212, 0.3406559374999038, 0.7107889189221082, 0.5103050710242145, 0.217648054785256, 0.017813015755444805]], "inverted": true, "swapped": true, "error_lsq": 0.04025480385082779, "error_max": 0.22854211317864057, "target": "641.xyz", "model": "7.xyz", "model_rescale": 3.964800864290218, "target_rescale": 4.159404681171899},
{"mapping": [1, 5, 2, 0, 12, 7, 10, 3, 4, 9, 8, 11, 13, 15], "R": [[0.9840167811605531, -0.175445525791432, 0.03049330867899487], [0.06611347018887463, 0.5189347904652408, 0.852253302900248], [-0.16534806758474463, -0.8366155333990427, 0.5222398546850155]], "T": [0.06865593402900395, 0.04664981222505297, 0.15134723986718168], "aligned_model": [[-0.10550229431485438, 0.21003814258481185, 0.34614763007184435, -0.6076570085153781, 0.0711224127095852, -0.5298839186351688, -0.5364954365856098, 0.7133195996354058, 0.3038435513028497, 0.2439889835437311, -0.35687401454525663, 0.05882284306871369, 0.5009371588190414, -0.05061975967884297], [-0.04527567257486511, -0.5493931706353338, 0.17154498340543306, -0.07065008316874147, 0.6725158233941211, -0.5694714434572585, 0.36274558157231557, -0.33591125236475283, -0.49029752587488745, 0.09443525774738107, -0.3477731470714686, 0.7032126608309107, 0.2615016422952646, -0.046235187916916325], [-0.5703492641586569, -0.2896402253036571, -0.4770085812006817, -0.4372453724718761, -0.20466030462788953, 0.14777302415678073, -0.12457450606936693, 0.030095395226894625, 0.5126710198118782, 0.7031699317933259, 0.728340632737041, 0.5732345265324158, 0.18322946064919027, 0.14177930164962316]], "inverted": true, "swapped": true, "error_lsq": 0.043647150897154506, "error_max": 0.23980212590757624, "target": "641.xyz", "model": "8.xyz", "model_rescale": 4.121658175737393, "target_rescale": 4.159404681171899},
{"mapping": [1, 10, 7, 6, 12, 13, 14, 9, 8, 11, 3, 4, 15], "R": [[-0.5660173022244601, -0.821784865502491, -0.06552898910861593], [0.5094448362685967, -0.28617752430635357, -0.8115222630224935], [0.6481437898968152, -0.4927190471383661, 0.5806354865190844]], "T": [-0.16035521950131568, -0.017475100899790225, -0.0010168930140131288], "aligned_model": [[-0.5793654579723646, -0.279708168498938, 0.40545515436055624, 0.3411215830374126, -0.7525513155913665, -0.42751196756415677, 0.2436038637932839, 0.15423186642059308, 0.6520887999539361, -0.18240461851236234, -0.3194915418701355, 0.29102195927589714, -0.06975266039715854], [0.15878297789021187, -0.5170433078815934, 0.1650655437053498, 0.673843088414666, -0.42527244105628426, 0.028404095624772734, -0.5402404816335695, -0.11188538665217392, -0.0785418963527654, -0.6654684030165531, 0.6631981813796138, 0.4423736288266424, -0.002828159836607256], [-0.5951471286495856, -0.5286948315098479, -0.6210214622279591, -0.3208440530967554, -0.03923772932307411, 0.3996914965702765, -0.1243079354755013, 0.4782065138598917, -0.07699152768775804, 0.43346998931051745, 0.29564070998269115, 0.24183763425116794, -0.12152624204497468]], "inverted": true, "swapped": true, "error_lsq": 0.0393554019849394, "error_max": 0.22711052789092218, "target": "641.xyz", "model": "9.xyz", "model_rescale": 3.833441315466971, "target_rescale": 4.159404681171899},
{"mapping": [12, 2, 9, 4, 3, 13, 5, 7, 14, 8, 10, 0, 1, 11, 15], "R": [[-0.6546789182720736, 0.723026689616336, -0.22051739176888163], [-0.5295157952800307, -0.646846241442649, -0.5488196083236048], [-0.5394520706411873, -0.2425331854282232, 0.8063306501969119]], "T": [-0.150084834639729, -0.03965441108883096, 0.09006110066781141], "aligned_model": [[0.15591982900801216, 0.036500871746503044, -0.6171867697050649, -0.6313844069946035, -0.6323982701640167, -0.4748799433248212, -0.0760714259266322, 0.22892933607084603, 0.06641647829824832, -0.22891140328772405, 0.5349205064741005, 0.7191620083920687, 0.4136781097950726, -0.30601644344102413, -0.06483345864643213], [-0.687225187883872, -0.4770690906669904, 0.034666452755801755, 0.43434754502751627, -0.03392251183942148, -0.39229950048586854, 0.24922472209678753, 0.7296479336353938, 0.16440687322819703, 0.6689774606789249, -0.14229940857598194, 0.14429400416234628, -0.13558011924252145, -0.44162482067793896, 0.08555718708260589], [0.16401347762806745, -0.42109998479220695, 0.4274416007506165, -0.043555516614529124, -0.4964430467732734, 0.025296754837090554, -0.6033341491656586, 0.041170480390223405, 0.6926832369689966, 0.4915506095711197, 0.34003952728308096, -0.07778594702259535, -0.3922218330714042, 0.7406496570445967, 0.08971704078796869]], "inverted": true, "swapped": true, "error_lsq": 0.04418342842303724, "error_max": 0.31537775540712115, "target": "641.xyz", "model": "10.xyz", "model_rescale": 4.2482417240324, "target_rescale": 4.159404681171899},
{"mapping": [5, 1, 12, 10, 4, 9, 13, 14, 0, 8, 7, 15], "R": [[-0.45730311122360434, 0.3942072071186903, 0.7971665712515132], [-0.005252234123903937, -0.8975683924102822, 0.4408439576343648], [0.8892953831556305, 0.19741240792235915, 0.41253128693030866]], "T": [-0.016233011068088977, 0.11864916989795862, 0.15775494806357288], "aligned_model": [[-0.666546272182185, -0.12553612655668014, 0.4591436588610422, 0.5083483057973429, -0.5324385247289175, 0.027264392983504908, -0.04155368991687631, 0.4587365914909992, 0.12287089520989333, -0.04884211716080624, -0.246622624864984, -0.038058886569326066], [-0.2370811101900844, -0.6106221772284943, -0.2871348409677076, -0.28119321878662007, 0.5610050267823925, 0.6852876795988353, 0.2021820500279652, 0.3746205716420722, -0.5608495605813727, 0.6503960222079204, 0.07163915201479593, 0.09788179553093654], [0.015365548884214375, 0.031884544935812165, 0.5152630981861048, -0.16965615871717848, 0.04805674064302062, 0.2784288290207182, 0.6335973204436598, -0.24293169203714532, -0.4223582336068105, -0.4633316116264526, -0.6684283342787196, 0.009302238007133645]], "inverted": true, "swapped": true, "error_lsq": 0.044285965008015384, "error_max": 0.25589480611527504, "target": "641.xyz", "model": "11.xyz", "model_rescale": 3.6694154284099745, "target_rescale": 4.159404681171899},
{"mapping": [14, 8, 4, 6, 7, 11, 10, 12, 5, 2, 13, 1, 9, 15], "R": [[0.44366317656983034, -0.28309584215720784, 0.8503056685153104], [-0.6320358786864293, 0.573824467503176, 0.5208225499608958], [-0.6353688958463742, -0.768493477296976, 0.07565805669564492]], "T": [-0.05647306183624173, 0.06431476357226604, 0.04048853073368718], "aligned_model": [[-0.11320032662049853, 0.05037340328723087, -0.07046941526810885, 0.5399974939722941, 0.6262987223007525, -0.7063523061034173, 0.22920024426022706, -0.2214080184447458, 0.5008935304106432, 0.1073363248301123, -0.4276803255343488, 0.5269978073994729, -0.5105419038186974, 0.06681961958489332], [-0.39912337563647715, 0.09938299353571767, 0.6437408407577541, 0.6420941821218402, 0.07214132933438236, -0.35844436297203075, -0.6131635747583942, -0.40883507561418064, 0.5357093415825931, 0.10793707922013289, 0.2227546420923426, -0.069178545181598, 0.21193650606363068, 0.04403530759054148], [-0.4429102425146749, -0.7700178760930319, -0.3313313938711291, -0.33645052832234823, -0.48069240483811515, -0.049467210001705626, 0.08137116657455806, 0.557577893375738, 0.232467030625178, 0.7177588323447117, 0.3072221327878605, 0.4892295567720403, -0.29051406482266534, -0.04514743236400063]], "inverted": false, "swapped": true, "error_lsq": 0.04833238542288755, "error_max": 0.333624257065218, "target": "641.xyz", "model": "12.xyz", "model_rescale": 3.9764082729961374, "target_rescale": 4.159404681171899},
{"mapping": [1, 2, 7, 3, 14, 8, 11, 10, 13, 6, 9, 5, 0, 4, 12, 15], "R": [[0.26955388182720663, -0.9401781939802596, 0.20834027060532875], [0.4205936980409135, 0.3095643140241263, 0.8528017803986111], [-0.8662803506718555, -0.14224942547085875, 0.4788772859439645]], "T": [0.11537098271999681, 0.007612054129935359, 0.055868388508020506], "aligned_model": [[0.5535553054046347, 0.05157813732951805, -0.49691083871393615, -0.5048010220984572, -0.19574307626743037, 0.035127664856063015, 0.13591550068237684, 0.6414396965891226, 0.3782916938292966, -0.11721583917426569, 0.40296512449452915, 0.16124270039328223, -0.09623337593369409, -0.44351210779643047, 0.7439059563100535, 0.009951171877482429], [-0.3600223311292129, -0.691482090702786, -0.4220109496801411, 0.19608014039222318, 0.7258424599352127, -0.11689463832754417, 0.49212618393299445, 0.08182520997151164, 0.5580038916988921, 0.5703102405402058, -0.3990098624446742, -0.12472334287796362, -0.6338961139267129, -0.10685408475331203, 0.0838949654939949, 0.029345795712881352], [0.33184309095288, 0.43462604644210334, 0.16342648751382552, 0.5928133691286623, 0.21761252612117704, 0.7470354668038803, 0.6846518803017287, 0.659102186256773, 0.006653848033217058, -0.40557817068486196, -0.28095107811435804, -0.7706949992918397, -0.21021204898715612, -0.3804926042069516, -0.02374467170346492, 0.05414132979329268]], "inverted": false, "swapped": false, "error_lsq": 0.04798863431479795, "error_max": 0.34850950910217077, "target": "641.xyz", "model": "13.xyz", "model_rescale": 4.170626492500431, "target_rescale": 4.159404681171899},
{"mapping": [7, 5, 0, 2, 14, 11, 12, 6, 8, 3, 4, 13, 9, 15], "R": [[0.5208931529334875, 0.8179585222494258, 0.24416015052941467], [0.3143285218331477, 0.08213612424719369, -0.9457543219334704], [-0.7936421760398065, 0.5693834498588676, -0.21432354849063037]], "T": [-0.11848341314228437, 0.10371257759722986, 0.09281901325785276], "aligned_model": [[0.515519888500982, -0.0576854433470807, -0.1640366894808774, -0.7102567824579337, 0.20080395631420056, -0.28145678881172853, -0.7657491799452418, 0.5142505597157011, 0.675777220706077, -0.18399507408191346, 0.3834142318470506, -0.4040458895488034, 0.13841650971051678, -0.0177734970293061], [-0.19678213899655117, -0.6475660171919699, -0.1652093413859017, -0.2635539543140452, 0.6028861137890618, 0.8531960159805377, 0.3490330356140411, -0.5527515768867278, 0.27864196124902885, -0.4264214129730617, -0.13553699497576183, 0.16784960164397833, 0.4317012069233157, 0.06058796944972178], [-0.4027724220529312, 0.052691832552329745, -0.7692747319449539, 0.04433131447304739, -0.22427501363714747, 0.23729946490812254, -0.10547526097762176, 0.07302587916822582, 0.002728283305704446, 0.6325526457515022, 0.4990688491259851, 0.47802721203805765, 0.4977378928517014, -0.011792844441155359]], "inverted": false, "swapped": true, "error_lsq": 0.044815260134614905, "error_max": 0.3089828737179041, "target": "641.xyz", "model": "14.xyz", "model_rescale": 3.9786697098870705, "target_rescale": 4.159404681171899},
{"mapping": [13, 14, 3, 2, 4, 6, 10, 7, 5, 1, 8, 15], "R": [[0.6471532417488284, 0.13681725088043886, -0.7499824808323868], [-0.23806023783453503, -0.898303116678796, -0.3692950496924183], [-0.7242375334489003, 0.41753149632893577, -0.5487690267472944]], "T": [-0.08647723504181579, -0.1463340199759963, -0.1891438119398384], "aligned_model": [[0.03611180366489883, -0.7197781867639484, 0.5691713983446386, 0.39687637228308625, 0.11283340666526889, 0.3463846395719842, -0.44037301189055733, -0.11368197254242982, 0.5804713641826017, 0.30157806207841353, -0.4840643490301326, -0.10217492979648754], [-0.33642842442413623, -0.020686164504547105, 0.02923924261472194, -0.6460044749883351, 0.47682453211099785, 0.5809982640027339, -0.5099568269616928, 0.3949702340241714, 0.052337322834225014, -0.48939328496373913, 0.5503489548816296, -0.06757488440159007], [-0.616789561572589, -0.0025700024582988867, -0.529650961238595, -0.12487710438029591, -0.4039209527817704, 0.15042588764507378, 0.3445169042508188, 0.47727778045313507, 0.10314948988146141, 0.3506252630002592, -0.027514907645836806, -0.060705341279532726]], "inverted": true, "swapped": true, "error_lsq": 0.047582909739036554, "error_max": 0.2568402824613236, "target": "641.xyz", "model": "15.xyz", "model_rescale": 3.769337070930944, "target_rescale": 4.159404681171899},
{"mapping": [5, 7, 2, 1, 3, 4, 13, 14, 12, 10, 15], "R": [[0.49005140264939984, -0.5841444978212363, 0.6470122320532522], [0.687358879794265, 0.7154279220325974, 0.12530226950894774], [-0.5360852480056965, 0.3833250501092975, 0.7521133643470084]], "T": [0.15303498540688615, 0.004388500591975417, 0.05025161487096992], "aligned_model": [[-0.25759620209866735, -0.38434324480090204, -0.11266730707268824, -0.5161100988381222, 0.3449107793210128, 0.41387009453864215, 0.49839642020627556, 0.1533972168711725, 0.06476778050769755, -0.3297350748686394, 0.04773576692538899], [0.055995393945001, -0.6478303165029997, 0.6300794581068792, 0.326424824698363, 0.24011916503545938, -0.37993471370646276, 0.3360176246713231, -0.43689582025367574, 0.5636425254929772, 0.012653676099672384, -0.10420731996119491], [-0.5809732794078086, -0.10370741953337707, -0.10894826101453091, -0.04010705580027778, -0.6456369920717632, -0.45811955461115733, -0.01897587683686515, 0.5571394549158322, 0.49511064351092693, 0.6062392787737305, 0.04219666929906736]], "inverted": true, "swapped": true, "error_lsq": 0.04421562240168136, "error_max": 0.25177563667807246, "target": "641.xyz", "model": "16.xyz", "model_rescale": 3.7852294659196426, "target_rescale": 4.159404681171899},
{"mapping": [0, 8, 4, 7, 10, 14, 11, 9, 5, 2, 12, 13, 15], "R": [[0.8051623710130712, -0.011780712030024856, -0.5929374091155621], [0.49841872388265407, 0.5552603312468484, 0.665781300598648], [0.321391244416827, -0.8315931573598391, 0.45294645229264974]], "T": [0.08410069584052207, 0.1346832056565238, 0.06888677772527406], "aligned_model": [[-0.13233834381388468, -0.31529799894933375, 0.3562804247630401, -0.09667063780648663, -0.4110502410643827, -0.5707398166870721, -0.4070273213931944, -0.04058933125477254, 0.6578856104891126, 0.5143182083085389, -0.046638388150868765, 0.3074207797218931, 0.03821290605369426], [-0.13180397265633115, -0.5066211903264032, -0.31718388292409505, -0.659433025339959, 0.22038518340708166, -0.002212464274383541, 0.6299188321284783, 0.139659455944512, -0.24860006599024997, 0.48555396288339164, 0.762727247051424, 0.49790614967296243, 0.004759394126446548], [-0.767616928734466, 0.3831731720576457, 0.5115094867974859, -0.20418696423496102, -0.4693866168694195, 0.13300186275175657, 0.4191656544193082, 0.6363028899890725, -0.23703954698131585, -0.35447369127915895, -0.2581051077652147, 0.29745203157575606, 0.005958455416685257]], "inverted": true, "swapped": true, "error_lsq": 0.04835153500165397, "error_max": 0.282029234717623, "target": "641.xyz", "model": "17.xyz", "model_rescale": 3.901054581598922, "target_rescale": 4.159404681171899},
{"mapping": [7, 0, 8, 6, 10, 9, 1, 5, 14, 13, 12, 2, 3, 4, 15], "R": [[-0.509653152667441, -0.3937786561003679, 0.7649784532755982], [-0.5434551253767488, 0.8366308863109422, 0.06859509291713126], [-0.667015884876725, -0.38077175587266954, -0.64039259774904]], "T": [-0.058435930912397266, 0.07616209029100629, 0.1521301023721609], "aligned_model": [[-0.04536644035235496, 0.1920924087218492, -0.5384789703011024, 0.2889829366457093, -0.21245305611843093, -0.4552371722347406, 0.4952598663762905, 0.6047308734757889, -0.6488330139556875, 0.003550187989471959, -0.026972031889166387, 0.5143758081706943, 0.4622434362579194, -0.033805017237993756, -0.061003604459212726], [-0.051199647571195106, -0.6677992486472647, 0.2985013403082961, 0.4325836855116244, -0.637821051233764, 0.49035845746417467, -0.41462888956200916, 0.1911914031792296, -0.15688500679385903, 0.29006847105333, -0.4124267450123799, -0.15316848872253874, 0.6192668091298456, 0.6886723050418633, 0.03204395568175278], [-0.69726751246671, -0.2965978800602194, -0.47212186727272004, -0.6120380804338952, 0.05851212654302, 0.24445320178999214, 0.04180147807887, -0.18948979969013263, -0.06874905077606816, 0.5816025968641061, 0.6800947718968446, 0.47881906778834055, 0.2549721205356746, -0.16156575045746663, 0.007240982512340066]], "inverted": false, "swapped": true, "error_lsq": 0.047775907395265986, "error_max": 0.2893582732333675, "target": "641.xyz", "model": "18.xyz", "model_rescale": 3.9405287249114394, "target_rescale": 4.159404681171899},
{"mapping": [2, 1, 1, 4, 7, 0, 8, 5, 9, 13, 10, 14, 3, 12, 11, 15], "R": [[-0.8903876408826797, -0.36662687848801195, 0.26980470887942776], [0.37162938065870094, -0.9277488193883824, -0.03425976582951194], [0.2628715511321196, 0.06976288478553068, 0.9623054024122458]], "T": [0.007443957473733359, 0.04206751529659059, 0.09243182182082935], "aligned_model": [[0.6458407841805882, -0.15909418569277103, -0.15909418569277103, -0.6246636288187306, -0.0780515425571262, -0.34304146790719914, 0.15529160944950698, 0.7143338103675962, 0.45955176610463, 0.010535590200692724, 0.5263023225722101, 0.07006707707007293, -0.13880846794030463, -0.4487788755380149, 0.5900990776314743, 0.0390670083522915], [-0.4894526150281202, -0.5329047352995809, -0.5329047352995809, 0.33674668679638986, 0.7124309903346264, -0.040327236258871545, 0.2880896226407698, 0.137452145454672, 0.6609890296438792, 0.47113614732450604, -0.414234292474178, -0.11491985543876093, -0.7210052095572039, -0.11636412623855569, 0.21995020751115743, 0.017853449724420562], [0.34789439388035237, 0.3702651925567164, 0.3702651925567164, 0.31213437950231226, 0.28973585054488893, 0.6781325384565627, 0.7923506385696982, 0.5195982425097297, 0.1317323995463856, -0.424501825941378, -0.28237305293267556, -0.663327579310119, -0.25650777111565815, -0.16621698217525757, -0.29238496661788005, 0.0934360083285125]], "inverted": true, "swapped": false, "error_lsq": 0.039863832805755846, "error_max": 0.2754316843020988, "target": "641.xyz", "model": "19.xyz", "model_rescale": 4.410303926677745, "target_rescale": 4.159404681171899},
{"mapping": [1, 5, 2, 0, 12, 7, 10, 3, 4, 9, 8, 11, 13, 15], "R": [[0.9840167811605531, -0.175445525791432, 0.03049330867899487], [0.06611347018887463, 0.5189347904652408, 0.852253302900248], [-0.16534806758474463, -0.8366155333990427, 0.5222398546850155]], "T": [0.06865593402900395, 0.04664981222505297, 0.15134723986718168], "aligned_model": [[-0.10550229431485438, 0.21003814258481185, 0.34614763007184435, -0.6076570085153781, 0.0711224127095852, -0.5298839186351688, -0.5364954365856098, 0.7133195996354058, 0.3038435513028497, 0.2439889835437311, -0.35687401454525663, 0.05882284306871369, 0.5009371588190414, -0.05061975967884297], [-0.04527567257486511, -0.5493931706353338, 0.17154498340543306, -0.07065008316874147, 0.6725158233941211, -0.5694714434572585, 0.36274558157231557, -0.33591125236475283, -0.49029752587488745, 0.09443525774738107, -0.3477731470714686, 0.7032126608309107, 0.2615016422952646, -0.046235187916916325], [-0.5703492641586569, -0.2896402253036571, -0.4770085812006817, -0.4372453724718761, -0.20466030462788953, 0.14777302415678073, -0.12457450606936693, 0.030095395226894625, 0.5126710198118782, 0.7031699317933259, 0.728340632737041, 0.5732345265324158, 0.18322946064919027, 0.14177930164962316]], "inverted": true, "swapped": true, "error_lsq": 0.043647150897154506, "error_max": 0.23980212590757624, "target": "641.xyz", "model": "20.xyz", "model_rescale": 4.121658175737393, "target_rescale": 4.159404681171899},
{"mapping": [11, 14, 8, 9, 4, 12, 7, 13, 1, 5, 6, 3, 15], "R": [[-0.5370828872837881, 0.7881393422707502, -0.30062992091929086], [0.5262790732150794, 0.5916073498454901, 0.6107627040878257], [0.6592209866826048, 0.1698149603946163, -0.7325234262079188]], "T": [0.03035521100309578, -0.18474064012881689, 0.054272824486359686], "aligned_model": [[0.25366279043559886, -0.08449305413934322, 0.20877673882945613, 0.5447530162739999, 0.515183452629457, -0.300392547602196, -0.3045694995435162, 0.32055229552702547, -0.6016663354364229, -0.1250267729013344, 0.07788450430089815, 0.42275498966095754, -0.046336673370285714], [-0.6356985836046599, -0.009462453117648928, 0.4912559956745982, -0.1566824845372379, 0.2715462387088581, -0.8191382241904804, 0.604601915686998, -0.5486741733577881, -0.21992134573658076, 0.15208528153784304, 0.6321469199625438, -0.16568234948574123, -0.05554983337752056], [0.6508723590831107, 0.6928295553827125, 0.47943266520497957, 0.32286368102803925, -0.12158050498780097, 0.1355214842012869, 0.10557486920357663, -0.07757131727873796, -0.34439785410416307, -0.6030937766749369, -0.34837455863523986, -0.5955774774977707, 0.07361061455673346]], "inverted": false, "swapped": true, "error_lsq": 0.04438376895850515, "error_max": 0.23977401272859217, "target": "641.xyz", "model": "21.xyz", "model_rescale": 4.08911054899281, "target_rescale": 4.159404681171899},
{"mapping": [15, 2, 4, 0, 6, 1, 8, 11, 5, 7, 14, 12, 3, 13, 9, 16], "R": [[-0.14846786851004093, 0.7691222781867469, 0.621617417079761], [-0.2537858060121355, 0.5778994433902852, -0.7756448916843128], [-0.9557981254882519, -0.27291602101384044, 0.10939281871821877]], "T": [0.11038194545443447, 0.03836673476592992, 0.11229075905884563], "aligned_model": [[0.5588345075208874, -0.0366093140823493, -0.44188980718854765, -0.6168899436165135, -0.2302503084686186, 0.007203819955628937, 0.21432602743652868, 0.6547916015766858, 0.6044724288902681, -0.3343623464488915, 0.39390496394899227, 0.15947057535895287, -0.10459863342326425, -0.31533980799616845, 0.6825202729986399, 0.0639726553199148], [-0.46102551274335374, -0.5751343854676424, -0.3863203562666353, 0.1690084788901384, 0.6849629684975607, -0.062328015841175526, 0.48624236821326433, 0.12630008288194775, 0.5411129228145085, 0.4091066171321022, -0.4050665882747984, 0.001824064584872935, -0.6880688135370282, -0.15324248452820324, 0.16277856412030156, 0.032385563359709796], [0.3969040064628164, 0.4633801699860261, 0.14276979793321712, 0.34485845294308654, 0.2587390661939565, 0.892811881697282, 0.6312946731530671, 0.6431192463015772, 0.08313739683533525, -0.30068701570870726, -0.25486611742293197, -0.6233888218078663, -0.31238978930859246, -0.3554451298236251, -0.29357503456527445, 0.10356987548954051]], "inverted": false, "swapped": false, "error_lsq": 0.04032118298916078, "error_max": 0.25886124870952637, "target": "641.xyz", "model": "22.xyz", "model_rescale": 4.204369325754507, "target_rescale": 4.159404681171899},
{"mapping": [2, 1, 1, 4, 7, 0, 8, 5, 9, 13, 10, 14, 3, 12, 11, 15], "R": [[-0.8903876408826797, -0.36662687848801195, 0.26980470887942776], [0.37162938065870094, -0.9277488193883824, -0.03425976582951194], [0.2628715511321196, 0.06976288478553068, 0.9623054024122458]], "T": [0.007443957473733359, 0.04206751529659059, 0.09243182182082935], "aligned_model": [[0.6458407841805882, -0.15909418569277103, -0.15909418569277103, -0.6246636288187306, -0.0780515425571262, -0.34304146790719914, 0.15529160944950698, 0.7143338103675962, 0.45955176610463, 0.010535590200692724, 0.5263023225722101, 0.07006707707007293, -0.13880846794030463, -0.4487788755380149, 0.5900990776314743, 0.0390670083522915], [-0.4894526150281202, -0.5329047352995809, -0.5329047352995809, 0.33674668679638986, 0.7124309903346264, -0.040327236258871545, 0.2880896226407698, 0.137452145454672, 0.6609890296438792, 0.47113614732450604, -0.414234292474178, -0.11491985543876093, -0.7210052095572039, -0.11636412623855569, 0.21995020751115743, 0.017853449724420562], [0.34789439388035237, 0.3702651925567164, 0.3702651925567164, 0.31213437950231226, 0.28973585054488893, 0.6781325384565627, 0.7923506385696982, 0.5195982425097297, 0.1317323995463856, -0.424501825941378, -0.28237305293267556, -0.663327579310119, -0.25650777111565815, -0.16621698217525757, -0.29238496661788005, 0.0934360083285125]], "inverted": true, "swapped": false, "error_lsq": 0.039863832805755846, "error_max": 0.2754316843020988, "target": "641.xyz", "model": "23.xyz", "model_rescale": 4.410303926677745, "target_rescale": 4.159404681171899},
{"mapping": [8, 4, 2, 12, 13, 5, 6, 15, 14, 7, 10, 1, 3, 0, 11, 16], "R": [[0.616426278418919, -0.23813742873943883, 0.7505392783245727], [0.17701838874910597, 0.9706832292192495, 0.16259938055589324], [-0.767256888740187, 0.03262872271264185, 0.6405093544475908]], "T": [0.18231370319206439, 0.06180349076888159, 0.09712457474737636], "aligned_model": [[0.6458533641390417, 0.10646892017428697, -0.4637008808057165, -0.528941927321738, -0.0003690836452073243, -0.11820624561817047, 0.03679529291382036, 0.5454376845202596, 0.5935050796926485, -0.14025289626465556, 0.5655825878977973, 0.02679978409706915, -0.17732349187139188, -0.5422762799918165, 0.5814821782886656, 0.12870260557725233], [-0.5561942563524793, -0.58550927647691, -0.5719315250410697, 0.33294442977078215, 0.7368562193474861, -0.10253809547624967, 0.5389433407899215, 0.12615256727328777, 0.5695309684965046, 0.4072565381467532, -0.3874085728801972, -0.13677802001950135, -0.6837410032111675, -0.07631269778228034, 0.295190592114561, -0.023925734863871707], [0.37804526557761314, 0.3187506635562803, 0.21518827864029455, 0.3555309485915187, 0.16866083730760276, 0.6246486375402126, 0.6707621306585889, 0.7081191421308677, 0.2739986832724412, -0.3703621926103401, -0.1769145286013512, -0.7230681794946101, -0.2551189206602509, -0.0649836786385961, -0.3352138066453452, 0.03218937773398131]], "inverted": false, "swapped": false, "error_lsq": 0.03912918289366698, "error_max": 0.23638058530375114, "target": "641.xyz", "model": "24.xyz", "model_rescale": 4.28219845311461, "target_rescale": 4.159404681171899},
{"mapping": [0, 6, 10, 5, 9, 1, 3, 4, 7, 9, 2, 12, 14, 11, 13, 15], "R": [[0.7268903386614802, 0.38362055167632747, -0.5696189146193693], [0.5036752844013432, -0.8616323472600997, 0.06245723367454274], [-0.46684220400883225, -0.332302528558843, -0.8195324191693546]], "T": [0.0946704432704983, -0.015122866014625772, 0.11851474144352314], "aligned_model": [[0.5068092057469297, 0.028868823201972663, -0.4698811986124301, -0.6545957826082048, -0.1462115032501587, -0.04365155701417529, 0.16627601331337144, 0.7060691355063209, 0.5240708176871995, -0.1462115032501587, 0.5759562231623682, -0.05626843352603515, 0.0052761620433248585, -0.35012081834879427, 0.47619120413867017, 0.1369799035919451], [-0.47378438214055185, -0.8755632962863016, -0.5563231933075395, 0.21386749421341344, 0.5916019985135383, 0.04872399032471858, 0.5491822446705278, 0.1376642917653385, 0.6212541990299119, 0.5916019985135383, -0.47946614345596705, 0.07904502038265744, -0.5741396112972728, -0.026949345282570578, 0.08970809383043629, -0.05388788563830788], [0.6526733565807016, 0.3783407365080509, -0.015978634650656964, 0.4523473620698757, -0.05679786643899501, 0.7403410853849011, 0.6443262373745992, 0.48931967206818183, -0.008707722321024403, -0.05679786643899501, -0.028214066760003598, -0.6249701372701552, -0.3910473900695062, -0.19532907197939142, -0.3246204927926393, 0.1653474570939644]], "inverted": false, "swapped": false, "error_lsq": 0.047611887594022656, "error_max": 0.3201661749816024, "target": "641.xyz", "model": "25.xyz", "model_rescale": 4.100010024507729, "target_rescale": 4.159404681171899},
{"mapping": [5, 1, 12, 10, 4, 9, 13, 14, 0, 8, 7, 15], "R": [[-0.45730311122360434, 0.3942072071186903, 0.7971665712515132], [-0.005252234123903937, -0.8975683924102822, 0.4408439576343648], [0.8892953831556305, 0.19741240792235915, 0.41253128693030866]], "T": [-0.016233011068088977, 0.11864916989795862, 0.15775494806357288], "aligned_model": [[-0.666546272182185, -0.12553612655668014, 0.4591436588610422, 0.5083483057973429, -0.5324385247289175, 0.027264392983504908, -0.04155368991687631, 0.4587365914909992, 0.12287089520989333, -0.04884211716080624, -0.246622624864984, -0.038058886569326066], [-0.2370811101900844, -0.6106221772284943, -0.2871348409677076, -0.28119321878662007, 0.5610050267823925, 0.6852876795988353, 0.2021820500279652, 0.3746205716420722, -0.5608495605813727, 0.6503960222079204, 0.07163915201479593, 0.09788179553093654], [0.015365548884214375, 0.031884544935812165, 0.5152630981861048, -0.16965615871717848, 0.04805674064302062, 0.2784288290207182, 0.6335973204436598, -0.24293169203714532, -0.4223582336068105, -0.4633316116264526, -0.6684283342787196, 0.009302238007133645]], "inverted": true, "swapped": true, "error_lsq": 0.044285965008015384, "error_max": 0.25589480611527504, "target": "641.xyz", "model": "26.xyz", "model_rescale": 3.6694154284099745, "target_rescale": 4.159404681171899},
