[{"mapping": [10, 4, 13, 7, 12, 2, 8, 3, 9, 0, 6, 14], "R": [[-0.2597069583035922, 0.9191316814978197, 0.29622499535941804], [0.9656669081365927, 0.24517931454379455, 0.0858750618616878], [0.006302248694701557, 0.30835702649173746, -0.9512498230615154]], "T": [-0.035696891944834545, 0.012115628761885142, 0.030990293893711225], "aligned_model": [[-0.22141588906674725, 0.10624661070131089, 0.4034399446363815, -0.2381418710234067, -0.021943203913305474, -0.5468422742768293, 0.4482731872242676, -0.3715786293835163, 0.6089636975593481, 0.28317376774278274, -0.5965522629717159, -0.015980614768021012], [-0.3047854390445757, -0.6521887649330065, -0.2534789371408831, 0.6594012519583762, 0.28409312644192125, -0.5077900048158992, -0.34578158170088286, -0.591197756199296, 0.1419679119798069, 0.5812119397524087, 0.014788827765353667, 0.02731446191373383], [-0.45980543630956827, 0.08598259909834768, -0.5359176457419954, 0.09052997644474653, -0.7373835335310703, 0.006583674223526549, 0.40030433126231624, 0.5904202038520774, -0.03243972212141074, 0.3844887165681018, 0.3463927407735874, 0.04279584083490364]], "inverted": false, "swapped": true, "error_lsq": 0.04204712066627042, "error_max": 0.26162237719788894, "target": "643.xyz", "model": "0.xyz", "model_rescale": 3.751011558992144, "target_rescale": 4.101098013980751},
{"mapping": [1, 6, 9, 11, 12, 4, 10, 8, 7, 0, 13, 5, 2, 3, 14], "R": [[0.7958268986426396, 0.5899300167961425, 0.13653615887280723], [-0.4537066602237695, 0.43161207961717424, 0.7796545896723309], [0.4010109897065546, -0.6824174587533943, 0.611143680424766]], "T": [0.03790693341798047, -0.017222164882606042, -0.09400522238002043], "aligned_model": [[0.2909798853875204, -0.14949659877023652, -0.2203087747389244, -0.5206435148859102, -0.7008779453697044, 0.6701331466030599, 0.20931841336528095, 0.6778741739058359, -0.3432332640098005, 0.07471013685952659, -0.27005634335333156, 0.24213259151018307, 0.2660056608007297, -0.3782150755299949, -0.011940258945984786], [0.6098917795754082, 0.35151297649860597, -0.6207002373264897, -0.16567789322054544, 0.0007060121600887051, 0.015164721483666918, -0.5327857728213049, -0.062143268732808996, 0.5154508807333253, 0.6094016307891431, -0.41878860670267465, -0.5424426486333405, -0.07337157410161778, 0.219661521828049, -0.03926701388769134], [-0.2624324502369485, -0.7206151942956435, -0.15169825033606224, -0.6441990812605519, -0.017516089689145198, -0.5681519031265594, -0.7082250680707701, 0.07582492120795181, -0.19729413841753135, 0.33201433282121096, 0.42696043029280606, 0.17529270004247308, 0.6988102141490838, 0.501086772316803, -0.09975800337188176]], "inverted": true, "swapped": false, "error_lsq": 0.040673659649075114, "error_max": 0.27471099877802846, "target": "643.xyz", "model": "1.xyz", "model_rescale": 3.9405287249114394, "target_rescale": 4.101098013980751},
{"mapping": [5, 1, 0, 4, 8, 7, 6, 3, 13, 12, 10, 11, 14], "R": [[-0.914805180410316, 0.053798189881321234, -0.40029643598206444], [0.40186844654866705, 0.022071807798139997, -0.9154313666076138], [-0.040413284486797235, -0.9983078633698202, -0.0418111991094961]], "T": [-0.059222647126062275, -0.13706436939442984, -0.004788573139622394], "aligned_model": [[-0.29459157783970985, 0.22995950518176828, -0.38187105426799933, 0.5871412274977018, 0.49067560010341416, -0.6555318095009843, -0.03260409454847431, 0.6490202658713771, 0.03299824622827653, -0.6038313922378565, 0.003957532162800495, -0.4643122726688816, -0.06502689669750084], [0.7286345963262109, 0.5832942323678567, 0.23997561283525332, -0.34825885629646114, -0.09663909413900817, 0.19106933946408594, 0.34062302433760033, 0.2846721029441478, -0.8756573895820319, -0.7325914455470015, -0.6028396385339592, -0.12455743897969436, -0.12889245162498103], [0.04347447011033775, -0.40783145499091167, -0.5563763728550732, 0.040852081337025156, -0.4460232315697489, -0.020640176457434087, 0.42550295969433966, 0.32731943679462383, -0.18012226659505487, 0.11057207078670384, 0.388733910408193, 0.4181114299093433, -0.03045250698370001]], "inverted": false, "swapped": true, "error_lsq": 0.04013036050445937, "error_max": 0.2870993347931839, "target": "643.xyz", "model": "2.xyz", "model_rescale": 3.932901565614263, "target_rescale": 4.101098013980751},
{"mapping": [0, 7, 5, 9, 1, 3, 6, 8, 13, 4, 11, 12, 2, 14], "R": [[0.5838954395983802, -0.7807175107526789, 0.22258994591031156], [0.20070082240577525, 0.404491552479463, 0.8922475911194157], [-0.7866290711014057, -0.4763053142438103, 0.3928714193234796]], "T": [0.06534015088888473, -0.006117662551192685, 0.07314837929829342], "aligned_model": [[-0.1266258183457091, 0.45468345144290895, 0.2697662895928704, -0.3731967966850765, -0.4180738925945843, -0.1521476004396544, 0.3753626248392397, -0.6293082237874708, -0.13697833066634266, -0.333468534384242, 0.6506899705532772, 0.5056291765539844, 0.28332252289505633, 0.05015507307844639], [0.13493830416405866, 0.07186901945662079, -0.5351844080112659, 0.4641792557574417, -0.49899874973074815, -0.829580246712092, -0.5606083207120706, -0.12270186259238702, 0.5618942936952059, -0.20850410249513396, 0.00505380340341148, 0.6577863009888878, -0.47912758904346703, 0.0024809401820267574], [-0.6295339988326585, -0.47987738239132494, -0.6236018534262356, -0.07843794030337971, -0.46384835572060834, 0.32686841532872046, -0.029178412689162922, 0.12396244079439694, 0.5434630572363374, 0.587408819673646, 0.0547302475547044, 0.2461696581191931, 0.5839442756436927, 0.05182739206977666]], "inverted": false, "swapped": true, "error_lsq": 0.03494779464545263, "error_max": 0.20421335783831537, "target": "643.xyz", "model": "3.xyz", "model_rescale": 3.9243930471874484, "target_rescale": 4.101098013980751},
{"mapping": [1, 3, 5, 0, 7, 8, 9, 6, 11, 10, 12, 13, 14], "R": [[-0.9811881649952778, 0.10629992930415086, 0.16115244305666637], [0.059487322704721374, 0.9606124730442622, -0.2714496915990348], [-0.18366012988839991, -0.25675669740382484, -0.9488650878958804]], "T": [-0.05280689801795166, -0.00786415593029173, -0.048273238883851904], "aligned_model": [[0.06374424242932869, -0.3950522825277044, 0.6151878325333553, 0.3808614604441053, 0.6232440469184004, -0.5245565512638913, -0.20102312513300452, 0.21407061035483735, 0.32469042602111664, -0.3282743925286542, 0.09118044808755385, -0.5414584802238279, -0.045408348800262656], [-0.6329006287564761, 0.10881223707856301, -0.19125295968250144, -0.6084201458568588, -0.056103367006517774, -0.49716966296464515, -0.5150814518009028, 0.25786116303784173, 0.4331434977907816, 0.4960590399469184, 0.33426632326661043, 0.03264596950780023, -0.03403046087902618], [-0.6488826263019466, -0.8600737822874556, -0.6203869869731985, -0.006148407037693787, 0.01603632272777772, -0.2399570786661018, 0.3482552252116655, -0.5700117242234343, 0.029870604843036344, 0.16615006577193717, 0.6775184951667379, 0.5385357655173444, -0.0438355583777047]], "inverted": true, "swapped": true, "error_lsq": 0.04486161207882848, "error_max": 0.2918648146552524, "target": "643.xyz", "model": "4.xyz", "model_rescale": 3.8936222436046832, "target_rescale": 4.101098013980751},
{"mapping": [3, 8, 1, 6, 0, 9, 13, 12, 11, 2, 7, 14], "R": [[0.19692033749442572, -0.9800064331665824, -0.02845648666287043], [0.9724225886271148, 0.19153227124863448, 0.13307779002553524], [-0.12496675481432015, -0.05387745374878215, 0.9906969921064287]], "T": [-0.05996957510019943, -0.04148031622745683, 0.03609788423972906], "aligned_model": [[0.14107994237048344, -0.6070753429384792, -0.4554146344322172, 0.39211102200944636, -0.4929186817904393, -0.6685068660258904, -0.31245840818836945, 0.12297029357914602, 0.4416738599843332, 0.4649082311392778, 0.08411445288557215, -0.08293582637776603], [-0.6651347683099635, -0.4390779330272468, -0.0192138833280577, -0.03738333691020017, 0.49262085440814707, 0.0680277996409411, -0.28786521587713676, 0.27646587785981125, 0.23986575603225882, -0.5395945777356191, 0.6079889341339848, -0.02777660177711161], [-0.5642350418076811, -0.16713036896019084, -0.7437186377531891, -0.42177867683092235, -0.2428308775754013, 0.26882647328765913, 0.7145594653863925, 0.7641105791586951, 0.14698833590377847, -0.056382512539129494, -0.1085987192574287, 0.029474700262936616]], "inverted": false, "swapped": true, "error_lsq": 0.05179499190266925, "error_max": 0.2946907125957382, "target": "643.xyz", "model": "5.xyz", "model_rescale": 3.6523030999806103, "target_rescale": 4.101098013980751},
{"mapping": [12, 10, 2, 11, 6, 9, 4, 7, 8, 1, 3, 5, 14], "R": [[-0.710789896914439, 0.6811635989871231, 0.17548183341665735], [0.6545740241453163, 0.5492027133961965, 0.519527888098861], [0.2575083869674319, 0.4841410238899049, -0.8362397381303202]], "T": [0.01618330932334762, -0.14825063138163913, 0.09590590173471948], "aligned_model": [[0.171165505083006, 0.035540963459360475, 0.19587665603639393, 0.5499008898407042, 0.48917237565342675, -0.47200209381649433, -0.443405092482158, 0.514956142432829, -0.5960768697116603, -0.11693426445929873, -0.019935786798282465, 0.5664407689289062, 0.006383710497562003], [-0.6220824815143495, 0.042221216641603665, 0.5155477006740627, -0.20835225316719302, 0.2248219083973343, -0.588990977298496, 0.33901590010192506, -0.5554089765486212, 0.02407298458508056, -0.019512502436309642, 0.6848235922446562, -0.12889792746308215, -0.1664312800534277], [0.7409044743280999, 0.6782666471422167, 0.33931754544984, 0.329640323493863, -0.13024188157409916, 0.033494222613376964, 0.2216924959304118, -0.1253526896512372, -0.21093665322409305, -0.7588996917560904, -0.21141828377461125, -0.6140270212504724, 0.07767025175458374]], "inverted": true, "swapped": true, "error_lsq": 0.043078015486454034, "error_max": 0.2262344906335412, "target": "643.xyz", "model": "6.xyz", "model_rescale": 4.08911054899281, "target_rescale": 4.101098013980751},
{"mapping": [2, 0, 8, 3, 4, 1, 9, 13, 6, 7, 10, 11, 12, 5, 14], "R": [[0.7344305654914582, -0.33127216911182217, 0.5923432235147503], [0.6661142003023091, 0.18464647090478253, -0.7226323774492982], [0.1300139093617005, 0.9252915382485447, 0.35627510805293416]], "T": [-0.006965792551890912, -0.027717180608207652, -0.021778947713511826], "aligned_model": [[0.367858003629306, -0.04200164311050455, -0.42047581436340803, -0.5167988767453175, -0.7101791349371287, 0.5500381809922007, 0.08448158320966921, 0.6413945482791542, -0.20140091903826166, -0.0017847186893588298, -0.165613888443116, 0.35366057685501573, 0.27592001675129435, -0.4343860931866319, 0.05567041162533621], [0.6236922719160852, 0.3149479734671466, -0.5534474912227492, 0.00243119465897685, -0.015760886999785055, -0.03527766038287445, -0.5404988227925491, 0.17990683422723847, 0.3656914648801335, 0.6779986212062233, -0.5566759166880894, -0.47400886655465074, -0.1235076724058265, 0.14272477588539823, -0.14160331155286376], [-0.31386179601099784, -0.8969984998614499, -0.15506839083471413, -0.6264381393217606, 0.025098891792873695, -0.49889053996113786, -0.607654081861433, 0.24732263023185233, -0.2596183592851292, 0.29638347634139894, 0.4411555354445762, 0.1019280274359578, 0.6253699675967508, 0.5854793627732757, -0.12410889245482831]], "inverted": false, "swapped": false, "error_lsq": 0.051076852188036155, "error_max": 0.3634656876306386, "target": "643.xyz", "model": "7.xyz", "model_rescale": 3.964800864290218, "target_rescale": 4.101098013980751},
{"mapping": [8, 3, 4, 0, 13, 5, 9, 2, 6, 11, 7, 12, 10, 14], "R": [[0.6232246146091278, 0.7751986060161965, -0.10323856341430782], [0.1639345746860012, -0.2585775510067411, -0.9519785214687757], [-0.7646675976970805, 0.5763720771740266, -0.2882337483471945]], "T": [-0.018908618617206902, 0.02187891794150939, 0.06159125827702963], "aligned_model": [[-0.11636499640427732, 0.43732174385383243, 0.4086753149509272, -0.7509641544019973, 0.15408837790827132, -0.408644650836685, -0.4342155399047741, 0.6623494274343797, 0.1630770993246984, 0.11534699252453016, -0.44077634537608235, 0.02312056005078701, 0.4932653340949012, -0.04509127375763894], [-0.006678164807951949, -0.6216047936183173, 0.06495439131236663, -0.09862305394005486, 0.7410326078131759, -0.7475832952172999, 0.4350737122708435, -0.23848676231764585, -0.5542887774092294, -0.02498836692388374, -0.14969196053275596, 0.661377375199273, 0.3274529310464816, 0.02300262330620083], [-0.637262844121276, -0.347734987510979, -0.46735951675387233, 0.052414607176592194, -0.13246094150120044, 0.31297996496327896, -0.24379780688124972, 0.07784979517691781, 0.28285260148865665, 0.6298142154830373, 0.5676531874202313, 0.5654111994818263, 0.20336800578095535, 0.05308755852210283]], "inverted": true, "swapped": true, "error_lsq": 0.042912535173249486, "error_max": 0.3200675872792386, "target": "643.xyz", "model": "8.xyz", "model_rescale": 4.121658175737393, "target_rescale": 4.101098013980751},
{"mapping": [12, 9, 0, 7, 13, 10, 8, 3, 1, 4, 11, 6, 14], "R": [[0.1950997870893318, 0.31269103424216704, -0.9296022752673648], [0.8081697442124381, -0.5882710832708192, -0.02826299925661163], [-0.5556957239508865, -0.7457623278846558, -0.36747899625796226]], "T": [-0.06776610220861407, 0.028568923976122367, -0.03839380825652325], "aligned_model": [[-0.7724095787443537, -0.1309038148177688, 0.37244392448264163, 0.11842092670574078, -0.6905967590051754, -0.6012215497822906, 0.20988142119927156, 0.38277824823434864, 0.7808892336412547, -0.14230524833389685, -0.26022176705630584, 0.26410266286046097, -0.05412020294872963], [0.30530963757813473, -0.36892812529068447, 0.09441268536821465, 0.5835460077012992, -0.38833490246364377, 0.042015677549083814, -0.620748938942108, -0.18245857997823145, -0.1718777827990286, -0.5083892166842351, 0.575565694142794, 0.4088016912207376, 0.021473592009377127], [-0.340803150474726, -0.5623040898116112, -0.6320182477063712, -0.38601781225109, -0.19018122260924564, 0.2633391063002596, -0.04130492938883194, 0.6979774208344125, -0.1061554171057916, 0.37463441103484585, 0.044393818263978146, 0.3607687678768804, -0.061253221003620205]], "inverted": false, "swapped": true, "error_lsq": 0.040050651777417505, "error_max": 0.22004512369032608, "target": "643.xyz", "model": "9.xyz", "model_rescale": 3.833441315466971, "target_rescale": 4.101098013980751},
{"mapping": [1, 4, 9, 3, 2, 6, 7, 12, 5, 0, 8, 11, 10, 13, 14], "R": [[-0.7585481038232483, 0.08518450165588246, 0.6460250574581404], [0.3593787800187281, 0.8816946164659851, 0.3057147293918799], [-0.5435546583908609, 0.46406702530188315, -0.6994212817530335]], "T": [0.07666732859767544, 0.0018718278753785088, -0.08496382477011993], "aligned_model": [[0.4165529764055236, -0.08382112255128987, -0.507898541146601, -0.4508540124034701, -0.6420538765794105, 0.46408021379712294, 0.11489338620915639, 0.6732678339504669, -0.31431391811662845, 0.11911888082434179, -0.17947958175021494, 0.43386575645621267, 0.2608046548109913, -0.4760302495859903, 0.00824983250803936], [0.6576813743581669, 0.27538898717702004, -0.5604076744404111, -0.3054432929486548, -0.0034131357842813494, 0.22908665464991584, -0.5978827928979593, 0.06552511989945899, 0.5452602896246896, 0.5042448101454451, -0.5477675708450298, -0.5546058087676361, -0.16465203981102916, 0.3787036880052633, -0.05510610072314426], [-0.08424405390101192, -0.81663615628581, -0.09084869845951882, -0.7027020387806304, -0.07708008736024569, -0.5943892333631466, -0.3726218511874781, -0.029862529521606895, -0.18138916284293627, 0.3729032018896871, 0.40477554884633543, 0.08260408413598622, 0.6986925987380659, 0.34886756837198146, -0.11796999825443644]], "inverted": true, "swapped": false, "error_lsq": 0.049262414512519996, "error_max": 0.3810926260352499, "target": "643.xyz", "model": "10.xyz", "model_rescale": 4.2482417240324, "target_rescale": 4.101098013980751},
{"mapping": [5, 7, 9, 12, 3, 4, 8, 10, 11, 2, 6, 14], "R": [[0.1907605650796679, -0.018153053963344712, -0.9814687327889207], [0.9441408323704245, 0.2770893512986522, 0.17838043628092837], [0.26871638480257953, -0.9606726591449849, 0.06999676071030703]], "T": [0.05683393314786349, -0.010166625854279167, 0.05393894535177673], "aligned_model": [[-0.7383019647997219, -0.1325578901698894, 0.33349655043900184, 0.7497693294335439, -0.5252979833595303, 0.11982773214269811, -0.07941247333627634, 0.4768563246519824, 0.11094879232321016, -0.05330761632053098, -0.4367059401385092, 0.05145074149702848], [-0.4035958154474011, -0.6369249217981637, -0.18450996405313555, -0.3417934064230638, 0.6548501427918805, 0.6462625172994518, 0.3446861895280251, 0.2782930001588496, -0.24943788154304852, 0.5370743480621697, 0.04682084035811338, -0.025593658883038273], [-0.08795866107626171, -0.13264186040049353, 0.6279898617936568, -0.2188677203185485, -0.03901553478242895, 0.22599998209214572, 0.6491084213171424, -0.28689901651594263, -0.4779626327876266, -0.4157027354396976, -0.3549808742603185, 0.07612306023272987]], "inverted": true, "swapped": true, "error_lsq": 0.04733614352959766, "error_max": 0.2584136657609062, "target": "643.xyz", "model": "11.xyz", "model_rescale": 3.6694154284099745, "target_rescale": 4.101098013980751},
{"mapping": [3, 1, 0, 5, 6, 4, 2, 13, 7, 12, 9, 11, 8, 14], "R": [[0.6639580537246443, -0.7161854882701427, -0.21503034503399754], [0.7268988113795934, 0.6856304414207388, -0.039102631780196635], [0.17543608781866116, -0.13034279492346587, 0.9758242336109628]], "T": [0.028022782338605803, 0.029805191249776628, 0.0831392823559261], "aligned_model": [[0.05191854466789239, -0.09222745802058757, -0.007011293171107182, 0.5811522984256213, 0.5270282399675673, -0.39660976674384063, 0.2530358683745813, -0.47662495807277516, 0.49777190621414547, 0.14662745206529826, -0.4897367050501509, 0.5552288492383629, -0.5693291468544289, 0.017041019215231067], [-0.4958017290373635, 0.386869057139053, 0.7495951145673446, 0.43655432970741564, -0.12908651523508188, -0.47100439142974293, -0.6466706370135866, -0.15517097675071007, 0.5188591312706826, 0.07688654991185351, 0.4033747028814099, -0.019008636903863858, 0.02114988443929982, 0.054441404589543885], [-0.6330532644240177, -0.7061842712816551, -0.0934543853379936, -0.49631341712534555, -0.29074783371959, -0.09947889640408406, -0.07151102536095794, 0.6270884730632778, 0.14371671806809888, 0.8882948821226582, 0.2529721155970315, 0.33367753056308413, -0.29343218143129934, 0.07752101532320763]], "inverted": false, "swapped": true, "error_lsq": 0.04254329760078036, "error_max": 0.21296179776104102, "target": "643.xyz", "model": "12.xyz", "model_rescale": 3.9764082729961374, "target_rescale": 4.101098013980751},
{"mapping": [13, 11, 2, 8, 7, 10, 1, 12, 3, 6, 0, 9, 5, 4, 15], "R": [[-0.629783422852612, 0.7112504733794305, -0.3122428612756172], [-0.344575092097539, -0.6160673009296571, -0.7083283748595843], [-0.696161508707585, -0.33850235574185206, 0.633068170856185]], "T": [0.040553902519310465, 0.047266749663601476, -0.042578794342728245], "aligned_model": [[0.4637830372658307, 0.02438537575827416, -0.3461762439987257, -0.2744701406861524, -0.6779745950578606, 0.3610700771770453, 0.24075481283212216, 0.6556432988539069, -0.619498008545214, 0.1414654403134674, -0.2716756494483157, 0.2732630572968233, 0.28457230576900266, -0.37133415597984903, -0.04742637872210561], [0.4777143789499214, 0.46609640981841305, -0.6058389110456157, -0.07498688694893765, -0.15408335479945046, -0.0895157070239356, -0.4595905320909759, -0.09023502033905356, 0.40925934271222875, 0.6764825640036722, -0.4713896744433871, -0.416454212160721, -0.05383669683404599, 0.149507937102993, 0.10348287074070833], [-0.14294056062051788, -0.7170155914307824, -0.287838460064254, -0.6634384702647846, 0.07662117430324686, -0.7669453039796383, -0.36867367271906526, -0.14243785858402172, -0.41905759134411524, 0.3788036047007197, 0.3581906582268361, 0.2612442550875, 0.7530700087208384, 0.5368680872918217, -0.01635108729854883]], "inverted": true, "swapped": false, "error_lsq": 0.042689009468734246, "error_max": 0.30231635605537654, "target": "643.xyz", "model": "13.xyz", "model_rescale": 4.170626492500431, "target_rescale": 4.101098013980751},
{"mapping": [10, 12, 11, 7, 2, 1, 5, 13, 4, 9, 9, 0, 8, 14], "R": [[0.9325247877468836, 0.09453402716362513, -0.348512321081847], [0.34813990094170927, 0.020941422985171827, 0.9372086566905221], [0.09589645254088543, -0.9953013485932706, -0.013382670828000274]], "T": [-0.0005215441046260393, 0.04742651730526533, -0.011009119159533023], "aligned_model": [[0.41459782502881676, 0.0415993255954871, -0.24653857867347181, -0.6532007396570734, 0.3409468546194839, -0.34427512376094527, -0.7640272297691368, 0.5581863821117374, 0.6097450931939686, 0.07333763561267181, 0.07333763561267181, -0.5562920984520465, 0.30910168599485516, -0.013335645365375109], [-0.21386787523366257, -0.7485070774391728, -0.1927665189537381, -0.13123931976773806, 0.3507073509553727, 0.7347153165788718, 0.5092188859860464, -0.43171283583447745, 0.3468786081873784, -0.19644155297284654, -0.19644155297284654, 0.053638175791032514, 0.42452512822261007, 0.04736773537883605], [-0.37870387198119, -0.18210794131524788, -0.4852256990513247, -0.08581558749806911, -0.5798563933924783, 0.40666776531434934, -0.11574416737634802, 0.19644492432354488, 0.03773014349502284, 0.5985361571889789, 0.5985361571889789, 0.4805097002615936, 0.4995204118300562, 0.013381502132999986]], "inverted": true, "swapped": true, "error_lsq": 0.05598394156789231, "error_max": 0.37153407960061646, "target": "643.xyz", "model": "14.xyz", "model_rescale": 3.9786697098870705, "target_rescale": 4.101098013980751},
{"mapping": [4, 9, 3, 2, 1, 5, 12, 7, 6, 10, 0, 14], "R": [[-0.0900344410198851, -0.7781757166073814, -0.6215596138045211], [0.6127247390890339, 0.4487265618232802, -0.650548127983267], [0.7851510641516778, -0.43941668925616195, 0.4364066677591458]], "T": [-0.06644097668959911, -0.09523962504451006, 0.0006413668289426203], "aligned_model": [[0.04846577517505091, -0.6963967308878104, 0.6237625594772163, 0.5449015609059434, 0.06361716536187564, 0.3507752317472672, -0.43803977855326726, -0.08254383666203423, 0.5345974275293648, 0.029036619157469523, -0.4102173576644139, -0.0846040388193253], [-0.47381979479976083, -0.020582732566268774, -0.07947719723841717, -0.4805668591065292, 0.61803050142921, 0.6855035701477874, -0.5035331582810556, 0.3558487583622117, 0.11253950263569684, -0.6846886486095585, 0.5606645486380348, -0.07524400038691106], [-0.5542873966186866, -0.1838968519944793, -0.5589442215368162, -0.09911021062885975, -0.48855900451554013, 0.154046884061236, 0.6004496553852735, 0.5103153700952362, 0.09874981424709073, 0.1393214258283861, 0.04666047650740212, -0.004779446956412528]], "inverted": false, "swapped": true, "error_lsq": 0.04263338282086505, "error_max": 0.2107261734128529, "target": "643.xyz", "model": "15.xyz", "model_rescale": 3.769337070930944, "target_rescale": 4.101098013980751},
{"mapping": [6, 1, 10, 4, 11, 7, 12, 0, 13, 8, 14], "R": [[-0.7565630259387526, -0.053023437778837834, -0.6517675220724888], [0.54673411252932, 0.49550097874035726, -0.6749522873982463], [0.35873973571264084, -0.866987482674036, -0.34588799763415157]], "T": [-0.028217065183284977, 0.06351073160376813, -0.036812283849448735], "aligned_model": [[-0.24038483847079883, -0.4682847976302423, 0.003910577106332171, -0.585867997461795, 0.30619558592473195, 0.4444939872711878, 0.6500285293046744, 0.22955871654212506, 0.11883376332944495, -0.5136161909627683, -0.022241204261720736], [-0.12619315964766048, -0.6858368193302391, 0.6638283767656386, 0.39642840324918616, 0.17713904747614195, -0.3439026664720953, 0.5144595971078356, -0.5914880072425366, 0.6233178897451168, -0.07454693303717455, 0.04285876901112863], [-0.6139100800007684, 0.06220809650478254, -0.15674902118555997, 0.16973964834344044, -0.5040972346241892, -0.308963354589459, -0.0023551204659144065, 0.19779066176617063, 0.46294590390645596, 0.4571898203078913, -0.019581712739073137]], "inverted": true, "swapped": true, "error_lsq": 0.04707009643626217, "error_max": 0.24823778815685338, "target": "643.xyz", "model": "16.xyz", "model_rescale": 3.7852294659196426, "target_rescale": 4.101098013980751},
{"mapping": [11, 9, 13, 12, 7, 0, 1, 8, 10, 2, 6, 4, 14], "R": [[0.7841812538390412, 0.55817345901172, -0.27111280084555456], [0.1729286659763138, 0.22302250513518718, 0.9593521974159847], [0.5959491904609673, -0.7991891840222298, 0.0783658760609536]], "T": [-0.0217098099808594, 0.08403364896421069, -0.013800994290855923], "aligned_model": [[-0.01912226152905359, -0.25487029877112194, 0.35556504229156255, 0.07250177335551351, -0.5649082402618054, -0.744093827930514, -0.501786358826799, 0.01846074519334057, 0.5102728138702988, 0.5587413231368044, -0.032749956026487045, 0.5003517167572884, -0.044596621042743936], [-0.0066257751995800335, -0.2952998724687155, -0.5080481914259721, -0.6522995349886136, 0.027336051133423828, 0.06723598763326101, 0.7076728734931212, 0.28907537925498816, -0.15070790883181184, 0.44862791000834573, 0.598183624833768, 0.26930308636548567, 0.08060199389517388], [-0.5924827842349799, 0.47427125859066954, 0.28929804368953066, -0.3506939767427328, -0.4202840432483814, 0.15469058653929993, 0.3677576798792507, 0.6607762987763196, -0.20793798308626385, -0.26343003840444623, -0.40054705333871615, 0.3831869613480567, 0.001149747375567325]], "inverted": true, "swapped": true, "error_lsq": 0.052461381981640624, "error_max": 0.33334421499943406, "target": "643.xyz", "model": "17.xyz", "model_rescale": 3.901054581598922, "target_rescale": 4.101098013980751},
{"mapping": [1, 6, 9, 11, 12, 4, 10, 8, 7, 0, 13, 5, 2, 3, 14], "R": [[0.7958268986426396, 0.5899300167961425, 0.13653615887280723], [-0.4537066602237695, 0.43161207961717424, 0.7796545896723309], [0.4010109897065546, -0.6824174587533943, 0.611143680424766]], "T": [0.03790693341798047, -0.017222164882606042, -0.09400522238002043], "aligned_model": [[0.2909798853875204, -0.14949659877023652, -0.2203087747389244, -0.5206435148859102, -0.7008779453697044, 0.6701331466030599, 0.20931841336528095, 0.6778741739058359, -0.3432332640098005, 0.07471013685952659, -0.27005634335333156, 0.24213259151018307, 0.2660056608007297, -0.3782150755299949, -0.011940258945984786], [0.6098917795754082, 0.35151297649860597, -0.6207002373264897, -0.16567789322054544, 0.0007060121600887051, 0.015164721483666918, -0.5327857728213049, -0.062143268732808996, 0.5154508807333253, 0.6094016307891431, -0.41878860670267465, -0.5424426486333405, -0.07337157410161778, 0.219661521828049, -0.03926701388769134], [-0.2624324502369485, -0.7206151942956435, -0.15169825033606224, -0.6441990812605519, -0.017516089689145198, -0.5681519031265594, -0.7082250680707701, 0.07582492120795181, -0.19729413841753135, 0.33201433282121096, 0.42696043029280606, 0.17529270004247308, 0.6988102141490838, 0.501086772316803, -0.09975800337188176]], "inverted": true, "swapped": false, "error_lsq": 0.040673659649075114, "error_max": 0.27471099877802846, "target": "643.xyz", "model": "18.xyz", "model_rescale": 3.9405287249114394, "target_rescale": 4.101098013980751},
{"mapping": [14, 10, 6, 2, 5, 3, 1, 12, 11, 13, 8, 0, 4, 7, 15], "R": [[-0.5120413883077325, -0.6144684582063045, 0.6002017415248451], [0.31021910651837853, 0.5193013647696335, 0.7962978076695519], [-0.8009854696627328, 0.5939314829321334, -0.075283935678258]], "T": [0.04146101782459531, 0.04202644924728316, 0.009205798158919531], "aligned_model": [[0.34744065488674153, -0.08213011315720524, -0.3133796284246476, -0.4080728239174475, -0.759718577984464, 0.578496207472992, 0.277252707859524, 0.5865172216189014, -0.3597251697003596, 0.09155422303686155, -0.45161424859626764, 0.13222054061722, 0.3806522724858246, -0.20620599827724856, 0.023094964907824575], [0.6641093584188469, 0.32432281522244266, -0.586995065222188, -0.23239391703647216, -0.120086318670927, 0.013209072743438466, -0.47193196326884057, 0.09344156707146573, 0.5989618319691092, 0.6687606149971387, -0.44264230057838155, -0.5964499447268282, -0.1953052705811841, 0.1100468209179179, 0.03956520638627583], [-0.33594384749662304, -0.7139387455157071, -0.18237579202179746, -0.6821248540693582, -0.14275915995970856, -0.6512420489605265, -0.3310418367980577, 0.029436531557836154, -0.2100790036662431, 0.24590138672229175, 0.31619951164891763, 0.2475015415456224, 0.6119395504415348, 0.664690219876431, -0.02606426127937682]], "inverted": false, "swapped": false, "error_lsq": 0.04417775035064746, "error_max": 0.2960498704199354, "target": "643.xyz", "model": "19.xyz", "model_rescale": 4.410303926677745, "target_rescale": 4.101098013980751},
{"mapping": [8, 3, 4, 0, 13, 5, 9, 2, 6, 11, 7, 12, 10, 14], "R": [[0.6232246146091278, 0.7751986060161965, -0.10323856341430782], [0.1639345746860012, -0.2585775510067411, -0.9519785214687757], [-0.7646675976970805, 0.5763720771740266, -0.2882337483471945]], "T": [-0.018908618617206902, 0.02187891794150939, 0.06159125827702963], "aligned_model": [[-0.11636499640427732, 0.43732174385383243, 0.4086753149509272, -0.7509641544019973, 0.15408837790827132, -0.408644650836685, -0.4342155399047741, 0.6623494274343797, 0.1630770993246984, 0.11534699252453016, -0.44077634537608235, 0.02312056005078701, 0.4932653340949012, -0.04509127375763894], [-0.006678164807951949, -0.6216047936183173, 0.06495439131236663, -0.09862305394005486, 0.7410326078131759, -0.7475832952172999, 0.4350737122708435, -0.23848676231764585, -0.5542887774092294, -0.02498836692388374, -0.14969196053275596, 0.661377375199273, 0.3274529310464816, 0.02300262330620083], [-0.637262844121276, -0.347734987510979, -0.46735951675387233, 0.052414607176592194, -0.13246094150120044, 0.31297996496327896, -0.24379780688124972, 0.07784979517691781, 0.28285260148865665, 0.6298142154830373, 0.5676531874202313, 0.5654111994818263, 0.20336800578095535, 0.05308755852210283]], "inverted": true, "swapped": true, "error_lsq": 0.042912535173249486, "error_max": 0.3200675872792386, "target": "643.xyz", "model": "20.xyz", "model_rescale": 4.121658175737393, "target_rescale": 4.101098013980751},
{"mapping": [12, 10, 2, 11, 6, 9, 4, 7, 8, 1, 3, 5, 14], "R": [[-0.710789896914439, 0.6811635989871231, 0.17548183341665735], [0.6545740241453163, 0.5492027133961965, 0.519527888098861], [0.2575083869674319, 0.4841410238899049, -0.8362397381303202]], "T": [0.01618330932334762, -0.14825063138163913, 0.09590590173471948], "aligned_model": [[0.171165505083006, 0.035540963459360475, 0.19587665603639393, 0.5499008898407042, 0.48917237565342675, -0.47200209381649433, -0.443405092482158, 0.514956142432829, -0.5960768697116603, -0.11693426445929873, -0.019935786798282465, 0.5664407689289062, 0.006383710497562003], [-0.6220824815143495, 0.042221216641603665, 0.5155477006740627, -0.20835225316719302, 0.2248219083973343, -0.588990977298496, 0.33901590010192506, -0.5554089765486212, 0.02407298458508056, -0.019512502436309642, 0.6848235922446562, -0.12889792746308215, -0.1664312800534277], [0.7409044743280999, 0.6782666471422167, 0.33931754544984, 0.329640323493863, -0.13024188157409916, 0.033494222613376964, 0.2216924959304118, -0.1253526896512372, -0.21093665322409305, -0.7588996917560904, -0.21141828377461125, -0.6140270212504724, 0.07767025175458374]], "inverted": true, "swapped": true, "error_lsq": 0.043078015486454034, "error_max": 0.2262344906335412, "target": "643.xyz", "model": "21.xyz", "model_rescale": 4.08911054899281, "target_rescale": 4.101098013980751},
{"mapping": [9, 5, 0, 6, 1, 10, 7, 12, 11, 15, 4, 13, 3, 2, 16], "R": [[0.9074912895800946, 0.41759906280617504, 0.04550364908071501], [-0.31555820794406936, 0.6061966300702566, 0.7300333301230786], [0.2772770757480396, -0.6768579381486697, 0.6818949734598044]], "T": [-0.03971701658903414, 0.048323656791002645, -0.09120830135097929], "aligned_model": [[0.47639785731752604, 0.08264405068723654, -0.4261326257736121, -0.2715459394697116, -0.8215066097993442, 0.44130531152016866, 0.2590000741168178, 0.6900067386219105, -0.4432314469731438, -0.20918375211467022, -0.17776083806432244, 0.33019890819651276, 0.3463966906323786, -0.39918335403950456, -0.041022832029992365], [0.4969397347122858, 0.45146340623989906, -0.6223741033332901, -0.3372281989266061, 0.13085584975527975, -0.01773682578123925, -0.5212729672878731, -0.058177515348950465, 0.6774380989799813, 0.6112516000497712, -0.4213883371597523, -0.43831914070051453, -0.152602428457492, 0.06538388009573715, 0.002379454804577519], [-0.2909998505352704, -0.6571015470939026, -0.12165316499071743, -0.6854887449296501, 0.01829900588741648, -0.735715044308461, -0.3947276146864134, -0.057589148361377025, -0.25638745669294444, 0.33995312334157146, 0.4053868375288363, 0.1599310270464696, 0.6603392597899835, 0.5346884396486762, -0.07883592961898261]], "inverted": false, "swapped": false, "error_lsq": 0.037336713366470604, "error_max": 0.22661391847958332, "target": "643.xyz", "model": "22.xyz", "model_rescale": 4.204369325754507, "target_rescale": 4.101098013980751},
{"mapping": [14, 10, 6, 2, 5, 3, 1, 12, 11, 13, 8, 0, 4, 7, 15], "R": [[-0.5120413883077325, -0.6144684582063045, 0.6002017415248451], [0.31021910651837853, 0.5193013647696335, 0.7962978076695519], [-0.8009854696627328, 0.5939314829321334, -0.075283935678258]], "T": [0.04146101782459531, 0.04202644924728316, 0.009205798158919531], "aligned_model": [[0.34744065488674153, -0.08213011315720524, -0.3133796284246476, -0.4080728239174475, -0.759718577984464, 0.578496207472992, 0.277252707859524, 0.5865172216189014, -0.3597251697003596, 0.09155422303686155, -0.45161424859626764, 0.13222054061722, 0.3806522724858246, -0.20620599827724856, 0.023094964907824575], [0.6641093584188469, 0.32432281522244266, -0.586995065222188, -0.23239391703647216, -0.120086318670927, 0.013209072743438466, -0.47193196326884057, 0.09344156707146573, 0.5989618319691092, 0.6687606149971387, -0.44264230057838155, -0.5964499447268282, -0.1953052705811841, 0.1100468209179179, 0.03956520638627583], [-0.33594384749662304, -0.7139387455157071, -0.18237579202179746, -0.6821248540693582, -0.14275915995970856, -0.6512420489605265, -0.3310418367980577, 0.029436531557836154, -0.2100790036662431, 0.24590138672229175, 0.31619951164891763, 0.2475015415456224, 0.6119395504415348, 0.664690219876431, -0.02606426127937682]], "inverted": false, "swapped": false, "error_lsq": 0.04417775035064746, "error_max": 0.2960498704199354, "target": "643.xyz", "model": "23.xyz", "model_rescale": 4.410303926677745, "target_rescale": 4.101098013980751},
{"mapping": [7, 13, 8, 15, 5, 11, 9, 1, 12, 0, 4, 10, 3, 2, 16], "R": [[-0.9095160696206175, -0.00044875154088538927, 0.4156685190436227], [0.27986537166152525, -0.7400397257193072, 0.6115689479543979], [0.30733677431544093, 0.6725630104156392, 0.6732036127161176]], "T": [-0.001260369699572177, -0.0014496149983661676, -0.24699447882467646], "aligned_model": [[0.4016647347533028, -0.05228120759659396, -0.21486189689072852, -0.49399438646678673, -0.5999465768100005, 0.536662031547474, 0.06144594049693479, 0.7321601483033476, -0.40172739555941644, -0.03805010156811685, -0.2945229648588742, 0.3160389242883342, 0.17895980208217813, -0.3351341255580688, 0.03996930666526362], [0.5272436194744256, 0.5195289506085622, -0.7706761904625629, -0.35151123651585864, 0.06709970458349139, -0.1249190030965464, -0.5498867326538757, 0.13646122268212596, 0.6879524259319332, 0.5299794485244628, -0.3426144726866692, -0.5249166720640006, -0.08159894300761524, 0.14150166797367686, 0.0029687183502646475], [-0.25510130968731076, -0.7162117335240002, -0.051107954439551295, -0.6264470327701457, -0.0667783595996577, -0.5570207471472743, -0.5431441542721439, 0.17657404478505884, -0.14439417695471973, 0.28837032872103546, 0.27405058942767874, -0.025437839390343914, 0.6307000919325336, 0.5902553029154967, -0.13420785797142037]], "inverted": true, "swapped": false, "error_lsq": 0.0432842893274491, "error_max": 0.2838059885836647, "target": "643.xyz", "model": "24.xyz", "model_rescale": 4.28219845311461, "target_rescale": 4.101098013980751},
{"mapping": [9, 7, 0, 4, 2, 3, 1, 5, 13, 12, 6, 8, 10, 14, 15], "R": [[-0.49089772810027327, -0.829336867167611, 0.2668703454912197], [0.6738065425538821, -0.1672353358311113, 0.7197340381425901], [-0.5522718205354805, 0.5331347889662315, 0.6409080534962547]], "T": [-0.003490747515789103, 0.06348600428449233, -0.09326121021503056], "aligned_model": [[0.4392222074994483, -0.0869891917695715, -0.4135204192125607, -0.3290948922604024, -0.6682248519318369, 0.3608249357818607, 0.3196781503699451, 0.8224728315078594, -0.39502850024396235, -0.045764651365583366, -0.2912008386942347, 0.3507633365588731, 0.16297759444003612, -0.3458875257047098, -0.0438459521469114], [0.5291366423538301, 0.5144780264289669, -0.6258436206685484, -0.1609577602736197, -0.04980317914107178, -0.08352528099622722, -0.4327682351576765, -0.11060696318135019, 0.5010023218199028, 0.7419792905442947, -0.6127737523499437, -0.42966151702084854, -0.11717441312140511, 0.1992203232807705, 0.003910625124740136], [-0.3031383328515026, -0.7218948169522625, -0.24244066096527359, -0.7082860150008405, 0.025373336746987316, -0.760874204219268, -0.3365120933000991, 0.01968340328877463, -0.18378257242213814, 0.25642390211704547, 0.42836392333572715, 0.24327351767444685, 0.6612949000491987, 0.5734360717856483, -0.11082116726120919]], "inverted": false, "swapped": false, "error_lsq": 0.03978811752309334, "error_max": 0.21957949646817884, "target": "643.xyz", "model": "25.xyz", "model_rescale": 4.100010024507729, "target_rescale": 4.101098013980751},
{"mapping": [5, 7, 9, 12, 3, 4, 8, 10, 11, 2, 6, 14], "R": [[0.1907605650796679, -0.018153053963344712, -0.9814687327889207], [0.9441408323704245, 0.2770893512986522, 0.17838043628092837], [0.26871638480257953, -0.9606726591449849, 0.06999676071030703]], "T": [0.05683393314786349, -0.010166625854279167, 0.05393894535177673], "aligned_model": [[-0.7383019647997219, -0.1325578901698894, 0.33349655043900184, 0.7497693294335439, -0.5252979833595303, 0.11982773214269811, -0.07941247333627634, 0.4768563246519824, 0.11094879232321016, -0.05330761632053098, -0.4367059401385092, 0.05145074149702848], [-0.4035958154474011, -0.6369249217981637, -0.18450996405313555, -0.3417934064230638, 0.6548501427918805, 0.6462625172994518, 0.3446861895280251, 0.2782930001588496, -0.24943788154304852, 0.5370743480621697, 0.04682084035811338, -0.025593658883038273], [-0.08795866107626171, -0.13264186040049353, 0.6279898617936568, -0.2188677203185485, -0.03901553478242895, 0.22599998209214572, 0.6491084213171424, -0.28689901651594263, -0.4779626327876266, -0.4157027354396976, -0.3549808742603185, 0.07612306023272987]], "inverted": true, "swapped": true, "error_lsq": 0.04733614352959766, "error_max": 0.2584136657609062, "target": "643.xyz", "model": "26.xyz", "model_rescale": 3.6694154284099745, "target_rescale": 4.101098013980751},
