[{"mapping": [4, 11, 10, 0, 2, 3, 9, 6, 8, 7, 5, 12], "R": [[0.10240887335926221, -0.20894630063232544, -0.9725501869360534], [0.9630144145222328, 0.26578277086858004, 0.044303003643333394], [0.2492301347744449, -0.9411168695552565, 0.22843681349297953]], "T": [-0.06345687400097248, 0.09062715970734485, 0.025560438713336124], "aligned_model": [[-0.2482027564017693, 0.2134165952608118, 0.39433616435206326, 0.031018011450756403, 0.038056708540154624, -0.7010577824443824, 0.5278562002889315, -0.2039363475966215, 0.429947016246137, 0.0022733197599041632, -0.6005530290009461, -0.04551163799449038], [-0.4188702844291767, -0.6486849217052185, -0.34357027418305347, 0.8191059113579398, 0.3434769268160161, -0.5691499449302923, -0.21809654289047814, -0.5515686968584096, 0.2912154697780128, 0.23005051106852947, 0.20144802710822318, -0.08180114515503549], [-0.4919962709171811, 0.05293095044341053, -0.5206356485414696, 0.01587636496129318, -0.655765287930626, -0.007044724659820263, 0.4445626811377914, 0.6055813149393904, -0.1988694930077462, 0.6454984173895834, 0.2968458985785364, -0.005032457039599498]], "inverted": true, "swapped": true, "error_lsq": 0.04722773304359685, "error_max": 0.29219048410009246, "target": "644.xyz", "model": "0.xyz", "model_rescale": 3.751011558992144, "target_rescale": 3.887081331337034},
{"mapping": [7, 6, 11, 4, 10, 1, 8, 0, 12, 2, 9, 5, 14], "R": [[0.7689459476121089, 0.10142209547960918, -0.6312176234861013], [0.6388359372632357, -0.16006334523857313, 0.7525080536260332], [-0.02471386072469306, -0.9818825204980294, -0.18787214010735614]], "T": [0.13961014541791641, 0.05736095374516459, 0.07628511127747128], "aligned_model": [[-0.4931039351589679, -0.1722260120980776, 0.011549135579189324, 0.5535391696096387, 0.7410696930396137, -0.1874521068642688, 0.5252841466212081, -0.4008664338985862, -0.31852700787432275, 0.20170447004536782, 0.4779715328254387, 0.6384419711593555, 0.128838191683099], [-0.1035013717486685, -0.47263044960654643, -0.7191426490694284, 0.0001086781832812661, -0.47841158362010405, 0.1919618305676407, 0.5179750094506614, 0.5706964269080582, -0.2571748742569037, 0.8167466330394811, -0.2611310501518876, 0.26551259663377347, 0.02183498912427452], [-0.039789124768726564, -0.35452002855849335, 0.20809376615915348, -0.5952496307757477, -0.07749378489734923, -0.5242133787510727, -0.20568742040292065, -0.0646981419920073, 0.5693902377500601, 0.39755724968956346, 0.5434724787218306, 0.3892160144907142, 0.11660487434544717]], "inverted": true, "swapped": false, "error_lsq": 0.0416463339713065, "error_max": 0.2513294424500542, "target": "644.xyz", "model": "1.xyz", "model_rescale": 3.9405287249114394, "target_rescale": 3.887081331337034},
{"mapping": [0, 5, 11, 8, 9, 2, 4, 1, 6, 7, 10, 3, 12], "R": [[0.30427114514488784, -0.9524944906350392, -0.013164936084757328], [0.8507160976264927, 0.2779247069828319, -0.4461389676856962], [0.42860376978203335, 0.12454759153995792, 0.8948668649414981]], "T": [0.10350852373011153, 0.05557619323766051, 0.04191384784889168], "aligned_model": [[-0.7205034912960013, -0.2218895531747686, 0.031401118923943275, 0.8125093154083981, 0.5805145343306134, -0.1837672134604318, 0.46649343513982794, -0.3484001363169089, -0.17897499448320542, 0.07643636117979495, 0.8026286946696585, 0.4964060628058529, 0.09336868094191482], [-0.09552503286467508, -0.4942694538065012, -0.6074217846508486, 0.007440749098394275, -0.5413320952152876, -0.0017555031573114194, 0.6207164208176209, 0.6409199563960136, -0.010831552947567033, 0.6316780207472267, -0.34676432059465523, 0.21695494741409765, 0.07303383421712478], [0.07511937207084449, -0.3042972674405249, 0.29260986402196515, -0.2674251676775057, -0.2160529486913319, -0.5731921226405154, -0.15946688395671332, -0.24159554223261887, 0.501423114973994, 0.586233272002695, 0.2885719448718299, 0.4245208264281885, -0.0437653507198551]], "inverted": false, "swapped": false, "error_lsq": 0.0569256792890194, "error_max": 0.4236555155610864, "target": "644.xyz", "model": "2.xyz", "model_rescale": 3.932901565614263, "target_rescale": 3.887081331337034},
{"mapping": [7, 8, 9, 11, 10, 3, 1, 0, 5, 2, 12, 6, 13], "R": [[-0.991249179749228, 0.017151550226240108, -0.1308850181316405], [-0.1297640672553295, 0.05527438024468845, 0.9900030453174982], [0.024214675216434958, 0.9983238789157569, -0.05256502916160333]], "T": [0.05886235167282271, 0.04747908091127986, -0.02969471826423322], "aligned_model": [[-0.5993881590546858, -0.1526169385500935, -0.10478490112787002, 0.5773758840234898, 0.7655070677278469, -0.14854766501264094, 0.46585939342892063, -0.22858407515069823, -0.029920855950359593, 0.144749061018915, 0.4796160661109089, 0.41514776582859736, 0.12181017137635736], [-0.18489130581382893, -0.46266095103497473, -0.640608686201571, -0.3112104980308073, -0.04949492919211854, 0.14605795601883886, 0.6371083004031218, 0.644505370503264, -0.2231257173449744, 0.7584554383657466, -0.397978852923332, 0.17827786885809538, -0.0015898081538278583], [0.12014791868313221, -0.5132444914464723, 0.16917141960062002, -0.6623037611137729, 0.036598018420962726, -0.4857087185342721, -0.21800141606168258, -0.12911549267997374, 0.6303736652078868, 0.39614086676451715, 0.4260062265777621, 0.5383234517032871, 0.0542954238884571]], "inverted": true, "swapped": false, "error_lsq": 0.05992418600860171, "error_max": 0.3713981785957893, "target": "644.xyz", "model": "3.xyz", "model_rescale": 3.9243930471874484, "target_rescale": 3.887081331337034},
{"mapping": [10, 3, 6, 2, 0, 4, 7, 8, 11, 9, 5, 1, 12], "R": [[0.2190082428278573, 0.2785958696189976, 0.9351041284288553], [-0.06231631901306739, -0.9524201237294503, 0.2983497683924701], [0.9737310028740567, -0.12361330570134194, -0.19122678864497689]], "T": [0.029979580707129763, 0.04187424068617554, 0.07479719977993893], "aligned_model": [[-0.660092618919155, 0.03601629561831084, -0.0866561629259636, 0.5852285738635894, 0.7690238326163962, -0.04144733140145883, 0.44911817387123637, -0.2504806577041196, -0.3571189505765027, -0.05530002232259741, 0.5177402497294529, 0.6728320465140019, 0.12735938630549742], [-0.03932879992096837, -0.4789518943939426, -0.6407618457414054, -0.05947229118922262, -0.33444000643998784, 0.18118306769253592, 0.5423493324260376, 0.5955012698252911, -0.09258006434190072, 0.5153289260837266, -0.38421098311285296, 0.30297428490302203, -0.014746810336700777], [-0.04492809002137234, -0.3514152653771253, 0.2795423866603691, -0.6550260160669844, -0.11367968073948642, -0.4977921088740215, -0.3907844592022065, -0.030917208855447714, 0.751709932947952, 0.590796659042323, 0.4674344516930892, 0.2442898960782457, 0.1134526137251172]], "inverted": true, "swapped": false, "error_lsq": 0.048600639335231025, "error_max": 0.29339001257394837, "target": "644.xyz", "model": "4.xyz", "model_rescale": 3.8936222436046832, "target_rescale": 3.887081331337034},
{"mapping": [0, 1, 5, 7, 3, 4, 10, 11, 9, 8, 6, 12], "R": [[0.3906586943499074, -0.7100076649058205, -0.5858966635028825], [-0.6423455824981532, -0.6661600620100506, 0.3789761528485322], [-0.6593769310295395, 0.22829780453992493, -0.7163115071449825]], "T": [-0.07474283996619269, -0.16295116535208554, -0.12239452221862113], "aligned_model": [[0.10845015278646047, -0.5097192890703398, -0.29267530032212385, 0.3892448127986695, -0.6853367218710922, -0.6240721320323191, -0.14284345676696447, 0.03303381741634981, 0.5883963798204512, 0.18996966538002047, 0.0814185552422339, -0.10831844116624861], [-0.7635732501816405, -0.4808368747822363, 0.05940032630481579, 0.05214029368122536, 0.5210700061108038, 0.0019787656132039255, -0.26217232043421845, 0.3462879231924373, 0.1348468944427007, -0.5890174599775211, 0.6996809497520774, -0.050882348611840766], [-0.5037001942106423, -0.40750750305264716, -0.6490961474132596, -0.5051915298016132, -0.0755544613591636, 0.3599114813508738, 0.7034078219712534, 0.47178571932243574, 0.1810639531809478, 0.1647407514727186, -0.12972051617503064, 0.00914534398964495]], "inverted": true, "swapped": true, "error_lsq": 0.04105777422950916, "error_max": 0.253229838696007, "target": "644.xyz", "model": "5.xyz", "model_rescale": 3.6523030999806103, "target_rescale": 3.887081331337034},
{"mapping": [10, 9, 11, 5, 7, 8, 1, 6, 4, 2, 3, 3, 12], "R": [[-0.21933278317818355, 0.8319517951784696, -0.5096561004467955], [0.39326696254153587, -0.40267176898470697, -0.8265570413686413], [-0.892879737924804, -0.38172196290238414, -0.23886003567211628]], "T": [0.10575458270710539, 0.04771730226632126, -0.05057030487535188], "aligned_model": [[-0.6486123855794761, -0.26399772208192895, 0.012067487487043282, 0.6054973653470291, 0.5145429448170462, -0.019298461141364937, 0.4101225821944051, -0.3276795655911646, -0.050651408104101264, -0.00022533806745564378, 0.6334303462392288, 0.6334303462392288, 0.2075966229101979], [-0.03838072778773838, -0.48117342427747095, -0.7277557777638515, 0.06352060223931669, -0.49948172799925455, 0.1311297635373292, 0.6703889039721791, 0.4977310319001614, -0.029947515321255183, 0.5491025853442795, -0.03127391873716845, -0.03127391873716845, 0.020258309084273472], [0.1288472194803126, -0.37648548963945355, 0.35493337387334145, -0.5130753717622065, -0.03373712403899621, -0.7071578467884133, -0.005680848311440452, -0.23014464686803224, 0.49590654191174743, 0.509423166974608, 0.3943559570300882, 0.3943559570300882, -0.04885777788119135]], "inverted": true, "swapped": false, "error_lsq": 0.05522092426116196, "error_max": 0.3573347473214711, "target": "644.xyz", "model": "6.xyz", "model_rescale": 4.08911054899281, "target_rescale": 3.887081331337034},
{"mapping": [4, 6, 3, 13, 1, 7, 12, 5, 8, 10, 9, 11, 14], "R": [[0.48933382713678275, -0.4924867383311724, 0.7197285725796865], [-0.012506324686450188, 0.821237770630439, 0.5704490476219451], [-0.872006879251825, -0.288141174874176, 0.39570022223853135]], "T": [0.14824336594549092, -0.03055099813317204, -0.025856759926786287], "aligned_model": [[-0.5287718976697771, -0.11613804628272067, -0.2620858300249773, 0.6677491692094089, 0.7436361057374054, -0.09118749343477783, 0.3561820760831378, -0.38828264653626754, -0.07616004308927243, 0.08570828570384204, 0.46067423117204676, 0.6008745754448305, 0.25402432835580924], [-0.02853987911135246, -0.37604404072425573, -0.6489241602962589, 0.20909354302251854, -0.45569661431939157, 0.08587527885240166, 0.6334685042054358, 0.48327111938641815, -0.04076124508854712, 0.547814691485277, -0.45078971831570885, 0.2288423624850412, -0.0947656561279452], [0.1703466496625586, -0.27056064800960267, 0.24927233616526198, -0.4825609712288209, -0.07786396419804811, -0.7527726767570311, -0.18026372658139223, -0.19505457037785853, 0.6181058431455281, 0.39941655373553353, 0.5575330586515977, 0.24316207884015092, 0.0839231479625751]], "inverted": false, "swapped": false, "error_lsq": 0.04736962946199026, "error_max": 0.2608489411945034, "target": "644.xyz", "model": "7.xyz", "model_rescale": 3.964800864290218, "target_rescale": 3.887081331337034},
{"mapping": [12, 4, 11, 0, 3, 2, 1, 7, 9, 8, 10, 5, 13], "R": [[-0.8285246001655782, -0.4849032330362809, -0.28002828698442417], [0.5384430413357325, -0.827194385970142, -0.16071259769105378], [-0.15370776869630037, -0.28393362324748045, 0.9464436694447074]], "T": [0.16940553416327941, -0.04605548462914445, -0.0531525200001542], "aligned_model": [[-0.5617931299604383, -0.2538029205432544, -0.20774435104358457, 0.5927455912433774, 0.8492701073084772, -0.06678101802912281, 0.32285931118840394, -0.254576858473132, -0.1510737732202002, 0.07662275246820885, 0.45533971259649986, 0.7337612345320359, 0.1713961566014168], [0.005122249202340008, -0.4891867863386209, -0.7202818128322142, 0.0038542984661804613, -0.2738564948124182, 0.0692839434702428, 0.6518070251341544, 0.5187740624197452, -0.08537538428359952, 0.45950899620590524, -0.2796964848370962, 0.2466542830984768, -0.01376370943946359], [0.12961588654795186, -0.3990175924258256, 0.24736394700279735, -0.6288708384038162, -0.16202656485927014, -0.6610352855423793, -0.2824116462219639, -0.14292823206395683, 0.5547978774985093, 0.5185585018860712, 0.6808689658112481, 0.48988924479009927, 0.017878846990986304]], "inverted": false, "swapped": false, "error_lsq": 0.04257574678672847, "error_max": 0.27039868814364043, "target": "644.xyz", "model": "8.xyz", "model_rescale": 4.121658175737393, "target_rescale": 3.887081331337034},
{"mapping": [0, 1, 4, 8, 6, 2, 11, 3, 5, 10, 9, 7, 12], "R": [[0.6550902467461072, -0.44266988828687354, 0.6122908937933107], [0.35171589391517516, 0.8958978715357752, 0.27140916297191753], [-0.668694772362977, 0.037554943506207916, 0.7425879931918317]], "T": [0.17774523449560697, 0.0478308310321905, 0.034658048452304725], "aligned_model": [[-0.5884673737963251, -0.17296285842187453, -0.16278665174808515, 0.6835898513395409, 0.5777729721408849, -0.08694547191870428, 0.4011544269831182, -0.22531581574781412, -0.006444138696185986, -0.20870872244200273, 0.6188346341444524, 0.7422588714381713, 0.13424309139351226], [-0.10995230071642431, -0.4589222242956689, -0.7040052796119816, 0.12900520969382717, -0.4548604634803958, 0.06806123584068519, 0.6390935557556546, 0.6303893476467761, 0.05435163537342052, 0.604391852878636, -0.5190165223332986, 0.2342616216362312, -0.019953482933829113], [0.11740444023074723, -0.27378463697173516, 0.36162657125149084, -0.4831114770957043, -0.22507512545821803, -0.6071176222598711, -0.024745635088089656, -0.3129787677316344, 0.6243610755682711, 0.37725693742287536, 0.45574478124604684, 0.3536859850563522, -0.0005834151600790996]], "inverted": false, "swapped": false, "error_lsq": 0.05703905082824545, "error_max": 0.3601778968955583, "target": "644.xyz", "model": "9.xyz", "model_rescale": 3.833441315466971, "target_rescale": 3.887081331337034},
{"mapping": [11, 8, 9, 13, 2, 10, 1, 12, 7, 6, 3, 4, 14], "R": [[0.9077462889993629, 0.4194128385212172, -0.009462858524822149], [-0.24378978266132817, 0.5457290798021496, 0.8017146084039143], [0.3414135566696609, -0.7254465123921093, 0.5976321117378965]], "T": [0.14114597042005364, 0.11875613367923855, -0.016145763721637972], "aligned_model": [[-0.5288966504530637, -0.21411409116275812, 0.13833740551610965, 0.639794467301399, 0.6087844770860413, -0.32456379834541993, 0.37152489577976, -0.22396531877971163, -0.21570783536599245, 0.19217823715707352, 0.4562263721568486, 0.6502445721178681, 0.15638008166053297], [0.001706568595870886, -0.5099012087810678, -0.6773532735298763, -0.1306464650022447, -0.4245662530256026, 0.013272477186402357, 0.7921531000365364, 0.5968249096229408, -0.1853014258297122, 0.643304686701928, -0.36471961265646397, 0.30119651871585135, 0.03687416341906989], [0.0356168344632416, -0.3096412437407723, 0.1391347896295365, -0.5860883588516675, -0.06873156138787848, -0.6852808420198697, -0.21380964348908651, -0.05026393010478863, 0.45726562036549184, 0.412192993943834, 0.6329284946603653, 0.5698974938517782, 0.029462463690267462]], "inverted": true, "swapped": false, "error_lsq": 0.0459238922762516, "error_max": 0.2762116632311043, "target": "644.xyz", "model": "10.xyz", "model_rescale": 4.2482417240324, "target_rescale": 3.887081331337034},
{"mapping": [3, 5, 7, 0, 11, 9, 6, 8, 1, 10, 4, 12], "R": [[-0.905410428175377, 0.011384767537756718, 0.4243846646845191], [0.4175470567963196, 0.20453683388745597, 0.8853356080854458], [-0.07672295557400989, 0.9787926596840653, -0.18994345852537814]], "T": [0.11984403689803771, -0.028897377289464697, -0.08652075428973852], "aligned_model": [[-0.7693726031639209, -0.020880553523745377, 0.35818220977647974, 0.7857484100002302, -0.3642196193591535, 0.21610883460714658, -0.41655525834602614, 0.509640603627938, 0.17219574352487, -0.09293484554709694, -0.47925859120420233, -0.021888728029512444], [-0.24712276092011212, -0.5771517365211044, -0.11197222091911457, -0.3075504280580426, 0.572847295476803, 0.5855711624489375, 0.10246259890666559, 0.3220424454551591, -0.5146539232067352, 0.6426595734072857, 0.12349293492007399, 0.07550644906082318], [-0.01887985019574398, 0.14577882025924208, 0.5003147528046201, -0.22299207015025732, 0.0795399036167505, 0.39688989714689304, 0.5943570396390966, -0.32932054975479286, -0.4510000051216716, -0.5339226457142741, -0.5101206457851599, -0.08545235689034582]], "inverted": false, "swapped": true, "error_lsq": 0.04302875302150495, "error_max": 0.21803515993487158, "target": "644.xyz", "model": "11.xyz", "model_rescale": 3.6694154284099745, "target_rescale": 3.887081331337034},
{"mapping": [1, 4, 3, 6, 11, 0, 7, 12, 2, 10, 8, 9, 13], "R": [[-0.34368359524312087, 0.30317998943302543, -0.8887988975961623], [0.9385314302512802, 0.14339871518560865, -0.31399930400178194], [0.032254314304437426, -0.9420821102698573, -0.3338277350943796]], "T": [0.15656674593873598, 0.10983136954439565, -0.05891945568493973], "aligned_model": [[-0.61648796707786, 0.039989024974929704, -0.1407206083436502, 0.42447444429468345, 0.7530056583315149, -0.2611906339822387, 0.6187060632584721, -0.32415016189679896, -0.21650289895750519, 0.20009200018862688, 0.3503907318223429, 0.8101984750136001, 0.06841868704257058], [-0.22186245944207839, -0.5780079103957013, -0.6278737458238596, 0.05049059763493119, -0.3247916528281811, 0.0009580427697371413, 0.6911143004217494, 0.5851400872330278, 0.013282770090234472, 0.5396139072700552, -0.29049890855425653, 0.19150687532875543, 0.063772281749219], [0.03509707794974653, -0.3058312004373228, 0.2707171508177503, -0.5534484956861085, -0.0787209989207589, -0.6284484142674153, -0.08542839997599086, 0.010083281048605293, 0.468158319783491, 0.40682866274069246, 0.5532617121442716, 0.40018940002529513, -0.1297749842118039]], "inverted": true, "swapped": false, "error_lsq": 0.05116453451016145, "error_max": 0.29130075919677756, "target": "644.xyz", "model": "12.xyz", "model_rescale": 3.9764082729961374, "target_rescale": 3.887081331337034},
{"mapping": [10, 1, 2, 5, 0, 12, 6, 13, 8, 14, 7, 4, 15], "R": [[-0.35548407139773774, -0.6018358278460408, 0.7151396446173007], [-0.5858751611541119, -0.45267721390658083, -0.6721857150761384], [0.7282728681786327, -0.6579338692685207, -0.19168112359912137]], "T": [0.11304209641047962, 0.04365204050550617, 0.00919577247784337], "aligned_model": [[-0.6769287484400249, -0.2605687390947889, 0.06534294557427477, 0.7292843431972279, 0.6156734288698809, -0.23833137119439624, 0.44244167153456543, -0.16431908363774855, -0.3118812550016323, -0.010256678559090862, 0.5306198406539056, 0.8115341639939455, 0.17361229677256948], [-0.10308756901174018, -0.43412667637860836, -0.7138902734246881, 0.11744964207222061, -0.4785254910503536, 0.05655400430670035, 0.728784373216634, 0.5506610786876831, -0.23841979514080322, 0.732268048476966, -0.31744345031643406, 0.11422200178027195, 0.07839829223578385], [-0.014478057866481039, -0.1791258129727363, 0.2543772308324905, -0.554385023072306, -0.033234201250375, -0.5233300583901683, -0.06662251213155668, -0.19203334368265984, 0.49861222255729193, 0.39573612642749645, 0.5252118312818543, 0.1608283345081707, 0.09112637476943143]], "inverted": true, "swapped": false, "error_lsq": 0.0431192538531981, "error_max": 0.25275222456809576, "target": "644.xyz", "model": "13.xyz", "model_rescale": 4.170626492500431, "target_rescale": 3.887081331337034},
{"mapping": [8, 10, 7, 11, 9, 12, 6, 4, 0, 2, 1, 3, 13], "R": [[-0.867723089258352, -0.4152980916689224, 0.2731009619611285], [-0.4883914477947727, 0.6102846286322118, -0.6237198616175129], [0.09236034911621037, -0.6745962993608806, -0.7323860995402199]], "T": [0.11763959567231697, 0.06696074829054273, 0.04340171268406728], "aligned_model": [[-0.5720877108344008, 0.03126910150676954, -0.2396592416945943, 0.6325380019081634, 0.6357178686423178, -0.23681408193686843, 0.5161510317485198, -0.45181448025601323, -0.06121703617378785, 0.08285993457358357, 0.4448453658077569, 0.7526282579143129, 0.17180580346292829], [-0.17649884295990548, -0.3930745758596573, -0.6058781717330897, 0.05720306001985599, -0.534984258786007, 0.0589383474646213, 0.7487114743736629, 0.482893957592254, -0.0362540450904235, 0.5649522231164992, -0.41818204189791924, 0.24032070058368654, 0.10469635863005469], [-0.085283806672527, -0.2716156570694889, 0.32098977331797407, -0.4407925354297893, -0.11648434047852835, -0.5969141099382421, -0.24624263791112083, -0.03265584053460408, 0.6030582307376622, 0.4720356280604294, 0.541786430561305, 0.24885080660984443, -0.03404883024246253]], "inverted": false, "swapped": false, "error_lsq": 0.045005442434796025, "error_max": 0.2695631643073891, "target": "644.xyz", "model": "14.xyz", "model_rescale": 3.9786697098870705, "target_rescale": 3.887081331337034},
{"mapping": [4, 3, 10, 2, 11, 9, 5, 7, 8, 1, 6, 12], "R": [[-0.3764771567626981, -0.31943328468171617, 0.8696133204323201], [0.23570651324796357, 0.8747589176607028, 0.42336659715377156], [-0.8959393897180562, 0.3643613763978367, -0.254034244426045]], "T": [0.10158588966609634, -0.0769354924798943, 0.14996698731676938], "aligned_model": [[-0.04795908178618656, -0.6762670897268535, 0.5197542941391777, 0.5642165175777699, 0.014523134433621812, 0.2888873948056957, -0.40219268995427876, -0.03901388742796684, 0.6779897416186995, 0.03630748447789996, -0.511041594732739, 0.058150373342496946], [-0.2842696791056693, -0.14685415246673422, 0.02708781756023755, -0.594941196253426, 0.45283603257500205, 0.6877912758257535, -0.2551234336272109, 0.30786807312575326, -0.04130780711746261, -0.6711405184573657, 0.5373953087740673, -0.004667230608505782], [-0.5544707110631718, -0.3326922779684123, -0.5646982348416218, -0.08685731660980356, -0.4294746616077265, 0.12475842651196294, 0.44796958033714884, 0.6401101758444669, 0.12670476923174873, 0.26914905096069586, 0.02403268087172608, -0.004564987793183373]], "inverted": false, "swapped": true, "error_lsq": 0.04137483465010425, "error_max": 0.21408636743896606, "target": "644.xyz", "model": "15.xyz", "model_rescale": 3.769337070930944, "target_rescale": 3.887081331337034},
{"mapping": [4, 3, 10, 11, 2, 1, 8, 5, 9, 6, 12], "R": [[-0.9631201271401917, -0.24332113359472796, 0.11486708250686058], [0.09242132964320815, 0.10177330661286393, 0.9905051700461063], [-0.2527012436147531, 0.9645916338053431, -0.0755318573073418]], "T": [0.2199839970725162, -0.0005992587011386247, 0.06658556547153663], "aligned_model": [[-0.3045344799179532, -0.5324740008711437, -0.12728398936239355, -0.46602949136058364, 0.4961116129468508, 0.5059888411603553, 0.5000913261874094, 0.23958139160300895, 0.003199630660135233, -0.4451353582225572, 0.053110647868042316], [-0.019805455470100576, -0.5118072931951193, 0.5990984211762402, 0.38342452694888596, 0.16254687945278473, -0.4028944554699556, 0.48290067001887604, -0.5837027915384523, 0.5610497051286383, -0.12391913408251, 0.049173424656054524], [-0.4682930409715843, -0.05741907044944691, -0.3983872096896578, 0.14340771305198607, -0.5933990065535857, -0.29105259131581795, -0.08112891047506676, 0.2508559028071269, 0.574600659181093, 0.6242437664313744, 0.04078939520735579]], "inverted": false, "swapped": true, "error_lsq": 0.051305456190315034, "error_max": 0.25157979720614704, "target": "644.xyz", "model": "16.xyz", "model_rescale": 3.7852294659196426, "target_rescale": 3.887081331337034},
{"mapping": [9, 10, 10, 7, 5, 11, 2, 8, 0, 3, 4, 1, 12], "R": [[0.7322004956064242, 0.34884915291949953, -0.5849672663842439], [-0.562407250737642, 0.7941161740171114, -0.23038573411162538], [0.3841620993167265, 0.4976783807558583, 0.777647549200017]], "T": [0.1804308424850789, 0.07193574872252545, 0.028005912931550594], "aligned_model": [[-0.6634481571118178, -0.12568701606804367, -0.12568701606804367, 0.5978763849867191, 0.7131019368464643, -0.09696345019801073, 0.3965671278911292, -0.3529189659846105, -0.1729696313426693, 0.23970398793051825, 0.38398927790369597, 0.8013308327944314, 0.11132750308892506], [-0.11065474240138018, -0.6631868614426526, -0.6631868614426526, 0.03558694235352, -0.3100191235324721, 0.17635383734764737, 0.5839003635980211, 0.4388526994300182, 0.007189236255678105, 0.6571801989288539, -0.3717578135783527, 0.28841029835886867, 0.02417601157853593], [-0.014311129761830063, -0.09504562089849315, -0.09504562089849315, -0.5339949665139191, 0.07880937101164069, -0.6428751075094798, -0.22746298982674773, -0.04351921790601325, 0.608232721998854, 0.5632357690627763, 0.5413154406361081, 0.23264248258775383, -0.009298020971704263]], "inverted": true, "swapped": false, "error_lsq": 0.05055385445480613, "error_max": 0.34160436149379075, "target": "644.xyz", "model": "17.xyz", "model_rescale": 3.901054581598922, "target_rescale": 3.887081331337034},
{"mapping": [7, 6, 11, 4, 10, 1, 8, 0, 12, 2, 9, 5, 14], "R": [[0.7689459476121089, 0.10142209547960918, -0.6312176234861013], [0.6388359372632357, -0.16006334523857313, 0.7525080536260332], [-0.02471386072469306, -0.9818825204980294, -0.18787214010735614]], "T": [0.13961014541791641, 0.05736095374516459, 0.07628511127747128], "aligned_model": [[-0.4931039351589679, -0.1722260120980776, 0.011549135579189324, 0.5535391696096387, 0.7410696930396137, -0.1874521068642688, 0.5252841466212081, -0.4008664338985862, -0.31852700787432275, 0.20170447004536782, 0.4779715328254387, 0.6384419711593555, 0.128838191683099], [-0.1035013717486685, -0.47263044960654643, -0.7191426490694284, 0.0001086781832812661, -0.47841158362010405, 0.1919618305676407, 0.5179750094506614, 0.5706964269080582, -0.2571748742569037, 0.8167466330394811, -0.2611310501518876, 0.26551259663377347, 0.02183498912427452], [-0.039789124768726564, -0.35452002855849335, 0.20809376615915348, -0.5952496307757477, -0.07749378489734923, -0.5242133787510727, -0.20568742040292065, -0.0646981419920073, 0.5693902377500601, 0.39755724968956346, 0.5434724787218306, 0.3892160144907142, 0.11660487434544717]], "inverted": true, "swapped": false, "error_lsq": 0.0416463339713065, "error_max": 0.2513294424500542, "target": "644.xyz", "model": "18.xyz", "model_rescale": 3.9405287249114394, "target_rescale": 3.887081331337034},
{"mapping": [4, 0, 8, 2, 5, 1, 10, 12, 7, 13, 9, 11, 15], "R": [[-0.9472354319493403, -0.2771848513715006, 0.16097700031341633], [-0.2368351903757192, 0.26680558786750086, -0.9341969122633482], [0.2159956690756631, -0.923029434228853, -0.3183748333140046]], "T": [0.04114370078685961, 0.12316438327247294, -0.0016717802058366024], "aligned_model": [[-0.6381708710558003, -0.36346310134174153, 0.0831990534785537, 0.6965507781557573, 0.6818500808690006, -0.09727313323906947, 0.6423321295897146, -0.36457407900402894, -0.13303497532676725, 0.059766256716930824, 0.4214515932372195, 0.6428705358727302, 0.07471854671618838], [-0.08552053381702497, -0.3552076200159173, -0.6318248598338088, -0.045038011459341595, -0.4067002575540076, 0.058944937194528965, 0.542852466535216, 0.47847582996584415, -0.2544172211963539, 0.4797715131445043, -0.16458780394655692, 0.350923449282862, 0.12517229715368752], [0.17051226806127562, -0.2847403586405869, 0.020571098199125594, -0.5470842849710729, -0.0028716480032920863, -0.6437279045307425, -0.2851121139399847, -0.09803526509305091, 0.5664122538026833, 0.5673751429094988, 0.5996388156156283, 0.3227720911917177, -0.0230269835907473]], "inverted": true, "swapped": false, "error_lsq": 0.0427083463446067, "error_max": 0.283899556365138, "target": "644.xyz", "model": "19.xyz", "model_rescale": 4.410303926677745, "target_rescale": 3.887081331337034},
{"mapping": [12, 4, 11, 0, 3, 2, 1, 7, 9, 8, 10, 5, 13], "R": [[-0.8285246001655782, -0.4849032330362809, -0.28002828698442417], [0.5384430413357325, -0.827194385970142, -0.16071259769105378], [-0.15370776869630037, -0.28393362324748045, 0.9464436694447074]], "T": [0.16940553416327941, -0.04605548462914445, -0.0531525200001542], "aligned_model": [[-0.5617931299604383, -0.2538029205432544, -0.20774435104358457, 0.5927455912433774, 0.8492701073084772, -0.06678101802912281, 0.32285931118840394, -0.254576858473132, -0.1510737732202002, 0.07662275246820885, 0.45533971259649986, 0.7337612345320359, 0.1713961566014168], [0.005122249202340008, -0.4891867863386209, -0.7202818128322142, 0.0038542984661804613, -0.2738564948124182, 0.0692839434702428, 0.6518070251341544, 0.5187740624197452, -0.08537538428359952, 0.45950899620590524, -0.2796964848370962, 0.2466542830984768, -0.01376370943946359], [0.12961588654795186, -0.3990175924258256, 0.24736394700279735, -0.6288708384038162, -0.16202656485927014, -0.6610352855423793, -0.2824116462219639, -0.14292823206395683, 0.5547978774985093, 0.5185585018860712, 0.6808689658112481, 0.48988924479009927, 0.017878846990986304]], "inverted": false, "swapped": false, "error_lsq": 0.04257574678672847, "error_max": 0.27039868814364043, "target": "644.xyz", "model": "20.xyz", "model_rescale": 4.121658175737393, "target_rescale": 3.887081331337034},
{"mapping": [10, 9, 11, 5, 7, 8, 1, 6, 4, 2, 3, 3, 12], "R": [[-0.21933278317818355, 0.8319517951784696, -0.5096561004467955], [0.39326696254153587, -0.40267176898470697, -0.8265570413686413], [-0.892879737924804, -0.38172196290238414, -0.23886003567211628]], "T": [0.10575458270710539, 0.04771730226632126, -0.05057030487535188], "aligned_model": [[-0.6486123855794761, -0.26399772208192895, 0.012067487487043282, 0.6054973653470291, 0.5145429448170462, -0.019298461141364937, 0.4101225821944051, -0.3276795655911646, -0.050651408104101264, -0.00022533806745564378, 0.6334303462392288, 0.6334303462392288, 0.2075966229101979], [-0.03838072778773838, -0.48117342427747095, -0.7277557777638515, 0.06352060223931669, -0.49948172799925455, 0.1311297635373292, 0.6703889039721791, 0.4977310319001614, -0.029947515321255183, 0.5491025853442795, -0.03127391873716845, -0.03127391873716845, 0.020258309084273472], [0.1288472194803126, -0.37648548963945355, 0.35493337387334145, -0.5130753717622065, -0.03373712403899621, -0.7071578467884133, -0.005680848311440452, -0.23014464686803224, 0.49590654191174743, 0.509423166974608, 0.3943559570300882, 0.3943559570300882, -0.04885777788119135]], "inverted": true, "swapped": false, "error_lsq": 0.05522092426116196, "error_max": 0.3573347473214711, "target": "644.xyz", "model": "21.xyz", "model_rescale": 4.08911054899281, "target_rescale": 3.887081331337034},
{"mapping": [11, 15, 1, 3, 4, 14, 12, 9, 8, 10, 0, 7, 16], "R": [[-0.592110819726499, 0.6688712173863354, 0.44946198027745876], [-0.6355837940220876, -0.7305019535099464, 0.2498001935440413], [0.4954170141802777, -0.13776135332622755, 0.857661816563163]], "T": [0.11244244118924057, -0.007803385590807919, 0.07050894352128947], "aligned_model": [[-0.613752318887433, -0.31211256696667916, -0.11525390958332296, 0.6224064624276555, 0.6661426158042689, 0.10471287738861834, 0.39426159556508894, -0.23988965640163717, -0.2879948238373435, 0.08744990363892388, 0.6285272657933487, 0.6134638074065664, 0.15826156232063335], [-0.24066995951327944, -0.332244160856353, -0.7368892000264498, -0.050905250747903315, -0.3987157887725202, 0.18539893024107865, 0.6046000031919738, 0.5659438330196548, -0.20468644644317024, 0.7218325280724069, -0.3694712918727692, 0.366387722616724, -0.01773673345576084], [0.1361394200184137, -0.42547315926972074, 0.28634830114545773, -0.6311731422959291, -0.09349043311699065, -0.5414025737323994, -0.23033912389535774, -0.16235117265683247, 0.6012151477317803, 0.41422716499722223, 0.5209888848707835, 0.4092637119623803, 0.078730085251644]], "inverted": true, "swapped": false, "error_lsq": 0.03825388366940358, "error_max": 0.24007080856332375, "target": "644.xyz", "model": "22.xyz", "model_rescale": 4.204369325754507, "target_rescale": 3.887081331337034},
{"mapping": [4, 0, 8, 2, 5, 1, 10, 12, 7, 13, 9, 11, 15], "R": [[-0.9472354319493403, -0.2771848513715006, 0.16097700031341633], [-0.2368351903757192, 0.26680558786750086, -0.9341969122633482], [0.2159956690756631, -0.923029434228853, -0.3183748333140046]], "T": [0.04114370078685961, 0.12316438327247294, -0.0016717802058366024], "aligned_model": [[-0.6381708710558003, -0.36346310134174153, 0.0831990534785537, 0.6965507781557573, 0.6818500808690006, -0.09727313323906947, 0.6423321295897146, -0.36457407900402894, -0.13303497532676725, 0.059766256716930824, 0.4214515932372195, 0.6428705358727302, 0.07471854671618838], [-0.08552053381702497, -0.3552076200159173, -0.6318248598338088, -0.045038011459341595, -0.4067002575540076, 0.058944937194528965, 0.542852466535216, 0.47847582996584415, -0.2544172211963539, 0.4797715131445043, -0.16458780394655692, 0.350923449282862, 0.12517229715368752], [0.17051226806127562, -0.2847403586405869, 0.020571098199125594, -0.5470842849710729, -0.0028716480032920863, -0.6437279045307425, -0.2851121139399847, -0.09803526509305091, 0.5664122538026833, 0.5673751429094988, 0.5996388156156283, 0.3227720911917177, -0.0230269835907473]], "inverted": true, "swapped": false, "error_lsq": 0.0427083463446067, "error_max": 0.283899556365138, "target": "644.xyz", "model": "23.xyz", "model_rescale": 4.410303926677745, "target_rescale": 3.887081331337034},
{"mapping": [15, 6, 14, 0, 7, 5, 3, 4, 9, 10, 11, 1, 16], "R": [[-0.4092282629613898, -0.22169447842636214, 0.8850897056394156], [0.10781527233849109, 0.9514888030129883, 0.28817516338416144], [-0.9060397871198489, 0.21335560919782354, -0.36547405951673917]], "T": [0.11689725462413601, -0.062400589406321344, 0.012808734528639402], "aligned_model": [[-0.5764452820799915, -0.24804945266314637, -0.1557928879929502, 0.5754848479482254, 0.7249079908719693, -0.22790713846021865, 0.4846570423313549, -0.1345056768443224, -0.2557744646393274, 0.11359785330487096, 0.3426104981451416, 0.8772121686161369, 0.18622731613094495], [-0.22767292410200285, -0.6026133613392466, -0.6114158399621065, 0.13650938069415205, -0.3239928179187359, 0.046989788932814275, 0.7423550000351811, 0.5529439620843035, -0.04487638518474027, 0.3970066533268446, -0.2583047545761967, 0.2518429012243616, 0.03407258223900392], [0.048521099553564706, -0.3781927381546659, 0.2998145372422384, -0.5533344047303435, -0.04902448689459141, -0.501725724049679, -0.14958635296560305, -0.16616618547697995, 0.5160270525139834, 0.4740224003613633, 0.5708379240690112, 0.25675055080440107, -0.005260561262247672]], "inverted": true, "swapped": false, "error_lsq": 0.04253809487572936, "error_max": 0.20613065562779118, "target": "644.xyz", "model": "24.xyz", "model_rescale": 4.28219845311461, "target_rescale": 3.887081331337034},
{"mapping": [6, 2, 14, 7, 13, 0, 3, 1, 10, 5, 12, 9, 15], "R": [[-0.7831770515842666, 0.5161808429152123, -0.34668579907333347], [0.38169577346104655, 0.8392397485816189, 0.3872789445898582], [0.4908584749128289, 0.17097947773929473, -0.8542973579487705]], "T": [0.17649210308655108, 0.0236366924749004, 0.014367112465759464], "aligned_model": [[-0.699929640356291, -0.06944190765621983, -0.07660995582522698, 0.8597988939792324, 0.5449549576264934, -0.40217612953337756, 0.42328470125693674, -0.08994708285247974, -0.32321102208044894, 0.08376898924082726, 0.5868713916337265, 0.7407825914633793, 0.1280770277721361], [-0.1861780400154292, -0.5075817447576848, -0.6203776788037242, 0.08488900202654201, -0.4109585028722659, 0.04881054993786128, 0.6896534024125139, 0.5899628372720661, -0.14088523163989042, 0.6820225625590061, -0.4472750035995766, 0.28652336934576267, 0.024238663588451476], [0.006631441089472046, -0.34074337554052825, 0.33269000239962127, -0.35290116801155064, -0.15379530290236054, -0.5601444413717319, -0.29476150224341247, -0.12040030482045748, 0.6084497178429735, 0.5465429773323367, 0.455106167082885, 0.27769300129954827, -0.041684101146343536]], "inverted": true, "swapped": false, "error_lsq": 0.047248301416178445, "error_max": 0.2916322998832574, "target": "644.xyz", "model": "25.xyz", "model_rescale": 4.100010024507729, "target_rescale": 3.887081331337034},
{"mapping": [3, 5, 7, 0, 11, 9, 6, 8, 1, 10, 4, 12], "R": [[-0.905410428175377, 0.011384767537756718, 0.4243846646845191], [0.4175470567963196, 0.20453683388745597, 0.8853356080854458], [-0.07672295557400989, 0.9787926596840653, -0.18994345852537814]], "T": [0.11984403689803771, -0.028897377289464697, -0.08652075428973852], "aligned_model": [[-0.7693726031639209, -0.020880553523745377, 0.35818220977647974, 0.7857484100002302, -0.3642196193591535, 0.21610883460714658, -0.41655525834602614, 0.509640603627938, 0.17219574352487, -0.09293484554709694, -0.47925859120420233, -0.021888728029512444], [-0.24712276092011212, -0.5771517365211044, -0.11197222091911457, -0.3075504280580426, 0.572847295476803, 0.5855711624489375, 0.10246259890666559, 0.3220424454551591, -0.5146539232067352, 0.6426595734072857, 0.12349293492007399, 0.07550644906082318], [-0.01887985019574398, 0.14577882025924208, 0.5003147528046201, -0.22299207015025732, 0.0795399036167505, 0.39688989714689304, 0.5943570396390966, -0.32932054975479286, -0.4510000051216716, -0.5339226457142741, -0.5101206457851599, -0.08545235689034582]], "inverted": false, "swapped": true, "error_lsq": 0.04302875302150495, "error_max": 0.21803515993487158, "target": "644.xyz", "model": "26.xyz", "model_rescale": 3.6694154284099745, "target_rescale": 3.887081331337034},
{"mapping": [1, 7, 5, 9, 8, 3, 11, 6, 0, 2, 4, 10, 13], "R": [[0.19139655590060312, -0.5839280395189106, -0.7889204034964421], [-0.1700657468085836, 0.7718929029058264, -0.6125838621821957], [0.9666669541014765, 0.25141477901511344, 0.04843148501703819]], "T": [0.17206862928670597, 0.0007294910764848424, -0.0032564660261933387], "aligned_model": [[-0.6900323153355312, -0.025169421817979487, -0.21578673290850542, 0.5636095352989221, 0.6069022648630619, -0.1609832128828561, 0.570445590193655, -0.3881407501181918, -0.1365000097936444, 0.11418091668909, 0.5576261241050426, 0.7432733967976164, 0.16679742957800833], [-0.15570020836137055, -0.4120380341904995, -0.647766193110157, 0.08260976470094991, -0.4675405470046643, 0.08499943185056508, 0.758379353582987, 0.3931431737398869, -0.06821571763491123, 0.531403993627481, -0.16686537750609365, 0.11639517924189108, 0.044039366517566986], [0.10609783938048703, -0.4355163947725884, 0.2312644612465573, -0.5553931114145143, -0.0035270893389304247, -0.7345609633752365, -0.061890518483900765, -0.06128563705006381, 0.5772306538179802, 0.4176511619348016, 0.7029927451614177, 0.1458652361055435, 0.03375472779889862]], "inverted": true, "swapped": false, "error_lsq": 0.043860213704246385, "error_max": 0.23171989658590092, "target": "644.xyz", "model": "27.xyz", "model_rescale": 4.103607728864725, "target_rescale": 3.887081331337034},
{"mapping": [11, 6, 5, 3, 0, 10, 12, 13, 7, 4, 1, 2, 14], "R": [[0.18642881682576368, 0.11975910939040887, 0.9751420675855198], [-0.7888761625684113, 0.6098444363121831, 0.07592208921264892], [-0.5855926027438221, -0.7834203974987453, 0.20816768335797137]], "T": [0.023805577974454692, -0.016033383020207688, -0.09894626871941323], "aligned_model": [[-0.6574930067587158, -0.3932490246454742, 0.026637801217529657, 0.7052346731393215, 0.6398558105351646, -0.05142304284989582, 0.4069404284558017, -0.21424886170220958, -0.2487199035919352, 0.21717430099314539, 0.5208379904339883, 0.6090837218797079, 0.14559192756225955], [0.06182153542430296, -0.47882271915857444, -0.7064302584592819, 0.076431244168328, -0.35579671376300875, -0.053987673691047816, 0.7073063899300632, 0.571049735303104, -0.35635783553007944, 0.5646860128455593, -0.25591615377713384, 0.3583770951039256, -0.03951647294252497], [-0.056143423324917285, -0.21365787075692574, 0.1428895087770811, -0.40000362795264155, 0.022440431648049403, -0.6016145517195363, -0.35833184337541124, 0.037200816756946226, 0.47550161793719803, 0.5696214596058006, 0.6069403151830611, 0.1431012356464881, -0.0052609574147407245]], "inverted": true, "swapped": false, "error_lsq": 0.04635477352401132, "error_max": 0.27655113500856293, "target": "644.xyz", "model": "28.xyz", "model_rescale": 4.137296879288765, "target_rescale": 3.887081331337034},
