[{"mapping": [2, 3, 1, 5, 4, 11, 9, 12, 7, 10, 13, 14], "R": [[0.2871719406573732, 0.20403631219147006, -0.9358960731867524], [-0.33147171177724977, 0.9378529749694571, 0.10275359668838284], [0.8986983814331359, 0.2807151236542911, 0.33695732454009375]], "T": [0.12401016910648331, -0.09915441320570553, -0.06559742114774836], "aligned_model": [[-0.1946925414702691, 0.10652437571384077, 0.4179221443629454, -0.05668286143638791, -0.2627055828257773, -0.6100943106096561, 0.38419995150779096, -0.28035045652750423, 0.5618757244427938, 0.11460117338015983, -0.4353899975645953, 0.0924348434872082], [-0.32653672286801805, -0.7602377092564402, -0.4607176144276982, 0.6042004751351575, 0.32135425590525846, -0.43014818550525824, -0.10892058402039587, -0.5081569788458031, 0.3230895141580653, 0.3588438350984784, 0.08755159017273831, -0.04676683956902682], [-0.5555357161078089, -0.044294222682759954, -0.6320919247035954, -0.08408232541485662, -0.5740228189612492, -0.09027983231396686, 0.6347546906636484, 0.5316332830145827, 0.017749645623627602, 0.5617659105849154, 0.4317012688065437, -0.015346213155518318]], "inverted": false, "swapped": true, "error_lsq": 0.043263976479247755, "error_max": 0.2056898569635268, "target": "645.xyz", "model": "0.xyz", "model_rescale": 3.751011558992144, "target_rescale": 4.263799270036551},
{"mapping": [9, 12, 3, 13, 0, 1, 11, 6, 7, 10, 4, 2, 5, 8, 14], "R": [[0.511662897514118, 0.08571626448739386, -0.854899877944654], [-0.17200197413664714, 0.9850877587456197, -0.0041747410252908485], [0.8417935615105129, 0.14918052678503052, 0.518776223652923]], "T": [0.040938390439696715, 0.042408103612051606, 0.045709895123346674], "aligned_model": [[0.494559242846479, -0.2552057883796225, -0.5287141823769504, 0.0861637341674165, -0.6465455906371567, -0.3498316511248763, 0.18512370107327708, -0.10523655496508166, -0.5092219546430359, 0.7744550715678662, 0.40681803184359877, -0.13081194259569218, 0.46196003889331944, 0.23407975652862087, 0.045095929341357144], [-0.3309611268957288, -0.3333020032119306, -0.46639415902665105, -0.682472778478657, 0.05516400283913966, 0.5934933909640022, 0.12958525653812303, 0.6096655732698734, 0.21644196444898256, 0.3175354657736776, 0.6917604658447453, -0.4741317599644278, -0.32986509445989937, 0.1775753473252612, 0.01354915008790938], [-0.25264084026382494, -0.5227227262654632, 0.050410249353203325, 0.0435713524689654, 0.36619013054686594, 0.21685115290672302, -0.7342527508616251, -0.4239469942368077, -0.2809594082675359, -0.19659561704169162, 0.3103749052376056, 0.6681458311253851, 0.3181791310497103, 0.6660682440412531, -0.0006979502817146266]], "inverted": true, "swapped": false, "error_lsq": 0.04412228943352043, "error_max": 0.31806731969359703, "target": "645.xyz", "model": "1.xyz", "model_rescale": 3.9405287249114394, "target_rescale": 4.263799270036551},
{"mapping": [12, 13, 11, 7, 5, 3, 9, 10, 8, 1, 6, 0, 14], "R": [[-0.032220899789990154, 0.988701772239547, 0.14639200520213724], [0.6715620274423109, -0.08706283502652884, 0.7358155380628468], [0.7402474295222489, 0.12201995053073328, -0.6611693238181735]], "T": [-0.06693719568502171, -0.10072271505914435, -0.0767577536365841], "aligned_model": [[-0.3012146157373252, 0.22811214293693272, -0.43044181643984913, 0.3845715090216782, 0.5878155681731236, -0.6915594500732292, 0.1468337495941534, 0.5559044852890509, 0.017311400312688796, -0.5639630430939333, 0.019074006628379922, -0.4526668147094978, -0.0037938426182413526], [0.6943851540954966, 0.5551522777578461, 0.33154988794991613, -0.3532064627955557, -0.18403497709972808, 0.07703117407906693, 0.3471004060481806, 0.31823731520060117, -0.7802669892469757, -0.6375006065382705, -0.6568555399065565, -0.19783300640495258, -0.05492603956705142], [-0.056941217119590104, -0.35580532444754354, -0.651283882928395, 0.2539305572968438, -0.3801677850121471, 0.04989649134535995, 0.48185088989952063, 0.12318325801218274, -0.21621473807807873, -0.023250534845909443, 0.39766496394774903, 0.5805144785122643, -0.09025680699361274]], "inverted": false, "swapped": true, "error_lsq": 0.03690963169740679, "error_max": 0.20255758291953826, "target": "645.xyz", "model": "2.xyz", "model_rescale": 3.932901565614263, "target_rescale": 4.263799270036551},
{"mapping": [1, 8, 6, 2, 0, 9, 7, 3, 11, 12, 5, 4, 10, 14], "R": [[-0.45716399989637596, 0.8893032103446481, 0.011869173073525419], [-0.8085926267559855, -0.42115668781385046, 0.41085886660205195], [0.37037689068650353, 0.17823255701574225, 0.9116216948191987]], "T": [0.029201207660600612, -0.08526225669828007, 0.048481749406947244], "aligned_model": [[-0.22704727655583287, 0.3931291178681281, 0.20239208410791165, -0.13060118719694241, -0.43608696146562503, -0.08037765221899466, 0.4498668230929724, -0.6271826992213124, -0.3222125229152045, -0.48408451186967194, 0.7191150190180438, 0.5089825773078769, 0.3821535952974606, 0.0717635068038944], [0.1390652137726925, 0.15409386580624734, -0.4374173212047892, 0.5040688316429175, -0.5438199935362773, -0.7620325663723724, -0.4875945626762758, -0.0320053151256751, 0.4760475427978073, -0.1883982357166214, -0.004840475727156179, 0.5100167435575821, -0.5606714669757733, -0.10301562189181739], [-0.601165940164032, -0.49795362628733075, -0.574214237101792, -0.09457672904533454, -0.35581548838864296, 0.34557029325915634, -0.14679259054656943, -0.01566315306768873, 0.5073010872882402, 0.6914248792526163, 0.26120464890109685, 0.03043326122677706, 0.5513200628813256, 0.11282389484927549]], "inverted": false, "swapped": true, "error_lsq": 0.04394957924093113, "error_max": 0.38382217730368473, "target": "645.xyz", "model": "3.xyz", "model_rescale": 3.9243930471874484, "target_rescale": 4.263799270036551},
{"mapping": [0, 7, 1, 3, 2, 9, 12, 8, 4, 5, 11, 13, 14], "R": [[0.5970971005485683, 0.7736097866881282, 0.21213898853544594], [0.8009833423460855, -0.5606147952325654, -0.21008745000699713], [-0.04359745176712326, 0.29536240333985964, -0.9543900213710932]], "T": [-0.014049705002003927, -0.06538949199628519, -0.15562189190030612], "aligned_model": [[0.07272991445754837, -0.3720786059895489, 0.6136634704301235, 0.3338618242610394, 0.5568788065090666, -0.6206798780444608, -0.22932816200050515, 0.3085528680891041, 0.22507228429412157, -0.3615948295992429, 0.2841724806728819, -0.4538714742705012, -0.08017281249827427], [-0.6950952338799083, 0.10013239530589568, -0.1725333595169152, -0.6077751631516165, 0.0901879947490957, -0.49892175667773253, -0.5652357106844038, 0.37224584037847136, 0.6471628496042799, 0.5718537405924848, -0.09307966703663151, 0.0165410306144929, -0.037653406615925325], [-0.5870897483128275, -0.6261330215949439, -0.5196611497801027, -0.0054018696531247246, 0.05210375819243657, -0.20396224886794856, 0.46990514338518824, -0.5946314506923669, -0.014332000377806409, -0.12675650061552424, 0.5922900467922778, 0.472818929451785, -0.12207957255607893]], "inverted": true, "swapped": true, "error_lsq": 0.03883275740034357, "error_max": 0.20331681741220753, "target": "645.xyz", "model": "4.xyz", "model_rescale": 3.8936222436046832, "target_rescale": 4.263799270036551},
{"mapping": [11, 13, 4, 2, 5, 10, 9, 6, 1, 3, 8, 14], "R": [[-0.2043715286658892, -0.8254366829410406, -0.5262001147149815], [-0.5939033036977673, 0.5318642204693136, -0.6036549650598817], [0.7781459658236656, 0.1891420985393296, -0.5989274767720156]], "T": [-0.051662457629771945, -0.053768015309464456, 0.051099780378736394], "aligned_model": [[0.019873483445716884, -0.6368308515839876, -0.17272531651715312, 0.32706317837231086, -0.6235312912099261, -0.7742809844848029, -0.39028195667424653, 0.1692706107712288, 0.6370401389704433, 0.4338012981440609, 0.1678131502861172, -0.12966341730466482], [-0.6181910310117744, -0.5091331942482772, 0.3170705085572828, -0.07012431226986261, 0.311900287914094, -0.1370833006631361, -0.34079769217141576, 0.4916573614604797, 0.1979553140880762, -0.49397705341161535, 0.5856388028543138, -0.06599278598835792], [-0.5193252842365242, -0.1617714711478713, -0.6066962154635692, -0.44851309928838096, -0.2076520140552284, 0.32371067987706614, 0.6521305457680777, 0.49320643992883445, 0.03232961497790813, 0.14237764273240713, -0.12586314069285764, 0.045351020875656595]], "inverted": false, "swapped": true, "error_lsq": 0.04244049409894679, "error_max": 0.2137281162624501, "target": "645.xyz", "model": "5.xyz", "model_rescale": 3.6523030999806103, "target_rescale": 4.263799270036551},
{"mapping": [4, 8, 1, 2, 3, 5, 6, 13, 7, 9, 0, 12, 14], "R": [[0.03771592382544231, 0.843415210244377, -0.5359368360342728], [-0.27203359723128995, 0.5247290418872796, 0.8066332218409196], [0.9615483508734223, 0.11536990824513599, 0.24922791417518045]], "T": [0.09892882566643516, -0.07312118744640783, 0.006687922782176774], "aligned_model": [[0.10521994378939234, -0.19761709239828115, 0.2103336237205142, 0.5257026256720457, 0.5872254726188761, -0.2845488218304568, -0.44218348538606844, 0.3019794373456137, -0.5137599079399706, -0.13518429227345755, 0.027991085380908082, 0.617806813927772, 0.07811750203740703], [-0.5447979790417123, 0.027097988653333904, 0.47967977518410154, -0.06768944202201489, 0.3502002130141174, -0.6689268800711594, 0.39260304402297996, -0.6902678361379773, -0.05065924380981729, -3.0434492428246807e-05, 0.6521962846872432, -0.19891233589032065, -0.13966624993316282], [0.6086467459876742, 0.631462387881072, 0.47575965175478097, 0.4661966660233953, -0.13528418729531416, 0.16687603854520272, 0.18573252003640847, -0.4092377055516798, -0.026036518921152656, -0.6990995603302592, -0.23643125879920038, -0.6276758124112495, -0.03079922743788905]], "inverted": true, "swapped": true, "error_lsq": 0.04347280893645796, "error_max": 0.28138999830455835, "target": "645.xyz", "model": "6.xyz", "model_rescale": 4.08911054899281, "target_rescale": 4.263799270036551},
{"mapping": [5, 10, 8, 4, 9, 1, 12, 13, 11, 7, 2, 3, 6, 0, 14], "R": [[0.48173550574893065, 0.5146076556020812, -0.7093023779013798], [0.869071771726886, -0.384420769946373, 0.3113437444711702], [-0.11245069180895934, -0.7664200104574304, -0.6324201210288293]], "T": [0.008325543403158596, 0.003608189997807149, -0.042852325960012295], "aligned_model": [[0.44152948913493073, -0.31278848903034845, -0.4200057559308817, 0.19937590603783334, -0.6570486177552655, -0.2671020296064618, 0.037533405130182204, 0.12453860865604051, -0.456059746902165, 0.7533612119088859, 0.44081502065324485, -0.01592703137734465, 0.3516001720986535, 0.08438983112993419, -0.14152413260771854], [-0.43426408789456544, -0.3577819280336096, -0.5204244540084443, -0.6672698334327843, 0.022614832649206544, 0.5935234401010162, 0.15997464722113608, 0.64285818730255, 0.20364575095264542, 0.16627074215052134, 0.5825039520422057, -0.39253976899481063, -0.038461789365536854, 0.18261511624167523, 0.04437888812321377], [-0.49129790709455395, -0.5772284662072305, 0.041237265022547036, 0.058498186210755386, 0.3712409981900347, 0.29491343396407116, -0.7376172861299658, -0.38011852166014337, -0.3409501946414848, -0.17608787421512484, 0.3148795457627022, 0.6419323434567853, 0.317058235963104, 0.8773796706545531, 0.014135280234998458]], "inverted": false, "swapped": false, "error_lsq": 0.04507836580610505, "error_max": 0.39762215586332, "target": "645.xyz", "model": "7.xyz", "model_rescale": 3.964800864290218, "target_rescale": 4.263799270036551},
{"mapping": [5, 10, 7, 4, 6, 11, 8, 9, 12, 3, 2, 1, 0, 14], "R": [[-0.9357113110528525, -0.13066569972455314, 0.3276748651990955], [0.3242830534370169, 0.04705381222125554, 0.9447890981637183], [-0.1388698801803952, 0.9903092515325403, -0.001656112237423235]], "T": [0.01161196698675935, -0.04752556909607853, 0.06524193959514937], "aligned_model": [[-0.2669967893468123, 0.3859052404371188, 0.24573080656230006, -0.7043179995908423, 0.24591195346799533, -0.376040115347969, -0.36856126619084856, 0.7077206758741926, 0.31686651915565633, 0.16371714269401502, -0.5058188478619766, -0.1660409047893758, 0.5635495737838755, 0.019561900613544], [-0.20093762845230304, -0.4611663083454252, 0.22850319871459934, -0.04717625729204145, 0.6226746069142227, -0.594689363399137, 0.5025636606425491, -0.2801741252191724, -0.7218133013998126, -0.05217116322318592, 0.016304955791979762, 0.547281182430019, 0.35702338148177903, -0.10527437246286911], [-0.5878596320335384, -0.4753517700760378, -0.4307010012575967, -0.2036765604551122, -0.12890697533078369, 0.5117989137057322, -0.1377276372369829, -0.0747384026748106, 0.4389140427850723, 0.7091620724773132, 0.4138171556995027, 0.4559753598764197, 0.41442607385870867, 0.011683399387134662]], "inverted": true, "swapped": true, "error_lsq": 0.04060476637437773, "error_max": 0.2944035613154202, "target": "645.xyz", "model": "8.xyz", "model_rescale": 4.121658175737393, "target_rescale": 4.263799270036551},
{"mapping": [3, 0, 9, 12, 1, 2, 7, 5, 10, 8, 11, 13, 14], "R": [[-0.4470164666111171, -0.8469047798326774, -0.28797321485700045], [-0.25381571668584924, 0.4287828079779205, -0.8670195416170379], [0.85776095769262, -0.31447988406118094, -0.4066307194237856]], "T": [-0.0751396883865171, -0.08640290683156085, -0.003238196186813265], "aligned_model": [[-0.506690089639842, -0.2911285848946341, 0.4423122014717056, 0.07556529018585931, -0.7273666328850924, -0.5997113961128053, 0.28541308664642073, 0.38077513113956984, 0.696084152119046, -0.334148066294068, -0.3402068264677416, 0.399570434148494, -0.0037312029817142545], [0.1991280261148136, -0.33848762115430886, -0.017389438622690337, 0.6488861972331785, -0.4121139373325803, 0.07124951908637486, -0.5824736747055931, -0.22389283594774628, -0.009663656897303502, -0.6258022088381585, 0.6415892742336884, 0.5003907030202497, -0.061032906778214394], [-0.4155815495485225, -0.6960777362117669, -0.5378107959008667, -0.3555350470593385, -0.08411191080443359, 0.30218593743727296, -0.032876042968671894, 0.5453399282892186, -0.055779132687456455, 0.35771824188717577, 0.21776470532957098, 0.15618960627973633, 0.01964922991717028]], "inverted": true, "swapped": true, "error_lsq": 0.04062998900737994, "error_max": 0.24046312803109368, "target": "645.xyz", "model": "9.xyz", "model_rescale": 3.833441315466971, "target_rescale": 4.263799270036551},
{"mapping": [6, 1, 0, 12, 13, 2, 4, 4, 5, 7, 9, 10, 11, 8, 14], "R": [[0.3811698451923195, 0.8556838093274636, -0.350021095894097], [-0.7800364267040852, 0.500885155244871, 0.3750429765640786], [0.496238573803756, 0.13007413159488287, 0.8583868581001528]], "T": [0.06071099706018327, -0.03508110743905555, 0.018754094508515066], "aligned_model": [[0.27531318601793014, -0.3036840783868744, -0.5136300953301566, 0.25074224070870527, -0.6679775259559294, -0.25650912979113466, 0.09323398927779994, 0.09323398927779994, -0.49657815718752946, 0.6731369519800284, 0.24574524472301934, -0.06787774693095103, 0.5823961681022108, 0.1656538331759535, 0.08948897185864757], [-0.2366311350612128, -0.5142996919424764, -0.3913850168046753, -0.5973731124467055, 0.17446920645265407, 0.5933370585791728, 0.3185019499011271, 0.3185019499011271, 0.1957251351139218, 0.21028636669537804, 0.6348619567196716, -0.45940948493129097, -0.2606985866338179, 0.14812813166285815, 0.053628967848687294], [-0.5932533032449491, -0.409235052749095, 0.10243680160092408, -0.08486002061411613, 0.26530681460532807, 0.16405466115006273, -0.6952724152440438, -0.6952724152440438, -0.2871747835390731, 0.11172306330574377, 0.43690328380604154, 0.7109711894241635, 0.3959522074945455, 0.7690745182158915, 0.03662016054366879]], "inverted": false, "swapped": false, "error_lsq": 0.041846334681420086, "error_max": 0.4057848008925298, "target": "645.xyz", "model": "10.xyz", "model_rescale": 4.2482417240324, "target_rescale": 4.263799270036551},
{"mapping": [9, 13, 11, 4, 0, 1, 3, 8, 5, 6, 7, 14], "R": [[-0.9674673923904913, -0.14473125458759245, 0.207508333824559], [-0.13260336145880142, -0.4084304307743494, -0.903106268247157], [0.2154604214025619, -0.9012421689884361, 0.37595127296772046]], "T": [-0.02271962235122623, 0.0101473906474523, 0.013893449772963022], "aligned_model": [[-0.7436500730680992, -0.12144543519723208, 0.2979444175006246, 0.6851466141594895, -0.5167218127178125, 0.23123376786682673, -0.16821168241066947, 0.421069341638478, 0.22852390345885557, -0.17356172482014595, -0.22526591714801197, -0.03829579689929644], [-0.17419097389274335, -0.7429944975979514, -0.3649611433653729, -0.1777713135734159, 0.5801734447203724, 0.6838848461762324, 0.2715430986734092, 0.3906374479769531, -0.4144632794496207, 0.5767889290674953, 0.09985909135731161, -0.06237426004203011], [-0.05367750600625502, 0.14851950686251938, 0.6507165391141159, -0.20629953500159715, 0.15969011785230008, 0.15394250135989296, 0.6040587214028517, -0.36899709429009586, -0.5192877872410118, -0.4309914654758976, -0.5587231073617284, -0.013758601360737626]], "inverted": false, "swapped": true, "error_lsq": 0.048063658525900464, "error_max": 0.2275292792259861, "target": "645.xyz", "model": "11.xyz", "model_rescale": 3.6694154284099745, "target_rescale": 4.263799270036551},
{"mapping": [10, 13, 11, 4, 5, 9, 7, 0, 2, 1, 3, 8, 12, 14], "R": [[0.881846712684311, -0.44934330297914926, 0.14295793575616073], [0.4497498194475119, 0.7104268192233615, -0.5413121414074396], [0.1416738339807483, 0.5416496382311777, 0.8285796245197137]], "T": [0.06425897053754721, 0.021778529630215416, 0.0315084539924473], "aligned_model": [[-0.06360351978906177, -0.14503835065940168, -0.12909796920571204, 0.7322410088770012, 0.5741545589385252, -0.45022706804095297, 0.28770957436103184, -0.3693658891193952, 0.26424372259226353, 0.20813996833931192, -0.4125985323611448, 0.673028615732219, -0.6371708580168068, 0.06584958860793277], [-0.4465327862390641, 0.1628637049101112, 0.7580838579299715, 0.3437570433331372, -0.15401546774045516, -0.47184994136207387, -0.5500764298366966, -0.2698332815863495, 0.5819209274322309, 0.19782156602331946, 0.3315961412662767, -0.028522676274416247, 0.2746920944474241, 0.0010825358328383668], [-0.5749331092675662, -0.6974519494969738, -0.23220169604330787, -0.15558198376787818, -0.45511534458627007, -0.19192437754920694, 0.02768154022731202, 0.5946750079340467, 0.23040606200956398, 0.7288859185301974, 0.3697549218262782, 0.3709135287816444, -0.3311291786426487, -0.04488388030277596]], "inverted": true, "swapped": true, "error_lsq": 0.04388430643329167, "error_max": 0.32062183945782896, "target": "645.xyz", "model": "12.xyz", "model_rescale": 3.9764082729961374, "target_rescale": 4.263799270036551},
{"mapping": [0, 7, 3, 4, 11, 10, 2, 1, 8, 9, 12, 14, 6, 13, 15], "R": [[-0.8024541576041984, 0.19468062143028536, 0.5640627452538013], [0.06703453067735299, 0.9687091578699307, -0.2389747667763209], [-0.5929365030427826, -0.15395461376148442, -0.7903950153315422]], "T": [0.1308370112562561, 0.015086526262500078, 0.048049602183727204], "aligned_model": [[0.4514069923926268, -0.05500717536886224, -0.5857752038073004, 0.4057794357113669, -0.5516445338358819, -0.3016055518645384, -0.09978421736932466, 0.07050158273329636, -0.5144239853424684, 0.6105471318547737, 0.3670692969638698, -0.2548590265886157, 0.38325535233811003, 0.13891030063378648, 0.09831744308868196], [-0.18719017622717737, -0.4752083798784647, -0.4262148987398202, -0.6328298303894212, 0.1693537089644337, 0.6888605247809891, 0.1593741536643926, 0.5593902696061076, 0.16940700905654157, 0.23215218730364118, 0.5732822345168662, -0.31719834494528576, -0.41724098946735144, 0.17921239973379904, -0.08750617292483112], [-0.5711651879548731, -0.49610712361579923, 0.03526551730306627, -0.09504050857475291, 0.42350302898826064, 0.11994485571405591, -0.7017866755410037, -0.2735334342284607, -0.19582797265082716, -0.242225828243566, 0.24761260833474458, 0.6641935547891731, 0.6251429273292981, 0.6375223037084109, 0.05047664415332258]], "inverted": true, "swapped": false, "error_lsq": 0.045497693621325865, "error_max": 0.2530990870175995, "target": "645.xyz", "model": "13.xyz", "model_rescale": 4.170626492500431, "target_rescale": 4.263799270036551},
{"mapping": [3, 0, 12, 9, 11, 5, 10, 1, 2, 6, 8, 7, 4, 14], "R": [[-0.6729861163147152, -0.7382076662112224, -0.046250716693012395], [-0.48316902472838896, 0.3914131953145069, 0.7831624378612045], [-0.5600333747114132, 0.5494043611773283, -0.6200947243193394]], "T": [-0.01644193071571286, 0.05064666088034638, 0.04838093750208013], "aligned_model": [[0.28454125957703336, -0.06625319126774191, -0.19530324845816507, -0.6696521271487075, 0.38154944892661813, -0.28022246176661164, -0.7499276626865042, 0.535435506531774, 0.5926240082904722, -0.10797988348037442, 0.2876685502863209, -0.41718983391448167, 0.32126418511910715, -0.0733715279170961], [-0.3385471145538219, -0.7140264288772062, 0.08617527146629736, -0.20365935781251024, 0.43228778700424814, 0.6222868986686466, 0.29850334499401227, -0.367567909625138, 0.19444612029734049, -0.4186251956187272, 0.061708328436645386, -0.04451030798406589, 0.6431545876411927, 0.10444844388875212], [-0.3940306670894031, -0.006559384255447699, -0.7604586480170704, -0.21033139233486756, -0.5390102425837672, 0.4107992481672015, -0.014875839118595115, 0.29036458883021327, 0.007465625470975824, 0.6079908808178068, 0.6774444890405179, 0.5036931179269801, 0.39444731088318047, 0.036934013383141825]], "inverted": false, "swapped": true, "error_lsq": 0.04152623503809173, "error_max": 0.23194260157493007, "target": "645.xyz", "model": "14.xyz", "model_rescale": 3.9786697098870705, "target_rescale": 4.263799270036551},
{"mapping": [11, 4, 3, 12, 1, 0, 5, 7, 9, 13, 8, 14], "R": [[0.930012727376368, -0.36091468598048093, -0.06940400825298701], [-0.11902081897415791, -0.11709441952078081, -0.9859629514174519], [0.3477216869404187, 0.9252186154421573, -0.15185566196427175]], "T": [0.019556343797671735, 0.04779214597796079, -0.013267433920449337], "aligned_model": [[0.02875359204661562, -0.7168743792352239, 0.46246224273571446, 0.6072075756510179, -0.07091231710785455, 0.5676407648724608, -0.5001935958773391, -0.08413675900346246, 0.5911932237101744, 0.10655790702937398, -0.52121927660287, 0.012875618548729258], [-0.5185036313045149, -0.11877974513290156, 0.13610847619390415, -0.5135670238160148, 0.6314264051627898, 0.5850370134889056, -0.22047446492564565, 0.31457487597266665, -0.05615749397067826, -0.7027229843118289, 0.4899590941858209, -0.012226031318063935], [-0.586242118455512, -0.13490868513409976, -0.4968222850550287, -0.1776360454221273, -0.4482555867887465, -0.04785000959412891, 0.4175373798962429, 0.5299062286341654, 0.4565335147328629, 0.14246128019733217, -0.03267401299879502, 0.037916833861664515]], "inverted": false, "swapped": true, "error_lsq": 0.04939957100202321, "error_max": 0.34261649199999655, "target": "645.xyz", "model": "15.xyz", "model_rescale": 3.769337070930944, "target_rescale": 4.263799270036551},
{"mapping": [8, 5, 1, 2, 6, 7, 0, 10, 3, 11, 14], "R": [[-0.8400722050926226, -0.1919797999293941, 0.5073681569135853], [0.04942868534422421, 0.9043050639942569, 0.42401551422027534], [-0.5402180071933556, 0.3812821890062696, -0.7501922400629235]], "T": [-0.015053362292791231, -0.007092972114803579, 0.08758952195076848], "aligned_model": [[-0.26269163879446444, -0.2692018481852577, -0.10000965057784005, -0.5340579020156734, 0.3610104865015377, 0.305249347816082, 0.5785283577544447, 0.3090871063669748, 0.08485261594725843, -0.5354084382566918, -0.014732305865199342], [0.07495215454837173, -0.6503784555923651, 0.6175204874130729, 0.34492396261457936, 0.12228511713449838, -0.32669355435748343, 0.47467704089286666, -0.6865990306109709, 0.558684375072658, 0.14806393649502397, -0.08137153598490948], [-0.5606931156546755, -0.13442871106428295, -0.2874687075196453, 0.08192994992835373, -0.5317616324103572, -0.3274099407139443, 0.01154393677766942, 0.279005685576042, 0.4157746716363226, 0.6827637943203118, 0.11496167634798297]], "inverted": true, "swapped": true, "error_lsq": 0.04010515497620682, "error_max": 0.1942824780701331, "target": "645.xyz", "model": "16.xyz", "model_rescale": 3.7852294659196426, "target_rescale": 4.263799270036551},
{"mapping": [9, 13, 11, 12, 10, 5, 8, 4, 3, 0, 6, 2, 14], "R": [[-0.0657229475363581, 0.9740509632479315, 0.21657611863478876], [0.4322550108192488, -0.1678314796249436, 0.8859955982218835], [0.8993531563233568, 0.15184635472305247, -0.41000803012689474]], "T": [0.013280634274488508, 0.15221292052230423, 0.003151805489274812], "aligned_model": [[-0.17266996690219463, -0.32116408676583186, 0.32056221417778313, 0.22408415977085175, -0.6057612690720389, -0.659033739125596, -0.06021193110779687, -0.25211430685249203, 0.6397843965046494, 0.4487314170622332, -0.020915378541389383, 0.3645177492117503, -0.05204340814364527], [-0.10562609245481708, -0.5404366742189135, -0.4441154455625453, -0.6146459814021292, -0.1601752019807326, 0.17790577872908597, 0.7667193298497765, 0.27980549733658644, -0.01293742411981083, 0.4139569669156942, 0.8244757529961473, 0.18243314633214436, 0.10769597128238707], [-0.6730350021209583, 0.062117326537820414, 0.4492975174669638, -0.23129312713901276, -0.34704307950067403, 0.2770733677700434, 0.32766253373651544, 0.7089553605227717, -0.13104619423038208, -0.5731269506514666, -0.2945928460798256, 0.5218356132057479, -0.0010498223743689201]], "inverted": true, "swapped": true, "error_lsq": 0.04864771654491346, "error_max": 0.26551648423728247, "target": "645.xyz", "model": "17.xyz", "model_rescale": 3.901054581598922, "target_rescale": 4.263799270036551},
{"mapping": [9, 12, 3, 13, 0, 1, 11, 6, 7, 10, 4, 2, 5, 8, 14], "R": [[0.511662897514118, 0.08571626448739386, -0.854899877944654], [-0.17200197413664714, 0.9850877587456197, -0.0041747410252908485], [0.8417935615105129, 0.14918052678503052, 0.518776223652923]], "T": [0.040938390439696715, 0.042408103612051606, 0.045709895123346674], "aligned_model": [[0.494559242846479, -0.2552057883796225, -0.5287141823769504, 0.0861637341674165, -0.6465455906371567, -0.3498316511248763, 0.18512370107327708, -0.10523655496508166, -0.5092219546430359, 0.7744550715678662, 0.40681803184359877, -0.13081194259569218, 0.46196003889331944, 0.23407975652862087, 0.045095929341357144], [-0.3309611268957288, -0.3333020032119306, -0.46639415902665105, -0.682472778478657, 0.05516400283913966, 0.5934933909640022, 0.12958525653812303, 0.6096655732698734, 0.21644196444898256, 0.3175354657736776, 0.6917604658447453, -0.4741317599644278, -0.32986509445989937, 0.1775753473252612, 0.01354915008790938], [-0.25264084026382494, -0.5227227262654632, 0.050410249353203325, 0.0435713524689654, 0.36619013054686594, 0.21685115290672302, -0.7342527508616251, -0.4239469942368077, -0.2809594082675359, -0.19659561704169162, 0.3103749052376056, 0.6681458311253851, 0.3181791310497103, 0.6660682440412531, -0.0006979502817146266]], "inverted": true, "swapped": false, "error_lsq": 0.04412228943352043, "error_max": 0.31806731969359703, "target": "645.xyz", "model": "18.xyz", "model_rescale": 3.9405287249114394, "target_rescale": 4.263799270036551},
{"mapping": [10, 14, 13, 11, 4, 0, 3, 1, 12, 2, 6, 9, 5, 8, 15], "R": [[0.8417504172506779, -0.11674449695848485, -0.5270929305997377], [-0.4459231250710727, -0.7007022984435974, -0.5569280523395352], [-0.30431694265216, 0.7038373472513164, -0.641875523001985]], "T": [-0.12544096330395416, 0.0035999491252894037, 0.03339961441963771], "aligned_model": [[0.4051880473455417, -0.22559999275730552, -0.463286200253789, 0.17787481820603784, -0.726839157401983, -0.21452690478481556, -0.01708430693217422, 0.0674157822566383, -0.5192127212390789, 0.7250579993632064, 0.3870493264130179, -0.001913078654385475, 0.5583705577909606, 0.0978601700591275, -0.08766649787147887], [-0.29114589808156277, -0.4794807305376604, -0.5768738840865892, -0.6495801889882129, 0.32786620886859635, 0.6327970940251499, 0.21645489227815656, 0.5719941709037814, 0.13156886519099484, 0.12898479057980589, 0.4865395719586544, -0.5081152093785538, -0.10057857557345548, 0.2966452491690864, 0.0005673387262283003], [-0.46606187114053865, -0.5635427511664636, 0.017889288872282166, 0.00955751382374126, 0.29385428138453196, 0.29579036470684494, -0.7841456155641735, -0.24092447916318618, -0.3253577149592096, -0.09409720533895974, 0.28321250286937516, 0.5918781773277627, 0.49471434577808837, 0.6941062145811322, 0.021101657499820625]], "inverted": false, "swapped": false, "error_lsq": 0.03431384531418854, "error_max": 0.20247597162355893, "target": "645.xyz", "model": "19.xyz", "model_rescale": 4.410303926677745, "target_rescale": 4.263799270036551},
{"mapping": [5, 10, 7, 4, 6, 11, 8, 9, 12, 3, 2, 1, 0, 14], "R": [[-0.9357113110528525, -0.13066569972455314, 0.3276748651990955], [0.3242830534370169, 0.04705381222125554, 0.9447890981637183], [-0.1388698801803952, 0.9903092515325403, -0.001656112237423235]], "T": [0.01161196698675935, -0.04752556909607853, 0.06524193959514937], "aligned_model": [[-0.2669967893468123, 0.3859052404371188, 0.24573080656230006, -0.7043179995908423, 0.24591195346799533, -0.376040115347969, -0.36856126619084856, 0.7077206758741926, 0.31686651915565633, 0.16371714269401502, -0.5058188478619766, -0.1660409047893758, 0.5635495737838755, 0.019561900613544], [-0.20093762845230304, -0.4611663083454252, 0.22850319871459934, -0.04717625729204145, 0.6226746069142227, -0.594689363399137, 0.5025636606425491, -0.2801741252191724, -0.7218133013998126, -0.05217116322318592, 0.016304955791979762, 0.547281182430019, 0.35702338148177903, -0.10527437246286911], [-0.5878596320335384, -0.4753517700760378, -0.4307010012575967, -0.2036765604551122, -0.12890697533078369, 0.5117989137057322, -0.1377276372369829, -0.0747384026748106, 0.4389140427850723, 0.7091620724773132, 0.4138171556995027, 0.4559753598764197, 0.41442607385870867, 0.011683399387134662]], "inverted": true, "swapped": true, "error_lsq": 0.04060476637437773, "error_max": 0.2944035613154202, "target": "645.xyz", "model": "20.xyz", "model_rescale": 4.121658175737393, "target_rescale": 4.263799270036551},
{"mapping": [4, 8, 1, 2, 3, 5, 6, 13, 7, 9, 0, 12, 14], "R": [[0.03771592382544231, 0.843415210244377, -0.5359368360342728], [-0.27203359723128995, 0.5247290418872796, 0.8066332218409196], [0.9615483508734223, 0.11536990824513599, 0.24922791417518045]], "T": [0.09892882566643516, -0.07312118744640783, 0.006687922782176774], "aligned_model": [[0.10521994378939234, -0.19761709239828115, 0.2103336237205142, 0.5257026256720457, 0.5872254726188761, -0.2845488218304568, -0.44218348538606844, 0.3019794373456137, -0.5137599079399706, -0.13518429227345755, 0.027991085380908082, 0.617806813927772, 0.07811750203740703], [-0.5447979790417123, 0.027097988653333904, 0.47967977518410154, -0.06768944202201489, 0.3502002130141174, -0.6689268800711594, 0.39260304402297996, -0.6902678361379773, -0.05065924380981729, -3.0434492428246807e-05, 0.6521962846872432, -0.19891233589032065, -0.13966624993316282], [0.6086467459876742, 0.631462387881072, 0.47575965175478097, 0.4661966660233953, -0.13528418729531416, 0.16687603854520272, 0.18573252003640847, -0.4092377055516798, -0.026036518921152656, -0.6990995603302592, -0.23643125879920038, -0.6276758124112495, -0.03079922743788905]], "inverted": true, "swapped": true, "error_lsq": 0.04347280893645796, "error_max": 0.28138999830455835, "target": "645.xyz", "model": "21.xyz", "model_rescale": 4.08911054899281, "target_rescale": 4.263799270036551},
{"mapping": [7, 12, 14, 13, 15, 11, 10, 5, 9, 6, 8, 2, 0, 1, 16], "R": [[0.22746021103067415, 0.30874167405179553, 0.9235477416471638], [0.7601226053016649, -0.6490967774647735, 0.02978251826585676], [0.6086669674849219, 0.6952351776115342, -0.382325215626916]], "T": [-0.010060166645784479, -0.04220106228981888, 0.062212140318595795], "aligned_model": [[0.47382675723112555, -0.21761171156221423, -0.5683757120707091, 0.11308181384556446, -0.5992177388389924, -0.2746113488109693, 0.17242600704527242, -0.10074398042804791, -0.4623854684444584, 0.6694055498985896, 0.2800022926389113, -0.19072302120120146, 0.6800779064729083, 0.16681272408536182, 0.020723771678379216], [-0.3125720162996266, -0.43643145157521807, -0.3365424161214281, -0.6636017679554519, 0.08421979803729801, 0.6228207233341252, 0.1474097749036881, 0.5323418315194574, 0.14929845884325665, 0.21780298834632558, 0.5676833428656912, -0.30036938504681787, -0.26965734878428455, 0.2632878524140856, -0.07804668942668112], [-0.3833764368893503, -0.5264085035606102, -0.053846056757302495, -0.12600895750829438, 0.4725999314329635, 0.3336006568755636, -0.7005997211815461, -0.33704462297957843, -0.45380856306554174, -0.09992472237772781, 0.21926881837431272, 0.711799609010826, 0.3306380629591631, 0.7731206328712436, 0.0679645823069272]], "inverted": true, "swapped": false, "error_lsq": 0.04401106915544642, "error_max": 0.27667636702446036, "target": "645.xyz", "model": "22.xyz", "model_rescale": 4.204369325754507, "target_rescale": 4.263799270036551},
{"mapping": [10, 14, 13, 11, 4, 0, 3, 1, 12, 2, 6, 9, 5, 8, 15], "R": [[0.8417504172506779, -0.11674449695848485, -0.5270929305997377], [-0.4459231250710727, -0.7007022984435974, -0.5569280523395352], [-0.30431694265216, 0.7038373472513164, -0.641875523001985]], "T": [-0.12544096330395416, 0.0035999491252894037, 0.03339961441963771], "aligned_model": [[0.4051880473455417, -0.22559999275730552, -0.463286200253789, 0.17787481820603784, -0.726839157401983, -0.21452690478481556, -0.01708430693217422, 0.0674157822566383, -0.5192127212390789, 0.7250579993632064, 0.3870493264130179, -0.001913078654385475, 0.5583705577909606, 0.0978601700591275, -0.08766649787147887], [-0.29114589808156277, -0.4794807305376604, -0.5768738840865892, -0.6495801889882129, 0.32786620886859635, 0.6327970940251499, 0.21645489227815656, 0.5719941709037814, 0.13156886519099484, 0.12898479057980589, 0.4865395719586544, -0.5081152093785538, -0.10057857557345548, 0.2966452491690864, 0.0005673387262283003], [-0.46606187114053865, -0.5635427511664636, 0.017889288872282166, 0.00955751382374126, 0.29385428138453196, 0.29579036470684494, -0.7841456155641735, -0.24092447916318618, -0.3253577149592096, -0.09409720533895974, 0.28321250286937516, 0.5918781773277627, 0.49471434577808837, 0.6941062145811322, 0.021101657499820625]], "inverted": false, "swapped": false, "error_lsq": 0.03431384531418854, "error_max": 0.20247597162355893, "target": "645.xyz", "model": "23.xyz", "model_rescale": 4.410303926677745, "target_rescale": 4.263799270036551},
{"mapping": [14, 13, 7, 11, 0, 2, 6, 5, 12, 8, 4, 1, 10, 3, 16], "R": [[0.32903514068493767, -0.5674786884318911, 0.7547872643136372], [-0.8838117528314458, -0.46656920205386565, 0.03449587296803569], [0.3325848188830197, -0.6784402095029747, -0.6550619973545322]], "T": [0.10869925513902697, -0.0737990362360882, -0.07278118932103446], "aligned_model": [[0.33039518417801667, -0.2910113612874585, -0.4101525928339514, 0.2915468090172941, -0.5300238699802636, -0.2161112049830089, -0.07751047677100391, 0.009762529180750226, -0.5799849309846893, 0.8162204388139115, 0.3266120076002306, -0.13278064294355035, 0.5632734714226739, -0.01566889643413409, 0.07812137754470255], [-0.4268617899273191, -0.3578502096280477, -0.4710355963687615, -0.6736300867267377, 0.19403764428564102, 0.6531281806314339, 0.0904107722394676, 0.5093179223060295, 0.22956280656903044, 0.30269753799961613, 0.49974482692679756, -0.4523065390098448, -0.14660644494228678, 0.2816926379611574, -0.04465796726175618], [-0.6060237204624844, -0.5765003351153423, 0.049393979315167244, 0.01376919784609991, 0.22835348668144106, 0.3732781537611723, -0.791292959789837, -0.2867628949530339, -0.35537899344678264, 0.10989549636852823, 0.23938197688235607, 0.6584881719517731, 0.38748537409978556, 0.7441699824663471, 0.039717793905857876]], "inverted": false, "swapped": false, "error_lsq": 0.03841946285340872, "error_max": 0.25565132392071976, "target": "645.xyz", "model": "24.xyz", "model_rescale": 4.28219845311461, "target_rescale": 4.263799270036551},
{"mapping": [0, 2, 13, 4, 12, 11, 6, 10, 14, 1, 5, 7, 3, 9, 15], "R": [[0.45443252734711037, 0.5282524033293254, 0.7172450602588416], [0.7560621575251683, 0.19702951659033907, -0.6241389136647104], [-0.4710213286543458, 0.8259108716859034, -0.309855030592898]], "T": [0.010103091103646922, 0.0066601289102135326, 0.04750127602618934], "aligned_model": [[0.3966592381538113, -0.2771760082773592, -0.45061496227443165, 0.32348104029834246, -0.679293342158901, -0.24285713062610437, 0.11559924319734259, -0.14907052723687053, -0.5772974770466452, 0.6454865838213976, 0.47053060027040217, -0.051938300924376735, 0.6165276962773466, -0.020838078616535815, 0.043489266682101874], [-0.3683110165006696, -0.3717764062475333, -0.3442857795752196, -0.6537248169602226, 0.2076741543775753, 0.4741014616723494, 0.19505735473749553, 0.665940998275035, 0.237935602424823, 0.07345275307061291, 0.6709816138841179, -0.5120996661532321, -0.20959250731841983, 0.1548105059682629, -0.032520556600555285], [-0.5652997988119575, -0.4454860790901023, 0.1797597409569918, 0.029210369762698307, 0.3096955162438344, 0.16576706946024874, -0.8274696847233827, -0.3644663359796946, -0.37866401207449096, 0.006222208858546935, 0.31576263052717835, 0.6242032323703497, 0.4782324455785135, 0.7062635955867226, -0.005756189154407038]], "inverted": true, "swapped": false, "error_lsq": 0.03844439663748879, "error_max": 0.26342505375361036, "target": "645.xyz", "model": "25.xyz", "model_rescale": 4.100010024507729, "target_rescale": 4.263799270036551},
{"mapping": [9, 13, 11, 4, 0, 1, 3, 8, 5, 6, 7, 14], "R": [[-0.9674673923904913, -0.14473125458759245, 0.207508333824559], [-0.13260336145880142, -0.4084304307743494, -0.903106268247157], [0.2154604214025619, -0.9012421689884361, 0.37595127296772046]], "T": [-0.02271962235122623, 0.0101473906474523, 0.013893449772963022], "aligned_model": [[-0.7436500730680992, -0.12144543519723208, 0.2979444175006246, 0.6851466141594895, -0.5167218127178125, 0.23123376786682673, -0.16821168241066947, 0.421069341638478, 0.22852390345885557, -0.17356172482014595, -0.22526591714801197, -0.03829579689929644], [-0.17419097389274335, -0.7429944975979514, -0.3649611433653729, -0.1777713135734159, 0.5801734447203724, 0.6838848461762324, 0.2715430986734092, 0.3906374479769531, -0.4144632794496207, 0.5767889290674953, 0.09985909135731161, -0.06237426004203011], [-0.05367750600625502, 0.14851950686251938, 0.6507165391141159, -0.20629953500159715, 0.15969011785230008, 0.15394250135989296, 0.6040587214028517, -0.36899709429009586, -0.5192877872410118, -0.4309914654758976, -0.5587231073617284, -0.013758601360737626]], "inverted": false, "swapped": true, "error_lsq": 0.048063658525900464, "error_max": 0.2275292792259861, "target": "645.xyz", "model": "26.xyz", "model_rescale": 3.6694154284099745, "target_rescale": 4.263799270036551},
