[{"mapping": [7, 6, 10, 9, 8, 3, 1, 5, 2, 0, 11], "R": [[-0.93300303392265, 0.34208704804422696, -0.11172193272369141], [0.32472952924038023, 0.666499649478441, -0.6710655333754195], [-0.15510019835722766, -0.6623855892193776, -0.7329319611424014]], "T": [0.00987936213190014, 0.21157194924654388, 0.07534313279162855], "aligned_model": [[0.012615476802082033, -0.5179424908978846, 0.5446570824263576, -0.0475791880278437, -0.5068375588866383, 0.3613515158209046, -0.4136637149164968, 0.39207517916431994, -0.45512590398974023, 0.18618579084268522, 0.0351475071031039], [-0.7327175568488654, -0.1794913277678052, -0.09597255115961334, 0.19908967947179235, 0.5270426667850607, 0.6490574908167048, -0.15080581950727617, -0.35956036123577806, 0.5361723296915517, 0.24041905120977347, 0.19140137350124548], [0.005249251313914877, -0.23064394584072043, -0.2095963627358514, -0.5295528354399143, -0.1159298151128382, -0.323538103775349, 0.5125778227652552, 0.5405533797724472, 0.647317731074211, 0.6676903974135504, 0.13688112603092545]], "inverted": false, "swapped": false, "error_lsq": 0.04715515950456821, "error_max": 0.2271550326266788, "target": "646.xyz", "model": "0.xyz", "model_rescale": 3.751011558992144, "target_rescale": 3.694798235012569},
{"mapping": [11, 10, 13, 5, 8, 2, 6, 7, 1, 0, 14], "R": [[-0.20275168387887252, -0.8810998568698355, 0.42726431738238746], [0.7230243793241758, 0.1595600623812898, 0.6721430899710042], [-0.6603995015043336, 0.44520066118193796, 0.6047056058083085]], "T": [-0.04407597723302287, 0.055032169398744134, 0.06425153130425117], "aligned_model": [[-0.13261286137012016, -0.6536992903502841, 0.5366512084839394, 0.015539888079321523, -0.3120112214447951, 0.430608471549691, -0.40027529072659634, 0.13649382006088195, -0.30514425008057416, 0.29384548726323856, -0.01851226602385257], [-0.7351364278741528, -0.31454105817449474, 0.022540368973468575, 0.23077515716016328, 0.6308538801443319, 0.683024477216652, -0.36081984972434794, -0.15517338127980101, 0.31411863259569467, 0.5011534529888466, 0.007839722930429803], [0.13152557501913875, -0.3409999877476748, -0.3707225104211831, -0.5321094314115946, -0.12825383091476722, -0.1888066386754937, 0.5779780076786886, 0.666651065306737, 0.6562001024963169, 0.5763935064050104, 0.05315278773045341]], "inverted": true, "swapped": false, "error_lsq": 0.04558456602535523, "error_max": 0.23641725820164325, "target": "646.xyz", "model": "1.xyz", "model_rescale": 3.9405287249114394, "target_rescale": 3.694798235012569},
{"mapping": [9, 11, 4, 3, 6, 7, 5, 2, 0, 1, 12], "R": [[-0.6251548617673937, 0.17854457221007958, 0.7598047344830847], [-0.5788499241670919, -0.7590723926237541, -0.2978957335179566], [0.5235591314267598, -0.6260438790458455, 0.5778883087663982]], "T": [0.00672670167695491, 0.03842613163429483, 0.02143016472762843], "aligned_model": [[-0.19480542553131486, -0.6732745751588105, 0.6926617417393046, 0.11859687133753608, -0.35193201975601507, 0.23343593797748044, -0.4149568704095371, 0.12036353071630054, -0.43689080197245755, 0.44317381914599085, 0.05451148735237235], [-0.7220048031184718, -0.14736857249965984, 0.03821940590370991, 0.14717182800647063, 0.436074298505045, 0.7136107060495128, -0.30694580321731624, -0.21077987252942093, 0.42632368611997956, 0.4485603553950634, 0.0017737463418778243], [-0.1560823764180684, -0.08197622025264065, -0.12413356688827015, -0.5285326678615698, -0.07128202602322659, -0.3273370438856739, 0.5020313216404888, 0.6452511856112209, 0.6178100654249672, 0.5396291270108304, 0.08563084710757353]], "inverted": true, "swapped": false, "error_lsq": 0.05249123345252771, "error_max": 0.2387098516349042, "target": "646.xyz", "model": "2.xyz", "model_rescale": 3.932901565614263, "target_rescale": 3.694798235012569},
{"mapping": [4, 0, 6, 1, 3, 10, 7, 5, 8, 9, 13], "R": [[0.5923106143180592, -0.6995062083533696, 0.3998239620648767], [0.508389133427765, 0.7094541472083347, 0.48807304988235223], [-0.6250668965628638, -0.08582469041008654, 0.7758385768555746]], "T": [-0.07352117369439934, 0.1721974141289166, 0.060646968349684235], "aligned_model": [[-0.0923132847412392, -0.49821968704297936, 0.5223772910842945, -0.10641219576302938, -0.5577649547811027, 0.46074562833285826, -0.3315683952049404, 0.4098448386462029, -0.4092040017419284, 0.15294409733679393, 0.04045435931591934], [-0.7000953939713186, -0.19093909658674418, -0.08425999272175905, 0.2600757644553942, 0.3288473950299815, 0.5630415009409078, -0.19162780581502142, -0.21231569666882516, 0.6235637661215119, 0.25713946921924585, 0.17120506495341753], [0.016166432867463373, -0.30910075170788115, -0.15342516628623998, -0.6741755933094769, 0.01997483976304648, -0.21311446859295807, 0.6181282578568544, 0.4284874927529306, 0.5322105173807967, 0.7543985576686889, 0.08145852707240665]], "inverted": false, "swapped": false, "error_lsq": 0.05567082240590142, "error_max": 0.2784081362019379, "target": "646.xyz", "model": "3.xyz", "model_rescale": 3.9243930471874484, "target_rescale": 3.694798235012569},
{"mapping": [8, 9, 7, 1, 5, 0, 10, 4, 6, 3, 12], "R": [[-0.7888891888687964, 0.11223731052642794, 0.6041991673378295], [0.33464206789306117, 0.9030830432659163, 0.26917597099634855], [-0.5154304357352097, 0.41454047219947704, -0.7499917751725325]], "T": [-0.12443031899245549, 0.007309580586892392, 0.14079469643443432], "aligned_model": [[-0.08048006556346891, -0.5656845438555477, 0.5322861325258056, 0.0276664379932072, -0.32250068331399473, 0.31160814925828806, -0.31915197940593065, 0.3763345769013281, -0.44123960776660676, 0.19687058749152492, -0.1248253088237548], [-0.6148728001950658, -0.3369618416587626, -0.2274994667559101, 0.19650504262411939, 0.6935973461804948, 0.7040626791366662, -0.3450492827584111, -0.23859938557266047, 0.5199385981901952, 0.3584309296576446, 0.11508315610847995], [0.05539077858373223, -0.28869254277332157, -0.25481492491394164, -0.5309433132400586, -0.11099953175389449, -0.07767252588375759, 0.7196335564868132, 0.3436014242392691, 0.538739264928841, 0.616644353452259, 0.09012210633969027]], "inverted": true, "swapped": false, "error_lsq": 0.04465473450262282, "error_max": 0.21070345242647773, "target": "646.xyz", "model": "4.xyz", "model_rescale": 3.8936222436046832, "target_rescale": 3.694798235012569},
{"mapping": [8, 9, 7, 6, 1, 5, 3, 10, 2, 4, 11], "R": [[0.2369219415868066, -0.8127370897579713, -0.5322841501740224], [0.9715016277650272, 0.1941034190478254, 0.13604576422603748], [-0.007251265037224952, -0.5493471449326808, 0.8355627645543284]], "T": [-0.09253744150425547, -0.010286054516770435, 0.1076042576557794], "aligned_model": [[-0.08053575645810952, -0.5214344071980628, 0.4914754777481014, 0.05757749214516278, -0.5126371999669757, 0.31179730506148917, -0.4411151071053269, 0.2756006966508803, -0.27805995408534606, 0.31990356318805374, -0.03168841453901659], [-0.7471678067130983, -0.22828247070641933, -0.1625154168730688, 0.1954128147994691, 0.6510708515503448, 0.6223922529883903, -0.3209349642536189, -0.19282490234308752, 0.31466217400203833, 0.5460916345528923, 0.14673080795294818], [0.05541164163640064, -0.2804175190119382, -0.1279857649915943, -0.6472216229055369, -0.0633694330043492, -0.1980138520479543, 0.4426757399466536, 0.5878347020832182, 0.7534746092219504, 0.4961411074663872, 0.08247903707239386]], "inverted": true, "swapped": false, "error_lsq": 0.043876157343404894, "error_max": 0.22549074388953047, "target": "646.xyz", "model": "5.xyz", "model_rescale": 3.6523030999806103, "target_rescale": 3.694798235012569},
{"mapping": [2, 3, 10, 11, 7, 9, 1, 6, 5, 8, 12], "R": [[-0.4235099881216161, 0.7173874811368867, -0.5531676887430265], [-0.3009148917856529, -0.6873663704672045, -0.6610428886633384], [-0.8544527592926701, -0.11350187072826173, 0.5069790996464525]], "T": [-0.04015693671475654, 0.05361530468433778, 0.1263921060943544], "aligned_model": [[-0.07048421018393805, -0.6579233125782675, 0.6505564768014183, -0.0436034296292244, -0.4403494659399774, 0.3971202474641047, -0.3476294487188532, 0.4226345571414519, -0.4164084800340761, 0.23643763608743792, -0.13946687496922608], [-0.7034961786882954, -0.10809449705104018, -0.13676233030637158, 0.3049897050563456, 0.49676679248472494, 0.5884675956923222, -0.36476795187663097, -0.2130785050161374, 0.4455561512365191, 0.4260584745985166, 0.08899571882683743], [0.08084990107160175, -0.14720494766015432, -0.1823867438147209, -0.717034260380623, -0.20569336198548768, -0.08664443110233944, 0.5876848233409763, 0.4969631615667094, 0.537148334215772, 0.614740987681218, 0.12258518253267922]], "inverted": false, "swapped": false, "error_lsq": 0.03764851727237333, "error_max": 0.18969725005526789, "target": "646.xyz", "model": "6.xyz", "model_rescale": 4.08911054899281, "target_rescale": 3.694798235012569},
{"mapping": [7, 13, 0, 1, 11, 9, 5, 4, 10, 8, 14], "R": [[-0.4301648024783439, -0.5814819686490481, -0.6905338245479327], [-0.5391097413739091, -0.44807874627606104, 0.713152244539292], [-0.724098701465846, 0.6790465059712044, -0.12073488834539398]], "T": [-0.057548431471969155, 0.007283080693079577, 0.09750002537911552], "aligned_model": [[-0.2533920826292087, -0.6069122282743494, 0.7322881987322354, 0.04591474530664154, -0.40033601926746687, 0.33200870065454124, -0.32219662274285304, 0.2786731512763689, -0.41754524526342746, 0.21928560413372772, -0.01690450648535921], [-0.740689536329099, -0.14009572617561145, -0.1250015544722543, 0.2219856069225758, 0.469024610919967, 0.6492228240732093, -0.37067442658894356, -0.13798408002922524, 0.3790854779048821, 0.4689119867550983, 0.15084979197619153], [0.059143891269358914, -0.363339890861283, -0.3957697344792503, -0.5961456011024082, -0.020069068664485087, -0.1277019164113855, 0.7038090943608826, 0.6997474737025909, 0.5989381272317152, 0.5163205634419372, 0.026075706977958107]], "inverted": false, "swapped": false, "error_lsq": 0.04636668413619169, "error_max": 0.24463016499761273, "target": "646.xyz", "model": "7.xyz", "model_rescale": 3.964800864290218, "target_rescale": 3.694798235012569},
{"mapping": [5, 3, 1, 0, 6, 2, 10, 8, 11, 12, 13], "R": [[0.8715642495330582, -0.45160727602796635, -0.19085760968449134], [0.38402116270491216, 0.8708286658821565, -0.3068960431036405], [0.30480076366479925, 0.19418625831017078, 0.9324098838777135]], "T": [0.0016154880458261259, 0.16304562173250287, 0.09412706460266035], "aligned_model": [[-0.09768420528707172, -0.48280580702329234, 0.584940950644242, -0.03785503511605028, -0.4911345358886896, 0.32187088525250895, -0.46785939220778816, 0.37840981106042854, -0.47375184142845117, 0.34106327453041757, 0.01568959090459601], [-0.6662719884358022, -0.11119872352244586, -0.12456260324275203, 0.2063560704045499, 0.44251300038004754, 0.6268339108593202, -0.35365362841216147, -0.3521012872829657, 0.5435672432044393, 0.5087892139835761, 0.10436376702098443], [0.1321085776992258, -0.3707264001382724, -0.2802160998645465, -0.6198236727454407, -0.030777784634439906, -0.2536453195552853, 0.5274274623846471, 0.5227379390366358, 0.6565881940636593, 0.6737057960590558, 0.143629953160392]], "inverted": false, "swapped": false, "error_lsq": 0.042672594334662986, "error_max": 0.2239430696976898, "target": "646.xyz", "model": "8.xyz", "model_rescale": 4.121658175737393, "target_rescale": 3.694798235012569},
{"mapping": [0, 10, 4, 5, 7, 9, 2, 1, 8, 6, 12], "R": [[0.5052197166781788, 0.8402266059839008, 0.19690680149856576], [-0.4895335147285946, 0.4669337381061113, -0.7364304598369915], [-0.710710894694242, 0.27566670966046714, 0.6472232144692294]], "T": [-0.1972149246091139, 0.09972432001885945, 0.10878771648424206], "aligned_model": [[0.03225103381482056, -0.6592181547069185, 0.6219484960864665, -0.09458251707035722, -0.3745057623834361, 0.392798182220475, -0.2987780959846532, 0.27991728770067226, -0.4002153513782605, 0.22396965316089582, -0.1327010760188547], [-0.625843824914567, -0.2348981995569136, -0.13258476020162488, 0.03833924614952855, 0.7077960365333198, 0.6425218650084331, -0.289783640632186, -0.282221646436176, 0.48625448562914847, 0.4618704684779651, 0.05318494489986244], [-0.09051226872581676, -0.3922727742424978, -0.1424725055170783, -0.49736108365037174, -0.12365078447814597, -0.11581231904009799, 0.674751427042165, 0.4272117206023816, 0.6918302496944072, 0.5230771910052672, 0.14621979277541797]], "inverted": true, "swapped": false, "error_lsq": 0.038040561349675796, "error_max": 0.19479140788048938, "target": "646.xyz", "model": "9.xyz", "model_rescale": 3.833441315466971, "target_rescale": 3.694798235012569},
{"mapping": [13, 8, 1, 12, 7, 6, 2, 5, 3, 4, 14], "R": [[0.18962020293703052, 0.7044247566299661, 0.6839809506740175], [-0.054605099662426104, -0.6879754161549261, 0.7236767993084435], [0.9803379324136021, -0.17457258952444335, -0.09198885398652556]], "T": [-0.07503346331917785, 0.05837120999617423, -0.0715265711762025], "aligned_model": [[-0.044834923631887874, -0.7851726926191577, 0.6356129355104011, 0.18172819082486177, -0.5269021660768732, 0.3974697381829422, -0.33911813727850026, 0.2976714817522068, -0.38272773613062117, 0.29946988322452883, -0.14231287831705064], [-0.6883473345325328, -0.22409761914964027, -0.05472399361139952, 0.2574137878784485, 0.547369060643294, 0.5461900190043878, -0.2694230243827934, -0.26102518775097966, 0.43682574705737387, 0.4575540180911267, 0.07689950170950503], [0.20629712268798123, -0.22473557204417877, -0.2382602020529324, -0.5789470698377842, -0.04683336740692917, -0.06976526683832762, 0.5111057998909565, 0.39378210754415927, 0.6470958941033507, 0.5083983457218659, -0.007129146302530309]], "inverted": true, "swapped": false, "error_lsq": 0.044080461390101806, "error_max": 0.23555730712030348, "target": "646.xyz", "model": "10.xyz", "model_rescale": 4.2482417240324, "target_rescale": 3.694798235012569},
{"mapping": [6, 0, 2, 1, 8, 3, 4, 5, 9, 7, 11], "R": [[0.8472680693434506, 0.01945568089443067, 0.5308090948278453], [0.5190165742898916, -0.24283463315894038, -0.8195444689282876], [0.1129540361536846, 0.9698725779294399, -0.2158438516546051]], "T": [-0.06208657924055962, 0.08239231493740815, 0.04507981440097929], "aligned_model": [[0.048469162415346614, -0.6636245929314123, 0.6009871769116911, -0.10933888388642722, -0.2413906771369344, 0.41656516692364914, -0.43082048699727726, 0.19504783616586885, -0.38726836387560937, 0.27478268557923835, -0.11252532772728331], [-0.5565358416910451, -0.1885685720204742, -0.0895941519395321, 0.11097642402382589, 0.6386574381839119, 0.6888170412437903, -0.489342530233284, -0.24459577501124932, 0.40306174515265325, 0.4860721767407362, 0.06568702050745764], [0.03956829943178003, -0.3271723739844129, -0.23511857156512572, -0.6592615248455481, -0.14274186190911442, -0.20233316761477727, 0.5955288604718679, 0.6704971564749366, 0.731183906799429, 0.47183256985730543, 0.15902535234929083]], "inverted": false, "swapped": false, "error_lsq": 0.03959701724875141, "error_max": 0.21117020931642785, "target": "646.xyz", "model": "11.xyz", "model_rescale": 3.6694154284099745, "target_rescale": 3.694798235012569},
{"mapping": [5, 12, 7, 10, 2, 9, 0, 6, 4, 11, 13], "R": [[-0.1416607844306691, 0.41928649088917125, -0.8967335505669075], [-0.6259563941486951, -0.7397144787934385, -0.2469839721271708], [-0.7668838339532599, 0.5263281565916804, 0.3672435932728475]], "T": [-0.10245838499553006, 0.1368952713893954, 0.11452549412789789], "aligned_model": [[0.06413965766088614, -0.4778067193655827, 0.4711176936232503, -0.017076651566890727, -0.5383648102480715, 0.5044475776075196, -0.47451216150503417, 0.19534105263955837, -0.33470649480977344, 0.38902898254605406, -0.19072443114106616], [-0.646908986065454, -0.2046480681433981, -0.14407298045140993, 0.23487010257050475, 0.5180033008919096, 0.5726205995358997, -0.3162755657313822, -0.14560027838198797, 0.3486403530179044, 0.5150723725429065, 0.0929341251712976], [0.0648588991632239, -0.3373929447224139, -0.26525423408750937, -0.5072780756272107, -0.18722909434521587, -0.1795745872365516, 0.5231207023642747, 0.5035840922301105, 0.7845280953498182, 0.5150887183725171, 0.1865570740045882]], "inverted": true, "swapped": false, "error_lsq": 0.04749419162815691, "error_max": 0.1957924285664649, "target": "646.xyz", "model": "12.xyz", "model_rescale": 3.9764082729961374, "target_rescale": 3.694798235012569},
{"mapping": [3, 11, 4, 6, 12, 5, 8, 7, 1, 0, 15], "R": [[0.2314737747983917, 0.5977576013692488, -0.7675322413982787], [0.6318236146995494, -0.6922916040929517, -0.3486133313721708], [-0.7397423953570449, -0.4042501514009486, -0.5379247192718803]], "T": [-0.12052283902509184, 0.16141283018607883, 0.06260687227548842], "aligned_model": [[-0.13233259512840892, -0.7250471383165937, 0.5756558203433978, 0.12483500054277927, -0.5114422262510089, 0.43830629419956235, -0.4726710987626893, 0.37292257189136857, -0.4529353517558602, 0.43154994409845626, -0.057957525420153394], [-0.6798110299537938, -0.32953956735385276, 0.03991152290442185, 0.13311930023947335, 0.6621780423405528, 0.7372860249317146, -0.29366357966898676, -0.25752030015800853, 0.4098622605161176, 0.3245923498463291, 0.07821995131282276], [0.08803115408959869, -0.09250861265532717, -0.06559776238320308, -0.6603438953601637, 0.002359300249171803, -0.1800945271179943, 0.4731551654222931, 0.45253040025062796, 0.5433327611245199, 0.504982301068647, 0.0351623607774611]], "inverted": false, "swapped": false, "error_lsq": 0.048229410601572424, "error_max": 0.2335163140818635, "target": "646.xyz", "model": "13.xyz", "model_rescale": 4.170626492500431, "target_rescale": 3.694798235012569},
{"mapping": [6, 11, 4, 12, 10, 8, 3, 2, 1, 0, 13], "R": [[0.4873177848089593, 0.4269885167787737, -0.7617100387601257], [0.8472438014267485, -0.4423955789123085, 0.29404777282407046], [-0.21142213118035097, -0.7886488181046787, -0.5773506076460405]], "T": [-0.0493625819933592, 0.11953139212754121, 0.12752963572012663], "aligned_model": [[-0.12334022399487536, -0.6228026273362788, 0.5939297901753305, 0.03152670133719053, -0.3076828136835884, 0.34640252787112097, -0.4116069453333607, 0.36153194801257404, -0.3983506893283756, 0.220019798809315, -0.09874377108820223], [-0.7061523026392409, -0.1927141768936222, 0.014866786860261091, 0.19018184507045238, 0.5083334605866046, 0.6348523823200349, -0.296826548216933, -0.22677626028755887, 0.4664819670241528, 0.38359526051020915, 0.04879256062243034], [-0.014818570135298442, -0.14326340361970938, -0.15226202767756117, -0.5964672969580473, -0.1893803111674545, -0.2321515393306499, 0.5409285848847173, 0.50722538540175, 0.7179930718556592, 0.5896571212214184, 0.07354763099080691]], "inverted": false, "swapped": false, "error_lsq": 0.033345968249059395, "error_max": 0.18095204192133613, "target": "646.xyz", "model": "14.xyz", "model_rescale": 3.9786697098870705, "target_rescale": 3.694798235012569},
{"mapping": [5, 10, 2, 4, 1, 0, 7, 8, 6, 9, 11], "R": [[-0.8224839224285552, 0.40874505868928135, 0.39553466895284234], [0.5441495354210165, 0.7679084161445981, 0.33796145862418503], [-0.16559432492579745, 0.49319787247249025, -0.8540107599679169]], "T": [-0.00742129311542258, 0.10584742697717756, 0.14623929999687807], "aligned_model": [[0.1061472301918581, -0.7300881715432014, 0.7159829516450309, -0.02595393050902905, -0.450100463752738, 0.36310105990518177, -0.44332413092760714, 0.3259664073996161, -0.4679946909865213, 0.23338047303423257, -0.03623303901597273], [-0.6726965596906208, -0.06998771359277955, -0.11205569780009345, -0.06898040490061205, 0.5629036628140601, 0.617230687702696, -0.2685875769221696, -0.25229734662052106, 0.5110122067173677, 0.40598627093899786, 0.1721074463104651], [-0.01385766770445701, -0.22679632117230786, -0.28160640015902166, -0.4402813736739621, -0.0899954151887199, -0.14531846896247325, 0.47283254737483077, 0.3273831332122066, 0.6473074961892427, 0.6354687469986846, 0.2158723685516079]], "inverted": true, "swapped": false, "error_lsq": 0.04453372224769529, "error_max": 0.28761747294734624, "target": "646.xyz", "model": "15.xyz", "model_rescale": 3.769337070930944, "target_rescale": 3.694798235012569},
{"mapping": [0, 4, 1, 5, 6, 7, 2, 3, 8, 9, 10], "R": [[-0.6105824188517583, -0.7297532462808339, 0.3076512787747203], [0.5667244661282108, -0.13126857458011273, 0.8133830222099548], [-0.5531839560949237, 0.6709908798711725, 0.493719302690182]], "T": [0.00521021395662323, 0.1049798393053289, 0.07132159320211891], "aligned_model": [[-0.008073667178668267, -0.5901173323789644, 0.7117331739642774, -0.02276443584950863, -0.6659536056421057, 0.3445942240013621, -0.46976718542190843, 0.1715054869117505, -0.2860310686974133, 0.4313226006476838, -0.025564494915655288], [-0.5265481592207616, -0.20469065546327098, -0.10057494270213972, 0.15061696213810621, 0.3752874093188883, 0.6352626651552338, -0.22045149351197352, -0.22472286428584376, 0.5575256499611548, 0.32038625373641505, 0.06254414983098133], [-0.06456821583986143, -0.32582047430181976, -0.24443303459658067, -0.5973977750728969, -0.018008549272075985, -0.26743365814877934, 0.5350206075701223, 0.6570565572892438, 0.5927374697177126, 0.7292030365053017, 0.10465268161526503]], "inverted": false, "swapped": false, "error_lsq": 0.04952424369367818, "error_max": 0.3136403464319539, "target": "646.xyz", "model": "16.xyz", "model_rescale": 3.7852294659196426, "target_rescale": 3.694798235012569},
{"mapping": [5, 11, 1, 2, 8, 3, 10, 4, 9, 0, 12], "R": [[0.6546419062646411, 0.719081142446623, 0.23316578895682077], [-0.7148970205443073, 0.4886626529405359, 0.5001310444653381], [0.2456953898205449, -0.49409626814900875, 0.8339680169060164]], "T": [-0.044849737063208606, 0.01304023047443198, 0.03176759985310204], "aligned_model": [[0.2546470503079267, -0.7244420850029846, 0.5179190365037346, -0.04215073270343371, -0.36337652249834834, 0.500825315534776, -0.43354915728610643, 0.41571149846317396, -0.6066238602930825, 0.19442386681761226, -0.12250071440241858], [-0.5704375177413208, 0.022749545613990757, -0.1685223721312624, 0.1277117175586496, 0.579399383333826, 0.5610930249645532, -0.32946873759888395, -0.23431017657326597, 0.41943958402737924, 0.4048998684477236, 0.012080655055400949], [0.07720329344114354, -0.24389894555002958, -0.3211920055978261, -0.5690070554508888, -0.012773484386231937, -0.15362992598344122, 0.6489024658158634, 0.5097715847249277, 0.5480148133205404, 0.5366847438995748, 0.08093316123199912]], "inverted": true, "swapped": false, "error_lsq": 0.052104290326924714, "error_max": 0.31135272255172247, "target": "646.xyz", "model": "17.xyz", "model_rescale": 3.901054581598922, "target_rescale": 3.694798235012569},
{"mapping": [11, 10, 13, 5, 8, 2, 6, 7, 1, 0, 14], "R": [[-0.20275168387887252, -0.8810998568698355, 0.42726431738238746], [0.7230243793241758, 0.1595600623812898, 0.6721430899710042], [-0.6603995015043336, 0.44520066118193796, 0.6047056058083085]], "T": [-0.04407597723302287, 0.055032169398744134, 0.06425153130425117], "aligned_model": [[-0.13261286137012016, -0.6536992903502841, 0.5366512084839394, 0.015539888079321523, -0.3120112214447951, 0.430608471549691, -0.40027529072659634, 0.13649382006088195, -0.30514425008057416, 0.29384548726323856, -0.01851226602385257], [-0.7351364278741528, -0.31454105817449474, 0.022540368973468575, 0.23077515716016328, 0.6308538801443319, 0.683024477216652, -0.36081984972434794, -0.15517338127980101, 0.31411863259569467, 0.5011534529888466, 0.007839722930429803], [0.13152557501913875, -0.3409999877476748, -0.3707225104211831, -0.5321094314115946, -0.12825383091476722, -0.1888066386754937, 0.5779780076786886, 0.666651065306737, 0.6562001024963169, 0.5763935064050104, 0.05315278773045341]], "inverted": true, "swapped": false, "error_lsq": 0.04558456602535523, "error_max": 0.23641725820164325, "target": "646.xyz", "model": "18.xyz", "model_rescale": 3.9405287249114394, "target_rescale": 3.694798235012569},
{"mapping": [9, 13, 2, 10, 12, 1, 7, 8, 4, 0, 15], "R": [[0.43753656443039635, -0.37872882336660296, -0.8155527163450526], [-0.3994687915321805, -0.8944299322197571, 0.20104671333095633], [-0.8055969459837001, 0.23782256978829602, -0.5426361450558064]], "T": [-0.09153140310187763, 0.11085427568313269, 0.01145814638643615], "aligned_model": [[-0.18673129113401804, -0.6824889177228359, 0.6748952385366349, 0.1390570283256419, -0.400525314148676, 0.3350820019795229, -0.3576883141814347, 0.3320436496335742, -0.39583383854188153, 0.19589692210005244, -0.06282346940573047], [-0.6411969367794684, -0.16734630628481126, -0.008351633128666838, 0.04554307411564959, 0.5610743427636945, 0.6142914898239377, -0.2833412321397992, -0.18240866164536648, 0.37277698035562556, 0.40976722159702217, 0.1038266362789731], [0.13131557047328285, -0.14571531663351506, -0.38059470375511095, -0.7371856001232997, -0.03285569279919891, 0.0030084125186457394, 0.5304918150806281, 0.565401446576606, 0.6225731545300804, 0.5598287022997206, -0.015259142702207587]], "inverted": false, "swapped": false, "error_lsq": 0.045506539443996345, "error_max": 0.23235943668928083, "target": "646.xyz", "model": "19.xyz", "model_rescale": 4.410303926677745, "target_rescale": 3.694798235012569},
{"mapping": [5, 3, 1, 0, 6, 2, 10, 8, 11, 12, 13], "R": [[0.8715642495330582, -0.45160727602796635, -0.19085760968449134], [0.38402116270491216, 0.8708286658821565, -0.3068960431036405], [0.30480076366479925, 0.19418625831017078, 0.9324098838777135]], "T": [0.0016154880458261259, 0.16304562173250287, 0.09412706460266035], "aligned_model": [[-0.09768420528707172, -0.48280580702329234, 0.584940950644242, -0.03785503511605028, -0.4911345358886896, 0.32187088525250895, -0.46785939220778816, 0.37840981106042854, -0.47375184142845117, 0.34106327453041757, 0.01568959090459601], [-0.6662719884358022, -0.11119872352244586, -0.12456260324275203, 0.2063560704045499, 0.44251300038004754, 0.6268339108593202, -0.35365362841216147, -0.3521012872829657, 0.5435672432044393, 0.5087892139835761, 0.10436376702098443], [0.1321085776992258, -0.3707264001382724, -0.2802160998645465, -0.6198236727454407, -0.030777784634439906, -0.2536453195552853, 0.5274274623846471, 0.5227379390366358, 0.6565881940636593, 0.6737057960590558, 0.143629953160392]], "inverted": false, "swapped": false, "error_lsq": 0.042672594334662986, "error_max": 0.2239430696976898, "target": "646.xyz", "model": "20.xyz", "model_rescale": 4.121658175737393, "target_rescale": 3.694798235012569},
{"mapping": [2, 3, 10, 11, 7, 9, 1, 6, 5, 8, 12], "R": [[-0.4235099881216161, 0.7173874811368867, -0.5531676887430265], [-0.3009148917856529, -0.6873663704672045, -0.6610428886633384], [-0.8544527592926701, -0.11350187072826173, 0.5069790996464525]], "T": [-0.04015693671475654, 0.05361530468433778, 0.1263921060943544], "aligned_model": [[-0.07048421018393805, -0.6579233125782675, 0.6505564768014183, -0.0436034296292244, -0.4403494659399774, 0.3971202474641047, -0.3476294487188532, 0.4226345571414519, -0.4164084800340761, 0.23643763608743792, -0.13946687496922608], [-0.7034961786882954, -0.10809449705104018, -0.13676233030637158, 0.3049897050563456, 0.49676679248472494, 0.5884675956923222, -0.36476795187663097, -0.2130785050161374, 0.4455561512365191, 0.4260584745985166, 0.08899571882683743], [0.08084990107160175, -0.14720494766015432, -0.1823867438147209, -0.717034260380623, -0.20569336198548768, -0.08664443110233944, 0.5876848233409763, 0.4969631615667094, 0.537148334215772, 0.614740987681218, 0.12258518253267922]], "inverted": false, "swapped": false, "error_lsq": 0.03764851727237333, "error_max": 0.18969725005526789, "target": "646.xyz", "model": "21.xyz", "model_rescale": 4.08911054899281, "target_rescale": 3.694798235012569},
{"mapping": [10, 13, 6, 0, 2, 1, 9, 5, 15, 11, 16], "R": [[-0.7923003415624561, 0.3170369596497583, -0.5212942882634075], [-0.5944224132640566, -0.5937250657562727, 0.5423583141264129], [-0.1375578546261545, 0.7395796863818983, 0.6588624470417953]], "T": [-0.14206303003832457, 0.04897441545968069, 0.06705865815173523], "aligned_model": [[0.06927664829633115, -0.5961676374742306, 0.44499285984363035, 0.07647970978543348, -0.4159155469882946, 0.2536929639166843, -0.2716270764623496, 0.2550167853779042, -0.34443936989322194, 0.2734434753727385, -0.1538691163337753], [-0.7238068051971602, -0.18956011362450287, -0.2210773055075672, 0.17524622961522596, 0.7067952434445043, 0.7301517356846531, -0.3656013532422934, -0.2976361540872584, 0.5657593079978623, 0.3971584440730992, 0.047205745800227565], [0.16339211327747977, -0.34961897499924927, -0.304426979133076, -0.6653168589154772, -0.04926153185318255, -0.029755767043313383, 0.6317600849623275, 0.5360125868222687, 0.539799823913094, 0.6074430180642549, 0.020981130370504544]], "inverted": false, "swapped": false, "error_lsq": 0.04654817231050722, "error_max": 0.24631320371099905, "target": "646.xyz", "model": "22.xyz", "model_rescale": 4.204369325754507, "target_rescale": 3.694798235012569},
{"mapping": [9, 13, 2, 10, 12, 1, 7, 8, 4, 0, 15], "R": [[0.43753656443039635, -0.37872882336660296, -0.8155527163450526], [-0.3994687915321805, -0.8944299322197571, 0.20104671333095633], [-0.8055969459837001, 0.23782256978829602, -0.5426361450558064]], "T": [-0.09153140310187763, 0.11085427568313269, 0.01145814638643615], "aligned_model": [[-0.18673129113401804, -0.6824889177228359, 0.6748952385366349, 0.1390570283256419, -0.400525314148676, 0.3350820019795229, -0.3576883141814347, 0.3320436496335742, -0.39583383854188153, 0.19589692210005244, -0.06282346940573047], [-0.6411969367794684, -0.16734630628481126, -0.008351633128666838, 0.04554307411564959, 0.5610743427636945, 0.6142914898239377, -0.2833412321397992, -0.18240866164536648, 0.37277698035562556, 0.40976722159702217, 0.1038266362789731], [0.13131557047328285, -0.14571531663351506, -0.38059470375511095, -0.7371856001232997, -0.03285569279919891, 0.0030084125186457394, 0.5304918150806281, 0.565401446576606, 0.6225731545300804, 0.5598287022997206, -0.015259142702207587]], "inverted": false, "swapped": false, "error_lsq": 0.045506539443996345, "error_max": 0.23235943668928083, "target": "646.xyz", "model": "23.xyz", "model_rescale": 4.410303926677745, "target_rescale": 3.694798235012569},
{"mapping": [13, 11, 0, 1, 10, 3, 15, 5, 8, 4, 16], "R": [[-0.73887441641174, -0.0004714162421350504, -0.6738429895301556], [0.16992961138308388, -0.9678105216331646, -0.18565215159360848], [-0.6520648157563824, -0.25167950250838617, 0.7151705419476718]], "T": [-0.09901956321619043, -0.10789258396396616, 0.09246697302134865], "aligned_model": [[-0.07633115340590792, -0.5973526423615731, 0.6087097890652818, -0.012696371259615036, -0.39627313157857835, 0.3785123287479691, -0.3808521827843621, 0.3007529972603659, -0.3576946681500398, 0.15974273768094316, -0.03563400777363393], [-0.798010739956002, -0.12754925110933032, -0.07452899734981128, 0.2785886443412965, 0.46620653285178704, 0.6210673240184211, -0.26883205059745113, -0.16051855395070339, 0.48464006742212806, 0.4231813147285891, -0.0196093154421335], [-0.03947540326303453, -0.29740383157548306, -0.1690513745064206, -0.6687924546827823, 0.01608329385613455, -0.13076324300126094, 0.7280635852384221, 0.5751826663656874, 0.6001075096053387, 0.4458604629911856, 0.041197434437844224]], "inverted": false, "swapped": false, "error_lsq": 0.03842853447549217, "error_max": 0.20917884323629926, "target": "646.xyz", "model": "24.xyz", "model_rescale": 4.28219845311461, "target_rescale": 3.694798235012569},
{"mapping": [5, 9, 10, 12, 13, 14, 3, 1, 4, 0, 15], "R": [[-0.8210354094160465, 0.5690105509213109, 0.04612861828899294], [0.5599569664689078, 0.818425501261362, -0.1289491938246497], [-0.11112628936468591, -0.08004181298118371, -0.9905777384873545]], "T": [-0.040661176550405756, 0.13005363154664412, 0.08353476858759944], "aligned_model": [[0.10854633059828721, -0.5171914488678723, 0.654415213057423, -0.1806866698801048, -0.35885338266091854, 0.41946243711978287, -0.495806974166071, 0.05506674282360087, -0.3678064543653515, 0.289276118931632, -0.015538217149558116], [-0.7067165924307408, -0.24795196552513737, -0.027563310806694358, 0.2875232860770223, 0.577475717514406, 0.5180213458466063, -0.281276384084707, -0.2733202822632176, 0.39130132165997383, 0.4267905383004021, 0.16035130066887665], [0.030305143476655097, -0.21126067239871726, -0.2653642582393734, -0.6513230879757512, -0.14336532814174607, -0.3832756187203299, 0.5564991076379521, 0.5713903311844701, 0.6830130289436726, 0.7681096448838425, 0.14628035481495655]], "inverted": false, "swapped": false, "error_lsq": 0.048941503992068515, "error_max": 0.2604447805495913, "target": "646.xyz", "model": "25.xyz", "model_rescale": 4.100010024507729, "target_rescale": 3.694798235012569},
{"mapping": [6, 0, 2, 1, 8, 3, 4, 5, 9, 7, 11], "R": [[0.8472680693434506, 0.01945568089443067, 0.5308090948278453], [0.5190165742898916, -0.24283463315894038, -0.8195444689282876], [0.1129540361536846, 0.9698725779294399, -0.2158438516546051]], "T": [-0.06208657924055962, 0.08239231493740815, 0.04507981440097929], "aligned_model": [[0.048469162415346614, -0.6636245929314123, 0.6009871769116911, -0.10933888388642722, -0.2413906771369344, 0.41656516692364914, -0.43082048699727726, 0.19504783616586885, -0.38726836387560937, 0.27478268557923835, -0.11252532772728331], [-0.5565358416910451, -0.1885685720204742, -0.0895941519395321, 0.11097642402382589, 0.6386574381839119, 0.6888170412437903, -0.489342530233284, -0.24459577501124932, 0.40306174515265325, 0.4860721767407362, 0.06568702050745764], [0.03956829943178003, -0.3271723739844129, -0.23511857156512572, -0.6592615248455481, -0.14274186190911442, -0.20233316761477727, 0.5955288604718679, 0.6704971564749366, 0.731183906799429, 0.47183256985730543, 0.15902535234929083]], "inverted": false, "swapped": false, "error_lsq": 0.03959701724875141, "error_max": 0.21117020931642785, "target": "646.xyz", "model": "26.xyz", "model_rescale": 3.6694154284099745, "target_rescale": 3.694798235012569},
{"mapping": [4, 8, 11, 9, 7, 12, 0, 2, 1, 6, 13], "R": [[-0.12922158519166632, 0.6833460184033159, -0.7185680211732833], [-0.9058373321969516, 0.21347252858909932, 0.36590737507747173], [0.40343588030672517, 0.6981888703424821, 0.591415075738712]], "T": [-0.14183122443699764, 0.06692510925497001, 0.03265227675967006], "aligned_model": [[-0.2439640927939103, -0.543008104242874, 0.6642743991037887, -0.011430784263316895, -0.5837748656551676, 0.5282231938249824, -0.24721177516848952, 0.38014183502556226, -0.4187140443990401, 0.16562555186764355, -0.09927761785832873], [-0.7431508745859414, -0.23230971726710675, -0.04791059443854505, 0.28901781559428047, 0.49120885789980895, 0.48685160000614797, -0.22542351077982387, -0.18738308727285485, 0.46995921239558186, 0.4794232474334023, 0.0443520259718409], [0.12686664771386758, -0.36467985400195513, -0.2378693565681053, -0.5986432882997906, -0.11156160378291918, -0.0338430786454231, 0.6160565679886776, 0.3862072407714102, 0.7678706588824642, 0.4870816425670266, 0.0635230688403785]], "inverted": true, "swapped": false, "error_lsq": 0.05506988670007364, "error_max": 0.29104468200884015, "target": "646.xyz", "model": "27.xyz", "model_rescale": 4.103607728864725, "target_rescale": 3.694798235012569},
{"mapping": [3, 10, 1, 5, 11, 7, 12, 2, 13, 4, 14], "R": [[0.2225876588217202, 0.7232821140071195, -0.6536954319082076], [0.4982907918269793, 0.49191479098578555, 0.7139510663833015], [0.8379504883468403, -0.4846471107587495, -0.2509106556375971]], "T": [-0.19536618314032134, 0.0844881183394563, -0.038137281141934334], "aligned_model": [[-0.11905235868954872, -0.6442411079892992, 0.6976139365658824, 0.15657246219963228, -0.5235206234326215, 0.2178412213715087, -0.3724516307393412, 0.2235505281723103, -0.32992695602830413, 0.3347205418795243, -0.050222317868893446], [-0.6488986563332111, -0.11887867224528317, 0.02676570087209762, 0.1830566479540347, 0.6878881457549377, 0.6059806228887341, -0.3493793197448187, -0.2693376888655849, 0.38115513868676815, 0.2964670476947548, 0.02981600829436106], [0.10275591067274385, -0.16824695270727003, -0.08413141561674535, -0.6718279353792896, -0.05499858864553385, -0.316321490109485, 0.6813718623326839, 0.4524101613860963, 0.5220007468402208, 0.6659097944159672, -0.02791344772375702]], "inverted": false, "swapped": false, "error_lsq": 0.04899049863436296, "error_max": 0.24980443647803563, "target": "646.xyz", "model": "28.xyz", "model_rescale": 4.137296879288765, "target_rescale": 3.694798235012569},
{"mapping": [6, 4, 9, 8, 3, 7, 5, 0, 2, 1, 10], "R": [[0.19812448775164482, -0.49811241819471924, 0.8441745709231935], [-0.8188655895726598, -0.557457710339073, -0.13674811661349878], [0.538707558483236, -0.6641723571662161, -0.5183331423026156]], "T": [-0.02993461762594938, 0.08493753991055247, 0.07521314884877273], "aligned_model": [[-0.12951411435290217, -0.6139889535399132, 0.4761467589566418, 0.04366296625888024, -0.49568845041811505, 0.4587716974941114, -0.2877200303799621, 0.5109581112971837, -0.5397426449486274, 0.21572329509170884, -0.047724940018156414], [-0.6247327314576734, -0.3189788556349597, -0.27129106707430606, 0.39814436903755074, 0.4943643485426243, 0.6072856731577561, -0.15859127164913564, -0.17359493392362474, 0.44815823300948787, 0.39694940109305743, 0.026921809856013584], [0.12620189981152571, -0.233594300685462, -0.40204677623479523, -0.5688666255661007, -0.20993905713142363, 0.026934893507427116, 0.6474356111335485, 0.43731307723657137, 0.5445590548160444, 0.7149472766631918, 0.01806359191510399]], "inverted": false, "swapped": false, "error_lsq": 0.06402718692600083, "error_max": 0.2961120992272405, "target": "646.xyz", "model": "29.xyz", "model_rescale": 3.607286011436655, "target_rescale": 3.694798235012569},
{"mapping": [7, 13, 0, 1, 11, 9, 5, 4, 10, 8, 14], "R": [[-0.4301648024783439, -0.5814819686490481, -0.6905338245479327], [-0.5391097413739091, -0.44807874627606104, 0.713152244539292], [-0.724098701465846, 0.6790465059712044, -0.12073488834539398]], "T": [-0.057548431471969155, 0.007283080693079577, 0.09750002537911552], "aligned_model": [[-0.2533920826292087, -0.6069122282743494, 0.7322881987322354, 0.04591474530664154, -0.40033601926746687, 0.33200870065454124, -0.32219662274285304, 0.2786731512763689, -0.41754524526342746, 0.21928560413372772, -0.01690450648535921], [-0.740689536329099, -0.14009572617561145, -0.1250015544722543, 0.2219856069225758, 0.469024610919967, 0.6492228240732093, -0.37067442658894356, -0.13798408002922524, 0.3790854779048821, 0.4689119867550983, 0.15084979197619153], [0.059143891269358914, -0.363339890861283, -0.3957697344792503, -0.5961456011024082, -0.020069068664485087, -0.1277019164113855, 0.7038090943608826, 0.6997474737025909, 0.5989381272317152, 0.5163205634419372, 0.026075706977958107]], "inverted": false, "swapped": false, "error_lsq": 0.04636668413619169, "error_max": 0.24463016499761273, "target": "646.xyz", "model": "30.xyz", "model_rescale": 3.964800864290218, "target_rescale": 3.694798235012569},
