[{"mapping": [3, 7, 9, 10, 2, 5, 6, 8, 4, 11, 1, 12], "R": [[-0.09271983171204973, 0.9572171403707087, 0.2741138066347841], [-0.4555736758889489, -0.2855769992447759, 0.843147913084875], [0.8853562326229594, -0.04670250189092562, 0.4625615825733997]], "T": [-0.03395115628434859, -0.04648948492637934, 0.10658076966771432], "aligned_model": [[-0.14670124929661882, 0.18388938824604267, 0.4466168081528669, -0.2814304436119048, -0.08596097047717004, -0.565143264005389, 0.5869241302884883, -0.3291619356158787, 0.4463013920936385, 0.13358236286409503, -0.5263679914980243, -0.024905764679596792], [-0.23044156035210167, -0.6383755776018176, -0.5349992826032969, 0.7821992125476444, 0.47255271204734545, -0.5595360123447088, -0.20380399545179836, -0.4833305621835942, 0.060516511522223905, 0.3138974006523006, 0.1157491237428987, -0.04087293399803856], [-0.6777641430241751, 0.14418900003946877, -0.4588525543226285, 0.15077549916238, -0.5336516109700006, -0.05151978066171703, 0.3967176602760082, 0.7527479718826551, -0.24034161445720972, 0.5328619812062627, 0.17486400500881213, -0.008074668786293315]], "inverted": false, "swapped": true, "error_lsq": 0.05664674198953581, "error_max": 0.29909403502782306, "target": "648.xyz", "model": "0.xyz", "model_rescale": 3.751011558992144, "target_rescale": 3.840015705144273},
{"mapping": [3, 0, 13, 12, 9, 7, 10, 6, 1, 11, 2, 8, 14], "R": [[-0.03168464729330184, -0.9713353073878848, -0.23559245265411705], [0.007426399585747201, -0.23593308052673595, 0.9717409274607907], [-0.9994703255800503, 0.029039664854265457, 0.014688980565718823]], "T": [-0.03487441042665605, 0.03997552873617772, 0.025299821261318634], "aligned_model": [[-0.4589992691368644, 0.14148479164443262, -0.729052065988335, -0.528770969012441, -0.5236258779585016, 0.09063784201962584, 0.08065057206800581, 0.3811741205140174, 0.5790009960274435, -0.19586745859876176, -0.32542587751430707, 0.2561614383811486, -0.07636070132165773], [-0.5658146722413059, -0.6916868254941513, -0.09303462438371005, -0.030129355523465816, 0.4772665753202308, -0.22950076075201808, 0.8419327345588618, 0.2741734388383169, -0.24137248115111326, 0.5534661073404836, -0.5240955622022995, -0.05904233471397188, 0.05868812468229035], [-0.16586038939058645, -0.06994801202882361, 0.19241618786403555, -0.5252695192374701, 0.08923858022006505, -0.5674110928332161, 0.15168164977136148, -0.5541660570059339, -0.14699594803993563, -0.5638857632971845, 0.5555278395032803, 0.6134425331658027, -0.005237678048551499]], "inverted": false, "swapped": false, "error_lsq": 0.045536802000540375, "error_max": 0.2887706064610801, "target": "648.xyz", "model": "1.xyz", "model_rescale": 3.9405287249114394, "target_rescale": 3.840015705144273},
{"mapping": [9, 8, 11, 5, 6, 2, 7, 1, 4, 0, 10, 3, 12], "R": [[0.7683011242562044, -0.03231783955908113, -0.6392721953228422], [0.3365818434305837, 0.8698987517334168, 0.36053962945217777], [0.5444502228298953, -0.4921704166027019, 0.6792217869603423]], "T": [-0.06668696253111059, 0.028497671050994024, -0.08194123440891858], "aligned_model": [[-0.42783664018249257, 0.15843391507897295, -0.7647142642664636, -0.5813310466939978, -0.3189475591558305, -0.04661023468279654, 0.3272654039507744, 0.42419243764686465, 0.6075797594658516, -0.44031092680767137, -0.3108287107094408, 0.09619270737703056, -0.032077299896996016], [-0.6877577207846017, -0.6853384222161177, -0.018075097322317733, -0.13475183276453662, 0.47490649759349784, -0.13641824540424816, 0.5729727705555786, 0.4106838953462046, -0.14510458617330746, 0.594383743620125, -0.4883675945062886, 0.0206826702116435, -0.006965713877483827], [0.0013067751096245694, 0.11917662288618978, 0.05297782397532526, -0.5683231281065306, 0.09816829994423222, -0.7426751392603672, 0.33907925454492843, -0.572040649628064, 0.0012595214584954079, -0.5750011440207531, 0.5383266297991178, 0.465971913326548, -0.1546944493859032]], "inverted": false, "swapped": false, "error_lsq": 0.05204663631054996, "error_max": 0.30313583157402596, "target": "648.xyz", "model": "2.xyz", "model_rescale": 3.932901565614263, "target_rescale": 3.840015705144273},
{"mapping": [0, 3, 2, 4, 6, 7, 12, 9, 8, 5, 1, 10, 13], "R": [[-0.05544575479149838, 0.618249960452762, 0.784023440131581], [0.3036130606761129, -0.737607951641434, 0.6031199043823796], [0.951180780747006, 0.27148019462842193, -0.14681153313697853]], "T": [0.003759402799120584, -0.12028576835075255, -0.032704450824784057], "aligned_model": [[-0.4378592888643544, 0.17753331784893917, -0.81902994205583, -0.7114340786310693, -0.4163910998331821, 0.08323653017017642, 0.12166259534428193, 0.4459644823813762, 0.6908666999243294, -0.1576103966309168, -0.3550018906993779, 0.07112806284752098, -0.002057450678088782], [-0.6173693704948219, -0.59956166296174, -0.1301474812095671, -0.08802605742578373, 0.3840645083713019, -0.14457383058209822, 0.6218086342231505, 0.3224445093710572, -0.3074461475355535, 0.4868731976738774, -0.4085617334878877, 0.25766362561362577, -0.0063178272774126465], [-0.11535523906012932, -0.06068160890624477, 0.09814008972219783, -0.5333879833166937, 0.15649548096687582, -0.7418137679297233, 0.10340045362643495, -0.4177206948572472, -0.21058441100186548, -0.3821575427591358, 0.547774595415208, 0.5720774599054184, -0.012654501162252016]], "inverted": false, "swapped": false, "error_lsq": 0.04821816463407265, "error_max": 0.26835858979806565, "target": "648.xyz", "model": "3.xyz", "model_rescale": 3.9243930471874484, "target_rescale": 3.840015705144273},
{"mapping": [5, 6, 5, 0, 1, 3, 8, 4, 10, 7, 11, 9, 12], "R": [[0.5694777700450793, 0.3307417462892258, 0.7525323691948655], [0.3175895019274224, 0.755865419488543, -0.5725420297994732], [-0.7581767456800399, 0.5650463387041478, 0.3254084470739227]], "T": [0.009858915792087516, 0.025049262590767986, -0.05905849114991744], "aligned_model": [[-0.6379996662833183, -0.044466375578480835, -0.6379996662833183, -0.6481961443003752, -0.6116995922396978, 0.09627410940721946, 0.37686824091118615, 0.30486437512027753, 0.6791480438413025, -0.14079646766943626, 0.09899359397602946, -0.04277300505355795, -0.10120990472402518], [-0.36612819000632707, -0.6928722466594867, -0.36612819000632707, -0.06763615399123482, 0.37173659179150387, -0.30898170746131637, 0.4919332487357488, 0.3199212426459995, -0.18608206848655187, 0.7391747378642545, -0.41637767888955163, 0.26651379120170443, -0.014223012460267227], [-0.02935061364621206, -0.11521883311869507, -0.02935061364621206, -0.5898082483804958, 0.0012176803231150543, -0.6369071700643864, 0.1498909469283521, -0.48142037838046203, 0.008789453782506389, -0.3910924049473711, 0.591580691398977, 0.6017078473599, -0.07650602696617251]], "inverted": false, "swapped": false, "error_lsq": 0.06787840643875993, "error_max": 0.4228989290174623, "target": "648.xyz", "model": "4.xyz", "model_rescale": 3.8936222436046832, "target_rescale": 3.840015705144273},
{"mapping": [8, 7, 5, 1, 3, 9, 4, 2, 10, 11, 0, 12], "R": [[-0.10063507189325374, 0.5879636163092316, -0.8026028707907857], [0.7785795469318931, 0.5487777940800072, 0.3043958308256036], [0.619424306436523, -0.5942572831873854, -0.5130027387591417]], "T": [-0.03153703117967844, -0.19882719441151592, -0.02100748677296225], "aligned_model": [[0.03868643911145977, -0.5626845538686224, -0.33141751522083895, 0.30476171082027936, -0.5213817939992449, -0.8667957209335476, -0.28440951138263754, 0.08906336683287608, 0.7391037114508398, 0.40528105992514196, 0.10350684852667896, -0.08616599904728708], [-0.6715621442591673, -0.49675844470407204, 0.0826662553745866, 0.05177831890478257, 0.4458034602540632, -0.12624499774036538, -0.15014789470330644, 0.47637625409769196, 0.10952651361548082, -0.5398422370190894, 0.5973379210140872, -0.11001009972488443], [-0.7044560332224121, -0.18928495934758227, -0.6544194472176287, -0.3333507895635994, 0.05805779636081145, 0.27289212306937843, 0.5231742555175645, 0.4389524803428789, 0.225883107694185, 0.15943794720925558, -0.2054454148203765, 0.027843653253043422]], "inverted": true, "swapped": true, "error_lsq": 0.04593173564973579, "error_max": 0.26473826089184305, "target": "648.xyz", "model": "5.xyz", "model_rescale": 3.6523030999806103, "target_rescale": 3.840015705144273},
{"mapping": [2, 4, 6, 1, 8, 3, 9, 7, 11, 5, 10, 9, 12], "R": [[0.6750573279084537, -0.36999924222719827, -0.6382774982626267], [-0.6580915229340984, -0.6930561813665564, -0.2942595400524608], [-0.33348635876056054, 0.6186870697056032, -0.7113460186855036]], "T": [-0.17175719952821752, -0.007460337814873767, -0.12920759760032932], "aligned_model": [[-0.4848550799452921, 0.04987053114025283, -0.7077834521064419, -0.7047200342688638, -0.46958245770869855, 0.10906449792542952, 0.17747164876416174, 0.40230806005368835, 0.6718552558027738, -0.2643240655728144, -0.13370721134244024, 0.17747164876416174, -0.13206180038211168], [-0.686045821777286, -0.5352373225821404, -0.08273712558760571, -0.12702020299375186, 0.5409230612903146, -0.24811306215610185, 0.3281615022369946, 0.23658560418176078, -0.20362812182821483, 0.5560739309591883, -0.36321641135567, 0.3281615022369946, 0.026942831653665993], [-0.2622605661615457, -0.09094266227262154, 0.23083923802202985, -0.5581958508393494, 0.12432517314550581, -0.7173114519104136, 0.40750467837369586, -0.40797042803745553, 0.027014132215627124, -0.5003733735208864, 0.5640909356484372, 0.40750467837369586, -0.22069217239387606]], "inverted": false, "swapped": false, "error_lsq": 0.056423789403972795, "error_max": 0.3909496954900378, "target": "648.xyz", "model": "6.xyz", "model_rescale": 4.08911054899281, "target_rescale": 3.840015705144273},
{"mapping": [1, 2, 9, 11, 8, 13, 4, 5, 7, 10, 0, 6, 14], "R": [[-0.44744584307906893, -0.6867590555497483, 0.5728474641051308], [0.8328375939471306, -0.5533674657995875, -0.012883706877177784], [0.32584315186852664, 0.4713241426183899, 0.8195607317126803]], "T": [-0.08709586915983915, 0.03240832537251117, -0.12892520789620227], "aligned_model": [[-0.4596837750310101, 0.2270455792020366, -0.8258152775545524, -0.48679775205499554, -0.494835002382059, 0.06435214610738406, 0.1133930588827478, 0.454963053920197, 0.6593872297416137, -0.26638073276149027, -0.21976789532191526, 0.17278685672013638, -0.24763994834428782], [-0.5974756212231512, -0.6828598307341786, -0.04197346392167537, 0.005126078401326499, 0.546390192711823, -0.46409221438889114, 0.5996991887053711, 0.5381741939524254, -0.16772238925306027, 0.5906767569037262, -0.45566621475085256, -0.09333709278245603, -0.0060892193422591445], [-0.080237169580787, 0.0706898180214218, 0.12270605604003887, -0.557906730537244, 0.057408934360580144, -0.6451085426135084, 0.23827331581222405, -0.30463587823879884, -0.17364259439622814, -0.5478144468854578, 0.664067578868788, 0.27825046064957587, -0.11851847085776121]], "inverted": true, "swapped": false, "error_lsq": 0.04908219877993917, "error_max": 0.29992665126125134, "target": "648.xyz", "model": "7.xyz", "model_rescale": 3.964800864290218, "target_rescale": 3.840015705144273},
{"mapping": [8, 9, 7, 1, 2, 5, 6, 3, 10, 0, 12, 11, 13], "R": [[0.8344477207715583, -0.2540160992438501, -0.48905298549757403], [0.3363733633819859, -0.4681731792465136, 0.8171088266817967], [-0.4365202878518275, -0.8463389956507681, -0.3052217926928012]], "T": [-0.11741240060444519, 0.08206881257521914, -0.0487059141477823], "aligned_model": [[-0.23382357570918755, 0.08892878090492473, -0.763699054079378, -0.685259007455848, -0.6198782189188017, 0.191771665823043, 0.242442803305209, 0.28738771398259916, 0.5592812719548825, -0.27048320780473045, -0.3756471410017815, 0.3735062890248341, -0.1035207789019604], [-0.653491564523828, -0.510175298018848, -0.20700251936655806, 0.016016130797043393, 0.4848910161850416, -0.3516396851303816, 0.4983990343373197, 0.4653686111029453, -0.3628887894180672, 0.6709909679056083, -0.30158137703153043, 0.01415198067627943, 0.007811856763123098], [-0.23964294921411367, 0.23506680664929142, 0.026157238011954798, -0.5348202684818775, 0.10579684135742798, -0.6932001926745155, 0.13481302723212016, -0.5125817891200934, -0.1873869112374535, -0.4267262779733379, 0.5486233820994342, 0.6157633993732883, -0.06832997537928225]], "inverted": true, "swapped": false, "error_lsq": 0.049370819873359194, "error_max": 0.2986105668287527, "target": "648.xyz", "model": "8.xyz", "model_rescale": 4.121658175737393, "target_rescale": 3.840015705144273},
{"mapping": [10, 5, 11, 3, 8, 0, 6, 1, 4, 2, 7, 9, 12], "R": [[-0.674122294437951, -0.7204651027427842, -0.16275493194229868], [0.6706504667516453, -0.5047129608274434, -0.5435924747626629], [0.3094948845902196, -0.4755994773994451, 0.823418516618288]], "T": [-0.14669051859375232, -0.02297820054682305, -0.03519346292883351], "aligned_model": [[-0.47279163944675406, 0.0668188718187046, -0.7622981211387145, -0.7022404477244004, -0.4911995987098072, 0.1949504876062354, 0.15156679175352022, 0.3074942306714392, 0.7248028713907906, -0.3009599591384026, -0.34835192539833776, 0.40808965889291876, -0.08487367945338739], [-0.6514015481638101, -0.5997972301958578, -0.11264384384207153, -0.06508857885391577, 0.5653957951741371, -0.29044058854064764, 0.5181413829677534, 0.31436547666812115, -0.1466030050632471, 0.44137241167622226, -0.18246105179908784, -0.03801840785288428, 0.018029552103436354], [-0.3094615539340406, 0.02321418653785643, 0.09137441077850739, -0.5940091604103805, 0.221093237085508, -0.6913714395583292, 0.27851695012020017, -0.428699717887437, -0.15071011385089894, -0.5280685987401357, 0.5885924037555992, 0.5854373160911855, -0.08237558934479122]], "inverted": false, "swapped": false, "error_lsq": 0.04348893433922158, "error_max": 0.301582934664936, "target": "648.xyz", "model": "9.xyz", "model_rescale": 3.833441315466971, "target_rescale": 3.840015705144273},
{"mapping": [5, 2, 1, 0, 12, 13, 11, 8, 9, 10, 4, 7, 14], "R": [[-0.12364965404422862, 0.780699781209943, 0.6125509078219462], [0.9827615170819071, 0.18184017016508475, -0.03337593530078342], [-0.13744294670011858, 0.5978645366076507, -0.7897261754996526]], "T": [-0.15598346285327036, 0.006331720676110854, 0.04031131900633679], "aligned_model": [[-0.3901327817450274, 0.2480248029347537, -0.8900554097508258, -0.5976363155951515, -0.5406717067798384, -0.16234934314271127, 0.10775254359719233, 0.4427549601548143, 0.6364022374063195, -0.12080183333355426, -0.2932996635047429, 0.32156822281824493, -0.07054817193566805], [-0.6021203324011174, -0.5277965899308701, -0.06799638380336165, -0.01935267482043644, 0.4461640404860836, -0.41369750811374967, 0.6263214796638722, 0.2993155182355921, -0.15250509890753727, 0.562725675157727, -0.5639707495519748, 0.21424821305275957, -0.030485224788839076], [-0.13967589452741114, -0.22071458758287643, 0.0053450127051765245, -0.4774782436507353, 0.18722130078444493, -0.6373474918601573, 0.14704977831426363, -0.3637086774767051, -0.02901323148903988, -0.5637931122640497, 0.580507518160521, 0.45579789699881734, 0.05934206253059489]], "inverted": false, "swapped": false, "error_lsq": 0.056142413495062445, "error_max": 0.33346889572851823, "target": "648.xyz", "model": "10.xyz", "model_rescale": 4.2482417240324, "target_rescale": 3.840015705144273},
{"mapping": [9, 3, 2, 0, 6, 11, 4, 1, 5, 8, 7, 12], "R": [[-0.19111868517057948, -0.9262929256460223, 0.32473845487838626], [0.6823185911690844, 0.11246114122000836, 0.7223529828695453], [-0.7056309150850074, 0.35963023734611943, 0.6105334585939324]], "T": [0.03752282030436461, 0.20888354435622636, -0.01820737573767438], "aligned_model": [[-0.6565185019867583, -0.008614772671780895, 0.387160911168575, 0.6371199427495231, -0.5380595927438945, 0.14258756399498132, -0.27853556626105797, 0.5246930250414621, 0.1271192972628063, 0.010244191401459386, -0.501629595742779, 0.03119870015047031], [-0.33215244490861606, -0.5991682018679375, -0.26293363180721985, -0.36235342210895394, 0.5882100314355572, 0.7430968244876557, 0.030095894317241162, 0.1964018353913824, -0.20389259533955406, 0.6239469101725649, 0.1392803380223401, 0.10559985225617943], [0.10381285217984294, 0.06347242306105795, 0.5624380254519852, -0.03566328214141894, 0.1204637963933833, 0.189733552438044, 0.46199050699571514, -0.20785891021914044, -0.644279183464298, -0.7410419785296601, -0.3401826767689182, 0.032307164457763535]], "inverted": false, "swapped": true, "error_lsq": 0.04217303428026359, "error_max": 0.2298847596846797, "target": "648.xyz", "model": "11.xyz", "model_rescale": 3.6694154284099745, "target_rescale": 3.840015705144273},
{"mapping": [11, 6, 9, 8, 10, 4, 12, 1, 0, 2, 7, 5, 13], "R": [[0.17806371800929566, 0.5186437660154626, 0.8362427615842208], [0.6407187194926514, -0.7061006755856203, 0.30149852143787975], [0.7468419075148388, 0.4821104436857063, -0.4580356812179245]], "T": [-0.08987478203584899, -0.02832192935359692, -0.06812791557819554], "aligned_model": [[-0.4516393793117808, 0.11482729548820315, -0.864483473135299, -0.6733726183071049, -0.4820186958116363, 0.18823290133400072, 0.15864332223207545, 0.3458036517258569, 0.6167906089118858, -0.24803074991909652, -0.3810324051501558, 0.3451470060853114, 0.022140076981545034], [-0.6349611429040105, -0.5299272891531333, -0.1855431083470447, 0.03152879907375614, 0.387916832675946, -0.3698104608560981, 0.5423393483732631, 0.4351054611127714, -0.1123904778617156, 0.5029826518902633, -0.13271550948527117, -0.1371158710016012, -0.026558869238977253], [-0.2829392040334176, 0.09418029718808622, 0.07311352111513385, -0.5461927821858218, 0.20845341275248497, -0.6628718512792775, 0.2045494729612895, -0.6266015946554111, -0.1336593493629185, -0.41311444453913393, 0.6075158791829662, 0.597823069553023, -0.11672409605415959]], "inverted": true, "swapped": false, "error_lsq": 0.04939312532886115, "error_max": 0.3518453329680394, "target": "648.xyz", "model": "12.xyz", "model_rescale": 3.9764082729961374, "target_rescale": 3.840015705144273},
{"mapping": [2, 8, 7, 0, 4, 1, 6, 12, 10, 5, 3, 14, 15], "R": [[0.20057313479765126, -0.5232596421081694, 0.8282329168405912], [0.9643537444823329, 0.2544017969085255, -0.07281195803311855], [-0.17260438320143112, 0.8133136373322063, 0.555633561107597]], "T": [-0.010392096114595392, 0.0587150938935273, -0.11075934412591099], "aligned_model": [[-0.3831440104600824, 0.059155953063271524, -0.6884884894274146, -0.6448660183442512, -0.6136882450276577, 0.15539485821361287, 0.03905305019936116, 0.465548144117413, 0.5936292643663768, -0.30636801672329456, -0.17790902568158745, 0.26568395520495464, -0.07299387837689711], [-0.5801692351065346, -0.6208213296533885, -0.2236188654597373, 0.027838541024647605, 0.40279749608643306, -0.3442311060177594, 0.7133011898714632, 0.16660734920735973, -0.45381113340212126, 0.7523359407049353, -0.35188827322261945, 0.21364145943909255, 0.0688683308063776], [-0.40932648635029373, 0.07102666902462995, 0.06674140430925929, -0.4623235829155141, 0.07228376278351481, -0.5727892392762415, 0.2800488264099509, -0.5219207284015515, -0.24722165165099286, -0.47697278069422766, 0.6046331359400605, 0.6231261201815081, -0.023773118717259054]], "inverted": false, "swapped": false, "error_lsq": 0.05591639421164331, "error_max": 0.3492807687300245, "target": "648.xyz", "model": "13.xyz", "model_rescale": 4.170626492500431, "target_rescale": 3.840015705144273},
{"mapping": [4, 6, 12, 8, 10, 2, 9, 1, 3, 7, 5, 11, 13], "R": [[-0.7797031782464247, -0.5942224732178613, -0.19738947832970305], [0.37681096770991607, -0.6970635951859011, 0.6100129825503903], [-0.5000764426024693, 0.40125054092094914, 0.7674122457745282]], "T": [-0.07128152268238196, -0.03250264910143874, -0.19741594355126965], "aligned_model": [[-0.5436340520260682, 0.234390416101377, -0.6837237373031416, -0.7662722071563156, -0.360498121259761, 0.1717519898942348, 0.21842625756723488, 0.3806083608832878, 0.6025549965461003, -0.34557024461355385, -0.3072929734772838, 0.145789237947348, -0.05552238197965378], [-0.5221996692012032, -0.6728025777882186, -0.10764074165835458, 0.11194747003874839, 0.39338436208787747, -0.5049846835001287, 0.6209475367327207, 0.5190383534000134, -0.11015440091897388, 0.6035940125470051, -0.5083247574768407, 0.015422760990723983, -0.06737730097522132], [-0.3977732421980957, 0.25432505989425513, 0.19625259974816703, -0.4157697948563528, 0.03345700372144919, -0.5855236685085177, 0.18386963860470515, -0.48449176208366485, -0.07336694023566633, -0.6188142550688613, 0.5409008885954041, 0.4735856146274531, -0.10311881159743189]], "inverted": false, "swapped": false, "error_lsq": 0.048644685246548275, "error_max": 0.3358169125945513, "target": "648.xyz", "model": "14.xyz", "model_rescale": 3.9786697098870705, "target_rescale": 3.840015705144273},
{"mapping": [4, 2, 9, 6, 3, 5, 10, 1, 7, 11, 0, 12], "R": [[-0.7234266292777876, -0.5271106571680849, 0.44587920690654387], [0.11531237679321306, 0.544503762336275, 0.8307940229442806], [-0.6807032891136042, 0.6524339107537801, -0.33312613870492047]], "T": [0.13769770714095833, -0.07947447299046466, 0.11246216360174803], "aligned_model": [[0.05539226218744238, -0.5852794952594192, 0.475773341721919, 0.5869522182069619, -0.06166477293415745, 0.34466293526392167, -0.6316161301939183, -0.12845572251799, 0.7284620840054895, 0.056622518227119334, -0.4462701008662622, 0.08877545892622941], [-0.3267994880310822, -0.0015621426293535995, 0.0669541130801828, -0.5941055367259267, 0.4558992425226089, 0.6382052312947046, -0.3252338007457805, 0.17268143347513892, 0.033844303328980904, -0.5771258200688563, 0.5079839136615797, -0.03606695893775753], [-0.43022014196256014, -0.27899786988282593, -0.6959719829015228, -0.0540870619021757, -0.46665568094233095, 0.22417078019312414, 0.4250044832942957, 0.4853402357496452, -0.08081053104732934, 0.4047493667766096, 0.1097542247819759, 0.0176906717169244]], "inverted": true, "swapped": true, "error_lsq": 0.051828156633234895, "error_max": 0.32146140232962267, "target": "648.xyz", "model": "15.xyz", "model_rescale": 3.769337070930944, "target_rescale": 3.840015705144273},
{"mapping": [5, 8, 9, 7, 0, 1, 2, 11, 4, 6, 12], "R": [[0.6796152054104218, 0.48249768728641534, -0.5525569240704626], [0.7289273169351627, -0.5287819633632199, 0.43480409594142944], [-0.08239016446552055, -0.6982733110931558, -0.7110740072695286]], "T": [0.035499682661307715, -0.02806865441021269, 0.03389783737946933], "aligned_model": [[-0.25049906042865117, -0.4995195725321698, -0.34657365097456805, -0.5711233345848076, 0.5456017827504613, 0.2833891016213081, 0.7295668726505112, 0.18525975325729988, 0.12667942078704406, -0.35564654822692465, 0.07549136637166737], [-0.03660648725266515, -0.6441390572582405, 0.7736061290514764, 0.14800312028462356, 0.09900558703768017, -0.3414887523336822, 0.4097481381404142, -0.39014546900193336, 0.47261325503481555, 0.030581608604714865, 0.07488642531813858], [-0.665036639504391, -0.13850645357044677, 0.05919099919176268, 0.01957046362780346, -0.6062436113756553, -0.30341060330762565, -0.058808776030207704, 0.4653305206990475, 0.35553709962248853, 0.6152567322979297, 0.001337875573071426]], "inverted": true, "swapped": true, "error_lsq": 0.05368840558447423, "error_max": 0.31897654162946465, "target": "648.xyz", "model": "16.xyz", "model_rescale": 3.7852294659196426, "target_rescale": 3.840015705144273},
{"mapping": [2, 8, 1, 7, 5, 11, 10, 10, 9, 6, 3, 0, 12], "R": [[-0.5471719530566509, -0.5233792898989221, 0.6532051536026569], [0.7682661975212067, -0.6237806334255517, 0.1437524647076489], [0.3322196615711909, 0.5804927564303605, 0.743409884382368]], "T": [-0.16676847998602512, -0.0737822148473351, 0.015582478313079684], "aligned_model": [[-0.5172166134583045, 0.2506159323678707, -0.8144404273740997, -0.5813015579552281, -0.5803848513305359, 0.04901273916379789, 0.3140869215073076, 0.3140869215073076, 0.6934476860902787, -0.20528310681541434, -0.35524485932424066, 0.2127409251931892, -0.08911216844812381], [-0.5338248727668187, -0.5722390214408684, -0.10002392666364177, 0.01578974213313973, 0.43694291998727536, -0.3111638410491525, 0.5406236486937535, 0.5406236486937535, -0.12258582427868112, 0.5428589688632741, -0.5688375145142459, -0.04778358262920514, -0.04952998075043472], [-0.1835001167836323, -0.023621801262491776, 0.248147685028441, -0.5425986723615808, 0.03262197843343598, -0.6439783630330923, -0.18575950186034354, -0.18575950186034354, -0.05447564640703356, -0.6213347140864945, 0.6087875658383118, 0.5821897834566215, -0.027186364458954303]], "inverted": true, "swapped": false, "error_lsq": 0.05029604974903289, "error_max": 0.37001722194065456, "target": "648.xyz", "model": "17.xyz", "model_rescale": 3.901054581598922, "target_rescale": 3.840015705144273},
{"mapping": [3, 0, 13, 12, 9, 7, 10, 6, 1, 11, 2, 8, 14], "R": [[-0.03168464729330184, -0.9713353073878848, -0.23559245265411705], [0.007426399585747201, -0.23593308052673595, 0.9717409274607907], [-0.9994703255800503, 0.029039664854265457, 0.014688980565718823]], "T": [-0.03487441042665605, 0.03997552873617772, 0.025299821261318634], "aligned_model": [[-0.4589992691368644, 0.14148479164443262, -0.729052065988335, -0.528770969012441, -0.5236258779585016, 0.09063784201962584, 0.08065057206800581, 0.3811741205140174, 0.5790009960274435, -0.19586745859876176, -0.32542587751430707, 0.2561614383811486, -0.07636070132165773], [-0.5658146722413059, -0.6916868254941513, -0.09303462438371005, -0.030129355523465816, 0.4772665753202308, -0.22950076075201808, 0.8419327345588618, 0.2741734388383169, -0.24137248115111326, 0.5534661073404836, -0.5240955622022995, -0.05904233471397188, 0.05868812468229035], [-0.16586038939058645, -0.06994801202882361, 0.19241618786403555, -0.5252695192374701, 0.08923858022006505, -0.5674110928332161, 0.15168164977136148, -0.5541660570059339, -0.14699594803993563, -0.5638857632971845, 0.5555278395032803, 0.6134425331658027, -0.005237678048551499]], "inverted": false, "swapped": false, "error_lsq": 0.045536802000540375, "error_max": 0.2887706064610801, "target": "648.xyz", "model": "18.xyz", "model_rescale": 3.9405287249114394, "target_rescale": 3.840015705144273},
{"mapping": [9, 13, 8, 5, 6, 11, 3, 10, 14, 2, 4, 12, 15], "R": [[-0.20921639040519957, 0.26762420497400874, -0.9405348408739832], [-0.3514413208901468, 0.8769785932595955, 0.3277156464610899], [0.9125335610029958, 0.39910629145185234, -0.08942409164616119]], "T": [-0.10998609806467187, -0.060769253630365956, 0.08898635193409124], "aligned_model": [[-0.4037002614786725, 0.25008026132012984, -0.8656638873759792, -0.6572074145789255, -0.6790226288611406, 0.10353392069047322, 0.4669306838016176, 0.2910069267593265, 0.6372476574107929, -0.3000268618251245, -0.2987235425892391, 0.2556062713971695, -0.10905358354662281], [-0.6048650499621568, -0.6173672293637783, -0.08514218105466434, 0.025898754416359908, 0.4126946419364211, -0.29357213882403543, 0.5574805776851864, 0.3101120404721716, -0.12053353211296783, 0.5706164826157608, -0.33034097713163624, -0.01930640198478179, -0.03482462241373109], [-0.36565812629106353, -0.020012527054683857, 0.06390259850080088, -0.5309331024246886, -0.012565712575016291, -0.5586441137916357, 0.19078403242485803, -0.47630622423673874, -0.10545877598551712, -0.4771954591366344, 0.741959775236272, 0.49489534855043316, 0.05876461742645776]], "inverted": true, "swapped": false, "error_lsq": 0.04542976594783838, "error_max": 0.29008827109788216, "target": "648.xyz", "model": "19.xyz", "model_rescale": 4.410303926677745, "target_rescale": 3.840015705144273},
{"mapping": [8, 9, 7, 1, 2, 5, 6, 3, 10, 0, 12, 11, 13], "R": [[0.8344477207715583, -0.2540160992438501, -0.48905298549757403], [0.3363733633819859, -0.4681731792465136, 0.8171088266817967], [-0.4365202878518275, -0.8463389956507681, -0.3052217926928012]], "T": [-0.11741240060444519, 0.08206881257521914, -0.0487059141477823], "aligned_model": [[-0.23382357570918755, 0.08892878090492473, -0.763699054079378, -0.685259007455848, -0.6198782189188017, 0.191771665823043, 0.242442803305209, 0.28738771398259916, 0.5592812719548825, -0.27048320780473045, -0.3756471410017815, 0.3735062890248341, -0.1035207789019604], [-0.653491564523828, -0.510175298018848, -0.20700251936655806, 0.016016130797043393, 0.4848910161850416, -0.3516396851303816, 0.4983990343373197, 0.4653686111029453, -0.3628887894180672, 0.6709909679056083, -0.30158137703153043, 0.01415198067627943, 0.007811856763123098], [-0.23964294921411367, 0.23506680664929142, 0.026157238011954798, -0.5348202684818775, 0.10579684135742798, -0.6932001926745155, 0.13481302723212016, -0.5125817891200934, -0.1873869112374535, -0.4267262779733379, 0.5486233820994342, 0.6157633993732883, -0.06832997537928225]], "inverted": true, "swapped": false, "error_lsq": 0.049370819873359194, "error_max": 0.2986105668287527, "target": "648.xyz", "model": "20.xyz", "model_rescale": 4.121658175737393, "target_rescale": 3.840015705144273},
{"mapping": [2, 4, 6, 1, 8, 3, 9, 7, 11, 5, 10, 9, 12], "R": [[0.6750573279084537, -0.36999924222719827, -0.6382774982626267], [-0.6580915229340984, -0.6930561813665564, -0.2942595400524608], [-0.33348635876056054, 0.6186870697056032, -0.7113460186855036]], "T": [-0.17175719952821752, -0.007460337814873767, -0.12920759760032932], "aligned_model": [[-0.4848550799452921, 0.04987053114025283, -0.7077834521064419, -0.7047200342688638, -0.46958245770869855, 0.10906449792542952, 0.17747164876416174, 0.40230806005368835, 0.6718552558027738, -0.2643240655728144, -0.13370721134244024, 0.17747164876416174, -0.13206180038211168], [-0.686045821777286, -0.5352373225821404, -0.08273712558760571, -0.12702020299375186, 0.5409230612903146, -0.24811306215610185, 0.3281615022369946, 0.23658560418176078, -0.20362812182821483, 0.5560739309591883, -0.36321641135567, 0.3281615022369946, 0.026942831653665993], [-0.2622605661615457, -0.09094266227262154, 0.23083923802202985, -0.5581958508393494, 0.12432517314550581, -0.7173114519104136, 0.40750467837369586, -0.40797042803745553, 0.027014132215627124, -0.5003733735208864, 0.5640909356484372, 0.40750467837369586, -0.22069217239387606]], "inverted": false, "swapped": false, "error_lsq": 0.056423789403972795, "error_max": 0.3909496954900378, "target": "648.xyz", "model": "21.xyz", "model_rescale": 4.08911054899281, "target_rescale": 3.840015705144273},
{"mapping": [12, 14, 13, 7, 0, 5, 1, 8, 11, 6, 3, 2, 16], "R": [[-0.7247993348340135, 0.3292049867765958, 0.6052189693867778], [-0.6809633930461242, -0.4757626329438129, -0.5567214513789467], [0.10466509234354088, -0.8156433005767854, 0.5690089846996494]], "T": [-0.05080743618794719, -0.07150221683722655, -0.09502410071772432], "aligned_model": [[-0.5034077557423744, -0.04528333292572228, -0.6592974492291097, -0.6902378633209176, -0.44364990832351003, 0.24595792486770757, 0.40500321567903913, 0.3304218714589249, 0.6972494910925563, -0.2654535834480019, -0.42422812825948003, 0.13421088284456284, -0.0902778235698694], [-0.6430838562215038, -0.6551813596546012, -0.21128592794724946, 0.025153010508944806, 0.5832534462556211, -0.22856760919794433, 0.5201527768494628, 0.38624354708100117, 0.00700977169064998, 0.4551785383304001, -0.4853623852026506, 0.0687411294385517, -0.05140071765253433], [-0.21085538445444882, 0.1716418484962438, 0.1216101167219813, -0.3909678181584579, 0.035548530080384944, -0.7154995933427339, 0.1736381395696599, -0.4498410234625083, -0.2369386223971417, -0.5767901665150594, 0.5709755772610552, 0.5886087355482124, -0.0775980087043439]], "inverted": false, "swapped": false, "error_lsq": 0.04243824383634725, "error_max": 0.23616757692305848, "target": "648.xyz", "model": "22.xyz", "model_rescale": 4.204369325754507, "target_rescale": 3.840015705144273},
{"mapping": [9, 13, 8, 5, 6, 11, 3, 10, 14, 2, 4, 12, 15], "R": [[-0.20921639040519957, 0.26762420497400874, -0.9405348408739832], [-0.3514413208901468, 0.8769785932595955, 0.3277156464610899], [0.9125335610029958, 0.39910629145185234, -0.08942409164616119]], "T": [-0.10998609806467187, -0.060769253630365956, 0.08898635193409124], "aligned_model": [[-0.4037002614786725, 0.25008026132012984, -0.8656638873759792, -0.6572074145789255, -0.6790226288611406, 0.10353392069047322, 0.4669306838016176, 0.2910069267593265, 0.6372476574107929, -0.3000268618251245, -0.2987235425892391, 0.2556062713971695, -0.10905358354662281], [-0.6048650499621568, -0.6173672293637783, -0.08514218105466434, 0.025898754416359908, 0.4126946419364211, -0.29357213882403543, 0.5574805776851864, 0.3101120404721716, -0.12053353211296783, 0.5706164826157608, -0.33034097713163624, -0.01930640198478179, -0.03482462241373109], [-0.36565812629106353, -0.020012527054683857, 0.06390259850080088, -0.5309331024246886, -0.012565712575016291, -0.5586441137916357, 0.19078403242485803, -0.47630622423673874, -0.10545877598551712, -0.4771954591366344, 0.741959775236272, 0.49489534855043316, 0.05876461742645776]], "inverted": true, "swapped": false, "error_lsq": 0.04542976594783838, "error_max": 0.29008827109788216, "target": "648.xyz", "model": "23.xyz", "model_rescale": 4.410303926677745, "target_rescale": 3.840015705144273},
{"mapping": [5, 4, 15, 6, 14, 0, 11, 7, 1, 13, 8, 10, 16], "R": [[0.5263844324116105, -0.27454908484276863, -0.8047000865705838], [0.6881467568540385, 0.693431912110521, 0.213556138516353], [0.4993730773139215, -0.666164381574657, 0.5539418258041898]], "T": [-0.08238955253429375, -0.012798918709332613, -0.0796877115024046], "aligned_model": [[-0.45773424148469694, -0.07498572311493645, -0.7468622033298962, -0.7288407471325087, -0.4890418040299158, 0.26523288135909734, 0.16247723597544814, 0.3155417116234315, 0.7726500327658765, -0.3150071925567881, -0.2544253818083013, 0.22656257221730614, 0.015440400639689114], [-0.4695962199145305, -0.6633271206706605, -0.0323363726179991, 0.11060574117762147, 0.5156712802088065, -0.3714877670861476, 0.5075658195438938, 0.3108414113275928, 0.059538533548080086, 0.44427979103499726, -0.43467415372063845, -0.12375923946014816, -0.08247133909271942], [-0.29429112134555074, 0.14535142899106895, 0.17994390266309185, -0.4601745479113973, 0.03651549509534609, -0.6461563907692435, 0.1848539330043525, -0.5025807741810474, -0.08284209590459156, -0.5604732255083498, 0.6045137403994558, 0.4824691510421728, -0.0835971649324645]], "inverted": false, "swapped": false, "error_lsq": 0.046730985943012025, "error_max": 0.25788158215604906, "target": "648.xyz", "model": "24.xyz", "model_rescale": 4.28219845311461, "target_rescale": 3.840015705144273},
{"mapping": [2, 14, 0, 4, 1, 13, 5, 9, 12, 3, 6, 10, 15], "R": [[-0.06788271362452401, 0.1841644962022128, -0.9805485074842328], [0.3155948707310272, 0.936312701186887, 0.1540078022841122], [0.9464627910061958, -0.29900161192659325, -0.12168081732985607]], "T": [-0.04683147056899059, 0.012444190925735212, -0.14856014702341214], "aligned_model": [[-0.33031898636015666, 0.25739228477909526, -0.8158443185288176, -0.6495563482462576, -0.43174719147426666, 0.10160844610657441, 0.18740241755622583, 0.3827273671610728, 0.6401385382232216, -0.3519750412289142, -0.4284548023741639, 0.24710278920507014, -0.11746761369487846], [-0.6107408844097989, -0.5974692521021675, -0.17437584477747367, 0.020525932724154393, 0.4860442693531689, -0.37084058980979234, 0.7290508239636205, 0.4177911591045653, -0.28656505906825935, 0.6441431110221424, -0.3517980745308741, -0.12881140555897258, -0.006103821632164868], [-0.155990803624122, 0.1914370935394879, 0.04961070342734006, -0.5624514133049554, 0.044883003178841724, -0.577483012968881, 0.24753340260090506, -0.4772647624383731, -0.300499528590803, -0.4770250926321787, 0.5821164843519027, 0.5748721761559596, -0.13620591905228038]], "inverted": true, "swapped": false, "error_lsq": 0.04265372591603366, "error_max": 0.2855787073015945, "target": "648.xyz", "model": "25.xyz", "model_rescale": 4.100010024507729, "target_rescale": 3.840015705144273},
{"mapping": [9, 3, 2, 0, 6, 11, 4, 1, 5, 8, 7, 12], "R": [[-0.19111868517057948, -0.9262929256460223, 0.32473845487838626], [0.6823185911690844, 0.11246114122000836, 0.7223529828695453], [-0.7056309150850074, 0.35963023734611943, 0.6105334585939324]], "T": [0.03752282030436461, 0.20888354435622636, -0.01820737573767438], "aligned_model": [[-0.6565185019867583, -0.008614772671780895, 0.387160911168575, 0.6371199427495231, -0.5380595927438945, 0.14258756399498132, -0.27853556626105797, 0.5246930250414621, 0.1271192972628063, 0.010244191401459386, -0.501629595742779, 0.03119870015047031], [-0.33215244490861606, -0.5991682018679375, -0.26293363180721985, -0.36235342210895394, 0.5882100314355572, 0.7430968244876557, 0.030095894317241162, 0.1964018353913824, -0.20389259533955406, 0.6239469101725649, 0.1392803380223401, 0.10559985225617943], [0.10381285217984294, 0.06347242306105795, 0.5624380254519852, -0.03566328214141894, 0.1204637963933833, 0.189733552438044, 0.46199050699571514, -0.20785891021914044, -0.644279183464298, -0.7410419785296601, -0.3401826767689182, 0.032307164457763535]], "inverted": false, "swapped": true, "error_lsq": 0.04217303428026359, "error_max": 0.2298847596846797, "target": "648.xyz", "model": "26.xyz", "model_rescale": 3.6694154284099745, "target_rescale": 3.840015705144273},
{"mapping": [8, 7, 4, 10, 2, 9, 6, 12, 3, 11, 5, 1, 13], "R": [[0.912114107939715, -0.23512642918332405, -0.33580264501167556], [-0.10874632890739876, -0.9285912352626919, 0.35481340693732544], [-0.39524940233541395, -0.2871130092712755, -0.8725503021950601]], "T": [-0.1571887059762873, -0.06982548997231301, -0.05023943977957525], "aligned_model": [[-0.46907857207587317, 0.2510892793046753, -0.9709868336177824, -0.5917567451385461, -0.3937234004062686, 0.07289729162585626, 0.26409623597175, 0.2877409174101163, 0.6356197702867579, -0.24051178853498764, -0.20746901562149928, 0.2314125965063264, -0.17832219458671975], [-0.6036865921730104, -0.5390640336835048, -0.08940405576133863, -0.05393512261164006, 0.5653359998682193, -0.26686546150831664, 0.4061195189379789, 0.47205913316250253, -0.1472746005218567, 0.508851051822143, -0.49456806989257485, 0.030283844644492644, -0.017001248004946644], [-0.21171460013400356, 0.04595203878875655, 0.06325001919247254, -0.46591820452038923, 0.0022092623755178703, -0.6610579224688845, 0.20896275539942483, -0.4218999014925767, -0.18547100256761612, -0.6782252621791873, 0.6153761632420275, 0.736280618786731, -0.04421163377942878]], "inverted": false, "swapped": false, "error_lsq": 0.043009111276671605, "error_max": 0.2228043558404597, "target": "648.xyz", "model": "27.xyz", "model_rescale": 4.103607728864725, "target_rescale": 3.840015705144273},
{"mapping": [8, 7, 4, 13, 2, 11, 3, 10, 9, 12, 1, 0, 14], "R": [[0.9707755165855518, -0.001819687353847535, -0.23998246839298454], [0.12671328940086735, 0.8531092537493106, 0.506110999145945], [0.20381030073886752, -0.5217291346141492, 0.8284081550826885]], "T": [0.05024236481701719, -0.03739261759431062, -0.20932175994176294], "aligned_model": [[-0.5283189275842554, -0.022478325524509193, -0.8285209510205829, -0.48203340953106966, -0.4242408890197773, -0.001013169961567889, 0.1271099376313636, 0.3941998274675953, 0.844080458252952, -0.37804896925188536, -0.22342157501330992, 0.20930381970297926, 0.004389714975871817], [-0.618303510307844, -0.7283218222052104, -0.07724760564576855, -0.0022648037970985635, 0.3426046332858977, -0.4508942699028469, 0.6188772710394332, 0.21890105034615648, -0.018589936775512902, 0.6969846258771064, -0.28939463352282585, 0.11093482478334388, -0.03243545889668287], [-0.1998696454505578, -0.01590567742692947, 0.00930097858294382, -0.5771818823982129, 0.20515192726167508, -0.7556279809862969, 0.14695350174376792, -0.4846072407909172, -0.010345714506594883, -0.3299460301262437, 0.6058247692659473, 0.4706710079528019, -0.06088568247854009]], "inverted": true, "swapped": false, "error_lsq": 0.04851997139394571, "error_max": 0.2301388540308639, "target": "648.xyz", "model": "28.xyz", "model_rescale": 4.137296879288765, "target_rescale": 3.840015705144273},
