[{"mapping": [3, 7, 0, 4, 5, 10, 1, 6, 9, 8, 2, 11], "R": [[0.6510331301672871, 0.7566737816449115, 0.06000542971909373], [-0.3311679890942436, 0.35428494446591413, -0.8745341280499345], [-0.6829960661847615, 0.5494788133276597, 0.4812373710344696]], "T": [-0.11275857406326781, 0.041587439784028374, -0.02926431877997439], "aligned_model": [[-0.5411397903891946, 0.4807557037431145, 0.3131469852515619, -0.308770606430982, 0.7094071620202727, 0.10085028318473674, 0.26406789320002566, -0.23384727916767595, -0.5156032723505034, -0.6330166740758058, -0.1276278565903623, -0.0503933039058967], [-0.27439790463960123, 0.7478244313931885, -0.34321706051295475, -0.7415766988546014, 0.03554542383411945, 0.10973084958325188, 0.3243280278095423, 0.7400448151760655, 0.3576890348888402, 0.17618493439606617, -0.20695629607980962, 0.014516313681854437], [-0.465928160190647, -0.24274364702705256, 0.20164983214502297, -0.005146237160001916, -0.14192899373792198, -0.6707384630531488, 0.4998293713844496, 0.1212325506610915, -0.35660566212362366, 0.30884589181224736, 0.7367351338219181, -0.014773525224731916]], "inverted": true, "swapped": false, "error_lsq": 0.05495693664937055, "error_max": 0.34106437301328363, "target": "649.xyz", "model": "0.xyz", "model_rescale": 3.751011558992144, "target_rescale": 3.9301115531265975},
{"mapping": [13, 11, 8, 2, 10, 9, 1, 7, 12, 3, 0, 14], "R": [[0.2573880977260701, 0.7995946017394548, -0.5425862512247043], [-0.9655475744016566, 0.19054093506971462, -0.17723440306508326], [-0.03833078026902903, 0.5695108646302384, 0.8210895970307297]], "T": [0.09797535493433279, 0.04846763423673059, 0.01803863998875233], "aligned_model": [[-0.4126255057336447, 0.21624732639363795, 0.3608196494369366, -0.3673435382183751, 0.7770514858593893, 0.10456127619913996, 0.25871550381806413, -0.1554042496329786, -0.40980809416351754, -0.6594657417385752, -0.3316082332410895, 0.07668936551030353], [-0.2213916897328412, 0.7158326557880836, -0.5102405414596803, -0.6240793469603414, 0.11907777163543687, 0.029586487701845327, 0.22132606616600659, 0.5758833949462493, 0.5099944490148354, 0.04978232813456282, -0.0036040047972157596, 0.07754830023902032], [-0.4223758291790818, -0.4031105707472617, 0.2613004401080677, 0.1400918568490731, -0.436189898341076, -0.6405885301772801, 0.6737581810149628, 0.32998160775971686, -0.26678423855206795, 0.11646194090714623, 0.641136548569846, -0.02325341690444294]], "inverted": true, "swapped": false, "error_lsq": 0.038279230711236005, "error_max": 0.20494141719279005, "target": "649.xyz", "model": "1.xyz", "model_rescale": 3.9405287249114394, "target_rescale": 3.9301115531265975},
{"mapping": [3, 1, 8, 10, 4, 7, 2, 0, 6, 11, 5, 12], "R": [[-0.33851821981992747, 0.09558782314173817, 0.9360920803622748], [0.07675152320433815, -0.9887069165311064, 0.12871610967305533], [0.9378244070910937, 0.11541924133599149, 0.3273587942818444]], "T": [-0.036878367641726015, 0.06985085342871473, -0.0015111849860160876], "aligned_model": [[-0.11575602389553348, 0.46706483913475627, 0.29468044035104385, -0.3395753912830926, 0.5636577497147411, -0.03473603705629923, 0.29824303605934877, -0.3329286152026367, -0.4639897541750846, -0.6785775387266395, -0.23349740008664294, 0.033243939655329915], [-0.27513220462181726, 0.6685270396540489, -0.6183317981364665, -0.7172222571012101, -0.12397953892398948, 0.23612917489211177, 0.3466484391098374, 0.8225415690295639, 0.31280955794591986, -0.043898977440454845, 0.24520884239364604, 0.08641602387477204], [-0.4504707417067755, -0.12338981620901075, 0.1294970782529578, -0.020941827584169112, -0.30725923916400544, -0.77691868004079, 0.523128090005986, 0.2192622867973579, -0.23368057311093035, 0.2864079683250356, 0.6757382610553585, 0.04905528468658697]], "inverted": true, "swapped": false, "error_lsq": 0.04947383265938685, "error_max": 0.2561401416880389, "target": "649.xyz", "model": "2.xyz", "model_rescale": 3.932901565614263, "target_rescale": 3.9301115531265975},
{"mapping": [10, 5, 1, 11, 6, 12, 0, 7, 9, 8, 3, 13], "R": [[0.25455888301456037, -0.6375522996530001, -0.7271360534903702], [-0.8334788052094995, -0.5259539056987049, 0.1693681503318237], [-0.4904211010396319, 0.5629383219211932, -0.6652725677251591]], "T": [0.008045632786487865, 0.0946479905360887, 0.112861440592215], "aligned_model": [[0.08965183058677798, 0.1706721670380677, 0.4296741325510044, -0.5620586882397686, 0.5073454394921321, -0.0024913908643775864, 0.37140067892644246, -0.1970219113065666, -0.4440238460761227, -0.7158733705377777, -0.21912987327226688, 0.0296840761917466], [-0.40646627286364906, 0.5977863612853836, -0.47876102655046554, -0.5796237530242693, 0.09389816679215074, 0.12260107101303336, 0.1207506211116941, 0.75833072144216, 0.5047418840840909, 0.12069204963328682, -0.017490602685855366, 0.10325665043840115], [-0.3924803880734422, -0.37417457028555523, 0.31828813852193494, -0.021479086988609508, -0.3533910676796632, -0.6501833854723915, 0.6752155036740708, 0.2778313845330581, -0.2960995895125773, 0.23139290959371048, 0.5561465671624294, -0.0006383241653623861]], "inverted": false, "swapped": false, "error_lsq": 0.052506930976439686, "error_max": 0.41470038060075753, "target": "649.xyz", "model": "3.xyz", "model_rescale": 3.9243930471874484, "target_rescale": 3.9301115531265975},
{"mapping": [4, 11, 0, 2, 6, 10, 5, 9, 8, 7, 1, 12], "R": [[-0.47357429646365323, -0.7809880769531041, 0.40716705341425735], [-0.658108776366767, 0.6210114994594217, 0.4257200441701069], [-0.5853377009880646, -0.06635014089098523, -0.8080701916329757]], "T": [-0.02675638925352645, 0.13470718815993282, -0.09559081674320266], "aligned_model": [[-0.4005112133932862, 0.41607080988967554, 0.18265016280422983, -0.2919911792189863, 0.6816030173414819, 0.0339551942574435, 0.4992408500231666, -0.21703634269918176, -0.5522533770367007, -0.7055059631270243, -0.2236162268838682, 0.03522351253234122], [-0.23330278119706516, 0.783904461164578, -0.4907828682350573, -0.7284083225587685, 0.059042835308112024, 0.2993045710113195, 0.05974078085213355, 0.7838797657680767, 0.40441822952360285, -0.20433013852504645, 0.10621074833406874, 0.10003858923000755], [-0.3735175396868504, -0.18822479436392878, 0.4412829474387199, 0.09387319477970316, -0.2139900208477642, -0.7784887042088011, 0.4441591641030608, 0.10454887341143038, -0.31341009714225865, 0.16377661759084097, 0.5904080587864087, 1.0391447040986046e-05]], "inverted": false, "swapped": false, "error_lsq": 0.05311996722566654, "error_max": 0.2982599427491473, "target": "649.xyz", "model": "4.xyz", "model_rescale": 3.8936222436046832, "target_rescale": 3.9301115531265975},
{"mapping": [1, 7, 9, 0, 6, 5, 8, 10, 4, 2, 3, 11], "R": [[-0.38580647557150516, 0.22925682591365476, -0.8936412429935685], [0.0326708958371187, -0.9646304866425757, -0.26157338703489746], [-0.9220010715678666, -0.13011276652083115, 0.3646706624010245]], "T": [0.00811072498091054, 0.11057475322431248, 0.06427262513111717], "aligned_model": [[-0.22518369635424257, 0.3974256157693888, 0.3592409017050653, -0.4000027958641125, 0.6014472537415142, 0.06808274186017615, 0.3888735814446572, -0.2542554120358891, -0.49963526800918373, -0.7372539321958712, -0.21196568725176052, -0.028944058320451126], [-0.4600905296585122, 0.6100611186529927, -0.36777768621987816, -0.6384668624283094, -0.023820392920574945, 0.2710168954186854, 0.24631621387030178, 0.6375868238622739, 0.509108240037445, 0.07671033753493348, -0.05033084316162534, 0.12940255568822903], [-0.44858565455949106, -0.07245635478630011, 0.23725379894119814, 0.29900294081490386, -0.45002139237125216, -0.7280862160806012, 0.6827034857211152, 0.2942502045466656, -0.3983175448875732, 0.08532480093026193, 0.5701953407228071, -0.1008353176841319]], "inverted": true, "swapped": false, "error_lsq": 0.0524199818898233, "error_max": 0.32636987581638455, "target": "649.xyz", "model": "5.xyz", "model_rescale": 3.6523030999806103, "target_rescale": 3.9301115531265975},
{"mapping": [1, 10, 5, 0, 6, 2, 9, 11, 4, 3, 7, 12], "R": [[-0.8935314575018274, 0.29363875859454086, -0.3396730985899783], [0.44899921612631316, 0.5862275573773408, -0.6743418679641305], [0.0011128219158845487, -0.7550586271425904, -0.6556563362043639]], "T": [0.09180208684514013, 0.06738297124870361, 0.00411912723715366], "aligned_model": [[-0.011709876329510566, 0.4006731608284877, 0.14292710130895275, -0.5506199491075336, 0.5803725881907196, -0.1779283325416413, 0.46864121523505603, -0.30816576322102096, -0.24600146289022184, -0.587985945438625, -0.2752069872223404, 0.022833495676968574], [-0.4449110034669741, 0.7463172059360568, -0.5211742491854746, -0.6895712378180207, 0.07773951248345982, 0.15503261941879892, 0.4506195744435111, 0.7101502183262819, 0.4740340741182428, -0.07375882024554166, 0.04803078754168395, 0.007207189123937141], [-0.4532811601951835, -0.22461654180653637, 0.3430736391670191, 0.04256367948175624, -0.42461863566773816, -0.6999935585186189, 0.4876321596020278, 0.4529453610278522, -0.21871543975839514, 0.028775339548482298, 0.5800947276188747, 0.05656852080806181]], "inverted": false, "swapped": false, "error_lsq": 0.0586288389518757, "error_max": 0.3328481823112106, "target": "649.xyz", "model": "6.xyz", "model_rescale": 4.08911054899281, "target_rescale": 3.9301115531265975},
{"mapping": [1, 12, 6, 0, 7, 13, 4, 10, 11, 9, 8, 14], "R": [[-0.3191854137884434, -0.7660882245955046, 0.5578794706393201], [0.24513770201669904, -0.6353785443434938, -0.7322578865658704], [0.9154387902392341, -0.09696874508856296, 0.3906006705079717]], "T": [0.030428627202836893, 0.08621174965151762, 0.01445497846249528], "aligned_model": [[-0.4333198879157901, 0.21589985222187302, 0.26514839962903497, -0.1806118955960067, 0.7384888647274439, 0.10926930599694845, 0.31133795294195643, -0.05925420983524372, -0.36542671997785414, -0.713011272005382, -0.2965278253590367, -0.1341633203386525], [-0.27512586944131673, 0.6822033503593103, -0.34274831003727213, -0.8273653971684838, -0.0595227303727362, 0.21466554010799918, 0.08723245356388792, 0.7617522325594364, 0.45953261326167544, -0.09353851677769465, 0.26180844749823406, 0.07082205712292139], [-0.424086352097106, -0.329632735045119, 0.11466905969591847, 0.08858242040476909, -0.2624947027182353, -0.7019096587414007, 0.6609365316243557, 0.2487132615504585, -0.20568393190770082, 0.18633943352371107, 0.58665621152519, 0.008338553492760798]], "inverted": true, "swapped": false, "error_lsq": 0.05114544547340216, "error_max": 0.31358822785481755, "target": "649.xyz", "model": "7.xyz", "model_rescale": 3.964800864290218, "target_rescale": 3.9301115531265975},
{"mapping": [2, 12, 3, 0, 11, 4, 10, 8, 7, 1, 5, 13], "R": [[0.4932844431671906, -0.6575283197109476, -0.5694971175584057], [-0.644213094604146, 0.16378479460453915, -0.7471037610646186], [0.5845168490897285, 0.7354121632353158, -0.3427958624251012]], "T": [-0.007221790492909573, 0.022222985581624534, -0.029236110347013195], "aligned_model": [[-0.3549538978813042, 0.07581498671260462, 0.10409469513757663, -0.3281418316597695, 0.7551930219243944, 0.2734431642067782, 0.4976440112828648, -0.2115305581474218, -0.5250725796514476, -0.7448541120874114, -0.0777615261688234, -0.006046129178749748], [-0.17717771528795806, 0.6455767780700694, -0.5826872926261698, -0.6174480246339186, 0.22492436477965166, -0.08389707912522823, 0.22832269076165942, 0.6411739576941318, 0.4494152001025436, 0.023158519536196166, 0.10925815084261759, 0.0790963205623664], [-0.5564272234531024, -0.44781690339677066, 0.3550227751037381, -0.060711471981644075, -0.28373390831702466, -0.6656786529884348, 0.5853917825518032, 0.3784588773432424, -0.2662815426639116, 0.10866811035605327, 0.7993287625912162, 0.02420748616243684]], "inverted": true, "swapped": false, "error_lsq": 0.054312867795995, "error_max": 0.2739372753763847, "target": "649.xyz", "model": "8.xyz", "model_rescale": 4.121658175737393, "target_rescale": 3.9301115531265975},
{"mapping": [7, 3, 5, 9, 10, 11, 0, 2, 8, 6, 1, 12], "R": [[-0.5974514425475295, 0.7998834557566835, 0.05690545672097119], [0.4938719857967858, 0.42293452660868214, -0.7597478843981269], [-0.6317770456759377, -0.4258084585926354, -0.6477228737260622]], "T": [-0.054194140926287625, 0.034270960775536756, -0.004242716298791515], "aligned_model": [[-0.2075289579237322, 0.3722653251845867, 0.3583265499577989, -0.4648231235340135, 0.6725549293839455, 0.06761322193517985, 0.4469861602833506, -0.15833510384572566, -0.6155822339653726, -0.7233762829154553, -0.2149852508736514, -0.07528598919761949], [-0.36708416148429207, 0.674045047040905, -0.42097588912263506, -0.6770964358133208, 0.05317386159114148, 0.2178029169772805, 0.15890661112597243, 0.6921588594927559, 0.35091427037592227, -0.043236568158450124, 0.24504923322073177, 0.05605812542994998], [-0.524447877793142, -0.18174041706633215, 0.06129270562007623, 0.13188253024968072, -0.2232388343907166, -0.5996510316245015, 0.589144596898431, 0.1924413537794434, -0.3435563782791982, 0.15814538023328142, 0.6318786986374176, 0.078277365043162]], "inverted": false, "swapped": false, "error_lsq": 0.04275364191309972, "error_max": 0.20709668011271673, "target": "649.xyz", "model": "9.xyz", "model_rescale": 3.833441315466971, "target_rescale": 3.9301115531265975},
{"mapping": [2, 0, 7, 3, 10, 13, 12, 1, 5, 4, 6, 14], "R": [[0.9249464847069054, 0.04299845190226764, 0.37765742884570236], [0.15529417891081962, -0.9496204474440914, -0.27222182828072045], [0.346926099370965, 0.31043862345090395, -0.8850255039518099]], "T": [0.08064323592163977, 0.010608423385115598, 0.043811693519935496], "aligned_model": [[-0.23718395286549263, 0.19787816124878727, 0.17447651230355482, -0.4709715037224026, 0.8304796233129809, -0.02927494971965522, 0.3617230660505113, -0.08309334235211202, -0.43284148031181346, -0.6716022237558462, -0.23436840186067767, 0.05260773616145648], [-0.2605220362389008, 0.6141530902088606, -0.5899538590578606, -0.659465467753714, 0.19787677890313227, 0.2746394479649005, 0.30754971485959326, 0.7052252409210329, 0.3017530284647937, -0.057887242378281425, 0.18168006257663577, -0.07533288779423107], [-0.5411023231178714, -0.2491264725421519, 0.31663808141548744, 0.011500562788633262, -0.23624204897487636, -0.7004276174139399, 0.4863498905413527, 0.23435497638580458, -0.2863450368289381, 0.299443640381973, 0.6206407239708515, 0.014743714701276858]], "inverted": false, "swapped": false, "error_lsq": 0.04386978014406106, "error_max": 0.21397460490943804, "target": "649.xyz", "model": "10.xyz", "model_rescale": 4.2482417240324, "target_rescale": 3.9301115531265975},
{"mapping": [8, 4, 1, 3, 0, 10, 6, 5, 9, 7, 2, 11], "R": [[0.8408156027082931, 0.3719139494726682, -0.3933308231373833], [0.31170765720995974, -0.9267014759166958, -0.20991119782064066], [-0.4425691569449549, 0.053892380922162926, -0.89511348587739]], "T": [-0.018918444096227702, 0.03127240252040066, 0.03750579054233975], "aligned_model": [[-0.19761593985731282, 0.2540545890793389, 0.36686701522241033, -0.5350462404680065, 0.6707286220315216, 0.07834467589911201, 0.35466616219460473, -0.26979318209111613, -0.43804136425714646, -0.6915359455189991, -0.09121691896856046, -0.04358222877655504], [-0.409140538245507, 0.8508480797769994, -0.5546777059635438, -0.5745258140457832, -0.040907147849543274, 0.0917861395561072, 0.36894031728830146, 0.6911441305868623, 0.45726722394403285, 0.10951513604809181, -0.19117125346325042, 0.14063730304319394], [-0.3510318209825372, -0.10256923449982983, 0.12104382681422601, 0.1946434533396081, -0.26748029540853224, -0.5964345344514549, 0.44603615590310175, 0.2940546916432953, -0.5300990826352413, 0.041979952503491465, 0.739680296508228, -0.01939531742675331]], "inverted": true, "swapped": false, "error_lsq": 0.055537071613575795, "error_max": 0.3436316602586106, "target": "649.xyz", "model": "11.xyz", "model_rescale": 3.6694154284099745, "target_rescale": 3.9301115531265975},
{"mapping": [11, 0, 7, 9, 5, 6, 12, 1, 4, 8, 2, 13], "R": [[0.8142357584728581, 0.575550788226341, 0.07590401699625304], [-0.09858886833331591, 0.008240698105126912, 0.9950941291835143], [0.5721017083219434, -0.8177245141652401, 0.06345277195155678]], "T": [-0.025148714497648456, 0.04952050597616328, 0.02555338928853478], "aligned_model": [[-0.4751442369430138, 0.26573426154347096, 0.38766845236398645, -0.3194036525798014, 0.7469617473524768, 0.14740899206439836, 0.41169661981598993, -0.21539554322182594, -0.4373646056807835, -0.719437812140829, -0.3254311102414508, -0.00946386784332678], [-0.2739956387321142, 0.6431905539702869, -0.5680292524439483, -0.6953129208639137, 0.030685821776947186, 0.015971128254224642, 0.24158612630174772, 0.8067945120044541, 0.5108622524174617, -0.16325728075176707, 0.22403367761496543, 0.1671868911276172], [-0.46216577457453306, -0.2458887459623783, 0.006070035133279399, 0.08320288682342158, -0.19367590129414278, -0.5119902002129931, 0.5093358317601927, 0.35238012940601643, -0.3805506636300229, 0.23835873151487874, 0.5784450686645636, -0.0030933063206801496]], "inverted": true, "swapped": false, "error_lsq": 0.047096806527334924, "error_max": 0.24183895476262243, "target": "649.xyz", "model": "12.xyz", "model_rescale": 3.9764082729961374, "target_rescale": 3.9301115531265975},
{"mapping": [0, 1, 6, 4, 12, 9, 11, 8, 2, 7, 3, 15], "R": [[-0.589837555196498, 0.47389962462750634, -0.6538431037012833], [0.749960265719735, 0.6216982843709078, -0.22594433618007537], [0.29941819971638844, -0.6236268026537818, -0.7221068845333207]], "T": [0.11423472352705635, 0.00681075091487722, -0.012384227082691995], "aligned_model": [[-0.43054610987629394, 0.1605645707884664, 0.37294041542713974, -0.3182771034013192, 0.6404850640475865, 0.10325488695217941, 0.36671773330132296, -0.11741119986420454, -0.4431144712103591, -0.6364644479051046, -0.2910108580577915, 0.05069076428766868], [-0.10704222666002826, 0.5444167875393939, -0.6609572222037648, -0.566405908184339, 0.18529815160997215, -0.026576569036607225, 0.3950618132123905, 0.5965392849349379, 0.5203168657978396, -0.029674671508611264, 0.1355108693042375, -0.04677130412945967], [-0.4786022839573058, -0.3472810364114894, 0.25372872779690697, -0.027213356438118626, -0.32609804865165437, -0.6126040672853202, 0.6326414632193229, 0.3010057200874578, -0.2612473601688927, 0.06605853475444029, 0.7140149369078337, 0.05602486145442125]], "inverted": true, "swapped": false, "error_lsq": 0.046539294490573334, "error_max": 0.2417978589332621, "target": "649.xyz", "model": "13.xyz", "model_rescale": 4.170626492500431, "target_rescale": 3.9301115531265975},
{"mapping": [11, 1, 6, 5, 3, 9, 2, 0, 10, 12, 4, 13], "R": [[0.6977124703288524, 0.48899945267891665, 0.5235234894704635], [-0.6698156490750703, 0.7044707964655514, 0.2346654920974412], [-0.25405571239740465, -0.5143932660979457, 0.8190575454699967]], "T": [-0.07417549913749714, 0.21380349657515302, 0.06142628496680027], "aligned_model": [[-0.04926904076523851, 0.2880197280609456, 0.25457722584066467, -0.3645582974835705, 0.5456793403690037, -0.05515710929784916, 0.3644891746003501, 0.13185615514139892, -0.5057474103690013, -0.7285069063637828, -0.34909197296039113, -0.07446164228323837], [-0.3051370687814368, 0.747996662248922, -0.5484546711254037, -0.6472713438735205, 0.02960578414408438, 0.2853094455461757, 0.22583676486031637, 0.7367015238601256, 0.3018746898395526, -0.11022909387087892, 0.10674061721268842, 0.11674256061533601], [-0.4178857314587005, -0.35602640581079176, 0.19697479518845729, 0.09947596206427725, -0.1779996641394215, -0.7453150853456062, 0.5516922043464669, 0.2613938248938296, -0.2911605204128122, 0.1120169069463304, 0.7064236515322965, 0.03083815350327581]], "inverted": true, "swapped": false, "error_lsq": 0.05324521180286149, "error_max": 0.35118697652294106, "target": "649.xyz", "model": "14.xyz", "model_rescale": 3.9786697098870705, "target_rescale": 3.9301115531265975},
{"mapping": [8, 10, 9, 3, 7, 5, 1, 4, 4, 2, 0, 11], "R": [[-0.6552178257665763, -0.062184069454410545, 0.7528763127525062], [-0.5398052345480993, 0.7357418552449343, -0.4090161747354421], [-0.5284883248967682, -0.674401263304593, -0.5156384649160465]], "T": [0.09096722281304959, 0.029960159573242016, 0.0330365878516763], "aligned_model": [[-0.13079848110975018, 0.4400877001073448, 0.21706428064103267, -0.4105545099464254, 0.5730668101491344, -0.20830535740975958, 0.3850863244708539, -0.25165702586243455, -0.25165702586243455, -0.770355760555496, -0.2977699379113998, 0.16362222777862512], [-0.26194072742574626, 0.7736247419379422, -0.5424804785645853, -0.7240552421736958, 0.07208380680280599, 0.1956433675849936, 0.4165723383284245, 0.5341493560380536, 0.5341493560380536, -0.019807007020057978, -0.020350422766213634, -0.01787321810401281], [-0.3382341634267183, -0.09886818752445076, 0.24238203409951758, 0.19142206004213672, -0.41716513540707845, -0.6933548940915416, 0.5070588117721576, -0.02455341543774233, -0.02455341543774233, -0.06439730623767914, 0.6076302279620606, 0.08306147499468244]], "inverted": false, "swapped": false, "error_lsq": 0.0684790783411441, "error_max": 0.33970130711922353, "target": "649.xyz", "model": "15.xyz", "model_rescale": 3.769337070930944, "target_rescale": 3.9301115531265975},
{"mapping": [8, 9, 5, 0, 1, 7, 4, 10, 2, 3, 11], "R": [[-0.7800960007919254, -0.42750484567678615, -0.456825827281374], [-0.6062602631253705, 0.33609122060359475, 0.7207573688755061], [-0.15459211785728577, 0.8392152872511637, -0.5213626173215203]], "T": [0.0626971744940117, 0.08452810387739444, 0.07084888004852997], "aligned_model": [[-0.22382304832473682, -0.3727109348233282, -0.12604028417441343, -0.5021438402453062, 0.4590589663776515, 0.30756461455168577, 0.4793672903234696, 0.21738335899679795, 0.20959006893341808, -0.6131945370915194, 0.08757447616745183], [-0.10863345231320297, -0.4724236142421531, 0.5953760333044993, 0.297140036424486, 0.20183367546616854, -0.46575207254321066, 0.6973401345636169, -0.6030426475344879, 0.2920319383565395, 0.05539585558088027, 0.10679861056220605], [-0.5081318543977299, 0.05668021335728679, -0.3748234787133079, 0.06508960158921721, -0.642705681941964, -0.40273737329014136, -0.03949367853463295, 0.30204714537082605, 0.6849294226249096, 0.60669615131192, -0.003332860152607281]], "inverted": true, "swapped": true, "error_lsq": 0.05813673011953005, "error_max": 0.33101739670886327, "target": "649.xyz", "model": "16.xyz", "model_rescale": 3.7852294659196426, "target_rescale": 3.9301115531265975},
{"mapping": [1, 6, 0, 3, 10, 5, 9, 11, 7, 2, 8, 12], "R": [[-0.24965693954261317, 0.6895727906057021, -0.6798240794459114], [0.26297245882595394, 0.7239523605338956, 0.6377605080094194], [0.9319425403088155, -0.019553673150208062, -0.362078382990599]], "T": [-0.05754236726723601, -0.00818067511030278, -0.021567846473471895], "aligned_model": [[-0.4655797834182153, 0.24073089449608187, 0.32136290219516933, -0.42824661425089966, 0.6681564130345377, 0.03676831161304901, 0.4691020258807291, -0.20817978376328417, -0.37509902893707175, -0.6602849580602264, -0.14467323957724265, 0.0037721052766640437], [-0.3094256959860864, 0.7103625809803019, -0.520026645346917, -0.6887224653203482, 0.33755127888742514, 0.011793961056908803, 0.1442514235865674, 0.6247710667513037, 0.5099191120389496, 0.07741657325114305, -0.00405841166105228, 0.04588309243776609], [-0.48741230406146424, -0.44832525571878057, 0.22377203056424605, 0.15714030725359604, -0.0771175677380384, -0.6718873989394194, 0.646767341859838, 0.31697688566547044, -0.3710780499889493, 0.03726667865737172, 0.62387551222427, 0.020449911529461885]], "inverted": false, "swapped": false, "error_lsq": 0.048840582359416074, "error_max": 0.358118715686995, "target": "649.xyz", "model": "17.xyz", "model_rescale": 3.901054581598922, "target_rescale": 3.9301115531265975},
{"mapping": [13, 11, 8, 2, 10, 9, 1, 7, 12, 3, 0, 14], "R": [[0.2573880977260701, 0.7995946017394548, -0.5425862512247043], [-0.9655475744016566, 0.19054093506971462, -0.17723440306508326], [-0.03833078026902903, 0.5695108646302384, 0.8210895970307297]], "T": [0.09797535493433279, 0.04846763423673059, 0.01803863998875233], "aligned_model": [[-0.4126255057336447, 0.21624732639363795, 0.3608196494369366, -0.3673435382183751, 0.7770514858593893, 0.10456127619913996, 0.25871550381806413, -0.1554042496329786, -0.40980809416351754, -0.6594657417385752, -0.3316082332410895, 0.07668936551030353], [-0.2213916897328412, 0.7158326557880836, -0.5102405414596803, -0.6240793469603414, 0.11907777163543687, 0.029586487701845327, 0.22132606616600659, 0.5758833949462493, 0.5099944490148354, 0.04978232813456282, -0.0036040047972157596, 0.07754830023902032], [-0.4223758291790818, -0.4031105707472617, 0.2613004401080677, 0.1400918568490731, -0.436189898341076, -0.6405885301772801, 0.6737581810149628, 0.32998160775971686, -0.26678423855206795, 0.11646194090714623, 0.641136548569846, -0.02325341690444294]], "inverted": true, "swapped": false, "error_lsq": 0.038279230711236005, "error_max": 0.20494141719279005, "target": "649.xyz", "model": "18.xyz", "model_rescale": 3.9405287249114394, "target_rescale": 3.9301115531265975},
{"mapping": [5, 7, 1, 2, 0, 8, 12, 13, 9, 11, 14, 15], "R": [[0.8276887677251132, 0.5331909292889379, 0.1750392433304095], [0.5497843821413801, -0.7078601809630876, -0.4434761519634688], [-0.11255415112337862, 0.4632940719790225, -0.8790279665255207]], "T": [0.061770242519578, 0.08785808574083935, 0.10355484106717036], "aligned_model": [[-0.40161565178851616, 0.09152687973937652, 0.4377862649244509, -0.2926148789107848, 0.6358115310326177, 0.17960840015715554, 0.38675232170915663, -0.24258061208559864, -0.4413074253040969, -0.6512112290871479, -0.28320326493137976, 0.038876909034057945], [-0.2173858954972952, 0.6397118237257278, -0.4498518546549474, -0.6858070054704258, -0.05601978322629529, 0.019627190812016457, 0.19432859262927232, 0.6341632403477713, 0.4590596268282062, 0.16760925379173325, 0.1790296758391815, 0.05525100555101687], [-0.5156077124137783, -0.332561592187549, 0.17426124016807198, -0.07302034224831738, -0.2463737457326455, -0.64057610783749, 0.5315615484654673, 0.34901579666492266, -0.3415655055672999, 0.17071416089578206, 0.7908829886008717, 0.10369736249956696]], "inverted": true, "swapped": false, "error_lsq": 0.042550004513629724, "error_max": 0.20750062882069734, "target": "649.xyz", "model": "19.xyz", "model_rescale": 4.410303926677745, "target_rescale": 3.9301115531265975},
{"mapping": [2, 12, 3, 0, 11, 4, 10, 8, 7, 1, 5, 13], "R": [[0.4932844431671906, -0.6575283197109476, -0.5694971175584057], [-0.644213094604146, 0.16378479460453915, -0.7471037610646186], [0.5845168490897285, 0.7354121632353158, -0.3427958624251012]], "T": [-0.007221790492909573, 0.022222985581624534, -0.029236110347013195], "aligned_model": [[-0.3549538978813042, 0.07581498671260462, 0.10409469513757663, -0.3281418316597695, 0.7551930219243944, 0.2734431642067782, 0.4976440112828648, -0.2115305581474218, -0.5250725796514476, -0.7448541120874114, -0.0777615261688234, -0.006046129178749748], [-0.17717771528795806, 0.6455767780700694, -0.5826872926261698, -0.6174480246339186, 0.22492436477965166, -0.08389707912522823, 0.22832269076165942, 0.6411739576941318, 0.4494152001025436, 0.023158519536196166, 0.10925815084261759, 0.0790963205623664], [-0.5564272234531024, -0.44781690339677066, 0.3550227751037381, -0.060711471981644075, -0.28373390831702466, -0.6656786529884348, 0.5853917825518032, 0.3784588773432424, -0.2662815426639116, 0.10866811035605327, 0.7993287625912162, 0.02420748616243684]], "inverted": true, "swapped": false, "error_lsq": 0.054312867795995, "error_max": 0.2739372753763847, "target": "649.xyz", "model": "20.xyz", "model_rescale": 4.121658175737393, "target_rescale": 3.9301115531265975},
{"mapping": [1, 10, 5, 0, 6, 2, 9, 11, 4, 3, 7, 12], "R": [[-0.8935314575018274, 0.29363875859454086, -0.3396730985899783], [0.44899921612631316, 0.5862275573773408, -0.6743418679641305], [0.0011128219158845487, -0.7550586271425904, -0.6556563362043639]], "T": [0.09180208684514013, 0.06738297124870361, 0.00411912723715366], "aligned_model": [[-0.011709876329510566, 0.4006731608284877, 0.14292710130895275, -0.5506199491075336, 0.5803725881907196, -0.1779283325416413, 0.46864121523505603, -0.30816576322102096, -0.24600146289022184, -0.587985945438625, -0.2752069872223404, 0.022833495676968574], [-0.4449110034669741, 0.7463172059360568, -0.5211742491854746, -0.6895712378180207, 0.07773951248345982, 0.15503261941879892, 0.4506195744435111, 0.7101502183262819, 0.4740340741182428, -0.07375882024554166, 0.04803078754168395, 0.007207189123937141], [-0.4532811601951835, -0.22461654180653637, 0.3430736391670191, 0.04256367948175624, -0.42461863566773816, -0.6999935585186189, 0.4876321596020278, 0.4529453610278522, -0.21871543975839514, 0.028775339548482298, 0.5800947276188747, 0.05656852080806181]], "inverted": false, "swapped": false, "error_lsq": 0.0586288389518757, "error_max": 0.3328481823112106, "target": "649.xyz", "model": "21.xyz", "model_rescale": 4.08911054899281, "target_rescale": 3.9301115531265975},
{"mapping": [8, 7, 2, 11, 0, 6, 3, 12, 10, 9, 14, 16], "R": [[0.04104072343194434, -0.9724130848564294, -0.22962676546993688], [0.8498003916435772, 0.15484499456239062, -0.5038475186218503], [0.5255044751309024, -0.1744586485645695, 0.832711970946989]], "T": [-0.025104834545084352, -0.02171353728023334, 0.016978900932607], "aligned_model": [[-0.19055549127002372, 0.1445194583588312, 0.41917235502656464, -0.44124821531492653, 0.6223156845728954, 0.05486565957236376, 0.36870536818381733, -0.20261873320543958, -0.48729972840537755, -0.6688096068182176, -0.1783345402008044, 0.01711703398960808], [-0.4085788508705876, 0.594483768116705, -0.4563394680617174, -0.6556536791534462, 0.0342365410911073, 0.12527558426056185, 0.24120221044923912, 0.6220794747979592, 0.5422513168494119, 0.19714944433221937, 0.10410951091209938, -0.0004999820475903062], [-0.5341320927791825, -0.2949901169006269, 0.3843641326606917, -0.08712495788955261, -0.4046793236219732, -0.7093564532741433, 0.7450363554765127, 0.33160388311897765, -0.32864362815214043, 0.22979519024106082, 0.6273163516885923, 0.011238750739385711]], "inverted": false, "swapped": false, "error_lsq": 0.04028424643147999, "error_max": 0.19839877453977864, "target": "649.xyz", "model": "22.xyz", "model_rescale": 4.204369325754507, "target_rescale": 3.9301115531265975},
{"mapping": [5, 7, 1, 2, 0, 8, 12, 13, 9, 11, 14, 15], "R": [[0.8276887677251132, 0.5331909292889379, 0.1750392433304095], [0.5497843821413801, -0.7078601809630876, -0.4434761519634688], [-0.11255415112337862, 0.4632940719790225, -0.8790279665255207]], "T": [0.061770242519578, 0.08785808574083935, 0.10355484106717036], "aligned_model": [[-0.40161565178851616, 0.09152687973937652, 0.4377862649244509, -0.2926148789107848, 0.6358115310326177, 0.17960840015715554, 0.38675232170915663, -0.24258061208559864, -0.4413074253040969, -0.6512112290871479, -0.28320326493137976, 0.038876909034057945], [-0.2173858954972952, 0.6397118237257278, -0.4498518546549474, -0.6858070054704258, -0.05601978322629529, 0.019627190812016457, 0.19432859262927232, 0.6341632403477713, 0.4590596268282062, 0.16760925379173325, 0.1790296758391815, 0.05525100555101687], [-0.5156077124137783, -0.332561592187549, 0.17426124016807198, -0.07302034224831738, -0.2463737457326455, -0.64057610783749, 0.5315615484654673, 0.34901579666492266, -0.3415655055672999, 0.17071416089578206, 0.7908829886008717, 0.10369736249956696]], "inverted": true, "swapped": false, "error_lsq": 0.042550004513629724, "error_max": 0.20750062882069734, "target": "649.xyz", "model": "23.xyz", "model_rescale": 4.410303926677745, "target_rescale": 3.9301115531265975},
{"mapping": [9, 1, 5, 15, 3, 10, 0, 7, 11, 14, 13, 16], "R": [[0.48642734529941134, 0.5666127683501695, 0.6650852640733553], [-0.6430136229952447, -0.28321237069803973, 0.7115646377709656], [0.591541983622039, -0.7737833830124253, 0.22657748737760752]], "T": [-0.04882558315234972, -0.0060122467971294585, 0.0335987223470815], "aligned_model": [[-0.41674353545958287, 0.26069589359988043, 0.2354625068768708, -0.38140693255795455, 0.769980027219186, 0.05050645916034982, 0.546711499843195, -0.05840063158005096, -0.456795635162755, -0.7123742823412771, -0.43501472632624416, 0.05520860121767332], [-0.23262766979400995, 0.742551117407441, -0.4850465966075979, -0.6371917175852634, 0.19526709933959707, 0.05028098500636856, 0.25727474367820186, 0.5938578564702323, 0.3821750606233713, -0.11797311876553669, 0.14853889675936643, 0.042609214143790874], [-0.4199448963472857, -0.24957029921105356, 0.32567475182764677, 0.015813545431817427, -0.27992158301914216, -0.607297652817204, 0.41622302177116155, 0.3199465429008791, -0.2555250186895403, 0.10652249739604591, 0.6003072131508895, -0.0018000310866126967]], "inverted": true, "swapped": false, "error_lsq": 0.042561508543347164, "error_max": 0.24249146441409092, "target": "649.xyz", "model": "24.xyz", "model_rescale": 4.28219845311461, "target_rescale": 3.9301115531265975},
{"mapping": [6, 4, 5, 10, 1, 0, 9, 13, 2, 14, 12, 15], "R": [[-0.06654371912983292, -0.8997670232555591, -0.43126701393243655], [0.942588511481521, 0.08507658826323994, -0.32293787661489615], [0.32725957811410294, -0.42799682007150197, 0.842448746536703]], "T": [0.05266358952992623, 0.13695113927836902, 0.0776357747872416], "aligned_model": [[-0.3750719065172085, 0.32490818625876167, 0.5553258283023546, -0.34263446032954603, 0.5437743852166741, 0.0289534244553002, 0.402156536002789, -0.2317031698135817, -0.450718439763658, -0.6819953776538602, -0.365872758310284, 0.050706996641549984], [-0.303371839590196, 0.67101784181397, -0.5193732563635568, -0.5510926981516692, -0.09007347123611525, 0.22493268027874436, 0.18677398602203005, 0.6112026685148378, 0.42378434589145697, -0.05303007159773329, 0.18816022523263926, 0.1507854598615534], [-0.5821787102482467, -0.34105768088219646, 0.28220762600752247, 0.08395624784894418, -0.2646322655369281, -0.7330745609993077, 0.6540436583097902, 0.29474747445897004, -0.2872111363361036, 0.14342305581580606, 0.7153072068628293, 0.004897176006522258]], "inverted": false, "swapped": false, "error_lsq": 0.04286460166624336, "error_max": 0.23322520231825472, "target": "649.xyz", "model": "25.xyz", "model_rescale": 4.100010024507729, "target_rescale": 3.9301115531265975},
{"mapping": [8, 4, 1, 3, 0, 10, 6, 5, 9, 7, 2, 11], "R": [[0.8408156027082931, 0.3719139494726682, -0.3933308231373833], [0.31170765720995974, -0.9267014759166958, -0.20991119782064066], [-0.4425691569449549, 0.053892380922162926, -0.89511348587739]], "T": [-0.018918444096227702, 0.03127240252040066, 0.03750579054233975], "aligned_model": [[-0.19761593985731282, 0.2540545890793389, 0.36686701522241033, -0.5350462404680065, 0.6707286220315216, 0.07834467589911201, 0.35466616219460473, -0.26979318209111613, -0.43804136425714646, -0.6915359455189991, -0.09121691896856046, -0.04358222877655504], [-0.409140538245507, 0.8508480797769994, -0.5546777059635438, -0.5745258140457832, -0.040907147849543274, 0.0917861395561072, 0.36894031728830146, 0.6911441305868623, 0.45726722394403285, 0.10951513604809181, -0.19117125346325042, 0.14063730304319394], [-0.3510318209825372, -0.10256923449982983, 0.12104382681422601, 0.1946434533396081, -0.26748029540853224, -0.5964345344514549, 0.44603615590310175, 0.2940546916432953, -0.5300990826352413, 0.041979952503491465, 0.739680296508228, -0.01939531742675331]], "inverted": true, "swapped": false, "error_lsq": 0.055537071613575795, "error_max": 0.3436316602586106, "target": "649.xyz", "model": "26.xyz", "model_rescale": 3.6694154284099745, "target_rescale": 3.9301115531265975},
{"mapping": [7, 4, 6, 3, 0, 5, 2, 10, 8, 9, 11, 13], "R": [[0.6207491571898962, 0.695446593434898, 0.36197309227044616], [0.7618970403759161, -0.4262203129864741, -0.4876978005528951], [-0.1848874893400117, 0.5785242263531473, -0.7944346013411294]], "T": [-0.05307004890458225, 0.04505081696075341, -0.026975501591667932], "aligned_model": [[-0.36909599782208036, 0.2506078627919516, 0.3040732427984999, -0.4241373031206457, 0.5692469017623399, 0.21909313018692608, 0.424810503051296, -0.23788293367372526, -0.4004828120620574, -0.6977417969523931, -0.16901360069073854, -0.01164795178008203], [-0.3045525255370656, 0.8001529657635653, -0.4894731416236686, -0.6709853423132178, 0.16716610116916025, -0.011574563415820145, 0.1700740838792331, 0.5621242647345126, 0.4586585880048397, 0.0027145269511326883, 0.19897176311322728, 0.056439149950062655], [-0.4441488795097598, -0.1415662556250285, 0.21369697023491538, 0.02234520191379376, -0.2133697434782267, -0.767717879186714, 0.4400673304854966, 0.21872750433886903, -0.36842853812419013, 0.19089948845435303, 0.8091111592156491, 0.010811732588444149]], "inverted": true, "swapped": false, "error_lsq": 0.03873843313190702, "error_max": 0.21451836125353965, "target": "649.xyz", "model": "27.xyz", "model_rescale": 4.103607728864725, "target_rescale": 3.9301115531265975},
{"mapping": [2, 9, 13, 4, 10, 3, 11, 5, 0, 1, 7, 14], "R": [[0.17283046935805085, 0.6859672862977241, -0.7068086806136524], [0.919015595607119, -0.3704542223955922, -0.13481099413686304], [-0.35431619197034747, -0.6262687532031382, -0.6944404113162039]], "T": [0.1474806222990543, 0.06339722613106406, 0.020720725871780848], "aligned_model": [[-0.29367524273734824, 0.2383125762107532, 0.31140181803358163, -0.35640852978855225, 0.5770294935233315, 0.013415503507638149, 0.5232814901729104, -0.2018061774531792, -0.3796233105054791, -0.7476653200515355, -0.22492814920385074, -0.0015049072189789736], [-0.3659031987199534, 0.8463133247663268, -0.537382425724155, -0.6801586101677128, 0.23895664724427723, 0.05455798576869507, -0.02018475042920924, 0.6602061180634373, 0.3536860968147338, 0.09689318948876101, 0.23316910277029335, 0.05956239080046717], [-0.3822722693512135, -0.20044858641930918, 0.19979105970568398, 0.14249809589173504, -0.1900918287688167, -0.7178449545656927, 0.5897980443082319, 0.2593800823009068, -0.3634479305290769, 0.04199499217835538, 0.6144971672817401, -0.023425780724941978]], "inverted": true, "swapped": false, "error_lsq": 0.046402801515017224, "error_max": 0.32573088402100214, "target": "649.xyz", "model": "28.xyz", "model_rescale": 4.137296879288765, "target_rescale": 3.9301115531265975},
{"mapping": [2, 3, 9, 8, 7, 10, 6, 0, 5, 4, 11], "R": [[-0.47308447958279665, 0.24741883298825607, -0.845561941114076], [-0.36772733396803803, -0.9276108271247612, -0.06568684231773811], [-0.800604573450985, 0.27986081269739405, 0.5298209532339397]], "T": [0.040897511589671504, 0.000549972390276301, 0.058663681020272376], "aligned_model": [[0.5297508434632424, -0.004476926555123356, -0.11877018732995392, -0.5167572099099594, -0.010016408699651286, 0.4728686857528549, 0.6921678140122295, -0.38106846018593077, -0.5256388460785631, 0.08516716757151163, -0.0018074613307583198], [-0.3450088258563813, -0.8460091137481488, -0.22450450801607968, 0.2204151613603295, 0.5757050218877156, 0.045613427124826585, 0.4612005318711259, -0.4274156413849285, 0.10268053581785129, 0.2902152493564559, 0.06625597823518566], [0.3473535031506518, -0.10285865749910504, -0.5923608161087995, -0.250050468319114, -0.44497976118028076, -0.5425884969388906, -0.014963049414587745, 0.11409406231976334, 0.463407044304826, 0.7482014069592818, 0.08049925450925363]], "inverted": true, "swapped": true, "error_lsq": 0.0473646051362157, "error_max": 0.264120909681158, "target": "649.xyz", "model": "29.xyz", "model_rescale": 3.607286011436655, "target_rescale": 3.9301115531265975},
