[{"mapping": [5, 2, 4, 13, 11, 7, 3, 0, 6, 10, 12, 14], "R": [[0.6716532501581385, 0.2485958598225924, -0.6979126091646972], [0.5452788747058561, 0.47185569440373865, 0.6928370316735973], [0.5015504564363638, -0.8459032463218427, 0.18136934005129837]], "T": [-0.08400075671422981, -0.04878221038398033, 0.04890791848707341], "aligned_model": [[-0.3110366854390423, 0.18241843024205973, 0.4650980289091643, 0.1175859567551235, -0.14421742096190293, -0.6075430762025729, 0.2707833105209939, -0.07065879304680407, 0.5644927651873428, 0.03290299096355019, -0.5968817860666346, -0.06530125840072891], [-0.41918141531907815, -0.7375799219396051, -0.2947492160312221, 0.6203879807720184, 0.3783917747986254, -0.5430895881889465, -0.1677382735926979, -0.735756481022718, 0.2457676809021383, 0.37738960996943727, 0.3984178310772938, -0.06870494544818836], [-0.4295736350773086, -0.15315017158412156, -0.6243811079708391, -0.10084054312217838, -0.5639067286022302, 0.16530629629281726, 0.6485027889574827, 0.5030269923195382, 0.04545524037971333, 0.49064933911992964, 0.22548752979511452, -0.024624255154355117]], "inverted": false, "swapped": true, "error_lsq": 0.05227211854910116, "error_max": 0.3293816721315273, "target": "65.xyz", "model": "0.xyz", "model_rescale": 3.751011558992144, "target_rescale": 4.0444591201053415},
{"mapping": [2, 3, 0, 13, 7, 1, 12, 8, 5, 4, 9, 6, 10, 11, 14], "R": [[-0.3606626961044371, -0.8227845594375035, -0.439258452838317], [-0.8981106824665958, 0.43342324328239445, -0.07444121319508522], [0.25163390407110153, 0.36765454020561716, -0.8952711976759512]], "T": [-0.03590412139131887, -0.02562671665518826, -0.024017390776279825], "aligned_model": [[-0.07813259026190089, 0.27229687245294215, -0.33790719320598905, 0.512172512208677, -0.018402417102964357, -0.6064061933870148, 0.580827662899203, -0.5194140028620521, 0.11451203608260951, -0.6498177244538321, 0.4927012451545049, -0.1697921917214847, 0.0055531710962334405, 0.42664380750128744, 0.01650524295533866], [-0.718877164105334, -0.12069592246183163, -0.005524272878293837, -0.4619873479880836, 0.5114441649859639, 0.31021977157204816, 0.27698985563263545, -0.46913234626963396, -0.5921306187866991, 0.02767604257006738, -0.18777348964506357, 0.6996544447807937, 0.048166217346479134, 0.5427236301236807, -0.010029835298962229], [-0.4727474605455424, -0.7163900382815658, -0.7196426885251364, -0.21559923079519092, -0.4125088092625095, -0.24177889249292056, -0.30693119478698677, 0.07567816158351401, 0.1917008408041089, 0.47180805607329984, 0.33441588307286907, 0.11657765451151939, 0.7916355034868913, 0.291827960179177, -0.020301443507197415]], "inverted": true, "swapped": false, "error_lsq": 0.03218055070818584, "error_max": 0.28744126511923995, "target": "65.xyz", "model": "1.xyz", "model_rescale": 3.9405287249114394, "target_rescale": 4.0444591201053415},
{"mapping": [4, 11, 5, 10, 12, 2, 6, 13, 8, 0, 3, 1, 14], "R": [[-0.46156192525429174, -0.24724405105460776, -0.8519571399863134], [0.10693987616829412, -0.9688797860302334, 0.22323938520592534], [-0.8806386614501217, 0.011930609377400966, 0.4736382675832077]], "T": [0.006743486300535971, -0.07373896328035687, -0.1227475108919906], "aligned_model": [[-0.4706423884954565, 0.3212834643071582, -0.38229887954092423, 0.46732432464867674, 0.5810992412037437, -0.7487267137033156, 0.14380083745212707, 0.5767535290220964, 0.06736148257788788, -0.5744539244093607, -0.08039696871528701, -0.37558815531019224, -0.029532569753222444], [0.6597506631987067, 0.5709432025870437, 0.19925388138437086, -0.33531781117642456, -0.29247961673252354, 0.029226181452149447, 0.2119952695387661, 0.29197425577483216, -0.6722995653522954, -0.652087877549188, -0.5353924985542012, -0.011390394617869198, -0.005343096381350193], [0.09956544820322155, -0.33976124134516933, -0.560704615403625, 0.20871317616920443, -0.4640438334903042, -0.05266257483373438, 0.5151291527990864, 0.10571023605112542, -0.19011576058900487, -0.04491504413961196, 0.40528548287005434, 0.5663015276814631, -0.13538160438406144]], "inverted": true, "swapped": true, "error_lsq": 0.037531280017786564, "error_max": 0.21950747055207082, "target": "65.xyz", "model": "2.xyz", "model_rescale": 3.932901565614263, "target_rescale": 4.0444591201053415},
{"mapping": [7, 2, 0, 5, 8, 10, 3, 12, 11, 13, 1, 4, 6, 14], "R": [[0.31393984810586234, 0.012996131109358433, -0.9493539236488447], [-0.7191795293377654, 0.6560577216230858, -0.2288428947558471], [0.619856899899306, 0.7545988116044936, 0.21530921292946997]], "T": [-0.07620673549998604, -0.07516497281997919, 0.02066971914495127], "aligned_model": [[-0.30068651811341607, 0.49346758512239575, 0.2538527909757232, -0.08498119760719482, -0.2794599218823924, -0.18983015485177107, 0.27654494162422816, -0.7452169992053402, -0.318461523626161, -0.21712277705334726, 0.6885266959741476, 0.5406511500105512, 0.3508767838071992, -0.04835094312191836], [0.016508079606385784, 0.2416463432276194, -0.3463157869534622, 0.50852056526446, -0.5184633144792863, -0.6194860151524568, -0.6772432881562249, -0.2698387488223797, 0.41804374360344754, -0.12549450780226007, -0.25522408163818977, 0.540616209568026, -0.24679834254936509, -0.002974217365824941], [-0.6672182114513954, -0.38101510859136173, -0.6835133072835219, -0.25667425950914374, -0.33802588913614934, 0.3056762293093385, -0.09159890746298915, 0.11417145429519335, 0.5302805820894058, 0.7195689655852856, 0.10793312423210161, 0.2565240001938635, 0.5642293399066556, 0.033558350879814625]], "inverted": false, "swapped": true, "error_lsq": 0.041422905611169576, "error_max": 0.21330481786203465, "target": "65.xyz", "model": "3.xyz", "model_rescale": 3.9243930471874484, "target_rescale": 4.0444591201053415},
{"mapping": [12, 8, 9, 11, 5, 10, 13, 7, 2, 1, 4, 6, 14], "R": [[0.9351507311183983, -0.35394432433525813, -0.014714800698031855], [0.20182177019782832, 0.4981725091165459, 0.8432627848036104], [-0.2911375674194936, -0.7915475768590178, 0.537300056212241]], "T": [-0.027723768567849687, -0.045663233742305104, -0.15806208767874488], "aligned_model": [[-0.02945196593777101, -0.2547467514247235, 0.5517460527906928, 0.33256048145894906, 0.5868697116331603, -0.5721251109569422, -0.24664250297875467, 0.3357512287209657, 0.20954440319900344, -0.4487020903342628, 0.2674780369530848, -0.4799965255578143, 0.02492091874576518], [-0.6005435824723904, 0.04564986427436582, -0.4125085173755324, -0.5649668895175479, 0.14382575157659097, -0.3293767317503661, -0.6262586718227978, 0.2608806045130624, 0.6483699467424219, 0.45154569444822823, 0.25105006313586853, -0.1065470779678157, -0.03329090010250014], [-0.5897100905807344, -0.711786116666116, -0.5535483193780866, 0.24463435412101694, -0.09438901968998534, -0.2745018525366901, 0.19666890129390854, -0.711145922171335, 0.061643855432962, 0.2896140676840032, 0.6420282015147094, 0.3887997945073358, -0.10123753816002444]], "inverted": true, "swapped": true, "error_lsq": 0.04175022670436097, "error_max": 0.267054986931703, "target": "65.xyz", "model": "4.xyz", "model_rescale": 3.8936222436046832, "target_rescale": 4.0444591201053415},
{"mapping": [0, 8, 7, 2, 9, 12, 13, 11, 4, 1, 5, 14], "R": [[0.042705804713073135, 0.3727378733863175, -0.9269534465048687], [-0.7999016543576118, 0.5686533056437075, 0.19180917948951276], [0.5986096871917165, 0.7332802300102805, 0.322438438583717]], "T": [-0.13129609020264532, -0.12895660094013778, 0.05353631651698371], "aligned_model": [[-0.026477068340680365, -0.5414889337141441, -0.36828882066712443, 0.47191942059797864, -0.6199372326389446, -0.8050485832781163, -0.20372184335258492, -0.08370240530102327, 0.7106035816097314, 0.4883737101916349, 0.07944688123067006, -0.07413066412230004], [-0.4968450557346024, -0.43422809991027805, 0.06703305077975291, -0.07478776160884762, 0.48165049499299467, -0.022524219380449337, -0.13223824407792095, 0.40732846025635755, 0.15931601778438964, -0.6196720629693528, 0.4097434839107596, -0.07585315893299605], [-0.6758516784606042, -0.2705608293222176, -0.6078315300927307, -0.4149140295827691, -0.06958518350492146, 0.22366836144787472, 0.7645878551781757, 0.5748602333403443, 0.2066088394749454, 0.06135165750652336, -0.2346911971297324, 0.06164222042063057]], "inverted": false, "swapped": true, "error_lsq": 0.04542657265292138, "error_max": 0.21962941509977751, "target": "65.xyz", "model": "5.xyz", "model_rescale": 3.6523030999806103, "target_rescale": 4.0444591201053415},
{"mapping": [9, 11, 4, 5, 2, 12, 6, 7, 10, 3, 1, 0, 14], "R": [[0.808423921289354, 0.19273098518832651, 0.5561524348912639], [-0.441581712914105, -0.4261440176997084, 0.7895611863551776], [0.38917393837073594, -0.8838868952117617, -0.25939853925171386]], "T": [-0.01682554881818893, -0.10032915033474801, 0.04812453549335261], "aligned_model": [[0.14509847769913092, -0.18598895130803678, 0.3285598656246513, 0.5331552117663665, 0.6302089517303544, -0.38357929001514807, -0.41724629592988044, 0.5026809126389269, -0.5830123583823004, -0.18550709291898998, 0.01923575659627763, 0.4545799872028531, 0.022897729960089305], [-0.7446493795311694, -0.029739186413544838, 0.6391497587705048, -0.14283901216412148, 0.283185534114227, -0.6862631815273107, 0.48805169853322117, -0.5804244543199173, -0.15833588651598396, 0.08128644018506634, 0.594565023339084, -0.14350898699439443, -0.05965146331247782], [0.47870803185344124, 0.77479244603348, 0.43439803428333273, 0.3848730405887081, -0.09509482178014961, 0.17614090511346472, 0.02007797850313476, -0.12965752771651726, -0.209736094732362, -0.6137656381702391, -0.3269422257585378, -0.625854775796945, 0.10217038706097864]], "inverted": true, "swapped": true, "error_lsq": 0.04375058425984138, "error_max": 0.25568815938032735, "target": "65.xyz", "model": "6.xyz", "model_rescale": 4.08911054899281, "target_rescale": 4.0444591201053415},
{"mapping": [7, 12, 13, 5, 11, 1, 10, 2, 6, 0, 4, 9, 3, 8, 14], "R": [[0.6764448236288729, -0.7318600328750497, -0.08248207602766826], [0.47906333400329193, 0.5222985041951345, -0.7054803998192829], [0.5593931735366042, 0.4377044262920537, 0.7039134269247822]], "T": [0.041457944294830205, -0.007933022670290417, -0.0996826817245763], "aligned_model": [[-0.029981031522235115, 0.2824249248707694, -0.31756155149603926, 0.6482824432363552, 0.036398895371448386, -0.635407994508195, 0.6357591265576076, -0.6423219631326772, -0.11899031980876038, -0.6043040387130632, 0.5514640421139207, -0.19178908976825695, 0.008077589787089029, 0.44166431127168343, -0.02237510690408933], [-0.7533408013346168, -0.04206612091148779, -0.12422941857825695, -0.4465023643409609, 0.4548633433566982, 0.2726013546757356, 0.30740943709495616, -0.43517216963583893, -0.34848253179120603, -0.07589029071767586, -0.20090687681931488, 0.6608092544013283, 0.020184598397288228, 0.4189118877344822, 0.1425338280466362], [-0.29603104759089555, -0.7695869762978897, -0.7269582768918924, -0.2408286686113793, -0.46068821156222445, -0.1328341955779724, -0.35783019058773025, -0.10684458020432493, 0.22807538886579565, 0.580779994786882, 0.34697642934836503, 0.2363781697080617, 0.6905999180991899, 0.2507274488049415, -0.07419090077459664]], "inverted": true, "swapped": false, "error_lsq": 0.04030323509988673, "error_max": 0.2897282142386513, "target": "65.xyz", "model": "7.xyz", "model_rescale": 3.964800864290218, "target_rescale": 4.0444591201053415},
{"mapping": [6, 4, 1, 13, 3, 11, 10, 2, 5, 7, 9, 8, 0, 14], "R": [[-0.32313251949521365, -0.4090159091502252, -0.8533998833528689], [0.5249377860599627, -0.8277946380713975, 0.19798070094508996], [-0.7874171039615157, -0.38400784268326993, 0.4821952728372611]], "T": [-0.07593852690034933, 0.0012269313200428903, 0.11897055938490841], "aligned_model": [[-0.17938408787551932, 0.29272117605734904, 0.3728515201868611, -0.6671974720085382, 0.1540210357057017, -0.5207530143747271, -0.44001851925289726, 0.6535044444667398, 0.2030093969186654, 0.2572547479625079, -0.37076716923602104, -0.04108617351134189, 0.6008006282559208, -0.05376862383382825], [0.013027136243029489, -0.6750125495337822, 0.12681855980701637, -0.12474541340861958, 0.5996313272344657, -0.5977399893264735, 0.4577025755464111, -0.22101611623820952, -0.49108698314483246, 0.0968308024554456, -0.26173063060873064, 0.5283625174653375, 0.43266262399497285, -0.0727553943048285], [-0.5856393883658955, -0.35232292172690455, -0.5195180013892572, -0.2623355875975172, -0.1786316357495354, 0.048089308964010244, -0.10351569813200054, 0.04990593949087391, 0.4312213343578583, 0.7607080974902883, 0.8050459836175281, 0.414607505951379, 0.30396555579579765, 0.10523454601839625]], "inverted": false, "swapped": true, "error_lsq": 0.03874499559586255, "error_max": 0.29906060785853206, "target": "65.xyz", "model": "8.xyz", "model_rescale": 4.121658175737393, "target_rescale": 4.0444591201053415},
{"mapping": [11, 12, 10, 6, 9, 5, 8, 2, 3, 7, 4, 1, 14], "R": [[-0.7015322902358907, 0.6334181622080427, 0.3265484306215111], [-0.41848497941828233, -0.7370633828373074, 0.5306674021283994], [0.5768212615339918, 0.23562470470095095, 0.7821497495856684]], "T": [-0.04211453384947084, -0.041387109898152044, -0.09792884861426236], "aligned_model": [[-0.643321846666628, -0.2373866232002469, 0.32638843995076317, 0.26426285791592813, -0.6716790330826192, -0.5086575882081286, 0.267218700632637, 0.03301153868819964, 0.6637349926315288, -0.15876221494209689, -0.26741427107123084, 0.49940496436831316, -0.09006242058122249], [0.3097749974807887, -0.46634199879074295, -0.08025179799711613, 0.5630078950465103, -0.5116742669056643, -0.06409642154510257, -0.558774464620327, 0.14051628592235338, -0.07573784798001545, -0.6406856482188986, 0.7089591322756951, 0.4581313562250114, 0.0075602185192177665], [-0.3752019870778502, -0.6228072535892761, -0.601038661385335, -0.3173712766086119, -0.1940986292737601, 0.3487336040769073, -0.15370601339582196, 0.642014507461031, -0.08640666165645337, 0.30109434227292614, 0.35101201904226115, 0.18858701622037, -0.05973557212729812]], "inverted": true, "swapped": true, "error_lsq": 0.04381274359550701, "error_max": 0.283733568667637, "target": "65.xyz", "model": "9.xyz", "model_rescale": 3.833441315466971, "target_rescale": 4.0444591201053415},
{"mapping": [13, 10, 8, 0, 11, 9, 12, 2, 5, 3, 1, 7, 4, 6, 14], "R": [[-0.48217727393356796, 0.662950534061687, 0.5727142969136682], [-0.49827995394693114, -0.7452213446387967, 0.4431277862980253], [0.7205707210237157, -0.07170590548949311, 0.6896637580163936]], "T": [0.07715380210586895, 0.038057428648854016, -0.053562150840361845], "aligned_model": [[-0.06636343222697791, 0.2579682863753454, -0.3651844222005344, 0.4827968114784662, 0.062204645355327645, -0.7166212542395958, 0.5964331212100636, -0.49399328242930707, 0.0697007194379774, -0.6254483080416888, 0.7310543769493756, -0.29287718540550733, -0.013398676768055479, 0.4311077076326316, -0.016038869771962838], [-0.7250031091833301, -0.03629157146174693, 0.08077196944286878, -0.46467481158313445, 0.5780476657622668, 0.08310480394465723, 0.3306619733157751, -0.3930529583151324, -0.5404415562690795, 0.17424855791556593, -0.21752837732099212, 0.5919713612396235, 0.031638105434908345, 0.3076892227098308, 0.0495818539456852], [-0.23474703008629558, -0.8520184689823046, -0.6939305804954743, -0.2692865242480407, -0.47012444819601384, -0.21419222410009767, -0.1416054725730209, 0.014151193534031957, 0.29674996353006206, 0.4384989234917673, 0.17600018692413513, -0.0405084025280804, 0.7386951438243836, 0.4595118169642093, -0.03944977554493183]], "inverted": true, "swapped": false, "error_lsq": 0.04822682519000878, "error_max": 0.3404877949895753, "target": "65.xyz", "model": "10.xyz", "model_rescale": 4.2482417240324, "target_rescale": 4.0444591201053415},
{"mapping": [0, 7, 12, 9, 1, 6, 3, 11, 5, 4, 2, 14], "R": [[0.12013259753875483, -0.6226927989398534, -0.7731893928120349], [-0.6999898655581196, -0.6054072271868758, 0.3788090249529763], [-0.7039760984042837, 0.4957174269867364, -0.5086077913846114]], "T": [0.08241874725857262, 0.055804733795863315, 0.09162354916976045], "aligned_model": [[-0.6515281177813252, -0.10352596863273733, 0.5839454271337956, 0.6091120274844142, -0.5097941902049667, 0.007121788251768624, -0.4414929225835094, 0.7105946554449394, 0.11888231254897008, -0.06031489376880472, -0.4775784051618068, 0.09134388963226901], [-0.3148735845662004, -0.6344319933327487, -0.2576046214981463, -0.5079061915655643, 0.5790227646545558, 0.7497964691685053, 0.1838820394667149, 0.31626281276211426, -0.18517723519928297, 0.5968614343130751, 0.05911864900114322, 0.08118084684647364], [0.13911432013594338, -0.05323068638566361, 0.4717034774345604, -0.08612424025698784, 0.07212650746660898, 0.23312000350653686, 0.5484047374950762, -0.22334005100101717, -0.5069443918990965, -0.6170457050901491, -0.4305269556016261, 0.01793527405017077]], "inverted": true, "swapped": true, "error_lsq": 0.04411223163689737, "error_max": 0.2083989550189357, "target": "65.xyz", "model": "11.xyz", "model_rescale": 3.6694154284099745, "target_rescale": 4.0444591201053415},
{"mapping": [11, 13, 10, 12, 9, 4, 5, 2, 8, 0, 3, 7, 6, 14], "R": [[0.6473712500122377, 0.3235968748348934, -0.6900692191763689], [-0.7234450259190279, 0.5458322449454542, -0.42272266895782024], [0.2398702964741782, 0.772885646764705, 0.5874606522095704]], "T": [0.0307768681597771, 0.07282047121632035, -0.045208946785147114], "aligned_model": [[0.03355099635804216, -0.1997465074694247, -0.06473819952151086, 0.5428152664518849, 0.7499751472279619, -0.5597720077905897, 0.2318140019455468, -0.23079953415482485, 0.34205250795213943, 0.07012134849527063, -0.27512286547986187, 0.5749476324165779, -0.624062458990164, 0.007229522814761916], [-0.2991917344980956, 0.2365988553097518, 0.6605548319151586, 0.39586264210661637, -0.16557727029961727, -0.6093838839499617, -0.5301322087740263, -0.39062522558577834, 0.4961810286179817, 0.1875608155196447, 0.581648500969921, -0.06362600162361329, 0.2320970364957061, -0.0009800980674337795], [-0.6957815214986286, -0.7016281449548311, -0.23460161424341078, -0.4025262021523963, -0.2747529462241459, -0.07951055454215869, 0.0719132867212894, 0.5052861160934421, 0.2553923363143298, 0.76942130982755, 0.3382694452120786, 0.4208870366572923, -0.27571239309712053, -0.05756069446087471]], "inverted": true, "swapped": true, "error_lsq": 0.04066626675595264, "error_max": 0.2829277502318894, "target": "65.xyz", "model": "12.xyz", "model_rescale": 3.9764082729961374, "target_rescale": 4.0444591201053415},
{"mapping": [9, 2, 0, 1, 7, 4, 8, 5, 12, 6, 10, 14, 13, 11, 15], "R": [[0.7085524083770001, 0.5714999944065031, -0.4139338606305605], [0.4488129855813194, -0.817633680666866, -0.36061346094223423], [-0.5445368569314072, 0.06973464442098166, -0.8358329323559486]], "T": [-0.02488548230241821, -0.00906933964195111, -0.028516135043743125], "aligned_model": [[-0.15179588099266353, 0.371110920624708, -0.27589670211452, 0.4560133254090601, -0.14126671445390984, -0.6424902526371297, 0.5730213427817967, -0.727297289969858, 0.16657119846716273, -0.6063211344367002, 0.7325045200899509, -0.10254073061684776, -0.02222820005704145, 0.48663419954291004, -0.07467836428136033], [-0.5444922907733926, -0.04846542288586783, -0.19371654576133446, -0.3798567024968517, 0.37779426660213755, 0.20935426572352403, 0.3176871178572058, -0.46361629898352763, -0.5281297498644038, 0.1842152966988346, -0.14144400965787737, 0.5834514088103178, -0.04046958977631568, 0.43429550890610635, 0.08411587517921094], [-0.27082820784161926, -0.719815137936077, -0.684265104012058, -0.2144614134182761, -0.6671284257880644, -0.32299737053793126, -0.2166397184905418, -0.08170090765212301, 0.28949984706511595, 0.427808790290195, 0.20597102872546455, 0.502235091650889, 0.5826201094463597, 0.38659821655858684, -0.04915249654559054]], "inverted": true, "swapped": false, "error_lsq": 0.04229658126186688, "error_max": 0.3012669611636071, "target": "65.xyz", "model": "13.xyz", "model_rescale": 4.170626492500431, "target_rescale": 4.0444591201053415},
{"mapping": [4, 2, 11, 5, 13, 12, 9, 1, 6, 0, 3, 7, 10, 14], "R": [[0.9133300493084502, 0.14723896961180427, -0.3796694705370422], [0.3686749514302591, 0.09696833906643702, 0.9244868422030638], [0.1729364080178603, -0.9843362367841341, 0.03428077793063413]], "T": [-0.04459029242930413, 0.09163075099323999, 0.10333674572678114], "aligned_model": [[0.2047625741647805, -0.0639919740999016, -0.13183245098109533, -0.4917394183447672, 0.30395780878705086, -0.33100304365176214, -0.7674076563482796, 0.5889854106933028, 0.6375551135242058, -0.12133668606144282, 0.4025238346422164, -0.6433247766311896, 0.30904137592565484, -0.05300708952712932], [-0.5138590717082817, -0.6737138508090352, 0.3273528637069695, -0.2816884172535749, 0.5695836832243849, 0.7277606886113922, 0.3742675935044344, -0.37199642596155275, 0.10985048908071392, -0.40004255942995554, 0.01579904420550711, -0.11994365865155589, 0.5456294528861251, 0.047074636520095005], [-0.5183806980650048, 0.114298389143914, -0.6026868681177515, -0.17662028465898832, -0.297818791744151, 0.1900640475720158, -0.05293727362869233, 0.19545121229766907, -0.10077374805447326, 0.7596165158054731, 0.645438947946291, 0.46213782294704575, 0.346758624782985, 0.03932520489453367]], "inverted": false, "swapped": true, "error_lsq": 0.04645784069439566, "error_max": 0.302664831676018, "target": "65.xyz", "model": "14.xyz", "model_rescale": 3.9786697098870705, "target_rescale": 4.0444591201053415},
{"mapping": [2, 7, 4, 1, 5, 11, 8, 12, 13, 3, 9, 14], "R": [[0.6264130490953046, 0.7166295336732816, -0.30667377356131825], [-0.4950725014036637, 0.6696530062656092, 0.553595583032733], [0.6020879589204914, -0.1949537449413246, 0.77426295730605]], "T": [0.05398180343297488, -0.03811213027226513, 0.05623186410705831], "aligned_model": [[0.01896773402972727, -0.6430391106584034, 0.6194906971269885, 0.4932757840177645, -0.1373040181833995, 0.4176643454949422, -0.39644095172364074, -0.21538348136863278, 0.582577096048475, 0.07836519876827794, -0.4202558170781181, 0.0854371202933556], [-0.33683397961312267, -0.04439871874231552, 0.03387147670284251, -0.644911299000086, 0.26999639411316223, 0.61642706320243, -0.31183476946635036, 0.3111722187570289, 0.24496576578664608, -0.7135244720047095, 0.5942165641933773, -0.004471753704463961], [-0.6478904363891964, -0.15849412530291512, -0.6440148130493752, -0.19609525136651124, -0.47871145317006997, 0.025265676709595744, 0.35402890123535125, 0.603642106383523, 0.4452106179241049, 0.26301655091903936, 0.10127847219626117, -0.0072697522159773376]], "inverted": false, "swapped": true, "error_lsq": 0.04967147684369604, "error_max": 0.3688050259629678, "target": "65.xyz", "model": "15.xyz", "model_rescale": 3.769337070930944, "target_rescale": 4.0444591201053415},
{"mapping": [5, 4, 12, 11, 7, 2, 8, 1, 10, 13, 14], "R": [[-0.14770352499117811, 0.9557743603883045, 0.2543207438049595], [0.016261300129032763, 0.2594532182054139, -0.9656187641512397], [-0.9888979921221874, -0.13848970931871185, -0.053864288629153434]], "T": [0.042497772518085654, 0.11208662299412302, -0.0015322603873615809], "aligned_model": [[-0.16412444237624532, -0.3647465612794955, -0.07431737097736799, -0.7059587852116669, 0.3896031363819676, 0.2604349851550917, 0.5312826270400698, 0.31492372575778593, 0.18359474335930273, -0.4406797882926112, -0.007386138865660093], [-0.1018687837362293, -0.6918294369749262, 0.8051179619701523, 0.15008914515356941, 0.2835777408468656, -0.5360206496905063, 0.46763166974108644, -0.5269276523545485, 0.42436041157489607, 0.2629891899406452, 0.05894490115433722], [-0.575305582608677, -0.05808646891691812, 0.015110213271170316, -0.005279453729597318, -0.6196694533130122, -0.34607438673367485, -0.03566293011803193, 0.37569215776722814, 0.5209628258785601, 0.5030650142301736, -0.03053432850344388]], "inverted": true, "swapped": true, "error_lsq": 0.043814253547393524, "error_max": 0.2358581091218698, "target": "65.xyz", "model": "16.xyz", "model_rescale": 3.7852294659196426, "target_rescale": 4.0444591201053415},
{"mapping": [7, 12, 11, 9, 8, 10, 6, 13, 5, 2, 1, 4, 14], "R": [[0.6615803277605911, -0.5488513591735102, 0.5109536725120777], [-0.5740462250694567, 0.067722285633487, 0.816017538728233], [-0.48247528579575527, -0.8331721776211488, -0.2702623189316954]], "T": [-0.07795783788819055, 0.07264546535039076, -0.04342827963099276], "aligned_model": [[0.018392895156974495, -0.46369013828128797, 0.26906166583833807, 0.07780398421374785, -0.5201625046511069, -0.6591072454857608, -0.17756208993630573, -0.24004254252398832, 0.5050626646008282, 0.4285325199439306, -0.0411865570387045, 0.6592776359017997, -0.00261443752218167], [-0.2550707389015682, -0.5008774591216422, -0.2261468812287479, -0.6998767730165867, -0.047618252717019444, 0.14827583028541216, 0.596660316400404, 0.04200081242936107, -0.1294162647131432, 0.47859322678484073, 0.8621916601087438, 0.5249864906001827, 0.08135365679263731], [-0.6878687750344178, 0.08501327914474978, 0.5498221309177228, -0.11904402836727353, -0.4390031621783333, 0.17329689965369088, 0.42859167359561673, 0.6520140280437304, -0.23563554268590164, -0.44953525420220597, -0.05429497173618243, 0.21579905390159554, -0.02340063390961753]], "inverted": true, "swapped": true, "error_lsq": 0.046136349030628875, "error_max": 0.2811819569365261, "target": "65.xyz", "model": "17.xyz", "model_rescale": 3.901054581598922, "target_rescale": 4.0444591201053415},
{"mapping": [2, 3, 0, 13, 7, 1, 12, 8, 5, 4, 9, 6, 10, 11, 14], "R": [[-0.3606626961044371, -0.8227845594375035, -0.439258452838317], [-0.8981106824665958, 0.43342324328239445, -0.07444121319508522], [0.25163390407110153, 0.36765454020561716, -0.8952711976759512]], "T": [-0.03590412139131887, -0.02562671665518826, -0.024017390776279825], "aligned_model": [[-0.07813259026190089, 0.27229687245294215, -0.33790719320598905, 0.512172512208677, -0.018402417102964357, -0.6064061933870148, 0.580827662899203, -0.5194140028620521, 0.11451203608260951, -0.6498177244538321, 0.4927012451545049, -0.1697921917214847, 0.0055531710962334405, 0.42664380750128744, 0.01650524295533866], [-0.718877164105334, -0.12069592246183163, -0.005524272878293837, -0.4619873479880836, 0.5114441649859639, 0.31021977157204816, 0.27698985563263545, -0.46913234626963396, -0.5921306187866991, 0.02767604257006738, -0.18777348964506357, 0.6996544447807937, 0.048166217346479134, 0.5427236301236807, -0.010029835298962229], [-0.4727474605455424, -0.7163900382815658, -0.7196426885251364, -0.21559923079519092, -0.4125088092625095, -0.24177889249292056, -0.30693119478698677, 0.07567816158351401, 0.1917008408041089, 0.47180805607329984, 0.33441588307286907, 0.11657765451151939, 0.7916355034868913, 0.291827960179177, -0.020301443507197415]], "inverted": true, "swapped": false, "error_lsq": 0.03218055070818584, "error_max": 0.28744126511923995, "target": "65.xyz", "model": "18.xyz", "model_rescale": 3.9405287249114394, "target_rescale": 4.0444591201053415},
{"mapping": [2, 3, 10, 1, 14, 11, 12, 5, 6, 9, 0, 13, 8, 4, 15], "R": [[-0.6993040056375598, -0.714733442576685, 0.011402357727434032], [-0.40156737842417456, 0.40599487508955734, 0.8209213129079733], [-0.5913692148605638, 0.5694947475293299, -0.5709274772260529]], "T": [0.0598270633615483, 0.10439423898244327, -0.003979860210644476], "aligned_model": [[-0.23591861078306853, 0.4193321559640296, -0.30046653600029455, 0.5011630877389859, -0.10085008034329485, -0.6147956558825051, 0.4710615228458771, -0.5110134151822032, 0.11289684960563107, -0.5821014483548531, 0.5346124800536135, -0.2308848780102366, -0.014646761597336876, 0.5512208417126776, 0.041730685588536404], [-0.6467891195585016, -0.006743856730192566, -0.10447569490888675, -0.3405317007774864, 0.5291399827075788, 0.22656638394941656, 0.39723191068572483, -0.4513165001425037, -0.6163097769487776, 0.22478564447347288, -0.20793081195311325, 0.7092160415325783, -0.32176718162555085, 0.38298830587858135, 0.07665950299542665], [-0.3258235195997008, -0.7680695191828198, -0.6706626257908306, -0.21082000547964136, -0.631285902549167, -0.22572601141454743, -0.21675058087828197, 0.23390533318317247, 0.1858958222788146, 0.3990629939450836, 0.38293890207750725, -0.03571311840800348, 0.6165942679298434, 0.46032879693904705, -0.026130531536145342]], "inverted": false, "swapped": false, "error_lsq": 0.04234974008034013, "error_max": 0.2870747901319429, "target": "65.xyz", "model": "19.xyz", "model_rescale": 4.410303926677745, "target_rescale": 4.0444591201053415},
{"mapping": [6, 4, 1, 13, 3, 11, 10, 2, 5, 7, 9, 8, 0, 14], "R": [[-0.32313251949521365, -0.4090159091502252, -0.8533998833528689], [0.5249377860599627, -0.8277946380713975, 0.19798070094508996], [-0.7874171039615157, -0.38400784268326993, 0.4821952728372611]], "T": [-0.07593852690034933, 0.0012269313200428903, 0.11897055938490841], "aligned_model": [[-0.17938408787551932, 0.29272117605734904, 0.3728515201868611, -0.6671974720085382, 0.1540210357057017, -0.5207530143747271, -0.44001851925289726, 0.6535044444667398, 0.2030093969186654, 0.2572547479625079, -0.37076716923602104, -0.04108617351134189, 0.6008006282559208, -0.05376862383382825], [0.013027136243029489, -0.6750125495337822, 0.12681855980701637, -0.12474541340861958, 0.5996313272344657, -0.5977399893264735, 0.4577025755464111, -0.22101611623820952, -0.49108698314483246, 0.0968308024554456, -0.26173063060873064, 0.5283625174653375, 0.43266262399497285, -0.0727553943048285], [-0.5856393883658955, -0.35232292172690455, -0.5195180013892572, -0.2623355875975172, -0.1786316357495354, 0.048089308964010244, -0.10351569813200054, 0.04990593949087391, 0.4312213343578583, 0.7607080974902883, 0.8050459836175281, 0.414607505951379, 0.30396555579579765, 0.10523454601839625]], "inverted": false, "swapped": true, "error_lsq": 0.03874499559586255, "error_max": 0.29906060785853206, "target": "65.xyz", "model": "20.xyz", "model_rescale": 4.121658175737393, "target_rescale": 4.0444591201053415},
{"mapping": [9, 11, 4, 5, 2, 12, 6, 7, 10, 3, 1, 0, 14], "R": [[0.808423921289354, 0.19273098518832651, 0.5561524348912639], [-0.441581712914105, -0.4261440176997084, 0.7895611863551776], [0.38917393837073594, -0.8838868952117617, -0.25939853925171386]], "T": [-0.01682554881818893, -0.10032915033474801, 0.04812453549335261], "aligned_model": [[0.14509847769913092, -0.18598895130803678, 0.3285598656246513, 0.5331552117663665, 0.6302089517303544, -0.38357929001514807, -0.41724629592988044, 0.5026809126389269, -0.5830123583823004, -0.18550709291898998, 0.01923575659627763, 0.4545799872028531, 0.022897729960089305], [-0.7446493795311694, -0.029739186413544838, 0.6391497587705048, -0.14283901216412148, 0.283185534114227, -0.6862631815273107, 0.48805169853322117, -0.5804244543199173, -0.15833588651598396, 0.08128644018506634, 0.594565023339084, -0.14350898699439443, -0.05965146331247782], [0.47870803185344124, 0.77479244603348, 0.43439803428333273, 0.3848730405887081, -0.09509482178014961, 0.17614090511346472, 0.02007797850313476, -0.12965752771651726, -0.209736094732362, -0.6137656381702391, -0.3269422257585378, -0.625854775796945, 0.10217038706097864]], "inverted": true, "swapped": true, "error_lsq": 0.04375058425984138, "error_max": 0.25568815938032735, "target": "65.xyz", "model": "21.xyz", "model_rescale": 4.08911054899281, "target_rescale": 4.0444591201053415},
{"mapping": [10, 13, 6, 12, 0, 8, 4, 5, 9, 11, 14, 1, 15, 2, 16], "R": [[-0.7804431818854672, 0.524017962831324, -0.34104781846333015], [0.5619036734310641, 0.8270655434669928, -0.01506149376137697], [0.27417640604757293, -0.20339066212527301, -0.9399252826299968]], "T": [0.036148471701047555, -0.013157583576949893, -0.06860996857176606], "aligned_model": [[-0.2181140263662859, 0.5780299316026779, -0.4370674489211595, 0.4651725561332986, 0.02780781527988145, -0.6321300741200041, 0.5134698248229586, -0.4838152376884322, -0.005103028309846144, -0.49848913830177305, 0.49622330899747186, -0.29659362454931226, 0.11978084499864562, 0.35226599411773085, 0.05990253965970639], [-0.6705697505607958, -0.07290823916331159, 0.05947255328202439, -0.5895251586722272, 0.5144338113287379, 0.17168002410671052, 0.45758936578341686, -0.4783692851901409, -0.6774493110602238, 0.06631644463840772, -0.2939813778136668, 0.6745035375190522, 0.1340628003789386, 0.5480006899422619, 0.007467025058582233], [-0.4614142888039904, -0.4421394969896887, -0.63988545749186, -0.23804508709783678, -0.6357582310668644, -0.06953843028602734, -0.26058345994371307, 0.03600775243313632, 0.18548140496668652, 0.4733674618329915, 0.2796596491444889, 0.14680419340916123, 0.6405013080122868, 0.25761837700128176, -0.10433139360572204]], "inverted": true, "swapped": false, "error_lsq": 0.042000691563459584, "error_max": 0.27364214884757926, "target": "65.xyz", "model": "22.xyz", "model_rescale": 4.204369325754507, "target_rescale": 4.0444591201053415},
{"mapping": [2, 3, 10, 1, 14, 11, 12, 5, 6, 9, 0, 13, 8, 4, 15], "R": [[-0.6993040056375598, -0.714733442576685, 0.011402357727434032], [-0.40156737842417456, 0.40599487508955734, 0.8209213129079733], [-0.5913692148605638, 0.5694947475293299, -0.5709274772260529]], "T": [0.0598270633615483, 0.10439423898244327, -0.003979860210644476], "aligned_model": [[-0.23591861078306853, 0.4193321559640296, -0.30046653600029455, 0.5011630877389859, -0.10085008034329485, -0.6147956558825051, 0.4710615228458771, -0.5110134151822032, 0.11289684960563107, -0.5821014483548531, 0.5346124800536135, -0.2308848780102366, -0.014646761597336876, 0.5512208417126776, 0.041730685588536404], [-0.6467891195585016, -0.006743856730192566, -0.10447569490888675, -0.3405317007774864, 0.5291399827075788, 0.22656638394941656, 0.39723191068572483, -0.4513165001425037, -0.6163097769487776, 0.22478564447347288, -0.20793081195311325, 0.7092160415325783, -0.32176718162555085, 0.38298830587858135, 0.07665950299542665], [-0.3258235195997008, -0.7680695191828198, -0.6706626257908306, -0.21082000547964136, -0.631285902549167, -0.22572601141454743, -0.21675058087828197, 0.23390533318317247, 0.1858958222788146, 0.3990629939450836, 0.38293890207750725, -0.03571311840800348, 0.6165942679298434, 0.46032879693904705, -0.026130531536145342]], "inverted": false, "swapped": false, "error_lsq": 0.04234974008034013, "error_max": 0.2870747901319429, "target": "65.xyz", "model": "23.xyz", "model_rescale": 4.410303926677745, "target_rescale": 4.0444591201053415},
{"mapping": [3, 0, 1, 2, 7, 11, 12, 10, 4, 9, 5, 14, 15, 6, 16], "R": [[0.9423300875093762, -0.26340768517097113, 0.2064712996216237], [-0.22209624772414305, -0.953658930632332, -0.20299729252394816], [0.2503742457231331, 0.14543395551956856, -0.9571633620550384]], "T": [-0.06312729521737305, 0.07722213428400422, -0.005267643527850516], "aligned_model": [[-0.028283061973251658, 0.4107088081494339, -0.44150931105468594, 0.48847449112904007, -0.06662231604104768, -0.6281088402070064, 0.6747322149752125, -0.5582842874907405, 0.09447447242963437, -0.5067457233905452, 0.4839452648900917, -0.2574021206575462, 0.016655792328017935, 0.42328048827706793, -0.06397563400811644], [-0.6859399976102627, -0.10416044202114404, -0.12303343139281002, -0.5965113306597732, 0.40627300432773394, 0.33896704807253203, 0.3012197873565299, -0.344737904952336, -0.5755792837957047, 0.05037865755475769, -0.11036366107759006, 0.6078671475234525, 0.1583545317984556, 0.5390574391272863, -0.011068434673360814], [-0.4802628271732094, -0.5647008560253168, -0.7489477549176119, -0.2786037712034247, -0.5828870739794276, -0.11931561824781607, -0.23234522811086433, 0.01825308278052311, 0.14604780306901965, 0.43620953772915916, 0.24196750119060384, 0.3673221471789422, 0.6992650979753608, 0.35252239143139097, -0.08678013018299895]], "inverted": true, "swapped": false, "error_lsq": 0.03752355307662715, "error_max": 0.22604282924716654, "target": "65.xyz", "model": "24.xyz", "model_rescale": 4.28219845311461, "target_rescale": 4.0444591201053415},
{"mapping": [6, 1, 8, 0, 5, 11, 3, 14, 2, 12, 4, 9, 13, 7, 15], "R": [[-0.30897659513576, 0.27439653009864623, 0.910626162554171], [-0.17930190994959658, 0.9235004189641607, -0.33911325727763353], [-0.934015143745935, -0.2680550697950749, -0.23614019312776502]], "T": [-0.02181564987213587, 0.00995441667889937, -0.02465960328128534], "aligned_model": [[-0.17208154294599853, 0.3423965324961373, -0.186175501807597, 0.45770458386969287, -0.1917016238035249, -0.5271382845036482, 0.5775205816514831, -0.6194647123019036, 0.02790904700531853, -0.6019611957356584, 0.6765426780528321, -0.09367829151035147, -0.05044728976572534, 0.3772633331207422, 0.024651923533759335], [-0.7574201106241403, 0.09153392486219933, -0.09982669487213817, -0.6072915928033631, 0.5119463959963864, 0.20192988654620228, 0.463247189484108, -0.4320103926389604, -0.604017039325861, 0.19903904385910762, -0.12675138309459733, 0.6704496857033402, -0.029820253241680958, 0.4151390748494558, -0.045424605122291795], [-0.47271499180615567, -0.5448246433462457, -0.6901519049251105, -0.25837284904671237, -0.691310553536692, -0.09001650916650768, -0.21272099901538244, 0.14155510845048777, 0.27424929608398785, 0.4358814368137982, 0.14343484383652802, 0.09966032356867092, 0.5673831838268064, 0.5064781979217589, -0.040785638144901416]], "inverted": true, "swapped": false, "error_lsq": 0.03815100206146373, "error_max": 0.2295242999764409, "target": "65.xyz", "model": "25.xyz", "model_rescale": 4.100010024507729, "target_rescale": 4.0444591201053415},
{"mapping": [0, 7, 12, 9, 1, 6, 3, 11, 5, 4, 2, 14], "R": [[0.12013259753875483, -0.6226927989398534, -0.7731893928120349], [-0.6999898655581196, -0.6054072271868758, 0.3788090249529763], [-0.7039760984042837, 0.4957174269867364, -0.5086077913846114]], "T": [0.08241874725857262, 0.055804733795863315, 0.09162354916976045], "aligned_model": [[-0.6515281177813252, -0.10352596863273733, 0.5839454271337956, 0.6091120274844142, -0.5097941902049667, 0.007121788251768624, -0.4414929225835094, 0.7105946554449394, 0.11888231254897008, -0.06031489376880472, -0.4775784051618068, 0.09134388963226901], [-0.3148735845662004, -0.6344319933327487, -0.2576046214981463, -0.5079061915655643, 0.5790227646545558, 0.7497964691685053, 0.1838820394667149, 0.31626281276211426, -0.18517723519928297, 0.5968614343130751, 0.05911864900114322, 0.08118084684647364], [0.13911432013594338, -0.05323068638566361, 0.4717034774345604, -0.08612424025698784, 0.07212650746660898, 0.23312000350653686, 0.5484047374950762, -0.22334005100101717, -0.5069443918990965, -0.6170457050901491, -0.4305269556016261, 0.01793527405017077]], "inverted": true, "swapped": true, "error_lsq": 0.04411223163689737, "error_max": 0.2083989550189357, "target": "65.xyz", "model": "26.xyz", "model_rescale": 3.6694154284099745, "target_rescale": 4.0444591201053415},
