[{"mapping": [4, 9, 5, 1, 3, 11, 8, 10, 0, 6, 2, 12], "R": [[0.4313822849878857, 0.5060997144150738, -0.7468416185963469], [-0.6789570021146778, -0.36300037295721005, -0.6381599474366719], [-0.5940763532392785, 0.7823642427296298, 0.18702801453261703]], "T": [0.017431995330473564, -0.10900456210010573, -0.017476685579315955], "aligned_model": [[-0.27506403072641183, 0.2002965012704598, 0.4596910500476927, -0.11901489315719804, -0.13627033201840283, -0.515580029592045, 0.25776228523254646, -0.32959078794373053, 0.6232974843838202, 0.26151920115114, -0.5713842044444633, -0.0180197817428588], [-0.29962336565645376, -0.7442695225532936, -0.24221187543875747, 0.5890423502397293, 0.4473542574987098, -0.7039804030875441, -0.3859351636839565, -0.1654023844219634, 0.3495367416439806, 0.19398594878673364, 0.11923790003607981, -0.10417944738620687], [-0.5270189670276695, -0.06267320607200191, -0.5584627966170393, 0.10002875938487865, -0.5681071526990328, -0.016762397601607894, 0.6067642012149238, 0.8077368297675966, -0.1928014891290133, 0.4404643819177401, 0.19386455241678371, -0.041080970201995595]], "inverted": false, "swapped": true, "error_lsq": 0.05753275964511159, "error_max": 0.4355002306169837, "target": "650.xyz", "model": "0.xyz", "model_rescale": 3.751011558992144, "target_rescale": 3.837709018867986},
{"mapping": [11, 9, 5, 10, 4, 6, 12, 7, 3, 1, 2, 8, 14], "R": [[-0.38714688432774647, 0.8652164029136009, 0.31861868445615105], [-0.40965744164114115, -0.470999168722248, 0.781242960653718], [0.8260133597366048, 0.17193126298669825, 0.5367881987753134]], "T": [-0.03353853924453296, 0.06654218096567832, 0.04220026474046971], "aligned_model": [[0.013904669748179353, -0.5465003580918072, -0.5505745812269582, -0.06415027367792175, 0.40894199695341343, 0.5597025910969827, -0.24299055468083153, 0.35448661210535554, -0.2747899403806477, 0.6215935700788493, -0.4590622121387678, -0.005618423433089936, -0.060203092713197015], [-0.09273022793082858, -0.1987461476662845, -0.17486522327166434, -0.7135099694343852, -0.529531353504286, -0.019750520627614787, 0.49301684427476594, 0.505669971635957, 0.7912392948771012, 0.20487802430626909, 0.4230229623118549, -0.17045850059653245, 0.07463239728570982], [-0.7382562879333187, -0.27510384243567443, 0.2961338061763272, -0.20886807754918943, 0.3151128633874913, -0.40984428637478537, -0.5289602370996733, -0.2680903880001186, 0.04641263356227102, 0.23546346148671973, 0.6550535574015502, 0.6614493230457659, -0.004994676000878211]], "inverted": true, "swapped": false, "error_lsq": 0.048471006867185334, "error_max": 0.29758101500069284, "target": "650.xyz", "model": "1.xyz", "model_rescale": 3.9405287249114394, "target_rescale": 3.837709018867986},
{"mapping": [1, 5, 11, 0, 6, 7, 2, 4, 8, 3, 9, 10, 12], "R": [[-0.9699588987848772, -0.061979421022980125, -0.2352409106377642], [-0.20745262963939684, 0.7157893042661381, 0.6667901306662369], [0.1270556615178074, 0.6955603663722181, -0.7071439992027213]], "T": [0.019272785808653953, 0.029653295161497062, -0.05730286954486181], "aligned_model": [[0.16589910520009257, -0.6815028411522975, -0.3275157037496444, -0.2630972772138286, 0.19579213041715263, 0.7828776942213124, -0.47989100758715575, 0.3929353166653244, -0.04713539795085191, 0.4723799580197998, -0.4733064448911136, 0.04183728059719885, -0.024532808936429538], [0.019276055768312317, -0.1601564420680916, -0.3566828394630065, -0.652770926750769, -0.4758062358193623, -0.15722291376166145, 0.16454093225564498, 0.5788684380183108, 0.7354299039153095, 0.14177126820069205, 0.3789851895477331, 0.2986788188721163, 0.07795630294483334], [-0.8355183716537329, -0.08832003716327406, 0.43064838173999154, -0.45415840639926475, 0.036009921159411144, -0.16168045115482566, -0.5009361192494727, -0.28187972002898404, 0.2560006602397445, 0.2727321728086624, 0.4772193808225181, 0.7418236726745385, -0.11643323412882516]], "inverted": true, "swapped": false, "error_lsq": 0.0629056265833933, "error_max": 0.3774900781952893, "target": "650.xyz", "model": "2.xyz", "model_rescale": 3.932901565614263, "target_rescale": 3.837709018867986},
{"mapping": [7, 0, 1, 2, 6, 5, 3, 9, 8, 12, 11, 10, 13], "R": [[0.004874716275628466, 0.7740087707867354, -0.6331561102022466], [0.2543803286857665, -0.6132945614715429, -0.74777030513865], [-0.967091973660703, -0.15741729134575783, -0.1998822424989556]], "T": [-0.09548689216246219, 0.05761804158503818, -0.08183422251013464], "aligned_model": [[0.10105687509749224, -0.5509460547662668, -0.5548606763071833, -0.16006427686878028, 0.3184579246678307, 0.586710749528662, -0.5396611197228125, 0.45218659701098207, -0.20632615212454214, 0.57072817774734, -0.34837539959095065, 0.07917741382525652, 0.0066559451425314], [0.2687379945063154, -0.32058056355643844, -0.37867424909820796, -0.7718027433872768, -0.42863240888039594, -0.08344411061623318, 0.27069511661160345, 0.5272969853419774, 0.7783332266489378, 0.08956117275627677, 0.6202649101587899, -0.0181348919877191, 0.03924711316243243], [-0.7349356391193201, -0.39563845354007077, 0.3020842381596781, -0.12755922681522736, 0.16086404432186444, -0.2593378352679625, -0.21597181511753377, -0.22057274793402828, -0.16592349650674082, 0.29000838822132746, 0.5640640686024608, 0.6087447473189374, -0.030318422656897513]], "inverted": true, "swapped": false, "error_lsq": 0.056713864653298605, "error_max": 0.3148338390995144, "target": "650.xyz", "model": "3.xyz", "model_rescale": 3.9243930471874484, "target_rescale": 3.837709018867986},
{"mapping": [10, 6, 5, 11, 9, 8, 3, 4, 2, 7, 0, 1, 12], "R": [[0.29592407814084476, 0.946713886633928, -0.12712889848879066], [0.8434310322615937, -0.32144424823525425, -0.4304621807947998], [-0.44838937743286683, 0.02015966594351873, -0.8936109634927338]], "T": [0.02647735119752029, -0.03410854044819262, -0.08973081344894931], "aligned_model": [[0.11677557450895538, -0.6430726270221759, -0.5607382733027286, -0.1534597619357683, 0.39710295483280866, 0.636341310538577, -0.3904636502286076, 0.28682125723966795, -0.04440949663708284, 0.5090571133490046, -0.45217555103538587, 0.10870234170601556, -0.0557411883737208], [-0.12310679037851263, -0.17765907015874088, -0.20124465051830293, -0.7748083253055491, -0.6063343478184541, -0.08988130751916185, 0.43499178188676296, 0.4666395429808506, 0.8376994053886065, 0.47127315900652517, 0.417940700051989, -0.029086993977105853, -0.033555551978844814], [-0.7833108462462112, -0.3191051512082891, 0.3584504342938557, -0.30214678605233414, 0.09160224775695774, -0.23564763381700835, -0.33275027620798925, -0.27368645203862063, 0.20376612127690505, 0.3034928759827208, 0.44866052814916435, 0.6197578298635433, -0.0035750420862068755]], "inverted": false, "swapped": false, "error_lsq": 0.039419744190751796, "error_max": 0.21995156945976257, "target": "650.xyz", "model": "4.xyz", "model_rescale": 3.8936222436046832, "target_rescale": 3.837709018867986},
{"mapping": [11, 2, 8, 9, 6, 1, 3, 0, 5, 4, 7, 12], "R": [[-0.9926492642459193, 0.11832334953864279, -0.025436649661289876], [-0.10066145315232564, -0.6904906859001791, 0.7163029279113425], [0.06719159204318044, 0.7135980644866241, 0.6973256716338834]], "T": [-0.1080798986847374, -0.0767036900176794, -0.06280704152549588], "aligned_model": [[0.09033523175989823, -0.604689611766095, -0.26782073922237065, 0.397595618722764, -0.5291886384806074, -0.6871668053856287, -0.14880926427979857, -0.07443535163096862, 0.4991639730156138, 0.2583469197638534, 0.20181157664377858, -0.107594866925342], [-0.6531887085461954, -0.5182904112919414, 0.32430101414095286, -0.010436311577248891, 0.3502732069651431, -0.06617994666960708, -0.3332336257406182, 0.4880402883292061, 0.1278230240411654, -0.5509524456198173, 0.6278754348904195, -0.11710861381165165], [-0.5789417523334816, -0.10575140069651134, -0.6440161107859858, -0.48582551467554613, -0.10088582490424872, 0.36642760306288635, 0.6914389155432409, 0.47385317516603076, 0.24610546333736805, 0.08666634956263028, -0.28127877042869953, -0.04850741357216501]], "inverted": true, "swapped": true, "error_lsq": 0.0403104169477832, "error_max": 0.23405745622292642, "target": "650.xyz", "model": "5.xyz", "model_rescale": 3.6523030999806103, "target_rescale": 3.837709018867986},
{"mapping": [1, 8, 9, 5, 7, 3, 6, 2, 10, 4, 10, 11, 12], "R": [[-0.8693580609549064, 0.18369317917839417, -0.4587737762514981], [-0.1423796536222099, -0.9820868191693907, -0.12342412182457774], [-0.4732278479624216, -0.04197970387083554, 0.8799392640266556]], "T": [-0.025504044721890433, -0.019954280998528966, -0.09514988294895532], "aligned_model": [[0.16400550349354792, -0.6363324010045702, -0.48543011429006255, -0.11483525213302537, 0.24428584264287212, 0.6449530866164072, -0.4387072639417569, 0.3517173105979236, -0.31150881520586177, 0.3328050912852833, -0.31150881520586177, 0.2796010711647934, 0.03569475961987057], [0.058770119091765945, -0.24169798128219097, -0.15937190932820072, -0.6200679635783757, -0.5481062132394816, -0.19981780302648222, 0.39661308224049413, 0.5756458514656434, 0.5827384587074634, 0.3492752110129985, 0.5827384587074634, -0.07906171718645297, -0.10479004192458277], [-0.758673406238858, -0.27241113988909926, 0.444936786598761, -0.40464468637813733, 0.24409488538659407, -0.12302552517116275, -0.37507700486202794, -0.3765324792630502, 0.3093693062535955, 0.1586526923130373, 0.3093693062535955, 0.7282492805119037, -0.10880016584866387]], "inverted": true, "swapped": false, "error_lsq": 0.05110291036646781, "error_max": 0.3351598013749331, "target": "650.xyz", "model": "6.xyz", "model_rescale": 4.08911054899281, "target_rescale": 3.837709018867986},
{"mapping": [5, 2, 1, 13, 11, 10, 6, 4, 3, 8, 0, 9, 14], "R": [[-0.754469225867107, 0.40557602192551145, 0.5160274001044574], [-0.5907876953727306, -0.07716085891820085, -0.8031289440975111], [-0.2859127248229191, -0.9107987111816105, 0.29782481678706896]], "T": [0.014521685442073818, -0.03374767297866201, -0.13162239679360985], "aligned_model": [[0.3216509842105307, -0.7851195313172641, -0.41260832863483704, -0.2758216234607132, 0.2907971634857611, 0.7121491465744407, -0.33565315677975716, 0.2957492390899619, -0.09321963382979749, 0.5322461977547983, -0.6498995325217385, 0.11992757385452965, 0.03454150521364431], [0.10977570741325118, -0.12582527178343503, -0.32024756235969865, -0.6879854101958983, -0.48331820076315773, -0.18585675474984245, 0.3093454790626035, 0.569637113456814, 0.6848069656203079, 0.2989784315010186, 0.436510192299333, 0.05137779878723534, -0.06433093662846899], [-0.813952128449942, -0.17890012462868732, 0.39127704221422344, -0.2851419998672057, 0.12545592538945297, -0.22885228529873683, -0.22547139972267816, -0.3633277102192929, 0.18226050451710832, 0.16232256749955856, 0.339608086481354, 0.6405178499572021, 0.029711521794130863]], "inverted": false, "swapped": false, "error_lsq": 0.04464896505876962, "error_max": 0.2902347940632713, "target": "650.xyz", "model": "7.xyz", "model_rescale": 3.964800864290218, "target_rescale": 3.837709018867986},
{"mapping": [11, 4, 2, 12, 7, 9, 6, 10, 3, 5, 0, 1, 13], "R": [[0.018256738299938458, -0.6625831839907964, 0.7487657950248972], [-0.983107151432301, -0.1483055339815963, -0.10726508002654322], [0.18211814931333636, -0.7341586973421022, -0.6540978419224707]], "T": [-0.026030424980020363, 0.05311214846994263, 0.023984528715034023], "aligned_model": [[-0.08878975473651066, -0.5699688245624237, -0.5417891652246498, 0.08920552324721207, 0.09996004783990592, 0.46934234129021246, -0.4062370157722362, 0.5555285180882393, -0.15744543821755697, 0.641979123006707, -0.47802946177511957, 0.08919106092697751, 0.051793049528801705], [-0.0024161829052073147, -0.19389649632977782, -0.26400744271727594, -0.6201868395285943, -0.5636535069464796, -0.16953928404294674, 0.3533465071190682, 0.4734615961658105, 0.7549231411060312, 0.5061392021118867, 0.3688650016821956, -0.09904280443091174, 0.0488746603762628], [-0.8007040157894281, -0.34778306248648744, 0.2923812770198828, -0.2986051274813268, 0.3565197780030989, -0.39896805589268525, -0.2950892893635532, -0.376302306649732, 0.1510833902887443, 0.2421598147477288, 0.4813207058838291, 0.7497205486737496, 0.019774192712666422]], "inverted": false, "swapped": false, "error_lsq": 0.044238739149612925, "error_max": 0.24967957777979952, "target": "650.xyz", "model": "8.xyz", "model_rescale": 4.121658175737393, "target_rescale": 3.837709018867986},
{"mapping": [11, 10, 0, 3, 2, 8, 5, 7, 9, 6, 4, 1, 12], "R": [[0.8961094555736139, -0.43441821246517953, -0.0909321742295865], [-0.24533535951875496, -0.6555638262850126, 0.7141754903637882], [-0.36986268398064304, -0.6176705321974751, -0.6940350918026574]], "T": [0.006149084418851342, 0.05696400621573538, -0.07302253004009873], "aligned_model": [[0.15004115769052068, -0.5624603414274076, -0.5892760506221301, -0.10556938096001928, 0.2509799112100225, 0.7178659833117346, -0.5305894492485326, 0.17834803348437767, 0.09366551153558005, 0.5226619210584679, -0.3894153755172475, 0.013057390726010129, 0.005430692398183199], [-0.13987430614019622, -0.19962383547738555, -0.2461769117528338, -0.6838102483444324, -0.5326033312701864, -0.042074398667439956, 0.3444106027144892, 0.5011422754188349, 0.8609483660335558, 0.3509009721682354, 0.44366774591257196, -0.10526519704801407, 0.04122581811286323], [-0.6591810620021895, -0.5058352273231367, 0.34218673712151043, -0.32092670455969013, 0.2005001777583556, -0.19220217560004044, -0.1779229919725694, -0.5507924510498587, 0.12481538641678047, 0.2833446959040231, 0.6213238485481882, 0.596727928433732, 0.013469687991382442]], "inverted": false, "swapped": false, "error_lsq": 0.05342477664401084, "error_max": 0.31572256213246574, "target": "650.xyz", "model": "9.xyz", "model_rescale": 3.833441315466971, "target_rescale": 3.837709018867986},
{"mapping": [10, 11, 7, 12, 6, 0, 8, 13, 2, 5, 9, 4, 14], "R": [[-0.368642400945547, -0.8933526691265702, -0.25695094627094733], [-0.5351619977685821, -0.022053758798182888, 0.8444615253918981], [-0.7600686918755715, 0.44881470596149614, -0.4699584485284344]], "T": [0.015118855668501453, -0.055909109268085184, 0.010074868160808492], "aligned_model": [[-0.13107895999906838, -0.5482654680062896, -0.5952098763889471, 0.0581951117484083, 0.20993061298579796, 0.5310331979416882, -0.5073044381006108, 0.427166258263761, 0.03709083987017896, 0.5691521903689394, -0.5246901816442658, 0.26907567380660685, -0.040354957206639605], [0.019874796448711922, -0.3173489568891707, -0.15355204554765733, -0.6083202570030832, -0.5922530908783918, 0.022400614520800687, 0.3646395244367352, 0.5859344337387686, 0.6292852814336056, 0.26027122591383556, 0.5234630301543304, -0.14300008887477916, 0.0014730842063560637], [-0.7953052544199569, -0.27203218768312526, 0.258829109535034, -0.226581881861271, 0.3783316816025495, -0.4275584718632346, -0.387130508430673, -0.22217574158987366, 0.22612146912646688, 0.23482419775262584, 0.18570019045025166, 0.7609634590200346, 0.06152178802765909]], "inverted": false, "swapped": false, "error_lsq": 0.04715161045321904, "error_max": 0.2767703563865322, "target": "650.xyz", "model": "10.xyz", "model_rescale": 4.2482417240324, "target_rescale": 3.837709018867986},
{"mapping": [6, 10, 9, 11, 0, 5, 7, 4, 2, 3, 1, 12], "R": [[0.5626327422363534, -0.3644590723833733, 0.7420336797754213], [0.5210434034763549, -0.5405315561606916, -0.6605599204374103], [0.6418396755089061, 0.7582843934513966, -0.11422175620550529]], "T": [0.014875155459223372, 0.03879085319069958, -0.023135235521350907], "aligned_model": [[-0.54539775358971, -0.16884067471471662, 0.4053594276887864, 0.7091763941004049, -0.5329621015130285, 0.15188992021799133, -0.24025870348319364, 0.5426832011371855, 0.04023749317627791, -0.04664550325949761, -0.4787872848402971, 0.04031118744280404], [-0.16470250407020415, -0.836725416176958, -0.008935093208784162, -0.35583320469043567, 0.5792461108816869, 0.6632979201274436, 0.14379176541118568, 0.29459894011001664, -0.3436104706398936, 0.5886633212814096, 0.06183042165193964, 0.04450959937323294], [0.05286842208592238, -0.08872965754999501, 0.5100514017441882, -0.04091790238479022, 0.1027788586548167, 0.28866776274222383, 0.7279146220257486, -0.21679390353341338, -0.5677362242050351, -0.5977733218722054, -0.5479793534497316, -0.057158414403372354]], "inverted": false, "swapped": true, "error_lsq": 0.041261825494926775, "error_max": 0.24961499272655954, "target": "650.xyz", "model": "11.xyz", "model_rescale": 3.6694154284099745, "target_rescale": 3.837709018867986},
{"mapping": [12, 2, 8, 1, 4, 0, 10, 5, 7, 6, 9, 11, 13], "R": [[-0.10387446561905805, 0.9033973742779247, 0.41603278661676], [0.550009018904317, 0.40069167403865763, -0.7327593475896497], [-0.8286737443145319, 0.1527067991408688, -0.5384983370261087]], "T": [-0.00261540065869165, 0.05191250062407631, -0.016856191708596202], "aligned_model": [[-0.08908274330636921, -0.49419814901913783, -0.5829002833716167, -0.016784746875471827, 0.31746484661629576, 0.5989744354991389, -0.5102329215443117, 0.5189841678564887, -0.061395629439835814, 0.47833198217062994, -0.506037287961541, 0.02400543831044299, 0.07761089470484715], [0.14538738849533145, -0.3041411892352793, -0.227190292953191, -0.6767628209227471, -0.5405581600474091, -0.2138815002089261, 0.36913407047571395, 0.5605453547760331, 0.7919317052208131, 0.21753752691679806, 0.4462454621854706, 0.05302428315500184, -0.028404276197547755], [-0.6843547641860169, -0.25745075699269604, 0.380596870706706, -0.44732686376185543, 0.2900734440357692, -0.2964649944638721, -0.2295148746238306, -0.35419474906410164, 0.016034232460048148, 0.23035383856693953, 0.46868905407262457, 0.7209234120886746, -0.06185599917190164]], "inverted": true, "swapped": false, "error_lsq": 0.037552374761758524, "error_max": 0.22259345444918277, "target": "650.xyz", "model": "12.xyz", "model_rescale": 3.9764082729961374, "target_rescale": 3.837709018867986},
{"mapping": [0, 9, 12, 5, 6, 4, 1, 7, 8, 3, 10, 14, 15], "R": [[-0.11612688219030845, 0.9909171528538874, -0.06780666200826944], [-0.9893245570915616, -0.10934842392287922, 0.09633194133394889], [0.08804242141344869, 0.07826952386163959, 0.9930369649041917]], "T": [-0.07077647610152583, 0.022679562750633764, 0.033595022504292665], "aligned_model": [[0.02699804264467258, -0.40860376891537104, -0.6638366256753876, -0.08187591763591398, 0.30267113803291346, 0.48416757227121376, -0.5925696257883539, 0.43367004988887325, -0.06762290178625248, 0.5337776139149741, -0.6138660046668387, 0.36513021157327163, 0.036700219781758234], [0.04460315399651665, -0.1785621906920727, -0.16890240609096016, -0.6946224967782094, -0.5747755178960584, -0.2557453358655068, 0.3484285826027791, 0.36755714743913326, 0.7150001972467392, 0.5358422256242678, 0.4739373866616963, -0.04815167397513827, 0.028258479386875368], [-0.685478988382691, -0.4212385771989344, 0.1706699770017324, -0.40020039428572185, 0.3289644721871954, -0.3274872406788968, -0.12433554219507606, -0.41095739613566307, 0.1761959715491588, 0.31576851699017416, 0.41773957769156056, 0.6997604187230946, 0.03610705440055503]], "inverted": false, "swapped": false, "error_lsq": 0.04936681841579197, "error_max": 0.27646858974663635, "target": "650.xyz", "model": "13.xyz", "model_rescale": 4.170626492500431, "target_rescale": 3.837709018867986},
{"mapping": [4, 2, 3, 6, 11, 12, 0, 8, 7, 10, 1, 9, 13], "R": [[-0.34472512672864297, -0.5495721385213914, -0.7610092322455395], [-0.882048024836781, 0.4670242781327728, 0.062286479400394223], [0.32117887365680553, 0.6927184046895152, -0.6457440227527922]], "T": [-0.04681411459372346, 0.019972600460979623, -0.06792146906835302], "aligned_model": [[0.07536009053329797, -0.573058506586574, -0.48717564141833186, -0.12427729144480319, 0.22562268772278743, 0.6427972504642728, -0.4595067671481658, 0.36380264846839844, 0.02554442508397052, 0.4046360566722876, -0.44880434698545696, 0.11611425558698653, -0.006314857309110092], [0.03986112062231971, -0.10716405085706196, -0.38019349635743693, -0.8040990784975925, -0.4904835140961492, -0.04913278957850238, 0.4425335008517064, 0.5337427147865051, 0.8084301593725649, 0.24293712245444066, 0.37620821575279884, 0.05191702904150833, -0.07168938183503946], [-0.7663060629422392, -0.4418670252982058, 0.28053573788781944, -0.21756969391791664, 0.3381233498690881, -0.3032228320829153, -0.15150057241625386, -0.41287137314609734, 0.10680323559502085, 0.1866524293795157, 0.4819098772139822, 0.725010014817108, -0.05018923529241895]], "inverted": true, "swapped": false, "error_lsq": 0.03975386577834534, "error_max": 0.19355971372078218, "target": "650.xyz", "model": "14.xyz", "model_rescale": 3.9786697098870705, "target_rescale": 3.837709018867986},
{"mapping": [1, 10, 0, 3, 6, 7, 11, 9, 5, 4, 8, 12], "R": [[0.5193073685051615, -0.3823492733778562, -0.7642832525730692], [0.24184381600379035, 0.9235227098931791, -0.2976867027132446], [0.819653235018913, -0.030246280085066413, 0.5720609555493597]], "T": [0.01797163478483241, -0.0806647845070865, -0.01945028139639493], "aligned_model": [[0.03894979715947855, -0.8255414097773366, 0.6394951918350544, 0.4912539253953283, -0.09597911527408426, 0.25383598171905647, -0.4660588463473956, -0.012170690879088366, 0.6534734368387727, 0.17232795979704807, -0.38192456451120427, 0.01569293081170748], [-0.34355708223726056, 0.09297295901762076, 0.16678960247835714, -0.6629671266452217, 0.2589720591450655, 0.6763881809093125, -0.3194009095479008, 0.23748690544288867, 0.028698974772221594, -0.5205128448295838, 0.5224614697814497, -0.1226576980625094], [-0.6903767537455713, -0.27028598472098203, -0.42013307263931204, -0.2901554875399972, -0.5018960047976555, 0.08747578402747844, 0.5694623914282174, 0.56099322607221, 0.2808500014614175, 0.38580346488015305, -0.04060783938712742, -0.011163231165000601]], "inverted": false, "swapped": true, "error_lsq": 0.053741258834089006, "error_max": 0.24404000109210708, "target": "650.xyz", "model": "15.xyz", "model_rescale": 3.769337070930944, "target_rescale": 3.837709018867986},
{"mapping": [9, 11, 7, 8, 5, 4, 0, 2, 6, 10, 12], "R": [[0.08381323656049905, 0.7547879172064266, 0.6505924541650008], [-0.07915602993656573, -0.6457835997832311, 0.759406258320073], [0.9933326050734144, -0.11514661215249233, 0.005620801354627447]], "T": [0.12787633736831577, -0.008879160326714632, 0.0037443428273802835], "aligned_model": [[-0.30375456613189866, -0.3525980797564814, -0.13817949115647865, -0.47595720094085275, 0.4168032257517284, 0.3033719040934634, 0.6271581982570704, 0.11828463645554332, 0.06712056131956798, -0.4843335686156048, 0.14471051141511332], [0.02174936816583408, -0.6202483003671448, 0.6750103707979096, 0.3571482026638663, 0.2043758710884023, -0.4789120332187329, 0.5880949952521535, -0.44371636549457283, 0.42198491330229965, -0.0811240437572083, -0.04829848080746441], [-0.49805280678875813, -0.17920562129625595, -0.31516594454765673, 0.1635408341494943, -0.610297005037083, -0.35652388304413907, -0.04536151999242047, 0.5080149663942469, 0.41817976694756515, 0.6553290113229688, 0.003759809115815103]], "inverted": true, "swapped": true, "error_lsq": 0.048113289676312315, "error_max": 0.2366837336738648, "target": "650.xyz", "model": "16.xyz", "model_rescale": 3.7852294659196426, "target_rescale": 3.837709018867986},
{"mapping": [1, 7, 11, 2, 8, 3, 5, 4, 4, 0, 10, 9, 12], "R": [[0.15982619439528817, -0.674564074253269, -0.720707220244081], [-0.8006589449932069, 0.33846713483280927, -0.49435336798734836], [0.5774087299197037, 0.6560513001015238, -0.48599984593373674]], "T": [-0.04319236229617113, -0.013480164118114417, -0.03134509046510826], "aligned_model": [[0.03879390509767083, -0.6556475127880375, -0.47111059936034183, -0.08674112550946039, 0.22747108035887714, 0.6545626779320075, -0.3378582088397988, 0.11967649331815017, 0.11967649331815017, 0.518596597075802, -0.39087894790702454, 0.09352019606490075, -0.07532104512133637], [0.0244778817831618, -0.20273030760129568, -0.5013593647787441, -0.5350010226300151, -0.4520228519737109, -0.2101332921257088, 0.42661798894949304, 0.6612904183766297, 0.6612904183766297, 0.2809852370373404, 0.47963799984450506, -0.03458801597122795, -0.0055975376269952574], [-0.7140541009206991, -0.3150880674777602, 0.31040327073639207, -0.3478992254718588, 0.366935618320763, -0.35839374471024943, -0.42082508367090965, -0.17257214863803694, -0.17257214863803694, 0.22050893151753598, 0.5026994674470029, 0.8219578571967169, 0.05440722397562767]], "inverted": false, "swapped": false, "error_lsq": 0.05288685379365056, "error_max": 0.3522408947668351, "target": "650.xyz", "model": "17.xyz", "model_rescale": 3.901054581598922, "target_rescale": 3.837709018867986},
{"mapping": [11, 9, 5, 10, 4, 6, 12, 7, 3, 1, 2, 8, 14], "R": [[-0.38714688432774647, 0.8652164029136009, 0.31861868445615105], [-0.40965744164114115, -0.470999168722248, 0.781242960653718], [0.8260133597366048, 0.17193126298669825, 0.5367881987753134]], "T": [-0.03353853924453296, 0.06654218096567832, 0.04220026474046971], "aligned_model": [[0.013904669748179353, -0.5465003580918072, -0.5505745812269582, -0.06415027367792175, 0.40894199695341343, 0.5597025910969827, -0.24299055468083153, 0.35448661210535554, -0.2747899403806477, 0.6215935700788493, -0.4590622121387678, -0.005618423433089936, -0.060203092713197015], [-0.09273022793082858, -0.1987461476662845, -0.17486522327166434, -0.7135099694343852, -0.529531353504286, -0.019750520627614787, 0.49301684427476594, 0.505669971635957, 0.7912392948771012, 0.20487802430626909, 0.4230229623118549, -0.17045850059653245, 0.07463239728570982], [-0.7382562879333187, -0.27510384243567443, 0.2961338061763272, -0.20886807754918943, 0.3151128633874913, -0.40984428637478537, -0.5289602370996733, -0.2680903880001186, 0.04641263356227102, 0.23546346148671973, 0.6550535574015502, 0.6614493230457659, -0.004994676000878211]], "inverted": true, "swapped": false, "error_lsq": 0.048471006867185334, "error_max": 0.29758101500069284, "target": "650.xyz", "model": "18.xyz", "model_rescale": 3.9405287249114394, "target_rescale": 3.837709018867986},
{"mapping": [7, 0, 1, 8, 5, 9, 12, 13, 14, 11, 3, 2, 15], "R": [[0.544100206035743, 0.8375546572363952, 0.04956976834207344], [0.05427931956278881, -0.0940951418498502, 0.9940824210034385], [0.8372626357718724, -0.5381898367879883, -0.09665908295890227]], "T": [-0.09729695036554692, 0.08930573649274642, -0.08187698376820318], "aligned_model": [[0.1735019383989868, -0.5634659010167851, -0.6276061625910534, -0.014799803180870097, 0.40133343487211437, 0.6015512167470056, -0.4792059400174394, 0.2812810551306069, 0.04922987084068259, 0.5545361468509007, -0.5641004908301065, 0.029384380931191223, -0.08689974249567477], [-0.1284218063594971, -0.3802903665237609, -0.09404027514404667, -0.6413062630186969, -0.5094356006593681, -0.10903381317783917, 0.46640762752153514, 0.5555076459497759, 0.8136907101962981, 0.2991180785980947, 0.5190148271836971, -0.2804140317019201, 0.08207081879579019], [-0.6941581510996515, -0.2685324616850985, 0.2655072464799217, -0.2598446280528808, 0.20819058226065695, -0.3294300272082511, -0.19178034866198201, -0.3829821460373695, 0.14949990059125068, 0.14241210730244538, 0.48634229332583734, 0.6943861264721425, -0.04410264402053348]], "inverted": false, "swapped": false, "error_lsq": 0.043954010541206054, "error_max": 0.2817635751804225, "target": "650.xyz", "model": "19.xyz", "model_rescale": 4.410303926677745, "target_rescale": 3.837709018867986},
{"mapping": [11, 4, 2, 12, 7, 9, 6, 10, 3, 5, 0, 1, 13], "R": [[0.018256738299938458, -0.6625831839907964, 0.7487657950248972], [-0.983107151432301, -0.1483055339815963, -0.10726508002654322], [0.18211814931333636, -0.7341586973421022, -0.6540978419224707]], "T": [-0.026030424980020363, 0.05311214846994263, 0.023984528715034023], "aligned_model": [[-0.08878975473651066, -0.5699688245624237, -0.5417891652246498, 0.08920552324721207, 0.09996004783990592, 0.46934234129021246, -0.4062370157722362, 0.5555285180882393, -0.15744543821755697, 0.641979123006707, -0.47802946177511957, 0.08919106092697751, 0.051793049528801705], [-0.0024161829052073147, -0.19389649632977782, -0.26400744271727594, -0.6201868395285943, -0.5636535069464796, -0.16953928404294674, 0.3533465071190682, 0.4734615961658105, 0.7549231411060312, 0.5061392021118867, 0.3688650016821956, -0.09904280443091174, 0.0488746603762628], [-0.8007040157894281, -0.34778306248648744, 0.2923812770198828, -0.2986051274813268, 0.3565197780030989, -0.39896805589268525, -0.2950892893635532, -0.376302306649732, 0.1510833902887443, 0.2421598147477288, 0.4813207058838291, 0.7497205486737496, 0.019774192712666422]], "inverted": false, "swapped": false, "error_lsq": 0.044238739149612925, "error_max": 0.24967957777979952, "target": "650.xyz", "model": "20.xyz", "model_rescale": 4.121658175737393, "target_rescale": 3.837709018867986},
{"mapping": [1, 8, 9, 5, 7, 3, 6, 2, 10, 4, 10, 11, 12], "R": [[-0.8693580609549064, 0.18369317917839417, -0.4587737762514981], [-0.1423796536222099, -0.9820868191693907, -0.12342412182457774], [-0.4732278479624216, -0.04197970387083554, 0.8799392640266556]], "T": [-0.025504044721890433, -0.019954280998528966, -0.09514988294895532], "aligned_model": [[0.16400550349354792, -0.6363324010045702, -0.48543011429006255, -0.11483525213302537, 0.24428584264287212, 0.6449530866164072, -0.4387072639417569, 0.3517173105979236, -0.31150881520586177, 0.3328050912852833, -0.31150881520586177, 0.2796010711647934, 0.03569475961987057], [0.058770119091765945, -0.24169798128219097, -0.15937190932820072, -0.6200679635783757, -0.5481062132394816, -0.19981780302648222, 0.39661308224049413, 0.5756458514656434, 0.5827384587074634, 0.3492752110129985, 0.5827384587074634, -0.07906171718645297, -0.10479004192458277], [-0.758673406238858, -0.27241113988909926, 0.444936786598761, -0.40464468637813733, 0.24409488538659407, -0.12302552517116275, -0.37507700486202794, -0.3765324792630502, 0.3093693062535955, 0.1586526923130373, 0.3093693062535955, 0.7282492805119037, -0.10880016584866387]], "inverted": true, "swapped": false, "error_lsq": 0.05110291036646781, "error_max": 0.3351598013749331, "target": "650.xyz", "model": "21.xyz", "model_rescale": 4.08911054899281, "target_rescale": 3.837709018867986},
{"mapping": [12, 14, 15, 3, 4, 7, 9, 10, 5, 6, 11, 1, 16], "R": [[-0.04472548186487113, 0.30566600577310943, 0.9510877584043801], [0.34454755801205506, -0.8889054984403488, 0.30188407561586367], [0.937702837544968, 0.34119687536263926, -0.06555974910634554]], "T": [0.022674386830066246, 0.007283205247163589, 0.07169800269446541], "aligned_model": [[0.008317894332445383, -0.4339792260386142, -0.6434205276408951, -0.17067619267163703, 0.2473009872574025, 0.6230932306679144, -0.3597766885908403, 0.29567370590445746, -0.11066429589696654, 0.6525641796335601, -0.4160906960334852, 0.003802021431900896, 0.05859561128431716], [-0.035884694581885715, -0.2276927428764606, -0.14919123592391695, -0.7399403461057531, -0.6480079979078439, 0.051431312878049175, 0.4024694443864318, 0.5826328746799752, 0.6960125699749795, 0.3688597204408342, 0.40712480709601, -0.09137104250305025, -0.023575117897307363], [-0.6651194303115675, -0.3131089198062203, 0.32337305523303955, -0.3264870560462764, 0.15187602534331482, -0.3069104290215584, -0.38118898416524954, -0.4238618210235291, -0.003146581601304363, 0.23922531728448004, 0.5549214766163526, 0.8590413550453675, 0.06689384211963864]], "inverted": true, "swapped": false, "error_lsq": 0.042572786619852684, "error_max": 0.22910725877955984, "target": "650.xyz", "model": "22.xyz", "model_rescale": 4.204369325754507, "target_rescale": 3.837709018867986},
{"mapping": [7, 0, 1, 8, 5, 9, 12, 13, 14, 11, 3, 2, 15], "R": [[0.544100206035743, 0.8375546572363952, 0.04956976834207344], [0.05427931956278881, -0.0940951418498502, 0.9940824210034385], [0.8372626357718724, -0.5381898367879883, -0.09665908295890227]], "T": [-0.09729695036554692, 0.08930573649274642, -0.08187698376820318], "aligned_model": [[0.1735019383989868, -0.5634659010167851, -0.6276061625910534, -0.014799803180870097, 0.40133343487211437, 0.6015512167470056, -0.4792059400174394, 0.2812810551306069, 0.04922987084068259, 0.5545361468509007, -0.5641004908301065, 0.029384380931191223, -0.08689974249567477], [-0.1284218063594971, -0.3802903665237609, -0.09404027514404667, -0.6413062630186969, -0.5094356006593681, -0.10903381317783917, 0.46640762752153514, 0.5555076459497759, 0.8136907101962981, 0.2991180785980947, 0.5190148271836971, -0.2804140317019201, 0.08207081879579019], [-0.6941581510996515, -0.2685324616850985, 0.2655072464799217, -0.2598446280528808, 0.20819058226065695, -0.3294300272082511, -0.19178034866198201, -0.3829821460373695, 0.14949990059125068, 0.14241210730244538, 0.48634229332583734, 0.6943861264721425, -0.04410264402053348]], "inverted": false, "swapped": false, "error_lsq": 0.043954010541206054, "error_max": 0.2817635751804225, "target": "650.xyz", "model": "23.xyz", "model_rescale": 4.410303926677745, "target_rescale": 3.837709018867986},
{"mapping": [7, 12, 5, 13, 9, 11, 0, 1, 3, 10, 2, 8, 16], "R": [[-0.9401322037587725, 0.21264418400681734, -0.2663341706648783], [-0.08364369417598377, 0.6136098854339955, 0.7851666325833475], [0.3303863978439008, 0.7604376105281443, -0.5590880687458624]], "T": [0.030553518744327313, -0.14362093981729415, 0.001503688912252811], "aligned_model": [[0.02465526998119715, -0.703034497492246, -0.5136248089304878, -0.15873830060315292, 0.4934714338848162, 0.6037621649452304, -0.4809508665304978, 0.35820813443449356, -0.07400136563624456, 0.5000218902101314, -0.5736165617748117, 0.25660593568749723, 0.02198157546363407], [0.012417033305130803, -0.20889264720829168, -0.2192113767151296, -0.5923415792889424, -0.3910148506537542, -0.21146412440344137, 0.3331664277766424, 0.5395105350495537, 0.7322267077644048, 0.18543343272488502, 0.48904204218632485, -0.05223933448303794, -0.023764714394283015], [-0.6446760525588578, -0.32062060609209875, 0.30770307977802236, -0.5054529351389699, 0.34344409359033234, -0.25840136459094576, -0.28384325961468543, -0.4013724588472191, 0.17816766093776362, 0.30989729192589066, 0.2615229500952757, 0.7865236722598994, 0.002615777922080266]], "inverted": true, "swapped": false, "error_lsq": 0.03620510299611778, "error_max": 0.22885051078980295, "target": "650.xyz", "model": "24.xyz", "model_rescale": 4.28219845311461, "target_rescale": 3.837709018867986},
{"mapping": [3, 4, 2, 7, 12, 9, 1, 5, 8, 11, 6, 14, 15], "R": [[0.034427748418365045, 0.4947370438892249, -0.8683605170334459], [0.9860742066868085, 0.12463742912192566, 0.11010526857902275], [0.16270337748744976, -0.8600585844380768, -0.4835564520183226]], "T": [-0.04108370549271874, -0.014635749443693773, 0.008481879463499015], "aligned_model": [[-0.10980939518747147, -0.6010360234028048, -0.5196666191031888, 0.01660997566060518, 0.5045368927895109, 0.5039525629192474, -0.24367720051113995, 0.419223449813206, -0.04029512311178793, 0.435702140601348, -0.5309494491279917, 0.03408039610779605, -0.11393160380776932], [0.022836317551010336, -0.284766103492009, -0.2553470768871737, -0.643429434930809, -0.38613958325974074, -0.1897053328738268, 0.4252716579031483, 0.6181596136431358, 0.6766733256149123, 0.11643849697864284, 0.5262236286213468, -0.03209802724431339, -0.001249929964262389], [-0.7621788556404439, -0.3763967592196137, 0.43485785912045705, -0.44631032143349825, 0.3941021128838228, -0.350906199014389, -0.4102241601206843, -0.3276252941346208, 0.0720208266397563, 0.23645527733653174, 0.5373484234353979, 0.766235171491472, 0.008129768322299193]], "inverted": true, "swapped": false, "error_lsq": 0.04120570263483328, "error_max": 0.26471282655205375, "target": "650.xyz", "model": "25.xyz", "model_rescale": 4.100010024507729, "target_rescale": 3.837709018867986},
{"mapping": [6, 10, 9, 11, 0, 5, 7, 4, 2, 3, 1, 12], "R": [[0.5626327422363534, -0.3644590723833733, 0.7420336797754213], [0.5210434034763549, -0.5405315561606916, -0.6605599204374103], [0.6418396755089061, 0.7582843934513966, -0.11422175620550529]], "T": [0.014875155459223372, 0.03879085319069958, -0.023135235521350907], "aligned_model": [[-0.54539775358971, -0.16884067471471662, 0.4053594276887864, 0.7091763941004049, -0.5329621015130285, 0.15188992021799133, -0.24025870348319364, 0.5426832011371855, 0.04023749317627791, -0.04664550325949761, -0.4787872848402971, 0.04031118744280404], [-0.16470250407020415, -0.836725416176958, -0.008935093208784162, -0.35583320469043567, 0.5792461108816869, 0.6632979201274436, 0.14379176541118568, 0.29459894011001664, -0.3436104706398936, 0.5886633212814096, 0.06183042165193964, 0.04450959937323294], [0.05286842208592238, -0.08872965754999501, 0.5100514017441882, -0.04091790238479022, 0.1027788586548167, 0.28866776274222383, 0.7279146220257486, -0.21679390353341338, -0.5677362242050351, -0.5977733218722054, -0.5479793534497316, -0.057158414403372354]], "inverted": false, "swapped": true, "error_lsq": 0.041261825494926775, "error_max": 0.24961499272655954, "target": "650.xyz", "model": "26.xyz", "model_rescale": 3.6694154284099745, "target_rescale": 3.837709018867986},
{"mapping": [4, 0, 6, 5, 7, 8, 2, 10, 11, 9, 12, 3, 13], "R": [[0.22586627493481254, 0.9470403305508799, 0.22825213724553], [0.024329317522277072, -0.2397178558263651, 0.9705377034958047], [0.9738544604590422, -0.21365851705020011, -0.0771850240392361]], "T": [0.0058535724407256726, -0.02202537419402229, -0.03595158565834568], "aligned_model": [[0.03430583420885587, -0.44027299629666367, -0.5703941930452264, -0.012869450104518128, 0.3000365316063714, 0.5647977770048446, -0.5241961866817954, 0.26624632814014326, -0.11072885600956842, 0.4888144003930394, -0.2733687242003287, 0.07139546669282712, -0.03902592806842155], [0.07883435549474405, -0.2736451416088714, -0.06180568164938278, -0.7735373214061666, -0.46357601729969317, -0.11896027533923756, 0.3536026013027686, 0.4218362418278013, 0.8197625353127849, 0.2909703176902727, 0.4664446035822857, -0.15532250373407774, 0.008263837486833969], [-0.8511499380955382, -0.453793565892312, 0.3349209958512556, -0.28264520403006566, 0.30260112933291855, -0.330132131504262, -0.2361527921522692, -0.34751730664574093, 0.08227329340686393, 0.3296247688776664, 0.5236597108923564, 0.7582570492026528, -0.05443815957703828]], "inverted": false, "swapped": false, "error_lsq": 0.045377137068241424, "error_max": 0.33740707510990386, "target": "650.xyz", "model": "27.xyz", "model_rescale": 4.103607728864725, "target_rescale": 3.837709018867986},
{"mapping": [2, 3, 10, 12, 13, 4, 0, 1, 5, 7, 9, 11, 14], "R": [[0.8339954500524308, 0.5263458300476022, 0.16556465952413954], [-0.5023999924411594, 0.8484426917111542, -0.16655103265081966], [-0.22813556690478268, 0.05572311973886661, 0.9720334855546909]], "T": [-0.05406600142492418, -0.015008507120272324, 0.15067727314903082], "aligned_model": [[0.05467046882234848, -0.5437889547502969, -0.47323729800942266, -0.18971815964243768, 0.34475219922841094, 0.6399806720140273, -0.2931956809658025, 0.29075675284335545, -0.06958509180252044, 0.4367212805378385, -0.6829501549851427, 0.267135005470934, -0.026801035121732722], [-0.163920043128499, -0.11504776460063847, -0.19608697686658397, -0.7127243638836319, -0.5256417823258318, -0.23755456057279642, 0.43549192724815, 0.563918845219552, 0.7055299707011956, 0.4823051044314449, 0.4667344021442852, -0.1730582052068825, 0.0629209985002978], [-0.5615884361996053, -0.40940703168003756, 0.3771309951757547, -0.3310744184065232, 0.1590578479610956, -0.3881935428315243, -0.34888062737721093, -0.4399166829041168, 0.2760721302781918, 0.32925011876777166, 0.35695964473506625, 0.7371169030881284, 0.018980949059497404]], "inverted": false, "swapped": false, "error_lsq": 0.04198126875791555, "error_max": 0.273232568744385, "target": "650.xyz", "model": "28.xyz", "model_rescale": 4.137296879288765, "target_rescale": 3.837709018867986},
