[{"mapping": [9, 7, 10, 6, 3, 8, 1, 0, 4, 2, 11], "R": [[0.48117616012038444, 0.8297171908992401, -0.28291144561165527], [0.8678103314421367, -0.4964989267332038, 0.019850551505338626], [-0.12399488527391572, -0.2550650875346353, -0.958940597506883]], "T": [0.07018395375557793, -0.019926485022415313, 0.060958082934316815], "aligned_model": [[0.31879350238479753, -0.7499819410201471, -0.15894088344532842, -0.08340673028148812, 0.5828926604487086, 0.5025422063769455, -0.38136173945735996, -0.17434634989769252, 0.5507206926387529, 0.18567371386948317, 0.02302194066944406], [-0.07145438371772843, 0.023745138437851553, -0.5769457517208532, 0.4676751672693926, -0.4639820078370619, 0.4332787608363903, 0.4970873555715736, -0.08835256183217939, -0.33837657002080246, 0.5191179596555113, -0.032413695428413845], [-0.4912145281343476, -0.4102361490094663, -0.2536729572846317, -0.4526653373984031, -0.05726623573910031, -0.042843830378817394, 0.23612581710375746, 0.6251514864841679, 0.6266633530985429, 0.6481918077467815, 0.11047646321923732]], "inverted": false, "swapped": false, "error_lsq": 0.057020793451172676, "error_max": 0.2738437585077327, "target": "651.xyz", "model": "0.xyz", "model_rescale": 3.751011558992144, "target_rescale": 3.707185236720863},
{"mapping": [12, 6, 9, 7, 13, 3, 1, 8, 2, 0, 14], "R": [[-0.058679361846365685, 0.9145291609230597, -0.40024136007497724], [0.5274672004593106, -0.3119914442147043, -0.7902149651686181], [-0.8475465090087508, -0.25748349958431777, -0.46407667740244385]], "T": [-0.10971910846551339, -0.10413349560111095, 0.0683188430058162], "aligned_model": [[0.2802746644187142, -0.6269850463247274, 0.01790314429098655, -0.09309354240974729, 0.5339274402549733, 0.5776765772238986, -0.43942181604839914, -0.23369189933996198, 0.5038446205193037, 0.18577427644011038, -0.0906013467390355], [0.012528065937736518, 0.24823437599572556, -0.6719872416411726, 0.46592655971255714, -0.43186646257620553, 0.2184058798897538, 0.4745493182383721, -0.22047717275218354, -0.14249765923053298, 0.5364879526374041, -0.11992420499777498], [-0.5531874250623781, -0.34640826952371645, -0.2406217743366092, -0.26995936747536015, -0.007920392158804454, -0.014514797903664667, 0.2735208776330792, 0.7098117486950684, 0.6213159889400146, 0.3472316215465089, 0.019441679353582736]], "inverted": false, "swapped": false, "error_lsq": 0.04790907370906386, "error_max": 0.22759126602959273, "target": "651.xyz", "model": "1.xyz", "model_rescale": 3.9405287249114394, "target_rescale": 3.707185236720863},
{"mapping": [11, 0, 5, 6, 9, 10, 1, 2, 8, 4, 12], "R": [[-0.1630139670274441, 0.9263889107627443, -0.3394554942401017], [-0.9306217660449774, -0.25864061381918085, -0.25893659734878144], [-0.3276729697691022, 0.2736943896009812, 0.9042797166715859]], "T": [0.04885810351144375, 0.19339654505103093, 0.053613282109433044], "aligned_model": [[0.22588479755267704, -0.6660148842861339, -0.19377776489833315, -0.07653201514516574, 0.5859690438399395, 0.8697267005277087, -0.6016893132913186, -0.36095572222558675, 0.6395837248612759, 0.1808040396535081, 0.01260846569754407], [-0.13881122330191092, 0.07485190668683853, -0.45825351267858655, 0.43884563217854633, -0.40817185739556977, 0.07925680355629225, 0.4282646314894525, -0.266774468340583, -0.02396004924024142, 0.49480210180381257, 0.14932944645562948], [-0.5512948408976666, -0.3680901306208249, -0.15747039323939271, -0.4147751861100295, 0.05071465358150376, -0.10333889263317299, 0.4394258957216284, 0.3442417290834425, 0.5058180159509932, 0.6728391554197707, 0.12063988345146905]], "inverted": true, "swapped": false, "error_lsq": 0.05542236227951713, "error_max": 0.2550638231382931, "target": "651.xyz", "model": "2.xyz", "model_rescale": 3.932901565614263, "target_rescale": 3.707185236720863},
{"mapping": [7, 4, 3, 5, 8, 9, 6, 1, 11, 12, 13], "R": [[-0.12480953887780882, 0.44409574271041286, 0.8872437941803794], [0.20616608751960275, -0.8631097622531424, 0.4610174429023086], [0.9705246639637594, 0.2404589561854802, 0.01616684966903198]], "T": [-0.018509353345318218, -0.0858880023912288, 0.08617761856907451], "aligned_model": [[0.14608474431821927, -0.6475603973923287, 0.07356797282789948, -0.028304824605243965, 0.6439543228303557, 0.5381205907652241, -0.3677706362776871, -0.49250224258533876, 0.552335693157103, 0.20511460140135918, -0.007432752153446978], [-0.04912252488812839, 0.1299701049341475, -0.5832169837861306, 0.5741105264206139, -0.3761118617607909, 0.3063672999746317, 0.4641071715837575, -0.36321771251005885, -0.3612276714747013, 0.6032857479078451, 0.024435314812494738], [-0.6075799976236683, -0.4803261025334859, 0.01638414931356945, -0.19861296477887574, -0.0391168934111283, -0.18966984376148044, 0.2916383825373287, 0.5833572578821266, 0.7154889071060596, 0.3273449441372382, 0.11980205084003644]], "inverted": false, "swapped": false, "error_lsq": 0.04461945811902051, "error_max": 0.2224599440005157, "target": "651.xyz", "model": "3.xyz", "model_rescale": 3.9243930471874484, "target_rescale": 3.707185236720863},
{"mapping": [10, 11, 8, 6, 4, 3, 5, 1, 2, 0, 12], "R": [[0.9394038153212749, -0.34242115910276105, -0.01637747106709253], [-0.336695121345314, -0.9305716894429648, 0.14378013099705567], [-0.0644737700316662, -0.1295533890177627, -0.9894741292079929]], "T": [-0.0272095262801254, -0.09286450064061029, -0.024968728938006772], "aligned_model": [[0.17465568232509773, -0.6050661513837233, -0.04449230366212932, -0.033389539210721506, 0.49277345902121916, 0.5182824532619057, -0.33863046382767736, -0.3196330136082847, 0.6474178943176947, 0.18239404865261477, -0.05870499359988032], [-0.1814882200989874, 0.12070634602647458, -0.6999943593603504, 0.5818041980100641, -0.37701463764597004, 0.3007844338859759, 0.5031881532514348, -0.17258950253614064, -0.061713651687104104, 0.3661378038234247, -0.010441152455140837], [-0.694688068231001, -0.5215604079513609, -0.19059182265726957, -0.2824575039125553, 0.010296892806311013, -0.04576264550207724, 0.32340080649834074, 0.6217868107476462, 0.6036185428871438, 0.659652026833181, 0.05501525818936289]], "inverted": false, "swapped": false, "error_lsq": 0.04642394218269668, "error_max": 0.26795886923244683, "target": "651.xyz", "model": "4.xyz", "model_rescale": 3.8936222436046832, "target_rescale": 3.707185236720863},
{"mapping": [8, 7, 10, 6, 3, 9, 5, 4, 0, 1, 11], "R": [[0.573057686116018, -0.7009820636627, -0.42453390301192434], [-0.34943825060118994, -0.6775850689509422, 0.6471254772851454], [-0.7412811864603981, -0.22249184425036708, -0.6332452777888953]], "T": [0.07428447460095255, -0.03566616706329577, 0.009269824914821], "aligned_model": [[0.33189285086685794, -0.40828010472425047, -0.21495875014593852, -0.12041250168133857, 0.5029266110753211, 0.5630630509752611, -0.5239315766669164, -0.5219806571282626, 0.8159483438942922, 0.23005781080845814, -0.038718004987368354], [-0.27156492011342837, 0.049614063706249115, -0.5906600202452584, 0.7156024177359901, -0.41835002904953517, 0.2890236098336166, 0.4364956080665802, -0.2292085073870262, -0.07752226421225493, 0.42599451989664616, 0.03995493298210119], [-0.6417697507776711, -0.4145299348876573, -0.07897743766777712, -0.1704444734254245, -0.0007806942346759507, -0.1849156428148606, 0.2856240743095896, 0.4967468542124135, 0.4897915009017738, 0.646225745684466, 0.11173964840754427]], "inverted": false, "swapped": false, "error_lsq": 0.05540560009763562, "error_max": 0.27907297764513567, "target": "651.xyz", "model": "5.xyz", "model_rescale": 3.6523030999806103, "target_rescale": 3.707185236720863},
{"mapping": [1, 0, 2, 5, 6, 8, 7, 4, 10, 9, 12], "R": [[0.8292718986015175, -0.49672790766801295, 0.25606542900905754], [0.33256532449438764, 0.8068799013067387, 0.4882060321331254], [-0.4491196089392861, -0.3196970606855586, 0.8343173054990751]], "T": [0.051365579561004175, 0.04739242508219228, 0.11335191078151502], "aligned_model": [[-0.0011451440446586317, -0.6515193831997395, -0.05676095871924681, -0.023251162017745804, 0.6173083696327601, 0.5701684856065705, -0.4276607199407599, -0.19400340840550334, 0.46188945332023057, 0.35280083341018875, -0.03221929335598058], [-0.2507537819193269, 0.15975994654802111, -0.6933711518302884, 0.5463444384204438, -0.24348177966691353, 0.4275973440003057, 0.5051622946550377, -0.3551734931890594, -0.2942815804535424, 0.46941315112038234, 0.09816402352862033], [-0.5117291472825247, -0.579821948898112, -0.012304800334423827, -0.3442316993364826, -0.01978492653063224, -0.0866252553541138, 0.2800810641833428, 0.4402560911121331, 0.6820364144229267, 0.6170365042641015, 0.07379759346150616]], "inverted": true, "swapped": false, "error_lsq": 0.05732441789783783, "error_max": 0.28930937706055093, "target": "651.xyz", "model": "6.xyz", "model_rescale": 4.08911054899281, "target_rescale": 3.707185236720863},
{"mapping": [13, 12, 7, 11, 2, 1, 10, 4, 0, 9, 14], "R": [[0.4540666233190741, -0.8710058852659679, -0.18754266026603694], [-0.4327032966710423, -0.39958194652660584, 0.8081473411823002], [-0.7788397515777084, -0.2858024069913633, -0.5583239431730624]], "T": [-0.05283031753990119, 0.006539012498164194, 0.1375577963074305], "aligned_model": [[0.11700897400881144, -0.4614397440493729, -0.11348336543121482, -0.09293019268271904, 0.556893579788138, 0.6178981502959306, -0.6571901255616995, -0.44695515992885865, 0.7364209598586902, 0.3285082934176138, 0.030875702570796464], [-0.03687621905069826, 0.09077387502956452, -0.7034788269083558, 0.517418146805821, -0.4594425996846202, 0.24292179310384426, 0.396493247116952, -0.21748258756103223, -0.20706242901514366, 0.599341087591327, 0.14677392378602164], [-0.5731912839363738, -0.44032172618243415, -0.1649068132644039, -0.1486686404515565, -0.10990421982008466, -0.041865062668564546, 0.09328798884552994, 0.6773072020700046, 0.6024373811592693, 0.48066692102728403, 0.16386814292905005]], "inverted": false, "swapped": false, "error_lsq": 0.046706672801566415, "error_max": 0.243443791892115, "target": "651.xyz", "model": "7.xyz", "model_rescale": 3.964800864290218, "target_rescale": 3.707185236720863},
{"mapping": [10, 5, 9, 3, 11, 6, 1, 7, 4, 0, 13], "R": [[0.34185333604477164, -0.9378782008722012, 0.05933613539643151], [0.5652722885105904, 0.25565874904941843, 0.7842868377554775], [-0.7507353305107336, -0.23456999885579943, 0.6175543532028012]], "T": [0.038416473791420616, 0.02398138331044205, 0.1495854867637738], "aligned_model": [[0.01803672326786799, -0.4737645351167397, -0.038654884849007365, 0.1789591292291257, 0.6564809958056577, 0.5821830084908092, -0.586686036807394, -0.40844470348832423, 0.6184615262399658, 0.0807878824240196, -0.01175203290986529], [-0.17939823524661994, 0.17541833316819333, -0.5918479019792257, 0.6318859395808757, -0.47973800568355135, 0.19953790533896756, 0.3053287147594869, -0.24921434047355254, -0.13275670857592028, 0.7048929027623235, -0.014729192437296708], [-0.6462508089223513, -0.49369375843226126, -0.14819131529701446, -0.22009343902260736, -0.07712214052854038, 0.04956705599821355, 0.45488930511846615, 0.6318015687311971, 0.5157470668013701, 0.368042665476131, 0.10401368978511824]], "inverted": true, "swapped": false, "error_lsq": 0.05314282463051585, "error_max": 0.27777188336478603, "target": "651.xyz", "model": "8.xyz", "model_rescale": 4.121658175737393, "target_rescale": 3.707185236720863},
{"mapping": [0, 3, 1, 10, 4, 5, 11, 8, 9, 7, 12], "R": [[0.7802674149300004, 0.45998620647447447, -0.4237870350207482], [-0.0013057215758034701, -0.6763762010528607, -0.7365551776618414], [-0.6254446868345922, 0.5752633523026845, -0.527153696001324]], "T": [-0.010275226423517976, 0.0049687968590207895, 0.11829836652382233], "aligned_model": [[0.1844954046143486, -0.6086300636159616, 0.04351820770237077, -0.029139154780048214, 0.7036169994895284, 0.4779229428469178, -0.40758558560258107, -0.5051186647651171, 0.637442570537383, 0.1173993245741046, 0.0016850912851708554], [-0.19176210831182514, 0.21459593853926384, -0.6333707959560527, 0.5906242411041296, -0.4663096342254916, 0.3191572707711022, 0.4818282425807183, -0.14836948313246068, -0.14421774565999368, 0.4236622930680278, -0.07645880756373757], [-0.618034163898438, -0.3515015289097524, -0.1357893081145994, -0.36453978796315367, -0.11915151849228214, -0.09304509009967676, 0.25164611516812196, 0.6303244216683017, 0.6196912743977635, 0.631723994607422, 0.08738548134401375]], "inverted": true, "swapped": false, "error_lsq": 0.050246165538014205, "error_max": 0.220848686440277, "target": "651.xyz", "model": "9.xyz", "model_rescale": 3.833441315466971, "target_rescale": 3.707185236720863},
{"mapping": [7, 4, 2, 6, 8, 11, 1, 0, 10, 12, 14], "R": [[-0.7743230925538032, -0.5159571236038182, -0.36634955294143395], [-0.43115444109991286, 0.006419159695714383, 0.9022553088281733], [-0.4631733976144744, 0.8565903577505849, -0.2274277088461052]], "T": [0.0030269616560287607, -0.01106262171881442, 0.010820208422612575], "aligned_model": [[0.3957567731807486, -0.597614147583843, -0.20951533663824565, -0.29314404370087405, 0.6033562696103729, 0.6562643783600953, -0.4466858094231756, -0.20815264649898862, 0.5432448437424402, 0.1563451043457334, 0.015751686891851996], [0.061102762317457315, 0.1655035987495627, -0.6692150585310714, 0.5709928276617788, -0.5066536326339226, 0.177764175617781, 0.3811015383180708, -0.08911093701673606, -0.17302489388182227, 0.5184892704022885, -0.06757023978970667], [-0.5225365476689096, -0.48311015890748743, -0.1849127634587498, -0.17552290917809826, 0.0502363762721014, -0.04360771702905679, 0.446221894253814, 0.6535756792529398, 0.6088896072299229, 0.25390126071569374, -0.06442483177444958]], "inverted": true, "swapped": false, "error_lsq": 0.05371340185114617, "error_max": 0.2862487578984313, "target": "651.xyz", "model": "10.xyz", "model_rescale": 4.2482417240324, "target_rescale": 3.707185236720863},
{"mapping": [0, 4, 10, 6, 8, 1, 5, 7, 3, 2, 11], "R": [[-0.14151788052160966, 0.9896399175913249, 0.024197582575681942], [-0.047675329173679004, 0.0176017582400404, -0.9987077856385422], [-0.9887870106756322, -0.14248863679849955, 0.04469044531499464]], "T": [0.06510816101659281, 0.020612664077040793, 0.056716390785879006], "aligned_model": [[0.27129959462238373, -0.674659975114982, -0.029850470737406196, -0.13315768559549168, 0.411226924151339, 0.7316013679493505, -0.6084244884483392, -0.1712026529956079, 0.5416654831033356, 0.3289536678270414, -0.05184469247550802], [-0.02385955534589207, 0.13664544304018256, -0.5143351660527353, 0.5893138205626418, -0.47809211416280584, 0.1311668671109556, 0.2832435165133814, -0.20298504257783792, -0.12899960903738092, 0.5981334685727993, -0.020852217409628303], [-0.6708458335915548, -0.3961843480109928, -0.2894281452526738, -0.18359962370776556, 0.14811209594554642, -0.14995031447219062, 0.26059129305401046, 0.6506166445784848, 0.6959197331979735, 0.4369959659607585, 0.03648242200612446]], "inverted": true, "swapped": false, "error_lsq": 0.04739625701644403, "error_max": 0.24479850402513426, "target": "651.xyz", "model": "11.xyz", "model_rescale": 3.6694154284099745, "target_rescale": 3.707185236720863},
{"mapping": [12, 5, 10, 0, 2, 1, 6, 11, 3, 4, 13], "R": [[-0.12192724481140016, -0.7491170106859396, 0.6511201511807656], [-0.24020021433766964, 0.6587849139288299, 0.712956025440505], [-0.9630356192814669, -0.0694704360195485, -0.2602618960094146]], "T": [-0.07692657810914375, -0.09169257017606429, 0.056607301895584904], "aligned_model": [[0.1211066888318997, -0.5886916996517868, -0.06777097583752872, 0.012723450884196824, 0.5045659221778968, 0.7005794396729468, -0.49585858575734854, -0.3568728788153045, 0.6243553211131836, 0.18574784568803424, -0.024277456020073862], [-0.15121135193978275, 0.21623636273461594, -0.6630040619715403, 0.5871650392742849, -0.3829908297566161, 0.21619423786609498, 0.263673942297267, -0.1299011685768629, -0.011056410900291372, 0.40726050727502294, 0.017013144911487893], [-0.5907016197704995, -0.47990646784906504, -0.22096816819843126, -0.1479729581939674, -0.0010587146790383417, -0.07440262081185031, 0.19101507039895727, 0.7386621535286897, 0.549507300113985, 0.5359053546093447, 0.03863056055959626]], "inverted": true, "swapped": false, "error_lsq": 0.04639703578020346, "error_max": 0.2434702483104701, "target": "651.xyz", "model": "12.xyz", "model_rescale": 3.9764082729961374, "target_rescale": 3.707185236720863},
{"mapping": [6, 5, 12, 4, 11, 3, 0, 1, 8, 7, 15], "R": [[-0.5075675775808082, 0.5006626902581072, 0.7012218085401117], [-0.1720965462828209, 0.7385393422728206, -0.6518760761622981], [-0.8442499232728867, -0.4515490122885268, -0.28869630505945293]], "T": [0.014499547010518365, -0.08225977296463928, 0.022823593570238387], "aligned_model": [[0.10041951609052688, -0.6601924844705459, -0.29044336825805706, -0.09668586239196786, 0.7092573055808565, 0.7805074159309408, -0.4213531897206241, -0.19167491389637975, 0.47112642624198076, 0.14099289992767833, 0.07365332725170684], [0.020451227021275706, 0.1520585330691434, -0.6423493939805703, 0.5703909109995127, -0.462521097817464, 0.24205424917167928, 0.43096829943059656, -0.3934193661571656, -0.14748970149086177, 0.5973121537612031, 0.001923597206331229], [-0.7293246731261724, -0.41616330822539777, -4.493952659674616e-05, -0.25565191924256525, 0.07989968731275746, 0.15125959752305496, 0.2943696690191487, 0.536627425294961, 0.5584445287812776, 0.3281351180774066, -0.00884129618015296]], "inverted": false, "swapped": false, "error_lsq": 0.0495202261146273, "error_max": 0.25730726514508906, "target": "651.xyz", "model": "13.xyz", "model_rescale": 4.170626492500431, "target_rescale": 3.707185236720863},
{"mapping": [12, 6, 4, 11, 8, 10, 3, 2, 7, 1, 13], "R": [[0.7926764813888773, -0.21727608697123915, 0.5696096012914599], [-0.5853342615029076, -0.5324509227969769, 0.6114571261531703], [0.17043414612041566, -0.818099698596152, -0.5492404619045201]], "T": [0.03288565243461991, 0.03623050245652851, 0.1010285616556696], "aligned_model": [[0.3229750223992526, -0.6826363054233253, -0.06433374078860715, -0.09060152201947799, 0.5761962035980911, 0.5357818283076317, -0.4400429899885553, -0.47209747145019354, 0.7247722948350366, 0.2143824144918081, -0.008788661675545331], [-0.1866254252678856, 0.1479932010208713, -0.6380407487001142, 0.5707862599353635, -0.4610554036652056, 0.19721482425091244, 0.5029890816021214, -0.26547845703342177, -0.040631359632943995, 0.4622769679198885, 0.0799504707840942], [-0.5329190024991162, -0.3267876302572082, -0.09637913839167901, -0.34468514805350897, 0.005757026703960791, -0.09773710289314642, 0.2852798368198959, 0.3958096933302922, 0.5167387144217827, 0.714508638369071, 0.01912400215737707]], "inverted": false, "swapped": false, "error_lsq": 0.048418582707040976, "error_max": 0.25244226009616827, "target": "651.xyz", "model": "14.xyz", "model_rescale": 3.9786697098870705, "target_rescale": 3.707185236720863},
{"mapping": [5, 10, 4, 7, 2, 8, 1, 0, 3, 9, 11], "R": [[0.949723829471381, -0.1988504232204944, 0.24183291115819108], [-0.28882890430396, -0.25833202317579784, 0.9218689873514964], [-0.1208408530787051, -0.9453692796928242, -0.30277782818476234]], "T": [-0.005513568565609653, 0.13701299585941978, 0.07063189699126124], "aligned_model": [[0.35471503330048376, -0.6535268463984678, -0.21267728926296958, -0.0219705473348885, 0.4487001259070545, 0.4934482483430084, -0.6578173429716587, -0.08406050351805133, 0.7025057778321552, 0.2712744957185135, -0.024984079329063942], [-0.09241186127447945, 0.1647805156795537, -0.369908683675285, 0.6201238431946323, -0.60269649470858, 0.11272829822441924, 0.17216564856635133, -0.27723535793034015, -0.027494314040854256, 0.4547299813424945, 0.2145978358357677], [-0.609264548841953, -0.4505482494957671, -0.20328110696380455, -0.3801552838685508, 0.08979450600352357, -0.07995191604992177, 0.2548496170825435, 0.6238355362334432, 0.6334775085212032, 0.528735108783779, 0.13121871830322565]], "inverted": false, "swapped": false, "error_lsq": 0.06271169475166515, "error_max": 0.28461658238436766, "target": "651.xyz", "model": "15.xyz", "model_rescale": 3.769337070930944, "target_rescale": 3.707185236720863},
{"mapping": [5, 1, 0, 7, 4, 6, 9, 3, 2, 8, 10], "R": [[-0.8110443786803547, -0.5297957694569351, 0.2480392276970152], [-0.3688094520234512, 0.1339652754948546, -0.919800463720121], [0.45407775095148545, -0.8374782072550438, -0.30404547104622176]], "T": [0.027193108883427387, 0.06482148487986336, 0.007468598942443616], "aligned_model": [[0.206788316659453, -0.620382606829471, -0.049720525671304354, -0.12506343339857676, 0.6249116191033455, 0.740434108375117, -0.4823709587229832, -0.3205401074126823, 0.32100751792855037, 0.27904320659515264, 0.0414999356595144], [-0.0021836629801250396, -0.07623098438496498, -0.5745975147570458, 0.58023208681272, -0.39326099590110997, 0.20959143265580815, 0.4464727803546559, -0.13684536775053402, -0.2519842451135056, 0.544175451272845, 0.024010431004936897], [-0.6354208106938586, -0.44184013648747494, -0.04447127345601176, -0.4640251536468744, -0.1948320384255946, 0.05031563343138339, 0.5129054719336312, 0.5712553756153336, 0.6073294834034415, 0.5254309672015121, 0.05206237083223338]], "inverted": true, "swapped": false, "error_lsq": 0.056888768608524785, "error_max": 0.35118971079275985, "target": "651.xyz", "model": "16.xyz", "model_rescale": 3.7852294659196426, "target_rescale": 3.707185236720863},
{"mapping": [2, 3, 1, 8, 7, 11, 0, 4, 6, 9, 12], "R": [[0.31029760406985135, 0.6286630476041939, 0.7130905759337431], [0.8187131345728866, 0.204504656196086, -0.5365506955283532], [-0.48313993851300335, 0.7503070159415599, -0.4512373894553991]], "T": [0.02603882740796335, -0.005134507953879507, 0.08083821944236125], "aligned_model": [[0.18960265237034854, -0.5976571659918185, -0.2288253498528218, 0.053407615640935026, 0.574083831905568, 0.6793327425503832, -0.5256503937201953, -0.4151940325109166, 0.6921012143179717, 0.12187067665130683, 0.07253528092535463], [-0.12889488666416557, 0.03909802001469887, -0.5785592422900189, 0.5839735317718523, -0.42305492634758457, 0.28558290829818767, 0.33210544035075734, -0.2824799007060116, -0.30684990238403653, 0.793915535863316, 0.054542833306685475], [-0.49537117379540085, -0.4106311717196159, -0.20285612214340382, -0.1955827967876534, -0.047287508306880194, -0.08232586594068139, 0.29913933326731, 0.5606087703691206, 0.5835528038832566, 0.3964282535977205, 0.1330353672839488]], "inverted": false, "swapped": false, "error_lsq": 0.04158777638294471, "error_max": 0.25218625722028876, "target": "651.xyz", "model": "17.xyz", "model_rescale": 3.901054581598922, "target_rescale": 3.707185236720863},
{"mapping": [12, 6, 9, 7, 13, 3, 1, 8, 2, 0, 14], "R": [[-0.058679361846365685, 0.9145291609230597, -0.40024136007497724], [0.5274672004593106, -0.3119914442147043, -0.7902149651686181], [-0.8475465090087508, -0.25748349958431777, -0.46407667740244385]], "T": [-0.10971910846551339, -0.10413349560111095, 0.0683188430058162], "aligned_model": [[0.2802746644187142, -0.6269850463247274, 0.01790314429098655, -0.09309354240974729, 0.5339274402549733, 0.5776765772238986, -0.43942181604839914, -0.23369189933996198, 0.5038446205193037, 0.18577427644011038, -0.0906013467390355], [0.012528065937736518, 0.24823437599572556, -0.6719872416411726, 0.46592655971255714, -0.43186646257620553, 0.2184058798897538, 0.4745493182383721, -0.22047717275218354, -0.14249765923053298, 0.5364879526374041, -0.11992420499777498], [-0.5531874250623781, -0.34640826952371645, -0.2406217743366092, -0.26995936747536015, -0.007920392158804454, -0.014514797903664667, 0.2735208776330792, 0.7098117486950684, 0.6213159889400146, 0.3472316215465089, 0.019441679353582736]], "inverted": false, "swapped": false, "error_lsq": 0.04790907370906386, "error_max": 0.22759126602959273, "target": "651.xyz", "model": "18.xyz", "model_rescale": 3.9405287249114394, "target_rescale": 3.707185236720863},
{"mapping": [10, 14, 1, 11, 6, 5, 13, 4, 8, 9, 15], "R": [[-0.408716431566141, -0.1364678536173925, 0.9024009106250405], [-0.387339107290874, -0.8693549723454556, -0.30690446073874744], [0.826389311723566, -0.4749720591648465, 0.3024603254672532]], "T": [-0.0774663530657842, -0.07942546238871215, 0.09669325554577207], "aligned_model": [[0.007648012107891067, -0.5953705215154109, 0.054131900657617193, 0.006425473677061283, 0.5805852861969817, 0.7028807510825311, -0.4879840025323049, -0.3444978094849776, 0.5318420018172751, 0.21450729849025552, -0.05456131821080451], [0.08637668979090662, 0.19726694739070236, -0.6903655159670136, 0.5548902886259259, -0.433199038042294, 0.1997863488203714, 0.44783575454614066, -0.3487868606899821, -0.14838071087958626, 0.5817725676195866, -0.07781706000107766], [-0.6669619206432034, -0.40823797219633057, -0.11532932469070245, -0.23469607940678844, 0.08690791829628655, 0.03064929830857044, 0.16598044025425965, 0.7218361728086227, 0.5397064132637102, 0.3547211588173218, 0.06413378489597406]], "inverted": true, "swapped": false, "error_lsq": 0.04874721577726064, "error_max": 0.26740414588851574, "target": "651.xyz", "model": "19.xyz", "model_rescale": 4.410303926677745, "target_rescale": 3.707185236720863},
{"mapping": [10, 5, 9, 3, 11, 6, 1, 7, 4, 0, 13], "R": [[0.34185333604477164, -0.9378782008722012, 0.05933613539643151], [0.5652722885105904, 0.25565874904941843, 0.7842868377554775], [-0.7507353305107336, -0.23456999885579943, 0.6175543532028012]], "T": [0.038416473791420616, 0.02398138331044205, 0.1495854867637738], "aligned_model": [[0.01803672326786799, -0.4737645351167397, -0.038654884849007365, 0.1789591292291257, 0.6564809958056577, 0.5821830084908092, -0.586686036807394, -0.40844470348832423, 0.6184615262399658, 0.0807878824240196, -0.01175203290986529], [-0.17939823524661994, 0.17541833316819333, -0.5918479019792257, 0.6318859395808757, -0.47973800568355135, 0.19953790533896756, 0.3053287147594869, -0.24921434047355254, -0.13275670857592028, 0.7048929027623235, -0.014729192437296708], [-0.6462508089223513, -0.49369375843226126, -0.14819131529701446, -0.22009343902260736, -0.07712214052854038, 0.04956705599821355, 0.45488930511846615, 0.6318015687311971, 0.5157470668013701, 0.368042665476131, 0.10401368978511824]], "inverted": true, "swapped": false, "error_lsq": 0.05314282463051585, "error_max": 0.27777188336478603, "target": "651.xyz", "model": "20.xyz", "model_rescale": 4.121658175737393, "target_rescale": 3.707185236720863},
{"mapping": [1, 0, 2, 5, 6, 8, 7, 4, 10, 9, 12], "R": [[0.8292718986015175, -0.49672790766801295, 0.25606542900905754], [0.33256532449438764, 0.8068799013067387, 0.4882060321331254], [-0.4491196089392861, -0.3196970606855586, 0.8343173054990751]], "T": [0.051365579561004175, 0.04739242508219228, 0.11335191078151502], "aligned_model": [[-0.0011451440446586317, -0.6515193831997395, -0.05676095871924681, -0.023251162017745804, 0.6173083696327601, 0.5701684856065705, -0.4276607199407599, -0.19400340840550334, 0.46188945332023057, 0.35280083341018875, -0.03221929335598058], [-0.2507537819193269, 0.15975994654802111, -0.6933711518302884, 0.5463444384204438, -0.24348177966691353, 0.4275973440003057, 0.5051622946550377, -0.3551734931890594, -0.2942815804535424, 0.46941315112038234, 0.09816402352862033], [-0.5117291472825247, -0.579821948898112, -0.012304800334423827, -0.3442316993364826, -0.01978492653063224, -0.0866252553541138, 0.2800810641833428, 0.4402560911121331, 0.6820364144229267, 0.6170365042641015, 0.07379759346150616]], "inverted": true, "swapped": false, "error_lsq": 0.05732441789783783, "error_max": 0.28930937706055093, "target": "651.xyz", "model": "21.xyz", "model_rescale": 4.08911054899281, "target_rescale": 3.707185236720863},
{"mapping": [0, 1, 6, 2, 7, 13, 15, 5, 12, 14, 16], "R": [[-0.9055442664304125, 0.26489907192605344, 0.33138808552469395], [-0.16965310983739157, 0.4898369588147246, -0.8551476925664034], [-0.38885396212139617, -0.8305951092270274, -0.39862809819509004]], "T": [-0.011324456904139767, 0.02460374883925615, 0.1114673439882023], "aligned_model": [[0.1750914496206901, -0.5899253097634222, -0.028814514514747196, -0.14533897936635923, 0.5265897434656129, 0.6324356307323161, -0.42858945010559935, -0.31929251882654597, 0.5767886458885885, 0.19474526265762204, 0.021917112497959586], [-0.18380642092985316, 0.1616513820630615, -0.6497832783268684, 0.6354075350562977, -0.42674787734588654, 0.12855587133034263, 0.5953741218377152, -0.4106671606434557, 0.019247861440863608, 0.4762098504353236, 0.02393752629614021], [-0.6109547688451544, -0.4143057825257949, -0.20548748564242986, -0.24938258587932977, -0.0013431634569400497, 0.0042438772277075265, 0.2892822045875324, 0.5734456574857276, 0.5576330069742401, 0.5181733626650875, 0.07740556711707529]], "inverted": true, "swapped": false, "error_lsq": 0.04362966105815423, "error_max": 0.2792518663175902, "target": "651.xyz", "model": "22.xyz", "model_rescale": 4.204369325754507, "target_rescale": 3.707185236720863},
{"mapping": [10, 14, 1, 11, 6, 5, 13, 4, 8, 9, 15], "R": [[-0.408716431566141, -0.1364678536173925, 0.9024009106250405], [-0.387339107290874, -0.8693549723454556, -0.30690446073874744], [0.826389311723566, -0.4749720591648465, 0.3024603254672532]], "T": [-0.0774663530657842, -0.07942546238871215, 0.09669325554577207], "aligned_model": [[0.007648012107891067, -0.5953705215154109, 0.054131900657617193, 0.006425473677061283, 0.5805852861969817, 0.7028807510825311, -0.4879840025323049, -0.3444978094849776, 0.5318420018172751, 0.21450729849025552, -0.05456131821080451], [0.08637668979090662, 0.19726694739070236, -0.6903655159670136, 0.5548902886259259, -0.433199038042294, 0.1997863488203714, 0.44783575454614066, -0.3487868606899821, -0.14838071087958626, 0.5817725676195866, -0.07781706000107766], [-0.6669619206432034, -0.40823797219633057, -0.11532932469070245, -0.23469607940678844, 0.08690791829628655, 0.03064929830857044, 0.16598044025425965, 0.7218361728086227, 0.5397064132637102, 0.3547211588173218, 0.06413378489597406]], "inverted": true, "swapped": false, "error_lsq": 0.04874721577726064, "error_max": 0.26740414588851574, "target": "651.xyz", "model": "23.xyz", "model_rescale": 4.410303926677745, "target_rescale": 3.707185236720863},
{"mapping": [15, 13, 5, 11, 4, 10, 7, 0, 3, 1, 16], "R": [[-0.2138071143106704, 0.9507799919971145, -0.22428536440907398], [-0.9764694105065845, -0.20138626573153656, 0.07714312879077534], [0.02817815137774548, 0.23550154732543505, 0.9714653946447392]], "T": [0.014227605719725006, 0.03372055468291747, -0.11830191256526293], "aligned_model": [[0.11941195470820315, -0.6584841371487336, -0.031672325925598585, 0.04858579033267545, 0.5122007061269477, 0.6113222480733143, -0.4247330862816997, -0.24176540952475647, 0.4756320473522786, 0.14302315909943975, 0.06208612547404482], [-0.24718537142275265, 0.1266165483161275, -0.5916498677198886, 0.657201743824757, -0.4097493555328784, 0.28107146704669267, 0.36688552358123844, -0.2464670102722435, -0.1309495742185378, 0.5355496416558226, 0.02805566595534284], [-0.765868360307373, -0.3000046071047674, -0.16736375605511689, -0.2222836828288173, 0.05269985056939716, -0.04033101734748096, 0.2535118997910144, 0.534651619990235, 0.6361784877920895, 0.565740938773665, -0.008221483565124851]], "inverted": true, "swapped": false, "error_lsq": 0.04199345998594168, "error_max": 0.21536698578391195, "target": "651.xyz", "model": "24.xyz", "model_rescale": 4.28219845311461, "target_rescale": 3.707185236720863},
{"mapping": [4, 9, 1, 13, 0, 2, 11, 8, 6, 14, 15], "R": [[-0.13161719724326276, -0.827627665109133, 0.5456274932001077], [-0.5577989852102654, -0.3931773844741383, -0.7309390100661437], [0.8194737369118223, -0.40055460587051184, -0.40990096636589274]], "T": [-0.09119992210914804, 0.08112474475291276, -0.037041607601572164], "aligned_model": [[0.2884448580720784, -0.6981130282387098, -0.16598214716476836, 0.06457745610844065, 0.5786028819167429, 0.5571627432802587, -0.43990111587058445, -0.18429790008130612, 0.4757938063116627, 0.16830983509594807, -0.028990317143647894], [-0.2023090542070562, 0.2136067401279253, -0.5546698836662537, 0.5719780866613744, -0.38448352873864494, 0.2993987922974619, 0.32976017185437045, -0.35012149360042594, -0.17485959907776494, 0.5799305097919184, 0.04114866977077551], [-0.5939829828952202, -0.303459862209796, -0.044127377548160575, -0.3332051808342603, -0.025758371759355865, -0.009431488340988371, 0.2992097464596709, 0.4989672592396538, 0.6150222409639401, 0.47676002685849217, -0.0412841202262547]], "inverted": true, "swapped": false, "error_lsq": 0.04306469988290121, "error_max": 0.20286438017341527, "target": "651.xyz", "model": "25.xyz", "model_rescale": 4.100010024507729, "target_rescale": 3.707185236720863},
{"mapping": [0, 4, 10, 6, 8, 1, 5, 7, 3, 2, 11], "R": [[-0.14151788052160966, 0.9896399175913249, 0.024197582575681942], [-0.047675329173679004, 0.0176017582400404, -0.9987077856385422], [-0.9887870106756322, -0.14248863679849955, 0.04469044531499464]], "T": [0.06510816101659281, 0.020612664077040793, 0.056716390785879006], "aligned_model": [[0.27129959462238373, -0.674659975114982, -0.029850470737406196, -0.13315768559549168, 0.411226924151339, 0.7316013679493505, -0.6084244884483392, -0.1712026529956079, 0.5416654831033356, 0.3289536678270414, -0.05184469247550802], [-0.02385955534589207, 0.13664544304018256, -0.5143351660527353, 0.5893138205626418, -0.47809211416280584, 0.1311668671109556, 0.2832435165133814, -0.20298504257783792, -0.12899960903738092, 0.5981334685727993, -0.020852217409628303], [-0.6708458335915548, -0.3961843480109928, -0.2894281452526738, -0.18359962370776556, 0.14811209594554642, -0.14995031447219062, 0.26059129305401046, 0.6506166445784848, 0.6959197331979735, 0.4369959659607585, 0.03648242200612446]], "inverted": true, "swapped": false, "error_lsq": 0.04739625701644403, "error_max": 0.24479850402513426, "target": "651.xyz", "model": "26.xyz", "model_rescale": 3.6694154284099745, "target_rescale": 3.707185236720863},
{"mapping": [2, 11, 6, 10, 0, 4, 9, 7, 5, 8, 13], "R": [[-0.9043787126653731, 0.08345438754835166, -0.4184907517217701], [-0.237681040409224, 0.7159766082443582, 0.6564184789270441], [0.3544105911336618, 0.6931182162126709, -0.6276784776033459]], "T": [-0.012334400419072668, -0.02468281019648591, 0.11609979025862785], "aligned_model": [[0.109758797664368, -0.4662756587614818, -0.18856938939386475, 0.0011550503670943665, 0.5608796924101631, 0.6423583361793652, -0.5759109049733617, -0.17266296427109384, 0.5423050199158872, 0.16255657149881, 1.2521650229864456e-05], [-0.1752776502733571, 0.2205577049142857, -0.6504706513830703, 0.5165057328979096, -0.30393015156558545, 0.39840504886669514, 0.3340351754544104, -0.14719684345868428, -0.27728304379638424, 0.49149627371069404, -0.03746218415323305], [-0.5354706904472297, -0.5694437116199222, -0.10417557896925647, -0.14624295393966355, -0.0581984290477881, -0.14448542468556022, 0.25235860925866727, 0.7122655289466382, 0.620626038452839, 0.4497605366889089, 0.061715965070087336]], "inverted": false, "swapped": false, "error_lsq": 0.048705668927755054, "error_max": 0.2453715704562111, "target": "651.xyz", "model": "27.xyz", "model_rescale": 4.103607728864725, "target_rescale": 3.707185236720863},
{"mapping": [7, 4, 1, 13, 5, 6, 12, 3, 9, 10, 14], "R": [[0.6390741313961078, -0.36174778664339546, -0.6787656395538266], [-0.3327189594597755, 0.6656287221910414, -0.6680093548823445], [0.693456810909169, 0.6527456955453066, 0.30502575030767354]], "T": [0.09102580507347802, 0.15512564636353768, 0.06182287132283761], "aligned_model": [[0.3815888563565898, -0.6283082313964623, -0.17791233678699742, -0.2568098848510809, 0.5691783403568125, 0.7213393134196662, -0.6348313377206436, -0.3102360328670466, 0.6542009212863886, 0.2812651685108045, 0.016132295978084688], [-0.14989744361337323, 0.07994405790318196, -0.636747388381994, 0.6052167208049211, -0.38573846224176467, 0.1869809859315967, 0.47991686388096555, -0.07939494979973624, -0.1641569157762637, 0.41344168462777753, 0.019814257878368907], [-0.5235106006171912, -0.48454290347181195, -0.25984497719548405, -0.2485009764178869, -0.05639971284186534, 0.007441060124670239, 0.3857606591819218, 0.6513310391666969, 0.5628382004745612, 0.457874743279253, 0.04626335802485721]], "inverted": true, "swapped": false, "error_lsq": 0.04579426750956976, "error_max": 0.23031608482390414, "target": "651.xyz", "model": "28.xyz", "model_rescale": 4.137296879288765, "target_rescale": 3.707185236720863},
{"mapping": [4, 2, 3, 5, 8, 6, 1, 7, 9, 0, 10], "R": [[-0.36655809014047813, -0.7507750095907477, -0.549519837245734], [-0.9303743671298944, 0.2997338680995747, 0.21109984675909996], [0.00622121693994393, 0.5886395274597855, -0.8083716986459304]], "T": [0.06380799633331932, 0.008921582305304147, 0.05904704961563191], "aligned_model": [[0.47047982091720875, -0.5824367564163823, -0.16981193206604733, -0.12010091019292674, 0.2045746451814835, 0.5811015749843511, -0.518838030555858, -0.2431210755127106, 0.7085341546799389, 0.14476425227170456, 0.14046132899535357], [-0.10332108704101217, 0.10416625294707926, -0.5260475172340323, 0.5699922852925794, -0.6783896282662745, 0.43632858622999265, 0.3885265571149482, -0.24980565029557156, -0.0972670332502989, 0.5324830182387357, -0.007286372522465615], [-0.5902984462845418, -0.37155165953706315, -0.2946456369858223, -0.26433403792871957, 0.2207317068051004, -0.19762088651881415, 0.3478075668957268, 0.6530731337653918, 0.48782015385477395, 0.5171407625117426, 0.030587233129946025]], "inverted": true, "swapped": false, "error_lsq": 0.06940462139448346, "error_max": 0.5247174389072164, "target": "651.xyz", "model": "29.xyz", "model_rescale": 3.607286011436655, "target_rescale": 3.707185236720863},
{"mapping": [13, 12, 7, 11, 2, 1, 10, 4, 0, 9, 14], "R": [[0.4540666233190741, -0.8710058852659679, -0.18754266026603694], [-0.4327032966710423, -0.39958194652660584, 0.8081473411823002], [-0.7788397515777084, -0.2858024069913633, -0.5583239431730624]], "T": [-0.05283031753990119, 0.006539012498164194, 0.1375577963074305], "aligned_model": [[0.11700897400881144, -0.4614397440493729, -0.11348336543121482, -0.09293019268271904, 0.556893579788138, 0.6178981502959306, -0.6571901255616995, -0.44695515992885865, 0.7364209598586902, 0.3285082934176138, 0.030875702570796464], [-0.03687621905069826, 0.09077387502956452, -0.7034788269083558, 0.517418146805821, -0.4594425996846202, 0.24292179310384426, 0.396493247116952, -0.21748258756103223, -0.20706242901514366, 0.599341087591327, 0.14677392378602164], [-0.5731912839363738, -0.44032172618243415, -0.1649068132644039, -0.1486686404515565, -0.10990421982008466, -0.041865062668564546, 0.09328798884552994, 0.6773072020700046, 0.6024373811592693, 0.48066692102728403, 0.16386814292905005]], "inverted": false, "swapped": false, "error_lsq": 0.046706672801566415, "error_max": 0.243443791892115, "target": "651.xyz", "model": "30.xyz", "model_rescale": 3.964800864290218, "target_rescale": 3.707185236720863},
