[{"mapping": [0, 2, 4, 10, 1, 6, 11, 7, 3, 12, 5, 13], "R": [[-0.43604868145329334, 0.6638468131084996, -0.6075927551646197], [0.6767250270246581, -0.20317330350820412, -0.7076466961274103], [-0.5932156312853872, -0.7197416324399001, -0.3606483014398203]], "T": [-0.06407026055666953, -0.15562292894742147, -0.019990474620429785], "aligned_model": [[-0.2742136325058646, 0.3314518892441105, 0.4579842824228957, -0.17088723763246244, -0.22871998673547414, -0.6396184402825601, 0.4140850241257002, -0.34638327782244055, 0.6436239227877254, 0.17589010673084587, -0.4676816815721714, -0.057888506299755976], [-0.3558026002783563, -0.6625445544570527, -0.04453964132391357, 0.6342692656545557, 0.271515918508821, -0.49941937624722177, -0.31537223454217156, -0.3732901917146666, 0.03504796423572054, 0.2835199274970398, 0.21006552730963246, -0.12989496866532962], [-0.5212696831359542, -0.11848311365304008, -0.586290863179031, -0.12958777809062427, -0.5991846234134466, -0.04772902932032021, 0.6337895535647058, 0.6666998215971954, 0.08557414477660692, 0.34448089307957935, 0.3672230842338674, 0.0867293388940243]], "inverted": true, "swapped": true, "error_lsq": 0.04585078019552224, "error_max": 0.2771567595238023, "target": "652.xyz", "model": "0.xyz", "model_rescale": 3.751011558992144, "target_rescale": 3.963585834855323},
{"mapping": [7, 3, 11, 9, 12, 8, 1, 4, 6, 8, 2, 10, 5, 14], "R": [[-0.10669378809152344, 0.5322984848149008, -0.8398063816418893], [0.726482810814298, 0.6184024192145519, 0.2996684392807275], [0.6788513542551406, -0.5781321397166491, -0.4526853961114838]], "T": [0.020930741549498644, 0.0530537690947937, 0.08629962775073892], "aligned_model": [[-0.12834492430895353, -0.6629586155580705, 0.5186973452224488, 0.2716878307367886, -0.14068616732743858, -0.04503165663344018, -0.03144902414263867, 0.5169612837127109, 0.43664437327747596, -0.04503165663344018, -0.6606357463657264, 0.7993501591361603, -0.005455618655972494, 0.028816570505726787], [-0.23630863786465117, -0.28465157373357514, -0.5507347990919689, -0.3071843312466877, -0.6667478860537976, 0.683937967885196, 0.40041010921513676, 0.6557538715784432, -0.10117048938596948, 0.683937967885196, 0.3094691372459368, 0.10135191482511136, 0.1783354065410213, -6.0184742119259727e-05], [-0.49133624095756484, 0.04560149299071582, -0.06990140336478058, 0.5777658164341237, -0.0016813706956493452, 0.2813697225434073, -0.5156019277880997, -0.041294485033811765, -0.5196069655140443, 0.2813697225434073, 0.4780347212960168, 0.3396457300928049, 0.6976050492133001, 0.09727842790607846]], "inverted": true, "swapped": false, "error_lsq": 0.04982525991870939, "error_max": 0.4475158860172829, "target": "652.xyz", "model": "1.xyz", "model_rescale": 3.9405287249114394, "target_rescale": 3.963585834855323},
{"mapping": [12, 10, 5, 2, 0, 9, 3, 4, 6, 7, 8, 11, 13], "R": [[0.38636446577953687, 0.8565380489777759, 0.34214773159592715], [0.42420010650716394, 0.16437705202449304, -0.8905248196468463], [-0.8190096270632012, 0.48920625039044896, -0.29983407971195236]], "T": [0.10981765202361195, -0.056943146279018586, -0.07537165044801644], "aligned_model": [[-0.2651792589881238, 0.07330770337162827, -0.3995826737406618, 0.35971592375706374, 0.5861609055796227, -0.8212116211700925, 0.11407782835530463, 0.7417894296918283, 0.0792288579036143, -0.576244411505813, 0.007424829967050642, -0.4071107722507863, 0.0036065383132963813], [0.425046880431967, 0.5968531865442781, 0.05960882824999705, -0.31617214978537506, -0.3071805525615338, 0.13219273974458512, 0.4356682767325228, 0.31173754886480315, -0.6272131083041674, -0.41416702562433066, -0.7934265606996658, -0.007581495665519966, -0.036533974355543605], [0.02626365341277255, -0.5428847448624023, -0.4918947731183787, 0.466347172246655, -0.28982753814281204, -0.004261877073553216, 0.4774811078261513, 0.1896996418029844, -0.4276181945967259, -0.05711829653780062, 0.2560633778256426, 0.5664453591328593, -0.05557453832674786]], "inverted": true, "swapped": true, "error_lsq": 0.0510392498255782, "error_max": 0.3468526650694629, "target": "652.xyz", "model": "2.xyz", "model_rescale": 3.932901565614263, "target_rescale": 3.963585834855323},
{"mapping": [1, 10, 3, 8, 11, 5, 2, 4, 0, 7, 12, 7, 9, 13], "R": [[-0.8539094469757871, 0.37594960970112423, -0.3598618447836309], [-0.37875975312856525, -0.9231615256067529, -0.0656798831408912], [-0.35690293607015067, 0.08021651080036536, 0.9306909291593644]], "T": [0.057342133011629645, -0.011135009692923442, 0.04414417413685472], "aligned_model": [[-0.10612958412066163, -0.6251800543246296, 0.43650449897105886, 0.31368776237904245, -0.25358551089798603, -0.17012711642706285, -0.019289008606561173, 0.3638346902490766, 0.4873174565784145, 0.5415748570484883, -0.5916453695700242, 0.5415748570484883, -0.02426343252017281, -0.04170989284184026], [-0.2961708871747699, -0.2163395609874492, -0.35104687483151176, -0.4158073133711141, -0.8126920493713042, 0.6155553192477835, 0.39969738246400754, 0.7368800836569792, 0.042450608077050075, 0.3546464352020663, 0.2267250826530702, 0.3546464352020663, 0.18750262971482942, 0.04029118257556848], [-0.6197836586568364, -0.02796682518345015, 0.006978299207383902, 0.6003041964972542, 0.2860925379715263, 0.31306174110980894, -0.6766500176177724, -0.28715951889502533, -0.4669332484077689, 0.4202627071680248, 0.3687479450969569, 0.4202627071680248, 0.74676538024552, 0.07526604396225743]], "inverted": false, "swapped": false, "error_lsq": 0.05394016710641663, "error_max": 0.43747949315327467, "target": "652.xyz", "model": "3.xyz", "model_rescale": 3.9243930471874484, "target_rescale": 3.963585834855323},
{"mapping": [1, 4, 10, 5, 12, 0, 6, 3, 11, 2, 7, 8, 13], "R": [[-0.15167150797855783, 0.6055346059374651, 0.781232100389935], [0.8136726450263654, -0.37225228182022824, 0.4465031527497111], [0.5611885426514949, 0.7033889959985103, -0.4362468795360019]], "T": [-0.018065116228817457, -0.11781299851753763, -0.10097399673072537], "aligned_model": [[-0.050119307291044975, -0.2835781707196632, 0.5273859613623268, 0.5069973681081767, 0.5541259181648971, -0.4898880411109584, -0.3068924340420369, 0.2012631331543575, 0.27101779802213954, -0.47192871684809085, 0.24159999902154272, -0.49176019382861397, 0.06898257231831999], [-0.6117817909540915, 0.09077294261183433, -0.4973740890755045, -0.43821307953100946, 0.09242218015090148, -0.427572216094475, -0.5241327800305353, 0.48065886098576277, 0.5949705425424854, 0.34784578512657904, -0.0387399713812531, 0.13926744546165587, -0.08029427613076254], [-0.6486877452044957, -0.802095452524647, -0.5545901506558056, 0.16021126702443855, -0.2089804498609698, -0.2311482536330584, 0.34814085207149403, -0.47787834523358086, 0.19894488304103514, -0.08430562596583165, 0.6235566956621227, 0.509160338045925, -0.045257697395662926]], "inverted": false, "swapped": true, "error_lsq": 0.045412542501473974, "error_max": 0.30280493761100014, "target": "652.xyz", "model": "4.xyz", "model_rescale": 3.8936222436046832, "target_rescale": 3.963585834855323},
{"mapping": [4, 0, 10, 3, 5, 6, 8, 7, 11, 2, 12, 13], "R": [[-0.6994611290044834, 0.3516092089130463, -0.6221937746549026], [0.03577628071095709, -0.8522836738604436, -0.521854957827782], [-0.7137746050051547, -0.38727703711747125, 0.583560030991884]], "T": [-0.17578658163530975, -0.07780433061474866, -0.08374513721920153], "aligned_model": [[0.07230844786393795, -0.5410795750620145, -0.39854566549071996, 0.4936351014130815, -0.4343238799423519, -0.678042030986721, -0.08055955573409679, -0.1465314388720988, 0.5316394320473903, 0.201614678449341, 0.1390208210691607, -0.13158829253981122], [-0.5947872207117453, -0.526897038204217, 0.3124990730625189, -0.07442635800485102, 0.538280061060869, -0.1421441628928377, -0.332491217960007, 0.4093684706917203, 0.21550499126302358, -0.5464621052869185, 0.3920527166813319, 0.01842569541091993], [-0.609819390914625, -0.10348726024604994, -0.7511226602528398, -0.4002787611533649, -0.07097587364568675, 0.3565059063432512, 0.6835929177764801, 0.5166131209957167, 0.22463566475466545, 0.16331008831106952, -0.3355336564506179, -0.05415537624248012]], "inverted": true, "swapped": true, "error_lsq": 0.049827220766747345, "error_max": 0.2621140339750475, "target": "652.xyz", "model": "5.xyz", "model_rescale": 3.6523030999806103, "target_rescale": 3.963585834855323},
{"mapping": [1, 4, 3, 10, 12, 0, 2, 5, 8, 7, 11, 9, 13], "R": [[0.4125285538782229, -0.3899055867252411, -0.82328234869672], [-0.745776624206412, 0.37442559744785514, -0.5510196899958342], [0.523103640804029, 0.8412960866521741, -0.13632122197701754]], "T": [-0.03288638280778017, -0.144384742247374, 0.08284725563994923], "aligned_model": [[0.16614446542150857, -0.08473353268335021, 0.22518936219535263, 0.6673398901847654, 0.5164021973418451, -0.40101518854179924, -0.5183458247959534, 0.41527248864839333, -0.7011870109624339, -0.026519268538583413, 0.06379590504029375, 0.5315167609682057, 0.02722266038605048], [-0.5907414580053151, 0.09827016864641516, 0.5014381106834619, -0.43290083268092894, 0.12528176756714057, -0.48340612661298954, 0.275100418784367, -0.43696713049551905, 0.015766328103273802, -0.10414064950177827, 0.5635007499294615, 0.11364211203986488, -0.10401655429427029], [0.6361784341252974, 0.820415584668101, 0.33709140599260196, 0.3544954597285867, -0.011114615934334285, 0.3744954440621573, 0.1899427046313577, -0.31729489209829, -0.3535782165380615, -0.6897866245210914, -0.3308329437211769, -0.6400052359219975, 0.00010323500863886059]], "inverted": true, "swapped": true, "error_lsq": 0.0512912743012461, "error_max": 0.25701693282171245, "target": "652.xyz", "model": "6.xyz", "model_rescale": 4.08911054899281, "target_rescale": 3.963585834855323},
{"mapping": [11, 9, 13, 2, 1, 4, 10, 5, 12, 4, 3, 7, 6, 14], "R": [[-0.6864266987711245, -0.7237826923855644, 0.07040597572137774], [0.6914873946498106, -0.6196834304574381, 0.3712649041545923], [-0.2250856953575529, 0.303530987247768, 0.9258538597023842]], "T": [0.03235849814661243, 0.03805060844880099, 0.05968148698436341], "aligned_model": [[-0.08297196209808357, -0.706319559178075, 0.5074525739171286, 0.3195139049979663, -0.19860988629126464, -0.0821430452272614, -0.002696335108797375, 0.4922216331347625, 0.508795004174426, -0.0821430452272614, -0.5055544147288294, 0.719902591195002, 0.06699623870926975, -0.10187954530335222], [-0.22021850344478244, -0.2130956813545894, -0.4885636750704215, -0.4650059653712307, -0.6486402853316398, 0.7097162317276282, 0.38987093601244344, 0.6368543179554627, 0.008852847716486097, 0.7097162317276282, 0.29903781879591423, 0.08998432360808004, 0.10528986415606173, -0.047459988069768665], [-0.4546404100204237, -0.016722548594967322, -0.12158499616384102, 0.6205873606777477, 0.17394119398806362, 0.24024775396887052, -0.5682265590545689, -0.04259873663320587, -0.4696177332147831, 0.24024775396887052, 0.578320870817545, 0.4116402542873998, 0.5530597149941967, 0.014594370644999903]], "inverted": true, "swapped": false, "error_lsq": 0.04961392773972747, "error_max": 0.49861778613233887, "target": "652.xyz", "model": "7.xyz", "model_rescale": 3.964800864290218, "target_rescale": 3.963585834855323},
{"mapping": [6, 3, 2, 1, 0, 9, 11, 12, 4, 8, 5, 7, 8, 13], "R": [[0.949606559383716, 0.21999802854266895, -0.22326721616206943], [0.22156149125776423, 0.0327245992330327, 0.9745971507226321], [0.22171578195306005, -0.9749512644447293, -0.01766759719279071]], "T": [0.014146036886539586, -0.004819403561927865, 0.028196816951868063], "aligned_model": [[-0.20659990260941383, -0.5882698959129253, 0.5076740179142422, 0.23773148672764566, -0.07774191778223569, 0.010902556207110801, -0.04484097497492862, 0.563696243106166, 0.34913856752889316, 0.03591099443140416, -0.5758275200834775, 0.610408724921525, 0.03591099443140416, -0.005529220939779533], [-0.1756128019035273, -0.40699037391638226, -0.4350459479916772, -0.32377809773758126, -0.7140867343210513, 0.6835131614477032, 0.4809194799737312, 0.4979312549011585, -0.08041175432815116, 0.5090125264535076, 0.1871180491616079, 0.08015609390980438, 0.5090125264535076, 0.05460109095462188], [-0.48033702504639586, -0.008083345891123979, -0.07152269049200394, 0.6695974633512204, 0.06888870591466281, 0.03486664220881385, -0.640915725111772, -0.09794311941829395, -0.585936064380267, 0.599651640824205, 0.5886983238958967, 0.4078060063143465, 0.599651640824205, 0.07482583667241052]], "inverted": false, "swapped": false, "error_lsq": 0.056142428893656164, "error_max": 0.3859728417339743, "target": "652.xyz", "model": "8.xyz", "model_rescale": 4.121658175737393, "target_rescale": 3.963585834855323},
{"mapping": [2, 3, 11, 8, 4, 0, 12, 5, 9, 10, 6, 7, 13], "R": [[0.3936136395773098, 0.8270818583366929, 0.4012529156891286], [0.4665615385116354, 0.19635625088605174, -0.8624178532008893], [-0.7920786788699467, 0.5266686077110512, -0.30859608573561553]], "T": [-0.19254496238735183, -0.011077802343611116, 0.03396809333039869], "aligned_model": [[-0.4353714707024542, -0.14895038308813258, 0.35036139948256617, -0.11782645739413686, -0.7929743150058557, -0.6896144216446711, 0.2117145154204856, 0.306215168254087, 0.7494260450405609, -0.138345889568942, -0.2064568771030539, 0.47326447447520326, -0.0847042917304595], [0.24923035587568237, -0.4878371789840756, -0.01512384786310473, 0.7386495110428517, -0.4055416249168863, 0.2073907225750207, -0.46939035192008566, -0.1116752610918805, -0.14822488429929015, -0.6745922940278206, 0.5501174839539602, 0.38262197263449327, -0.025237163567154566], [-0.510442647709802, -0.5309481349338532, -0.5879780087703086, -0.2743619056415767, -0.2651296463994039, 0.23572646062108374, -0.06497980008488147, 0.46719211130534377, -0.005093267004136641, 0.4858110908896683, 0.40151052767631107, 0.05189909677960923, 0.017869557231034897]], "inverted": false, "swapped": true, "error_lsq": 0.053609259856520215, "error_max": 0.3043923244199634, "target": "652.xyz", "model": "9.xyz", "model_rescale": 3.833441315466971, "target_rescale": 3.963585834855323},
{"mapping": [7, 3, 11, 8, 9, 5, 6, 1, 12, 0, 2, 10, 13, 14], "R": [[-0.9357602206574633, 0.35263556156311804, 0.0009849650551436023], [0.3254967625970703, 0.8626629089121775, 0.38712344688226613], [0.1356638012659308, 0.3625753250129476, -0.9220273676620632]], "T": [0.08051628050313743, 0.10200262319219412, -0.014194808338253276], "aligned_model": [[-0.06932859842486828, -0.7172742181705223, 0.4715107713520091, 0.23352900427101392, -0.34220499613378175, -0.2873870440637394, 0.019568855761482908, 0.31623912776955415, 0.5577053540803815, 0.4068556934572317, -0.44626565456319833, 0.74734375685849, -0.04684332019000716, 0.009115420961584672], [-0.47875902479415666, -0.21525568714894006, -0.43275875670660613, -0.48823094669905087, -0.502530246431396, 0.6177689858061888, 0.38212014128709526, 0.7811694494286555, 0.20853019989242316, 0.5839044526450077, 0.04126003867180321, -0.08683497761089141, 0.41438104304248197, 0.041573801674657504], [-0.3043264978674139, -0.14534104157868583, -0.1769543110965659, 0.4713675478172794, 0.323083798092447, 0.2225907580199588, -0.6298644888639622, -0.18382998844642223, -0.36627792462138475, 0.33949456954363166, 0.47104882762329614, 0.42788620326522653, 0.7082218279165985, 0.002149009861900586]], "inverted": true, "swapped": false, "error_lsq": 0.05557796937728308, "error_max": 0.3196716061957712, "target": "652.xyz", "model": "10.xyz", "model_rescale": 4.2482417240324, "target_rescale": 3.963585834855323},
{"mapping": [2, 4, 1, 10, 8, 6, 0, 5, 12, 7, 11, 13], "R": [[-0.8200339209129424, 0.520917782967776, 0.2370422577096401], [0.26138399923131617, 0.7093481307879561, -0.6546018899250723], [-0.5091392476503749, -0.47483670112531323, -0.7178491023651423]], "T": [-0.013848042717095749, 0.023232686375309133, -0.002413954839017636], "aligned_model": [[-0.6525148480005142, -0.19908222460952502, 0.44722503923667833, 0.7031936339674001, -0.6243960859047409, 0.02397152949403683, -0.04910029847392637, 0.5048107738121556, 0.206273409356769, -0.054157207760523116, -0.4306891079508829, 0.0012309891960795433], [-0.06612572139430095, -0.669073329664664, -0.3131484000180493, -0.33501179152206645, 0.5605997165130672, 0.6161779652931951, 0.06579440095714202, 0.3127585137567221, -0.21911637696897546, 0.6391918820207415, 0.022439117682721013, 0.05164541339510695], [0.0826030559642193, 0.30086355954339644, 0.4658619970820072, -0.07215090749827713, 0.03235743530900086, 0.3093659482101471, 0.5741784153794922, -0.30857142035311363, -0.5278473777777536, -0.46888226076244494, -0.7150313407796998, -0.10755481446261742]], "inverted": false, "swapped": true, "error_lsq": 0.04834734602828993, "error_max": 0.26358579992500963, "target": "652.xyz", "model": "11.xyz", "model_rescale": 3.6694154284099745, "target_rescale": 3.963585834855323},
{"mapping": [0, 4, 12, 2, 1, 11, 6, 7, 5, 9, 3, 10, 8, 13], "R": [[-0.9017940567249367, 0.08912667013996639, 0.42287576890304746], [0.3789624676700283, -0.30727256553284366, 0.8729095133908826], [0.20773764067454104, 0.9474386561359138, 0.24332091054068772]], "T": [0.10568165438340081, 0.08423342108407024, 0.030729726330474903], "aligned_model": [[-0.1605647722680828, -0.6263258823283876, 0.5638456955403419, 0.13186200033223563, -0.22102505603788603, -0.2961559243474813, -0.06696069488415969, 0.6786499598983473, 0.4946459646423474, 0.3267492934511495, -0.5349741539144354, 0.6411031768293463, -0.11801562655932725, 0.03973017261162255], [-0.3232587497089941, -0.003910704597540213, -0.4146603214610151, -0.2903597615426448, -0.6767615817599076, 0.6967286842062903, 0.35925691012087246, 0.5244904215233634, 0.06174405540115044, 0.7295787486926787, -0.18855010809013745, 0.10680725998661152, 0.2866240835229819, -0.0013904632364374198], [-0.4925300900735088, -0.03309996155264431, -0.023669219491920197, 0.5648721328176447, 0.20572351225945487, 0.12240721473203936, -0.43231620354157535, -0.14260928517320104, -0.6712473290300575, 0.4542208997695899, 0.5370874873145755, 0.37182062683547284, 0.7247004732409328, -0.026111968440898886]], "inverted": false, "swapped": false, "error_lsq": 0.050222911334503066, "error_max": 0.36809633382592144, "target": "652.xyz", "model": "12.xyz", "model_rescale": 3.9764082729961374, "target_rescale": 3.963585834855323},
{"mapping": [4, 5, 14, 13, 6, 1, 7, 8, 3, 10, 9, 11, 12, 15], "R": [[-0.4834825667533421, 0.23745373590454097, 0.842532094908305], [-0.7450462789242283, -0.6168890103136161, -0.25368088460790406], [0.45951131640772624, -0.7503756874121551, 0.4751691044606906]], "T": [-0.03519449883443858, 0.09027210294794716, 0.07832318378538972], "aligned_model": [[-0.34715453891003417, -0.7730278949608302, 0.5705362308114148, 0.20318762795095446, -0.026402337734568668, -0.11201185072241024, -0.09427806597350351, 0.450799954624586, 0.6095601520287004, 0.3904951675687096, -0.5913540331024011, 0.7421772744998456, -0.1649701673356287, -0.004993365779203528], [-0.2765185690265486, -0.30498966367481684, -0.42991414115646265, -0.25068977642437973, -0.6734022391295034, 0.6670062737116728, 0.265890086392023, 0.5765957569889774, 0.08052821007635765, 0.5774386355984128, 0.2711257552072459, 0.13242194692458523, 0.19169218875581595, 0.03915400881389297], [-0.45460200620637514, 0.12516249677741934, 0.04220401737309576, 0.5270987453203988, 0.09789364251784229, 0.332880385575858, -0.6542757207375083, -0.08584603189097706, -0.46263887038816365, 0.5554017688645827, 0.21788555487780836, 0.23472400036019592, 0.6948341544972352, -0.011473847275508264]], "inverted": false, "swapped": false, "error_lsq": 0.044794029132524386, "error_max": 0.270321246522952, "target": "652.xyz", "model": "13.xyz", "model_rescale": 4.170626492500431, "target_rescale": 3.963585834855323},
{"mapping": [0, 1, 2, 3, 1, 10, 8, 12, 4, 5, 9, 6, 11, 13], "R": [[0.3583657277761168, -0.7646265951428389, 0.5356493023945456], [-0.2957519487966177, -0.6371880741892303, -0.7117036903754419], [0.8854969169559525, 0.09663088590760766, -0.4544861735523029]], "T": [0.0727072226157002, 0.03118096785329422, 0.0014592518963591067], "aligned_model": [[-0.08831156221786798, -0.5287477364435585, 0.4968143241394063, 0.11261691337051465, -0.5287477364435585, -0.313636989772196, -0.03925673781258621, 0.2193458477616621, 0.5775223439482661, 0.6177198461289508, -0.5688050678528295, 0.722370960457093, 0.06030260995798667, 0.11337713774434775], [-0.4067582108191933, -0.4393951034680879, -0.4527490569486869, -0.4007582498241089, -0.4393951034680879, 0.4421862220590118, 0.4240850756728461, 0.7401526099323407, 0.2046172453014009, 0.6426765427336991, 0.12960229091374442, 0.03248195737043533, 0.3120984644434983, 0.07749378915846077], [-0.3702134983050387, 0.08877799683755119, -0.13593457900102535, 0.5374716894815065, 0.08877799683755119, -0.010420796272682817, -0.6187396891126195, -0.1060695606573724, -0.4656003605001216, 0.39674931054837437, 0.4863114590778154, 0.5357106928773949, 0.6499892333354983, 0.08243839451907228]], "inverted": true, "swapped": false, "error_lsq": 0.060347162410209335, "error_max": 0.463851000085762, "target": "652.xyz", "model": "14.xyz", "model_rescale": 3.9786697098870705, "target_rescale": 3.963585834855323},
{"mapping": [11, 3, 8, 7, 2, 0, 10, 1, 6, 5, 4, 13], "R": [[0.18188402515983887, 0.4732594803732021, -0.861941799443873], [-0.1681135399379744, -0.8486912576585259, -0.501458858595112], [-0.9688426286457352, 0.2361114427783545, -0.07480205550615332]], "T": [0.039623670944821894, 0.006667894697482237, 0.012843398531114558], "aligned_model": [[-0.131348225923821, -0.6041151954307977, 0.6245378499998662, 0.4869384896174814, 0.04888247333509193, 0.2575155229317942, -0.3975037247171097, -0.18724856030093598, 0.6913570954681298, 0.16619625761769713, -0.5050974665412302, 0.03324008071117066], [-0.42140668769927553, -0.03506507610308158, 0.12377660682594092, -0.5677935276981861, 0.37742307001872427, 0.49733152807666453, -0.24207708134425573, 0.3158122180869769, 0.0668475192469901, -0.5645548592541038, 0.5623375298633579, -0.09795674979531281], [-0.672066379869237, -0.3507346076529497, -0.5411441828966098, -0.2489327789425611, -0.5215375329089755, 0.23029528331281995, 0.6408535031221856, 0.6437013598335717, 0.1606374712363176, 0.3357187801341928, 0.003531489650740287, -0.020355911145664905]], "inverted": false, "swapped": true, "error_lsq": 0.049286775410321865, "error_max": 0.3068445101621516, "target": "652.xyz", "model": "15.xyz", "model_rescale": 3.769337070930944, "target_rescale": 3.963585834855323},
{"mapping": [6, 0, 7, 5, 8, 2, 11, 4, 12, 10, 13], "R": [[0.8041008171355242, -0.5144898128127094, 0.29786256628506713], [0.3927147191290546, 0.8358488029522224, 0.38357779912649415], [-0.4463149395453513, -0.1914602076549603, 0.8741544277891345]], "T": [-0.04670191728056248, -0.036598012735277845, 0.024419977884388003], "aligned_model": [[-0.4046307343951507, -0.24986723410863063, -0.050845373183210626, -0.47633755247148607, 0.27528778926192454, 0.4995407315598035, 0.58074694007277, 0.23922408812806503, 0.048560532302325425, -0.509334159546278, -0.029718896928961964], [-0.037258535381701895, -0.5277801655721855, 0.635788841177878, 0.4650722021038147, 0.04718548429447151, -0.28094105932168334, 0.49942859934826367, -0.646662210671239, 0.35893263363204686, 0.011484957959748028, 0.07081375005592905], [-0.5431253131430105, -0.20574719886099596, -0.358335806364119, 0.12593245441717926, -0.7185768203579137, -0.23057717799916283, 0.048169603264119745, 0.4138356510978459, 0.4910540717864402, 0.6809339160136662, 0.04065422736972756]], "inverted": false, "swapped": true, "error_lsq": 0.052407838178863214, "error_max": 0.23460860840398257, "target": "652.xyz", "model": "16.xyz", "model_rescale": 3.7852294659196426, "target_rescale": 3.963585834855323},
{"mapping": [6, 10, 4, 1, 5, 12, 11, 3, 0, 8, 7, 2, 13], "R": [[0.2159359827246025, -0.7024152392892233, -0.6782215589164236], [0.9531575646970616, 0.302320774889724, -0.009633583489234265], [0.21180724309033291, -0.6443717721039155, 0.7347943325108955]], "T": [0.021440993568060254, 0.026912673327805357, -0.03113639826785026], "aligned_model": [[0.2176054020382258, -0.5334868799815055, 0.36577350234688283, 0.02892836674178761, -0.560448831033278, -0.5072841066679848, -0.19149219871636666, -0.0858088739319948, 0.45598211218795154, 0.4769685982943544, -0.280270421243787, 0.5311063569577384, -0.06380717677574092], [0.08794041317950166, -0.5472238416492918, -0.3709818944098702, -0.7112112418170482, 0.028469032086779835, 0.10192639518701416, 0.7308540301112998, 0.14459068340272466, -0.28960358978185585, 0.6402545467056177, 0.6317099879217495, 0.33212320635868764, 0.09620789640756544], [-0.6698979121341233, 0.06772427106220605, 0.5421799272274237, -0.04296916917157718, -0.3597187717258119, 0.2820560569753894, 0.34397247125514, 0.692036947052078, -0.24678531176837962, -0.3122905114973798, -0.4077179569638724, 0.23380860210739302, -0.026643945275311852]], "inverted": false, "swapped": true, "error_lsq": 0.05440583540981152, "error_max": 0.2973374898226015, "target": "652.xyz", "model": "17.xyz", "model_rescale": 3.901054581598922, "target_rescale": 3.963585834855323},
{"mapping": [7, 3, 11, 9, 12, 8, 1, 4, 6, 8, 2, 10, 5, 14], "R": [[-0.10669378809152344, 0.5322984848149008, -0.8398063816418893], [0.726482810814298, 0.6184024192145519, 0.2996684392807275], [0.6788513542551406, -0.5781321397166491, -0.4526853961114838]], "T": [0.020930741549498644, 0.0530537690947937, 0.08629962775073892], "aligned_model": [[-0.12834492430895353, -0.6629586155580705, 0.5186973452224488, 0.2716878307367886, -0.14068616732743858, -0.04503165663344018, -0.03144902414263867, 0.5169612837127109, 0.43664437327747596, -0.04503165663344018, -0.6606357463657264, 0.7993501591361603, -0.005455618655972494, 0.028816570505726787], [-0.23630863786465117, -0.28465157373357514, -0.5507347990919689, -0.3071843312466877, -0.6667478860537976, 0.683937967885196, 0.40041010921513676, 0.6557538715784432, -0.10117048938596948, 0.683937967885196, 0.3094691372459368, 0.10135191482511136, 0.1783354065410213, -6.0184742119259727e-05], [-0.49133624095756484, 0.04560149299071582, -0.06990140336478058, 0.5777658164341237, -0.0016813706956493452, 0.2813697225434073, -0.5156019277880997, -0.041294485033811765, -0.5196069655140443, 0.2813697225434073, 0.4780347212960168, 0.3396457300928049, 0.6976050492133001, 0.09727842790607846]], "inverted": true, "swapped": false, "error_lsq": 0.04982525991870939, "error_max": 0.4475158860172829, "target": "652.xyz", "model": "18.xyz", "model_rescale": 3.9405287249114394, "target_rescale": 3.963585834855323},
{"mapping": [1, 2, 12, 14, 3, 5, 0, 7, 4, 9, 2, 13, 11, 15], "R": [[0.6554260764820368, -0.43756151701654133, -0.6155944907920687], [0.041625936401196384, -0.792909744935786, 0.6079156337885959], [-0.7541113576164244, -0.4240684558087876, -0.5014798152486932]], "T": [0.1402319467314944, 0.05197380468249244, 0.024320131105172497], "aligned_model": [[-0.2724169555494361, -0.7075059618325329, 0.41936874523224343, 0.3386156665824738, -0.1280748978885146, -0.4048288169195925, 0.027571143983743246, 0.5512550560933759, 0.6113151685424048, 0.27117364387182985, -0.7075059618325329, 0.6590911308272749, 0.08959895705807064, 0.10490723479682318], [-0.2872590388670009, 0.06856516750473848, -0.39410038568245376, -0.44509734615767016, -0.7549999134630718, 0.6478051697456054, 0.16206681132209394, 0.6124758360554101, 0.12194003957078597, 0.714022653975854, 0.06856516750473848, 0.08712984881015126, 0.2171828165237788, 0.04804164621431235], [-0.36318649500992567, 0.21508293690398636, -0.12812502828797692, 0.5840550083253704, 0.07157952410109103, 0.222199870073034, -0.6449042941583082, -0.08758619283885793, -0.530522506693949, 0.3897725083800776, 0.21508293690398636, 0.449618902573798, 0.7238596115228061, 0.04232150787077177]], "inverted": true, "swapped": false, "error_lsq": 0.044832416531505805, "error_max": 0.3645594387963758, "target": "652.xyz", "model": "19.xyz", "model_rescale": 4.410303926677745, "target_rescale": 3.963585834855323},
{"mapping": [6, 3, 2, 1, 0, 9, 11, 12, 4, 8, 5, 7, 8, 13], "R": [[0.949606559383716, 0.21999802854266895, -0.22326721616206943], [0.22156149125776423, 0.0327245992330327, 0.9745971507226321], [0.22171578195306005, -0.9749512644447293, -0.01766759719279071]], "T": [0.014146036886539586, -0.004819403561927865, 0.028196816951868063], "aligned_model": [[-0.20659990260941383, -0.5882698959129253, 0.5076740179142422, 0.23773148672764566, -0.07774191778223569, 0.010902556207110801, -0.04484097497492862, 0.563696243106166, 0.34913856752889316, 0.03591099443140416, -0.5758275200834775, 0.610408724921525, 0.03591099443140416, -0.005529220939779533], [-0.1756128019035273, -0.40699037391638226, -0.4350459479916772, -0.32377809773758126, -0.7140867343210513, 0.6835131614477032, 0.4809194799737312, 0.4979312549011585, -0.08041175432815116, 0.5090125264535076, 0.1871180491616079, 0.08015609390980438, 0.5090125264535076, 0.05460109095462188], [-0.48033702504639586, -0.008083345891123979, -0.07152269049200394, 0.6695974633512204, 0.06888870591466281, 0.03486664220881385, -0.640915725111772, -0.09794311941829395, -0.585936064380267, 0.599651640824205, 0.5886983238958967, 0.4078060063143465, 0.599651640824205, 0.07482583667241052]], "inverted": false, "swapped": false, "error_lsq": 0.056142428893656164, "error_max": 0.3859728417339743, "target": "652.xyz", "model": "20.xyz", "model_rescale": 4.121658175737393, "target_rescale": 3.963585834855323},
{"mapping": [1, 4, 3, 10, 12, 0, 2, 5, 8, 7, 11, 9, 13], "R": [[0.4125285538782229, -0.3899055867252411, -0.82328234869672], [-0.745776624206412, 0.37442559744785514, -0.5510196899958342], [0.523103640804029, 0.8412960866521741, -0.13632122197701754]], "T": [-0.03288638280778017, -0.144384742247374, 0.08284725563994923], "aligned_model": [[0.16614446542150857, -0.08473353268335021, 0.22518936219535263, 0.6673398901847654, 0.5164021973418451, -0.40101518854179924, -0.5183458247959534, 0.41527248864839333, -0.7011870109624339, -0.026519268538583413, 0.06379590504029375, 0.5315167609682057, 0.02722266038605048], [-0.5907414580053151, 0.09827016864641516, 0.5014381106834619, -0.43290083268092894, 0.12528176756714057, -0.48340612661298954, 0.275100418784367, -0.43696713049551905, 0.015766328103273802, -0.10414064950177827, 0.5635007499294615, 0.11364211203986488, -0.10401655429427029], [0.6361784341252974, 0.820415584668101, 0.33709140599260196, 0.3544954597285867, -0.011114615934334285, 0.3744954440621573, 0.1899427046313577, -0.31729489209829, -0.3535782165380615, -0.6897866245210914, -0.3308329437211769, -0.6400052359219975, 0.00010323500863886059]], "inverted": true, "swapped": true, "error_lsq": 0.0512912743012461, "error_max": 0.25701693282171245, "target": "652.xyz", "model": "21.xyz", "model_rescale": 4.08911054899281, "target_rescale": 3.963585834855323},
{"mapping": [8, 11, 10, 9, 5, 2, 0, 13, 7, 3, 15, 12, 14, 16], "R": [[-0.8622826309168956, -0.10966127497969848, 0.494411841675403], [-0.25066842867020367, 0.940712477671708, -0.22852871421501372], [-0.440038638402411, -0.3209897804020922, -0.8386486496682437]], "T": [-0.01181384869802879, 0.08128569170640874, 0.0007869073218615269], "aligned_model": [[-0.41752204445174856, -0.6649464403705143, 0.5242562051338454, 0.18432693248425583, -0.04413039631922939, -0.41896515680011903, 0.062044332776671374, 0.5187173652342365, 0.6038945032391394, 0.283687963670776, -0.5415816572566559, 0.6307533230257392, 0.1209965088186703, 0.011032713780563756], [-0.3125115239781235, -0.3021426715801742, -0.51698619549348, -0.3873940207294508, -0.6200373928800205, 0.6683217129780795, 0.4385476028384298, 0.4752779559732308, 0.04818597581888229, 0.7662877156225124, 0.20761017723539965, 0.048577246941970305, 0.23827888324858698, 0.11432300706142924], [-0.40056908288813203, 0.11166313642892432, -0.07560062821838028, 0.5002022982248268, 0.07028961032102889, 0.10504788474647624, -0.6825785103448656, 0.006844363033436787, -0.3536193880122009, 0.4454550188523276, 0.4854467996845357, 0.36273592790085724, 0.6086825667016196, -0.02475170676455044]], "inverted": true, "swapped": false, "error_lsq": 0.042434789524597484, "error_max": 0.23511702722774874, "target": "652.xyz", "model": "22.xyz", "model_rescale": 4.204369325754507, "target_rescale": 3.963585834855323},
{"mapping": [1, 2, 12, 14, 3, 5, 0, 7, 4, 9, 2, 13, 11, 15], "R": [[0.6554260764820368, -0.43756151701654133, -0.6155944907920687], [0.041625936401196384, -0.792909744935786, 0.6079156337885959], [-0.7541113576164244, -0.4240684558087876, -0.5014798152486932]], "T": [0.1402319467314944, 0.05197380468249244, 0.024320131105172497], "aligned_model": [[-0.2724169555494361, -0.7075059618325329, 0.41936874523224343, 0.3386156665824738, -0.1280748978885146, -0.4048288169195925, 0.027571143983743246, 0.5512550560933759, 0.6113151685424048, 0.27117364387182985, -0.7075059618325329, 0.6590911308272749, 0.08959895705807064, 0.10490723479682318], [-0.2872590388670009, 0.06856516750473848, -0.39410038568245376, -0.44509734615767016, -0.7549999134630718, 0.6478051697456054, 0.16206681132209394, 0.6124758360554101, 0.12194003957078597, 0.714022653975854, 0.06856516750473848, 0.08712984881015126, 0.2171828165237788, 0.04804164621431235], [-0.36318649500992567, 0.21508293690398636, -0.12812502828797692, 0.5840550083253704, 0.07157952410109103, 0.222199870073034, -0.6449042941583082, -0.08758619283885793, -0.530522506693949, 0.3897725083800776, 0.21508293690398636, 0.449618902573798, 0.7238596115228061, 0.04232150787077177]], "inverted": true, "swapped": false, "error_lsq": 0.044832416531505805, "error_max": 0.3645594387963758, "target": "652.xyz", "model": "23.xyz", "model_rescale": 4.410303926677745, "target_rescale": 3.963585834855323},
{"mapping": [10, 3, 11, 7, 1, 5, 8, 15, 9, 6, 2, 13, 12, 16], "R": [[-0.42730577269432013, -0.7151465285063526, -0.5531502683606171], [0.8069022548796861, -0.02568057239211599, -0.5901264773518397], [0.4078216861474976, -0.6985026492196905, 0.5880268032504012]], "T": [0.1389734285998203, 0.049280332067434846, 0.07573010671338536], "aligned_model": [[-0.06608375488699134, -0.7023422352027158, 0.5209913297516864, 0.2487625776747017, -0.15162961515173737, -0.12880427365360672, -0.14277577948056705, 0.4092746094430424, 0.4014257074004056, 0.5037947409054777, -0.7283553932395066, 0.63006978217151, 0.023450698189767083, 0.03478575904416441], [-0.23755208141675324, -0.2640692567504781, -0.41147192076969485, -0.405271775295747, -0.7554234081922456, 0.5975265648183095, 0.31509518905010936, 0.635587093974808, 0.10086492400270555, 0.6200678776374292, 0.22015927039067404, 0.11691755741199539, 0.3442973999311243, -0.010388961734964383], [-0.4715017128575409, 0.018712796515479954, -0.1304037607509289, 0.5482336740220373, 0.14158685234166712, 0.2284494698546758, -0.6492985222439882, -0.22840118633486356, -0.49073067291362066, 0.42070123256242936, 0.3025230837270211, 0.5741638546532856, 0.8145096835909644, 0.0807034974992857]], "inverted": true, "swapped": false, "error_lsq": 0.042323293267403236, "error_max": 0.27280762308566037, "target": "652.xyz", "model": "24.xyz", "model_rescale": 4.28219845311461, "target_rescale": 3.963585834855323},
{"mapping": [1, 0, 3, 7, 4, 14, 8, 11, 5, 12, 2, 9, 13, 15], "R": [[-0.11962403533910737, 0.849531846165307, -0.5137954189365193], [0.3026787319661197, -0.46166910278823875, -0.8338148623921768], [-0.9455557494852274, -0.2552592444587816, -0.20190850089523754]], "T": [0.03541130518228529, 0.10484560872549745, 0.08233078739357123], "aligned_model": [[0.04055821601688857, -0.6657289926061065, 0.3601850080687784, 0.35647865486805874, -0.2358336509391098, -0.2787087555671456, -0.04323950805876425, 0.32319778039231833, 0.5575237086994572, 0.3379712805968656, -0.5746604276555135, 0.6977247482921015, 0.005246407739200612, -0.028150316881398463], [-0.28777684158445394, -0.25157852214998055, -0.5790274194391123, -0.3460687262927111, -0.5457653062896991, 0.7839957203444463, 0.2623059684107269, 0.5593413821701263, 0.1466264455872058, 0.6531563913791197, 0.18896550689322084, 0.04926303606677565, 0.16322428718442067, 0.06967655077718686], [-0.42333562405585623, -0.13427552318548758, -0.08163588032333781, 0.6292659071208246, 0.2767020405857631, 0.22455714998986404, -0.5892094881172455, -0.0018690217258572617, -0.5891851697353706, 0.5207742240372563, 0.38152361470140733, 0.20531519523264527, 0.6727530649209714, 0.06786780022032687]], "inverted": true, "swapped": false, "error_lsq": 0.043056313040740375, "error_max": 0.29643490193127425, "target": "652.xyz", "model": "25.xyz", "model_rescale": 4.100010024507729, "target_rescale": 3.963585834855323},
{"mapping": [2, 4, 1, 10, 8, 6, 0, 5, 12, 7, 11, 13], "R": [[-0.8200339209129424, 0.520917782967776, 0.2370422577096401], [0.26138399923131617, 0.7093481307879561, -0.6546018899250723], [-0.5091392476503749, -0.47483670112531323, -0.7178491023651423]], "T": [-0.013848042717095749, 0.023232686375309133, -0.002413954839017636], "aligned_model": [[-0.6525148480005142, -0.19908222460952502, 0.44722503923667833, 0.7031936339674001, -0.6243960859047409, 0.02397152949403683, -0.04910029847392637, 0.5048107738121556, 0.206273409356769, -0.054157207760523116, -0.4306891079508829, 0.0012309891960795433], [-0.06612572139430095, -0.669073329664664, -0.3131484000180493, -0.33501179152206645, 0.5605997165130672, 0.6161779652931951, 0.06579440095714202, 0.3127585137567221, -0.21911637696897546, 0.6391918820207415, 0.022439117682721013, 0.05164541339510695], [0.0826030559642193, 0.30086355954339644, 0.4658619970820072, -0.07215090749827713, 0.03235743530900086, 0.3093659482101471, 0.5741784153794922, -0.30857142035311363, -0.5278473777777536, -0.46888226076244494, -0.7150313407796998, -0.10755481446261742]], "inverted": false, "swapped": true, "error_lsq": 0.04834734602828993, "error_max": 0.26358579992500963, "target": "652.xyz", "model": "26.xyz", "model_rescale": 3.6694154284099745, "target_rescale": 3.963585834855323},
{"mapping": [1, 0, 7, 8, 5, 2, 6, 12, 3, 11, 4, 9, 10, 13], "R": [[-0.8890855334972387, -0.3671763078419687, -0.27332850763407435], [-0.05062870965527069, 0.6723424652928307, -0.7385068334975657], [0.45493257509720353, -0.6427574723980256, -0.6163596221297505]], "T": [0.07307037081289293, 0.015224056488497381, 0.13563289678940113], "aligned_model": [[-0.26200099501744034, -0.5697164318400932, 0.42440791653578075, 0.1698402758481155, -0.27687418042906337, -0.32945945265900217, -0.0026932841066975993, 0.42846099391872006, 0.6951971914132142, 0.25986247938158424, -0.5141679844577078, 0.7105165909437238, 0.0816810051540205, 0.03751002828047584], [-0.2843183620446624, -0.05903459956371186, -0.4613020291856078, -0.36528089088938126, -0.6704577017196826, 0.5603320840151724, 0.29386521846551894, 0.6482762738535159, -0.023923095189795962, 0.8246048731456177, -0.019930245844789404, 0.11951229391669073, 0.24415707990958602, 0.059837574188800854], [-0.6243987953101121, 0.0005620950977986428, -0.07793990896071462, 0.639824093589267, -0.04700838342335725, 0.08125803361766101, -0.4871105521923701, -0.1847968278853465, -0.3784263798886438, 0.35054420651763996, 0.7096066411501217, 0.3539212735880519, 0.6918758721663126, 0.13133692159959545]], "inverted": true, "swapped": false, "error_lsq": 0.046312792689499685, "error_max": 0.33498012867028415, "target": "652.xyz", "model": "27.xyz", "model_rescale": 4.103607728864725, "target_rescale": 3.963585834855323},
