[{"mapping": [9, 10, 0, 5, 1, 2, 4, 3, 7, 6, 8, 11], "R": [[0.04897524142109617, 0.9967530265925163, -0.0639126725024397], [-0.8106540239447689, 0.0022871921167010797, -0.5855209835816093], [-0.5834736319576912, 0.08048709667319393, 0.8081338676724423]], "T": [-0.06128516150074466, -0.01692550888774812, -0.045541286607962445], "aligned_model": [[-0.4105147983982915, -0.17756358416615997, 0.23237571185865658, 0.5250220353452165, 0.6003668716381423, 0.19980403336439306, -0.5105921845059513, -0.73163690190272, 0.5772029438795243, 0.1911152017188893, -0.2519222759384936, -0.01612658659946878], [0.36670224648419436, -0.25877537605510187, -0.4935135954396067, -0.5137931128910315, 0.13705109512662048, 0.006460803696668304, -0.5122526190607695, -0.1426987410009799, 0.14350602221696526, 0.6378609254222624, 0.47254779250293455, -0.06911607241484014], [-0.3621243411902596, -0.6698403464650481, 0.21793258537203722, -0.35867510392665525, 0.1554272481887428, 0.7160595000872727, 0.40736347131513406, -0.13957400969285041, -0.7261277785260172, -0.22638173989520569, 0.31107737318953677, -0.03722840024324107]], "inverted": true, "swapped": false, "error_lsq": 0.04803656711677249, "error_max": 0.2830338581027699, "target": "653.xyz", "model": "0.xyz", "model_rescale": 3.751011558992144, "target_rescale": 3.715128104685386},
{"mapping": [12, 6, 4, 1, 8, 5, 10, 11, 0, 13, 9, 14], "R": [[0.6275750660530056, 0.177308394821951, 0.7580971373077654], [0.07618381627937246, -0.9830344843663, 0.16685091753956163], [0.7748196968364167, -0.04695674256532198, -0.6304359616344689]], "T": [0.0985518977749039, 0.02754833470580928, -0.09851104095735455], "aligned_model": [[-0.37187792104178485, -0.265064926903287, 0.2766516803510707, 0.41766103822590755, 0.6350361489793512, 0.20192768193518468, -0.3423780202089644, -0.6802854092205551, 0.6175370852865353, 0.036353572134722234, -0.34945625733999564, 0.05142579409555175], [0.4499174414807323, -0.5040258257941089, -0.6779175066679756, -0.43958834282758597, -0.13899914400343588, 0.31516725977981486, -0.3814981316945164, -0.0883214306771453, 0.14550812437366695, 0.7310011271675905, 0.3078116739647264, 0.05492412348555334], [-0.4887356266608468, -0.48443520704429155, 0.21160568547143407, -0.5054978102994531, 0.254851149556953, 0.4461676241142095, 0.45890760232703287, -0.22780773708233695, -0.6391073613892613, 0.07115844765464943, 0.2951014270264215, -0.1042997354610644]], "inverted": true, "swapped": false, "error_lsq": 0.044750564854360846, "error_max": 0.31175619982991404, "target": "653.xyz", "model": "1.xyz", "model_rescale": 3.9405287249114394, "target_rescale": 3.715128104685386},
{"mapping": [0, 2, 8, 4, 3, 10, 9, 5, 7, 6, 11, 12], "R": [[0.9698207841066052, -0.22141481681611364, 0.1020937099391368], [0.030801425696270063, 0.5266317627751566, 0.8495353192254039], [-0.24186549751861453, -0.8207523775966893, 0.5175583211382608]], "T": [0.05343634442862104, -0.01273383756550897, -0.17630909067005943], "aligned_model": [[-0.45495754400436356, -0.42761049931064676, 0.22835453287033064, 0.545807540883106, 0.5510134193540083, 0.23563834636903885, -0.25808455881464104, -0.6715303892676595, 0.7143665430283045, 0.08351852956518294, -0.338759564111727, 0.0197741097328029], [0.4611489434814866, -0.3723581284022853, -0.6192655373693913, -0.4811005411507404, 0.07716809837199484, -0.07467902947280955, -0.3460807472159301, -0.025883649941685904, 0.3386537314426712, 0.5287195480841603, 0.3707758659182637, -0.08311918515841805], [-0.645244856321427, -0.4979205504942471, 0.2733715677921944, -0.3492222415796804, 0.09040119220684015, 0.6449413845205748, 0.48868389557797276, -0.12807427083037598, -0.43824019245380263, -0.21207201414317572, 0.2783522840861238, -0.21706774014755056]], "inverted": false, "swapped": false, "error_lsq": 0.04692872185106492, "error_max": 0.3000881031944232, "target": "653.xyz", "model": "2.xyz", "model_rescale": 3.932901565614263, "target_rescale": 3.715128104685386},
{"mapping": [7, 5, 6, 12, 10, 1, 2, 4, 9, 3, 0, 13], "R": [[-0.678790111771584, -0.37798843114581643, -0.6295782160153297], [0.4389357904795242, -0.8961783807213011, 0.06480495169245915], [-0.5887099081867367, -0.23235545151270087, 0.7742296740341932]], "T": [0.11906095704757523, 0.17135552963982417, -0.06143082003783118], "aligned_model": [[-0.2986448152879736, -0.035020443510034346, 0.10821716012376342, 0.5174550249792983, 0.6781900112926824, 0.16383991707767798, -0.3655979437277213, -0.6926432741808403, 0.30743840098340114, 0.07342270441923432, -0.3923125355624283, 0.16318625968667702], [0.3503173517886916, -0.36222148691183964, -0.5017884239526544, -0.40730280991579204, -0.20768355755493237, 0.1267158086928754, -0.2760718805906949, -0.1503967304190216, 0.09910784373571534, 0.667063830118273, 0.36623362219523103, 0.07000580140146438], [-0.6121005044384364, -0.5178891150273053, 0.05455146521263564, -0.3607074527024712, 0.17700053565761903, 0.6766550563780195, 0.4476019054838112, -0.09038127237777033, -0.7678918238353168, 0.05204124178805897, 0.3251826940053536, -0.09615427193075173]], "inverted": true, "swapped": false, "error_lsq": 0.04683791455608315, "error_max": 0.28124844533118454, "target": "653.xyz", "model": "3.xyz", "model_rescale": 3.9243930471874484, "target_rescale": 3.715128104685386},
{"mapping": [10, 9, 1, 5, 0, 2, 7, 8, 6, 3, 4, 12], "R": [[0.36858541477778756, 0.8881515689469367, 0.2744659953257984], [-0.6901339504989309, 0.4592460541748183, -0.5592925818331577], [-0.6227840094140389, 0.016728786625299752, 0.7822149482822607]], "T": [-0.06377410941376391, -0.022792670074217, -0.2189871589894977], "aligned_model": [[-0.42697406305368124, -0.3847827307757331, 0.14002239762758342, 0.6339976626266922, 0.6275182743613533, 0.19719442767055131, -0.3040655954454867, -0.684268421377114, 0.44549278084648347, 0.26582727394696637, -0.3277666042091968, 0.04533506407531809], [0.4741465315826466, -0.5628010146526493, -0.6258548305342782, -0.29421517521966106, -0.09805027269822117, 0.18463279924195855, -0.24310964833332652, -0.11459541139487694, 0.2967302637729462, 0.5312538198678718, 0.29408164083015415, -0.068239333875248], [-0.5628838630323155, -0.5399728978842712, 0.10496239622160977, -0.33330022744178, 0.2706795508677228, 0.641294531879612, 0.5135694529823129, -0.16517791793028735, -0.6190732046935051, -0.025728820400401003, 0.2079389508007559, -0.20439949315600725]], "inverted": true, "swapped": false, "error_lsq": 0.04654105875493453, "error_max": 0.2740600405280612, "target": "653.xyz", "model": "4.xyz", "model_rescale": 3.8936222436046832, "target_rescale": 3.715128104685386},
{"mapping": [2, 1, 6, 5, 7, 8, 9, 0, 4, 10, 3, 11], "R": [[0.2633658931047577, -0.66619462546763, -0.6977271152443322], [-0.33307719454374507, -0.7415788796261873, 0.5823404054049804], [-0.9053717406811423, 0.0790283891422131, -0.4172008208112556]], "T": [0.03813474530923812, 0.010141235724373306, 0.02508410150704453], "aligned_model": [[-0.2739167240270682, -0.3132096522622105, 0.3562924072401614, 0.5193724166941135, 0.6544438492803106, 0.037960471391837336, -0.3020813046697811, -0.8334171113453367, 0.37289168393798316, 0.2862419628773061, -0.3849905970387264, 0.10794306421514743], [0.4232397113588888, -0.4897510796118884, -0.7142458775181383, -0.42302330748745376, -0.017049710465202875, 0.25205646107717516, -0.34473440467101507, -0.029530991322955783, 0.23056539268713017, 0.5902083492021513, 0.3565844723789558, -0.060339647040330915], [-0.5126258526853754, -0.4943131977966345, 0.11807679170656622, -0.46271671767124983, 0.22300142817589486, 0.7231813867774635, 0.3997202756972768, -0.12168709641710375, -0.660463549625989, -0.012762324179598251, 0.2017874143237639, -0.11329010009156838]], "inverted": true, "swapped": false, "error_lsq": 0.0431617689663046, "error_max": 0.2241041614388625, "target": "653.xyz", "model": "5.xyz", "model_rescale": 3.6523030999806103, "target_rescale": 3.715128104685386},
{"mapping": [2, 3, 7, 5, 8, 9, 11, 4, 1, 6, 10, 12], "R": [[-0.8648055795462564, -0.49255757457851457, 0.09745945470294182], [-0.4783786152111449, 0.8672308789218223, 0.13807426680287346], [-0.15252937452940385, 0.0727848773428568, -0.9856151132850258]], "T": [0.0765888268707782, -0.0038273315128779274, -0.07972420712237778], "aligned_model": [[-0.3651982990269076, -0.21547369436906946, 0.049447232103995764, 0.6482449558721339, 0.6765589052988173, 0.16461062490392445, -0.5010055829062734, -0.49487037841811365, 0.2550723295792995, 0.22794927824435204, -0.3141590821510526, 0.09635417716263013], [0.36759120877860096, -0.4823163124843421, -0.670434999891007, -0.342171434477873, 0.18649842718080123, -0.048261736629877774, -0.46378243930975216, 0.029337271946406732, 0.16887221127491317, 0.6283718954118784, 0.49909676739052067, -0.09882149060295355], [-0.5727597408599852, -0.49007586329534, 0.06763796573814286, -0.23017708396673237, 0.16009888024666336, 0.6364745236036352, 0.39922777350495386, -0.11801373173282524, -0.728333005378482, -0.0859381678430284, 0.3708936620353652, -0.12112675383892131]], "inverted": false, "swapped": false, "error_lsq": 0.05038051400117161, "error_max": 0.2965463250051416, "target": "653.xyz", "model": "6.xyz", "model_rescale": 4.08911054899281, "target_rescale": 3.715128104685386},
{"mapping": [5, 6, 0, 2, 1, 9, 3, 4, 13, 11, 8, 14], "R": [[0.7306174677425425, -0.5212470014903696, 0.44102117779849676], [-0.24880928321001097, 0.3982516569413129, 0.88288705865021], [-0.6358396467805348, -0.7547828702221568, 0.16127852430254744]], "T": [-0.0103746537109064, 0.11932142366561638, -0.18621156559147337], "aligned_model": [[-0.5527440627231552, -0.11610531627123083, 0.1816701023877363, 0.46735275389045106, 0.6394808277203747, 0.17645466228365514, -0.3638176223872859, -0.7027751954806936, 0.5718067454185594, 0.27912308420622195, -0.41871524706020236, 0.06579973430930575], [0.30097218958628985, -0.3632114880335322, -0.7076979444406197, -0.4683186050614312, -0.06958571316116863, 0.13157567666328365, -0.40234826443439875, -0.005391540889656377, 0.2778780182935937, 0.600822766465291, 0.3303414043772933, 0.14894286922237138], [-0.6895401391807984, -0.25780753318163785, 0.21852780676568087, -0.46297005950885173, 0.0965392182536278, 0.5750386875291833, 0.29273544679782426, -0.14287963820536115, -0.6007222978521234, -0.016274578504693077, 0.3176510157226904, -0.04238947042209448]], "inverted": false, "swapped": false, "error_lsq": 0.0422973199819923, "error_max": 0.30060226818160857, "target": "653.xyz", "model": "7.xyz", "model_rescale": 3.964800864290218, "target_rescale": 3.715128104685386},
{"mapping": [8, 12, 4, 11, 3, 0, 2, 7, 10, 5, 1, 13], "R": [[0.9288034711041876, -0.3436737489325, -0.138609041406012], [0.33611782603488616, 0.9387962720245439, -0.0754080012624696], [0.15604140183423937, 0.023450243655442453, 0.9874721094725187]], "T": [0.06979472894180239, -0.05841709231050278, -0.025392207893702487], "aligned_model": [[-0.28953242460313555, -0.35170383610212297, 0.12753428030612565, 0.4539338321875071, 0.6178463149830528, 0.16678987881273807, -0.2636845338049543, -0.6408266944627544, 0.5490125346135962, 0.24778893249741676, -0.44702439261920157, 0.05739657448546896], [0.3931797073559489, -0.4783974319307514, -0.7532896523270307, -0.6034819671499455, 0.2507175122299669, 0.04807828545978174, -0.3962491860472522, -0.06595892765990419, 0.2949818405679806, 0.7260875054110892, 0.36879601674088885, -0.01048433406345612], [-0.5333310906971279, -0.49082792986499885, 0.06900940521839159, -0.5178094659863981, 0.33521554440189677, 0.6763271433699081, 0.43641920980124327, -0.0679771615716954, -0.591601976420078, -0.2532985979372162, 0.31151556318905343, -0.08573218528953244]], "inverted": true, "swapped": false, "error_lsq": 0.04244040014079007, "error_max": 0.2582045750745114, "target": "653.xyz", "model": "8.xyz", "model_rescale": 4.121658175737393, "target_rescale": 3.715128104685386},
{"mapping": [0, 5, 7, 9, 6, 8, 11, 10, 4, 1, 2, 12], "R": [[0.12017215878420559, -0.9897657494335023, 0.07695721864439581], [-0.08520816279061838, -0.08751629092708657, -0.9925122003362039], [0.9890895921234795, 0.11271495051989869, -0.09485314271180284]], "T": [-0.04655106032847675, -0.049518706695673716, 0.0046638318041538895], "aligned_model": [[-0.3537321899856153, -0.1914083712174537, 0.09902193083154412, 0.6436318058740677, 0.6087453292265059, 0.2031473602040391, -0.40391471459956085, -0.7435614244240266, 0.3608456956114938, 0.19162917766896126, -0.17374203762906434, -0.013132095267154545], [0.43225821367387396, -0.33986864840584236, -0.6906458440432154, -0.39872071630670664, 0.06792770566149944, -0.04241569456791077, -0.37185906183860257, -0.2524203138452528, 0.22381823472574186, 0.5717950374598129, 0.546762304821023, 0.027348151252895532], [-0.5360347863779871, -0.5211033953094162, 0.15624024261558542, -0.30338711320170675, 0.19695276064460024, 0.6888813291904595, 0.41869280253670005, -0.217795874108786, -0.735229888552154, -0.1746992671446127, 0.33725646770704354, -0.021864819786279865]], "inverted": false, "swapped": false, "error_lsq": 0.04456764994599124, "error_max": 0.22093743958621734, "target": "653.xyz", "model": "9.xyz", "model_rescale": 3.833441315466971, "target_rescale": 3.715128104685386},
{"mapping": [3, 6, 12, 1, 0, 10, 11, 7, 5, 2, 8, 14], "R": [[0.11675617365727192, 0.9902687189622952, -0.0757354616919167], [0.5709245355560794, -0.1293202164375999, -0.8107536347871696], [-0.8126580896127152, 0.05142125888489241, -0.5804676420970465]], "T": [0.0217848751054888, -0.030230975676785836, -0.09821668629682961], "aligned_model": [[-0.5016858921786083, -0.024905207947663273, 0.07160094651087978, 0.588977919440466, 0.6732152439346822, 0.21538205625477133, -0.4182816239162928, -0.6443553126820822, 0.4839191611368814, 0.058801791420135634, -0.23491745498337738, -0.040221160696055955], [0.4069719124382532, -0.5410086127041386, -0.6067902063591852, -0.46181681217347914, -0.05997095278010355, -0.028196852846025126, -0.2557833888522337, -0.02983257458013998, 0.24406438623145565, 0.667767374473532, 0.400152015857308, 0.038423079882072476], [-0.6359469534108346, -0.5433636392260381, 0.06946715268422823, -0.29221320458335737, 0.09819352227854294, 0.7007014179636954, 0.3716818840276765, -0.0851373792539533, -0.5088614933708901, -0.26578251223285776, 0.49880404759928126, -0.11963438426204677]], "inverted": true, "swapped": false, "error_lsq": 0.046569649437243614, "error_max": 0.26090878802417755, "target": "653.xyz", "model": "10.xyz", "model_rescale": 4.2482417240324, "target_rescale": 3.715128104685386},
{"mapping": [5, 7, 8, 3, 1, 0, 10, 9, 2, 6, 4, 11], "R": [[0.17921625222520965, -0.887803613715557, 0.42389418303622506], [-0.3951403553294036, 0.32963260597706234, 0.8574418024956121], [-0.9009692750191336, -0.3211652044514931, -0.2917315151318554]], "T": [0.0854435322958195, -0.010122652865251311, -0.061335902973133793], "aligned_model": [[-0.39249286658472193, -0.20695120805927267, 0.17449734441683498, 0.46469551389395003, 0.7240068845406049, 0.2267090580038516, -0.24981437797712894, -0.6835853960649347, 0.5917738045129596, 0.15512227977152582, -0.5381531455456879, -0.038277424614244424], [0.40176938688548997, -0.3277869189342345, -0.599256777663473, -0.5707661410732955, -0.10773648040624789, 0.1477912342677336, -0.28452968512853966, -0.306367750267474, 0.2186084008389288, 0.634555784265992, 0.557457882358391, 0.010240433444045023], [-0.4688992925662178, -0.5830168174897419, 0.0864755664727877, -0.5084583023623319, 0.22476711973180113, 0.6659513383771023, 0.4154295286369641, -0.04932541803854196, -0.550282778300679, -0.06542527837909123, 0.17279888652327025, -0.052106094391875565]], "inverted": false, "swapped": false, "error_lsq": 0.04682558050746841, "error_max": 0.31131173140244334, "target": "653.xyz", "model": "11.xyz", "model_rescale": 3.6694154284099745, "target_rescale": 3.715128104685386},
{"mapping": [10, 7, 6, 5, 0, 4, 11, 9, 12, 2, 8, 13], "R": [[-0.2897104685690079, -0.375198337388997, -0.8805078375699212], [-0.055509731800887724, 0.9249991430319846, -0.37589261108126093], [0.9555032778996208, -0.06002327057589402, -0.2888090942343291]], "T": [0.07140355885920771, 0.01689021613360822, -0.03928246058507712], "aligned_model": [[-0.23806080463226517, -0.23818029900479457, 0.178159107569537, 0.4745300454421648, 0.750447576729243, 0.28466798516004577, -0.39566673657880014, -0.719772859956409, 0.4201612937389084, 0.01701358340095044, -0.4878487125414943, 0.18208028696664996], [0.252222426092808, -0.4111772554907508, -0.5108509301047918, -0.5220548114921025, -0.1226492139343967, 0.04271982010414707, -0.28952112373256556, -0.07018698995167866, 0.27868882121004435, 0.666556866191895, 0.4313246065641908, 0.028907153130516797], [-0.5416561720718338, -0.5618543629647537, 0.13377062040513904, -0.4770016462389444, 0.13440068101673178, 0.6689052022441987, 0.4434038545595961, -0.14484619195416693, -0.5604331422579516, -0.07517880808744577, 0.2574984085299603, 0.010900015032916571]], "inverted": false, "swapped": false, "error_lsq": 0.04042908458275257, "error_max": 0.2505808496495733, "target": "653.xyz", "model": "12.xyz", "model_rescale": 3.9764082729961374, "target_rescale": 3.715128104685386},
{"mapping": [5, 4, 3, 7, 8, 11, 14, 6, 0, 12, 13, 15], "R": [[-0.8803743523645807, -0.3828361061909008, -0.2799598462194793], [0.39632200337288526, -0.9180661417123038, 0.009133952265427184], [-0.26051846257251693, -0.10291294980746446, 0.9599682575068712]], "T": [0.09849503517150116, 0.13557150330601403, -0.09160553277666704], "aligned_model": [[-0.3668540066575634, -0.15221479679996452, 0.28825649592635655, 0.4451617768737803, 0.6560160950637303, 0.1767974185209185, -0.3335742799441188, -0.6410346777025316, 0.3698692659566808, 0.029030965570922024, -0.3186485682672547, 0.07472477775278141], [0.3668938807215034, -0.3041167756687449, -0.5997159184036098, -0.4347643407451561, -0.07276421449441156, -0.028634641632220875, -0.27929890708284627, -0.05606838642808165, 0.05574417821481764, 0.7546495443527217, 0.34096352514262285, 0.03109142461072205], [-0.7494536404811246, -0.6011960735682735, 0.2714184923255412, -0.4459681918012246, 0.28973333635913934, 0.6813432219773171, 0.43755104999857075, -0.08624249833842475, -0.76025458761545, 0.046708085773947375, 0.30624604465252825, -0.10197678106910046]], "inverted": false, "swapped": false, "error_lsq": 0.040859729277143805, "error_max": 0.2585810265252553, "target": "653.xyz", "model": "13.xyz", "model_rescale": 4.170626492500431, "target_rescale": 3.715128104685386},
{"mapping": [4, 12, 9, 11, 3, 1, 7, 8, 6, 2, 0, 13], "R": [[-0.9752676203205574, -0.20010110308152623, 0.09387554154215882], [-0.11053976831787621, 0.07377787182992812, -0.9911295501842716], [0.19140017861670722, -0.9769935384503845, -0.09407229906667242]], "T": [0.006058618821161509, -0.001643294021445165, -0.0877889652346615], "aligned_model": [[-0.41299024204649704, -0.3195506334396003, 0.3266759804967538, 0.5064465382779257, 0.6588278093014015, 0.16322977245343484, -0.5406996713852787, -0.7215406034052256, 0.5950971403482935, 0.10985166441661118, -0.20860748383828026, 0.0707901951141981], [0.36298233151649106, -0.3609845905642775, -0.6462409999187894, -0.4368314695213208, 0.12907402205121318, -0.08491633404930056, -0.22596504767766787, -0.12027507924582265, 0.21257651890195967, 0.6480911260220402, 0.3337490569729959, -0.03728016590020529], [-0.5288210910481979, -0.6360211866767037, 0.28370093154308607, -0.3324986567018482, 0.09187453041321965, 0.6599926199663686, 0.4673370797460571, -0.17768982259963267, -0.6487103134986396, -0.08987566912373382, 0.3563831205511407, -0.15776308435767025]], "inverted": false, "swapped": false, "error_lsq": 0.04032310424177509, "error_max": 0.23840693388905454, "target": "653.xyz", "model": "14.xyz", "model_rescale": 3.9786697098870705, "target_rescale": 3.715128104685386},
{"mapping": [5, 4, 1, 10, 6, 9, 0, 2, 7, 8, 3, 11], "R": [[0.645944709913572, 0.049373839245993756, -0.7617858332450025], [-0.7602920709253104, 0.13133557046571964, -0.6361658076465186], [0.068639628661399, 0.9901076668365696, 0.12237405545568268]], "T": [0.06662567123374233, -0.031272193848636505, -0.05883301796750019], "aligned_model": [[-0.2192967420412583, -0.2745069427231681, 0.35240007810957574, 0.41865709972285925, 0.7788486763288616, 0.18846191275903518, -0.33250616736801664, -0.7928271289240986, 0.5568424791758153, -0.148597137574919, -0.43827013332311215, 0.13832447215216223], [0.3107204188414424, -0.3773951989759103, -0.6351161374727476, -0.5211090257287083, -0.07421657493790262, 0.27229031967929046, -0.3568481605502922, 0.07889743524449222, 0.21978671824420615, 0.4332160673748024, 0.45120695234234687, -0.02745344547370353], [-0.7266271585395492, -0.43131407132154465, 0.061073494014081325, -0.6319427282206884, 0.28504175858648617, 0.4707139569845077, 0.4086064448503126, -0.11406845399694003, -0.42425456804431166, -0.15961954373424886, 0.5390326294269328, 0.011266698208408463]], "inverted": true, "swapped": false, "error_lsq": 0.059571878059447796, "error_max": 0.3675328894498081, "target": "653.xyz", "model": "15.xyz", "model_rescale": 3.769337070930944, "target_rescale": 3.715128104685386},
{"mapping": [8, 0, 4, 9, 3, 1, 2, 7, 5, 10, 11], "R": [[-0.12746791841214627, -0.9842678489486247, 0.12234676661735594], [0.7789580891789027, -0.022984597675185944, 0.6266546126635171], [-0.6139838964324937, 0.17518136258106107, 0.7696332016784462]], "T": [0.02580132966200179, 0.07863504421875575, 0.08742675795798459], "aligned_model": [[-0.34131287753929473, -0.3690095401473177, -0.07410706032140854, -0.6325643372620162, 0.4193100667038752, 0.3976389383246964, 0.6517793492575517, 0.15749909966460707, 0.007095533471739197, -0.2910308210529934, -0.0026722204082683526], [0.0802112225894833, -0.6685759432259679, 0.7454157983298614, 0.13171136821429108, 0.21554552901600496, -0.4341966475497172, 0.3399310189681083, -0.5487853637708495, 0.60234576511384, 0.03173784826691614, 0.10072390167337186], [-0.6884149892620604, -0.07859749252758459, -0.16955132359650005, 0.06998564355627769, -0.6264774319515656, -0.23347143181578395, -0.03585713855701471, 0.3877413733534511, 0.5011662831699019, 0.6576180943407938, -0.03992397948613789]], "inverted": false, "swapped": true, "error_lsq": 0.03792705395839421, "error_max": 0.22402718184393214, "target": "653.xyz", "model": "16.xyz", "model_rescale": 3.7852294659196426, "target_rescale": 3.715128104685386},
{"mapping": [9, 11, 7, 6, 5, 1, 2, 8, 10, 0, 3, 12], "R": [[-0.9108460364078211, 0.4084793733429261, 0.05919543490449661], [-0.16781429162724892, -0.2354738445368459, -0.9572828380706937], [-0.37709131717106237, -0.8818711187539865, 0.28302909465598314]], "T": [0.021818280795713133, 0.04225268393173929, 0.0059158499781888085], "aligned_model": [[-0.30393666932548924, -0.28667901801444673, 0.22857673751992347, 0.6039730444580266, 0.6390713268537547, 0.21135697216040567, -0.30439881638628374, -0.5855222124576028, 0.4433173976106186, -0.06410003866402003, -0.3728685558427777, 0.01874029838162767], [0.3259661259257227, -0.49393560697716865, -0.6217354818316256, -0.4755979993694863, -0.05091238580084607, -0.016324844939050863, -0.3365495383234179, 0.11839241486098279, 0.13100079960729108, 0.7133193628520919, 0.4420116220119972, 0.03834490057082619], [-0.7428512572155639, -0.38811918368289666, 0.09422021836190161, -0.4187248650406542, 0.21213892694624895, 0.6653837505118092, 0.35830526944332386, -0.21667385751366877, -0.6750520947647582, -0.08372069704781604, 0.5688638614071323, -0.08586161319161205]], "inverted": false, "swapped": false, "error_lsq": 0.042869755204739735, "error_max": 0.22058533090584861, "target": "653.xyz", "model": "17.xyz", "model_rescale": 3.901054581598922, "target_rescale": 3.715128104685386},
{"mapping": [12, 6, 4, 1, 8, 5, 10, 11, 0, 13, 9, 14], "R": [[0.6275750660530056, 0.177308394821951, 0.7580971373077654], [0.07618381627937246, -0.9830344843663, 0.16685091753956163], [0.7748196968364167, -0.04695674256532198, -0.6304359616344689]], "T": [0.0985518977749039, 0.02754833470580928, -0.09851104095735455], "aligned_model": [[-0.37187792104178485, -0.265064926903287, 0.2766516803510707, 0.41766103822590755, 0.6350361489793512, 0.20192768193518468, -0.3423780202089644, -0.6802854092205551, 0.6175370852865353, 0.036353572134722234, -0.34945625733999564, 0.05142579409555175], [0.4499174414807323, -0.5040258257941089, -0.6779175066679756, -0.43958834282758597, -0.13899914400343588, 0.31516725977981486, -0.3814981316945164, -0.0883214306771453, 0.14550812437366695, 0.7310011271675905, 0.3078116739647264, 0.05492412348555334], [-0.4887356266608468, -0.48443520704429155, 0.21160568547143407, -0.5054978102994531, 0.254851149556953, 0.4461676241142095, 0.45890760232703287, -0.22780773708233695, -0.6391073613892613, 0.07115844765464943, 0.2951014270264215, -0.1042997354610644]], "inverted": true, "swapped": false, "error_lsq": 0.044750564854360846, "error_max": 0.31175619982991404, "target": "653.xyz", "model": "18.xyz", "model_rescale": 3.9405287249114394, "target_rescale": 3.715128104685386},
{"mapping": [2, 11, 13, 9, 4, 12, 14, 10, 8, 1, 3, 15], "R": [[-0.8617427955391397, 0.3685482894951187, -0.34867106654640967], [-0.1333054051531149, -0.8275784071987806, -0.545292260072792], [-0.48951917561353264, -0.42342193878984546, 0.7622892091969398]], "T": [0.16537982260685147, 0.008711225147088164, -0.05936791055153678], "aligned_model": [[-0.38672764572209894, -0.23887332428247648, 0.1654522371379215, 0.345620230370081, 0.8149557829715841, 0.16912888554774794, -0.37574168913468853, -0.6115367935010272, 0.6211913277117228, 0.030146545293476296, -0.43924282015075444, 0.13315773005224865], [0.38260549551920325, -0.5202255888818843, -0.6275447083972425, -0.547441847330584, 0.10104302960980432, 0.09119814514571056, -0.3595131044988659, -0.0291528139457833, 0.21896516703815036, 0.6497846676715973, 0.39578144002474763, 0.018479486632463106], [-0.6167777247917844, -0.3350823314561603, 0.1562897513984501, -0.556577124403739, 0.26341830076637596, 0.48222318498604566, 0.35456120737026836, -0.17281800136499895, -0.6253195933560485, 0.019728397682776545, 0.3989297039887705, -0.08066731260650983]], "inverted": false, "swapped": false, "error_lsq": 0.0370868192260602, "error_max": 0.217795566530681, "target": "653.xyz", "model": "19.xyz", "model_rescale": 4.410303926677745, "target_rescale": 3.715128104685386},
{"mapping": [8, 12, 4, 11, 3, 0, 2, 7, 10, 5, 1, 13], "R": [[0.9288034711041876, -0.3436737489325, -0.138609041406012], [0.33611782603488616, 0.9387962720245439, -0.0754080012624696], [0.15604140183423937, 0.023450243655442453, 0.9874721094725187]], "T": [0.06979472894180239, -0.05841709231050278, -0.025392207893702487], "aligned_model": [[-0.28953242460313555, -0.35170383610212297, 0.12753428030612565, 0.4539338321875071, 0.6178463149830528, 0.16678987881273807, -0.2636845338049543, -0.6408266944627544, 0.5490125346135962, 0.24778893249741676, -0.44702439261920157, 0.05739657448546896], [0.3931797073559489, -0.4783974319307514, -0.7532896523270307, -0.6034819671499455, 0.2507175122299669, 0.04807828545978174, -0.3962491860472522, -0.06595892765990419, 0.2949818405679806, 0.7260875054110892, 0.36879601674088885, -0.01048433406345612], [-0.5333310906971279, -0.49082792986499885, 0.06900940521839159, -0.5178094659863981, 0.33521554440189677, 0.6763271433699081, 0.43641920980124327, -0.0679771615716954, -0.591601976420078, -0.2532985979372162, 0.31151556318905343, -0.08573218528953244]], "inverted": true, "swapped": false, "error_lsq": 0.04244040014079007, "error_max": 0.2582045750745114, "target": "653.xyz", "model": "20.xyz", "model_rescale": 4.121658175737393, "target_rescale": 3.715128104685386},
{"mapping": [2, 3, 7, 5, 8, 9, 11, 4, 1, 6, 10, 12], "R": [[-0.8648055795462564, -0.49255757457851457, 0.09745945470294182], [-0.4783786152111449, 0.8672308789218223, 0.13807426680287346], [-0.15252937452940385, 0.0727848773428568, -0.9856151132850258]], "T": [0.0765888268707782, -0.0038273315128779274, -0.07972420712237778], "aligned_model": [[-0.3651982990269076, -0.21547369436906946, 0.049447232103995764, 0.6482449558721339, 0.6765589052988173, 0.16461062490392445, -0.5010055829062734, -0.49487037841811365, 0.2550723295792995, 0.22794927824435204, -0.3141590821510526, 0.09635417716263013], [0.36759120877860096, -0.4823163124843421, -0.670434999891007, -0.342171434477873, 0.18649842718080123, -0.048261736629877774, -0.46378243930975216, 0.029337271946406732, 0.16887221127491317, 0.6283718954118784, 0.49909676739052067, -0.09882149060295355], [-0.5727597408599852, -0.49007586329534, 0.06763796573814286, -0.23017708396673237, 0.16009888024666336, 0.6364745236036352, 0.39922777350495386, -0.11801373173282524, -0.728333005378482, -0.0859381678430284, 0.3708936620353652, -0.12112675383892131]], "inverted": false, "swapped": false, "error_lsq": 0.05038051400117161, "error_max": 0.2965463250051416, "target": "653.xyz", "model": "21.xyz", "model_rescale": 4.08911054899281, "target_rescale": 3.715128104685386},
{"mapping": [11, 8, 7, 0, 13, 12, 10, 5, 2, 14, 9, 16], "R": [[-0.41355938884109544, 0.9104723702586932, -0.0029487110569016983], [-0.19410377544365054, -0.09133006932021487, -0.9767202991627061], [-0.8895461518436809, -0.40335949404158356, 0.21449653215522457]], "T": [0.0810000434496762, 0.012792353739467105, -0.17983094450754145], "aligned_model": [[-0.4661098138093532, -0.3576869576183316, 0.24459336731871736, 0.5167902276750878, 0.5943543325107215, 0.17460531099098076, -0.34874424449370817, -0.6085969610959876, 0.5298572857635788, 0.20022172871558117, -0.3730829952920766, 0.1213291856285262], [0.2445778950500064, -0.3112921784676206, -0.5124341270878162, -0.5815036546492776, -0.0703733259768917, 0.14840439398843397, -0.3335676477027253, -0.042839391836739384, 0.34370625924805775, 0.5690956022267513, 0.3320992340767931, -0.011893690281655822], [-0.6623651890828175, -0.607948859500764, 0.27091350219446764, -0.4185327834725179, 0.22794449571438147, 0.539764034951125, 0.4088030721750956, -0.04166389288538411, -0.6383906380444493, 0.11704524421751628, 0.2667105671784597, -0.17437109523166666]], "inverted": true, "swapped": false, "error_lsq": 0.03971845078775872, "error_max": 0.20321440512930833, "target": "653.xyz", "model": "22.xyz", "model_rescale": 4.204369325754507, "target_rescale": 3.715128104685386},
{"mapping": [2, 11, 13, 9, 4, 12, 14, 10, 8, 1, 3, 15], "R": [[-0.8617427955391397, 0.3685482894951187, -0.34867106654640967], [-0.1333054051531149, -0.8275784071987806, -0.545292260072792], [-0.48951917561353264, -0.42342193878984546, 0.7622892091969398]], "T": [0.16537982260685147, 0.008711225147088164, -0.05936791055153678], "aligned_model": [[-0.38672764572209894, -0.23887332428247648, 0.1654522371379215, 0.345620230370081, 0.8149557829715841, 0.16912888554774794, -0.37574168913468853, -0.6115367935010272, 0.6211913277117228, 0.030146545293476296, -0.43924282015075444, 0.13315773005224865], [0.38260549551920325, -0.5202255888818843, -0.6275447083972425, -0.547441847330584, 0.10104302960980432, 0.09119814514571056, -0.3595131044988659, -0.0291528139457833, 0.21896516703815036, 0.6497846676715973, 0.39578144002474763, 0.018479486632463106], [-0.6167777247917844, -0.3350823314561603, 0.1562897513984501, -0.556577124403739, 0.26341830076637596, 0.48222318498604566, 0.35456120737026836, -0.17281800136499895, -0.6253195933560485, 0.019728397682776545, 0.3989297039887705, -0.08066731260650983]], "inverted": false, "swapped": false, "error_lsq": 0.0370868192260602, "error_max": 0.217795566530681, "target": "653.xyz", "model": "23.xyz", "model_rescale": 4.410303926677745, "target_rescale": 3.715128104685386},
{"mapping": [15, 5, 0, 12, 7, 1, 3, 4, 13, 11, 10, 16], "R": [[0.22533929527033514, 0.878678210364674, -0.42088811415553534], [0.7992279865129996, 0.08034521668954442, 0.5956335045390639], [0.5571865285355037, -0.47060519417601454, -0.6841592823554399]], "T": [-0.00985385578698876, 0.11996575470494508, -0.165436731156518], "aligned_model": [[-0.3498902828026406, -0.24755375523719814, 0.223229865706715, 0.38144812290094005, 0.592962662473278, 0.2259065245452001, -0.3397947482062542, -0.605896198049032, 0.5875964264374303, 0.20727536753833609, -0.41480394969306855, -0.03294956931996915], [0.33463619970900416, -0.32951717200737835, -0.5536283884825446, -0.5082305667254672, 0.03938394790182967, 0.10188026456496041, -0.366244239935042, -0.20538234594543486, 0.14893517791263833, 0.6602972709916667, 0.39347879115002904, 0.0583704294530546], [-0.755017954720276, -0.5356608387230257, 0.08422047407562619, -0.4791690661172415, 0.10298404748629295, 0.659442234318027, 0.5157312607924754, -0.05244773777611014, -0.534761190972156, 0.08279348355594676, 0.2646678917152461, -0.06487414542135904]], "inverted": false, "swapped": false, "error_lsq": 0.03812527703446591, "error_max": 0.1902249395240147, "target": "653.xyz", "model": "24.xyz", "model_rescale": 4.28219845311461, "target_rescale": 3.715128104685386},
{"mapping": [4, 1, 8, 5, 11, 14, 6, 0, 9, 13, 2, 15], "R": [[-0.02307910431912942, -0.4601146745886734, 0.8875594859906495], [0.9634376675890849, 0.22681225572383823, 0.14263260960933238], [-0.26693672586276085, 0.8584000739058817, 0.4380571851985148]], "T": [0.10389931471464899, 0.08781103299166967, -0.13105823880189615], "aligned_model": [[-0.46514160471941557, -0.1218554049660834, 0.09487110691633656, 0.5401583163687165, 0.5864552623918144, 0.2075068314103124, -0.37539925756876164, -0.6871683386771007, 0.6381835688366104, 0.13322480479625276, -0.3541690550323348, 0.030864236537389345], [0.3270792166832241, -0.39001610868377723, -0.5925466799687593, -0.5871527390270244, -0.028280013774348994, 0.18484852417355313, -0.38251501156418155, -0.10115637395182128, 0.2115393728845616, 0.6730198995031461, 0.38312342056224546, 0.07603586175049762], [-0.5229660612656624, -0.4924353660067283, 0.006702172086097968, -0.4128075437739476, 0.0928607141046349, 0.6172691178301546, 0.46999369354717546, -0.06736005275135132, -0.5261598935485673, -0.033144730413976795, 0.2833618219729484, -0.12740541356733123]], "inverted": false, "swapped": false, "error_lsq": 0.03495823678480673, "error_max": 0.18112017118415047, "target": "653.xyz", "model": "25.xyz", "model_rescale": 4.100010024507729, "target_rescale": 3.715128104685386},
{"mapping": [5, 7, 8, 3, 1, 0, 10, 9, 2, 6, 4, 11], "R": [[0.17921625222520965, -0.887803613715557, 0.42389418303622506], [-0.3951403553294036, 0.32963260597706234, 0.8574418024956121], [-0.9009692750191336, -0.3211652044514931, -0.2917315151318554]], "T": [0.0854435322958195, -0.010122652865251311, -0.061335902973133793], "aligned_model": [[-0.39249286658472193, -0.20695120805927267, 0.17449734441683498, 0.46469551389395003, 0.7240068845406049, 0.2267090580038516, -0.24981437797712894, -0.6835853960649347, 0.5917738045129596, 0.15512227977152582, -0.5381531455456879, -0.038277424614244424], [0.40176938688548997, -0.3277869189342345, -0.599256777663473, -0.5707661410732955, -0.10773648040624789, 0.1477912342677336, -0.28452968512853966, -0.306367750267474, 0.2186084008389288, 0.634555784265992, 0.557457882358391, 0.010240433444045023], [-0.4688992925662178, -0.5830168174897419, 0.0864755664727877, -0.5084583023623319, 0.22476711973180113, 0.6659513383771023, 0.4154295286369641, -0.04932541803854196, -0.550282778300679, -0.06542527837909123, 0.17279888652327025, -0.052106094391875565]], "inverted": false, "swapped": false, "error_lsq": 0.04682558050746841, "error_max": 0.31131173140244334, "target": "653.xyz", "model": "26.xyz", "model_rescale": 3.6694154284099745, "target_rescale": 3.715128104685386},
{"mapping": [11, 9, 7, 8, 5, 1, 3, 12, 4, 2, 6, 13], "R": [[0.739425738550957, -0.4679368004822968, 0.48402967669634006], [0.595059609700832, 0.7905309571802802, -0.14479249511740527], [-0.314886706723332, 0.3950898081373672, 0.8629892267200749]], "T": [0.10509105041321974, -0.028304513121438876, -0.1305339480407478], "aligned_model": [[-0.5117735004501058, -0.2888172306368449, 0.1537371842426125, 0.4861002761340455, 0.7459351205353058, 0.267142831215713, -0.4257184782373279, -0.6722287025113179, 0.6873610435351555, -0.051369737150497904, -0.25679273027340127, 0.09395438989040004], [0.2865578583922791, -0.49425413253166434, -0.5604912120423834, -0.4099284978490469, -0.14548300233784922, 0.16336050178491457, -0.46105501091017076, 0.12714903147971546, 0.3231662999728421, 0.6252183954558049, 0.2925401866508314, 0.027198950522042818], [-0.6370073255623477, -0.4348212362438574, 0.2019407064421534, -0.47339295204427206, 0.3184277197834316, 0.7160181153879802, 0.2981844575484348, -0.09391413725857323, -0.5920103751110288, -0.23328352771367655, 0.35658948570925253, -0.13882247272405093]], "inverted": true, "swapped": false, "error_lsq": 0.048007455424609914, "error_max": 0.2553845166959404, "target": "653.xyz", "model": "27.xyz", "model_rescale": 4.103607728864725, "target_rescale": 3.715128104685386},
{"mapping": [8, 13, 3, 2, 0, 9, 10, 11, 1, 5, 6, 14], "R": [[0.27397230059995453, -0.2200696570155205, 0.9362203397518342], [0.24481562519688949, -0.9254412200234354, -0.2891779001600781], [0.9300561747353892, 0.30842810238791, -0.19966876945072953]], "T": [-0.09546915793559534, -0.1121771894321899, -0.04737977644136605], "aligned_model": [[-0.29700375894376635, -0.4544698135627202, 0.45538686673761836, 0.3988409031938488, 0.6021740565701976, 0.13193424536945347, -0.25939245366500585, -0.7471889908278488, 0.5835928990525011, 0.150012408021643, -0.38101976237880314, 0.044663866726619025], [0.23759710168592885, -0.4161432904352211, -0.577813694396287, -0.4809955235587222, 0.002071978220327092, 0.17423458774143474, -0.31859185794315004, 0.08599006889530819, 0.27032696701711645, 0.5510810649235242, 0.33352449938125156, -0.08730253294419468], [-0.7610475749834572, -0.4930205192533432, 0.1606373812472563, -0.4485671467690175, 0.05228372704099393, 0.6849998465100913, 0.3888511418192165, -0.13711399845918631, -0.48945004815500326, 0.13961674541415392, 0.30058303729428953, -0.10986413349254737]], "inverted": true, "swapped": false, "error_lsq": 0.05011898374965456, "error_max": 0.26473479408068695, "target": "653.xyz", "model": "28.xyz", "model_rescale": 4.137296879288765, "target_rescale": 3.715128104685386},
{"mapping": [0, 7, 6, 2, 4, 10, 9, 1, 3, 8, 11], "R": [[-0.23988052326617232, 0.9703610247421808, 0.02927142324610124], [0.9341924375888804, 0.2225272528544538, 0.27886575854485274], [0.2640867738249939, 0.09423960631472846, -0.9598838849008516]], "T": [0.052186120177934, 0.027155383560100617, -0.13512063643340755], "aligned_model": [[0.5019475924285084, 0.1526703417891204, -0.21280723518369876, -0.6160517376673568, -0.0703589784888125, 0.5466684368296733, 0.642444938613927, -0.3014370097239876, -0.5789202253663598, 0.1263431661470803, 0.03091972133180442], [-0.47020209923746237, -0.6719774458801971, -0.26720445343707105, 0.11078311226673818, 0.7380775495524328, -0.10105936836106874, 0.2804983144971537, -0.44338178754748103, 0.25881754429812315, 0.38841567575120506, 0.09638077474557916], [0.4053551602599069, -0.183138833105362, -0.6846385676742762, -0.2827267166286623, -0.14884534171270555, -0.5434689371637651, 0.019729376894097317, 0.26209549126363096, 0.3458057854255252, 0.6399261208760288, -0.024339516651419632]], "inverted": false, "swapped": true, "error_lsq": 0.03494717865218306, "error_max": 0.17626804783376201, "target": "653.xyz", "model": "29.xyz", "model_rescale": 3.607286011436655, "target_rescale": 3.715128104685386},
