[{"mapping": [1, 6, 9, 7, 3, 5, 0, 10, 4, 8, 2, 11], "R": [[-0.6084814324358164, -0.5087906206341053, -0.6090011910789823], [-0.568065275507776, 0.8151303716901944, -0.11342098531788655], [0.5541229007568012, 0.2769378657803365, -0.7850179802742744]], "T": [-0.0908130724539206, 0.0854560439795079, 0.14233659288180484], "aligned_model": [[0.14380941018380283, -0.553025207228764, -0.6466898592495355, -0.03018569628305222, -0.3346616427202317, 0.5671020134025495, 0.5068265161154523, -0.054637344579638966, 0.18645248907962425, -0.5376591254472417, 0.15498622374503712, -0.022549608454254674], [-0.5813091095436171, -0.40543158532343815, 0.2558449102670602, -0.29715231655185853, 0.7115391255591396, -0.020483357947101224, 0.024447711674212613, 0.49608389681111736, 0.5648693390954185, -0.13131055524958535, -0.36626201079230003, 0.07475297750151483], [0.09482785466293098, -0.12326417014264912, -0.034652267148961746, -0.7216879863844037, 0.2926375061383564, -0.35224496303371333, 0.2903105756134284, -0.39788320419761797, 0.73024404103766, 0.5378670431307759, 0.7622428362506664, 0.13473397893419983]], "inverted": false, "swapped": false, "error_lsq": 0.058436820835668625, "error_max": 0.36437087238998617, "target": "654.xyz", "model": "0.xyz", "model_rescale": 3.751011558992144, "target_rescale": 3.977390509428492},
{"mapping": [1, 4, 5, 2, 9, 3, 7, 13, 11, 10, 6, 14], "R": [[0.7664145082382859, 0.2604392827175498, -0.5871798545415492], [0.1383599673948353, 0.8257263300128147, 0.5468386849392319], [0.6272681412158334, -0.5003472873326451, 0.5968142684910415]], "T": [-0.05437210544639032, -0.0327584038922213, 0.0528493367367165], "aligned_model": [[0.1687297834400222, -0.5726823701334756, -0.4962457256163522, -0.06742934516117999, -0.3094125818505968, 0.5306130511406542, 0.5516266503819376, -0.002815648766320407, 0.0983200120586612, -0.6696637515558872, 0.18563288279621304, -0.03690478816992872], [-0.6835703576081718, -0.5632762128236694, 0.2549697292642939, -0.007792546786162383, 0.5651901865639188, 0.17971647271094865, -0.1781303007394751, 0.5538224178555475, 0.3537826356449253, 0.11650128836974404, -0.28122955117670617, 0.015605264225369862], [0.16400192335339686, 0.3275842887111375, -0.2818837990353179, -0.7735551141576978, 0.16055941008793373, -0.38992903095763454, 0.27936543625018223, -0.3723177711548595, 0.7340263555299532, 0.5739937338308329, 0.7194717484931323, 0.07181406390961334]], "inverted": false, "swapped": false, "error_lsq": 0.04681392314334981, "error_max": 0.2756967596029267, "target": "654.xyz", "model": "1.xyz", "model_rescale": 3.9405287249114394, "target_rescale": 3.977390509428492},
{"mapping": [2, 5, 6, 1, 3, 4, 8, 7, 10, 11, 9, 12], "R": [[0.3937433985544552, -0.6276587427642032, -0.6715732564109796], [0.7641847867704853, -0.18252615193646318, 0.6186322134578953], [-0.5108695995685545, -0.7567884159333619, 0.4077787951153637]], "T": [-0.1142156331058634, 0.016123966254579722, 0.013762959569662878], "aligned_model": [[-0.035359191389282604, -0.42691760278379626, -0.5845183489918344, -0.02848517550123618, 0.05020007072809597, 0.5123113984818647, 0.5365967663594056, -0.14660837738180382, 0.08266477706093019, -0.5996214106138658, 0.08932532607983591, -0.06982006348456612], [-0.6448203557391036, -0.588453509866753, 0.2765949762413619, -0.21791378363725877, 0.553201357757594, 0.1705667415125366, 0.01736914812082642, 0.6588825767522978, 0.3761555030992111, -0.011795918143113274, -0.20838272998066398, -0.05581498061637252], [-0.13150882828235072, 0.2682817877593458, -0.06577257824940834, -0.7379703392955214, 0.12013509143695573, -0.2606583037160026, 0.4346328210876167, -0.44961801965311127, 0.7507178536318561, 0.5345469841463137, 0.7611242700275703, -0.010779494032591597]], "inverted": false, "swapped": false, "error_lsq": 0.05976753526443213, "error_max": 0.30165230980557045, "target": "654.xyz", "model": "2.xyz", "model_rescale": 3.932901565614263, "target_rescale": 3.977390509428492},
{"mapping": [0, 2, 5, 7, 12, 8, 3, 9, 10, 6, 1, 13], "R": [[-0.054709264604695385, 0.9914634120511019, 0.11835201278559121], [0.3425139828258708, -0.09270328636834857, 0.9349279503070103], [0.9379184761668642, 0.09168643989432296, -0.33451835346409947]], "T": [0.06087185355117328, -0.016637092380675195, 0.09131583336146545], "aligned_model": [[0.06764231267832091, -0.489510341454358, -0.5340774323807221, -0.008006933151059006, -0.3304294994531557, 0.6389814161635344, 0.5027036994463404, -0.0021266543265066468, -0.02627137110292227, -0.5403506147828162, 0.1175637615843982, -0.0163501746573069], [-0.686125678974207, -0.5428483077036109, 0.26731918550829, -0.09817169979564623, 0.6293877120325823, 0.26773123153816136, -0.25995422870618234, 0.5368177137827987, 0.4046685988034347, 0.10968378277783596, -0.36964598718490255, 0.06672670342200897], [0.11757459279922086, 0.429518508495108, -0.19539633078794696, -0.6146235180585112, 0.20385477497426593, -0.2604095076358035, 0.012152273534718705, -0.38775817441664673, 0.6640749566183523, 0.3900914025623816, 0.7401142370777537, 0.11393802969777973]], "inverted": false, "swapped": false, "error_lsq": 0.0576605999232366, "error_max": 0.381383458049756, "target": "654.xyz", "model": "3.xyz", "model_rescale": 3.9243930471874484, "target_rescale": 3.977390509428492},
{"mapping": [10, 11, 9, 8, 1, 4, 3, 7, 0, 5, 6, 12], "R": [[-0.9198348511460105, 0.3905483944922997, -0.037091753486242274], [-0.05553253030526038, -0.03602717963450547, 0.9978066848871472], [0.3883554875305517, 0.9198771623902131, 0.05482719596913027]], "T": [-0.04373350526291944, -0.018452546045964965, 0.0478518763008505], "aligned_model": [[0.1827481172342319, -0.5848201444885877, -0.670501590431921, -0.08930592501566617, -0.3694220446439491, 0.4564204145368348, 0.5244366234124894, 0.17606944259146595, 0.16130894715247987, -0.3349040155666988, 0.0016437126695421841, -0.07390536888647421], [-0.6454634291121587, -0.5788966137170185, -0.061361004334036975, -0.06276952043976552, 0.6139324551757739, 0.10088806982904108, -0.08520172348800757, 0.6431541251991907, 0.5737821992985186, 0.18848699205521702, -0.4029203307967035, 0.04195780583051287], [-0.18169364577815303, 0.18663868133401354, -0.27309675416483414, -0.5784831213279633, 0.11247761055677853, -0.2487474213240626, 0.4023665058388346, -0.3482314931942643, 0.6227761778178638, 0.71569831169958, 0.6574763060264648, 0.1459500873764143]], "inverted": true, "swapped": false, "error_lsq": 0.04523084085926835, "error_max": 0.2701653372451441, "target": "654.xyz", "model": "4.xyz", "model_rescale": 3.8936222436046832, "target_rescale": 3.977390509428492},
{"mapping": [1, 2, 4, 5, 10, 6, 9, 7, 8, 3, 0, 11], "R": [[-0.2622362175813109, 0.7033968290353771, -0.6606550288097592], [-0.5434110858376158, -0.673386340522223, -0.5012536565321716], [-0.797456304744925, 0.2275604036317943, 0.5588199215503183]], "T": [-0.028881401850321422, 0.10565065997708555, 0.14171065575032268], "aligned_model": [[0.11213577728165766, -0.6490358930797924, -0.6249146272337263, 0.01158792625884195, -0.5445117396753115, 0.5928698161890266, 0.5008917972513056, 0.05865611648397798, 0.1699649076446317, -0.1796841461781781, -0.012995381646333817, -0.05519638473235229], [-0.6552671195705617, -0.286719466243948, -0.03354302496146848, -0.06334272375963275, 0.46903382372687247, 0.09296601289772048, -0.012400793995856668, 0.627141098596801, 0.6518067997597599, 0.07747379114779541, -0.575918901503475, 0.0343595294065564], [-0.0685916388614711, 0.27813849741516977, -0.3642479504805948, -0.6501064486257259, 0.18102261961307906, -0.35615795212004153, 0.43741347201990044, -0.2326320117351566, 0.5978207767833349, 0.695557772459756, 0.7055624768897917, -0.010648368497369526]], "inverted": true, "swapped": false, "error_lsq": 0.05771345758435006, "error_max": 0.33380533262256035, "target": "654.xyz", "model": "5.xyz", "model_rescale": 3.6523030999806103, "target_rescale": 3.977390509428492},
{"mapping": [6, 8, 5, 1, 7, 2, 4, 3, 11, 9, 10, 12], "R": [[0.6195955577931663, 0.7339539344135753, 0.2782318582078777], [0.7731005647230562, -0.6319244937989861, -0.05465300505724286], [0.13570873806747596, 0.2489639658579707, -0.958957810394391]], "T": [-0.08972752685610874, -0.005411382932115055, 0.06294415012168036], "aligned_model": [[0.019815627637953193, -0.6154154809675754, -0.6678295629901106, 0.024838153796727852, -0.3648999753458079, 0.5907800478998668, 0.43219907535987956, 0.11270455330892243, 0.0877868328573653, -0.40897441300531845, 0.2985938060694542, -0.12983049605761005], [-0.6446588234916936, -0.42551049134966273, 0.11694066195928943, -0.15857704994074895, 0.6050968624248572, -0.13465276343313803, 0.17535068407386672, 0.5884595476781936, 0.5769897158578347, -0.0750289841358477, -0.3787054527311422, 0.07988511858875459], [0.01836311027705826, 0.09247407859048758, -0.2757762993869924, -0.6047308076682574, 0.19850913690115346, -0.24756791160064318, 0.2180225140475223, -0.23534978820775343, 0.6984491582567487, 0.7078454530102025, 0.6273297643206839, 0.015562836320462264]], "inverted": false, "swapped": false, "error_lsq": 0.053398728913495314, "error_max": 0.3168744566290552, "target": "654.xyz", "model": "6.xyz", "model_rescale": 4.08911054899281, "target_rescale": 3.977390509428492},
{"mapping": [5, 12, 11, 8, 1, 3, 6, 9, 2, 13, 7, 14], "R": [[0.2511176303841326, 0.11924929664393821, 0.9605829172748098], [-0.19629307869584908, 0.9780362603908306, -0.0701006463367099], [-0.9478443769767079, -0.17095226997804183, 0.26900995970965713]], "T": [-0.03997473492114438, -0.037936707910224576, 0.04217842451615221], "aligned_model": [[0.056563112752157765, -0.6043030028283803, -0.5827712491286356, 0.054494588330255445, -0.20994303046897433, 0.632618824417172, 0.4128557573654449, -0.07986296084884643, 0.1630242348919766, -0.5286050965466556, 0.1582324223831798, -0.09253543175494683], [-0.791799888355371, -0.43709918486743826, 0.08501414127345214, -0.0819708204790949, 0.6543976419281634, 0.21584484432197182, 0.026654873218704467, 0.5608184828076974, 0.3372186563146829, 0.04171684547257834, -0.3780775543696051, 0.09287098823482196], [0.09576926999430224, 0.21597382445929714, -0.14433188567169258, -0.6318286356691832, 0.21460227842800794, -0.28897752658393755, 0.24196691106186274, -0.4622603318542082, 0.7264221049687691, 0.5814280916304105, 0.7087420688147936, -0.04437492471774976]], "inverted": true, "swapped": false, "error_lsq": 0.04529898389089234, "error_max": 0.2450922819941128, "target": "654.xyz", "model": "7.xyz", "model_rescale": 3.964800864290218, "target_rescale": 3.977390509428492},
{"mapping": [12, 11, 6, 2, 3, 1, 8, 0, 5, 10, 9, 13], "R": [[-0.6227521034506804, 0.7792569703380208, 0.0702736922849676], [0.6986738393576595, 0.5134207099089219, 0.49825098176907423], [0.352185581540444, 0.3593852373376346, -0.8641802863632053]], "T": [-0.05587816584182814, 0.013256151716565814, -0.014424362638415691], "aligned_model": [[0.09222798822294878, -0.6617751387519935, -0.6167523310470507, 0.050536472505967434, -0.36861386261713514, 0.6041438257615068, 0.4899740941669515, -0.09052220873909167, 0.1994786740575858, -0.27800006088112805, -0.02101587968473164, -0.019913404430082167], [-0.7274063174315828, -0.5039032451132222, 0.09208216115527372, -0.06762926058030559, 0.6654122873929849, 0.30149929307975565, -0.13635332206038803, 0.5549278132503165, 0.4782239184142334, 0.09950569542114852, -0.4345907183158081, 0.003820720288157258], [-0.0018302683050387542, 0.21485350585880458, -0.1397736913955015, -0.6630708014453863, 0.038974648255704444, -0.22515346179048423, 0.5058831397164624, -0.48191871972280004, 0.6318484769712565, 0.7719323585525036, 0.5071832761042708, 0.05420278206088079]], "inverted": true, "swapped": false, "error_lsq": 0.050855095875024375, "error_max": 0.2704580060910031, "target": "654.xyz", "model": "8.xyz", "model_rescale": 4.121658175737393, "target_rescale": 3.977390509428492},
{"mapping": [11, 8, 6, 9, 1, 5, 10, 4, 0, 2, 3, 12], "R": [[0.6311594136090227, -0.6109934089552149, -0.477833494876615], [0.7621619388127556, 0.3741279481663614, 0.5283346074468432], [-0.14403809786961255, -0.6976498639103385, 0.7018102975505489]], "T": [-0.03555919405288546, -0.07789489925005555, 0.0472180533336993], "aligned_model": [[0.09857018052388497, -0.6107147156536908, -0.6286260975892839, -0.12935095399460808, -0.37562476828163094, 0.5111564931524313, 0.6429895505636266, 0.01708084165295841, 0.25868518071056934, -0.4360756710424729, 0.10924728977744169, -0.07756916125547855], [-0.672306189444724, -0.524395100139165, 0.007728286011722901, 0.0989526902219747, 0.49908747396589803, 0.09917675741591339, -0.2041021554464078, 0.7410066957835023, 0.5519848013125179, 0.014670362061353248, -0.2838788790636305, -0.0023357171783921077], [0.22530961270207064, 0.06689124080776895, -0.30080833671359053, -0.7609390185897688, 0.20963252909275942, -0.17964201817507014, 0.3636420730574057, -0.29154015248736553, 0.4153159395834637, 0.607007902220838, 0.7950720991012407, 0.06318937426092033]], "inverted": true, "swapped": false, "error_lsq": 0.04978689965887998, "error_max": 0.2920191879008221, "target": "654.xyz", "model": "9.xyz", "model_rescale": 3.833441315466971, "target_rescale": 3.977390509428492},
{"mapping": [5, 0, 12, 6, 11, 3, 2, 7, 8, 10, 13, 14], "R": [[0.83134711916185, -0.4693878160509103, -0.29755175281663143], [-0.5240447778055275, -0.8403537783836759, -0.1385012563518306], [-0.18503793750484873, 0.2710730626588281, -0.9446059265030655]], "T": [-0.09333142405758843, 0.002827086344892288, -0.0007866986091245726], "aligned_model": [[0.17655994483564896, -0.4448253958831777, -0.6466451505622507, -0.239271651252675, -0.3642161025083641, 0.7102973882192813, 0.5242506942625151, 0.13004980942651645, 0.01487286071857738, -0.5796298438559048, 0.10564850453192373, -0.007322889368343868], [-0.6167852676065697, -0.47902791002390055, 0.08159360238077099, -0.1221225061360382, 0.6265811093580503, 0.18178721611629953, -0.16204676469560525, 0.5969688934876161, 0.4722477886690388, 0.2016875904890731, -0.4975772313810558, 0.042282504842883886], [0.025182153785106538, 0.32798482076013125, -0.22586404825556555, -0.6521841329531749, 0.05296728542081734, -0.2773293784585479, 0.32793688634024315, -0.20329673370396717, 0.6119900954703539, 0.6314494046885697, 0.5871665718421892, 0.007128319924516534]], "inverted": true, "swapped": false, "error_lsq": 0.04762906996536977, "error_max": 0.2738894562607606, "target": "654.xyz", "model": "10.xyz", "model_rescale": 4.2482417240324, "target_rescale": 3.977390509428492},
{"mapping": [2, 1, 0, 6, 10, 5, 7, 4, 9, 8, 3, 11], "R": [[-0.6453468163614587, -0.7399382539965424, -0.18978637170428816], [0.5569917617337641, -0.6258272400689927, 0.5459857534298357], [-0.5227692263062619, 0.24664072222602632, 0.8160151286385423]], "T": [-0.07925653543698047, -0.033111125277095754, 0.09058665443163925], "aligned_model": [[0.1496613046947336, -0.6384990139431819, -0.7563821813480753, -0.010033086113074366, -0.3832809919897335, 0.5598333180149073, 0.4634958637691408, 0.08943269216084862, 0.21969872506816768, -0.33888095196914536, 0.05194989119654797, -0.02722740097738849], [-0.7166899742904111, -0.46371746482627724, 0.16964767036551784, -0.12371592963525199, 0.49505099216318643, 0.1860262736333385, -0.0005613775774405139, 0.6039637908468085, 0.6668203517084699, -0.019472674143012236, -0.5517726800559737, 0.08001004731160877], [-0.07696592249793106, 0.1217729387966886, -0.18186371971545523, -0.5477557471318925, 0.29943174068768025, -0.23763450566493938, 0.4942159320813655, -0.48519027804344184, 0.40686593272854227, 0.6467044332751234, 0.7003789892934044, 0.07317145105152834]], "inverted": true, "swapped": false, "error_lsq": 0.05273987424530943, "error_max": 0.2992081781211191, "target": "654.xyz", "model": "11.xyz", "model_rescale": 3.6694154284099745, "target_rescale": 3.977390509428492},
{"mapping": [4, 8, 2, 1, 10, 0, 6, 12, 7, 9, 11, 13], "R": [[0.018909612209971727, 0.945970344875152, 0.3237013024114287], [0.9790271376089412, 0.04816739529327613, -0.19795394882624834], [-0.20285041383076385, 0.32065559194788423, -0.9252198122399024]], "T": [0.017362561244426186, 0.07243376426094617, 0.11097731049978231], "aligned_model": [[0.22919990531171625, -0.6161361702831214, -0.5112287345530324, -0.08796812813834277, -0.4258269388846128, 0.5835711964570953, 0.5061601197655162, -0.023385909334554256, 0.07049810876554892, -0.4417313002353836, 0.010225946566889452, 0.08639007312602821], [-0.6029880346196265, -0.3193358485321151, 0.059051677946779624, -0.13752261436873528, 0.5150201135923977, -0.003936338485343041, -0.051141057703328205, 0.6157561993929666, 0.5778639346830007, 0.0817403796943866, -0.4450098192702513, 0.036090433170431035], [-0.10491382643209858, 0.2443706347557329, -0.27207064363306666, -0.7022245457747976, 0.21694512480805822, -0.31833988370816707, 0.3672214199227888, -0.2951123272579108, 0.6530864091933088, 0.7696369192134337, 0.6375035258968996, 0.01702843787649115]], "inverted": true, "swapped": false, "error_lsq": 0.044823766668019176, "error_max": 0.24059334781931083, "target": "654.xyz", "model": "12.xyz", "model_rescale": 3.9764082729961374, "target_rescale": 3.977390509428492},
{"mapping": [5, 0, 1, 12, 8, 13, 6, 10, 3, 7, 4, 15], "R": [[-0.637437136329353, -0.39057015537396056, -0.6641753164333903], [0.711437468170398, 0.032640522074529665, -0.7019909723080462], [0.295855752202873, -0.9199943206617431, 0.25705996156268623]], "T": [-0.025113744920139184, 0.027111128895982526, 0.05620091971790618], "aligned_model": [[0.08529026798421668, -0.5488762254157908, -0.48128784654175005, 0.035001039349178226, -0.33972581074806707, 0.5000097876369534, 0.6594383840616042, -0.15895527615102745, 0.03475404578307659, -0.4318384012823391, 0.02379709035806604, 0.0021611135296265398], [-0.8029737249214438, -0.4100270925439463, 0.17838525799078245, -0.03633795416416122, 0.6538040926111909, 0.13535223868271415, -0.24829230481418904, 0.61814568416136, 0.6047554584119444, 0.014834366474070246, -0.4153666850881562, 0.03330968870039765], [0.01627604987172153, 0.3045775951196815, -0.3589423147654725, -0.5759177095909825, 0.14524031500943418, -0.238773119637756, 0.25419116469588793, -0.4719198031838693, 0.6654515442789173, 0.6929567865416648, 0.6198362948527836, 0.16015444166866183]], "inverted": true, "swapped": false, "error_lsq": 0.04524123148715762, "error_max": 0.24343373179065025, "target": "654.xyz", "model": "13.xyz", "model_rescale": 4.170626492500431, "target_rescale": 3.977390509428492},
{"mapping": [3, 2, 0, 1, 8, 9, 11, 7, 12, 4, 6, 13], "R": [[-0.4328307214479117, -0.06907812001836705, 0.898824665830666], [0.882194283045995, 0.17265333144555428, 0.4380913992555828], [-0.18544760319789302, 0.9825573980564595, -0.0137893434461962]], "T": [-0.07013752259944517, 0.03039361186525058, 0.13142938239286217], "aligned_model": [[0.14070343687670844, -0.5669646018799015, -0.5106581977636895, 0.007556360606236601, -0.33913241373453334, 0.606257993840409, 0.5837606172867927, -0.21984449213684382, 0.11997158412020503, -0.5533563887747419, 0.11071544589163801, 0.0007588242314679194], [-0.6021530762370134, -0.39534134265527254, 0.02138204314280781, -0.09127122503824024, 0.716873815295951, 0.07594132202203502, -0.1609370867528058, 0.590851012999822, 0.5173908730151815, 0.2170418598623161, -0.5606819467690529, -0.0035072233851653617], [-0.04436703852609597, 0.20103375746658503, -0.27071329491194895, -0.6235380327112701, 0.2205527331259317, -0.31210297257508707, 0.3197626974244571, -0.43505550502622714, 0.6436776780082752, 0.615913736613829, 0.7018775875817264, 0.1960898983904974]], "inverted": false, "swapped": false, "error_lsq": 0.046814188878036206, "error_max": 0.2789101290285865, "target": "654.xyz", "model": "14.xyz", "model_rescale": 3.9786697098870705, "target_rescale": 3.977390509428492},
{"mapping": [4, 5, 8, 2, 9, 0, 1, 3, 6, 7, 10, 11], "R": [[-0.6743368993643083, -0.3442451450909021, -0.6532725512656069], [0.07065162653497652, -0.9107048285480612, 0.4069705922142397], [-0.7350361173600203, 0.22828051896863766, 0.6384433497466446]], "T": [-0.04261424378375558, 0.03693225029254355, 0.1485130467841589], "aligned_model": [[0.10443814941546642, -0.6436370550500421, -0.4901640146443451, -0.12696277103515505, -0.06883769890272906, 0.48120918000575297, 0.5337469045549967, -0.16667570147665378, 0.1238203239899163, -0.45708979681815076, 0.10639733153153338, -0.016476683006842796], [-0.5337085341870262, -0.4693517267453614, 0.08574521726065301, -0.22811032518568125, 0.6543791867338122, 0.1686795758332744, -0.034092900162038135, 0.5956992036778329, 0.529975475030288, -0.012432196885772122, -0.5513344741191142, 0.12014052424969568], [-0.017798164004741962, -0.016131123055527774, -0.11520009828145727, -0.6739741418099388, 0.07444632598365583, -0.28973032051424646, 0.4998467146568536, -0.5708877308233531, 0.7456425168273928, 0.6610061420374589, 0.7177746736912621, 0.19813645015331446]], "inverted": false, "swapped": false, "error_lsq": 0.047774070716435656, "error_max": 0.2821248078498966, "target": "654.xyz", "model": "15.xyz", "model_rescale": 3.769337070930944, "target_rescale": 3.977390509428492},
{"mapping": [2, 3, 9, 1, 4, 7, 8, 5, 10, 0, 11], "R": [[0.5657799318994238, 0.7600655697962158, 0.3196770218051925], [-0.37410224578665274, -0.10887832603172964, 0.9209739517586323], [0.7348064904158553, -0.6406604714908534, 0.2227410647183209]], "T": [-0.003931188118254899, -0.05107780623131122, 0.058879994164379404], "aligned_model": [[-0.3619854206008042, -0.3695954905652142, -0.08788762760834283, -0.6584016271502938, 0.3571654736624418, 0.4055366154412245, 0.6721957271142434, 0.32832607014127907, -0.011956049822887912, -0.48504206628948254, 0.1342705263690077], [-0.08419702212924302, -0.6756615878307601, 0.7218690388497068, 0.4261510744752075, 0.08722417892329618, -0.49862394616543804, 0.4546423938247707, -0.5735918089574227, 0.6250765441194589, 0.03270980276549535, 0.08046582975027047], [-0.45095203563364494, -0.13494847108836944, -0.10531005928564045, 0.016406293025229945, -0.48426445912360216, -0.43617825397580257, -0.09160886862770769, 0.3263931958837815, 0.5757952178939053, 0.5307621372391708, -0.0018770890835431361]], "inverted": false, "swapped": true, "error_lsq": 0.04286306420419535, "error_max": 0.20346617037313244, "target": "654.xyz", "model": "16.xyz", "model_rescale": 3.7852294659196426, "target_rescale": 3.977390509428492},
{"mapping": [11, 6, 10, 9, 4, 8, 2, 0, 1, 5, 7, 12], "R": [[-0.6701223710917321, 0.7205872186019542, -0.17801704454881445], [0.44567078525990267, 0.5824089077643655, 0.6798363150954359], [0.5935600718783371, 0.3762365273923021, -0.7114299097785846]], "T": [0.05356563246085043, 0.11708538229888021, 0.1206008124678335], "aligned_model": [[0.2194332875542701, -0.5923074196938852, -0.6283405609341965, -0.011592110271546233, -0.4323782604755074, 0.49160738766337986, 0.5407786957835866, 0.01560873669758285, 0.1763628928220295, -0.39850193163991265, -0.01790922097266852, 0.017006672030615184], [-0.5777061309918889, -0.4630413255595107, -0.08565163387548727, -0.04611398883610768, 0.6274531926121973, -0.00374323339260281, -0.07899758572266044, 0.6411983489635156, 0.41341828710591316, 0.21648506384160152, -0.3861300988104692, 0.06841813016606282], [-0.04578653226188695, 0.30416071885181506, -0.2577597575726122, -0.7257928425975886, 0.19250294180655197, -0.3460101363767437, 0.43406838911621337, -0.31484382003638384, 0.7299954273303906, 0.5874665655035332, 0.6033973846128358, 0.0517329064845478]], "inverted": true, "swapped": false, "error_lsq": 0.04867507676558777, "error_max": 0.27275601294447643, "target": "654.xyz", "model": "17.xyz", "model_rescale": 3.901054581598922, "target_rescale": 3.977390509428492},
{"mapping": [1, 4, 5, 2, 9, 3, 7, 13, 11, 10, 6, 14], "R": [[0.7664145082382859, 0.2604392827175498, -0.5871798545415492], [0.1383599673948353, 0.8257263300128147, 0.5468386849392319], [0.6272681412158334, -0.5003472873326451, 0.5968142684910415]], "T": [-0.05437210544639032, -0.0327584038922213, 0.0528493367367165], "aligned_model": [[0.1687297834400222, -0.5726823701334756, -0.4962457256163522, -0.06742934516117999, -0.3094125818505968, 0.5306130511406542, 0.5516266503819376, -0.002815648766320407, 0.0983200120586612, -0.6696637515558872, 0.18563288279621304, -0.03690478816992872], [-0.6835703576081718, -0.5632762128236694, 0.2549697292642939, -0.007792546786162383, 0.5651901865639188, 0.17971647271094865, -0.1781303007394751, 0.5538224178555475, 0.3537826356449253, 0.11650128836974404, -0.28122955117670617, 0.015605264225369862], [0.16400192335339686, 0.3275842887111375, -0.2818837990353179, -0.7735551141576978, 0.16055941008793373, -0.38992903095763454, 0.27936543625018223, -0.3723177711548595, 0.7340263555299532, 0.5739937338308329, 0.7194717484931323, 0.07181406390961334]], "inverted": false, "swapped": false, "error_lsq": 0.04681392314334981, "error_max": 0.2756967596029267, "target": "654.xyz", "model": "18.xyz", "model_rescale": 3.9405287249114394, "target_rescale": 3.977390509428492},
{"mapping": [0, 8, 5, 2, 11, 3, 12, 10, 13, 7, 4, 15], "R": [[-0.23683771437983273, -0.7496616366148677, 0.6179929834838375], [0.6303553693362184, 0.3654614084897524, 0.6849015018626299], [-0.7392969669871076, 0.5517657016276059, 0.38599819314481154]], "T": [0.015526374217297023, 0.02302108841646339, 0.1617031110267859], "aligned_model": [[0.011294000061568277, -0.5612436406625778, -0.7067168717559744, -0.21202545353658891, -0.2841611071992462, 0.72588757933296, 0.5302719500880444, 0.12448507423189803, 0.01014348109033214, -0.41646552118069163, 0.1496903217545899, 0.008608356339433569], [-0.6644665821718059, -0.46508212977113617, 0.03288144993175596, 0.06350706129753597, 0.6704612704049343, 0.14718895175445937, -0.010258196764743873, 0.5480406767374453, 0.5191722647011677, -0.10240261345999502, -0.4486568891492486, 0.03520376199019411], [0.16583200362315928, 0.12477407277320485, -0.25003723151405355, -0.6760953938052442, 0.0606000639472794, -0.29150533423285896, 0.3462797712758904, -0.4130894346076551, 0.6146212935993726, 0.7032540747037062, 0.704091301603248, 0.12440605749462433]], "inverted": false, "swapped": false, "error_lsq": 0.03573545173686136, "error_max": 0.1872663364754024, "target": "654.xyz", "model": "19.xyz", "model_rescale": 4.410303926677745, "target_rescale": 3.977390509428492},
{"mapping": [12, 11, 6, 2, 3, 1, 8, 0, 5, 10, 9, 13], "R": [[-0.6227521034506804, 0.7792569703380208, 0.0702736922849676], [0.6986738393576595, 0.5134207099089219, 0.49825098176907423], [0.352185581540444, 0.3593852373376346, -0.8641802863632053]], "T": [-0.05587816584182814, 0.013256151716565814, -0.014424362638415691], "aligned_model": [[0.09222798822294878, -0.6617751387519935, -0.6167523310470507, 0.050536472505967434, -0.36861386261713514, 0.6041438257615068, 0.4899740941669515, -0.09052220873909167, 0.1994786740575858, -0.27800006088112805, -0.02101587968473164, -0.019913404430082167], [-0.7274063174315828, -0.5039032451132222, 0.09208216115527372, -0.06762926058030559, 0.6654122873929849, 0.30149929307975565, -0.13635332206038803, 0.5549278132503165, 0.4782239184142334, 0.09950569542114852, -0.4345907183158081, 0.003820720288157258], [-0.0018302683050387542, 0.21485350585880458, -0.1397736913955015, -0.6630708014453863, 0.038974648255704444, -0.22515346179048423, 0.5058831397164624, -0.48191871972280004, 0.6318484769712565, 0.7719323585525036, 0.5071832761042708, 0.05420278206088079]], "inverted": true, "swapped": false, "error_lsq": 0.050855095875024375, "error_max": 0.2704580060910031, "target": "654.xyz", "model": "20.xyz", "model_rescale": 4.121658175737393, "target_rescale": 3.977390509428492},
{"mapping": [6, 8, 5, 1, 7, 2, 4, 3, 11, 9, 10, 12], "R": [[0.6195955577931663, 0.7339539344135753, 0.2782318582078777], [0.7731005647230562, -0.6319244937989861, -0.05465300505724286], [0.13570873806747596, 0.2489639658579707, -0.958957810394391]], "T": [-0.08972752685610874, -0.005411382932115055, 0.06294415012168036], "aligned_model": [[0.019815627637953193, -0.6154154809675754, -0.6678295629901106, 0.024838153796727852, -0.3648999753458079, 0.5907800478998668, 0.43219907535987956, 0.11270455330892243, 0.0877868328573653, -0.40897441300531845, 0.2985938060694542, -0.12983049605761005], [-0.6446588234916936, -0.42551049134966273, 0.11694066195928943, -0.15857704994074895, 0.6050968624248572, -0.13465276343313803, 0.17535068407386672, 0.5884595476781936, 0.5769897158578347, -0.0750289841358477, -0.3787054527311422, 0.07988511858875459], [0.01836311027705826, 0.09247407859048758, -0.2757762993869924, -0.6047308076682574, 0.19850913690115346, -0.24756791160064318, 0.2180225140475223, -0.23534978820775343, 0.6984491582567487, 0.7078454530102025, 0.6273297643206839, 0.015562836320462264]], "inverted": false, "swapped": false, "error_lsq": 0.053398728913495314, "error_max": 0.3168744566290552, "target": "654.xyz", "model": "21.xyz", "model_rescale": 4.08911054899281, "target_rescale": 3.977390509428492},
{"mapping": [9, 10, 8, 11, 0, 15, 14, 1, 4, 7, 12, 16], "R": [[0.2790735551571582, -0.24664914178866992, 0.9280528819344603], [-0.39878321457838883, -0.9089404423862008, -0.12165204464087064], [0.8735501694708047, -0.33614204296649697, -0.3520207783183238]], "T": [-0.03704635515691786, 0.05194163895284801, 0.1153286085295696], "aligned_model": [[0.0844077588888613, -0.5388546955184776, -0.4698768311437412, 0.017158741488829607, -0.4331896093576049, 0.556179540845473, 0.5107420173290286, -0.055166217190952924, 0.16533704741364236, -0.4963643092530394, 0.08605198810486843, -0.04665726304314017], [-0.6484218309909292, -0.5452154277305128, 0.14956079736847433, -0.039632558768993464, 0.672472600718834, 0.07102592918138148, -0.23085071940231275, 0.6396988813234865, 0.6058893685154316, -0.0064390652345491795, -0.4242472357557536, 0.08174828627600586], [0.06750058628125517, 0.32203428447640464, -0.4174849583278425, -0.6426746922994399, 0.35634986448087486, -0.3080221255820025, 0.29359517009451336, -0.4177862720606925, 0.4874509770378066, 0.6551571909823428, 0.6658378814070064, 0.1511733383704461]], "inverted": false, "swapped": false, "error_lsq": 0.04297914620035778, "error_max": 0.30671853284917944, "target": "654.xyz", "model": "22.xyz", "model_rescale": 4.204369325754507, "target_rescale": 3.977390509428492},
{"mapping": [0, 8, 5, 2, 11, 3, 12, 10, 13, 7, 4, 15], "R": [[-0.23683771437983273, -0.7496616366148677, 0.6179929834838375], [0.6303553693362184, 0.3654614084897524, 0.6849015018626299], [-0.7392969669871076, 0.5517657016276059, 0.38599819314481154]], "T": [0.015526374217297023, 0.02302108841646339, 0.1617031110267859], "aligned_model": [[0.011294000061568277, -0.5612436406625778, -0.7067168717559744, -0.21202545353658891, -0.2841611071992462, 0.72588757933296, 0.5302719500880444, 0.12448507423189803, 0.01014348109033214, -0.41646552118069163, 0.1496903217545899, 0.008608356339433569], [-0.6644665821718059, -0.46508212977113617, 0.03288144993175596, 0.06350706129753597, 0.6704612704049343, 0.14718895175445937, -0.010258196764743873, 0.5480406767374453, 0.5191722647011677, -0.10240261345999502, -0.4486568891492486, 0.03520376199019411], [0.16583200362315928, 0.12477407277320485, -0.25003723151405355, -0.6760953938052442, 0.0606000639472794, -0.29150533423285896, 0.3462797712758904, -0.4130894346076551, 0.6146212935993726, 0.7032540747037062, 0.704091301603248, 0.12440605749462433]], "inverted": false, "swapped": false, "error_lsq": 0.03573545173686136, "error_max": 0.1872663364754024, "target": "654.xyz", "model": "23.xyz", "model_rescale": 4.410303926677745, "target_rescale": 3.977390509428492},
{"mapping": [7, 0, 5, 6, 8, 14, 11, 15, 10, 3, 1, 16], "R": [[0.8371883960979181, 0.4095857523906727, 0.36242944261961124], [-0.023763751875798017, -0.6348119630571896, 0.772301143114694], [0.5463980907138869, -0.6551742386556756, -0.5217239149839454]], "T": [-0.023752509628996575, 0.014352155711544669, 0.035279843492105306], "aligned_model": [[0.14791358423544582, -0.543303887451577, -0.5399933575087078, -0.0633492628327359, -0.18884404133881055, 0.49702986893417267, 0.5645888414131183, 0.023449221472493294, 0.07801859531812588, -0.5831512437983128, 0.07425569835163442, -0.08684584823109903], [-0.617690859744193, -0.5160177726732236, 0.1400913438939641, -0.04363108598914197, 0.7903940335430513, 0.14464854172786126, -0.028055186782165703, 0.5432902038872622, 0.37624282438084666, -0.047657675425627787, -0.4024444370781602, -0.01358090423991002], [0.1492240206721627, 0.1736991916843352, -0.3013016131622911, -0.7216667402094127, 0.2502460205151671, -0.37698045775434075, 0.26501351226384373, -0.44149130560128746, 0.5667511337830694, 0.7370481967869567, 0.7789264941116423, 0.1336627917708276]], "inverted": false, "swapped": false, "error_lsq": 0.04104691439056098, "error_max": 0.23090825403370702, "target": "654.xyz", "model": "24.xyz", "model_rescale": 4.28219845311461, "target_rescale": 3.977390509428492},
{"mapping": [9, 7, 13, 12, 2, 10, 1, 14, 0, 4, 3, 15], "R": [[-0.9684855115286234, -0.22557646279077753, 0.10559864295502043], [-0.24426895121906955, 0.9430685156030029, -0.22573093352193574], [-0.0486671699349442, -0.2444116083846054, -0.9684495197259244]], "T": [0.04708794595839921, 0.007194287913532962, 0.06905516294608365], "aligned_model": [[0.0007305675619983243, -0.5567776711373982, -0.5027524977866467, -0.1790651345913264, -0.29377473710244056, 0.6233234629894318, 0.4203846108535385, 0.05899629363261063, 0.0633803618915589, -0.353478802810327, 0.055953608273584, 0.04284810678916371], [-0.6418501110212038, -0.4610342041034864, 0.033338003779274414, -0.11877928723361772, 0.6008399204705297, 0.3465136414051454, -0.10563580202041595, 0.5174495159813349, 0.5640401527092003, 0.048016122520081056, -0.5138809973769171, 0.05657207039063776], [-0.11388210924995852, 0.21620950879833817, -0.1543468278238893, -0.6502537712091503, 0.08237877471196785, -0.35816822602728576, 0.5767916788973536, -0.49631411317331636, 0.6650513140065015, 0.6794062345646397, 0.6421583752482078, 0.12410040611726389]], "inverted": false, "swapped": false, "error_lsq": 0.04170648230093021, "error_max": 0.23075649727091707, "target": "654.xyz", "model": "25.xyz", "model_rescale": 4.100010024507729, "target_rescale": 3.977390509428492},
{"mapping": [2, 1, 0, 6, 10, 5, 7, 4, 9, 8, 3, 11], "R": [[-0.6453468163614587, -0.7399382539965424, -0.18978637170428816], [0.5569917617337641, -0.6258272400689927, 0.5459857534298357], [-0.5227692263062619, 0.24664072222602632, 0.8160151286385423]], "T": [-0.07925653543698047, -0.033111125277095754, 0.09058665443163925], "aligned_model": [[0.1496613046947336, -0.6384990139431819, -0.7563821813480753, -0.010033086113074366, -0.3832809919897335, 0.5598333180149073, 0.4634958637691408, 0.08943269216084862, 0.21969872506816768, -0.33888095196914536, 0.05194989119654797, -0.02722740097738849], [-0.7166899742904111, -0.46371746482627724, 0.16964767036551784, -0.12371592963525199, 0.49505099216318643, 0.1860262736333385, -0.0005613775774405139, 0.6039637908468085, 0.6668203517084699, -0.019472674143012236, -0.5517726800559737, 0.08001004731160877], [-0.07696592249793106, 0.1217729387966886, -0.18186371971545523, -0.5477557471318925, 0.29943174068768025, -0.23763450566493938, 0.4942159320813655, -0.48519027804344184, 0.40686593272854227, 0.6467044332751234, 0.7003789892934044, 0.07317145105152834]], "inverted": true, "swapped": false, "error_lsq": 0.05273987424530943, "error_max": 0.2992081781211191, "target": "654.xyz", "model": "26.xyz", "model_rescale": 3.6694154284099745, "target_rescale": 3.977390509428492},
{"mapping": [7, 1, 6, 12, 2, 9, 8, 11, 4, 0, 5, 13], "R": [[-0.15133419812164114, -0.9026627307571561, -0.4028622034652965], [0.5295841921209054, 0.27009088708854423, -0.8041091320009814], [0.8346487548271598, -0.3350386652518742, 0.4371619252081711]], "T": [0.04791928992611835, 0.01151516144165612, 0.09579865109351707], "aligned_model": [[0.23186055340222236, -0.6320984394634063, -0.5528695096255947, -0.1817609172522751, -0.3897539672671788, 0.5495093633299492, 0.6014853931447879, 0.0745818816402403, 0.15624019376514128, -0.4025914246977621, -0.08554371251328308, 0.010708754100906687], [-0.588500917404451, -0.5232306539359548, -0.10392211360227598, 0.1805794332970313, 0.5299631139565307, -0.010781819872716623, -0.023400125062723123, 0.6729974391010273, 0.5139810293558992, 0.1050100839184955, -0.48205617940429624, 0.05494973515399651], [0.048103353260287224, 0.2726303630339898, -0.21551708199434758, -0.644739725879582, 0.0535673040367724, -0.3654754305080391, 0.4131355140099827, -0.4500087982792894, 0.7371450500555834, 0.5703849326201452, 0.69958127604768, 0.09432448845748964]], "inverted": true, "swapped": false, "error_lsq": 0.04914796320178441, "error_max": 0.28896346913198323, "target": "654.xyz", "model": "27.xyz", "model_rescale": 4.103607728864725, "target_rescale": 3.977390509428492},
{"mapping": [13, 4, 1, 7, 0, 6, 10, 5, 3, 2, 12, 14], "R": [[-0.4936849639849106, -0.46894265694312615, 0.7323714500404418], [-0.8695744525752871, 0.25578881505803186, -0.4223888652883715], [0.010743731363343945, -0.8453785344982031, -0.5340596461501869]], "T": [0.1575596047447827, -0.02231703380953687, 0.056136426223586174], "aligned_model": [[0.0887654217604824, -0.585087302191681, -0.6566007380300983, -0.09875168703167342, -0.23525080937235687, 0.5600129514714629, 0.6127995888814095, 0.07015411460132662, 0.000718267352040447, -0.42905025081855785, 0.03547586455743065, 0.016582747383962426], [-0.6572273986944885, -0.5352619336181739, 0.286109404966727, -0.021661889817930314, 0.560789429848171, 0.15122507537607086, 0.0785841946798143, 0.48495960380162995, 0.33956614125845686, -0.06100099155794242, -0.34267483706633806, 0.04218222632456657], [0.16581195632433943, 0.13963725563580368, -0.15570526039958243, -0.617944680215111, 0.18014679507784906, -0.4012274364719428, 0.261929466043634, -0.46364343449492984, 0.6948634532502909, 0.49853119902380527, 0.8433848339063708, 0.06734709718014542]], "inverted": false, "swapped": false, "error_lsq": 0.049181001976658624, "error_max": 0.26643658972935547, "target": "654.xyz", "model": "28.xyz", "model_rescale": 4.137296879288765, "target_rescale": 3.977390509428492},
{"mapping": [2, 3, 5, 6, 8, 7, 4, 0, 10, 9, 11], "R": [[0.6603555505966716, -0.6564540030020484, 0.3646898528047541], [-0.07490422724623008, -0.5407929490810834, -0.8378140264789256], [0.747208072451584, 0.5259383311442238, -0.4062868054667996]], "T": [2.030819834522926e-05, -0.12433386018073246, -0.016505799081130482], "aligned_model": [[0.5054157686174632, 0.28825800696868453, -0.17735546772617175, -0.5249154929579053, 0.0734043110179555, 0.5639826894864547, 0.51710876714238, -0.48338182897624743, -0.6186498143680543, 0.037440436566625324, 0.0401116349387137], [-0.3518213494585291, -0.7954073203935373, -0.2704985951039312, 0.1587576900440209, 0.7253612823894879, -0.08355569572662487, 0.28772824557996246, -0.46342168328341266, 0.27866540310073473, 0.3615599524656453, 0.07177988703413567], [0.2699436472059357, -0.18373078605651483, -0.65066097424347, -0.188185232834247, -0.10695123508415333, -0.5581031332409156, -0.10222908650825416, 0.3189083023926611, 0.4069199035696025, 0.6111571833619481, -0.01131456677959376]], "inverted": true, "swapped": true, "error_lsq": 0.03973876535457531, "error_max": 0.1780192255782946, "target": "654.xyz", "model": "29.xyz", "model_rescale": 3.607286011436655, "target_rescale": 3.977390509428492},
