[{"mapping": [9, 10, 8, 4, 0, 2, 11, 12, 5, 6, 7, 14], "R": [[-0.5888802985033962, -0.2844228611849059, 0.7565207400130831], [-0.08559167265024023, -0.908822809140522, -0.40830768687212393], [0.8036753446557168, -0.30519622805880486, 0.5108436187045825]], "T": [0.0134924271731296, 0.010665829186492531, -0.05838261324800077], "aligned_model": [[-0.1245719827575858, 0.2454316694817471, 0.47200889579724636, -0.128701322830758, -0.1815839714354359, -0.631641223021395, 0.32718714767195034, -0.2960051584227368, 0.5912807904320336, 0.12168893154482273, -0.5597209552262804, 0.0022696412269404814], [-0.46868191292204475, -0.7772415142509127, -0.08035739245221067, 0.750363664309459, 0.26548164688786513, -0.46100707408883723, -0.28168311117231803, -0.5107119999505587, -0.002568232142624499, 0.47734578077556045, 0.2342179710965295, -0.09160279011285045], [-0.4121364061363844, -0.03399710481380604, -0.6709674830345472, -0.022845260937243858, -0.6394009572122245, -0.0366551286126265, 0.4803562679536755, 0.5981725665482369, 0.0477386531804883, 0.39486049744140067, 0.4829917772170286, -0.006165676240435174]], "inverted": false, "swapped": true, "error_lsq": 0.04276568487331931, "error_max": 0.2569626517675688, "target": "655.xyz", "model": "0.xyz", "model_rescale": 3.751011558992144, "target_rescale": 4.074799143773492},
{"mapping": [0, 1, 4, 3, 7, 13, 12, 6, 2, 8, 5, 9, 10, 11, 14], "R": [[-0.45260029182613015, 0.5657893512212997, -0.6892281087444727], [0.8603490507015563, 0.4802643107473349, -0.17072112575577356], [0.2344194676127243, -0.6702451804130846, -0.7041440984182136]], "T": [0.10645821242071199, 0.0650858936521799, 0.013168958858166184], "aligned_model": [[-0.3742579983156985, 0.18743479311002695, 0.4962639895939436, -0.452630330274855, 0.20775298181451823, -0.3363053590682479, 0.11828827058793624, 0.7162694653732097, -0.7000531798316628, -0.13465742161449523, -0.13832220740779633, 0.24761810346362936, 0.7384242874036296, 0.7308531377277753, 0.12009002580587827], [-0.13535253618021856, 0.12055926328994958, 0.6933938166309852, -0.45473136235158895, -0.45439570578664124, -0.14424621749507338, -0.6451732367635329, -0.17397775562916062, 0.22929579418912918, 0.6690798209159501, 0.40062600524469605, 0.016968886658289495, 0.4434980300289124, -0.36773817984138557, 0.02546578093080562], [-0.538411388037039, -0.6767955678218179, -0.26764161771301775, -0.011648601457756399, -0.38627473095954035, 0.5494922618252789, 0.23080884826745357, -0.35385222940612715, 0.09262073492950126, -0.11901590787082192, 0.4796252017970739, 0.6550009151621473, 0.3735533137382625, 0.2571470061941906, 0.048499296744253365]], "inverted": true, "swapped": false, "error_lsq": 0.03740226915535779, "error_max": 0.2595385880655788, "target": "655.xyz", "model": "1.xyz", "model_rescale": 3.9405287249114394, "target_rescale": 4.074799143773492},
{"mapping": [10, 12, 11, 1, 7, 5, 9, 2, 4, 3, 0, 8, 14], "R": [[-0.6710349664237302, -0.3164224290334361, 0.6705139224813187], [-0.24530906367417138, -0.7586710645331022, -0.6035243815451959], [0.699668162142601, -0.5694691056104711, 0.4314735225239267]], "T": [-0.10093684691699475, -0.1080789329892324, -0.01919112062116438], "aligned_model": [[-0.2725500696482011, 0.30913526711319517, -0.33744857212507295, 0.5543183909718207, 0.5062480444997975, -0.6627669759247731, 0.0347801344845802, 0.5750779927976813, -0.008950359442463557, -0.5300016277985256, 0.01629361281085287, -0.6108699649027876, -0.07728259355217271], [0.6749074512532541, 0.5408586958909012, 0.34946250930667955, -0.23749541168250302, -0.22893306747167533, -0.010684382430731248, 0.24041920458412144, 0.2870739429003869, -0.8198733365583301, -0.6654515952727359, -0.5298577062742532, -0.14459908455996154, 0.0030053738868639213], [0.1615564128656465, -0.4768035280587751, -0.4761702176672566, 0.24602200434548335, -0.5561791636718431, -0.16109765304889787, 0.4646556879909573, 0.1420632717152136, -0.2505394865216849, 0.022005510503361077, 0.4797356315038512, 0.5573652905642097, -0.0394934109316212]], "inverted": true, "swapped": true, "error_lsq": 0.03867050892068386, "error_max": 0.2379805009365339, "target": "655.xyz", "model": "2.xyz", "model_rescale": 3.932901565614263, "target_rescale": 4.074799143773492},
{"mapping": [11, 10, 12, 5, 13, 7, 2, 6, 3, 4, 9, 8, 1, 14], "R": [[0.27658153402464963, -0.9255430427115495, 0.25859762397365205], [0.8892403227433826, 0.14446489003656957, -0.43402942752072277], [0.3643546396628099, 0.3499999594785243, 0.8629865149127274]], "T": [0.06716342408172193, -0.0061305116673504995, 0.12203180404578678], "aligned_model": [[-0.16067039897545657, 0.5438844173231855, 0.11181086614036886, -0.1620285889772764, -0.4957602668839085, -0.2670851097103225, 0.5800711575522587, -0.5857412158004555, -0.285547372658098, -0.4399650549350139, 0.6745668250299756, 0.386367332219296, 0.4098721654383772, 0.11003515628977348], [0.023391790436069135, 0.16628386579344057, -0.5929751418221738, 0.4618588797194944, -0.3864819050311005, -0.7543130473009555, -0.6062885094292034, -0.09885063338210233, 0.44557664550396137, -0.12674504525020613, 0.014876553318506909, 0.6755799173254279, -0.5157384634477582, -0.04267826808291195], [-0.5270691476295677, -0.5246511352950924, -0.5505068835393014, -0.1495067880261079, -0.3493069069740469, 0.1337015768138102, -0.003987530005265971, 0.12870176734099564, 0.5319266335975872, 0.6669241725863937, 0.05422622260766473, 0.2868424760321617, 0.49525627734916355, 0.021345628198702893]], "inverted": true, "swapped": true, "error_lsq": 0.04213400846817652, "error_max": 0.2553221931913439, "target": "655.xyz", "model": "3.xyz", "model_rescale": 3.9243930471874484, "target_rescale": 4.074799143773492},
{"mapping": [5, 9, 3, 6, 4, 11, 13, 0, 1, 2, 7, 12, 14], "R": [[-0.22429566294077474, -0.7858645275748646, -0.5762884693324114], [0.04418715824324665, 0.5825460370471566, -0.8115957181793405], [0.9735188496543582, -0.20750194943707895, -0.09593742933530824]], "T": [0.015064816430562143, -0.06509856315306785, -0.27110690092149353], "aligned_model": [[-0.06911226539250412, -0.3551232721331981, 0.5756512505148789, 0.3520208177608042, 0.7347032992961664, -0.41985181733382176, -0.12078434120630727, 0.41401662615289203, 0.12486892301318017, -0.3951011051051584, 0.15057264683314545, -0.6192916897461683, -0.09536318634255689], [-0.5870477254327773, 0.33988517923011985, -0.3429498950352543, -0.49886431718036156, -0.11961808838487105, -0.5588481140785199, -0.5253736567868605, 0.3642001529248734, 0.6091414363496666, 0.5377845368358013, 0.05013995578782783, -0.07612623790088573, -0.06449367264717121], [-0.5275431448035057, -0.5411564012502377, -0.5951431960519181, 0.09390529334261727, -0.052513834740471194, -0.06820109678529371, 0.40224463382073133, -0.5827289222244579, -0.04797121430723994, 0.05667461540399271, 0.5288887767028381, 0.35830434284804163, -0.237689536584133]], "inverted": false, "swapped": true, "error_lsq": 0.04654423399203989, "error_max": 0.27856471499465474, "target": "655.xyz", "model": "4.xyz", "model_rescale": 3.8936222436046832, "target_rescale": 4.074799143773492},
{"mapping": [8, 9, 5, 3, 11, 12, 2, 7, 4, 0, 6, 14], "R": [[0.2956823436659281, 0.6848627611179906, 0.6659841965678064], [-0.5714438892435924, 0.685473557412103, -0.4511960588646069], [-0.7655219350811455, -0.24716189132355934, 0.5940430677880013]], "T": [-0.08436187407860773, -0.07978449243725964, -0.05808647475453497], "aligned_model": [[-0.003995162236112626, -0.3760935320615685, -0.21362767653075818, 0.46050537862849983, -0.5942472814547931, -0.7642481969948907, -0.43911053570203107, -0.0011086846614346002, 0.6019810879770376, 0.3905961259132503, 0.163055016951606, -0.19615849761370774], [-0.5743440989707744, -0.6122427071635977, 0.12589128662451382, -0.0020643323654450513, 0.3532200797089345, 0.24533873618011343, -0.37302001887102226, 0.37950958233944965, 0.21211381021816894, -0.541729030416974, 0.531203919989913, -0.07495432216347239], [-0.643522029518217, 0.015116492657589374, -0.5931229992169186, -0.4980152041139021, -0.22129117616199878, 0.42226524476710525, 0.5956039343839002, 0.6155256034422524, 0.05310512824943874, -0.01820715251507552, -0.07818672533756155, -0.029986397361094437]], "inverted": true, "swapped": true, "error_lsq": 0.04557220269275883, "error_max": 0.2552605385190062, "target": "655.xyz", "model": "5.xyz", "model_rescale": 3.6523030999806103, "target_rescale": 4.074799143773492},
{"mapping": [8, 0, 4, 5, 6, 9, 1, 11, 2, 12, 7, 13, 14], "R": [[0.11485594845705352, 0.7968094640825085, -0.5932139488014224], [-0.4686002650500414, 0.5700082283619242, 0.6749106690479356], [0.8759120405035327, 0.200462708622443, 0.43885396176027835]], "T": [0.09694418123737228, -0.10551938045368917, 0.1565649980190446], "aligned_model": [[0.11481794832020198, -0.18642782507360964, 0.3711839518560206, 0.5679293927275861, 0.6125751802260405, -0.40194996720306453, -0.51076513721725, 0.4308058524802558, -0.6045144579943061, -0.091406735176525, 0.026696252252400826, 0.4901244174613495, 0.06201403200519446], [-0.5864732958851808, 0.08872231807988096, 0.5479430446578744, -0.45442905925827215, 0.2718389826864034, -0.4532988886672399, 0.27685977967802144, -0.4108095514630419, -0.053625361272392896, -0.17000939632604292, 0.532258279386711, 0.11667527590080715, -0.16482522335434455], [0.7583512235591496, 0.7244898934567412, 0.4142746416363844, 0.19793192779457747, -0.0066873122586716405, 0.22084429060708693, 0.18692311971744144, -0.3625170366114901, -0.22344503619916395, -0.7146716348548456, -0.35327836777828064, -0.536074360753122, 0.06396839116598234]], "inverted": true, "swapped": true, "error_lsq": 0.0462397998534535, "error_max": 0.2570153128594859, "target": "655.xyz", "model": "6.xyz", "model_rescale": 4.08911054899281, "target_rescale": 4.074799143773492},
{"mapping": [0, 3, 4, 1, 9, 13, 11, 8, 2, 6, 7, 12, 5, 10, 14], "R": [[0.8106029427326442, -0.5351763086694665, -0.23771661252866036], [-0.09507798308521337, -0.5208319135041257, 0.8483479799045193], [-0.5778261385275204, -0.6650717529068233, -0.4730713657788008]], "T": [0.1305224936538352, 0.008623326818713316, 0.06871278320735988], "aligned_model": [[-0.4726559464587302, 0.14725311137847744, 0.589735428491757, -0.4431526678195594, 0.1090418931555455, -0.2786870491849027, 0.23491340924692944, 0.6507664162457187, -0.6441478531750136, -0.10061239612344461, -0.15432937945791533, 0.31757405096450064, 0.5842466207672699, 0.7746271079046698, 0.11219581243248944], [0.12647746855065994, 0.22435932874357398, 0.4524626911426066, -0.4259519617114265, -0.5553802293522155, -0.1717019211368066, -0.5306603281945368, -0.1728588401502898, 0.22892475305184426, 0.38455205527919256, 0.6117848825742774, -0.11231111550938398, 0.5155982479460887, -0.2151036381133677, -0.1369189892790995], [-0.6432860607270156, -0.6926212434654283, -0.22958168348010585, -0.07266326343002247, -0.47534225108289363, 0.6483030499916758, 0.2756106786397249, -0.33323181168530547, 0.10734798263707679, -0.16451933357591533, 0.4615798250684777, 0.7457567209083364, 0.4116589530450929, 0.30184448325058877, -0.007748510702245262]], "inverted": true, "swapped": false, "error_lsq": 0.044913739536775944, "error_max": 0.24951832047166603, "target": "655.xyz", "model": "7.xyz", "model_rescale": 3.964800864290218, "target_rescale": 4.074799143773492},
{"mapping": [6, 7, 4, 11, 3, 12, 5, 1, 2, 9, 10, 8, 0, 14], "R": [[-0.06921889112767593, -0.029915377412740085, -0.997152854534002], [-0.9265384382647077, -0.368571841642196, 0.07537453128528715], [-0.36977732154507753, 0.9291177900259653, -0.0022056128887413817]], "T": [0.019683843725977722, 0.05096422293841094, 0.05078148398227028], "aligned_model": [[-0.10309847504415545, 0.22133126877389386, 0.42584688686600314, -0.6296888589387684, 0.1333623779488173, -0.3566025393452889, -0.45253074200991394, 0.6266037983450049, 0.2548297580110863, 0.10264384949465061, -0.504293472166237, -0.003159233743898017, 0.5923976093507985, -0.04645433808112041], [0.03741409742694252, -0.5902217652542849, 0.2129394668441393, -0.15903898623738782, 0.6633593843627599, -0.7577029868987754, 0.39166030024538323, -0.2986147789876982, -0.599232700321021, -0.02053572515717734, -0.1015794909484787, 0.704103090882335, 0.3555919153495183, -0.027193355125052672], [-0.59703552293935, -0.41810466113466604, -0.5635722056655939, -0.040463285105802146, -0.27862311585039595, 0.10694376644914516, -0.028059014563682247, 0.21168127730175185, 0.45214814660518826, 0.652431864188397, 0.6650832296829188, 0.45903460958090425, 0.19138422203511787, 0.1039657281410889]], "inverted": false, "swapped": true, "error_lsq": 0.04160219086483076, "error_max": 0.2791342476645406, "target": "655.xyz", "model": "8.xyz", "model_rescale": 4.121658175737393, "target_rescale": 4.074799143773492},
{"mapping": [10, 9, 2, 12, 8, 5, 0, 6, 1, 3, 11, 7, 14], "R": [[0.610423748401404, -0.11983692890488729, -0.7829571877556425], [0.7914708108842008, 0.1308861684102368, 0.5970282794283642], [0.030932230858526366, -0.9841280005108747, 0.17474345682909762]], "T": [-0.04261674210067476, -0.08672092676479631, 0.03758510759610035], "aligned_model": [[-0.5488966733255554, -0.14131027084410341, 0.37467496254867183, 0.12869562816647306, -0.5755696983485917, -0.5643396444399962, 0.15840774021180903, 0.09137300395681189, 0.5567040517578862, -0.20325006620336086, -0.37200095577232684, 0.636414475772859, -0.06416505704537967], [0.26244320527409554, -0.1920246990632331, 0.1692153575564468, 0.7453388089011852, -0.6232354049716715, -0.015234770484024968, -0.709907834273922, 0.11523099717270582, -0.253910439724636, -0.5553593678412062, 0.5083975906342078, 0.3344979480544776, 0.004936048177284935], [-0.5073492803106793, -0.5566778712784681, -0.5944822064494439, -0.2399342041634837, -0.11038841256689941, 0.2982979744053326, -0.07102177104446428, 0.6509268936585088, -0.3220095339068901, 0.538617022750335, 0.14459843736816763, 0.2195923525477505, -0.02909396705067694]], "inverted": false, "swapped": true, "error_lsq": 0.050267182120985326, "error_max": 0.31902680210167644, "target": "655.xyz", "model": "9.xyz", "model_rescale": 3.833441315466971, "target_rescale": 4.074799143773492},
{"mapping": [0, 13, 2, 12, 10, 6, 11, 8, 1, 5, 4, 7, 3, 7, 14], "R": [[0.1415343960118281, -0.7504950646450163, -0.6455425413472299], [0.9840712418344552, 0.1775276443176073, 0.009366242439438066], [0.10757232794710836, -0.6365854957871049, 0.763666878169746]], "T": [0.057596346712234375, -0.016832223356425997, 0.024938804787076115], "aligned_model": [[-0.3613549632320818, 0.08961753202900771, 0.48491862978499056, -0.34339575045424586, 0.1044528165703191, -0.3673583861431804, 0.3015950440370525, 0.6653878986935438, -0.6723708273107077, -0.15407771513539334, -0.08827794802707756, 0.5122616720783613, 0.6000792297029546, 0.5122616720783613, 0.14302965369588747], [-7.279381838693963e-05, 0.3782099591212998, 0.4981199331858942, -0.44217984551790485, -0.5955668867419868, 0.05260950280110738, -0.6383264414630077, -0.33786061235892445, 0.0727794589494693, 0.589790190118247, 0.5757782896507124, -0.22020403897806098, 0.49168950947815737, -0.22020403897806098, 0.018710218392562077], [-0.5117378978199658, -0.6668724839100648, -0.23749251535123295, 0.17090042865573757, -0.5569759691689647, 0.5501253333052405, 0.16474815214071684, -0.34260651918175333, -0.04381149817292617, -0.18633954355486895, 0.5382087630916347, 0.4674693950317391, 0.4737592796371226, 0.4674693950317391, 0.04626321565788809]], "inverted": true, "swapped": false, "error_lsq": 0.05009561291515658, "error_max": 0.3716148790435479, "target": "655.xyz", "model": "10.xyz", "model_rescale": 4.2482417240324, "target_rescale": 4.074799143773492},
{"mapping": [10, 8, 0, 3, 12, 7, 2, 6, 5, 13, 11, 14], "R": [[0.2257668761963842, 0.8267456696512352, 0.515287216341971], [-0.9741040406903458, 0.1982473728516833, 0.10871659058371426], [-0.012273366419520704, -0.5264879646016007, 0.8500939875133784]], "T": [0.07817818363750649, -0.037949487796088054, 0.06384351676557057], "aligned_model": [[-0.7045565583827981, 0.09674656100588, 0.4441748745439518, 0.6572553358925269, -0.5529037119124348, 0.2058220087478036, -0.3747332938158825, 0.4464961550078496, 0.03222592147594307, -0.02271872778181934, -0.3190866539123319, -0.031956308505681486], [-0.26902508475219733, -0.8082902878258614, -0.3427704505188216, -0.366354480577386, 0.591234320188357, 0.7637605568779332, 0.2993260927636563, 0.3201553109562604, -0.3025912725418925, 0.6280564030804042, 0.15715264619501523, -0.004522363794828142], [-0.031649096104033464, 0.06745858797011534, 0.5261192150216587, -0.16697642544579488, -0.0036226021526746255, 0.17610851908468372, 0.6297597775631785, -0.3497127711046646, -0.4587742897181377, -0.4157046157235508, -0.46362939142479764, 0.055815381888374066]], "inverted": true, "swapped": true, "error_lsq": 0.043395268013212106, "error_max": 0.2359358786213416, "target": "655.xyz", "model": "11.xyz", "model_rescale": 3.6694154284099745, "target_rescale": 4.074799143773492},
{"mapping": [2, 12, 11, 13, 7, 9, 1, 8, 6, 3, 5, 4, 10, 14], "R": [[0.5573074422801606, -0.6790061100040201, -0.4778693517650553], [0.1742812264924009, -0.46704994769893926, 0.866885459819648], [-0.8118093796399805, -0.5664053750906914, -0.14195239412184388]], "T": [0.011912814774050363, -0.017379992005303643, 0.09655617777364192], "aligned_model": [[-0.019396281754556165, 0.03685246048559025, -0.14594058004099067, 0.40227771250828526, 0.6899771147041895, -0.43139028891038045, 0.2611505285060215, -0.5371431950925445, 0.5012539389953522, 0.15433662096748463, -0.24150661050834488, 0.6626382817760775, -0.6956065560343707, -0.03923829534600373], [-0.4704176014028731, 0.21761009766103823, 0.5723985021503117, 0.5749546699003766, -0.005451050356438045, -0.39537472955452263, -0.6479217870410896, -0.1522860014602268, 0.41159491471838194, 0.09591759346978586, 0.4552476821039771, -0.048026234233533124, 0.1156249320540917, 0.0071163001269739234], [-0.5614115287530297, -0.7653289492316873, -0.22180760203349645, -0.3282559450665343, -0.36357627932660197, -0.08940113395632132, -0.14165310029792547, 0.6201215206017756, 0.20356912889672488, 0.7772449097391537, 0.3367184829771115, 0.4763614274310327, -0.2995681424765664, -0.003917328851220245]], "inverted": false, "swapped": true, "error_lsq": 0.044299085054717295, "error_max": 0.24799880415551498, "target": "655.xyz", "model": "12.xyz", "model_rescale": 3.9764082729961374, "target_rescale": 4.074799143773492},
{"mapping": [11, 14, 6, 8, 3, 1, 7, 4, 10, 13, 12, 9, 5, 0, 15], "R": [[0.5015354819463019, 0.5832578649349844, -0.6389619889636428], [0.8627639101001414, -0.28253010313191007, 0.4193032032467525], [0.06403589444683233, -0.761568778125624, -0.6449127075865682]], "T": [0.11084767318414651, 0.034366558686777286, 0.07567882655517727], "aligned_model": [[-0.49245944696406824, 0.03744121590831323, 0.531551568186106, -0.39533788048381685, -0.021399748035669797, -0.29937639064591276, 0.42267782880585825, 0.7930336128629136, -0.6846435577950232, -0.07669605060178489, -0.17866640823493374, 0.29346032739281713, 0.7867007395888017, 0.5439566099378457, 0.1665261384463462], [0.034668246120627515, 0.2249212134448096, 0.4880422051695099, -0.44144630799459317, -0.4813893179045169, -0.08152268225311543, -0.6505712067939894, -0.1443646316807014, 0.08389724715788899, 0.5616368883413099, 0.4910073685055284, 0.11594633524096698, 0.3960397890247701, -0.36086290545496524, -0.012729837082412855], [-0.4406206277468491, -0.6970491043204496, -0.37247900972338915, -0.05482457495935289, -0.5762030206041571, 0.5464319248456957, 0.0074445947785719, -0.06048734792897942, 0.18002110606395633, -0.17189721695752969, 0.41460994406492935, 0.6426854271321503, 0.41514754812319493, 0.5038356355405915, -0.003507742916341941]], "inverted": false, "swapped": false, "error_lsq": 0.04403278852062598, "error_max": 0.2551419483857322, "target": "655.xyz", "model": "13.xyz", "model_rescale": 4.170626492500431, "target_rescale": 4.074799143773492},
{"mapping": [4, 3, 6, 5, 7, 12, 11, 0, 1, 8, 9, 10, 2, 14], "R": [[-0.053131911617574246, -0.08309945209633057, 0.9951238521054315], [-0.8975230898635602, -0.4328795318774229, -0.08406910278664415], [0.43775484363925715, -0.8976133866776238, -0.05158395998269938]], "T": [-0.021050397221714583, -0.039248636564972086, 0.062083539900715495], "aligned_model": [[0.3176818236635963, -0.02347107176173021, -0.17874256109421194, -0.5441866954250345, 0.24907683987449541, -0.26352709706376315, -0.6343449009969565, 0.5049442395988774, 0.6412017560517367, -0.1203281765002348, 0.10778431396667626, -0.4774261496703422, 0.33550982009992963, -0.07098911865139484], [-0.30638600609027195, -0.6834997398806761, -0.051823180773299476, -0.30525775547191963, 0.5272670818392936, 0.8208592747462318, 0.26435244663498786, -0.42039311070328644, 0.21985759362463442, -0.6502004771874934, 0.060173676676591514, 0.23731820114467878, 0.5918461620692521, 0.05196030129694271], [-0.5564089512196205, -0.22321050048778626, -0.5781516047547433, 0.03303498665740871, -0.4649141727559776, 0.07246290675002172, -0.014127329632950686, 0.1985633923978435, 0.1656793909483159, 0.5210656447260545, 0.6515702708452612, 0.6869198415374819, 0.39932085166565123, 0.11206837444390635]], "inverted": true, "swapped": true, "error_lsq": 0.04974217480193004, "error_max": 0.2751352330912753, "target": "655.xyz", "model": "14.xyz", "model_rescale": 3.9786697098870705, "target_rescale": 4.074799143773492},
{"mapping": [0, 1, 8, 3, 9, 10, 7, 12, 5, 6, 2, 14], "R": [[0.6379261815069065, 0.23601522498922456, -0.7330395627258488], [-0.05280897009141566, -0.9362313141119675, -0.34739334932330374], [-0.768284712607183, 0.26032237715852374, -0.5847827462610657]], "T": [0.10432151981139781, -0.08229037014680786, -0.017022576296058595], "aligned_model": [[-0.059480231188440896, -0.5621597025089464, 0.6049171021814956, 0.47118505745757655, 0.004516918038389703, 0.35783362343006514, -0.5099573828590938, -0.23206059401709206, 0.6739547351743614, 0.16813524292856585, -0.5262919981502855, 0.09276182628074073], [-0.29140828190781903, -0.04647063897426877, 0.03295441529858774, -0.6303697210622408, 0.42379115975601256, 0.6938116257458253, -0.3210439946704088, 0.40512398285100254, -0.09605498797859997, -0.5812558541176662, 0.4089510354977302, 0.016645749786284636], [-0.6253045040383983, -0.28341660878510594, -0.5913965867697281, -0.2649705609940093, -0.34550136053202535, 0.07563675824282438, 0.47010523965833745, 0.652277522546462, 0.12652111578495492, 0.4094598180750178, -0.004640725447378525, 0.04119638613287885]], "inverted": true, "swapped": true, "error_lsq": 0.046629513864352, "error_max": 0.22812390984935313, "target": "655.xyz", "model": "15.xyz", "model_rescale": 3.769337070930944, "target_rescale": 4.074799143773492},
{"mapping": [10, 8, 12, 2, 11, 5, 13, 3, 7, 1, 14], "R": [[-0.18479935597026478, 0.8598319732024867, -0.475960267135497], [-0.9733194144845346, -0.22714927370073665, -0.032442639299391354], [-0.1360092475549289, 0.4572659896777216, 0.878868192201536]], "T": [-0.020040240016220366, -0.11380493741950787, 0.09172301854236731], "aligned_model": [[-0.33920882182572926, -0.24538311516777975, -0.04190517004725624, -0.5951462689332534, 0.320855182986699, 0.3282812883014497, 0.5461760025551372, 0.3246766076918632, 0.1775692070543223, -0.503414194272728, -0.04987458765155415], [0.0004818181968489904, -0.8142712143753481, 0.712907024330361, 0.4405747653597703, 0.17540694980245108, -0.386699729467665, 0.4782575664545244, -0.6788955683860078, 0.5648950828930626, 0.14125263778296065, -0.037844834965615984], [-0.656781090239457, -0.1370790466460224, -0.2470358299871228, 0.12429660501531226, -0.4319740862628435, -0.2948992799202125, -0.020400141173804398, 0.33317882603104954, 0.5063941670708252, 0.5583506078155833, 0.010166875520469174]], "inverted": true, "swapped": true, "error_lsq": 0.039379558167430294, "error_max": 0.21976938452359826, "target": "655.xyz", "model": "16.xyz", "model_rescale": 3.7852294659196426, "target_rescale": 4.074799143773492},
{"mapping": [9, 5, 3, 8, 10, 11, 13, 6, 0, 1, 12, 4, 14], "R": [[-0.1666655714351361, -0.2521672994750995, -0.9532230800676385], [0.9825475867644823, 0.038512260299725404, -0.18198089336493134], [0.08260040581917172, -0.9669169865516076, 0.24134770369006298]], "T": [0.05182738400460113, 0.06215585934401901, -0.023362430073628246], "aligned_model": [[0.01709677857080441, -0.3327823228827132, 0.3257172037425949, 0.07468242483562067, -0.5877653338199493, -0.5990932586367579, -0.3523196859735484, 0.0408933848785724, 0.6366098020689961, 0.5514907154578557, -0.4645282458106175, 0.5788528906104706, -0.035088502825045276], [-0.05826473331089355, -0.2847499640218511, -0.39191438335543194, -0.686792067899801, -0.054520750261862726, 0.21612292461292787, 0.6341239697692604, 0.27300809387277913, -0.20535115608127824, 0.4056788556595132, 0.7602817994413074, 0.15676953214406758, 0.11066350313413724], [-0.6219194040099683, 0.25414068588717387, 0.44060159289440043, -0.20318859878724316, -0.5258524011810733, 0.1400643807990874, 0.4162147204638044, 0.6014157393738759, -0.18779399179109524, -0.4090754835163767, -0.23475149233563664, 0.50760576251529, -0.08170681316906518]], "inverted": false, "swapped": true, "error_lsq": 0.04692218333577277, "error_max": 0.3231139300696101, "target": "655.xyz", "model": "17.xyz", "model_rescale": 3.901054581598922, "target_rescale": 4.074799143773492},
{"mapping": [0, 1, 4, 3, 7, 13, 12, 6, 2, 8, 5, 9, 10, 11, 14], "R": [[-0.45260029182613015, 0.5657893512212997, -0.6892281087444727], [0.8603490507015563, 0.4802643107473349, -0.17072112575577356], [0.2344194676127243, -0.6702451804130846, -0.7041440984182136]], "T": [0.10645821242071199, 0.0650858936521799, 0.013168958858166184], "aligned_model": [[-0.3742579983156985, 0.18743479311002695, 0.4962639895939436, -0.452630330274855, 0.20775298181451823, -0.3363053590682479, 0.11828827058793624, 0.7162694653732097, -0.7000531798316628, -0.13465742161449523, -0.13832220740779633, 0.24761810346362936, 0.7384242874036296, 0.7308531377277753, 0.12009002580587827], [-0.13535253618021856, 0.12055926328994958, 0.6933938166309852, -0.45473136235158895, -0.45439570578664124, -0.14424621749507338, -0.6451732367635329, -0.17397775562916062, 0.22929579418912918, 0.6690798209159501, 0.40062600524469605, 0.016968886658289495, 0.4434980300289124, -0.36773817984138557, 0.02546578093080562], [-0.538411388037039, -0.6767955678218179, -0.26764161771301775, -0.011648601457756399, -0.38627473095954035, 0.5494922618252789, 0.23080884826745357, -0.35385222940612715, 0.09262073492950126, -0.11901590787082192, 0.4796252017970739, 0.6550009151621473, 0.3735533137382625, 0.2571470061941906, 0.048499296744253365]], "inverted": true, "swapped": false, "error_lsq": 0.03740226915535779, "error_max": 0.2595385880655788, "target": "655.xyz", "model": "18.xyz", "model_rescale": 3.9405287249114394, "target_rescale": 4.074799143773492},
{"mapping": [10, 11, 9, 3, 14, 1, 12, 13, 2, 5, 8, 0, 7, 4, 15], "R": [[-0.6677516308855518, 0.6624415413792594, 0.33952755956587266], [0.26478639207170307, 0.6376665982435585, -0.7233736766417056], [-0.6956981572660204, -0.39313167481081895, -0.6012084166386099]], "T": [0.14714497780587993, -0.0387656198369528, 0.06944473823056593], "aligned_model": [[-0.40784761709854606, 0.12035844017253694, 0.48013441783145916, -0.38634391444636756, 0.13131434716868032, -0.3366137251733957, 0.26191870282646146, 0.6229861288916074, -0.651028071110878, -0.1671415485172929, 0.15854754290269, 0.114846877500167, 0.7322390110539356, 0.6416415621891084, 0.11175640417762614], [-0.1257497381610871, 0.20788800229237203, 0.5745407558977956, -0.6965011415233509, -0.5105374349614645, -0.257085414757278, -0.56677373737437, -0.136594487150013, 0.2853024604050808, 0.7244135016636961, 0.5821144667537772, 0.030553239311899974, 0.33324268516041416, -0.19303789726931303, -0.028502856447042705], [-0.4803925283375986, -0.6070592706207624, -0.2499032996076115, -0.02112115065347811, -0.5444931313164573, 0.46166076087267427, 0.15985205026275645, -0.3945968084283735, -0.04555502857013913, -0.030776270725038163, 0.5014748935672714, 0.7526913894765818, 0.19151169613421853, 0.5855244036556163, 0.054289829682381885]], "inverted": false, "swapped": false, "error_lsq": 0.04306752768982018, "error_max": 0.22708371522126813, "target": "655.xyz", "model": "19.xyz", "model_rescale": 4.410303926677745, "target_rescale": 4.074799143773492},
{"mapping": [6, 7, 4, 11, 3, 12, 5, 1, 2, 9, 10, 8, 0, 14], "R": [[-0.06921889112767593, -0.029915377412740085, -0.997152854534002], [-0.9265384382647077, -0.368571841642196, 0.07537453128528715], [-0.36977732154507753, 0.9291177900259653, -0.0022056128887413817]], "T": [0.019683843725977722, 0.05096422293841094, 0.05078148398227028], "aligned_model": [[-0.10309847504415545, 0.22133126877389386, 0.42584688686600314, -0.6296888589387684, 0.1333623779488173, -0.3566025393452889, -0.45253074200991394, 0.6266037983450049, 0.2548297580110863, 0.10264384949465061, -0.504293472166237, -0.003159233743898017, 0.5923976093507985, -0.04645433808112041], [0.03741409742694252, -0.5902217652542849, 0.2129394668441393, -0.15903898623738782, 0.6633593843627599, -0.7577029868987754, 0.39166030024538323, -0.2986147789876982, -0.599232700321021, -0.02053572515717734, -0.1015794909484787, 0.704103090882335, 0.3555919153495183, -0.027193355125052672], [-0.59703552293935, -0.41810466113466604, -0.5635722056655939, -0.040463285105802146, -0.27862311585039595, 0.10694376644914516, -0.028059014563682247, 0.21168127730175185, 0.45214814660518826, 0.652431864188397, 0.6650832296829188, 0.45903460958090425, 0.19138422203511787, 0.1039657281410889]], "inverted": false, "swapped": true, "error_lsq": 0.04160219086483076, "error_max": 0.2791342476645406, "target": "655.xyz", "model": "20.xyz", "model_rescale": 4.121658175737393, "target_rescale": 4.074799143773492},
{"mapping": [8, 0, 4, 5, 6, 9, 1, 11, 2, 12, 7, 13, 14], "R": [[0.11485594845705352, 0.7968094640825085, -0.5932139488014224], [-0.4686002650500414, 0.5700082283619242, 0.6749106690479356], [0.8759120405035327, 0.200462708622443, 0.43885396176027835]], "T": [0.09694418123737228, -0.10551938045368917, 0.1565649980190446], "aligned_model": [[0.11481794832020198, -0.18642782507360964, 0.3711839518560206, 0.5679293927275861, 0.6125751802260405, -0.40194996720306453, -0.51076513721725, 0.4308058524802558, -0.6045144579943061, -0.091406735176525, 0.026696252252400826, 0.4901244174613495, 0.06201403200519446], [-0.5864732958851808, 0.08872231807988096, 0.5479430446578744, -0.45442905925827215, 0.2718389826864034, -0.4532988886672399, 0.27685977967802144, -0.4108095514630419, -0.053625361272392896, -0.17000939632604292, 0.532258279386711, 0.11667527590080715, -0.16482522335434455], [0.7583512235591496, 0.7244898934567412, 0.4142746416363844, 0.19793192779457747, -0.0066873122586716405, 0.22084429060708693, 0.18692311971744144, -0.3625170366114901, -0.22344503619916395, -0.7146716348548456, -0.35327836777828064, -0.536074360753122, 0.06396839116598234]], "inverted": true, "swapped": true, "error_lsq": 0.0462397998534535, "error_max": 0.2570153128594859, "target": "655.xyz", "model": "21.xyz", "model_rescale": 4.08911054899281, "target_rescale": 4.074799143773492},
{"mapping": [13, 2, 15, 7, 0, 10, 6, 1, 12, 14, 9, 5, 11, 8, 16], "R": [[-0.9667564073345217, -0.060118303646778774, 0.24853136309987567], [0.2269999859802943, 0.24561344026282295, 0.9424144758688754], [-0.11769900272557411, 0.9675018488503754, -0.22380151301658102]], "T": [0.0913635688127801, 0.040414593163277834, -0.04832475284508365], "aligned_model": [[-0.47183423651638123, 0.3831324506012328, 0.47076799558890325, -0.41360956248243463, 0.13561396496824749, -0.3297018491375735, 0.1588352923230036, 0.8188358510138832, -0.6087857193152139, -0.20042583865750527, -0.1550848907736804, 0.19652527528200422, 0.7436458104797865, 0.6277207885672469, 0.0711332264262726], [-0.0665368199738276, 0.26469614138084435, 0.6441729024956322, -0.454181199054709, -0.6250645097447858, -0.18868027499749274, -0.656616348060959, -0.1121288376822776, 0.23350863819763767, 0.6036783311866734, 0.4573561450572818, 0.0867223181088957, 0.290944907613613, -0.2660684652965879, 0.011469474611178782], [-0.3771097788554396, -0.6694708999975071, -0.20009827737749986, 0.030245769614688396, -0.44235376727427206, 0.600793775933467, 0.2069389579600035, -0.3267362497359721, 0.08386893134677537, -0.145358195858898, 0.47414104568549864, 0.6477540243425343, 0.26417399756158383, 0.2665579010982836, -0.08023969905120462]], "inverted": false, "swapped": false, "error_lsq": 0.03704156432363661, "error_max": 0.21618062927984177, "target": "655.xyz", "model": "22.xyz", "model_rescale": 4.204369325754507, "target_rescale": 4.074799143773492},
{"mapping": [10, 11, 9, 3, 14, 1, 12, 13, 2, 5, 8, 0, 7, 4, 15], "R": [[-0.6677516308855518, 0.6624415413792594, 0.33952755956587266], [0.26478639207170307, 0.6376665982435585, -0.7233736766417056], [-0.6956981572660204, -0.39313167481081895, -0.6012084166386099]], "T": [0.14714497780587993, -0.0387656198369528, 0.06944473823056593], "aligned_model": [[-0.40784761709854606, 0.12035844017253694, 0.48013441783145916, -0.38634391444636756, 0.13131434716868032, -0.3366137251733957, 0.26191870282646146, 0.6229861288916074, -0.651028071110878, -0.1671415485172929, 0.15854754290269, 0.114846877500167, 0.7322390110539356, 0.6416415621891084, 0.11175640417762614], [-0.1257497381610871, 0.20788800229237203, 0.5745407558977956, -0.6965011415233509, -0.5105374349614645, -0.257085414757278, -0.56677373737437, -0.136594487150013, 0.2853024604050808, 0.7244135016636961, 0.5821144667537772, 0.030553239311899974, 0.33324268516041416, -0.19303789726931303, -0.028502856447042705], [-0.4803925283375986, -0.6070592706207624, -0.2499032996076115, -0.02112115065347811, -0.5444931313164573, 0.46166076087267427, 0.15985205026275645, -0.3945968084283735, -0.04555502857013913, -0.030776270725038163, 0.5014748935672714, 0.7526913894765818, 0.19151169613421853, 0.5855244036556163, 0.054289829682381885]], "inverted": false, "swapped": false, "error_lsq": 0.04306752768982018, "error_max": 0.22708371522126813, "target": "655.xyz", "model": "23.xyz", "model_rescale": 4.410303926677745, "target_rescale": 4.074799143773492},
{"mapping": [0, 12, 13, 3, 2, 10, 4, 5, 1, 7, 11, 9, 14, 15, 16], "R": [[0.5011966042823304, -0.3335606310041558, -0.7984605621444121], [-0.5022429346937008, -0.863529536498107, 0.04548377892857189], [-0.7046658771404501, 0.37822486041966313, -0.6003265416041559]], "T": [0.1695376613928593, 0.0714690413091263, 0.09495210230293116], "aligned_model": [[-0.18067789872947093, 0.3528123861348258, 0.44220401893936107, -0.4977811874648198, -0.09087886949651369, -0.16205975888089819, 0.11832670880255841, 0.5245799037426685, -0.6795125268170169, -0.196377878284906, -0.05318709356355239, 0.35566036700602155, 0.6019178292604714, 0.8236793661321431, 0.06806319158691926], [-0.04352696885583657, 0.17136029408553247, 0.6519416388787056, -0.5032621830676808, -0.6021056931991398, -0.2090594484232951, -0.6147912077542814, -0.30444795877816294, 0.19481648549679786, 0.5472621569958751, 0.48100565784139493, 0.021321477751936088, 0.49881998148932005, -0.08002538738586819, 0.013963558765819672], [-0.5642222222732842, -0.6813261646047635, -0.19295629417463833, -0.0884069943344026, -0.46305708996010175, 0.5798550447479637, 0.0773827573699585, -0.2631448798409075, 0.11026665366691324, -0.19080588195949255, 0.5231984447971438, 0.6909919868349126, 0.392556797118916, 0.3367418023108305, 0.06603357569299342]], "inverted": true, "swapped": false, "error_lsq": 0.042021325737387684, "error_max": 0.27639563947700774, "target": "655.xyz", "model": "24.xyz", "model_rescale": 4.28219845311461, "target_rescale": 4.074799143773492},
{"mapping": [10, 5, 1, 14, 12, 2, 13, 9, 6, 8, 0, 4, 3, 7, 15], "R": [[0.47731151800361776, -0.8736146883372644, -0.09471584398856975], [-0.6789943048527187, -0.29824751859259613, -0.6708316865137878], [0.5577996492995094, 0.38450720926238047, -0.7355363738569294]], "T": [0.14007407371412817, -0.04317656375069072, 0.009741740660288179], "aligned_model": [[-0.4508590173077699, 0.36530028502670164, 0.28423401391685005, -0.49161920001043746, 0.11523421096598001, -0.3079756667008221, 0.20436029461012428, 0.6977705122919735, -0.6760051366662115, -0.1581400610747723, -0.20811881952480304, 0.3849237946331525, 0.7781759868174919, 0.7781052793597617, 0.11138208203057184], [0.023109984819263976, 0.419419207678105, 0.5805576986810579, -0.4442070124015741, -0.7391402453235578, -0.23466398744988387, -0.5706537613160481, -0.235101030373203, 0.331839791700648, 0.46622649432461977, 0.43787364784101246, 0.15749434006206953, 0.3768949196488957, -0.3437990538238526, -0.002578590226435973], [-0.5157190040598731, -0.6689032231522514, 0.0026086938959949627, -0.13267599728215196, -0.30559527807239784, 0.4907448810523867, 0.2753571483242879, -0.3204299804003161, 0.08440492094360061, -0.3556661289381285, 0.5691222686207155, 0.6688535487433765, 0.1378481112595791, 0.33850959923958435, 0.064647975217634]], "inverted": false, "swapped": false, "error_lsq": 0.04853307359651592, "error_max": 0.3264110480728299, "target": "655.xyz", "model": "25.xyz", "model_rescale": 4.100010024507729, "target_rescale": 4.074799143773492},
{"mapping": [10, 8, 0, 3, 12, 7, 2, 6, 5, 13, 11, 14], "R": [[0.2257668761963842, 0.8267456696512352, 0.515287216341971], [-0.9741040406903458, 0.1982473728516833, 0.10871659058371426], [-0.012273366419520704, -0.5264879646016007, 0.8500939875133784]], "T": [0.07817818363750649, -0.037949487796088054, 0.06384351676557057], "aligned_model": [[-0.7045565583827981, 0.09674656100588, 0.4441748745439518, 0.6572553358925269, -0.5529037119124348, 0.2058220087478036, -0.3747332938158825, 0.4464961550078496, 0.03222592147594307, -0.02271872778181934, -0.3190866539123319, -0.031956308505681486], [-0.26902508475219733, -0.8082902878258614, -0.3427704505188216, -0.366354480577386, 0.591234320188357, 0.7637605568779332, 0.2993260927636563, 0.3201553109562604, -0.3025912725418925, 0.6280564030804042, 0.15715264619501523, -0.004522363794828142], [-0.031649096104033464, 0.06745858797011534, 0.5261192150216587, -0.16697642544579488, -0.0036226021526746255, 0.17610851908468372, 0.6297597775631785, -0.3497127711046646, -0.4587742897181377, -0.4157046157235508, -0.46362939142479764, 0.055815381888374066]], "inverted": true, "swapped": true, "error_lsq": 0.043395268013212106, "error_max": 0.2359358786213416, "target": "655.xyz", "model": "26.xyz", "model_rescale": 3.6694154284099745, "target_rescale": 4.074799143773492},
