[{"mapping": [8, 5, 10, 1, 0, 7, 13, 12, 11, 4, 9, 14], "R": [[0.49421745117266264, -0.544494020051319, 0.677698585718423], [-0.829666138263917, -0.06260926138642192, 0.5547379375947581], [-0.2596212818214943, -0.8364247381067831, -0.482690840505974]], "T": [-0.012790719082890667, -0.08016331138030036, 0.108781540864074], "aligned_model": [[-0.2549761668230849, 0.03979202903802218, 0.4011631013511494, 0.025026996735736308, -0.09520532621435077, -0.5777087708429365, 0.4083900487759688, -0.19012952932226687, 0.6481368900810683, -0.06784606340340173, -0.5613260841965112, 0.0623253372811561], [-0.31551749395967404, -0.7420888729489303, -0.13650933410507732, 0.6819758267367011, 0.24254645904309474, -0.528304535527093, -0.4420443633844088, -0.5376037617236031, 0.23909182075139923, 0.5296367423312225, 0.100380492737217, -0.03800794397379054], [-0.5606334984171715, -0.09065927558364688, -0.5458875399646147, -0.1888357164291979, -0.6317781026331869, 0.1429088695943478, 0.5045151686567932, 0.5966221471247395, 0.061327952214978346, 0.47009186324159563, 0.38927559325029915, 0.035004284298626745]], "inverted": true, "swapped": true, "error_lsq": 0.04928678365975841, "error_max": 0.26341331444160077, "target": "656.xyz", "model": "0.xyz", "model_rescale": 3.751011558992144, "target_rescale": 4.116799711255254},
{"mapping": [2, 8, 9, 10, 4, 12, 0, 7, 3, 1, 13, 5, 6, 11, 14], "R": [[0.5064122221981664, 0.7760870308309205, 0.37581322726104416], [-0.050604554266913404, 0.4618279552353025, -0.885524770320191], [-0.8608053440213776, 0.42942270589621323, 0.2731488593514759]], "T": [0.02021120774866026, -0.02237845780573668, -0.0863886094661327], "aligned_model": [[0.1291215786520163, 0.5696290671876603, -0.45004725457728256, 0.030758975743348134, 0.6557300834398628, -0.6539526913233256, 0.2620446062317947, -0.10533096446679324, -0.3226735689169594, 0.5170932705068527, -0.4710723354842612, -0.028734351586540134, 0.05679740551850056, -0.4951027133666559, -0.03347894615793047], [-0.6657241895078101, -0.07902180037850762, 0.28196237088012355, 0.7764830671112511, 0.4484607982345672, -0.18002673923043647, -0.6850781751007069, -0.22359162497930268, -0.7012463972586278, -0.14013077417375727, -0.3253630715020139, 0.010131860741852277, 0.3334682101367274, 0.4672864633441769, -0.012562255085844631], [-0.5943087829171637, -0.45428777990760555, -0.4334091563217011, -0.2712203078473796, -0.08674006559596532, 0.18310194812189717, 0.1926278964519753, 0.5328281927515174, -0.015860315663368374, 0.3878773044840115, -0.5272321217382344, -0.7081871768534491, 0.5737328523249022, 0.2761176892745689, -0.08140644316861965]], "inverted": true, "swapped": false, "error_lsq": 0.04260986416594622, "error_max": 0.3385456079809304, "target": "656.xyz", "model": "1.xyz", "model_rescale": 3.9405287249114394, "target_rescale": 4.116799711255254},
{"mapping": [3, 13, 9, 10, 5, 4, 11, 2, 8, 6, 0, 1, 14], "R": [[-0.9851253075939862, -0.02092551031249201, -0.170558644917272], [-0.011220983340278757, 0.9982729166669732, -0.057665183448001985], [0.1714707493152446, -0.054893595868519364, -0.9836587188969008]], "T": [-0.07665013640162882, -0.00033396007469770755, -0.16573897455432773], "aligned_model": [[-0.2582857516456246, 0.29358329635901437, -0.6313252227820207, 0.4416101655376394, 0.5045956779550076, -0.6791765471494371, 0.09972442718204144, 0.606354005649258, 0.18864168728480712, -0.4372520808823331, -0.09567536296044361, -0.500272020861179, -0.036538994402798564], [0.7163338872796862, 0.5348322878732111, -0.08200961244664562, -0.2881608129182547, -0.18618585306414248, 0.3098042435737471, 0.3774402841924354, 0.2045869323329224, -0.7011952428714714, -0.6452915106357561, -0.6169020356486375, -0.15252443862842896, -0.011895535466648125], [0.06583160320867043, -0.36940667327799065, -0.47851471173374116, 0.3359443990369352, -0.49482773292865695, 0.04922279993233358, 0.4402145060960929, 0.13746331694854924, -0.141747565003806, -0.25163529103193083, 0.3623180279648863, 0.5185452022046849, -0.060287531827382404]], "inverted": false, "swapped": true, "error_lsq": 0.048596969536688024, "error_max": 0.35302291242156114, "target": "656.xyz", "model": "2.xyz", "model_rescale": 3.932901565614263, "target_rescale": 4.116799711255254},
{"mapping": [10, 1, 0, 2, 8, 7, 6, 5, 13, 12, 4, 3, 9, 14], "R": [[0.9526359016664971, 0.17785131941721852, -0.24668552255374543], [-0.2888880112137109, 0.7826723853682191, -0.5513326166290261], [0.09501871306772579, 0.596483734366308, 0.7969809275028963]], "T": [0.05450879532307122, -0.057970519870697436, 0.08272408893473873], "aligned_model": [[-0.26531632997668764, 0.6793989576540969, 0.16922327401837334, -0.4030240116335749, -0.30168928422877445, -0.2397307308748476, 0.22826689591874844, -0.6327304998976225, -0.26253675749438893, -0.20292135714294252, 0.7381870225933164, 0.4395331325645103, 0.4150547850264743, 0.05809481552602268], [0.12046817926378625, -0.027860822920488394, -0.33066826611584066, 0.4931218301091418, -0.5232288640259034, -0.6313574849148351, -0.7537501922460513, -0.14716860874604232, 0.42141673807883084, -0.12485836064266029, 0.0736434588881098, 0.5654536641427709, -0.4662704754545216, -0.005444157065807954], [-0.6021085658066261, -0.44592321172015414, -0.6734761997075149, -0.21287667582825961, -0.3850573541432952, 0.40795958221724127, -0.11496493847961592, 0.10352999599925622, 0.4496385388192704, 0.7214298190658877, 0.22657883391475708, 0.33437420151379504, 0.4225207354582804, -0.01772839824592523]], "inverted": false, "swapped": true, "error_lsq": 0.04195519984739161, "error_max": 0.2792418652776314, "target": "656.xyz", "model": "3.xyz", "model_rescale": 3.9243930471874484, "target_rescale": 4.116799711255254},
{"mapping": [1, 11, 0, 6, 8, 4, 9, 10, 5, 13, 7, 12, 14], "R": [[0.22943008898375727, 0.9711444695775535, 0.06511722873278568], [0.9732335311643374, -0.22981240759065963, -0.0016586545088051324], [0.013353953957547179, 0.06375481571079332, -0.9978762425207762]], "T": [-0.096859372304835, -0.033709171459110905, -0.07318945205089826], "aligned_model": [[-0.005949118654357363, -0.36802338764917947, 0.5332828521790391, 0.42478649411437264, 0.6483366360734346, -0.5339110535655084, -0.18539645566102067, 0.35292370851918586, 0.20610443699827236, -0.532873922851216, 0.17841153474693705, -0.373315837092856, -0.06717000084575082], [-0.5982078417545557, 0.1154947138910121, -0.2956233213213802, -0.5169893797950273, 0.04656962039047536, -0.5727454182344931, -0.5256528648215897, 0.30052111095373935, 0.5355626935036616, 0.4848280459004122, -0.021698347580376996, 0.1931048690437342, -0.017334326494024523], [-0.6596524554314308, -0.7404294871222759, -0.5132850143968315, 0.14523218573243435, -0.05318690604045063, -0.22765012041311633, 0.3296959073769016, -0.6108785291620087, 0.18142694125005288, 0.004054998265259138, 0.594050612986465, 0.5191081846587703, -0.1814160023328056]], "inverted": true, "swapped": true, "error_lsq": 0.03378015726558987, "error_max": 0.24661032763394142, "target": "656.xyz", "model": "4.xyz", "model_rescale": 3.8936222436046832, "target_rescale": 4.116799711255254},
{"mapping": [6, 1, 8, 7, 10, 11, 3, 13, 12, 9, 5, 14], "R": [[-0.014501093929085468, -0.1125907115882474, -0.9935356309357568], [0.9988911477260938, -0.04614158705164342, -0.009350344314680292], [-0.04479054888374662, -0.9925695369133631, 0.11313496860955502]], "T": [-0.07607550413744157, -0.06376420810774458, 0.014301339125236373], "aligned_model": [[0.03986069226577721, -0.6768807044172733, -0.18748718744115525, 0.5318621915542094, -0.6804843543511888, -0.6825797449294727, -0.2300683733639683, 0.08422440179041027, 0.5588524574995796, 0.3294919080784293, 0.12837927969671512, -0.1876225241669656], [-0.43855442006572837, -0.6134030074685084, 0.1524610277871016, 0.011785814596585495, 0.3367517218317258, 0.019878027241698265, -0.24375710368601863, 0.3672438596002546, 0.12002674335521679, -0.555554773503518, 0.5563959161589906, -0.04435090073799244], [-0.6177376446071358, -0.07397424567714977, -0.6949207427054737, -0.3675776846203952, -0.2639093306376903, 0.4219256384381257, 0.7519448752664071, 0.5177814528436472, 0.21869470016216377, -0.06199505230864166, -0.21869371524292638, 0.007746468364587507]], "inverted": true, "swapped": true, "error_lsq": 0.03776010478727459, "error_max": 0.19195524777457426, "target": "656.xyz", "model": "5.xyz", "model_rescale": 3.6523030999806103, "target_rescale": 4.116799711255254},
{"mapping": [3, 13, 2, 11, 10, 4, 5, 1, 9, 6, 8, 0, 14], "R": [[-0.1746814853048828, -0.11714867542218216, -0.9776310994125077], [-0.881005146331997, -0.4247752059859684, 0.20831696166206687], [-0.43967750775792136, 0.8976871460739575, -0.029008222030602715]], "T": [-0.11122065102907697, -0.02675616836598651, 0.06663501203318407], "aligned_model": [[0.002030581785490121, -0.20730219806229938, 0.39430717862233544, 0.4952955269476258, 0.5531658718276351, -0.13336435269636554, -0.2106904144537096, 0.39507633294294153, -0.5891572912664619, -0.2770667594139392, 0.04290291104138125, 0.41381197342988585, 0.0020735439597751593], [-0.5620147047742635, 0.12438749544618233, 0.35963241148326486, -0.240952658932672, 0.3650066465258161, -0.7373175735482933, 0.6509015465894956, -0.5459083634759245, -0.3545253098265139, -0.026680729748258435, 0.4871268797265699, 0.04433608576194494, -0.02316482106416495], [0.6151800786504769, 0.7245713071172158, 0.5088615813236445, 0.42336877312784404, -0.02412120117746981, 0.07330520267445301, 0.17421205999783795, -0.31416236144988563, -0.20960398455207985, -0.6585389286293423, -0.4571321286586049, -0.5487095935569574, 0.06287893461465724]], "inverted": false, "swapped": true, "error_lsq": 0.054386018689120026, "error_max": 0.2916608465598589, "target": "656.xyz", "model": "6.xyz", "model_rescale": 4.08911054899281, "target_rescale": 4.116799711255254},
{"mapping": [1, 9, 12, 10, 8, 7, 0, 6, 2, 3, 13, 11, 4, 5, 14], "R": [[-0.7115238758173335, -0.7026489224389545, -0.004273866780322558], [-0.6617485993655592, 0.6680369746738335, 0.3403166050993583], [-0.23626799482706162, 0.24497161522104577, -0.9403011976789095]], "T": [-0.053798481011303065, -0.0014269170286260735, -0.09002821083228763], "aligned_model": [[0.14297396824570563, 0.6634502481525121, -0.5605604006690172, -0.03423281542449616, 0.4820329175641798, -0.7159445274055114, 0.40196153451320304, -0.05624777323646061, -0.3372488567220825, 0.5271116048732277, -0.5682951463113056, 0.01676616859456026, 0.109703899190521, -0.4831334009989085, 0.07244474103415992], [-0.5905745614965258, -0.14156172504271555, 0.33228359210078917, 0.6792598431191885, 0.41679518487034667, -0.19376069089119943, -0.7485716240416878, -0.2801215983349151, -0.7488008598069313, -0.1556230409445957, -0.27047506672557503, 0.14844624037696297, 0.37809776298463904, 0.5154536938080038, -0.035799406744093445], [-0.48006886908052504, -0.37370726188036363, -0.46396880891253334, -0.3257348458504813, -0.0341358225416543, 0.2619082851634388, 0.2545204477565348, 0.3240566138505993, 0.015932241491599858, 0.42496544325744134, -0.5358990406602195, -0.6531354207598803, 0.4810037310338585, 0.2691474985408783, -0.19125045801330776]], "inverted": false, "swapped": false, "error_lsq": 0.051185858287927787, "error_max": 0.3261458458197192, "target": "656.xyz", "model": "7.xyz", "model_rescale": 3.964800864290218, "target_rescale": 4.116799711255254},
{"mapping": [3, 11, 13, 4, 12, 1, 9, 2, 10, 8, 6, 7, 5, 14], "R": [[0.9880312750787537, -0.09529741686253423, 0.12129551436710562], [0.11198807308007441, -0.09760916021316182, -0.9889040010690083], [0.10607955012189797, 0.9906517320339222, -0.0857687289408328]], "T": [-0.017866775632909174, 0.021756646094994253, 0.06178044668928571], "aligned_model": [[-0.12973187012527151, 0.16633994275357442, 0.42127387689505597, -0.5923733141527121, 0.09841524518838184, -0.49320759070796283, -0.5600592318193287, 0.6661146073111649, 0.43591485822860676, 0.16463533155296364, -0.44385923612075306, -0.04297024910666436, 0.5559151249182572, 0.014780394645560701], [-0.16835661056628945, -0.5774717530575828, 0.22481975378632882, -0.14331735548664057, 0.6705237837275833, -0.6414443513953433, 0.36378063660252835, -0.3133331664214476, -0.5218647471700134, -0.047396309071101844, 0.1023203130036584, 0.6418884772900432, 0.30711434140501936, -0.08631454646554029], [-0.680898745774039, -0.3229196931256303, -0.4187162762670895, -0.3230898648459061, -0.1486214760821304, 0.13303929715600787, 0.09657923663151924, -0.08070865854338308, 0.38065699753067905, 0.7857091219295662, 0.666281977502193, 0.4304726816341562, 0.3264167065828788, 0.07261373439619942]], "inverted": true, "swapped": true, "error_lsq": 0.04204222286693176, "error_max": 0.2965288813579028, "target": "656.xyz", "model": "8.xyz", "model_rescale": 4.121658175737393, "target_rescale": 4.116799711255254},
{"mapping": [12, 9, 4, 3, 7, 5, 6, 10, 1, 8, 13, 11, 14], "R": [[-0.5431950980297462, 0.04528355776444584, 0.8383844493265896], [0.2867897721426583, -0.9284789363860102, 0.23596290234243586], [0.7891075415118126, 0.3686139770596034, 0.4913583456556788]], "T": [-0.05572749230314529, 0.001446407085938902, -0.045221514752370746], "aligned_model": [[-0.6692116525101486, -0.1263629771133677, 0.3768806038390152, 0.22632310354898522, -0.6305203353630152, -0.585410867413986, 0.008184989231907594, 0.2040983334208098, 0.7401870170868844, -0.13535215525153807, -0.38957237851167514, 0.4318293471176793, 0.025664468353646483], [0.16764409255125953, -0.2851612737336685, 0.13972034553806612, 0.6532274548001713, -0.4125608286096111, -0.04105435156229857, -0.7279205495589134, -0.04676272236090179, -0.1803770160656032, -0.5763168478292132, 0.5919130597959481, 0.4914172714051892, 0.01661880504128512], [-0.3185432864158319, -0.6153361444457641, -0.592179372908342, -0.35483120430054355, -0.18428564711329654, 0.4001056025094686, -0.17683161631020602, 0.685046015161675, -0.1109681029080895, 0.4259593544378364, 0.024441697703102526, 0.2062101210365983, 0.032288017512481566]], "inverted": true, "swapped": true, "error_lsq": 0.03963290582088123, "error_max": 0.28222901279896206, "target": "656.xyz", "model": "9.xyz", "model_rescale": 3.833441315466971, "target_rescale": 4.116799711255254},
{"mapping": [2, 13, 4, 1, 0, 7, 8, 11, 9, 10, 3, 5, 12, 6, 14], "R": [[0.2990388641499652, -0.7249544893441905, 0.6204971765508711], [0.08837472973120047, -0.6264172390505505, -0.7744619743830056], [0.9501398133289838, 0.28643049942348964, -0.12325544258642057]], "T": [-0.0358897244300943, 0.017731293191713536, -0.008729286768181993], "aligned_model": [[0.050346195210944335, 0.5597931443958559, -0.6069438024472255, 0.15092737011243418, 0.5583403612739446, -0.5136859155784352, 0.26178393163835556, -0.10998624532001663, -0.16806664472523053, 0.6176028691535763, -0.6581015288922013, 0.1038958470894566, -0.0296896096244735, -0.47694374264477807, -0.07849006824191948], [-0.4339951682915594, -0.128000433567624, 0.2737360706207447, 0.7252120125654422, 0.33161632817809983, -0.3543660435640122, -0.6569004627963755, -0.21598263201020498, -0.7697474457266753, -0.15311634928378162, -0.4170819563792853, 0.20612535467381668, 0.425076047040018, 0.5336610838892001, -0.061188662116112257], [-0.561139302143628, -0.5182493796179954, -0.5029674621489951, -0.10962199123656466, -0.11913649558822234, 0.2690626290343665, 0.24390038423665047, 0.6278432446862408, -0.151265682209879, 0.459792491500153, -0.43076217427003183, -0.643081612420292, 0.43517595920153407, 0.014016528944706577, -0.039933404572657594]], "inverted": false, "swapped": false, "error_lsq": 0.044711063960917063, "error_max": 0.2872623460924456, "target": "656.xyz", "model": "10.xyz", "model_rescale": 4.2482417240324, "target_rescale": 4.116799711255254},
{"mapping": [4, 1, 10, 8, 3, 13, 11, 5, 6, 12, 9, 14], "R": [[-0.791077158536456, -0.6089756281447929, 0.05784127909669746], [-0.5297792499878455, 0.729318928704985, 0.4329293782072649], [-0.3058281797418332, 0.3118374329009717, -0.8995701973262171]], "T": [0.01419917142854359, 0.08926737977726293, -0.08947660718686869], "aligned_model": [[-0.6781149683923982, -0.334354911088912, 0.5131332684064268, 0.6400765382700586, -0.5964283608339723, 0.013822777579173561, -0.17182298836181817, 0.6331591488717874, 0.1343192075020424, 0.007910605553861059, -0.3206940490263364, 0.035759333883093866], [-0.07128054876142623, -0.5829466453390164, -0.1698140679914654, -0.30620969285358735, 0.38987877256068093, 0.7423455145818006, 0.0961052785409506, 0.3922670280287065, -0.4762792245822334, 0.6469172229245141, -0.03457390666809604, 0.03972165960981136], [-0.07055994925528287, 0.22277430684801247, 0.44630862536143767, -0.20795565119676906, 0.28065315386177225, 0.10659747918780087, 0.6221061260428804, -0.1654160120185349, -0.5575689023643801, -0.498959674872531, -0.6230250043117422, 0.010237792571693258]], "inverted": false, "swapped": true, "error_lsq": 0.0529134887427464, "error_max": 0.3073480396824636, "target": "656.xyz", "model": "11.xyz", "model_rescale": 3.6694154284099745, "target_rescale": 4.116799711255254},
{"mapping": [13, 12, 7, 9, 4, 2, 11, 10, 6, 0, 8, 1, 5, 14], "R": [[0.9726948220098321, 0.20785872774629474, -0.10324501215532506], [0.21534714254833734, -0.6424235199701926, 0.7354710253880665], [0.08654704750323708, -0.7376223764832515, -0.6696438144862337]], "T": [0.09592832235636767, 0.03776949597540345, -0.13392223031982994], "aligned_model": [[-0.19786760375052898, -0.06891347891377281, -0.11626903944246736, 0.5231717245705838, 0.7833421316864659, -0.43007956481721016, 0.16146574322227497, -0.3232056598930212, 0.28398626611442923, 0.12470466653607745, -0.2905508929208604, 0.6412298888295156, -0.5755266198269724, 0.08277728886129597], [-0.3167974095011826, 0.2686936730680968, 0.6935510224943898, 0.47730283562556997, -0.11972157669223267, -0.5216895092557482, -0.6732418179330969, -0.2594576234771757, 0.6531287857932355, 0.12308593787261572, 0.417042629489167, -0.166140888671576, 0.19120705337823257, -0.035975824054041025], [-0.6368362413828683, -0.7649455906895177, -0.3485160458701814, -0.3248084372861716, -0.22387311844026964, -0.030287371930589196, 0.0426244914952367, 0.44840670551249684, 0.23937300913252238, 0.6730817199367931, 0.3846793349728176, 0.4422105963384728, -0.21324568409642888, -0.04876790803989728]], "inverted": false, "swapped": true, "error_lsq": 0.03930326667073913, "error_max": 0.24706781478743606, "target": "656.xyz", "model": "12.xyz", "model_rescale": 3.9764082729961374, "target_rescale": 4.116799711255254},
{"mapping": [6, 13, 3, 10, 12, 7, 5, 0, 4, 9, 14, 11, 2, 8, 15], "R": [[0.6813921944839504, -0.7304962172210547, 0.04560651183850575], [-0.688815198122624, -0.618950825102793, 0.3774036286787158], [-0.24746373498279808, -0.28857434523931824, -0.9249251575873921]], "T": [0.05678154171556819, -0.05005431089781759, -0.05107535765436305], "aligned_model": [[0.1223674943098841, 0.3656850583612786, -0.7196514709677807, 0.24686256329572032, 0.6544342502592819, -0.5746533048943221, 0.4679587560294222, -0.06955514034858039, -0.2436906033100944, 0.425919893867308, -0.22076955674378784, -0.16908993389009058, -0.24474923134276666, -0.3472633058426194, -0.033023307382566175], [-0.6496101663012581, -0.055561691211847924, 0.09010087829012003, 0.7100188294964389, 0.1673559107160721, -0.17921459230550174, -0.7225439229876027, -0.27853017389982226, -0.674865859112767, -0.14015072009952126, -0.17234260241765595, 0.4266394706445667, 0.3589415890705015, 0.5298873557377923, -0.10507656238782331], [-0.5199997276469839, -0.5793071555924356, -0.34425064152522983, -0.23081106764134374, -0.10358793192405649, 0.3434387170203211, 0.23443283118642522, 0.6263799960721925, 0.1365165959581068, 0.4148845553609942, -0.7905474673895667, -0.6446154269807349, 0.5637913438461062, -0.05933738586423465, -0.07335350148417481]], "inverted": false, "swapped": false, "error_lsq": 0.039982198032370214, "error_max": 0.3383474957978978, "target": "656.xyz", "model": "13.xyz", "model_rescale": 4.170626492500431, "target_rescale": 4.116799711255254},
{"mapping": [12, 13, 7, 5, 9, 0, 8, 3, 4, 2, 11, 10, 1, 14], "R": [[0.7210519705242656, 0.691954968100388, -0.035810304721746455], [0.6723077162607405, -0.7112080165824717, -0.20539107041226076], [-0.16758994736958768, 0.12402209186277023, -0.9780246061682912]], "T": [0.024218166995854447, 0.03745894896339015, -0.020454989659583533], "aligned_model": [[0.07897276961780286, 0.09995909237028283, -0.27188018235094696, -0.5605617486446398, 0.32912761020864284, -0.32046174201894695, -0.6434500700454495, 0.6734785935766773, 0.6955997417968105, -0.28968818726177353, 0.22938092388999232, -0.48469570315538724, 0.3071811426238757, 0.00022078148470282277], [-0.39995170304720834, -0.6395039907601633, 0.06649040399904167, -0.3046133769603911, 0.32331565332225953, 0.6723860713608262, 0.37812900429892776, -0.27452481802187106, 0.2641871443603524, -0.41736889430750423, -0.1212038428152346, 0.10197134377775403, 0.6481292495938336, 0.05863222312504309], [-0.5537120865120777, 0.010216326647918869, -0.6781863776007613, -0.1677845787576929, -0.5077743935646171, 0.35025467913501734, -0.03848041099928636, 0.2647751985321543, 0.036759098913073704, 0.5226962724383977, 0.6678293619799862, 0.5626136759407205, 0.4463169200242506, 0.0883494149437824]], "inverted": false, "swapped": true, "error_lsq": 0.042416426483138224, "error_max": 0.26789349996730516, "target": "656.xyz", "model": "14.xyz", "model_rescale": 3.9786697098870705, "target_rescale": 4.116799711255254},
{"mapping": [5, 10, 7, 12, 8, 6, 11, 1, 9, 13, 0, 14], "R": [[0.4359781436141375, 0.11932160834453184, 0.8920120022022374], [0.5239522264559472, -0.8395235467407564, -0.14378553077301126], [0.731708359035638, 0.5300590233642806, -0.4285327397848136]], "T": [0.09661814011021824, -0.10933329453777645, 0.08031058603253038], "aligned_model": [[0.0117338460602463, -0.6301609119024798, 0.601408901273246, 0.6019409594407115, -0.12176522644539209, 0.33627245370879, -0.4730433362055642, -0.21922864006137305, 0.668599487413317, 0.07876776541311627, -0.35829856245564634, -0.012872139471634986], [-0.320850641293424, 0.024650589109840734, 0.011445666883328168, -0.5209813914487911, 0.35723762185642743, 0.5767580084913501, -0.3405691024085981, 0.4084666964317066, 0.13512084051887308, -0.7885565078350846, 0.5613915098007409, -0.08943879988193007], [-0.5744734259655605, -0.15836235671579282, -0.4214128103453004, -0.15181862134473229, -0.4644665815851531, -0.07851861611492833, 0.4840639644497826, 0.6307524613704041, 0.23919274236432567, 0.02292217412718689, 0.02989848883551513, 0.1021890747980832]], "inverted": false, "swapped": true, "error_lsq": 0.04872950081626484, "error_max": 0.2972125660348969, "target": "656.xyz", "model": "15.xyz", "model_rescale": 3.769337070930944, "target_rescale": 4.116799711255254},
{"mapping": [13, 4, 5, 7, 2, 11, 10, 1, 8, 6, 14], "R": [[0.32486345402167854, 0.1614491392494412, 0.9318787000874733], [0.7947652363120369, 0.48749297753588444, -0.3615229121412218], [-0.5126518851920634, 0.8580703772353477, 0.030054489185662836]], "T": [-0.16306245004502948, -0.017914623072388593, -0.05755006309582533], "aligned_model": [[-0.2171762803279365, -0.29890386612224545, -0.1496537824183319, -0.6900523073766907, 0.4088439181699519, 0.4098668112877437, 0.553161670396169, 0.24359549374502523, 0.05850991650292328, -0.3447731059799033, -0.05079233718553486], [0.08081445395902195, -0.7132675702891523, 0.652989546117173, 0.43260088320264395, 0.2384924743252009, -0.35909983447390176, 0.2713390923288132, -0.5701916601969157, 0.5144183686854831, 0.07982739605778422, -0.03185865209080848], [-0.7300680940068214, 0.0013034327771634519, -0.2318912146343184, 0.1435596219661382, -0.5131786027810514, -0.36794610052684806, 0.022945542664679186, 0.39020173012853665, 0.4217088955466693, 0.6571596099809285, -0.04957721389129917]], "inverted": true, "swapped": true, "error_lsq": 0.038691834206419966, "error_max": 0.1751910995839532, "target": "656.xyz", "model": "16.xyz", "model_rescale": 3.7852294659196426, "target_rescale": 4.116799711255254},
{"mapping": [11, 8, 5, 10, 1, 6, 9, 7, 13, 3, 4, 12, 14], "R": [[0.5976146977395256, -0.7690067106106744, -0.2269038388424628], [-0.7731031137371092, -0.47766682318024434, -0.41730801761154757], [0.21252823006763621, 0.42480946913721684, -0.8799821966129054]], "T": [0.011821609142977915, 0.06941162639093866, 0.010839475402560228], "aligned_model": [[0.17067339924239, -0.38892199260453564, 0.30174508351934176, -0.11514537761110002, -0.5819632003216235, -0.6401220624975337, -0.23145259299101473, -0.027277656758286004, 0.69184939479705, 0.37524867489646047, -0.1528597500010502, 0.4663492669596712, -0.014357336413486712], [-0.0957594492550501, -0.47272079577835, -0.4028940894809311, -0.647774021165585, 0.15071950311412208, 0.11301521792503638, 0.5957343447747679, 0.128346735639346, 0.05700167880295066, 0.47033259229391006, 0.6495591190282903, 0.3310948541552518, -0.0016000663508848045], [-0.688077981508807, 0.33895360137388386, 0.42744327217297573, -0.25869415206428925, -0.547435462732843, 0.36643806565092185, 0.28645893062792993, 0.7292582508074604, -0.03778606437899818, -0.5436083396525291, -0.3656459588952949, 0.46207752004274394, -0.07362698429997988]], "inverted": true, "swapped": true, "error_lsq": 0.04418058294099078, "error_max": 0.22158087220753658, "target": "656.xyz", "model": "17.xyz", "model_rescale": 3.901054581598922, "target_rescale": 4.116799711255254},
{"mapping": [2, 8, 9, 10, 4, 12, 0, 7, 3, 1, 13, 5, 6, 11, 14], "R": [[0.5064122221981664, 0.7760870308309205, 0.37581322726104416], [-0.050604554266913404, 0.4618279552353025, -0.885524770320191], [-0.8608053440213776, 0.42942270589621323, 0.2731488593514759]], "T": [0.02021120774866026, -0.02237845780573668, -0.0863886094661327], "aligned_model": [[0.1291215786520163, 0.5696290671876603, -0.45004725457728256, 0.030758975743348134, 0.6557300834398628, -0.6539526913233256, 0.2620446062317947, -0.10533096446679324, -0.3226735689169594, 0.5170932705068527, -0.4710723354842612, -0.028734351586540134, 0.05679740551850056, -0.4951027133666559, -0.03347894615793047], [-0.6657241895078101, -0.07902180037850762, 0.28196237088012355, 0.7764830671112511, 0.4484607982345672, -0.18002673923043647, -0.6850781751007069, -0.22359162497930268, -0.7012463972586278, -0.14013077417375727, -0.3253630715020139, 0.010131860741852277, 0.3334682101367274, 0.4672864633441769, -0.012562255085844631], [-0.5943087829171637, -0.45428777990760555, -0.4334091563217011, -0.2712203078473796, -0.08674006559596532, 0.18310194812189717, 0.1926278964519753, 0.5328281927515174, -0.015860315663368374, 0.3878773044840115, -0.5272321217382344, -0.7081871768534491, 0.5737328523249022, 0.2761176892745689, -0.08140644316861965]], "inverted": true, "swapped": false, "error_lsq": 0.04260986416594622, "error_max": 0.3385456079809304, "target": "656.xyz", "model": "18.xyz", "model_rescale": 3.9405287249114394, "target_rescale": 4.116799711255254},
{"mapping": [2, 10, 9, 13, 14, 8, 1, 0, 6, 12, 5, 11, 4, 7, 15], "R": [[0.19282415637293468, -0.66404283725062, 0.7224029035207521], [-0.30671944249295807, 0.6585369818973872, 0.687206102323233], [-0.9320633177611247, -0.35408495275798924, -0.07669301085821]], "T": [0.06869413598993972, 0.009280675760717574, 0.01242300921685316], "aligned_model": [[0.07212888891425527, 0.49503293344072136, -0.48969333758773675, 0.14502101734780326, 0.68475264296888, -0.6234571067036013, 0.2999437621475441, -0.19293233143344585, -0.2619036267821529, 0.47632752466387246, -0.48187132174764985, 0.06457529314372078, -0.11179270946613541, -0.49096136359216697, 0.07561189608637928], [-0.6872106770452722, -0.21002665947038834, 0.34976811307016287, 0.6536803689148724, 0.3517547181804544, -0.2772490696971489, -0.5590220143969185, -0.3433189560665796, -0.6607827562006598, 0.15180395755846282, -0.34044134503744317, 0.2570768555459614, 0.22938860652860027, 0.40596358261185084, -0.016336981264263424], [-0.5073974222321984, -0.6105084151378497, -0.3891757723332425, -0.16151113929050814, -0.3083922153653804, 0.11777725802341146, 0.25547667971166554, 0.541478156753257, 0.014312980234574633, 0.3495597719604019, -0.5031687165448362, -0.6641812254116805, 0.6859525379284562, 0.17070738033725322, -0.017296125237938605]], "inverted": false, "swapped": false, "error_lsq": 0.03720208486602706, "error_max": 0.22412793046168727, "target": "656.xyz", "model": "19.xyz", "model_rescale": 4.410303926677745, "target_rescale": 4.116799711255254},
{"mapping": [3, 11, 13, 4, 12, 1, 9, 2, 10, 8, 6, 7, 5, 14], "R": [[0.9880312750787537, -0.09529741686253423, 0.12129551436710562], [0.11198807308007441, -0.09760916021316182, -0.9889040010690083], [0.10607955012189797, 0.9906517320339222, -0.0857687289408328]], "T": [-0.017866775632909174, 0.021756646094994253, 0.06178044668928571], "aligned_model": [[-0.12973187012527151, 0.16633994275357442, 0.42127387689505597, -0.5923733141527121, 0.09841524518838184, -0.49320759070796283, -0.5600592318193287, 0.6661146073111649, 0.43591485822860676, 0.16463533155296364, -0.44385923612075306, -0.04297024910666436, 0.5559151249182572, 0.014780394645560701], [-0.16835661056628945, -0.5774717530575828, 0.22481975378632882, -0.14331735548664057, 0.6705237837275833, -0.6414443513953433, 0.36378063660252835, -0.3133331664214476, -0.5218647471700134, -0.047396309071101844, 0.1023203130036584, 0.6418884772900432, 0.30711434140501936, -0.08631454646554029], [-0.680898745774039, -0.3229196931256303, -0.4187162762670895, -0.3230898648459061, -0.1486214760821304, 0.13303929715600787, 0.09657923663151924, -0.08070865854338308, 0.38065699753067905, 0.7857091219295662, 0.666281977502193, 0.4304726816341562, 0.3264167065828788, 0.07261373439619942]], "inverted": true, "swapped": true, "error_lsq": 0.04204222286693176, "error_max": 0.2965288813579028, "target": "656.xyz", "model": "20.xyz", "model_rescale": 4.121658175737393, "target_rescale": 4.116799711255254},
{"mapping": [3, 13, 2, 11, 10, 4, 5, 1, 9, 6, 8, 0, 14], "R": [[-0.1746814853048828, -0.11714867542218216, -0.9776310994125077], [-0.881005146331997, -0.4247752059859684, 0.20831696166206687], [-0.43967750775792136, 0.8976871460739575, -0.029008222030602715]], "T": [-0.11122065102907697, -0.02675616836598651, 0.06663501203318407], "aligned_model": [[0.002030581785490121, -0.20730219806229938, 0.39430717862233544, 0.4952955269476258, 0.5531658718276351, -0.13336435269636554, -0.2106904144537096, 0.39507633294294153, -0.5891572912664619, -0.2770667594139392, 0.04290291104138125, 0.41381197342988585, 0.0020735439597751593], [-0.5620147047742635, 0.12438749544618233, 0.35963241148326486, -0.240952658932672, 0.3650066465258161, -0.7373175735482933, 0.6509015465894956, -0.5459083634759245, -0.3545253098265139, -0.026680729748258435, 0.4871268797265699, 0.04433608576194494, -0.02316482106416495], [0.6151800786504769, 0.7245713071172158, 0.5088615813236445, 0.42336877312784404, -0.02412120117746981, 0.07330520267445301, 0.17421205999783795, -0.31416236144988563, -0.20960398455207985, -0.6585389286293423, -0.4571321286586049, -0.5487095935569574, 0.06287893461465724]], "inverted": false, "swapped": true, "error_lsq": 0.054386018689120026, "error_max": 0.2916608465598589, "target": "656.xyz", "model": "21.xyz", "model_rescale": 4.08911054899281, "target_rescale": 4.116799711255254},
{"mapping": [6, 0, 11, 2, 4, 9, 7, 12, 10, 13, 8, 1, 14, 15, 16], "R": [[-0.34315858225855844, 0.834831543393546, 0.43046310129608767], [0.19011357006322666, 0.5105392834096619, -0.8385740698193354], [-0.9198364082270883, -0.20592701195010493, -0.33390874179810065]], "T": [-0.06273116270184209, -0.031722758383768396, -0.0553552626807377], "aligned_model": [[0.09055241054612442, 0.5708706247051824, -0.6845826743554403, 0.17134879277837486, 0.5633816884338076, -0.5818957484838087, 0.33794067223785706, 0.007046881833641314, -0.2650371563437559, 0.460248004688685, -0.3445427906120452, -0.05481219820842874, -0.1765327077020732, -0.41774765808823605, -0.015455980029597513], [-0.6048378979189667, -0.16699791211529055, 0.19387582356131608, 0.6405969877085776, 0.2752861984816707, -0.2211522608099766, -0.6045789273125656, -0.29490977364979887, -0.780155052527204, -0.11964325608445385, -0.20303397783099217, 0.3646242276034408, 0.25904869359366556, 0.6041593575100431, -0.03723448697777408], [-0.506583931494294, -0.48000665612812893, -0.44045136437088606, -0.1755491178895446, -0.05084040776152902, 0.39423589386364616, 0.07538906192155387, 0.6308175475720785, 0.16837849703086344, 0.33897041818193807, -0.6652705769057369, -0.7429923311741736, 0.505290576523977, -0.02182556563252424, -0.055928310341854026]], "inverted": true, "swapped": false, "error_lsq": 0.03152087623394421, "error_max": 0.21071806686430253, "target": "656.xyz", "model": "22.xyz", "model_rescale": 4.204369325754507, "target_rescale": 4.116799711255254},
{"mapping": [2, 10, 9, 13, 14, 8, 1, 0, 6, 12, 5, 11, 4, 7, 15], "R": [[0.19282415637293468, -0.66404283725062, 0.7224029035207521], [-0.30671944249295807, 0.6585369818973872, 0.687206102323233], [-0.9320633177611247, -0.35408495275798924, -0.07669301085821]], "T": [0.06869413598993972, 0.009280675760717574, 0.01242300921685316], "aligned_model": [[0.07212888891425527, 0.49503293344072136, -0.48969333758773675, 0.14502101734780326, 0.68475264296888, -0.6234571067036013, 0.2999437621475441, -0.19293233143344585, -0.2619036267821529, 0.47632752466387246, -0.48187132174764985, 0.06457529314372078, -0.11179270946613541, -0.49096136359216697, 0.07561189608637928], [-0.6872106770452722, -0.21002665947038834, 0.34976811307016287, 0.6536803689148724, 0.3517547181804544, -0.2772490696971489, -0.5590220143969185, -0.3433189560665796, -0.6607827562006598, 0.15180395755846282, -0.34044134503744317, 0.2570768555459614, 0.22938860652860027, 0.40596358261185084, -0.016336981264263424], [-0.5073974222321984, -0.6105084151378497, -0.3891757723332425, -0.16151113929050814, -0.3083922153653804, 0.11777725802341146, 0.25547667971166554, 0.541478156753257, 0.014312980234574633, 0.3495597719604019, -0.5031687165448362, -0.6641812254116805, 0.6859525379284562, 0.17070738033725322, -0.017296125237938605]], "inverted": false, "swapped": false, "error_lsq": 0.03720208486602706, "error_max": 0.22412793046168727, "target": "656.xyz", "model": "23.xyz", "model_rescale": 4.410303926677745, "target_rescale": 4.116799711255254},
{"mapping": [14, 13, 1, 0, 12, 10, 15, 8, 9, 5, 11, 7, 4, 3, 16], "R": [[-0.7741286084363945, 0.5947512623250618, 0.21678522450360177], [-0.3562521275631038, -0.12623797891042876, -0.9258230901675397], [-0.5232679229678555, -0.7939363379033333, 0.3096058335198981]], "T": [0.01890224360821509, -0.0910313557039098, -0.10882942777152815], "aligned_model": [[0.20583617382674874, 0.4770454107866719, -0.6215569079448666, 0.16178372079976389, 0.6666325568175163, -0.5756639668751762, 0.3434729656348768, -0.2750908179240327, -0.2271563796387045, 0.4746373750769434, -0.37739524198419494, -0.021345983840024535, -0.08760922929813038, -0.43655090255764667, -0.0462566114794571], [-0.6826273504597236, -0.17953855028988705, 0.3788196274033266, 0.648715315337351, 0.36320081298477025, -0.19027135725213354, -0.6316393202141384, -0.3842132085676533, -0.6433435610120168, 0.05919039328511169, -0.382526747864194, 0.2294920443466571, 0.12187492949704254, 0.591690357947126, 0.006224358090052368], [-0.3794211400181655, -0.6346221043117681, -0.43346380431752407, -0.16122749305166026, -0.2512878886008408, 0.13698837003762795, 0.2254026262657055, 0.6006204634658531, 0.054958134094170635, 0.297791955709214, -0.5072013970078418, -0.6898421013764995, 0.5370889825965321, 0.2595514593427094, -0.08170232943212748]], "inverted": false, "swapped": false, "error_lsq": 0.035646376742093255, "error_max": 0.21164061096105544, "target": "656.xyz", "model": "24.xyz", "model_rescale": 4.28219845311461, "target_rescale": 4.116799711255254},
{"mapping": [4, 7, 2, 12, 9, 6, 1, 8, 0, 5, 2, 13, 10, 14, 15], "R": [[0.18850246545971547, -0.9728837790865363, 0.13402974634725084], [0.17842631637513431, 0.16813235586118988, 0.9694821094467738], [-0.9657281554042054, -0.15883533392436908, 0.20528143256691514]], "T": [0.09818639175117923, -0.030387400034705442, -0.09127608208139651], "aligned_model": [[0.09747670736591263, 0.5472221771411668, -0.507861207236515, 0.14075874357313833, 0.7227616569525708, -0.6588291363424079, 0.27954272507747263, -0.007217581286719121, -0.3954831849490858, 0.5898571609908495, -0.507861207236515, 0.022060728661732518, -0.2518239407622435, -0.46415895443691707, 0.05433747388784778], [-0.5946610798539431, -0.061810527932606524, -0.0682857031390269, 0.7183617698266045, 0.2229139750673705, -0.2542016723129391, -0.5611010211364277, -0.2025742044644041, -0.6792343791403923, -0.07254494106980244, -0.0682857031390269, 0.24734575741451423, 0.2943150853680746, 0.47428870847209714, -0.08947832072840135], [-0.5562957414905891, -0.7260401770194561, -0.4075829754159922, -0.2395399540306019, -0.14244086830081149, 0.3435017884580014, 0.21748002164160848, 0.5729435832228902, -0.12029536501208735, 0.602815610221059, -0.4075829754159922, -0.610877500102444, 0.5425739648027057, 0.004715386381425671, -0.09974106454433045]], "inverted": false, "swapped": false, "error_lsq": 0.0433915289075221, "error_max": 0.31405618317971784, "target": "656.xyz", "model": "25.xyz", "model_rescale": 4.100010024507729, "target_rescale": 4.116799711255254},
{"mapping": [4, 1, 10, 8, 3, 13, 11, 5, 6, 12, 9, 14], "R": [[-0.791077158536456, -0.6089756281447929, 0.05784127909669746], [-0.5297792499878455, 0.729318928704985, 0.4329293782072649], [-0.3058281797418332, 0.3118374329009717, -0.8995701973262171]], "T": [0.01419917142854359, 0.08926737977726293, -0.08947660718686869], "aligned_model": [[-0.6781149683923982, -0.334354911088912, 0.5131332684064268, 0.6400765382700586, -0.5964283608339723, 0.013822777579173561, -0.17182298836181817, 0.6331591488717874, 0.1343192075020424, 0.007910605553861059, -0.3206940490263364, 0.035759333883093866], [-0.07128054876142623, -0.5829466453390164, -0.1698140679914654, -0.30620969285358735, 0.38987877256068093, 0.7423455145818006, 0.0961052785409506, 0.3922670280287065, -0.4762792245822334, 0.6469172229245141, -0.03457390666809604, 0.03972165960981136], [-0.07055994925528287, 0.22277430684801247, 0.44630862536143767, -0.20795565119676906, 0.28065315386177225, 0.10659747918780087, 0.6221061260428804, -0.1654160120185349, -0.5575689023643801, -0.498959674872531, -0.6230250043117422, 0.010237792571693258]], "inverted": false, "swapped": true, "error_lsq": 0.0529134887427464, "error_max": 0.3073480396824636, "target": "656.xyz", "model": "26.xyz", "model_rescale": 3.6694154284099745, "target_rescale": 4.116799711255254},
