[{"mapping": [7, 10, 9, 3, 1, 8, 12, 11, 6, 5, 4, 13], "R": [[0.09936961646815665, 0.8205944336763986, -0.5628058766060305], [0.09716606459375748, 0.5549000468886152, 0.8262231501564059], [0.9902951253108002, -0.13678710970820215, -0.024593726910394922]], "T": [-0.11193598694358411, -0.07027487758274716, 0.0003227095995907026], "aligned_model": [[-0.2539464340755858, 0.09718438680186245, 0.48002400788706945, -0.02138876223208222, 0.04868940822106013, -0.695390672955952, 0.4308868364627563, -0.1726872102665457, 0.5083712605496554, -0.11688272188395868, -0.4256996449563124, -0.041517991091418016], [-0.23602419085579895, -0.7260514752768656, -0.3643135474329073, 0.7829623233947589, 0.40392387241410616, -0.5406499987003904, -0.2409219025350139, -0.5641529343314265, 0.19683066742521638, 0.47377186445061586, -0.05123530341828793, -0.08058433915694896], [-0.46596973436720474, -0.06882453409265717, -0.4117148641145105, -0.1544962549803123, -0.6475507837140582, 0.042970492075397, 0.5478258146649496, 0.4984061122547988, -0.16454573258824015, 0.4000278401794002, 0.5471222593729127, 0.05870113066308753]], "inverted": true, "swapped": true, "error_lsq": 0.05309820011090439, "error_max": 0.3175624319222147, "target": "658.xyz", "model": "0.xyz", "model_rescale": 3.751011558992144, "target_rescale": 4.067731081801191},
{"mapping": [11, 4, 8, 10, 13, 9, 6, 8, 2, 1, 0, 3, 12, 14], "R": [[-0.47036799402981094, -0.8251717586998661, -0.3128026835507359], [-0.6463570124141451, 0.5634762797255943, -0.5145066517448191], [0.6008132510984029, -0.03982525368122422, -0.7983967600596797]], "T": [-0.03498402719428452, -0.11011552305428075, 0.0007745613180475796], "aligned_model": [[-0.49635494101046984, 0.6358862959535728, 0.49493905285817097, 0.03321441506240476, -0.5640907453523047, -0.49111031917423004, 0.05306687929507266, 0.49493905285817097, 0.00413058231183723, 0.46708494378981125, 0.1624486220650404, -0.42859769421579463, -0.7098135515841204, -0.08750605132608529], [-0.758080470102781, -0.4093429134015836, 0.22010376493764877, -0.5856347562238114, 0.3657174829468308, -0.14885927924312659, -0.8076740011149377, 0.22010376493764877, 0.7146589339447755, -0.2925266989174414, 0.22256590002120846, 0.32306551356315016, -0.22559316668838802, -0.12521718197758003], [-0.06254444220797346, -0.2924317624460219, -0.2240698364455944, -0.6638186823193546, -0.14459128577326266, -0.47318466525666386, 0.2641847980634011, -0.2240698364455944, 0.044992706837775995, 0.4483664074580623, 0.6533448167284494, 0.49151722317016616, 0.2892968843880539, -0.0033714394333227028]], "inverted": false, "swapped": false, "error_lsq": 0.044328046373036445, "error_max": 0.35493035069420736, "target": "658.xyz", "model": "1.xyz", "model_rescale": 3.9405287249114394, "target_rescale": 4.067731081801191},
{"mapping": [1, 3, 2, 12, 5, 7, 6, 0, 4, 8, 11, 10, 13], "R": [[-0.7950709479432749, -0.5867585140641448, -0.1535468459780891], [0.6056494553136088, -0.7545398089264721, -0.25270222401777925], [0.03241797363980702, -0.2939117604289418, 0.9552826555876794]], "T": [-0.1347146857345739, -0.06558743936553993, 0.0241719514189746], "aligned_model": [[-0.2630383740655536, 0.25129345367490163, -0.5456099291413192, 0.41730163690271393, 0.4322469277208042, -0.617789723110648, 0.18489398095243764, 0.728105395898482, 0.11119556543959819, -0.6304862131321143, -0.07481702575731643, -0.43157900922084225, -0.06573340687721294], [0.730471793128821, 0.5671265332263823, 0.02667781281608389, -0.3246812609202818, -0.04175562226373458, 0.11167040292444544, 0.4617450122160084, 0.21813910273228168, -0.5733159244869306, -0.6064683680492249, -0.7249820449796208, -0.3022910448802712, -0.08350379789194244], [-0.11805239523949715, -0.43501447915695207, -0.5707579877877453, 0.5258541675341813, -0.341563051660044, 0.041101536660486715, 0.3452308905308251, 0.11016548704832965, -0.25785609660106373, -0.13441358434805617, 0.26355521417971517, 0.6024440281149797, 0.08242662031348436]], "inverted": false, "swapped": true, "error_lsq": 0.054926396279920284, "error_max": 0.26418059954292666, "target": "658.xyz", "model": "2.xyz", "model_rescale": 3.932901565614263, "target_rescale": 4.067731081801191},
{"mapping": [11, 9, 7, 8, 0, 3, 10, 5, 4, 12, 6, 2, 1, 13], "R": [[-0.27812877758601856, -0.5988211363706967, 0.751037701925952], [-0.5656723776598943, -0.5298104342474184, -0.6319142860508571], [0.7763112418554232, -0.6005948304791426, -0.1913810475742596]], "T": [-0.09114092396843927, -0.11586910679006465, -0.07028882626723079], "aligned_model": [[-0.3174474606510606, 0.577956582996453, 0.28884162035300986, 0.013612027041046929, -0.5528243849989536, -0.4237557789324431, -0.0941509507952502, 0.5508133815271427, 0.03667618400684984, 0.4645699216413824, 0.11749198973189141, -0.3620025502786993, -0.7206061723301124, -0.010937867780181174], [-0.9756080148682946, -0.3108654219726288, 0.24289977411548144, -0.5246757611433014, 0.3629830255813029, -0.15927357094504274, -0.5867429789176737, 0.11934024509842567, 0.7400301520756544, -0.4096598272720644, 0.02353062563112507, 0.45998847711181934, -0.12711257631899994, -0.14154725549419103], [-0.15598048139536486, -0.302835386395377, -0.5567461249604692, -0.6708641039329256, -0.15090734943211476, -0.4552159477199974, 0.4695390875972586, 0.15190684447040634, 0.049400981651914616, 0.3633034693167888, 0.5651104833039787, 0.46750469882724777, 0.3201157157274582, 0.009288999259316297]], "inverted": false, "swapped": false, "error_lsq": 0.05071809502838125, "error_max": 0.3957788446343935, "target": "658.xyz", "model": "3.xyz", "model_rescale": 3.9243930471874484, "target_rescale": 4.067731081801191},
{"mapping": [9, 12, 10, 7, 8, 6, 1, 11, 4, 5, 2, 3, 13], "R": [[-0.2937834399923132, -0.9199462044600007, -0.2595963622355324], [0.8538408845191973, -0.37464877572017724, 0.36137797217712], [-0.42970575317274706, -0.11548712374551218, 0.8955532870461875]], "T": [0.053308477030498236, -0.039994520910944936, -0.07558197129450395], "aligned_model": [[-0.03740260011122071, -0.2513197971725075, 0.4249987052216295, 0.3428095178557069, 0.7732117630631734, -0.5175433784224936, -0.30365756776168445, 0.3851573194760657, 0.15235802874169052, -0.41691701551858623, 0.34143575589890074, -0.6228100610486166, 0.00688521608929514], [-0.7090682857101036, 0.18527948923314821, -0.30434725922779715, -0.42231172506293657, 0.16472894807069624, -0.40423555138978495, -0.601327872833082, 0.34237694478678216, 0.5824779835131736, 0.41149045981782895, -0.029421443280025245, -0.06786611328224298, -0.019946020954069426], [-0.4638629710107291, -0.7683950122383052, -0.5956969798460265, 0.11174434297066144, -0.017975387002329223, -0.23294997165566844, 0.4017912016992143, -0.5648280546323138, -0.0983207849833794, 0.09998800748552239, 0.5938657799006428, 0.4742073789414989, -0.15249723425782408]], "inverted": true, "swapped": true, "error_lsq": 0.04221903446539263, "error_max": 0.21882044246838708, "target": "658.xyz", "model": "4.xyz", "model_rescale": 3.8936222436046832, "target_rescale": 4.067731081801191},
{"mapping": [3, 5, 2, 1, 8, 11, 12, 10, 9, 6, 7, 13], "R": [[0.6695109667888313, -0.6885156290124654, 0.27874951830461303], [0.5887733234546944, 0.7206937414749057, 0.3659870278944541], [-0.45288082200243196, -0.08091204857418478, 0.8878919987576928]], "T": [-0.17295501107450884, -0.017145221130570387, -0.04514131474379463], "aligned_model": [[0.07652201242984494, -0.4289450313847929, -0.31552226409833395, 0.45954446910637237, -0.6280981670905367, -0.629315344674084, -0.2428253567020521, -0.040877327908499156, 0.4986589389343422, 0.38042377701802477, 0.06948659285896991, -0.17150425627415825], [-0.6317695760679222, -0.6182079971226461, 0.25290642501122235, -0.14055996384450103, 0.5788401843756443, 0.14810131081249855, -0.38883428576514356, 0.42096722715003076, 0.13930887267779843, -0.4169922552104808, 0.39349586467582504, -0.06833290158251834], [-0.610985418618466, -0.2153416905769565, -0.706984269802083, -0.5502336273566242, -0.07886167212171383, 0.4648804021186847, 0.648041236122183, 0.4736732825643581, 0.31694590635558745, 0.08601631150348127, -0.23921452921594485, 0.0313487883030119]], "inverted": false, "swapped": true, "error_lsq": 0.04386118886174458, "error_max": 0.2716899818258109, "target": "658.xyz", "model": "5.xyz", "model_rescale": 3.6523030999806103, "target_rescale": 4.067731081801191},
{"mapping": [11, 10, 9, 12, 6, 4, 7, 5, 2, 3, 1, 0, 13], "R": [[-0.500614833438133, -0.7446229873304244, 0.4414990320270533], [0.8654600485634469, -0.44174456574306686, 0.23630624828181265], [0.019070733658326705, 0.500398186822838, 0.8655853289781137]], "T": [-0.06906391280848748, -0.07231461591546998, 0.10460551687033784], "aligned_model": [[0.02936715550858579, 0.029444404550214243, 0.27386539811692956, 0.6295465265515623, 0.4541476487132289, -0.13118555540249255, -0.403011584478129, 0.1410265161614623, -0.7421733928733126, 0.03341533283551815, -0.13922264370708168, 0.6882702879175748, 0.017592810770234266], [-0.5343852015037128, 0.09879201282830455, 0.5557888123422853, -0.34334203898981475, 0.3228616537634751, -0.6999512237904375, 0.3003111412398468, -0.4573534483591497, -0.03579758648133477, 0.07671770648009416, 0.5678861748185173, -0.21435235083080226, -0.09634874735408816], [0.6266164562171835, 0.7676094769792056, 0.4120724388610384, 0.35365222885613845, -0.1264646769425449, 0.10098943019732673, 0.22583852778938826, -0.4086026555910327, -0.17266609146182796, -0.7483123009304732, -0.40098892082758897, -0.3838863688358993, 0.12425219517087488]], "inverted": false, "swapped": true, "error_lsq": 0.05334483327235557, "error_max": 0.26416599966307197, "target": "658.xyz", "model": "6.xyz", "model_rescale": 4.08911054899281, "target_rescale": 4.067731081801191},
{"mapping": [4, 0, 9, 3, 10, 8, 6, 1, 11, 2, 13, 12, 5, 14], "R": [[-0.518520011520184, 0.8470470704179562, 0.11682575978552884], [-0.05966792466362986, 0.10045089170675814, -0.9931512257061623], [-0.8529810879611832, -0.5219395356280985, -0.0015442567407539798]], "T": [-0.08218879662963507, -0.08781865535231863, 0.07843487552982598], "aligned_model": [[-0.530908322269831, 0.6541434508980938, 0.2758451638310597, 0.0824364224981905, -0.6716583019304418, -0.36978821002435447, 0.09050120049066857, 0.6072500859271275, -0.08440670627005516, 0.539282619940176, 0.15457768663661364, -0.43136988578911845, -0.7489997736613008, 0.0013311112542479242], [-0.5514600405466193, -0.5849168345443717, 0.17278079735919988, -0.610491303581512, 0.29939703660521244, -0.03260618754702188, -0.5550909609364999, 0.1598948667900782, 0.4962058052139758, -0.3705807703323835, 0.27127659262615916, 0.34098018685612036, -0.3277902959323949, 0.005688000651669994], [-0.20535543957377733, -0.2303764011402425, -0.5684475838946642, -0.49267218648742006, -0.06943198595122257, -0.5375092242867452, 0.10970345052307473, 0.04296521212451709, 0.019769951646534098, 0.5073386036670005, 0.6707918267278618, 0.5281081323567094, 0.3582168660344154, -0.029480335427920654]], "inverted": true, "swapped": false, "error_lsq": 0.04877960718122974, "error_max": 0.29190598682916674, "target": "658.xyz", "model": "7.xyz", "model_rescale": 3.964800864290218, "target_rescale": 4.067731081801191},
{"mapping": [8, 10, 11, 10, 12, 9, 5, 6, 4, 3, 0, 2, 1, 13], "R": [[-0.9255015526389163, 0.3784934454047713, -0.013769090332358666], [0.35920693609403026, 0.8656554496099877, -0.3487277155926515], [-0.12007186650041936, -0.3276939949803098, -0.9371229335199038]], "T": [-0.08476531962843165, -0.022137639076066862, 0.10616752598238341], "aligned_model": [[-0.5359060929888319, 0.2881477488503087, 0.24592674117407215, 0.2881477488503087, -0.5515060577593389, -0.22788067390297512, 0.021534814996767668, 0.4172609290622549, 0.017817454175594896, 0.49636812812246306, 0.11087395896036903, -0.329995649194206, -0.5643707834181955, -0.10818172539751557], [-0.5613187318559989, -0.553523509393657, 0.33654627045573854, -0.553523509393657, 0.29178237499414156, -0.1888328507657117, -0.8511473006464663, 0.26850898613436425, 0.6651596244058315, -0.26846244901618255, 0.05553152338447101, 0.4540190344145243, -0.2981891722964252, -0.08326339773936016], [-0.20498088427821717, -0.3975178055409986, -0.563998079266687, -0.3975178055409986, -0.3980965372064832, -0.5462030961023565, 0.08349628053849958, 0.10607776027237156, -0.0042527671833572644, 0.463337932952965, 0.7908953159826692, 0.4957129476029285, 0.6130146836957217, 0.06365294039206364]], "inverted": false, "swapped": false, "error_lsq": 0.054517579059684226, "error_max": 0.3455416710688574, "target": "658.xyz", "model": "8.xyz", "model_rescale": 4.121658175737393, "target_rescale": 4.067731081801191},
{"mapping": [2, 4, 5, 3, 8, 7, 11, 9, 12, 10, 1, 6, 13], "R": [[-0.6537009443867169, -0.6893375006189703, 0.31223210204638785], [0.42121557141259414, -0.6742146951808025, -0.6066399156021798], [0.6286911147037761, -0.26504406245499845, 0.7310944721784419]], "T": [-0.07035911605239771, -0.03623582998559128, -0.07210489572302646], "aligned_model": [[-0.711611076355252, -0.013167892924664866, 0.25209617294631664, 0.07629770449944677, -0.6053712886074222, -0.47751011236257795, 0.06707353612254373, 0.12062465840407045, 0.642263635012207, -0.06383238723147656, -0.21495280696458646, 0.38760833977122927, 0.017219014125363516], [0.20392065987392619, -0.3603538071108431, 0.20732959278531377, 0.7722754654051133, -0.550258141566034, 0.04578534365671847, -0.7197917852321477, 0.03505517121361156, -0.37339697035366426, -0.511626659139927, 0.7264067015744807, 0.37851650621192173, -0.06347463790675975], [-0.3219252194860081, -0.610135180193695, -0.6129135407562724, -0.36362281119263606, -0.18627142742905184, 0.23214670825567413, -0.1698640090414672, 0.6796218684950225, -0.02707318597405993, 0.4304053822572306, 0.1884216269437492, 0.2465710615144498, -0.06428583943384714]], "inverted": false, "swapped": true, "error_lsq": 0.042028741722501185, "error_max": 0.22569910782784885, "target": "658.xyz", "model": "9.xyz", "model_rescale": 3.833441315466971, "target_rescale": 4.067731081801191},
{"mapping": [11, 0, 13, 10, 9, 8, 12, 5, 2, 6, 4, 3, 7, 14], "R": [[-0.2293774131773194, -0.9279207613033338, -0.2938521108760708], [-0.9068600612479218, 0.09408116712786896, 0.41079625522304003], [-0.3535404243329133, 0.36071012563289556, -0.8630743731732533]], "T": [0.0373671214351958, -0.1965664415652854, 0.05003792439888984], "aligned_model": [[-0.46305536059794206, 0.5849262180940671, 0.40170382970705343, -0.031399421322416826, -0.575579017523044, -0.48213105074255247, 0.16255219637012025, 0.5287639639066686, -0.03527247858481708, 0.24801109701994656, 0.21956477813321487, -0.3790840490929308, -0.5818936090939666, -0.02887055474232507], [-0.6470223926919899, -0.2925437131029686, 0.2708274069364986, -0.5884623616554334, 0.30084710376927287, -0.13692057447273834, -0.7763401570613004, 0.2670949424902182, 0.4917518578938385, -0.41533327801840836, 0.17219561256258148, 0.42845099344695253, -0.23200152006311547, -0.1292570273517949], [-0.059524188641614316, -0.34339613706245453, -0.4833365170613036, -0.6692971115431471, -0.13647460114994805, -0.5279961420881094, 0.1559208462713794, 0.08138223188544708, -0.14384776890071108, 0.6574914245641773, 0.7332151645199184, 0.48620701803587374, 0.2932959758959709, 0.059980691592642514]], "inverted": false, "swapped": false, "error_lsq": 0.042026483705483945, "error_max": 0.3404361048171998, "target": "658.xyz", "model": "10.xyz", "model_rescale": 4.2482417240324, "target_rescale": 4.067731081801191},
{"mapping": [10, 9, 1, 0, 8, 2, 7, 5, 12, 4, 11, 13], "R": [[-0.21678918028884084, -0.6954611212640327, -0.6850812215495818], [-0.10903076641989434, 0.7146288156952826, -0.6909543745804414], [0.9701106860990572, -0.07509650183685418, -0.23075045423202195]], "T": [0.013622449394826885, 0.08928617375800982, 0.021765973711147177], "aligned_model": [[-0.5883358532207853, -0.19245980457308565, 0.4416756706928913, 0.7266390833858702, -0.5602554006767367, 0.056103260695697335, -0.22489259420196112, 0.5830131263990777, 0.015997030140624324, 0.02346361486671863, -0.42832266251575674, 0.024140131370452848], [-0.24672429976825414, -0.6137758839144921, -0.10021150183045241, -0.3034832242757751, 0.573067418161132, 0.6623822779373311, 0.10759353199191532, 0.2701040830806358, -0.36247083182727935, 0.4986177119316745, 0.1505498948719177, 0.030482213692286077], [-0.03566904785001283, 0.286122143792677, 0.6935294038647446, -0.3901728709616494, 0.01123604933636712, 0.47014711339550475, 0.477664931659248, -0.2926774388837825, -0.625881032043527, -0.45797429917068666, -0.5228665598445498, -0.048266103439976366]], "inverted": false, "swapped": true, "error_lsq": 0.04634838389355816, "error_max": 0.21678556990380843, "target": "658.xyz", "model": "11.xyz", "model_rescale": 3.6694154284099745, "target_rescale": 4.067731081801191},
{"mapping": [2, 0, 4, 1, 8, 2, 12, 6, 11, 5, 7, 9, 10, 13], "R": [[0.055990143547157145, -0.9162512257146521, -0.39667215077689344], [0.7821327880164856, -0.20669497959293892, 0.5878311724641982], [-0.6205911743935199, -0.34316304694339145, 0.7050572441138376]], "T": [0.020241306671891546, -0.07062143588471911, 0.034706387401973154], "aligned_model": [[-0.4803412014781178, 0.6164702124207797, 0.30443099911993493, -0.015441052819633105, -0.582816598637184, -0.4803412014781178, -0.04361686049774248, 0.5013253403174962, 0.02673978067863932, 0.5735399222878989, -0.005553721214138951, -0.4777082292241962, -0.46636456029740364, 0.09791371235286105], [-0.35150971932496566, -0.35725569235441834, 0.19324943698970884, -0.5605631823189156, 0.2884798419186997, -0.35150971932496566, -0.7298427121456527, 0.20073056051099455, 0.6651021487356154, -0.3520700114096813, 0.022471660436723856, 0.43419157444509315, -0.26791678215300624, -0.12027051132361771], [-0.2764728184466092, -0.2356447905000371, -0.5956007051371052, -0.6546101932949436, -0.24807495292173273, -0.2764728184466092, 0.18675224784259806, 0.15628385273583048, -0.026098429644568294, 0.5438410785879707, 0.7714788152405763, 0.41139770823736554, 0.39222290992978537, -0.04538101786440034]], "inverted": false, "swapped": false, "error_lsq": 0.05042411127691809, "error_max": 0.4244304068701605, "target": "658.xyz", "model": "12.xyz", "model_rescale": 3.9764082729961374, "target_rescale": 4.067731081801191},
{"mapping": [5, 7, 2, 0, 12, 9, 4, 8, 10, 3, 11, 13, 6, 15], "R": [[-0.942854053561333, 0.32311057559421025, -0.08139895344622997], [-0.3102369226377015, -0.7621333537679058, 0.5682480117930667], [0.12157008478755046, 0.5610279021703489, 0.8188213525984075]], "T": [-0.10109748390676718, -0.07130247620386164, 0.02255288796788682], "aligned_model": [[-0.6839470686286534, 0.48683339739969334, 0.4685989515968765, 0.060586481829388306, -0.5486154623842682, -0.36412414838980467, -0.05725557016396846, 0.49641634854632277, 0.010779045252552272, 0.5794173480879418, 0.1699475376646786, -0.4896819385755722, -0.5110082807453398, -0.04971009995877088], [-0.5891557985890364, -0.5122537065497558, 0.044065918026732334, -0.47886396712372553, 0.35824290872191694, -0.1219825569530218, -0.78804581501361, 0.3024601959833584, 0.7243779925495014, -0.16633449568564346, 0.4096578796456324, 0.15932749711840255, -0.4791516549606384, -0.14905750448850047], [-0.2855675493920511, -0.15332488261623514, -0.5237031132744031, -0.5561178818531478, -0.12722012754773876, -0.5157292218070977, 0.00770045885843243, 0.0766964153302446, 0.045424985072389706, 0.5086721387922488, 0.5933036489239045, 0.43521798605835793, 0.5218433762828766, 0.07642465349033967]], "inverted": false, "swapped": false, "error_lsq": 0.055876485369058995, "error_max": 0.32012713742821564, "target": "658.xyz", "model": "13.xyz", "model_rescale": 4.170626492500431, "target_rescale": 4.067731081801191},
{"mapping": [8, 1, 9, 7, 12, 10, 0, 3, 11, 2, 6, 5, 4, 13], "R": [[-0.569729479355101, -0.7872165894052309, -0.23600500358882642], [-0.6904813489597826, 0.3027724517045861, 0.6569355746399135], [-0.4456947689758594, 0.5372326161487131, -0.7160567638487644]], "T": [-0.00027713647137225447, -0.15444869985414245, 0.04009026326669484], "aligned_model": [[-0.5927192428678314, 0.5986247207760542, 0.320788056520569, -0.0529202889638343, -0.6851269126998072, -0.24552048685380112, 0.234523449752672, 0.6045846001871567, 0.07461102144539983, 0.22518402236267354, 0.0752155780360848, -0.4735445021753019, -0.5036652393054496, -0.011798234683508966], [-0.5356387619709223, -0.3686715228399662, 0.23596629745096465, -0.6711868741729555, 0.09295221532956657, -0.026479578619633848, -0.7020640775679543, 0.1256301810525548, 0.5433250432480835, -0.4423617600542745, 0.39922613019319786, 0.5419455929119908, -0.42252627565953604, -0.05682971661950284], [-0.19499010579217763, -0.3914646201408665, -0.5929971795026112, -0.5825172861463549, -0.0339346808555317, -0.4516494118445352, 0.011030164710653649, 0.21664536635455264, -0.04454553514087734, 0.5870870666026455, 0.6687668889324117, 0.38399841658476735, 0.46175121933025143, 0.06644058322579321]], "inverted": false, "swapped": false, "error_lsq": 0.054261196123695586, "error_max": 0.32132451120393724, "target": "658.xyz", "model": "14.xyz", "model_rescale": 3.9786697098870705, "target_rescale": 4.067731081801191},
{"mapping": [2, 8, 1, 3, 7, 9, 4, 12, 6, 5, 10, 13], "R": [[0.27048068126048497, -0.9419877082898076, -0.1987444552579533], [0.4068921205210814, -0.07523982878398293, 0.9103723251628504], [-0.8725130390559912, -0.3271056795524554, 0.3629364559834197]], "T": [-0.047321949195036246, -0.010047368622306447, -0.011194616698818608], "aligned_model": [[-0.17025766428176095, -0.7452559134459249, 0.6280111047622737, 0.6359610510088874, -0.05963205961781476, 0.2993534793650589, -0.45334293286187544, -0.035642412498614, 0.5887823403435578, 0.1484370102029729, -0.32014532680333524, -0.03291407940608898], [-0.36946533253554376, 0.014671498556810575, -0.02673590872500377, -0.5411051060084093, 0.22071880534709562, 0.6874240785002387, -0.40548719651018234, 0.19363031355656332, 0.1851136257542915, -0.5769215552283868, 0.6203838626422685, 0.01244740487469704], [-0.6332837964403707, -0.2864547076977728, -0.4738519351006142, -0.11741822058776208, -0.47126404556640694, -0.011448940938268485, 0.26552580077777277, 0.7516393527839911, 0.19027889471302994, 0.29881764997882854, 0.07053350199710648, 0.07689293995429675]], "inverted": false, "swapped": true, "error_lsq": 0.05129191605244699, "error_max": 0.24436868899811395, "target": "658.xyz", "model": "15.xyz", "model_rescale": 3.769337070930944, "target_rescale": 4.067731081801191},
{"mapping": [9, 1, 12, 0, 10, 7, 11, 2, 4, 5, 13], "R": [[-0.13360534309030087, -0.963102367670009, -0.23363099470349774], [0.8765021907147796, -0.004819372236098796, -0.4813737459848037], [0.4624862397627797, -0.2690921831634519, 0.8448052290264378]], "T": [0.05700163874217474, -0.02088817020019939, 0.013633886585704344], "aligned_model": [[-0.12527249025033332, -0.4054245806982033, -0.17864350504001877, -0.7579445493973315, 0.4016554760176584, 0.2727605742776541, 0.4660978819860998, 0.315609149093613, 0.2566166144117395, -0.3404376295556931, 0.0176091898459863], [-0.08140379202707099, -0.683947036987259, 0.7071714590677963, 0.3649973922699558, 0.19899041992051347, -0.4294872528930403, 0.5518466934677552, -0.5920692139786193, 0.3434715489465159, 0.1577983559105787, 0.058695923928216216], [-0.7411934701087199, -0.11644288366151014, -0.18114089934440014, 0.15259134498242993, -0.5444187598256857, -0.21344168806910563, -0.003926346232654157, 0.38533777571919753, 0.48818182163333, 0.5292778262541804, -0.010607114123285084]], "inverted": true, "swapped": true, "error_lsq": 0.04576165775877401, "error_max": 0.23152892679843787, "target": "658.xyz", "model": "16.xyz", "model_rescale": 3.7852294659196426, "target_rescale": 4.067731081801191},
{"mapping": [6, 10, 7, 9, 12, 11, 4, 8, 1, 3, 5, 2, 13], "R": [[0.7515211600334855, -0.1944057094968737, -0.6304144399813042], [-0.6142420448537058, 0.14241636598677898, -0.7761599635597406], [0.2406712620066268, 0.970527690905384, -0.012383247958457598]], "T": [-0.013000004198889296, 0.09047393411687135, 0.046502299794383535], "aligned_model": [[0.09762235660326476, -0.37950592736914607, 0.2998832816095459, -0.0122072444123471, -0.6848818873579076, -0.662711297598614, -0.3476802691142028, -0.15042592870487229, 0.7165976053551115, 0.5584524654456882, -0.02362674511409118, 0.5258923596048782, -0.0836429187310242], [-0.14935232819598446, -0.462490990489117, -0.2264690927749106, -0.6348289281961806, 0.05016723050062458, 0.11641180301590195, 0.5897151644208314, 0.11133106657839362, -0.08808007745988997, 0.48229174840857636, 0.6745640030636814, 0.326892451149863, 0.0849035736810847], [-0.5965794320964278, 0.242611500357629, 0.30480369818788533, -0.23737349426311727, -0.3663981476725367, 0.316494492754683, 0.237675520583812, 0.7841811281780441, -0.27939772857588235, -0.48274462572267735, -0.2918782298623051, 0.47660776990241116, -0.01224775462834412]], "inverted": false, "swapped": true, "error_lsq": 0.0383923256316971, "error_max": 0.2339507629014525, "target": "658.xyz", "model": "17.xyz", "model_rescale": 3.901054581598922, "target_rescale": 4.067731081801191},
{"mapping": [11, 4, 8, 10, 13, 9, 6, 8, 2, 1, 0, 3, 12, 14], "R": [[-0.47036799402981094, -0.8251717586998661, -0.3128026835507359], [-0.6463570124141451, 0.5634762797255943, -0.5145066517448191], [0.6008132510984029, -0.03982525368122422, -0.7983967600596797]], "T": [-0.03498402719428452, -0.11011552305428075, 0.0007745613180475796], "aligned_model": [[-0.49635494101046984, 0.6358862959535728, 0.49493905285817097, 0.03321441506240476, -0.5640907453523047, -0.49111031917423004, 0.05306687929507266, 0.49493905285817097, 0.00413058231183723, 0.46708494378981125, 0.1624486220650404, -0.42859769421579463, -0.7098135515841204, -0.08750605132608529], [-0.758080470102781, -0.4093429134015836, 0.22010376493764877, -0.5856347562238114, 0.3657174829468308, -0.14885927924312659, -0.8076740011149377, 0.22010376493764877, 0.7146589339447755, -0.2925266989174414, 0.22256590002120846, 0.32306551356315016, -0.22559316668838802, -0.12521718197758003], [-0.06254444220797346, -0.2924317624460219, -0.2240698364455944, -0.6638186823193546, -0.14459128577326266, -0.47318466525666386, 0.2641847980634011, -0.2240698364455944, 0.044992706837775995, 0.4483664074580623, 0.6533448167284494, 0.49151722317016616, 0.2892968843880539, -0.0033714394333227028]], "inverted": false, "swapped": false, "error_lsq": 0.044328046373036445, "error_max": 0.35493035069420736, "target": "658.xyz", "model": "18.xyz", "model_rescale": 3.9405287249114394, "target_rescale": 4.067731081801191},
{"mapping": [3, 13, 11, 14, 2, 10, 12, 9, 5, 4, 8, 6, 1, 15], "R": [[-0.40940404002164255, 0.8700640813183911, 0.2745484045000839], [0.49465643522359604, 0.4645358696750692, -0.7345212296980337], [-0.7666181207784237, -0.16490882385370248, -0.6205656586609888]], "T": [0.06011956574059368, -0.18616262029234093, 0.1010980050203089], "aligned_model": [[-0.5857994370809572, 0.5877292344718488, 0.24636221011757758, 0.0647559871793992, -0.5866596349066044, -0.3625505982144075, 0.01740735945024506, 0.597084449335689, -0.024843479368033827, 0.37346357313192174, 0.12869349953904766, -0.38273468918719517, -0.5373332968263762, 0.03266136388892116], [-0.6638171567071447, -0.36983364286364956, 0.11515525575269486, -0.5817850230357892, 0.3513384741556926, -0.07177684743736132, -0.7311882120851141, 0.33834126815731175, 0.6393787591705635, -0.5124723092872163, 0.36907927720097694, 0.2935374847847365, -0.29726013371254484, -0.1654103014115433], [-0.1818567272432417, -0.27202776238375576, -0.5263845978389202, -0.5646349595532717, -0.11820662805976108, -0.5517188639537914, 0.13662030694657668, -0.058821448903956144, 0.050845099440415084, 0.6755564878683641, 0.6102897237347653, 0.4644867413256792, 0.3584437714549243, 0.08102974348409359]], "inverted": false, "swapped": false, "error_lsq": 0.043668011149984316, "error_max": 0.25907497754600534, "target": "658.xyz", "model": "19.xyz", "model_rescale": 4.410303926677745, "target_rescale": 4.067731081801191},
{"mapping": [8, 10, 11, 10, 12, 9, 5, 6, 4, 3, 0, 2, 1, 13], "R": [[-0.9255015526389163, 0.3784934454047713, -0.013769090332358666], [0.35920693609403026, 0.8656554496099877, -0.3487277155926515], [-0.12007186650041936, -0.3276939949803098, -0.9371229335199038]], "T": [-0.08476531962843165, -0.022137639076066862, 0.10616752598238341], "aligned_model": [[-0.5359060929888319, 0.2881477488503087, 0.24592674117407215, 0.2881477488503087, -0.5515060577593389, -0.22788067390297512, 0.021534814996767668, 0.4172609290622549, 0.017817454175594896, 0.49636812812246306, 0.11087395896036903, -0.329995649194206, -0.5643707834181955, -0.10818172539751557], [-0.5613187318559989, -0.553523509393657, 0.33654627045573854, -0.553523509393657, 0.29178237499414156, -0.1888328507657117, -0.8511473006464663, 0.26850898613436425, 0.6651596244058315, -0.26846244901618255, 0.05553152338447101, 0.4540190344145243, -0.2981891722964252, -0.08326339773936016], [-0.20498088427821717, -0.3975178055409986, -0.563998079266687, -0.3975178055409986, -0.3980965372064832, -0.5462030961023565, 0.08349628053849958, 0.10607776027237156, -0.0042527671833572644, 0.463337932952965, 0.7908953159826692, 0.4957129476029285, 0.6130146836957217, 0.06365294039206364]], "inverted": false, "swapped": false, "error_lsq": 0.054517579059684226, "error_max": 0.3455416710688574, "target": "658.xyz", "model": "20.xyz", "model_rescale": 4.121658175737393, "target_rescale": 4.067731081801191},
{"mapping": [11, 10, 9, 12, 6, 4, 7, 5, 2, 3, 1, 0, 13], "R": [[-0.500614833438133, -0.7446229873304244, 0.4414990320270533], [0.8654600485634469, -0.44174456574306686, 0.23630624828181265], [0.019070733658326705, 0.500398186822838, 0.8655853289781137]], "T": [-0.06906391280848748, -0.07231461591546998, 0.10460551687033784], "aligned_model": [[0.02936715550858579, 0.029444404550214243, 0.27386539811692956, 0.6295465265515623, 0.4541476487132289, -0.13118555540249255, -0.403011584478129, 0.1410265161614623, -0.7421733928733126, 0.03341533283551815, -0.13922264370708168, 0.6882702879175748, 0.017592810770234266], [-0.5343852015037128, 0.09879201282830455, 0.5557888123422853, -0.34334203898981475, 0.3228616537634751, -0.6999512237904375, 0.3003111412398468, -0.4573534483591497, -0.03579758648133477, 0.07671770648009416, 0.5678861748185173, -0.21435235083080226, -0.09634874735408816], [0.6266164562171835, 0.7676094769792056, 0.4120724388610384, 0.35365222885613845, -0.1264646769425449, 0.10098943019732673, 0.22583852778938826, -0.4086026555910327, -0.17266609146182796, -0.7483123009304732, -0.40098892082758897, -0.3838863688358993, 0.12425219517087488]], "inverted": false, "swapped": true, "error_lsq": 0.05334483327235557, "error_max": 0.26416599966307197, "target": "658.xyz", "model": "21.xyz", "model_rescale": 4.08911054899281, "target_rescale": 4.067731081801191},
{"mapping": [11, 2, 0, 1, 6, 8, 15, 4, 7, 14, 12, 10, 5, 16], "R": [[0.4500364792750915, -0.8226798776853846, 0.34736866032104985], [0.4663721098607073, -0.11520500222829297, -0.877054652006163], [0.7615538211221534, 0.5567096427341095, 0.33182849669838144]], "T": [0.011364783518627661, -0.10148096152269594, 0.0760717160426709], "aligned_model": [[-0.4164461099888043, 0.5506462218817417, 0.21187874688406902, 0.01693632551165505, -0.40391812071561073, -0.5106600238847846, 0.17578844223398268, 0.6381869144792024, -0.02281371137433291, 0.31673089476457866, 0.1423330355622453, -0.5162356631123134, -0.6546000572427224, 0.04040964653216948], [-0.711525841414385, -0.4811831690590462, 0.35586371034473363, -0.4770899863013806, 0.38356039628789323, -0.21753063326808036, -0.8093606143605657, 0.060868534739422595, 0.6055632639212534, -0.3331172847817135, 0.22129412768051093, 0.36824732184553033, -0.18493673806675462, -0.06736619488580534], [-0.09918841682488952, -0.21762130941466926, -0.5161355110233538, -0.6231315445980851, -0.3084268134934056, -0.3652723585785843, 0.13419464995835256, -0.18282757532221375, 0.1447483624565082, 0.5907742882109409, 0.7269427207591097, 0.46610827552614764, 0.2934539098380816, 0.06000220882418183]], "inverted": false, "swapped": false, "error_lsq": 0.04040305685940048, "error_max": 0.28384005329599427, "target": "658.xyz", "model": "22.xyz", "model_rescale": 4.204369325754507, "target_rescale": 4.067731081801191},
{"mapping": [3, 13, 11, 14, 2, 10, 12, 9, 5, 4, 8, 6, 1, 15], "R": [[-0.40940404002164255, 0.8700640813183911, 0.2745484045000839], [0.49465643522359604, 0.4645358696750692, -0.7345212296980337], [-0.7666181207784237, -0.16490882385370248, -0.6205656586609888]], "T": [0.06011956574059368, -0.18616262029234093, 0.1010980050203089], "aligned_model": [[-0.5857994370809572, 0.5877292344718488, 0.24636221011757758, 0.0647559871793992, -0.5866596349066044, -0.3625505982144075, 0.01740735945024506, 0.597084449335689, -0.024843479368033827, 0.37346357313192174, 0.12869349953904766, -0.38273468918719517, -0.5373332968263762, 0.03266136388892116], [-0.6638171567071447, -0.36983364286364956, 0.11515525575269486, -0.5817850230357892, 0.3513384741556926, -0.07177684743736132, -0.7311882120851141, 0.33834126815731175, 0.6393787591705635, -0.5124723092872163, 0.36907927720097694, 0.2935374847847365, -0.29726013371254484, -0.1654103014115433], [-0.1818567272432417, -0.27202776238375576, -0.5263845978389202, -0.5646349595532717, -0.11820662805976108, -0.5517188639537914, 0.13662030694657668, -0.058821448903956144, 0.050845099440415084, 0.6755564878683641, 0.6102897237347653, 0.4644867413256792, 0.3584437714549243, 0.08102974348409359]], "inverted": false, "swapped": false, "error_lsq": 0.043668011149984316, "error_max": 0.25907497754600534, "target": "658.xyz", "model": "23.xyz", "model_rescale": 4.410303926677745, "target_rescale": 4.067731081801191},
{"mapping": [15, 12, 7, 6, 11, 14, 5, 0, 1, 2, 3, 10, 8, 16], "R": [[-0.5369867603983245, 0.27729452037749136, -0.796713855863904], [0.8179826669514155, -0.05977988070985174, -0.5721282394965008], [-0.20627548502903098, -0.9589234144763246, -0.19472110683001248]], "T": [-0.12682755388569766, -0.08543137420234335, -0.0780073892556566], "aligned_model": [[-0.5398027727770761, 0.5699010183172569, 0.2512469703052503, -0.011968075291231839, -0.47501905768191804, -0.5291275103263327, 0.11778924461195275, 0.6024610979471738, 0.09226184972257007, 0.4771863376450628, 0.22922881975602988, -0.5037456475897398, -0.6406668204506707, -0.07150891265725152], [-0.6620500174145665, -0.40784481934854144, 0.3493002855974102, -0.6727232581807914, 0.37926910300009165, -0.22815655696253317, -0.6365841111365156, 0.012363860620357228, 0.7188791535230006, -0.2565905213090952, 0.23804222238409295, 0.22445702129422151, -0.3200819593737364, -0.024993510011782342], [-0.157232383521747, -0.31632377947817, -0.40966826244970306, -0.5468289256102163, -0.3300741061833748, -0.6033018374164659, 0.10086495598156407, 0.09216888829187113, 0.12551105655967804, 0.5843865391418911, 0.6821502757945611, 0.3529054548911503, 0.5191650969400382, 0.009897913377043668]], "inverted": false, "swapped": false, "error_lsq": 0.036376855024677156, "error_max": 0.1826157700797915, "target": "658.xyz", "model": "24.xyz", "model_rescale": 4.28219845311461, "target_rescale": 4.067731081801191},
{"mapping": [0, 14, 10, 6, 1, 0, 2, 11, 5, 13, 9, 3, 4, 15], "R": [[0.0440536340432468, 0.28250356583273023, 0.9582541482401088], [-0.4658316034174724, -0.8427201818070315, 0.26985850446600923], [0.8837760998041817, -0.45827331415533745, 0.09447420255282879]], "T": [0.05002252981933669, -0.0539542747866008, 0.1411568386575591], "aligned_model": [[-0.5236758270240651, 0.6349636943243171, 0.48726493256440545, -0.01822640559279387, -0.46369544774254584, -0.5236758270240651, 0.06184324057437868, 0.5146537731419185, 0.016483819810257316, 0.27713704173622694, 0.20751574956009974, -0.5431803112735623, -0.5561577107121276, -0.003014180811368436], [-0.475640673868739, -0.40603250710075206, 0.09421760310004282, -0.36588065549880033, 0.26316029882615816, -0.475640673868739, -0.7230892460465261, 0.21607916475747574, 0.7658146215537813, -0.43429685814633895, 0.4024872994644538, 0.31981141471733404, -0.37247696000383335, -0.09522593520390477], [-0.25709552884341, -0.19652552287873618, -0.5042647248752555, -0.7016012231798348, -0.07193841135707299, -0.25709552884341, -0.0034069376563704845, 0.05353937176252774, -0.08717360705203189, 0.5369787363552458, 0.6141585922587234, 0.47048182029239605, 0.39754987291733, 0.11001397741801938]], "inverted": false, "swapped": false, "error_lsq": 0.051712444009498815, "error_max": 0.30676451908530283, "target": "658.xyz", "model": "25.xyz", "model_rescale": 4.100010024507729, "target_rescale": 4.067731081801191},
{"mapping": [10, 9, 1, 0, 8, 2, 7, 5, 12, 4, 11, 13], "R": [[-0.21678918028884084, -0.6954611212640327, -0.6850812215495818], [-0.10903076641989434, 0.7146288156952826, -0.6909543745804414], [0.9701106860990572, -0.07509650183685418, -0.23075045423202195]], "T": [0.013622449394826885, 0.08928617375800982, 0.021765973711147177], "aligned_model": [[-0.5883358532207853, -0.19245980457308565, 0.4416756706928913, 0.7266390833858702, -0.5602554006767367, 0.056103260695697335, -0.22489259420196112, 0.5830131263990777, 0.015997030140624324, 0.02346361486671863, -0.42832266251575674, 0.024140131370452848], [-0.24672429976825414, -0.6137758839144921, -0.10021150183045241, -0.3034832242757751, 0.573067418161132, 0.6623822779373311, 0.10759353199191532, 0.2701040830806358, -0.36247083182727935, 0.4986177119316745, 0.1505498948719177, 0.030482213692286077], [-0.03566904785001283, 0.286122143792677, 0.6935294038647446, -0.3901728709616494, 0.01123604933636712, 0.47014711339550475, 0.477664931659248, -0.2926774388837825, -0.625881032043527, -0.45797429917068666, -0.5228665598445498, -0.048266103439976366]], "inverted": false, "swapped": true, "error_lsq": 0.04634838389355816, "error_max": 0.21678556990380843, "target": "658.xyz", "model": "26.xyz", "model_rescale": 3.6694154284099745, "target_rescale": 4.067731081801191},
{"mapping": [8, 1, 0, 5, 10, 8, 7, 6, 2, 3, 12, 11, 9, 13], "R": [[-0.18422460742909924, 0.6988419130260217, 0.6911449013164493], [0.45370641987833465, 0.6842443917444323, -0.5709291522837804], [-0.8719012435928616, 0.20839767984414326, -0.44312371687464364]], "T": [-0.07526180909680359, -0.08564964322307578, -0.04880626742755711], "aligned_model": [[-0.5741554520194677, 0.7573494861279622, 0.23767210673706873, 0.21988619961279443, -0.6182676196856357, -0.5741554520194677, 0.045455241669146426, 0.5345852971172069, 0.07326021528533062, 0.2436747575723675, 0.11213918642975172, -0.35925648341936334, -0.4674337080142744, -0.06251723386234385], [-0.40089330221985603, -0.2658771832644026, 0.1550525091286162, -0.5216230280673825, 0.1725596319710297, -0.40089330221985603, -0.6953229996054173, 0.11760087112096518, 0.5766868854240472, -0.4903562677201381, 0.24280084870711027, 0.5417125662894101, -0.28804109388047583, -0.030119242982037803], [-0.2939261583865003, -0.28101978678105816, -0.5789649052967172, -0.6393935686653225, -0.06786878990326137, -0.2939261583865003, 0.05046264457567263, 0.19195537251051845, -0.08597046116823104, 0.5735467151016644, 0.6488569425698771, 0.46299364687218825, 0.47090753638239646, -0.05403214310660584]], "inverted": true, "swapped": false, "error_lsq": 0.055211103701838495, "error_max": 0.39029203861933354, "target": "658.xyz", "model": "27.xyz", "model_rescale": 4.103607728864725, "target_rescale": 4.067731081801191},
