[{"mapping": [3, 8, 0, 10, 4, 6, 5, 7, 9, 2, 11], "R": [[0.6592845543544434, 0.5735989661843562, -0.4861358888026073], [-0.20012365990072756, -0.489362177536061, -0.8488080937085266], [-0.7247719621629973, 0.6568933590693414, -0.2078382007066949]], "T": [-0.06287941665502836, -0.03571019320010549, -0.0477856448854396], "aligned_model": [[-0.3885896545954237, -0.5664052473865755, 0.04935687161171348, 0.3799657067988288, -0.5563862106675791, 0.06696784391557403, 0.6619685729193874, 0.8005156998822979, -0.14846430678785683, -0.45988681718498325, -0.02731001893953186], [0.23592669945850392, 0.15390184751609942, -0.6398857193278396, 0.23660620400513077, -0.4381240950552996, 0.3933681039508345, -0.4320624269978908, 0.20099852535750473, 0.5642432306458283, -0.5995549785687995, -0.09513604995062214], [-0.5901496870513186, 0.28927889269268015, -0.11966292381196789, -0.4853851448979085, -0.5446383017170887, 0.5215876872010892, -0.12644078650594798, 0.26063154848147274, -0.09347525228644772, 0.36840472925048695, -0.05375568539838845]], "inverted": true, "swapped": false, "error_lsq": 0.049542167814451636, "error_max": 0.24749172427141916, "target": "659.xyz", "model": "0.xyz", "model_rescale": 3.751011558992144, "target_rescale": 3.667076783742993},
{"mapping": [5, 1, 3, 9, 2, 6, 12, 11, 10, 0, 14], "R": [[0.6937093713716025, 0.45452414536086966, 0.5587263277805933], [-0.2280976000510139, -0.5971681604970678, 0.7690004375418233], [0.6831828400378509, -0.660906944563695, -0.31058528249950457]], "T": [-0.1202798358837976, 0.0231534845847257, -0.05929520859192745], "aligned_model": [[-0.22018581426645628, -0.4938624795134164, -0.0064964718181659414, 0.32039736364957067, -0.5523214094080825, 0.12473706793467791, 0.512682731499234, 0.5977962171120342, 0.07959420610617081, -0.4837866301856577, -0.06682234154405772], [0.13293615723228874, -0.01519091006797009, -0.7285239898028392, 0.22650215537851354, -0.47719783708343405, 0.2711209519546773, -0.3617554685933663, 0.28220694393997425, 0.8090256229883982, -0.5749587749210202, 0.016116490008227662], [-0.6659686028209656, 0.5277748598098431, -0.13305298833762286, -0.5049885395181613, -0.5560111592515513, 0.6056894508096865, -0.0029162219706942924, 0.17306028679538119, -0.18139802407253708, 0.23332921626833858, -0.06912320175505605]], "inverted": false, "swapped": false, "error_lsq": 0.04788640512498518, "error_max": 0.27769997389761697, "target": "659.xyz", "model": "1.xyz", "model_rescale": 3.9405287249114394, "target_rescale": 3.667076783742993},
{"mapping": [6, 3, 1, 0, 7, 9, 2, 5, 11, 4, 12], "R": [[0.8277971308698171, -0.31664631541472893, 0.4631274350089559], [0.5430617992044595, 0.2450186428574627, -0.8031498906786345], [0.14083959801317975, 0.9163519932790909, 0.3747842473276095]], "T": [-0.08384225387857396, -0.04219636021127869, 0.018443946833583025], "aligned_model": [[-0.23736394358038337, -0.6442328056562853, 0.13067325635001176, 0.40486413867169047, -0.7022358021602719, 0.08780881121830124, 0.545792498056577, 0.5721537441542617, 0.044233046610698865, -0.3670464183935553, -0.022914085705193418], [0.20981644040533842, 0.011305652442006944, -0.7173544724731604, 0.059729429345417515, -0.3076629284326622, 0.39807200903837103, -0.2879426189313303, 0.26987921636345297, 0.6568394054079387, -0.6150897460515796, -0.09731104608034324], [-0.4379290722044558, 0.11794089497376951, -0.3356336600220435, -0.6551339503539879, -0.4011115009399783, 0.6719581256999803, 0.10410889300334972, 0.037268543700487045, -0.03215254342927512, 0.307034126057717, 0.05004521947109796]], "inverted": true, "swapped": false, "error_lsq": 0.04611128485241893, "error_max": 0.23449482991404577, "target": "659.xyz", "model": "2.xyz", "model_rescale": 3.932901565614263, "target_rescale": 3.667076783742993},
{"mapping": [0, 6, 7, 3, 4, 10, 8, 11, 1, 5, 13], "R": [[0.0440080230262474, -0.8794748399135952, -0.4739064252236693], [-0.7758010365815573, -0.3289598239586577, 0.5384405128331916], [-0.6294410580414203, 0.34396139344415544, -0.6967743639598493]], "T": [0.01873480100717432, -0.05624742915835709, -0.0505677007248086], "aligned_model": [[-0.21004903128103894, -0.5325196646359867, 0.010523886152248897, 0.3549759212387707, -0.7135064433433792, 0.015362938264387303, 0.6970829676207069, 0.7472255465800463, -0.12813823167443908, -0.40229476851381146, -0.02693068084165339], [0.14941130170867326, 0.05784469243534163, -0.711646818360351, 0.031950828587421556, -0.33348604314111907, 0.34879929925326925, -0.33522350900020836, 0.319781776317148, 0.659411718173858, -0.5321885543386209, -0.0743733506019624], [-0.6458094781940048, 0.3364642909509185, -0.33363442229066276, -0.424530873346431, -0.43810855731498216, 0.5402547926231633, -0.07890208372569213, 0.30385008750198167, -0.17316018835266472, 0.2856075996852377, 0.054363908419797165]], "inverted": true, "swapped": false, "error_lsq": 0.04477154837460252, "error_max": 0.22566155869731394, "target": "659.xyz", "model": "3.xyz", "model_rescale": 3.9243930471874484, "target_rescale": 3.667076783742993},
{"mapping": [3, 5, 10, 4, 6, 1, 8, 7, 2, 11, 12], "R": [[0.553635320932216, 0.8139950277937833, -0.17578403267441595], [0.29905824523677554, -0.3913453079428026, -0.8702947867860944], [-0.7772078855571287, 0.4292562692356991, -0.46009450980169964]], "T": [-0.003266990698236792, -0.13763116172198428, 0.005209768854632563], "aligned_model": [[-0.2522287114940058, -0.645578045543299, 0.10997122549423063, 0.4002754726233614, -0.6670804147777211, 0.023781361264291347, 0.5754890559878427, 0.5710678139626972, 0.15191869385855114, -0.36766526055879933, -0.08821875125129797], [0.13239362016298514, 0.12211214820217423, -0.6610129227874965, 0.07770632989727302, -0.2767639607233361, 0.303095634821674, -0.37687402553215316, 0.4100379267141444, 0.7172724515080298, -0.7993304136345366, -0.06835544759530819], [-0.5587565857367192, 0.31113953456622356, -0.45345825716900845, -0.3731425992356693, -0.24280296668657037, 0.5666263498771035, 0.06955772497164464, 0.11973863263491694, -0.30506705223983044, 0.24079856809711586, 0.05176172687745399]], "inverted": false, "swapped": false, "error_lsq": 0.049588113743464814, "error_max": 0.3157562164616008, "target": "659.xyz", "model": "4.xyz", "model_rescale": 3.8936222436046832, "target_rescale": 3.667076783742993},
{"mapping": [9, 1, 3, 8, 0, 5, 10, 7, 6, 2, 11], "R": [[-0.36197540024078745, -0.8379331609005333, -0.4084627614407009], [0.18444780596601162, 0.36513279816305333, -0.9125004364820564], [0.9137575260947767, -0.40564277088204126, 0.022385842318158433]], "T": [0.060185811731708005, -0.05284073371654087, -0.052090745310657396], "aligned_model": [[-0.21133926764486816, -0.6789087091019846, -0.005304764087628394, 0.48352085495393565, -0.6750301520423708, -0.008944736178514878, 0.5218052800918251, 0.5928935194802929, -0.026862338908262617, -0.19719736992681242, 0.017100122930239735], [0.19412256374903264, 0.09758467727653379, -0.49619004896948654, -0.0925057340685234, -0.43940992986605154, 0.4156274645925241, -0.4532999310566449, 0.29105880150904806, 0.7359201743255748, -0.6779447675134042, 0.0053180710548471205], [-0.5494027246513247, 0.22034319560388277, -0.41186067382718106, -0.6563067292583975, -0.35662325946488416, 0.6058829407631507, 0.10917703566777269, 0.08096238379545327, 0.017819751200620793, 0.2643856513674351, 0.10201750476013306]], "inverted": true, "swapped": false, "error_lsq": 0.05186531267751702, "error_max": 0.28371180793549483, "target": "659.xyz", "model": "5.xyz", "model_rescale": 3.6523030999806103, "target_rescale": 3.667076783742993},
{"mapping": [7, 9, 4, 3, 11, 8, 2, 1, 5, 10, 12], "R": [[-0.0027582054489849114, -0.18791520685908436, -0.98218138209488], [0.5301942504984767, 0.8324953442169183, -0.16076553920387668], [0.8478717173258344, -0.5211903461195939, 0.09733536906324476]], "T": [0.0266660009445662, -0.00019416199365374087, 0.039977393559809254], "aligned_model": [[-0.3122120091273859, -0.670297843727469, 0.07263833726705009, 0.27600499323267136, -0.5678115812706247, -0.14527277747269884, 0.6074785114479271, 0.6974308547437413, 0.07018656029050008, -0.25438698595335785, 0.03797438013549762], [0.25284107687747287, -0.001499836858004755, -0.5150035540706768, 0.011725063115156684, -0.37190107232491043, 0.412271716003795, -0.48841481523951735, 0.17020201904660784, 0.6770200943799406, -0.6323434034252371, 0.06538405352882326], [-0.49663505679546305, 0.23207780900383015, -0.20899938457272205, -0.608350225738904, -0.49199946702394837, 0.5439734834560138, 0.017415133121558665, 0.09841127404115398, -0.01824924866967946, 0.40062902156143365, -0.04187826242661262]], "inverted": true, "swapped": false, "error_lsq": 0.045671752072835976, "error_max": 0.24773976706583595, "target": "659.xyz", "model": "6.xyz", "model_rescale": 4.08911054899281, "target_rescale": 3.667076783742993},
{"mapping": [6, 1, 8, 5, 3, 13, 10, 12, 7, 9, 14], "R": [[0.17029818753747633, -0.8502515998961921, -0.49806700773632473], [-0.8818738604640457, -0.3570242414330137, 0.30794834836287416], [-0.4396555715007959, 0.3867892293008515, -0.8106152419891708]], "T": [-0.03966667874788908, -0.01927720499425742, -0.05638672910146612], "aligned_model": [[-0.366459447913722, -0.5489553176615921, 0.047283662031137194, 0.5262199166746356, -0.5618630208142886, 0.07572459068145916, 0.5815001235181241, 0.5686755876975577, 0.03621448858781008, -0.43957480369068924, -0.10703333954458076], [0.17809039302153676, 0.00740429631885018, -0.6679323287522279, 0.18530856579870028, -0.3725166078872453, 0.47778125472660404, -0.38241532291270497, 0.21196488961722473, 0.7073244113591471, -0.6331235349001207, -0.13160467535631445], [-0.37793841037195486, 0.47073682246543314, -0.2483115632056722, -0.523739115522551, -0.5349098119742266, 0.4685058931662045, -0.016922700173255402, 0.23421385339435138, -0.3124748078826586, 0.22258187625337686, 0.04465303980761345]], "inverted": true, "swapped": false, "error_lsq": 0.04963949829524179, "error_max": 0.23646063603509251, "target": "659.xyz", "model": "7.xyz", "model_rescale": 3.964800864290218, "target_rescale": 3.667076783742993},
{"mapping": [6, 10, 12, 2, 11, 5, 7, 1, 0, 9, 13], "R": [[-0.7039595411968325, 0.4311634832705254, 0.5643926071911045], [0.6955808998413389, 0.25791364682847784, 0.6705577995635785], [0.143555481030361, 0.8646262785005221, -0.48146985616181537]], "T": [-0.015372672507747825, 0.03903221579504515, -0.09845282880579244], "aligned_model": [[-0.3983096137857454, -0.6519061311552397, 0.0899241716403893, 0.4470584934377354, -0.6472952183512701, -0.1778037333253446, 0.589717972959694, 0.6473800635620787, 0.23372034059837737, -0.29470440494048716, -0.026049501074336616], [0.2482279757058198, -0.027861992396100682, -0.6969106853884558, 0.09914889900127247, -0.39687632164073683, 0.2783778394491695, -0.32731889715393314, 0.24239367303468323, 0.6744396398496314, -0.5201323051742102, 0.006793515746310215], [-0.4806860772530507, 0.4167988902015032, -0.23252578692421427, -0.5687209745659267, -0.41116830258174564, 0.6860218654244733, -0.01779715466843114, 0.18881502479729406, -0.3160980649143967, 0.18993154756359742, -0.028175891122441732]], "inverted": true, "swapped": false, "error_lsq": 0.04821672441328639, "error_max": 0.2697831797640075, "target": "659.xyz", "model": "8.xyz", "model_rescale": 4.121658175737393, "target_rescale": 3.667076783742993},
{"mapping": [10, 2, 7, 5, 11, 1, 9, 4, 0, 8, 12], "R": [[-0.6369338056292115, -0.6744664221255541, 0.3733769846573885], [-0.7070208073432387, 0.3179935718899889, -0.6316657868053022], [0.30730588219297866, -0.6663145906115222, -0.6794026502066317]], "T": [-0.0833516500170617, -0.1005464618709693, -0.05030652955157728], "aligned_model": [[-0.29818830816318537, -0.5621835158396155, 0.05943662185653774, 0.2913900216908756, -0.5288680530092268, 0.037392814550597134, 0.6626330108605314, 0.6473844211601801, 0.003204627227209364, -0.4377216178311353, -0.0627475829369171], [0.2124155133697276, 0.14889730151562677, -0.6800201088589088, 0.09027904027605835, -0.4027570261379937, 0.3105916630725891, -0.45428819923278585, 0.3435983963296798, 0.6811651004582899, -0.6207651916483108, -0.048835148110522565], [-0.7078632517934019, 0.3865507744268608, -0.3650011627677364, -0.5029346478690896, -0.38678235938759015, 0.4894322333770223, 0.057227121081761805, 0.18820564400167955, -0.06640893038622203, 0.3162282393689186, 0.017741415904458012]], "inverted": false, "swapped": false, "error_lsq": 0.03442841748952647, "error_max": 0.18965189560413806, "target": "659.xyz", "model": "9.xyz", "model_rescale": 3.833441315466971, "target_rescale": 3.667076783742993},
{"mapping": [7, 6, 2, 8, 3, 12, 13, 10, 11, 5, 14], "R": [[-0.40986198616813774, 0.43896967014596344, -0.7995741247603336], [-0.8979604509603535, -0.34818005114367384, 0.2691424910649882], [-0.16025036912715035, 0.8282972175961554, 0.536883170268057]], "T": [-0.06736521867528006, -0.023055479723441276, 0.0694377966723162], "aligned_model": [[-0.35453188749714476, -0.6357733241537964, 0.06135678326901578, 0.46106744599112487, -0.58608944664739, -0.11372815041715939, 0.45149769661389944, 0.6749120012667291, 0.04032831635451331, -0.0991856516032677, -0.08812134361067275], [0.29703596483054845, 0.10188137813476023, -0.6122756779511787, 0.13412756701622983, -0.375634369441046, 0.4421283095489459, -0.6255284024177812, 0.3284361487757383, 0.5995553801655475, -0.6565473689352432, -0.05289758869307117], [-0.43947353963579705, 0.41948432960723736, -0.3215870863511983, -0.4815719773861278, -0.5313409908925175, 0.4495359130439365, 0.1285495042471138, 0.10454203245700322, -0.18765148879997084, 0.30419445327260963, -0.018286073605628256]], "inverted": true, "swapped": false, "error_lsq": 0.046600847784442005, "error_max": 0.26083167971891463, "target": "659.xyz", "model": "10.xyz", "model_rescale": 4.2482417240324, "target_rescale": 3.667076783742993},
{"mapping": [7, 2, 8, 9, 3, 6, 10, 4, 5, 1, 11], "R": [[0.7925236670010896, -0.43738596004254293, 0.4249703039046486], [-0.17787093010972585, -0.8323409650408498, -0.5249480451785378], [0.5833250975785693, 0.3404438865254156, -0.7374481613391024]], "T": [-0.030949628744726447, -0.10104453699405845, 0.036167409942900894], "aligned_model": [[-0.2166278017246922, -0.7104931838758302, -0.045874908256214396, 0.49627911071501746, -0.6644014931019081, -0.023386868533885878, 0.514306444720082, 0.6281829538824151, 0.06260973868600855, -0.2941451190596762, 0.06528356611453545], [0.13577259882262066, 0.08718585477946157, -0.6154416754662915, 0.07081586489713955, -0.39193091449158446, 0.2893125172279584, -0.3949759943500963, 0.43646456781708887, 0.6366797983535168, -0.6404679197218569, -0.03313335683450684], [-0.5704605707485261, 0.2609943715761651, -0.2985423881178915, -0.5735905425992462, -0.37879701911159397, 0.5538993029339345, -0.1407576455489306, 0.24224453384713102, -0.06964194750467569, 0.40885642480995316, -0.007809443579658612]], "inverted": true, "swapped": false, "error_lsq": 0.03856784583520083, "error_max": 0.22546987829466664, "target": "659.xyz", "model": "11.xyz", "model_rescale": 3.6694154284099745, "target_rescale": 3.667076783742993},
{"mapping": [10, 11, 5, 12, 7, 4, 0, 1, 2, 6, 13], "R": [[-0.29319853502009047, 0.029972627029147478, -0.955581634760236], [0.261636114625934, 0.9638682927270268, -0.05004455813504921], [0.9195548719818293, -0.2646876572574906, -0.2904466930609183]], "T": [-0.11551081513923597, 0.020383529114973667, -0.04708032168067513], "aligned_model": [[-0.3008153586287887, -0.6693498586418004, 0.03870075381943658, 0.3123030720529283, -0.5682842787013248, 0.08583233402256168, 0.4485796373588731, 0.6092129798299434, 0.09687461985365461, -0.23163583499066576, -0.00968562640896714], [0.2491584498868849, 0.02933400170477425, -0.7114485973648812, 0.01006089202970517, -0.34928415172897087, 0.10593688272090791, -0.33586283578798964, 0.42667566365135007, 0.6163771569859461, -0.45864499924103497, -0.002021121823241989], [-0.6099773363257847, 0.4409881692503196, -0.3389901076214008, -0.5749413084524057, -0.5058910832185819, 0.6598993171510811, 0.20909999239392732, 0.11470848053044308, -0.20831802177713096, 0.23023084332941215, 0.009586130696781839]], "inverted": false, "swapped": false, "error_lsq": 0.042942832459728734, "error_max": 0.22062863280901115, "target": "659.xyz", "model": "12.xyz", "model_rescale": 3.9764082729961374, "target_rescale": 3.667076783742993},
{"mapping": [6, 12, 3, 4, 14, 9, 7, 0, 5, 8, 15], "R": [[-0.3295960995392052, 0.3799060059055533, -0.8643135066892293], [0.8565049844737125, -0.2648239571161878, -0.4430208610314075], [-0.39719720887769144, -0.8863067744377302, -0.23810644435957268]], "T": [-0.15239862279311692, -0.05424848878263256, 0.06974537597726035], "aligned_model": [[-0.3491871539171466, -0.5892287707357563, -0.004940527080991769, 0.36389331611660336, -0.5316137785912972, 0.037246135799903574, 0.537028044583033, 0.5149567998208938, 0.06998675092182255, -0.13385103213041366, -0.10255734522079915], [0.2224901830283449, 0.2547125004739619, -0.8054480271215416, 0.14045267366406022, -0.39455281105588136, 0.4063690555812243, -0.3473463777737714, 0.17145466790426822, 0.7342113489061503, -0.7063764240061569, -0.09568544856720873], [-0.6146147538093708, 0.4175040047907902, -0.2801100383326731, -0.390034802953907, -0.5460442580944541, 0.406443267090388, -0.029341437991823996, 0.24525252247421905, -0.10829882006451905, 0.34184458514601346, -0.016205192298001797]], "inverted": false, "swapped": false, "error_lsq": 0.04723353346630412, "error_max": 0.22602881909135997, "target": "659.xyz", "model": "13.xyz", "model_rescale": 4.170626492500431, "target_rescale": 3.667076783742993},
{"mapping": [12, 2, 11, 10, 5, 0, 9, 7, 8, 3, 13], "R": [[-0.39186930337295034, 0.7016234566835123, -0.595115933331883], [-0.9074735730730458, -0.18830473945551887, 0.37554365827774056], [0.1514270888845119, 0.687216014168812, 0.7104955922607075]], "T": [-0.095792883544553, -0.013236985180900267, 0.05308667453926036], "aligned_model": [[-0.17536820330176794, -0.5615747210928559, -0.06315244888347925, 0.32695541470882444, -0.5854169586748899, 0.02732027130635796, 0.5478115782085481, 0.5505869148599636, 0.057396518950414324, -0.18010994986394374, -0.13271597665132046], [0.18225641737501838, 0.07297044838341366, -0.6230934834230928, 0.04062287484797903, -0.32062381877070406, 0.2993831488708523, -0.4952940476082541, 0.46033198423625726, 0.6476209862781467, -0.5967082955563755, -0.0871848735997906], [-0.6477387097247653, 0.5097569335278713, -0.30281963997068506, -0.31665823316924635, -0.6490539295740634, 0.5460067587476463, -0.04540557814738427, 0.17700354307827587, -0.24916494469079747, 0.41075337235428, -0.006284496474470942]], "inverted": true, "swapped": false, "error_lsq": 0.049337807215834736, "error_max": 0.24109164515747997, "target": "659.xyz", "model": "14.xyz", "model_rescale": 3.9786697098870705, "target_rescale": 3.667076783742993},
{"mapping": [4, 5, 6, 0, 10, 8, 9, 3, 2, 7, 11], "R": [[0.15261380156831705, -0.9849982350633857, -0.08054504635843013], [0.6816644574515767, 0.16392445038510872, -0.7130654542278625], [0.7155715163546648, 0.053918934410421504, 0.6964554210385117]], "T": [-0.027922811422414526, -0.11982657148560817, -0.11627068519927669], "aligned_model": [[-0.42018831216493086, -0.5805540979022425, 0.21961786615811346, 0.4088730444042408, -0.7207837219677944, -0.012014216344190795, 0.5335701182268644, 0.7046521453008514, 0.035294303537418734, -0.38989455400034717, 0.0331598643178682], [0.24890490651338654, 0.25979874711529766, -0.8698230142539035, 0.2049748489275241, -0.4201986937914731, 0.12589314551192266, -0.29207084396661936, 0.3287948331622066, 0.7438976089733786, -0.5505903429707709, -0.1992998541874993], [-0.4079547679858548, 0.3254790928547236, -0.17614254488136982, -0.5493053301285418, -0.46561483539587656, 0.3437259053351371, 0.08981635612205804, 0.21117702112401449, -0.05437114777257346, 0.23056506287417355, -0.12097973618922958]], "inverted": false, "swapped": false, "error_lsq": 0.05099880051334544, "error_max": 0.2692932733915738, "target": "659.xyz", "model": "15.xyz", "model_rescale": 3.769337070930944, "target_rescale": 3.667076783742993},
{"mapping": [3, 1, 8, 2, 9, 5, 6, 4, 0, 7, 10], "R": [[-0.6759975656421287, -0.6135390264089108, 0.4081631466939679], [0.4448618541572612, 0.10179639561238363, 0.8897951587618864], [-0.5874735925653846, 0.7830755754801275, 0.20412599326099445]], "T": [-0.055097526453772035, -0.05645964175533148, -0.010327100413879901], "aligned_model": [[-0.3053093488747693, -0.6940026052713753, 0.13336301280583654, 0.346884137908809, -0.5893614326833578, 0.08067359321352685, 0.6133847810530277, 0.6060894666131684, -0.001157509502974087, -0.34986918130022454, -0.02896247439581657], [0.11969520356941503, 0.27494891574224317, -0.6494125845852754, 0.10122214703443701, -0.40508838747053316, 0.0724815822186906, -0.3417017984677222, 0.30249719707461603, 0.5859630383713585, -0.453770811157451, -0.026553161296328693], [-0.6314607036797732, 0.3405248835891458, -0.42791917945503993, -0.6103879750139862, -0.5141125300102876, 0.6338710720010493, 0.046902665302035206, 0.1946467335108239, -0.053381592073174854, 0.505802736110441, -0.058091034324571925]], "inverted": true, "swapped": false, "error_lsq": 0.04139578784722609, "error_max": 0.20904758361765696, "target": "659.xyz", "model": "16.xyz", "model_rescale": 3.7852294659196426, "target_rescale": 3.667076783742993},
{"mapping": [7, 11, 4, 1, 6, 8, 0, 3, 2, 10, 12], "R": [[0.21346671389646235, 0.7977558753128966, 0.5639304260828641], [-0.5336936232256277, 0.5787161527700455, -0.6166512231815806], [-0.8182927829246376, -0.16933156211052977, 0.5492938589558964]], "T": [0.026479281675456448, -0.04184136753638596, -0.03244458169111646], "aligned_model": [[-0.459424063449529, -0.5781012836353517, 0.34862133841688725, 0.36229138717871157, -0.7300022036553625, 0.04572478208192707, 0.4970392531628667, 0.7482586099488955, 0.011057301727583554, -0.4004292474361469, -0.03330343477463034], [0.21997144614715275, 0.27069201740882914, -0.6105324839671165, 0.1789169293312534, -0.3650685071538123, 0.22575530663960347, -0.39104307936921545, 0.2838664807258801, 0.558287824467429, -0.7085724731187573, -0.08199212007779627], [-0.46462393677865355, 0.2409366498819806, -0.305577506218286, -0.5916852797886706, -0.36509036096450503, 0.5610430272246245, 0.31738199452274235, 0.04134139272180499, -0.14946653035718815, 0.11746811256729695, 0.024667513145514817]], "inverted": true, "swapped": false, "error_lsq": 0.05775812667033995, "error_max": 0.30520547692717165, "target": "659.xyz", "model": "17.xyz", "model_rescale": 3.901054581598922, "target_rescale": 3.667076783742993},
{"mapping": [5, 1, 3, 9, 2, 6, 12, 11, 10, 0, 14], "R": [[0.6937093713716025, 0.45452414536086966, 0.5587263277805933], [-0.2280976000510139, -0.5971681604970678, 0.7690004375418233], [0.6831828400378509, -0.660906944563695, -0.31058528249950457]], "T": [-0.1202798358837976, 0.0231534845847257, -0.05929520859192745], "aligned_model": [[-0.22018581426645628, -0.4938624795134164, -0.0064964718181659414, 0.32039736364957067, -0.5523214094080825, 0.12473706793467791, 0.512682731499234, 0.5977962171120342, 0.07959420610617081, -0.4837866301856577, -0.06682234154405772], [0.13293615723228874, -0.01519091006797009, -0.7285239898028392, 0.22650215537851354, -0.47719783708343405, 0.2711209519546773, -0.3617554685933663, 0.28220694393997425, 0.8090256229883982, -0.5749587749210202, 0.016116490008227662], [-0.6659686028209656, 0.5277748598098431, -0.13305298833762286, -0.5049885395181613, -0.5560111592515513, 0.6056894508096865, -0.0029162219706942924, 0.17306028679538119, -0.18139802407253708, 0.23332921626833858, -0.06912320175505605]], "inverted": false, "swapped": false, "error_lsq": 0.04788640512498518, "error_max": 0.27769997389761697, "target": "659.xyz", "model": "18.xyz", "model_rescale": 3.9405287249114394, "target_rescale": 3.667076783742993},
{"mapping": [13, 12, 10, 9, 14, 0, 2, 8, 7, 3, 15], "R": [[-0.39626549356976515, -0.26405848899798223, 0.8793445132563305], [0.7996476400283856, -0.5698756764394861, 0.18922305673377054], [0.451151094870603, 0.7781483327687214, 0.43697581375439465]], "T": [-0.035455906699031946, 0.026181236701566232, 0.004981784391980382], "aligned_model": [[-0.3783897103735026, -0.5467009098944084, 0.018890025897255087, 0.345364514282736, -0.549926076124535, 0.14204800244975777, 0.5519836095932148, 0.5891960479187756, 0.09389880036677647, -0.43998759490883793, -0.014644269641380728], [0.19411971502451214, 0.011397889334755926, -0.7143716405193973, 0.3428172563915806, -0.3971937346663982, 0.32357332476258877, -0.6078438848201745, 0.407689343285801, 0.6836735056015155, -0.65598091163044, -0.007599521730893961], [-0.5477594924888944, 0.2013209337172855, -0.2529561782977303, -0.5813008138101742, -0.3897498212170143, 0.598887977449061, 0.09582364143332131, 0.19611957693605447, -0.21088119306839448, 0.31552568063074293, 0.0013647646724034533]], "inverted": true, "swapped": false, "error_lsq": 0.041306103346561554, "error_max": 0.21251628168519587, "target": "659.xyz", "model": "19.xyz", "model_rescale": 4.410303926677745, "target_rescale": 3.667076783742993},
{"mapping": [6, 10, 12, 2, 11, 5, 7, 1, 0, 9, 13], "R": [[-0.7039595411968325, 0.4311634832705254, 0.5643926071911045], [0.6955808998413389, 0.25791364682847784, 0.6705577995635785], [0.143555481030361, 0.8646262785005221, -0.48146985616181537]], "T": [-0.015372672507747825, 0.03903221579504515, -0.09845282880579244], "aligned_model": [[-0.3983096137857454, -0.6519061311552397, 0.0899241716403893, 0.4470584934377354, -0.6472952183512701, -0.1778037333253446, 0.589717972959694, 0.6473800635620787, 0.23372034059837737, -0.29470440494048716, -0.026049501074336616], [0.2482279757058198, -0.027861992396100682, -0.6969106853884558, 0.09914889900127247, -0.39687632164073683, 0.2783778394491695, -0.32731889715393314, 0.24239367303468323, 0.6744396398496314, -0.5201323051742102, 0.006793515746310215], [-0.4806860772530507, 0.4167988902015032, -0.23252578692421427, -0.5687209745659267, -0.41116830258174564, 0.6860218654244733, -0.01779715466843114, 0.18881502479729406, -0.3160980649143967, 0.18993154756359742, -0.028175891122441732]], "inverted": true, "swapped": false, "error_lsq": 0.04821672441328639, "error_max": 0.2697831797640075, "target": "659.xyz", "model": "20.xyz", "model_rescale": 4.121658175737393, "target_rescale": 3.667076783742993},
{"mapping": [7, 9, 4, 3, 11, 8, 2, 1, 5, 10, 12], "R": [[-0.0027582054489849114, -0.18791520685908436, -0.98218138209488], [0.5301942504984767, 0.8324953442169183, -0.16076553920387668], [0.8478717173258344, -0.5211903461195939, 0.09733536906324476]], "T": [0.0266660009445662, -0.00019416199365374087, 0.039977393559809254], "aligned_model": [[-0.3122120091273859, -0.670297843727469, 0.07263833726705009, 0.27600499323267136, -0.5678115812706247, -0.14527277747269884, 0.6074785114479271, 0.6974308547437413, 0.07018656029050008, -0.25438698595335785, 0.03797438013549762], [0.25284107687747287, -0.001499836858004755, -0.5150035540706768, 0.011725063115156684, -0.37190107232491043, 0.412271716003795, -0.48841481523951735, 0.17020201904660784, 0.6770200943799406, -0.6323434034252371, 0.06538405352882326], [-0.49663505679546305, 0.23207780900383015, -0.20899938457272205, -0.608350225738904, -0.49199946702394837, 0.5439734834560138, 0.017415133121558665, 0.09841127404115398, -0.01824924866967946, 0.40062902156143365, -0.04187826242661262]], "inverted": true, "swapped": false, "error_lsq": 0.045671752072835976, "error_max": 0.24773976706583595, "target": "659.xyz", "model": "21.xyz", "model_rescale": 4.08911054899281, "target_rescale": 3.667076783742993},
{"mapping": [5, 14, 7, 8, 10, 2, 0, 1, 11, 13, 16], "R": [[0.722103042439239, 0.576834575088746, 0.3818757246568319], [0.6158310768672528, -0.2845297288943655, -0.7347073690523448], [-0.3151496166339321, 0.7657053652401064, -0.5606924404501998]], "T": [-0.09322374587092726, -0.030699070772184155, 0.012196250518192897], "aligned_model": [[-0.3267847141542697, -0.6165747315233241, -0.11664242305400337, 0.3308009523164052, -0.46096961096336697, 0.18440814555360646, 0.5306045920276828, 0.5802438400989574, 0.034988121063550245, -0.25384741995908827, -0.07449431184029835], [0.20575647448496143, 0.08012861429471556, -0.708384205816849, 0.2443360476024905, -0.3746687594148631, 0.2170273512344037, -0.4835250376551013, 0.3767991036734252, 0.6788356588102963, -0.5860633308944725, -0.0699605752855566], [-0.6101116340211732, 0.36665859828793884, -0.20225796675888158, -0.4624833857080132, -0.618345771251497, 0.630909416756881, 0.08878767778314783, 0.11410321660702874, -0.24473801140874335, 0.33235330561690746, 0.03151963005306567]], "inverted": true, "swapped": false, "error_lsq": 0.03957062314611281, "error_max": 0.20754022828108876, "target": "659.xyz", "model": "22.xyz", "model_rescale": 4.204369325754507, "target_rescale": 3.667076783742993},
{"mapping": [13, 12, 10, 9, 14, 0, 2, 8, 7, 3, 15], "R": [[-0.39626549356976515, -0.26405848899798223, 0.8793445132563305], [0.7996476400283856, -0.5698756764394861, 0.18922305673377054], [0.451151094870603, 0.7781483327687214, 0.43697581375439465]], "T": [-0.035455906699031946, 0.026181236701566232, 0.004981784391980382], "aligned_model": [[-0.3783897103735026, -0.5467009098944084, 0.018890025897255087, 0.345364514282736, -0.549926076124535, 0.14204800244975777, 0.5519836095932148, 0.5891960479187756, 0.09389880036677647, -0.43998759490883793, -0.014644269641380728], [0.19411971502451214, 0.011397889334755926, -0.7143716405193973, 0.3428172563915806, -0.3971937346663982, 0.32357332476258877, -0.6078438848201745, 0.407689343285801, 0.6836735056015155, -0.65598091163044, -0.007599521730893961], [-0.5477594924888944, 0.2013209337172855, -0.2529561782977303, -0.5813008138101742, -0.3897498212170143, 0.598887977449061, 0.09582364143332131, 0.19611957693605447, -0.21088119306839448, 0.31552568063074293, 0.0013647646724034533]], "inverted": true, "swapped": false, "error_lsq": 0.041306103346561554, "error_max": 0.21251628168519587, "target": "659.xyz", "model": "23.xyz", "model_rescale": 4.410303926677745, "target_rescale": 3.667076783742993},
{"mapping": [10, 2, 15, 11, 8, 0, 13, 7, 1, 5, 16], "R": [[0.39986619777146537, 0.9164852424642242, -0.01272101509643947], [0.5263266629858299, -0.24095673547490665, -0.8154263274260138], [-0.7503914096723072, 0.3193660156850888, -0.5787210729837299]], "T": [0.05280500708514664, -0.13045948256526435, -0.1015080527760842], "aligned_model": [[-0.29241238418424953, -0.6002516224583371, -0.052900574814587556, 0.4071637867365433, -0.61085289872197, -0.04689142952780721, 0.6759241817673598, 0.5110890963037238, 0.0933825195003085, -0.26067353672195936, -0.011844698313172988], [0.1600380697254311, 0.08118255983477995, -0.8022887621413204, 0.11766439510603857, -0.3306285169991679, 0.2254859952975498, -0.33972088704610837, 0.2859974549557414, 0.7256543568854645, -0.5090632121762462, -0.03404011240871281], [-0.5707841667579087, 0.49983929749364375, -0.31780863043205165, -0.5636615805394153, -0.54331933485019, 0.5570883702341382, 0.14772834618522174, 0.1402980874313603, -0.14343547766083298, 0.29091066737518917, -0.07046050252249347]], "inverted": false, "swapped": false, "error_lsq": 0.035290596338284304, "error_max": 0.17743855839463032, "target": "659.xyz", "model": "24.xyz", "model_rescale": 4.28219845311461, "target_rescale": 3.667076783742993},
{"mapping": [13, 9, 4, 2, 7, 8, 0, 6, 14, 3, 15], "R": [[0.4583679558378797, -0.7115512674070485, 0.5325350795134782], [0.2924183218595432, -0.44508605772524357, -0.8463982078545829], [0.8392796566710361, 0.5436848306418198, 0.004057441080739715]], "T": [-0.12884116719235228, 0.05280225147654474, 0.02811968881199936], "aligned_model": [[-0.3114869157326702, -0.7922128907185271, 0.039276400032692727, 0.33476408106292305, -0.6353548451191285, 0.18947662321628322, 0.5948321152595741, 0.717519452363362, 0.1288674032298157, -0.3887870269834544, -0.06516195704501909], [0.11523718857433748, 0.01264519693464719, -0.6019844790146799, 0.12600822383398821, -0.3866169714978368, 0.20312845246066644, -0.32053197333392913, 0.31531251146709993, 0.726066938812464, -0.6251261679760506, 0.01614242077274322], [-0.5337155771750569, 0.15140412122461555, -0.25051877620791985, -0.4703691112520394, -0.36672287006926607, 0.6264689802261945, -0.021606651152079277, 0.1923122587595469, -0.21773713621439322, 0.29809478569279524, 0.018785052124263842]], "inverted": true, "swapped": false, "error_lsq": 0.041500966444411314, "error_max": 0.25306821417401143, "target": "659.xyz", "model": "25.xyz", "model_rescale": 4.100010024507729, "target_rescale": 3.667076783742993},
{"mapping": [7, 2, 8, 9, 3, 6, 10, 4, 5, 1, 11], "R": [[0.7925236670010896, -0.43738596004254293, 0.4249703039046486], [-0.17787093010972585, -0.8323409650408498, -0.5249480451785378], [0.5833250975785693, 0.3404438865254156, -0.7374481613391024]], "T": [-0.030949628744726447, -0.10104453699405845, 0.036167409942900894], "aligned_model": [[-0.2166278017246922, -0.7104931838758302, -0.045874908256214396, 0.49627911071501746, -0.6644014931019081, -0.023386868533885878, 0.514306444720082, 0.6281829538824151, 0.06260973868600855, -0.2941451190596762, 0.06528356611453545], [0.13577259882262066, 0.08718585477946157, -0.6154416754662915, 0.07081586489713955, -0.39193091449158446, 0.2893125172279584, -0.3949759943500963, 0.43646456781708887, 0.6366797983535168, -0.6404679197218569, -0.03313335683450684], [-0.5704605707485261, 0.2609943715761651, -0.2985423881178915, -0.5735905425992462, -0.37879701911159397, 0.5538993029339345, -0.1407576455489306, 0.24224453384713102, -0.06964194750467569, 0.40885642480995316, -0.007809443579658612]], "inverted": true, "swapped": false, "error_lsq": 0.03856784583520083, "error_max": 0.22546987829466664, "target": "659.xyz", "model": "26.xyz", "model_rescale": 3.6694154284099745, "target_rescale": 3.667076783742993},
{"mapping": [0, 4, 7, 6, 5, 10, 9, 11, 2, 8, 13], "R": [[-0.8256768011980912, 0.30642022982051353, -0.4736712601794957], [0.5098568277798603, 0.7646926128003674, -0.39407007383815024], [0.24146187096422844, -0.566879044140186, -0.7876193967806807]], "T": [0.04069991412769305, -0.10857113879709812, -0.11744775061789701], "aligned_model": [[-0.4485427717802043, -0.5824315281286916, 0.07972137866454171, 0.32508212824274374, -0.5806583460751371, 0.027886524142345652, 0.5205248683868955, 0.6043922989444023, 0.07941095769678577, -0.25551324593476754, 0.041860175406937164], [0.23843183398388268, 0.22229203066045328, -0.6964570026919591, 0.16642555726065966, -0.4207132146089535, 0.05517930782950431, -0.43021294859738024, 0.4016314468848291, 0.569296557112175, -0.47413608075026864, -0.05145614604949256], [-0.39523161318001543, 0.3041768915188118, -0.33879828948427554, -0.6784236906159775, -0.49488613857906877, 0.46126835263075827, 0.24473741601500953, 0.2801949107104853, -0.15101094700512752, 0.3149608864959276, -0.12059270254986663]], "inverted": true, "swapped": false, "error_lsq": 0.04462427265871706, "error_max": 0.2118006853139933, "target": "659.xyz", "model": "27.xyz", "model_rescale": 4.103607728864725, "target_rescale": 3.667076783742993},
{"mapping": [13, 10, 2, 8, 12, 6, 1, 7, 11, 3, 14], "R": [[-0.1710661566692444, -0.9748424965317224, 0.14289323636272083], [-0.058815595289006484, -0.13466849994187846, -0.989143630052888], [0.9835024635420155, -0.17761334994645855, -0.034298719037064995]], "T": [-0.08833745425950681, 0.0030516611416077435, 0.07454940736807886], "aligned_model": [[-0.22788514487812853, -0.5198084781544245, -0.04547644394924523, 0.48584628028189647, -0.648259780336933, 0.02068498960675129, 0.6454810826630177, 0.5802461163797903, -0.07868737768777753, -0.4051963034189302, 0.004787499059834499], [0.16507281969175913, 0.11501619760713741, -0.6347993367883208, 0.25329423372953463, -0.43993850419065167, 0.4754792438690562, -0.5098072076683823, 0.27312532428483516, 0.6672084014001677, -0.6630749867294664, -0.12129484417221911], [-0.5371270750789556, 0.32167685306944716, -0.2896342612210814, -0.4545740854568791, -0.40246245758255084, 0.4822178371778914, 0.03784834979895632, 0.08627421487140075, -0.1011319344146247, 0.21385702120242978, 0.06945061359062729]], "inverted": true, "swapped": false, "error_lsq": 0.04534971177032183, "error_max": 0.22982634088869877, "target": "659.xyz", "model": "28.xyz", "model_rescale": 4.137296879288765, "target_rescale": 3.667076783742993},
{"mapping": [1, 5, 3, 7, 2, 6, 8, 9, 0, 4, 10], "R": [[-0.41547854610874757, 0.18846114450750606, 0.889865144128189], [0.7405411811299296, -0.4979894612308724, 0.4512263905775842], [0.5281821056927719, 0.8464566696021165, 0.06734069877899457]], "T": [0.008347046239026129, -0.04875483438854865, -0.05536690487292067], "aligned_model": [[-0.333329084064655, -0.6311533210324117, 0.01803472732145958, 0.3877483184599122, -0.6238636828520472, -0.1707547803921804, 0.6080657904033172, 0.6456205818040769, -0.003358353608367032, -0.12311665817189829, 0.037838901698645074], [0.33713883340999484, 0.1300902421285946, -0.7112941897034547, 0.1024154361806363, -0.35334256351010374, 0.17640902493041521, -0.4333083320479402, 0.24628799361224207, 0.6512953290752854, -0.49717623053023496, -0.06823420251198473], [-0.6042771571214388, 0.05532124398211954, -0.21912427556737774, -0.6446159597021016, -0.40127872218603033, 0.6029427449963041, -0.15933763783042745, 0.2876001296400074, -0.07306138468596521, 0.5621001053252895, 0.020125989106281376]], "inverted": false, "swapped": false, "error_lsq": 0.05692128225922733, "error_max": 0.2957297336686129, "target": "659.xyz", "model": "29.xyz", "model_rescale": 3.607286011436655, "target_rescale": 3.667076783742993},
{"mapping": [6, 1, 8, 5, 3, 13, 10, 12, 7, 9, 14], "R": [[0.17029818753747633, -0.8502515998961921, -0.49806700773632473], [-0.8818738604640457, -0.3570242414330137, 0.30794834836287416], [-0.4396555715007959, 0.3867892293008515, -0.8106152419891708]], "T": [-0.03966667874788908, -0.01927720499425742, -0.05638672910146612], "aligned_model": [[-0.366459447913722, -0.5489553176615921, 0.047283662031137194, 0.5262199166746356, -0.5618630208142886, 0.07572459068145916, 0.5815001235181241, 0.5686755876975577, 0.03621448858781008, -0.43957480369068924, -0.10703333954458076], [0.17809039302153676, 0.00740429631885018, -0.6679323287522279, 0.18530856579870028, -0.3725166078872453, 0.47778125472660404, -0.38241532291270497, 0.21196488961722473, 0.7073244113591471, -0.6331235349001207, -0.13160467535631445], [-0.37793841037195486, 0.47073682246543314, -0.2483115632056722, -0.523739115522551, -0.5349098119742266, 0.4685058931662045, -0.016922700173255402, 0.23421385339435138, -0.3124748078826586, 0.22258187625337686, 0.04465303980761345]], "inverted": true, "swapped": false, "error_lsq": 0.04963949829524179, "error_max": 0.23646063603509251, "target": "659.xyz", "model": "30.xyz", "model_rescale": 3.964800864290218, "target_rescale": 3.667076783742993},
