[{"mapping": [13, 12, 3, 0, 10, 8, 4, 9, 2, 1, 6, 14], "R": [[0.5129529545969601, -0.25674105966369437, -0.819123491698909], [-0.8498636594910944, -0.01752156825920928, -0.5267112633332833], [0.12087607971246608, 0.9663213869766629, -0.22718263671514238]], "T": [-0.09410948181337633, -0.02975738131831719, 0.07962549283035819], "aligned_model": [[-0.25794147275562457, -0.007498262779613546, 0.5657358968708107, -0.17285118206834027, -0.1816978152200688, -0.549331323735772, 0.514102736780929, -0.24883423956425743, 0.5466636934764808, 0.320926822955374, -0.6429353937526542, -0.04869699774671486], [-0.330832425889533, -0.7584683624420036, -0.37620055148190884, 0.6818329883558039, 0.321488356420961, -0.5668350748859253, -0.2589044843002534, -0.4246019819414759, 0.23125127438671078, 0.45659878575151264, 0.11826261149843119, -0.04003609949526223], [-0.5356034858543812, -0.04642944410960931, -0.3865741401719195, 0.05191238523821169, -0.6140545831201736, -0.1298561336310416, 0.2866904422220876, 0.669818161182997, 0.011690757844168342, 0.551594242740805, 0.2696332384050129, 0.053130304607404956]], "inverted": false, "swapped": true, "error_lsq": 0.04943737327411293, "error_max": 0.27878316608647874, "target": "66.xyz", "model": "0.xyz", "model_rescale": 3.751011558992144, "target_rescale": 4.050066364887312},
{"mapping": [7, 0, 1, 4, 8, 2, 12, 3, 9, 13, 6, 11, 5, 10, 14], "R": [[0.9862656946006962, 0.02987751443685671, -0.16244172427329664], [0.105900768051338, -0.8691255839693853, 0.4831208405937501], [-0.1267478085804367, -0.4936882147883929, -0.8603527994951295]], "T": [0.0730987431668671, -0.03343867137087093, -0.03637272326922918], "aligned_model": [[-0.5517637309207761, -0.1323482063355077, -0.12783038684225378, 0.41748751405900714, 0.6445496602993386, 0.5012962635663698, -0.4923701420944708, -0.22041536584538618, 0.19437680586111225, 0.20185486916965378, -0.4529285170664305, -0.4312098157889643, 0.60151635714109, 0.32678147882210057, 0.044986172994900424], [-0.016199256086582382, 0.3206311660961952, -0.3111142849060135, -0.7054649119861561, -0.10524262638599907, 0.6244675734387558, 0.3047215296615526, 0.6603108210259216, 0.034522355027161215, 0.5817978008235022, -0.5659240965541533, -0.3362076529685813, 0.16762968781710263, -0.643329816811996, -0.0196996575706185], [-0.2575665632263343, -0.6750671882802384, -0.6431752346330962, -0.2716408178288105, -0.3660790979308594, -0.2962656984577116, 0.3069459658757428, -0.16273331492149495, 0.6077255236887568, 0.32750657210102885, -0.09536711901128544, 0.5028255798372011, 0.22901828481293152, 0.4495610257870081, 0.008624335984573302]], "inverted": true, "swapped": false, "error_lsq": 0.04670918289755126, "error_max": 0.3228123801462657, "target": "66.xyz", "model": "1.xyz", "model_rescale": 3.9405287249114394, "target_rescale": 4.050066364887312},
{"mapping": [5, 9, 7, 13, 8, 1, 4, 12, 11, 0, 10, 2, 14], "R": [[-0.5480863618533731, 0.3186600590028351, -0.7733415201233174], [-0.7364870550670177, -0.6221203944107205, 0.2656182082933347], [-0.39646961758632276, 0.7151377361421781, 0.5756647120298375]], "T": [-0.021317001418944194, -0.08237740998458196, -0.004103784652584815], "aligned_model": [[-0.39509051908740794, 0.11675460983191885, -0.37470988556772594, 0.5409725953362529, 0.6551922341307296, -0.7525062155835837, -0.07346957903432791, 0.6400533709406425, 0.16375613222036944, -0.605785516384882, -0.012825188166936397, -0.3927328364954669, -0.013625922855651458], [0.6956067966138276, 0.4893822392399285, 0.11710970390470338, -0.4658922534359844, -0.17103145369891828, 0.21098047402300427, 0.45185532952050345, 0.22284837761139267, -0.723954969646969, -0.4910759840538722, -0.8157030417324912, 0.016079575116643333, -0.07737219988975107], [-0.07524842229030743, -0.43094863792458304, -0.4609854272821208, 0.17683978159516062, -0.2762023713176504, 0.10008566488465903, 0.4168259952489844, 0.15029017102916356, -0.3075560133488897, -0.07259580222871453, 0.2686575379885296, 0.5752815864786012, 0.04867628675581159]], "inverted": true, "swapped": true, "error_lsq": 0.048661864748132236, "error_max": 0.23698554148961457, "target": "66.xyz", "model": "2.xyz", "model_rescale": 3.932901565614263, "target_rescale": 4.050066364887312},
{"mapping": [7, 9, 5, 6, 1, 2, 4, 0, 11, 10, 12, 8, 3, 14], "R": [[0.9338023149590415, 0.014632247833243711, 0.3574900472747199], [-0.3529833427130098, 0.20089394309670927, 0.9138076293149484], [-0.05844652551080226, -0.979503711555195, 0.1927601688765406]], "T": [0.02059233790722955, -0.04228760044393746, 0.06528223241865977], "aligned_model": [[-0.20660429737452707, 0.4071972061813682, 0.18500176411417601, -0.21619635598281578, -0.3597620972809587, -0.12198555857318649, 0.36607842579335304, -0.6939323507593139, -0.2672579668326535, -0.3721319173047707, 0.7463252994732564, 0.4554543350023263, 0.4598654691389261, 0.03775795645752388], [0.09353781199703856, 0.14937402341803824, -0.44643831135273315, 0.4581721428208377, -0.5659028266886714, -0.7154227203960046, -0.6083108416863507, -0.09500728920442991, 0.5288723642466202, 0.017668236369626368, 0.014508061380026215, 0.515395684459821, -0.5994924727223809, -0.0834572242909486], [-0.48549505541973775, -0.5195013966655209, -0.682821618084487, -0.16426929357281486, -0.39592222863124726, 0.1647385668774134, -0.0946034904261116, 0.06322563148885701, 0.4242746860357393, 0.7393818461256192, 0.2217972978094418, 0.26389321735517046, 0.584245370052153, 0.09495283011262212]], "inverted": false, "swapped": true, "error_lsq": 0.03305773494031504, "error_max": 0.22123274612115276, "target": "66.xyz", "model": "3.xyz", "model_rescale": 3.9243930471874484, "target_rescale": 4.050066364887312},
{"mapping": [4, 12, 5, 1, 7, 3, 2, 9, 6, 11, 0, 10, 14], "R": [[0.23181397911403126, -0.9205283258844781, 0.31446761412209007], [0.4035380957403474, -0.20314327812354874, -0.892126568284721], [0.8851097583766512, 0.3337070718422652, 0.32437679607038394]], "T": [-0.053684591680549565, 0.03140573310674978, -0.09867011334110662], "aligned_model": [[0.0006956085787519495, -0.4322547067497548, 0.6125342210619196, 0.5146347210353386, 0.5377166582877781, -0.6731118622752561, -0.08919817820298259, 0.3752247078603316, 0.22847162887667982, -0.3152483502350832, 0.17472700672433417, -0.5705856916552836, -0.08639987699542095], [-0.5521878479691394, 0.04771722683931774, -0.37859856088122623, -0.4689437482063543, 0.18139222405064592, -0.5508610984214313, -0.633218956743692, 0.20354672364490556, 0.544899746828667, 0.616280066771192, 0.01801896842814689, 0.11053085076497733, -0.01074604142442219], [-0.44762242650982365, -0.739630055574941, -0.47025671179542783, 0.142608795307854, -0.0644489412838837, -0.322357585232272, 0.10218733749194894, -0.6595388031638062, 0.027561849094833057, 0.2583501927894747, 0.5802835390903199, 0.48338641381084346, -0.10345328865415594]], "inverted": true, "swapped": true, "error_lsq": 0.046355368105632934, "error_max": 0.2831764463905915, "target": "66.xyz", "model": "4.xyz", "model_rescale": 3.8936222436046832, "target_rescale": 4.050066364887312},
{"mapping": [3, 13, 12, 4, 8, 11, 0, 7, 5, 2, 9, 14], "R": [[-0.35934407143865404, -0.4507197438385614, 0.8171435313554122], [-0.148036121513329, -0.8370122263521358, -0.5267787388119725], [0.9213887046459722, -0.31026157585357395, 0.23405257849396682]], "T": [-0.12499645417286945, -0.04435425457591682, 0.08220310232140973], "aligned_model": [[0.011520847620604374, -0.6900461812809238, -0.2301978083566352, 0.43461758795459604, -0.6630484332329456, -0.8091945676789547, -0.11818961387216712, 0.09876456733328257, 0.6635041331613445, 0.33327757986112916, 0.10683712447788504, -0.11029719377211782], [-0.605598839242709, -0.2600575665444157, 0.12166665666387985, -0.14914043383930384, 0.29168222289652335, -0.06171692868457248, -0.3164294995511429, 0.3601924420163761, 0.3138072340901049, -0.5670053594195896, 0.6262204409741303, -0.0846974642494738], [-0.5804645626725641, -0.2786080491609991, -0.6359756891426022, -0.2935073864969905, -0.28812307789473846, 0.34588579796275143, 0.7449684106328814, 0.4818222335920743, 0.07835609029180221, 0.06988883914697044, -0.07512510423254753, 0.05016721724948024]], "inverted": true, "swapped": true, "error_lsq": 0.047728800773113006, "error_max": 0.3537209835320466, "target": "66.xyz", "model": "5.xyz", "model_rescale": 3.6523030999806103, "target_rescale": 4.050066364887312},
{"mapping": [5, 7, 9, 4, 12, 1, 6, 2, 0, 10, 13, 3, 14], "R": [[-0.9843172702575038, 0.17378002661758876, 0.030331729617784187], [-0.026957299881167525, 0.02174585743153823, -0.999400030852353], [-0.1743353534310612, -0.9845443717950741, -0.016720182735532996]], "T": [0.0064135488050165446, 0.08091070994991217, -0.0038691985400355067], "aligned_model": [[0.24113504166890465, -0.31391938613474746, 0.2155142248065816, 0.5343753535193014, 0.6571936488357092, -0.1726542941695262, -0.43781526133814574, 0.16393336883093454, -0.6193833001371859, -0.30186960263754475, 0.1843206617113169, 0.6882380307978826, 0.042014418910814026], [-0.3786207958492436, -0.0007180386939030919, 0.2768298418336449, -0.3300907365773233, 0.4425547435514516, -0.6333063642345245, 0.3917780792097059, -0.557852241663175, -0.23998226902126263, 0.1279196567413074, 0.5277249717116819, -0.14215432957439844, 0.0567443867292224], [0.6916624281004249, 0.5100821928720859, 0.6640095300755353, 0.12894847586505181, -0.014352459680992666, 0.2950967442876592, 0.25156178281519903, -0.22859193145144924, -0.1407455142612882, -0.7214965319505694, -0.5183591154448837, -0.5119225969466531, -0.03578326479833056]], "inverted": true, "swapped": true, "error_lsq": 0.05716568605738632, "error_max": 0.2906499290396294, "target": "66.xyz", "model": "6.xyz", "model_rescale": 4.08911054899281, "target_rescale": 4.050066364887312},
{"mapping": [7, 5, 4, 3, 8, 10, 13, 12, 1, 11, 2, 2, 9, 0, 14], "R": [[0.8374557168720832, 0.4745293398935456, -0.27109007333073165], [-0.019979620896118752, -0.4691271953887629, -0.8829045754188394], [-0.5461398511618731, 0.7448097610308755, -0.38339233540332773]], "T": [0.04864666930191881, 0.05022391076702851, -0.07879635740556372], "aligned_model": [[-0.6902653865231595, -0.2417963593243379, 0.22647627387254593, 0.4477711403158226, 0.6740654401239125, 0.3318959781762296, -0.4402480729147009, -0.24696196025974065, 0.10478047947613152, 0.2610944661262138, -0.47901003567185557, -0.47901003567185557, 0.7173454849444039, 0.16581062245921657, 0.17203492189095732], [-0.08851562566601823, 0.2513245889617276, -0.18979482810412127, -0.6151213497869606, 0.07491631117091424, 0.6219774553387709, 0.3884970463734092, 0.6960598643628128, -0.09121703179228866, 0.5211477210450346, -0.3764362573210208, -0.3764362573210208, -0.0790302549657062, -0.8050457672638174, 0.0585730155883753], [-0.26332082549624997, -0.7538538319478192, -0.7172453580557426, -0.23521495336521692, -0.3497033889695022, -0.4136733673567652, 0.3483426587374193, -0.13807010524471053, 0.6386919797670016, 0.1998212326617259, 0.35672522180096794, 0.35672522180096794, 0.30939504191552286, 0.2946237398380858, 0.031068987711726684]], "inverted": true, "swapped": false, "error_lsq": 0.04717779800593581, "error_max": 0.4210669206745691, "target": "66.xyz", "model": "7.xyz", "model_rescale": 3.964800864290218, "target_rescale": 4.050066364887312},
{"mapping": [5, 4, 1, 9, 0, 12, 6, 2, 3, 13, 8, 11, 10, 14], "R": [[0.2120004780888471, 0.6530420900178243, 0.7270432077636462], [0.9772694263190301, -0.1420577089043515, -0.1573660564509398], [0.0005154339667893804, 0.7438787777628816, -0.6683143708778284]], "T": [-0.010812164714256195, 0.04785392788167236, 0.048096713578215995], "aligned_model": [[-0.17933257001724442, 0.15380437456587695, 0.3082750249231734, -0.6290140098403726, 0.3601243157640426, -0.3108577327044859, -0.37833741688049993, 0.591898909581015, 0.4511141956747249, 0.011369582098597758, -0.5143544436175685, -0.10414847553274756, 0.4746211286849681, 0.026025006761393146], [-0.2629861938027667, -0.5318135074389043, 0.12574335698159633, -0.15302323894795825, 0.6310646181029347, -0.5508074233075908, 0.5208831731303757, -0.18370473819953442, -0.6424610099290176, -0.05706031342790061, -0.04540012292610147, 0.5706510910710839, 0.3795032925852962, 0.010359482289689595], [-0.742477077689327, -0.2715803896733589, -0.6755527586517858, -0.2769328813953869, -0.14058435109553477, 0.37365513862872113, 0.02831628316343727, -0.20968391763011968, 0.3359338479937536, 0.7441533003668874, 0.5746997723243968, 0.553990520816525, 0.5644304707072387, 0.0584470808595743]], "inverted": true, "swapped": true, "error_lsq": 0.046680929066303375, "error_max": 0.26450259365571704, "target": "66.xyz", "model": "8.xyz", "model_rescale": 4.121658175737393, "target_rescale": 4.050066364887312},
{"mapping": [0, 7, 6, 11, 1, 2, 9, 12, 8, 4, 10, 13, 14], "R": [[0.32441751213929304, 0.08829228913858843, 0.9417843434120254], [-0.5695876855003985, -0.7766588888535141, 0.2690182872801107], [0.7551974220981232, -0.623703007883955, -0.20167154388474418]], "T": [-0.05701129297625249, -0.04394301332226569, -0.018337957222655236], "aligned_model": [[-0.5553844730410986, -0.1407877461758363, 0.15602797929851045, 0.22209027864550132, -0.7358350367685367, -0.6549860084935741, 0.2926670094790579, 0.4634122571021847, 0.6627873276087739, -0.28009879617183675, -0.2116213512622177, 0.333664637743289, -0.07519858152901981], [0.25842956515268245, -0.3687580506567133, 0.013308410352980013, 0.5545421694180581, -0.4163213465710316, -0.09185916900609231, -0.6556984822121137, -0.2194866355721209, 0.09185104350259571, -0.49827992429160517, 0.7192849047267479, 0.44186891757042857, -0.038493963002105884], [-0.4349002251765261, -0.5291208582260593, -0.5756164210301217, -0.33751640843251035, -0.1974598660045891, 0.33303248884260117, -0.19624165632661705, 0.4844093049388167, 0.036542331141867064, 0.43895443082663127, 0.05792610500252216, 0.30930954374730507, 0.03175666465576906]], "inverted": false, "swapped": true, "error_lsq": 0.04927012139995673, "error_max": 0.32009899290369415, "target": "66.xyz", "model": "9.xyz", "model_rescale": 3.833441315466971, "target_rescale": 4.050066364887312},
{"mapping": [4, 3, 7, 11, 8, 9, 5, 2, 0, 13, 6, 1, 10, 12, 14], "R": [[0.6912146590101172, 0.13076541129817265, 0.7107198480256107], [-0.6969672982769617, -0.1392310697675524, 0.7034566755272822], [0.19094208625140824, -0.9815880584132035, -0.005099340992429494]], "T": [0.027208422984193438, -0.08532130286267069, 0.002266250701628881], "aligned_model": [[-0.7345790528669077, -0.3244319847745871, 0.1441065423552882, 0.5058987654516186, 0.7304246132572516, 0.317514144862301, -0.3879264842305872, -0.0021564966521694026, 0.10947717253048983, 0.13073386510989807, -0.4975795196492081, -0.33485304875046773, 0.7703302079978963, 0.06721488124206229, 0.029809351136904513], [-0.01625944667236366, 0.26861111225726236, -0.26845829976390057, -0.49048979870749077, 0.1635952990774318, 0.39246585856742344, 0.36323724119229905, 0.6133192313348426, 0.03431274280904814, 0.5882343811340374, -0.5162332640643507, -0.31158097393579925, -0.1511867495861694, -0.6449188660695717, -0.03374983695260805], [-0.22317305764142847, -0.7086505650414241, -0.6275826572400426, -0.26611990215808146, -0.2237578130464125, -0.5854004428842154, 0.29190989871427203, -0.1641349524148087, 0.667655241945076, 0.4161403436369792, -0.009652851816556436, 0.6050323619297203, 0.34749935902965695, 0.22197084296435932, -0.07742355217968214]], "inverted": false, "swapped": false, "error_lsq": 0.05040877648433411, "error_max": 0.3052188556086591, "target": "66.xyz", "model": "10.xyz", "model_rescale": 4.2482417240324, "target_rescale": 4.050066364887312},
{"mapping": [10, 0, 1, 7, 3, 4, 2, 9, 6, 12, 13, 14], "R": [[0.10574000830715258, 0.9917711628280134, -0.07217348007387123], [0.9941141385178226, -0.10715273552839799, -0.015980327523197474], [-0.023582413832573694, -0.07005891700241582, -0.9972640662864966]], "T": [0.007652045076972154, 0.011408280621735677, -0.12644667737863835], "aligned_model": [[-0.6893323533930164, -0.05785369614171489, 0.38144245302600066, 0.5469332455384968, -0.5219751489625852, 0.14207983278282232, -0.16802755130967134, 0.6396874358876221, 0.262579208315997, -0.07862199964950695, -0.5559287662069659, -0.024217057524471362], [-0.3439979615242085, -0.6263727592104773, -0.15643897209754273, -0.2745242917777408, 0.6543646746443099, 0.5416817758744812, 0.14497084056417736, 0.26770332845681094, -0.41042386150181404, 0.6646960853199626, 0.16002140498097, 0.044451126321710936], [-0.11476406068400151, 0.19335555682609656, 0.5544791534538206, -0.09744968759471594, 0.1543788956281824, 0.28104023166749026, 0.5328170261093386, -0.3774715930694592, -0.4674635810391076, -0.47312069982451455, -0.5217751589656001, -0.09883379265317271]], "inverted": false, "swapped": true, "error_lsq": 0.04062977483220894, "error_max": 0.20440662419291325, "target": "66.xyz", "model": "11.xyz", "model_rescale": 3.6694154284099745, "target_rescale": 4.050066364887312},
{"mapping": [2, 1, 7, 5, 4, 10, 3, 13, 9, 8, 6, 12, 0, 14], "R": [[0.9523700177964799, 0.2803218552921668, -0.12004585227274715], [-0.2553148492404643, 0.9482508469454866, 0.18877144652856376], [0.16675034320699827, -0.14913077721491602, 0.974656008203727]], "T": [-0.038048995217162936, 0.06612580688758282, 0.02195810648805683], "aligned_model": [[0.06776391003513504, 0.0054117718826539665, -0.08956067649022936, 0.5235861904279264, 0.5327882521497922, -0.6336344057099674, 0.3692290270403167, -0.1505328281763221, 0.4227506634704486, 0.0443732365679237, -0.35327828155596797, 0.5017613415047125, -0.6244967661822571, -0.017896584708355343], [-0.3037664787698231, 0.29331080707815016, 0.646663388412679, 0.5136406848629254, -0.10431056148684417, -0.4365538174035033, -0.7107379697344722, -0.3959621965151492, 0.6054042924459653, 0.07624425594130163, 0.5315158443884338, -0.15946144967729878, 0.1562615314991943, 0.018738957094695377], [-0.5571051325755568, -0.738337950207289, -0.16174039017467665, -0.4621121156156552, -0.31031086930245344, 0.09144584879126536, -0.03607789004762354, 0.5413961339439033, 0.18010925143104037, 0.751797896313431, 0.22996135958063965, 0.4825297452625745, -0.3796432991160831, 0.007182871368899304]], "inverted": false, "swapped": true, "error_lsq": 0.04568677061970018, "error_max": 0.2829320225729023, "target": "66.xyz", "model": "12.xyz", "model_rescale": 3.9764082729961374, "target_rescale": 4.050066364887312},
{"mapping": [4, 0, 9, 12, 1, 2, 3, 7, 11, 8, 6, 14, 10, 13, 15], "R": [[0.2890594640839626, 0.9361132279396573, -0.20034133547495164], [0.9168881292101916, -0.21055242975967797, 0.33909266113516884], [0.27524677062034153, -0.2817085351896365, -0.9191732788024148]], "T": [0.012754459766847727, -0.09703504583264619, -0.09783419198778556], "aligned_model": [[-0.6406143488536455, -0.13912270451296252, 0.19175562264531895, 0.48667531199479463, 0.6033061140163825, 0.30867518398168464, -0.29849061788652664, -0.349067270882126, 0.2150671492438789, 0.30639915705248955, -0.5401365216710585, -0.34499154335036575, 0.7281280794798237, 0.07866775780860366, -0.0822684120465082], [-0.0016723603476151705, 0.2430212640976913, -0.20021891691504617, -0.5156323451861515, 0.06721521171875966, 0.590052013976103, 0.431136875366549, 0.5454101455311923, -0.024513941072606682, 0.4363008793302582, -0.5978854365195039, -0.27707478696538956, -0.050485226596473476, -0.5978011271541767, -0.05695361864349987], [-0.3804627112814831, -0.7210540300458712, -0.6624675234111328, -0.18379268049099395, -0.263946126593431, -0.374604513969124, 0.4788844314386711, -0.2633120160206519, 0.6665969453884752, 0.2613014639073109, 0.06684505531642707, 0.593838800431018, 0.265787311097633, 0.2476644550805289, -0.06696660704996461]], "inverted": true, "swapped": false, "error_lsq": 0.03943195187341593, "error_max": 0.23456624444909202, "target": "66.xyz", "model": "13.xyz", "model_rescale": 4.170626492500431, "target_rescale": 4.050066364887312},
{"mapping": [10, 11, 0, 6, 2, 5, 7, 13, 3, 8, 12, 9, 4, 14], "R": [[0.43177051311263565, -0.8857420732679165, -0.17039719378412455], [0.41824943298182793, 0.3639830194683978, -0.8322161818596462], [0.7991505714299597, 0.28805787818027306, 0.5276182549926112]], "T": [-0.04945821650655391, 0.036453968471978446, 0.026956986114293882], "aligned_model": [[0.3377586363688867, -0.13126129824343818, -0.26080019469906246, -0.5565117391812219, 0.3112825145656961, -0.4044701560155949, -0.6361537209281748, 0.40357333441560006, 0.7861379665353949, -0.016542395380682362, 0.2886287377160172, -0.48868915037283245, 0.21000647515591725, 0.00022401215513799533], [-0.4171931047641131, -0.6631357914659699, 0.011293899314915243, -0.2804482907584285, 0.5306498772843604, 0.795106716623009, 0.1988716769052668, -0.48191416083255834, 0.2639751659721366, -0.49395464775937326, -0.02430839554228907, 0.23104436480217205, 0.6296311206559256, 0.05645603749061201], [-0.47950601746373134, -0.17759009542559517, -0.6571706811219449, -0.014182125515479496, -0.30314517595102486, 0.2470482358729681, -0.026253422881251515, 0.1754517547881796, 0.17786760638058263, 0.5340518240521157, 0.68757502318534, 0.5722827231472652, 0.24172507225946988, 0.02571837979397218]], "inverted": false, "swapped": true, "error_lsq": 0.04538145080817968, "error_max": 0.2687599848457613, "target": "66.xyz", "model": "14.xyz", "model_rescale": 3.9786697098870705, "target_rescale": 4.050066364887312},
{"mapping": [7, 11, 1, 5, 0, 2, 8, 3, 4, 9, 10, 14], "R": [[-0.4533690447886228, -0.3604562668033465, 0.8151857389268082], [0.28714996468948384, 0.8067517697105884, 0.5164266451759261], [-0.8438017581199271, 0.46821241097500643, -0.26225127493053635]], "T": [-0.07398917754598841, -0.03342707292409641, 0.005232523810226989], "aligned_model": [[0.07735975659064873, -0.7816712404561164, 0.5572825166655857, 0.6865500567052182, -0.12703441769578994, 0.4134819839354462, -0.5852106245843176, 0.1716514793324647, 0.5304637210542827, 0.13334511146503844, -0.5395810279500485, -0.0532827182950754], [-0.3898730658274378, 0.050052601650209305, 0.09588285735257474, -0.42379222632273716, 0.32513984116664796, 0.46169998108001586, -0.39197726823539764, 0.42642703517095604, -0.005559562691791364, -0.7288204596508409, 0.5939777454260136, 0.001517011106226776], [-0.4674853929494287, -0.16847506590998973, -0.45987708309343217, -0.1334136007950451, -0.6127845443370041, 0.028726690294386906, 0.3920869093951625, 0.7130148057951333, 0.3201396310120224, 0.045356399203048445, -0.03748462670447891, 0.04016237196345479]], "inverted": true, "swapped": true, "error_lsq": 0.054446730796966235, "error_max": 0.3275194175349514, "target": "66.xyz", "model": "15.xyz", "model_rescale": 3.769337070930944, "target_rescale": 4.050066364887312},
{"mapping": [0, 10, 7, 6, 1, 2, 5, 3, 9, 8, 14], "R": [[0.6734656067781669, 0.17454426652658273, -0.7183163477950455], [-0.06729697314626942, 0.982165490583351, 0.17556214430370753], [0.7361488938334865, -0.069894550072683, 0.6732009788895671]], "T": [-0.08128406998650849, -0.005699813274660619, 0.07159838568177139], "aligned_model": [[-0.30297172691579993, -0.5150426737762592, -0.09097845859614559, -0.5198556775845271, 0.3868984628734782, 0.4088736810474164, 0.588433273365202, 0.3809509199046157, 0.10287474061185191, -0.4667217244936409, -0.04983468574502076], [-0.034122549464033064, -0.6114826727773868, 0.5519316231440066, 0.3940048738278733, 0.21538040881140028, -0.35645915002379125, 0.5339104637351468, -0.6916504375664182, 0.6134354087131972, 0.02970041876057252, -0.04858388953522532], [-0.609118777857623, -0.1673951978529618, -0.17815283952818273, -0.012745264849658003, -0.5312951436765809, -0.27487553184494573, -0.030023741095534226, 0.36920794011414526, 0.40465469391294956, 0.6958952414931117, 0.07806622840905661]], "inverted": false, "swapped": true, "error_lsq": 0.04212932789220074, "error_max": 0.1784320345446468, "target": "66.xyz", "model": "16.xyz", "model_rescale": 3.7852294659196426, "target_rescale": 4.050066364887312},
{"mapping": [4, 13, 10, 3, 12, 8, 6, 11, 2, 1, 7, 0, 14], "R": [[0.459837791489051, 0.1720365695434252, 0.8711788704153712], [0.4279082761302869, -0.9025662961816673, -0.0476296988874914], [0.77810263637754, 0.39468658418628466, -0.4886499642133259]], "T": [-0.0387291399893087, 0.1517597332452916, -0.03701788561821389], "aligned_model": [[0.07835641638672881, -0.36624155043886986, 0.23164212486683045, 0.021385628059113107, -0.6118656839409452, -0.7292513117623914, -0.20348983903721118, -0.19662443390944684, 0.5198677501486132, 0.5812955462871325, 0.024257949965105663, 0.5275926739760382, -0.023159420384414636], [-0.052723700811969226, -0.3632038871756095, -0.25355280386340295, -0.6609865058435815, -0.22795786248548924, 0.031976570461581075, 0.6224248435353178, 0.16767027552428254, -0.13312904430264946, 0.48738838300819476, 0.75482213187988, 0.39759911973571416, 0.10472810404060623], [-0.6771615324688908, 0.31446737805246167, 0.5752389711031393, -0.3665488511506091, -0.3229201309387224, 0.18296631908600994, 0.2954742334955132, 0.679063824635885, -0.3372491423139777, -0.4037258815511035, -0.11298395961776461, 0.3265364087883029, -0.05740293997707015]], "inverted": true, "swapped": true, "error_lsq": 0.04364364333924441, "error_max": 0.2611814376452695, "target": "66.xyz", "model": "17.xyz", "model_rescale": 3.901054581598922, "target_rescale": 4.050066364887312},
{"mapping": [7, 0, 1, 4, 8, 2, 12, 3, 9, 13, 6, 11, 5, 10, 14], "R": [[0.9862656946006962, 0.02987751443685671, -0.16244172427329664], [0.105900768051338, -0.8691255839693853, 0.4831208405937501], [-0.1267478085804367, -0.4936882147883929, -0.8603527994951295]], "T": [0.0730987431668671, -0.03343867137087093, -0.03637272326922918], "aligned_model": [[-0.5517637309207761, -0.1323482063355077, -0.12783038684225378, 0.41748751405900714, 0.6445496602993386, 0.5012962635663698, -0.4923701420944708, -0.22041536584538618, 0.19437680586111225, 0.20185486916965378, -0.4529285170664305, -0.4312098157889643, 0.60151635714109, 0.32678147882210057, 0.044986172994900424], [-0.016199256086582382, 0.3206311660961952, -0.3111142849060135, -0.7054649119861561, -0.10524262638599907, 0.6244675734387558, 0.3047215296615526, 0.6603108210259216, 0.034522355027161215, 0.5817978008235022, -0.5659240965541533, -0.3362076529685813, 0.16762968781710263, -0.643329816811996, -0.0196996575706185], [-0.2575665632263343, -0.6750671882802384, -0.6431752346330962, -0.2716408178288105, -0.3660790979308594, -0.2962656984577116, 0.3069459658757428, -0.16273331492149495, 0.6077255236887568, 0.32750657210102885, -0.09536711901128544, 0.5028255798372011, 0.22901828481293152, 0.4495610257870081, 0.008624335984573302]], "inverted": true, "swapped": false, "error_lsq": 0.04670918289755126, "error_max": 0.3228123801462657, "target": "66.xyz", "model": "18.xyz", "model_rescale": 3.9405287249114394, "target_rescale": 4.050066364887312},
{"mapping": [12, 14, 13, 9, 11, 10, 1, 3, 6, 2, 4, 0, 5, 8, 15], "R": [[0.7345058544757292, 0.6054133336711274, -0.30655479959395726], [0.6708910154429015, -0.7157501400729119, 0.19392519790785218], [-0.10201174020117246, -0.34810405398216704, -0.9318890344146716]], "T": [-0.04927344851180436, -0.09102003933613684, -0.08336781964786319], "aligned_model": [[-0.5461521024662246, -0.07801968320628248, 0.04220716729295497, 0.5586794643440818, 0.5358187505535572, 0.2988232025601878, -0.35230603130218247, -0.4225971702643535, 0.13334006825120231, 0.4301109233439362, -0.5601594865309356, -0.37323789634411897, 0.6804287550476863, 0.20268105347143978, -0.025634057731165494], [0.004663206030412259, 0.30560463168337487, -0.3173681577955382, -0.5367345827808478, 0.03282305296655892, 0.5866836193908445, 0.29627631945313504, 0.6687684148334851, 0.026456497361337483, 0.49136961361447745, -0.6056309056492799, -0.2987130321500767, -0.11144746839385329, -0.4914106919847417, -0.06044188595919686], [-0.29335682414562514, -0.7478988470692618, -0.7092493352511264, -0.2273874310501004, -0.48529220181642674, -0.2768891606081132, 0.3567369499416094, -0.17706679809120823, 0.631569256193944, 0.3483012656125788, 0.010632930591852482, 0.4863557231627208, 0.31460210009656087, 0.5069527794658358, -0.07369815323582908]], "inverted": false, "swapped": false, "error_lsq": 0.03525370905072411, "error_max": 0.2488869149373282, "target": "66.xyz", "model": "19.xyz", "model_rescale": 4.410303926677745, "target_rescale": 4.050066364887312},
{"mapping": [5, 4, 1, 9, 0, 12, 6, 2, 3, 13, 8, 11, 10, 14], "R": [[0.2120004780888471, 0.6530420900178243, 0.7270432077636462], [0.9772694263190301, -0.1420577089043515, -0.1573660564509398], [0.0005154339667893804, 0.7438787777628816, -0.6683143708778284]], "T": [-0.010812164714256195, 0.04785392788167236, 0.048096713578215995], "aligned_model": [[-0.17933257001724442, 0.15380437456587695, 0.3082750249231734, -0.6290140098403726, 0.3601243157640426, -0.3108577327044859, -0.37833741688049993, 0.591898909581015, 0.4511141956747249, 0.011369582098597758, -0.5143544436175685, -0.10414847553274756, 0.4746211286849681, 0.026025006761393146], [-0.2629861938027667, -0.5318135074389043, 0.12574335698159633, -0.15302323894795825, 0.6310646181029347, -0.5508074233075908, 0.5208831731303757, -0.18370473819953442, -0.6424610099290176, -0.05706031342790061, -0.04540012292610147, 0.5706510910710839, 0.3795032925852962, 0.010359482289689595], [-0.742477077689327, -0.2715803896733589, -0.6755527586517858, -0.2769328813953869, -0.14058435109553477, 0.37365513862872113, 0.02831628316343727, -0.20968391763011968, 0.3359338479937536, 0.7441533003668874, 0.5746997723243968, 0.553990520816525, 0.5644304707072387, 0.0584470808595743]], "inverted": true, "swapped": true, "error_lsq": 0.046680929066303375, "error_max": 0.26450259365571704, "target": "66.xyz", "model": "20.xyz", "model_rescale": 4.121658175737393, "target_rescale": 4.050066364887312},
{"mapping": [5, 7, 9, 4, 12, 1, 6, 2, 0, 10, 13, 3, 14], "R": [[-0.9843172702575038, 0.17378002661758876, 0.030331729617784187], [-0.026957299881167525, 0.02174585743153823, -0.999400030852353], [-0.1743353534310612, -0.9845443717950741, -0.016720182735532996]], "T": [0.0064135488050165446, 0.08091070994991217, -0.0038691985400355067], "aligned_model": [[0.24113504166890465, -0.31391938613474746, 0.2155142248065816, 0.5343753535193014, 0.6571936488357092, -0.1726542941695262, -0.43781526133814574, 0.16393336883093454, -0.6193833001371859, -0.30186960263754475, 0.1843206617113169, 0.6882380307978826, 0.042014418910814026], [-0.3786207958492436, -0.0007180386939030919, 0.2768298418336449, -0.3300907365773233, 0.4425547435514516, -0.6333063642345245, 0.3917780792097059, -0.557852241663175, -0.23998226902126263, 0.1279196567413074, 0.5277249717116819, -0.14215432957439844, 0.0567443867292224], [0.6916624281004249, 0.5100821928720859, 0.6640095300755353, 0.12894847586505181, -0.014352459680992666, 0.2950967442876592, 0.25156178281519903, -0.22859193145144924, -0.1407455142612882, -0.7214965319505694, -0.5183591154448837, -0.5119225969466531, -0.03578326479833056]], "inverted": true, "swapped": true, "error_lsq": 0.05716568605738632, "error_max": 0.2906499290396294, "target": "66.xyz", "model": "21.xyz", "model_rescale": 4.08911054899281, "target_rescale": 4.050066364887312},
{"mapping": [12, 10, 5, 11, 8, 6, 13, 7, 2, 0, 14, 3, 1, 15, 16], "R": [[-0.9904153746309617, -0.09496913408542737, -0.10029082343702173], [0.12847158296925867, -0.36678104277163653, -0.9213939000409781], [0.05071920803782959, -0.9254472055360128, 0.37546641887337984]], "T": [0.036711923913113176, -0.03088396026495036, -0.022506306557102847], "aligned_model": [[-0.6801561520865202, -0.24926494651407272, 0.15232290775556506, 0.5776126496183022, 0.6598247966885997, 0.35089879426090703, -0.47057031948530903, -0.2639072240760953, 0.20434095743303882, 0.28769576507676375, -0.4346511577603976, -0.5733937433086367, 0.758429436864142, 0.17865664475226356, 0.026144547801232647], [-0.00011648356248840017, 0.21513029624126787, -0.2227385339423015, -0.5308706648661183, 0.02473627019700086, 0.5526895266713961, 0.30884818378760864, 0.5830752436056622, -0.23419052042805963, 0.6373959593389027, -0.44178516090401354, -0.1320670959746509, -0.08443479867704082, -0.6927131183322394, 0.00793952746516446], [-0.1960661810213125, -0.7358292519270818, -0.6915018049890653, -0.23067145832874725, -0.32150255369895747, -0.3635234973222917, 0.23042997367638474, -0.21866545585745956, 0.6496698452729605, 0.27830668968521616, 0.12171447729769075, 0.5872574765313431, 0.30346074771553827, 0.2483089065532621, 0.0029243402099313406]], "inverted": false, "swapped": false, "error_lsq": 0.03878789948132715, "error_max": 0.2484308907802661, "target": "66.xyz", "model": "22.xyz", "model_rescale": 4.204369325754507, "target_rescale": 4.050066364887312},
{"mapping": [12, 14, 13, 9, 11, 10, 1, 3, 6, 2, 4, 0, 5, 8, 15], "R": [[0.7345058544757292, 0.6054133336711274, -0.30655479959395726], [0.6708910154429015, -0.7157501400729119, 0.19392519790785218], [-0.10201174020117246, -0.34810405398216704, -0.9318890344146716]], "T": [-0.04927344851180436, -0.09102003933613684, -0.08336781964786319], "aligned_model": [[-0.5461521024662246, -0.07801968320628248, 0.04220716729295497, 0.5586794643440818, 0.5358187505535572, 0.2988232025601878, -0.35230603130218247, -0.4225971702643535, 0.13334006825120231, 0.4301109233439362, -0.5601594865309356, -0.37323789634411897, 0.6804287550476863, 0.20268105347143978, -0.025634057731165494], [0.004663206030412259, 0.30560463168337487, -0.3173681577955382, -0.5367345827808478, 0.03282305296655892, 0.5866836193908445, 0.29627631945313504, 0.6687684148334851, 0.026456497361337483, 0.49136961361447745, -0.6056309056492799, -0.2987130321500767, -0.11144746839385329, -0.4914106919847417, -0.06044188595919686], [-0.29335682414562514, -0.7478988470692618, -0.7092493352511264, -0.2273874310501004, -0.48529220181642674, -0.2768891606081132, 0.3567369499416094, -0.17706679809120823, 0.631569256193944, 0.3483012656125788, 0.010632930591852482, 0.4863557231627208, 0.31460210009656087, 0.5069527794658358, -0.07369815323582908]], "inverted": false, "swapped": false, "error_lsq": 0.03525370905072411, "error_max": 0.2488869149373282, "target": "66.xyz", "model": "23.xyz", "model_rescale": 4.410303926677745, "target_rescale": 4.050066364887312},
{"mapping": [5, 12, 0, 1, 7, 13, 15, 6, 9, 14, 4, 8, 11, 10, 16], "R": [[0.8494788623233094, 0.4068906608016736, -0.3358953000836324], [-0.18938695098107072, 0.8293391561820598, 0.5256701882562134], [0.4924614150001902, -0.3829315267454571, 0.7815658645056114]], "T": [0.06199045168012761, -0.03228972045198098, -0.02223031688112593], "aligned_model": [[-0.5214523314637021, -0.1497561231155411, 0.006051439366995606, 0.6375296703722799, 0.574240604957063, 0.3002814776471249, -0.3645824496976075, -0.21895951442513145, 0.06318035653955849, 0.23196731729173636, -0.4580919874082122, -0.4001230823433529, 0.6152894611228393, 0.14241836352919887, 0.06598975464653424], [0.07128735984341347, 0.2745056127745934, -0.2913573648787725, -0.6324879132946297, -0.00012759349244751556, 0.5679609856550586, 0.36304949821044796, 0.6569412937310368, 0.006627654054897951, 0.5258773199708313, -0.480288002068446, -0.38167035916589065, -0.020319718314751732, -0.5259816438644728, -0.14311849854077732], [-0.23310549480113635, -0.7344211946353942, -0.7294365057671907, -0.23401342911149914, -0.4447185116741792, -0.2999047676156746, 0.39135964048281974, -0.1769100356341025, 0.6029928478499169, 0.3208548185548578, 0.029694332484740488, 0.5609428291215375, 0.2850780165713066, 0.3944033135767229, -0.06850360560531416]], "inverted": false, "swapped": false, "error_lsq": 0.03587315836563092, "error_max": 0.1870734743105171, "target": "66.xyz", "model": "24.xyz", "model_rescale": 4.28219845311461, "target_rescale": 4.050066364887312},
{"mapping": [14, 6, 8, 5, 1, 0, 13, 2, 7, 4, 11, 12, 3, 9, 15], "R": [[-0.15942120709416105, -0.6982227342498593, -0.6979039275611589], [0.3651744757909585, 0.6150931392753745, -0.6987904065219869], [0.9171872660255589, -0.366258711013152, 0.156914230226405]], "T": [0.007935567738068371, -0.019079797017980238, 0.0072869332316817005], "aligned_model": [[-0.707954832088479, -0.17579594535589482, 0.1717414200136954, 0.4002253274921716, 0.5827399655956179, 0.26371602479307205, -0.3259673862046757, -0.33613566300390224, 0.2061247578167979, 0.41508151911966373, -0.2795351673388931, -0.6022393038418744, 0.7403802347264834, 0.14046351408428645, 0.03113849121171407], [0.0175688884174251, 0.3084430957097928, -0.2601818229497775, -0.7162095510272347, -0.04537368500840688, 0.6360173548055204, 0.1955712894274997, 0.5657424099896607, 0.09398267739455086, 0.5446479957273591, -0.47661785697208403, -0.33860410835409177, -0.07057516845416972, -0.5068587387509258, 0.04334585066497246], [-0.2502056573154483, -0.8119618817179991, -0.6227793432668008, -0.28494504890101713, -0.2734013894763319, -0.40620823179117216, 0.44927130554940226, -0.08424447533574357, 0.7512519374932248, 0.23332171592176962, -0.059769546070029725, 0.33896560422306193, 0.25410342656367785, 0.45604269232343, -0.025128854402612078]], "inverted": false, "swapped": false, "error_lsq": 0.039067226881442284, "error_max": 0.2532340382098271, "target": "66.xyz", "model": "25.xyz", "model_rescale": 4.100010024507729, "target_rescale": 4.050066364887312},
{"mapping": [10, 0, 1, 7, 3, 4, 2, 9, 6, 12, 13, 14], "R": [[0.10574000830715258, 0.9917711628280134, -0.07217348007387123], [0.9941141385178226, -0.10715273552839799, -0.015980327523197474], [-0.023582413832573694, -0.07005891700241582, -0.9972640662864966]], "T": [0.007652045076972154, 0.011408280621735677, -0.12644667737863835], "aligned_model": [[-0.6893323533930164, -0.05785369614171489, 0.38144245302600066, 0.5469332455384968, -0.5219751489625852, 0.14207983278282232, -0.16802755130967134, 0.6396874358876221, 0.262579208315997, -0.07862199964950695, -0.5559287662069659, -0.024217057524471362], [-0.3439979615242085, -0.6263727592104773, -0.15643897209754273, -0.2745242917777408, 0.6543646746443099, 0.5416817758744812, 0.14497084056417736, 0.26770332845681094, -0.41042386150181404, 0.6646960853199626, 0.16002140498097, 0.044451126321710936], [-0.11476406068400151, 0.19335555682609656, 0.5544791534538206, -0.09744968759471594, 0.1543788956281824, 0.28104023166749026, 0.5328170261093386, -0.3774715930694592, -0.4674635810391076, -0.47312069982451455, -0.5217751589656001, -0.09883379265317271]], "inverted": false, "swapped": true, "error_lsq": 0.04062977483220894, "error_max": 0.20440662419291325, "target": "66.xyz", "model": "26.xyz", "model_rescale": 3.6694154284099745, "target_rescale": 4.050066364887312},
