[{"mapping": [10, 13, 5, 14, 7, 11, 3, 8, 2, 6, 9, 15], "R": [[-0.4010207749369744, -0.2806612888917521, 0.872015813495701], [0.7481075997780408, -0.6497155355220764, 0.13492494971501912], [0.5286940109584062, 0.7064693650958137, 0.4705142707270743]], "T": [0.022683054152940356, -0.11827580493508982, 0.003778807665053372], "aligned_model": [[-0.2889435686790597, 0.18708819316819778, 0.536688047750879, -0.26069427149701474, 0.13976020300826017, -0.7368474564378864, 0.4687490145178478, -0.29208065670275285, 0.5122096458945278, -0.013455304337192366, -0.42836707602188495, 0.013535691796627584], [-0.3489863993742929, -0.7623084213938142, -0.349127162530114, 0.6423333313842787, 0.36221811951818594, -0.412357021138695, -0.11349350635658789, -0.5570382221027426, 0.1716705896677017, 0.4145589939462314, 0.0733012997360305, -0.0672165653791243], [-0.4201870812908625, -0.2323579150123679, -0.577764745572058, -0.08944528167265894, -0.5821098196868452, 0.1259792654904254, 0.5823647795139246, 0.5495109072395095, -0.1317999989202679, 0.5204802057133765, 0.43958773803479234, -0.002306308483405662]], "inverted": true, "swapped": true, "error_lsq": 0.04897631781222502, "error_max": 0.2794803380430586, "target": "660.xyz", "model": "0.xyz", "model_rescale": 3.751011558992144, "target_rescale": 4.391824446905403},
{"mapping": [6, 3, 9, 14, 0, 11, 4, 2, 8, 10, 13, 5, 7, 12, 15], "R": [[0.2370167665394992, 0.8671357265730851, -0.4380624203007245], [-0.3881747727474069, 0.4978816161620734, 0.7755219159316782], [0.8905859858439609, -0.01376691644523087, 0.45460650438585953]], "T": [0.065368611852732, 0.04600906108576783, -0.003959822938632321], "aligned_model": [[0.0017613623674117562, 0.08115954553491266, -0.40605187841194856, 0.24940547613406983, -0.19215344132133227, -0.6777165349648601, 0.4248393421992636, 0.6192120751177725, -0.6469423340182198, -0.03637621944725687, 0.022673933548447253, 0.6421602583543619, 0.6751960951203423, -0.30282693211714423, 0.0847454629932144], [0.07812060128914414, -0.5562139695856874, 0.23290810610465792, 0.6771706282819566, -0.6403568575962338, 0.3595018965441824, -0.5310635407897394, -0.0758516005765178, -0.23863894843496422, 0.361047928385688, -0.27499748044008976, -0.12993758275863956, 0.509282892254537, 0.6963310260633283, 0.08145425108548332], [-0.7436369182964853, -0.4172847628328957, -0.4197829813660429, -0.48902188748069225, 0.12111944378716787, 0.16292342016925185, 0.21007786459912742, -0.147117798260331, -0.0355953087845531, 0.4655975290818298, 0.622697641180508, 0.5364479509733978, 0.03257443340518981, -0.01226764092592623, -0.037064580397569484]], "inverted": false, "swapped": true, "error_lsq": 0.03888516132420257, "error_max": 0.2365804530270999, "target": "660.xyz", "model": "1.xyz", "model_rescale": 3.9405287249114394, "target_rescale": 4.391824446905403},
{"mapping": [8, 13, 12, 2, 5, 9, 3, 4, 7, 14, 1, 6, 15], "R": [[0.8107326353878661, 0.29088982515305833, -0.5080312033128166], [0.32738976360112476, -0.9447089481595816, -0.018464721942569248], [-0.4853128234512714, -0.1513542628723747, -0.861140726306749]], "T": [-0.039524309055360744, 0.0656749487594728, -0.08938661612310499], "aligned_model": [[-0.369503496052856, 0.41823035312011697, -0.6558327350873925, 0.32884570264067237, 0.70759134006721, -0.6618574134432201, 0.10926343850253348, 0.6298667277149403, 0.12376868384449241, -0.5089305884487415, -0.10242032666655834, -0.4603268091612017, -0.06271159774606389], [0.7529245509733518, 0.47897345358335874, -0.06455158868210761, -0.30842357633156436, -0.08970999131150165, 0.17396887894095076, 0.3000879502928053, 0.21842346969048348, -0.6542272488006549, -0.5991006867177728, -0.6431146671695994, -0.12639104048024644, 0.019973089584514235], [0.0012439377852148797, -0.43174991404080604, -0.4915813569131291, 0.16837419658543562, -0.36023733938968033, 0.08682735217603725, 0.5863886343004704, 0.10199691175408239, -0.29656571328013004, -0.016924231952077304, 0.3524695606712651, 0.4921932582539172, -0.07931494636195592]], "inverted": false, "swapped": true, "error_lsq": 0.04754466748279983, "error_max": 0.3560197206300931, "target": "660.xyz", "model": "2.xyz", "model_rescale": 3.932901565614263, "target_rescale": 4.391824446905403},
{"mapping": [1, 3, 6, 2, 14, 12, 9, 7, 5, 10, 8, 13, 11, 15], "R": [[-0.005293055852166214, -0.9738191684100884, -0.22726242715598532], [0.7675404857689944, 0.14171805497354717, -0.6251380612312858], [0.6409786160748593, -0.17774200440975776, 0.7466955159924021]], "T": [0.08595800859016951, 0.0026620599606860113, 0.0592457145868725], "aligned_model": [[-0.40429790669807536, 0.5101741557284152, 0.18224473678119657, -0.23342588450541557, -0.4214202939504577, -0.0671206639833707, 0.35387272791963564, -0.6778267756275468, -0.2795841438099595, -0.09018039154908257, 0.8080241457875174, 0.27007390577452883, 0.4180033073276096, 0.051272992857708616], [-0.08664212224919128, 0.2764336657886902, -0.3509752504164333, 0.35304245722641014, -0.5331223816123106, -0.6768513524084475, -0.5684923822540948, 0.040124461887255186, 0.6765023700893741, -0.09397021729450285, -0.21937178324293516, 0.45561878373714715, -0.5842741353816846, -0.024525475518787483], [-0.6139922895515435, -0.46881603042577474, -0.5871819745492406, -0.2832660583544581, -0.29149918994798446, 0.33014067390660046, -0.11986803993758643, 0.0037810797257174372, 0.3200225508340395, 0.5975050130956945, 0.19611661317938692, 0.567673836727872, 0.5320618863896892, 0.03121829196468498]], "inverted": false, "swapped": true, "error_lsq": 0.05029398986952139, "error_max": 0.3343913306920988, "target": "660.xyz", "model": "3.xyz", "model_rescale": 3.9243930471874484, "target_rescale": 4.391824446905403},
{"mapping": [3, 2, 0, 8, 13, 6, 9, 4, 10, 7, 12, 14, 15], "R": [[0.6980958638195418, -0.6642703317789211, 0.2672210531308674], [0.5870830250750971, 0.7446840543701783, 0.3174573685323216], [-0.40987276877919165, -0.06473473167562677, 0.9098426940565956]], "T": [0.0478879230126193, -0.004737269220304582, -0.08408250698630977], "aligned_model": [[-0.03384217487375917, -0.30395872542881586, 0.5486161313881404, 0.512197455560438, 0.6685026533550578, -0.4877078666352444, -0.08995253006703041, 0.24689700604973897, 0.3305612654740964, -0.4291280981682626, -0.020634155321707835, -0.6631212647851275, -0.00122381023617113], [-0.5003642845989854, 0.2114937460333769, -0.3559285767256829, -0.5962946118101755, 0.25445594334236527, -0.5192271021614634, -0.5096356857046134, 0.14350115822374532, 0.36058406950961214, 0.5933495501036343, 0.00503549981950531, 0.04103943448882023, -0.00017958683855193516], [-0.6145855615699453, -0.49825021768245226, -0.5071623245545093, 0.07047733679475764, -0.29674150077108985, -0.0588515634841157, 0.311082052762343, -0.7522627813100795, 0.2575630789248592, -0.03314307266841382, 0.6600712770780442, 0.3157801269801281, -0.06690653512856287]], "inverted": false, "swapped": true, "error_lsq": 0.0572301089290007, "error_max": 0.3220434833148493, "target": "660.xyz", "model": "4.xyz", "model_rescale": 3.8936222436046832, "target_rescale": 4.391824446905403},
{"mapping": [1, 6, 12, 7, 11, 8, 0, 13, 5, 2, 10, 15], "R": [[0.5838293439106159, 0.7889886306688285, -0.19141639915176153], [0.5014824145365087, -0.16503902993684788, 0.8492805817326436], [0.6384815464048534, -0.5918268828575051, -0.4920185521173322]], "T": [-0.09645209812182232, -0.06971987639178653, -0.00940863700508662], "aligned_model": [[0.1384229574906487, -0.46573005110872046, -0.4221457070636508, 0.4799313102902273, -0.6939769903819449, -0.7604877008475075, -0.28925666571962483, 0.12364559716333473, 0.6513128644460869, 0.34296073822694584, 0.015104239001295525, -0.09223254928199374], [-0.7005503814557645, -0.6498636850731027, 0.3175501728344504, -0.10400357132903056, 0.4837925245129121, 0.07746714539035723, -0.12528526354135702, 0.34788085984297157, 0.08575306519943407, -0.45526209123638717, 0.4829513719153071, -0.09150724194998348], [-0.5078683563238423, -0.29095116183018976, -0.5594097448567106, -0.5138427245226244, -0.1314386960443617, 0.34668808556903435, 0.7066915596351462, 0.5147423357312808, 0.25959343036152965, -0.028392008282149852, -0.11984088041569632, -0.056687119745897935]], "inverted": false, "swapped": true, "error_lsq": 0.046952912426395516, "error_max": 0.26537355534771023, "target": "660.xyz", "model": "5.xyz", "model_rescale": 3.6523030999806103, "target_rescale": 4.391824446905403},
{"mapping": [0, 13, 5, 3, 2, 8, 10, 6, 12, 14, 7, 1, 15], "R": [[-0.01832740797451035, 0.29641530169868735, -0.9548832782260941], [0.542018402176234, 0.8054762574366914, 0.23963315798967283], [0.8401667440569511, -0.5131724540782148, -0.17542484019113277]], "T": [0.0028863638620284793, -0.06319914103600008, 0.08388181336235176], "aligned_model": [[0.17534392767732326, -0.1225182670007971, 0.24736758763921154, 0.5541433511482935, 0.5109639372486885, -0.2939287459499348, -0.46335846944934267, 0.27757704859314003, -0.6213760508173065, -0.02292611430806199, 0.12406396657549955, 0.5055618498999548, 0.01016888340762653], [-0.4349002049650771, 0.14894124872140327, 0.6007175841509294, -0.5184821377510183, 0.20765856809622615, -0.702981517285301, 0.25455833405019423, -0.526461028110513, -0.08901150555553367, 0.025673215243896347, 0.5726874122974477, 0.05751215867652586, -0.05508522340599706], [0.7044922490792541, 0.7448188347084597, 0.4777471460538718, 0.23419004689108203, -0.018977748106468045, 0.38718278356274893, 0.1921940835797489, -0.4281071418939755, -0.3262228025930106, -0.7278786919825683, -0.3269846293793466, -0.5751490262118029, 0.03280463577379554]], "inverted": false, "swapped": true, "error_lsq": 0.050623958038594624, "error_max": 0.25844637794145175, "target": "660.xyz", "model": "6.xyz", "model_rescale": 4.08911054899281, "target_rescale": 4.391824446905403},
{"mapping": [5, 10, 7, 4, 3, 6, 2, 1, 0, 13, 8, 11, 9, 12, 15], "R": [[-0.3605090604534648, 0.7384517670283061, 0.5698440182222966], [-0.9248782927477691, -0.20376994931327147, -0.32105755147767345], [-0.12096842949684089, -0.6427805189406721, 0.7564389225412904]], "T": [0.037967149295181406, -0.06132991464961817, -0.026322804491765127], "aligned_model": [[0.007970162261095266, 0.27215589342021856, 0.6613803755884266, -0.4156946577774343, -0.49920841620342005, 0.10242770355534811, 0.10165794867986655, 0.4577251771819421, -0.7013968154734807, -0.32510034764031076, -0.4474738302043982, 0.0967555252962054, 0.10153778703771535, 0.5436692486208338, 0.07992778545694718], [-0.7325571545438211, -0.486640577803259, -0.24834774335372053, -0.364976605335592, 0.32909207322450146, 0.6703264710557706, -0.06534149532148373, 0.38739239254603774, -0.12240929721988547, -0.6590570151539955, 0.14864354933106186, -0.030306961788242014, 0.4626411584810041, 0.04626547715614574, -0.033965455105409326], [-0.4782526223303481, 0.2808450280937717, -0.43157240030938365, -0.48461722681961067, -0.3309086239449082, -0.13911912003154997, -0.6077126890396864, -0.5955564987696009, 0.02535738310694128, 0.06572022123944646, 0.5301575426390522, 0.7945820702518358, 0.3628950256422921, 0.5133477014385208, -0.04109575908469178]], "inverted": false, "swapped": true, "error_lsq": 0.045127080693401316, "error_max": 0.24992143179393556, "target": "660.xyz", "model": "7.xyz", "model_rescale": 3.964800864290218, "target_rescale": 4.391824446905403},
{"mapping": [7, 1, 14, 5, 12, 4, 10, 6, 3, 8, 0, 11, 9, 15], "R": [[0.9862529188750435, 0.12369021099818454, 0.10957149133639502], [0.0836029342910209, 0.19845588524239854, -0.9765376649113886], [-0.14253325713105816, 0.9722736206006419, 0.18538683150572252]], "T": [-0.07689071973204192, -0.02656324025346938, 0.07416706309778764], "aligned_model": [[-0.1799643867808405, 0.37822003678019817, 0.4677014556862234, -0.7881342794084107, 0.19235137371941707, -0.5168677951225653, -0.4076628162458519, 0.6346099213429794, 0.15911459836177952, 0.09387948443386787, -0.27948747427339, 0.06030762302453696, 0.4906436124715881, -0.043523464528660016], [-0.07075835290454452, -0.42854435752632775, 0.11495761294727072, -0.30441925545527476, 0.6478646487672002, -0.5683951205315528, 0.42894682459051514, -0.2402787539864026, -0.6063140934243553, 0.20638837263646695, -0.29468251524520683, 0.7126490008058762, 0.23993583519736225, -0.02640137968982457], [-0.6842982064167533, -0.5027739133586336, -0.5182102730321475, -0.19530468067841905, -0.10250029154437018, 0.21867489036976157, -0.04066327451399518, 0.057086210131588044, 0.45092942357893784, 0.7854920663962116, 0.7375879058447241, 0.41038899508282706, 0.2664180847048103, 0.03398810216047968]], "inverted": true, "swapped": true, "error_lsq": 0.044336436552890546, "error_max": 0.25607518222063014, "target": "660.xyz", "model": "8.xyz", "model_rescale": 4.121658175737393, "target_rescale": 4.391824446905403},
{"mapping": [13, 4, 3, 8, 5, 10, 1, 14, 6, 7, 11, 9, 15], "R": [[-0.8976607409303784, -0.1318733279521592, -0.42049330502059923], [-0.09024140519018099, -0.878950120930755, 0.46829816752269393], [-0.4313486791235439, 0.45831878675288207, 0.7770985823740386]], "T": [-0.08844192948919355, 0.004681924347099482, -0.06433037317323495], "aligned_model": [[-0.6880687949367292, -0.3264589305793033, 0.3440741222804444, 0.056963547494761735, -0.6975997332346613, -0.5518382896338356, 0.42211519311585405, 0.33754513469906605, 0.6506409870046148, -0.2317815497939782, -0.16083672759930867, 0.3819951727787194, -0.060012635160446776], [0.1501742728332186, -0.29703097774442233, -0.04697483033792137, 0.7155871066730014, -0.48050318131345726, 0.16077140194167833, -0.6212022445147031, -0.27230020831612883, -0.040670073705200496, -0.6112285317318672, 0.7511525594106355, 0.4032727216546594, -0.020660575437782908], [-0.40615958690384435, -0.6646314288122626, -0.6508633073323319, -0.31509569354596234, -0.2861604217236522, 0.2373076447079612, 0.15742611799893533, 0.5754630443510935, -0.0018893816850974188, 0.3692074189791589, 0.2760281059767945, 0.15903421638026877, -0.02859129443197298]], "inverted": false, "swapped": true, "error_lsq": 0.044045729011939136, "error_max": 0.29215233398878554, "target": "660.xyz", "model": "9.xyz", "model_rescale": 3.833441315466971, "target_rescale": 4.391824446905403},
{"mapping": [13, 5, 12, 14, 7, 10, 2, 6, 8, 9, 0, 3, 4, 10, 15], "R": [[-0.25905651982200206, 0.5731913630782947, 0.7773939675802477], [0.9520674830433496, 0.015996652336005557, 0.3054694990429357], [0.1626567775077749, 0.819265383381043, -0.5498608954311068]], "T": [-0.06474059392619903, 0.029904019700395024, 0.07751764002835614], "aligned_model": [[0.1847954345869321, -0.0076467824255248285, -0.6718319724041873, -0.6506618676742558, -0.585019049675057, -0.42049245219322046, 0.019530507573520803, -0.005526372113850472, 0.28809030809055985, -0.1569868055022675, 0.6240835812611433, 0.5767039518693056, 0.44713062067200526, -0.42049245219322046, -0.09783163157735059], [-0.6238405230090838, -0.5861488638241891, 0.15812189580224606, 0.5676946728851662, -0.012832152364670765, -0.3832930887807108, 0.09739104598510179, 0.7703581930541122, 0.10091679802375447, 0.5132752082366503, -0.15186298980854426, 0.36089811630577495, -0.2912189220904147, -0.3832930887807108, 0.06493523766049668], [0.16649772738276553, -0.4448859668199294, 0.49411801328417154, -0.10955767126208117, -0.4840256815076597, 0.2586097997834444, -0.4973133710485198, 0.05701077053122912, 0.7556619585868982, 0.5110154615889996, 0.29092479805144644, -0.035403752443800965, -0.30051944997621405, 0.2586097997834444, 0.05737947188789907]], "inverted": true, "swapped": true, "error_lsq": 0.045078352132593716, "error_max": 0.3211883013432329, "target": "660.xyz", "model": "10.xyz", "model_rescale": 4.2482417240324, "target_rescale": 4.391824446905403},
{"mapping": [11, 8, 3, 4, 14, 1, 6, 2, 13, 7, 10, 15], "R": [[-0.45301236929738403, -0.17772770936340881, 0.8736089826621556], [0.40806600123550324, -0.9125836350452711, 0.025947016846370463], [0.7926297571371119, 0.3682444437761353, 0.48593631036254936]], "T": [-0.03610757582385042, -0.016213356819684645, -0.09077972025111558], "aligned_model": [[-0.7539252938935724, -0.27736959827846935, 0.43309120089410175, 0.6376627062576556, -0.4021751741483552, 0.13545691839759938, -0.10449186998415284, 0.41332319060963163, 0.1843290213355887, 0.0025310549193574977, -0.34080294215321527, -0.0508636115931627], [-0.41974395957937033, -0.6755173682651657, -0.20168702444517764, -0.18742706809803397, 0.6758589729885237, 0.728834572879765, 0.2447413417901347, 0.35808427627621425, -0.479598752492667, 0.6746998466001454, -0.08342319211874594, 0.03130974451501725], [-0.1050656012693042, 0.21990184326592954, 0.4376249208528298, -0.24814425739926116, 0.14277991142488672, 0.25133826586576447, 0.6016258488946031, -0.09105649129918, -0.5747727928295263, -0.42092053177754807, -0.5731998454727271, -0.07491898040211009]], "inverted": true, "swapped": true, "error_lsq": 0.04702829979798709, "error_max": 0.20875513251555017, "target": "660.xyz", "model": "11.xyz", "model_rescale": 3.6694154284099745, "target_rescale": 4.391824446905403},
{"mapping": [5, 4, 3, 0, 13, 7, 10, 14, 8, 9, 6, 11, 2, 15], "R": [[-0.4436467584347927, 0.7662326213751081, -0.46482805817950656], [0.30713460032997086, 0.6172469806599664, 0.724344187625126], [0.8419298610991592, 0.1785881709598513, -0.5091761720492871]], "T": [0.0314564387289939, 0.004781186001296928, 0.003938707084698061], "aligned_model": [[-0.041166721117393244, 0.00077346605667062, -0.11923646578227223, 0.4377103389324596, 0.5126811539369664, -0.5007546306661699, 0.33790723622901847, -0.5301668851870571, 0.610360184568173, 0.09844047604961442, -0.38257942025147773, 0.6407440028763287, -0.45584838680379397, -0.010599498585257175], [-0.35215211905130217, 0.20577781212649351, 0.6974094026464548, 0.5199755077999635, -0.11454066179919534, -0.5416047798004641, -0.4809365111593462, -0.23370845877306848, 0.44410962578843016, 0.24882432971434856, 0.4388025980650888, -0.11343716388760253, 0.020223090522648784, -0.007755384056195101], [-0.719256204026326, -0.6792179637983619, -0.17302807011704183, -0.3461943883514828, -0.49781091444441855, -0.0739118412051209, 0.019807948368030646, 0.5472817195057149, 0.25147285007099845, 0.6089457429989861, 0.4425717655137294, 0.5453224859882011, -0.3191438878621744, 0.032256217011680986]], "inverted": true, "swapped": true, "error_lsq": 0.04286728921350509, "error_max": 0.22909890605438923, "target": "660.xyz", "model": "12.xyz", "model_rescale": 3.9764082729961374, "target_rescale": 4.391824446905403},
{"mapping": [14, 2, 8, 3, 11, 10, 7, 1, 6, 4, 12, 5, 9, 13, 0, 15], "R": [[0.18772702147288622, -0.4434741408046392, 0.8764070126639254], [-0.629059153835678, -0.739550481806082, -0.23947790260467222], [0.754349485573139, -0.5063553804374741, -0.4178050769408644]], "T": [-0.02366824276764047, -0.015714479139703377, 0.04571246855232723], "aligned_model": [[0.32076146346570933, -0.42561065947521415, 0.059646046288029, -0.12509362537443636, 0.5248606023321023, 0.5626134623558678, -0.6833434143428472, 0.09623822975291307, 0.06512652805261274, -0.605596613597402, 0.4120427127766964, -0.3496594335974516, -0.22471824516840988, 0.5107714258483037, -0.6884731743125404, -0.07778243511806246], [-0.5782915386486764, 0.6445285453249312, 0.4030689367445779, -0.15481295181361665, -0.00731567551011765, 0.5058426567862024, 0.05029068512882816, 0.5970845152343928, -0.7660973530222657, -0.43544610072190965, 0.1875188395950294, -0.3441431818028063, 0.2245015394527119, -0.3009884610835597, 0.1887259269005978, -0.08196796259444974], [-0.4056003599306609, -0.15121634143541057, -0.5176098339246743, -0.7781855554630609, -0.5283870567397119, -0.12864009139590876, -0.31692465753943944, 0.1615675875707364, 0.1584060218637599, 0.0780923827989561, 0.46531432307989656, 0.7447748667709062, 0.5589125147953894, 0.13216211876836448, 0.25391058783758647, -0.019638926914357965]], "inverted": false, "swapped": false, "error_lsq": 0.0462913812610992, "error_max": 0.3040899327266855, "target": "660.xyz", "model": "13.xyz", "model_rescale": 4.170626492500431, "target_rescale": 4.391824446905403},
{"mapping": [0, 8, 3, 9, 2, 14, 6, 13, 5, 11, 10, 12, 7, 15], "R": [[0.96183562863567, 0.25526669645791006, -0.09854510219432808], [-0.27108996836527616, 0.9379085236022979, -0.21642049442201952], [0.037181346650423344, 0.234875530938459, 0.9713140750692528]], "T": [0.04462329226036499, 0.0534409704441257, 0.043156135805988115], "aligned_model": [[0.2403800920112614, -0.23990032710196396, -0.08735136635515606, -0.5839609316788809, 0.24099731936205582, -0.4604785988310909, -0.5949338789993193, 0.6336997786653994, 0.8222673417547446, -0.2876118964717189, 0.27239010718507295, -0.35327820256666914, 0.2249932756238014, 0.015970309494107004], [-0.48552519304330494, -0.6515815956161568, -0.030957171385031693, -0.12211928170293378, 0.5220202817045064, 0.6350502473135112, 0.2736550122657554, -0.33342776965303217, 0.278402654282504, -0.505709710775827, -0.07065297248576184, 0.008634179359755287, 0.7424841981783881, 0.09580158948329356], [-0.4303999380973724, -0.06362245880513703, -0.6704397451626215, 0.10748266249342125, -0.24659803430896285, 0.31541047728315813, -0.26453143149767017, 0.07297364231587228, 0.024491727181232804, 0.5484022196050645, 0.5558047257674895, 0.6742047777175224, 0.3269395977905015, 0.053754878838367555]], "inverted": false, "swapped": true, "error_lsq": 0.04766366409628715, "error_max": 0.2808754540918144, "target": "660.xyz", "model": "14.xyz", "model_rescale": 3.9786697098870705, "target_rescale": 4.391824446905403},
{"mapping": [7, 10, 14, 1, 12, 9, 13, 8, 6, 2, 11, 15], "R": [[0.8275098218331728, -0.18010249553483718, 0.5317805805703656], [0.5061561219489643, 0.6491866200936375, -0.5677699468138346], [-0.24296805342105443, 0.7389992039194111, 0.6283682850234092]], "T": [-0.044708572915072665, -0.11864886031144846, 0.1186299228569382], "aligned_model": [[0.036432431034444886, -0.5255524443377889, 0.465792671870775, 0.6506093781251288, -0.10860405776274448, 0.27203202849351615, -0.6673363050674758, -0.1507061978899409, 0.6687373435039558, 0.20283078127226817, -0.352340552597716, -0.008540479877086095], [-0.548216068000735, -0.011342548291684698, -0.003064690866048672, -0.4367121578143766, 0.42982150206716335, 0.4555403683901352, -0.2946674313039083, 0.46150681059713944, 0.08657647240513154, -0.6465308045270602, 0.641266730082841, -0.11950369251415795], [-0.5112391948468802, -0.1769375519407459, -0.5087044988222642, -0.22334112181554217, -0.38501009261007546, 0.1109129404597621, 0.3995565723842804, 0.6101541622477189, 0.1514434224376457, 0.07224318272516718, 0.03992686899547605, 0.08096180465928784]], "inverted": true, "swapped": true, "error_lsq": 0.052657775323769834, "error_max": 0.2813987748371052, "target": "660.xyz", "model": "15.xyz", "model_rescale": 3.769337070930944, "target_rescale": 4.391824446905403},
{"mapping": [10, 7, 8, 9, 13, 5, 0, 2, 3, 6, 15], "R": [[0.7714806966157484, -0.11886957397303936, -0.6250500453025726], [-0.15255638316345482, -0.988294708266633, -0.0003457864314730594], [-0.6176925486885568, 0.09562214176454717, -0.7805846022687074]], "T": [-0.10077051519606073, 0.019038250541818326, -0.058190116647532014], "aligned_model": [[-0.21248614351503095, -0.26108387848493747, -0.1253639782082909, -0.5933118637193611, 0.4083847089203818, 0.47019298953103017, 0.43764972263500124, 0.13992343508867655, 0.24551078093839035, -0.4495836821891426, -0.13720596030554655], [-0.08403010488021956, -0.7306510213825348, 0.7822813584412481, 0.4099700558683468, 0.11948040214398448, -0.48598388974396817, 0.5309592407284508, -0.40523676760967337, 0.3163594882154725, 0.15247974981387147, -0.009564013969636471], [-0.6122498047157423, -0.068800253000801, -0.13735637661652017, 0.12796243996639814, -0.5359347602915951, -0.3313927907736256, -0.02500649924198306, 0.2645232853506996, 0.5122910695207018, 0.5842442997738131, -0.034063002747568336]], "inverted": false, "swapped": true, "error_lsq": 0.044632005508044865, "error_max": 0.22369832314117474, "target": "660.xyz", "model": "16.xyz", "model_rescale": 3.7852294659196426, "target_rescale": 4.391824446905403},
{"mapping": [0, 9, 12, 8, 3, 6, 1, 14, 10, 5, 2, 7, 15], "R": [[0.6721799901563568, 0.29507990299358755, 0.6790448524822906], [0.1636902505734417, 0.8352235436490778, -0.524982984487575], [-0.7220661761228014, 0.46403607939854463, 0.5131188500881871]], "T": [0.08112836639064855, 0.016686131804808414, -0.09404612946635874], "aligned_model": [[-0.11940740125453733, -0.2728560785578057, 0.2986037127236061, -0.1487535123794485, -0.5388372515976565, -0.5812386868408614, -0.3086076427621558, -0.07492641938506833, 0.6232740072874076, 0.5645705323416071, -0.03325932852801952, 0.3770719952536701, 0.06813192391554544], [-0.2144592516177111, -0.4182913413964647, -0.38373363979521247, -0.6717459151437548, 0.10853148898251266, 0.02896843005374542, 0.5994913736281472, 0.21546056658242824, -0.15063566068899406, 0.5426952136019012, 0.5882911921386292, 0.5930434975687647, 0.03743966978888286], [-0.771849805158111, 0.2459053983973691, 0.4983423552465077, -0.3443016297929925, -0.4695011881265706, 0.24258166282281265, 0.3642326098664328, 0.6829064596233457, -0.0036739697286847506, -0.4752081751980304, -0.14168979444246368, 0.3159252223936365, -0.047914448760077125]], "inverted": false, "swapped": true, "error_lsq": 0.04682003867964895, "error_max": 0.2916284490152034, "target": "660.xyz", "model": "17.xyz", "model_rescale": 3.901054581598922, "target_rescale": 4.391824446905403},
{"mapping": [6, 3, 9, 14, 0, 11, 4, 2, 8, 10, 13, 5, 7, 12, 15], "R": [[0.2370167665394992, 0.8671357265730851, -0.4380624203007245], [-0.3881747727474069, 0.4978816161620734, 0.7755219159316782], [0.8905859858439609, -0.01376691644523087, 0.45460650438585953]], "T": [0.065368611852732, 0.04600906108576783, -0.003959822938632321], "aligned_model": [[0.0017613623674117562, 0.08115954553491266, -0.40605187841194856, 0.24940547613406983, -0.19215344132133227, -0.6777165349648601, 0.4248393421992636, 0.6192120751177725, -0.6469423340182198, -0.03637621944725687, 0.022673933548447253, 0.6421602583543619, 0.6751960951203423, -0.30282693211714423, 0.0847454629932144], [0.07812060128914414, -0.5562139695856874, 0.23290810610465792, 0.6771706282819566, -0.6403568575962338, 0.3595018965441824, -0.5310635407897394, -0.0758516005765178, -0.23863894843496422, 0.361047928385688, -0.27499748044008976, -0.12993758275863956, 0.509282892254537, 0.6963310260633283, 0.08145425108548332], [-0.7436369182964853, -0.4172847628328957, -0.4197829813660429, -0.48902188748069225, 0.12111944378716787, 0.16292342016925185, 0.21007786459912742, -0.147117798260331, -0.0355953087845531, 0.4655975290818298, 0.622697641180508, 0.5364479509733978, 0.03257443340518981, -0.01226764092592623, -0.037064580397569484]], "inverted": false, "swapped": true, "error_lsq": 0.03888516132420257, "error_max": 0.2365804530270999, "target": "660.xyz", "model": "18.xyz", "model_rescale": 3.9405287249114394, "target_rescale": 4.391824446905403},
{"mapping": [5, 3, 1, 2, 6, 0, 10, 12, 5, 11, 7, 9, 13, 8, 14, 15], "R": [[-0.6599352348633318, 0.03151013082537829, -0.7506614399589516], [-0.5874868507164905, -0.64445098484886, 0.48943041217578076], [-0.46834248795203204, 0.7639960993242715, 0.443807699568404]], "T": [-0.012779497300779746, 0.16846917634057404, 0.08758114493169042], "aligned_model": [[0.12865137823786008, -0.45980807308237637, 0.15467502377090067, -0.1551613313220446, 0.41285705855620103, 0.621043319165255, -0.6550358948642763, -0.11292696817278768, 0.12865137823786008, -0.5300475792205053, 0.3622386346412154, 0.00744026531847811, -0.3691514476952878, 0.6186789519745634, -0.75060442331302, -0.029717422346165565], [-0.6122815451833946, 0.6704467822236623, 0.45006337947057695, -0.27715597582640494, -0.11278863159533795, 0.351719338022791, -0.026712524871569582, 0.7028771105894835, -0.6122815451833946, -0.3109407744418018, -0.052108026086170406, -0.4697606876455128, 0.15044353181098505, -0.24267000075977704, 0.3748560866890587, 0.14879190275667623], [-0.16079007128114672, -0.4354987060476083, -0.48529153910523537, -0.644860607093646, -0.4583227141731091, -0.10571208704101931, -0.3214602469190849, 0.15479502816384932, -0.16079007128114672, 0.23527350227540786, 0.6410544030261264, 0.5133318335658451, 0.6567945974108762, 0.0205217725219963, 0.20053150512599974, 0.05736098099426663]], "inverted": false, "swapped": false, "error_lsq": 0.0421036077383125, "error_max": 0.3525713473505198, "target": "660.xyz", "model": "19.xyz", "model_rescale": 4.410303926677745, "target_rescale": 4.391824446905403},
{"mapping": [7, 1, 14, 5, 12, 4, 10, 6, 3, 8, 0, 11, 9, 15], "R": [[0.9862529188750435, 0.12369021099818454, 0.10957149133639502], [0.0836029342910209, 0.19845588524239854, -0.9765376649113886], [-0.14253325713105816, 0.9722736206006419, 0.18538683150572252]], "T": [-0.07689071973204192, -0.02656324025346938, 0.07416706309778764], "aligned_model": [[-0.1799643867808405, 0.37822003678019817, 0.4677014556862234, -0.7881342794084107, 0.19235137371941707, -0.5168677951225653, -0.4076628162458519, 0.6346099213429794, 0.15911459836177952, 0.09387948443386787, -0.27948747427339, 0.06030762302453696, 0.4906436124715881, -0.043523464528660016], [-0.07075835290454452, -0.42854435752632775, 0.11495761294727072, -0.30441925545527476, 0.6478646487672002, -0.5683951205315528, 0.42894682459051514, -0.2402787539864026, -0.6063140934243553, 0.20638837263646695, -0.29468251524520683, 0.7126490008058762, 0.23993583519736225, -0.02640137968982457], [-0.6842982064167533, -0.5027739133586336, -0.5182102730321475, -0.19530468067841905, -0.10250029154437018, 0.21867489036976157, -0.04066327451399518, 0.057086210131588044, 0.45092942357893784, 0.7854920663962116, 0.7375879058447241, 0.41038899508282706, 0.2664180847048103, 0.03398810216047968]], "inverted": true, "swapped": true, "error_lsq": 0.044336436552890546, "error_max": 0.25607518222063014, "target": "660.xyz", "model": "20.xyz", "model_rescale": 4.121658175737393, "target_rescale": 4.391824446905403},
{"mapping": [0, 13, 5, 3, 2, 8, 10, 6, 12, 14, 7, 1, 15], "R": [[-0.01832740797451035, 0.29641530169868735, -0.9548832782260941], [0.542018402176234, 0.8054762574366914, 0.23963315798967283], [0.8401667440569511, -0.5131724540782148, -0.17542484019113277]], "T": [0.0028863638620284793, -0.06319914103600008, 0.08388181336235176], "aligned_model": [[0.17534392767732326, -0.1225182670007971, 0.24736758763921154, 0.5541433511482935, 0.5109639372486885, -0.2939287459499348, -0.46335846944934267, 0.27757704859314003, -0.6213760508173065, -0.02292611430806199, 0.12406396657549955, 0.5055618498999548, 0.01016888340762653], [-0.4349002049650771, 0.14894124872140327, 0.6007175841509294, -0.5184821377510183, 0.20765856809622615, -0.702981517285301, 0.25455833405019423, -0.526461028110513, -0.08901150555553367, 0.025673215243896347, 0.5726874122974477, 0.05751215867652586, -0.05508522340599706], [0.7044922490792541, 0.7448188347084597, 0.4777471460538718, 0.23419004689108203, -0.018977748106468045, 0.38718278356274893, 0.1921940835797489, -0.4281071418939755, -0.3262228025930106, -0.7278786919825683, -0.3269846293793466, -0.5751490262118029, 0.03280463577379554]], "inverted": false, "swapped": true, "error_lsq": 0.050623958038594624, "error_max": 0.25844637794145175, "target": "660.xyz", "model": "21.xyz", "model_rescale": 4.08911054899281, "target_rescale": 4.391824446905403},
{"mapping": [2, 7, 13, 0, 4, 3, 6, 12, 1, 8, 15, 11, 5, 2, 10, 16], "R": [[0.29496374165365236, -0.53544655043639, 0.7913869993469997], [0.9344711399816558, 0.3344918773869006, -0.12197898386021949], [-0.19939929701747322, 0.7755076889289734, 0.5990223240923332]], "T": [-0.05841543137670392, 0.05482761120055555, 0.06683337345036261], "aligned_model": [[0.5313162198403102, -0.42428810895839064, 0.1403940581278288, -0.22667691568480808, 0.34391564834119376, 0.6797543237525919, -0.7233820739949306, 0.016053337106048282, -7.570048349490877e-05, -0.5272229626090733, 0.44232169529592724, -0.15253759701681074, -0.5408380113969358, 0.5313162198403102, -0.6645653132805455, -0.05370194899335089], [-0.33290639896591073, 0.46672296857201956, 0.4936282036067556, -0.20165248900365526, -0.020724302741211863, 0.4325192140124926, -0.07302289524005631, 0.789128208979704, -0.7334916032548803, -0.43586066479956903, -0.2353579149969746, -0.44712095659709306, 0.13053455760671345, -0.33290639896591073, 0.5717649729449285, 0.061243918812517895], [-0.08526115730711503, -0.3829172089666863, -0.38555892645664636, -0.6444931544374606, -0.49771405277751896, -0.1914944978143991, -0.24467543984276313, 0.08188464103593601, -0.00491391350679031, 0.20898305693896524, 0.5101861768149892, 0.6369927226498238, 0.5760150370053712, -0.08526115730711503, 0.19526037184113376, 0.019905082272646785]], "inverted": false, "swapped": false, "error_lsq": 0.046124171868193044, "error_max": 0.42146973763574436, "target": "660.xyz", "model": "22.xyz", "model_rescale": 4.204369325754507, "target_rescale": 4.391824446905403},
{"mapping": [5, 3, 1, 2, 6, 0, 10, 12, 5, 11, 7, 9, 13, 8, 14, 15], "R": [[-0.6599352348633318, 0.03151013082537829, -0.7506614399589516], [-0.5874868507164905, -0.64445098484886, 0.48943041217578076], [-0.46834248795203204, 0.7639960993242715, 0.443807699568404]], "T": [-0.012779497300779746, 0.16846917634057404, 0.08758114493169042], "aligned_model": [[0.12865137823786008, -0.45980807308237637, 0.15467502377090067, -0.1551613313220446, 0.41285705855620103, 0.621043319165255, -0.6550358948642763, -0.11292696817278768, 0.12865137823786008, -0.5300475792205053, 0.3622386346412154, 0.00744026531847811, -0.3691514476952878, 0.6186789519745634, -0.75060442331302, -0.029717422346165565], [-0.6122815451833946, 0.6704467822236623, 0.45006337947057695, -0.27715597582640494, -0.11278863159533795, 0.351719338022791, -0.026712524871569582, 0.7028771105894835, -0.6122815451833946, -0.3109407744418018, -0.052108026086170406, -0.4697606876455128, 0.15044353181098505, -0.24267000075977704, 0.3748560866890587, 0.14879190275667623], [-0.16079007128114672, -0.4354987060476083, -0.48529153910523537, -0.644860607093646, -0.4583227141731091, -0.10571208704101931, -0.3214602469190849, 0.15479502816384932, -0.16079007128114672, 0.23527350227540786, 0.6410544030261264, 0.5133318335658451, 0.6567945974108762, 0.0205217725219963, 0.20053150512599974, 0.05736098099426663]], "inverted": false, "swapped": false, "error_lsq": 0.0421036077383125, "error_max": 0.3525713473505198, "target": "660.xyz", "model": "23.xyz", "model_rescale": 4.410303926677745, "target_rescale": 4.391824446905403},
{"mapping": [14, 1, 7, 11, 13, 12, 10, 0, 9, 10, 5, 8, 4, 6, 3, 16], "R": [[-0.5891893063555854, 0.7646659304761513, 0.26104018090184056], [-0.3113354395585165, 0.0832739136758468, -0.9466444418978082], [-0.7456045904842119, -0.6390238415506491, 0.18900350414402756]], "T": [0.02337552944768441, -0.03651590754904279, -0.04229722476669641], "aligned_model": [[0.3391185887252186, -0.5857821801664191, 0.06995549667616645, -0.2358008596818041, 0.5925862119067978, 0.6228151266621765, -0.5927061252003348, 0.0781177643273031, -0.17951795142312144, -0.5927061252003348, 0.3563851344642751, -0.3780814406278915, -0.24778251532818957, 0.7684009129775248, -0.5851629985538049, -0.05805616967169194], [-0.5453389443344474, 0.4315237883384023, 0.3871922690271699, -0.27687346628807846, 0.01932507280415558, 0.4904192134636681, -0.23243735239158006, 0.708564668179537, -0.6291733148659983, -0.23243735239158006, 0.06929385524683912, -0.48724520822170475, 0.03558219101930147, -0.17271436134363014, 0.5192155361492186, 0.047601825578596844], [-0.3578212773667758, -0.42465971960846893, -0.5524271929490726, -0.5674422808089044, -0.45103627075662955, 0.05355360891952893, 0.03413659322368047, 0.06835554057841435, -0.03891837868317513, 0.03413659322368047, 0.480685500083471, 0.5157189631233368, 0.5863199496147427, 0.02316458730702349, 0.31838879805216436, -0.015217433810645602]], "inverted": false, "swapped": false, "error_lsq": 0.04405311858061422, "error_max": 0.38863845773642897, "target": "660.xyz", "model": "24.xyz", "model_rescale": 4.28219845311461, "target_rescale": 4.391824446905403},
{"mapping": [7, 2, 13, 4, 13, 12, 0, 14, 3, 1, 11, 5, 8, 9, 6, 15], "R": [[0.5296037297085098, -0.3488978044511076, 0.7731689411299657], [-0.0814894907349954, 0.8863493472775433, 0.45578975139906797], [-0.8443218298602654, -0.30439309556865746, 0.4409824157396114]], "T": [-0.020179305894968937, 0.006269935128356531, 0.006098499973895985], "aligned_model": [[0.3876478157272383, -0.28492194344358196, 0.3111133347673108, -0.32549043428691904, 0.3111133347673108, 0.6350880422423782, -0.789172103539283, 0.04236194544767777, -0.08852722719815279, -0.43034715450257266, 0.29680641350284825, 0.007269615469410743, -0.4101245000891938, 0.5330573655011662, -0.7362132492356716, -0.08787838524409608], [-0.3984990621251743, 0.4693601972502322, 0.2121524006126859, -0.33301567888861217, 0.2121524006126859, 0.3983910113338901, 0.034508230300006916, 0.7593724052252689, -0.7615517964060871, -0.43798838871800394, 0.20376857085986938, -0.3976710579147527, 0.014007583855770632, -0.35936653596155343, 0.509126121931788, 0.007752018001855276], [-0.5186729774159688, -0.42313193857818954, -0.44197967801083027, -0.5651448457439116, -0.44197967801083027, 0.04195466113884454, -0.26483848143096117, 0.1013344506913322, -0.07021463845460267, 0.21651303490079515, 0.4023199201806208, 0.755337388292849, 0.5804058490874375, 0.13691455522061152, 0.22203409763786963, -0.023914139362695146]], "inverted": false, "swapped": false, "error_lsq": 0.04948567938788551, "error_max": 0.3362289334921982, "target": "660.xyz", "model": "25.xyz", "model_rescale": 4.100010024507729, "target_rescale": 4.391824446905403},
{"mapping": [11, 8, 3, 4, 14, 1, 6, 2, 13, 7, 10, 15], "R": [[-0.45301236929738403, -0.17772770936340881, 0.8736089826621556], [0.40806600123550324, -0.9125836350452711, 0.025947016846370463], [0.7926297571371119, 0.3682444437761353, 0.48593631036254936]], "T": [-0.03610757582385042, -0.016213356819684645, -0.09077972025111558], "aligned_model": [[-0.7539252938935724, -0.27736959827846935, 0.43309120089410175, 0.6376627062576556, -0.4021751741483552, 0.13545691839759938, -0.10449186998415284, 0.41332319060963163, 0.1843290213355887, 0.0025310549193574977, -0.34080294215321527, -0.0508636115931627], [-0.41974395957937033, -0.6755173682651657, -0.20168702444517764, -0.18742706809803397, 0.6758589729885237, 0.728834572879765, 0.2447413417901347, 0.35808427627621425, -0.479598752492667, 0.6746998466001454, -0.08342319211874594, 0.03130974451501725], [-0.1050656012693042, 0.21990184326592954, 0.4376249208528298, -0.24814425739926116, 0.14277991142488672, 0.25133826586576447, 0.6016258488946031, -0.09105649129918, -0.5747727928295263, -0.42092053177754807, -0.5731998454727271, -0.07491898040211009]], "inverted": true, "swapped": true, "error_lsq": 0.04702829979798709, "error_max": 0.20875513251555017, "target": "660.xyz", "model": "26.xyz", "model_rescale": 3.6694154284099745, "target_rescale": 4.391824446905403},
