[{"mapping": [9, 7, 8, 0, 10, 12, 11, 6, 3, 4, 5, 13], "R": [[-0.9377524867969294, -0.25479443515308814, 0.23600862128573524], [0.3010120294737783, -0.2573029675147347, 0.9182521119061957], [-0.17323980956538865, 0.9321346355130948, 0.31798268767122795]], "T": [-0.005838803363229176, -0.05526282597099054, 0.07415853815013645], "aligned_model": [[-0.11908506981358259, 0.16409167571132302, 0.6117935697879344, -0.15413674213507436, -0.37564579166479173, -0.4880154687867971, 0.2789948539430846, -0.42116494567449486, 0.652245871250032, 0.3195615364501145, -0.5885817878760602, -0.042415238731138574], [-0.4090322194288284, -0.81865480431179, -0.2344086057985652, 0.7722327633904001, 0.35256567682805695, -0.6607946511393392, -0.33990555583936094, -0.3469237952732103, 0.0608417596575692, 0.4388636450577239, 0.19121956312435534, 0.0475512597100458], [-0.4526440933774864, -0.10552133729581648, -0.5385008418724995, 0.05266789490936652, -0.5112008293444663, 0.044016602035766156, 0.40518242919939873, 0.6121575963578325, 0.04062055115797124, 0.3476532976360192, 0.3298809293378637, -0.04236045339038737]], "inverted": false, "swapped": true, "error_lsq": 0.05498572665494731, "error_max": 0.31860116824936324, "target": "661.xyz", "model": "0.xyz", "model_rescale": 3.751011558992144, "target_rescale": 3.774280492629647},
{"mapping": [5, 2, 9, 3, 13, 10, 11, 7, 0, 1, 8, 12, 6, 14], "R": [[-0.4890782724326461, -0.6728541264195214, 0.5550403300612679], [0.5689100077959155, 0.23627585877712987, 0.7877278220227981], [-0.6611685461846697, 0.7010285608442444, 0.26723605747858525]], "T": [0.09409314382476164, -0.08591600926407131, 0.007132736996215271], "aligned_model": [[0.2682839519401698, -0.20089397607151732, 0.16521104706607986, -0.646183629000503, -0.29216762333624124, 0.7735557695962635, 0.08273886806597747, -0.3084669146780712, -0.36456606092845706, 0.14689431485429175, 0.46279118638209693, -0.48331703629638356, 0.2040399161455118, 0.07017684577019373], [-0.13591168620191216, -0.654510629580164, 0.4027929322249706, -0.22955292402535918, 0.027834653836348783, 0.3670714545064103, 0.6745729993867441, -0.006573062741232538, -0.6322642663066901, -0.45786703590253464, -0.6062427274811155, 0.3808553563609841, 0.21990191728392736, -0.037787005425464884], [0.6048316927015505, 0.5300293413368868, 0.44336138768471894, 0.12864251374708027, 0.6115875365445246, 0.08187660614508488, -0.2342353161300618, -0.5137579616465171, -0.2510141871015215, -0.5798510954526346, 0.1908175536353233, -0.01926953946242738, -0.6697076048335788, 0.017876205720792467]], "inverted": false, "swapped": false, "error_lsq": 0.04030825817159772, "error_max": 0.2204009906527481, "target": "661.xyz", "model": "1.xyz", "model_rescale": 3.9405287249114394, "target_rescale": 3.774280492629647},
{"mapping": [7, 12, 9, 2, 5, 8, 11, 6, 10, 1, 0, 3, 13], "R": [[0.5539839789782504, 0.823338331875073, 0.12335210699699445], [-0.4108314486765191, 0.39922857935503564, -0.8196548433362136], [-0.7240989378626228, 0.40339872668531385, 0.5594195165480816]], "T": [0.006757843957195454, -0.03396500116148976, 0.047884647625929797], "aligned_model": [[-0.29196892821893766, 0.28165784098576985, -0.312475376441838, 0.4808747550652348, 0.6133266765745606, -0.8733287795734441, 0.02318320895977917, 0.6600355525127896, -0.12253312500508085, -0.6011544231884501, 0.15173385395716452, -0.46993339534255446, -0.04343458100106214], [0.6959114750771318, 0.5099274594634817, 0.2059544431989073, -0.12101493558554452, -0.28106758303926804, 0.08515366336988406, 0.3308405173790453, 0.31244165492749426, -0.573489140844754, -0.5907463266029975, -0.8614004632221453, -0.0944744299139827, -0.15920374063523535], [-0.10034214810473925, -0.43032309718005884, -0.45810677958243695, 0.45585193873949764, -0.14382205756296762, 0.03474107251148016, 0.41987342900744645, 0.06323314121445324, -0.5334280336820696, 0.2423311307378384, 0.08707124549297861, 0.5134859596335567, -0.037445451636334975]], "inverted": false, "swapped": true, "error_lsq": 0.06285210203613643, "error_max": 0.36918404532468213, "target": "661.xyz", "model": "2.xyz", "model_rescale": 3.932901565614263, "target_rescale": 3.774280492629647},
{"mapping": [8, 7, 12, 5, 9, 11, 10, 2, 4, 0, 3, 6, 1, 13], "R": [[-0.19556510404356459, -0.9805507638643826, 0.016567726621532136], [-0.9050707980195173, 0.17395435385815483, -0.38805506483758995], [0.37762566206859416, -0.09088499468431477, -0.921487263660485]], "T": [0.07928926135867992, -0.09879513299448364, 0.030291675392125114], "aligned_model": [[0.5247057021995146, -0.18045334337412605, -0.290245927120498, -0.5827214789530137, -0.13656773590402313, 0.7972274751673301, 0.13879662949721833, -0.333763179418217, -0.5866092154560831, 0.11949037336410297, 0.4907477046271032, -0.4192542274874959, 0.32852711654947514, 0.008216765818124722], [-0.25197212704797906, -0.6392013967966383, 0.49429046929516274, -1.7375698588131816e-05, -0.043260025824433807, 0.377596251110089, 0.6095163114140777, -0.12662044474403528, -0.5618894804669752, -0.5427541694504738, -0.3998730558258683, 0.30415666174145695, 0.10421003015727903, -0.011861671928161163], [0.593255020782682, 0.4178963666397357, 0.33822514709002444, 0.2925595156436959, 0.7303734906060225, 0.26550364080120636, -0.05858583108906755, -0.6927666115893519, -0.2942838142132686, -0.4699428432944635, 0.0030977067982717182, -0.20587881711260309, -0.6371197540768134, 0.058853915903150034]], "inverted": true, "swapped": false, "error_lsq": 0.049101934784676685, "error_max": 0.29506117277041216, "target": "661.xyz", "model": "3.xyz", "model_rescale": 3.9243930471874484, "target_rescale": 3.774280492629647},
{"mapping": [2, 11, 6, 5, 12, 4, 0, 12, 9, 8, 10, 1, 13], "R": [[-0.7764981626209638, -0.3086755549137986, 0.5493359675507565], [0.3494867985750071, 0.5144426275892218, 0.7830758331993715], [-0.5243182059284797, 0.8000426143136101, -0.29158572361174406]], "T": [-0.03360243955313039, -0.0377845642028931, -0.15198536822509143], "aligned_model": [[-0.06739534716906326, -0.2077874787051609, 0.4458970315097901, 0.42032438336406297, 0.6305907477337939, -0.5172014041542479, -0.18398598005440192, 0.6305907477337939, 0.20762053768407038, -0.5361131064403971, 0.1824885446816126, -0.6949777407782001, -0.03284504909430013], [-0.5868254078862892, 0.016080816465444722, -0.3091619078197983, -0.5388134565177647, 0.2691984914143888, -0.4732002836180661, -0.6366007056048572, 0.2691984914143888, 0.5278554998006231, 0.664644259999952, -0.030270357627753083, -0.003166584033268957, -0.04110930230541273], [-0.46216924669508685, -0.6403362721331963, -0.6453812607451325, -0.05894030392893493, -0.40630893734313345, -0.1146902383678847, 0.4189849430400395, -0.40630893734313345, 0.041305362136761364, 0.05535794928866811, 0.6219494537319465, 0.3759885990115275, 0.007619204718522926]], "inverted": true, "swapped": true, "error_lsq": 0.05191430314325478, "error_max": 0.3757706382611752, "target": "661.xyz", "model": "4.xyz", "model_rescale": 3.8936222436046832, "target_rescale": 3.774280492629647},
{"mapping": [0, 10, 1, 4, 8, 9, 12, 11, 2, 5, 3, 13], "R": [[0.0766800731314767, -0.8122436373877959, -0.5782563790461758], [0.9951401505016255, 0.026413281665721794, 0.09485999900511062], [-0.061775782019766745, -0.5827200117335, 0.8103216279238487]], "T": [-0.04952575794604154, -0.01836939969278942, 0.11863950725853184], "aligned_model": [[0.17710217203207268, -0.48674520674681554, -0.2703864588741292, 0.359628345672538, -0.6868426665827556, -0.6581498701488757, -0.2599768455749892, 0.1816868870555262, 0.5798059081808982, 0.2673506935727878, -0.04588752838065334, -0.1300373879905069], [-0.47129697718157826, -0.5814442300128211, 0.19977346255096828, 0.124666127003315, 0.5443244742912611, -0.049853829379772285, -0.23431327232166507, 0.3900328454655129, -0.0690672524501047, -0.6166098730358753, 0.537400047348309, -0.10468861716774215], [-0.5527020360019812, -0.2521876417692613, -0.6694001149298487, -0.3681658866957836, -0.1384932150283309, 0.32860125122513373, 0.8321871565947643, 0.3455245693226515, 0.13180114986464664, 0.2048633207610421, -0.2539025646710278, 0.011158730603513412]], "inverted": true, "swapped": true, "error_lsq": 0.04705050907904181, "error_max": 0.2528133458562286, "target": "661.xyz", "model": "5.xyz", "model_rescale": 3.6523030999806103, "target_rescale": 3.774280492629647},
{"mapping": [6, 5, 0, 2, 4, 12, 10, 11, 9, 8, 1, 3, 13], "R": [[-0.5253943111577668, 0.5045195076708744, 0.6851429662359491], [0.28141491839277366, -0.6568815844513349, 0.6995085615735469], [0.8029735123334049, 0.5603272707875663, 0.20314253149627004]], "T": [0.04762553351814562, -0.131448600393708, 0.02635603003903795], "aligned_model": [[0.14891320208716297, 0.02453725466005982, 0.23521606873702028, 0.553807756790371, 0.6004121842802759, -0.43599711483622977, -0.4637856602899853, 0.3582127596340637, -0.5430844025393765, -0.16607878909196377, 0.18909468476386604, 0.4071530425562973, -0.02731808208726709], [-0.6572463407871122, -0.06270738874936387, 0.6092891751521196, -0.22183309085037603, 0.2136636193835829, -0.6938748412922459, 0.4653840865010729, -0.5121690648290409, -0.22514121182360505, 0.019100069031478067, 0.5646661384361793, 0.03241746571449433, 0.00927828827600019], [0.5365348776276846, 0.7049416714203445, 0.377526096786121, 0.3929785168404872, 0.013309632538228845, 0.2496440096323561, 0.19361696423278524, -0.14775891871771482, -0.2140227943263045, -0.8225138276871917, -0.4349279967067015, -0.513614703389499, 0.034396211231193616]], "inverted": false, "swapped": true, "error_lsq": 0.04598688939112688, "error_max": 0.275562114374531, "target": "661.xyz", "model": "6.xyz", "model_rescale": 4.08911054899281, "target_rescale": 3.774280492629647},
{"mapping": [8, 3, 5, 6, 4, 10, 12, 2, 0, 1, 9, 7, 13, 14], "R": [[-0.3451637678630567, -0.10517175425535863, 0.9326311572435421], [0.2679998500369113, 0.9412833291883691, 0.2053333255276739], [-0.8994654266478347, 0.3208186345880038, -0.2967108861607844]], "T": [0.062347286050922796, 0.00737783580468266, 0.018120680334054153], "aligned_model": [[0.38439040061786656, -0.25059533061866346, -0.1222544784574997, -0.4109896021371767, -0.17449927492034706, 0.5857706450320393, 0.3682226853953542, -0.46950236948091917, -0.43208947412938004, 0.1645536033698737, 0.45495074990346274, -0.5270248386183204, 0.13821148210483958, 0.16895246144828224], [-0.23306934682398256, -0.5817932965149565, 0.6337844777138018, -0.1465146269861255, 0.05104258228611724, 0.3516426127560055, 0.6232519023704385, -0.14322290603819762, -0.7797758077327123, -0.45754217628155935, -0.6701420669273913, 0.4628061537436993, 0.3174623007420362, -0.1156098263722613], [0.5691400611283629, 0.44402645838708815, 0.4105976058925457, 0.0557008164442614, 0.6805756495002983, 0.3741890012017837, -0.169339428005936, -0.568901383781333, -0.12532831670704853, -0.5398661563540722, 0.05535788593139828, -0.19286394095278492, -0.6406560426254259, -0.011445077169917495]], "inverted": false, "swapped": false, "error_lsq": 0.045921356517993575, "error_max": 0.26900768298505867, "target": "661.xyz", "model": "7.xyz", "model_rescale": 3.964800864290218, "target_rescale": 3.774280492629647},
{"mapping": [5, 1, 9, 7, 8, 10, 11, 4, 2, 6, 3, 12, 11, 13], "R": [[0.9729812150888606, 0.05108088120524734, -0.22516282699304507], [-0.20023744170887864, -0.2988236478742337, -0.9330645178169727], [-0.11494573511917688, 0.952940276746886, -0.2805214910331838]], "T": [-0.012475804724473582, -0.2056340453802619, 0.016667357915307088], "aligned_model": [[0.47410987756467476, -0.34248576974679895, -0.008900935214645616, -0.6643776810179098, -0.12988707071335023, 0.6049115154001521, 0.16040383065538646, -0.23842065902097784, -0.48282950905076333, 0.2910859714963856, 0.5864608983841463, -0.5314991254629985, 0.16040383065538646, -0.000878514419275769], [-0.19641472329744478, -0.6712805266728598, 0.45566708891505225, -0.19539818920748114, 0.13994421814786082, 0.26172342070501753, 0.43583527114501674, -0.10075428801089739, -0.5704164378570107, -0.2467322874206483, -0.6122246359302563, 0.338137070767223, 0.43583527114501674, -0.16160127649367623], [0.6965350662673936, 0.5038907857368566, 0.2077818703844887, 0.3026259841101124, 0.6933119025641629, 0.29151987991740114, -0.47907760889847595, -0.6413923311136721, -0.2736943591197875, -0.47594507158415794, -0.027168849128535733, -0.05818384823290698, -0.47907760889847595, 0.08006132088481775]], "inverted": true, "swapped": false, "error_lsq": 0.04926002994465041, "error_max": 0.3793642539355015, "target": "661.xyz", "model": "8.xyz", "model_rescale": 4.121658175737393, "target_rescale": 3.774280492629647},
{"mapping": [1, 3, 4, 0, 8, 9, 11, 12, 2, 7, 10, 5, 13], "R": [[0.18626736518957931, 0.9402789696433091, 0.2849209151884939], [0.8374225664604056, -0.3036054487704029, 0.4544746160785993], [0.5138364660553004, 0.15394541475288973, -0.8439626149471084]], "T": [0.051829875502893134, -0.045574726096330925, 0.019543893300828084], "aligned_model": [[-0.4607415615635157, -0.19908492879295414, 0.2320117095945739, 0.1458930667340657, -0.7487775653829224, -0.4281287946714765, 0.24086608567428688, 0.14509589272366363, 0.6435222148722802, -0.2329370910605354, -0.33613948221885226, 0.5117681408010117, -0.03661019027442849], [0.16444643598674857, -0.3445718361993455, 0.050778945259700586, 0.6681639888334552, -0.3767608818380762, -0.09261744470133917, -0.5233083093649595, -0.2000388404447582, -0.03825681234613562, -0.6673450997680276, 0.6474033393398738, 0.41620268557319395, 0.08629126908137921], [-0.6211852515662524, -0.5238923950270038, -0.5994037706157129, -0.4151194703143042, -0.176052452696122, 0.44724141579493853, -0.06857220686341808, 0.7728791119742662, -0.2010200900924947, 0.43935089077976697, 0.14196964099688147, 0.221918075631954, 0.0029619359565894177]], "inverted": false, "swapped": true, "error_lsq": 0.04176189384349557, "error_max": 0.2499905915608604, "target": "661.xyz", "model": "9.xyz", "model_rescale": 3.833441315466971, "target_rescale": 3.774280492629647},
{"mapping": [10, 12, 13, 1, 0, 8, 2, 4, 6, 7, 11, 5, 3, 14], "R": [[0.3896255911945011, 0.6482012691417225, 0.6542377345960686], [-0.6880109166921344, -0.2673766655751871, 0.6746485731240699], [0.6122359652934353, -0.7129830526660188, 0.34179275798685466]], "T": [0.004724672100084216, -0.10764136344856554, 0.02374644048769539], "aligned_model": [[0.4117730206634138, -0.14176293473506635, -0.07811398268896734, -0.6547807500370428, -0.29220036907111574, 0.7329479825612025, 0.1434857292932269, -0.48500562441998246, -0.46078094320721336, 0.4384411476004322, 0.508615601150359, -0.45485508855167034, 0.15336090632203334, 0.056971964629802314], [-0.15193640206218526, -0.6355876406672489, 0.60969220884262, -0.24376266670559585, 0.09333469337360067, 0.08843941965089888, 0.5646164751180305, -0.04430734939356787, -0.5200507646983243, -0.3732159049809368, -0.5584153576734725, 0.38688724257197504, 0.16339542263940313, -0.06676940008028504], [0.7365603958827578, 0.2744138829795679, 0.361765441065121, 0.3272798354958272, 0.6027689842745163, 0.22072993973798927, -0.18947884511428117, -0.6024049944098762, -0.2491135527746096, -0.40668840771960646, 0.11448683278872648, -0.017034718074410676, -0.7878989132297115, -0.04419874801279024]], "inverted": false, "swapped": false, "error_lsq": 0.04835986891000147, "error_max": 0.3652037050139285, "target": "661.xyz", "model": "10.xyz", "model_rescale": 4.2482417240324, "target_rescale": 3.774280492629647},
{"mapping": [6, 5, 10, 0, 7, 8, 9, 1, 4, 3, 11, 13], "R": [[0.17720959049707563, -0.7242910224781396, 0.6663327065313768], [-0.7606769776457265, -0.5303972777172103, -0.3742315639680002], [0.6244736157081593, -0.440546527108935, -0.6449429902996346]], "T": [-0.12917858458593778, -0.013646394348438208, -0.03335053779756623], "aligned_model": [[-0.7162364475759817, -0.14794307078293262, 0.44230695036307877, 0.5600587053298819, -0.6606591422543685, 0.12936551156146003, -0.19010921559612098, 0.6200400385560642, 0.21365779134870044, 0.10183568711343052, -0.48505683233683083, 0.00950562663662563], [-0.4612624338116477, -0.6872787446933087, -0.19070251251346507, -0.47692743620147476, 0.5350084788791145, 0.8290473551237952, 0.3082817958322637, 0.333966584537837, -0.11352301202723669, 0.45210964519624114, 0.1675847462924196, -0.030173076563898785], [-0.07815967582397229, 0.07437246863303965, 0.5031029082441518, -0.16573524708265056, 0.21248433535506783, 0.0759045292329496, 0.5217604526976481, -0.22099081958205824, -0.5786335969193567, -0.4545206082384433, -0.3683646552412497, 0.0439721985792304]], "inverted": false, "swapped": true, "error_lsq": 0.050876076474552466, "error_max": 0.23915448509835766, "target": "661.xyz", "model": "11.xyz", "model_rescale": 3.6694154284099745, "target_rescale": 3.774280492629647},
{"mapping": [9, 7, 11, 6, 11, 8, 3, 0, 5, 12, 10, 4, 1, 13], "R": [[0.18942542916122135, -0.9627930625970778, -0.19273693315508286], [-0.9115155850392149, -0.24540299206706412, 0.330025316779108], [-0.36504430555441514, 0.11316753111856885, -0.9240864488146241]], "T": [0.0075486198327902095, -0.12605376510607796, -0.02288852594990614], "aligned_model": [[0.3431278321553307, -0.04591508064102976, -0.16612991076851477, -0.5315420488502208, -0.16612991076851477, 0.5298231443579356, 0.31102178486358617, -0.4824916818601818, -0.502075951733195, 0.21190931280293412, 0.4978063563167961, -0.28110209677816156, 0.2097541833824683, -0.04995927296982062], [-0.20079466023074974, -0.7316200758400211, 0.2718008054940709, -0.12694744410494707, 0.2718008054940709, 0.31752846396899226, 0.6538387649115178, -0.04723082524813814, -0.7309185048356717, -0.5661561658095438, -0.5130876566685008, 0.541594385768452, 0.254460679284525, -0.08194859624914448], [0.7027054774314856, 0.40442446765697143, 0.5742514556020053, 0.14809476484314493, 0.5742514556020053, 0.29814414901000375, -0.22517688530917768, -0.5370726479278908, -0.1607008445746163, -0.4986143759205563, 0.09278733976143494, -0.1592899928925217, -0.7514454295485405, -0.12117180084452747]], "inverted": true, "swapped": false, "error_lsq": 0.053170211651356825, "error_max": 0.3701870110079788, "target": "661.xyz", "model": "12.xyz", "model_rescale": 3.9764082729961374, "target_rescale": 3.774280492629647},
{"mapping": [3, 4, 11, 6, 14, 8, 10, 12, 5, 9, 7, 13, 1, 15], "R": [[-0.948746222851326, -0.060657165421652254, -0.31016336487140533], [-0.25360423583463254, -0.43951133994145847, 0.8616929114421191], [-0.1885881655673926, 0.8961866381205837, 0.40160180958513086]], "T": [-0.000515833621076307, -0.11657084267243104, -0.04940653689974687], "aligned_model": [[0.40038258806886634, -0.07283164895038062, 0.09229642134343148, -0.6379068137255823, -0.2983486938833453, 0.5769292761292354, 0.22171011482428968, -0.27237133654606993, -0.4859982963258609, -0.02850437642676372, 0.5272093185600718, -0.4788581662478184, 0.32315121513866024, 0.011237057550677781], [0.0240722334677948, -0.7691816242308251, 0.5695623208993, -0.28225373059569003, 0.18613907664923704, 0.26033991930588174, 0.6149756828691457, 0.19524453268063016, -0.7319868894749408, -0.39991421784913506, -0.5743354166107866, 0.25796891567254043, 0.12404470323731723, -0.16235553008555745], [0.6771906196691039, 0.24168333311676185, 0.3393760063360081, 0.33781526624421027, 0.6276978359020644, 0.10599056532203535, -0.29760445744677744, -0.5352864522812085, -0.3467174408013475, -0.5789651264181399, 0.23867584285543694, 0.024004146403138492, -0.5399841340999367, 0.047311128087871156]], "inverted": false, "swapped": false, "error_lsq": 0.04772727685698398, "error_max": 0.32908215805605745, "target": "661.xyz", "model": "13.xyz", "model_rescale": 4.170626492500431, "target_rescale": 3.774280492629647},
{"mapping": [6, 4, 11, 12, 5, 3, 9, 7, 8, 0, 2, 10, 1, 13], "R": [[-0.7027242012565628, -0.4238283163844413, -0.5714440088049364], [-0.4307009254968509, -0.38587351212012994, 0.8158421081436238], [-0.5662820937876125, 0.8194334572586148, 0.08861940747213182]], "T": [0.03517637753211897, -0.10263024879972703, -0.009168391813897288], "aligned_model": [[0.40152426437570643, -0.1886490233436643, 0.04546180177533568, -0.6010680955998882, -0.218791658513484, 0.642880133947666, -0.006268559306112725, -0.3089994653324183, -0.5888170160511468, 0.23494697295358155, 0.5069967809554725, -0.42353675491764664, 0.34602262658224237, 0.036394651983768386], [-0.05590459307882617, -0.7270223416232454, 0.4747824070377401, -0.12520520801998342, 0.02139254910811335, 0.2078974475956129, 0.6711578646369478, -0.11838055342456397, -0.4460889179559286, -0.3938509585991685, -0.5564654206246914, 0.19641985875457685, 0.21617899952971825, -0.052591157401390407], [0.74654002148635, 0.24202841337136466, 0.39844476555225705, 0.3519264195741249, 0.855318976874898, 0.08953469141920536, -0.2454747844029788, -0.7431470835901083, -0.2194650397919715, -0.489939245669189, 0.056796075624060964, -0.14510808529859057, -0.6357062937212192, 0.07943830146101721]], "inverted": false, "swapped": false, "error_lsq": 0.04427854520343289, "error_max": 0.2683710148640795, "target": "661.xyz", "model": "14.xyz", "model_rescale": 3.9786697098870705, "target_rescale": 3.774280492629647},
{"mapping": [9, 10, 12, 7, 5, 2, 1, 4, 11, 8, 0, 13], "R": [[0.47633169395581976, -0.7177108316728991, 0.5079362946596504], [-0.42903034152488484, -0.6939624598135956, -0.5782292542067591], [0.7674901194049473, 0.05750883818040159, -0.6384760372534903]], "T": [0.1303496354830273, 0.044707628801579885, -0.03322023710074861], "aligned_model": [[0.08428900413519025, -0.5922503528883356, 0.5242368835933522, 0.6552837325792, 0.001529181407931568, 0.32038424994718845, -0.46255942099324293, -0.05401560347053813, 0.5927923665096868, 9.97656902263222e-05, -0.5610909799257564, -0.025344229817566094], [-0.4739947737802396, -0.03797095986977164, -0.05623522471381262, -0.5340352044780684, 0.6147962107600337, 0.6140230074347978, -0.22578593769683822, 0.3454788234375873, 0.0319398264098669, -0.7783900750609912, 0.49257601664288786, 0.02227278113898702], [-0.4131212097141209, -0.374893170162011, -0.6925646390514069, -0.2160574996790623, -0.38555700046830543, 0.1631688971648127, 0.5077643143723369, 0.5148599405475542, 0.2070134328739104, 0.27412259434194275, 0.13567872482319432, -0.06044789117501517]], "inverted": true, "swapped": true, "error_lsq": 0.0505607126289275, "error_max": 0.24398664288348812, "target": "661.xyz", "model": "15.xyz", "model_rescale": 3.769337070930944, "target_rescale": 3.774280492629647},
{"mapping": [2, 0, 11, 3, 6, 5, 12, 10, 9, 1, 13], "R": [[-0.6700938414392318, -0.1796407635382509, 0.7202106912151529], [0.7421697336441393, -0.17859620731143583, 0.6459779262455944], [0.012582930016559468, 0.9673844069496703, 0.25300015625061084]], "T": [-0.022446121424136163, 0.158484734359928, -0.010228631704333413], "aligned_model": [[-0.18486349664665852, -0.3120348807823015, -0.17770296889693787, -0.6307283540170239, 0.38010323073467744, 0.2993515358776665, 0.6962369829814162, 0.18740883456440052, 0.34569050968328036, -0.6579556477360645, -0.022879615071283763], [0.017856559803282934, -0.6310319195312275, 0.5755191723740456, 0.3830678359280538, 0.2514392206754179, -0.3214016934861957, 0.43794102345621816, -0.4299166266206586, 0.36000006474276103, -0.08855395717062137, 0.04114481745426568], [-0.6040688120955692, -0.008019449650381538, -0.2817173078399301, 0.15480368736729874, -0.6236765876746662, -0.37339826095766054, -0.08419106953567085, 0.4952133741172139, 0.47902131020110933, 0.4922370194150374, 0.0980137038769961]], "inverted": true, "swapped": true, "error_lsq": 0.05040988908357935, "error_max": 0.282817152058448, "target": "661.xyz", "model": "16.xyz", "model_rescale": 3.7852294659196426, "target_rescale": 3.774280492629647},
{"mapping": [1, 7, 9, 8, 3, 11, 6, 12, 10, 0, 2, 5, 13], "R": [[-0.8692771786300277, 0.47019764212479914, -0.15254954622449046], [-0.33066171329249655, -0.7824876776516002, -0.5276133676148436], [-0.3674507015580313, -0.40819996529113606, 0.835675038672824]], "T": [-0.03997789643604649, 0.12053740688110665, 0.010291843355804523], "aligned_model": [[0.12147132333607011, -0.4539732855896946, 0.13443785337410144, -0.20979955436440145, -0.3950788687251868, -0.5554520433946151, -0.2093069798254311, -0.022288637974007777, 0.7333525412769222, 0.5019695019102994, -0.2273290082590214, 0.334916667846013, 0.10084634060523506], [-0.2073312076132583, -0.3879161659662594, -0.413697436095897, -0.7003192334780193, -0.11651666378551745, 0.1799870401423257, 0.6206472024543124, 0.04910258969487252, -0.07267201234383508, 0.47623755091059267, 0.7174824644567963, 0.6539509474693748, 0.07610054785738618], [-0.7537817949577226, 0.47290541856964036, 0.325998656656372, -0.2834247806219368, -0.5048675275149952, 0.06009804145649432, 0.5281941179444314, 0.7814311442036204, -0.0914776994116417, -0.5254072342675052, -0.07548697824402212, 0.2119374628884208, -0.05036412955798143]], "inverted": true, "swapped": true, "error_lsq": 0.0593064473744359, "error_max": 0.3966068770412639, "target": "661.xyz", "model": "17.xyz", "model_rescale": 3.901054581598922, "target_rescale": 3.774280492629647},
{"mapping": [5, 2, 9, 3, 13, 10, 11, 7, 0, 1, 8, 12, 6, 14], "R": [[-0.4890782724326461, -0.6728541264195214, 0.5550403300612679], [0.5689100077959155, 0.23627585877712987, 0.7877278220227981], [-0.6611685461846697, 0.7010285608442444, 0.26723605747858525]], "T": [0.09409314382476164, -0.08591600926407131, 0.007132736996215271], "aligned_model": [[0.2682839519401698, -0.20089397607151732, 0.16521104706607986, -0.646183629000503, -0.29216762333624124, 0.7735557695962635, 0.08273886806597747, -0.3084669146780712, -0.36456606092845706, 0.14689431485429175, 0.46279118638209693, -0.48331703629638356, 0.2040399161455118, 0.07017684577019373], [-0.13591168620191216, -0.654510629580164, 0.4027929322249706, -0.22955292402535918, 0.027834653836348783, 0.3670714545064103, 0.6745729993867441, -0.006573062741232538, -0.6322642663066901, -0.45786703590253464, -0.6062427274811155, 0.3808553563609841, 0.21990191728392736, -0.037787005425464884], [0.6048316927015505, 0.5300293413368868, 0.44336138768471894, 0.12864251374708027, 0.6115875365445246, 0.08187660614508488, -0.2342353161300618, -0.5137579616465171, -0.2510141871015215, -0.5798510954526346, 0.1908175536353233, -0.01926953946242738, -0.6697076048335788, 0.017876205720792467]], "inverted": false, "swapped": false, "error_lsq": 0.04030825817159772, "error_max": 0.2204009906527481, "target": "661.xyz", "model": "18.xyz", "model_rescale": 3.9405287249114394, "target_rescale": 3.774280492629647},
{"mapping": [7, 13, 0, 12, 4, 8, 6, 3, 14, 10, 9, 1, 2, 15], "R": [[0.3572248709258847, 0.6789692033023706, -0.6413978582431729], [-0.3084455742085178, -0.5624277660860916, -0.7671612188364232], [-0.8816188061419532, 0.47188539806011465, 0.00851185963726181]], "T": [-0.01858725227906003, -0.10938718704872286, 0.0683232782288922], "aligned_model": [[0.33059428259566853, -0.058447287368211455, -0.03835233813499365, -0.5546024360281495, -0.24178392266744492, 0.5408589384492406, 0.3290464439087413, -0.6554984157673633, -0.40654419450990203, -0.029821849331660856, 0.6288011084271299, -0.2828163159969492, 0.32287546868551725, -0.006212822752210799], [-0.20714334256473904, -0.7400317087507896, 0.5251683585926725, -0.13784313383908775, 0.12461807795872296, 0.3444100321755048, 0.5090946056560748, -0.03816995308020377, -0.7073569944025113, -0.3754887834439254, -0.46772624015890907, 0.4239769304526019, 0.1655017287408197, -0.10668960140131875], [0.6717646910459112, 0.2964208674792611, 0.33218471692884644, 0.17794555740646864, 0.7241356072471961, 0.299321544542536, -0.16601523964575682, -0.4926587805607042, -0.23443154426672694, -0.6712494099982466, 0.2720173635499501, -0.21667697445211745, -0.6821196424390048, 0.030548376051607852]], "inverted": false, "swapped": false, "error_lsq": 0.0498144243281441, "error_max": 0.37396416932290694, "target": "661.xyz", "model": "19.xyz", "model_rescale": 4.410303926677745, "target_rescale": 3.774280492629647},
{"mapping": [5, 1, 9, 7, 8, 10, 11, 4, 2, 6, 3, 12, 11, 13], "R": [[0.9729812150888606, 0.05108088120524734, -0.22516282699304507], [-0.20023744170887864, -0.2988236478742337, -0.9330645178169727], [-0.11494573511917688, 0.952940276746886, -0.2805214910331838]], "T": [-0.012475804724473582, -0.2056340453802619, 0.016667357915307088], "aligned_model": [[0.47410987756467476, -0.34248576974679895, -0.008900935214645616, -0.6643776810179098, -0.12988707071335023, 0.6049115154001521, 0.16040383065538646, -0.23842065902097784, -0.48282950905076333, 0.2910859714963856, 0.5864608983841463, -0.5314991254629985, 0.16040383065538646, -0.000878514419275769], [-0.19641472329744478, -0.6712805266728598, 0.45566708891505225, -0.19539818920748114, 0.13994421814786082, 0.26172342070501753, 0.43583527114501674, -0.10075428801089739, -0.5704164378570107, -0.2467322874206483, -0.6122246359302563, 0.338137070767223, 0.43583527114501674, -0.16160127649367623], [0.6965350662673936, 0.5038907857368566, 0.2077818703844887, 0.3026259841101124, 0.6933119025641629, 0.29151987991740114, -0.47907760889847595, -0.6413923311136721, -0.2736943591197875, -0.47594507158415794, -0.027168849128535733, -0.05818384823290698, -0.47907760889847595, 0.08006132088481775]], "inverted": true, "swapped": false, "error_lsq": 0.04926002994465041, "error_max": 0.3793642539355015, "target": "661.xyz", "model": "20.xyz", "model_rescale": 4.121658175737393, "target_rescale": 3.774280492629647},
{"mapping": [6, 5, 0, 2, 4, 12, 10, 11, 9, 8, 1, 3, 13], "R": [[-0.5253943111577668, 0.5045195076708744, 0.6851429662359491], [0.28141491839277366, -0.6568815844513349, 0.6995085615735469], [0.8029735123334049, 0.5603272707875663, 0.20314253149627004]], "T": [0.04762553351814562, -0.131448600393708, 0.02635603003903795], "aligned_model": [[0.14891320208716297, 0.02453725466005982, 0.23521606873702028, 0.553807756790371, 0.6004121842802759, -0.43599711483622977, -0.4637856602899853, 0.3582127596340637, -0.5430844025393765, -0.16607878909196377, 0.18909468476386604, 0.4071530425562973, -0.02731808208726709], [-0.6572463407871122, -0.06270738874936387, 0.6092891751521196, -0.22183309085037603, 0.2136636193835829, -0.6938748412922459, 0.4653840865010729, -0.5121690648290409, -0.22514121182360505, 0.019100069031478067, 0.5646661384361793, 0.03241746571449433, 0.00927828827600019], [0.5365348776276846, 0.7049416714203445, 0.377526096786121, 0.3929785168404872, 0.013309632538228845, 0.2496440096323561, 0.19361696423278524, -0.14775891871771482, -0.2140227943263045, -0.8225138276871917, -0.4349279967067015, -0.513614703389499, 0.034396211231193616]], "inverted": false, "swapped": true, "error_lsq": 0.04598688939112688, "error_max": 0.275562114374531, "target": "661.xyz", "model": "21.xyz", "model_rescale": 4.08911054899281, "target_rescale": 3.774280492629647},
{"mapping": [0, 7, 8, 10, 6, 1, 11, 9, 12, 14, 4, 5, 15, 16], "R": [[-0.3392194525649654, -0.8637303420909587, 0.3726929824305273], [-0.8954113883592142, 0.4179212216146479, 0.1535587774135539], [-0.2883896818510506, -0.2816234164190834, -0.9151609927910466]], "T": [0.0708515332294134, -0.10564690369415, -0.019053224168132495], "aligned_model": [[0.3968518594328243, -0.2675271153024391, 0.02842220996599995, -0.7129915975047294, -0.164956987852975, 0.6498714032637517, 0.11987392887981847, -0.47903108237323533, -0.364194264658981, 0.05325907819827089, 0.5984713920918838, -0.4885387367569647, 0.4210329733450937, 0.08755359878109348], [-0.28342192447055414, -0.533823364560004, 0.5018075547458322, -0.17716836321916313, 0.04423972367625864, 0.3944973625526367, 0.6271027315853248, -0.05544784105153151, -0.6495007914487495, -0.38332104934480504, -0.5346730389034043, 0.31968873705113177, 0.1822109897157013, -0.13987075039376162], [0.6607991329525098, 0.4369741835472183, 0.31255023104436974, 0.15873889163919602, 0.6719550745315505, 0.19211041927439054, -0.2348489770942263, -0.46922738461085595, -0.2638543854152616, -0.5973353009353619, 0.13536842492653486, -0.08151259099598135, -0.5900329174097788, 0.009502331434916994]], "inverted": false, "swapped": false, "error_lsq": 0.03555655489469926, "error_max": 0.2796944447031222, "target": "661.xyz", "model": "22.xyz", "model_rescale": 4.204369325754507, "target_rescale": 3.774280492629647},
{"mapping": [7, 13, 0, 12, 4, 8, 6, 3, 14, 10, 9, 1, 2, 15], "R": [[0.3572248709258847, 0.6789692033023706, -0.6413978582431729], [-0.3084455742085178, -0.5624277660860916, -0.7671612188364232], [-0.8816188061419532, 0.47188539806011465, 0.00851185963726181]], "T": [-0.01858725227906003, -0.10938718704872286, 0.0683232782288922], "aligned_model": [[0.33059428259566853, -0.058447287368211455, -0.03835233813499365, -0.5546024360281495, -0.24178392266744492, 0.5408589384492406, 0.3290464439087413, -0.6554984157673633, -0.40654419450990203, -0.029821849331660856, 0.6288011084271299, -0.2828163159969492, 0.32287546868551725, -0.006212822752210799], [-0.20714334256473904, -0.7400317087507896, 0.5251683585926725, -0.13784313383908775, 0.12461807795872296, 0.3444100321755048, 0.5090946056560748, -0.03816995308020377, -0.7073569944025113, -0.3754887834439254, -0.46772624015890907, 0.4239769304526019, 0.1655017287408197, -0.10668960140131875], [0.6717646910459112, 0.2964208674792611, 0.33218471692884644, 0.17794555740646864, 0.7241356072471961, 0.299321544542536, -0.16601523964575682, -0.4926587805607042, -0.23443154426672694, -0.6712494099982466, 0.2720173635499501, -0.21667697445211745, -0.6821196424390048, 0.030548376051607852]], "inverted": false, "swapped": false, "error_lsq": 0.0498144243281441, "error_max": 0.37396416932290694, "target": "661.xyz", "model": "23.xyz", "model_rescale": 4.410303926677745, "target_rescale": 3.774280492629647},
{"mapping": [2, 1, 12, 7, 0, 5, 6, 14, 11, 9, 4, 13, 15, 16], "R": [[-0.6357762447850138, -0.7037477080123631, 0.317061082497383], [-0.6964924559697474, 0.7001039580827838, 0.15732992930160972], [-0.3326962959581848, -0.12080402039735982, -0.9352644349656083]], "T": [-0.0064638182689923055, -0.16082736806162554, -0.039049956076815544], "aligned_model": [[0.5351440041607233, -0.4086449679308815, -0.045332202383333194, -0.5801640756843235, -0.021854311268587938, 0.46406767962917533, 0.019652741241498038, -0.2605176825494509, -0.46344972830957565, 0.10855252152542347, 0.6221995766103545, -0.4634870757418337, 0.3587055785350686, 0.013224601675154579], [-0.14311300586348874, -0.7417336708782938, 0.506935754819354, -0.11324811690052965, -0.0015248377761352128, 0.23430100347569746, 0.5638151204539834, 0.054448089872299016, -0.5002993153066347, -0.435493216309495, -0.35539593744552544, 0.36635374831607914, 0.1050877238604048, -0.22781336438280356], [0.6952804322588674, 0.4479136357602416, 0.4067723125687506, 0.29341827726710873, 0.6990365210083818, 0.09539599187217435, -0.2673245252189741, -0.6283402930671153, -0.3158967759408414, -0.5901850547730952, 0.16296435217343513, -0.1250524937882512, -0.591548522917134, 0.05875327568567227]], "inverted": false, "swapped": false, "error_lsq": 0.04454401215348567, "error_max": 0.23445965721115353, "target": "661.xyz", "model": "24.xyz", "model_rescale": 4.28219845311461, "target_rescale": 3.774280492629647},
{"mapping": [2, 4, 6, 1, 0, 14, 10, 5, 3, 9, 13, 8, 11, 15], "R": [[-0.5283078515873729, -0.5393112792245165, -0.6557698971837225], [0.8349744294280215, -0.4700788617579929, -0.2860831451338226], [-0.1539756998765855, -0.6986910675180594, 0.6986574811865899]], "T": [0.0783636147584956, -0.17064807235692422, -0.02020662478287836], "aligned_model": [[0.39751951486063586, -0.17000623429738693, -0.050588566125211565, -0.5607585988815811, -0.27428911763823915, 0.6379009302913584, 0.17051108988534547, -0.4421769316502644, -0.5015267479054645, 0.09923555028144834, 0.5716325844497434, -0.3337752917496246, 0.2858599873898965, 0.04855849059875573], [-0.07920831095357263, -0.6548342605192626, 0.5629198513232724, -0.14120506451474307, -0.043617782356549784, 0.3340251062636381, 0.599445642744536, 0.08584188227098036, -0.6691192493872848, -0.5185480989805876, -0.4798705828041324, 0.379405334831598, 0.10140654281824693, -0.16432103480122706], [0.5785907581876971, 0.46818330785137924, 0.4871853059313205, 0.0028867545212520537, 0.7043991492703953, 0.09100308793109499, -0.1880438423982082, -0.6435292728822288, -0.14389574240949984, -0.599347037516828, 0.09804573041339479, -0.11782234027691399, -0.4437731637768064, 0.04730443804317196]], "inverted": true, "swapped": false, "error_lsq": 0.040679470072543265, "error_max": 0.2790877640391641, "target": "661.xyz", "model": "25.xyz", "model_rescale": 4.100010024507729, "target_rescale": 3.774280492629647},
{"mapping": [6, 5, 10, 0, 7, 8, 9, 1, 4, 3, 11, 13], "R": [[0.17720959049707563, -0.7242910224781396, 0.6663327065313768], [-0.7606769776457265, -0.5303972777172103, -0.3742315639680002], [0.6244736157081593, -0.440546527108935, -0.6449429902996346]], "T": [-0.12917858458593778, -0.013646394348438208, -0.03335053779756623], "aligned_model": [[-0.7162364475759817, -0.14794307078293262, 0.44230695036307877, 0.5600587053298819, -0.6606591422543685, 0.12936551156146003, -0.19010921559612098, 0.6200400385560642, 0.21365779134870044, 0.10183568711343052, -0.48505683233683083, 0.00950562663662563], [-0.4612624338116477, -0.6872787446933087, -0.19070251251346507, -0.47692743620147476, 0.5350084788791145, 0.8290473551237952, 0.3082817958322637, 0.333966584537837, -0.11352301202723669, 0.45210964519624114, 0.1675847462924196, -0.030173076563898785], [-0.07815967582397229, 0.07437246863303965, 0.5031029082441518, -0.16573524708265056, 0.21248433535506783, 0.0759045292329496, 0.5217604526976481, -0.22099081958205824, -0.5786335969193567, -0.4545206082384433, -0.3683646552412497, 0.0439721985792304]], "inverted": false, "swapped": true, "error_lsq": 0.050876076474552466, "error_max": 0.23915448509835766, "target": "661.xyz", "model": "26.xyz", "model_rescale": 3.6694154284099745, "target_rescale": 3.774280492629647},
{"mapping": [8, 5, 10, 0, 4, 9, 11, 6, 1, 6, 7, 2, 12, 13], "R": [[-0.7615425063151211, -0.5960888273180978, -0.2544231141657905], [0.18620478163378804, 0.17477875636650841, -0.9668402999563528], [0.6207904560896511, -0.7836647856510537, -0.02210686224888353]], "T": [0.07499003013984248, -0.06956164576887616, 0.09440921123796928], "aligned_model": [[0.33231642801179817, -0.178686532298562, 0.15103080529508817, -0.5588041757899209, -0.37478528560796065, 0.7144961296792327, 0.15582539652214472, -0.16723811797016266, -0.3433696804351526, -0.16723811797016266, 0.45594550152751046, -0.419196127167369, 0.2457520869821465, 0.03204834873078168], [-0.09250564235835781, -0.7491420540437771, 0.4350502631381501, -0.22957027995017804, 0.2074400978733301, 0.16224176141729907, 0.7244157696580318, -0.19700680033721865, -0.7593085344823498, -0.19700680033721865, -0.5705516989575383, 0.3337692542622801, 0.2810489865147222, -0.0365543464622627], [0.6788866619653648, 0.4103161122064404, 0.4129611564457065, 0.19256971577231044, 0.7240938699776178, 0.04790475404138947, -0.2206161473905673, -0.5350935200068127, -0.26457691074091483, -0.5350935200068127, 0.09118118641389697, -0.14060966717240922, -0.5967096771091301, 0.07597311849314112]], "inverted": true, "swapped": false, "error_lsq": 0.0497868419446779, "error_max": 0.32127315861682026, "target": "661.xyz", "model": "27.xyz", "model_rescale": 4.103607728864725, "target_rescale": 3.774280492629647},
