[{"mapping": [5, 6, 0, 11, 1, 7, 3, 9, 2, 4, 10, 12], "R": [[0.5849413875345078, -0.3367566366498204, 0.7378607868842917], [-0.8093994096595283, -0.3008205077515067, 0.5043606029012706], [0.05211687626875139, -0.8922454761938707, -0.4485329881062943]], "T": [-0.13722441377227731, -0.03120006217394812, -0.019510192027411166], "aligned_model": [[-0.2590922870106397, 0.1375182936916615, 0.5145183120787864, -0.3735510046285596, -0.07664819283884824, -0.5045216207145032, 0.3525252165073721, -0.4030704356141096, 0.6848858891243781, 0.2484505739094577, -0.3500589374550314, -0.13331334458941538], [-0.3610521482269795, -0.6294254911697521, -0.18375858934929779, 0.5870077592931805, 0.2920286683312461, -0.7149307463191585, -0.39342007024487347, -0.3857205445034661, 0.09455206821965255, 0.5085721661643973, 0.31191097899302545, -0.07220901521091715], [-0.57170000433921, -0.10520652763897409, -0.5385994803227445, -0.054646882743460246, -0.5863579766572489, -0.03857953055758878, 0.5147504764957016, 0.576399107028293, 0.042422549640280416, 0.3623373944855797, 0.5514310068520603, 0.02970161311087373]], "inverted": true, "swapped": true, "error_lsq": 0.05531213610947588, "error_max": 0.3183241436229806, "target": "662.xyz", "model": "0.xyz", "model_rescale": 3.751011558992144, "target_rescale": 3.8035902132121566},
{"mapping": [13, 12, 2, 8, 0, 9, 5, 10, 11, 4, 1, 7, 14], "R": [[-0.9451186214568571, 0.21214644581544218, 0.24848476191381638], [0.32515808939810364, 0.5362741726200991, 0.7788980861958792], [0.03198450053487148, 0.8169479159092727, -0.5758238397435721]], "T": [-0.04422171711289452, 0.05184286855097701, 0.004846438410552252], "aligned_model": [[-0.3420926370409682, 0.37828607635537, -0.5144575706400838, -0.5190092356044642, 0.2229825290055653, -0.3005702760489554, -0.6405603091157561, -0.2856091701372162, 0.3856517904519904, -0.21970735064473623, 0.3161529627591115, 0.6006205346237536, -0.028261501057009905], [-0.31032913035444126, -0.42084165691835973, 0.35910773774663396, 0.49775420103989154, 0.6124860763677332, -0.5551270908167141, -0.10726536683448323, -0.33539257997234634, -0.5637055379214635, 0.39107191565106786, 0.6172753189936712, 0.13545487051417004, 0.0012521192555389332], [-0.549776457412038, -0.38249269970696026, -0.6019522466604028, 0.13196114244769766, -0.4307974561692849, 0.012752517772811096, -0.09081389880498274, 0.6861940391682215, 0.27510541737291355, 0.6974519653429474, 0.19485113185088734, -0.12501705646064218, -0.008925272904426176]], "inverted": true, "swapped": false, "error_lsq": 0.03715874316369963, "error_max": 0.24239698495835652, "target": "662.xyz", "model": "1.xyz", "model_rescale": 3.9405287249114394, "target_rescale": 3.8035902132121566},
{"mapping": [9, 11, 8, 4, 3, 5, 2, 2, 0, 1, 7, 6, 12], "R": [[0.17733396288517478, 0.47202123937179113, 0.8635673773304302], [0.9757060437185152, -0.1990272008004249, -0.0915745029618529], [0.12864828742973028, 0.8588271787289138, -0.4958482582584433]], "T": [-0.021783412889715477, 0.09109261227506535, -0.06205561548892926], "aligned_model": [[-0.3884375933797258, 0.30352705442229616, -0.5861319926653515, -0.410625123911194, 0.14888942710630232, -0.14679818614011822, -0.45719519036821354, -0.45719519036821354, 0.3593304380544332, -0.15557947846258136, 0.42377733824788094, 0.5170829149620172, -0.09721857459093142], [-0.24346928381873387, -0.4067243112060358, 0.30123764454117474, 0.6663058237632407, 0.5334758672548243, -0.6238677526874415, -0.287336957422759, -0.287336957422759, -0.4236371535093857, 0.2598155313534415, 0.7172846370064085, 0.04229297450523268, 0.07370081439369147], [-0.6976766949862819, -0.45444024769339586, -0.5499485504950233, 0.03606475437461688, -0.3813791441712023, -0.02628882392778569, 0.30040441311139116, 0.30040441311139116, 0.4789947417883619, 0.7000844777834029, 0.13356907202443868, -0.011091221540352657, -0.020156063542818937]], "inverted": false, "swapped": false, "error_lsq": 0.052544294819447605, "error_max": 0.33464380885215234, "target": "662.xyz", "model": "2.xyz", "model_rescale": 3.932901565614263, "target_rescale": 3.8035902132121566},
{"mapping": [12, 9, 10, 1, 11, 5, 6, 4, 7, 0, 3, 8, 13], "R": [[-0.6427284485143068, 0.623981832956734, 0.4444623871716783], [0.4731623567647242, 0.7796129056463794, -0.41026954735936916], [-0.6025093572810668, -0.053389039039527575, -0.7963241079480087]], "T": [-0.04875858039593239, 0.09566416120351162, 0.04756864282477483], "aligned_model": [[-0.31445588960724524, 0.3154862206270146, -0.450032083316231, -0.5077259759884207, 0.21507575322640526, -0.23092140894442265, -0.6635383309124816, -0.3579195992297838, 0.38150035382030045, -0.1542964296063905, 0.28485522911285677, 0.6429475709017606, -0.10754956717676115], [-0.29402235123528797, -0.4235361777614781, 0.28475319220450585, 0.6623190842497731, 0.6650813855886362, -0.5904203344195138, -0.16645525070451733, -0.3836079395274197, -0.3891281661960457, 0.3142101806605354, 0.4241171380059876, 0.18643613996323377, 0.031993975922489384], [-0.552997067202603, -0.3233082536452517, -0.5148994491683716, 0.17802840245446802, -0.5879344392629726, -0.0660291318698869, -0.09396415527360641, 0.7093421104346136, 0.34689487984514406, 0.6721082563854581, 0.25129872458945807, -0.18066319908359385, -0.029335552366114438]], "inverted": false, "swapped": false, "error_lsq": 0.03997163006287947, "error_max": 0.20628920292936997, "target": "662.xyz", "model": "3.xyz", "model_rescale": 3.9243930471874484, "target_rescale": 3.8035902132121566},
{"mapping": [2, 3, 0, 1, 5, 4, 7, 8, 10, 9, 11, 6, 12], "R": [[0.19244956393425475, 0.4588468853933878, -0.8674230231590021], [0.9585264800650195, 0.10146012398100115, 0.26633218028605543], [0.21021453887797392, -0.8827034490736667, -0.42029093332806233]], "T": [-0.0185611972352248, 0.013532102319481796, 0.08818961875087504], "aligned_model": [[-0.5192540453996489, 0.21981787568292027, -0.28193559690753894, -0.5652705844533533, 0.0867317614090987, -0.24116988376610166, -0.7795975654254206, -0.2619526234785706, 0.4458499201232316, -0.14597778368750075, 0.5255320257020747, 0.6001088110162002, -0.029456467908789988], [-0.34298962298788377, -0.3142244562649596, 0.23861277177910883, 0.4541132436948976, 0.6255018106801022, -0.5300646813169868, -0.22573354861781122, -0.2576539983669278, -0.42059980454002577, 0.38442492247632065, 0.4240920324175305, 0.18730298455458297, 0.09895922324295099], [-0.599860831066894, -0.449122605439347, -0.6885310332170294, -0.04279665447803714, -0.34543414522410004, 0.0026607993906115346, 0.007602067071929383, 0.6015657784446787, 0.39311505396301094, 0.6746117544431007, 0.4901065130699688, -0.2413063844329677, 0.00593081331181676]], "inverted": true, "swapped": false, "error_lsq": 0.03960011199191244, "error_max": 0.31560462946991485, "target": "662.xyz", "model": "4.xyz", "model_rescale": 3.8936222436046832, "target_rescale": 3.8035902132121566},
{"mapping": [7, 8, 5, 6, 1, 11, 10, 4, 3, 9, 0, 12], "R": [[0.8704900962286443, -0.4681551865274739, -0.1519135072838219], [0.18704807303221585, 0.029171866103233315, 0.9819175223016391], [-0.4552581803139626, -0.88316460728195, 0.1129613460513743]], "T": [-0.12579477889323706, 0.0003845326238151106, -0.002529157789621969], "aligned_model": [[0.09815314825959334, -0.5910459748941979, -0.2755072944657678, 0.36417654802202715, -0.6002917218885859, -0.6714390715617151, -0.16028761969189317, -0.05464885652533108, 0.6616526974637299, 0.27030491730105444, 0.05770374549734944, -0.07122247530116627], [-0.5226951283111936, -0.48550442510185576, 0.041615846211447385, 0.06549314233094505, 0.41749034912811084, 0.028815119303790514, -0.3207984421454644, 0.3246917806470619, 0.03862385070111429, -0.6096428618288832, 0.7234419626234789, -0.032608288448744735], [-0.5307275301662159, -0.1991414447678655, -0.638496065327192, -0.44568832657887164, -0.1767074877640567, 0.3726104998349883, 0.6176718695167446, 0.6871591055181229, 0.18443801330932963, 0.14726530510331898, -0.4037929346314903, 0.004693715228706088]], "inverted": true, "swapped": true, "error_lsq": 0.037068206537389875, "error_max": 0.25842571443437423, "target": "662.xyz", "model": "5.xyz", "model_rescale": 3.6523030999806103, "target_rescale": 3.8035902132121566},
{"mapping": [11, 9, 7, 3, 5, 10, 4, 2, 6, 1, 5, 8, 12], "R": [[-0.9827195905085799, -0.08024571348754457, -0.16680177426371764], [-0.015499425982118661, -0.8623027591177028, 0.5061558252279847], [-0.18445046550462849, 0.49999457705546396, 0.8461580518379849]], "T": [-0.051941484302426934, 0.00655480604733534, 0.016275630924875842], "aligned_model": [[-0.5821497736333503, 0.22905480277033555, -0.2818223590119638, -0.6141498853934817, 0.2730596684179524, -0.06427144498776613, -0.5501913265786652, -0.4495521819764557, 0.31694776416901144, -0.03097662885682142, 0.2730596684179524, 0.6177314179151243, -0.08331387834527125], [-0.2344624208191723, -0.32129438708981456, 0.35787813391115975, 0.4145160825523589, 0.5962272423881517, -0.7731582111504592, -0.27283595432286356, -0.18210169676267535, -0.34008496709335573, 0.34051184749648883, 0.5962272423881517, 0.037277952200588396, 0.10304001305234022], [-0.6435416691054682, -0.563568200111795, -0.5227464117029279, 0.02767797993774164, -0.08650665615346774, -0.0075702187937461834, 0.0693745915397821, 0.6347625679346939, 0.424180095366315, 0.6248871944825491, -0.08650665615346774, -0.04927888831261738, -0.012622603090849865]], "inverted": false, "swapped": false, "error_lsq": 0.05023532749812213, "error_max": 0.34581806636254336, "target": "662.xyz", "model": "6.xyz", "model_rescale": 4.08911054899281, "target_rescale": 3.8035902132121566},
{"mapping": [0, 1, 3, 4, 8, 2, 6, 7, 13, 5, 10, 11, 14], "R": [[-0.0816881226460025, 0.09066114160647826, -0.9925258727213018], [0.9271601589971443, -0.35844405813136115, -0.10904997367588626], [-0.3656515967242065, -0.9291385335852407, -0.05477677628435962]], "T": [0.015654065780813783, 0.06063004302735345, 0.023076776713072886], "aligned_model": [[-0.4863224166015691, 0.26465342209399983, -0.5199847528700482, -0.4560680519241102, 0.055214746888488854, -0.2547909014448319, -0.4501830512507244, -0.3712130543870539, 0.3895545930905148, -0.21969629199726615, 0.39733901454751297, 0.5981001449062644, 0.10682244185542364], [-0.3483490148051597, -0.46331417839384714, 0.26525076961244326, 0.5817329233566169, 0.6625967643238496, -0.6984353698418342, -0.10382856063756887, -0.3083970318277254, -0.47954712112760556, 0.4192029229008656, 0.626326948990158, 0.10772187779614771, 0.06077994640455846], [-0.6591342789678856, -0.42573034472145377, -0.5225172577776575, 0.0757979440254717, -0.2950741186916502, -0.0055372404691327315, -0.04828227688073808, 0.5829355213035056, 0.3460342806584949, 0.6527885587977608, 0.25454709656219576, -0.03233068638220383, -0.11495607161996528]], "inverted": true, "swapped": false, "error_lsq": 0.0403233138962658, "error_max": 0.22727804523359996, "target": "662.xyz", "model": "7.xyz", "model_rescale": 3.964800864290218, "target_rescale": 3.8035902132121566},
{"mapping": [12, 2, 11, 10, 6, 7, 9, 8, 1, 5, 3, 0, 13], "R": [[0.197537485384743, 0.08121184670240694, 0.9769255743520371], [0.950109262975655, -0.2612612192981614, -0.1703964896900635], [0.24139455311943203, 0.9618457315214447, -0.1287690121040265]], "T": [0.0025171874870804495, 0.035207606161129834, -0.08694733849712936], "aligned_model": [[-0.4991754225254293, 0.4331144916494467, -0.5184786667042184, -0.5281980056312646, 0.14349467816902106, -0.054798578852764394, -0.6844957160070925, -0.480203802141056, 0.3576035436007596, -0.16710641462069703, 0.3945581860699721, 0.7117223408513218, -0.05461079095139892], [-0.40889575757988394, -0.3383297773505429, 0.38324803304870525, 0.5579632272811178, 0.47439916559631595, -0.6720230560308063, 0.010242645554641105, -0.27010683779492134, -0.4511458263647239, 0.2866172115250897, 0.5984454640490848, 0.12272230145602783, 0.028604083360794803], [-0.43587665033739614, -0.4240890186872954, -0.629685309953958, 0.2597542008534267, -0.4387170705953464, -0.028699090917096395, -0.05163802013728079, 0.42766039355858004, 0.3608181241556128, 0.692213599247507, 0.14763669031626614, -0.03666214115449805, -0.03417458051177974]], "inverted": true, "swapped": false, "error_lsq": 0.04623046870501138, "error_max": 0.24173511193090902, "target": "662.xyz", "model": "8.xyz", "model_rescale": 4.121658175737393, "target_rescale": 3.8035902132121566},
{"mapping": [9, 5, 7, 8, 11, 4, 6, 1, 0, 2, 3, 10, 12], "R": [[-0.4989709112779596, 0.8664942240109874, 0.01468977379128995], [0.8645288200190575, 0.4965195957921421, 0.07783450617087599], [0.06014938948068231, 0.05153688727508275, -0.9968580642173172]], "T": [-0.07827189087595751, 0.0710194956217102, -0.05586829210466268], "aligned_model": [[-0.5716960683426624, 0.277253157491433, -0.2411904472857251, -0.5792580313291551, 0.10020126556986578, -0.17080034328601001, -0.7608362861823004, -0.2550598055141402, 0.3949661123719769, -0.12238956927787398, 0.4256778268092051, 0.6586000054461195, -0.10204197356413242], [-0.40282848146939776, -0.29239867466480607, 0.277067640513727, 0.5926778259763218, 0.6441762424376688, -0.8061799365667228, -0.028073338493218927, -0.3027110540682826, -0.39403467442124585, 0.30420763357097536, 0.5351096138123117, 0.17537379024680821, 0.019354289876760022], [-0.5304106956187403, -0.4069339266585761, -0.6773283602322303, 0.03038025091345166, -0.2624372892003446, 0.04456855064547616, 0.01097859698623388, 0.4954965827103994, 0.3667363154540382, 0.5968363682364944, 0.3357169932584374, -0.20623723902978172, 0.011174978371883429]], "inverted": false, "swapped": false, "error_lsq": 0.03701167055901484, "error_max": 0.18815184329784693, "target": "662.xyz", "model": "9.xyz", "model_rescale": 3.833441315466971, "target_rescale": 3.8035902132121566},
{"mapping": [3, 2, 4, 6, 5, 9, 7, 11, 8, 12, 0, 13, 14], "R": [[-0.060433385011603946, -0.6711100108604393, 0.7388904920886049], [-0.03419496860467336, -0.7384170448723357, -0.6734767790830896], [0.9975863421770393, -0.06596681866596482, 0.021676455820245966]], "T": [-0.07830675760198853, 0.12741696275943043, 0.10598587967397331], "aligned_model": [[-0.4429124484190867, 0.26085074208091213, -0.4794796722688412, -0.5759818837438794, 0.23778732086639054, -0.02847831315335876, -0.557350729238055, -0.3271442743063226, 0.21758507194911997, -0.28783645200153946, 0.46078267243822063, 0.6703610385620178, -0.09475722985897715], [-0.2979474691758184, -0.21760498983417903, 0.3969343328760446, 0.5826607103862179, 0.42936055144735397, -0.6364155220970675, -0.3335956928404957, -0.21230610874925915, -0.5432342532776147, 0.4562723361827056, 0.5168520370785608, 0.13032118079945243, 0.05044376395499785], [-0.5576779207670497, -0.4255988243619603, -0.5283115740757365, 0.026599689997894485, -0.410105007936431, -0.16231840231662886, 0.1495540033157339, 0.6426470446642236, 0.37100349042780717, 0.5653022280072783, 0.2527709981725544, -0.16819405744608834, 0.05286945815514475]], "inverted": false, "swapped": false, "error_lsq": 0.04488452689702923, "error_max": 0.257883201612062, "target": "662.xyz", "model": "10.xyz", "model_rescale": 4.2482417240324, "target_rescale": 3.8035902132121566},
{"mapping": [7, 6, 0, 2, 8, 11, 5, 4, 3, 10, 9, 12], "R": [[0.010248536118766305, 0.4350275544159438, -0.9003588142547978], [0.9968696838150595, 0.06614628074148843, 0.04330707834213235], [0.07839515927584903, -0.8979842406428697, -0.4329878780741593]], "T": [-0.014680842494834465, 0.15050010289967442, 0.03450266182039611], "aligned_model": [[-0.7156221791783625, -0.14707252688830968, 0.4277833997077176, 0.7205886410572643, -0.5605666698777599, 0.16244498000600477, -0.2994969597683396, 0.6097605928525173, 0.1559304726764027, 0.008314239428322198, -0.44863774741305495, -0.03666064023939548], [-0.18262455696155394, -0.4961591319562769, -0.3723944203459244, -0.2339772728571622, 0.5492073030782041, 0.7872700925038102, -0.05739022026730542, 0.3664652106632442, -0.4172247517095382, 0.5679677058050981, 0.03851515618321008, 0.11647627591483392], [0.056129725002117194, 0.10525120963625406, 0.532802858557786, -0.04958388291776424, 0.2195550273798106, 0.08365729991601098, 0.5860723844275121, -0.3519411244984603, -0.5178312635646076, -0.5260235198621586, -0.5576185663111849, -0.015277857910958807]], "inverted": false, "swapped": true, "error_lsq": 0.044033560185564945, "error_max": 0.21805128666966941, "target": "662.xyz", "model": "11.xyz", "model_rescale": 3.6694154284099745, "target_rescale": 3.8035902132121566},
{"mapping": [5, 6, 7, 10, 9, 0, 12, 1, 4, 2, 8, 11, 13], "R": [[-0.9665655229940378, 0.13248923315371242, -0.21953972956529694], [0.08266597305416211, -0.649457229019399, -0.7558912915052354], [-0.2427291219822439, -0.7487669268689592, 0.6167906148515425]], "T": [-0.07233715635577194, 0.012202346413127396, -0.0268266286678479], "aligned_model": [[-0.48365465342938196, 0.16920926542543624, -0.2840839595657923, -0.438241574233525, 0.19371084413497086, -0.1731163796150203, -0.7402261879168135, -0.247081925554961, 0.4454171671489611, -0.24854616796702206, 0.3149839644407614, 0.6238231121681121, -0.07876766212912492], [-0.37059803017176646, -0.3100133640767315, 0.32450861507120005, 0.5306960452710776, 0.7201557220523227, -0.6921777055121534, -0.03720885987638914, -0.32505628723325986, -0.40645114364857976, 0.28109900221159584, 0.5406214139250722, 0.1649600145849605, -0.09879454584645019], [-0.600283323427135, -0.42392509944289386, -0.6669777079895599, -0.05523487624819461, -0.29646851385268924, 0.039732781143686675, 0.0882875515184259, 0.729608678394201, 0.29618786868730274, 0.5414677898510245, 0.35179388026664427, -0.21932240589564092, 0.023674502831569993]], "inverted": true, "swapped": false, "error_lsq": 0.0373775389155687, "error_max": 0.2053104839268679, "target": "662.xyz", "model": "12.xyz", "model_rescale": 3.9764082729961374, "target_rescale": 3.8035902132121566},
{"mapping": [2, 9, 7, 3, 4, 1, 8, 10, 12, 14, 6, 5, 15], "R": [[0.9574783703147074, -0.13318690957036652, -0.2559226787500225], [0.16230204185219546, 0.9820461815290413, 0.09614231407053543], [0.23852299174314495, -0.13359095951195316, 0.9619044848354619]], "T": [-0.0051479661908281765, 0.014378756459093912, 0.034955209999613976], "aligned_model": [[-0.4797306108311276, 0.34578714344848416, -0.3690880087619076, -0.683805033481986, 0.20117865307632604, -0.17070547773537936, -0.6943570652442539, -0.383769862277578, 0.2874730060663755, -0.1558585442638029, 0.4292491408538618, 0.762263885554387, -0.03521138349679828], [-0.33708616805667846, -0.3386245543616292, 0.3202900963598538, 0.5072602378542109, 0.544971368709659, -0.5938988020351567, -0.13511779648536612, -0.5453852538842796, -0.4725569906561162, 0.5701612875127792, 0.5779986136933698, 0.10846241679851744, 0.1152664213017352], [-0.501238070588143, -0.30228704401027995, -0.5524114527047591, 0.10521101137666229, -0.4029540588976499, -0.041932373292130884, 0.08285547188029997, 0.47022134868518106, 0.32560978114011574, 0.5892115941825463, 0.31296710834508074, -0.2891608502208482, 0.012448659940667052]], "inverted": false, "swapped": false, "error_lsq": 0.0418838656792149, "error_max": 0.24602522758412318, "target": "662.xyz", "model": "13.xyz", "model_rescale": 4.170626492500431, "target_rescale": 3.8035902132121566},
{"mapping": [7, 0, 8, 12, 4, 1, 10, 9, 3, 11, 6, 2, 13], "R": [[0.5538832899794404, 0.0009043715895077657, 0.8325938284623418], [0.01632280667301706, -0.9998190134019691, -0.009772738727124319], [0.8324343019505303, 0.01900322477742704, -0.5537978064096969]], "T": [-0.020381840009911285, 0.056192191897649915, -0.03104033719434398], "aligned_model": [[-0.4868085245460335, 0.16577295543814394, -0.459423515914924, -0.4746928779270112, 0.12094620139142773, -0.04159192037648693, -0.5815444447410102, -0.4534995234557402, 0.39237907287911966, -0.16827706978302176, 0.4567883007106088, 0.6035514208772343, -0.02017423164570597], [-0.40290619507904896, -0.3180490487747154, 0.26987338967720503, 0.6299178277547118, 0.5895872611312976, -0.7115615120932505, 0.024237158996205446, -0.40940156827147955, -0.23102639693703642, 0.1758615315448852, 0.5125624799589318, 0.0820274422631686, 0.11061850658002412], [-0.5096890830579908, -0.4566555301087698, -0.5906286191829287, -0.04314392233553851, -0.47666261606279803, -0.0007277590386915618, 0.017987327429878498, 0.4708938828404814, 0.4407726717919584, 0.6497429626080962, 0.49003939183923595, -0.2383372089354012, 0.05494962804921042]], "inverted": true, "swapped": false, "error_lsq": 0.045211471229048006, "error_max": 0.26533037205654497, "target": "662.xyz", "model": "14.xyz", "model_rescale": 3.9786697098870705, "target_rescale": 3.8035902132121566},
{"mapping": [8, 11, 9, 7, 10, 3, 1, 2, 6, 5, 4, 12], "R": [[-0.8170995226526352, -0.02039988392753067, 0.5761355871811592], [-0.1595212964750907, 0.9683528861110331, -0.19195219178571207], [-0.5539867562060864, -0.24874994009280854, -0.7944948969326877]], "T": [-0.01199086572383054, -0.04721758449935042, -0.007828174006731782], "aligned_model": [[-0.08938906657766366, -0.6250837153039963, 0.4839663813989604, 0.6207952918987907, -0.189041706332326, 0.5086494903856322, -0.47918748262673616, -0.07715782350356279, 0.5495521703079626, 0.14227091087198168, -0.40341556973034964, 0.0413957159786435], [-0.5596566522912245, -0.047318500277773005, 0.18033035715854254, -0.4453644816400823, 0.3711261121170382, 0.5537887915914476, -0.37518646198736477, 0.49528488365536083, -0.1153901483817987, -0.6351671613452262, 0.60918068572753, -0.016952934102010445], [-0.4796532118290829, -0.25958778695733775, -0.5115295892270798, -0.2171586623729104, -0.5394663262879967, 0.14779140067825372, 0.31408243200068314, 0.6222186120160343, 0.3396239829256556, 0.23524869735370166, 0.03500692691544862, -0.02660998134153954]], "inverted": false, "swapped": true, "error_lsq": 0.0499000026226479, "error_max": 0.2608170914728754, "target": "662.xyz", "model": "15.xyz", "model_rescale": 3.769337070930944, "target_rescale": 3.8035902132121566},
{"mapping": [5, 0, 8, 11, 7, 6, 9, 3, 10, 4, 12], "R": [[-0.5732498302545008, 0.29899107473165676, 0.7628820153496835], [0.7978154212730657, -0.008526572564855672, 0.6028414809377147], [0.18674899114069332, 0.9542178130757699, -0.23365183396846728]], "T": [-0.12230816310884257, 0.06390008583706185, -0.019432533590077017], "aligned_model": [[-0.20930141077191017, -0.4208566120706367, -0.14106545687875138, -0.5838697190608307, 0.43094212414773597, 0.24202422229804377, 0.5611244446984365, 0.4317021011530268, 0.00907528826229903, -0.3369003567373584, -0.060248494348883824], [-0.05868201031218638, -0.6985915427223611, 0.649725324002901, 0.48187219258865666, 0.16364530777836128, -0.409150497653513, 0.3185672328383964, -0.3885672950680004, 0.5011651105476197, -0.021221626335203594, 0.057302301960672104], [-0.6565930868157188, -0.23616212117780827, -0.40369819725161943, 0.20756086531873288, -0.5548982530265413, -0.3095810120317765, 0.12032184825637954, 0.36114386195505443, 0.5102232607618393, 0.710369712559528, -0.004469271324292996]], "inverted": false, "swapped": true, "error_lsq": 0.05125697342691699, "error_max": 0.22775253904097337, "target": "662.xyz", "model": "16.xyz", "model_rescale": 3.7852294659196426, "target_rescale": 3.8035902132121566},
{"mapping": [9, 8, 0, 4, 3, 11, 10, 6, 7, 5, 1, 2, 12], "R": [[-0.31106993669296307, 0.6935897852648911, -0.6497451071474399], [0.6480728021692916, 0.6548645472499917, 0.3887853750380864], [0.6951526002068021, -0.3001426902845806, -0.6532053489481361]], "T": [-0.02741320101492921, 0.06440318709253309, -0.04756176561785402], "aligned_model": [[-0.5081452435125378, 0.10350984549941324, -0.38565552587618795, -0.4790946576073104, 0.358653051298259, 0.14219991367604795, -0.7572521044862229, -0.35836186058491537, 0.26248258108765965, -0.1659749476627576, 0.3496847449386204, 0.5774193432143478, -0.08603929707781555], [-0.3860660125487284, -0.22775788876318268, 0.4010577989549985, 0.5822083988353335, 0.6007202187490409, -0.6491258997413024, -0.23761978208247428, -0.3922646305056513, -0.2324782673512674, 0.3370718369850225, 0.5534616475892237, -0.02313313470569489, -0.004333408664419086], [-0.6072366614301282, -0.6147539490078434, -0.520925541934182, 0.12462507926924138, -0.4900685582691737, -0.05386319404096323, 0.11172532221311923, 0.6375081030823577, 0.5174593337252442, 0.534384503630513, 0.2571891418808608, -0.02302593798873869, -0.06447651529356513]], "inverted": true, "swapped": false, "error_lsq": 0.04829353964943712, "error_max": 0.31578224419958173, "target": "662.xyz", "model": "17.xyz", "model_rescale": 3.901054581598922, "target_rescale": 3.8035902132121566},
{"mapping": [13, 12, 2, 8, 0, 9, 5, 10, 11, 4, 1, 7, 14], "R": [[-0.9451186214568571, 0.21214644581544218, 0.24848476191381638], [0.32515808939810364, 0.5362741726200991, 0.7788980861958792], [0.03198450053487148, 0.8169479159092727, -0.5758238397435721]], "T": [-0.04422171711289452, 0.05184286855097701, 0.004846438410552252], "aligned_model": [[-0.3420926370409682, 0.37828607635537, -0.5144575706400838, -0.5190092356044642, 0.2229825290055653, -0.3005702760489554, -0.6405603091157561, -0.2856091701372162, 0.3856517904519904, -0.21970735064473623, 0.3161529627591115, 0.6006205346237536, -0.028261501057009905], [-0.31032913035444126, -0.42084165691835973, 0.35910773774663396, 0.49775420103989154, 0.6124860763677332, -0.5551270908167141, -0.10726536683448323, -0.33539257997234634, -0.5637055379214635, 0.39107191565106786, 0.6172753189936712, 0.13545487051417004, 0.0012521192555389332], [-0.549776457412038, -0.38249269970696026, -0.6019522466604028, 0.13196114244769766, -0.4307974561692849, 0.012752517772811096, -0.09081389880498274, 0.6861940391682215, 0.27510541737291355, 0.6974519653429474, 0.19485113185088734, -0.12501705646064218, -0.008925272904426176]], "inverted": true, "swapped": false, "error_lsq": 0.03715874316369963, "error_max": 0.24239698495835652, "target": "662.xyz", "model": "18.xyz", "model_rescale": 3.9405287249114394, "target_rescale": 3.8035902132121566},
{"mapping": [13, 11, 7, 4, 8, 14, 12, 3, 10, 1, 6, 5, 15], "R": [[-0.8034522589725673, -0.15488611799722407, 0.5748693399405025], [0.5795985676620818, 0.017284257240815892, 0.8147188194804984], [-0.13612482476000526, 0.9877811219614312, 0.07588469661713476]], "T": [-0.13233711798063524, 0.061888539541681636, -0.03734061844381963], "aligned_model": [[-0.37558285066991387, 0.24943933867652435, -0.2633056378013303, -0.6971562648041314, 0.19361183589373615, -0.2971605010802598, -0.6133816148948028, -0.2502963458714142, 0.3043179466672232, -0.09436558911247869, 0.347797180344443, 0.6479622874862527, -0.0984539419272476], [-0.35014745166209593, -0.4447132274159763, 0.3876784086965084, 0.5096672111412474, 0.7155572533433305, -0.6925562062072614, -0.06972857154116699, -0.35184131008922925, -0.5247519753893523, 0.27419253808549104, 0.5544294874558338, 0.2648449395275838, 0.049109780805985964], [-0.5089206231653342, -0.37912211115151323, -0.6475321923887569, -0.1603797230333146, -0.23418230000811166, 0.02084305685770324, 0.18940194542144428, 0.6977388513781586, 0.2509115241420633, 0.5863617137445117, 0.25447769111185825, -0.24032874689386327, -0.020727960178103667]], "inverted": true, "swapped": false, "error_lsq": 0.04436083008024971, "error_max": 0.2524865845140016, "target": "662.xyz", "model": "19.xyz", "model_rescale": 4.410303926677745, "target_rescale": 3.8035902132121566},
{"mapping": [12, 2, 11, 10, 6, 7, 9, 8, 1, 5, 3, 0, 13], "R": [[0.197537485384743, 0.08121184670240694, 0.9769255743520371], [0.950109262975655, -0.2612612192981614, -0.1703964896900635], [0.24139455311943203, 0.9618457315214447, -0.1287690121040265]], "T": [0.0025171874870804495, 0.035207606161129834, -0.08694733849712936], "aligned_model": [[-0.4991754225254293, 0.4331144916494467, -0.5184786667042184, -0.5281980056312646, 0.14349467816902106, -0.054798578852764394, -0.6844957160070925, -0.480203802141056, 0.3576035436007596, -0.16710641462069703, 0.3945581860699721, 0.7117223408513218, -0.05461079095139892], [-0.40889575757988394, -0.3383297773505429, 0.38324803304870525, 0.5579632272811178, 0.47439916559631595, -0.6720230560308063, 0.010242645554641105, -0.27010683779492134, -0.4511458263647239, 0.2866172115250897, 0.5984454640490848, 0.12272230145602783, 0.028604083360794803], [-0.43587665033739614, -0.4240890186872954, -0.629685309953958, 0.2597542008534267, -0.4387170705953464, -0.028699090917096395, -0.05163802013728079, 0.42766039355858004, 0.3608181241556128, 0.692213599247507, 0.14763669031626614, -0.03666214115449805, -0.03417458051177974]], "inverted": true, "swapped": false, "error_lsq": 0.04623046870501138, "error_max": 0.24173511193090902, "target": "662.xyz", "model": "20.xyz", "model_rescale": 4.121658175737393, "target_rescale": 3.8035902132121566},
{"mapping": [11, 9, 7, 3, 5, 10, 4, 2, 6, 1, 5, 8, 12], "R": [[-0.9827195905085799, -0.08024571348754457, -0.16680177426371764], [-0.015499425982118661, -0.8623027591177028, 0.5061558252279847], [-0.18445046550462849, 0.49999457705546396, 0.8461580518379849]], "T": [-0.051941484302426934, 0.00655480604733534, 0.016275630924875842], "aligned_model": [[-0.5821497736333503, 0.22905480277033555, -0.2818223590119638, -0.6141498853934817, 0.2730596684179524, -0.06427144498776613, -0.5501913265786652, -0.4495521819764557, 0.31694776416901144, -0.03097662885682142, 0.2730596684179524, 0.6177314179151243, -0.08331387834527125], [-0.2344624208191723, -0.32129438708981456, 0.35787813391115975, 0.4145160825523589, 0.5962272423881517, -0.7731582111504592, -0.27283595432286356, -0.18210169676267535, -0.34008496709335573, 0.34051184749648883, 0.5962272423881517, 0.037277952200588396, 0.10304001305234022], [-0.6435416691054682, -0.563568200111795, -0.5227464117029279, 0.02767797993774164, -0.08650665615346774, -0.0075702187937461834, 0.0693745915397821, 0.6347625679346939, 0.424180095366315, 0.6248871944825491, -0.08650665615346774, -0.04927888831261738, -0.012622603090849865]], "inverted": false, "swapped": false, "error_lsq": 0.05023532749812213, "error_max": 0.34581806636254336, "target": "662.xyz", "model": "21.xyz", "model_rescale": 4.08911054899281, "target_rescale": 3.8035902132121566},
{"mapping": [15, 2, 11, 5, 8, 14, 9, 12, 13, 10, 6, 0, 16], "R": [[-0.09330901782646567, -0.8308309600823152, -0.5486468289901615], [-0.6450681797815676, 0.47019944462397134, -0.6023284201402127], [0.7584065338758336, 0.2977119380273623, -0.5798164634868834]], "T": [0.007152431858090641, -0.021793593890351196, -0.051838882444579834], "aligned_model": [[-0.3378767608409673, 0.2579826653544992, -0.38573023472437207, -0.4932367480328266, 0.025701390170632887, -0.3470469662995077, -0.6533619036659716, -0.22741850910790662, 0.3047081367677835, -0.25933930119800375, 0.35377079699485103, 0.7653268960898961, 0.04994638139849364], [-0.3151373406379591, -0.43947874660598146, 0.32695082097075506, 0.4606946373391061, 0.610295170217395, -0.5535837744989015, -0.03342434475633051, -0.36141061477631636, -0.42762197519987305, 0.3597702877568053, 0.5954238025908218, 0.13399024377726182, -0.03472728942588413], [-0.6231630639069831, -0.5846400991645782, -0.6085377001734175, 0.06876306331639477, -0.3362360492629835, 0.007865188607436693, 0.21486910349513466, 0.5602119804850902, 0.3765229896071089, 0.6073474111402087, 0.18153318739731644, -0.02049760155753981, -0.03549728414644618]], "inverted": false, "swapped": false, "error_lsq": 0.04013775013351181, "error_max": 0.20248767742444576, "target": "662.xyz", "model": "22.xyz", "model_rescale": 4.204369325754507, "target_rescale": 3.8035902132121566},
{"mapping": [13, 11, 7, 4, 8, 14, 12, 3, 10, 1, 6, 5, 15], "R": [[-0.8034522589725673, -0.15488611799722407, 0.5748693399405025], [0.5795985676620818, 0.017284257240815892, 0.8147188194804984], [-0.13612482476000526, 0.9877811219614312, 0.07588469661713476]], "T": [-0.13233711798063524, 0.061888539541681636, -0.03734061844381963], "aligned_model": [[-0.37558285066991387, 0.24943933867652435, -0.2633056378013303, -0.6971562648041314, 0.19361183589373615, -0.2971605010802598, -0.6133816148948028, -0.2502963458714142, 0.3043179466672232, -0.09436558911247869, 0.347797180344443, 0.6479622874862527, -0.0984539419272476], [-0.35014745166209593, -0.4447132274159763, 0.3876784086965084, 0.5096672111412474, 0.7155572533433305, -0.6925562062072614, -0.06972857154116699, -0.35184131008922925, -0.5247519753893523, 0.27419253808549104, 0.5544294874558338, 0.2648449395275838, 0.049109780805985964], [-0.5089206231653342, -0.37912211115151323, -0.6475321923887569, -0.1603797230333146, -0.23418230000811166, 0.02084305685770324, 0.18940194542144428, 0.6977388513781586, 0.2509115241420633, 0.5863617137445117, 0.25447769111185825, -0.24032874689386327, -0.020727960178103667]], "inverted": true, "swapped": false, "error_lsq": 0.04436083008024971, "error_max": 0.2524865845140016, "target": "662.xyz", "model": "23.xyz", "model_rescale": 4.410303926677745, "target_rescale": 3.8035902132121566},
{"mapping": [12, 13, 5, 4, 15, 7, 0, 1, 11, 10, 9, 14, 16], "R": [[0.5519509606159185, 0.4408964475299576, 0.7077856028704088], [-0.2996675157281855, -0.6872119285103971, 0.6617697071718519], [0.7781706220954776, -0.5773647788603703, -0.247184940963347]], "T": [-0.06831551557895539, 0.06705826855928249, -0.006436889960980402], "aligned_model": [[-0.42829846565106106, 0.2273775096832354, -0.3806188513127688, -0.5314161176834088, 0.2782693975821742, -0.11488019520718824, -0.7193590758388847, -0.3510409344229237, 0.3680512031200908, -0.07451538168001878, 0.3670627330249794, 0.5800053226292972, -0.16721130133692233], [-0.2741499033537607, -0.3881375858238171, 0.35785018354993586, 0.5673978845140126, 0.5861129910863621, -0.5931077710880144, -0.2953182685619714, -0.40311730907769866, -0.15900890148567284, 0.3514720164083123, 0.4553642346171238, 0.06331131070468726, 0.0530719952614001], [-0.6390229266870849, -0.45314595948259917, -0.4685069302076233, 0.08886512485463727, -0.35252254962658675, 0.056359824840206844, -0.12977114746574572, 0.6533635444914161, 0.392560864481893, 0.579100750136061, 0.22178283091090448, -0.20090035970895162, 0.06037805930021494]], "inverted": false, "swapped": false, "error_lsq": 0.03591478739635215, "error_max": 0.24438692612850865, "target": "662.xyz", "model": "24.xyz", "model_rescale": 4.28219845311461, "target_rescale": 3.8035902132121566},
{"mapping": [5, 1, 10, 12, 6, 3, 9, 7, 4, 13, 2, 0, 15], "R": [[-0.10390016377793412, 0.4763241271429681, -0.8731094329283177], [-0.06700911315545349, 0.8725134992035055, 0.48397311130038456], [0.9923278363126969, 0.10879117431641372, -0.05873623813130683]], "T": [-0.13645998938365966, 0.07599628003736436, -0.017293960398073793], "aligned_model": [[-0.5056527170138894, 0.12357088919679698, -0.2792747820031925, -0.7267957168164555, 0.42624180487519003, -0.06655816973409229, -0.7021281873881192, -0.2831207484427846, 0.3787430640679982, -0.2284759542376299, 0.30581087235180743, 0.6735256819356601, -0.062460193884688986], [-0.3234551494208573, -0.38113106360757737, 0.5670722794991601, 0.49050817198310004, 0.5549545930134916, -0.6940467721446095, -0.26987561491982326, -0.3168639935200845, -0.27607599480949957, 0.2911368762682551, 0.5278380708009063, 0.07665564160036592, 0.0750238320080713], [-0.6725923399801359, -0.3823911155820967, -0.6240501854090057, 0.23589277026722566, -0.533203603775628, 0.02953314986696, 0.1141054533143982, 0.6382191462312239, 0.3638352828042219, 0.5287500332530004, 0.24541406263754345, -0.1146435856440224, -0.02032794214694318]], "inverted": false, "swapped": false, "error_lsq": 0.041502297945082214, "error_max": 0.2881691966896994, "target": "662.xyz", "model": "25.xyz", "model_rescale": 4.100010024507729, "target_rescale": 3.8035902132121566},
{"mapping": [7, 6, 0, 2, 8, 11, 5, 4, 3, 10, 9, 12], "R": [[0.010248536118766305, 0.4350275544159438, -0.9003588142547978], [0.9968696838150595, 0.06614628074148843, 0.04330707834213235], [0.07839515927584903, -0.8979842406428697, -0.4329878780741593]], "T": [-0.014680842494834465, 0.15050010289967442, 0.03450266182039611], "aligned_model": [[-0.7156221791783625, -0.14707252688830968, 0.4277833997077176, 0.7205886410572643, -0.5605666698777599, 0.16244498000600477, -0.2994969597683396, 0.6097605928525173, 0.1559304726764027, 0.008314239428322198, -0.44863774741305495, -0.03666064023939548], [-0.18262455696155394, -0.4961591319562769, -0.3723944203459244, -0.2339772728571622, 0.5492073030782041, 0.7872700925038102, -0.05739022026730542, 0.3664652106632442, -0.4172247517095382, 0.5679677058050981, 0.03851515618321008, 0.11647627591483392], [0.056129725002117194, 0.10525120963625406, 0.532802858557786, -0.04958388291776424, 0.2195550273798106, 0.08365729991601098, 0.5860723844275121, -0.3519411244984603, -0.5178312635646076, -0.5260235198621586, -0.5576185663111849, -0.015277857910958807]], "inverted": false, "swapped": true, "error_lsq": 0.044033560185564945, "error_max": 0.21805128666966941, "target": "662.xyz", "model": "26.xyz", "model_rescale": 3.6694154284099745, "target_rescale": 3.8035902132121566},
{"mapping": [1, 7, 6, 2, 12, 5, 0, 4, 8, 10, 9, 9, 13], "R": [[-0.6889019052650392, -0.685853780696741, -0.23456077341743578], [-0.2926280225450302, 0.5592051011370028, -0.7756664845690704], [0.663161372023118, -0.46571906377809064, -0.5859374952075304]], "T": [-0.04399533154123405, 0.03246482669382568, -0.004996260650807254], "aligned_model": [[-0.48602943059830783, 0.34467836017493825, -0.3542311593216262, -0.5704344521811331, 0.03862369355119822, -0.2450805063018175, -0.6587314595646446, -0.42418734636215866, 0.2792704650688626, 0.057375411995339194, 0.5808199681513645, 0.5808199681513645, -0.08946766985677881], [-0.33460094609991464, -0.3298819493229142, 0.28976412694219517, 0.4511152265855163, 0.7419662399531708, -0.7190192277940194, -0.20867009728597058, -0.16642432413939218, -0.31567216687053856, 0.2473201232277062, 0.2999077801223752, 0.2999077801223752, 0.06602831131030922], [-0.6754552283810363, -0.3422885671098192, -0.5606411409993134, 0.09361074282105612, -0.3507051766961089, -0.14927019475938183, 0.02478266601192518, 0.6960227887595306, 0.4223877012430087, 0.5476807642007938, 0.04925909301881397, 0.04925909301881397, 0.0038985847084591196]], "inverted": true, "swapped": false, "error_lsq": 0.054478684904416125, "error_max": 0.371395210250846, "target": "662.xyz", "model": "27.xyz", "model_rescale": 4.103607728864725, "target_rescale": 3.8035902132121566},
{"mapping": [9, 0, 6, 11, 7, 3, 10, 12, 2, 13, 8, 1, 14], "R": [[0.37832141668232877, 0.6413811790193913, -0.6674601777478351], [0.4364986848973038, 0.5122469333949959, 0.7396431418666352], [0.8162976195986367, -0.5711683310786047, -0.08616805562667308]], "T": [-0.18241799439201561, 0.05028272015933113, -0.010814917972470627], "aligned_model": [[-0.4437741332676089, 0.24680810377454282, -0.4719615681243176, -0.49180476812430746, 0.1903819044681057, -0.10298469657452314, -0.6524839457802605, -0.24373177774828403, 0.3054297122545248, -0.20946447574210564, 0.2791928613638693, 0.6870807477224756, -0.03926212131551038], [-0.24719030697601593, -0.4126978464162415, 0.3641164001066167, 0.6585537868116331, 0.5828917621871792, -0.6921112059390712, -0.13661735739967462, -0.4287014584351308, -0.3427106113072764, 0.31022231982395376, 0.6915514496965778, -0.01831483199577503, -0.007251223405876854], [-0.72728312581701, -0.3441401234516253, -0.47872538279767773, 0.0688554477382627, -0.32295124928211627, 0.06711108703770964, -0.07311771614120641, 0.6991909930955044, 0.37503681880549106, 0.5821205130202103, 0.208205197936149, -0.21606390182991592, -0.029697432477033804]], "inverted": false, "swapped": false, "error_lsq": 0.03644156256206337, "error_max": 0.18656758223042585, "target": "662.xyz", "model": "28.xyz", "model_rescale": 4.137296879288765, "target_rescale": 3.8035902132121566},
