[{"mapping": [0, 1, 8, 12, 15, 9, 5, 4, 6, 3, 10, 16], "R": [[-0.5809624924461666, -0.3812622964252617, -0.7191117046017774], [-0.7878144445051587, 0.04139425304452837, 0.6145200703344964], [-0.2045262413475752, 0.9235396998177294, -0.3244124526907251]], "T": [0.12238727993106267, 0.02371356239262888, -0.09567775360647358], "aligned_model": [[-0.2414765288842674, 0.1483304215036903, 0.3650105771037644, -0.23981377146627375, -0.2353228268295669, -0.6000773230531177, 0.37948250633082814, -0.18801608354393617, 0.7174889135467118, 0.21159457361007128, -0.5583342304102029, 0.07877623455284814], [-0.3740738527964109, -0.7001800989807728, -0.4355204699626053, 0.5431321948057086, 0.44386495089480404, -0.4340380826903843, -0.22542832170089228, -0.45832647652422176, 0.23494543375747462, 0.26715003765849704, 0.12907245797504613, 0.06295726354081405], [-0.5098249192045636, 0.04962661121889832, -0.5381002819475798, -0.020384559521159654, -0.7257491370215169, 0.02853992140384133, 0.5205796950482219, 0.4565895482018114, 0.1778983885956834, 0.4892106805339388, 0.34782508717825555, -0.09425928913226878]], "inverted": true, "swapped": true, "error_lsq": 0.04451563879806855, "error_max": 0.28199191443728144, "target": "663.xyz", "model": "0.xyz", "model_rescale": 3.751011558992144, "target_rescale": 4.2072068872151895},
{"mapping": [5, 6, 1, 4, 14, 0, 13, 3, 8, 11, 15, 12, 10, 9, 16], "R": [[0.6064722308098847, -0.7263315792638313, -0.3234715910564494], [-0.7889091245755121, -0.6003862624735873, -0.13099133175327238], [-0.09906475870853951, 0.33463229491055635, -0.9371272062985437]], "T": [-0.0023925532254432252, -0.10107811616162267, -0.05269318306352773], "aligned_model": [[0.2062951433572937, 0.24206192368343948, -0.4177530387983264, 0.08678423793193756, -0.4411130242877326, -0.5120029591534648, 0.7274981311578175, 0.5591175787844859, -0.6702685003897559, -0.022728907195488687, -0.0839530312225888, 0.47352760931530463, 0.4850366503190088, -0.1265880953686198, 0.03317249295572379], [0.04269856266229356, -0.579213268769353, 0.30324595892992284, 0.5839349815538903, -0.499014681832057, 0.2433657535717117, -0.5146926024737748, -0.09135953987674068, -0.20875834558085393, 0.39911414921776245, -0.25934412439453725, -0.05974912048261541, 0.5319812440310996, 0.743306430473432, -0.08675804720307478], [-0.7188167367613134, -0.48308550171537196, -0.5107391931264647, -0.44831494143789224, 0.2937019535868178, 0.23679814425788137, 0.08883296436663222, -0.3591661183315754, -0.14127276185871068, 0.5527011465514036, 0.7657036748266093, 0.36973585880046544, 0.12848534576416581, 0.08336528466978797, -0.008262714740458844]], "inverted": false, "swapped": true, "error_lsq": 0.03561715041980062, "error_max": 0.28011653188837937, "target": "663.xyz", "model": "1.xyz", "model_rescale": 3.9405287249114394, "target_rescale": 4.2072068872151895},
{"mapping": [13, 7, 6, 0, 8, 3, 12, 15, 1, 4, 9, 10, 16], "R": [[-0.35668096601158394, 0.8781385893774741, -0.31882801999068966], [0.8729838042014347, 0.19175908838132538, -0.4484726631860124], [-0.3326829813606863, -0.43829336051245793, -0.8349975832561807]], "T": [0.004839633858018257, -0.026251400788909963, -0.10743421006831683], "aligned_model": [[-0.3700315273482924, 0.20637515049210434, -0.35144765114659676, 0.49906105870396184, 0.47276678586257814, -0.6112965460759502, -0.09573986737180193, 0.612318324065373, -0.053372213576039794, -0.4503618312413934, 0.011238455160452542, -0.37663568996518776, 0.003108831724723947], [0.7289079593612874, 0.5463039391369778, 0.28956027946062163, -0.4404434672796303, -0.33873734299937525, 0.14507847702404264, 0.36579164244584517, 0.373708813019768, -0.7321063664783077, -0.6463595293302021, -0.6677192290036462, -0.16494854273610698, -0.0002040390492572819], [0.006815333110333832, -0.30879367584092066, -0.6043558503261464, 0.10783234353604731, -0.4933051350233821, -0.08910336525414618, 0.38535418122187093, 0.3078670375238696, -0.3176450238683788, 0.09743051337259159, 0.47170289146954153, 0.6041954137061749, -0.0548743140388116]], "inverted": false, "swapped": true, "error_lsq": 0.04058830407476546, "error_max": 0.23681268613549983, "target": "663.xyz", "model": "2.xyz", "model_rescale": 3.932901565614263, "target_rescale": 4.2072068872151895},
{"mapping": [9, 12, 10, 0, 4, 5, 3, 1, 8, 2, 7, 14, 6, 16], "R": [[0.8070369918504219, 0.1335867280764227, -0.5751920373813064], [-0.413106585598073, 0.8237484519769112, -0.38830585470881673], [0.42194104175882713, 0.5509928075279011, 0.7199810298417572]], "T": [0.1517441984751129, -0.034576364805172254, 0.02918728490829096], "aligned_model": [[-0.39326032373135245, 0.6133502682197504, 0.11885328625397473, -0.21818614672090803, -0.43543763837682936, -0.15535397579916177, 0.3159338206504559, -0.5786758258305187, -0.21014958516446963, -0.22282373471330874, 0.6892189359704795, 0.3277537893860447, 0.3830729392502584, 0.18551410265828905], [0.04836353017657242, -0.09620244499158709, -0.3383950846079744, 0.49041222829260367, -0.44897539333077907, -0.6557222209045375, -0.650376682659159, -0.09348357774120383, 0.4008713805814302, -0.20789278508509249, 0.12925735936665725, 0.5653143038676945, -0.4479219945737436, -0.031751980040392175], [-0.6364047421782585, -0.40644609882457333, -0.7309373198075497, -0.19372097120098614, -0.3131618869183203, 0.19595482874582726, -0.02689725509582142, 0.12312857703279177, 0.40986799730214196, 0.6362584393513043, 0.33457430751586825, 0.3119779535455283, 0.5284278756429912, -0.01872534205384623]], "inverted": false, "swapped": true, "error_lsq": 0.044150706025816444, "error_max": 0.30720322857951865, "target": "663.xyz", "model": "3.xyz", "model_rescale": 3.9243930471874484, "target_rescale": 4.2072068872151895},
{"mapping": [14, 0, 15, 7, 12, 8, 6, 11, 10, 4, 3, 5, 16], "R": [[-0.4894596534179277, 0.07474703757926174, 0.8688165100003146], [0.5538400957115003, 0.7962178964342108, 0.24351223743409015], [-0.673565435617267, 0.6003748343918197, -0.43111444208088967]], "T": [-0.049310363156844575, -0.12602804019398034, -0.05351447527920919], "aligned_model": [[0.0204268688710042, -0.23539379025040497, 0.5413065754825963, 0.29774771385908844, 0.5550419249162474, -0.5126407163667258, -0.104806500792492, 0.27247239316323957, 0.24903380192511454, -0.4417780122489431, 0.07644861561270887, -0.443477925478894, 0.002824937618813375], [-0.6379772974703548, 0.041241387184835554, -0.2884737368350748, -0.6615119839314161, 0.07299402999476778, -0.44398063402230065, -0.5073958170415223, 0.35112123722526395, 0.6329685017385012, 0.544652604835447, 0.05843460118243565, 0.06606328659066876, -0.10030662576966415], [-0.5050268551371386, -0.6856089861292775, -0.6247033104051397, -0.011212544161935026, -0.011053788928396147, -0.4404651003726284, 0.5166500280743517, -0.5882037203191772, 0.02453710894461472, 0.11931097603276317, 0.5460453235081184, 0.5083358000226876, -0.06153461575787883]], "inverted": true, "swapped": true, "error_lsq": 0.03816313707399132, "error_max": 0.21635681853350347, "target": "663.xyz", "model": "4.xyz", "model_rescale": 3.8936222436046832, "target_rescale": 4.2072068872151895},
{"mapping": [0, 8, 15, 11, 7, 6, 5, 3, 10, 4, 12, 16], "R": [[-0.517921899263273, -0.7263937583686612, -0.45178425610746514], [0.7686069508470875, -0.16332835202772109, -0.6185201731014535], [0.37550001514389736, -0.6675896623128316, 0.6429026220198304]], "T": [-0.19916886376773085, -0.07569221669873546, -0.021446312349031806], "aligned_model": [[-0.004054429243372792, -0.5572088647645415, -0.18200528284109785, 0.38585298673203466, -0.6588459580462602, -0.6431197550161349, -0.14844119941206646, -0.05942751220622772, 0.5903078215840261, 0.36044799128101906, 0.10718619649813149, -0.1631439523504128], [-0.4928964950318646, -0.593618004303799, 0.2952449181347424, -0.03365295911575164, 0.3380367056373743, 0.12728857908945382, -0.2723178079928401, 0.22329666903711046, 0.11768880252602906, -0.4759639407601166, 0.4697723961495034, -0.033955958260034516], [-0.5214668333300025, -0.284238798177331, -0.7721691050154451, -0.5440267360426202, -0.1842565209266716, 0.46364663348245017, 0.6617139600518696, 0.5266337365460432, 0.0810592289322061, 0.378957911260598, -0.145015384477131, -0.04155337302844707]], "inverted": false, "swapped": true, "error_lsq": 0.04453270974497368, "error_max": 0.2618703030976503, "target": "663.xyz", "model": "5.xyz", "model_rescale": 3.6523030999806103, "target_rescale": 4.2072068872151895},
{"mapping": [9, 1, 5, 10, 3, 0, 2, 12, 14, 7, 6, 13, 16], "R": [[0.30369187498696354, -0.9011269812176703, -0.3094210865284247], [0.4962321042444411, -0.1276354425843818, 0.8587565967801487], [-0.8133418369812514, -0.41434207789918864, 0.4084062912078437]], "T": [-0.016837910528385833, -0.0817519340602202, 0.007107395979863131], "aligned_model": [[0.14965474202994333, -0.2494216567959598, 0.25599633938708316, 0.6496929888888643, 0.5263927662836612, -0.3895251999297235, -0.35951356283983776, 0.426482590805826, -0.5792177147397175, -0.1571641212293159, 0.06707663682715212, 0.5210331474838313, 0.01959594849248783], [-0.5789778116356579, 0.10803430221311423, 0.47825688084051043, -0.45825509068992065, 0.2539530627263846, -0.5475650314405752, 0.5309532100172125, -0.42303141998130456, -0.2731229843278102, -0.015315189570519042, 0.5368051120758438, 0.05268019251692106, -0.12358832858101586], [0.6941069048877583, 0.6821588188373324, 0.35336521347450567, 0.2989275023359329, -0.03183263521499953, 0.3331011328045324, 0.2216788488864366, -0.2989148711723851, -0.3362944526703913, -0.6132767831952456, -0.28264127582393656, -0.6382372663052749, -0.012031397362476354]], "inverted": false, "swapped": true, "error_lsq": 0.0444714928020215, "error_max": 0.25350717748262863, "target": "663.xyz", "model": "6.xyz", "model_rescale": 4.08911054899281, "target_rescale": 4.2072068872151895},
{"mapping": [11, 12, 15, 9, 1, 2, 0, 14, 4, 10, 5, 3, 6, 7, 16], "R": [[0.5428354390492303, 0.6866634409505568, -0.48355248419811747], [0.17489307069284354, 0.47071950584987576, 0.8647748612419749], [0.8214268682821725, -0.5540004202835861, 0.13543055190669717]], "T": [0.08803052734389578, 0.03432700061395944, -0.006709594525767297], "aligned_model": [[0.08044916690872457, 0.3154420308930641, 0.7269975268677952, -0.48096916890826386, -0.5089319635963666, -0.14893536482119457, 0.009157414840068337, 0.6209847028077423, -0.6944176849581615, -0.2963677140638801, -0.44553973149816856, -0.11970549345563318, 0.18563363280462825, 0.6881476187386223, 0.10438856724057771], [-0.6279666031295951, -0.5162198589554501, -0.38762999871036913, -0.4436190809270335, 0.3396034366839219, 0.7279623468981944, -0.08084535657687916, 0.2408008460567833, -0.11220405647091214, -0.6763694036722062, 0.29642218833148165, -0.05495221499393283, 0.4520101278464027, 0.16519821296256967, -0.021431769173862407], [-0.4291049891294445, 0.22096681153894987, -0.34604294416618614, -0.44799022035339503, -0.3169522737292748, 0.033193751248953345, -0.6720395383013146, -0.3863767523435233, -0.002777140195593296, 0.12866268565407338, 0.38642113223587865, 0.591779090788703, 0.5314569247080769, 0.17137470740223454, 0.0014987867239423108]], "inverted": false, "swapped": true, "error_lsq": 0.03922803686186619, "error_max": 0.21076175585357465, "target": "663.xyz", "model": "7.xyz", "model_rescale": 3.964800864290218, "target_rescale": 4.2072068872151895},
{"mapping": [15, 11, 12, 14, 13, 1, 7, 10, 4, 5, 2, 6, 3, 16], "R": [[0.0363615831985862, -0.930233865602624, -0.36516132127224477], [0.9984927160417655, 0.0488506034920849, -0.025018284313625655], [0.04111120624392575, -0.36370121504396763, 0.9306080243027732]], "T": [-0.0841172539664471, -0.07044636886374621, 0.05839986501907684], "aligned_model": [[-0.21972472352205608, 0.20476195162841498, 0.3395644652606094, -0.6624437214960364, 0.27629200366047885, -0.20193544093548887, -0.3591482958355056, 0.6841753713145676, 0.373525253723359, 0.1509938994857608, -0.47784552449555856, -0.17263295769070863, 0.37122231601875066, -0.045616707655714524], [-0.03719584648205745, -0.5250395246841361, 0.14610823866978873, -0.02075128189611531, 0.6797742976854392, -0.6125414779871472, 0.44588945383551404, -0.3145077450368638, -0.5529412320323756, -0.027407728753847144, -0.05611597057449802, 0.485428824506664, 0.2644123587283507, -0.06416389979751408], [-0.7674201364943415, -0.5134410492431055, -0.3661614204928982, -0.30750674602769684, -0.11801193544352695, 0.5463140024370933, -0.19993530565023665, -0.08767384207106019, 0.49597735757716704, 0.7298261810430122, 0.6777929496910733, 0.45434999190898145, 0.3581485058629061, 0.014556485627653236]], "inverted": false, "swapped": true, "error_lsq": 0.04105684493574537, "error_max": 0.3104010839951166, "target": "663.xyz", "model": "8.xyz", "model_rescale": 4.121658175737393, "target_rescale": 4.2072068872151895},
{"mapping": [3, 4, 2, 6, 10, 12, 0, 15, 8, 11, 13, 7, 16], "R": [[-0.15985336937053335, 0.9030935406288026, 0.3985836890483867], [0.9750492165685151, 0.08144708061477413, 0.20650762293062092], [0.15403222250559412, 0.4216496530697775, -0.8935802395398654]], "T": [0.04810518592073063, -0.020025218546131294, -0.11013267966057058], "aligned_model": [[-0.43459414753620473, -0.32937829476988967, 0.4589027912745448, 0.08033305953327285, -0.688238881109761, -0.41436438967009603, 0.3201239102868557, 0.14873646152049272, 0.6923952386881133, -0.20179429804253526, -0.4096829805764263, 0.24672723397321622, 0.007571792863614923], [0.3136384572463026, -0.453486241972939, 0.1649856700765232, 0.6109818360025631, -0.37585510860406185, 0.05548924808991383, -0.6244012776470232, -0.13934505075425876, -0.21655063454537413, -0.6113749642119665, 0.6320287717969506, 0.4615326324175813, -0.02725589848250161], [-0.36505157669164146, -0.6608865110568057, -0.6896940682943307, -0.38289672543405384, -0.061557525578251754, 0.3223876544143637, 0.041145099941093694, 0.7127341272714758, -0.21861190882111559, 0.34259669886915756, 0.18836789510602628, 0.2608567196509083, -0.06831444541773733]], "inverted": false, "swapped": true, "error_lsq": 0.04348982218309145, "error_max": 0.22749414850570823, "target": "663.xyz", "model": "9.xyz", "model_rescale": 3.833441315466971, "target_rescale": 4.2072068872151895},
{"mapping": [11, 15, 3, 6, 7, 12, 14, 2, 4, 5, 9, 1, 0, 10, 16], "R": [[0.9638914435094053, -0.18122456115892444, -0.1951177684428316], [-0.213656016314957, -0.08895472222872328, -0.972850535326796], [0.15894776444410288, 0.9794103919328028, -0.12446241341166439]], "T": [-0.11883302834450957, 0.07028978384511142, -0.023313556780110378], "aligned_model": [[0.1939899862713428, -0.17622208622204633, -0.5421547141707754, -0.5971820360417334, -0.5577673823407144, -0.47513841343675267, -0.03531763585060138, 0.022758052406106205, 0.25109931949890807, -0.1736562007624281, 0.502954189219443, 0.47023402413755144, 0.4862227055290178, -0.10720337482088323, -0.13877141512190289], [-0.6461191515906534, -0.5931254935306561, 0.20344236390348855, 0.5649830122047566, 0.060651166970441955, -0.4444876388471143, 0.006062981303041601, 0.7886172860303541, 0.16595788553393534, 0.5695054284327338, -0.3165935177247441, 0.44639910480497785, -0.1842310039702567, -0.4362414223090798, 0.016280538083753], [0.054198782382844535, -0.5313099383793449, 0.4375366139474611, -0.03165622090598088, -0.4883141440329899, 0.0979508652380417, -0.701339256715975, -0.07653639139691312, 0.6750485929391222, 0.4823751190221175, 0.43562398686471765, 0.2161655119832288, -0.20016462773508067, 0.6204782804271236, -0.011935265816279655]], "inverted": true, "swapped": true, "error_lsq": 0.03758860850013045, "error_max": 0.23017177072525966, "target": "663.xyz", "model": "10.xyz", "model_rescale": 4.2482417240324, "target_rescale": 4.2072068872151895},
{"mapping": [6, 3, 4, 10, 8, 0, 1, 11, 12, 15, 7, 16], "R": [[0.5706682606991264, 0.5639643457155052, 0.596893585986913], [0.5980707917857382, -0.7835279877120479, 0.16850881426408942], [0.562715793490297, 0.26082198763446157, -0.7844251567377188]], "T": [-0.1416895823349983, 0.03716982753982279, -0.022888356158469802], "aligned_model": [[-0.6773526629701344, -0.12009363527271355, 0.30609251273057814, 0.6096404116749907, -0.44426928264734045, 0.14983343580847658, -0.09339692651025916, 0.5453644139576403, 0.1967197690831991, 0.04976712505587913, -0.5443713349905459, -0.10116822355676353], [-0.3948280212693857, -0.602128119582412, -0.2146268788033665, -0.28874358702400627, 0.5781126637472306, 0.6311103334515518, 0.19149379127174992, 0.35695341265863684, -0.17689402688759281, 0.49731092398810023, 0.06076832762160075, 0.02760257087853253], [-0.030077658156286945, -0.010826473950236556, 0.5852248190281554, -0.04435292258923608, 0.2622888296448777, 0.13331208926710256, 0.6979863705590172, -0.22977825159790793, -0.5191847993324783, -0.6960065913088587, -0.5191466891575157, -0.06424643255227602]], "inverted": true, "swapped": true, "error_lsq": 0.04305141141319247, "error_max": 0.18937453226474643, "target": "663.xyz", "model": "11.xyz", "model_rescale": 3.6694154284099745, "target_rescale": 4.2072068872151895},
{"mapping": [11, 9, 1, 4, 10, 15, 12, 7, 5, 6, 8, 3, 0, 16], "R": [[-0.2871471966205667, 0.9540926154298581, -0.08516905925958124], [0.43141903756384037, 0.04942997985713965, -0.900796475969357], [-0.8552333608439506, -0.2954047363762728, -0.4258073980405055]], "T": [-0.022161853693445914, 0.046216058906748694, 0.12806019767716298], "aligned_model": [[-0.13042879343550895, 0.09837883589506927, -0.03956043434464902, 0.45142164452434336, 0.5217769700376547, -0.49356890929807684, 0.2106628296411035, -0.2508712016233692, 0.48602188497160814, 0.2068446023631254, -0.5811171251671593, 0.5835570135878779, -0.4583542451548702, -0.006498221741338933], [-0.3123939628229457, 0.21196066834629518, 0.7375756208976036, 0.496349276655213, -0.19449171147328936, -0.620913681196482, -0.5350085679562377, -0.3235744813194436, 0.5193996288471378, 0.15134325203401838, 0.43690628757825195, 0.008979158554683245, 0.15976464386200878, -0.0049088438705595094], [-0.5624362078471417, -0.7115351623156847, -0.13180069480896678, -0.32670433075196664, -0.43529348041543864, -0.056836951390963425, 0.007126404364758393, 0.5970258752352708, 0.2886512116364985, 0.7684609157780369, 0.14879191493101793, 0.33062328957256754, -0.38085285020737486, 0.10387552587180136]], "inverted": true, "swapped": true, "error_lsq": 0.041554749645844206, "error_max": 0.26346428671501887, "target": "663.xyz", "model": "12.xyz", "model_rescale": 3.9764082729961374, "target_rescale": 4.2072068872151895},
{"mapping": [6, 7, 13, 10, 5, 2, 1, 3, 12, 6, 15, 11, 14, 0, 9, 16], "R": [[0.47069793793731757, -0.4629610499013704, -0.7510729109053118], [0.4035117111907743, 0.8699858068074899, -0.2833778306173833], [0.7846156703466041, -0.16968135497968548, 0.5963107307593984]], "T": [0.005079888259865689, -0.0013410342647829192, 0.016380018271640963], "aligned_model": [[0.012282497417172827, -0.16910050629539877, -0.6950611998932208, -0.5105622132695332, 0.15850643253178895, 0.5993358269033816, 0.5922875084835781, -0.32655363533084747, -0.6188310150747718, 0.012282497417172827, -0.3346852630397873, -0.2839267563757156, 0.21242855069957747, 0.2985952741594402, 0.03990381121305733, -0.04806149573650094], [-0.0909134268156551, -0.5706459987356804, -0.1911322826928202, 0.5577737990670153, 0.5200542678135769, 0.06910609090139229, 0.4374831350506988, 0.3307612591354431, -0.04576442001346527, -0.0909134268156551, -0.5754926747818724, 0.0817596466075201, -0.6297347546112998, -0.024747333319403684, 0.5701522855793688, -0.002282049025920335], [-0.6659202618899339, -0.2171469904023192, -0.4281745267991442, 0.3208153440511337, -0.4446515547827458, -0.40879310718574274, 0.10818958849355823, -0.4184084496938102, 0.14054172696461562, -0.6659202618899339, 0.522722978715856, 0.742105586350313, 0.19789204854852002, 0.6291201240474079, 0.6637627348233904, 0.04126196350153342]], "inverted": true, "swapped": true, "error_lsq": 0.0362118086875123, "error_max": 0.3850919824636142, "target": "663.xyz", "model": "13.xyz", "model_rescale": 4.170626492500431, "target_rescale": 4.2072068872151895},
{"mapping": [14, 7, 8, 6, 0, 4, 5, 15, 11, 13, 12, 3, 10, 16], "R": [[0.4275702093675651, -0.2964464153885732, 0.8539925285765926], [0.7842730081618948, 0.5914513193740769, -0.18735310373558411], [-0.4495548517478922, 0.749869895124434, 0.48538188641110347]], "T": [-0.0780934745031887, 0.04452253580771631, -0.027196607179334337], "aligned_model": [[0.22727778909830632, -0.04796729436248248, -0.05822846305199052, -0.6616268234473603, 0.38907762899231346, -0.2826304026181989, -0.7078955889371844, 0.665978697915319, 0.6317868357930145, -0.2017669202915568, 0.23656704782078258, -0.4755070842175936, 0.16753593868985472, -0.039418339291580486], [-0.388901936577078, -0.5940963836619404, 0.03973706940229111, -0.3081229949749414, 0.3402160119610305, 0.8023035715029818, 0.3557876832827822, -0.33909779255256706, 0.34243807739115745, -0.4678210759702695, -0.09195720270913074, 0.08451543990306347, 0.5398933464575475, 0.041180654470738876], [-0.4627541473805086, -0.011701280000373765, -0.7091659136875265, 0.06628453361142148, -0.4227545701133053, 0.10563624568485833, 0.09282914627135022, -0.0013953700248114098, 0.12908659442877116, 0.6406775629457526, 0.5104058659101756, 0.4725800725111181, 0.5773288204366887, 0.016815540527255965]], "inverted": true, "swapped": true, "error_lsq": 0.04232492247002661, "error_max": 0.23591051153793216, "target": "663.xyz", "model": "14.xyz", "model_rescale": 3.9786697098870705, "target_rescale": 4.2072068872151895},
{"mapping": [7, 0, 6, 13, 2, 5, 11, 4, 3, 12, 1, 16], "R": [[0.8327342451448434, -0.5196408492274989, 0.19112055037900105], [-0.3435169009540605, -0.21418300620268582, 0.9143969480553285], [-0.43422323259121753, -0.8271027914764311, -0.3568629381288135]], "T": [-0.06697808914115677, -0.06253810931077657, -0.09592030565033137], "aligned_model": [[0.12107351345170164, -0.7386992317066714, 0.4979721771203369, 0.6234043072446046, 0.018168568828750842, 0.34117019954209404, -0.5323804827237782, -0.07496365661733542, 0.5236886513570925, 0.12432652578805814, -0.35796661361687543, -0.06243936190064189], [-0.45268835546809333, -0.047497302045911446, 0.10347390819767881, -0.5592781270868474, 0.5565791619183763, 0.5008354828654998, -0.4570416178798305, 0.45196144156373114, 0.018623513837686248, -0.5947372805723763, 0.6051160546179511, -0.11067238972342508], [-0.5664531912008399, 0.007588411705306844, -0.4521224534377412, -0.11756531301082926, -0.4810423068016397, 0.058895865833604, 0.39892892163242577, 0.5114827423204272, 0.1361127345049597, 0.19873367586363005, 0.028063701466018817, -0.06265629500149245]], "inverted": false, "swapped": true, "error_lsq": 0.043078293950460776, "error_max": 0.2077911362328755, "target": "663.xyz", "model": "15.xyz", "model_rescale": 3.769337070930944, "target_rescale": 4.2072068872151895},
{"mapping": [10, 1, 12, 3, 11, 0, 15, 8, 7, 6, 16], "R": [[0.3219000199971122, -0.7950495754592644, 0.5140783497560489], [-0.7106226354785341, 0.155903331819854, 0.6860828091950791], [-0.6256163737238672, -0.5861657817456699, -0.5147949390185246]], "T": [-0.08005781404992365, 0.0005890685809792559, 0.0718889369850063], "aligned_model": [[-0.3331596158543666, -0.2484116683254071, -0.04574082175145569, -0.6610313860118785, 0.3262435729721622, 0.40093706956357456, 0.6321976457519226, 0.27268250003174965, 0.13738472403564125, -0.48925892306819874, -0.06921696665257301], [0.2295546725866293, -0.7084803846485586, 0.5694461286503012, 0.26763636207282615, 0.11139875355483506, -0.369102792977996, 0.42366790583148123, -0.5165805854198451, 0.3987340426361427, 0.1442336111336184, 0.045556784205907634], [-0.6728870504161971, -0.049296574755898395, -0.21425503316927363, 0.05022812335595146, -0.5912464644135259, -0.2349032129406482, -0.051278085349614685, 0.34319959691227175, 0.5226451221498536, 0.6062385053085716, 0.035772680542286966]], "inverted": true, "swapped": true, "error_lsq": 0.037023812503999394, "error_max": 0.2514472567396096, "target": "663.xyz", "model": "16.xyz", "model_rescale": 3.7852294659196426, "target_rescale": 4.2072068872151895},
{"mapping": [11, 14, 7, 15, 0, 8, 5, 6, 12, 10, 4, 3, 16], "R": [[-0.5913825663828333, 0.5868353820613661, 0.5530740407389813], [0.23233178215022632, 0.7807745481450697, -0.5800112481424492], [-0.77219725665231, -0.2145118629114775, -0.5980769661915545]], "T": [-0.0645260383491633, 0.09329025230251478, 0.08819004773387241], "aligned_model": [[0.054405591082822016, -0.37952137619425247, 0.0926566036502491, 0.0789949663259888, -0.4938402742170889, -0.7270522185040053, -0.04481697823742324, 0.07771084753349834, 0.5036815486499038, 0.4265253249624857, -0.11137514067141947, 0.39554325902332077, -0.019146303187795956], [-0.0967093718374652, -0.5114349463776249, -0.4031892501374944, -0.6571655242444269, -0.0561910835411768, -0.05883312482426431, 0.7466818189992495, 0.21265017960384214, -0.0996107274334492, 0.4326281185968549, 0.8184849132640767, 0.47245550700451056, 0.07528911463024208], [-0.6647133818740605, 0.16502834507856995, 0.4593820962880548, -0.25487190964688217, -0.4172742842786179, 0.14664681063531665, 0.3721511196939368, 0.7508593766178553, -0.12764260155807639, -0.47296537850055353, -0.23678669781355588, 0.32031865512336527, 0.05562254737782144]], "inverted": true, "swapped": true, "error_lsq": 0.04056585173215384, "error_max": 0.2417133980317947, "target": "663.xyz", "model": "17.xyz", "model_rescale": 3.901054581598922, "target_rescale": 4.2072068872151895},
{"mapping": [5, 6, 1, 4, 14, 0, 13, 3, 8, 11, 15, 12, 10, 9, 16], "R": [[0.6064722308098847, -0.7263315792638313, -0.3234715910564494], [-0.7889091245755121, -0.6003862624735873, -0.13099133175327238], [-0.09906475870853951, 0.33463229491055635, -0.9371272062985437]], "T": [-0.0023925532254432252, -0.10107811616162267, -0.05269318306352773], "aligned_model": [[0.2062951433572937, 0.24206192368343948, -0.4177530387983264, 0.08678423793193756, -0.4411130242877326, -0.5120029591534648, 0.7274981311578175, 0.5591175787844859, -0.6702685003897559, -0.022728907195488687, -0.0839530312225888, 0.47352760931530463, 0.4850366503190088, -0.1265880953686198, 0.03317249295572379], [0.04269856266229356, -0.579213268769353, 0.30324595892992284, 0.5839349815538903, -0.499014681832057, 0.2433657535717117, -0.5146926024737748, -0.09135953987674068, -0.20875834558085393, 0.39911414921776245, -0.25934412439453725, -0.05974912048261541, 0.5319812440310996, 0.743306430473432, -0.08675804720307478], [-0.7188167367613134, -0.48308550171537196, -0.5107391931264647, -0.44831494143789224, 0.2937019535868178, 0.23679814425788137, 0.08883296436663222, -0.3591661183315754, -0.14127276185871068, 0.5527011465514036, 0.7657036748266093, 0.36973585880046544, 0.12848534576416581, 0.08336528466978797, -0.008262714740458844]], "inverted": false, "swapped": true, "error_lsq": 0.03561715041980062, "error_max": 0.28011653188837937, "target": "663.xyz", "model": "18.xyz", "model_rescale": 3.9405287249114394, "target_rescale": 4.2072068872151895},
{"mapping": [6, 3, 4, 10, 7, 1, 5, 14, 2, 8, 9, 0, 12, 15, 11, 16], "R": [[-0.9213978457470786, -0.3711397559159505, 0.11524448547020226], [-0.35170707304807247, 0.9225144084335061, 0.1589632064363838], [-0.16531226397518373, 0.10593605529387622, -0.980535265846248]], "T": [-0.020235158466658756, 0.01021564128724185, -0.09247326023764754], "aligned_model": [[-0.4862824352419203, -0.15130360366789897, 0.6466312087468555, 0.3867598642171483, -0.6330750805168914, 0.5578237730510289, 0.13987176007689367, -0.29772475905061624, -0.013319336720427177, 0.10967408893991105, 0.7903305324655227, 0.42729145902848753, -0.19652754250683419, -0.25685030241332535, 0.3685899676188785, -0.02472449605542621], [-0.15992493944262084, -0.5771892139042466, -0.35372443521612895, -0.5983262254668933, 0.15780255685849773, 0.18918380894598744, -0.3572052431045874, 0.6059953287556441, 0.24639550161904789, 0.6492969302031443, -0.09818650166248093, 0.4405366944639768, -0.3647505097786861, 0.29273687345223925, -0.0016477859807423091, -0.01864071076451455], [-0.5694018523704654, -0.30947634292686166, -0.33027336287918374, 0.27523435352873205, 0.01535599596155357, -0.5162971678526518, -0.68180385100723, 0.10466841036884117, -0.7874886195295756, -0.29296851699896254, 0.18708699804990916, 0.18446227675160778, 0.3922697266028158, 0.6596362297760225, 0.5900092995293341, -0.04156982032900767]], "inverted": false, "swapped": true, "error_lsq": 0.04350981837699591, "error_max": 0.3130917669695472, "target": "663.xyz", "model": "19.xyz", "model_rescale": 4.410303926677745, "target_rescale": 4.2072068872151895},
{"mapping": [15, 11, 12, 14, 13, 1, 7, 10, 4, 5, 2, 6, 3, 16], "R": [[0.0363615831985862, -0.930233865602624, -0.36516132127224477], [0.9984927160417655, 0.0488506034920849, -0.025018284313625655], [0.04111120624392575, -0.36370121504396763, 0.9306080243027732]], "T": [-0.0841172539664471, -0.07044636886374621, 0.05839986501907684], "aligned_model": [[-0.21972472352205608, 0.20476195162841498, 0.3395644652606094, -0.6624437214960364, 0.27629200366047885, -0.20193544093548887, -0.3591482958355056, 0.6841753713145676, 0.373525253723359, 0.1509938994857608, -0.47784552449555856, -0.17263295769070863, 0.37122231601875066, -0.045616707655714524], [-0.03719584648205745, -0.5250395246841361, 0.14610823866978873, -0.02075128189611531, 0.6797742976854392, -0.6125414779871472, 0.44588945383551404, -0.3145077450368638, -0.5529412320323756, -0.027407728753847144, -0.05611597057449802, 0.485428824506664, 0.2644123587283507, -0.06416389979751408], [-0.7674201364943415, -0.5134410492431055, -0.3661614204928982, -0.30750674602769684, -0.11801193544352695, 0.5463140024370933, -0.19993530565023665, -0.08767384207106019, 0.49597735757716704, 0.7298261810430122, 0.6777929496910733, 0.45434999190898145, 0.3581485058629061, 0.014556485627653236]], "inverted": false, "swapped": true, "error_lsq": 0.04105684493574537, "error_max": 0.3104010839951166, "target": "663.xyz", "model": "20.xyz", "model_rescale": 4.121658175737393, "target_rescale": 4.2072068872151895},
{"mapping": [9, 1, 5, 10, 3, 0, 2, 12, 14, 7, 6, 13, 16], "R": [[0.30369187498696354, -0.9011269812176703, -0.3094210865284247], [0.4962321042444411, -0.1276354425843818, 0.8587565967801487], [-0.8133418369812514, -0.41434207789918864, 0.4084062912078437]], "T": [-0.016837910528385833, -0.0817519340602202, 0.007107395979863131], "aligned_model": [[0.14965474202994333, -0.2494216567959598, 0.25599633938708316, 0.6496929888888643, 0.5263927662836612, -0.3895251999297235, -0.35951356283983776, 0.426482590805826, -0.5792177147397175, -0.1571641212293159, 0.06707663682715212, 0.5210331474838313, 0.01959594849248783], [-0.5789778116356579, 0.10803430221311423, 0.47825688084051043, -0.45825509068992065, 0.2539530627263846, -0.5475650314405752, 0.5309532100172125, -0.42303141998130456, -0.2731229843278102, -0.015315189570519042, 0.5368051120758438, 0.05268019251692106, -0.12358832858101586], [0.6941069048877583, 0.6821588188373324, 0.35336521347450567, 0.2989275023359329, -0.03183263521499953, 0.3331011328045324, 0.2216788488864366, -0.2989148711723851, -0.3362944526703913, -0.6132767831952456, -0.28264127582393656, -0.6382372663052749, -0.012031397362476354]], "inverted": false, "swapped": true, "error_lsq": 0.0444714928020215, "error_max": 0.25350717748262863, "target": "663.xyz", "model": "21.xyz", "model_rescale": 4.08911054899281, "target_rescale": 4.2072068872151895},
{"mapping": [10, 8, 11, 2, 8, 1, 15, 14, 5, 6, 0, 7, 13, 3, 9, 12, 16], "R": [[0.303847949781695, -0.43688259202918867, 0.8466463395038795], [0.40745287091730387, 0.8628803457718642, 0.2990312138588135], [-0.8611960179858635, 0.25410846043074997, 0.44019349034578703]], "T": [-0.005587138341309028, -0.07375294428068582, -0.04114397462210882], "aligned_model": [[-0.5761530317913344, -0.473007788316895, -0.05499271216936008, 0.5505768503761495, -0.473007788316895, 0.017424854477371604, 0.5296920679753359, 0.5017674373665006, -0.42742352200304895, -0.7042673981525254, -0.2582817788033492, -0.4033550041124788, 0.15834417854506788, 0.7130434201254372, -0.01335146677342236, 0.0953809930315202, -0.005739705879231668], [0.4156915331514187, -0.2259601196761164, 0.05580409441454401, -0.4978512356041157, -0.2259601196761164, -0.6338539994009792, 0.029987599677675877, 0.2949829978519969, 0.4154780401488477, -0.3236632627742329, -0.7640039094768046, -0.11955708949196373, -0.1639556418750501, -0.11051142480235851, 0.6383741928462853, 0.3947002521872135, -0.10618425184249797], [-0.3344596304567835, 0.4478477735645232, 0.7116289614334399, 0.13795400505294658, 0.4478477735645232, 0.5207774055599292, 0.44281995866054746, -0.17696637864638937, 0.24246872474352754, -0.11153471131348018, -0.28564023616175105, -0.6289185004827883, -0.6749577980109934, -0.5274543259842691, -0.02211065295034023, -0.6026834168700884, -0.07598414461864451]], "inverted": false, "swapped": false, "error_lsq": 0.044469821990135466, "error_max": 0.4303992992795303, "target": "663.xyz", "model": "22.xyz", "model_rescale": 4.204369325754507, "target_rescale": 4.2072068872151895},
{"mapping": [6, 3, 4, 10, 7, 1, 5, 14, 2, 8, 9, 0, 12, 15, 11, 16], "R": [[-0.9213978457470786, -0.3711397559159505, 0.11524448547020226], [-0.35170707304807247, 0.9225144084335061, 0.1589632064363838], [-0.16531226397518373, 0.10593605529387622, -0.980535265846248]], "T": [-0.020235158466658756, 0.01021564128724185, -0.09247326023764754], "aligned_model": [[-0.4862824352419203, -0.15130360366789897, 0.6466312087468555, 0.3867598642171483, -0.6330750805168914, 0.5578237730510289, 0.13987176007689367, -0.29772475905061624, -0.013319336720427177, 0.10967408893991105, 0.7903305324655227, 0.42729145902848753, -0.19652754250683419, -0.25685030241332535, 0.3685899676188785, -0.02472449605542621], [-0.15992493944262084, -0.5771892139042466, -0.35372443521612895, -0.5983262254668933, 0.15780255685849773, 0.18918380894598744, -0.3572052431045874, 0.6059953287556441, 0.24639550161904789, 0.6492969302031443, -0.09818650166248093, 0.4405366944639768, -0.3647505097786861, 0.29273687345223925, -0.0016477859807423091, -0.01864071076451455], [-0.5694018523704654, -0.30947634292686166, -0.33027336287918374, 0.27523435352873205, 0.01535599596155357, -0.5162971678526518, -0.68180385100723, 0.10466841036884117, -0.7874886195295756, -0.29296851699896254, 0.18708699804990916, 0.18446227675160778, 0.3922697266028158, 0.6596362297760225, 0.5900092995293341, -0.04156982032900767]], "inverted": false, "swapped": true, "error_lsq": 0.04350981837699591, "error_max": 0.3130917669695472, "target": "663.xyz", "model": "23.xyz", "model_rescale": 4.410303926677745, "target_rescale": 4.2072068872151895},
{"mapping": [5, 15, 8, 11, 14, 9, 10, 3, 4, 6, 13, 12, 7, 1, 2, 0, 16], "R": [[-0.7502091066539176, 0.40434434508290457, 0.5231557577748791], [0.6235022244658586, 0.6959649984351715, 0.3561989571001833], [-0.22007106211325747, 0.5934124801119446, -0.7742288783478268]], "T": [-0.04277301673833769, -0.1470991460579771, -0.010989305402498387], "aligned_model": [[-0.5233989173490666, -0.5691338585159588, -0.012264440706216788, 0.3424932157100937, -0.3129306854298944, 0.000869786322443479, 0.4289315092088143, 0.4799563834587286, -0.036962640058575275, -0.7614117513755206, -0.37193306347283833, -0.4931190083989456, 0.2164585904718361, 0.7576213601192401, -0.040663190418306704, 0.03426554749110553, 0.037870768521903776], [0.2576451290815689, -0.23884086211806455, 0.21305959523377263, -0.636388172255626, -0.7351193849956239, -0.3724849300902711, -0.016632334513650926, 0.5766487739465002, 0.4864192539574197, -0.34850009330730514, -0.6116916930367315, 0.02852745315072111, -0.38822583038794045, -0.09057192583686233, 0.7284717263134606, 0.2846798183971049, -0.06347886788072515], [-0.03896874127640039, 0.4621300374828392, 0.7272935503608525, 0.10253454930791199, 0.1874975270612484, 0.5718627665038559, 0.4182625991501138, -0.12141533083522589, 0.2582783112095281, -0.15553728112661308, -0.4232926558068726, -0.6532662084819324, -0.5736506534703804, -0.315142004616529, -0.268409481896103, -0.6258208242446367, -0.04172135223774716]], "inverted": true, "swapped": false, "error_lsq": 0.03767259508280034, "error_max": 0.2818155332484471, "target": "663.xyz", "model": "24.xyz", "model_rescale": 4.28219845311461, "target_rescale": 4.2072068872151895},
{"mapping": [2, 14, 5, 7, 6, 15, 1, 13, 0, 12, 9, 11, 10, 3, 4, 16], "R": [[0.8138900035323451, -0.5801467354009094, 0.03182495174837997], [-0.40991709421137523, -0.5345304800796638, 0.7390839882848952], [-0.4117657562539922, -0.6145786615800062, -0.6728610783119399]], "T": [-0.08678997843650561, -0.0028058954377416963, -0.11174604524131436], "aligned_model": [[-0.12536125460052172, -0.47064000493010216, 0.2620628106099157, 0.09359944953248563, 0.407913291143439, -0.36269613195090483, -0.44351075909329984, 0.6536579581626274, -0.7386271923512353, 0.20278806225418966, -0.4921672405030188, -0.43861188916462196, 0.11038078880579459, 0.5116527488388452, -0.08970557364434095, -0.07241429698824145], [0.443037342563503, -0.464866032568431, 0.608629640856865, -0.5191531596344519, 0.068713546124833, -0.7613351515583593, 0.6404406702024785, -0.4194230116304483, -0.004085145325606113, -0.3784861270772415, 0.35879403242967767, -0.2299385000162145, 0.1447908915781201, 0.20132604384667072, 0.6920845573712415, -0.03541822144840431], [-0.6936491028480859, -0.4433758683232297, -0.22306178267439486, -0.44314757395299387, -0.5847813588702379, 0.11182233355932115, -0.18097449638837182, -0.0668680269638479, 0.08127256499333589, 0.3144737388042041, 0.5604417778349424, 0.5528894090019008, 0.6696091353977099, -0.014225828558560694, 0.2766233378486308, -0.06512223828257675]], "inverted": false, "swapped": true, "error_lsq": 0.04381148020355337, "error_max": 0.312280610508614, "target": "663.xyz", "model": "25.xyz", "model_rescale": 4.100010024507729, "target_rescale": 4.2072068872151895},
{"mapping": [6, 3, 4, 10, 8, 0, 1, 11, 12, 15, 7, 16], "R": [[0.5706682606991264, 0.5639643457155052, 0.596893585986913], [0.5980707917857382, -0.7835279877120479, 0.16850881426408942], [0.562715793490297, 0.26082198763446157, -0.7844251567377188]], "T": [-0.1416895823349983, 0.03716982753982279, -0.022888356158469802], "aligned_model": [[-0.6773526629701344, -0.12009363527271355, 0.30609251273057814, 0.6096404116749907, -0.44426928264734045, 0.14983343580847658, -0.09339692651025916, 0.5453644139576403, 0.1967197690831991, 0.04976712505587913, -0.5443713349905459, -0.10116822355676353], [-0.3948280212693857, -0.602128119582412, -0.2146268788033665, -0.28874358702400627, 0.5781126637472306, 0.6311103334515518, 0.19149379127174992, 0.35695341265863684, -0.17689402688759281, 0.49731092398810023, 0.06076832762160075, 0.02760257087853253], [-0.030077658156286945, -0.010826473950236556, 0.5852248190281554, -0.04435292258923608, 0.2622888296448777, 0.13331208926710256, 0.6979863705590172, -0.22977825159790793, -0.5191847993324783, -0.6960065913088587, -0.5191466891575157, -0.06424643255227602]], "inverted": true, "swapped": true, "error_lsq": 0.04305141141319247, "error_max": 0.18937453226474643, "target": "663.xyz", "model": "26.xyz", "model_rescale": 3.6694154284099745, "target_rescale": 4.2072068872151895},
