[{"mapping": [1, 4, 0, 6, 5, 7, 8, 10, 2, 12, 9, 13], "R": [[0.7859908264038082, -0.4805188043797969, -0.38899884247445915], [0.3579079612800401, 0.8667074515703752, -0.34744795962093517], [0.5041034735661161, 0.13386512626444666, 0.8532056117424334]], "T": [-0.04599191381775521, -0.08706898003003966, 0.08931424352617394], "aligned_model": [[-0.28076744763870765, 0.16827613083750706, 0.41936556113325624, -0.1057416888452617, -0.0865018906709916, -0.4655540780996175, 0.43930208733251136, -0.48078101195775874, 0.5664366756044567, 0.17916353971416873, -0.5447966522694877, 0.029241237320473325], [-0.29562327963008367, -0.7077170799571042, -0.25616438953373843, 0.677027392303547, 0.3103023034980255, -0.6201295367874233, -0.29934466025848205, -0.43402021087692966, 0.30687899259998713, 0.33048361046063895, 0.15190054827571353, -0.11003865411709379], [-0.5308317224644347, -0.13507419491365258, -0.5996381480721557, -0.06039588896677871, -0.6881560689636862, 0.09291778544901012, 0.539637984691784, 0.6706156100199032, -0.06181575344320729, 0.5760731949985889, 0.34663490560729227, 0.031984041410899486]], "inverted": false, "swapped": true, "error_lsq": 0.03606212209751407, "error_max": 0.2353525697233212, "target": "664.xyz", "model": "0.xyz", "model_rescale": 3.751011558992144, "target_rescale": 4.020687958884902},
{"mapping": [6, 7, 10, 4, 1, 11, 9, 0, 8, 13, 2, 12, 5, 14], "R": [[-0.7457775102654348, -0.32059507067922755, 0.5839817684127394], [0.02274026405789875, 0.863831239594562, 0.5032677914302679], [-0.6658068680727666, 0.3886057001083537, -0.6369354945914304]], "T": [-0.003559799584244788, -0.029867434064552757, -0.07091370477646568], "aligned_model": [[-0.20358946905405323, -0.5919521009788234, 0.6246727922891603, 0.5507658512138972, -0.19002994885026175, -0.14669473791732845, 0.2263544589082767, -0.5061563857261245, 0.428735261949597, -0.10098872195129774, -0.025735708268247275, -0.5557605473244933, 0.4096749693142771, -0.022560404683750073], [-0.36739773182273777, -0.23284242536850822, 0.08953597954220324, -0.5607330480864622, -0.7001577683325545, 0.2652314711705259, 0.5639605876271566, -0.40863363398222746, -0.33130985218975734, 0.5990692667290556, 0.09276331431825491, 0.4180851123399911, 0.3182836781210041, 0.01493422088311789], [-0.7110599183067894, -0.2995458905290293, -0.5842560695350528, -0.2619077953294601, -0.11122872251720405, -0.7983475605215212, -0.24031658471018646, 0.3526867625249023, 0.33241209463159865, 0.2790126157280439, 0.7465262199967373, -0.28629233519742103, 0.24231764080211016, -0.09612483650770696]], "inverted": false, "swapped": false, "error_lsq": 0.037171134570568136, "error_max": 0.18739873619020345, "target": "664.xyz", "model": "1.xyz", "model_rescale": 3.9405287249114394, "target_rescale": 4.020687958884902},
{"mapping": [4, 8, 3, 9, 12, 0, 7, 10, 6, 5, 11, 1, 13], "R": [[-0.18713898567931403, -0.4579694365883676, -0.8690471766192277], [-0.07501714868049131, 0.8887555510589547, -0.45220128025663897], [0.9794648678961216, -0.019431047651308875, -0.20067637365770286]], "T": [0.0422624580905227, -0.02365334940474847, -0.02544367180207634], "aligned_model": [[-0.34762905266208, 0.21240622664515724, -0.3152388229811896, 0.5168368210322247, 0.4540222466864909, -0.7944727592322303, 0.13161660543379142, 0.6862807370124859, 0.056263160943346435, -0.5742139953061629, -0.03471616791822035, -0.4513588615809101, -0.04381285878877224], [0.5333623677729429, 0.455210310183998, 0.36479303677290276, -0.31515277103230005, -0.18156060726944326, 0.06304514766674654, 0.32738165194689006, 0.33106073457022184, -0.7759075200701419, -0.6309392997563327, -0.6177747762726297, -0.09758279198127869, 0.0028971110404410784], [0.1130595081939225, -0.4998942987102664, -0.5679688262031681, 0.22342132558349648, -0.5426463354922629, -0.1357332070919334, 0.5481321440761515, 0.30127695836877283, -0.23459449928404075, 0.09770517680597977, 0.4143290355897041, 0.4583619674614197, -0.06232859970913125]], "inverted": true, "swapped": true, "error_lsq": 0.035467670819516524, "error_max": 0.21441363572008346, "target": "664.xyz", "model": "2.xyz", "model_rescale": 3.932901565614263, "target_rescale": 4.020687958884902},
{"mapping": [6, 1, 5, 12, 10, 2, 4, 11, 9, 3, 8, 0, 7, 13], "R": [[0.5182694269524727, 0.61488237190138, -0.5944042982779386], [0.7908155512873242, -0.0799593484699507, 0.6068090856557659], [0.32558802946128274, -0.7845547599225907, -0.5276990276230616]], "T": [-0.059615951655930366, 0.023531540893004937, -0.025982294730006905], "aligned_model": [[0.0810578996233546, -0.7231761125269927, 0.5804855123327812, 0.33804345019797244, -0.2563264889960448, -0.2581356246287635, 0.25362601880990787, -0.47321191460777656, 0.5685845739260859, -0.33257109326413425, 0.02950845973596411, -0.37391072148037174, 0.4634113404958352, -0.0006499906969888586], [-0.272551762909634, -0.019860061323654338, -0.09440165253781088, -0.6023993274464171, -0.6415096491202323, 0.26085706716781004, 0.5967629294147337, -0.5433452642843268, -0.19308558819710342, 0.2937599862275415, -0.000699065887366096, 0.5760410367857632, 0.4641199687205868, -0.06289944566082825], [-0.6253467960623149, -0.35243857461139394, -0.3312060869569312, -0.20821115725345152, -0.20534399740472245, -0.7995883877770082, -0.6060785347539402, 0.5265552746255119, 0.2874408352908694, 0.310406700457029, 0.7022047983449885, -0.23788412047093438, 0.17911971958470807, -0.07575405248338918]], "inverted": true, "swapped": false, "error_lsq": 0.05446649041564309, "error_max": 0.3362297670333129, "target": "664.xyz", "model": "3.xyz", "model_rescale": 3.9243930471874484, "target_rescale": 4.020687958884902},
{"mapping": [6, 2, 5, 11, 1, 12, 9, 0, 4, 8, 7, 10, 13], "R": [[-0.8087351199875232, -0.1284858350232324, -0.5739676784429149], [0.15898054692642838, -0.9872771568599485, -0.0030002069112765317], [-0.5662796936123882, -0.09367606813332557, 0.8188724582383635]], "T": [-0.06567704120253902, -0.03877927053314397, -0.042184586424035726], "aligned_model": [[-0.06168158739039971, -0.2215358572029557, 0.5795747195579075, 0.4079087999950366, 0.6258309444675868, -0.6739060824428885, -0.17424404658693124, 0.4353159527096716, 0.1894074547414677, -0.6049588251673126, 0.18549711019795567, -0.375005408325289, -0.03499728824249684], [-0.676038172488582, 0.02298361926464091, -0.33767109083207086, -0.6108346421618923, 0.020449722913730324, -0.2632310649092492, -0.5430055916981705, 0.41317784837635085, 0.5972563074572163, 0.3974161508269028, 0.13430704178241026, -0.0548338423234976, 0.02785326747379826], [-0.4935287498155952, -0.7667516524598368, -0.5504354368851148, -0.014343686648764793, -0.003401879108552726, -0.24628810504230791, 0.2835385292443021, -0.5565259299061355, 0.06669917576477355, -0.08984395795343111, 0.5637457945101156, 0.7003692548244277, -0.10616304115291636]], "inverted": false, "swapped": true, "error_lsq": 0.04598753482291587, "error_max": 0.29265861411235217, "target": "664.xyz", "model": "4.xyz", "model_rescale": 3.8936222436046832, "target_rescale": 4.020687958884902},
{"mapping": [12, 8, 2, 6, 0, 4, 7, 1, 11, 9, 5, 13], "R": [[-0.3410696736685058, 0.9398054182076286, 0.020910610016051268], [-0.3587831068051889, -0.10958290642999688, -0.9269661638320845], [-0.8688763778437503, -0.3236624206267063, 0.3745617138726083]], "T": [-0.11268757674412186, -0.19036490029764358, 0.007245864800469397], "aligned_model": [[-0.004218815327708486, -0.6240765916551577, -0.2842089582152806, 0.458591818231636, -0.5477537927714616, -0.6875537970549295, -0.17268244584677295, -0.06717626013669545, 0.5203119876843212, 0.40680868275131765, 0.2110660865893824, -0.18155987203355406], [-0.5997598406408018, -0.5918317843344665, 0.07796863687835082, 0.02487591396050018, 0.5336243349393381, -0.0021492555662914192, -0.30159004089909347, 0.36996881816015087, 0.15964778597232981, -0.48607570518476123, 0.6104497177479264, -0.12620567592337462], [-0.5243646425612445, -0.23906353468797675, -0.664826740495862, -0.47972196817606866, -0.07252386523345764, 0.34719987644448, 0.6737505805837154, 0.41608606624465583, 0.1778585365921504, 0.128922822100118, -0.1264874332338498, -0.01754497830114198]], "inverted": false, "swapped": true, "error_lsq": 0.03662801994211606, "error_max": 0.19754171316971633, "target": "664.xyz", "model": "5.xyz", "model_rescale": 3.6523030999806103, "target_rescale": 4.020687958884902},
{"mapping": [10, 7, 4, 8, 3, 9, 1, 12, 11, 6, 0, 2, 13], "R": [[-0.8460041872925702, 0.5154162824504751, -0.13646600627398026], [0.2978036805326804, 0.6690956324386624, 0.6808994070438714], [0.44225544987555226, 0.5354036705481562, -0.7195505726625019]], "T": [0.04321773306932981, -0.09099008151096463, 0.04998730224782548], "aligned_model": [[0.011372033409738726, -0.21370737909982246, 0.23980195918080097, 0.7143740716190321, 0.6952987346358774, -0.30929866630310326, -0.4125692623857946, 0.3875329949399653, -0.6632225786129101, -0.225289405383916, 0.14906048591295654, 0.4226211915138803, 0.08510872523758974], [-0.565109993332656, -0.0019294516240899173, 0.44788258840663253, -0.19406216321847966, 0.27567528028633637, -0.5854091081949495, 0.4290448581561407, -0.5989839908323703, -0.11218943810754056, -0.33296428264151234, 0.7144214872511774, 0.07155378378533014, -0.007102665770836097], [0.699236218891072, 0.6714827916303179, 0.4404177286607307, 0.1992790268118853, -0.06567679725734939, 0.10837000448741725, 0.12082050488912742, -0.24219176862221287, -0.1797923448112828, -0.6422401373897008, -0.19478964003157145, -0.5686697641789697, 0.023863916402325533]], "inverted": true, "swapped": true, "error_lsq": 0.05069131871831893, "error_max": 0.3153122514515837, "target": "664.xyz", "model": "6.xyz", "model_rescale": 4.08911054899281, "target_rescale": 4.020687958884902},
{"mapping": [2, 1, 6, 7, 13, 0, 3, 11, 5, 8, 10, 9, 4, 14], "R": [[-0.08769160765526698, 0.6791249217183233, -0.7287657529329411], [-0.8604192413872456, -0.42030253089403213, -0.2881397431363274], [-0.5019849708880061, 0.6017766389825654, 0.6211891545877272]], "T": [-0.003239809039935769, -0.08514546014132127, -0.013933079675712556], "aligned_model": [[0.008802252307644604, -0.5798540870745451, 0.2855014856994536, 0.5256420795165598, -0.2513340313261143, -0.0873221934247967, 0.1662032305763178, -0.4839916138134414, 0.6231334784471887, -0.06478703891935327, -0.03741529702657554, -0.582933933960559, 0.527666884075165, -0.15257590615611571], [-0.4458041639662611, -0.16339314965187993, 0.01326027252478329, -0.5928672310586072, -0.76950443175706, 0.31458792692436977, 0.6045836308871524, -0.20152345810701563, -0.24347170495394446, 0.5022405738168098, -0.025173236101411506, 0.4346431785089896, 0.34776077652157056, -0.014549812638433371], [-0.7349877457067079, -0.46040741522959483, -0.4090124931410863, -0.2625120728166874, -0.09137064929723701, -0.8611636002573521, -0.36323849558049637, 0.3020810446188682, 0.3899116113992522, 0.32715130708230306, 0.7033606306456349, -0.10521177691860767, 0.15213848070178088, -0.022863204971048837]], "inverted": false, "swapped": false, "error_lsq": 0.04033096139611642, "error_max": 0.27779600244050084, "target": "664.xyz", "model": "7.xyz", "model_rescale": 3.964800864290218, "target_rescale": 4.020687958884902},
{"mapping": [7, 2, 9, 8, 1, 4, 11, 0, 5, 6, 3, 4, 10, 13], "R": [[-0.13910643268118203, -0.3841829141888786, 0.9127173104702556], [-0.3904981020760029, 0.868273901916073, 0.3059602319362401], [-0.9100333140395224, -0.3138533410635912, -0.2708051839265004]], "T": [-0.02980951178595032, -0.044710596506885206, -0.10133880020148037], "aligned_model": [[-0.08421778914439473, -0.6339852597043336, 0.5561639259838296, 0.5830177724921964, -0.18356949007435652, -0.43578558206981916, 0.18679498681261322, -0.5779885008004257, 0.5642343890148614, -0.248115411050585, -0.12873399880662476, -0.43578558206981916, 0.6906906842560178, 0.044015164081668376], [-0.5285163195557016, -0.17686289945901545, 0.11509108579982073, -0.46306468150215446, -0.7787220870573699, 0.43039516264650274, 0.7145109634907036, -0.23038454757110144, -0.37828652376254995, 0.44631863646744446, 0.042251029032634904, 0.43039516264650274, 0.20698909438877883, -0.06932490461543345], [-0.6207855507561562, -0.33822730183421623, -0.42530682230987726, -0.3025356208009211, -0.07478899814949508, -0.42468280121277546, -0.35392232800044976, 0.3207800840266648, 0.3833360058749852, 0.1171529614039391, 0.6118332107843882, -0.42468280121277546, 0.20306347658656318, -0.10735789387085334]], "inverted": false, "swapped": false, "error_lsq": 0.04641285198153105, "error_max": 0.42800961320528963, "target": "664.xyz", "model": "8.xyz", "model_rescale": 4.121658175737393, "target_rescale": 4.020687958884902},
{"mapping": [4, 3, 8, 10, 0, 1, 2, 6, 12, 5, 7, 9, 13], "R": [[-0.6370165580393093, -0.6500059194545407, -0.41436965315742996], [0.5206028715550972, 0.033662228087087354, -0.8531351033270174], [0.568491473033975, -0.7591832183829346, 0.31695155152387444]], "T": [0.015732286889593813, 0.07545139872251772, -0.01337139559888259], "aligned_model": [[-0.5511590797216613, -0.10856600016313338, 0.23449002514307915, 0.22207640799817813, -0.6058585769843449, -0.5980108556774534, 0.17228989163366998, 0.3947441819419757, 0.6629188565198586, -0.3202971513332188, -0.3380143390991929, 0.35288593482963315, -0.04076179865219326], [0.13442334608323905, -0.3721230505227785, 0.03991853422753039, 0.836188938070607, -0.49289069251112105, 0.06653998492561214, -0.6398226285242549, -0.3414055028528006, -0.07714035976862679, -0.4569866471172971, 0.6541317669880055, 0.4333055078070233, 0.006248242606571072], [-0.40912576145608526, -0.6110823226186657, -0.6723442109116806, -0.17470488575386287, -0.11544147043812264, 0.3128730035148324, -0.1436666012203293, 0.5273750631209783, -0.15424268525706142, 0.5929280568092595, -0.027202822402768473, 0.34773022442863744, -0.052020153856042826]], "inverted": true, "swapped": true, "error_lsq": 0.04898755181999848, "error_max": 0.33792392896077117, "target": "664.xyz", "model": "9.xyz", "model_rescale": 3.833441315466971, "target_rescale": 4.020687958884902},
{"mapping": [6, 7, 5, 1, 12, 3, 2, 11, 0, 8, 10, 9, 13, 14], "R": [[0.4079190225624122, 0.9120394742842874, -0.0422619022166163], [0.5083823503008748, -0.26534065440283505, -0.8192323986657475], [-0.7583860869862297, 0.3126952741381229, -0.5719022718938954]], "T": [-0.01354163966405804, -0.11416617234644648, -0.14663482736694716], "aligned_model": [[-0.018527808143201624, -0.6523760913336932, 0.5750542187824488, 0.5136115545535308, -0.09565514794333982, -0.307846700655703, 0.16949905846976912, -0.5892221356124296, 0.5524000228261783, -0.34948269572373436, -0.03632165585974125, -0.39079307307635497, 0.5832767263928292, -0.05688096375573002], [-0.6343035605927447, -0.01897113454130804, 0.07169953997842755, -0.6305343780039142, -0.6831102421999187, 0.3659018227602263, 0.5625830570047675, -0.2520675782243228, -0.22608039709616923, 0.37677125504498793, -0.1005717719416102, 0.6024706909764297, 0.3655650213625508, -0.03856315357834003], [-0.583283202512364, -0.31016594036704537, -0.42312000575558617, -0.1795334432360856, 0.03386468633713058, -0.8078769168444666, -0.3052439012777863, 0.19235226661321125, 0.2153157254163332, 0.35703511576697605, 0.67497968483426, -0.19161358510692061, 0.07551908579773847, -0.18435394913637454]], "inverted": true, "swapped": false, "error_lsq": 0.04099376839335213, "error_max": 0.2149086838116862, "target": "664.xyz", "model": "10.xyz", "model_rescale": 4.2482417240324, "target_rescale": 4.020687958884902},
{"mapping": [6, 12, 8, 10, 0, 4, 3, 7, 9, 1, 11, 13], "R": [[-0.2102348465647798, -0.4184178064405165, 0.8835880536445648], [-0.5340708241818302, -0.7078618888071864, -0.4622768663172145], [0.8188831809529518, -0.5690853061078186, -0.07464750715560609]], "T": [-0.024271858586271098, 0.00247315046352619, -0.036980960412755684], "aligned_model": [[-0.6636557731243315, -0.11652045720524942, 0.25097096199711894, 0.7121074236303208, -0.4493820525909097, 0.23925709514850266, -0.1261886630525245, 0.5041163729651852, 0.10360933763515864, -0.1636927959881587, -0.34959642327923546, -0.06425942377287025], [-0.3820815622091445, -0.6130479410282713, -0.15371702855690797, -0.2584986400147528, 0.6805051930877809, 0.5938399771114917, 0.21932856006315077, 0.3010161564524269, -0.39656131012247514, 0.5835880926313751, 0.02347628642119267, 0.06828360621477256], [-0.26748542542692494, 0.23615527464357833, 0.5820575856577931, -0.22924971094644203, 0.24472829933065843, 0.21262432216896243, 0.6810844964608412, -0.3400929903864902, -0.4803142713789584, -0.39203404447236495, -0.7048348432192378, 0.022553597422941538]], "inverted": false, "swapped": true, "error_lsq": 0.048442236606675015, "error_max": 0.26318736462053144, "target": "664.xyz", "model": "11.xyz", "model_rescale": 3.6694154284099745, "target_rescale": 4.020687958884902},
{"mapping": [0, 4, 12, 5, 6, 1, 2, 11, 7, 8, 9, 3, 10, 13], "R": [[0.9788055683761603, -0.02479295012887018, -0.20328543710686514], [-0.007307446732081835, -0.996240841682116, 0.08631793896269166], [-0.20466133132098907, -0.08300298180436974, -0.9753072564446057]], "T": [0.03839739868383968, -0.0716410389180521, -0.09051766912132], "aligned_model": [[-0.06991975489372598, -0.6462280611525903, 0.5906279890485655, 0.5120727518548287, -0.12414771376906011, -0.1485681372067352, 0.06950281516750462, -0.4868539268371889, 0.5287316270600353, -0.3099616855727322, 0.06802843503971946, -0.5947497783285132, 0.5092027187017609, -0.0010019701910402856], [-0.4131901370336467, -0.13071765808831742, 0.08794017819385178, -0.6942508012892741, -0.6117171190008132, 0.363377079973785, 0.5651693881556621, -0.23720858072063247, -0.3724131370193734, 0.4829925684355124, 0.08554400059512648, 0.47045612620815, 0.2595808835120711, -0.09477362097303929], [-0.7088618065098266, -0.3652476867048745, -0.4529313974443494, -0.27096028070481215, -0.04866378526589916, -0.792141940884006, -0.2312958862853701, 0.4011398163774036, 0.37987983082526133, 0.2884616988144353, 0.6963121294550976, -0.3061660319872235, 0.17811437672012173, -0.20376341587693692]], "inverted": true, "swapped": false, "error_lsq": 0.03740215805915629, "error_max": 0.27553667555877276, "target": "664.xyz", "model": "12.xyz", "model_rescale": 3.9764082729961374, "target_rescale": 4.020687958884902},
{"mapping": [11, 10, 3, 14, 13, 8, 7, 12, 6, 9, 5, 2, 4, 15], "R": [[-0.1531996957188705, -0.9880699172230487, -0.0157382308562114], [0.4726759379629082, -0.08725572483285207, 0.8769058650475424], [-0.8678175562308765, 0.12690262866753999, 0.4804044253904601]], "T": [-0.06243822642817895, 0.012211198397987049, -0.020173387606135157], "aligned_model": [[-0.06177246629350798, -0.6595061503388288, 0.4156722662954555, 0.4453317299183682, -0.07068366656303549, -0.22291224857750566, 0.28561647214882435, -0.5678791770956889, 0.48180143595565794, -0.38331199334206423, 0.06585500802317501, -0.37492947909674157, 0.5038610941710588, 0.03959248371566103], [-0.4557959823736862, -0.27612801152992517, 0.06980659455033049, -0.5299864402929056, -0.5959169140279379, 0.1423681466579744, 0.6449426887679943, -0.3025943473882648, -0.4034958056233315, 0.28107495955208833, 0.13482682254103553, 0.6714650002271589, 0.3466189715713316, 0.03360348831719942], [-0.6616665943191946, -0.4746151255808059, -0.7104896733789899, -0.31513004815970713, 0.04759650084856959, -0.6961616224766936, -0.24275480375674488, 0.2092616765815604, 0.3184262024632831, 0.41139518187290625, 0.7991740115749074, -0.34265308570437947, 0.26851371378447886, -0.047020713220169444]], "inverted": true, "swapped": false, "error_lsq": 0.048866943411717996, "error_max": 0.29874339181604465, "target": "664.xyz", "model": "13.xyz", "model_rescale": 4.170626492500431, "target_rescale": 4.020687958884902},
{"mapping": [12, 11, 4, 8, 10, 5, 6, 9, 0, 3, 1, 6, 2, 13], "R": [[-0.5532252325745691, -0.13979694086768407, 0.8212177892415942], [0.8307874926512302, -0.16490437363457455, 0.531600121905997], [0.061106334345108815, 0.9763520691227248, 0.20737081044032668]], "T": [0.08625502907137893, -0.09277074947791461, -0.010396978833370749], "aligned_model": [[-0.0035915867900723347, -0.5797824420329171, 0.6140863020881432, 0.46055862389484203, -0.17433840150119284, -0.2731917318521103, -0.15609117890460217, -0.5950093373119932, 0.5012473127895252, -0.22641070501958294, -0.04378684110036081, -0.15609117890460217, 0.515060272467866, 0.014076201097885918], [-0.40821672348440774, 0.06272611499012229, -0.04839468539221525, -0.6725411602511608, -0.585502614137601, 0.1650533264539479, 0.6223208316861132, -0.36658589949054043, -0.15728865546293824, 0.4159513079563839, -0.23297660911965556, 0.6223208316861132, 0.3931938721371605, -0.04927076662225997], [-0.6647115394901794, -0.18893118663890235, -0.48208336061133183, -0.2848407481176773, -0.09777362597799405, -0.8050947832142058, -0.38107421452242735, 0.3319633068069239, 0.4132505760865034, 0.3344444505730416, 0.7340799508425615, -0.38107421452242735, 0.10316629432543105, -0.0674452850102947]], "inverted": true, "swapped": false, "error_lsq": 0.05286241089240539, "error_max": 0.3792631864584758, "target": "664.xyz", "model": "14.xyz", "model_rescale": 3.9786697098870705, "target_rescale": 4.020687958884902},
{"mapping": [2, 0, 12, 6, 8, 10, 1, 7, 9, 11, 4, 13], "R": [[-0.2141825868452267, -0.7893728310602441, -0.5753402063789932], [-0.12005380765667589, 0.6058166651699523, -0.7864942793622163], [0.9693879010795527, -0.099381596818996, -0.2245225945295612]], "T": [0.06405293290470952, 0.032059716323957155, -0.04637293883697443], "aligned_model": [[-0.08771677509486274, -0.7185009577982601, 0.5433054804968919, 0.4131470293379483, 0.051257341649503615, 0.46801713086194163, -0.387761650304369, -0.049995570399546205, 0.5962473668575935, 0.21260602231495934, -0.5353202399165166, -0.021930581237947375], [-0.31511704820746883, -0.25134372054213217, 0.0511793577324722, -0.6472430992611615, 0.5239156139787442, 0.6376737545959348, -0.23245793928745967, 0.40369366622839414, -0.020737533230191174, -0.5249474848721072, 0.3719572384607531, 0.01810168462866104], [-0.686324740278434, -0.21098805058312084, -0.5279649402842373, -0.20918394022764505, -0.5375722391346311, 0.29622384829291726, 0.4108900692518604, 0.5095767878058648, 0.24706881109566023, 0.4226483510154317, 0.0353981095628828, -0.08980557264271868]], "inverted": true, "swapped": true, "error_lsq": 0.05500945165064689, "error_max": 0.24637526791166767, "target": "664.xyz", "model": "15.xyz", "model_rescale": 3.769337070930944, "target_rescale": 4.020687958884902},
{"mapping": [1, 11, 4, 7, 0, 5, 3, 6, 8, 10, 13], "R": [[-0.7878138256432572, 0.015034370364027293, 0.6157299276737271], [-0.22681335374819522, 0.922365998192369, -0.3127245880005144], [-0.5726299666336301, -0.3860245239442084, -0.7232426897154342]], "T": [-0.014589689973444432, 0.02740484397225989, 0.16355987309947362], "aligned_model": [[-0.23784588801171383, -0.25565721113642037, -0.09951501327765941, -0.6357798881458776, 0.3964524001249744, 0.24344845353727954, 0.5322803971945268, 0.3221225032307084, 0.24451292075615297, -0.6343255657152362, 0.04693302213443563], [-0.0772927462593947, -0.623409568356383, 0.5898961281383862, 0.2594074174590448, 0.2223015199188077, -0.5217703610375863, 0.5422603980648835, -0.6728684310633031, 0.5615445035550718, 0.24676584394088444, 0.06922979326493048], [-0.48635592985825193, -0.10220894342737008, -0.23375143419965871, 0.020393899587034137, -0.5525867046131989, -0.4655887521842548, 0.06928278022324041, 0.2414615086333859, 0.5253932118068666, 0.6273876333148001, 0.10079033794118451]], "inverted": true, "swapped": true, "error_lsq": 0.04782096918225976, "error_max": 0.2514661302181743, "target": "664.xyz", "model": "16.xyz", "model_rescale": 3.7852294659196426, "target_rescale": 4.020687958884902},
{"mapping": [8, 7, 9, 10, 4, 1, 5, 11, 12, 2, 0, 6, 13], "R": [[0.7338687630430331, 0.6679566550805849, 0.12357404890690021], [0.17317101936791068, -0.00805712565558002, -0.9848588126108477], [-0.6568473465583666, 0.7441565625993811, -0.1215836076924276]], "T": [0.019377609158463763, -0.0148841359494086, -0.04998791017492611], "aligned_model": [[0.20501926949003935, -0.4914891167679294, 0.251922323067071, -0.019736270850797818, -0.5585133023697666, -0.5462204081040357, -0.11079301665191171, -0.035711155063101255, 0.6745557612763114, 0.37589387059579654, -0.4080959666461712, 0.5326489235480657, -0.01571506130728757], [-0.18491879480485746, -0.44879355622139516, -0.37492755302326, -0.8184634397105112, 0.019891050864694476, 0.24710569489409004, 0.708021349155462, 0.1398358781863093, -0.09831243457863431, 0.5759040551301803, 0.6808964710533397, 0.37023943941857396, 0.05857746333888263], [-0.6980527931639067, 0.05459103475299926, 0.38408376541493444, -0.04234578399896617, -0.43247687859629613, 0.25767371840479686, 0.4237929988768203, 0.6748106536859588, -0.21048940205099115, -0.3274217344945434, -0.28012248776975185, 0.395050082720955, -0.10333847663883497]], "inverted": false, "swapped": true, "error_lsq": 0.04822298506800392, "error_max": 0.2767130547928313, "target": "664.xyz", "model": "17.xyz", "model_rescale": 3.901054581598922, "target_rescale": 4.020687958884902},
{"mapping": [6, 7, 10, 4, 1, 11, 9, 0, 8, 13, 2, 12, 5, 14], "R": [[-0.7457775102654348, -0.32059507067922755, 0.5839817684127394], [0.02274026405789875, 0.863831239594562, 0.5032677914302679], [-0.6658068680727666, 0.3886057001083537, -0.6369354945914304]], "T": [-0.003559799584244788, -0.029867434064552757, -0.07091370477646568], "aligned_model": [[-0.20358946905405323, -0.5919521009788234, 0.6246727922891603, 0.5507658512138972, -0.19002994885026175, -0.14669473791732845, 0.2263544589082767, -0.5061563857261245, 0.428735261949597, -0.10098872195129774, -0.025735708268247275, -0.5557605473244933, 0.4096749693142771, -0.022560404683750073], [-0.36739773182273777, -0.23284242536850822, 0.08953597954220324, -0.5607330480864622, -0.7001577683325545, 0.2652314711705259, 0.5639605876271566, -0.40863363398222746, -0.33130985218975734, 0.5990692667290556, 0.09276331431825491, 0.4180851123399911, 0.3182836781210041, 0.01493422088311789], [-0.7110599183067894, -0.2995458905290293, -0.5842560695350528, -0.2619077953294601, -0.11122872251720405, -0.7983475605215212, -0.24031658471018646, 0.3526867625249023, 0.33241209463159865, 0.2790126157280439, 0.7465262199967373, -0.28629233519742103, 0.24231764080211016, -0.09612483650770696]], "inverted": false, "swapped": false, "error_lsq": 0.037171134570568136, "error_max": 0.18739873619020345, "target": "664.xyz", "model": "18.xyz", "model_rescale": 3.9405287249114394, "target_rescale": 4.020687958884902},
{"mapping": [5, 11, 8, 6, 2, 9, 7, 10, 1, 12, 3, 13, 0, 15], "R": [[0.6044494647898335, 0.3134646813507671, 0.7323801868298637], [0.7899188910926447, -0.3550305391690678, -0.49998146140860855], [0.10329080312520877, 0.880734471792142, -0.4622096928740962]], "T": [-0.02207133201518287, 0.14526119291976963, -0.024120807157279045], "aligned_model": [[0.02549079814810005, -0.6444869024009041, 0.507927213491899, 0.47526955869670773, -0.03813727325755696, -0.24970613220546714, 0.13040455905451448, -0.5486742284394104, 0.3523023942244562, -0.028834305728199245, -0.19479787397299564, -0.5204059189026072, 0.6637602456500107, -0.03337682543771904], [-0.42161700457688006, -0.03866770102142386, -0.01070940074553986, -0.394003882426666, -0.7231677694624314, 0.20956696542111752, 0.5760272745520068, -0.4024009993125592, -0.18770378969720858, 0.44403464672205245, -0.13552551633537674, 0.5718824890004263, 0.16600201642625242, 0.10707184240529291], [-0.6304619617362405, -0.3371419272351465, -0.5408865869918437, -0.16599636012440044, -0.054092557870527774, -0.7542283419231307, -0.5596740113294262, 0.17752132540290816, 0.40541156348754426, 0.4350390208971851, 0.7612154014075159, -0.16898886648771902, 0.019228048346594695, -0.023069125314292366]], "inverted": true, "swapped": false, "error_lsq": 0.04590972182176813, "error_max": 0.28220598218872767, "target": "664.xyz", "model": "19.xyz", "model_rescale": 4.410303926677745, "target_rescale": 4.020687958884902},
{"mapping": [7, 2, 9, 8, 1, 4, 11, 0, 5, 6, 3, 4, 10, 13], "R": [[-0.13910643268118203, -0.3841829141888786, 0.9127173104702556], [-0.3904981020760029, 0.868273901916073, 0.3059602319362401], [-0.9100333140395224, -0.3138533410635912, -0.2708051839265004]], "T": [-0.02980951178595032, -0.044710596506885206, -0.10133880020148037], "aligned_model": [[-0.08421778914439473, -0.6339852597043336, 0.5561639259838296, 0.5830177724921964, -0.18356949007435652, -0.43578558206981916, 0.18679498681261322, -0.5779885008004257, 0.5642343890148614, -0.248115411050585, -0.12873399880662476, -0.43578558206981916, 0.6906906842560178, 0.044015164081668376], [-0.5285163195557016, -0.17686289945901545, 0.11509108579982073, -0.46306468150215446, -0.7787220870573699, 0.43039516264650274, 0.7145109634907036, -0.23038454757110144, -0.37828652376254995, 0.44631863646744446, 0.042251029032634904, 0.43039516264650274, 0.20698909438877883, -0.06932490461543345], [-0.6207855507561562, -0.33822730183421623, -0.42530682230987726, -0.3025356208009211, -0.07478899814949508, -0.42468280121277546, -0.35392232800044976, 0.3207800840266648, 0.3833360058749852, 0.1171529614039391, 0.6118332107843882, -0.42468280121277546, 0.20306347658656318, -0.10735789387085334]], "inverted": false, "swapped": false, "error_lsq": 0.04641285198153105, "error_max": 0.42800961320528963, "target": "664.xyz", "model": "20.xyz", "model_rescale": 4.121658175737393, "target_rescale": 4.020687958884902},
{"mapping": [10, 7, 4, 8, 3, 9, 1, 12, 11, 6, 0, 2, 13], "R": [[-0.8460041872925702, 0.5154162824504751, -0.13646600627398026], [0.2978036805326804, 0.6690956324386624, 0.6808994070438714], [0.44225544987555226, 0.5354036705481562, -0.7195505726625019]], "T": [0.04321773306932981, -0.09099008151096463, 0.04998730224782548], "aligned_model": [[0.011372033409738726, -0.21370737909982246, 0.23980195918080097, 0.7143740716190321, 0.6952987346358774, -0.30929866630310326, -0.4125692623857946, 0.3875329949399653, -0.6632225786129101, -0.225289405383916, 0.14906048591295654, 0.4226211915138803, 0.08510872523758974], [-0.565109993332656, -0.0019294516240899173, 0.44788258840663253, -0.19406216321847966, 0.27567528028633637, -0.5854091081949495, 0.4290448581561407, -0.5989839908323703, -0.11218943810754056, -0.33296428264151234, 0.7144214872511774, 0.07155378378533014, -0.007102665770836097], [0.699236218891072, 0.6714827916303179, 0.4404177286607307, 0.1992790268118853, -0.06567679725734939, 0.10837000448741725, 0.12082050488912742, -0.24219176862221287, -0.1797923448112828, -0.6422401373897008, -0.19478964003157145, -0.5686697641789697, 0.023863916402325533]], "inverted": true, "swapped": true, "error_lsq": 0.05069131871831893, "error_max": 0.3153122514515837, "target": "664.xyz", "model": "21.xyz", "model_rescale": 4.08911054899281, "target_rescale": 4.020687958884902},
{"mapping": [12, 9, 7, 13, 14, 10, 6, 15, 4, 8, 1, 5, 0, 16], "R": [[-0.260685780212153, 0.7592554456086935, 0.5963003373374243], [0.6527918589989765, -0.3164292419855123, 0.688284333427062], [0.7112704920210327, 0.5686859441994491, -0.4131471699650617]], "T": [-0.05065337409803894, -0.06329600841117627, -0.009419747205609202], "aligned_model": [[-0.019014008208713483, -0.580753817618774, 0.4196651123865875, 0.43049006440302945, -0.27412638071905904, -0.153566391320822, 0.24458694149533872, -0.5054404720495385, 0.5126832139125101, -0.22852830523519913, -0.02754910827765173, -0.5596494174353925, 0.6413029063082497, -0.003365028719736929], [-0.4399331176271344, -0.19123642091880838, 0.111871496395997, -0.41132357106836787, -0.6491365645736564, 0.26434458053100945, 0.6047851161256581, -0.4116517979272681, -0.37559307623145644, 0.5627351839787595, 0.21770865934052852, 0.32358732045846966, 0.22317316856935615, -0.06854180610402472], [-0.6435435084081469, -0.4678653625069398, -0.513317608423409, -0.29943314904507856, -0.14606982592516635, -0.7396224345319828, -0.15796231900672844, 0.4414948315580931, 0.2578153850417195, 0.22976109042119397, 0.7325377656404394, -0.3077037924675512, 0.18859872371481973, -0.010814175532241956]], "inverted": true, "swapped": false, "error_lsq": 0.041863129403791645, "error_max": 0.27859433295870734, "target": "664.xyz", "model": "22.xyz", "model_rescale": 4.204369325754507, "target_rescale": 4.020687958884902},
{"mapping": [5, 11, 8, 6, 2, 9, 7, 10, 1, 12, 3, 13, 0, 15], "R": [[0.6044494647898335, 0.3134646813507671, 0.7323801868298637], [0.7899188910926447, -0.3550305391690678, -0.49998146140860855], [0.10329080312520877, 0.880734471792142, -0.4622096928740962]], "T": [-0.02207133201518287, 0.14526119291976963, -0.024120807157279045], "aligned_model": [[0.02549079814810005, -0.6444869024009041, 0.507927213491899, 0.47526955869670773, -0.03813727325755696, -0.24970613220546714, 0.13040455905451448, -0.5486742284394104, 0.3523023942244562, -0.028834305728199245, -0.19479787397299564, -0.5204059189026072, 0.6637602456500107, -0.03337682543771904], [-0.42161700457688006, -0.03866770102142386, -0.01070940074553986, -0.394003882426666, -0.7231677694624314, 0.20956696542111752, 0.5760272745520068, -0.4024009993125592, -0.18770378969720858, 0.44403464672205245, -0.13552551633537674, 0.5718824890004263, 0.16600201642625242, 0.10707184240529291], [-0.6304619617362405, -0.3371419272351465, -0.5408865869918437, -0.16599636012440044, -0.054092557870527774, -0.7542283419231307, -0.5596740113294262, 0.17752132540290816, 0.40541156348754426, 0.4350390208971851, 0.7612154014075159, -0.16898886648771902, 0.019228048346594695, -0.023069125314292366]], "inverted": true, "swapped": false, "error_lsq": 0.04590972182176813, "error_max": 0.28220598218872767, "target": "664.xyz", "model": "23.xyz", "model_rescale": 4.410303926677745, "target_rescale": 4.020687958884902},
{"mapping": [14, 13, 15, 9, 11, 6, 5, 7, 10, 0, 1, 12, 4, 16], "R": [[-0.049560029301950526, -0.8650597934321256, 0.4992147406505122], [-0.9341812599920689, -0.13667767668872, -0.32958244215158694], [0.35334003024738114, -0.48269117091795044, -0.8013488981352865]], "T": [0.05027419960224017, -0.035478826594652985, -0.06292933423062609], "aligned_model": [[-0.05480599177010275, -0.5446188220013715, 0.4020197228349364, 0.4680573687441512, -0.051685502396985335, -0.20684681920438214, 0.18489366551714004, -0.5463073872606787, 0.5154937011614771, -0.29579327323090443, -0.1532030747652661, -0.46389952626239445, 0.5782697282000709, 0.06516151935513864], [-0.4504780800560215, -0.09255058377338657, -0.038988638698489925, -0.4565873139307097, -0.6498415212368895, 0.1993078700413928, 0.5243138262305781, -0.13620874813281653, -0.31791019741905024, 0.5047503813657512, -0.2537697242721764, 0.5610616483655423, 0.36318089540891285, 0.004509357056425682], [-0.5872229189923452, -0.43310730657500185, -0.6838777692391232, -0.26428684986802037, 0.050579190607474386, -0.7386971039047763, -0.3161324516435243, 0.2125244546439048, 0.2942642861195165, 0.3355371238301781, 0.7416086899655264, -0.22399042868996993, 0.12726930094819783, 0.04940740332698426]], "inverted": false, "swapped": false, "error_lsq": 0.03862537315161542, "error_max": 0.24460818526330907, "target": "664.xyz", "model": "24.xyz", "model_rescale": 4.28219845311461, "target_rescale": 4.020687958884902},
{"mapping": [6, 14, 1, 0, 2, 10, 5, 13, 4, 9, 7, 11, 3, 15], "R": [[0.24180026038298308, 0.43862016769175793, 0.8655316184708537], [0.2839840397999448, 0.8209543446632189, -0.49536555099995394], [-0.927839263675355, 0.36557668480448635, 0.07394584714327297]], "T": [-0.05878180143446968, 0.015299424126854033, -0.06107247751151998], "aligned_model": [[0.00903793848618309, -0.6783084385984369, 0.535419133627404, 0.4269872231706855, -0.22293574065953198, -0.3824504847845105, 0.1989938353878378, -0.40969274252319754, 0.4221178412415634, -0.14176154486781198, 0.010650551147221715, -0.43123525613376557, 0.5748919209426138, -0.014978927515426413], [-0.44416899798958914, -0.24533307514534464, 0.164085894381977, -0.5892048039314102, -0.6477488329440831, 0.14685526462121515, 0.7534709152164862, -0.2286015513511015, -0.38524664665337, 0.5701198030003651, 0.049150639647189714, 0.36584686343147266, 0.2933641163185786, -0.04180041765332365], [-0.833397789097216, -0.41940482472854446, -0.2472584970921734, -0.3143653219221826, -0.10798215050127864, -0.7735585918170209, -0.3986154402844153, 0.3515899541709988, 0.3170107830043343, 0.3159718080110957, 0.7132525507375947, -0.24781290732822728, 0.28704098873894945, -0.07859494136289372]], "inverted": true, "swapped": false, "error_lsq": 0.03880811895394749, "error_max": 0.2913313517276171, "target": "664.xyz", "model": "25.xyz", "model_rescale": 4.100010024507729, "target_rescale": 4.020687958884902},
{"mapping": [6, 12, 8, 10, 0, 4, 3, 7, 9, 1, 11, 13], "R": [[-0.2102348465647798, -0.4184178064405165, 0.8835880536445648], [-0.5340708241818302, -0.7078618888071864, -0.4622768663172145], [0.8188831809529518, -0.5690853061078186, -0.07464750715560609]], "T": [-0.024271858586271098, 0.00247315046352619, -0.036980960412755684], "aligned_model": [[-0.6636557731243315, -0.11652045720524942, 0.25097096199711894, 0.7121074236303208, -0.4493820525909097, 0.23925709514850266, -0.1261886630525245, 0.5041163729651852, 0.10360933763515864, -0.1636927959881587, -0.34959642327923546, -0.06425942377287025], [-0.3820815622091445, -0.6130479410282713, -0.15371702855690797, -0.2584986400147528, 0.6805051930877809, 0.5938399771114917, 0.21932856006315077, 0.3010161564524269, -0.39656131012247514, 0.5835880926313751, 0.02347628642119267, 0.06828360621477256], [-0.26748542542692494, 0.23615527464357833, 0.5820575856577931, -0.22924971094644203, 0.24472829933065843, 0.21262432216896243, 0.6810844964608412, -0.3400929903864902, -0.4803142713789584, -0.39203404447236495, -0.7048348432192378, 0.022553597422941538]], "inverted": false, "swapped": true, "error_lsq": 0.048442236606675015, "error_max": 0.26318736462053144, "target": "664.xyz", "model": "26.xyz", "model_rescale": 3.6694154284099745, "target_rescale": 4.020687958884902},
{"mapping": [1, 0, 7, 3, 6, 5, 8, 2, 12, 10, 11, 4, 9, 13], "R": [[0.9123768379657389, 0.4073931437145133, 0.039991649103853624], [-0.3977437328514999, 0.8591648161600682, 0.32192505595245485], [0.09679064273469083, -0.3096233924092984, 0.9459201479786563]], "T": [0.006906885435417791, 0.04953490566033035, -0.12434309488767444], "aligned_model": [[-0.16160328094698284, -0.5856049924637083, 0.47019715561456366, 0.685274288403124, -0.041870396307969314, -0.1737625889790888, 0.1115251146682374, -0.4852695310631891, 0.2679761597589411, -0.10161017322337337, 0.0003779778999508177, -0.6305372994785847, 0.5775791110895535, -0.03593623605064514], [-0.5673595311829479, -0.08158968952343788, 0.03964784859803071, -0.38426998787906086, -0.6347135303448125, 0.10882596149643008, 0.6610621213335653, -0.21744232622702042, -0.45919805960519233, 0.48573495742849493, -0.032360269781356324, 0.567646679368431, 0.24710707295628542, 0.02769792431165288], [-0.7331880926607852, -0.38639148396779327, -0.5502455442565698, -0.1911428049594236, -0.09953812734821373, -0.892341539829965, -0.2774661925352185, 0.26116329792525983, 0.4258990494576918, 0.2754622111178008, 0.7297213188721781, -0.0968536213878967, 0.19214068834187298, -0.09334353823991712]], "inverted": false, "swapped": false, "error_lsq": 0.044856730454444146, "error_max": 0.3240071054947012, "target": "664.xyz", "model": "27.xyz", "model_rescale": 4.103607728864725, "target_rescale": 4.020687958884902},
