[{"mapping": [0, 8, 4, 3, 2, 1, 10, 9, 5, 11, 6, 12], "R": [[0.7853546903612216, -0.5440014599762273, 0.29543260123311205], [0.619035875461259, 0.6874018029694404, -0.3798333136604464], [0.003548974435298169, 0.48118725338281326, 0.8766106501533972]], "T": [-0.07368043976644033, -0.010525721518557365, 0.033904532639457745], "aligned_model": [[-0.46680308357623623, 0.21009182084003275, 0.42526019058071024, 0.1552435613764202, -0.20452916302173252, -0.47554451964243666, 0.3732999847716296, -0.29445661883812674, 0.6879542519639213, 0.11167852430607221, -0.5747993899938673, -0.10975309630583817], [-0.20644930020239155, -0.6603311159663402, -0.2404356050466161, 0.6199497531307527, 0.27667815357308645, -0.6056974575185905, -0.14907156939093397, -0.6065928117149693, 0.12895365400987435, 0.4349264783524901, 0.057187050379783014, 0.004437806370912161], [-0.5303937925035586, 0.03554418593080599, -0.5424574673358901, -0.1715490321210275, -0.6176514760852067, -0.08537402449713616, 0.6433319866233843, 0.5403402064677403, 0.02423931270755924, 0.40852475612043365, 0.4952134205218247, -0.017816330475366897]], "inverted": false, "swapped": true, "error_lsq": 0.04785767557381291, "error_max": 0.31351785181222963, "target": "665.xyz", "model": "0.xyz", "model_rescale": 3.751011558992144, "target_rescale": 3.8829765206689886},
{"mapping": [7, 6, 12, 13, 0, 2, 10, 9, 1, 4, 8, 5, 14], "R": [[0.5970629613980931, -0.7150306498168381, 0.36365779236673834], [0.20572044662327268, -0.3016905527133391, -0.9309467805651629], [0.7753676018300357, 0.6306456851719756, -0.03303183019920497]], "T": [-0.00982367000516529, -0.017792915074973024, -0.011783088933946088], "aligned_model": [[-0.3048247616732114, -0.7333078466863744, -0.018583817108315807, 0.5720359911683397, 0.21305777438037346, 0.7831656838794617, -0.4228517733893774, 0.08741245926656988, -0.3293147411480223, -0.40455627711894515, 0.23065933227628896, 0.4223969902398464, -0.013895745722101678], [-0.4406352249565911, -0.16555912682959836, 0.048165644026742685, 0.2608107726484401, -0.7374186794277164, -0.2191699974583415, 0.6197642533871203, 0.6078190054914548, -0.6016750159475208, -0.004885466061777786, -0.11326489820076541, 0.3764072616821792, 0.011796493031721256], [-0.4287432317364484, -0.14765633142760626, -0.7517478397033107, -0.34543188360664945, -0.10104192338651583, 0.10802199152807886, 0.29705730817481873, -0.19438780230063324, 0.19483902308818496, 0.6734858630483674, 0.5993398759361359, 0.20702634527220642, -0.0577362996010858]], "inverted": true, "swapped": false, "error_lsq": 0.043471092204544634, "error_max": 0.29902073105278854, "target": "665.xyz", "model": "1.xyz", "model_rescale": 3.9405287249114394, "target_rescale": 3.8829765206689886},
{"mapping": [3, 10, 7, 1, 6, 0, 8, 4, 11, 9, 5, 2, 12], "R": [[-0.16218619132898482, 0.927384055058235, -0.33712676216216153], [0.22867522930240003, -0.2970254251877203, -0.9270833491631423], [-0.9598975355972597, -0.22745265708669743, -0.1638963390027628]], "T": [0.04151189516118999, -0.022958255836117228, -0.04117917432200722], "aligned_model": [[-0.3774206133238649, -0.7792092283624981, 0.08310994609566633, 0.6916271199869821, 0.1682887001748866, 0.7570775403842909, -0.5505188514922301, -0.09124674165629795, -0.13478139830680597, -0.49657202405084905, 0.28352898343418537, 0.4499615142309296, 0.07754832125013683], [-0.08892021799770601, -0.16903889239346204, -0.1483985282606095, 0.3377897144369011, -0.5140617103914181, -0.4284146794059811, 0.44807175069849375, 0.5612379943733052, -0.590408887211669, 0.03554650934235295, -0.16452936218592112, 0.3149089931071655, 0.04837233727389556], [-0.4245122559248134, 0.0875236008515928, -0.8231281453991887, -0.31401140986589077, -0.23637326240817932, 0.12161174753256462, 0.12710658880357814, -0.4055767696412168, 0.35192990044843997, 0.556670301237588, 0.6292398224311445, 0.38682112742425667, -0.004276150204333293]], "inverted": false, "swapped": false, "error_lsq": 0.04633316767548197, "error_max": 0.24409499614143448, "target": "665.xyz", "model": "2.xyz", "model_rescale": 3.932901565614263, "target_rescale": 3.8829765206689886},
{"mapping": [8, 3, 9, 5, 7, 4, 10, 12, 0, 1, 2, 6, 13], "R": [[0.34540796939770474, 0.9374404436136076, 0.043574641181281015], [-0.8313434300601411, 0.327197112371126, -0.4492328471425884], [-0.435386536278275, 0.11894311385498481, 0.8923514440477399]], "T": [-0.13870681094214543, -0.06723497431514658, -0.023988591359516833], "aligned_model": [[-0.5495450170560261, -0.4944414713681929, 0.068449677064498, 0.49895017040766654, 0.209332518569738, 0.5933282663265564, -0.3157377112805208, 0.12851030329546875, -0.1069890946143744, -0.4216476078747584, 0.2695346571619864, 0.2846008206045036, -0.0829522428720136], [-0.25214364505847875, -0.43348379871813586, 0.07236713534790506, 0.15805550743173458, -0.5285339066603087, -0.43524484121240026, 0.6134020140917746, 0.5990390730092243, -0.5457655579640043, 0.044246321880298256, -0.07698803425028722, 0.3951420598221538, 0.03206269366587154], [-0.6034775709035384, -0.0243464687296826, -0.7149230164992865, -0.26778657868667033, -0.4432909494226148, 0.2791941720889466, 0.1121686362818137, -0.28438006180365216, 0.4439353299424845, 0.6515001553579063, 0.7022645564618089, 0.24750797962899265, -0.04534108843096507]], "inverted": true, "swapped": false, "error_lsq": 0.044461009975647066, "error_max": 0.2669905643968416, "target": "665.xyz", "model": "3.xyz", "model_rescale": 3.9243930471874484, "target_rescale": 3.8829765206689886},
{"mapping": [5, 5, 1, 7, 9, 8, 3, 2, 11, 6, 10, 4, 12], "R": [[-0.4964649228881315, -0.8667624493683339, 0.04738603915382528], [-0.8103291780212685, 0.4823324754281384, 0.33274916437872487], [-0.3112703063079692, 0.12679999807717096, -0.9418240583562159]], "T": [0.06405001821089672, -0.06343480197922292, 0.06388497101670948], "aligned_model": [[-0.6074018684495941, -0.6074018684495941, 0.0294048506648924, 0.5509576619119461, 0.30348916626242617, 0.6725639680354326, -0.2269891998282506, 0.08720092907082355, -0.19543637190752883, -0.5734696888215995, 0.25057992437422555, 0.42782346396031334, -0.029927698458960483], [-0.1589653887286796, -0.1589653887286796, -0.12657725034157224, 0.3187161596114856, -0.7036259126564828, -0.21358166419863833, 0.488268691560219, 0.782599169206351, -0.7431174933434934, -0.0701371336661811, -0.11405083300326523, 0.3966577121130931, -0.055065646438808624], [-0.2732342522118906, -0.2732342522118906, -0.6467295824248886, -0.4458211678250405, -0.11079080854945919, 0.12307163801894393, 0.31661565602391356, -0.30340925060936114, 0.37506391276991985, 0.4030607611784906, 0.7419501087645408, 0.15526893068078065, -0.008786598318516206]], "inverted": true, "swapped": false, "error_lsq": 0.04773096636250497, "error_max": 0.3179991050669853, "target": "665.xyz", "model": "4.xyz", "model_rescale": 3.8936222436046832, "target_rescale": 3.8829765206689886},
{"mapping": [2, 0, 7, 3, 6, 9, 8, 10, 5, 4, 11, 12], "R": [[0.9468779028574099, -0.29431236599187943, -0.12962433531021617], [0.3044428356361491, 0.6904704779904534, 0.6561745795544474], [-0.10361851625155635, -0.660780410006151, 0.7433925294499057]], "T": [-0.14362231290641186, -0.043441080195322807, -0.034279741933377614], "aligned_model": [[0.03163610940062972, -0.4265580756946696, -0.2942626626296422, 0.37929447326735694, -0.6641875957469905, -0.7204002248445396, -0.1798609648675565, 0.029706183856269663, 0.5783712218349348, 0.33379465753845944, 0.11534790978182158, -0.15533298968097628], [-0.5240443633852677, -0.6597494428705181, 0.27141606384500416, 0.04394741372708352, 0.3749665875247651, 0.1573306301249586, -0.29460662324463227, 0.4785348372356094, 0.04916950258909941, -0.633629537745853, 0.49189463075785367, -0.08630679344829542], [-0.5465664354438609, -0.26116168866238526, -0.7078288670369633, -0.493668439632821, -0.18413941525681093, 0.5019414340956746, 0.6278222631193537, 0.5022709522087191, 0.2298867435816509, 0.2060202436597291, -0.1738362541855506, -0.0814558171712175]], "inverted": false, "swapped": true, "error_lsq": 0.03875980444608099, "error_max": 0.1767558445383184, "target": "665.xyz", "model": "5.xyz", "model_rescale": 3.6523030999806103, "target_rescale": 3.8829765206689886},
{"mapping": [2, 4, 1, 5, 6, 8, 7, 0, 10, 11, 9, 5, 12], "R": [[0.9400418104721797, 0.3408605751766832, 0.011638851077622275], [-0.33161659387551123, 0.9214577025180912, -0.20235151874024862], [-0.07969836403961257, 0.18635925187739313, 0.9792437898751811]], "T": [-0.011070996072981681, -0.08435823318911241, 0.009624750325180596], "aligned_model": [[-0.45137723983168065, -0.5708590715575452, 0.10577652855935021, 0.477829820120396, 0.23281093994800808, 0.636936874656309, -0.12014514938932296, -0.01396128656094634, -0.2586027010269827, -0.5847975544510733, 0.16152824938518942, 0.477829820120396, -0.011575961607565823], [-0.3559016002618412, -0.2098071998000101, -0.00592726395192146, 0.3847364558151759, -0.6419410081788811, -0.22529227823461423, 0.4836664228682328, 0.7451158106645237, -0.7678661618933681, 0.08354475919910552, -0.2536988315322832, 0.3847364558151759, 0.020789460876052324], [-0.5458986476654246, 0.004015004478552036, -0.6705003154129187, -0.059871254309355276, -0.218952397240958, 0.1276353307258125, 0.3733126369621177, -0.5373013756668842, 0.29285258813067705, 0.6555469008198751, 0.6909441595604443, -0.059871254309355276, 0.0011137192129605233]], "inverted": true, "swapped": false, "error_lsq": 0.056224351928499165, "error_max": 0.35244596433362047, "target": "665.xyz", "model": "6.xyz", "model_rescale": 4.08911054899281, "target_rescale": 3.8829765206689886},
{"mapping": [1, 2, 9, 8, 11, 10, 6, 3, 13, 7, 5, 4, 14], "R": [[0.8245251867453514, -0.38404630564684417, -0.4155317695935591], [0.49295853946305646, 0.1270637169695233, 0.8607245146969731], [-0.27775905888556407, -0.9145289754561634, 0.29408614088070545]], "T": [0.015338291863089463, -0.07058991443590916, 0.032276268193045604], "aligned_model": [[-0.4388682056817359, -0.7899719866543629, 0.13796072659057754, 0.5730902521905377, 0.23633363109044364, 0.6878002577544745, -0.29057765607757513, 0.0004065017630826267, -0.3552183562182861, -0.4105920809833823, 0.33122957946342746, 0.3668159543659633, 0.03298465076136686], [-0.30185004243215785, -0.06300390663606963, 0.0010878532798218737, 0.19559565851971267, -0.5508139349413883, -0.3079061826465567, 0.3131753706605795, 0.6558775888521863, -0.6839118492976844, -0.039597949159509635, 0.033593263434306284, 0.4932721828060825, -0.10336303105397532], [-0.4951336953482365, 0.07173955608266311, -0.7386863405141362, -0.2561799066172016, -0.22282569794304016, 0.1359622931628994, 0.12328508756705411, -0.28152851917729427, 0.1820043454922868, 0.6779633287050425, 0.7177394615523913, 0.26758984144719034, -0.12890465912407634]], "inverted": true, "swapped": false, "error_lsq": 0.042649191007796114, "error_max": 0.2588751908788904, "target": "665.xyz", "model": "7.xyz", "model_rescale": 3.964800864290218, "target_rescale": 3.8829765206689886},
{"mapping": [3, 0, 10, 9, 5, 8, 4, 11, 1, 2, 7, 12, 13], "R": [[-0.42197994839838227, 0.33005268840947094, -0.844392175486829], [-0.18604199056431314, -0.9430815945448269, -0.2756546458481248], [-0.8873112762140279, 0.040771667913734405, 0.4593651817442909]], "T": [-0.096499210384551, -0.012400101105853666, -0.004093548524979256], "aligned_model": [[-0.5593317582577254, -0.7353686564666047, 0.3043011911680974, 0.5290975065134748, 0.2194180420348011, 0.6007090129379997, -0.36411555949576807, 0.06723959924611778, -0.09731800732403684, -0.45717204718114024, 0.21568892244068755, 0.38500565640355827, -0.026760633654929408], [-0.3117333632619741, -0.319648642557929, -0.06613311032289908, 0.21520183401224308, -0.6322927095888249, -0.3349392869547928, 0.6122396377563021, 0.7249586287173626, -0.6153601805338131, 0.08827865500464498, -0.12631822839641835, 0.44757967982514024, -0.03967789231369455], [-0.4754196845482301, 0.09887992942505194, -0.7193598030365063, -0.1792587098029099, -0.46777465288482456, 0.026348992935889493, 0.17838955024431322, -0.3455976191711505, 0.44262600931886054, 0.5421551316740997, 0.6255209326930237, 0.3526228678096347, -0.026107849371708663]], "inverted": true, "swapped": false, "error_lsq": 0.04332039343753707, "error_max": 0.23255720264560528, "target": "665.xyz", "model": "8.xyz", "model_rescale": 4.121658175737393, "target_rescale": 3.8829765206689886},
{"mapping": [7, 9, 11, 3, 8, 2, 5, 10, 6, 4, 1, 0, 12], "R": [[-0.33312089704818393, -0.5125371499291866, 0.7914140116855903], [0.7440252768926723, -0.6584799436615202, -0.11327202276071181], [0.5791863735401543, 0.5510987513486014, 0.6006940244146075]], "T": [-0.007310141995136804, -0.04181260646221252, -0.05487039725988327], "aligned_model": [[-0.4707606818347974, -0.7629786473674486, 0.1432664793397437, 0.6771679922557928, 0.18219796362950766, 0.6383336077290388, -0.38067818505102236, 0.11346126104614962, -0.1808636961972364, -0.36987053718940155, 0.22649688420458589, 0.24809828251888322, 0.017522545280736247], [-0.18198094334556064, -0.3029395444881004, -0.024093970373019618, 0.24250969957530177, -0.6855472997382753, -0.2358952909688227, 0.4487954477227818, 0.6399313806824696, -0.6636018600787043, 0.1281708714415186, -0.16192070641008133, 0.4953765652078562, -0.05664932784201657], [-0.5247398948556397, 0.17743898537574718, -0.6713481386228742, -0.3256738342615181, -0.33814704702585197, 0.11193041471565668, -0.014646674542953736, -0.3665115928596877, 0.19700127245475116, 0.7374574987497516, 0.5821853573959282, 0.4599291497969973, 0.028149598965235764]], "inverted": true, "swapped": false, "error_lsq": 0.05011104453351296, "error_max": 0.3209584468137942, "target": "665.xyz", "model": "9.xyz", "model_rescale": 3.833441315466971, "target_rescale": 3.8829765206689886},
{"mapping": [9, 3, 8, 10, 13, 0, 7, 11, 5, 4, 1, 12, 14], "R": [[-0.6305555325832874, 0.7652617708960158, -0.1295150274435386], [-0.7350968720025041, -0.535286259848081, 0.41605433393967545], [0.24906286174526504, 0.35755145367198066, 0.9000692467117807]], "T": [0.01568814531921738, 0.02014075614959941, 0.08448109412961348], "aligned_model": [[-0.48745476869901816, -0.8394868351924493, 0.05950408550001493, 0.6502116101594554, 0.2575474067726898, 0.6014496926840832, -0.4385556255437807, 0.0847229160988188, -0.018135010793664582, -0.5232642538667575, 0.44045774503738133, 0.3594691532280347, -0.06507284702027648], [-0.09306301899460258, -0.1182201286890018, 0.0863576321753423, 0.155729882094928, -0.7015363472342822, -0.31665857689938326, 0.4554301036169794, 0.6144681570562941, -0.602541980698702, -0.16940590545022452, -0.113931484755192, 0.4394936825634187, 0.0060330065997731205], [-0.5415718109024245, 0.022401564482699608, -0.6909251549374186, -0.42024626297755885, -0.15294846914186666, 0.16976052066465064, -0.13483547477342828, -0.2431562389056675, 0.34631578397930324, 0.6408217762464997, 0.6737215834782861, 0.3471173426181575, 0.03656993545430992]], "inverted": true, "swapped": false, "error_lsq": 0.047768782640768774, "error_max": 0.38567529351553187, "target": "665.xyz", "model": "10.xyz", "model_rescale": 4.2482417240324, "target_rescale": 3.8829765206689886},
{"mapping": [5, 3, 2, 7, 8, 1, 4, 6, 11, 9, 10, 12], "R": [[0.5166471909732161, -0.719937914795443, 0.4634275336009662], [0.8536604005180808, 0.39149263353589264, -0.3435075522815204], [0.06587564532355875, 0.5730819459092398, 0.8168460580954554]], "T": [0.044526659878625585, 0.06976327283665752, -0.0011969216825455861], "aligned_model": [[-0.6175108488371125, 0.06466050641015189, 0.3077851052535006, 0.6687423178969384, -0.4488450663009994, 0.2183883085233516, -0.4668223082714581, 0.5080587826623324, 0.004640238990357842, 0.010303824432833175, -0.45930729855054486, 0.08667204015365582], [-0.3318581566783402, -0.6193706519507001, -0.22167683219907985, -0.3209092220684807, 0.5719706613970416, 0.7520687869290185, 0.042286052920822534, 0.2359178198026156, -0.3685139982509707, 0.7570858349286407, 0.10608807513750489, 0.063043020082567], [0.0052746105259061996, 0.12844007780964337, 0.6069891870588281, -0.1834763062962034, 0.08335196173976417, 0.1836890453083512, 0.6085248979436031, -0.47663540294445295, -0.42480998433481165, -0.4335528886356799, -0.5801788943065966, 0.04757598598600496]], "inverted": true, "swapped": true, "error_lsq": 0.049510934495908814, "error_max": 0.2544700553939764, "target": "665.xyz", "model": "11.xyz", "model_rescale": 3.6694154284099745, "target_rescale": 3.8829765206689886},
{"mapping": [2, 8, 1, 0, 12, 5, 11, 4, 10, 9, 7, 6, 13], "R": [[-0.4702746825173633, -0.7974493822315503, -0.37804259781367505], [0.8757823729375631, -0.47452991484675394, -0.08846804602444644], [-0.10884373309954168, -0.37268732564181917, 0.9215515173178894]], "T": [0.021435452692978856, -0.02042174338645513, 0.008905620853788198], "aligned_model": [[-0.3798014322191487, -0.7309878090965214, -0.006797100819254394, 0.5718452878975189, 0.2926477339297489, 0.7660017559833127, -0.3040310085179735, -0.03642276375742754, -0.20349167580750577, -0.5059960352395124, 0.18008131779457126, 0.3533862241639314, 0.08495877405279215], [-0.34766379179877593, 0.054447436710896545, -0.09172059561478918, 0.19920091758790903, -0.6028488923586692, -0.16462615575202022, 0.5477449075320384, 0.5992027842433807, -0.5755566566044129, -0.07665713666188181, -0.2921681093621231, 0.3737311880296877, 0.019069125434107388], [-0.38888223382410075, -0.02027814690654854, -0.8340610989487571, -0.39053494358866914, -0.21243351918460246, 0.2723385343926064, 0.3499142546417859, -0.3915897240616963, 0.22047547291087866, 0.6116824228050289, 0.6820703262080794, 0.2419442130001768, -0.08762046215863857]], "inverted": false, "swapped": false, "error_lsq": 0.047068015818397986, "error_max": 0.30677691992735695, "target": "665.xyz", "model": "12.xyz", "model_rescale": 3.9764082729961374, "target_rescale": 3.8829765206689886},
{"mapping": [12, 1, 13, 6, 11, 3, 0, 5, 8, 2, 7, 4, 15], "R": [[0.13906457199688674, 0.9326824962207992, 0.3328128694306487], [0.6448194871801914, 0.1697830395525534, -0.7452392558319587], [-0.7515775899852244, 0.3182406019407886, -0.57780104318733]], "T": [-0.024306904040085904, -0.018326852293990822, -0.09480409267820565], "aligned_model": [[-0.4527166444775021, -0.6196052931766306, 0.12516029534433576, 0.5531519181962827, 0.20666100808818166, 0.5218486827465071, -0.24122494797893498, -0.06563628233666038, -0.10589082917572554, -0.45185207920856924, 0.1659954421537125, 0.37475213546288194, 0.07074986272665251], [-0.05597488789792564, -0.22483724102094782, -0.18077423601007941, 0.27263635481988974, -0.7631050164447356, -0.49412164162015515, 0.46154764294324147, 0.793119606992034, -0.6176255684067133, -0.14725656528160136, 0.10093323216950424, 0.5062212453200161, -0.008607904177180102], [-0.5662500118054994, -0.0154576025209726, -0.665550051944563, -0.5016708109369281, -0.24481745381902492, 0.3338879188935927, 0.40497082119484623, -0.30137231878403925, 0.27103459947129044, 0.5661359698124886, 0.6267191212310115, 0.1906164708061432, -0.04522155631280228]], "inverted": false, "swapped": false, "error_lsq": 0.043892704007923, "error_max": 0.29103611391463047, "target": "665.xyz", "model": "13.xyz", "model_rescale": 4.170626492500431, "target_rescale": 3.8829765206689886},
{"mapping": [2, 0, 4, 12, 6, 11, 7, 8, 3, 1, 9, 10, 13], "R": [[0.23077211992021407, -0.6054468220058941, -0.7616944101084725], [-0.9546289753933668, 0.01054889783315982, -0.29761088705542427], [0.18822260227438484, 0.7958158496018216, -0.5755426878308766]], "T": [-0.010758091718025787, -0.05870017299028669, -0.0482889145711476], "aligned_model": [[-0.43598684882208744, -0.5922591625687279, -0.02198750196263606, 0.5659740587354714, 0.3426441561870581, 0.5481119400610678, -0.34572694312716273, 0.006432470304579304, -0.11284377534387614, -0.4551025147211614, 0.22410835620997455, 0.2835336952738119, 0.07449533813822067], [-0.413280225959248, 0.07342299881878567, 0.09975388870273239, 0.2883857854429658, -0.7679329706535846, -0.3752881832567942, 0.6155366964323356, 0.6296124211898858, -0.669629679224192, -0.04348833803038443, -0.02760126315925255, 0.3469326095370239, -0.11426871845492612], [-0.40379651984086307, -0.03221475523139845, -0.7395409245295735, -0.33572148975692606, -0.33039697352092756, 0.24683134983960797, 0.25275977814422257, -0.3266529748864686, 0.25472470895314697, 0.5787207374426865, 0.7264220301746225, 0.21090733313149884, -0.0490172046340851]], "inverted": true, "swapped": false, "error_lsq": 0.04519906134169737, "error_max": 0.3361195200561413, "target": "665.xyz", "model": "14.xyz", "model_rescale": 3.9786697098870705, "target_rescale": 3.8829765206689886},
{"mapping": [10, 5, 6, 9, 11, 7, 4, 2, 12, 8, 3, 12], "R": [[-0.8776669542115793, 0.46751597890479724, 0.10549657318443675], [0.3315962796075492, 0.751272647053305, -0.570642898089473], [-0.3460413628966949, -0.4658521431293515, -0.814393735183657]], "T": [0.11846197884760823, -0.011856488221011319, 0.04467281143439855], "aligned_model": [[-0.06152207775868729, -0.6160682160547449, 0.7029647733997635, 0.6352678551277177, -0.04962561648934663, 0.39974079146815805, -0.45772076497738445, -0.04219745760355159, 0.1311983578767234, 0.030305245631643635, -0.32018665172967814, 0.1311983578767234], [-0.3673320331395574, -0.12096423570216445, 0.14701845965611365, -0.5709391407162696, 0.2959135977159633, 0.683464423295485, -0.30642855528832663, 0.3887521071903127, 0.020730227255954588, -0.7118047380609476, 0.5355341507619216, 0.020730227255954588], [-0.6123136038624817, -0.1748635375778698, -0.2741160621045367, -0.23967462201248896, -0.45547722032518706, -0.06893625345224264, 0.508606217423526, 0.625907691248208, 0.09922628998252334, 0.11592779680919335, 0.03645350776266287, 0.09922628998252334]], "inverted": false, "swapped": true, "error_lsq": 0.05782325684640647, "error_max": 0.3716957030483458, "target": "665.xyz", "model": "15.xyz", "model_rescale": 3.769337070930944, "target_rescale": 3.8829765206689886},
{"mapping": [9, 6, 8, 1, 10, 11, 5, 7, 4, 0, 12], "R": [[0.9945254406376073, 0.08513196114849739, 0.06059453040979981], [0.07876035107040574, -0.9917910200378964, 0.10073420308641749], [0.06867281138733042, -0.09541028122377536, -0.9930664243709787]], "T": [0.04151262756387238, 0.0007616412614307039, 0.07717405486500042], "aligned_model": [[-0.4633490200525399, -0.24653158426972163, -0.1678689883129814, -0.6601379697419053, 0.34720319783984693, 0.5076460830072087, 0.704631791422864, 0.10793006557958076, 0.2110719936178964, -0.43702711535788236, 0.01905767695880477], [0.06471021445671735, -0.5402622989109442, 0.6154195039141837, 0.1930011459972616, 0.13901892736233445, -0.32686295030949203, 0.3915966437029747, -0.7260868358812747, 0.6940038217250382, 0.10347500186603624, -0.011948676297492876], [-0.5564981677698144, -0.2275138838263487, -0.20766183791891493, 0.0510604503679183, -0.61407587941102, -0.14307046490193592, -0.007420813246525368, 0.28399759136056935, 0.43024396689390865, 0.598531649532218, 0.13662499614372214]], "inverted": false, "swapped": true, "error_lsq": 0.05347901956708856, "error_max": 0.26444629865326363, "target": "665.xyz", "model": "16.xyz", "model_rescale": 3.7852294659196426, "target_rescale": 3.8829765206689886},
{"mapping": [0, 8, 4, 5, 10, 6, 2, 1, 9, 8, 11, 7, 12], "R": [[-0.5786372016781389, 0.601386576358061, 0.5509202978747676], [-0.2183175139922507, -0.7650520001658755, 0.6058324026712639], [0.7858221503103207, 0.23028161632775415, 0.5739807708130481]], "T": [-0.055289411123331716, 0.06284307906339784, -0.05509555265295445], "aligned_model": [[-0.4942565899300181, -0.5531609433562559, 0.09437909130350311, 0.46285833105359264, 0.33977657109142145, 0.7760216863178203, -0.1564126735201605, 0.027827116091209747, -0.3629064966747947, -0.5531609433562559, 0.06447182853046968, 0.4771521440673001, -0.041195853253300545], [-0.2574070110679405, -0.1242303109597995, -0.058502012958916355, 0.24013244173448706, -0.634435490657502, -0.1886444405793146, 0.5529717375267189, 0.681668799812337, -0.7100596705082463, -0.1242303109597995, -0.08428291342321612, 0.3698852288890426, -0.020711025462503696], [-0.46800577466264226, 0.32084778801121855, -0.7367563136719519, -0.41882678546231483, -0.13864518570905024, 0.12675362286656244, 0.2965221445487594, -0.3456132362634703, 0.17996795768682072, 0.32084778801121855, 0.6533839899202147, 0.28203663761230197, -0.01948753760212351]], "inverted": false, "swapped": false, "error_lsq": 0.05354720325517047, "error_max": 0.3656514721116667, "target": "665.xyz", "model": "17.xyz", "model_rescale": 3.901054581598922, "target_rescale": 3.8829765206689886},
{"mapping": [7, 6, 12, 13, 0, 2, 10, 9, 1, 4, 8, 5, 14], "R": [[0.5970629613980931, -0.7150306498168381, 0.36365779236673834], [0.20572044662327268, -0.3016905527133391, -0.9309467805651629], [0.7753676018300357, 0.6306456851719756, -0.03303183019920497]], "T": [-0.00982367000516529, -0.017792915074973024, -0.011783088933946088], "aligned_model": [[-0.3048247616732114, -0.7333078466863744, -0.018583817108315807, 0.5720359911683397, 0.21305777438037346, 0.7831656838794617, -0.4228517733893774, 0.08741245926656988, -0.3293147411480223, -0.40455627711894515, 0.23065933227628896, 0.4223969902398464, -0.013895745722101678], [-0.4406352249565911, -0.16555912682959836, 0.048165644026742685, 0.2608107726484401, -0.7374186794277164, -0.2191699974583415, 0.6197642533871203, 0.6078190054914548, -0.6016750159475208, -0.004885466061777786, -0.11326489820076541, 0.3764072616821792, 0.011796493031721256], [-0.4287432317364484, -0.14765633142760626, -0.7517478397033107, -0.34543188360664945, -0.10104192338651583, 0.10802199152807886, 0.29705730817481873, -0.19438780230063324, 0.19483902308818496, 0.6734858630483674, 0.5993398759361359, 0.20702634527220642, -0.0577362996010858]], "inverted": true, "swapped": false, "error_lsq": 0.043471092204544634, "error_max": 0.29902073105278854, "target": "665.xyz", "model": "18.xyz", "model_rescale": 3.9405287249114394, "target_rescale": 3.8829765206689886},
{"mapping": [6, 0, 2, 10, 5, 11, 12, 3, 7, 4, 13, 14, 15], "R": [[-0.7925500705640223, -0.38637914587713945, -0.47177912340439127], [0.01647791575608029, 0.7598015591054788, -0.6499462047533008], [0.6095841729747411, -0.5228888470909819, -0.5958140562680314]], "T": [-0.066112742094998, -0.041869385540284375, 0.08152968544798295], "aligned_model": [[-0.3710581422865558, -0.7287945720591593, 0.17490445408969935, 0.5292922883693472, 0.15607830689663404, 0.6329224001879664, -0.22901902166975535, 0.007983993372376916, -0.20998292351626585, -0.6490964975818844, 0.32679476570404514, 0.48734242479043205, -0.04597420793234876], [-0.3297961662104864, -0.1546347829272188, -0.12656794279169598, 0.23662153308878184, -0.6803199461145452, -0.21662027395142297, 0.42603591933640844, 0.7411290399567342, -0.5674074375957107, -0.0698373201405976, -0.03991440696438194, 0.46434388723716763, -0.04087708153768555], [-0.5368471636231349, -0.06273054934826428, -0.7491701090360672, -0.3495615982558485, -0.40248959330987616, 0.08654952137855385, 0.3153356561860139, -0.2453521499853018, 0.5273286038864897, 0.5219984858058258, 0.6264606111127682, 0.2743364871639691, 0.04716689331041537]], "inverted": true, "swapped": false, "error_lsq": 0.037826220528816526, "error_max": 0.20033330855390777, "target": "665.xyz", "model": "19.xyz", "model_rescale": 4.410303926677745, "target_rescale": 3.8829765206689886},
{"mapping": [3, 0, 10, 9, 5, 8, 4, 11, 1, 2, 7, 12, 13], "R": [[-0.42197994839838227, 0.33005268840947094, -0.844392175486829], [-0.18604199056431314, -0.9430815945448269, -0.2756546458481248], [-0.8873112762140279, 0.040771667913734405, 0.4593651817442909]], "T": [-0.096499210384551, -0.012400101105853666, -0.004093548524979256], "aligned_model": [[-0.5593317582577254, -0.7353686564666047, 0.3043011911680974, 0.5290975065134748, 0.2194180420348011, 0.6007090129379997, -0.36411555949576807, 0.06723959924611778, -0.09731800732403684, -0.45717204718114024, 0.21568892244068755, 0.38500565640355827, -0.026760633654929408], [-0.3117333632619741, -0.319648642557929, -0.06613311032289908, 0.21520183401224308, -0.6322927095888249, -0.3349392869547928, 0.6122396377563021, 0.7249586287173626, -0.6153601805338131, 0.08827865500464498, -0.12631822839641835, 0.44757967982514024, -0.03967789231369455], [-0.4754196845482301, 0.09887992942505194, -0.7193598030365063, -0.1792587098029099, -0.46777465288482456, 0.026348992935889493, 0.17838955024431322, -0.3455976191711505, 0.44262600931886054, 0.5421551316740997, 0.6255209326930237, 0.3526228678096347, -0.026107849371708663]], "inverted": true, "swapped": false, "error_lsq": 0.04332039343753707, "error_max": 0.23255720264560528, "target": "665.xyz", "model": "20.xyz", "model_rescale": 4.121658175737393, "target_rescale": 3.8829765206689886},
{"mapping": [2, 4, 1, 5, 6, 8, 7, 0, 10, 11, 9, 5, 12], "R": [[0.9400418104721797, 0.3408605751766832, 0.011638851077622275], [-0.33161659387551123, 0.9214577025180912, -0.20235151874024862], [-0.07969836403961257, 0.18635925187739313, 0.9792437898751811]], "T": [-0.011070996072981681, -0.08435823318911241, 0.009624750325180596], "aligned_model": [[-0.45137723983168065, -0.5708590715575452, 0.10577652855935021, 0.477829820120396, 0.23281093994800808, 0.636936874656309, -0.12014514938932296, -0.01396128656094634, -0.2586027010269827, -0.5847975544510733, 0.16152824938518942, 0.477829820120396, -0.011575961607565823], [-0.3559016002618412, -0.2098071998000101, -0.00592726395192146, 0.3847364558151759, -0.6419410081788811, -0.22529227823461423, 0.4836664228682328, 0.7451158106645237, -0.7678661618933681, 0.08354475919910552, -0.2536988315322832, 0.3847364558151759, 0.020789460876052324], [-0.5458986476654246, 0.004015004478552036, -0.6705003154129187, -0.059871254309355276, -0.218952397240958, 0.1276353307258125, 0.3733126369621177, -0.5373013756668842, 0.29285258813067705, 0.6555469008198751, 0.6909441595604443, -0.059871254309355276, 0.0011137192129605233]], "inverted": true, "swapped": false, "error_lsq": 0.056224351928499165, "error_max": 0.35244596433362047, "target": "665.xyz", "model": "21.xyz", "model_rescale": 4.08911054899281, "target_rescale": 3.8829765206689886},
{"mapping": [7, 13, 6, 8, 0, 1, 9, 5, 4, 14, 15, 11, 16], "R": [[0.9912252284118069, 0.10311050923653106, -0.08270894416533378], [0.0849952745946588, -0.9763873307266641, -0.19860408780545824], [-0.10123413385088847, 0.18983151287771705, -0.9765836609640863]], "T": [-0.06138411736742888, -0.025264190312682136, 0.051069871831337516], "aligned_model": [[-0.4736607182923952, -0.5971853233211678, 0.12482733520041336, 0.5192715244100746, 0.09755586075259462, 0.6819394679286672, -0.3768560945141663, 0.033103882839227244, -0.1515289538069119, -0.4457487493797775, 0.20850296753246056, 0.5374426826145718, -0.07627061359905916], [-0.19216609237498572, -0.4091490435105657, -0.07217663697515209, 0.17545976107784256, -0.6519989322227646, -0.28788579661812835, 0.6023235682972478, 0.6348534534317949, -0.7035032727668274, 0.09479910795919233, 0.11036638538679612, 0.4088200326930297, -0.06758751299213223], [-0.5038787270741601, 0.0033262522367102643, -0.6691305487684313, -0.27035031899400996, -0.37556937251613565, 0.14325620872647515, 0.17005999091948415, -0.17924679752273728, 0.18582090656879938, 0.5507409836770738, 0.7146000717724112, 0.24822560017644943, 0.03517084608361357]], "inverted": true, "swapped": false, "error_lsq": 0.03756148630849586, "error_max": 0.1910929517836205, "target": "665.xyz", "model": "22.xyz", "model_rescale": 4.204369325754507, "target_rescale": 3.8829765206689886},
{"mapping": [6, 0, 2, 10, 5, 11, 12, 3, 7, 4, 13, 14, 15], "R": [[-0.7925500705640223, -0.38637914587713945, -0.47177912340439127], [0.01647791575608029, 0.7598015591054788, -0.6499462047533008], [0.6095841729747411, -0.5228888470909819, -0.5958140562680314]], "T": [-0.066112742094998, -0.041869385540284375, 0.08152968544798295], "aligned_model": [[-0.3710581422865558, -0.7287945720591593, 0.17490445408969935, 0.5292922883693472, 0.15607830689663404, 0.6329224001879664, -0.22901902166975535, 0.007983993372376916, -0.20998292351626585, -0.6490964975818844, 0.32679476570404514, 0.48734242479043205, -0.04597420793234876], [-0.3297961662104864, -0.1546347829272188, -0.12656794279169598, 0.23662153308878184, -0.6803199461145452, -0.21662027395142297, 0.42603591933640844, 0.7411290399567342, -0.5674074375957107, -0.0698373201405976, -0.03991440696438194, 0.46434388723716763, -0.04087708153768555], [-0.5368471636231349, -0.06273054934826428, -0.7491701090360672, -0.3495615982558485, -0.40248959330987616, 0.08654952137855385, 0.3153356561860139, -0.2453521499853018, 0.5273286038864897, 0.5219984858058258, 0.6264606111127682, 0.2743364871639691, 0.04716689331041537]], "inverted": true, "swapped": false, "error_lsq": 0.037826220528816526, "error_max": 0.20033330855390777, "target": "665.xyz", "model": "23.xyz", "model_rescale": 4.410303926677745, "target_rescale": 3.8829765206689886},
{"mapping": [5, 4, 6, 13, 9, 11, 0, 12, 10, 3, 1, 7, 16], "R": [[-0.698199478054825, -0.7038424030979249, -0.1308562587166104], [0.4372852774592086, -0.5640107225487992, 0.7004808997877134], [-0.5668324928595688, 0.43185388321898865, 0.7015719126271285]], "T": [0.05539734227190057, -0.13687028835549941, -0.0791646596387328], "aligned_model": [[-0.415439919247602, -0.6030676473352478, 0.15193268110898134, 0.51776466538162, 0.1870449747713982, 0.5781940291949739, -0.2510124044910459, -0.08766786270692462, -0.060689255231186574, -0.5407144219797776, 0.18661274332169522, 0.4255301246922574, -0.007094439114610239], [0.033977145022948185, -0.31791770857907736, 0.11399441004537503, 0.2666081459244794, -0.741628321458392, -0.38384885990516515, 0.5028790047805675, 0.5964042432383588, -0.6271892720330041, -0.03471521624475554, 0.014681779492158986, 0.330324346289792, -0.11141467518793857], [-0.4595926569006916, 0.007611270682963259, -0.7902525031655686, -0.4221052309050472, -0.17589420984538906, 0.17853030722773006, 0.18010300148917846, -0.37584064994444016, 0.33301872479255407, 0.586767837238287, 0.7551912828874636, 0.2152190923224026, 0.020268829406100114]], "inverted": true, "swapped": false, "error_lsq": 0.03800341329123423, "error_max": 0.23957948530003875, "target": "665.xyz", "model": "24.xyz", "model_rescale": 4.28219845311461, "target_rescale": 3.8829765206689886},
{"mapping": [11, 14, 9, 3, 13, 4, 8, 5, 2, 6, 0, 1, 15], "R": [[0.47480111557951393, -0.5224275355206691, -0.7082608070296206], [-0.8041915531416075, -0.5844780119927119, -0.10798795929517802], [-0.3575469850245401, 0.6208501619769844, -0.6976426233201451]], "T": [0.004447816441265531, -0.10769485735500124, -0.10810313774758622], "aligned_model": [[-0.41408173451410824, -0.6764332352835309, 0.1704409262755699, 0.6876401810383754, 0.04528030174505447, 0.6355559474968148, -0.2758039900450116, -0.08082561255647336, -0.10937538832400388, -0.44832005564193006, 0.218883780406119, 0.30086439922053837, 0.027567748547117785], [0.017038774658479, -0.4275866973823944, 0.012627991626819338, 0.23666996120733907, -0.6748185775136225, -0.3064977213063268, 0.4723198098316295, 0.6929420493203131, -0.606543868853001, 0.033485543145184524, -0.10622250972564813, 0.4107873536382957, -0.1120470872617202], [-0.43329785983023855, 0.01112281991538562, -0.7521857282430165, -0.22937312394598908, -0.28020732454839165, 0.2030696779449716, 0.1507172009786903, -0.3855732566622061, 0.3468407776665574, 0.6582300035720908, 0.6790240575561518, 0.12252818099215494, -0.03787033011061734]], "inverted": false, "swapped": false, "error_lsq": 0.041268883535093094, "error_max": 0.2340836412182283, "target": "665.xyz", "model": "25.xyz", "model_rescale": 4.100010024507729, "target_rescale": 3.8829765206689886},
{"mapping": [5, 3, 2, 7, 8, 1, 4, 6, 11, 9, 10, 12], "R": [[0.5166471909732161, -0.719937914795443, 0.4634275336009662], [0.8536604005180808, 0.39149263353589264, -0.3435075522815204], [0.06587564532355875, 0.5730819459092398, 0.8168460580954554]], "T": [0.044526659878625585, 0.06976327283665752, -0.0011969216825455861], "aligned_model": [[-0.6175108488371125, 0.06466050641015189, 0.3077851052535006, 0.6687423178969384, -0.4488450663009994, 0.2183883085233516, -0.4668223082714581, 0.5080587826623324, 0.004640238990357842, 0.010303824432833175, -0.45930729855054486, 0.08667204015365582], [-0.3318581566783402, -0.6193706519507001, -0.22167683219907985, -0.3209092220684807, 0.5719706613970416, 0.7520687869290185, 0.042286052920822534, 0.2359178198026156, -0.3685139982509707, 0.7570858349286407, 0.10608807513750489, 0.063043020082567], [0.0052746105259061996, 0.12844007780964337, 0.6069891870588281, -0.1834763062962034, 0.08335196173976417, 0.1836890453083512, 0.6085248979436031, -0.47663540294445295, -0.42480998433481165, -0.4335528886356799, -0.5801788943065966, 0.04757598598600496]], "inverted": true, "swapped": true, "error_lsq": 0.049510934495908814, "error_max": 0.2544700553939764, "target": "665.xyz", "model": "26.xyz", "model_rescale": 3.6694154284099745, "target_rescale": 3.8829765206689886},
{"mapping": [6, 12, 1, 5, 0, 4, 9, 7, 2, 11, 10, 8, 13], "R": [[0.7434853779547309, -0.5668899752048904, 0.35477492693214663], [-0.6366515972302198, -0.7623751292162172, 0.11601252560291134], [0.2047052430000782, -0.31212164033394907, -0.9277261692565991]], "T": [0.01739336822172708, 0.054495697539937105, 0.005686541910293456], "aligned_model": [[-0.43201466030181257, -0.7640598927036523, 0.0377462002433793, 0.5882258328561696, 0.3560140149443039, 0.6419839123326139, -0.2984623449783065, 0.0452703424451062, -0.1586962052694257, -0.5323270567297425, 0.1259916130759977, 0.46722692840103136, 0.004494584048869359], [-0.24517300148057253, -0.055744463686915754, -0.14674589699271484, 0.1341222748105219, -0.4442726694907908, -0.3297919511581437, 0.5426434753978164, 0.582771294936951, -0.5888161933033192, -0.22383557231067447, 0.003616632910970939, 0.41364639456944147, -0.0002653028172233396], [-0.4178952406657895, 0.08881728952643055, -0.8538099598594363, -0.5363359716744189, -0.2654214011600389, 0.3768202447106362, 0.36179109240307405, -0.3353065551186944, 0.13710921655459082, 0.6027750009008469, 0.59518502527534, 0.2832072391378745, 0.016089115255127826]], "inverted": true, "swapped": false, "error_lsq": 0.05027026730198271, "error_max": 0.2841272257936122, "target": "665.xyz", "model": "27.xyz", "model_rescale": 4.103607728864725, "target_rescale": 3.8829765206689886},
{"mapping": [0, 3, 5, 7, 1, 8, 10, 6, 2, 12, 13, 11, 14], "R": [[0.5547067563711529, 0.6610467394108168, 0.5052896424334481], [-0.4586983191732652, -0.2637106521693701, 0.8485590986607983], [0.6941874865076549, -0.7024769748872435, 0.15693894777731657]], "T": [-0.045080846293987294, 0.10454680593966864, 0.04786311688159588], "aligned_model": [[-0.37025312231642343, -0.7276541281454574, 0.13406127126582146, 0.5639559527211404, 0.14081389649777604, 0.7108452620045221, -0.36486041422436133, 0.15376363506125648, -0.26326982927372994, -0.4979419536532161, 0.21379965786317284, 0.44627039568620225, -0.058137355122171844], [-0.3220092959126966, -0.207821002722811, 0.1281658422555206, 0.014029013916931843, -0.6449825853035445, -0.19265722451465978, 0.4957261166973874, 0.5984354428918288, -0.5683856044801405, -0.19055654075751488, 0.029060052946517673, 0.5399522107634113, -0.03680140439488347], [-0.42331054946718233, 0.05499891261316815, -0.6610026343164478, -0.32758588409739026, -0.40657023174043394, 0.15978031788748392, 0.11490825895118652, -0.2953600603310899, 0.2500418619190798, 0.7150395922868895, 0.6370618674264239, 0.25048918606837456, -0.015465541914519404]], "inverted": false, "swapped": false, "error_lsq": 0.04268177087405485, "error_max": 0.19754621746572065, "target": "665.xyz", "model": "28.xyz", "model_rescale": 4.137296879288765, "target_rescale": 3.8829765206689886},
