[{"mapping": [9, 10, 8, 4, 3, 0, 2, 6, 7, 1, 11], "R": [[-0.3957748659216352, 0.8263233157045902, 0.4006894476120921], [0.7356824269277533, 0.024130094975358785, 0.6768966724886233], [0.5496668283736996, 0.5626788750605908, -0.6174616274280902]], "T": [-0.03743831515040733, 0.00016102810470550177, -0.17168818018701748], "aligned_model": [[-0.47223723712133764, -0.5371303135588773, 0.07879905934728024, -0.14957171316042164, -0.6289059580400207, 0.3129072388428544, 0.6410582925039114, 0.10444289088984188, 0.05104568851718729, 0.6161735947002632, -0.0017100965786004119], [-0.4244265326393666, 0.1635440539285125, -0.4462366597415358, 0.5385172057822921, 0.1024796873652066, 0.5097345811682856, 0.07251194138687841, -0.667226995149096, -0.22983043720599683, -0.11749877145722627, 0.05372354486592279], [-0.17732068782400467, 0.25886406932989237, -0.6079466674931373, -0.7632515273871653, -0.5089261290727607, -0.15208764915302753, -0.5996577402438511, 0.07247864238497717, 0.7425753577741118, 0.07494556119351545, -0.14548117570363844]], "inverted": true, "swapped": false, "error_lsq": 0.04757734684627999, "error_max": 0.25659694276797307, "target": "666.xyz", "model": "0.xyz", "model_rescale": 3.751011558992144, "target_rescale": 3.8485832973786414},
{"mapping": [12, 9, 7, 0, 3, 8, 1, 6, 10, 4, 14], "R": [[0.19142340811638325, 0.9739448037967657, 0.12160837957307362], [0.9162863658650968, -0.22173783242190348, 0.33354404417193595], [0.35181866714948923, 0.04757996248544144, -0.9348581564146732]], "T": [-0.0639662154161122, 0.057146423308114085, -0.09307010283339927], "aligned_model": [[-0.6448572068423979, -0.48480895883309855, -0.06614151206351503, 0.013014113415047393, -0.5775019074079546, 0.3053934925562382, 0.479301726483272, 0.2764365217044149, 0.15808298239991786, 0.6634680338561623, -0.10751583892600616], [-0.367819618549418, 0.0008856494226932229, -0.3968241655957837, 0.23116673224289164, 0.1596569890264321, 0.6032565019839959, -0.05924096539870253, -0.6090120847146313, -0.14670918823105722, 0.11349908333237108, 0.026432684785085314], [-0.27731076996457465, 0.41083041509585655, -0.5763743509959707, -0.8274375037648244, -0.6491083807238205, -0.01720548502591847, -0.5137831505158453, -0.1569806967901471, 0.6695508983999192, 0.2122784858381081, -0.0802674077478714]], "inverted": true, "swapped": false, "error_lsq": 0.042565362302750195, "error_max": 0.2468684074896232, "target": "666.xyz", "model": "1.xyz", "model_rescale": 3.9405287249114394, "target_rescale": 3.8485832973786414},
{"mapping": [7, 6, 4, 2, 1, 5, 8, 3, 11, 9, 12], "R": [[0.42660033064907427, 0.8987469844901818, 0.10132134898384307], [0.8332805389705317, -0.43411814447740416, 0.34232291773773516], [0.3516471260554834, -0.06160596160519553, -0.9341033156089419]], "T": [-0.05088357733035027, -0.039801804566492904, -0.13204641657702937], "aligned_model": [[-0.6073235704865991, -0.3958448167039323, -0.029874969306546366, 0.009726543848022177, -0.6025869709813251, 0.15784414920400325, 0.6115244544315223, -0.004075004567509789, 0.17627084134485488, 0.7343541845297733, -0.03514339497018327], [-0.6044783330739334, -0.10375689373068964, -0.40369082374808685, 0.5503490848968398, 0.1774533840493024, 0.626232989252355, -0.30005888439705675, -0.6035562269262609, 0.14393627763777778, 0.06133389568905995, 0.011527148654569011], [-0.15265722260689257, 0.2830044035513805, -0.7310782537866807, -0.4670359214842593, -0.6570701120535087, 0.07020755736473017, -0.43892036784235233, -0.049647464189262275, 0.5177654610163314, 0.02142779810668216, -0.20180382427125698]], "inverted": true, "swapped": false, "error_lsq": 0.06413254829940619, "error_max": 0.3800475682934205, "target": "666.xyz", "model": "2.xyz", "model_rescale": 3.932901565614263, "target_rescale": 3.8485832973786414},
{"mapping": [1, 10, 0, 5, 6, 9, 7, 3, 11, 8, 13], "R": [[-0.8306526710927058, 0.40941469161941435, 0.37735361438938536], [0.05612788248719966, -0.6127060222753493, 0.7883152865922507], [0.5539546920227829, 0.6759962577956324, 0.48596631429785814]], "T": [-0.008451832724559825, -0.09233204771102424, -0.22797316301082843], "aligned_model": [[-0.5540527461537507, -0.5359250569715455, -0.048188703064898614, -0.04614512470606065, -0.5621121426611543, 0.3928180495141693, 0.5675082408475661, 0.27202324974027475, 0.0006533176695898667, 0.5921505037296577, -0.06385814160176766], [-0.5820515038463981, 0.14221818811033743, -0.6471740613627491, 0.5228933417134003, 0.24150847438181186, 0.5182634717088307, 0.06565904426521915, -0.49754005477065544, -0.15166944581571787, -0.0661594606749629, 0.009343624594760458], [-0.12184532283748128, 0.19617731132565658, -0.6014991328783346, -0.597941569231994, -0.44866078770114776, -0.15084643183830188, -0.6191909487185946, -0.09446032762664114, 0.6631524554010166, 0.19319017189082627, -0.22388336398009293]], "inverted": false, "swapped": false, "error_lsq": 0.04627188319192588, "error_max": 0.25721758997055394, "target": "666.xyz", "model": "3.xyz", "model_rescale": 3.9243930471874484, "target_rescale": 3.8485832973786414},
{"mapping": [7, 1, 4, 3, 2, 6, 10, 8, 9, 11, 12], "R": [[0.17849731207237504, -0.10648937209336035, -0.9781608882050535], [0.4050235260018284, 0.9139481095524382, -0.02558899041719162], [0.8967132501351721, -0.39161060592977653, 0.20626798189571224]], "T": [0.042833355754224846, 0.006964724540854776, -0.11326214147445188], "aligned_model": [[-0.6115960658644427, -0.5283402577194061, -0.13474372060204132, -0.017079884951483944, -0.7123553136794469, 0.3625729116818992, 0.6391116118842067, 0.14560741746641911, 0.21761115086052985, 0.6735349299058273, -0.019451332639980397], [-0.4445575704367224, 0.024954776973818288, -0.3056245608805813, 0.35734904831380854, 0.06691057825641483, 0.6449805325093313, -0.1743662692458194, -0.612991235619777, -0.30023108101594265, 0.19858487219474227, 0.10028252725460396], [-0.2170335641794266, 0.31522048508982237, -0.5856196226606327, -0.6847466991022009, -0.6398654632403624, -0.22380154573472621, -0.44295750310066184, -0.07546705427102338, 0.4972874889103053, 0.32449501125216107, -0.07331947915834348]], "inverted": true, "swapped": false, "error_lsq": 0.04680050256150487, "error_max": 0.30583318434275963, "target": "666.xyz", "model": "4.xyz", "model_rescale": 3.8936222436046832, "target_rescale": 3.8485832973786414},
{"mapping": [8, 9, 10, 2, 3, 1, 4, 7, 6, 5, 11], "R": [[-0.9230247017969425, 0.3170821639352272, 0.21790892865327804], [-0.3833174343162064, -0.7092204346545882, -0.5916706175040282], [-0.033062734640475926, -0.6296548867296362, 0.7761711017524311]], "T": [-0.10021637117225915, -0.04570251007112293, -0.1707689937128868], "aligned_model": [[-0.6859244310511632, -0.5242300091197905, -0.03618175243751626, 0.042221075609967185, -0.5618285000588187, 0.18615982481369928, 0.5866170774798064, 0.12655073880925802, 0.16541114780163843, 0.6533991850367119, 0.06267708945828793], [-0.49579880525960374, 0.12933034738808397, -0.3992277661820812, 0.3605844670486766, 0.08406480155290379, 0.6637267094282818, -0.007678310990803183, -0.6271494709038724, -0.12138344755712495, -0.02692667161208402, -0.004250234608500304], [-0.15586194902528588, 0.24349164581906582, -0.690756359309631, -0.7805238058309532, -0.4875602808719244, 0.06966316730997985, -0.5675542920845146, 0.0031379841719717805, 0.5764411808516242, 0.127361713153861, -0.14364695037928182]], "inverted": false, "swapped": false, "error_lsq": 0.038402926022179144, "error_max": 0.23265394118673066, "target": "666.xyz", "model": "5.xyz", "model_rescale": 3.6523030999806103, "target_rescale": 3.8485832973786414},
{"mapping": [2, 6, 3, 5, 1, 8, 7, 4, 10, 9, 12], "R": [[0.19432788647211846, -0.4648957373824771, -0.8637757960853516], [-0.9421477147189317, -0.3336288002505958, -0.032396099969637715], [-0.27311967374975793, 0.8200998579483789, -0.5028338361764002]], "T": [0.03355360791582006, -0.031086138566030035, -0.17334417200074326], "aligned_model": [[-0.5731942318342929, -0.3639165473309824, 0.011501483721243419, 0.10994111610625819, -0.5878964871216185, 0.09142729939309034, 0.5605172605144559, -0.0037361083445939386, 0.08816906509528681, 0.6231251229733169, 0.05893347316991647], [-0.478595220366971, 0.21488359487752232, -0.45330529189165636, 0.45096434969455423, 0.07203231089602277, 0.6206131637628773, -0.13986013887119855, -0.5893927731032086, -0.2653267518729933, 0.15624521447148887, -0.03296683929256117], [-0.0850021385547774, 0.278475291933581, -0.7246021817670213, -0.6484186980984203, -0.46581849694558947, -0.013213731904864023, -0.5944089952699156, -0.046715656965998664, 0.5688293444909521, 0.20078851566846084, -0.27572119878149576]], "inverted": false, "swapped": false, "error_lsq": 0.04476353542607274, "error_max": 0.2495207158080894, "target": "666.xyz", "model": "6.xyz", "model_rescale": 4.08911054899281, "target_rescale": 3.8485832973786414},
{"mapping": [3, 6, 9, 1, 0, 13, 11, 8, 5, 12, 14], "R": [[0.025877550309564568, 0.39685601815410426, 0.917516023426755], [0.9996483541419194, -0.015588617845366526, -0.02145141149255797], [0.005789684907478332, 0.917748492697504, -0.397119860621616]], "T": [0.04256782581523235, -0.02051887782314259, -0.03208833677257353], "aligned_model": [[-0.6161675399158395, -0.43235244803361966, -0.03306753750584036, -0.04578886324468571, -0.7791437830769482, 0.39084610581905554, 0.5397935541825947, 0.07235826941431864, 0.18429861995739863, 0.6706995937855699, 0.0633954749600765], [-0.43576669246392996, 0.07946449424386207, -0.3652112540424562, 0.3276058998755804, 0.09208482296953173, 0.6205090692961902, -0.04793911727338121, -0.6920793427140399, -0.14992568289192343, 0.18986861834171173, -0.06331919703726885], [-0.17382191302384456, 0.08451794629535476, -0.7321053119234359, -0.6715789883899204, -0.4756721749401819, -0.09275078843071116, -0.3428064863473841, -0.14727533582487656, 0.7052497745285105, 0.2309506366422773, -0.19051530478087597]], "inverted": false, "swapped": false, "error_lsq": 0.043600581277013, "error_max": 0.24350155022027822, "target": "666.xyz", "model": "7.xyz", "model_rescale": 3.964800864290218, "target_rescale": 3.8485832973786414},
{"mapping": [2, 6, 7, 9, 12, 10, 8, 1, 3, 5, 13], "R": [[-0.26644407965499567, -0.9099406276557843, 0.31782952436518563], [-0.40766968969558015, 0.40519420163625386, 0.8183050061339407], [-0.8733916512769699, 0.0884630606623843, -0.47891680945434734]], "T": [-0.14213613818238058, -0.06315710756011046, -0.06522003774472113], "aligned_model": [[-0.5778965793912503, -0.48241266903155955, -0.12368769322796266, 0.017132958281134814, -0.42285480945797727, 0.3317976152322869, 0.42998121992263183, 0.19772128233509867, 0.054931682310099955, 0.670502505637823, -0.08034406626824551], [-0.5604979979974338, 0.17411374903126864, -0.47831288774202385, 0.43097951461471834, 0.09794708443906454, 0.6020744127107509, 0.010908982447066826, -0.721055190032581, -0.04519455565815535, 0.07852763840070222, -0.03419913190950109], [-0.10228220619927414, 0.3402676271036435, -0.6432844788081926, -0.5172367192134035, -0.7478014645401814, 0.024154650056890548, -0.5734065431472857, -0.186821591890409, 0.6324935973219301, 0.07121525937615295, -0.10310607625495952]], "inverted": false, "swapped": false, "error_lsq": 0.04700918172987254, "error_max": 0.29964296548291863, "target": "666.xyz", "model": "8.xyz", "model_rescale": 4.121658175737393, "target_rescale": 3.8485832973786414},
{"mapping": [1, 6, 0, 5, 4, 7, 10, 2, 8, 11, 12], "R": [[0.33319299486933485, 0.888965997250718, 0.3142003881315876], [-0.10906612087422182, -0.29466585251927346, 0.9493558956663932], [0.9365292357676047, -0.35058735158463245, -0.0012245249774024969]], "T": [0.052456867060841815, 0.006002948624271823, -0.12795877064552313], "aligned_model": [[-0.4732838006893661, -0.4542242158907888, -0.11464729230549436, 0.0817035290714267, -0.6900242900983192, 0.2623594671641425, 0.6168183869908286, 0.03995401488759586, 0.11947755446631192, 0.6442828080378813, -0.017544715292137726], [-0.4324289905839835, 0.08541847081244075, -0.4140781072862116, 0.3399914277546238, 0.07230116023920337, 0.6037603859473798, -0.003583664527331651, -0.6565186893792562, -0.07079509947470448, 0.07707075292920669, -0.045846028127490425], [-0.20736847199986091, 0.33803426053468294, -0.7717229739916565, -0.6469137155542404, -0.6100938099436226, 0.10407108714866206, -0.6357825612126469, 0.08002009540471294, 0.5932649290449303, 0.09049831285469573, -0.13981509848074533]], "inverted": false, "swapped": false, "error_lsq": 0.03788928938851922, "error_max": 0.2294213398035032, "target": "666.xyz", "model": "9.xyz", "model_rescale": 3.833441315466971, "target_rescale": 3.8485832973786414},
{"mapping": [11, 12, 8, 13, 10, 5, 2, 7, 6, 4, 14], "R": [[0.9624111643361365, -0.2686790306138129, 0.03970301335647008], [0.2679347267397422, 0.9631598841578576, 0.0231088674738105], [-0.04444921785658206, -0.01160241601754929, 0.9989442682024328]], "T": [-0.01512476756927434, -0.014343706687228699, -0.09946824438183725], "aligned_model": [[-0.45550856341288354, -0.4785322018712613, -0.2262623769779836, 0.13939082187448554, -0.6986319611588216, 0.40018076952436565, 0.501615820719722, 0.07877033311748974, 0.0747955581654059, 0.6290224610032122, 0.05003078535834934], [-0.534598954168678, -0.0013948167987980712, -0.37103333083664897, 0.5270632147595296, 0.03093935452076092, 0.517320966632635, 0.05924597368065376, -0.6717443521829335, 0.015651682660677912, 0.054602848078254745, -0.07076096804157724], [-0.12655460386333453, 0.2853770925979418, -0.7595839799116462, -0.663994611740392, -0.5539146154740098, -0.14731369839845615, -0.5936483515145804, -0.04541199450572054, 0.5730227813445675, 0.365540680907338, -0.13932664563679584]], "inverted": true, "swapped": false, "error_lsq": 0.04309786261888061, "error_max": 0.22933089654577002, "target": "666.xyz", "model": "10.xyz", "model_rescale": 4.2482417240324, "target_rescale": 3.8485832973786414},
{"mapping": [5, 6, 9, 10, 4, 0, 8, 7, 2, 1, 11], "R": [[-0.2938325792195822, 0.8171731857914956, 0.4958733707435258], [0.8991375528987885, 0.4123392379233531, -0.14672427827720613], [-0.32436719371161216, 0.4027459959976841, -0.8559098003595279]], "T": [0.08964022172146492, -0.0646852441862797, -0.08280286253517091], "aligned_model": [[-0.5737334119597172, -0.39397942350747933, -0.1052681146714196, 0.18955911146143706, -0.6913089059529314, 0.14540628727124885, 0.6388474223760068, 0.10681581368351703, 0.12217516290766113, 0.5721780617657226, 0.004179442968034311], [-0.41687641901690625, 0.1727742042985248, -0.36156691936386254, 0.1799944297384793, 0.17530132863942893, 0.6819138567653856, -0.11126013261834902, -0.7218090428125269, -0.2903920428757136, 0.3296143730583509, -0.08240201750893486], [-0.09191158525452342, 0.27803946759933384, -0.8265655353597865, -0.6702979137276872, -0.39643399153900016, -0.19821258623778854, -0.35309910644461984, -0.24543606644850585, 0.6212959977195917, 0.2501109379062677, -0.1732975644083703]], "inverted": true, "swapped": false, "error_lsq": 0.05807444942625419, "error_max": 0.27039006741775673, "target": "666.xyz", "model": "11.xyz", "model_rescale": 3.6694154284099745, "target_rescale": 3.8485832973786414},
{"mapping": [7, 6, 10, 8, 9, 3, 2, 12, 0, 1, 13], "R": [[-0.11996815100163927, 0.6123052523102765, -0.7814665192690575], [0.9880199740306881, 0.1506080656979646, -0.03367107754610654], [0.09707818324240622, -0.7761439869895057, -0.6230379906541716]], "T": [-0.11124862842033813, -0.0520784355944753, -0.06898822342637875], "aligned_model": [[-0.67378423356591, -0.503186800189083, -0.09719697629688358, -0.0057386546356419516, -0.5847058677519398, 0.43084270332778785, 0.4223874593157889, 0.2489227012550872, 0.11554863409219028, 0.7043102719742825, -0.04252779118359805], [-0.4904185199427137, 0.026730220571717055, -0.406941636527829, 0.4436561054760631, 0.08745120023985178, 0.6098014087433737, -0.005863251497857956, -0.6281998011081613, -0.11415421580628213, 0.07138485346563456, -0.03815474530991985], [-0.27773922789492844, 0.3310473983343871, -0.5956792590481917, -0.630871451092613, -0.7022780387072873, -0.1654297098633305, -0.4423650518677178, -0.08035861238061928, 0.6058802553555073, 0.12099596102890328, 0.03098978994080187]], "inverted": false, "swapped": false, "error_lsq": 0.04125661536379379, "error_max": 0.2167507679591685, "target": "666.xyz", "model": "12.xyz", "model_rescale": 3.9764082729961374, "target_rescale": 3.8485832973786414},
{"mapping": [2, 7, 1, 11, 8, 14, 13, 9, 4, 6, 15], "R": [[-0.9368191604574466, 0.027451865731529454, -0.3487352228663795], [0.23981713232729235, -0.6753743259866872, -0.6973931909908085], [-0.2546715603323607, -0.7369639847820831, 0.6261201813485928]], "T": [0.07549994529676576, -0.13988645752015946, -0.17167528996534437], "aligned_model": [[-0.6669668010393066, -0.5017100348491864, -0.198569687783305, 0.010772339443346907, -0.48048357175842094, 0.35317934492166614, 0.5751868395651424, 0.11453083022603328, 0.08071775397478026, 0.6737667048283247, 0.05444772881300616], [-0.42715834612822867, -0.05455448472644883, -0.5182214494194874, 0.46952474247129095, 0.1250865842835888, 0.6095266922507043, 0.07933385959566674, -0.7352396935273413, -0.10501051191360575, 0.17894633291352016, -0.06694210749578283], [-0.2214498467870682, 0.30851299827379347, -0.6018741374636687, -0.6766238270608345, -0.5185534422447333, -0.18073738406865497, -0.4486879366928174, -0.09730970037555278, 0.5456950221258909, 0.18057652604574853, -0.09535621794719117]], "inverted": true, "swapped": false, "error_lsq": 0.04248214565978863, "error_max": 0.1857355384550136, "target": "666.xyz", "model": "13.xyz", "model_rescale": 4.170626492500431, "target_rescale": 3.8485832973786414},
{"mapping": [2, 0, 6, 12, 4, 10, 11, 3, 1, 9, 13], "R": [[0.42685957802666286, 0.2381852398411269, -0.8723867789969793], [-0.8594855571138752, -0.19312150266605443, -0.47327440488648514], [-0.28120362330444976, 0.9518255495256629, 0.12228101042524586]], "T": [-0.08780538081248013, 0.031958800867957764, -0.14505309662659702], "aligned_model": [[-0.5738445726740193, -0.45442769948614997, 0.016177205765084426, -0.0032727135305001542, -0.6514260891650596, 0.23543918191210828, 0.5318642933448195, 0.1717464894716229, 0.11907377150644144, 0.651078361330693, -0.027536782132959875], [-0.4115467284879589, -0.004266747590223059, -0.5376356958363891, 0.5382493543349979, 0.21060574308125532, 0.4920473818555844, -0.12849362216880134, -0.5956495471405759, -0.10445950435166729, 0.09396628140364549, 0.0024747032040090752], [-0.14409568258117608, 0.3241315062933289, -0.7551670188106825, -0.6668099603269274, -0.5368184572022814, -0.09857992922205118, -0.44492667999559676, -0.025829807912072844, 0.5825494956118831, 0.18130916592530374, -0.2215705779748162]], "inverted": true, "swapped": false, "error_lsq": 0.0353079807385283, "error_max": 0.16887026682852058, "target": "666.xyz", "model": "14.xyz", "model_rescale": 3.9786697098870705, "target_rescale": 3.8485832973786414},
{"mapping": [5, 7, 2, 9, 8, 6, 0, 4, 10, 1, 11], "R": [[-0.6632779673566409, -0.420598048819988, -0.6189988847712586], [-0.25498270373280524, -0.6506261932921769, 0.7153106859255212], [-0.7035951668511882, 0.6322838270357309, 0.324300791322961]], "T": [0.005206511290036538, 0.006120988400901618, -0.2064474839230609], "aligned_model": [[-0.6357311157278145, -0.413836123317005, -0.09815105279139456, 0.03137778735937887, -0.43566564300322935, 0.2103986060126868, 0.5398763333050438, 0.10426154084138219, 0.10202394318213338, 0.572237174453911, 0.03807999602698787], [-0.4708279189664582, 0.246954718966392, -0.6248954164473653, 0.50576336862649, -0.05037343845385817, 0.7169582882384441, -0.13440791888260253, -0.580755745714315, -0.23161667857442833, 0.07761739183466398, 0.1008749676769139], [-0.12658331320956168, 0.24441656431564573, -0.7937999564866435, -0.57669986303849, -0.4797024003018181, 0.07632844897597268, -0.6285676015707372, -0.06264717041162554, 0.5850246729339149, 0.1596625853461624, -0.20323991274790823]], "inverted": false, "swapped": false, "error_lsq": 0.05133322316423052, "error_max": 0.2912953104734862, "target": "666.xyz", "model": "15.xyz", "model_rescale": 3.769337070930944, "target_rescale": 3.8485832973786414},
{"mapping": [1, 7, 3, 8, 9, 6, 2, 0, 5, 4, 10], "R": [[0.3003295765133829, 0.6538401092820104, -0.6944748065735582], [0.7151804145275137, 0.32739250203452785, 0.6175201407952826], [0.6311252808654919, -0.6821343424177237, -0.3692879889013364]], "T": [-0.048114199660896965, -0.038778943074693116, -0.13134878568130845], "aligned_model": [[-0.5447742587872035, -0.5757830882001076, -0.0762362231817508, -0.04761782012889792, -0.5703570711730298, 0.4149965669870217, 0.4908734594019009, 0.27649853230062554, 0.0014178086206001264, 0.6490179245612585, -0.0031643840583365987], [-0.6003112822031854, 0.21122578122798655, -0.3290791335143826, 0.5611562770440283, 0.02536186744799899, 0.5093401187125947, -0.029711102019400283, -0.5958769053447929, -0.0719553942527934, -0.06863117980314173, -0.05622742899103565], [0.14996716513191496, 0.2812038580835249, -0.7593443190575158, -0.5803155962754697, -0.7509680417511483, -0.002504533113912577, -0.6372498984119465, -0.0896528709553843, 0.5368553932649136, 0.21671467100051237, -0.1705137741105769]], "inverted": false, "swapped": false, "error_lsq": 0.05671149897629033, "error_max": 0.35204835181312033, "target": "666.xyz", "model": "16.xyz", "model_rescale": 3.7852294659196426, "target_rescale": 3.8485832973786414},
{"mapping": [9, 0, 11, 2, 8, 1, 7, 10, 4, 5, 12], "R": [[0.7032698578702741, -0.1892884193909932, -0.6852600975509842], [0.10941798132836991, 0.9812367306007106, -0.15875195709676568], [0.7024522847661252, 0.03666568974515969, 0.7107857728052543]], "T": [-0.0061663824206829995, 0.04073870708786694, -0.16192198905606697], "aligned_model": [[-0.6373146401157914, -0.4884491208575596, -0.042939799427585565, 0.07005491124982678, -0.5762061275007581, 0.36442214137220524, 0.563255378785496, 0.06283161810753267, 0.15573357494527676, 0.5765269401865964, -0.03304343040315895], [-0.5490378893593957, 0.04590854679204328, -0.29643646288556513, 0.43430521864886545, 0.013554958132672278, 0.6072261866877787, -0.0002646133723130592, -0.7215394987507197, 0.01984876685766178, 0.04779823907037302, -0.04607183351752458], [-0.19474314996413356, 0.32090695446532336, -0.812223991965713, -0.6238556816994694, -0.475803565569015, -0.035390428816666125, -0.5687445434363698, 0.08992377347678543, 0.5273810642460879, 0.14242594564607597, -0.17568432257799413]], "inverted": true, "swapped": false, "error_lsq": 0.04125694737564472, "error_max": 0.27796581141514626, "target": "666.xyz", "model": "17.xyz", "model_rescale": 3.901054581598922, "target_rescale": 3.8485832973786414},
{"mapping": [12, 9, 7, 0, 3, 8, 1, 6, 10, 4, 14], "R": [[0.19142340811638325, 0.9739448037967657, 0.12160837957307362], [0.9162863658650968, -0.22173783242190348, 0.33354404417193595], [0.35181866714948923, 0.04757996248544144, -0.9348581564146732]], "T": [-0.0639662154161122, 0.057146423308114085, -0.09307010283339927], "aligned_model": [[-0.6448572068423979, -0.48480895883309855, -0.06614151206351503, 0.013014113415047393, -0.5775019074079546, 0.3053934925562382, 0.479301726483272, 0.2764365217044149, 0.15808298239991786, 0.6634680338561623, -0.10751583892600616], [-0.367819618549418, 0.0008856494226932229, -0.3968241655957837, 0.23116673224289164, 0.1596569890264321, 0.6032565019839959, -0.05924096539870253, -0.6090120847146313, -0.14670918823105722, 0.11349908333237108, 0.026432684785085314], [-0.27731076996457465, 0.41083041509585655, -0.5763743509959707, -0.8274375037648244, -0.6491083807238205, -0.01720548502591847, -0.5137831505158453, -0.1569806967901471, 0.6695508983999192, 0.2122784858381081, -0.0802674077478714]], "inverted": true, "swapped": false, "error_lsq": 0.042565362302750195, "error_max": 0.2468684074896232, "target": "666.xyz", "model": "18.xyz", "model_rescale": 3.9405287249114394, "target_rescale": 3.8485832973786414},
{"mapping": [13, 12, 9, 8, 7, 6, 5, 11, 3, 2, 15], "R": [[-0.8288444289702006, 0.19162706938559285, 0.5256386390323214], [0.5468848261553649, 0.47572058991068417, 0.6889171991292182], [-0.11804193952184217, 0.8584689782477406, -0.49909629722149007]], "T": [-0.15266969363571498, 0.00377168543117299, -0.03115848809175592], "aligned_model": [[-0.5220963994019312, -0.5201225929252098, -0.08664155294462136, 0.05396742806580618, -0.5001705820249808, 0.3736502628451806, 0.5002530177687867, 0.113452631202476, 0.008236288989675128, 0.7089100409218163, -0.11456709615491723], [-0.5441620501827119, 0.044921048952702304, -0.3401670911589867, 0.45694577937066266, 0.034695214029699155, 0.514858204553816, 0.001473213381762907, -0.6430288043103621, -0.020055750650052627, 0.053895698527966586, -0.004083844210619905], [-0.15208150415942417, 0.3730990522150517, -0.7140612992963052, -0.600549826323196, -0.6426422711056882, -0.17279650902281923, -0.545890741518039, -0.20448256775942025, 0.8048858366417582, 0.07127796696157393, -0.022566082828579716]], "inverted": true, "swapped": false, "error_lsq": 0.041451678527117605, "error_max": 0.19683402446483889, "target": "666.xyz", "model": "19.xyz", "model_rescale": 4.410303926677745, "target_rescale": 3.8485832973786414},
{"mapping": [2, 6, 7, 9, 12, 10, 8, 1, 3, 5, 13], "R": [[-0.26644407965499567, -0.9099406276557843, 0.31782952436518563], [-0.40766968969558015, 0.40519420163625386, 0.8183050061339407], [-0.8733916512769699, 0.0884630606623843, -0.47891680945434734]], "T": [-0.14213613818238058, -0.06315710756011046, -0.06522003774472113], "aligned_model": [[-0.5778965793912503, -0.48241266903155955, -0.12368769322796266, 0.017132958281134814, -0.42285480945797727, 0.3317976152322869, 0.42998121992263183, 0.19772128233509867, 0.054931682310099955, 0.670502505637823, -0.08034406626824551], [-0.5604979979974338, 0.17411374903126864, -0.47831288774202385, 0.43097951461471834, 0.09794708443906454, 0.6020744127107509, 0.010908982447066826, -0.721055190032581, -0.04519455565815535, 0.07852763840070222, -0.03419913190950109], [-0.10228220619927414, 0.3402676271036435, -0.6432844788081926, -0.5172367192134035, -0.7478014645401814, 0.024154650056890548, -0.5734065431472857, -0.186821591890409, 0.6324935973219301, 0.07121525937615295, -0.10310607625495952]], "inverted": false, "swapped": false, "error_lsq": 0.04700918172987254, "error_max": 0.29964296548291863, "target": "666.xyz", "model": "20.xyz", "model_rescale": 4.121658175737393, "target_rescale": 3.8485832973786414},
{"mapping": [2, 6, 3, 5, 1, 8, 7, 4, 10, 9, 12], "R": [[0.19432788647211846, -0.4648957373824771, -0.8637757960853516], [-0.9421477147189317, -0.3336288002505958, -0.032396099969637715], [-0.27311967374975793, 0.8200998579483789, -0.5028338361764002]], "T": [0.03355360791582006, -0.031086138566030035, -0.17334417200074326], "aligned_model": [[-0.5731942318342929, -0.3639165473309824, 0.011501483721243419, 0.10994111610625819, -0.5878964871216185, 0.09142729939309034, 0.5605172605144559, -0.0037361083445939386, 0.08816906509528681, 0.6231251229733169, 0.05893347316991647], [-0.478595220366971, 0.21488359487752232, -0.45330529189165636, 0.45096434969455423, 0.07203231089602277, 0.6206131637628773, -0.13986013887119855, -0.5893927731032086, -0.2653267518729933, 0.15624521447148887, -0.03296683929256117], [-0.0850021385547774, 0.278475291933581, -0.7246021817670213, -0.6484186980984203, -0.46581849694558947, -0.013213731904864023, -0.5944089952699156, -0.046715656965998664, 0.5688293444909521, 0.20078851566846084, -0.27572119878149576]], "inverted": false, "swapped": false, "error_lsq": 0.04476353542607274, "error_max": 0.2495207158080894, "target": "666.xyz", "model": "21.xyz", "model_rescale": 4.08911054899281, "target_rescale": 3.8485832973786414},
{"mapping": [6, 5, 0, 13, 7, 14, 4, 1, 11, 15, 16], "R": [[-0.07375826059324014, -0.596601588167979, 0.7991409537682981], [0.8541713333360629, 0.37580225201609413, 0.3593939352389314], [-0.514733962645902, 0.709111565534703, 0.48188145360012563]], "T": [-0.00950571430531752, 0.04946161536381415, -0.1153940024206231], "aligned_model": [[-0.5907936774935768, -0.47027041450406504, -0.09401476046462878, 0.0009199171617138013, -0.5143758985154964, 0.30602911814085176, 0.3750053561164781, 0.33104641582499905, 0.10417071770270167, 0.5760670421059005, -0.008912369732797173], [-0.390708578333908, 0.12569528796621815, -0.47194055349447356, 0.35007873853556637, 0.13803745033484383, 0.6052050950143107, -0.07210318231638799, -0.6488922483195035, -0.2320270252530971, 0.11104529595779367, 0.04090133821251407], [-0.2700505023937039, 0.41339080462329675, -0.6820309210964111, -0.7038246419123915, -0.6084017169284175, -0.057002733499750755, -0.6843100090119437, 0.04685429189498948, 0.5872686792894682, 0.3145118188096092, -0.1622130159698338]], "inverted": false, "swapped": false, "error_lsq": 0.04100854474689191, "error_max": 0.23335786990095747, "target": "666.xyz", "model": "22.xyz", "model_rescale": 4.204369325754507, "target_rescale": 3.8485832973786414},
{"mapping": [13, 12, 9, 8, 7, 6, 5, 11, 3, 2, 15], "R": [[-0.8288444289702006, 0.19162706938559285, 0.5256386390323214], [0.5468848261553649, 0.47572058991068417, 0.6889171991292182], [-0.11804193952184217, 0.8584689782477406, -0.49909629722149007]], "T": [-0.15266969363571498, 0.00377168543117299, -0.03115848809175592], "aligned_model": [[-0.5220963994019312, -0.5201225929252098, -0.08664155294462136, 0.05396742806580618, -0.5001705820249808, 0.3736502628451806, 0.5002530177687867, 0.113452631202476, 0.008236288989675128, 0.7089100409218163, -0.11456709615491723], [-0.5441620501827119, 0.044921048952702304, -0.3401670911589867, 0.45694577937066266, 0.034695214029699155, 0.514858204553816, 0.001473213381762907, -0.6430288043103621, -0.020055750650052627, 0.053895698527966586, -0.004083844210619905], [-0.15208150415942417, 0.3730990522150517, -0.7140612992963052, -0.600549826323196, -0.6426422711056882, -0.17279650902281923, -0.545890741518039, -0.20448256775942025, 0.8048858366417582, 0.07127796696157393, -0.022566082828579716]], "inverted": true, "swapped": false, "error_lsq": 0.041451678527117605, "error_max": 0.19683402446483889, "target": "666.xyz", "model": "23.xyz", "model_rescale": 4.410303926677745, "target_rescale": 3.8485832973786414},
{"mapping": [0, 5, 1, 10, 3, 9, 11, 7, 6, 14, 16], "R": [[-0.7080714571020253, -0.4997206940138738, -0.4989128577333993], [0.0341568542611221, 0.6814693311416978, -0.7310491502082958], [0.7053142001579148, -0.5346763307717851, -0.4654600953551459]], "T": [0.012147040242604185, 0.013099093630140689, -0.06291692576168724], "aligned_model": [[-0.5511045992464626, -0.418851595688561, -0.06266762145123886, 0.02353279775823904, -0.6792067203680422, 0.3761892772615736, 0.5394081115900475, 0.12480894777379872, 0.12244046046286322, 0.6110868419493726, -0.07076445369950955], [-0.48757218793712137, 0.1450417455262751, -0.37254353362755815, 0.3945831392787293, 0.007704474046048758, 0.5155232529769146, -0.04372001883430263, -0.6197364718786506, -0.07820679722228335, 0.10173214018559226, -0.0075141242097674504], [-0.11253214029151944, 0.37575532759384783, -0.8258178891951806, -0.5902917769984481, -0.6384617636354373, -0.1493067249239503, -0.40858850068658886, -0.2324968134279392, 0.6836731126875006, 0.23968064032963438, -0.14742141764700767]], "inverted": true, "swapped": false, "error_lsq": 0.03634488784819511, "error_max": 0.19200996491170522, "target": "666.xyz", "model": "24.xyz", "model_rescale": 4.28219845311461, "target_rescale": 3.8485832973786414},
{"mapping": [0, 1, 2, 14, 6, 11, 13, 4, 3, 9, 15], "R": [[0.7849519738178844, -0.3102586299461532, 0.5362741662091731], [-0.5946997584269645, -0.134595162449514, 0.7926009964490959], [-0.17373139073385102, -0.9410758337079566, -0.290161470709943]], "T": [0.0940302783301574, 0.05834856805571285, -0.12078897694235453], "aligned_model": [[-0.540506749680411, -0.3187730337971696, -0.055804277962117316, 0.049935213972354786, -0.6972237942948777, 0.24140448032975012, 0.5341991792100527, 0.029094016073885703, 0.12778768115136288, 0.6044514996927468, 0.040307231646503364], [-0.44045519257090066, -0.02428964780124073, -0.2815835648906243, 0.38364081507340453, 0.15023370729204544, 0.5786810243551866, -0.16758186672670447, -0.6553629276738925, -0.25633003128182513, 0.2596938573122545, 0.008645445216173296], [-0.23958182396636346, 0.361540526222608, -0.6959200707976342, -0.8080918244732603, -0.5422996514250268, -0.184129728081997, -0.4496099529676341, 0.024289469883169698, 0.5862351822867038, 0.2739310949513762, -0.1321711678270305]], "inverted": false, "swapped": false, "error_lsq": 0.04505259584078705, "error_max": 0.195023784205834, "target": "666.xyz", "model": "25.xyz", "model_rescale": 4.100010024507729, "target_rescale": 3.8485832973786414},
{"mapping": [5, 6, 9, 10, 4, 0, 8, 7, 2, 1, 11], "R": [[-0.2938325792195822, 0.8171731857914956, 0.4958733707435258], [0.8991375528987885, 0.4123392379233531, -0.14672427827720613], [-0.32436719371161216, 0.4027459959976841, -0.8559098003595279]], "T": [0.08964022172146492, -0.0646852441862797, -0.08280286253517091], "aligned_model": [[-0.5737334119597172, -0.39397942350747933, -0.1052681146714196, 0.18955911146143706, -0.6913089059529314, 0.14540628727124885, 0.6388474223760068, 0.10681581368351703, 0.12217516290766113, 0.5721780617657226, 0.004179442968034311], [-0.41687641901690625, 0.1727742042985248, -0.36156691936386254, 0.1799944297384793, 0.17530132863942893, 0.6819138567653856, -0.11126013261834902, -0.7218090428125269, -0.2903920428757136, 0.3296143730583509, -0.08240201750893486], [-0.09191158525452342, 0.27803946759933384, -0.8265655353597865, -0.6702979137276872, -0.39643399153900016, -0.19821258623778854, -0.35309910644461984, -0.24543606644850585, 0.6212959977195917, 0.2501109379062677, -0.1732975644083703]], "inverted": true, "swapped": false, "error_lsq": 0.05807444942625419, "error_max": 0.27039006741775673, "target": "666.xyz", "model": "26.xyz", "model_rescale": 3.6694154284099745, "target_rescale": 3.8485832973786414},
{"mapping": [3, 7, 12, 10, 9, 4, 2, 6, 5, 0, 13], "R": [[-0.7883467105434082, -0.6140875272787574, -0.03749630403185772], [-0.5862532289382512, 0.7313339253618419, 0.3485080216785759], [-0.18659211005522866, 0.29672748180022307, -0.9365554900856843]], "T": [-0.02897528268664181, 0.030884725201574835, -0.14381602466266435], "aligned_model": [[-0.5947774478519828, -0.5099434277243201, -0.12430903744845898, 0.00908784917029002, -0.6029391553642481, 0.47494935775734276, 0.539476877162151, 0.17504626923301503, 0.07285564623083171, 0.5554346859064142, 0.019989829271045742], [-0.5458995335067467, -0.101854361505751, -0.4971182360100225, 0.4983988210718074, 0.1107088543347042, 0.6788060817847571, -0.10139704612783906, -0.6233431833949644, 0.09321162778171777, 0.0231616227058739, 0.02061697117033961], [-0.1481805560289195, 0.23982248101366072, -0.7285015482668047, -0.5204756694993757, -0.5030612288608762, -0.1015260432753897, -0.49237494527792863, -0.18320487803623614, 0.638312045957308, 0.16495360698858097, -0.17157121090910712]], "inverted": false, "swapped": false, "error_lsq": 0.04363328656698354, "error_max": 0.26460296030549835, "target": "666.xyz", "model": "27.xyz", "model_rescale": 4.103607728864725, "target_rescale": 3.8485832973786414},
{"mapping": [12, 10, 2, 0, 3, 5, 1, 4, 11, 7, 14], "R": [[0.29501055077748406, 0.9540193070940207, 0.05306539947847257], [-0.9513233461872731, 0.28808616371373674, 0.10950001495777062], [0.08917772103510715, -0.08278601312145956, 0.9925692973805094]], "T": [-0.08625422675474455, 0.02028360995130759, 0.04934074828719018], "aligned_model": [[-0.6621505902426408, -0.5132066376721482, -0.12775822180543706, 0.00792620347934335, -0.5431915166625862, 0.37675749488905996, 0.5303337839926393, 0.2737567077269469, 0.07573230561515244, 0.6163785529123568, -0.019706635890605756], [-0.549967833751416, 0.23107709291045295, -0.3942113488382551, 0.31701494382258133, 0.06509151432153668, 0.5798904039095216, 0.012361389366325533, -0.7522096273542219, -0.09220828439146114, 0.1250142597100244, 0.013439108598788031], [-0.23429684901103828, 0.2311456510250459, -0.5571178684089138, -0.5931328333031687, -0.5445712126669854, -0.037841773803637804, -0.600749472757901, -0.259294331548786, 0.7074951150562931, 0.17351769261174196, -0.0909620633877388]], "inverted": false, "swapped": false, "error_lsq": 0.04143949505182205, "error_max": 0.26403740455463315, "target": "666.xyz", "model": "28.xyz", "model_rescale": 4.137296879288765, "target_rescale": 3.8485832973786414},
{"mapping": [1, 2, 0, 6, 5, 4, 9, 7, 3, 8, 10], "R": [[-0.37247700149703133, 0.5129046654788354, 0.7734272347711998], [0.23535636470287238, 0.858358514062963, -0.45588161065069355], [-0.8977016569827801, 0.012225606965137109, -0.4404341830338614]], "T": [0.02627722976172363, -0.0469067058712807, -0.15378216682736434], "aligned_model": [[-0.524027631649782, -0.6124143817467643, -0.11743902732681845, 0.007522088022846828, -0.575191786288645, 0.16323299500794808, 0.6706133706954287, 0.18464717117920756, 0.10873047146536029, 0.6298029667644788, 0.07939521021882012], [-0.557435661636565, 0.025171726369482457, -0.37865041704990754, 0.4508993820487967, 0.18032242100970683, 0.7102106064089065, -0.11875044093359799, -0.7291994081185948, 0.11949166695347788, -0.1606402777405629, 0.013872020992734171], [-0.21280513457649022, 0.2923084081241297, -0.7536255546454466, -0.6714550040953137, -0.35328177599988286, -0.0663381470794989, -0.5902035589105572, -0.0007859093589185351, 0.5030144298572122, 0.22195076675834535, -0.17458646626866786]], "inverted": false, "swapped": false, "error_lsq": 0.054029831896203695, "error_max": 0.35604041802828007, "target": "666.xyz", "model": "29.xyz", "model_rescale": 3.607286011436655, "target_rescale": 3.8485832973786414},
{"mapping": [3, 6, 9, 1, 0, 13, 11, 8, 5, 12, 14], "R": [[0.025877550309564568, 0.39685601815410426, 0.917516023426755], [0.9996483541419194, -0.015588617845366526, -0.02145141149255797], [0.005789684907478332, 0.917748492697504, -0.397119860621616]], "T": [0.04256782581523235, -0.02051887782314259, -0.03208833677257353], "aligned_model": [[-0.6161675399158395, -0.43235244803361966, -0.03306753750584036, -0.04578886324468571, -0.7791437830769482, 0.39084610581905554, 0.5397935541825947, 0.07235826941431864, 0.18429861995739863, 0.6706995937855699, 0.0633954749600765], [-0.43576669246392996, 0.07946449424386207, -0.3652112540424562, 0.3276058998755804, 0.09208482296953173, 0.6205090692961902, -0.04793911727338121, -0.6920793427140399, -0.14992568289192343, 0.18986861834171173, -0.06331919703726885], [-0.17382191302384456, 0.08451794629535476, -0.7321053119234359, -0.6715789883899204, -0.4756721749401819, -0.09275078843071116, -0.3428064863473841, -0.14727533582487656, 0.7052497745285105, 0.2309506366422773, -0.19051530478087597]], "inverted": false, "swapped": false, "error_lsq": 0.043600581277013, "error_max": 0.24350155022027822, "target": "666.xyz", "model": "30.xyz", "model_rescale": 3.964800864290218, "target_rescale": 3.8485832973786414},
