[{"mapping": [0, 2, 3, 9, 4, 7, 10, 1, 5, 11, 8, 13], "R": [[0.6519921348162149, 0.07043021799755053, -0.7549475746901981], [-0.23060553311644416, -0.9300898845196597, -0.2859263800531296], [-0.722306959840396, 0.360516838867512, -0.5901696914101071]], "T": [-0.0025296554053947755, 0.003842344578899967, -0.05392351371571691], "aligned_model": [[-0.24789925727321854, 0.2459830738650213, 0.43740467921877507, -0.211859680931016, -0.0357908379252284, -0.6228924421611978, 0.35672049349781915, -0.2964673949299372, 0.5900054697892786, 0.3268277361771253, -0.6717312468222514, -0.032658130044621245], [-0.49821699125485686, -0.629196577486168, -0.2989704442249652, 0.7550855521672339, 0.4564901899600229, -0.6278939435198995, -0.2778706536956455, -0.5190537901371167, 0.09316672478972683, 0.4508258377181935, 0.1910451590440881, -0.04185602738355594], [-0.45443733147540644, -0.014678025278480056, -0.6304900921603603, 0.050997873154180876, -0.5577992583153478, 0.009376476686241919, 0.6593422991643875, 0.5285808568917348, -0.09796282881058277, 0.3284135833713746, 0.35260434814102193, 0.008003843984798281]], "inverted": true, "swapped": true, "error_lsq": 0.03943014792028053, "error_max": 0.23788330668331203, "target": "667.xyz", "model": "0.xyz", "model_rescale": 3.751011558992144, "target_rescale": 3.9397404586688163},
{"mapping": [8, 10, 5, 2, 0, 13, 1, 4, 6, 7, 9, 12, 11, 14], "R": [[0.6694221542614014, -0.5485342182911017, 0.5009832240183245], [0.6336887275392411, 0.06968815800264706, -0.770442831898575], [0.387701658461403, 0.8332189220114772, 0.3942507476572614]], "T": [0.05887708693549756, -0.07289948941487975, -0.018248539509370474], "aligned_model": [[-0.2866383793604532, 0.5168909918075865, -0.33207611239041235, -0.7651877794822342, -0.2616886462609207, -0.41020430758800763, 0.2424581252520635, 0.3381974970627032, 0.7607775133757987, 0.3425159961333658, 0.09484229340230008, 0.19402950869295163, 0.7137570278443264, 0.0748671344254001], [-0.3482912330476132, -0.7531023109925441, -0.542328300558438, -0.011962054930775817, 0.5612042500212227, -0.14422784990982895, 0.3093103829850121, -0.44874232391154967, 0.16040764891242018, 0.5246813051980992, -0.49232489156404435, 0.2879313912101443, -0.09981487511484596, -0.07139285385280116], [-0.513421945730956, -0.01718430717282524, 0.11166771890658517, -0.04893773960533235, -0.28405782609070807, 0.5316397296886229, -0.5713300572321254, -0.6556622530060966, -0.14720324410982435, 0.027829512706499426, 0.48868188696955533, 0.6169758323134337, 0.4368765135634601, 0.03415242301920557]], "inverted": false, "swapped": false, "error_lsq": 0.03394570353867662, "error_max": 0.21892266584480538, "target": "667.xyz", "model": "1.xyz", "model_rescale": 3.9405287249114394, "target_rescale": 3.9397404586688163},
{"mapping": [5, 3, 2, 6, 0, 10, 11, 4, 7, 1, 8, 12, 13], "R": [[-0.29601238904771016, 0.6559848362041695, -0.6943058117288494], [-0.7244055869094613, 0.31960505928440536, 0.6108102420016964], [0.6225859066704178, 0.683766408029819, 0.3805920231236763]], "T": [0.06250308786700116, 0.053003136204852176, 0.06354154434386373], "aligned_model": [[-0.09255518242954973, 0.28840146644922104, -0.28238036932589855, 0.5412961506621817, 0.32718680124820565, -0.7832443941458405, -0.2371516574292039, 0.6638332006413755, 0.025264201584980175, -0.5070974961506869, 0.029673119685868596, -0.482163510491921, 0.004920948985198931], [0.6322324880105548, 0.5217132294233067, 0.07548447765640692, -0.252903341427699, -0.21222985390340285, 0.09609483515921849, 0.3830054697179906, 0.30076682071865407, -0.7222870064580804, -0.5360879212241734, -0.6125288948264712, -0.20883973556979998, -0.0055879737044879155], [0.025247007097307747, -0.5254810310238553, -0.5234738319987187, 0.15112507903702233, -0.512891564753818, 0.058511150969946815, 0.5692664535933295, 0.255641508668501, -0.3671393975555056, -0.10276541563795179, 0.5153488871625703, 0.5152697690045184, 0.05446173502529768]], "inverted": false, "swapped": true, "error_lsq": 0.05072324418334418, "error_max": 0.32598627793310825, "target": "667.xyz", "model": "2.xyz", "model_rescale": 3.932901565614263, "target_rescale": 3.9397404586688163},
{"mapping": [6, 9, 5, 2, 1, 0, 10, 12, 11, 3, 7, 3, 8, 13], "R": [[0.016226901842607167, 0.622883115301732, 0.782146605393516], [0.4267523479843683, 0.7031066542974063, -0.5687912325032242], [-0.9042229377462283, 0.3430126198184513, -0.25440758931066404]], "T": [0.06929257093041184, -0.06082020083851488, 0.060232275602593366], "aligned_model": [[-0.32790442423388677, 0.49113798362226346, -0.10557004129168969, -0.7424221241742647, -0.253040929287995, -0.38550312900337597, 0.18514990704058226, 0.2091513667715889, 0.782132425372221, 0.2324187918032367, 0.09871665304978382, 0.2324187918032367, 0.7390056971728172, 0.06684989426995058], [-0.28667296510036133, -0.6623084003302108, -0.737420947649247, 0.06413841222528435, 0.5576530121175806, 0.2622841157285536, 0.0715666735970846, -0.5156301894638329, 0.3752602570901353, 0.26495742157205576, -0.5282230052354794, 0.26495742157205576, -0.06880065162131441, -0.1304128700578466], [-0.4476233501312302, 0.06739698438417771, -0.10839210554286705, -0.08014027139500854, -0.18948880962023698, 0.4313317246462032, -0.6341712334955825, -0.5370257939385634, -0.25504835256784775, 0.4179252373469993, 0.5991305862145564, 0.4179252373469993, 0.360577687546636, -0.03237129657474111]], "inverted": false, "swapped": false, "error_lsq": 0.05978299897642368, "error_max": 0.5306975042716525, "target": "667.xyz", "model": "3.xyz", "model_rescale": 3.9243930471874484, "target_rescale": 3.9397404586688163},
{"mapping": [7, 2, 1, 8, 12, 0, 6, 10, 11, 5, 9, 4, 13], "R": [[-0.918909729653472, 0.11025324915830179, -0.37874678849888704], [0.36554394643283117, -0.12287945072254935, -0.9226474211834313], [-0.14826507334667421, -0.986278288131784, 0.07261271503905709]], "T": [-0.13096728383607154, -0.0092981853777655, -0.04235005055268716], "aligned_model": [[-0.02031464897397442, -0.3082712675327818, 0.38498376435928744, 0.49102210829854237, 0.6122537469769236, -0.5365804877666596, -0.22196812224330859, 0.35919665069986434, 0.22015669741581168, -0.33332400405577234, 0.19374087252283057, -0.4893847829109042, -0.07430464047850685], [-0.7545502265328218, 0.0441624251486689, -0.2976013488751247, -0.4781156131778521, 0.1033648726205294, -0.4786669755266118, -0.47284501051681804, 0.4091431354605855, 0.5173880106994967, 0.555366607487744, 0.042311771370790244, -0.02612403858897952, -0.03600405588801951], [-0.5117145179226205, -0.6978973961417217, -0.6337948121137794, 0.16131629823197796, -0.10724470782033195, -0.33874843797478643, 0.28527112382463604, -0.5917289553193691, 0.1895244650576346, -0.07730159191522658, 0.6725589922739396, 0.5330984103951898, -0.09626855520457847]], "inverted": true, "swapped": true, "error_lsq": 0.03676427506146995, "error_max": 0.2026151412286141, "target": "667.xyz", "model": "4.xyz", "model_rescale": 3.8936222436046832, "target_rescale": 3.9397404586688163},
{"mapping": [9, 8, 11, 4, 10, 1, 7, 2, 3, 6, 5, 13], "R": [[0.8056958866020238, -0.4657694644647107, 0.3659411759898516], [0.5694598106786719, 0.4390747626440459, -0.6949308432001606], [0.16300203168792154, 0.7682917146379569, 0.6189977212270481]], "T": [0.005202543738589166, -0.021755111247037197, -0.051248758109730064], "aligned_model": [[-0.03413960211065676, -0.5054179600483332, -0.22903751737733724, 0.5493038966958992, -0.6462407275997387, -0.6956241516116505, -0.2802782525445944, -0.0693485188419686, 0.6139715872178243, 0.2033894947400993, 0.1886190440330977, -0.06764925033754399], [-0.4554629220314492, -0.6419727412816163, 0.19114984178242025, -0.28609313771684897, 0.5193292776176419, -0.024372418191652902, -0.3713679277253843, 0.4306092888024249, 0.39867821042980356, -0.5572611150112068, 0.4900543297313923, -0.024367781295717386], [-0.7066445502700385, -0.10356853134158284, -0.6464422267247361, -0.3577879393879039, -0.046737542942389354, 0.40478435141561114, 0.7130935782715282, 0.4525822159851659, 0.21389817653011056, 0.015442305556596897, -0.30703316793292945, -0.01230194988391433]], "inverted": true, "swapped": true, "error_lsq": 0.04989836163239126, "error_max": 0.3029479504165716, "target": "667.xyz", "model": "5.xyz", "model_rescale": 3.6523030999806103, "target_rescale": 3.9397404586688163},
{"mapping": [3, 2, 10, 5, 11, 0, 1, 4, 7, 8, 12, 9, 13], "R": [[0.27673245698488497, -0.6685357200712572, -0.6902746831804819], [-0.6314309471451947, 0.41497634906081976, -0.6550493025013271], [0.7243715250052499, 0.6171341999184281, -0.30729671825877064]], "T": [0.1337638507439975, -0.15609432461045442, 0.013535720842513331], "aligned_model": [[0.21228453134887318, -0.18307531073139405, 0.1321758176888037, 0.5905040316529822, 0.6741273811827928, -0.3926249043756737, -0.47310570522153933, 0.4707955972247555, -0.7515450750053407, -0.17642932714466958, 0.1398253023642828, 0.5606990795546936, 0.07745148612572847], [-0.6628430015099702, -0.05571392103711881, 0.606874451828411, -0.13812968202561504, 0.23648632305135303, -0.5543769763009792, 0.4167181166940223, -0.6838257909046135, -0.12928621010661828, 0.16236858873462362, 0.5534525566148181, -0.11530096354441217, -0.09559658733071794], [0.6091086419879308, 0.6081564252881596, 0.3810233084393295, 0.4035124631279571, -0.07778722474723124, 0.2058036180093995, 0.06575021426655603, -0.24684140091316267, -0.045260917347652925, -0.6576588346922049, -0.2429565090005896, -0.646203717155673, 0.01346367221897061]], "inverted": true, "swapped": true, "error_lsq": 0.0444795288425884, "error_max": 0.2299259350065856, "target": "667.xyz", "model": "6.xyz", "model_rescale": 4.08911054899281, "target_rescale": 3.9397404586688163},
{"mapping": [7, 4, 6, 2, 13, 1, 12, 5, 10, 11, 3, 9, 8, 14], "R": [[0.8544573692418981, -0.36776093277748256, -0.3669529949065013], [-0.3152560426326222, 0.1943787561335043, -0.9288867136242234], [0.4129361109564446, 0.9093782466535185, 0.05014950430003555]], "T": [0.08202799891356191, -0.07759330320979553, 0.0016490074880363493], "aligned_model": [[-0.347095418231248, 0.4638511264075885, -0.20165821482712912, -0.7217717407427335, -0.3251756990888903, -0.3802343410837815, 0.23787680037157888, 0.3973571569007468, 0.7384654493246747, 0.27675088582427376, 0.11252023287124238, 0.21551534755395826, 0.6569798209917996, 0.09915945664238779], [-0.36293839752093654, -0.669554359046766, -0.48337409254308594, -0.14037875326726407, 0.4194824342453406, 0.30583305695540175, 0.3336882481633594, -0.4073503765126244, 0.14004877794008413, 0.4731782813872276, -0.6401110995689413, 0.14217900644567338, -0.19172316812033247, 0.012368725887321436], [-0.5760362308104494, -0.02370246949683076, 0.06495026809948194, -0.00852493377419232, -0.34905796694814967, 0.4226523497622325, -0.5592079748126101, -0.6085386884819609, -0.20082740277372793, 0.05878675220025676, 0.5576124853472334, 0.742215390447355, 0.3502946004752429, 0.13941006498561237]], "inverted": true, "swapped": false, "error_lsq": 0.04443197714415128, "error_max": 0.2576294978597782, "target": "667.xyz", "model": "7.xyz", "model_rescale": 3.964800864290218, "target_rescale": 3.9397404586688163},
{"mapping": [3, 1, 5, 10, 11, 9, 6, 0, 2, 4, 8, 12, 7, 13], "R": [[0.6654307221756507, 0.05677148602557393, -0.7442976235077204], [0.14121689536004844, 0.9695236704276903, 0.20020399832493008], [0.73298004232698, -0.2383292908034334, 0.6371337431775775]], "T": [0.12441817200260465, -0.07898542556571714, -0.05790068438982391], "aligned_model": [[-0.13601012033416504, 0.5569634598850709, -0.4053266654678931, -0.6861688559746068, -0.2737104439817183, -0.27405579107523453, -0.009684176395572827, 0.462831427025315, 0.7618031070742268, 0.37480887438716187, -0.09376249294908402, 0.2669427212189984, 0.5987600159598675, 0.07914980354210213], [-0.3318616975389329, -0.6821042004633497, -0.722262578272433, -0.16467755707237175, 0.6424327415733357, 0.09159531893596345, 0.2766706113309015, -0.3272186659303192, 0.050836138476335835, 0.5663478265174724, -0.4640499754055127, 0.33286650508489674, -0.22484307989921562, -0.11238310289231353], [-0.6857489075503973, 0.052879315921820734, 0.01018481294460951, 0.045731075607532555, 0.03255791249193903, 0.47686789840361915, -0.4961142929777173, -0.6384315618853857, -0.18238174241678293, -0.18416582181478655, 0.5707328108243553, 0.5591403818112801, 0.452568241897826, -0.0037938790384180604]], "inverted": false, "swapped": false, "error_lsq": 0.05125354529025441, "error_max": 0.3226345962723893, "target": "667.xyz", "model": "8.xyz", "model_rescale": 4.121658175737393, "target_rescale": 3.9397404586688163},
{"mapping": [2, 0, 7, 1, 3, 5, 6, 9, 8, 4, 10, 12, 13], "R": [[-0.913003490401181, -0.2125565831602869, 0.3482015586847433], [-0.3979004980231329, 0.6522851575659192, -0.6451350764701504], [-0.08999900104003083, -0.7275601502105706, -0.6801149958921422]], "T": [-0.10877901285192881, -0.08552643331051307, 0.053180444030431144], "aligned_model": [[-0.5063570866485123, -0.20064899312330892, 0.26175036385326955, 0.20625730169630063, -0.80392677542106, -0.6151757056173477, 0.24184356966331472, 0.34547538776212, 0.6866964962832263, -0.13014740185769746, -0.2402610241050154, 0.30444322873039675, -0.0732118647804894], [0.22710328428928506, -0.34852207965807774, 0.010715472570184292, 0.5330431434927014, -0.3859265662514363, 0.007265465327328718, -0.5257095700852257, -0.29627313729761756, 0.03676446498223751, -0.6993629313577121, 0.7501414482163695, 0.5038756928995751, -0.022727247715902246], [-0.4031433409414684, -0.5753689439751672, -0.7476897640732738, -0.41292566337848596, -0.15704841114400733, 0.3629678451089303, -0.06427191361813972, 0.6601670009146933, 0.03307530226841881, 0.3406439892028101, 0.09245734829422525, 0.27930937739113265, 0.012902607909420681]], "inverted": true, "swapped": true, "error_lsq": 0.04174443426371195, "error_max": 0.2583846550540688, "target": "667.xyz", "model": "9.xyz", "model_rescale": 3.833441315466971, "target_rescale": 3.9397404586688163},
{"mapping": [4, 12, 7, 3, 2, 9, 5, 6, 0, 13, 11, 8, 10, 14], "R": [[-0.5966410865577505, 0.8019303192299956, 0.030449580142657695], [0.5295351338635479, 0.4219204723580786, -0.7359182407096935], [-0.6030024509363965, -0.4229549362577686, -0.6763853680113767]], "T": [0.1749814962453467, -0.1594247283959726, -0.052531845923851815], "aligned_model": [[-0.2684772986277326, 0.566635061795148, -0.29961454281655364, -0.681505111351921, -0.21086343993411943, -0.42722127132697435, 0.17128043761381995, 0.15450934937926805, 0.7592268031310672, 0.3582676990947661, 0.20188328239417103, 0.09128026937074293, 0.7200264691225693, 0.08711315507021651], [-0.24143051308759028, -0.6164977561273088, -0.5154814411774288, -0.08047026223531697, 0.44668323088406786, 0.14012789644093165, 0.31199484931699356, -0.6239809536340044, 0.167864600703386, 0.6159713039371886, -0.5767720492199402, 0.07763230270618915, -0.039246703535923244, -0.1350462205267865], [-0.7102034422521918, -0.07921122416640672, 0.25061200404153156, -0.17302555126749866, -0.032355576454915734, 0.40082251681491404, -0.5374906950862786, -0.5475045450095692, -0.17647569669252972, -0.08175003035902054, 0.48638798925261467, 0.685273976092656, 0.550988960181352, -0.02604244087516347]], "inverted": true, "swapped": false, "error_lsq": 0.043672441763566376, "error_max": 0.24532234102293263, "target": "667.xyz", "model": "10.xyz", "model_rescale": 4.2482417240324, "target_rescale": 3.9397404586688163},
{"mapping": [10, 5, 3, 4, 1, 7, 2, 6, 11, 8, 12, 13], "R": [[-0.3755081332322073, 0.6774232444898367, -0.6325277778100546], [0.5751845508602922, -0.3648121345421204, -0.7321713180277318], [-0.7267436785608161, -0.6387564906250933, -0.2526534610018402]], "T": [0.12888989571729279, -0.012251629681603947, -0.03768476903206976], "aligned_model": [[-0.7079171521569398, 0.034268637555610604, 0.4081501339538304, 0.7501742432220817, -0.49599970604259225, 0.017510179532331, -0.2052233254761159, 0.5728991983822043, -0.14118551948580124, 0.023118734878904257, -0.444758973616187, 0.06572915161568085], [-0.13718810814695384, -0.5889808126028179, -0.349363326672006, -0.22843858000114664, 0.5373494197076957, 0.8174438932679536, 0.03143342352563088, 0.3200883567639282, -0.45138648480072185, 0.5602380135197309, 0.11388403045522363, 0.04105156503412235], [-0.0014102092963450205, 0.10176575206580826, 0.6150297522680711, -0.2024758678320579, 0.04344954132479919, 0.2575228048836092, 0.5543431301175034, -0.18900667142592167, -0.47204871719123515, -0.5937500854531361, -0.5112864495362778, -0.03694069007046058]], "inverted": false, "swapped": true, "error_lsq": 0.0454235186603553, "error_max": 0.29065032509629607, "target": "667.xyz", "model": "11.xyz", "model_rescale": 3.6694154284099745, "target_rescale": 3.9397404586688163},
{"mapping": [7, 12, 10, 9, 11, 8, 6, 5, 0, 4, 2, 3, 1, 13], "R": [[0.1673726279887418, 0.2890907073147009, 0.9425566117451132], [-0.9447352735597143, 0.32038371153441075, 0.06949489388068045], [-0.281889457575472, -0.9020980214631452, 0.3267376522228266]], "T": [0.08527304961335655, -0.10176701605700507, -0.06685439988841001], "aligned_model": [[-0.3291722766285933, 0.38707190261437163, -0.262628481418951, -0.7175878408330936, -0.3425643313195391, -0.3883066438249426, 0.1623047640186584, 0.37452683759949634, 0.7645071363088632, 0.39003843716249953, 0.08942899148939187, 0.20552054321875715, 0.6872418614432522, 0.20215996308429768], [-0.42732786088694247, -0.7093568416867249, -0.6223740745500225, -0.10008363741824461, 0.4949052132223946, 0.09569281519129567, 0.22168346943034634, -0.37740359525781586, 0.0441913048904876, 0.5373258120003748, -0.3401916257276878, 0.31030916221428034, -0.12743349936026005, -0.06858835761702392], [-0.5906964813780181, -0.02786008767486807, 0.040204474853791916, -0.07674498723094923, -0.1440947726885584, 0.4893197997265746, -0.524348369102701, -0.7632217704758221, -0.23441062460885415, 0.14845250995874992, 0.5409695935857062, 0.6794583121742157, 0.5276607599860117, -0.054662112905785265]], "inverted": true, "swapped": false, "error_lsq": 0.03769271067427561, "error_max": 0.2524286450524034, "target": "667.xyz", "model": "12.xyz", "model_rescale": 3.9764082729961374, "target_rescale": 3.9397404586688163},
{"mapping": [6, 3, 4, 5, 12, 9, 13, 14, 11, 10, 7, 1, 8, 15], "R": [[0.7628936187678578, -0.07124072693465083, -0.6425870254441071], [-0.15095444242844414, 0.9468112514167987, -0.28418516939079275], [0.6286541837563799, 0.3138044184143661, 0.7115621576708682]], "T": [0.008934945578317185, -0.06347936818069429, 0.061950747738236604], "aligned_model": [[-0.2608603440642274, 0.6565865096421415, -0.36028429073529433, -0.822638408751899, -0.13556787005405008, -0.45512078435525727, 0.062435248972617194, 0.3860981973318251, 0.7294857211446633, 0.5326184563896992, 0.08992017655407535, 0.12104340996821104, 0.6515032291091781, 0.027321611762785948], [-0.35118918499456236, -0.599915697341734, -0.6793634207223181, -0.1354722789490754, 0.5486396026614639, 0.1689200100494614, 0.19695480910972413, -0.339704894355472, 0.05106871502661545, 0.5427660745006083, -0.6600975386415655, 0.40430538640531155, -0.04774626151577508, -0.16781703678822463], [-0.5923369326400949, 0.026922707034788267, 0.0770408484710976, -0.016322383039872053, -0.04595122980491725, 0.36549964829904685, -0.48922282113338467, -0.5863203219473208, -0.25146593212050883, 0.1280487257003669, 0.5185926752511579, 0.4765972162509273, 0.35607879298965817, 0.04286525090854933]], "inverted": true, "swapped": false, "error_lsq": 0.04117164430865794, "error_max": 0.2425342346526314, "target": "667.xyz", "model": "13.xyz", "model_rescale": 4.170626492500431, "target_rescale": 3.9397404586688163},
{"mapping": [9, 6, 3, 1, 7, 0, 10, 11, 12, 8, 2, 4, 4, 13], "R": [[0.004514025372979458, 0.9879446436982952, 0.15474173503868047], [0.9882964066070831, -0.028002844716980224, 0.14995350404470145], [0.1524789699022777, 0.15225380676884828, -0.976508546845308]], "T": [0.07446852779555065, -0.11422509630713426, 0.016392236974034337], "aligned_model": [[-0.29712329870699244, 0.49572888644300045, -0.23442750601565854, -0.6802775363446485, -0.34823098824061566, -0.34723144344255313, 0.12015818398169911, 0.25540316732338997, 0.7013098247833471, 0.30855194868745944, 0.004428050740087716, 0.5552701443801827, 0.5552701443801827, 0.1337112849455873], [-0.17419553029299578, -0.8396000900336782, -0.7281641855812849, -0.08961612108569567, 0.5726828512369007, 0.0911823890722441, 0.2281291546226694, -0.5230893440196505, 0.17564301868020935, 0.5853940964778682, -0.3815350474022514, 0.09738016843188743, 0.09738016843188743, -0.18024324409365244], [-0.7009845817118848, 0.07852190572034026, -0.03960454317281268, -0.1270206177453924, -0.06674856908677079, 0.3849506526095825, -0.42974039707408584, -0.5311041870257528, -0.22599708929780113, 0.10179850111974426, 0.6135286442175668, 0.4929592815935231, 0.4929592815935231, -0.033492037520285366]], "inverted": false, "swapped": false, "error_lsq": 0.05244593215835564, "error_max": 0.4351538095161914, "target": "667.xyz", "model": "14.xyz", "model_rescale": 3.9786697098870705, "target_rescale": 3.9397404586688163},
{"mapping": [8, 9, 1, 7, 12, 10, 4, 5, 2, 0, 11, 13], "R": [[-0.07741580799065279, -0.9872384385119444, -0.13916557835058285], [0.058381773690292516, -0.1438338614676991, 0.9878782256918441], [-0.9952880794895165, 0.0683526577375641, 0.06877174569749961]], "T": [-0.042884010112679276, -0.0713245272057399, 0.12971658354314863], "aligned_model": [[-0.14699960796341618, -0.7562644674927503, 0.589907551788459, 0.578125520484873, -0.01570122804863041, 0.3927948795185897, -0.5948816198736998, -0.13079280018986522, 0.5871398179551091, 0.35613240623463366, -0.39085894584652786, 0.014753090200561828], [-0.24612935342261796, -0.028748179097256923, 0.02726231790168665, -0.5762358172455065, 0.37000593904146484, 0.6237985186879034, -0.3629507722089442, 0.3387011061508807, 0.030999880736122837, -0.600036386411014, 0.4964423325591182, -0.05843509646739786], [-0.6492210142012558, -0.1996304850134344, -0.40785813438266116, -0.2541575700209455, -0.48165097999242723, -0.08042350997672215, 0.3945559994730181, 0.5600271753035744, 0.3677013591645499, 0.31391974816335655, 0.024805061812662732, 0.0718988435441145]], "inverted": false, "swapped": true, "error_lsq": 0.04867045206670199, "error_max": 0.2593945644761443, "target": "667.xyz", "model": "15.xyz", "model_rescale": 3.769337070930944, "target_rescale": 3.9397404586688163},
{"mapping": [2, 10, 0, 7, 3, 5, 4, 11, 6, 8, 13], "R": [[0.5491465436625714, -0.8081505630748658, -0.21291017116434185], [0.1872264520265839, -0.12932018537846554, 0.9737671925646382], [-0.814484087778877, -0.5746033040763489, 0.08029142980140574]], "T": [0.056568451598828916, 0.018604114531946464, 0.04347507568455372], "aligned_model": [[-0.28492095114088656, -0.37184016958006394, -0.17588684352046718, -0.6988508201763486, 0.3762908869222828, 0.416267492902415, 0.6350296524570456, 0.3002596580482235, 0.10251022943200944, -0.3527172927263223, -0.023515711926717302], [-0.03826224634145852, -0.6878172116300291, 0.575350624580586, 0.48387507815320707, 0.2420466555979651, -0.3347252369736011, 0.3293753723535189, -0.5655585336453073, 0.5023572096030811, 0.08972405750069651, -0.0003012715733164209], [-0.5432005302842813, -0.1425517125758678, -0.2861898993351026, 0.01497476132193755, -0.6388135864054367, -0.28331407623682014, 0.21285927978957367, 0.2754681503911216, 0.3506635221572628, 0.7330892427146996, 0.051232455686690784]], "inverted": true, "swapped": true, "error_lsq": 0.04408484766185388, "error_max": 0.25311696415355545, "target": "667.xyz", "model": "16.xyz", "model_rescale": 3.7852294659196426, "target_rescale": 3.9397404586688163},
{"mapping": [0, 1, 8, 7, 2, 10, 11, 12, 6, 4, 5, 9, 13], "R": [[0.18313626108839176, 0.8068532422633886, -0.5616484267970687], [-0.48021295618965343, 0.571933996105267, 0.6650466305505613], [0.8578208592603462, 0.1479166980030257, 0.4922032343145698]], "T": [0.02498742389594624, 0.17807786112854818, -0.11731935663300844], "aligned_model": [[0.05120401573591474, -0.41456304046948805, 0.34577356105768087, -0.03297724088043688, -0.5435507003495526, -0.7182694890996165, -0.07754734645479383, -0.18495970287177033, 0.5453833303590747, 0.578000767415698, -0.2526357452692983, 0.5740697709759455, -0.0161623299330742], [-0.25469010819430427, -0.462899892240784, -0.29130307738873584, -0.6990192613966698, -0.022671333366407642, 0.16970364015876943, 0.6451741223886223, 0.0584280484878652, -0.05167224342451454, 0.5099406381631048, 0.6989076325550895, 0.4583074077261322, 0.1168500502347071], [-0.6508975715889046, 0.19102138533319127, 0.45269674395173776, -0.2409654199448168, -0.43433863682026763, 0.288476203242636, 0.3578226157542057, 0.5974448759074658, -0.20035811614907711, -0.32691535682060874, -0.22991556394907756, 0.3717347214562151, -0.08005118322952509]], "inverted": false, "swapped": true, "error_lsq": 0.03856662889036241, "error_max": 0.23011687309192222, "target": "667.xyz", "model": "17.xyz", "model_rescale": 3.901054581598922, "target_rescale": 3.9397404586688163},
{"mapping": [8, 10, 5, 2, 0, 13, 1, 4, 6, 7, 9, 12, 11, 14], "R": [[0.6694221542614014, -0.5485342182911017, 0.5009832240183245], [0.6336887275392411, 0.06968815800264706, -0.770442831898575], [0.387701658461403, 0.8332189220114772, 0.3942507476572614]], "T": [0.05887708693549756, -0.07289948941487975, -0.018248539509370474], "aligned_model": [[-0.2866383793604532, 0.5168909918075865, -0.33207611239041235, -0.7651877794822342, -0.2616886462609207, -0.41020430758800763, 0.2424581252520635, 0.3381974970627032, 0.7607775133757987, 0.3425159961333658, 0.09484229340230008, 0.19402950869295163, 0.7137570278443264, 0.0748671344254001], [-0.3482912330476132, -0.7531023109925441, -0.542328300558438, -0.011962054930775817, 0.5612042500212227, -0.14422784990982895, 0.3093103829850121, -0.44874232391154967, 0.16040764891242018, 0.5246813051980992, -0.49232489156404435, 0.2879313912101443, -0.09981487511484596, -0.07139285385280116], [-0.513421945730956, -0.01718430717282524, 0.11166771890658517, -0.04893773960533235, -0.28405782609070807, 0.5316397296886229, -0.5713300572321254, -0.6556622530060966, -0.14720324410982435, 0.027829512706499426, 0.48868188696955533, 0.6169758323134337, 0.4368765135634601, 0.03415242301920557]], "inverted": false, "swapped": false, "error_lsq": 0.03394570353867662, "error_max": 0.21892266584480538, "target": "667.xyz", "model": "18.xyz", "model_rescale": 3.9405287249114394, "target_rescale": 3.9397404586688163},
{"mapping": [1, 14, 12, 4, 8, 7, 6, 3, 10, 5, 13, 9, 11, 15], "R": [[0.9727488395398644, 0.01880381681644261, 0.23109762362902153], [0.2093387930832064, 0.3572883573126671, -0.9102320030845336], [-0.09968432617173928, 0.9338048223274228, 0.3436154666392896]], "T": [0.013364870598230758, -0.12132086902928205, -0.024566892185827204], "aligned_model": [[-0.0615661843640824, 0.47921679201824635, -0.17922661159233738, -0.7034435416797346, -0.2850232510138325, -0.3758678734934119, -0.016259173144248504, 0.3185856642053554, 0.7670507317591443, 0.34956784189980106, 0.11946549206892204, 0.1529885358551763, 0.6103939380211308, 0.04665850237433927], [-0.12185797991365108, -0.7225537527852621, -0.6192859371222925, -0.23673794068977672, 0.5737629269672281, 0.13674643271807133, 0.4651823538458545, -0.6511790789077235, -0.22907577024799475, 0.637868831538164, -0.43557744145926036, 0.3021895346097778, -0.06002766163798709, -0.10810623247069023], [-0.6802379015293631, 0.12117249465223141, -0.14736092362122008, 0.062206538499705144, -0.03432399010801822, 0.5022392274037927, -0.4865407455386349, -0.6174573875120851, -0.22014434716467593, 0.018574774439079723, 0.559655077770851, 0.6000562078242766, 0.3741969944433987, -0.0420097753398435]], "inverted": false, "swapped": false, "error_lsq": 0.04731168165461963, "error_max": 0.30393927166972484, "target": "667.xyz", "model": "19.xyz", "model_rescale": 4.410303926677745, "target_rescale": 3.9397404586688163},
{"mapping": [3, 1, 5, 10, 11, 9, 6, 0, 2, 4, 8, 12, 7, 13], "R": [[0.6654307221756507, 0.05677148602557393, -0.7442976235077204], [0.14121689536004844, 0.9695236704276903, 0.20020399832493008], [0.73298004232698, -0.2383292908034334, 0.6371337431775775]], "T": [0.12441817200260465, -0.07898542556571714, -0.05790068438982391], "aligned_model": [[-0.13601012033416504, 0.5569634598850709, -0.4053266654678931, -0.6861688559746068, -0.2737104439817183, -0.27405579107523453, -0.009684176395572827, 0.462831427025315, 0.7618031070742268, 0.37480887438716187, -0.09376249294908402, 0.2669427212189984, 0.5987600159598675, 0.07914980354210213], [-0.3318616975389329, -0.6821042004633497, -0.722262578272433, -0.16467755707237175, 0.6424327415733357, 0.09159531893596345, 0.2766706113309015, -0.3272186659303192, 0.050836138476335835, 0.5663478265174724, -0.4640499754055127, 0.33286650508489674, -0.22484307989921562, -0.11238310289231353], [-0.6857489075503973, 0.052879315921820734, 0.01018481294460951, 0.045731075607532555, 0.03255791249193903, 0.47686789840361915, -0.4961142929777173, -0.6384315618853857, -0.18238174241678293, -0.18416582181478655, 0.5707328108243553, 0.5591403818112801, 0.452568241897826, -0.0037938790384180604]], "inverted": false, "swapped": false, "error_lsq": 0.05125354529025441, "error_max": 0.3226345962723893, "target": "667.xyz", "model": "20.xyz", "model_rescale": 4.121658175737393, "target_rescale": 3.9397404586688163},
{"mapping": [3, 2, 10, 5, 11, 0, 1, 4, 7, 8, 12, 9, 13], "R": [[0.27673245698488497, -0.6685357200712572, -0.6902746831804819], [-0.6314309471451947, 0.41497634906081976, -0.6550493025013271], [0.7243715250052499, 0.6171341999184281, -0.30729671825877064]], "T": [0.1337638507439975, -0.15609432461045442, 0.013535720842513331], "aligned_model": [[0.21228453134887318, -0.18307531073139405, 0.1321758176888037, 0.5905040316529822, 0.6741273811827928, -0.3926249043756737, -0.47310570522153933, 0.4707955972247555, -0.7515450750053407, -0.17642932714466958, 0.1398253023642828, 0.5606990795546936, 0.07745148612572847], [-0.6628430015099702, -0.05571392103711881, 0.606874451828411, -0.13812968202561504, 0.23648632305135303, -0.5543769763009792, 0.4167181166940223, -0.6838257909046135, -0.12928621010661828, 0.16236858873462362, 0.5534525566148181, -0.11530096354441217, -0.09559658733071794], [0.6091086419879308, 0.6081564252881596, 0.3810233084393295, 0.4035124631279571, -0.07778722474723124, 0.2058036180093995, 0.06575021426655603, -0.24684140091316267, -0.045260917347652925, -0.6576588346922049, -0.2429565090005896, -0.646203717155673, 0.01346367221897061]], "inverted": true, "swapped": true, "error_lsq": 0.0444795288425884, "error_max": 0.2299259350065856, "target": "667.xyz", "model": "21.xyz", "model_rescale": 4.08911054899281, "target_rescale": 3.9397404586688163},
{"mapping": [12, 5, 14, 3, 4, 2, 7, 10, 6, 0, 11, 1, 8, 16], "R": [[-0.5843630607871778, 0.4329132437811894, -0.6863715732358746], [-0.09743365613174199, -0.877125511611209, -0.4702738771541286], [-0.8056218069542573, -0.20793499041677282, 0.5547400687890988]], "T": [0.05207953607412537, -0.14124703632672275, 0.02513339082629698], "aligned_model": [[-0.25102108248355043, 0.5059900462375869, -0.49678612120076265, -0.7777773969723224, -0.32828063151371295, -0.3897337323475417, 0.24941285096507415, 0.4674465683985413, 0.7098336132873734, 0.2636921500336155, 0.32406798370314627, 0.24418668202224442, 0.6578617974429365, 0.0436481353418393], [-0.39048601655308435, -0.6790741720404221, -0.4624340221871485, 0.029437335509889556, 0.44320533257914707, 0.16946149738541305, 0.12276654307461898, -0.4730371637404085, 0.14845139428060428, 0.6014953080958513, -0.5209135480759651, 0.18822585913844592, -0.14695806308176151, -0.09879199994072267], [-0.600150106317009, -0.024225243689984723, -0.06093632699108273, -0.16587220903915717, 0.030943490707336256, 0.5042107043136621, -0.6050670381923404, -0.5819258723628538, -0.17234704305100887, -0.03514354998994321, 0.6315727154672417, 0.721223066726971, 0.36241258384650954, 0.005331072791152684]], "inverted": false, "swapped": false, "error_lsq": 0.044919046034745135, "error_max": 0.2907344898145238, "target": "667.xyz", "model": "22.xyz", "model_rescale": 4.204369325754507, "target_rescale": 3.9397404586688163},
{"mapping": [1, 14, 12, 4, 8, 7, 6, 3, 10, 5, 13, 9, 11, 15], "R": [[0.9727488395398644, 0.01880381681644261, 0.23109762362902153], [0.2093387930832064, 0.3572883573126671, -0.9102320030845336], [-0.09968432617173928, 0.9338048223274228, 0.3436154666392896]], "T": [0.013364870598230758, -0.12132086902928205, -0.024566892185827204], "aligned_model": [[-0.0615661843640824, 0.47921679201824635, -0.17922661159233738, -0.7034435416797346, -0.2850232510138325, -0.3758678734934119, -0.016259173144248504, 0.3185856642053554, 0.7670507317591443, 0.34956784189980106, 0.11946549206892204, 0.1529885358551763, 0.6103939380211308, 0.04665850237433927], [-0.12185797991365108, -0.7225537527852621, -0.6192859371222925, -0.23673794068977672, 0.5737629269672281, 0.13674643271807133, 0.4651823538458545, -0.6511790789077235, -0.22907577024799475, 0.637868831538164, -0.43557744145926036, 0.3021895346097778, -0.06002766163798709, -0.10810623247069023], [-0.6802379015293631, 0.12117249465223141, -0.14736092362122008, 0.062206538499705144, -0.03432399010801822, 0.5022392274037927, -0.4865407455386349, -0.6174573875120851, -0.22014434716467593, 0.018574774439079723, 0.559655077770851, 0.6000562078242766, 0.3741969944433987, -0.0420097753398435]], "inverted": false, "swapped": false, "error_lsq": 0.04731168165461963, "error_max": 0.30393927166972484, "target": "667.xyz", "model": "23.xyz", "model_rescale": 4.410303926677745, "target_rescale": 3.9397404586688163},
{"mapping": [0, 13, 7, 3, 4, 10, 5, 12, 6, 15, 11, 9, 14, 16], "R": [[-0.19624858156131791, 0.7271588491958332, 0.6578195058459141], [-0.3952383746751692, -0.6726143564370295, 0.6256009548417677], [0.8973701139548285, -0.13722221230905896, 0.4194006950753732]], "T": [0.04882680968966509, -0.08232001898516655, 0.06753617542211425], "aligned_model": [[-0.2998099124913724, 0.5802093404090789, -0.025221246339145006, -0.8128406233584478, -0.3379510757376384, -0.38742262621130996, 0.17519402747747648, 0.27175381731236153, 0.7327092119636398, 0.5352998481369172, 0.05256615467493525, 0.17401731977338714, 0.6312902836833005, -0.06725365637871526], [-0.38683750758205265, -0.523362189381577, -0.7402583983393818, 0.0016856972852790086, 0.44161866712232273, 0.15777761552833783, 0.2635093729155615, -0.3491008749955059, -0.043646594817315476, 0.43460633125024123, -0.36803299461413064, 0.25575149219543475, -0.1183077256181474, -0.09405460650460865], [-0.5292111297009798, -0.06399721884486244, 0.007829634294690316, -0.17684725096401938, -0.1555680458187491, 0.48684930645036595, -0.4424004788733709, -0.6572447286602702, -0.26217174969177864, 0.14132860139489395, 0.6324039470882689, 0.5798397701210253, 0.410451874172113, 0.03876371325216754]], "inverted": false, "swapped": false, "error_lsq": 0.04642438545599119, "error_max": 0.2846891467754107, "target": "667.xyz", "model": "24.xyz", "model_rescale": 4.28219845311461, "target_rescale": 3.9397404586688163},
{"mapping": [8, 3, 0, 6, 14, 2, 11, 1, 9, 12, 4, 13, 7, 15], "R": [[-0.47080679228982664, 0.8519787029506439, -0.2290704128697172], [-0.18310317496875742, -0.34835584731801916, -0.9193048629022398], [-0.8630261824823884, -0.390871453751593, 0.32000830456722795]], "T": [0.1311498196699291, -0.0483519041928378, -0.046809911416470056], "aligned_model": [[-0.17772867265434633, 0.6136344849953552, -0.43476508828443505, -0.7415939839131983, -0.34609716132025536, -0.3636149551052413, 0.20973226312174859, 0.13263267656223893, 0.7786318997927297, 0.33382342252744523, 0.16522677562523216, 0.24568304696756244, 0.7247265207830584, 0.08224963381657392], [-0.2272822192644573, -0.653644735728232, -0.5951337163157604, -0.14997898909896484, 0.545202961968656, 0.03795847833475022, 0.36731221447405066, -0.616044119726386, 0.0895762489726708, 0.6860143624855877, -0.5824147351051601, 0.26088357328050776, -0.1330051980480199, -0.09809584178478482], [-0.6422291555265991, -0.0763815308767073, 0.16842052073099065, -0.2472776741160125, -0.038291408825353056, 0.4185269127201287, -0.3896294138993583, -0.3427841474653526, -0.18325207631820672, 0.016825749203734676, 0.45145129190609323, 0.4473277376790276, 0.44922085928767475, -0.021901420280565652]], "inverted": true, "swapped": false, "error_lsq": 0.04301531150277473, "error_max": 0.32287244435929396, "target": "667.xyz", "model": "25.xyz", "model_rescale": 4.100010024507729, "target_rescale": 3.9397404586688163},
{"mapping": [10, 5, 3, 4, 1, 7, 2, 6, 11, 8, 12, 13], "R": [[-0.3755081332322073, 0.6774232444898367, -0.6325277778100546], [0.5751845508602922, -0.3648121345421204, -0.7321713180277318], [-0.7267436785608161, -0.6387564906250933, -0.2526534610018402]], "T": [0.12888989571729279, -0.012251629681603947, -0.03768476903206976], "aligned_model": [[-0.7079171521569398, 0.034268637555610604, 0.4081501339538304, 0.7501742432220817, -0.49599970604259225, 0.017510179532331, -0.2052233254761159, 0.5728991983822043, -0.14118551948580124, 0.023118734878904257, -0.444758973616187, 0.06572915161568085], [-0.13718810814695384, -0.5889808126028179, -0.349363326672006, -0.22843858000114664, 0.5373494197076957, 0.8174438932679536, 0.03143342352563088, 0.3200883567639282, -0.45138648480072185, 0.5602380135197309, 0.11388403045522363, 0.04105156503412235], [-0.0014102092963450205, 0.10176575206580826, 0.6150297522680711, -0.2024758678320579, 0.04344954132479919, 0.2575228048836092, 0.5543431301175034, -0.18900667142592167, -0.47204871719123515, -0.5937500854531361, -0.5112864495362778, -0.03694069007046058]], "inverted": false, "swapped": true, "error_lsq": 0.0454235186603553, "error_max": 0.29065032509629607, "target": "667.xyz", "model": "26.xyz", "model_rescale": 3.6694154284099745, "target_rescale": 3.9397404586688163},
{"mapping": [5, 6, 0, 4, 8, 10, 7, 1, 3, 9, 2, 11, 12, 13], "R": [[0.9020505421175081, -0.4284432927488578, -0.052356130147543534], [0.4069712566124158, 0.8038239877430057, 0.4338679442183345], [-0.14380269732109074, -0.4126782543670664, 0.8994539691477991]], "T": [0.04329794634370848, -0.025945110449265715, -0.024559155831420078], "aligned_model": [[-0.24847766967071055, 0.5249025569955312, -0.28682563886479484, -0.7493844280241182, -0.36999749108419516, -0.28312177594335736, 0.27751752642154626, 0.2894163913368101, 0.7930291641824585, 0.31916312725673796, -0.01056206630004402, 0.2455547530611198, 0.6841963215498574, 0.03713009199762694], [-0.2699981138496668, -0.513257905763898, -0.5905585384022514, -0.13060171355680272, 0.42696825810568584, 0.2682328735030526, 0.2136551629435225, -0.6812903551475225, 0.1564725026146392, 0.5783798350665508, -0.47940945898406206, 0.08623135348984574, -0.0684809932345727, -0.06499462234006345], [-0.7183052341279393, 0.017555809750153327, -0.12028500708072695, 0.16578847058273447, -0.20459680304869993, 0.38629385748650735, -0.5573456252698868, -0.562699448860393, -0.2642634231602161, 0.12891168067336953, 0.47902681483219023, 0.801687837700045, 0.441458853145961, 0.016798461596395073]], "inverted": false, "swapped": false, "error_lsq": 0.04970623032224269, "error_max": 0.2734735379795988, "target": "667.xyz", "model": "27.xyz", "model_rescale": 4.103607728864725, "target_rescale": 3.9397404586688163},
