[{"mapping": [10, 1, 6, 5, 11, 8, 0, 3, 7, 2, 4, 12], "R": [[-0.12436845314934183, 0.9863651207049502, -0.10777910984021641], [-0.9788309557612216, -0.13975700984938258, -0.14952571097150427], [-0.1625498320663981, 0.08690124771641111, 0.9828660769609039]], "T": [-0.12334357263957153, -0.08471570413085595, -0.06038126518343677], "aligned_model": [[-0.12848205122867612, 0.0899738468121694, 0.500685869830519, -0.1481545202132436, -0.1581707001480675, -0.676026846851658, 0.41574268625212885, -0.1410162925293358, 0.5473161003323783, 0.0740659015643375, -0.5598739031667376, 0.021582371806734515], [-0.35853656432052916, -0.8343219307044052, -0.23011864525546288, 0.6566513234434573, 0.3469244938724939, -0.46950742487676295, -0.3000074831730159, -0.48402789333283225, 0.2712075648055875, 0.23394433555518823, 0.3003637113949581, -0.07901645143161931], [-0.46971608491685457, -0.0710387247179385, -0.5071503434732447, -0.14433771628468473, -0.7049621145561032, 0.03704908715575732, 0.4783615537256699, 0.5833606923622141, -0.02254148069249927, 0.6140481029815725, 0.3780027576952446, 0.010876016074429201]], "inverted": true, "swapped": true, "error_lsq": 0.04158643858121125, "error_max": 0.21991575147890494, "target": "668.xyz", "model": "0.xyz", "model_rescale": 3.751011558992144, "target_rescale": 3.8794546971701243},
{"mapping": [6, 11, 1, 7, 0, 8, 10, 4, 12, 13, 9, 5, 14], "R": [[0.7097492508360728, 0.4513363496191569, 0.5408803014069634], [0.12066377298460501, -0.8343421831023342, 0.5378785879593562], [0.6940434099008168, -0.3164942669441032, -0.6466336862279614]], "T": [0.0837718180822305, 0.011364850860029266, -0.015873364111602638], "aligned_model": [[-0.1697089620907044, -0.6344076857098879, 0.44572746353981607, -0.1360026073930204, 0.4324690996334406, 0.7018451012179574, -0.10160740545091734, 0.5197935677008343, -0.5560122564057886, -0.15314606461771288, -0.34533538913812023, 0.1966366197466784, 0.03040393831098101], [-0.5195661586663336, -0.3297855195353986, -0.226900766722544, 0.039009622223136406, 0.4055260555193173, -0.03463737618830885, -0.6276223187922118, -0.6413011450473677, 0.3222734387569008, 0.6020307958790655, 0.03737870716352866, 0.1979742602473632, 0.0219082269711814], [-0.48233397603545874, -0.08344269175843336, -0.5616784168870546, -0.6408629578814102, -0.5622721828144072, 0.22137642813338437, 0.4634842149782937, 0.0815232557247415, -0.23031984247087353, 0.334106430379913, 0.4835061562194435, 0.5693825729526663, -0.00920110270577219]], "inverted": true, "swapped": false, "error_lsq": 0.03898887900042696, "error_max": 0.209437819589644, "target": "668.xyz", "model": "1.xyz", "model_rescale": 3.9405287249114394, "target_rescale": 3.8794546971701243},
{"mapping": [7, 6, 4, 3, 8, 2, 0, 1, 10, 9, 11, 5, 12], "R": [[-0.02855997766008478, 0.046499403815752696, -0.9985099564455204], [-0.423247351856552, -0.9055152723119856, -0.030062780246789572], [-0.9055639164755139, 0.4217581025357192, 0.0455422454760217]], "T": [0.02725972847414408, -0.11182081228561946, -0.0500047295373702], "aligned_model": [[-0.21145363983349333, -0.403865721426903, 0.4393674247447647, -0.2626764590351378, 0.25652082865663384, 0.5674005452713339, -0.035393300267693065, 0.5545135513331069, -0.3972343361119038, -0.01869465991716764, -0.48329817226993405, 0.11311750492504866, 0.1123518532749005], [-0.6511599629509799, -0.42700516603156186, -0.11882095040216603, -0.04279574946509972, 0.5367903260823012, -0.09090818882873114, -0.6369935830831132, -0.7027618332630682, 0.562939847137573, 0.6783248710983695, 0.15143139675883893, 0.08944609223333558, -0.10219927747736955], [-0.5801359034056224, 0.05071946314143008, -0.6172912238448598, -0.5378287002933151, -0.40698191261486993, 0.3647002110305301, 0.6005320850075382, -0.05429988553056962, -0.3256674962258823, 0.10471792655180345, 0.3714726642314954, 0.6429572865537091, -0.02962662676635432]], "inverted": false, "swapped": false, "error_lsq": 0.058296474919021096, "error_max": 0.3500196069021578, "target": "668.xyz", "model": "2.xyz", "model_rescale": 3.932901565614263, "target_rescale": 3.8794546971701243},
{"mapping": [6, 0, 12, 5, 9, 11, 1, 10, 7, 8, 3, 11, 13], "R": [[-0.6796817991335558, -0.07974922008066165, -0.729158908485043], [0.6946996429376793, -0.38904329857633724, -0.605010510598869], [-0.23542527058248, -0.9177610657079376, 0.319827403831812]], "T": [-0.14300334329156067, -0.08810720771878942, -0.036643414562187226], "aligned_model": [[0.014292837904372302, -0.7389143767757989, 0.4379750778215184, -0.07661997086096542, 0.15891889955491562, 0.5205152589423132, -0.19586648203635088, 0.4576090123916276, -0.5087915220348147, 0.04805507371622747, -0.33882156491183407, 0.5205152589423132, -0.06821208330996827], [-0.5935580524909498, -0.30148465269470764, -0.18561994252533243, -0.06538129233973873, 0.43411317740260713, 0.062262560084260385, -0.6938787217709158, -0.4770885376800934, 0.4316590515454557, 0.5689930830890804, 0.12456640563506109, 0.062262560084260385, -0.12055781653065836], [-0.4684646919236023, 0.18315293502147445, -0.5225293589061637, -0.7520988403502596, -0.45607370439240325, 0.542010796334002, 0.38645820708112094, -0.003420479058848777, -0.3618888470732203, 0.22887986999606003, 0.38420173076529474, 0.542010796334002, -0.11897052599242379]], "inverted": true, "swapped": false, "error_lsq": 0.058979268653523174, "error_max": 0.40530392987941166, "target": "668.xyz", "model": "3.xyz", "model_rescale": 3.9243930471874484, "target_rescale": 3.8794546971701243},
{"mapping": [11, 10, 5, 6, 0, 1, 8, 9, 3, 2, 4, 7, 12], "R": [[0.6478417124608107, -0.1478757784343192, 0.7472843299228804], [-0.4961381741706561, 0.6624864832613553, 0.5612116994741021], [-0.5780553846531074, -0.7343326314746241, 0.35581955908170904]], "T": [-0.0282453467314706, -0.16536585091805878, -0.028314873388246432], "aligned_model": [[-0.038551081835806564, -0.666807921649282, 0.42265549392896795, -0.238628852739715, 0.34548584860884834, 0.6559411046504738, -0.1269242806632864, 0.3179010288516467, -0.40761487366917826, 0.013445957215099457, -0.3301398702725687, 0.23303058864651932, 0.05086227827183705], [-0.7948284530261759, -0.4642690294838461, 0.04798418270749211, -0.07776670026706006, 0.5680908510424588, -0.006112288783740427, -0.502269463166672, -0.7683294087510256, 0.35012474058046705, 0.7026870677829948, 0.11642254164982668, 0.18291746520270868, -0.1083636836790986], [-0.5076943741585185, -0.033052729075775424, -0.5982212646654184, -0.713575177171862, -0.24206382271733404, 0.100865243794692, 0.4942698498558834, 0.09128874851743182, -0.2364051962584699, 0.28145997359484004, 0.398091350663393, 0.6449995971353376, -0.09669431167916681]], "inverted": true, "swapped": false, "error_lsq": 0.04488082738859889, "error_max": 0.2578787025449809, "target": "668.xyz", "model": "4.xyz", "model_rescale": 3.8936222436046832, "target_rescale": 3.8794546971701243},
{"mapping": [2, 4, 3, 0, 8, 9, 11, 10, 6, 7, 1, 12], "R": [[-0.019191087614961022, 0.9833498879060063, -0.18070611531268058], [0.9948534046014865, 0.0007961393522217808, -0.10132161425363662], [-0.0994907307691816, -0.18172056602755993, -0.9783042626778427]], "T": [-0.143982954747864, -0.06217187017557661, 0.03522389015808223], "aligned_model": [[-0.03743698983927597, -0.6512508725327224, -0.1822401244989933, 0.36244413376629764, -0.6655553421533185, -0.6935256225006312, -0.1606827656899808, -0.08754492438232382, 0.528033761861034, 0.4852001819110923, 0.13721792658513976, -0.007111320311220165], [-0.5659838771817373, -0.49698602838456984, 0.1544857065486281, -0.056885448658633625, 0.34321027990851266, 0.11841765851398069, -0.3037237469581207, 0.30786109765387076, 0.1240376768728446, -0.48842887496556686, 0.6354040314407821, -0.10248556968018323], [-0.5393986929342901, -0.2557079655304517, -0.6898706835279382, -0.5736373644325943, -0.12800509193365023, 0.44691045540309, 0.7730480344215916, 0.35530140191297294, 0.38718540347929775, 0.053421857710263164, -0.16932762810756266, -0.04063500718521006]], "inverted": true, "swapped": true, "error_lsq": 0.04836488240924245, "error_max": 0.3003765560917218, "target": "668.xyz", "model": "5.xyz", "model_rescale": 3.6523030999806103, "target_rescale": 3.8794546971701243},
{"mapping": [0, 2, 5, 1, 8, 9, 3, 7, 6, 10, 4, 11, 12], "R": [[-0.2631152325134588, -0.6971076274275954, -0.6669417742214516], [-0.5852320831168691, 0.6649124180819804, -0.4641065450638074], [0.7669900803205205, 0.268202222329799, -0.5829183344408363]], "T": [0.0299407947351671, 0.018385080881544738, -0.05797068941122516], "aligned_model": [[-0.03976405783795321, -0.7244254700401658, 0.41496018835767645, -0.39781722228880884, 0.3799422769387721, 0.5630294219477109, -0.11009980436830076, 0.4919959140433754, -0.258345013815547, -0.16336384815062854, -0.30285864349707176, 0.31001815328103893, 0.06738352477345796], [-0.884933875573548, -0.039583966317619027, -0.263047145015013, -0.20692459950847697, 0.39195713455758024, 0.4211133798787657, -0.6439738900905245, -0.42583681267014395, 0.5359012578955762, 0.6330029808900549, -0.05433435045959287, -0.1381510519802125, -0.07890123979851754], [-0.4657939684615252, 0.0035334758530209676, -0.5442417030941389, -0.5566023097359943, -0.4957445874842368, 0.2182345022562964, 0.09794572128227125, 0.17865144756588316, -0.32572572893271057, 0.38197384538255696, 0.40364389023790725, 0.7615548534973727, -0.07416155053167008]], "inverted": false, "swapped": false, "error_lsq": 0.06304368553028034, "error_max": 0.39047610004156885, "target": "668.xyz", "model": "6.xyz", "model_rescale": 4.08911054899281, "target_rescale": 3.8794546971701243},
{"mapping": [12, 7, 11, 13, 1, 9, 4, 8, 2, 0, 6, 3, 14], "R": [[0.6233007071412482, 0.5259504421692266, -0.5786815712109854], [-0.4696720128183657, 0.8434650214012918, 0.2607200760349368], [0.6252235031189763, 0.10928353057306182, 0.7727565471046633]], "T": [0.008280030320749896, -0.21298934901166866, -0.06937843443874583], "aligned_model": [[-0.11979168089861811, -0.763090146145101, 0.4001850013841952, -0.24378797637279467, 0.22079964206990085, 0.7026383366617173, -0.06145076270451444, 0.5211520073317477, -0.47004253976279436, 0.003776108567328771, -0.2833115087297808, 0.16862489489776158, 0.15495404304450752], [-0.6388153142505086, -0.22515320657680427, -0.29820854442068434, -0.05515732406021598, 0.4336928341489533, 0.1287008204948717, -0.5773915126322315, -0.4806880012322765, 0.42547345700470696, 0.5998623657032729, 0.024761755125453422, 0.04899522840434628, -0.1397847359005546], [-0.6263989027565178, -0.13363616522367203, -0.49795660157603316, -0.738291952206843, -0.3424784664050511, 0.0558081398641134, 0.5299530008747833, 0.2917984475471923, -0.1864779970921693, 0.40381073246779553, 0.2586333843867311, 0.6600768704742455, -0.09157260251954127]], "inverted": true, "swapped": false, "error_lsq": 0.041119909186096634, "error_max": 0.25765460691810166, "target": "668.xyz", "model": "7.xyz", "model_rescale": 3.964800864290218, "target_rescale": 3.8794546971701243},
{"mapping": [12, 11, 8, 9, 5, 1, 4, 7, 10, 3, 6, 0, 13], "R": [[0.4422169655272039, -0.7833201699443202, -0.43686801983930257], [-0.8692124915260406, -0.4943945012966928, 0.006612235831176816], [-0.221164644495915, 0.3768070971279547, -0.8995013127166629]], "T": [0.046406208057752085, -0.07921359143195993, 0.07739971269544896], "aligned_model": [[-0.05128041505518263, -0.7273945561009354, 0.3691760064006593, -0.19218864680882078, 0.2622819675440248, 0.7939777979185607, -0.34522401369761874, 0.5522251683771376, -0.3283297098278119, -0.050919205161396405, -0.41157137996873644, 0.30074544088320154, 0.05915696484047413], [-0.7315937442693448, -0.31578730984272807, -0.03828499153816382, -0.2135125604241883, 0.5960471814866704, -0.03840307006941872, -0.5549485225641194, -0.5445263763758335, 0.41447256412735994, 0.555313412306764, 0.014826894220849998, 0.1620266393989212, -0.0593422946484401], [-0.2907475365639083, -0.10259633625678258, -0.6191647770653292, -0.5541800597382776, -0.365873643138104, 0.12830266498208445, 0.4170987555589235, -0.1082999278828384, -0.46202682045133137, 0.41483999062694643, 0.42079269326168334, 0.7021189121740373, 0.0030039723279297187]], "inverted": false, "swapped": false, "error_lsq": 0.05165408128405597, "error_max": 0.2775048954994683, "target": "668.xyz", "model": "8.xyz", "model_rescale": 4.121658175737393, "target_rescale": 3.8794546971701243},
{"mapping": [9, 7, 4, 5, 0, 1, 8, 6, 10, 3, 11, 2, 12], "R": [[-0.27041865675361537, -0.5129116558586303, -0.8147363888792056], [-0.3723946003088686, 0.8361200388745869, -0.4027723206144601], [0.8878040390426079, 0.19448628197566398, -0.41710798887448103]], "T": [-0.03769447383920864, -0.07742198751389524, -0.011760372454440737], "aligned_model": [[0.017280653104371782, -0.5772317972512708, 0.5534347740602652, -0.22156330010807335, 0.3920066882789572, 0.649651290189383, -0.09816264583002501, 0.2878545468197329, -0.4478738058247277, -0.1545018070326738, -0.5703267846074646, 0.3500399170356948, 0.05004769050938647], [-0.7533309486480559, -0.474398531134429, -0.17295832533939515, 0.07341306804508606, 0.500227369269115, -0.02763879715441113, -0.46182821194733836, -0.672633507612739, 0.5319672805636189, 0.5723782304979061, 0.03222667401289078, 0.17267310419369936, -0.07380958293761908], [-0.4947869024825791, -0.09250695611992597, -0.6671739351394212, -0.581987473719196, -0.32878146797451835, -0.008735419047588077, 0.6039739797789018, 0.12938895125488822, -0.2037980410489898, 0.42044295360178957, 0.3158248334150497, 0.5073358980922885, -0.01592853277566685]], "inverted": false, "swapped": false, "error_lsq": 0.04818121594544643, "error_max": 0.26431731183265433, "target": "668.xyz", "model": "9.xyz", "model_rescale": 3.833441315466971, "target_rescale": 3.8794546971701243},
{"mapping": [8, 10, 2, 13, 5, 4, 11, 7, 0, 1, 12, 6, 14], "R": [[0.7930655447062894, -0.526205425332213, 0.3068466916078154], [0.37516239436997556, 0.8188060355514123, 0.43452255867235084], [-0.4798960508800879, -0.2294875301525649, 0.8467793418914824]], "T": [0.0659623744569483, -0.10360161644496568, 0.012945301695006566], "aligned_model": [[-0.20825799302404968, -0.6997494640543246, 0.3815075987174788, -0.10447479630892473, 0.28073586653057025, 0.7657068550284374, -0.19586490855681243, 0.3558723537195237, -0.4032808761335154, -0.142837153455787, -0.25587025266131497, 0.3263205605954978, 0.13084762894677682], [-0.7270172829576805, -0.35645659281236713, -0.1571913418967844, 0.17743109031497917, 0.4207061038176978, 0.25004581461051345, -0.6521840504459381, -0.6578232292696817, 0.33780419683975305, 0.5676897384871139, -0.008349114005957337, 0.21190716757286737, -0.1602746784461863], [-0.36615291668887623, -0.1467540558797737, -0.6306458788691814, -0.7134556412883837, -0.35639053875712345, 0.15856033013587945, 0.3225270647540915, 0.24252009252309353, -0.20794978986978535, 0.2396160030454386, 0.5133159425324126, 0.5550683413853966, -0.02699106518815545]], "inverted": true, "swapped": false, "error_lsq": 0.046954636004024386, "error_max": 0.32870607148910796, "target": "668.xyz", "model": "10.xyz", "model_rescale": 4.2482417240324, "target_rescale": 3.8794546971701243},
{"mapping": [7, 5, 4, 9, 0, 3, 2, 8, 10, 1, 6, 12], "R": [[0.3432776618419039, -0.9358627883501103, 0.07950652968097682], [0.6706997733620397, 0.30351173773837925, 0.6767883266333263], [-0.6575121754708912, -0.17900130289074956, 0.7318717597167894]], "T": [0.050535405169163626, -0.03465076860928259, -0.08597223555575123], "aligned_model": [[-0.6824364233104173, -0.08129267547373806, 0.3664148684538594, 0.6518003303737661, -0.459766741703636, 0.11647812689487277, -0.2507762133038555, 0.6668440759025411, 0.1391340585091703, 0.0060588764692630775, -0.49957707952895686, -0.09611560091986218], [-0.20147260259638708, -0.6802878470546704, -0.14981132781463766, -0.3389830999617905, 0.5285480064450486, 0.6573272725010096, 0.1315025782043687, 0.2509427322645477, -0.05475320810734726, 0.5894211191744425, -0.08932872699567398, 0.023026493991728902], [0.027254943036870732, 0.2648317816189451, 0.5605443129761774, -0.30948481097071046, 0.13675456626529198, 0.21566364667786447, 0.6046608565832081, -0.12617320746955696, -0.5700232996347145, -0.5508200763337617, -0.637827238902734, -0.050189183992523596]], "inverted": true, "swapped": true, "error_lsq": 0.04345657462188485, "error_max": 0.27356953938160994, "target": "668.xyz", "model": "11.xyz", "model_rescale": 3.6694154284099745, "target_rescale": 3.8794546971701243},
{"mapping": [3, 4, 2, 1, 12, 10, 11, 8, 0, 5, 6, 7, 13], "R": [[-0.5272812438253764, 0.6663404552955793, 0.5272237547251113], [-0.8459552473214721, -0.4698032088441977, -0.25227894182623], [0.07958774679076647, -0.579029656059321, 0.8114126249723956]], "T": [0.05600342242780139, -0.031091603427421722, 0.05769243986700864], "aligned_model": [[-0.1155249397215206, -0.5451384017420458, 0.4022248546701493, -0.1201798623898752, 0.34009088253999514, 0.6847537133468709, -0.15484222429219557, 0.34886648221956423, -0.5085983923301671, -0.10680700162102445, -0.36053625721560406, 0.4020395096771847, -0.03569294379777588], [-0.6619706343300195, -0.40228965411906, -0.2309116943465579, -0.04948903512986928, 0.48526525683553917, 0.0561778994682325, -0.5833151003840863, -0.7221990707565429, 0.3238792969771992, 0.6956844654703961, 0.06972315044366799, 0.26461575945902066, 0.001117182220409043], [-0.5025026778813444, -0.1625782212451077, -0.45855965408849547, -0.7700119027331551, -0.280595023886629, 0.08189766331099577, 0.49998416664386486, -0.038221834995619826, -0.1991310696943234, 0.3574591891491092, 0.42672619731766637, 0.6450436979106322, -0.016242641972560597]], "inverted": false, "swapped": false, "error_lsq": 0.041168630483470345, "error_max": 0.20403895521353194, "target": "668.xyz", "model": "12.xyz", "model_rescale": 3.9764082729961374, "target_rescale": 3.8794546971701243},
{"mapping": [4, 6, 7, 4, 2, 8, 14, 3, 9, 12, 13, 10, 15], "R": [[-0.9997145640496504, -0.022731005220320157, 0.007354714725370782], [0.018550510815288836, -0.93253232522089, -0.36060967952429146], [0.01505552973195098, -0.3603703148426548, 0.9326878187285907]], "T": [-0.04522120404899392, 0.047913231723227465, -0.01400594628054952], "aligned_model": [[-0.24004883336168453, -0.6276467380591133, 0.38060036120878915, -0.24004883336168453, 0.5955689570746348, 0.6302543685993899, -0.1298864118744712, 0.49694622696679996, -0.23882176481142126, -0.3018198965487401, -0.3848504510057856, 0.32029835089977, -0.02988991638292727], [-0.311056867794473, -0.4449001081518104, -0.19920618799398615, -0.311056867794473, 0.3865569546329438, 0.01766964307211122, -0.6347219424595472, -0.5933494664098035, 0.5380475097834387, 0.5144819600787841, -0.06110249145300574, 0.39473725480323246, -0.04981156850508259], [-0.604807422487132, 0.0256716931838806, -0.5872787311596414, -0.604807422487132, -0.3471244120658028, 0.19207877598044004, 0.3929941288145184, 0.04326600184845342, -0.3034646460297387, 0.3376817954398118, 0.4832345316562578, 0.6122970562054063, -0.05647346106428874]], "inverted": false, "swapped": false, "error_lsq": 0.05425589530948735, "error_max": 0.36418485832168596, "target": "668.xyz", "model": "13.xyz", "model_rescale": 4.170626492500431, "target_rescale": 3.8794546971701243},
{"mapping": [6, 2, 11, 3, 9, 10, 4, 12, 1, 7, 0, 8, 13], "R": [[0.16004609742254788, 0.3716528477671085, 0.9144722015711638], [0.32379490116539456, -0.8949214202435651, 0.307038293325984], [0.9324924174914803, 0.24696115552013245, -0.26356797792041475]], "T": [-0.020933528349997958, -0.10760220073724168, -0.02531827788590873], "aligned_model": [[-0.0634469845852771, -0.6176424488070896, 0.3993194459763765, -0.30772386924201406, 0.35520214805375583, 0.4621355361391926, -0.10269997833374173, 0.5777825999036337, -0.2819403269827989, 0.02694884748426848, -0.47649863672155324, 0.2282763470677536, 0.030942739391049693], [-0.7671472560461281, -0.38457196167923663, -0.20689954310362252, -0.06808624334603304, 0.45669732963726206, 0.16066025594071448, -0.6106806073003304, -0.4240111294333445, 0.5878149542052149, 0.5462252354482225, 0.1823961192508679, -0.06250049374453147, -0.16360883802072615], [-0.5455895466357948, -0.012733246816784886, -0.5849495194190768, -0.6511484416782757, -0.46848239130133845, 0.08873363242459542, 0.46792557164494986, 0.25240552159216684, -0.22301729552267396, 0.4518051491897453, 0.22809800605490205, 0.6728339740087165, -0.09261352570609846]], "inverted": false, "swapped": false, "error_lsq": 0.04989910130786211, "error_max": 0.2880633332104203, "target": "668.xyz", "model": "14.xyz", "model_rescale": 3.9786697098870705, "target_rescale": 3.8794546971701243},
{"mapping": [7, 2, 11, 6, 5, 9, 3, 8, 10, 1, 4, 12], "R": [[-0.36495063509723635, 0.05564174937803687, 0.9293627008161429], [0.3444243071302101, 0.9354636173875769, 0.0792446667102838], [-0.8649756820859178, 0.34901549574524765, -0.36056241225299746]], "T": [0.04294591518154493, 0.003727283492679716, -0.0008357714217399788], "aligned_model": [[-0.06903345232142667, -0.6834682664729862, 0.5822361404827464, 0.5102453405861584, -0.031022550678831987, 0.4306562335394269, -0.5023232330670228, 0.028749518384273517, 0.5007461730244365, 0.21112299592305006, -0.46662440496465124, -0.027929897667836226], [-0.41380147408113727, -0.08501128566120016, 0.3076563762858779, -0.5636586038678342, 0.3896581486822166, 0.5531866030300567, -0.23886204224865945, 0.2906515992144886, -0.08091191677418876, -0.5406442938177694, 0.5235820049167514, -0.12717062545416327], [-0.6261580702917436, -0.2454121338882063, -0.4696681723597881, -0.2651497353241084, -0.6355604138673517, 0.22691566055779588, 0.46606703686166195, 0.6160021674818865, 0.15983280603066574, 0.5310509205840982, -0.03422131749124539, -0.06373225441983485]], "inverted": false, "swapped": true, "error_lsq": 0.051657012962612735, "error_max": 0.32561103795388524, "target": "668.xyz", "model": "15.xyz", "model_rescale": 3.769337070930944, "target_rescale": 3.8794546971701243},
{"mapping": [6, 5, 1, 10, 0, 2, 3, 4, 8, 9, 12], "R": [[0.04319567738082425, -0.057603241213513845, -0.9974046320612862], [-0.9896657547028137, -0.13909985338603365, -0.03482706930671056], [-0.13673268601224153, 0.9886015867829072, -0.06301646757948348]], "T": [-0.11525495294622488, -0.00011459827570813735, -0.010592020266214428], "aligned_model": [[-0.5701694558452207, -0.28263246539391956, -0.04936120805248681, -0.4897585516094789, 0.41967523389270056, 0.508449205173647, 0.5702419366973458, 0.2953027727743333, 0.05068624882037813, -0.4780428687204668, -0.05176471704566128], [0.2019704402919057, -0.7272011658211945, 0.7479488074036106, 0.31872570170669356, 0.15762281411288756, -0.3918703611464526, 0.32262249269491133, -0.43738121020144904, 0.3652331793721432, 0.050830106187814764, -0.012436306975528609], [-0.6125652770745444, 0.014292312096473156, -0.21936594888387595, 0.014847708089591878, -0.572888182014221, -0.24057080068556336, -0.020643974260124952, 0.4032505841056673, 0.5389538490016381, 0.5975897903888583, -0.1586824535401221]], "inverted": false, "swapped": true, "error_lsq": 0.04802190956887138, "error_max": 0.35824734651053775, "target": "668.xyz", "model": "16.xyz", "model_rescale": 3.7852294659196426, "target_rescale": 3.8794546971701243},
{"mapping": [3, 1, 8, 2, 11, 9, 4, 0, 7, 6, 5, 10, 12], "R": [[-0.6895734849897899, -0.3887211716763293, 0.6110517649836369], [-0.21512903998066973, -0.695710931486548, -0.6853508561073776], [0.6915257803987003, -0.604054757866124, 0.396118599087782]], "T": [0.0038348493078077146, -0.10743571482065814, -0.07757754562476102], "aligned_model": [[-0.08239444445742057, -0.6256997720077989, 0.5122728158111662, -0.2477166008176668, 0.26294320668099386, 0.8565336630958706, -0.16332332835968252, 0.3702620368626707, -0.41996787411862674, -0.15659623776349524, -0.5033472305801404, 0.3525753408355801, 0.07511384416210566], [-0.7823205527309314, -0.36306020408597517, -0.13939350304086173, -0.0016328171323554963, 0.5090888670129481, -0.01736229165118139, -0.479629450788446, -0.648055192029622, 0.4433562249824816, 0.6234348007673742, -0.05143310899488039, 0.2118313516981484, -0.05853630219836976], [-0.48939101750023306, -0.18981138766864303, -0.48337976991939413, -0.6249482023198367, -0.3787292907094273, 0.0322099623841382, 0.501487780253778, 0.12043470859618685, -0.16948236508844786, 0.3993746444815307, 0.33695720146122254, 0.5748821735032351, -0.04633654963907655]], "inverted": true, "swapped": false, "error_lsq": 0.04029385334393233, "error_max": 0.2650136088352592, "target": "668.xyz", "model": "17.xyz", "model_rescale": 3.901054581598922, "target_rescale": 3.8794546971701243},
{"mapping": [6, 11, 1, 7, 0, 8, 10, 4, 12, 13, 9, 5, 14], "R": [[0.7097492508360728, 0.4513363496191569, 0.5408803014069634], [0.12066377298460501, -0.8343421831023342, 0.5378785879593562], [0.6940434099008168, -0.3164942669441032, -0.6466336862279614]], "T": [0.0837718180822305, 0.011364850860029266, -0.015873364111602638], "aligned_model": [[-0.1697089620907044, -0.6344076857098879, 0.44572746353981607, -0.1360026073930204, 0.4324690996334406, 0.7018451012179574, -0.10160740545091734, 0.5197935677008343, -0.5560122564057886, -0.15314606461771288, -0.34533538913812023, 0.1966366197466784, 0.03040393831098101], [-0.5195661586663336, -0.3297855195353986, -0.226900766722544, 0.039009622223136406, 0.4055260555193173, -0.03463737618830885, -0.6276223187922118, -0.6413011450473677, 0.3222734387569008, 0.6020307958790655, 0.03737870716352866, 0.1979742602473632, 0.0219082269711814], [-0.48233397603545874, -0.08344269175843336, -0.5616784168870546, -0.6408629578814102, -0.5622721828144072, 0.22137642813338437, 0.4634842149782937, 0.0815232557247415, -0.23031984247087353, 0.334106430379913, 0.4835061562194435, 0.5693825729526663, -0.00920110270577219]], "inverted": true, "swapped": false, "error_lsq": 0.03898887900042696, "error_max": 0.209437819589644, "target": "668.xyz", "model": "18.xyz", "model_rescale": 3.9405287249114394, "target_rescale": 3.8794546971701243},
{"mapping": [8, 4, 5, 7, 11, 10, 1, 6, 13, 14, 12, 3, 15], "R": [[0.936149512982484, -0.13452675188863533, -0.3248486453241758], [0.35155652901707174, 0.34324738632943286, 0.8709702857638039], [-0.005665355075140793, -0.9295610710460648, 0.36862463149871844]], "T": [-0.05358340450556062, -0.07421453975966591, -0.04115018923302342], "aligned_model": [[0.009409436687385891, -0.7305939709471193, 0.5489979228230272, -0.43749449407589514, 0.33913620503171604, 0.591116138110135, 0.10049934629429388, 0.3346206947989535, -0.29772322726301337, 0.01960823347053764, -0.3943228378571815, 0.16162260835944867, -0.014220636088733314], [-0.6586008031230723, -0.34865712431538776, -0.3170693357383938, -0.13407493405890045, 0.4505948130273753, 0.2900094255446854, -0.4984947983915468, -0.7105229653612835, 0.5132102747882379, 0.6257582622111315, 0.045173193487478, 0.06295764689332403, -0.07399583315531848], [-0.5173820158537908, -0.07282019594179948, -0.5599757232846114, -0.6282230615756327, -0.3404153783411992, 0.2226820297918978, 0.44026874685139455, -0.09304065448225507, -0.25715407708990345, 0.2819906820719114, 0.3708962522256039, 0.7714375033328609, -0.034996219869443665]], "inverted": false, "swapped": false, "error_lsq": 0.04421126854999925, "error_max": 0.26122973691462603, "target": "668.xyz", "model": "19.xyz", "model_rescale": 4.410303926677745, "target_rescale": 3.8794546971701243},
{"mapping": [12, 11, 8, 9, 5, 1, 4, 7, 10, 3, 6, 0, 13], "R": [[0.4422169655272039, -0.7833201699443202, -0.43686801983930257], [-0.8692124915260406, -0.4943945012966928, 0.006612235831176816], [-0.221164644495915, 0.3768070971279547, -0.8995013127166629]], "T": [0.046406208057752085, -0.07921359143195993, 0.07739971269544896], "aligned_model": [[-0.05128041505518263, -0.7273945561009354, 0.3691760064006593, -0.19218864680882078, 0.2622819675440248, 0.7939777979185607, -0.34522401369761874, 0.5522251683771376, -0.3283297098278119, -0.050919205161396405, -0.41157137996873644, 0.30074544088320154, 0.05915696484047413], [-0.7315937442693448, -0.31578730984272807, -0.03828499153816382, -0.2135125604241883, 0.5960471814866704, -0.03840307006941872, -0.5549485225641194, -0.5445263763758335, 0.41447256412735994, 0.555313412306764, 0.014826894220849998, 0.1620266393989212, -0.0593422946484401], [-0.2907475365639083, -0.10259633625678258, -0.6191647770653292, -0.5541800597382776, -0.365873643138104, 0.12830266498208445, 0.4170987555589235, -0.1082999278828384, -0.46202682045133137, 0.41483999062694643, 0.42079269326168334, 0.7021189121740373, 0.0030039723279297187]], "inverted": false, "swapped": false, "error_lsq": 0.05165408128405597, "error_max": 0.2775048954994683, "target": "668.xyz", "model": "20.xyz", "model_rescale": 4.121658175737393, "target_rescale": 3.8794546971701243},
{"mapping": [0, 2, 5, 1, 8, 9, 3, 7, 6, 10, 4, 11, 12], "R": [[-0.2631152325134588, -0.6971076274275954, -0.6669417742214516], [-0.5852320831168691, 0.6649124180819804, -0.4641065450638074], [0.7669900803205205, 0.268202222329799, -0.5829183344408363]], "T": [0.0299407947351671, 0.018385080881544738, -0.05797068941122516], "aligned_model": [[-0.03976405783795321, -0.7244254700401658, 0.41496018835767645, -0.39781722228880884, 0.3799422769387721, 0.5630294219477109, -0.11009980436830076, 0.4919959140433754, -0.258345013815547, -0.16336384815062854, -0.30285864349707176, 0.31001815328103893, 0.06738352477345796], [-0.884933875573548, -0.039583966317619027, -0.263047145015013, -0.20692459950847697, 0.39195713455758024, 0.4211133798787657, -0.6439738900905245, -0.42583681267014395, 0.5359012578955762, 0.6330029808900549, -0.05433435045959287, -0.1381510519802125, -0.07890123979851754], [-0.4657939684615252, 0.0035334758530209676, -0.5442417030941389, -0.5566023097359943, -0.4957445874842368, 0.2182345022562964, 0.09794572128227125, 0.17865144756588316, -0.32572572893271057, 0.38197384538255696, 0.40364389023790725, 0.7615548534973727, -0.07416155053167008]], "inverted": false, "swapped": false, "error_lsq": 0.06304368553028034, "error_max": 0.39047610004156885, "target": "668.xyz", "model": "21.xyz", "model_rescale": 4.08911054899281, "target_rescale": 3.8794546971701243},
{"mapping": [8, 0, 11, 1, 15, 9, 7, 5, 2, 3, 13, 12, 16], "R": [[0.0539623968883815, 0.9011683909743753, 0.43009718765729726], [0.35642254171356863, -0.41973450249341593, 0.8347370359430832], [0.9327652606527006, 0.10825192157767977, -0.3438466082343109]], "T": [0.021132024047022798, -0.09534347560598015, -0.010532283811346264], "aligned_model": [[0.06783914698860256, -0.7071469797451063, 0.42195479613837233, -0.2901073577087787, 0.29033650241263576, 0.689308261856365, -0.23470845239295535, 0.5862520058310264, -0.3132424625159294, -0.20328395340199795, -0.3004354002210574, 0.24581328002685732, -0.021923967924478458], [-0.58955972669272, -0.35888902205259327, -0.17518850410840192, -0.1165990019654137, 0.4201264422482835, -0.08071794354196223, -0.46683793128532663, -0.5136201453641098, 0.4378132973189162, 0.6433858901131646, 0.09463787240656583, 0.04668321803853394, -0.09494662330660741], [-0.4946095089401078, -0.025791240622820143, -0.6577253825499693, -0.7403792753852578, -0.4502216406411316, 0.23619473254745518, 0.539316520883094, -0.0689539208361983, -0.36435623381095456, 0.38720533898070025, 0.5346570824506586, 0.6781739362402927, 0.009757479519271677]], "inverted": false, "swapped": false, "error_lsq": 0.041360863841336644, "error_max": 0.23878132360882515, "target": "668.xyz", "model": "22.xyz", "model_rescale": 4.204369325754507, "target_rescale": 3.8794546971701243},
{"mapping": [8, 4, 5, 7, 11, 10, 1, 6, 13, 14, 12, 3, 15], "R": [[0.936149512982484, -0.13452675188863533, -0.3248486453241758], [0.35155652901707174, 0.34324738632943286, 0.8709702857638039], [-0.005665355075140793, -0.9295610710460648, 0.36862463149871844]], "T": [-0.05358340450556062, -0.07421453975966591, -0.04115018923302342], "aligned_model": [[0.009409436687385891, -0.7305939709471193, 0.5489979228230272, -0.43749449407589514, 0.33913620503171604, 0.591116138110135, 0.10049934629429388, 0.3346206947989535, -0.29772322726301337, 0.01960823347053764, -0.3943228378571815, 0.16162260835944867, -0.014220636088733314], [-0.6586008031230723, -0.34865712431538776, -0.3170693357383938, -0.13407493405890045, 0.4505948130273753, 0.2900094255446854, -0.4984947983915468, -0.7105229653612835, 0.5132102747882379, 0.6257582622111315, 0.045173193487478, 0.06295764689332403, -0.07399583315531848], [-0.5173820158537908, -0.07282019594179948, -0.5599757232846114, -0.6282230615756327, -0.3404153783411992, 0.2226820297918978, 0.44026874685139455, -0.09304065448225507, -0.25715407708990345, 0.2819906820719114, 0.3708962522256039, 0.7714375033328609, -0.034996219869443665]], "inverted": false, "swapped": false, "error_lsq": 0.04421126854999925, "error_max": 0.26122973691462603, "target": "668.xyz", "model": "23.xyz", "model_rescale": 4.410303926677745, "target_rescale": 3.8794546971701243},
{"mapping": [7, 11, 0, 1, 2, 5, 14, 13, 10, 8, 9, 15, 16], "R": [[-0.9574359631309379, 0.2519180665346863, -0.14090303139733587], [-0.26662907825948134, -0.9588642655475619, 0.09740767363218313], [-0.1105681289071702, 0.13083045520581174, 0.9852198134734235]], "T": [0.05193012651643315, -0.09328012337687577, -0.014368965864689102], "aligned_model": [[0.008712603655534543, -0.5197769527310339, 0.48668365163638916, -0.3760981152439498, 0.5842769168105784, 0.6147806887359186, -0.11700844365170242, 0.2719044451053107, -0.4400461034678056, -0.14737583049788205, -0.3605135815007073, 0.17950409571007442, 0.04561204478283097], [-0.5800424604774805, -0.3649941313939734, -0.09793780569540872, -0.11684259253932702, 0.45570584480127074, 0.14796133536093625, -0.4837150250183021, -0.7509423243065512, 0.3268713770606131, 0.6310581168072947, 0.07403004901780469, 0.03858775160486447, -0.03345231341341225], [-0.46506350718998923, -0.007735716557009935, -0.6319072152690144, -0.7577208232463875, -0.5124806529243322, 0.12917139996734472, 0.5121007266195328, 0.10086276786708753, -0.08659120680359278, 0.3192744314324259, 0.4264455955539624, 0.6753048242467876, -0.11839273586178195]], "inverted": false, "swapped": false, "error_lsq": 0.04173926067838811, "error_max": 0.21492307550895992, "target": "668.xyz", "model": "24.xyz", "model_rescale": 4.28219845311461, "target_rescale": 3.8794546971701243},
{"mapping": [11, 14, 5, 10, 1, 3, 13, 9, 6, 0, 2, 4, 15], "R": [[0.08805691995138354, -0.9543760270180013, -0.2853285437912073], [-0.4869902422429048, 0.2086296148687523, -0.8481239224075177], [0.8689571236884319, 0.21363539700398748, -0.4464005312923319]], "T": [0.05574407971449191, -0.16151649614500424, 0.019065240875685015], "aligned_model": [[-0.05222919510040071, -0.666110729555645, 0.5249180625743446, -0.39342792110561187, 0.4462978023935281, 0.7928559602392274, -0.13446418819409584, 0.515000351079668, -0.5329810382970087, -0.11876820497569676, -0.4804061638321473, 0.28915948406606196, 0.04081120005133185], [-0.5166281775887571, -0.34769286510576336, -0.14290235764765544, -0.135624941316084, 0.3095034088251343, 0.032273445696123865, -0.5098630128424022, -0.6514799526827835, 0.45768079006999224, 0.5996148831725485, 0.03593870629703605, 0.20965255964539964, -0.09418466471445988], [-0.3793246898160089, -0.13716733853331842, -0.6914345610733132, -0.6346005452074508, -0.16931054756364516, 0.15747361811609845, 0.4610968868706396, -0.05770175950974787, -0.2676307499008691, 0.2552402987166357, 0.396337534797955, 0.6042142424648231, 0.046075498473234264]], "inverted": false, "swapped": false, "error_lsq": 0.04034862925226752, "error_max": 0.2906477599331969, "target": "668.xyz", "model": "25.xyz", "model_rescale": 4.100010024507729, "target_rescale": 3.8794546971701243},
{"mapping": [7, 5, 4, 9, 0, 3, 2, 8, 10, 1, 6, 12], "R": [[0.3432776618419039, -0.9358627883501103, 0.07950652968097682], [0.6706997733620397, 0.30351173773837925, 0.6767883266333263], [-0.6575121754708912, -0.17900130289074956, 0.7318717597167894]], "T": [0.050535405169163626, -0.03465076860928259, -0.08597223555575123], "aligned_model": [[-0.6824364233104173, -0.08129267547373806, 0.3664148684538594, 0.6518003303737661, -0.459766741703636, 0.11647812689487277, -0.2507762133038555, 0.6668440759025411, 0.1391340585091703, 0.0060588764692630775, -0.49957707952895686, -0.09611560091986218], [-0.20147260259638708, -0.6802878470546704, -0.14981132781463766, -0.3389830999617905, 0.5285480064450486, 0.6573272725010096, 0.1315025782043687, 0.2509427322645477, -0.05475320810734726, 0.5894211191744425, -0.08932872699567398, 0.023026493991728902], [0.027254943036870732, 0.2648317816189451, 0.5605443129761774, -0.30948481097071046, 0.13675456626529198, 0.21566364667786447, 0.6046608565832081, -0.12617320746955696, -0.5700232996347145, -0.5508200763337617, -0.637827238902734, -0.050189183992523596]], "inverted": true, "swapped": true, "error_lsq": 0.04345657462188485, "error_max": 0.27356953938160994, "target": "668.xyz", "model": "26.xyz", "model_rescale": 3.6694154284099745, "target_rescale": 3.8794546971701243},
{"mapping": [10, 2, 8, 4, 5, 7, 12, 9, 0, 1, 6, 3, 13], "R": [[-0.5114522267869792, -0.8326405153632159, 0.2124297340070791], [0.22236025630174627, 0.1105507977936428, 0.9686766423965278], [-0.8300436953149286, 0.5426677558901645, 0.12860470669874718]], "T": [0.041341677208648536, -0.12126579278042536, -0.07362925568911682], "aligned_model": [[-0.015320441021523107, -0.6272837232446886, 0.45867421072972836, -0.2483619982364104, 0.23788125136654226, 0.5806598977399751, -0.20133100400355777, 0.4544861598933102, -0.3820204034710518, -0.11748610618589322, -0.31120897459841357, 0.4171583988646055, -0.015191848489067142], [-0.5902942240926007, -0.24351911134731852, -0.20759351355859226, -0.1283361297769306, 0.6055976778919806, 0.13391717552368654, -0.5313215651768431, -0.6337234429163382, 0.3271097114666428, 0.6735877620412551, 0.08815416800528474, -0.11724776007448755, -0.1300429261774102], [-0.4460436147988948, -0.06250063622042627, -0.5497996805583781, -0.842753667509016, -0.31656996967721746, 0.12673549772043274, 0.5609548968667954, 0.10402864229111497, -0.3116571930554766, 0.27655386112987423, 0.47686302376566236, 0.6416167631536903, -0.07416003527312785]], "inverted": true, "swapped": false, "error_lsq": 0.04164408614293647, "error_max": 0.29212430334270023, "target": "668.xyz", "model": "27.xyz", "model_rescale": 4.103607728864725, "target_rescale": 3.8794546971701243},
{"mapping": [8, 1, 13, 4, 12, 10, 5, 11, 2, 3, 0, 9, 14], "R": [[0.10620160443806195, 0.6186577445395557, -0.7784496222209962], [0.1670270110697543, 0.7606538566432081, 0.6273019113209513], [0.9802158929480209, -0.1966425831173002, -0.022549893948089265]], "T": [0.18619051300827297, -0.11649260389772555, 0.03801821908754612], "aligned_model": [[-0.07537554635759638, -0.7010784713140265, 0.38564531924504564, -0.2802706428314551, 0.2847592903028523, 0.58368230557023, -0.14896431050047873, 0.627303356342895, -0.2869686549124162, -0.03200694420195235, -0.3893060192934851, 0.22997751461109095, 0.03325822268285192], [-0.6946130632408931, -0.24030449410773147, -0.14493969124922398, -0.13054258899195537, 0.5854592386663132, 0.09695243166148824, -0.5127740784818922, -0.6110655260596496, 0.3189415266023842, 0.5882865673719183, 0.13827261385192247, -0.058601416785866514, -0.0887836974284851], [-0.4812504087759861, 0.021130431275934183, -0.5778397811397539, -0.7390441176307088, -0.4465861803851977, 0.2751189739297869, 0.5535496415654442, -0.14330557297722477, -0.3195264998502335, 0.17660769191385747, 0.3750496213563451, 0.8534047746539265, 0.03595931389884306]], "inverted": true, "swapped": false, "error_lsq": 0.04841980512256476, "error_max": 0.2991949712792962, "target": "668.xyz", "model": "28.xyz", "model_rescale": 4.137296879288765, "target_rescale": 3.8794546971701243},
