[{"mapping": [3, 6, 12, 1, 11, 0, 9, 5, 7, 8, 2, 13], "R": [[0.2096953582321285, 0.7279628750174287, -0.6527617554148366], [-0.7896210364164105, 0.5198088814751792, 0.32603273698847623], [0.576651086519893, 0.4470668622654589, 0.6838163094571116]], "T": [-0.010546125086318624, -0.10050727920501239, -0.045649050984240824], "aligned_model": [[-0.2795946236798862, -0.002240635833693454, 0.398160369208498, -0.2135906598374309, 0.15639445126646778, -0.6295750301269643, 0.48092963505351133, -0.18805516255574511, 0.5026468956049605, 0.24559336310425572, -0.571056341073864, -0.06196979866956061], [-0.19535177150539917, -0.7822884920555278, -0.4174853845224656, 0.627839943726751, 0.3236058576617364, -0.5941709964343, -0.18316437869742908, -0.5023664653176141, 0.37399384595332796, 0.42720686513812894, 0.010213679048033317, -0.034477667018184555], [-0.5518852513331554, 0.011927415848790257, -0.5294071627185282, 0.00988202836848795, -0.6873495667173197, -0.0659312865110864, 0.46800023124161766, 0.630367440841225, -0.06650492256594426, 0.5259384356694996, 0.3915394173686369, 0.04537496586133902]], "inverted": false, "swapped": true, "error_lsq": 0.04870973021226851, "error_max": 0.28586493784534023, "target": "669.xyz", "model": "0.xyz", "model_rescale": 3.751011558992144, "target_rescale": 4.184162242215318},
{"mapping": [1, 12, 0, 6, 7, 8, 4, 9, 13, 5, 2, 11, 10, 14], "R": [[-0.9169521608067364, -0.37549929577647756, -0.13490371997549355], [-0.39851596641220755, 0.8453097819822074, 0.3558600806493153], [-0.019589775557705184, 0.38006795623488476, -0.9247510958831227]], "T": [0.029874984262980242, 0.027133219416285454, 0.14587674901429004], "aligned_model": [[0.14931248232934, -0.6743401909780782, 0.05494142890548173, -0.32820868701817624, -0.4389851772918987, 0.6900481980656643, 0.5461690497692353, -0.1419119385938633, -0.1079855122388868, 0.3582673273036004, 0.41314176055108087, -0.596335053614252, 0.1536920230995804, -0.016296169046998626], [-0.6347256658650562, 0.22209125715650532, -0.27593008423927845, -0.5585746110307506, -0.37723259494932604, 0.005016720988743773, -0.3911754772368492, 0.5533232302865337, 0.6990056682444171, 0.5522637580549548, 0.4324771443236707, -0.007794061338567148, 0.09315973588108974, 0.0537620861671632], [0.3285322976998535, 0.28021756395114844, 0.8408795014044118, -0.1581761526080681, 0.38322767249345574, 0.2099114303566125, -0.2831130435649585, -0.21161863127759378, 0.38479952798382877, 0.06536318856033335, 0.7562381032320282, -0.3474507917206084, -0.662061112548169, 0.13311193405449084]], "inverted": false, "swapped": false, "error_lsq": 0.03914099338328282, "error_max": 0.24155220349758671, "target": "669.xyz", "model": "1.xyz", "model_rescale": 3.9405287249114394, "target_rescale": 4.184162242215318},
{"mapping": [8, 7, 9, 3, 12, 10, 1, 11, 6, 5, 0, 2, 13], "R": [[0.5717158410520752, 0.30297401150927117, 0.7624616353890199], [0.5784913852778691, -0.807857397301842, -0.11275700769347446], [0.5817978293612058, 0.5055424551654137, -0.6371327269697542]], "T": [0.07827371423085887, -0.08168005148596058, -0.0018376376477932492], "aligned_model": [[-0.42138470420378166, 0.2010807437112807, -0.35490567206090107, 0.5310682219287195, 0.605404352632916, -0.7295496433869151, 0.024599453480955033, 0.7568132063182472, -0.00814761915116198, -0.6347715209771253, -0.021463635380559107, -0.43614526364423084, -0.016614639983511703], [0.5609225316341443, 0.551362455378825, 0.08982312023696659, -0.32709796201665814, -0.2611805745046152, 0.1394998596296199, 0.5096328698363041, 0.3042021387451072, -0.6951826602265206, -0.4477966213353606, -0.7781462752749421, -0.155153137758414, -0.03205315077243953], [-0.09242072384077642, -0.2722613415917076, -0.5451225402666062, 0.26724384786965366, -0.4393886411799459, 0.0895715209064832, 0.4696160332776405, 0.09915619250195841, -0.29227791564935013, -0.0885769649181573, 0.3618920425764519, 0.4956956883507386, 0.05999315155226123]], "inverted": true, "swapped": true, "error_lsq": 0.04726756466078667, "error_max": 0.2860309505466423, "target": "669.xyz", "model": "2.xyz", "model_rescale": 3.932901565614263, "target_rescale": 4.184162242215318},
{"mapping": [2, 12, 6, 1, 10, 4, 0, 8, 9, 7, 5, 11, 3, 13], "R": [[0.7657853955374401, 0.32558700625146897, 0.5545861784626195], [0.6062701418257957, -0.07786723315908829, -0.7914374322273857], [-0.21449765292910794, 0.9423002681525429, -0.25702327040085277]], "T": [0.004747834214574755, 0.03964068227872147, 0.022532102026870837], "aligned_model": [[0.40019490243306316, -0.4078700646738243, -0.04980107635708211, -0.11492660448071473, -0.6035090301610774, 0.786962367765079, 0.49015201668384856, -0.21117152084179508, -0.11933138650731945, 0.48696333766165173, 0.15908456309505845, -0.7902496867421049, 0.07880291856209017, -0.04379119519504383], [-0.6283902382627566, 0.20601866568130311, -0.26356720182592486, -0.6702087501472804, -0.2301663579703544, -0.1186831351266752, -0.33219729466718156, 0.5975194677996527, 0.7132163523384945, 0.5660533512889787, 0.3042363101626336, 0.10542842006952735, 0.0674433980777655, 0.04896411902506897], [0.32511458436219554, 0.643172614977281, 0.6322711085321028, -0.1522833232639302, 0.2878115551949694, 0.3779197732850691, -0.251456269414548, -0.4028345848559186, 0.2884138484432436, 0.03255495032073473, 0.672892781556205, -0.37916381978032176, -0.4818767911914178, 0.1273250598511002]], "inverted": true, "swapped": false, "error_lsq": 0.052128348170592816, "error_max": 0.3061414182904185, "target": "669.xyz", "model": "3.xyz", "model_rescale": 3.9243930471874484, "target_rescale": 4.184162242215318},
{"mapping": [3, 4, 11, 12, 7, 0, 6, 1, 8, 10, 9, 5, 13], "R": [[-0.4353715773012075, 0.6181996881913524, -0.6544316123158888], [-0.155854103555596, 0.6642086288595629, 0.7311199598926166], [0.886657255134779, 0.42030470241078016, -0.19282860018224793]], "T": [0.04833752954554445, -0.1508258811594344, -0.09600310534472652], "aligned_model": [[0.007769273983078265, -0.31244518484710987, 0.6420566086644387, 0.4305890380181418, 0.6748305642989002, -0.6526226130012293, -0.27744354287456446, 0.19435297768037735, 0.24672194288461236, -0.29820170776504445, 0.1803980576295554, -0.5581220280407536, -0.0006775003190499507], [-0.5686677448620812, -0.07842441884556123, -0.3092132339600689, -0.7276555705976405, 0.15620336140179603, -0.49768777894272215, -0.5921495212056747, 0.40851855268991233, 0.6194691999517616, 0.5671126359733139, 0.14094323614872284, 0.04782958460867784, -0.03844874867884898], [-0.49777425467851644, -0.7425579677508529, -0.5878686991313559, 0.0546266462024733, -0.04917487390245741, -0.22111794255202222, 0.3130320893143162, -0.5865270642361596, 0.09916611100224952, 0.1766314615813636, 0.5440336148050267, 0.39668479992503064, -0.11208360520813179]], "inverted": false, "swapped": true, "error_lsq": 0.04064320087513066, "error_max": 0.22923315075677936, "target": "669.xyz", "model": "4.xyz", "model_rescale": 3.8936222436046832, "target_rescale": 4.184162242215318},
{"mapping": [0, 2, 4, 3, 1, 8, 9, 7, 12, 6, 11, 13], "R": [[0.1804732753541335, -0.4117036292421278, -0.8932690068237069], [-0.8752450445386756, 0.34712755001739415, -0.3368212820316041], [0.448748826063582, 0.8426165116396558, -0.29769431539546565]], "T": [-0.02413083385388646, -0.07704290314938816, 0.014044960555695832], "aligned_model": [[0.11079860659023211, -0.5779224072279023, -0.2869332194117777, 0.3005961889072642, -0.5995023130114766, -0.6785409604295745, -0.16755213416750142, -0.15222648647962958, 0.6466704938055252, 0.3803842946857839, 0.19807752049307362, -0.14630154153891972], [-0.620239265615014, -0.408206054527457, 0.0026997728341275895, 0.06648759859133008, 0.3868817690028597, 0.06753478692818637, -0.2957943161204777, 0.44482111744977954, 0.08013462871346733, -0.6273659286546058, 0.6663571123554626, -0.09438831584785112], [-0.5463511296947401, -0.3040909382562601, -0.6773415743311165, -0.44596484218508714, -0.1548396762802895, 0.4848385333840721, 0.6802238809458312, 0.46148524643154243, 0.1779316002979161, 0.05553871022884562, -0.11824458927291735, 0.006099498007721787]], "inverted": false, "swapped": true, "error_lsq": 0.038234466550869525, "error_max": 0.2076250480264708, "target": "669.xyz", "model": "5.xyz", "model_rescale": 3.6523030999806103, "target_rescale": 4.184162242215318},
{"mapping": [11, 7, 12, 3, 6, 1, 9, 4, 8, 2, 5, 0, 13], "R": [[-0.03864287962044774, 0.9036272982367978, 0.4265728938128925], [-0.9329235114977489, -0.18556461222015974, 0.30857656486890167], [0.3579950412356983, -0.38603559495575973, 0.8501859031281356]], "T": [0.10111825470084781, 0.0048038252356408725, 0.08953240227449594], "aligned_model": [[0.20012247455209153, -0.3787123611685831, 0.4777904792135451, 0.6025352058217017, 0.49512814293419394, -0.32653006130091, -0.3743901364964287, 0.3117658901390354, -0.7162485316996883, -0.055975606814774787, -0.03129765175146376, 0.6601937473488372, 0.01670131388673811], [-0.483591774587305, -0.08216678117274895, 0.25880905492731066, -0.2756237796920071, 0.5378915659710376, -0.6200435927901888, 0.5381267273026362, -0.6045583312104184, -0.015520638938559296, -0.1962761523519847, 0.48515655521507267, 0.03278716449151566, -0.03416311300117756], [0.6987848649804624, 0.5906831334298266, 0.632797905475337, 0.17670500337190176, -0.08012407868805668, 0.05102158527327738, 0.13045496407698381, -0.281607281438298, 0.041570301666044085, -0.5831138279023207, -0.5442860603677142, -0.4707920986237995, 0.008015328228145477]], "inverted": true, "swapped": true, "error_lsq": 0.05551655210299484, "error_max": 0.34429159527551817, "target": "669.xyz", "model": "6.xyz", "model_rescale": 4.08911054899281, "target_rescale": 4.184162242215318},
{"mapping": [0, 11, 9, 2, 1, 3, 6, 12, 10, 4, 8, 13, 7, 14], "R": [[0.5780793588527586, -0.1013744909155303, 0.8096588586929688], [0.4754764947062028, -0.764538077712362, -0.4352052742210152], [0.6631337405458163, 0.6365569419301811, -0.39376249418934056]], "T": [-0.00044868214176324757, 0.1214845499934388, 0.07568269629561072], "aligned_model": [[0.34350999501473467, -0.4696206847201002, -0.04028672404606057, -0.1306381188984837, -0.3956924027164493, 0.6473839173062211, 0.33210710998722587, -0.4612871802340102, -0.09228976450724824, 0.6489477048974841, 0.3082823948367509, -0.635634100572342, 0.06321301312167343, -0.0564856182275673], [-0.735109573776605, 0.31493245733913877, -0.1278331556763792, -0.560789151493375, -0.448802410455339, -0.20168167060394174, -0.19471235818451496, 0.5890630593371111, 0.8060327293333768, 0.39554460975805883, 0.41492783516718945, 0.01171747624936162, 0.028603938646717425, 0.07377332080245211], [0.25622387895284215, 0.3706176079241923, 0.8178490657604095, -0.333820478426765, 0.31338259731319396, 0.39557010339855714, -0.12070754489177299, -0.20180628418330618, 0.28119158723295135, 0.07069212073364772, 0.6083412490093614, -0.27128300242179326, -0.6902215699997896, 0.223832157615037]], "inverted": true, "swapped": false, "error_lsq": 0.04497433496528235, "error_max": 0.2812488678904526, "target": "669.xyz", "model": "7.xyz", "model_rescale": 3.964800864290218, "target_rescale": 4.184162242215318},
{"mapping": [10, 4, 6, 9, 11, 3, 5, 7, 2, 1, 0, 12, 8, 13], "R": [[0.5848324335684891, 0.7567730352814661, 0.2920027358043688], [-0.5794641115368226, 0.13787202364778228, 0.8032512984963713], [0.5676199151608408, -0.6389725175358816, 0.519154845635344]], "T": [0.02420743476539105, 0.06604900363772773, 0.1760631885776609], "aligned_model": [[0.22826173572667102, -0.5392408521914377, -0.06776147382654205, -0.27169943933362484, -0.5606350258802179, 0.5740591874128772, 0.6711306364710807, -0.17181140808698403, -0.17219108458119065, 0.4107653631717713, 0.42081900812709944, -0.6346906271141954, 0.134859456797438, 0.03964406454908327], [-0.7121715855022477, 0.17994491866535584, -0.11667208139636442, -0.38796235660679024, -0.48068884938580125, -0.10023661652129404, -0.31767636172804414, 0.5321863425858382, 0.667034852876158, 0.6103038290661568, 0.48045640212972784, 0.08408363031849322, -0.09898954881134714, 0.02605453075340991], [0.009124367732822991, 0.5818305399987392, 0.7188896324019383, -0.24840063016132896, 0.39093603653870934, 0.6187536428922127, -0.18906136282657582, -0.32508126110416813, 0.3731732044767143, -0.16668970222916057, 0.6051612431915059, -0.19299376309833693, -0.5666184307135493, 0.11083797091724229]], "inverted": true, "swapped": false, "error_lsq": 0.04467427374265968, "error_max": 0.22126286839274759, "target": "669.xyz", "model": "8.xyz", "model_rescale": 4.121658175737393, "target_rescale": 4.184162242215318},
{"mapping": [0, 3, 12, 6, 4, 2, 11, 8, 7, 1, 5, 9, 13], "R": [[-0.04341510265082399, -0.7272614451774766, 0.6849860722819021], [-0.999048398593021, 0.028738805125644085, -0.03280820550824115], [0.0041744617065131995, -0.685758610181687, -0.7278170803375957]], "T": [0.014911871276402047, -0.0018798871189530941, -0.10114113498454477], "aligned_model": [[-0.6522903452219233, -0.20184455630576265, 0.4367800024139081, -0.0658145874408997, -0.611901906771934, -0.5759154077084341, 0.3064041011094857, 0.2633471114650953, 0.5803525650523634, -0.10407279075842839, -0.28837457796909816, 0.42865248714668536, -0.03858459857586054], [0.2742952289907158, -0.26812846065221724, 0.03450639623644582, 0.5739590558591678, -0.4025443858195023, 0.07266810267320298, -0.686180282764745, -0.04282766035638224, -0.3046424910083661, -0.5809574402958122, 0.6831025124226433, 0.44666978604784835, -0.009532921921289066], [-0.4265340169041686, -0.56995454248501, -0.6688041923629984, -0.4618382426710702, -0.10457274984243511, 0.30250513752262953, -0.3586016353608227, 0.6782208616182954, 0.1773637826568947, 0.3735295915469591, 0.1968773260018661, 0.27280818980946664, 0.010075924429482644]], "inverted": true, "swapped": true, "error_lsq": 0.04644417695489557, "error_max": 0.294494136515771, "target": "669.xyz", "model": "9.xyz", "model_rescale": 3.833441315466971, "target_rescale": 4.184162242215318},
{"mapping": [6, 8, 12, 7, 11, 1, 4, 2, 13, 5, 0, 9, 3, 14], "R": [[0.4497807146161367, 0.5789917835840164, 0.6800483977641572], [0.40198457090136946, 0.5486999170836726, -0.733032608926515], [-0.797562357133685, 0.6030728940472875, 0.014048877136269835]], "T": [-0.0017228570831788765, -0.026080781568248154, 0.2275728885609381], "aligned_model": [[0.48533567326189087, -0.7442822056465305, 0.11740014737006577, -0.3940342029883392, -0.5144128270847923, 0.6252111246105501, 0.5456137495907565, -0.11592195712530723, 0.05255267847014228, 0.46235036839914473, 0.2399491561276127, -0.5800980928026322, -0.07109906278094337, -0.047055008159789156], [-0.497326305136557, 0.20799927090771902, -0.4066711228092406, -0.45431997400627533, -0.42039241994859206, -0.00934763550322841, -0.19966721042505542, 0.502028152252218, 0.7687484513384499, 0.42670641869906434, 0.3971823924988105, 0.17119425304656188, -0.10330774114450574, -0.017159423326118122], [0.18362732473651017, 0.26460672809668717, 0.6792151798433976, -0.09894966612085437, 0.4443778874450145, 0.6178070712438997, -0.3257832090847293, -0.24646273720595874, 0.2589925984896611, 0.03507615058459776, 0.7032470261940328, -0.3057888779324122, -0.6347175431065024, 0.14461355483342142]], "inverted": true, "swapped": false, "error_lsq": 0.048948114284024104, "error_max": 0.3259131252707735, "target": "669.xyz", "model": "10.xyz", "model_rescale": 4.2482417240324, "target_rescale": 4.184162242215318},
{"mapping": [1, 8, 9, 5, 11, 12, 7, 6, 2, 3, 4, 13], "R": [[0.9824905581713705, -0.151295225378421, -0.10872928713921381], [-0.169657881100704, -0.48533745538471107, -0.8577084340153787], [0.07699679528738962, 0.8611372185536905, -0.5025078948007538]], "T": [0.04406429453530093, 0.13397718824641558, -0.05066438276187617], "aligned_model": [[-0.6143876196344219, -0.14012751704768667, 0.4177050999114112, 0.6590675993808245, -0.5779366814765918, 0.18895029615112946, -0.30141199536777225, 0.676604751915207, 0.03762239733816786, -0.1313580716447071, -0.3533328753332455, 0.01537021817069189], [-0.24064592064508855, -0.5474195047697277, -0.21205458150818762, -0.34576451101247996, 0.5721256813526014, 0.7660321945847905, 0.051696987792248766, 0.35482268258328425, -0.39997930682853, 0.5819995653922064, 0.06845352429189172, 0.016864578817629983], [-0.08064877919533196, 0.3647556862549252, 0.45219818982734666, -0.25466780941860323, 0.1509822006881913, 0.23403290190466136, 0.5516888884753878, -0.18969492001662414, -0.5327572711261351, -0.37648734984571947, -0.6761413748992113, -0.0780680727945307]], "inverted": false, "swapped": true, "error_lsq": 0.04458160509157207, "error_max": 0.3001754971359937, "target": "669.xyz", "model": "11.xyz", "model_rescale": 3.6694154284099745, "target_rescale": 4.184162242215318},
{"mapping": [9, 4, 6, 8, 11, 5, 10, 1, 0, 12, 5, 3, 2, 13], "R": [[-0.9412236169112156, -0.08657479911283687, 0.3265010063187275], [-0.30395356018171293, -0.20456098700123726, -0.9304660315400782], [0.1473442778713569, -0.9750177468926665, 0.1662229136518693]], "T": [0.0614506874292665, -0.022833462021793045, 0.1541259277895967], "aligned_model": [[0.16491831335351748, -0.6386707294759364, -0.028256274850988444, -0.3041855553118433, -0.37777940294766466, 0.582383065265577, 0.5171147196853819, -0.25880343509886894, -0.0772110802886714, 0.5433260746468743, 0.582383065265577, -0.6538590042313861, -0.001845691872653224, 0.011995477102913613], [-0.8158774611393549, 0.18494741897555794, -0.01303287706638083, -0.5024614479414788, -0.5413821919545482, 0.28239115370425927, -0.2808909147766963, 0.5954508983874254, 0.6190162079290629, 0.37173256844283414, 0.28239115370425927, 0.05640420395561129, 0.039236726949080654, 0.08774166727361887], [0.08297866684925614, 0.27385794870676006, 0.7124371697565222, -0.30289156030892217, 0.44259220190092863, 0.6833122694060192, -0.20546471181909934, -0.3271590613578521, 0.43615390474006255, -0.11768698408869607, 0.6833122694060192, -0.3184228399689454, -0.4927546124964013, 0.16959682729111356]], "inverted": false, "swapped": false, "error_lsq": 0.05262680768616691, "error_max": 0.4058915351398923, "target": "669.xyz", "model": "12.xyz", "model_rescale": 3.9764082729961374, "target_rescale": 4.184162242215318},
{"mapping": [10, 9, 1, 13, 12, 8, 11, 4, 0, 7, 2, 6, 14, 15], "R": [[-0.9474781253102105, 0.190783686674123, 0.2566842164171364], [-0.10824664030267735, 0.5639211904278696, -0.8187035824091631], [-0.3009449566313283, -0.8034889394916676, -0.5136512992222677]], "T": [-0.07808601515719026, 0.04635527350325558, 0.09496944504020771], "aligned_model": [[0.2652855094152502, -0.4474435702194748, 0.05210281926779471, -0.28978887339985165, -0.39990548563368267, 0.601016499235894, 0.4319956291432614, -0.2511441123692961, -0.16395385336483964, 0.30574227729566, 0.37766352797717856, -0.4801771778037356, 0.10220971263241764, -0.04209336093474727], [-0.608204833371951, 0.1953469810479186, -0.16870869621760784, -0.44018692479329946, -0.42571608382200093, -0.08581902167501654, -0.48239912135059265, 0.684615639776111, 0.6666392208019212, 0.6970890582349785, 0.3474478274651235, 0.07052803291954632, -0.19655365471915287, 0.11158868214727294], [0.4108712676981043, 0.5453865785053538, 0.6781683258518594, -0.2098897606196219, 0.37921299723372376, 0.2398920702153915, -0.20632809032956362, -0.1852774489903838, 0.4623690538960043, 0.11094073942880092, 0.6762569313906823, -0.5541816778294852, -0.6448256230061573, 0.01726612457205652]], "inverted": false, "swapped": false, "error_lsq": 0.044019053568995055, "error_max": 0.24507211606816282, "target": "669.xyz", "model": "13.xyz", "model_rescale": 4.170626492500431, "target_rescale": 4.184162242215318},
{"mapping": [3, 10, 11, 1, 9, 6, 2, 8, 12, 4, 5, 7, 0, 13], "R": [[0.5230215764519976, -0.5012163334994082, 0.6893697248930194], [-0.6360507406725826, -0.767919356822764, -0.07575827814022348], [0.5673516421546044, -0.3988509100532709, -0.7204374127529409]], "T": [0.03521859018017865, 0.008280177670657744, 0.05468876805714731], "aligned_model": [[0.26786592546976296, -0.4630891821297907, -0.002248172290438659, -0.3678768435726653, -0.5506819522601393, 0.699606195951624, 0.5776551981862772, -0.26096783677252056, -0.06893696806478333, 0.40582650386785063, 0.3882628096657444, -0.6193966789541128, -0.01107051458639035, 0.06656105673141105], [-0.6181094115954776, 0.1929185551633406, -0.18128653870688644, -0.5801789118209081, -0.4165234198587097, -0.10590185594077833, -0.1276463846211655, 0.633925544577496, 0.6383454383877778, 0.5776162551993999, 0.3908032808919191, 0.09461896046994081, -0.1391945908259396, 0.006280185123241592], [0.2249383033620682, 0.24423121340165174, 0.7346302014784027, -0.23174524035964325, 0.41878888664834846, 0.5577204166914362, -0.2920368629462582, -0.21437956557192292, 0.41228561942796227, -0.1491968266504671, 0.8005142724119063, -0.415900508159157, -0.521476935507953, 0.15148851379039066]], "inverted": true, "swapped": false, "error_lsq": 0.037496414975856575, "error_max": 0.2208712724677173, "target": "669.xyz", "model": "14.xyz", "model_rescale": 3.9786697098870705, "target_rescale": 4.184162242215318},
{"mapping": [12, 6, 7, 11, 9, 8, 0, 2, 1, 3, 5, 13], "R": [[0.8325316582486407, -0.5533905808930379, -0.02549319502602454], [-0.45374144724061116, -0.6547708863340566, -0.6044781099968054], [0.3178202905255807, 0.51481448249654, -0.7962137348363537]], "T": [0.03337281494796211, -0.06097388330420572, -0.04442895094101601], "aligned_model": [[-0.0781987686944155, -0.6272410350829104, 0.5988356485525274, 0.6111548244116376, -0.05197865256158146, 0.4676460467710036, -0.5639018893080622, -0.07379372115963807, 0.6728223058637407, -0.0050210918244224245, -0.5328162474635156, 0.06584717726297247], [-0.5134782922737451, -0.12592579137870732, 0.09479702236575807, -0.5764008773314072, 0.5083886547937873, 0.6321007063301347, -0.27874416207930997, 0.28261036797405725, 0.08726692554817841, -0.6155445496746491, 0.48977559915378444, 0.029828886796557777], [-0.5776545785929366, -0.21050195797554347, -0.42513956335004516, -0.18593380653351516, -0.4695849590571444, -0.08751356274899891, 0.42795971678982364, 0.5784914175619464, 0.33495142833172525, 0.12478968509849675, 0.11713686921994157, 0.03296580513007988]], "inverted": true, "swapped": true, "error_lsq": 0.041480700448619776, "error_max": 0.2610145097646287, "target": "669.xyz", "model": "15.xyz", "model_rescale": 3.769337070930944, "target_rescale": 4.184162242215318},
{"mapping": [2, 3, 8, 1, 5, 6, 9, 12, 7, 11, 13], "R": [[-0.8751158823123546, -0.27749282954500604, 0.39644661945308024], [0.06937623012814609, -0.8827318795741701, -0.4647271968334322], [0.47891453435647124, -0.3791861789867339, 0.7917440940402176]], "T": [-0.019281778886319247, -0.05442697880387864, -0.037496902413413954], "aligned_model": [[-0.2989291839339043, -0.3095410422547647, -0.006599370055636468, -0.6226232589098942, 0.3797569059305626, 0.4675572260118073, 0.5369325413766418, 0.28533989821134514, -0.01686370121376151, -0.427902524964148, -0.06450135950707714], [0.13120105756710165, -0.5452751322283134, 0.764096237637957, 0.4014459047091066, 0.07520956858790562, -0.4665006983351931, 0.395561233092308, -0.4578506926754669, 0.4137927349964568, -0.14961799771269474, 0.034002281986174464], [-0.6738176946611752, 0.07419603902653223, -0.06320314876418125, 0.016903773862756058, -0.7259451972521519, -0.2852723771118796, -0.05627037096739398, 0.4584798806383593, 0.4818467354135112, 0.628452357351888, -0.11115239031248812]], "inverted": true, "swapped": true, "error_lsq": 0.05016748566620073, "error_max": 0.2625147541106575, "target": "669.xyz", "model": "16.xyz", "model_rescale": 3.7852294659196426, "target_rescale": 4.184162242215318},
{"mapping": [1, 3, 12, 11, 4, 0, 5, 6, 7, 8, 10, 9, 13], "R": [[0.05364427361802904, 0.903708121060611, -0.42477514503216174], [0.652077891814913, 0.29046087861612946, 0.7003048628988412], [0.7562517536602562, -0.31455382674932764, -0.5737065235494027]], "T": [-0.01421103017268489, 6.819940024040128e-05, 0.0640953054405166], "aligned_model": [[0.012076681852576005, -0.3693804489845089, 0.21111330640528347, 0.17359378008894968, -0.6165622100871309, -0.7456079550985528, -0.20063033766568739, -0.19500277384439565, 0.6055436892652131, 0.46324235997688723, 0.04477837693860541, 0.5012514940302838, -0.03065011266123974], [-0.021880654456332235, -0.4562787649277293, -0.47786593391209264, -0.7075434895742262, -0.1187038168076172, 0.11447305816184643, 0.7396068410032829, 0.14830345951951546, -0.14071867377052344, 0.46348480238015716, 0.7822753818158601, 0.46354892270985343, 0.08635449156088038], [-0.6932868075180919, 0.12118991944564936, 0.5356310262070478, -0.22493014613312562, -0.3560303817916722, 0.3456660542109571, 0.32549347000211226, 0.7071740766327662, -0.2275148893734757, -0.4134873813967656, -0.2433570292190635, 0.24214083134713504, -0.02293404527029977]], "inverted": false, "swapped": true, "error_lsq": 0.03817062735197198, "error_max": 0.20323597834536844, "target": "669.xyz", "model": "17.xyz", "model_rescale": 3.901054581598922, "target_rescale": 4.184162242215318},
{"mapping": [1, 12, 0, 6, 7, 8, 4, 9, 13, 5, 2, 11, 10, 14], "R": [[-0.9169521608067364, -0.37549929577647756, -0.13490371997549355], [-0.39851596641220755, 0.8453097819822074, 0.3558600806493153], [-0.019589775557705184, 0.38006795623488476, -0.9247510958831227]], "T": [0.029874984262980242, 0.027133219416285454, 0.14587674901429004], "aligned_model": [[0.14931248232934, -0.6743401909780782, 0.05494142890548173, -0.32820868701817624, -0.4389851772918987, 0.6900481980656643, 0.5461690497692353, -0.1419119385938633, -0.1079855122388868, 0.3582673273036004, 0.41314176055108087, -0.596335053614252, 0.1536920230995804, -0.016296169046998626], [-0.6347256658650562, 0.22209125715650532, -0.27593008423927845, -0.5585746110307506, -0.37723259494932604, 0.005016720988743773, -0.3911754772368492, 0.5533232302865337, 0.6990056682444171, 0.5522637580549548, 0.4324771443236707, -0.007794061338567148, 0.09315973588108974, 0.0537620861671632], [0.3285322976998535, 0.28021756395114844, 0.8408795014044118, -0.1581761526080681, 0.38322767249345574, 0.2099114303566125, -0.2831130435649585, -0.21161863127759378, 0.38479952798382877, 0.06536318856033335, 0.7562381032320282, -0.3474507917206084, -0.662061112548169, 0.13311193405449084]], "inverted": false, "swapped": false, "error_lsq": 0.03914099338328282, "error_max": 0.24155220349758671, "target": "669.xyz", "model": "18.xyz", "model_rescale": 3.9405287249114394, "target_rescale": 4.184162242215318},
{"mapping": [13, 5, 11, 7, 9, 14, 12, 6, 2, 1, 10, 8, 4, 15], "R": [[-0.07863402227898914, -0.6252547024098065, 0.776449127538084], [0.3954722418556299, -0.7345186629748166, -0.5514381557920799], [0.9151056750244257, 0.2637022769262949, 0.30502903580147583]], "T": [0.11471948714310366, -0.002856594229323259, 0.02327956927810859], "aligned_model": [[0.2412143242904029, -0.5866173757286611, -0.012168322665060446, -0.32796453690358185, -0.466596746403933, 0.681263412841663, 0.6065057095685813, -0.30031449745523175, -0.10585890250873663, 0.31114657214026614, 0.3459253626716987, -0.5674431802217842, 0.1317775214574892, 0.11064020015871652], [-0.6127557353891132, 0.2842038159274177, -0.20254734699771332, -0.4963652922262763, -0.40377922302149943, -0.21653984330336307, -0.09789909005918705, 0.6015699323986531, 0.7174594756700965, 0.5785377706654689, 0.32481265431719586, 0.15744553892416568, -0.2939399267132767, 0.02546437625068192], [0.2749776804343028, 0.36531110065599603, 0.7038942097911505, -0.21358657181539717, 0.32384957658687713, 0.5060905171608308, -0.19864901749768688, -0.12059127950332066, 0.4566560989567493, -0.21944747232940853, 0.6993570379342838, -0.26172828481721194, -0.647275831588549, 0.05100372404814848]], "inverted": false, "swapped": false, "error_lsq": 0.04137552485107234, "error_max": 0.2727306477462255, "target": "669.xyz", "model": "19.xyz", "model_rescale": 4.410303926677745, "target_rescale": 4.184162242215318},
{"mapping": [10, 4, 6, 9, 11, 3, 5, 7, 2, 1, 0, 12, 8, 13], "R": [[0.5848324335684891, 0.7567730352814661, 0.2920027358043688], [-0.5794641115368226, 0.13787202364778228, 0.8032512984963713], [0.5676199151608408, -0.6389725175358816, 0.519154845635344]], "T": [0.02420743476539105, 0.06604900363772773, 0.1760631885776609], "aligned_model": [[0.22826173572667102, -0.5392408521914377, -0.06776147382654205, -0.27169943933362484, -0.5606350258802179, 0.5740591874128772, 0.6711306364710807, -0.17181140808698403, -0.17219108458119065, 0.4107653631717713, 0.42081900812709944, -0.6346906271141954, 0.134859456797438, 0.03964406454908327], [-0.7121715855022477, 0.17994491866535584, -0.11667208139636442, -0.38796235660679024, -0.48068884938580125, -0.10023661652129404, -0.31767636172804414, 0.5321863425858382, 0.667034852876158, 0.6103038290661568, 0.48045640212972784, 0.08408363031849322, -0.09898954881134714, 0.02605453075340991], [0.009124367732822991, 0.5818305399987392, 0.7188896324019383, -0.24840063016132896, 0.39093603653870934, 0.6187536428922127, -0.18906136282657582, -0.32508126110416813, 0.3731732044767143, -0.16668970222916057, 0.6051612431915059, -0.19299376309833693, -0.5666184307135493, 0.11083797091724229]], "inverted": true, "swapped": false, "error_lsq": 0.04467427374265968, "error_max": 0.22126286839274759, "target": "669.xyz", "model": "20.xyz", "model_rescale": 4.121658175737393, "target_rescale": 4.184162242215318},
{"mapping": [11, 7, 12, 3, 6, 1, 9, 4, 8, 2, 5, 0, 13], "R": [[-0.03864287962044774, 0.9036272982367978, 0.4265728938128925], [-0.9329235114977489, -0.18556461222015974, 0.30857656486890167], [0.3579950412356983, -0.38603559495575973, 0.8501859031281356]], "T": [0.10111825470084781, 0.0048038252356408725, 0.08953240227449594], "aligned_model": [[0.20012247455209153, -0.3787123611685831, 0.4777904792135451, 0.6025352058217017, 0.49512814293419394, -0.32653006130091, -0.3743901364964287, 0.3117658901390354, -0.7162485316996883, -0.055975606814774787, -0.03129765175146376, 0.6601937473488372, 0.01670131388673811], [-0.483591774587305, -0.08216678117274895, 0.25880905492731066, -0.2756237796920071, 0.5378915659710376, -0.6200435927901888, 0.5381267273026362, -0.6045583312104184, -0.015520638938559296, -0.1962761523519847, 0.48515655521507267, 0.03278716449151566, -0.03416311300117756], [0.6987848649804624, 0.5906831334298266, 0.632797905475337, 0.17670500337190176, -0.08012407868805668, 0.05102158527327738, 0.13045496407698381, -0.281607281438298, 0.041570301666044085, -0.5831138279023207, -0.5442860603677142, -0.4707920986237995, 0.008015328228145477]], "inverted": true, "swapped": true, "error_lsq": 0.05551655210299484, "error_max": 0.34429159527551817, "target": "669.xyz", "model": "21.xyz", "model_rescale": 4.08911054899281, "target_rescale": 4.184162242215318},
{"mapping": [3, 11, 14, 2, 15, 12, 13, 8, 5, 10, 9, 1, 0, 16], "R": [[0.8707727746601496, 0.10002654104785803, -0.481403641445166], [-0.37645126980087057, 0.7654537426297526, -0.52188601184494], [0.3162897664736829, 0.6356691426993337, 0.7041913977349606]], "T": [0.024447326133608914, 0.052004476236476055, 0.04354100738556785], "aligned_model": [[0.3347395587887361, -0.6327262982747648, 0.16648202748669794, -0.3731164162297317, -0.49784355268255387, 0.6706253217078514, 0.5605405808160298, -0.39140774629192393, -0.016994753920028693, 0.5510711388034063, 0.2196863097413612, -0.6724685320108522, 0.09545891399853013, 0.04746298930907145], [-0.7414799335857335, 0.3590215312329511, -0.309676137373463, -0.5404672619039822, -0.24847024722545555, -0.03574425997431169, -0.3088233695258863, 0.5561874437206692, 0.6814142231344297, 0.64723682133438, 0.31441120344180695, -0.002732199901002874, -0.03589813598220762, 0.030687429051056904], [0.21200478692726593, 0.28799220002266823, 0.554261932448699, -0.06679547631829316, 0.4539483615595514, 0.38955208143255404, -0.09479645693534569, -0.18803211734366562, 0.35953939101885424, 0.183187792143803, 0.6764486312610569, -0.3323719668760684, -0.7228204499785853, 0.0077427786542708515]], "inverted": false, "swapped": false, "error_lsq": 0.03862457267584741, "error_max": 0.24427923036717508, "target": "669.xyz", "model": "22.xyz", "model_rescale": 4.204369325754507, "target_rescale": 4.184162242215318},
{"mapping": [13, 5, 11, 7, 9, 14, 12, 6, 2, 1, 10, 8, 4, 15], "R": [[-0.07863402227898914, -0.6252547024098065, 0.776449127538084], [0.3954722418556299, -0.7345186629748166, -0.5514381557920799], [0.9151056750244257, 0.2637022769262949, 0.30502903580147583]], "T": [0.11471948714310366, -0.002856594229323259, 0.02327956927810859], "aligned_model": [[0.2412143242904029, -0.5866173757286611, -0.012168322665060446, -0.32796453690358185, -0.466596746403933, 0.681263412841663, 0.6065057095685813, -0.30031449745523175, -0.10585890250873663, 0.31114657214026614, 0.3459253626716987, -0.5674431802217842, 0.1317775214574892, 0.11064020015871652], [-0.6127557353891132, 0.2842038159274177, -0.20254734699771332, -0.4963652922262763, -0.40377922302149943, -0.21653984330336307, -0.09789909005918705, 0.6015699323986531, 0.7174594756700965, 0.5785377706654689, 0.32481265431719586, 0.15744553892416568, -0.2939399267132767, 0.02546437625068192], [0.2749776804343028, 0.36531110065599603, 0.7038942097911505, -0.21358657181539717, 0.32384957658687713, 0.5060905171608308, -0.19864901749768688, -0.12059127950332066, 0.4566560989567493, -0.21944747232940853, 0.6993570379342838, -0.26172828481721194, -0.647275831588549, 0.05100372404814848]], "inverted": false, "swapped": false, "error_lsq": 0.04137552485107234, "error_max": 0.2727306477462255, "target": "669.xyz", "model": "23.xyz", "model_rescale": 4.410303926677745, "target_rescale": 4.184162242215318},
{"mapping": [9, 7, 14, 10, 11, 15, 8, 0, 12, 5, 6, 1, 3, 16], "R": [[0.6373912101619889, 0.35225567667043356, -0.6853089693428], [0.7637891697471733, -0.4063078877920447, 0.5015376401576369], [-0.10177695900919537, -0.8431072521164923, -0.528026147120972]], "T": [-0.003715033725304859, 0.025251218623306912, 0.1637415537258808], "aligned_model": [[0.22550755146937412, -0.6170016098975615, 0.0685030915130077, -0.02194644310627753, -0.3981176869465817, 0.6087271094603207, 0.5611029311796725, -0.25364887556352245, -0.006020316467538681, 0.47447535042141514, 0.32832650689046394, -0.7191717755380747, -0.14442357544479145, -0.044802716728077514], [-0.544165188706217, 0.2611410235743647, -0.2235419049873495, -0.4925475610783455, -0.4303122006987801, -0.13622583736834176, -0.44400544640120276, 0.6396567152798709, 0.8166902541521287, 0.42642119903412956, 0.406874998652641, -0.091266545430239, 0.13437117149590388, 0.04257642892468818], [0.28880931587500547, 0.2645704785905283, 0.7890706783040917, -0.23038531128978632, 0.357726101353645, 0.49260926645125136, -0.20569790830427206, -0.19740214546926996, 0.30443545372294667, 0.08629068701204015, 0.7312006232466937, -0.2954758357803914, -0.7180435259881722, 0.052153610292454994]], "inverted": true, "swapped": false, "error_lsq": 0.041919876269665035, "error_max": 0.297244486861517, "target": "669.xyz", "model": "24.xyz", "model_rescale": 4.28219845311461, "target_rescale": 4.184162242215318},
{"mapping": [11, 1, 8, 9, 5, 14, 12, 4, 0, 2, 6, 3, 7, 15], "R": [[0.24857175113921887, 0.8040242729214666, 0.5401453999514291], [0.15957738787006626, 0.5160349904969657, -0.84157171165823], [-0.955378009908198, 0.29538594607039725, -3.237201999603534e-05]], "T": [0.05623671966904771, 0.000113642154905641, 0.06406777677666958], "aligned_model": [[0.24104422250672725, -0.5165053499527135, -0.1655882486696576, -0.16657456579403884, -0.47766851041228503, 0.7592828005975027, 0.5926153769661878, -0.22063401775735142, -0.06528692010693114, 0.5126307233438012, 0.2890452483383907, -0.6662803935823498, -0.10050007042472935, 0.04592924618927571], [-0.4870821994627942, 0.13968136065180264, -0.0891615838805731, -0.5216698577910218, -0.5416233390894992, -0.06389857464278179, -0.4887797224344471, 0.586004019343951, 0.7552714454067747, 0.5103741796432563, 0.42184895255644705, 0.05501934762473329, 0.019065445357306712, 0.07061763316009645], [0.22206609972320138, 0.3137971752975961, 0.7158113416598761, -0.3033159383405562, 0.44714339510566214, 0.3500280346560033, -0.1761427856256597, -0.2746409973936374, 0.3478332947650531, 0.07496372463575803, 0.8257347984471322, -0.20979300797637268, -0.6979167463842026, 0.08429309944691138]], "inverted": false, "swapped": false, "error_lsq": 0.04136812490171007, "error_max": 0.22945384902918886, "target": "669.xyz", "model": "25.xyz", "model_rescale": 4.100010024507729, "target_rescale": 4.184162242215318},
{"mapping": [1, 8, 9, 5, 11, 12, 7, 6, 2, 3, 4, 13], "R": [[0.9824905581713705, -0.151295225378421, -0.10872928713921381], [-0.169657881100704, -0.48533745538471107, -0.8577084340153787], [0.07699679528738962, 0.8611372185536905, -0.5025078948007538]], "T": [0.04406429453530093, 0.13397718824641558, -0.05066438276187617], "aligned_model": [[-0.6143876196344219, -0.14012751704768667, 0.4177050999114112, 0.6590675993808245, -0.5779366814765918, 0.18895029615112946, -0.30141199536777225, 0.676604751915207, 0.03762239733816786, -0.1313580716447071, -0.3533328753332455, 0.01537021817069189], [-0.24064592064508855, -0.5474195047697277, -0.21205458150818762, -0.34576451101247996, 0.5721256813526014, 0.7660321945847905, 0.051696987792248766, 0.35482268258328425, -0.39997930682853, 0.5819995653922064, 0.06845352429189172, 0.016864578817629983], [-0.08064877919533196, 0.3647556862549252, 0.45219818982734666, -0.25466780941860323, 0.1509822006881913, 0.23403290190466136, 0.5516888884753878, -0.18969492001662414, -0.5327572711261351, -0.37648734984571947, -0.6761413748992113, -0.0780680727945307]], "inverted": false, "swapped": true, "error_lsq": 0.04458160509157207, "error_max": 0.3001754971359937, "target": "669.xyz", "model": "26.xyz", "model_rescale": 3.6694154284099745, "target_rescale": 4.184162242215318},
{"mapping": [2, 8, 10, 0, 4, 12, 6, 7, 9, 3, 9, 5, 1, 13], "R": [[0.6230535451516417, -0.7219909843143163, 0.30088751792458224], [0.7777755051990721, 0.6126340943007538, -0.1405159422009579], [-0.08288270860860511, 0.3215718972005168, 0.9432507469090927]], "T": [-0.029852315950630634, 0.004323927020445088, 0.1619895389412121], "aligned_model": [[0.25426563447052825, -0.5585868701904005, -0.1700754988248463, -0.2473574775230311, -0.5963627351584935, 0.7500675956348289, 0.49801528068518, -0.13167105565853057, 0.16109511634352575, 0.46100759013545967, 0.16109511634352575, -0.563898939572672, 0.0515723500801613, -0.007656565523407172], [-0.6062101948100908, 0.24699478257008803, -0.12311408414454411, -0.518400348880124, -0.521341527912582, 0.0298084363629502, -0.16585266708658947, 0.5497484130333385, 0.5041723591457896, 0.5932163031234683, 0.5041723591457896, 0.03216609612618152, -0.11174443781816304, -0.04794838241226213], [0.255020300156947, 0.4263904077932743, 0.7329428927167836, -0.17916171667238096, 0.4417614898367787, 0.30624030896879273, -0.24246831923990192, -0.13511919371454378, 0.5845462315547074, -0.09314482232444005, 0.5845462315547074, -0.4211035215032897, -0.709529142523055, 0.1689403414123852]], "inverted": false, "swapped": false, "error_lsq": 0.04465046505127778, "error_max": 0.34420652276612784, "target": "669.xyz", "model": "27.xyz", "model_rescale": 4.103607728864725, "target_rescale": 4.184162242215318},
