[{"mapping": [7, 1, 8, 6, 2, 9, 10, 5, 0, 3, 4, 11], "R": [[0.04043291976206953, 0.7109248670824161, 0.7021047018524823], [-0.8906953393520657, -0.2927881764037969, 0.3477598254753525], [0.452799063002589, -0.6394223307970939, 0.6213791848959775]], "T": [-0.05917297928095661, 0.07011286741148184, 0.0367433816236359], "aligned_model": [[-0.11411544634042292, 0.43399513293931663, -0.1882170716785425, -0.28941156909200133, 0.5620374744735123, -0.6515957531354626, -0.4048428852925103, 0.3626834417888049, 0.5054480463755079, -0.5063346609076028, 0.13297665785930218, -0.0010324447474500467], [-0.6041310418265086, 0.06935789328863576, 0.6688811431953408, 0.17830864838016305, 0.5807251765692183, 0.14761445268603696, -0.4987003682355914, -0.6402143797565412, -0.07691803771868364, 0.17168914996080192, 0.3263484182593779, 0.03339884984853927], [-0.6258121149462021, -0.4718480090055417, -0.1303723412252864, -0.6418126972654677, -0.009331421351460631, -0.07454536770184118, 0.1735833063369136, -0.04173396837506871, 0.24259868110545063, 0.5503202542485778, 0.7782083681011355, 0.046942158346773656]], "inverted": true, "swapped": false, "error_lsq": 0.06040018807435082, "error_max": 0.389065336083692, "target": "67.xyz", "model": "0.xyz", "model_rescale": 3.751011558992144, "target_rescale": 3.704954970435857},
{"mapping": [7, 13, 8, 2, 5, 1, 6, 11, 9, 4, 10, 14], "R": [[-0.055468020391426204, 0.7967378952549349, 0.6017740647274465], [-0.9957577387273115, 0.00017404001463730556, -0.09201356136322997], [-0.07341542398248413, -0.6043249920157283, 0.7933482712823305]], "T": [-0.03571091536493791, 0.01202848951570595, -0.11277675833466336], "aligned_model": [[-0.30904533732515965, 0.5605948303836465, -0.28952924194688395, 0.05259218114196791, 0.3541561404962756, -0.7233231200381477, -0.373766910866638, 0.26345668995938143, 0.589889192320855, -0.4780216749308129, 0.1876362647536477, 0.006951908294319346], [-0.544299144373886, 0.1541723854848414, 0.6216058387583862, 0.5782270708608731, 0.4987667645109311, -0.09939358027209508, -0.564500081660563, -0.631826820690442, 0.007292246642827262, 0.29255300787880945, 0.0660979712796907, -0.022335753768583735], [-0.34828659112243465, -0.5022851263147607, -0.046369194599190075, -0.7088974102316771, -0.0784900640582773, -0.1342273477085366, 0.22936165779679826, 0.25147600057120056, 0.09408477651719668, 0.47987926034667583, 0.6743993823122131, -0.11444849524122513]], "inverted": false, "swapped": false, "error_lsq": 0.04467641087448176, "error_max": 0.222032755500045, "target": "67.xyz", "model": "1.xyz", "model_rescale": 3.9405287249114394, "target_rescale": 3.704954970435857},
{"mapping": [1, 7, 8, 4, 3, 2, 5, 0, 6, 9, 11, 12], "R": [[-0.5298845663859838, -0.3401654660698946, -0.776858933139981], [-0.4051850887397612, 0.9062643263924347, -0.12045752185487846], [0.7450150268074395, 0.250943074026597, -0.6180454541772734]], "T": [0.020158454290534304, 0.06424523225740056, -0.028177853508129076], "aligned_model": [[-0.05882214909555095, 0.6644180759406174, -0.4104758056257179, -0.1245910561462985, 0.35334364156883447, -0.5349051051792493, -0.3667965527900324, 0.1647192722413408, 0.49910325541733036, -0.4298430101441542, 0.14270974630494326, -0.05726939024961151], [-0.40576304814729824, 0.15186125926736327, 0.7085176978897387, 0.4098914608318419, 0.5220235213181063, -0.3246340213490442, -0.33609887128374594, -0.7476417926307642, -0.13910561306109315, 0.46723585188605976, 0.009576941353770005, 0.04049651857585533], [-0.6606971125019195, -0.4822294198289847, -0.040703599959808996, -0.6208598810603171, -0.1070850623794872, -0.09779824265411963, 0.4387982718257718, 0.12305579687272122, 0.12871703031952017, 0.506123886698661, 0.6715412671627711, -0.06266608622682543]], "inverted": true, "swapped": false, "error_lsq": 0.05605581418603584, "error_max": 0.280869629477827, "target": "67.xyz", "model": "2.xyz", "model_rescale": 3.932901565614263, "target_rescale": 3.704954970435857},
{"mapping": [11, 12, 7, 9, 5, 3, 1, 10, 6, 0, 2, 13], "R": [[0.4595774496437046, -0.829722473307136, 0.3167793949550346], [-0.8847718083686817, -0.4587460369865155, 0.08204218832515245], [0.07724904462193295, -0.3179822178019648, -0.9449443868645091]], "T": [-0.1481760277598037, 0.062265872174587344, -0.03914580879953687], "aligned_model": [[-0.3359426809677737, 0.5396278908742063, -0.31139917916637605, 0.07718541414020202, 0.41315137476086633, -0.6549791235552684, -0.21982966617439692, 0.2885551221808867, 0.48039800207082545, -0.5022843097283094, 0.10285464944966433, -0.03574657164207487], [-0.6276200672091158, -0.0024605270369744275, 0.7394644830395136, 0.4163793553738544, 0.5039497639813207, 0.0029058722122849087, -0.4788323436890397, -0.49571628833619397, 0.008856379364881893, 0.1590267930095427, 0.07317433479145105, 0.05723214914926393], [-0.5744118855792746, -0.3645164788304128, -0.19567948452033423, -0.6421456437166604, -0.12054957132021334, -0.0568232118279096, 0.4617005726422223, -0.14434681413900802, 0.22302660733544133, 0.5213851698122538, 0.7552498468541131, -0.06669225844223492]], "inverted": false, "swapped": false, "error_lsq": 0.05023214994116198, "error_max": 0.2825466076236246, "target": "67.xyz", "model": "3.xyz", "model_rescale": 3.9243930471874484, "target_rescale": 3.704954970435857},
{"mapping": [3, 0, 7, 2, 1, 4, 10, 6, 5, 8, 9, 12], "R": [[0.8242002841207767, 0.463442206066955, 0.3254461757203871], [-0.012656704486175521, -0.5594716637426456, 0.8287528372805645], [0.5661569565825193, -0.6871774000247898, -0.4552510531656015]], "T": [-0.03758246114445053, -0.04806621592709842, 0.14334767356550643], "aligned_model": [[-0.11892317759721295, 0.43630671891813944, -0.2962752424952054, -0.1550807932543924, 0.36955651756163466, -0.5276474595357924, -0.510896611543608, 0.30074522858850955, 0.6986414648071947, -0.5010215856691171, 0.07517722176580742, 0.07100864069649349], [-0.4077354899580325, 0.13272471142351766, 0.6484071555927422, 0.2891934641194354, 0.5348087301058624, 0.07489854681535744, -0.5246214423050308, -0.6738338679795233, -0.12008328017123154, 0.22214945158343907, 0.21664435628904732, -0.03619243086479362], [-0.4196577185309513, -0.5393426214936092, -0.1581844914732718, -0.7073370744345204, 0.0751204847935529, -0.16823415182785972, 0.35781573823415075, 0.018986366313356318, -0.01916685836590523, 0.4728078984908721, 0.7874757343141849, 0.09591354224798325]], "inverted": true, "swapped": false, "error_lsq": 0.04907379516133161, "error_max": 0.255737639035171, "target": "67.xyz", "model": "4.xyz", "model_rescale": 3.8936222436046832, "target_rescale": 3.704954970435857},
{"mapping": [10, 7, 9, 8, 6, 3, 2, 4, 5, 0, 1, 11], "R": [[0.6234660059554726, -0.15912609783532733, -0.7654861359983162], [-0.4188528987246804, 0.7587443123501476, -0.49886803636456245], [0.6601911758330788, 0.6316533491275128, 0.4064008586213042]], "T": [-0.03504871170928759, 0.05853317065426236, -0.10080469383055746], "aligned_model": [[-0.13632753060709854, 0.42421333168189984, -0.21521325347587514, -0.34460533633928453, 0.5847452937038288, -0.6064021580226482, -0.3686619098368814, 0.29283100316987853, 0.7096427012756591, -0.6769836461937335, 0.08385939137762327, 0.09449303550908345], [-0.4463618719605321, 0.041060386883739725, 0.6453810490521971, 0.3378163345647637, 0.5505272915125191, 0.038943251421346664, -0.5008075268613427, -0.6321548498354058, -0.07691969746927685, 0.2251622905522037, 0.1731390918300291, 0.0005741549605477181], [-0.4672620532473576, -0.5574452578582344, -0.02878907516949203, -0.7107542301322477, -0.009121521969018997, -0.15957123849231425, 0.2638851511911512, 0.11383348970087098, 0.18946772475318258, 0.48474853625831205, 0.683946931215721, -0.006741607982590089]], "inverted": true, "swapped": false, "error_lsq": 0.04703422907572561, "error_max": 0.35635069976477796, "target": "67.xyz", "model": "5.xyz", "model_rescale": 3.6523030999806103, "target_rescale": 3.704954970435857},
{"mapping": [9, 10, 1, 6, 2, 5, 7, 11, 4, 0, 3, 12], "R": [[0.6014344695738086, 0.7818259178053469, -0.16439225363835946], [-0.23823583344167754, 0.3719139064862812, 0.8971754197627481], [0.7625747612351337, -0.5004280971427771, 0.40994079220936086]], "T": [-0.060060983672528365, 0.031745055146045295, -0.1463164809643321], "aligned_model": [[-0.06638704070520343, 0.5421092443390598, -0.24350123621722164, 0.03211328803911055, 0.4207564993171828, -0.7302096596466265, -0.2613660416659214, 0.3638778511778893, 0.4737113676401857, -0.5519617563377293, -0.019094759963399842, -0.11845683373487466], [-0.5713485912798201, -0.09941238892297598, 0.6806231606293428, 0.40780858413301746, 0.5958754154935485, 0.028685637082330726, -0.4657649731161446, -0.6828529131933564, 0.01874147132164719, 0.36108253087197006, 0.06824420945141817, 0.014677762179811704], [-0.5449402507320348, -0.6247114882843781, 0.020061834822877517, -0.6685277292847827, 0.017339007164704462, -0.024682102444034945, 0.27650511865188365, 0.1438465957560672, 0.06356345068406513, 0.651639775626561, 0.5462369705453588, -0.060134334238304776]], "inverted": false, "swapped": false, "error_lsq": 0.0454611639079839, "error_max": 0.2363664679591679, "target": "67.xyz", "model": "6.xyz", "model_rescale": 4.08911054899281, "target_rescale": 3.704954970435857},
{"mapping": [7, 10, 3, 4, 8, 6, 2, 13, 11, 0, 1, 14], "R": [[-0.24369983144798604, 0.14321894591713044, 0.9592177676016066], [-0.90563596169198, -0.3875056843174577, -0.17222906117116737], [0.347035872846693, -0.9106742986117733, 0.22413929777147293]], "T": [0.09213590808826491, -0.004867186492472312, -0.10050747994973416], "aligned_model": [[-0.35035385539586616, 0.6813344938573167, -0.3747099393665305, -0.13736019150634124, 0.32767910321938054, -0.4057324859921485, -0.449084290005077, 0.2606888546758991, 0.6401318559634167, -0.5912790917727335, 0.07760599615023042, 0.16267047241490468], [-0.5676314107431927, 0.13868366350324562, 0.629311810333869, 0.41254375966999485, 0.620273385356038, 0.03069788446605704, -0.44575699954817116, -0.677975551540322, -0.056122308583635955, 0.29949924525628985, -0.09998208267867807, 0.07281850915929489], [-0.39510585342232085, -0.48975428917909636, -0.020987727910867282, -0.6200737721559082, -0.2378670152624551, -0.10277780084786506, 0.30302246096019303, 0.13275107927341717, 0.10346412721408302, 0.4695461984818735, 0.6266019320633104, 0.02737750905361852]], "inverted": false, "swapped": false, "error_lsq": 0.04446906812997389, "error_max": 0.2404039231607626, "target": "67.xyz", "model": "7.xyz", "model_rescale": 3.964800864290218, "target_rescale": 3.704954970435857},
{"mapping": [0, 1, 10, 5, 8, 6, 4, 2, 7, 11, 12, 13], "R": [[-0.7850612263778445, 0.6108845790821219, 0.10246414923168808], [0.1960741512134727, 0.40199775185093334, -0.8944007685219819], [-0.5875659946457343, -0.6820687931187398, -0.4353715234021567]], "T": [-0.06469571103229924, 0.0018539117473036146, -0.06802457743281877], "aligned_model": [[-0.12992141685299138, 0.5546127993662466, -0.4108900603946791, 0.004053383069121327, 0.4177453802749882, -0.60619274371443, -0.33017972108153526, 0.1479938557566028, 0.6107714599791969, -0.5920094256556783, 0.21359089568632952, -0.03798348419071963], [-0.519136834653401, -0.150811184259684, 0.7402380246212051, 0.6245893080566399, 0.600442332040645, -0.20181769813358683, -0.4229480598221879, -0.616079738676846, -0.08542641339938398, 0.20316747780810324, 0.10901243454675116, 0.07513025652253494], [-0.555337230652261, -0.4633348714823238, -0.16838586146312468, -0.6216895584566039, -0.06830371223289054, -0.02554326267547577, 0.4260957726568048, 0.03935269952430111, 0.1392901849207761, 0.5390556635433291, 0.6260565077445839, -0.07105948315913244]], "inverted": true, "swapped": false, "error_lsq": 0.039855867830008766, "error_max": 0.19888046952838428, "target": "67.xyz", "model": "8.xyz", "model_rescale": 4.121658175737393, "target_rescale": 3.704954970435857},
{"mapping": [0, 1, 9, 4, 6, 5, 10, 3, 2, 7, 11, 12], "R": [[-0.5915195598071896, 0.16269828729811425, 0.7897049307657695], [-0.23951930222891177, 0.8997584052866354, -0.36478118917486163], [-0.7698929238701211, -0.40492478243040547, -0.49325531558048613]], "T": [0.012244931830061093, 0.0673091810682082, 0.08483682973464882], "aligned_model": [[-0.027128887989144475, 0.40248201725643923, -0.32822548600322754, -0.18833616590355412, 0.3357111924220516, -0.5669990597460145, -0.40161605479370105, 0.2768389847779378, 0.649650568285515, -0.344880303179878, -0.024323116712499007, 0.05841723382852666], [-0.42458975548040306, 0.08616434021396581, 0.7961716447133683, 0.29561549953858807, 0.6718706153413649, -0.03479004325365191, -0.5538621873703197, -0.636081485808412, -0.20073697749170316, 0.4152384448332184, -0.13158861278881478, 0.07294842220358816], [-0.5277881629464107, -0.48287015088567486, -0.12970738646443808, -0.7492922765176173, -0.015448266576772313, -0.10429289529995825, 0.22392689184685666, 0.3254933242771856, 0.01993873765962409, 0.5393890316303595, 0.68661296749528, 0.010235034049547814]], "inverted": true, "swapped": false, "error_lsq": 0.05700026126620362, "error_max": 0.30372062431139674, "target": "67.xyz", "model": "9.xyz", "model_rescale": 3.833441315466971, "target_rescale": 3.704954970435857},
{"mapping": [6, 7, 2, 3, 9, 5, 1, 12, 11, 13, 10, 14], "R": [[0.7077334816646145, 0.7001511537218222, 0.09434871950845022], [-0.44780138024507765, 0.3412844711301871, 0.8264374347861985], [0.5464313706052082, -0.6271469299194488, 0.5550671000078494]], "T": [-0.00864591420066169, -0.05216599565581538, 0.005861439363702911], "aligned_model": [[-0.11605910227640091, 0.5111724675578674, -0.3020674480495887, -0.02917972254602713, 0.25362181245426485, -0.6728466440687211, -0.4576374162687103, 0.18930225599192194, 0.6622266031251054, -0.5234892224262114, 0.3165143960668376, 0.010032942682113646], [-0.5808597242720634, 0.09811422051305267, 0.6000524489814267, 0.4357902243680537, 0.6952245872501372, 0.07040696505361926, -0.6163291491088101, -0.6059686835183118, -0.1265671596274744, 0.3752306440536929, -0.014879775404610565, 0.0261453063620775], [-0.40666118594813416, -0.382878426608387, -0.06600760039859323, -0.7123299973733871, -0.16887574234491853, -0.029472131255062865, 0.1662843188743115, 0.13677806223664069, 0.10451037924762226, 0.43939923674133324, 0.7599401182334826, -0.044490183136924495]], "inverted": false, "swapped": false, "error_lsq": 0.047221044408549274, "error_max": 0.26913469335443646, "target": "67.xyz", "model": "10.xyz", "model_rescale": 4.2482417240324, "target_rescale": 3.704954970435857},
{"mapping": [6, 4, 7, 5, 9, 2, 1, 0, 10, 3, 8, 11], "R": [[-0.7340151562361121, 0.3556274586254403, -0.5785765818690616], [0.655819817746314, 0.5924740353751488, -0.4678406609706757], [0.17641461693087535, -0.7228441243296497, -0.6681124567430508]], "T": [-0.061444097121120846, -0.013408901201157012, 0.0007454926011033966], "aligned_model": [[-0.16989330157960558, 0.48761381774710477, -0.2042045594610819, -0.05882149916886518, 0.5060453780802437, -0.7824478338269958, -0.2901764730564971, 0.3473619204505744, 0.5364236200753004, -0.5943797994790235, 0.035034520207853935, 0.029035132253443112], [-0.352820304885742, -0.049880042323026355, 0.6480340181573957, 0.3478138975173459, 0.5832316464286401, -0.11178802071402924, -0.539930854719573, -0.6414158676263373, 0.010258421591524371, 0.3054076283773946, 0.11120543222562142, 0.046243950621575325], [-0.541030113387352, -0.679728490897216, 0.026609783008297853, -0.6578115527544853, -0.03512447531917446, -0.13428208563651034, 0.41257395983025286, 0.11176065396415971, 0.2394847082751511, 0.522671908939195, 0.5940590465148018, -0.06298649426913774]], "inverted": false, "swapped": false, "error_lsq": 0.04427339715669726, "error_max": 0.28107282739475464, "target": "67.xyz", "model": "11.xyz", "model_rescale": 3.6694154284099745, "target_rescale": 3.704954970435857},
{"mapping": [11, 3, 0, 4, 1, 6, 7, 9, 2, 5, 12, 13], "R": [[0.029261096303666717, 0.9826801045141504, -0.18298524649590253], [-0.12928930432552874, -0.17780503430802366, -0.9755355685784828], [-0.9911750925190406, 0.052203275441117886, 0.12184725685500841]], "T": [-0.011901244092094108, -0.043645108184809836, 0.04130963014694983], "aligned_model": [[-0.19955294104637886, 0.5733479881448293, -0.29103287053994265, -0.017310418647980032, 0.49248068709678555, -0.5463375248935618, -0.37427000558117496, 0.0717351497934609, 0.633230243344943, -0.6346361406504991, 0.1569251915749309, -0.022988436352960828], [-0.4761448626365278, 0.1677598719954666, 0.6104776181506546, 0.2867646864160294, 0.6262373187003991, -0.02211099310015492, -0.5197070168249445, -0.8417169434578636, 0.033950567591691114, 0.15784119774456895, 0.25906570933506967, 0.07394275073640079], [-0.5268095932001002, -0.5537031185604955, -0.029024276565932122, -0.6208676559424686, -0.07414553752483993, -0.142453742439335, 0.48201277094393336, 0.01351455411163309, 0.10532406922424753, 0.5062561965478721, 0.6258028258668855, 0.010290355806582954]], "inverted": false, "swapped": false, "error_lsq": 0.04118310917134214, "error_max": 0.23676277758191508, "target": "67.xyz", "model": "12.xyz", "model_rescale": 3.9764082729961374, "target_rescale": 3.704954970435857},
{"mapping": [1, 0, 6, 5, 4, 13, 11, 8, 7, 14, 3, 15], "R": [[0.5219159743960831, -0.3064052702833815, 0.7960650262464465], [-0.7108778110028111, -0.6720410619138955, 0.20739708032056747], [0.47144082713956725, -0.6741488125363807, -0.5685656734817438]], "T": [-0.06343674604070176, -0.0447798517218103, -0.16930366687777315], "aligned_model": [[-0.02103446513037592, 0.5705986270586729, -0.38990048923067944, -0.006958246789377287, 0.3489388297414773, -0.6633836331025404, -0.44780348398192166, 0.10320819531274095, 0.6487951033364703, -0.4511579464241965, 0.16855254097791422, -0.018264109525733395], [-0.6017314546036993, 0.06143452700115702, 0.6275513696119948, 0.5594759729645562, 0.5413802990916777, 0.04973544579145149, -0.4045200435315948, -0.6074485233257823, 0.022167808797991573, 0.2116221309408498, -0.11806647022827811, 0.014758842140465217], [-0.4715114379259249, -0.5066841418811321, -0.011028719708570056, -0.7476711826405757, -0.12211909444298807, -0.09439614103631949, 0.42516576371600917, 0.22476011750906733, 0.07416604870650434, 0.48087964084006446, 0.6364590088339361, -0.09182301370208874]], "inverted": true, "swapped": false, "error_lsq": 0.0448551462856858, "error_max": 0.24048927181035235, "target": "67.xyz", "model": "13.xyz", "model_rescale": 4.170626492500431, "target_rescale": 3.704954970435857},
{"mapping": [2, 6, 8, 4, 12, 0, 1, 3, 11, 7, 9, 13], "R": [[0.6984918815822467, -0.48298668469851913, -0.528046355699598], [-0.7062594709921666, -0.5842071745281392, -0.3998744013608695], [-0.11535445807405154, 0.6522467628388675, -0.7491778890014444]], "T": [-0.00979982698814335, 0.04565460156739798, -0.048686771573980867], "aligned_model": [[-0.20934045022015862, 0.643331257163494, -0.3635931752092758, -0.13623880311001263, 0.2904580479830234, -0.5746525320220056, -0.36592317853928913, 0.2327632597793995, 0.6465128093278597, -0.6281749407132716, 0.21472004711815468, 0.09172858068453388], [-0.3133145609648348, -0.23377868778438576, 0.6982698473124196, 0.4189861351897768, 0.710181498634914, -0.14428667701860876, -0.3930161656431534, -0.5971682649803794, -0.03522771445126735, 0.2997094508260315, -0.09840789953496931, 0.04441294306524654], [-0.5627459581152108, -0.4990489488791322, -0.07059340482898498, -0.6383475909552899, -0.11157820801640365, -0.07555941254810354, 0.4724260630119959, 0.00975564120118913, 0.20105594703567237, 0.4101140078307798, 0.7162598019664864, -0.05554108943501542]], "inverted": true, "swapped": false, "error_lsq": 0.04995324975029245, "error_max": 0.27291084780129765, "target": "67.xyz", "model": "14.xyz", "model_rescale": 3.9786697098870705, "target_rescale": 3.704954970435857},
{"mapping": [5, 10, 9, 7, 6, 8, 2, 4, 1, 3, 0, 11], "R": [[0.957651865182672, -0.1699558768915733, 0.23241752305315938], [0.2813867748605843, 0.7235214348215977, -0.630347694758421], [-0.061027764547854364, 0.6690528628320136, 0.7407049876236682]], "T": [0.01857938268986272, 0.0597771783915754, -0.03961230887568442], "aligned_model": [[-0.36298596474522266, 0.6535348202265856, -0.24056889475454216, 0.03247341681932155, 0.34017089448520577, -0.4844123444052697, -0.44855891268733117, 0.2093325769220482, 0.6758928630269859, -0.6778139153289361, 0.10351557865580363, 0.04101080402780233], [-0.48299860128865624, -0.21021552916053995, 0.5791400859062189, 0.2319656795484689, 0.7710171621032779, -0.02572082835184207, -0.5451366760927671, -0.5211547667927275, 0.1677770805657091, 0.2373477199027114, -0.0027016628597348047, 0.15704024117067078], [-0.49178697242861585, -0.5046461987247076, 0.1851511415444366, -0.6776045355333831, -0.17404547410985888, -0.14877979184910922, 0.37234455526426197, -0.007270013877528313, 0.09056872349776776, 0.5336714860850661, 0.647910652987752, -0.029316724588098413]], "inverted": true, "swapped": false, "error_lsq": 0.04917087583441492, "error_max": 0.2592400191999501, "target": "67.xyz", "model": "15.xyz", "model_rescale": 3.769337070930944, "target_rescale": 3.704954970435857},
{"mapping": [10, 7, 4, 8, 9, 6, 2, 0, 3, 1, 11], "R": [[-0.968627480578453, 0.18926842750693545, -0.1610536128663087], [0.20096447558192154, 0.9777848719631539, -0.059582075442889494], [0.1461987805090117, -0.0900788904741329, -0.9851455273555411]], "T": [0.015530271046073586, 0.011121792355991138, -0.035603446561483634], "aligned_model": [[-0.157842900376689, -0.3327722867202108, -0.25069150695693637, -0.5903369153668596, 0.5531230440761744, 0.26294419902869565, 0.4506751031654685, 0.15910206439067578, 0.21241834154601358, -0.3793738548224557, -0.004619157272705612], [0.0856428031509694, -0.5990986527955696, 0.7327028302291754, 0.09187752347547412, 0.10886124900140134, -0.6264962397133217, 0.5989571878410451, -0.5459741257029366, 0.47940011833016166, 0.13493585112039494, 0.1352559526885477], [-0.7111659411086022, -0.013743316316310109, 0.059086797129677474, -0.046250538077933445, -0.7226616605948678, -0.40871505736678615, -0.11798011054083385, 0.4670806907070455, 0.6032860189933842, 0.5578763567085878, 0.07740436769041582]], "inverted": false, "swapped": true, "error_lsq": 0.061016382759731154, "error_max": 0.27500918688529397, "target": "67.xyz", "model": "16.xyz", "model_rescale": 3.7852294659196426, "target_rescale": 3.704954970435857},
{"mapping": [2, 1, 0, 3, 4, 8, 11, 7, 5, 9, 10, 12], "R": [[0.9591524228420811, -0.03115809146040388, -0.28116863817415844], [0.28273641003912603, 0.1383103092978775, 0.949173525115462], [0.009314085803389327, -0.9898986976850059, 0.14147019519028214]], "T": [0.004746036070284652, 0.009691084249087892, -0.032200028167477274], "aligned_model": [[-0.10025166214600152, 0.4555503484491542, -0.18746178027271365, -0.1649050146675366, 0.46949594891922625, -0.6445915474045246, -0.3749294537350623, 0.30470482843277136, 0.6582294568541479, -0.6320253593333661, 0.09333364133804845, -0.035558484191691525], [-0.42617504692158314, -0.04718192688322238, 0.6642820316174233, 0.32519280030202835, 0.5374481889229074, 0.005911157834085232, -0.5493094846675333, -0.6203452065104088, -0.0012696284133173613, 0.2729896732879875, 0.18575940552271109, 0.00905794055971143], [-0.4482327433448561, -0.5496892423472786, -0.04992014946510866, -0.7422511244371464, 0.05304457320294717, -0.08272057939033704, 0.25292619094475577, 0.03492672050155003, 0.038851306084142084, 0.48977490276087043, 0.7490856159576091, 0.050401377800835145]], "inverted": true, "swapped": false, "error_lsq": 0.04133770305834326, "error_max": 0.21565083967541937, "target": "67.xyz", "model": "17.xyz", "model_rescale": 3.901054581598922, "target_rescale": 3.704954970435857},
{"mapping": [7, 13, 8, 2, 5, 1, 6, 11, 9, 4, 10, 14], "R": [[-0.055468020391426204, 0.7967378952549349, 0.6017740647274465], [-0.9957577387273115, 0.00017404001463730556, -0.09201356136322997], [-0.07341542398248413, -0.6043249920157283, 0.7933482712823305]], "T": [-0.03571091536493791, 0.01202848951570595, -0.11277675833466336], "aligned_model": [[-0.30904533732515965, 0.5605948303836465, -0.28952924194688395, 0.05259218114196791, 0.3541561404962756, -0.7233231200381477, -0.373766910866638, 0.26345668995938143, 0.589889192320855, -0.4780216749308129, 0.1876362647536477, 0.006951908294319346], [-0.544299144373886, 0.1541723854848414, 0.6216058387583862, 0.5782270708608731, 0.4987667645109311, -0.09939358027209508, -0.564500081660563, -0.631826820690442, 0.007292246642827262, 0.29255300787880945, 0.0660979712796907, -0.022335753768583735], [-0.34828659112243465, -0.5022851263147607, -0.046369194599190075, -0.7088974102316771, -0.0784900640582773, -0.1342273477085366, 0.22936165779679826, 0.25147600057120056, 0.09408477651719668, 0.47987926034667583, 0.6743993823122131, -0.11444849524122513]], "inverted": false, "swapped": false, "error_lsq": 0.04467641087448176, "error_max": 0.222032755500045, "target": "67.xyz", "model": "18.xyz", "model_rescale": 3.9405287249114394, "target_rescale": 3.704954970435857},
{"mapping": [14, 1, 5, 2, 6, 11, 13, 12, 0, 9, 7, 15], "R": [[0.6548299302967202, 0.6544987838855365, 0.3779273796378703], [-0.34358919516273523, -0.1875851889859159, 0.9201946869225787], [0.6731598824610814, -0.7324227868966616, 0.10204231416187604]], "T": [0.06647993846656666, -0.09006269614554276, 0.0010844356977267149], "aligned_model": [[-0.35897755969115985, 0.5647668167893379, -0.2307715409150982, -0.045006749849927835, 0.38469383062235196, -0.6444285195985031, -0.398009351222364, 0.3047353512637007, 0.6908133462231001, -0.46986890011258864, -0.00974204045970499, 0.05338623919330728], [-0.6444573630819609, 0.01496218049965993, 0.6858126157685849, 0.49956354946222703, 0.5599475292957781, -0.02541362506344834, -0.4860734043915449, -0.5789152125224809, 0.1484506703926649, 0.2314973206412247, 0.02092143329298672, -0.06993578964290195], [-0.33263915143691375, -0.41867667035718936, -0.029275095366418643, -0.627594251575632, -0.18468445635099534, -0.09711364859918763, 0.2817177624619221, -0.06522271108296025, 0.162309210151519, 0.4459877127315337, 0.6920969405648079, -0.03070879287250256]], "inverted": true, "swapped": false, "error_lsq": 0.04658528046304036, "error_max": 0.25068788418081794, "target": "67.xyz", "model": "19.xyz", "model_rescale": 4.410303926677745, "target_rescale": 3.704954970435857},
{"mapping": [0, 1, 10, 5, 8, 6, 4, 2, 7, 11, 12, 13], "R": [[-0.7850612263778445, 0.6108845790821219, 0.10246414923168808], [0.1960741512134727, 0.40199775185093334, -0.8944007685219819], [-0.5875659946457343, -0.6820687931187398, -0.4353715234021567]], "T": [-0.06469571103229924, 0.0018539117473036146, -0.06802457743281877], "aligned_model": [[-0.12992141685299138, 0.5546127993662466, -0.4108900603946791, 0.004053383069121327, 0.4177453802749882, -0.60619274371443, -0.33017972108153526, 0.1479938557566028, 0.6107714599791969, -0.5920094256556783, 0.21359089568632952, -0.03798348419071963], [-0.519136834653401, -0.150811184259684, 0.7402380246212051, 0.6245893080566399, 0.600442332040645, -0.20181769813358683, -0.4229480598221879, -0.616079738676846, -0.08542641339938398, 0.20316747780810324, 0.10901243454675116, 0.07513025652253494], [-0.555337230652261, -0.4633348714823238, -0.16838586146312468, -0.6216895584566039, -0.06830371223289054, -0.02554326267547577, 0.4260957726568048, 0.03935269952430111, 0.1392901849207761, 0.5390556635433291, 0.6260565077445839, -0.07105948315913244]], "inverted": true, "swapped": false, "error_lsq": 0.039855867830008766, "error_max": 0.19888046952838428, "target": "67.xyz", "model": "20.xyz", "model_rescale": 4.121658175737393, "target_rescale": 3.704954970435857},
{"mapping": [9, 10, 1, 6, 2, 5, 7, 11, 4, 0, 3, 12], "R": [[0.6014344695738086, 0.7818259178053469, -0.16439225363835946], [-0.23823583344167754, 0.3719139064862812, 0.8971754197627481], [0.7625747612351337, -0.5004280971427771, 0.40994079220936086]], "T": [-0.060060983672528365, 0.031745055146045295, -0.1463164809643321], "aligned_model": [[-0.06638704070520343, 0.5421092443390598, -0.24350123621722164, 0.03211328803911055, 0.4207564993171828, -0.7302096596466265, -0.2613660416659214, 0.3638778511778893, 0.4737113676401857, -0.5519617563377293, -0.019094759963399842, -0.11845683373487466], [-0.5713485912798201, -0.09941238892297598, 0.6806231606293428, 0.40780858413301746, 0.5958754154935485, 0.028685637082330726, -0.4657649731161446, -0.6828529131933564, 0.01874147132164719, 0.36108253087197006, 0.06824420945141817, 0.014677762179811704], [-0.5449402507320348, -0.6247114882843781, 0.020061834822877517, -0.6685277292847827, 0.017339007164704462, -0.024682102444034945, 0.27650511865188365, 0.1438465957560672, 0.06356345068406513, 0.651639775626561, 0.5462369705453588, -0.060134334238304776]], "inverted": false, "swapped": false, "error_lsq": 0.0454611639079839, "error_max": 0.2363664679591679, "target": "67.xyz", "model": "21.xyz", "model_rescale": 4.08911054899281, "target_rescale": 3.704954970435857},
{"mapping": [0, 1, 14, 2, 15, 13, 7, 6, 8, 12, 5, 16], "R": [[-0.9492412782830776, 0.29048299100142577, 0.12066742535736295], [0.17099627556268032, 0.15456528043997075, 0.9730723754306282], [0.26400997963562106, 0.944314145833567, -0.1963912539585716]], "T": [-0.007840695317861524, 0.0941787117902095, 0.0253753376837734], "aligned_model": [[-0.09056044108763679, 0.571669175344637, -0.3318879320690242, 0.029553400858503442, 0.27121082813053604, -0.64873812328859, -0.43379244094683644, 0.16948649771244706, 0.6155779311564082, -0.6166485755367566, 0.3431727741094187, -0.037452172140654945], [-0.5293945296181827, 0.016090255826463826, 0.6429150623056247, 0.39157444588826046, 0.73312378616501, -0.020926947076991748, -0.4382532795399397, -0.6165608283443486, -0.20217004609749145, 0.22732377352147454, 0.08576586596627271, 0.0668723456546377], [-0.42672338432115453, -0.5113451520648218, 0.10090276266320053, -0.6314437304656577, -0.18766563745359935, -0.08745701647712652, 0.22755711978412657, 0.1631015198448915, 0.09086310694968314, 0.42109602649601935, 0.6372967560488559, 1.4477263565789572e-05]], "inverted": false, "swapped": false, "error_lsq": 0.04507385522545221, "error_max": 0.2645741800749944, "target": "67.xyz", "model": "22.xyz", "model_rescale": 4.204369325754507, "target_rescale": 3.704954970435857},
{"mapping": [14, 1, 5, 2, 6, 11, 13, 12, 0, 9, 7, 15], "R": [[0.6548299302967202, 0.6544987838855365, 0.3779273796378703], [-0.34358919516273523, -0.1875851889859159, 0.9201946869225787], [0.6731598824610814, -0.7324227868966616, 0.10204231416187604]], "T": [0.06647993846656666, -0.09006269614554276, 0.0010844356977267149], "aligned_model": [[-0.35897755969115985, 0.5647668167893379, -0.2307715409150982, -0.045006749849927835, 0.38469383062235196, -0.6444285195985031, -0.398009351222364, 0.3047353512637007, 0.6908133462231001, -0.46986890011258864, -0.00974204045970499, 0.05338623919330728], [-0.6444573630819609, 0.01496218049965993, 0.6858126157685849, 0.49956354946222703, 0.5599475292957781, -0.02541362506344834, -0.4860734043915449, -0.5789152125224809, 0.1484506703926649, 0.2314973206412247, 0.02092143329298672, -0.06993578964290195], [-0.33263915143691375, -0.41867667035718936, -0.029275095366418643, -0.627594251575632, -0.18468445635099534, -0.09711364859918763, 0.2817177624619221, -0.06522271108296025, 0.162309210151519, 0.4459877127315337, 0.6920969405648079, -0.03070879287250256]], "inverted": true, "swapped": false, "error_lsq": 0.04658528046304036, "error_max": 0.25068788418081794, "target": "67.xyz", "model": "23.xyz", "model_rescale": 4.410303926677745, "target_rescale": 3.704954970435857},
{"mapping": [0, 5, 14, 6, 15, 7, 1, 3, 4, 11, 10, 16], "R": [[0.5950651034317572, 0.7170475904018797, -0.3629604327975857], [-0.12175239100376614, -0.36598037180929766, -0.9226238251504211], [-0.7944015848187984, 0.5932125424746064, -0.1304798892097747]], "T": [-0.0333758233083683, 0.11744008872681015, -0.030341094076859833], "aligned_model": [[-0.09408165101352212, 0.41682233208489294, -0.26115123938235607, -0.01684797357845981, 0.3532915001698289, -0.6256352774773988, -0.4437964434257329, 0.25814397134330097, 0.5888887362589618, -0.46393660308373524, 0.1469464362144747, -0.017052865867803156], [-0.5308969747864078, 0.0951591870764711, 0.7547942894606688, 0.562056412784811, 0.7096833888992775, -0.1582032199369473, -0.5108508113150472, -0.6994720304658201, -0.1622671620746975, 0.2917072287684831, 0.001931400701721861, 0.002718195538275764], [-0.4129109120759506, -0.46900636023100334, -0.0372673234884139, -0.6467348353853305, -0.1254749218658292, -0.15354986819054353, 0.38576082742484197, 0.2082417709334254, 0.06150140559888735, 0.39974013712451084, 0.584415420314744, 0.001481508108644617]], "inverted": true, "swapped": false, "error_lsq": 0.04183927577993144, "error_max": 0.23260611089525252, "target": "67.xyz", "model": "24.xyz", "model_rescale": 4.28219845311461, "target_rescale": 3.704954970435857},
{"mapping": [13, 4, 5, 3, 1, 11, 14, 2, 0, 10, 6, 15], "R": [[0.06937752743638992, 0.20978653983910553, -0.9752827110069922], [-0.6520731526315577, -0.7303388539548725, -0.20348405839530656], [-0.7549750739620176, 0.6500728929175702, 0.08612706653443575]], "T": [-0.1081200414487073, 0.0024924715067217544, -0.16654460479988437], "aligned_model": [[-0.1768402626677187, 0.5385036194835455, -0.43705131271121705, 0.1909579935783448, 0.2172518452681667, -0.6298051478599409, -0.4091737056365659, 0.2159548987905912, 0.64201208417258, -0.4775390741606383, 0.2057323622813777, -0.03841237829607358], [-0.5271482997278697, -0.07900192145117947, 0.7850067271853185, 0.49475117359357995, 0.5530769342226309, 0.05892909007154713, -0.46528884144502847, -0.5432302110721504, -0.011394511624578291, 0.11086465361551008, -0.017956021534957022, -0.002248867182033914], [-0.42668810669574525, -0.49803378722475034, -0.09757838582608346, -0.6845012092021678, -0.1370949257387064, -0.021160186507336254, 0.35373604968078115, 0.09024755087418201, 0.1538662530782567, 0.5273501042468405, 0.6780118839953846, -0.14195839241267255]], "inverted": false, "swapped": false, "error_lsq": 0.04455338089192695, "error_max": 0.22461484154927205, "target": "67.xyz", "model": "25.xyz", "model_rescale": 4.100010024507729, "target_rescale": 3.704954970435857},
{"mapping": [6, 4, 7, 5, 9, 2, 1, 0, 10, 3, 8, 11], "R": [[-0.7340151562361121, 0.3556274586254403, -0.5785765818690616], [0.655819817746314, 0.5924740353751488, -0.4678406609706757], [0.17641461693087535, -0.7228441243296497, -0.6681124567430508]], "T": [-0.061444097121120846, -0.013408901201157012, 0.0007454926011033966], "aligned_model": [[-0.16989330157960558, 0.48761381774710477, -0.2042045594610819, -0.05882149916886518, 0.5060453780802437, -0.7824478338269958, -0.2901764730564971, 0.3473619204505744, 0.5364236200753004, -0.5943797994790235, 0.035034520207853935, 0.029035132253443112], [-0.352820304885742, -0.049880042323026355, 0.6480340181573957, 0.3478138975173459, 0.5832316464286401, -0.11178802071402924, -0.539930854719573, -0.6414158676263373, 0.010258421591524371, 0.3054076283773946, 0.11120543222562142, 0.046243950621575325], [-0.541030113387352, -0.679728490897216, 0.026609783008297853, -0.6578115527544853, -0.03512447531917446, -0.13428208563651034, 0.41257395983025286, 0.11176065396415971, 0.2394847082751511, 0.522671908939195, 0.5940590465148018, -0.06298649426913774]], "inverted": false, "swapped": false, "error_lsq": 0.04427339715669726, "error_max": 0.28107282739475464, "target": "67.xyz", "model": "26.xyz", "model_rescale": 3.6694154284099745, "target_rescale": 3.704954970435857},
{"mapping": [3, 11, 8, 9, 10, 7, 1, 6, 2, 5, 0, 13], "R": [[-0.34251869190734907, -0.5995481773212825, 0.7233415021722497], [-0.5065748835049593, 0.7662634101434386, 0.39524963463270335], [-0.7912413241837256, -0.2310462493659585, -0.5661755889809345]], "T": [0.0021345904811731, 0.11115452876555777, -0.022141436493536216], "aligned_model": [[-0.3484782218298652, 0.7321384372500498, -0.27049662708278893, -0.06312835809352524, 0.33024077973229005, -0.597315048225922, -0.3282687905684914, 0.1485451996583879, 0.6234577776887271, -0.55374793803204, 0.11476923264901742, 0.05387447909661221], [-0.4139378304535646, 0.10600148797423194, 0.6873244918051327, 0.2573037470428021, 0.59129934227377, 0.0019123465490066965, -0.5284789795786385, -0.5555304589847306, -0.052550387181862654, 0.1266580289878943, 0.038293088180560125, 0.09806502803618788], [-0.5263040000249664, -0.4729665679119581, -0.06750205080392428, -0.6848968129414678, -0.17608300504768276, -0.17979549130007363, 0.489081836147679, 0.050559955743106594, 0.19986722040113927, 0.5406487159574134, 0.6251127569982805, -0.0015257089495631544]], "inverted": false, "swapped": false, "error_lsq": 0.0454844517028728, "error_max": 0.269277529408455, "target": "67.xyz", "model": "27.xyz", "model_rescale": 4.103607728864725, "target_rescale": 3.704954970435857},
{"mapping": [0, 5, 10, 9, 6, 3, 2, 1, 7, 12, 13, 14], "R": [[0.15352817636989485, 0.82255310002018, 0.5475723666399964], [-0.30860939340581206, -0.486510133101584, 0.8173543495272881], [0.9387168589954222, -0.2944728986454803, 0.1791545997207369]], "T": [0.03314810656342773, 0.17521583873525615, 0.10297168398564344], "aligned_model": [[-0.15540842110966496, 0.47269996298911177, -0.21291556638345413, -0.009526645627186157, 0.4330385904420211, -0.6431196027041568, -0.36166047127884604, 0.243693569495993, 0.7133022251722145, -0.6863544967713887, 0.027178479222757193, 0.020663298795050265], [-0.3303228042544253, 0.0023460666965798294, 0.594756299709034, 0.3960948651733323, 0.5473786672869803, -0.06943876191667858, -0.40397932129689706, -0.6779822664007512, -0.056629969624589604, 0.09770604730791649, 0.2325522615566097, 0.02387882041367867], [-0.3645417995607293, -0.4556432261357209, -0.04938889742422234, -0.6841212249255149, -0.21773019128108162, -0.11228854073928143, 0.32653344209639673, -0.07191237333722228, 0.04198691827438, 0.5651424891562515, 0.7483780917018712, 0.06978216044285594]], "inverted": false, "swapped": false, "error_lsq": 0.04561512038034523, "error_max": 0.2628564546911665, "target": "67.xyz", "model": "28.xyz", "model_rescale": 4.137296879288765, "target_rescale": 3.704954970435857},
{"mapping": [5, 0, 7, 8, 10, 6, 9, 3, 4, 2, 11], "R": [[-0.9248617328310795, -0.20540498651273012, 0.32006181693603875], [0.1877901012724971, 0.4851751663088013, 0.8540140138553305], [-0.3307047822586764, 0.8499493217321445, -0.4101469218198637]], "T": [-0.0373963233181187, -0.0374464625916334, -0.05326016232753619], "aligned_model": [[0.4215122245328528, 0.08712708381385487, -0.07975816304620004, -0.5535445206756575, 0.08458161358270591, 0.5817977932907733, 0.6527545944377764, -0.34484644699651634, -0.5855257242734456, 0.11013783599507868, -0.15281727995132424], [-0.22684278163422072, -0.7581774432996918, -0.25838074413416884, 0.14683585416649725, 0.6157355461505466, -0.06789151606853014, 0.4744789415242744, -0.41416342951160845, 0.27477549089142744, 0.20529390641137996, -0.07251600784795373], [0.10972238916539581, -0.2739428262306055, -0.7192594464832903, -0.3240755280901624, -0.2779176082819639, -0.5251228811061907, 0.1262727644901856, 0.6023220219667733, 0.39684102976496793, 0.6257083030415721, 0.06520580354631675]], "inverted": false, "swapped": true, "error_lsq": 0.04842718094288753, "error_max": 0.2563224351563274, "target": "67.xyz", "model": "29.xyz", "model_rescale": 3.607286011436655, "target_rescale": 3.704954970435857},
