[{"mapping": [8, 2, 4, 0, 5, 10, 10, 9, 6, 1, 7, 11], "R": [[0.23361281790508542, -0.11459385900116881, 0.9655533640300085], [-0.9293620568634047, 0.2656218347946225, 0.2563809824128159], [-0.28585174229496624, -0.9572425441650404, -0.044446519181750396]], "T": [-0.057407830736298626, -0.021525034539345945, -0.059382721880136616], "aligned_model": [[0.05441344232813661, -0.4802427238483364, -0.7927721868542185, -0.5361680462019921, -0.13733003995198362, 0.1371542766394534, 0.1371542766394534, 0.3757392969917366, 0.59326050057374, 0.04011163232320049, 0.600756056152931, -0.09465987334917837], [-0.5533285245733554, -0.6756744113050495, 0.019628080975803024, 0.003613746244546436, 0.4009597286005638, 0.6293386643256599, 0.6293386643256599, 0.06168384055358386, -0.32874343119380095, -0.4036420140975924, 0.27668584283910247, -0.005576647367351417], [-0.3876882831627726, 0.14567700510299486, -0.3908855900098267, 0.33170306383630144, 0.65040978154506, -0.07621655204840772, -0.07621655204840772, -0.47749308204200536, 0.02665254322803086, 0.5291384143391371, 0.5525763294248099, -0.002900953530670984]], "inverted": false, "swapped": false, "error_lsq": 0.06113492097478076, "error_max": 0.5231720064448647, "target": "670.xyz", "model": "0.xyz", "model_rescale": 3.751011558992144, "target_rescale": 3.9063186119760647},
{"mapping": [10, 4, 6, 1, 0, 7, 3, 9, 5, 8, 2, 14], "R": [[-0.5037488370114042, 0.8553328905062451, 0.12100725444323479], [0.6723389673192194, 0.4761582695677861, -0.5667747483315901], [-0.542399688637248, -0.20415422782897125, -0.8149378068452666]], "T": [0.026055134911847473, 0.021822996992995856, -0.015416999201892281], "aligned_model": [[-0.0749153952947009, -0.4098336916679321, -0.6525970631198034, -0.5582520420518697, -0.10881714943061846, -0.37029038479468374, 0.3356944772078184, 0.4336817365509183, 0.5566670550075659, 0.10108886192130526, 0.6017808267800943, 0.04320938033484929], [-0.6306480123676238, -0.6180586820081501, 0.10816335478240496, 0.1067808776042595, 0.5050398398476265, 0.5502325550407696, 0.696466432891444, -0.13737312791345974, -0.30519951339154544, -0.40694375404604166, 0.14143080464453436, 0.04439276424355127], [-0.5017710699184883, 0.1462194374433936, -0.3247748534641471, 0.35478947144194933, 0.5536308618760082, -0.07347379699130101, 0.16454300083819978, -0.5080494877623244, 0.024499350202179235, 0.4855293703371743, 0.5659365954887482, -0.06232275485714921]], "inverted": false, "swapped": false, "error_lsq": 0.05022283490071738, "error_max": 0.32666068497679507, "target": "670.xyz", "model": "1.xyz", "model_rescale": 3.9405287249114394, "target_rescale": 3.9063186119760647},
{"mapping": [9, 8, 5, 2, 1, 0, 6, 11, 3, 4, 7, 12], "R": [[-0.6473384658534218, 0.09320941651476966, -0.7564819332274335], [0.11995733890711763, -0.967666902951245, -0.22188060252097153], [-0.7527038909616861, -0.23437740847983324, 0.6152268548473938]], "T": [0.036472449487461804, -0.01173679184318074, 0.0805810357934146], "aligned_model": [[-0.18698490280658947, -0.06865157135390618, -0.48266031359011835, -0.633411014113709, -0.2458147932118579, -0.18777617588586823, 0.37935074399241764, 0.12876104897206408, 0.5357747440316969, 0.05256998412024882, 0.6500908269406949, -0.04383196565213018], [-0.5797729143345195, -0.779236259920719, 0.17100813885927946, 0.09583703302601572, 0.3864610685128806, 0.7788641044399918, 0.37824641673587844, 0.07965112087208967, -0.2759915901961237, -0.37613705524140784, 0.19909221659048876, -0.023738740016084496], [-0.44647008349274786, 0.10473216107986906, -0.39395215058951827, 0.14265876866375493, 0.704262612381449, -0.0855296655183773, -0.07974134434478901, -0.6199511567944062, 0.16813843855982152, 0.679454177031907, 0.53657826079668, 0.11457610686059967]], "inverted": true, "swapped": false, "error_lsq": 0.05823752732787275, "error_max": 0.3787771425226087, "target": "670.xyz", "model": "2.xyz", "model_rescale": 3.932901565614263, "target_rescale": 3.9063186119760647},
{"mapping": [9, 12, 10, 6, 2, 1, 0, 3, 7, 5, 4, 13], "R": [[-0.9579429249494867, 0.16991718610599268, -0.2312433834838167], [0.2727322938191957, 0.2885221919256524, -0.9178082810012868], [-0.08923255262146187, -0.9422754876532863, -0.3227296963720872]], "T": [0.03072203634360115, 0.011891181241246693, -0.14245836031073628], "aligned_model": [[0.09447772712544855, -0.49746235953892304, -0.6834751273435268, -0.39704061467788043, -0.053507783112880215, -0.28323455604293324, 0.3858312575427476, 0.3162601898608596, 0.6317185643209094, -0.012478780545952979, 0.4454605411702764, -0.04913244731520206], [-0.7186682022142893, -0.49665893302727643, 0.001815064101054479, -0.009726368230792998, 0.5381943538046989, 0.682804207690778, 0.5583097944432347, 0.22961089925139475, -0.35076918939568696, -0.4784772271457054, 0.15115235999873286, -0.05330321994837281], [-0.1873040794692224, 0.07091416693497088, -0.19692232588313374, 0.3897484196419965, 0.4979400791332345, -0.15115260838169264, 0.013344301119544544, -0.5054343448562089, -0.011985465517049154, 0.38144258369565637, 0.6137325555583877, -0.08956715734224116]], "inverted": false, "swapped": false, "error_lsq": 0.0552500733190589, "error_max": 0.3398334862059066, "target": "670.xyz", "model": "3.xyz", "model_rescale": 3.9243930471874484, "target_rescale": 3.9063186119760647},
{"mapping": [2, 0, 3, 6, 11, 10, 8, 4, 1, 5, 9, 12], "R": [[0.12304574657430112, -0.8713102761356917, 0.47505594086414493], [-0.1185769264072905, -0.4881723686470982, -0.8646544113189281], [0.9852914577797645, 0.05006137423030638, -0.16338482804838506]], "T": [0.052481266545502676, 0.09542769348339349, 0.062276215930530454], "aligned_model": [[-0.01812126013035869, -0.16719430614692177, -0.5064265478484002, -0.604183889211107, -0.07302973100762306, -0.1997895021876792, 0.5076181173679436, 0.09218850151326949, 0.47417360859073265, -0.19314641165802127, 0.5598969923593705, 0.025431039801738067], [-0.5456211045580937, -0.723269105656976, -0.06905833045378758, 0.08485960279094208, 0.51690445739491, 0.7345483217443969, 0.47464391106903386, 0.13149627625320706, -0.45381615041194995, -0.4260091677180184, 0.3365622810237929, -0.006957452149687196], [-0.5974860231148147, -0.007009765336685153, -0.2746507395115086, 0.3626022111606709, 0.7201047713789948, -0.0958756139448852, -0.15075400788688664, -0.5289002909337631, 0.23739637064140662, 0.5535945885318904, 0.48897374775533736, 0.11676087589448639]], "inverted": true, "swapped": false, "error_lsq": 0.048591695078858715, "error_max": 0.2901573913455191, "target": "670.xyz", "model": "4.xyz", "model_rescale": 3.8936222436046832, "target_rescale": 3.9063186119760647},
{"mapping": [5, 4, 7, 10, 3, 8, 9, 6, 1, 2, 0, 11], "R": [[0.20303889679474085, 0.9710219989197796, 0.1260614294786888], [-0.9624112059224633, 0.22162065922443974, -0.1569998538846294], [-0.18038812905300838, -0.08944585523522378, 0.9795200671134792]], "T": [-0.05579213468674386, 0.08138174334524259, 0.05473917753898927], "aligned_model": [[0.003610081020679251, -0.33186825805370535, -0.48790910102358276, -0.6331478974106096, -0.04316877195749555, -0.3399473639953939, 0.3696896684242595, 0.2300091806363524, 0.6236180933017665, -0.05238599691093761, 0.5898340090647864, -0.03091703165317664], [-0.5525263586932859, -0.6561983052812018, 0.088809016813677, 0.010500402435625056, 0.39583105067187796, 0.7633364105055538, 0.515123795699746, 0.03043960593651099, -0.3442508840381957, -0.31403997211417833, 0.1928546152808084, -0.07559583788916746], [-0.4470603361971468, 0.15663247899562613, -0.4279276748558355, 0.3019305168805254, 0.535617869265285, 0.047224929363577334, -0.0587024861563671, -0.6871038886842743, 0.07337719707754828, 0.6878177904242323, 0.6492633488760228, -0.006313620354950811]], "inverted": true, "swapped": false, "error_lsq": 0.03316939389247163, "error_max": 0.16843019004082374, "target": "670.xyz", "model": "5.xyz", "model_rescale": 3.6523030999806103, "target_rescale": 3.9063186119760647},
{"mapping": [8, 9, 10, 4, 3, 2, 1, 6, 5, 7, 0, 12], "R": [[0.5191971903852358, 0.5980047636831618, -0.6105936292726309], [-0.40000184146795, -0.4613276573437384, -0.791944012788775], [-0.7552700207994002, 0.6554136824799924, -0.00031701686000082385]], "T": [-0.0662653643919684, -0.05218694139630414, 0.0332035204642534], "aligned_model": [[0.24438820819031581, -0.39278761050466593, -0.7286831064855378, -0.5096728577828978, 0.02047192645862797, -0.2109773652688448, 0.41216416172632775, -0.058738762486414436, 0.5408969399826942, -0.04754881222432383, 0.6371945495713542, -0.00929065973369253], [-0.48299161329407736, -0.6886554212170783, -0.0625138206927609, 0.27272687970499343, 0.2720322582081614, 0.6834309713052895, 0.43828826983847136, 0.0788484295677433, -0.32176630973781367, -0.36982156677324773, 0.29345778398473976, -0.05875232156665095], [-0.38104857087555666, -0.07145770525374254, -0.3788269786382365, 0.1973753986561177, 0.6414791618734081, -0.08569289463678918, -0.08043679674696969, -0.6035048459737724, 0.18348469126680855, 0.6378323281915965, 0.6438078143909127, 0.1217445223804664]], "inverted": true, "swapped": false, "error_lsq": 0.05063794277222008, "error_max": 0.33828582308502875, "target": "670.xyz", "model": "6.xyz", "model_rescale": 4.08911054899281, "target_rescale": 3.9063186119760647},
{"mapping": [13, 11, 10, 8, 3, 4, 6, 7, 1, 9, 0, 14], "R": [[-0.7471151183658968, 0.4475785908965742, 0.4914187673259428], [0.3773884144513509, -0.32297060836657465, 0.8679101167570407], [0.5471718053290094, 0.8338845190446706, 0.07238524953767123]], "T": [-0.043914149540922424, -0.00993480844402184, -0.0825240270456412], "aligned_model": [[0.24672376254595363, -0.3021203792853897, -0.7434803648228504, -0.5510457024610681, 0.06991418247986739, -0.3431984990461481, 0.29718260037734645, 0.34512227497934705, 0.4111230796507652, -0.11340747023114064, 0.636446759376245, -0.05584363211998452], [-0.5179182649676981, -0.5355525705946731, -0.12526945102587045, 0.14050660893789957, 0.49709416604269496, 0.6241516031063705, 0.35015735510807866, 0.2737910696127043, -0.4852010237568172, -0.2805358360328285, 0.2227653995471418, -0.10970551664923223], [-0.5222704702463371, -0.04269220572090785, -0.2112871007842707, 0.347980260103632, 0.5144819747048324, -0.010324369632083316, -0.026581132974663496, -0.6886917027384938, 0.24152720885263174, 0.6499396718194416, 0.5237892829865267, 0.048884708263934526]], "inverted": true, "swapped": false, "error_lsq": 0.049657427758353835, "error_max": 0.2450797187649019, "target": "670.xyz", "model": "7.xyz", "model_rescale": 3.964800864290218, "target_rescale": 3.9063186119760647},
{"mapping": [5, 8, 1, 7, 4, 2, 6, 3, 10, 9, 11, 13], "R": [[0.8113618451010236, -0.46325204494277095, -0.3564961418733784], [-0.05439903323854092, -0.6670631538341006, 0.7430124453733029], [-0.5820074754648561, -0.5834589031399249, -0.5664300546844077]], "T": [-0.03796549174165493, 0.10084038244044409, 0.03428318859809697], "aligned_model": [[0.08100874332915622, -0.3247992177639894, -0.6726680070079101, -0.7106546804243825, 0.08930522842310018, -0.42225519750052004, 0.4203220914026541, 0.36234495861394794, 0.5091180568229563, 0.08605698980789792, 0.5217607460935076, -0.04212310035347547], [-0.5969795623441859, -0.6031600060268915, 0.0014740680810664403, 0.02208575886358187, 0.6589912169334255, 0.6399404539722758, 0.45623154057532256, 0.18166183076262177, -0.5122053423565961, -0.37963644664919644, 0.16237355190907177, 0.023506475607274716], [-0.41064734420277965, 0.149032689953291, -0.3535298383333323, 0.2536917792602529, 0.4433836710683275, 0.05164010872324802, 0.02103784851803392, -0.5650348676371604, 0.03720606479389903, 0.5113755984799453, 0.6426034432565462, 0.04399697075397143]], "inverted": true, "swapped": false, "error_lsq": 0.04276940128278315, "error_max": 0.29589537605086674, "target": "670.xyz", "model": "8.xyz", "model_rescale": 4.121658175737393, "target_rescale": 3.9063186119760647},
{"mapping": [11, 10, 3, 0, 4, 1, 6, 8, 7, 5, 9, 12], "R": [[-0.4174209325858399, 0.6315712063127255, -0.6533586889265777], [0.010833190293267458, 0.7224007450810302, 0.6913897638050785], [0.9086486708443686, 0.2815226009809181, -0.30838712377416344]], "T": [-0.0010396923969902654, -0.01237423703188642, 0.0002833178679741144], "aligned_model": [[0.05815647216883969, -0.4414026081774941, -0.5893645091877325, -0.6780745384002921, -0.0842692013655322, -0.269054907185053, 0.4543496008763588, 0.3670428232166338, 0.550093695653235, -0.07064045070666368, 0.6331239126809066, -0.03254367813026335], [-0.5012794172462338, -0.6190886313714573, -0.27094912894244516, 0.1605990683796576, 0.48146255510775016, 0.6159147929338364, 0.5034675204569308, 0.13970820198301084, -0.4013240580311035, -0.31195423716119763, 0.18964570772410802, 0.06808116549491351], [-0.4003407121324437, 0.1205288030298937, -0.45764345214182156, 0.36157031740514034, 0.7333085488694816, 0.09167508544235842, -0.08163080116422355, -0.6095851361203641, 0.013734549564809795, 0.5361242123889288, 0.500497552921653, 0.01651715657083006]], "inverted": true, "swapped": false, "error_lsq": 0.04115056484553611, "error_max": 0.28569762336398424, "target": "670.xyz", "model": "9.xyz", "model_rescale": 3.833441315466971, "target_rescale": 3.9063186119760647},
{"mapping": [0, 12, 10, 11, 7, 8, 2, 13, 4, 6, 3, 14], "R": [[-0.9930815652083422, -0.06377521267641634, -0.09859881891497062], [-0.11705111363232043, 0.604718878745691, 0.7877906539722264], [0.009383050718338618, 0.7938814772600709, -0.6080001302817171]], "T": [-0.007278985827105573, -0.0845783124113401, 0.06727850336257049], "aligned_model": [[-0.07881668413321988, -0.419152407123413, -0.6609372397276003, -0.5953796800016403, -0.1326827400496715, -0.35930484410497004, 0.47754003287453956, 0.28663899389535524, 0.647518761996481, 0.12342018651640319, 0.575182511367793, 0.03338971993288624], [-0.3851905036831648, -0.5071109264511178, 0.07977684596050856, 0.12547422504806488, 0.27012345512515334, 0.5852806127945949, 0.3875382349542672, 0.08812131356175575, -0.33185357484335015, -0.6077305915653057, 0.3551325657062334, -0.005278117279869737], [-0.5396297515520267, 0.1891248500995959, -0.4033300521739722, 0.34178275845138717, 0.6171644290918892, -0.11960696370863533, -0.17501623396448515, -0.6534666678312953, 0.449387694726215, 0.480145294482477, 0.538144511583786, 0.10005625542930711]], "inverted": false, "swapped": false, "error_lsq": 0.05173149365551726, "error_max": 0.3235988319619025, "target": "670.xyz", "model": "10.xyz", "model_rescale": 4.2482417240324, "target_rescale": 3.9063186119760647},
{"mapping": [6, 0, 4, 10, 8, 9, 7, 5, 2, 1, 3, 11], "R": [[-0.8863984555859258, 0.1480388569298633, -0.4386140385051366], [-0.45057946022050244, -0.4932449515939986, 0.744101853078216], [-0.10618817242182219, 0.8572012100819351, 0.503914831565593]], "T": [0.02466479053764875, -0.045191395033099546, 0.0991453949751938], "aligned_model": [[0.04663681852115992, -0.550996768578212, -0.4911453076553081, -0.5477789323521607, -0.049328446551388155, -0.34531084903430126, 0.3512910818224049, 0.14586738153362389, 0.6903320626977725, 0.07950494116939386, 0.6111781954068862, -0.04283356553692788], [-0.5119175280178554, -0.49597798867988657, -0.0779905576855762, 0.19403540616311393, 0.2285647151256719, 0.6614554777850159, 0.5402281734948003, 0.1486384602953091, -0.3653982922956897, -0.5102458079824452, 0.22138363617684959, 0.021507844948462335], [-0.3504834351929397, 0.2972481266031935, -0.607044195548282, 0.2725843878458139, 0.6436088207171241, -0.10840971914780424, 0.0034613246106597745, -0.6163447093873757, 0.05318985009710188, 0.6281666654674385, 0.5921072647946091, 0.01667174377470379]], "inverted": true, "swapped": false, "error_lsq": 0.04876260900846527, "error_max": 0.2776435941230277, "target": "670.xyz", "model": "11.xyz", "model_rescale": 3.6694154284099745, "target_rescale": 3.9063186119760647},
{"mapping": [12, 5, 0, 6, 11, 4, 8, 2, 10, 7, 9, 13], "R": [[0.15131552090129374, -0.841938201822494, -0.5179224627743765], [-0.9661441456606485, -0.23673660424486642, 0.10257324220411873], [-0.208971536195783, 0.48486683174095835, -0.8492555872865717]], "T": [-0.032478285256962496, 0.016034042793223374, 0.007707099615275881], "aligned_model": [[0.048352402784918876, -0.4944390573495746, -0.669430762048336, -0.4825483149674904, -0.04034146051866507, -0.41656155351151614, 0.5179639644980234, 0.4044289287549988, 0.5054439648751926, 0.11942339991220494, 0.5283638213402091, -0.12323872232702246], [-0.5168160052758994, -0.6169240378443387, -0.03845734425117327, 0.04112424010225804, 0.5366250426473221, 0.626608688470533, 0.5347900436341803, 0.1299572705074808, -0.3213344621249066, -0.4755305980514274, 0.11947000316005217, 0.03477069835368901], [-0.4061838599500404, 0.182427177682717, -0.311761358096547, 0.3492657092403711, 0.531111178939069, -0.15769330804208265, 0.030143511700468723, -0.463935941172764, 0.02644027901726531, 0.5438557733836447, 0.5729003413129516, -0.07181337938081073]], "inverted": true, "swapped": false, "error_lsq": 0.03952478709368728, "error_max": 0.2130901327836072, "target": "670.xyz", "model": "12.xyz", "model_rescale": 3.9764082729961374, "target_rescale": 3.9063186119760647},
{"mapping": [13, 10, 11, 8, 7, 3, 4, 6, 9, 1, 0, 15], "R": [[-0.7165502500325618, -0.03364503783164774, 0.6967235826406195], [0.2848367576915549, -0.9258775280656146, 0.24823139304058445], [0.6367289538304628, 0.37632275303576007, 0.6730211177233227]], "T": [0.09116894989223985, -0.06956904834688439, 0.025218557064427438], "aligned_model": [[-0.01274162157982782, -0.4997804425256634, -0.6484165345931843, -0.5379292134222393, 0.09930042369066429, -0.48721496605595943, 0.5328894458081913, 0.3710746883902864, 0.5337595273446596, -0.06255618862975669, 0.5240678538531224, 0.08496363916265014], [-0.3567328387981964, -0.6007442583840756, -0.1142427306180168, 0.013533190489947597, 0.560958546826985, 0.5394601472235028, 0.4955545287359303, 0.13929828844282294, -0.3373347597721312, -0.49186832402706093, 0.1716266229218107, 0.03477512628625137], [-0.5050833350469266, 0.1467858668196485, -0.2603725352339997, 0.3366384592274136, 0.4416348509112372, -0.02954394862080223, -0.011957616650973057, -0.6542562540047318, 0.3316728457485427, 0.4739439539469603, 0.5558136198128206, -0.0005197822749473703]], "inverted": true, "swapped": false, "error_lsq": 0.0448546400444731, "error_max": 0.24613271957692498, "target": "670.xyz", "model": "13.xyz", "model_rescale": 4.170626492500431, "target_rescale": 3.9063186119760647},
{"mapping": [3, 2, 6, 4, 8, 12, 10, 11, 1, 0, 7, 13], "R": [[-0.17132788046477662, 0.821520236290116, -0.5438301745409864], [-0.4695225001277095, -0.5533599702551273, -0.6879980851667175], [-0.8661381987011498, 0.13746724949993394, 0.48052822608630463]], "T": [-0.011789103450455196, -0.015841404952358012, 0.04404149994558712], "aligned_model": [[0.07981737045497003, -0.41030361393449605, -0.5557205354533383, -0.603471241863407, -0.04409249098710976, -0.2352123586854901, 0.3298398387345685, 0.08967755224569612, 0.6337686821583548, 0.11871670105164417, 0.5358901524928015, -0.041493444771250707], [-0.5280678042822127, -0.5173295520337707, -0.17204937595277892, 0.17005116953296354, 0.4794570914723612, 0.6799003577721361, 0.4331754480124966, 0.15965360414639282, -0.4228274931036931, -0.3690191370239755, 0.12904286985061622, 0.012296360937234557], [-0.4084029432715557, 0.1944675299632039, -0.5782341094955284, 0.38816259553159793, 0.5964835180778004, 0.002429364607837825, 0.04539670838309273, -0.633133271213538, 0.13586709216513004, 0.5067424088358671, 0.6241154455879208, -0.049138214537585476]], "inverted": true, "swapped": false, "error_lsq": 0.04514419826283889, "error_max": 0.27149406313563085, "target": "670.xyz", "model": "14.xyz", "model_rescale": 3.9786697098870705, "target_rescale": 3.9063186119760647},
{"mapping": [6, 1, 10, 4, 2, 5, 8, 7, 9, 0, 3, 11], "R": [[-0.49202740021572466, 0.7160458792078015, -0.4951639489163986], [-0.8000783624399408, -0.5961366597346712, -0.06704995805973286], [-0.34319622869777877, 0.3631795448396229, 0.8662083853309817]], "T": [-0.013460596022900184, -0.02653223201605843, 0.030805020856703356], "aligned_model": [[0.23172808904618653, -0.3855825677833501, -0.715946710766691, -0.5457649121634063, -0.04255534180469918, -0.18314595839560457, 0.2679624378669181, 0.005009115847273916, 0.5612688633774442, -0.018957998011773013, 0.6839959191648601, 0.039405675065784254], [-0.6284650653475526, -0.5921730090140311, -0.10690405415573576, 0.18753983709769753, 0.49821415442888656, 0.7472003848126336, 0.4118791770884789, 0.11325331113698205, -0.2590103258718586, -0.3207467150093561, 0.10914426447882321, -0.10564842031719732], [-0.4218704298533257, -0.016606380963815316, -0.40780028838499793, 0.24467412646733377, 0.7219216115618449, -0.10036015433021953, 0.05952153849409952, -0.6149463841433467, 0.08607031216857663, 0.6610535453667593, 0.6141535702023561, -0.001054941951022452]], "inverted": true, "swapped": false, "error_lsq": 0.05020646333211215, "error_max": 0.2714423631377351, "target": "670.xyz", "model": "15.xyz", "model_rescale": 3.769337070930944, "target_rescale": 3.9063186119760647},
{"mapping": [2, 5, 0, 7, 1, 3, 9, 4, 8, 6, 11], "R": [[-0.1487279475929037, -0.47990690005544795, 0.8646209371071075], [0.48629978266600943, -0.7968098960126577, -0.3586174995664454], [0.8610415315092498, 0.36712852912225136, 0.3518865216525603]], "T": [-0.04284339035586153, 0.07817521023680336, 0.03335414277473841], "aligned_model": [[-0.2807058040159274, -0.35868689376773294, -0.19636178068821525, -0.6889578336634182, 0.4234389557396399, 0.2785320392858087, 0.6323549843762847, 0.287437023080283, 0.16951831335936324, -0.3781797074702255, 0.03423683445531048], [-0.08899271658668996, -0.6031982538249542, 0.7048476359616208, 0.34414547483613567, 0.35291267727591863, -0.3559221880228902, 0.16461557523898313, -0.5212546717658139, 0.5948115860818336, -0.07185960300040144, 0.07595898143159996], [-0.6339216124040771, -0.0841084368499698, -0.30474511376301056, 0.09178117778134068, -0.5350873354095071, -0.29675138913319943, 0.06564743441224835, 0.41112528881053895, 0.43270080910885883, 0.5949824181771337, 0.0025943664934205447]], "inverted": false, "swapped": true, "error_lsq": 0.04415538310729781, "error_max": 0.24993735111108034, "target": "670.xyz", "model": "16.xyz", "model_rescale": 3.7852294659196426, "target_rescale": 3.9063186119760647},
{"mapping": [5, 7, 1, 2, 8, 3, 0, 4, 10, 11, 9, 12], "R": [[0.05547587125584463, -0.7031939314703106, 0.7088305315459636], [-0.32101446192248684, 0.6596698040267636, 0.6795479857169087], [-0.9454481175321158, -0.26524336824625766, -0.18913966441854282]], "T": [-0.03473090535299492, -0.009194382967018421, 0.05977679717639721], "aligned_model": [[-0.06574156703126345, -0.39098359235564095, -0.5367170228978914, -0.6109195889198471, 0.003410516055867868, -0.39295931509266446, 0.3620300404300145, 0.2875116797473998, 0.6809604271297836, -0.09086689150117436, 0.6159682197330991, 0.03572370614525992], [-0.3955481472829077, -0.6092909788947588, 0.009613246905662443, -0.0030706730559306276, 0.3539962778107585, 0.6801246588148544, 0.5231119170146186, 0.042291685447380836, -0.37897908335627034, -0.33240178862664166, 0.19934561025457537, -0.034909185703571335], [-0.47123932143169284, 0.12607237572998226, -0.41129683305336134, 0.26485269077847773, 0.5990760528306052, -0.11053772438551805, -0.0982672177053845, -0.5689485690978109, 0.07710501826791058, 0.7157629238736168, 0.5892704282534583, 0.1129063005739592]], "inverted": true, "swapped": false, "error_lsq": 0.03313077538661518, "error_max": 0.18510534257003297, "target": "670.xyz", "model": "17.xyz", "model_rescale": 3.901054581598922, "target_rescale": 3.9063186119760647},
{"mapping": [10, 4, 6, 1, 0, 7, 3, 9, 5, 8, 2, 14], "R": [[-0.5037488370114042, 0.8553328905062451, 0.12100725444323479], [0.6723389673192194, 0.4761582695677861, -0.5667747483315901], [-0.542399688637248, -0.20415422782897125, -0.8149378068452666]], "T": [0.026055134911847473, 0.021822996992995856, -0.015416999201892281], "aligned_model": [[-0.0749153952947009, -0.4098336916679321, -0.6525970631198034, -0.5582520420518697, -0.10881714943061846, -0.37029038479468374, 0.3356944772078184, 0.4336817365509183, 0.5566670550075659, 0.10108886192130526, 0.6017808267800943, 0.04320938033484929], [-0.6306480123676238, -0.6180586820081501, 0.10816335478240496, 0.1067808776042595, 0.5050398398476265, 0.5502325550407696, 0.696466432891444, -0.13737312791345974, -0.30519951339154544, -0.40694375404604166, 0.14143080464453436, 0.04439276424355127], [-0.5017710699184883, 0.1462194374433936, -0.3247748534641471, 0.35478947144194933, 0.5536308618760082, -0.07347379699130101, 0.16454300083819978, -0.5080494877623244, 0.024499350202179235, 0.4855293703371743, 0.5659365954887482, -0.06232275485714921]], "inverted": false, "swapped": false, "error_lsq": 0.05022283490071738, "error_max": 0.32666068497679507, "target": "670.xyz", "model": "18.xyz", "model_rescale": 3.9405287249114394, "target_rescale": 3.9063186119760647},
{"mapping": [8, 5, 9, 11, 14, 13, 12, 4, 1, 2, 3, 15], "R": [[0.46288866913279614, 0.8860497054267951, 0.025495087792723248], [0.2805814602672044, -0.11917659534702216, -0.9524027421610122], [-0.8408377513782265, 0.4480098867598593, -0.30377461582993726]], "T": [0.05307213679936115, 0.03447728223020471, -0.01714290895490446], "aligned_model": [[-0.06940343562408872, -0.4362648840833373, -0.6716906616409222, -0.5681699684099549, -0.04768897831372025, -0.33599469830609174, 0.4354843268475568, 0.3684901974091873, 0.6067013054027164, -0.013934804270100007, 0.5839353405203991, 0.04595287191129877], [-0.5687804591226474, -0.6328198132447863, -0.055176145409599954, 0.13617437326233703, 0.6098237733569916, 0.579167343861242, 0.4266709675119321, 0.2131470868997013, -0.2671392235303262, -0.6101092569038481, 0.21033892146998573, 0.012985971176788388], [-0.45686098590121405, 0.06364390384987041, -0.2531323067378951, 0.33346962688846116, 0.491347577588795, -0.0743231498897768, -0.007972721548266976, -0.6521654097819054, 0.1778997815100396, 0.5619456390485461, 0.6252631446069358, 0.015641025000652918]], "inverted": true, "swapped": false, "error_lsq": 0.03718821185850878, "error_max": 0.22967070540975099, "target": "670.xyz", "model": "19.xyz", "model_rescale": 4.410303926677745, "target_rescale": 3.9063186119760647},
{"mapping": [5, 8, 1, 7, 4, 2, 6, 3, 10, 9, 11, 13], "R": [[0.8113618451010236, -0.46325204494277095, -0.3564961418733784], [-0.05439903323854092, -0.6670631538341006, 0.7430124453733029], [-0.5820074754648561, -0.5834589031399249, -0.5664300546844077]], "T": [-0.03796549174165493, 0.10084038244044409, 0.03428318859809697], "aligned_model": [[0.08100874332915622, -0.3247992177639894, -0.6726680070079101, -0.7106546804243825, 0.08930522842310018, -0.42225519750052004, 0.4203220914026541, 0.36234495861394794, 0.5091180568229563, 0.08605698980789792, 0.5217607460935076, -0.04212310035347547], [-0.5969795623441859, -0.6031600060268915, 0.0014740680810664403, 0.02208575886358187, 0.6589912169334255, 0.6399404539722758, 0.45623154057532256, 0.18166183076262177, -0.5122053423565961, -0.37963644664919644, 0.16237355190907177, 0.023506475607274716], [-0.41064734420277965, 0.149032689953291, -0.3535298383333323, 0.2536917792602529, 0.4433836710683275, 0.05164010872324802, 0.02103784851803392, -0.5650348676371604, 0.03720606479389903, 0.5113755984799453, 0.6426034432565462, 0.04399697075397143]], "inverted": true, "swapped": false, "error_lsq": 0.04276940128278315, "error_max": 0.29589537605086674, "target": "670.xyz", "model": "20.xyz", "model_rescale": 4.121658175737393, "target_rescale": 3.9063186119760647},
{"mapping": [8, 9, 10, 4, 3, 2, 1, 6, 5, 7, 0, 12], "R": [[0.5191971903852358, 0.5980047636831618, -0.6105936292726309], [-0.40000184146795, -0.4613276573437384, -0.791944012788775], [-0.7552700207994002, 0.6554136824799924, -0.00031701686000082385]], "T": [-0.0662653643919684, -0.05218694139630414, 0.0332035204642534], "aligned_model": [[0.24438820819031581, -0.39278761050466593, -0.7286831064855378, -0.5096728577828978, 0.02047192645862797, -0.2109773652688448, 0.41216416172632775, -0.058738762486414436, 0.5408969399826942, -0.04754881222432383, 0.6371945495713542, -0.00929065973369253], [-0.48299161329407736, -0.6886554212170783, -0.0625138206927609, 0.27272687970499343, 0.2720322582081614, 0.6834309713052895, 0.43828826983847136, 0.0788484295677433, -0.32176630973781367, -0.36982156677324773, 0.29345778398473976, -0.05875232156665095], [-0.38104857087555666, -0.07145770525374254, -0.3788269786382365, 0.1973753986561177, 0.6414791618734081, -0.08569289463678918, -0.08043679674696969, -0.6035048459737724, 0.18348469126680855, 0.6378323281915965, 0.6438078143909127, 0.1217445223804664]], "inverted": true, "swapped": false, "error_lsq": 0.05063794277222008, "error_max": 0.33828582308502875, "target": "670.xyz", "model": "21.xyz", "model_rescale": 4.08911054899281, "target_rescale": 3.9063186119760647},
{"mapping": [5, 11, 8, 1, 4, 0, 13, 10, 14, 15, 3, 16], "R": [[-0.9609253341918078, -0.1725702100151905, -0.21643018440983602], [-0.2747113371009342, 0.6905776914673599, 0.669056151093336], [0.03400269660746752, 0.7023688309306765, -0.7110005920957418]], "T": [0.023993603840876385, 0.008820451642272183, 0.006660897464920726], "aligned_model": [[-0.04384888537754707, -0.4355830020631904, -0.5916338371108762, -0.692594912815238, 0.05898268851229074, -0.3264339170018032, 0.4712816372400716, 0.293985348900122, 0.5434920836851715, -0.032382053354008136, 0.6238601896986099, 0.028291271129339865], [-0.44974720547277636, -0.6027345235475501, -0.14784128189961834, -0.009269613615600681, 0.5285800401189412, 0.6995319875858642, 0.48864103248094504, -0.01528745207711835, -0.23940872495164725, -0.5011343181238745, 0.24730450827759248, 0.05564909055261248], [-0.5251681676047041, 0.032792982814571534, -0.27122752124107574, 0.34750107790378126, 0.47025330465919224, 0.020715253720961294, 0.08688303536810273, -0.7533777040501974, 0.2900796535027572, 0.5246135361904846, 0.5876637005533616, 0.01402697281700746]], "inverted": true, "swapped": false, "error_lsq": 0.04284545179043247, "error_max": 0.19884061274056625, "target": "670.xyz", "model": "22.xyz", "model_rescale": 4.204369325754507, "target_rescale": 3.9063186119760647},
{"mapping": [8, 5, 9, 11, 14, 13, 12, 4, 1, 2, 3, 15], "R": [[0.46288866913279614, 0.8860497054267951, 0.025495087792723248], [0.2805814602672044, -0.11917659534702216, -0.9524027421610122], [-0.8408377513782265, 0.4480098867598593, -0.30377461582993726]], "T": [0.05307213679936115, 0.03447728223020471, -0.01714290895490446], "aligned_model": [[-0.06940343562408872, -0.4362648840833373, -0.6716906616409222, -0.5681699684099549, -0.04768897831372025, -0.33599469830609174, 0.4354843268475568, 0.3684901974091873, 0.6067013054027164, -0.013934804270100007, 0.5839353405203991, 0.04595287191129877], [-0.5687804591226474, -0.6328198132447863, -0.055176145409599954, 0.13617437326233703, 0.6098237733569916, 0.579167343861242, 0.4266709675119321, 0.2131470868997013, -0.2671392235303262, -0.6101092569038481, 0.21033892146998573, 0.012985971176788388], [-0.45686098590121405, 0.06364390384987041, -0.2531323067378951, 0.33346962688846116, 0.491347577588795, -0.0743231498897768, -0.007972721548266976, -0.6521654097819054, 0.1778997815100396, 0.5619456390485461, 0.6252631446069358, 0.015641025000652918]], "inverted": true, "swapped": false, "error_lsq": 0.03718821185850878, "error_max": 0.22967070540975099, "target": "670.xyz", "model": "23.xyz", "model_rescale": 4.410303926677745, "target_rescale": 3.9063186119760647},
{"mapping": [15, 9, 8, 10, 1, 3, 0, 5, 13, 11, 7, 16], "R": [[0.3686760900823279, -0.878890036717915, 0.302704879312491], [0.2598935883531869, 0.41011626714119315, 0.8742196349654237], [-0.8924871222233473, -0.2436328195957105, 0.37961794725925757]], "T": [0.07874883886217683, -0.07484686863470007, 0.02205805224688881], "aligned_model": [[-0.04285359689128933, -0.36804006036270326, -0.6523511975300045, -0.5396964429689857, -0.061214086471066034, -0.2746775369291606, 0.43860334005469814, 0.2188984629162145, 0.7070437208079243, -0.06467921446280385, 0.4930135371257, 0.04336968615441949], [-0.6020047606607233, -0.5131863386401051, -0.15072582646125082, 0.015524779141429607, 0.46002352529965546, 0.7524007866054242, 0.587485579862647, 0.04022170036571823, -0.3660531826714241, -0.33688164009979865, 0.12925752706795796, 0.03822138951823939], [-0.4433789416934868, 0.04771291909871306, -0.3459661151673743, 0.2041084434428877, 0.6783044928429549, 0.023506647697208505, -0.024912967809723602, -0.5802038017117033, 0.1430169205247512, 0.5801688465103603, 0.5002390348358903, 0.0421606460637647]], "inverted": true, "swapped": false, "error_lsq": 0.03904163961830125, "error_max": 0.21339044535490734, "target": "670.xyz", "model": "24.xyz", "model_rescale": 4.28219845311461, "target_rescale": 3.9063186119760647},
{"mapping": [6, 10, 14, 11, 9, 13, 4, 0, 1, 5, 3, 15], "R": [[-0.06598600139068106, -0.3967129193892377, -0.915567969737986], [0.9972990437230439, -0.05588289765667248, -0.0476625548895222], [-0.03225623985482318, -0.9162401220963654, 0.3993289041019521]], "T": [-0.05710257020528505, 0.1237629031158908, 0.08037296051891885], "aligned_model": [[-0.05735159836348446, -0.4973813176900683, -0.6915846769348188, -0.4895500950442329, -0.14203948961473073, -0.31270724072684797, 0.5163296587521942, 0.4477111285283312, 0.48220531675708284, 0.06445159318871549, 0.5878274316118782, -0.010494099021075745], [-0.5013916441461763, -0.5301547375869667, -0.03973127230323875, -0.07966100858106256, 0.3514589497915547, 0.6406876126858393, 0.5028537035740501, -0.044134619006708925, -0.19601929335382942, -0.43449750777341656, 0.2705263447720508, 0.11434701125567422], [-0.5687640550514138, -0.010462949333503418, -0.3080169669234655, 0.3413038357697642, 0.7110978719726976, -0.062355992327349674, -0.16885427881611315, -0.5381152961778298, 0.2098478566488578, 0.7119191424481807, 0.4835740639514088, 0.02358289247300903]], "inverted": false, "swapped": false, "error_lsq": 0.04821521493724018, "error_max": 0.25587565586662037, "target": "670.xyz", "model": "25.xyz", "model_rescale": 4.100010024507729, "target_rescale": 3.9063186119760647},
{"mapping": [6, 0, 4, 10, 8, 9, 7, 5, 2, 1, 3, 11], "R": [[-0.8863984555859258, 0.1480388569298633, -0.4386140385051366], [-0.45057946022050244, -0.4932449515939986, 0.744101853078216], [-0.10618817242182219, 0.8572012100819351, 0.503914831565593]], "T": [0.02466479053764875, -0.045191395033099546, 0.0991453949751938], "aligned_model": [[0.04663681852115992, -0.550996768578212, -0.4911453076553081, -0.5477789323521607, -0.049328446551388155, -0.34531084903430126, 0.3512910818224049, 0.14586738153362389, 0.6903320626977725, 0.07950494116939386, 0.6111781954068862, -0.04283356553692788], [-0.5119175280178554, -0.49597798867988657, -0.0779905576855762, 0.19403540616311393, 0.2285647151256719, 0.6614554777850159, 0.5402281734948003, 0.1486384602953091, -0.3653982922956897, -0.5102458079824452, 0.22138363617684959, 0.021507844948462335], [-0.3504834351929397, 0.2972481266031935, -0.607044195548282, 0.2725843878458139, 0.6436088207171241, -0.10840971914780424, 0.0034613246106597745, -0.6163447093873757, 0.05318985009710188, 0.6281666654674385, 0.5921072647946091, 0.01667174377470379]], "inverted": true, "swapped": false, "error_lsq": 0.04876260900846527, "error_max": 0.2776435941230277, "target": "670.xyz", "model": "26.xyz", "model_rescale": 3.6694154284099745, "target_rescale": 3.9063186119760647},
{"mapping": [0, 2, 4, 10, 9, 8, 7, 5, 6, 12, 3, 13], "R": [[0.6330799004460512, -0.24591702973233093, -0.7339854590786156], [0.29168449836680493, 0.9540889629401597, -0.06807645854681553], [0.7170285859460023, -0.17099434284033727, 0.6757447311321619]], "T": [-0.018491325998317425, 0.020810593828414024, 0.062043918731511785], "aligned_model": [[-0.04634451855104623, -0.26698159442822855, -0.6817731123290478, -0.5948230341026933, -0.07720923184894757, -0.3140318083748671, 0.4331834514841669, 0.2867677310631403, 0.4243861796218497, 0.1478655584340971, 0.626055599130275, -0.03967860865575554], [-0.368073886197498, -0.6099788694701155, -0.05073436640615786, 0.11487977084994008, 0.42270758961228655, 0.5567347642587348, 0.4573948775048986, 0.1980671318423531, -0.48573402729686804, -0.33824047339359925, 0.18955488415755686, -0.03229385613376136], [-0.47174106044337866, 0.11191260319848649, -0.41802811823364544, 0.2065550673001325, 0.6096702035122621, -0.12179921890288074, 0.02315197417633698, -0.6460348392710233, 0.19792067770483612, 0.7498960332780348, 0.519117048681341, 0.06413575363374087]], "inverted": false, "swapped": false, "error_lsq": 0.041202315672082275, "error_max": 0.2611035540190187, "target": "670.xyz", "model": "27.xyz", "model_rescale": 4.103607728864725, "target_rescale": 3.9063186119760647},
{"mapping": [13, 11, 8, 7, 5, 1, 0, 2, 10, 6, 9, 14], "R": [[0.5861068566764114, 0.7323871869235771, 0.34653681043587004], [0.2426458107909983, -0.5667307770267012, 0.7873622018336229], [0.7730470639375561, -0.3773926798453847, -0.5098754770889098]], "T": [0.12655875023419666, -0.12818609914902648, -0.010140690641187791], "aligned_model": [[-0.10958523451213265, -0.2732055217608957, -0.6614966497974986, -0.5081396783510597, -0.08354980507855184, -0.20648582508187885, 0.3499336447494724, 0.23909395644946901, 0.5105960391007726, -0.0045089402114579236, 0.5324609273576228, 0.11230369857908196], [-0.5223456962753193, -0.6530783725077824, -0.11480609915969256, 0.09874033041011362, 0.3160681946765971, 0.685467932377757, 0.5495631685631788, 0.24199262706084998, -0.4002721333043898, -0.27151969804315246, 0.10706357062079272, 0.017409714908817042], [-0.46702882072892066, 0.1815305426302618, -0.2361266169458806, 0.24626435198147706, 0.5317383805396017, -0.18308362894054642, 0.011103781522314934, -0.6359395754722499, 0.1854605033310599, 0.5928054120920245, 0.6606982926719803, -0.0626664980468804]], "inverted": true, "swapped": false, "error_lsq": 0.04607839745929616, "error_max": 0.21444679303847236, "target": "670.xyz", "model": "28.xyz", "model_rescale": 4.137296879288765, "target_rescale": 3.9063186119760647},
{"mapping": [5, 6, 10, 8, 9, 4, 3, 7, 0, 2, 11], "R": [[0.6661150897222776, -0.6227006987188463, -0.4105295690438666], [0.49054724168707414, 0.7803878585567317, -0.3877604852101896], [0.561831016336305, 0.056908962671087304, 0.8252922385738373]], "T": [-0.02715838696309939, 0.03171337751761273, 0.05650013452583562], "aligned_model": [[0.6064890168882537, -0.046660449099761386, -0.027642051151914128, -0.5740221983280016, -0.012468851969079188, 0.5282054227046497, 0.5088089904651191, -0.3964192774258479, -0.589397540155141, 0.2314121204110479, -0.006886171629426806], [-0.31466753963522576, -0.5889034497904252, -0.24084760621462736, 0.09550402069582242, 0.5628401698533247, -0.07240057833632883, 0.36621946513537995, -0.44251774023657614, 0.2581288515117862, 0.1866784750503735, 0.10911374861444854], [0.29385135447613114, -0.19814006992927335, -0.8093168943455692, -0.3538157482104518, -0.3702271632326553, -0.48372546355536633, 0.09570508100964085, 0.4175666320711024, 0.46050570423909093, 0.7190012200366849, 0.03434936922366448]], "inverted": true, "swapped": true, "error_lsq": 0.04068777239974172, "error_max": 0.22913898669505225, "target": "670.xyz", "model": "29.xyz", "model_rescale": 3.607286011436655, "target_rescale": 3.9063186119760647},
