[{"mapping": [4, 8, 2, 3, 0, 5, 1, 6, 10, 9, 7, 11], "R": [[-0.236484787115463, 0.9406329348242505, 0.24348434731389118], [0.9234457382502418, 0.13964573928843077, 0.35741717363055425], [0.30219681330288756, 0.30936830707508656, -0.9016475678484774]], "T": [-0.17047230407802702, 0.0423326674010384, -0.03398157959647358], "aligned_model": [[-0.4190452590640913, -0.17255071457378326, 0.38103822879581917, -0.8258320226236026, 0.18058628800201307, 0.2093075156452132, 0.5223063559936061, 0.018680505457538715, -0.5449910172958297, -0.5986900776857199, 0.13970565314759734, -0.12862329023819546], [0.33591689804322283, -0.542299085075461, -0.11968911278513995, 0.07690300443892407, 0.4832402311060472, 0.6875942102583505, -0.04617780585326145, -0.5007058556861859, 0.4041647427705567, -0.3058606397695674, 0.15434835028984678, 0.0976197753241177], [-0.744170464549814, -0.28157981241988905, -0.5981937032352083, -0.24216670368529059, -0.2892261274246202, 0.32391667741282365, 0.0847794569121692, 0.40702280194979273, 0.4025669614025008, 0.22047349234360775, 0.8536249951337416, -0.03890617361402593]], "inverted": true, "swapped": false, "error_lsq": 0.05887212428676062, "error_max": 0.39499802448619986, "target": "671.xyz", "model": "0.xyz", "model_rescale": 3.751011558992144, "target_rescale": 3.848533841284783},
{"mapping": [0, 8, 4, 7, 6, 11, 10, 5, 12, 3, 9, 14], "R": [[-0.29196969364861125, -0.562512688605385, 0.7735199888488191], [0.9550633537509822, -0.21465518106722942, 0.20439457811527495], [0.051065529593477876, 0.7984376170991294, 0.599908062363227]], "T": [-0.12556603248970916, -0.03693671348411131, -0.027762792778417558], "aligned_model": [[-0.7325123568623104, 0.06445761512082138, 0.49904540325403396, -0.4864478648054141, 0.0701842126305976, 0.09832085796534076, 0.6613162183012955, 0.027746239967438302, -0.5297624980903959, -0.8732017327061483, 0.0960542832195258, -0.13330821243421895], [-0.11033297514267534, -0.5877767784287415, -0.13290363601440316, 0.47800091181998994, 0.6322297622218918, 0.6380715119078791, 0.06263071520502103, -0.5407759542654972, 0.4081708127089554, -0.06431663273658017, -0.04965501062190331, -0.008288013592486272], [-0.4769105041213807, -0.3453859788660475, -0.5033938199707284, -0.23819227965674586, -0.3063732997530965, 0.33413435402188557, 0.1804592009282456, 0.3079862408143574, 0.40867690683587304, 0.12617579658882908, 0.5926502163672221, 0.018314567037374]], "inverted": false, "swapped": false, "error_lsq": 0.05247425372199541, "error_max": 0.28207084597264553, "target": "671.xyz", "model": "1.xyz", "model_rescale": 3.9405287249114394, "target_rescale": 3.848533841284783},
{"mapping": [4, 7, 1, 8, 2, 5, 0, 6, 9, 3, 11, 12], "R": [[-0.37905134099785065, 0.9229656638133801, -0.06674177334516562], [-0.7267621423468846, -0.341566879683577, -0.5959436677695225], [-0.5728323221843346, -0.17738785224685233, 0.8002478869301383]], "T": [-0.13572099407844201, 0.023397722386071206, 0.006831892367884251], "aligned_model": [[-0.49522227770251975, -0.18803259326819288, 0.3225121624395218, -0.8052536468117, 0.21774373626455723, 0.2446025064925127, 0.6849022631686736, 0.09807459614060088, -0.5604068984414954, -0.5729607963859236, -0.06697686001989264, -0.11709002631557644], [-0.010039553311148787, -0.7203282277649148, -0.037513892971609376, 0.39885992764524036, 0.5626520126178561, 0.5400967894655292, -0.030808417477296117, -0.3862835654725967, 0.5727597987855583, -0.34426201163286196, 0.08944430603126854, 0.09047754714642514], [-0.5942808238088728, -0.26343660527541257, -0.6362376853143187, -0.10014441087563862, -0.21325246053294142, 0.3480831038960213, 0.16983235967434895, 0.2767514317903133, 0.41698344818528993, 0.027982632972714937, 0.7128958992812239, -0.04703548976694039]], "inverted": false, "swapped": false, "error_lsq": 0.03495357602569892, "error_max": 0.1690987481576048, "target": "671.xyz", "model": "2.xyz", "model_rescale": 3.932901565614263, "target_rescale": 3.848533841284783},
{"mapping": [11, 12, 8, 1, 3, 0, 7, 5, 2, 10, 4, 13], "R": [[-0.9618916221488393, 0.08311077942836004, 0.2604939645801521], [-0.17569535426432353, 0.542117262342946, -0.8217298925801128], [-0.20951288678696814, -0.8361826787327039, -0.5068558750350943]], "T": [-0.06464551865606305, 0.06451631615586773, -0.04497348636934809], "aligned_model": [[-0.3740823282324225, -0.3005067774553093, 0.34990113648852395, -0.6591158048234872, 0.10912938284179552, -0.026621260982644834, 0.6245817494492248, 0.09155809472996668, -0.43867625934395527, -0.6808177988899141, 0.17400813557270237, -0.10746610379391457], [0.007758368028873808, -0.6611831974910916, 0.01849965306320822, 0.5038836893942193, 0.4644241159209115, 0.6600327015822851, -0.007634383220195759, -0.49844756001293966, 0.33335066902760274, -0.2533557617493914, 0.197584387249352, -0.039857968731384044], [-0.8808778436800668, -0.015656381298471217, -0.6489770152979136, 0.00329670225474446, -0.31060765845138694, 0.2597636456970399, 0.126789713492581, 0.3739200453887902, 0.6493095603160813, -0.22506930381340176, 0.7848239143957374, -0.01857397877794598]], "inverted": false, "swapped": false, "error_lsq": 0.06261908283784325, "error_max": 0.35214588138095, "target": "671.xyz", "model": "3.xyz", "model_rescale": 3.9243930471874484, "target_rescale": 3.848533841284783},
{"mapping": [11, 6, 5, 9, 1, 7, 0, 3, 8, 10, 4, 12], "R": [[0.049338806193501866, -0.61776001726234, -0.7848173311512898], [-0.1838442678475878, 0.7667309737862062, -0.6150812133502699], [0.9817163375349236, 0.1746315404183597, -0.07574204716091548]], "T": [-0.16746184619630183, 0.05969780254071958, 0.03720852932122613], "aligned_model": [[-0.6525761510406873, -0.08836934505452021, 0.31101840424330135, -0.5516866271274975, 0.2698041375223316, 0.15980181343507355, 0.6779938138977968, 0.13781484817218892, -0.5839108294344877, -0.7238280905493368, -0.12315272432020466, -0.07101708418339284], [-0.11144925359974078, -0.5711376215077488, -0.06744862470971702, 0.5332154251557533, 0.5800704772587024, 0.6069850143147182, -0.012323625892643207, -0.4743823109098519, 0.43003269085051327, -0.3095548158672953, 0.06727277512932012, 0.05377458283943998], [-0.5640458908681978, -0.305293381279922, -0.5359524740204064, -0.31753048822301827, -0.18227048760730113, 0.5233093047017, -0.020584152065449675, 0.31018827702560364, 0.3300543655161107, 0.2635640582182161, 0.6291093579647813, -0.03240708913632859]], "inverted": false, "swapped": false, "error_lsq": 0.045550068539870016, "error_max": 0.2671206114656601, "target": "671.xyz", "model": "4.xyz", "model_rescale": 3.8936222436046832, "target_rescale": 3.848533841284783},
{"mapping": [2, 0, 3, 4, 10, 7, 8, 9, 5, 1, 6, 11], "R": [[0.9584847761651797, 0.17061462024617766, 0.2284679085076031], [-0.240266531398989, 0.9147237495856783, 0.32488837442022495], [-0.15355431530596772, -0.3662937527479417, 0.9177417713871073]], "T": [-0.013546635050806319, 0.07649509204364352, 0.014745337522515885], "aligned_model": [[-0.4014190666785889, -0.18331750537721292, 0.25386374461614714, -0.5887138416076785, 0.1370372318776606, 0.17861574461760465, 0.7250295058404126, 0.22421389252558754, -0.6023017851867257, -0.6703573295547223, -0.14520850450253797, -0.1655499210093807], [0.04781430119508212, -0.70091844212657, -0.18956607232414902, 0.5735000098431425, 0.5427832415568157, 0.5891117373827381, 0.06761032281644473, -0.432459653308549, 0.4073350377418251, -0.36386876611308067, 0.05192321216150575, 0.1317897842362447], [-0.6223503020352941, -0.3719384576572328, -0.4188272376973878, -0.21502279580220915, -0.3844629541367581, 0.36122090974878635, -0.0022597003438901454, 0.27256493051602254, 0.4631683081269652, 0.1481175654249411, 0.8000287277449555, 0.06790240633688939]], "inverted": false, "swapped": false, "error_lsq": 0.04492222347586467, "error_max": 0.2490172266997815, "target": "671.xyz", "model": "5.xyz", "model_rescale": 3.6523030999806103, "target_rescale": 3.848533841284783},
{"mapping": [11, 7, 9, 4, 10, 6, 8, 5, 2, 3, 1, 12], "R": [[0.9350513547718258, 0.046748367423971246, 0.35141649659992724], [0.050394892155090715, -0.9987286105225348, -0.0012318150850804156], [0.3509121240197467, 0.01886140681180595, -0.936218419253237]], "T": [-0.06174353857236015, 0.046340006016094025, 0.05341989880930169], "aligned_model": [[-0.4545325048361208, -0.25063939987000683, 0.34030089645871464, -0.5241453228536436, 0.02565019628556591, 0.2824186208303342, 0.6013186285929504, 0.19983628936959452, -0.5203812613555221, -0.6653142725662115, -0.17250181943442003, -0.1001178850606693], [-0.06639581458360433, -0.5233800205104051, 0.024019201932615326, 0.3289836641694025, 0.7049646287496938, 0.5409179762841312, -0.034131466617386676, -0.5230674229799478, 0.5360442755443383, -0.28128398146051226, 0.06876409935992689, -0.050380426826801696], [-0.7260520159356348, -0.2730085078229171, -0.5470173827999041, -0.1348053766616577, -0.35554095885754045, 0.2974885396317809, 0.1404601609454621, 0.32035566524894427, 0.4084590541924822, 0.1583274526080236, 0.7386969444278098, 0.0707778252489393]], "inverted": true, "swapped": false, "error_lsq": 0.044081642511321024, "error_max": 0.2519617891279562, "target": "671.xyz", "model": "6.xyz", "model_rescale": 4.08911054899281, "target_rescale": 3.848533841284783},
{"mapping": [13, 1, 0, 12, 6, 4, 3, 9, 10, 11, 8, 14], "R": [[0.3190524347976564, 0.44694397913652906, 0.835731190852234], [0.06864973797343346, -0.8903999129317922, 0.44997245307600314], [0.9452474582488262, -0.08619207947754164, -0.314766847221036]], "T": [-0.16369238980239453, 0.18588549868274698, -0.07119944044098905], "aligned_model": [[-0.6790310767304757, -0.13065242594553592, 0.6213666187481407, -0.8448855273694776, 0.24988883714416088, 0.21349061822436333, 0.597164735183028, 0.06580196584247519, -0.5833419627390577, -0.6042978677897506, 0.014635229055804888, -0.15824697806310956], [0.05745761672657576, -0.470649166196348, -0.21353881478237283, 0.3939151147812461, 0.3237778580084927, 0.6521915864588966, 0.11541028835808606, -0.4812061773770222, 0.3512452768047807, -0.15189038221755727, 0.11832155110398349, 0.030019961392688727], [-0.5750117460103511, -0.39649415828286727, -0.40104600175466576, -0.09768540216831001, -0.31426163908659643, 0.29912622793894295, 0.13515248311288844, 0.27067530908974835, 0.4907839029202633, 0.11934013551821593, 0.5836160653504688, -0.016053776401949375]], "inverted": true, "swapped": false, "error_lsq": 0.04747605314964642, "error_max": 0.2908420960241627, "target": "671.xyz", "model": "7.xyz", "model_rescale": 3.964800864290218, "target_rescale": 3.848533841284783},
{"mapping": [1, 8, 5, 2, 3, 6, 10, 9, 4, 7, 11, 13], "R": [[0.8248395719164775, 0.13031492502638664, -0.550143345789086], [0.5433988310109887, -0.45135015215928087, 0.7078140649928379], [-0.15606854601915612, -0.8827803013554174, -0.44310444421412126]], "T": [-0.1704999624688503, 0.14116319603327623, -0.008464924672809307], "aligned_model": [[-0.5329090484232664, -0.04889857943261164, 0.4112651016539805, -0.7755131360579595, 0.2545807737273963, 0.009548143032152234, 0.6005762848643668, 0.07242671692570485, -0.4697786568354328, -0.7230827844354888, 0.09809521303611007, -0.1344178624943863], [-0.01445658852965423, -0.5863678216819619, -0.16606218171596496, 0.4103698082926678, 0.6367935035983877, 0.6128128762086922, -0.1314792266575517, -0.4091936771664312, 0.4511921142615245, -0.28871004236915265, 0.13672320974784716, 0.07343273907304768], [-0.6468707738335658, -0.2251889503672047, -0.5244423470484163, -0.018241808304534327, -0.3240907500423074, 0.2772536117830293, 0.07053851294247025, 0.3261253730777242, 0.5477793813423607, -0.1377490642047251, 0.7757354596110323, -0.02270724473007541]], "inverted": true, "swapped": false, "error_lsq": 0.04199710733174649, "error_max": 0.20282089106326998, "target": "671.xyz", "model": "8.xyz", "model_rescale": 4.121658175737393, "target_rescale": 3.848533841284783},
{"mapping": [9, 6, 4, 7, 5, 10, 0, 2, 11, 8, 3, 12], "R": [[-0.8022912650965948, 0.1907507944413383, -0.5656349179194158], [-0.37724502707392166, 0.5723363429738753, 0.7280915464825058], [0.46261746129788706, 0.7975244478580511, -0.38722066005187417]], "T": [-0.1261611315082583, 0.045363843757317536, 0.013957433466682642], "aligned_model": [[-0.3458379526875051, -0.4077191065256539, 0.43901341919185316, -0.6759614732820827, 0.12115874753232153, 0.13839438863351067, 0.6586136924360424, 0.0422826896037283, -0.5037296124998989, -0.6954244456942154, 0.0620667813292646, -0.0709649624767994], [0.03673123603387094, -0.4784403142892641, -0.10404559367494687, 0.3820182946042712, 0.539473185673601, 0.6670335135266344, 0.063504117577211, -0.4511556424663954, 0.3263295783036831, -0.357089552653138, 0.12081271827614296, -0.02011682785021985], [-0.7890726963263542, -0.341762063906161, -0.6541611675060984, -0.1850256693926488, -0.26246026122413624, 0.36039361669065195, 0.06517900403230932, 0.4694149285068006, 0.440023593500533, 0.22496425934444586, 0.7765593687072737, -0.005911512200827914]], "inverted": false, "swapped": false, "error_lsq": 0.048480182465459876, "error_max": 0.33083760836870146, "target": "671.xyz", "model": "9.xyz", "model_rescale": 3.833441315466971, "target_rescale": 3.848533841284783},
{"mapping": [3, 5, 6, 9, 7, 11, 12, 0, 8, 2, 10, 14], "R": [[0.5704512137674655, -0.2630750500396683, -0.7780597218452135], [0.5074255695510396, 0.8577852634934933, 0.08199837253995451], [0.6458364375575508, -0.4415834686444048, 0.6228156518127556]], "T": [0.008105940286373903, -0.03493355337136427, -0.02008745035222081], "aligned_model": [[-0.5093093630776547, -0.2116676858231418, 0.4964007825218942, -0.7000109677194967, -0.08187419485053953, 0.1840867486296511, 0.5901950102386092, 0.13049979964991848, -0.4376413040398256, -0.6825469181284392, 0.05257293895076903, -0.06881268079117914], [0.16477360219155326, -0.6535660881829671, -0.12055612408942623, 0.3560115673175595, 0.5716341704680024, 0.5829507738839562, 0.05458367566630796, -0.5378144957274856, 0.3966772041773697, -0.2164027880591983, 0.12235392998596312, 0.004409285429815335], [-0.688458833349212, -0.1826560254405704, -0.48427113217950585, -0.08044044314000753, -0.2806505875356846, 0.20923065680606096, 0.10710939574991818, 0.42257886043817855, 0.4516973634353229, -0.10204964256847637, 0.7855411719848762, -0.059489383975112095]], "inverted": false, "swapped": false, "error_lsq": 0.04315481070944877, "error_max": 0.23487978016646394, "target": "671.xyz", "model": "10.xyz", "model_rescale": 4.2482417240324, "target_rescale": 3.848533841284783},
{"mapping": [4, 10, 0, 5, 6, 2, 1, 8, 7, 9, 3, 11], "R": [[0.2206978910790446, 0.9309435950076267, -0.2909234672341479], [-0.37357308613857165, -0.19484877891598587, -0.9069052335651465], [-0.9009637008149474, 0.30883324994117045, 0.30477275722185043]], "T": [-0.04322324070745286, 0.08630218894014298, 0.023531424715272947], "aligned_model": [[-0.4972660645975704, -0.15968630255162738, 0.39040786277742995, -0.6343082609611862, 0.037717202093862125, 0.2225697225219378, 0.6532781309212339, 0.08133030410122952, -0.5342736215435687, -0.7471064799613364, 0.10065347279400177, -0.15142380003384068], [0.1513272331832995, -0.5139775374201078, -0.24746306340306556, 0.509708096663375, 0.5559717794929923, 0.7105829689808787, 0.0064131551291450595, -0.3960089563666939, 0.13062289123860105, -0.34142632742791723, 0.09943491660440475, 0.05986955638653842], [-0.7217580746923796, -0.179207244218986, -0.5003047122136426, -0.16496819453696746, -0.41617445263005237, 0.31914078646511324, 0.11099647690358902, 0.3823074029289948, 0.48770967229246065, -0.006595040758531873, 0.8217786603684021, -0.03478387968221231]], "inverted": true, "swapped": false, "error_lsq": 0.04836798564193848, "error_max": 0.3479607133469251, "target": "671.xyz", "model": "11.xyz", "model_rescale": 3.6694154284099745, "target_rescale": 3.848533841284783},
{"mapping": [0, 12, 5, 4, 6, 11, 7, 10, 3, 1, 8, 13], "R": [[-0.3469625683573464, -0.35328819623469265, 0.8687948126917605], [0.8746593511346613, -0.4562306432437111, 0.16378223236396328], [0.33850848679400547, 0.8167258111304351, 0.46730178022533336]], "T": [-0.023859625010156413, 0.03092268726899502, 0.0377592481517224], "aligned_model": [[-0.39404338502772, -0.08288716245816154, 0.3491245759685908, -0.5511346712910161, 0.1568761659681719, 0.14797608327078554, 0.7055357176488948, 0.2734711668258139, -0.7390738618644264, -0.8296918692028299, -0.15574692073520202, -0.11851367354233537], [0.09311271229560691, -0.6125246637839471, -0.13067084155545236, 0.5466434406668609, 0.42875704157470074, 0.6935195101846373, -0.09751602138698426, -0.43407954074722666, 0.24358038848706512, -0.22531792751492583, 0.17914331256590707, 0.04040730227520865], [-0.5703807431594121, -0.17262078063491246, -0.6545853984939999, -0.023000770236584152, -0.321291213270165, 0.3142851755595488, -0.02266633166025909, 0.3522367759253092, 0.4672871263120709, -0.0003016984486931898, 0.7679881429333633, -0.03880888460047887]], "inverted": false, "swapped": false, "error_lsq": 0.04655080308267182, "error_max": 0.2792539161997194, "target": "671.xyz", "model": "12.xyz", "model_rescale": 3.9764082729961374, "target_rescale": 3.848533841284783},
{"mapping": [5, 4, 6, 9, 13, 10, 14, 3, 1, 0, 8, 15], "R": [[-0.061301377881705976, -0.4323748441463323, -0.899607767429361], [-0.23078993727383446, 0.8830180557000844, -0.40867483181715775], [0.9710706184016402, 0.18256808992011025, -0.15391798666815615]], "T": [-0.13512632465355895, 0.10237670879594787, 0.023169920747208243], "aligned_model": [[-0.5284220759847442, -0.2659818190998712, 0.28759948263105356, -0.6767458900505794, 0.30616797292569004, 0.017832817599730377, 0.644704279702133, 0.3349498016182368, -0.47735431892392344, -0.7709574514291357, -0.01572537305422421, -0.09417526037380003], [0.024093033085267584, -0.5166413593291764, -0.08408364681780814, 0.2725937848244172, 0.44821801458197774, 0.7026399869746126, -0.05841338868843646, -0.4062330167536732, 0.5009020951674064, -0.247266075080768, 0.08638780366849047, 0.0028574814291401074], [-0.7130460964221969, -0.3167671214930836, -0.5852659701560124, -0.17475309440030604, -0.22205177552608218, 0.5354534327106582, -0.046247747293915085, 0.5014878379312223, 0.3800734015598204, -0.0008433132811720909, 0.7196902753087583, 0.020411571288096942]], "inverted": true, "swapped": false, "error_lsq": 0.04544196357339749, "error_max": 0.2667334228710735, "target": "671.xyz", "model": "13.xyz", "model_rescale": 4.170626492500431, "target_rescale": 3.848533841284783},
{"mapping": [11, 6, 12, 9, 10, 7, 4, 2, 1, 3, 0, 13], "R": [[0.7050571617935846, 0.6530160928967983, -0.276521935877383], [0.6625497379865375, -0.4675620502678245, 0.5851611520284983], [0.2528284859297823, -0.5957815972041673, -0.7623136133739877]], "T": [-0.024912467935637006, 0.03270693002510767, 0.02664334941368025], "aligned_model": [[-0.43695039214481673, -0.2022934513093242, 0.4237154451147686, -0.6302870386065864, 0.008066445301532194, 0.1170700769090749, 0.6283363812123939, 0.04719279584414679, -0.5346635395142678, -0.6297806325283093, 0.026374607868815528, -0.05488853258686225], [-0.04638713186843079, -0.704246610233089, 0.15209489180718766, 0.5127958423617488, 0.5161862041174894, 0.7525027386594355, -0.24261535690712394, -0.4668760375043127, 0.40700933967480407, -0.287087734248118, 0.1436652589475273, -0.01198669174566789], [-0.5422402322774397, -0.3379450942709511, -0.5392061282742745, -0.21696022999405967, -0.26230039559497736, 0.37184583161895307, 0.049593512772568085, 0.4487213714973826, 0.4635255086399581, 0.11231411802556024, 0.6105237238278706, -0.05973058574480278]], "inverted": false, "swapped": false, "error_lsq": 0.04516816511364468, "error_max": 0.23357862993183987, "target": "671.xyz", "model": "14.xyz", "model_rescale": 3.9786697098870705, "target_rescale": 3.848533841284783},
{"mapping": [6, 9, 3, 7, 8, 5, 2, 0, 10, 1, 4, 11], "R": [[-0.9004491266966996, 0.10500869658546297, 0.4220954203406774], [-0.3441503392741319, -0.7654433257731681, -0.5437435599681264], [0.265992319830199, -0.6348776958365554, 0.7253815527848881]], "T": [-0.15127747463251118, 0.06103055026019391, -0.0024383773744530678], "aligned_model": [[-0.7770544912426574, -0.08051283959927186, 0.5656146633172736, -0.517852417305413, 0.23220852740001563, 0.18984441078790526, 0.6626897733018251, 0.11104112239023539, -0.7317374445160718, -0.6562304226021021, -0.028673695164968732, -0.207445021206205], [-0.1425925670701372, -0.21534852613217012, -0.2791605899569415, 0.5737690331566869, 0.3488427580552911, 0.7566783610352856, 0.0312721471456793, -0.5619672662881208, 0.3529375720858978, -0.30278088998011266, 0.14883451083713967, 0.014570170172952084], [-0.4432290787000357, -0.5556302433760608, -0.46664187043133376, -0.20143100274549003, -0.2081827462189375, 0.20820247901620514, 0.29825943272949484, 0.16147702858482105, 0.5173476386634073, 0.2683675453440787, 0.591003707296346, -0.07140148993670742]], "inverted": true, "swapped": false, "error_lsq": 0.0737979585751611, "error_max": 0.473216428589295, "target": "671.xyz", "model": "15.xyz", "model_rescale": 3.769337070930944, "target_rescale": 3.848533841284783},
{"mapping": [3, 0, 5, 4, 8, 9, 10, 1, 6, 2, 11], "R": [[0.15486137264718247, 0.5719549492281221, -0.8055342893479376], [-0.6056399725839982, -0.5892261424351017, -0.5348016236694714], [-0.7805242974246762, 0.5706838784515517, 0.2551504105526978]], "T": [0.05538215108400261, 0.08168471139859698, 0.12875522977744988], "aligned_model": [[-0.17282160257497212, -0.418501244102248, -0.04132811357869811, -0.47955431605003745, 0.24423025896231748, 0.35666517305385426, 0.5467415794986104, 0.1773159947637489, 0.03976247508161288, -0.41943578343974375, 0.08955170907672645], [-0.14549714186556503, -0.6196604471622692, 0.7550883105762319, 0.2978166857313812, 0.2543598942750961, -0.48287485186513646, 0.4783222861779002, -0.5135069325111868, 0.5495341056715412, -0.004303350281576579, 0.02678593887892556], [-0.619390530207464, -0.18918951922896401, -0.16149419373444376, 0.03136966426114714, -0.7130822805234833, -0.29546267029084217, -0.1368012047770639, 0.47447805815340693, 0.6846919787104118, 0.6426529959226602, 0.02644530893841185]], "inverted": true, "swapped": true, "error_lsq": 0.044577302029419036, "error_max": 0.18855611285432078, "target": "671.xyz", "model": "16.xyz", "model_rescale": 3.7852294659196426, "target_rescale": 3.848533841284783},
{"mapping": [9, 8, 0, 10, 4, 5, 1, 2, 6, 11, 7, 12], "R": [[0.4766403976387933, 0.8723404883646769, 0.10879339914907654], [0.8490873262334454, -0.4888896455250475, 0.2000940452090773], [0.22773810346200724, -0.0029978088782718765, -0.9737178078752888]], "T": [0.00920246102676836, -0.01616470711932668, -0.024313062063828942], "aligned_model": [[-0.5910737886665758, -0.20887533125190993, 0.1821742906444661, -0.5514324875417738, 0.3121998335812852, 0.20632713139668307, 0.605459625599863, 0.1619353932162693, -0.5408952888426249, -0.5835037408551069, -0.15361050972659707, -0.07681296199341289], [-0.14170241425254096, -0.5459962415860176, 0.06317513522726922, 0.5225484128349278, 0.5788486885885662, 0.5222109432060039, 0.04268681988618776, -0.4717202929476941, 0.5012272619133474, -0.3640506193832546, 0.022425215836104608, -0.004598196261449656], [-0.6335506952199489, -0.33403314996901945, -0.6797008032627662, -0.2358117715441499, -0.2608259290347742, 0.29740503507823846, 0.31519841890764333, 0.3541427222434523, 0.4416174605155655, 0.2318252301385083, 0.6564436930089202, -0.05456881063588197]], "inverted": true, "swapped": false, "error_lsq": 0.052500889031537074, "error_max": 0.3009724951476063, "target": "671.xyz", "model": "17.xyz", "model_rescale": 3.901054581598922, "target_rescale": 3.848533841284783},
{"mapping": [0, 8, 4, 7, 6, 11, 10, 5, 12, 3, 9, 14], "R": [[-0.29196969364861125, -0.562512688605385, 0.7735199888488191], [0.9550633537509822, -0.21465518106722942, 0.20439457811527495], [0.051065529593477876, 0.7984376170991294, 0.599908062363227]], "T": [-0.12556603248970916, -0.03693671348411131, -0.027762792778417558], "aligned_model": [[-0.7325123568623104, 0.06445761512082138, 0.49904540325403396, -0.4864478648054141, 0.0701842126305976, 0.09832085796534076, 0.6613162183012955, 0.027746239967438302, -0.5297624980903959, -0.8732017327061483, 0.0960542832195258, -0.13330821243421895], [-0.11033297514267534, -0.5877767784287415, -0.13290363601440316, 0.47800091181998994, 0.6322297622218918, 0.6380715119078791, 0.06263071520502103, -0.5407759542654972, 0.4081708127089554, -0.06431663273658017, -0.04965501062190331, -0.008288013592486272], [-0.4769105041213807, -0.3453859788660475, -0.5033938199707284, -0.23819227965674586, -0.3063732997530965, 0.33413435402188557, 0.1804592009282456, 0.3079862408143574, 0.40867690683587304, 0.12617579658882908, 0.5926502163672221, 0.018314567037374]], "inverted": false, "swapped": false, "error_lsq": 0.05247425372199541, "error_max": 0.28207084597264553, "target": "671.xyz", "model": "18.xyz", "model_rescale": 3.9405287249114394, "target_rescale": 3.848533841284783},
{"mapping": [14, 12, 13, 10, 11, 5, 7, 0, 2, 3, 6, 15], "R": [[-0.5305692021620692, 0.8106654017912638, -0.24762457078350386], [0.845572671036966, 0.4857873224915878, -0.2213990408783771], [-0.059187665205823, -0.32685208221007744, -0.9432203012247035]], "T": [0.011347717577452385, -0.07327771497387217, 0.009136756269099327], "aligned_model": [[-0.38588715160263276, -0.171332324324745, 0.24863108069738482, -0.5945637547520348, -0.008063077753733279, 0.16167333591072186, 0.7146583403920004, 0.1599526966263231, -0.4758381320779052, -0.802769701350806, -0.07003154579645783, -0.014537600407549436], [0.001117931506351394, -0.5345338009060251, 0.007363477156807727, 0.39812635620368975, 0.5434865020453439, 0.620930510580487, -0.08010102449301462, -0.4563815408142675, 0.4796901387796745, -0.3014621324235006, 0.09192988696197785, -0.045111591536073754], [-0.6514756176450258, -0.2232635184522412, -0.6141797356434795, -0.1598411308145644, -0.3629362520627341, 0.4412707526223785, -0.021410898710643687, 0.5603375153254417, 0.46979040449499837, -0.09368977097328832, 0.7332688708362862, 0.020270781248660157]], "inverted": false, "swapped": false, "error_lsq": 0.04238955623897311, "error_max": 0.21837264455183994, "target": "671.xyz", "model": "19.xyz", "model_rescale": 4.410303926677745, "target_rescale": 3.848533841284783},
{"mapping": [1, 8, 5, 2, 3, 6, 10, 9, 4, 7, 11, 13], "R": [[0.8248395719164775, 0.13031492502638664, -0.550143345789086], [0.5433988310109887, -0.45135015215928087, 0.7078140649928379], [-0.15606854601915612, -0.8827803013554174, -0.44310444421412126]], "T": [-0.1704999624688503, 0.14116319603327623, -0.008464924672809307], "aligned_model": [[-0.5329090484232664, -0.04889857943261164, 0.4112651016539805, -0.7755131360579595, 0.2545807737273963, 0.009548143032152234, 0.6005762848643668, 0.07242671692570485, -0.4697786568354328, -0.7230827844354888, 0.09809521303611007, -0.1344178624943863], [-0.01445658852965423, -0.5863678216819619, -0.16606218171596496, 0.4103698082926678, 0.6367935035983877, 0.6128128762086922, -0.1314792266575517, -0.4091936771664312, 0.4511921142615245, -0.28871004236915265, 0.13672320974784716, 0.07343273907304768], [-0.6468707738335658, -0.2251889503672047, -0.5244423470484163, -0.018241808304534327, -0.3240907500423074, 0.2772536117830293, 0.07053851294247025, 0.3261253730777242, 0.5477793813423607, -0.1377490642047251, 0.7757354596110323, -0.02270724473007541]], "inverted": true, "swapped": false, "error_lsq": 0.04199710733174649, "error_max": 0.20282089106326998, "target": "671.xyz", "model": "20.xyz", "model_rescale": 4.121658175737393, "target_rescale": 3.848533841284783},
{"mapping": [11, 7, 9, 4, 10, 6, 8, 5, 2, 3, 1, 12], "R": [[0.9350513547718258, 0.046748367423971246, 0.35141649659992724], [0.050394892155090715, -0.9987286105225348, -0.0012318150850804156], [0.3509121240197467, 0.01886140681180595, -0.936218419253237]], "T": [-0.06174353857236015, 0.046340006016094025, 0.05341989880930169], "aligned_model": [[-0.4545325048361208, -0.25063939987000683, 0.34030089645871464, -0.5241453228536436, 0.02565019628556591, 0.2824186208303342, 0.6013186285929504, 0.19983628936959452, -0.5203812613555221, -0.6653142725662115, -0.17250181943442003, -0.1001178850606693], [-0.06639581458360433, -0.5233800205104051, 0.024019201932615326, 0.3289836641694025, 0.7049646287496938, 0.5409179762841312, -0.034131466617386676, -0.5230674229799478, 0.5360442755443383, -0.28128398146051226, 0.06876409935992689, -0.050380426826801696], [-0.7260520159356348, -0.2730085078229171, -0.5470173827999041, -0.1348053766616577, -0.35554095885754045, 0.2974885396317809, 0.1404601609454621, 0.32035566524894427, 0.4084590541924822, 0.1583274526080236, 0.7386969444278098, 0.0707778252489393]], "inverted": true, "swapped": false, "error_lsq": 0.044081642511321024, "error_max": 0.2519617891279562, "target": "671.xyz", "model": "21.xyz", "model_rescale": 4.08911054899281, "target_rescale": 3.848533841284783},
{"mapping": [8, 1, 0, 5, 7, 12, 4, 2, 9, 11, 14, 16], "R": [[0.49801730232882974, -0.8307280185501347, -0.2487362574633668], [0.6741060506022853, 0.5513085578108126, -0.4915688218611419], [0.5454904207431183, 0.07713516241202346, 0.8345599844212319]], "T": [-0.088737377703824, 0.09293065698718819, 0.027759004801702854], "aligned_model": [[-0.5076224697363259, -0.1734006775348021, 0.4238346952434812, -0.7171987007187688, 0.25794575436658845, 0.08720215634448697, 0.5575488142425502, 0.19540636253546922, -0.5242904445793892, -0.7441422066237402, -0.04979803538891894, -0.0435930825900657], [-0.10871845744283301, -0.6245197072636514, -0.04869137558136419, 0.3926012366944014, 0.631238562625384, 0.6987653432807798, -0.16765571774031504, -0.5321075115174083, 0.5136272204637543, -0.3009988725396703, 0.17519882489765945, 0.09631516718471336], [-0.48666779502756735, -0.3010197684853007, -0.5355281937967817, -0.08609600422475988, -0.2818077774516612, 0.4111375635090118, 0.05423701971201342, 0.2510154765298422, 0.40306626422631825, -0.0062566717849950534, 0.6630056199959916, 0.013055667023676651]], "inverted": false, "swapped": false, "error_lsq": 0.04061667988745369, "error_max": 0.25703499576826605, "target": "671.xyz", "model": "22.xyz", "model_rescale": 4.204369325754507, "target_rescale": 3.848533841284783},
{"mapping": [14, 12, 13, 10, 11, 5, 7, 0, 2, 3, 6, 15], "R": [[-0.5305692021620692, 0.8106654017912638, -0.24762457078350386], [0.845572671036966, 0.4857873224915878, -0.2213990408783771], [-0.059187665205823, -0.32685208221007744, -0.9432203012247035]], "T": [0.011347717577452385, -0.07327771497387217, 0.009136756269099327], "aligned_model": [[-0.38588715160263276, -0.171332324324745, 0.24863108069738482, -0.5945637547520348, -0.008063077753733279, 0.16167333591072186, 0.7146583403920004, 0.1599526966263231, -0.4758381320779052, -0.802769701350806, -0.07003154579645783, -0.014537600407549436], [0.001117931506351394, -0.5345338009060251, 0.007363477156807727, 0.39812635620368975, 0.5434865020453439, 0.620930510580487, -0.08010102449301462, -0.4563815408142675, 0.4796901387796745, -0.3014621324235006, 0.09192988696197785, -0.045111591536073754], [-0.6514756176450258, -0.2232635184522412, -0.6141797356434795, -0.1598411308145644, -0.3629362520627341, 0.4412707526223785, -0.021410898710643687, 0.5603375153254417, 0.46979040449499837, -0.09368977097328832, 0.7332688708362862, 0.020270781248660157]], "inverted": false, "swapped": false, "error_lsq": 0.04238955623897311, "error_max": 0.21837264455183994, "target": "671.xyz", "model": "23.xyz", "model_rescale": 4.410303926677745, "target_rescale": 3.848533841284783},
{"mapping": [1, 11, 10, 0, 4, 5, 15, 14, 12, 7, 6, 16], "R": [[0.0695525177988485, 0.47125035101171786, -0.8792528384595492], [0.8443454422591521, 0.4415782001228298, 0.30346246442102076], [0.5312656787371438, -0.7634997052046683, -0.3671852104161429]], "T": [-0.04802866612617783, 0.016314818645927286, -0.030935964687238842], "aligned_model": [[-0.5896118820344365, -0.0931003473368498, 0.2135279471240517, -0.6287636477821219, 0.24142236759741925, 0.10364252901370861, 0.5630601383819882, 0.19225127258763924, -0.49998108959325094, -0.6771851579535474, 0.03477688452864071, -0.09814684897267562], [-0.11918575196990316, -0.5766378973526957, -0.06862164801277798, 0.4977706182949127, 0.5685442899358075, 0.5442980148371716, 0.010679411938274562, -0.48902626944133704, 0.41703868753300344, -0.19825044218257046, 0.06237453347075459, 0.07607116601081032], [-0.6825973531242019, -0.24795464303881004, -0.6209850143197414, -0.06744630776415385, -0.32273226882146006, 0.2753835197280511, 0.3376463273870945, 0.34991298930515397, 0.49947446376426746, -0.02353634852328802, 0.7233317816805914, -0.12235574604771528]], "inverted": true, "swapped": false, "error_lsq": 0.04396002839644936, "error_max": 0.2913964946105432, "target": "671.xyz", "model": "24.xyz", "model_rescale": 4.28219845311461, "target_rescale": 3.848533841284783},
{"mapping": [5, 9, 3, 8, 1, 0, 4, 13, 6, 11, 2, 15], "R": [[0.6649020062412521, -0.1710097502072011, -0.7270907697326576], [-0.6870480033638029, 0.2418752615031285, -0.685172532247612], [0.29303645365409725, 0.9551188529219093, 0.04333143919795742]], "T": [-0.13497685325015435, -0.09407980289152204, 0.07064065910999655], "aligned_model": [[-0.5439710923701055, -0.1303332340141323, 0.351079110727561, -0.5571579152992183, -0.009303547313148891, 0.1903538762185965, 0.5672964895334855, 0.07650924544749171, -0.47664406536541387, -0.6175805302143054, 0.01232762527440101, -0.10068379706464634], [0.04908981409481328, -0.5930934219537557, -0.01063880805653164, 0.4043048268921533, 0.3686821337857784, 0.6014601818378095, 0.10202614847690997, -0.5182665183897042, 0.6292449604324689, -0.3314193513067498, 0.0577285493354458, -0.03406380208718767], [-0.6625079302310863, -0.3852513551539871, -0.5267139634739969, -0.16456556651198206, -0.35354681004038874, 0.3462095581930712, 0.12544194448804538, 0.42876873311358304, 0.48568516020439745, -0.014451649516173781, 0.721820848603397, 0.09725243055090879]], "inverted": false, "swapped": false, "error_lsq": 0.03764376639982163, "error_max": 0.20553416851142634, "target": "671.xyz", "model": "25.xyz", "model_rescale": 4.100010024507729, "target_rescale": 3.848533841284783},
{"mapping": [4, 10, 0, 5, 6, 2, 1, 8, 7, 9, 3, 11], "R": [[0.2206978910790446, 0.9309435950076267, -0.2909234672341479], [-0.37357308613857165, -0.19484877891598587, -0.9069052335651465], [-0.9009637008149474, 0.30883324994117045, 0.30477275722185043]], "T": [-0.04322324070745286, 0.08630218894014298, 0.023531424715272947], "aligned_model": [[-0.4972660645975704, -0.15968630255162738, 0.39040786277742995, -0.6343082609611862, 0.037717202093862125, 0.2225697225219378, 0.6532781309212339, 0.08133030410122952, -0.5342736215435687, -0.7471064799613364, 0.10065347279400177, -0.15142380003384068], [0.1513272331832995, -0.5139775374201078, -0.24746306340306556, 0.509708096663375, 0.5559717794929923, 0.7105829689808787, 0.0064131551291450595, -0.3960089563666939, 0.13062289123860105, -0.34142632742791723, 0.09943491660440475, 0.05986955638653842], [-0.7217580746923796, -0.179207244218986, -0.5003047122136426, -0.16496819453696746, -0.41617445263005237, 0.31914078646511324, 0.11099647690358902, 0.3823074029289948, 0.48770967229246065, -0.006595040758531873, 0.8217786603684021, -0.03478387968221231]], "inverted": true, "swapped": false, "error_lsq": 0.04836798564193848, "error_max": 0.3479607133469251, "target": "671.xyz", "model": "26.xyz", "model_rescale": 3.6694154284099745, "target_rescale": 3.848533841284783},
{"mapping": [12, 9, 10, 6, 2, 0, 4, 8, 1, 3, 5, 13], "R": [[0.850435919490004, -0.365383782008844, -0.3784883600404442], [0.476376142976921, 0.8401212325985352, 0.2593493492175181], [0.2232140614827469, -0.40086282738866114, 0.888529389707704]], "T": [-0.08075062402562684, -0.02613991522470912, 0.004189220656719169], "aligned_model": [[-0.544822961869107, -0.22558231284722008, 0.3882817763433757, -0.5764954745658167, 0.07645155944775085, 0.1377272262641237, 0.7148192815633488, 0.3036743743765312, -0.554109121243913, -0.8424977117029427, -0.04915805112036882, -0.06639641908519664], [0.06438723620881093, -0.6069887893442046, -0.2218464231775827, 0.4328566290971201, 0.5136725134340202, 0.5292785161272122, 0.1557749111520547, -0.4802972870845267, 0.5054808812936691, -0.29095904051383953, 0.1036295791497541, 0.020065986718962224], [-0.6331289992768308, -0.3221570721329377, -0.31767766182984586, -0.1172589051744165, -0.377935970321381, 0.28828627833328474, 0.10168840708607446, 0.23724649820653834, 0.5266427741101911, -0.045241798246089815, 0.784022720442521, -0.026344870971320253]], "inverted": true, "swapped": false, "error_lsq": 0.043638351823173625, "error_max": 0.28642867805405225, "target": "671.xyz", "model": "27.xyz", "model_rescale": 4.103607728864725, "target_rescale": 3.848533841284783},
{"mapping": [9, 3, 1, 6, 7, 8, 4, 2, 11, 10, 13, 14], "R": [[0.6567652134986135, 0.44417432139944146, -0.6094002186966022], [0.16649110025205482, 0.7027704312927954, 0.6916606353099756], [0.7354863478508499, -0.5557183577225827, 0.3876041008750225]], "T": [-0.2461033405861367, -0.0021835974713987835, 0.021865955101532556], "aligned_model": [[-0.7506500310735799, -0.1924444875489985, 0.49821842282578077, -0.6551032754032048, 0.03362616979867927, 0.30191319787292903, 0.5798699916181003, 0.31681536056608006, -0.47167098298007515, -0.720742779523789, -0.05644175172164989, -0.12149766886970659], [-0.06376299122398119, -0.7243836883809158, 0.045047460141160074, 0.4311894132333712, 0.6216178578734065, 0.5561690572443942, -0.020977642412275087, -0.47329949340460387, 0.5301630719929461, -0.18288792744499563, 0.04909605021233395, -0.0429164547693898], [-0.6198228646828113, -0.17581714672518658, -0.47473768139647143, -0.1930157559959616, -0.20770841387932248, 0.26722317091918474, 0.3947253461549254, 0.07179645403991797, 0.39306333611916233, 0.06474513932297553, 0.6393377458713878, -0.061647929522012535]], "inverted": false, "swapped": false, "error_lsq": 0.05552121673034371, "error_max": 0.3601706389001833, "target": "671.xyz", "model": "28.xyz", "model_rescale": 4.137296879288765, "target_rescale": 3.848533841284783},
{"mapping": [3, 8, 10, 7, 2, 5, 4, 9, 1, 0, 11], "R": [[0.008934436586730543, 0.9607075139304952, -0.27741890440336814], [0.729073837789606, -0.19613261810071214, -0.655731145491577], [-0.6843767346232725, -0.19640027697141269, -0.7021790486136277]], "T": [-0.04439788107032182, 0.13606270680427837, -0.12578553580672608], "aligned_model": [[0.3881879468150108, 0.2785200619180728, -0.1321040877043399, -0.5765051624185873, 0.04509658795176713, 0.45198276103487584, 0.5070925795394936, -0.31697310974033394, -0.5533173320192354, 0.17538702275055557, -0.045948257417380685], [-0.3722723665092882, -0.6822215557984685, -0.3589039882960693, 0.07463437141771412, 0.8252759116590256, -0.07563238967591482, 0.3310623517374819, -0.36921938389059705, 0.3795425607863667, 0.13432692687501788, 0.032555378342683156], [0.34098590780571497, -0.14326661280868896, -0.5911792031587364, -0.4083796133656698, -0.00783287575088032, -0.631613030902616, -0.1120956526054861, 0.38397179869340764, 0.2869659419926108, 0.751272586675046, -0.06307522479170322]], "inverted": false, "swapped": true, "error_lsq": 0.050362215939095, "error_max": 0.2893063653665334, "target": "671.xyz", "model": "29.xyz", "model_rescale": 3.607286011436655, "target_rescale": 3.848533841284783},
