[{"mapping": [7, 13, 12, 2, 6, 14, 9, 10, 3, 5, 8, 15], "R": [[0.620256907111641, 0.7422536268692917, -0.25365512527777434], [-0.04115712301931862, 0.3537258553177669, 0.9344432088171474], [0.7833182369925227, -0.5691551393768631, 0.24994992881741276]], "T": [0.06130266422023584, -0.0011099375328872257, 0.028503406054053874], "aligned_model": [[-0.2917791176875821, 0.07126624611104573, 0.4348912431924132, -0.03898313321968206, -0.0612328743741044, -0.6108389723685427, 0.40701024987241047, -0.1261938859672635, 0.5992321596718412, 0.15883851848371114, -0.6058044195316385, -0.0987635517220592], [-0.37355672507588367, -0.6993862684074708, -0.23929626309411967, 0.7203648749823615, 0.23372087002224062, -0.6097966390629231, -0.29394975778383226, -0.5007627683081451, 0.26214654592633196, 0.3961474713654224, 0.20984577071744476, -0.05192207530436947], [-0.4833362762270752, -0.018594004193524617, -0.6600907050541156, -0.10278833841997409, -0.6372157762843763, 0.05797929401798304, 0.5391499044975886, 0.46065659837496997, 0.14071515608682428, 0.5369555236900021, 0.3689563469645517, -0.020435978099290868]], "inverted": true, "swapped": true, "error_lsq": 0.04031675519365996, "error_max": 0.2940146278730092, "target": "672.xyz", "model": "0.xyz", "model_rescale": 3.751011558992144, "target_rescale": 4.248657610732817},
{"mapping": [7, 14, 6, 12, 8, 2, 10, 13, 4, 3, 5, 9, 1, 0, 15], "R": [[0.5314447933837587, -0.1563961368922833, -0.832530287707579], [0.05714208432099957, 0.9871888289449533, -0.14897314592148467], [0.8451634243060605, 0.031598486853999436, 0.5335731644711829]], "T": [0.037818290695716544, 0.033971424247223034, 0.06883700492880583], "aligned_model": [[0.05422761164620685, 0.281621608680346, -0.4129005085160856, 0.19551461091878444, -0.3247278575381892, -0.6607635248664216, 0.5139022564348741, 0.6251805442077136, -0.6624565887593908, 0.07451691634594067, -0.10935062051816122, 0.5868397816906231, 0.526087357865423, -0.14734636453380026, -0.0012590119688291046], [-0.04420415852280936, -0.6504825536627517, 0.35300413611139947, 0.6673331357352105, -0.64862470127555, 0.17572746270363293, -0.46045112970952434, -0.07687717693703418, -0.23491105272596124, 0.4599872178405876, -0.08678721411607306, -0.03127207684670699, 0.4612275361603075, 0.7435472725758615, -0.07845934750348302], [-0.6515674141778893, -0.47450947982094993, -0.3876859286973234, -0.42557963605809873, 0.15864344585591517, 0.26810903245941164, 0.09016034828918394, -0.2953407594124514, -0.21389734746768135, 0.5029191970191407, 0.6930236040742451, 0.4692710562599087, 0.05789863305859068, 0.11756583332390562, -0.059344179853931686]], "inverted": true, "swapped": true, "error_lsq": 0.03376819300419299, "error_max": 0.22007106856278974, "target": "672.xyz", "model": "1.xyz", "model_rescale": 3.9405287249114394, "target_rescale": 4.248657610732817},
{"mapping": [2, 0, 6, 9, 1, 4, 5, 3, 13, 14, 10, 8, 15], "R": [[0.8220405848239163, 0.46045061176276647, -0.33501419526588466], [-0.03494931518110157, 0.6280222150815984, 0.7774102152225523], [0.568355366184508, -0.6273542312691428, 0.5323521825239163]], "T": [-0.008168402991797198, -0.03458004145981459, -0.020237915910408983], "aligned_model": [[-0.27399815531163063, 0.28976564067676125, -0.36461056141568704, 0.5217472521360518, 0.535962297593965, -0.7572579095877522, 0.16166341566057385, 0.4806799277033729, 0.11561402903010051, -0.5169210203933794, 0.03699054471352225, -0.570322123133457, -0.16333005838851045], [0.6510570097898757, 0.48295350204424853, 0.28503884334182444, -0.324581218146506, -0.19750087918512954, 0.25087523085005486, 0.2700832007046975, 0.3271643787470323, -0.6865286818883319, -0.7846743367981309, -0.6379575844699298, -0.0639856802498106, -0.11311119116787763], [0.0637683050753766, -0.44866838840946155, -0.5532813027985891, 0.2977517968877591, -0.3340096425142601, -0.02150514220764856, 0.5312942318081268, 0.01760226156416884, -0.24283206013245856, 0.020652555045224546, 0.3045089074771734, 0.516940713921588, -0.039101886128355384]], "inverted": true, "swapped": true, "error_lsq": 0.04291295292974866, "error_max": 0.32507468311448945, "target": "672.xyz", "model": "2.xyz", "model_rescale": 3.932901565614263, "target_rescale": 4.248657610732817},
{"mapping": [6, 7, 12, 4, 0, 3, 1, 2, 8, 5, 13, 14, 9, 15], "R": [[-0.07032573632739529, 0.3421122835454931, 0.9370237330277701], [0.6604124070990196, 0.719971266709087, -0.21329985387475503], [-0.7476026640934933, 0.6038216297555108, -0.2765677061403055]], "T": [0.02993503580990372, -0.12088454241536659, 0.1127594389099213], "aligned_model": [[-0.21851347538904112, 0.38455299188819714, 0.26748959869895556, -0.4001844830289447, -0.29107563930337776, -0.2167196510210847, 0.3772058221779297, -0.6959735865920704, -0.19386378465316106, -0.356527532469457, 0.7274031657901785, 0.6203849789818825, 0.34005317753316233, 0.07557832943953491], [0.030903199678601806, 0.26978488419415025, -0.44972608273309267, 0.5122575896200838, -0.6202804798338781, -0.6713105845597583, -0.6522423222794809, -0.033994744115025954, 0.5205716313479637, -0.25700095304787374, -0.10860166100143293, 0.5655525956931033, -0.48538428651732035, 0.042967851904448656], [-0.5418979636771031, -0.38421814505477814, -0.5985028705707085, -0.12546240601535605, -0.3205005026350283, 0.19910891834736275, -0.02191062388892373, -0.002685367395520999, 0.49208837546787193, 0.6206661762106072, 0.055360730198102115, 0.17034093125494026, 0.5995811888332658, 0.07192792198236625]], "inverted": false, "swapped": true, "error_lsq": 0.0434301637635798, "error_max": 0.27016138487515595, "target": "672.xyz", "model": "3.xyz", "model_rescale": 3.9243930471874484, "target_rescale": 4.248657610732817},
{"mapping": [5, 3, 11, 8, 10, 2, 4, 9, 13, 12, 7, 6, 15], "R": [[-0.26352219059636084, 0.9137458860858932, 0.3092321308085584], [-0.15575699497324502, -0.3566606707286607, 0.921158468707902], [0.9519957004000597, 0.1945806301163811, 0.23631031463588772]], "T": [-0.025688753169228827, -0.006598780054310513, -0.13176302228220388], "aligned_model": [[0.014335743844642736, -0.3515770417721687, 0.5683330307174448, 0.35498726485511095, 0.6479686262220055, -0.5166576238062432, -0.18616587337666743, 0.3374179333710409, 0.3744294195855006, -0.4873358226705258, 0.02813529905641416, -0.5507058034015561, 0.04404073368635431], [-0.40118733200411366, 0.08346618852937139, -0.36667793205327964, -0.6658087643820069, 0.11759445271908982, -0.5600343275692143, -0.5979413812040419, 0.2571678601939953, 0.5314249371342422, 0.606499039111281, 0.2186094370004662, -0.04632899085207329, -0.04895363294212854], [-0.6499793497256074, -0.6386641169653946, -0.5139360472817744, 0.0293901435996598, -0.17999232242358457, -0.15365665700557105, 0.3851339009041877, -0.646165039343346, 0.06909314727657118, 0.15364203939492038, 0.5550757106070856, 0.3541599175387703, 0.022968988795047107]], "inverted": false, "swapped": true, "error_lsq": 0.04230303994700541, "error_max": 0.2782446137725027, "target": "672.xyz", "model": "4.xyz", "model_rescale": 3.8936222436046832, "target_rescale": 4.248657610732817},
{"mapping": [14, 7, 8, 10, 2, 6, 12, 3, 9, 13, 5, 15], "R": [[-0.8373029661798553, 0.3168196550378949, 0.44558843006533044], [-0.5210936074464495, -0.2157557784622074, -0.8257789633664767], [-0.16548472770881933, -0.9236204578948197, 0.34574565023048626]], "T": [-0.08541574383513763, 0.06373746036687178, 0.027135735376578825], "aligned_model": [[0.011601794332080875, -0.38700176951980275, -0.2223773438030015, 0.43459937622470557, -0.6265349353118161, -0.7488015792234098, -0.3020533216382251, 0.06139903065842216, 0.5868697499658814, 0.27746824924900737, 0.09824393956075393, -0.15586514827949888], [-0.6089513066464516, -0.5925186933058736, 0.22280903672077929, -0.1880601332105616, 0.5680120916367012, -0.10312513856106326, -0.3694450012568231, 0.48384308423777933, 0.16751755878361455, -0.5338314860683618, 0.6688414238736633, -0.0461685310935956], [-0.5738801780975038, -0.03399481755996483, -0.7221173131594031, -0.3440064692362372, 0.0003442198836015112, 0.24025214162951433, 0.6873509402158116, 0.44333314261020224, 0.08449990077655475, 0.06080820329007947, -0.13401190426880114, -0.08929314680833547]], "inverted": false, "swapped": true, "error_lsq": 0.04299615330952988, "error_max": 0.22161673834736706, "target": "672.xyz", "model": "5.xyz", "model_rescale": 3.6523030999806103, "target_rescale": 4.248657610732817},
{"mapping": [2, 0, 12, 4, 7, 5, 1, 8, 9, 10, 13, 14, 15], "R": [[0.9654260349522497, 0.250854682183309, -0.07088370379070824], [0.16199958151939348, -0.36432692957596535, 0.9170725292872375], [0.20422709571435232, -0.8968488260640479, -0.3923690565827282]], "T": [-0.0035913719420696683, -0.0821646894404239, 0.09562462930420161], "aligned_model": [[0.1675894655123933, -0.16558720118830134, 0.10254035256001916, 0.6760522781658928, 0.5784348493136481, -0.3779709906898439, -0.38905587223781607, 0.332902681559804, -0.5904530124885593, -0.1190984507716558, 0.0044296285579170785, 0.5080795323609153, 0.15321964400988147], [-0.5690371510396013, 0.11857969133003879, 0.6280661021556406, -0.47377399716878654, 0.3327963941510138, -0.61598867902755, 0.4355731018689314, -0.6947404070414019, -0.019475665006556786, -0.04069644243509915, 0.45213017824284996, 0.06976220973900008, -0.08236843160529571], [0.6261649156669369, 0.7838232762734041, 0.48903444310998717, 0.2609971367309176, -0.02444198345452929, 0.12249649056351679, 0.1622490509744393, -0.24637700691039516, -0.24743840068492035, -0.5800252715302927, -0.35645050957658947, -0.6380332004928434, 0.01811079881215752]], "inverted": false, "swapped": true, "error_lsq": 0.043803534869677835, "error_max": 0.22287777063543834, "target": "672.xyz", "model": "6.xyz", "model_rescale": 4.08911054899281, "target_rescale": 4.248657610732817},
{"mapping": [12, 6, 7, 1, 9, 11, 13, 14, 3, 0, 5, 2, 8, 4, 15], "R": [[-0.9017247304559947, -0.4258935444264475, -0.07421050666813697], [0.4020862700914016, -0.8892904849218218, 0.21791985873594838], [-0.15880535849916538, 0.1666647000518972, 0.9731411695476473]], "T": [-0.04627423718565829, -0.026219787373733712, -0.03963232712996189], "aligned_model": [[0.0095082243057115, 0.33694373642907927, 0.5712449334349263, -0.405581294856602, -0.535231600593466, -0.2284187695295498, 0.09561749497609343, 0.6265775610445325, -0.6093493852214392, -0.3480848252086839, -0.4477962174591632, -0.028968308160550856, 0.32232424810891736, 0.5538042881260077, 0.12374345440374174], [-0.7728483312710196, -0.5819464593582739, -0.2623726368132651, -0.3263807969297499, 0.29713516160596193, 0.7431643961869716, 0.01691656819363043, 0.3903742542742923, -0.212182924249508, -0.6667578881645799, 0.32287800867698174, -0.1864201059924912, 0.5558240042483144, -0.02861634752087349, 0.011991913282721853], [-0.37113969703815136, 0.20048086882675398, -0.3367267906286954, -0.4889383717712453, -0.38947659993477424, 0.019074094131912973, -0.7236741858259763, -0.4833243039661228, 0.1004665108143804, 0.15729314909590159, 0.3382050398280469, 0.68276439985884, 0.32203403608717646, 0.49189512014195336, -0.05486323753792021]], "inverted": true, "swapped": true, "error_lsq": 0.043113151361493095, "error_max": 0.2624638629473777, "target": "672.xyz", "model": "7.xyz", "model_rescale": 3.964800864290218, "target_rescale": 4.248657610732817},
{"mapping": [7, 14, 13, 6, 1, 4, 12, 10, 8, 5, 2, 3, 9, 15], "R": [[0.6711111896213172, -0.6624194227238782, -0.33288178016110315], [0.538591259323635, 0.7441969078288867, -0.395082798610753], [0.5094401108523373, 0.08585726979171973, 0.8562121832108385]], "T": [0.015716734059276333, 0.04394385681896807, 0.14824563378763722], "aligned_model": [[-0.19351362424565782, 0.3825873756400602, 0.377318641449206, -0.6655078844783915, 0.1299059117743466, -0.452705029871889, -0.40874493942482093, 0.6544785201940657, 0.1678303391978365, 0.20565076612983207, -0.506183636292731, -0.038319748552377506, 0.6051086873597533, 0.003282510581640148], [-0.20531341359498773, -0.5442158883999524, 0.14795887420175224, -0.040185436725344185, 0.6367280879967919, -0.6027108905277718, 0.512216001464014, -0.1204420804159349, -0.6754811185459596, 0.03822529328124547, -0.13424569361216315, 0.5297046160332735, 0.37127339246323754, -0.10256327743699867], [-0.4994091237285244, -0.43708910350132446, -0.4419511215462246, -0.05717534175987299, -0.08974974864804164, 0.21923926768322632, -0.37234680581197077, -0.042869340718279136, 0.40266955751113487, 0.7725393220566049, 0.6418944522534532, 0.512086448375627, 0.2554894772205345, 0.05348709933867844]], "inverted": true, "swapped": true, "error_lsq": 0.040817813578577396, "error_max": 0.27770028210773584, "target": "672.xyz", "model": "8.xyz", "model_rescale": 4.121658175737393, "target_rescale": 4.248657610732817},
{"mapping": [13, 7, 12, 1, 14, 10, 4, 5, 2, 8, 9, 3, 15], "R": [[0.08658495008494893, -0.7785306096163815, -0.6216052898014403], [-0.7584764351814504, -0.4560563612344783, 0.4655384974972598], [-0.6459230168473841, 0.4311643367301064, -0.6299847387348851]], "T": [0.05973170915438079, 0.01736180907548706, -0.024165063835605308], "aligned_model": [[-0.5202522498457347, -0.20791165933291536, 0.23668921083161834, 0.00872598844125553, -0.7204328902779498, -0.592243167663081, 0.2791534803786297, 0.2562571030287559, 0.68998745011272, -0.12442567664307894, -0.2469198791338096, 0.44332829555125414, -0.02521850901246713], [0.2292382110725756, -0.30807941427820285, 0.2860712356109371, 0.6046453872164426, -0.41371376877759164, 0.09019251695884142, -0.7528148791298905, 0.0975958626063704, -0.32424561605101, -0.591114185591197, 0.538563702957283, 0.46026041646035504, -0.12621202964320344], [-0.3537621980086971, -0.6139262460702214, -0.7771220935303964, -0.29540394453216645, -0.1934569779905479, 0.17878502178932343, -0.06026717598948357, 0.5929171948110923, 0.15996189376866976, 0.4244833488224266, 0.2926031963942725, 0.14304162707944257, -0.07677821258462575]], "inverted": false, "swapped": true, "error_lsq": 0.04457620956600145, "error_max": 0.262858545805017, "target": "672.xyz", "model": "9.xyz", "model_rescale": 3.833441315466971, "target_rescale": 4.248657610732817},
{"mapping": [10, 11, 1, 0, 3, 9, 5, 6, 7, 12, 14, 4, 8, 13, 15], "R": [[-0.6771406287441786, -0.6680525640141161, 0.30852283646126466], [-0.5984608152954477, 0.7439264356782371, 0.2973518300851403], [-0.42816494655663595, 0.016710176936211546, -0.9035460965146791]], "T": [-0.09063987209996102, 0.0619496153093563, -0.006705164799227087], "aligned_model": [[0.024273351518615732, 0.06722703378291181, -0.6540011226283606, -0.5447159845641544, -0.6125851130536378, -0.49501780011475793, -0.1930336599924488, 0.09857690131328237, 0.268027147398436, -0.43073494612856134, 0.5267893110591825, 0.5893872523144565, 0.5645150772392815, -0.15286671261700865, 0.06800428276729481], [-0.5939093010748339, -0.5890524021407839, 0.01275204244537028, 0.6378641743358006, 0.17586463188377696, -0.4848421431614366, -0.11890050952028056, 0.7263165504460978, 0.23262922548829865, 0.5298398852165506, -0.3774023985771604, 0.45464378739644473, -0.1675915987251495, -0.29344877774063227, 0.05633837302291598], [0.16124816831459862, -0.43079184199663745, 0.31153659130515854, -0.05461797712655194, -0.2997241564195785, -0.0660853439635099, -0.6252995329194985, 0.18344236814569673, 0.5995865590575693, 0.572843830388683, 0.49218732853407, -0.16787527528394322, -0.35816668534706253, 0.5930673552552902, 0.06677051987780862]], "inverted": true, "swapped": true, "error_lsq": 0.04410831804842828, "error_max": 0.2590462471822288, "target": "672.xyz", "model": "10.xyz", "model_rescale": 4.2482417240324, "target_rescale": 4.248657610732817},
{"mapping": [9, 5, 8, 2, 13, 7, 10, 6, 3, 12, 1, 15], "R": [[-0.7120094411939577, 0.1557758723837214, 0.6846725007138517], [-0.6904356529918129, 0.022197955585652795, -0.7230531514664651], [-0.12783256521105152, -0.9875429754450733, 0.09174806221743509]], "T": [0.031373198689180176, 0.008812387456905768, -0.01632173641632582], "aligned_model": [[-0.5961289676058626, 0.02868307472316997, 0.3556796800714557, 0.6663682945165458, -0.4569093605712349, 0.18133070483094801, -0.4421688082178704, 0.5790516157301561, -0.1000970080280098, -0.0005334357409996493, -0.4363252931529338, 0.09781510580764245], [-0.25781061401023486, -0.6407627902210646, -0.22368329826980055, -0.33319180080959554, 0.48758215138750677, 0.7033688821766695, 0.053816499048124855, 0.3754138875544096, -0.3647386839947998, 0.581350654950078, 0.1710012595550288, 0.11378524268431724], [0.018057732142481134, 0.04608899581512435, 0.6516703587927818, -0.18255961390660622, 0.13289933697389786, 0.1267420137731676, 0.47895282067441447, -0.2973807831710918, -0.47939708316734003, -0.6008257148552397, -0.4358774604830862, 0.10682168726585352]], "inverted": true, "swapped": true, "error_lsq": 0.04588493743328059, "error_max": 0.2490317184957043, "target": "672.xyz", "model": "11.xyz", "model_rescale": 3.6694154284099745, "target_rescale": 4.248657610732817},
{"mapping": [7, 12, 1, 0, 6, 14, 4, 11, 3, 5, 9, 2, 13, 15], "R": [[0.32089789926532286, -0.6571780297912377, -0.6820128850738889], [-0.7036450079834033, -0.6474294460495051, 0.2927777572290407], [-0.6339623340444909, 0.3859431947161887, -0.6701787891787707]], "T": [0.025815066265580583, 0.04630601573437225, 0.04378220486353087], "aligned_model": [[-0.11106388108814799, 0.17201304022801014, -0.16017515137243263, 0.5623269233691859, 0.5218364998152095, -0.6028522966791993, 0.4405583313867517, -0.3528755529008908, 0.26948340702646234, 0.15656079416554766, -0.42504517222728155, 0.7109759950622397, -0.568162771604375, -0.015315314925270246], [-0.3323557106800515, 0.3587362433921674, 0.602335986757559, 0.4860372003245457, -0.16532948694148958, -0.5719768633598508, -0.6394910089756345, -0.08319435329868587, 0.5724658094605733, 0.16945940721717534, 0.46644694112164686, -0.12053254376340787, 0.10237029645359567, -0.11398462957188955], [-0.5589139585091324, -0.6988324375524676, -0.23426891519886175, -0.19901368735974187, -0.4279334378657014, -0.16986782769914763, 0.02669793784110449, 0.7281784101782164, 0.2309858538193937, 0.6711489592601724, 0.33744083258556484, 0.26859338150809176, -0.3222156063629343, -0.012904044992140741]], "inverted": false, "swapped": true, "error_lsq": 0.043002354880818154, "error_max": 0.2959486550114636, "target": "672.xyz", "model": "12.xyz", "model_rescale": 3.9764082729961374, "target_rescale": 4.248657610732817},
{"mapping": [2, 9, 8, 1, 3, 10, 7, 4, 14, 12, 13, 13, 0, 5, 6, 15], "R": [[-0.2334121589801279, 0.9277597539244292, -0.29117108894654764], [0.6112771967868754, 0.37287451699543617, 0.6980721905818911], [0.7562135629097215, -0.01504770990892107, -0.6541518277111835]], "T": [0.013283298097897245, 0.05041957794863577, 0.03755545126733098], "aligned_model": [[0.09204102131643373, -0.22569840641595978, 0.052739311411530036, -0.4203836190463142, 0.5825413023421095, -0.5567447721523757, 0.6410424428038777, 0.6068265180261978, 0.2693310515139425, -0.6116488346735349, -0.2777655391769588, -0.2777655391769588, 0.28045179667976405, 0.03265241139457187, 0.24348061273927385, 0.11709560513704576], [-0.7176615250133528, -0.27110660045790563, -0.2384533011299303, -0.3915997466656171, 0.12454069498423981, -0.04876113287528761, -0.367382759616226, 0.07053355052396154, 0.7179528420198754, 0.11864902418291062, 0.5847216068876178, 0.5847216068876178, -0.4958562076134511, 0.12571354510554344, 0.7189829695303083, 0.07613800501907957], [-0.16271475173912478, 0.48589437220166, -0.606376625426169, -0.10342149685962701, -0.5779888866376669, -0.5204571692758578, -0.011366546712549802, 0.44149306521732223, -0.3197216525387513, 0.14718257858799716, -0.027961434949434677, -0.027961434949434677, 0.4341808324222656, 0.8722886791878406, 0.3268494081138954, 0.02529811920436846]], "inverted": false, "swapped": false, "error_lsq": 0.04113133723762239, "error_max": 0.3418458394079175, "target": "672.xyz", "model": "13.xyz", "model_rescale": 4.170626492500431, "target_rescale": 4.248657610732817},
{"mapping": [5, 8, 2, 4, 3, 12, 6, 11, 9, 14, 10, 7, 1, 15], "R": [[-0.9755846035981766, 0.19687145288066435, 0.09734635207775078], [-0.12807126686317763, -0.8700413688118029, 0.4760522735584247], [0.1784164561531525, 0.4519619979563999, 0.8740125402858987]], "T": [0.01161039665718819, 0.1066010977117893, 0.04270004340915267], "aligned_model": [[0.41219107187851634, -0.06336850652908814, -0.29358450636462674, -0.613084648078727, 0.3145388489319847, -0.3464977432689779, -0.6619348658080422, 0.5588585279600544, 0.6726361911027682, -0.1661810016727235, 0.38938709692531503, -0.5204387241314414, 0.2579624537562097, -0.09730117260957795], [-0.12871020625681964, -0.6627347644176097, -0.013481868882258219, -0.3418508032823425, 0.46654185168379403, 0.8103970800483775, 0.31159266512001027, -0.4666684096146694, 0.17835226722917724, -0.39051285498227284, -0.2029526057361067, 0.12393397796271285, 0.6685987006876302, 0.003569438366042843], [-0.41557275807900307, -0.04642275013174819, -0.6208184723329364, -0.1837252220125834, -0.34452160040484037, 0.25924744524339466, -0.0901823588535679, 0.021330644055749075, 0.19737845245573377, 0.7805419268393354, 0.525427252796938, 0.5346212962069947, 0.25375329098786714, 0.1328159543495334]], "inverted": false, "swapped": true, "error_lsq": 0.040146906910321585, "error_max": 0.28437526468986096, "target": "672.xyz", "model": "14.xyz", "model_rescale": 3.9786697098870705, "target_rescale": 4.248657610732817},
{"mapping": [5, 10, 0, 2, 1, 12, 14, 7, 6, 4, 13, 15], "R": [[-0.3819709189322463, 0.8292360594433622, 0.40800217500510993], [0.05622671684855696, 0.46151146646093344, -0.8853506213006863], [-0.922462342538972, -0.31523756762785055, -0.22290918005678625]], "T": [-0.00980586348686957, -0.07404274229952598, -0.18327500717323722], "aligned_model": [[-0.04899899276856026, -0.6954858918546027, 0.6330965332462914, 0.5484978691979663, -0.022772639434071873, 0.38934501959702567, -0.6346064273946415, -0.021517614098193333, 0.5640805782490506, 0.2854473324317787, -0.457566613591089, -0.05616455681361773], [-0.5037270743453395, -0.04407413996625398, 0.19646484500707254, -0.5574305731305288, 0.5220692228297374, 0.6125092088532869, -0.08603010161054617, 0.1867581510869689, -0.011431314541401921, -0.6034082013754788, 0.4179887878795707, -0.11501432046264815], [-0.6728518868677715, -0.16071240894262764, -0.41492233886227703, -0.23281100927054338, -0.4393150486751388, 0.016194270604757782, 0.47446602604903165, 0.4928972663860749, 0.24107939333973052, 0.3413383440496338, 0.0342624775311649, -0.0196585914682052]], "inverted": true, "swapped": true, "error_lsq": 0.04927466714439088, "error_max": 0.3076255644831236, "target": "672.xyz", "model": "15.xyz", "model_rescale": 3.769337070930944, "target_rescale": 4.248657610732817},
{"mapping": [10, 14, 5, 8, 9, 13, 3, 7, 2, 4, 15], "R": [[-0.24086912299328117, -0.8562990197245527, 0.4568742216488233], [-0.5507921186512771, -0.26698821153963515, -0.79078779513249], [0.7991308451186736, -0.44211908318646187, -0.4073335349100014]], "T": [0.1667377372249006, 0.10776992081529768, 0.024480969925453074], "aligned_model": [[-0.11367979478184786, -0.3694232305383014, -0.008535846948245357, -0.6030696583832019, 0.3065637260531743, 0.28868767180378674, 0.5697562678357846, 0.10987054215793796, 0.03396535669439485, -0.3410583532893071, 0.04954945008699638], [-0.1547100156071154, -0.5996416870018416, 0.7055250132325697, 0.21494609069973675, 0.231282245251911, -0.4774276718384577, 0.5572134355294909, -0.5581729482256507, 0.5960184774647955, 0.09210451155775551, -0.011072953437852084], [-0.544759383515895, -0.1632500663999658, -0.16998822532228444, 0.06125350432150665, -0.6321940943454272, -0.3396333861280391, -0.05822444749775129, 0.3049260303609537, 0.5646712237500215, 0.6445770372049043, 0.07683941479575374]], "inverted": false, "swapped": true, "error_lsq": 0.04601682036354291, "error_max": 0.22777922189494448, "target": "672.xyz", "model": "16.xyz", "model_rescale": 3.7852294659196426, "target_rescale": 4.248657610732817},
{"mapping": [9, 0, 12, 1, 5, 2, 4, 6, 13, 14, 8, 7, 15], "R": [[-0.3120979511616837, -0.31530555863226484, -0.8962015808824904], [-0.5076837124289523, -0.7419881481306938, 0.43784796010480687], [-0.8030268470076429, 0.5916383969361514, 0.07149748426192848]], "T": [-0.07819154678142645, 0.025000771761581365, -0.09945318112190134], "aligned_model": [[-0.020882815187718534, -0.37019115321665874, 0.2689739789997646, 0.15386321027808, -0.6165668794842727, -0.6955579049983959, -0.25387381598518577, -0.08107633412504739, 0.5871066347689315, 0.6177272111625726, -0.24045657427320946, 0.4891204114253187, 0.015579880852103906], [-0.29326388690511657, -0.47631868507100755, -0.472116925534575, -0.5788878519817082, 0.0644767031175679, 0.2262514691193242, 0.6721220573740815, 0.09478184229159436, -0.10806101317871722, 0.5834305849131639, 0.7575599850539317, 0.23882013408814914, 0.16626121041618575], [-0.7006620115640324, 0.3517378702488891, 0.4508313767385738, -0.14988367725788657, -0.4661191049553848, 0.25576169044747116, 0.3398544437138213, 0.6136139800393836, -0.2714420304409286, -0.26375757653538145, -0.3055343226257276, 0.2977893606505443, -0.056435301316168286]], "inverted": true, "swapped": true, "error_lsq": 0.04177154233642129, "error_max": 0.28232909269545997, "target": "672.xyz", "model": "17.xyz", "model_rescale": 3.901054581598922, "target_rescale": 4.248657610732817},
{"mapping": [7, 14, 6, 12, 8, 2, 10, 13, 4, 3, 5, 9, 1, 0, 15], "R": [[0.5314447933837587, -0.1563961368922833, -0.832530287707579], [0.05714208432099957, 0.9871888289449533, -0.14897314592148467], [0.8451634243060605, 0.031598486853999436, 0.5335731644711829]], "T": [0.037818290695716544, 0.033971424247223034, 0.06883700492880583], "aligned_model": [[0.05422761164620685, 0.281621608680346, -0.4129005085160856, 0.19551461091878444, -0.3247278575381892, -0.6607635248664216, 0.5139022564348741, 0.6251805442077136, -0.6624565887593908, 0.07451691634594067, -0.10935062051816122, 0.5868397816906231, 0.526087357865423, -0.14734636453380026, -0.0012590119688291046], [-0.04420415852280936, -0.6504825536627517, 0.35300413611139947, 0.6673331357352105, -0.64862470127555, 0.17572746270363293, -0.46045112970952434, -0.07687717693703418, -0.23491105272596124, 0.4599872178405876, -0.08678721411607306, -0.03127207684670699, 0.4612275361603075, 0.7435472725758615, -0.07845934750348302], [-0.6515674141778893, -0.47450947982094993, -0.3876859286973234, -0.42557963605809873, 0.15864344585591517, 0.26810903245941164, 0.09016034828918394, -0.2953407594124514, -0.21389734746768135, 0.5029191970191407, 0.6930236040742451, 0.4692710562599087, 0.05789863305859068, 0.11756583332390562, -0.059344179853931686]], "inverted": true, "swapped": true, "error_lsq": 0.03376819300419299, "error_max": 0.22007106856278974, "target": "672.xyz", "model": "18.xyz", "model_rescale": 3.9405287249114394, "target_rescale": 4.248657610732817},
{"mapping": [10, 1, 11, 2, 13, 5, 14, 12, 7, 6, 0, 8, 3, 1, 4, 15], "R": [[-0.3210944271485191, 0.12081029297849741, 0.9393099818295416], [-0.8452405671723512, 0.4108031636194258, -0.34177352789008264], [-0.4271612721915766, -0.9036844769446473, -0.029792845935775775]], "T": [0.13995894225402292, 0.10739461332080985, -0.02021577219685572], "aligned_model": [[0.0731385736477517, -0.1591807643964693, 0.21701082616706083, -0.5276780368692854, 0.6795088478129881, -0.5384964198638879, 0.6932896365657132, 0.5381865374762579, 0.19563077153627725, -0.5888588171424101, -0.19317245137444553, -0.4478619776293231, 0.30011633754631234, -0.1591807643964693, 0.34865266745449275, 0.1170903961880817], [-0.6648046043539226, -0.05557382361973018, -0.26907291134381617, -0.4478902334934925, 0.12904237933335092, 0.03540373726360982, -0.4266590092348977, 0.096546151834903, 0.7122664191393007, 0.13673828522842882, 0.5357242860166451, 0.5658424715279382, -0.5219266293705964, -0.05557382361973018, 0.7458221024966596, 0.07524777396473269], [-0.15116401963980203, 0.5450064393674574, -0.6297634831745584, -0.05549871451416137, -0.41989954596049606, -0.49537709021089477, -0.11159866470882451, 0.3558642133066238, -0.376103809213539, 0.14179372783188005, 0.4019588646815147, -0.14891807593983605, 0.5309039762285643, 0.5450064393674574, 0.2687864747540097, -0.025779676328662134]], "inverted": false, "swapped": false, "error_lsq": 0.037392640488045, "error_max": 0.33589729502222543, "target": "672.xyz", "model": "19.xyz", "model_rescale": 4.410303926677745, "target_rescale": 4.248657610732817},
{"mapping": [7, 14, 13, 6, 1, 4, 12, 10, 8, 5, 2, 3, 9, 15], "R": [[0.6711111896213172, -0.6624194227238782, -0.33288178016110315], [0.538591259323635, 0.7441969078288867, -0.395082798610753], [0.5094401108523373, 0.08585726979171973, 0.8562121832108385]], "T": [0.015716734059276333, 0.04394385681896807, 0.14824563378763722], "aligned_model": [[-0.19351362424565782, 0.3825873756400602, 0.377318641449206, -0.6655078844783915, 0.1299059117743466, -0.452705029871889, -0.40874493942482093, 0.6544785201940657, 0.1678303391978365, 0.20565076612983207, -0.506183636292731, -0.038319748552377506, 0.6051086873597533, 0.003282510581640148], [-0.20531341359498773, -0.5442158883999524, 0.14795887420175224, -0.040185436725344185, 0.6367280879967919, -0.6027108905277718, 0.512216001464014, -0.1204420804159349, -0.6754811185459596, 0.03822529328124547, -0.13424569361216315, 0.5297046160332735, 0.37127339246323754, -0.10256327743699867], [-0.4994091237285244, -0.43708910350132446, -0.4419511215462246, -0.05717534175987299, -0.08974974864804164, 0.21923926768322632, -0.37234680581197077, -0.042869340718279136, 0.40266955751113487, 0.7725393220566049, 0.6418944522534532, 0.512086448375627, 0.2554894772205345, 0.05348709933867844]], "inverted": true, "swapped": true, "error_lsq": 0.040817813578577396, "error_max": 0.27770028210773584, "target": "672.xyz", "model": "20.xyz", "model_rescale": 4.121658175737393, "target_rescale": 4.248657610732817},
{"mapping": [2, 0, 12, 4, 7, 5, 1, 8, 9, 10, 13, 14, 15], "R": [[0.9654260349522497, 0.250854682183309, -0.07088370379070824], [0.16199958151939348, -0.36432692957596535, 0.9170725292872375], [0.20422709571435232, -0.8968488260640479, -0.3923690565827282]], "T": [-0.0035913719420696683, -0.0821646894404239, 0.09562462930420161], "aligned_model": [[0.1675894655123933, -0.16558720118830134, 0.10254035256001916, 0.6760522781658928, 0.5784348493136481, -0.3779709906898439, -0.38905587223781607, 0.332902681559804, -0.5904530124885593, -0.1190984507716558, 0.0044296285579170785, 0.5080795323609153, 0.15321964400988147], [-0.5690371510396013, 0.11857969133003879, 0.6280661021556406, -0.47377399716878654, 0.3327963941510138, -0.61598867902755, 0.4355731018689314, -0.6947404070414019, -0.019475665006556786, -0.04069644243509915, 0.45213017824284996, 0.06976220973900008, -0.08236843160529571], [0.6261649156669369, 0.7838232762734041, 0.48903444310998717, 0.2609971367309176, -0.02444198345452929, 0.12249649056351679, 0.1622490509744393, -0.24637700691039516, -0.24743840068492035, -0.5800252715302927, -0.35645050957658947, -0.6380332004928434, 0.01811079881215752]], "inverted": false, "swapped": true, "error_lsq": 0.043803534869677835, "error_max": 0.22287777063543834, "target": "672.xyz", "model": "21.xyz", "model_rescale": 4.08911054899281, "target_rescale": 4.248657610732817},
{"mapping": [1, 15, 0, 2, 6, 4, 8, 5, 7, 14, 12, 13, 11, 9, 10, 16], "R": [[0.5428583394127114, -0.5501626788518639, 0.634528053066698], [-0.8381763955387287, -0.30761680029914984, 0.450368997751197], [-0.05258472489020072, -0.776333002629834, -0.6281257165058347]], "T": [-0.0013904174602626732, 0.020971697479673927, 0.03510950908664594], "aligned_model": [[0.12549690099694485, -0.3405490616470235, 0.1125548737979215, -0.49389918506491537, 0.6181024269839991, -0.4551855132079882, 0.5898411158106389, 0.5204323254379377, 0.17780720317840615, -0.5006107068967545, -0.25085304451896495, -0.3695404534650663, 0.30034465942015964, 0.05759823493570378, 0.47139839626750324, -0.014742809305857685], [-0.72264947206372, -0.47720782374034737, -0.033216717509504945, -0.4752751535405735, 0.14457502527684438, -0.04834605928460532, -0.3405974571178409, 0.12335416694985772, 0.5980202853629085, 0.17704069622379864, 0.6886269211310418, 0.46919964335461434, -0.5387167626813482, 0.3432969070508299, 0.6480010090518723, 0.035027363305556364], [-0.21172149765216158, 0.445347972184101, -0.7291937582492477, -0.14496826871585572, -0.360510209318784, -0.48982595889036135, 0.01331412953385154, 0.4987342591675203, -0.3399895818064651, 0.4069214994702475, 0.22739680993123557, -0.2815720747710697, 0.46125244426332696, 0.6677029090885245, 0.22069072919828198, -0.008362347586410877]], "inverted": true, "swapped": false, "error_lsq": 0.03911516695429807, "error_max": 0.2450589573252987, "target": "672.xyz", "model": "22.xyz", "model_rescale": 4.204369325754507, "target_rescale": 4.248657610732817},
{"mapping": [10, 1, 11, 2, 13, 5, 14, 12, 7, 6, 0, 8, 3, 1, 4, 15], "R": [[-0.3210944271485191, 0.12081029297849741, 0.9393099818295416], [-0.8452405671723512, 0.4108031636194258, -0.34177352789008264], [-0.4271612721915766, -0.9036844769446473, -0.029792845935775775]], "T": [0.13995894225402292, 0.10739461332080985, -0.02021577219685572], "aligned_model": [[0.0731385736477517, -0.1591807643964693, 0.21701082616706083, -0.5276780368692854, 0.6795088478129881, -0.5384964198638879, 0.6932896365657132, 0.5381865374762579, 0.19563077153627725, -0.5888588171424101, -0.19317245137444553, -0.4478619776293231, 0.30011633754631234, -0.1591807643964693, 0.34865266745449275, 0.1170903961880817], [-0.6648046043539226, -0.05557382361973018, -0.26907291134381617, -0.4478902334934925, 0.12904237933335092, 0.03540373726360982, -0.4266590092348977, 0.096546151834903, 0.7122664191393007, 0.13673828522842882, 0.5357242860166451, 0.5658424715279382, -0.5219266293705964, -0.05557382361973018, 0.7458221024966596, 0.07524777396473269], [-0.15116401963980203, 0.5450064393674574, -0.6297634831745584, -0.05549871451416137, -0.41989954596049606, -0.49537709021089477, -0.11159866470882451, 0.3558642133066238, -0.376103809213539, 0.14179372783188005, 0.4019588646815147, -0.14891807593983605, 0.5309039762285643, 0.5450064393674574, 0.2687864747540097, -0.025779676328662134]], "inverted": false, "swapped": false, "error_lsq": 0.037392640488045, "error_max": 0.33589729502222543, "target": "672.xyz", "model": "23.xyz", "model_rescale": 4.410303926677745, "target_rescale": 4.248657610732817},
{"mapping": [13, 6, 11, 14, 1, 9, 7, 0, 10, 15, 4, 8, 12, 5, 2, 16], "R": [[0.11570248450369419, 0.07574301598488772, -0.9903918066145265], [-0.12724599374048495, -0.9877424909595874, -0.09040591037065147], [-0.9850996864057309, 0.1364835780688023, -0.10464626491599349]], "T": [0.034922351936251456, 0.013925498027557312, -0.039282710937202134], "aligned_model": [[0.06417731200887049, -0.3100439734180883, 0.05540203928250338, -0.4103176382755559, 0.7466231449642913, -0.44966507175401926, 0.5712481904271508, 0.6610035714015801, -0.0019493218303326953, -0.6602801082998854, -0.029066529707133068, -0.4459612376085741, 0.3213215419904005, -0.12685367404769826, 0.43809806815671737, 0.124459049432418], [-0.6741430046132906, -0.46995125411592475, -0.1862740156219742, -0.45388406954190713, 0.19173721813658023, 0.13369011114516022, -0.3623383636670356, 0.08583949164008842, 0.49337417044447646, -0.013295245130931013, 0.6535719893025064, 0.6727845050981519, -0.3174467911196982, 0.1548410505905748, 0.5885683632364583, 0.09405841598614814], [0.10175808746477848, 0.43480548008467557, -0.63946786882721, -0.24192907685896253, -0.4844796594504048, -0.41776844365958776, -0.15202577294992164, 0.3769341739217275, -0.47809177700913214, 0.1196725068389738, 0.2069735828236393, -0.1410788275767283, 0.6347675429054419, 0.5519645790275236, 0.5439229736141397, -0.04074044450221934]], "inverted": false, "swapped": false, "error_lsq": 0.0423568197637991, "error_max": 0.3053393915525715, "target": "672.xyz", "model": "24.xyz", "model_rescale": 4.28219845311461, "target_rescale": 4.248657610732817},
{"mapping": [0, 8, 4, 1, 13, 3, 2, 14, 7, 5, 11, 9, 6, 10, 12, 15], "R": [[-0.5090541615928019, -0.8510599010879094, -0.12868918107318794], [-0.44380457893539993, 0.38762827489001234, -0.8079491421010148], [0.737496682216959, -0.3541770253221279, -0.5750280675349221]], "T": [0.048647429347771054, 0.08029097052842178, -0.024576682198649183], "aligned_model": [[0.18620375240698261, -0.33654926699117826, 0.1259436253391318, -0.45670631580639715, 0.5146304031345743, -0.5004276325045449, 0.6581432341119342, 0.573986075344179, 0.09750900860961687, -0.7346192785966048, -0.026562662995244138, -0.2762119344950056, 0.24843908012261856, 0.03474737501341143, 0.37579299869211796, 0.0638769013370528], [-0.7121306696524654, -0.25059636078265773, -0.27646423114194435, -0.3017586022799405, 0.36293626300882, 0.013506890062825475, -0.23117488355708843, 0.14335078753380986, 0.4384621342878183, 0.18684159368848974, 0.43286360243173194, 0.6479661309541538, -0.6164119244484427, 0.012488910465755468, 0.731325479079393, 0.009927452119125157], [-0.16132599369698403, 0.44879752077001206, -0.6581377267650853, -0.1169515436181675, -0.26098303515153043, -0.5668882235732218, -0.041426314289235225, 0.5233169127598398, -0.7136862302920586, 0.29231590188044054, 0.38348342672051805, -0.1951199020526076, 0.5110402586952505, 0.7659386484361455, 0.20683149692901848, -0.041988140905600956]], "inverted": true, "swapped": false, "error_lsq": 0.04711834579711782, "error_max": 0.32108101549464985, "target": "672.xyz", "model": "25.xyz", "model_rescale": 4.100010024507729, "target_rescale": 4.248657610732817},
{"mapping": [9, 5, 8, 2, 13, 7, 10, 6, 3, 12, 1, 15], "R": [[-0.7120094411939577, 0.1557758723837214, 0.6846725007138517], [-0.6904356529918129, 0.022197955585652795, -0.7230531514664651], [-0.12783256521105152, -0.9875429754450733, 0.09174806221743509]], "T": [0.031373198689180176, 0.008812387456905768, -0.01632173641632582], "aligned_model": [[-0.5961289676058626, 0.02868307472316997, 0.3556796800714557, 0.6663682945165458, -0.4569093605712349, 0.18133070483094801, -0.4421688082178704, 0.5790516157301561, -0.1000970080280098, -0.0005334357409996493, -0.4363252931529338, 0.09781510580764245], [-0.25781061401023486, -0.6407627902210646, -0.22368329826980055, -0.33319180080959554, 0.48758215138750677, 0.7033688821766695, 0.053816499048124855, 0.3754138875544096, -0.3647386839947998, 0.581350654950078, 0.1710012595550288, 0.11378524268431724], [0.018057732142481134, 0.04608899581512435, 0.6516703587927818, -0.18255961390660622, 0.13289933697389786, 0.1267420137731676, 0.47895282067441447, -0.2973807831710918, -0.47939708316734003, -0.6008257148552397, -0.4358774604830862, 0.10682168726585352]], "inverted": true, "swapped": true, "error_lsq": 0.04588493743328059, "error_max": 0.2490317184957043, "target": "672.xyz", "model": "26.xyz", "model_rescale": 3.6694154284099745, "target_rescale": 4.248657610732817},
