[{"mapping": [11, 10, 3, 1, 6, 13, 5, 9, 2, 0, 8, 14], "R": [[-0.6265082548046625, -0.09353668857157282, -0.7737818132734062], [0.6428081057996315, -0.6234457416609965, -0.4450990297934378], [-0.44077788712673155, -0.7762514380636176, 0.45072004517689224]], "T": [-0.018874674972469647, -0.07670433923215719, 0.08959727209644067], "aligned_model": [[-0.30044430920910364, 0.16060202818439662, 0.4653522286566786, 0.03188019715351508, -0.012697790951489825, -0.6561534992646387, 0.4381558842141834, -0.2976371300157942, 0.5620748579655632, 0.11328223100061519, -0.6217870855225937, -0.04498514975078295], [-0.3034970915051747, -0.6290956578399067, -0.3351379870059273, 0.6695862484160515, 0.2688539114418395, -0.48718585899131034, -0.10926675806928886, -0.5734363245933054, 0.1651688138927105, 0.49169529415434604, -0.0744155564759219, -0.029713997447054823], [-0.5584934607201856, -0.014401831526061781, -0.5345448995068077, 0.018016222962263406, -0.6008003933882233, -0.053603498897736995, 0.4906901309004311, 0.6195734012618663, -0.17327414893191143, 0.48133062666912285, 0.430296180489817, 0.07716341604098849]], "inverted": false, "swapped": true, "error_lsq": 0.04108403637016199, "error_max": 0.2612402197181241, "target": "674.xyz", "model": "0.xyz", "model_rescale": 3.751011558992144, "target_rescale": 4.211688371577073},
{"mapping": [9, 11, 10, 4, 8, 5, 6, 13, 3, 2, 8, 1, 7, 0, 14], "R": [[0.9974811466618145, -0.06170380952728097, -0.03498573915257957], [-0.07071568787684082, -0.8265626024615664, -0.5583847738791482], [0.005536564127375126, 0.5594523251375253, -0.8288440398264802]], "T": [0.046735920469951425, -0.006940936668480589, -0.03285868150768349], "aligned_model": [[-0.04029158561902717, 0.6234187097743067, -0.08497582950419708, -0.21321616253296252, -0.5291354542689348, -0.486284272323647, 0.6381704210970602, -0.14404414124338435, 0.22953154997019587, -0.48693862947048105, -0.5291354542689348, 0.24473999397652496, 0.6468398732207788, 0.15716598394935005, 0.07550837677655295], [-0.6145040587405687, -0.3591594646603245, -0.1730458358379415, 0.5019345534360473, 0.32275851015454415, -0.3318358598228974, 0.27893352276441474, -0.6044176944122123, -0.20067088997385005, -0.062327009961219454, 0.32275851015454415, 0.6593656835595402, 0.18162743522495894, 0.40928755969707703, -0.053488582545313454], [-0.27261457239723713, -0.4572524349797192, -0.8250170782437852, -0.5797084049446901, -0.04227604105319384, -0.053323528889984664, -0.3964611707484103, 0.33337442774006415, 0.6830046801338268, 0.596316937552048, -0.04227604105319384, 0.017295322828476525, 0.17688935498261182, 0.5916920036994404, -0.03590414777365315]], "inverted": false, "swapped": false, "error_lsq": 0.04688924290658287, "error_max": 0.5078709490302888, "target": "674.xyz", "model": "1.xyz", "model_rescale": 3.9405287249114394, "target_rescale": 4.211688371577073},
{"mapping": [0, 8, 12, 10, 13, 1, 5, 9, 11, 6, 3, 2, 14], "R": [[0.5886790908132297, -0.3223110407729624, -0.7413315864275307], [0.08166390491352264, 0.9360934803688504, -0.34214032595589805], [0.8042312693955544, 0.1408708238308513, 0.5773798371259883]], "T": [0.00011032779970421291, 0.03289431597888617, 0.06922131107728881], "aligned_model": [[-0.4132701268591217, 0.2566933353395955, -0.20716225551638176, 0.42452366456726354, 0.47392875507149673, -0.7150120924628255, 0.060075370617995436, 0.699298423285602, 0.049931436227076756, -0.5526561867937682, -0.09300765149829326, -0.44660565671760916, -0.04075373597709935], [0.5907231143748474, 0.42210971371482453, -0.09902596013900264, -0.2943332835919087, -0.17358926595116905, 0.24358118113720395, 0.3307056493086712, 0.3657585352634646, -0.6117380202999244, -0.46996914714457705, -0.6982726030225556, -0.18970312255793415, 0.04258580248007679], [0.1785018834643219, -0.442892830408127, -0.6019664583617405, 0.3161206570798903, -0.5034797166320562, -0.024908990843007614, 0.5969762996038622, -0.00603350776276361, -0.29506568779764303, -0.12487946896085943, 0.4533320677125925, 0.533981007641571, 0.03343509485260322]], "inverted": true, "swapped": true, "error_lsq": 0.049482692011179136, "error_max": 0.3494591594901612, "target": "674.xyz", "model": "2.xyz", "model_rescale": 3.932901565614263, "target_rescale": 4.211688371577073},
{"mapping": [12, 13, 11, 8, 6, 2, 3, 1, 7, 5, 10, 9, 4, 14], "R": [[0.6218822042412421, -0.7043039856411514, -0.34237175680543985], [-0.016988853125559367, 0.42495814275306787, -0.9050535651426062], [0.7829264990518155, 0.5686532095379857, 0.25230858955773855]], "T": [-0.014966683342641906, -0.058430714562416934, 0.051007998257453196], "aligned_model": [[-0.262099226096325, 0.37137502583267573, 0.269941293442277, -0.09299741732683985, -0.2754650237786622, -0.1894560049604232, 0.34351231845662994, -0.7432639054136595, -0.18990391583020302, -0.0032551609874301203, 0.5554413568832551, 0.39832477526053806, 0.29926585070849965, -0.061610054137629156], [0.059544821016819384, 0.3168577672273571, -0.3139490879652489, 0.594775019768937, -0.6106611125553572, -0.6710600157286549, -0.8064505445232952, -0.23953794298343778, 0.5859792078039513, -0.06813587015225189, -0.18470637522891942, 0.5787996515220925, -0.5220063324373245, -0.055952547414178586], [-0.6091928683028496, -0.501282213457132, -0.5848188767552417, -0.16536629017079116, -0.4215169187304171, 0.29461666397130426, -0.0016819830278431425, 0.013154689428785296, 0.5046937869489897, 0.6597619507979258, 0.13379081394066203, 0.21968965076665767, 0.6504117917993041, 0.021636165847743007]], "inverted": true, "swapped": true, "error_lsq": 0.047081917886582926, "error_max": 0.26864831541684425, "target": "674.xyz", "model": "3.xyz", "model_rescale": 3.9243930471874484, "target_rescale": 4.211688371577073},
{"mapping": [5, 10, 7, 0, 8, 2, 1, 9, 13, 11, 12, 6, 14], "R": [[-0.13529721779974202, 0.6153094095534253, -0.776588046116256], [-0.09313612696149981, -0.788222600324253, -0.6083015651736269], [-0.9864179259878951, -0.009973106491353412, 0.16395186011952273]], "T": [-0.049405634360623826, -0.08239763441514335, -0.15766758341410875], "aligned_model": [[-0.03249534699319659, -0.31101900516585285, 0.6393109154839945, 0.23945049133359209, 0.591246407388049, -0.5859874868931817, -0.04303237209099568, 0.47067088089886056, 0.18962202196164774, -0.3986260574221333, 0.09510791471916959, -0.5403580877026282, -0.0366843892059728], [-0.48692274066709323, 0.23675169991599065, -0.3719379671458542, -0.7096090677503235, 0.15037757947168545, -0.5028853355486465, -0.6100004984308607, 0.23376518923856565, 0.6442521436206876, 0.49205717796524706, 0.21425935311994648, -0.06732684254087527, -0.09495113756688264], [-0.612515036004037, -0.5794092294670805, -0.46350068807678474, -0.026646330719696576, -0.03533598199606648, -0.13826720338846374, 0.37735030812078035, -0.6423193721476721, -0.057809091727722736, 0.1566328684154497, 0.47634217263783946, 0.4380136692718432, -0.10546576954742479]], "inverted": true, "swapped": true, "error_lsq": 0.044287477623263315, "error_max": 0.2647555197539938, "target": "674.xyz", "model": "4.xyz", "model_rescale": 3.8936222436046832, "target_rescale": 4.211688371577073},
{"mapping": [13, 8, 12, 11, 1, 0, 5, 2, 3, 10, 6, 14], "R": [[-0.32787396155189513, 0.9125615557469743, -0.24439736559326597], [0.5490528135052497, -0.026455014052704784, -0.8353688647618133], [-0.7687910465908381, -0.40808276023881873, -0.4923705794192327]], "T": [-0.132771046696894, -0.1536025255501504, 0.05075698910849933], "aligned_model": [[0.0421186594327739, -0.5503431338591886, -0.26140898105514476, 0.3691557313835381, -0.569527780035969, -0.7372914294623797, -0.2399668883555812, 0.06174304721951615, 0.6110021278467036, 0.3634198507182911, 0.10263620139041313, -0.16398936300787512], [-0.5665339323684108, -0.5394581336221118, 0.05401341982493099, -0.02000509791854954, 0.45786505110296627, 0.07376288696706743, -0.27824957738082867, 0.3600019975762706, 0.17569731107364792, -0.44615320619166443, 0.5172783426970432, -0.11929615665055392], [-0.5769587767611267, -0.344633148912983, -0.6209615575761496, -0.47929890053572455, 0.05004745621412838, 0.3279909843670227, 0.6370887113746184, 0.45508485991251557, 0.2215790523861312, 0.1787123015501897, -0.250241155702408, 0.020874892959304777]], "inverted": false, "swapped": true, "error_lsq": 0.035976074883231755, "error_max": 0.24068758317729944, "target": "674.xyz", "model": "5.xyz", "model_rescale": 3.6523030999806103, "target_rescale": 4.211688371577073},
{"mapping": [6, 2, 3, 11, 10, 1, 5, 12, 0, 8, 9, 13, 14], "R": [[-0.11825439975597858, -0.9536291674442441, -0.276780252073646], [0.9872958737402602, -0.08312703077673539, -0.13541327279738874], [0.10612612606615557, -0.2892772160987475, 0.9513442792240614]], "T": [0.0012522640166229698, 0.03849668771410048, -0.0007458879430938398], "aligned_model": [[0.2381004598372526, -0.19774267132083068, 0.40101548050934227, 0.6857529028357373, 0.35741912675013743, -0.44902219881667726, -0.41814145748106696, 0.27724799913468495, -0.6749146832536268, -0.00010531583422350443, 0.0714053617645916, 0.6008133625166402, -0.01074546197766645], [-0.5144535328074543, 0.038359610564749104, 0.20706249165418722, -0.21439111031740848, 0.49690822784193495, -0.5240066073248402, 0.4672121533187467, -0.5874099266727291, -0.14997405780784046, -0.12120772057950005, 0.4971563746863351, -0.03925692785760968, -0.01517207053538782], [0.4832443813531307, 0.6515633661203811, 0.7081913697567508, 0.1343268570261003, 0.10493237458872011, 0.2125438118609534, 0.10472771280257556, -0.20792978971526432, -0.03646212538059722, -0.674598259350099, -0.6252742728309812, -0.4799188245738051, -0.0052368621760761165]], "inverted": true, "swapped": true, "error_lsq": 0.05600098984131312, "error_max": 0.3855114820279461, "target": "674.xyz", "model": "6.xyz", "model_rescale": 4.08911054899281, "target_rescale": 4.211688371577073},
{"mapping": [4, 5, 6, 2, 0, 3, 7, 8, 10, 9, 1, 13, 12, 11, 14], "R": [[-0.21397048819400527, -0.9338221771010666, -0.2866928177269935], [-0.8891486890175015, 0.30772077686744503, -0.33870714828971993], [0.40451358320886743, 0.18243920915833906, -0.8961499293986485]], "T": [0.060012884766325686, 0.014084182037799145, 0.004076087436719687], "aligned_model": [[0.09550998332374247, 0.6744792726856466, -0.13742690845226269, -0.15350893686220643, -0.7736555000781801, -0.5467621205463266, 0.4524270995214543, -0.13642876745417654, 0.460370911703062, -0.5760154451606745, -0.4052465704247351, 0.36130561763778457, 0.6979501108997915, 0.1412309923976101, -0.05287635965732859], [-0.6566941059617174, -0.37423290932807585, -0.04582915407506679, 0.5757757658495163, 0.12262547655419746, -0.4350424768993844, 0.20876555273272585, -0.5274291133011247, -0.31371566049233435, -0.019202827301640975, 0.5672721164628644, 0.6809649711193779, 0.22520200292823914, 0.22296560401383017, 0.04579113673539296], [-0.2095730034686651, -0.22427041298283426, -0.45042461296219416, -0.533558118743256, -0.41767264652622427, -0.23374900254650074, -0.634202231558929, 0.36921031142707966, 0.5056093485535936, 0.46115074922327864, 0.1284256246985936, 0.023754111331454573, 0.24170453528505376, 0.5465733072482327, 0.12076134787391754]], "inverted": true, "swapped": false, "error_lsq": 0.04822922493214588, "error_max": 0.29716963170105853, "target": "674.xyz", "model": "7.xyz", "model_rescale": 3.964800864290218, "target_rescale": 4.211688371577073},
{"mapping": [0, 7, 5, 1, 4, 12, 2, 9, 13, 11, 6, 3, 10, 14], "R": [[0.7326190192275106, -0.19122801232076309, -0.653223713569839], [0.5971847601528109, -0.279861101822385, 0.7516968311280757], [-0.32655739910060333, -0.9408026418918111, -0.0908331112647724]], "T": [0.04850148393322069, -0.07836240237727823, 0.04176098464071681], "aligned_model": [[-0.2770227666667345, 0.3628231587128754, 0.23585034547096223, -0.6457385854307418, 0.25347914986455367, -0.29203575398309184, -0.3252090101051721, 0.7525188706550987, 0.38395607376834495, -0.037488988116186645, -0.5800283042766801, -0.04766406491341511, 0.4747903292783577, 0.0029574352027021134], [-0.1974085661944457, -0.4284096282430304, 0.23633723182075897, -0.17721987096603012, 0.6931654451044214, -0.579565806880202, 0.48454550234764693, -0.38153646919670325, -0.5369979134670657, -0.09958801670605767, 0.052216130252109666, 0.612374333372177, 0.24254545040900935, -0.10950935547138582], [-0.5696804150590508, -0.6142624925631874, -0.44473389595997487, -0.22825285175610172, -0.14707302629551378, 0.4208222485507748, -0.05087552792708589, -0.09154645517134521, 0.5635363432906617, 0.7785737976289275, 0.47070987106068274, 0.4939247204430934, 0.2936733498750474, 0.041999372608093305]], "inverted": true, "swapped": true, "error_lsq": 0.0461385276972322, "error_max": 0.2998226207636064, "target": "674.xyz", "model": "8.xyz", "model_rescale": 4.121658175737393, "target_rescale": 4.211688371577073},
{"mapping": [10, 5, 2, 3, 9, 13, 0, 12, 1, 8, 11, 6, 14], "R": [[0.549881494150382, -0.39235734865903443, -0.7373506990192636], [0.08552613226223499, 0.9046077666712791, -0.417576423159], [0.8308523473465105, 0.1665547940806701, 0.5309838768527153]], "T": [-0.07143637277295282, -0.09033799400115966, -0.10970730111835825], "aligned_model": [[-0.5078518852624738, -0.08987032929873053, 0.37625912530392835, -0.014980209984350054, -0.7479612706804868, -0.5804109295374897, 0.3839564592058473, 0.09989965103858532, 0.6525074514138035, -0.3197659671735075, -0.18041012983246046, 0.43677726887668794, -0.03141173763415635], [0.21786936178343091, -0.36756237520856916, 0.18290542251522274, 0.6619854531372311, -0.473251406913966, 0.05736564323441984, -0.6131414526573253, 0.02518061504347094, -0.2556693679970785, -0.5187723122611794, 0.5323799427546605, 0.4399083412020454, -0.09881042522065316], [-0.36013412816037077, -0.651574034038476, -0.545612270520059, -0.4584754582694155, -0.07781294690879087, 0.4508766576978429, -0.22500051130237753, 0.5745129286314856, 0.005272788664438255, 0.37440095845199167, 0.2789893683881142, 0.1283164654608145, -0.07268438413610859]], "inverted": false, "swapped": true, "error_lsq": 0.044856359550843265, "error_max": 0.22036400022801675, "target": "674.xyz", "model": "9.xyz", "model_rescale": 3.833441315466971, "target_rescale": 4.211688371577073},
{"mapping": [3, 4, 5, 0, 13, 2, 1, 9, 7, 8, 10, 12, 6, 11, 14], "R": [[-0.011091276250300597, -0.21942825156883505, 0.9755655928765549], [-0.7834175785968109, 0.6081947097253857, 0.1278909402872773], [-0.6213967179963616, -0.7628567607850758, -0.17864960505932426]], "T": [0.06807771841520542, 0.08073422774025468, -0.005998241629814006], "aligned_model": [[0.19074253149011727, 0.5654866088741705, -0.04451566498536223, -0.21125074920383674, -0.5741705223499665, -0.3841688019797583, 0.344332660910963, -0.34642343381118157, 0.2551629929129652, -0.5272035307938971, -0.44433641069029955, 0.401486420817994, 0.7275599103942967, 0.10304949211709193, 0.04560187582990419], [-0.7761006275616678, -0.4084835022346282, -0.10417505500017202, 0.5425110569668858, 0.05707961921118383, -0.4396659571728169, 0.5215251195330926, -0.5140690128539831, -0.24556873531276618, 0.035564955741550844, 0.6507774901740355, 0.5682587955071033, 0.11465017197056204, 0.28119125681056856, -0.006279196742149246], [0.06548059524280841, -0.39221448735342795, -0.6467528659891273, -0.421402537311338, -0.47785012320287, -0.20923944626293833, -0.5303984031219379, 0.3577434611130879, 0.543946713025407, 0.4951597510071366, 0.2910481903749634, 0.11307522433388875, -0.16462521044134776, 0.6451016244306993, 0.02466682100759593]], "inverted": true, "swapped": false, "error_lsq": 0.05316145686104686, "error_max": 0.35948049730417536, "target": "674.xyz", "model": "10.xyz", "model_rescale": 4.2482417240324, "target_rescale": 4.211688371577073},
{"mapping": [5, 2, 3, 6, 9, 13, 10, 12, 1, 8, 0, 14], "R": [[-0.7726929166888709, -0.6072588772233249, 0.18488459246868683], [-0.11326233190626678, -0.15469152259271451, -0.9814490190575883], [0.6245937084777594, -0.7792991651935824, 0.05074948727411177]], "T": [-0.06850329662775871, 0.06938512438107691, -0.013284665928853249], "aligned_model": [[-0.6159527253948752, -0.015808752775051407, 0.24586036904798264, 0.6164014042326439, -0.5316309971674984, 0.2309818823598318, -0.15749041925737112, 0.5081384904054541, 0.12494199547661593, -0.1332111466804432, -0.35789753610394204, -0.037566961780339865], [-0.1925059259565215, -0.6044056310393394, -0.39070284334629274, -0.2829891085938087, 0.6779754884999832, 0.7578103887456493, 0.1437922699289543, 0.35419386191568114, -0.3366412388426109, 0.6704969608661155, -0.19731311910907734, 0.06642028698190644], [0.03696396818367466, 0.07801521892917532, 0.603409458032903, -0.06653450805480589, 0.1297411037847468, 0.164212155788213, 0.5652555125385282, -0.3250957262861969, -0.615257303331902, -0.35101505200841276, -0.5956261750043481, -0.05887636271721852]], "inverted": true, "swapped": true, "error_lsq": 0.04856808139281412, "error_max": 0.2689722730389434, "target": "674.xyz", "model": "11.xyz", "model_rescale": 3.6694154284099745, "target_rescale": 4.211688371577073},
{"mapping": [6, 3, 10, 4, 2, 12, 1, 8, 5, 7, 9, 0, 11, 14], "R": [[0.33489254815836444, 0.6067938768166243, 0.7208662651600846], [0.9389426299119794, -0.27901028530471533, -0.20134547034427536], [0.07895390377919026, 0.7442811644479748, -0.6631831039207751]], "T": [-0.013313669074330667, 0.061871307471956315, 0.009191041691251262], "aligned_model": [[-0.04379987742002171, 0.07748372933586074, -0.16320284062561785, 0.49883795593269803, 0.5054266370393037, -0.46637820052201384, 0.36862264979874376, -0.40915208350859367, 0.4655017276218855, 0.16828398241780484, -0.32780874777317054, 0.4857370416082156, -0.5455348208245369, -0.015752302824748345], [-0.43411895182765897, 0.3029626322872627, 0.5838413511445067, 0.6217330597807407, 0.01249569013405901, -0.489445742895169, -0.5852499285128161, -0.086980249330664, 0.39135420617958927, 0.182517085798913, 0.5319736184951459, -0.2644673992080084, -0.0425612034966187, 0.006933119586971764], [-0.5817081449661338, -0.7810291177670416, -0.22155639418549933, -0.3025538507465615, -0.4307827180292395, -0.03130519527796888, 0.0120718601876659, 0.5575882729004451, 0.19082132518056463, 0.7864714720120725, 0.5434405449691155, 0.3812798063761724, -0.4973388248052828, 0.013696423804106964]], "inverted": true, "swapped": true, "error_lsq": 0.04737718540217843, "error_max": 0.31247943041359955, "target": "674.xyz", "model": "12.xyz", "model_rescale": 3.9764082729961374, "target_rescale": 4.211688371577073},
{"mapping": [14, 3, 10, 1, 12, 13, 8, 6, 4, 5, 9, 2, 7, 0, 15], "R": [[0.7777503448583699, -0.6141056069153652, 0.13408469199650508], [0.3945149855240342, 0.6429763248629988, 0.6564597260020165], [-0.4893488809322626, -0.4576633579617037, 0.7423489230204082]], "T": [-0.04870425102899491, -0.013876903574987897, -0.03577536728920773], "aligned_model": [[0.10876419842162123, 0.6897152750291684, -0.18107912266774212, -0.16928457251851048, -0.6216756110959449, -0.42701654359682173, 0.40890201500560974, -0.24155699319867147, 0.20766888246932347, -0.484441455539935, -0.35675232809466567, 0.3767885907768983, 0.6144293949776355, 0.1460488929069349, 0.030842756658300885], [-0.7713110147768482, -0.3484830934553849, 0.1793133071254565, 0.5172756514560843, 0.1332675932947091, -0.4337104554304206, 0.15441922745832218, -0.6731668286983139, -0.1618657308949581, 0.026840144958589652, 0.4260711268949424, 0.6546117373441245, 0.17494407179999458, 0.47129121415010217, -0.07228057218960045], [-0.23653715197577607, -0.26209096229620804, -0.8047365722965921, -0.36236368247278006, -0.27507821418464545, -0.27050956636430135, -0.5475621922599512, 0.2985948170391009, 0.618621947182621, 0.6792764604816356, 0.2345045602292707, -0.12708961831380128, 0.2734722773507853, 0.46800141261675965, 0.007235792116482925]], "inverted": true, "swapped": false, "error_lsq": 0.04378732506946461, "error_max": 0.2619334034963113, "target": "674.xyz", "model": "13.xyz", "model_rescale": 4.170626492500431, "target_rescale": 4.211688371577073},
{"mapping": [2, 6, 0, 12, 5, 9, 8, 3, 4, 11, 10, 13, 10, 14], "R": [[-0.7018453464231893, 0.21056812527171098, -0.6804955358587379], [-0.6949036816864028, -0.4124043813367735, 0.5890937951064464], [-0.15659496442349702, 0.8863315919416335, 0.43576866138286446]], "T": [-0.0781042550419269, 0.05969545293782791, -0.03789603705319562], "aligned_model": [[0.4464642074289052, -0.057833286828057204, -0.1748939884317256, -0.6467414423159801, 0.2991109397890229, -0.2883402727693035, -0.7042309555763742, 0.5528615554896429, 0.725467400871721, -0.17701314771521257, 0.26292363982351524, -0.5435593017717669, 0.26292363982351524, -0.1139559657262591], [-0.2735256367921007, -0.7121061463277887, 0.1546994407015824, -0.358868786994298, 0.44043479485122106, 0.7517718301893284, 0.3516283866630067, -0.37148023733456553, 0.22225330112621888, -0.42100270016398583, 0.2197450230323574, 0.1058772688768787, 0.2197450230323574, 0.026902907065453972], [-0.3187839142517955, -0.04089173905180536, -0.7275369595152934, 0.07307076514087682, -0.3269617300064626, 0.24873434167235203, 0.010320936999123273, 0.2888864057614586, -0.06576872011787742, 0.5187765111519081, 0.4162492914923611, 0.5755733412523679, 0.4162492914923611, -0.06404472089870819]], "inverted": false, "swapped": true, "error_lsq": 0.04847089417251056, "error_max": 0.3568229051120021, "target": "674.xyz", "model": "14.xyz", "model_rescale": 3.9786697098870705, "target_rescale": 4.211688371577073},
{"mapping": [10, 8, 3, 4, 11, 6, 7, 1, 2, 5, 12, 14], "R": [[-0.2733545135902997, 0.2620689432461254, -0.9255253529135061], [0.9267663689673731, 0.3294679792082141, -0.1804298978204193], [0.25764589507857827, -0.9070670976627446, -0.3329382421513685]], "T": [-0.07795562279810689, -0.04965669222001264, -0.026131821743335216], "aligned_model": [[0.08868260208738188, -0.7684243197442153, 0.6331878233151524, 0.5549114458605708, -0.013336765054651603, 0.2978132250874602, -0.5636707576230404, 0.056005546800446476, 0.5724273518250803, 0.11345931697489511, -0.39685587984265136, -0.09084499291909189], [-0.31677617971470856, -0.018122283308982044, 0.06558441226309597, -0.5638829675888878, 0.45965749856221133, 0.6248020716205736, -0.5574651099385458, 0.3309961254554891, -0.01394272825885532, -0.5796662322243908, 0.5894411428275802, -0.00595125947014085], [-0.5251736544699461, 0.016797411821684965, -0.4406334282073146, -0.11546243119100706, -0.5620063104646154, -0.025269354852701643, 0.37124633179746225, 0.6077509610229048, 0.1759396139308477, 0.20465581412694483, -0.05286173353680096, 0.004983273896371106]], "inverted": false, "swapped": true, "error_lsq": 0.045773378196712566, "error_max": 0.23237256533214287, "target": "674.xyz", "model": "15.xyz", "model_rescale": 3.769337070930944, "target_rescale": 4.211688371577073},
{"mapping": [8, 9, 1, 0, 12, 13, 6, 10, 2, 5, 14], "R": [[0.33717539035337984, 0.9121721911870693, -0.23292627538563965], [0.5567950717069947, -0.39271964521961095, -0.7319498127476949], [-0.7591389887648037, 0.1171032616264969, -0.6403083802774939]], "T": [0.005841302453689455, 0.011857547293300998, 0.05769908175421641], "aligned_model": [[-0.2522327505257929, -0.3480705894744745, -0.11651074825055366, -0.5273740449101774, 0.3266086333314298, 0.3196020298247378, 0.5832699998346499, 0.22212166838034966, 0.1310058171392846, -0.42496346039012906, 0.009169575731846404], [-0.23146924792645499, -0.6636058640795038, 0.7370860232066389, 0.46728816446115384, 0.1888080647211358, -0.4925976825972289, 0.5210309763687226, -0.4272965577146709, 0.45526387420443587, -0.01065737261224408, 0.052214119593357755], [-0.5370901358759717, -0.09664281714630367, -0.09632422253726679, 0.010128519462011418, -0.5560229552573895, -0.4344441552855746, -0.0007484466474123458, 0.38713852197476356, 0.5605221515666952, 0.4874816537918406, 0.020219493178385214]], "inverted": false, "swapped": true, "error_lsq": 0.04328110196380716, "error_max": 0.2387812695439991, "target": "674.xyz", "model": "16.xyz", "model_rescale": 3.7852294659196426, "target_rescale": 4.211688371577073},
{"mapping": [5, 2, 3, 4, 0, 1, 12, 6, 10, 9, 8, 11, 14], "R": [[-0.48349513414609546, 0.7673988443843731, 0.4211074315356811], [0.6044438700079289, -0.055277690083326114, 0.7947276168530261], [0.6331509008655738, 0.6387827413264865, -0.43712303315717865]], "T": [0.007015948066519714, 0.1441181534837081, -0.06881272550588743], "aligned_model": [[-0.08178993378567118, -0.23355858590910866, 0.33387751295835877, 0.1965883053749395, -0.6361523229990265, -0.7128644497335369, -0.12263770644029644, -0.1979680922734815, 0.549565131792001, 0.41638831309476676, -0.0037962333312335367, 0.38012163238448227, -0.03400772091591029], [-0.2558752999593458, -0.4487792805208631, -0.436486677073283, -0.634827560291547, 0.1056197398007421, 0.13600470021269578, 0.6922901101983467, 0.06896466908503868, -0.08556015349379709, 0.45663457385123357, 0.7861206726754044, 0.31944224337877286, 0.17150788583947565], [-0.5192918893810902, 0.16720187652151672, 0.42805410072010874, -0.24269556822578725, -0.34961703343849115, 0.14649154660972766, 0.371136522288395, 0.6717486102390887, -0.1012492473032599, -0.6519710426545204, -0.32823558800501806, 0.5482704303188413, -0.044088020546337155]], "inverted": false, "swapped": true, "error_lsq": 0.04459319462413987, "error_max": 0.22425620223344286, "target": "674.xyz", "model": "17.xyz", "model_rescale": 3.901054581598922, "target_rescale": 4.211688371577073},
{"mapping": [9, 11, 10, 4, 8, 5, 6, 13, 3, 2, 8, 1, 7, 0, 14], "R": [[0.9974811466618145, -0.06170380952728097, -0.03498573915257957], [-0.07071568787684082, -0.8265626024615664, -0.5583847738791482], [0.005536564127375126, 0.5594523251375253, -0.8288440398264802]], "T": [0.046735920469951425, -0.006940936668480589, -0.03285868150768349], "aligned_model": [[-0.04029158561902717, 0.6234187097743067, -0.08497582950419708, -0.21321616253296252, -0.5291354542689348, -0.486284272323647, 0.6381704210970602, -0.14404414124338435, 0.22953154997019587, -0.48693862947048105, -0.5291354542689348, 0.24473999397652496, 0.6468398732207788, 0.15716598394935005, 0.07550837677655295], [-0.6145040587405687, -0.3591594646603245, -0.1730458358379415, 0.5019345534360473, 0.32275851015454415, -0.3318358598228974, 0.27893352276441474, -0.6044176944122123, -0.20067088997385005, -0.062327009961219454, 0.32275851015454415, 0.6593656835595402, 0.18162743522495894, 0.40928755969707703, -0.053488582545313454], [-0.27261457239723713, -0.4572524349797192, -0.8250170782437852, -0.5797084049446901, -0.04227604105319384, -0.053323528889984664, -0.3964611707484103, 0.33337442774006415, 0.6830046801338268, 0.596316937552048, -0.04227604105319384, 0.017295322828476525, 0.17688935498261182, 0.5916920036994404, -0.03590414777365315]], "inverted": false, "swapped": false, "error_lsq": 0.04688924290658287, "error_max": 0.5078709490302888, "target": "674.xyz", "model": "18.xyz", "model_rescale": 3.9405287249114394, "target_rescale": 4.211688371577073},
{"mapping": [1, 6, 0, 7, 4, 12, 8, 3, 10, 14, 13, 9, 5, 11, 15], "R": [[0.6167306745745434, 0.10579534347735707, -0.7800324482592612], [-0.0901821662827315, 0.9938988756614887, 0.06349962081290314], [0.781991337498941, 0.031182851975673363, 0.6225087773030039]], "T": [-0.05862907850113093, 0.0035808941464034044, -0.02754812995776016], "aligned_model": [[0.06057996558625173, 0.5497791779728147, 0.014918985097168921, -0.11798906399967542, -0.48210234296812576, -0.5481778468766864, 0.4273365963125159, -0.25778358333855206, 0.2097935503707472, -0.4230578329529922, -0.42425843710557143, 0.2275146713763228, 0.738922580303089, 0.15485528898978695, -0.028978329233893], [-0.6212292568592733, -0.2745028125010761, -0.23141667483143108, 0.6017569567364609, 0.09362010627703055, -0.24234757072153695, 0.2039778119071991, -0.7290724934408905, -0.2549348922377312, -0.04939285419187001, 0.47053480054976393, 0.7128705948171851, 0.23805542304196442, 0.3705731333313076, -0.01127589284030264], [-0.20339153468899956, -0.3604029048127292, -0.66945239296853, -0.3940004995874446, -0.6168089916961255, -0.02704240368014702, -0.5715615432031018, 0.35843773990510047, 0.664566685261672, 0.6537186511139754, 0.28804506831038074, 0.03601067655209542, -0.013559220182165467, 0.5546497085085718, -0.005469731979952264]], "inverted": false, "swapped": false, "error_lsq": 0.04196413435220289, "error_max": 0.2542809181053739, "target": "674.xyz", "model": "19.xyz", "model_rescale": 4.410303926677745, "target_rescale": 4.211688371577073},
{"mapping": [0, 7, 5, 1, 4, 12, 2, 9, 13, 11, 6, 3, 10, 14], "R": [[0.7326190192275106, -0.19122801232076309, -0.653223713569839], [0.5971847601528109, -0.279861101822385, 0.7516968311280757], [-0.32655739910060333, -0.9408026418918111, -0.0908331112647724]], "T": [0.04850148393322069, -0.07836240237727823, 0.04176098464071681], "aligned_model": [[-0.2770227666667345, 0.3628231587128754, 0.23585034547096223, -0.6457385854307418, 0.25347914986455367, -0.29203575398309184, -0.3252090101051721, 0.7525188706550987, 0.38395607376834495, -0.037488988116186645, -0.5800283042766801, -0.04766406491341511, 0.4747903292783577, 0.0029574352027021134], [-0.1974085661944457, -0.4284096282430304, 0.23633723182075897, -0.17721987096603012, 0.6931654451044214, -0.579565806880202, 0.48454550234764693, -0.38153646919670325, -0.5369979134670657, -0.09958801670605767, 0.052216130252109666, 0.612374333372177, 0.24254545040900935, -0.10950935547138582], [-0.5696804150590508, -0.6142624925631874, -0.44473389595997487, -0.22825285175610172, -0.14707302629551378, 0.4208222485507748, -0.05087552792708589, -0.09154645517134521, 0.5635363432906617, 0.7785737976289275, 0.47070987106068274, 0.4939247204430934, 0.2936733498750474, 0.041999372608093305]], "inverted": true, "swapped": true, "error_lsq": 0.0461385276972322, "error_max": 0.2998226207636064, "target": "674.xyz", "model": "20.xyz", "model_rescale": 4.121658175737393, "target_rescale": 4.211688371577073},
{"mapping": [6, 2, 3, 11, 10, 1, 5, 12, 0, 8, 9, 13, 14], "R": [[-0.11825439975597858, -0.9536291674442441, -0.276780252073646], [0.9872958737402602, -0.08312703077673539, -0.13541327279738874], [0.10612612606615557, -0.2892772160987475, 0.9513442792240614]], "T": [0.0012522640166229698, 0.03849668771410048, -0.0007458879430938398], "aligned_model": [[0.2381004598372526, -0.19774267132083068, 0.40101548050934227, 0.6857529028357373, 0.35741912675013743, -0.44902219881667726, -0.41814145748106696, 0.27724799913468495, -0.6749146832536268, -0.00010531583422350443, 0.0714053617645916, 0.6008133625166402, -0.01074546197766645], [-0.5144535328074543, 0.038359610564749104, 0.20706249165418722, -0.21439111031740848, 0.49690822784193495, -0.5240066073248402, 0.4672121533187467, -0.5874099266727291, -0.14997405780784046, -0.12120772057950005, 0.4971563746863351, -0.03925692785760968, -0.01517207053538782], [0.4832443813531307, 0.6515633661203811, 0.7081913697567508, 0.1343268570261003, 0.10493237458872011, 0.2125438118609534, 0.10472771280257556, -0.20792978971526432, -0.03646212538059722, -0.674598259350099, -0.6252742728309812, -0.4799188245738051, -0.0052368621760761165]], "inverted": true, "swapped": true, "error_lsq": 0.05600098984131312, "error_max": 0.3855114820279461, "target": "674.xyz", "model": "21.xyz", "model_rescale": 4.08911054899281, "target_rescale": 4.211688371577073},
{"mapping": [5, 9, 10, 7, 6, 8, 12, 11, 15, 1, 0, 13, 14, 2, 16], "R": [[-0.7074781809901354, -0.21001347580290006, -0.6748103166105822], [-0.5367770079839909, 0.7807804088797378, 0.31976928684497563], [0.4597228155341477, 0.588452456100554, -0.66511550860477]], "T": [0.03258890578364855, 0.06376160481949404, 0.033647379905923376], "aligned_model": [[-0.005404565100047408, 0.5002987108070934, 0.04078614521506736, -0.12227011507459011, -0.6022082870215671, -0.5208080385283742, 0.5625362431504095, -0.10962339342278975, 0.34871887951353503, -0.4728685611231634, -0.5429710638941707, 0.24996708457317357, 0.667647946396515, 0.08782074334550995, 0.019731650696600142], [-0.5314091050872366, -0.3454235007799763, -0.1038817970202804, 0.467175481913862, 0.09465775276918136, -0.35345468246180994, 0.27942754205275505, -0.6224088315137278, -0.2562508289982119, -0.07279995295925755, 0.5807835503837508, 0.6596636199409924, 0.08803260734559816, 0.28359881833670825, 0.10950570511445085], [-0.34325761632986, -0.3147241160621024, -0.7556332446505323, -0.5312173078166776, -0.3557651014038796, 0.054728407238420075, -0.4328432729149715, 0.341606507900438, 0.607372836728072, 0.6301891398450153, 0.07235690442758047, -0.15176427503659884, 0.12271768539157363, 0.7191215756607888, 0.03085118387533323]], "inverted": true, "swapped": false, "error_lsq": 0.04219233249598976, "error_max": 0.24456371927471046, "target": "674.xyz", "model": "22.xyz", "model_rescale": 4.204369325754507, "target_rescale": 4.211688371577073},
{"mapping": [1, 6, 0, 7, 4, 12, 8, 3, 10, 14, 13, 9, 5, 11, 15], "R": [[0.6167306745745434, 0.10579534347735707, -0.7800324482592612], [-0.0901821662827315, 0.9938988756614887, 0.06349962081290314], [0.781991337498941, 0.031182851975673363, 0.6225087773030039]], "T": [-0.05862907850113093, 0.0035808941464034044, -0.02754812995776016], "aligned_model": [[0.06057996558625173, 0.5497791779728147, 0.014918985097168921, -0.11798906399967542, -0.48210234296812576, -0.5481778468766864, 0.4273365963125159, -0.25778358333855206, 0.2097935503707472, -0.4230578329529922, -0.42425843710557143, 0.2275146713763228, 0.738922580303089, 0.15485528898978695, -0.028978329233893], [-0.6212292568592733, -0.2745028125010761, -0.23141667483143108, 0.6017569567364609, 0.09362010627703055, -0.24234757072153695, 0.2039778119071991, -0.7290724934408905, -0.2549348922377312, -0.04939285419187001, 0.47053480054976393, 0.7128705948171851, 0.23805542304196442, 0.3705731333313076, -0.01127589284030264], [-0.20339153468899956, -0.3604029048127292, -0.66945239296853, -0.3940004995874446, -0.6168089916961255, -0.02704240368014702, -0.5715615432031018, 0.35843773990510047, 0.664566685261672, 0.6537186511139754, 0.28804506831038074, 0.03601067655209542, -0.013559220182165467, 0.5546497085085718, -0.005469731979952264]], "inverted": false, "swapped": false, "error_lsq": 0.04196413435220289, "error_max": 0.2542809181053739, "target": "674.xyz", "model": "23.xyz", "model_rescale": 4.410303926677745, "target_rescale": 4.211688371577073},
{"mapping": [15, 9, 4, 3, 2, 5, 10, 6, 13, 12, 0, 1, 11, 7, 16], "R": [[0.9223348716086373, 0.04129667873689463, 0.3841783035778841], [0.3833616236126516, -0.22207386129700957, -0.8965026858128807], [0.04829337589929769, 0.9741549078323933, -0.22065802815739752]], "T": [0.13052381878231578, -0.05731735692307334, -0.003473680825896972], "aligned_model": [[0.17400583537182496, 0.5955449101193231, -0.207795509684287, -0.21017267373694737, -0.6394885170469443, -0.4105130952189239, 0.4618903950763956, -0.12992078616295943, 0.12230108483765526, -0.5188070750787527, -0.44535007973830953, 0.32350103837390964, 0.7296664155093415, 0.16428170502927184, 0.0922097318826032], [-0.7505065315157063, -0.35188658958082464, -0.03230641210492732, 0.6078831709619799, 0.27314084524920396, -0.35569023867938493, 0.16741703029903082, -0.643792402090448, -0.24797525335466997, -0.09026868419732427, 0.403155858291626, 0.7787873394079234, 0.09960018606691072, 0.37439039407204533, 0.045267666211364244], [-0.167523287029762, -0.3024792583851567, -0.602471892523028, -0.5041583543686164, -0.36509825198528717, -0.1211797322777318, -0.5167714439134251, 0.40409682707503425, 0.6731122908021668, 0.4692412809556708, 0.15998726912442457, -0.008380722937680888, 0.12739465033159117, 0.5009266755668916, -0.05295674358249121]], "inverted": false, "swapped": false, "error_lsq": 0.03599577687125583, "error_max": 0.25015950979923846, "target": "674.xyz", "model": "24.xyz", "model_rescale": 4.28219845311461, "target_rescale": 4.211688371577073},
{"mapping": [12, 13, 14, 6, 10, 11, 2, 9, 3, 5, 8, 0, 4, 1, 15], "R": [[-0.7967294742989002, -0.16027074160955712, 0.5826966913989825], [0.5951996049612956, -0.37512463828963444, 0.7106468433772073], [0.10468798898305423, 0.9130141264690235, 0.39426593795392784]], "T": [0.08700943344448066, -0.0677454601660475, 0.008364777359934704], "aligned_model": [[-0.0773350705502684, 0.45863637476626606, -0.15338436396600058, -0.158539293713712, -0.5918211398578804, -0.36467167204239215, 0.44208166735413873, -0.01882282138183594, 0.3121529325968528, -0.5722700587337509, -0.4434277376756366, 0.41175578139449776, 0.735673333806597, -0.0004901646902367579, 0.1218156122265616], [-0.6950231874905776, -0.41940366840831583, -0.07987494469053137, 0.6899986277497067, 0.12899185313540623, -0.34234027863756117, 0.19007599226772887, -0.6295864048926642, -0.04925676480303666, -0.06196073156922072, 0.36396318867614896, 0.6791248610550212, 0.174010591840685, 0.33101037066838773, -0.0025131258643777687], [-0.39652216617161073, -0.29353980689915915, -0.7142750517848253, -0.41321185242489467, -0.3524513823845975, -0.12224508391917191, -0.5172128398948934, 0.36893095789542285, 0.7493195113302524, 0.5474359869625398, 0.12757093046352516, -0.03937100385364204, 0.24381695660412112, 0.5015331122603758, 0.003961038669157348]], "inverted": true, "swapped": false, "error_lsq": 0.0443451840821331, "error_max": 0.28826295764716253, "target": "674.xyz", "model": "25.xyz", "model_rescale": 4.100010024507729, "target_rescale": 4.211688371577073},
{"mapping": [5, 2, 3, 6, 9, 13, 10, 12, 1, 8, 0, 14], "R": [[-0.7726929166888709, -0.6072588772233249, 0.18488459246868683], [-0.11326233190626678, -0.15469152259271451, -0.9814490190575883], [0.6245937084777594, -0.7792991651935824, 0.05074948727411177]], "T": [-0.06850329662775871, 0.06938512438107691, -0.013284665928853249], "aligned_model": [[-0.6159527253948752, -0.015808752775051407, 0.24586036904798264, 0.6164014042326439, -0.5316309971674984, 0.2309818823598318, -0.15749041925737112, 0.5081384904054541, 0.12494199547661593, -0.1332111466804432, -0.35789753610394204, -0.037566961780339865], [-0.1925059259565215, -0.6044056310393394, -0.39070284334629274, -0.2829891085938087, 0.6779754884999832, 0.7578103887456493, 0.1437922699289543, 0.35419386191568114, -0.3366412388426109, 0.6704969608661155, -0.19731311910907734, 0.06642028698190644], [0.03696396818367466, 0.07801521892917532, 0.603409458032903, -0.06653450805480589, 0.1297411037847468, 0.164212155788213, 0.5652555125385282, -0.3250957262861969, -0.615257303331902, -0.35101505200841276, -0.5956261750043481, -0.05887636271721852]], "inverted": true, "swapped": true, "error_lsq": 0.04856808139281412, "error_max": 0.2689722730389434, "target": "674.xyz", "model": "26.xyz", "model_rescale": 3.6694154284099745, "target_rescale": 4.211688371577073},
