[{"mapping": [3, 11, 6, 7, 4, 1, 10, 13, 9, 2, 14, 15], "R": [[0.28726447686360057, -0.9387554099700514, 0.1903086981308089], [-0.7702523474595182, -0.3445007282085595, -0.5366847952913093], [0.5693772401188726, 0.007584755482786143, -0.8220413796877155]], "T": [0.06522168092358986, -0.01759703360051039, -0.035705007291090406], "aligned_model": [[-0.3088171267266379, 0.441496303081593, 0.2883062033906898, -0.23248187763170164, -0.04737797845818793, -0.5256979444449243, 0.26795792106001814, -0.27288519665793376, 0.6999086469326457, 0.057889679579646705, -0.5344324796496057, 0.00377631198494717], [-0.265263959428855, -0.5576433175027528, -0.3392483744153986, 0.6419489968402072, 0.39530693561856467, -0.4657985405486664, -0.25336135250604197, -0.5367038679290382, 0.02010335279206367, 0.3101677611284732, 0.20085705413227212, -0.09680965220377082], [-0.5953575771666205, -0.0025703345756238546, -0.5356996777043305, 0.013096373779390304, -0.6890698948387102, -0.014133477097154228, 0.5952984860142199, 0.7013811252299553, -0.19511201733155809, 0.5102466971407174, 0.3369442368152542, 0.05692780508802276]], "inverted": true, "swapped": true, "error_lsq": 0.043387600591325175, "error_max": 0.2617371557416732, "target": "675.xyz", "model": "0.xyz", "model_rescale": 3.751011558992144, "target_rescale": 4.088194661088606},
{"mapping": [12, 9, 4, 7, 11, 3, 10, 2, 6, 1, 0, 13, 14, 5, 15], "R": [[0.30204877917727035, -0.013635441714435315, -0.9531949484375027], [-0.714978335433543, 0.6581191670428889, -0.23597699428430452], [0.6305335160466897, 0.7527903006150032, 0.18903504553857853]], "T": [0.0029308873025199744, -0.01040022852979515, -0.10689498849518786], "aligned_model": [[0.19295008945040973, -0.190619473030898, -0.4950037429431873, 0.2609728754060281, -0.1493644782362688, -0.5714164638160332, 0.5223627275276082, 0.6181130634630315, -0.5842638691015518, -0.0552159307472624, 0.03260835153017716, 0.5876189290126616, 0.47000266802347046, -0.17365756044442923, 0.07399902499527813], [-0.0881092654785518, -0.5112132582616404, 0.4093950745904671, 0.5350980517737169, -0.5873081904609742, 0.31917227921319447, -0.4239645409105871, 0.030045218399885318, -0.24495197580723033, 0.2961172148505754, -0.2751650907019696, -0.10421577547139703, 0.5310535282889766, 0.6748376515319198, -0.012033571729279767], [-0.749931845660278, -0.48290566131124696, -0.5380411990202382, -0.5092081853983941, 0.17295106144754485, 0.16871708879652003, 0.12549978034122677, -0.2664626494936252, -0.04851043955714261, 0.5663077520261336, 0.6670180652324633, 0.6523300571286729, 0.07977729320173316, 0.002497049456382197, 0.009628237662224023]], "inverted": true, "swapped": true, "error_lsq": 0.0374249472560806, "error_max": 0.3477412471494937, "target": "675.xyz", "model": "1.xyz", "model_rescale": 3.9405287249114394, "target_rescale": 4.088194661088606},
{"mapping": [9, 4, 6, 14, 5, 11, 2, 7, 1, 0, 13, 10, 15], "R": [[0.7737417980143664, -0.3976277555294245, 0.49316913735363427], [0.48818499805541754, 0.8703784828193086, -0.06416154860031645], [-0.40373139298192745, 0.2904022463373709, 0.8675641173095401]], "T": [-0.04738020318918682, 0.11316874067825661, -0.028245888421614403], "aligned_model": [[-0.45252788513077313, 0.3500442741122395, -0.41787896225006643, 0.5121357837222793, 0.5191551458555614, -0.6986629892860842, 0.17732671389599605, 0.6335816184313212, 0.034955710064343344, -0.5051564395651539, -0.21363417717748975, -0.3780355976358603, -0.06531991575238155], [0.6284479413090047, 0.5208186815998497, 0.2292163007053273, -0.2855922835849751, -0.11982048403827542, 0.014856532608932202, 0.1342041247432495, 0.31463394458161265, -0.5887706628758926, -0.56532922501332, -0.7014003769703099, -0.11120646487572627, -0.01122543461745966], [-0.026776187544543913, -0.5629695159884001, -0.5307243387059479, 0.2439787720923849, -0.3989948190540338, -0.05051534847629796, 0.5672464259794593, 0.11910647481846581, -0.25416135163279685, -0.02623919563510901, 0.45747100605054375, 0.5506970992318088, 0.02500132845311114]], "inverted": false, "swapped": true, "error_lsq": 0.040029093423773296, "error_max": 0.24554093943406283, "target": "675.xyz", "model": "2.xyz", "model_rescale": 3.932901565614263, "target_rescale": 4.088194661088606},
{"mapping": [11, 9, 10, 6, 13, 14, 2, 1, 3, 5, 12, 4, 7, 15], "R": [[-0.41527690485074786, -0.8503269505787128, -0.32324784518553346], [-0.2525435856489669, -0.23360654252760615, 0.9389620442999072], [-0.8739375433319856, 0.47156342140565294, -0.11773321513935103]], "T": [0.08315867513084173, -0.0421463268873874, -0.03555952241416277], "aligned_model": [[-0.10839102020819726, 0.5010434434427301, 0.03735919117113258, -0.04342329863897372, -0.5169455018473977, -0.10681708568988225, 0.348810299160083, -0.6336207851634408, -0.35529840252176786, -0.18424521251770504, 0.7538510846757973, 0.3233843750003284, 0.41905252973108065, -0.014949704541083617], [0.17354275054515272, 0.3020236889925805, -0.5010956048340396, 0.5628002103491719, -0.7095691532350016, -0.6291905293822299, -0.6204391293286744, -0.1516433725916017, 0.4062641997889505, -0.02188022866399965, -0.10963089574702278, 0.4261004860921226, -0.3347921120215363, -0.12899367161338393], [-0.6281111426672437, -0.40512518557576316, -0.5667093819062088, -0.18129095572924298, -0.3841364587033808, 0.3712120037411438, -0.059084653118697525, 0.12183656290391945, 0.3124897921493549, 0.6283572617158901, -6.422658794126568e-05, 0.541580480207922, 0.5367548254105174, -0.07381255878317222]], "inverted": true, "swapped": true, "error_lsq": 0.04559057841723004, "error_max": 0.30867591914209797, "target": "675.xyz", "model": "3.xyz", "model_rescale": 3.9243930471874484, "target_rescale": 4.088194661088606},
{"mapping": [0, 10, 1, 3, 5, 11, 6, 14, 7, 12, 4, 9, 15], "R": [[-0.5340283200046729, 0.8452376443401385, 0.019674298547102287], [-0.47956473804314637, -0.28366431255170677, -0.8303928105482228], [-0.6962983666924658, -0.45288837738994975, 0.5568309457694529]], "T": [-0.06340881139620216, -0.008185002306625257, -0.09283691696036873], "aligned_model": [[-0.081522655105173, -0.478479553314207, 0.438018617035119, 0.437851021923647, 0.6432295405555799, -0.4878700578702341, -0.1521469785974551, 0.4091398141520598, 0.274332003149515, -0.3673720854231065, 0.29308179480016994, -0.6078463319344999, -0.04320924306006299], [-0.6028767448030362, 0.027714639771081927, -0.39106731214035495, -0.45122209653442563, 0.04463195526930423, -0.49872294433922776, -0.5120633245094168, 0.3607254542779658, 0.6224922475328525, 0.5207616029240569, 0.10583321952521277, -0.057441920570916606, -0.04093522272150891], [-0.6549189562809312, -0.6596523195382088, -0.48335912660318897, 0.1658359408819184, 0.009991380018818677, -0.2091797905747877, 0.2832656405288035, -0.5250146944870863, 0.026273529961328854, 0.19606481051622898, 0.5927054523749786, 0.2688549422778329, -0.22379649370474308]], "inverted": true, "swapped": true, "error_lsq": 0.0434189908065163, "error_max": 0.290258144427213, "target": "675.xyz", "model": "4.xyz", "model_rescale": 3.8936222436046832, "target_rescale": 4.088194661088606},
{"mapping": [13, 11, 2, 14, 12, 9, 6, 4, 5, 1, 7, 15], "R": [[-0.3649405340226113, 0.9269425217544992, -0.08715485064356102], [-0.8403156747247277, -0.3682407628533183, -0.3978294953684708], [-0.40085904435252195, -0.07194652136563881, 0.9133103112437562]], "T": [-0.16401845405215504, -0.06037248409981795, 0.011063542450395647], "aligned_model": [[0.07164590673293333, -0.5460191404848405, -0.22443906625018714, 0.3843457829841232, -0.5310050735487934, -0.7724661851712677, -0.32341801409976906, 0.035518318486224554, 0.5032774537156424, 0.41532116954080983, 0.1305130361193909, -0.11572614580916953], [-0.6963906825598067, -0.5880890406029957, 0.17893089127971468, 0.08076794238939682, 0.4965828111692952, 0.019586991616913157, -0.29455820815324774, 0.44496268101927755, 0.1300461950807384, -0.523244763168531, 0.5749747902460893, -0.1546467032070371], [-0.6723304092003425, 0.11066875381062477, -0.5759884370480246, -0.463858349467632, -0.09268621158933629, 0.24140524415697098, 0.5793678505109907, 0.5722012213393617, 0.1875796839554475, -0.014446831832785292, -0.17760280886730206, -0.07502498649245479]], "inverted": true, "swapped": true, "error_lsq": 0.04646936195771678, "error_max": 0.2824551711731412, "target": "675.xyz", "model": "5.xyz", "model_rescale": 3.6523030999806103, "target_rescale": 4.088194661088606},
{"mapping": [13, 14, 5, 1, 3, 10, 7, 11, 12, 9, 4, 6, 15], "R": [[-0.21332372905202823, -0.5987955903626491, -0.7719694473135473], [0.9745866875592398, -0.1857182653367877, -0.12525779158440947], [-0.06836501338876255, -0.7790716057478551, 0.6231963238513312]], "T": [0.008527213075895913, -0.0674384072858964, -0.04125155545968251], "aligned_model": [[0.16076900852890133, -0.14022729479601195, 0.24921530042200254, 0.5584949067156012, 0.619937431959615, -0.19909553205067562, -0.42860598611444983, 0.2823844305530791, -0.5954103811316892, -0.1646261384408742, 0.0565832405133743, 0.4363270317540434, 0.045336886751377835], [-0.7273383131934306, 0.08139004361599653, 0.4977151831689907, -0.10487493246206377, 0.3075439845617731, -0.7149924653987059, 0.43724914162892664, -0.5857097661496868, 0.0821326222105706, -0.21265276320904822, 0.6657273506861765, -0.03449477714873592, -0.15086840414757993], [0.6431742497009777, 0.6671953010248849, 0.32667739681503405, 0.4554072488783943, -0.045799609407818354, 0.13880050152631257, 0.2419709612598388, -0.3424616309715505, -0.30303444397476786, -0.6565483671679063, -0.30622822789338355, -0.5093573042241726, 0.06031366391594575]], "inverted": false, "swapped": true, "error_lsq": 0.045912934694055364, "error_max": 0.25221893732171347, "target": "675.xyz", "model": "6.xyz", "model_rescale": 4.08911054899281, "target_rescale": 4.088194661088606},
{"mapping": [8, 9, 12, 10, 13, 14, 2, 7, 0, 11, 1, 3, 5, 4, 15], "R": [[0.8713656243068487, 0.4874448984161224, 0.055851766171107056], [0.42299276765858396, -0.8040294092754648, 0.417868193966325], [0.2485941819207904, -0.34049108656210547, -0.9067892548364751]], "T": [0.08158934445693841, -0.10870782911234739, 0.03938890448761544], "aligned_model": [[0.11067059528465903, 0.31152300518484, 0.6144959069427608, -0.36986395558297946, -0.7706187278810458, -0.015633611293547067, 0.11717985436420869, 0.5740865232380458, -0.7253095885068601, -0.32879547491800976, -0.4339258802021462, 0.04683210355899599, 0.2322107289945325, 0.71486529537577, -0.04138323475967079], [-0.6940302178486006, -0.7223972046386826, -0.298574410272125, -0.29824297201852557, 0.15286739503703178, 0.5646410298436655, 0.04718639708518574, 0.36126413596445517, -0.14640546849688454, -0.6122345835079963, 0.33605457394161625, 0.12030392754425132, 0.5112451345077398, 0.04061512068905193, -0.06153404166107006], [-0.6199717734727359, 0.026148027011623075, -0.32885512913604287, -0.4657037139337503, -0.3244846125791313, -0.24926966699556508, -0.5770339117045247, -0.21077670221217953, 0.17135707800232813, 0.15063455252431418, 0.3342895375244535, 0.7182117711208579, 0.36446208322587564, 0.4714980041607548, 0.0035644885458032197]], "inverted": false, "swapped": true, "error_lsq": 0.04308856779271343, "error_max": 0.3078779384378411, "target": "675.xyz", "model": "7.xyz", "model_rescale": 3.964800864290218, "target_rescale": 4.088194661088606},
{"mapping": [3, 11, 6, 1, 4, 13, 5, 9, 10, 2, 14, 7, 12, 15], "R": [[0.03834041445174785, -0.9871994552998579, 0.15481359137793044], [-0.99926002156816, -0.037401405479555005, 0.008974640034854167], [-0.0030695138490482027, -0.15504312407784654, -0.9879029343821754]], "T": [0.10561056819850065, -0.018977510473362203, 0.03972649426140538], "aligned_model": [[-0.24930658854780627, 0.3429614845364939, 0.30467400755995677, -0.5703254114632355, 0.16440541449439572, -0.4227265685191052, -0.4372150789874454, 0.7460655185655478, 0.1768167366872974, 0.11142735865717161, -0.4667713490059393, -0.03781453875023319, 0.5812961166405806, 0.01770078759319378], [0.20470155469301973, -0.5522612673186168, -0.03665970910532892, -0.2321373320369688, 0.70707636465594, -0.7631241029806142, 0.43517288441144497, -0.05655894013005815, -0.6169221107531669, -0.07702862195616995, 0.0861027311864216, 0.5403404315574892, 0.29086975405843907, -0.11862317010062877], [-0.5420435826584744, -0.26622033734705697, -0.5630023391414455, -0.1798398220552633, -0.2421298234407865, 0.3466301463971096, -0.06884968037870864, -0.09467793833392821, 0.40338037126881343, 0.6738739659774148, 0.49526117301048495, 0.47859165380371355, 0.40491182111162005, 0.07092943051152853]], "inverted": true, "swapped": true, "error_lsq": 0.04574253739579054, "error_max": 0.3158631181674717, "target": "675.xyz", "model": "8.xyz", "model_rescale": 4.121658175737393, "target_rescale": 4.088194661088606},
{"mapping": [4, 6, 9, 12, 3, 5, 0, 14, 10, 1, 7, 2, 15], "R": [[0.7735458582962256, -0.3874696044963173, -0.5014918849834198], [-0.6316350515570242, -0.5358231826154183, -0.5602951709736931], [-0.05161362956924792, 0.7501738615570074, -0.6592231873040699]], "T": [0.026042260093067836, -0.013373613522620911, -0.13302116956376378], "aligned_model": [[-0.6641572021005888, -0.227258448413499, 0.19462517252108646, 0.15075870379384973, -0.5851431682247965, -0.5621141838405196, 0.3083048958660695, 0.00635672366738451, 0.707230177721274, -0.15888920928360986, -0.20593995344614924, 0.42304318883504766, 0.08992079933964792], [0.300390079356525, -0.3264513012399577, 0.1442344751716524, 0.6188652060929608, -0.38867286489670094, -0.016144482739577172, -0.7665399407074026, 0.10614145243595673, -0.13778415751962297, -0.5738584641455379, 0.5683231138869044, 0.35646968544238744, -0.09458536172587749], [-0.32072064955319024, -0.6239815265964583, -0.746534780514162, -0.33392481543139374, -0.14062241129887762, 0.2753479892368579, 0.018606291324944457, 0.5960216196725648, -0.009096825236801276, 0.31663760022457266, 0.23279725501798362, 0.20037496009001785, -0.04382927297696912]], "inverted": true, "swapped": true, "error_lsq": 0.04184057694260069, "error_max": 0.2814964423374704, "target": "675.xyz", "model": "9.xyz", "model_rescale": 3.833441315466971, "target_rescale": 4.088194661088606},
{"mapping": [6, 9, 0, 13, 10, 11, 8, 14, 5, 1, 4, 7, 12, 6, 15], "R": [[0.9623953306603741, 0.20833815813527556, 0.17432853865018877], [-0.0015841790773597347, -0.637417798363494, 0.7705167361622246], [0.2716481509227705, -0.7418178767017126, -0.6131178678737088]], "T": [0.02146357801774127, -0.0034811343834918306, 0.0654024925571171], "aligned_model": [[-0.09247841249890815, 0.048008952784851386, -0.7554277928102268, -0.7100389351286016, -0.47174838859392076, -0.5245312658705932, -0.1405252652240667, 0.1365292644609164, 0.36154965411007994, -0.32624774638696563, 0.6740769516194487, 0.6335516425144553, 0.46457969064124466, -0.09247841249890815, -0.08097491882427305], [-0.5511308256237482, -0.5706608475349902, 0.11856794344803771, 0.6193172373771348, 0.20342987026540285, -0.3665370433344968, -0.18150326294001726, 0.7232691780818533, 0.31621187687144936, 0.3639067981872244, -0.25765897347648603, 0.37647114957080113, -0.12765876123432443, -0.5511308256237482, 0.08620802526088571], [0.3659320221138472, -0.2621062475916447, 0.29226460792150866, 0.0012901360083059504, -0.39152419504538105, -0.001009283475776071, -0.783286059242268, 0.13445776757517586, 0.6083931826423266, 0.6082273881480528, 0.41115306461750734, -0.018230115076274048, -0.4284298869040826, 0.3659320221138472, 0.075057504016948]], "inverted": false, "swapped": true, "error_lsq": 0.04802855034554189, "error_max": 0.31668555686639677, "target": "675.xyz", "model": "10.xyz", "model_rescale": 4.2482417240324, "target_rescale": 4.088194661088606},
{"mapping": [9, 11, 0, 13, 4, 5, 3, 14, 10, 7, 12, 15], "R": [[0.42373523894262854, 0.7715016469285453, -0.47458788023376264], [-0.9036203539471989, 0.39626343016543325, -0.16262087764449012], [0.06259954640868304, 0.49775546476163135, 0.8650553705337942]], "T": [-0.10652247395398054, 0.036438962243966484, -0.0469712344337986], "aligned_model": [[-0.6605666567255768, -0.16386263059941664, 0.4133346956361319, 0.7726185548088851, -0.5842029349776409, 0.0928586456057875, -0.12043057403188301, 0.47269515688610997, 0.23467964546426204, -0.0917329628870038, -0.5104362935058483, 0.021810956689199856], [-0.2994442043826321, -0.5746599828543368, -0.4513625662310135, -0.35378717163916407, 0.6249466380523498, 0.6728684783840339, 0.33550636498738085, 0.4342215120917103, -0.48876743330329586, 0.6418162548584841, 0.13387674925578574, -0.009083249168662856], [-0.14635433520960564, 0.19303016620450597, 0.3551740016405866, -0.09077475997388132, 0.14153377887012125, 0.21361596837010186, 0.6048110820756962, -0.2759924977120273, -0.36727040939043365, -0.4461072435711532, -0.5789504589514868, -0.037523002498067184]], "inverted": true, "swapped": true, "error_lsq": 0.05022357997077175, "error_max": 0.30811292666984363, "target": "675.xyz", "model": "11.xyz", "model_rescale": 3.6694154284099745, "target_rescale": 4.088194661088606},
{"mapping": [7, 5, 3, 1, 14, 12, 2, 9, 0, 11, 6, 10, 4, 15], "R": [[0.6460652542102558, 0.554629515937461, -0.5243908726829782], [0.1428539775789867, 0.5870191917192458, 0.7968696315227142], [0.7497949242240174, -0.5897411030310344, 0.3000216708900191]], "T": [0.009630505980104245, 0.008262870872402836, 0.02640890094069328], "aligned_model": [[-0.09032829123010387, -0.013981592103665997, -0.17632040017632095, 0.4664656119789434, 0.4807164610983809, -0.3285190021841877, 0.3178014665675327, -0.4097525144461535, 0.5845999692820295, 0.09255815822123344, -0.3579441326446124, 0.5242668251825922, -0.6343061446039777, 0.1430084353141201], [-0.40084533716981996, 0.27674518768079526, 0.6441600349556539, 0.5393939692062413, -0.15061207861368725, -0.5758090772446272, -0.5424261988831013, -0.15634590840304174, 0.48959004368421666, 0.2541476836698161, 0.4509452224468953, -0.2491556390744234, 0.11503701871897405, 0.036162367162362756], [-0.5640558844730922, -0.6369618585156068, -0.2483855530725477, -0.21800338946404602, -0.5204105694414697, 0.03894926904554565, -0.05914219479674011, 0.5025194876425313, 0.35451996115868545, 0.6322093217907333, 0.295001864918569, 0.4310536530277801, -0.40254205051653935, 0.03434340234861228]], "inverted": true, "swapped": true, "error_lsq": 0.044127766311086634, "error_max": 0.2105601706386792, "target": "675.xyz", "model": "12.xyz", "model_rescale": 3.9764082729961374, "target_rescale": 4.088194661088606},
{"mapping": [12, 9, 8, 5, 4, 0, 6, 7, 11, 14, 10, 13, 3, 1, 2, 15], "R": [[0.15315898661194138, -0.7757308343977313, 0.6121960448946094], [0.16214603116075219, -0.5913815552227594, -0.7899218446916927], [0.9748081808226784, 0.22024878820758562, 0.03520627634769913]], "T": [-0.08166803958213666, -0.0819211459278543, -0.014731085116628108], "aligned_model": [[-0.6510491966914441, -0.10791151202953193, -0.15366537750125464, 0.14683051910923867, 0.578124170048451, 0.4026428706026746, 0.057310324805780424, 0.5879299897951574, -0.43823384111585617, -0.09481246426506036, -0.7432408596559418, -0.4951167907541475, 0.2646407711774518, -0.42263495117105354, 0.11518577165105946, 0.005955308754698879], [-0.32987149101551405, -0.6740809675863526, 0.15521200582213465, -0.5654683399392049, -0.11863776272194318, -0.6113285807247915, 0.2624330156430942, -0.10751347032728617, 0.5644673974359633, 0.6900920424346542, 0.00985956771814353, 0.21627733478111413, 0.5699152550041031, -0.44253606209948393, -0.4407978925160937, -0.01966203856313635], [-0.16149367996982825, -0.115513783457664, 0.6472636945623553, -0.6603272636016246, -0.29613800035008614, 0.09607795675246991, -0.6823867084285719, 0.3345785352903522, 0.2778221218971194, -0.22120360306799663, 0.43253237560925, -0.35328439324411703, 0.389772266320617, 0.38152770115446477, 0.6698969684039131, -0.02061556890537365]], "inverted": true, "swapped": false, "error_lsq": 0.04060992475706961, "error_max": 0.3057369611629175, "target": "675.xyz", "model": "13.xyz", "model_rescale": 4.170626492500431, "target_rescale": 4.088194661088606},
{"mapping": [4, 9, 3, 11, 5, 13, 0, 12, 7, 8, 2, 10, 14, 15], "R": [[-0.8887054304719986, -0.08004002907092472, -0.45143798200406854], [0.09825074191780059, 0.9285208954820376, -0.3580443245826374], [0.4478274774532956, -0.3625500522680431, -0.817317569882269]], "T": [-0.010236540922470705, -0.03249022766439262, -0.030607130729587914], "aligned_model": [[0.5023311762855236, -0.12152388864749261, -0.07124408183599135, -0.6302514644641318, 0.3560658919390765, -0.5155891459689476, -0.7342349885671712, 0.42112035876068293, 0.6918178758634068, -0.13641432868794223, 0.2305421660140364, -0.3746976679442512, 0.307301181462756, -0.08204006211791116], [-0.2472861612690453, -0.6756773197350595, 0.15887633050259842, -0.25380729393358487, 0.4085670121355218, 0.6446717400631063, 0.3490948107879291, -0.4587837118229156, 0.1221746980246139, -0.5260646013874424, 0.10260187914451548, 0.0561203251523522, 0.6028549034359558, 0.07273185682712037], [-0.5794159221615074, 0.02926731821135016, -0.7191649388422812, -9.914265504533393e-05, -0.4595501211329054, 0.4310795020696591, -0.01870313595905483, 0.2657836277985843, 0.06535279045646471, 0.6895789737076357, 0.5432591598323778, 0.5645134137962029, 0.1735524125752001, 0.018419163424185578]], "inverted": true, "swapped": true, "error_lsq": 0.04855238197784698, "error_max": 0.3293068550495247, "target": "675.xyz", "model": "14.xyz", "model_rescale": 3.9786697098870705, "target_rescale": 4.088194661088606},
{"mapping": [9, 6, 12, 8, 4, 7, 0, 1, 2, 10, 3, 15], "R": [[-0.21327760285019487, -0.3355354103280372, -0.9175667019560325], [-0.8590768886567397, 0.5116922629199476, 0.012566918624668244], [0.4652951359065882, 0.790940589730897, -0.39738321557133083]], "T": [0.01930618612305974, 0.04396030954536943, -0.010150510003273442], "aligned_model": [[-0.0018488462323895047, -0.5266094924634757, 0.5230474726997604, 0.5006207431085051, -0.08252293506126093, 0.5358944549141706, -0.42954195935061773, -0.35998994233061815, 0.6159754938765222, 0.25097798021481577, -0.5543035927194561, 0.011655220111380794], [-0.3189788275677674, -0.023896558301801388, 0.016477269459681212, -0.6551837453361213, 0.6470164665088676, 0.5512475278583282, -0.3345661427807045, 0.2469889819429829, -0.06439764908340478, -0.5285460313083867, 0.4738461764410426, 0.004667022391722904], [-0.5555742958465231, -0.32731368096328267, -0.45862770004405934, -0.2504386897036574, -0.4959572092130709, -0.05264978675807813, 0.5600912510493256, 0.5943738737197358, 0.1842487504537692, 0.3266237099152038, 0.014847446024116941, 0.12034282524035]], "inverted": true, "swapped": true, "error_lsq": 0.050949673241774046, "error_max": 0.2661389092189886, "target": "675.xyz", "model": "15.xyz", "model_rescale": 3.769337070930944, "target_rescale": 4.088194661088606},
{"mapping": [2, 9, 14, 7, 13, 11, 1, 6, 5, 4, 15], "R": [[0.6290121967062003, 0.6005538484200896, 0.4936382598043434], [-0.32397739830121763, 0.779727868599871, -0.5357826950533927], [-0.7066698676077923, 0.17708621085935106, 0.6850242128119729]], "T": [-0.05050686406449419, -0.06831657673994984, -0.030953273684728833], "aligned_model": [[-0.38535961742034003, -0.2632026985507378, -0.10209408326515834, -0.5972681577003195, 0.5119215568992813, 0.35572626532578516, 0.5480430764140006, 0.21413719787783783, -0.013633988262304733, -0.3846634579134748, 0.03902003728660094], [0.1694526816933794, -0.6882992164802939, 0.6438060600538045, 0.3975073746834318, 0.2987747799458077, -0.5534359709351353, 0.36478771665612064, -0.49241278812058753, 0.48843584377806315, -0.02418812263379444, -0.008363861015454263], [-0.5176628336827938, -0.02451376914115941, -0.22172766623778933, 0.06939653400299806, -0.7208825019452434, -0.21524734449062075, 0.03756362340096443, 0.3606164948435456, 0.41778739016662947, 0.6736360376841857, -0.11474835737693949]], "inverted": true, "swapped": true, "error_lsq": 0.04389383350361312, "error_max": 0.21216784396741645, "target": "675.xyz", "model": "16.xyz", "model_rescale": 3.7852294659196426, "target_rescale": 4.088194661088606},
{"mapping": [0, 14, 5, 1, 10, 2, 12, 7, 3, 6, 9, 4, 15], "R": [[0.4580734642465725, -0.25468308808665274, -0.8516485343120076], [0.13372797443962378, 0.9669175940632503, -0.21722613825967474], [0.8787977754895718, -0.014383703750505045, 0.47697754544737053]], "T": [-0.03980523095433375, 0.15563841447939905, -0.05276362452813604], "aligned_model": [[-0.09654772856630356, -0.31401774840366325, 0.33714759481642503, 0.1488150699693499, -0.6419517488314489, -0.6247520040043627, -0.2849494811783424, -0.15111954747765766, 0.62245658814707, 0.4548908858368832, -0.02656926657707384, 0.530977008702628, -0.10061377221722076], [-0.2913721010227063, -0.4182698124737676, -0.293006883508905, -0.5313318831951366, 0.09957109333949496, 0.11062756551521323, 0.6529997967080634, 0.08249652130984138, -0.11745249343942518, 0.38702928088627275, 0.7874174713904459, 0.3562466812780814, 0.050100386915401834], [-0.7360530850420461, 0.32354954582670237, 0.35872758297546764, -0.2602006452924869, -0.4121077941007189, 0.1949420045022059, 0.33217577762612704, 0.6601664816123582, -0.0886185226387676, -0.37673118251689647, -0.22694597524589283, 0.44121816213417037, -0.11436765269704902]], "inverted": false, "swapped": true, "error_lsq": 0.03878452862929226, "error_max": 0.2313144084502856, "target": "675.xyz", "model": "17.xyz", "model_rescale": 3.901054581598922, "target_rescale": 4.088194661088606},
{"mapping": [12, 9, 4, 7, 11, 3, 10, 2, 6, 1, 0, 13, 14, 5, 15], "R": [[0.30204877917727035, -0.013635441714435315, -0.9531949484375027], [-0.714978335433543, 0.6581191670428889, -0.23597699428430452], [0.6305335160466897, 0.7527903006150032, 0.18903504553857853]], "T": [0.0029308873025199744, -0.01040022852979515, -0.10689498849518786], "aligned_model": [[0.19295008945040973, -0.190619473030898, -0.4950037429431873, 0.2609728754060281, -0.1493644782362688, -0.5714164638160332, 0.5223627275276082, 0.6181130634630315, -0.5842638691015518, -0.0552159307472624, 0.03260835153017716, 0.5876189290126616, 0.47000266802347046, -0.17365756044442923, 0.07399902499527813], [-0.0881092654785518, -0.5112132582616404, 0.4093950745904671, 0.5350980517737169, -0.5873081904609742, 0.31917227921319447, -0.4239645409105871, 0.030045218399885318, -0.24495197580723033, 0.2961172148505754, -0.2751650907019696, -0.10421577547139703, 0.5310535282889766, 0.6748376515319198, -0.012033571729279767], [-0.749931845660278, -0.48290566131124696, -0.5380411990202382, -0.5092081853983941, 0.17295106144754485, 0.16871708879652003, 0.12549978034122677, -0.2664626494936252, -0.04851043955714261, 0.5663077520261336, 0.6670180652324633, 0.6523300571286729, 0.07977729320173316, 0.002497049456382197, 0.009628237662224023]], "inverted": true, "swapped": true, "error_lsq": 0.0374249472560806, "error_max": 0.3477412471494937, "target": "675.xyz", "model": "18.xyz", "model_rescale": 3.9405287249114394, "target_rescale": 4.088194661088606},
{"mapping": [3, 10, 13, 2, 5, 5, 6, 9, 4, 0, 12, 1, 7, 14, 11, 15], "R": [[0.2743259018411661, 0.7504928549778308, -0.6012535024482234], [-0.9389851265725674, 0.07414325863416936, -0.3358715666361276], [-0.2074903170139053, 0.6567063665188054, 0.725041044713427]], "T": [-0.13793092150909406, 0.04241648406227513, 0.11109418823890149], "aligned_model": [[-0.8338733064862829, -0.21625956725981893, -0.12440740484317828, 0.10828413457894506, 0.5926145111482303, 0.5926145111482303, 0.15411040588368527, 0.5431749324452008, -0.29995782552234646, -0.15812473258236928, -0.6572588155089492, -0.45515271864790097, 0.27799532993112785, -0.5285182338777543, 0.18652540071814808, -0.12981188836474494], [-0.3596284096647081, -0.7273394317156137, -0.07750273578094255, -0.4877352979299859, -0.18527046974348646, -0.18527046974348646, 0.1293797098553926, -0.008686956500428479, 0.7402451684274569, 0.591529322031486, 0.1596387080519424, 0.08540066444209873, 0.4876000238326707, -0.4932432795187934, -0.5211901655912407, 0.01043363289303964], [-0.17077935627048724, -0.027630324109592874, 0.771977188913868, -0.5320562741095606, -0.21405910583797477, -0.21405910583797477, -0.5711321056303239, 0.461084332426392, 0.2575436275315065, -0.30211466830665623, 0.24030932251497722, -0.466003823918946, 0.46385829953953933, 0.5114054810762209, 0.42139862155065316, 0.08876650943363976]], "inverted": false, "swapped": false, "error_lsq": 0.04823248797381373, "error_max": 0.4143631568053252, "target": "675.xyz", "model": "19.xyz", "model_rescale": 4.410303926677745, "target_rescale": 4.088194661088606},
{"mapping": [3, 11, 6, 1, 4, 13, 5, 9, 10, 2, 14, 7, 12, 15], "R": [[0.03834041445174785, -0.9871994552998579, 0.15481359137793044], [-0.99926002156816, -0.037401405479555005, 0.008974640034854167], [-0.0030695138490482027, -0.15504312407784654, -0.9879029343821754]], "T": [0.10561056819850065, -0.018977510473362203, 0.03972649426140538], "aligned_model": [[-0.24930658854780627, 0.3429614845364939, 0.30467400755995677, -0.5703254114632355, 0.16440541449439572, -0.4227265685191052, -0.4372150789874454, 0.7460655185655478, 0.1768167366872974, 0.11142735865717161, -0.4667713490059393, -0.03781453875023319, 0.5812961166405806, 0.01770078759319378], [0.20470155469301973, -0.5522612673186168, -0.03665970910532892, -0.2321373320369688, 0.70707636465594, -0.7631241029806142, 0.43517288441144497, -0.05655894013005815, -0.6169221107531669, -0.07702862195616995, 0.0861027311864216, 0.5403404315574892, 0.29086975405843907, -0.11862317010062877], [-0.5420435826584744, -0.26622033734705697, -0.5630023391414455, -0.1798398220552633, -0.2421298234407865, 0.3466301463971096, -0.06884968037870864, -0.09467793833392821, 0.40338037126881343, 0.6738739659774148, 0.49526117301048495, 0.47859165380371355, 0.40491182111162005, 0.07092943051152853]], "inverted": true, "swapped": true, "error_lsq": 0.04574253739579054, "error_max": 0.3158631181674717, "target": "675.xyz", "model": "20.xyz", "model_rescale": 4.121658175737393, "target_rescale": 4.088194661088606},
{"mapping": [13, 14, 5, 1, 3, 10, 7, 11, 12, 9, 4, 6, 15], "R": [[-0.21332372905202823, -0.5987955903626491, -0.7719694473135473], [0.9745866875592398, -0.1857182653367877, -0.12525779158440947], [-0.06836501338876255, -0.7790716057478551, 0.6231963238513312]], "T": [0.008527213075895913, -0.0674384072858964, -0.04125155545968251], "aligned_model": [[0.16076900852890133, -0.14022729479601195, 0.24921530042200254, 0.5584949067156012, 0.619937431959615, -0.19909553205067562, -0.42860598611444983, 0.2823844305530791, -0.5954103811316892, -0.1646261384408742, 0.0565832405133743, 0.4363270317540434, 0.045336886751377835], [-0.7273383131934306, 0.08139004361599653, 0.4977151831689907, -0.10487493246206377, 0.3075439845617731, -0.7149924653987059, 0.43724914162892664, -0.5857097661496868, 0.0821326222105706, -0.21265276320904822, 0.6657273506861765, -0.03449477714873592, -0.15086840414757993], [0.6431742497009777, 0.6671953010248849, 0.32667739681503405, 0.4554072488783943, -0.045799609407818354, 0.13880050152631257, 0.2419709612598388, -0.3424616309715505, -0.30303444397476786, -0.6565483671679063, -0.30622822789338355, -0.5093573042241726, 0.06031366391594575]], "inverted": false, "swapped": true, "error_lsq": 0.045912934694055364, "error_max": 0.25221893732171347, "target": "675.xyz", "model": "21.xyz", "model_rescale": 4.08911054899281, "target_rescale": 4.088194661088606},
{"mapping": [11, 8, 4, 5, 10, 6, 9, 7, 3, 14, 2, 15, 13, 1, 0, 16], "R": [[0.5123817250664116, 0.308208500679512, -0.8015438153506369], [0.8582267746157665, -0.15096101919837407, 0.4905686231458418], [0.03019554852270706, -0.9392647607525132, -0.3418624548819854]], "T": [-0.05424955027306261, -0.04084643578987534, 0.015445955090972394], "aligned_model": [[-0.5301285790528691, -0.13266152578464435, -0.17259638471168626, 0.1351267744345116, 0.6459319266235837, 0.3968420472466775, 0.10460512377283421, 0.6172682978671535, -0.18736265816357273, -0.20399705036464813, -0.6478476644182616, -0.7282711918667801, 0.2704199343434905, -0.6032340115765231, 0.12469351266219114, -0.03683381825123458], [-0.4527695031600828, -0.7180043282936014, 0.19426858745292416, -0.3340102572331776, -0.12034344834194505, -0.6112815109425435, 0.20342912758922055, -0.022738948791320317, 0.7520345425511449, 0.5469100527382161, 0.1160232468498365, 0.12259098269093702, 0.4036726037327534, -0.5443632115877594, -0.34378783115868083, -0.03327009075052175], [-0.42015887361774995, -0.11132458082473844, 0.6612068539472395, -0.5976777154561523, -0.377697191385046, 0.17879932736723608, -0.6346634612630102, 0.2489670174240401, 0.34392651461800705, -0.1941741354454828, 0.39529725616157846, -0.20925396657748646, 0.3811268477951712, 0.28946292355003, 0.7055802096955569, 0.059091592976086675]], "inverted": false, "swapped": false, "error_lsq": 0.04568537110068223, "error_max": 0.2895237418975333, "target": "675.xyz", "model": "22.xyz", "model_rescale": 4.204369325754507, "target_rescale": 4.088194661088606},
{"mapping": [3, 10, 13, 2, 5, 5, 6, 9, 4, 0, 12, 1, 7, 14, 11, 15], "R": [[0.2743259018411661, 0.7504928549778308, -0.6012535024482234], [-0.9389851265725674, 0.07414325863416936, -0.3358715666361276], [-0.2074903170139053, 0.6567063665188054, 0.725041044713427]], "T": [-0.13793092150909406, 0.04241648406227513, 0.11109418823890149], "aligned_model": [[-0.8338733064862829, -0.21625956725981893, -0.12440740484317828, 0.10828413457894506, 0.5926145111482303, 0.5926145111482303, 0.15411040588368527, 0.5431749324452008, -0.29995782552234646, -0.15812473258236928, -0.6572588155089492, -0.45515271864790097, 0.27799532993112785, -0.5285182338777543, 0.18652540071814808, -0.12981188836474494], [-0.3596284096647081, -0.7273394317156137, -0.07750273578094255, -0.4877352979299859, -0.18527046974348646, -0.18527046974348646, 0.1293797098553926, -0.008686956500428479, 0.7402451684274569, 0.591529322031486, 0.1596387080519424, 0.08540066444209873, 0.4876000238326707, -0.4932432795187934, -0.5211901655912407, 0.01043363289303964], [-0.17077935627048724, -0.027630324109592874, 0.771977188913868, -0.5320562741095606, -0.21405910583797477, -0.21405910583797477, -0.5711321056303239, 0.461084332426392, 0.2575436275315065, -0.30211466830665623, 0.24030932251497722, -0.466003823918946, 0.46385829953953933, 0.5114054810762209, 0.42139862155065316, 0.08876650943363976]], "inverted": false, "swapped": false, "error_lsq": 0.04823248797381373, "error_max": 0.4143631568053252, "target": "675.xyz", "model": "23.xyz", "model_rescale": 4.410303926677745, "target_rescale": 4.088194661088606},
{"mapping": [10, 9, 5, 11, 13, 14, 7, 6, 2, 0, 4, 3, 12, 8, 15, 16], "R": [[-0.09151787350297196, 0.9742985191674548, 0.20583215098132523], [-0.5797694491856501, 0.11592209921715728, -0.806492066113521], [-0.8096245207628425, -0.1931436316868681, 0.554259571787755]], "T": [-0.025305831324130036, -0.10976199694596522, -0.04294565396694299], "aligned_model": [[-0.5733184470950581, -0.14953929174730676, -0.019954884099672495, 0.04487942306688066, 0.6659700333971965, 0.4499210780182125, 0.24125340922818042, 0.587815314448905, -0.5214549841398529, -0.09916456714309463, -0.5866847082274177, -0.7774660240563315, 0.3915005699675021, -0.6168368017882128, 0.13090175485990144, -0.11586714192960967], [-0.41622670326204675, -0.7188125629789729, 0.17192034072687234, -0.5039745793385262, -0.015557504629036031, -0.5905389146920059, 0.1995570383706181, -0.06248435681018372, 0.5987949860300062, 0.6355563126429077, 0.028767969313155922, 0.3607109132001647, 0.544158018210238, -0.5129648047647868, -0.5186812669993935, -0.04186487167361101], [-0.2148337076941234, 0.03479390452511503, 0.5193962895468761, -0.5332434783147777, -0.1292579723822704, -0.0088438942736744, -0.5675395944097312, 0.4039831715846764, 0.24804742363905308, -0.14006061481735516, 0.33061502116656266, -0.191812271856081, 0.16880153587067348, 0.36106582359686695, 0.5207017636908329, -0.08330478090736307]], "inverted": false, "swapped": false, "error_lsq": 0.041827445744023806, "error_max": 0.335907371253873, "target": "675.xyz", "model": "24.xyz", "model_rescale": 4.28219845311461, "target_rescale": 4.088194661088606},
{"mapping": [12, 9, 8, 7, 4, 3, 13, 1, 6, 2, 10, 14, 0, 11, 5, 15], "R": [[-0.17837420359039857, 0.41637857131377426, 0.8915220293656189], [0.18922480905801925, -0.8746248557933574, 0.44634665145535135], [0.9655965074141721, 0.24831481425631657, 0.0772213564398076]], "T": [-0.047466844171638975, -0.08732660077697835, -0.010299474508102438], "aligned_model": [[-0.666750243885269, -0.0618984680286757, -0.11776770554346198, 0.307768822326629, 0.5960156083208404, 0.6216149683200126, -0.1721838361614782, 0.40011901965167745, -0.21284217695978985, -0.1152707962334691, -0.6355102447471906, -0.7102018778775383, 0.38891478648183225, -0.5112090551295825, -0.05315650200691503, -0.005687565767399219], [-0.3597056149682535, -0.756892744761714, 0.035675163319587797, -0.47191006856012524, 0.11582562429144841, -0.46375524285562597, -0.07915761598092971, -0.10419506209549989, 0.679822096614545, 0.5134658355127939, 0.10989903450449773, 0.27907740470038533, 0.5885348047110706, -0.32941483876737754, -0.5723612460728698, -0.026547516246532572], [-0.36627369225475553, -0.10165915347607364, 0.6693139537349955, -0.5860157095628779, -0.29191637707206997, 0.09302695229325449, -0.5910708551161803, 0.44714970120976066, 0.4327930783030671, -0.3315954392660127, 0.4846872189041928, -0.09200017685277856, 0.12511324659203138, 0.14074197030469232, 0.689693169432209, -0.0034792682081742935]], "inverted": true, "swapped": false, "error_lsq": 0.05049474643476439, "error_max": 0.370521912266778, "target": "675.xyz", "model": "25.xyz", "model_rescale": 4.100010024507729, "target_rescale": 4.088194661088606},
{"mapping": [9, 11, 0, 13, 4, 5, 3, 14, 10, 7, 12, 15], "R": [[0.42373523894262854, 0.7715016469285453, -0.47458788023376264], [-0.9036203539471989, 0.39626343016543325, -0.16262087764449012], [0.06259954640868304, 0.49775546476163135, 0.8650553705337942]], "T": [-0.10652247395398054, 0.036438962243966484, -0.0469712344337986], "aligned_model": [[-0.6605666567255768, -0.16386263059941664, 0.4133346956361319, 0.7726185548088851, -0.5842029349776409, 0.0928586456057875, -0.12043057403188301, 0.47269515688610997, 0.23467964546426204, -0.0917329628870038, -0.5104362935058483, 0.021810956689199856], [-0.2994442043826321, -0.5746599828543368, -0.4513625662310135, -0.35378717163916407, 0.6249466380523498, 0.6728684783840339, 0.33550636498738085, 0.4342215120917103, -0.48876743330329586, 0.6418162548584841, 0.13387674925578574, -0.009083249168662856], [-0.14635433520960564, 0.19303016620450597, 0.3551740016405866, -0.09077475997388132, 0.14153377887012125, 0.21361596837010186, 0.6048110820756962, -0.2759924977120273, -0.36727040939043365, -0.4461072435711532, -0.5789504589514868, -0.037523002498067184]], "inverted": true, "swapped": true, "error_lsq": 0.05022357997077175, "error_max": 0.30811292666984363, "target": "675.xyz", "model": "26.xyz", "model_rescale": 3.6694154284099745, "target_rescale": 4.088194661088606},
