[{"mapping": [7, 2, 6, 14, 13, 1, 9, 0, 12, 10, 4, 15], "R": [[0.2892237465600088, 0.5907312928529742, -0.7532503993162204], [-0.516382576585678, -0.5662940287453134, -0.6423862604431534], [-0.8060388694253698, 0.574758742997143, 0.14125766642492663]], "T": [0.04016304564238755, -0.004618626218461708, -0.03300025458418176], "aligned_model": [[-0.24440674599808826, 0.2819823882669399, 0.3963544022746153, -0.25363680492788104, -0.09983553948990309, -0.6674733082730733, 0.33869741503822326, -0.18856976497941724, 0.7077631354058247, 0.04988117361622827, -0.5064103841545293, 0.023296495681609634], [-0.3143181348172001, -0.6018981772777643, -0.3587047894145962, 0.7459861901347957, 0.31042489823031977, -0.4540564421329595, -0.2686325294360508, -0.6095889271780013, 0.006406362927240672, 0.4449715519742404, 0.15410919602405154, -0.0011441630570186087], [-0.4834500931963422, -0.03844792327309666, -0.5831647560806684, -0.09673275677365745, -0.5372777685130261, 0.06339147299241157, 0.5052908401397448, 0.5312888066599927, 0.07292159713539217, 0.3938703367353478, 0.34719914806544827, 0.0070628414620159535]], "inverted": true, "swapped": true, "error_lsq": 0.03753271468626214, "error_max": 0.1998033315895552, "target": "676.xyz", "model": "0.xyz", "model_rescale": 3.751011558992144, "target_rescale": 4.10058697176003},
{"mapping": [12, 9, 6, 8, 0, 7, 5, 10, 2, 3, 1, 4, 14, 13, 15], "R": [[-0.8981136352875253, -0.17728189267100375, -0.4024463052900507], [0.35530618863658575, -0.8317738648970544, -0.42650879239560774], [-0.2591320328079278, -0.5260450248839954, 0.810016803139063]], "T": [0.01945659845382493, 0.09433744174284671, -0.06617990502174469], "aligned_model": [[0.047440900117361254, 0.08817007206079933, -0.6046322245919155, 0.05281508560153382, -0.14529600209887858, -0.4724562899543028, 0.5540388625359741, 0.629988908195522, -0.489831050879106, 0.06562227891243315, -0.25240784109964937, 0.39844447991256604, 0.6189731560376496, 0.0022237740463940565, 0.045992102292653145], [-0.03177162883229025, -0.5179476410818823, 0.325249196290221, 0.5677883343584738, -0.6953506391416459, 0.31107712568958995, -0.5992619761081999, -0.0058982290236556795, -0.2528452430738342, 0.38179003866144395, -0.18989309967068452, -0.0932866816737714, 0.5881710360650443, 0.6965530869572624, 0.06438367041103447], [-0.7297643006253445, -0.32879911482372653, -0.40102789258413063, -0.6436110996073585, 0.22704223578270782, 0.23522419028381658, -0.055524678247817205, -0.10676784830055923, -0.25416768993218913, 0.6102441402375339, 0.6803705961072865, 0.47201522270472634, 0.158533362643542, 0.03475167384402299, -0.04885239263053451]], "inverted": true, "swapped": true, "error_lsq": 0.041462265070033255, "error_max": 0.23518470024627366, "target": "676.xyz", "model": "1.xyz", "model_rescale": 3.9405287249114394, "target_rescale": 4.10058697176003},
{"mapping": [2, 1, 7, 10, 4, 6, 9, 5, 14, 8, 11, 12, 15], "R": [[-0.9508794113971684, 0.01893330990604937, 0.30898199746421506], [0.2509693616582292, 0.6314804736648982, 0.7336530453073966], [-0.1812256176423071, 0.7751605905591159, -0.6052134618084821]], "T": [-0.08242426445786642, -0.018349880010818775, -0.08224828041936319], "aligned_model": [[-0.37529698865758404, 0.22144804513850447, -0.3981985026983754, 0.3898985848839492, 0.5458543400098109, -0.8107550687868198, 0.13685277138900487, 0.647687847518966, 0.2226740567840617, -0.5690519650032875, -0.15108038880239016, -0.32387056064375297, -0.040178891848156165], [0.5268205393679908, 0.5136257654473879, 0.1898930318682065, -0.33749827293404316, -0.011520085908728939, 0.1375200583501553, 0.3450263841553467, 0.16506757665933078, -0.7232024979209482, -0.5078441860516015, -0.7574106938058496, -0.0723580370768307, -0.009286988578398783], [0.0973733077299622, -0.6625055138959077, -0.5687874146748678, 0.16167732577297203, -0.3537403992177227, -0.0692454347988764, 0.4358817087268839, 0.36526286347036674, -0.3350042413060359, 0.2046038178463034, 0.36706160532889176, 0.5468921442379352, -0.07634941963126049]], "inverted": true, "swapped": true, "error_lsq": 0.044206974842316206, "error_max": 0.24666684433486533, "target": "676.xyz", "model": "2.xyz", "model_rescale": 3.932901565614263, "target_rescale": 4.10058697176003},
{"mapping": [4, 5, 0, 10, 1, 7, 2, 3, 14, 13, 12, 11, 6, 15], "R": [[-0.1747149153668464, -0.8375429839144101, 0.5176837339960586], [0.7424710376626834, 0.23325578194966007, 0.6279558092884809], [-0.646692706453733, 0.49407842523510265, 0.5810981441518697]], "T": [0.09706028431989751, -0.12203407139393775, 0.0800251959953568], "aligned_model": [[-0.3492587185905209, 0.32252359980334894, 0.17437915460406322, 0.11601962079638062, -0.4347187130803179, -0.21770653748290597, 0.46030894115226184, -0.6386539709272643, -0.3688692686199133, -0.24180986536702226, 0.7471960533325015, 0.3940172739502302, 0.36518814812564154, 0.09119419435622053], [0.10080630075100329, 0.2522198432024545, -0.4934880351161168, 0.4526279467825549, -0.5840536170781162, -0.6101248641117447, -0.6437758530552276, -0.15167095265323494, 0.5083425368199452, -0.038865769587225124, 0.008320414149369418, 0.5801571476807348, -0.6111763371965458, -0.10582212223736245], [-0.3886219395686045, -0.6789689964413164, -0.6898927564326407, -0.1520273422321714, -0.38450032777246423, 0.2861514558522468, -0.02526041676110212, 0.06753742486857738, 0.27832486285644775, 0.5814211397525447, 0.21179036156898418, 0.4942086837065516, 0.5737635524857184, 0.03997066117432598]], "inverted": false, "swapped": true, "error_lsq": 0.04521066452165302, "error_max": 0.2977997686067709, "target": "676.xyz", "model": "3.xyz", "model_rescale": 3.9243930471874484, "target_rescale": 4.10058697176003},
{"mapping": [0, 2, 1, 4, 3, 9, 10, 7, 13, 8, 14, 11, 15], "R": [[0.11465653660712943, 0.7219892731823767, -0.6823381625138972], [-0.7932656532778652, 0.48000386122959, 0.3746009830931129], [0.5979828441877745, 0.4983249769119225, 0.6277648727372631]], "T": [-0.07194476747317728, -0.017900231479480132, -0.14546314216741252], "aligned_model": [[0.005142169237462038, -0.32391956056997806, 0.5818674819594993, 0.37895022214986335, 0.6541652280344248, -0.4922033924465015, -0.16457961303838475, 0.2977883638319005, 0.1877828389204499, -0.5017639531538666, 0.25084620535324426, -0.5323895921297984, -0.06448051183696289], [-0.6786202655504644, -0.01889998358417002, -0.31881816855230727, -0.494332599099375, 0.028314088492732044, -0.4981459172823988, -0.3827492958662367, 0.3214848803398484, 0.4708143909751062, 0.5124209617469931, 0.05399305992145453, 0.19254697248792477, -0.0601785703475194], [-0.6878988979059749, -0.7385540608423409, -0.5859320542844644, 0.049971063912002706, -0.03171664514075784, -0.34876140301844444, 0.34723171032788713, -0.503113762937249, 0.11308554854000019, 0.1590203885851159, 0.592388548131162, 0.5591690037908378, -0.13781912378681008]], "inverted": false, "swapped": true, "error_lsq": 0.03424349332786382, "error_max": 0.215955342250751, "target": "676.xyz", "model": "4.xyz", "model_rescale": 3.8936222436046832, "target_rescale": 4.10058697176003},
{"mapping": [5, 0, 4, 10, 3, 7, 6, 13, 11, 12, 14, 15], "R": [[0.3077594637421752, -0.12501474563055495, 0.943215471592815], [0.12425725479426124, 0.9881213547191552, 0.09042302239460802], [-0.9433155607261671, 0.08937282429748643, 0.31963768734141446]], "T": [-0.12779266045935456, -0.10907870185835465, 0.0623337884492817], "aligned_model": [[0.07199145632881426, -0.60136179275485, -0.32669457021309883, 0.27068539100195727, -0.5515558057761628, -0.6246923267144111, -0.2285816464292194, -0.10062469141998717, 0.70721381852495, 0.36382604078254266, 0.1769719166026243, -0.1296297477180622], [-0.4974123773679894, -0.6665708536741629, 0.11789841697885499, -0.013031843721137262, 0.464329714018917, 0.05317739188576685, -0.2825746888560286, 0.42526826113791716, 0.10980300715325252, -0.520671155058595, 0.595366433018183, -0.11665940040517105], [-0.6967809239074613, -0.38673712570407254, -0.5520016568162706, -0.40289144261381504, -0.12188711102931202, 0.3887728957339903, 0.7797395279135082, 0.3570931170299831, 0.14984893481198863, 0.276654981912163, -0.19195616196197787, 0.01942968390679422]], "inverted": false, "swapped": true, "error_lsq": 0.040252144106716244, "error_max": 0.24597225773744855, "target": "676.xyz", "model": "5.xyz", "model_rescale": 3.6523030999806103, "target_rescale": 4.10058697176003},
{"mapping": [1, 0, 5, 4, 10, 7, 12, 3, 6, 8, 11, 14, 15], "R": [[0.8731691534041737, 0.4711444550418423, -0.12489408323361292], [0.4231347550938014, -0.6055193239567598, 0.6740202722074893], [0.24193513299053512, -0.6413807377823837, -0.7280783890671236]], "T": [-0.03805380482653811, -0.05425443281374888, 0.02237786392295019], "aligned_model": [[0.16111319313428943, -0.026457385829702973, 0.38539867340503364, 0.5760431361382797, 0.4348429968551559, -0.2606361552293268, -0.40049978533956176, 0.39697179439847774, -0.7343038340861594, -0.3295323263028128, 0.0900704336750737, 0.5953158985579291, -0.007243734712381225], [-0.6614875324459133, -0.07576953651377118, 0.48269853251951744, -0.1855990721764001, 0.3452103031942222, -0.6287766751193824, 0.5080958319177905, -0.6451000785000871, -0.22559068802670063, 0.22623434642169005, 0.5216170360047104, -0.07878368753117011, -0.041921875581322605], [0.5734090740520564, 0.8803595255667672, 0.5694988697995883, 0.29463170558051077, -0.012847293528124967, 0.008957750972514753, -0.07470951875799489, -0.04058169075137105, -0.17963712715177974, -0.6061614245108798, -0.6138297706097913, -0.4796469450863567, 0.05066658390664992]], "inverted": false, "swapped": true, "error_lsq": 0.05113877007981661, "error_max": 0.31994620280162833, "target": "676.xyz", "model": "6.xyz", "model_rescale": 4.08911054899281, "target_rescale": 4.10058697176003},
{"mapping": [4, 3, 14, 5, 9, 12, 10, 11, 0, 1, 2, 7, 6, 13, 15], "R": [[0.07533340568751298, -0.8417045216914868, -0.5346572510979593], [0.47056656706923794, 0.5027310138424286, -0.7251404234199308], [0.8791427551565179, -0.19696452950993365, 0.4339504466765042]], "T": [0.04893093573800893, 0.023853005842696957, 0.016419784490343543], "aligned_model": [[-0.023064970403844476, 0.3304731822697518, 0.6961848382033856, -0.45487140828191025, -0.5127758313430035, -0.05666625022034168, 0.13477815022633438, 0.5811357817670826, -0.7569195037300703, -0.3104917962944374, -0.43187166163210483, 0.10696941152743493, 0.08753485788695797, 0.6178873367011849, 0.02803140312313467], [-0.594514756333842, -0.6282208064956538, -0.2980128315803794, -0.14453421941883304, 0.2287677836993334, 0.6565258622718261, -0.07673540158990055, 0.47454133127963966, -0.2714981580391136, -0.6599057719289265, 0.29866564507862997, -0.14882703484646403, 0.5006328891757666, -0.03552325720605142, -0.0006024578969178428], [-0.26805608740135933, 0.2109537435123281, -0.34586814355368245, -0.6798566145789265, -0.28537295083176734, -0.19713386208353217, -0.5893495611577468, -0.4997603764094223, 0.00628728526155304, 0.35601389283227175, 0.3458981743028622, 0.6051573728282678, 0.5874897909317314, 0.23068809847961383, -0.013020730050110708]], "inverted": true, "swapped": true, "error_lsq": 0.04576235150394143, "error_max": 0.36007157274162926, "target": "676.xyz", "model": "7.xyz", "model_rescale": 3.964800864290218, "target_rescale": 4.10058697176003},
{"mapping": [9, 2, 12, 5, 11, 1, 10, 6, 7, 13, 3, 14, 8, 15], "R": [[-0.8660658446074696, -0.025576835290644737, 0.4992752530427135], [0.47656930545875126, 0.25947900190746614, 0.8399716332494024], [-0.1510352604490547, 0.9654100025717677, -0.2125367663145974]], "T": [-0.000529930910110929, -0.077500472853262, 0.06563130451366397], "aligned_model": [[-0.1775700921475321, 0.2429497041176104, 0.3464427609896173, -0.6645714958344259, 0.2388607774644963, -0.46391240392802247, -0.37949771029271173, 0.6927212715266522, 0.20012749790008033, 0.24540152466827864, -0.31828915547046216, -0.24682408590902216, 0.5873958108625535, -0.04204651448623936], [-0.15912179383129926, -0.5525655483396977, 0.17315140620843522, 0.07139386397080055, 0.7513265012869266, -0.7271630556111517, 0.39477928698453324, -0.3500641543957145, -0.5159456934031152, 0.10982379324705699, -0.20803144036689553, 0.5147540363738816, 0.3839717872817515, -0.07536052322430935], [-0.5751324231837357, -0.2953118697602811, -0.45764152633866695, -0.4855956540856964, -0.02679087361483777, 0.3399488890140273, -0.06770857215315004, 0.05914423758392437, 0.44942968112122417, 0.5924853409198402, 0.7170148292202209, 0.5579336098877486, 0.056576131912784156, 0.052463238201619765]], "inverted": false, "swapped": true, "error_lsq": 0.04553187500614671, "error_max": 0.33694950097210313, "target": "676.xyz", "model": "8.xyz", "model_rescale": 4.121658175737393, "target_rescale": 4.10058697176003},
{"mapping": [10, 4, 13, 8, 5, 9, 1, 2, 7, 0, 12, 6, 15], "R": [[0.8094188647653526, -0.5057334518758063, 0.2984539780531491], [0.3681031865735109, 0.04097259595587606, -0.9288817418891728], [0.45753813545582744, 0.8617162653881021, 0.21932608729740027]], "T": [0.011511138918349553, 0.043515120379953386, -0.14838902507911028], "aligned_model": [[-0.5212381017425506, -0.22413063903258473, 0.40450518438060135, 0.0891980853660896, -0.79315756596249, -0.4745146417378467, 0.27480316282405504, 0.13952183145569697, 0.5998359304111025, -0.23508370384344457, -0.2807258601568386, 0.5185481742415305, -0.020824359768124023], [0.05135202246047842, -0.5032128809269408, 0.25197389406636617, 0.7800620721568228, -0.2883881036144231, -0.02749210924820112, -0.7553691550406502, 0.017505623675898134, -0.12937340854081547, -0.606548599059943, 0.5592516425347884, 0.42598449514140263, 0.014641945806926834], [-0.46550272962869454, -0.4861020194397702, -0.5670158960451048, -0.24917913889844912, -0.0518467614862006, 0.3069353948018232, -0.08133569156543496, 0.48263070706278327, -0.08688857525192237, 0.35493795862940464, 0.17664058125957316, 0.24091920035879338, -0.15311759583771214]], "inverted": true, "swapped": true, "error_lsq": 0.04610475452900602, "error_max": 0.26613248206798146, "target": "676.xyz", "model": "9.xyz", "model_rescale": 3.833441315466971, "target_rescale": 4.10058697176003},
{"mapping": [14, 3, 5, 0, 1, 4, 7, 2, 12, 9, 11, 6, 13, 10, 15], "R": [[-0.6478237411608926, 0.26271527045570336, 0.7150560027422269], [-0.5563699564217504, -0.8043406894837722, -0.20853902951732958], [0.5203622507249778, -0.532932211364782, 0.6672378782040772]], "T": [0.036855719328020876, 0.03693661785284164, 0.05040483484181098], "aligned_model": [[0.12385742855155579, -0.16978426762957644, -0.6246739782718833, -0.6960760233961342, -0.5646411640856506, -0.5260366424906943, 0.1384230881821589, 0.015690259671480418, 0.3389280741799101, -0.2817084664652114, 0.535016028853169, 0.5692148349551617, 0.4335390034428754, -0.16506633989432098, -0.0028368173083082524], [-0.7646452725642752, -0.42711516277495143, 0.03309388878040816, 0.4822245980340025, 0.09621246678489948, -0.3475639499420278, 0.15265729422362773, 0.6761961933105864, 0.3516259789802042, 0.4347150848995297, -0.34573716812676947, 0.49416890935455926, -0.3281735755282146, -0.3341042092715122, 0.027546463134911534], [0.11110862311450322, -0.48276081973349755, 0.6242825012470884, 0.014914222683480263, -0.5384268880459642, -0.011240309821199626, -0.5463292798949455, -0.02800659403324561, 0.5668869423121495, 0.4849995473564952, 0.6489037929581416, -0.19952050567035295, -0.23679675983257525, 0.5042775688526028, 0.06582986632941289]], "inverted": false, "swapped": true, "error_lsq": 0.04758302932718635, "error_max": 0.28364566298692306, "target": "676.xyz", "model": "10.xyz", "model_rescale": 4.2482417240324, "target_rescale": 4.10058697176003},
{"mapping": [9, 12, 8, 6, 4, 3, 10, 7, 2, 1, 0, 15], "R": [[0.8426503813566079, -0.5142017872557556, -0.15980255561958343], [-0.33207626570240545, -0.7298797952804442, 0.597495471278672], [-0.4238698957896264, -0.45041315081196687, -0.7857876971669432]], "T": [0.03349519157739459, 0.0536132118482926, 0.09139840835009896], "aligned_model": [[-0.47444480384581594, -0.03232159935746915, 0.43458998465213017, 0.6182955561348196, -0.3852152609103578, 0.18204049266836433, -0.4102085107235514, 0.4783575704964429, 0.07817647568760488, -0.08677553836404228, -0.5181070406721026, -0.00762172340301593], [-0.32749885829056863, -0.6037402049277318, -0.3800872453675642, -0.3285454305588845, 0.5940252217149644, 0.7748923960073135, 0.1056884120998284, 0.2998481850190305, -0.30238490213469393, 0.648336236993262, 0.1175046337283967, 0.06809294576728706], [-0.12151933282188424, 0.2348749025693209, 0.5493527742458493, -0.167239519766313, 0.12493999534769842, 0.0920201438798364, 0.5213512780408852, -0.25683227791464747, -0.44387540883689547, -0.4950096405234917, -0.5631111576039582, 0.09024053323795629]], "inverted": true, "swapped": true, "error_lsq": 0.04601315444726842, "error_max": 0.24259098735561324, "target": "676.xyz", "model": "11.xyz", "model_rescale": 3.6694154284099745, "target_rescale": 4.10058697176003},
{"mapping": [8, 12, 9, 2, 6, 14, 13, 3, 0, 1, 4, 7, 10, 15], "R": [[0.9215278773363025, 0.24365282732641683, 0.3023568603949509], [-0.3476389393416998, 0.8645879061464188, 0.36281527034942895], [-0.17301311842003902, -0.4394554042006932, 0.8814450683811096]], "T": [0.029561479534081996, 0.044383252999409026, -0.0879715455487379], "aligned_model": [[0.06494417741280195, 0.08331018181370053, -0.004013505059734301, 0.5594390122836036, 0.6888794730191243, -0.594967640117449, 0.031818326914255124, -0.10002651427806486, 0.16060599963091313, 0.2094631853761269, -0.4114916562721106, 0.48009430385944, -0.5710259110081976, 0.001235416681400408], [-0.3865011581372277, 0.2175359425169286, 0.6745714611200584, 0.3973968812544809, -0.17027729480743314, -0.45633558617175396, -0.5636418594245792, -0.2896449130718546, 0.8091186757873479, 0.2714740932570019, 0.19829406169307068, -0.19950594092533336, 0.15512807121879976, 0.07337485382674816], [-0.69771084212896, -0.7392472874780853, -0.31229041728504336, -0.1872706504217741, -0.36027818317527127, 0.026185351612658475, -0.029250114264173455, 0.5554116145224516, 0.27909380997232114, 0.7045560889273, 0.412300596241847, 0.25457340673998086, -0.1950913085773961, -0.07188660503344017]], "inverted": true, "swapped": true, "error_lsq": 0.050772698025889476, "error_max": 0.3522338792625277, "target": "676.xyz", "model": "12.xyz", "model_rescale": 3.9764082729961374, "target_rescale": 4.10058697176003},
{"mapping": [11, 10, 8, 12, 13, 14, 2, 1, 0, 3, 6, 4, 7, 9, 5, 15], "R": [[0.7007380339892049, 0.47624966612420444, 0.5311802549394397], [0.6945908804137109, -0.6253636099996053, -0.35561758130661636], [0.16281804742426545, 0.6181477257135591, -0.7690147414894623]], "T": [0.09165421139665664, 0.05505995780452071, -0.004215767734262215], "aligned_model": [[0.2579730064824306, -0.1734874918790616, -0.29847974031624586, 0.10025585218087443, 0.566059784886431, 0.7126863206141941, -0.6839176894306767, -0.41839756070789447, -0.33936564164193345, 0.12653660456283797, 0.8238204474220708, 0.25547159677776826, -0.24739612946274564, -0.1733528582724453, 0.31389293120137063, 0.1274591062559433], [-0.45921720434486973, -0.0033485587374921383, -0.4478106412878175, 0.5344846866637089, 0.16033115756566174, -0.4205762580919565, -0.10525594139024917, 0.24902607417631895, 0.2197819781280939, -0.7850822098442909, 0.09198979137117276, -0.015279307450817, -0.359721508658698, 0.5699989109031934, 0.6788962764091645, -0.02211886564662756], [-0.5859388613468475, -0.7608102570993897, -0.3117373067163902, -0.42527571130807357, -0.37615376327866357, -0.1682198805594157, 0.09089760156032708, -0.32909561280570493, 0.5563165469536369, 0.03303747506375104, 0.21079026919574714, 0.691542792248627, 0.5287334797225056, 0.1573647203348755, 0.509848532566863, 0.06173962240090276]], "inverted": false, "swapped": false, "error_lsq": 0.04029654327921199, "error_max": 0.26674662882158257, "target": "676.xyz", "model": "13.xyz", "model_rescale": 4.170626492500431, "target_rescale": 4.10058697176003},
{"mapping": [14, 8, 10, 12, 4, 0, 9, 13, 3, 6, 7, 2, 1, 15], "R": [[0.01406372159364161, 0.9510359236015875, -0.3087602366792266], [0.4677252501229371, -0.27918166237260106, -0.8386242840463822], [-0.8837620166834355, -0.1326207804763131, -0.4487498484161095]], "T": [-0.04675510326003984, -0.022045681930294835, 0.047532056215363105], "aligned_model": [[0.47998771344150193, -0.17044901132346643, -0.10816629518480941, -0.6280461783025758, 0.25787993626335437, -0.35178337883874844, -0.641519310279436, 0.422435237900768, 0.6540189300477995, -0.18369804170838658, 0.2943138516836874, -0.4447024662773598, 0.31469039550772043, -0.05177836083840584], [-0.22871369179135553, -0.756342446868438, 0.047404379122952825, -0.3595167119937709, 0.4841347360655212, 0.7612360539761455, 0.2715064814898538, -0.4119673229331665, 0.20428140736513709, -0.43614603418994285, -0.005179061002702445, 0.10073177216250263, 0.6718394419508151, 0.012805464572113599], [-0.5300647868478114, -0.017301569113328724, -0.5655337042037176, -0.024889341543205656, -0.2981086511978593, 0.22119086431541513, -0.04555972033755451, 0.07866684109403808, 0.04878002452403746, 0.6514342023292117, 0.5605489118043427, 0.5392766308770152, 0.3636262054478084, 0.02180719397247522]], "inverted": false, "swapped": true, "error_lsq": 0.037993380672675346, "error_max": 0.29483191269762926, "target": "676.xyz", "model": "14.xyz", "model_rescale": 3.9786697098870705, "target_rescale": 4.10058697176003},
{"mapping": [9, 12, 0, 5, 2, 1, 11, 13, 4, 10, 6, 15], "R": [[0.59223795664646, 0.12254093276573677, -0.7963905590249856], [-0.7887427170211, 0.2902388295984067, -0.5418914542041793], [0.16473957949867093, 0.9490759408973817, 0.2685437196367676]], "T": [-0.0195566115497477, 0.10327586547770391, 0.0974353074294355], "aligned_model": [[0.04422212245637285, -0.5292014158353351, 0.5490054117268558, 0.4251075824247786, -0.1449214440731662, 0.6887376927644964, -0.5507467263795679, -0.20636114542490425, 0.6173517403723117, 0.13266288105270313, -0.5575096394641517, 0.015007537146943112], [-0.2364347510553797, -0.21481066060162585, 0.13154721261559893, -0.5618783714257312, 0.3752428919111546, 0.5476679698838596, -0.473680286839031, 0.3324044003096686, -0.07444750247817565, -0.4757842985781278, 0.5867837337102614, 0.07806415277196704], [-0.47624786607762126, -0.2125872793299889, -0.5449569909027296, -0.25867630302226735, -0.4731492428121905, -0.01600966125331761, 0.4685991304772167, 0.6319930852606552, 0.27421420103185884, 0.2585651449755338, -0.0807694998241195, 0.08899177535080047]], "inverted": false, "swapped": true, "error_lsq": 0.05020790430841534, "error_max": 0.2603181300589673, "target": "676.xyz", "model": "15.xyz", "model_rescale": 3.769337070930944, "target_rescale": 4.10058697176003},
{"mapping": [7, 0, 13, 6, 3, 4, 14, 5, 11, 12, 15], "R": [[0.850280147006954, 0.5220359302855899, 0.06709813035168502], [-0.4427819126070023, 0.6405515438635324, 0.6274056881493268], [0.28454850109237617, -0.5631804392420818, 0.7757963285432448]], "T": [-0.10545282740986552, 0.03850432547192109, -0.004519052168134977], "aligned_model": [[-0.37227635793650116, -0.24869072549736237, 0.02058797110486245, -0.7670680193443427, 0.27955268464258654, 0.43624126074638536, 0.6024189191653647, 0.2599063643672149, 0.18453077396593548, -0.39338023475671874, -0.07919650576625366], [0.17543097805728883, -0.7964388212831852, 0.5869324569917418, 0.3751434387679333, 0.11889150740350032, -0.3070843973793409, 0.42823611637017345, -0.6457107516718575, 0.5500195278961946, 0.10662153284008141, 0.004022909632811683], [-0.542900983900054, -0.14265939593495414, -0.24219138723862027, -0.0667261049364819, -0.6271091349695775, -0.24036767095474884, -0.03305842719501503, 0.40209412096481145, 0.6334979005458731, 0.6033367885279942, 0.00030190231454997954]], "inverted": false, "swapped": true, "error_lsq": 0.045479722517369, "error_max": 0.2164188936748236, "target": "676.xyz", "model": "16.xyz", "model_rescale": 3.7852294659196426, "target_rescale": 4.10058697176003},
{"mapping": [12, 13, 14, 11, 6, 7, 1, 3, 10, 5, 0, 4, 15], "R": [[0.9777992264837876, -0.0769194542614825, 0.19491554643953568], [0.13834861511922636, -0.4616464202403047, -0.8762090180852422], [0.1573795837531008, 0.8837227960369858, -0.44075581264717667]], "T": [-0.10322307881225035, 0.04540142899229955, -0.09071624850385203], "aligned_model": [[-0.07195507310232462, -0.3116049587046231, 0.31236808564168445, 0.24754056862889517, -0.7859544518472587, -0.6216491360711062, -0.22519987404379227, -0.11682580184179353, 0.5031677665500135, 0.6291485155494737, 0.016781199652104964, 0.3453632882876384, -0.06741427848262849], [-0.195143922968961, -0.3844086846939128, -0.4260548347126753, -0.7139166986746605, -0.11565210880212257, 0.1746539137571475, 0.7343967914869942, 0.13921897532445765, -0.08352548108081692, 0.4445547787783793, 0.8810887996722442, 0.34979476002527266, 0.0700493355915281], [-0.7217401104760227, 0.29005677508891115, 0.4180083821209279, -0.3213778360268287, -0.341454962010517, 0.216410805634131, 0.38092129960677973, 0.6395734121505855, -0.10131184154926517, -0.3577000204802207, -0.24549189249911452, 0.3271396988796053, -0.08727901329579814]], "inverted": false, "swapped": true, "error_lsq": 0.0419743742205723, "error_max": 0.240553971251819, "target": "676.xyz", "model": "17.xyz", "model_rescale": 3.901054581598922, "target_rescale": 4.10058697176003},
{"mapping": [12, 9, 6, 8, 0, 7, 5, 10, 2, 3, 1, 4, 14, 13, 15], "R": [[-0.8981136352875253, -0.17728189267100375, -0.4024463052900507], [0.35530618863658575, -0.8317738648970544, -0.42650879239560774], [-0.2591320328079278, -0.5260450248839954, 0.810016803139063]], "T": [0.01945659845382493, 0.09433744174284671, -0.06617990502174469], "aligned_model": [[0.047440900117361254, 0.08817007206079933, -0.6046322245919155, 0.05281508560153382, -0.14529600209887858, -0.4724562899543028, 0.5540388625359741, 0.629988908195522, -0.489831050879106, 0.06562227891243315, -0.25240784109964937, 0.39844447991256604, 0.6189731560376496, 0.0022237740463940565, 0.045992102292653145], [-0.03177162883229025, -0.5179476410818823, 0.325249196290221, 0.5677883343584738, -0.6953506391416459, 0.31107712568958995, -0.5992619761081999, -0.0058982290236556795, -0.2528452430738342, 0.38179003866144395, -0.18989309967068452, -0.0932866816737714, 0.5881710360650443, 0.6965530869572624, 0.06438367041103447], [-0.7297643006253445, -0.32879911482372653, -0.40102789258413063, -0.6436110996073585, 0.22704223578270782, 0.23522419028381658, -0.055524678247817205, -0.10676784830055923, -0.25416768993218913, 0.6102441402375339, 0.6803705961072865, 0.47201522270472634, 0.158533362643542, 0.03475167384402299, -0.04885239263053451]], "inverted": true, "swapped": true, "error_lsq": 0.041462265070033255, "error_max": 0.23518470024627366, "target": "676.xyz", "model": "18.xyz", "model_rescale": 3.9405287249114394, "target_rescale": 4.10058697176003},
{"mapping": [10, 2, 11, 6, 1, 3, 9, 5, 7, 14, 12, 4, 13, 8, 0, 15], "R": [[0.2980883171166083, 0.9210373099484647, -0.2506663696659063], [0.38660677568066154, 0.12360732622283899, 0.9139236455535243], [0.8727419757273004, -0.3693392784242383, -0.3192333648237163]], "T": [0.10539990696951146, -0.037686129384256806, 0.08841282863575224], "aligned_model": [[0.12978645809958145, 0.042757071716310255, -0.37822118214683265, 0.09317573187810818, 0.6123816741179449, 0.798855578641855, -0.6566987861477807, -0.4809669238308127, -0.3495124572066291, 0.2533237897892056, 0.5533696707232039, 0.2910787564962102, -0.16112089834626114, -0.24363692765523215, 0.34329600555588446, 0.10189097698816318], [-0.4817639123246384, 0.1251113505819956, -0.5022605876779485, 0.5749102960104786, 0.2624317306772605, -0.3603661290526957, -0.06485728069757474, 0.28380869637618156, 0.1682630731720131, -0.7942698670045476, -0.22808612138998802, 0.26944774085141837, -0.5507425783524977, 0.6333345427946242, 0.5922947267271812, -0.041157300926766324], [-0.5597416712863437, -0.7629966725569023, -0.1752051084680432, -0.33920808377282907, -0.20893912079553373, -0.2863210023875495, 0.17488338687241162, -0.4056293350560905, 0.5846639906771665, 0.014666405425929577, 0.33982881065772225, 0.7254820393252782, 0.4305671591328221, 0.07511993129546392, 0.2269906954342918, 0.048878222434957624]], "inverted": true, "swapped": false, "error_lsq": 0.03651500956044002, "error_max": 0.2546666998003696, "target": "676.xyz", "model": "19.xyz", "model_rescale": 4.410303926677745, "target_rescale": 4.10058697176003},
{"mapping": [9, 2, 12, 5, 11, 1, 10, 6, 7, 13, 3, 14, 8, 15], "R": [[-0.8660658446074696, -0.025576835290644737, 0.4992752530427135], [0.47656930545875126, 0.25947900190746614, 0.8399716332494024], [-0.1510352604490547, 0.9654100025717677, -0.2125367663145974]], "T": [-0.000529930910110929, -0.077500472853262, 0.06563130451366397], "aligned_model": [[-0.1775700921475321, 0.2429497041176104, 0.3464427609896173, -0.6645714958344259, 0.2388607774644963, -0.46391240392802247, -0.37949771029271173, 0.6927212715266522, 0.20012749790008033, 0.24540152466827864, -0.31828915547046216, -0.24682408590902216, 0.5873958108625535, -0.04204651448623936], [-0.15912179383129926, -0.5525655483396977, 0.17315140620843522, 0.07139386397080055, 0.7513265012869266, -0.7271630556111517, 0.39477928698453324, -0.3500641543957145, -0.5159456934031152, 0.10982379324705699, -0.20803144036689553, 0.5147540363738816, 0.3839717872817515, -0.07536052322430935], [-0.5751324231837357, -0.2953118697602811, -0.45764152633866695, -0.4855956540856964, -0.02679087361483777, 0.3399488890140273, -0.06770857215315004, 0.05914423758392437, 0.44942968112122417, 0.5924853409198402, 0.7170148292202209, 0.5579336098877486, 0.056576131912784156, 0.052463238201619765]], "inverted": false, "swapped": true, "error_lsq": 0.04553187500614671, "error_max": 0.33694950097210313, "target": "676.xyz", "model": "20.xyz", "model_rescale": 4.121658175737393, "target_rescale": 4.10058697176003},
{"mapping": [1, 0, 5, 4, 10, 7, 12, 3, 6, 8, 11, 14, 15], "R": [[0.8731691534041737, 0.4711444550418423, -0.12489408323361292], [0.4231347550938014, -0.6055193239567598, 0.6740202722074893], [0.24193513299053512, -0.6413807377823837, -0.7280783890671236]], "T": [-0.03805380482653811, -0.05425443281374888, 0.02237786392295019], "aligned_model": [[0.16111319313428943, -0.026457385829702973, 0.38539867340503364, 0.5760431361382797, 0.4348429968551559, -0.2606361552293268, -0.40049978533956176, 0.39697179439847774, -0.7343038340861594, -0.3295323263028128, 0.0900704336750737, 0.5953158985579291, -0.007243734712381225], [-0.6614875324459133, -0.07576953651377118, 0.48269853251951744, -0.1855990721764001, 0.3452103031942222, -0.6287766751193824, 0.5080958319177905, -0.6451000785000871, -0.22559068802670063, 0.22623434642169005, 0.5216170360047104, -0.07878368753117011, -0.041921875581322605], [0.5734090740520564, 0.8803595255667672, 0.5694988697995883, 0.29463170558051077, -0.012847293528124967, 0.008957750972514753, -0.07470951875799489, -0.04058169075137105, -0.17963712715177974, -0.6061614245108798, -0.6138297706097913, -0.4796469450863567, 0.05066658390664992]], "inverted": false, "swapped": true, "error_lsq": 0.05113877007981661, "error_max": 0.31994620280162833, "target": "676.xyz", "model": "21.xyz", "model_rescale": 4.08911054899281, "target_rescale": 4.10058697176003},
{"mapping": [5, 10, 6, 12, 9, 11, 0, 7, 4, 8, 15, 2, 1, 13, 14, 16], "R": [[0.12261381716184075, -0.5225895170927041, -0.8437215467592478], [-0.9601735498949752, 0.15259663451831787, -0.23405345802992342], [0.25106295211178575, 0.8388173005836836, -0.4830661759204611]], "T": [0.08180042495220838, 0.010251996658700756, 0.02196244826408477], "aligned_model": [[0.38503892562783315, -0.03337153935094431, -0.4379275419468244, 0.09071802030613751, 0.5551350528300604, 0.6032979551578406, -0.6316136182531595, -0.48504628543508166, -0.30138901689112596, 0.07078665405396722, 0.6849033572783124, 0.16354935196932027, 0.06888301136815135, -0.29005254281109016, 0.4675464368546668, 0.039300317914854714], [-0.27960476991631045, 0.07767807692807611, -0.4072881657153838, 0.6490785080334819, 0.22609079469596463, -0.5486498230565635, -0.1713942257109189, 0.22203357616313305, 0.2655628729479623, -0.6729879729140342, -0.026731229418968844, 0.043452041421840004, -0.5900635038766869, 0.5551412261347577, 0.5177306956187778, 0.026050278429369206], [-0.545275174365838, -0.7738544600464876, -0.3113649910189573, -0.34788978018927386, -0.46477727158224474, 0.06148601296717903, 0.26305257878686417, -0.3517079379256016, 0.545674577182217, -0.09561245930093332, 0.42989150079983685, 0.7385297509876526, 0.5410509007548765, 0.061345998064155784, 0.09604328485628097, 0.036447116963024134]], "inverted": true, "swapped": false, "error_lsq": 0.044149628739489716, "error_max": 0.3222216866768769, "target": "676.xyz", "model": "22.xyz", "model_rescale": 4.204369325754507, "target_rescale": 4.10058697176003},
{"mapping": [10, 2, 11, 6, 1, 3, 9, 5, 7, 14, 12, 4, 13, 8, 0, 15], "R": [[0.2980883171166083, 0.9210373099484647, -0.2506663696659063], [0.38660677568066154, 0.12360732622283899, 0.9139236455535243], [0.8727419757273004, -0.3693392784242383, -0.3192333648237163]], "T": [0.10539990696951146, -0.037686129384256806, 0.08841282863575224], "aligned_model": [[0.12978645809958145, 0.042757071716310255, -0.37822118214683265, 0.09317573187810818, 0.6123816741179449, 0.798855578641855, -0.6566987861477807, -0.4809669238308127, -0.3495124572066291, 0.2533237897892056, 0.5533696707232039, 0.2910787564962102, -0.16112089834626114, -0.24363692765523215, 0.34329600555588446, 0.10189097698816318], [-0.4817639123246384, 0.1251113505819956, -0.5022605876779485, 0.5749102960104786, 0.2624317306772605, -0.3603661290526957, -0.06485728069757474, 0.28380869637618156, 0.1682630731720131, -0.7942698670045476, -0.22808612138998802, 0.26944774085141837, -0.5507425783524977, 0.6333345427946242, 0.5922947267271812, -0.041157300926766324], [-0.5597416712863437, -0.7629966725569023, -0.1752051084680432, -0.33920808377282907, -0.20893912079553373, -0.2863210023875495, 0.17488338687241162, -0.4056293350560905, 0.5846639906771665, 0.014666405425929577, 0.33982881065772225, 0.7254820393252782, 0.4305671591328221, 0.07511993129546392, 0.2269906954342918, 0.048878222434957624]], "inverted": true, "swapped": false, "error_lsq": 0.03651500956044002, "error_max": 0.2546666998003696, "target": "676.xyz", "model": "23.xyz", "model_rescale": 4.410303926677745, "target_rescale": 4.10058697176003},
{"mapping": [13, 14, 7, 9, 15, 6, 1, 11, 3, 12, 5, 2, 0, 10, 8, 16], "R": [[0.782777518679619, -0.04421678514629995, -0.6207287911488438], [-0.37822165880664604, 0.7582952386820329, -0.5309771254976133], [0.49417378831675013, 0.650410029830018, 0.5768527195369603]], "T": [0.04962590435726994, 0.022579126352622016, -0.06893601113140008], "aligned_model": [[0.12966616501451778, 0.2179420752535601, -0.4070910418593016, 0.12022212036869961, 0.6508592286268777, 0.6295192866985821, -0.7670761823130088, -0.39216003060813787, -0.29665009429671085, 0.32869304542238786, 0.58424534799582, 0.18184946347061953, -0.09346085509061813, -0.23709663649163792, 0.3145773261733227, -0.014280679692053176], [-0.517408231676336, 0.06512560122468217, -0.45250730062781114, 0.5634491542926621, 0.29539600743824934, -0.3592498000706356, -0.008643957294049296, 0.19991093892194509, 0.15608881186876597, -0.7066463325955188, -0.11246920533336588, -0.12984605804358282, -0.4895522835380695, 0.5887817072196365, 0.7663083496527701, 0.02736097832515418], [-0.511873742276493, -0.7231603259542347, -0.15630542580194023, -0.3769875827706178, -0.3398670540503993, -0.37849767836914583, 0.192517943220686, -0.4861890548930745, 0.7505266672522037, 0.12218592791096297, 0.23362973712899254, 0.8211074960948259, 0.4673786440480406, 0.07593899797746356, 0.1599182082779539, 0.03271688913752707]], "inverted": true, "swapped": false, "error_lsq": 0.04065760977409102, "error_max": 0.327631706861854, "target": "676.xyz", "model": "24.xyz", "model_rescale": 4.28219845311461, "target_rescale": 4.10058697176003},
{"mapping": [6, 0, 8, 4, 2, 14, 5, 1, 9, 10, 13, 9, 11, 3, 7, 15], "R": [[-0.6516239492103224, -0.7234412864599459, -0.22807659647741613], [-0.6683057974515473, 0.4053071197761024, 0.6237735965488215], [-0.3588225047404287, 0.5588907260851436, -0.7475878318885524]], "T": [0.12472164010311011, 0.008546947504811577, 0.03016837491376815], "aligned_model": [[0.13546021813303316, 0.11885420678716362, -0.35951163624620924, 0.19039638522931496, 0.6614939459007904, 0.598961556280275, -0.6493015359073447, -0.43402775890261686, -0.0671077487591588, 0.024384965713336912, 0.6564666435963832, -0.0671077487591588, 0.08129237935693825, -0.3739420835789629, 0.30581010334533737, 0.12763664648379686], [-0.5064112291908694, 0.17277044248459564, -0.4131332629026508, 0.650374331032269, -0.010840945465680252, -0.5844970573747937, -0.24556758910361384, 0.16263643958495574, 0.17733461935344552, -0.7735134737644617, 0.18997540940089355, 0.17733461935344552, -0.408849025249832, 0.5982412394872446, 0.6721279400655237, 0.02811592205402407], [-0.7093584293044269, -0.768925104573278, -0.23374447273777407, -0.3139144793998668, -0.3944251079880845, -0.029328978601016263, 0.278350981470141, -0.2417377419499269, 0.6559366157821553, -0.059379757866350545, 0.22316428526154122, 0.6559366157821553, 0.3771144405894585, 0.09050474492962704, 0.39405467658358045, -0.041208641045183646]], "inverted": true, "swapped": false, "error_lsq": 0.04829187790163617, "error_max": 0.3282199458264702, "target": "676.xyz", "model": "25.xyz", "model_rescale": 4.100010024507729, "target_rescale": 4.10058697176003},
{"mapping": [9, 12, 8, 6, 4, 3, 10, 7, 2, 1, 0, 15], "R": [[0.8426503813566079, -0.5142017872557556, -0.15980255561958343], [-0.33207626570240545, -0.7298797952804442, 0.597495471278672], [-0.4238698957896264, -0.45041315081196687, -0.7857876971669432]], "T": [0.03349519157739459, 0.0536132118482926, 0.09139840835009896], "aligned_model": [[-0.47444480384581594, -0.03232159935746915, 0.43458998465213017, 0.6182955561348196, -0.3852152609103578, 0.18204049266836433, -0.4102085107235514, 0.4783575704964429, 0.07817647568760488, -0.08677553836404228, -0.5181070406721026, -0.00762172340301593], [-0.32749885829056863, -0.6037402049277318, -0.3800872453675642, -0.3285454305588845, 0.5940252217149644, 0.7748923960073135, 0.1056884120998284, 0.2998481850190305, -0.30238490213469393, 0.648336236993262, 0.1175046337283967, 0.06809294576728706], [-0.12151933282188424, 0.2348749025693209, 0.5493527742458493, -0.167239519766313, 0.12493999534769842, 0.0920201438798364, 0.5213512780408852, -0.25683227791464747, -0.44387540883689547, -0.4950096405234917, -0.5631111576039582, 0.09024053323795629]], "inverted": true, "swapped": true, "error_lsq": 0.04601315444726842, "error_max": 0.24259098735561324, "target": "676.xyz", "model": "26.xyz", "model_rescale": 3.6694154284099745, "target_rescale": 4.10058697176003},
