[{"mapping": [8, 13, 0, 3, 9, 11, 5, 12, 1, 4, 6, 14], "R": [[-0.14287351147609711, 0.005656227827000537, -0.9897247934679917], [-0.351298707004633, -0.9351636048792239, 0.04536794646187736], [-0.9252979942566409, 0.3541709180552009, 0.1355971335558891]], "T": [-0.05136451682168391, -0.014725233296469464, -0.08629628104473677], "aligned_model": [[-0.12891965567579827, 0.06356405770605364, 0.4362243567396819, -0.04577949106832764, -0.11576705071684315, -0.6179597941865627, 0.372585936901614, -0.3325864506309799, 0.5451522420371548, 0.18113507681538538, -0.44058328740031755, -0.07942347806051173], [-0.41236454118785454, -0.6876684036674096, -0.09247624012306066, 0.7546903963956136, 0.1765606440689923, -0.5735448989741133, -0.2675426741506156, -0.5032970020328161, 0.27673520109498073, 0.24458484746751308, 0.156616779958308, -0.018739072872480327], [-0.575247688854958, -0.027108141592402123, -0.5544358152425426, -0.1466242195942331, -0.6114706960523384, -0.10258423614534459, 0.5076489474267598, 0.7199822963087147, -0.012370121126174152, 0.43124853176197087, 0.5496033064250085, 0.00330958203910188]], "inverted": false, "swapped": true, "error_lsq": 0.046297883827683045, "error_max": 0.24708398734159365, "target": "677.xyz", "model": "0.xyz", "model_rescale": 3.751011558992144, "target_rescale": 4.061607408026387},
{"mapping": [12, 9, 11, 13, 5, 10, 8, 2, 7, 3, 0, 1, 4, 6, 14], "R": [[0.8059188971616298, 0.10312338635730599, -0.5829753840291925], [0.2916559440821325, -0.9260865615568332, 0.23937520921223646], [-0.5152004866839148, -0.3629452406218379, -0.7764272089710753]], "T": [-0.06782787629546841, 0.09287564867760298, 0.0403588878591236], "aligned_model": [[0.4139679115962698, -0.3811241124638002, 0.1078500983451268, -0.13366049527331442, -0.5745089177328121, -0.6380078801265537, -0.4835488504128944, -0.17136273069861244, 0.571960021332485, 0.43657109454005905, 0.43938699647392665, 0.24360646700774038, -0.48539836902290234, 0.2700279719717207, -0.05448708368600792], [-0.17740100178577992, -0.13661798199424116, 0.37689513730276136, -0.5989132816341564, -0.2721250649847684, 0.5129215573232313, 0.10549632570635716, -0.572051085896618, 0.26202701543108486, -0.4751989510189477, -0.06170750762758609, 0.5315144704734143, 0.7065254064708767, 0.7284369242781945, 0.0763775229364439], [-0.45642925115114374, -0.4919640998260843, -0.6843487554246753, -0.17081956861124709, 0.028746469095202218, -0.37305367362167224, 0.5575001087360395, 0.5208701505370046, -0.0013098650797012529, 0.11959787392305242, 0.5828915035862678, 0.48340536765635417, 0.3135672850094176, -0.17327873995664272, -0.0101747399836086]], "inverted": false, "swapped": false, "error_lsq": 0.04010120456562386, "error_max": 0.27932350207902945, "target": "677.xyz", "model": "1.xyz", "model_rescale": 3.9405287249114394, "target_rescale": 4.061607408026387},
{"mapping": [2, 5, 1, 11, 6, 0, 13, 12, 7, 9, 10, 8, 14], "R": [[0.5663522756990392, -0.4905237609854331, -0.6622926390344569], [0.2886167860375754, -0.6346648201170502, 0.7168688282546068], [-0.7719750323863203, -0.5971490651541692, -0.2178704738087332]], "T": [-0.10929191743372761, -0.10079189415081562, -0.10299419779944533], "aligned_model": [[-0.3557875591680016, 0.17414931125315203, -0.4591078750508129, 0.3302259184041101, 0.574723256445375, -0.7389296619015125, 0.026192350752863927, 0.798749592304938, 0.15643388938469843, -0.5300241596533997, -0.10019704790805993, -0.3586905450653911, -0.02175419051402823], [0.6151940522082914, 0.586035216659296, 0.2254371472311411, -0.24143511128737977, -0.23333913781469784, 0.12305972732974634, 0.3623174848741552, 0.2615849536328812, -0.8033787057223912, -0.45698033184358444, -0.7515434339305459, -0.14362880592608346, -0.08449046183881145], [0.057540988307584306, -0.3135913719803797, -0.5693094494166994, 0.5455568657379741, -0.4188614045832203, 0.025027341264777986, 0.3835631367221387, 0.006627562552157629, -0.27789835586105266, 0.009523874708752086, 0.31861318983383846, 0.47938937122325553, -0.1330613989204828]], "inverted": true, "swapped": true, "error_lsq": 0.0448014464041746, "error_max": 0.2973619793448593, "target": "677.xyz", "model": "2.xyz", "model_rescale": 3.932901565614263, "target_rescale": 4.061607408026387},
{"mapping": [1, 9, 0, 4, 2, 13, 8, 5, 6, 12, 10, 7, 11, 14], "R": [[-0.7506390439510346, 0.42416560817101573, -0.5065812496936589], [0.6209598380060521, 0.7148391757314325, -0.3215802114917891], [0.22572085698883548, -0.5559572732544459, -0.7999760027874006]], "T": [0.0867932997565439, -0.021317135745461263, -0.0705014083111334], "aligned_model": [[-0.28961276087465404, 0.5635637092801226, 0.14006435545598248, -0.41649705091916434, -0.37762031051902156, -0.13431083732007962, 0.4516456641982183, -0.6726375028440769, -0.14218740044171038, -0.4433195109456236, 0.8206296921242687, 0.5278336667055419, 0.35848941360400377, 0.03376878454889652], [0.12899049218211606, -0.025571600278342817, -0.37616149658530984, 0.3469725682577298, -0.5698748080913119, -0.6330327921687464, -0.5400307982908803, -0.13140537289423204, 0.4561272489689948, -0.10164176637360192, -0.043279312983417834, 0.5366044973652937, -0.3985267147985081, 0.01432649404070551], [-0.6015123310258169, -0.36919525753542826, -0.6485934653117078, -0.08505919428016538, -0.3578548517522617, 0.14509367488403124, -0.10250432056384537, 0.016487189442485603, 0.4816148119382695, 0.7543632201004674, 0.17912808612418374, 0.22788884410904403, 0.5756170636059201, -0.0015771066780788517]], "inverted": true, "swapped": true, "error_lsq": 0.0432686378956057, "error_max": 0.2654628435148038, "target": "677.xyz", "model": "3.xyz", "model_rescale": 3.9243930471874484, "target_rescale": 4.061607408026387},
{"mapping": [3, 9, 1, 4, 5, 7, 6, 0, 13, 8, 12, 11, 14], "R": [[0.5701076265053053, -0.24127545629694502, 0.7853428858716354], [-0.7237594381237732, -0.5998432167373702, 0.3411163893173773], [0.38877959042013455, -0.7628723808887469, -0.5166005812519835]], "T": [-0.01683666476170631, -0.036598376403267956, -0.17918040117662642], "aligned_model": [[-0.08950958519132957, -0.34988533909302943, 0.5158902502081393, 0.42944772473235054, 0.6640396283685652, -0.5748367573168587, -0.03997769528702755, 0.1701715826795641, 0.15302845519379782, -0.3069368518918055, 0.1794470801569012, -0.47833120222260217, 0.004658595974687079], [-0.6440367569538703, 0.053627365620619934, -0.17420020460541208, -0.457345484689271, -0.024909114245204207, -0.5672597264872935, -0.5915827251764147, 0.37954678663301383, 0.5199096648056069, 0.521474196451818, -0.10352959712206122, 0.30118265480099843, -0.08504750535094271], [-0.6497208610385317, -0.6235721601377432, -0.5580131828594559, -0.06537123259500938, 0.18508929923732326, -0.136002571839147, 0.3468181611257887, -0.6839515085438961, 0.18277120433999833, -0.266370898345781, 0.7825192383858135, 0.37444554783042033, -0.10157072018881616]], "inverted": true, "swapped": true, "error_lsq": 0.05880499889604467, "error_max": 0.3378268992417835, "target": "677.xyz", "model": "4.xyz", "model_rescale": 3.8936222436046832, "target_rescale": 4.061607408026387},
{"mapping": [12, 6, 5, 13, 1, 3, 7, 9, 8, 11, 2, 14], "R": [[-0.7753041456824574, -0.6235520973183941, -0.10043039190119349], [-0.3161584981525749, 0.24550567751729968, 0.9163900732508402], [-0.5467607207302877, 0.7422329447259829, -0.38748286417581457]], "T": [-0.10488422051146248, 0.047496512291419296, 0.0706155089533351], "aligned_model": [[-0.020403788951251584, -0.47734739360142353, -0.2641913139245574, 0.4154109697001893, -0.5118629018401242, -0.7316234688746498, -0.3664962824127904, -0.0007268958160492056, 0.48563223327150185, 0.49558053986990025, 0.1425198465349003, -0.13894350174054843], [-0.6382293510237573, -0.5945442177511127, 0.09361521780757262, 0.0647855490827132, 0.5459349083646513, 0.14189660265888543, -0.463452720077804, 0.2713600187006886, 0.1964797998220656, -0.4748048792284165, 0.5479757622882426, -0.02209378553392191], [-0.629753244365061, -0.11451284619342803, -0.6836496268086687, -0.3749833329360367, -0.10875568103920341, 0.5110216866989744, 0.5857076441290658, 0.5761672092181147, 0.25033639196577495, 0.055842137022286326, -0.4655554252529983, 0.017419806836698096]], "inverted": true, "swapped": true, "error_lsq": 0.04910846704258252, "error_max": 0.2936174079810696, "target": "677.xyz", "model": "5.xyz", "model_rescale": 3.6523030999806103, "target_rescale": 4.061607408026387},
{"mapping": [2, 13, 5, 1, 4, 8, 12, 9, 11, 7, 6, 3, 14], "R": [[-0.41389959808809773, -0.6392976863706343, -0.6480629528862649], [-0.910308101588444, 0.28665790195236435, 0.29860744704496567], [-0.005126683621457628, 0.7135304586697212, -0.7006054536367976]], "T": [0.09830475049545358, -0.1619188724414465, -0.02843030452514702], "aligned_model": [[0.21602991419294465, -0.29791339004780126, 0.2540869272686838, 0.7271674674978096, 0.48099459814803497, -0.27318297093997096, -0.39107312723920234, 0.15389910837557544, -0.6966002782071287, -0.014702319098286218, -0.006962184105529914, 0.6473001066118169, 0.0820390522073485], [-0.2821932921116408, -0.1664105140773854, 0.3367465268178692, -0.16787402631633253, 0.32633892390263974, -0.6564486507755894, 0.645913207542212, -0.6558226046950049, -0.12158130035708745, -0.015430220767750802, 0.5389710042287384, -0.172000086675518, -0.06938206255196722], [0.7271108078979647, 0.5306361798070465, 0.5403282672938888, 0.1968311543224618, 0.03716860631349673, 0.11524456838629119, 0.24686938107930081, -0.29208634953089013, -0.037021007831801254, -0.7771628160828556, -0.3163363230139943, -0.5708079699751508, -0.030664759183969246]], "inverted": false, "swapped": true, "error_lsq": 0.05479281838954338, "error_max": 0.38039323809625786, "target": "677.xyz", "model": "6.xyz", "model_rescale": 4.08911054899281, "target_rescale": 4.061607408026387},
{"mapping": [9, 3, 8, 0, 6, 4, 7, 2, 11, 1, 13, 12, 5, 10, 14], "R": [[-0.10868074886000284, 0.37456359359302627, -0.9208097573233612], [0.4362368345019746, -0.8143690045031238, -0.382753900996826], [-0.8932446020273092, -0.44328911430269696, -0.07489220313093137]], "T": [-0.014073158757789517, 0.11977327640228716, 0.03752322051171278], "aligned_model": [[0.39657422874307197, -0.41341933562788713, 0.02477920410641501, -0.26338982679503314, -0.4192319839885468, -0.5491393993542608, -0.4788945415463651, -0.1632691790869899, 0.5511375557775506, 0.4104105459937388, 0.3331023336372298, 0.2584932537235829, -0.4498823486040518, 0.21527752072100512, 0.10872409415097138], [-0.18787133809942638, -0.21128651582880245, 0.3781325750818334, -0.7395305927656621, -0.17169746165705788, 0.4094245189942617, 0.08883120555154503, -0.5313200006367289, 0.2777924263835506, -0.47703268185249714, 0.021803020447648314, 0.5960765406924788, 0.7100288651446307, 0.7836111323425079, 0.05921779118198447], [-0.5551662616073811, -0.5602840069896934, -0.5924687952874281, -0.252466852724747, 0.04336288199580799, -0.31836407280056467, 0.6558052232349321, 0.4891399113057735, 0.027630830971973164, 0.07730124770513928, 0.6745204958434695, 0.4923250116523583, 0.24287637872288342, -0.12369856878889354, -0.055313358345066704]], "inverted": true, "swapped": false, "error_lsq": 0.04682503716947604, "error_max": 0.2889308151271689, "target": "677.xyz", "model": "7.xyz", "model_rescale": 3.964800864290218, "target_rescale": 4.061607408026387},
{"mapping": [8, 11, 13, 9, 2, 7, 0, 12, 6, 4, 3, 1, 5, 14], "R": [[-0.543196671010401, 0.8380131279474591, 0.05168533632408784], [0.03202314009779067, 0.08219289015576958, -0.9961018257719032], [-0.8389945739404372, -0.5394240689805725, -0.07148271611338675]], "T": [-0.08651634984938006, -0.040875417753582693, 0.051922535852004875], "aligned_model": [[-0.24842917918548724, 0.21266287474451012, 0.3621794938091337, -0.6249964555081293, 0.20923586665835148, -0.36038574353593766, -0.4029140489541914, 0.8434226560075827, 0.31296971939403295, 0.184973159380877, -0.5893400133179563, -0.1804028299610443, 0.5549732098371641, -0.012760819908033225], [0.002287990967837529, -0.5204322185694238, 0.1536375733742435, -0.05839433394687635, 0.6352803576579261, -0.7170899862912513, 0.5116572544626041, -0.3611606142839848, -0.532055175988635, 0.08264183452198513, -0.1297790969194924, 0.49588208071114126, 0.3285098019244955, -0.08003700143936747], [-0.5605531402254555, -0.5085165696039682, -0.42807856811524625, -0.11018361090166659, -0.18155447921496337, 0.30204112614474554, -0.1879584644317814, 0.07437541606710475, 0.48130691819693616, 0.5998160903482807, 0.6306587133833281, 0.4383461663788474, 0.27207540168125033, 0.09504003901761038]], "inverted": false, "swapped": true, "error_lsq": 0.03592169949754977, "error_max": 0.25148345794841803, "target": "677.xyz", "model": "8.xyz", "model_rescale": 4.121658175737393, "target_rescale": 4.061607408026387},
{"mapping": [1, 4, 5, 2, 3, 9, 6, 11, 12, 7, 0, 13, 14], "R": [[0.24816897490813294, -0.9236517599007349, -0.2920266876936452], [-0.5484053008158954, -0.3824555762201741, 0.7436258187120199], [-0.7985385312745239, -0.024395873634080023, -0.6014491295359535]], "T": [-0.13138520464867323, 0.003059501328122754, 0.06328739150381596], "aligned_model": [[-0.4579226512863618, -0.07842344276618601, 0.3105178516979622, 0.06373062002223137, -0.756071517571976, -0.5745988480794905, 0.21370819576789865, 0.4261792177342175, 0.7922303102154684, -0.3114436250808611, -0.47230445925359854, 0.3890515964624205, -0.0679157514265273], [0.19145777083558815, -0.23969228418561297, 0.1496104784856864, 0.6755376805123299, -0.41410816086370117, 0.09715809808253358, -0.6544817884387362, -0.03669804784714116, -0.27836183402070686, -0.6800169613607293, 0.5915233393588248, 0.4439357397893961, -0.055476590936021766], [-0.4881887127158889, -0.5089162738973692, -0.5528831043185285, -0.26666781188028327, -0.11393906240321183, 0.3968338797116809, -0.1204722870489035, 0.629958527823663, -0.12541795095748243, 0.37282803190957386, 0.04262038078319197, 0.12915090229081622, 0.02616891466183041]], "inverted": true, "swapped": true, "error_lsq": 0.040505508864471094, "error_max": 0.24236605475008954, "target": "677.xyz", "model": "9.xyz", "model_rescale": 3.833441315466971, "target_rescale": 4.061607408026387},
{"mapping": [9, 9, 8, 3, 7, 11, 6, 4, 13, 2, 5, 0, 12, 10, 14], "R": [[0.41841028025432864, 0.6056872444857799, -0.6768129721309408], [-0.8673019463930245, 0.48768895916864663, -0.09973370988724961], [0.26966677800642425, 0.6287308175779406, 0.7293678001306397]], "T": [-0.094022193343272, 0.16437708562658726, 0.1471515717389638], "aligned_model": [[0.0453607758995192, 0.0453607758995192, 0.08171663520283401, -0.19546469287043938, -0.5588751877104773, -0.5225404403623183, -0.5263733042283782, -0.2362052893189093, 0.7031130044973187, 0.4128898810867264, 0.389490511273465, 0.3573186587651172, -0.4540150718575355, 0.11002010493234984, -0.09052423935836126], [-0.26071614120258374, -0.26071614120258374, 0.3293336764601337, -0.671702372567461, -0.08479352842566523, 0.470942186954732, 0.03935275890441167, -0.4750754841981929, 0.1794695082552619, -0.28642656112507564, -0.11018753033579104, 0.5868626914798247, 0.5911003216677078, 0.8681400525739605, 0.09059604774158789], [-0.5294415577870025, -0.5294415577870025, -0.594107188518584, -0.06498613972050277, -0.2599598079871287, -0.2861232044284917, 0.6557486644253031, 0.601900907366303, 0.14130037036703588, -0.09047518559301829, 0.5322034352621139, 0.4328442558744918, 0.37371826071239134, -0.2254589090418416, 0.08747772174449583]], "inverted": true, "swapped": false, "error_lsq": 0.048435381582199476, "error_max": 0.3857165400248164, "target": "677.xyz", "model": "10.xyz", "model_rescale": 4.2482417240324, "target_rescale": 4.061607408026387},
{"mapping": [7, 3, 0, 1, 11, 13, 8, 5, 4, 12, 6, 14], "R": [[-0.1994920244971118, 0.17866702676029794, -0.9634734172309474], [0.1466943616306164, 0.9776021443015567, 0.15091325893633323], [0.9688569019353841, -0.11123012634009632, -0.22123327635447732]], "T": [-0.024645930591805962, -0.02054607452153242, 0.09546485197004265], "aligned_model": [[-0.7012926243769988, -0.13449358697920016, 0.4107593229912743, 0.5294353017237518, -0.5049344205759759, 0.18996850240531143, -0.10225337098495745, 0.4973331158110832, 0.22810174448236586, -0.13784802560437664, -0.3568488022410211, -0.0411615542882498], [-0.34646460456116973, -0.7731965097228848, -0.13446505494923275, -0.38125556338569794, 0.6049171118827027, 0.6194735439367037, 0.2606016582884516, 0.2891991923717085, -0.18797871896784918, 0.6805134958753374, 0.02616426009791102, 0.008622579184658193], [-0.07990977640369265, -0.0353857447965534, 0.6057466204204701, -8.177630347250275e-05, 0.20360223405137484, 0.21327765594991022, 0.659502382169982, -0.38204674452773213, -0.44972808141104026, -0.5853978786889569, -0.5920502525395895, 0.007663651933656868]], "inverted": false, "swapped": true, "error_lsq": 0.04252268524445449, "error_max": 0.24987244530274635, "target": "677.xyz", "model": "11.xyz", "model_rescale": 3.6694154284099745, "target_rescale": 4.061607408026387},
{"mapping": [13, 2, 1, 0, 8, 12, 11, 6, 9, 7, 4, 10, 5, 14], "R": [[-0.9537172220672243, 0.2702611529341961, -0.13184221458643564], [0.11908941070342648, 0.7420600011187963, 0.6596701198310279], [0.2761180410452879, 0.6134377425250676, -0.7399006443131817]], "T": [0.08957174625719375, 0.15346815653268328, 0.03452564662295068], "aligned_model": [[0.053258755418047476, -0.05679683165211008, -0.16369656096967103, 0.41425763936932836, 0.6102725824208769, -0.5719756217913017, 0.2998668481760256, -0.429749743497415, 0.5965828296103299, 0.2087573482646622, -0.4895985189381501, 0.6909735117602297, -0.5752432952399552, 0.011355907324912859], [-0.2593513188643919, 0.25128839798440694, 0.738408433874833, 0.5365032323554002, -0.060475378349522574, -0.5737826951105457, -0.6142227276244299, -0.13862934366412663, 0.3727451486180872, 0.05178345984064045, 0.36599753404126256, -0.163007881981278, 0.11346566744036293, 0.11026475957555541], [-0.5112085112532982, -0.719248167275682, -0.1653406637766236, -0.4246104483051106, -0.25924994978213795, -0.00200615011652603, 0.03326031953679617, 0.5143192093965292, 0.14131282529728934, 0.7896977537903302, 0.12695659327896114, 0.4079850232366349, -0.3564249148318843, 0.06365254045713693]], "inverted": true, "swapped": true, "error_lsq": 0.0465855065671637, "error_max": 0.28869562189558107, "target": "677.xyz", "model": "12.xyz", "model_rescale": 3.9764082729961374, "target_rescale": 4.061607408026387},
{"mapping": [7, 0, 2, 5, 9, 1, 12, 6, 3, 4, 14, 11, 10, 8, 15], "R": [[-0.401985157244052, 0.8936610014282557, 0.199444097134315], [-0.7585118055901595, -0.447015992201992, 0.4741693194377142], [0.5129013298245884, 0.03932832620282628, 0.85754621369478]], "T": [-0.08657809407127282, 0.020461565618256357, 0.08524588069856001], "aligned_model": [[0.3835305794035313, -0.15701860467582207, -0.10290611712396726, -0.42663325722169504, -0.5669730394660804, -0.4987119682525944, -0.6606887488929841, 0.13451532849653824, 0.6982575800327183, 0.25038918006623534, 0.4462385062334545, 0.22840221085086, -0.35212419550513235, 0.1704687060489134, 0.014525961856455105], [-0.04744301974101433, -0.2642639868837527, 0.3964312011810253, -0.7414565308933437, -0.18671339588605892, 0.439365054815897, 0.13870279622695642, -0.5198842685331069, 0.3242428117483883, -0.5628515061240887, 0.03778554316500699, 0.5971532997020398, 0.7537379847865778, 0.6568667821601021, -0.015493280744362029], [-0.5024789710253872, -0.5788907225092872, -0.6180604129631055, 0.0035929195912120793, -0.21106199682484886, -0.15556133420857757, 0.33749477039402354, 0.5779962066363016, 0.07134025352933801, -0.16387786018952782, 0.6807409602892662, 0.5310695567185869, 0.28002231680731515, -0.0837753592532536, 0.07664973789650754]], "inverted": false, "swapped": false, "error_lsq": 0.04666282258611505, "error_max": 0.31277135314543686, "target": "677.xyz", "model": "13.xyz", "model_rescale": 4.170626492500431, "target_rescale": 4.061607408026387},
{"mapping": [1, 5, 3, 6, 9, 10, 7, 2, 0, 12, 13, 11, 8, 14], "R": [[-0.44063287036929566, -0.1305373202773844, 0.8881456420908203], [-0.8384248845105939, 0.41336377236576133, -0.35520994458058797], [-0.32075907872344445, -0.901160584862846, -0.2915874032020939]], "T": [-0.0013441720601633823, 0.03702116155801494, -0.008748157207981708], "aligned_model": [[0.35782680677804596, 0.13889313719695506, -0.21173793167990895, -0.6800513808114056, 0.13847223462697908, -0.29916261262018656, -0.6624124503041164, 0.6495547743873819, 0.6471827120223592, -0.4646484387288107, 0.27743749736666407, -0.279055971867894, 0.2970567755085225, -0.06617212978294205], [-0.2786359686683547, -0.710263623604761, 0.1703088213491881, -0.31587661323917743, 0.5472310982589286, 0.7283398882799215, 0.369150081520238, -0.32064926536437577, 0.20681614644529284, -0.5873127382297935, -0.1419234288415362, 0.2592151116338982, 0.45811480164959256, -0.028439843263395326], [-0.47522783482863323, 0.12660518406158255, -0.7392547824737786, -0.0026401662597737158, -0.20027709064341204, 0.1775195722309591, -0.2267137708610501, 0.2093572071799369, -0.12504646283481485, 0.5941030944479154, 0.5911051065174288, 0.7033479945572443, 0.3611738868866534, 0.00982116314060823]], "inverted": true, "swapped": true, "error_lsq": 0.05113843853862741, "error_max": 0.32736140664434216, "target": "677.xyz", "model": "14.xyz", "model_rescale": 3.9786697098870705, "target_rescale": 4.061607408026387},
{"mapping": [6, 7, 5, 12, 1, 2, 10, 8, 13, 11, 9, 14], "R": [[0.26187722408111397, -0.8652412296537035, 0.427525360668718], [-0.269729184999461, 0.35971524411896, 0.8932251171501862], [-0.9266425882005945, -0.34923138125859254, -0.1391795821128915]], "T": [-0.06377755819860356, 0.12689591889274884, -0.09332842617107437], "aligned_model": [[-0.059045679700501286, -0.6797935782975185, 0.6112574049140447, 0.5608937809091882, 0.03547568365480172, 0.5671037227225968, -0.5737922794580503, -0.046968104048045314, 0.5144139279923039, 0.07610497768685717, -0.4923915972307673, -0.029903662377573012], [-0.4836824764881742, -0.31738178897760294, 0.1377989738370974, -0.6101729145941379, 0.6518370459386138, 0.5608352872572776, -0.18376738077892898, 0.22505588687192396, 0.05901593349337514, -0.45528622694594223, 0.37263312705673124, 0.057789023554206176], [-0.5541855131742708, -0.2273861673940842, -0.46833576210555217, -0.278769916567011, -0.4943672181261898, 0.02004245511144709, 0.40132940589074073, 0.5337978457073295, 0.268128675740383, 0.4311444041857774, 0.1758357792843959, -0.14726749467913547]], "inverted": true, "swapped": true, "error_lsq": 0.05663471179017083, "error_max": 0.29210859623538377, "target": "677.xyz", "model": "15.xyz", "model_rescale": 3.769337070930944, "target_rescale": 4.061607408026387},
{"mapping": [13, 2, 11, 8, 12, 5, 6, 1, 7, 9, 14], "R": [[0.963419065481257, 0.13454460925394193, -0.231778886846765], [-0.23161012907521392, -0.017124175975680826, -0.9726579618277521], [-0.1348349078576619, 0.9907595625164857, 0.014664136700052718]], "T": [-0.03493965050410638, 0.03032547618195051, 0.1684136866382753], "aligned_model": [[-0.3132717469240148, -0.29621049239442826, -0.2620977309447904, -0.6445011036474351, 0.4647866507480507, 0.32564297474214854, 0.6389741545175834, 0.11295884071915932, 0.24997744493622379, -0.3978086972960965, 0.044175836234770234], [-0.052788569461433024, -0.5731496950920818, 0.6254616955749459, 0.1660517791495299, 0.27478060937921767, -0.4236713965505319, 0.3601766928782129, -0.5847661197879437, 0.6279735723216078, 0.12436134412503448, 0.051634585088783755], [-0.4522211682989795, -0.23990333185330795, -0.308856688954777, 0.053441935902869386, -0.6429978028361174, -0.34177117197273155, 0.019229302514740004, 0.3829710691644933, 0.5639751845337916, 0.5879723236017295, 0.12237795542206684]], "inverted": true, "swapped": true, "error_lsq": 0.04442532467165291, "error_max": 0.20035995739101292, "target": "677.xyz", "model": "16.xyz", "model_rescale": 3.7852294659196426, "target_rescale": 4.061607408026387},
{"mapping": [7, 11, 8, 10, 6, 12, 5, 13, 9, 3, 4, 0, 14], "R": [[0.5862683322428086, -0.6429000675480109, -0.4929188023964993], [-0.7107163643964608, -0.11614798697892287, -0.6938241091947016], [0.38880804002529723, 0.7570925625493273, -0.5250134852974538]], "T": [0.0952265051812977, 0.13913328305252654, 0.025502916001769044], "aligned_model": [[0.0005127102916488296, -0.3264196027446874, 0.3251460841098207, 0.21573378065372412, -0.5289979298400893, -0.8744395681027668, -0.3264123527535128, -0.1592303152470087, 0.5803415046275598, 0.43487211993069846, -0.14816043220092118, 0.6533272692051806, 0.007492582286636892], [-0.19839975809500815, -0.4982450065019281, -0.30733356449524457, -0.5953802646255804, 0.22078788438600216, 0.17918248366327377, 0.7006857012415679, 0.04064205247687057, -0.12342916500802842, 0.36347176097504236, 0.6773608842220562, 0.2531790149263969, 0.16253360053745425], [-0.6614691648735413, 0.2480751519997105, 0.4141025032489817, -0.1919388401534706, -0.4091164611829544, 0.18680096748724534, 0.3469078555122824, 0.6540850726693828, -0.08526954271821084, -0.6302288642267575, -0.1750569512233394, 0.3976048649346391, 0.0012581056692065329]], "inverted": false, "swapped": true, "error_lsq": 0.04248963072053913, "error_max": 0.264791797309551, "target": "677.xyz", "model": "17.xyz", "model_rescale": 3.901054581598922, "target_rescale": 4.061607408026387},
{"mapping": [12, 9, 11, 13, 5, 10, 8, 2, 7, 3, 0, 1, 4, 6, 14], "R": [[0.8059188971616298, 0.10312338635730599, -0.5829753840291925], [0.2916559440821325, -0.9260865615568332, 0.23937520921223646], [-0.5152004866839148, -0.3629452406218379, -0.7764272089710753]], "T": [-0.06782787629546841, 0.09287564867760298, 0.0403588878591236], "aligned_model": [[0.4139679115962698, -0.3811241124638002, 0.1078500983451268, -0.13366049527331442, -0.5745089177328121, -0.6380078801265537, -0.4835488504128944, -0.17136273069861244, 0.571960021332485, 0.43657109454005905, 0.43938699647392665, 0.24360646700774038, -0.48539836902290234, 0.2700279719717207, -0.05448708368600792], [-0.17740100178577992, -0.13661798199424116, 0.37689513730276136, -0.5989132816341564, -0.2721250649847684, 0.5129215573232313, 0.10549632570635716, -0.572051085896618, 0.26202701543108486, -0.4751989510189477, -0.06170750762758609, 0.5315144704734143, 0.7065254064708767, 0.7284369242781945, 0.0763775229364439], [-0.45642925115114374, -0.4919640998260843, -0.6843487554246753, -0.17081956861124709, 0.028746469095202218, -0.37305367362167224, 0.5575001087360395, 0.5208701505370046, -0.0013098650797012529, 0.11959787392305242, 0.5828915035862678, 0.48340536765635417, 0.3135672850094176, -0.17327873995664272, -0.0101747399836086]], "inverted": false, "swapped": false, "error_lsq": 0.04010120456562386, "error_max": 0.27932350207902945, "target": "677.xyz", "model": "18.xyz", "model_rescale": 3.9405287249114394, "target_rescale": 4.061607408026387},
{"mapping": [9, 5, 11, 8, 2, 10, 1, 0, 13, 7, 4, 12, 3, 14, 15], "R": [[0.5639946580139804, -0.6749424781898881, -0.4757758683104749], [-0.3362561342671825, 0.33851563185842615, -0.8788281852302993], [0.7542160419265718, 0.655636956037702, -0.03603254054646428]], "T": [0.017886275905664672, 0.07044248818663332, 0.0910699591935184], "aligned_model": [[0.3580386644267018, -0.3239974732221575, 0.08349949021987117, -0.0787630662302332, -0.7706863427003793, -0.4360038082948324, -0.5073285067992155, -0.12695482171358738, 0.5666746024395688, 0.5514656016492252, 0.43276663027992696, 0.1499165890262453, -0.4518244791144137, 0.129687528996753, -0.015218487113042283], [-0.24637452643591903, -0.4011885704434939, 0.3120499283572521, -0.6765594573506142, 0.015727014424752855, 0.5662038432736044, 0.06289016394449515, -0.4074647103243615, 0.3654566084446651, -0.3780322878865675, -0.21101095684710272, 0.39892582754654105, 0.7092151834513124, 0.8188668307811325, 0.07747459404457027], [-0.5196125923712223, -0.5021772821625603, -0.5846030037562915, 0.020933281454819194, -0.27015673573484156, -0.31649415504290734, 0.49058443753722736, 0.5636162786245072, -0.16018267637567069, -0.007869554179464805, 0.6233511616128851, 0.5091677400888945, 0.40214847866526005, -0.07355216962104805, 0.07004685614897568]], "inverted": true, "swapped": false, "error_lsq": 0.0394465339011198, "error_max": 0.22930301213389598, "target": "677.xyz", "model": "19.xyz", "model_rescale": 4.410303926677745, "target_rescale": 4.061607408026387},
{"mapping": [8, 11, 13, 9, 2, 7, 0, 12, 6, 4, 3, 1, 5, 14], "R": [[-0.543196671010401, 0.8380131279474591, 0.05168533632408784], [0.03202314009779067, 0.08219289015576958, -0.9961018257719032], [-0.8389945739404372, -0.5394240689805725, -0.07148271611338675]], "T": [-0.08651634984938006, -0.040875417753582693, 0.051922535852004875], "aligned_model": [[-0.24842917918548724, 0.21266287474451012, 0.3621794938091337, -0.6249964555081293, 0.20923586665835148, -0.36038574353593766, -0.4029140489541914, 0.8434226560075827, 0.31296971939403295, 0.184973159380877, -0.5893400133179563, -0.1804028299610443, 0.5549732098371641, -0.012760819908033225], [0.002287990967837529, -0.5204322185694238, 0.1536375733742435, -0.05839433394687635, 0.6352803576579261, -0.7170899862912513, 0.5116572544626041, -0.3611606142839848, -0.532055175988635, 0.08264183452198513, -0.1297790969194924, 0.49588208071114126, 0.3285098019244955, -0.08003700143936747], [-0.5605531402254555, -0.5085165696039682, -0.42807856811524625, -0.11018361090166659, -0.18155447921496337, 0.30204112614474554, -0.1879584644317814, 0.07437541606710475, 0.48130691819693616, 0.5998160903482807, 0.6306587133833281, 0.4383461663788474, 0.27207540168125033, 0.09504003901761038]], "inverted": false, "swapped": true, "error_lsq": 0.03592169949754977, "error_max": 0.25148345794841803, "target": "677.xyz", "model": "20.xyz", "model_rescale": 4.121658175737393, "target_rescale": 4.061607408026387},
{"mapping": [2, 13, 5, 1, 4, 8, 12, 9, 11, 7, 6, 3, 14], "R": [[-0.41389959808809773, -0.6392976863706343, -0.6480629528862649], [-0.910308101588444, 0.28665790195236435, 0.29860744704496567], [-0.005126683621457628, 0.7135304586697212, -0.7006054536367976]], "T": [0.09830475049545358, -0.1619188724414465, -0.02843030452514702], "aligned_model": [[0.21602991419294465, -0.29791339004780126, 0.2540869272686838, 0.7271674674978096, 0.48099459814803497, -0.27318297093997096, -0.39107312723920234, 0.15389910837557544, -0.6966002782071287, -0.014702319098286218, -0.006962184105529914, 0.6473001066118169, 0.0820390522073485], [-0.2821932921116408, -0.1664105140773854, 0.3367465268178692, -0.16787402631633253, 0.32633892390263974, -0.6564486507755894, 0.645913207542212, -0.6558226046950049, -0.12158130035708745, -0.015430220767750802, 0.5389710042287384, -0.172000086675518, -0.06938206255196722], [0.7271108078979647, 0.5306361798070465, 0.5403282672938888, 0.1968311543224618, 0.03716860631349673, 0.11524456838629119, 0.24686938107930081, -0.29208634953089013, -0.037021007831801254, -0.7771628160828556, -0.3163363230139943, -0.5708079699751508, -0.030664759183969246]], "inverted": false, "swapped": true, "error_lsq": 0.05479281838954338, "error_max": 0.38039323809625786, "target": "677.xyz", "model": "21.xyz", "model_rescale": 4.08911054899281, "target_rescale": 4.061607408026387},
{"mapping": [15, 11, 2, 5, 8, 1, 6, 10, 14, 9, 12, 13, 0, 4, 16], "R": [[0.7849460393022292, 0.021199583177781617, 0.6192013348312739], [0.10163741470597801, -0.9902809835330934, -0.09493897821555741], [0.611170640096224, 0.13745599778044376, -0.7794718066476518]], "T": [-0.005542238674217392, 0.0877173316192196, 0.03394462152384298], "aligned_model": [[0.2594336911485754, -0.2746053566201358, 0.12030960979227835, -0.18027320215705267, -0.6320217013856952, -0.50495916665069, -0.6347441627606227, -0.0625884068520262, 0.6237580009077359, 0.35367460669719647, 0.5391824314272736, 0.32305782313714526, -0.45982154998357466, 0.09962973558747523, -0.008760230437452249], [0.021138125260115756, -0.3270068028207834, 0.5894428551326438, -0.593623598453638, -0.14957814678079967, 0.35377347833121287, 0.05713401017291153, -0.43100069257760176, 0.023566919565772143, -0.521742939701097, -0.05386364540557076, 0.46788654225564474, 0.6648697859134765, 0.7769619915384338, 0.12822160254954604], [-0.6419710416985087, -0.550437069781299, -0.46972852712118757, 0.08846692297912827, -0.14487471968878182, -0.5226479045788244, 0.432358636998507, 0.6494222858501055, -0.0741688329697236, 0.11802224783485538, 0.5116467952279329, 0.4631570825380639, 0.28012494160992507, 0.04709150216160126, 0.05873774552676867]], "inverted": false, "swapped": false, "error_lsq": 0.04070097953349981, "error_max": 0.24324641918818588, "target": "677.xyz", "model": "22.xyz", "model_rescale": 4.204369325754507, "target_rescale": 4.061607408026387},
{"mapping": [9, 5, 11, 8, 2, 10, 1, 0, 13, 7, 4, 12, 3, 14, 15], "R": [[0.5639946580139804, -0.6749424781898881, -0.4757758683104749], [-0.3362561342671825, 0.33851563185842615, -0.8788281852302993], [0.7542160419265718, 0.655636956037702, -0.03603254054646428]], "T": [0.017886275905664672, 0.07044248818663332, 0.0910699591935184], "aligned_model": [[0.3580386644267018, -0.3239974732221575, 0.08349949021987117, -0.0787630662302332, -0.7706863427003793, -0.4360038082948324, -0.5073285067992155, -0.12695482171358738, 0.5666746024395688, 0.5514656016492252, 0.43276663027992696, 0.1499165890262453, -0.4518244791144137, 0.129687528996753, -0.015218487113042283], [-0.24637452643591903, -0.4011885704434939, 0.3120499283572521, -0.6765594573506142, 0.015727014424752855, 0.5662038432736044, 0.06289016394449515, -0.4074647103243615, 0.3654566084446651, -0.3780322878865675, -0.21101095684710272, 0.39892582754654105, 0.7092151834513124, 0.8188668307811325, 0.07747459404457027], [-0.5196125923712223, -0.5021772821625603, -0.5846030037562915, 0.020933281454819194, -0.27015673573484156, -0.31649415504290734, 0.49058443753722736, 0.5636162786245072, -0.16018267637567069, -0.007869554179464805, 0.6233511616128851, 0.5091677400888945, 0.40214847866526005, -0.07355216962104805, 0.07004685614897568]], "inverted": true, "swapped": false, "error_lsq": 0.0394465339011198, "error_max": 0.22930301213389598, "target": "677.xyz", "model": "23.xyz", "model_rescale": 4.410303926677745, "target_rescale": 4.061607408026387},
{"mapping": [8, 9, 15, 11, 14, 6, 7, 1, 4, 10, 3, 2, 12, 5, 16], "R": [[-0.21903980788521005, -0.9739594952533384, -0.05851892144830695], [-0.9755957391119379, 0.21955989077863802, -0.0025314398875731572], [0.01531392791683889, 0.05653632431574746, -0.9982830899322209]], "T": [-0.1448386740848414, 0.04346062859222516, 0.01697259183230146], "aligned_model": [[0.521582077023919, -0.039380541107589095, -0.12917326909244625, -0.39831551938324955, -0.6100996610372981, -0.5700071501251901, -0.5513948658405337, -0.036784470106252395, 0.5162701334335885, 0.29477731267361607, 0.5421457286072618, 0.4623308106009798, -0.4264318931921389, 0.05465993439771602, -0.06890650500195288], [-0.07331395591063217, -0.29738071926528903, 0.26871868079975963, -0.5348986042831307, -0.07241125660335039, 0.5905155193465395, -0.08377243943988918, -0.4810221836643806, 0.23440377790566222, -0.4324187079554698, -0.016222255007124764, 0.5306384538265825, 0.7154442223646342, 0.6316889000969614, 0.026210052769393935], [-0.44988257431698164, -0.4979310315847505, -0.6600263711187809, -0.027429809636081673, -0.46078876099553556, -0.29585452215098185, 0.527320224359917, 0.6874779372399968, -0.002007169572326193, -0.046750147507186146, 0.5946761217653478, 0.49330958876268494, 0.3565593163036874, -0.08197102465712199, 0.10849828799667512]], "inverted": false, "swapped": false, "error_lsq": 0.04698369864801903, "error_max": 0.3130336351335076, "target": "677.xyz", "model": "24.xyz", "model_rescale": 4.28219845311461, "target_rescale": 4.061607408026387},
{"mapping": [8, 6, 10, 0, 2, 14, 13, 4, 5, 1, 3, 9, 12, 11, 15], "R": [[0.5289889813786188, 0.8427327641402436, 0.09986063200558962], [-0.07948395705388417, 0.16635740990839337, -0.9828568119210586], [-0.8448981939565663, 0.5119831055934514, 0.1549849716450505]], "T": [-0.05037764830445021, 0.0867250824206343, 0.13412391163282156], "aligned_model": [[0.34706035188497175, -0.23952127646592605, -0.01018909945755092, -0.2014140116082891, -0.6635483930669701, -0.5559145496081307, -0.5209796109044202, -0.15331117137463424, 0.7444226836530905, 0.4472008746558894, 0.47902955552931414, 0.27480110847434036, -0.3620875481907134, 0.0427056797009457, -0.06698247137148701], [-0.006914686398167627, -0.291202279781872, 0.3796263337352049, -0.67931192773904, -0.18376414705080285, 0.4016708443664207, 0.24536658850974863, -0.5138046463172377, 0.3039500339345853, -0.3089411117295304, -0.22965300679812545, 0.5095659813806845, 0.7805412164044582, 0.5826278609797634, 0.01642243148417666], [-0.42732126523649494, -0.6618614725204243, -0.6022853199414555, -0.10237024910140047, -0.006009021310309892, -0.3406246885202381, 0.4601348351918925, 0.5383729781204136, -0.08125118830699546, 0.058352709042378104, 0.6028223883222875, 0.5492600750603482, 0.2107790534672756, -0.07055388274988542, 0.11775511337117077]], "inverted": true, "swapped": false, "error_lsq": 0.03693650532699993, "error_max": 0.23483187560455213, "target": "677.xyz", "model": "25.xyz", "model_rescale": 4.100010024507729, "target_rescale": 4.061607408026387},
{"mapping": [7, 3, 0, 1, 11, 13, 8, 5, 4, 12, 6, 14], "R": [[-0.1994920244971118, 0.17866702676029794, -0.9634734172309474], [0.1466943616306164, 0.9776021443015567, 0.15091325893633323], [0.9688569019353841, -0.11123012634009632, -0.22123327635447732]], "T": [-0.024645930591805962, -0.02054607452153242, 0.09546485197004265], "aligned_model": [[-0.7012926243769988, -0.13449358697920016, 0.4107593229912743, 0.5294353017237518, -0.5049344205759759, 0.18996850240531143, -0.10225337098495745, 0.4973331158110832, 0.22810174448236586, -0.13784802560437664, -0.3568488022410211, -0.0411615542882498], [-0.34646460456116973, -0.7731965097228848, -0.13446505494923275, -0.38125556338569794, 0.6049171118827027, 0.6194735439367037, 0.2606016582884516, 0.2891991923717085, -0.18797871896784918, 0.6805134958753374, 0.02616426009791102, 0.008622579184658193], [-0.07990977640369265, -0.0353857447965534, 0.6057466204204701, -8.177630347250275e-05, 0.20360223405137484, 0.21327765594991022, 0.659502382169982, -0.38204674452773213, -0.44972808141104026, -0.5853978786889569, -0.5920502525395895, 0.007663651933656868]], "inverted": false, "swapped": true, "error_lsq": 0.04252268524445449, "error_max": 0.24987244530274635, "target": "677.xyz", "model": "26.xyz", "model_rescale": 3.6694154284099745, "target_rescale": 4.061607408026387},
