[{"mapping": [2, 6, 5, 11, 4, 0, 8, 9, 7, 13, 3, 14], "R": [[-0.2590778362669569, -0.9522672725664147, -0.1614488041273574], [-0.23645194885519405, 0.22460235164314024, -0.9453275937572923], [0.9364663104660054, -0.20673854317783397, -0.283354943713524]], "T": [-0.08183137148497033, 0.015158704959643263, 0.03688862951580667], "aligned_model": [[-0.185677651130368, 0.1274857896359784, 0.3405036098827133, -0.09105597839005321, -0.13430959347715615, -0.6867645315159486, 0.40903992029474356, -0.06487992141880111, 0.606663720995986, 0.18714082896429107, -0.6529055870495387, -0.017598144331297735], [-0.2916762603345949, -0.6709551378940645, -0.3716410977468375, 0.7514677807770912, 0.29552933109285456, -0.4296762899007094, -0.13372465444514603, -0.5710720899107627, 0.08592750013994195, 0.45260929460192695, 0.015783549426433032, -0.07901688982907566], [-0.47678953582538647, -0.07692922646573307, -0.501191025748776, -0.13076254886428257, -0.6981113504609098, -0.06966934286548958, 0.5678416546188312, 0.4487007612586383, 0.13515409582003968, 0.455093401186911, 0.4618157096307424, 0.06679915306897707]], "inverted": true, "swapped": true, "error_lsq": 0.04594960759810462, "error_max": 0.3321630050179618, "target": "678.xyz", "model": "0.xyz", "model_rescale": 3.751011558992144, "target_rescale": 4.090814829168908},
{"mapping": [1, 8, 0, 4, 2, 3, 7, 12, 11, 6, 13, 5, 10, 9, 14], "R": [[0.2701970832914643, -0.7373674153765113, 0.6190984016469019], [-0.7800752332477667, -0.5445539672371603, -0.3081292054312794], [0.5643369265378859, -0.3996877174835787, -0.7223389521814114]], "T": [-0.013618414174169082, -0.0019066352054523186, 0.004224649314104097], "aligned_model": [[-0.18838412241035707, 0.065943103835949, 0.42933036749173953, -0.5672484776064537, 0.737949758454892, 0.6417326868052545, -0.0419594450961746, 0.16290629293261646, -0.4888197739548923, -0.5930936305210319, 0.526996072544671, 0.2033276810361445, -0.6664205249155509, -0.061004362811201356, -0.013484283096193856], [-0.3052449317149894, -0.6482588932559336, -0.16933998519604743, -0.5666158720777931, -0.32225363175262767, 0.3017900743894847, 0.321923111994166, 0.7130674370861597, 0.6370502035397917, 0.2189340804593352, 0.2824218281127761, -0.17403576509308172, -0.028483932568902366, 0.33291105319044134, 0.05056931733768112], [-0.5983766903220038, 0.13196256656987554, -0.5884531456395276, 0.017309012685357835, 0.13174400346211496, -0.24414832131482844, -0.5737096934897763, -0.09388859040828466, 0.05569128714786503, -0.41905256152361786, 0.3971565772576074, 0.5640389054855106, 0.49980188810268267, 0.5697697922897047, 0.020038214911786874]], "inverted": true, "swapped": false, "error_lsq": 0.043250580653899716, "error_max": 0.31026230906794644, "target": "678.xyz", "model": "1.xyz", "model_rescale": 3.9405287249114394, "target_rescale": 4.090814829168908},
{"mapping": [0, 1, 3, 10, 11, 9, 2, 4, 13, 8, 7, 6, 14], "R": [[0.8155448289931704, -0.25166721363539524, 0.5211048315679837], [0.10442619900574901, -0.8217010314051989, -0.5602700991029631], [0.5691939922941142, 0.5113423790070882, -0.6438533766065524]], "T": [-0.057450573925438335, -0.031337060312656144, -0.016008676721656585], "aligned_model": [[-0.3500515570861235, 0.2184846268319281, -0.37272859346804776, 0.6228224266691663, 0.6003674667872398, -0.7666074882461243, 0.05228313714958128, 0.6387063441900165, 0.00272402128934688, -0.4952749811418245, -0.03219787466070669, -0.47881635940281003, -0.1437278896277105], [0.6683234888185635, 0.3904584076449964, 0.2703234859772519, -0.3701733221279401, -0.18795045413161882, -0.033459515711872855, 0.3738563366683969, 0.23664673026560468, -0.5773429845368099, -0.6252653097543687, -0.6782973513506968, 0.05996526309655032, -0.0682521812860396], [-0.00995203753078357, -0.49321956566193803, -0.5784052083020564, 0.3041134640641159, -0.35229833803370125, 0.08711791741656898, 0.42282366822144285, 0.23921055393085947, -0.38595575786197855, 0.008302177395721696, 0.24760941751589463, 0.5684869556012615, 0.0552871028332369]], "inverted": false, "swapped": true, "error_lsq": 0.04302601120228689, "error_max": 0.22391966641192307, "target": "678.xyz", "model": "2.xyz", "model_rescale": 3.932901565614263, "target_rescale": 4.090814829168908},
{"mapping": [11, 1, 4, 13, 10, 5, 2, 7, 12, 8, 0, 3, 6, 14], "R": [[-0.10904013972516807, -0.7902877462594975, -0.6029556584366713], [-0.7473648805092157, -0.3347577252149207, 0.5739189845181786], [-0.6554052054341355, 0.5132080898826671, -0.5541312779196124]], "T": [0.07153462523718157, -0.062472830209099, 0.04350747931252416], "aligned_model": [[-0.1894274474217369, 0.46397255051798314, 0.17095646868523723, -0.4447142346439392, -0.4230011296675742, -0.012656248358378197, 0.4103046609388631, -0.5854854103014825, -0.08603115426084323, -0.42050111683608554, 0.8135604026916265, 0.4741341721776686, 0.2011226831867836, 0.04757571534458112], [0.13312373453876647, 0.28361917032428935, -0.49987187207637984, 0.3493093401618385, -0.4834179438213682, -0.8371871946721265, -0.5617015627872657, -0.2423021672279823, 0.6600058639047853, 0.08703013743050889, -0.08926473709312915, 0.5146024197329865, -0.543209368795311, -0.10723918126912332], [-0.6376561182235781, -0.41255686515861945, -0.6048627833974017, -0.006760332231470906, -0.46472391594651097, 0.14470130110086168, -0.025792872423085395, 0.20059312174282784, 0.37647210347720395, 0.5732070978290501, 0.19796408018840703, 0.1511501020782933, 0.5722982690776711, 0.14986317494344914]], "inverted": false, "swapped": true, "error_lsq": 0.05311594348058789, "error_max": 0.3164183457486079, "target": "678.xyz", "model": "3.xyz", "model_rescale": 3.9243930471874484, "target_rescale": 4.090814829168908},
{"mapping": [8, 6, 12, 13, 3, 7, 11, 9, 0, 2, 1, 4, 14], "R": [[-0.8626532141752722, -0.45291053776048923, 0.22516988443967473], [0.036609357594735034, -0.4999218526442054, -0.8652964209941506], [0.5044692131434512, -0.7382074139659464, 0.44783995685527805]], "T": [-0.04988842131688166, -0.0654506157638998, -0.05116881913251077], "aligned_model": [[0.04316218278980562, -0.3437786839805992, 0.6382988608229421, 0.15752532223269877, 0.6339511944589767, -0.3913968044157812, -0.09317698153459615, 0.1951822590042911, 0.19211610049737277, -0.4192540070839476, 0.29959819580078106, -0.5582636422992034, -0.07675810998138757], [-0.46253577215843433, 0.32947223404612835, -0.40069289721319024, -0.6935444496095288, 0.1176705360185456, -0.5698159314894108, -0.508920522282674, 0.17525251538770908, 0.652170019119572, 0.40803532886639793, 0.07862933085026322, 0.05230827369192767, -0.05019911154571812], [-0.6665524054538412, -0.5851958220498044, -0.31889770568031633, -0.08406211500306794, 0.023122480450257374, -0.3942103168786299, 0.5585881887668959, -0.6800928945701091, -0.010778993106825438, 0.0392586521364988, 0.5309668676013546, 0.5398253441152062, -0.16490096495665474]], "inverted": false, "swapped": true, "error_lsq": 0.05522803530400338, "error_max": 0.32012262579006595, "target": "678.xyz", "model": "4.xyz", "model_rescale": 3.8936222436046832, "target_rescale": 4.090814829168908},
{"mapping": [0, 3, 1, 2, 11, 13, 8, 7, 5, 6, 4, 14], "R": [[-0.5339381949763897, -0.2737122202505666, 0.7999947652521612], [-0.8214840560678909, -0.0560779111991111, -0.5674673677858412], [0.20018478856197175, -0.9601754466560005, -0.19490808620308359]], "T": [-0.13839656008265916, -0.05943327221708278, -0.021068508567850128], "aligned_model": [[0.07738143868174127, -0.5776643835674855, -0.4921971954023909, 0.38997593790529134, -0.5376857610689066, -0.64855540482044, -0.2587964411151564, -0.06741058930882571, 0.6035964624791843, 0.4687880041958388, 0.1461036483194682, -0.07598767408322178], [-0.5317325900115872, -0.5169821011265052, 0.02331434509488542, -0.010312504521389876, 0.5660727209210248, 0.101317747939561, -0.3076162072868005, 0.17910545006854817, 0.13512305478877146, -0.4092822382536127, 0.5618430249169795, -0.12192779742006746], [-0.5738343829627552, -0.34415057545305994, -0.6124734684780146, -0.31637624098026035, -0.16125928087474617, 0.36944571229457995, 0.6637242294593098, 0.6321926080870868, 0.14953286704734553, 0.16985815143685296, -0.41433942840060084, 0.056964528099780504]], "inverted": true, "swapped": true, "error_lsq": 0.0492907322499408, "error_max": 0.26353565541741397, "target": "678.xyz", "model": "5.xyz", "model_rescale": 3.6523030999806103, "target_rescale": 4.090814829168908},
{"mapping": [5, 7, 8, 6, 9, 4, 13, 2, 11, 1, 3, 0, 14], "R": [[-0.3709780950627458, 0.10609290940314975, -0.9225614058467825], [-0.9090114895612649, 0.16169873104181495, 0.38412450094348], [0.1899298945117042, 0.9811206933674583, 0.03645298639248973]], "T": [0.014194546144940777, -0.0027688119708667164, 0.0038118926735258643], "aligned_model": [[0.2757743108653254, -0.14397666785327928, 0.1472520972780018, 0.6466718889417447, 0.6328573944473566, -0.3333674759949737, -0.40971578767391015, 0.2755347451087504, -0.7268564900323049, -0.25298697731953623, 0.14169385840814905, 0.5273930270874052, 0.10080898140156552], [-0.5888773320704498, 0.08934671851168154, 0.49851863498562626, -0.19668798776250046, 0.34046836783800205, -0.7006262473747958, 0.4564204938269221, -0.5454234917068533, -0.08678614758862539, -0.024706677451877823, 0.4306200048170631, -0.14659937646859977, 0.015159944607590237], [0.45720296958811535, 0.6784869349834277, 0.5292056291012719, 0.3036254142906099, 0.11777525034389927, -0.11358599046338716, 0.22301386429767656, -0.07380384179952348, -0.11504733167298281, -0.6364338788135923, -0.5462855826741317, -0.5357406905934792, 0.08169699289388538]], "inverted": false, "swapped": true, "error_lsq": 0.05046735081883346, "error_max": 0.2951087136507824, "target": "678.xyz", "model": "6.xyz", "model_rescale": 4.08911054899281, "target_rescale": 4.090814829168908},
{"mapping": [13, 7, 12, 2, 5, 10, 11, 8, 9, 1, 4, 4, 0, 3, 14], "R": [[0.4448376942311448, -0.8836023827601058, -0.14617200474708458], [0.7900889681542564, 0.4640220947389719, -0.4005532648662336], [0.421756859093081, 0.06269230235618922, 0.9045390135495645]], "T": [0.017786764593974023, 0.015603599104574546, -0.053426087550112855], "aligned_model": [[-0.158792560039542, 0.10480466925822761, 0.4153062125355351, -0.5746016131117313, 0.6978221320966645, 0.6044531481359583, 0.03263182779971212, 0.25544688553188366, -0.3841258108467536, -0.6645315676187049, 0.42768275786855364, 0.42768275786855364, -0.755900499464056, -0.20863905013844805, -0.07146794718644173], [-0.39905720158496905, -0.7454082955743713, -0.20357525013497915, -0.5288104950709854, -0.29358208290288673, 0.3421948405091056, 0.3014725518382922, 0.6196780379030635, 0.6886498297776426, 0.10276094640534772, 0.11967929245565959, 0.11967929245565959, 0.05413449387775022, 0.3203666751383061, 0.14625145935782582], [-0.630288883052736, 0.05872445842472768, -0.6029175238486766, -0.00023917831991310257, 0.09643165355921224, -0.3150281019949556, -0.5658610872510521, 0.15576452550662226, -0.059114759378150944, -0.3079675364212065, 0.5104914724293503, 0.5104914724293503, 0.4800339115934657, 0.6410537567758332, -0.10169093523740338]], "inverted": true, "swapped": false, "error_lsq": 0.049383549734046114, "error_max": 0.3692675112734338, "target": "678.xyz", "model": "7.xyz", "model_rescale": 3.964800864290218, "target_rescale": 4.090814829168908},
{"mapping": [13, 3, 11, 8, 10, 9, 7, 1, 0, 2, 6, 5, 4, 14], "R": [[-0.42041651095196764, 0.8851503244815844, -0.19939623965641934], [-0.8440825680345758, -0.46216176799932795, -0.27190277405699936], [-0.33282814733602434, 0.053994474438423284, 0.9414403969827237]], "T": [0.03580959157590434, -0.07775340245814868, 0.016022215871024294], "aligned_model": [[-0.15759041452851952, 0.21583870154884827, 0.487864483336035, -0.6573425323687868, 0.15842532475300702, -0.47563600261175343, -0.4640410646084656, 0.6618015985622125, 0.29926962545483504, 0.22656364947049162, -0.3858167138256518, -0.168929422032422, 0.5914447660920057, -0.07066410978096323], [0.007196548520864071, -0.741363905542313, 0.27913435578179224, -0.11341181226865145, 0.7316413850585708, -0.5271191671875803, 0.370294381670765, -0.3265648775287344, -0.5939378691800985, 0.05840106773056555, -0.10242029718499387, 0.4150033154245094, 0.43842075068836217, -0.08432540980185536], [-0.6116594211941777, -0.1680967491679738, -0.4724658279643762, -0.2355739000527781, -0.08350171390676936, 0.23971160328016353, -0.17915032640591813, -0.15133590730275542, 0.50522494388772, 0.5762648891082383, 0.6069056109105349, 0.5928960257796267, 0.23147619891962717, 0.0661196128338595]], "inverted": true, "swapped": true, "error_lsq": 0.042809812657239044, "error_max": 0.2680857900054108, "target": "678.xyz", "model": "8.xyz", "model_rescale": 4.121658175737393, "target_rescale": 4.090814829168908},
{"mapping": [5, 7, 8, 9, 10, 2, 13, 1, 12, 11, 0, 3, 14], "R": [[-0.9208120394612831, -0.07761197305720616, 0.38220618731428196], [-0.35983253090716205, -0.2089020892952722, -0.909329679923083], [0.15041854168984187, -0.9748519368223247, 0.16443224619782965]], "T": [-0.0924889516602332, 0.0095866232087365, -0.00016168818502902693], "aligned_model": [[-0.7743064975384581, -0.15994231443959128, 0.26727525430164595, 0.2019699116799744, -0.6303059170910521, -0.6061916650613244, 0.30970183955723896, 0.043148716157625375, 0.7099495350524677, -0.13165342534607932, -0.11413545198508955, 0.45643583981755276, -0.09520832866971332], [0.15202100774628702, -0.3526242381790873, -0.05304680742946982, 0.5433250225717433, -0.6070285702406177, 0.31208713503650853, -0.4861107355853693, -0.04686903169546018, -0.030625689077509777, -0.653461456746595, 0.6706454297432406, 0.27505580973966653, 0.06701956352837277], [-0.36395822404576245, -0.5942518769207688, -0.6417836673458908, -0.37693805051435225, -0.10310909020377636, 0.11559653337997707, -0.1766014512368736, 0.6782165738694589, -0.11035844061119775, 0.3592495717726818, 0.37093073367555157, 0.3671213877005543, -0.10303856556051343]], "inverted": false, "swapped": true, "error_lsq": 0.05060928425462726, "error_max": 0.3072811036636123, "target": "678.xyz", "model": "9.xyz", "model_rescale": 3.833441315466971, "target_rescale": 4.090814829168908},
{"mapping": [12, 6, 11, 1, 7, 8, 10, 2, 13, 0, 9, 3, 5, 5, 14], "R": [[-0.16721959707723189, -0.9561039825846749, -0.24062996662729294], [0.2233901715974569, 0.20097604011323378, -0.9537848093433146], [0.9602783125672406, -0.21324588105313486, 0.17997710028468994]], "T": [0.014803313687544587, -0.06784037537361759, -0.03776221712670366], "aligned_model": [[-0.12318836227194527, -0.15575285303712016, 0.48806006326471607, -0.6632323731988455, 0.6494207211341871, 0.48944151590957424, 0.012588069697155672, 0.09760854707769934, -0.3724458610787169, -0.5649889555999512, 0.6293738228100997, 0.48697254323663347, -0.45507786085874413, -0.45507786085874413, 0.08407018646341294], [-0.49329300323065556, -0.698808463784357, -0.2163034620275718, -0.3509492664543267, -0.2605585033902601, 0.4606677535477925, 0.2970378112403799, 0.48971508381940326, 0.621248264645889, 0.17495128043242145, 0.3968155022307527, -0.0466557562467965, 0.15248700882937935, 0.15248700882937935, -0.034407163990969145], [-0.44145568515189326, 0.14668136081625774, -0.506082451501006, -0.1134318676702178, 0.02575507249808398, -0.3586315005306625, -0.7743850141858322, 0.4082483860823415, 0.0665520400655477, -0.2998997727136209, 0.21582826230277066, 0.6908867246327032, 0.3959458955992122, 0.3959458955992122, 0.017925899371570374]], "inverted": true, "swapped": false, "error_lsq": 0.05013095487583898, "error_max": 0.31084515145653147, "target": "678.xyz", "model": "10.xyz", "model_rescale": 4.2482417240324, "target_rescale": 4.090814829168908},
{"mapping": [6, 9, 12, 3, 10, 11, 7, 1, 0, 4, 2, 14], "R": [[-0.537679941602506, -0.6912976785441046, 0.48270881495769064], [0.7488933767075748, -0.12853035455938877, 0.6501066514660226], [-0.3873744838290883, 0.7110467407958284, 0.5868164463286436]], "T": [-0.019114987741200018, 0.052295619473093705, 0.023540273571815602], "aligned_model": [[-0.5587521192112819, -0.11048687949901614, 0.4992389028036667, 0.603521649643461, -0.4203807761156235, 0.2608420801727642, -0.4314440024102557, 0.5421937540099693, 0.14773641669370707, -0.21109634705161434, -0.3485190137379038, -0.09608806293486596], [-0.41182492008982524, -0.649610628419985, -0.29813969431631615, -0.2790571263954081, 0.7627949644995654, 0.7459628124632229, 0.1785157866093724, 0.2748235125806971, -0.3615850939569193, 0.6726762982298254, 0.06147075415951149, -0.029895275313101655], [-0.12104283308320335, 0.13544168075495666, 0.5394590794596887, -0.072470919109174, 0.14285498547867148, 0.1274293086531995, 0.5737612016359482, -0.3187983271623219, -0.5896809476234809, -0.4235140782135416, -0.4865634490496233, 0.05831658811323671]], "inverted": false, "swapped": true, "error_lsq": 0.04633119863062071, "error_max": 0.25725867342056863, "target": "678.xyz", "model": "11.xyz", "model_rescale": 3.6694154284099745, "target_rescale": 4.090814829168908},
{"mapping": [6, 8, 13, 12, 9, 5, 2, 4, 3, 1, 11, 0, 7, 14], "R": [[0.7580726644465836, 0.46401913211005574, 0.45827075016270497], [0.49200956348722025, 0.05432803665104982, -0.868893004846257], [-0.42807992811620216, 0.8841576270493138, -0.18711725114097424]], "T": [0.009793003022786448, 0.06326546384960838, 0.021005313351977077], "aligned_model": [[0.1543163993400758, -0.00711665580543943, -0.20165240341397872, 0.3976750184993776, 0.49503625786213523, -0.3549276486041442, -0.00897945155523551, -0.4511579735735828, 0.6219452949408544, 0.2195938571077618, -0.43902556629356676, 0.6151583329880181, -0.468987654506758, 0.026387043270291982], [-0.516185318566538, 0.30676930498597244, 0.6575148227841984, 0.7074506534844547, -0.07136326443526897, -0.6049611732618281, -0.5101494197892061, -0.24495198696640128, 0.38157278699108965, 0.2869488350781, 0.4751063028929561, -0.3063840702141025, 0.15559279698605297, 0.01402701816677468], [-0.39235912913150695, -0.6757384971388972, -0.18089276376615648, -0.2827064954197358, -0.48885468460591386, -0.1738347415695765, 0.22010320244727027, 0.5814630035792572, 0.19604586026114568, 0.6436859982867749, 0.46742673000761137, 0.2894619047742322, -0.4799283770114373, -0.08477655106065204]], "inverted": true, "swapped": true, "error_lsq": 0.0548174270343923, "error_max": 0.29601421733909306, "target": "678.xyz", "model": "12.xyz", "model_rescale": 3.9764082729961374, "target_rescale": 4.090814829168908},
{"mapping": [2, 1, 0, 8, 9, 4, 7, 6, 14, 3, 5, 12, 11, 13, 15], "R": [[0.6284113664777612, -0.1719565473737759, -0.7586370016660426], [0.5119089736087624, 0.8257370619128158, 0.2368702330864183], [0.585703301356904, -0.5372050357162348, 0.6069286550993805]], "T": [0.03259748451269926, 0.022981758033187905, 0.065381516967227], "aligned_model": [[-0.00823295631445866, 0.024910461768638613, 0.5106233313472811, -0.5374617699548108, 0.5570800785973182, 0.3712024002022576, 0.0189418854628041, 0.15463847999623007, -0.47715313656697944, -0.6310849670286509, 0.8282497302198286, 0.17840191216923754, -0.7303945940358242, -0.11836053230697435, 0.006411019133514002], [-0.5793724820839806, -0.6059963375561582, -0.1650040878344724, -0.32282594122112795, -0.2693174879449596, 0.47040354172968624, 0.04638183968890497, 0.7451220648954072, 0.6171679967038859, 0.27481542618892163, 0.2767861587116934, -0.26026884593251204, 0.05555246630183726, 0.2605173340871518, 0.10047244871618335], [-0.45592622172542635, 0.1528460424111308, -0.44770770043434965, -0.169357312758347, 0.0966590779414665, -0.3829756847413426, -0.6898003549789185, 0.28281697480600765, 0.22633199897433195, -0.3868892585786869, 0.13848921787585006, 0.6183043860702182, 0.28292906529745476, 0.6087681872614858, -0.004605172206407729]], "inverted": false, "swapped": false, "error_lsq": 0.04387712299961448, "error_max": 0.28744177377393293, "target": "678.xyz", "model": "13.xyz", "model_rescale": 4.170626492500431, "target_rescale": 4.090814829168908},
{"mapping": [8, 12, 7, 13, 5, 4, 11, 9, 6, 3, 0, 1, 2, 14], "R": [[-0.19590327245118883, 0.3247567709116122, -0.9252864138146515], [0.9668294898883469, -0.09373982910366457, -0.23759962525613382], [-0.16389827737091922, -0.9411407355898898, -0.2956204838778375]], "T": [-0.058569220953493734, 0.058234991201572786, 0.0804417673551261], "aligned_model": [[0.1368237377176698, -0.19686560098958242, -0.054924469854540775, -0.46887563314382197, 0.37821310429643973, -0.3344558840493863, -0.789495996703562, 0.5211992964268489, 0.647560092813888, -0.12642688565665355, 0.3188074003807373, -0.47111030223437367, 0.2410342707735221, 0.041699892314458364], [-0.41195000907197826, -0.7404600103028647, 0.04710555095593579, -0.31266410333696754, 0.6342648762585418, 0.7880111300840368, 0.2418767908646164, -0.3629315383697635, 0.17968148927039387, -0.4334842189176447, 0.07848615176514129, 0.06663216105049359, 0.5474134934392834, 0.03409270423644151], [-0.4541418574283904, 0.05537615140037479, -0.618523659514376, -0.28382023152393787, -0.22765141845199766, 0.19401975197881924, 0.03181251665086045, 0.07493277581897147, -0.038522613787619606, 0.5906346027311888, 0.7379778335915548, 0.6385826349897474, 0.27978856056999307, 0.023408054095678463]], "inverted": false, "swapped": true, "error_lsq": 0.04658879549508733, "error_max": 0.27224408575116565, "target": "678.xyz", "model": "14.xyz", "model_rescale": 3.9786697098870705, "target_rescale": 4.090814829168908},
{"mapping": [7, 13, 5, 6, 10, 4, 12, 1, 2, 9, 11, 14], "R": [[0.4462669212719858, -0.09214939518681414, -0.8901428671539908], [0.7485709982248873, -0.5066368263757858, 0.42773892361634275], [-0.49039504034504555, -0.8572208671786847, -0.1571148919689185]], "T": [0.023267576445614307, -0.046427127259814766, 0.09770836500405196], "aligned_model": [[-0.1748331770429261, -0.6090051209036429, 0.6218437369376435, 0.5682104613912584, 0.010348032116095168, 0.3353648211312601, -0.6017749665399376, -0.10817974006472783, 0.6087866035662245, 0.15679337941706775, -0.38677175014096865, 0.06257231689999004], [-0.21559564303377407, -0.08764542533118808, -0.039651256371340066, -0.4913987439268769, 0.4862029781480408, 0.6631331483285428, -0.48917144842556426, 0.37792338122379143, 0.11470640610495453, -0.7395698028057361, 0.5822055854088803, -0.14646468909529115], [-0.5510041455487568, -0.09500017692435768, -0.41138033741880603, -0.08272970233005937, -0.5317340937383995, -0.04618794319794954, 0.36410499560602577, 0.6310282814348296, 0.098384069613638, 0.2212689559794075, 0.013852957717764208, 0.04936363268049433]], "inverted": false, "swapped": true, "error_lsq": 0.04833594511054315, "error_max": 0.24052973374379147, "target": "678.xyz", "model": "15.xyz", "model_rescale": 3.769337070930944, "target_rescale": 4.090814829168908},
{"mapping": [6, 7, 0, 2, 9, 8, 3, 13, 1, 4, 14], "R": [[-0.8962491306977951, -0.15757088823899343, 0.4146189948651913], [-0.09130383351346408, -0.8492128415018694, -0.520097259956315], [0.43405196199210133, -0.5039930207928436, 0.746719444827113]], "T": [-0.02158555953794942, 0.013500015076039339, 0.07708853571948775], "aligned_model": [[-0.34058101079627584, -0.13261006911577383, -0.025154852674707857, -0.5296902098375759, 0.22738581501453675, 0.282281021971055, 0.5513375833663927, 0.3743529962482956, 0.1737265638019431, -0.6239391888793819, -0.03448251840733692], [0.07000937474613442, -0.6635247093408145, 0.7365680985449827, 0.3295784781932895, 0.08925794169197648, -0.5143352022551303, 0.4356824220402715, -0.47334056154541393, 0.46257829681109014, 0.14567598380794206, -0.02208562506898583], [-0.5729645221008893, -0.057078887341799014, -0.15168364145802887, -0.026454077580216187, -0.5906068436060016, -0.3401489010646318, 0.09158891856953616, 0.2888034549816247, 0.5689866508613877, 0.5682974941644154, -0.03452203820162039]], "inverted": false, "swapped": true, "error_lsq": 0.04538087748431166, "error_max": 0.2482368330392712, "target": "678.xyz", "model": "16.xyz", "model_rescale": 3.7852294659196426, "target_rescale": 4.090814829168908},
{"mapping": [2, 10, 11, 4, 5, 7, 8, 13, 1, 0, 9, 3, 14], "R": [[0.3280952883624925, 0.9382222993229521, -0.10996544369703729], [0.8836634895729543, -0.2636812739126217, 0.3867958414765688], [0.3339046554783009, -0.22407834085642991, -0.9155853746150313]], "T": [0.028431309396458364, 0.12823481390262048, 0.012223276397396624], "aligned_model": [[-0.018753053158361465, -0.4187500634738146, 0.18765728504959292, 0.03915735074753625, -0.5467328577339687, -0.6020237287178444, -0.4017504409284277, -0.06583989589357565, 0.6721528622278722, 0.48872003905193867, -0.06736667875521303, 0.6385805573558863, -0.05128552555533791], [-0.06988652871757539, -0.5511507347412967, -0.4675775353606081, -0.6150929811269633, -0.059252056410260684, 0.1315442844233611, 0.6129481278648505, 0.16317002568682323, -0.1266175805898715, 0.35224240319499345, 0.8172119429343787, 0.47907550893316353, 0.20844074761187897], [-0.5598943450759041, 0.14832488818752365, 0.44811064632071773, -0.2503321720719807, -0.48931983598648354, 0.3142254434935707, 0.36581719549437974, 0.6668199192792075, 0.06176824356413907, -0.547358520596619, -0.16004508837558612, 0.11860878035977751, -0.020970457449568488]], "inverted": true, "swapped": true, "error_lsq": 0.0459899347796866, "error_max": 0.3187219114583382, "target": "678.xyz", "model": "17.xyz", "model_rescale": 3.901054581598922, "target_rescale": 4.090814829168908},
{"mapping": [1, 8, 0, 4, 2, 3, 7, 12, 11, 6, 13, 5, 10, 9, 14], "R": [[0.2701970832914643, -0.7373674153765113, 0.6190984016469019], [-0.7800752332477667, -0.5445539672371603, -0.3081292054312794], [0.5643369265378859, -0.3996877174835787, -0.7223389521814114]], "T": [-0.013618414174169082, -0.0019066352054523186, 0.004224649314104097], "aligned_model": [[-0.18838412241035707, 0.065943103835949, 0.42933036749173953, -0.5672484776064537, 0.737949758454892, 0.6417326868052545, -0.0419594450961746, 0.16290629293261646, -0.4888197739548923, -0.5930936305210319, 0.526996072544671, 0.2033276810361445, -0.6664205249155509, -0.061004362811201356, -0.013484283096193856], [-0.3052449317149894, -0.6482588932559336, -0.16933998519604743, -0.5666158720777931, -0.32225363175262767, 0.3017900743894847, 0.321923111994166, 0.7130674370861597, 0.6370502035397917, 0.2189340804593352, 0.2824218281127761, -0.17403576509308172, -0.028483932568902366, 0.33291105319044134, 0.05056931733768112], [-0.5983766903220038, 0.13196256656987554, -0.5884531456395276, 0.017309012685357835, 0.13174400346211496, -0.24414832131482844, -0.5737096934897763, -0.09388859040828466, 0.05569128714786503, -0.41905256152361786, 0.3971565772576074, 0.5640389054855106, 0.49980188810268267, 0.5697697922897047, 0.020038214911786874]], "inverted": true, "swapped": false, "error_lsq": 0.043250580653899716, "error_max": 0.31026230906794644, "target": "678.xyz", "model": "18.xyz", "model_rescale": 3.9405287249114394, "target_rescale": 4.090814829168908},
{"mapping": [0, 12, 1, 4, 3, 2, 6, 11, 9, 8, 10, 14, 7, 13, 15], "R": [[0.6776614886217335, -0.6884624207995282, 0.2584461297559507], [0.7336922999999047, 0.60922613216465, -0.30089720638209744], [0.04970428311349298, 0.39352638416573044, 0.9179686646098656]], "T": [-0.033344506317667166, -3.832327171941069e-05, 0.027304501446563902], "aligned_model": [[-0.2811390829163971, 0.07601564335213916, 0.32152680638735365, -0.5541662982588019, 0.7305107976899373, 0.5180712163449334, 0.033882590704168936, 0.119456477469646, -0.46678617391061983, -0.4738206071390393, 0.6568849961564858, 0.40897572054469244, -0.7231934991259819, -0.21496574679541566, -0.0034814978136898864], [-0.3272554457938059, -0.4957452203458324, -0.30677510211595865, -0.5104042076339944, -0.3743972097203575, 0.4752535073545601, 0.17765616539534923, 0.5873895195738912, 0.6098093625577657, 0.24893532069692206, 0.3478353813971192, -0.02531717464743994, 0.11796668387502682, 0.09601160583565976, 0.023470908021555825], [-0.5242397492646308, 0.23334840955050457, -0.4369134688030962, -0.02688363133559137, 0.06983794182412104, -0.44742032363997886, -0.6953217101701928, 0.41562600574834513, 0.19825469255262015, -0.5350700043323997, 0.17038195061584083, 0.662483813655125, 0.10351955475621455, 0.6669278136372301, 0.015351950420355764]], "inverted": false, "swapped": false, "error_lsq": 0.04299606835076853, "error_max": 0.2314823364506467, "target": "678.xyz", "model": "19.xyz", "model_rescale": 4.410303926677745, "target_rescale": 4.090814829168908},
{"mapping": [13, 3, 11, 8, 10, 9, 7, 1, 0, 2, 6, 5, 4, 14], "R": [[-0.42041651095196764, 0.8851503244815844, -0.19939623965641934], [-0.8440825680345758, -0.46216176799932795, -0.27190277405699936], [-0.33282814733602434, 0.053994474438423284, 0.9414403969827237]], "T": [0.03580959157590434, -0.07775340245814868, 0.016022215871024294], "aligned_model": [[-0.15759041452851952, 0.21583870154884827, 0.487864483336035, -0.6573425323687868, 0.15842532475300702, -0.47563600261175343, -0.4640410646084656, 0.6618015985622125, 0.29926962545483504, 0.22656364947049162, -0.3858167138256518, -0.168929422032422, 0.5914447660920057, -0.07066410978096323], [0.007196548520864071, -0.741363905542313, 0.27913435578179224, -0.11341181226865145, 0.7316413850585708, -0.5271191671875803, 0.370294381670765, -0.3265648775287344, -0.5939378691800985, 0.05840106773056555, -0.10242029718499387, 0.4150033154245094, 0.43842075068836217, -0.08432540980185536], [-0.6116594211941777, -0.1680967491679738, -0.4724658279643762, -0.2355739000527781, -0.08350171390676936, 0.23971160328016353, -0.17915032640591813, -0.15133590730275542, 0.50522494388772, 0.5762648891082383, 0.6069056109105349, 0.5928960257796267, 0.23147619891962717, 0.0661196128338595]], "inverted": true, "swapped": true, "error_lsq": 0.042809812657239044, "error_max": 0.2680857900054108, "target": "678.xyz", "model": "20.xyz", "model_rescale": 4.121658175737393, "target_rescale": 4.090814829168908},
{"mapping": [5, 7, 8, 6, 9, 4, 13, 2, 11, 1, 3, 0, 14], "R": [[-0.3709780950627458, 0.10609290940314975, -0.9225614058467825], [-0.9090114895612649, 0.16169873104181495, 0.38412450094348], [0.1899298945117042, 0.9811206933674583, 0.03645298639248973]], "T": [0.014194546144940777, -0.0027688119708667164, 0.0038118926735258643], "aligned_model": [[0.2757743108653254, -0.14397666785327928, 0.1472520972780018, 0.6466718889417447, 0.6328573944473566, -0.3333674759949737, -0.40971578767391015, 0.2755347451087504, -0.7268564900323049, -0.25298697731953623, 0.14169385840814905, 0.5273930270874052, 0.10080898140156552], [-0.5888773320704498, 0.08934671851168154, 0.49851863498562626, -0.19668798776250046, 0.34046836783800205, -0.7006262473747958, 0.4564204938269221, -0.5454234917068533, -0.08678614758862539, -0.024706677451877823, 0.4306200048170631, -0.14659937646859977, 0.015159944607590237], [0.45720296958811535, 0.6784869349834277, 0.5292056291012719, 0.3036254142906099, 0.11777525034389927, -0.11358599046338716, 0.22301386429767656, -0.07380384179952348, -0.11504733167298281, -0.6364338788135923, -0.5462855826741317, -0.5357406905934792, 0.08169699289388538]], "inverted": false, "swapped": true, "error_lsq": 0.05046735081883346, "error_max": 0.2951087136507824, "target": "678.xyz", "model": "21.xyz", "model_rescale": 4.08911054899281, "target_rescale": 4.090814829168908},
{"mapping": [1, 0, 8, 2, 6, 5, 11, 9, 14, 15, 10, 7, 3, 13, 16], "R": [[-0.21267782149281575, 0.6018363514520011, -0.7697799362908946], [0.43953298397095075, 0.7625247308168468, 0.47472812313395507], [0.8726848802670195, -0.2373795293694024, -0.42669902600041054]], "T": [-0.013873918323758434, 0.046665559068911955, 0.010328418127317697], "aligned_model": [[-0.1513646008108623, 0.0945077333710085, 0.41169579614818513, -0.6448782662143839, 0.6199286874304715, 0.4974942182674383, 0.05865941495855388, 0.13786018036418324, -0.43568595103775604, -0.5183978402489542, 0.6447801280735499, 0.36800434997259596, -0.7237166774832489, -0.19092127322165647, -0.020194556879712736], [-0.4834201608120156, -0.6861516512570265, -0.1850878963708632, -0.25166014474814064, -0.34107865790968506, 0.4471407955775811, 0.18173318192255866, 0.7427385547107095, 0.507035340522493, 0.26825759633436563, 0.40328656715760547, -0.0928947191249781, 0.14431458390073632, -0.023819687586629806, 0.014040392133749816], [-0.5642182058063616, 0.23684939288528103, -0.4855977579070452, -0.17430396461861167, 0.06959736185142915, -0.2650826705578339, -0.7395973669194892, 0.007728495795660158, 0.15850688933393797, -0.4670179960416149, 0.310547859485124, 0.5938420040555763, 0.5011101909273198, 0.6431127654019665, 0.044406247329128255]], "inverted": false, "swapped": false, "error_lsq": 0.04442788949371772, "error_max": 0.3047584532678684, "target": "678.xyz", "model": "22.xyz", "model_rescale": 4.204369325754507, "target_rescale": 4.090814829168908},
{"mapping": [0, 12, 1, 4, 3, 2, 6, 11, 9, 8, 10, 14, 7, 13, 15], "R": [[0.6776614886217335, -0.6884624207995282, 0.2584461297559507], [0.7336922999999047, 0.60922613216465, -0.30089720638209744], [0.04970428311349298, 0.39352638416573044, 0.9179686646098656]], "T": [-0.033344506317667166, -3.832327171941069e-05, 0.027304501446563902], "aligned_model": [[-0.2811390829163971, 0.07601564335213916, 0.32152680638735365, -0.5541662982588019, 0.7305107976899373, 0.5180712163449334, 0.033882590704168936, 0.119456477469646, -0.46678617391061983, -0.4738206071390393, 0.6568849961564858, 0.40897572054469244, -0.7231934991259819, -0.21496574679541566, -0.0034814978136898864], [-0.3272554457938059, -0.4957452203458324, -0.30677510211595865, -0.5104042076339944, -0.3743972097203575, 0.4752535073545601, 0.17765616539534923, 0.5873895195738912, 0.6098093625577657, 0.24893532069692206, 0.3478353813971192, -0.02531717464743994, 0.11796668387502682, 0.09601160583565976, 0.023470908021555825], [-0.5242397492646308, 0.23334840955050457, -0.4369134688030962, -0.02688363133559137, 0.06983794182412104, -0.44742032363997886, -0.6953217101701928, 0.41562600574834513, 0.19825469255262015, -0.5350700043323997, 0.17038195061584083, 0.662483813655125, 0.10351955475621455, 0.6669278136372301, 0.015351950420355764]], "inverted": false, "swapped": false, "error_lsq": 0.04299606835076853, "error_max": 0.2314823364506467, "target": "678.xyz", "model": "23.xyz", "model_rescale": 4.410303926677745, "target_rescale": 4.090814829168908},
{"mapping": [11, 7, 14, 1, 13, 15, 9, 5, 4, 10, 6, 12, 3, 0, 16], "R": [[0.31667655254373583, -0.78419816019779, -0.5336189713750963], [0.6599641976502165, 0.5862358064935025, -0.4698668290109641], [0.6812952508926804, -0.20337360872865026, 0.7031898437717694]], "T": [0.008472497774979089, 0.05350244456125861, -0.06522206391045039], "aligned_model": [[-0.06317758270680186, -0.00926968695359927, 0.526131469708768, -0.6522745254557357, 0.5833316317785697, 0.43908563497785635, 0.02237951190383118, 0.1947268808522606, -0.37028295861397176, -0.5074164654038363, 0.733746764631982, 0.36771931893911397, -0.8035977952954508, -0.2132855782218561, -0.10004527745171869], [-0.39540058223422103, -0.5530697818085833, -0.08140295701466677, -0.4852201574176427, -0.31714951687648324, 0.5268868299077759, 0.21467441111770108, 0.5437765960286969, 0.6162263376595841, 0.14403770568786098, 0.20239896063986618, 0.031152718506542117, 0.19953205291880957, -0.05199916695777853, 0.04999064429299967], [-0.5057601724908248, 0.206230041920556, -0.47992643019651493, 0.03238264386109395, 0.0970761904367033, -0.38112353686229505, -0.6704081309862985, 0.2819703821699864, 0.05212569867159551, -0.4518043843011269, 0.10712977128281685, 0.6535394027893447, 0.29320251285502136, 0.6489757915772537, -0.01372653551284471]], "inverted": true, "swapped": false, "error_lsq": 0.043933544137622446, "error_max": 0.3053667778711616, "target": "678.xyz", "model": "24.xyz", "model_rescale": 4.28219845311461, "target_rescale": 4.090814829168908},
{"mapping": [5, 9, 1, 11, 3, 0, 6, 2, 14, 10, 4, 7, 12, 13, 15], "R": [[0.19041327525714893, -0.2733124946866985, -0.9428908021897229], [0.09261265439052346, 0.9611810141265194, -0.25991143554960744], [0.9773257803069493, -0.037833032271412104, 0.2083338206258494]], "T": [0.014027022103847115, 0.01886238543160354, 0.013234655632685565], "aligned_model": [[-0.09253268131422386, -0.09390049522070927, 0.434195993539175, -0.48613778396167495, 0.6159927071224752, 0.5380143939391081, -0.05672557096657564, 0.0484691659159517, -0.5840609308019802, -0.5598037641190499, 0.6918050914254411, 0.3339299370539881, -0.6223917178574965, -0.08296939905457741, 0.0638863969895597], [-0.6514170528027309, -0.5796316127384552, -0.20591192627418978, -0.1845434558673076, -0.46817783277431024, 0.5455715083144443, 0.6279840152160522, 0.6923758313601661, 0.4888619044084791, 0.140987287156209, 0.19860575832499588, -0.21897223592592924, -0.033175700604837544, 0.2243844064321127, 0.06749320022576225], [-0.5012079409724747, 0.30824358606945224, -0.4143304775187874, -0.05703839572781426, 0.035017326952209216, -0.3237652049978064, -0.6471909992775172, 0.13144379771137193, -0.025955619245805337, -0.5210953510012727, 0.2204972467419149, 0.681548072855733, 0.4335715743784746, 0.5621142873401561, -0.011968658093367144]], "inverted": false, "swapped": false, "error_lsq": 0.04781654834968963, "error_max": 0.3031736463664732, "target": "678.xyz", "model": "25.xyz", "model_rescale": 4.100010024507729, "target_rescale": 4.090814829168908},
{"mapping": [6, 9, 12, 3, 10, 11, 7, 1, 0, 4, 2, 14], "R": [[-0.537679941602506, -0.6912976785441046, 0.48270881495769064], [0.7488933767075748, -0.12853035455938877, 0.6501066514660226], [-0.3873744838290883, 0.7110467407958284, 0.5868164463286436]], "T": [-0.019114987741200018, 0.052295619473093705, 0.023540273571815602], "aligned_model": [[-0.5587521192112819, -0.11048687949901614, 0.4992389028036667, 0.603521649643461, -0.4203807761156235, 0.2608420801727642, -0.4314440024102557, 0.5421937540099693, 0.14773641669370707, -0.21109634705161434, -0.3485190137379038, -0.09608806293486596], [-0.41182492008982524, -0.649610628419985, -0.29813969431631615, -0.2790571263954081, 0.7627949644995654, 0.7459628124632229, 0.1785157866093724, 0.2748235125806971, -0.3615850939569193, 0.6726762982298254, 0.06147075415951149, -0.029895275313101655], [-0.12104283308320335, 0.13544168075495666, 0.5394590794596887, -0.072470919109174, 0.14285498547867148, 0.1274293086531995, 0.5737612016359482, -0.3187983271623219, -0.5896809476234809, -0.4235140782135416, -0.4865634490496233, 0.05831658811323671]], "inverted": false, "swapped": true, "error_lsq": 0.04633119863062071, "error_max": 0.25725867342056863, "target": "678.xyz", "model": "26.xyz", "model_rescale": 3.6694154284099745, "target_rescale": 4.090814829168908},
