[{"mapping": [1, 2, 6, 5, 10, 0, 7, 3, 4, 8, 9, 11], "R": [[0.9494063742936311, -0.08014918754021583, 0.3036505297002878], [-0.30532942244522926, -0.00929820356089315, 0.9522013900429904], [-0.07349476335008351, -0.9967395101766479, -0.033299678871300135]], "T": [0.08262933869105248, 0.00857135915811244, -0.027280615590380947], "aligned_model": [[-0.1615238321918735, -0.19323221758338793, -0.4942166038588781, 0.6211550053670808, 0.5146128912882151, 0.43574946059772734, 0.11128481770471381, 0.26682953478440535, 0.43306115245957005, -0.4834785548364998, -0.1627358700219641, 0.12708302286362455], [0.0948387604759812, 0.7002744050096716, -0.38715132634550775, -0.18377248831995854, -0.4977076417581726, 0.38083351462176296, -0.7399445513163937, 0.015558521341627982, 0.6292284475479129, 0.210720589806381, -0.38043133695848885, 0.028781939844904812], [-0.6866952985757006, -0.3341967991257929, -0.21650746938349816, -0.62867922150694, 0.10995323402992033, -0.37299503692057856, -0.6065095039885955, 0.6360850317796927, 0.352628306750144, 0.17707454613870457, 0.3699966694325588, -0.07675442967308752]], "inverted": true, "swapped": false, "error_lsq": 0.05246070477099902, "error_max": 0.28369935877065955, "target": "68.xyz", "model": "0.xyz", "model_rescale": 3.751011558992144, "target_rescale": 4.116475731787598},
{"mapping": [2, 5, 13, 1, 7, 4, 0, 11, 10, 9, 12, 14], "R": [[-0.3112323403953885, 0.9432517953434287, 0.11580363065727864], [0.6725271843828813, 0.3047056511592603, -0.6744343203141763], [-0.6714474041636046, -0.13202468228709946, -0.7291967270284112]], "T": [0.13503402956750016, 0.0070362374188337705, -0.15780504253435362], "aligned_model": [[-0.3799564738716527, -0.32198841839218223, -0.5848611330683027, 0.7351754553408885, 0.423564550443224, 0.6917474138673216, 0.2499050543955676, 0.24282038217959453, 0.289981567350857, -0.2939123420796072, -0.14667775448187426, 0.1087905048888991], [-0.08943106741520213, 0.40723841602714017, -0.08647530589041418, -0.21493703185273033, -0.5667492800814378, 0.5443394918728804, -0.5576126985778496, -0.044240716435123256, 0.6896485287933543, 0.28851175261827144, -0.4924853732075093, -0.006577881901659043], [-0.7975057088257473, -0.30290757626042175, -0.13524967993313947, -0.433927635299622, 0.007111124736696978, -0.32196773745721696, -0.6512427237386247, 0.631171360864833, 0.2693781363575151, 0.2556755083120997, 0.31452083577657886, -0.11165587557612425]], "inverted": true, "swapped": false, "error_lsq": 0.04323652121693324, "error_max": 0.24170964785314208, "target": "68.xyz", "model": "1.xyz", "model_rescale": 3.9405287249114394, "target_rescale": 4.116475731787598},
{"mapping": [9, 10, 11, 2, 0, 4, 5, 7, 4, 3, 6, 12], "R": [[-0.14034999621605612, -0.47737225243915177, 0.8674200892089852], [-0.6154049009352427, 0.7283630817322213, 0.3012706906992877], [-0.7756150375457127, -0.49153123376924124, -0.39600297948658203]], "T": [0.14361664441575384, -0.020610330877785393, -0.07912256450302506], "aligned_model": [[-0.25953397607270107, -0.5555100562586055, -0.41580657049459546, 0.6259403898517735, 0.3553252866336841, 0.49160463332094795, 0.1499038932930083, 0.1652169076081042, 0.49160463332094795, -0.1618611938465664, -0.08738829269738632, 0.215093151914122], [0.15453601171822504, 0.39100976590217085, -0.41063247027261046, -0.2415710344155574, -0.8218773831017998, 0.5774951860773911, -0.5256164527168093, 0.1653004354082645, 0.5774951860773911, 0.36366551765940036, -0.34521641791968627, -0.013359510466658831], [-0.7552693259129086, -0.30994256286411714, -0.2853813496212239, -0.5065682330999514, 0.047686544421996366, 0.03432289397068307, -0.6016219116637782, 0.6915138405318629, 0.03432289397068307, 0.21381947947580837, 0.29050332835910075, -0.1299855686113282]], "inverted": true, "swapped": false, "error_lsq": 0.06681605573892872, "error_max": 0.3792652808404968, "target": "68.xyz", "model": "2.xyz", "model_rescale": 3.932901565614263, "target_rescale": 4.116475731787598},
{"mapping": [10, 6, 12, 3, 8, 0, 11, 7, 4, 5, 9, 13], "R": [[-0.4914743082966996, 0.6788518662800377, -0.5455393184110481], [-0.004194573368321242, -0.6282522780818284, -0.7779983808718698], [-0.8708819723926652, -0.3800779113985752, 0.3116173477654257]], "T": [0.19746386781899328, 0.028192546214061545, -0.19247199409825477], "aligned_model": [[-0.2940694510447998, -0.34278696315139856, -0.5543987612866075, 0.6756851718985953, 0.43003105524274393, 0.69238542015593, 0.1837492421962572, 0.3667861585892451, 0.25381217749205376, -0.32905850814155924, -0.14925546577032045, 0.08170873039259371], [-0.07821933533061866, 0.4325741364532835, -0.10296982566689371, -0.14017171909642012, -0.6455865468293265, 0.47750922034305776, -0.6806716657665264, -0.008185814300749508, 0.7720419893410905, 0.20603803017393296, -0.39310999366313826, 0.03198035829202892], [-0.7025866363249784, -0.29875853978094097, -0.16739552471935207, -0.25283205185241525, -0.017198029564601064, -0.23848843165116793, -0.7356406017925846, 0.5001672511670645, 0.26221391781718295, 0.26353771753363653, 0.2995471244299258, -0.1891661663049426]], "inverted": false, "swapped": false, "error_lsq": 0.049710976626943564, "error_max": 0.2851270111332913, "target": "68.xyz", "model": "3.xyz", "model_rescale": 3.9243930471874484, "target_rescale": 4.116475731787598},
{"mapping": [6, 3, 10, 5, 9, 0, 11, 7, 2, 4, 8, 12], "R": [[0.6292294536230979, 0.030306783121272884, 0.7766284784824838], [-0.5657982979122392, 0.7029414038281016, 0.43098221409217197], [-0.5328626284257424, -0.7106017743300519, 0.4594589617650214]], "T": [0.07518557089723393, -0.11418654091235621, -0.09622541699862987], "aligned_model": [[-0.04400369160596615, -0.20101676882178227, -0.5953012782099583, 0.6118120399238702, 0.3158404597449482, 0.5716263764196536, 0.0271285090941199, 0.30839483818615737, 0.20700376682548055, -0.22798164830393464, -0.12759474654126177, 0.1686809498614063], [0.028130027103282232, 0.45901493297220225, -0.31463422187928053, 0.050125304161834375, -0.7657382243161772, 0.5628456146314955, -0.7175880653108143, 0.16714234858755256, 0.7264175634249374, 0.19385206604394933, -0.45119040588566306, -0.06714810558359786], [-0.7941196990420523, -0.3155555522627674, -0.1822244395989111, -0.604808497805692, 0.02727770079284922, -0.232226668215258, -0.6058637206532772, 0.6174875872933532, 0.26045818692380523, 0.31067644250354265, 0.3953484907393861, -0.1530498017181509]], "inverted": true, "swapped": false, "error_lsq": 0.05593713261197631, "error_max": 0.32234105234086946, "target": "68.xyz", "model": "4.xyz", "model_rescale": 3.8936222436046832, "target_rescale": 4.116475731787598},
{"mapping": [7, 10, 8, 5, 6, 4, 6, 0, 2, 3, 9, 11], "R": [[-0.958220363244835, -0.2816414359650457, -0.04991830336142819], [-0.15940435408617287, 0.6707252605664782, -0.7243741276000959], [0.2374952365023487, -0.6861528447697183, -0.6875974740014077]], "T": [0.03074014976925718, 0.014497047202803814, -0.0717730714219233], "aligned_model": [[-0.10868100147873866, -0.2184860476166692, -0.6946007457394257, 0.6837507284212249, 0.3211463059387969, 0.524532582064077, 0.3211463059387969, 0.15159130541773402, 0.2810102696892288, -0.3078169815678884, -0.12684604311236364, 0.18784212861796012], [-0.11815166688947065, 0.5316999427335363, -0.12469378061923075, -0.1249960970878205, -0.6646539911738234, 0.5423126135591088, -0.6646539911738234, 0.06792104664699095, 0.6460813211388574, 0.2333176447672189, -0.4743694249837149, 0.021415217031892177], [-0.6904115673324225, -0.33607378439152946, -0.09099090386219902, -0.5314356693254296, -0.37014659511076753, -0.4007173837715812, -0.37014659511076753, 0.8030178655675015, 0.23745926342686563, 0.33783484747553133, 0.27204680584848967, -0.13703625445686468]], "inverted": false, "swapped": false, "error_lsq": 0.05723976730813396, "error_max": 0.4193522774047391, "target": "68.xyz", "model": "5.xyz", "model_rescale": 3.6523030999806103, "target_rescale": 4.116475731787598},
{"mapping": [9, 8, 10, 7, 3, 5, 11, 2, 1, 6, 4, 12], "R": [[-0.3525230139022749, 0.7930591897868731, -0.4967742406403989], [0.916630816285616, 0.1857245791679597, -0.3539693875583729], [-0.18845548892197805, -0.5801409330390959, -0.7924146809011715]], "T": [0.09271103371726527, 0.05164505530898681, -0.10430770108872296], "aligned_model": [[-0.29099441819760896, -0.12088954503837565, -0.6268051437010211, 0.5256489935543212, 0.6771533603107097, 0.5264074824029841, 0.0896606902182305, 0.03719819008702413, 0.3704971519312713, -0.381299126481482, 0.012922457744890994, 0.19508871374178915], [-0.0414030019945874, 0.6115524254392795, -0.24352242852685665, -0.22360686812882521, -0.28146452734254057, 0.49990199517162653, -0.7356740798589604, -0.12328162893078112, 0.41633674602314763, 0.3983702603475921, -0.45400169869518986, 0.048021640445816346], [-0.7099272684604143, -0.4118489703446156, -0.04229424620684104, -0.5555495002087694, 0.06920274752964252, -0.37794365678373354, -0.4976120081385089, 0.6322590735774187, 0.4174295021516475, 0.17447619782117557, 0.1547033898634942, -0.12949523184366873]], "inverted": true, "swapped": false, "error_lsq": 0.057089382660618894, "error_max": 0.42682557912475266, "target": "68.xyz", "model": "6.xyz", "model_rescale": 4.08911054899281, "target_rescale": 4.116475731787598},
{"mapping": [7, 2, 13, 4, 10, 3, 5, 9, 0, 1, 11, 14], "R": [[-0.9323909551710655, 0.009189238128975097, -0.36133456050839796], [0.25844152199751536, -0.6819389495209699, -0.6842274832494261], [-0.25269563989668653, -0.7313513704293203, 0.6334588278241602]], "T": [0.09745639871966796, -0.11171658441183378, -0.12830477140187002], "aligned_model": [[-0.23687509924505087, -0.40343563786580905, -0.6266319207298037, 0.7160501123214317, 0.3182658746001155, 0.692448803266961, 0.2752372237346292, 0.340161279336206, 0.2176136267788401, -0.28697026688621563, -0.09775296146726256, 0.10647777272869162], [0.002276059750960527, 0.4900811193602976, -0.21906325487023243, -0.1520095852863338, -0.7887701603764096, 0.40789084166153816, -0.5348189300887811, 0.1048032441021504, 0.8093939267683385, 0.2913274313441943, -0.4533182680215193, -0.08656359039448266], [-0.8171567809677074, -0.320882638019759, -0.13650966810805557, -0.46381599517115213, -0.018229664602169793, -0.07887201337433503, -0.7364820588131911, 0.5849769490235011, 0.019254877020136563, 0.34889300624361713, 0.3072783531651798, 0.03494566256076273]], "inverted": false, "swapped": false, "error_lsq": 0.05860865619842239, "error_max": 0.3619882338517465, "target": "68.xyz", "model": "7.xyz", "model_rescale": 3.964800864290218, "target_rescale": 4.116475731787598},
{"mapping": [7, 1, 2, 9, 11, 5, 12, 6, 3, 0, 4, 13], "R": [[0.515289589664783, 0.037985640706627216, -0.8561738899798376], [0.47095034699013893, 0.8221066087533718, 0.31991638675425565], [0.7160184421179162, -0.5680649742275419, 0.4057336264138024]], "T": [0.12233322648081427, 0.03630742533660011, -0.1091725595413436], "aligned_model": [[-0.26234789304658446, -0.3202427914873285, -0.5177564327377723, 0.6188717824027297, 0.5740042152945455, 0.6149762217793188, 0.1169161432398699, 0.19854610276362417, 0.25148209192058035, -0.32810126048160626, -0.1060639881254696, 0.1743046150508259], [-0.06648106986527305, 0.5039021791810113, -0.11788759869089913, -0.26215678179160373, -0.6162757929792173, 0.6735740945723847, -0.5809830188404236, -0.1225175667227984, 0.5243246224595248, 0.43028505897409386, -0.5482580046946789, 0.053702712347600046], [-0.6993489115709676, -0.4946612178298095, -0.037633406060995564, -0.48095920041877743, 0.13012178959853193, -0.33337067379038776, -0.5446011989594038, 0.44352269334633215, 0.4115216708571819, 0.28459103663159535, 0.2089647777617139, -0.16474733060818642]], "inverted": true, "swapped": false, "error_lsq": 0.045916800378507185, "error_max": 0.2813916075589618, "target": "68.xyz", "model": "8.xyz", "model_rescale": 4.121658175737393, "target_rescale": 4.116475731787598},
{"mapping": [6, 8, 7, 1, 0, 2, 4, 10, 3, 11, 5, 12], "R": [[0.3860183470340548, -0.24299087066035147, 0.8899130702090066], [-0.8937336960684222, -0.3375020372157447, 0.2955206513716073], [0.22853865376555665, -0.909421690774388, -0.3474511074728077]], "T": [-0.010520918051620906, -0.024313236978768075, -0.11971099012338121], "aligned_model": [[-0.19021819076116486, -0.2776454089990777, -0.67691021654793, 0.5092630235220902, 0.6757673982635063, 0.478475084877338, 0.2890783523930934, 0.11567511227423495, 0.3982269367047725, -0.28376706453368394, -0.07690815435063005, 0.05355193373018448], [0.016983499226178846, 0.5647919482310142, -0.03689817922837912, -0.13754816518479832, -0.3710095859991599, 0.4352608851913763, -0.777570441842925, -0.09990378564315755, 0.46503961512523845, 0.3976828614400264, -0.5421701584871056, -0.043429658878587685], [-0.7876821869975756, -0.4546033979535822, -0.01493583853019019, -0.5578139698322653, 0.04652448018171526, -0.2986550769492065, -0.4816112224913048, 0.6251658194753449, 0.34520079596054093, 0.2679588576924144, 0.21064465153915118, -0.17679288313821487]], "inverted": true, "swapped": false, "error_lsq": 0.05236387784838789, "error_max": 0.34247804805984344, "target": "68.xyz", "model": "9.xyz", "model_rescale": 3.833441315466971, "target_rescale": 4.116475731787598},
{"mapping": [8, 10, 11, 2, 3, 0, 9, 6, 1, 12, 7, 14], "R": [[0.9166007068801134, 0.3998009790881229, 0.0015235704955305707], [-0.3994559892128739, 0.915637528132129, 0.04519767425486703], [0.016675036097139228, -0.04203681953077593, 0.9989769011217908]], "T": [0.16339124903639138, 0.047066600468879984, -0.033582656288169296], "aligned_model": [[-0.19620687841621762, -0.31769129434824284, -0.504748573034332, 0.6318431761442915, 0.4957979026614031, 0.33451210339925486, 0.1675086473230379, 0.22248382568498462, 0.38626578357943403, -0.20436384606805766, -0.18085106995826353, 0.18003902960544071], [-0.1314751216139849, 0.48813637380537406, -0.08117559884644346, -0.24652385866385088, -0.7546399764622392, 0.6843716707094322, -0.5773028207856238, 0.048970528190697554, 0.6312879401981942, 0.36855961841899976, -0.5192266482762039, -0.03975327272463094], [-0.7016929784543533, -0.5333537889272357, -0.08338423780564257, -0.49293838905174503, -0.0005034954940843564, -0.20205479746134608, -0.551323903791572, 0.6429777700516927, 0.3596364950396015, 0.3191473916873532, 0.03514258667783908, -0.06825262351368003]], "inverted": true, "swapped": false, "error_lsq": 0.04384120689689208, "error_max": 0.27183433388657835, "target": "68.xyz", "model": "10.xyz", "model_rescale": 4.2482417240324, "target_rescale": 4.116475731787598},
{"mapping": [7, 3, 9, 6, 4, 2, 5, 0, 1, 8, 10, 11], "R": [[0.3342454729737105, 0.11800669211417351, -0.9350691869657834], [-0.5182701902017981, 0.8516729623407389, -0.07777644351564598], [0.7871950036330089, 0.5106149095296975, 0.34582718288359915]], "T": [0.12154846007612995, 0.0446867866861118, -0.09865343159740624], "aligned_model": [[-0.3263217194541339, -0.24248023305727961, -0.48210051788155206, 0.7289723020757601, 0.36986041651397367, 0.517264822432885, 0.2522826139779091, 0.37339028609599745, 0.3349020322762479, -0.3566057052968602, -0.24036925726958103, 0.08579376615936724], [0.03259315820654164, 0.7106219758581129, -0.5120897692840437, -0.16299195367732644, -0.7936302977752503, 0.5011182420855268, -0.46127791096175996, -0.054034250651972426, 0.586935866174854, 0.33803922939906356, -0.2391005952734474, -0.07495486015057783], [-0.6064154754063928, -0.38515833705240615, -0.16878673518111076, -0.19023921168602126, -0.06116718848799554, -0.5262468991220945, -0.638185150831052, 0.6089264772381426, 0.30083717252397024, 0.15068723384972382, 0.3524370806573981, -0.11328893754533453]], "inverted": true, "swapped": false, "error_lsq": 0.06343715511532907, "error_max": 0.34888716440739725, "target": "68.xyz", "model": "11.xyz", "model_rescale": 3.6694154284099745, "target_rescale": 4.116475731787598},
{"mapping": [9, 8, 11, 10, 5, 2, 7, 0, 1, 4, 6, 13], "R": [[-0.916226904078395, 0.20406866069267887, -0.3447959425022513], [0.3528278861703456, 0.8187143959696155, -0.4530112808448298], [0.18984399643782557, -0.536714746914228, -0.8221292705294654]], "T": [0.13947124694084645, -0.024343862416306025, -0.09354485812345238], "aligned_model": [[-0.1991131384542298, -0.2168232519066804, -0.5841006286476728, 0.4698949041541992, 0.48398277549362245, 0.38085251462369596, 0.24080832297633456, 0.28547364184887347, 0.4380574313413187, -0.30410686151226574, -0.13919996526532685, 0.15886306192086427], [-0.13930112446404597, 0.482146140935202, -0.09549644470322044, -0.017809429072544222, -0.7012761890281907, 0.5510968409802716, -0.6286400144978722, -0.08544718290733537, 0.6382476391136941, 0.29346967106222116, -0.43218199436028215, 0.006420920891822762], [-0.8124549420416114, -0.528424103325001, -0.22164520862371717, -0.6360448998221337, 0.16654209725634428, -0.28568192867099, -0.5139283450369304, 0.6033680125652365, 0.34038173323382864, 0.4063668034622163, 0.18189160836865864, 0.02302920159092632]], "inverted": false, "swapped": false, "error_lsq": 0.05101715503496589, "error_max": 0.3066614266815872, "target": "68.xyz", "model": "12.xyz", "model_rescale": 3.9764082729961374, "target_rescale": 4.116475731787598},
{"mapping": [9, 2, 12, 4, 6, 7, 5, 14, 3, 8, 13, 15], "R": [[0.13431920903363326, 0.9646919734097992, -0.2265562767245411], [-0.9791178233687519, 0.09399423383061666, -0.18025917998324853], [-0.15259960041303172, 0.24603755901346253, 0.9571723363681591]], "T": [-0.03182665113660699, -0.025776954677899852, -0.11462247521674535], "aligned_model": [[-0.23971702789490595, -0.22360358828718613, -0.5676293616168432, 0.6206772557910165, 0.43987448034713017, 0.4217247898198042, 0.2039164770465668, 0.3115011046727657, 0.37357798576747386, -0.22858145093211937, -0.1662426230192415, 0.06909076487827202], [-0.17187683950488697, 0.6576133675052166, -0.3713236364724983, -0.07310668640206791, -0.5823475663522086, 0.5238955740134064, -0.5913512074231361, -0.16871021270242265, 0.5167986553999566, 0.5896333520319207, -0.46036556818089164, 0.002369602037332375], [-0.6595403969466658, -0.4785713560087029, -0.1415757883905057, -0.41103817945377386, 0.11206233344206079, -0.3659885439918655, -0.6867892760544012, 0.5928407220002296, 0.38507967110536495, 0.1721013288199988, 0.2947009051358715, -0.08988139070078355]], "inverted": false, "swapped": false, "error_lsq": 0.04876414823756494, "error_max": 0.2668535098899863, "target": "68.xyz", "model": "13.xyz", "model_rescale": 4.170626492500431, "target_rescale": 4.116475731787598},
{"mapping": [1, 3, 9, 0, 8, 2, 7, 5, 6, 11, 10, 13], "R": [[0.41523218930564804, 0.4972482482310683, -0.7617915781862992], [-0.8941440500084299, 0.06880681090440675, -0.44246134363093], [-0.1675966789616104, 0.8648755993808006, 0.473182365263901]], "T": [0.20260931225386342, -0.02166669031359581, -0.10017881238221021], "aligned_model": [[-0.20028379451851902, -0.13600631493815868, -0.587138989160308, 0.4277435240414159, 0.5632980777590817, 0.6281105414756937, 0.16444158406611387, 0.18723373821610875, 0.21082991754171984, -0.32827752281790495, -0.07752691655820615, 0.16216496146569637], [-0.08559102649030914, 0.5470271417800419, -0.18256021211710152, -0.10244215664578271, -0.6625801581751327, 0.4159635867064254, -0.6991169519001409, 0.21421572224366597, 0.6859752531323978, 0.19908838785165786, -0.4843873885020725, 0.025636636066071812], [-0.7516427742826441, -0.2935706084592169, -0.18213815302727782, -0.6466660649778198, 0.0032128408444589834, -0.3458627797110437, -0.5440641246984836, 0.7780824855954487, 0.3544249365626988, 0.3110218867208911, 0.060262933275675445, -0.019660548885859663]], "inverted": false, "swapped": false, "error_lsq": 0.049042532293186836, "error_max": 0.27821198887897547, "target": "68.xyz", "model": "14.xyz", "model_rescale": 3.9786697098870705, "target_rescale": 4.116475731787598},
{"mapping": [9, 6, 0, 8, 2, 7, 3, 4, 10, 1, 0, 11], "R": [[-0.610900650057788, -0.7308579562291784, -0.3043797686697996], [0.6986698619316805, -0.3168485082899736, -0.6414572837085768], [0.37237188372289737, -0.6045276425531982, 0.7041913870544954]], "T": [0.1730163184307999, 0.06732347437342685, -0.11418516247413318], "aligned_model": [[-0.1056960651690429, -0.26879367765261997, -0.305902023272701, 0.5578134991271612, 0.4501647329998595, 0.5100373471570814, 0.0646357592774583, 0.3453119011041106, 0.28777943405887874, -0.31949109228859374, -0.305902023272701, 0.10463101450384193], [-0.052368248032209755, 0.6143327538788239, -0.4088838536391878, -0.1734298094772792, -0.7262118516281949, 0.6048768857528785, -0.6846562903329101, -0.0627425438421844, 0.6706986837630969, 0.3896627692487468, -0.4088838536391878, 0.10883419189732883], [-0.6576992532435362, -0.4787951819465431, 0.05215601945565315, -0.3714731568796786, 0.10338748965933184, -0.29946646617553097, -0.6318040571954029, 0.4587998226589403, 0.44714252478367106, 0.22375850273961534, 0.05215601945565315, -0.17476223435534594]], "inverted": true, "swapped": false, "error_lsq": 0.05699623446784408, "error_max": 0.3835110672284929, "target": "68.xyz", "model": "15.xyz", "model_rescale": 3.769337070930944, "target_rescale": 4.116475731787598},
{"mapping": [5, 7, 3, 3, 1, 9, 0, 2, 6, 4, 11], "R": [[-0.9046845088427785, 0.15637853593726167, -0.39634794430906195], [0.3827991595295206, -0.11019498810683304, -0.9172359936568274], [-0.18711157880631893, -0.981530854377107, 0.03983012656712537]], "T": [0.02992699897626061, -0.19422543492021238, -0.05258364440824987], "aligned_model": [[-0.27304268915570173, -0.434061259459673, -0.3629144586824966, -0.3629144586824966, 0.5405177545541232, 0.2018846529752661, 0.5308422106657531, 0.5913378043021348, -0.009933582917141276, -0.5438009372207601, 0.04471109431216263], [0.16611529444337814, -0.7544286159218649, 0.5312682330238627, 0.5312682330238627, 0.05404392607963476, -0.5719600927521709, 0.35199407251994097, -0.2878253070420178, 0.5258045689326832, 0.0780850553272871, -0.028300870009253964], [-0.6941792749578933, -0.06221712053872518, 0.06460249406623678, 0.06460249406623678, -0.598949869566817, -0.3302923187125287, 0.0024826097085269908, 0.30794697319805614, 0.5334829297297947, 0.5095318677977202, -0.0527931775668309]], "inverted": false, "swapped": true, "error_lsq": 0.07198051113943796, "error_max": 0.407535024534467, "target": "68.xyz", "model": "16.xyz", "model_rescale": 3.7852294659196426, "target_rescale": 4.116475731787598},
{"mapping": [0, 1, 4, 8, 9, 2, 9, 6, 7, 5, 10, 12], "R": [[-0.8833970940698732, -0.128457330523682, -0.45067536922227436], [0.2789877079185098, 0.6285425044249116, -0.7260166519864654], [0.37653078628351244, -0.7670938888858322, -0.5194146057002347]], "T": [0.10214011428091131, 0.10830141528156202, -0.20077467814886926], "aligned_model": [[-0.21624269308141836, -0.20991182041017276, -0.5931455978831652, 0.5672924095189398, 0.40417382016873993, 0.4574861641056649, 0.40417382016873993, 0.13103697455571495, 0.32896222077704473, -0.35460105215606297, -0.040655264084483736, 0.1360198248931918], [-0.30835291158624845, 0.7156749753546808, -0.019315111011303718, -0.14682124155777565, -0.6944183749859667, 0.5894196055705648, -0.6944183749859667, 0.023500742682505807, 0.5251382070983717, 0.3581828989003637, -0.5081076333229427, 0.030746051793437992], [-0.6375569072025875, -0.29007810936361267, -0.15518426504447239, -0.5785996157251243, -0.30884115922584726, -0.3286085268637051, -0.30884115922584726, 0.6820430002508049, 0.31519608281433453, 0.20066742426023484, 0.29812855895739854, -0.16492529467474953]], "inverted": true, "swapped": false, "error_lsq": 0.06166449162576219, "error_max": 0.3736569606149667, "target": "68.xyz", "model": "17.xyz", "model_rescale": 3.901054581598922, "target_rescale": 4.116475731787598},
{"mapping": [2, 5, 13, 1, 7, 4, 0, 11, 10, 9, 12, 14], "R": [[-0.3112323403953885, 0.9432517953434287, 0.11580363065727864], [0.6725271843828813, 0.3047056511592603, -0.6744343203141763], [-0.6714474041636046, -0.13202468228709946, -0.7291967270284112]], "T": [0.13503402956750016, 0.0070362374188337705, -0.15780504253435362], "aligned_model": [[-0.3799564738716527, -0.32198841839218223, -0.5848611330683027, 0.7351754553408885, 0.423564550443224, 0.6917474138673216, 0.2499050543955676, 0.24282038217959453, 0.289981567350857, -0.2939123420796072, -0.14667775448187426, 0.1087905048888991], [-0.08943106741520213, 0.40723841602714017, -0.08647530589041418, -0.21493703185273033, -0.5667492800814378, 0.5443394918728804, -0.5576126985778496, -0.044240716435123256, 0.6896485287933543, 0.28851175261827144, -0.4924853732075093, -0.006577881901659043], [-0.7975057088257473, -0.30290757626042175, -0.13524967993313947, -0.433927635299622, 0.007111124736696978, -0.32196773745721696, -0.6512427237386247, 0.631171360864833, 0.2693781363575151, 0.2556755083120997, 0.31452083577657886, -0.11165587557612425]], "inverted": true, "swapped": false, "error_lsq": 0.04323652121693324, "error_max": 0.24170964785314208, "target": "68.xyz", "model": "18.xyz", "model_rescale": 3.9405287249114394, "target_rescale": 4.116475731787598},
{"mapping": [7, 13, 4, 5, 6, 11, 8, 3, 14, 12, 1, 15], "R": [[0.9561920791768912, 0.004528974844397293, -0.29270496426646636], [0.27121428637371753, 0.36262267469219484, 0.8915983437994232], [0.11017948350836314, -0.931925042149817, 0.34550860659018734]], "T": [0.06087886465380723, 0.0038542978018516454, -0.0968189563347291], "aligned_model": [[-0.25500388306977023, -0.10671665574754122, -0.6280948194205486, 0.6980753577907635, 0.39848060594484325, 0.5281309999192202, 0.13081552203254065, 0.18970425462979515, 0.15327180936877632, -0.3148656084620329, 0.1216635453978859, 0.09912767818880122], [-0.017498664744005646, 0.6119321821773767, -0.2120566518261801, -0.2838865175839199, -0.6624402361245089, 0.49654518507615863, -0.5789968742545267, 0.11425332620812301, 0.6918858411909492, 0.14750773524661742, -0.43670052716698277, 0.0006840357506199034], [-0.7256175644935425, -0.3280826012224503, -0.2124163313041021, -0.5467617249775469, -0.11579562435982173, -0.3379503180166656, -0.5739620488375473, 0.7378334673114563, 0.24642308821211673, 0.2750934567985185, 0.39076292680179486, -0.0861266969553827]], "inverted": false, "swapped": false, "error_lsq": 0.04351703903273808, "error_max": 0.24430328827338135, "target": "68.xyz", "model": "19.xyz", "model_rescale": 4.410303926677745, "target_rescale": 4.116475731787598},
{"mapping": [7, 1, 2, 9, 11, 5, 12, 6, 3, 0, 4, 13], "R": [[0.515289589664783, 0.037985640706627216, -0.8561738899798376], [0.47095034699013893, 0.8221066087533718, 0.31991638675425565], [0.7160184421179162, -0.5680649742275419, 0.4057336264138024]], "T": [0.12233322648081427, 0.03630742533660011, -0.1091725595413436], "aligned_model": [[-0.26234789304658446, -0.3202427914873285, -0.5177564327377723, 0.6188717824027297, 0.5740042152945455, 0.6149762217793188, 0.1169161432398699, 0.19854610276362417, 0.25148209192058035, -0.32810126048160626, -0.1060639881254696, 0.1743046150508259], [-0.06648106986527305, 0.5039021791810113, -0.11788759869089913, -0.26215678179160373, -0.6162757929792173, 0.6735740945723847, -0.5809830188404236, -0.1225175667227984, 0.5243246224595248, 0.43028505897409386, -0.5482580046946789, 0.053702712347600046], [-0.6993489115709676, -0.4946612178298095, -0.037633406060995564, -0.48095920041877743, 0.13012178959853193, -0.33337067379038776, -0.5446011989594038, 0.44352269334633215, 0.4115216708571819, 0.28459103663159535, 0.2089647777617139, -0.16474733060818642]], "inverted": true, "swapped": false, "error_lsq": 0.045916800378507185, "error_max": 0.2813916075589618, "target": "68.xyz", "model": "20.xyz", "model_rescale": 4.121658175737393, "target_rescale": 4.116475731787598},
{"mapping": [9, 8, 10, 7, 3, 5, 11, 2, 1, 6, 4, 12], "R": [[-0.3525230139022749, 0.7930591897868731, -0.4967742406403989], [0.916630816285616, 0.1857245791679597, -0.3539693875583729], [-0.18845548892197805, -0.5801409330390959, -0.7924146809011715]], "T": [0.09271103371726527, 0.05164505530898681, -0.10430770108872296], "aligned_model": [[-0.29099441819760896, -0.12088954503837565, -0.6268051437010211, 0.5256489935543212, 0.6771533603107097, 0.5264074824029841, 0.0896606902182305, 0.03719819008702413, 0.3704971519312713, -0.381299126481482, 0.012922457744890994, 0.19508871374178915], [-0.0414030019945874, 0.6115524254392795, -0.24352242852685665, -0.22360686812882521, -0.28146452734254057, 0.49990199517162653, -0.7356740798589604, -0.12328162893078112, 0.41633674602314763, 0.3983702603475921, -0.45400169869518986, 0.048021640445816346], [-0.7099272684604143, -0.4118489703446156, -0.04229424620684104, -0.5555495002087694, 0.06920274752964252, -0.37794365678373354, -0.4976120081385089, 0.6322590735774187, 0.4174295021516475, 0.17447619782117557, 0.1547033898634942, -0.12949523184366873]], "inverted": true, "swapped": false, "error_lsq": 0.057089382660618894, "error_max": 0.42682557912475266, "target": "68.xyz", "model": "21.xyz", "model_rescale": 4.08911054899281, "target_rescale": 4.116475731787598},
{"mapping": [12, 9, 10, 4, 0, 15, 13, 8, 11, 5, 6, 16], "R": [[-0.39747406252088174, -0.8252492172485404, 0.4012207609955124], [-0.22606424308910367, 0.5118327039542356, 0.8288077226712158], [-0.8893308313668752, 0.23872790493272378, -0.38999956382890427]], "T": [0.19322314400678153, 0.009346768750477671, -0.16287710113823345], "aligned_model": [[-0.2751510723018142, -0.3423812458173655, -0.5971664276696739, 0.6850737623018411, 0.49169004627619173, 0.5748163912620224, 0.1602483614372246, 0.18835059681395672, 0.2996689050032685, -0.33242809702694565, -0.04494938494601733, 0.20681697124004456], [-0.056699674556391175, 0.4447030060935668, -0.13412829106166413, -0.38300508956674284, -0.6750501184681601, 0.6241993224742609, -0.4144906739338452, 0.06425615275562334, 0.5856134381312473, 0.3244747313219625, -0.4745293176455301, -0.0341146515946064], [-0.7296512773829762, -0.33934379989493835, -0.08649227665097897, -0.4636015172163937, 0.04351526111002438, -0.2514770374966562, -0.6688459261873092, 0.5282981558639994, 0.3295445230672041, 0.18657131272769795, 0.3516147919151756, -0.17673218089802176]], "inverted": false, "swapped": false, "error_lsq": 0.043130382096158194, "error_max": 0.25433140035055823, "target": "68.xyz", "model": "22.xyz", "model_rescale": 4.204369325754507, "target_rescale": 4.116475731787598},
{"mapping": [7, 13, 4, 5, 6, 11, 8, 3, 14, 12, 1, 15], "R": [[0.9561920791768912, 0.004528974844397293, -0.29270496426646636], [0.27121428637371753, 0.36262267469219484, 0.8915983437994232], [0.11017948350836314, -0.931925042149817, 0.34550860659018734]], "T": [0.06087886465380723, 0.0038542978018516454, -0.0968189563347291], "aligned_model": [[-0.25500388306977023, -0.10671665574754122, -0.6280948194205486, 0.6980753577907635, 0.39848060594484325, 0.5281309999192202, 0.13081552203254065, 0.18970425462979515, 0.15327180936877632, -0.3148656084620329, 0.1216635453978859, 0.09912767818880122], [-0.017498664744005646, 0.6119321821773767, -0.2120566518261801, -0.2838865175839199, -0.6624402361245089, 0.49654518507615863, -0.5789968742545267, 0.11425332620812301, 0.6918858411909492, 0.14750773524661742, -0.43670052716698277, 0.0006840357506199034], [-0.7256175644935425, -0.3280826012224503, -0.2124163313041021, -0.5467617249775469, -0.11579562435982173, -0.3379503180166656, -0.5739620488375473, 0.7378334673114563, 0.24642308821211673, 0.2750934567985185, 0.39076292680179486, -0.0861266969553827]], "inverted": false, "swapped": false, "error_lsq": 0.04351703903273808, "error_max": 0.24430328827338135, "target": "68.xyz", "model": "23.xyz", "model_rescale": 4.410303926677745, "target_rescale": 4.116475731787598},
{"mapping": [0, 12, 7, 4, 10, 5, 3, 14, 6, 13, 11, 16], "R": [[0.2979823785302377, 0.6830550237871456, -0.6668150692392939], [0.7818433945043475, -0.5754135714125737, -0.24004193030415888], [-0.5476562868765241, -0.44981669190167806, -0.7055051630790872]], "T": [0.16189343412485602, -0.08788159282286281, -0.015224463715988165], "aligned_model": [[-0.20431040607667328, -0.18010942816531894, -0.49869918307295336, 0.6590657974456839, 0.4448936953730662, 0.45177995334340026, 0.2191499455875836, 0.16270720910365116, 0.16569859384635022, -0.29037570228331366, -0.062336680229746866, 0.14712501170100373], [0.04144803529511812, 0.5483220879361542, -0.14879746475449035, -0.18064539415361103, -0.6740000190835425, 0.3759887362754176, -0.5444745943422307, 0.10143406179172845, 0.6381414779181451, 0.35750383246512996, -0.48981517974656685, -0.1538767456515317], [-0.6629546589351745, -0.3680059166832666, -0.058091086312781356, -0.48223505385694254, -0.02787313189742014, -0.3256953273820366, -0.788202799436152, 0.6346285278927051, 0.21010665102649217, 0.2868865672358444, 0.4193923032522568, -0.11455604594669744]], "inverted": true, "swapped": false, "error_lsq": 0.04549128907319295, "error_max": 0.24396233015310229, "target": "68.xyz", "model": "24.xyz", "model_rescale": 4.28219845311461, "target_rescale": 4.116475731787598},
{"mapping": [1, 8, 5, 4, 7, 2, 3, 12, 14, 11, 9, 15], "R": [[0.7816566923005097, 0.52432713491129, -0.3377778426385367], [-0.5158580878983535, 0.8478844440905156, 0.12240262505016689], [0.3505755960298442, 0.07856860101233357, 0.9332329432694091]], "T": [0.1498383129557131, 0.06335758678615651, -0.11317740233145744], "aligned_model": [[-0.1513654969590918, -0.3927329997833849, -0.6764531649274201, 0.6284681082708319, 0.545793829114305, 0.6879574256710008, 0.036091819752682, 0.1922561115459814, 0.24179562011555097, -0.19466338832618008, -0.08387118822515524, 0.181312130323613], [-0.07069634057191353, 0.38783091207270787, -0.11934863479796827, -0.2121855510386524, -0.5953523028407272, 0.48293328019358006, -0.5740291238048695, 0.09385294585790582, 0.6953765713430256, 0.1724292260504256, -0.47936808653425594, 0.08978593802046242], [-0.6619790133890002, -0.40002141690886406, -0.20878865212091285, -0.5923830693054382, 0.008750922029810301, -0.16942757939882752, -0.5384364543289296, 0.6495090756336789, 0.30184124991714234, 0.29412963980098694, 0.2150030304422899, -0.174797703415109]], "inverted": false, "swapped": false, "error_lsq": 0.04453756905798928, "error_max": 0.24385309875144032, "target": "68.xyz", "model": "25.xyz", "model_rescale": 4.100010024507729, "target_rescale": 4.116475731787598},
{"mapping": [7, 3, 9, 6, 4, 2, 5, 0, 1, 8, 10, 11], "R": [[0.3342454729737105, 0.11800669211417351, -0.9350691869657834], [-0.5182701902017981, 0.8516729623407389, -0.07777644351564598], [0.7871950036330089, 0.5106149095296975, 0.34582718288359915]], "T": [0.12154846007612995, 0.0446867866861118, -0.09865343159740624], "aligned_model": [[-0.3263217194541339, -0.24248023305727961, -0.48210051788155206, 0.7289723020757601, 0.36986041651397367, 0.517264822432885, 0.2522826139779091, 0.37339028609599745, 0.3349020322762479, -0.3566057052968602, -0.24036925726958103, 0.08579376615936724], [0.03259315820654164, 0.7106219758581129, -0.5120897692840437, -0.16299195367732644, -0.7936302977752503, 0.5011182420855268, -0.46127791096175996, -0.054034250651972426, 0.586935866174854, 0.33803922939906356, -0.2391005952734474, -0.07495486015057783], [-0.6064154754063928, -0.38515833705240615, -0.16878673518111076, -0.19023921168602126, -0.06116718848799554, -0.5262468991220945, -0.638185150831052, 0.6089264772381426, 0.30083717252397024, 0.15068723384972382, 0.3524370806573981, -0.11328893754533453]], "inverted": true, "swapped": false, "error_lsq": 0.06343715511532907, "error_max": 0.34888716440739725, "target": "68.xyz", "model": "26.xyz", "model_rescale": 3.6694154284099745, "target_rescale": 4.116475731787598},
{"mapping": [7, 5, 1, 9, 12, 10, 3, 2, 4, 0, 6, 13], "R": [[0.13417472574626396, 0.22918719224446427, 0.9640904386425655], [-0.8097892157329806, 0.5861161021827473, -0.026633453487446335], [-0.5711729764733968, -0.7771365038866742, 0.26423528392952783]], "T": [0.17437982869041288, 0.06698045334532528, -0.1558688425428068], "aligned_model": [[-0.0759846476320887, -0.5005130587515826, -0.6684324504216624, 0.6794757259776474, 0.4797578400188195, 0.6861985008804429, 0.09296500793843383, 0.2572292731579241, 0.2709006151515032, -0.25962317587409633, -0.1274287799747457, 0.18004395610213803], [-0.05185856218703154, 0.4248797966943144, -0.17908087495046776, -0.14777382694257823, -0.6363698385916114, 0.36380897719765637, -0.6083762024186966, -0.014411963483037166, 0.8019209354444858, 0.33145557323790187, -0.47473606558565024, 0.06177088553443555], [-0.7209559527315843, -0.36179637890382543, -0.0622315711656006, -0.5603713383471975, 0.04852159360033326, -0.04712513413667599, -0.591869111821052, 0.5139377640516234, 0.19920410157109308, 0.26677479708747026, 0.1384867394618477, -0.09917547970960527]], "inverted": false, "swapped": false, "error_lsq": 0.05229342381200672, "error_max": 0.30234174475784886, "target": "68.xyz", "model": "27.xyz", "model_rescale": 4.103607728864725, "target_rescale": 4.116475731787598},
{"mapping": [7, 4, 1, 6, 9, 13, 5, 3, 12, 2, 0, 14], "R": [[0.37026935767897007, 0.6073342545618576, -0.7028838495795704], [-0.8777538831626801, 0.47641803440684105, -0.05073437774092171], [0.3040538165470703, 0.6357444138391742, 0.7094929999058806]], "T": [0.3074576739623205, 0.03604582462749866, -0.18082710548122233], "aligned_model": [[-0.034793346106086975, -0.3440865067192853, -0.5609293677240179, 0.6188934853167064, 0.5658727344154556, 0.337285238614988, 0.08582802723562089, 0.19187343178003402, 0.3348008940188242, -0.20446246957515746, -0.13776019936701933, 0.16206688468267047], [-0.17984759970447256, 0.6615218401996197, -0.18448224808214786, -0.3669366995052599, -0.7197564318640306, 0.6657529763686216, -0.6088939009767692, -0.018961331591983523, 0.6507230719962628, 0.34282207483996263, -0.3769589438622999, 0.006246026132217579], [-0.7777655563752266, -0.25750318844375036, -0.19232262865713073, -0.5574968328306547, -0.0016385688325105952, -0.3306661937949014, -0.4455410273122416, 0.5588656336277953, 0.41810348065446395, 0.24945978158161736, 0.19453917890568811, -0.13463404956632202]], "inverted": true, "swapped": false, "error_lsq": 0.04722977224834398, "error_max": 0.2745968430645499, "target": "68.xyz", "model": "28.xyz", "model_rescale": 4.137296879288765, "target_rescale": 4.116475731787598},
{"mapping": [0, 6, 4, 7, 8, 3, 5, 2, 9, 1, 11], "R": [[-0.46350294732689734, -0.2573267483048639, 0.8479079917220528], [-0.3177285939986193, -0.8450067484446587, -0.43013037051415703], [0.8271720246568667, -0.46877130851816295, 0.3099030524780765]], "T": [-0.1438801658501862, 0.0016378675731696735, 0.008368678206165051], "aligned_model": [[0.32026674422868545, 0.30651558247184274, -0.07653186745539156, -0.6395254397292398, -0.12386429745553101, 0.501690217310234, 0.44248008565109614, -0.38928341468709915, -0.39775764887261417, 0.2680874354784159, 0.009341613769499879], [-0.4094822768523381, -0.7598070103050232, -0.4011282647217016, 0.3662414871957677, 0.8120136124147466, -0.2380792557364548, 0.5277396056902016, -0.4612829174026347, 0.3259591490099568, 0.2207013586242758, -0.06372767126884421], [0.41806608442730747, -0.27597525017228575, -0.734957795366425, -0.379710533904707, -0.031019156080711038, -0.46085690220397557, -0.10423524230750218, 0.4319332505291138, 0.2907459866101966, 0.6433100374126094, 0.008453542839377739]], "inverted": true, "swapped": true, "error_lsq": 0.05919768022937884, "error_max": 0.31447323145331474, "target": "68.xyz", "model": "29.xyz", "model_rescale": 3.607286011436655, "target_rescale": 4.116475731787598},
