[{"mapping": [7, 10, 8, 9, 4, 3, 6, 5, 0, 1, 2, 11], "R": [[0.5926956083826697, 0.01368513978661573, 0.805310271108545], [-0.2805670318675196, 0.9407387937969675, 0.19050633184878013], [-0.7549795072933755, -0.33885577875321543, 0.561411350769295]], "T": [0.01803062983852358, -0.04029168194007038, 0.06052988794385371], "aligned_model": [[-0.34862667051927027, 0.05820282290022624, -0.3371003296923466, -0.4409951937198553, 0.6321437139077904, 0.1148811738414667, -0.6628764037633668, 0.3900279971686524, 0.5497850594966869, -0.07286132143289249, 0.22657873816655558, 0.06986119344973522], [0.2930738908448867, -0.42044462012982925, -0.016041589804723692, -0.4379570841768667, -0.33026654884132634, -0.7033342662288466, 0.19599748741596174, 0.3124503785678402, 0.27484220027815315, 0.6602140900289568, 0.5001167537229267, -0.0020085130973733073], [-0.7463363518023044, -0.5012808314761049, 0.5862650164119073, 0.037859519654736315, 0.4977119590356004, 0.21872918735102714, -0.01488580996757212, -0.5920628870529246, 0.03371092415899245, 0.006577351848624874, 0.6201875107486315, 0.03444833225390231]], "inverted": true, "swapped": false, "error_lsq": 0.04974454055717845, "error_max": 0.23501645122121742, "target": "680.xyz", "model": "0.xyz", "model_rescale": 3.751011558992144, "target_rescale": 3.732513067666413},
{"mapping": [10, 5, 7, 11, 3, 12, 6, 8, 2, 1, 0, 14], "R": [[0.6598952969479982, -0.5712852622478185, 0.48802801784769967], [0.3116663260396247, 0.7991379126906512, 0.5140454237841164], [-0.6836682662511664, -0.1871142582457862, 0.7053977290027617]], "T": [0.026276593989841925, 0.026787785529401913, -0.09953311387886854], "aligned_model": [[-0.42992561504437465, 0.42179149367825347, -0.2573827263805356, -0.6156524394314268, 0.44802400262111, -0.09204205089582412, -0.6794812208536921, 0.35856261856088556, 0.8490260399152314, -0.17348703042356803, 0.33784397515541476, 0.011743732901908067], [-0.08417130362178826, -0.15793205882042696, 0.05867836908911921, -0.445548769172393, -0.22186174559020777, -0.5538863755146183, 0.16817825079241577, 0.486957486262563, 0.08877255474473528, 0.6234750763965935, 0.38926542311253903, -0.02528472909877228], [-0.7718584615610008, -0.5462238236809206, 0.4989628380243004, -0.06008334746701394, 0.48673339846818975, 0.3485665636990719, 0.11410299821393532, -0.4434053234884815, -0.04494978672766947, 0.20004045090051198, 0.48956810640951265, -0.09052969162591985]], "inverted": true, "swapped": false, "error_lsq": 0.05152950972121693, "error_max": 0.31414047021934877, "target": "680.xyz", "model": "1.xyz", "model_rescale": 3.9405287249114394, "target_rescale": 3.732513067666413},
{"mapping": [5, 2, 3, 9, 4, 8, 11, 0, 1, 6, 7, 12], "R": [[0.4846943546285342, 0.5117170354748624, -0.7093779374889295], [0.16877311135198664, 0.7410562597999539, 0.6498855720016204], [0.8582464794427058, -0.43471978953818297, 0.2728217093782666]], "T": [0.009107654724878773, 0.03631238538956445, 0.06319475903208512], "aligned_model": [[-0.2364681935409807, 0.27762284081458716, -0.11922377494459781, -0.5747897294156044, 0.45453299478700376, -0.15481860339809567, -0.6356341127047345, 0.1378388270298286, 0.7713661853868126, -0.12230035247612343, 0.3220993580814922, 0.05879534018379384], [-0.03904060736122643, -0.23561356749715162, 0.07091663168916264, -0.5080359197785488, -0.3209553477640725, -0.6674898960719052, 0.23167917119724735, 0.5984502744232466, 0.15928394088033815, 0.5625401447335778, 0.4947646383553603, -0.019857284226269124], [-0.6165777835207542, -0.5008313915207696, 0.6191923029708297, -0.05139090562350472, 0.4701981437362081, 0.34333811629260036, -0.16865467782747695, -0.5453767382183432, -0.11306147867755013, 0.0974288696334178, 0.6295582276073922, 0.017101236312466676]], "inverted": false, "swapped": false, "error_lsq": 0.04864356212371707, "error_max": 0.32656666774412857, "target": "680.xyz", "model": "2.xyz", "model_rescale": 3.932901565614263, "target_rescale": 3.732513067666413},
{"mapping": [11, 3, 6, 1, 4, 2, 10, 8, 7, 12, 5, 13], "R": [[0.9989114121907026, 0.046647349617427405, 0.0001239711496479265], [-0.008291084190312709, 0.18016022342592194, -0.9836023341869777], [-0.04590477663735656, 0.9825305688215462, 0.18035086030591319]], "T": [0.08341294103074848, -0.006709238760833441, -0.087971817900077], "aligned_model": [[-0.4288294454714544, 0.24384633885965282, -0.2455043248262943, -0.4074239505443492, 0.5378744994190997, -0.06167222110097478, -0.5987332600678545, 0.3231838615815973, 0.774771307111651, -0.24409546073417404, 0.25229991424606424, 0.03330352133041826], [0.26486950095129586, -0.2361654763992396, 0.048680010135970245, -0.5609339109863788, -0.36190693777626004, -0.5806414156467443, 0.20095230930374144, 0.34292904492885845, 0.15948333407767187, 0.5865054652085968, 0.39409146418102975, 0.06877879060121773], [-0.7673549380718455, -0.5149336873347125, 0.5082141631574565, -0.11410186722142339, 0.5681727478010746, 0.4983318621519166, -0.019424884464649808, -0.6871793794083025, -0.02358093554546707, 0.26411392723508503, 0.48442286451245575, -0.01575595164707183]], "inverted": true, "swapped": false, "error_lsq": 0.044023332281949164, "error_max": 0.23245901645240047, "target": "680.xyz", "model": "3.xyz", "model_rescale": 3.9243930471874484, "target_rescale": 3.732513067666413},
{"mapping": [2, 5, 8, 1, 11, 9, 7, 3, 6, 4, 10, 12], "R": [[-0.37838727132042077, -0.5783648898098283, 0.72271510786613], [0.9230202609586909, -0.17697157273026778, 0.34163527380106085], [-0.0696898182121069, 0.796351126501772, 0.6008063020283015]], "T": [0.04602013590226444, 0.018591260727619387, 0.06552597193187222], "aligned_model": [[-0.43126264475803316, 0.3428846429313659, -0.31626743002846175, -0.3640982192551878, 0.6139628498022665, -0.06666642906862949, -0.7329698419718351, 0.2694219735119531, 0.7247964675734856, -0.28236323573085353, 0.3560579701838413, 0.06552467661347025], [0.4021563744975249, -0.45687474375620774, 0.1235752784622092, -0.48560842681947425, -0.3489217506973357, -0.4833011857682783, 0.11226843239486553, 0.4912025079220605, 0.04393031678096294, 0.5124067573489788, 0.4642155994499081, -0.04840698123545437], [-0.6246141885409348, -0.44381344615928336, 0.5695720457272353, -0.2306933890539416, 0.47602486541245054, 0.5483231363832574, -0.09975548738015073, -0.3583650498444841, -0.17970277544085456, 0.03948972850963156, 0.5154406411428516, -0.030982159591261424]], "inverted": false, "swapped": false, "error_lsq": 0.0497705075968303, "error_max": 0.25767520473294303, "target": "680.xyz", "model": "4.xyz", "model_rescale": 3.8936222436046832, "target_rescale": 3.732513067666413},
{"mapping": [3, 10, 1, 2, 5, 4, 0, 8, 7, 9, 6, 11], "R": [[-0.005079012845800895, -0.5618483473865586, -0.8272246600334793], [-0.6060827019913281, 0.6597089882745045, -0.4443509976771977], [0.7953854172509095, 0.49910969268170186, -0.34387723491934424]], "T": [0.057076005256446134, 0.07223209735173308, -0.052239554507684194], "aligned_model": [[-0.3129594976948168, 0.24449293197584226, -0.40364713127214696, -0.4297696379932966, 0.39283991344879243, 0.1518633182839951, -0.8133171552022992, 0.25471762334127934, 0.7048063361015097, -0.12930273194492176, 0.4336738334433509, 0.08562297731609357], [0.1442835083879304, -0.34603234042845415, 0.03842292324795679, -0.48593442365560147, -0.21385868202079245, -0.6839285307794617, 0.23044753375063853, 0.4890469814078943, 0.06453109087004572, 0.6589431604887537, 0.44897487792368984, -0.01825392061284059], [-0.48601870689342014, -0.48743738900659916, 0.6032754326396152, -0.1449213725705358, 0.6278968442832391, 0.17105636721975223, -0.04214347166522889, -0.6293582334298635, -0.06379984821367637, 0.0031593492098822493, 0.5400843275024305, 0.08913062208892064]], "inverted": true, "swapped": false, "error_lsq": 0.04910180757181235, "error_max": 0.276482669023369, "target": "680.xyz", "model": "5.xyz", "model_rescale": 3.6523030999806103, "target_rescale": 3.732513067666413},
{"mapping": [11, 3, 6, 4, 1, 2, 10, 7, 5, 9, 8, 12], "R": [[0.27488077795097715, 0.8024174229045002, -0.529685602345737], [0.525726638446574, 0.33582121076945454, 0.7815597328579582], [0.8050168069927057, -0.4933055785379265, -0.3295414187057991]], "T": [0.05797396379722673, 0.039509819112917385, 0.05931354655402445], "aligned_model": [[-0.36941846457680083, 0.31408302679477, -0.14562819438218028, -0.32890599126209596, 0.4446249956865844, -0.16140184592977025, -0.6992609294444622, 0.2875023863357125, 0.6965534096791128, -0.24564344764953028, 0.2460482072304882, 0.1404676273215539], [0.18891831341532317, -0.387667508879756, 0.0233553484281616, -0.3078287659046518, -0.4247055425345376, -0.662893720964012, 0.12496641631330725, 0.24490375031697986, 0.27610255905663295, 0.6855703625276444, 0.5358360214447695, 0.030084945359898137], [-0.6953928977935897, -0.4250090538349519, 0.6764923345350217, -0.18319709168316045, 0.4019211114775971, 0.24563358091195367, 0.22654251569266282, -0.5505619292348608, 0.0713009019693425, -0.05507664922201271, 0.47403210473817237, -0.005761006391658725]], "inverted": true, "swapped": false, "error_lsq": 0.04965428206477072, "error_max": 0.26959043841252467, "target": "680.xyz", "model": "6.xyz", "model_rescale": 4.08911054899281, "target_rescale": 3.732513067666413},
{"mapping": [5, 6, 11, 8, 1, 9, 10, 7, 2, 12, 13, 14], "R": [[0.7484876426007255, -0.4614771433614067, -0.47624058523923013], [0.630797472786219, 0.7170220975314175, 0.2966038772136427], [0.20459911339135334, -0.5224156944490107, 0.8277807952548972]], "T": [0.004679779535490709, -0.05220943061419556, -0.06221357452313431], "aligned_model": [[-0.3491737185503528, 0.33970235229326784, -0.2435277780332326, -0.50088578135653, 0.4714168939067944, -0.05274493296861404, -0.6938949981283232, 0.38257114956946237, 0.8015958516321919, -0.2720927493641815, 0.30020788032382484, -0.0041533895209254], [0.35071985489233515, -0.1996299535810885, 0.04689674795098127, -0.5094809948429273, -0.23725224184005453, -0.6876052767327723, 0.09920820833187646, 0.45937462433059184, 0.06999093541856127, 0.579765427374554, 0.507337943238089, -0.15268309596038734], [-0.6034500499725786, -0.40158067900499644, 0.4603780793454793, -0.08354790068378752, 0.4724467690010276, 0.3933430400011961, 0.029114828123211978, -0.5035397936825532, -0.07367602917648713, 0.11669048951057312, 0.30584131324644165, 0.06890385445698927]], "inverted": false, "swapped": false, "error_lsq": 0.050456042618966836, "error_max": 0.34077992809381585, "target": "680.xyz", "model": "7.xyz", "model_rescale": 3.964800864290218, "target_rescale": 3.732513067666413},
{"mapping": [12, 6, 1, 2, 3, 0, 7, 9, 10, 8, 5, 13], "R": [[0.9036183052685107, -0.11396689715731549, -0.4128989037718537], [-0.28821236254133353, 0.5513320477526966, -0.7829218397765905], [0.3168715709274146, 0.8264650745634399, 0.46534706194929426]], "T": [0.02468091215124277, -0.08326006311241664, -0.06256381492910179], "aligned_model": [[-0.3400205315408446, 0.35583924389194616, -0.4523122083482001, -0.48874100714486557, 0.5107781415350234, -0.04933665154429878, -0.6304815892176909, 0.16730585029487555, 0.7061396201008105, -0.07179444809211669, 0.43138652302045366, 0.04025783684828918], [0.23695781914220237, -0.5152700749366906, 0.030622620029452582, -0.5008994141082777, -0.4163763870969567, -0.6309806779790813, 0.1951681488740633, 0.47748817529903353, 0.3750927887514559, 0.6676458265722217, 0.4145516736374564, -0.0073583196051202615], [-0.6414664856275911, -0.2630814754501727, 0.5054398722499581, -0.08673059047215406, 0.3601721475614886, 0.39315857955837835, -0.05292055138782393, -0.43549312046380295, -0.08826800826778314, 0.07119130127254655, 0.472080687343163, -0.05315843515169111]], "inverted": true, "swapped": false, "error_lsq": 0.0469348658115436, "error_max": 0.24659500745083215, "target": "680.xyz", "model": "8.xyz", "model_rescale": 4.121658175737393, "target_rescale": 3.732513067666413},
{"mapping": [3, 7, 1, 8, 9, 6, 2, 10, 5, 0, 4, 12], "R": [[-0.5551347562713362, -0.1180418234490685, 0.8233416850229214], [-0.7539492154016707, 0.4894521568812571, -0.4381748129679417], [-0.3512634096725271, -0.8640038854317176, -0.360709443990764]], "T": [0.023295728880138103, -0.03476506129749987, -0.08273587564328745], "aligned_model": [[-0.4396056492075043, 0.42969866097801773, -0.30671136100574875, -0.3919898943914088, 0.5641551817965761, -0.11470142065672796, -0.6570589418987811, 0.24078976055639284, 0.5641335060677695, -0.03118879524051192, 0.3358041880576013, -0.014304455252292805], [0.3229259737366458, -0.5143043393636578, 0.22015023306077244, -0.6275842211676571, -0.41434452047508485, -0.5048912445332027, 0.09889841992237605, 0.4413425092136132, 0.26215123237315097, 0.7229816396091958, 0.3221345805795799, -0.0028180843759726404], [-0.6123238561439643, -0.32786777460227545, 0.46594001141647245, -0.16432406426212798, 0.4238016880144644, 0.40728474499415407, -0.04276030064581875, -0.6327347466262913, -0.1151876798366211, 0.12141019220677672, 0.6676567058027614, -0.009970999153014207]], "inverted": false, "swapped": false, "error_lsq": 0.045939007162857065, "error_max": 0.22581453498602408, "target": "680.xyz", "model": "9.xyz", "model_rescale": 3.833441315466971, "target_rescale": 3.732513067666413},
{"mapping": [3, 11, 13, 9, 10, 8, 2, 6, 12, 5, 0, 14], "R": [[-0.8246318012606118, 0.2595752488329908, 0.5025963415535073], [0.544664542423842, 0.6042312686720127, 0.5815884371144572], [-0.15271846180441256, 0.7533427268861769, -0.6396497535931623]], "T": [0.12200972967981819, 0.10598651871812792, -0.08084859120705289], "aligned_model": [[-0.5515429505865653, 0.45776535546035413, -0.28870955959397604, -0.4961031327476668, 0.4568866119901298, -0.06805140162079573, -0.5755637943938263, 0.4076480873905899, 0.7195496580225147, -0.23227178746006186, 0.3060051311053623, 0.04340856223732334], [0.08101421035916766, -0.46411367324090136, 0.2564844898837289, -0.4093208886843053, -0.3733845198701711, -0.6026199007809357, 0.08777740607472462, 0.532541820555927, 0.14877335027279665, 0.6336974076963452, 0.36846213344900497, 0.067330342864378], [-0.6285939886946338, -0.24695401534657113, 0.5857446637154087, -0.18236160372563703, 0.49691868423936014, 0.18242516553711596, 0.09151689737999312, -0.525473007004558, -0.14515549902021269, 0.15032455977267284, 0.5200467454611287, -0.11751468114955115]], "inverted": true, "swapped": false, "error_lsq": 0.0466475148539336, "error_max": 0.2800539450284875, "target": "680.xyz", "model": "10.xyz", "model_rescale": 4.2482417240324, "target_rescale": 3.732513067666413},
{"mapping": [1, 8, 5, 3, 9, 7, 2, 0, 10, 6, 4, 11], "R": [[-0.6377639075405022, 0.2622818682039517, -0.7241998480047582], [-0.7445025570211997, 0.031070674133073073, 0.6668962106638571], [0.19741616151562952, 0.964490971870842, 0.17545376699311316]], "T": [-0.03243129451896133, 0.042014026444961196, -0.030078056517350953], "aligned_model": [[-0.22182153874728272, 0.17945427318514473, -0.12211711663991545, -0.4358539234526587, 0.5627338411806957, -0.11745935758268457, -0.7713216740117698, 0.3408467964511683, 0.598910685603363, -0.2629992665518556, 0.37942543218528413, 0.04922262818389285], [0.16757430032880585, -0.39446259778902115, 0.1547555507531258, -0.6115680956798558, -0.30554767950209144, -0.5151470346726555, 0.07608388497350485, 0.5366661953956615, -0.01694247752505853, 0.613485253636234, 0.5726389856086765, 0.04910589305243339], [-0.6990418124649751, -0.40617710151857106, 0.7071003291727682, -0.2911378553274902, 0.4219067042276206, 0.3452858031725165, -0.055327575671109665, -0.4657639232698951, -0.1438049104672787, 0.17176640069689997, 0.5308593460626657, 0.06525851655136458]], "inverted": false, "swapped": false, "error_lsq": 0.054696717851620454, "error_max": 0.3352116536338386, "target": "680.xyz", "model": "11.xyz", "model_rescale": 3.6694154284099745, "target_rescale": 3.732513067666413},
{"mapping": [7, 12, 8, 10, 1, 2, 9, 5, 0, 6, 4, 13], "R": [[0.12172545645664218, 0.31136713532015625, 0.9424613627586765], [-0.5232316495878989, 0.8270060603050522, -0.20564439474063662], [-0.8434521646898231, -0.46809345569152766, 0.2635848300240657]], "T": [-0.010170318955706201, 0.08428771478950595, 0.03482324441710759], "aligned_model": [[-0.4366393820887515, 0.26042180689077093, -0.47725316778720955, -0.3845632770165845, 0.5854164169149911, -0.022414045652220556, -0.8118391583358107, 0.26991332221252534, 0.6767390250406234, 0.08633802684520984, 0.32475651391387644, 0.10814469886596174], [0.20803425187144647, -0.4070907162871602, -0.11882982240615325, -0.36010375598164335, -0.35610436262208456, -0.4981625980375938, 0.12610854155796658, 0.33029875215647786, 0.2758234119989055, 0.6265639855920636, 0.4041635029111037, 0.09594098782643071], [-0.5609755901069242, -0.34870724872392966, 0.5944434099956069, -0.22183785697677827, 0.44446302801918125, 0.3296372495737686, 0.051082312823611045, -0.6762340781105867, -0.01216073424051263, -0.0935411539529701, 0.6120425671600573, 0.0627120157039924]], "inverted": true, "swapped": false, "error_lsq": 0.05146131111257753, "error_max": 0.358877625615005, "target": "680.xyz", "model": "12.xyz", "model_rescale": 3.9764082729961374, "target_rescale": 3.732513067666413},
{"mapping": [10, 3, 9, 2, 4, 7, 1, 13, 6, 12, 5, 15], "R": [[0.5241376692486066, 0.8170964389067882, 0.24006897592251167], [0.7521015885733234, -0.5763537528949776, 0.31962407917639485], [0.3995283521104872, 0.013029238263244258, -0.9166282424244618]], "T": [0.0419521484804767, 0.04057173732114235, -0.03826585002830568], "aligned_model": [[-0.4858832935976324, 0.2830638450181376, -0.2463459124990813, -0.5677725155466221, 0.4854420325845143, 0.05487698236194643, -0.5858018091437841, 0.28591102018973946, 0.7678196028705264, -0.23268173425645042, 0.30209740937205243, 0.11829515245003544], [0.24654367450611117, -0.6087758005006618, 0.24723454961415575, -0.4558922155584007, -0.2780423319918676, -0.6772606029524117, 0.1301777739507403, 0.5002779724506451, 0.27506308475278346, 0.6149085526091731, 0.36771138988691965, -0.03530386818742704], [-0.6084519653772711, -0.5164461217157759, 0.4471966475636214, 0.09596861452673894, 0.4282805242073318, 0.1974954250987152, -0.07317007824793996, -0.36018943177450297, 0.004031340614027656, -0.08216332154900087, 0.6884583045100683, -0.04008601669149693]], "inverted": false, "swapped": false, "error_lsq": 0.04480887997860441, "error_max": 0.21859706359045622, "target": "680.xyz", "model": "13.xyz", "model_rescale": 4.170626492500431, "target_rescale": 3.732513067666413},
{"mapping": [7, 12, 3, 9, 6, 11, 1, 8, 4, 0, 2, 13], "R": [[0.055046250886707004, 0.9552667460190298, -0.2905776216667979], [0.4678155296162062, -0.2817748524055302, -0.8377061315292798], [-0.8821102768436762, -0.08982414208917705, -0.46239926793272185]], "T": [0.04996038198415079, 0.033800818403310444, 0.01481583554683058], "aligned_model": [[-0.37737901876307023, 0.5028307125803658, -0.24247666085270028, -0.5970741754034751, 0.46742415602331844, -0.020441276985748436, -0.6917300296779157, 0.28664338866867534, 0.6873886517453834, -0.1711561514119821, 0.25254717085574147, 0.08244401302478907], [0.3717150088334721, -0.3259102834414798, -0.09979091829558251, -0.4432681144772343, -0.33457055021209964, -0.6439725336674923, 0.2272356099928408, 0.2521790187695711, 0.31496224918886384, 0.5877219202040024, 0.47556196577253523, -0.05522119408763745], [-0.5857046381788726, -0.43376248321306543, 0.6248219242807833, -0.08547351229378661, 0.64530437563259, 0.20276939568374192, 0.07219862518462741, -0.6543989347298651, -0.11821266268134042, 0.0030984055100438113, 0.4583672405565185, 0.05191618541314061]], "inverted": false, "swapped": false, "error_lsq": 0.04898087112404, "error_max": 0.24748263811059615, "target": "680.xyz", "model": "14.xyz", "model_rescale": 3.9786697098870705, "target_rescale": 3.732513067666413},
{"mapping": [2, 4, 9, 0, 1, 1, 3, 5, 7, 8, 6, 11], "R": [[0.5377271029110677, -0.7158076224778791, -0.445498608749159], [-0.634315455498744, 0.004622421940511157, -0.7730604996575785], [0.5554218808350018, 0.6982822357886316, -0.4515622365430252]], "T": [0.0917847747752774, 0.04154545928141112, 0.0158195556849614], "aligned_model": [[-0.4520957940967862, 0.21607531601146274, -0.28009318936485084, -0.43627593461945163, 0.32333990813922125, 0.32333990813922125, -0.7772122001425841, 0.31554098085912546, 0.621427998680651, -0.07712359585905228, 0.3153636513184304, 0.0867337307379947], [0.0021140622311921486, -0.30725857489037434, 0.28854646362248393, -0.4098212486792117, -0.5117479611637419, -0.5117479611637419, 0.34136855785488307, 0.4127731673359988, 0.42299767597211185, 0.469116868549645, 0.08153362133784564, 0.04876750757266853], [-0.659818297012104, -0.47183025431792536, 0.44953784177711975, 0.0508276721305621, 0.33349974486466366, 0.33349974486466366, 0.025799507992732805, -0.6600374830010672, 0.11997457065577039, -0.23092074975382773, 0.7746140757382929, 0.11577754722563505]], "inverted": true, "swapped": false, "error_lsq": 0.07185512730477027, "error_max": 0.3931527250845765, "target": "680.xyz", "model": "15.xyz", "model_rescale": 3.769337070930944, "target_rescale": 3.732513067666413},
{"mapping": [9, 10, 0, 7, 6, 2, 3, 4, 1, 8, 11], "R": [[-0.5160071844361984, -0.8074997981961691, 0.28579828817432357], [-0.30064437382087733, -0.14169247761410475, -0.9431522688714846], [0.8020907343312726, -0.5725969941422352, -0.16965593475972884]], "T": [0.0742462716110523, 0.061238864184913956, 0.00433406391828001], "aligned_model": [[-0.29676048994468995, -0.2807539142301819, -0.03299812666027932, -0.621016482346531, 0.34842879810441324, 0.23968822132434844, 0.7081739147495956, 0.2887045701882145, 0.11520858782982421, -0.5417240539881327, -0.00432489433541057], [-0.015589285832083667, -0.707420354229713, 0.7741181578604414, 0.4251243815272027, 0.26692723287988185, -0.3592200137649364, 0.3503931742916279, -0.5050815547445034, 0.4645815962284237, -0.15896992679000901, 0.061201090199010176], [-0.4665108943544022, -0.09090998220572741, -0.36901586160185523, 0.11580021478076298, -0.6855409788518051, -0.32067846354591306, -0.06535203410233184, 0.5024938151008319, 0.541327055575668, 0.4688849190128979, 0.11371981741565125]], "inverted": false, "swapped": true, "error_lsq": 0.04885483721557109, "error_max": 0.3100036513522665, "target": "680.xyz", "model": "16.xyz", "model_rescale": 3.7852294659196426, "target_rescale": 3.732513067666413},
{"mapping": [1, 7, 8, 2, 11, 11, 3, 4, 10, 0, 9, 12], "R": [[0.21641777182468336, -0.9762791937518822, -0.006502606063264305], [0.2862282378325205, 0.05707936474607045, 0.9564597963257395], [-0.9334006341896974, -0.20885612743551427, 0.29179166219566804]], "T": [0.005834997577710064, 0.050504533536461685, -0.09424690582794876], "aligned_model": [[-0.38217803557574115, 0.19312933697572018, -0.19846922431227892, -0.3869885675524445, 0.23536972676818924, 0.23536972676818924, -0.7470794932960049, 0.15754180141020885, 0.7688971285736068, -0.10978107602891297, 0.3370718691304789, 0.07613758694237129], [-0.04661348685886178, -0.5708141897715596, 0.04013315073491662, -0.41820738052343365, -0.4848579582761139, -0.4848579582761139, 0.3064545112424075, 0.5852291135971782, 0.28997989042806666, 0.7007342927197029, 0.35301327816177885, 0.05644891540179166], [-0.6548431334861644, -0.35940889343698534, 0.5241042327569005, -0.08498357343547824, 0.35143558753358856, 0.35143558753358856, -0.10448162650104155, -0.5333839621548002, 0.00395091981386049, 0.07774536008832267, 0.6446931322407641, -0.03533970978803897]], "inverted": true, "swapped": false, "error_lsq": 0.05600298629255879, "error_max": 0.3149840418033531, "target": "680.xyz", "model": "17.xyz", "model_rescale": 3.901054581598922, "target_rescale": 3.732513067666413},
{"mapping": [10, 5, 7, 11, 3, 12, 6, 8, 2, 1, 0, 14], "R": [[0.6598952969479982, -0.5712852622478185, 0.48802801784769967], [0.3116663260396247, 0.7991379126906512, 0.5140454237841164], [-0.6836682662511664, -0.1871142582457862, 0.7053977290027617]], "T": [0.026276593989841925, 0.026787785529401913, -0.09953311387886854], "aligned_model": [[-0.42992561504437465, 0.42179149367825347, -0.2573827263805356, -0.6156524394314268, 0.44802400262111, -0.09204205089582412, -0.6794812208536921, 0.35856261856088556, 0.8490260399152314, -0.17348703042356803, 0.33784397515541476, 0.011743732901908067], [-0.08417130362178826, -0.15793205882042696, 0.05867836908911921, -0.445548769172393, -0.22186174559020777, -0.5538863755146183, 0.16817825079241577, 0.486957486262563, 0.08877255474473528, 0.6234750763965935, 0.38926542311253903, -0.02528472909877228], [-0.7718584615610008, -0.5462238236809206, 0.4989628380243004, -0.06008334746701394, 0.48673339846818975, 0.3485665636990719, 0.11410299821393532, -0.4434053234884815, -0.04494978672766947, 0.20004045090051198, 0.48956810640951265, -0.09052969162591985]], "inverted": true, "swapped": false, "error_lsq": 0.05152950972121693, "error_max": 0.31414047021934877, "target": "680.xyz", "model": "18.xyz", "model_rescale": 3.9405287249114394, "target_rescale": 3.732513067666413},
{"mapping": [14, 11, 1, 10, 6, 2, 3, 13, 7, 12, 0, 15], "R": [[0.32983664909083726, -0.8019072589948477, 0.498149107083309], [0.9012078456797568, 0.11032784816709025, -0.41910879828998004], [0.28112666860648355, 0.5871733252542979, 0.7590752810545411]], "T": [0.157822462724124, 0.12325258789870153, 0.012997837965979414], "aligned_model": [[-0.3526360750970423, 0.19111840979883482, -0.21130869597027993, -0.3510953969470699, 0.28172334432033863, -0.07736726237037406, -0.6881006872452871, 0.2590189239978269, 0.8164153900529207, -0.17017006732353382, 0.3393972091787182, 0.14202568740832963], [0.14457310917448163, -0.3287398094831764, 0.09638878751324763, -0.42593340497467846, -0.2715331037632311, -0.6588100136162558, 0.1300277344154584, 0.3082851852196805, 0.3391919609547104, 0.5613104048929181, 0.3449970771276344, 0.08688425111897025], [-0.5689957003264928, -0.5471873586584911, 0.5593859307070417, -0.2263792584444685, 0.6351523885327257, 0.31030098886532326, 0.11197620231632954, -0.6248517207281528, -0.1104974744066234, -0.012795793274902273, 0.6379252344709658, 0.0168904821112609]], "inverted": true, "swapped": false, "error_lsq": 0.0407264366019257, "error_max": 0.24144892568975201, "target": "680.xyz", "model": "19.xyz", "model_rescale": 4.410303926677745, "target_rescale": 3.732513067666413},
{"mapping": [12, 6, 1, 2, 3, 0, 7, 9, 10, 8, 5, 13], "R": [[0.9036183052685107, -0.11396689715731549, -0.4128989037718537], [-0.28821236254133353, 0.5513320477526966, -0.7829218397765905], [0.3168715709274146, 0.8264650745634399, 0.46534706194929426]], "T": [0.02468091215124277, -0.08326006311241664, -0.06256381492910179], "aligned_model": [[-0.3400205315408446, 0.35583924389194616, -0.4523122083482001, -0.48874100714486557, 0.5107781415350234, -0.04933665154429878, -0.6304815892176909, 0.16730585029487555, 0.7061396201008105, -0.07179444809211669, 0.43138652302045366, 0.04025783684828918], [0.23695781914220237, -0.5152700749366906, 0.030622620029452582, -0.5008994141082777, -0.4163763870969567, -0.6309806779790813, 0.1951681488740633, 0.47748817529903353, 0.3750927887514559, 0.6676458265722217, 0.4145516736374564, -0.0073583196051202615], [-0.6414664856275911, -0.2630814754501727, 0.5054398722499581, -0.08673059047215406, 0.3601721475614886, 0.39315857955837835, -0.05292055138782393, -0.43549312046380295, -0.08826800826778314, 0.07119130127254655, 0.472080687343163, -0.05315843515169111]], "inverted": true, "swapped": false, "error_lsq": 0.0469348658115436, "error_max": 0.24659500745083215, "target": "680.xyz", "model": "20.xyz", "model_rescale": 4.121658175737393, "target_rescale": 3.732513067666413},
{"mapping": [11, 3, 6, 4, 1, 2, 10, 7, 5, 9, 8, 12], "R": [[0.27488077795097715, 0.8024174229045002, -0.529685602345737], [0.525726638446574, 0.33582121076945454, 0.7815597328579582], [0.8050168069927057, -0.4933055785379265, -0.3295414187057991]], "T": [0.05797396379722673, 0.039509819112917385, 0.05931354655402445], "aligned_model": [[-0.36941846457680083, 0.31408302679477, -0.14562819438218028, -0.32890599126209596, 0.4446249956865844, -0.16140184592977025, -0.6992609294444622, 0.2875023863357125, 0.6965534096791128, -0.24564344764953028, 0.2460482072304882, 0.1404676273215539], [0.18891831341532317, -0.387667508879756, 0.0233553484281616, -0.3078287659046518, -0.4247055425345376, -0.662893720964012, 0.12496641631330725, 0.24490375031697986, 0.27610255905663295, 0.6855703625276444, 0.5358360214447695, 0.030084945359898137], [-0.6953928977935897, -0.4250090538349519, 0.6764923345350217, -0.18319709168316045, 0.4019211114775971, 0.24563358091195367, 0.22654251569266282, -0.5505619292348608, 0.0713009019693425, -0.05507664922201271, 0.47403210473817237, -0.005761006391658725]], "inverted": true, "swapped": false, "error_lsq": 0.04965428206477072, "error_max": 0.26959043841252467, "target": "680.xyz", "model": "21.xyz", "model_rescale": 4.08911054899281, "target_rescale": 3.732513067666413},
{"mapping": [1, 4, 5, 15, 12, 14, 11, 0, 7, 8, 10, 16], "R": [[0.7311718638195648, -0.2797310783296637, -0.6222043308874887], [-0.5589982682949788, 0.27712621796499826, -0.781487041069544], [0.39103534571933385, 0.9192124798613974, 0.046257704928165694]], "T": [0.03775150054049992, -0.03098395026230313, 0.0008488380307570386], "aligned_model": [[-0.44158401656999624, 0.3515799831975923, -0.2250874781401394, -0.5450236476341234, 0.5059690217850289, 0.02982692025864376, -0.70370950587161, 0.41154330445499365, 0.6891187356578706, -0.3338701938953327, 0.3643208556582237, 0.07593680090223076], [0.18840105661827816, -0.3005620021976161, 0.32101399691336996, -0.46335850997834876, -0.34801288130491553, -0.6244793398455989, 0.1437165080529295, 0.3123744644608661, 0.23594712699097445, 0.5497276771596606, 0.34274286643375723, -0.030868784723597085], [-0.5925364179863266, -0.5605169457997751, 0.5528834116023752, -0.06938210012740013, 0.4754376239451448, 0.2448222167379267, 0.07573779645078223, -0.5843554720562544, 0.10216375806423636, -0.07286235556728529, 0.6371004643510048, -0.027568058449912322]], "inverted": false, "swapped": false, "error_lsq": 0.039117964773289556, "error_max": 0.21584117853931037, "target": "680.xyz", "model": "22.xyz", "model_rescale": 4.204369325754507, "target_rescale": 3.732513067666413},
{"mapping": [14, 11, 1, 10, 6, 2, 3, 13, 7, 12, 0, 15], "R": [[0.32983664909083726, -0.8019072589948477, 0.498149107083309], [0.9012078456797568, 0.11032784816709025, -0.41910879828998004], [0.28112666860648355, 0.5871733252542979, 0.7590752810545411]], "T": [0.157822462724124, 0.12325258789870153, 0.012997837965979414], "aligned_model": [[-0.3526360750970423, 0.19111840979883482, -0.21130869597027993, -0.3510953969470699, 0.28172334432033863, -0.07736726237037406, -0.6881006872452871, 0.2590189239978269, 0.8164153900529207, -0.17017006732353382, 0.3393972091787182, 0.14202568740832963], [0.14457310917448163, -0.3287398094831764, 0.09638878751324763, -0.42593340497467846, -0.2715331037632311, -0.6588100136162558, 0.1300277344154584, 0.3082851852196805, 0.3391919609547104, 0.5613104048929181, 0.3449970771276344, 0.08688425111897025], [-0.5689957003264928, -0.5471873586584911, 0.5593859307070417, -0.2263792584444685, 0.6351523885327257, 0.31030098886532326, 0.11197620231632954, -0.6248517207281528, -0.1104974744066234, -0.012795793274902273, 0.6379252344709658, 0.0168904821112609]], "inverted": true, "swapped": false, "error_lsq": 0.0407264366019257, "error_max": 0.24144892568975201, "target": "680.xyz", "model": "23.xyz", "model_rescale": 4.410303926677745, "target_rescale": 3.732513067666413},
{"mapping": [1, 11, 4, 10, 15, 8, 3, 7, 13, 0, 5, 16], "R": [[-0.0734364883746701, 0.8494787838934139, 0.5224872035659476], [-0.5597464967491346, 0.39849328975552323, -0.7265582959383867], [-0.8254035022655699, -0.3458162716454905, 0.446228825506538]], "T": [0.18091545356438252, 0.0035470217535022754, 0.01692781205413066], "aligned_model": [[-0.36303537755475457, 0.26683985714027136, -0.31758754054229676, -0.2811474458673364, 0.5469448109827282, -0.18849027390794063, -0.6869785236925631, 0.24824015301112015, 0.7896615878872151, -0.115553780334516, 0.21101188853912617, 0.06911542414232888], [0.14186894620585663, -0.3402551785645353, -0.03657734491047743, -0.44397471237573827, -0.3572969316455593, -0.5643915467452444, 0.23950917360502905, 0.3906434143087625, 0.2963776484954858, 0.697737508189885, 0.2596857512249869, 0.0433154507913084], [-0.6321637747893091, -0.5076086790857773, 0.4899702763822724, -0.0831027868960182, 0.5120321865429834, 0.4824295394157939, 0.03517313388683055, -0.5193134250746531, -0.17766147803667073, -0.007390349446820571, 0.5905907699784482, -0.0020314917125635323]], "inverted": false, "swapped": false, "error_lsq": 0.04346020966207583, "error_max": 0.23402178453298733, "target": "680.xyz", "model": "24.xyz", "model_rescale": 4.28219845311461, "target_rescale": 3.732513067666413},
{"mapping": [14, 11, 0, 8, 3, 1, 6, 13, 7, 2, 4, 15], "R": [[-0.7329884719343359, 0.6728683928442758, -0.09988005768184655], [-0.677488302369565, -0.7089140047641901, 0.19608807715310803], [0.06113509764261999, 0.2113978707564472, 0.97548625827116]], "T": [0.1080781109054719, -0.04980404414495941, -0.10799269573667047], "aligned_model": [[-0.3432172552104842, 0.0628234818405152, -0.3473464647610297, -0.3821813998250171, 0.5572936393594464, 0.014295488278233945, -0.7802196566079973, 0.3801263438956852, 0.8349576434453159, -0.2012313992884762, 0.31284357956791176, 0.07087677910927775], [0.22874500413931498, -0.31339550266747795, 0.2316039214350437, -0.5325098975743011, -0.35178439426135705, -0.432213132382259, 0.0334180016955692, 0.4282385288949554, 0.1968069496882458, 0.5601170902512745, 0.29774534144123466, -0.020129732080483964], [-0.6546987823287435, -0.5822801958784718, 0.5075982275418629, -0.015328095526144406, 0.44613600952882915, 0.39682955790647634, 0.019279855419207348, -0.3324509640746512, 0.01997280213475583, -0.0747682904250542, 0.5018672065751821, -0.051233409708732885]], "inverted": true, "swapped": false, "error_lsq": 0.04752344948231482, "error_max": 0.2701018052518247, "target": "680.xyz", "model": "25.xyz", "model_rescale": 4.100010024507729, "target_rescale": 3.732513067666413},
{"mapping": [1, 8, 5, 3, 9, 7, 2, 0, 10, 6, 4, 11], "R": [[-0.6377639075405022, 0.2622818682039517, -0.7241998480047582], [-0.7445025570211997, 0.031070674133073073, 0.6668962106638571], [0.19741616151562952, 0.964490971870842, 0.17545376699311316]], "T": [-0.03243129451896133, 0.042014026444961196, -0.030078056517350953], "aligned_model": [[-0.22182153874728272, 0.17945427318514473, -0.12211711663991545, -0.4358539234526587, 0.5627338411806957, -0.11745935758268457, -0.7713216740117698, 0.3408467964511683, 0.598910685603363, -0.2629992665518556, 0.37942543218528413, 0.04922262818389285], [0.16757430032880585, -0.39446259778902115, 0.1547555507531258, -0.6115680956798558, -0.30554767950209144, -0.5151470346726555, 0.07608388497350485, 0.5366661953956615, -0.01694247752505853, 0.613485253636234, 0.5726389856086765, 0.04910589305243339], [-0.6990418124649751, -0.40617710151857106, 0.7071003291727682, -0.2911378553274902, 0.4219067042276206, 0.3452858031725165, -0.055327575671109665, -0.4657639232698951, -0.1438049104672787, 0.17176640069689997, 0.5308593460626657, 0.06525851655136458]], "inverted": false, "swapped": false, "error_lsq": 0.054696717851620454, "error_max": 0.3352116536338386, "target": "680.xyz", "model": "26.xyz", "model_rescale": 3.6694154284099745, "target_rescale": 3.732513067666413},
{"mapping": [4, 8, 6, 5, 3, 7, 0, 10, 9, 2, 12, 13], "R": [[0.6910444091188777, 0.4099431348198252, 0.5953186128785459], [-0.2692501594204803, -0.6183456682757615, 0.7383447610545142], [0.6707920514418662, -0.6705186505524634, -0.31692706256127184]], "T": [0.01937480961180931, 0.01833310905642297, -0.0025293247510332125], "aligned_model": [[-0.35096308756756983, 0.19276478573440303, -0.19226898919862495, -0.49942801305169077, 0.4262254010008989, 0.18295546633738405, -0.6343645878314003, 0.24872085550893547, 0.7004368771887985, -0.26272881179758717, 0.3737622743749652, -0.006091390895130333], [0.24381225954648658, -0.2769369436431271, 0.1901858825952644, -0.5715664270897314, -0.27597751477474447, -0.5645596448198006, 0.09374425588820026, 0.3331375564121153, -0.012225369162536769, 0.6314799796224053, 0.4663129813738144, 0.06923516263141366], [-0.7007696592319058, -0.5420742298229471, 0.62744207019995, -0.09655415217489399, 0.6304675735983976, 0.1695344161773376, -0.06474911498892336, -0.46099335938086894, -0.011704017500692323, 0.07869941465891402, 0.5483394183944514, 0.0032855612356970853]], "inverted": false, "swapped": false, "error_lsq": 0.05020757316373836, "error_max": 0.2839201734349454, "target": "680.xyz", "model": "27.xyz", "model_rescale": 4.103607728864725, "target_rescale": 3.732513067666413},
{"mapping": [2, 8, 10, 13, 6, 11, 12, 1, 5, 3, 9, 14], "R": [[-0.4062733356621643, 0.8936611370955809, 0.19055641887633243], [-0.5942134067988796, -0.09996576226391485, -0.7980709702498044], [-0.6941558930891591, -0.43746613402642753, 0.5716388524842971]], "T": [-0.0027041523710993, -0.012725915511113354, 0.07665321684698892], "aligned_model": [[-0.35696288911142005, 0.21441037050628053, -0.1653679741305561, -0.41010542888132906, 0.4466065226899973, 0.09478389271569271, -0.8319937831649972, 0.39873741663922213, 0.7063871756382962, -0.35921641678261756, 0.4106367418406819, 0.0311051518441312], [0.32163354493678964, -0.5565716541086656, 0.06344129889153408, -0.466466291862117, -0.19795955785417096, -0.6647311219250255, 0.14880316600525678, 0.3347444059304132, 0.16662233288240236, 0.6474457186826938, 0.44889756237377315, 0.08078277462687564], [-0.4747315896939791, -0.4972571188080075, 0.5536378212594387, -0.14247323915590013, 0.48294827942138896, 0.27016426390527704, -0.07658085641002094, -0.6451292119102666, 0.08946355337335113, 0.05209163512148032, 0.6116083513121684, -0.04281796725041431]], "inverted": false, "swapped": false, "error_lsq": 0.045623372121324064, "error_max": 0.22901853914894188, "target": "680.xyz", "model": "28.xyz", "model_rescale": 4.137296879288765, "target_rescale": 3.732513067666413},
{"mapping": [8, 7, 0, 3, 2, 9, 10, 1, 5, 4, 11], "R": [[0.46896499746292153, 0.8255785088945649, 0.3138342823944339], [-0.4020536168876565, -0.11683176512160914, 0.9081317238188099], [0.7863998475979989, -0.5520601998967108, 0.27713681709193405]], "T": [-0.03855603532498404, 0.013963656550449236, -0.07993174430982022], "aligned_model": [[0.518284035747882, 0.31255113501869775, -0.2897037967893277, -0.7074522788480114, 0.10756585553191982, 0.37837982526298647, 0.6922496661564078, -0.37598896399578646, -0.4487917959121848, 0.02490218606008411, 0.009423142477230875], [-0.36376812430684435, -0.6836443068342771, -0.4059078448055482, 0.19043989274181672, 0.542319618090529, 0.05383002764658343, 0.4064280528782782, -0.4730591751497432, 0.3899319353445271, 0.3375031040060777, -0.07492536296344729], [0.3570656099024072, -0.21518910608992098, -0.7277906328482883, -0.18839638143329807, -0.1762552653101852, -0.51561364328809, 0.11456318781051034, 0.23892954839102123, 0.277767286884511, 0.6315242251654625, 0.009149192598868885]], "inverted": false, "swapped": true, "error_lsq": 0.05297147318029431, "error_max": 0.2353160166188601, "target": "680.xyz", "model": "29.xyz", "model_rescale": 3.607286011436655, "target_rescale": 3.732513067666413},
