[{"mapping": [3, 7, 4, 9, 10, 5, 0, 6, 1, 8, 11, 12], "R": [[-0.5029136662303739, -0.6690279615857209, -0.5472471388094956], [-0.3536703541020868, 0.7369950561473252, -0.5759822634801404], [0.7886666754390151, -0.09612426244635841, -0.6072602417589308]], "T": [-0.054029849705821406, -0.08897441674354811, 0.0372387523391971], "aligned_model": [[-0.26871863319184636, 0.20264545908110432, 0.4494124792101722, -0.05707117530049506, -0.2936778607293311, -0.598754553587999, 0.5572203358857761, -0.20952916667954125, 0.7847847961577235, 0.018529742131013147, -0.7243728639647906, -0.022826096551236765], [-0.20519818255419786, -0.7228899743520354, -0.33713411826772427, 0.612848481992356, 0.48384720980197926, -0.47194006079578393, -0.211426933883764, -0.401278362493116, 0.11231884849517196, 0.2075404135160595, 0.1128117632388343, -0.12594404872072215], [-0.5852536371132475, 0.09328953083530216, -0.49526991980697127, -0.013794276896042235, -0.6057363055443508, -0.07804848412515356, 0.5719606882109036, 0.7055423039991584, -0.08337692157181747, 0.43911816611880333, 0.2433475359220501, -0.009826934675072577]], "inverted": false, "swapped": true, "error_lsq": 0.0464507829083726, "error_max": 0.21045663102985018, "target": "681.xyz", "model": "0.xyz", "model_rescale": 3.751011558992144, "target_rescale": 3.928467443758292},
{"mapping": [4, 10, 9, 12, 11, 0, 1, 6, 8, 5, 13, 2, 14], "R": [[-0.18453328420904472, -0.5017716714822706, -0.8450873663219162], [-0.5965976665106081, 0.7405015075108975, -0.30940061681933645], [0.7810369333988768, 0.4470824387872741, -0.4360029834701845]], "T": [-0.05215153244205889, -0.005379178290624079, 0.011505945337698865], "aligned_model": [[0.20881827204853298, -0.5170027545252491, -0.6883992155075227, -0.43141202381603055, -0.617975732006983, 0.5701813490514684, 0.5438486954844111, -0.02026560187916887, 0.3116728951983697, -0.2871714671270777, -0.41277540076912816, 0.22738959211592574, -0.09885921449303743], [-0.40867938528352366, -0.3851426343800352, 0.13070159683578558, 0.0005354501772570092, -0.5120429705494233, 0.17659824560546372, -0.3612425815403335, -0.7341607203416607, 0.22018324194182154, 0.44576618450951055, 0.596503689688783, 0.7727328598680627, -0.00705244857075546], [-0.61683924171591, -0.5471950541921491, -0.09270792019428598, 0.6503342485069241, 0.25618076162928505, 0.4053212831593638, 0.07339710767099822, 0.1892318485369586, -0.4956149796603424, -0.3508744334360485, 0.1990949565464661, -0.00017813534929175118, 0.04013119725557404]], "inverted": false, "swapped": false, "error_lsq": 0.05321309311429391, "error_max": 0.32348403019853295, "target": "681.xyz", "model": "1.xyz", "model_rescale": 3.9405287249114394, "target_rescale": 3.928467443758292},
{"mapping": [3, 10, 9, 2, 8, 1, 7, 4, 6, 11, 5, 0, 12], "R": [[-0.6470520258299556, -0.7509561461517031, -0.13186562261003618], [0.7513380994045038, -0.5986023732109632, -0.2777881552000209], [0.12967164783629, -0.27881905484235575, 0.9515488418385242]], "T": [-0.03802686626217598, -0.01165121819119596, -0.007426747503351615], "aligned_model": [[0.057673075355160364, -0.5628582958512189, -0.8302824870906884, -0.2294564738199391, -0.5917401099452835, 0.4683690696775469, 0.6456159909701275, 0.07051190228977264, 0.28703198578473577, -0.34228721171146637, -0.4231008755261552, 0.30098455622936104, -0.062411732587442675], [-0.4228012341036992, -0.33228102050818353, -0.03850360443065536, 0.25239677853257425, -0.5521963195423888, 0.0013613711022395572, -0.3331062440051105, -0.6403885746376707, 0.25516189289414304, 0.4421269823365278, 0.5771896353174438, 0.7397684685071195, -0.014027603501387119], [-0.392909385450222, -0.5846923879965835, -0.15572067087492616, 0.5907396075334854, 0.03618984664294251, 0.6013590612519759, -0.2486920854414173, 0.28344159765083543, -0.351669684755999, -0.46472891888468454, 0.17439936999721692, 0.1454447610858844, 0.07712052799903427]], "inverted": true, "swapped": false, "error_lsq": 0.048940162495541076, "error_max": 0.2542620414889102, "target": "681.xyz", "model": "2.xyz", "model_rescale": 3.932901565614263, "target_rescale": 3.928467443758292},
{"mapping": [8, 7, 4, 6, 5, 10, 11, 9, 3, 0, 2, 1, 13], "R": [[-0.5910377945801746, -0.758463873894154, -0.2746031270311333], [-0.34070117758668206, -0.07384556421484795, 0.937267059186889], [-0.7311614274350446, 0.6475178643429571, -0.2147640155796225]], "T": [-0.037565587581697035, -0.023863758075718822, -0.0660313121420886], "aligned_model": [[0.3207142365003351, -0.4966569608441218, -0.8747766273202634, -0.28169963219765826, -0.5271779052866951, 0.36544149289303796, 0.8420741361087312, -0.12461328767840521, 0.15802631740048995, -0.27884064629505095, -0.47622779103880775, 0.2129819760805886, -0.05119591454766988], [-0.4994418257682694, -0.4091897465836215, 0.22470252726070544, 0.10437296773850561, -0.3914231541980216, 0.024628434612479, -0.1772142670992734, -0.7510341574047318, 0.0870702040004082, 0.5056712611339031, 0.6268544553739946, 0.6586334401630625, -0.0689296112681885], [-0.49527226395991897, -0.4539765929789241, -0.08881027769576655, 0.5589856245033579, 0.31077043192024356, 0.5242052850261604, -0.04538485347546736, -0.007389623588613045, -0.524423001469841, -0.3981899167522055, 0.21386354511910774, 0.07606764510693662, 0.03983563700247268]], "inverted": true, "swapped": false, "error_lsq": 0.045061402087114504, "error_max": 0.34678408353782864, "target": "681.xyz", "model": "3.xyz", "model_rescale": 3.9243930471874484, "target_rescale": 3.928467443758292},
{"mapping": [2, 0, 5, 9, 1, 8, 4, 7, 3, 6, 11, 10, 12], "R": [[-0.9083642932732358, -0.28601536841623454, -0.30507297444372383], [0.26749980295235454, 0.16332844908840422, -0.9496144865885464], [0.32143143300969623, -0.9442028525418161, -0.07185267653491406]], "T": [-0.06494371669457706, 0.07832449240965796, 0.05461864551069872], "aligned_model": [[0.17498396739076494, -0.4221999372367947, -0.7518974055118245, -0.312232348642336, -0.4993423168667072, 0.30856692654387546, 0.4612972072911818, 0.18600168822891922, 0.14475123933818573, -0.32355099072705695, -0.41396809359991477, 0.3995398872792913, -0.16390042971307406], [-0.6186621783208772, -0.4090990603046932, 0.055712834094501354, 0.14718302704367625, -0.4730461534146813, 0.001377760245215992, -0.17070631441295514, -0.6746445019912675, 0.1310432242813015, 0.5671031492384572, 0.7285939107988063, 0.6057553356189147, 0.044089495084553204], [-0.5002315843234314, -0.5438031342598929, -0.2635109540293287, 0.7117291586622814, 0.18671166983155285, 0.5555231960121276, -0.06123219227638708, 0.16856098237816117, -0.5827212411188277, -0.4098533312358382, 0.3400407000565899, 0.11118194447682855, -0.0021135754162932355]], "inverted": true, "swapped": false, "error_lsq": 0.041970755276457945, "error_max": 0.2673196712022513, "target": "681.xyz", "model": "4.xyz", "model_rescale": 3.8936222436046832, "target_rescale": 3.928467443758292},
{"mapping": [9, 10, 11, 8, 5, 3, 4, 7, 0, 1, 6, 12], "R": [[0.17594481688048946, -0.42759285671017244, -0.8866835795836783], [0.8885747435192416, -0.3186570917668785, 0.32998876200014615], [-0.42364884821347615, -0.845944446614025, 0.3238821493233085]], "T": [-0.09418185847685448, 0.008380013051779451, -0.05935063814275781], "aligned_model": [[-0.039325455410602755, -0.6432872000368416, -0.3769472736904077, 0.2835793777197234, -0.6000136889413714, -0.7034183355579026, -0.16602072309089372, 0.03680849901069308, 0.690960397925101, 0.4187824563516864, 0.23804311517787455, -0.1116131272419616], [-0.5362328610739148, -0.6571979998366244, 0.24637791850778074, -0.027446462650912645, 0.4559028598821107, -0.14733313237580492, -0.2995258320594243, 0.40038851640112133, 0.12962481051197916, -0.5519591962642488, 0.6585372519296439, -0.0022129678618984343], [-0.5015684502032265, -0.29272146475986693, -0.6886033432027752, -0.3920756209997857, -0.08250868834671757, 0.16798247373286296, 0.6467910402710886, 0.4884118082115499, 0.14897673246178764, 0.3667534709130362, -0.2471419076048579, 0.00498866880242297]], "inverted": false, "swapped": true, "error_lsq": 0.04684708279080662, "error_max": 0.28511325286656314, "target": "681.xyz", "model": "5.xyz", "model_rescale": 3.6523030999806103, "target_rescale": 3.928467443758292},
{"mapping": [3, 0, 1, 8, 5, 9, 11, 7, 4, 2, 6, 10, 12], "R": [[-0.599026869591027, -0.18092919189016846, 0.7800201516819582], [0.23991129314836515, -0.9699396483807804, -0.04073880114641566], [0.7639433100223169, 0.1627320067501738, 0.6244268676564195]], "T": [-0.10522862062766872, 0.04433651007943515, 0.04152025656410715], "aligned_model": [[-0.07551415445862, -0.6333162255536673, -0.7160849286509241, -0.3946693691307501, -0.5193677532001933, 0.33978974915887805, 0.7293089876313418, 0.17330484652566, 0.25086646668900914, -0.23205648479329752, -0.3629820658983961, 0.3535474777372356, -0.12477715228176534], [-0.36548854630402117, -0.6247246799960354, 0.11938450343482009, 0.08364788283364932, -0.44332035362980426, 0.02618211865694924, -0.21201203830517137, -0.579536707350914, 0.2258411979374608, 0.48607364539933684, 0.6115063737244212, 0.6621918573720251, -0.05504472581176423], [-0.5186593366098721, -0.4690131272189851, -0.280344987963739, 0.6484648765622137, 0.2751505031848932, 0.6109866241445335, -0.06984134042252768, 0.037118444910557956, -0.3700425442347571, -0.5626275981533201, 0.22727808088412702, 0.16978678788861795, 0.01202525578579993]], "inverted": true, "swapped": false, "error_lsq": 0.047224845856219416, "error_max": 0.3058071033835971, "target": "681.xyz", "model": "6.xyz", "model_rescale": 4.08911054899281, "target_rescale": 3.928467443758292},
{"mapping": [0, 3, 8, 11, 9, 13, 2, 1, 6, 4, 10, 7, 14], "R": [[0.932456113312032, 0.09243417833339979, -0.34925852806030155], [-0.1118115794945031, 0.9930884100708744, -0.03568725926499926], [0.34354587384796753, 0.07232795074334757, 0.936346570508647]], "T": [-0.09717472353406208, 0.13885066686579103, 0.05100276070052085], "aligned_model": [[0.12026642291462998, -0.3481659297132226, -0.7613230926164488, -0.3231302143403297, -0.5611733277630504, 0.3999110605672665, 0.6265748311894738, 0.1059725155226335, 0.14662913362599406, -0.39723048485557044, -0.6011064354424941, 0.5598299376104823, -0.1790050229248541], [-0.5802403218730537, -0.1758601598098937, 0.12793396701869586, 0.03316992518384558, -0.4921303020186272, 0.12650948166065604, -0.19586545665291702, -0.5283407465473876, 0.06380912491498551, 0.48621590068393294, 0.5489577117320698, 0.5153446939470759, 0.005196709721569881], [-0.5149333495182545, -0.6304750058183956, -0.10371227668963778, 0.5823282353102082, 0.08455302280116644, 0.5882624192863144, -0.06854322202306107, 0.2780112979557568, -0.37803268383640776, -0.4839303417847269, 0.3626755698868027, -0.10988877836822553, 0.1039667515560026]], "inverted": false, "swapped": false, "error_lsq": 0.04729371959965416, "error_max": 0.3535153370422825, "target": "681.xyz", "model": "7.xyz", "model_rescale": 3.964800864290218, "target_rescale": 3.928467443758292},
{"mapping": [5, 3, 6, 2, 0, 7, 8, 1, 9, 11, 4, 12, 13], "R": [[-0.5895704004704706, 0.5513674945244728, -0.5902547152466422], [-0.35156670954913494, -0.8330876990917163, -0.4270430123053934], [-0.7271915783518696, -0.0442580117478833, 0.6850063041828456]], "T": [-0.14014866661835956, -0.03138014098954382, -0.04943256701350873], "aligned_model": [[0.17960790845341562, -0.6254525620126352, -0.6598837540580573, -0.3502747806451978, -0.629433529934235, 0.3509440800761886, 0.5958929484850382, 0.13099055678649807, 0.3367090229582099, -0.2643045863730116, -0.4933811362904808, 0.2912731158775106, -0.07463788954873325], [-0.5959436310086659, -0.46822794575271004, 0.16370863239756595, 0.026456138803716348, -0.4701000849769742, -0.017185104053532328, -0.17822806953514897, -0.5791668377566555, 0.3211669022785609, 0.6933395496421203, 0.5260779797286244, 0.5560930858541455, -0.043290087660093714], [-0.576779247484883, -0.36503804904947024, -0.21772288925724698, 0.575955879232301, 0.235671810014229, 0.4658145387834114, -0.21597387757976852, 0.385921481490444, -0.3989666182348847, -0.4321857539294401, 0.19461796264898681, 0.1491257131425167, -0.0901593110186532]], "inverted": true, "swapped": false, "error_lsq": 0.042271717010752344, "error_max": 0.25510107955389044, "target": "681.xyz", "model": "8.xyz", "model_rescale": 4.121658175737393, "target_rescale": 3.928467443758292},
{"mapping": [9, 7, 11, 2, 8, 1, 4, 6, 5, 10, 3, 0, 12], "R": [[-0.8164477610789309, -0.5092049393681745, -0.2722560984665995], [-0.4376220123714349, 0.8532793621732637, -0.2835512376576127], [0.37669620082657684, -0.11235951144536893, -0.9194973150969945]], "T": [-0.14642450773688193, -0.021506720542815973, -0.04988299331795516], "aligned_model": [[0.24351898264250676, -0.4639956055267913, -0.7552909029506127, -0.24528564793244567, -0.6217129312077336, 0.3345645070335765, 0.7363031472317871, -0.010394320845337368, 0.12739706441479826, -0.3060395589755275, -0.5434685612351786, 0.37420966620530355, -0.08175644507983498], [-0.6455491791119762, -0.35869808787528057, 0.09997560130505798, 0.1378649140066248, -0.4611886537332978, -0.033196128805576326, -0.09998168364061893, -0.6546009782241006, 0.20362289815235163, 0.6384124717027163, 0.587432341988857, 0.5458477835942135, -0.025240771398018513], [-0.43937612708111246, -0.5404556076760948, -0.18238141901196292, 0.6188274133000056, 0.28378458057524275, 0.44351810226062277, -0.10243282718103942, 0.19683445486763196, -0.5559030598037885, -0.3897513880231021, 0.2570913202242549, 0.11096838740736402, 0.009557808899520286]], "inverted": false, "swapped": false, "error_lsq": 0.034947753199738876, "error_max": 0.1966992239867173, "target": "681.xyz", "model": "9.xyz", "model_rescale": 3.833441315466971, "target_rescale": 3.928467443758292},
{"mapping": [4, 3, 9, 11, 7, 12, 1, 6, 5, 2, 8, 0, 14], "R": [[-0.05879252460766721, 0.8752450376472043, 0.48009328585619815], [-0.18182382173465816, 0.46349193588742366, -0.8672458262898313], [-0.9815719723484675, -0.1382799676065652, 0.1318905366531928]], "T": [-0.027672585998309865, 0.047475461644932035, 0.056753643434836916], "aligned_model": [[0.07398630497773691, -0.5931280864577565, -0.783789630546198, -0.3565263024117245, -0.578886138858681, 0.29120984446722137, 0.7068014305704762, 0.2904000948136995, 0.28221334522005814, -0.3401598980367189, -0.5807316220357901, 0.48821129898005605, -0.11155124690786901], [-0.5431943627124741, -0.34320964124068987, 0.22190248503402266, 0.021456042723091054, -0.2788385602526187, -0.12524080229360451, -0.03071556175070768, -0.5520062955933134, 0.15089174713390324, 0.32948740784361197, 0.5533713946794855, 0.49196377606259095, 0.03883289832765509], [-0.46925701099086037, -0.4742332463572183, -0.17940807020330435, 0.6538426686929016, 0.24004781965958186, 0.5379013806448153, 0.05019500337135494, 0.08284886339027567, -0.5354549203293149, -0.5258879247216738, 0.2706563549022984, 0.04594081450605681, 0.013089906192628925]], "inverted": true, "swapped": false, "error_lsq": 0.0473909054799641, "error_max": 0.25406399928245066, "target": "681.xyz", "model": "10.xyz", "model_rescale": 4.2482417240324, "target_rescale": 3.928467443758292},
{"mapping": [7, 4, 1, 2, 6, 8, 0, 9, 3, 11, 5, 12], "R": [[-0.6926235510872092, 0.5784176993610937, -0.430935704653448], [0.7196241774529093, 0.5134394960268797, -0.4674622200187817], [-0.04912901082423851, -0.6338870948248461, -0.7718636481334955]], "T": [-0.02929930095088766, 0.10446797824288445, -0.10723125241216161], "aligned_model": [[-0.580615818505939, 0.02293374780791388, 0.3622088031740924, 0.5997802831102179, -0.5744420274020738, 0.12093948737856626, -0.20325362991987106, 0.6327603455163234, 0.03325119154315466, -0.04605279659913379, -0.4496150735080637, -0.04112891023218008], [-0.21519549583244313, -0.6465446030171625, -0.29026459914528113, -0.2824627512096545, 0.5876201073749683, 0.5107497580736415, 0.21039004408938985, 0.34082021978271226, -0.3439778980054684, 0.6504946087366695, 0.10634701084997294, 0.03815498835329513], [0.14720577103770024, 0.07124763519722774, 0.5632795426475584, -0.07539516250513129, 0.08700277443139245, 0.1517212992456695, 0.6884253094547544, -0.1385943415963443, -0.5992472525429823, -0.5911036416253238, -0.6363909211432383, -0.10295872274692601]], "inverted": false, "swapped": true, "error_lsq": 0.042027100562940845, "error_max": 0.21869565928080845, "target": "681.xyz", "model": "11.xyz", "model_rescale": 3.6694154284099745, "target_rescale": 3.928467443758292},
{"mapping": [5, 7, 9, 2, 10, 1, 0, 12, 6, 11, 8, 4, 13], "R": [[-0.09714641112723132, 0.4870703109186871, 0.8679430206106119], [-0.991542791453792, -0.12276642003143036, -0.04208680112207258], [0.08605502612352994, -0.8646912271639169, 0.49487737283557287]], "T": [-0.08329066369607532, -0.008651124596016121, -0.036147700095204065], "aligned_model": [[0.19385484425763247, -0.5070133934873846, -0.8383052770332087, -0.23089365721981783, -0.585404034326052, 0.399893928102258, 0.6234703222740932, 0.008962133174400672, 0.147738763806782, -0.2928045578348494, -0.5402753129702171, 0.3732766009905688, 0.0355490340403051], [-0.5871321348662472, -0.3971589996294462, 0.1827141837383781, 0.005925412441539553, -0.3501352546311478, 0.04708145192469855, -0.10495313097065599, -0.6102204997416318, 0.08985074111698799, 0.5991429159633248, 0.4915628672672432, 0.5705891809211735, -0.002566205573264667], [-0.5189736321395549, -0.5069831254454576, -0.2311310822167334, 0.599709559250901, 0.15039864609575054, 0.6566004679028087, -0.08033702803932202, 0.26613066271460284, -0.5428799958218821, -0.39907879731674445, 0.3008223935082235, 0.02472635867535198, -0.00872278841040194]], "inverted": true, "swapped": false, "error_lsq": 0.03602558214133186, "error_max": 0.19399704098404694, "target": "681.xyz", "model": "12.xyz", "model_rescale": 3.9764082729961374, "target_rescale": 3.928467443758292},
{"mapping": [8, 2, 0, 4, 7, 6, 11, 3, 1, 9, 5, 13, 15], "R": [[0.0710561680545409, -0.0970187541097769, 0.9927428581120046], [0.869138955620796, -0.48232861849095593, -0.10934614582598659], [0.48943691810466944, 0.8706012090133993, 0.05005035524959439]], "T": [0.005878212176782208, 0.09225511479521044, -0.04279391165484348], "aligned_model": [[0.1706111553930476, -0.44414039893028473, -0.7180451215917202, -0.45489829089764405, -0.5059994043335411, 0.21106998292250617, 0.6914173660122385, 0.19831696993979797, -0.048300733540317525, -0.39112941468186824, -0.44506715879498565, 0.5341167658599819, -0.009902323582700469], [-0.48558023157206953, -0.3151680165879818, 0.06865702085535753, 0.027988521675439346, -0.4469711081701443, 0.34673249278199403, -0.2976981362968761, -0.6925141917946199, 0.135117537672189, 0.4816112485174796, 0.7153871806161135, 0.37103911742377066, 0.02609909284030046], [-0.41511394409529817, -0.5602387450209715, -0.09265441997720862, 0.5043975913882035, 0.0922989641943961, 0.6477105467018259, -0.13508274776566048, 0.1928921236946353, -0.6741021032753025, -0.27145495308195483, 0.2906406498105611, 0.09033781434605812, 0.04065086183825831]], "inverted": false, "swapped": false, "error_lsq": 0.050312298355222454, "error_max": 0.3136049426076612, "target": "681.xyz", "model": "13.xyz", "model_rescale": 4.170626492500431, "target_rescale": 3.928467443758292},
{"mapping": [5, 12, 10, 0, 8, 2, 6, 4, 11, 9, 1, 3, 13], "R": [[0.8553382497826119, -0.2982714282019202, 0.4235925324851764], [0.40507135974784947, 0.8947708368939198, -0.18788917732584598], [-0.3229762715291122, 0.3322940031997894, 0.886152934581053]], "T": [-0.1368946598537964, 0.012046137664228244, 0.0790376756509521], "aligned_model": [[0.26720474483949536, -0.3412119998388857, -0.5872235467477718, -0.299168766599343, -0.6977862461368993, 0.2887431153162175, 0.6437328510123554, -0.06605409817399346, 0.09894828508388043, -0.40135138800732656, -0.3766158087478152, 0.33822330776604914, -0.07939105599145244], [-0.466973033209506, -0.5331410831465205, 0.02425830803832713, 0.16144083391642566, -0.46391990964909363, -0.06295540373153644, -0.12078697525436016, -0.6551203783209278, 0.20780404694290802, 0.6248783393206879, 0.704832260287983, 0.5111485561709956, 0.0032349665955698527], [-0.580101257669023, -0.36450650482292396, -0.260643147326172, 0.633300019256876, 0.18108297464449166, 0.5751620757492788, -0.20462642222073968, 0.3091106757229713, -0.5579211906890258, -0.3800982192767969, 0.31011261797101863, 0.05387228045503656, -0.004462263037449732]], "inverted": true, "swapped": false, "error_lsq": 0.04969818932764383, "error_max": 0.3117947031376678, "target": "681.xyz", "model": "14.xyz", "model_rescale": 3.9786697098870705, "target_rescale": 3.928467443758292},
{"mapping": [5, 3, 6, 11, 7, 0, 10, 1, 8, 9, 4, 12], "R": [[0.7429946226195714, 0.06983089205025547, -0.6656445277127022], [-0.13680396531610042, -0.9577000042976653, -0.25317064767078173], [-0.655166899218964, 0.27916724070656546, -0.7020128103418704]], "T": [0.06252462900036904, -0.024910448763231233, -0.06076922128354638], "aligned_model": [[-0.08619868561559274, -0.5576404142606931, 0.6747699493237834, 0.3375663849274329, -0.0058422835806893475, 0.5330447420893009, -0.45780698314637236, -0.06852328508474126, 0.5047216320297677, 0.1332814092671293, -0.5321413506184128, 0.008123481436423857], [-0.30684604841379604, -0.23336635968043676, 0.095156751262777, -0.6682251691065838, 0.5248199663261445, 0.6298657677840425, -0.6098842139631646, 0.5668495226723529, -0.05965426297978316, -0.39359050424100983, 0.4555727734147418, 0.013976267149154935], [-0.656648846522382, -0.19874554077647594, -0.48395117327506876, -0.2682697103282662, -0.4657325209524907, 0.0955250091440006, 0.3705466925368525, 0.5647894969509264, 0.1799540223734707, 0.5344093197136474, 0.058021131040664434, -0.06993138603104827]], "inverted": false, "swapped": true, "error_lsq": 0.06091562758112056, "error_max": 0.360058159427672, "target": "681.xyz", "model": "15.xyz", "model_rescale": 3.769337070930944, "target_rescale": 3.928467443758292},
{"mapping": [11, 6, 3, 5, 9, 8, 2, 0, 4, 7, 12], "R": [[0.677944488005155, -0.0811577332932159, 0.7306193903190197], [0.7055475256081029, -0.20719786737996237, -0.6776958999886892], [0.20638304264573715, 0.9749269029419095, -0.08320801420767776]], "T": [-0.005540911669792096, 0.056521471738078144, -0.05138620944463766], "aligned_model": [[-0.3407131901590661, -0.40330020719183174, -0.17514814244541058, -0.6439840881945208, 0.5030103007402085, 0.2181761090450317, 0.5753183385286633, 0.27302561513869683, 0.2138970646039815, -0.2915523518737039, -0.00610331750087784], [-0.04101809305316512, -0.5833584349645013, 0.7033005458062009, 0.2501047076106706, 0.11575482439692891, -0.34818889549190635, 0.5137546386450984, -0.5677200798454287, 0.5017713768633103, -0.04608792321901578, 0.0977518308771503], [-0.6922479939975396, -0.025219874289138307, -0.048890405698343326, -0.15906478472109464, -0.5341243115388017, -0.25350799315511785, -0.054612916248980306, 0.40388528368950766, 0.5420802162869667, 0.563871140148186, 0.002049246748132179]], "inverted": true, "swapped": true, "error_lsq": 0.04874179707139922, "error_max": 0.2661037240874819, "target": "681.xyz", "model": "16.xyz", "model_rescale": 3.7852294659196426, "target_rescale": 3.928467443758292},
{"mapping": [3, 1, 5, 10, 4, 9, 8, 0, 2, 7, 6, 11, 12], "R": [[-0.9737944232617276, 0.1593392326088156, 0.16228194654980266], [-0.22569034654631576, -0.5889410235542331, -0.7760234134681095], [-0.02807647948306806, -0.7923127411108105, 0.6094688109930735]], "T": [-0.07035220434316619, -0.04784306751696646, -0.07081314150476412], "aligned_model": [[0.16750776170316678, -0.4341374608501904, -0.7229111283501595, -0.2874335983431201, -0.5925942220636349, 0.45540417447025877, 0.5766345871740606, 0.056475011738380626, 0.136134430169689, -0.31281607826310653, -0.5296784200871727, 0.3179509630592711, -0.04248662658293267], [-0.6639821229103232, -0.23243312651210993, 0.008412208934306872, 0.16673762153414295, -0.46375700505562545, -0.046908605554804944, -0.08134395069606053, -0.6372991281375215, 0.13842185675608135, 0.5453980593574521, 0.6388201649348998, 0.5718142991536079, -0.009179743843092988], [-0.5138601730194505, -0.6256473072834746, -0.12748063774916055, 0.6748985129197378, 0.16596852285701938, 0.6153655104727491, -0.0037930424229628, 0.24887978240413725, -0.6155659926064168, -0.35489629905713793, 0.25307923048171754, -0.014444067098689811, 0.007777598859473947]], "inverted": true, "swapped": false, "error_lsq": 0.041639106070853076, "error_max": 0.2599556232511754, "target": "681.xyz", "model": "17.xyz", "model_rescale": 3.901054581598922, "target_rescale": 3.928467443758292},
{"mapping": [4, 10, 9, 12, 11, 0, 1, 6, 8, 5, 13, 2, 14], "R": [[-0.18453328420904472, -0.5017716714822706, -0.8450873663219162], [-0.5965976665106081, 0.7405015075108975, -0.30940061681933645], [0.7810369333988768, 0.4470824387872741, -0.4360029834701845]], "T": [-0.05215153244205889, -0.005379178290624079, 0.011505945337698865], "aligned_model": [[0.20881827204853298, -0.5170027545252491, -0.6883992155075227, -0.43141202381603055, -0.617975732006983, 0.5701813490514684, 0.5438486954844111, -0.02026560187916887, 0.3116728951983697, -0.2871714671270777, -0.41277540076912816, 0.22738959211592574, -0.09885921449303743], [-0.40867938528352366, -0.3851426343800352, 0.13070159683578558, 0.0005354501772570092, -0.5120429705494233, 0.17659824560546372, -0.3612425815403335, -0.7341607203416607, 0.22018324194182154, 0.44576618450951055, 0.596503689688783, 0.7727328598680627, -0.00705244857075546], [-0.61683924171591, -0.5471950541921491, -0.09270792019428598, 0.6503342485069241, 0.25618076162928505, 0.4053212831593638, 0.07339710767099822, 0.1892318485369586, -0.4956149796603424, -0.3508744334360485, 0.1990949565464661, -0.00017813534929175118, 0.04013119725557404]], "inverted": false, "swapped": false, "error_lsq": 0.05321309311429391, "error_max": 0.32348403019853295, "target": "681.xyz", "model": "18.xyz", "model_rescale": 3.9405287249114394, "target_rescale": 3.928467443758292},
{"mapping": [5, 6, 0, 12, 1, 14, 11, 10, 9, 7, 4, 13, 15], "R": [[0.6283555322215917, 0.5713382693076832, 0.5279601378428318], [-0.7725814184578783, 0.5377372013638557, 0.3375746645158386], [-0.09103448236867889, -0.6200091001702069, 0.7792954758793338]], "T": [-0.1439018863337334, 0.002754508622372389, 0.041089973985149096], "aligned_model": [[0.02436708228582668, -0.5522667816577602, -0.8070651802237154, -0.2951329230090065, -0.6272636079954359, 0.38486596099606235, 0.5515104940135813, 0.30486828726477105, 0.3060512659030444, -0.12724426309691073, -0.6038718521423494, 0.3616554688981402, -0.1324245574617376], [-0.4004945665464805, -0.46112296563331767, 0.04767428081816638, 0.18303410147944568, -0.4031780909299239, -0.03851575822984862, -0.1330858128169525, -0.6033646387150051, 0.22707594836281378, 0.5557305850820426, 0.5705645266270123, 0.42549977704804715, -0.035116858585047414], [-0.666256037761607, -0.37883770638062325, -0.13461124302491762, 0.5358298088022002, 0.23370252454296847, 0.6053951137635726, -0.0899147214679488, 0.2627404814646152, -0.5387650936149347, -0.3943012654681865, 0.06725182834736074, 0.1715815214762579, 0.03646642807878463]], "inverted": false, "swapped": false, "error_lsq": 0.04271976967277492, "error_max": 0.21517737085794345, "target": "681.xyz", "model": "19.xyz", "model_rescale": 4.410303926677745, "target_rescale": 3.928467443758292},
{"mapping": [5, 3, 6, 2, 0, 7, 8, 1, 9, 11, 4, 12, 13], "R": [[-0.5895704004704706, 0.5513674945244728, -0.5902547152466422], [-0.35156670954913494, -0.8330876990917163, -0.4270430123053934], [-0.7271915783518696, -0.0442580117478833, 0.6850063041828456]], "T": [-0.14014866661835956, -0.03138014098954382, -0.04943256701350873], "aligned_model": [[0.17960790845341562, -0.6254525620126352, -0.6598837540580573, -0.3502747806451978, -0.629433529934235, 0.3509440800761886, 0.5958929484850382, 0.13099055678649807, 0.3367090229582099, -0.2643045863730116, -0.4933811362904808, 0.2912731158775106, -0.07463788954873325], [-0.5959436310086659, -0.46822794575271004, 0.16370863239756595, 0.026456138803716348, -0.4701000849769742, -0.017185104053532328, -0.17822806953514897, -0.5791668377566555, 0.3211669022785609, 0.6933395496421203, 0.5260779797286244, 0.5560930858541455, -0.043290087660093714], [-0.576779247484883, -0.36503804904947024, -0.21772288925724698, 0.575955879232301, 0.235671810014229, 0.4658145387834114, -0.21597387757976852, 0.385921481490444, -0.3989666182348847, -0.4321857539294401, 0.19461796264898681, 0.1491257131425167, -0.0901593110186532]], "inverted": true, "swapped": false, "error_lsq": 0.042271717010752344, "error_max": 0.25510107955389044, "target": "681.xyz", "model": "20.xyz", "model_rescale": 4.121658175737393, "target_rescale": 3.928467443758292},
{"mapping": [3, 0, 1, 8, 5, 9, 11, 7, 4, 2, 6, 10, 12], "R": [[-0.599026869591027, -0.18092919189016846, 0.7800201516819582], [0.23991129314836515, -0.9699396483807804, -0.04073880114641566], [0.7639433100223169, 0.1627320067501738, 0.6244268676564195]], "T": [-0.10522862062766872, 0.04433651007943515, 0.04152025656410715], "aligned_model": [[-0.07551415445862, -0.6333162255536673, -0.7160849286509241, -0.3946693691307501, -0.5193677532001933, 0.33978974915887805, 0.7293089876313418, 0.17330484652566, 0.25086646668900914, -0.23205648479329752, -0.3629820658983961, 0.3535474777372356, -0.12477715228176534], [-0.36548854630402117, -0.6247246799960354, 0.11938450343482009, 0.08364788283364932, -0.44332035362980426, 0.02618211865694924, -0.21201203830517137, -0.579536707350914, 0.2258411979374608, 0.48607364539933684, 0.6115063737244212, 0.6621918573720251, -0.05504472581176423], [-0.5186593366098721, -0.4690131272189851, -0.280344987963739, 0.6484648765622137, 0.2751505031848932, 0.6109866241445335, -0.06984134042252768, 0.037118444910557956, -0.3700425442347571, -0.5626275981533201, 0.22727808088412702, 0.16978678788861795, 0.01202525578579993]], "inverted": true, "swapped": false, "error_lsq": 0.047224845856219416, "error_max": 0.3058071033835971, "target": "681.xyz", "model": "21.xyz", "model_rescale": 4.08911054899281, "target_rescale": 3.928467443758292},
{"mapping": [5, 10, 7, 4, 12, 2, 11, 14, 8, 6, 0, 1, 16], "R": [[-0.7230270717531618, 0.10780540805076823, 0.6823561002197135], [-0.5901615378679055, -0.6098166348550533, -0.528992467881583], [0.35908385195304626, -0.7851762005111121, 0.5045365412113347]], "T": [-0.06283223983157282, -0.09439080858744414, 0.0470640118945315], "aligned_model": [[0.07677044343107209, -0.5178034576313397, -0.7452607416433628, -0.2593344553940126, -0.5639863174003706, 0.2792664052712333, 0.6375849824041273, -0.03326190333556944, 0.256211719891177, -0.3475885741731935, -0.3754828906102616, 0.4770071267025544, -0.09607294373754299], [-0.36051407760437315, -0.376531551913541, 0.0206905584234435, 0.2301572079559463, -0.6316887462680787, 0.11875569482550014, -0.1057336211833152, -0.6348103654463415, 0.2738965944982884, 0.3803244519587408, 0.6057068290833207, 0.4829849886972826, -0.06853743506592061], [-0.5912294554555431, -0.5567018377062317, -0.11677678550115617, 0.6321688316529765, 0.11865327599460149, 0.6460555932000727, -0.26144868744941513, 0.39187538599783717, -0.4462283543071652, -0.452058598300859, 0.15748260849289128, 0.11923761036306962, 0.06925205177646321]], "inverted": false, "swapped": false, "error_lsq": 0.04553010442818569, "error_max": 0.26528582679433577, "target": "681.xyz", "model": "22.xyz", "model_rescale": 4.204369325754507, "target_rescale": 3.928467443758292},
{"mapping": [5, 6, 0, 12, 1, 14, 11, 10, 9, 7, 4, 13, 15], "R": [[0.6283555322215917, 0.5713382693076832, 0.5279601378428318], [-0.7725814184578783, 0.5377372013638557, 0.3375746645158386], [-0.09103448236867889, -0.6200091001702069, 0.7792954758793338]], "T": [-0.1439018863337334, 0.002754508622372389, 0.041089973985149096], "aligned_model": [[0.02436708228582668, -0.5522667816577602, -0.8070651802237154, -0.2951329230090065, -0.6272636079954359, 0.38486596099606235, 0.5515104940135813, 0.30486828726477105, 0.3060512659030444, -0.12724426309691073, -0.6038718521423494, 0.3616554688981402, -0.1324245574617376], [-0.4004945665464805, -0.46112296563331767, 0.04767428081816638, 0.18303410147944568, -0.4031780909299239, -0.03851575822984862, -0.1330858128169525, -0.6033646387150051, 0.22707594836281378, 0.5557305850820426, 0.5705645266270123, 0.42549977704804715, -0.035116858585047414], [-0.666256037761607, -0.37883770638062325, -0.13461124302491762, 0.5358298088022002, 0.23370252454296847, 0.6053951137635726, -0.0899147214679488, 0.2627404814646152, -0.5387650936149347, -0.3943012654681865, 0.06725182834736074, 0.1715815214762579, 0.03646642807878463]], "inverted": false, "swapped": false, "error_lsq": 0.04271976967277492, "error_max": 0.21517737085794345, "target": "681.xyz", "model": "23.xyz", "model_rescale": 4.410303926677745, "target_rescale": 3.928467443758292},
{"mapping": [3, 4, 5, 14, 8, 11, 1, 10, 0, 12, 6, 7, 16], "R": [[0.7002792135765136, 0.12260924518601223, -0.7032609729165811], [-0.2940211928144127, 0.9472393186378262, -0.1276291949458934], [0.6505079255540627, 0.2961497023828713, 0.6993817216441155]], "T": [-0.13316368348076651, 0.0350138932414826, 0.10257136933373528], "aligned_model": [[0.16253590402011148, -0.4249405770958678, -0.6355774491589532, -0.29339780071795324, -0.5471133552887328, 0.2721275556221558, 0.6676427098185072, 0.03059463539037005, 0.09937201340415322, -0.26333437738467913, -0.6178588948965762, 0.41159028508180423, -0.07359125501982935], [-0.477014468811367, -0.4361971696241278, 0.13909851176027305, 0.2891326535944404, -0.67211333132448, -0.04355971177958716, -0.19828490509109228, -0.5858418440407197, 0.25393024618094984, 0.667218578202572, 0.6123749880850178, 0.40792953592424186, -0.021972555115168955], [-0.575395956604136, -0.3057309103274663, -0.26122642295312626, 0.709117883069105, 0.16832412396933544, 0.5824533201416122, -0.09896309600140957, 0.20983419029182374, -0.5818178409670225, -0.37654099905756516, 0.20066728133548728, 0.024418097744299982, 0.015141968116604274]], "inverted": false, "swapped": false, "error_lsq": 0.04473487391013499, "error_max": 0.2574542454160022, "target": "681.xyz", "model": "24.xyz", "model_rescale": 4.28219845311461, "target_rescale": 3.928467443758292},
{"mapping": [7, 4, 0, 8, 1, 11, 12, 9, 13, 2, 6, 14, 15], "R": [[0.3808855509432419, -0.013303239885362111, 0.9245264846889005], [-0.26976967804912066, 0.9547930421035451, 0.12487821089338283], [-0.8843927396173814, -0.2969735182793424, 0.3600780631374983]], "T": [-0.07580784114033662, -0.0938101670964474, 0.0229825631933211], "aligned_model": [[0.09932983267209769, -0.5369957955593347, -0.7979224220642356, -0.3803072779099622, -0.6028519125255436, 0.32667968367594524, 0.6794822911347871, 0.307198845091202, 0.2669111424449602, -0.18307374322220332, -0.5255704828372253, 0.2754846388313677, -0.1403154059573452], [-0.6189543026875804, -0.2874119893428441, 0.22621613915532512, 0.056836670730569916, -0.35083335525870146, -0.03445335622758196, 0.020056321253195022, -0.6430320304060109, -0.025547626635298762, 0.43843167382141623, 0.6414358679225566, 0.5784736338595441, -0.06651711822363673], [-0.5239145366490864, -0.5103771448343914, -0.18119350631472597, 0.6284011623365298, 0.27996704990659876, 0.38486325156911044, -0.00849979935733796, 0.1153671238275347, -0.4574343191048093, -0.3941417269347489, 0.286277016389152, 0.09206736168129367, -0.0011002937575772566]], "inverted": false, "swapped": false, "error_lsq": 0.04439585191569925, "error_max": 0.2512215457615738, "target": "681.xyz", "model": "25.xyz", "model_rescale": 4.100010024507729, "target_rescale": 3.928467443758292},
{"mapping": [7, 4, 1, 2, 6, 8, 0, 9, 3, 11, 5, 12], "R": [[-0.6926235510872092, 0.5784176993610937, -0.430935704653448], [0.7196241774529093, 0.5134394960268797, -0.4674622200187817], [-0.04912901082423851, -0.6338870948248461, -0.7718636481334955]], "T": [-0.02929930095088766, 0.10446797824288445, -0.10723125241216161], "aligned_model": [[-0.580615818505939, 0.02293374780791388, 0.3622088031740924, 0.5997802831102179, -0.5744420274020738, 0.12093948737856626, -0.20325362991987106, 0.6327603455163234, 0.03325119154315466, -0.04605279659913379, -0.4496150735080637, -0.04112891023218008], [-0.21519549583244313, -0.6465446030171625, -0.29026459914528113, -0.2824627512096545, 0.5876201073749683, 0.5107497580736415, 0.21039004408938985, 0.34082021978271226, -0.3439778980054684, 0.6504946087366695, 0.10634701084997294, 0.03815498835329513], [0.14720577103770024, 0.07124763519722774, 0.5632795426475584, -0.07539516250513129, 0.08700277443139245, 0.1517212992456695, 0.6884253094547544, -0.1385943415963443, -0.5992472525429823, -0.5911036416253238, -0.6363909211432383, -0.10295872274692601]], "inverted": false, "swapped": true, "error_lsq": 0.042027100562940845, "error_max": 0.21869565928080845, "target": "681.xyz", "model": "26.xyz", "model_rescale": 3.6694154284099745, "target_rescale": 3.928467443758292},
{"mapping": [1, 6, 12, 9, 3, 8, 5, 7, 0, 2, 11, 4, 13], "R": [[-0.6873194749750862, 0.5275944702091858, -0.49923542975700397], [-0.6431537143773215, -0.12263917042042988, 0.7558524548886797], [0.3375577565434197, 0.8405972334496928, 0.423616633424723]], "T": [-0.04180962369958391, 0.037228694815043636, 0.059946292439278855], "aligned_model": [[0.10935639467989819, -0.4253991925655713, -0.8288764579033585, -0.39880213773022827, -0.533557688929984, 0.3665877589990146, 0.6090432837809572, 0.05143121851894267, 0.3240062538123479, -0.25089701204623766, -0.6849914739766187, 0.5075686773952661, -0.05742023025991748], [-0.5240066792466609, -0.18549070908960746, 0.05860773979453186, -0.01251041016588346, -0.5911817100588039, 0.10881429416069342, -0.36029622768596326, -0.5418348776211988, 0.16397774579229435, 0.4968901343413721, 0.5988402769655262, 0.6468639590486742, 0.07602699172597811], [-0.6047418626265848, -0.46392920955136996, -0.039056476661703164, 0.6386914019928105, 0.1868928312734966, 0.5462016494291098, -0.1506313144799867, 0.28824445085979716, -0.47582116175114053, -0.3951619048613652, 0.1441187791189155, 0.014571222435433372, 0.020903233580129618]], "inverted": false, "swapped": false, "error_lsq": 0.04198134356258747, "error_max": 0.27289681685377065, "target": "681.xyz", "model": "27.xyz", "model_rescale": 4.103607728864725, "target_rescale": 3.928467443758292},
{"mapping": [5, 6, 10, 13, 11, 4, 1, 7, 0, 3, 12, 2, 14], "R": [[-0.2370508237166757, -0.6685014226014501, 0.7049203890902029], [-0.06636745601346822, 0.735050262919917, 0.6747566018674152], [-0.9692276655964511, 0.1131678353649948, -0.21861100905776804]], "T": [-0.25251105876536734, -0.046338877099567674, -0.055334067730529686], "aligned_model": [[0.0602015437788922, -0.5028471179412617, -0.695327921984513, -0.3745262152501997, -0.6145560518711166, 0.30036591061105306, 0.6387450041770653, 0.11579185849106943, 0.24944442009376128, -0.12786182479935132, -0.36757743164246415, 0.2103823242240364, -0.10418510411246079], [-0.521151524757916, -0.5622112304256012, 0.07684663299411867, 0.04901137383239601, -0.520174725221684, 0.1508897844141397, -0.09397847675540565, -0.661866607138431, 0.16998826778462006, 0.6239884951846231, 0.7367730711187652, 0.49368492185560203, -0.007099454924274454], [-0.5156645883518914, -0.32454557454629074, -0.2755926250159779, 0.5738663488212193, 0.2859345148561773, 0.6353447280531352, -0.134415866444613, 0.01923013451817592, -0.5146106778591159, -0.3694274216956625, 0.2775157835768307, 0.13288048744183933, -0.08023360459628415]], "inverted": true, "swapped": false, "error_lsq": 0.046452743943029555, "error_max": 0.25499059705234667, "target": "681.xyz", "model": "28.xyz", "model_rescale": 4.137296879288765, "target_rescale": 3.928467443758292},
