[{"mapping": [0, 2, 1, 10, 3, 7, 12, 8, 4, 13, 9, 14], "R": [[0.4977046932701469, 0.7524859446517036, -0.43134086451262915], [-0.7508760158653809, 0.622733363039071, 0.2199735605844047], [0.4341373597088844, 0.2144016363269688, 0.8749609655552166]], "T": [-0.03562892209545401, 0.05464292718907336, -0.1062901640633066], "aligned_model": [[-0.3424682772891985, 0.15833508674746608, 0.47890127835781304, -0.23578290901510882, 0.01749327910808221, -0.453996490363927, 0.36687070500115826, -0.2902251006062293, 0.6326255338388405, 0.19586393466605348, -0.6185144035111785, -0.07146017447322232], [-0.21386934218433984, -0.4816226920911666, -0.26794600714627637, 0.7223304344678266, 0.2978323555779652, -0.6421015922424246, -0.2512250486782858, -0.4717750283744697, -0.061611173659129825, 0.32318564916297404, 0.07761039313589142, 0.022747088008492816], [-0.49446775988438996, -0.0838430861360995, -0.5824842305230046, -0.04460547358612266, -0.6435972396027657, 0.050311733787300195, 0.557971555611619, 0.6697138275725799, -0.009669266922055747, 0.36321619371284497, 0.4115336169534167, -0.012128125629760095]], "inverted": false, "swapped": true, "error_lsq": 0.04156637023762743, "error_max": 0.2226079489165568, "target": "682.xyz", "model": "0.xyz", "model_rescale": 3.751011558992144, "target_rescale": 4.062080413738031},
{"mapping": [7, 3, 0, 12, 2, 6, 11, 1, 4, 10, 9, 13, 8, 5, 14], "R": [[0.652814273781716, 0.3758421657899641, 0.6577052458063263], [0.6237985737022975, -0.7593129435018915, -0.18525440150634126], [0.42977769066556976, 0.5312123118347339, -0.7301401347422063]], "T": [0.07740356188049802, -0.04645681736915259, 0.1372986054281225], "aligned_model": [[-0.07962305689269211, 0.06367640480922704, 0.518862517160479, -0.4986201615274122, 0.5685739079338178, -0.1938467131726872, -0.6670862641340747, 0.4566862731892186, 0.42198321822302387, -0.22559355829743272, -0.38928843361647625, -0.11848125177860758, 0.6613949497602787, 0.1578371015244879, 0.025284364926094788], [-0.5252305949753742, 0.15484373893400882, -0.2397336231860426, -0.027027763850672994, 0.5206128358624448, -0.7397608397681926, -0.30773663400917267, -0.6245092023045915, -0.3668612542211842, -0.05551060587879187, 0.3654951022412401, 0.5909405139996694, 0.11357028957179399, 0.531337174644921, -0.0347340088071864], [-0.2937412241358886, -0.5993801174243523, -0.44858754873138057, -0.3315236274361846, -0.21043951662605537, 0.23465653309209597, 0.2564570936025902, 0.04963096824887053, 0.7730499933072268, 0.8992464528601918, 0.35336299074569066, -0.15054854158261355, 0.408893222580656, 0.36039184936078755, 0.1250520748330884]], "inverted": true, "swapped": false, "error_lsq": 0.05202052150879581, "error_max": 0.35056697571851697, "target": "682.xyz", "model": "1.xyz", "model_rescale": 3.9405287249114394, "target_rescale": 4.062080413738031},
{"mapping": [1, 4, 2, 10, 13, 7, 3, 11, 9, 5, 6, 0, 14], "R": [[-0.2894710195519289, 0.9277105140879531, 0.23571111745149553], [0.4251592335984053, 0.3452453333280257, -0.8366870895987564], [-0.8575815733360784, -0.14198190682578654, -0.49436320980482573]], "T": [-0.021143319690680777, 0.019814490520840167, -0.022585394134430867], "aligned_model": [[-0.19468783031755857, 0.20968342198504375, -0.38130701500225156, 0.47103697490700647, 0.44221986988882916, -0.7567138907489649, 0.05868763668447375, 0.6647553163315932, -0.12064120089101246, -0.4370161282287104, 0.07384982581173524, -0.4958344311656639, -0.0380492699705888], [0.7665189092573756, 0.5637666295209084, 0.32522419022842053, -0.3684692336002583, -0.08723221877029766, -0.20166828417063187, 0.24831613120907575, 0.2974567752987801, -0.7171125810774136, -0.5519396648280942, -0.7962682770266304, 0.025635313158545087, -0.045395095627762796], [0.06618707083151096, -0.3693558043615193, -0.34307525412994694, 0.28832863592468255, -0.3689607870560775, -0.3306273027362849, 0.5178551468805855, 0.0974581405519988, -0.2580914872742511, 0.25895624548392654, 0.3784409731424241, 0.28001259215707647, -0.10400781982548161]], "inverted": false, "swapped": true, "error_lsq": 0.055551103313629446, "error_max": 0.417726445460963, "target": "682.xyz", "model": "2.xyz", "model_rescale": 3.932901565614263, "target_rescale": 4.062080413738031},
{"mapping": [7, 7, 8, 0, 9, 13, 12, 10, 3, 11, 4, 1, 4, 14], "R": [[0.9250925967173308, 0.06240653849663936, -0.3745785784740681], [-0.2956089467677062, -0.5008283412752218, -0.8135025034788752], [-0.238367443434865, 0.8632939224437859, -0.4448646596235187]], "T": [-0.0894885607588228, 0.0008339305176346123, 0.06748087133109047], "aligned_model": [[0.1586193144304617, 0.1586193144304617, 0.19649215992749627, -0.13041443285679402, -0.45118284616638793, -0.091892113590759, 0.4635067045714253, -0.71086331181128, -0.28034917417740224, -0.1658864605152855, 0.4517883264173749, 0.4512815735011064, 0.4517883264173749, -0.08169746852508933], [0.11220254835902274, 0.11220254835902274, -0.5488216796772637, 0.493937006544637, -0.3950825421880254, -0.5562938989218511, -0.6159849086504019, -0.20248474916498865, 0.43534981429991215, -0.19735956428627907, -0.17512899907281093, 0.4496963813407774, -0.17512899907281093, -0.07360631951845185], [-0.7142147313022323, -0.7142147313022323, -0.6809915801751941, -0.2010438091043183, -0.4989569872796612, 0.25653948881999133, -0.0351619894499756, 0.3169365991503297, 0.42164203909511966, 0.7863934716825902, 0.4488874921745649, 0.3863160933487637, 0.4488874921745649, -0.007122484775212559]], "inverted": false, "swapped": true, "error_lsq": 0.0598960447495857, "error_max": 0.37468397365247524, "target": "682.xyz", "model": "3.xyz", "model_rescale": 3.9243930471874484, "target_rescale": 4.062080413738031},
{"mapping": [5, 9, 7, 0, 2, 6, 3, 8, 12, 13, 4, 11, 14], "R": [[-0.7465139642915304, 0.514009847227358, 0.4225053586299842], [-0.6646156509295931, -0.5458182021124096, -0.5102631936385477], [-0.031669190977616904, -0.6617222734622771, 0.749079899040642]], "T": [-0.014925637718957017, -0.14771046031854465, 0.062088625336059314], "aligned_model": [[-0.06834287257536054, -0.21530131316894735, 0.5691388942298141, 0.2557216005921868, 0.5360621208997064, -0.636598885903098, -0.15910875731682073, 0.33416709298120584, 0.24659094430216813, -0.3108558111067653, 0.19480322302541922, -0.46454409974282906, -0.0045262499053272676], [-0.6068115212580142, -0.011511539204676957, -0.19974423401900288, -0.6258396235314546, -0.002300183299160069, -0.5032400646260075, -0.589213850863035, 0.4054011558327826, 0.6424640877558963, 0.3604248617059631, 0.2884962933083709, 0.05437345581080874, -0.08466928393088308], [-0.5424703186417998, -0.679345053221297, -0.5220086361376344, -0.060686169622364575, 0.09331463445398881, -0.5062053139108864, 0.4294412405796944, -0.6564648372104587, -0.0014571188403844776, 0.08117221091882555, 0.5470134696836939, 0.6268522545324292, -0.022086047212843088]], "inverted": true, "swapped": true, "error_lsq": 0.04763886473353042, "error_max": 0.2799560713857758, "target": "682.xyz", "model": "4.xyz", "model_rescale": 3.8936222436046832, "target_rescale": 4.062080413738031},
{"mapping": [1, 3, 4, 2, 13, 10, 5, 9, 7, 0, 12, 14], "R": [[0.6449518340787577, -0.7589480267904771, -0.08963829733594886], [0.5002646504135726, 0.3306043806913928, 0.8002724679846526], [-0.577730396694715, -0.5609800674698718, 0.5928987709857944]], "T": [-0.17967470827215176, -0.0734889897126917, -0.03761142568809922], "aligned_model": [[0.008081672067642737, -0.4492834858530912, -0.20367925426420558, 0.3039133359984255, -0.4726455808973607, -0.7870347460378437, 0.03680946422965137, -0.05874491660983115, 0.5953216129270096, 0.13235695740627795, 0.05974352800255553, -0.1372905447541331], [-0.46762330714551925, -0.5948628570012419, 0.12322360631296032, -0.02508023868097882, 0.4275166017646632, -0.03887160904889446, -0.26868376814196204, 0.34947619545765196, 0.013070638589144215, -0.5056149208819917, 0.6424708239347439, 0.013901739951231937], [-0.6739850723210947, -0.11598461833382309, -0.6934639761451424, -0.3367868236037929, -0.13405737609884788, 0.3082044912047612, 0.6653482484108013, 0.6065165854603365, 0.23969099915368058, 0.14359148218652593, -0.3938209905240743, 0.004031769886188183]], "inverted": false, "swapped": true, "error_lsq": 0.04647480350061118, "error_max": 0.2854659380869195, "target": "682.xyz", "model": "5.xyz", "model_rescale": 3.6523030999806103, "target_rescale": 4.062080413738031},
{"mapping": [11, 3, 1, 4, 2, 10, 0, 13, 5, 9, 7, 12, 14], "R": [[0.8416805556050398, 0.525932781292845, -0.12234603335606786], [0.40382949828823866, -0.763506946020584, -0.5039631729507532], [-0.35846279950458054, 0.37476906614593175, -0.8550161217377396]], "T": [0.01899744261876135, -0.053460639009951086, 0.06832593568919602], "aligned_model": [[0.25659852079515666, -0.2149182580313666, 0.3955007842303502, 0.6730506414055565, 0.37329535844618045, -0.35299962148777364, -0.3022428131304605, 0.305051725929517, -0.644755482435231, -0.302057374018336, -0.0548953539160946, 0.7160234085959395, 0.03343136828085669], [-0.6080474388110346, -0.04740349132289674, 0.3575910070680243, -0.09588428591108364, 0.38364546998512605, -0.6426259987408048, 0.3999649058440982, -0.5300638221820398, 0.1537462733840399, -0.2051836921198698, 0.5644244009900138, -0.12941763997645134, -0.059918784043938064], [0.5132212453405229, 0.6123008576450228, 0.602037013593162, 0.2678986766755676, -0.027162067617170868, 0.13294474165578035, 0.15855369171356404, -0.12445038297776483, -0.24089251754005941, -0.6261727158522157, -0.4773538549496151, -0.38465324424886005, -0.03616170395614464]], "inverted": false, "swapped": true, "error_lsq": 0.05074075583421892, "error_max": 0.28130078472901177, "target": "682.xyz", "model": "6.xyz", "model_rescale": 4.08911054899281, "target_rescale": 4.062080413738031},
{"mapping": [2, 0, 6, 1, 3, 13, 12, 7, 5, 12, 11, 9, 4, 8, 14], "R": [[-0.386671883243779, 0.3074521714923888, -0.8694584618906898], [-0.8583407955501958, -0.464752531986807, 0.2173848263014438], [-0.33724758472517813, 0.8303482680517054, 0.44360547825806557]], "T": [0.046087871840688244, -0.015312737901849581, 0.15860701780095074], "aligned_model": [[0.00897414954517739, 0.2902680299054518, 0.4073980145927042, -0.42287353151697066, 0.5639461757116242, -0.46956152021747605, -0.29859700985784166, 0.31907566118502795, 0.45811221096759575, -0.29859700985784166, -0.4789200992025903, -0.2112408901868294, 0.6811483113576675, 0.20391966033678657, -0.05129285465524072], [-0.5407228010427778, 0.12397194210978116, -0.1578074398254082, 0.01866047464359817, 0.418048264621007, -0.5347791057880786, -0.33601896975248463, -0.7397148176106975, -0.2874416978296473, -0.33601896975248463, 0.1654624018036647, 0.6425863618839662, 0.19767043569528178, 0.6186106742765125, 0.10318837482063617], [-0.45188981303347053, -0.7389630415400531, -0.1549104571852283, -0.40430246146330195, -0.25427608293105464, 0.1461603533177348, 0.6937161311524561, 0.16148074705703394, 0.7388509343730922, 0.6937161311524561, 0.34891740154978446, -0.18125764738533892, 0.3781198776229898, 0.3545131364324243, 0.09664539357519857]], "inverted": false, "swapped": false, "error_lsq": 0.04812532885513484, "error_max": 0.4673338909720987, "target": "682.xyz", "model": "7.xyz", "model_rescale": 3.964800864290218, "target_rescale": 4.062080413738031},
{"mapping": [8, 9, 12, 7, 4, 5, 2, 13, 10, 3, 0, 1, 11, 14], "R": [[-0.1983871805612245, 0.9314807626688962, 0.30493624803676567], [0.64461638072436, 0.35836515343787245, -0.6753104015956495], [-0.7383171732330187, 0.06259397398489647, -0.6715428103479204]], "T": [0.04494835842989377, -0.024456446693647327, 0.18625043064151797], "aligned_model": [[-0.19877864608749835, -0.014130411234911336, 0.24356321327363784, -0.6470717510844598, 0.30366976001642665, -0.3897470190898087, -0.2821469593624797, 0.5462865140851408, 0.5057590772479711, 0.05916849715906562, -0.4608911406166435, -0.15083967776220386, 0.7078363677871468, 0.038510065129488985], [-0.21516110709397984, -0.6691038003918985, 0.3001269232696905, -0.14478404237233472, 0.589767196141302, -0.6453823966369192, 0.3608741351070204, -0.04022554210944118, -0.48875319431297387, 0.048650008287839275, -0.09418493238581468, 0.6728358792435064, 0.20133388144661463, -0.06504454201140891], [-0.7348066538312052, -0.24890924748646476, -0.556718327839105, -0.25151427749864863, 0.02748272439081692, 0.25414443132732134, -0.07876979172532528, -0.1212422449833595, 0.4347564435822455, 0.7737154880365549, 0.4233061500085799, 0.45273906780774914, 0.45374032238068995, 0.08889095455517218]], "inverted": false, "swapped": true, "error_lsq": 0.0482543515774068, "error_max": 0.3328429028008284, "target": "682.xyz", "model": "8.xyz", "model_rescale": 4.121658175737393, "target_rescale": 4.062080413738031},
{"mapping": [4, 13, 10, 3, 12, 2, 9, 7, 5, 8, 1, 0, 14], "R": [[-0.8119410795784815, -0.5562297322801717, 0.1770880239328987], [-0.2541707918941417, 0.06377239720274097, -0.9650545528118715], [0.5254987077442107, -0.8285780387401931, -0.1931567805608188]], "T": [-0.0018378753427926095, 0.09858140813168789, -0.16443583455073793], "aligned_model": [[-0.6683767425542193, -0.2775389740067227, 0.36036914490933686, 0.19412586458322378, -0.6665909808818444, -0.3454123984967936, 0.36509599575608953, 0.11409866952225867, 0.6831679940607178, -0.17789016041010167, -0.4110629177614487, 0.31584709694523183, -0.0090950952305307], [0.23123593642534837, -0.26015517043663094, -0.014866448577105368, 0.6266051817721112, -0.39617177476076804, 0.1331678323786035, -0.5851720947575744, -0.20282968527879694, -0.08134619124623016, -0.727295015944988, 0.7145954259986721, 0.3553349982041393, -0.0027155543650707464], [-0.2512882739185469, -0.5405173784233156, -0.7523209297721337, -0.34733216275424983, -0.06380086352392553, 0.28995061854092186, -0.08528320572031037, 0.5976130958211685, 0.11397343207649827, 0.3162418102006297, 0.056080221813290504, 0.22297212479505887, -0.1352130551759972]], "inverted": false, "swapped": true, "error_lsq": 0.0418478329851185, "error_max": 0.20905819788444083, "target": "682.xyz", "model": "9.xyz", "model_rescale": 3.833441315466971, "target_rescale": 4.062080413738031},
{"mapping": [12, 1, 0, 6, 5, 11, 7, 10, 8, 8, 3, 4, 13, 2, 14], "R": [[0.013001027818480726, 0.817622939511881, -0.5756072463578041], [0.9950447162228881, 0.04617089389444534, 0.08805828339173817], [0.09857477361158329, -0.573899797299963, -0.8129711167479976]], "T": [0.000215651369472325, -0.06067960848807849, 0.03523217949704433], "aligned_model": [[-0.10828072233531995, 0.2551346644073248, 0.6178964665255929, -0.3905910147656836, 0.3461468681243885, -0.2872342694748492, -0.5642579534076532, 0.45853142017373555, 0.1575995919085721, 0.1575995919085721, -0.4827801167236016, -0.3663918630722605, 0.716001256664668, 0.2277118101834708, -0.035326432009711736], [-0.47964958774426714, -0.01809958353667713, -0.1425489608882051, 0.06307476011919444, 0.49773811926525946, -0.6425545891631728, -0.17510292034706626, -0.7145992755009233, -0.4011940715929021, -0.4011940715929021, 0.5336458661491565, 0.5921209171274631, 0.2310475003175523, 0.4312622258208213, -0.018251200180462626], [-0.38394886812528267, -0.6567303709208017, -0.23970559788052975, -0.5062330308349356, -0.1258157514808876, 0.24530628764586512, 0.3701811785923608, 0.23039843856617057, 0.7184887623804871, 0.7184887623804871, 0.4448834555222006, -0.239291014789278, 0.23076428083785416, 0.5073433785903358, 0.11239069221067743]], "inverted": true, "swapped": false, "error_lsq": 0.052544711174013034, "error_max": 0.4527287764225631, "target": "682.xyz", "model": "10.xyz", "model_rescale": 4.2482417240324, "target_rescale": 4.062080413738031},
{"mapping": [12, 13, 10, 11, 7, 0, 9, 3, 4, 1, 2, 14], "R": [[-0.820465835392144, 0.3929663372195118, -0.41522677029130967], [-0.16590843565508362, -0.8587152462280153, -0.4848530879287478], [-0.5470925003440954, -0.32891576992877686, 0.7697429521336364]], "T": [0.05144313234292569, 0.11370821526471189, 0.0331277746705911], "aligned_model": [[-0.5791279689932936, -0.02479821651596059, 0.5127036029628399, 0.5369476857242956, -0.6119460809261619, 0.07103661680508731, -0.2985683696909036, 0.583417734518886, -0.05497641446162266, 0.1399252685628046, -0.3625517812476915, -0.03529647437527256], [-0.38929237932829686, -0.4648033276081591, -0.16933847730909826, -0.4069283032056593, 0.5846464644397691, 0.6760214284325465, 0.05240076533269436, 0.3259828839330574, -0.23917584617426194, 0.3370632205886096, 0.27480837611256015, 0.08474658483687778], [-0.18175658655261176, 0.10830761063749927, 0.4767453745939224, -0.20176703518043518, 0.18524752726462207, 0.05186330937622704, 0.7275036110521363, -0.11721998037438383, -0.5444207954468435, -0.7002542470835881, -0.32514819738419315, 0.0860916989520048]], "inverted": false, "swapped": true, "error_lsq": 0.058795694420625606, "error_max": 0.32041768922278274, "target": "682.xyz", "model": "11.xyz", "model_rescale": 3.6694154284099745, "target_rescale": 4.062080413738031},
{"mapping": [13, 12, 2, 8, 9, 11, 10, 3, 7, 0, 1, 5, 4, 14], "R": [[0.19701337649305528, 0.672458751809673, -0.7134318163618599], [-0.8145696445054429, 0.5172298964161217, 0.26258242230515916], [0.5455841124272981, 0.5294076514066877, 0.6496656947222723]], "T": [-0.003055790958161171, -0.02771450117029335, 0.057347489971280495], "aligned_model": [[-0.05948825437386474, -0.07315640661890499, -0.10997959400991567, 0.595188802119215, 0.730095553068669, -0.5405313022021514, 0.12773540477621315, -0.29116774469840756, 0.519549908055761, 0.1541599822672275, -0.6233319393527379, 0.6598064768687719, -0.5610126146313965, 0.07039657898733032], [-0.25790363969242924, 0.3362937778711717, 0.5293959721286303, 0.47134650912712, -0.11922561019612972, -0.5129060300526084, -0.7148380279059648, -0.26893876108784, 0.6109750859659262, 0.19374590132649527, 0.3525616720962694, -0.06533887534456133, 0.17532495537137954, 0.0004943585287952371], [-0.4811399229069181, -0.6905754186047657, -0.005118047227280036, -0.5233062691153461, -0.19273105928920417, -0.13671920610972124, 0.03665572784427756, 0.5150202096136043, 0.12033476320208475, 0.5504697520648848, 0.31466687992090625, 0.4292570518790175, -0.28452060390145983, -0.013198397717664713]], "inverted": true, "swapped": true, "error_lsq": 0.045064497922707704, "error_max": 0.24048084905619202, "target": "682.xyz", "model": "12.xyz", "model_rescale": 3.9764082729961374, "target_rescale": 4.062080413738031},
{"mapping": [7, 0, 2, 4, 9, 3, 14, 8, 10, 11, 6, 5, 1, 12, 15], "R": [[-0.4426507607451993, -0.8574236822194499, -0.2624593933943618], [0.8912441095692645, -0.38847084129878956, -0.23403919034789836], [0.09871292301307596, -0.337513014015535, 0.9361307196115103]], "T": [0.022321196911186128, 0.045370951542224085, 0.13761335248327322], "aligned_model": [[-0.03369724822528834, 0.22081113477120173, 0.5980148019670624, -0.41935735782254374, 0.35085873275140156, -0.29310582016046244, -0.5980370963730601, 0.318157411677243, 0.533813383180206, -0.053171805355719595, -0.6799980171314537, -0.17317926476058265, 0.6524218462674797, 0.33788208347469134, -0.05965348615293002], [-0.40827760976424804, 0.11283157849232978, -0.34254348828867254, 0.0896310972400251, 0.4622950927002492, -0.7345832208691009, -0.222389601023265, -0.5790469636052082, -0.157689573045607, -0.4377288611694698, 0.329324654596272, 0.7487537840080258, 0.04033973613252923, 0.46546883476348655, -0.0106903319144779], [-0.4641329524925446, -0.5574828580387574, -0.2552718398752197, -0.4270323909438434, -0.14476312419512216, 0.1625278693972885, 0.5645418172386117, 0.2867308830568933, 0.7235221045071004, 0.7632810568728045, 0.23649116499777917, -0.27452262788392223, 0.21679944225460934, 0.4997633632972137, 0.096068694501832]], "inverted": false, "swapped": false, "error_lsq": 0.04556197768014367, "error_max": 0.25688725369825816, "target": "682.xyz", "model": "13.xyz", "model_rescale": 4.170626492500431, "target_rescale": 4.062080413738031},
{"mapping": [2, 12, 0, 7, 3, 6, 5, 4, 11, 8, 13, 9, 10, 14], "R": [[0.048548993004199036, 0.9156937874862408, -0.39893343158650146], [-0.9986303565291443, 0.03670082589608679, -0.03728887765834654], [-0.01950400719729775, 0.40019737247719245, 0.9162214016085845]], "T": [0.09589286065027432, 0.06229181157231593, -0.046692674494282646], "aligned_model": [[0.025464049193830413, 0.22834698522251196, -0.244407851092538, -0.6058632120781806, 0.3221249270879038, -0.37065779251651865, -0.588637811455517, 0.6229171474199682, 0.7936726473927425, -0.466451998828919, 0.35879718137815714, -0.47805395482508256, 0.20838330642073333, 0.0375493987725518], [-0.445898816062086, -0.6584374945687402, 0.17401316068015377, -0.3524847699007637, 0.47037664866936635, 0.751584423490682, 0.3940772890874473, -0.37380022899530424, 0.2765854524891494, -0.5803834939854418, -0.05252303485037432, 0.10676639894216255, 0.6352028868993433, 0.0109960460300714], [-0.2966702554036334, 0.35306972100188067, -0.48102531238610596, -0.1898963888223602, -0.4113127200381677, 0.33151773204690244, -0.06802006851054683, -0.08521234366353918, 0.12399485314082488, 0.4168307701451327, 0.46696015128644613, 0.47964516492797776, 0.33904302034508166, 0.02494877705097355]], "inverted": false, "swapped": true, "error_lsq": 0.054044423657609586, "error_max": 0.4134956512717901, "target": "682.xyz", "model": "14.xyz", "model_rescale": 3.9786697098870705, "target_rescale": 4.062080413738031},
{"mapping": [3, 5, 4, 11, 2, 12, 6, 9, 13, 10, 7, 14], "R": [[-0.3956848100275609, -0.9178207256939419, -0.03222804058733462], [-0.8936747259665452, 0.39288644882020657, -0.21676190279213692], [0.2116105273422702, -0.05696800698719438, -0.9756923853847755]], "T": [0.03003314005247613, -0.020917100164998474, -0.17078876354668454], "aligned_model": [[-0.06827139185384351, -0.6782488715428676, 0.6194794856485041, 0.609612506408912, 0.057423349957858014, 0.5591298837622094, -0.46784958366921225, -0.2673032770508942, 0.49417079809158143, 0.06761524741138145, -0.46951171776638256, 0.027108167370090218], [-0.4941619303155108, -0.049232364528977425, 0.16485251836056214, -0.494000238220847, 0.4664412425883067, 0.5947271271854068, -0.4545830649842937, 0.18220564757611096, -0.009481398958861735, -0.5811861500688603, 0.6378582581709061, 0.05123484342049752], [-0.512896216707359, 0.10607499308015572, -0.4665205442209975, -0.21804053594779, -0.4664885176994346, 0.0237456082889278, 0.46157470219787905, 0.5211336754144658, 0.19057783061619832, 0.24677488887232363, -0.13233796091197675, -0.09363142910856276]], "inverted": true, "swapped": true, "error_lsq": 0.045559024286871246, "error_max": 0.28843044879606183, "target": "682.xyz", "model": "15.xyz", "model_rescale": 3.769337070930944, "target_rescale": 4.062080413738031},
{"mapping": [10, 9, 11, 13, 3, 0, 1, 7, 4, 12, 14], "R": [[0.07829003414382209, -0.46010349018515745, -0.8844068344790175], [0.07134379829397082, 0.8874409724044301, -0.4553664271143283], [0.9943745436196305, -0.02744628968214921, 0.10230331462829136]], "T": [0.035290412271020526, -0.004168190983058068, -0.08364101623194864], "aligned_model": [[-0.391741112750149, -0.4545579412198878, -0.193156965938871, -0.48617254790655323, 0.35846771458678933, 0.48295183835802274, 0.6469112960236976, 0.24907000665033838, 0.06663698624574577, -0.32668012382264117, -0.029103019535320844], [0.07116163543758033, -0.611187344472396, 0.6765601486935758, 0.22804074236470873, 0.2358381738018824, -0.31856553381729924, 0.4144555552827768, -0.6862581785804153, 0.5335754743247523, 0.11825731958171504, -0.06581349499153885], [-0.632861118544988, -0.08453264566645528, -0.2989857407182075, 0.05882213228484445, -0.5179396875357085, -0.21662459796191227, 0.1313933770298536, 0.33356401225352883, 0.33975451317975053, 0.6585140390379179, -0.026886676134846604]], "inverted": false, "swapped": true, "error_lsq": 0.04620414995889987, "error_max": 0.21376149481401027, "target": "682.xyz", "model": "16.xyz", "model_rescale": 3.7852294659196426, "target_rescale": 4.062080413738031},
{"mapping": [3, 4, 13, 11, 1, 2, 7, 12, 10, 6, 5, 9, 14], "R": [[-0.6192897156251584, 0.23384649438833452, 0.7495305632081972], [-0.06288213502536347, -0.9663236662448667, 0.24952837343623274], [0.7826404571804109, 0.10739827334443831, 0.6131390753059791]], "T": [-0.06318370651808457, 0.06290696048883006, -0.05530585889382228], "aligned_model": [[-0.13363975436506076, -0.4155381946248327, 0.24483173622573773, 0.12023924738852813, -0.7558942299890942, -0.5576143548140975, -0.34447570405405353, -0.193408149744914, 0.5727591087842391, 0.7030762961777518, 0.1973654566548077, 0.44650305662710177, -0.03043866404983077], [-0.09593247525622971, -0.45932423646912, -0.279345820832118, -0.6490318104243289, -0.21383853060812086, 0.16250542877887098, 0.770846728306832, -0.1435886352673858, -0.09835522474644552, 0.47670004983689807, 0.7481765271379375, 0.5478882534699201, 0.10835536977616458], [-0.6214047360695032, 0.2140183383839987, 0.310931600902941, -0.2017703046298986, -0.25311839766613237, 0.2117619257522632, 0.26827504167222593, 0.7429459585291915, -0.2987077285943507, -0.333618301856784, -0.2593608918470067, 0.2814982474598379, 0.03430394510639111]], "inverted": false, "swapped": true, "error_lsq": 0.05753645195930654, "error_max": 0.3394762921559582, "target": "682.xyz", "model": "17.xyz", "model_rescale": 3.901054581598922, "target_rescale": 4.062080413738031},
{"mapping": [7, 3, 0, 12, 2, 6, 11, 1, 4, 10, 9, 13, 8, 5, 14], "R": [[0.652814273781716, 0.3758421657899641, 0.6577052458063263], [0.6237985737022975, -0.7593129435018915, -0.18525440150634126], [0.42977769066556976, 0.5312123118347339, -0.7301401347422063]], "T": [0.07740356188049802, -0.04645681736915259, 0.1372986054281225], "aligned_model": [[-0.07962305689269211, 0.06367640480922704, 0.518862517160479, -0.4986201615274122, 0.5685739079338178, -0.1938467131726872, -0.6670862641340747, 0.4566862731892186, 0.42198321822302387, -0.22559355829743272, -0.38928843361647625, -0.11848125177860758, 0.6613949497602787, 0.1578371015244879, 0.025284364926094788], [-0.5252305949753742, 0.15484373893400882, -0.2397336231860426, -0.027027763850672994, 0.5206128358624448, -0.7397608397681926, -0.30773663400917267, -0.6245092023045915, -0.3668612542211842, -0.05551060587879187, 0.3654951022412401, 0.5909405139996694, 0.11357028957179399, 0.531337174644921, -0.0347340088071864], [-0.2937412241358886, -0.5993801174243523, -0.44858754873138057, -0.3315236274361846, -0.21043951662605537, 0.23465653309209597, 0.2564570936025902, 0.04963096824887053, 0.7730499933072268, 0.8992464528601918, 0.35336299074569066, -0.15054854158261355, 0.408893222580656, 0.36039184936078755, 0.1250520748330884]], "inverted": true, "swapped": false, "error_lsq": 0.05202052150879581, "error_max": 0.35056697571851697, "target": "682.xyz", "model": "18.xyz", "model_rescale": 3.9405287249114394, "target_rescale": 4.062080413738031},
{"mapping": [6, 5, 8, 2, 9, 1, 3, 0, 4, 12, 10, 11, 7, 13, 15], "R": [[0.6704207158757688, -0.6732091693575227, 0.3119703159237685], [-0.4641720857303969, -0.7085528156206152, -0.5315046399654393], [0.5788612429186417, 0.21152380898861606, -0.7875133901576739]], "T": [0.05045253912823506, -0.016673496846419077, 0.23335935439968772], "aligned_model": [[0.025068592647685496, 0.12823676810486018, 0.5240584656094917, -0.46832814844205756, 0.48124201507328873, -0.28215098784450626, -0.71906867766456, 0.32410079842203304, 0.567234038113891, -0.07603216612069957, -0.6423091105068942, -0.11625593904378989, 0.7364710966655864, 0.1979162224110138, 0.02157633068190251], [-0.481021799008129, 0.11400671309875929, -0.29258506780340937, -0.12038788557280627, 0.5073129533425695, -0.5838706865840408, -0.23971882228657032, -0.6437492218381664, -0.3532739628517664, -0.16138480833572205, 0.28455776456619924, 0.6442241032939121, 0.1405386214702689, 0.5538382013354445, -0.012790974573674268], [-0.3514652048767074, -0.5840358616433619, -0.28802571150634027, -0.4561587431062827, -0.12562320003696378, 0.17695309784533264, 0.5223515248455289, 0.16578033940612716, 0.6261723343369601, 0.7463889031339968, 0.0160000645381701, -0.0003837681389965708, 0.21637590627823133, 0.5560057703448976, 0.20618515127413067]], "inverted": true, "swapped": false, "error_lsq": 0.04241627014505079, "error_max": 0.27967264997435337, "target": "682.xyz", "model": "19.xyz", "model_rescale": 4.410303926677745, "target_rescale": 4.062080413738031},
{"mapping": [8, 9, 12, 7, 4, 5, 2, 13, 10, 3, 0, 1, 11, 14], "R": [[-0.1983871805612245, 0.9314807626688962, 0.30493624803676567], [0.64461638072436, 0.35836515343787245, -0.6753104015956495], [-0.7383171732330187, 0.06259397398489647, -0.6715428103479204]], "T": [0.04494835842989377, -0.024456446693647327, 0.18625043064151797], "aligned_model": [[-0.19877864608749835, -0.014130411234911336, 0.24356321327363784, -0.6470717510844598, 0.30366976001642665, -0.3897470190898087, -0.2821469593624797, 0.5462865140851408, 0.5057590772479711, 0.05916849715906562, -0.4608911406166435, -0.15083967776220386, 0.7078363677871468, 0.038510065129488985], [-0.21516110709397984, -0.6691038003918985, 0.3001269232696905, -0.14478404237233472, 0.589767196141302, -0.6453823966369192, 0.3608741351070204, -0.04022554210944118, -0.48875319431297387, 0.048650008287839275, -0.09418493238581468, 0.6728358792435064, 0.20133388144661463, -0.06504454201140891], [-0.7348066538312052, -0.24890924748646476, -0.556718327839105, -0.25151427749864863, 0.02748272439081692, 0.25414443132732134, -0.07876979172532528, -0.1212422449833595, 0.4347564435822455, 0.7737154880365549, 0.4233061500085799, 0.45273906780774914, 0.45374032238068995, 0.08889095455517218]], "inverted": false, "swapped": true, "error_lsq": 0.0482543515774068, "error_max": 0.3328429028008284, "target": "682.xyz", "model": "20.xyz", "model_rescale": 4.121658175737393, "target_rescale": 4.062080413738031},
{"mapping": [11, 3, 1, 4, 2, 10, 0, 13, 5, 9, 7, 12, 14], "R": [[0.8416805556050398, 0.525932781292845, -0.12234603335606786], [0.40382949828823866, -0.763506946020584, -0.5039631729507532], [-0.35846279950458054, 0.37476906614593175, -0.8550161217377396]], "T": [0.01899744261876135, -0.053460639009951086, 0.06832593568919602], "aligned_model": [[0.25659852079515666, -0.2149182580313666, 0.3955007842303502, 0.6730506414055565, 0.37329535844618045, -0.35299962148777364, -0.3022428131304605, 0.305051725929517, -0.644755482435231, -0.302057374018336, -0.0548953539160946, 0.7160234085959395, 0.03343136828085669], [-0.6080474388110346, -0.04740349132289674, 0.3575910070680243, -0.09588428591108364, 0.38364546998512605, -0.6426259987408048, 0.3999649058440982, -0.5300638221820398, 0.1537462733840399, -0.2051836921198698, 0.5644244009900138, -0.12941763997645134, -0.059918784043938064], [0.5132212453405229, 0.6123008576450228, 0.602037013593162, 0.2678986766755676, -0.027162067617170868, 0.13294474165578035, 0.15855369171356404, -0.12445038297776483, -0.24089251754005941, -0.6261727158522157, -0.4773538549496151, -0.38465324424886005, -0.03616170395614464]], "inverted": false, "swapped": true, "error_lsq": 0.05074075583421892, "error_max": 0.28130078472901177, "target": "682.xyz", "model": "21.xyz", "model_rescale": 4.08911054899281, "target_rescale": 4.062080413738031},
{"mapping": [12, 10, 9, 7, 5, 3, 4, 14, 15, 2, 0, 6, 11, 8, 16], "R": [[-0.3013170972726115, 0.7719150509922845, 0.5597813510137568], [-0.7494743909671735, 0.17120753224868615, -0.6395124065924754], [-0.58948803565093, -0.6122378091500836, 0.5269428060724559]], "T": [0.04282846815573557, -0.020932064331221256, 0.1441262847099509], "aligned_model": [[-0.01392002793542954, 0.15898912823337621, 0.5619419534328345, -0.4203319464701235, 0.5705875739410257, -0.2922688941157229, -0.5352392050518006, 0.23243556721439676, 0.4804910032680305, -0.10772863446609299, -0.6307839835197901, -0.21574108494088892, 0.6611611405363085, 0.2568534578452659, -0.0046867498641440936], [-0.4983725190748433, 0.17034030489658286, -0.25506982642327386, 0.09126691383182704, 0.2799562797952712, -0.8127491568000692, -0.25074127079025804, -0.6331048261443469, -0.3116951295993133, -0.269384485286458, 0.33352903281423163, 0.6272375927507537, 0.282275028533253, 0.6258912155340763, -0.02368402578456375], [-0.4160520140482922, -0.6311523690883116, -0.28394883641776336, -0.3837846998624519, -0.21457356833949828, 0.26665902795586205, 0.459273360988396, 0.11071605232954432, 0.6495126350689173, 0.8050784635737889, 0.28794211741763265, -0.11775538780841313, 0.478226861425737, 0.2728700863967448, 0.14350887310283097]], "inverted": false, "swapped": false, "error_lsq": 0.04081047818438457, "error_max": 0.250335537442103, "target": "682.xyz", "model": "22.xyz", "model_rescale": 4.204369325754507, "target_rescale": 4.062080413738031},
{"mapping": [6, 5, 8, 2, 9, 1, 3, 0, 4, 12, 10, 11, 7, 13, 15], "R": [[0.6704207158757688, -0.6732091693575227, 0.3119703159237685], [-0.4641720857303969, -0.7085528156206152, -0.5315046399654393], [0.5788612429186417, 0.21152380898861606, -0.7875133901576739]], "T": [0.05045253912823506, -0.016673496846419077, 0.23335935439968772], "aligned_model": [[0.025068592647685496, 0.12823676810486018, 0.5240584656094917, -0.46832814844205756, 0.48124201507328873, -0.28215098784450626, -0.71906867766456, 0.32410079842203304, 0.567234038113891, -0.07603216612069957, -0.6423091105068942, -0.11625593904378989, 0.7364710966655864, 0.1979162224110138, 0.02157633068190251], [-0.481021799008129, 0.11400671309875929, -0.29258506780340937, -0.12038788557280627, 0.5073129533425695, -0.5838706865840408, -0.23971882228657032, -0.6437492218381664, -0.3532739628517664, -0.16138480833572205, 0.28455776456619924, 0.6442241032939121, 0.1405386214702689, 0.5538382013354445, -0.012790974573674268], [-0.3514652048767074, -0.5840358616433619, -0.28802571150634027, -0.4561587431062827, -0.12562320003696378, 0.17695309784533264, 0.5223515248455289, 0.16578033940612716, 0.6261723343369601, 0.7463889031339968, 0.0160000645381701, -0.0003837681389965708, 0.21637590627823133, 0.5560057703448976, 0.20618515127413067]], "inverted": true, "swapped": false, "error_lsq": 0.04241627014505079, "error_max": 0.27967264997435337, "target": "682.xyz", "model": "23.xyz", "model_rescale": 4.410303926677745, "target_rescale": 4.062080413738031},
{"mapping": [11, 9, 10, 14, 8, 7, 12, 1, 3, 0, 6, 15, 4, 5, 16], "R": [[0.18182369831999, -0.9760765858931685, -0.119225170162921], [-0.652813097346812, -0.2104911782971482, 0.7276871056927834], [-0.7353741922733644, -0.054479008161074094, -0.6754678637863408]], "T": [-0.022428737328377718, -0.06702411857107085, 0.0566307858374871], "aligned_model": [[-0.03166518723996203, 0.17346080286743723, 0.5630649587421578, -0.4359273086673803, 0.603820673918225, -0.31177189235755176, -0.5212629039561747, 0.32669255734007785, 0.669938631778118, -0.037977773476847485, -0.6476060814157719, -0.14131748689460544, 0.5083450620437555, -0.07614655279302422, 0.06011179821879166], [-0.45176463617666796, 0.14980966125788894, -0.16528055304672787, 0.08017408339926577, 0.4171175760968302, -0.6480229237015566, -0.011472435000886932, -0.8446133136932509, -0.3246650381688406, -0.3353033816271399, 0.35934027184729467, 0.5770199655808401, 0.2615258878802956, 0.4143124567646339, -0.12248249315910953], [-0.44597334140021355, -0.4974724388376112, -0.21043989997697898, -0.4586376984034369, -0.1650111814246503, 0.20033820999159635, 0.6845275284958379, 0.15564954571963724, 0.5699528751531782, 0.7624425706463791, 0.12918962253437036, -0.22689500440081617, 0.3468349211492152, 0.4579181279923751, 0.12409676545584081]], "inverted": false, "swapped": false, "error_lsq": 0.046060789077395824, "error_max": 0.3571452129826211, "target": "682.xyz", "model": "24.xyz", "model_rescale": 4.28219845311461, "target_rescale": 4.062080413738031},
{"mapping": [11, 5, 8, 9, 1, 12, 13, 10, 6, 2, 7, 3, 0, 4, 15], "R": [[0.8615662519183074, -0.2517005934847669, 0.44085190800863705], [-0.26904066703677865, 0.5100378315222823, 0.8169935923227631], [-0.43048892324407717, -0.822501198573877, 0.37171368727649917]], "T": [-0.016473243507151916, -0.06803258633452162, 0.12092106539600693], "aligned_model": [[-0.09790878288387393, 0.26388868152275513, 0.591449842361296, -0.48013174740886716, 0.4015100880176566, -0.5437737666961278, -0.4951467170208698, 0.4164942885679855, 0.7621916596461875, 0.06468038824230396, -0.6542849606551384, -0.06174033948433748, 0.543002736311893, -0.03834843898263969, 0.02987636656902133], [-0.5050889592432269, -0.058500588672579804, -0.2014226032042971, 0.012707244353373129, 0.34469755485910675, -0.6193538919120216, -0.1517442775622131, -0.7102188076283528, -0.3641035395710777, -0.19207485713532824, 0.37441985786586285, 0.6360848364498489, 0.26450192633232533, 0.5610366809187873, -0.03524544759733828], [-0.1934466350359928, -0.6831852788944974, -0.18662191045694343, -0.36423412150709394, -0.13367894238950118, 0.07173899047050782, 0.462652707833631, -0.05182381058297396, 0.46475255640260293, 0.789357769577018, 0.17549261329477353, -0.1987895691051194, 0.6128169872399966, 0.4929988876939856, 0.1684903581543297]], "inverted": true, "swapped": false, "error_lsq": 0.05066168734734053, "error_max": 0.3242095597867609, "target": "682.xyz", "model": "25.xyz", "model_rescale": 4.100010024507729, "target_rescale": 4.062080413738031},
{"mapping": [12, 13, 10, 11, 7, 0, 9, 3, 4, 1, 2, 14], "R": [[-0.820465835392144, 0.3929663372195118, -0.41522677029130967], [-0.16590843565508362, -0.8587152462280153, -0.4848530879287478], [-0.5470925003440954, -0.32891576992877686, 0.7697429521336364]], "T": [0.05144313234292569, 0.11370821526471189, 0.0331277746705911], "aligned_model": [[-0.5791279689932936, -0.02479821651596059, 0.5127036029628399, 0.5369476857242956, -0.6119460809261619, 0.07103661680508731, -0.2985683696909036, 0.583417734518886, -0.05497641446162266, 0.1399252685628046, -0.3625517812476915, -0.03529647437527256], [-0.38929237932829686, -0.4648033276081591, -0.16933847730909826, -0.4069283032056593, 0.5846464644397691, 0.6760214284325465, 0.05240076533269436, 0.3259828839330574, -0.23917584617426194, 0.3370632205886096, 0.27480837611256015, 0.08474658483687778], [-0.18175658655261176, 0.10830761063749927, 0.4767453745939224, -0.20176703518043518, 0.18524752726462207, 0.05186330937622704, 0.7275036110521363, -0.11721998037438383, -0.5444207954468435, -0.7002542470835881, -0.32514819738419315, 0.0860916989520048]], "inverted": false, "swapped": true, "error_lsq": 0.058795694420625606, "error_max": 0.32041768922278274, "target": "682.xyz", "model": "26.xyz", "model_rescale": 3.6694154284099745, "target_rescale": 4.062080413738031},
