[{"mapping": [7, 9, 10, 4, 8, 1, 12, 0, 11, 5, 2, 13], "R": [[0.6215816721341976, 0.2796808296441199, 0.7317204783224478], [-0.30614829428412726, -0.7730687766129698, 0.5555518774453432], [0.7210474649936538, -0.5693358412709524, -0.3949015739023114]], "T": [0.01203359424117465, -0.08675156132515234, 0.012798661570223642], "aligned_model": [[-0.31790623802055173, 0.169340473599921, 0.39178197669197123, -0.3043367135155072, 0.0021064843895231885, -0.5956755412115791, 0.419195321325937, -0.1752164536542741, 0.6368469209375496, 0.14831933986153475, -0.5194978300543536, -0.01731527788962211], [-0.32572698216872675, -0.671266238019854, -0.3275563837123752, 0.5904937878648382, 0.3826686171478973, -0.571287956227064, -0.24243268056875156, -0.3749217490172315, 0.09356954745479622, 0.30716549151761, 0.13842784771877414, 0.054421733987143714], [-0.6277051085602836, -0.049586903294944536, -0.5221354538872909, -0.013751128314352101, -0.7412065622150023, -0.0690527987382556, 0.5575762171363128, 0.6764130626255065, 0.052054248278780614, 0.5151167420320688, 0.477891105257967, -0.0736616749669439]], "inverted": false, "swapped": true, "error_lsq": 0.03786010415398001, "error_max": 0.2410534716171311, "target": "683.xyz", "model": "0.xyz", "model_rescale": 3.751011558992144, "target_rescale": 3.992971072310445},
{"mapping": [11, 9, 12, 0, 3, 7, 13, 5, 2, 10, 8, 1, 6, 14], "R": [[0.5926978248034145, -0.7837518506009121, 0.18558643579999706], [-0.7489650727685148, -0.4515680068950292, 0.48490994516683633], [-0.29624416997833786, -0.426402828119721, -0.8546461372552674]], "T": [-0.02489844968680993, 0.036816818099944616, 0.043303738030227454], "aligned_model": [[0.4132450693833614, -0.2439397238299863, -0.05876161183615923, -0.11379383210680297, -0.4281343797791665, 0.3261804468890756, -0.6614915459660438, -0.513472494036207, -0.7611646571459825, 0.2748787727920194, -0.218318963374237, 0.40558250236831217, 0.7072774155912822, -0.028269453294220037], [-0.16293180296241042, 0.16436651209689898, -0.5840687608816801, -0.39116498714704406, -0.5994019083542741, -0.5138148163376393, -0.15684525811710995, 0.3921918906372506, 0.006654719906953106, 0.6297484967970707, 0.5182155689599289, -0.03841085568065216, -0.11464514138534224, 0.010405468286689694], [-0.5929837237409203, -0.5649245226723734, -0.36330355179511553, 0.6633309179678629, 0.16992287680592383, 0.15830563076638104, -0.24780866003192364, -0.11509451954477935, 0.4184576018972964, -0.4373410262283123, 0.45714187026940545, 0.5861780296034349, -0.025278492928638333, -0.004601265665505588]], "inverted": false, "swapped": false, "error_lsq": 0.03750519426886984, "error_max": 0.27425989241340165, "target": "683.xyz", "model": "1.xyz", "model_rescale": 3.9405287249114394, "target_rescale": 3.992971072310445},
{"mapping": [0, 1, 9, 4, 7, 12, 2, 6, 8, 11, 3, 5, 13], "R": [[-0.960621967489589, -0.14222411416931494, -0.23870009829320415], [0.2483701052093588, -0.0543784117798195, -0.9671376733281549], [0.12457016663199783, -0.9883396631123627, 0.08756131511242982]], "T": [-0.12004538359139187, -0.05073717215885433, -0.09091504474757947], "aligned_model": [[-0.3896680181677113, 0.2839703391316841, -0.3740831622670342, 0.33426613829455776, 0.4142578770597865, -0.7746094015233705, 0.13178953964549228, 0.6289951871176955, 0.40556198424774365, -0.5984756677463604, -0.16921500128336742, -0.383634045858113, -0.013172489367071466], [0.6131848842543719, 0.5231054870245667, 0.1568336450189648, -0.2735039790456684, -0.10579995117664444, 0.12922311803926967, 0.3981159280669232, 0.19309987804072576, -0.7596197714440843, -0.4857224066970171, -0.7082972484601134, -0.055901117810388354, -0.16588587223888873], [0.12121663306470584, -0.4348067008629264, -0.6034323450705273, 0.45993186393356256, -0.627294332431221, 0.07020636388796156, 0.44261327530902494, 0.11706590249260712, -0.191910511313744, -0.011286497642726656, 0.2956385121934839, 0.5062132946638459, -0.03103510863540236]], "inverted": false, "swapped": true, "error_lsq": 0.05176389704213232, "error_max": 0.37199437558565335, "target": "683.xyz", "model": "2.xyz", "model_rescale": 3.932901565614263, "target_rescale": 3.992971072310445},
{"mapping": [4, 5, 7, 3, 8, 0, 9, 12, 11, 6, 10, 1, 2, 13], "R": [[-0.014152751366841056, 0.3075294037035502, 0.9514333216187499], [-0.8462920984200322, 0.503085220714145, -0.1751997284553229], [-0.5325311106222502, -0.8076700604558393, 0.253139664341039]], "T": [-0.07954499102297516, -0.13605945421398558, 0.07228848074557259], "aligned_model": [[0.5445613342224075, -0.1607756459404512, -0.19507364731422044, -0.08005011999300662, -0.6715201296614707, 0.4987813979526893, -0.6723694947228795, -0.4348357206523038, -0.641083874412513, 0.15441781011077133, -0.23005539502549305, 0.39578851307861784, 0.7037876220780492, -0.1117551040649514], [-0.2764008277757191, 0.12041952348124241, -0.627140447374452, -0.544014033079526, -0.539269370467285, -0.45646437260076517, -0.15622166162732898, 0.4698715919463383, 0.017542769275864484, 0.4482557261697957, 0.5150574746636001, 0.1046368721598819, 0.12229920703474739, -0.038273325987754375], [-0.5227089967224299, -0.5943597025991026, -0.4329195309478403, 0.37930360172267064, 0.23283107385048774, 0.18105246941340625, -0.3612383726257368, -0.2272876780155174, 0.7496282313493843, -0.19328531001789612, 0.33023964573083187, 0.5869650386543035, -0.04535790716490756, 0.019138602075082112]], "inverted": true, "swapped": false, "error_lsq": 0.05235746899725998, "error_max": 0.3652398696687808, "target": "683.xyz", "model": "3.xyz", "model_rescale": 3.9243930471874484, "target_rescale": 3.992971072310445},
{"mapping": [12, 5, 0, 9, 1, 11, 10, 2, 6, 4, 7, 8, 13], "R": [[0.03148845955913632, 0.3129894765580573, -0.9492344623318869], [-0.699502475451382, -0.6714645423622383, -0.24460510049395767], [-0.7139361062111804, 0.6716940939997788, 0.1977935295550261]], "T": [-0.0069292240421975765, -0.14862252956270633, -0.1043351108234745], "aligned_model": [[-0.005350343960374473, -0.2836446805268304, 0.4731164014885009, 0.34228209709996565, 0.7095535130171252, -0.5058350543943301, -0.1597872396716538, 0.23194671834081093, 0.24759111913690346, -0.35443822979771294, 0.23254632195126362, -0.5321536043959915, -0.11862113197632439], [-0.5818764178871925, -0.035364459658889236, -0.1875815033611973, -0.6222849556744035, 0.0511518250543426, -0.5427440765574275, -0.5832284608676904, 0.400095571918019, 0.6096374187527247, 0.5102009562104401, -0.01057541300359438, 0.15896258555202658, -0.038563516795571184], [-0.6512249016676176, -0.6845670202206235, -0.6757606147771456, 0.05055252439887305, 0.135515400089528, -0.24649549634627455, 0.4211193742383665, -0.541815546619705, 0.05069909095737703, -0.17249251309923008, 0.6026366571506805, 0.5425871999719682, -0.04368383870523268]], "inverted": false, "swapped": true, "error_lsq": 0.0402031612572136, "error_max": 0.2560185457796756, "target": "683.xyz", "model": "4.xyz", "model_rescale": 3.8936222436046832, "target_rescale": 3.992971072310445},
{"mapping": [12, 9, 2, 5, 6, 7, 10, 8, 3, 11, 4, 13], "R": [[-0.36225709662289196, 0.5047442708918094, -0.7835834460657326], [0.7995095608472728, 0.6004089684858123, 0.01713279532371842], [0.4791182088588933, -0.6202759801602018, -0.621050280070903]], "T": [-0.17381395366754882, -0.1406407035878585, -0.09795463784714994], "aligned_model": [[0.11286443204102303, -0.5030290880310231, -0.2510888539679784, 0.31739860791151736, -0.5495522939860655, -0.7146495817764956, -0.22418435929269015, -0.025192410387372133, 0.5068745809062213, 0.3751673047616094, 0.09583730783959044, -0.11289760380323954], [-0.649490909254698, -0.6418009094859063, 0.2709341925114168, -0.07192508970268284, 0.567641433000497, 0.061686511214467915, -0.4444074838554982, 0.36622613096738155, 0.1057112089643408, -0.44672935985781215, 0.5533957323740011, -0.002318551765700616], [-0.47964409185458257, 0.005730769028220242, -0.7096548071546883, -0.5222850358789355, -0.242631770240883, 0.3947675412253857, 0.529372126911251, 0.6161709658557665, 0.14740308409118186, 0.07344462986787295, -0.16907389471484546, -0.02431479786022528]], "inverted": true, "swapped": true, "error_lsq": 0.04083172556018543, "error_max": 0.2066260856413434, "target": "683.xyz", "model": "5.xyz", "model_rescale": 3.6523030999806103, "target_rescale": 3.992971072310445},
{"mapping": [8, 4, 6, 7, 1, 3, 2, 10, 5, 12, 0, 9, 13], "R": [[-0.3996151683321888, 0.8467049058794894, -0.3512812542656406], [0.03213073387611637, -0.3700359353960393, -0.9284616429644041], [-0.9161197155281721, -0.3823142802396786, 0.12066672260983113]], "T": [0.07264423716552401, -0.08788927197783214, -0.08143380902075459], "aligned_model": [[0.21000540199723214, -0.3182158735571766, 0.18940872341509898, 0.739564267017905, 0.6400176968298221, -0.42690328629595875, -0.24205868304109981, 0.48358913989275265, -0.5676944498977643, -0.26750733065375, -0.0865067033381614, 0.4949438369499728, 0.032440165345422205], [-0.6455558428639565, -0.02473098319377784, 0.38021014737253134, -0.1635440808993885, 0.44266367676052143, -0.5972994001539964, 0.542949125190415, -0.6411291220494606, 0.015402317078080194, -0.03407692443698513, 0.5224993028145193, -0.10532066293266021, -0.15124064852265884], [0.5961483890004692, 0.5531493063992458, 0.5750898740157969, 0.2731203446714504, 0.0045109331425005755, 0.19275618121981547, 0.14779836829748713, -0.19719329914783879, -0.15468076403505254, -0.6882294995973954, -0.48216498661872, -0.5192168773318981, 0.06902176946592886]], "inverted": false, "swapped": true, "error_lsq": 0.04819472338692192, "error_max": 0.24178337990214094, "target": "683.xyz", "model": "6.xyz", "model_rescale": 4.08911054899281, "target_rescale": 3.992971072310445},
{"mapping": [7, 2, 6, 8, 3, 4, 0, 1, 9, 13, 11, 10, 5, 14], "R": [[-0.038691723315189774, -0.9966455810203214, -0.07211474453651814], [-0.5817027629752722, 0.08114489836544736, -0.809343808907065], [0.8124806742894475, 0.010634439427054554, -0.5828911241426116]], "T": [0.025875054798469965, -0.0008890558539939586, 0.03702754308681394], "aligned_model": [[0.4389961799317076, -0.24682439168464598, -0.08836486549857919, -0.07692850881977255, -0.4134962517769502, 0.25458267932879497, -0.7450218150746184, -0.5742415221306446, -0.6369585322549846, 0.14710123353927124, -0.020030237202156534, 0.4246943262489587, 0.7421284837061519, -0.10581923265728677], [-0.05400296926666304, 0.12629767924593627, -0.3346516602207288, -0.31376737901692076, -0.6579095128824677, -0.6463424397405371, -0.35921127017909715, 0.3828500952768176, 0.02411583220429958, 0.6380133723920864, 0.46627274039901706, 0.09708113275340746, -0.26065124778698995, 0.052204752640479725], [-0.6155050712000816, -0.7110353483826648, -0.31609386803170464, 0.6342607935736979, 0.078601696957666, 0.2041569582517146, -0.36543908887777327, -0.1377592322701379, 0.45485968564508256, -0.2991307873480997, 0.38942451135577366, 0.6291592255409071, 0.03460704655060942, 0.12189464293774675]], "inverted": true, "swapped": false, "error_lsq": 0.040450241300171004, "error_max": 0.28602586719093365, "target": "683.xyz", "model": "7.xyz", "model_rescale": 3.964800864290218, "target_rescale": 3.992971072310445},
{"mapping": [1, 5, 0, 4, 6, 2, 3, 10, 11, 8, 9, 12, 7, 13], "R": [[-0.9096162180218585, 0.32941510576734084, 0.25314822536194614], [-0.1109696608096623, 0.3945463543649641, -0.9121507050027999], [-0.400354930394768, -0.8577988472536018, -0.3223306801391897]], "T": [-0.06913925182280564, -0.127110563076281, -0.00970829441536512], "aligned_model": [[0.4764904217257574, -0.28451619236011216, -0.08589523129042165, -0.10473334513673282, -0.5148918846884173, 0.32077969751418167, -0.5765083304039451, -0.6161271100062945, -0.4991641118258239, 0.22189405721964264, -0.10689226415191158, 0.30213411766986653, 0.6318053812590302, -0.06455765986957396], [-0.20359460432994791, 0.37531042155583316, -0.7329112545927365, -0.49863937116185525, -0.44001276644023657, -0.6451408337462569, -0.3920990689485194, 0.4756951137619305, 0.05822676573555724, 0.5563148546270549, 0.4960619448875945, 0.1743939152422222, -0.011686456736641732, -0.05161953403535828], [-0.5191769803512042, -0.642366694070714, -0.3916561073859442, 0.5867754021745033, 0.19004811875301264, 0.1252605144688488, -0.45504008707981336, -0.1217958136969386, 0.6742961052941377, -0.20791750931745923, 0.28027008782494317, 0.5750361557062368, 0.03727108394556149, -0.029003111562434344]], "inverted": true, "swapped": false, "error_lsq": 0.036701414529796826, "error_max": 0.23010857914503338, "target": "683.xyz", "model": "8.xyz", "model_rescale": 4.121658175737393, "target_rescale": 3.992971072310445},
{"mapping": [5, 12, 11, 3, 0, 2, 9, 7, 10, 1, 4, 8, 13], "R": [[0.23396255905591773, -0.7665238727162415, -0.5980824972494191], [0.42641051128840923, 0.6337346253687683, -0.6454103349586714], [0.8737480167775854, -0.10402680983670565, 0.4751240111933244]], "T": [-0.03766011504341601, -0.07470408038266482, -0.04015355006779371], "aligned_model": [[-0.4655410202923274, -0.2603406602281327, 0.21181173496390834, 0.1257690609615348, -0.6364384257075513, -0.740691323992476, 0.20480126971907994, 0.37913828761085167, 0.650185609150216, -0.18523158373828, -0.303376670471288, 0.5030776233172257, -0.0064264048575642], [0.2138032828600079, -0.32470591626160983, 0.11264769596903051, 0.6091561690331082, -0.4961779476707201, 0.03609418683408824, -0.6296715690827062, -0.1894748983713465, -0.19127352724098684, -0.5507931618731955, 0.5842051967520553, 0.536525273805121, 0.0800526546588636], [-0.43984009627197906, -0.6522910548765939, -0.6120901763898378, -0.3399078183150032, -0.18952899875583212, 0.1672428473739886, -0.09946951464451796, 0.5838026784568628, -0.08052839504501451, 0.5617994555436484, 0.193704532216724, 0.31053021610179304, 0.01765175856485069]], "inverted": true, "swapped": true, "error_lsq": 0.040439023949231795, "error_max": 0.28785856423643125, "target": "683.xyz", "model": "9.xyz", "model_rescale": 3.833441315466971, "target_rescale": 3.992971072310445},
{"mapping": [10, 12, 0, 2, 5, 13, 1, 6, 4, 11, 7, 9, 8, 14], "R": [[0.41545014487905646, 0.26493301310347456, 0.8701791055224696], [0.41328917387374714, 0.7972199081019589, -0.44003690400313034], [-0.8103044093911417, 0.5424489991638096, 0.2217111802040093]], "T": [-0.10989179886356176, 0.0009417378542721025, -0.007115091892615696], "aligned_model": [[0.506095577618423, -0.2728290388961683, -0.12156623936567841, 0.09290469307003019, -0.42571050719083275, 0.10324307588481729, -0.6265766506051296, -0.7242311750683734, -0.7646983245787926, 0.2741457265585465, 0.0643288190506218, 0.4083870923586644, 0.6642814214992301, -0.07795692468011282], [-0.13717499345316356, 0.2464595060928625, -0.5441736674639592, -0.3796658296096784, -0.5520942767961929, -0.7586301636549496, -0.2894451426174035, 0.27414135666114536, 0.0513315683848486, 0.5132272247678081, 0.5814988866233755, 0.09696941933332309, 0.03736288302898689, 0.020492354521636523], [-0.5336485324903248, -0.5326553268893963, -0.4152031510506476, 0.5679168353742429, 0.22057968502823422, 0.10825645147191089, -0.4479338262319676, -0.10292045277068662, 0.4452142780913455, -0.24252078428129914, 0.2694975435536078, 0.6093877887461794, 0.0758830251583543, 0.08014763099318238]], "inverted": false, "swapped": false, "error_lsq": 0.04068405633564818, "error_max": 0.30403011909208266, "target": "683.xyz", "model": "10.xyz", "model_rescale": 4.2482417240324, "target_rescale": 3.992971072310445},
{"mapping": [7, 1, 2, 0, 8, 3, 4, 12, 9, 11, 10, 13], "R": [[0.8042107283474614, -0.5156740850917798, -0.29550861641515885], [0.13800481849288437, -0.32159400465876997, 0.9367667619211738], [-0.5781001422622136, -0.7941394928677775, -0.18746384020423096]], "T": [0.040448451591196324, 0.03383031748113351, -0.05639593240356622], "aligned_model": [[-0.6369552149904194, -0.11964800358145124, 0.4242142594058323, 0.6748058569850096, -0.713028185244391, -0.040616346732456926, -0.037893055968007655, 0.638462519334796, 0.0074640572691149765, 0.16432028319097414, -0.43345166483833536, -0.05090890246765832], [-0.3087045746999705, -0.725202035961021, -0.20525419190121857, -0.36113128005574674, 0.4340810172623441, 0.7720103552989824, 0.31282226669690216, 0.15050398909210583, -0.27836784603480963, 0.58713568821905, 0.16424947217425012, 0.12398852995977105], [-0.053438843984863635, 0.03860187978767274, 0.5310602826220485, -0.047191069968823704, 0.19068717918172362, 0.12456065872553562, 0.6331564053044443, -0.39634636566364867, -0.5776819927362042, -0.37726558292468826, -0.5531451931744918, 0.05219493268565206]], "inverted": false, "swapped": true, "error_lsq": 0.05408040167249923, "error_max": 0.2872000041464575, "target": "683.xyz", "model": "11.xyz", "model_rescale": 3.6694154284099745, "target_rescale": 3.992971072310445},
{"mapping": [1, 8, 4, 5, 6, 0, 11, 9, 7, 2, 10, 12, 1, 13], "R": [[0.31914764536777096, -0.3407177778499077, 0.8843394010860471], [0.3704853965701251, -0.8140244654326788, -0.44733068372884816], [0.8722874247542979, 0.470399368126768, -0.1335630303693831]], "T": [-0.12380650890285774, -0.0694718302724438, 0.03810957947170922], "aligned_model": [[0.6608126692150973, -0.28454474583872114, 0.002327726744279085, -0.15208706851364745, -0.4076725417052509, 0.2759295689074759, -0.708614484397604, -0.7624246429378418, -0.6021331224819708, 0.27049904573172956, -0.1621008018664898, 0.34607228580161764, 0.6608126692150973, -0.037059012218524964], [-0.12355199923049237, 0.35457687726593584, -0.5568737971065607, -0.4014901455830179, -0.5442297033789298, -0.6483267270866935, -0.23529551907826268, 0.4023271208426113, 0.1326799134070906, 0.37512508856815024, 0.5234776456061316, 0.1598458265262681, -0.12355199923049237, -0.15441345570309914], [-0.27481465218275325, -0.567649253838107, -0.5042999771128325, 0.7685442724615142, 0.15592244293791258, 0.16410934517162412, -0.3808543628140697, -0.08130103772164468, 0.5696202959570928, -0.23239048103489723, 0.26277211192912747, 0.4721554651035243, -0.27481465218275325, 0.025001648028998086]], "inverted": true, "swapped": false, "error_lsq": 0.04698022417212229, "error_max": 0.36358562419805324, "target": "683.xyz", "model": "12.xyz", "model_rescale": 3.9764082729961374, "target_rescale": 3.992971072310445},
{"mapping": [2, 7, 8, 13, 11, 10, 3, 4, 6, 0, 5, 12, 1, 15], "R": [[-0.15389809284864855, -0.9399539516449658, -0.3046341179260167], [0.5064151389054345, 0.18970178343532154, -0.8411640389655564], [0.848445097873126, -0.2837248705145037, 0.4468121683063141]], "T": [-0.0667378346545573, -0.017914365013861525, 0.0943409914491622], "aligned_model": [[0.3597569657661568, -0.26610441981164945, 0.031135432582346773, -0.2067090801133049, -0.27278182805111933, 0.37035061109710077, -0.6006646339381241, -0.4843899102464841, -0.6501110247429354, 0.13108281102610334, -0.04969567161507227, 0.3661515179893713, 0.5342189768856926, -0.1624222011728365], [-0.021480314191085995, 0.21304679130161336, -0.5452868358447003, -0.277519700838878, -0.7843831700093633, -0.6890995566061155, -0.43359904725635207, 0.5334039738398854, 0.18259099182430405, 0.5449869254491364, 0.7489668759820951, -0.11921655901870538, -0.18889788565812898, -0.003213363155065315], [-0.5797131481618042, -0.5969936655146044, -0.36604139007591185, 0.6305253498957756, 0.11916320938744408, 0.1622455431076089, -0.40623054716382856, -0.09925279661370036, 0.5450428093560135, -0.319321990747504, 0.43261105031065145, 0.5521162734441531, -0.019404885805635624, 0.04725535328407849]], "inverted": false, "swapped": false, "error_lsq": 0.0420074355644746, "error_max": 0.24299577951762258, "target": "683.xyz", "model": "13.xyz", "model_rescale": 4.170626492500431, "target_rescale": 3.992971072310445},
{"mapping": [7, 8, 10, 3, 11, 9, 12, 4, 6, 0, 2, 3, 1, 13], "R": [[-0.12785864787993603, 0.9890940867002511, 0.07310987496167115], [-0.24397826691421187, -0.10281698797880945, 0.9643149237964241], [0.9613151259789126, 0.10545878169959105, 0.25446350215028063]], "T": [-0.10751463969398377, -0.006610236147078299, -0.015308224725374214], "aligned_model": [[0.41333096491670374, -0.24375316335631425, -0.0770255784340016, 0.11313636193117398, -0.3120798128827593, 0.2938327656302929, -0.6708240019707338, -0.5806750555463668, -0.6311885221798035, 0.31647364772924824, -0.11222449486829458, 0.11313636193117398, 0.6501876234432805, -0.17250955068835433], [-0.005299459067530168, 0.13294656510079994, -0.4203649430738129, -0.10541374401792454, -0.5978125032923611, -0.7083755784978285, -0.24970085493813815, 0.46478209989944347, -0.032352082513134345, 0.3987885290056103, 0.5654809346865319, -0.10541374401792454, -0.11180583091435524, -0.06516026254073638], [-0.6367162556599472, -0.7319108040541765, -0.39767684871835607, 0.630466199314564, 0.31377021633643354, 0.03715226496623894, -0.4144267968481382, -0.25399550335585297, 0.6424092595929172, -0.12367879207865806, 0.3096866625495034, 0.630466199314564, 0.05976265627100896, 0.03669270707263491]], "inverted": true, "swapped": false, "error_lsq": 0.04699677715453752, "error_max": 0.3001576855328595, "target": "683.xyz", "model": "14.xyz", "model_rescale": 3.9786697098870705, "target_rescale": 3.992971072310445},
{"mapping": [9, 7, 0, 12, 1, 2, 8, 4, 5, 11, 6, 13], "R": [[-0.8396017808421158, 0.5237873051027138, 0.1439295265745864], [0.4629553170633792, 0.5513884630322785, 0.694005142083002], [0.2841500026561569, 0.6493208928165937, -0.7054368534052979]], "T": [0.03408555323705035, -0.1324433345872279, -0.05066367479948625], "aligned_model": [[-0.023048625072570376, -0.6864196755217717, 0.6013048136622641, 0.6567014599487325, -0.24156301353687173, 0.3525224644154647, -0.6608901561383794, -0.03085767711150985, 0.580094754701441, 0.2527801302883938, -0.26997760934665666, -0.04729226952119996], [-0.4043474408157319, -0.02546717639974687, 0.1615075295634757, -0.40909627174268853, 0.3355531228897002, 0.5316993811693105, -0.2290245501516886, 0.2848508160298866, -0.0623440094599238, -0.6830126528816962, 0.6151444001629034, -0.10078865813936111], [-0.5920495473096652, -0.2643057613421381, -0.4384057422451348, -0.20103805098438013, -0.612609184859344, 0.03332911746938655, 0.49400003901050743, 0.5666727769552113, 0.30008971359670983, 0.2204350236443693, 0.060837580995749596, 0.0930105289425584]], "inverted": true, "swapped": true, "error_lsq": 0.05403921115735616, "error_max": 0.3019636535348914, "target": "683.xyz", "model": "15.xyz", "model_rescale": 3.769337070930944, "target_rescale": 3.992971072310445},
{"mapping": [8, 6, 10, 7, 3, 4, 11, 2, 9, 1, 13], "R": [[-0.7802647558767344, 0.5281367237513495, -0.33505001382153526], [-0.37972815874567095, -0.8256806119577793, -0.4172026515887089], [-0.4969843419990641, -0.198300600256827, 0.8447978667974603]], "T": [0.14432442357516495, 0.11565401747844958, 0.1257433732412073], "aligned_model": [[-0.24572195938225705, -0.31063068176112557, -0.1111358892895819, -0.6010140799894028, 0.4988626516224815, 0.1814391254450757, 0.6010556890222193, 0.2547698097318011, -0.01747716483602152, -0.4417441700530299, 0.11422280018101177], [0.13481011636444867, -0.5587578193896292, 0.7279311141950608, 0.21704380737743711, 0.09404647042014538, -0.4731251424490641, 0.48971486489290805, -0.5804507812694016, 0.5652301662580295, -0.07078082376456854, 0.050402524989975994], [-0.6720502040583264, 0.08148408660188491, -0.09381775657592353, 0.023737246758414446, -0.5510596382741616, -0.33405867733338934, -0.14979869282414618, 0.3554874227471011, 0.5025674073801976, 0.6079790276522696, -0.02625261485014377]], "inverted": true, "swapped": true, "error_lsq": 0.04993454136459088, "error_max": 0.24299681169127002, "target": "683.xyz", "model": "16.xyz", "model_rescale": 3.7852294659196426, "target_rescale": 3.992971072310445},
{"mapping": [11, 8, 4, 3, 10, 7, 1, 6, 5, 12, 9, 2, 13], "R": [[-0.5435789804588754, 0.8248055124636983, 0.15562055973677058], [-0.3682149761212937, -0.4009380989571597, 0.8388482414385896], [0.7542808650385378, 0.3986784511534517, 0.5216472651347847]], "T": [0.013019541049291896, 0.1677280536819917, -0.06385314772813262], "aligned_model": [[0.11446235867162863, -0.5022410295482562, 0.25120297516844065, 0.14988561042359752, -0.5759072744566957, -0.667906702927197, -0.24490307223338045, -0.001069276969571268, 0.6273093435993924, 0.45322763933401405, -0.2705098273659009, 0.5324840329031119, -0.012268926382900353], [-0.1485028289107421, -0.5245866936760507, -0.35762330372450124, -0.5650266432902049, 0.08101982132336236, 0.23408948945344138, 0.7339542956166938, 0.13670343250221342, -0.0344241337010279, 0.39575968400713635, 0.6212882620835763, 0.2839915998949245, 0.018412642124052553], [-0.6243491604029029, 0.14634809856014297, 0.41230956496030297, -0.23286436259949178, -0.42990941766278407, 0.2650088816064752, 0.4090626390181408, 0.7501575009249642, -0.1524558257786127, -0.5547892675196534, -0.3540066499807126, 0.4520749790215994, 0.009167716995705733]], "inverted": true, "swapped": true, "error_lsq": 0.03510558110865161, "error_max": 0.20927633993527456, "target": "683.xyz", "model": "17.xyz", "model_rescale": 3.901054581598922, "target_rescale": 3.992971072310445},
{"mapping": [11, 9, 12, 0, 3, 7, 13, 5, 2, 10, 8, 1, 6, 14], "R": [[0.5926978248034145, -0.7837518506009121, 0.18558643579999706], [-0.7489650727685148, -0.4515680068950292, 0.48490994516683633], [-0.29624416997833786, -0.426402828119721, -0.8546461372552674]], "T": [-0.02489844968680993, 0.036816818099944616, 0.043303738030227454], "aligned_model": [[0.4132450693833614, -0.2439397238299863, -0.05876161183615923, -0.11379383210680297, -0.4281343797791665, 0.3261804468890756, -0.6614915459660438, -0.513472494036207, -0.7611646571459825, 0.2748787727920194, -0.218318963374237, 0.40558250236831217, 0.7072774155912822, -0.028269453294220037], [-0.16293180296241042, 0.16436651209689898, -0.5840687608816801, -0.39116498714704406, -0.5994019083542741, -0.5138148163376393, -0.15684525811710995, 0.3921918906372506, 0.006654719906953106, 0.6297484967970707, 0.5182155689599289, -0.03841085568065216, -0.11464514138534224, 0.010405468286689694], [-0.5929837237409203, -0.5649245226723734, -0.36330355179511553, 0.6633309179678629, 0.16992287680592383, 0.15830563076638104, -0.24780866003192364, -0.11509451954477935, 0.4184576018972964, -0.4373410262283123, 0.45714187026940545, 0.5861780296034349, -0.025278492928638333, -0.004601265665505588]], "inverted": false, "swapped": false, "error_lsq": 0.03750519426886984, "error_max": 0.27425989241340165, "target": "683.xyz", "model": "18.xyz", "model_rescale": 3.9405287249114394, "target_rescale": 3.992971072310445},
{"mapping": [10, 14, 11, 8, 9, 5, 13, 12, 4, 3, 1, 6, 2, 15], "R": [[0.7670316696673016, -0.4057908664430198, -0.49698711295044157], [-0.3157177976422509, -0.9130385349392076, 0.25823033510413185], [-0.5585558969157146, -0.041163168336375094, -0.8284448705817382]], "T": [-0.20971829569213532, -0.019685907967041498, 0.063555626628979], "aligned_model": [[0.33235354834608, -0.29180028024131155, -0.05839186755538786, -0.06442686852181925, -0.31557299554991064, 0.3282091297691623, -0.6564263038126356, -0.48596525847447525, -0.7650978763587771, 0.10392580072194949, 0.15385679144065365, 0.3355369880009651, 0.655465594734314, -0.17184885684356177], [-0.00827478696334518, 0.12749701023368226, -0.5081694163104556, -0.36965191799827235, -0.7797957954918346, -0.6165290079341098, -0.2784906232183414, 0.43361197314721134, 0.1788416338371258, 0.6661928131668569, 0.48068893398722157, -0.04144790947589882, -0.10016293296147966, -0.024010848199720554], [-0.5055945637118254, -0.6923138716831129, -0.44408339484563103, 0.718297063036963, 0.05742469182246837, 0.27727282695957467, -0.3663303119834344, -0.07189808775439994, 0.49576548901045914, -0.3322048508751366, 0.29368080459755685, 0.5739540459910545, 0.04607514586771348, 0.05195617827048609]], "inverted": false, "swapped": false, "error_lsq": 0.04194728835950849, "error_max": 0.26480463994765024, "target": "683.xyz", "model": "19.xyz", "model_rescale": 4.410303926677745, "target_rescale": 3.992971072310445},
{"mapping": [1, 5, 0, 4, 6, 2, 3, 10, 11, 8, 9, 12, 7, 13], "R": [[-0.9096162180218585, 0.32941510576734084, 0.25314822536194614], [-0.1109696608096623, 0.3945463543649641, -0.9121507050027999], [-0.400354930394768, -0.8577988472536018, -0.3223306801391897]], "T": [-0.06913925182280564, -0.127110563076281, -0.00970829441536512], "aligned_model": [[0.4764904217257574, -0.28451619236011216, -0.08589523129042165, -0.10473334513673282, -0.5148918846884173, 0.32077969751418167, -0.5765083304039451, -0.6161271100062945, -0.4991641118258239, 0.22189405721964264, -0.10689226415191158, 0.30213411766986653, 0.6318053812590302, -0.06455765986957396], [-0.20359460432994791, 0.37531042155583316, -0.7329112545927365, -0.49863937116185525, -0.44001276644023657, -0.6451408337462569, -0.3920990689485194, 0.4756951137619305, 0.05822676573555724, 0.5563148546270549, 0.4960619448875945, 0.1743939152422222, -0.011686456736641732, -0.05161953403535828], [-0.5191769803512042, -0.642366694070714, -0.3916561073859442, 0.5867754021745033, 0.19004811875301264, 0.1252605144688488, -0.45504008707981336, -0.1217958136969386, 0.6742961052941377, -0.20791750931745923, 0.28027008782494317, 0.5750361557062368, 0.03727108394556149, -0.029003111562434344]], "inverted": true, "swapped": false, "error_lsq": 0.036701414529796826, "error_max": 0.23010857914503338, "target": "683.xyz", "model": "20.xyz", "model_rescale": 4.121658175737393, "target_rescale": 3.992971072310445},
{"mapping": [8, 4, 6, 7, 1, 3, 2, 10, 5, 12, 0, 9, 13], "R": [[-0.3996151683321888, 0.8467049058794894, -0.3512812542656406], [0.03213073387611637, -0.3700359353960393, -0.9284616429644041], [-0.9161197155281721, -0.3823142802396786, 0.12066672260983113]], "T": [0.07264423716552401, -0.08788927197783214, -0.08143380902075459], "aligned_model": [[0.21000540199723214, -0.3182158735571766, 0.18940872341509898, 0.739564267017905, 0.6400176968298221, -0.42690328629595875, -0.24205868304109981, 0.48358913989275265, -0.5676944498977643, -0.26750733065375, -0.0865067033381614, 0.4949438369499728, 0.032440165345422205], [-0.6455558428639565, -0.02473098319377784, 0.38021014737253134, -0.1635440808993885, 0.44266367676052143, -0.5972994001539964, 0.542949125190415, -0.6411291220494606, 0.015402317078080194, -0.03407692443698513, 0.5224993028145193, -0.10532066293266021, -0.15124064852265884], [0.5961483890004692, 0.5531493063992458, 0.5750898740157969, 0.2731203446714504, 0.0045109331425005755, 0.19275618121981547, 0.14779836829748713, -0.19719329914783879, -0.15468076403505254, -0.6882294995973954, -0.48216498661872, -0.5192168773318981, 0.06902176946592886]], "inverted": false, "swapped": true, "error_lsq": 0.04819472338692192, "error_max": 0.24178337990214094, "target": "683.xyz", "model": "21.xyz", "model_rescale": 4.08911054899281, "target_rescale": 3.992971072310445},
{"mapping": [5, 10, 9, 2, 14, 15, 12, 7, 4, 6, 0, 1, 11, 16], "R": [[-0.9225859632804033, 0.3473388705751746, 0.1679013083496754], [-0.258620790551968, -0.23388254425388072, -0.9372375590999364], [-0.28626985005802796, -0.9081049853848915, 0.3056058056825174]], "T": [-0.07341383847753558, -0.06812701586967868, 0.034295206566611426], "aligned_model": [[0.30750090168957933, -0.2013314164283546, -0.07146233758440368, -0.05229110615557932, -0.3600303801205298, 0.23170959899943305, -0.6520856045560119, -0.5192256544931428, -0.4590660637887572, 0.06829958663043403, -0.21612185915068244, 0.4720611074106047, 0.6577189943641903, -0.10585822116153415], [-0.10144748662018215, 0.15674893262238798, -0.4852340017611328, -0.2918309887494336, -0.6415023914429265, -0.6618266176383216, -0.2810798185552247, 0.41154356781163065, 0.05891731360984548, 0.6341513967377088, 0.5928610794557125, 0.10311561851825529, -0.29384450897479875, -0.04027296919488117], [-0.5585983428168778, -0.7300367306543359, -0.543256146585062, 0.7204177845877123, 0.0040590909114817456, 0.32742911565282873, -0.3716106901706412, -0.24312891614288198, 0.6012381360818845, -0.17134152381292142, 0.4121954008678829, 0.5848689299154928, 0.01456137000043927, 0.05520368686773429]], "inverted": false, "swapped": false, "error_lsq": 0.04425443971535111, "error_max": 0.2527233020828344, "target": "683.xyz", "model": "22.xyz", "model_rescale": 4.204369325754507, "target_rescale": 3.992971072310445},
{"mapping": [10, 14, 11, 8, 9, 5, 13, 12, 4, 3, 1, 6, 2, 15], "R": [[0.7670316696673016, -0.4057908664430198, -0.49698711295044157], [-0.3157177976422509, -0.9130385349392076, 0.25823033510413185], [-0.5585558969157146, -0.041163168336375094, -0.8284448705817382]], "T": [-0.20971829569213532, -0.019685907967041498, 0.063555626628979], "aligned_model": [[0.33235354834608, -0.29180028024131155, -0.05839186755538786, -0.06442686852181925, -0.31557299554991064, 0.3282091297691623, -0.6564263038126356, -0.48596525847447525, -0.7650978763587771, 0.10392580072194949, 0.15385679144065365, 0.3355369880009651, 0.655465594734314, -0.17184885684356177], [-0.00827478696334518, 0.12749701023368226, -0.5081694163104556, -0.36965191799827235, -0.7797957954918346, -0.6165290079341098, -0.2784906232183414, 0.43361197314721134, 0.1788416338371258, 0.6661928131668569, 0.48068893398722157, -0.04144790947589882, -0.10016293296147966, -0.024010848199720554], [-0.5055945637118254, -0.6923138716831129, -0.44408339484563103, 0.718297063036963, 0.05742469182246837, 0.27727282695957467, -0.3663303119834344, -0.07189808775439994, 0.49576548901045914, -0.3322048508751366, 0.29368080459755685, 0.5739540459910545, 0.04607514586771348, 0.05195617827048609]], "inverted": false, "swapped": false, "error_lsq": 0.04194728835950849, "error_max": 0.26480463994765024, "target": "683.xyz", "model": "23.xyz", "model_rescale": 4.410303926677745, "target_rescale": 3.992971072310445},
{"mapping": [15, 4, 9, 7, 11, 14, 10, 3, 1, 5, 0, 13, 6, 16], "R": [[0.5557532626830806, -0.6582300008830047, -0.5078105719209387], [0.7881557369495595, 0.2228396763173424, 0.573718583429436], [-0.2644784401999674, -0.7190797901459489, 0.6426316285968583]], "T": [-0.040315320322683444, -0.07015227118833382, -0.001968274277817866], "aligned_model": [[0.42924590943191593, -0.2633586617831318, -0.08559588937657711, -0.14836120145658166, -0.2763254335848147, 0.3642081740481056, -0.5774024965795964, -0.7347070272773196, -0.7797986763593382, 0.3006504876852737, -0.16606589551863618, 0.4572265669062727, 0.7177042095697636, -0.13760252005009024], [-0.2720497809178228, 0.3370137314893193, -0.55361713757453, -0.0543143539652307, -0.619026741894124, -0.6125127429304111, -0.2623317863551095, 0.49417348888871143, -0.03532447141556126, 0.38443305106200387, 0.5801869600039116, -0.1991512313938179, -0.02688238099336994, -0.00029747818532950554], [-0.500028348878391, -0.5102515487270266, -0.39773509535396245, 0.6537802633723484, 0.20721472803402746, 0.016895744604516268, -0.3156374396834307, -0.09474531055379004, 0.4319519258489925, -0.27159122580822836, 0.36084226622002064, 0.4776127538578764, 0.03587612641696037, 0.00781632535282302]], "inverted": true, "swapped": false, "error_lsq": 0.042995102923875594, "error_max": 0.2974117912368716, "target": "683.xyz", "model": "24.xyz", "model_rescale": 4.28219845311461, "target_rescale": 3.992971072310445},
{"mapping": [3, 5, 1, 2, 0, 4, 8, 11, 14, 9, 12, 13, 7, 15], "R": [[-0.8374738650129874, 0.4719664036415422, 0.2754727559194873], [-0.15495057136284646, 0.2783162015080199, -0.9479084409437837], [-0.5240494689001564, -0.8365332066402482, -0.1599510810643301]], "T": [-0.10387553465239646, -0.052593011898807024, 0.03686327280080963], "aligned_model": [[0.39138729132219535, -0.358926299497284, -0.1381498301535079, -0.19799062993891967, -0.23950674941823333, 0.3744011581435716, -0.6560728076624818, -0.37087147648511315, -0.6053835900323177, 0.24898881810945267, -0.10949455338274725, 0.20792236820741294, 0.6644959445250986, -0.11098209808188106], [-0.2759407530522945, 0.18130959882168593, -0.425176171646408, -0.3736932706799935, -0.8498441548969068, -0.6021069801001627, -0.19332464425700094, 0.41798663255711976, 0.16995357234838881, 0.4374842673800573, 0.6261177594396721, 0.11848827422209376, 0.054289311500717474, -0.12524431581832912], [-0.5152923797004759, -0.7412879701875421, -0.48264077972146596, 0.6342048811270529, 0.14432936329066187, 0.09958788444139693, -0.35964503261390335, -0.024333430682208806, 0.5651693518152239, -0.2667560493172939, 0.3886302634788134, 0.5127095906897345, 0.0979160752060449, 0.04940939687669735]], "inverted": true, "swapped": false, "error_lsq": 0.0432657401191152, "error_max": 0.3127384786549534, "target": "683.xyz", "model": "25.xyz", "model_rescale": 4.100010024507729, "target_rescale": 3.992971072310445},
{"mapping": [7, 1, 2, 0, 8, 3, 4, 12, 9, 11, 10, 13], "R": [[0.8042107283474614, -0.5156740850917798, -0.29550861641515885], [0.13800481849288437, -0.32159400465876997, 0.9367667619211738], [-0.5781001422622136, -0.7941394928677775, -0.18746384020423096]], "T": [0.040448451591196324, 0.03383031748113351, -0.05639593240356622], "aligned_model": [[-0.6369552149904194, -0.11964800358145124, 0.4242142594058323, 0.6748058569850096, -0.713028185244391, -0.040616346732456926, -0.037893055968007655, 0.638462519334796, 0.0074640572691149765, 0.16432028319097414, -0.43345166483833536, -0.05090890246765832], [-0.3087045746999705, -0.725202035961021, -0.20525419190121857, -0.36113128005574674, 0.4340810172623441, 0.7720103552989824, 0.31282226669690216, 0.15050398909210583, -0.27836784603480963, 0.58713568821905, 0.16424947217425012, 0.12398852995977105], [-0.053438843984863635, 0.03860187978767274, 0.5310602826220485, -0.047191069968823704, 0.19068717918172362, 0.12456065872553562, 0.6331564053044443, -0.39634636566364867, -0.5776819927362042, -0.37726558292468826, -0.5531451931744918, 0.05219493268565206]], "inverted": false, "swapped": true, "error_lsq": 0.05408040167249923, "error_max": 0.2872000041464575, "target": "683.xyz", "model": "26.xyz", "model_rescale": 3.6694154284099745, "target_rescale": 3.992971072310445},
{"mapping": [3, 1, 7, 10, 8, 9, 5, 0, 4, 6, 2, 11, 12, 13], "R": [[-0.8048238564379266, 0.3607976955440133, -0.4712574487459197], [0.36226183633937503, 0.92757633007162, 0.09147958145339759], [0.47013287700437145, -0.09709363924065491, -0.8772387948435694]], "T": [-0.10133958852616702, -0.11920900225156864, 0.02264061678956778], "aligned_model": [[0.4749452905968167, -0.2952183769053076, -0.08639160854991977, -0.12176236673053777, -0.4277634549170185, 0.35115254598341766, -0.7271917795987723, -0.5642705623074995, -0.7181268563464701, 0.2121908547605772, -0.027015463146627228, 0.4765383509372622, 0.649897304577446, -0.09716633269812139], [-0.3173271589544213, 0.32086356564947205, -0.5128871570534483, -0.2733492477987032, -0.6363087277470292, -0.6079585929276251, -0.1581980419305634, 0.34876916035848404, -0.014263634122690882, 0.38649628418718396, 0.4772536442054509, 0.08275331238991687, 0.13312452036761815, -0.06866880080500481], [-0.5079026466795055, -0.7178955430928307, -0.4681980461587176, 0.6037726282342314, 0.2081467508472212, 0.16837407654160905, -0.4598191115149601, -0.037564831195874636, 0.5556420295944365, -0.31963304010606336, 0.3401904270104806, 0.6238425627206722, 0.06391696788886705, 0.04912894061316937]], "inverted": true, "swapped": false, "error_lsq": 0.035912085722639334, "error_max": 0.22401502340118817, "target": "683.xyz", "model": "27.xyz", "model_rescale": 4.103607728864725, "target_rescale": 3.992971072310445},
