[{"mapping": [7, 3, 8, 10, 13, 1, 4, 2, 5, 12, 0, 15], "R": [[0.9709782113320249, -0.09396920292608818, -0.21993431296616253], [0.20621268610512528, -0.13688607749924486, 0.968885199534073], [-0.12115131533652998, -0.9861196634731035, -0.11353575693992746]], "T": [-0.03246956633780824, -0.06825042064589144, 0.0972566539620783], "aligned_model": [[-0.17471021689683483, 0.06792293023882714, 0.4424575046565773, -0.07998267043917764, -0.2933136801705857, -0.4804012805419142, 0.3550314422209749, -0.24764554931358976, 0.6228777655174507, 0.2697946707730517, -0.5636339862677999, -0.08075446731643096], [-0.2588905559511476, -0.8427669257050384, -0.32265840160214426, 0.6922814243157634, 0.4218225403392937, -0.5589657234364658, -0.35986964839514696, -0.42183964077592556, 0.21422724025172607, 0.5081403047804246, 0.008040483892825814, -0.025966061737107998], [-0.5348014830308968, 0.11210799280379141, -0.5041124191976285, -0.09247622670183317, -0.6293977417610067, -0.0715984015359599, 0.45670980668951333, 0.5615342285296324, 0.08138568697874346, 0.4118563186531724, 0.39509423423859213, -0.004350250312557924]], "inverted": false, "swapped": true, "error_lsq": 0.04542003326028989, "error_max": 0.26092097577941725, "target": "684.xyz", "model": "0.xyz", "model_rescale": 3.751011558992144, "target_rescale": 4.169553776660914},
{"mapping": [12, 6, 9, 10, 2, 14, 4, 5, 0, 7, 3, 8, 11, 13, 15], "R": [[-0.9904716503495417, -0.04994105762173319, 0.12834251289996665], [-0.04266655817478682, -0.7747981764131477, -0.6307672713769942], [0.1309407295969169, -0.6302330335601934, 0.7652848154394176]], "T": [0.03706686057166659, -0.08103224562971985, 0.0512888527527636], "aligned_model": [[0.3283281641281041, 0.04088998755609079, -0.5760652471695443, 0.07516699815539052, -0.27258296010676086, -0.6659719287204151, 0.3419520300925213, 0.7058479476852887, -0.5267619386125107, -0.019243307043269015, 0.07709445262000278, 0.5794217912638646, 0.5144438190826219, -0.0717325346664445, 0.008298936824094875], [-0.10077743331429258, -0.5280111576916561, 0.4891524331452794, 0.47740503733982537, -0.6165093672811157, 0.2765853759312769, -0.599044065354609, -0.03400644146843131, -0.2019034851537605, 0.3766493933723909, -0.5086058816590631, 0.21309206349371373, 0.4442177668903487, 0.8261688163590339, 0.034344295218164775], [-0.610027914788586, -0.4689438292934308, -0.38755265444910125, -0.49949325368574926, 0.11656478422711444, 0.1690487662829109, 0.10709353592888685, -0.19375414986328385, -0.1588311034777651, 0.5446753490649462, 0.7037868296774242, 0.5721208080195578, -0.1277963512168305, 0.01405050751598605, 0.06872508090989693]], "inverted": true, "swapped": true, "error_lsq": 0.04528790254527403, "error_max": 0.3003098307585656, "target": "684.xyz", "model": "1.xyz", "model_rescale": 3.9405287249114394, "target_rescale": 4.169553776660914},
{"mapping": [11, 9, 12, 1, 0, 5, 7, 14, 2, 4, 3, 8, 15], "R": [[-0.9802999359017386, 0.18897814098475818, 0.05743951515283196], [0.14988574679565625, 0.5223654425872326, 0.8394454165091102], [0.12863241651526253, 0.8315176526211515, -0.5403999396751027]], "T": [-0.08738921514794563, -0.07303764392815815, -0.0506952448169784], "aligned_model": [[-0.5123928991937824, 0.49766070780619065, -0.5069515198915097, 0.44968467132442014, 0.3991189211207247, -0.778611632160523, 0.13202835111972738, 0.6681065187567082, 0.15050388389056246, -0.44438293527865663, -0.05359882351405977, -0.4654620278790156, -0.039719936816855116], [0.5125193670837254, 0.5683848319841758, 0.1479538381501939, -0.30659342655429955, -0.15446581318665217, 0.09743336018999038, 0.18949041440776354, 0.1771808776464402, -0.6191298211018987, -0.5584931642504607, -0.6897170086018448, 0.06650680273953022, 0.027762335065353444], [0.06040246826762591, -0.424750338275127, -0.5963078580367572, 0.3056187959129349, -0.4158561051723345, -0.10243351733571524, 0.5315491219219658, 0.0006680421469518055, -0.22977599182119665, -0.08666462358110075, 0.4275722565483174, 0.6489562408302214, -0.005858141817141907]], "inverted": false, "swapped": true, "error_lsq": 0.047637993953797295, "error_max": 0.28100214976853427, "target": "684.xyz", "model": "2.xyz", "model_rescale": 3.932901565614263, "target_rescale": 4.169553776660914},
{"mapping": [13, 14, 9, 7, 10, 12, 0, 11, 8, 5, 2, 3, 6, 15], "R": [[-0.7540952897128458, -0.4605648644681626, -0.46820967487902515], [-0.015080986238170058, 0.7248579261482058, -0.6887332943558099], [0.6565918503050304, -0.5123094694786984, -0.5535577202022127]], "T": [0.13685365988198112, -0.04488029027371367, 0.1493629169957252], "aligned_model": [[-0.41297321441947893, 0.4107901253518625, 0.10866527771095674, -0.054097968291960424, -0.3642238229969706, -0.16667935128195577, 0.584742488579917, -0.5913233151932313, -0.3625340830502973, -0.4109139073938218, 0.7339909897027879, 0.5098833125683533, 0.3532594755620122, 0.08122390520452963], [0.021278055282255327, 0.039378750681382475, -0.4726060529818296, 0.4932826219913502, -0.5130408202605886, -0.6674200087071778, -0.3291568084233266, -0.1026218628993909, 0.5652908737400442, -0.2071764368108072, -0.08224293797867255, 0.5486873387822825, -0.6139115329643482, -0.016244541100684726], [-0.5783398047546188, -0.5948685837068747, -0.6931805566140786, -0.211180711376484, -0.23327506149210633, 0.35642545953775584, -0.15925598342385808, 0.10169688914191066, 0.3232218785295159, 0.5773071831437148, 0.31939452693647197, 0.4938935835507421, 0.4653040117884103, 0.04675353179659622]], "inverted": false, "swapped": true, "error_lsq": 0.04781887529993479, "error_max": 0.3557573194545249, "target": "684.xyz", "model": "3.xyz", "model_rescale": 3.9243930471874484, "target_rescale": 4.169553776660914},
{"mapping": [14, 7, 9, 0, 10, 1, 2, 13, 11, 8, 12, 4, 15], "R": [[0.05145691289607768, 0.24389124939089013, -0.9684364948646641], [-0.8702334878867719, -0.46478972239422567, -0.16329173438090153], [-0.4899447547179475, 0.8511683572756037, 0.18832568836226493]], "T": [-0.09820767268848947, -0.08581906011304485, 0.08787203555053603], "aligned_model": [[0.0790768717689871, -0.33374248138342927, 0.6457563328835909, 0.14335388525995202, 0.618174559508111, -0.4854001990631394, -0.3228766241933667, 0.33600560512631156, 0.1918045440069019, -0.5389739801085035, 0.42622739827277606, -0.42232252684688243, -0.05987749891995692], [-0.5081249916459596, 0.12112070597699279, -0.3541551249759991, -0.644892414494155, 0.19671469515230733, -0.46481125314337063, -0.6177625522912338, 0.27197034126556696, 0.5798104584203319, 0.5581482345871192, 0.12029130407540503, -0.07845820961047566, -0.05202163963494237], [-0.5650055871502812, -0.5102691179436293, -0.429947172864084, 0.012055378525549457, -0.06586775369033114, -0.33213180239811846, 0.3190422971480487, -0.633018624164331, -0.0052843097770056136, -0.11938406518086779, 0.5406956883530268, 0.597087857993831, -0.020902473480843828]], "inverted": true, "swapped": true, "error_lsq": 0.043464406697526596, "error_max": 0.26205366371466476, "target": "684.xyz", "model": "4.xyz", "model_rescale": 3.8936222436046832, "target_rescale": 4.169553776660914},
{"mapping": [3, 8, 4, 2, 5, 11, 13, 10, 0, 1, 6, 15], "R": [[-0.9298824950918486, -0.3637991370895204, -0.0544860823943038], [0.2801227552892145, -0.7962993875644616, 0.5361329381166976], [-0.23843193429349469, 0.4832778426716708, 0.8423732780019074]], "T": [-0.022125021450297773, -0.021436318487604033, -0.04039719087473943], "aligned_model": [[0.04979240216344783, -0.6666719218642391, -0.12564390026360328, 0.45281704829222147, -0.646169402698485, -0.6422909220977996, -0.24113678223859555, -0.22014420906081644, 0.5603251205245683, 0.37655054391493, 0.16763947248753056, -0.03751940694406222], [-0.5196893653343436, -0.5025104375975524, 0.11533123138086775, 0.007224357666938314, 0.31146050812177617, 0.08894273197692741, -0.24655870230704324, 0.35857960883052176, 0.11496749860600534, -0.5772928804335075, 0.5920944704051742, -0.07362611620595694], [-0.6376800532875314, -0.1114668101214751, -0.6191750875372245, -0.44100710403109994, -0.13669856643580688, 0.3325083834238421, 0.8184343004980081, 0.6176613510421384, 0.09674871003236178, -0.08553736004052222, -0.2812627457349419, 0.06675970146776965]], "inverted": false, "swapped": true, "error_lsq": 0.04522403976793262, "error_max": 0.24534175217987403, "target": "684.xyz", "model": "5.xyz", "model_rescale": 3.6523030999806103, "target_rescale": 4.169553776660914},
{"mapping": [3, 4, 5, 8, 11, 1, 12, 7, 0, 9, 10, 13, 15], "R": [[0.5939625235657019, 0.8043382069103071, -0.015766087142187954], [0.6205082907913404, -0.4455643753513813, 0.6453230574502532], [0.5120331841381692, -0.3930806995033532, -0.7637470667827682]], "T": [-0.07185956797886922, -0.07695180263471987, 0.14399446434233576], "aligned_model": [[-0.031779687604139274, -0.18580997380638187, 0.2717188336222006, 0.6877174570235585, 0.48553340624127245, -0.15068924553998927, -0.19261071143013725, 0.4025995186208753, -0.5972469096958817, -0.2879406808216868, 0.06576723475514473, 0.42244905932798954, -0.008625396028530186], [-0.652795019919611, -0.015111357121872365, 0.47769500823587485, -0.2204267246426313, 0.36594395377951017, -0.7506736974856565, 0.635739609265486, -0.48752619835497024, -0.1950629354454792, 0.036603237480025225, 0.4631944330416169, -0.020407675348380144, -0.09634572932072899], [0.6702769213361531, 0.733567563239628, 0.43355696021035184, 0.3771930825496324, -0.026311929227092246, 0.04479240244847932, 0.1512745176619193, -0.1057870264082384, -0.15042202434258678, -0.7692621389369843, -0.4091471590427138, -0.6232730980328179, 0.043651668026058243]], "inverted": false, "swapped": true, "error_lsq": 0.05033936263218946, "error_max": 0.2928282495682594, "target": "684.xyz", "model": "6.xyz", "model_rescale": 4.08911054899281, "target_rescale": 4.169553776660914},
{"mapping": [13, 9, 14, 11, 8, 3, 7, 1, 5, 10, 4, 6, 2, 0, 15], "R": [[-0.999127227936089, 0.026332168436754115, 0.0324252880043543], [-0.035695905040988095, -0.13510542173284668, -0.9901880262766738], [-0.02169296568133718, -0.9904812678308503, 0.13592745607911694]], "T": [-0.04970371218503716, 0.0313488581008138, 0.05185179828312971], "aligned_model": [[0.05209922461468465, 0.503984613914136, 0.6618333892542758, -0.5463673800224951, -0.5246299676123298, -0.00866956373194791, 0.06586218501283297, 0.46117415385463195, -0.7435654597228682, -0.15603711189820307, -0.34452690429781013, -0.11648918109863651, 0.2665628430231154, 0.4843224939249123, -0.019219795414743328], [-0.6660835212281868, -0.734663355709301, -0.20997648335205543, -0.43322090271400715, 0.21525842486676605, 0.789151140628705, 0.02627038984981806, 0.36674714551021886, -0.11215170417978959, -0.7465543780488744, 0.47360768049953095, 0.005962649482361422, 0.44056261748634307, -0.07054969136192377, -0.043601195560492335], [-0.530781884193361, 0.0351801537524695, -0.21553992294781163, -0.21897653265186853, -0.574683299575145, -0.1331534219123133, -0.6134994510316716, -0.258741430141946, 0.13839141809902714, 0.06683550811864017, 0.33801922136929063, 0.7340116396333509, 0.39739379525950447, 0.336625154033054, -0.03701091572913998]], "inverted": false, "swapped": true, "error_lsq": 0.048483054748857016, "error_max": 0.3431177643466474, "target": "684.xyz", "model": "7.xyz", "model_rescale": 3.964800864290218, "target_rescale": 4.169553776660914},
{"mapping": [6, 5, 12, 2, 9, 3, 0, 11, 8, 7, 1, 14, 13, 15], "R": [[-0.6112115530749781, -0.4688500505111729, -0.6376519956240584], [0.7179351353781752, 0.010692791207749963, -0.6960278770320261], [0.333150984956063, -0.8832130515067462, 0.33006836696500785]], "T": [-0.04344142771852916, -0.10531791510372081, -0.009879169080580633], "aligned_model": [[-0.25337695384901804, 0.42636395194917326, 0.28046957871138245, -0.6544570439607418, 0.19212685805866098, -0.5378220010601078, -0.3902471785499613, 0.6822365149945262, 0.3440784689675454, 0.1535737825204775, -0.4574521113842226, -0.17699920700971042, 0.6252950608163481, 0.02739816925652125], [-0.05551581225670634, -0.5130279100622595, -0.05196153147346484, -0.10062709113280406, 0.8093711459967142, -0.5990740829580314, 0.3915087401201926, -0.19775352479477354, -0.6540122422400252, -0.09684069662798614, 0.012937439676170212, 0.5484258033744394, 0.36139629524843947, -0.04387806668870209], [-0.6609503119039423, -0.3599950172154183, -0.6539270265080365, -0.12614446642554566, 0.02852554593378208, 0.3393596140629788, -0.10761459351376294, -0.036242552230787164, 0.4381016014122612, 0.6360207427487109, 0.5235692198254752, 0.42693059486249396, 0.4038926574024181, 0.0652890302743943]], "inverted": true, "swapped": true, "error_lsq": 0.04051961129051934, "error_max": 0.2833959695985342, "target": "684.xyz", "model": "8.xyz", "model_rescale": 4.121658175737393, "target_rescale": 4.169553776660914},
{"mapping": [2, 1, 14, 0, 3, 4, 7, 11, 13, 8, 6, 10, 15], "R": [[-0.1390995122712304, 0.5396383402250982, 0.8303263138339093], [-0.17709298531116047, -0.8385166387853609, 0.5152940141644208], [0.9743148363026642, -0.075367819652703, 0.21220342014517746]], "T": [-0.11537892682519282, 0.060151963057170056, 0.028237561301557364], "aligned_model": [[-0.5673166321205406, -0.19188876309934685, 0.3395216263639006, -0.04770434924041998, -0.7050777607503638, -0.6819396895038099, 0.1884856480855601, 0.3220641331419868, 0.7676589667483849, -0.10234041403775115, -0.3903767200210937, 0.5516254713257427, -0.005974020457052406], [0.267077239032674, -0.26412082565727735, 0.03466254282881643, 0.4491322259778747, -0.39614925796843714, 0.09562654462662706, -0.5197934580931158, -0.08852740413604776, -0.17689031614900877, -0.6598204393399516, 0.6755688775910348, 0.35933125264867977, 0.014290458049841553], [-0.345679471184163, -0.5708866012912869, -0.6263134878149554, -0.44163228657839665, -0.204613277651516, 0.23355641306226277, -0.13730150055641283, 0.5960278936496068, 0.04534913678583911, 0.39346850558382485, 0.15506438275502799, 0.31505045116876723, 0.00898527603049111]], "inverted": false, "swapped": true, "error_lsq": 0.04278659751822249, "error_max": 0.33845585146073104, "target": "684.xyz", "model": "9.xyz", "model_rescale": 3.833441315466971, "target_rescale": 4.169553776660914},
{"mapping": [4, 3, 11, 13, 7, 8, 1, 9, 12, 10, 6, 0, 2, 5, 15], "R": [[0.4640832353900479, 0.8819781796622479, 0.0821050621434074], [0.534650228120688, -0.20500504069164593, -0.8198305110579338], [-0.7062406701687475, 0.4243670862480785, -0.5666892375093374]], "T": [0.003350473246427517, -0.05148522821254195, 0.02270510179846147], "aligned_model": [[0.2199389372672724, 0.02436200291575013, -0.5512030615792125, -0.611783562653903, -0.5276701419217998, -0.7113007035039266, 0.02880895499823543, 0.06496061288612254, 0.16047007092781013, -0.19895297768802528, 0.5637804652424063, 0.46348991756043695, 0.5321009435671177, -0.2560546329663774, -0.0771018067573746], [-0.6041309915908586, -0.6351494755750032, 0.07012478699743427, 0.6249459406708995, 0.07135060997183199, -0.4211169734199892, -0.012551329521421212, 0.8917633123532924, 0.03688762672273013, 0.5253044487763577, -0.12305509719565023, 0.3116722029908915, -0.23579422868028135, -0.33352254883094934, 0.034373255625693724], [0.13260265457343295, -0.4960140844816325, 0.484797330323623, 0.03969807898395511, -0.37604546625579394, -0.04489648246358319, -0.6612483878406525, 0.033183618398336334, 0.7227526408645333, 0.5157078710870366, 0.4116045560563913, -0.15909572132395153, -0.24809526557632977, 0.6249422498706267, -0.001771684393899256]], "inverted": true, "swapped": true, "error_lsq": 0.04092515668514532, "error_max": 0.2697231649394188, "target": "684.xyz", "model": "10.xyz", "model_rescale": 4.2482417240324, "target_rescale": 4.169553776660914},
{"mapping": [7, 8, 4, 5, 14, 0, 1, 12, 11, 9, 13, 15], "R": [[0.5350748988883013, -0.8409229754163523, 0.08089129740944506], [-0.7845907943744648, -0.45915208388695017, 0.4166493120660561], [-0.31322857143389843, -0.28640515581808285, -0.9054611801498168]], "T": [0.12075548473868397, 0.06345801782810334, 0.13546173038935083], "aligned_model": [[-0.4971321900266276, -0.13489245274009926, 0.5286798093341278, 0.5752027422940056, -0.4995580813410377, 0.06038621168010984, -0.41601015145355463, 0.709023586862159, 0.16386162806459648, -0.2109773886728828, -0.4306401303159983, 0.02882201867820841], [-0.19574258918893261, -0.6999118347375577, -0.15949062988132653, -0.389436820397529, 0.5587793126226808, 0.666191220006581, 0.19236205337480478, 0.15164820894554906, -0.3198667115069847, 0.7365283802314192, 0.06045828478105758, 0.06461251580087804], [0.05117994650452633, 0.07353834266522119, 0.5205552521742884, -0.17741140281004636, 0.05872064364091831, 0.23410961532322408, 0.5419377569552914, -0.2753009950765155, -0.48667318965459017, -0.43947566259227444, -0.59405293494219, 0.058064917666503235]], "inverted": false, "swapped": true, "error_lsq": 0.04625912932736592, "error_max": 0.2775625363684453, "target": "684.xyz", "model": "11.xyz", "model_rescale": 3.6694154284099745, "target_rescale": 4.169553776660914},
{"mapping": [1, 2, 6, 4, 3, 14, 7, 13, 5, 11, 10, 8, 0, 15], "R": [[-0.6466813196842365, -0.1664905573858424, 0.7443682993470411], [-0.48615646692756687, 0.8419484815022993, -0.23403983455915806], [-0.5877543368074456, -0.5132286515748357, -0.6254128162795483]], "T": [0.0475633750788511, 0.1356984135111306, -0.07760836718667578], "aligned_model": [[0.026310668570581272, 0.023145921210177098, -0.11660319734518783, 0.46953366698257093, 0.596072977555962, -0.518200347568644, 0.15347430930870398, -0.3392854098113719, 0.38611480321388464, 0.13289539469630934, -0.4237395560115407, 0.6664746504953752, -0.4582588395186421, 0.00032980847763201815], [-0.4309148723816935, 0.21758839107327155, 0.7559314171254552, 0.468075291973326, -0.14561315994341623, -0.41630457573382423, -0.4904421352989649, -0.31910929704298835, 0.5762778087286484, 0.21545092357805196, 0.30699819372786374, -0.1873939080255808, 0.1258476042993919, 0.054595606056713236], [-0.462905739959615, -0.6937070005316406, -0.3201102544434224, -0.3530571973661763, -0.5573750259638829, -0.18355840133263884, 0.15218379879389893, 0.6150212117970361, 0.37049694285380746, 0.6450297372725099, 0.5267050289170813, 0.3279580153166296, -0.4250418372459526, -0.002543818455219324]], "inverted": true, "swapped": true, "error_lsq": 0.04361637673784808, "error_max": 0.26065621884138523, "target": "684.xyz", "model": "12.xyz", "model_rescale": 3.9764082729961374, "target_rescale": 4.169553776660914},
{"mapping": [9, 2, 1, 8, 10, 14, 12, 7, 3, 5, 6, 14, 13, 4, 0, 15], "R": [[0.021942729504002778, -0.4077461683717322, -0.9128316267527572], [0.36761877394903547, -0.8457938239463548, 0.38663838973181425], [-0.9297176741689501, -0.34405794505050064, 0.13133612140422224]], "T": [-0.04358760751969533, 0.010007092721371652, 0.11202806483991745], "aligned_model": [[-0.599059522058427, -0.5060983321474911, -0.35015003870735234, 0.13607942786360422, 0.15830487804458898, 0.7258948275231079, -0.13211115515433425, -0.2635754253523653, 0.4624273529986292, -0.5003100739250774, 0.32287024623733945, 0.7258948275231079, 0.3773267702474639, -0.20855306185448502, -0.6818413973732835, -0.003825596076430675], [-0.18424871133815698, 0.23267692889986327, -0.33176256666772874, 0.12491810554012432, -0.5115016456837929, 0.1555780040214096, -0.6207241684230937, 0.7038812231997854, 0.5796173016875994, -0.016004896929408235, 0.10553651295531709, 0.1555780040214096, -0.3694099263276447, 0.5746301197954451, 0.3555764187083371, 0.10791622791580607], [0.23537619520873965, -0.4985138973270037, -0.32676067016403276, -0.5618918504156665, -0.4653928899218527, 0.27175887438818125, 0.15146399614067185, -0.09089495007222931, -0.2456540802088676, 0.814560534487912, 0.7755350934302598, 0.27175887438818125, 0.34301368870370325, 0.5241578477397395, 0.1299689170133007, 0.13255751842576707]], "inverted": true, "swapped": false, "error_lsq": 0.04573087444603814, "error_max": 0.29599126328369385, "target": "684.xyz", "model": "13.xyz", "model_rescale": 4.170626492500431, "target_rescale": 4.169553776660914},
{"mapping": [10, 9, 12, 0, 5, 3, 2, 13, 11, 14, 7, 1, 8, 15], "R": [[0.63765391980799, 0.6391091248029137, 0.43004302708817327], [0.6214984043245491, -0.09699555644444674, -0.7773876738488149], [-0.4551232931586174, 0.7629753525663107, -0.4590548980250286]], "T": [-0.13020182003734693, 0.16668010565689861, -0.006058555186836373], "aligned_model": [[0.34157969119563186, -0.046342085801955035, 0.03779191237713311, -0.5670475658864601, 0.31634605706751906, -0.45159691805077457, -0.7441815802799344, 0.523975388629467, 0.5788069582168065, -0.2751969004580497, 0.19393948748582246, -0.43662050861153845, 0.4280337016961072, -0.05630461548813076], [-0.3564205532227501, -0.7748121264640451, 0.08507612456856017, -0.26383603246503246, 0.5056449521406865, 0.7207749080737372, 0.2648186756811884, -0.4164376830608386, 0.14173578776954626, -0.47230653730573013, 0.10320254753080543, 0.0975634773429247, 0.6291284492474685, 0.09194247808914477], [-0.3531214523763171, -0.019598855258318698, -0.7044007224353993, -0.028077103957797375, -0.4478995539299835, 0.44099756338319285, 0.010596221129061445, 0.2552144701630975, -0.18642534762386162, 0.44857733924297205, 0.5829886116607859, 0.60327455382079, 0.3495234149351373, 0.052223962367506836]], "inverted": false, "swapped": true, "error_lsq": 0.045348614290593225, "error_max": 0.28730765506775086, "target": "684.xyz", "model": "14.xyz", "model_rescale": 3.9786697098870705, "target_rescale": 4.169553776660914},
{"mapping": [4, 8, 2, 6, 1, 14, 11, 13, 0, 12, 7, 15], "R": [[0.6676759375643182, 0.7102087955319771, -0.22318671364269652], [0.742490264640459, -0.6570360831001473, 0.1304292621253274], [-0.054009714975638196, -0.2527984419521503, -0.9660102993419974]], "T": [0.047608361940312954, -0.07455583291626078, -0.08864089971662534], "aligned_model": [[0.02368295771879786, -0.7511976787622331, 0.4721036672053104, 0.5168306963127217, 0.11620130743473853, 0.33845610906901014, -0.43365190963107847, -0.25102631723912006, 0.6211317420638166, 0.19610848325553354, -0.3739714185433186, 0.008686957883157695], [-0.4542386981943027, -0.012029742490578324, -0.033864764056274, -0.5717149024172916, 0.5361782596500617, 0.6209002226796871, -0.303877187098835, 0.33576199700559745, 0.1359854519437888, -0.6862691495656923, 0.4464246761073767, 0.0014183266609012063], [-0.5573346925920293, -0.18825667679891997, -0.5414407221670084, -0.14440888458217815, -0.3923763681023712, 0.17168536184746494, 0.4130045068936956, 0.6720787440900066, -0.030275951665082235, 0.26677071886182024, -0.0054342274809427715, -0.00404531443062546]], "inverted": true, "swapped": true, "error_lsq": 0.04873931844409857, "error_max": 0.2530378131760625, "target": "684.xyz", "model": "15.xyz", "model_rescale": 3.769337070930944, "target_rescale": 4.169553776660914},
{"mapping": [7, 13, 4, 5, 1, 14, 2, 9, 6, 12, 15], "R": [[-0.9203235923163856, -0.3369732682198141, -0.19862905610992676], [0.36844191647313407, -0.5762657424688248, -0.7294986965323915], [0.13135843943754555, -0.7445581310832026, 0.6545060349809017]], "T": [-0.05093307341045665, 0.17481696021143217, -0.06672032999366784], "aligned_model": [[-0.1652254693495123, -0.3410816692869086, -0.10236713772695051, -0.6895232960533546, 0.4017798056161579, 0.438699554618648, 0.46049438011545124, 0.23356996559662097, 0.1045792159517729, -0.34528001520626767, -0.07301920358448671], [-0.1846855221312496, -0.6856485665227832, 0.7755482978815671, 0.3843640029291685, 0.08688953681871847, -0.42864686008243497, 0.5283858052761328, -0.6611219097007506, 0.4982841603089004, 0.2204724253513679, 0.06222312749670557], [-0.6268709934938119, -0.17465845693038817, -0.03702569071692685, 0.17373383674529141, -0.5739443200896327, -0.24592023764010545, -0.049092565878239236, 0.270752105120392, 0.5177723610773245, 0.591943729125807, -0.10247216009593335]], "inverted": false, "swapped": true, "error_lsq": 0.04485268525435892, "error_max": 0.21992094960773784, "target": "684.xyz", "model": "16.xyz", "model_rescale": 3.7852294659196426, "target_rescale": 4.169553776660914},
{"mapping": [11, 9, 14, 13, 12, 6, 2, 0, 7, 8, 4, 1, 15], "R": [[-0.1676970202263982, 0.8569166899126452, -0.4874130650242595], [0.238159237396684, -0.44455616285927035, -0.8635102753913657], [-0.9566388488085863, -0.2608900239813665, -0.12953188154730533]], "T": [-0.039852340851923934, 0.20961886199361965, -0.04087414102178261], "aligned_model": [[-0.05281134294334697, -0.21374643996929368, 0.23789387474842902, 0.24885821521368448, -0.6827916018885717, -0.6826621757215295, -0.14706970695478658, -0.24429330723825843, 0.5847829830883629, 0.5169406488306975, -0.1871560392453562, 0.4573167372266673, 0.01850400506958516], [-0.1597218053245669, -0.6438798656945979, -0.29170221746936564, -0.6360896873104551, 0.09038010515433245, 0.4219263146919688, 0.6026051783562261, 0.059457918318998354, -0.03851055038226178, 0.30911511060858343, 0.7833689094732945, 0.2731401051058818, 0.10496610817483629], [-0.6727502223700836, 0.3264461307069718, 0.5137027379955432, -0.23493865113107582, -0.34905284226913436, 0.06943392450670316, 0.42917468415045895, 0.517980714551324, -0.10672290106861157, -0.6170737321725795, -0.15714055100130553, 0.42682695821348315, -0.05013155296852012]], "inverted": false, "swapped": true, "error_lsq": 0.04979264304306726, "error_max": 0.35391872626487125, "target": "684.xyz", "model": "17.xyz", "model_rescale": 3.901054581598922, "target_rescale": 4.169553776660914},
{"mapping": [12, 6, 9, 10, 2, 14, 4, 5, 0, 7, 3, 8, 11, 13, 15], "R": [[-0.9904716503495417, -0.04994105762173319, 0.12834251289996665], [-0.04266655817478682, -0.7747981764131477, -0.6307672713769942], [0.1309407295969169, -0.6302330335601934, 0.7652848154394176]], "T": [0.03706686057166659, -0.08103224562971985, 0.0512888527527636], "aligned_model": [[0.3283281641281041, 0.04088998755609079, -0.5760652471695443, 0.07516699815539052, -0.27258296010676086, -0.6659719287204151, 0.3419520300925213, 0.7058479476852887, -0.5267619386125107, -0.019243307043269015, 0.07709445262000278, 0.5794217912638646, 0.5144438190826219, -0.0717325346664445, 0.008298936824094875], [-0.10077743331429258, -0.5280111576916561, 0.4891524331452794, 0.47740503733982537, -0.6165093672811157, 0.2765853759312769, -0.599044065354609, -0.03400644146843131, -0.2019034851537605, 0.3766493933723909, -0.5086058816590631, 0.21309206349371373, 0.4442177668903487, 0.8261688163590339, 0.034344295218164775], [-0.610027914788586, -0.4689438292934308, -0.38755265444910125, -0.49949325368574926, 0.11656478422711444, 0.1690487662829109, 0.10709353592888685, -0.19375414986328385, -0.1588311034777651, 0.5446753490649462, 0.7037868296774242, 0.5721208080195578, -0.1277963512168305, 0.01405050751598605, 0.06872508090989693]], "inverted": true, "swapped": true, "error_lsq": 0.04528790254527403, "error_max": 0.3003098307585656, "target": "684.xyz", "model": "18.xyz", "model_rescale": 3.9405287249114394, "target_rescale": 4.169553776660914},
{"mapping": [1, 2, 6, 5, 8, 7, 0, 11, 9, 3, 12, 13, 4, 14, 10, 15], "R": [[0.6050931771843345, -0.7879281546061223, -0.11415546462591523], [-0.6775837315183539, -0.43437205564762876, -0.5934654194256958], [0.4180221689176677, 0.4364517618837669, -0.7967228663983009]], "T": [0.03607524392980197, 0.04863494885897768, 0.1842606551507811], "aligned_model": [[-0.4706261932976392, -0.6547312830604788, -0.30372550226441203, -0.07325437404634494, 0.2266722669910786, 0.7023388399447834, 0.05199971552040258, 0.04547334759756909, 0.5029750484436082, -0.6532459908803863, 0.01356298881639681, 0.4499961722264474, 0.4950646684522873, -0.12782374120356008, -0.5453551798070362, 0.003952944355878875], [-0.3668840894417571, 0.14293573022799938, -0.36819323850916075, 0.15787370409514306, -0.3656972825309768, -0.04169880538975125, -0.6332075324523216, 0.7301318858179476, 0.39652088289346715, 0.10165505011449774, -0.05176603941520688, 0.5270449000190798, -0.45289612446798866, 0.648563180975273, 0.5751243516763508, 0.06275035776267572], [0.26247194781825123, -0.33460251362675425, -0.3344619785307151, -0.632670536410975, -0.41929028086668335, -0.02444531603801514, 0.09759174584783659, -0.04959144012058481, -0.31572914114755896, 0.681707837248114, 0.7223609265990203, 0.41036512021283866, 0.45344520017537426, 0.6457389331425585, 0.13276688833640946, 0.16538580917768816]], "inverted": true, "swapped": false, "error_lsq": 0.04100188823713489, "error_max": 0.31389022494736335, "target": "684.xyz", "model": "19.xyz", "model_rescale": 4.410303926677745, "target_rescale": 4.169553776660914},
{"mapping": [6, 5, 12, 2, 9, 3, 0, 11, 8, 7, 1, 14, 13, 15], "R": [[-0.6112115530749781, -0.4688500505111729, -0.6376519956240584], [0.7179351353781752, 0.010692791207749963, -0.6960278770320261], [0.333150984956063, -0.8832130515067462, 0.33006836696500785]], "T": [-0.04344142771852916, -0.10531791510372081, -0.009879169080580633], "aligned_model": [[-0.25337695384901804, 0.42636395194917326, 0.28046957871138245, -0.6544570439607418, 0.19212685805866098, -0.5378220010601078, -0.3902471785499613, 0.6822365149945262, 0.3440784689675454, 0.1535737825204775, -0.4574521113842226, -0.17699920700971042, 0.6252950608163481, 0.02739816925652125], [-0.05551581225670634, -0.5130279100622595, -0.05196153147346484, -0.10062709113280406, 0.8093711459967142, -0.5990740829580314, 0.3915087401201926, -0.19775352479477354, -0.6540122422400252, -0.09684069662798614, 0.012937439676170212, 0.5484258033744394, 0.36139629524843947, -0.04387806668870209], [-0.6609503119039423, -0.3599950172154183, -0.6539270265080365, -0.12614446642554566, 0.02852554593378208, 0.3393596140629788, -0.10761459351376294, -0.036242552230787164, 0.4381016014122612, 0.6360207427487109, 0.5235692198254752, 0.42693059486249396, 0.4038926574024181, 0.0652890302743943]], "inverted": true, "swapped": true, "error_lsq": 0.04051961129051934, "error_max": 0.2833959695985342, "target": "684.xyz", "model": "20.xyz", "model_rescale": 4.121658175737393, "target_rescale": 4.169553776660914},
{"mapping": [3, 4, 5, 8, 11, 1, 12, 7, 0, 9, 10, 13, 15], "R": [[0.5939625235657019, 0.8043382069103071, -0.015766087142187954], [0.6205082907913404, -0.4455643753513813, 0.6453230574502532], [0.5120331841381692, -0.3930806995033532, -0.7637470667827682]], "T": [-0.07185956797886922, -0.07695180263471987, 0.14399446434233576], "aligned_model": [[-0.031779687604139274, -0.18580997380638187, 0.2717188336222006, 0.6877174570235585, 0.48553340624127245, -0.15068924553998927, -0.19261071143013725, 0.4025995186208753, -0.5972469096958817, -0.2879406808216868, 0.06576723475514473, 0.42244905932798954, -0.008625396028530186], [-0.652795019919611, -0.015111357121872365, 0.47769500823587485, -0.2204267246426313, 0.36594395377951017, -0.7506736974856565, 0.635739609265486, -0.48752619835497024, -0.1950629354454792, 0.036603237480025225, 0.4631944330416169, -0.020407675348380144, -0.09634572932072899], [0.6702769213361531, 0.733567563239628, 0.43355696021035184, 0.3771930825496324, -0.026311929227092246, 0.04479240244847932, 0.1512745176619193, -0.1057870264082384, -0.15042202434258678, -0.7692621389369843, -0.4091471590427138, -0.6232730980328179, 0.043651668026058243]], "inverted": false, "swapped": true, "error_lsq": 0.05033936263218946, "error_max": 0.2928282495682594, "target": "684.xyz", "model": "21.xyz", "model_rescale": 4.08911054899281, "target_rescale": 4.169553776660914},
{"mapping": [8, 5, 6, 10, 7, 13, 0, 9, 12, 1, 2, 3, 4, 15, 11, 16], "R": [[0.8905099574648261, -0.45377099106745106, 0.03292268703579895], [0.2551287687826245, 0.5579745471030544, 0.7896668386886989], [-0.37669792539308733, -0.6948066583235977, 0.6126519244675066]], "T": [-0.03298590817628694, 0.10885655257328565, 0.10770409571744632], "aligned_model": [[-0.686588693232441, -0.4978362031877289, -0.31422537621685903, -0.07110259618919475, 0.2803303220858857, 0.600111954253016, 0.06667613435143746, -0.06679179178706934, 0.49558578846240625, -0.4985794472524601, 0.0958534397435302, 0.7466303836130832, 0.41760778232287993, -0.18901508807497966, -0.7131644414164997, -0.0022184396864114164], [-0.11911474427098366, 0.37537285193548114, -0.46640153765375025, 0.14525456340822673, -0.28708946106167904, -0.05382848027241251, -0.6510896905274887, 0.6951395818758191, 0.39300014233583697, -0.18819999680386085, 0.08810774663907452, 0.3084932515025439, -0.23708961526864308, 0.593479770033103, 0.39348225156196026, 0.07274029794204333], [0.06777283926270675, -0.3512210826615828, -0.273801631364033, -0.6975025312529995, -0.39315105514986304, 0.010489679586505957, 0.22008106424523377, -0.2956282527839569, -0.3222306527542599, 0.6777729021861973, 0.8177912304080794, 0.4342350273482768, 0.5121528080476798, 0.6295299766520828, 0.31322393576421353, 0.11152894428252316]], "inverted": false, "swapped": false, "error_lsq": 0.04220709185496998, "error_max": 0.3379496666188263, "target": "684.xyz", "model": "22.xyz", "model_rescale": 4.204369325754507, "target_rescale": 4.169553776660914},
{"mapping": [1, 2, 6, 5, 8, 7, 0, 11, 9, 3, 12, 13, 4, 14, 10, 15], "R": [[0.6050931771843345, -0.7879281546061223, -0.11415546462591523], [-0.6775837315183539, -0.43437205564762876, -0.5934654194256958], [0.4180221689176677, 0.4364517618837669, -0.7967228663983009]], "T": [0.03607524392980197, 0.04863494885897768, 0.1842606551507811], "aligned_model": [[-0.4706261932976392, -0.6547312830604788, -0.30372550226441203, -0.07325437404634494, 0.2266722669910786, 0.7023388399447834, 0.05199971552040258, 0.04547334759756909, 0.5029750484436082, -0.6532459908803863, 0.01356298881639681, 0.4499961722264474, 0.4950646684522873, -0.12782374120356008, -0.5453551798070362, 0.003952944355878875], [-0.3668840894417571, 0.14293573022799938, -0.36819323850916075, 0.15787370409514306, -0.3656972825309768, -0.04169880538975125, -0.6332075324523216, 0.7301318858179476, 0.39652088289346715, 0.10165505011449774, -0.05176603941520688, 0.5270449000190798, -0.45289612446798866, 0.648563180975273, 0.5751243516763508, 0.06275035776267572], [0.26247194781825123, -0.33460251362675425, -0.3344619785307151, -0.632670536410975, -0.41929028086668335, -0.02444531603801514, 0.09759174584783659, -0.04959144012058481, -0.31572914114755896, 0.681707837248114, 0.7223609265990203, 0.41036512021283866, 0.45344520017537426, 0.6457389331425585, 0.13276688833640946, 0.16538580917768816]], "inverted": true, "swapped": false, "error_lsq": 0.04100188823713489, "error_max": 0.31389022494736335, "target": "684.xyz", "model": "23.xyz", "model_rescale": 4.410303926677745, "target_rescale": 4.169553776660914},
{"mapping": [5, 4, 2, 3, 0, 7, 12, 10, 1, 15, 14, 11, 13, 9, 8, 16], "R": [[-0.6101207589364347, -0.6021561977716234, 0.5149374457155458], [-0.7799781026444264, 0.5706908670612807, -0.2567997150466579], [-0.13923655737639407, -0.5583187689287057, -0.8178589935630133]], "T": [0.02236945859815028, 0.06692298661884391, 0.20104780045820952], "aligned_model": [[-0.44203211255334396, -0.5325263488956049, -0.3559765528512101, -0.10204606814632441, 0.17588445251161045, 0.6461204992805981, 0.0956961758210434, -0.09675746893344775, 0.563743994250138, -0.469831739195199, 0.13056828150231012, 0.439551514040958, 0.4057431606285195, -0.1800502268550525, -0.6437764201031373, 0.028962587286737694], [-0.353591950672578, 0.14740901425439118, -0.2723187446743077, 0.21417085556490004, -0.39454798829753424, -0.11184509814320973, -0.7271889751798329, 0.6692468870730675, 0.3865442650805131, 0.06024986194636972, 0.1297496035709816, 0.49837640375267356, -0.3658840601602422, 0.5506911072545911, 0.5462050166846713, 0.08499073332081677], [0.14536654998062332, -0.19832297360075135, -0.5570176944351839, -0.6776386205304168, -0.37676142155165543, 0.056453513571180114, 0.10012595221280451, -0.015282133564123557, -0.38298233581256563, 0.7177756215910058, 0.8662513940587997, 0.4023648838635145, 0.6009093873592679, 0.5437060267215924, 0.15366561815596846, 0.08242943379674374]], "inverted": true, "swapped": false, "error_lsq": 0.04039024333482079, "error_max": 0.2467279400469107, "target": "684.xyz", "model": "24.xyz", "model_rescale": 4.28219845311461, "target_rescale": 4.169553776660914},
{"mapping": [11, 12, 10, 14, 6, 0, 8, 13, 2, 9, 3, 4, 1, 7, 9, 15], "R": [[-0.0396354053967608, 0.4126628350210766, -0.9100211092229684], [0.9869955542608402, 0.1581590032840046, 0.02873161237290578], [0.155784500218639, -0.8970479999824857, -0.41356507978678636]], "T": [-0.03124508593600709, 0.0745701540048542, 0.11480983342300274], "aligned_model": [[-0.5111267528177593, -0.63603599737099, -0.2473498010596027, -0.16704140156516342, 0.461102595528425, 0.769078620127302, 0.023702715905494033, -0.10731751863373346, 0.38930314004626604, -0.5595794241700373, 0.1009311787795866, 0.5313526840652923, 0.24152500815490172, -0.1079899608689198, -0.5595794241700373, 0.04229806583757006], [-0.10004127904705853, 0.39290071987677366, -0.47953143200607984, 0.07732082233397267, -0.4270820600077788, -0.06459267937148064, -0.6148080745042017, 0.6411158262493888, 0.3515701816134146, 0.20522613649284546, 0.051462964906488905, 0.3966315861222075, -0.3414847221015682, 0.7007448677051217, 0.20522613649284546, 0.06759793662038004], [-0.0741385841066044, -0.2277007569392955, -0.41052339730716436, -0.6346542546959133, -0.44922558363326925, 0.0395114711860555, 0.05411012947539935, -0.04691661209980827, -0.3490761425624098, 0.5156408765843036, 0.8777258430319439, 0.4530534677426986, 0.5177641914889968, 0.5703989661337648, 0.5156408765843036, 0.10943271093380308]], "inverted": false, "swapped": false, "error_lsq": 0.046654241178449254, "error_max": 0.3393159060335783, "target": "684.xyz", "model": "25.xyz", "model_rescale": 4.100010024507729, "target_rescale": 4.169553776660914},
{"mapping": [7, 8, 4, 5, 14, 0, 1, 12, 11, 9, 13, 15], "R": [[0.5350748988883013, -0.8409229754163523, 0.08089129740944506], [-0.7845907943744648, -0.45915208388695017, 0.4166493120660561], [-0.31322857143389843, -0.28640515581808285, -0.9054611801498168]], "T": [0.12075548473868397, 0.06345801782810334, 0.13546173038935083], "aligned_model": [[-0.4971321900266276, -0.13489245274009926, 0.5286798093341278, 0.5752027422940056, -0.4995580813410377, 0.06038621168010984, -0.41601015145355463, 0.709023586862159, 0.16386162806459648, -0.2109773886728828, -0.4306401303159983, 0.02882201867820841], [-0.19574258918893261, -0.6999118347375577, -0.15949062988132653, -0.389436820397529, 0.5587793126226808, 0.666191220006581, 0.19236205337480478, 0.15164820894554906, -0.3198667115069847, 0.7365283802314192, 0.06045828478105758, 0.06461251580087804], [0.05117994650452633, 0.07353834266522119, 0.5205552521742884, -0.17741140281004636, 0.05872064364091831, 0.23410961532322408, 0.5419377569552914, -0.2753009950765155, -0.48667318965459017, -0.43947566259227444, -0.59405293494219, 0.058064917666503235]], "inverted": false, "swapped": true, "error_lsq": 0.04625912932736592, "error_max": 0.2775625363684453, "target": "684.xyz", "model": "26.xyz", "model_rescale": 3.6694154284099745, "target_rescale": 4.169553776660914},
