[{"mapping": [0, 4, 2, 8, 10, 3, 5, 9, 7, 6, 1, 11], "R": [[-0.6968738080423029, -0.6530646989818982, -0.2964344693322665], [-0.7115965662772912, 0.5780716433001633, 0.39932881448077107], [-0.08942719120596787, 0.48922354211130503, -0.8675615847402879]], "T": [0.13676167248218907, 0.019572560971093868, 0.0220585220946517], "aligned_model": [[-0.3799347773922669, 0.12285329012709395, 0.06727079136846345, 0.6653190987441059, -0.035498188924773494, 0.479841580924108, -0.6558338255384616, 0.6158821715448273, -0.24823251706579735, 0.4305037565883228, -0.16749467921723904, 0.06916762672378322], [0.21360728955695446, -0.027488414977413854, 0.7597288037536307, 0.3695400419982304, -0.6134139470163348, -0.4432841569460767, -0.09473489013195643, -0.2767988408847342, -0.1297109786176998, 0.23339415657704685, 0.5715383748755514, 0.03141464812477975], [-0.2575245546307586, -0.7841302201900411, -0.28792534732196745, -0.013343456071961107, 0.19930402082113502, -0.35489286719759466, 0.23980267395556734, 0.250014579193262, 0.8741718999312766, 0.6490755878372565, 0.3455432547333014, 0.0109650177809829]], "inverted": true, "swapped": false, "error_lsq": 0.056035532249252874, "error_max": 0.4515661068325172, "target": "685.xyz", "model": "0.xyz", "model_rescale": 3.751011558992144, "target_rescale": 4.069862929648906},
{"mapping": [13, 2, 5, 8, 7, 0, 11, 1, 6, 4, 10, 14], "R": [[0.5430275294659034, 0.6039585658547346, 0.583399651159349], [0.7235000377160232, 0.016134429867481787, -0.6901357660618411], [-0.42622622827211204, 0.7968523896579239, -0.42820260558453627]], "T": [0.017460969896538447, 0.05121173563989997, 0.0308550413789844], "aligned_model": [[-0.3538043796985885, 0.3176862726767167, -0.007991041038223401, 0.5794823547828881, -0.08025270581930147, 0.4124697669458886, -0.6262806953788607, 0.504055390923055, -0.07383672957223415, 0.5046111494870202, -0.17520829329390336, -0.03708676213229058], [0.1707540884060129, 0.0983809085853958, 0.5644390261391745, 0.37985773273035967, -0.5789788625666856, -0.5299831705792204, -0.01701318039925607, -0.33940222868753683, -0.2683064414989895, 0.4014848886588787, 0.6660609624867486, 0.0464983630370958], [-0.5818225772637478, -0.7381559719896776, -0.32416043775082803, -0.0977607572878981, 0.21248342932362707, -0.2549509238107899, 0.4974094520821546, 0.34122925057509246, 0.7041295840580403, 0.5461873523288342, 0.5380953506963192, 0.028376837879332793]], "inverted": true, "swapped": false, "error_lsq": 0.05257479534149681, "error_max": 0.3062428991586851, "target": "685.xyz", "model": "1.xyz", "model_rescale": 3.9405287249114394, "target_rescale": 4.069862929648906},
{"mapping": [5, 9, 8, 3, 0, 11, 2, 6, 1, 7, 4, 12], "R": [[0.47593797901945045, -0.18774592075745453, 0.859205743326834], [0.5108761506686543, -0.7362040059021175, -0.4438572071867861], [0.715883090179437, 0.6501962249449091, -0.2544725334147668]], "T": [0.12248338373663037, 0.07227469752076825, 0.08418818500836488], "aligned_model": [[-0.2910345037534997, 0.0448072949098654, 0.05168787119614174, 0.6035339320663518, -0.09872594225848391, 0.35829155423951886, -0.5495170709412794, 0.47258351145448285, -0.3057687653017209, 0.6132103874167706, 0.027344845739553703, 0.037431213114465345], [-0.350283863765524, 0.2978414945006353, 0.7466953304479644, 0.37695587146904214, -0.7120886424955581, -0.3413662351957644, -0.03401454132736116, -0.323828325273333, 0.009561332200222358, 0.1485856085046349, 0.681606175672472, 0.09412788157454707], [-0.33833222797319507, -0.6861800077507075, -0.29109114481939413, 0.13477900198207424, 0.2810906309228309, -0.44582122485400744, 0.04830484431412725, 0.21023575259593424, 0.7474328329418946, 0.70247089209313, 0.41789393893545695, 0.0902773004523155]], "inverted": false, "swapped": false, "error_lsq": 0.058771704633449086, "error_max": 0.3575106683524034, "target": "685.xyz", "model": "2.xyz", "model_rescale": 3.932901565614263, "target_rescale": 4.069862929648906},
{"mapping": [11, 8, 9, 7, 1, 3, 6, 0, 2, 4, 5, 13], "R": [[0.9119049009169939, -0.23076367827997518, 0.339378220382899], [0.40958589554502717, 0.5638445777217729, -0.7171601539017166], [-0.025862054329569173, 0.7929863914093683, 0.6086901816075256]], "T": [0.035405912169373846, 0.019457862379970936, -0.005939038941962904], "aligned_model": [[-0.38881551733928177, 0.2416191092077975, 0.005289457172648129, 0.5807627063633798, -0.1887820201663139, 0.3562422142969497, -0.40553389512260296, 0.45395364506316693, 0.0029969216935442217, 0.4444547226697444, -0.08475636659856954, -0.053586649358296365], [-0.2610403672753948, 0.16161790696153067, 0.694028684673666, 0.48012612666812304, -0.6502020355481714, -0.2683683830957498, 0.16273617766529846, -0.3913052162796637, -0.2669571478693036, 0.19817452324343082, 0.6473690880964854, 0.08761272907172662], [-0.7401499216407056, -0.6959052443634096, -0.29549066514579475, -0.016581625625666577, 0.2178108504749315, -0.27962790925581393, 0.4957936303113667, 0.31816251557842457, 0.775800017533115, 0.7450375454438769, 0.32282866785897335, 0.02338272767116121]], "inverted": true, "swapped": false, "error_lsq": 0.04453352334966982, "error_max": 0.24165824443973194, "target": "685.xyz", "model": "3.xyz", "model_rescale": 3.9243930471874484, "target_rescale": 4.069862929648906},
{"mapping": [11, 6, 5, 0, 10, 3, 9, 4, 8, 7, 1, 12], "R": [[0.705281497157578, -0.574221303477326, -0.4157498098616116], [-0.603604066799007, -0.17882533286098137, -0.7769708043876935], [0.37180658992393545, 0.7989314081696626, -0.47272451251143593]], "T": [0.05263368939174554, -0.011632299680228914, 0.09436891825177063], "aligned_model": [[-0.6157836725261407, 0.09388371710867549, 0.07766643372485185, 0.6444154676910722, -0.08844247091935328, 0.6092017847445087, -0.592402071372922, 0.4510794522527398, -0.1792138458300384, 0.4180602829018322, 0.06525988251671885, 0.08011936759022133], [-0.08422940529937625, -0.04851098815249147, 0.5851102665471575, 0.5722431582405626, -0.6904784801465951, -0.1963421373646441, 0.1373962926001355, -0.31200880546288456, -0.29731844503249805, 0.18695382939954416, 0.6493635858356259, 0.09161321514744161], [-0.3228623988014605, -0.6256692142708264, -0.37135070892577254, -0.08509174560319371, -0.03366662281794758, -0.23588492572687025, 0.33810389275184993, 0.4158999405062321, 0.6052177370637292, 0.7798947842881312, 0.3647118829480367, 0.04175796742855112]], "inverted": false, "swapped": false, "error_lsq": 0.05442464009886514, "error_max": 0.29895173291004146, "target": "685.xyz", "model": "4.xyz", "model_rescale": 3.8936222436046832, "target_rescale": 4.069862929648906},
{"mapping": [6, 5, 7, 10, 1, 4, 9, 2, 0, 3, 8, 11], "R": [[-0.20941217273790222, 0.7966929934543805, -0.5669451614485213], [0.7390954539625689, 0.5085826024190503, 0.44168048004018745], [0.6402221894319622, -0.32653332249154143, -0.6953355574552332]], "T": [0.06734359716793248, 0.13742178883145137, 0.09340111121844016], "aligned_model": [[-0.5341919138071198, 0.028799168031087452, 0.06470251165633406, 0.6268384774666088, -0.17101378090099884, 0.6539794391376854, -0.4827156251802721, 0.62257316946712, -0.06052595667777172, 0.19528394403403915, -0.06819807490058236, 0.08831296955603624], [0.09174659770935525, -0.20018428240482958, 0.5671976471746997, 0.4312464577946634, -0.6269159979855451, -0.18796398790443455, 0.15826911675095315, -0.28976927351640724, -0.3906956001309443, 0.21656875483122273, 0.793629182256254, 0.030663471736990508], [-0.4268655839097971, -0.642606582147452, -0.3914011821349431, 0.08340399596986284, 0.04776915832522721, -0.3315778107544902, 0.37453485990323065, 0.35105666271828995, 0.7915842602931391, 0.6480623210916384, 0.4046616745385003, -0.03756118505274722]], "inverted": false, "swapped": false, "error_lsq": 0.061737123145825884, "error_max": 0.35912489784042717, "target": "685.xyz", "model": "5.xyz", "model_rescale": 3.6523030999806103, "target_rescale": 4.069862929648906},
{"mapping": [8, 5, 7, 3, 6, 1, 9, 2, 10, 4, 11, 12], "R": [[0.5724620268599534, 0.024104839291627655, 0.8195768325947964], [0.6397793917409033, -0.6382866343703797, -0.4281033780382646], [0.5128055749570534, 0.7694212949398127, -0.38081663984929515]], "T": [0.07182092377273569, 0.013859151912714598, 0.021398404875254746], "aligned_model": [[-0.4252568027264762, 0.009389192416211695, 0.04494901742971433, 0.6300249349386358, -0.07564173442379063, 0.5508903676166912, -0.5993750663500861, 0.6490271205592231, -0.2341655901647834, 0.3454416257660854, -0.045084440867275255, 0.11364570368801653], [-0.26270773100786193, 0.12247256245472772, 0.6748460569004295, 0.42137044803475915, -0.6111486156585538, -0.3751364373600983, 0.2290145685405518, -0.34041014019046556, -0.21330425214682414, 0.13310958325978164, 0.7316072420178015, 0.08407880146772988], [-0.33933362275254214, -0.6480856770542585, -0.14945905554552186, -0.04919570535506546, 0.12261360623010745, -0.29727033456239815, 0.18223050589799375, 0.36423642679392776, 0.702164211016721, 0.5113398789220254, 0.5171199174303028, -0.04529956218083283]], "inverted": false, "swapped": false, "error_lsq": 0.046029273850640075, "error_max": 0.2681827307339061, "target": "685.xyz", "model": "6.xyz", "model_rescale": 4.08911054899281, "target_rescale": 4.069862929648906},
{"mapping": [1, 2, 6, 7, 11, 13, 8, 12, 10, 5, 4, 14], "R": [[0.6660508161834058, 0.7408992219933179, -0.08628240325301378], [-0.23443710710250643, 0.09812070345204332, -0.9671667748467606], [-0.7081070209190328, 0.6644100167846455, 0.2390476448773345]], "T": [-0.02478325880323523, 0.08449000717278037, 0.04818237799128474], "aligned_model": [[-0.2760853400227228, 0.24960362579193107, 0.01432096299216011, 0.6657502061335663, -0.1504882172394623, 0.4330817551652221, -0.5412051723031963, 0.44792847505779626, -0.052146536707612, 0.45267404441495157, -0.11779506189325725, -0.1617944135072106], [-0.21723671045740395, 0.2414158604733711, 0.5239361481786146, 0.38582717902783586, -0.4813986014982295, -0.37970855723694, 0.14905372751850826, -0.3731640106431619, -0.22041872645837118, 0.3398129677541825, 0.6246726054604764, 0.0010002041930955718], [-0.5712966859796169, -0.6935895933174828, -0.18527193326968233, -0.12971761413413055, 0.1403746171336972, -0.2846446703915692, 0.488964531165777, 0.3222231316361027, 0.7005295353237581, 0.5842289608428991, 0.4913539640562665, 0.00790634577444057]], "inverted": false, "swapped": false, "error_lsq": 0.04691581093200797, "error_max": 0.22921849727348936, "target": "685.xyz", "model": "7.xyz", "model_rescale": 3.964800864290218, "target_rescale": 4.069862929648906},
{"mapping": [4, 11, 9, 10, 0, 6, 7, 3, 1, 5, 8, 13], "R": [[0.947557314227612, 0.11307471314410542, -0.29891344148621557], [-0.3182366329684341, 0.24799070501112824, -0.9150005768659374], [-0.029335672664337592, 0.9621406962993834, 0.27096992237860823]], "T": [-0.007403501723902153, -0.027297570724353397, 0.04716068231577661], "aligned_model": [[-0.28083173097702385, 0.1591503831006818, 0.048579029027216405, 0.655527823073309, 0.024324049876982792, 0.25164241952533395, -0.6318570487656496, 0.562418293251655, -0.3212752738180876, 0.5334936538607361, -0.04914388921352954, 0.011816618940541705], [-0.26678968557396504, 0.2354414338683079, 0.631310115346465, 0.456265100954008, -0.6959771903216614, -0.3504430858027742, 0.19206058341356064, -0.4478905892224679, -0.13197487601774074, 0.29626716043416995, 0.63316739763492, 0.042355721599155856], [-0.5553124916813774, -0.7211890709926871, -0.1450855111127455, 0.004461570274288784, 0.30215146906572166, -0.3590141691304637, 0.3094447511455479, 0.20326106817015535, 0.7206939506933421, 0.5965301889314433, 0.43844235455417924, 0.07667647892305413]], "inverted": true, "swapped": false, "error_lsq": 0.046331102206596086, "error_max": 0.2881663635388351, "target": "685.xyz", "model": "8.xyz", "model_rescale": 4.121658175737393, "target_rescale": 4.069862929648906},
{"mapping": [9, 6, 1, 2, 7, 8, 5, 11, 10, 3, 0, 12], "R": [[0.8104985663684534, 0.2869751786606732, -0.5106244419799708], [-0.5091709437095597, -0.08574900443855599, -0.8563831258961804], [-0.28954623809781777, 0.954092424805098, 0.07661997737490271]], "T": [0.04335997050128854, 0.03019296160961915, 0.05568736231315723], "aligned_model": [[-0.5285013638342713, 0.11344959775727056, 0.08763968490501783, 0.6116291172186664, -0.12031854424388885, 0.5936536588361969, -0.5076734459523837, 0.3564495450326343, -0.07918973975724186, 0.558165075457004, -0.16557604209946644, 0.04411678456262858], [-0.18043653357838402, 0.02524966805450045, 0.6573475871691501, 0.4290325425409976, -0.619008203071959, -0.26956722024317686, 0.001902090393384015, -0.4239836325594766, -0.027050445004680013, 0.18003074926324406, 0.7107854856567882, 0.10948999769158985], [-0.5115865107708649, -0.6336928361941097, -0.22653258426245165, 0.03715046854770863, -0.027727875504044756, -0.3156265583545723, 0.3336796406825332, 0.3699016429915591, 0.8028055534383, 0.6346591515849872, 0.39029728740785447, 0.017733209273559335]], "inverted": false, "swapped": false, "error_lsq": 0.041561848909434124, "error_max": 0.2496080332122581, "target": "685.xyz", "model": "9.xyz", "model_rescale": 3.833441315466971, "target_rescale": 4.069862929648906},
{"mapping": [4, 3, 2, 9, 12, 7, 0, 11, 10, 8, 13, 14], "R": [[0.2501160866094516, 0.8644367979452553, 0.436108891880603], [-0.6441196522705673, -0.1877326571061764, 0.7415297182275964], [0.7228774562662864, -0.4663748190179322, 0.5098457721781896]], "T": [-0.0752323534643001, -0.07416128688288309, 0.049636166849083035], "aligned_model": [[-0.3473005885962248, 0.29037557206861175, 0.04934457952697127, 0.5754252671259666, -0.23458715608777822, 0.4979678596597731, -0.5590611886816798, 0.4206128040684879, 0.08955931425405458, 0.5283030029587431, -0.3377267343031294, -0.009068404111629541], [-0.061900394464850406, 0.21759259262846997, 0.6109255673973397, 0.3848753210563319, -0.6169892414214571, -0.2862220867511678, 0.08805120712470213, -0.46602428212211483, -0.07741607098694064, 0.2011932754325354, 0.6268997630158801, -0.02719356459675095], [-0.6998577464281044, -0.6821646040750995, -0.1286524889497415, -0.1047664881546014, 0.25691355578254327, -0.21566688555619265, 0.5006569276835476, 0.3063812812271236, 0.8549853185534289, 0.45888462553418874, 0.32403850969173864, 0.0003085835316272989]], "inverted": false, "swapped": false, "error_lsq": 0.05488325269908933, "error_max": 0.32640091437418345, "target": "685.xyz", "model": "10.xyz", "model_rescale": 4.2482417240324, "target_rescale": 4.069862929648906},
{"mapping": [2, 3, 1, 8, 5, 7, 6, 9, 4, 10, 0, 11], "R": [[0.16705052662714126, 0.03945128761239618, -0.9851587270380946], [-0.4649191895313222, -0.87798372570331, -0.11399440602798715], [-0.8694505556724508, 0.4770620224937834, -0.12832598308607512]], "T": [0.04414969563467005, 0.08931541025252915, 0.03252760485791813], "aligned_model": [[-0.43594645827581463, 0.3316013658218317, -0.1025937782371413, 0.5537469264139018, -0.17422443464973686, 0.38811030798161866, -0.5645516913577011, 0.6366476549984311, -0.17270566065444903, 0.491426315611335, -0.0669777213912841, 0.07931150162117528], [0.011857387393841984, 0.12083163508749147, 0.7328895555777113, 0.3753753848511333, -0.6033035596845966, -0.41845200146394296, 0.00029556162155650045, -0.3398007490145634, -0.2582637096670683, 0.2779501251306088, 0.6826148549067879, 0.011797601573018249], [-0.5253838792323995, -0.7253971218336634, -0.21931604922769943, -0.15545692181807896, 0.2243031821019818, -0.2545605339566604, 0.23756473848560677, 0.4121542532172558, 0.8058335534170142, 0.45604021635798675, 0.49022394752622067, 0.12505520380289514]], "inverted": false, "swapped": false, "error_lsq": 0.046568444622149326, "error_max": 0.26865570067919214, "target": "685.xyz", "model": "11.xyz", "model_rescale": 3.6694154284099745, "target_rescale": 4.069862929648906},
{"mapping": [8, 9, 10, 7, 4, 11, 1, 6, 0, 5, 12, 13], "R": [[-0.13125189086919525, -0.7648764128064057, 0.6306639471823847], [-0.9209536604953564, 0.3295246895923904, 0.20798517776332667], [-0.3669022981169029, -0.5535138228458651, -0.7476664707977027]], "T": [0.04460929084520723, 0.06241061206579641, 0.06956494301822436], "aligned_model": [[-0.2926895710700803, 0.33605278555833207, 0.02674745888592231, 0.6538550457319875, -0.21400719511634317, 0.31307893979821644, -0.7235890747407089, 0.46938998876279636, -0.026428512407092403, 0.5714413708826913, -0.14473425555365999, -0.005272652849894678], [-0.08498850042622585, 0.17116231946973942, 0.6223297371758271, 0.457460676113605, -0.6186708419930377, -0.4673243360571891, -0.012756042486410858, -0.2545364489103541, -0.17018596826313576, 0.3167410284464534, 0.6214009562475175, 0.0131595069951888], [-0.5915710722602551, -0.6706512567614191, -0.22993516650348944, -0.08829694445878461, 0.19965804766368841, -0.3689935835609087, 0.4169764270772839, 0.2669497262941805, 0.7415696496638198, 0.6194147327096466, 0.40638435578297283, 0.1695556731937239]], "inverted": false, "swapped": false, "error_lsq": 0.04730211235602369, "error_max": 0.2590002264368572, "target": "685.xyz", "model": "12.xyz", "model_rescale": 3.9764082729961374, "target_rescale": 4.069862929648906},
{"mapping": [6, 13, 9, 1, 3, 11, 4, 8, 7, 2, 0, 15], "R": [[0.559925770199937, 0.7570124621415921, -0.3367718278424314], [-0.4354007651932452, 0.614654823824959, 0.6577428230074773], [0.7049179424125509, -0.22165644522782008, 0.6737648809145682]], "T": [0.07598714178278176, 0.1257414130919655, -0.08172942559985592], "aligned_model": [[-0.5214752967617188, 0.10424455274226005, 0.07775002519296223, 0.6276981607141446, 0.05512249533820271, 0.47456431611392075, -0.5847591550661342, 0.5692441144314466, -0.15076930704681515, 0.44900989267463537, -0.14098517988434567, 0.0041997094336080065], [-0.0446980966201983, -0.010393756557826067, 0.7209539306523433, 0.4122971500751238, -0.6522142268605139, -0.518269346893047, 0.14266722906479293, -0.26628732363196084, -0.03702908529074675, 0.2582241181874513, 0.5329489220888503, 0.05559257209770929], [-0.5263054188302235, -0.6776734502340397, 0.0032298452252954996, 0.04797539101368388, 0.2388842611143619, -0.3203317639688291, 0.19932496367973923, 0.2386825984639513, 0.6204963049835684, 0.610774635091326, 0.47881761948127716, -0.042814397179652096]], "inverted": true, "swapped": false, "error_lsq": 0.04603978525218778, "error_max": 0.2852615534075699, "target": "685.xyz", "model": "13.xyz", "model_rescale": 4.170626492500431, "target_rescale": 4.069862929648906},
{"mapping": [10, 9, 11, 3, 8, 1, 12, 0, 4, 2, 6, 13], "R": [[-0.33203125260233807, -0.7413998707410149, -0.58316505293144], [-0.941216618021209, 0.3011607504519559, 0.15301464095939568], [0.062181389949408306, 0.5996902817725344, -0.7978126601474426]], "T": [0.09731678946918437, 0.005561683120623148, 0.11046080400440038], "aligned_model": [[-0.25662358028076243, 0.13603720921401968, -0.11263711062606557, 0.5715794396090048, -0.3371754766402437, 0.651443256921743, -0.6321750351158997, 0.5133997109898105, -0.18904304908692665, 0.5029982889739213, 0.06173662588529441, 0.0543040480382705], [-0.18321489736725544, 0.1199481070066529, 0.5725802388610015, 0.4836675275689791, -0.5819796440535558, -0.2207613449575061, -0.0012940339088599942, -0.40725395466755726, -0.15356008366721952, 0.08059232416044604, 0.7879509608163344, 0.09711688652051767], [-0.28629847099166544, -0.6906152932480567, -0.2556934919038067, -0.03773954895254218, 0.24300495649111697, -0.37175928571132394, 0.16962834741892524, 0.2214412443724258, 0.7395406374035123, 0.6230279616540941, 0.41720228658576597, 0.09932124572201345]], "inverted": false, "swapped": false, "error_lsq": 0.04853906317738122, "error_max": 0.3380422253245261, "target": "685.xyz", "model": "14.xyz", "model_rescale": 3.9786697098870705, "target_rescale": 4.069862929648906},
{"mapping": [0, 3, 9, 8, 4, 2, 1, 5, 10, 7, 6, 11], "R": [[-0.8110834993955122, -0.34763936811022156, -0.4704151642413929], [0.14530609980310072, 0.659266038128268, -0.7377360153406292], [0.5665948238100504, -0.6667197017567303, -0.48420568451957985]], "T": [0.06055490643418029, 0.07704631787614852, 0.10831576552343089], "aligned_model": [[-0.36367684597769334, 0.29920872669693216, 0.06023665767316121, 0.5502128357836278, -0.007943242868211332, 0.33874100888037484, -0.5720170845025658, 0.715899332766585, -0.167894436833574, 0.35662666446464364, -0.264260063742233, 0.01871077554111885], [-0.07516066470664978, 0.28662558348577505, 0.5992688401708313, 0.07808948195323138, -0.5251886361900657, -0.4971528031687458, 0.07344284402238224, -0.3497210722155637, -0.22687196505838547, 0.31716348967208696, 0.7450639491814397, 0.16823303916564183], [-0.4214634722514502, -0.7543951465457173, -0.23035487680496805, -0.07185679081053051, 0.19512471514361632, -0.48054353691145424, 0.3543071937294736, 0.29012023565358896, 0.8484276242012551, 0.6482798970138172, 0.3832764358355325, 0.11013831058729556]], "inverted": true, "swapped": false, "error_lsq": 0.05953560897048834, "error_max": 0.37895812352279357, "target": "685.xyz", "model": "15.xyz", "model_rescale": 3.769337070930944, "target_rescale": 4.069862929648906},
{"mapping": [8, 4, 10, 6, 9, 7, 3, 5, 2, 0, 11], "R": [[-0.9620148247328294, -0.238794802777746, 0.13230464527219327], [0.22215890277621497, -0.966444599622828, -0.12895835675573758], [0.15865969529635365, -0.0946671961463378, 0.982784423493911]], "T": [-0.06672348228843668, 0.007549929162374257, 0.1303353001907782], "aligned_model": [[-0.3251421350735764, -0.3537716699948998, -0.016904259434847052, -0.6389252003834904, 0.30653112611878924, 0.335210654739001, 0.6007228146026262, 0.4110520325367209, 0.1209855235541291, -0.4422215627672223, -0.07491119320605953], [0.04419521596358978, -0.5995310133584282, 0.7369364534130793, 0.2882036411965203, 0.12052531494759469, -0.40653012543918293, 0.3140181025953593, -0.4884531932168788, 0.5536552292058299, -0.0778310518083809, 0.11087592412623967], [-0.6121445444674438, -0.12797920353880637, -0.26154928929280447, -0.09461118045534606, -0.5930107020604813, -0.2657358913402249, 0.11068495981314926, 0.33206050891289124, 0.42804895030986184, 0.7417993868167644, 0.08665461252621708]], "inverted": true, "swapped": true, "error_lsq": 0.04350714997678324, "error_max": 0.21963613052900027, "target": "685.xyz", "model": "16.xyz", "model_rescale": 3.7852294659196426, "target_rescale": 4.069862929648906},
{"mapping": [9, 10, 0, 4, 11, 6, 8, 7, 2, 1, 3, 12], "R": [[-0.9321319236714546, 0.12542952513890868, 0.33970209168620336], [-0.3510791870648468, -0.5428940685498717, -0.7628954284456381], [0.08873263932984382, -0.8303815174706114, 0.5500845881869122]], "T": [0.1117775295095533, 0.09327167040422701, 0.1272740066571867], "aligned_model": [[-0.49665751930587854, 0.25260718732620135, -0.13058311463195105, 0.5404895920338887, -0.19863049571359517, 0.6071500279537934, -0.5373205812481525, 0.4635034909385304, 0.0054195645829790695, 0.5201014195968506, -0.14102288075277605, 0.07878763710227604], [0.040300010553390275, -0.07220021287695658, 0.6687116598210966, 0.5800614351725565, -0.5704862706070001, -0.5186876590717481, 0.04301939107835867, -0.46981602971815806, -0.1320811431854378, 0.3102126524432599, 0.6615061496578327, 0.05325210304478392], [-0.4844960319500107, -0.6486390932462524, -0.14818432501922046, -0.15738083249458173, 0.09558287138444835, -0.28199986589566894, 0.1460426583349573, 0.3523253234810747, 0.6858356538673835, 0.6376291431484209, 0.6229522292180911, 0.05139285801181713]], "inverted": false, "swapped": false, "error_lsq": 0.05293801700710379, "error_max": 0.22358185135741118, "target": "685.xyz", "model": "17.xyz", "model_rescale": 3.901054581598922, "target_rescale": 4.069862929648906},
{"mapping": [13, 2, 5, 8, 7, 0, 11, 1, 6, 4, 10, 14], "R": [[0.5430275294659034, 0.6039585658547346, 0.583399651159349], [0.7235000377160232, 0.016134429867481787, -0.6901357660618411], [-0.42622622827211204, 0.7968523896579239, -0.42820260558453627]], "T": [0.017460969896538447, 0.05121173563989997, 0.0308550413789844], "aligned_model": [[-0.3538043796985885, 0.3176862726767167, -0.007991041038223401, 0.5794823547828881, -0.08025270581930147, 0.4124697669458886, -0.6262806953788607, 0.504055390923055, -0.07383672957223415, 0.5046111494870202, -0.17520829329390336, -0.03708676213229058], [0.1707540884060129, 0.0983809085853958, 0.5644390261391745, 0.37985773273035967, -0.5789788625666856, -0.5299831705792204, -0.01701318039925607, -0.33940222868753683, -0.2683064414989895, 0.4014848886588787, 0.6660609624867486, 0.0464983630370958], [-0.5818225772637478, -0.7381559719896776, -0.32416043775082803, -0.0977607572878981, 0.21248342932362707, -0.2549509238107899, 0.4974094520821546, 0.34122925057509246, 0.7041295840580403, 0.5461873523288342, 0.5380953506963192, 0.028376837879332793]], "inverted": true, "swapped": false, "error_lsq": 0.05257479534149681, "error_max": 0.3062428991586851, "target": "685.xyz", "model": "18.xyz", "model_rescale": 3.9405287249114394, "target_rescale": 4.069862929648906},
{"mapping": [8, 5, 9, 11, 1, 2, 4, 10, 12, 14, 13, 15], "R": [[0.9494153621653924, -0.043459191839927205, 0.311001235896222], [-0.07931716038236328, 0.9250760728536697, 0.37140684902477344], [-0.30384084345794515, -0.3772871029842562, 0.8748343750496501]], "T": [-0.0551940305736158, 0.013632358243936854, 0.15070071271579588], "aligned_model": [[-0.42110525159498846, 0.20215535974419138, 0.023669043022673503, 0.5211798502680116, -0.11107217132993044, 0.4846009346783504, -0.7590647734890298, 0.7107267720132802, -0.19353517631586506, 0.4640477590121074, 0.06514722229165135, -0.02290524041828606], [-0.020685130773603427, 0.04717607833852583, 0.6312724801360912, 0.4262288805623239, -0.6435649922952767, -0.45997361747141463, 0.08445091583373378, -0.15957010810762232, -0.10207838978421907, 0.18594545300902823, 0.6078411961151198, -0.003250679250708509], [-0.5105129016435398, -0.6391782355440855, -0.297976389896457, 0.02119989745137199, 0.172807268514791, -0.3388338195374305, 0.33567567800754083, 0.1863415146274886, 0.6680128161841752, 0.6988203377945534, 0.44012027878996973, 0.1345841440920807]], "inverted": false, "swapped": false, "error_lsq": 0.038957660261586, "error_max": 0.26662697120852996, "target": "685.xyz", "model": "19.xyz", "model_rescale": 4.410303926677745, "target_rescale": 4.069862929648906},
{"mapping": [4, 11, 9, 10, 0, 6, 7, 3, 1, 5, 8, 13], "R": [[0.947557314227612, 0.11307471314410542, -0.29891344148621557], [-0.3182366329684341, 0.24799070501112824, -0.9150005768659374], [-0.029335672664337592, 0.9621406962993834, 0.27096992237860823]], "T": [-0.007403501723902153, -0.027297570724353397, 0.04716068231577661], "aligned_model": [[-0.28083173097702385, 0.1591503831006818, 0.048579029027216405, 0.655527823073309, 0.024324049876982792, 0.25164241952533395, -0.6318570487656496, 0.562418293251655, -0.3212752738180876, 0.5334936538607361, -0.04914388921352954, 0.011816618940541705], [-0.26678968557396504, 0.2354414338683079, 0.631310115346465, 0.456265100954008, -0.6959771903216614, -0.3504430858027742, 0.19206058341356064, -0.4478905892224679, -0.13197487601774074, 0.29626716043416995, 0.63316739763492, 0.042355721599155856], [-0.5553124916813774, -0.7211890709926871, -0.1450855111127455, 0.004461570274288784, 0.30215146906572166, -0.3590141691304637, 0.3094447511455479, 0.20326106817015535, 0.7206939506933421, 0.5965301889314433, 0.43844235455417924, 0.07667647892305413]], "inverted": true, "swapped": false, "error_lsq": 0.046331102206596086, "error_max": 0.2881663635388351, "target": "685.xyz", "model": "20.xyz", "model_rescale": 4.121658175737393, "target_rescale": 4.069862929648906},
{"mapping": [8, 5, 7, 3, 6, 1, 9, 2, 10, 4, 11, 12], "R": [[0.5724620268599534, 0.024104839291627655, 0.8195768325947964], [0.6397793917409033, -0.6382866343703797, -0.4281033780382646], [0.5128055749570534, 0.7694212949398127, -0.38081663984929515]], "T": [0.07182092377273569, 0.013859151912714598, 0.021398404875254746], "aligned_model": [[-0.4252568027264762, 0.009389192416211695, 0.04494901742971433, 0.6300249349386358, -0.07564173442379063, 0.5508903676166912, -0.5993750663500861, 0.6490271205592231, -0.2341655901647834, 0.3454416257660854, -0.045084440867275255, 0.11364570368801653], [-0.26270773100786193, 0.12247256245472772, 0.6748460569004295, 0.42137044803475915, -0.6111486156585538, -0.3751364373600983, 0.2290145685405518, -0.34041014019046556, -0.21330425214682414, 0.13310958325978164, 0.7316072420178015, 0.08407880146772988], [-0.33933362275254214, -0.6480856770542585, -0.14945905554552186, -0.04919570535506546, 0.12261360623010745, -0.29727033456239815, 0.18223050589799375, 0.36423642679392776, 0.702164211016721, 0.5113398789220254, 0.5171199174303028, -0.04529956218083283]], "inverted": false, "swapped": false, "error_lsq": 0.046029273850640075, "error_max": 0.2681827307339061, "target": "685.xyz", "model": "21.xyz", "model_rescale": 4.08911054899281, "target_rescale": 4.069862929648906},
{"mapping": [5, 10, 12, 13, 1, 6, 15, 0, 2, 4, 3, 16], "R": [[0.28448628355786426, -0.48777988964983104, -0.8253110527071796], [0.9535487172387485, 0.055020445205293866, 0.29617156254736665], [-0.09905755054397375, -0.8712310427565182, 0.4807744500466078]], "T": [-0.02097166433840622, 0.010722341399507146, -0.008303067322258731], "aligned_model": [[-0.3301920930083392, 0.15151577163003258, 0.09142477893242748, 0.42746432365966547, -0.13257210551312787, 0.44738130054843994, -0.6462780735482848, 0.6397988476062278, -0.14013097324634033, 0.36440826449387864, 0.06852876482230882, 0.02249552150527752], [-0.14246025409760382, 0.1713278099482066, 0.6886736611149956, 0.4770566917500487, -0.6515335084046618, -0.4335618158006209, 0.014020173438657246, -0.31637978857573446, -0.0457356281880649, 0.12344285810120893, 0.6917295600124008, 0.01721232701314572], [-0.6236459578135027, -0.7800474402335376, -0.2779668462585091, 0.12648344676416506, 0.41473465226762, -0.38089026046507346, 0.3665142705892401, 0.22932253165512534, 0.7015331012010738, 0.5618447919524064, 0.5232020264178255, 0.009976272763625393]], "inverted": false, "swapped": false, "error_lsq": 0.03990924272163695, "error_max": 0.21740790898594217, "target": "685.xyz", "model": "22.xyz", "model_rescale": 4.204369325754507, "target_rescale": 4.069862929648906},
{"mapping": [8, 5, 9, 11, 1, 2, 4, 10, 12, 14, 13, 15], "R": [[0.9494153621653924, -0.043459191839927205, 0.311001235896222], [-0.07931716038236328, 0.9250760728536697, 0.37140684902477344], [-0.30384084345794515, -0.3772871029842562, 0.8748343750496501]], "T": [-0.0551940305736158, 0.013632358243936854, 0.15070071271579588], "aligned_model": [[-0.42110525159498846, 0.20215535974419138, 0.023669043022673503, 0.5211798502680116, -0.11107217132993044, 0.4846009346783504, -0.7590647734890298, 0.7107267720132802, -0.19353517631586506, 0.4640477590121074, 0.06514722229165135, -0.02290524041828606], [-0.020685130773603427, 0.04717607833852583, 0.6312724801360912, 0.4262288805623239, -0.6435649922952767, -0.45997361747141463, 0.08445091583373378, -0.15957010810762232, -0.10207838978421907, 0.18594545300902823, 0.6078411961151198, -0.003250679250708509], [-0.5105129016435398, -0.6391782355440855, -0.297976389896457, 0.02119989745137199, 0.172807268514791, -0.3388338195374305, 0.33567567800754083, 0.1863415146274886, 0.6680128161841752, 0.6988203377945534, 0.44012027878996973, 0.1345841440920807]], "inverted": false, "swapped": false, "error_lsq": 0.038957660261586, "error_max": 0.26662697120852996, "target": "685.xyz", "model": "23.xyz", "model_rescale": 4.410303926677745, "target_rescale": 4.069862929648906},
{"mapping": [14, 9, 11, 10, 5, 8, 7, 4, 0, 3, 1, 16], "R": [[-0.024468163152682923, 0.9919099993187704, -0.12456268399232068], [-0.9317592797674908, 0.0225224707789365, 0.3623774039274237], [0.36225122989315156, 0.12492914616473214, 0.923670263069809]], "T": [-0.08303459968846025, -0.04453119144993067, 0.0029306922677361236], "aligned_model": [[-0.41256911155391396, 0.19269585297618622, -0.17676700215946684, 0.46273108224071413, -0.017344864192014295, 0.6646665109976876, -0.531761100933934, 0.5045021358214777, -0.20791763886948145, 0.4823820699180701, 0.02617023998744883, -0.02294384635060727], [-0.04289206242062115, 0.05673927027285292, 0.5076959753359214, 0.29533297779237727, -0.6508004763483606, -0.22012545390561988, 0.32832730377451047, -0.33238991718336786, -0.12550736727272857, 0.11588654691168782, 0.6682278665382113, -0.006702577182885305], [-0.5883004882025246, -0.5503657876453277, -0.29199451791519637, -0.09912866873964105, 0.1569581127716388, -0.2900136221092414, 0.321602884812456, 0.21699215875948313, 0.7433582015893404, 0.6839748344377312, 0.4681018197225181, 0.0998756613592226]], "inverted": true, "swapped": false, "error_lsq": 0.04328384156015753, "error_max": 0.22319461613102326, "target": "685.xyz", "model": "24.xyz", "model_rescale": 4.28219845311461, "target_rescale": 4.069862929648906},
{"mapping": [10, 14, 2, 13, 5, 12, 1, 9, 3, 7, 4, 15], "R": [[-0.8376006131565639, 0.051727144512278056, -0.5438285716660671], [-0.4438211792039144, -0.6448637045773411, 0.6222327244760076], [-0.3185089853203451, 0.7625451495087975, 0.5630958366306845]], "T": [0.01696155447180589, 0.07204219615531829, 0.03340704924303504], "aligned_model": [[-0.30127950817358873, 0.12985840767956613, 0.03923221790851979, 0.5391103789187309, -0.3512459645259127, 0.6312418580266056, -0.4993127725814772, 0.39698798135951663, -0.11157271386926956, 0.5595750613367656, -0.039746952673836405, -0.029003665523453556], [-0.26097990723040376, 0.1517009677055958, 0.6762283849078066, 0.3466450772238856, -0.6760164763899117, -0.16818749669797278, -0.02450690497216615, -0.3912117537597336, -0.024585361915581166, 0.22167003796014453, 0.6133585252372784, 0.12967699424303594], [-0.6127537074814492, -0.7156279336152527, -0.287907580456191, -0.03638062713712043, 0.2069355088614937, -0.35307620210074697, 0.39948967535881486, 0.34621589923601676, 0.7911585927868963, 0.5707412998494574, 0.521678848666528, 0.040586814872012635]], "inverted": true, "swapped": false, "error_lsq": 0.04407392702996533, "error_max": 0.2510683960485934, "target": "685.xyz", "model": "25.xyz", "model_rescale": 4.100010024507729, "target_rescale": 4.069862929648906},
{"mapping": [2, 3, 1, 8, 5, 7, 6, 9, 4, 10, 0, 11], "R": [[0.16705052662714126, 0.03945128761239618, -0.9851587270380946], [-0.4649191895313222, -0.87798372570331, -0.11399440602798715], [-0.8694505556724508, 0.4770620224937834, -0.12832598308607512]], "T": [0.04414969563467005, 0.08931541025252915, 0.03252760485791813], "aligned_model": [[-0.43594645827581463, 0.3316013658218317, -0.1025937782371413, 0.5537469264139018, -0.17422443464973686, 0.38811030798161866, -0.5645516913577011, 0.6366476549984311, -0.17270566065444903, 0.491426315611335, -0.0669777213912841, 0.07931150162117528], [0.011857387393841984, 0.12083163508749147, 0.7328895555777113, 0.3753753848511333, -0.6033035596845966, -0.41845200146394296, 0.00029556162155650045, -0.3398007490145634, -0.2582637096670683, 0.2779501251306088, 0.6826148549067879, 0.011797601573018249], [-0.5253838792323995, -0.7253971218336634, -0.21931604922769943, -0.15545692181807896, 0.2243031821019818, -0.2545605339566604, 0.23756473848560677, 0.4121542532172558, 0.8058335534170142, 0.45604021635798675, 0.49022394752622067, 0.12505520380289514]], "inverted": false, "swapped": false, "error_lsq": 0.046568444622149326, "error_max": 0.26865570067919214, "target": "685.xyz", "model": "26.xyz", "model_rescale": 3.6694154284099745, "target_rescale": 4.069862929648906},
{"mapping": [1, 3, 7, 9, 2, 12, 0, 11, 4, 10, 8, 13], "R": [[0.5605166597303433, 0.13604340355211836, 0.8168924448877554], [0.2001996751326094, 0.9348975802064741, -0.29306416464808077], [-0.8035802164323961, 0.32780894874001715, 0.4967898236522449]], "T": [0.014336721174217998, 0.1120563078744427, 0.06815367619512229], "aligned_model": [[-0.661336477233494, 0.300514148800088, -0.04374246240269716, 0.6358454422298063, -0.020051351858920152, 0.5228711025616612, -0.5671144281714535, 0.6678803692752584, -0.26493050553878394, 0.33151522323825566, 0.05283755050201218, 0.009555716480433418], [-0.035891604615038986, 0.24996950877982135, 0.594580323668962, 0.3780690473240415, -0.5385175357773619, -0.365157642500669, -0.15398775935707165, -0.4105124842774334, 0.07129032721302374, 0.107843129266736, 0.6383989403690282, 0.05770783621793976], [-0.48068491377395656, -0.6747552342824781, -0.33175369724904563, -0.0203204305973156, 0.2623205647020652, -0.31051826872781546, 0.2356901150633659, 0.25783242234477627, 0.8400853577535797, 0.5793001980917987, 0.4284845127742182, 0.08537996274126611]], "inverted": false, "swapped": false, "error_lsq": 0.049308997301559, "error_max": 0.2846189385122716, "target": "685.xyz", "model": "27.xyz", "model_rescale": 4.103607728864725, "target_rescale": 4.069862929648906},
{"mapping": [3, 9, 10, 11, 1, 5, 2, 7, 4, 8, 13, 14], "R": [[-0.1211393451260746, 0.5914938538424991, 0.7971576255226906], [0.18345237442073037, -0.7758971039268175, 0.6035966454822076], [0.9755359990189096, 0.219359761543739, -0.014519284887762385]], "T": [0.07516036364009102, 0.1991255633686682, -0.04859292047148736], "aligned_model": [[-0.6034019492877699, 0.23936676090784612, 0.043025513357498935, 0.6070963191278391, -0.05132573921636044, 0.4844003254451581, -0.5467138854173927, 0.6061541988242859, -0.23316690957734768, 0.41131118897956365, -0.000872289681688565, 0.007970794420534028], [0.0794357253350449, -0.009595903454274746, 0.5319824130648836, 0.5778677777848256, -0.6434059886025967, -0.3487387067183541, -0.048347511691248735, -0.21080777794473238, 0.010304495501081201, 0.016711920955543136, 0.5758793180246444, 0.06250632405716097], [-0.34651637156637105, -0.8229284643002687, -0.4332342408121116, 0.1650884023851663, 0.22890065025033687, -0.30841556306768314, 0.25693973197610376, 0.2161360885913556, 0.7826051209447329, 0.6766710745618989, 0.4730853107545967, -0.01727115087729733]], "inverted": false, "swapped": false, "error_lsq": 0.04900758605675315, "error_max": 0.3331918439559149, "target": "685.xyz", "model": "28.xyz", "model_rescale": 4.137296879288765, "target_rescale": 4.069862929648906},
{"mapping": [6, 0, 1, 5, 3, 2, 10, 4, 7, 8, 11], "R": [[0.6003743383857493, -0.7740399769070068, -0.20102927139517462], [-0.7540623948249099, -0.46420040764770965, -0.46465889236150687], [0.2663466885823739, 0.4305578888947467, -0.862368451296604]], "T": [0.012032413881270437, -0.07047613088701336, -0.0023125278574160444], "aligned_model": [[0.5131618579334551, 0.07426258272937566, -0.1711340584246109, -0.6442285926679083, 0.010803072091989163, 0.4201951715087169, 0.6643441205352756, -0.4109459870927281, -0.520733333345736, 0.17520518475746547, 0.11048899268460335], [-0.2983521945912958, -0.7160412665868364, -0.2463561641287741, 0.023161967327863367, 0.5616293947014794, 0.10270502764561833, 0.42548308268407725, -0.3623928836918075, 0.31057792696701664, 0.13706258454013664, -0.018329658219525855], [0.38976400972057296, -0.32098180978169905, -0.7561287016306621, -0.2771488385155109, -0.3767915388542412, -0.47719202488001766, 0.12642784667621926, 0.5012191964817329, 0.24435363208803612, 0.7391061968313802, 0.013126053647188765]], "inverted": true, "swapped": true, "error_lsq": 0.04890470749562266, "error_max": 0.22163891401310104, "target": "685.xyz", "model": "29.xyz", "model_rescale": 3.607286011436655, "target_rescale": 4.069862929648906},
