[{"mapping": [1, 5, 3, 8, 2, 10, 12, 13, 0, 6, 11, 14], "R": [[-0.848160931617688, 0.2708896983260671, -0.4552381853691844], [-0.4297095481537165, -0.8543831635750684, 0.29219704657129364], [-0.3097946711984317, 0.4434503141731554, 0.8410583098434884]], "T": [-0.05193172271918441, 0.008989489954951371, 0.048279541766865074], "aligned_model": [[-0.19806067236921124, 0.03676697571864971, 0.4285029584957542, -0.11407366214580374, -0.2946985124867868, -0.6490743463918012, 0.4156460050938801, -0.40857770067421867, 0.7165442616615734, 0.32754365617661807, -0.4341772572829024, 0.011300756664797455], [-0.32767318522555733, -0.68400472844452, -0.3778436485075097, 0.5886651973847227, 0.41785258077804904, -0.5058694556029887, -0.10057910577440102, -0.6572894399843773, 0.2870427094435174, 0.4687078876760574, -0.016257041203222702, -0.039196734562712596], [-0.48463494312268035, -0.0867976490678998, -0.3571440920366586, -0.07900702268049639, -0.6858833822070176, -0.04139087725423716, 0.6351465047425833, 0.47771380028672045, -0.002661177284259554, 0.3588201124799364, 0.43813328122942474, 0.00965719026814691]], "inverted": false, "swapped": true, "error_lsq": 0.050374732171609204, "error_max": 0.2463496020697845, "target": "687.xyz", "model": "0.xyz", "model_rescale": 3.751011558992144, "target_rescale": 4.134058265176951},
{"mapping": [10, 12, 11, 9, 5, 13, 4, 7, 6, 1, 3, 0, 8, 2, 14], "R": [[-0.5225315914485216, -0.6763464499853596, 0.5191495117309433], [0.8401009245145866, -0.5123738126927417, 0.1780548025087782], [0.1455718811035021, 0.5291772440864257, 0.8359307816877443]], "T": [-0.0475010730867757, 0.06989260511503573, -0.004933083002876239], "aligned_model": [[-0.705093094182496, 0.5519420628235936, 0.00287393886552173, -0.09940837141319014, -0.2299114661969111, 0.33767501307330794, -0.7764433142843907, 0.36364063609490743, -0.1357743436766627, -0.11222404306318545, 0.6837423538778928, 0.38690972567667836, -0.442647348622596, 0.2144930025023261, -0.021405573991333346], [-0.11272017088831018, -0.16616545892846724, -0.5170839949220827, 0.20284434129821108, 0.6072879002794561, 0.5500706440090247, -0.07527441942272142, -0.4080265409061081, -0.6725945946636975, -0.25586978686920125, 0.2708666816241072, 0.13267681290565814, 0.47577362618123353, 0.8155905645688315, 0.05606316229923356], [-0.4595527657712955, -0.3749595973058204, -0.5431261878512628, -0.6482208021151143, -0.26573720915154647, -0.3903816942533273, 0.2655178624464975, 0.20057314229170944, 0.06323093341517794, 0.607745748492041, 0.08616225499566307, 0.6138155894557294, 0.34080998606475216, 0.2380314403555047, -0.051102162284704176]], "inverted": true, "swapped": false, "error_lsq": 0.046830880192142835, "error_max": 0.37298610990733005, "target": "687.xyz", "model": "1.xyz", "model_rescale": 3.9405287249114394, "target_rescale": 4.134058265176951},
{"mapping": [4, 5, 3, 11, 10, 0, 12, 13, 7, 8, 9, 6, 14], "R": [[0.7687170009173194, 0.42384986580231776, 0.47898378235597855], [-0.23904878513082406, 0.8850175065453998, -0.39949930092008973], [-0.5932367578194725, 0.19260141320229324, 0.7816487988888106]], "T": [-0.07247445460929701, -0.14821874587503125, -0.07928453436132872], "aligned_model": [[-0.15613346839068248, 0.19577815031051332, -0.36456799984518223, 0.36764567482522714, 0.6313407731582232, -0.8244399933303972, -0.15809964227945517, 0.7164396192464996, 0.13544768477628438, -0.3907019114364836, -0.04595562476913266, -0.5035424201416938, -0.10722756283978914], [0.7172738048484265, 0.4232446539525969, 0.3967536478504441, -0.31655251353519365, -0.13623363268422467, 0.11079530148025524, 0.30469851273961945, 0.1982910400174559, -0.6931968227325089, -0.650070750263037, -0.5946886793890924, -0.22481319808368977, -0.07666877062903425], [-0.026655920885847353, -0.4076508175492593, -0.48241247147550126, 0.1976504553641244, -0.4456181433837983, 0.11545488163835034, 0.5228627275561472, 0.035097723074390644, -0.22057799843223047, -0.02484863332385183, 0.5369284172868668, 0.4307073414884636, -0.11781721176921027]], "inverted": false, "swapped": true, "error_lsq": 0.049708185657739996, "error_max": 0.250298830287919, "target": "687.xyz", "model": "2.xyz", "model_rescale": 3.932901565614263, "target_rescale": 4.134058265176951},
{"mapping": [11, 10, 13, 7, 12, 4, 5, 6, 8, 0, 1, 2, 3, 14], "R": [[0.7761423789944933, 0.10842636144157525, -0.6211656233834171], [0.3176540255953997, -0.9182056875943325, 0.2366310108427388], [-0.5447007688188126, -0.3809751165285734, -0.747100416968318]], "T": [-0.03722383061284708, -0.007912536958296773, 0.004245649516766075], "aligned_model": [[-0.1682380059228118, 0.546426967927896, 0.18413604674018896, 0.07880904621860617, -0.5519851578276235, 0.022471166067770457, 0.4497290283512684, -0.6699018683304651, -0.27697294719044985, -0.43577534868589585, 0.5988600057864552, 0.32313952846182414, 0.3213349093613862, -0.0022234589054456882], [0.09370525986358111, 0.02408787372358724, -0.3941631090436014, 0.5467517189824495, -0.5590486397680465, -0.865617966279875, -0.5189932714894944, -0.010934760716018663, 0.48571300790796, -0.273863789682532, 0.00548416933318302, 0.6623123720757799, -0.46173174640131076, -0.07020448015517261], [-0.5165653367721965, -0.5324363326235085, -0.7423118156023776, -0.19344223065554547, -0.0752327320283842, 0.14433084068489416, -0.08535172355408567, 0.23115395964117838, 0.23864189194498842, 0.6682415131420263, 0.12219121459952718, 0.43556543915787255, 0.4628407191608682, 0.0562709559618403]], "inverted": false, "swapped": true, "error_lsq": 0.0540778686817625, "error_max": 0.4142354087702803, "target": "687.xyz", "model": "3.xyz", "model_rescale": 3.9243930471874484, "target_rescale": 4.134058265176951},
{"mapping": [7, 11, 10, 1, 5, 8, 2, 13, 4, 12, 3, 0, 14], "R": [[-0.7168148369699489, -0.5255850956128527, 0.458188603927874], [0.4890327843452904, -0.8473633010961222, -0.20693567065872237], [0.49701451219782133, 0.07573468970763059, 0.8644309292474736]], "T": [-0.1229269939583585, -0.10106764799871479, -0.13288951341297478], "aligned_model": [[-0.17115474727661475, -0.14813591940385695, 0.5228316727060528, 0.4140820534593782, 0.5222698081489051, -0.575769664272604, -0.14997135556987334, 0.4015981223560863, 0.20750247044345238, -0.3651785489298509, 0.25001895244048983, -0.5490986632649822, -0.08178829452523], [-0.5982028755703109, -0.02649330062173276, -0.25903267885346853, -0.40256172608358576, 0.16717537873032753, -0.4873246195010458, -0.9348560917045948, 0.3059691381332994, 0.6031010587585667, 0.6174032844218084, 0.05427653198827104, 0.15989816769323625, -0.07152271370918359], [-0.4656465007300226, -0.6737574741885648, -0.566182283177171, 0.06564481324580487, 0.0017249675512758522, -0.09015213144787614, 0.1301035926505057, -0.6938995004486217, 0.2592950839132498, -0.12021101468672907, 0.4848524955050761, 0.5157540247618975, -0.06045575757786055]], "inverted": true, "swapped": true, "error_lsq": 0.05208012274102733, "error_max": 0.4134036156236541, "target": "687.xyz", "model": "4.xyz", "model_rescale": 3.8936222436046832, "target_rescale": 4.134058265176951},
{"mapping": [10, 11, 5, 1, 4, 12, 6, 0, 2, 7, 3, 14], "R": [[-0.3744987966064736, 0.8030505408587296, 0.4635304522540083], [0.46554394398747845, -0.26948479935791003, 0.8429986827579334], [0.8018849590539077, 0.5314957871343189, -0.2729335829493762]], "T": [-0.062287636576165845, -0.1523498196826323, 0.045097255458034176], "aligned_model": [[0.007911153692715153, -0.28426873962692134, -0.24469611741661026, 0.3132337557226197, -0.6105501738650124, -0.7624314746879168, -0.2738060743990739, -0.15911414014626646, 0.8085979478516189, 0.3202652521205599, -0.01932010866473491, -0.0682732383658805], [-0.4785938485430403, -0.6444934420985781, 0.1749599919891411, 0.05359504294387643, 0.47861763837936966, 0.014824185950333163, -0.0945788929289458, 0.44789813847420756, -0.14524102416574505, -0.6143811022371223, 0.5442936370918044, -0.06797741974549347], [-0.6748588503934166, -0.04007327351793057, -0.5598405319419109, -0.4399426114336849, -0.20012552891037416, 0.28363131747863823, 0.6804715427353452, 0.5935413321242984, 0.12638504083529867, 0.02568219475890602, -0.19504305446892273, 0.019457142009271726]], "inverted": true, "swapped": true, "error_lsq": 0.05180394595614866, "error_max": 0.3019399695238448, "target": "687.xyz", "model": "5.xyz", "model_rescale": 3.6523030999806103, "target_rescale": 4.134058265176951},
{"mapping": [2, 3, 0, 8, 6, 1, 4, 7, 5, 13, 12, 9, 14], "R": [[-0.4287400813432558, -0.7441611710856655, 0.5122558873240889], [-0.8503958189567538, 0.5238351240723602, 0.04923122879806732], [-0.3049735951695671, -0.41451286377687513, -0.8574206622264493]], "T": [0.10306290860598047, -0.11744519797179837, -0.032111818591322706], "aligned_model": [[0.34526919976074805, -0.4009649312792476, 0.30611965276259034, 0.6398606976694234, 0.5944211291967259, -0.3375276332592533, -0.4950139546512855, 0.36230337632028153, -0.606814459705977, -0.41732124227007417, 0.10067512906677717, 0.7472628730261431, 0.042813068027442516], [-0.743608848674806, 0.0949200413159115, 0.48246011733539146, -0.2773352453121301, 0.33726520031930446, -0.5037514626263563, 0.5107472834238698, -0.6459939223798541, -0.06847869097123782, -0.1414905988274226, 0.5983346029754266, -0.02047837490242685, -0.08176319751248735], [0.5285620039228902, 0.4635520035060497, 0.48687320972266956, 0.17372967947654908, 0.027751084729658253, 0.24237082074703112, 0.04866088010895494, -0.14884737066092538, -0.03765225847687318, -0.7279278163075276, -0.2825127291609466, -0.4262702800151739, 0.02182051188943291]], "inverted": false, "swapped": true, "error_lsq": 0.04985308116541331, "error_max": 0.3502129503981916, "target": "687.xyz", "model": "6.xyz", "model_rescale": 4.08911054899281, "target_rescale": 4.134058265176951},
{"mapping": [12, 8, 9, 10, 5, 4, 13, 0, 1, 2, 3, 6, 7, 4, 14], "R": [[-0.7152587796455783, -0.47994604555513287, -0.5079927868542117], [-0.25977846916536085, 0.8573942822673641, -0.4442861596914013], [0.6487834963206293, -0.18581398787825965, -0.7379384370059323]], "T": [-0.082516943789365, 0.0263343167829816, -0.08082763217907513], "aligned_model": [[-0.7169979315510338, 0.393176768495336, 0.37868265527246603, -0.2043631728556208, -0.26712907907261385, 0.3506533966980796, -0.7494539822912367, 0.501489342373186, -0.11006610907209866, -0.25183281214872155, 0.6858728620772843, 0.14011532896999362, -0.4541485805274279, 0.3506533966980796, -0.02828290558220873], [0.17733968436164643, 0.09031068248818097, -0.5505055462066188, 0.2597317607342965, 0.7591077262186923, 0.5771478428796439, -0.22674350687466466, -0.36909073045219437, -0.6739211511311126, -0.22635940084577566, 0.04825381809449481, 0.14733037418599393, 0.42999510482003755, 0.5771478428796439, -0.11630573458709642], [-0.3682874957124155, -0.5653598705378231, -0.3437116564162579, -0.7516137591385625, -0.1781041427736268, -0.15709954898472284, 0.0836142244106799, 0.5414519455394711, 0.13557334287425638, 0.6659103172274952, 0.10771434714712433, 0.34921630938086007, 0.4652830336333977, -0.15709954898472284, -0.1446809588811487]], "inverted": false, "swapped": false, "error_lsq": 0.06043203039607089, "error_max": 0.5045615907635627, "target": "687.xyz", "model": "7.xyz", "model_rescale": 3.964800864290218, "target_rescale": 4.134058265176951},
{"mapping": [8, 0, 9, 2, 11, 3, 7, 12, 4, 5, 1, 10, 13, 14], "R": [[-0.43938840641705684, 0.6828206211172239, 0.5836898385986926], [0.723168598559262, -0.11657804598189736, 0.680761879993934], [0.5328836705737117, 0.7212250401727128, -0.4425713897935074]], "T": [0.009575285209786882, -0.01120501411776254, -0.030099372344197156], "aligned_model": [[-0.25678475558731195, 0.12425298485149301, 0.3259198163393289, -0.8355409496978721, 0.2661442877886144, -0.14048981367067162, -0.3217197001094929, 0.7163076815534455, 0.44699474299623104, 0.06511960531072748, -0.4531833017856032, -0.1327800398351224, 0.4540303135868158, 0.002917017720290852], [0.003257380664448509, -0.7635081119743511, 0.3052435856924123, -0.0023221520707252304, 0.46981205207714116, -0.5855586058537879, 0.44916329709760655, -0.28213233650276026, -0.550911325570208, -0.12751635380453744, -0.02573998489950253, 0.5386594422508829, 0.4649590379881609, -0.08245745891357764], [-0.5638882666764519, -0.33234589830544525, -0.6461703690237464, -0.2554870038742366, -0.06921334871221427, 0.4085623430256262, -0.2263166346381, -0.0767335539379459, 0.49547390725554796, 0.6697154560841976, 0.42193657730694534, 0.5240521159050382, 0.5454571163652425, 0.021772597950564056]], "inverted": false, "swapped": true, "error_lsq": 0.05285175828507949, "error_max": 0.3093625515729677, "target": "687.xyz", "model": "8.xyz", "model_rescale": 4.121658175737393, "target_rescale": 4.134058265176951},
{"mapping": [7, 11, 10, 1, 9, 8, 12, 0, 4, 6, 2, 3, 14], "R": [[-0.093268431187703, 0.8449834916497041, -0.526596523519914], [0.5632960669400497, -0.391332809553306, -0.7277061035452344], [-0.8209741413185047, -0.36450175720645106, -0.4394768802562356]], "T": [-0.03648584902741554, -0.011432116053021905, -0.10749749447809015], "aligned_model": [[-0.5363742273256797, -0.24007392980691172, 0.07024816564050561, 0.18577582626079236, -0.5926011231889458, -0.5499741573564425, 0.28812918374890434, 0.15405612231543991, 0.799077701144431, -0.22503957981418227, -0.482306616740166, 0.5658831596082992, 0.03993697194915248], [0.21357017772297046, -0.28617234835259314, 0.287391880129285, 0.5776220322530844, -0.531511418921184, 0.05670675527804488, -0.6797501440995943, -0.19002100024235202, -0.22079092373694348, -0.46071519448964887, 0.7055224315678686, 0.30305367078009665, 0.01548152152267572], [-0.35179677881797666, -0.5338830856076024, -0.8348295371474443, -0.2568569034621021, -0.11071808751911844, 0.18876972836615613, 0.04423626851763632, 0.6685589827812428, 0.022303892919771195, 0.35550382354063137, 0.12123807317832688, 0.1807314945019421, -0.07218243729237428]], "inverted": false, "swapped": true, "error_lsq": 0.04882503017537682, "error_max": 0.3298840089480374, "target": "687.xyz", "model": "9.xyz", "model_rescale": 3.833441315466971, "target_rescale": 4.134058265176951},
{"mapping": [8, 0, 13, 10, 11, 12, 9, 5, 2, 3, 1, 4, 7, 6, 14], "R": [[0.17179166980211807, 0.804038406811545, 0.5692186421389873], [-0.6985846901005311, -0.3079739719988874, 0.6458571539654673], [0.6945984832575902, -0.508600307651481, 0.5087815583460883]], "T": [0.03908744237665383, 0.13902001431502686, -0.0353599532565089], "aligned_model": [[-0.6164721950679488, 0.472452421296421, 0.17464089257780935, -0.15465855119404837, -0.3971675627274956, 0.2752018196306985, -0.6702101689006392, 0.44422155497209326, -0.1867015438950021, -0.3394741609024873, 0.7625019377404417, 0.33498795600960507, -0.48173969235965486, 0.4325469900732983, -0.03176051976962828], [-0.023414387760002042, -0.083639369511321, -0.5857360576621582, 0.19431014124052504, 0.6128918251952902, 0.6558990912558293, -0.21522711409851275, -0.3769975214439101, -0.5228374451454112, -0.11409063387147422, 0.23863642921935724, 0.05954707449178914, 0.43105739013587163, 0.5314058806783768, 0.10163346384091765], [-0.4244820281286099, -0.5112176583991359, -0.338741626541859, -0.8323289836207594, -0.26000224317140674, -0.2356249726321634, 0.13585919631444862, 0.12904033587885297, 0.13081553218772585, 0.7041993493318417, -0.14652186531720293, 0.7008733779353399, 0.2602195514928187, 0.35509168811480185, 0.015626885339312904]], "inverted": true, "swapped": false, "error_lsq": 0.04035151966574099, "error_max": 0.24110825285891865, "target": "687.xyz", "model": "10.xyz", "model_rescale": 4.2482417240324, "target_rescale": 4.134058265176951},
{"mapping": [0, 12, 11, 13, 2, 7, 8, 10, 5, 1, 3, 14], "R": [[-0.7132241984664331, -0.4169480541021311, -0.5634408246678266], [-0.6446914539107571, 0.7057105517589113, 0.2938461270640935], [0.2751075643750065, 0.5728236528955308, -0.7721326898319176]], "T": [-0.05950394428896423, 0.005263614215557565, 0.07424918427903432], "aligned_model": [[-0.7954894153001781, -0.0979562138824193, 0.40986395602069314, 0.7273160956489487, -0.40288071691042165, 0.14804763855227637, -0.35744470119710736, 0.6046254227982814, 0.16013036263886715, -0.015770754736113793, -0.40393421949064023, -0.0997418517791793], [-0.35359727001592844, -0.7494584614102917, -0.06605877898839566, -0.2654835852317624, 0.8079191276565465, 0.4829327613897853, 0.27867838497305286, 0.31059581755727045, -0.11205266899303257, 0.417651474321712, -0.06983214215388894, -0.01516326905442866], [0.07139602386039354, 0.1372019640063495, 0.34506621585003594, -0.17704332895331804, 0.1284382879459094, 0.37249587678215107, 0.5130692891208122, -0.23462661640768157, -0.5923481111234634, -0.42245690181132917, -0.5742522387518403, -0.0017481706636622296]], "inverted": true, "swapped": true, "error_lsq": 0.05190834099150509, "error_max": 0.25918038056685005, "target": "687.xyz", "model": "11.xyz", "model_rescale": 3.6694154284099745, "target_rescale": 4.134058265176951},
{"mapping": [6, 0, 3, 2, 8, 12, 11, 13, 1, 10, 5, 7, 4, 14], "R": [[0.3450781281182066, -0.9321225288318388, 0.10985752927575376], [0.24202940932581496, -0.02471531644749568, -0.9699540804359233], [0.9068312139068837, 0.3612986913580488, 0.21707234993690383]], "T": [0.1219798417648324, -0.018747508927437817, -0.057224267230193006], "aligned_model": [[0.07595433027271621, -0.12448468764171636, -0.2536358722343928, 0.8587014721716417, 0.6077260376251414, -0.48194461913171854, 0.16551624174113747, -0.30268968186733075, 0.2079660957858127, 0.16555216691889174, -0.34439868463021045, 0.6665380071290621, -0.7106283632864789, 0.06809240740325406], [-0.38004509895391253, 0.10176585686621265, 0.5988331509835959, 0.43776358557171835, -0.13057395933551907, -0.40045724210904277, -0.4487992876500498, -0.2438002984941583, 0.5515678270872535, 0.1136104455504171, 0.3772655503417005, -0.11848266750398123, 0.22409207350970228, 0.04824735227231734], [-0.6221346301933136, -0.8287135106450778, -0.20666538163307552, -0.17528696277489278, -0.38529879246049364, -0.31142884247326785, 0.2772828682646802, 0.66703037450113, 0.23610158675560158, 0.7239816308800155, 0.3061199501854116, 0.17452099371372196, -0.13870107978451449, -0.07771274468351003]], "inverted": false, "swapped": true, "error_lsq": 0.05723061326553174, "error_max": 0.3630185476481261, "target": "687.xyz", "model": "12.xyz", "model_rescale": 3.9764082729961374, "target_rescale": 4.134058265176951},
{"mapping": [13, 9, 5, 12, 10, 1, 14, 4, 6, 3, 0, 7, 11, 2, 15], "R": [[-0.11443638030595304, -0.0960928746292159, -0.9887722054689672], [-0.75490241058255, -0.6385868092754656, 0.14942970760874708], [-0.6457760179498204, 0.7635267162744697, 0.0005368202672104694]], "T": [-0.005110210454443642, 0.058906792880227585, -0.058576100508201764], "aligned_model": [[-0.5328460219790883, 0.4487875903098415, 0.4082034714310277, -0.13874106467078207, -0.3681240365291359, 0.16978074341258576, -0.6794371343408915, 0.33959766347337594, -0.32289689426298174, -0.28152642317859056, 0.7127613542491453, 0.44152306864734453, -0.6812089382811743, 0.5115577564760329, -0.009061957273246388], [-0.08214982527385896, 0.06471241238006434, -0.5449132434604802, 0.23336739689933828, 0.7477561668665262, 0.6143090614151839, -0.22071792026957376, -0.4921524493253022, -0.6355415054978446, 0.1587115989397055, -0.00013300807435097373, 0.05122616942964969, 0.39313681031807346, 0.6118805306790186, 0.003946571539018458], [-0.3343993952029318, -0.4528376986396843, -0.46771797066389753, -0.6576752804400116, -0.25821177115742017, -0.3120796559521059, 0.2668486359406451, 0.2469953559651702, -0.07887364156627112, 0.7301421795793597, 0.03243297593764524, 0.5509265007538314, 0.18987007962742491, 0.1934829623300181, 0.03390326227223317]], "inverted": false, "swapped": false, "error_lsq": 0.05171937509639016, "error_max": 0.42995568937835366, "target": "687.xyz", "model": "13.xyz", "model_rescale": 4.170626492500431, "target_rescale": 4.134058265176951},
{"mapping": [8, 7, 6, 11, 0, 4, 12, 2, 2, 10, 1, 5, 3, 14], "R": [[0.03565246731939614, -0.7507163756594379, -0.6596619019549315], [-0.6649771944510383, 0.4749214697194419, -0.5764155865862337], [0.7460122200299846, 0.4592107587113823, -0.48227714713601266]], "T": [-0.10435343221315795, -0.03405421379927051, 0.01750991195602282], "aligned_model": [[0.25709185750217156, 0.08886767220874504, -0.15893531091861726, -0.49117704932219397, 0.11317810878716279, -0.443772354456654, -0.648098948633542, 0.7164646843448487, 0.7164646843448487, -0.28669478418168315, 0.21897859751223847, -0.277328163954284, 0.12444771074400922, -0.08630368188540605], [-0.2519287681362885, -0.6020832816174952, 0.17459086941634985, -0.41842506755086006, 0.6231611830934203, 0.7174938673792435, 0.40409991703766934, -0.333785221696015, -0.333785221696015, -0.44974158469616565, -0.04016960157521046, 0.25976014720441776, 0.5640176200684474, 0.042869610694167934], [-0.40436139190780623, 0.003186985905591966, -0.6190951950114784, -0.01938873619429314, -0.4197678476574592, 0.2982522026800614, -0.2781399010872625, 0.05648275666530618, 0.05648275666530618, 0.6683981296356705, 0.577967114226287, 0.6420954999826373, 0.38464177013353107, 0.05711895708477407]], "inverted": false, "swapped": true, "error_lsq": 0.05763908894469177, "error_max": 0.5585676076290709, "target": "687.xyz", "model": "14.xyz", "model_rescale": 3.9786697098870705, "target_rescale": 4.134058265176951},
{"mapping": [1, 3, 10, 7, 5, 13, 0, 12, 11, 8, 4, 14], "R": [[0.6143362279123205, -0.1719776921835685, 0.7700744590399525], [0.06646818915030446, 0.9837689164604307, 0.16667542961501458], [-0.7862397718924813, -0.051209299912067574, 0.615795931049382]], "T": [0.09130705224045474, -0.1597300005262357, 0.06308700799991807], "aligned_model": [[-0.013954193095326167, -0.5461016307313081, 0.5498512201726312, 0.5528010116530487, -0.11643153311991797, 0.5105057469964072, -0.6037095550901529, -0.12620430849720954, 0.5881348084472703, 0.16244109071586849, -0.48730329207389345, 0.013325231389919229], [-0.19937434095775292, -0.003240601157366435, 0.13264434354211324, -0.5149566583988522, 0.345610466690995, 0.5776915826774245, -0.31299289006658026, 0.3191320960478338, 0.02636716103462511, -0.7143753049450858, 0.4913475372515181, -0.13317890149443284], [-0.5741269839154485, -0.2746213299644329, -0.5148008010608555, -0.08194371375738868, -0.3927967333954228, -0.12670132515944912, 0.4679651261043335, 0.609371678628712, 0.19448336001874908, 0.27140395585826993, 0.050674669190813426, 0.031058591325949694]], "inverted": false, "swapped": true, "error_lsq": 0.04161377835548687, "error_max": 0.21566686602578589, "target": "687.xyz", "model": "15.xyz", "model_rescale": 3.769337070930944, "target_rescale": 4.134058265176951},
{"mapping": [1, 2, 5, 3, 10, 7, 11, 8, 12, 0, 14], "R": [[0.2630236002570554, -0.016168928037853747, 0.9646539024302567], [-0.07112325723570871, 0.9968140421219529, 0.03610052227706042], [-0.962164262477047, -0.07810461698644988, 0.26103563131764224]], "T": [0.08060767927003196, 0.07026940316205899, 0.06745853234911416], "aligned_model": [[-0.26860039460412244, -0.21344032790505016, -0.20271936392156156, -0.6033056996372007, 0.31982436847326945, 0.385329576304423, 0.6125444733297841, 0.1359287092249102, 0.17301533518332715, -0.4176934340737676, 0.0017428883171593523], [0.03378827955436792, -0.7003380856574154, 0.5930333368678514, 0.3341782731674424, 0.2557996125412348, -0.3689158112777175, 0.16349673482960697, -0.48202907085889646, 0.596027361912337, 0.060943592345775864, 0.11008027420075508], [-0.4760634301804876, -0.22374553328368474, -0.32343525058459593, -0.018798532622077174, -0.6660629382905878, -0.2054104401933069, -0.016725111893377484, 0.2865324813881889, 0.6060552598629605, 0.7171299246608931, 0.06474117835985181]], "inverted": false, "swapped": true, "error_lsq": 0.045377631776250975, "error_max": 0.23128876685563368, "target": "687.xyz", "model": "16.xyz", "model_rescale": 3.7852294659196426, "target_rescale": 4.134058265176951},
{"mapping": [5, 0, 2, 3, 12, 6, 9, 8, 1, 10, 11, 7, 14], "R": [[0.8978790647325294, -0.2713267012877382, -0.34669151458227665], [0.3575897380331103, -0.00986793556120149, 0.9338266451013121], [-0.25679323271544763, -0.9624367226036602, 0.08816343128233775]], "T": [-0.02040519499870787, 0.09229150104609499, -0.03029513790734524], "aligned_model": [[0.1896686465867127, -0.5766692291562148, 0.5462338321450623, 0.03276795716367932, -0.7140600198763001, -0.6090581630009961, -0.3957721012737765, -0.03848386571544864, 0.532256272749624, 0.5773191455823199, -0.024120503724225518, 0.3579567583914155, -0.024272879655569245], [-0.15153819332771198, -0.46818037193678064, -0.17011292980062134, -0.5800514859450487, 0.12981610945725125, 0.08167859091616925, 0.6378544390176484, 0.12639432333860173, -0.20103016167010432, 0.40303654258829325, 0.6298198309955058, 0.42334211380544007, 0.014026816264231565], [-0.6649370483943469, 0.18628162029459178, 0.582211243919765, -0.3302171386112172, -0.3344035538331461, 0.29397799365129174, 0.34549445486027536, 0.5651858232371074, -0.19528295333100043, -0.4496553204580774, -0.1292115934910153, 0.2974918162405882, -0.0711806469416423]], "inverted": false, "swapped": true, "error_lsq": 0.05305752067669053, "error_max": 0.3935357131960399, "target": "687.xyz", "model": "17.xyz", "model_rescale": 3.901054581598922, "target_rescale": 4.134058265176951},
{"mapping": [10, 12, 11, 9, 5, 13, 4, 7, 6, 1, 3, 0, 8, 2, 14], "R": [[-0.5225315914485216, -0.6763464499853596, 0.5191495117309433], [0.8401009245145866, -0.5123738126927417, 0.1780548025087782], [0.1455718811035021, 0.5291772440864257, 0.8359307816877443]], "T": [-0.0475010730867757, 0.06989260511503573, -0.004933083002876239], "aligned_model": [[-0.705093094182496, 0.5519420628235936, 0.00287393886552173, -0.09940837141319014, -0.2299114661969111, 0.33767501307330794, -0.7764433142843907, 0.36364063609490743, -0.1357743436766627, -0.11222404306318545, 0.6837423538778928, 0.38690972567667836, -0.442647348622596, 0.2144930025023261, -0.021405573991333346], [-0.11272017088831018, -0.16616545892846724, -0.5170839949220827, 0.20284434129821108, 0.6072879002794561, 0.5500706440090247, -0.07527441942272142, -0.4080265409061081, -0.6725945946636975, -0.25586978686920125, 0.2708666816241072, 0.13267681290565814, 0.47577362618123353, 0.8155905645688315, 0.05606316229923356], [-0.4595527657712955, -0.3749595973058204, -0.5431261878512628, -0.6482208021151143, -0.26573720915154647, -0.3903816942533273, 0.2655178624464975, 0.20057314229170944, 0.06323093341517794, 0.607745748492041, 0.08616225499566307, 0.6138155894557294, 0.34080998606475216, 0.2380314403555047, -0.051102162284704176]], "inverted": true, "swapped": false, "error_lsq": 0.046830880192142835, "error_max": 0.37298610990733005, "target": "687.xyz", "model": "18.xyz", "model_rescale": 3.9405287249114394, "target_rescale": 4.134058265176951},
{"mapping": [14, 7, 4, 13, 11, 9, 3, 0, 12, 1, 8, 6, 10, 5, 15], "R": [[-0.4396353321062428, 0.4414902125302913, -0.7821810321171128], [0.8323041818877563, 0.5276045640998194, -0.17000933137093405], [0.3376248266582096, -0.7257546528827752, -0.5994077579102695]], "T": [-0.024558056985154637, 0.0038074688594150405, -0.04760421832997344], "aligned_model": [[-0.7443843764055932, 0.5083994013033373, 0.33210592324900273, -0.2231822207658453, -0.2604802164065985, 0.3380094377603376, -0.7308422132598241, 0.42744441444421355, -0.31923713706785356, -0.10282954608349663, 0.6932286507898577, 0.3627899448941831, -0.5972887255464644, 0.37216460065651163, -0.03752876007830522], [0.1073571522029863, 0.01871738140572363, -0.5847299912698461, 0.12920264885658825, 0.6414444312807998, 0.5513377506826576, -0.2405169140985572, -0.4080476852671163, -0.4472910288127531, -0.2852692240062852, 0.1272588272240751, 0.12191308190214051, 0.4674076097759663, 0.6741588913184487, 0.03049583537033964], [-0.31381183472224816, -0.5073428300474082, -0.29474687317572223, -0.6770121431036171, -0.2862944794378969, -0.44480095698359456, 0.3609259291029292, 0.2666303370535895, -0.1466670638822789, 0.5404669198970239, 0.1568808906520403, 0.5803257500583068, 0.22618133201553856, 0.24308934210738983, -0.02101778075004687]], "inverted": false, "swapped": false, "error_lsq": 0.04191628826406524, "error_max": 0.31199432150811557, "target": "687.xyz", "model": "19.xyz", "model_rescale": 4.410303926677745, "target_rescale": 4.134058265176951},
{"mapping": [8, 0, 9, 2, 11, 3, 7, 12, 4, 5, 1, 10, 13, 14], "R": [[-0.43938840641705684, 0.6828206211172239, 0.5836898385986926], [0.723168598559262, -0.11657804598189736, 0.680761879993934], [0.5328836705737117, 0.7212250401727128, -0.4425713897935074]], "T": [0.009575285209786882, -0.01120501411776254, -0.030099372344197156], "aligned_model": [[-0.25678475558731195, 0.12425298485149301, 0.3259198163393289, -0.8355409496978721, 0.2661442877886144, -0.14048981367067162, -0.3217197001094929, 0.7163076815534455, 0.44699474299623104, 0.06511960531072748, -0.4531833017856032, -0.1327800398351224, 0.4540303135868158, 0.002917017720290852], [0.003257380664448509, -0.7635081119743511, 0.3052435856924123, -0.0023221520707252304, 0.46981205207714116, -0.5855586058537879, 0.44916329709760655, -0.28213233650276026, -0.550911325570208, -0.12751635380453744, -0.02573998489950253, 0.5386594422508829, 0.4649590379881609, -0.08245745891357764], [-0.5638882666764519, -0.33234589830544525, -0.6461703690237464, -0.2554870038742366, -0.06921334871221427, 0.4085623430256262, -0.2263166346381, -0.0767335539379459, 0.49547390725554796, 0.6697154560841976, 0.42193657730694534, 0.5240521159050382, 0.5454571163652425, 0.021772597950564056]], "inverted": false, "swapped": true, "error_lsq": 0.05285175828507949, "error_max": 0.3093625515729677, "target": "687.xyz", "model": "20.xyz", "model_rescale": 4.121658175737393, "target_rescale": 4.134058265176951},
{"mapping": [2, 3, 0, 8, 6, 1, 4, 7, 5, 13, 12, 9, 14], "R": [[-0.4287400813432558, -0.7441611710856655, 0.5122558873240889], [-0.8503958189567538, 0.5238351240723602, 0.04923122879806732], [-0.3049735951695671, -0.41451286377687513, -0.8574206622264493]], "T": [0.10306290860598047, -0.11744519797179837, -0.032111818591322706], "aligned_model": [[0.34526919976074805, -0.4009649312792476, 0.30611965276259034, 0.6398606976694234, 0.5944211291967259, -0.3375276332592533, -0.4950139546512855, 0.36230337632028153, -0.606814459705977, -0.41732124227007417, 0.10067512906677717, 0.7472628730261431, 0.042813068027442516], [-0.743608848674806, 0.0949200413159115, 0.48246011733539146, -0.2773352453121301, 0.33726520031930446, -0.5037514626263563, 0.5107472834238698, -0.6459939223798541, -0.06847869097123782, -0.1414905988274226, 0.5983346029754266, -0.02047837490242685, -0.08176319751248735], [0.5285620039228902, 0.4635520035060497, 0.48687320972266956, 0.17372967947654908, 0.027751084729658253, 0.24237082074703112, 0.04866088010895494, -0.14884737066092538, -0.03765225847687318, -0.7279278163075276, -0.2825127291609466, -0.4262702800151739, 0.02182051188943291]], "inverted": false, "swapped": true, "error_lsq": 0.04985308116541331, "error_max": 0.3502129503981916, "target": "687.xyz", "model": "21.xyz", "model_rescale": 4.08911054899281, "target_rescale": 4.134058265176951},
{"mapping": [1, 6, 0, 8, 11, 5, 2, 13, 4, 3, 10, 14, 15, 9, 16], "R": [[0.5705027076562885, 0.5045189523401611, -0.6480642616951111], [-0.2638219886404532, 0.8598326196412991, 0.43713364605184246], [0.7777690009679223, -0.07841232639303046, 0.6236400309497402]], "T": [0.05473039472425034, 0.06253167636841261, -0.012050763911689081], "aligned_model": [[-0.5888093236851917, 0.39815226179744656, 0.03662165219279062, -0.0560050823068374, -0.3425133112251907, 0.35404525325490405, -0.5937522983123702, 0.32526790718690685, -0.18909911287890827, -0.07550109982247649, 0.8168243097313674, 0.015320075734326644, -0.5287847865013778, 0.38456404663099086, 0.06203868568708215], [-0.00943303750298781, -0.11372182498215774, -0.5999754215828589, 0.29816610706390895, 0.6462542374492815, 0.6540024328432368, -0.19535239861345288, -0.42498497176413236, -0.5678702654064285, -0.3375108040944308, 0.29876585914950105, 0.21451562348345005, 0.40485578181153714, 0.62022973839966, 0.015497710311040976], [-0.4710454175329951, -0.6496715391605772, -0.41309417401511905, -0.6546829193922408, -0.3076153761831732, -0.2535088630635744, 0.1729352627929575, 0.3427265439482758, 0.15950898922484924, 0.7477417044293302, -0.132639672231703, 0.6101793322131364, 0.25966831529689366, 0.28414215504312385, -0.011837802585178758]], "inverted": false, "swapped": false, "error_lsq": 0.04305830943035258, "error_max": 0.2632502695794802, "target": "687.xyz", "model": "22.xyz", "model_rescale": 4.204369325754507, "target_rescale": 4.134058265176951},
{"mapping": [14, 7, 4, 13, 11, 9, 3, 0, 12, 1, 8, 6, 10, 5, 15], "R": [[-0.4396353321062428, 0.4414902125302913, -0.7821810321171128], [0.8323041818877563, 0.5276045640998194, -0.17000933137093405], [0.3376248266582096, -0.7257546528827752, -0.5994077579102695]], "T": [-0.024558056985154637, 0.0038074688594150405, -0.04760421832997344], "aligned_model": [[-0.7443843764055932, 0.5083994013033373, 0.33210592324900273, -0.2231822207658453, -0.2604802164065985, 0.3380094377603376, -0.7308422132598241, 0.42744441444421355, -0.31923713706785356, -0.10282954608349663, 0.6932286507898577, 0.3627899448941831, -0.5972887255464644, 0.37216460065651163, -0.03752876007830522], [0.1073571522029863, 0.01871738140572363, -0.5847299912698461, 0.12920264885658825, 0.6414444312807998, 0.5513377506826576, -0.2405169140985572, -0.4080476852671163, -0.4472910288127531, -0.2852692240062852, 0.1272588272240751, 0.12191308190214051, 0.4674076097759663, 0.6741588913184487, 0.03049583537033964], [-0.31381183472224816, -0.5073428300474082, -0.29474687317572223, -0.6770121431036171, -0.2862944794378969, -0.44480095698359456, 0.3609259291029292, 0.2666303370535895, -0.1466670638822789, 0.5404669198970239, 0.1568808906520403, 0.5803257500583068, 0.22618133201553856, 0.24308934210738983, -0.02101778075004687]], "inverted": false, "swapped": false, "error_lsq": 0.04191628826406524, "error_max": 0.31199432150811557, "target": "687.xyz", "model": "23.xyz", "model_rescale": 4.410303926677745, "target_rescale": 4.134058265176951},
{"mapping": [11, 12, 6, 7, 1, 0, 9, 5, 15, 8, 2, 4, 10, 3, 16], "R": [[-0.9141781982624391, -0.02992235065102819, -0.404206475397361], [0.381999944630009, -0.39695105077442333, -0.8345692934632516], [-0.1354779100972203, -0.9173519042442753, 0.3743143326872368]], "T": [-0.11488514681603744, -0.030070294939647794, -0.12210099187244236], "aligned_model": [[-0.7088571012085976, 0.5411536201854127, 0.1410766718237506, -0.13260528510272518, -0.2923677202103064, 0.471959524579468, -0.5899858329343273, 0.4185827758758027, -0.17382457312678418, -0.23081133381065028, 0.6552818831765569, 0.21427703216777033, -0.4501407341277176, 0.23009561292363645, -0.07546536272782656], [0.10923154732354157, -0.1594212714214311, -0.6854704857145463, 0.30187014583252736, 0.7955041082180595, 0.38356693538563646, -0.2574041872894638, -0.3099261621151346, -0.6804640720314428, -0.12339524999413076, 0.3494787349081366, 0.09959780174653021, 0.29036420691161996, 0.7106349587604782, 0.07927175604478714], [-0.29096129137450605, -0.5682593671811701, -0.4099068762643985, -0.6978026829949997, -0.274620467882821, -0.3564157042353162, 0.21704296438713247, 0.05871577309762743, 0.16569801712720209, 0.6863284974384205, 0.18721960400240614, 0.4684265837915277, 0.3347462117692622, 0.25419010180973634, -0.09159482470609846]], "inverted": false, "swapped": false, "error_lsq": 0.04321570910821477, "error_max": 0.269973974069048, "target": "687.xyz", "model": "24.xyz", "model_rescale": 4.28219845311461, "target_rescale": 4.134058265176951},
{"mapping": [3, 2, 6, 4, 7, 13, 1, 10, 8, 5, 14, 11, 9, 12, 15], "R": [[-0.0018011606318311668, -0.8639853860556123, -0.5035136626773036], [-0.9020761165127332, 0.21870750697270686, -0.37205605278114956], [0.4315732102872983, 0.4535375167239403, -0.7797745091282462]], "T": [-0.015476433993924659, 0.09482767830087083, -0.07415688292628345], "aligned_model": [[-0.7823974801056014, 0.4400818839743447, 0.4121733469601007, -0.3559679476996649, -0.3597714276034033, 0.23785930525770235, -0.5029413353549524, 0.43819170488704434, -0.06679991328750666, -0.4468385983397794, 0.735477469494982, 0.19238708817589875, -0.33575845210713484, 0.43141292781566637, -0.0187393945842338], [0.15289953402205048, 0.054630067875052896, -0.6716981797903512, 0.17434948719280527, 0.7563327875359442, 0.5914782309534241, -0.31870503678579876, -0.38092920596737767, -0.5391071413185278, -0.24041557539095784, 0.02325955396381324, 0.1319331965677366, 0.5267827163072856, 0.5889919847300938, 0.053636346669974494], [-0.16638005498132852, -0.5836966708073622, -0.27848727393190875, -0.7163331702731773, -0.2964583754574128, -0.2792804766563801, -0.10945649115076703, 0.3703039428655118, 0.2041210390800194, 0.5791572260129908, 0.031156284855710703, 0.42773255501189156, 0.33536473786201604, 0.3006916688726604, -0.13562840251845912]], "inverted": true, "swapped": false, "error_lsq": 0.050403878064631334, "error_max": 0.38827964941767573, "target": "687.xyz", "model": "25.xyz", "model_rescale": 4.100010024507729, "target_rescale": 4.134058265176951},
{"mapping": [0, 12, 11, 13, 2, 7, 8, 10, 5, 1, 3, 14], "R": [[-0.7132241984664331, -0.4169480541021311, -0.5634408246678266], [-0.6446914539107571, 0.7057105517589113, 0.2938461270640935], [0.2751075643750065, 0.5728236528955308, -0.7721326898319176]], "T": [-0.05950394428896423, 0.005263614215557565, 0.07424918427903432], "aligned_model": [[-0.7954894153001781, -0.0979562138824193, 0.40986395602069314, 0.7273160956489487, -0.40288071691042165, 0.14804763855227637, -0.35744470119710736, 0.6046254227982814, 0.16013036263886715, -0.015770754736113793, -0.40393421949064023, -0.0997418517791793], [-0.35359727001592844, -0.7494584614102917, -0.06605877898839566, -0.2654835852317624, 0.8079191276565465, 0.4829327613897853, 0.27867838497305286, 0.31059581755727045, -0.11205266899303257, 0.417651474321712, -0.06983214215388894, -0.01516326905442866], [0.07139602386039354, 0.1372019640063495, 0.34506621585003594, -0.17704332895331804, 0.1284382879459094, 0.37249587678215107, 0.5130692891208122, -0.23462661640768157, -0.5923481111234634, -0.42245690181132917, -0.5742522387518403, -0.0017481706636622296]], "inverted": true, "swapped": true, "error_lsq": 0.05190834099150509, "error_max": 0.25918038056685005, "target": "687.xyz", "model": "26.xyz", "model_rescale": 3.6694154284099745, "target_rescale": 4.134058265176951},
