[{"mapping": [0, 9, 8, 10, 6, 5, 1, 7, 4, 2, 11], "R": [[0.12554605578275588, 0.9394803204018122, 0.31877094512377013], [-0.7328170257450947, 0.3044082484061098, -0.6085349826266667], [-0.668743145501699, -0.15720160902494817, 0.726684429078029]], "T": [-0.10149212653123962, -0.11894959583528072, -0.010531921621667308], "aligned_model": [[0.37425361415436253, -0.6156785961146323, -0.32471031882469925, -0.30179044111779174, -0.1031883479096097, 0.5000366579378214, 0.5168537422530272, 0.2644636302976656, -0.25630373912729887, 0.33058628017854397, -0.0427448038654113], [-0.49269170900301895, 0.1514617305073606, 0.27400002857137085, -0.3598124499420071, 0.5883165598484993, -0.39941550099857226, 0.22226002805753867, 0.25629656299287207, -0.7456961802448431, -0.04693744809980302, -0.15507870642573612], [0.11898339432946886, -0.18898755619492877, 0.4354139517745572, -0.6135468606158958, -0.16841224120672244, -0.5087169575531154, 0.04519005464717884, -0.7991192751815075, 0.4748241850463043, 0.6653917032207268, -0.019232228262357633]], "inverted": true, "swapped": false, "error_lsq": 0.04587952346107604, "error_max": 0.2074260090508078, "target": "688.xyz", "model": "0.xyz", "model_rescale": 3.751011558992144, "target_rescale": 3.6579180882166535},
{"mapping": [9, 0, 8, 3, 1, 12, 6, 7, 5, 10, 14], "R": [[-0.6616594795136093, 0.13902142360013045, -0.7368037574211828], [-0.2027704419520989, 0.9128705277059728, 0.3543325380435298], [0.7218662487194774, 0.3838495062208783, -0.5758200027210394]], "T": [0.005805286369656066, -0.08637326990711061, 0.034567339587912305], "aligned_model": [[0.32262761460650335, -0.4937994259859211, -0.4710976930873417, -0.30041635416591955, -0.13000779184522077, 0.34272144204416083, 0.536832699084335, 0.1831755322312668, -0.21126571640739486, 0.5206419836984185, 0.04236538768909068], [-0.628123736332567, 0.19915904271765092, 0.06888576342707003, -0.37312263123683453, 0.5814897096951918, -0.4243944906844608, 0.4205644090705575, 0.20784928827103868, -0.531165577347925, -0.10685551485384231, -0.12158334746221802], [0.2353649137582136, -0.45977156070088954, 0.469166503062771, -0.6037186465949831, -0.11103278987072074, -0.534822037224576, -0.12275342143373338, -0.5325745350249058, 0.4155214444226836, 0.6725151437650372, 0.013893155844811659]], "inverted": true, "swapped": false, "error_lsq": 0.03988481241116342, "error_max": 0.15527504501359207, "target": "688.xyz", "model": "1.xyz", "model_rescale": 3.9405287249114394, "target_rescale": 3.6579180882166535},
{"mapping": [5, 4, 1, 8, 7, 11, 6, 3, 2, 0, 12], "R": [[-0.43366247335121455, 0.23329878427923312, 0.8703496633312033], [0.8636172120693777, 0.3832127537527822, 0.3275870821304236], [-0.25710342320634816, 0.8937111740462023, -0.3676658362705679]], "T": [0.03689177442019369, -0.08450666572824125, -0.13089955195326364], "aligned_model": [[0.32121285497311114, -0.6123826895856109, -0.3795127284062525, -0.38142802833002176, -0.013506494410400485, 0.6782448450040037, 0.47198486218537633, 0.01949780940700148, -0.2009948260660009, 0.46344567756799543, -0.024783604477223956], [-0.6781702577199511, 0.12643133519148286, 0.16890264727945073, -0.4134526104338432, 0.7058207334269144, -0.3593882143028555, 0.22615691993011902, 0.25784028874850873, -0.5311021099556542, -0.07812339673594962, -0.13221242016456147], [0.1769987154557477, -0.29103559424473485, 0.49329380147586055, -0.694364615820157, -0.17276206262411697, -0.2748462856540418, -0.03323771235215145, -0.5883880122563679, 0.3253154215253059, 0.590862881165991, -0.09004836666762668]], "inverted": false, "swapped": false, "error_lsq": 0.04981090286251713, "error_max": 0.296959275196607, "target": "688.xyz", "model": "2.xyz", "model_rescale": 3.932901565614263, "target_rescale": 3.6579180882166535},
{"mapping": [5, 11, 8, 10, 3, 6, 0, 1, 9, 7, 13], "R": [[0.336312382987482, 0.6199136602003361, 0.7089436049124807], [0.2226775696438915, -0.7837922949681319, 0.5797278140007418], [0.9150457261944733, -0.03710380365422278, -0.4016399217304199]], "T": [0.10432681174854824, -0.025779781087921172, -0.05413166910882051], "aligned_model": [[0.3431071969196563, -0.7325979299222678, -0.44623457980742726, -0.21735942425688154, -0.010160259945944342, 0.38184643287505377, 0.5785639026644369, 0.23246086217984013, -0.18687880139495683, 0.30530581914100835, 0.09372445940945952], [-0.6670632980179463, 0.14436558456693568, 0.1743408141197138, -0.34706339187550955, 0.45624461260081456, -0.5293312702312916, 0.44316710831143596, 0.29592448370732516, -0.48085994844779684, -0.05927945640122824, -0.1377423230687918], [0.16618415925142754, -0.31550540476877764, 0.38815853769390596, -0.60770212289513, 0.06928094120732908, -0.4230639370836527, -0.11846148851870975, -0.7090031466101502, 0.44375814956421483, 0.6301400296253787, -0.08199754746212697]], "inverted": true, "swapped": false, "error_lsq": 0.043222953361905084, "error_max": 0.2723648477110171, "target": "688.xyz", "model": "3.xyz", "model_rescale": 3.9243930471874484, "target_rescale": 3.6579180882166535},
{"mapping": [1, 3, 8, 0, 10, 5, 11, 6, 7, 9, 12], "R": [[-0.9861983074472987, 0.0969581666806835, 0.1342088383900407], [0.14089891182305192, 0.06578002714645537, 0.9878362641023519], [0.0869505321154684, 0.9931123309789949, -0.07853345161333797]], "T": [-0.03698738011837153, -0.004357331934236486, 0.007999333756362886], "aligned_model": [[0.17057122511379277, -0.45717244731327367, -0.16535323879640995, -0.17472183733027774, -0.19952476815777645, 0.3897015899649905, 0.6151917712728556, 0.16618082067126919, -0.47958677416772777, 0.4682035466743645, 0.008287789930170396], [-0.6779569761572883, 0.08056266616431937, 0.138561467051312, -0.6506338291702307, 0.6779916103060355, -0.36027256548426523, 0.44278118347332046, 0.27379594963554227, -0.5517520516357775, 0.003769103869155785, -0.08414364278846273], [0.12351229700785804, -0.5108325018069831, 0.6075264742084074, -0.5274241078088224, 0.079478267938556, -0.5066694617919113, -0.021387464593619766, -0.6267210368609463, 0.3919049942280347, 0.5003442131897784, -0.06794350370664287]], "inverted": false, "swapped": false, "error_lsq": 0.05331820843469763, "error_max": 0.3032962680363944, "target": "688.xyz", "model": "4.xyz", "model_rescale": 3.8936222436046832, "target_rescale": 3.6579180882166535},
{"mapping": [5, 3, 9, 2, 8, 4, 7, 10, 1, 6, 11], "R": [[0.40444938158797716, -0.583774087868803, -0.704008886354462], [-0.9141552585228228, -0.2351403644004282, -0.33019565767087966], [0.02721876279652946, 0.7771208550557506, -0.6287625271827555]], "T": [-0.03893528288188328, 0.009764563461505962, -0.049647698264862684], "aligned_model": [[0.5421367587196196, -0.5160831803896132, -0.37936962516638106, -0.3292158686802245, -0.1489397876931753, 0.3480144168729538, 0.548701074086538, 0.1455088608386145, -0.2681093309376805, 0.3449058349071984, 0.05422852530412766], [-0.505836320060903, 0.2144589859048759, 0.21301555783006637, -0.4266163855689728, 0.7400417649789592, -0.5271940687182809, 0.2795182417832172, 0.17645497371487434, -0.6766638268038148, -0.06323787448109557, -0.1312381333152648], [0.1820457812006491, -0.29604597270223915, 0.4245141261187231, -0.5811242393802283, -0.07102629026440854, -0.4884756327609524, -0.008855635448133427, -0.6307346663357708, 0.2959012677248038, 0.6445750818688493, -0.02898565001758402]], "inverted": true, "swapped": false, "error_lsq": 0.038523730994018526, "error_max": 0.24863095334547008, "target": "688.xyz", "model": "5.xyz", "model_rescale": 3.6523030999806103, "target_rescale": 3.6579180882166535},
{"mapping": [9, 1, 6, 5, 2, 7, 4, 3, 8, 10, 12], "R": [[-0.7368520724168905, -0.05422661188254521, 0.6738757288541214], [-0.5097068225030399, -0.6102615325330288, -0.6064485279100723], [0.44412608397704834, -0.7903419111208635, 0.4220328009255123]], "T": [0.045491950900012366, -0.09420312673175826, -0.06105678773945782], "aligned_model": [[0.3969956363031785, -0.5140120515193789, -0.3203359430919439, -0.32037730809393566, -0.054184830475600416, 0.4128409204981298, 0.4279440675069613, 0.22122226311423007, -0.33482613667313166, 0.3805929000623738, 0.045918160231094636], [-0.6226201753660404, 0.25707710301841946, 0.03981753700102167, -0.5141864930588713, 0.6554568652190613, -0.4147495180498584, 0.33209832584759724, 0.18738995829182406, -0.5846360798094797, 0.07368301077919806, -0.11662761860921086], [0.2851851176406801, -0.2753750964692224, 0.45935927248749614, -0.4530480979983838, 0.0044112955684684554, -0.5397245276648978, -0.027455419337060805, -0.6713558085349812, 0.2007385014975004, 0.6231907116122972, -0.16413777879818767]], "inverted": true, "swapped": false, "error_lsq": 0.042267396286440245, "error_max": 0.2302159206633207, "target": "688.xyz", "model": "6.xyz", "model_rescale": 4.08911054899281, "target_rescale": 3.6579180882166535},
{"mapping": [10, 2, 6, 13, 0, 11, 9, 1, 5, 8, 14], "R": [[0.6633642095224154, 0.36804051227729756, -0.6515321226519578], [0.04616770180281707, 0.8488984331069617, 0.5265358426344704], [0.7468711192936487, -0.3793647737879863, 0.5461372534206423]], "T": [-0.025467994714974677, -0.16316540582164307, 0.033377440025134916], "aligned_model": [[0.39986124995231215, -0.5996722879919524, -0.36898202575664935, -0.26806663737623665, -0.19185090239942584, 0.39555672860352653, 0.593331714546757, 0.08633010711346628, -0.31965451132500405, 0.5074954634450548, 0.10742877905012932], [-0.7082515207550192, 0.224315929176719, 0.15817838921438093, -0.42843687371360684, 0.7621326069663023, -0.39370401648652203, 0.30558000823928044, 0.2665307742537383, -0.6972182973581432, -0.10742284483296197, -0.0890012394405065], [0.23648100828422974, -0.3792812420614392, 0.20034822286698623, -0.6043305411488346, 0.005155132092655154, -0.30444084589859016, -0.07581030893160584, -0.5504105661137189, 0.4902614866602614, 0.45526805670854703, -0.03145223245478264]], "inverted": true, "swapped": false, "error_lsq": 0.042100826275542666, "error_max": 0.2283943173624835, "target": "688.xyz", "model": "7.xyz", "model_rescale": 3.964800864290218, "target_rescale": 3.6579180882166535},
{"mapping": [11, 0, 2, 3, 1, 10, 8, 5, 4, 12, 13], "R": [[0.1909348901118597, -0.20411742881235762, 0.9601457925716304], [0.5062213618061661, -0.8175602597725267, -0.2744725022507527], [0.8410016650334783, 0.538452687704046, -0.052772175577725955]], "T": [-0.008921858461810317, -0.07537287402781444, -0.013521520644257795], "aligned_model": [[0.3173819612941496, -0.6815956740190312, -0.4876857840435997, -0.3607575960096428, -0.19226899686221516, 0.5578723376102557, 0.616726929681537, 0.34927962979440597, -0.2462629036790317, 0.4082935130635856, 0.06079426103156438], [-0.796865851820901, 0.05770518453802799, 0.09053035899183239, -0.2534585934332344, 0.6500229539456335, -0.36936618131872884, 0.3613481808344886, 0.1884214924369486, -0.5017175468625004, -0.08322576598434302, -0.05069131606356232], [0.23164581955752084, -0.22078835521935222, 0.41294060966655366, -0.622175598122125, -0.07100726471610061, -0.5306736139150885, -0.1078395758722947, -0.7214586287272192, 0.4934230948854109, 0.6161963551853985, -0.03847467271899482]], "inverted": false, "swapped": false, "error_lsq": 0.04412313343907773, "error_max": 0.23269573202855592, "target": "688.xyz", "model": "8.xyz", "model_rescale": 4.121658175737393, "target_rescale": 3.6579180882166535},
{"mapping": [6, 3, 11, 2, 10, 1, 5, 0, 8, 7, 12], "R": [[0.6597360591224641, 0.6833807375904533, -0.3126325315508426], [0.5495976792961355, -0.7224834138517738, -0.41947599171035865], [-0.512533631292487, 0.10492132385466046, -0.8522328276913079]], "T": [0.13876759403931116, -0.07851550033594212, 0.006143482761418434], "aligned_model": [[0.37700851315294004, -0.5536801490289173, -0.3349318148189784, -0.30858906983561185, -0.08587695427852285, 0.3021901356819656, 0.5043663381148917, 0.26487188662095884, -0.22697981722688387, 0.23866418525375727, 0.16473442422637855], [-0.7165802909974787, 0.17729201214057483, 0.12076126310544605, -0.4082456683480493, 0.6429107063173594, -0.4357089826533854, 0.41951736957492813, 0.21444362845682746, -0.6120234527001754, 0.013824453914599771, -0.12348812354698628], [0.13380176675394315, -0.2727160359040115, 0.3788762505094875, -0.41038560679691305, -0.0684211593973765, -0.5601052300729014, 0.010470732982620051, -0.7129510168502402, 0.3410336642291637, 0.6669800088599285, -0.06479520430999192]], "inverted": true, "swapped": false, "error_lsq": 0.03929005926852275, "error_max": 0.19391347925791566, "target": "688.xyz", "model": "9.xyz", "model_rescale": 3.833441315466971, "target_rescale": 3.6579180882166535},
{"mapping": [11, 2, 0, 9, 5, 7, 6, 3, 10, 12, 14], "R": [[-0.25904612657422155, -0.4253746814242081, 0.8671513620528692], [0.724422729756973, 0.5082447347985328, 0.4657241653178682], [-0.6388323824903903, 0.7488281978884227, 0.1764922579855252]], "T": [0.05423188270545551, -0.009498991941150843, 0.03494965740469548], "aligned_model": [[0.3134566575165024, -0.4677363063469353, -0.3207996984173318, -0.2488569641179508, -0.2738492316429917, 0.3942960365993189, 0.625014823707107, 0.1461927189307251, -0.29893486925001356, 0.43459952890007747, 0.03839498198346986], [-0.6373628525797526, 0.1297775800070956, 0.1877782468353791, -0.3650234022918087, 0.5797577822594108, -0.38851903471876137, 0.3506495209086514, 0.13611346622603931, -0.5680039791725435, -0.1044988226949034, -0.0279655895151458], [0.09761200392733421, -0.43918270918858765, 0.5681062628452702, -0.628111177744531, -0.01578926191410942, -0.3947178363519595, 0.1106427944680826, -0.816321196304563, 0.5239277428755644, 0.49245981379020576, -0.0568382663989979]], "inverted": true, "swapped": false, "error_lsq": 0.0455097868884325, "error_max": 0.2226784631989812, "target": "688.xyz", "model": "10.xyz", "model_rescale": 4.2482417240324, "target_rescale": 3.6579180882166535},
{"mapping": [1, 9, 7, 10, 5, 0, 6, 4, 3, 2, 11], "R": [[0.43318368420358744, 0.3667071941766179, -0.8233333040020422], [-0.10710704403120878, -0.8860722552991034, -0.45100336973026894], [-0.8949189778179384, 0.28355209773209794, -0.3445551204278112]], "T": [0.048898352013581774, -0.1445725026429474, -0.008250446479623315], "aligned_model": [[0.43289714840192045, -0.630981350167163, -0.5056172521524729, -0.23104022349279163, -0.03407857000631235, 0.4474632035361316, 0.5769348728504344, 0.16860036725002128, -0.2684680638107108, 0.39315081990154194, -0.007083274448621606], [-0.7213648962561166, 0.10390060530780393, 0.08918649060676631, -0.3704315334375671, 0.6019464609069041, -0.4983171201982925, 0.22768442796491534, 0.45601356143921556, -0.4907435717494555, -0.04012630841806669, -0.06504520090244575], [0.12959734204271825, -0.4023768314462001, 0.3022739881573108, -0.5426888944663584, -0.005019688969363258, -0.5466278982876301, -0.06378735690774531, -0.6333963393805345, 0.6531993063151336, 0.6385404913431518, -0.08792594839677437]], "inverted": true, "swapped": false, "error_lsq": 0.043430682262241976, "error_max": 0.24850427793156268, "target": "688.xyz", "model": "11.xyz", "model_rescale": 3.6694154284099745, "target_rescale": 3.6579180882166535},
{"mapping": [0, 9, 2, 7, 8, 6, 4, 11, 12, 1, 13], "R": [[-0.5765845939799341, 0.5100754204850289, 0.6382579975229574], [-0.75866064331838, -0.6242226800585806, -0.18649416607557712], [0.30328902760359855, -0.5917508860301809, 0.7468913271807083]], "T": [-0.01123042908923079, -0.1510047124926459, -0.07011433653156765], "aligned_model": [[0.556758180781305, -0.5329879918561031, -0.2420658980644193, -0.4800044466082102, -0.2212102339030887, 0.3231767565756483, 0.6493822869985618, 0.16545744333704815, -0.27497364587506884, 0.3093204316021727, 0.08892479487413195], [-0.5256670858798617, 0.23071762946879748, 0.16209549987028132, -0.4898379918087145, 0.5755534957257322, -0.3528602936994447, 0.17785805892428147, 0.3010199048480277, -0.5750108957763944, -0.02912382449792042, -0.18204158191112366], [0.1484146305429445, -0.5462901089445844, 0.45428705236210376, -0.5365993285694454, -0.04522452030235444, -0.47911432670886656, -0.014268417527763644, -0.6264270093717312, 0.39078345300869, 0.7037497916932647, -0.007523046178548792]], "inverted": true, "swapped": false, "error_lsq": 0.043512547490187424, "error_max": 0.24303205323045313, "target": "688.xyz", "model": "12.xyz", "model_rescale": 3.9764082729961374, "target_rescale": 3.6579180882166535},
{"mapping": [11, 4, 7, 6, 0, 13, 1, 9, 3, 8, 15], "R": [[0.1416704955209185, 0.901711020184335, -0.40846873414862916], [0.12555331385453355, 0.3929308160018188, 0.9109564968846153], [0.9819194651696251, -0.18034026148997032, -0.05754610331487889]], "T": [0.11818839562786534, -0.05249791600582043, -0.16607262645137721], "aligned_model": [[0.42204513812013533, -0.5778142902196526, -0.3857062234602442, -0.290572177219365, -0.19613289116596797, 0.3367340426108631, 0.6299378729770059, 0.2211582827579696, -0.19505518545983155, 0.3538741239239253, 0.023308984997139695], [-0.681189277259964, 0.0934197280162592, 0.23772997639919258, -0.49638891394553464, 0.5991861511481916, -0.524393469729644, 0.2861716661698678, 0.46772724019071676, -0.46802830522191774, -0.13345804142272535, -0.08807383908078126], [0.21203179176640685, -0.26682988045978556, 0.3165158962542332, -0.6346175887900203, -0.10592332231462728, -0.4886139923990149, -0.0025551509240749337, -0.44937831951511387, 0.49548341944260865, 0.49540339897855756, -0.12972808203546077]], "inverted": true, "swapped": false, "error_lsq": 0.0462799656830158, "error_max": 0.2850095457494909, "target": "688.xyz", "model": "13.xyz", "model_rescale": 4.170626492500431, "target_rescale": 3.6579180882166535},
{"mapping": [9, 4, 0, 12, 2, 11, 3, 6, 7, 1, 13], "R": [[-0.8257178507368151, -0.4386327518169203, 0.3546707487347822], [-0.41477770779629974, 0.046004544714143225, -0.9087590632180194], [0.38229502231891843, -0.8974881007005946, -0.21992186114849355]], "T": [-0.05487197433092735, -0.0800743942870849, -0.0707731367735604], "aligned_model": [[0.5188452301642363, -0.6543401647255328, -0.24654169012013188, -0.3813611242920267, -0.1493365941917787, 0.47798022219753805, 0.5541833664010393, 0.2950939937740015, -0.36408947718056056, 0.2924165348311202, -0.0010726189959270119], [-0.6074427756105201, 0.15352419159461264, 0.15472734975303995, -0.5010711844602799, 0.5693925646521218, -0.32884982273948565, 0.2394809780580897, 0.32781521265526037, -0.4842281140000921, -0.13950334673716314, -0.09114213790192298], [0.15067120862824274, -0.36932417089019015, 0.44302572228792464, -0.5726423018033702, -0.023855420747009887, -0.4629962543791649, -0.021685863870206698, -0.7177964414132669, 0.5604749203817745, 0.6123618139572853, -0.15644504214830962]], "inverted": false, "swapped": false, "error_lsq": 0.038584057276067577, "error_max": 0.1900861237022737, "target": "688.xyz", "model": "14.xyz", "model_rescale": 3.9786697098870705, "target_rescale": 3.6579180882166535},
{"mapping": [0, 7, 8, 6, 5, 1, 4, 10, 9, 2, 11], "R": [[-0.25440958466751834, 0.18576333194272154, -0.9490878503778452], [0.35179860085352255, 0.9319205607417536, 0.0881011515491113], [0.9008404451770607, -0.3114740004756638, -0.3024408030687682]], "T": [-4.4507380693691034e-05, -0.1120432752427942, -0.02387777064172812], "aligned_model": [[0.47057011581469804, -0.46629098375493827, -0.2543847164544137, -0.3864929668222856, -0.08506480130157337, 0.3277662978121859, 0.496781632508166, 0.23134686919647166, -0.3452813685605633, 0.40025034167206963, -0.04742274224783905], [-0.542880734805631, 0.18733537434843775, 0.1222580956727882, -0.5968034296850946, 0.6551792356839907, -0.4072256191565492, 0.24536414123394654, 0.26569882495218555, -0.5832157289065572, 0.1401776520991493, -0.1931848961730051], [0.253081695617946, -0.3842423815960055, 0.36681654932902563, -0.5168492420923724, 0.19703116099924045, -0.5397067649147523, -0.04227492970785392, -0.7282142847334634, 0.19111594238347884, 0.7041305080884169, -0.05910008336995164]], "inverted": false, "swapped": false, "error_lsq": 0.04881541753029964, "error_max": 0.24213877013501148, "target": "688.xyz", "model": "15.xyz", "model_rescale": 3.769337070930944, "target_rescale": 3.6579180882166535},
{"mapping": [6, 3, 9, 2, 1, 4, 5, 0, 8, 7, 10], "R": [[-0.775558493774291, 0.456347234131792, 0.43618370514591276], [0.5578765615228085, 0.8188284003748398, 0.13525454832673495], [-0.29543656652154815, 0.3482344793954849, -0.8896347466922112]], "T": [0.05111181022398935, -0.026998485981104763, -0.009111785953337129], "aligned_model": [[0.3595050108359542, -0.5990526197082587, -0.6601605498046685, -0.30626282787534326, 0.12743825966690064, 0.5473802760624189, 0.7010718444829537, 0.09258669867299023, -0.2990698843032706, 0.3565976257527754, 0.021743844079525575], [-0.6874044750915635, 0.04699858980543483, 0.08402793076217574, -0.4917650178587751, 0.7690754676455752, -0.3398979825297294, 0.1390717286872243, 0.20415225214317848, -0.5927210680764285, 0.21248407122292673, -0.05131858144635799], [0.007151450587875231, -0.23550543768105314, 0.36843880344720764, -0.4594464360917316, 0.030498564626222427, -0.5227692977366971, -0.004258005522903688, -0.6110414201420804, 0.33559744321241686, 0.5912739427985615, -0.05815143749410885]], "inverted": true, "swapped": false, "error_lsq": 0.057709389973680754, "error_max": 0.31324624454185385, "target": "688.xyz", "model": "16.xyz", "model_rescale": 3.7852294659196426, "target_rescale": 3.6579180882166535},
{"mapping": [0, 6, 5, 10, 7, 9, 2, 11, 4, 3, 12], "R": [[0.7986946839101129, -0.5713813668230323, -0.18870647986004277], [0.0892997917321437, -0.19758085339207188, 0.9762107116649852], [-0.5950733980697853, -0.7965457551329393, -0.10678254018974678]], "T": [0.1319241722133361, -0.03681830171342774, 0.03388173424599138], "aligned_model": [[0.3236287507164711, -0.5911723733821183, -0.45417000042488787, -0.3633838299932398, -0.17616033532017358, 0.3881865114174352, 0.43301200810232554, 0.27583851131466, -0.28655451166467316, 0.6720465995530907, 0.12050634754308821], [-0.6711800504310131, 0.19307388470273495, 0.06891961940815314, -0.44477037695610194, 0.5779977700511548, -0.5711733942763052, 0.48613792491375546, 0.31524892609174665, -0.46835683300181485, -0.12196717154855644, -0.07122738369009221], [0.19692063170185586, -0.4261989155043566, 0.31230968434580636, -0.45345814975127224, -0.10217758845636525, -0.595448095072152, 0.13363102568113025, -0.5932302211016023, 0.40863067986530255, 0.611387409207691, -0.050578290912328766]], "inverted": false, "swapped": false, "error_lsq": 0.050273570250024484, "error_max": 0.2992056404560563, "target": "688.xyz", "model": "17.xyz", "model_rescale": 3.901054581598922, "target_rescale": 3.6579180882166535},
{"mapping": [9, 0, 8, 3, 1, 12, 6, 7, 5, 10, 14], "R": [[-0.6616594795136093, 0.13902142360013045, -0.7368037574211828], [-0.2027704419520989, 0.9128705277059728, 0.3543325380435298], [0.7218662487194774, 0.3838495062208783, -0.5758200027210394]], "T": [0.005805286369656066, -0.08637326990711061, 0.034567339587912305], "aligned_model": [[0.32262761460650335, -0.4937994259859211, -0.4710976930873417, -0.30041635416591955, -0.13000779184522077, 0.34272144204416083, 0.536832699084335, 0.1831755322312668, -0.21126571640739486, 0.5206419836984185, 0.04236538768909068], [-0.628123736332567, 0.19915904271765092, 0.06888576342707003, -0.37312263123683453, 0.5814897096951918, -0.4243944906844608, 0.4205644090705575, 0.20784928827103868, -0.531165577347925, -0.10685551485384231, -0.12158334746221802], [0.2353649137582136, -0.45977156070088954, 0.469166503062771, -0.6037186465949831, -0.11103278987072074, -0.534822037224576, -0.12275342143373338, -0.5325745350249058, 0.4155214444226836, 0.6725151437650372, 0.013893155844811659]], "inverted": true, "swapped": false, "error_lsq": 0.03988481241116342, "error_max": 0.15527504501359207, "target": "688.xyz", "model": "18.xyz", "model_rescale": 3.9405287249114394, "target_rescale": 3.6579180882166535},
{"mapping": [6, 13, 11, 7, 14, 0, 3, 12, 5, 2, 15], "R": [[0.08346987428056016, 0.9546867186037813, 0.2856677255293858], [-0.27208185872161894, 0.2976095900969419, -0.9150956201604943], [-0.9586470895184405, -0.0013420893693248948, 0.2845943719646408]], "T": [0.025172899596412418, -0.08380730275955794, -0.1743490123204793], "aligned_model": [[0.42561592076771937, -0.5346964550550243, -0.4707942730362238, -0.4529426366085202, -0.13553727662780857, 0.43097966122766984, 0.6087992507934178, 0.22655707520973414, -0.1475086348722432, 0.35581610660321117, 0.03548893946004533], [-0.6195798865758718, 0.24889155063249435, 0.14679490433300546, -0.489701957424515, 0.6672519860812418, -0.5609409387456961, 0.5217416880519598, 0.263780592233165, -0.5950535353709222, -0.21051669667517298, -0.07996479127602754], [0.1586323397372709, -0.33923571295386745, 0.29474840576519257, -0.49416241462755583, -0.0752473171779757, -0.45778970026233157, -0.03974107500032115, -0.5468622755426946, 0.45816266350306256, 0.6193417852618308, -0.13605852869890156]], "inverted": true, "swapped": false, "error_lsq": 0.04153400666447035, "error_max": 0.21278854811328296, "target": "688.xyz", "model": "19.xyz", "model_rescale": 4.410303926677745, "target_rescale": 3.6579180882166535},
{"mapping": [11, 0, 2, 3, 1, 10, 8, 5, 4, 12, 13], "R": [[0.1909348901118597, -0.20411742881235762, 0.9601457925716304], [0.5062213618061661, -0.8175602597725267, -0.2744725022507527], [0.8410016650334783, 0.538452687704046, -0.052772175577725955]], "T": [-0.008921858461810317, -0.07537287402781444, -0.013521520644257795], "aligned_model": [[0.3173819612941496, -0.6815956740190312, -0.4876857840435997, -0.3607575960096428, -0.19226899686221516, 0.5578723376102557, 0.616726929681537, 0.34927962979440597, -0.2462629036790317, 0.4082935130635856, 0.06079426103156438], [-0.796865851820901, 0.05770518453802799, 0.09053035899183239, -0.2534585934332344, 0.6500229539456335, -0.36936618131872884, 0.3613481808344886, 0.1884214924369486, -0.5017175468625004, -0.08322576598434302, -0.05069131606356232], [0.23164581955752084, -0.22078835521935222, 0.41294060966655366, -0.622175598122125, -0.07100726471610061, -0.5306736139150885, -0.1078395758722947, -0.7214586287272192, 0.4934230948854109, 0.6161963551853985, -0.03847467271899482]], "inverted": false, "swapped": false, "error_lsq": 0.04412313343907773, "error_max": 0.23269573202855592, "target": "688.xyz", "model": "20.xyz", "model_rescale": 4.121658175737393, "target_rescale": 3.6579180882166535},
{"mapping": [9, 1, 6, 5, 2, 7, 4, 3, 8, 10, 12], "R": [[-0.7368520724168905, -0.05422661188254521, 0.6738757288541214], [-0.5097068225030399, -0.6102615325330288, -0.6064485279100723], [0.44412608397704834, -0.7903419111208635, 0.4220328009255123]], "T": [0.045491950900012366, -0.09420312673175826, -0.06105678773945782], "aligned_model": [[0.3969956363031785, -0.5140120515193789, -0.3203359430919439, -0.32037730809393566, -0.054184830475600416, 0.4128409204981298, 0.4279440675069613, 0.22122226311423007, -0.33482613667313166, 0.3805929000623738, 0.045918160231094636], [-0.6226201753660404, 0.25707710301841946, 0.03981753700102167, -0.5141864930588713, 0.6554568652190613, -0.4147495180498584, 0.33209832584759724, 0.18738995829182406, -0.5846360798094797, 0.07368301077919806, -0.11662761860921086], [0.2851851176406801, -0.2753750964692224, 0.45935927248749614, -0.4530480979983838, 0.0044112955684684554, -0.5397245276648978, -0.027455419337060805, -0.6713558085349812, 0.2007385014975004, 0.6231907116122972, -0.16413777879818767]], "inverted": true, "swapped": false, "error_lsq": 0.042267396286440245, "error_max": 0.2302159206633207, "target": "688.xyz", "model": "21.xyz", "model_rescale": 4.08911054899281, "target_rescale": 3.6579180882166535},
{"mapping": [10, 15, 11, 14, 1, 13, 0, 4, 5, 6, 16], "R": [[0.2997506896081482, -0.3941834259927063, -0.8687743957737778], [-0.7123849470449949, -0.6981888918087035, 0.07099266566790535], [-0.6345527647903993, 0.5976217014362746, -0.4900929408482362]], "T": [0.012012759087762025, -0.11836135751109442, -0.0943653163155888], "aligned_model": [[0.26488356626477394, -0.6488318232710205, -0.5841639759774916, -0.3031568591713253, -0.1474810143379127, 0.44718357670117886, 0.6422512652131556, 0.3367977643244617, -0.23260547364461268, 0.513513055833812, 0.053387595926957944], [-0.7668129344280153, 0.09698764010898306, 0.11318518222242477, -0.4277539464023943, 0.6357883156376531, -0.3115834454423121, 0.3313520173294935, 0.24017723747487738, -0.4748939595010603, -0.03734050679154051, -0.10640268494444852], [0.313926633747772, -0.31440227931328085, 0.32617306571727145, -0.5599476652213693, 0.09489214851503926, -0.552646398470863, -0.0691323207424177, -0.5966172074485554, 0.4631070846885526, 0.45106772509616183, -0.11463261656460207]], "inverted": false, "swapped": false, "error_lsq": 0.043361899031977194, "error_max": 0.22669664324390146, "target": "688.xyz", "model": "22.xyz", "model_rescale": 4.204369325754507, "target_rescale": 3.6579180882166535},
{"mapping": [6, 13, 11, 7, 14, 0, 3, 12, 5, 2, 15], "R": [[0.08346987428056016, 0.9546867186037813, 0.2856677255293858], [-0.27208185872161894, 0.2976095900969419, -0.9150956201604943], [-0.9586470895184405, -0.0013420893693248948, 0.2845943719646408]], "T": [0.025172899596412418, -0.08380730275955794, -0.1743490123204793], "aligned_model": [[0.42561592076771937, -0.5346964550550243, -0.4707942730362238, -0.4529426366085202, -0.13553727662780857, 0.43097966122766984, 0.6087992507934178, 0.22655707520973414, -0.1475086348722432, 0.35581610660321117, 0.03548893946004533], [-0.6195798865758718, 0.24889155063249435, 0.14679490433300546, -0.489701957424515, 0.6672519860812418, -0.5609409387456961, 0.5217416880519598, 0.263780592233165, -0.5950535353709222, -0.21051669667517298, -0.07996479127602754], [0.1586323397372709, -0.33923571295386745, 0.29474840576519257, -0.49416241462755583, -0.0752473171779757, -0.45778970026233157, -0.03974107500032115, -0.5468622755426946, 0.45816266350306256, 0.6193417852618308, -0.13605852869890156]], "inverted": true, "swapped": false, "error_lsq": 0.04153400666447035, "error_max": 0.21278854811328296, "target": "688.xyz", "model": "23.xyz", "model_rescale": 4.410303926677745, "target_rescale": 3.6579180882166535},
{"mapping": [5, 1, 7, 3, 11, 4, 9, 10, 12, 6, 16], "R": [[-0.2705034729476431, -0.24845245939367855, 0.9301071156294292], [0.9209660811065552, 0.2146549685258222, 0.32518413543469854], [-0.28044491183563625, 0.9445605432731197, 0.17075137339737978]], "T": [0.11077714115131068, -0.007659183267472114, 0.03910769994690114], "aligned_model": [[0.3754458853441902, -0.6058880227657921, -0.4990455105723042, -0.27893751854295246, -0.029465256264686795, 0.3314348135223768, 0.553710346717266, 0.18109699301345852, -0.14110910804132024, 0.4152356232619747, 0.03929943218976695], [-0.565163631518893, 0.19278289866000134, 0.1232331837907287, -0.4244588901275294, 0.6074086132040921, -0.4488743121688221, 0.3911123341583151, 0.22793462321899224, -0.5606057985630701, -0.19776017988897066, -0.05290592550118304], [0.1605213707388479, -0.3881502598275067, 0.269139042100482, -0.6563428540213995, -0.013286596702550585, -0.4410212146619763, -0.15379495925039008, -0.56366474721282, 0.5653958271970866, 0.7092306241288612, -0.04623806248492572]], "inverted": false, "swapped": false, "error_lsq": 0.04319570189569807, "error_max": 0.20078061447862836, "target": "688.xyz", "model": "24.xyz", "model_rescale": 4.28219845311461, "target_rescale": 3.6579180882166535},
{"mapping": [11, 0, 3, 6, 4, 14, 13, 2, 5, 9, 15], "R": [[-0.5878586068994901, -0.1951714033287178, -0.7850671191795576], [-0.8007991703944302, 0.0028667030565843743, 0.5989260978694931], [-0.11464269270120608, 0.9807649592722429, -0.1579783139355922]], "T": [0.08397140390501226, -0.07922665008724258, 0.0182751649862489], "aligned_model": [[0.3658273096638286, -0.4994354374599298, -0.32893820385221917, -0.32723415663654165, -0.2197531607049236, 0.48087065475103963, 0.5589629687858308, 0.172456839728625, -0.24476138156859326, 0.3503655496980238, 0.03341669545683715], [-0.5307655709838819, 0.19485634517813225, 0.2567146673179477, -0.426251619790218, 0.5845988060393205, -0.42770708621107323, 0.25894856557360024, 0.176219941792801, -0.6464295721019541, -0.09851315358929497, -0.048968407961718544], [0.13293519530619136, -0.48179397142465574, 0.5810312684108665, -0.7046914956166984, -0.02338687620927108, -0.530520785446547, -0.09546574120768862, -0.6107696591176419, 0.5618708621057893, 0.6391905165026586, -0.02661114329929405]], "inverted": true, "swapped": false, "error_lsq": 0.040637611972228656, "error_max": 0.20741934279710963, "target": "688.xyz", "model": "25.xyz", "model_rescale": 4.100010024507729, "target_rescale": 3.6579180882166535},
{"mapping": [1, 9, 7, 10, 5, 0, 6, 4, 3, 2, 11], "R": [[0.43318368420358744, 0.3667071941766179, -0.8233333040020422], [-0.10710704403120878, -0.8860722552991034, -0.45100336973026894], [-0.8949189778179384, 0.28355209773209794, -0.3445551204278112]], "T": [0.048898352013581774, -0.1445725026429474, -0.008250446479623315], "aligned_model": [[0.43289714840192045, -0.630981350167163, -0.5056172521524729, -0.23104022349279163, -0.03407857000631235, 0.4474632035361316, 0.5769348728504344, 0.16860036725002128, -0.2684680638107108, 0.39315081990154194, -0.007083274448621606], [-0.7213648962561166, 0.10390060530780393, 0.08918649060676631, -0.3704315334375671, 0.6019464609069041, -0.4983171201982925, 0.22768442796491534, 0.45601356143921556, -0.4907435717494555, -0.04012630841806669, -0.06504520090244575], [0.12959734204271825, -0.4023768314462001, 0.3022739881573108, -0.5426888944663584, -0.005019688969363258, -0.5466278982876301, -0.06378735690774531, -0.6333963393805345, 0.6531993063151336, 0.6385404913431518, -0.08792594839677437]], "inverted": true, "swapped": false, "error_lsq": 0.043430682262241976, "error_max": 0.24850427793156268, "target": "688.xyz", "model": "26.xyz", "model_rescale": 3.6694154284099745, "target_rescale": 3.6579180882166535},
{"mapping": [0, 9, 7, 10, 3, 2, 6, 12, 5, 1, 13], "R": [[0.2044991877631051, 0.9647327815721408, 0.1657430009512021], [-0.9788638796782178, 0.2019546887861841, 0.03224606547445984], [-0.0023637397356552348, -0.16883413113868717, 0.9856416432441897]], "T": [-0.09032804129399882, -0.18759778566991053, -0.1208209805240973], "aligned_model": [[0.330034011425541, -0.544455448947004, -0.4060219715648423, -0.327228390364535, -0.1487415143306126, 0.4591022484016466, 0.4892992657404269, 0.231261214195123, -0.1256947192030098, 0.4281600601580329, -0.04393707764878921], [-0.62530883367738, 0.20124461009013594, 0.13912357070000358, -0.474804086592378, 0.6017614340859883, -0.3841174448219019, 0.168292053907237, 0.3851218337289097, -0.4652033680917517, -0.04757386248857848, -0.2058329915766237], [0.1411678097299115, -0.44859136409817996, 0.3147464911727627, -0.5933476836989844, 0.04144765072575894, -0.4695845487691577, -0.02827348552740329, -0.5661359271260187, 0.6192214766518817, 0.5800428031638065, -0.1489050522206687]], "inverted": true, "swapped": false, "error_lsq": 0.039257415334981886, "error_max": 0.27782114158639665, "target": "688.xyz", "model": "27.xyz", "model_rescale": 4.103607728864725, "target_rescale": 3.6579180882166535},
{"mapping": [0, 13, 10, 2, 11, 1, 7, 8, 3, 9, 14], "R": [[0.367476555892477, -0.9281655759153487, 0.05890368880751273], [-0.17400505631161123, -0.13083189576891568, -0.9760149872965602], [0.9136099940605927, 0.34841308634326673, -0.20958315776169395]], "T": [-0.06679005845537539, 0.02935668317537113, 0.04225997790624583], "aligned_model": [[0.2952490239515579, -0.49881761799888025, -0.29909212984432565, -0.25004305403832217, -0.1207197573065476, 0.514847581539299, 0.5200845936188365, 0.15537629963978783, -0.2932590385357656, 0.31403441478071187, 0.004117362055626253], [-0.5808134112321417, 0.25778666885196566, 0.1045935645203386, -0.5617680674274487, 0.7093188530756527, -0.4627603803169569, 0.30819992105215055, 0.3487023906810285, -0.6538811179077739, -0.08476711195090725, -0.09190839408224676], [0.1217074428269051, -0.38323322109037183, 0.48964173392635735, -0.35562263677641615, -0.04022801240513138, -0.4293111022460281, -0.27063910647488454, -0.6795020363581948, 0.25540021530694235, 0.7578523241645209, -0.02427743086999065]], "inverted": true, "swapped": false, "error_lsq": 0.0467202098671019, "error_max": 0.24538135171840647, "target": "688.xyz", "model": "28.xyz", "model_rescale": 4.137296879288765, "target_rescale": 3.6579180882166535},
{"mapping": [8, 1, 2, 7, 5, 9, 6, 0, 3, 4, 10], "R": [[0.39504354099393646, 0.788814500020145, 0.4708633403408477], [0.8543709807178148, -0.12709468424635367, -0.5038820978598059], [-0.337625277528581, 0.6013473420530672, -0.7241481520928298]], "T": [0.03723165568774368, -0.0913294559804266, -0.052317981424965666], "aligned_model": [[0.1416833159111804, -0.5557962018258733, -0.5661673973569132, -0.3277810592864161, -0.10025197300364225, 0.6389288317187765, 0.588004310607004, 0.09497957057883641, -0.18189137031741864, 0.4945703283184537, 0.11549932251799006], [-0.7999001924848516, 0.2021565821593442, 0.1818224981225174, -0.516891628572393, 0.555833974426995, -0.3740550512881442, 0.36627327326754366, 0.2409338467748314, -0.460550008908874, -0.0014474914497065172, -0.10147288678360161], [0.020970762744460657, -0.4116825199087629, 0.36411528912471647, -0.4991678218074691, 0.07208416331872267, -0.4631962631131719, 0.005966216562003808, -0.666147451502023, 0.47827603261228335, 0.5660609749979524, -0.02549121302500401]], "inverted": false, "swapped": false, "error_lsq": 0.045380970808439704, "error_max": 0.27916962786139105, "target": "688.xyz", "model": "29.xyz", "model_rescale": 3.607286011436655, "target_rescale": 3.6579180882166535},
{"mapping": [10, 2, 6, 13, 0, 11, 9, 1, 5, 8, 14], "R": [[0.6633642095224154, 0.36804051227729756, -0.6515321226519578], [0.04616770180281707, 0.8488984331069617, 0.5265358426344704], [0.7468711192936487, -0.3793647737879863, 0.5461372534206423]], "T": [-0.025467994714974677, -0.16316540582164307, 0.033377440025134916], "aligned_model": [[0.39986124995231215, -0.5996722879919524, -0.36898202575664935, -0.26806663737623665, -0.19185090239942584, 0.39555672860352653, 0.593331714546757, 0.08633010711346628, -0.31965451132500405, 0.5074954634450548, 0.10742877905012932], [-0.7082515207550192, 0.224315929176719, 0.15817838921438093, -0.42843687371360684, 0.7621326069663023, -0.39370401648652203, 0.30558000823928044, 0.2665307742537383, -0.6972182973581432, -0.10742284483296197, -0.0890012394405065], [0.23648100828422974, -0.3792812420614392, 0.20034822286698623, -0.6043305411488346, 0.005155132092655154, -0.30444084589859016, -0.07581030893160584, -0.5504105661137189, 0.4902614866602614, 0.45526805670854703, -0.03145223245478264]], "inverted": true, "swapped": false, "error_lsq": 0.042100826275542666, "error_max": 0.2283943173624835, "target": "688.xyz", "model": "30.xyz", "model_rescale": 3.964800864290218, "target_rescale": 3.6579180882166535},
