[{"mapping": [6, 11, 5, 1, 2, 10, 8, 9, 3, 4, 7, 12], "R": [[-0.11237180465953794, 0.36581987294834745, -0.9238768305751659], [0.6558073241502342, 0.725814804033396, 0.20762857182207], [0.7465181384993054, -0.5825535947893703, -0.3214684713770759]], "T": [-0.1719436238938628, -0.057672115935717826, 0.017888625828722485], "aligned_model": [[-0.21467791586033383, 0.22633433322290197, 0.4356738505270103, -0.08424621545648855, -0.007891066342389036, -0.6008821409964809, 0.37976949984934666, -0.3223764780121511, 0.47442337785239735, 0.1850115326334686, -0.538989543864901, -0.09450677109183135], [-0.4215596123398177, -0.7155024440277028, -0.1730767069878747, 0.5637884452509833, 0.1994734719470114, -0.6069923868406502, -0.35635064388707827, -0.3184443909884434, 0.3017796694689901, 0.4144583970864423, 0.2650266493038189, -0.09904541200862133], [-0.5788237558463466, -0.17351166309562693, -0.5710756193075793, 0.016023339612095233, -0.5948775782848559, -0.044871077641995105, 0.5553288051623125, 0.6346888878606807, -0.13651726377867257, 0.5668098077540104, 0.45701337501574674, 0.051764487903793746]], "inverted": true, "swapped": true, "error_lsq": 0.04908422704972956, "error_max": 0.26934748064482295, "target": "689.xyz", "model": "0.xyz", "model_rescale": 3.751011558992144, "target_rescale": 3.902354749377396},
{"mapping": [10, 6, 11, 7, 1, 12, 9, 4, 0, 8, 5, 13, 14], "R": [[-0.0379085201173178, -0.9223506986212378, -0.3844894444005318], [0.9555901620092768, -0.14598921007661217, 0.25599725157175246], [-0.2922505541031517, -0.3577098535043751, 0.8869234884319388]], "T": [0.048094802943334035, 0.034874684018149416, 0.12899980800244712], "aligned_model": [[0.05864172702862971, -0.32306962702518904, 0.2905762864748232, -0.11475647775306086, -0.601259895871615, 0.5279613154020976, 0.5988290541997977, -0.5500407745862109, -0.23992818240881456, -0.25804468645042344, 0.37971984029958095, 0.7120308292733262, 0.09216188613831511], [-0.08308702714145519, -0.6081382851478712, -0.6689519440659535, -0.4596963967123352, -0.07952874403920884, -0.4455820457919418, -0.005942967057492601, 0.17059130982644521, 0.14723095129704666, 0.610721729390527, 0.5078706294186752, 0.26873115494976374, 0.0023866053419223446], [-0.6824356763223992, 0.01720968017095939, -0.1583358783833653, 0.5395554440347254, 0.35468959556827345, 0.4304373057993659, -0.23046552438434006, -0.370388616255081, 0.8217648097248742, 0.006129772967434999, -0.10845696117617817, 0.30789168105745673, 0.1264641885551749]], "inverted": true, "swapped": false, "error_lsq": 0.03928739584798094, "error_max": 0.21907492385999627, "target": "689.xyz", "model": "1.xyz", "model_rescale": 3.9405287249114394, "target_rescale": 3.902354749377396},
{"mapping": [2, 4, 8, 3, 7, 10, 9, 1, 6, 0, 5, 11, 12], "R": [[0.7092534011108507, 0.6487688741824429, -0.27578716595363273], [0.6000979216986597, -0.7609263125851284, -0.24672582189253936], [-0.3699217449483613, 0.00949182319921519, -0.9290144282554038]], "T": [-0.012841845253892606, -0.04322889296119171, 0.08694457414824631], "aligned_model": [[0.00954270034771372, -0.35282235095858705, 0.35603774598465654, -0.05539196449682693, -0.6211096653933598, 0.5965388161740748, 0.7540797718313844, -0.6845531506056081, -0.12861336459861378, -0.20879667784412254, 0.40381641115865713, 0.5249813449120089, -0.02088832179012074], [0.2059306208030745, -0.6167238161561027, -0.6872169509253543, -0.4447032136189342, -0.2225003627764606, -0.5008670952360728, -0.24845370836568625, 0.11227559043736485, 0.2679879832962338, 0.7708860913473213, 0.4578274251934086, 0.3082995371141527, -0.046137130844823404], [-0.5467652145883448, -0.1303399183799912, -0.1364317864564284, 0.49167601074998535, 0.5631607564112973, 0.44848240703520514, -0.05481266721724469, -0.3027329980366418, 0.5171732396630035, 0.04512969420385851, -0.23463705433410215, 0.3948216080525615, -0.0006642557462574611]], "inverted": true, "swapped": false, "error_lsq": 0.0523292585034965, "error_max": 0.40776195643995244, "target": "689.xyz", "model": "2.xyz", "model_rescale": 3.932901565614263, "target_rescale": 3.902354749377396},
{"mapping": [4, 1, 6, 10, 1, 12, 5, 0, 11, 3, 7, 9, 13], "R": [[0.27969469803229563, 0.5791531221366107, -0.76573659767053], [0.7602301186138402, -0.6207029973415801, -0.1917757957709088], [-0.5863625522191963, -0.5284973511859778, -0.6138969841466854]], "T": [0.016880835831570205, 0.06971264730266911, 0.09130221715743438], "aligned_model": [[0.12665266202649053, -0.6183667485407156, 0.21276117392866858, 0.014183418514300182, -0.6183667485407156, 0.571084856958277, 0.6506936490405658, -0.4523992062189062, -0.19181690855463604, -0.30871862320436366, 0.3977013637501189, 0.6931300611485165, 0.0962823444136561], [-0.06912798425301338, -0.31012933489110917, -0.5716474095739563, -0.46047017864171147, -0.31012933489110917, -0.36687234738619295, -0.16752424651384284, 0.14821486643620443, 0.1762404268996309, 0.4607743499450622, 0.5426711148257202, 0.2952309705057803, -0.010625922193341034], [-0.7642092262147901, 0.12211124220579468, -0.039006766692248104, 0.5730120212041029, 0.12211124220579468, 0.38350292820901655, -0.15118419417123935, -0.3804646456754912, 0.9531640286038398, 0.1330300865394044, -0.2842354785020391, 0.26912631717408675, 0.11710226647066951]], "inverted": true, "swapped": false, "error_lsq": 0.052345162793682065, "error_max": 0.33182151170478524, "target": "689.xyz", "model": "3.xyz", "model_rescale": 3.9243930471874484, "target_rescale": 3.902354749377396},
{"mapping": [10, 6, 3, 0, 5, 2, 4, 11, 1, 9, 8, 7, 12], "R": [[-0.9179332329700469, -0.2793485441874263, 0.2817143423213011], [0.3070955068205573, -0.9498636909417721, 0.058747921844938086], [0.25117907854712473, 0.14043987856317558, 0.9576981314638648]], "T": [0.016946511952018777, 0.015301507182530552, -0.012339989514246572], "aligned_model": [[0.10384663443260682, -0.44626286543704596, 0.1939165582440865, 0.024377976089399078, -0.5226676505941238, 0.633546266593616, 0.5976559575477263, -0.6499754874920948, -0.04139708256437265, -0.2600856872340085, 0.34330481811391056, 0.6394785629318562, -0.04291670591029906], [-0.008252289327389209, -0.5015816469598448, -0.6286009787789021, -0.5061721084519099, -0.2798531085767021, -0.4510397178806792, -0.08073946169128929, 0.2233099322757966, 0.22820508398060102, 0.664094396620392, 0.5123709047796278, 0.21890149513665752, -0.03403753085823651], [-0.7116405735993312, -0.21180274894410878, -0.09615264758416128, 0.659472778225777, 0.42961408971857146, 0.4911926258107638, -0.08928114582074051, -0.3839333467412062, 0.6669452171169444, -0.009452255818276876, -0.21909742925421655, 0.4501744960103617, 0.07802076223652482]], "inverted": true, "swapped": false, "error_lsq": 0.038849653647424064, "error_max": 0.2158869716401072, "target": "689.xyz", "model": "4.xyz", "model_rescale": 3.8936222436046832, "target_rescale": 3.902354749377396},
{"mapping": [1, 7, 0, 2, 10, 9, 8, 11, 5, 3, 6, 12], "R": [[0.4457148789314156, -0.8144156066818239, 0.37157161663968674], [0.8914167609398144, 0.3658063525704345, -0.2675105058398364], [0.08194147310564842, 0.45045857968540426, 0.8890290563154192]], "T": [-0.18079222395983252, -0.091270976747003, -0.06973378003975284], "aligned_model": [[0.018870715712441477, -0.6649989941264829, -0.2900786207217248, 0.4110327278222534, -0.5559205487155503, -0.7667800832259583, -0.23520982637166243, 0.08035240033642099, 0.6187200642725332, 0.45190847144540425, 0.1193799907477665, -0.1597282549603443], [-0.6086811114031678, -0.4810145262704043, 0.21607392386029683, -0.011769868286096621, 0.49942935568467994, -0.17388656014214426, -0.2982036205916643, 0.4226224637766447, 0.1468794648501554, -0.47525017184293983, 0.5311019904229763, -0.09837843494852896], [-0.36355176268599315, -0.28264576921076046, -0.7690062322543981, -0.40431159776250086, -0.07535953261710376, 0.2779265145727102, 0.7281733485103119, 0.4740650423853914, 0.11318851231143875, 0.08220987231117427, -0.18311158848136927, 0.021707912196617274]], "inverted": false, "swapped": true, "error_lsq": 0.043930949804363434, "error_max": 0.2901452548470861, "target": "689.xyz", "model": "5.xyz", "model_rescale": 3.6523030999806103, "target_rescale": 3.902354749377396},
{"mapping": [10, 2, 4, 3, 1, 7, 11, 6, 5, 8, 9, 7, 12], "R": [[-0.549013361819057, 0.3825362262740379, 0.7431354951367586], [0.8355524776670991, 0.27341670772307103, 0.4765452350010947], [-0.020889844626253373, 0.8825584057306887, -0.4697385175452362]], "T": [-0.03988711719270917, -0.015767210233383504, 0.07636138963811122], "aligned_model": [[0.02954878057520678, -0.4463589949732267, 0.11826122316253883, 0.1436341612953762, -0.6269926616236393, 0.5259625045650234, 0.7852983071949045, -0.538689798337709, -0.10258163161104718, -0.23891130653105885, 0.4041621797793544, 0.5259625045650234, -0.006473973339490062], [-0.023799418952124334, -0.6226229076432461, -0.49800968022934766, -0.5357630725413992, -0.22873278149775805, -0.017236643355546456, -0.252146079851133, 0.16456656530937833, 0.3281457687453677, 0.6275579123567319, 0.4647171460314908, -0.017236643355546456, -0.032835194748745564], [-0.7006760492226269, -0.13032293319235239, -0.19115104839419722, 0.4989308472100248, 0.380215978459709, 0.45928449682820244, -0.11796577911975313, -0.2995376350389447, 0.6609097543938037, 0.09137009941332223, -0.2312388061095299, 0.45928449682820244, 0.174956399301041]], "inverted": true, "swapped": false, "error_lsq": 0.05624423695382781, "error_max": 0.47221123472331955, "target": "689.xyz", "model": "6.xyz", "model_rescale": 4.08911054899281, "target_rescale": 3.902354749377396},
{"mapping": [7, 4, 6, 3, 8, 0, 2, 10, 9, 11, 13, 1, 14], "R": [[0.8167552702171106, -0.48241174780739926, -0.31652761988487693], [0.3292362025088673, -0.06084807661880857, 0.9422850070596115], [-0.4738294540550588, -0.873828597122572, 0.10912942463278712]], "T": [-0.043358334656253356, 0.0044192147353626365, -0.04356815278259288], "aligned_model": [[0.2979983022650179, -0.45877236068839233, 0.222099751259251, -0.040572955042584125, -0.5790280803414611, 0.567312044168394, 0.7487781021778592, -0.7054732382410429, -0.07625518694878528, -0.1981873730389945, 0.34767604962433085, 0.486280645323812, -0.039034405796148294], [-0.2225139798729532, -0.5628450541849063, -0.4176995839931523, -0.6227887614974262, -0.1290616322350915, -0.4683536832917845, -0.09031638382490376, 0.2735936579443191, 0.13310822176842355, 0.5510644562842216, 0.5246822739723823, 0.31106838488717503, 0.07666705431181774], [-0.7002765630775385, -0.09348734632953559, -0.06571969529203517, 0.4391883411935634, 0.3569187512911596, 0.4932965028067495, -0.16054924140993712, -0.13534980713702477, 0.7290341022528677, 0.10387000958598136, -0.37869944325733396, 0.3606531927525928, 0.10518101797739182]], "inverted": false, "swapped": false, "error_lsq": 0.03956841097697336, "error_max": 0.21499994021703675, "target": "689.xyz", "model": "7.xyz", "model_rescale": 3.964800864290218, "target_rescale": 3.902354749377396},
{"mapping": [11, 9, 10, 5, 8, 3, 6, 12, 1, 7, 4, 0, 13], "R": [[-0.7128988649210628, 0.394333513787565, -0.5798933421744145], [0.6949621773726067, 0.28663563112566254, -0.6594449082301862], [-0.09382313369199458, -0.8731214662766832, -0.47838909342821423]], "T": [0.11511245184563743, 0.03699342735296268, 0.10801585429969979], "aligned_model": [[0.15346418620100286, -0.37580320722886185, 0.015270035105952068, -0.047712133187269135, -0.5640129231169371, 0.6976117073540455, 0.6087981711834285, -0.4280099296478792, -0.10277648406417539, -0.42202091958476007, 0.34133658614368523, 0.6395186522039396, 0.05715755335908533], [-0.17107915839805543, -0.2965303937331873, -0.7676491500941278, -0.632163946042404, -0.25535061217457594, -0.29034747109829057, -0.015408447731113148, 0.28858792832060504, 0.3115125307153875, 0.47197917774904324, 0.43458864823906174, 0.29237957232459305, -0.013913707808815165], [-0.6934629464333579, -0.24072531509697181, -0.025084962324818882, 0.58213323123062, 0.3186844780715944, 0.3899826063036966, -0.192041268908764, -0.35284553819507564, 0.7715545228560805, 0.27868601340751253, -0.42661867171173823, 0.5238709089822671, 0.11992676317585658]], "inverted": false, "swapped": false, "error_lsq": 0.051553140147943384, "error_max": 0.342907414452872, "target": "689.xyz", "model": "8.xyz", "model_rescale": 4.121658175737393, "target_rescale": 3.902354749377396},
{"mapping": [7, 5, 10, 0, 4, 3, 11, 9, 1, 6, 8, 2, 12], "R": [[0.6737211797840529, 0.7041126193298108, -0.22433276891906978], [0.6625256140306757, -0.7099835266410116, -0.23871154695922864], [-0.3273523830120379, 0.012198819570139463, -0.9448235846640552]], "T": [0.0725441095495934, -0.044902897075802445, 0.026026464303347152], "aligned_model": [[0.030190351411517657, -0.2690890813825485, 0.32224142467296113, -0.09774515262954225, -0.7246065371211521, 0.7510393332299015, 0.5829928126776083, -0.6369505161484867, -0.1514636917541108, -0.18273627476811782, 0.43997302636304675, 0.4699751378067909, 0.03900046236338882], [0.001397560084715227, -0.5403730578963989, -0.759630723765875, -0.48598717143054027, -0.10974590007545387, -0.3352416896745294, -0.14856404998205724, 0.21346522424167966, 0.18054936220504386, 0.5991854292261106, 0.5566841299676326, 0.20145131040716838, -0.01658545303937404], [-0.6457423479762299, -0.11366601532856224, -0.03138620999799431, 0.6547318589244828, 0.4113498988270263, 0.3053678476058291, -0.3369178308806076, -0.3247627986842236, 0.6375193092768374, 0.013212276924704558, -0.15739212174952036, 0.5395482584783848, 0.10219769593677419]], "inverted": false, "swapped": false, "error_lsq": 0.047584263083801974, "error_max": 0.2401320400100872, "target": "689.xyz", "model": "9.xyz", "model_rescale": 3.833441315466971, "target_rescale": 3.902354749377396},
{"mapping": [10, 13, 8, 2, 5, 9, 11, 0, 4, 1, 12, 7, 14], "R": [[0.48128456548922316, 0.876562755096364, -0.0017039365368800574], [0.26939962135779305, -0.14976549468784492, -0.9513117998916985], [-0.8341396831671106, 0.4573926463977937, -0.3082254953554223]], "T": [0.07844232242172416, 0.07055378389866716, 0.12253705942580123], "aligned_model": [[0.17483079481078334, -0.5023946146167735, 0.4516654230692361, -0.1272292340716538, -0.5350850838397947, 0.44042226543316115, 0.684081759919748, -0.45109600292389435, -0.1198023705074841, -0.4425222668338646, 0.1841196693195665, 0.6986403584257299, 0.11719059653649645], [-0.182800647161799, -0.46122260451135266, -0.541799887637013, -0.5324598011112074, -0.034103602676290756, -0.5963113870174578, 0.11087293099064804, 0.06388358481685953, 0.3550995120283841, 0.5667407965128697, 0.5627259143440548, 0.03607215744205654, 0.009908004248369788], [-0.6535266867783371, -0.0020778141486923474, -0.18289191836866014, 0.45528934276998007, 0.38723718157976567, 0.4091927609374909, -0.18877037570613248, -0.3056774103647856, 0.8406215603160321, -0.04480474099649073, -0.20855046627737917, 0.36353371989124617, 0.18448466850286382]], "inverted": false, "swapped": false, "error_lsq": 0.046237011091758234, "error_max": 0.21582105231238077, "target": "689.xyz", "model": "10.xyz", "model_rescale": 4.2482417240324, "target_rescale": 3.902354749377396},
{"mapping": [9, 10, 0, 6, 4, 1, 7, 2, 11, 3, 8, 12], "R": [[0.650362743952325, -0.6170492782528981, -0.4430332825944122], [-0.5607979564030322, -0.7834159907984022, 0.26788997266702796], [-0.5123806723257481, 0.07422650179643174, -0.8555445476759693]], "T": [0.006293407131426974, 0.029753312333128328, 0.011222203211447408], "aligned_model": [[-0.6156637568819942, 0.053399833362795045, 0.5154399654235192, 0.5589630995522173, -0.5216400416738958, 0.06887950051307137, -0.35016413454903883, 0.6223513971089704, 0.07671560692857943, 0.12807045640063006, -0.6191852753003276, -0.04040104852151938], [-0.24094877503427153, -0.6591667190289978, -0.17491881525126407, -0.3397484672341606, 0.6402994927219499, 0.6183375830658681, 0.1623183154525842, 0.3038721183973159, -0.3712871954488815, 0.6433598980473642, 0.052583887682930396, 0.03143006668020223], [0.1159334839043894, 0.12457989751011256, 0.5536846159574252, -0.20862010884328125, -0.001359700834169801, 0.21993032718132094, 0.5469948105087338, -0.1064678518368499, -0.6686361402518907, -0.41244556044533276, -0.5279376645313553, -0.07046381846474556]], "inverted": false, "swapped": true, "error_lsq": 0.04629902102815131, "error_max": 0.24209504649703997, "target": "689.xyz", "model": "11.xyz", "model_rescale": 3.6694154284099745, "target_rescale": 3.902354749377396},
{"mapping": [12, 1, 2, 3, 4, 8, 10, 0, 11, 6, 7, 9, 13], "R": [[-0.33598718267906424, 0.5397243971657408, 0.7718874193685648], [-0.11861607629718839, -0.837251654549075, 0.5337976146431302], [0.9343676147637205, 0.08779089963608869, 0.3453258148789944]], "T": [0.036233557701900995, 0.06156375356303044, 0.0015271134769740263], "aligned_model": [[0.12251747363951267, -0.3646250458050559, 0.24756955350100918, -0.1829532750825026, -0.5334292085155015, 0.3984784409715783, 0.622251779117208, -0.6285762151572521, 0.05481230516757339, -0.26748331564477257, 0.4828988030205397, 0.6981738706174841, -0.07681387110856369], [-0.12115347265322877, -0.6593077730364779, -0.5532459812419878, -0.6371699644268369, -0.14322038311570623, -0.336344423657016, -0.019616734902609304, 0.07646560507179283, 0.31022234270210675, 0.52212551419568, 0.6273038693509047, 0.2649720854686554, 0.02557428651284461], [-0.6472702365182277, -0.18855212324842008, -0.05896801244982532, 0.4542712181115006, 0.4272341017923805, 0.5335473935015682, -0.2298192929575381, -0.26028152877539723, 0.6964029189969568, 0.12600104223775724, -0.1790098591416755, 0.4079091253065819, -0.02740492549876009]], "inverted": false, "swapped": false, "error_lsq": 0.04425733526909914, "error_max": 0.2725973001658605, "target": "689.xyz", "model": "12.xyz", "model_rescale": 3.9764082729961374, "target_rescale": 3.902354749377396},
{"mapping": [10, 8, 11, 3, 7, 14, 13, 2, 4, 0, 12, 6, 15], "R": [[0.7363688387346228, -0.018977695602583666, 0.6763141137150983], [0.6310126850643583, -0.3413766830699807, -0.6966239671042099], [0.2440981864506419, 0.939734966533519, -0.23940398502479857]], "T": [0.07961390109026881, 0.12497437494360299, 0.044873790646938944], "aligned_model": [[0.14509185726229487, -0.2738740809827275, 0.3178562144266583, -0.14313714524642016, -0.5509276014016352, 0.5505896142247112, 0.6735354876149868, -0.6767159080549918, -0.08498595374551848, -0.4780515066420249, 0.3961104911626526, 0.6356993766562575, 0.06163044944701328], [-0.22697922825809091, -0.42352536709528654, -0.601313476964238, -0.6179749903914663, 0.010336978602957805, -0.42913229609936643, 0.01778376403504743, 0.09156473721430981, 0.34427817278100464, 0.5517148179707412, 0.37546975038791747, 0.18387764056850925, 0.08050446751608234], [-0.6748401785152167, -0.2268744681548088, -0.1702802357077411, 0.37175551117860106, 0.44526032878037847, 0.3764694997842126, -0.05635796415318024, -0.20634032084206685, 0.7087084491435844, 0.229291308269419, -0.4493888018095745, 0.5654102013450777, 0.14124649203821646]], "inverted": false, "swapped": false, "error_lsq": 0.041884981385287616, "error_max": 0.22462006690901282, "target": "689.xyz", "model": "13.xyz", "model_rescale": 4.170626492500431, "target_rescale": 3.902354749377396},
{"mapping": [1, 2, 0, 4, 6, 8, 7, 3, 5, 11, 9, 12, 13], "R": [[-0.899178573994744, 0.1424826812358692, -0.41373491225253944], [0.4216724058926902, 0.029505740903060573, -0.906268058226942], [-0.11691994773112557, -0.9893574161048166, -0.0866119450246427]], "T": [0.06165385418776623, -0.09801236683525946, 0.05196578555166627], "aligned_model": [[0.18139511521824037, -0.3607879449472131, 0.18203712502719996, 0.09118495011245709, -0.679401138291055, 0.6879077515055897, 0.7721533901950588, -0.48585245319618175, -0.24193570206931772, -0.18382480423818645, 0.23844709778514936, 0.36277987827945823, 0.008718029340056943], [-0.050526950224354605, -0.6003384273989513, -0.5530908990184854, -0.5593026830220801, 0.09183973327357806, -0.3498143538459144, -0.2572105963723833, 0.09357993886131716, 0.32567173919321557, 0.5584141547998751, 0.5624186128708203, 0.12044478904610798, -0.025480087894623624], [-0.7058083467011224, 0.005666514947171582, -0.3144626579074117, 0.5899270194326686, 0.40165556984135004, 0.36173684332925543, -0.30479202576362224, -0.3208650557189386, 0.7973146890771935, 0.1441834686853155, -0.38263921732642125, 0.6822876952495021, 0.09985532421196078]], "inverted": true, "swapped": false, "error_lsq": 0.053444940809504196, "error_max": 0.364539644865762, "target": "689.xyz", "model": "14.xyz", "model_rescale": 3.9786697098870705, "target_rescale": 3.902354749377396},
{"mapping": [3, 2, 4, 8, 1, 7, 6, 10, 9, 11, 0, 12], "R": [[0.6534065146258741, -0.5999880576941793, -0.46159967208484215], [0.5604408919754523, -0.026505058667330335, 0.8277701906125884], [-0.5088869552722167, -0.799569767118172, 0.3189392642249703]], "T": [0.02246569658352044, 0.04646927951603851, 0.00039200037982089], "aligned_model": [[-0.08036578636166095, -0.5860634832226019, 0.5626644879498043, 0.6566064700629441, -0.03155503491767764, 0.3731124265894497, -0.5340054377387956, -0.04020350774666983, 0.6371629964268053, -0.04537353131663013, -0.49907729124632366, 0.07045228828869271], [-0.3337386257018213, -0.05992536898180984, 0.08519685604797278, -0.4807786265129481, 0.29598238245829, 0.5953531164176069, -0.2071071858846394, 0.10940884890931082, 0.14024844067361883, -0.6613475552347811, 0.5656006419157289, -0.03421843388208932], [-0.6443596577395475, -0.2943823743646689, -0.5982097952127451, -0.04770483247609787, -0.572959999597502, -0.08598594893269722, 0.34148560784613885, 0.6945036436290924, 0.29095608070462026, 0.3502395527283818, 0.23251676702774338, -0.0061325497388881565]], "inverted": true, "swapped": true, "error_lsq": 0.05387635360873643, "error_max": 0.23531414996204505, "target": "689.xyz", "model": "15.xyz", "model_rescale": 3.769337070930944, "target_rescale": 3.902354749377396},
{"mapping": [2, 0, 3, 1, 5, 6, 11, 10, 8, 7, 12], "R": [[-0.7457644325745747, -0.4880250228863868, -0.45350522394286086], [0.35178746054179794, 0.2896121179892479, -0.8901518992393012], [0.5657570094239007, -0.8233810771146757, -0.04430133335691738]], "T": [-0.08612634753011736, 0.03215387246487217, 0.1366121753597182], "aligned_model": [[-0.19639375510643464, -0.35392038005675086, -0.19395345967554994, -0.6400444827720455, 0.29366959411646976, 0.31671128910522994, 0.6839423307782846, 0.29769788307139633, 0.30470720506486326, -0.5632687462052495, -0.02652134762904275], [0.010930723401148645, -0.6567622546076499, 0.6400169529536712, 0.26853986234609073, 0.31881395143852564, -0.32580070444670683, 0.1449397053890243, -0.5136159917522838, 0.6502892732704777, -0.04454672709760041, 0.10325970673064475], [-0.5385990454302765, -0.08489920781350183, -0.29894821653511083, -0.040034101385002546, -0.5725966364426245, -0.3104855271299651, -0.012631681676317508, 0.3475482016248794, 0.5207943466908238, 0.5817412523883628, 0.15232822293250975]], "inverted": true, "swapped": true, "error_lsq": 0.047657306282332695, "error_max": 0.2601074242395677, "target": "689.xyz", "model": "16.xyz", "model_rescale": 3.7852294659196426, "target_rescale": 3.902354749377396},
{"mapping": [1, 2, 7, 11, 8, 6, 5, 3, 9, 0, 4, 10, 12], "R": [[0.7395231613292876, -0.6463115368469167, -0.18811403774336882], [0.27758480511625205, 0.03822010663015647, 0.9599405707739163], [-0.6132309269974152, -0.7621158840935914, 0.2076709160815125]], "T": [-0.009145661055041221, -0.04297106690967606, 0.038209753844068814], "aligned_model": [[0.026012539793666557, -0.3236020777117557, 0.30422845293869266, -0.0964884062796722, -0.5482549220343191, 0.7519642826431839, 0.5468049094871194, -0.6007130947779745, -0.19916191003319647, -0.2090314865650496, 0.37624498719890964, 0.534240763440049, 0.010577256621603203], [-0.15377732365010885, -0.5179475739635202, -0.6645114940783774, -0.5686196819896894, -0.04866262479441441, -0.385994952158698, -0.04990090832139649, 0.20035185295153882, 0.2745650546325346, 0.607444743821526, 0.48842261920546065, 0.21033484498456323, -0.03509958637129725], [-0.6405685815698754, -0.18450419004049678, -0.0449236765555739, 0.5421907582027279, 0.403633784454661, 0.33894136783623846, -0.3126177692669857, -0.4343760047132875, 0.8194436638556887, 0.09067007837391954, -0.22802601325900368, 0.5765612969392935, 0.1276351070995949]], "inverted": true, "swapped": false, "error_lsq": 0.04012646312000685, "error_max": 0.20611460804762718, "target": "689.xyz", "model": "17.xyz", "model_rescale": 3.901054581598922, "target_rescale": 3.902354749377396},
{"mapping": [10, 6, 11, 7, 1, 12, 9, 4, 0, 8, 5, 13, 14], "R": [[-0.0379085201173178, -0.9223506986212378, -0.3844894444005318], [0.9555901620092768, -0.14598921007661217, 0.25599725157175246], [-0.2922505541031517, -0.3577098535043751, 0.8869234884319388]], "T": [0.048094802943334035, 0.034874684018149416, 0.12899980800244712], "aligned_model": [[0.05864172702862971, -0.32306962702518904, 0.2905762864748232, -0.11475647775306086, -0.601259895871615, 0.5279613154020976, 0.5988290541997977, -0.5500407745862109, -0.23992818240881456, -0.25804468645042344, 0.37971984029958095, 0.7120308292733262, 0.09216188613831511], [-0.08308702714145519, -0.6081382851478712, -0.6689519440659535, -0.4596963967123352, -0.07952874403920884, -0.4455820457919418, -0.005942967057492601, 0.17059130982644521, 0.14723095129704666, 0.610721729390527, 0.5078706294186752, 0.26873115494976374, 0.0023866053419223446], [-0.6824356763223992, 0.01720968017095939, -0.1583358783833653, 0.5395554440347254, 0.35468959556827345, 0.4304373057993659, -0.23046552438434006, -0.370388616255081, 0.8217648097248742, 0.006129772967434999, -0.10845696117617817, 0.30789168105745673, 0.1264641885551749]], "inverted": true, "swapped": false, "error_lsq": 0.03928739584798094, "error_max": 0.21907492385999627, "target": "689.xyz", "model": "18.xyz", "model_rescale": 3.9405287249114394, "target_rescale": 3.902354749377396},
{"mapping": [4, 9, 13, 11, 5, 14, 12, 8, 2, 6, 1, 3, 15], "R": [[-0.17565902140545764, -0.5881924288375459, 0.7894134372159279], [-0.05406525374053922, -0.794907698742864, -0.6043167206170086], [0.9829653384208665, -0.14883352155180934, 0.10783193555546983]], "T": [0.1035137168986986, -0.08084804823511674, -0.023459822237776873], "aligned_model": [[0.1919845244493842, -0.4680148845641887, 0.25478880044901375, -0.05924009008269773, -0.6405358832075769, 0.6462582291806332, 0.616177701509232, -0.5651802668984006, -0.20078343070536941, -0.34241541034518574, 0.2747918062830165, 0.769674546975573, 0.09531565167782301], [-0.04369191291259233, -0.5918815704245811, -0.7347129606128818, -0.5655890533660545, 0.0021380915202522666, -0.4681863858056612, -0.051809889076951415, 0.16725776179636395, 0.3651243213857486, 0.5110534916086983, 0.5538556994040668, 0.28095171949540354, -0.06790434274368917], [-0.7483442036637408, 0.01132011256724414, -0.05356581549542787, 0.4842315782778581, 0.3381561839746994, 0.370413721824423, -0.21443491591584962, -0.27557887863404534, 0.6575961038856403, 0.07184619120444252, 0.03428437928126771, 0.3648174902791875, 0.013317873771202526]], "inverted": false, "swapped": false, "error_lsq": 0.041511890682560434, "error_max": 0.3487778510484957, "target": "689.xyz", "model": "19.xyz", "model_rescale": 4.410303926677745, "target_rescale": 3.902354749377396},
{"mapping": [11, 9, 10, 5, 8, 3, 6, 12, 1, 7, 4, 0, 13], "R": [[-0.7128988649210628, 0.394333513787565, -0.5798933421744145], [0.6949621773726067, 0.28663563112566254, -0.6594449082301862], [-0.09382313369199458, -0.8731214662766832, -0.47838909342821423]], "T": [0.11511245184563743, 0.03699342735296268, 0.10801585429969979], "aligned_model": [[0.15346418620100286, -0.37580320722886185, 0.015270035105952068, -0.047712133187269135, -0.5640129231169371, 0.6976117073540455, 0.6087981711834285, -0.4280099296478792, -0.10277648406417539, -0.42202091958476007, 0.34133658614368523, 0.6395186522039396, 0.05715755335908533], [-0.17107915839805543, -0.2965303937331873, -0.7676491500941278, -0.632163946042404, -0.25535061217457594, -0.29034747109829057, -0.015408447731113148, 0.28858792832060504, 0.3115125307153875, 0.47197917774904324, 0.43458864823906174, 0.29237957232459305, -0.013913707808815165], [-0.6934629464333579, -0.24072531509697181, -0.025084962324818882, 0.58213323123062, 0.3186844780715944, 0.3899826063036966, -0.192041268908764, -0.35284553819507564, 0.7715545228560805, 0.27868601340751253, -0.42661867171173823, 0.5238709089822671, 0.11992676317585658]], "inverted": false, "swapped": false, "error_lsq": 0.051553140147943384, "error_max": 0.342907414452872, "target": "689.xyz", "model": "20.xyz", "model_rescale": 4.121658175737393, "target_rescale": 3.902354749377396},
{"mapping": [10, 2, 4, 3, 1, 7, 11, 6, 5, 8, 9, 7, 12], "R": [[-0.549013361819057, 0.3825362262740379, 0.7431354951367586], [0.8355524776670991, 0.27341670772307103, 0.4765452350010947], [-0.020889844626253373, 0.8825584057306887, -0.4697385175452362]], "T": [-0.03988711719270917, -0.015767210233383504, 0.07636138963811122], "aligned_model": [[0.02954878057520678, -0.4463589949732267, 0.11826122316253883, 0.1436341612953762, -0.6269926616236393, 0.5259625045650234, 0.7852983071949045, -0.538689798337709, -0.10258163161104718, -0.23891130653105885, 0.4041621797793544, 0.5259625045650234, -0.006473973339490062], [-0.023799418952124334, -0.6226229076432461, -0.49800968022934766, -0.5357630725413992, -0.22873278149775805, -0.017236643355546456, -0.252146079851133, 0.16456656530937833, 0.3281457687453677, 0.6275579123567319, 0.4647171460314908, -0.017236643355546456, -0.032835194748745564], [-0.7006760492226269, -0.13032293319235239, -0.19115104839419722, 0.4989308472100248, 0.380215978459709, 0.45928449682820244, -0.11796577911975313, -0.2995376350389447, 0.6609097543938037, 0.09137009941332223, -0.2312388061095299, 0.45928449682820244, 0.174956399301041]], "inverted": true, "swapped": false, "error_lsq": 0.05624423695382781, "error_max": 0.47221123472331955, "target": "689.xyz", "model": "21.xyz", "model_rescale": 4.08911054899281, "target_rescale": 3.902354749377396},
{"mapping": [0, 2, 13, 14, 15, 12, 7, 1, 5, 8, 6, 10, 16], "R": [[0.6728392527209512, 0.23431604951623206, -0.7017003127667953], [-0.7012897335506993, 0.5040189294508377, -0.5041404847575929], [0.23554203364644077, 0.8313007324033453, 0.5034471597808063]], "T": [-0.020159494014064153, -0.08841390908417458, 0.12474556311049888], "aligned_model": [[0.1228504976496818, -0.5552625954163855, 0.40044117006955265, -0.05894930474763939, -0.6569837406007502, 0.5204056521265497, 0.6504839386142087, -0.6464666276569335, 0.0827206841912309, -0.23601436003743637, 0.3153412840015404, 0.6341071457849344, 0.00014755074270304813], [0.005309336669917716, -0.47474463912589093, -0.5525808071451387, -0.5946644763016072, -0.30210637683049396, -0.4624452828090689, -0.0460427099350202, 0.17932115207968247, 0.41830727940335033, 0.5632982521032768, 0.4770191510357843, 0.25193737832302376, -0.10600328719969371], [-0.6307962912357231, -0.16794380681656923, -0.08590613554185302, 0.5172099560461443, 0.4081135678004446, 0.4606910352953911, -0.1081455182229507, -0.2827537530087775, 0.6047230209336812, 0.027586138274373756, -0.22637950153979314, 0.4522078883042939, 0.08545322106823908]], "inverted": false, "swapped": false, "error_lsq": 0.03784610120187545, "error_max": 0.28068906577637415, "target": "689.xyz", "model": "22.xyz", "model_rescale": 4.204369325754507, "target_rescale": 3.902354749377396},
{"mapping": [4, 9, 13, 11, 5, 14, 12, 8, 2, 6, 1, 3, 15], "R": [[-0.17565902140545764, -0.5881924288375459, 0.7894134372159279], [-0.05406525374053922, -0.794907698742864, -0.6043167206170086], [0.9829653384208665, -0.14883352155180934, 0.10783193555546983]], "T": [0.1035137168986986, -0.08084804823511674, -0.023459822237776873], "aligned_model": [[0.1919845244493842, -0.4680148845641887, 0.25478880044901375, -0.05924009008269773, -0.6405358832075769, 0.6462582291806332, 0.616177701509232, -0.5651802668984006, -0.20078343070536941, -0.34241541034518574, 0.2747918062830165, 0.769674546975573, 0.09531565167782301], [-0.04369191291259233, -0.5918815704245811, -0.7347129606128818, -0.5655890533660545, 0.0021380915202522666, -0.4681863858056612, -0.051809889076951415, 0.16725776179636395, 0.3651243213857486, 0.5110534916086983, 0.5538556994040668, 0.28095171949540354, -0.06790434274368917], [-0.7483442036637408, 0.01132011256724414, -0.05356581549542787, 0.4842315782778581, 0.3381561839746994, 0.370413721824423, -0.21443491591584962, -0.27557887863404534, 0.6575961038856403, 0.07184619120444252, 0.03428437928126771, 0.3648174902791875, 0.013317873771202526]], "inverted": false, "swapped": false, "error_lsq": 0.041511890682560434, "error_max": 0.3487778510484957, "target": "689.xyz", "model": "23.xyz", "model_rescale": 4.410303926677745, "target_rescale": 3.902354749377396},
{"mapping": [1, 7, 0, 12, 13, 2, 3, 11, 15, 9, 10, 4, 16], "R": [[-0.40804354473386045, -0.8492812572715414, -0.33499524123231383], [0.41962974803116987, -0.5003443377222813, 0.7573416786870699], [-0.8108090651739923, 0.16845441447620746, 0.5605459571481675]], "T": [-0.0838359330929046, 0.040606627604891934, 0.17080075986162083], "aligned_model": [[0.09373034824893281, -0.34848787863328956, 0.253939238481399, -0.10953795144185789, -0.6658689525214685, 0.7215210637079673, 0.7084489883765654, -0.45644845817855806, -0.21097664191056642, -0.2017820337108186, 0.20874896553648903, 0.5703105463476865, 0.009224060418775645], [-0.16970528422170456, -0.43281926744257554, -0.62901128005899, -0.6726329063014534, -0.3163374813078471, -0.3706702266181387, -0.13649920422162926, 0.28757524360529, 0.4553499943431501, 0.6558093910881434, 0.4925274950893951, 0.18796131061540727, 0.005057185699073374], [-0.6419565624951887, -0.21359248448912396, 0.08188730593049545, 0.5406718297083268, 0.3381778527880326, 0.29386744122854525, -0.21671583614326387, -0.27740443362781664, 0.7374905963177782, 0.1766540307406845, -0.19518496786788578, 0.32656774552129547, 0.10359730374502127]], "inverted": false, "swapped": false, "error_lsq": 0.04278440996592559, "error_max": 0.20433232423408074, "target": "689.xyz", "model": "24.xyz", "model_rescale": 4.28219845311461, "target_rescale": 3.902354749377396},
{"mapping": [0, 8, 6, 10, 5, 14, 2, 1, 9, 3, 4, 13, 15], "R": [[-0.6226081451261182, -0.7761702016190763, -0.09959375352509453], [-0.755772413292656, 0.5634270341091391, 0.3337035159251007], [-0.2028969120721394, 0.2830367385227256, -0.9374022870240978]], "T": [0.10134381448783139, 0.049523991017486835, 0.21351534474381237], "aligned_model": [[0.21062630511874952, -0.35874739512993903, 0.1922209685079156, -0.016608992127482264, -0.7086324738869727, 0.5555432772026387, 0.6896664100713014, -0.4087523570636775, -0.16697053914807494, -0.3772795956120816, 0.23840594632391937, 0.6086470832725654, 0.11470265719239423], [-0.06487654713141616, -0.4406105448291163, -0.6842001625588277, -0.7178888698823019, -0.11299331531150239, -0.524759915120798, -0.10695019226991603, 0.09819263071126591, 0.4174136444295202, 0.6207221893369302, 0.5386248298370377, 0.2899816616711294, 0.043949561386116415], [-0.5868121045846177, 0.04022289674992083, -0.3018363257657072, 0.37743439539092316, 0.42041439821745025, 0.4233854667592222, -0.0998093716103057, -0.17029536136731468, 0.7130534257988901, 0.00209728874864204, -0.31245320422871936, 0.40778309564743703, 0.14087522160108032]], "inverted": true, "swapped": false, "error_lsq": 0.03794370661404409, "error_max": 0.24686174432249314, "target": "689.xyz", "model": "25.xyz", "model_rescale": 4.100010024507729, "target_rescale": 3.902354749377396},
{"mapping": [9, 10, 0, 6, 4, 1, 7, 2, 11, 3, 8, 12], "R": [[0.650362743952325, -0.6170492782528981, -0.4430332825944122], [-0.5607979564030322, -0.7834159907984022, 0.26788997266702796], [-0.5123806723257481, 0.07422650179643174, -0.8555445476759693]], "T": [0.006293407131426974, 0.029753312333128328, 0.011222203211447408], "aligned_model": [[-0.6156637568819942, 0.053399833362795045, 0.5154399654235192, 0.5589630995522173, -0.5216400416738958, 0.06887950051307137, -0.35016413454903883, 0.6223513971089704, 0.07671560692857943, 0.12807045640063006, -0.6191852753003276, -0.04040104852151938], [-0.24094877503427153, -0.6591667190289978, -0.17491881525126407, -0.3397484672341606, 0.6402994927219499, 0.6183375830658681, 0.1623183154525842, 0.3038721183973159, -0.3712871954488815, 0.6433598980473642, 0.052583887682930396, 0.03143006668020223], [0.1159334839043894, 0.12457989751011256, 0.5536846159574252, -0.20862010884328125, -0.001359700834169801, 0.21993032718132094, 0.5469948105087338, -0.1064678518368499, -0.6686361402518907, -0.41244556044533276, -0.5279376645313553, -0.07046381846474556]], "inverted": false, "swapped": true, "error_lsq": 0.04629902102815131, "error_max": 0.24209504649703997, "target": "689.xyz", "model": "26.xyz", "model_rescale": 3.6694154284099745, "target_rescale": 3.902354749377396},
{"mapping": [4, 0, 2, 6, 1, 11, 10, 5, 3, 7, 8, 9, 13], "R": [[-0.07612290424116797, -0.20028072015057483, -0.9767768100164219], [-0.4070500583111787, -0.888029891649811, 0.21380636465103392], [-0.9102282974500168, 0.4138726188966746, -0.013924864410543136]], "T": [0.08210541742162894, -0.014706656304351168, 0.08564957531665965], "aligned_model": [[0.22120485000084156, -0.3181623531153548, 0.20185547613431723, -0.21778976513291357, -0.7606598339603075, 0.7859459942477262, 0.6080442190384061, -0.5928182857013972, -0.04492225954244092, -0.20457094707364773, 0.24788956919047642, 0.5558588893073453, 0.09094574132820521], [-0.21288380944853347, -0.39911065041802196, -0.6822112588558286, -0.4250902322080038, -0.1985899377231527, -0.436934214085162, -0.03621394986832964, 0.22216477732474746, 0.2752047706788956, 0.5021958941759049, 0.4536128716223047, 0.36540587566555227, -0.07094516659225164], [-0.6997851666681438, -0.2734501661368133, 0.038456618064705975, 0.5469939498499361, 0.27427704832508526, 0.3356651770473329, -0.20558320644064484, -0.25250485481009055, 0.8290515891175316, 0.30188310663227474, -0.3162827911517391, 0.3953843754053996, 0.07995414212206614]], "inverted": true, "swapped": false, "error_lsq": 0.048459380765697016, "error_max": 0.25279590715468964, "target": "689.xyz", "model": "27.xyz", "model_rescale": 4.103607728864725, "target_rescale": 3.902354749377396},
{"mapping": [9, 0, 3, 2, 1, 12, 10, 5, 8, 7, 6, 13, 14], "R": [[-0.09534604419577214, 0.8828303762917472, -0.4599126640491541], [-0.15241245512811954, -0.4695168740822973, -0.8696691028625814], [-0.9837070577046995, -0.012823090444987584, 0.17932092173921826]], "T": [0.20051188720944615, 0.02935171688545729, 0.07437723025176435], "aligned_model": [[0.05160980119392286, -0.3070069724077812, 0.2285786611040179, 0.029103691439658824, -0.6338785589662358, 0.6707177700930164, 0.5733883628933425, -0.3769442092661316, -0.11228049657627362, -0.31840376562402795, 0.1669766042981932, 0.5264791786212276, 0.07448122791832726], [-0.03870726854190139, -0.43285906385943124, -0.7107813794965319, -0.5366279185987539, -0.18368911037917324, -0.5675026809292556, -0.030431286331210672, 0.25372559608516077, 0.4885133464939301, 0.5211050416845275, 0.49409547563045086, 0.15268964242180727, -0.052925423911497016], [-0.7276951289128035, -0.12177970252828424, -0.04787704742377935, 0.5121065859867742, 0.32189898954580554, 0.47433331863604483, -0.26791563078057556, -0.3146487706246989, 0.6773793026756977, 0.16917416246400985, -0.35475664904408766, 0.620642380163195, 0.11319801119960357]], "inverted": true, "swapped": false, "error_lsq": 0.04298296926739828, "error_max": 0.2314277521857545, "target": "689.xyz", "model": "28.xyz", "model_rescale": 4.137296879288765, "target_rescale": 3.902354749377396},
