[{"mapping": [0, 3, 2, 4, 8, 6, 11, 10, 1, 9, 5, 12], "R": [[-0.20382169321991725, 0.7150777398140207, -0.6686707286814924], [-0.9781539698408901, -0.1202205317514974, 0.16959314558641359], [0.04088433266513264, 0.6886296898681171, 0.7239596822853245]], "T": [-0.013129330185927822, -0.03584902862195261, 0.08394497413854786], "aligned_model": [[-0.3112773993453663, 0.17627222193922298, 0.3270783711902663, -0.19973578367056122, 0.08019536198919841, -0.4293685013535529, 0.47097818304064937, -0.3652001984449017, 0.5537354191916612, 0.14643515002553448, -0.6210459899895905, 0.00957562788798877], [-0.2770670545469005, -0.6653770542478097, -0.34478299398208906, 0.7029002728137164, 0.3022616250001786, -0.6616074521572831, -0.3361468110752823, -0.46253083399578593, 0.3247178439879473, 0.2694542769950523, 0.26600590152987136, -0.0642726843445584], [-0.5439090344116246, -0.03409222840598522, -0.5858882050319715, -0.1379967311030525, -0.6268407975776613, 0.0038017635279797707, 0.43045970032756276, 0.6436319817315735, 0.033254104692485895, 0.5145406981000811, 0.508172503148722, -0.02318200964454746]], "inverted": false, "swapped": true, "error_lsq": 0.0437730006207126, "error_max": 0.2317780090216588, "target": "69.xyz", "model": "0.xyz", "model_rescale": 3.751011558992144, "target_rescale": 3.8679454034431817},
{"mapping": [7, 9, 12, 3, 10, 8, 0, 1, 11, 5, 2, 13, 14], "R": [[-0.1922119793334623, -0.2708280920859743, 0.9432426514623817], [0.5327184805984437, -0.8360160610181885, -0.13148447113069522], [0.8241756945151917, 0.47720990167504285, 0.3049674315622862]], "T": [-0.016030452480647953, -0.1829818495699351, 0.05232967094509418], "aligned_model": [[0.3593279102839245, -0.4338906159868423, 0.18485505703036864, 0.6348478303301021, -0.8316509511917708, -0.049257296507009676, 0.7109003363926231, 0.2647455396083597, -0.39449302940372166, -0.2400032978442262, 0.444825765029353, 0.11366892692218893, -0.026354531400085847], [-0.5980009664253167, 0.22440830288197303, -0.07737446751956527, 0.1051018978163061, -0.2667088259766395, -0.08758685204109096, -0.3281638694002166, -0.765727320360539, -0.4168294815883138, 0.3590425009201915, 0.3946869532990033, 0.49363865884792757, -0.16714168295585755], [-0.30339811254183424, -0.25363726971039824, -0.6551073912747033, -0.22474632038220393, 0.06670825338118007, 0.7082366944037491, 0.21356964057287897, 0.31167135285393677, -0.6100994586943107, 0.2671128523423334, 0.42333964784928857, -0.17759413572018118, 0.0008873249695171004]], "inverted": true, "swapped": false, "error_lsq": 0.04294535312363446, "error_max": 0.263625999717028, "target": "69.xyz", "model": "1.xyz", "model_rescale": 3.9405287249114394, "target_rescale": 3.8679454034431817},
{"mapping": [9, 3, 10, 11, 4, 1, 5, 2, 8, 7, 0, 6, 12], "R": [[-0.908247772011452, 0.2441264189720292, 0.33983566057158693], [0.41704217431025187, 0.46197995834622196, 0.782719836808165], [0.03408532650292584, 0.8526293506831185, -0.52140328045657]], "T": [0.028724654760421083, -0.05838399762275072, 0.023424552942558855], "aligned_model": [[0.30918601355171565, -0.3321344877407056, 0.0008933369695709251, 0.6198208174346509, -0.6305882206920496, -0.22506227768244147, 0.6856324833299552, 0.2589864258136467, -0.27708003670805026, -0.48057621808950746, 0.5793251698532754, 0.2054475534086776, 0.02367108381452484], [-0.5342826688438711, 0.19455039605527613, -0.1073668840351293, 0.11094191661053375, -0.28870895360700183, -0.09936084103988148, -0.3511042933314485, -0.5493262219638593, -0.5839174058634052, 0.5374293163228892, 0.2189974845702619, 0.4545153222505032, -0.13302231962700523], [-0.5641492620330336, -0.34072452413573295, -0.8181889057789061, -0.33650370418383757, 0.0862948066103941, 0.7725169528393111, 0.12765129433372513, 0.435886522913182, -0.45718745024566454, 0.14396072591796263, 0.591604607495488, 0.05596680480587199, 0.0698152095104925]], "inverted": false, "swapped": false, "error_lsq": 0.04867807598404967, "error_max": 0.28298621468428936, "target": "69.xyz", "model": "2.xyz", "model_rescale": 3.932901565614263, "target_rescale": 3.8679454034431817},
{"mapping": [6, 11, 12, 9, 1, 0, 5, 4, 10, 3, 7, 8, 13], "R": [[-0.6058792110279343, -0.6176231390047613, 0.5014499374913445], [-0.40001030901948864, 0.7813465732751417, 0.47905039934157967], [-0.6876788017107268, 0.08966153354197723, -0.7204572680462041]], "T": [-0.006955137559396932, -0.05945087373944798, 0.05044486556845032], "aligned_model": [[0.10901321597312943, -0.5008314053587202, 0.31305588138149604, 0.5818316559271423, -0.6631405968707945, -0.2445561716122862, 0.6200466660654993, 0.38880847087034065, -0.2814351348799976, -0.2514055030328867, 0.5624325788322396, 0.06188818802653882, 0.04181379794156244], [-0.6808979772902647, 0.4361390105257153, -0.29149102245316644, 0.2409476402938441, -0.39615356500349413, -0.22548203230190708, -0.36641656636951164, -0.5830971670007542, -0.2989919811493113, 0.29624528415287604, 0.18974421630969807, 0.6647552267515626, -0.11595621896742464], [-0.2084896805025865, -0.5046997976375303, -0.6029157755026675, -0.27031015617131116, 0.11987512983405677, 0.654539007359622, -0.12113743962045684, 0.6269794528519391, -0.566342155398246, 0.32322635350657114, 0.4017879783013706, -0.047396056676701576, -0.038173782294807654]], "inverted": false, "swapped": false, "error_lsq": 0.048698671381038255, "error_max": 0.262069760341185, "target": "69.xyz", "model": "3.xyz", "model_rescale": 3.9243930471874484, "target_rescale": 3.8679454034431817},
{"mapping": [5, 10, 11, 9, 3, 2, 1, 0, 6, 4, 7, 8, 12], "R": [[-0.6117057894299753, 0.526584575286324, -0.5903598159159993], [0.456871161977656, 0.8443883249560135, 0.2797804461201039], [0.6458210034762242, -0.09857505642148881, -0.757098533693246]], "T": [0.050022819038400126, -0.013961382874421474, -0.10895106479065451], "aligned_model": [[0.25567904237779465, -0.4396644479520398, 0.12610431331544392, 0.5895093563840398, -0.5133078626721841, -0.11516446265972922, 0.6565604266561474, 0.10467418562347665, -0.3372892005212537, -0.21309012370378588, 0.34108240707634707, 0.19492186459998512, 0.08750614473902123], [-0.7370288489373213, 0.37148215373097027, -0.07789448062615958, 0.24357449748809176, -0.2854543628702947, -0.21188124975886125, -0.2507202978988667, -0.6829632716472497, -0.5145365945137396, 0.29737447530502314, 0.24442280923605567, 0.5985747130010773, -0.12560469501086335], [-0.20115766486915931, -0.4387500644184188, -0.893972240701188, -0.48354009042487095, 0.1398530252503309, 0.7769131339278659, 0.18467735121207463, 0.413324776417192, -0.4567015094109091, 0.3225681493971871, 0.5920772401947955, -0.09711186037605687, -0.09123716814959085]], "inverted": false, "swapped": false, "error_lsq": 0.0395757668926839, "error_max": 0.2076148827900172, "target": "69.xyz", "model": "4.xyz", "model_rescale": 3.8936222436046832, "target_rescale": 3.8679454034431817},
{"mapping": [5, 7, 4, 9, 8, 0, 6, 3, 11, 10, 1, 12], "R": [[-0.054391160207276856, -0.9646187618556188, -0.25797721986144356], [0.40262297802744884, -0.2576127338355303, 0.8783680418424233], [-0.9137485098513787, -0.056092099639052984, 0.40238953403694244]], "T": [-0.018531184475956364, 0.04957520089333191, -0.049969898539996976], "aligned_model": [[-0.0021366501360182977, -0.48724125937706264, -0.39501505910196527, 0.39135543347354773, -0.6201774012337913, -0.6749162684602572, -0.21912775698780942, 0.05558079153751193, 0.5598469869556861, 0.3343232992119318, 0.17993576486801344, -0.09487983853468937], [-0.6062804738425219, -0.6114340000688288, 0.15371179008994537, 0.04656618140914991, 0.5391554950890615, 0.04168507380542193, -0.4015123664286129, 0.13266390279814055, 0.23400352710087508, -0.6080529472219914, 0.6346583169756675, 0.11375840540350034], [-0.5084812000958444, -0.0229763366169132, -0.7407998937750291, -0.41884320400874786, -0.212996555663245, 0.2822580813843454, 0.5223347477374646, 0.6086004825184728, 0.22584921116476867, 0.19958918851134894, -0.3186747463736018, 0.0034249444924991865]], "inverted": true, "swapped": true, "error_lsq": 0.045858427130566266, "error_max": 0.25947749960046795, "target": "69.xyz", "model": "5.xyz", "model_rescale": 3.6523030999806103, "target_rescale": 3.8679454034431817},
{"mapping": [4, 9, 10, 6, 7, 0, 2, 3, 11, 5, 1, 8, 12], "R": [[-0.14834042764866584, 0.778107929763594, 0.6103631436808952], [-0.9883314308978561, -0.13822894698820676, -0.06398234845586898], [0.03458468193301262, -0.6127322480933621, 0.7895334647258765]], "T": [0.0768928262340613, -0.023049519061541512, -0.06439177555254676], "aligned_model": [[0.23613568018764838, -0.35128354953446606, 0.3353588795766774, 0.5752979112105201, -0.5480811781594295, -0.043138522780748145, 0.7290733563227227, -0.04883935702453698, -0.4421396303282728, -0.23711459088858217, 0.5241307839935476, -0.007683761247503501, 0.015805621935686152], [-0.5432188176543777, 0.18826478796487228, -0.11633247174976599, 0.33194684566589555, -0.24727171240004983, -0.20809386052926387, -0.4006323336521345, -0.5389943688585013, -0.6131294152035518, 0.3538359404000397, 0.06781120091500799, 0.6412142945240701, -0.04605524192437824], [-0.24659280791260452, -0.6072307296266968, -0.7945743771490594, -0.28392403826585016, 0.09669814202151299, 0.9043779584106684, 0.026731264937971413, 0.3835290132137245, -0.46059882791896023, 0.40811242805324477, 0.45915135036728577, -0.13721683632948012, 0.018480538247495695]], "inverted": false, "swapped": false, "error_lsq": 0.05548258936690934, "error_max": 0.33115195899134553, "target": "69.xyz", "model": "6.xyz", "model_rescale": 4.08911054899281, "target_rescale": 3.8679454034431817},
{"mapping": [4, 9, 8, 10, 0, 2, 5, 7, 3, 1, 13, 11, 14], "R": [[-0.026316778062261514, 0.9348745321197149, 0.35400146381952374], [0.13298171740412185, -0.3477027658644903, 0.928126418892617], [0.9907690397003088, 0.07150101960201194, -0.11517080431776433]], "T": [0.14966590387770864, -0.07656679778758133, 0.004890445397594718], "aligned_model": [[0.2786826220440607, -0.3882863428715507, 0.12031046177370733, 0.6791309517207611, -0.7451491002514263, -0.2491743874660908, 0.783313462139648, 0.39222594424323864, -0.38977070405257086, -0.3873011987145588, 0.3171815432788804, 0.27377095468046675, 0.052587436738697646], [-0.6193488573411986, 0.309223045850771, -0.05562643096986404, 0.1564625996869408, -0.34771376659398323, -0.21939648841621548, -0.4967558596054521, -0.5203846738618838, -0.5007218447001441, 0.3405864393084258, 0.29075376390409413, 0.4901440382241212, 0.042122882012250285], [-0.4259132360659838, -0.41502726638735715, -0.6761739659038636, -0.4248059142881705, 0.10707465551033489, 0.6909412050116165, -0.044436563640330384, 0.5909615027210376, -0.38951046543939744, 0.2798369244974057, 0.6155529036068349, -0.08437224372456052, -0.0571844578483139]], "inverted": false, "swapped": false, "error_lsq": 0.044920434311836135, "error_max": 0.28500394285618114, "target": "69.xyz", "model": "7.xyz", "model_rescale": 3.964800864290218, "target_rescale": 3.8679454034431817},
{"mapping": [11, 2, 4, 12, 3, 5, 9, 10, 6, 1, 8, 7, 13], "R": [[-0.5282534754922915, -0.14996932481565223, -0.8357376784880843], [-0.797763399912512, 0.4246785295766084, 0.42804404478590685], [0.2907263720241846, 0.8928366861475772, -0.3439779476633179]], "T": [-0.06432914649784409, -0.0686113444135256, -0.0561245606016329], "aligned_model": [[0.3993591365779994, -0.2910799384930721, 0.00840392996577162, 0.6032683296916955, -0.6490140889341315, -0.11449994051547795, 0.5788425759775297, 0.20646448955792174, -0.27879419560124724, -0.3133341011486462, 0.3993649127977645, 0.20611761787326482, -0.01757708448610905], [-0.6374047351929688, 0.3560550327062165, -0.16243924590914866, 0.14553364127639654, -0.44570253372897506, -0.23017834771702858, -0.24213647184802875, -0.6618236988719711, -0.49722447203160847, 0.5662280597352978, 0.1592530632547742, 0.5899481555865107, -0.0707635997616041], [-0.4416120172555171, -0.5109336130924796, -0.749665921663039, -0.3374259508893271, 0.14859097063950666, 0.7626853793963781, 0.11729946410519518, 0.4437793523624454, -0.3829293229981721, 0.2570772188819993, 0.5131936390892047, -0.05945586104034428, 0.006339740513401915]], "inverted": true, "swapped": false, "error_lsq": 0.04007510790771082, "error_max": 0.23958494618572695, "target": "69.xyz", "model": "8.xyz", "model_rescale": 4.121658175737393, "target_rescale": 3.8679454034431817},
{"mapping": [11, 0, 3, 2, 5, 9, 8, 7, 10, 4, 6, 1, 12], "R": [[-0.9377953174191238, 0.17936818074923844, 0.29726587150474126], [0.34710233778846744, 0.4652850038161858, 0.8142664381672331], [0.007740137501713512, 0.8667969317888016, -0.49860121270708335]], "T": [0.07834941765944431, -0.1447084012444165, -0.010011236874325676], "aligned_model": [[0.29574332926330094, -0.39841443089788436, 0.22070938368910367, 0.49313863685251424, -0.519277688594435, -0.10592944468421878, 0.7868612252201801, 0.11108367876439237, -0.3629544256605276, -0.4418398552708565, 0.4605492623765158, 0.11764343012069386, 0.08020854208448411], [-0.6870256121686066, 0.3413397238074021, -0.24223641935842108, 0.2278662732211171, -0.2838917618061803, -0.10754173492600635, -0.2674789976173893, -0.7043516724452592, -0.500330100435498, 0.4761759642782183, 0.13059766672917808, 0.5430529533286356, -0.05683143510932867], [-0.25833361703061786, -0.4040641469824663, -0.7800150792185121, -0.4241180666260104, 0.062014732672255865, 0.8010681407719367, 0.10614269952278049, 0.3654069132765936, -0.5152487607488241, 0.35335310190498354, 0.49823269838623196, -0.029298939020154707, -0.00819659885894425]], "inverted": true, "swapped": false, "error_lsq": 0.03642893343618002, "error_max": 0.19867443476051497, "target": "69.xyz", "model": "9.xyz", "model_rescale": 3.833441315466971, "target_rescale": 3.8679454034431817},
{"mapping": [12, 8, 10, 0, 7, 4, 1, 6, 11, 2, 5, 13, 14], "R": [[0.04061152694840153, -0.9541037317958299, -0.296709913639889], [-0.5104370070011328, -0.27509257221249295, 0.8147258057759308], [-0.8589556250253239, 0.11836446124908218, -0.49818178263618773]], "T": [-0.003138565718049935, -0.134261015892435, 0.006794177064280895], "aligned_model": [[0.2506567558352058, -0.4591351508573276, 0.1016846422525953, 0.5884215344392988, -0.615726321575413, 0.010747703521569674, 0.7018927271981156, 0.1918926293433481, -0.3619970601346181, -0.2242787449208165, 0.3517569457045721, 0.28628852980485475, -0.08468254734812194], [-0.6308832343051691, 0.20220777647019994, 0.0015525877223212525, 0.10915608286340633, -0.39522082448762436, -0.25035984117712107, -0.32046571276514846, -0.6528789823299951, -0.48026231060177116, 0.5078425938673377, 0.2693776527436602, 0.606586665626392, -0.09730760612862602], [-0.22118469091972076, -0.5283835770362494, -0.7971466812479376, -0.22693157170718567, 0.030250443890396706, 0.7956165996565646, 0.12455503552466135, 0.39951265878624925, -0.45886746628645464, 0.24227290307423807, 0.41735501618653165, -0.048552101762835476, 0.03844650989099416]], "inverted": false, "swapped": false, "error_lsq": 0.041370164833237674, "error_max": 0.2357425660969095, "target": "69.xyz", "model": "10.xyz", "model_rescale": 4.2482417240324, "target_rescale": 3.8679454034431817},
{"mapping": [11, 1, 4, 8, 10, 7, 5, 0, 2, 6, 3, 12], "R": [[-0.357822519319607, -0.88022667884325, -0.31171146677713313], [0.6415340683837676, -0.4742918471719535, 0.6028940892140077], [-0.6785256692054774, 0.015755556442050178, 0.7344077060260605]], "T": [-0.10201675920811851, -0.03553615780176323, 0.05515364988173543], "aligned_model": [[-0.6848330558894772, -0.11112111411398021, 0.4484847452919294, 0.6033878970434754, -0.6251545352250639, 0.209673839571727, -0.12787098511546685, 0.43600120399420006, 0.222057256942761, -0.14145838342327915, -0.3217052232132456, -0.030696043500572673], [-0.27041520606613023, -0.7061732790661746, -0.24874413908735266, -0.37206429040751654, 0.5478016918143161, 0.6997524802450927, 0.4115945124232022, 0.2522699816072065, -0.2790523253705209, 0.6099687384805049, 0.07782125525206662, -0.05662802977405487], [-0.16793443806494895, 0.11900222276891648, 0.5855507366371763, -0.07674711751568641, 0.12798651534417194, 0.1949768948991177, 0.7185191473571376, -0.3559222076157385, -0.6487880175417527, -0.33602325843672787, -0.5653286946448083, -0.03009949333250026]], "inverted": false, "swapped": true, "error_lsq": 0.04935127483602339, "error_max": 0.3128787228823903, "target": "69.xyz", "model": "11.xyz", "model_rescale": 3.6694154284099745, "target_rescale": 3.8679454034431817},
{"mapping": [9, 4, 8, 2, 6, 5, 10, 7, 11, 0, 12, 1, 13], "R": [[-0.5779989296092101, 0.7966657861883025, 0.1767508486191268], [0.004681714889016364, 0.21983024473012575, -0.9755269063678312], [-0.8160240921175708, -0.563026010605964, -0.13079140822251112]], "T": [0.043466154886409286, -0.08890683454003563, -0.006778145643188476], "aligned_model": [[0.2781620696071714, -0.4607454743615125, 0.3019371956326876, 0.5388845556971728, -0.47063463535198735, -0.16588825952238118, 0.6247625211303325, 0.17187044590005848, -0.35201612248701586, -0.3626056635688514, 0.46661705645995166, 0.17971899596456833, -0.012541041836931527], [-0.7806012005780287, 0.2844654263008278, -0.20523417795726862, 0.22929848842493167, -0.25960568603257317, -0.2030182621605568, -0.3318508345635493, -0.7154473490976181, -0.49374679997434573, 0.4053482981889751, 0.188305567696483, 0.7340023959537281, 0.017428981296856813], [-0.3401893009676208, -0.399260549727793, -0.7083895206793368, -0.2889475167081281, 0.15575527562473024, 0.7598509065917506, 0.07447168360357403, 0.3715400275083879, -0.48083196070826123, 0.31189944448972984, 0.4469454473187004, -0.15075403170697885, 0.01485317341049836]], "inverted": false, "swapped": false, "error_lsq": 0.03595095332599708, "error_max": 0.2597620126373608, "target": "69.xyz", "model": "12.xyz", "model_rescale": 3.9764082729961374, "target_rescale": 3.8679454034431817},
{"mapping": [8, 13, 10, 1, 14, 4, 2, 7, 11, 6, 0, 12, 15], "R": [[0.45181267899974387, 0.5805907092631651, 0.6773328069807112], [-0.8548533799226653, 0.49889238378596645, 0.1425906316528239], [-0.25512938272545116, -0.6434444946672951, 0.7217258346162201]], "T": [0.05348924103877331, 0.015884465304126044, 0.047503947206026464], "aligned_model": [[0.25215687720855107, -0.4009156712999036, 0.2222936380328848, 0.5670619756148836, -0.6907855432438643, -0.061496381007407036, 0.7544257097772697, 0.30335509963647445, -0.30563933342027294, -0.6144615660493145, 0.561560835458712, 0.147154590992238, 0.002811411563011422], [-0.5582408128565609, 0.2742546426452367, -0.07067507443765719, 0.07503716661537187, -0.25185865815750963, -0.04602398303196816, -0.36468969892406233, -0.509441599528906, -0.39384955790708265, 0.2475755771374011, 0.01691895113362217, 0.5019711902581999, -0.051633295448223177], [-0.3138326991006768, -0.2706808627552621, -0.733623072294266, -0.3213680936002593, -0.0672858820259663, 0.7537683258394798, 0.05803419984032554, 0.5298246675128206, -0.530154598978119, 0.3370203607425727, 0.566127238511875, -0.355187042250884, 0.11430053660761219]], "inverted": true, "swapped": false, "error_lsq": 0.0490568825349262, "error_max": 0.3360685655925259, "target": "69.xyz", "model": "13.xyz", "model_rescale": 4.170626492500431, "target_rescale": 3.8679454034431817},
{"mapping": [10, 3, 1, 0, 11, 5, 8, 12, 9, 6, 4, 2, 13], "R": [[0.90680996301159, 0.03166515107749861, -0.4203486757326094], [-0.42043327512305223, -0.004261038001612764, -0.9073134545042596], [-0.030521339292748778, 0.999489450550824, 0.009449131462145505]], "T": [0.14066474005933835, -0.05149123512964948, -0.08243400972678457], "aligned_model": [[0.17727968531386312, -0.39213627897576564, 0.10415028662611274, 0.5281529869604316, -0.508066566948312, -0.30127481879836304, 0.7632750306721524, 0.22913973200082302, -0.29533711550985975, -0.4411540471067843, 0.5663249676570651, 0.25082029148736906, 0.05634748988453128], [-0.6133591760241311, 0.28633275214011905, -0.07226325246335977, 0.19969522646219107, -0.30215972771433913, -0.19451169032966814, -0.40145046394838924, -0.5022356059932279, -0.5531208695854486, 0.3378215846198024, 0.15275624411586292, 0.5965720662148615, -0.06473223999641062], [-0.11837935370667521, -0.3607712730786283, -0.849929734719248, -0.4600801755412554, 0.04394893716325558, 0.6995214903288558, 0.12113724804931676, 0.4873973768446503, -0.5456580702416028, 0.3838402596784232, 0.4468669145651782, -0.05394051614694318, -0.0270100251460743]], "inverted": false, "swapped": false, "error_lsq": 0.041512323223159016, "error_max": 0.20450988130202846, "target": "69.xyz", "model": "14.xyz", "model_rescale": 3.9786697098870705, "target_rescale": 3.8679454034431817},
{"mapping": [7, 0, 10, 5, 3, 11, 8, 1, 9, 4, 2, 12], "R": [[-0.09963741107111121, 0.6591097808422715, 0.7454171202173312], [0.47896052023202323, 0.6884142217452065, -0.544685853825865], [-0.8721635204330185, 0.3027542833668827, -0.3842793743214555]], "T": [0.10906821577408876, 0.03264820926809325, -0.014745169824938472], "aligned_model": [[0.007960594035591573, -0.5450264486509122, 0.6035410160763188, 0.5766283375392713, -0.10007069750064784, 0.40519647729248515, -0.5459583066891817, 0.10720038615177291, 0.5781973371816838, -0.0024100088058480046, -0.6007084032000399, -0.0011956866631573637], [-0.5121852191698144, -0.10070378309416567, 0.09568622528277726, -0.580829342496225, 0.5698406572290229, 0.6277147790278514, -0.18474143755488143, 0.22571340656686276, -3.6278893321139982e-06, -0.6064862468428605, 0.42313569838654447, 0.05753338077865954], [-0.6065937438189206, -0.32402898661933766, -0.6236652500327932, -0.22847604384661227, -0.35208246836803064, 0.03831261244216133, 0.3750326154071481, 0.6307283143402033, 0.27323978505528496, 0.4423219716713756, 0.04521010472299742, -0.010032417079646283]], "inverted": false, "swapped": true, "error_lsq": 0.049789772043714015, "error_max": 0.2533894427513808, "target": "69.xyz", "model": "15.xyz", "model_rescale": 3.769337070930944, "target_rescale": 3.8679454034431817},
{"mapping": [9, 4, 10, 5, 11, 1, 3, 8, 6, 7, 12], "R": [[0.37094314808207307, 0.26764872286766317, -0.8892498760406269], [0.8548733282186123, 0.2756348879467244, 0.439564558679416], [0.36275718268753043, -0.9232494623306887, -0.12656088145513275]], "T": [0.05919593035322574, 0.009172051919597482, -0.05030576049257028], "aligned_model": [[-0.18540806226938947, -0.37798874109125663, -0.20669171513248474, -0.7259140676705991, 0.41305792829400406, 0.2876109566105248, 0.589804445023259, 0.256749000373234, 0.14066401511169802, -0.4076945276130502, 0.1384368990552313], [-0.04292317277728169, -0.64790593036093, 0.7476311520719895, 0.16439721115726325, 0.3047736912839635, -0.4585839376494474, 0.39408009385942255, -0.6707995474418245, 0.5758282462326939, 0.26212709740106405, -0.032560406151571304], [-0.5417715106895079, 0.033053148062435284, -0.10725067389422013, -0.03783573897880292, -0.5319826804224294, -0.4780259820836933, 0.07780227044248149, 0.3058629272441723, 0.4431669287812011, 0.5623752296493145, 0.018823689112825906]], "inverted": false, "swapped": true, "error_lsq": 0.04810839404393899, "error_max": 0.21829290906317286, "target": "69.xyz", "model": "16.xyz", "model_rescale": 3.7852294659196426, "target_rescale": 3.8679454034431817},
{"mapping": [5, 11, 7, 2, 10, 0, 1, 4, 6, 8, 3, 8, 12], "R": [[0.3006887635020176, 0.8945632754650805, -0.3306702491800775], [-0.9524125221499011, 0.2998146075667191, -0.0549689798129708], [0.04996654036144907, 0.33146304059246334, 0.9421441490374534]], "T": [0.06837759263493458, -0.07691614182742806, 0.021586546539919964], "aligned_model": [[0.23449845996498575, -0.27210480708267215, 0.17825026333083532, 0.4637836165215453, -0.6450243801609821, -0.05190926323834784, 0.7147283676789793, 0.09795673763865774, -0.3676877221578635, -0.11381164052820318, 0.6352359886818354, -0.11381164052820318, -0.022582336857303806], [-0.6890846288288741, 0.3347455719641233, -0.19373352960293855, 0.27079465898542393, -0.4514783617697326, -0.08023216771227189, -0.30785141667922655, -0.6731127046697989, -0.5442519966912263, 0.5291826221341009, 0.21124097207103926, 0.5291826221341009, -0.06605679383685728], [-0.15122147271918415, -0.4809454855874027, -0.6608419840212499, -0.28960197558539114, 0.017606109135956765, 0.6933508147286744, -0.034571522124847, 0.4029805917548213, -0.5939111999184775, 0.17539578844756412, 0.4992186305788765, 0.17539578844756412, 0.014088994912347559]], "inverted": true, "swapped": false, "error_lsq": 0.05663621685350961, "error_max": 0.4497465721738517, "target": "69.xyz", "model": "17.xyz", "model_rescale": 3.901054581598922, "target_rescale": 3.8679454034431817},
{"mapping": [7, 9, 12, 3, 10, 8, 0, 1, 11, 5, 2, 13, 14], "R": [[-0.1922119793334623, -0.2708280920859743, 0.9432426514623817], [0.5327184805984437, -0.8360160610181885, -0.13148447113069522], [0.8241756945151917, 0.47720990167504285, 0.3049674315622862]], "T": [-0.016030452480647953, -0.1829818495699351, 0.05232967094509418], "aligned_model": [[0.3593279102839245, -0.4338906159868423, 0.18485505703036864, 0.6348478303301021, -0.8316509511917708, -0.049257296507009676, 0.7109003363926231, 0.2647455396083597, -0.39449302940372166, -0.2400032978442262, 0.444825765029353, 0.11366892692218893, -0.026354531400085847], [-0.5980009664253167, 0.22440830288197303, -0.07737446751956527, 0.1051018978163061, -0.2667088259766395, -0.08758685204109096, -0.3281638694002166, -0.765727320360539, -0.4168294815883138, 0.3590425009201915, 0.3946869532990033, 0.49363865884792757, -0.16714168295585755], [-0.30339811254183424, -0.25363726971039824, -0.6551073912747033, -0.22474632038220393, 0.06670825338118007, 0.7082366944037491, 0.21356964057287897, 0.31167135285393677, -0.6100994586943107, 0.2671128523423334, 0.42333964784928857, -0.17759413572018118, 0.0008873249695171004]], "inverted": true, "swapped": false, "error_lsq": 0.04294535312363446, "error_max": 0.263625999717028, "target": "69.xyz", "model": "18.xyz", "model_rescale": 3.9405287249114394, "target_rescale": 3.8679454034431817},
{"mapping": [0, 10, 1, 12, 5, 9, 4, 7, 6, 11, 13, 14, 15], "R": [[-0.8574365148059698, -0.16039888080154058, 0.4889527810688934], [0.5089324593489146, -0.12381978051384457, 0.8518546905280083], [-0.07609451293265096, 0.9792552583423367, 0.18779979795097246]], "T": [0.11676049266806304, -0.07972307353603587, -0.0725993758292353], "aligned_model": [[0.2987956539450899, -0.37578428950276527, 0.10338824680692159, 0.5830243959476928, -0.6398710081217134, -0.20834054895266635, 0.7234922035661462, 0.2772651471773817, -0.3096126498760361, -0.31598310199332796, 0.31480006511853986, 0.20451411473864012, 0.08183341440936012], [-0.6728592798864862, 0.49214265271943086, -0.21385916492544554, 0.12704255243635548, -0.3837945906493239, -0.20651431070519993, -0.48076540285156133, -0.4655965125236605, -0.5767510449144562, 0.3386644991223691, 0.2913543519441882, 0.6886721397035788, -0.06839104197192647], [-0.3687866455269622, -0.29231115438724764, -0.7186242329414362, -0.27256189887813553, 0.08961014069769828, 0.6109524816554508, 0.0029433915541531575, 0.49393879049855133, -0.43239458782731294, 0.32350417404675574, 0.45124384252389754, -0.03251122096864131, -0.08806000239751868]], "inverted": false, "swapped": false, "error_lsq": 0.04131262290978598, "error_max": 0.25278379683065877, "target": "69.xyz", "model": "19.xyz", "model_rescale": 4.410303926677745, "target_rescale": 3.8679454034431817},
{"mapping": [11, 2, 4, 12, 3, 5, 9, 10, 6, 1, 8, 7, 13], "R": [[-0.5282534754922915, -0.14996932481565223, -0.8357376784880843], [-0.797763399912512, 0.4246785295766084, 0.42804404478590685], [0.2907263720241846, 0.8928366861475772, -0.3439779476633179]], "T": [-0.06432914649784409, -0.0686113444135256, -0.0561245606016329], "aligned_model": [[0.3993591365779994, -0.2910799384930721, 0.00840392996577162, 0.6032683296916955, -0.6490140889341315, -0.11449994051547795, 0.5788425759775297, 0.20646448955792174, -0.27879419560124724, -0.3133341011486462, 0.3993649127977645, 0.20611761787326482, -0.01757708448610905], [-0.6374047351929688, 0.3560550327062165, -0.16243924590914866, 0.14553364127639654, -0.44570253372897506, -0.23017834771702858, -0.24213647184802875, -0.6618236988719711, -0.49722447203160847, 0.5662280597352978, 0.1592530632547742, 0.5899481555865107, -0.0707635997616041], [-0.4416120172555171, -0.5109336130924796, -0.749665921663039, -0.3374259508893271, 0.14859097063950666, 0.7626853793963781, 0.11729946410519518, 0.4437793523624454, -0.3829293229981721, 0.2570772188819993, 0.5131936390892047, -0.05945586104034428, 0.006339740513401915]], "inverted": true, "swapped": false, "error_lsq": 0.04007510790771082, "error_max": 0.23958494618572695, "target": "69.xyz", "model": "20.xyz", "model_rescale": 4.121658175737393, "target_rescale": 3.8679454034431817},
{"mapping": [4, 9, 10, 6, 7, 0, 2, 3, 11, 5, 1, 8, 12], "R": [[-0.14834042764866584, 0.778107929763594, 0.6103631436808952], [-0.9883314308978561, -0.13822894698820676, -0.06398234845586898], [0.03458468193301262, -0.6127322480933621, 0.7895334647258765]], "T": [0.0768928262340613, -0.023049519061541512, -0.06439177555254676], "aligned_model": [[0.23613568018764838, -0.35128354953446606, 0.3353588795766774, 0.5752979112105201, -0.5480811781594295, -0.043138522780748145, 0.7290733563227227, -0.04883935702453698, -0.4421396303282728, -0.23711459088858217, 0.5241307839935476, -0.007683761247503501, 0.015805621935686152], [-0.5432188176543777, 0.18826478796487228, -0.11633247174976599, 0.33194684566589555, -0.24727171240004983, -0.20809386052926387, -0.4006323336521345, -0.5389943688585013, -0.6131294152035518, 0.3538359404000397, 0.06781120091500799, 0.6412142945240701, -0.04605524192437824], [-0.24659280791260452, -0.6072307296266968, -0.7945743771490594, -0.28392403826585016, 0.09669814202151299, 0.9043779584106684, 0.026731264937971413, 0.3835290132137245, -0.46059882791896023, 0.40811242805324477, 0.45915135036728577, -0.13721683632948012, 0.018480538247495695]], "inverted": false, "swapped": false, "error_lsq": 0.05548258936690934, "error_max": 0.33115195899134553, "target": "69.xyz", "model": "21.xyz", "model_rescale": 4.08911054899281, "target_rescale": 3.8679454034431817},
{"mapping": [3, 5, 14, 15, 7, 0, 2, 4, 12, 8, 1, 11, 16], "R": [[-0.27177653277546054, -0.5209257446682652, 0.8091809963008043], [-0.797810095493961, 0.59217387920155, 0.11326583032541221], [-0.5381789365633571, -0.6147897732828691, -0.576538781788643]], "T": [-0.05484243839712834, -0.06085112318008941, -0.04869459928655046], "aligned_model": [[0.33071733720085583, -0.4308505588810012, 0.186765166633089, 0.5780694909795214, -0.6395784241381333, -0.15687137351525388, 0.6238058212852923, 0.24640572226002216, -0.3772365703278807, -0.1705057784542717, 0.3998098896109443, 0.20759086840562913, -0.060599947795550134], [-0.7916932586787718, 0.469288998887133, -0.3059356774048163, 0.1745112892084546, -0.4313260620554784, -0.32711988600986236, -0.22049760678403313, -0.5920048399058785, -0.4971253257532102, 0.529043416206701, 0.305379952884906, 0.6556581240320813, -0.09883427712936341], [-0.31607495704499794, -0.32310013540582, -0.5903420052796863, -0.3235291720417714, 0.11448730735203988, 0.6715626051335356, 0.13893101004269406, 0.28808049001909114, -0.5493904649574077, 0.296860667246236, 0.4890455245903598, -0.10899624435918012, -0.020591547245841044]], "inverted": false, "swapped": false, "error_lsq": 0.0404299709318667, "error_max": 0.2154883496733006, "target": "69.xyz", "model": "22.xyz", "model_rescale": 4.204369325754507, "target_rescale": 3.8679454034431817},
{"mapping": [0, 10, 1, 12, 5, 9, 4, 7, 6, 11, 13, 14, 15], "R": [[-0.8574365148059698, -0.16039888080154058, 0.4889527810688934], [0.5089324593489146, -0.12381978051384457, 0.8518546905280083], [-0.07609451293265096, 0.9792552583423367, 0.18779979795097246]], "T": [0.11676049266806304, -0.07972307353603587, -0.0725993758292353], "aligned_model": [[0.2987956539450899, -0.37578428950276527, 0.10338824680692159, 0.5830243959476928, -0.6398710081217134, -0.20834054895266635, 0.7234922035661462, 0.2772651471773817, -0.3096126498760361, -0.31598310199332796, 0.31480006511853986, 0.20451411473864012, 0.08183341440936012], [-0.6728592798864862, 0.49214265271943086, -0.21385916492544554, 0.12704255243635548, -0.3837945906493239, -0.20651431070519993, -0.48076540285156133, -0.4655965125236605, -0.5767510449144562, 0.3386644991223691, 0.2913543519441882, 0.6886721397035788, -0.06839104197192647], [-0.3687866455269622, -0.29231115438724764, -0.7186242329414362, -0.27256189887813553, 0.08961014069769828, 0.6109524816554508, 0.0029433915541531575, 0.49393879049855133, -0.43239458782731294, 0.32350417404675574, 0.45124384252389754, -0.03251122096864131, -0.08806000239751868]], "inverted": false, "swapped": false, "error_lsq": 0.04131262290978598, "error_max": 0.25278379683065877, "target": "69.xyz", "model": "23.xyz", "model_rescale": 4.410303926677745, "target_rescale": 3.8679454034431817},
{"mapping": [4, 1, 10, 9, 0, 12, 15, 5, 3, 7, 6, 11, 16], "R": [[-0.016095939452344568, -0.039760027704571654, 0.999079606903313], [0.7982940998071512, 0.6011434282013011, 0.036784629174120786], [-0.6020526978149312, 0.7981514385925261, 0.02206422730222546]], "T": [0.14431971051697723, -0.0064069978257195875, 0.004821243856957921], "aligned_model": [[0.1534256842333394, -0.5301739000994948, 0.1987902217559497, 0.6559257717611474, -0.5209251787692014, -0.18766654536665717, 0.8219700895478688, 0.24262879148923633, -0.444706695703017, -0.3599290421838842, 0.4664278927380119, 0.1902554911242474, 0.05149906273571683], [-0.6342073162673751, 0.2568623533994315, -0.03436384887219905, 0.12879129231772585, -0.28789183980547284, -0.22318804618730742, -0.1705001722170716, -0.5399994113167845, -0.48614033964994074, 0.3907447635455489, -0.03908460758313505, 0.5605990136559018, -0.05227699352145957], [-0.27743433961019554, -0.4557034216207777, -0.6432800785923524, -0.33044080897470285, 0.22527834195184993, 0.7040829529182467, 0.15706310653673344, 0.3229666418923574, -0.4770032035840002, 0.17783734288136208, 0.6926268723063043, -0.2728756657665863, -0.056174662288986474]], "inverted": false, "swapped": false, "error_lsq": 0.042419318751080994, "error_max": 0.2602707965907527, "target": "69.xyz", "model": "24.xyz", "model_rescale": 4.28219845311461, "target_rescale": 3.8679454034431817},
{"mapping": [4, 9, 3, 1, 12, 14, 0, 2, 7, 11, 6, 5, 15], "R": [[-0.508945370470105, 0.17425688820483143, -0.842976361940367], [-0.79590249112813, -0.4682919703856552, 0.38372106417078256], [-0.32789302294053874, 0.866220045592048, 0.3770265217745641]], "T": [0.007483686390688235, -0.0852771741570833, 0.003615975642120132], "aligned_model": [[0.3683970959430895, -0.4663578003250121, 0.2188078032680036, 0.49499881358731485, -0.7097116878055301, -0.19527279940216818, 0.7560580641442747, 0.1781729553765734, -0.3194168541831272, -0.3390611757387177, 0.6170814524822547, 0.06028192937357078, 0.07354384654273712], [-0.5995304842303628, 0.12884578509951816, -0.028374068967508964, 0.18379163907441703, -0.09348532010985933, -0.12120817491850264, -0.38641194132600903, -0.5989299140700846, -0.5148385850493582, 0.2821048012083205, 0.011385794979634531, 0.7236675575550766, -0.11767224174741911], [-0.3704610443813613, -0.4282396572551714, -0.739451651903066, -0.31230865674244107, 0.2681595860442399, 0.736925866171249, 0.12406689929467635, 0.42290830877122726, -0.5568829419259788, 0.20712080103188682, 0.6603076604797365, -0.25734656474864875, 0.012144473212903423]], "inverted": false, "swapped": false, "error_lsq": 0.047002709934894735, "error_max": 0.3339407892499789, "target": "69.xyz", "model": "25.xyz", "model_rescale": 4.100010024507729, "target_rescale": 3.8679454034431817},
{"mapping": [11, 1, 4, 8, 10, 7, 5, 0, 2, 6, 3, 12], "R": [[-0.357822519319607, -0.88022667884325, -0.31171146677713313], [0.6415340683837676, -0.4742918471719535, 0.6028940892140077], [-0.6785256692054774, 0.015755556442050178, 0.7344077060260605]], "T": [-0.10201675920811851, -0.03553615780176323, 0.05515364988173543], "aligned_model": [[-0.6848330558894772, -0.11112111411398021, 0.4484847452919294, 0.6033878970434754, -0.6251545352250639, 0.209673839571727, -0.12787098511546685, 0.43600120399420006, 0.222057256942761, -0.14145838342327915, -0.3217052232132456, -0.030696043500572673], [-0.27041520606613023, -0.7061732790661746, -0.24874413908735266, -0.37206429040751654, 0.5478016918143161, 0.6997524802450927, 0.4115945124232022, 0.2522699816072065, -0.2790523253705209, 0.6099687384805049, 0.07782125525206662, -0.05662802977405487], [-0.16793443806494895, 0.11900222276891648, 0.5855507366371763, -0.07674711751568641, 0.12798651534417194, 0.1949768948991177, 0.7185191473571376, -0.3559222076157385, -0.6487880175417527, -0.33602325843672787, -0.5653286946448083, -0.03009949333250026]], "inverted": false, "swapped": true, "error_lsq": 0.04935127483602339, "error_max": 0.3128787228823903, "target": "69.xyz", "model": "26.xyz", "model_rescale": 3.6694154284099745, "target_rescale": 3.8679454034431817},
{"mapping": [2, 5, 4, 10, 1, 3, 11, 12, 0, 7, 9, 8, 13], "R": [[0.018750537614837248, -0.1263263082329079, -0.9918115149499925], [-0.06766464068293714, -0.9898719341063372, 0.12480004194642058], [-0.9975319111388888, 0.06477050190344114, -0.02710845518971433]], "T": [0.04659560722294803, -0.05765342523093332, -0.019179349644778042], "aligned_model": [[0.23984786930423163, -0.6300529773126402, 0.24960084468432164, 0.5871568161594691, -0.7806845095297823, -0.15195413501810062, 0.7767707458216722, 0.33818051909429164, -0.28946082574101817, -0.30555408369848785, 0.4588008194452172, 0.18313726318927775, 0.06173329686481099], [-0.6543407509453604, 0.2266985111016468, 0.043499605048666165, 0.067020848820252, -0.3639383921765182, -0.057506253780585846, -0.4818009206184732, -0.566081723007509, -0.3234020335427893, 0.3257428447453661, 0.2273485665608, 0.5335303017108607, -0.10742575641849364], [-0.2813766889438543, -0.3145929056489796, -0.8091714433504253, -0.25186072980987295, 0.018817770568206396, 0.7640250927137417, 0.1328687952765028, 0.5158082376378093, -0.5225451154423626, 0.3345527807457782, 0.443123865963649, -0.21971705087632235, -0.0429895307846181]], "inverted": true, "swapped": false, "error_lsq": 0.040218964724804226, "error_max": 0.23291617377094995, "target": "69.xyz", "model": "27.xyz", "model_rescale": 4.103607728864725, "target_rescale": 3.8679454034431817},
{"mapping": [10, 7, 9, 0, 11, 13, 3, 12, 6, 8, 2, 1, 14], "R": [[-0.3369984989696231, -0.3591124165072265, -0.8703276877145534], [0.29719139002212025, 0.8365651361832385, -0.46025650524402106], [0.8933696264083197, -0.41375964669486553, -0.17519607694808448]], "T": [0.007411051197889415, -0.18698005531850054, -0.03362832598026702], "aligned_model": [[0.08442018975400538, -0.4301675815207576, 0.2354836716651011, 0.5528004418743664, -0.6541433667836387, -0.2490332767451779, 0.749197438018077, 0.4642016796775163, -0.36545051142531076, -0.5136100521422436, 0.5012637571184859, 0.2672234116206359, 0.09533584215220407], [-0.6649817917883064, 0.34654749931895606, -0.36156954440744193, 0.1877803453566652, -0.36589715318431604, -0.272176646447743, -0.28797860799075686, -0.4887943592695588, -0.3039725144482076, 0.3512620963204774, 0.11843426352828418, 0.6696262037434728, -0.058934943233662884], [-0.19287407573971085, -0.24328169274082845, -0.8001955546992312, -0.3015775667050302, 0.015317129372432653, 0.5553117223094433, 0.021897355043644914, 0.6278428107962831, -0.5321805122926314, 0.29970690000086686, 0.41820383857903076, -0.07342890866797207, -0.02779836720704493]], "inverted": false, "swapped": false, "error_lsq": 0.0477158012166719, "error_max": 0.29842010421164267, "target": "69.xyz", "model": "28.xyz", "model_rescale": 4.137296879288765, "target_rescale": 3.8679454034431817},
