[{"mapping": [8, 6, 4, 1, 3, 9, 10, 7, 2, 0, 5, 11], "R": [[0.13207163106173234, -0.7733012991646024, 0.6201307805447427], [-0.8445853503555987, 0.2396936697620908, 0.4787718983406323], [-0.5188763535115131, -0.5869855580730415, -0.6214622147647237]], "T": [-0.06988320237986893, -0.002694400021983501, -0.06125215822916578], "aligned_model": [[-0.12119028928101949, 0.50748747639497, -0.8287499971808139, 0.4620027840280075, -0.6341477476630232, -0.05504731024483721, -0.05160172328687722, 0.7654148540645868, -0.12452552526011172, -0.154047544313887, 0.280300875292385, -0.061216107771487886], [-0.48964614853906596, -0.14737045447485048, -0.13429194731344551, -0.3561713460685625, 0.2446808852963824, 0.1848928697317651, 0.6758827772996279, 0.4375980259614026, -0.7404295710067976, -0.0956212123697648, 0.38210050218053276, 0.0034241326394107954], [-0.4654168129691417, -0.4746120813155597, 0.18195914915383443, 0.24539406398049926, -0.36856877987039355, -0.6391339255128007, -0.09223841171795763, 0.00962129510698747, 0.2573561901057165, 0.5446128144299205, 0.5852695564206188, 0.007447921226560954]], "inverted": false, "swapped": false, "error_lsq": 0.06221184495363875, "error_max": 0.366764980744842, "target": "690.xyz", "model": "0.xyz", "model_rescale": 3.751011558992144, "target_rescale": 3.642191281478083},
{"mapping": [1, 4, 0, 8, 7, 6, 12, 10, 2, 13, 9, 14], "R": [[-0.5280430591571577, -0.38913924722900706, 0.7548120123196188], [0.7053045880140045, 0.2940886791071292, 0.6450250281558223], [-0.47298622157769665, 0.8729733644774427, 0.11917021066771849]], "T": [0.025134526042425567, 0.011670763733007631, 0.018968495019237176], "aligned_model": [[-0.16370935820254612, 0.5936511466429831, -0.5878296892560902, 0.31720103603309163, -0.4816682926408477, 0.002036252543879083, -0.43002063459610457, 0.7755676903261598, -0.22147219340912583, -0.14651235707328497, 0.3120395598061675, 0.015396584603609553], [-0.31064062973397655, -0.2927399317751319, -0.4156914634568773, -0.5819137560024303, 0.20946083272475668, 0.3501171130904957, 0.5775982980039439, 0.32294024069901994, -0.5362811734281901, 0.14133796681549884, 0.4386025055313659, 0.06225851086816038], [-0.5693672105609009, -0.43895830095472704, -0.11195482618161368, 0.07162610427178745, -0.3601185865071222, -0.6508421376510096, 0.17560472893509432, -0.09245469278863305, 0.5870106611220212, 0.712673015879527, 0.43079905578463246, 0.03767316768922857]], "inverted": false, "swapped": false, "error_lsq": 0.05270416958287333, "error_max": 0.3135118197708674, "target": "690.xyz", "model": "1.xyz", "model_rescale": 3.9405287249114394, "target_rescale": 3.642191281478083},
{"mapping": [3, 7, 9, 6, 8, 4, 2, 1, 11, 5, 0, 12], "R": [[0.48548757066133935, 0.8606159775157942, 0.15375941589992193], [-0.12700059667285044, 0.2434384164822913, -0.9615656950127405], [-0.8649697492849627, 0.44730065573965877, 0.2274850680743252]], "T": [0.006948463538484692, -0.03443873619764808, -0.054375343726825884], "aligned_model": [[0.009570751832217016, 0.6079118660804502, -0.7797506704106046, 0.3666920785968939, -0.6391241083400515, 0.0009015250356438241, -0.11143519072609488, 0.5247671226566863, -0.21784333993513713, -0.2513980126134013, 0.48921734415188556, -0.014829621550595817], [-0.4114861869104912, -0.28507782362419615, -0.1612076676594456, -0.3938805640500061, 0.03767146239386738, 0.2697196258094386, 0.56147235115205, 0.5603471390580637, -0.49525396469909333, 0.14204683456425732, 0.08994656421232525, 0.050750743089865304], [-0.4840589739525327, -0.5070704837662477, 0.06978269165488418, 0.1373061556524483, -0.47637074800880186, -0.6861560392523532, 0.2539182077760817, -0.12731320237095217, 0.44032887023280876, 0.6015104862386466, 0.6200688808831095, -0.05025486604880666]], "inverted": false, "swapped": false, "error_lsq": 0.04983593362252247, "error_max": 0.25545384826121337, "target": "690.xyz", "model": "2.xyz", "model_rescale": 3.932901565614263, "target_rescale": 3.642191281478083},
{"mapping": [7, 0, 9, 3, 5, 4, 6, 2, 8, 10, 1, 13], "R": [[-0.033109444892131246, -0.38854908382549863, 0.9208329784044991], [-0.5974392832572337, 0.7463032939920309, 0.29342408932759334], [-0.8012303460803378, -0.5404266859019919, -0.2568441739362059]], "T": [-0.003628064174078135, -0.09532265865239799, 0.0944085185100682], "aligned_model": [[-0.21485014594768068, 0.6009631536317783, -0.6905681412627606, 0.30344350491144345, -0.5258094450019265, 0.17911190546333297, -0.16853987160723613, 0.43806362605814314, -0.22860334946748465, -0.1860274200253763, 0.5676661176773743, -0.09017018965171598], [-0.45623188968269907, -0.08494968677310179, -0.32743736451947997, -0.49862111120886415, 0.21567787202715727, 0.23614078240560554, 0.5663076979688036, 0.5488627630854794, -0.7697487002028626, 0.31278856732008686, 0.2419313944588362, -0.01967181154232661], [-0.48427300571157533, -0.19422999234638288, -0.024035701266492765, 0.15558766288243206, -0.28952501882214193, -0.6929697230464795, 0.05267570590189267, -0.19564914192746669, 0.27695265294782656, 0.6541594832448323, 0.4240314581773156, 0.10896659900452446]], "inverted": true, "swapped": false, "error_lsq": 0.050302214309260795, "error_max": 0.2789083847032899, "target": "690.xyz", "model": "3.xyz", "model_rescale": 3.9243930471874484, "target_rescale": 3.642191281478083},
{"mapping": [5, 1, 6, 9, 3, 0, 4, 7, 11, 10, 8, 12], "R": [[0.15385459116915007, -0.7687993865898141, 0.6207062654390556], [-0.976401408442137, -0.021939923497435343, 0.21484629237931419], [-0.1515554498142009, -0.6391135602817798, -0.7540323618357258]], "T": [-0.0014190118633176936, 0.012454589024408694, 0.05148720755433143], "aligned_model": [[-0.14362293536065168, 0.5140944060070786, -0.6419476539208934, 0.4593801219733662, -0.5255882489356887, -0.0712506974731095, 0.024249316228347494, 0.561817232046907, -0.19290065690178862, -0.36622500488105014, 0.3756724732914285, -0.00899860729605452], [-0.44734451962740596, -0.12936117749061918, -0.28739856358556887, -0.42725956225280554, 0.3579589808583618, 0.12992181274010287, 0.6004943145422578, 0.5379786793003388, -0.6693317139241, 0.13218003998273672, 0.20310328846965348, -0.035893065676316914], [-0.5333084179421698, -0.42211019989826637, -0.09455271955618941, 0.3548071956836922, -0.1910549465036645, -0.787945541626932, 0.12841371524802372, -0.17101700138953127, 0.4045258713189157, 0.6428501446497191, 0.51816852723603, -0.05708564818134292]], "inverted": true, "swapped": false, "error_lsq": 0.04777938366741516, "error_max": 0.2769061793578073, "target": "690.xyz", "model": "4.xyz", "model_rescale": 3.8936222436046832, "target_rescale": 3.642191281478083},
{"mapping": [10, 2, 7, 4, 8, 3, 9, 0, 5, 6, 1, 11], "R": [[-0.4998352097481066, -0.2750295369280421, -0.8212938066935689], [0.573569794622511, -0.815629176008579, -0.07593904094902204], [-0.6489857115474555, -0.5090263264907949, 0.5654288152778647]], "T": [-0.07542675548160283, 0.018655857637510313, -0.06605633449912018], "aligned_model": [[-0.13857772809657418, 0.5799228022969393, -0.61639779357671, 0.26947951407661097, -0.5891720538438158, 0.08955436481828821, -0.19094818272918823, 0.5782058688070658, -0.04544043201647974, -0.4241927117689621, 0.4918518847157287, -0.019605787905011128], [-0.4020619671938917, -0.19764309119505064, -0.32266683505750077, -0.6914815863476551, 0.3147756598983552, 0.3044158134112863, 0.6109202829129942, 0.6036979122030643, -0.4502343257587212, 0.0999244872772932, 0.17926517284822688, -0.08386300966176588], [-0.5334703544129236, -0.35046833631606356, 0.03688385581440262, 0.019786980770641727, -0.5067848875230228, -0.5365927411054009, 0.06778534145063475, -0.18098455484662423, 0.5945597971284361, 0.6455378937511874, 0.47755047138584994, 0.05788751294116698]], "inverted": false, "swapped": false, "error_lsq": 0.04466066340778862, "error_max": 0.2623037913559875, "target": "690.xyz", "model": "5.xyz", "model_rescale": 3.6523030999806103, "target_rescale": 3.642191281478083},
{"mapping": [3, 2, 7, 4, 5, 1, 8, 6, 11, 9, 10, 12], "R": [[-0.09463000445058291, -0.9606883690911995, -0.2610038692252937], [0.9955088768582278, -0.09202796211205089, -0.02220203337473914], [-0.0026904189548774826, -0.26193264722518744, 0.9650824057889839]], "T": [-0.015318592606235599, 0.04981832422131585, -0.04872724676032394], "aligned_model": [[-0.17208244632982214, 0.6241382508283589, -0.579899416711594, 0.32237238976487764, -0.5664729663873779, 0.16330921779691293, -0.224634687163649, 0.4266493346930606, -0.18502196022818815, -0.24304420533734078, 0.5150654733254658, -0.09569923947281263], [-0.5126219555661173, -0.17117208029726413, -0.3249421821966457, -0.40418621732964866, 0.30756293954321257, 0.2036927188404296, 0.6796339949876272, 0.526210957691555, -0.614222915479283, 0.19483087220710907, 0.07305061119473329, 0.007211769740927111], [-0.42519335252064794, -0.39292169863963144, 0.03857175425945417, 0.04601597781667955, -0.3548319666214014, -0.7020186381199688, 0.06626012682001364, -0.030318768111508278, 0.5033769120137601, 0.6219256302286238, 0.5229597699846207, -0.10213476807170935]], "inverted": true, "swapped": false, "error_lsq": 0.04126830235564171, "error_max": 0.24824639779494842, "target": "690.xyz", "model": "6.xyz", "model_rescale": 4.08911054899281, "target_rescale": 3.642191281478083},
{"mapping": [4, 3, 5, 6, 10, 8, 11, 9, 7, 13, 1, 14], "R": [[0.034635949531106325, 0.9174955877824384, 0.3962350279819245], [0.16026086052787686, 0.38624324583925435, -0.9083681035937037], [-0.9864668304524704, 0.09496315834740887, -0.13366073085892466]], "T": [-0.01991975998973025, -0.016014173623257605, 0.0602550367568127], "aligned_model": [[-0.09622132061440503, 0.5619887888765035, -0.6266362358945395, 0.24504604887256645, -0.5369550139359207, 0.045203929341322446, -0.16905134514392856, 0.5186862337963396, -0.2699141037482398, -0.2396935804131021, 0.47831123954781374, 0.07391510409348154], [-0.4141345555698196, -0.2877114143686127, -0.42576062057844155, -0.4379357126767771, 0.3131316088045417, 0.20324316957324554, 0.5473940562575822, 0.4940231567999879, -0.6194537618122525, 0.15154170409653908, 0.3217574263596352, 0.11895345645100658], [-0.5163971313889575, -0.40236196076222347, -0.15070514113602967, 0.09055852616205565, -0.31870736057143595, -0.5822666327822832, 0.1299830782400745, -0.1933643886432136, 0.47576972486362207, 0.7381333577331419, 0.4793281523347647, 0.041720754988768524]], "inverted": true, "swapped": false, "error_lsq": 0.042522574949951535, "error_max": 0.2148717998576674, "target": "690.xyz", "model": "7.xyz", "model_rescale": 3.964800864290218, "target_rescale": 3.642191281478083},
{"mapping": [12, 9, 2, 8, 4, 11, 6, 10, 1, 0, 5, 13], "R": [[-0.27357535174994796, -0.5129025350759372, 0.8136876037076942], [-0.8866648537936822, 0.4623646184918273, -0.006663078412822487], [-0.37280284865049074, -0.7232910541957396, -0.5812642144141469]], "T": [-0.07204078779123751, 0.01100442400362927, 0.05985388106013078], "aligned_model": [[-0.07048871083418196, 0.4251759783703046, -0.6958630266937509, 0.5264845369216722, -0.5728419015983537, 0.02387134040330141, -0.28804382427937625, 0.667614106491141, -0.1516162835536627, -0.5113780555350504, 0.6305595863269802, 0.0012059987588682042], [-0.4077691081864304, -0.12019486306926985, -0.20825584685301451, -0.47145554059756745, 0.1752165924680943, 0.39643907692435315, 0.5353135333110522, 0.357184759400551, -0.5094186091049104, 0.1857613503613713, 0.048027900869558354, -0.01580073218715305], [-0.5688759950255774, -0.3977692841184206, 0.09699517383002354, 0.06743013617720767, -0.4063284900690146, -0.6677272597666197, -0.06241005190335255, -0.030721092060649886, 0.5945944707451358, 0.5980008446157559, 0.5115758081547533, 0.05692671845904333]], "inverted": false, "swapped": false, "error_lsq": 0.04396806397300835, "error_max": 0.2379880958923767, "target": "690.xyz", "model": "8.xyz", "model_rescale": 4.121658175737393, "target_rescale": 3.642191281478083},
{"mapping": [0, 10, 1, 5, 2, 3, 8, 11, 4, 6, 7, 12], "R": [[0.10129401337822891, -0.5132813875306572, -0.8522216496125492], [-0.9924889643381178, -0.11120033475269353, -0.050991579872947945], [-0.06859430385084109, 0.8509857241843086, -0.5206900409204369]], "T": [0.0470711991632076, 0.024341943594527553, 0.06213983322641669], "aligned_model": [[-0.17167098564041539, 0.570329550600528, -0.5871966170275171, 0.43381094025126177, -0.46206845917093015, 0.0867076414898483, -0.15698684270825697, 0.44288456495398926, -0.2881238173915644, -0.37812457738258715, 0.5277789630534877, -0.032660616249952305], [-0.5844503243773882, -0.1755006042386236, -0.24001910864115775, -0.45565756961057835, 0.26531789818978707, 0.25509721944721353, 0.70352741728902, 0.4759822781128658, -0.7419371216622075, 0.2061703280981691, 0.2691224034754733, -0.012604302745938167], [-0.3854627518501519, -0.4504462418107591, 0.009706188311905277, 0.10398175313674946, -0.34412836449177364, -0.6914283100598156, 0.2283347356671088, -0.14373600860802602, 0.3597782258185606, 0.578210603848419, 0.4673724608729138, 0.0595086882031539]], "inverted": true, "swapped": false, "error_lsq": 0.04471218122168324, "error_max": 0.2287360110824549, "target": "690.xyz", "model": "9.xyz", "model_rescale": 3.833441315466971, "target_rescale": 3.642191281478083},
{"mapping": [6, 12, 4, 7, 5, 1, 13, 10, 3, 2, 8, 14], "R": [[-0.9501651400056107, -0.2514776767963166, -0.18424219058414903], [-0.07889471756330957, 0.7657336158129677, -0.6383005978021675], [0.3015987902142915, -0.5919552412869794, -0.7474136485602535]], "T": [0.09903794556983408, -0.011510140065648957, -0.06115790759248484], "aligned_model": [[-0.08620727676373846, 0.4349380289528843, -0.5503248410981734, 0.34071739103978865, -0.5154617871335669, -0.10963425155759918, -0.22581216258586972, 0.723319729844025, -0.34324701606503416, -0.31059346956782097, 0.5497989713661834, 0.07718642834681287], [-0.4504852091926939, -0.10761207151248975, -0.4598960286479207, -0.5363503150830865, 0.264786964217983, 0.1876519297882874, 0.6839151483794546, 0.5223152930889549, -0.5205500519924297, 0.19923927929018645, 0.2275021977632378, -0.04546862276284849], [-0.545115203572623, -0.5520302026613954, -0.17600844656068193, 0.27057664458261943, -0.12019340656504604, -0.7411574053800425, 0.15457947172998468, -0.028649381624637975, 0.4861849744520803, 0.4906002286421657, 0.5281187357299306, 0.024784970265930704]], "inverted": true, "swapped": false, "error_lsq": 0.04497564812015282, "error_max": 0.2554385826642722, "target": "690.xyz", "model": "10.xyz", "model_rescale": 4.2482417240324, "target_rescale": 3.642191281478083},
{"mapping": [9, 10, 7, 8, 5, 4, 6, 0, 3, 2, 1, 11], "R": [[0.6815005358038085, 0.6169490287495059, 0.39361264667711565], [0.532622115486255, -0.04929497158209681, -0.8449163792184805], [-0.5018672153010882, 0.7854577657021172, -0.3621952463853846]], "T": [0.011709894773673204, 0.01949586466138266, 0.04452013683411302], "aligned_model": [[-0.0956841463845785, 0.4414403927593242, -0.46126393194621435, 0.3317666018752669, -0.6016181517716771, -0.08674519881712417, -0.1491325016713377, 0.6795582554885672, -0.152377416960042, -0.37264413659479806, 0.46865637080122935, -0.017276392000724176], [-0.42804089889818825, -0.21119076715787582, -0.46016930900831143, -0.4892202504314781, 0.21797248508586742, 0.4737743999931739, 0.6470642880290708, 0.358853385900284, -0.5280168968047342, 0.24154040254272846, 0.12869594101278398, 0.013785733073314068], [-0.6392109998894024, -0.3763334476051583, -0.024569132243798572, 0.16953792532409592, -0.3409949845129876, -0.6969494762418887, 0.016776026817815343, -0.06797215535904123, 0.6201734670698507, 0.6367409471342421, 0.5721770472683914, -0.07768423872383394]], "inverted": true, "swapped": false, "error_lsq": 0.041738535959304636, "error_max": 0.25735050935915815, "target": "690.xyz", "model": "11.xyz", "model_rescale": 3.6694154284099745, "target_rescale": 3.642191281478083},
{"mapping": [4, 6, 3, 11, 1, 0, 12, 5, 8, 10, 7, 13], "R": [[0.05907162689510992, 0.8451874122357319, -0.5311956147166803], [0.9501511769932829, 0.11558712270331228, 0.2895727161240308], [0.30614258729266014, -0.5218216699826065, -0.7962278951294783]], "T": [0.03455179906287283, 0.014568818364594914, 0.06293374387921882], "aligned_model": [[-0.13187560668849593, 0.5089948148094356, -0.6326879119735273, 0.31982423138076504, -0.6847470774023643, 0.052761263112627375, -0.1851659862961599, 0.5775801763723376, -0.3434123215423011, -0.07439513445188631, 0.5777665383900956, 3.675906736537449e-05], [-0.44049303991957317, -0.09448536551620104, -0.48291143849764123, -0.6645999528735884, 0.1513127441537325, 0.2544929727024071, 0.6548705227850965, 0.5740890509177448, -0.5261243848843546, 0.2605156608619695, 0.24068518921170118, 0.037696554395341766], [-0.4964402575725122, -0.22493053532379428, -0.15741475884241457, 0.11169918698521339, -0.3617823014701229, -0.6100021223144063, 0.12214795146161797, -0.1284509035640918, 0.4335977896223112, 0.6384070305326868, 0.5167557930153702, -0.05189589349157281]], "inverted": true, "swapped": false, "error_lsq": 0.04433617877589815, "error_max": 0.23299270193786425, "target": "690.xyz", "model": "12.xyz", "model_rescale": 3.9764082729961374, "target_rescale": 3.642191281478083},
{"mapping": [3, 7, 14, 4, 11, 8, 10, 2, 6, 12, 9, 15], "R": [[0.19865235273337994, -0.0037831252311696095, 0.9800627177466645], [0.4134845190789261, 0.9069624624638744, -0.08030967664942162], [-0.8885762742925123, 0.42119446772832936, 0.18173449072613393]], "T": [0.04569209097746031, 0.0007561982689817848, 0.1549326163327474], "aligned_model": [[-0.12520136539821958, 0.5681184237783673, -0.5806455259300006, 0.42676292352588346, -0.591785908646145, -0.024836747379154908, -0.33953642523109956, 0.5914686792452265, -0.2727841114676972, -0.16487267633655317, 0.44419636031873516, 0.05379611829854908], [-0.2598519974385892, -0.24088898157656496, -0.4274080947333338, -0.6080425000295874, 0.15974764017700285, 0.35133936229283835, 0.6879467629077552, 0.4214816911292427, -0.6354125479882317, 0.40586502789215784, 0.198723321160935, -0.08845117045699051], [-0.6269383718818233, -0.3346713386927401, -0.0964327898383866, 0.15852250630980994, -0.2910362392449773, -0.4547968029276627, -0.004801591429586832, -0.24678555510390426, 0.4333586216930009, 0.6007608903078329, 0.5592870302919387, 0.09522461955478331]], "inverted": true, "swapped": false, "error_lsq": 0.045276986740973864, "error_max": 0.2149843625141401, "target": "690.xyz", "model": "13.xyz", "model_rescale": 4.170626492500431, "target_rescale": 3.642191281478083},
{"mapping": [3, 6, 1, 2, 9, 11, 10, 5, 0, 8, 4, 13], "R": [[-0.34717628137225565, 0.8484615422576074, -0.39947670891101383], [0.28807046575023504, 0.5018626831760769, 0.8155668298783072], [0.8924595432931262, 0.1680680176153429, -0.4186515317538844]], "T": [-0.03177885824478667, -0.021338304764811886, 0.07695568741253944], "aligned_model": [[-0.035226295341414554, 0.6331803089183312, -0.6939751636725112, 0.30649826695770105, -0.6286521776432582, 0.027593802215164567, -0.35053265518123816, 0.617528050603809, -0.2743236292634557, -0.1091514153809357, 0.47270320864146687, 0.019037443924232282], [-0.417262755352453, -0.08579520975197491, -0.3851555069720732, -0.5737407174983493, 0.2084768983144236, 0.30092827720833115, 0.4432844276977601, 0.5225436598772092, -0.452649257776506, 0.34173871659085375, 0.039307315989725394, 0.023372665009688053], [-0.48758443430975495, -0.43408626823816443, -0.06428016621995253, 0.19250796219435143, -0.42027026875606044, -0.5493659459871064, 0.10611110530420934, -0.2544244191340721, 0.41012426695077875, 0.720185705967826, 0.5718123166158786, 0.0009611246503515303]], "inverted": false, "swapped": false, "error_lsq": 0.04508140359069269, "error_max": 0.23811112081015842, "target": "690.xyz", "model": "14.xyz", "model_rescale": 3.9786697098870705, "target_rescale": 3.642191281478083},
{"mapping": [5, 8, 4, 7, 2, 8, 0, 9, 10, 1, 6, 11], "R": [[-0.06149220938111976, 0.41013071227745374, -0.9099513761911773], [-0.09589488123008612, 0.9050315561423852, 0.4143935980928768], [0.9934902515572543, 0.11274165704512915, -0.0163229540041712]], "T": [0.02420116344494671, 0.04525822295853611, 0.01659117928411446], "aligned_model": [[-0.1300399019125096, 0.1655417933096015, -0.5490203302645298, 0.41890803884944755, -0.4960128918189116, 0.1655417933096015, -0.33013826251541983, 0.46638658400821836, -0.2379591380577717, -0.15874504770688067, 0.5747525498730756, 0.09546455770397017], [-0.511985557269136, -0.011220822365675426, -0.16650590778233054, -0.479564325166862, 0.271553239834288, -0.011220822365675426, 0.6410274215511192, 0.48076686826603476, -0.5755923544309106, 0.10623777621201907, 0.1345320682222516, 0.08702092863151219], [-0.540498266752084, -0.4824690072773092, -0.02198085945108124, 0.091716280803357, -0.6406875426521489, -0.4824690072773092, 0.07410830105817945, -0.030510219346229037, 0.5045845453948449, 0.667347869147952, 0.5789780943682153, 0.07357079102189804]], "inverted": true, "swapped": false, "error_lsq": 0.05912097679987258, "error_max": 0.338893954742437, "target": "690.xyz", "model": "15.xyz", "model_rescale": 3.769337070930944, "target_rescale": 3.642191281478083},
{"mapping": [3, 8, 7, 10, 1, 0, 5, 2, 6, 9, 11], "R": [[0.3398036761388955, -0.09601000785108779, 0.935582994755103], [-0.5613951202958785, -0.8188201765413269, 0.11987091972954367], [0.754565424990086, -0.5659643070735686, -0.33213765599261197]], "T": [0.024131841472246264, 0.0454969947600411, 0.02351340200778399], "aligned_model": [[-0.2608322634375752, -0.4448283246166373, -0.06630944898077143, -0.649779473106612, 0.27027162375235997, 0.5459047334881789, 0.6271867902162033, 0.2212976109207671, 0.12843360478769533, -0.44594806725289865, -0.0027706550795393824], [-0.19293526950012113, -0.6556019810358653, 0.8378764127644031, 0.40091622008822825, 0.30307869209280347, -0.3383525529894334, 0.3535891192550204, -0.5839373767221656, 0.43276812848299395, -0.0015877040502165901, 0.04025080923969524], [-0.526357188840842, 0.005358897349988713, -0.22752866453006196, -0.018792849015431316, -0.5499745330960115, -0.3138884300088926, -0.06856317012771959, 0.3477249802522761, 0.5575651487951051, 0.5843606285162183, -0.04568721207085243]], "inverted": true, "swapped": true, "error_lsq": 0.04055292709511191, "error_max": 0.20342809107886786, "target": "690.xyz", "model": "16.xyz", "model_rescale": 3.7852294659196426, "target_rescale": 3.642191281478083},
{"mapping": [11, 8, 6, 9, 7, 2, 1, 3, 10, 4, 0, 12], "R": [[0.6069298494420774, -0.4498293675436948, -0.6552020283480944], [-0.47726514910589574, -0.865495448386892, 0.15210393246231477], [-0.6354951890495668, 0.22038867692513792, -0.7399829023552117]], "T": [-0.0009363699837072407, 0.07368523510924306, -0.011863689616453328], "aligned_model": [[-0.09328854327299871, 0.5219528682220156, -0.7717407237575198, 0.44393357933951094, -0.5819682946373327, 0.006655738883621399, -0.1964927401683926, 0.5475283814798136, -0.25972352623782907, -0.12367122943575906, 0.4908941080514598, 0.0006001263113020315], [-0.4169115025103251, -0.19009203721462525, -0.36424066924599996, -0.654950480891687, 0.08760283227802676, 0.3394368184956721, 0.7330962476664283, 0.6485962207503359, -0.547654051144114, 0.27748575253593194, 0.07033019772068276, -0.017650815103691805], [-0.5491885369472417, -0.29684492834365134, 0.02653925818658505, 0.12393950279378037, -0.4038269636597911, -0.5626862353068249, -0.04634523316612198, -0.045909925147003025, 0.4311055806441525, 0.6553605518957187, 0.46125223733860277, -0.0017043292499208471]], "inverted": false, "swapped": false, "error_lsq": 0.04086139603912316, "error_max": 0.1968530646200705, "target": "690.xyz", "model": "17.xyz", "model_rescale": 3.901054581598922, "target_rescale": 3.642191281478083},
{"mapping": [1, 4, 0, 8, 7, 6, 12, 10, 2, 13, 9, 14], "R": [[-0.5280430591571577, -0.38913924722900706, 0.7548120123196188], [0.7053045880140045, 0.2940886791071292, 0.6450250281558223], [-0.47298622157769665, 0.8729733644774427, 0.11917021066771849]], "T": [0.025134526042425567, 0.011670763733007631, 0.018968495019237176], "aligned_model": [[-0.16370935820254612, 0.5936511466429831, -0.5878296892560902, 0.31720103603309163, -0.4816682926408477, 0.002036252543879083, -0.43002063459610457, 0.7755676903261598, -0.22147219340912583, -0.14651235707328497, 0.3120395598061675, 0.015396584603609553], [-0.31064062973397655, -0.2927399317751319, -0.4156914634568773, -0.5819137560024303, 0.20946083272475668, 0.3501171130904957, 0.5775982980039439, 0.32294024069901994, -0.5362811734281901, 0.14133796681549884, 0.4386025055313659, 0.06225851086816038], [-0.5693672105609009, -0.43895830095472704, -0.11195482618161368, 0.07162610427178745, -0.3601185865071222, -0.6508421376510096, 0.17560472893509432, -0.09245469278863305, 0.5870106611220212, 0.712673015879527, 0.43079905578463246, 0.03767316768922857]], "inverted": false, "swapped": false, "error_lsq": 0.05270416958287333, "error_max": 0.3135118197708674, "target": "690.xyz", "model": "18.xyz", "model_rescale": 3.9405287249114394, "target_rescale": 3.642191281478083},
{"mapping": [11, 9, 10, 5, 14, 13, 12, 7, 2, 1, 0, 15], "R": [[0.4612138401759952, -0.6390099221666227, 0.615587616024493], [0.8712772912333787, 0.19495675112782843, -0.4504084224020556], [0.1678024892876686, 0.7440821087502971, 0.6466715859124886]], "T": [0.028241863473262872, 0.1453503159663807, 0.053368467683251354], "aligned_model": [[-0.10302071603847904, 0.5098347920383044, -0.566960795272596, 0.37764463526487446, -0.5947044469244314, 0.001221596611647023, -0.257848644213251, 0.6593084933811961, -0.2024130195928869, -0.21145271875327276, 0.36247705586820517, 0.010593512408581737], [-0.31752085723056694, -0.20213040453998993, -0.35805102959060997, -0.6058627974019387, 0.20401905744083282, 0.3089279173654754, 0.611587859212072, 0.29668485967049896, -0.6060199989825875, 0.16263045955388436, 0.36009464280904924, 0.11068880503051613], [-0.4830395991306448, -0.43277476942805054, -0.04774986527273716, 0.12307645952553034, -0.40295908486194515, -0.5976631128650451, 0.08359820286713435, -0.21953868399997714, 0.4242677232018837, 0.6679962638886299, 0.614479836494788, 0.0619976086187182]], "inverted": true, "swapped": false, "error_lsq": 0.038665612175818924, "error_max": 0.2374959683439779, "target": "690.xyz", "model": "19.xyz", "model_rescale": 4.410303926677745, "target_rescale": 3.642191281478083},
{"mapping": [12, 9, 2, 8, 4, 11, 6, 10, 1, 0, 5, 13], "R": [[-0.27357535174994796, -0.5129025350759372, 0.8136876037076942], [-0.8866648537936822, 0.4623646184918273, -0.006663078412822487], [-0.37280284865049074, -0.7232910541957396, -0.5812642144141469]], "T": [-0.07204078779123751, 0.01100442400362927, 0.05985388106013078], "aligned_model": [[-0.07048871083418196, 0.4251759783703046, -0.6958630266937509, 0.5264845369216722, -0.5728419015983537, 0.02387134040330141, -0.28804382427937625, 0.667614106491141, -0.1516162835536627, -0.5113780555350504, 0.6305595863269802, 0.0012059987588682042], [-0.4077691081864304, -0.12019486306926985, -0.20825584685301451, -0.47145554059756745, 0.1752165924680943, 0.39643907692435315, 0.5353135333110522, 0.357184759400551, -0.5094186091049104, 0.1857613503613713, 0.048027900869558354, -0.01580073218715305], [-0.5688759950255774, -0.3977692841184206, 0.09699517383002354, 0.06743013617720767, -0.4063284900690146, -0.6677272597666197, -0.06241005190335255, -0.030721092060649886, 0.5945944707451358, 0.5980008446157559, 0.5115758081547533, 0.05692671845904333]], "inverted": false, "swapped": false, "error_lsq": 0.04396806397300835, "error_max": 0.2379880958923767, "target": "690.xyz", "model": "20.xyz", "model_rescale": 4.121658175737393, "target_rescale": 3.642191281478083},
{"mapping": [3, 2, 7, 4, 5, 1, 8, 6, 11, 9, 10, 12], "R": [[-0.09463000445058291, -0.9606883690911995, -0.2610038692252937], [0.9955088768582278, -0.09202796211205089, -0.02220203337473914], [-0.0026904189548774826, -0.26193264722518744, 0.9650824057889839]], "T": [-0.015318592606235599, 0.04981832422131585, -0.04872724676032394], "aligned_model": [[-0.17208244632982214, 0.6241382508283589, -0.579899416711594, 0.32237238976487764, -0.5664729663873779, 0.16330921779691293, -0.224634687163649, 0.4266493346930606, -0.18502196022818815, -0.24304420533734078, 0.5150654733254658, -0.09569923947281263], [-0.5126219555661173, -0.17117208029726413, -0.3249421821966457, -0.40418621732964866, 0.30756293954321257, 0.2036927188404296, 0.6796339949876272, 0.526210957691555, -0.614222915479283, 0.19483087220710907, 0.07305061119473329, 0.007211769740927111], [-0.42519335252064794, -0.39292169863963144, 0.03857175425945417, 0.04601597781667955, -0.3548319666214014, -0.7020186381199688, 0.06626012682001364, -0.030318768111508278, 0.5033769120137601, 0.6219256302286238, 0.5229597699846207, -0.10213476807170935]], "inverted": true, "swapped": false, "error_lsq": 0.04126830235564171, "error_max": 0.24824639779494842, "target": "690.xyz", "model": "21.xyz", "model_rescale": 4.08911054899281, "target_rescale": 3.642191281478083},
{"mapping": [8, 11, 6, 5, 0, 1, 4, 15, 10, 13, 14, 16], "R": [[-0.10268375231879012, 0.4465565923638265, 0.8888437752643267], [0.18293971501865092, -0.8698473873646397, 0.45814690151064585], [0.9777469548296371, 0.209649069903298, 0.007626257932559]], "T": [0.0327217013484773, 0.03869572949624537, 0.08840909528012286], "aligned_model": [[-0.015937576900699517, 0.5321793576078633, -0.5289725112920054, 0.27704083522071127, -0.6658393179314768, 0.03688799289522309, -0.2961536359603786, 0.6646874985031631, -0.14331236863186056, -0.3119270862164051, 0.4438109010012764, -0.007784343517519603], [-0.3506852603557525, -0.20499776789141025, -0.38950117488381325, -0.6225707835073245, 0.2459257038138758, 0.2601508021526579, 0.6534444450485745, 0.337958265129839, -0.6430999729937916, 0.3344423314701339, 0.2817666867195671, 0.06221523863407906], [-0.4832347951291255, -0.4379449293015282, -0.14973193670909993, 0.06077191828628575, -0.17455028992249783, -0.6737842358869309, 0.10314731445704065, -0.1179114899433785, 0.4824928877497084, 0.5684935947999399, 0.517063694731036, 0.09687924590683482]], "inverted": false, "swapped": false, "error_lsq": 0.041505316435752754, "error_max": 0.215365911423505, "target": "690.xyz", "model": "22.xyz", "model_rescale": 4.204369325754507, "target_rescale": 3.642191281478083},
{"mapping": [11, 9, 10, 5, 14, 13, 12, 7, 2, 1, 0, 15], "R": [[0.4612138401759952, -0.6390099221666227, 0.615587616024493], [0.8712772912333787, 0.19495675112782843, -0.4504084224020556], [0.1678024892876686, 0.7440821087502971, 0.6466715859124886]], "T": [0.028241863473262872, 0.1453503159663807, 0.053368467683251354], "aligned_model": [[-0.10302071603847904, 0.5098347920383044, -0.566960795272596, 0.37764463526487446, -0.5947044469244314, 0.001221596611647023, -0.257848644213251, 0.6593084933811961, -0.2024130195928869, -0.21145271875327276, 0.36247705586820517, 0.010593512408581737], [-0.31752085723056694, -0.20213040453998993, -0.35805102959060997, -0.6058627974019387, 0.20401905744083282, 0.3089279173654754, 0.611587859212072, 0.29668485967049896, -0.6060199989825875, 0.16263045955388436, 0.36009464280904924, 0.11068880503051613], [-0.4830395991306448, -0.43277476942805054, -0.04774986527273716, 0.12307645952553034, -0.40295908486194515, -0.5976631128650451, 0.08359820286713435, -0.21953868399997714, 0.4242677232018837, 0.6679962638886299, 0.614479836494788, 0.0619976086187182]], "inverted": true, "swapped": false, "error_lsq": 0.038665612175818924, "error_max": 0.2374959683439779, "target": "690.xyz", "model": "23.xyz", "model_rescale": 4.410303926677745, "target_rescale": 3.642191281478083},
{"mapping": [11, 1, 14, 7, 9, 10, 4, 3, 13, 5, 0, 16], "R": [[0.091509285480536, -0.13078695858160497, -0.9871782119434239], [-0.4683529799167866, -0.8805007780108625, 0.07323841973535802], [-0.878789813820067, 0.45564586181292144, -0.14182845884677803]], "T": [-0.1253035182833058, -0.01327372124814748, 0.04992794015503762], "aligned_model": [[-0.14384945651687397, 0.6098643473506323, -0.6567010651420901, 0.3221468930573007, -0.5728703054018489, -0.060175691464179004, -0.05679376042638601, 0.5608695089677228, -0.23962610006217688, -0.25721555051315503, 0.5001567528967165, -0.021125827967770613], [-0.40213905476195616, -0.13535366043748287, -0.42638694159490126, -0.5017839185339601, 0.06471930653751645, 0.28987816538986577, 0.6714290558977202, 0.5525364060661552, -0.6067589008486148, 0.34523920151846343, 0.07080935098483757, 0.04285950311899177], [-0.44923264240030975, -0.3754660505842598, -0.021515074771798183, 0.10539696954258387, -0.3813736275601673, -0.5224716109255393, 0.06923837873817015, -0.08526252228885331, 0.4089436956855594, 0.5495975643971621, 0.4647957470832725, 0.029040152122464274]], "inverted": false, "swapped": false, "error_lsq": 0.0390981736344379, "error_max": 0.17543797960797666, "target": "690.xyz", "model": "24.xyz", "model_rescale": 4.28219845311461, "target_rescale": 3.642191281478083},
{"mapping": [5, 8, 9, 10, 3, 1, 4, 0, 12, 13, 2, 15], "R": [[0.6253326806927725, -0.7603220292498702, 0.17569704122423535], [-0.3964388930042189, -0.11559483274463167, 0.9107546534365499], [-0.6721571561555977, -0.6391777894139471, -0.37370645023697296]], "T": [-0.02165844105131052, -0.029778529284431764, 0.07744340007619968], "aligned_model": [[-0.13808279710908192, 0.394697468028656, -0.6338925201328627, 0.5200914508614476, -0.4834073827368531, 0.038348316921026436, -0.1419873903238502, 0.5003270966293146, -0.2408187048769421, -0.22967106499151782, 0.3767770190665587, 0.022298253441995784], [-0.48317139753287114, -0.26710370416618556, -0.30030594185686854, -0.6040821278456922, 0.33050302679217, 0.18038313926445315, 0.6911977603661159, 0.5805770627600282, -0.5429774613405719, 0.0678181216161333, 0.2831559877509277, 0.029054047528995795], [-0.6340064978450299, -0.42482204296200443, -0.016673736179085866, -0.002476873446729061, -0.42953831563268896, -0.5243112516856866, 0.058398538448766885, -0.06591392184399927, 0.5999522852918876, 0.6252774068259701, 0.5379878567320447, 0.06781753133483881]], "inverted": true, "swapped": false, "error_lsq": 0.041919653662689564, "error_max": 0.20463660850666304, "target": "690.xyz", "model": "25.xyz", "model_rescale": 4.100010024507729, "target_rescale": 3.642191281478083},
{"mapping": [9, 10, 7, 8, 5, 4, 6, 0, 3, 2, 1, 11], "R": [[0.6815005358038085, 0.6169490287495059, 0.39361264667711565], [0.532622115486255, -0.04929497158209681, -0.8449163792184805], [-0.5018672153010882, 0.7854577657021172, -0.3621952463853846]], "T": [0.011709894773673204, 0.01949586466138266, 0.04452013683411302], "aligned_model": [[-0.0956841463845785, 0.4414403927593242, -0.46126393194621435, 0.3317666018752669, -0.6016181517716771, -0.08674519881712417, -0.1491325016713377, 0.6795582554885672, -0.152377416960042, -0.37264413659479806, 0.46865637080122935, -0.017276392000724176], [-0.42804089889818825, -0.21119076715787582, -0.46016930900831143, -0.4892202504314781, 0.21797248508586742, 0.4737743999931739, 0.6470642880290708, 0.358853385900284, -0.5280168968047342, 0.24154040254272846, 0.12869594101278398, 0.013785733073314068], [-0.6392109998894024, -0.3763334476051583, -0.024569132243798572, 0.16953792532409592, -0.3409949845129876, -0.6969494762418887, 0.016776026817815343, -0.06797215535904123, 0.6201734670698507, 0.6367409471342421, 0.5721770472683914, -0.07768423872383394]], "inverted": true, "swapped": false, "error_lsq": 0.041738535959304636, "error_max": 0.25735050935915815, "target": "690.xyz", "model": "26.xyz", "model_rescale": 3.6694154284099745, "target_rescale": 3.642191281478083},
{"mapping": [2, 0, 11, 6, 10, 4, 8, 5, 12, 9, 7, 13], "R": [[-0.05219401482308484, -0.1650606355557223, -0.9849014018705571], [-0.22664959078868396, 0.9624669057966271, -0.14928971244392095], [0.97257685959104, 0.21543547023693085, -0.08764593745190231]], "T": [0.06625369808630863, 0.03682403940121854, 0.04690670949130405], "aligned_model": [[-0.08225687735477474, 0.44716428918541873, -0.6532045896215392, 0.3515930381548874, -0.4621756174587419, -0.08675738942392194, -0.08220233823404724, 0.7482726039463002, -0.23841677832374827, -0.3886070752721963, 0.37629359741887125, 0.05497688176138332], [-0.46122738958463855, -0.06254125498932406, -0.429371180395288, -0.5779787822219408, 0.21205022863076134, 0.360068706419551, 0.6576209930304691, 0.41011372949211783, -0.6121946931676359, 0.16491269705260528, 0.3077271008679469, -0.004131641797988861], [-0.3912930500597331, -0.48409894301377876, 0.012017477161394584, 0.15548563625806253, -0.18101643758533323, -0.6931142783408452, 0.0164249104180769, -0.09966586312216394, 0.38702933287327784, 0.5383927297514142, 0.5229480068891789, 0.008581457808734032]], "inverted": false, "swapped": false, "error_lsq": 0.03906983949369993, "error_max": 0.19972229090329255, "target": "690.xyz", "model": "27.xyz", "model_rescale": 4.103607728864725, "target_rescale": 3.642191281478083},
{"mapping": [1, 2, 7, 0, 8, 4, 13, 12, 5, 11, 10, 14], "R": [[-0.3381253319309815, -0.7349946744411111, -0.5877534248728533], [0.6421441945087962, -0.6367496654615507, 0.4268497358477017], [-0.6879840792963257, -0.23309374096660876, 0.6872737551783704]], "T": [0.08547502095990356, 0.015986290513568428, 0.21941708118605996], "aligned_model": [[-0.0686732580867882, 0.43631016328155925, -0.5630726052609726, 0.37571457662961033, -0.5823657203464512, -0.07872320314100464, -0.04286970043395938, 0.6954811637521059, -0.22613113467530094, -0.41820270197704335, 0.34988162815982765, 0.10733053687630859], [-0.5688035953477762, 0.018625799164665006, -0.27384874267448306, -0.5859433555911516, 0.16753683571662015, 0.28644422996245544, 0.602950996065037, 0.5186314400923101, -0.6319593093222303, 0.38726576174170485, 0.12423053875753251, -0.08008208522804885], [-0.4417333778896996, -0.42728875776879705, 0.09506726967220515, -0.031846609876824306, -0.2314722104439989, -0.6299949115039934, -0.023219684125610485, -0.11604376076942002, 0.35435600739174905, 0.5031802555425912, 0.6414924359473589, 0.09919432286272395]], "inverted": false, "swapped": false, "error_lsq": 0.04383049771702858, "error_max": 0.23781952699312128, "target": "690.xyz", "model": "28.xyz", "model_rescale": 4.137296879288765, "target_rescale": 3.642191281478083},
{"mapping": [4, 2, 8, 3, 10, 9, 6, 0, 1, 5, 11], "R": [[-0.6080207254632242, 0.764625288291283, 0.21367958702844547], [0.7915989120500824, 0.5633011357166675, 0.23677625079690434], [0.06067915497352029, 0.3131133964010244, -0.9477753115300666]], "T": [0.02179988983825576, 0.07136851707335591, -0.008604724005150385], "aligned_model": [[0.45771303790372786, 0.18654201877321247, -0.21492034545114275, -0.5920711822184365, 0.01919852137599451, 0.511765846988097, 0.644542899514219, -0.36062703114055045, -0.44372398360950893, 0.06132032176980878, -0.04832109319552244], [-0.3460674917073053, -0.6316554782167133, -0.3353807708012443, 0.09646681255221706, 0.6857336316099736, 0.12312741812551799, 0.2588485069114704, -0.425650255748532, 0.3045305938880962, 0.09685694643507804, 0.09233790359939362], [0.3512225129185682, -0.1456901321038208, -0.7088272202858608, -0.25949221843945586, -0.46117277794672573, -0.5517401379926831, 0.14341979507774535, 0.3657606215754073, 0.42121442879864246, 0.6732036060592799, -0.02214445587809801]], "inverted": false, "swapped": true, "error_lsq": 0.04736080399475897, "error_max": 0.25532098844272183, "target": "690.xyz", "model": "29.xyz", "model_rescale": 3.607286011436655, "target_rescale": 3.642191281478083},
