[{"mapping": [4, 0, 2, 10, 1, 8, 5, 9, 6, 7, 12, 13], "R": [[-0.012274904859738867, -0.6190324967719942, 0.7852694407978164], [-0.9925271805932736, -0.08780691766298881, -0.08473335231237128], [0.12140478777318336, -0.7804413579191944, -0.6133287571563821]], "T": [-0.03104487832712685, -0.005498038978446737, 0.04129653696826755], "aligned_model": [[-0.2578190775464927, 0.18622180320242154, 0.32399715261140916, -0.34428830916385345, 0.11255273361144566, -0.535871836306329, 0.5111432506939511, -0.3244562906447931, 0.69461181834583, 0.07760314086748385, -0.5720409211614674, -0.03401100204905682], [-0.08069327907929234, -0.6652180041870172, -0.3377252036044928, 0.6699707028924629, 0.3513535290488658, -0.5636103211532258, -0.10709931780420995, -0.4981445077807593, 0.030000080795002736, 0.2665543697965211, 0.06949451622676574, -0.08132752917356326], [-0.5087221014246743, 0.15875303056741058, -0.5267390788804968, 0.042887930170540524, -0.7348705799462091, -0.13542152608106794, 0.4482324715246713, 0.6856917615855538, -0.18570911676523863, 0.45386380851723723, 0.48946599804698293, -0.0054808519611474]], "inverted": true, "swapped": true, "error_lsq": 0.05216616192633238, "error_max": 0.24116484410266448, "target": "691.xyz", "model": "0.xyz", "model_rescale": 3.751011558992144, "target_rescale": 3.9421050533682},
{"mapping": [0, 6, 1, 10, 7, 8, 4, 5, 3, 2, 9, 12, 13, 14], "R": [[-0.10580529886925952, 0.03414854372196563, -0.9938003399540856], [0.9827794281533673, 0.1558483910240383, -0.09927675767146826], [0.15149202728106737, -0.9871905368148985, -0.05005007186193525]], "T": [0.04709945367096372, -0.044047289093507976, -0.07059831046352384], "aligned_model": [[-0.6932050037186329, 0.24372807952589273, -0.33663862203451095, 0.7934054169142267, -0.1865509042915555, -0.1630553981813034, 0.2168942860365371, 0.19904260364789694, -0.43900986400594855, -0.49211400046291237, 0.5672329132362428, 0.13041948847775756, 0.043905223310676256, 0.07662605315139628], [-0.2013963267310367, -0.5157534811381602, -0.15050477312168148, 0.1990888851744207, -0.6383903167870097, 0.5656992981583536, 0.37754957319314675, 0.43235815277393425, -0.3750159911938055, 0.357871040055493, -0.004141063798918543, -0.670583578601321, -0.007625356122293071, -0.07819439598969283], [-0.12251275183703565, -0.6206493964103446, -0.6425226435567107, -0.30801347029701376, -0.24903849498862568, -0.22700256142088326, -0.7179002265133704, 0.30361711029007726, 0.41680638689843874, 0.4104927511487223, 0.331966341185979, 0.3198951642665767, 0.6547743096370865, -0.039518293457252204]], "inverted": true, "swapped": false, "error_lsq": 0.05071897778254537, "error_max": 0.3719788938692076, "target": "691.xyz", "model": "1.xyz", "model_rescale": 3.9405287249114394, "target_rescale": 3.9421050533682},
{"mapping": [1, 11, 4, 7, 12, 2, 3, 10, 0, 0, 5, 6, 13], "R": [[0.4590085889272478, 0.2630342955216479, 0.8486012459750736], [0.709607983263181, -0.6832708858302511, -0.1720389684516426], [0.5345723761850945, 0.6811415829004823, -0.5002784411341822]], "T": [0.049308658206020206, -0.09989274026917111, -0.04768781363825833], "aligned_model": [[-0.3457703505676557, 0.278731360852876, -0.24770518467150565, 0.42142903019118944, 0.6602568733056855, -0.690991280526108, -0.0005969758879497133, 0.5782442516030291, -0.34340179668110987, -0.34340179668110987, -0.003938310955566446, -0.44456573652909187, -0.0223068041687514], [0.6473997914966181, 0.3809759943753973, 0.314779631047137, -0.2579807041952601, -0.22652992499003916, 0.003559722790219544, 0.34582706936668517, 0.41176271757798427, -0.6611379521473699, -0.6611379521473699, -0.6102269423360251, -0.11555171596613587, -0.11290714129982447], [0.1416931725531489, -0.5998238916212281, -0.3630145739220446, 0.2565543319692476, -0.37914183677678426, -0.02903889620963271, 0.6054661568244459, 0.0655280475841375, -0.21204590456293546, -0.21204590456293546, 0.4068574584959853, 0.5312873183543714, -0.09915512853713199]], "inverted": false, "swapped": true, "error_lsq": 0.055910059313181014, "error_max": 0.3947433489406864, "target": "691.xyz", "model": "2.xyz", "model_rescale": 3.932901565614263, "target_rescale": 3.9421050533682},
{"mapping": [10, 0, 1, 4, 3, 6, 2, 5, 11, 12, 7, 8, 9, 13], "R": [[-0.9344780081189022, -0.23922062597987462, -0.2636746943639567], [0.22149517020830037, -0.9704759529627413, 0.09547939199353783], [-0.27873059020589225, 0.030820720738758918, 0.9598746487206643]], "T": [0.006404520668998862, -0.15139223359163242, -0.038336686426419214], "aligned_model": [[-0.6680723164375572, 0.3481365727320901, -0.3393822907966771, 0.6725542135424278, 0.10701457857824327, -0.17381031216871348, 0.13844688821334236, 0.21336648345612044, -0.701167502957633, -0.35146324665006556, 0.6377050143085352, 0.010956265011991937, 0.10692673468356607, -0.040530809909908115], [0.08973165271553318, -0.3264174245452007, -0.23970673862944925, 0.29353230288173304, -0.6458233848077943, 0.4857559183268081, 0.273760008725777, 0.46909208114633383, -0.6307687556309176, 0.40000528581593586, -0.1671540504448497, -0.6661138948048094, 0.00886528104888859, -0.05379661592655982], [-0.04759454579550093, -0.5874593651307526, -0.6874904818620463, -0.38692404716454565, -0.11644514330388163, -0.2064351909228895, -0.7426166287817749, 0.25993440968938897, 0.22098681784162913, 0.350277835773644, 0.29476059547048505, 0.48494872196301064, 0.6715969392596008, 0.0028543079092771192]], "inverted": false, "swapped": false, "error_lsq": 0.042926346679629655, "error_max": 0.3428734887223144, "target": "691.xyz", "model": "3.xyz", "model_rescale": 3.9243930471874484, "target_rescale": 3.9421050533682},
{"mapping": [6, 7, 1, 2, 4, 5, 0, 3, 11, 12, 8, 9, 13], "R": [[0.1929603575577587, -0.8554569683112381, -0.48058264198671186], [0.5014956733411, -0.3349994183258373, 0.7976700316180292], [-0.843367292483731, -0.3949288101532944, 0.3643663607957856]], "T": [-0.03542914264550536, -0.005994546758408013, -0.13432439478864094], "aligned_model": [[0.08233956885789431, -0.43783037165581956, 0.7352246821825815, 0.446220163177134, 0.5350676389490604, -0.5255021724797337, -0.23369508367944972, 0.1939661524477608, 0.3583986646134192, -0.3905246107015326, 0.1721664077042104, -0.6640152837436584, 0.0053901306394858045], [-0.6254157090476908, 0.11874518147357946, -0.06313640729988321, -0.5726838135805535, 0.049586727899461704, -0.44124419224616235, -0.5197603724029132, -0.08197551512732107, 0.5954025764806985, 0.5567276263912805, 0.0832036820641483, 0.08036550049127592, -0.05198573141433336], [-0.5607247689204626, -0.4145776906481806, -0.5257655770741059, -0.05704946618785822, 0.041872961158272104, -0.3350077610041426, 0.3049552021789508, -0.8888915032568911, 0.1339011137824614, 0.10317809352247481, 0.6049432254103653, 0.4500191780087021, -0.06978269159862119]], "inverted": false, "swapped": true, "error_lsq": 0.058407600781995354, "error_max": 0.5040712383177308, "target": "691.xyz", "model": "4.xyz", "model_rescale": 3.8936222436046832, "target_rescale": 3.9421050533682},
{"mapping": [9, 0, 8, 12, 4, 2, 6, 1, 10, 7, 11, 13], "R": [[0.7175994280699322, 0.2852330008440027, 0.6353685513646635], [0.36608253716594785, -0.9305724705033517, 0.0042957098867297955], [0.5924817607452978, 0.22951473236115727, -0.7721970932432585]], "T": [-0.02112151025585436, -0.12603302610971603, 0.03223871918482563], "aligned_model": [[0.019559854996787238, -0.5494790163273868, -0.3971704254526303, 0.4432089630031302, -0.2983602999549568, -0.6935987706020941, -0.33979236733308177, -0.19146106510501892, 0.6123107495410567, 0.3767078978900688, 0.15037057850131358, -0.10474805694209059], [-0.5912056694472058, -0.5272026449124722, 0.14255280154636626, -0.1380720072052142, 0.405593179584952, 0.012442292790614456, -0.35887195672849925, 0.4881881271835269, 0.24332135019144904, -0.42865886881739934, 0.5306197728186015, -0.10978347189491224], [-0.6930167144541037, -0.20468437807204154, -0.5874529116981557, -0.5001227577079695, 0.021580621329141604, 0.3283689504915506, 0.6830875818239955, 0.6188523228783046, 0.16155583984219396, 0.11083910142476733, -0.325701681178394, 0.0059787445962294]], "inverted": false, "swapped": true, "error_lsq": 0.050612421979561756, "error_max": 0.39471313188204316, "target": "691.xyz", "model": "5.xyz", "model_rescale": 3.6523030999806103, "target_rescale": 3.9421050533682},
{"mapping": [9, 0, 8, 12, 11, 5, 2, 7, 6, 3, 1, 10, 13], "R": [[-0.27013459091158526, 0.38111607166323247, -0.8841820189944015], [0.07002393068806467, 0.9236676582826719, 0.37674222775473176], [0.960272852851742, 0.0398572071599467, -0.2762018303947052]], "T": [0.0865128885629347, -0.054299671261025494, 0.032827672031932036], "aligned_model": [[0.34262559564332196, -0.2942001466980706, 0.34420118122292054, 0.706231809797873, 0.7161822731196994, -0.3612147515771109, -0.4658911423154588, 0.1575124494401144, -0.6232685713541115, -0.18255916179175624, -0.10071483626049611, 0.5863101512199311, 0.05586805421743857], [-0.4911074284389697, -0.10483343822329974, 0.3540270334419089, -0.3410608513989958, 0.38397510140333263, -0.569747167307339, 0.44397102692682805, -0.5232600817426716, -0.047472834889529546, -0.04885010315437995, 0.5730803175355104, -0.09238837228972696, 0.00449370230051549], [0.73114083254971, 0.6233657270844579, 0.6365121068794841, 0.21413666731758083, 0.02035951832810396, 0.09399531885533541, 0.10812901011963669, -0.14342173790940532, -0.24200500110559298, -0.7123819387976076, -0.5343926007479142, -0.5177483425508647, 0.0924201794588646]], "inverted": true, "swapped": true, "error_lsq": 0.04553921778995048, "error_max": 0.24661888204684113, "target": "691.xyz", "model": "6.xyz", "model_rescale": 4.08911054899281, "target_rescale": 3.9421050533682},
{"mapping": [5, 3, 4, 9, 6, 10, 8, 11, 7, 12, 1, 2, 13, 14], "R": [[0.04425513172651396, 0.9779328707164733, -0.2041783134618032], [0.39966868936776695, -0.2046416498674386, -0.8935248927022592], [-0.9155907503109237, -0.042060617111142284, -0.3999055919005255]], "T": [-0.001125039843694873, -0.05548850816549585, -0.032916674740671864], "aligned_model": [[-0.7471555461799368, 0.2844709174125572, -0.33468619874723254, 0.7108520700443015, -0.022710714314673378, -0.2652831409573752, 0.1280224719502325, 0.20353888979755203, -0.5179329110568076, -0.39244281356232136, 0.6310525785651231, 0.1652429503289144, -0.03346045532248053, 0.15117217364790936], [0.0004836818324687256, -0.44303193767032506, -0.16268253461761037, 0.14110574368720172, -0.5404250100921787, 0.591217912592477, 0.2738732232264838, 0.4515730653226508, -0.5265081349826538, 0.370682129789464, -0.1727642274815494, -0.6950629232903227, -0.005446880211622394, 0.007947557766945244], [-0.17716239268699532, -0.6611654118761267, -0.6445504570533945, -0.29558871939294196, -0.14916474659659823, -0.20973918877214204, -0.6160039266823505, 0.18046631322388967, 0.2992566233172045, 0.38331752054865975, 0.3199911365886501, 0.42904198429162343, 0.6967029376116577, -0.04500744757549176]], "inverted": true, "swapped": false, "error_lsq": 0.03894510996199198, "error_max": 0.28394673381137814, "target": "691.xyz", "model": "7.xyz", "model_rescale": 3.964800864290218, "target_rescale": 3.9421050533682},
{"mapping": [2, 11, 4, 9, 6, 7, 12, 8, 0, 1, 10, 3, 5, 13], "R": [[0.31133256125772907, 0.0007769918333723758, -0.9503007064000288], [-0.809628012266203, 0.5238072163019234, -0.2648178277682751], [0.49756860637964306, 0.8518364845636288, 0.16370731661015941]], "T": [-0.059242878873950335, -0.09016563504203307, -0.0264713246460088], "aligned_model": [[-0.6702369018683034, 0.44398975116448086, -0.24197085358306555, 0.5318455625943915, -0.050248138568776725, -0.3215876848590091, 0.10325859132670095, 0.321527199482892, -0.6239788513227328, -0.5007753741896044, 0.7087008345480454, -0.09486154064651167, 0.35729943575844325, -0.002281758231187689], [-0.04597693307661799, -0.3797467404807335, -0.34379507745605536, 0.20180649418464597, -0.6417891931488218, 0.5602382202890588, 0.36137469472309264, 0.5304936763854053, -0.4150225785885672, 0.34836978598220947, -0.2218970991160342, -0.6421974635285628, 0.02402457787994758, -0.044920698177538326], [-0.27815046608979177, -0.618107215994044, -0.65684897987603, -0.22452045215224278, -0.20573751768582194, -0.148958845254547, -0.6098918762781895, 0.22021419980531215, 0.27135516876026206, 0.3928801165817724, 0.23437975814988046, 0.44252213690090636, 0.6894363637900784, 0.0018218342880995803]], "inverted": true, "swapped": false, "error_lsq": 0.050769331289538026, "error_max": 0.3443288183564735, "target": "691.xyz", "model": "8.xyz", "model_rescale": 4.121658175737393, "target_rescale": 3.9421050533682},
{"mapping": [6, 7, 10, 1, 5, 0, 12, 8, 11, 9, 2, 4, 13], "R": [[-0.3588408304969237, 0.7612511538618094, -0.540120300592694], [-0.13167468454448958, 0.5315874173683552, 0.8367057996367371], [0.9240644110766238, 0.37136437421985713, -0.09051776478629292]], "T": [-0.0685783236867493, -0.046233267306045135, -0.11658410444950484], "aligned_model": [[-0.6336692968775719, -0.20063387509120956, 0.43636361529018186, 0.16087646776166586, -0.7103863161049657, -0.5192072308555221, 0.3012423832942561, 0.2483434036151675, 0.6858819070906771, -0.16967968455290178, -0.32218588458462455, 0.27680386323160816, -0.07701185578156398], [0.4076997333418749, -0.3963336906661695, -0.14211625273029174, 0.7385037327514871, -0.2530299327297212, -0.09416160139087268, -0.6466416973972037, -0.05310979992828422, -0.008592684973281452, -0.7577307650395042, 0.6026710382772565, 0.3972753896376404, -0.004046029741220612], [-0.3489337282963254, -0.4572007271426166, -0.6553067530431089, -0.40283058662773585, -0.23989380391166487, 0.4227374453721169, -0.07300854586732916, 0.5884564496236983, 0.017939914951474067, 0.3604754632789255, 0.15489444124424023, 0.09225214796021242, -0.03850628358279766]], "inverted": true, "swapped": true, "error_lsq": 0.048597872139900626, "error_max": 0.30782485036094415, "target": "691.xyz", "model": "9.xyz", "model_rescale": 3.833441315466971, "target_rescale": 3.9421050533682},
{"mapping": [3, 1, 4, 12, 5, 7, 6, 11, 2, 9, 10, 13, 8, 14], "R": [[0.8247062066659979, -0.5519831889263763, -0.12318373199919364], [0.5156991266660597, 0.8233645984275341, -0.2369074688821128], [0.23219406418434585, 0.13185331698116, 0.963691143135923]], "T": [0.09602013083272307, -0.05105920023184027, -0.08461890889545552], "aligned_model": [[-0.7527562085226592, 0.50161705518411, -0.41471871317284925, 0.5933487059613664, -0.13381549096086962, -0.18979686729489673, 0.12425569542420208, 0.3414467435176083, -0.4409176884448145, -0.47549278683352814, 0.6810774759470122, 0.034420223594044924, 0.08084961607187569, 0.011162511135161077], [0.1218764596460917, -0.44024765505629226, -0.1608780902018179, 0.16364984354143655, -0.6664559776745929, 0.54711834235147, 0.07827179824297939, 0.5402719004029723, -0.38947520726456675, 0.14505095208347188, -0.03368598875049869, -0.7452417358071165, 0.15757727069946278, -0.026870246341570935], [-0.14781568919867516, -0.5638186736093751, -0.6871122488751209, -0.3484074078738064, -0.24554620532101096, -0.018239334385488512, -0.7507313722007312, 0.15081768182827843, 0.2527572007227908, 0.45651316336804326, 0.4925814185217372, 0.3026827824836572, 0.6662472848141578, -0.049534375328812635]], "inverted": false, "swapped": false, "error_lsq": 0.04404592999676667, "error_max": 0.21363684216348258, "target": "691.xyz", "model": "10.xyz", "model_rescale": 4.2482417240324, "target_rescale": 3.9421050533682},
{"mapping": [5, 6, 2, 1, 9, 8, 0, 11, 3, 12, 7, 13], "R": [[0.28779223891475075, -0.9308393529556731, -0.22519708303949842], [-0.3973332336389063, -0.33000552377823517, 0.856284214336515], [-0.871379325360939, -0.1569536659811308, -0.46482643865059814]], "T": [-0.0053452434941053725, 0.0773358281973473, -0.11103066400043318], "aligned_model": [[-0.6047961517422922, -0.081835956581786, 0.3036704445595888, 0.7019489886899744, -0.5599024849718877, 0.2502976214311211, -0.3189378427454783, 0.5505430601717471, 0.16154489041681805, -0.18047264818044306, -0.3691853792117809, 0.023891060527425394], [-0.2364639376393991, -0.646542038237518, -0.2985466309639315, -0.4196038372440551, 0.7123593923930578, 0.6623358775678462, 0.15431996820339394, 0.562204902661262, -0.6016705441783793, 0.6695224130567703, 0.01644095384454569, 0.09177487058704684], [-0.0011400024093400213, 0.11149872744658362, 0.4566980343693767, -0.16746245616994734, 0.07130787951663878, 0.3248483543912767, 0.5150399351883183, -0.32225078504688864, -0.4836764202136099, -0.45425349013903615, -0.4573554085207113, -0.028062078558303935]], "inverted": false, "swapped": true, "error_lsq": 0.04531618713039707, "error_max": 0.28593721501661606, "target": "691.xyz", "model": "11.xyz", "model_rescale": 3.6694154284099745, "target_rescale": 3.9421050533682},
{"mapping": [0, 8, 3, 11, 2, 6, 4, 6, 12, 5, 9, 10, 7, 13], "R": [[-0.4923056874357802, -0.19229592386549413, -0.8489154185094651], [-0.3540684270413731, 0.9351968757221615, -0.006507888440651061], [0.7951544875625313, 0.29737027643028513, -0.5284886560797156]], "T": [-0.053148882048836374, -0.0809490480420513, -0.015009393996298425], "aligned_model": [[-0.6459270492042527, 0.478554616620927, 0.002026297338547603, 0.5510794780274525, -0.11798717151051953, -0.029942586968999582, -0.11138905010095605, -0.029942586968999582, -0.5442302264315393, -0.44374924761021, 0.7002822775038898, 0.09761860752551756, 0.20523706438632505, -0.15095015100142006], [0.27574696114929087, -0.4677723866555217, -0.35189998082186724, 0.26707247257294975, -0.6845907318693646, 0.48107155048438477, 0.22588054839812785, 0.48107155048438477, -0.4331918148578434, 0.32313445419519427, -0.23705980291669784, -0.5620101105278809, 0.018571299370147634, -0.0450623431338752], [-0.19422955468223654, -0.3895183331651133, -0.8303560639524824, -0.2575331226815866, -0.25527234819050154, 0.04372005478643867, -0.6859358663641054, 0.04372005478643867, 0.2956876396099488, 0.5583305314577771, 0.21446214436432576, 0.3714853738284344, 0.6745540342721279, -0.07872031912382087]], "inverted": true, "swapped": false, "error_lsq": 0.053707239260343556, "error_max": 0.3275116943610549, "target": "691.xyz", "model": "12.xyz", "model_rescale": 3.9764082729961374, "target_rescale": 3.9421050533682},
{"mapping": [5, 10, 12, 11, 1, 6, 13, 14, 0, 4, 3, 2, 7, 15], "R": [[-0.6720820449251819, 0.13655966096849956, 0.7277755037684044], [0.578205194598037, 0.7107804303768861, 0.4005869852267985], [-0.4625845628952965, 0.6900308969817348, -0.5566622704850315]], "T": [-0.056922233910765285, -0.07498605968796092, -0.07736833216528233], "aligned_model": [[-0.8677351448765449, 0.43794397578700056, -0.1997303614658518, 0.6970802019372877, -0.01442019206343359, -0.2267417710007592, 0.06599183306454404, 0.41271516145858367, -0.5099161103088561, -0.40984091896701924, 0.6020034692681269, 0.03248500857614295, -0.025571722095470206, -0.03358315770798798], [0.13785476551930825, -0.48833507778041474, -0.2505424491785866, 0.048255007451143236, -0.672025599176059, 0.6669331789620143, 0.2754006239995551, 0.5701856922664711, -0.3913963302324497, 0.2515959693622628, 0.12248502807803012, -0.7656362299341345, -0.20224671905730185, -0.011566194408409974], [-0.08762076460866358, -0.557365126633367, -0.6740251244349205, -0.29378613377833884, -0.28964160647847315, -0.1435194760919989, -0.563785694335829, -0.12211391212366585, 0.3935764864090979, 0.45616358048740197, 0.40767345417928674, 0.311563797178564, 0.6668464008982267, 0.006428344278324158]], "inverted": false, "swapped": false, "error_lsq": 0.05278130632340892, "error_max": 0.39902147052155834, "target": "691.xyz", "model": "13.xyz", "model_rescale": 4.170626492500431, "target_rescale": 3.9421050533682},
{"mapping": [3, 7, 1, 10, 0, 11, 9, 12, 2, 6, 8, 4, 4, 13], "R": [[-0.8644674746225568, -0.2157663684453745, -0.45402737755293354], [0.5026785108359265, -0.3652767384166876, -0.7835095526638091], [0.0032093711961124205, -0.9055483303609818, 0.4242309763760349]], "T": [-0.04559587278095833, -0.05437739594511312, -0.03348962739597852], "aligned_model": [[-0.6813513739637748, 0.4855996163662337, -0.1999326504780575, 0.4055981841883548, -0.08124322359750583, -0.21570270517292553, -0.007388704468316291, 0.4676967299582596, -0.4771009299227644, -0.6065999765518084, 0.6389842715446148, 0.15364542106123566, 0.15364542106123566, -0.07516980841901888], [0.08057154102032935, -0.4594219984090778, -0.31338296434870594, 0.18490924459517788, -0.6264789243623478, 0.6221170469764535, 0.35463277815583394, 0.3240473823797345, -0.4532906297936733, 0.38147849157598224, -0.2817200521285074, -0.2807412147697568, -0.2807412147697568, 0.03898217974974322], [-0.263874808250925, -0.4930546665507123, -0.7405332925831819, -0.2732689667672908, -0.1986789554117695, -0.14785127044536772, -0.7317426819795735, 0.32571993860855064, 0.262489738029848, 0.4168361523408146, 0.14320682270865664, 0.6084803555068306, 0.6084803555068306, -0.005814495767065782]], "inverted": true, "swapped": false, "error_lsq": 0.05755382970638439, "error_max": 0.42510209254046605, "target": "691.xyz", "model": "14.xyz", "model_rescale": 3.9786697098870705, "target_rescale": 3.9421050533682},
{"mapping": [12, 7, 11, 8, 10, 1, 5, 6, 4, 0, 3, 13], "R": [[0.3219362499540601, 0.9428576578605902, 0.08588648309926025], [-0.8560841360072838, 0.2511610268812386, 0.45170575671849045], [0.404322894531313, -0.21894651307934618, 0.8880233225361913]], "T": [0.0007253757990227858, -0.08609654625923728, -0.019333933645026214], "aligned_model": [[-0.08445780733936775, -0.4764149542970295, 0.526135108252374, 0.6243602157889953, -0.11419851229448894, 0.36155362397005303, -0.5446604205404778, -0.22115092639067033, 0.561690061137489, 0.06990365707107202, -0.2877899766701193, 0.06838452807950685], [-0.398961028042199, -0.08661012079469921, 0.02997536757478321, -0.5305656506482942, 0.3804718816354337, 0.6735489999100258, -0.28737593801552647, 0.22510580022790266, 0.12434038604615973, -0.6290537536183428, 0.6333836306473867, -0.11958508469819083], [-0.6470409583717683, -0.18775453922986185, -0.566321766161507, -0.1246698364467562, -0.5880943425842575, 0.18836856668746998, 0.34388580914031364, 0.6389162701743577, 0.005890726313900415, 0.42411066003417464, 0.1445989690174968, 0.028076935300267555]], "inverted": true, "swapped": true, "error_lsq": 0.05030883826020808, "error_max": 0.2976910600207233, "target": "691.xyz", "model": "15.xyz", "model_rescale": 3.769337070930944, "target_rescale": 3.9421050533682},
{"mapping": [10, 3, 12, 7, 11, 1, 8, 2, 0, 5, 13], "R": [[-0.5139985862523238, -0.8409065881708403, -0.1693563205241816], [-0.49815888887870285, 0.1318998738465842, 0.8569948335377474], [-0.6983145242380032, 0.5248604893208594, -0.4867014402979708]], "T": [-0.04059987099040384, 0.09943946220475519, 0.030413214957473934], "aligned_model": [[-0.3224972916792868, -0.40234260290581747, -0.1850996878326885, -0.5340417966999871, 0.3576471310956872, 0.23088997208596224, 0.6154833745730739, 0.41469255751477, 0.1866110988092996, -0.4772960234549792, 0.0385793991851372], [0.010575756813117843, -0.5859061525031641, 0.7006914016484497, 0.20719757829833912, 0.2717157040288873, -0.667554297491821, 0.5082350301434874, -0.3677816527670749, 0.3212110023021777, 0.09759184559931414, 0.10008828155362923], [-0.6529747325601712, -0.13454258049796813, -0.3113065178499112, -0.00011403707273455882, -0.6023932221868284, -0.26692925901861975, 0.02728122687845929, 0.39579989751644207, 0.6592405604918111, 0.5587887430425819, 0.0713675284807162]], "inverted": false, "swapped": true, "error_lsq": 0.04954067712132335, "error_max": 0.297889698430301, "target": "691.xyz", "model": "16.xyz", "model_rescale": 3.7852294659196426, "target_rescale": 3.9421050533682},
{"mapping": [6, 1, 10, 3, 2, 4, 8, 11, 7, 5, 0, 12, 13], "R": [[0.28665039804074827, 0.7561684757869941, 0.5882523145122801], [-0.9274030920722726, 0.06498984379200995, 0.36837457162333864], [0.24032281231266547, -0.6511417329812796, 0.7199023471640216]], "T": [0.08302218031432419, 0.1405806758858381, 0.007547888354011142], "aligned_model": [[-0.1036994631503519, -0.48365537153379445, 0.352143427475755, 0.10116552477275471, -0.5670809193967118, -0.4531984497115459, -0.3074231782307615, -0.1324357816514899, 0.5710661959033443, 0.42035996719714014, -0.07165220212983435, 0.5184257372005686, 0.00975036347120993], [-0.16812502659768536, -0.5142334995906088, -0.3740352337316586, -0.6112603456758036, 0.12055262331122413, 0.05198466572496421, 0.6963855154530857, 0.10131510197308705, 0.03250369526780636, 0.247549179141964, 0.7126155698742607, 0.3896588447061044, 0.1901445338461341], [-0.6626797907795346, 0.029766280822118282, 0.47351593514927076, -0.24179670752957752, -0.36131391554723086, 0.26096364765730956, 0.37660378266950645, 0.7429116394253513, -0.07094455622997255, -0.5795199090900738, -0.37334998084643156, 0.5050820841739151, -0.003483812731476175]], "inverted": false, "swapped": true, "error_lsq": 0.042399373607918865, "error_max": 0.25209639045653925, "target": "691.xyz", "model": "17.xyz", "model_rescale": 3.901054581598922, "target_rescale": 3.9421050533682},
{"mapping": [0, 6, 1, 10, 7, 8, 4, 5, 3, 2, 9, 12, 13, 14], "R": [[-0.10580529886925952, 0.03414854372196563, -0.9938003399540856], [0.9827794281533673, 0.1558483910240383, -0.09927675767146826], [0.15149202728106737, -0.9871905368148985, -0.05005007186193525]], "T": [0.04709945367096372, -0.044047289093507976, -0.07059831046352384], "aligned_model": [[-0.6932050037186329, 0.24372807952589273, -0.33663862203451095, 0.7934054169142267, -0.1865509042915555, -0.1630553981813034, 0.2168942860365371, 0.19904260364789694, -0.43900986400594855, -0.49211400046291237, 0.5672329132362428, 0.13041948847775756, 0.043905223310676256, 0.07662605315139628], [-0.2013963267310367, -0.5157534811381602, -0.15050477312168148, 0.1990888851744207, -0.6383903167870097, 0.5656992981583536, 0.37754957319314675, 0.43235815277393425, -0.3750159911938055, 0.357871040055493, -0.004141063798918543, -0.670583578601321, -0.007625356122293071, -0.07819439598969283], [-0.12251275183703565, -0.6206493964103446, -0.6425226435567107, -0.30801347029701376, -0.24903849498862568, -0.22700256142088326, -0.7179002265133704, 0.30361711029007726, 0.41680638689843874, 0.4104927511487223, 0.331966341185979, 0.3198951642665767, 0.6547743096370865, -0.039518293457252204]], "inverted": true, "swapped": false, "error_lsq": 0.05071897778254537, "error_max": 0.3719788938692076, "target": "691.xyz", "model": "18.xyz", "model_rescale": 3.9405287249114394, "target_rescale": 3.9421050533682},
{"mapping": [13, 8, 7, 5, 0, 11, 9, 10, 12, 14, 2, 1, 3, 15], "R": [[0.5579844344362128, -0.19007124245312637, -0.8077909963098282], [0.7752309674204361, 0.4667061343601992, 0.42567867142121996], [0.2960917392959064, -0.8637466682673138, 0.4077638715946283]], "T": [-0.09996545697660493, -0.1554385947823096, -0.049669681835304576], "aligned_model": [[-0.6073454868033522, 0.34489488970456644, -0.3038402747806804, 0.5918606182105917, 0.0849839598073789, -0.04507379204570007, -0.037621595233383084, 0.1811075153772002, -0.4956420073400557, -0.4816385340950748, 0.6950067092521882, 0.20803707859075216, -0.10509056254503442, -0.06895824649363425], [0.2492210712615906, -0.45796701532952105, -0.23981251180532562, 0.11153491315612057, -0.8085697663655058, 0.5564712728908158, 0.2553785516083114, 0.4012445855686103, -0.3541987393009145, 0.3544792350595859, 0.07134765836167511, -0.5509271386956395, -0.16089874737548518, -0.13634170316288885], [-0.2232954442734155, -0.5815042258881282, -0.7182066290064323, -0.425654349752756, -0.1587001541518869, -0.14654303901137664, -0.6949234009961821, 0.4288758832607567, 0.2729346185898692, 0.39083960420579134, 0.21849544139935367, 0.37956530473595773, 0.8020183566509343, -0.03350774081684112]], "inverted": false, "swapped": false, "error_lsq": 0.044701763757733486, "error_max": 0.25133501344158493, "target": "691.xyz", "model": "19.xyz", "model_rescale": 4.410303926677745, "target_rescale": 3.9421050533682},
{"mapping": [2, 11, 4, 9, 6, 7, 12, 8, 0, 1, 10, 3, 5, 13], "R": [[0.31133256125772907, 0.0007769918333723758, -0.9503007064000288], [-0.809628012266203, 0.5238072163019234, -0.2648178277682751], [0.49756860637964306, 0.8518364845636288, 0.16370731661015941]], "T": [-0.059242878873950335, -0.09016563504203307, -0.0264713246460088], "aligned_model": [[-0.6702369018683034, 0.44398975116448086, -0.24197085358306555, 0.5318455625943915, -0.050248138568776725, -0.3215876848590091, 0.10325859132670095, 0.321527199482892, -0.6239788513227328, -0.5007753741896044, 0.7087008345480454, -0.09486154064651167, 0.35729943575844325, -0.002281758231187689], [-0.04597693307661799, -0.3797467404807335, -0.34379507745605536, 0.20180649418464597, -0.6417891931488218, 0.5602382202890588, 0.36137469472309264, 0.5304936763854053, -0.4150225785885672, 0.34836978598220947, -0.2218970991160342, -0.6421974635285628, 0.02402457787994758, -0.044920698177538326], [-0.27815046608979177, -0.618107215994044, -0.65684897987603, -0.22452045215224278, -0.20573751768582194, -0.148958845254547, -0.6098918762781895, 0.22021419980531215, 0.27135516876026206, 0.3928801165817724, 0.23437975814988046, 0.44252213690090636, 0.6894363637900784, 0.0018218342880995803]], "inverted": true, "swapped": false, "error_lsq": 0.050769331289538026, "error_max": 0.3443288183564735, "target": "691.xyz", "model": "20.xyz", "model_rescale": 4.121658175737393, "target_rescale": 3.9421050533682},
{"mapping": [9, 0, 8, 12, 11, 5, 2, 7, 6, 3, 1, 10, 13], "R": [[-0.27013459091158526, 0.38111607166323247, -0.8841820189944015], [0.07002393068806467, 0.9236676582826719, 0.37674222775473176], [0.960272852851742, 0.0398572071599467, -0.2762018303947052]], "T": [0.0865128885629347, -0.054299671261025494, 0.032827672031932036], "aligned_model": [[0.34262559564332196, -0.2942001466980706, 0.34420118122292054, 0.706231809797873, 0.7161822731196994, -0.3612147515771109, -0.4658911423154588, 0.1575124494401144, -0.6232685713541115, -0.18255916179175624, -0.10071483626049611, 0.5863101512199311, 0.05586805421743857], [-0.4911074284389697, -0.10483343822329974, 0.3540270334419089, -0.3410608513989958, 0.38397510140333263, -0.569747167307339, 0.44397102692682805, -0.5232600817426716, -0.047472834889529546, -0.04885010315437995, 0.5730803175355104, -0.09238837228972696, 0.00449370230051549], [0.73114083254971, 0.6233657270844579, 0.6365121068794841, 0.21413666731758083, 0.02035951832810396, 0.09399531885533541, 0.10812901011963669, -0.14342173790940532, -0.24200500110559298, -0.7123819387976076, -0.5343926007479142, -0.5177483425508647, 0.0924201794588646]], "inverted": true, "swapped": true, "error_lsq": 0.04553921778995048, "error_max": 0.24661888204684113, "target": "691.xyz", "model": "21.xyz", "model_rescale": 4.08911054899281, "target_rescale": 3.9421050533682},
{"mapping": [0, 12, 13, 10, 14, 6, 7, 8, 2, 1, 5, 15, 11, 16], "R": [[0.18226313349871573, 0.983175980852736, 0.01204744128392976], [-0.5209333465535209, 0.1069488820224774, -0.8468709376774549], [-0.8339116251832558, 0.14807743686464406, 0.5316619923182573]], "T": [-0.01643643412944666, -0.12125400558561739, -0.03986484455613312], "aligned_model": [[-0.5878011525408532, 0.32558352820771763, -0.22187093442461064, 0.6157647367405723, 0.12711080579294792, -0.000534876757206839, 0.028203785305618942, 0.06070902988350432, -0.5940834453453587, -0.48842869204842454, 0.6180749083729087, -0.06765314053297208, 0.19544579530425643, -0.04984007635233721], [0.34415615132438115, -0.44702725643586066, -0.30402784564670515, 0.1919299682466431, -0.7406480559363325, 0.6089536970548427, 0.20203640510132154, 0.41689119520480356, -0.4573134769031785, 0.12445195395504727, 0.11431215535001013, -0.6036477507280338, -0.046506839175184334, -0.11259863554032584], [-0.2786432828183408, -0.6071951191118228, -0.6407977488857582, -0.4314933513072987, -0.12685786868946144, -0.18855236934906078, -0.6717562507139422, 0.390495862651829, 0.23334165526467623, 0.5490751109374516, 0.15921552616402762, 0.50435950396828, 0.691853552248445, -0.07265099541338044]], "inverted": false, "swapped": false, "error_lsq": 0.048086210328266675, "error_max": 0.29101660878158103, "target": "691.xyz", "model": "22.xyz", "model_rescale": 4.204369325754507, "target_rescale": 3.9421050533682},
{"mapping": [13, 8, 7, 5, 0, 11, 9, 10, 12, 14, 2, 1, 3, 15], "R": [[0.5579844344362128, -0.19007124245312637, -0.8077909963098282], [0.7752309674204361, 0.4667061343601992, 0.42567867142121996], [0.2960917392959064, -0.8637466682673138, 0.4077638715946283]], "T": [-0.09996545697660493, -0.1554385947823096, -0.049669681835304576], "aligned_model": [[-0.6073454868033522, 0.34489488970456644, -0.3038402747806804, 0.5918606182105917, 0.0849839598073789, -0.04507379204570007, -0.037621595233383084, 0.1811075153772002, -0.4956420073400557, -0.4816385340950748, 0.6950067092521882, 0.20803707859075216, -0.10509056254503442, -0.06895824649363425], [0.2492210712615906, -0.45796701532952105, -0.23981251180532562, 0.11153491315612057, -0.8085697663655058, 0.5564712728908158, 0.2553785516083114, 0.4012445855686103, -0.3541987393009145, 0.3544792350595859, 0.07134765836167511, -0.5509271386956395, -0.16089874737548518, -0.13634170316288885], [-0.2232954442734155, -0.5815042258881282, -0.7182066290064323, -0.425654349752756, -0.1587001541518869, -0.14654303901137664, -0.6949234009961821, 0.4288758832607567, 0.2729346185898692, 0.39083960420579134, 0.21849544139935367, 0.37956530473595773, 0.8020183566509343, -0.03350774081684112]], "inverted": false, "swapped": false, "error_lsq": 0.044701763757733486, "error_max": 0.25133501344158493, "target": "691.xyz", "model": "23.xyz", "model_rescale": 4.410303926677745, "target_rescale": 3.9421050533682},
{"mapping": [6, 2, 5, 0, 4, 13, 12, 7, 9, 14, 1, 10, 11, 16], "R": [[0.19836347818951186, -0.23366768158884918, -0.951867293850068], [0.06405669401969968, 0.9721801984821616, -0.22530513005799885], [0.9780330620545638, -0.016281162737268387, 0.20781302477972108]], "T": [-0.06761071866292748, -0.1000996379280893, 0.037215961358434434], "aligned_model": [[-0.5962729421897485, 0.40769532059081526, -0.25537333315440613, 0.49372251761008945, 0.026816728712939344, -0.25853976190089123, 0.0211848488708061, 0.34548350526077487, -0.4437326780698615, -0.6002319068227743, 0.7157633660295165, 0.09328289813859966, -0.029940292996470837, 0.04082200152637397], [0.29787000988845824, -0.46791378879181533, -0.22782268083058904, 0.06094432509096108, -0.7030367320431131, 0.5742593767920701, 0.3639712640927625, 0.4092561118910921, -0.396307909221936, 0.18908979426342964, -0.09365795291506517, -0.6067350344918921, 0.040014030935242875, -0.14896914878817671], [-0.3369958805069028, -0.6495815857045234, -0.5493282043605533, -0.4416949394535514, -0.28127217140848576, -0.017305993329828136, -0.6131142469723897, 0.1460313048046203, 0.44121214363913835, 0.33860297542270296, 0.3873857740162449, 0.413005483959553, 0.6533901132331519, 0.020059451606467868]], "inverted": false, "swapped": false, "error_lsq": 0.044795621286100366, "error_max": 0.26256623306235327, "target": "691.xyz", "model": "24.xyz", "model_rescale": 4.28219845311461, "target_rescale": 3.9421050533682},
{"mapping": [0, 5, 1, 9, 8, 4, 3, 13, 6, 2, 12, 10, 14, 15], "R": [[0.2798840892189969, -0.5182983734529216, 0.8081037635589309], [0.9459048474967828, 0.004997639572115818, -0.3244056767086473], [0.16410032322984835, 0.8551852545938589, 0.49165970369870277]], "T": [0.08685903472199982, 0.03758781069891235, -0.0431664486532823], "aligned_model": [[-0.7251393019259814, 0.36718940294209257, -0.1953380619179136, 0.6925498053555107, -0.1264253452902349, -0.32442840754657365, 0.08789991954041479, 0.25493907460509113, -0.5934113983279162, -0.3376495986975211, 0.6772016678129656, 0.08230315311720968, 0.08721257318640388, 0.013776788752215885], [0.09590523089925576, -0.5732221397263052, -0.16479815238116524, 0.13224485173955142, -0.6026791314503059, 0.575379963713709, 0.2619056409053581, 0.4971174078447952, -0.4548305760381346, 0.27457259680665463, 0.08006205455764268, -0.6766749112546442, -0.2027750611384723, 0.04875389139348908], [-0.09619428867995479, -0.5662407933016048, -0.5810159809974352, -0.3278635136709675, -0.2059978736378658, -0.319338157945882, -0.7846013901485502, 0.29372835165809913, 0.28387086616321594, 0.43892343476440343, 0.44068416299961055, 0.30253982377777666, 0.6795853688797269, -0.04768578491492803]], "inverted": false, "swapped": false, "error_lsq": 0.044544069169236755, "error_max": 0.27456484828735717, "target": "691.xyz", "model": "25.xyz", "model_rescale": 4.100010024507729, "target_rescale": 3.9421050533682},
{"mapping": [5, 6, 2, 1, 9, 8, 0, 11, 3, 12, 7, 13], "R": [[0.28779223891475075, -0.9308393529556731, -0.22519708303949842], [-0.3973332336389063, -0.33000552377823517, 0.856284214336515], [-0.871379325360939, -0.1569536659811308, -0.46482643865059814]], "T": [-0.0053452434941053725, 0.0773358281973473, -0.11103066400043318], "aligned_model": [[-0.6047961517422922, -0.081835956581786, 0.3036704445595888, 0.7019489886899744, -0.5599024849718877, 0.2502976214311211, -0.3189378427454783, 0.5505430601717471, 0.16154489041681805, -0.18047264818044306, -0.3691853792117809, 0.023891060527425394], [-0.2364639376393991, -0.646542038237518, -0.2985466309639315, -0.4196038372440551, 0.7123593923930578, 0.6623358775678462, 0.15431996820339394, 0.562204902661262, -0.6016705441783793, 0.6695224130567703, 0.01644095384454569, 0.09177487058704684], [-0.0011400024093400213, 0.11149872744658362, 0.4566980343693767, -0.16746245616994734, 0.07130787951663878, 0.3248483543912767, 0.5150399351883183, -0.32225078504688864, -0.4836764202136099, -0.45425349013903615, -0.4573554085207113, -0.028062078558303935]], "inverted": false, "swapped": true, "error_lsq": 0.04531618713039707, "error_max": 0.28593721501661606, "target": "691.xyz", "model": "26.xyz", "model_rescale": 3.6694154284099745, "target_rescale": 3.9421050533682},
{"mapping": [7, 4, 8, 0, 10, 7, 5, 6, 9, 3, 2, 11, 12, 13], "R": [[-0.7109950795502058, -0.7031952414257908, 0.0015650212525621932], [0.2992710032768916, -0.30460298415781245, -0.9042421626089986], [0.6363354959870147, -0.6424433628564309, 0.4270171683535462]], "T": [0.013333022000561029, -0.04425635643079194, -0.08400672271465226], "aligned_model": [[-0.4807726402837537, 0.447304534297943, -0.3037408747955046, 0.5700606548806191, 0.03497403173816951, -0.4807726402837537, 0.04775644475402616, 0.28222548889087484, -0.5361062504425765, -0.49186895010678516, 0.6172107968756443, 0.17415678486740324, 0.015188195139778557, 0.06506469607367804], [0.32642886267651927, -0.48436526607353503, -0.33120630252263517, 0.1688425123426306, -0.6422332660303832, 0.32642886267651927, 0.45775412688823336, 0.39178556925735186, -0.34431050319296685, 0.3726055639711299, -0.2026200308960998, -0.6152008150260543, -0.07583616502687911, -0.05711148317240232], [-0.20475682645120102, -0.6257663043155001, -0.5588551878469465, -0.3696228252866128, -0.14602286719248767, -0.20475682645120102, -0.6945630283285449, 0.3728901060073343, 0.18608128216215036, 0.3890982624960436, 0.18503272759895406, 0.5359397360557036, 0.7089195584610366, -0.0632235819630845]], "inverted": false, "swapped": false, "error_lsq": 0.05267566621165081, "error_max": 0.4638240703287495, "target": "691.xyz", "model": "27.xyz", "model_rescale": 4.103607728864725, "target_rescale": 3.9421050533682},
