[{"mapping": [9, 10, 2, 4, 1, 11, 3, 13, 0, 5, 6, 14], "R": [[0.1059447542542114, -0.021531760127572755, -0.9941388697520201], [0.4730703492632214, -0.8782840687040955, 0.06943730487680273], [-0.8746314387752072, -0.4776541405309798, -0.08286355254044148]], "T": [-0.12851366244301624, -0.07490191357331406, 0.1492621560594421], "aligned_model": [[-0.16592931118976428, 0.14545783328881903, 0.47244452363659917, -0.11494439633621531, -0.1416337996023989, -0.542455685144783, 0.38253813769456524, -0.28196010779199754, 0.5675134904193463, 0.1516048763869012, -0.4969327887803886, -0.13806031012013387], [-0.332830151102271, -0.7073515032846494, -0.3820215094256191, 0.6609286671321636, 0.2969572992317204, -0.5793046321174409, -0.23640362257158326, -0.7274163624207708, 0.21480707676562033, 0.46841802239688063, 0.37469023307709237, 0.003081518295914243], [-0.6235083963881083, -0.025202532509604747, -0.4955142333799137, -0.007706045646151072, -0.5474449067489253, -0.06078511683215501, 0.441048451480897, 0.6739921785745986, -0.1004202828535074, 0.4626361842249928, 0.36730283013056336, 0.09755361530087667]], "inverted": false, "swapped": true, "error_lsq": 0.03925389772083938, "error_max": 0.21616471804521067, "target": "692.xyz", "model": "0.xyz", "model_rescale": 3.751011558992144, "target_rescale": 3.8795713353610624},
{"mapping": [10, 6, 4, 5, 11, 9, 12, 13, 7, 1, 8, 0, 3, 2, 14], "R": [[0.5465958003033276, -0.7777549822639067, 0.31037109829111864], [-0.4610400809379507, -0.5889085084661259, -0.6637987740459688], [0.6990529843005414, 0.219736105863086, -0.6804711374633269]], "T": [0.07808035238493452, 0.05372631692441701, -0.055362411183665], "aligned_model": [[0.4758689824791372, 0.796332816255759, 0.5229386844644891, -0.35821564994845845, 0.5546912965118141, -0.06912816509448572, 0.026040825323125037, -0.5429346449288645, 0.3642185777503988, 0.44592909602708364, -0.10871835288446746, -0.10878381382340066, -0.39242053164860335, -0.6902873636898634, 0.07687782204493987], [-0.21420782825222998, -0.00792504059912881, 0.49139843344600376, -0.026526639921653578, -0.5832027105824694, -0.5044898187194118, -0.5164455804911191, -0.32177201401336464, 0.027085394398881718, 0.5784350935498603, 0.5756447143680367, 0.5162303618065844, -0.03569731685331548, 0.3553356484249294, 0.00011509067230650732], [-0.7205159631888377, 0.15449052191266935, -0.5412823147775798, -0.4950114851744821, 0.007042803216194632, -0.3730320817892733, 0.4181045877697591, -0.0263180507179693, 0.5422095100349742, 0.2185966203684255, -0.4202263341185474, 0.5161936318728169, 0.5396486990978325, -0.006567267635140789, -0.044039744364673124]], "inverted": false, "swapped": false, "error_lsq": 0.030395873181088613, "error_max": 0.18737057079232744, "target": "692.xyz", "model": "1.xyz", "model_rescale": 3.9405287249114394, "target_rescale": 3.8795713353610624},
{"mapping": [8, 11, 12, 2, 10, 6, 1, 9, 3, 5, 0, 4, 14], "R": [[0.22470810976782007, 0.9142263560489059, -0.3371890201505874], [0.2591271275803478, 0.277514281765604, 0.9251156442132409], [0.939339873079245, -0.29525580997105016, -0.1745411399120781]], "T": [-0.10633150239683277, -0.08067539527947605, -0.1543196249842844], "aligned_model": [[-0.345999949386975, 0.24354196696467478, -0.3647180130722242, 0.7090095378898946, 0.5476388783257108, -0.6870583459940206, 0.04315791507817608, 0.5344388326979762, 0.006764656578874886, -0.592180297701179, 0.07237410143195559, -0.5365603021959325, -0.13442570133300027], [0.5922754000354328, 0.41139125462243104, 0.23552335961615306, -0.3219572098345071, -0.21472467415031887, 0.1296224654243709, 0.21360873700225042, 0.3044273856803016, -0.6576949878150437, -0.4997900915452939, -0.6135208834262768, -0.06632683014523923, -0.05400133189224319], [0.1449187991442155, -0.4788946162784212, -0.6023611863999642, 0.2306633018322504, -0.39895061960452516, -0.09156112405146229, 0.5632470318945713, 0.171579836469027, -0.3175790359964209, 0.09095583164131124, 0.4068099588269738, 0.4629056850385146, -0.06861351292742617]], "inverted": false, "swapped": true, "error_lsq": 0.04296039843122274, "error_max": 0.2930259544261522, "target": "692.xyz", "model": "2.xyz", "model_rescale": 3.932901565614263, "target_rescale": 3.8795713353610624},
{"mapping": [9, 10, 2, 11, 1, 4, 0, 8, 12, 6, 3, 13, 5, 14], "R": [[0.5021313562231339, -0.061095909173619345, 0.862630506636396], [0.6958689078430496, -0.5636978201888633, -0.4449845285081781], [0.5134496705567526, 0.8237184333232885, -0.24053560736113347]], "T": [0.07408175032275005, -0.040838011793547915, 0.11176359112196449], "aligned_model": [[-0.23747808803046738, 0.4321508179555794, 0.3540724528635774, -0.18237528936307335, -0.40246391429765144, -0.24894941552666255, 0.4111000110897646, -0.6966490528242646, -0.12251946746131492, -0.27465207150052545, 0.6816795867709879, 0.4325997388743139, 0.2591560256274653, 0.014138577874974426], [-0.05020331009207943, 0.26343874560749464, -0.309670051313977, 0.5144663634509629, -0.539690464176252, -0.679284841602262, -0.7138856428881034, -0.09860246561385096, 0.43002463099797456, -0.1369660843945431, -0.09439568376889855, 0.7166447024998649, -0.5250713977126011, -0.11330786264324112], [-0.6418569974563484, -0.42180270210422205, -0.737085229910978, -0.1976823574897762, -0.2728174845920975, 0.34480070453503725, -0.14151885022364802, 0.16161004363107004, 0.4390598102286878, 0.6162946622215071, 0.13053675135143852, 0.261253736299896, 0.5624650119421912, 0.11063926462433962]], "inverted": true, "swapped": true, "error_lsq": 0.038226711580302254, "error_max": 0.25266335455999656, "target": "692.xyz", "model": "3.xyz", "model_rescale": 3.9243930471874484, "target_rescale": 3.8795713353610624},
{"mapping": [10, 3, 13, 11, 12, 2, 9, 7, 6, 4, 8, 1, 14], "R": [[-0.7227739146769864, 0.07893240589769482, 0.6865621192300857], [-0.04591776819738827, -0.9967456989450801, 0.06625383157414454], [0.6895574137272948, 0.01636114096527945, 0.7240461906812569]], "T": [0.008864117207879212, 0.017000423525164343, -0.16218600407161426], "aligned_model": [[-0.06342031408085361, -0.16437731199483574, 0.6449236554203961, 0.39426969794680894, 0.6088603797833183, -0.6833017174627098, -0.2843096429275341, 0.30980902801560517, 0.24291283307765074, -0.353370105108941, 0.15611136115452284, -0.49087964636695985, -0.040022331145115726], [-0.6284432547545538, 0.002239988954204089, -0.2674784886195363, -0.5028221426509802, 0.08169794678090703, -0.605542864982408, -0.5972456423422312, 0.34432580040082766, 0.5324074638082619, 0.5677234563822544, 0.16201677403906498, -0.019042536596550037, 0.05799305326232644], [-0.4514405817693265, -0.7471351671687827, -0.6512284628290742, 0.06394890148625984, -0.10469515582228023, -0.22968482776492888, 0.28709358610639135, -0.6128714376443867, 0.09273411666551112, 0.20080200412416943, 0.5842293488695549, 0.44839504649239, -0.09307705537453377]], "inverted": false, "swapped": true, "error_lsq": 0.037867349231142294, "error_max": 0.20323876037579203, "target": "692.xyz", "model": "4.xyz", "model_rescale": 3.8936222436046832, "target_rescale": 3.8795713353610624},
{"mapping": [11, 12, 8, 9, 4, 5, 3, 0, 2, 10, 1, 14], "R": [[0.3725381239278334, 0.86492590000957, -0.3363309883328712], [0.8862304639536501, -0.4391049631950164, -0.14758860409259833], [-0.2753378124791956, -0.24308438615044575, -0.9301070208470813]], "T": [-0.22804278680470436, -0.1776311446694219, -0.006354664132148441], "aligned_model": [[0.08034285127534335, -0.5439253280330791, -0.40183134165056084, 0.4646862343479615, -0.5580812365782846, -0.6810524775280157, -0.15600976263009436, 0.020952337296565204, 0.6302708382562198, 0.3770849947317584, 0.03709265819687724, -0.2419817254695934], [-0.5657855296485613, -0.5899201858205774, 0.1351918521325363, 0.03550895586618355, 0.4973250630553294, 0.15082828428401793, -0.33957456733683034, 0.36475744857828485, 0.08525591303421418, -0.515195598588664, 0.4999765824615221, -0.0894453129076475], [-0.4797724807907112, -0.31896056450211174, -0.6932219604485285, -0.38025175426868263, -0.048527216291104375, 0.39209590217428525, 0.5775815977252787, 0.5176133301146157, 0.24937545900108124, 0.15289796228271715, -0.3136055509500273, -0.035940004771294276]], "inverted": false, "swapped": true, "error_lsq": 0.0386829360806731, "error_max": 0.17496455473896783, "target": "692.xyz", "model": "5.xyz", "model_rescale": 3.6523030999806103, "target_rescale": 3.8795713353610624},
{"mapping": [13, 3, 5, 12, 6, 10, 0, 11, 2, 1, 4, 8, 14], "R": [[0.38466728671521083, 0.4236645403374894, -0.820085017416964], [-0.3472126027148081, 0.8896077163197393, 0.29671791246971857], [0.8552628175287214, 0.17060617903523473, 0.48930465420618147]], "T": [0.1121175650205353, -0.06333771040190564, 0.08581812158168095], "aligned_model": [[0.3279278595386277, -0.2232107890974739, 0.15667205013860003, 0.6471578854790508, 0.637879835538909, -0.3583164083820548, -0.5233403146335387, 0.2391662777396675, -0.776313313659251, -0.11294245325066657, 0.2085167324865963, 0.5427627220934874, 0.11512282067234052], [-0.6442276588994164, 0.00916491929649002, 0.583220783835331, -0.32262854781396666, 0.2550378294123564, -0.5776417377123412, 0.4124758333763515, -0.705791697706471, -0.23055685915912097, 0.17442089278098652, 0.5991628015949662, -0.009714438653339041, -0.002095216188643119], [0.6694749544794618, 0.5904905403250922, 0.31350923149401144, 0.20408307568961473, -0.001466109970437099, 0.22608228563646618, 0.06298893742772604, -0.11667004171486672, -0.14642767503951032, -0.6329801660501202, -0.25779511586189957, -0.5556775255501876, 0.014497348616438852]], "inverted": true, "swapped": true, "error_lsq": 0.04659783715897304, "error_max": 0.24548859528136588, "target": "692.xyz", "model": "6.xyz", "model_rescale": 4.08911054899281, "target_rescale": 3.8795713353610624},
{"mapping": [7, 12, 5, 6, 13, 2, 1, 0, 11, 10, 4, 8, 9, 3, 14], "R": [[0.35194984751768965, 0.7088824495204821, 0.6112421595359046], [-0.8800261447125094, 0.4730710595153693, -0.04192561593397667], [-0.31888130935304515, -0.5231533670070824, 0.790332376367336]], "T": [0.12019231927974469, 0.04495158839177964, -0.010757890353948411], "aligned_model": [[0.3608288241924949, 0.8316434361885854, 0.500657649308173, -0.2035314234249392, 0.6018437781924195, -0.05353804463160494, -0.10306662037291367, -0.7242136140189459, 0.40711801302096196, 0.52504288379399, -0.10885872690916659, -0.12170679403851584, -0.3440568134544204, -0.6347152682620518, 0.05896229925453782], [-0.1918872957476162, 0.055207375200951814, 0.5062023108395823, -0.051757501209253834, -0.5061028328931232, -0.6606422951020351, -0.5597613054371641, -0.3564958546291447, -0.00634102879967588, 0.5668928138668867, 0.6359730963595601, 0.5925109754248415, 0.028839394961665217, 0.2664375629329332, 0.014902371465502037], [-0.7073857537074267, 0.03088397676659555, -0.48298149551475283, -0.37817217539371967, 0.004907972573965781, -0.3601782325245229, 0.33913326523245746, -0.11310413310773726, 0.4987259431971552, 0.27724953327263685, -0.3191062081076063, 0.31606394173932023, 0.6207248472456129, -0.09741776353152559, 0.139949414365716]], "inverted": false, "swapped": false, "error_lsq": 0.03839727394060572, "error_max": 0.2274831511218063, "target": "692.xyz", "model": "7.xyz", "model_rescale": 3.964800864290218, "target_rescale": 3.8795713353610624},
{"mapping": [8, 4, 6, 9, 12, 2, 11, 5, 0, 3, 10, 13, 7, 14], "R": [[-0.3172857293601526, -0.9287683676935643, -0.19162224588034832], [-0.8136392730245896, 0.16280717033513953, 0.5581083753891196], [-0.4871559291812157, 0.3329912077807724, -0.8073388112832738]], "T": [0.04062927597089255, 0.007854278018090211, 0.046078309047943515], "aligned_model": [[-0.09945804220463816, 0.40733698737945023, 0.42943919202458886, -0.7037849402980474, 0.09388873957865969, -0.5286224501963488, -0.516429210886127, 0.6755566947039997, 0.16870657074567363, 0.24072617453680623, -0.45205178463173024, -0.025425032140467457, 0.5196043867240316, 0.05170060412502178], [0.02484294847496179, -0.4530582918100432, 0.1535257723907779, -0.2959622112204964, 0.583753219121853, -0.6081480007305871, 0.3979561019108715, -0.2543115944770265, -0.7291944705599213, -0.07108287116937756, 0.03810859971963151, 0.7342750129511219, 0.34476711102005997, -0.05452285944062311], [-0.7154558663079879, -0.4222750214608182, -0.4154562524269778, -0.09046563515854941, -0.13555407084101895, 0.4555944195772966, -0.03992382289322339, 0.04451038451041386, 0.3126899473707503, 0.6171528613539087, 0.557782168813457, 0.4849544399926306, 0.28670184896070405, -0.023440362765564125]], "inverted": false, "swapped": true, "error_lsq": 0.04695072156639688, "error_max": 0.27574611629221873, "target": "692.xyz", "model": "8.xyz", "model_rescale": 4.121658175737393, "target_rescale": 3.8795713353610624},
{"mapping": [8, 11, 12, 6, 9, 1, 10, 0, 3, 2, 4, 5, 14], "R": [[0.8091020865978052, 0.25953519528062513, 0.5272525920976833], [-0.07388127821735996, 0.9349991032854803, -0.3468691880007756], [-0.583005463260892, 0.2416984883403207, 0.7756845174050833]], "T": [0.10250170901310751, -0.0011863767152126316, -0.15436714785803446], "aligned_model": [[-0.5344301697122902, -0.16860401410309211, 0.18650650883624878, 0.04370435212701393, -0.5411621693973466, -0.5843526959677932, 0.1925085168637033, 0.1375475677284776, 0.615747744734573, -0.13625179330217302, -0.1697294566483532, 0.3971803151586001, 0.03807279011762889], [0.3672094663554, -0.38820703646388804, 0.14343167042115265, 0.5883238810375936, -0.4893437372348655, 0.0841853564581992, -0.7063322956378116, -0.054929077944339794, -0.20221374341275233, -0.6897160392530697, 0.5867669581396607, 0.4989955864750452, 0.052216450471385595], [-0.39613078562056214, -0.6509622075431618, -0.7370465591139055, -0.3399150213509191, -0.04256179818225134, 0.22615201992123019, -0.14176559539736214, 0.6372198194158774, 0.10747725495373778, 0.4288424618782321, 0.22834795937757102, 0.21285043468242182, -0.11143254906181911]], "inverted": true, "swapped": true, "error_lsq": 0.03912833183695655, "error_max": 0.20940490506234016, "target": "692.xyz", "model": "9.xyz", "model_rescale": 3.833441315466971, "target_rescale": 3.8795713353610624},
{"mapping": [0, 12, 10, 13, 1, 5, 4, 2, 6, 11, 8, 7, 3, 9, 14], "R": [[-0.7156327662032083, 0.41664128670544265, 0.5606066197867963], [-0.679206384782541, -0.602327044009624, -0.41938147184307], [0.16293689209928905, -0.6808907182999795, 0.7140303907579586]], "T": [0.15010290750620464, 0.02651551625423889, 0.01253438395327398], "aligned_model": [[0.418575347484431, 0.7396091447399358, 0.4254773701152363, -0.1810807976338133, 0.6545470536336893, -0.08296552054064565, -0.06301635761393826, -0.5258420333563383, 0.4815269475427833, 0.36124712069980947, -0.15239011677123865, -0.03753070818704382, -0.5500712394604641, -0.5591117190250336, 0.06343508721123443], [-0.24376374780440377, 0.10524266646414793, 0.5126142207345729, -0.2544052562946928, -0.5000607575394922, -0.5767443099920536, -0.5317649976327228, -0.10438304267282716, -0.29908943426145285, 0.6623275303201075, 0.6611807383477354, 0.46552339459155495, -0.03424841784952502, 0.41940503770975673, 0.05214416311320487], [-0.5519960670373902, 0.10899416517387985, -0.5904839394542308, -0.6561115720016664, -0.10520458253211541, -0.18543503629155564, 0.540564332667359, -0.19389783039513084, 0.5078818276031043, 0.1409800341245745, -0.32400296687905056, 0.47727053038634726, 0.5228144619294413, 0.03625281512662647, 0.04166696008597616]], "inverted": true, "swapped": false, "error_lsq": 0.04705577219453675, "error_max": 0.2871166689483539, "target": "692.xyz", "model": "10.xyz", "model_rescale": 4.2482417240324, "target_rescale": 3.8795713353610624},
{"mapping": [2, 9, 11, 8, 3, 7, 10, 6, 1, 5, 0, 14], "R": [[0.13045280470844295, 0.311037950061289, -0.9414018585946026], [0.7461397861914365, 0.5944675997679749, 0.2998060911460949], [0.6528839753018133, -0.7415279269506807, -0.15452782385812447]], "T": [0.08650148015142006, 0.1698368771869278, 0.029032033654548005], "aligned_model": [[-0.6842917582588111, -0.09231763876840615, 0.29842876107651906, 0.6846412662836134, -0.38625271984507836, 0.16149348648974737, -0.3791562198692764, 0.5986494278882082, 0.07316433554578357, 0.03062461570370756, -0.5357620829578564, 0.10754412907485622], [-0.35629428069420993, -0.6200252595375286, -0.20286349922882524, -0.25327923623933785, 0.5448653176828302, 0.7888268562597565, -0.028188468183674487, 0.36074197818244746, -0.4478586440405708, 0.6166264941856001, 0.13410197017525563, 0.12947816148889651], [0.045571933253940315, 0.125171312275928, 0.5638882895790559, -0.22206341169906288, 0.11987872778197675, 0.13882596115199344, 0.5284713798812528, -0.26536091560407216, -0.463031485764826, -0.48973867129055515, -0.4631442471167062, -0.05327658259456836]], "inverted": true, "swapped": true, "error_lsq": 0.043196509231522844, "error_max": 0.23504735377864366, "target": "692.xyz", "model": "11.xyz", "model_rescale": 3.6694154284099745, "target_rescale": 3.8795713353610624},
{"mapping": [10, 13, 7, 12, 11, 2, 9, 0, 6, 4, 5, 8, 3, 14], "R": [[0.09743901221069967, 0.12868274260536156, 0.9868872228653918], [-0.6563550208386308, -0.7370917505291917, 0.16091562360980466], [0.7481334944509059, -0.6634278431430007, 0.012640072124094293]], "T": [0.061343769872739734, 0.08299454279465082, -0.02110654792861451], "aligned_model": [[-0.16653544564198478, 0.0898031278537861, -0.12820072961431542, 0.4724220678074751, 0.5115177280488699, -0.3769019912596706, 0.2739083542257974, -0.5587656966437817, 0.37092390464651204, 0.08517432492046492, -0.2820905591347508, 0.7275462853501252, -0.5031130327866916, 0.08257651248397387], [-0.35491191942727296, 0.3676493455287573, 0.6522423158149772, 0.4291666079184059, -0.19586053354282648, -0.7408438083967551, -0.7041756629241055, -0.19278405252050032, 0.517212222140387, 0.19291744691938348, 0.4983022221256781, 0.013148094267466312, 0.18394905516520688, 0.06497595506745235], [-0.53277029008526, -0.8228697438271341, -0.22323758796983026, -0.3015811752077785, -0.4563917547335183, -0.0421018785222535, -0.004355490543220972, 0.39136991541081906, 0.2967340310215227, 0.7229491251400256, 0.4048495804407503, 0.3676646622609851, -0.22989517547455032, 0.06873124174185849]], "inverted": false, "swapped": true, "error_lsq": 0.044103640240414896, "error_max": 0.26506688150165447, "target": "692.xyz", "model": "12.xyz", "model_rescale": 3.9764082729961374, "target_rescale": 3.8795713353610624},
{"mapping": [5, 12, 6, 4, 9, 0, 2, 7, 1, 13, 14, 11, 8, 3, 15], "R": [[0.7176796276795856, -0.6941520131400477, 0.055578185174671], [0.21409603387476217, 0.29588798453136006, 0.930920613634195], [-0.6626453352229893, -0.6562036903763864, 0.3609679714927956]], "T": [0.1432669274625742, 0.03598353560182771, 0.00096939489578984], "aligned_model": [[0.5750960726427088, 0.7321015920596399, 0.2484339125843971, -0.13485488260824052, 0.5024709623954138, 0.007656978503010753, -0.19337652257431398, -0.49297489501292, 0.3327017428426122, 0.4671439500538839, -0.1073408883901611, -0.08611075848462946, -0.2853471798587269, -0.6298206388204893, 0.05663013350641914], [-0.274720045162227, 0.0763511709889331, 0.4903793664367062, -0.1560869347078377, -0.4418270771258387, -0.6422855540782908, -0.5616546782804397, -0.34341203190917274, -0.27405237658119436, 0.5551942697851406, 0.7801945739389033, 0.6453242851163055, 0.06749177382201452, 0.3534757490432962, 0.05960529594761142], [-0.64695867218273, 0.2435755092671772, -0.6041117069901459, -0.6327662873702361, -0.0635953491244674, -0.21964093403272833, 0.4081048352114096, -0.14832576781572412, 0.5218482312289315, -0.0011362957539232145, -0.14787177086772496, 0.45553999108526044, 0.5621734705919423, 0.10085811586156244, -0.05840023660243489]], "inverted": false, "swapped": false, "error_lsq": 0.04450451356959437, "error_max": 0.24847970952011394, "target": "692.xyz", "model": "13.xyz", "model_rescale": 4.170626492500431, "target_rescale": 3.8795713353610624},
{"mapping": [6, 12, 8, 11, 4, 2, 9, 7, 5, 13, 3, 10, 0, 14], "R": [[0.20934317196216246, 0.9219725966476217, 0.3257943636462468], [-0.8256671287518266, -0.0118345643543505, 0.5640334525409444], [0.5238790211981535, -0.38707424884301617, 0.7587649814211775]], "T": [0.005868287638023681, -0.0003272101798605584, 0.05271411883278343], "aligned_model": [[0.33859430880512487, -0.04526460755493281, -0.17905346186044405, -0.6109474842650653, 0.41445032257859776, -0.4316304571229577, -0.6863135094334794, 0.43724095153511966, 0.6736427712424621, -0.1511415073019944, 0.24887276473601916, -0.45470660319141704, 0.2666161395759455, 0.02282339434866513], [-0.23421572519742898, -0.5865408227952649, -0.03742436602122525, -0.29750456312666196, 0.3663185533242755, 0.7234599234007442, 0.41377607515781295, -0.39731217432574434, 0.15303911798994008, -0.6796633334488142, 0.07700250870476108, 0.08032426967384276, 0.7195154020518292, 0.055299602537599364], [-0.41632430593803277, -0.0929756531690063, -0.6984683619689526, 0.01933924940290821, -0.4619716004746538, 0.4476024746332221, -0.06771869269063882, 0.2917698964390929, 0.0034978758015825895, 0.5410919131564987, 0.607119138034951, 0.5883043542664834, 0.26381501468978047, -0.02120820106236876]], "inverted": true, "swapped": true, "error_lsq": 0.04536827968340199, "error_max": 0.29016571235905464, "target": "692.xyz", "model": "14.xyz", "model_rescale": 3.9786697098870705, "target_rescale": 3.8795713353610624},
{"mapping": [11, 9, 13, 12, 10, 3, 1, 0, 7, 6, 2, 14], "R": [[-0.8896419212746575, -0.4558334573399378, -0.027442869388157806], [-0.12387699144994183, 0.29873694400008655, -0.9462614486910055], [0.43953582663993096, -0.838434313145048, -0.3222361861134536]], "T": [0.10855537597782117, -0.09163604272051269, 0.06636647435088401], "aligned_model": [[-0.06612893958055446, -0.6548367433560306, 0.6556936493944389, 0.4565476191448901, -0.06706135599818366, 0.37420203211120695, -0.5944236439794056, -0.18693271298031272, 0.7358576797506848, 0.3371633442595256, -0.5624681666370355, 0.05574183463811269], [-0.2871533939086331, -0.06041664320928841, 0.04245437635137307, -0.4805370862134265, 0.39760585828519096, 0.4544313864924729, -0.2782138327536365, 0.4264875129171863, -0.0241577896853009, -0.5952509677046185, 0.55228856172843, -0.13286349207531023], [-0.5669962280279468, -0.21886861193612045, -0.5718513437563065, -0.24208750814573538, -0.418702507658338, 0.12668399640602285, 0.37436220367266493, 0.590733890657073, 0.11895551095659286, 0.34835564205359354, -0.012995285917627233, 0.1323767355699575]], "inverted": false, "swapped": true, "error_lsq": 0.04851361388180971, "error_max": 0.2625862766251215, "target": "692.xyz", "model": "15.xyz", "model_rescale": 3.769337070930944, "target_rescale": 3.8795713353610624},
{"mapping": [0, 9, 5, 4, 3, 10, 7, 11, 6, 8, 14], "R": [[-0.966419994345702, 0.2487981732837411, -0.06427957295694298], [-0.2416244972609808, -0.9649689766807922, -0.10223735309075405], [-0.08746426042808403, -0.08327270269601417, 0.9926810465267631]], "T": [0.08336993257976873, 0.02350550402010489, 0.005410564181365093], "aligned_model": [[-0.32689902834828294, -0.305029849075994, -0.06914634417642516, -0.5325712873922305, 0.38432640793764605, 0.3738635505857232, 0.5376467209521685, 0.29089231669892934, -0.04672335863596448, -0.37664234824285475, -0.007090649611544528], [0.13128867186869198, -0.6934465177508944, 0.6584587304109262, 0.45226268394192254, 0.15434187747085268, -0.5279615305029857, 0.4638293912823671, -0.525808640687936, 0.4627166539301154, -0.02362346300288234, 0.04400664066516465], [-0.6659973485914513, -0.009644046549526237, -0.20775466696077508, 0.060668857998861694, -0.5090824192026849, -0.33662504696049933, -0.01855974192538615, 0.359074794766684, 0.42442940374074195, 0.6267115651722348, 0.020996255735577708]], "inverted": false, "swapped": true, "error_lsq": 0.04075679214145917, "error_max": 0.22614318967039052, "target": "692.xyz", "model": "16.xyz", "model_rescale": 3.7852294659196426, "target_rescale": 3.8795713353610624},
{"mapping": [10, 7, 12, 13, 3, 5, 4, 6, 11, 9, 0, 8, 14], "R": [[-0.26963701221581804, -0.6200729685184618, -0.7367532798407008], [-0.9622646419158225, 0.20261238645341662, 0.18164520300372805], [0.03664206001224596, 0.7579299008274805, -0.6513060915343145]], "T": [-0.007742505091299324, 0.0872065890948029, -0.019164829854567834], "aligned_model": [[0.13063203797860942, -0.41860077850218624, 0.2124976887618864, 0.029859226797802715, -0.48823569126578253, -0.593292206511544, -0.19361175545446882, -0.03731591533572738, 0.5982695000133988, 0.5717666989280831, -0.46486948268226047, 0.5054284947334132, 0.0012380327550585522], [-0.09934111029213218, -0.35502069281133314, -0.3746880715772808, -0.7446843064140809, -0.07934339080581841, 0.2760316126739859, 0.6622792467217976, 0.10138310819987328, -0.1912682068444631, 0.48037844177833366, 0.6488882070385721, 0.3798431472223341, 0.170597638813086], [-0.6911344967597827, 0.1717739352778138, 0.30584911093333494, -0.19581748848743938, -0.35648276424880754, 0.286355853217055, 0.42918084599163026, 0.6007802695234984, -0.17756683482262361, -0.4371196239773867, -0.34516345458944714, 0.48170116186249806, 0.02339818322283048]], "inverted": true, "swapped": true, "error_lsq": 0.044288992188075645, "error_max": 0.35122733378714605, "target": "692.xyz", "model": "17.xyz", "model_rescale": 3.901054581598922, "target_rescale": 3.8795713353610624},
{"mapping": [10, 6, 4, 5, 11, 9, 12, 13, 7, 1, 8, 0, 3, 2, 14], "R": [[0.5465958003033276, -0.7777549822639067, 0.31037109829111864], [-0.4610400809379507, -0.5889085084661259, -0.6637987740459688], [0.6990529843005414, 0.219736105863086, -0.6804711374633269]], "T": [0.07808035238493452, 0.05372631692441701, -0.055362411183665], "aligned_model": [[0.4758689824791372, 0.796332816255759, 0.5229386844644891, -0.35821564994845845, 0.5546912965118141, -0.06912816509448572, 0.026040825323125037, -0.5429346449288645, 0.3642185777503988, 0.44592909602708364, -0.10871835288446746, -0.10878381382340066, -0.39242053164860335, -0.6902873636898634, 0.07687782204493987], [-0.21420782825222998, -0.00792504059912881, 0.49139843344600376, -0.026526639921653578, -0.5832027105824694, -0.5044898187194118, -0.5164455804911191, -0.32177201401336464, 0.027085394398881718, 0.5784350935498603, 0.5756447143680367, 0.5162303618065844, -0.03569731685331548, 0.3553356484249294, 0.00011509067230650732], [-0.7205159631888377, 0.15449052191266935, -0.5412823147775798, -0.4950114851744821, 0.007042803216194632, -0.3730320817892733, 0.4181045877697591, -0.0263180507179693, 0.5422095100349742, 0.2185966203684255, -0.4202263341185474, 0.5161936318728169, 0.5396486990978325, -0.006567267635140789, -0.044039744364673124]], "inverted": false, "swapped": false, "error_lsq": 0.030395873181088613, "error_max": 0.18737057079232744, "target": "692.xyz", "model": "18.xyz", "model_rescale": 3.9405287249114394, "target_rescale": 3.8795713353610624},
{"mapping": [13, 4, 14, 11, 7, 9, 8, 5, 0, 12, 10, 1, 6, 2, 15], "R": [[0.8369766580571144, -0.049248006868716485, -0.5450180801468913], [-0.2507207836894957, 0.8507554087756936, -0.46190293684390854], [0.48642487857188127, 0.5232493366057538, 0.6997149199838241]], "T": [0.17957804196046992, 0.09354794682318479, -0.020006705474480267], "aligned_model": [[0.49711048537037617, 0.7751631799289626, 0.2985894858217305, -0.14453398786376556, 0.4452313059797125, 0.004580610572908123, -0.0728153720999197, -0.5341169126634403, 0.2747174388273931, 0.5985797014697423, -0.3299211226207799, 0.02377871623972605, -0.3297702547756416, -0.6567167160212974, 0.14253302067289722], [-0.04579676155272602, -0.12610335601509068, 0.5571256563675564, -0.011318371328029708, -0.5581722443795336, -0.5569915057762317, -0.4668961570857051, -0.33256436067163997, -0.024468038188797447, 0.444823716471858, 0.5473815768149525, 0.5020462059660773, -0.005214273193530294, 0.3027908926464352, 0.107334807158315], [-0.5954074745057131, 0.34289366268264654, -0.6288342225265908, -0.6549615458690065, -0.0377460582235943, -0.38768070044277037, 0.4209832337176279, -0.0018282593176017978, 0.6505863010513863, 0.014373596961665937, -0.41032666976791743, 0.4743364611230023, 0.5176677239915416, 0.09023734383645637, -0.025000260204964264]], "inverted": true, "swapped": false, "error_lsq": 0.04258997305511696, "error_max": 0.27984697332919545, "target": "692.xyz", "model": "19.xyz", "model_rescale": 4.410303926677745, "target_rescale": 3.8795713353610624},
{"mapping": [8, 4, 6, 9, 12, 2, 11, 5, 0, 3, 10, 13, 7, 14], "R": [[-0.3172857293601526, -0.9287683676935643, -0.19162224588034832], [-0.8136392730245896, 0.16280717033513953, 0.5581083753891196], [-0.4871559291812157, 0.3329912077807724, -0.8073388112832738]], "T": [0.04062927597089255, 0.007854278018090211, 0.046078309047943515], "aligned_model": [[-0.09945804220463816, 0.40733698737945023, 0.42943919202458886, -0.7037849402980474, 0.09388873957865969, -0.5286224501963488, -0.516429210886127, 0.6755566947039997, 0.16870657074567363, 0.24072617453680623, -0.45205178463173024, -0.025425032140467457, 0.5196043867240316, 0.05170060412502178], [0.02484294847496179, -0.4530582918100432, 0.1535257723907779, -0.2959622112204964, 0.583753219121853, -0.6081480007305871, 0.3979561019108715, -0.2543115944770265, -0.7291944705599213, -0.07108287116937756, 0.03810859971963151, 0.7342750129511219, 0.34476711102005997, -0.05452285944062311], [-0.7154558663079879, -0.4222750214608182, -0.4154562524269778, -0.09046563515854941, -0.13555407084101895, 0.4555944195772966, -0.03992382289322339, 0.04451038451041386, 0.3126899473707503, 0.6171528613539087, 0.557782168813457, 0.4849544399926306, 0.28670184896070405, -0.023440362765564125]], "inverted": false, "swapped": true, "error_lsq": 0.04695072156639688, "error_max": 0.27574611629221873, "target": "692.xyz", "model": "20.xyz", "model_rescale": 4.121658175737393, "target_rescale": 3.8795713353610624},
{"mapping": [13, 3, 5, 12, 6, 10, 0, 11, 2, 1, 4, 8, 14], "R": [[0.38466728671521083, 0.4236645403374894, -0.820085017416964], [-0.3472126027148081, 0.8896077163197393, 0.29671791246971857], [0.8552628175287214, 0.17060617903523473, 0.48930465420618147]], "T": [0.1121175650205353, -0.06333771040190564, 0.08581812158168095], "aligned_model": [[0.3279278595386277, -0.2232107890974739, 0.15667205013860003, 0.6471578854790508, 0.637879835538909, -0.3583164083820548, -0.5233403146335387, 0.2391662777396675, -0.776313313659251, -0.11294245325066657, 0.2085167324865963, 0.5427627220934874, 0.11512282067234052], [-0.6442276588994164, 0.00916491929649002, 0.583220783835331, -0.32262854781396666, 0.2550378294123564, -0.5776417377123412, 0.4124758333763515, -0.705791697706471, -0.23055685915912097, 0.17442089278098652, 0.5991628015949662, -0.009714438653339041, -0.002095216188643119], [0.6694749544794618, 0.5904905403250922, 0.31350923149401144, 0.20408307568961473, -0.001466109970437099, 0.22608228563646618, 0.06298893742772604, -0.11667004171486672, -0.14642767503951032, -0.6329801660501202, -0.25779511586189957, -0.5556775255501876, 0.014497348616438852]], "inverted": true, "swapped": true, "error_lsq": 0.04659783715897304, "error_max": 0.24548859528136588, "target": "692.xyz", "model": "21.xyz", "model_rescale": 4.08911054899281, "target_rescale": 3.8795713353610624},
{"mapping": [6, 8, 0, 13, 5, 10, 9, 12, 11, 1, 4, 2, 14, 3, 16], "R": [[-0.9131811518342523, 0.19572473578061383, -0.35748008579258955], [-0.2814307958429356, -0.9372638870650618, 0.20575012309814844], [-0.29478278627810034, 0.28849303944341576, 0.910974684119608]], "T": [0.08349927004616273, 0.02159148269474903, 0.013451468907315627], "aligned_model": [[0.578279108773978, 0.77375812466516, 0.2997763965379442, -0.4278831274826701, 0.40510080898689427, 0.1124137195572017, -0.11923540083662179, -0.5101455210915758, 0.5871956333156974, 0.6232966573915407, -0.19222191760548743, -0.03362316882195414, -0.46075186251794364, -0.7135576793244047, 0.07000780729084491], [-0.11773844050898441, -0.03373082597804431, 0.467459085410544, 0.12093361812902004, -0.5833359693366964, -0.7122866756277138, -0.5942483307007247, -0.3850829403586337, -0.04334389641934423, 0.5690544366290873, 0.6101509449839908, 0.6811494857273201, -0.056346907497574386, 0.3651782939336604, 0.04616590884800344], [-0.5263116386129071, 0.048724317434977536, -0.5819523298580284, -0.3931799977221863, 0.18186845699896936, -0.32079725967910777, 0.30872691492610643, -0.1513856677558583, 0.5861349769873034, 0.21068603978836536, -0.23926927004681348, 0.28274573977568007, 0.34441808049220074, 0.04390053945534427, -0.02501576967787663]], "inverted": false, "swapped": false, "error_lsq": 0.040695648022063206, "error_max": 0.2489341642833578, "target": "692.xyz", "model": "22.xyz", "model_rescale": 4.204369325754507, "target_rescale": 3.8795713353610624},
{"mapping": [13, 4, 14, 11, 7, 9, 8, 5, 0, 12, 10, 1, 6, 2, 15], "R": [[0.8369766580571144, -0.049248006868716485, -0.5450180801468913], [-0.2507207836894957, 0.8507554087756936, -0.46190293684390854], [0.48642487857188127, 0.5232493366057538, 0.6997149199838241]], "T": [0.17957804196046992, 0.09354794682318479, -0.020006705474480267], "aligned_model": [[0.49711048537037617, 0.7751631799289626, 0.2985894858217305, -0.14453398786376556, 0.4452313059797125, 0.004580610572908123, -0.0728153720999197, -0.5341169126634403, 0.2747174388273931, 0.5985797014697423, -0.3299211226207799, 0.02377871623972605, -0.3297702547756416, -0.6567167160212974, 0.14253302067289722], [-0.04579676155272602, -0.12610335601509068, 0.5571256563675564, -0.011318371328029708, -0.5581722443795336, -0.5569915057762317, -0.4668961570857051, -0.33256436067163997, -0.024468038188797447, 0.444823716471858, 0.5473815768149525, 0.5020462059660773, -0.005214273193530294, 0.3027908926464352, 0.107334807158315], [-0.5954074745057131, 0.34289366268264654, -0.6288342225265908, -0.6549615458690065, -0.0377460582235943, -0.38768070044277037, 0.4209832337176279, -0.0018282593176017978, 0.6505863010513863, 0.014373596961665937, -0.41032666976791743, 0.4743364611230023, 0.5176677239915416, 0.09023734383645637, -0.025000260204964264]], "inverted": true, "swapped": false, "error_lsq": 0.04258997305511696, "error_max": 0.27984697332919545, "target": "692.xyz", "model": "23.xyz", "model_rescale": 4.410303926677745, "target_rescale": 3.8795713353610624},
{"mapping": [4, 10, 3, 5, 9, 15, 14, 6, 11, 1, 0, 7, 13, 12, 16], "R": [[0.6626923596752117, -0.7488892577434625, 0.001927709663306132], [0.016078914985380388, 0.011654653214423133, -0.9998027993316206], [0.7487191094936693, 0.6625926717787464, 0.01976477634858409]], "T": [0.10150531957710071, -0.021410530018009234, -0.002978255333481703], "aligned_model": [[0.3334735371290446, 0.746382005913511, 0.5314772341648298, -0.2556124189792265, 0.45707712454859395, -0.048921303961551865, -0.05999703302259546, -0.5798060141256578, 0.4239803506112947, 0.5670769968704191, -0.15441942748006302, -0.05020284338051462, -0.4553149190765622, -0.619509381621822, 0.1567256712489042], [-0.013547493157288818, -0.06084391752167288, 0.5863188345703824, -0.11778263736179821, -0.527581426030031, -0.699430091659148, -0.5177634776083357, -0.35827101451319454, -0.07069973922057489, 0.6586911729165505, 0.6433919166220552, 0.47203080527885305, -0.032479797103760075, 0.29842575550576317, 0.07351889651611031], [-0.6510625798532554, -0.08274675566645713, -0.507993261760829, -0.511683839303684, 0.09591410619199468, -0.1672204417457059, 0.42795182198509396, 0.012448031116434673, 0.53951774910014, 0.23585230497682605, -0.2538288919108658, 0.4158667978720838, 0.4259918100335542, -0.1579569180618773, -0.05175680046728426]], "inverted": false, "swapped": false, "error_lsq": 0.035981697406137644, "error_max": 0.27735238566505827, "target": "692.xyz", "model": "24.xyz", "model_rescale": 4.28219845311461, "target_rescale": 3.8795713353610624},
{"mapping": [0, 2, 6, 1, 4, 4, 7, 3, 13, 14, 8, 11, 9, 5, 15], "R": [[0.3065088220570524, 0.9474056020440929, -0.09205958514282231], [-0.7027372872528999, 0.2904604156402372, 0.6494559662136736], [0.6420378860360452, -0.13437028005318352, 0.7548059225607571]], "T": [0.06576196505245922, 0.09116233110636962, 0.09220701690946304], "aligned_model": [[0.43092835492820764, 0.7393043946470899, 0.4988623214137145, -0.3030416329910758, 0.2124153675877843, 0.2124153675877843, -0.03622801752490315, -0.466389981875202, 0.4089244717955547, 0.5768067282870669, -0.17246870592335822, -0.09038553800985268, -0.42613351979307024, -0.6933549115631251, 0.10075488027198873], [-0.12800289525839517, 0.026748135950010646, 0.548649181355131, -0.02539575815380432, -0.5768263630874451, -0.5768263630874451, -0.5596306794705789, -0.44011450640903804, -0.12818907383151698, 0.6282574637191135, 0.5391868559741998, 0.5343930759839468, -0.01278862712245038, 0.43813743314044595, 0.06637990753173606], [-0.6036193143639379, -0.012537583839406424, -0.5522516692219621, -0.4179650293110558, -0.1665060615766592, -0.1665060615766592, 0.5064684157728934, -0.09381602510563616, 0.5246892848171483, 0.26686867094036915, -0.3815716544679965, 0.36723707950493284, 0.5439887276401667, -0.07699855959433788, 0.03181291288830965]], "inverted": false, "swapped": false, "error_lsq": 0.04144448369988251, "error_max": 0.3499556071725907, "target": "692.xyz", "model": "25.xyz", "model_rescale": 4.100010024507729, "target_rescale": 3.8795713353610624},
{"mapping": [2, 9, 11, 8, 3, 7, 10, 6, 1, 5, 0, 14], "R": [[0.13045280470844295, 0.311037950061289, -0.9414018585946026], [0.7461397861914365, 0.5944675997679749, 0.2998060911460949], [0.6528839753018133, -0.7415279269506807, -0.15452782385812447]], "T": [0.08650148015142006, 0.1698368771869278, 0.029032033654548005], "aligned_model": [[-0.6842917582588111, -0.09231763876840615, 0.29842876107651906, 0.6846412662836134, -0.38625271984507836, 0.16149348648974737, -0.3791562198692764, 0.5986494278882082, 0.07316433554578357, 0.03062461570370756, -0.5357620829578564, 0.10754412907485622], [-0.35629428069420993, -0.6200252595375286, -0.20286349922882524, -0.25327923623933785, 0.5448653176828302, 0.7888268562597565, -0.028188468183674487, 0.36074197818244746, -0.4478586440405708, 0.6166264941856001, 0.13410197017525563, 0.12947816148889651], [0.045571933253940315, 0.125171312275928, 0.5638882895790559, -0.22206341169906288, 0.11987872778197675, 0.13882596115199344, 0.5284713798812528, -0.26536091560407216, -0.463031485764826, -0.48973867129055515, -0.4631442471167062, -0.05327658259456836]], "inverted": true, "swapped": true, "error_lsq": 0.043196509231522844, "error_max": 0.23504735377864366, "target": "692.xyz", "model": "26.xyz", "model_rescale": 3.6694154284099745, "target_rescale": 3.8795713353610624},
