[{"mapping": [1, 8, 4, 10, 9, 6, 7, 5, 0, 11], "R": [[-0.8266107576521581, -0.1509174655314243, -0.542161022143142], [-0.12398874041832661, -0.8908630978653882, 0.43702372145131974], [-0.5489457601468491, 0.4284703717402818, 0.7176849538324896]], "T": [0.009371596753737329, -0.18548470942038897, -0.0787113959039602], "aligned_model": [[-0.045678918066032165, -0.5150427571197076, 0.4136462475246159, 0.24994540443934693, -0.4137781183911079, -0.5918009100640678, -0.027443413616318472, 0.6015205826191615, 0.5173088383762039, 0.06768425259423], [0.3776735477257208, -0.4103751399737922, -0.8379491414642839, -0.1098742521848411, -0.335065972382544, 0.214277305126385, 0.6692403441268872, 0.3876538013119709, -0.08297868346267295, -0.1550063195838934], [-0.504977483864508, -0.35713081043572764, -0.3301087674201679, 0.5522946641122202, 0.3310765843632117, -0.015970370833774727, 0.3271125162994375, 0.0190544395599216, -0.4167700701260799, -0.10113811679456752]], "inverted": false, "swapped": false, "error_lsq": 0.04952007124803934, "error_max": 0.24794519296880096, "target": "694.xyz", "model": "0.xyz", "model_rescale": 3.751011558992144, "target_rescale": 3.6085861279398053},
{"mapping": [6, 1, 3, 5, 8, 4, 10, 9, 12, 14], "R": [[-0.2646467184014424, -0.9205284716058846, -0.28738379808590764], [-0.23595921284280852, 0.35076299188956506, -0.9062497301490815], [0.935032279824579, -0.17202516235601983, -0.31003544829976337]], "T": [0.05300202681363152, -0.11904305424715948, -0.07106458586379513], "aligned_model": [[-0.20032642325152633, -0.5203784835296995, 0.4703501070673739, 0.24765616831860837, -0.3730746841636123, -0.6287813777283298, -0.03723973104710897, 0.5402777146261166, 0.6562939634964028, 0.1015839545080999], [0.2916514394182598, -0.2769938850312533, -0.7100152266220036, -0.14413891931801803, -0.3166310431558054, 0.22128296070516945, 0.6393863415688433, 0.2296122712913919, -0.11771515601226545, -0.09884329360538203], [-0.6462866947318657, -0.43434392032816016, -0.31596938553062115, 0.5218654350888684, 0.39780199978901476, 0.1408872075885073, 0.22742331142726271, 0.20314608018471994, -0.5046682988288016, -0.08641314979895967]], "inverted": true, "swapped": false, "error_lsq": 0.04422458993712899, "error_max": 0.2082836717041282, "target": "694.xyz", "model": "1.xyz", "model_rescale": 3.9405287249114394, "target_rescale": 3.6085861279398053},
{"mapping": [6, 10, 4, 2, 9, 11, 0, 1, 7, 12], "R": [[-0.6010955254061275, -0.4988002709412432, 0.6244056846679682], [0.2717250594477208, -0.8623225202027046, -0.4272766822790461], [0.7515648085194411, -0.08716743004241173, 0.6538747416248292]], "T": [0.0339195901865513, -0.07297547790867778, -0.06037023998461938], "aligned_model": [[-0.0573465944902391, -0.5971727425455062, 0.5037347954639942, 0.20927911713609865, -0.5941559746472479, -0.6211549555786839, 0.11968615722020666, 0.7735442748642468, 0.44645978599633207, 0.07348734487712345], [0.36761500595707763, -0.5435854485019259, -0.5812688069063809, -0.030825616595445277, -0.49447452282503024, 0.20694945289079283, 0.7165105061406241, 0.1256701142412507, 0.04991943118018112, -0.09891462634220743], [-0.36517542768801986, -0.3632494939083613, -0.17265241341102355, 0.5966244730998291, 0.21934523524577643, -0.048809027048043074, 0.20849025403569194, 0.1414256640696743, -0.7264162453907099, 0.013859565855150802]], "inverted": true, "swapped": false, "error_lsq": 0.04797574479627675, "error_max": 0.22291761768820897, "target": "694.xyz", "model": "2.xyz", "model_rescale": 3.932901565614263, "target_rescale": 3.6085861279398053},
{"mapping": [0, 8, 10, 5, 9, 7, 4, 6, 1, 13], "R": [[-0.8360700619324986, 0.4305740324899731, 0.33998949113981713], [0.5034330636447899, 0.3558266804656842, 0.7873642891940127], [0.21804128501136913, 0.8294536611614272, -0.5142612390764985]], "T": [-0.0028599801905983546, -0.09291142392419052, -0.1914484607595416], "aligned_model": [[0.010574487171250924, -0.5988945324027999, 0.5370475481809762, 0.05854627094253645, -0.37713872218482863, -0.574212556814661, 0.0585055675375071, 0.5630317064267458, 0.5220350536090117, 0.05686638583058574], [0.48410407821368295, -0.4988852940393881, -0.5636058839559434, -0.023373393590175345, -0.4354861587726617, 0.177724368747434, 0.7044199090973579, -0.024072818243573824, 0.03582252294440777, -0.13905184116220354], [-0.5317761771187709, -0.32825034263547903, -0.18185542138995903, 0.5214284011974915, 0.3399185627972099, 0.14029699626615508, 0.160294939280723, 0.18500884899427963, -0.6980858017918551, -0.10353742073983024]], "inverted": true, "swapped": false, "error_lsq": 0.04674675334890954, "error_max": 0.21125484635492647, "target": "694.xyz", "model": "3.xyz", "model_rescale": 3.9243930471874484, "target_rescale": 3.6085861279398053},
{"mapping": [11, 5, 1, 4, 3, 6, 10, 8, 9, 12], "R": [[0.1579502063660703, 0.9475015122317892, -0.2780154970993316], [0.026059237444054417, 0.27745194623258795, 0.9603860336737429], [0.9871031599851914, -0.1589380440618977, 0.019132425278256288]], "T": [0.0782661116729772, -0.0830720695746318, 0.013929123678682882], "aligned_model": [[-0.1014208610825707, -0.39987460813011094, 0.29808058365216206, 0.27110582265083816, -0.40200584937656353, -0.6149926545094233, 0.03483761612761738, 0.649560477134481, 0.5063849427164004, 0.014685739113494148], [0.4298296299916409, -0.47718415950751497, -0.6865057080015082, -0.12614079806034895, -0.16031345129678298, 0.08488438572987596, 0.5725550986901525, 0.16028403694173454, 0.09018086387734893, -0.16999440912566116], [-0.5612043562992207, -0.42159379467327107, -0.298656451653735, 0.573683712705584, 0.4790376945994469, -0.09876261057681218, 0.2696530011846352, 0.1175482451252585, -0.5193485519586636, -0.0369143035932567]], "inverted": false, "swapped": false, "error_lsq": 0.0527466104007744, "error_max": 0.3379398096433785, "target": "694.xyz", "model": "4.xyz", "model_rescale": 3.8936222436046832, "target_rescale": 3.6085861279398053},
{"mapping": [10, 3, 1, 6, 9, 8, 7, 5, 4, 11], "R": [[0.983425973795245, -0.04444713035794433, -0.17577771948634063], [-0.1266571728871402, -0.8621226724396568, -0.49061436813626025], [-0.12973555650287943, 0.5047464217490291, -0.8534633765490115]], "T": [-0.06916884565648768, -0.0756649988357725, -0.11396154615605517], "aligned_model": [[-0.1663409446286243, -0.5256980884314459, 0.410963312687888, 0.2729222492618641, -0.375619498791777, -0.7380903264967338, 0.03268586372519258, 0.7009533951279634, 0.5435248965261343, 0.10106034931586327], [0.363578668972433, -0.2678920335664496, -0.7143568899668701, -0.05799711019477351, -0.42252459535116804, 0.19531355585392157, 0.5076794755718468, 0.05541182791836137, 0.13504624585850566, -0.07666365585687068], [-0.5579097221370009, -0.40535792556246275, -0.04573731374555301, 0.6052534123898917, 0.2956875247807521, 0.04408117496580069, 0.14887370593720403, 0.10260589549680812, -0.5731257309053601, -0.11092843636011471]], "inverted": true, "swapped": false, "error_lsq": 0.04155687392544752, "error_max": 0.18666562756599597, "target": "694.xyz", "model": "5.xyz", "model_rescale": 3.6523030999806103, "target_rescale": 3.6085861279398053},
{"mapping": [10, 2, 3, 5, 1, 6, 9, 7, 11, 12], "R": [[-0.5178943119350353, 0.7353147303430398, 0.437147262379486], [0.463476398155995, -0.18832603720574964, 0.8658654237597921], [0.7190098121845642, 0.651034216497813, -0.24326803927231527]], "T": [-0.02305742501405445, -0.005459432743998759, 0.013129366066165486], "aligned_model": [[-0.31414954976112314, -0.4647582634448853, 0.3445399444854662, 0.178718326901542, -0.4028041223561764, -0.6422619438051287, 0.2213498621068975, 0.6548644021434497, 0.628962966265534, 0.05189958576074879], [0.46325601175135855, -0.46804133870793146, -0.5826489839831417, -0.10851967133552487, -0.5279615300247585, 0.19040745741030804, 0.6740907202539084, -0.05030702815290341, 0.19240574384769818, -0.06508589182007646], [-0.5384540353055127, -0.3956859758834664, -0.1067251241516369, 0.6554444469626813, 0.26839172166996556, 0.04222210265288845, -0.020627747900218242, 0.0854394562794557, -0.5439054482757459, 0.05734318881155409]], "inverted": true, "swapped": false, "error_lsq": 0.05194473863632829, "error_max": 0.2798579895754828, "target": "694.xyz", "model": "6.xyz", "model_rescale": 4.08911054899281, "target_rescale": 3.6085861279398053},
{"mapping": [11, 13, 5, 3, 2, 1, 9, 8, 10, 14], "R": [[0.8772550977724163, -0.46292521710097556, 0.12697927706647041], [0.4508629730478412, 0.7038164522644286, -0.5489671948817846], [0.16476065357593847, 0.5388345245935232, 0.8261424103260295]], "T": [0.05265523876600524, -0.16815466503828855, -0.04230193420771394], "aligned_model": [[-0.04714339976756189, -0.5253939460594925, 0.5197209431363085, 0.3227094087777219, -0.6182930476431667, -0.5588139940233503, 0.02396910228735822, 0.5917603447960844, 0.5310293960231641, 0.01681640076925859], [0.2192388244044444, -0.33093737634942955, -0.718514349363002, 0.002035234633568167, -0.4714893020134032, 0.2100158351811481, 0.5779835631525898, 0.24121197058794594, -0.004832844783637769, -0.007116066211287381], [-0.4718337479786922, -0.4609371586841008, -0.2861360484214609, 0.6819615396571082, 0.2862647078407839, 0.10274464097134176, 0.19647025410971905, 0.04096640055009568, -0.5558767069518529, -0.030181296232976607]], "inverted": true, "swapped": false, "error_lsq": 0.04489793646108152, "error_max": 0.21790017961978364, "target": "694.xyz", "model": "7.xyz", "model_rescale": 3.964800864290218, "target_rescale": 3.6085861279398053},
{"mapping": [8, 1, 2, 6, 0, 5, 10, 11, 12, 13], "R": [[-0.33006925328602155, -0.9014583651070268, -0.2800483958421731], [0.31973227667160187, 0.17237226735186661, -0.9316968781220484], [0.8881585214867909, -0.3970650040315099, 0.23133054982828072]], "T": [0.05552027583117468, -0.10401663565394403, -0.01745420914318841], "aligned_model": [[-0.2049715792384621, -0.4837759635289186, 0.1964866016191184, 0.30445072309761473, -0.28512102690572755, -0.5917954981212354, -0.057435019145507735, 0.7538602341730181, 0.5934644579432252, 0.03119827840319933], [0.3574168315585364, -0.44035582140084273, -0.7410410441531867, -0.1657673903640353, -0.640024597357577, 0.4250484428687953, 0.6821790647117969, 0.2783152939365887, 0.0018544942700301215, -0.04002978483116919], [-0.574482691526207, -0.4163970741195768, -0.13119569552405722, 0.5028594461600361, 0.313934294554158, -0.005489492326618058, 0.19295357367480648, 0.2133637336003783, -0.5371486367340443, -0.05495487289891024]], "inverted": true, "swapped": false, "error_lsq": 0.04758115472758195, "error_max": 0.253593184470561, "target": "694.xyz", "model": "8.xyz", "model_rescale": 4.121658175737393, "target_rescale": 3.6085861279398053},
{"mapping": [6, 2, 0, 10, 3, 8, 7, 5, 4, 12], "R": [[-0.9365516255129003, -0.08126359526982385, 0.34097988332593254], [0.33098219664670314, -0.5253168494610865, 0.7838960346724568], [0.11542026794314539, 0.8470173763011599, 0.5188831525419109]], "T": [0.0026970074550130736, 0.0612497490430092, -0.03878854516766461], "aligned_model": [[-0.21679608775426884, -0.4684233544359287, 0.4066360891352607, 0.27312861385570986, -0.33373585157079433, -0.6627667763437671, 0.016392481156094475, 0.5854312696570033, 0.6476517661016349, 0.00884305849538028], [0.415538318542625, -0.40648148946214735, -0.600278819750789, -0.25978274307650695, -0.5143040419054666, 0.34327789788675356, 0.6683074701859548, 0.0902758246530532, -0.0373480400033534, 0.01839111216881386], [-0.5923989142643228, -0.24279723125006217, -0.17309198549301633, 0.5938928247638644, 0.38339003856507453, -0.12918441586583648, 0.25532753313143447, 0.1644260528964475, -0.6408182396288029, -0.1153030779948151]], "inverted": false, "swapped": false, "error_lsq": 0.04017355320036419, "error_max": 0.1972416742067895, "target": "694.xyz", "model": "9.xyz", "model_rescale": 3.833441315466971, "target_rescale": 3.6085861279398053},
{"mapping": [6, 5, 9, 10, 13, 1, 12, 11, 7, 14], "R": [[-0.4818099316428151, -0.8396856406217054, -0.2505737709818454], [-0.5872021256308105, 0.09713269004136849, 0.8035912544197985], [-0.6504251328362118, 0.5343156983086348, -0.5398646877838487]], "T": [0.011732934017604855, -0.04712590977203884, -0.10473029835587935], "aligned_model": [[-0.1862527189112878, -0.582492578288352, 0.4909638526994929, 0.23813289996988582, -0.4137678621585895, -0.5926626808794616, 0.030119191558742577, 0.6178339289465381, 0.5969432098071421, 0.05754396555221393], [0.4578555936524787, -0.3430532791648803, -0.6822809474719869, -0.043024950176215326, -0.6252933988172384, 0.36226727877476894, 0.5300257299538136, 0.20029019626449884, -0.02518088431154883, -0.11400984946475395], [-0.5134171350393594, -0.2341838963590501, -0.26229276595652984, 0.6855104124829572, 0.24219616140072206, 0.008017609733361714, 0.06725222286695715, 0.08700893983871824, -0.4224744182852469, -0.1541745458225648]], "inverted": true, "swapped": false, "error_lsq": 0.04804553720547091, "error_max": 0.2164242339337157, "target": "694.xyz", "model": "10.xyz", "model_rescale": 4.2482417240324, "target_rescale": 3.6085861279398053},
{"mapping": [0, 6, 2, 7, 5, 4, 10, 8, 1, 11], "R": [[0.5492926598730687, -0.7424127646224461, -0.3835373003180075], [-0.6477180667773661, -0.0882877279167287, -0.7567473707053716], [0.5279572707897491, 0.6640998148056947, -0.5293699615536203]], "T": [0.1160310243500515, -0.04934101544878533, -0.021094903143102407], "aligned_model": [[-0.029913644913014126, -0.3516237852977451, 0.30713157647208605, 0.2686364058512861, -0.4350655462010051, -0.7375922686573252, 0.06458900009537738, 0.6134356439125319, 0.531778308435858, 0.02498551859827447], [0.4389829531860315, -0.34979818659323936, -0.7345258840623036, -0.2448611432670487, -0.3912174067898691, 0.12963330068046142, 0.583650973750665, 0.2904491377376899, 0.001179444345912939, -0.0058976997493632305], [-0.5815227139307977, -0.3550209510401355, -0.22544646586383799, 0.6090159790436318, 0.35785004443106977, 0.05056434631959053, 0.08696629379824562, 0.09718072913265353, -0.5900838596928841, 0.05393918266242921]], "inverted": false, "swapped": false, "error_lsq": 0.04278261921995418, "error_max": 0.1997588783076656, "target": "694.xyz", "model": "11.xyz", "model_rescale": 3.6694154284099745, "target_rescale": 3.6085861279398053},
{"mapping": [12, 2, 4, 11, 8, 10, 7, 6, 0, 13], "R": [[-0.3465838674439809, 0.8937064868183686, 0.2849005760723241], [0.7924427307748214, 0.44147989995985054, -0.4208681698270662], [-0.5019104912927373, 0.07990127251933753, -0.8612210200523868]], "T": [0.0378010575039532, 0.00845258233925816, -0.06947014440922639], "aligned_model": [[-0.22963047445677826, -0.4853760629242397, 0.4530993046707203, 0.2627552129603155, -0.4014361140899559, -0.5210474965017066, -0.04040392508387673, 0.5603981523447978, 0.5518774494863377, 0.10612516189071028], [0.3243780489492073, -0.3017994951010412, -0.6033308309728537, -0.25429415439599956, -0.47483171668291124, 0.30598547556073236, 0.6698764859627576, 0.13938962378105701, -0.049911024406646465, -0.037866923455365395], [-0.6083949773190775, -0.30683678590874197, -0.09991798253748446, 0.5827479396584895, 0.31276649004634605, -0.01759280402361818, 0.2600260147238247, 0.1025839200474083, -0.5624782752138222, -0.15946095461335918]], "inverted": true, "swapped": false, "error_lsq": 0.038632823075595894, "error_max": 0.16196457733282377, "target": "694.xyz", "model": "12.xyz", "model_rescale": 3.9764082729961374, "target_rescale": 3.6085861279398053},
{"mapping": [4, 14, 8, 12, 13, 6, 5, 9, 7, 15], "R": [[-0.5766850457718705, -0.5236119863138531, -0.6271083206046282], [0.6296115031671903, 0.2042975660118279, -0.7495677818591152], [0.5205993786614107, -0.8270991429750755, 0.2118567785728106]], "T": [0.14107946734147436, -0.13277273088369898, -0.02357107691023469], "aligned_model": [[0.013925807912728683, -0.5535268544384135, 0.4307054111927927, 0.17721936732146215, -0.33524202599860053, -0.5618183668568301, 0.04859014469476375, 0.4901722635167828, 0.4478827342366909, 0.0984527267149479], [0.40993589264866725, -0.45170578231011627, -0.7248609311082693, -0.19440745412824717, -0.3050430601333418, 0.16437962952231902, 0.6717588459834886, 0.2568142453361353, 0.009827535712328028, -0.11910343228402716], [-0.4765203219882134, -0.25726276701991374, -0.2789163577587576, 0.6105492614075585, 0.3198256540430455, -0.05954210808389627, 0.19322046548629795, 0.27283292801549663, -0.6992711718578044, -0.12147299738384826]], "inverted": false, "swapped": false, "error_lsq": 0.047632686698195856, "error_max": 0.23533268681252698, "target": "694.xyz", "model": "13.xyz", "model_rescale": 4.170626492500431, "target_rescale": 3.6085861279398053},
{"mapping": [3, 2, 7, 12, 4, 6, 11, 10, 1, 13], "R": [[-0.5030591980266765, 0.5305498122946813, -0.6822377444519141], [0.8137576097875746, 0.024904077885590015, -0.5806705945865365], [-0.29108417303860823, -0.8472878398624322, -0.44426717257488507]], "T": [0.039719180325053685, -0.09759193030547358, -0.0669689798499073], "aligned_model": [[-0.17131257462583477, -0.4955898205819586, 0.6934119462316728, 0.11930229061882118, -0.34988341804275014, -0.6229225871797343, 0.08019297245572955, 0.5300525744999609, 0.46517463267583986, 0.007935192244578261], [0.362164025907532, -0.32533873637617927, -0.5579896186322233, -0.09823581389375671, -0.5507606055032027, 0.4048780358919439, 0.5869420605687066, -0.030043908722885426, -0.062040247836934154, -0.011979702164064132], [-0.5355451887624987, -0.3743902431172239, -0.20168920577588706, 0.6606107306671378, 0.31501413202496503, 0.059201888649060286, 0.10459657211078222, 0.2038422686462037, -0.7061389148703132, -0.02205945471226131]], "inverted": true, "swapped": false, "error_lsq": 0.04886735825560927, "error_max": 0.29021283377438123, "target": "694.xyz", "model": "14.xyz", "model_rescale": 3.9786697098870705, "target_rescale": 3.6085861279398053},
{"mapping": [4, 5, 7, 9, 8, 2, 0, 1, 10, 11], "R": [[-0.9362769385555662, -0.16643674090737687, 0.3093287985382992], [-0.2661688998337492, -0.23848451750380517, -0.9339589132677459], [0.2292152069351171, -0.9567778980448431, 0.17898726972213275]], "T": [0.0955770356657798, -0.05663725756900441, 0.05134749056757986], "aligned_model": [[-0.09443394836561989, -0.4434236412243905, 0.3179043571939519, 0.1505058767179392, -0.335426734436899, -0.6986884601086913, 0.006806233260687078, 0.6588399994157552, 0.5263339911408866, 0.16794353470270534], [0.2509260924534522, -0.4136347262784781, -0.6421955978304846, -0.15798685399752066, -0.33563272071416694, 0.2922912161072053, 0.5754820153780302, 0.29880698589508486, -0.07890587678748484, -0.07155504498670051], [-0.4428339960965106, -0.4247729410218598, -0.15976384887922904, 0.6630053604373854, 0.14422056375721928, 0.01615290650756452, 0.327663533330232, -0.07929061623199538, -0.6601815266937026, 0.11924314975086117]], "inverted": false, "swapped": false, "error_lsq": 0.051527913700695614, "error_max": 0.24246368149102568, "target": "694.xyz", "model": "15.xyz", "model_rescale": 3.769337070930944, "target_rescale": 3.6085861279398053},
{"mapping": [3, 1, 7, 6, 5, 0, 2, 8, 9, 10], "R": [[-0.26465349860970894, -0.3678043955105683, -0.8914473917830186], [0.4486037167830301, -0.8652523678295159, 0.22381475655967673], [-0.8536470177784796, -0.3406732549064013, 0.39399048520159263]], "T": [-0.009235622049858637, -0.07512454219455063, -0.006660137787269371], "aligned_model": [[0.00886825770316852, -0.45989418385749814, 0.1932385147926802, 0.27049823875402984, -0.328599885033566, -0.6027600576959398, 0.04631195891611881, 0.6921187674987458, 0.4580917588807587, -0.021512161662173287], [0.4559589850709837, -0.49012263544305784, -0.7547155009960015, -0.0017536978031939127, -0.5685889395071236, 0.18019186064438897, 0.6393780061425914, 0.17471279288948477, 0.0972644627778902, -0.014729844537025853], [-0.45058127416374444, -0.5222296187207162, -0.09774720936393128, 0.6625727184089134, 0.31668221581364464, -0.010180557398263707, 0.1747962836864686, 0.07805726305602714, -0.6490516328348216, 0.0011243963763884635]], "inverted": true, "swapped": false, "error_lsq": 0.04750014340283567, "error_max": 0.2709758332633824, "target": "694.xyz", "model": "16.xyz", "model_rescale": 3.7852294659196426, "target_rescale": 3.6085861279398053},
{"mapping": [1, 7, 10, 8, 11, 2, 3, 0, 4, 12], "R": [[0.23355017035949746, -0.20158776617466895, 0.9512185292842845], [0.11652621741184915, 0.9770253225453178, 0.17844651792877478], [-0.9653372253159704, 0.06916568248723545, 0.25167469039484036]], "T": [0.039730987335650274, -0.06571766760259598, -0.07458364352932804], "aligned_model": [[-0.20456986367998764, -0.54172007660304, 0.46486637801256275, 0.043314507957067254, -0.3763052778323843, -0.5064372295776215, 0.10414258914045949, 0.6568995995998208, 0.5477591099821243, 0.06841147129732354], [0.4160002927806066, -0.3321376240292525, -0.7385966376230322, -0.0396894341115717, -0.5344367818873711, 0.17534048123866727, 0.703499877266927, 0.16586186751405432, 0.04665382509355635, -0.14490037700364747], [-0.5018061325024065, -0.3615715740048187, -0.20007813176433442, 0.5761971188582538, 0.3063996794684149, 0.058376007272220795, 0.11686056604724333, 0.10211094803984165, -0.5552776827259174, -0.03776821382853222]], "inverted": true, "swapped": false, "error_lsq": 0.035758565584938534, "error_max": 0.19421599859807367, "target": "694.xyz", "model": "17.xyz", "model_rescale": 3.901054581598922, "target_rescale": 3.6085861279398053},
{"mapping": [6, 1, 3, 5, 8, 4, 10, 9, 12, 14], "R": [[-0.2646467184014424, -0.9205284716058846, -0.28738379808590764], [-0.23595921284280852, 0.35076299188956506, -0.9062497301490815], [0.935032279824579, -0.17202516235601983, -0.31003544829976337]], "T": [0.05300202681363152, -0.11904305424715948, -0.07106458586379513], "aligned_model": [[-0.20032642325152633, -0.5203784835296995, 0.4703501070673739, 0.24765616831860837, -0.3730746841636123, -0.6287813777283298, -0.03723973104710897, 0.5402777146261166, 0.6562939634964028, 0.1015839545080999], [0.2916514394182598, -0.2769938850312533, -0.7100152266220036, -0.14413891931801803, -0.3166310431558054, 0.22128296070516945, 0.6393863415688433, 0.2296122712913919, -0.11771515601226545, -0.09884329360538203], [-0.6462866947318657, -0.43434392032816016, -0.31596938553062115, 0.5218654350888684, 0.39780199978901476, 0.1408872075885073, 0.22742331142726271, 0.20314608018471994, -0.5046682988288016, -0.08641314979895967]], "inverted": true, "swapped": false, "error_lsq": 0.04422458993712899, "error_max": 0.2082836717041282, "target": "694.xyz", "model": "18.xyz", "model_rescale": 3.9405287249114394, "target_rescale": 3.6085861279398053},
{"mapping": [13, 12, 0, 2, 3, 14, 11, 5, 7, 15], "R": [[-0.04510823195898969, 0.4386980101190604, -0.8975017010162771], [0.5393252932544197, 0.7669320290331338, 0.3477693070113503], [0.8408885035874663, -0.46835810952805906, -0.2711958808199978]], "T": [0.070812194588813, -0.11844259309945657, -0.13403054520321492], "aligned_model": [[-0.19620427944653446, -0.37552157264650615, 0.4061371796553509, 0.3093883807495975, -0.5769795884925826, -0.60672420158365, 0.026984085778760325, 0.7257001514639845, 0.4699633056943449, 0.07361774712355913], [0.3819688085175077, -0.36879027651433105, -0.7058888506434648, -0.1056436204231391, -0.4302497423465139, 0.24176143780543405, 0.5674750105530828, 0.17696187726857152, 0.07052950818776224, -0.11052866316597292], [-0.4940589844930062, -0.3296098586382673, -0.2570683720842848, 0.7015787371222342, 0.32266487006238065, -0.029453061691296772, 0.08232411681613758, 0.28444359448204193, -0.6822946096645427, -0.0950838470514315]], "inverted": false, "swapped": false, "error_lsq": 0.04305815156464161, "error_max": 0.19979198018190777, "target": "694.xyz", "model": "19.xyz", "model_rescale": 4.410303926677745, "target_rescale": 3.6085861279398053},
{"mapping": [8, 1, 2, 6, 0, 5, 10, 11, 12, 13], "R": [[-0.33006925328602155, -0.9014583651070268, -0.2800483958421731], [0.31973227667160187, 0.17237226735186661, -0.9316968781220484], [0.8881585214867909, -0.3970650040315099, 0.23133054982828072]], "T": [0.05552027583117468, -0.10401663565394403, -0.01745420914318841], "aligned_model": [[-0.2049715792384621, -0.4837759635289186, 0.1964866016191184, 0.30445072309761473, -0.28512102690572755, -0.5917954981212354, -0.057435019145507735, 0.7538602341730181, 0.5934644579432252, 0.03119827840319933], [0.3574168315585364, -0.44035582140084273, -0.7410410441531867, -0.1657673903640353, -0.640024597357577, 0.4250484428687953, 0.6821790647117969, 0.2783152939365887, 0.0018544942700301215, -0.04002978483116919], [-0.574482691526207, -0.4163970741195768, -0.13119569552405722, 0.5028594461600361, 0.313934294554158, -0.005489492326618058, 0.19295357367480648, 0.2133637336003783, -0.5371486367340443, -0.05495487289891024]], "inverted": true, "swapped": false, "error_lsq": 0.04758115472758195, "error_max": 0.253593184470561, "target": "694.xyz", "model": "20.xyz", "model_rescale": 4.121658175737393, "target_rescale": 3.6085861279398053},
{"mapping": [10, 2, 3, 5, 1, 6, 9, 7, 11, 12], "R": [[-0.5178943119350353, 0.7353147303430398, 0.437147262379486], [0.463476398155995, -0.18832603720574964, 0.8658654237597921], [0.7190098121845642, 0.651034216497813, -0.24326803927231527]], "T": [-0.02305742501405445, -0.005459432743998759, 0.013129366066165486], "aligned_model": [[-0.31414954976112314, -0.4647582634448853, 0.3445399444854662, 0.178718326901542, -0.4028041223561764, -0.6422619438051287, 0.2213498621068975, 0.6548644021434497, 0.628962966265534, 0.05189958576074879], [0.46325601175135855, -0.46804133870793146, -0.5826489839831417, -0.10851967133552487, -0.5279615300247585, 0.19040745741030804, 0.6740907202539084, -0.05030702815290341, 0.19240574384769818, -0.06508589182007646], [-0.5384540353055127, -0.3956859758834664, -0.1067251241516369, 0.6554444469626813, 0.26839172166996556, 0.04222210265288845, -0.020627747900218242, 0.0854394562794557, -0.5439054482757459, 0.05734318881155409]], "inverted": true, "swapped": false, "error_lsq": 0.05194473863632829, "error_max": 0.2798579895754828, "target": "694.xyz", "model": "21.xyz", "model_rescale": 4.08911054899281, "target_rescale": 3.6085861279398053},
{"mapping": [8, 9, 7, 4, 14, 15, 1, 0, 6, 16], "R": [[0.008994571990656508, 0.4849922001898073, 0.8744722199302587], [0.9500472224122727, 0.2686921828361478, -0.15879164357569872], [-0.3119765581921671, 0.8322181664910926, -0.458348721500097]], "T": [-0.06164482650165331, -0.10444391589811199, -0.05783005190432257], "aligned_model": [[0.04600648015490486, -0.5538905829009808, 0.4751111193671978, 0.27521737292187765, -0.5152765860047276, -0.6591072428757262, 0.02784050308121406, 0.6668342950940551, 0.5155828604398861, -0.021957010981376236], [0.40063308590910496, -0.495510104617406, -0.5454706014553464, -0.07642866115722322, -0.44520293544292844, 0.2133040520038077, 0.675448991685681, 0.09888250426594151, 0.00640603100966497, -0.11446687296235929], [-0.5205075167549909, -0.3929553462494941, -0.21009529813690453, 0.5521135438232687, 0.24204342694311387, 0.21342980102055809, 0.05946363827542352, 0.10966900612792492, -0.5161799349085969, -0.033538735280337455]], "inverted": true, "swapped": false, "error_lsq": 0.0414764213719109, "error_max": 0.18049848774548852, "target": "694.xyz", "model": "22.xyz", "model_rescale": 4.204369325754507, "target_rescale": 3.6085861279398053},
{"mapping": [13, 12, 0, 2, 3, 14, 11, 5, 7, 15], "R": [[-0.04510823195898969, 0.4386980101190604, -0.8975017010162771], [0.5393252932544197, 0.7669320290331338, 0.3477693070113503], [0.8408885035874663, -0.46835810952805906, -0.2711958808199978]], "T": [0.070812194588813, -0.11844259309945657, -0.13403054520321492], "aligned_model": [[-0.19620427944653446, -0.37552157264650615, 0.4061371796553509, 0.3093883807495975, -0.5769795884925826, -0.60672420158365, 0.026984085778760325, 0.7257001514639845, 0.4699633056943449, 0.07361774712355913], [0.3819688085175077, -0.36879027651433105, -0.7058888506434648, -0.1056436204231391, -0.4302497423465139, 0.24176143780543405, 0.5674750105530828, 0.17696187726857152, 0.07052950818776224, -0.11052866316597292], [-0.4940589844930062, -0.3296098586382673, -0.2570683720842848, 0.7015787371222342, 0.32266487006238065, -0.029453061691296772, 0.08232411681613758, 0.28444359448204193, -0.6822946096645427, -0.0950838470514315]], "inverted": false, "swapped": false, "error_lsq": 0.04305815156464161, "error_max": 0.19979198018190777, "target": "694.xyz", "model": "23.xyz", "model_rescale": 4.410303926677745, "target_rescale": 3.6085861279398053},
{"mapping": [7, 11, 15, 4, 10, 1, 0, 5, 6, 16], "R": [[-0.8924015632089162, 0.16877635046978862, 0.4184901354923222], [-0.35828236087843424, 0.2987847341759268, -0.8845119742020434], [-0.27432316684096975, -0.9392775022034329, -0.20616637453479564]], "T": [0.039856604179556596, -0.09214798523582139, -0.11056781409237237], "aligned_model": [[-0.2934924956942926, -0.4674355141782419, 0.5298065486072107, 0.22534070005529883, -0.36179919918375275, -0.717820334076653, 0.07443896886843208, 0.6162169909486023, 0.6650017743327638, -0.013896231383042579], [0.3765621170300088, -0.3325061088438253, -0.6061555439673245, -0.13571125529966582, -0.4184386180106006, 0.27127172758811435, 0.6347279647679328, 0.03279859242937265, -0.07525858004890672, -0.029694806406168943], [-0.4439146519798005, -0.40314970977024844, -0.18169778215765614, 0.5509321969958009, 0.28438912642598807, 0.06317659340324003, 0.09152430461796482, 0.10806221751610598, -0.5427788204149178, -0.023100889776511785]], "inverted": false, "swapped": false, "error_lsq": 0.03880114314131422, "error_max": 0.20354995979222296, "target": "694.xyz", "model": "24.xyz", "model_rescale": 4.28219845311461, "target_rescale": 3.6085861279398053},
{"mapping": [14, 8, 9, 4, 1, 6, 2, 13, 12, 15], "R": [[-0.913327919916875, 0.21222889243226972, -0.34755000779353573], [-0.22296202191456693, -0.9747825664872435, -0.009321204659864005], [-0.34076391752074164, 0.06897713599095714, 0.9376151167864148]], "T": [0.07152648368893211, -0.15053700809209786, -0.032282244632248235], "aligned_model": [[-0.007894894044003675, -0.5693062212087099, 0.49445061419225655, 0.17058306741661727, -0.33762105815993904, -0.6920818235886317, 0.0419907103232684, 0.5718017991225139, 0.552412293214325, 0.03202672102862757], [0.43042878307637017, -0.3363553014662471, -0.643101657418006, -0.09868469398645544, -0.5412619051369425, 0.3269072656476445, 0.5063942085755837, 0.1687757795565376, 0.024795792169693298, -0.12030278177924188], [-0.5184052940195688, -0.22398791254510472, -0.22040170123182962, 0.6903156406177723, 0.26740049206606914, -0.06614156374597754, 0.15837199488822803, -0.0061975872855981815, -0.6001089326123841, 0.022597448728358713]], "inverted": true, "swapped": false, "error_lsq": 0.041907336159645106, "error_max": 0.22165770112552657, "target": "694.xyz", "model": "25.xyz", "model_rescale": 4.100010024507729, "target_rescale": 3.6085861279398053},
{"mapping": [0, 6, 2, 7, 5, 4, 10, 8, 1, 11], "R": [[0.5492926598730687, -0.7424127646224461, -0.3835373003180075], [-0.6477180667773661, -0.0882877279167287, -0.7567473707053716], [0.5279572707897491, 0.6640998148056947, -0.5293699615536203]], "T": [0.1160310243500515, -0.04934101544878533, -0.021094903143102407], "aligned_model": [[-0.029913644913014126, -0.3516237852977451, 0.30713157647208605, 0.2686364058512861, -0.4350655462010051, -0.7375922686573252, 0.06458900009537738, 0.6134356439125319, 0.531778308435858, 0.02498551859827447], [0.4389829531860315, -0.34979818659323936, -0.7345258840623036, -0.2448611432670487, -0.3912174067898691, 0.12963330068046142, 0.583650973750665, 0.2904491377376899, 0.001179444345912939, -0.0058976997493632305], [-0.5815227139307977, -0.3550209510401355, -0.22544646586383799, 0.6090159790436318, 0.35785004443106977, 0.05056434631959053, 0.08696629379824562, 0.09718072913265353, -0.5900838596928841, 0.05393918266242921]], "inverted": false, "swapped": false, "error_lsq": 0.04278261921995418, "error_max": 0.1997588783076656, "target": "694.xyz", "model": "26.xyz", "model_rescale": 3.6694154284099745, "target_rescale": 3.6085861279398053},
{"mapping": [9, 7, 6, 0, 5, 8, 10, 2, 12, 13], "R": [[-0.071758503577769, -0.9265156508016852, 0.36935005886531186], [-0.2549690674203275, 0.3750408480418781, 0.8912548103426079], [-0.964282889935878, -0.030217728563857793, -0.2631452014712661]], "T": [-0.004037740486099367, -0.012856684863840161, -0.043628181744282596], "aligned_model": [[-0.17735327554264335, -0.4640065023222393, 0.47624968787308586, 0.1697879161284508, -0.4484405289829846, -0.5418186360013707, 0.011109519341713586, 0.6224475750831348, 0.5604084596011114, 0.047976993118066115], [0.3245596424766718, -0.33945003230921506, -0.47947524393045166, -0.2638657898819736, -0.5020738534860467, 0.3095095957061795, 0.5826475557714552, 0.08991861238979194, 0.000534870732991145, -0.004709868230465956], [-0.610175163752357, -0.32272323411497006, -0.1945637252690316, 0.5426417334259042, 0.3912870090948217, 0.07977717470467244, 0.04025256573525399, 0.1994418366739248, -0.6012606474448146, -0.02123496419343863]], "inverted": false, "swapped": false, "error_lsq": 0.040479232461089525, "error_max": 0.2126422870495585, "target": "694.xyz", "model": "27.xyz", "model_rescale": 4.103607728864725, "target_rescale": 3.6085861279398053},
{"mapping": [10, 6, 8, 1, 5, 9, 3, 2, 13, 14], "R": [[0.9140485998112599, -0.1674702108128629, -0.36941695368969096], [-0.33976346078092146, -0.8135838722478705, -0.47184963021743753], [-0.22153091861238536, 0.5568078764784641, -0.8005554576606775]], "T": [0.04369628331163693, -0.003093155345217622, -0.2026791162858794], "aligned_model": [[-0.24616556476339563, -0.49295797412384307, 0.48452506278521223, 0.2833201019729463, -0.42709518762691134, -0.7208601651179711, 0.12063159474175177, 0.6016693822183674, 0.5589674892262908, 0.094326468983877], [0.31120773301264043, -0.29952437699695844, -0.6941472949070514, -0.2788322987313667, -0.3620695297581187, 0.19312156680955528, 0.6666254696043057, 0.2804708025605096, -0.09643094654829626, -0.0028256358062825927], [-0.4801144004761576, -0.36204662131215404, -0.18282615205099262, 0.615495182020853, 0.22700886805479983, 0.014293568694099201, 0.1276067808058374, 0.18407430503750113, -0.5843283977502759, -0.05572054816354485]], "inverted": false, "swapped": false, "error_lsq": 0.042295177734187714, "error_max": 0.16099860659967602, "target": "694.xyz", "model": "28.xyz", "model_rescale": 4.137296879288765, "target_rescale": 3.6085861279398053},
{"mapping": [5, 3, 7, 9, 8, 4, 6, 0, 1, 10], "R": [[0.44720656881035603, -0.7711393891317707, 0.4531559635957009], [0.886120650302953, 0.31307764665412596, -0.34172003200308093], [0.1216407740831201, 0.5543703001559465, 0.823332917103079]], "T": [-0.0009167630073856764, -0.048299941747151715, -0.1076261675563091], "aligned_model": [[0.0747181748892853, -0.5463231946677529, 0.3929280627420811, 0.1839911208278056, -0.2711973779670887, -0.6611475202322039, -0.06087245621606341, 0.6488846393739439, 0.5412256581724821, -0.045845898626164325], [0.48436214454136206, -0.3998222916009605, -0.6470285882040416, -0.09347289817582935, -0.6229935516709111, 0.3155370423559507, 0.6068824918511461, 0.18860658868222366, -0.09494988780631744, -0.019525560733686016], [-0.512284795824405, -0.31936323757327545, -0.12818062756243492, 0.6503729714616453, 0.23153385642291846, 0.06942738081626837, 0.18097237109741526, 0.0026179963271152074, -0.6280724602510985, -0.04358087005418383]], "inverted": false, "swapped": false, "error_lsq": 0.04409445038618201, "error_max": 0.24159024428673506, "target": "694.xyz", "model": "29.xyz", "model_rescale": 3.607286011436655, "target_rescale": 3.6085861279398053},
{"mapping": [11, 13, 5, 3, 2, 1, 9, 8, 10, 14], "R": [[0.8772550977724163, -0.46292521710097556, 0.12697927706647041], [0.4508629730478412, 0.7038164522644286, -0.5489671948817846], [0.16476065357593847, 0.5388345245935232, 0.8261424103260295]], "T": [0.05265523876600524, -0.16815466503828855, -0.04230193420771394], "aligned_model": [[-0.04714339976756189, -0.5253939460594925, 0.5197209431363085, 0.3227094087777219, -0.6182930476431667, -0.5588139940233503, 0.02396910228735822, 0.5917603447960844, 0.5310293960231641, 0.01681640076925859], [0.2192388244044444, -0.33093737634942955, -0.718514349363002, 0.002035234633568167, -0.4714893020134032, 0.2100158351811481, 0.5779835631525898, 0.24121197058794594, -0.004832844783637769, -0.007116066211287381], [-0.4718337479786922, -0.4609371586841008, -0.2861360484214609, 0.6819615396571082, 0.2862647078407839, 0.10274464097134176, 0.19647025410971905, 0.04096640055009568, -0.5558767069518529, -0.030181296232976607]], "inverted": true, "swapped": false, "error_lsq": 0.04489793646108152, "error_max": 0.21790017961978364, "target": "694.xyz", "model": "30.xyz", "model_rescale": 3.964800864290218, "target_rescale": 3.6085861279398053},
{"mapping": [0, 9, 7, 6, 10, 2, 3, 1, 8, 11], "R": [[0.8803242986996898, -0.3892360355799909, 0.2711539004419288], [-0.14119083692402798, -0.760692511946026, -0.6335708719929739], [0.45287335612463664, 0.5194633874251552, -0.7246126637295205]], "T": [0.0018881755297098235, 0.022728799970033974, 0.06756531075719396], "aligned_model": [[0.037194640964361494, -0.39699329560819324, 0.3568058421645905, 0.3643285168699809, -0.3466620859773329, -0.6026530384264779, -0.13061228187561755, 0.5485663718580918, 0.41000535984507885, 0.016381178481842503], [0.4650703381213773, -0.30535416027216544, -0.6849210773445618, -0.13915465220678747, -0.45982443883915375, 0.2072937328494854, 0.6843236658393063, 0.20482994154739737, -0.17343519353714937, -0.08123266691881185], [-0.4460306833868066, -0.5032642424391088, -0.10860522997593808, 0.6131548977840866, 0.2875611847998402, -0.00034172944366375746, 0.22362115742178573, -0.004640586884575526, -0.6073021059255824, 0.04928992290992812]], "inverted": false, "swapped": false, "error_lsq": 0.05205480366157832, "error_max": 0.2604937593278143, "target": "694.xyz", "model": "31.xyz", "model_rescale": 3.5958979899826287, "target_rescale": 3.6085861279398053},
{"mapping": [3, 7, 5, 9, 8, 1, 2, 6, 10, 12], "R": [[-0.030536909720752597, 0.6273529142567426, 0.7781361179885424], [-0.8178290888706617, -0.4632557110152023, 0.3413938013625648], [0.5746503967993841, -0.6259572407004903, 0.5272138600918405]], "T": [0.006837800559930374, 0.05743355516823012, -0.11669145394881617], "aligned_model": [[-0.1067953459515071, -0.5302296841003258, 0.4311622972290437, 0.25167163577709356, -0.46460622094486054, -0.6407257145977505, -0.0039149830488420904, 0.6543417303358979, 0.5791852695997636, 0.08627222399781163], [0.14811299773176334, -0.3245933860493733, -0.7384947130698327, -0.14473771835284308, -0.33290197189477977, 0.2428316113688122, 0.5357274931849255, 0.18825413218423043, 0.14680256154918622, -0.003405517413151954], [-0.6873957058785908, -0.40655593319410366, -0.1991433322598568, 0.5577002355967606, 0.31722612446419296, 0.19386220091374198, 0.18860015499261565, 0.1728424363291974, -0.5569722723731231, -0.07672132373086923]], "inverted": false, "swapped": false, "error_lsq": 0.04347753903689117, "error_max": 0.24640432288785444, "target": "694.xyz", "model": "32.xyz", "model_rescale": 3.9765860457182933, "target_rescale": 3.6085861279398053},
