[{"mapping": [5, 4, 9, 11, 13, 7, 3, 0, 8, 1, 10, 14], "R": [[0.7900141687892901, -0.1599419649610348, -0.5918582439711134], [0.5540440275214293, -0.22710367243336174, 0.80091144175565], [-0.2625125305199745, -0.9606469121439383, -0.09080022856973448]], "T": [-0.05957464111621914, -0.10618775645790571, 0.011346302838289383], "aligned_model": [[-0.430008215643185, 0.4740485597225733, 0.36763245943205103, -0.03228132350472497, -0.012115817419637284, -0.6745788505259298, 0.44983402737902356, -0.2884712475720533, 0.7288269646035526, -0.042640434783537975, -0.7000835952125671, -0.002520064015016102], [-0.1444268321629515, -0.6406120444193735, -0.3104033034421159, 0.6518925019847209, 0.317590095820001, -0.5268181097055421, -0.15866598029395554, -0.4570838025608832, 0.0006050117138132471, 0.3855291307241091, 0.012315834625637762, -0.07636746630640298], [-0.4024149762015916, 0.02819112807806385, -0.6090779731315181, 0.009299288112099525, -0.6562168344454816, -0.05991077898337474, 0.4464526620481072, 0.6771265903442754, -0.05793634361078284, 0.4898563730703395, 0.3747933273120602, -0.05821071723863448]], "inverted": false, "swapped": true, "error_lsq": 0.049089201538414125, "error_max": 0.2729999268854834, "target": "696.xyz", "model": "0.xyz", "model_rescale": 3.751011558992144, "target_rescale": 4.188772528558162},
{"mapping": [2, 8, 13, 5, 9, 7, 12, 3, 10, 11, 0, 4, 1, 6, 14], "R": [[0.12297520086265397, 0.6064440681588619, -0.785558840678227], [-0.9869666559666546, -0.00805527316090078, -0.1607231550969015], [-0.10379749506991637, 0.7950853443305526, 0.5975494751466004]], "T": [0.01844517138250461, -0.04424497051635481, -0.0012036744653263001], "aligned_model": [[-0.5488969922049837, 0.1162086124274156, -0.3656183013854815, 0.075643642709147, 0.22253984486207512, -0.24362946190718515, -0.3108173035502229, -0.7254430655667957, 0.8065259357001707, 0.348918501503322, -0.5832888462214356, 0.6260029501622087, -0.006062960222726021, 0.33251392095964244, 0.014900334000759314], [-0.6347078726196861, -0.6612894389942049, -0.17673331615532428, -0.5092120035632883, 0.0011346182955084896, 0.4856833910701811, 0.5241133886812382, 0.07856702031161941, -0.047871961527511685, 0.6308003635159489, -0.08235251981492778, -0.31575004726219413, 0.03255470868462417, 0.5316912211973327, -0.007983693905700896], [-0.11615815521178466, 0.22266388829403913, -0.6032371332164345, -0.4142654616752392, -0.6260842058557895, 0.2990792620620905, -0.34837812947117197, -0.12348775090255723, -0.22785164374268166, -0.26921890538840015, 0.4591967004738814, 0.42626855697820987, 0.6910294583704862, 0.3640141631104532, -0.04214712803082458]], "inverted": true, "swapped": false, "error_lsq": 0.044312906264056144, "error_max": 0.2845157172127563, "target": "696.xyz", "model": "1.xyz", "model_rescale": 3.9405287249114394, "target_rescale": 4.188772528558162},
{"mapping": [12, 10, 1, 6, 2, 11, 5, 7, 4, 8, 9, 13, 14], "R": [[-0.8573172624065192, 0.2185416895271743, -0.4660972447015753], [-0.502470615321919, -0.1583659610991543, 0.8499667658815573], [0.111939234934871, 0.9628913502071508, 0.2455806494381152]], "T": [-0.03984095653301458, -0.04754931970074792, -0.060689916234627314], "aligned_model": [[-0.3116979844712212, 0.15413426939397823, -0.461271896962528, 0.5335103184599979, 0.5084367235777006, -0.7325686591304017, 0.13238076128766074, 0.6021386348489961, 0.20813564455025885, -0.48375758490961657, -0.07853181587661526, -0.47941496857825083, -0.09551016290602743], [0.685499578702603, 0.6398230512114613, 0.2521544872107427, -0.2546926869707835, -0.36077910868002805, 0.26043788487690184, 0.17411268800242438, 0.29127613362116966, -0.7450696484795234, -0.7046780380990959, -0.6390770064158475, -0.04140263632046435, -0.09877210508754347], [-0.07858090862595328, -0.2758210306956273, -0.5119301431304858, 0.22602889456726488, -0.4298112711311201, -0.03410033995816468, 0.4200254780811926, 0.12178517742151539, -0.2110886676571544, -0.15503898534066085, 0.4469853656674137, 0.5982618699424548, -0.0035950895520309376]], "inverted": false, "swapped": true, "error_lsq": 0.0450712077471778, "error_max": 0.26123533826673107, "target": "696.xyz", "model": "2.xyz", "model_rescale": 3.932901565614263, "target_rescale": 4.188772528558162},
{"mapping": [3, 0, 2, 1, 4, 9, 6, 8, 11, 13, 5, 12, 5, 14], "R": [[-0.9341660831100904, 0.1912375126715868, 0.301267228410155], [0.07853972208085783, -0.7133739709298872, 0.6963685013376081], [0.3480879791406383, 0.6741852796872009, 0.6513900271196031]], "T": [0.09025824529188729, -0.055617031916712134, 0.0058782412207394885], "aligned_model": [[-0.36045760739244553, 0.44193102781356713, 0.2008566223039981, -0.06663673202572153, -0.24359187006290345, -0.2701694303483006, 0.392921465115855, -0.6927881299771911, -0.1780226828166397, -0.11297337217673122, 0.43911132926312296, 0.4061948278622223, 0.43911132926312296, 0.024323135230748347], [0.0458012844295953, 0.13101624989301416, -0.377212989699842, 0.6034922318506386, -0.5793250623966608, -0.685464240156135, -0.6529321157953327, -0.20184438331843127, 0.5153180605483161, -0.1448749800521698, -0.24623651086127601, 0.5901526193159321, -0.24623651086127601, -0.0881570145458844], [-0.4821158618055377, -0.6725606690752752, -0.6416678411487338, -0.10368040200807035, -0.4241459295677464, 0.2931421677886195, -0.06799598665744572, -0.05102350053007207, 0.427177727929598, 0.7662797658403491, 0.39555425553388734, 0.3136974284705834, 0.39555425553388734, 0.0656809527530537]], "inverted": false, "swapped": true, "error_lsq": 0.04897317457357917, "error_max": 0.36409156184295305, "target": "696.xyz", "model": "3.xyz", "model_rescale": 3.9243930471874484, "target_rescale": 4.188772528558162},
{"mapping": [10, 7, 0, 1, 3, 12, 11, 2, 4, 9, 8, 13, 14], "R": [[0.0616378907028068, -0.8278359831253862, -0.5575736323325685], [0.057458109436389154, 0.5606524427484664, -0.8260553275054727], [0.9964433431408456, 0.018879181205843865, 0.08212332450219084]], "T": [-0.054061180002498765, -0.03346617065441579, -0.11528731662324039], "aligned_model": [[-0.10646835350485273, -0.3331206511170267, 0.4600953793326556, 0.24126889152591585, 0.5790869365901234, -0.3185813102437372, -0.21193245933949142, 0.4195730288370592, 0.3525840225523562, -0.30465419509153224, 0.26744508699349107, -0.6787863313696589, -0.08930415885394971], [-0.5819424090652009, 0.045648436918197255, -0.18826728892879074, -0.6272569602507502, 0.024491305081992015, -0.765137078515648, -0.5942852233851773, 0.3478200054142748, 0.6003416583055097, 0.6080679659746692, 0.2693913149692986, -0.01366209407445998, 0.002619921237672823], [-0.6180952969103289, -0.805290457068663, -0.6901479337495942, 0.06145203620785146, 0.1022743822150085, -0.19449465204860295, 0.3705042466532778, -0.521813303502377, -0.055503511440351413, 0.2518274759549693, 0.5500644219468674, 0.37134070773230754, -0.0350478006194007]], "inverted": false, "swapped": true, "error_lsq": 0.053216523745463186, "error_max": 0.3411059512358123, "target": "696.xyz", "model": "4.xyz", "model_rescale": 3.8936222436046832, "target_rescale": 4.188772528558162},
{"mapping": [7, 10, 2, 6, 3, 1, 11, 8, 9, 5, 4, 14], "R": [[-0.13353682930531036, -0.9603317480212115, 0.2448077796182324], [-0.5193327439990412, 0.27819581832835677, 0.8080226405708212], [-0.8440742954441338, -0.019235914512717278, -0.5358811093548164]], "T": [-0.10809192530911822, -0.10906819791358988, 0.022758262395608624], "aligned_model": [[0.04212278229595286, -0.5503553724067601, -0.1840513962929861, 0.35270136829686, -0.4479179903310447, -0.7213067426085573, -0.3614184282869158, -0.0033064244815520227, 0.5830512464133305, 0.25608020644673996, 0.10960134563586944, -0.04765255246583963], [-0.5728218022778941, -0.6675285193146648, 0.2537040348683033, -0.11310602131068634, 0.470647388866692, -0.14118309806952747, -0.30859670036271647, 0.5807286654722701, 0.2232741311647042, -0.5278838278757289, 0.5505678427554365, -0.07887918880638055], [-0.5452256981463011, -0.19840609675398574, -0.6077957446033995, -0.46866922173374026, 0.026855006909574257, 0.3293204466746868, 0.7093795942047941, 0.4113224892791775, 0.16769228561247923, -0.02029731369077426, -0.27412003221294234, 0.08922900373594961]], "inverted": true, "swapped": true, "error_lsq": 0.047995744890200344, "error_max": 0.2813879906731174, "target": "696.xyz", "model": "5.xyz", "model_rescale": 3.6523030999806103, "target_rescale": 4.188772528558162},
{"mapping": [0, 2, 6, 10, 5, 3, 9, 1, 8, 11, 13, 12, 14], "R": [[-0.7559894738550209, 0.045761158326135656, 0.652982259949732], [0.043549304734879515, 0.998859367726347, -0.019581153245694427], [-0.653133503563795, 0.01363377768533413, -0.7571200344915657]], "T": [0.06874102516386381, -0.002536920874635709, 0.06942282873731556], "aligned_model": [[0.3260794287450153, -0.07207553192914325, 0.11377187756842021, 0.7492177788445396, 0.3928767155102147, -0.3995951701633832, -0.43284625803092913, 0.14360747019073106, -0.7091777877326458, 0.11255767645405622, -0.002124299898559126, 0.6504199756688464, 0.00837102943713184], [-0.545138806080032, -0.1917453911509192, 0.42297820836601246, -0.30780489058289934, 0.44897677390377894, -0.4707363987361948, 0.5947806504862965, -0.5756285712179091, -0.04840431210739942, -0.1692220841636925, 0.5465169816770262, -0.21561979687412075, 0.051874540643236135], [0.5775027664076668, 0.7617686540850208, 0.5897658240075185, 0.08172792306995572, 0.038550612238351184, 0.18352434676607823, 0.09695635161987212, -0.3007192082071962, -0.1052779877961689, -0.6693132209482167, -0.49714443830577526, -0.40789499535237606, 0.020663111897058523]], "inverted": false, "swapped": true, "error_lsq": 0.056287753510005374, "error_max": 0.3117012975841716, "target": "696.xyz", "model": "6.xyz", "model_rescale": 4.08911054899281, "target_rescale": 4.188772528558162},
{"mapping": [9, 1, 8, 11, 10, 6, 4, 3, 12, 5, 0, 2, 2, 7, 14], "R": [[-0.6593466541892423, -0.5855134577929304, -0.47163119103046847], [0.14112924807077545, -0.7125393824650691, 0.6872919057978755], [-0.738474457884922, 0.3866026631823227, 0.5524435318400481]], "T": [0.060555482292623655, -0.01569388634882509, -0.09526926685842796], "aligned_model": [[-0.4593182272026609, -0.003264140064855342, -0.38959645709504503, 0.27223946703555824, 0.2292295973814923, -0.15817351044388162, -0.30026683420216427, -0.7046658443020046, 0.716743585762375, 0.3353617080006977, -0.5849025415597204, 0.1762278619080654, 0.1762278619080654, 0.46234147112096685, -0.008687186980978437], [-0.589986120467443, -0.6246877089436467, -0.040531948265176726, -0.4744301875898255, 0.0035708079320188393, 0.24547148784724335, 0.5344258812353798, 0.14165755494378424, -0.021796951425313814, 0.6350905495357486, -0.15313886364641185, -0.0633114372620083, -0.0633114372620083, 0.4834655683654905, -0.16384333708421703], [-0.21558993804359639, 0.30846287045403686, -0.6070263141286576, -0.39407013614135994, -0.7955926299952264, 0.26955019741256847, -0.3483008596184832, 0.031727904423727527, -0.3734451886644682, -0.3806854295153602, 0.5749165288461523, 0.7012808023339525, 0.7012808023339525, 0.33912320831579573, -0.1202083022187573]], "inverted": true, "swapped": false, "error_lsq": 0.04671372618051593, "error_max": 0.3420166507215344, "target": "696.xyz", "model": "7.xyz", "model_rescale": 3.964800864290218, "target_rescale": 4.188772528558162},
{"mapping": [3, 8, 4, 1, 2, 11, 0, 9, 13, 5, 12, 7, 6, 14], "R": [[0.16969767454922266, 0.7998018554291972, -0.5757774668260297], [-0.9054322584490864, -0.1041419381681483, -0.41151777856414495], [-0.38909526418651413, 0.5911611022103832, 0.7064937555428439]], "T": [-0.022734829619832152, -0.015531765483624829, 0.10635698700964602], "aligned_model": [[-0.14815179319131058, 0.24486959105081602, 0.4428510220871876, -0.6506488825826562, 0.1210609870616733, -0.42771697355073324, -0.41597298652017095, 0.7094294045244708, 0.2689199338131229, 0.18444292755627295, -0.6293505415523342, 0.04893253008382145, 0.47892376315887136, 0.033598907521841484], [-0.04176947126798427, -0.48655566705225145, 0.17953588652878993, -0.2408551574689163, 0.5763695027364811, -0.6409366693061921, 0.6217476010288493, -0.27774560527431774, -0.6297682582568089, 0.028728758246517487, -0.177910742286661, 0.5773164932297622, 0.41446149957961054, -0.0916697042556763], [-0.5533026732573659, -0.4804191462156887, -0.4556262992209422, -0.0548803005934779, -0.2985473740888034, 0.24881035856605044, -0.1345244025254062, 0.04066364591873364, 0.5127208389953445, 0.6211385319886128, 0.5724443872121512, 0.5576134274825177, 0.23785673567587723, 0.10286730878741847]], "inverted": false, "swapped": true, "error_lsq": 0.04202920556798995, "error_max": 0.24116614579371345, "target": "696.xyz", "model": "8.xyz", "model_rescale": 4.121658175737393, "target_rescale": 4.188772528558162},
{"mapping": [9, 6, 5, 13, 2, 3, 10, 1, 12, 0, 8, 11, 14], "R": [[0.11819202449170554, -0.008306476330592782, -0.992956015036679], [-0.9454295047746131, -0.30670805302219306, -0.10996918528827027], [-0.30363414967388364, 0.9517673942000247, -0.04410363351825669]], "T": [-0.06769435246430387, -0.033934818408923574, -0.08555095696339268], "aligned_model": [[-0.4662264052732481, -0.392349656268231, 0.1850209173666003, 0.2531903777613991, -0.6355226287253654, -0.48271063921121754, 0.43124987728522124, 0.24655612016173412, 0.6870638754643835, -0.2115972424317965, -0.523308390312289, 0.4656247930675914, -0.0802535024495851], [0.46863030146791956, -0.2777462124661638, -0.06033358846247809, 0.5949164928427032, -0.4929921746393763, 0.01941249598601326, -0.5758849763935634, -0.021120931120715475, -0.1408565813223382, -0.7370885657495962, 0.5611414881161241, 0.39552127262112124, 0.05678841853205991], [-0.5302268858921386, -0.6231406457108404, -0.5808485981997229, -0.4447995735691872, -0.043015298730407395, 0.44026673494280133, 0.03163796246250028, 0.524470843093332, 0.08907656861016208, 0.2363991148008899, 0.19027853794721797, 0.24090416795011468, -0.10992749374563293]], "inverted": true, "swapped": true, "error_lsq": 0.0521379303761907, "error_max": 0.31542090152067215, "target": "696.xyz", "model": "9.xyz", "model_rescale": 3.833441315466971, "target_rescale": 4.188772528558162},
{"mapping": [10, 12, 8, 11, 9, 5, 2, 13, 7, 3, 0, 6, 1, 4, 14], "R": [[0.023120719388622035, -0.7226576643412119, 0.6908193197239474], [0.9961138963508362, -0.04208870057648328, -0.07736696181535568], [0.08498551542297178, 0.6899235040587384, 0.7188762207192587]], "T": [0.01797449467195805, -0.07388298116575366, 0.03059041948289917], "aligned_model": [[-0.4961607777741132, 0.16465943524723142, -0.25354085542782073, 0.2422865537049013, 0.04306118072449888, -0.27240219961742335, -0.25027702938734847, -0.7029163525080054, 0.5215779479342324, 0.4660316929999804, -0.5567936961402897, 0.48871445869058583, -0.13172720812229594, 0.45290237276898565, 0.044081288172791055], [-0.6695809202387657, -0.565641884349373, -0.2782119939902465, -0.6132464799985499, 0.23498997213387346, 0.45286659235282367, 0.5021154499202767, 0.2654508875920343, -0.13727066866110604, 0.5747374565521017, -0.19099326318790233, -0.061623127995938165, -0.15435181816600455, 0.5081309151775159, -0.018727259227124593], [-0.20723941575826704, 0.34630669505139916, -0.6708997312356288, -0.32169951415531356, -0.7189949882163053, 0.3398661276763796, -0.30544110010109116, 0.0013422848298652833, -0.4010107154995289, -0.3339066649344843, 0.3766390726789128, 0.5199605762363645, 0.7494249618959312, 0.35923938936958855, -0.04216346204354601]], "inverted": true, "swapped": false, "error_lsq": 0.032807020990466514, "error_max": 0.23036741563233348, "target": "696.xyz", "model": "10.xyz", "model_rescale": 4.2482417240324, "target_rescale": 4.188772528558162},
{"mapping": [11, 12, 0, 7, 8, 4, 3, 6, 5, 9, 13, 14], "R": [[-0.8923051956755111, 0.20477866259847965, -0.4023147239598199], [0.44292666501999256, 0.22495415928237567, -0.8678776386310613], [-0.08722045164269299, -0.9526076451330515, -0.2914296952084791]], "T": [-0.004969952133798699, -0.013613635139712872, 0.025765729112573056], "aligned_model": [[-0.6730562356960402, -0.2218290764373834, 0.4615413915732571, 0.6600393482717971, -0.4961376504948053, 0.19095564253581396, -0.1819425434164016, 0.5510552748774631, 0.18245322393202243, -0.08807594347407527, -0.44387621803777644, -0.06436161127086455], [-0.37013820332455977, -0.7646728949403552, -0.19614964192870696, -0.2938785376666971, 0.6029553816092889, 0.6913702484968792, 0.32392194319398127, 0.2502799499601041, -0.19611661378345818, 0.5995318638475648, -0.017281087224689913, 0.036308981811288], [-0.018795955018207376, 0.004106385343632342, 0.6322579840238943, -0.17285918916364532, 0.15374546190726454, 0.21353599656710193, 0.579226779805, -0.2481756118310189, -0.46560670798568393, -0.4499255256699507, -0.6336494586360265, -0.028667869488004052]], "inverted": false, "swapped": true, "error_lsq": 0.034823431995958144, "error_max": 0.1810958203937372, "target": "696.xyz", "model": "11.xyz", "model_rescale": 3.6694154284099745, "target_rescale": 4.188772528558162},
{"mapping": [9, 4, 3, 2, 6, 13, 5, 11, 0, 10, 1, 7, 8, 14], "R": [[-0.9275115322497002, 0.24169324755342997, -0.2851433527734604], [-0.1016092518662277, -0.8971336115747345, -0.42991492520969676], [-0.35971922033580467, -0.36977784826832183, 0.8566600407694122]], "T": [0.013713254642747717, 0.021750079375948996, 0.03715332019627476], "aligned_model": [[-0.10402425036956436, 0.11877153392483053, -0.2352610744278674, 0.4717096166510043, 0.5545853295594743, -0.3775286457306586, 0.2520445065220542, -0.607111730538228, 0.45613300084337954, 0.3187622323538923, -0.37066519172187534, 0.7169928680570208, -0.5491151075081088, -0.04702823735954338], [-0.37780316446780204, 0.31210394566565497, 0.5974812841079956, 0.48787678771025844, -0.17135226969417386, -0.665796852098535, -0.4721749883015515, -0.12072737080367443, 0.6356580851287571, 0.13206313783645196, 0.37415813733147507, -0.15689646360370488, 0.18691045417575217, -0.03051343485064951], [-0.6228703641128505, -0.6522697563386105, -0.20391526486102618, -0.29138452239851387, -0.31500661075358244, -0.00395072705355793, 0.13264100514956495, 0.4491136431174572, 0.25201795547540123, 0.7088412769936306, 0.483366186949244, 0.22078567413185926, -0.5048136139324165, -0.013459422714184752]], "inverted": false, "swapped": true, "error_lsq": 0.046092905041397285, "error_max": 0.2890811012212413, "target": "696.xyz", "model": "12.xyz", "model_rescale": 3.9764082729961374, "target_rescale": 4.188772528558162},
{"mapping": [10, 13, 1, 12, 9, 7, 2, 8, 5, 0, 11, 6, 14, 4, 15], "R": [[0.8834050815917697, 0.22409405327656579, -0.41155475590001184], [-0.46558202364767326, 0.5194034064844933, -0.7165566834441235], [0.053186850573953545, 0.8246223114968354, 0.56317777149639]], "T": [0.012472764254290766, -0.026439412633114924, -0.00026950492178048555], "aligned_model": [[-0.6112828052405126, 0.09558231369866875, -0.32053001603921155, 0.061841175667682116, 0.29400659518082284, -0.09741080192990946, -0.423267500524412, -0.6812326239410785, 0.8196950558178288, 0.23165331584446702, -0.5703027430969754, 0.5354373120727381, -0.06559351623042785, 0.4686095352361789, 0.022291514750051526], [-0.4841085344521641, -0.5820200445682041, -0.12707446627718919, -0.5542827119934983, 0.021431198201265676, 0.7169154690965394, 0.46874575273528046, 0.10577009495805065, 0.035385022447980606, 0.5531726700683315, -0.3637843790086783, -0.20619140154311452, -0.2552967466990917, 0.47999229217659384, 0.03998964277151317], [-0.21847780773324352, 0.24243094912941884, -0.5315926764058096, -0.35545642222467155, -0.529368959825862, 0.07962305176734141, -0.4488022100345517, 0.030492763196196458, -0.21797071544788701, -0.3785784433482721, 0.42058175198730235, 0.526851078917608, 0.7615296917636482, 0.2262915162203755, 0.08386994783268395]], "inverted": false, "swapped": false, "error_lsq": 0.043763388502938365, "error_max": 0.310415734683585, "target": "696.xyz", "model": "13.xyz", "model_rescale": 4.170626492500431, "target_rescale": 4.188772528558162},
{"mapping": [1, 11, 3, 8, 0, 6, 4, 12, 10, 13, 5, 9, 7, 14], "R": [[0.6368722000520541, 0.28098407305814216, -0.717942721593104], [0.7656702528391992, -0.12152183743609654, 0.631649829370128], [0.09023782310103318, -0.9519876016597126, -0.2925350262245106]], "T": [-0.020926214150568195, 0.04504866606426, 0.06373183828152605], "aligned_model": [[0.2827025215874225, 0.17099429264720667, -0.3239742472401378, -0.7124060620715106, 0.3284917519745456, -0.18431638893274607, -0.638740142207806, 0.6557953594530865, 0.7137809487951374, -0.18993472666752878, 0.14138722023379735, -0.6873495439091095, 0.3754064780976062, -0.0886544396683201], [-0.36235156702792065, -0.6880976665347835, 0.02932747892281201, -0.26451751861393014, 0.532721535093359, 0.6054401071932256, 0.4255951294759414, -0.34409070651750756, 0.14345980473108605, -0.4672297447909957, 0.11586289465941779, 0.045761212519974115, 0.5918451393534792, -0.007651630538491765], [-0.39765606002981463, 0.03059925970652201, -0.5358375348983525, -0.18886719092741483, -0.4450582369078093, 0.4000543309902108, -0.14635654230451878, 0.1106943682875761, -0.019389720165741628, 0.643807266787602, 0.5914830582016175, 0.4699529805583243, 0.38648818171790267, 0.10395894010476284]], "inverted": true, "swapped": true, "error_lsq": 0.03983032940286558, "error_max": 0.25474267787942545, "target": "696.xyz", "model": "14.xyz", "model_rescale": 3.9786697098870705, "target_rescale": 4.188772528558162},
{"mapping": [10, 11, 0, 7, 3, 4, 13, 9, 6, 5, 8, 14], "R": [[0.8055750160867414, -0.12258973098493847, 0.5796728830244582], [-0.5124788553091495, 0.34682670078847405, 0.7855422728798281], [-0.2973454494655511, -0.9298833246581116, 0.2165702800591685]], "T": [0.0004015798840132437, -0.03066425053663669, -0.1067937161272031], "aligned_model": [[0.14282192822514594, -0.7198453257165224, 0.49875597621738865, 0.5771649519335439, -0.04609036320477055, 0.33739577155144473, -0.5098293756217583, -0.03244027486563183, 0.5560557814360841, 0.0916584730694156, -0.3566764966957797, -0.05561644956122362], [-0.5567603792618093, -0.20795249086708933, 0.03078375148420006, -0.5068688335669583, 0.5721248018588448, 0.6100239965600635, -0.27989127005037984, 0.25153144466088545, -0.07044761718895426, -0.4749301086681931, 0.6516588116496551, -0.004597616385825315], [-0.6160361620161022, -0.2656901242343588, -0.712311776594517, -0.0783182681481708, -0.40014087714958724, 0.10907724761848238, 0.44550223268652234, 0.6201335022311207, 0.2720379452252646, 0.21597815815105487, 0.1046592535116211, -0.03492463740750015]], "inverted": true, "swapped": true, "error_lsq": 0.04759762253795813, "error_max": 0.23202716479681995, "target": "696.xyz", "model": "15.xyz", "model_rescale": 3.769337070930944, "target_rescale": 4.188772528558162},
{"mapping": [11, 10, 8, 3, 13, 5, 9, 7, 4, 2, 14], "R": [[-0.006581057251459854, 0.9987726240197476, -0.04909109078194268], [0.814460314168121, -0.02312933493590963, -0.5797580792973812], [-0.5801819424375589, -0.04379816633296918, -0.8133084496642409]], "T": [-0.0742582010868767, -0.0348387622169161, -0.04687742249314315], "aligned_model": [[-0.2805372209411541, -0.36565826802742535, -0.14415948684192542, -0.5441030026225948, 0.4413385540353277, 0.3808279098212209, 0.5142235163547746, 0.1907240894877042, -0.018648385160340522, -0.22763256668985954, -0.02374900872455679], [-0.01346635815795131, -0.7205425725069816, 0.7546807282271596, 0.40956835753054466, 0.10159223273738083, -0.34387812954045416, 0.4760160193557062, -0.6306619095728145, 0.4954386726232514, 0.03622589905788567, 0.031091557871615515], [-0.7765533642704983, -0.08272217827221091, -0.1446253472434862, 0.1356516812890577, -0.632562593904648, -0.1321590569939532, -0.0038328063037422894, 0.32056890846063574, 0.4882488977770036, 0.6647390526857236, -0.09253558600010492]], "inverted": false, "swapped": true, "error_lsq": 0.0463661520004563, "error_max": 0.28421362669237593, "target": "696.xyz", "model": "16.xyz", "model_rescale": 3.7852294659196426, "target_rescale": 4.188772528558162},
{"mapping": [10, 2, 3, 0, 7, 6, 9, 4, 1, 11, 13, 8, 14], "R": [[-0.6594006636792169, 0.6909117952938375, -0.2963640596686024], [-0.6174853986729623, -0.7226075248143511, -0.3107251961257247], [-0.42883860269931556, -0.021891921010353116, 0.9031158268070466]], "T": [-0.009774195240856227, 0.11663612440277538, -0.08421693213320469], "aligned_model": [[-0.04331873945333832, -0.29618363965052796, 0.38443553403404745, -0.0719724808222438, -0.6427948159129707, -0.6545968404003805, -0.2577736919906124, -0.16456400479590255, 0.5933505754724482, 0.5775663695131324, 0.02421670353778933, 0.3987588108600561, 0.006642069824785442], [-0.2748751487311524, -0.4266422498830035, -0.19466626162516, -0.6651327199190625, -0.11572392316498198, 0.09508202292573262, 0.6586776715557776, -0.02588937336928676, -0.09350862545589905, 0.44718934649707, 0.8969206745421165, 0.37199097446385493, 0.20163323586686835], [-0.7182376317469943, 0.31301112331927583, 0.36216655001888753, -0.145486256984125, -0.4090728162923727, 0.10965651268770044, 0.41959194965971014, 0.6412990122240901, -0.3354615278092689, -0.43235544200178644, -0.21643338308449678, 0.5527105015754682, -0.04563389442291451]], "inverted": true, "swapped": true, "error_lsq": 0.046743872581223894, "error_max": 0.23815668783033916, "target": "696.xyz", "model": "17.xyz", "model_rescale": 3.901054581598922, "target_rescale": 4.188772528558162},
{"mapping": [2, 8, 13, 5, 9, 7, 12, 3, 10, 11, 0, 4, 1, 6, 14], "R": [[0.12297520086265397, 0.6064440681588619, -0.785558840678227], [-0.9869666559666546, -0.00805527316090078, -0.1607231550969015], [-0.10379749506991637, 0.7950853443305526, 0.5975494751466004]], "T": [0.01844517138250461, -0.04424497051635481, -0.0012036744653263001], "aligned_model": [[-0.5488969922049837, 0.1162086124274156, -0.3656183013854815, 0.075643642709147, 0.22253984486207512, -0.24362946190718515, -0.3108173035502229, -0.7254430655667957, 0.8065259357001707, 0.348918501503322, -0.5832888462214356, 0.6260029501622087, -0.006062960222726021, 0.33251392095964244, 0.014900334000759314], [-0.6347078726196861, -0.6612894389942049, -0.17673331615532428, -0.5092120035632883, 0.0011346182955084896, 0.4856833910701811, 0.5241133886812382, 0.07856702031161941, -0.047871961527511685, 0.6308003635159489, -0.08235251981492778, -0.31575004726219413, 0.03255470868462417, 0.5316912211973327, -0.007983693905700896], [-0.11615815521178466, 0.22266388829403913, -0.6032371332164345, -0.4142654616752392, -0.6260842058557895, 0.2990792620620905, -0.34837812947117197, -0.12348775090255723, -0.22785164374268166, -0.26921890538840015, 0.4591967004738814, 0.42626855697820987, 0.6910294583704862, 0.3640141631104532, -0.04214712803082458]], "inverted": true, "swapped": false, "error_lsq": 0.044312906264056144, "error_max": 0.2845157172127563, "target": "696.xyz", "model": "18.xyz", "model_rescale": 3.9405287249114394, "target_rescale": 4.188772528558162},
{"mapping": [3, 14, 1, 12, 0, 5, 6, 2, 4, 8, 10, 13, 11, 9, 15], "R": [[0.7677289867799116, -0.5962758033338291, -0.23462175776446437], [-0.11910962960489452, -0.49256979763798914, 0.8620834591791304], [-0.6296070989063538, -0.6339007499707403, -0.4491823017364528]], "T": [0.10936800301293113, -0.06285312854647732, -0.04237343987973331], "aligned_model": [[-0.4364683278948863, -0.007061522547552865, -0.3076091513266211, 0.23321404470144408, 0.18636797353378162, -0.21131761784941921, -0.2948395095566666, -0.6945795630931947, 0.6783445485911387, 0.1936453365190342, -0.526434375648287, 0.5048507950265019, -0.0226153548033224, 0.391901051113551, 0.07209848450040882], [-0.6977481095970963, -0.6678266965197133, -0.15740395441145094, -0.5580345398550384, 0.1710145750922821, 0.667058436808197, 0.44725323273204776, 0.26010895199236206, -0.11031743683188788, 0.6428637778041734, -0.25460768290639746, -0.29172944181577853, 0.013877580275430262, 0.43907970094536974, -0.05494453579888475], [-0.19857733794822202, 0.42687074996994256, -0.5450757554369416, -0.24136235932486616, -0.6842855520029372, 0.19353434314678236, -0.4093764951227399, 0.026103479583011388, -0.49918615712494724, -0.30147406644000446, 0.37820896954497335, 0.4501088844907667, 0.6618324912817776, 0.46482312789829916, -0.030720806720617593]], "inverted": true, "swapped": false, "error_lsq": 0.04212196952288204, "error_max": 0.2506256794441748, "target": "696.xyz", "model": "19.xyz", "model_rescale": 4.410303926677745, "target_rescale": 4.188772528558162},
{"mapping": [3, 8, 4, 1, 2, 11, 0, 9, 13, 5, 12, 7, 6, 14], "R": [[0.16969767454922266, 0.7998018554291972, -0.5757774668260297], [-0.9054322584490864, -0.1041419381681483, -0.41151777856414495], [-0.38909526418651413, 0.5911611022103832, 0.7064937555428439]], "T": [-0.022734829619832152, -0.015531765483624829, 0.10635698700964602], "aligned_model": [[-0.14815179319131058, 0.24486959105081602, 0.4428510220871876, -0.6506488825826562, 0.1210609870616733, -0.42771697355073324, -0.41597298652017095, 0.7094294045244708, 0.2689199338131229, 0.18444292755627295, -0.6293505415523342, 0.04893253008382145, 0.47892376315887136, 0.033598907521841484], [-0.04176947126798427, -0.48655566705225145, 0.17953588652878993, -0.2408551574689163, 0.5763695027364811, -0.6409366693061921, 0.6217476010288493, -0.27774560527431774, -0.6297682582568089, 0.028728758246517487, -0.177910742286661, 0.5773164932297622, 0.41446149957961054, -0.0916697042556763], [-0.5533026732573659, -0.4804191462156887, -0.4556262992209422, -0.0548803005934779, -0.2985473740888034, 0.24881035856605044, -0.1345244025254062, 0.04066364591873364, 0.5127208389953445, 0.6211385319886128, 0.5724443872121512, 0.5576134274825177, 0.23785673567587723, 0.10286730878741847]], "inverted": false, "swapped": true, "error_lsq": 0.04202920556798995, "error_max": 0.24116614579371345, "target": "696.xyz", "model": "20.xyz", "model_rescale": 4.121658175737393, "target_rescale": 4.188772528558162},
{"mapping": [0, 2, 6, 10, 5, 3, 9, 1, 8, 11, 13, 12, 14], "R": [[-0.7559894738550209, 0.045761158326135656, 0.652982259949732], [0.043549304734879515, 0.998859367726347, -0.019581153245694427], [-0.653133503563795, 0.01363377768533413, -0.7571200344915657]], "T": [0.06874102516386381, -0.002536920874635709, 0.06942282873731556], "aligned_model": [[0.3260794287450153, -0.07207553192914325, 0.11377187756842021, 0.7492177788445396, 0.3928767155102147, -0.3995951701633832, -0.43284625803092913, 0.14360747019073106, -0.7091777877326458, 0.11255767645405622, -0.002124299898559126, 0.6504199756688464, 0.00837102943713184], [-0.545138806080032, -0.1917453911509192, 0.42297820836601246, -0.30780489058289934, 0.44897677390377894, -0.4707363987361948, 0.5947806504862965, -0.5756285712179091, -0.04840431210739942, -0.1692220841636925, 0.5465169816770262, -0.21561979687412075, 0.051874540643236135], [0.5775027664076668, 0.7617686540850208, 0.5897658240075185, 0.08172792306995572, 0.038550612238351184, 0.18352434676607823, 0.09695635161987212, -0.3007192082071962, -0.1052779877961689, -0.6693132209482167, -0.49714443830577526, -0.40789499535237606, 0.020663111897058523]], "inverted": false, "swapped": true, "error_lsq": 0.056287753510005374, "error_max": 0.3117012975841716, "target": "696.xyz", "model": "21.xyz", "model_rescale": 4.08911054899281, "target_rescale": 4.188772528558162},
{"mapping": [4, 15, 13, 14, 12, 6, 7, 0, 9, 10, 1, 11, 1, 5, 16], "R": [[0.0686494698368745, 0.8838716763131854, 0.4626641439558894], [-0.08673956818586814, 0.4672900815633927, -0.8798387505579686], [-0.9938629169065749, 0.020269175705924458, 0.1087458638944819]], "T": [-0.010090531201652417, -0.05902900595061335, -0.017714029850556354], "aligned_model": [[-0.6036638264367281, 0.2790789306231199, -0.32352323680401646, 0.2957330815986731, 0.2204826065915313, -0.28670252139631885, -0.28012431183677683, -0.7482628379075613, 0.6582949181019727, 0.321251238933213, -0.32238733184671775, 0.38684108682411894, -0.32238733184671775, 0.537950440329221, -0.05308409366110257], [-0.3807315202777389, -0.6641009783108942, -0.10551223629241437, -0.4889481524839855, 0.0004248845395294909, 0.6099385258071649, 0.4381064679531844, 0.16253116723265526, 0.01946705174435444, 0.6056540344996839, -0.24909178454602998, -0.14319410629042506, -0.24909178454602998, 0.3487164155981745, -0.05552412671361452], [-0.19227181778091007, 0.26825091294171066, -0.5976530045573879, -0.38304132317099404, -0.7164777732344534, 0.1598595517594924, -0.44868301471116295, 0.060338090240777784, -0.25148073331377, -0.3332207592820842, 0.6868036986456719, 0.6313272298199519, 0.6868036986456719, 0.15870540977463227, -0.03783664998287013]], "inverted": false, "swapped": false, "error_lsq": 0.043891125796484805, "error_max": 0.3264204682910639, "target": "696.xyz", "model": "22.xyz", "model_rescale": 4.204369325754507, "target_rescale": 4.188772528558162},
{"mapping": [3, 14, 1, 12, 0, 5, 6, 2, 4, 8, 10, 13, 11, 9, 15], "R": [[0.7677289867799116, -0.5962758033338291, -0.23462175776446437], [-0.11910962960489452, -0.49256979763798914, 0.8620834591791304], [-0.6296070989063538, -0.6339007499707403, -0.4491823017364528]], "T": [0.10936800301293113, -0.06285312854647732, -0.04237343987973331], "aligned_model": [[-0.4364683278948863, -0.007061522547552865, -0.3076091513266211, 0.23321404470144408, 0.18636797353378162, -0.21131761784941921, -0.2948395095566666, -0.6945795630931947, 0.6783445485911387, 0.1936453365190342, -0.526434375648287, 0.5048507950265019, -0.0226153548033224, 0.391901051113551, 0.07209848450040882], [-0.6977481095970963, -0.6678266965197133, -0.15740395441145094, -0.5580345398550384, 0.1710145750922821, 0.667058436808197, 0.44725323273204776, 0.26010895199236206, -0.11031743683188788, 0.6428637778041734, -0.25460768290639746, -0.29172944181577853, 0.013877580275430262, 0.43907970094536974, -0.05494453579888475], [-0.19857733794822202, 0.42687074996994256, -0.5450757554369416, -0.24136235932486616, -0.6842855520029372, 0.19353434314678236, -0.4093764951227399, 0.026103479583011388, -0.49918615712494724, -0.30147406644000446, 0.37820896954497335, 0.4501088844907667, 0.6618324912817776, 0.46482312789829916, -0.030720806720617593]], "inverted": true, "swapped": false, "error_lsq": 0.04212196952288204, "error_max": 0.2506256794441748, "target": "696.xyz", "model": "23.xyz", "model_rescale": 4.410303926677745, "target_rescale": 4.188772528558162},
{"mapping": [13, 9, 7, 11, 1, 5, 0, 12, 10, 3, 6, 8, 15, 4, 16], "R": [[-0.4802428312420848, 0.8668465683514556, -0.1339546564248209], [0.6838610519930243, 0.4656645881421223, 0.561685457277845], [0.5492730510480017, 0.1781390420085753, -0.8164346863679215]], "T": [-0.033589879150229485, -0.09629040549782585, -0.01682927744685987], "aligned_model": [[-0.6619135207512796, 0.3585067148050616, -0.3365146492095885, 0.1700910799748203, 0.2735637366364144, -0.2581077239805869, -0.3186444076740566, -0.7420216263893976, 0.6127448427146756, 0.4067874890369895, -0.6502391692537879, 0.6125777914493644, -0.05189066528259982, 0.3273022837242888, 0.01725463546559272], [-0.40031784757607114, -0.49200334807505447, -0.15961830265939875, -0.6083710850787599, 0.026703746161139144, 0.3119365844508253, 0.5017626941614405, 0.28305626533524164, -0.11950769296552108, 0.6096391582094366, -0.2208537249601396, 0.016955732807445653, -0.3134429315807984, 0.42250455819662414, -0.009799948512794976], [-0.10027590528580385, 0.2696868856468035, -0.6051804122361757, -0.32829184518268145, -0.8085769926549427, 0.40571598102627443, -0.3794064648734406, -0.03673901414088397, -0.09096652281026009, -0.35885589820412456, 0.409932625983032, 0.4784982110749179, 0.6627470997746193, 0.25610479043799916, -0.08296902276105673]], "inverted": true, "swapped": false, "error_lsq": 0.046453297398900334, "error_max": 0.2991415201444404, "target": "696.xyz", "model": "24.xyz", "model_rescale": 4.28219845311461, "target_rescale": 4.188772528558162},
{"mapping": [3, 9, 1, 5, 8, 2, 0, 4, 10, 6, 7, 12, 13, 14, 15], "R": [[0.5013415412546666, -0.25761924343541764, -0.8260078597835246], [0.05515945919733389, -0.9431893265392949, 0.327645125651839], [-0.8634894863711159, -0.2098242591172782, -0.4586498525154371]], "T": [-0.013732704852083458, -0.05266664491464763, 0.04049819019431779], "aligned_model": [[-0.582975785425086, -0.00034792032608883805, -0.2675496456085639, 0.2645338292845938, 0.28807112203115903, -0.09409286528521281, -0.40544564922185167, -0.7243681509048704, 0.7017862669528999, 0.2612628997332873, -0.5316995312936913, 0.4504824788679994, -0.10470638606575682, 0.5577804565958356, -0.05323430806874282], [-0.5121646614813591, -0.6941108188057366, -0.18986499116221392, -0.6371070296720909, -0.029938870633665446, 0.5945795305098733, 0.5414918391687228, 0.1195043312425032, 0.12884664437183282, 0.649682336480639, -0.37981260936807903, -0.19622708170986994, 0.05952251764485588, 0.3929240122932773, 0.001318709034925071], [-0.21419620089202102, 0.2532043330375392, -0.5310181903396312, -0.5129255656729877, -0.5842769335771769, 0.24881203371272465, -0.35836373709471864, 0.0422275855113375, -0.25068962827929253, -0.452736501157326, 0.5203230440713014, 0.6306799964404262, 0.6167393186011981, 0.27494711298016344, 0.008696848452740408]], "inverted": true, "swapped": false, "error_lsq": 0.04609700146973865, "error_max": 0.28502830129745127, "target": "696.xyz", "model": "25.xyz", "model_rescale": 4.100010024507729, "target_rescale": 4.188772528558162},
{"mapping": [11, 12, 0, 7, 8, 4, 3, 6, 5, 9, 13, 14], "R": [[-0.8923051956755111, 0.20477866259847965, -0.4023147239598199], [0.44292666501999256, 0.22495415928237567, -0.8678776386310613], [-0.08722045164269299, -0.9526076451330515, -0.2914296952084791]], "T": [-0.004969952133798699, -0.013613635139712872, 0.025765729112573056], "aligned_model": [[-0.6730562356960402, -0.2218290764373834, 0.4615413915732571, 0.6600393482717971, -0.4961376504948053, 0.19095564253581396, -0.1819425434164016, 0.5510552748774631, 0.18245322393202243, -0.08807594347407527, -0.44387621803777644, -0.06436161127086455], [-0.37013820332455977, -0.7646728949403552, -0.19614964192870696, -0.2938785376666971, 0.6029553816092889, 0.6913702484968792, 0.32392194319398127, 0.2502799499601041, -0.19611661378345818, 0.5995318638475648, -0.017281087224689913, 0.036308981811288], [-0.018795955018207376, 0.004106385343632342, 0.6322579840238943, -0.17285918916364532, 0.15374546190726454, 0.21353599656710193, 0.579226779805, -0.2481756118310189, -0.46560670798568393, -0.4499255256699507, -0.6336494586360265, -0.028667869488004052]], "inverted": false, "swapped": true, "error_lsq": 0.034823431995958144, "error_max": 0.1810958203937372, "target": "696.xyz", "model": "26.xyz", "model_rescale": 3.6694154284099745, "target_rescale": 4.188772528558162},
