[{"mapping": [10, 13, 14, 4, 6, 11, 12, 2, 7, 0, 9, 15], "R": [[0.7079263175403722, -0.5111028574364836, -0.48745686789088294], [-0.6555411898072038, -0.2186013235904577, -0.7228272337084813], [0.262880348067108, 0.8312564769340216, -0.4898026052966181]], "T": [-0.053765976888124914, 0.03140096376541854, -0.03816116511421518], "aligned_model": [[-0.2720862809348371, 0.2994430679474943, 0.4313181830549308, 0.08323522755816605, -0.22039249223846263, -0.6736613687571484, 0.42016584206885066, -0.23351667268441162, 0.5544309954909062, 0.18965623837095635, -0.686311578202867, -0.05463869921302857], [-0.42187218365879486, -0.6298460185389766, -0.2882665725782657, 0.7795122781395386, 0.41780283160304144, -0.5128152133465446, -0.31141715568951034, -0.5607088704985129, 0.1225029777333751, 0.41897891754884053, 0.03164413488807394, 0.008039910374792767], [-0.5049041990052011, 0.0024071384993247583, -0.48336527374731764, -0.25366847599266606, -0.5979109015482422, 0.056118766731702525, 0.48659363789051535, 0.492431889003776, 0.05830492571663761, 0.5005499957088697, 0.3812324992255798, 0.04416174287058388]], "inverted": false, "swapped": true, "error_lsq": 0.04372923245852186, "error_max": 0.31479308067322326, "target": "697.xyz", "model": "0.xyz", "model_rescale": 3.751011558992144, "target_rescale": 4.321973165124971},
{"mapping": [11, 10, 9, 2, 6, 1, 14, 13, 8, 0, 4, 7, 12, 3, 15], "R": [[-0.9447047652934802, 0.30777367250870097, -0.11317364066909383], [-0.3245503695018141, -0.8281786242387833, 0.45693240639091504], [0.04690377477374561, 0.46839676863153445, 0.8822723519682064]], "T": [0.04280272331097855, -0.06865584194607262, 0.027411226887696677], "aligned_model": [[-0.09608454806391199, 0.19115926589771914, -0.4713835612780365, 0.24613083362659727, -0.2953376565459686, -0.5347540444030923, 0.647389452866773, 0.7316554506797931, -0.6431644373713489, -0.049092254754039305, -0.312185802594553, 0.4478603195595147, 0.5924282898428409, 0.03270867537940312, 0.05175622824734337], [0.04185273298022617, -0.5118445477419552, 0.33122083519777273, 0.4929961045844277, -0.6564448531601315, 0.1473981112116755, -0.4782990045767222, 0.024128152459396354, -0.23153565087499312, 0.4512306538256163, -0.32714981420086414, 0.039552289602324917, 0.4904314915981353, 0.7202969297724428, 0.014923919149754092], [-0.7836550037972437, -0.4751258049292064, -0.36209634733920526, -0.5272401303301026, 0.20221319578496386, 0.2950304187911861, 0.07607373934322006, -0.2563545895827716, -0.030392589087311066, 0.4974687812963057, 0.6847142639563886, 0.4875505371279615, 0.08066838986106298, -0.05054291124591101, 0.011354455002639274]], "inverted": true, "swapped": true, "error_lsq": 0.03518301737548849, "error_max": 0.20263804615463307, "target": "697.xyz", "model": "1.xyz", "model_rescale": 3.9405287249114394, "target_rescale": 4.321973165124971},
{"mapping": [4, 7, 0, 10, 13, 1, 6, 14, 2, 9, 11, 8, 15], "R": [[-0.6871839258699459, 0.510325555347039, -0.5170551997472849], [0.12954832721220513, 0.7863955178414662, 0.603986192255561], [0.7148394805426516, 0.348065966561783, -0.6065101812656764]], "T": [0.0014006885812245101, 0.005773127057551959, -0.015824630884355536], "aligned_model": [[-0.3568294307387077, 0.18976666301039852, -0.421895270763851, 0.4481919368834412, 0.6274217136319467, -0.6589630271201881, -0.07840228135679671, 0.6906451934328353, 0.07074174291450928, -0.5204114656926841, 0.03539147107902192, -0.5063913362169119, -0.02328262977908194], [0.691817277312741, 0.398874789752813, 0.21057426856145298, -0.25760975664230257, -0.2550782125930989, 0.12879270886102617, 0.39233539376166743, 0.2518954275714465, -0.721433844742435, -0.5408857633683194, -0.7833520824909385, -0.01388046014102021, -0.043217152271015705], [0.14510353715664337, -0.46023230780251256, -0.5436103669333414, 0.4335932125922463, -0.3378560626039064, 0.00980948623355141, 0.5626143602580209, -0.007669872451252776, -0.377480815539075, 0.05404078068361441, 0.24001961900201452, 0.4762963449886558, -0.08150756599601464]], "inverted": true, "swapped": true, "error_lsq": 0.03948104257179793, "error_max": 0.23936358720731324, "target": "697.xyz", "model": "2.xyz", "model_rescale": 3.932901565614263, "target_rescale": 4.321973165124971},
{"mapping": [9, 11, 2, 1, 3, 12, 13, 0, 4, 7, 10, 6, 14, 15], "R": [[0.02796829171894999, -0.34293098213651874, 0.9389441496432078], [-0.9762857464236996, -0.21109355543877617, -0.04801720714635738], [0.21467164691277607, -0.9153348307275864, -0.34070255600546556]], "T": [0.08355979263235355, 0.005624437906587787, 0.08884936974232147], "aligned_model": [[-0.05981927120715805, 0.5153535231873947, 0.10772631961581663, -0.3851872717893572, -0.42208183749081374, -0.214714230791516, 0.3722133796352931, -0.6188244152892018, -0.25883255480500666, -0.2039917457247459, 0.7671339605984558, 0.2998292961514384, 0.4834057929351977, 0.03759896702690678], [0.18856066493916315, -0.07815286347408584, -0.5373659001507367, 0.4524861236653417, -0.37084648832489286, -0.7212373304685464, -0.6853520991740356, -0.07138577563587886, 0.5562571077071812, -0.3086147650415343, -0.00818095145015479, 0.6061601733644335, -0.314467327513959, -0.044363930091806655], [-0.6336337258763758, -0.6153280140654895, -0.5186132458148148, -0.091322730981863, -0.39200549094531234, 0.07443368564046456, 0.14251984703520848, 0.10901397756126, 0.5410157253250583, 0.5428060603629342, 0.029645238680176683, 0.37690300851447023, 0.6116926656879346, 0.03676936193344581]], "inverted": false, "swapped": true, "error_lsq": 0.05118113821237081, "error_max": 0.24319224779182108, "target": "697.xyz", "model": "3.xyz", "model_rescale": 3.9243930471874484, "target_rescale": 4.321973165124971},
{"mapping": [7, 0, 5, 14, 6, 12, 13, 4, 8, 9, 10, 2, 15], "R": [[0.4227156013507373, 0.8726985162912686, -0.24435388279645343], [0.8999493987473419, -0.43599426623861415, -0.0002819598380564142], [-0.10678295776472158, -0.21978694108174596, -0.9696860834625538]], "T": [0.015885507525901135, 0.0012380610365009398, -0.06512566867008084], "aligned_model": [[-0.03299382025413007, -0.3796336506272765, 0.5880343907560309, 0.3619298281320828, 0.6590734526424167, -0.5726399799175007, -0.2057240149517382, 0.4436459387712791, 0.23254479927088473, -0.4025926424086354, 0.3241461520874509, -0.6689210244067582, -0.06966354278275418], [-0.46468492187228627, 0.05123082186502211, -0.2953825790492286, -0.629991427277908, 0.26523818793289666, -0.5099166002142786, -0.6243956335806295, 0.22621347600793967, 0.6746253730679865, 0.5981141040697748, -0.09377976853166746, -0.07022795704330571, 0.0007864783072713362], [-0.4750469125125711, -0.6488602653272283, -0.3580256450833438, 0.06717450374867222, -0.14881417910994732, -0.16443275922318235, 0.28576133297773143, -0.6906577189085689, -0.07063367449260738, 0.1461089635366034, 0.5406105347215574, 0.37118383114827924, -0.06729769610443069]], "inverted": true, "swapped": true, "error_lsq": 0.045996383437562065, "error_max": 0.27445745395268534, "target": "697.xyz", "model": "4.xyz", "model_rescale": 3.8936222436046832, "target_rescale": 4.321973165124971},
{"mapping": [12, 0, 2, 13, 9, 1, 4, 6, 14, 7, 10, 15], "R": [[0.6019928924141101, -0.7205288969635617, 0.34415500304857893], [-0.45045426361759006, 0.04943557311862404, 0.8914297956088122], [-0.6593144271678189, -0.6916604895112246, -0.29480545004708586]], "T": [-0.0926158758849628, 0.05442805663177275, 0.021325989305156202], "aligned_model": [[0.051241801464012346, -0.45660485262911166, -0.24083096349007788, 0.4253045059433954, -0.7446514319713919, -0.6908349693576018, -0.23895895396158096, -0.04375021897487636, 0.6379394586539763, 0.18548483210393885, 0.27517685693749355, -0.13196802250307835], [-0.46094493677985926, -0.551466592362657, 0.13478106568207707, -0.0035020586310735013, 0.3313507037510359, -0.0710398942039133, -0.21071313169064587, 0.33280714927178423, 0.020546830267470756, -0.5015308839862185, 0.6274297667296487, 0.021204887062157965], [-0.5541728218601731, 0.012135828011507262, -0.7761757594655517, -0.5190928927214079, -0.25101299739103033, 0.30108101070845555, 0.7515089276914254, 0.6620348115324084, 0.050337022383043294, 0.054166412615717134, -0.06450469826381955, -0.04702012396505625]], "inverted": false, "swapped": true, "error_lsq": 0.04436580019526983, "error_max": 0.2173930971165391, "target": "697.xyz", "model": "5.xyz", "model_rescale": 3.6523030999806103, "target_rescale": 4.321973165124971},
{"mapping": [9, 11, 10, 8, 6, 3, 13, 1, 12, 7, 14, 4, 15], "R": [[-0.9139700511992984, -0.4045170955231951, 0.03201038800499595], [0.3374425187052243, -0.7138637762062906, 0.6136212639652978], [-0.22536923499143907, 0.5716331239964787, 0.7889513796612566]], "T": [0.0878470010261163, -0.004332155584854551, -0.012961010365132843], "aligned_model": [[0.12800640451820472, -0.04698571462880742, 0.16260941108735327, 0.6857113424010058, 0.752031522905074, -0.4305164656007353, -0.5365532151480377, 0.42752252392659473, -0.6667484282435614, -0.18601213562415542, -0.08203983943674249, 0.6500862526648093, 0.023971245843292535], [-0.534864004379312, 0.007752914706887333, 0.5355853714775652, -0.2843503714331911, 0.1990853736213482, -0.5943373070781469, 0.40697276167540497, -0.5797350715338502, -0.10812706753511156, 0.056919133611123225, 0.6645531778988403, -0.16962318193527456, -0.05900482493310019], [0.528267427809617, 0.8061875352020574, 0.4040150165636349, 0.24114543767987903, -0.10167851840174777, 0.0957516896109814, 0.05488162591649264, -0.08646737704293903, -0.2061334455145719, -0.568621242598125, -0.25674687224282616, -0.5434788425641615, 0.0029873050634982544]], "inverted": false, "swapped": true, "error_lsq": 0.046943948614431436, "error_max": 0.30213724992173924, "target": "697.xyz", "model": "6.xyz", "model_rescale": 4.08911054899281, "target_rescale": 4.321973165124971},
{"mapping": [6, 5, 4, 8, 9, 3, 1, 0, 11, 10, 2, 13, 12, 7, 15], "R": [[0.22537966379092741, -0.5701777844076836, -0.7900008236181996], [0.3708281818498872, 0.8000346606366665, -0.4716259124834864], [0.9009386586751597, -0.18665967949163284, 0.39174953395847883]], "T": [0.026510274260003415, -0.14301055597443643, -0.002026244337107276], "aligned_model": [[0.11446637432226506, 0.5342519071667878, 0.5569495928482859, -0.22750326570454782, -0.513851714818669, -0.08088390199432771, 0.100768210378049, 0.4274313163152811, -0.7925720558829805, -0.3914190327763521, -0.4629428550594481, -0.0416284627104691, 0.22033348648279696, 0.5822397829382386, 0.01069415829464436], [-0.7428327055678503, -0.6316863505576502, -0.4033424880784475, -0.34181057203246934, 0.22081924893171326, 0.6423188186322469, 0.049827007479053304, 0.38266641288708414, -0.05916589391898594, -0.5900256212586337, 0.4147711700299994, -0.02223895785580801, 0.44434906227480253, -0.0033970300177279256, -0.05949328477821354], [-0.3525511077107865, 0.06522661352677364, -0.5271402168982651, -0.631611611036947, -0.39143841207725144, -0.020720568199070137, -0.6416906841235488, -0.25223975792462894, 0.10476541700415945, 0.30858925229778433, 0.3352400271524621, 0.735822874270743, 0.48268446998305414, 0.24124647792004783, 0.007887257897553252]], "inverted": false, "swapped": true, "error_lsq": 0.04377370821924667, "error_max": 0.24526410619401634, "target": "697.xyz", "model": "7.xyz", "model_rescale": 3.964800864290218, "target_rescale": 4.321973165124971},
{"mapping": [4, 8, 1, 5, 0, 10, 7, 9, 11, 2, 13, 12, 3, 15], "R": [[0.4181255692022323, -0.9013524239618815, 0.11284864286888674], [-0.5204247104908845, -0.13587166985535462, 0.8430284752255978], [-0.7445328260659754, -0.41122098335172275, -0.5258974935873472]], "T": [-0.09501516332953049, -0.09178164132984298, 0.006698218739837988], "aligned_model": [[-0.2221654191407364, 0.2846354542230654, 0.3627293743441016, -0.700793212442247, 0.16985825688831413, -0.33793346739756075, -0.4403148793665661, 0.6401818476599858, 0.3191091631510487, 0.3057404343635661, -0.4195694096564247, -0.1174433132302866, 0.4580792122730865, -0.04092615220847397], [0.04109382095626682, -0.4813884253396812, 0.023035127664871896, -0.0675165238259991, 0.5304547876266377, -0.6641750289980969, 0.4256416640036168, -0.2628590401447861, -0.5991767795839454, -0.009000770781899564, 0.02814227341668918, 0.5106480197889791, 0.3794691923981601, -0.04341985099961118], [-0.7621061736290964, -0.4455119329352564, -0.4720065026386537, -0.35877777797534743, -0.1990799571620933, 0.2970873857606406, -0.016755353328477787, 0.08558371303364408, 0.5169740909234907, 0.711663207897839, 0.6729810296253417, 0.5107604339665943, 0.3239275945005633, 0.052075280685832954]], "inverted": true, "swapped": true, "error_lsq": 0.03789665910295472, "error_max": 0.1947802090456002, "target": "697.xyz", "model": "8.xyz", "model_rescale": 4.121658175737393, "target_rescale": 4.321973165124971},
{"mapping": [13, 7, 0, 3, 14, 10, 4, 8, 1, 6, 11, 9, 15], "R": [[0.5998734430663999, -0.4316706189541615, 0.6736559426260514], [-0.2574925957554578, -0.9013341034445448, -0.3482734516137211], [0.757528491500339, 0.03545857723527035, -0.651838380172318]], "T": [-0.10596097017320111, -0.04283492607638696, -0.0683089972563558], "aligned_model": [[-0.7159707643448079, -0.17588663192782544, 0.40756458147906766, 0.24040860715677764, -0.7473359905367185, -0.640844247110842, 0.32404380685104267, 0.3252625383019284, 0.5562664172313743, -0.04679291037615365, -0.28708794553296635, 0.3174308096727591, -0.08032077442843902], [0.23346028491487525, -0.3093143042983896, -0.04309043292539487, 0.5442238548186769, -0.3505663826961935, 0.0332586450193824, -0.7055370169370097, -0.11285745367203938, -0.09937254729419988, -0.5685818843406069, 0.6320051192940703, 0.5115673061740549, 0.025192251354483775], [-0.407718772625964, -0.6265275777880475, -0.5540786983004018, -0.4732970429223725, -0.2404720252961935, 0.35486828180173324, -0.03993470851357571, 0.4880768312835921, 0.03233665461611081, 0.39047182525035734, 0.3801485612718766, 0.23066024563960041, -0.11345814045762662]], "inverted": true, "swapped": true, "error_lsq": 0.045432103576244984, "error_max": 0.22581451700905475, "target": "697.xyz", "model": "9.xyz", "model_rescale": 3.833441315466971, "target_rescale": 4.321973165124971},
{"mapping": [13, 14, 11, 8, 6, 10, 5, 1, 3, 9, 12, 0, 7, 2, 15], "R": [[0.5759258137547486, 0.04890551112708319, -0.8160378104183222], [-0.7878007808330574, 0.29982515851209735, -0.538028627530191], [0.2183561008301712, 0.9527397993705283, 0.211204848253182]], "T": [-0.09017619453553763, 0.03779201143597837, -0.033322134483101534], "aligned_model": [[0.07618903299726676, -0.039468815810185104, -0.6279398326102785, -0.5262272525347959, -0.4735536920371475, -0.6281596556962733, -0.009880528995298843, -0.033366936339732284, 0.32678629925700875, -0.3356531223050244, 0.5211323765347613, 0.49674096955730096, 0.45997370710772867, -0.035874694606046365, -0.046852836224751934], [-0.6635980539112925, -0.584393217383078, -0.11228537785488613, 0.5930856118757686, 0.26595835581739474, -0.3875742586092034, -0.08747860104514293, 0.706959260114285, 0.2060557374607558, 0.4499999397178899, -0.30235146837249594, 0.41872294399813037, -0.12910112091616655, -0.2166262824914783, 0.043728070894497775], [0.17649820656740148, -0.41544119596221485, 0.5811835991174389, -0.07726016995250212, -0.5730928082188897, -0.05795327018628174, -0.7254120308356616, -0.004012341545588299, 0.6197129417055255, 0.5547516230997148, 0.32459891743028657, 0.06717974135256585, -0.2720491939795441, 0.7391777272450524, 0.04024016198478984]], "inverted": false, "swapped": true, "error_lsq": 0.04448390242159022, "error_max": 0.4364701943658877, "target": "697.xyz", "model": "10.xyz", "model_rescale": 4.2482417240324, "target_rescale": 4.321973165124971},
{"mapping": [4, 1, 3, 9, 14, 13, 7, 11, 8, 10, 6, 15], "R": [[0.0928529308206898, 0.9216831980273723, 0.3766675134811121], [0.6799776606147669, -0.33504331765480017, 0.6522088287962171], [0.7273298524760803, 0.1955659933856096, -0.6578337388187251]], "T": [-0.05076726406949865, 0.08594217551955012, 0.02263955853237594], "aligned_model": [[-0.6620191274759091, -0.03360787354771701, 0.5008893462385272, 0.5758237214776856, -0.43538440001221745, 0.1193101639086558, -0.39920471020705706, 0.6624076387749027, -0.0023812555110474254, 0.03725991313646089, -0.4984573025588228, 0.012129488139545841], [-0.4092283988212944, -0.5844437835236717, -0.16714214970572255, -0.30178407703651017, 0.7047113574073121, 0.7452091171963579, 0.17217625815467474, 0.29823474279030926, -0.3922520925371327, 0.5910728130640096, -0.0612775636791341, 0.0708551667414415], [-0.05520985730048748, -0.0238296110009059, 0.5327851476408713, -0.15917664666679426, 0.0926040684546648, 0.33901079035171194, 0.5312296390111821, -0.3456587901934221, -0.4964087003088256, -0.4335003499471847, -0.49532814736429615, 0.07867474717784295]], "inverted": false, "swapped": true, "error_lsq": 0.04115448302088517, "error_max": 0.18063937492270749, "target": "697.xyz", "model": "11.xyz", "model_rescale": 3.6694154284099745, "target_rescale": 4.321973165124971},
{"mapping": [1, 3, 12, 2, 9, 4, 8, 5, 13, 14, 7, 10, 0, 15], "R": [[0.06017398412326774, -0.3912010592510977, -0.9183358987187378], [-0.9678386619150994, -0.24800216404358477, 0.04222855825254879], [-0.24426914692020096, 0.8862599268107061, -0.39354278800704673]], "T": [0.09569728998369043, -0.03623846083469824, 0.042117736982924], "aligned_model": [[-0.15195308123406967, 0.08280380275264432, -0.06174386227976536, 0.5655670031007091, 0.4732055968760704, -0.49965622714740265, 0.2220103559095083, -0.3075519765394742, 0.31561669578358853, 0.050339692749091475, -0.4022928527738187, 0.6336909658314852, -0.42309328942656443, 0.10132202665380739], [-0.43432294339321503, 0.39012710200778156, 0.7163325431499672, 0.504738436050333, -0.20079651740099647, -0.5529997879178005, -0.6883701923452115, -0.20800429260241066, 0.622987730079539, 0.24074794716946252, 0.302367516466799, -0.0889487610771831, 0.10887828457823014, 0.018250223370958094], [-0.43961787605011293, -0.6262170430990083, -0.12021649495379014, -0.3464691995982481, -0.5953876879426652, 0.10038599787440455, -0.20117482962380207, 0.5980089790212548, 0.32620623091353923, 0.7180777154709648, 0.19979034301287973, 0.4649105822591759, -0.415570175083661, -0.02363108254851585]], "inverted": true, "swapped": true, "error_lsq": 0.04541414947464156, "error_max": 0.3019017182837346, "target": "697.xyz", "model": "12.xyz", "model_rescale": 3.9764082729961374, "target_rescale": 4.321973165124971},
{"mapping": [12, 1, 4, 9, 10, 11, 8, 13, 2, 0, 3, 7, 6, 6, 14, 15], "R": [[0.826648319801193, 0.49479883186605456, 0.2680049838227881], [0.3339181025092931, -0.047975456170670755, -0.9413803994251261], [-0.4529362606222406, 0.8676822411396953, -0.20488111729570835]], "T": [0.04946386840082542, 0.1319929790067926, -0.08790387006601752], "aligned_model": [[0.04025818211966995, -0.48206328212691085, 0.3574153297203625, -0.07909856763139916, -0.39155521190794973, -0.014794313657576302, -0.4812776496154638, 0.4342716683879764, -0.6978431931007927, -0.2038653021673125, -0.05077251839337507, -0.22048424060004704, 0.8069898779132558, 0.8069898779132558, 0.5249303327531228, 0.08611800138050793], [0.10036005297111192, 0.15186896080046416, 0.5635715112105594, 0.6367900430598373, -0.39268251638015705, -0.6584366219759474, -0.2855897026143651, -0.22069770246132173, 0.3316014197689563, 0.7744477405286709, -0.3515162945366269, 0.3814320642076815, 0.1034688976935888, 0.1034688976935888, -0.45402248573205817, 0.12497283291939638], [-0.7251857137417826, -0.4349001407384825, 0.39662640741025335, -0.38815501607966507, -0.5078618373702786, -0.04744857772711, 0.12088066411311377, -0.4072982758741108, 0.1068989536107306, 0.13611430830213928, 0.5937227846897731, 0.5723550640984412, 0.006961968867934876, 0.006961968867934876, 0.1753935965725808, 0.013070715139811756]], "inverted": false, "swapped": false, "error_lsq": 0.049898937798366655, "error_max": 0.34736563980636537, "target": "697.xyz", "model": "13.xyz", "model_rescale": 4.170626492500431, "target_rescale": 4.321973165124971},
{"mapping": [4, 5, 0, 7, 9, 2, 12, 6, 8, 14, 10, 13, 11, 15], "R": [[0.9411843918038388, 0.05092449232322412, -0.33403388556621033], [-0.04514894725914464, -0.9607594576648774, -0.2736838268310386], [-0.33486342467673175, 0.2726682243847141, -0.9019526186140038]], "T": [0.02656854195764883, 0.018230469684561764, 0.035258210339331346], "aligned_model": [[0.30351809440245076, 0.01948493397760364, -0.26328744551429284, -0.4703752190950163, 0.3445160939198039, -0.298576063419155, -0.7245009874343915, 0.5635624634083978, 0.6943950152067293, -0.28476429628423583, 0.2382356746537559, -0.5311651012562832, 0.27122541235309167, -0.01908555282681494], [-0.5359815562938232, -0.6873606935756259, 0.06887371234082779, -0.3167197441576344, 0.6766045083599199, 0.7426704213865515, 0.24236647938616268, -0.4307200988182833, 0.09903793607096782, -0.4305021431607168, 0.030135842445420804, 0.12565904566214497, 0.6873562345193658, 0.08465452376038823], [-0.4556911204657195, 0.09199865196929122, -0.6074699813839376, -0.13315821830740998, -0.16835422042744425, 0.2193807226020866, -0.02096319569856487, 0.05697184407672678, -0.18360250755328944, 0.5225072025032947, 0.6879638469446064, 0.5262187713920323, 0.4615726206543324, 0.00649868481486162]], "inverted": true, "swapped": true, "error_lsq": 0.044633062305882654, "error_max": 0.27230613593004516, "target": "697.xyz", "model": "14.xyz", "model_rescale": 3.9786697098870705, "target_rescale": 4.321973165124971},
{"mapping": [1, 11, 4, 0, 6, 5, 2, 13, 7, 3, 10, 15], "R": [[-0.14385115257335704, 0.4884867124046024, 0.8606320803383175], [-0.009342353363201925, 0.8689681932905253, -0.4947797484568637], [-0.9895552366275234, -0.07921496609570366, -0.1204384606739172]], "T": [0.016849803315633703, 0.05168732456602571, -0.05378634576579497], "aligned_model": [[0.1780626092576789, -0.8014237429874498, 0.5857253049169622, 0.4791922909687107, 0.10374309662141565, 0.47867493573131004, -0.4691990871635522, -0.12826403374323617, 0.548736451560664, -0.033642413306646114, -0.46399108738014666, 0.005740272291626009], [-0.3519064141436792, -0.0743490547556852, 0.15773690119835362, -0.4830251415022306, 0.4882139817370952, 0.5824409366763739, -0.39361810968573707, 0.20160007849245085, 0.07048617511023256, -0.693085567771941, 0.5338290275580351, -0.023648322688829056], [-0.566615447667303, 0.008450977021502083, -0.5923190009783736, -0.05544847629824645, -0.5944198627453562, -0.13218720794411312, 0.4256851380988542, 0.6674058122078527, 0.2690944952221894, 0.21340101987344065, 0.03165823915049672, -0.014739192067113563]], "inverted": true, "swapped": true, "error_lsq": 0.05055500962058374, "error_max": 0.24627875730444732, "target": "697.xyz", "model": "15.xyz", "model_rescale": 3.769337070930944, "target_rescale": 4.321973165124971},
{"mapping": [3, 11, 0, 1, 12, 13, 7, 10, 4, 8, 15], "R": [[-0.6930688341411502, 0.7204251749258175, -0.025360569302220082], [0.13585293343730903, 0.16508255799888816, 0.9768785643676609], [0.7079544982685719, 0.6735987799704283, -0.21228544934508697]], "T": [0.04981360405896215, 0.0005256282646040819, 0.10192170902738523], "aligned_model": [[-0.2834895498342932, -0.3438499616595361, -0.09744195899288804, -0.46525004482273624, 0.33387744234650485, 0.5398067623641907, 0.4945409806018578, 0.20814306842771388, 0.022464792368525076, -0.5072896296066416, 0.02111422949847397], [0.13822631161453677, -0.710923773403076, 0.6003423128663515, 0.41958554150216804, 0.09597541736315243, -0.37272111924064805, 0.3881675491150014, -0.6202547376073174, 0.6201755002232632, 0.0316374001756335, 0.005854095016276897], [-0.6041751277222898, -0.06600385701953493, -0.24190456099802904, 0.20665656091771023, -0.6245081285078076, -0.3273143082279914, -0.09672406261880917, 0.34795601371128726, 0.5919924676297607, 0.536766627958781, 0.021475982100699634]], "inverted": true, "swapped": true, "error_lsq": 0.04163381933987369, "error_max": 0.22514308900430519, "target": "697.xyz", "model": "16.xyz", "model_rescale": 3.7852294659196426, "target_rescale": 4.321973165124971},
{"mapping": [6, 1, 0, 4, 8, 9, 2, 3, 7, 14, 10, 12, 15], "R": [[-0.7530538640836238, 0.5434110143121463, 0.37096407819756283], [-0.5377370571628987, -0.18341797938458942, -0.8229196207359867], [-0.37914210415424554, -0.8191839319485698, 0.4303358577840949]], "T": [0.012175071266490645, 0.13426047586113204, -0.09445207008273739], "aligned_model": [[-0.15397184365499442, -0.3326058328067054, 0.17339156753465657, 0.08372152509658887, -0.5874631860202851, -0.6453482840069471, -0.14111660945435173, -0.06737892206693688, 0.5986351717049793, 0.5594147651552827, -0.1223226355010949, 0.48093882703371515, 0.007871307202375642], [-0.16710863492954947, -0.4150841241583724, -0.3350957632620995, -0.5965534114562501, -0.18290557009619224, 0.16044558487482763, 0.6814955181930622, 0.1548969857126074, -0.03569380627557914, 0.4431458823575766, 0.6577577275914004, 0.36132059492622004, 0.1484346402252223], [-0.7043392959265564, 0.08223352949564568, 0.4089312054271381, -0.3871557373039797, -0.29510529961678506, 0.28367809255849624, 0.48990127047014886, 0.6941355978806804, 0.026745840036609195, -0.4697109106841596, -0.5173354527377909, 0.49394191266366105, -0.01016605511993389]], "inverted": true, "swapped": true, "error_lsq": 0.04597809289235984, "error_max": 0.28150189576040263, "target": "697.xyz", "model": "17.xyz", "model_rescale": 3.901054581598922, "target_rescale": 4.321973165124971},
{"mapping": [11, 10, 9, 2, 6, 1, 14, 13, 8, 0, 4, 7, 12, 3, 15], "R": [[-0.9447047652934802, 0.30777367250870097, -0.11317364066909383], [-0.3245503695018141, -0.8281786242387833, 0.45693240639091504], [0.04690377477374561, 0.46839676863153445, 0.8822723519682064]], "T": [0.04280272331097855, -0.06865584194607262, 0.027411226887696677], "aligned_model": [[-0.09608454806391199, 0.19115926589771914, -0.4713835612780365, 0.24613083362659727, -0.2953376565459686, -0.5347540444030923, 0.647389452866773, 0.7316554506797931, -0.6431644373713489, -0.049092254754039305, -0.312185802594553, 0.4478603195595147, 0.5924282898428409, 0.03270867537940312, 0.05175622824734337], [0.04185273298022617, -0.5118445477419552, 0.33122083519777273, 0.4929961045844277, -0.6564448531601315, 0.1473981112116755, -0.4782990045767222, 0.024128152459396354, -0.23153565087499312, 0.4512306538256163, -0.32714981420086414, 0.039552289602324917, 0.4904314915981353, 0.7202969297724428, 0.014923919149754092], [-0.7836550037972437, -0.4751258049292064, -0.36209634733920526, -0.5272401303301026, 0.20221319578496386, 0.2950304187911861, 0.07607373934322006, -0.2563545895827716, -0.030392589087311066, 0.4974687812963057, 0.6847142639563886, 0.4875505371279615, 0.08066838986106298, -0.05054291124591101, 0.011354455002639274]], "inverted": true, "swapped": true, "error_lsq": 0.03518301737548849, "error_max": 0.20263804615463307, "target": "697.xyz", "model": "18.xyz", "model_rescale": 3.9405287249114394, "target_rescale": 4.321973165124971},
{"mapping": [5, 9, 0, 8, 11, 10, 14, 2, 13, 7, 12, 4, 6, 1, 3, 15], "R": [[-0.05131370520470424, 0.7736711926884476, 0.6315059693005282], [0.6652816646283963, -0.44512308838162695, 0.599387806765263], [0.7448269667294779, 0.45088615169867124, -0.4918683440097849]], "T": [-0.018879371146688872, 0.07022725493599885, 0.07570058105148958], "aligned_model": [[0.13788793958150233, -0.4933950622037188, 0.44694283024048026, 0.23820514756356997, -0.44260599260748884, 0.04920938985739216, -0.3939126607230908, 0.5067135058929931, -0.6795964502498703, -0.3936677369101636, -0.035535291551155715, -0.05726322954089269, 0.6020708528367068, 0.608565915306704, 0.3435994499395104, -0.0019996164451540517], [0.2500127487049857, 0.373536313187627, 0.5333287606217283, 0.6924365552422889, -0.24912501907136858, -0.6305140488566146, -0.5915594179887977, -0.25641254076555, -0.028654228435802287, 0.664083460327592, -0.0954893993949093, 0.5861016825494121, 0.29732080836785324, -0.052809117511778025, -0.6302239632633697, 0.04700450344008207], [-0.7207690224338913, -0.44569017555982093, 0.27872996336442746, -0.26931433513015685, -0.41182693330185993, -0.2739128951339739, 0.22105323264345933, -0.5345320422015176, 0.146448294792073, 0.025760245173720567, 0.5976197634947517, 0.5924841749913373, -0.27234078562334135, 0.23908322254608066, 0.39726828785822854, 0.04807587466176757]], "inverted": true, "swapped": false, "error_lsq": 0.03589996409531479, "error_max": 0.22941828547516535, "target": "697.xyz", "model": "19.xyz", "model_rescale": 4.410303926677745, "target_rescale": 4.321973165124971},
{"mapping": [4, 8, 1, 5, 0, 10, 7, 9, 11, 2, 13, 12, 3, 15], "R": [[0.4181255692022323, -0.9013524239618815, 0.11284864286888674], [-0.5204247104908845, -0.13587166985535462, 0.8430284752255978], [-0.7445328260659754, -0.41122098335172275, -0.5258974935873472]], "T": [-0.09501516332953049, -0.09178164132984298, 0.006698218739837988], "aligned_model": [[-0.2221654191407364, 0.2846354542230654, 0.3627293743441016, -0.700793212442247, 0.16985825688831413, -0.33793346739756075, -0.4403148793665661, 0.6401818476599858, 0.3191091631510487, 0.3057404343635661, -0.4195694096564247, -0.1174433132302866, 0.4580792122730865, -0.04092615220847397], [0.04109382095626682, -0.4813884253396812, 0.023035127664871896, -0.0675165238259991, 0.5304547876266377, -0.6641750289980969, 0.4256416640036168, -0.2628590401447861, -0.5991767795839454, -0.009000770781899564, 0.02814227341668918, 0.5106480197889791, 0.3794691923981601, -0.04341985099961118], [-0.7621061736290964, -0.4455119329352564, -0.4720065026386537, -0.35877777797534743, -0.1990799571620933, 0.2970873857606406, -0.016755353328477787, 0.08558371303364408, 0.5169740909234907, 0.711663207897839, 0.6729810296253417, 0.5107604339665943, 0.3239275945005633, 0.052075280685832954]], "inverted": true, "swapped": true, "error_lsq": 0.03789665910295472, "error_max": 0.1947802090456002, "target": "697.xyz", "model": "20.xyz", "model_rescale": 4.121658175737393, "target_rescale": 4.321973165124971},
{"mapping": [9, 11, 10, 8, 6, 3, 13, 1, 12, 7, 14, 4, 15], "R": [[-0.9139700511992984, -0.4045170955231951, 0.03201038800499595], [0.3374425187052243, -0.7138637762062906, 0.6136212639652978], [-0.22536923499143907, 0.5716331239964787, 0.7889513796612566]], "T": [0.0878470010261163, -0.004332155584854551, -0.012961010365132843], "aligned_model": [[0.12800640451820472, -0.04698571462880742, 0.16260941108735327, 0.6857113424010058, 0.752031522905074, -0.4305164656007353, -0.5365532151480377, 0.42752252392659473, -0.6667484282435614, -0.18601213562415542, -0.08203983943674249, 0.6500862526648093, 0.023971245843292535], [-0.534864004379312, 0.007752914706887333, 0.5355853714775652, -0.2843503714331911, 0.1990853736213482, -0.5943373070781469, 0.40697276167540497, -0.5797350715338502, -0.10812706753511156, 0.056919133611123225, 0.6645531778988403, -0.16962318193527456, -0.05900482493310019], [0.528267427809617, 0.8061875352020574, 0.4040150165636349, 0.24114543767987903, -0.10167851840174777, 0.0957516896109814, 0.05488162591649264, -0.08646737704293903, -0.2061334455145719, -0.568621242598125, -0.25674687224282616, -0.5434788425641615, 0.0029873050634982544]], "inverted": false, "swapped": true, "error_lsq": 0.046943948614431436, "error_max": 0.30213724992173924, "target": "697.xyz", "model": "21.xyz", "model_rescale": 4.08911054899281, "target_rescale": 4.321973165124971},
{"mapping": [4, 2, 12, 13, 1, 8, 11, 0, 15, 14, 5, 9, 7, 10, 6, 16], "R": [[-0.40935515212260676, -0.07476319346825483, 0.9093067822979801], [-0.9074949235195063, 0.13630888575455202, -0.3973321676515485], [-0.09424077258280092, -0.9878412587894785, -0.12364596320226556]], "T": [-0.005034598249245927, 0.07965117086678095, -0.03394393614244621], "aligned_model": [[0.01960101914296548, -0.49639529617815886, 0.31953453548936483, 0.3525571105988075, -0.4102386665575722, -0.04070235084660814, -0.5291822441372267, 0.37377029860127153, -0.7273791976998398, -0.264398689445688, 0.05304726748120907, -0.04265306504217645, 0.6978821970907154, 0.577253004656844, 0.5305712868321063, 0.021951781001311347], [0.31372382590062103, 0.18104976430855946, 0.6813427007104895, 0.562743767544824, -0.47300640939108973, -0.6043470542827266, -0.3882010223311195, -0.1893486958442662, 0.16732767684990657, 0.6443204986646441, -0.20407952296018086, 0.32639970065021173, 0.17240191873990932, 0.06606344935797626, -0.43721333379027616, 0.08985983302589595], [-0.6903700663268506, -0.553113291124126, 0.24460890690998202, -0.3086795887728115, -0.434415712021766, 0.07392754978896235, 0.26982670247894835, -0.6538030491760308, 0.0112016930737412, 0.12637263938615229, 0.6093697075819103, 0.6333248444612798, -0.08963473975855649, 0.5245289195461861, -0.07320649137265714, -0.07180115453307989]], "inverted": true, "swapped": false, "error_lsq": 0.04459208921714141, "error_max": 0.32091238334216643, "target": "697.xyz", "model": "22.xyz", "model_rescale": 4.204369325754507, "target_rescale": 4.321973165124971},
{"mapping": [5, 9, 0, 8, 11, 10, 14, 2, 13, 7, 12, 4, 6, 1, 3, 15], "R": [[-0.05131370520470424, 0.7736711926884476, 0.6315059693005282], [0.6652816646283963, -0.44512308838162695, 0.599387806765263], [0.7448269667294779, 0.45088615169867124, -0.4918683440097849]], "T": [-0.018879371146688872, 0.07022725493599885, 0.07570058105148958], "aligned_model": [[0.13788793958150233, -0.4933950622037188, 0.44694283024048026, 0.23820514756356997, -0.44260599260748884, 0.04920938985739216, -0.3939126607230908, 0.5067135058929931, -0.6795964502498703, -0.3936677369101636, -0.035535291551155715, -0.05726322954089269, 0.6020708528367068, 0.608565915306704, 0.3435994499395104, -0.0019996164451540517], [0.2500127487049857, 0.373536313187627, 0.5333287606217283, 0.6924365552422889, -0.24912501907136858, -0.6305140488566146, -0.5915594179887977, -0.25641254076555, -0.028654228435802287, 0.664083460327592, -0.0954893993949093, 0.5861016825494121, 0.29732080836785324, -0.052809117511778025, -0.6302239632633697, 0.04700450344008207], [-0.7207690224338913, -0.44569017555982093, 0.27872996336442746, -0.26931433513015685, -0.41182693330185993, -0.2739128951339739, 0.22105323264345933, -0.5345320422015176, 0.146448294792073, 0.025760245173720567, 0.5976197634947517, 0.5924841749913373, -0.27234078562334135, 0.23908322254608066, 0.39726828785822854, 0.04807587466176757]], "inverted": true, "swapped": false, "error_lsq": 0.03589996409531479, "error_max": 0.22941828547516535, "target": "697.xyz", "model": "23.xyz", "model_rescale": 4.410303926677745, "target_rescale": 4.321973165124971},
{"mapping": [12, 0, 14, 13, 2, 4, 3, 5, 1, 7, 10, 11, 6, 15, 8, 16], "R": [[0.3167501690295636, -0.2070993986146548, -0.9256236651648398], [-0.3750808465096106, -0.9236783958918372, 0.07831078817325703], [-0.8711966993747032, 0.3223787524886389, -0.3702543057717115]], "T": [0.08024043766833233, 0.1227190581766419, 0.06904519024558928], "aligned_model": [[0.05793182458482693, -0.4233404646822979, 0.5643953745393926, 0.25774028764588286, -0.2983183931437793, 0.041596892806281205, -0.598749969023995, 0.3409275164706948, -0.7395779613740842, -0.3568237597452555, -0.11087924245808528, -0.03543117177972058, 0.6390927559177725, 0.7775706055104661, 0.343024970396262, -0.02394027467703677], [0.3346401413311851, 0.07580834216944346, 0.5312075888580285, 0.7508594736332506, -0.4851319220959785, -0.557010277816684, -0.4602288786756528, -0.18153925650784364, 0.19386422720761146, 0.6102150952175317, -0.23801588072527313, 0.4586016295846389, 0.40647538580079656, -0.02145741837595587, -0.5730403053594194, 0.0637891529076999], [-0.7060468140226739, -0.491839352773368, 0.3075427948871814, -0.19195298131329938, -0.49673245916640485, -0.03273437166011653, -0.022577488025144338, -0.41579618414275643, 0.31229713183171764, -0.046078212635587146, 0.5761226182577444, 0.5929960119863436, -0.3611460726599669, 0.11656330743144777, 0.41914498268384914, 0.05837395946231764]], "inverted": true, "swapped": false, "error_lsq": 0.04286311202968801, "error_max": 0.2826271112811063, "target": "697.xyz", "model": "24.xyz", "model_rescale": 4.28219845311461, "target_rescale": 4.321973165124971},
{"mapping": [3, 1, 4, 4, 5, 11, 10, 9, 8, 0, 14, 2, 7, 13, 12, 15], "R": [[0.9699802565057354, -0.13182846229019327, 0.2043515561948855], [0.22491832912210782, 0.16681011317953984, -0.9599927767259235], [0.09246646534818737, 0.9771364503851203, 0.19145315383868783]], "T": [0.03433899874900785, 0.02688069008796777, 0.0017157943618525441], "aligned_model": [[0.11673724429832318, -0.35931037133137045, 0.24351246856089048, 0.24351246856089048, -0.4204819533499011, -0.03134405288288132, -0.5246959835090368, 0.3788670401180096, -0.6418630254370129, -0.3338640221082752, -0.06374706294652309, 0.09237705332482143, 0.7300520356870964, 0.5595590550579275, 0.4396382029094264, 0.006269894034940236], [0.360633935529476, 0.3034618900861318, 0.7187220330402994, 0.7187220330402994, -0.3649033322285786, -0.5130220155030214, -0.44556832014016845, -0.32428669117075787, -0.09117692423291769, 0.7220189475418496, -0.3109474804628568, 0.34962576410877166, 0.22216032933751084, 0.03527910337656602, -0.5641599555465503, 0.09247778037732514], [-0.6924489160257326, -0.42068261009721775, -0.10896658334338144, -0.10896658334338144, -0.6023734890255054, 0.027559100505742968, 0.3082718906543266, -0.4618093753206557, -0.10201115062552027, 0.21796451803752728, 0.6772865727248398, 0.6027542505393921, -0.28706654318526126, 0.27918618204690593, 0.2678424757522906, 0.021597130846913972]], "inverted": false, "swapped": false, "error_lsq": 0.04687756143085394, "error_max": 0.4009825291729589, "target": "697.xyz", "model": "25.xyz", "model_rescale": 4.100010024507729, "target_rescale": 4.321973165124971},
{"mapping": [4, 1, 3, 9, 14, 13, 7, 11, 8, 10, 6, 15], "R": [[0.0928529308206898, 0.9216831980273723, 0.3766675134811121], [0.6799776606147669, -0.33504331765480017, 0.6522088287962171], [0.7273298524760803, 0.1955659933856096, -0.6578337388187251]], "T": [-0.05076726406949865, 0.08594217551955012, 0.02263955853237594], "aligned_model": [[-0.6620191274759091, -0.03360787354771701, 0.5008893462385272, 0.5758237214776856, -0.43538440001221745, 0.1193101639086558, -0.39920471020705706, 0.6624076387749027, -0.0023812555110474254, 0.03725991313646089, -0.4984573025588228, 0.012129488139545841], [-0.4092283988212944, -0.5844437835236717, -0.16714214970572255, -0.30178407703651017, 0.7047113574073121, 0.7452091171963579, 0.17217625815467474, 0.29823474279030926, -0.3922520925371327, 0.5910728130640096, -0.0612775636791341, 0.0708551667414415], [-0.05520985730048748, -0.0238296110009059, 0.5327851476408713, -0.15917664666679426, 0.0926040684546648, 0.33901079035171194, 0.5312296390111821, -0.3456587901934221, -0.4964087003088256, -0.4335003499471847, -0.49532814736429615, 0.07867474717784295]], "inverted": false, "swapped": true, "error_lsq": 0.04115448302088517, "error_max": 0.18063937492270749, "target": "697.xyz", "model": "26.xyz", "model_rescale": 3.6694154284099745, "target_rescale": 4.321973165124971},
