[{"mapping": [4, 10, 0, 7, 1, 3, 8, 10, 6, 2, 11], "R": [[-0.22664381747063156, 0.7919277387398247, -0.5669947412602404], [-0.6744995904841229, -0.5475755365192976, -0.4951881806367695], [-0.7026257057915611, 0.2702063811608293, 0.6582595454232919]], "T": [-0.004648854877688964, 0.06332761465530118, -0.09412137659818115], "aligned_model": [[-0.7457166596032608, -0.06081309080038009, -0.08120146388063898, 0.7768922638342636, 0.5612510221894427, -0.5910800091924804, -0.00012049118619459308, -0.06081309080038009, 0.5872216542614868, 0.020397672105997237, 0.0029426012740073615], [-0.1276151023812305, -0.043455783415022875, -0.5088943210412225, -0.11750053653312492, -0.18026178418769892, 0.3298191227480623, 0.5585043544649599, -0.043455783415022875, 0.4814455141980277, -0.0986090491922029, -0.0054078071809754436], [0.164157260446126, -0.762854679540871, 0.1283491795751388, -0.5972098075586412, 0.2555957854423254, -0.3372536289843927, 0.3032235377583071, -0.762854679540871, -0.09872680255761723, 0.6944846302103003, -0.08704553978630367]], "inverted": true, "swapped": false, "error_lsq": 0.05035591468018857, "error_max": 0.3147818546817255, "target": "698.xyz", "model": "0.xyz", "model_rescale": 3.751011558992144, "target_rescale": 3.8925672707520995},
{"mapping": [10, 5, 9, 2, 12, 4, 6, 8, 0, 11, 14], "R": [[-0.2776062999446893, -0.6346418241046676, 0.7212243044491218], [-0.2294617210322473, 0.7728054340635874, 0.5917086104348235], [-0.9328890935218068, -0.0012313321609560557, -0.3601616623256439]], "T": [0.11656014355658731, 0.07556431821413537, -0.11219750138675423], "aligned_model": [[-0.6505898260966623, 0.00282220744093456, -0.04918344071079245, 0.5845177819393474, 0.5493779515864397, -0.5456962245089254, -0.1153622995103055, -0.0905164727140367, 0.6827655720936996, -0.08698069167588049, 0.12780585035804418], [-0.16889873016880413, -0.39370891264480246, -0.5435127155604309, -0.09851531852315773, -0.1896234936521954, 0.4507602535750833, 0.5022209569104086, 0.2180019369177501, 0.5421067342905621, -0.11384120724641544, 0.039579320166551205], [0.04327754537381058, -0.5083443979831886, 0.040976621301709634, -0.771325736816515, 0.4303145017680078, -0.32718234493417203, 0.4604296358748521, -0.7264035351505274, -0.3052107268304026, 0.635751470298185, -0.07241777743825856]], "inverted": true, "swapped": false, "error_lsq": 0.04774728540216024, "error_max": 0.25203258779701954, "target": "698.xyz", "model": "1.xyz", "model_rescale": 3.9405287249114394, "target_rescale": 3.8925672707520995},
{"mapping": [10, 11, 9, 0, 2, 3, 4, 6, 1, 8, 12], "R": [[-0.3803538278638605, 0.6946965977031724, -0.6105142117665615], [0.9214605139882115, 0.3410498357516487, -0.18599873842140757], [0.07900308088859886, -0.6333100715079546, -0.7698550945059072]], "T": [0.07398078702007123, 0.0916682181158264, -0.1527143000773756], "aligned_model": [[-0.6746210817154584, -0.12074339111098446, -0.2170391729091955, 0.6658470387783059, 0.6699781413957223, -0.4437123952206255, 0.0003088909670324186, -0.004296230720028563, 0.6812965527264914, -0.2856803350969037, 0.137622391107507], [-0.25779301485197015, -0.47495369320366376, -0.5723086532450877, -0.010013681943078737, -0.11807084881948823, 0.3340260252761735, 0.5653222656586175, 0.16419268972270581, 0.5967429975183169, -0.06824122185274081, 0.08566595980476438], [0.017459752265133494, -0.5382482066290764, 0.20058897518426075, -0.737765682013995, 0.10217058550813554, -0.14522157435036573, 0.35906691964555637, -0.6856013452391836, -0.09532649393167617, 0.5149402650656032, -0.09219794004089191]], "inverted": false, "swapped": false, "error_lsq": 0.05338507609022219, "error_max": 0.2751324844001369, "target": "698.xyz", "model": "2.xyz", "model_rescale": 3.932901565614263, "target_rescale": 3.8925672707520995},
{"mapping": [8, 7, 3, 4, 1, 9, 10, 5, 6, 11, 13], "R": [[-0.3220689792706074, 0.3851517992595702, 0.8648292687685271], [-0.5930293002354499, 0.6299971077708086, -0.5014178828708339], [-0.7379619378083413, -0.6743602418051736, 0.025503776556148133]], "T": [0.09477964274021, -0.058045662215481325, -0.07413339807654884], "aligned_model": [[-0.5793231808361792, -0.20918121064674744, -0.00976227294618287, 0.5936795440455631, 0.6609827184202631, -0.5066836150447586, 0.17787152870834813, 0.0457871317987765, 0.47894202071557523, -0.3342327900771649, 0.09088053406436966], [-0.3122367642075925, -0.30988774272093966, -0.5260156496370004, -0.16650343512553134, -0.135169622062865, 0.22536699603989843, 0.49114809963539685, 0.41012341125108753, 0.4923808120510602, 0.018888034045159513, 0.05647468479587514], [0.06643328519614133, -0.669050126234446, 0.10125347947859051, -0.7830496163355731, 0.39728424353231245, -0.38672283178177985, 0.37822419358249637, -0.6174722777600986, -0.2011854521983757, 0.7054422796066517, -0.09129192162241856]], "inverted": true, "swapped": false, "error_lsq": 0.058649218842842, "error_max": 0.28039917937659525, "target": "698.xyz", "model": "3.xyz", "model_rescale": 3.9243930471874484, "target_rescale": 3.8925672707520995},
{"mapping": [11, 5, 6, 0, 3, 9, 8, 1, 7, 10, 12], "R": [[0.760919590418582, -0.43849995298801514, -0.47824592852080433], [0.25932726372348425, 0.8811706412199439, -0.39533235554622115], [0.5947694908171639, 0.17679392603124655, 0.7842149963572173]], "T": [0.05240166019138752, 0.07424843528658918, -0.0065308791972395475], "aligned_model": [[-0.673043493715068, -0.002323239140898631, -0.02077257158598199, 0.6027600123561302, 0.5512136337159265, -0.5471490502567958, -0.09279077504256834, 0.10161584100468489, 0.520104275214874, -0.10088504855101661, 0.07023082420257665], [-0.23108179666710998, -0.39367327205286556, -0.6429350668338504, -0.20092051178579085, -0.33887108756548084, 0.4162382474181857, 0.6173933100974917, 0.33456273568569944, 0.6916836817462072, -0.02505337279505067, 0.017225956817113773], [0.07493604363808892, -0.5995549604692265, 0.03601169743798627, -0.593651044180677, 0.17642333712943284, -0.1523708798011508, 0.27675196644243244, -0.6698367885611489, -0.2137668298470239, 0.6744757693411951, -0.10955305566640786]], "inverted": false, "swapped": false, "error_lsq": 0.039171346407171154, "error_max": 0.2156895406326351, "target": "698.xyz", "model": "4.xyz", "model_rescale": 3.8936222436046832, "target_rescale": 3.8925672707520995},
{"mapping": [1, 9, 6, 8, 7, 2, 4, 3, 10, 5, 11], "R": [[0.5427377711910388, 0.6634825025341384, 0.5150016316028719], [-0.14274971366965816, 0.6771156432784202, -0.7218981402350899], [-0.8276824457301327, 0.318285052207432, 0.4622081723330929]], "T": [0.060717853196103115, 0.009498247904156907, -0.19835483089044806], "aligned_model": [[-0.6965976075561011, -0.050671961939901276, 0.06087394668301082, 0.6072305553531111, 0.5857560245657635, -0.34225312867530894, -0.08489783664958458, 0.026847255142611375, 0.41562993630840384, -0.10288501729506366, -0.010071757735078173], [-0.17127435873880267, -0.47720393169659747, -0.674099662827931, -0.11665833955129795, -0.1193169428011985, 0.6358454723947932, 0.5290993822061338, 0.23346427985082302, 0.5316374356943914, -0.14066960804720122, 0.013745097581436435], [-0.006252449972786289, -0.5627025237294438, 0.2106714521101226, -0.6792614831146228, 0.1587013168460125, -0.24797344701976784, 0.3842559577237984, -0.7265347542525088, -0.16876629730552842, 0.5812954579268432, -0.043567973748618205]], "inverted": false, "swapped": false, "error_lsq": 0.04761590986720163, "error_max": 0.2826801053882805, "target": "698.xyz", "model": "5.xyz", "model_rescale": 3.6523030999806103, "target_rescale": 3.8925672707520995},
{"mapping": [6, 10, 2, 11, 3, 8, 5, 9, 7, 1, 12], "R": [[-0.8854502143324459, 0.4561778214324277, 0.08876774848890787], [0.46160874135224406, 0.8411872360942534, 0.2816405576959896], [0.053807879031076256, 0.29035466082926087, -0.955405088477606]], "T": [0.017135525102936602, 0.012823807081341596, -0.07420266346826426], "aligned_model": [[-0.5912064608891116, -0.2226219805308841, -0.009007529936570433, 0.678383417032897, 0.6086649092654892, -0.49028422473214617, -0.0036360316775110313, -0.052151896209095064, 0.5744028638961266, -0.17217997510430771, 0.08859731708697628], [-0.2161472922106959, -0.4404977589897851, -0.6792246015499794, -0.052008832684203976, -0.07243526615257043, 0.4490106513291514, 0.6043153035235979, 0.31173337587937777, 0.39876000179564036, -0.1274404080104924, 0.0685036511345089], [-0.08500663682791469, -0.6621558400852994, 0.2365981972016758, -0.6513655151662865, 0.28000713460562493, -0.1514641483681139, 0.26285798693780327, -0.7288133860427901, -0.15978552636140883, 0.5791429245166819, -0.020149934946471854]], "inverted": true, "swapped": false, "error_lsq": 0.04842069107781131, "error_max": 0.25190386125878667, "target": "698.xyz", "model": "6.xyz", "model_rescale": 4.08911054899281, "target_rescale": 3.8925672707520995},
{"mapping": [1, 3, 9, 4, 10, 2, 13, 6, 5, 11, 14], "R": [[0.6240181186435212, -0.7779420958330606, -0.07353559094387971], [-0.76029661094397, -0.6261909523684711, 0.1727250837573418], [-0.18041743538725377, -0.05187472123040722, -0.9822212389810933]], "T": [0.08685507785689532, 0.07404624877960067, -0.08378947973408613], "aligned_model": [[-0.6024712463410342, 0.017856824304927826, -0.19744465538866712, 0.5870119790482883, 0.6733364684875079, -0.5712123338749339, -0.23772323651771682, -0.06845593112698505, 0.7226133156321453, 0.07172067390208295, 0.013728550076247306], [-0.08735563010153294, -0.40310348509673755, -0.6475271795237032, -0.06295521531811252, -0.07496899555691847, 0.4736342308709742, 0.5562817430119018, 0.1728538346410805, 0.4695848053199956, -0.09332611211189829, -0.05854917207050003], [0.10784744550947456, -0.7114986550169486, 0.030502939747300756, -0.5612024694274553, 0.30750188728196937, -0.3234064020830095, 0.3611738539147519, -0.5477490878015457, -0.22472188542623928, 0.47860584882376656, -0.017188220058564116]], "inverted": true, "swapped": false, "error_lsq": 0.05088585007328461, "error_max": 0.2983314596430434, "target": "698.xyz", "model": "7.xyz", "model_rescale": 3.964800864290218, "target_rescale": 3.8925672707520995},
{"mapping": [10, 3, 5, 0, 1, 11, 12, 6, 2, 8, 13], "R": [[0.4081539735833187, -0.3051325692064635, -0.8604094659274795], [0.6152517785510455, 0.7882343758481777, 0.012321433399129], [0.6744446477198283, -0.5343974961961337, 0.5094543485155274]], "T": [0.08075963834463495, 0.10797378981287467, -0.10699594406105613], "aligned_model": [[-0.6275514606841381, 0.06224723311029681, -0.14115955471668096, 0.5877684083878612, 0.6957680423016959, -0.5874926676601717, -0.06956020307714972, -0.10793908959499238, 0.6196737731313369, -0.06722203352222028, 0.044427960526025476], [-0.29778968681655826, -0.3938795633334352, -0.6583841777038312, -0.11061939571215298, -0.18433255795592837, 0.5710982858324443, 0.6901290368959186, 0.2331372137887217, 0.468682727886089, -0.14745674541719214, 0.07398368660047373], [-0.0132654739167173, -0.6302197952859903, 0.14304017401603003, -0.5634151580124619, 0.20834760397607577, -0.2685133771745067, 0.35035966250475287, -0.6410677843139827, -0.24141820812206094, 0.6028732325277382, -0.04685562073537654]], "inverted": false, "swapped": false, "error_lsq": 0.0401838152595717, "error_max": 0.19081538609099433, "target": "698.xyz", "model": "8.xyz", "model_rescale": 4.121658175737393, "target_rescale": 3.8925672707520995},
{"mapping": [9, 11, 5, 3, 0, 6, 1, 8, 2, 4, 12], "R": [[-0.17103489706669522, 0.7642896838057942, -0.6217783714583713], [0.4494565972955705, -0.5010647956597698, -0.739542316367306], [-0.8767758157778263, -0.4059499350640083, -0.25781547488204637]], "T": [0.009051011052823972, -0.08927124214882526, -0.1992567882500434], "aligned_model": [[-0.7500866623577266, 0.11181459625137544, -0.02281065250301855, 0.7203404481237953, 0.5475484204611412, -0.469773187298769, 0.16781875026326243, -0.20935786472179652, 0.44275480242964943, -0.15482580434068238, 0.025537561894632077], [-0.1483978694562918, -0.3141362447678358, -0.6163406944005583, -0.09924964023437172, -0.1321808986953979, 0.4087831325788503, 0.40546980877626554, 0.35261649210845797, 0.44140556164594985, -0.02529783910595826, -0.02810298438456081], [0.13749809558537668, -0.7839853156093612, 0.1215243414541351, -0.5407999915976278, 0.37258544922272735, -0.1458594383012702, 0.25346366990164393, -0.7355273645668228, -0.3116382908134747, 0.6709039502335556, -0.13829985004538123]], "inverted": false, "swapped": false, "error_lsq": 0.052593089429897315, "error_max": 0.31499202101579715, "target": "698.xyz", "model": "9.xyz", "model_rescale": 3.833441315466971, "target_rescale": 3.8925672707520995},
{"mapping": [10, 9, 13, 3, 5, 11, 12, 7, 6, 0, 14], "R": [[-0.8479058249194623, -0.04337647787517719, -0.5283693719688816], [0.5086201307301904, 0.21456271020083567, -0.8338275637128316], [0.14953686730585924, -0.9757465472951552, -0.15986682194230728]], "T": [0.07333746937556254, 0.0720682151202452, -0.05757071207788778], "aligned_model": [[-0.7005738402630433, -0.031276949463512504, 0.07669336142123553, 0.5761324198574549, 0.5421761315506696, -0.44967979210547415, -0.1170706915446929, -0.00754110516937008, 0.48525249111938074, -0.056887312038232024, 0.09173569483744701], [-0.05997665075324721, -0.3894631991134005, -0.6491684753587523, -0.11901390351778482, -0.30666943061180957, 0.39281808307994004, 0.5828741710531794, 0.29378891137042207, 0.6035314020752938, -0.13429976047446845, 0.030147676315176605], [0.18610854787211187, -0.7163230961943843, 0.2822717745392733, -0.7394847179865106, 0.24932227582214067, -0.3557477525090481, 0.19902637471223955, -0.6806377757361529, 0.037836121106576644, 0.5782568798511944, -0.14076337601394004]], "inverted": false, "swapped": false, "error_lsq": 0.04593136859467146, "error_max": 0.24149999094383046, "target": "698.xyz", "model": "10.xyz", "model_rescale": 4.2482417240324, "target_rescale": 3.8925672707520995},
{"mapping": [7, 9, 5, 4, 6, 8, 1, 10, 0, 2, 11], "R": [[-0.8033650167702099, 0.15004679296105972, 0.576273034031527], [-0.364639356718481, -0.8890402273906209, -0.27684944213988494], [0.4707895382883236, -0.4325429851509952, 0.7689367832500493]], "T": [-0.023777026984097373, 0.07340550501437434, -0.0069057987405919535], "aligned_model": [[-0.5524239545920375, -0.24744724305450852, 0.13976143548325673, 0.6042684450825798, 0.5269373905635526, -0.4589512929694934, 0.016357916422330775, -0.007055985937335731, 0.4766400313146342, -0.09163809916409274, 0.0025117650529763516], [-0.34370275406151574, -0.2702779513172828, -0.6588266319715641, -0.36146673109430205, -0.1362444003901075, 0.45774246124541584, 0.6972556558184609, 0.30732809827655305, 0.6034209185753541, -0.04756328160218737, -0.003096559414275557], [-0.07838567588596192, -0.7218632928798222, -0.042647079920057465, -0.4338538090540611, 0.26372806021283035, -0.20632067093909284, 0.3222548450455128, -0.606908290137338, -0.21307540145951775, 0.7200871269002121, -0.10315055641920318]], "inverted": false, "swapped": false, "error_lsq": 0.05460724769390939, "error_max": 0.2816599326912783, "target": "698.xyz", "model": "11.xyz", "model_rescale": 3.6694154284099745, "target_rescale": 3.8925672707520995},
{"mapping": [9, 2, 8, 1, 4, 7, 6, 12, 0, 11, 13], "R": [[-0.36574142033413326, 0.11400782052690517, 0.9237074376179266], [0.48173702214238145, 0.8723694637138747, 0.08307201861612165], [-0.7963433021940736, 0.47536694840751337, -0.37398343467641304]], "T": [-0.011999967808109045, 0.09913133081311491, -0.1367611883246701], "aligned_model": [[-0.690558364977628, 0.06870523320938984, -0.1548234063258984, 0.6632196415776301, 0.5949613980900501, -0.6646384770735675, 0.05903818488496466, -0.01712465671818602, 0.5747012422659087, -0.12947353432368283, 0.1049531475928819], [-0.22237145452692525, -0.40304139959839386, -0.6272254313400334, -0.18148334481391587, -0.07695345609204855, 0.4532005780403014, 0.4856026886003543, 0.29148186336525156, 0.5036558985926182, -0.1089284745781174, 0.13063135641545776], [0.1476341835424161, -0.5461788146576019, 0.020099166116596512, -0.563149951104915, 0.24829815499515667, -0.10737985307118475, 0.26999218157619875, -0.7884846806563285, -0.19042149568446468, 0.5617656382594975, -0.15230927385187018]], "inverted": true, "swapped": false, "error_lsq": 0.045787851551646955, "error_max": 0.20905797366053028, "target": "698.xyz", "model": "12.xyz", "model_rescale": 3.9764082729961374, "target_rescale": 3.8925672707520995},
{"mapping": [9, 6, 4, 14, 3, 12, 10, 13, 11, 2, 15], "R": [[0.5086388262297314, -0.6482828496324723, -0.5665826429780941], [0.21764017185214155, 0.73350679061485, -0.6438948234906638], [0.8330181871050665, 0.20419876344949844, 0.514182423812682]], "T": [-0.08774244709666365, -0.048328821566949454, -0.03261724790284516], "aligned_model": [[-0.668337963161027, 0.03691448916834693, -0.06066583797254088, 0.5455740737283539, 0.7234048617002338, -0.4963078771568471, -0.009693476991033123, -0.02485506418265848, 0.5167111028338914, -0.14144784867926036, -0.012336051085596655], [-0.12452179515788081, -0.374009610569113, -0.7646727618828832, -0.023562263378314074, -0.15656066455057185, 0.40228846718212996, 0.7339579066401458, 0.25011587633931803, 0.4571152037822018, -0.030566375615096453, -0.12501515872538738], [0.10377411552955616, -0.712360933136611, -0.07713621229117458, -0.519551372421402, 0.16428211448700736, -0.2255728992542223, 0.13496178448114354, -0.5631419745167542, -0.13114106210330578, 0.763033265363362, -0.03728157067409841]], "inverted": true, "swapped": false, "error_lsq": 0.04700896253288218, "error_max": 0.2946912700270602, "target": "698.xyz", "model": "13.xyz", "model_rescale": 4.170626492500431, "target_rescale": 3.8925672707520995},
{"mapping": [4, 7, 2, 1, 3, 12, 5, 10, 11, 6, 13], "R": [[-0.625309587943002, -0.7440041055836096, 0.23546934004512396], [-0.1661269047380825, 0.4217333725917727, 0.8913713109386643], [-0.7624891938569995, 0.5182652345248542, -0.38731302061020445]], "T": [0.033855527135419484, -0.08662826340906019, -0.18675035076566154], "aligned_model": [[-0.6312826486723444, -0.019129476484195017, -0.02871044521930565, 0.612318878089541, 0.6200197833766337, -0.46238284790475537, -0.23370940099117057, 0.005113719063816295, 0.37677465363253293, 0.11867728354767615, 0.05127090976343414], [-0.22559225539629568, -0.28067224606715446, -0.610654178267047, -0.3864169332980022, -0.18515355321907567, 0.4498260714056098, 0.585730404704142, 0.2951674152660082, 0.4861572935282583, 0.1257187598429316, -0.009541954434825584], [0.01658028294975325, -0.9722243000946145, 0.20620576242880434, -0.5945755276546001, 0.16278911253271927, -0.2276201804962766, 0.36421485594514375, -0.6011586918842352, 0.04559170220281869, 0.6226959281097464, -0.12263368857575895]], "inverted": false, "swapped": false, "error_lsq": 0.05262565073050401, "error_max": 0.3217938019672919, "target": "698.xyz", "model": "14.xyz", "model_rescale": 3.9786697098870705, "target_rescale": 3.8925672707520995},
{"mapping": [10, 5, 4, 2, 0, 7, 6, 8, 9, 1, 11], "R": [[0.4352900048699865, -0.718684480853181, -0.5422317112094062], [-0.0033965087438509456, -0.6035920723641283, 0.7972860677997139], [-0.9002838859985445, -0.3452089615869939, -0.2651786142421545]], "T": [0.07666835560669436, 0.07128962851749027, -0.09812542092159046], "aligned_model": [[-0.6233259870483706, -0.20703217748007877, -0.005068349442008124, 0.61037313636826, 0.6630947511357823, -0.4994360922938269, -0.138727014084042, 0.18039244042279484, 0.4169394700437258, -0.07043149744213398, 0.08218172802176026], [-0.27637029822033066, -0.2459172190296835, -0.5352634778276393, -0.4415132763467425, -0.1401468907077916, 0.3484899190887037, 0.6736153215754572, 0.15447650756245157, 0.5913612197822264, -0.038593471736973334, 0.15443048992487074], [0.18728916190213843, -0.7789729891227352, -0.11621327104267776, -0.5520414968894802, 0.21042646619531272, -0.2658742492548064, 0.36895517705048, -0.6026542936393132, -0.06413458850503695, 0.5552959048735068, -0.042210566103887945]], "inverted": false, "swapped": false, "error_lsq": 0.055197167887038455, "error_max": 0.26306621403538977, "target": "698.xyz", "model": "15.xyz", "model_rescale": 3.769337070930944, "target_rescale": 3.8925672707520995},
{"mapping": [6, 7, 5, 1, 0, 8, 2, 9, 3, 4, 10], "R": [[-0.7814046251126417, -0.40522121964257596, -0.474555133787377], [-0.5726897942854428, 0.7677303189132438, 0.28743096030641246], [0.24785723990609876, 0.49637276372979244, -0.8319740789552151]], "T": [0.04260502217728063, -0.016712673572965245, -0.14451196123083804], "aligned_model": [[-0.5811554091208513, -0.13092435109572784, 0.0391142694600958, 0.6682548644546742, 0.5341660481538519, -0.5295182812926262, -0.03698864091841168, 0.09398345321496904, 0.35926787765103, -0.06100464480941026, 0.053765222504269496], [-0.07349984937230768, -0.4896394394122986, -0.6732714997244883, -0.3711407458486327, -0.026460889238655947, 0.4399623898803496, 0.5552155871429889, 0.5306572240732206, 0.5965468139771117, -0.27143516603354156, 0.02763439862080302], [0.22858999602877406, -0.6518228449574182, -0.006783082754436398, -0.4967497542650854, 0.27470498100080437, -0.30456358975496006, 0.3171034323761449, -0.7432824806180214, -0.2000175970683171, 0.5851550952264633, -0.10246889975044751]], "inverted": false, "swapped": false, "error_lsq": 0.059318594315223565, "error_max": 0.3644600646005617, "target": "698.xyz", "model": "16.xyz", "model_rescale": 3.7852294659196426, "target_rescale": 3.8925672707520995},
{"mapping": [0, 1, 8, 7, 11, 4, 10, 5, 6, 9, 12], "R": [[-0.30108582876385437, -0.3986834327047796, -0.8662556459869782], [0.6576592155642164, -0.7446214938660486, 0.11411917917753435], [-0.6905299992766737, -0.5353413409773508, 0.4863928132071128]], "T": [-0.014293349670829299, -0.14010950601394628, -0.17239082592471844], "aligned_model": [[-0.6428025462321186, -0.1137012638422577, -0.0029615282810066604, 0.6003530485939506, 0.612981923475459, -0.5145456238962314, 0.023737862273272563, -0.00604434829075879, 0.5483215142132416, -0.10626147670946412, 0.009882846897776482], [-0.14789512047235873, -0.2635939675546299, -0.5830256188215653, -0.023097941286670476, -0.2666395588234158, 0.3146015002554425, 0.5419460510847276, 0.31815589470571676, 0.5460785049444545, -0.08938955199128223, -0.10257136797586999], [0.09343379630600951, -0.8425578264590352, 0.30500085612666294, -0.4885317818235545, 0.1860055354805782, -0.3839853627147485, 0.2549368226401976, -0.6437015377060881, -0.17433104643980307, 0.6856482963679577, -0.09205249631467571]], "inverted": true, "swapped": false, "error_lsq": 0.04655731973944131, "error_max": 0.2913176089522283, "target": "698.xyz", "model": "17.xyz", "model_rescale": 3.901054581598922, "target_rescale": 3.8925672707520995},
{"mapping": [10, 5, 9, 2, 12, 4, 6, 8, 0, 11, 14], "R": [[-0.2776062999446893, -0.6346418241046676, 0.7212243044491218], [-0.2294617210322473, 0.7728054340635874, 0.5917086104348235], [-0.9328890935218068, -0.0012313321609560557, -0.3601616623256439]], "T": [0.11656014355658731, 0.07556431821413537, -0.11219750138675423], "aligned_model": [[-0.6505898260966623, 0.00282220744093456, -0.04918344071079245, 0.5845177819393474, 0.5493779515864397, -0.5456962245089254, -0.1153622995103055, -0.0905164727140367, 0.6827655720936996, -0.08698069167588049, 0.12780585035804418], [-0.16889873016880413, -0.39370891264480246, -0.5435127155604309, -0.09851531852315773, -0.1896234936521954, 0.4507602535750833, 0.5022209569104086, 0.2180019369177501, 0.5421067342905621, -0.11384120724641544, 0.039579320166551205], [0.04327754537381058, -0.5083443979831886, 0.040976621301709634, -0.771325736816515, 0.4303145017680078, -0.32718234493417203, 0.4604296358748521, -0.7264035351505274, -0.3052107268304026, 0.635751470298185, -0.07241777743825856]], "inverted": true, "swapped": false, "error_lsq": 0.04774728540216024, "error_max": 0.25203258779701954, "target": "698.xyz", "model": "18.xyz", "model_rescale": 3.9405287249114394, "target_rescale": 3.8925672707520995},
{"mapping": [6, 10, 1, 14, 12, 5, 7, 11, 13, 0, 15], "R": [[-0.37014268395409644, -0.050861590457055426, 0.9275815285630892], [-0.16190146487738616, 0.9867510736468572, -0.0104992536559195], [-0.9147580604650688, -0.15406303019528603, -0.3734732567952249]], "T": [0.08909640133412673, 0.03256949873515676, -0.010059036982815572], "aligned_model": [[-0.6002055971583404, 0.01959060522711349, -0.10144458371627461, 0.6308282999723513, 0.5475761554777532, -0.6605314378026585, 0.06592839283761977, 0.06680068176484459, 0.5489476876671623, -0.1749475422038555, 0.06641774613614762], [-0.20220827269510977, -0.29200195890325864, -0.5693877311093942, -0.09450463613155129, -0.21833246787718885, 0.2745168545314175, 0.6643125930136667, 0.34072161352810404, 0.4600683941366329, -0.1345249056822455, 0.01590934125347627], [0.15734947089163, -0.72260822836579, 0.1819332817003437, -0.5486847663365921, 0.15420775941819226, -0.2761083229679114, 0.29976261357611844, -0.6610262995524001, -0.249038814914626, 0.6023415785045103, -0.03826301648997414]], "inverted": false, "swapped": false, "error_lsq": 0.04381959743863853, "error_max": 0.19975027801153095, "target": "698.xyz", "model": "19.xyz", "model_rescale": 4.410303926677745, "target_rescale": 3.8925672707520995},
{"mapping": [10, 3, 5, 0, 1, 11, 12, 6, 2, 8, 13], "R": [[0.4081539735833187, -0.3051325692064635, -0.8604094659274795], [0.6152517785510455, 0.7882343758481777, 0.012321433399129], [0.6744446477198283, -0.5343974961961337, 0.5094543485155274]], "T": [0.08075963834463495, 0.10797378981287467, -0.10699594406105613], "aligned_model": [[-0.6275514606841381, 0.06224723311029681, -0.14115955471668096, 0.5877684083878612, 0.6957680423016959, -0.5874926676601717, -0.06956020307714972, -0.10793908959499238, 0.6196737731313369, -0.06722203352222028, 0.044427960526025476], [-0.29778968681655826, -0.3938795633334352, -0.6583841777038312, -0.11061939571215298, -0.18433255795592837, 0.5710982858324443, 0.6901290368959186, 0.2331372137887217, 0.468682727886089, -0.14745674541719214, 0.07398368660047373], [-0.0132654739167173, -0.6302197952859903, 0.14304017401603003, -0.5634151580124619, 0.20834760397607577, -0.2685133771745067, 0.35035966250475287, -0.6410677843139827, -0.24141820812206094, 0.6028732325277382, -0.04685562073537654]], "inverted": false, "swapped": false, "error_lsq": 0.0401838152595717, "error_max": 0.19081538609099433, "target": "698.xyz", "model": "20.xyz", "model_rescale": 4.121658175737393, "target_rescale": 3.8925672707520995},
{"mapping": [6, 10, 2, 11, 3, 8, 5, 9, 7, 1, 12], "R": [[-0.8854502143324459, 0.4561778214324277, 0.08876774848890787], [0.46160874135224406, 0.8411872360942534, 0.2816405576959896], [0.053807879031076256, 0.29035466082926087, -0.955405088477606]], "T": [0.017135525102936602, 0.012823807081341596, -0.07420266346826426], "aligned_model": [[-0.5912064608891116, -0.2226219805308841, -0.009007529936570433, 0.678383417032897, 0.6086649092654892, -0.49028422473214617, -0.0036360316775110313, -0.052151896209095064, 0.5744028638961266, -0.17217997510430771, 0.08859731708697628], [-0.2161472922106959, -0.4404977589897851, -0.6792246015499794, -0.052008832684203976, -0.07243526615257043, 0.4490106513291514, 0.6043153035235979, 0.31173337587937777, 0.39876000179564036, -0.1274404080104924, 0.0685036511345089], [-0.08500663682791469, -0.6621558400852994, 0.2365981972016758, -0.6513655151662865, 0.28000713460562493, -0.1514641483681139, 0.26285798693780327, -0.7288133860427901, -0.15978552636140883, 0.5791429245166819, -0.020149934946471854]], "inverted": true, "swapped": false, "error_lsq": 0.04842069107781131, "error_max": 0.25190386125878667, "target": "698.xyz", "model": "21.xyz", "model_rescale": 4.08911054899281, "target_rescale": 3.8925672707520995},
{"mapping": [1, 0, 8, 7, 5, 2, 15, 4, 14, 11, 16], "R": [[-0.6780251149666727, -0.6895937084859414, 0.25444539825085605], [-0.5289569500329735, 0.21739864544565635, -0.8203306491715449], [0.5103787696272686, -0.69079544452392, -0.512167126374541]], "T": [0.212020494770652, 0.04306370341538063, -0.1428757108914848], "aligned_model": [[-0.5331132033576851, -0.13106302130591763, -0.01840951351752279, 0.6052210963839832, 0.5844463583258956, -0.39127096987497323, -0.12377764353976173, -0.14426835674763921, 0.41833993421992255, -0.0615631624936267, 0.2044188901091876], [-0.1722170457848617, -0.3490640643931136, -0.515872103178763, -0.25944813906086867, -0.26654973700243895, 0.4288602966609401, 0.5076113032858456, 0.26687990777378445, 0.6462499986082053, -0.08115345201928853, 0.03927185917510782], [0.025731383275426872, -0.7161199109400679, 0.19661625285337161, -0.6524599140041527, 0.37012287352755624, -0.2348225797838472, 0.3076153052853351, -0.6989842855584586, -0.06924712850694581, 0.5611236577389624, -0.18971039842367932]], "inverted": true, "swapped": false, "error_lsq": 0.04448340576057694, "error_max": 0.21816043556197123, "target": "698.xyz", "model": "22.xyz", "model_rescale": 4.204369325754507, "target_rescale": 3.8925672707520995},
{"mapping": [6, 10, 1, 14, 12, 5, 7, 11, 13, 0, 15], "R": [[-0.37014268395409644, -0.050861590457055426, 0.9275815285630892], [-0.16190146487738616, 0.9867510736468572, -0.0104992536559195], [-0.9147580604650688, -0.15406303019528603, -0.3734732567952249]], "T": [0.08909640133412673, 0.03256949873515676, -0.010059036982815572], "aligned_model": [[-0.6002055971583404, 0.01959060522711349, -0.10144458371627461, 0.6308282999723513, 0.5475761554777532, -0.6605314378026585, 0.06592839283761977, 0.06680068176484459, 0.5489476876671623, -0.1749475422038555, 0.06641774613614762], [-0.20220827269510977, -0.29200195890325864, -0.5693877311093942, -0.09450463613155129, -0.21833246787718885, 0.2745168545314175, 0.6643125930136667, 0.34072161352810404, 0.4600683941366329, -0.1345249056822455, 0.01590934125347627], [0.15734947089163, -0.72260822836579, 0.1819332817003437, -0.5486847663365921, 0.15420775941819226, -0.2761083229679114, 0.29976261357611844, -0.6610262995524001, -0.249038814914626, 0.6023415785045103, -0.03826301648997414]], "inverted": false, "swapped": false, "error_lsq": 0.04381959743863853, "error_max": 0.19975027801153095, "target": "698.xyz", "model": "23.xyz", "model_rescale": 4.410303926677745, "target_rescale": 3.8925672707520995},
{"mapping": [15, 4, 5, 3, 0, 9, 11, 10, 1, 13, 16], "R": [[0.017703176265932152, 0.041630559015998964, 0.9989762229933765], [-0.9983770131593667, -0.05335440229920779, 0.019916007387923207], [0.05412889380985775, -0.9977074743186549, 0.040618450778081405]], "T": [-0.030893832997899197, 0.01675519074563164, 0.03172024928236179], "aligned_model": [[-0.700248729242733, 0.02028056549057984, -0.10251142251929707, 0.6137540354563996, 0.6432990288481789, -0.5358190417296194, -0.10730165349259604, -0.05411836832589001, 0.6415413299057476, -0.07768454510321604, 0.06776920891430852], [-0.2300731667321325, -0.34586231758361696, -0.6068060197234325, -0.08888535734249056, -0.3142915170474304, 0.296646840672955, 0.6398922037966209, 0.35376605119711557, 0.5179233993138596, 0.005871565344956035, 0.016387142168144686], [0.0129060085948993, -0.5511811974336159, -0.008830596546454725, -0.5867619128945526, 0.11082697074986518, -0.21144878969376535, 0.11285960190427921, -0.5247581844167026, -0.1499297658059836, 0.733060965188655, -0.03687784418312316]], "inverted": true, "swapped": false, "error_lsq": 0.044077450294864984, "error_max": 0.21337109869944507, "target": "698.xyz", "model": "24.xyz", "model_rescale": 4.28219845311461, "target_rescale": 3.8925672707520995},
{"mapping": [9, 8, 11, 6, 2, 3, 4, 1, 0, 13, 15], "R": [[0.18861360388193393, -0.9469413049432935, 0.26024425723339517], [-0.29539799276251494, 0.19802197441796088, 0.9346268365072179], [-0.9365708378454598, -0.2531589671331139, -0.24237492250137765]], "T": [-0.03803113484061497, -0.10395691203634888, -0.011822167231914357], "aligned_model": [[-0.68841662305584, 0.07392018322385038, -0.1894114153301914, 0.7316404929953972, 0.5746467504125913, -0.5414422125570726, 0.044273499079044716, -0.15731131712753207, 0.5344070589226056, 0.013527251015710937, 0.013126740623298647], [-0.22888861138409197, -0.26028352388448056, -0.6233226208391016, -0.19244005593756608, -0.003965234830930586, 0.45623975338254646, 0.6035434787789944, 0.25133398536061874, 0.42354850154472173, -0.12801163735275925, -0.05318521077340228], [0.12332394294517608, -0.6788865942107007, -0.0736310860649266, -0.4722279160129668, 0.2769813954179013, -0.19293629629347991, 0.15345855534999847, -0.5308770922515393, -0.25596705249386575, 0.5795149278118914, -0.02888752873398752]], "inverted": true, "swapped": false, "error_lsq": 0.04831821049582232, "error_max": 0.21160561730788258, "target": "698.xyz", "model": "25.xyz", "model_rescale": 4.100010024507729, "target_rescale": 3.8925672707520995},
{"mapping": [7, 9, 5, 4, 6, 8, 1, 10, 0, 2, 11], "R": [[-0.8033650167702099, 0.15004679296105972, 0.576273034031527], [-0.364639356718481, -0.8890402273906209, -0.27684944213988494], [0.4707895382883236, -0.4325429851509952, 0.7689367832500493]], "T": [-0.023777026984097373, 0.07340550501437434, -0.0069057987405919535], "aligned_model": [[-0.5524239545920375, -0.24744724305450852, 0.13976143548325673, 0.6042684450825798, 0.5269373905635526, -0.4589512929694934, 0.016357916422330775, -0.007055985937335731, 0.4766400313146342, -0.09163809916409274, 0.0025117650529763516], [-0.34370275406151574, -0.2702779513172828, -0.6588266319715641, -0.36146673109430205, -0.1362444003901075, 0.45774246124541584, 0.6972556558184609, 0.30732809827655305, 0.6034209185753541, -0.04756328160218737, -0.003096559414275557], [-0.07838567588596192, -0.7218632928798222, -0.042647079920057465, -0.4338538090540611, 0.26372806021283035, -0.20632067093909284, 0.3222548450455128, -0.606908290137338, -0.21307540145951775, 0.7200871269002121, -0.10315055641920318]], "inverted": false, "swapped": false, "error_lsq": 0.05460724769390939, "error_max": 0.2816599326912783, "target": "698.xyz", "model": "26.xyz", "model_rescale": 3.6694154284099745, "target_rescale": 3.8925672707520995},
{"mapping": [5, 6, 7, 12, 9, 0, 4, 2, 10, 8, 13], "R": [[-0.5078854181747113, -0.06988413406598751, -0.8585852373593119], [0.852441492758203, 0.10279278710586737, -0.5126179321318897], [0.12408022980985062, -0.9922448542193884, 0.007365177898717212]], "T": [0.058739512509877856, -0.04139811624982938, -0.09402573039262932], "aligned_model": [[-0.6732243588363502, -0.03808464545302652, -0.0564303479799986, 0.5897444297914297, 0.6513247653212731, -0.4906967541121615, -0.18394293977607548, 0.0875703428805579, 0.3959851003919414, 0.06742501371352214, 0.05928980226075095], [-0.20584567380585367, -0.2761327330701901, -0.6006683327327361, -0.2226137236126221, -0.27787151583593406, 0.2637908795270727, 0.6953466021175493, 0.4083055665610408, 0.4002770652727185, 0.06276035003771693, -0.002779660394213415], [0.15729954008141336, -0.7317679776252902, 0.17070290974354616, -0.6552097419506885, 0.14636267388053434, -0.29875191071713725, 0.1777149868346096, -0.6030100396692122, 0.1363634346602058, 0.536396959871226, -0.1362355796457062]], "inverted": true, "swapped": false, "error_lsq": 0.05544501143224796, "error_max": 0.32738580830039965, "target": "698.xyz", "model": "27.xyz", "model_rescale": 4.103607728864725, "target_rescale": 3.8925672707520995},
{"mapping": [0, 6, 5, 11, 8, 3, 2, 10, 13, 1, 14], "R": [[0.7613425968692339, 0.14715765673060083, 0.6314285979095101], [0.45859926114795785, -0.8106615631520608, -0.36402547672162217], [0.45830575805564383, 0.566720790242793, -0.6846775723211809]], "T": [0.05711283565770706, 0.0719096424313965, -0.2416774295826749], "aligned_model": [[-0.5256327641750245, 0.11692723731683546, -0.16077115618341994, 0.6397506583158861, 0.7058263761732507, -0.5577482101280765, -0.11932285102674953, -0.11811933191113416, 0.5719481706127051, -0.1359743876504938, -0.00792333314191606], [-0.037842822456519876, -0.45662445365514603, -0.6075358392474157, -0.12146790329515725, -0.09616740769015253, 0.4909518575761155, 0.5469759557623156, 0.15694464859862178, 0.46392142943202863, -0.16314488389103948, 0.06855824293089793], [0.15588225563234193, -0.5856850014179635, -0.08036774634111868, -0.5502216336705145, 0.23076391532782942, -0.1422773849718787, 0.29171093983911356, -0.7126742570465313, -0.20785628696378705, 0.6011318762067979, -0.10054142113078823]], "inverted": false, "swapped": false, "error_lsq": 0.04622115398123243, "error_max": 0.21676779634033863, "target": "698.xyz", "model": "28.xyz", "model_rescale": 4.137296879288765, "target_rescale": 3.8925672707520995},
{"mapping": [9, 0, 6, 1, 5, 8, 3, 7, 2, 4, 10], "R": [[0.28597661915287104, -0.47638937147584315, -0.8314268097931081], [-0.9573348745804982, -0.1044075342444874, -0.26946058098528713], [0.04156093369783759, 0.8730133066212895, -0.4859222728506347]], "T": [0.013238301209930727, 0.03597797760597893, -0.10301277642287567], "aligned_model": [[-0.6750947575700925, 0.08149405909446808, -0.0031431542537216917, 0.5349676693781069, 0.5988719701029045, -0.5519265664450422, 0.005587105703461971, -0.15384551993461246, 0.6969721311014246, -0.0854847981398025, -0.03943773083523206], [-0.3155487981863298, -0.49982566091857267, -0.5670862850605518, 0.024319403016039222, -0.2594575416745442, 0.48195201802972226, 0.6533781726149446, 0.331474141367504, 0.39743868849021274, -0.011082805028757609, 0.009007491414882326], [-0.21886070407148328, -0.5488557474638481, 0.28710639250932646, -0.6458032607897344, 0.048477181125751015, -0.11006299716023717, 0.18789474044944798, -0.7345008907986182, 0.01519585445966394, 0.6635829417824947, -0.04430825457926227]], "inverted": false, "swapped": false, "error_lsq": 0.06554723390386696, "error_max": 0.33158712529957857, "target": "698.xyz", "model": "29.xyz", "model_rescale": 3.607286011436655, "target_rescale": 3.8925672707520995},
{"mapping": [1, 3, 9, 4, 10, 2, 13, 6, 5, 11, 14], "R": [[0.6240181186435212, -0.7779420958330606, -0.07353559094387971], [-0.76029661094397, -0.6261909523684711, 0.1727250837573418], [-0.18041743538725377, -0.05187472123040722, -0.9822212389810933]], "T": [0.08685507785689532, 0.07404624877960067, -0.08378947973408613], "aligned_model": [[-0.6024712463410342, 0.017856824304927826, -0.19744465538866712, 0.5870119790482883, 0.6733364684875079, -0.5712123338749339, -0.23772323651771682, -0.06845593112698505, 0.7226133156321453, 0.07172067390208295, 0.013728550076247306], [-0.08735563010153294, -0.40310348509673755, -0.6475271795237032, -0.06295521531811252, -0.07496899555691847, 0.4736342308709742, 0.5562817430119018, 0.1728538346410805, 0.4695848053199956, -0.09332611211189829, -0.05854917207050003], [0.10784744550947456, -0.7114986550169486, 0.030502939747300756, -0.5612024694274553, 0.30750188728196937, -0.3234064020830095, 0.3611738539147519, -0.5477490878015457, -0.22472188542623928, 0.47860584882376656, -0.017188220058564116]], "inverted": true, "swapped": false, "error_lsq": 0.05088585007328461, "error_max": 0.2983314596430434, "target": "698.xyz", "model": "30.xyz", "model_rescale": 3.964800864290218, "target_rescale": 3.8925672707520995},
