[{"mapping": [11, 8, 0, 9, 1, 3, 5, 2, 6, 7, 4, 12], "R": [[0.567164659121004, 0.2697832446155154, -0.7781653104378792], [-0.7898805195785893, 0.445775466734333, -0.42115673810120385], [0.23326597316028305, 0.8535228375283893, 0.4659246200653854]], "T": [-0.08353260153708937, -0.009077293335312472, 0.051202698099930756], "aligned_model": [[-0.11500251716894073, 0.18702568336978104, 0.5498048080809831, -0.13716120058710884, -0.11618186284563294, -0.6645969953093442, 0.3866127497062269, -0.358876147313076, 0.45993610848804917, 0.21252017640880633, -0.5069138560484368, -0.05952448432075812], [-0.3693177416571115, -0.7088448417268428, -0.27021832660327094, 0.4667751547127056, 0.2862453817067976, -0.5682804015640466, -0.1694029179044635, -0.44275738713597457, 0.19125887577618378, 0.4156728920537587, 0.3081594706599104, -0.08573512234058893], [-0.6034504551582696, -0.1406731118422237, -0.5516313876792328, 0.02874788590258539, -0.6667810467602331, -0.0001815210201370418, 0.49758397683214806, 0.5926495890365451, -0.08739552883188395, 0.5885339979619297, 0.5678026134074023, -0.043253266495068325]], "inverted": true, "swapped": true, "error_lsq": 0.04528428123334823, "error_max": 0.2595543335862882, "target": "70.xyz", "model": "0.xyz", "model_rescale": 3.751011558992144, "target_rescale": 4.0271345369394185},
{"mapping": [12, 11, 8, 5, 4, 0, 7, 1, 13, 6, 10, 9, 14], "R": [[-0.2329728676302104, 0.6915848409695874, -0.6836914879455698], [0.01119140231434268, -0.7010835802421351, -0.7129912804720044], [-0.9724188374678862, -0.1737590897073889, 0.15559364794767355]], "T": [-0.11008867986224433, 0.04195019269660327, -0.03125380011367919], "aligned_model": [[-0.28307799763752056, 0.3778115892820608, -0.1885749220216037, -0.2807997697737099, 0.43362705760195375, -0.6049360086067802, -0.12642221402923515, 0.007414626182238676, -0.6103649433920665, 0.43427085687495737, 0.5823970662907748, -0.00897872958745169, -0.10803397121915956], [0.4009711679847097, 0.4246035994080369, -0.23252984050739123, 0.40568727123657466, -0.32578619346449217, -0.4975545360859236, -0.2315734912897155, -0.6345980061884045, 0.5679137506549379, -0.21195533886689288, 0.37213790132147256, 0.6900009888068449, 0.08574077607354745], [0.5957659278981534, 0.4710017987876419, -0.630352183773583, -0.509416019942961, -0.4725214252990637, 0.16765644938386354, 0.5725632531047707, 0.08774643975962922, -0.05550651437473323, 0.41922419166267655, -0.32089723017349514, -0.0944721910343986, 0.0016395947136478087]], "inverted": true, "swapped": false, "error_lsq": 0.04647953761722272, "error_max": 0.2533381706860636, "target": "70.xyz", "model": "1.xyz", "model_rescale": 3.9405287249114394, "target_rescale": 4.0271345369394185},
{"mapping": [10, 8, 0, 5, 1, 6, 3, 7, 11, 4, 4, 9, 12], "R": [[-0.44792896128086424, 0.1855601456004422, 0.8746010965066239], [0.6988487243650049, 0.6828032515523635, 0.21304971279709625], [-0.5576469367792237, 0.7066449971762784, -0.4355258222729004]], "T": [-0.04280589356154142, 0.03815168798905035, -0.056790880743035], "aligned_model": [[-0.2568565674002917, 0.34252441432013925, -0.43936548008207627, -0.33163134042581355, 0.40580023482291006, -0.46431560274580974, -0.03398516464542549, 0.028926478026470567, -0.6972281443685878, 0.605325774492583, 0.605325774492583, -0.15924295783480155, 0.019055221312578932], [0.4815622733639431, 0.5616043808698227, -0.23980719658296953, 0.47292733602911285, -0.4012898968834412, -0.30484012057022525, -0.12007709637739755, -0.6839512779442545, 0.31914498501782196, -0.07562062463578151, -0.07562062463578151, 0.8080891037077599, 0.07093680772469474], [0.6280861017283007, 0.36535554202214643, -0.7411952503243665, -0.5623858545034018, -0.5393569046391767, -0.050319581487517875, 0.49246818846583623, 0.2631022680001428, -0.03707860764422065, 0.18544232017745427, 0.18544232017745427, 0.153018301682041, -0.11014675294254367]], "inverted": true, "swapped": false, "error_lsq": 0.06252488802060326, "error_max": 0.5912730490841285, "target": "70.xyz", "model": "2.xyz", "model_rescale": 3.932901565614263, "target_rescale": 4.0271345369394185},
{"mapping": [2, 4, 8, 3, 9, 10, 6, 12, 1, 5, 7, 0, 13], "R": [[-0.8179013755135914, -0.4926714371181225, 0.2971736781428317], [-0.45039927024942705, 0.22685495120145954, -0.8635261017908882], [0.35801932530487657, -0.8401259942195263, -0.4074438323804811]], "T": [-0.10383739425134614, 0.0832175037334632, -0.11378983856298604], "aligned_model": [[-0.2101408638713301, 0.40276190462174893, -0.007020840123797278, -0.22272451559126405, 0.38267611802458185, -0.5721530696170967, -0.1251268126061654, -0.018559284249403313, -0.7338206812467005, 0.4129390113602726, 0.5643763373255608, -0.15957648487983067, -0.08929817918211819], [0.48104590402336156, 0.5428306745677889, -0.071357228606718, 0.3963444947038029, -0.41588224956065484, -0.4082044458262384, -0.1631990982743636, -0.621941005169542, 0.3652828463542049, -0.2511452490662549, 0.23279702091128257, 0.7391154518607075, -0.012629066834072], [0.6105250028201193, 0.4296614362673164, -0.8247890878598736, -0.49915047223823245, -0.3461623369863929, 0.11496840937333584, 0.5230130191589217, 0.16658300505016072, 0.15515034346812318, 0.2576174605009894, -0.3159257441316363, 0.011275602552405048, -0.05033454726308806]], "inverted": false, "swapped": false, "error_lsq": 0.04684459929997599, "error_max": 0.37342126531488873, "target": "70.xyz", "model": "3.xyz", "model_rescale": 3.9243930471874484, "target_rescale": 4.0271345369394185},
{"mapping": [6, 10, 1, 9, 7, 0, 3, 2, 5, 4, 8, 11, 12], "R": [[0.6861688157782734, 0.6548111137213384, 0.3168513241260998], [-0.5921879060967468, 0.24985146665070931, 0.7660859798255287], [0.4224758456127318, -0.7132998317394378, 0.5592115073157]], "T": [0.029965221783276194, 0.16341057796509856, 0.013191115698942938], "aligned_model": [[-0.3948800264705943, 0.48062595540529285, -0.31432272345300405, 0.08263537643336091, 0.29772266629370486, -0.5508422806057605, -0.04723531222535754, 0.007091270551873627, -0.7272702610093693, 0.4560917869351203, 0.578652580310389, -0.15991346670606466, -0.08402292549513293], [0.4131103809715911, 0.5282524817925551, -0.13786386335752043, 0.5954279482554705, -0.4764813654241528, -0.4533771095767655, -0.14759766648650025, -0.7484992496151863, 0.15107248856012484, -0.22528392918797135, 0.25253675681060117, 0.931555565799089, 0.1302056105419695], [0.5410860277328975, 0.4143432164060628, -0.535315786493918, -0.5420333779551126, -0.3890066100615944, 0.08774275569405687, 0.6050249773498209, 0.15143632911024496, 0.005110588209531117, 0.1535478042499333, -0.28233396911310227, 0.018974082982660238, 0.0038560526006680244]], "inverted": false, "swapped": false, "error_lsq": 0.03979927304139601, "error_max": 0.2634459698599542, "target": "70.xyz", "model": "4.xyz", "model_rescale": 3.8936222436046832, "target_rescale": 4.0271345369394185},
{"mapping": [10, 3, 1, 9, 0, 8, 2, 5, 7, 4, 6, 12], "R": [[0.5198300430579421, -0.848912638094528, 0.09551994146651907], [-0.3884879880969174, -0.13533190335442535, 0.9114616607619204], [-0.7608244274724542, -0.5109135042429958, -0.400141951991234]], "T": [-0.0644981172011184, -0.04297065431338687, -0.04123359386008516], "aligned_model": [[0.001233761413554177, -0.5618874892000837, -0.2210891930952846, 0.3171009085842408, -0.6125181227201543, -0.7496997955689996, -0.12391530687093477, 0.05599703052931511, 0.5905144247722723, 0.4836413424646592, 0.02881523725753518, -0.18064475535102276], [-0.5862705809608107, -0.6699150658975136, 0.12295505705234283, -0.024522667753089283, 0.6647866002751919, 0.16424891558549098, -0.4868735200473443, 0.2916718230968555, 0.18395438771533346, -0.521336323458111, 0.5398856299555116, -0.00966135045405015], [-0.5882597392519469, 0.07069853442792043, -0.7840188978339386, -0.3308154524971781, -0.21864157221320327, 0.2541499594521472, 0.5558234143303311, 0.5240031130848505, 0.2348976942742693, 0.0909622568254769, -0.12043875598495815, -0.06907583533825226]], "inverted": false, "swapped": true, "error_lsq": 0.04819436170529778, "error_max": 0.2643388898141155, "target": "70.xyz", "model": "5.xyz", "model_rescale": 3.6523030999806103, "target_rescale": 4.0271345369394185},
{"mapping": [0, 1, 9, 8, 10, 7, 3, 11, 5, 4, 6, 1, 12], "R": [[0.098363665119378, 0.9696437046306317, 0.22386530650028605], [-0.6864917034085476, -0.09674465753861872, 0.7206730273771635], [0.7204538365055138, -0.2245697159189536, 0.6561361993950394]], "T": [0.028748878903075467, 0.049111411175741415, -0.05227339054628034], "aligned_model": [[-0.43207329984180454, 0.18171898888722893, -0.17373075043634822, -0.17836199506573408, 0.580492868943967, -0.5306883123917123, -0.14018879435541254, -0.11727201907620079, -0.5346500102525414, 0.3714977103299918, 0.46932346847865025, 0.18171898888722893, -0.05345420414285498], [0.45928631672578996, 0.6328874382265324, -0.34231101044079904, 0.394581664108574, -0.33198814688106815, -0.2898006618303757, -0.07191952447757044, -0.8135406548358182, 0.4316646312187848, -0.32265560237391516, 0.3781044340525851, 0.6328874382265324, 0.05586172736405213], [0.7265482815536473, 0.29150060743156614, -0.6253818992416708, -0.5921423495436385, -0.4510399111691303, 0.14517709809347723, 0.6106385780565439, 0.04300679364902853, -0.040515179812503604, 0.21873238082910967, -0.3990904662371694, 0.29150060743156614, 0.013497549671322329]], "inverted": false, "swapped": false, "error_lsq": 0.05578038234065212, "error_max": 0.35060915895398526, "target": "70.xyz", "model": "6.xyz", "model_rescale": 4.08911054899281, "target_rescale": 4.0271345369394185},
{"mapping": [13, 7, 9, 8, 3, 1, 2, 0, 11, 6, 4, 12, 14], "R": [[-0.23942047810142983, 0.4680893700791473, -0.8506292825224101], [-0.06869393896841712, 0.8657478475047551, 0.49574369112464434], [0.9684828224675367, 0.1771242675631728, -0.1751228609448904]], "T": [-0.007278329676232757, 0.21818799559461877, -0.010726016431402294], "aligned_model": [[-0.40942734310060697, 0.4021187446401098, -0.41932208126457743, 0.03996195052167054, 0.3748224161083803, -0.5235441735021916, 0.003765074995826352, 0.1209820797620868, -0.5378089661750971, 0.3445861620413234, 0.5908548956365576, -0.23128181926846686, -0.1313743004305566], [0.39992538149790247, 0.3538905813805612, -0.22817976498800419, 0.2354435328666662, -0.35271352518762733, -0.26645702756817996, -0.24014761524993533, -0.7118200870841577, 0.4312655956781548, -0.0997912356125133, 0.2913414803296986, 0.8561723684231878, 0.1441283645975517], [0.5733477939029311, 0.6321330725528624, -0.5062389597509961, -0.6908874499494019, -0.40381876618028106, 0.1804148710772519, 0.6525582773192132, 0.046636136829694155, -0.1436404364011984, 0.14491316386309333, -0.3764235720019696, 0.21466319069315448, -0.09122523124220518]], "inverted": false, "swapped": false, "error_lsq": 0.0488206702859943, "error_max": 0.25760758941228307, "target": "70.xyz", "model": "7.xyz", "model_rescale": 3.964800864290218, "target_rescale": 4.0271345369394185},
{"mapping": [11, 10, 7, 8, 1, 2, 6, 0, 12, 3, 5, 9, 13], "R": [[-0.7661624171161967, -0.6424060800312943, 0.01759485542690087], [0.020444332710665092, 0.003000313133843746, 0.9997864908974889], [-0.6423217105615245, 0.766358549544484, 0.010834836472782716]], "T": [-0.06711695362982309, -0.018502431880049824, 0.07238338495890295], "aligned_model": [[-0.40517438867715283, 0.4074922540674455, -0.4291421217403102, 0.08533112785152175, 0.08567962454467959, -0.4686593570720604, -0.07675286081278822, 0.15479236539184288, -0.6915970448834716, 0.511956275744121, 0.670155474556402, -0.180756576439774, -0.03899213256599722], [0.47977047087840663, 0.6233643548142748, -0.06253307363467209, 0.47095090759179903, -0.38648717721889236, -0.5383583339672163, -0.13270343800020923, -0.6948738927856369, 0.3640856919430999, -0.289274066903639, 0.28025850604218805, 0.655938606634142, 0.042919493689659825], [0.6420978831767055, 0.2670295796684454, -0.539051194700248, -0.5005499378106782, -0.5635099426271515, -0.012010140012281428, 0.641040665464871, 0.1526160062953995, -0.11288906422306957, 0.41490289154428106, -0.18499181115873564, -0.005539965098218108, 0.03328712019282825]], "inverted": false, "swapped": false, "error_lsq": 0.05080679065291426, "error_max": 0.32208023763533467, "target": "70.xyz", "model": "8.xyz", "model_rescale": 4.121658175737393, "target_rescale": 4.0271345369394185},
{"mapping": [3, 10, 6, 8, 9, 1, 0, 4, 2, 5, 7, 11, 12], "R": [[-0.3210108132611701, 0.07641288612130215, 0.9439878858354146], [0.6981333874398759, 0.6926221516400511, 0.18134036616051824], [-0.6399701798608487, 0.7172416788587508, -0.2756855872125964]], "T": [0.0014518920017705626, 0.10988690528676082, -0.008592200144862786], "aligned_model": [[-0.329070689599085, 0.3049655016804808, -0.21000826181986457, -0.28805066685785, 0.4154636883170023, -0.5062636557044142, -0.21177783889169186, 0.02887422673250289, -0.672123705316729, 0.4829910846735942, 0.5224436868474811, 0.14668590592196354, -0.05979663601893197], [0.6440164580268708, 0.41324228120884626, -0.16597996094233458, 0.4751226370112361, -0.4223956601277997, -0.35130489827512973, -0.26043488113357754, -0.7675019148811293, 0.25560482009878294, -0.112906835090751, 0.3306210394218272, 0.7277275893432836, 0.04724737442317935], [0.4690524747041072, 0.6177749727133056, -0.6080620705775994, -0.5683639986598638, -0.4969151671477231, 0.05818173682361644, 0.6518766480893512, 0.12394002809053203, 0.07748134316984452, 0.3079529963837575, -0.37609036618694375, -0.023153960982805814, -0.001242545707430636]], "inverted": false, "swapped": false, "error_lsq": 0.05043244805737311, "error_max": 0.30173787765906324, "target": "70.xyz", "model": "9.xyz", "model_rescale": 3.833441315466971, "target_rescale": 4.0271345369394185},
{"mapping": [4, 1, 8, 11, 10, 2, 5, 13, 3, 0, 12, 6, 14], "R": [[-0.6442380097967649, 0.7279520332327898, 0.23461292386684618], [-0.1402878925827146, -0.41402141168283524, 0.8993917821855238], [0.7518488504532038, 0.5465090191208187, 0.3688511869193271]], "T": [-0.040995411959834804, 0.135234744875814, -0.05256580530396375], "aligned_model": [[-0.40518259946049673, 0.5141905439404066, -0.22924418937071125, 0.029401571510947105, 0.41860817169986214, -0.5441428944183468, -0.10415428765024046, -0.020203289017302034, -0.8832240761472512, 0.47085409548211965, 0.43752481218998696, 0.07370433486400024, -0.13379955365851595], [0.5371859690579955, 0.26422301157041683, -0.31941729750361814, 0.3215491623565188, -0.3050504366042929, -0.3386286834888062, -0.12426948026750567, -0.6013418336168674, 0.2945491307357572, -0.24874296044670463, 0.47433354179706433, 0.7354606907355689, 0.12320723475777771], [0.5319985503738709, 0.4172634342502407, -0.6570600406282232, -0.7049983946192205, -0.5728230958593803, 0.1447824074617574, 0.5688066393870603, 0.25191600540763176, 0.08740438233176535, 0.18065976201306067, -0.19058920301948756, 0.24374880797088982, -0.06867716435781664]], "inverted": true, "swapped": false, "error_lsq": 0.05227159700041761, "error_max": 0.2963374499977899, "target": "70.xyz", "model": "10.xyz", "model_rescale": 4.2482417240324, "target_rescale": 4.0271345369394185},
{"mapping": [3, 2, 4, 7, 11, 1, 10, 6, 5, 0, 8, 12], "R": [[-0.3027992098699358, 0.7928286468368171, -0.5289001562270935], [-0.285143041353109, -0.6048961610051907, -0.7435012309129565], [-0.9093987488830418, -0.07431938613903993, 0.4092316512366493]], "T": [0.07231475491150499, 0.020312552342844507, 0.019439216511200723], "aligned_model": [[-0.6657547833853263, -0.21149207526953803, 0.3246624076596826, 0.7462054784553382, -0.4711230327163496, 0.040078331989738175, -0.10586028781336906, 0.4323997492538988, 0.3154461667036491, -0.07004562106324017, -0.44448589350254974, -0.013264837948927452], [-0.22959315740647684, -0.669188604796235, -0.4818703579439572, -0.28975774627013007, 0.5238476858110516, 0.7585541724863818, 0.18792580953297575, 0.3407862312830117, -0.31830252167574347, 0.6709557592919391, 0.07920008992961139, 0.09357402980821064], [0.23341299249826966, -0.013712934411906026, 0.4999590499892922, -0.06126143880551125, -0.08284483703170736, 0.25973536268608116, 0.7535322242886162, -0.33032885792569466, -0.5023118270326945, -0.6043530479955925, -0.5542698399541625, -0.032364556450633644]], "inverted": true, "swapped": true, "error_lsq": 0.054409373036626484, "error_max": 0.2940602113601086, "target": "70.xyz", "model": "11.xyz", "model_rescale": 3.6694154284099745, "target_rescale": 4.0271345369394185},
{"mapping": [3, 2, 6, 0, 7, 11, 8, 9, 4, 10, 12, 1, 13], "R": [[0.9232820350791789, -0.3550829827896952, -0.1465140233329999], [0.08288331653244417, -0.18828168710901227, 0.9786114459477605], [-0.3750741787175338, -0.9156779355387773, -0.14440664398430741]], "T": [0.016244806573997184, 0.024745928706542582, -0.10564036861254912], "aligned_model": [[-0.39554014081803335, 0.26081159387251684, -0.318192957844411, -0.18976214016930254, 0.36991851610429394, -0.5422155571105297, -0.1328577940093306, 0.08366741540753626, -0.6440731594616117, 0.5661739637688996, 0.5959819298298948, -0.002842134432519086, -0.026736895172945654], [0.4496415783146138, 0.3286356496402902, -0.14346468798378575, 0.5352932963861428, -0.5619708218571612, -0.4306846739357114, -0.1475116669330656, -0.6879779966475339, 0.3487525591088717, -0.19536906163430867, 0.351970250031094, 0.8345808139057412, 0.13116281068811725], [0.5197760883573636, 0.4179546060134557, -0.5295641867888187, -0.5613161170065061, -0.39346614971040694, 0.05477670428598462, 0.6159506419708974, 0.25790476604894685, -0.02391805258921785, 0.12382880230719227, -0.24201342943891502, 0.13987264835188074, -0.14735423108970838]], "inverted": true, "swapped": false, "error_lsq": 0.037762338653917885, "error_max": 0.2266734433507508, "target": "70.xyz", "model": "12.xyz", "model_rescale": 3.9764082729961374, "target_rescale": 4.0271345369394185},
{"mapping": [5, 6, 8, 7, 11, 1, 12, 10, 0, 13, 14, 4, 15], "R": [[-0.29606576603119816, -0.4454660547868069, -0.8449290243665665], [-0.33718243027872674, -0.7788949572356508, 0.5288011481683882], [-0.8936739175424623, 0.4414551388596033, 0.08040080521211829]], "T": [-0.08481089513728923, 0.0726420519152048, 0.03836414430342951], "aligned_model": [[-0.2924413182381027, 0.4670986748839432, -0.13552755136785655, -0.39821479491486766, 0.44141338594782087, -0.4942077910842577, -0.11901341847621147, -0.04646038567425709, -0.7034707293930672, 0.4091910091522396, 0.6856125626777622, -0.14323476946225122, -0.04641223408643603], [0.5894952017893612, 0.5119366027750005, -0.312069062897678, 0.49147686168072163, -0.3883183451431242, -0.4127532725780701, -0.3527068023546954, -0.7235855727363394, 0.4499017669089831, -0.13011546496363047, 0.15148616677188548, 0.786781640563111, 0.15152832926777904], [0.664923267373917, 0.3317494367144507, -0.5524641011019238, -0.5069697870229453, -0.33733283078380405, 0.04876312550598691, 0.5128344537188889, -0.06506557639594687, -0.006835971002705929, 0.33724882790957733, -0.15921961205279478, -0.011184020283046485, -0.024015121867505304]], "inverted": true, "swapped": false, "error_lsq": 0.05189443241976265, "error_max": 0.3393256072265276, "target": "70.xyz", "model": "13.xyz", "model_rescale": 4.170626492500431, "target_rescale": 4.0271345369394185},
{"mapping": [6, 2, 10, 9, 7, 12, 4, 8, 11, 0, 1, 3, 13], "R": [[0.31626007610393414, -0.6911489504658264, -0.6498405131512817], [-0.9308290942126, -0.35830683973176897, -0.07192639271354978], [-0.183130449762144, 0.6276379026727272, -0.7566596999302233]], "T": [-0.021819782488227153, 0.06982216769577046, 0.08033535711189181], "aligned_model": [[-0.48541533312111007, 0.31515952731645636, -0.23494772533882574, -0.15964957621323636, 0.4217465050995356, -0.5840080578731681, -0.07291683271406309, 0.008504946828462204, -0.5753824841129971, 0.5689558700183797, 0.49129079612718973, 0.04343009182514122, -0.11243508787730593], [0.574242235993345, 0.26641056853390077, -0.20592935530148812, 0.35284003172669987, -0.39599765200869486, -0.3979587930861609, -0.36273526375655296, -0.6715420791646622, 0.4485562786119016, -0.010082003171222612, 0.34401284525185283, 0.7562186719870475, 0.11502256346733852], [0.5683198109238466, 0.6101750617922888, -0.36336035226086477, -0.666129829661725, -0.41331497153675584, 0.10917000529445346, 0.6401087849794601, 0.04846441307415191, -0.14279792084009657, 0.10173298341328167, -0.42201061564954584, 0.07162345555779215, 0.09045126562586198]], "inverted": false, "swapped": false, "error_lsq": 0.0543455195822293, "error_max": 0.3033733224812109, "target": "70.xyz", "model": "14.xyz", "model_rescale": 3.9786697098870705, "target_rescale": 4.0271345369394185},
{"mapping": [2, 3, 5, 7, 8, 0, 10, 1, 6, 9, 11, 12], "R": [[0.26717209080897475, 0.6626365217299093, -0.6996655729435661], [0.533238221273752, -0.7064281494055163, -0.46542052930688715], [-0.8026680965788826, -0.24874104968256705, -0.5420810058812693]], "T": [0.05541448418756475, -0.13328942607305974, -0.035222887414580406], "aligned_model": [[-0.18635158876175967, -0.6803375405892969, 0.5406744620345569, 0.6376011810319876, -0.031069242775214535, 0.32845159384542083, -0.5071719106347831, -0.07797552712975767, 0.5649042104052555, 0.1820819125635558, -0.30629680492314265, 0.01884385170051444], [-0.4061153810375213, -0.07097651160530441, -0.13425979777883928, -0.5960246429764653, 0.5063317592824935, 0.7271888913723089, -0.4017082717363919, 0.19103198913727423, 0.112513056040703, -0.40009740505563673, 0.5016115164128337, -0.01482071183101516], [-0.686508072209046, -0.3635068234584525, -0.4940463997485584, -0.09621192072103533, -0.463122452697816, 0.09799742113955079, 0.4232320891721571, 0.6581780348938462, 0.15106626042993784, 0.34238095589216266, 0.12415096184641206, -0.03364356066532855]], "inverted": true, "swapped": true, "error_lsq": 0.05056940980710764, "error_max": 0.2946596539982441, "target": "70.xyz", "model": "15.xyz", "model_rescale": 3.769337070930944, "target_rescale": 4.0271345369394185},
{"mapping": [11, 8, 10, 3, 1, 6, 9, 5, 4, 2, 12], "R": [[-0.395417759693715, 0.5861942657648127, -0.7071216854992182], [-0.8952061001292533, -0.07367124117678575, 0.4395208601589295], [0.20555007567543454, 0.8068140002552779, 0.5538955997134292]], "T": [0.08825476887184763, 0.022801596406614735, 0.026431487256024518], "aligned_model": [[-0.29238712025189323, -0.40565934330758296, -0.015371741923341536, -0.6844187649838682, 0.27335476938251585, 0.5150534520830692, 0.47520865551158226, 0.21125056920775664, 0.20035640688549478, -0.3804082132142897, 0.025647461301727348], [-0.08223801147839362, -0.5419394151615539, 0.7554935890647361, 0.25800929655510085, 0.243699360484608, -0.3425413887106349, 0.30370792124919843, -0.4943435911104559, 0.5115934913388342, 0.013876704892911665, -0.0292534594990089], [-0.6087163067947337, -0.1654256820068514, -0.19974783111476338, 0.05167493802951901, -0.6951807924189678, -0.17122901758519343, -0.007834002934743324, 0.4306963649284012, 0.569830079268073, 0.6072348818724532, -0.0670850240194169]], "inverted": true, "swapped": true, "error_lsq": 0.04105348351104873, "error_max": 0.1893837251647843, "target": "70.xyz", "model": "16.xyz", "model_rescale": 3.7852294659196426, "target_rescale": 4.0271345369394185},
{"mapping": [3, 2, 10, 9, 6, 4, 1, 5, 0, 7, 11, 8, 12], "R": [[-0.3234398627294667, -0.21307915224032398, -0.9219457305493035], [-0.9148602415578937, 0.319283331409838, 0.24716167320292304], [0.24169690443647954, 0.9233934314063432, -0.29820660157253864]], "T": [-0.046392780875081786, 0.09614610958047401, 0.07511951396994343], "aligned_model": [[-0.40812672917298803, 0.3601539275052304, -0.16514918502566836, -0.23994225252158138, 0.3964503273473259, -0.5860560437596355, -0.049846031955297444, -0.05896328081565023, -0.6912145567087964, 0.5730201948551429, 0.5493133716841628, -0.017733600879385504, -0.03757350058840113], [0.47047102208874025, 0.30835161445849707, -0.2113588070610853, 0.5596137258351446, -0.4987233859955911, -0.3626709037876499, -0.18651446870253638, -0.5499912659747402, 0.2983621837765951, -0.22299578887279078, 0.3656604848885536, 0.732073995102484, 0.11077964332768313], [0.6763888227551523, 0.4798115186288764, -0.6601305917720622, -0.6284415396852571, -0.41213144871251234, 0.08121836848094798, 0.7030886428200493, 0.19577391713139952, -0.020068155851757197, 0.15195062306707582, -0.25718795771649233, -0.06264944868111649, -0.015190659752155361]], "inverted": true, "swapped": false, "error_lsq": 0.04113732192770471, "error_max": 0.21433834638713187, "target": "70.xyz", "model": "17.xyz", "model_rescale": 3.901054581598922, "target_rescale": 4.0271345369394185},
{"mapping": [12, 11, 8, 5, 4, 0, 7, 1, 13, 6, 10, 9, 14], "R": [[-0.2329728676302104, 0.6915848409695874, -0.6836914879455698], [0.01119140231434268, -0.7010835802421351, -0.7129912804720044], [-0.9724188374678862, -0.1737590897073889, 0.15559364794767355]], "T": [-0.11008867986224433, 0.04195019269660327, -0.03125380011367919], "aligned_model": [[-0.28307799763752056, 0.3778115892820608, -0.1885749220216037, -0.2807997697737099, 0.43362705760195375, -0.6049360086067802, -0.12642221402923515, 0.007414626182238676, -0.6103649433920665, 0.43427085687495737, 0.5823970662907748, -0.00897872958745169, -0.10803397121915956], [0.4009711679847097, 0.4246035994080369, -0.23252984050739123, 0.40568727123657466, -0.32578619346449217, -0.4975545360859236, -0.2315734912897155, -0.6345980061884045, 0.5679137506549379, -0.21195533886689288, 0.37213790132147256, 0.6900009888068449, 0.08574077607354745], [0.5957659278981534, 0.4710017987876419, -0.630352183773583, -0.509416019942961, -0.4725214252990637, 0.16765644938386354, 0.5725632531047707, 0.08774643975962922, -0.05550651437473323, 0.41922419166267655, -0.32089723017349514, -0.0944721910343986, 0.0016395947136478087]], "inverted": true, "swapped": false, "error_lsq": 0.04647953761722272, "error_max": 0.2533381706860636, "target": "70.xyz", "model": "18.xyz", "model_rescale": 3.9405287249114394, "target_rescale": 4.0271345369394185},
{"mapping": [4, 13, 2, 5, 10, 1, 12, 3, 0, 14, 11, 7, 15], "R": [[0.49966424321007635, 0.46095844941596525, 0.7333845866728663], [-0.376068102991681, 0.8781358503418155, -0.2957198171524786], [-0.7803258460217375, -0.12804193163368743, 0.6121248547265288]], "T": [-0.07450703489491678, 0.1541394975082484, 0.0636836894554336], "aligned_model": [[-0.4497487112017892, 0.49072093203119344, -0.17294161083773713, -0.12626005195712608, 0.3452745182785714, -0.538865192427313, -0.08179284194935305, -0.03584605105350186, -0.7514417147601753, 0.5665563088584706, 0.5499022206191597, -0.10253387628855533, -0.06869128934738632], [0.4609105019606335, 0.392982691677627, -0.22278005618972008, 0.42911530482069166, -0.3627986082669984, -0.31044623913588193, -0.10931473457549862, -0.6886425550074667, 0.2415840563769667, -0.23339977374553755, 0.2371137999517448, 0.8450211636280094, 0.13371249758873452], [0.6111782225840863, 0.33718162249243433, -0.7132124215607872, -0.719241960511852, -0.3540033696681164, 3.607505090330587e-05, 0.5439730260246743, 0.18052689704482483, 0.14606782795263853, 0.2601272299651599, -0.28623279867021656, 0.1960565285215419, 0.029975211486857202]], "inverted": false, "swapped": false, "error_lsq": 0.03730081456692374, "error_max": 0.23217024262760508, "target": "70.xyz", "model": "19.xyz", "model_rescale": 4.410303926677745, "target_rescale": 4.0271345369394185},
{"mapping": [11, 10, 7, 8, 1, 2, 6, 0, 12, 3, 5, 9, 13], "R": [[-0.7661624171161967, -0.6424060800312943, 0.01759485542690087], [0.020444332710665092, 0.003000313133843746, 0.9997864908974889], [-0.6423217105615245, 0.766358549544484, 0.010834836472782716]], "T": [-0.06711695362982309, -0.018502431880049824, 0.07238338495890295], "aligned_model": [[-0.40517438867715283, 0.4074922540674455, -0.4291421217403102, 0.08533112785152175, 0.08567962454467959, -0.4686593570720604, -0.07675286081278822, 0.15479236539184288, -0.6915970448834716, 0.511956275744121, 0.670155474556402, -0.180756576439774, -0.03899213256599722], [0.47977047087840663, 0.6233643548142748, -0.06253307363467209, 0.47095090759179903, -0.38648717721889236, -0.5383583339672163, -0.13270343800020923, -0.6948738927856369, 0.3640856919430999, -0.289274066903639, 0.28025850604218805, 0.655938606634142, 0.042919493689659825], [0.6420978831767055, 0.2670295796684454, -0.539051194700248, -0.5005499378106782, -0.5635099426271515, -0.012010140012281428, 0.641040665464871, 0.1526160062953995, -0.11288906422306957, 0.41490289154428106, -0.18499181115873564, -0.005539965098218108, 0.03328712019282825]], "inverted": false, "swapped": false, "error_lsq": 0.05080679065291426, "error_max": 0.32208023763533467, "target": "70.xyz", "model": "20.xyz", "model_rescale": 4.121658175737393, "target_rescale": 4.0271345369394185},
{"mapping": [0, 1, 9, 8, 10, 7, 3, 11, 5, 4, 6, 1, 12], "R": [[0.098363665119378, 0.9696437046306317, 0.22386530650028605], [-0.6864917034085476, -0.09674465753861872, 0.7206730273771635], [0.7204538365055138, -0.2245697159189536, 0.6561361993950394]], "T": [0.028748878903075467, 0.049111411175741415, -0.05227339054628034], "aligned_model": [[-0.43207329984180454, 0.18171898888722893, -0.17373075043634822, -0.17836199506573408, 0.580492868943967, -0.5306883123917123, -0.14018879435541254, -0.11727201907620079, -0.5346500102525414, 0.3714977103299918, 0.46932346847865025, 0.18171898888722893, -0.05345420414285498], [0.45928631672578996, 0.6328874382265324, -0.34231101044079904, 0.394581664108574, -0.33198814688106815, -0.2898006618303757, -0.07191952447757044, -0.8135406548358182, 0.4316646312187848, -0.32265560237391516, 0.3781044340525851, 0.6328874382265324, 0.05586172736405213], [0.7265482815536473, 0.29150060743156614, -0.6253818992416708, -0.5921423495436385, -0.4510399111691303, 0.14517709809347723, 0.6106385780565439, 0.04300679364902853, -0.040515179812503604, 0.21873238082910967, -0.3990904662371694, 0.29150060743156614, 0.013497549671322329]], "inverted": false, "swapped": false, "error_lsq": 0.05578038234065212, "error_max": 0.35060915895398526, "target": "70.xyz", "model": "21.xyz", "model_rescale": 4.08911054899281, "target_rescale": 4.0271345369394185},
{"mapping": [15, 9, 0, 13, 6, 1, 11, 8, 2, 5, 10, 14, 16], "R": [[-0.2850364309753361, -0.8516674121593053, 0.43979182812180007], [-0.8576517365558816, 0.02173322304275338, -0.5137715112760292], [0.4280043595566797, -0.5236318230226714, -0.736628795336179]], "T": [-0.045393186578561624, 0.15014268404357312, -0.05798976479825335], "aligned_model": [[-0.4306217266535266, 0.4678623709361758, -0.3213743553259722, -0.0770139331476502, 0.2500704030929349, -0.5886434522154326, -0.08727986701366594, 0.04369582587321278, -0.7562694728694529, 0.5209612955123334, 0.7474050235007249, -0.08358900939534247, -0.06087046232988042], [0.3271199926241729, 0.47971639587282816, -0.23569531625186857, 0.5503346603540369, -0.42705773106322953, -0.3959661216733773, -0.21185687706021428, -0.5064251997641308, 0.2441068311697137, -0.05723496301023967, 0.13683479325891398, 0.7568078689788309, 0.15237371564786814], [0.5351249138714383, 0.31011010305535225, -0.6703971702107796, -0.5829435499178359, -0.42555618944873347, 0.1334330720575271, 0.6151334438502379, 0.14632318112714343, 0.02614984547764848, 0.3080241230067671, -0.20775393725909252, 0.14773096447782652, -0.10294670937535136]], "inverted": true, "swapped": false, "error_lsq": 0.042111044380679336, "error_max": 0.2217747333576259, "target": "70.xyz", "model": "22.xyz", "model_rescale": 4.204369325754507, "target_rescale": 4.0271345369394185},
{"mapping": [4, 13, 2, 5, 10, 1, 12, 3, 0, 14, 11, 7, 15], "R": [[0.49966424321007635, 0.46095844941596525, 0.7333845866728663], [-0.376068102991681, 0.8781358503418155, -0.2957198171524786], [-0.7803258460217375, -0.12804193163368743, 0.6121248547265288]], "T": [-0.07450703489491678, 0.1541394975082484, 0.0636836894554336], "aligned_model": [[-0.4497487112017892, 0.49072093203119344, -0.17294161083773713, -0.12626005195712608, 0.3452745182785714, -0.538865192427313, -0.08179284194935305, -0.03584605105350186, -0.7514417147601753, 0.5665563088584706, 0.5499022206191597, -0.10253387628855533, -0.06869128934738632], [0.4609105019606335, 0.392982691677627, -0.22278005618972008, 0.42911530482069166, -0.3627986082669984, -0.31044623913588193, -0.10931473457549862, -0.6886425550074667, 0.2415840563769667, -0.23339977374553755, 0.2371137999517448, 0.8450211636280094, 0.13371249758873452], [0.6111782225840863, 0.33718162249243433, -0.7132124215607872, -0.719241960511852, -0.3540033696681164, 3.607505090330587e-05, 0.5439730260246743, 0.18052689704482483, 0.14606782795263853, 0.2601272299651599, -0.28623279867021656, 0.1960565285215419, 0.029975211486857202]], "inverted": false, "swapped": false, "error_lsq": 0.03730081456692374, "error_max": 0.23217024262760508, "target": "70.xyz", "model": "23.xyz", "model_rescale": 4.410303926677745, "target_rescale": 4.0271345369394185},
{"mapping": [1, 11, 5, 12, 15, 4, 10, 8, 0, 9, 14, 7, 16], "R": [[-0.479485249697084, -0.4123173977244343, -0.7746536379935719], [-0.28819888419705797, -0.7597966985692177, 0.5827953156905846], [-0.8288759246536818, 0.50269607157513, 0.24548189577326485]], "T": [-0.0014851997936382762, 0.12035163725994694, -0.02341241194364366], "aligned_model": [[-0.3601961638209846, 0.3907181096951277, -0.2611795578929305, -0.35309104357089255, 0.4072336730252225, -0.42468980809574247, -0.01634006783870332, 0.02169352235867487, -0.6731614459731333, 0.45196443226631694, 0.6540698445707931, -0.10786207268211502, -0.10482678207717493], [0.5183103928903041, 0.3526265310626544, -0.16171428071693436, 0.47471575117667286, -0.34306389451289665, -0.42155633335151166, -0.2041077149678925, -0.6726966829101085, 0.4361916137381171, -0.24623762322800632, 0.19064102297523408, 0.76846026448918, 0.12148900243849156], [0.646879034125935, 0.41584426056772855, -0.5220101372846125, -0.6534721235372325, -0.38049660194387563, 0.010023854157455814, 0.5407590229259972, 0.19163124866808648, -0.1629901346025938, 0.20553240435052553, -0.17656911626556268, 0.07939840902285535, 0.037901970527441556]], "inverted": true, "swapped": false, "error_lsq": 0.03706657301059217, "error_max": 0.2543545524395643, "target": "70.xyz", "model": "24.xyz", "model_rescale": 4.28219845311461, "target_rescale": 4.0271345369394185},
{"mapping": [3, 5, 2, 0, 14, 13, 9, 12, 4, 11, 10, 1, 15], "R": [[-0.7908930289451601, 0.051013951178547956, 0.6098243956673947], [-0.5877827634077202, -0.3406348322233554, -0.7338115113003821], [0.17029280609213784, -0.9388106773260089, 0.2993908354174294]], "T": [-0.06354207177100606, 0.06004733100272096, 0.02415681552868873], "aligned_model": [[-0.43384100786926455, 0.47100990712006624, -0.2886542219968883, -0.32896394458674433, 0.31828009767720555, -0.3849491356555271, -0.06549230224309825, 0.14430887246884633, -0.7318992610138091, 0.38903924065885404, 0.6846752407294893, -0.05620820816700049, -0.09297263715767116], [0.5427412336794055, 0.48397026423598416, -0.12994743067398612, 0.5528364213604532, -0.404342900594448, -0.43666370955806777, -0.10897936069591636, -0.6586771314716504, 0.3338169468519978, -0.18752313227838302, 0.03222108813236034, 0.6912869802862961, 0.10231877980925916], [0.5036676486733361, 0.5338863609316274, -0.5939099565469589, -0.5693617721256417, -0.4434949444483459, -0.029621418052886685, 0.6786030378979443, 0.1811696565721902, -0.08984949153768139, 0.19838681466385308, -0.23871458327714198, 0.1307406720157676, -0.029069934053913796]], "inverted": false, "swapped": false, "error_lsq": 0.04146570255596513, "error_max": 0.26805722656098346, "target": "70.xyz", "model": "25.xyz", "model_rescale": 4.100010024507729, "target_rescale": 4.0271345369394185},
{"mapping": [3, 2, 4, 7, 11, 1, 10, 6, 5, 0, 8, 12], "R": [[-0.3027992098699358, 0.7928286468368171, -0.5289001562270935], [-0.285143041353109, -0.6048961610051907, -0.7435012309129565], [-0.9093987488830418, -0.07431938613903993, 0.4092316512366493]], "T": [0.07231475491150499, 0.020312552342844507, 0.019439216511200723], "aligned_model": [[-0.6657547833853263, -0.21149207526953803, 0.3246624076596826, 0.7462054784553382, -0.4711230327163496, 0.040078331989738175, -0.10586028781336906, 0.4323997492538988, 0.3154461667036491, -0.07004562106324017, -0.44448589350254974, -0.013264837948927452], [-0.22959315740647684, -0.669188604796235, -0.4818703579439572, -0.28975774627013007, 0.5238476858110516, 0.7585541724863818, 0.18792580953297575, 0.3407862312830117, -0.31830252167574347, 0.6709557592919391, 0.07920008992961139, 0.09357402980821064], [0.23341299249826966, -0.013712934411906026, 0.4999590499892922, -0.06126143880551125, -0.08284483703170736, 0.25973536268608116, 0.7535322242886162, -0.33032885792569466, -0.5023118270326945, -0.6043530479955925, -0.5542698399541625, -0.032364556450633644]], "inverted": true, "swapped": true, "error_lsq": 0.054409373036626484, "error_max": 0.2940602113601086, "target": "70.xyz", "model": "26.xyz", "model_rescale": 3.6694154284099745, "target_rescale": 4.0271345369394185},
{"mapping": [4, 2, 7, 9, 6, 5, 0, 1, 8, 6, 12, 10, 13], "R": [[0.303090237254245, -0.8971211584503784, 0.32141862911445673], [-0.14621614116583181, 0.28951090413538394, 0.9459409476543905], [-0.9416778367062375, -0.33370205790100216, -0.04342566532475073]], "T": [-0.07950553600532258, 0.14377490630034917, -0.04747192091912586], "aligned_model": [[-0.4223962744585059, 0.40388483934343117, -0.3672568104842501, -0.08517198779619126, 0.47845369703835555, -0.5818266939234747, -0.0912604498915173, 0.0472492236919974, -0.6628408600385263, 0.47845369703835555, 0.6377123628400652, -0.17057219583149374, -0.04009590756378696], [0.4680410296180393, 0.2744633911066342, -0.1887920829191851, 0.5276762556406669, -0.2560563002006694, -0.43149652190923315, -0.15692986789855518, -0.7187660523905265, 0.39889362618384033, -0.2560563002006694, 0.27380513533750916, 0.7242902984575368, 0.15398543825791622], [0.6254381717682059, 0.4122931399135905, -0.4977239908040414, -0.6108999826707022, -0.05010486103276143, 0.15920352008590613, 0.5410616838195125, 0.09253871857105389, -0.10216681035255874, -0.05010486103276143, -0.36119702107816687, 0.08136698170476236, -0.0072725981798910655]], "inverted": false, "swapped": false, "error_lsq": 0.04852624169429424, "error_max": 0.4539078167050932, "target": "70.xyz", "model": "27.xyz", "model_rescale": 4.103607728864725, "target_rescale": 4.0271345369394185},
{"mapping": [9, 3, 8, 11, 4, 7, 0, 1, 6, 2, 12, 10, 14], "R": [[0.4084535690287197, -0.6592552061456167, -0.6313067836777945], [-0.4380443496661964, -0.7483575036520316, 0.49807448685233696], [-0.8008013671774169, 0.0731000676990124, -0.5944523113162063]], "T": [-0.07284729574428116, 0.21382733706524723, -0.03167604631115341], "aligned_model": [[-0.47417082361378066, 0.4638761981723426, -0.2364408461501586, -0.4402992920808998, 0.39763935468805955, -0.58797207910314, 0.02806006680918678, -0.05367604970804994, -0.6713910248999907, 0.5429090723186879, 0.7604840963825323, -0.07535437884775584, -0.029331654002575404], [0.5114917295202565, 0.2912756686073984, -0.3639941891818592, 0.39320396738193764, -0.4373582342774105, -0.26903565695387943, -0.11955679460347982, -0.6280608528336052, 0.4197384863947599, -0.17194694301678218, 0.39167642524072255, 0.7104729063678338, 0.08515153643741205], [0.6167522546564714, 0.487419801857639, -0.589922775703887, -0.5838212159393504, -0.4514485449036769, -0.17854684715242763, 0.5915129024962198, 0.2744572107994075, -0.006911843880118632, 0.08383588488720566, -0.1376105065017582, 0.08283233474531877, 0.04388343535110509]], "inverted": false, "swapped": false, "error_lsq": 0.05137746607310877, "error_max": 0.3539722811476722, "target": "70.xyz", "model": "28.xyz", "model_rescale": 4.137296879288765, "target_rescale": 4.0271345369394185},
