[{"mapping": [0, 4, 10, 6, 8, 3, 12, 5, 7, 9, 2, 13], "R": [[0.2729915589800115, 0.6593331465872518, 0.7005393711541248], [0.4232435605855745, -0.7362523470962667, 0.5280126606607871], [0.8639100052369506, 0.152355778382679, -0.4800491846101813]], "T": [0.009403709836800346, -0.11083805170439756, 0.05135203684027217], "aligned_model": [[-0.3530129105757723, 0.03916219959778354, 0.4667100724659089, -0.12410950565064495, 0.11056286289257163, -0.5151836246555832, 0.37023703419521226, -0.12227178368060569, 0.4901617489827718, 0.07224879781943358, -0.5271848173533066, -0.06967761157722015], [-0.29529727048727117, -0.870531572468137, -0.30782504273854905, 0.6483433897580068, 0.3239945274859034, -0.4048991298196055, -0.13511481215809637, -0.7033983114743078, 0.29506119467346026, 0.41812704069302253, 0.17059268898519483, -0.08549766647256349], [-0.4937492945011687, -0.10638185708605002, -0.4531346123117786, -0.027488659586020668, -0.7098079354405031, 0.1266089498489306, 0.43493299769906396, 0.5944924528028731, -0.01001324313753741, 0.522337554567976, 0.34938012190854967, -0.045224729410772484]], "inverted": false, "swapped": true, "error_lsq": 0.04854011387372175, "error_max": 0.26971324018358456, "target": "701.xyz", "model": "0.xyz", "model_rescale": 3.751011558992144, "target_rescale": 4.040429680018274},
{"mapping": [13, 2, 8, 5, 9, 10, 0, 7, 3, 1, 12, 11, 6, 14], "R": [[-0.17412043861551782, 0.9717148438491549, 0.1595378798265548], [-0.5976115838149826, 0.02449187191127064, -0.8014115940641424], [-0.7826509233026482, -0.23488382331164165, 0.5764435113695164]], "T": [0.018542648590668197, -0.05259676015292409, -0.05401955552875422], "aligned_model": [[-0.7031617789130208, -0.4160950316152671, 0.17476700700987308, -0.3864604976455136, -0.4385001017840517, 0.16599692102251032, 0.15488607833329449, 0.24194476422329528, -0.40201529397822855, 0.6316436764397773, -0.3561193822346994, 0.02074664816991597, 0.5608171341689095, -0.014284162113816057], [-0.12781335897688417, -0.7550285418780612, -0.5290460115897113, -0.18984556702330224, 0.3448411853206626, 0.484791830071641, -0.6064684921189027, 0.05917086704119847, -0.3404704916258156, -0.28649278703617426, 0.3057076526749825, 0.7275533433205441, 0.3953508651601569, -0.012299267754417427], [-0.02259693814085237, -0.09167298771973444, -0.48877041841657604, -0.5092351786647268, -0.3135279853763019, -0.6556211585576286, 0.4461215167643637, 0.5602088352506903, 0.5148966256287736, 0.18068308121491766, 0.4781659520558393, 0.1135869698897604, 0.20867237913496167, -0.03663205862058068]], "inverted": true, "swapped": false, "error_lsq": 0.036319382114020214, "error_max": 0.22334870234837728, "target": "701.xyz", "model": "1.xyz", "model_rescale": 3.9405287249114394, "target_rescale": 4.040429680018274},
{"mapping": [5, 11, 12, 0, 10, 9, 3, 4, 8, 6, 1, 2, 13], "R": [[-0.8969285968001304, 0.44049926965701036, 0.038464082905871194], [0.3314479165585448, 0.7273536725407208, -0.6009150635909587], [-0.2926796386002094, -0.5262290646412134, -0.7983868740627469]], "T": [-0.09002011656638417, 0.005346649317444642, -0.04803584062238361], "aligned_model": [[-0.08891735565553963, 0.2697364260943065, -0.32581677506588536, 0.40565848373113356, 0.44418013359583086, -0.7891156444206917, 0.018308500947367898, 0.5460353543892397, 0.17282061052743655, -0.5614459414068855, -0.01475238489710945, -0.5377647909955993, -0.04294333755967286], [0.7803201667937661, 0.4760037584285482, 0.339432950515321, -0.2909890720729638, -0.13200684753124042, -0.0392638796427427, 0.18826144924496072, 0.44293611411171196, -0.8112717519440792, -0.6095481522498866, -0.7234863086784834, -0.07084134106374196, -0.09071449233915271], [0.20272787212811474, -0.5908014829003803, -0.38076798783905186, 0.31112197567929445, -0.49323677586453263, -0.16992216310275382, 0.5195330791774333, 0.03472098788685396, -0.25473898156752117, -0.040278917093094974, 0.5020321791484741, 0.45163539674130304, 0.0210951671945048]], "inverted": false, "swapped": true, "error_lsq": 0.04939404045991364, "error_max": 0.3204954145311049, "target": "701.xyz", "model": "2.xyz", "model_rescale": 3.932901565614263, "target_rescale": 4.040429680018274},
{"mapping": [3, 8, 9, 7, 0, 4, 12, 10, 11, 12, 1, 2, 6, 13], "R": [[0.2641812823818328, -0.8950524710892882, 0.3592900277436725], [0.14937856456879037, -0.33005791291324016, -0.9320664239048222], [0.9528348726229838, 0.2999047317404555, 0.04650653065137558]], "T": [-0.15553085080978835, -0.044726898027792505, -0.011523188930804517], "aligned_model": [[-0.6627582588606463, -0.5234890961554641, 0.15870900298740476, -0.17001117164283008, -0.5011711583459226, 0.10237743424353363, 0.5149204156989111, 0.16003177462058582, -0.46303115338472633, 0.5149204156989111, -0.35452288694899475, 0.06479684185055934, 0.439071547279538, -0.04567772595788065], [-0.08290432432139061, -0.6752571740814682, -0.6556793385171332, -0.24729158658143008, 0.4919908291142733, 0.5261666692395844, -0.33299930241953307, -0.09707432308114475, -0.5479121452651866, -0.33299930241953307, 0.48231576840666834, 0.7587149833360171, 0.2494777577177233, -0.06659728554153008], [-0.055662952464653706, -0.08784504814371684, -0.27187558307090526, -0.6959940901434727, -0.21503532203541403, -0.6204486818208284, 0.2132520994409839, 0.6294334529904765, 0.6592650557831232, 0.2132520994409839, 0.4695140427082649, -0.023215250162646365, 0.15152241636367506, 0.018116395557035484]], "inverted": false, "swapped": false, "error_lsq": 0.051076157431841344, "error_max": 0.461057058838291, "target": "701.xyz", "model": "3.xyz", "model_rescale": 3.9243930471874484, "target_rescale": 4.040429680018274},
{"mapping": [1, 8, 6, 2, 9, 0, 3, 7, 12, 11, 5, 4, 13], "R": [[-0.9074586126688308, 0.4174986323731234, 0.04705059255453525], [-0.3765196989583404, -0.758435584104591, -0.5319853203428164], [-0.18641830003913767, -0.5004701357029209, 0.8454453623268735]], "T": [0.018089804499281267, -0.0008009797038617122, -0.05816639801960956], "aligned_model": [[-0.08023065486524271, -0.2636606411240602, 0.47367706850975577, 0.45957875529278064, 0.7168190216536371, -0.487924629443136, -0.0902858154885274, 0.21399111742720467, 0.2650529885969766, -0.32507199268720266, 0.03456698341319285, -0.6073222804541542, -0.03198403451987193], [-0.7733446603445092, -0.09464986678404007, -0.23536147760965748, -0.5022363875667125, 0.08535639188484807, -0.43364462887193406, -0.46385055213297144, 0.40885507632527335, 0.4252050466258329, 0.6801390953090589, 0.041481084924894454, 0.08873143573798149, -0.09885100381647777], [-0.540812114087737, -0.8891213440663742, -0.63938899984902, 0.03981975852955304, -0.1578424753078717, -0.19637724995342803, 0.31755585390749147, -0.49799907001217236, 0.1301218220849274, 0.19500947360835863, 0.755103752723323, 0.39321311533447195, -0.12221220754055818]], "inverted": true, "swapped": true, "error_lsq": 0.053682585527338254, "error_max": 0.3062178491835581, "target": "701.xyz", "model": "4.xyz", "model_rescale": 3.8936222436046832, "target_rescale": 4.040429680018274},
{"mapping": [1, 0, 8, 6, 10, 4, 5, 12, 9, 2, 7, 13], "R": [[-0.8153175516479744, 0.5780050013537819, -0.034168821822939316], [-0.3448914323382645, -0.5322009195525109, -0.7731830838340441], [-0.465088367812412, -0.6186052049873787, 0.6332617235299399]], "T": [-0.10325374054014448, -0.008652424374262304, 0.09268425788229984], "aligned_model": [[-0.03189713231722023, -0.5269601620572505, -0.23054265765662924, 0.4661680711866627, -0.6227995473978657, -0.8010355585770011, -0.2270429658738937, 0.05914509883815085, 0.588013040219342, 0.3697075743743851, 0.11535337255619442, -0.13056109107977715], [-0.5880029666230804, -0.4004930887342073, 0.15578030953190633, -0.01772702886797597, 0.4066091533016768, -0.10389786513203919, -0.23052528390673035, 0.346457835506973, 0.14296296666425098, -0.49005405488446324, 0.5311398776387357, -0.08332694938523869], [-0.6135017814340306, -0.2670937760422237, -0.764891661307469, -0.43274370774834436, -0.15240703081044119, 0.4196836996684552, 0.8665810665059169, 0.4468702583039531, 0.1615605454306592, 0.11529650109354553, -0.15324945024153638, -0.006819944142966314]], "inverted": true, "swapped": true, "error_lsq": 0.03618986897588118, "error_max": 0.2108262111788747, "target": "701.xyz", "model": "5.xyz", "model_rescale": 3.6523030999806103, "target_rescale": 4.040429680018274},
{"mapping": [8, 6, 9, 7, 12, 0, 2, 10, 3, 4, 5, 11, 13], "R": [[-0.439905058494024, -0.5540867119513411, -0.7067329447183858], [-0.847475878905902, -0.004217823667541087, 0.5308171480238542], [-0.29709960313678974, 0.8324482720280348, -0.467719681233857]], "T": [0.04605766659717875, -0.0005017363727364971, 0.03788142702732871], "aligned_model": [[0.1157908382342977, 0.020218796039191606, 0.24672783717077912, 0.5712190160321302, 0.4442041646705556, -0.4054653400226064, -0.40015430428339777, 0.40147098414418664, -0.5034070873515453, -0.05953058518032697, -0.10477153705097919, 0.5945165078205537, -0.03973638555854425], [-0.7334131172095354, -0.002806917093603048, 0.49582391408178283, -0.09675174564069132, 0.3268008643798148, -0.5028233124941182, 0.3889260323411887, -0.5765507013902031, 0.12392602148307043, -0.21758761749715977, 0.5094178068589569, -0.09105262781276674, -0.08308169584355315], [0.5243536689775203, 0.8123006507646049, 0.5058272180230908, 0.376392402884725, -0.07291918764400596, -0.0415319234336003, 0.36221480305263126, -0.17256744258938894, -0.1855768674500523, -0.7001054534789739, -0.5791276646892415, -0.5422313743525146, 0.08308090941699381]], "inverted": true, "swapped": true, "error_lsq": 0.05406925155806274, "error_max": 0.2788584795280344, "target": "701.xyz", "model": "6.xyz", "model_rescale": 4.08911054899281, "target_rescale": 4.040429680018274},
{"mapping": [4, 5, 7, 6, 3, 0, 12, 11, 10, 13, 8, 9, 1, 14], "R": [[-0.8579315674804158, 0.34298159396116945, -0.382514119640638], [0.3700983936184027, 0.92898805597348, 0.002893250713703846], [0.3563433801288788, -0.13908565009543583, -0.9239451159976201]], "T": [-0.021205762209385325, -0.08288956383020002, 0.02759981998201797], "aligned_model": [[-0.7040163559648724, -0.4386563482309232, 0.12523568794197196, -0.10216058958037072, -0.46686110062908615, 0.08506418223229806, 0.18607871049071392, 0.21668436123662718, -0.32990776916546927, 0.6372939267200056, -0.5349916530778822, -0.010564969501073919, 0.5506740038324718, 0.020293894778568182], [-0.15452823572208557, -0.7202519247951253, -0.6653947073754183, -0.03705772492951164, 0.43659587735438493, 0.5687138595696306, -0.6214483050387489, 0.0026798834188102305, -0.28897127482603835, -0.391608317309922, 0.24277244250611013, 0.6659468684445369, 0.3728847547413398, 0.0596180295479542], [-0.13204692582603356, 0.02526344697688563, -0.4607971742331215, -0.46279667768266836, -0.3698641809049206, -0.6423075322883324, 0.4459173401225234, 0.557332980942795, 0.6452633997698316, 0.11105887150697474, 0.33601072974115387, 0.2593067019177355, -0.028697272109443082, 0.10063492650952549]], "inverted": true, "swapped": false, "error_lsq": 0.04043189526358513, "error_max": 0.22559742297322388, "target": "701.xyz", "model": "7.xyz", "model_rescale": 3.964800864290218, "target_rescale": 4.040429680018274},
{"mapping": [2, 0, 3, 6, 4, 11, 5, 8, 1, 10, 7, 12, 9, 13], "R": [[0.450865013820304, 0.1820246444456556, -0.8738350920667182], [-0.7023429995599691, -0.5318190416399274, -0.4731625702845633], [-0.5508493898353, 0.8270644084735008, -0.11193486478508807]], "T": [-0.10597362353737519, -0.07476811534352654, -0.0013269941057470307], "aligned_model": [[-0.7603707671217793, -0.5714617570841578, -0.008583462048693341, -0.11849179493608845, -0.42266068131314793, 0.2538821789127945, 0.46327939297067, 0.2982647215595271, -0.4523431363784932, 0.7063273826927448, -0.4145344844680702, -0.10336786274400059, 0.40994060218734196, -0.04571435114566927], [0.024173057819602994, -0.6019866033371374, -0.7249663268496633, -0.14407612532462874, 0.3324494034216332, 0.44158834810246816, -0.5612552173857761, 0.053758259875766906, -0.36342631294960903, -0.1819544659514817, 0.2426820395478038, 0.6636344518373939, 0.35706842138834427, -0.06773770460880041], [-0.025487922808268466, -0.13741827217898298, -0.30746444346769036, -0.5771268884404286, -0.47984198327736466, -0.5407833209702761, 0.37063002721715493, 0.6398671361181563, 0.5985267353161923, -0.06306980363134948, 0.5562290651590515, 0.15814023161754517, 0.1442973308777649, 0.04778074291140155]], "inverted": true, "swapped": false, "error_lsq": 0.05177447174451228, "error_max": 0.3236752377935304, "target": "701.xyz", "model": "8.xyz", "model_rescale": 4.121658175737393, "target_rescale": 4.040429680018274},
{"mapping": [7, 12, 9, 6, 11, 10, 5, 0, 2, 4, 8, 1, 13], "R": [[0.1277624479041234, -0.6875906164956596, -0.7147698237983086], [-0.1132264720786113, -0.7260760371937581, 0.6782280989708698], [-0.985320517865216, -0.005721216664945239, -0.17061871161656084]], "T": [-0.0046572886116514264, -0.09325441776221682, -0.07502115984310065], "aligned_model": [[-0.3937276099947393, -0.20700420894763435, 0.19857945229216517, 0.22943256084037789, -0.6638677127426695, -0.6369780139141652, 0.19741051771865975, 0.10463679443410298, 0.6439841192169057, -0.22597308770500818, -0.28355656762572706, 0.4748125659122607, 0.03898868695066899], [0.2658146758204575, -0.3310558435303429, 0.09991168580486107, 0.5947864011501691, -0.55190713058759, -0.006037041360500428, -0.8793339523581105, 0.05452408933214414, 0.0038529165843861346, -0.6518111233572266, 0.6770625765526304, 0.5321246467882013, -0.017544461427369373], [-0.42048007064570925, -0.4997924021985747, -0.7284449239864758, -0.3437214930725434, -0.09985525971343145, 0.23320504396981867, -0.14368829490800744, 0.5797481032012328, -0.23560054355374338, 0.41684621883019535, 0.25285682052442765, 0.39236221886353173, 0.01764001664836802]], "inverted": false, "swapped": true, "error_lsq": 0.04593984755401807, "error_max": 0.2602962389027718, "target": "701.xyz", "model": "9.xyz", "model_rescale": 3.833441315466971, "target_rescale": 4.040429680018274},
{"mapping": [12, 6, 7, 11, 10, 8, 4, 5, 1, 3, 0, 13, 2, 14], "R": [[0.7684533370442521, -0.5288509912423921, -0.36027225517307393], [-0.1061650844040358, 0.44983972608387196, -0.8867768578905694], [0.6310375928889158, 0.7196949700385064, 0.2895353285218171]], "T": [-0.08739098534309563, -0.07163405804186126, -0.009919600541596098], "aligned_model": [[-0.6426538921829622, -0.27961870034159564, 0.178056648152574, -0.296638418119255, -0.5180680798832045, 0.09676041020614957, 0.26943309022925177, 0.12561427947192283, -0.5771409546265022, 0.7128977200311196, -0.46301749326228125, 0.09680640539530548, 0.5295605368504186, 0.0021744291620373335], [-0.28808908431258773, -0.6793837024011457, -0.3964529308081566, -0.13384916232701827, 0.5250760892515136, 0.43089222995029386, -0.6236398760585, 0.06785748949849849, -0.16801777199537118, -0.40671718437753634, 0.35896997940404696, 0.5969047845410708, 0.26121520346687854, -0.07481483824606994], [-0.09852198877494782, 0.22442724371395248, -0.5275528979135852, -0.6562027224927611, -0.37626422500806606, -0.5765896595449205, 0.44160972968841233, 0.6166632485636838, 0.534565550941211, -0.04965794780471877, 0.36063113982655803, 0.3835440936128878, 0.14892763205572376, -0.04130056242052449]], "inverted": true, "swapped": false, "error_lsq": 0.04999223529016002, "error_max": 0.3119949709389556, "target": "701.xyz", "model": "10.xyz", "model_rescale": 4.2482417240324, "target_rescale": 4.040429680018274},
{"mapping": [9, 5, 11, 4, 6, 8, 7, 0, 3, 1, 2, 13], "R": [[-0.8494603823901057, 0.5257949762595483, -0.0442346209419362], [-0.4251579457163038, -0.6323964822125805, 0.6475456821564374], [0.3125024479007296, 0.568871103348882, 0.7607416695769185]], "T": [-0.013557002011167982, -0.02947330922875987, 0.05016200559681517], "aligned_model": [[-0.7135010479632525, 0.08813868779604812, 0.3993155131247382, 0.6736716555359444, -0.5594481233084148, 0.14154165410305913, -0.24700321453499458, 0.44289463837150084, 0.12131436346234185, -0.027821716731394587, -0.4637275941978913, 0.02139078670532195], [-0.06727884327060052, -0.8115553384406619, -0.4170569904062075, -0.38643196504206206, 0.5186287185998838, 0.8249027119487474, 0.23461556604160075, 0.30572064289119244, -0.2306552029566399, 0.6688125131462445, -0.04107733565823487, 0.0675069131973772], [0.16945159483169672, -0.15348792630126157, 0.6201204278626242, -0.006380763900046819, 0.005607028740385107, 0.2072068109332954, 0.5749554123933026, -0.32640589801373965, -0.5054124291453442, -0.5428227890230631, -0.4529910857257804, -0.024648092797712066]], "inverted": false, "swapped": true, "error_lsq": 0.0542621934250416, "error_max": 0.3432201347302532, "target": "701.xyz", "model": "11.xyz", "model_rescale": 3.6694154284099745, "target_rescale": 4.040429680018274},
{"mapping": [0, 4, 11, 6, 5, 7, 3, 2, 1, 8, 12, 10, 10, 13], "R": [[-0.2643445953072334, -0.6134500049504451, -0.7441780877976414], [0.9408704937476674, 0.005470173175494086, -0.3387222921516254], [0.2118599748109018, -0.7897146121427217, 0.5757309983328978]], "T": [-0.05200844271902815, -0.014222678374251122, -0.05337842028110627], "aligned_model": [[-0.7432053176223173, -0.24952548980702396, 0.3140567351273015, -0.2986553967066262, -0.5873345974386989, 0.1284978905332962, 0.12475988969703833, 0.17766728689333888, -0.37892983815333503, 0.5993976248638233, -0.31646954546444317, 0.30953179782873064, 0.30953179782873064, -0.15515685649683653], [-0.19214926585293451, -0.7270401835467495, -0.4596302802130335, -0.1468901429137333, 0.45564519244733914, 0.5481444802634472, -0.692966567599522, -0.029241893624014286, -0.3136980717718696, -0.3299779807994521, 0.47588470143515665, 0.47483888059684337, 0.47483888059684337, -0.06780652343240459], [-0.016952138319099516, -0.029780323332707873, -0.5145042194938961, -0.5447229606954421, -0.4238117942086163, -0.5042952208231873, 0.4459296911065593, 0.5576347185241285, 0.6676696946586593, 0.16699983503848137, 0.3360103079295661, 0.13002341534186074, 0.13002341534186074, -0.015945786625260888]], "inverted": true, "swapped": false, "error_lsq": 0.05141415427440888, "error_max": 0.4460690067876702, "target": "701.xyz", "model": "12.xyz", "model_rescale": 3.9764082729961374, "target_rescale": 4.040429680018274},
{"mapping": [14, 3, 7, 4, 6, 5, 8, 1, 11, 2, 13, 12, 9, 15], "R": [[-0.31195568224317705, -0.5517276676507581, -0.7734857678489298], [0.8765968389810277, -0.4811139089794212, -0.010362841068524087], [-0.36641729517677546, -0.6812679262486938, 0.6337289471533867]], "T": [-0.01366009118845389, 0.030655307385533723, 0.03648378338640862], "aligned_model": [[-0.7929251422873775, -0.37614624748752096, 0.2296970946127394, -0.046971444200159404, -0.6083731326884703, 0.1440635848051962, 0.06913912951062363, 0.45372243617130564, -0.48759817257707694, 0.6329529430563994, -0.4699624645654171, 0.08660493076246155, 0.4633157314137263, -0.0633532654434513], [-0.14398379350972745, -0.728980681367317, -0.5551192611834423, -0.07347580682420178, 0.31079803697698044, 0.6094405889450328, -0.5316747522121467, 0.06186071264360703, -0.29062119009022963, -0.4241662667897976, 0.3614769496578259, 0.5336142711601529, 0.37670810247501213, -0.03592568429583255], [0.06896768939162601, 0.03711497006132458, -0.37422187016579606, -0.6733829552295068, -0.3527401303523092, -0.549139598759369, 0.4567004296214709, 0.46532218425843686, 0.5866735742120719, 0.14273082341791815, 0.2748652659762122, 0.41621097635553445, -0.08285042872962739, -0.03197229561508111]], "inverted": false, "swapped": false, "error_lsq": 0.05476352631989694, "error_max": 0.3691395534615658, "target": "701.xyz", "model": "13.xyz", "model_rescale": 4.170626492500431, "target_rescale": 4.040429680018274},
{"mapping": [3, 1, 0, 2, 6, 4, 7, 10, 9, 7, 11, 5, 12, 13], "R": [[0.947852083808619, 0.3165763153042474, 0.036822055999700336], [-0.31719634080689124, 0.92578273582733, 0.20570077156584302], [0.03103076857536557, -0.20665372639381632, 0.9779219441086145]], "T": [-0.03690202151769889, -0.03695961901688784, -0.05119451961956262], "aligned_model": [[-0.7184328377256006, -0.2799985542203523, 0.07650959864580087, -0.21540453292858147, -0.5682820375930195, 0.3904973822446866, 0.4548138694927097, 0.2274620188754447, -0.32526901427336596, 0.4548138694927097, -0.44597923381401144, -0.12730995846990578, 0.397970369620077, -0.08722495826361257], [-0.1333705409592244, -0.7422749357955946, -0.5387636434117091, -0.08532552385787166, 0.5782366254647343, 0.300511468790395, -0.639371295754375, -0.05111238683661548, -0.29193911144393825, -0.639371295754375, 0.31947087560775206, 0.8562408747052219, 0.49222185218454007, 0.044798262646976936], [-0.09235621442315, 0.13386992753506155, -0.3531695716370003, -0.6826450401714623, -0.26719944160419623, -0.5056239917610021, 0.1784692719257687, 0.4470420289042109, 0.6616423301536345, 0.1784692719257687, 0.4018758811049361, 0.09454192505661399, 0.20679597468086425, -0.017433717247141642]], "inverted": false, "swapped": false, "error_lsq": 0.05599453545074134, "error_max": 0.4192173370728523, "target": "701.xyz", "model": "14.xyz", "model_rescale": 3.9786697098870705, "target_rescale": 4.040429680018274},
{"mapping": [4, 0, 11, 5, 10, 7, 1, 6, 12, 3, 8, 13], "R": [[0.8258642562517446, 0.5503011463288847, -0.12295071612181968], [0.14436407778627083, 0.004427418662051458, 0.9895147351145969], [0.5450754473379558, -0.8349545175116465, -0.07578727067404689]], "T": [0.14814347782197768, -0.03330806578203015, 0.06870062419332096], "aligned_model": [[0.11958573298128841, -0.4784011336426822, 0.554248323819925, 0.6185592047190617, -0.030484103067112134, 0.2880822897414091, -0.6730528985721185, -0.07792531635563918, 0.6607379509481388, -0.015389261763200851, -0.5052819903893071, 0.022675798347573523], [-0.3971361606752744, -0.2163386109326167, 0.13167114843764832, -0.6639264410033916, 0.36511684118767274, 0.5773059972776702, -0.10297470036057156, 0.33662090357725893, 0.08389606658976125, -0.6161147648798895, 0.5595574397462912, -0.043003228740119956], [-0.6166557554168697, -0.12221333800417705, -0.6046478292198294, -0.1422427739605952, -0.48968055740426325, 0.1536463887295802, 0.4689762915652843, 0.7109183077800987, 0.03082582948084584, 0.0990450915328315, 0.08362374123475397, 0.08837109755617004]], "inverted": false, "swapped": true, "error_lsq": 0.0498991256973618, "error_max": 0.30965661906274233, "target": "701.xyz", "model": "15.xyz", "model_rescale": 3.769337070930944, "target_rescale": 4.040429680018274},
{"mapping": [0, 4, 2, 3, 8, 10, 7, 11, 9, 5, 13], "R": [[0.29214993872360306, 0.08079491652914156, 0.9529536162725047], [0.4969576706189404, -0.8641633735516607, -0.07908689793391643], [0.817117792559183, 0.49668284173591304, -0.2926169301464737]], "T": [0.01490212340171111, 0.14339301745369476, 0.018355573459343973], "aligned_model": [[-0.27482576649715124, -0.3618696680267523, -0.31247730929133966, -0.5864244941398186, 0.48931138183215356, 0.36651349106805536, 0.6419108052721936, 0.23277403593910212, 0.27452869153776654, -0.5313971529781821, -0.015417884024856233], [-0.010609978298091155, -0.535529288064319, 0.7325865275426371, 0.18877676451395647, 0.1883658579368438, -0.4083233890872771, 0.21413593853688645, -0.5530919877772786, 0.6964279491385992, -0.08675812733972993, 0.17008423052311522], [-0.5773350330552277, 0.015650993951870022, 0.0586664097847396, -0.04225801137547807, -0.7243357141622869, -0.25444144996968654, 0.05713365974534982, 0.3544774174343392, 0.3821238258150941, 0.5769745488627441, -0.10243903980768043]], "inverted": false, "swapped": true, "error_lsq": 0.05443448722352688, "error_max": 0.2915427054002279, "target": "701.xyz", "model": "16.xyz", "model_rescale": 3.7852294659196426, "target_rescale": 4.040429680018274},
{"mapping": [2, 0, 8, 1, 3, 4, 11, 10, 6, 9, 12, 7, 13], "R": [[0.48980527962810777, -0.5093058261648753, 0.7076004264293125], [0.6921334355995186, 0.720681209857108, 0.03962197728662911], [-0.5301340352907351, 0.47034686051190844, 0.7055010527511301]], "T": [-0.07037718127725472, 0.16794514076869557, -0.05348135115095999], "aligned_model": [[0.04284435022655554, -0.35631217780867835, 0.37051646605968197, 0.10110865029966622, -0.5050557758518509, -0.788761449488286, -0.3584452975943339, -0.12736831517451525, 0.6156654540728614, 0.45648031055400046, 0.014612894235402449, 0.45842095097406393, -0.06994021028828491], [-0.05904525480943734, -0.4182433996305711, -0.38053825745036673, -0.7241036499645979, -0.07943617406753778, 0.24455662537256867, 0.7358059595818953, 0.17958771523145894, -0.1432741390928964, 0.4211546911933647, 0.6870375693038788, 0.3703296789963557, 0.041224259038759814], [-0.679266852681492, 0.13921178427067876, 0.478924324242084, -0.17297655183285154, -0.39580341677958003, 0.23104372350874836, 0.43650668707015067, 0.6529577645748061, -0.23482676054423202, -0.45831099290512445, -0.08875372420440863, 0.22769692328403413, -0.04064821085963914]], "inverted": false, "swapped": true, "error_lsq": 0.0385293955690516, "error_max": 0.23584299585843985, "target": "701.xyz", "model": "17.xyz", "model_rescale": 3.901054581598922, "target_rescale": 4.040429680018274},
{"mapping": [13, 2, 8, 5, 9, 10, 0, 7, 3, 1, 12, 11, 6, 14], "R": [[-0.17412043861551782, 0.9717148438491549, 0.1595378798265548], [-0.5976115838149826, 0.02449187191127064, -0.8014115940641424], [-0.7826509233026482, -0.23488382331164165, 0.5764435113695164]], "T": [0.018542648590668197, -0.05259676015292409, -0.05401955552875422], "aligned_model": [[-0.7031617789130208, -0.4160950316152671, 0.17476700700987308, -0.3864604976455136, -0.4385001017840517, 0.16599692102251032, 0.15488607833329449, 0.24194476422329528, -0.40201529397822855, 0.6316436764397773, -0.3561193822346994, 0.02074664816991597, 0.5608171341689095, -0.014284162113816057], [-0.12781335897688417, -0.7550285418780612, -0.5290460115897113, -0.18984556702330224, 0.3448411853206626, 0.484791830071641, -0.6064684921189027, 0.05917086704119847, -0.3404704916258156, -0.28649278703617426, 0.3057076526749825, 0.7275533433205441, 0.3953508651601569, -0.012299267754417427], [-0.02259693814085237, -0.09167298771973444, -0.48877041841657604, -0.5092351786647268, -0.3135279853763019, -0.6556211585576286, 0.4461215167643637, 0.5602088352506903, 0.5148966256287736, 0.18068308121491766, 0.4781659520558393, 0.1135869698897604, 0.20867237913496167, -0.03663205862058068]], "inverted": true, "swapped": false, "error_lsq": 0.036319382114020214, "error_max": 0.22334870234837728, "target": "701.xyz", "model": "18.xyz", "model_rescale": 3.9405287249114394, "target_rescale": 4.040429680018274},
{"mapping": [13, 7, 5, 11, 14, 10, 8, 0, 4, 6, 12, 3, 1, 15], "R": [[0.36147636969802444, -0.48570147374456574, -0.795882474082885], [0.22638706731814096, -0.7823371565675546, 0.5802563823043095], [-0.904479811770848, -0.3899264698070015, -0.1728398630027833]], "T": [-0.11294627944852911, -0.04622731600840987, 0.04204949626130877], "aligned_model": [[-0.7388243290308311, -0.414952775922968, 0.3831323356966041, -0.2841543507919858, -0.5270024873804853, 0.08828404550016777, 0.282705645074363, 0.22461127334589245, -0.3651385222097898, 0.6023580087211157, -0.3617969635654398, 0.055868294818343406, 0.37515291482462465, -0.08607710799663301], [-0.09476977590281324, -0.6663290291981301, -0.5331499296560887, -0.11088410657603812, 0.4883917694915331, 0.39994966221839695, -0.6706275399120112, -0.22631426730775508, -0.24995547782415722, -0.24639406327324195, 0.3349641222083802, 0.7885783900551198, 0.2918005298012359, -0.03530905853851421], [-0.19722052277664093, 0.18308669109923575, -0.4141029110249707, -0.6548870127839297, -0.33541421347566563, -0.5730411453257369, 0.2028477255625707, 0.6132743613355627, 0.6974569553204044, 0.12302173970160486, 0.3468535097751624, 0.04749628548352621, 0.3301740804026607, 0.014733091149121712]], "inverted": false, "swapped": false, "error_lsq": 0.04345137256803836, "error_max": 0.27883386941291094, "target": "701.xyz", "model": "19.xyz", "model_rescale": 4.410303926677745, "target_rescale": 4.040429680018274},
{"mapping": [2, 0, 3, 6, 4, 11, 5, 8, 1, 10, 7, 12, 9, 13], "R": [[0.450865013820304, 0.1820246444456556, -0.8738350920667182], [-0.7023429995599691, -0.5318190416399274, -0.4731625702845633], [-0.5508493898353, 0.8270644084735008, -0.11193486478508807]], "T": [-0.10597362353737519, -0.07476811534352654, -0.0013269941057470307], "aligned_model": [[-0.7603707671217793, -0.5714617570841578, -0.008583462048693341, -0.11849179493608845, -0.42266068131314793, 0.2538821789127945, 0.46327939297067, 0.2982647215595271, -0.4523431363784932, 0.7063273826927448, -0.4145344844680702, -0.10336786274400059, 0.40994060218734196, -0.04571435114566927], [0.024173057819602994, -0.6019866033371374, -0.7249663268496633, -0.14407612532462874, 0.3324494034216332, 0.44158834810246816, -0.5612552173857761, 0.053758259875766906, -0.36342631294960903, -0.1819544659514817, 0.2426820395478038, 0.6636344518373939, 0.35706842138834427, -0.06773770460880041], [-0.025487922808268466, -0.13741827217898298, -0.30746444346769036, -0.5771268884404286, -0.47984198327736466, -0.5407833209702761, 0.37063002721715493, 0.6398671361181563, 0.5985267353161923, -0.06306980363134948, 0.5562290651590515, 0.15814023161754517, 0.1442973308777649, 0.04778074291140155]], "inverted": true, "swapped": false, "error_lsq": 0.05177447174451228, "error_max": 0.3236752377935304, "target": "701.xyz", "model": "20.xyz", "model_rescale": 4.121658175737393, "target_rescale": 4.040429680018274},
{"mapping": [8, 6, 9, 7, 12, 0, 2, 10, 3, 4, 5, 11, 13], "R": [[-0.439905058494024, -0.5540867119513411, -0.7067329447183858], [-0.847475878905902, -0.004217823667541087, 0.5308171480238542], [-0.29709960313678974, 0.8324482720280348, -0.467719681233857]], "T": [0.04605766659717875, -0.0005017363727364971, 0.03788142702732871], "aligned_model": [[0.1157908382342977, 0.020218796039191606, 0.24672783717077912, 0.5712190160321302, 0.4442041646705556, -0.4054653400226064, -0.40015430428339777, 0.40147098414418664, -0.5034070873515453, -0.05953058518032697, -0.10477153705097919, 0.5945165078205537, -0.03973638555854425], [-0.7334131172095354, -0.002806917093603048, 0.49582391408178283, -0.09675174564069132, 0.3268008643798148, -0.5028233124941182, 0.3889260323411887, -0.5765507013902031, 0.12392602148307043, -0.21758761749715977, 0.5094178068589569, -0.09105262781276674, -0.08308169584355315], [0.5243536689775203, 0.8123006507646049, 0.5058272180230908, 0.376392402884725, -0.07291918764400596, -0.0415319234336003, 0.36221480305263126, -0.17256744258938894, -0.1855768674500523, -0.7001054534789739, -0.5791276646892415, -0.5422313743525146, 0.08308090941699381]], "inverted": true, "swapped": true, "error_lsq": 0.05406925155806274, "error_max": 0.2788584795280344, "target": "701.xyz", "model": "21.xyz", "model_rescale": 4.08911054899281, "target_rescale": 4.040429680018274},
{"mapping": [13, 12, 9, 14, 2, 15, 10, 6, 7, 5, 0, 1, 8, 16], "R": [[0.6281507104521867, -0.7774871719290979, -0.03066565577493719], [0.7586155790422819, 0.6207145870325718, -0.1980298075526199], [0.17300025489217305, 0.10112912009247267, 0.9797161899634841]], "T": [-0.07064649721707518, 0.02038064792748749, -0.02776648177434139], "aligned_model": [[-0.6682612066087161, -0.345210037921581, 0.24960250119026317, -0.27240098171114147, -0.3964467108121017, 0.06721810163733209, 0.2042395950007979, 0.12296230879274951, -0.33139222061617474, 0.5629696065234797, -0.41975184138171256, 0.10277916575615408, 0.4683822543616656, -0.11052455312803561], [-0.243974431598183, -0.6537894715272913, -0.5295105849216332, -0.2427071905879607, 0.5737441263433554, 0.33244682408907916, -0.6538731692211857, 0.0300998771766237, -0.3690416394932434, -0.2865092643824434, 0.3674346435994127, 0.7925910269015028, 0.32752073127009845, 0.02551974793778519], [0.07073741193529481, -0.15056313557329323, -0.34809104002314245, -0.5772230343413908, -0.3577618013626339, -0.6720607250923841, 0.3200191354966544, 0.6919454712802272, 0.5071710265371618, 0.017821551208112577, 0.5703625853534114, 0.032342180605910584, 0.28187038979594115, -0.0022913813769639794]], "inverted": true, "swapped": false, "error_lsq": 0.040899125721053434, "error_max": 0.23741473038164915, "target": "701.xyz", "model": "22.xyz", "model_rescale": 4.204369325754507, "target_rescale": 4.040429680018274},
{"mapping": [13, 7, 5, 11, 14, 10, 8, 0, 4, 6, 12, 3, 1, 15], "R": [[0.36147636969802444, -0.48570147374456574, -0.795882474082885], [0.22638706731814096, -0.7823371565675546, 0.5802563823043095], [-0.904479811770848, -0.3899264698070015, -0.1728398630027833]], "T": [-0.11294627944852911, -0.04622731600840987, 0.04204949626130877], "aligned_model": [[-0.7388243290308311, -0.414952775922968, 0.3831323356966041, -0.2841543507919858, -0.5270024873804853, 0.08828404550016777, 0.282705645074363, 0.22461127334589245, -0.3651385222097898, 0.6023580087211157, -0.3617969635654398, 0.055868294818343406, 0.37515291482462465, -0.08607710799663301], [-0.09476977590281324, -0.6663290291981301, -0.5331499296560887, -0.11088410657603812, 0.4883917694915331, 0.39994966221839695, -0.6706275399120112, -0.22631426730775508, -0.24995547782415722, -0.24639406327324195, 0.3349641222083802, 0.7885783900551198, 0.2918005298012359, -0.03530905853851421], [-0.19722052277664093, 0.18308669109923575, -0.4141029110249707, -0.6548870127839297, -0.33541421347566563, -0.5730411453257369, 0.2028477255625707, 0.6132743613355627, 0.6974569553204044, 0.12302173970160486, 0.3468535097751624, 0.04749628548352621, 0.3301740804026607, 0.014733091149121712]], "inverted": false, "swapped": false, "error_lsq": 0.04345137256803836, "error_max": 0.27883386941291094, "target": "701.xyz", "model": "23.xyz", "model_rescale": 4.410303926677745, "target_rescale": 4.040429680018274},
{"mapping": [0, 3, 4, 5, 12, 6, 10, 11, 1, 9, 7, 13, 14, 16], "R": [[-0.3201179774013487, 0.09926345586790934, -0.9421630680904604], [0.08004668641984951, -0.988105520630777, -0.13130121131270597], [-0.9439899409091562, -0.1174489098635709, 0.30836462999862174]], "T": [0.042737230242244774, -0.04690778953186459, 0.012292694943608873], "aligned_model": [[-0.7029161973796174, -0.5005769566788474, -0.02253824569125356, -0.0677621349291149, -0.4949666136061898, 0.16526050595156094, 0.25028111939436426, 0.2863833880456666, -0.4149863646052878, 0.6390675510359844, -0.3832010183621687, -0.024818366137407517, 0.5447162725769724, -0.03977695853168305], [-0.07434068701482023, -0.7630250254714469, -0.6189069559436391, -0.05601590062667232, 0.3933992545217387, 0.5432096834262398, -0.6010281636865905, 0.02748148259816329, -0.3556539290344737, -0.20845028486198386, 0.26384054807744295, 0.6521207937136794, 0.398635406316863, -0.1313149964285839], [-0.10447293826079626, 0.04746062514409768, -0.36512012791359205, -0.6068268137434811, -0.39166289426279666, -0.4510079685340052, 0.28369662140351526, 0.5917961656755428, 0.6691795053093099, 0.11580189421081413, 0.417191417751121, 0.04362805887406637, 0.09980436104732121, 0.03481072774178835]], "inverted": true, "swapped": false, "error_lsq": 0.03948462102501785, "error_max": 0.27299799959597265, "target": "701.xyz", "model": "24.xyz", "model_rescale": 4.28219845311461, "target_rescale": 4.040429680018274},
{"mapping": [13, 7, 4, 2, 14, 6, 3, 5, 9, 1, 11, 10, 8, 15], "R": [[0.7037059805828825, 0.24848678835471816, 0.6656216710001572], [0.6850889989850527, -0.48558415460530124, -0.543011134569001], [0.1882842435296766, 0.8381302672075581, -0.511944038766978]], "T": [-0.11927846119023452, -0.08092323987554645, 0.009823472080754837], "aligned_model": [[-0.6491160648714983, -0.4545109760749252, 0.06842699807606534, -0.2847546364478928, -0.4846771367023699, 0.30077212870933, 0.2647525438948555, 0.3290088400552965, -0.34250233547023634, 0.49543543638261134, -0.3160723132323688, -0.020941631533884036, 0.4054056555849622, -0.07706052728696652], [-0.2673522360022491, -0.775395634574713, -0.6783283255960411, 0.0009945047123623013, 0.5284321053621686, 0.5132157731614722, -0.6877458513110619, 0.121664394670708, -0.3237283240540091, -0.21978519712658784, 0.2938574419766055, 0.7030385539534971, 0.3534211003142471, -0.0923370799004821], [-0.18365210794290215, 0.11409839579262222, -0.3676979142573281, -0.6494846068411149, -0.26461139461593775, -0.5219222096821036, 0.300222938753374, 0.7050050503645106, 0.5998154016250371, 0.1226134530448542, 0.3522978383586548, 0.08357028609576479, 0.1439787130434118, -0.04995520929593748]], "inverted": true, "swapped": false, "error_lsq": 0.03835951640235967, "error_max": 0.22941076309876435, "target": "701.xyz", "model": "25.xyz", "model_rescale": 4.100010024507729, "target_rescale": 4.040429680018274},
{"mapping": [9, 5, 11, 4, 6, 8, 7, 0, 3, 1, 2, 13], "R": [[-0.8494603823901057, 0.5257949762595483, -0.0442346209419362], [-0.4251579457163038, -0.6323964822125805, 0.6475456821564374], [0.3125024479007296, 0.568871103348882, 0.7607416695769185]], "T": [-0.013557002011167982, -0.02947330922875987, 0.05016200559681517], "aligned_model": [[-0.7135010479632525, 0.08813868779604812, 0.3993155131247382, 0.6736716555359444, -0.5594481233084148, 0.14154165410305913, -0.24700321453499458, 0.44289463837150084, 0.12131436346234185, -0.027821716731394587, -0.4637275941978913, 0.02139078670532195], [-0.06727884327060052, -0.8115553384406619, -0.4170569904062075, -0.38643196504206206, 0.5186287185998838, 0.8249027119487474, 0.23461556604160075, 0.30572064289119244, -0.2306552029566399, 0.6688125131462445, -0.04107733565823487, 0.0675069131973772], [0.16945159483169672, -0.15348792630126157, 0.6201204278626242, -0.006380763900046819, 0.005607028740385107, 0.2072068109332954, 0.5749554123933026, -0.32640589801373965, -0.5054124291453442, -0.5428227890230631, -0.4529910857257804, -0.024648092797712066]], "inverted": false, "swapped": true, "error_lsq": 0.0542621934250416, "error_max": 0.3432201347302532, "target": "701.xyz", "model": "26.xyz", "model_rescale": 3.6694154284099745, "target_rescale": 4.040429680018274},
{"mapping": [6, 1, 5, 0, 2, 4, 7, 9, 3, 8, 12, 11, 10, 13], "R": [[-0.24029952940303254, 0.9447088691059529, 0.22311720866224832], [-0.23324525118904105, -0.2793126043409522, 0.931440347984795], [0.942259406409107, 0.17178364790871925, 0.2874675448545989]], "T": [0.015296123304683419, -0.05238885112582215, 0.025175982443448486], "aligned_model": [[-0.6657390568955344, -0.5543435810899308, 0.12222900203834955, -0.18906507620346327, -0.37236694792029656, 0.4084189201026626, 0.13107893071979607, 0.27520176722404877, -0.2840254695401391, 0.6483157556447917, -0.4948345551958224, -0.15545469242853213, 0.3815588451250646, -0.016807860498016094], [-0.1192859074215761, -0.6731425695434418, -0.7168002708250115, -0.14859196604375952, 0.4135606517937028, 0.23712093540639623, -0.5904168390567702, 0.1117167870871617, -0.3780173618089362, -0.13400745193302316, 0.3143776096649104, 0.744067576554559, 0.42340196860941226, -0.014031936897707882], [0.07908608347295311, -0.23906270121900147, -0.39087849060087404, -0.5960444325050778, -0.2826194855880783, -0.6360116764165233, 0.33054256612361194, 0.6337661000397845, 0.7013445098245135, -0.006156772052738679, 0.5099252655260573, 0.29476230809487897, -0.011775801722360202, -0.002598838534239964]], "inverted": false, "swapped": false, "error_lsq": 0.048070506207411844, "error_max": 0.29999523222184743, "target": "701.xyz", "model": "27.xyz", "model_rescale": 4.103607728864725, "target_rescale": 4.040429680018274},
