[{"mapping": [2, 13, 5, 11, 7, 0, 15, 14, 12, 10, 4, 16], "R": [[-0.1381484157736578, -0.7000707533782012, 0.7005825829148955], [0.7655477154858698, 0.3733124042783278, 0.5239986108056972], [-0.6283722706593557, 0.6087189738100925, 0.48436504868744734]], "T": [-0.08136732137940059, -0.06503599942055051, 0.05037511259434321], "aligned_model": [[-0.21916514811185941, 0.3342933800585267, 0.4425435549541965, -0.22373627809658017, -0.129265494753444, -0.6448824305349685, 0.4461943540933564, -0.1491920559734351, 0.46402313940514484, 0.24041616879587266, -0.5968367000694856, -0.12675002730677593], [-0.24608019819509186, -0.666174798545531, -0.3190677175172938, 0.7178856084247074, 0.31435153749638134, -0.5896605271957924, -0.4587272257668869, -0.4985068786238422, 0.05554076717168474, 0.49565606215044156, 0.31597624188589385, -0.06763783530761334], [-0.5775737396694479, -0.0614856750686045, -0.46864286989262993, 0.049479317865259026, -0.5727862096590028, 0.05838394970015445, 0.5506555992499317, 0.59426057351255, 0.046309469181347346, 0.35298659130396715, 0.18178435524083325, 0.02858038358920488]], "inverted": true, "swapped": true, "error_lsq": 0.0471357764117167, "error_max": 0.23288189428215975, "target": "702.xyz", "model": "0.xyz", "model_rescale": 3.751011558992144, "target_rescale": 4.209279203198171},
{"mapping": [7, 2, 11, 8, 0, 6, 13, 5, 4, 9, 14, 15, 12, 10, 16], "R": [[-0.27149433769837383, -0.9512081838814841, 0.14660769254923312], [0.3173289259703672, 0.055340576724604906, 0.9466994102196757], [-0.908621580934668, 0.30354639099267383, 0.28682121813964223]], "T": [-0.007160647810872389, -0.0734809808130448, -0.017208634798723567], "aligned_model": [[-0.019940535215708995, 0.18163962453145754, -0.5022181963084815, 0.3044775809325122, -0.2091003724594146, -0.5452283552012307, 0.6578827662842006, 0.7137895204002687, -0.6522512938970311, -0.013739030880090042, -0.034629395128423085, 0.44070470670303125, 0.37525245563428916, -0.1224267392224771, -0.03512652508386802], [0.004428593619222765, -0.47491149470257976, 0.4383420911292145, 0.40855889432921755, -0.7968822865357038, 0.4219566842951482, -0.32154043994124937, -0.11423044346156694, -0.04487310794284294, 0.37717707075299256, -0.2828858378144111, 0.08028135786479665, 0.3336122716946085, 0.6279156648385373, -0.10819166829827795], [-0.7440689683035228, -0.5165011379502962, -0.37244254790256126, -0.5045004454131763, 0.1523649874112707, 0.27058857729439845, 0.18976545163641473, -0.3121064519063672, -0.12297746474125124, 0.503631390061122, 0.6489022164289668, 0.6605586083522818, -0.010778791164611813, 0.04798632776998562, -0.040755346720677356]], "inverted": true, "swapped": true, "error_lsq": 0.04036419532826367, "error_max": 0.24549226683832284, "target": "702.xyz", "model": "1.xyz", "model_rescale": 3.9405287249114394, "target_rescale": 4.209279203198171},
{"mapping": [1, 0, 14, 7, 2, 9, 4, 3, 5, 12, 8, 10, 16], "R": [[0.569510098502925, -0.1266095482754584, -0.8121750242334921], [-0.3155880753262361, 0.8786620927638366, -0.3582695820911361], [0.7589877564329156, 0.4603508977132115, 0.4604504713425426]], "T": [-0.07347991225941833, -0.048883135578867545, -0.044157541715132545], "aligned_model": [[-0.32902713929222605, 0.2542476937848359, -0.47010016360401474, 0.45549306897068853, 0.5303713843826513, -0.7515546701669013, 0.09179447762350398, 0.5996872431919591, 0.07291185606804176, -0.37944968541008606, -0.023736520105172215, -0.5246939369745606, -0.02996032918478836], [0.7792474375369459, 0.4722565213951509, 0.3551971362903397, -0.39666425328559446, -0.26861862783790397, 0.015073365346411696, 0.41004187608300213, 0.2802773664699405, -0.7445347111054336, -0.511971965155065, -0.7069697644353959, -0.2010136467610142, -0.023488140969366644], [-0.006051163111734405, -0.5065993099706602, -0.45369398996814564, 0.3216225165551315, -0.22626994932891203, 0.058480047594097015, 0.39198418658589496, 0.11687651589795699, -0.36514464724748047, 0.018590164640201925, 0.31830862138237936, 0.4875906326801882, -0.04257327612027277]], "inverted": true, "swapped": true, "error_lsq": 0.039325706660174105, "error_max": 0.21935247242866154, "target": "702.xyz", "model": "2.xyz", "model_rescale": 3.932901565614263, "target_rescale": 4.209279203198171},
{"mapping": [12, 10, 8, 9, 5, 2, 7, 13, 14, 0, 4, 1, 3, 16], "R": [[-0.6773500052474201, -0.7267960754792757, -0.11386147311203526], [0.6680370202275967, -0.5428544256412504, -0.5089554127496254], [0.30809659199146217, -0.42080463071315033, 0.8532291326329731]], "T": [0.0292516189204048, -0.06583711315009554, 0.019305740583340638], "aligned_model": [[-0.15363615998061175, 0.3591761768300742, 0.1131455567490756, 0.009830586111475581, -0.4976955816091519, -0.09770841501062451, 0.3317561641320228, -0.7067103231621238, -0.26442274245284125, -0.1213550304016837, 0.6317773536442503, 0.3302022165078187, 0.4362590329068897, 0.049191077788133614], [-0.03742977228849188, 0.23434543855466566, -0.4496408830289982, 0.5490228994302825, -0.5364235003437071, -0.6936067444232169, -0.7062244230554552, -0.12344020603504063, 0.4898440897804016, -0.07456391319949161, 0.013642489135249389, 0.5723084632407268, -0.4837628159780448, -0.0905744834383917], [-0.5077152496312847, -0.5379501532796691, -0.6230264234530982, -0.290501093549476, -0.31125361312911487, 0.2087033220276612, -0.16222735604505312, -0.021881804209584303, 0.32472735494612226, 0.7743460011010602, 0.2617786860050517, 0.524039025208153, 0.5164130679027602, 0.058444599163569144]], "inverted": false, "swapped": true, "error_lsq": 0.0424390908096835, "error_max": 0.256833649056858, "target": "702.xyz", "model": "3.xyz", "model_rescale": 3.9243930471874484, "target_rescale": 4.209279203198171},
{"mapping": [12, 10, 15, 13, 14, 8, 2, 9, 1, 4, 0, 3, 16], "R": [[-0.9958172901372788, -0.09009788846719395, -0.015175478819465594], [-0.09080262969369936, 0.9943520417988192, 0.0549445121120248], [0.010139383825256748, 0.05609266854297993, -0.9983740809092411]], "T": [-0.06150090441981561, -0.11712632507235764, -0.06414274176699154], "aligned_model": [[-0.05709592990080941, -0.2805795670154014, 0.6371768358617282, 0.43771616928575763, 0.5805988947782621, -0.5383503098890332, -0.2960172020498172, 0.23979690937154752, 0.24591224981486193, -0.3916996511696438, 0.2576993933908849, -0.4776369587980537, -0.08031494736893069], [-0.43189915917482685, 0.06908067202000721, -0.24288372544617798, -0.6609921690317051, 0.15808308115291347, -0.5589458666611327, -0.5206940908375379, 0.13252165116567383, 0.6864121406272101, 0.43184432864683986, 0.07852488723356056, 0.09050406129603357, -0.10372625730927118], [-0.5255587145329602, -0.7174615026594889, -0.487969545950436, -0.02356235925155055, -0.04752278589586611, -0.44406940930604677, 0.4135812042549074, -0.630981167974943, 0.04712187169218314, 0.06907665038515119, 0.608669332933351, 0.5450805587574408, -0.019333817080777534]], "inverted": true, "swapped": true, "error_lsq": 0.039092493761762374, "error_max": 0.22854256845258797, "target": "702.xyz", "model": "4.xyz", "model_rescale": 3.8936222436046832, "target_rescale": 4.209279203198171},
{"mapping": [15, 12, 13, 14, 2, 7, 11, 4, 1, 9, 0, 16], "R": [[0.6500168408302602, -0.7558650345821658, -0.07839742427624508], [-0.061178718625714223, -0.15488207917898264, 0.9860368684468706], [-0.757453147742066, -0.6361443162092206, -0.14691881407886256]], "T": [-0.17580100961121878, -0.02070247763422084, -0.010808090480480571], "aligned_model": [[0.1435528023272015, -0.410178933166611, -0.33218424700661475, 0.41890658305233686, -0.6605163127182545, -0.7884566073817117, -0.25839538334108225, 0.07505602841345868, 0.651986170589533, 0.22586509663030882, 0.1395711070205433, -0.17765826220401112], [-0.4955930412515554, -0.509169845540731, -0.0615588951125058, -0.016711854225687807, 0.43003622318577595, 0.12449363484119416, -0.22792113643341264, 0.18322075214459738, 0.14720095729444876, -0.5785098474865812, 0.6472194281354489, 0.026216529558815933], [-0.6075381499258447, -0.14672225550137727, -0.7322854266196303, -0.37770800393286297, -0.10008688157037485, 0.36085086498206637, 0.753046976393841, 0.5580798249083836, 0.18701392118149426, -0.05468933130465057, -0.22821340482677052, 0.007536585491244412]], "inverted": false, "swapped": true, "error_lsq": 0.03948929299456009, "error_max": 0.2184481533792329, "target": "702.xyz", "model": "5.xyz", "model_rescale": 3.6523030999806103, "target_rescale": 4.209279203198171},
{"mapping": [10, 9, 1, 11, 4, 12, 14, 7, 13, 2, 0, 3, 16], "R": [[0.7104145826467902, 0.6923579620445256, -0.12629953743517075], [-0.6475755556336428, 0.5727889809744291, -0.5025521694511463], [-0.2756030125172175, 0.4388088828497279, 0.8552717368319898]], "T": [-0.024937263996468645, -0.08472425369911313, 0.003428293610503272], "aligned_model": [[0.14572639844491098, -0.19984477076522347, 0.2539342578342061, 0.6470567211147014, 0.5902712228721368, -0.30196006422918464, -0.3453446333048381, 0.34017276804804253, -0.7368695719611909, -0.011619905796763627, -0.033522788812491294, 0.5275921410418476, 0.005491130178141217], [-0.44899695734416717, -0.052597191433689516, 0.6413858358848448, -0.41759930130525386, 0.11690045618571338, -0.5144787933467383, 0.4751985275304175, -0.5789652541347989, -0.09007715660655016, -0.21617936227895307, 0.5793875986673207, 0.11120019060696515, -0.06435168826192698], [0.5930665057424443, 0.668849590239367, 0.38755267396115, 0.2696129155772062, 0.09836717655172456, 0.22831814357368252, 0.272006381121963, -0.39277830618535203, -0.1960165500339382, -0.651267976747256, -0.38609198977901676, -0.49028973491409567, -0.031219089626090386]], "inverted": true, "swapped": true, "error_lsq": 0.04916455335733822, "error_max": 0.25521259571815913, "target": "702.xyz", "model": "6.xyz", "model_rescale": 4.08911054899281, "target_rescale": 4.209279203198171},
{"mapping": [8, 7, 5, 10, 9, 14, 12, 13, 6, 11, 1, 3, 0, 2, 16], "R": [[0.05812400215904556, -0.8138038444602845, -0.5782256506889644], [-0.9568699995458736, 0.11973072423002162, -0.2646967276798761], [0.28464259052730545, 0.5686720112833192, -0.7717452554054928]], "T": [0.037981902916338635, 0.00806120783875542, -0.019034650640616813], "aligned_model": [[0.19811980714036834, 0.32314380379669383, 0.6842939948044238, -0.4726155257618143, -0.4676742719049599, -0.17052096202262876, 0.058889094961597895, 0.5319184263517857, -0.7428341456723886, -0.4238186434588748, -0.5753547910830835, 0.17644110843379684, 0.23822906261110738, 0.6280816687950825, 0.05003491280844793], [-0.6269149956797376, -0.6391603919798646, -0.13714079501675622, -0.33426830730848056, 0.19279640133517195, 0.672566736843272, -0.16857678996928938, 0.38687750666955656, -0.08203394294696881, -0.6200239276961089, 0.4817701420897184, -0.18672599561327183, 0.5232953114556821, -0.1662358564452385, 0.004533720431428568], [-0.3906462868004256, 0.16629225714002183, -0.43084946889108267, -0.3817944587661193, -0.4486798847699397, -0.07619713460437105, -0.5485324767590313, -0.4180076232922809, -0.015608996844410517, 0.14060645999083576, 0.3708046404374175, 0.709195818907088, 0.5169496852928452, 0.2407494976697639, 0.029788003371768876]], "inverted": true, "swapped": true, "error_lsq": 0.04161560277338568, "error_max": 0.2557778240296648, "target": "702.xyz", "model": "7.xyz", "model_rescale": 3.964800864290218, "target_rescale": 4.209279203198171},
{"mapping": [9, 1, 14, 10, 13, 11, 12, 0, 3, 2, 7, 5, 0, 16], "R": [[0.5529549690787013, -0.19511478333383175, 0.8100438404776402], [0.42679955625808613, 0.9012930448545354, -0.07424948535001108], [-0.7155997072030378, 0.38678297354127755, 0.58164937069466]], "T": [-0.037080800232004454, -0.003321168159950696, 0.04837686743337875], "aligned_model": [[-0.28435104721278853, 0.3816239944666383, 0.3815850403597225, -0.6512119214025729, 0.15958681477136888, -0.5544955233789848, -0.4731658438862607, 0.723783867173227, 0.27339119689170127, 0.14332406042615636, -0.347051898474073, -0.2074271333170391, 0.723783867173227, -0.008187584129449609], [0.008949361503271061, -0.5481180494812933, 0.08399923340458387, -0.18859319430554505, 0.7077120767852967, -0.5975048163110572, 0.3270492371619695, -0.09585910967562788, -0.4692906931648132, 0.16098627179047856, -0.12335670424559776, 0.6708740491275786, -0.09585910967562788, -0.030040086732413818], [-0.5943650287589831, -0.4811884075445554, -0.504255608748095, -0.26469046053717343, -0.0006953664813844976, 0.16001809125555874, -0.06427867304943274, 0.12162986830134523, 0.5717430525921244, 0.6701020120506467, 0.6995823342902242, 0.4017001217993668, 0.12162986830134523, 0.07988323525403376]], "inverted": false, "swapped": true, "error_lsq": 0.05016242741131035, "error_max": 0.4498455983234962, "target": "702.xyz", "model": "8.xyz", "model_rescale": 4.121658175737393, "target_rescale": 4.209279203198171},
{"mapping": [0, 14, 13, 2, 1, 4, 9, 11, 12, 6, 3, 7, 16], "R": [[0.2514468663210501, -0.7885012878141429, 0.5612844132280549], [0.5198225114665282, -0.3791591188939922, -0.7655213381298802], [0.8164306645330973, 0.48425621490587956, 0.3145423474431948]], "T": [0.0821399046269127, 0.005622628814961499, -0.11470855773127961], "aligned_model": [[-0.534729166538803, -0.2620714541933802, 0.38598208732237693, 0.15176912575278637, -0.6661793235149828, -0.36205379425115947, 0.17306387662034797, 0.10335782945377947, 0.6033849254333514, -0.13610349181582845, -0.36759369835176814, 0.33961234185615496, 0.04829823866232152], [0.2672247742597353, -0.4132530807041836, 0.05401651556572262, 0.6619303060140608, -0.430853293203259, 0.005144624083168327, -0.6771100063479351, -0.058068771268473325, -0.19495165817122442, -0.572082555251987, 0.5610398721872024, 0.5455689016858657, 0.041781810563016844], [-0.49402528739085183, -0.5555829987824209, -0.78701241023391, -0.21716346701552977, -0.06927916465795828, 0.36574864830680165, -0.110319222750797, 0.678215884783511, -0.1236318137209412, 0.3715312115637227, 0.16221019409938411, 0.3056783333738755, -0.10529447361579682]], "inverted": true, "swapped": true, "error_lsq": 0.03901685652572661, "error_max": 0.20517928710370945, "target": "702.xyz", "model": "9.xyz", "model_rescale": 3.833441315466971, "target_rescale": 4.209279203198171},
{"mapping": [13, 5, 9, 10, 8, 12, 7, 4, 1, 6, 0, 3, 2, 15, 16], "R": [[0.04286327817447122, -0.18136684787764584, 0.9824809442808878], [-0.5562157099972713, -0.821225009581597, -0.12733250798573612], [0.8299318184865366, -0.5410134472715378, -0.13607948609176074]], "T": [-0.009311484748429237, -0.0022209781730607118, 0.07780985574116221], "aligned_model": [[-0.019357503231123417, -0.1357157034553565, -0.5258875400268255, -0.6412872488454892, -0.4628948589550131, -0.5072186957704095, 0.058344747118406017, 0.18054185950537, 0.21825440442229246, -0.3618710719145948, 0.6958431384664546, 0.6040762884500199, 0.40169224907957324, -0.4167215414221386, 0.03604649487336586], [-0.7401448447011312, -0.6100076048570215, 0.04376669959233972, 0.3289838193173223, -0.014801512773355592, -0.21353847162321105, 0.19574697414301437, 0.6200913288235917, 0.4169719886549357, 0.5957910916144071, -0.10274795736239968, 0.3744326027724509, -0.20253922834106655, -0.5075114295785568, 0.016608083613659376], [0.1227760104664217, -0.3944313709660069, 0.531069823825554, 0.09790774663116099, -0.5230545119209037, -0.0616152746594862, -0.6227545566281546, 0.14731163760018517, 0.8024116430087824, 0.44643686901946156, 0.3702061598825381, -0.1854773309019192, -0.409051041693193, 0.5899556102853276, 0.06643049387232469]], "inverted": false, "swapped": true, "error_lsq": 0.04766844025705528, "error_max": 0.2901120929938555, "target": "702.xyz", "model": "10.xyz", "model_rescale": 4.2482417240324, "target_rescale": 4.209279203198171},
{"mapping": [11, 12, 13, 15, 3, 0, 2, 14, 9, 1, 6, 16], "R": [[-0.9461841530418963, -0.32337462477373946, -0.012821879145930498], [-0.171027886291861, 0.5332715360662117, -0.8284750635547949], [0.2747453559988374, -0.7816970774373065, -0.5598791552496358]], "T": [-0.09242156856149136, -0.0019070381369082831, 0.08787675369592918], "aligned_model": [[-0.8092160662043455, -0.006859817466629364, 0.5205255462384302, 0.6224328408344189, -0.554888634615188, 0.16141380333914468, -0.23202272581707314, 0.4661244111481447, 0.14976912446912113, 0.014680682937562334, -0.34065708998377375, -0.11453647251680482], [-0.1560431135118891, -0.5534363500608961, -0.17196410959832648, -0.3331128526843644, 0.5669256167960568, 0.7144722701831335, 0.17317902549158884, 0.23656663081023088, -0.32120992672614174, 0.5366950057497422, -0.06652592116042771, 0.04058511476193259], [-0.22145104126091747, 0.11025186601323916, 0.4647466745629124, -0.16288319174041466, 0.3114527955619081, 0.21121614498986596, 0.7171154931561576, -0.257760758891072, -0.4723014497438601, -0.5836838716451523, -0.6550943755505226, 0.10358400440221271]], "inverted": true, "swapped": true, "error_lsq": 0.04378313205973566, "error_max": 0.2797767072182884, "target": "702.xyz", "model": "11.xyz", "model_rescale": 3.6694154284099745, "target_rescale": 4.209279203198171},
{"mapping": [13, 0, 3, 1, 14, 5, 12, 8, 4, 11, 7, 10, 2, 16], "R": [[0.5074764533427977, -0.690409401872517, -0.5155603816321115], [-0.37571333552610653, -0.7157530654454177, 0.5886739664817314], [-0.7754399646719676, -0.10503526603727299, -0.6226238463775835]], "T": [0.10568129549826497, 0.00274485756397249, -0.07570907128229291], "aligned_model": [[-0.11035863431274812, 0.06979446243237289, -0.21060590830868622, 0.7973985585302156, 0.586618816266185, -0.4702319823873866, 0.09008877516169359, -0.25529341284971374, 0.3155614074260679, 0.22133822482676546, -0.45516681602260567, 0.466337163821292, -0.5333438135408716, 0.08612800921322936], [-0.5370628799686709, 0.41682815032189957, 0.7003615734208166, 0.4594171126542643, -0.0850856526106887, -0.5212298430498554, -0.49372008464946326, -0.31742906498563006, 0.5830048747790603, 0.3331458505066084, 0.19575016491856567, -0.1956527454861023, 0.14487958222825573, 0.047780250057193885], [-0.5324243716358167, -0.7238537131123769, -0.1026524464225582, -0.3317059597748739, -0.5750020663646407, -0.1222794025708127, 0.17980115410123687, 0.50232211713723, 0.14199726414262154, 0.6389199407769439, 0.3517924127729519, 0.5074372613419317, -0.2081085957665028, -0.08714813497291857]], "inverted": false, "swapped": true, "error_lsq": 0.04401026312507044, "error_max": 0.22934309338507433, "target": "702.xyz", "model": "12.xyz", "model_rescale": 3.9764082729961374, "target_rescale": 4.209279203198171},
{"mapping": [9, 12, 15, 0, 1, 6, 4, 14, 13, 10, 5, 2, 8, 7, 3, 16], "R": [[-0.767634248584844, -0.5762426063226304, -0.28050333163455365], [0.2924098178389778, -0.7043783106943735, 0.6467980317337994], [-0.5702930464515223, 0.41448239296964484, 0.7092039107951951]], "T": [-0.06855737734200659, 0.03660919660141649, 0.055899302921429986], "aligned_model": [[-0.05030252554780573, -0.12473121442510098, -0.6054278413174408, -0.3904441285286898, 0.06927585228641828, 0.45719065532625935, 0.45518781306778866, -0.45670102689636993, -0.770052579360853, 0.3645611471491568, -0.4760002434630911, -0.2000685489273648, 0.1847340382501992, 0.30409557117550634, 0.23444286871925826, -0.05691952369847715], [-0.10596007141826602, -0.4948030885064669, -0.17355144633731912, 0.7067619867394389, 0.7411242485510554, 0.16000793851309003, 0.4286343375972251, 0.39075627075573527, -0.19315573251778434, -0.3324386908120456, -0.517116191348657, 0.027817363552905323, -0.6413621998578678, -0.22021570317699524, 0.49698721263132506, 0.07197788297787004], [-0.6177111559221146, -0.10673994227098525, -0.5367196957011562, 0.2562202257989482, -0.4311502529249379, -0.5152086813274438, 0.043462993370348924, -0.4047881719645184, 0.09793582562794109, -0.3750367828769084, 0.4243730358675461, 0.7106607246938269, 0.263582667454408, 0.6301204472099503, 0.588511315780731, 0.08988439003706222]], "inverted": false, "swapped": true, "error_lsq": 0.043904251289030694, "error_max": 0.25045764307187424, "target": "702.xyz", "model": "13.xyz", "model_rescale": 4.170626492500431, "target_rescale": 4.209279203198171},
{"mapping": [4, 1, 3, 0, 7, 5, 2, 6, 10, 14, 9, 13, 12, 16], "R": [[-0.3776657868585909, -0.3976495767798227, -0.8362077298873226], [-0.5181286774236261, 0.8392216887619993, -0.16507462174029713], [0.7674055167039949, 0.37092016822799767, -0.52297896873009]], "T": [-0.026405546901853087, 0.08037966588038056, 0.08569349540622687], "aligned_model": [[0.229523221445116, 0.08016945938557982, -0.2578828266977218, -0.6264104097397326, 0.03825817850226753, -0.3278086146228961, -0.47744552912469307, 0.6338137666239126, 0.6707603659757583, -0.20045852054704438, 0.405692951561389, -0.4925763645563978, 0.21674739843937857, -0.04920005455327228], [-0.2798716033680291, -0.7798044976412268, -0.04236360348185887, -0.3706984108030714, 0.5859741752633622, 0.7607462243387629, 0.43762209085072235, -0.34578256409458286, 0.14993483814755404, -0.4475202430289842, -0.15373505162755477, 0.3254149640573428, 0.4483963432929302, 0.06776180602029959], [-0.3968693357181148, 0.0498926528880024, -0.6345738034234727, -0.08567467015625355, -0.43847438460135946, 0.3194710032732373, -0.25346102433255957, 0.06840810206153045, 0.222132776543828, 0.5091741217363895, 0.5682818010385722, 0.6046318171406009, 0.4283980491126086, 0.04253599555785748]], "inverted": false, "swapped": true, "error_lsq": 0.04288730527790361, "error_max": 0.2726630406260508, "target": "702.xyz", "model": "14.xyz", "model_rescale": 3.9786697098870705, "target_rescale": 4.209279203198171},
{"mapping": [0, 2, 14, 1, 13, 15, 7, 8, 9, 4, 5, 16], "R": [[-0.5988164027191797, 0.579977774812373, 0.5523085157393012], [-0.3762749281654833, -0.812507124987328, 0.44525200760792427], [0.7069908728325437, 0.05880435841427972, 0.704773689323717]], "T": [0.02995262239317761, -0.05796929995355688, 0.049645991390824123], "aligned_model": [[-0.022843964741136622, -0.6133818070542869, 0.5472147511921229, 0.6676964004404747, -0.08365683669686536, 0.5435260569521844, -0.5762682863108791, -0.3182709025801967, 0.6540348680163941, 0.14624135060658316, -0.4661521131111083, 0.005215080054050608], [-0.39606788475480803, -0.09499475587123077, 0.010872805006101167, -0.5793909864394591, 0.5497282858151536, 0.5538164293634164, -0.21201644677387196, 0.25037161198272045, 0.16786223855367194, -0.6807725331349469, 0.5437073056786369, -0.09844157920094485], [-0.6400975712497811, -0.12595278856823688, -0.4151219582715241, -0.22230809643965163, -0.35587964948286543, -0.16379069050200848, 0.4282286879573114, 0.6417611780013485, 0.23385172684563602, 0.2131711022293201, 0.03352954234604254, 0.03257501100823908]], "inverted": true, "swapped": true, "error_lsq": 0.046814040420714575, "error_max": 0.2623453466686083, "target": "702.xyz", "model": "15.xyz", "model_rescale": 3.769337070930944, "target_rescale": 4.209279203198171},
{"mapping": [4, 10, 0, 14, 3, 7, 2, 8, 13, 15, 16], "R": [[-0.6255954429431131, 0.618201638569017, 0.47587506326702234], [0.6194526356030152, 0.02281856692090234, 0.7847023290701732], [0.47424547864295796, 0.7856882632916561, -0.39722182582588916]], "T": [-0.0674029529354073, 0.0181956330885137, -0.009790885570123791], "aligned_model": [[-0.20595043811279581, -0.3664975838357496, -0.08208145592579016, -0.6115943990035775, 0.29298304868075065, 0.5546225134514571, 0.5589257043334296, 0.3381624770550963, 0.05057111388919984, -0.5603193254433985, -0.046195524397451566], [-0.09198832895174955, -0.6286719689096585, 0.7396973760513119, 0.4335134604218687, 0.22637741737213235, -0.29653453127975893, 0.2447631384711425, -0.5731629135290682, 0.3697972018638011, 0.13130875358372857, 0.04096489253159153], [-0.6397206326892432, 0.030191820149433463, -0.2782384434159719, 0.1304780157001559, -0.6533861757412571, -0.23021868448833827, -0.0594354483139445, 0.21987384152646886, 0.6298285065229304, 0.6442989707519688, -0.04945416277842525]], "inverted": false, "swapped": true, "error_lsq": 0.0430917483076761, "error_max": 0.2101660981611248, "target": "702.xyz", "model": "16.xyz", "model_rescale": 3.7852294659196426, "target_rescale": 4.209279203198171},
{"mapping": [2, 11, 10, 8, 3, 4, 1, 6, 12, 13, 0, 9, 16], "R": [[0.515002686291331, 0.644100763116427, -0.56560272282367], [0.8501689163637589, -0.29953847357013996, 0.4330005964200773], [0.10947623834232273, -0.7038543242774794, -0.7018575663439898]], "T": [0.06575026906659784, 0.11547332057298024, -0.11114130838995505], "aligned_model": [[-0.12857838140660768, -0.330062964066558, 0.23373218888977523, 0.2764452891075556, -0.6542696706486197, -0.5095184090247904, -0.28091113370029375, -0.09200948673115947, 0.5249593458052954, 0.6278568187284661, -0.2725891682096505, 0.4382351627589607, 0.02047625871390952], [-0.009610596719277525, -0.42831087085972197, -0.28789553884510477, -0.6010378103014214, 0.1129438208105232, 0.09417238156382907, 0.7007120265356674, 0.06294850854261047, -0.1946960119560768, 0.3547646541125051, 0.7442776083078366, 0.20241404484452277, 0.12437340766698242], [-0.7377794761244167, 0.31414283655375064, 0.45327834698112357, -0.20681546057548317, -0.37381508142849806, 0.19992076813134269, 0.4272621243056015, 0.6570745314653255, -0.04094123850216218, -0.5275910591042205, -0.3991966985003399, 0.46166459284992867, -0.131449488908778]], "inverted": false, "swapped": true, "error_lsq": 0.042120869933301476, "error_max": 0.25072122621077386, "target": "702.xyz", "model": "17.xyz", "model_rescale": 3.901054581598922, "target_rescale": 4.209279203198171},
{"mapping": [7, 2, 11, 8, 0, 6, 13, 5, 4, 9, 14, 15, 12, 10, 16], "R": [[-0.27149433769837383, -0.9512081838814841, 0.14660769254923312], [0.3173289259703672, 0.055340576724604906, 0.9466994102196757], [-0.908621580934668, 0.30354639099267383, 0.28682121813964223]], "T": [-0.007160647810872389, -0.0734809808130448, -0.017208634798723567], "aligned_model": [[-0.019940535215708995, 0.18163962453145754, -0.5022181963084815, 0.3044775809325122, -0.2091003724594146, -0.5452283552012307, 0.6578827662842006, 0.7137895204002687, -0.6522512938970311, -0.013739030880090042, -0.034629395128423085, 0.44070470670303125, 0.37525245563428916, -0.1224267392224771, -0.03512652508386802], [0.004428593619222765, -0.47491149470257976, 0.4383420911292145, 0.40855889432921755, -0.7968822865357038, 0.4219566842951482, -0.32154043994124937, -0.11423044346156694, -0.04487310794284294, 0.37717707075299256, -0.2828858378144111, 0.08028135786479665, 0.3336122716946085, 0.6279156648385373, -0.10819166829827795], [-0.7440689683035228, -0.5165011379502962, -0.37244254790256126, -0.5045004454131763, 0.1523649874112707, 0.27058857729439845, 0.18976545163641473, -0.3121064519063672, -0.12297746474125124, 0.503631390061122, 0.6489022164289668, 0.6605586083522818, -0.010778791164611813, 0.04798632776998562, -0.040755346720677356]], "inverted": true, "swapped": true, "error_lsq": 0.04036419532826367, "error_max": 0.24549226683832284, "target": "702.xyz", "model": "18.xyz", "model_rescale": 3.9405287249114394, "target_rescale": 4.209279203198171},
{"mapping": [10, 9, 1, 15, 8, 4, 6, 7, 11, 3, 14, 0, 12, 2, 13, 16], "R": [[-0.6664667107981979, 0.5399746055587903, -0.5140520875839921], [0.6187302988818909, 0.01593619225931575, -0.7854418215385531], [-0.4159266048756167, -0.841530429115848, -0.3447195907237353]], "T": [0.08264034725728649, 0.04487594250799066, 0.028646966974298124], "aligned_model": [[-0.2984868620186164, 0.10814748483561999, 0.7911993476081638, 0.218728748841991, -0.6697627027010515, 0.26096067531812595, 0.15013730634190825, -0.41633925554016743, -0.2783488569634113, 0.2686402088787861, 0.648128243491725, 0.7539419630087474, -0.34144779000837544, -0.036716002747203366, 0.10578182792547741, 0.10260076169966725], [-0.3549761070729157, -0.6070087747952696, -0.12035316387377265, -0.7031723817414107, 0.06992406199614759, 0.3044498917358421, -0.2905475537275369, 0.5749886993302559, 0.19092973217046105, 0.7616749284448939, -0.3538432232447714, 0.3676320843393581, -0.29664431465989866, 0.5986457472554548, -0.1799582767314875, 0.09061077955228589], [-0.4234086693144723, -0.19227380466140692, -0.44379373077473994, 0.353452016195889, 0.04266044822953183, -0.5449126401529455, -0.6789813335622277, -0.03887334685345188, -0.6653206484641147, -0.16892805228539504, 0.1263969460638432, 0.22365191168443288, 0.15322307458526296, 0.3824520956610912, 0.7326132702028875, 0.021486220120693122]], "inverted": true, "swapped": true, "error_lsq": 0.0414080924394463, "error_max": 0.23601917426716115, "target": "702.xyz", "model": "19.xyz", "model_rescale": 4.410303926677745, "target_rescale": 4.209279203198171},
{"mapping": [9, 1, 14, 10, 13, 11, 12, 0, 3, 2, 7, 5, 0, 16], "R": [[0.5529549690787013, -0.19511478333383175, 0.8100438404776402], [0.42679955625808613, 0.9012930448545354, -0.07424948535001108], [-0.7155997072030378, 0.38678297354127755, 0.58164937069466]], "T": [-0.037080800232004454, -0.003321168159950696, 0.04837686743337875], "aligned_model": [[-0.28435104721278853, 0.3816239944666383, 0.3815850403597225, -0.6512119214025729, 0.15958681477136888, -0.5544955233789848, -0.4731658438862607, 0.723783867173227, 0.27339119689170127, 0.14332406042615636, -0.347051898474073, -0.2074271333170391, 0.723783867173227, -0.008187584129449609], [0.008949361503271061, -0.5481180494812933, 0.08399923340458387, -0.18859319430554505, 0.7077120767852967, -0.5975048163110572, 0.3270492371619695, -0.09585910967562788, -0.4692906931648132, 0.16098627179047856, -0.12335670424559776, 0.6708740491275786, -0.09585910967562788, -0.030040086732413818], [-0.5943650287589831, -0.4811884075445554, -0.504255608748095, -0.26469046053717343, -0.0006953664813844976, 0.16001809125555874, -0.06427867304943274, 0.12162986830134523, 0.5717430525921244, 0.6701020120506467, 0.6995823342902242, 0.4017001217993668, 0.12162986830134523, 0.07988323525403376]], "inverted": false, "swapped": true, "error_lsq": 0.05016242741131035, "error_max": 0.4498455983234962, "target": "702.xyz", "model": "20.xyz", "model_rescale": 4.121658175737393, "target_rescale": 4.209279203198171},
{"mapping": [10, 9, 1, 11, 4, 12, 14, 7, 13, 2, 0, 3, 16], "R": [[0.7104145826467902, 0.6923579620445256, -0.12629953743517075], [-0.6475755556336428, 0.5727889809744291, -0.5025521694511463], [-0.2756030125172175, 0.4388088828497279, 0.8552717368319898]], "T": [-0.024937263996468645, -0.08472425369911313, 0.003428293610503272], "aligned_model": [[0.14572639844491098, -0.19984477076522347, 0.2539342578342061, 0.6470567211147014, 0.5902712228721368, -0.30196006422918464, -0.3453446333048381, 0.34017276804804253, -0.7368695719611909, -0.011619905796763627, -0.033522788812491294, 0.5275921410418476, 0.005491130178141217], [-0.44899695734416717, -0.052597191433689516, 0.6413858358848448, -0.41759930130525386, 0.11690045618571338, -0.5144787933467383, 0.4751985275304175, -0.5789652541347989, -0.09007715660655016, -0.21617936227895307, 0.5793875986673207, 0.11120019060696515, -0.06435168826192698], [0.5930665057424443, 0.668849590239367, 0.38755267396115, 0.2696129155772062, 0.09836717655172456, 0.22831814357368252, 0.272006381121963, -0.39277830618535203, -0.1960165500339382, -0.651267976747256, -0.38609198977901676, -0.49028973491409567, -0.031219089626090386]], "inverted": true, "swapped": true, "error_lsq": 0.04916455335733822, "error_max": 0.25521259571815913, "target": "702.xyz", "model": "21.xyz", "model_rescale": 4.08911054899281, "target_rescale": 4.209279203198171},
{"mapping": [1, 0, 11, 8, 6, 15, 7, 5, 9, 13, 12, 10, 14, 15, 4, 3, 16], "R": [[0.11314311070181879, -0.9558638495304521, 0.27115113435414717], [-0.007979607282492085, 0.27202054754620175, 0.962258358020486], [-0.9935466583751025, -0.11103658349161061, 0.023149832789405106]], "T": [-0.002205763388668453, -0.041727316242627585, -0.031313799393363456], "aligned_model": [[0.2800425941987169, 0.36112578331388473, -0.29260082672712984, -0.3226472670364503, -0.2884945797140755, 0.18329906251669614, -0.11146794809493878, -0.6936718819306947, -0.5084925066525526, 0.31250326111033105, -0.1361054142664014, -0.6677017573801107, 0.11635861352632479, 0.18329906251669614, 0.6616685145062932, 0.6206796554197879, 0.02801347630148624], [-0.03586149263630509, -0.6974854566819167, 0.36734774216769206, -0.20058978080730627, -0.6911336424570617, 0.6250894256088836, -0.6349696756145886, 0.06146183382592027, 0.33214445553824434, -0.2915248244266908, -0.00901613890208916, -0.3297791070841256, 0.43368585498716095, 0.6250894256088836, -0.2377401958581794, 0.19455657860624237, -0.0760772008340703], [0.7105081725235393, 0.16375246267573487, 0.5468049894672752, 0.5626912327001852, 0.1964454280180369, 0.197706746074786, -0.40803845487722656, 0.06332055042065758, -0.3651419639079828, -0.5559940837877352, -0.7565519453881131, -0.38525822580700897, -0.4457379674809143, 0.197706746074786, -0.1158246273506213, -0.5885054175691391, -0.0444489968990552]], "inverted": false, "swapped": false, "error_lsq": 0.040895913228581715, "error_max": 0.3384927181455038, "target": "702.xyz", "model": "22.xyz", "model_rescale": 4.204369325754507, "target_rescale": 4.209279203198171},
{"mapping": [10, 9, 1, 15, 8, 4, 6, 7, 11, 3, 14, 0, 12, 2, 13, 16], "R": [[-0.6664667107981979, 0.5399746055587903, -0.5140520875839921], [0.6187302988818909, 0.01593619225931575, -0.7854418215385531], [-0.4159266048756167, -0.841530429115848, -0.3447195907237353]], "T": [0.08264034725728649, 0.04487594250799066, 0.028646966974298124], "aligned_model": [[-0.2984868620186164, 0.10814748483561999, 0.7911993476081638, 0.218728748841991, -0.6697627027010515, 0.26096067531812595, 0.15013730634190825, -0.41633925554016743, -0.2783488569634113, 0.2686402088787861, 0.648128243491725, 0.7539419630087474, -0.34144779000837544, -0.036716002747203366, 0.10578182792547741, 0.10260076169966725], [-0.3549761070729157, -0.6070087747952696, -0.12035316387377265, -0.7031723817414107, 0.06992406199614759, 0.3044498917358421, -0.2905475537275369, 0.5749886993302559, 0.19092973217046105, 0.7616749284448939, -0.3538432232447714, 0.3676320843393581, -0.29664431465989866, 0.5986457472554548, -0.1799582767314875, 0.09061077955228589], [-0.4234086693144723, -0.19227380466140692, -0.44379373077473994, 0.353452016195889, 0.04266044822953183, -0.5449126401529455, -0.6789813335622277, -0.03887334685345188, -0.6653206484641147, -0.16892805228539504, 0.1263969460638432, 0.22365191168443288, 0.15322307458526296, 0.3824520956610912, 0.7326132702028875, 0.021486220120693122]], "inverted": true, "swapped": true, "error_lsq": 0.0414080924394463, "error_max": 0.23601917426716115, "target": "702.xyz", "model": "23.xyz", "model_rescale": 4.410303926677745, "target_rescale": 4.209279203198171},
{"mapping": [1, 11, 0, 7, 13, 2, 14, 12, 5, 9, 15, 6, 4, 3, 10, 8, 16], "R": [[0.6692295101450222, -0.7409216586759559, 0.05627573594297869], [-0.6681736653269299, -0.6331923635973865, -0.3906550699089046], [0.32507816862199423, 0.22383593631681512, -0.9188153557154696]], "T": [-0.007792122856726317, -0.1270379914455828, -0.06766080068386321], "aligned_model": [[0.42293334217859263, 0.3229599805521374, -0.3021388322438489, -0.1812716221768471, -0.5583361355932661, -0.09987579033159538, -0.137328087320452, -0.7467626142032192, -0.36486785177923714, 0.37575176352268097, -0.1231284545280496, -0.6696501579257617, 0.2161058795813516, 0.38293950690436845, 0.6373355926741602, 0.5094856530351923, 0.04165566926165637], [-0.08098957312134375, -0.6387030087856087, 0.34540335105873976, -0.3363996547934634, -0.5461128696557179, 0.7643150019422179, -0.7165629035029317, 0.11374116377355994, 0.2979710456242145, -0.3963946026380466, -0.2318375196090397, -0.2876902016136731, 0.48412601066020877, 0.5809137229778765, -0.047974538844403294, 0.17613699305963992, -0.044744615491534995], [0.6730756345684343, 0.10416307056750304, 0.4427752909592078, 0.5389720816413095, 0.05669417638680345, 0.10526805908617315, -0.373978939207952, 0.13758014580288552, -0.3634077797916703, -0.48330618662754976, -0.7641008773078815, -0.4053483760289752, -0.29178714903545877, 0.3265271597908126, -0.10430977600781, -0.6299910404834153, 0.004609150574787946]], "inverted": false, "swapped": false, "error_lsq": 0.04785429737469881, "error_max": 0.3153690862745389, "target": "702.xyz", "model": "24.xyz", "model_rescale": 4.28219845311461, "target_rescale": 4.209279203198171},
{"mapping": [9, 12, 1, 8, 10, 5, 14, 11, 13, 7, 0, 2, 3, 4, 0, 16], "R": [[-0.7020528085762734, -0.6918723440900245, -0.16862536420580845], [0.6556592771530805, -0.7204112639250284, 0.22609405806664518], [-0.27790783769672056, 0.04816918406323997, 0.9593992721768219]], "T": [-0.09779711419342253, 0.022607191465747134, -0.049511131010326156], "aligned_model": [[-0.1004502115396663, -0.24407700773226026, 0.1627409814061706, 0.03314891936307744, 0.26752198803070487, -0.5970814311847511, -0.41606338456130765, 0.6602746494670829, -0.8287016596749, 0.22136840874453179, -0.3000966450679384, -0.23276146350966542, 0.27708217589121026, 0.4859320460624672, -0.3000966450679384, -0.08041995450580691], [0.2443140630174134, -0.33483456553870905, 0.8467613665500999, -0.6953168201948985, -0.13433259399847325, -0.5724670096246538, 0.6167937337483687, -0.17177483488984308, -0.0868228309670428, -0.5451032431033296, 0.5353529431408819, -0.30023744466094937, 0.0930903440512354, 0.28099777515978264, 0.5353529431408819, 0.03333754988346832], [-0.7016225557241946, -0.45305000634802217, -0.12331169940865176, -0.2349090417598772, -0.6423060085131068, 0.021173041813529733, -0.23378681159399678, -0.1936596491660254, -0.07091500763916163, 0.2827499157317455, 0.48808631021205046, 0.5193833841323156, 0.6152672275920811, 0.09416200903553014, 0.48808631021205046, -0.003421397998519697]], "inverted": false, "swapped": true, "error_lsq": 0.047577835290031456, "error_max": 0.41061391547702863, "target": "702.xyz", "model": "25.xyz", "model_rescale": 4.100010024507729, "target_rescale": 4.209279203198171},
{"mapping": [11, 12, 13, 15, 3, 0, 2, 14, 9, 1, 6, 16], "R": [[-0.9461841530418963, -0.32337462477373946, -0.012821879145930498], [-0.171027886291861, 0.5332715360662117, -0.8284750635547949], [0.2747453559988374, -0.7816970774373065, -0.5598791552496358]], "T": [-0.09242156856149136, -0.0019070381369082831, 0.08787675369592918], "aligned_model": [[-0.8092160662043455, -0.006859817466629364, 0.5205255462384302, 0.6224328408344189, -0.554888634615188, 0.16141380333914468, -0.23202272581707314, 0.4661244111481447, 0.14976912446912113, 0.014680682937562334, -0.34065708998377375, -0.11453647251680482], [-0.1560431135118891, -0.5534363500608961, -0.17196410959832648, -0.3331128526843644, 0.5669256167960568, 0.7144722701831335, 0.17317902549158884, 0.23656663081023088, -0.32120992672614174, 0.5366950057497422, -0.06652592116042771, 0.04058511476193259], [-0.22145104126091747, 0.11025186601323916, 0.4647466745629124, -0.16288319174041466, 0.3114527955619081, 0.21121614498986596, 0.7171154931561576, -0.257760758891072, -0.4723014497438601, -0.5836838716451523, -0.6550943755505226, 0.10358400440221271]], "inverted": true, "swapped": true, "error_lsq": 0.04378313205973566, "error_max": 0.2797767072182884, "target": "702.xyz", "model": "26.xyz", "model_rescale": 3.6694154284099745, "target_rescale": 4.209279203198171},
