[{"mapping": [4, 1, 3, 6, 9, 0, 5, 7, 10, 8, 11], "R": [[-0.07020159294811573, 0.5925444275161522, 0.8024729514239732], [-0.2411058218303554, -0.7906850003779468, 0.5627479123522675], [0.9679564654606405, -0.1539751005743522, 0.19837325771399267]], "T": [-0.06727481117907383, -0.12443399781177755, 0.020562109603492883], "aligned_model": [[-0.3642332040553994, -0.5066191010069075, 0.3095114708812806, 0.2002836836683389, 0.5111484902592457, -0.6150317508387356, -0.3551549741467789, 0.15829696821373804, 0.35570001421185893, -0.02653063865547587, -0.11908459187348028], [-0.8081608157631524, 0.3426766520385506, -0.6518551038038298, 0.27167569764003585, -0.1958709413673318, -0.08383153029017426, 0.4646826641268702, 0.793014865845176, 0.07752438470350792, -0.40694339594202, -0.09819758166964618], [-0.29037489053951665, 0.32166806323283503, -0.21158351148848636, 0.5652308607348712, 0.19284000103649263, -0.264227582427908, -0.48811549254334946, -0.04274874872379423, -0.4714403850875242, 0.5876880595164425, -0.017643295518253437]], "inverted": false, "swapped": false, "error_lsq": 0.05733362952447416, "error_max": 0.39441264485847427, "target": "704.xyz", "model": "0.xyz", "model_rescale": 3.751011558992144, "target_rescale": 3.7149000520166653},
{"mapping": [2, 8, 13, 10, 9, 0, 1, 6, 12, 5, 14], "R": [[-0.5392021028015845, -0.4560507735487659, -0.7080104407986662], [-0.508431441360426, 0.8464768159760359, -0.1580331277018593], [0.6713855537398085, 0.27476297414434253, -0.6882926312760047]], "T": [-0.04188565574615697, 0.05841518103743701, -0.02092570464903197], "aligned_model": [[-0.46260996688913203, -0.585246757332683, 0.2294267585033358, 0.2892461650577744, 0.48710648470379514, -0.5309508497900464, -0.5023455130489473, 0.13275888260009894, 0.5104441372295067, -0.03033457326051884, 0.01079159888450111], [-0.6476307759192688, -0.06513429020046932, -0.6114527008380021, 0.36654616568370335, -0.19514970719189575, -0.01670928273913408, 0.5213395517671486, 0.7692863081265627, -0.054325119616564346, -0.4114519823837879, 0.04939672882969379], [-0.11163547626414948, 0.3395080528978761, -0.09282002296698458, 0.6630777761029713, 0.2791772512406391, -0.5959701111226369, -0.26457154646257636, -0.1879205284221055, -0.5048642632255488, 0.39038618215649457, -0.033074235742170416]], "inverted": true, "swapped": false, "error_lsq": 0.045722271481343224, "error_max": 0.23123746804449263, "target": "704.xyz", "model": "1.xyz", "model_rescale": 3.9405287249114394, "target_rescale": 3.7149000520166653},
{"mapping": [8, 2, 3, 1, 7, 11, 5, 0, 6, 4, 12], "R": [[-0.738011684302569, -0.5037751808489118, -0.4489424473064795], [0.5326355613596049, -0.8433787412886491, 0.07079306122433535], [-0.414292303341522, -0.18687660608813494, 0.8907519416139132]], "T": [-0.0673695892664064, -0.09495680428706085, -0.04997614663855536], "aligned_model": [[-0.5214113124024615, -0.5051491106362003, 0.22033888344837554, 0.1615204195711449, 0.6916793864298771, -0.22908192244051429, -0.564768780141297, 0.08802852046863802, 0.3275100211735253, 0.0013316155948976949, -0.1217113544083008], [-0.7120200825125593, 0.3076129486575524, -0.5754806987610716, 0.28424529511371865, -0.2782297203057762, 0.0518822875299568, 0.3863745741257878, 0.7218406274356308, 0.10416729350209702, -0.5132207736380213, -0.07245685562932906], [0.06736435969666142, 0.28237353698542206, -0.16452002529013823, 0.6065613344108154, 0.08846352941047565, -0.7281366670545717, -0.2713139641233677, -0.1577878867129487, -0.36584855810857486, 0.5086213097432242, 0.015516109234811684]], "inverted": true, "swapped": false, "error_lsq": 0.04575369305136776, "error_max": 0.282941676093228, "target": "704.xyz", "model": "2.xyz", "model_rescale": 3.932901565614263, "target_rescale": 3.7149000520166653},
{"mapping": [4, 12, 0, 10, 1, 7, 9, 11, 3, 6, 13], "R": [[0.43335161539797906, 0.6969805215416258, -0.5713357419447214], [0.29570444750719604, 0.4888932557181359, 0.8206962070326542], [0.8513314613923451, -0.5245965469814728, 0.005762442076887673]], "T": [-0.012513052264026329, -0.022004970576901824, -0.0970513097859731], "aligned_model": [[-0.34971746885238225, -0.46366780410549957, 0.310414975546928, 0.1243610728984117, 0.6096232828322149, -0.48406235778135864, -0.6164321705510106, 0.42182563350546065, 0.3096661453527905, -0.2323234182939741, -0.08140152389389585], [-0.8263623109393343, 0.2938487115736498, -0.5680826043936081, 0.302824092304636, -0.249646812965012, -0.1617178660691304, 0.37517162432565737, 0.75468990387543, 0.023845057828935097, -0.24387455747882197, 0.00401965745558467], [-0.14733903170848384, 0.4319341829473645, -0.3126134489530392, 0.5265647532445998, 0.234451620908942, -0.614607206908633, -0.2286772586635592, -0.0208694457306777, -0.4904770557652963, 0.5105254755469675, -0.007599506726375382]], "inverted": false, "swapped": false, "error_lsq": 0.0551837788036972, "error_max": 0.27572320224530017, "target": "704.xyz", "model": "3.xyz", "model_rescale": 3.9243930471874484, "target_rescale": 3.7149000520166653},
{"mapping": [2, 5, 4, 9, 8, 3, 6, 11, 10, 1, 12], "R": [[-0.20663740121234328, -0.8901622354393555, -0.40609380568757564], [0.7431081836056614, 0.12720941025412247, -0.6569687918014773], [0.6364677618532643, -0.437525954133475, 0.635200619947028]], "T": [0.007377885475470705, -0.043239924397034224, 0.007830654822112287], "aligned_model": [[-0.4313828496499934, -0.6412896328119351, 0.16621010421576776, 0.4079280107243621, 0.6069763362819133, -0.37608866600422564, -0.4217229724016814, 0.15930895363338582, 0.4133566343366186, -0.23445639086842818, -0.10055316079809942], [-0.8457711630148104, 0.2359096859678343, -0.5413995553823201, 0.2502436857080116, -0.21586671879042366, -0.21169185501284918, 0.4240698210635528, 0.730922213734631, 0.1736566201407501, -0.26439268183418546, -0.03096515706220493], [-0.11319462629038132, 0.2815623583693687, -0.27319706229261376, 0.5089437753245406, 0.09160449658792702, -0.5189811914121462, -0.33714843194020705, 0.06885536948200352, -0.5262712679975105, 0.6424706635244096, 0.05664899483641828]], "inverted": true, "swapped": false, "error_lsq": 0.049329171763787774, "error_max": 0.2742190073742347, "target": "704.xyz", "model": "4.xyz", "model_rescale": 3.8936222436046832, "target_rescale": 3.7149000520166653},
{"mapping": [0, 9, 2, 5, 4, 3, 8, 7, 10, 1, 11], "R": [[0.6726303885439804, -0.7387037041303499, 0.04341886584510024], [-0.3209878269958431, -0.3441388578386254, -0.8823464520504478], [0.6667347113565192, 0.5795561094748525, -0.46859315044365746]], "T": [-0.09009785367395948, 0.07975060627756397, -0.009757024465856214], "aligned_model": [[-0.5602366480439436, -0.6881608555403641, 0.2232889343317396, 0.40057723041107207, 0.6706676971468641, -0.36066198565468255, -0.4842949723673552, 0.15854934465855083, 0.2968535047841555, -0.13305394663150674, 0.02475806356315456], [-0.6696176227069299, 0.11149446159362464, -0.559772614948334, 0.20331783725838182, -0.1320976578853111, -0.18294209140648326, 0.4837890024269666, 0.6774856085682743, 0.15650122784932502, -0.43957815766367453, 0.056134902432146416], [-0.021379433596590693, 0.14304650058993423, -0.2332681775219058, 0.6235990825803646, 0.07379349056736541, -0.44342697891299604, -0.4864376642884394, 0.015441491085123302, -0.503564059410512, 0.599801156663834, 0.11368767043563165]], "inverted": true, "swapped": false, "error_lsq": 0.0460891001050491, "error_max": 0.20127730543479141, "target": "704.xyz", "model": "5.xyz", "model_rescale": 3.6523030999806103, "target_rescale": 3.7149000520166653},
{"mapping": [10, 6, 4, 1, 3, 9, 8, 5, 7, 2, 12], "R": [[-0.7145569148841994, 0.6007282941690988, -0.35851629248314465], [0.6945199961980792, 0.6706653534289013, -0.26048024606696535], [0.08396660212367232, -0.43512469511023094, -0.8964463784482781]], "T": [-0.034128810016081194, -0.015761003070364807, -0.04300244851900289], "aligned_model": [[-0.5590103825118431, -0.5886082420149447, 0.1223524906850107, 0.10241321686149807, 0.6465497392922724, -0.3857126556164759, -0.48255103978154346, 0.1530525291307819, 0.44123791292978853, 0.040155395890356556, 0.05840740179278347], [-0.5867331239583341, -0.004685958527552658, -0.5617120074680831, 0.2475465158685068, -0.11104864374278933, -0.0650607692388223, 0.46953209726335915, 0.633182882311125, 0.07112914072755129, -0.4191143020204349, 0.031679064303460666], [-0.12763821926673888, 0.29619419791297735, 0.03813142390758784, 0.5850105221749634, 0.05817897761513361, -0.6727811459589964, -0.17381228487370476, -0.13097124916961614, -0.52600828836327, 0.5957460209023048, -0.06075687668883177]], "inverted": true, "swapped": false, "error_lsq": 0.04703385618520442, "error_max": 0.31294445473096116, "target": "704.xyz", "model": "6.xyz", "model_rescale": 4.08911054899281, "target_rescale": 3.7149000520166653},
{"mapping": [12, 8, 13, 9, 1, 5, 4, 3, 6, 11, 14], "R": [[-0.6282881403105771, 0.7343547144236294, 0.25686020740641496], [0.6716012993652013, 0.34531147163895515, 0.6555239753399661], [0.39269034548362663, 0.5843655884447073, -0.7101486827458185]], "T": [-0.018904466297857685, -0.0730078192033386, -0.0885784040552704], "aligned_model": [[-0.3535670563690526, -0.40183395760223295, 0.2511323721463968, 0.195225953722797, 0.6142110797365563, -0.5938153385153523, -0.43418102559964267, 0.13031272429543445, 0.2219306662085495, -0.11401335430677734, 0.03288430294100823], [-0.7008584710140469, 0.3492443414543673, -0.7504921602091903, 0.2512089179930251, -0.19449732825798488, -0.14036639895533592, 0.43599366755630625, 0.7041917887788294, 0.21373810417046046, -0.41218011077705047, -0.05126745522139361], [-0.13108049622618761, 0.2858773220249368, -0.15174165228176592, 0.5922952835339275, 0.26120876468395327, -0.5839989731914759, -0.344141225046895, -0.0764773442015605, -0.4186059496217035, 0.38093998643385674, 0.06701736208472317]], "inverted": true, "swapped": false, "error_lsq": 0.04796581239263835, "error_max": 0.2651654438928501, "target": "704.xyz", "model": "7.xyz", "model_rescale": 3.964800864290218, "target_rescale": 3.7149000520166653},
{"mapping": [1, 8, 0, 10, 3, 2, 12, 11, 6, 5, 13], "R": [[0.9072179389084195, -0.39155944899865774, 0.15374267209407733], [-0.14718822438443876, -0.6378493751564428, -0.7559654762058197], [0.39407009265524773, 0.6631963302917192, -0.636301335502513]], "T": [-0.07191987414925552, -0.01038648762322501, -0.1006615578696477], "aligned_model": [[-0.50191447034202, -0.5932844995004263, 0.21231573469232637, 0.1989999756855617, 0.5314837724445338, -0.23435605855942063, -0.5759142450860855, 0.1958034826698544, 0.4444339085671897, -0.024802351932656667, -0.10447888198117239], [-0.6240585208082244, 0.053734737442334216, -0.6056315776011644, 0.3145541648538993, -0.37339588453541217, -0.2353443991771351, 0.5240943494166169, 0.7701041620306315, 0.13651202685778283, -0.26213599536366056, 0.006281832402317916], [-0.06027376139589613, 0.4606983777650626, -0.38004082346814105, 0.6037176158290447, 0.0728057668147851, -0.7020076743264367, -0.27671509004025896, -0.17998289491138375, -0.3204464997929513, 0.6952485170891992, -0.03171045537121442]], "inverted": true, "swapped": false, "error_lsq": 0.047016126918603726, "error_max": 0.25393399576643155, "target": "704.xyz", "model": "8.xyz", "model_rescale": 4.121658175737393, "target_rescale": 3.7149000520166653},
{"mapping": [3, 5, 2, 4, 1, 11, 7, 9, 6, 0, 12], "R": [[0.0877841050689745, -0.7803048885572319, -0.6192077452607687], [-0.19102674738225606, -0.6232573405487886, 0.7583264925061021], [-0.9776516417834089, 0.05171622903632267, -0.20377119269530625]], "T": [-0.12384765156744722, -0.03618564417879595, -0.10407809655537867], "aligned_model": [[-0.4301617861194332, -0.45673423855421874, 0.20451626665287498, 0.31765947312536985, 0.46055675773610255, -0.5804380671568177, -0.44109296412885546, 0.12999512752785747, 0.448335021145803, -0.0554578488659218, -0.04889137470507615], [-0.7606565802410521, 0.2413882269076384, -0.635838849054643, 0.28817897396408354, -0.24506184841980005, -0.18660160057181624, 0.4457157319018536, 0.7541054627560446, 0.24750273714342214, -0.3860046911664383, -0.05801266770130654], [-0.16730392391072754, 0.33621404801475385, -0.22630584279987395, 0.5944825458094984, 0.19554488888126978, -0.5187253044415562, -0.45384571327052836, -0.03931987826747407, -0.37298317542796966, 0.5971876964028848, -0.06365226279846814]], "inverted": false, "swapped": false, "error_lsq": 0.039166083212628426, "error_max": 0.19219624152661322, "target": "704.xyz", "model": "9.xyz", "model_rescale": 3.833441315466971, "target_rescale": 3.7149000520166653},
{"mapping": [10, 7, 0, 6, 1, 2, 3, 4, 5, 12, 14], "R": [[-0.2597087009811718, -0.8052361197861722, -0.5330536389767749], [-0.6905099073741814, 0.5407355638556328, -0.4804176493425597], [0.6750907038708, 0.24331017523613893, -0.6964572493511627]], "T": [-0.14727119504569874, -0.10990748039340281, 0.017469629959292465], "aligned_model": [[-0.3783679469399843, -0.6781782628636205, 0.2830797832486533, 0.2274224794724834, 0.5597169772518675, -0.30869773499900455, -0.47146690740973374, 0.1850230092306403, 0.3068819633724498, 0.035344348901819145, -0.21247134260788553], [-0.8981753342219352, 0.20600439210588894, -0.6025832245525667, 0.2612031453810059, -0.2524002181443198, 0.06943580843623012, 0.6465342395122683, 0.613455044729364, 0.03991916394761558, -0.32294250074547315, -0.05573562093009185], [0.04881010545569636, 0.26697183623567794, -0.17198117711730632, 0.44538448335691044, 0.17707062254210928, -0.6596032700139005, -0.2600459808062254, -0.029856886314443665, -0.4607898046693836, 0.5506559956168531, -0.02532284609417844]], "inverted": false, "swapped": false, "error_lsq": 0.04945566625570705, "error_max": 0.24472539548084976, "target": "704.xyz", "model": "10.xyz", "model_rescale": 4.2482417240324, "target_rescale": 3.7149000520166653},
{"mapping": [3, 10, 2, 0, 6, 7, 9, 4, 5, 1, 11], "R": [[-0.2780529130475709, 0.15588677894908565, 0.9478322054533912], [-0.6875486122268326, 0.6567752804817424, -0.3097146053596532], [-0.6707931748092828, -0.7377977657170074, -0.075438541424629]], "T": [-0.06761067493608162, -0.09856161660324711, 0.041356117480774626], "aligned_model": [[-0.498659958575086, -0.4427320585725402, 0.3004832418369853, 0.06104162066454523, 0.5754754476806818, -0.3997669928033504, -0.5212846793175988, 0.334214741147032, 0.26249354058458896, -0.04807792153229837, -0.07490061445527495], [-0.7640863314238594, 0.35901125772328035, -0.7156686367112669, 0.18109786716493928, -0.01545200684975706, -0.1846254035795959, 0.4856165959660108, 0.6669135781129863, 0.1901209787572881, -0.5124168720183375, 0.014203868376297904], [-0.12994769301096382, 0.29613715043597993, -0.1359658511320861, 0.7335111838561158, 0.045250961166495324, -0.5424430361392863, -0.3222736610670396, -0.09437759791824916, -0.5684633118201606, 0.6136225352164122, -0.01375760139540829]], "inverted": false, "swapped": false, "error_lsq": 0.048487371231189604, "error_max": 0.24664938076548892, "target": "704.xyz", "model": "11.xyz", "model_rescale": 3.6694154284099745, "target_rescale": 3.7149000520166653},
{"mapping": [0, 6, 1, 10, 2, 4, 11, 9, 8, 12, 13], "R": [[0.18355414113566323, -0.9811704369219475, -0.06010366862633454], [-0.22858990529630147, 0.01686240208488518, -0.9733767588105626], [0.9560619919589826, 0.19240642688414256, -0.22119049352334327]], "T": [-0.12077176672609923, 0.003145449924200256, 0.09818176627730807], "aligned_model": [[-0.5391949007245334, -0.6760139447962193, 0.18927508954729416, 0.33015395019448857, 0.4898374892313605, -0.35431191203936935, -0.34470208748532877, 0.11889863565447568, 0.3812759820554348, 0.11642585586703395, -0.16335779084695257], [-0.5752253953906906, 0.10259957186780393, -0.7329940599777844, 0.2251430045503908, -0.20084674668977406, -0.24627941163789868, 0.522434123636095, 0.769461305497251, 0.3342930341221638, -0.3876969335976414, -0.10617359686192897], [0.06431274429370729, 0.05731815441974064, -0.18189512134074187, 0.4866555374229132, -0.010708516356176243, -0.5582669283760342, -0.37639502804188796, 0.09609020940125593, -0.36104278308208376, 0.600922275233589, 0.06430253461752736]], "inverted": true, "swapped": false, "error_lsq": 0.05812495704818703, "error_max": 0.2664295665211356, "target": "704.xyz", "model": "12.xyz", "model_rescale": 3.9764082729961374, "target_rescale": 3.7149000520166653},
{"mapping": [10, 9, 11, 6, 14, 2, 0, 4, 3, 13, 15], "R": [[0.018341807015953393, -0.8351265187520118, -0.5497520129954374], [-0.30603739211324843, -0.5281429654876785, 0.7920897188036233], [-0.9518427878299609, 0.15371631560451543, -0.2652670382332898]], "T": [-0.1622419743158373, -0.004520741641012963, 0.038637915989260224], "aligned_model": [[-0.36750223734238524, -0.7031665788359281, 0.27338418699541994, 0.3258325257130353, 0.5907437028351822, -0.5615051340528192, -0.5236100379186, 0.06297839346016232, 0.47846351408709353, 0.048327340008350816, -0.0756593082918265], [-0.7716613484198162, 0.2271515978178582, -0.6545690390765355, 0.2465289042702083, -0.21603120677791177, 0.027834559141402256, 0.5553544542526642, 0.6769759801263536, -0.10399084422276916, -0.3323163531229323, 0.049438191529464284], [-0.08590289182724488, 0.16203818289358662, -0.09631302817863976, 0.5700663339428435, 0.20320988419181532, -0.6511458020660735, -0.24956482711577607, 0.012147805789337579, -0.49806090377499856, 0.510539544663219, 0.004278779673740199]], "inverted": true, "swapped": false, "error_lsq": 0.04667452591996275, "error_max": 0.256687811784437, "target": "704.xyz", "model": "13.xyz", "model_rescale": 4.170626492500431, "target_rescale": 3.7149000520166653},
{"mapping": [5, 10, 6, 0, 2, 11, 9, 1, 3, 4, 13], "R": [[0.3370235140425056, 0.28173929197844233, 0.8983530054148686], [-0.30343963531753887, 0.9357647911306404, -0.1796347499750206], [-0.8912572797463144, -0.21205477366877445, 0.40086560623665973]], "T": [-0.05863258643614773, 0.01544176560392031, 0.14962386657091664], "aligned_model": [[-0.44231253676652316, -0.5845259416848646, 0.14715706817007973, 0.3121088642424362, 0.5611784253918829, -0.37505519178719093, -0.4370815072544652, 0.13390821182272722, 0.3092644054698904, 0.0157883926445989, -0.09214382359088663], [-0.7559791890643038, 0.21657484603237176, -0.6346741011861295, 0.3654037975880341, -0.17841249082133515, -0.1421819131841371, 0.5218171798963909, 0.7388203654116439, 0.09047308493500275, -0.4697706500657681, -0.047356034023783605], [-0.14178518402544538, 0.18581734440101877, -0.342808103182225, 0.45935884917083486, 0.2553925014248676, -0.462496351882389, -0.35699906283068283, -0.024921005142344188, -0.4287321733351338, 0.6615746065309923, 0.07689165706231586]], "inverted": true, "swapped": false, "error_lsq": 0.04122730178283058, "error_max": 0.20516434463037236, "target": "704.xyz", "model": "14.xyz", "model_rescale": 3.9786697098870705, "target_rescale": 3.7149000520166653},
{"mapping": [2, 8, 4, 7, 10, 0, 9, 6, 1, 5, 11], "R": [[-0.8395332802344554, 0.5394913992756797, 0.06428764645205451], [-0.32583102048452045, -0.5946311799225427, 0.7350155821164206], [0.43476202394964447, 0.5961231332296153, 0.6749956981786734]], "T": [-0.08446147657850264, 0.015674444861441195, -0.027478066361856943], "aligned_model": [[-0.6165979344809792, -0.4675548518645435, 0.1346495142517324, 0.20156848425944437, 0.7192500407810584, -0.3186835408522918, -0.47503474370539756, 0.17980584299982325, 0.42232976399525013, -0.1509600130848812, -0.08048619564153085], [-0.6676356887278886, -0.07057763431692428, -0.5544032895955694, 0.29208675353919283, -0.14742579304607253, -0.15692726045274172, 0.47954554888058526, 0.7516969921934888, 0.12679245127160124, -0.4591244207716183, 0.11068723654393288], [-0.08884147379797429, 0.31607421593496043, -0.07125569152474427, 0.5004036462454032, 0.11311744478622716, -0.6592646300118795, -0.16780051613775, -0.1531334857660619, -0.46507093492976453, 0.6165743923447434, -0.059509888951350544]], "inverted": false, "swapped": false, "error_lsq": 0.0467781231229536, "error_max": 0.25478211905625614, "target": "704.xyz", "model": "15.xyz", "model_rescale": 3.769337070930944, "target_rescale": 3.7149000520166653},
{"mapping": [7, 6, 1, 4, 0, 9, 8, 2, 3, 5, 10], "R": [[-0.637198911448512, -0.024714322934456717, -0.770303024459026], [0.0542415157838588, 0.9955691772085222, -0.07681062008482628], [0.7687882707314809, -0.09072604716528496, -0.6330350536514244]], "T": [-0.06211952717411588, -0.08219622492623964, -0.01518758578468453], "aligned_model": [[-0.5113651249192893, -0.43842337861776665, 0.27444436076049256, 0.15909076139456568, 0.5633462919925787, -0.230898768039562, -0.5803153854651897, 0.15685070991295308, 0.2647250149007146, -0.08210791433370847, -0.027060200928103774], [-0.6374392006657297, 0.3459956691757439, -0.7916883119316299, 0.19608275360239297, -0.05076247114408837, -0.0561564733464021, 0.3853163462917773, 0.620957688478313, 0.19259452544789296, -0.4689884832626305, -0.03119714712765364], [0.016751931772037362, 0.4392945840674241, -0.17162982501529145, 0.6788292316469288, 0.14379210725549962, -0.809929796883876, -0.2879489465924934, -0.0796272285474455, -0.5602620096401887, 0.5325743467993157, -0.020551316670101318]], "inverted": false, "swapped": false, "error_lsq": 0.05170710321409524, "error_max": 0.28674224465441706, "target": "704.xyz", "model": "16.xyz", "model_rescale": 3.7852294659196426, "target_rescale": 3.7149000520166653},
{"mapping": [6, 2, 10, 8, 9, 5, 1, 3, 0, 11, 12], "R": [[-0.39607144944570116, -0.16937564973881092, 0.9024629057249596], [-0.09068578930383792, 0.9852503336829433, 0.1451132922787879], [-0.9137305371674527, -0.024365328916405807, -0.40558949221407853]], "T": [-0.0877661873604699, 0.027437942024333657, -0.051625170002272965], "aligned_model": [[-0.445598109166672, -0.4574642177637911, 0.21140637302231055, 0.3027912008924618, 0.6544745395231989, -0.48557161383348246, -0.5629736823879834, 0.03928590867296594, 0.4999217474983775, -0.16917919381628935, -0.038806585983411995], [-0.7811308735410868, 0.3333894715607927, -0.6894789240019281, 0.1776851275672441, -0.3050570706648794, -0.1467468742232301, 0.4363881188487057, 0.8112193246716788, 0.23741219023214669, -0.32369878175675315, -0.04526681317470445], [-0.1262309481538194, 0.3275898731071417, -0.26559026435234356, 0.44747063339618537, 0.24126995696955705, -0.545203434331052, -0.33656681980457925, -0.09679020372840516, -0.32781507215227607, 0.587129084797946, -0.02396972755654565]], "inverted": true, "swapped": false, "error_lsq": 0.04494862201047473, "error_max": 0.21876313857036467, "target": "704.xyz", "model": "17.xyz", "model_rescale": 3.901054581598922, "target_rescale": 3.7149000520166653},
{"mapping": [2, 8, 13, 10, 9, 0, 1, 6, 12, 5, 14], "R": [[-0.5392021028015845, -0.4560507735487659, -0.7080104407986662], [-0.508431441360426, 0.8464768159760359, -0.1580331277018593], [0.6713855537398085, 0.27476297414434253, -0.6882926312760047]], "T": [-0.04188565574615697, 0.05841518103743701, -0.02092570464903197], "aligned_model": [[-0.46260996688913203, -0.585246757332683, 0.2294267585033358, 0.2892461650577744, 0.48710648470379514, -0.5309508497900464, -0.5023455130489473, 0.13275888260009894, 0.5104441372295067, -0.03033457326051884, 0.01079159888450111], [-0.6476307759192688, -0.06513429020046932, -0.6114527008380021, 0.36654616568370335, -0.19514970719189575, -0.01670928273913408, 0.5213395517671486, 0.7692863081265627, -0.054325119616564346, -0.4114519823837879, 0.04939672882969379], [-0.11163547626414948, 0.3395080528978761, -0.09282002296698458, 0.6630777761029713, 0.2791772512406391, -0.5959701111226369, -0.26457154646257636, -0.1879205284221055, -0.5048642632255488, 0.39038618215649457, -0.033074235742170416]], "inverted": true, "swapped": false, "error_lsq": 0.045722271481343224, "error_max": 0.23123746804449263, "target": "704.xyz", "model": "18.xyz", "model_rescale": 3.9405287249114394, "target_rescale": 3.7149000520166653},
{"mapping": [3, 12, 10, 13, 11, 1, 0, 7, 5, 14, 15], "R": [[0.6259205419153182, 0.7711292779642908, -0.11654660816474166], [-0.7494881425052803, 0.5534522850407586, -0.3632603645144175], [-0.2156177159985217, 0.31472242508190323, 0.9243694043498771]], "T": [-0.07096693875994052, 0.10943582359884116, -0.04849013878711104], "aligned_model": [[-0.5267394022532114, -0.5169486398809602, 0.20251863628133215, 0.19205784217297206, 0.5628333604986205, -0.5209037241403718, -0.478046589400212, 0.15455373902422803, 0.5453837051697776, -0.011313687727671315, -0.055108873086819124], [-0.609082382200135, 0.02170977439513805, -0.6267843212598204, 0.18019407867184528, -0.16086687746152042, -0.1366297364684776, 0.4711500155290572, 0.7635711194925939, 0.14176822277598497, -0.4197976533539177, 0.0794826553972382], [-0.010653062649280655, 0.2573587205629014, -0.08149885725908085, 0.5656279926226234, 0.16233403525146364, -0.46385510275219916, -0.468160556313551, 0.08140592543003239, -0.6055620752995683, 0.5137307951792082, -0.06943473658074008]], "inverted": false, "swapped": false, "error_lsq": 0.04459467064137323, "error_max": 0.24854410002081903, "target": "704.xyz", "model": "19.xyz", "model_rescale": 4.410303926677745, "target_rescale": 3.7149000520166653},
{"mapping": [1, 8, 0, 10, 3, 2, 12, 11, 6, 5, 13], "R": [[0.9072179389084195, -0.39155944899865774, 0.15374267209407733], [-0.14718822438443876, -0.6378493751564428, -0.7559654762058197], [0.39407009265524773, 0.6631963302917192, -0.636301335502513]], "T": [-0.07191987414925552, -0.01038648762322501, -0.1006615578696477], "aligned_model": [[-0.50191447034202, -0.5932844995004263, 0.21231573469232637, 0.1989999756855617, 0.5314837724445338, -0.23435605855942063, -0.5759142450860855, 0.1958034826698544, 0.4444339085671897, -0.024802351932656667, -0.10447888198117239], [-0.6240585208082244, 0.053734737442334216, -0.6056315776011644, 0.3145541648538993, -0.37339588453541217, -0.2353443991771351, 0.5240943494166169, 0.7701041620306315, 0.13651202685778283, -0.26213599536366056, 0.006281832402317916], [-0.06027376139589613, 0.4606983777650626, -0.38004082346814105, 0.6037176158290447, 0.0728057668147851, -0.7020076743264367, -0.27671509004025896, -0.17998289491138375, -0.3204464997929513, 0.6952485170891992, -0.03171045537121442]], "inverted": true, "swapped": false, "error_lsq": 0.047016126918603726, "error_max": 0.25393399576643155, "target": "704.xyz", "model": "20.xyz", "model_rescale": 4.121658175737393, "target_rescale": 3.7149000520166653},
{"mapping": [10, 6, 4, 1, 3, 9, 8, 5, 7, 2, 12], "R": [[-0.7145569148841994, 0.6007282941690988, -0.35851629248314465], [0.6945199961980792, 0.6706653534289013, -0.26048024606696535], [0.08396660212367232, -0.43512469511023094, -0.8964463784482781]], "T": [-0.034128810016081194, -0.015761003070364807, -0.04300244851900289], "aligned_model": [[-0.5590103825118431, -0.5886082420149447, 0.1223524906850107, 0.10241321686149807, 0.6465497392922724, -0.3857126556164759, -0.48255103978154346, 0.1530525291307819, 0.44123791292978853, 0.040155395890356556, 0.05840740179278347], [-0.5867331239583341, -0.004685958527552658, -0.5617120074680831, 0.2475465158685068, -0.11104864374278933, -0.0650607692388223, 0.46953209726335915, 0.633182882311125, 0.07112914072755129, -0.4191143020204349, 0.031679064303460666], [-0.12763821926673888, 0.29619419791297735, 0.03813142390758784, 0.5850105221749634, 0.05817897761513361, -0.6727811459589964, -0.17381228487370476, -0.13097124916961614, -0.52600828836327, 0.5957460209023048, -0.06075687668883177]], "inverted": true, "swapped": false, "error_lsq": 0.04703385618520442, "error_max": 0.31294445473096116, "target": "704.xyz", "model": "21.xyz", "model_rescale": 4.08911054899281, "target_rescale": 3.7149000520166653},
{"mapping": [14, 13, 15, 0, 1, 9, 10, 6, 8, 4, 16], "R": [[-0.9679703838752127, -0.25094721827116373, 0.007670044487357058], [-0.0665783782620362, 0.2271145442003487, -0.9715895755722501], [0.2420757226333743, -0.9409805935589919, -0.23654781135511882]], "T": [-0.07034152774928032, -0.07564579542065422, -0.052868339937625616], "aligned_model": [[-0.4900947265518327, -0.5346957220102513, 0.14545511243051257, 0.20570398241933324, 0.7009552373919341, -0.48767605666715785, -0.4934841573714171, 0.15169422279692668, 0.48359238863069626, -0.05564959055610152, -0.07751432385495793], [-0.5560048849890962, -0.02094494361902427, -0.7438328816638113, 0.3228398445074734, -0.20484349461697524, -0.16094109845193338, 0.49399394064341107, 0.634960919063297, 0.23032986909552985, -0.23017926958404478, -0.06066310486683967], [-0.12276099413723386, 0.4141573179363916, -0.24899290688212122, 0.5513563444853916, 0.08280640299971866, -0.623923690859245, -0.43705097268963067, -0.016780234403036345, -0.33623758150751387, 0.6269814509811208, -0.008262057732032667]], "inverted": false, "swapped": false, "error_lsq": 0.044568700154093845, "error_max": 0.2155124379135571, "target": "704.xyz", "model": "22.xyz", "model_rescale": 4.204369325754507, "target_rescale": 3.7149000520166653},
{"mapping": [3, 12, 10, 13, 11, 1, 0, 7, 5, 14, 15], "R": [[0.6259205419153182, 0.7711292779642908, -0.11654660816474166], [-0.7494881425052803, 0.5534522850407586, -0.3632603645144175], [-0.2156177159985217, 0.31472242508190323, 0.9243694043498771]], "T": [-0.07096693875994052, 0.10943582359884116, -0.04849013878711104], "aligned_model": [[-0.5267394022532114, -0.5169486398809602, 0.20251863628133215, 0.19205784217297206, 0.5628333604986205, -0.5209037241403718, -0.478046589400212, 0.15455373902422803, 0.5453837051697776, -0.011313687727671315, -0.055108873086819124], [-0.609082382200135, 0.02170977439513805, -0.6267843212598204, 0.18019407867184528, -0.16086687746152042, -0.1366297364684776, 0.4711500155290572, 0.7635711194925939, 0.14176822277598497, -0.4197976533539177, 0.0794826553972382], [-0.010653062649280655, 0.2573587205629014, -0.08149885725908085, 0.5656279926226234, 0.16233403525146364, -0.46385510275219916, -0.468160556313551, 0.08140592543003239, -0.6055620752995683, 0.5137307951792082, -0.06943473658074008]], "inverted": false, "swapped": false, "error_lsq": 0.04459467064137323, "error_max": 0.24854410002081903, "target": "704.xyz", "model": "23.xyz", "model_rescale": 4.410303926677745, "target_rescale": 3.7149000520166653},
{"mapping": [14, 10, 13, 1, 7, 5, 4, 3, 0, 11, 16], "R": [[-0.01739070247410321, -0.513849168977174, 0.8577042584766178], [0.1503518050470642, 0.8467356633363203, 0.5103264162802973], [-0.9884795891603159, 0.1378323183287192, 0.06253282208235761]], "T": [-0.16468123705237975, -0.14205263625371725, -0.07083701906415918], "aligned_model": [[-0.3878524770071642, -0.4673825012608946, 0.178900030791663, 0.32860558152466923, 0.459395876851133, -0.2852286873703179, -0.46297142449736683, 0.02910343715605812, 0.42111353887750164, -0.14559556812505295, -0.11980144028254383], [-0.7699928216903983, 0.2368850985011338, -0.7379090012292737, 0.2816870621605131, -0.2636471589202247, -0.03275777139185872, 0.4287098680991096, 0.735224028708519, 0.22395182230179947, -0.36546209711068334, -0.03197413391065003], [0.047635387788348554, 0.3634003401082685, -0.2160738206467245, 0.48902736824431015, 0.1232594122313801, -0.6783935828214811, -0.31401905106914535, -0.025184661088616216, -0.3762400771642877, 0.5211473022248079, -0.053265539615051094]], "inverted": true, "swapped": false, "error_lsq": 0.0443995786015492, "error_max": 0.18600854104191283, "target": "704.xyz", "model": "24.xyz", "model_rescale": 4.28219845311461, "target_rescale": 3.7149000520166653},
{"mapping": [14, 13, 6, 4, 0, 11, 9, 3, 1, 2, 15], "R": [[0.48062798082414004, 0.03093251455589302, 0.8763788698914182], [-0.4284076392030796, 0.8802841732681783, 0.2038790547506129], [-0.7651559571233525, -0.47343738111476674, 0.43634093028483717]], "T": [-0.14275017618881314, 0.025346839977412088, -0.09543029436402513], "aligned_model": [[-0.4896079401880079, -0.5406861356627986, 0.3282135249716026, 0.25365957416947676, 0.5470148666668138, -0.4999783720075004, -0.5069518163366884, 0.21570817053944535, 0.41344034688738296, -0.09071193859852261, -0.0818139137835191], [-0.6524798594828518, 0.045380561144666584, -0.7404480601870516, 0.32344963710515423, -0.23996853596758835, -0.10746246412701292, 0.5415743748659748, 0.7108786923808709, 0.23574060747303413, -0.4159826806315111, 0.004032622944301203], [-0.07580169413597064, 0.34520796896624417, -0.1582673696651796, 0.4418243986738359, 0.2500926556369036, -0.48430916509888305, -0.3357217453466695, -0.13541826581732824, -0.3326305546629895, 0.42543465978005396, -0.05911781013820796]], "inverted": true, "swapped": false, "error_lsq": 0.037673379784120754, "error_max": 0.18433908807668, "target": "704.xyz", "model": "25.xyz", "model_rescale": 4.100010024507729, "target_rescale": 3.7149000520166653},
{"mapping": [3, 10, 2, 0, 6, 7, 9, 4, 5, 1, 11], "R": [[-0.2780529130475709, 0.15588677894908565, 0.9478322054533912], [-0.6875486122268326, 0.6567752804817424, -0.3097146053596532], [-0.6707931748092828, -0.7377977657170074, -0.075438541424629]], "T": [-0.06761067493608162, -0.09856161660324711, 0.041356117480774626], "aligned_model": [[-0.498659958575086, -0.4427320585725402, 0.3004832418369853, 0.06104162066454523, 0.5754754476806818, -0.3997669928033504, -0.5212846793175988, 0.334214741147032, 0.26249354058458896, -0.04807792153229837, -0.07490061445527495], [-0.7640863314238594, 0.35901125772328035, -0.7156686367112669, 0.18109786716493928, -0.01545200684975706, -0.1846254035795959, 0.4856165959660108, 0.6669135781129863, 0.1901209787572881, -0.5124168720183375, 0.014203868376297904], [-0.12994769301096382, 0.29613715043597993, -0.1359658511320861, 0.7335111838561158, 0.045250961166495324, -0.5424430361392863, -0.3222736610670396, -0.09437759791824916, -0.5684633118201606, 0.6136225352164122, -0.01375760139540829]], "inverted": false, "swapped": false, "error_lsq": 0.048487371231189604, "error_max": 0.24664938076548892, "target": "704.xyz", "model": "26.xyz", "model_rescale": 3.6694154284099745, "target_rescale": 3.7149000520166653},
{"mapping": [5, 6, 8, 2, 10, 7, 3, 12, 9, 0, 13], "R": [[0.2883894738979224, -0.2948597618355341, -0.9109825641554138], [-0.6626775406311622, 0.6252798565665072, -0.4121693561088733], [0.6911512052278536, 0.7225529889374627, -0.01507281293007846]], "T": [0.00792164281637131, -0.09480218676147908, 0.016867311109693618], "aligned_model": [[-0.50386077968605, -0.4209603916830452, 0.2874847962057704, 0.1700578908494277, 0.6048061460487565, -0.3642228754034641, -0.40084537164710166, 0.05223175550225817, 0.3127557680625478, -0.21022424380165122, 0.021063672210236202], [-0.6979773944966762, 0.360542917414186, -0.5642054437371471, 0.15291545353667585, -0.1670641441937098, -0.19428904738565686, 0.4002916626968419, 0.6970797654993603, 0.1872318704739863, -0.39397795451771633, -0.07583278977215807], [0.03225953357123687, 0.29955347700977053, -0.3145873887176883, 0.6288129410165998, 0.03681271663899293, -0.48086690194031956, -0.4736658971939881, 0.043180823888782, -0.5238696694224813, 0.5644434019612251, 0.06922004137967935]], "inverted": true, "swapped": false, "error_lsq": 0.052430753389633614, "error_max": 0.2607952384861157, "target": "704.xyz", "model": "27.xyz", "model_rescale": 4.103607728864725, "target_rescale": 3.7149000520166653},
{"mapping": [4, 7, 2, 5, 0, 13, 11, 6, 10, 1, 14], "R": [[-0.8105719423963064, -0.3604579702843216, -0.4615660059605625], [-0.5348642216127747, 0.13464849206882368, 0.8341403047582298], [-0.2385233544926776, 0.9230058695599389, -0.3019383614572045]], "T": [0.05424816764982922, 0.04525620646983304, -0.18155570268370616], "aligned_model": [[-0.48638435250662715, -0.3701741201239452, 0.1274111480064405, 0.16173557961584117, 0.5016463670720962, -0.41491467102258417, -0.4429957818903355, 0.03930695257586865, 0.3526186418664053, 0.00020477734267844439, 0.07983182572184638], [-0.6803293259975106, 0.21816954348845347, -0.6866337113601427, 0.34268244915769946, -0.25786343753120805, -0.16603245932683863, 0.48198182206878754, 0.6559569782940614, 0.3133952336120711, -0.45058217530486777, -0.06603002158251904], [-0.12815719748105797, 0.3752637878923186, -0.16409051684872863, 0.478083969267046, 0.28496875922160736, -0.5754032156483134, -0.36616454533405074, -0.013959192465638426, -0.49596276135882844, 0.5628127834829394, -0.07609879253548477]], "inverted": false, "swapped": false, "error_lsq": 0.0462026511240633, "error_max": 0.23365048906983496, "target": "704.xyz", "model": "28.xyz", "model_rescale": 4.137296879288765, "target_rescale": 3.7149000520166653},
{"mapping": [9, 7, 6, 3, 4, 0, 1, 2, 5, 8, 10], "R": [[0.11754097770964828, 0.6863047405855198, -0.7177533849511977], [-0.31436291034836994, -0.6598796948383224, -0.682447616258849], [-0.9419979188705052, 0.3058506030563364, 0.13818585113430631]], "T": [-0.051060992000169905, -0.03741769079529233, 0.012858187304079727], "aligned_model": [[-0.37354241107465114, -0.700721123073903, 0.3101150223990118, 0.2294926023204361, 0.6489703736131232, -0.4600970800959918, -0.4100393056983663, 0.2723658471513768, 0.2682508746584737, -0.22514970772739734, -0.011358725814427331], [-0.7473039223154625, 0.15653122611503686, -0.48479857418595257, 0.22348447820085837, -0.33907572226372784, -0.16524509467107337, 0.5090516218129695, 0.6737194314511044, 0.22371684176579787, -0.23618247091828726, -0.10918291947327727], [0.06635107373467027, 0.24596279130503163, -0.4178970271232103, 0.577737345965028, 0.14919777064800435, -0.5411002730707278, -0.36059171102459237, -0.029546401429962288, -0.5191632738671363, 0.6825891476268718, 0.027753635427832088]], "inverted": false, "swapped": false, "error_lsq": 0.05458204996597448, "error_max": 0.29514099136464883, "target": "704.xyz", "model": "29.xyz", "model_rescale": 3.607286011436655, "target_rescale": 3.7149000520166653},
{"mapping": [12, 8, 13, 9, 1, 5, 4, 3, 6, 11, 14], "R": [[-0.6282881403105771, 0.7343547144236294, 0.25686020740641496], [0.6716012993652013, 0.34531147163895515, 0.6555239753399661], [0.39269034548362663, 0.5843655884447073, -0.7101486827458185]], "T": [-0.018904466297857685, -0.0730078192033386, -0.0885784040552704], "aligned_model": [[-0.3535670563690526, -0.40183395760223295, 0.2511323721463968, 0.195225953722797, 0.6142110797365563, -0.5938153385153523, -0.43418102559964267, 0.13031272429543445, 0.2219306662085495, -0.11401335430677734, 0.03288430294100823], [-0.7008584710140469, 0.3492443414543673, -0.7504921602091903, 0.2512089179930251, -0.19449732825798488, -0.14036639895533592, 0.43599366755630625, 0.7041917887788294, 0.21373810417046046, -0.41218011077705047, -0.05126745522139361], [-0.13108049622618761, 0.2858773220249368, -0.15174165228176592, 0.5922952835339275, 0.26120876468395327, -0.5839989731914759, -0.344141225046895, -0.0764773442015605, -0.4186059496217035, 0.38093998643385674, 0.06701736208472317]], "inverted": true, "swapped": false, "error_lsq": 0.04796581239263835, "error_max": 0.2651654438928501, "target": "704.xyz", "model": "30.xyz", "model_rescale": 3.964800864290218, "target_rescale": 3.7149000520166653},
