[{"mapping": [2, 3, 1, 8, 7, 11, 6, 13, 0, 4, 10, 14], "R": [[0.8051383848023386, 0.42573287842833485, 0.4129209337669941], [-0.04247606986499357, -0.6530434881414704, 0.7561282867905721], [0.5915639989102666, -0.6263271659613259, -0.5077069197599617]], "T": [-0.030406175213584137, -0.1270249898371509, 0.008195564193870923], "aligned_model": [[-0.24292588386177474, 0.2901548789163297, 0.39951632586604646, -0.17752635901597938, -0.09764481288840443, -0.5176656955613453, 0.45925343284367576, -0.41253007531980035, 0.7462848445186484, 0.055068111323448805, -0.5946381269044603, -0.06970417745583601], [-0.3504532641229998, -0.6430603588937891, -0.1982817822839716, 0.6098400472791929, 0.39169016421902825, -0.6160895366711604, -0.11844037979720533, -0.3847705472384869, -0.1147580298420742, 0.38628647740037436, 0.21855281044843036, -0.12696056452028168], [-0.5312190625996288, -0.12198429726363912, -0.7122053826703246, 0.020721017744562878, -0.63335278609131, 0.04236527675898395, 0.5648608257593685, 0.672937010464761, -0.04253672986515224, 0.5615130042089558, 0.35128013443940626, 0.009572734467578722]], "inverted": true, "swapped": true, "error_lsq": 0.044018513923446155, "error_max": 0.306383055752534, "target": "705.xyz", "model": "0.xyz", "model_rescale": 3.751011558992144, "target_rescale": 4.097182234621438},
{"mapping": [11, 9, 5, 10, 7, 12, 6, 13, 3, 2, 0, 8, 4, 1, 14], "R": [[-0.809756691115886, 0.4648199814371499, -0.35810122318950444], [0.3985410854708385, -0.012224565760793116, -0.9170690067730377], [-0.43064963065672945, -0.8853208146478472, -0.1753509360297083]], "T": [0.020925443384122774, -0.004399370496432752, 0.007124457247461392], "aligned_model": [[-0.6438836180069861, 0.0373400791233639, 0.49001628585345575, -0.28703454325614286, -0.38156803370727466, -0.22804384167335512, -0.703484100550905, 0.4562688860246362, 0.2903483342164982, 0.8151754300037076, 0.22207585434029617, 0.4483006658321476, -0.13159009991777448, -0.19910946186550896, 0.001449173297145022], [-0.25082322059354717, -0.5231187610047879, -0.4097567147366891, -0.7415961217853786, 0.5054827289448101, 0.17824904909481426, 0.11666888271232255, -0.10497936796869446, 0.5193857582430674, 0.21388558384862089, 0.7205755914740388, -0.09648400855706489, -0.278023788090329, 0.447861441091071, -0.01731164591162158], [-0.35898370562556653, -0.39889324554206285, -0.06854093760063243, 0.19193610365106986, -0.12590286838720452, -0.66861880316732, 0.16300593783757647, -0.5654678491617015, -0.47915358494614413, -0.0653789181875859, 0.10435786296566582, 0.5064130419463471, 0.7333769319816521, 0.4895457961306354, -0.04245134824744605]], "inverted": false, "swapped": false, "error_lsq": 0.036559864813008464, "error_max": 0.2283730191322618, "target": "705.xyz", "model": "1.xyz", "model_rescale": 3.9405287249114394, "target_rescale": 4.097182234621438},
{"mapping": [4, 13, 10, 3, 11, 8, 6, 12, 2, 7, 1, 5, 14], "R": [[-0.17479433056983906, -0.5751369979897777, 0.7991647987392516], [-0.6063960890206422, 0.7023426900559556, 0.3728250648030971], [-0.7757130430907497, -0.4194427008165367, -0.4715263465710249]], "T": [-0.00899819925954964, -0.06414116039527304, 0.02533243707595841], "aligned_model": [[-0.42863110777841795, 0.3232184543212377, -0.33045932368094394, 0.4989115939590458, 0.4518465950495481, -0.7428081923122499, 0.09264806429298225, 0.669907157483014, 0.1194444586326891, -0.6203953307234027, -0.02202707292458139, -0.5046304686861932, -0.011041548348796146], [0.563008349157736, 0.5401608553492697, 0.30707224890937435, -0.25935961323697176, -0.12142135588210373, 0.054309299907480346, 0.5043598988389589, 0.11005270751623192, -0.6382653697759124, -0.6219756767650202, -0.7714224969756595, -0.14352909195811478, -0.0641571615132521], [0.1122025713962068, -0.3974959047289531, -0.5353386643175708, 0.32519254695077326, -0.48663884645414696, -0.0854091582856477, 0.4902959017497718, -0.02726103520194621, -0.174509589909528, 0.011733496608732703, 0.4819195273701175, 0.412366116181009, -0.01393661177017447]], "inverted": false, "swapped": true, "error_lsq": 0.043403112398006996, "error_max": 0.2984694404850694, "target": "705.xyz", "model": "2.xyz", "model_rescale": 3.932901565614263, "target_rescale": 4.097182234621438},
{"mapping": [3, 6, 0, 12, 1, 7, 5, 2, 11, 9, 4, 13, 8, 14], "R": [[-0.632241981977376, 0.7655779561037026, -0.11899777037153389], [-0.10827539359236088, 0.06477529043892305, 0.9920083673492741], [0.7671678534504287, 0.6400738667346373, 0.04193959651249862]], "T": [0.04208995224827042, -0.042456684673374136, 0.04015937838602637], "aligned_model": [[-0.2772742232511143, 0.6021358927928124, 0.18914588921824116, -0.10551280242873376, -0.4695333297641485, -0.1902595139260522, 0.27033244593856, -0.5608833340661682, -0.3193563536044225, -0.31107188789231044, 0.7898104646838723, 0.3354168701918022, 0.43276818762633773, 0.034091606534026986], [0.1337705100924752, 0.11864029388348185, -0.3539129063581488, 0.5887206504299113, -0.5803761778546215, -0.7786817160312847, -0.6235306795369416, -0.13701435298076195, 0.4972805806031605, -0.24298692848832035, -0.10148175840154863, 0.6792520558217746, -0.508273185028972, -0.02790974779971528], [-0.462781161940518, -0.4182211935250679, -0.6579400110109531, -0.23159539861272307, -0.3570466736898127, 0.3387513407160254, -0.06941815354345024, 0.15649949729807988, 0.27640880770494924, 0.6634727753542009, 0.16009595093930137, 0.2579401187775488, 0.48192495286135206, 0.0758055117281646]], "inverted": false, "swapped": true, "error_lsq": 0.038483424591242606, "error_max": 0.2010570334113716, "target": "705.xyz", "model": "3.xyz", "model_rescale": 3.9243930471874484, "target_rescale": 4.097182234621438},
{"mapping": [0, 5, 1, 3, 2, 6, 12, 7, 9, 10, 11, 13, 14], "R": [[0.5921110949139942, -0.7915189220355121, -0.15133488474073759], [0.7577799723658523, 0.6107740279052051, -0.22961837974704907], [0.2741787095325953, 0.02128104546757697, 0.9614432652751007]], "T": [-0.05300605073831492, -0.04754077415815623, -0.10415761860597987], "aligned_model": [[-0.07082814342866672, -0.11193319099316529, 0.6054875389249698, 0.23707149879701955, 0.5455194808113222, -0.6078008255496643, -0.06258759584990388, 0.34852533647458767, 0.30348384395905664, -0.4564196782885632, 0.13764147721616604, -0.5396889826753781, -0.0512648730864279], [-0.6330662299746964, 0.007630841738476515, -0.2926233340136975, -0.5843796865518205, 0.08047225805577933, -0.5234832895125543, -0.4820695364458702, 0.4352036678995727, 0.6011053968226657, 0.5363382394614433, 0.02829383154356925, -0.028308639298923063, -0.017283966042357983], [-0.6168129586773349, -0.7328328478596561, -0.5680640131234733, 0.0127084811276989, 0.002766707810665306, -0.22824597682811082, 0.4482145467824898, -0.6435100821609196, -0.029135257229232284, 0.12350765380295121, 0.5559000857344641, 0.5416771021490485, -0.07910312615762632]], "inverted": false, "swapped": true, "error_lsq": 0.03776123169413685, "error_max": 0.2141405122105215, "target": "705.xyz", "model": "4.xyz", "model_rescale": 3.8936222436046832, "target_rescale": 4.097182234621438},
{"mapping": [11, 13, 9, 2, 8, 4, 6, 5, 1, 3, 7, 14], "R": [[-0.10829490565073666, 0.9787342672001451, 0.17421666860060547], [-0.31100594863730335, -0.19980590685409133, 0.9291678532420422], [0.9442179374076247, 0.04644172471398239, 0.3260301410656408]], "T": [-0.085674034839163, -0.12700682469161972, -0.0033509110649708844], "aligned_model": [[-0.061515363284468216, -0.6183412035203367, -0.09772227194121917, 0.3542947334063864, -0.5248350807327234, -0.7330456746874335, -0.319568783044787, -0.06317205814247102, 0.6742201753221974, 0.4021386355252998, 0.11763080534940584, -0.10253587203475331], [-0.582502414271274, -0.7162470685437574, 0.24250420729011074, -0.040127351215752755, 0.4828364599966074, 0.017930003804794703, -0.39149343229630285, 0.4000225707071864, 0.21564717338270822, -0.4791841752202092, 0.6491143387322221, -0.12957740725652644], [-0.5226905560550902, -0.15630273425476082, -0.64892948264437, -0.43338858379851763, -0.0036004777297540085, 0.3665923023434724, 0.648612678321511, 0.348049909034717, 0.11512878598952113, 0.1515961775748409, -0.2070021149382878, -0.03878118456776332]], "inverted": true, "swapped": true, "error_lsq": 0.04210713632977823, "error_max": 0.21309555495486607, "target": "705.xyz", "model": "5.xyz", "model_rescale": 3.6523030999806103, "target_rescale": 4.097182234621438},
{"mapping": [13, 10, 8, 4, 5, 11, 9, 3, 2, 1, 7, 0, 14], "R": [[0.906698080524676, -0.2832372349502929, 0.3125304137369363], [-0.3951989639433929, -0.3116120201687797, 0.8641271479269708], [-0.14736475043556674, -0.9070141220642844, -0.39447308235799633]], "T": [0.10468224695295916, -0.1634760608286026, 0.028722576907028688], "aligned_model": [[0.09282822003532479, 0.010725938877817087, 0.285036248522056, 0.6714259173535182, 0.46374041020794576, -0.4233812999336457, -0.4774155618554189, 0.07162837896690019, -0.43720756595380783, -0.004992558963672622, -0.10254618203883112, 0.6547905525794486, 0.07645040686665977], [-0.6700339068576404, 0.02773771865242866, 0.48815941829120585, 0.012833603656471071, 0.31755308910090335, -0.5612488801038154, 0.27134236266459905, -0.5823274673110397, -0.08121175768642386, 0.07771462768100765, 0.6022698848310171, -0.20158011137831577, -0.1603816773772145], [0.659270963991702, 0.7429341956931896, 0.35676976080514383, 0.5027175344239476, -0.17483835071532944, 0.23046304159285974, 0.1885672966425887, -0.42895594451411384, -0.26392221633118285, -0.7704563144374642, -0.2076251671502773, -0.5207336247261541, 0.055918564206879844]], "inverted": true, "swapped": true, "error_lsq": 0.05960649268959206, "error_max": 0.38969860287181834, "target": "705.xyz", "model": "6.xyz", "model_rescale": 4.08911054899281, "target_rescale": 4.097182234621438},
{"mapping": [7, 2, 1, 13, 4, 6, 5, 0, 3, 9, 8, 11, 12, 10, 14], "R": [[0.17587761549218445, 0.9192318235634926, -0.35224979619145236], [0.9742629868862033, -0.11128950603951537, 0.1960262182185199], [0.14099183221859846, -0.37766056240176454, -0.9151468750173525]], "T": [-0.017422150699729563, 0.019211714058666562, 0.0116598400068594], "aligned_model": [[-0.6354935659106504, -0.007729481542376168, 0.5574044407339169, -0.08213548236570341, -0.3289899447204437, -0.12720374731990391, -0.7280185648555217, 0.43819292770518387, 0.222719590956027, 0.7335225758171039, 0.20812973205379076, 0.2701720235179282, -0.34094963602636347, -0.13818706606420522, 0.14482720773452112], [-0.35856506759946544, -0.5960918115403069, -0.4162467735864307, -0.6701299266585095, 0.6197553517227334, 0.018828117609791, 0.2506673632041808, -0.03529630644682161, 0.5038866948342897, 0.24419147309475175, 0.6467240794889384, -0.0883268278967369, -0.24037895875962673, 0.3711794509384126, 0.029818548355432593], [-0.26139948225964815, -0.50934607823336, -0.12211741581047161, 0.24938827631531835, -0.1861338370723908, -0.4752598867970207, 0.15992395653842895, -0.8093760661108614, -0.5661580752488574, 0.006819008630536853, 0.1548504566806879, 0.5119158903524061, 0.5912670922347518, 0.6287574383774447, 0.042113136050317766]], "inverted": true, "swapped": false, "error_lsq": 0.0331603829664212, "error_max": 0.18859947240540437, "target": "705.xyz", "model": "7.xyz", "model_rescale": 3.964800864290218, "target_rescale": 4.097182234621438},
{"mapping": [4, 13, 6, 8, 0, 9, 5, 12, 11, 2, 9, 1, 3, 14], "R": [[-0.44020137501225876, -0.5022295541401441, 0.744303852190427], [-0.5101487144315836, -0.5422574014290192, -0.6676115635302091], [0.738898530652971, -0.6735891815815036, -0.017509307674513364]], "T": [0.02466866593361276, -0.02453728737870709, 0.04330130478930348], "aligned_model": [[-0.2407413930016141, 0.37458348439414274, 0.32482576396897206, -0.6798129907020939, 0.19972715121255033, -0.44906272917708084, -0.3888036665035183, 0.6996485167329493, 0.35339166674850914, -0.0022052005073052543, -0.44906272917708084, -0.031578343156185754, 0.5354752957906874, 0.014803062837940587], [-0.08839827122145161, -0.658771736152699, 0.2159700746882382, -0.06914012630765803, 0.708594780537856, -0.36885770434599263, 0.4295906244323774, -0.21962728065498233, -0.5474556037466407, -0.04505075408767403, -0.36885770434599263, 0.6320679084071759, 0.2519789430529153, -0.06109468407426982], [-0.6655244712939586, -0.3167527489205673, -0.5905585898378152, -0.21455039797114062, -0.15123681955894674, 0.502079323663267, -0.11340647727503826, 0.06238417397434807, 0.35357725219490427, 0.6637124208237687, 0.502079323663267, 0.5673187686992747, 0.2637872432827644, 0.053906037280893916]], "inverted": false, "swapped": true, "error_lsq": 0.040694147581681196, "error_max": 0.3620632979045792, "target": "705.xyz", "model": "8.xyz", "model_rescale": 4.121658175737393, "target_rescale": 4.097182234621438},
{"mapping": [10, 8, 4, 13, 7, 2, 0, 3, 6, 1, 11, 12, 14], "R": [[0.9600964435259117, 0.05217374538327241, -0.27475938459236904], [-0.2492776943351298, -0.2857475388519293, -0.9253156083991163], [-0.12678899887552342, 0.9568836106511318, -0.2613394448440493]], "T": [-0.07055301111105246, -0.022118133064744697, -0.036836447695989136], "aligned_model": [[-0.32138522293315025, -0.37064566640200775, 0.21602206078106395, 0.19032020928838628, -0.6958889694886515, -0.5162851462693778, 0.4212708482127549, 0.20598777143017155, 0.6364809232925167, -0.24341834245766847, -0.24148165404904331, 0.2921947660672936, -0.09643408103709053], [0.3736949525486705, -0.2824499218140835, -0.06287333463962509, 0.7098047314164139, -0.5569942875652797, -0.030553649102979613, -0.6008439336298015, -0.053903183540260774, -0.0923115454673963, -0.6503024117394361, 0.5839918758161734, 0.4469052999451086, 0.006222847184205908], [-0.6164086489524859, -0.6747573490624247, -0.7390959774967758, -0.2617069017599827, -0.12646439927482578, 0.3959506427646713, 0.1339233931943009, 0.518603552690331, -0.24871457583382173, 0.49644631115862237, 0.2480979246672234, 0.34059318786246273, -0.04539172599820644]], "inverted": true, "swapped": true, "error_lsq": 0.05169337244701041, "error_max": 0.3771851515856405, "target": "705.xyz", "model": "9.xyz", "model_rescale": 3.833441315466971, "target_rescale": 4.097182234621438},
{"mapping": [2, 3, 7, 9, 0, 5, 13, 4, 1, 6, 12, 11, 8, 10, 14], "R": [[-0.3169925458393102, -0.4671672148289375, 0.825391131083492], [-0.4355827882462484, 0.8447719213243872, 0.310850503498913], [-0.8424864155972707, -0.2609888777915203, -0.4712764000066056]], "T": [0.07849204731589912, 0.07570587052593777, -0.02400386352378124], "aligned_model": [[-0.4524212105217732, 0.15950327755328325, 0.44943230428290926, -0.19307618718836503, -0.3124422409930957, -0.2970943192921597, -0.6999327649605379, 0.3408563387873009, 0.14812640883821407, 0.6174233133648697, 0.46465677616832524, 0.3886297459545405, -0.2636866129432496, -0.22810101978945205, 0.06438720045249391], [-0.3581871285356455, -0.7066090081247115, -0.42939913992503276, -0.6635374924131683, 0.6329519122121358, 0.17151286406632893, 0.17829148751791007, -0.13519258622665778, 0.7291472086041333, 0.25508369773141637, 0.501732099299539, -0.02015617507775297, -0.2529123465531389, 0.3953652057424041, -0.01807519155712703], [-0.2396847225381336, -0.39243630097314275, 0.20223987884358124, 0.17010968801611737, -0.04568779658654232, -0.5782520955226925, -0.16263122097325777, -0.7469142311284531, -0.3613084829700351, -0.3963024716689243, 0.15599200281222153, 0.5759645999302356, 0.5944483935209829, 0.6685080454942303, -0.02880087260890504]], "inverted": true, "swapped": false, "error_lsq": 0.047037884637843114, "error_max": 0.3180438470447312, "target": "705.xyz", "model": "10.xyz", "model_rescale": 4.2482417240324, "target_rescale": 4.097182234621438},
{"mapping": [1, 3, 6, 13, 7, 8, 5, 10, 11, 9, 2, 14], "R": [[-0.266842213756876, 0.7637934295024592, 0.5877200268888253], [0.5013436658215066, 0.6308351927175606, -0.5922005474243093], [-0.8230733634968289, 0.13662560769442164, -0.5512564572176428]], "T": [0.03974342352744471, -0.04826044504948591, 0.019903549193891854], "aligned_model": [[-0.788398835655713, -0.2173099320598632, 0.38753401202575916, 0.7848231845521257, -0.5137919649346833, 0.13511730029328117, -0.22240604875998798, 0.5744609516935818, 0.22262522255391604, -0.14178500593455856, -0.39900916897520605, 0.054905887564355396], [-0.14929626325750905, -0.6136930242300271, -0.36263763293168744, -0.24628028068606844, 0.567181532936225, 0.6613347853068555, 0.2712000777589672, 0.4281724828084612, -0.27765722031826195, 0.46466619827623545, -0.04518442907453428, -0.0316748365380163], [0.13330801842352258, 0.0054723796659341545, 0.5942946450661954, -0.22499833358509025, 0.020593948096932588, 0.24826674911751706, 0.500498479964903, -0.1864397667247012, -0.6059597805174722, -0.4874512997231503, -0.4200278779751153, -0.012364871955118949]], "inverted": false, "swapped": true, "error_lsq": 0.046554593963574635, "error_max": 0.23798676794761944, "target": "705.xyz", "model": "11.xyz", "model_rescale": 3.6694154284099745, "target_rescale": 4.097182234621438},
{"mapping": [1, 7, 8, 9, 2, 0, 3, 6, 10, 13, 4, 11, 5, 14], "R": [[0.7784231168282932, -0.20743499150998482, 0.5924763079521224], [0.4099916713154689, 0.8827139681962889, -0.2296146332512584], [-0.4753570033556612, 0.42164769019693893, 0.7721715772497147]], "T": [0.08147400695453014, -0.011745730320336698, 0.038058741189116986], "aligned_model": [[-0.007335853405728648, 0.034427795605945694, -0.21250921988829594, 0.5429627857310306, 0.527081645098818, -0.5187904825926029, 0.1521718317848042, -0.4679027460029175, 0.23374762622504358, 0.33005225632358404, -0.4282223791599564, 0.7223128908055407, -0.42154419020744893, 0.11181288993799304], [-0.46873541648438516, 0.30314545717268926, 0.646116271619565, 0.41682305455308244, -0.15786908243859432, -0.48678698001044957, -0.6289082441306073, -0.19652575541887862, 0.6647489327428466, 0.15274664494454987, 0.43718783503164066, -0.08271589565048516, 0.1191753923594092, 0.012585073845871052], [-0.6634835933065849, -0.7260099240723927, -0.17539562660849053, -0.35793640846737007, -0.3695375771286861, -0.1033326934251591, 0.04859140386548833, 0.5003984067604639, 0.31129206532980225, 0.7900452771079175, 0.37809249446016635, 0.2871818051030591, -0.3246825052891545, 0.04387233532335645]], "inverted": false, "swapped": true, "error_lsq": 0.04027765312813949, "error_max": 0.2174726684828553, "target": "705.xyz", "model": "12.xyz", "model_rescale": 3.9764082729961374, "target_rescale": 4.097182234621438},
{"mapping": [2, 0, 4, 7, 10, 9, 8, 5, 12, 6, 13, 14, 3, 11, 15], "R": [[-0.8797290507899788, -0.47120088181683806, -0.06361231147503985], [-0.2822827184207936, 0.6252448186157833, -0.727588746253736], [0.38261372698470997, -0.6221243008990653, -0.6830578966337476]], "T": [0.02900874427542656, 0.061340325218521875, -0.10623226057921972], "aligned_model": [[-0.6597712632042786, -0.08346303714594107, 0.419906918579734, -0.1838907650914839, -0.5117919720479478, 0.01078923637660036, -0.578524436348707, 0.6048661720033093, 0.015011242093672056, 0.7631564896195052, 0.3314607865466094, 0.3692395496064185, -0.1729153254009524, -0.20089812390905548, 0.06308553803582065], [-0.2991168594512344, -0.5125817690591185, -0.541042382537737, -0.6516749056521718, 0.6471759635265149, 0.009051406300565869, 0.06123997834191187, -0.13284744355584927, 0.6001947483750484, 0.08972355393839657, 0.5665946462023581, 0.2307213286810427, -0.23804190512688847, 0.4637242294783751, -0.013105182700582245], [-0.2848722147393402, -0.5364315883171101, -0.12028261648307956, 0.025360970176509096, -0.0038697231416535416, -0.7049250407327291, 0.2550934387832493, -0.6837296538406751, -0.4477780342693459, 0.10324395771983394, 0.060265125106118395, 0.5968759205315703, 0.6540574194456692, 0.5385736980654032, -0.03633724465713782]], "inverted": true, "swapped": false, "error_lsq": 0.05009503327927492, "error_max": 0.3218701904795464, "target": "705.xyz", "model": "13.xyz", "model_rescale": 4.170626492500431, "target_rescale": 4.097182234621438},
{"mapping": [5, 1, 0, 3, 4, 13, 12, 7, 8, 2, 9, 11, 10, 14], "R": [[0.2776959702448183, 0.6015754930040899, -0.7489939080704698], [-0.2699664877302793, 0.7971077837467564, 0.5401270930002599], [0.9219560963583712, 0.052212137546940124, 0.3837588423481776]], "T": [-0.07024773295295404, 0.06074190190627769, 0.029369939729127652], "aligned_model": [[0.3796162570662047, -0.09184861903601164, -0.18218859411885846, -0.6041013071256136, 0.32077878887864647, -0.3669117572429591, -0.7428181128297714, 0.5525030435670515, 0.6682085800841523, -0.16048318373855097, 0.2980607324232044, -0.4678166271593844, 0.3039029122033158, -0.06371909087978217], [-0.16971453757232186, -0.7670285414360148, -0.25334279739962917, -0.2232917081008019, 0.5992722827499043, 0.7869585487855814, 0.25566755679777925, -0.462517660603892, 0.197373269466796, -0.39179732365721814, -0.11297137950949078, 0.21150891117415366, 0.6103655436856168, 0.07559230354520337], [-0.3530710085534948, -0.12300429200489837, -0.674045463403375, -0.11319217866430026, -0.3367420562695039, 0.2266830823990107, 0.08999281936576248, 0.18283534880532543, 0.001343853178242392, 0.44544538079834817, 0.6519675827121326, 0.574330326979581, 0.3661397139459413, 0.0651899918320947]], "inverted": false, "swapped": true, "error_lsq": 0.04417115991675736, "error_max": 0.28550162240371457, "target": "705.xyz", "model": "14.xyz", "model_rescale": 3.9786697098870705, "target_rescale": 4.097182234621438},
{"mapping": [2, 11, 1, 7, 3, 0, 10, 6, 5, 8, 12, 14], "R": [[-0.2315711390786504, -0.24838006167467308, -0.940575436904612], [-0.8015315848715903, -0.49919829766704193, 0.3291628442876932], [-0.5512911444954046, 0.8301255354275117, -0.08348454606772387]], "T": [-0.05796330536136616, -0.012807552791889068, 0.023344313188925058], "aligned_model": [[-0.055449903240611165, -0.6702137159544673, 0.5536135546183609, 0.49422604574900386, -0.05343756741025483, 0.5024149912386091, -0.42585349382957993, 0.003744760900600823, 0.5357641974820746, 0.23298207093647952, -0.5490793541025485, -0.08535698962033046], [-0.20744257903081764, -0.05554851933877174, 0.10423210410698543, -0.5880353317196836, 0.4900740061979275, 0.5237840016034134, -0.5178467088751515, 0.5184031237842376, -0.11381075177340393, -0.5636068061182794, 0.4652373994251157, -0.040765448037132716], [-0.5667097938926084, -0.29461194937478785, -0.5433689076710919, -0.198850767916921, -0.34146843767837703, 0.0867387337009089, 0.4296459176051617, 0.5368847423430995, 0.22091674319679622, 0.4437516025395829, -0.13254061451948196, 0.019579225541548877]], "inverted": false, "swapped": true, "error_lsq": 0.04955408551834536, "error_max": 0.25169226129275496, "target": "705.xyz", "model": "15.xyz", "model_rescale": 3.769337070930944, "target_rescale": 4.097182234621438},
{"mapping": [5, 6, 7, 8, 1, 3, 2, 12, 9, 10, 14], "R": [[0.3496497995057885, -0.855646390160106, 0.38159438244232785], [0.8102088697303044, 0.07163946107397273, -0.5817468306981768], [0.47043235976695347, 0.5125788160107774, 0.7183010178616519]], "T": [-0.014063828736451027, -0.08218125639893503, 0.04279653141725992], "aligned_model": [[-0.361289319357923, -0.3634591208454686, -0.08862107000585688, -0.6233431032256666, 0.4086048950771864, 0.4630037470958827, 0.48397638211957444, 0.3735972577157855, 0.08998275243954389, -0.44789254508556386, -0.011933745236323382], [0.14237482796488413, -0.7006800969489975, 0.6860557675380403, 0.357756190150096, 0.21613140524548669, -0.3979560630355278, 0.2891131137497441, -0.6163223758790146, 0.5880988532540301, 0.097251740106988, -0.06575886452038693], [-0.43757611827700615, -0.1695676718195227, -0.2562416334117186, 0.0405322003934086, -0.6214693170647881, -0.19946672921976233, 0.05501941894092126, 0.284528215085752, 0.34833562614191904, 0.6216619547545552, 0.07846166170001861]], "inverted": false, "swapped": true, "error_lsq": 0.04160532876554741, "error_max": 0.22152253267297212, "target": "705.xyz", "model": "16.xyz", "model_rescale": 3.7852294659196426, "target_rescale": 4.097182234621438},
{"mapping": [3, 11, 13, 12, 2, 9, 8, 10, 6, 0, 5, 4, 14], "R": [[0.9630125317113962, -0.24278980482902568, -0.11687589331376713], [0.05369757606896303, -0.25212902583353763, 0.96620263126145], [-0.26405195339388304, -0.9367411942491455, -0.2297661874723078]], "T": [-0.06084527623656036, 0.09078721158597569, -0.06782474429480512], "aligned_model": [[0.022311198208595784, -0.352393117687949, 0.21248730883082514, 0.13002914070913596, -0.6212721116101506, -0.7444940596576548, -0.1212545973724286, -0.13468030115362323, 0.6796281070997727, 0.3843362274201707, 0.043662881712772994, 0.4396843825628787, -0.08427920884606259], [-0.22349343288695067, -0.5193638878312723, -0.4673216176069611, -0.5723282386023325, -0.01759385561254377, 0.2074426044107802, 0.6957329452502238, 0.1072073349691581, 0.09493785160215489, 0.3770870724066481, 0.7041854610738634, 0.41129230732807354, 0.07727107920203256], [-0.597269137162397, 0.0753151607674355, 0.44999421103620174, -0.20149193187336933, -0.31323922304267293, 0.20137985281994775, 0.3739474726162407, 0.6736383379576141, -0.10521968357823083, -0.6386303176704536, -0.18852889245738946, 0.40514592048988174, -0.03928707275963422]], "inverted": true, "swapped": true, "error_lsq": 0.043572295391603184, "error_max": 0.21689236840901086, "target": "705.xyz", "model": "17.xyz", "model_rescale": 3.901054581598922, "target_rescale": 4.097182234621438},
{"mapping": [11, 9, 5, 10, 7, 12, 6, 13, 3, 2, 0, 8, 4, 1, 14], "R": [[-0.809756691115886, 0.4648199814371499, -0.35810122318950444], [0.3985410854708385, -0.012224565760793116, -0.9170690067730377], [-0.43064963065672945, -0.8853208146478472, -0.1753509360297083]], "T": [0.020925443384122774, -0.004399370496432752, 0.007124457247461392], "aligned_model": [[-0.6438836180069861, 0.0373400791233639, 0.49001628585345575, -0.28703454325614286, -0.38156803370727466, -0.22804384167335512, -0.703484100550905, 0.4562688860246362, 0.2903483342164982, 0.8151754300037076, 0.22207585434029617, 0.4483006658321476, -0.13159009991777448, -0.19910946186550896, 0.001449173297145022], [-0.25082322059354717, -0.5231187610047879, -0.4097567147366891, -0.7415961217853786, 0.5054827289448101, 0.17824904909481426, 0.11666888271232255, -0.10497936796869446, 0.5193857582430674, 0.21388558384862089, 0.7205755914740388, -0.09648400855706489, -0.278023788090329, 0.447861441091071, -0.01731164591162158], [-0.35898370562556653, -0.39889324554206285, -0.06854093760063243, 0.19193610365106986, -0.12590286838720452, -0.66861880316732, 0.16300593783757647, -0.5654678491617015, -0.47915358494614413, -0.0653789181875859, 0.10435786296566582, 0.5064130419463471, 0.7333769319816521, 0.4895457961306354, -0.04245134824744605]], "inverted": false, "swapped": false, "error_lsq": 0.036559864813008464, "error_max": 0.2283730191322618, "target": "705.xyz", "model": "18.xyz", "model_rescale": 3.9405287249114394, "target_rescale": 4.097182234621438},
{"mapping": [11, 14, 12, 13, 5, 10, 9, 3, 2, 1, 6, 4, 7, 8, 15], "R": [[0.46059099656608726, 0.8876054942750011, -0.0035242609281693205], [-0.3114296412852742, 0.16532076010063074, 0.9357780852363852], [0.8311844033733937, -0.42991340152707613, 0.3525719143327145]], "T": [0.08556256397464927, -0.055938924238182926, 0.037108995308931296], "aligned_model": [[-0.5286767498435782, 0.006087485414375662, 0.47843114134895104, -0.2893912849935069, -0.42053088876302575, -0.06628814244233593, -0.6439964427853804, 0.6282665989805643, 0.007931287659293046, 0.6331028822299912, 0.21601215398098755, 0.3983689809275293, -0.2532360058890458, -0.05806538082091979, 0.07824537470940365], [-0.1556180529968163, -0.6066884518282949, -0.4369878518145438, -0.6128555657116622, 0.601599326470337, 0.01376137227355461, 0.0023960461062868463, -0.18441815171813847, 0.6157277384966063, 0.26974309494042303, 0.6789544017278004, -0.2588564654245997, -0.13414851128023156, 0.5203829024314075, -0.032976424911496306], [-0.32619162201761465, -0.5014981266485234, 0.012715186377353048, 0.06126082683021041, -0.01557410169671248, -0.7309972919803767, 0.2680863401866577, -0.6066254323616864, -0.5089336423315798, -0.1350834733069277, 0.07172343608230197, 0.6661095085106602, 0.6492563129493585, 0.5056133401276156, 0.0053831529265463696]], "inverted": true, "swapped": false, "error_lsq": 0.04356122221186247, "error_max": 0.25402062932779207, "target": "705.xyz", "model": "19.xyz", "model_rescale": 4.410303926677745, "target_rescale": 4.097182234621438},
{"mapping": [4, 13, 6, 8, 0, 9, 5, 12, 11, 2, 9, 1, 3, 14], "R": [[-0.44020137501225876, -0.5022295541401441, 0.744303852190427], [-0.5101487144315836, -0.5422574014290192, -0.6676115635302091], [0.738898530652971, -0.6735891815815036, -0.017509307674513364]], "T": [0.02466866593361276, -0.02453728737870709, 0.04330130478930348], "aligned_model": [[-0.2407413930016141, 0.37458348439414274, 0.32482576396897206, -0.6798129907020939, 0.19972715121255033, -0.44906272917708084, -0.3888036665035183, 0.6996485167329493, 0.35339166674850914, -0.0022052005073052543, -0.44906272917708084, -0.031578343156185754, 0.5354752957906874, 0.014803062837940587], [-0.08839827122145161, -0.658771736152699, 0.2159700746882382, -0.06914012630765803, 0.708594780537856, -0.36885770434599263, 0.4295906244323774, -0.21962728065498233, -0.5474556037466407, -0.04505075408767403, -0.36885770434599263, 0.6320679084071759, 0.2519789430529153, -0.06109468407426982], [-0.6655244712939586, -0.3167527489205673, -0.5905585898378152, -0.21455039797114062, -0.15123681955894674, 0.502079323663267, -0.11340647727503826, 0.06238417397434807, 0.35357725219490427, 0.6637124208237687, 0.502079323663267, 0.5673187686992747, 0.2637872432827644, 0.053906037280893916]], "inverted": false, "swapped": true, "error_lsq": 0.040694147581681196, "error_max": 0.3620632979045792, "target": "705.xyz", "model": "20.xyz", "model_rescale": 4.121658175737393, "target_rescale": 4.097182234621438},
{"mapping": [13, 10, 8, 4, 5, 11, 9, 3, 2, 1, 7, 0, 14], "R": [[0.906698080524676, -0.2832372349502929, 0.3125304137369363], [-0.3951989639433929, -0.3116120201687797, 0.8641271479269708], [-0.14736475043556674, -0.9070141220642844, -0.39447308235799633]], "T": [0.10468224695295916, -0.1634760608286026, 0.028722576907028688], "aligned_model": [[0.09282822003532479, 0.010725938877817087, 0.285036248522056, 0.6714259173535182, 0.46374041020794576, -0.4233812999336457, -0.4774155618554189, 0.07162837896690019, -0.43720756595380783, -0.004992558963672622, -0.10254618203883112, 0.6547905525794486, 0.07645040686665977], [-0.6700339068576404, 0.02773771865242866, 0.48815941829120585, 0.012833603656471071, 0.31755308910090335, -0.5612488801038154, 0.27134236266459905, -0.5823274673110397, -0.08121175768642386, 0.07771462768100765, 0.6022698848310171, -0.20158011137831577, -0.1603816773772145], [0.659270963991702, 0.7429341956931896, 0.35676976080514383, 0.5027175344239476, -0.17483835071532944, 0.23046304159285974, 0.1885672966425887, -0.42895594451411384, -0.26392221633118285, -0.7704563144374642, -0.2076251671502773, -0.5207336247261541, 0.055918564206879844]], "inverted": true, "swapped": true, "error_lsq": 0.05960649268959206, "error_max": 0.38969860287181834, "target": "705.xyz", "model": "21.xyz", "model_rescale": 4.08911054899281, "target_rescale": 4.097182234621438},
{"mapping": [13, 12, 9, 14, 0, 7, 4, 10, 6, 5, 8, 11, 15, 1, 16], "R": [[-0.31194247377037576, 0.9494038785083634, -0.036389126553073414], [-0.7283896142441793, -0.26356501368854435, -0.6324413438577317], [-0.6100331654256468, -0.17077985546496582, 0.7737530471979617]], "T": [-0.0402869690621339, -0.007402417492570715, 0.024864815766215374], "aligned_model": [[-0.5033460840952734, -0.0530500673360427, 0.45843725603951535, -0.13032846560301437, -0.49471507451313007, -0.1468370384151623, -0.7341930595362481, 0.4565962667922352, 0.1322458466144722, 0.6610134850072313, 0.3501053810710933, 0.4464467460903389, -0.01984502327779476, -0.15676441844641764, -0.07950474067849947], [-0.22692292367955919, -0.5646543471541375, -0.5050359157636564, -0.6342553175762827, 0.5781821282652767, 0.11478677716619677, 0.06109796050455603, -0.07313730199416747, 0.599313698845775, -0.00576877376280855, 0.5389354460391304, 0.14409911951925547, -0.28841613199387156, 0.535783301810202, 0.006007686534723342], [-0.39240843927941105, -0.4591567707823557, -0.08088328236211798, 0.12864610745398622, -0.2002245774202879, -0.6676040076756349, 0.03457160127637217, -0.6075285618883818, -0.37223984328651594, -0.05197305431380533, 0.1976964387093138, 0.5958557133078253, 0.6972638319827064, 0.5917692692647749, 0.00145998866081401]], "inverted": false, "swapped": false, "error_lsq": 0.03915369158926495, "error_max": 0.2532955757646147, "target": "705.xyz", "model": "22.xyz", "model_rescale": 4.204369325754507, "target_rescale": 4.097182234621438},
{"mapping": [11, 14, 12, 13, 5, 10, 9, 3, 2, 1, 6, 4, 7, 8, 15], "R": [[0.46059099656608726, 0.8876054942750011, -0.0035242609281693205], [-0.3114296412852742, 0.16532076010063074, 0.9357780852363852], [0.8311844033733937, -0.42991340152707613, 0.3525719143327145]], "T": [0.08556256397464927, -0.055938924238182926, 0.037108995308931296], "aligned_model": [[-0.5286767498435782, 0.006087485414375662, 0.47843114134895104, -0.2893912849935069, -0.42053088876302575, -0.06628814244233593, -0.6439964427853804, 0.6282665989805643, 0.007931287659293046, 0.6331028822299912, 0.21601215398098755, 0.3983689809275293, -0.2532360058890458, -0.05806538082091979, 0.07824537470940365], [-0.1556180529968163, -0.6066884518282949, -0.4369878518145438, -0.6128555657116622, 0.601599326470337, 0.01376137227355461, 0.0023960461062868463, -0.18441815171813847, 0.6157277384966063, 0.26974309494042303, 0.6789544017278004, -0.2588564654245997, -0.13414851128023156, 0.5203829024314075, -0.032976424911496306], [-0.32619162201761465, -0.5014981266485234, 0.012715186377353048, 0.06126082683021041, -0.01557410169671248, -0.7309972919803767, 0.2680863401866577, -0.6066254323616864, -0.5089336423315798, -0.1350834733069277, 0.07172343608230197, 0.6661095085106602, 0.6492563129493585, 0.5056133401276156, 0.0053831529265463696]], "inverted": true, "swapped": false, "error_lsq": 0.04356122221186247, "error_max": 0.25402062932779207, "target": "705.xyz", "model": "23.xyz", "model_rescale": 4.410303926677745, "target_rescale": 4.097182234621438},
{"mapping": [4, 8, 9, 10, 12, 5, 0, 15, 6, 14, 13, 11, 1, 7, 16], "R": [[-0.4990985892757232, -0.3849561155900499, -0.7763436012828359], [0.3827388011957518, -0.9017117693811131, 0.2010644051512376], [-0.7774391347508959, -0.19678585830644016, 0.5973807142253389]], "T": [0.0011264914230874404, -0.0011187124203105026, -0.004098251611211065], "aligned_model": [[-0.41211179979086704, 0.04344162953539408, 0.4670044286229488, 0.008208336400642759, -0.3746400562750161, -0.26862983426751114, -0.6793909793703835, 0.40651559922200126, 0.23836816965236426, 0.6506430461347364, 0.2614030962544553, 0.4023628990548295, -0.3439580003321716, -0.11259550158127227, -0.10036002354684706], [-0.41399007536280696, -0.7042316896539462, -0.40515871368034917, -0.6329898822456237, 0.6870463376210156, 0.15482385916155894, 0.2962576972856047, -0.05098844189564758, 0.567579737769691, 0.17929106813415394, 0.6457290272746881, -0.144412157441644, -0.22079475891069447, 0.36976381604048625, -0.047910417335853606], [-0.36831758845060314, -0.4278295787356556, -0.11423184612521035, 0.15233901533921512, -0.1813105545598649, -0.5504639464953918, 0.13319360532664354, -0.5893220311988201, -0.4492909611452331, -0.06517644944345581, 0.08551600204335152, 0.46408741713085455, 0.7502189745733077, 0.5357576134786668, 0.040074741909478254]], "inverted": true, "swapped": false, "error_lsq": 0.037065697740497665, "error_max": 0.22857155083206274, "target": "705.xyz", "model": "24.xyz", "model_rescale": 4.28219845311461, "target_rescale": 4.097182234621438},
{"mapping": [12, 14, 2, 13, 5, 10, 9, 6, 8, 0, 1, 4, 7, 3, 15], "R": [[0.18188373139004974, -0.5617890608563735, 0.8070386356041118], [0.6809323975372329, 0.6640598818910453, 0.308796928817382], [-0.7094007176764262, 0.493373615391992, 0.5033220613038998]], "T": [-0.047816372009807775, -0.013833565767585564, -0.009604632329572975], "aligned_model": [[-0.6048033740927286, -0.031535747075334755, 0.4221254788274851, -0.1542668748815453, -0.4112189356231139, -0.09080820937878777, -0.6565791357900458, 0.6005540758056102, 0.0962119059696853, 0.7620600280462931, 0.1850882099030992, 0.3960331925602896, -0.2842620743219124, -0.06797382526036129, 0.025636295024670283], [-0.4960169049748111, -0.48326929133397667, -0.5036311889441343, -0.561546564825121, 0.7284458074159667, 0.09003662453523922, 0.11296950127515645, 0.048985574157615, 0.49239671290453635, 0.07624711506455056, 0.5711940286249465, -0.039050609457905776, -0.22735363609354578, 0.47978311562004927, -0.00917487720793276], [-0.21377271782452567, -0.6091958811886004, -0.09923146731855745, 0.1943444251302718, -0.21512978850188064, -0.7951410759870093, 0.2553530312736331, -0.6323940453896492, -0.46229969197417714, 0.029636412620775716, 0.10604815998402559, 0.5709211963500539, 0.7003591802527006, 0.5870372986425424, -0.0012906224223207148]], "inverted": true, "swapped": false, "error_lsq": 0.03928464197751131, "error_max": 0.2552194875229389, "target": "705.xyz", "model": "25.xyz", "model_rescale": 4.100010024507729, "target_rescale": 4.097182234621438},
{"mapping": [1, 3, 6, 13, 7, 8, 5, 10, 11, 9, 2, 14], "R": [[-0.266842213756876, 0.7637934295024592, 0.5877200268888253], [0.5013436658215066, 0.6308351927175606, -0.5922005474243093], [-0.8230733634968289, 0.13662560769442164, -0.5512564572176428]], "T": [0.03974342352744471, -0.04826044504948591, 0.019903549193891854], "aligned_model": [[-0.788398835655713, -0.2173099320598632, 0.38753401202575916, 0.7848231845521257, -0.5137919649346833, 0.13511730029328117, -0.22240604875998798, 0.5744609516935818, 0.22262522255391604, -0.14178500593455856, -0.39900916897520605, 0.054905887564355396], [-0.14929626325750905, -0.6136930242300271, -0.36263763293168744, -0.24628028068606844, 0.567181532936225, 0.6613347853068555, 0.2712000777589672, 0.4281724828084612, -0.27765722031826195, 0.46466619827623545, -0.04518442907453428, -0.0316748365380163], [0.13330801842352258, 0.0054723796659341545, 0.5942946450661954, -0.22499833358509025, 0.020593948096932588, 0.24826674911751706, 0.500498479964903, -0.1864397667247012, -0.6059597805174722, -0.4874512997231503, -0.4200278779751153, -0.012364871955118949]], "inverted": false, "swapped": true, "error_lsq": 0.046554593963574635, "error_max": 0.23798676794761944, "target": "705.xyz", "model": "26.xyz", "model_rescale": 3.6694154284099745, "target_rescale": 4.097182234621438},
