[{"mapping": [7, 1, 13, 6, 12, 4, 9, 0, 8, 10, 3, 14], "R": [[-0.25161576078036924, 0.8444743138275836, 0.47281353852480557], [0.9281206975937468, 0.349035605227421, -0.1294840414167881], [-0.27437470660578855, 0.40624780561740853, -0.8715969485983917]], "T": [-0.17696579547262564, -0.011181461190951744, 0.09556660621181105], "aligned_model": [[-0.23999706426211476, 0.2662853693989805, 0.3875946510005441, -0.2563813886619327, -0.168930525065837, -0.6949498440380857, 0.509662005713517, -0.3448759540402191, 0.6778508806933932, 0.3414200201476139, -0.6111857548501973, -0.028849933575113174], [-0.2766235585568121, -0.6147187555495821, -0.36017165927842776, 0.674762650549393, 0.3562748691481701, -0.5937336704637826, -0.25389878707136043, -0.5109330204068826, 0.1690607614718142, 0.30662142147340193, 0.1487711927229306, 0.008143591938194483], [-0.5521036548038722, 0.14361982855199784, -0.32906469670079397, -0.007387053269060598, -0.5815375784384602, -0.0588260537655884, 0.4141326260584619, 0.49886593814217256, -0.1045681685703594, 0.4711962972375455, 0.3078217764973891, -0.020197515585869838]], "inverted": false, "swapped": true, "error_lsq": 0.04533804351412878, "error_max": 0.2664633028419344, "target": "706.xyz", "model": "0.xyz", "model_rescale": 3.751011558992144, "target_rescale": 4.062674845182375},
{"mapping": [11, 6, 6, 9, 10, 10, 5, 4, 0, 7, 3, 13, 8, 1, 14], "R": [[-0.9358810246785749, 0.3387141701212014, -0.09695059878972788], [0.2605513441208349, 0.48017085761222744, -0.8375851864597204], [-0.23714911917063325, -0.8091406913875017, -0.5376352265407736]], "T": [0.0030980413541111668, 0.10539880769323652, 0.10326434162093315], "aligned_model": [[-0.6014376724932367, -0.7012497547958004, -0.7012497547958004, 0.11940603712811725, -0.05478144442786109, -0.05478144442786109, 0.556470620956728, 0.024343510525998726, -0.003076158152161404, -0.5422110761104696, 0.04965023176519221, 0.3768546921170414, 0.4956405773347114, -0.2783125578331649, -0.017640130672874833], [-0.17260424743078817, -0.07673162234018129, -0.07673162234018129, -0.18021143546813473, -0.7013704829113881, -0.7013704829113881, -0.06970916943210866, -0.46275158302341823, 0.7581205211122141, 0.47330545450588546, 0.833008839461978, 0.37774265957983355, -0.03589228319519204, 0.24005853664464016, 0.10749243433720589], [-0.3371693775144915, 0.2888672343374683, 0.2888672343374683, -0.4790490280131756, -0.031743158140325106, -0.031743158140325106, -0.1273913140362292, 0.6531077133896462, 0.4898141606499118, 0.1866890947720045, -0.12438105093115961, -0.456768684771821, 0.5249952155503029, 0.7264500133910959, 0.05257551255749662]], "inverted": false, "swapped": false, "error_lsq": 0.05385032248920234, "error_max": 0.3703239511244091, "target": "706.xyz", "model": "1.xyz", "model_rescale": 3.9405287249114394, "target_rescale": 4.062674845182375},
{"mapping": [11, 6, 3, 13, 12, 0, 9, 8, 7, 4, 2, 0, 14], "R": [[0.32739310556909784, 0.4791236409330629, 0.8144042553455054], [0.3517757994206795, 0.7381425467161288, -0.5756729693752953], [-0.8769649601710229, 0.4749590692117305, 0.0731186789115014]], "T": [-0.07301732228495342, 0.051120317185536536, -0.08798932138378132], "aligned_model": [[-0.3999818232929446, 0.1839095143233245, -0.45007067945988344, 0.45559657254876973, 0.47668241890898877, -0.6185107744175646, 0.1311437722777484, 0.7185761211667991, 0.17719714227475966, -0.558976753231911, -0.10992059679283908, -0.6185107744175646, 0.10884913939624888], [0.7746037912668695, 0.4094791665005886, 0.1920930660490949, -0.32987993822463624, -0.18216690122049137, -0.03778264299892547, 0.296211274358863, 0.2532367562959244, -0.5969486033929674, -0.5774972313232064, -0.7258585026508667, -0.03778264299892547, 0.02112500191069574], [-0.08055853591349996, -0.6292777404557385, -0.3996646843014826, 0.35500114698148955, -0.5747809250576782, 0.27960957792810615, 0.6400920043099989, 0.2804960949959968, -0.1943312736351484, -0.10195548522305269, 0.3051809544837558, 0.27960957792810615, -0.04630036245220927]], "inverted": false, "swapped": true, "error_lsq": 0.054753684511546274, "error_max": 0.3845326374463733, "target": "706.xyz", "model": "2.xyz", "model_rescale": 3.932901565614263, "target_rescale": 4.062674845182375},
{"mapping": [5, 4, 7, 3, 12, 8, 13, 6, 11, 10, 1, 0, 9, 14], "R": [[0.9761877316085799, 0.15001868583719408, -0.15669048010832304], [0.09279579057753423, 0.36410541598313517, 0.9267233607192811], [0.1960776731501726, -0.9191961923068599, 0.34151413754130994]], "T": [-0.02446813842111113, -0.003555777848198702, -0.012905030143456262], "aligned_model": [[-0.0661284339242663, 0.43481829989348586, 0.17759808673381378, -0.24989647556681382, -0.4301536376988474, -0.04994152405348806, 0.3961889346653335, -0.7183509025364995, -0.32609526546777895, -0.20901597817449788, 0.6551330910806574, 0.46057589494759177, 0.36801027827148286, -0.02293245611746974], [0.23131264792955814, 0.31908390406421355, -0.3771161733294901, 0.4406222927206231, -0.5076135173872637, -0.7749349094636591, -0.6697926771834651, -0.08068623515284896, 0.4769116715434939, -0.15019912333508006, -0.23452573683959732, 0.4406798651553638, -0.258574649375355, -0.1916707209960048], [-0.6281755425684132, -0.5754628029877814, -0.5728434968367382, -0.11812854636676182, -0.4311201279510976, 0.44270234325127605, -0.009676977657361228, -0.014699213224295743, 0.5425780434650197, 0.6618230742903938, 0.2058025827149982, 0.07644133297814264, 0.6295743969518248, 0.005081296997891383]], "inverted": true, "swapped": true, "error_lsq": 0.04791074565054378, "error_max": 0.37330534929100556, "target": "706.xyz", "model": "3.xyz", "model_rescale": 3.9243930471874484, "target_rescale": 4.062674845182375},
{"mapping": [1, 0, 2, 13, 7, 9, 8, 4, 5, 3, 12, 6, 14], "R": [[-0.1622321481401165, -0.6465185713041336, 0.7454491713515455], [0.4338999018154661, -0.7252406520007233, -0.5345623180603876], [0.8862345092098213, 0.2367271290841592, 0.39818169350335486]], "T": [-0.1753879531643983, 0.04106113619457416, -0.04904748088423358], "aligned_model": [[0.0005523593101797175, -0.26350046595056065, 0.5207985663557713, 0.27191846000014613, 0.5218154877430419, -0.4419561369196448, -0.21742958732988132, 0.31309813144148907, 0.20838463440453148, -0.36891405587787174, 0.23730455280831342, -0.3981940633574179, -0.10667199631674379], [-0.5203699540384028, 0.11639547262851618, -0.17745411836749733, -0.6075719623966452, 0.010562796302684002, -0.6644312196697919, -0.7628678265047236, 0.41024496712849157, 0.5767641771771129, 0.5102384686332258, 0.07825418675090248, 0.2631431090492339, -0.10507854301151828], [-0.5147492206117187, -0.702619754063712, -0.5257195039059291, -0.04390203141884111, 0.03393702462123971, -0.30019621345433056, 0.3448858392207954, -0.5556008232630838, -0.0836511515148148, -0.08910194659280735, 0.6004603094093016, 0.5742202396556656, 0.04910754728919875]], "inverted": false, "swapped": true, "error_lsq": 0.04522865081724025, "error_max": 0.27522447823506596, "target": "706.xyz", "model": "4.xyz", "model_rescale": 3.8936222436046832, "target_rescale": 4.062674845182375},
{"mapping": [6, 12, 8, 10, 13, 2, 4, 0, 11, 3, 9, 14], "R": [[-0.1968943966351477, -0.37089299949937193, 0.9075632096421936], [0.8222523233548827, -0.5666331274941883, -0.05317908953388423], [0.5339791319060877, 0.7357752929723274, 0.41653451830587473]], "T": [-0.04336596780868423, -0.1374033540757089, 0.03667850494716387], "aligned_model": [[0.17314069691038533, -0.48784757042160654, -0.2849907472710501, 0.340875029378707, -0.663669261692992, -0.7222159926421016, -0.3450513870906144, 0.1276652401416235, 0.7448251844080853, 0.285619888812155, 0.021524667735582294, -0.16232770605307664], [-0.6285241306422616, -0.6192134868564004, 0.28489006308080134, 0.20286673367571753, 0.28958961223982793, 0.17531560013792355, -0.2352974375274023, 0.19440730657602914, -0.07373866881721065, -0.45056218884328625, 0.6198085745508758, -0.09061907246480663], [-0.4098087444007365, -0.3681102029440193, -0.716008994972348, -0.460709989399256, -0.19513010104000483, 0.48502023112121795, 0.7653171676392123, 0.5855371432223944, -0.03467171704998643, 0.2666435724669502, -0.1962872590815014, -0.10250638628640382]], "inverted": true, "swapped": true, "error_lsq": 0.05634998950560899, "error_max": 0.2727187045073708, "target": "706.xyz", "model": "5.xyz", "model_rescale": 3.6523030999806103, "target_rescale": 4.062674845182375},
{"mapping": [12, 7, 5, 6, 3, 8, 2, 10, 13, 9, 0, 11, 14], "R": [[-0.667754220181827, 0.07863392254612148, 0.7402168652863637], [0.5256311946802406, 0.7539291772309189, 0.3940845631319917], [-0.527082677203855, 0.6522327053628331, -0.5447718324644699]], "T": [0.16757969778062898, 0.044475838310616474, 0.022400190650139394], "aligned_model": [[0.12458911603924966, -0.2567555558864712, 0.3218548933027312, 0.6417565339459894, 0.6226851707195256, -0.29400587255115906, -0.5515566835277803, 0.24485483470342734, -0.5851091275631136, -0.2637306238102085, 0.09522322041567977, 0.7367383382718702, 0.044538660604553776], [-0.3411235056040653, 0.15631498732766552, 0.4628341310111607, -0.3994862103169254, 0.2709566966426464, -0.7084574032952952, 0.504911476880812, -0.4679020609590023, -0.1782459812240912, -0.202119808691999, 0.5834367701275268, -0.04792873551936332, -0.09236345221588657], [0.688000485873795, 0.5713453720168611, 0.5088486093788921, 0.27829009724281534, 0.05014025624422635, -0.1301875929543684, 0.19699312230154378, -0.46985749837029417, 0.09087590022794015, -0.5980961751843109, -0.3582327658615215, -0.5234103767176667, 0.06540030528387716]], "inverted": true, "swapped": true, "error_lsq": 0.05666113513693868, "error_max": 0.33887921912714747, "target": "706.xyz", "model": "6.xyz", "model_rescale": 4.08911054899281, "target_rescale": 4.062674845182375},
{"mapping": [2, 6, 3, 1, 0, 9, 11, 3, 5, 7, 12, 13, 8, 4, 14], "R": [[-0.38318648328858523, -0.04422439505954201, 0.9226116853295023], [0.29995446941782145, 0.938760158450568, 0.16957795016492588], [-0.87361057416975, 0.34172147691867777, -0.34645489881269903]], "T": [0.001160148553526752, 0.12970324102796446, 0.10704100439122094], "aligned_model": [[-0.5693853058309061, -0.4757437568061271, -0.3133835452191897, 0.05046743233068286, -0.5356307771201766, 0.3642726560101611, 0.5465808640269281, -0.3133835452191897, -0.13242808779114945, -0.5780805200213547, 0.32338616755270144, 0.053446412345237726, 0.34276403780791137, -0.19551475677652255, 0.10025840082955206], [0.013856135053709862, -0.0038443911231262062, -0.4530521978791472, -0.32861944857627123, -0.6320155651881042, -0.5650589269354384, 0.14113529583026885, -0.4530521978791472, 0.7560960808109125, 0.6146007250084117, 0.7349257992382495, 0.4485626716074681, -0.13511000234859374, 0.17121654833817648, 0.0027149906316082384], [-0.45080922264996753, 0.16925564457359843, 0.5405266435971452, -0.46344577268240567, -0.020615352579455876, 0.11052594386540779, -0.10956142914228484, 0.5405266435971452, 0.5196999712904042, -0.06220332324136832, -0.08758161948519005, -0.5498374718133521, 0.6346106227958916, 0.7826482250689153, 0.06938090424338411]], "inverted": false, "swapped": false, "error_lsq": 0.05661095500729394, "error_max": 0.33417548183076945, "target": "706.xyz", "model": "7.xyz", "model_rescale": 3.964800864290218, "target_rescale": 4.062674845182375},
{"mapping": [9, 11, 1, 8, 2, 6, 13, 0, 3, 5, 12, 7, 4, 14], "R": [[0.5132471688414315, 0.5149044899611726, 0.686622683789343], [0.5775237806893458, 0.3845940109031354, -0.72010674869475], [-0.6348571700898871, 0.7661336782802749, -0.09997780048689085]], "T": [0.03891260782358269, -0.171522980941539, 0.09493647627181434], "aligned_model": [[-0.08735349405471146, 0.2388772411915166, 0.12729992326320802, -0.7082209295606157, 0.264401247426154, -0.3546514708491529, -0.3441064838019066, 0.6419838974838121, 0.33440983541674557, 0.3089841703827677, -0.5334958634288189, -0.11413759540359755, 0.6139735302322025, -0.1267761188367305], [-0.07489542645123437, -0.8906914093894802, 0.3305867821181883, -0.046332447669882815, 0.6691397646075765, -0.6436321260131127, 0.4514033185487965, -0.06923606004163885, -0.4963091759174616, -0.014227684423687631, -0.02730070361897738, 0.42606043379097364, 0.28641065047182795, -0.09002744983068513], [-0.6838919604681867, -0.1756189814196752, -0.4556190988779866, -0.3839910176706168, 0.04930944891373982, 0.4260646810379324, -0.19848063357360585, -0.16281960770059134, 0.3525784720076233, 0.6761215603015083, 0.5900195742564815, 0.4316543294249726, 0.3967863881335402, 0.05470188435988513]], "inverted": true, "swapped": true, "error_lsq": 0.051128815558571336, "error_max": 0.3648457851988997, "target": "706.xyz", "model": "8.xyz", "model_rescale": 4.121658175737393, "target_rescale": 4.062674845182375},
{"mapping": [0, 3, 5, 2, 11, 9, 6, 8, 12, 10, 1, 13, 14], "R": [[-0.5365313096074307, 0.3256367451428754, -0.7785209464257782], [0.8364650814031398, 0.32724936556623563, -0.4395839172782995], [0.11162580975820083, -0.8870561216457785, -0.447963297209242]], "T": [-0.032151083839850846, -0.07573394742326583, -0.18710714743999163], "aligned_model": [[-0.5531797767523298, -0.17196452531436793, 0.2417324657867567, 0.10863881069785028, -0.6116974656140046, -0.43493306850405544, 0.26427735559483606, 0.17487443884506104, 0.7203904288118559, -0.3236465375044294, -0.26786278624679466, 0.25207753651286424, 0.0780306201219548], [0.258358272973704, -0.3497539201630772, 0.012403070642842781, 0.7798125814710168, -0.6181745051370959, 0.1604121901738757, -0.7074222536442625, -0.06780977722144427, -0.2287071505242601, -0.41090637221792187, 0.5452571787147282, 0.456760739750059, -0.03984261540645483], [-0.4269139089304901, -0.5927539618631286, -0.7809726443319605, -0.27575897462103227, -0.1705671510524343, 0.4562088100592037, -0.16417941420427634, 0.6848621050240478, -0.12514532034769416, 0.37281252268803194, 0.16196016358373289, 0.3193490688324046, -0.03782586087731604]], "inverted": true, "swapped": true, "error_lsq": 0.04104527639017725, "error_max": 0.3112284232270801, "target": "706.xyz", "model": "9.xyz", "model_rescale": 3.833441315466971, "target_rescale": 4.062674845182375},
{"mapping": [10, 2, 13, 12, 0, 1, 6, 5, 3, 9, 7, 11, 4, 2, 14], "R": [[0.03862346759828167, -0.16346366111767138, 0.9857930103448146], [0.07606704767768176, -0.9831856116240115, -0.1660116181269236], [0.9963543706976379, 0.08139830827188796, -0.025539839509850448]], "T": [-0.04215469604505838, 0.0047580063301642245, -0.005091126441468058], "aligned_model": [[-0.5775607304566743, -0.47590899644013185, -0.6469010842911443, 0.2795666940296779, -0.2910225265860859, 0.2712704567406375, 0.6272855871256638, -0.10543965973287348, 0.07785596551330314, -0.4807610484938171, 0.1040991594864752, -0.05710596848943094, 0.4847223227554489, -0.47590899644013185, -0.0665654986023578], [-0.19174714651614289, 0.18520171432460614, -0.3587796292320475, -0.22130737354072744, -0.6277303392780791, -0.663903521375407, -0.09953255658706879, -0.34498916488494585, 0.645216964959699, 0.6529736973867378, 0.6389447029952297, 0.3474192813211177, 0.08029532066849053, 0.18520171432460614, 0.08509185202290817], [-0.5971048481915192, 0.5389194709384283, 0.3661348624760721, -0.4616104015033011, -0.04805922268991713, 0.01119898962748065, 0.04184237757885198, 0.5703279652343913, 0.5691314899462255, 0.207866644002248, -0.1476780132755297, -0.5947493249916441, 0.5887163350245206, 0.5389194709384283, 0.03926461232313231]], "inverted": true, "swapped": false, "error_lsq": 0.04693028236738065, "error_max": 0.359949482897566, "target": "706.xyz", "model": "10.xyz", "model_rescale": 4.2482417240324, "target_rescale": 4.062674845182375},
{"mapping": [12, 6, 10, 11, 2, 1, 13, 0, 3, 4, 5, 14], "R": [[-0.32150937024498966, 0.49983693726468936, -0.8042355133855539], [-0.9344657709706639, -0.3047064360477127, 0.18419476299641124], [-0.15298839083039306, 0.8107509013112204, 0.5650464833039585]], "T": [0.021705398279919352, -0.028740815336536142, -0.025254666884347673], "aligned_model": [[-0.6564355260221568, -0.10378084670964857, 0.4517552608968097, 0.7154545344404069, -0.33651711943089985, 0.13574349673709454, -0.3234243675273139, 0.4111622820183625, 0.17584873778169827, -0.18353189834324765, -0.3341459199166831, -0.0753630315614154], [-0.3758415996034305, -0.7152484386329812, -0.32260016342397646, -0.40217339399342966, 0.7655496973883912, 0.6007123429793333, 0.3678793100738769, 0.4475978299429957, -0.2224038770657866, 0.5230517367581526, 0.03477889103795547, -0.03517094541046141], [0.08965716669142305, -0.044904154095164434, 0.46415721491966105, -0.12348696317810874, -0.004760444049033183, 0.3669468203712413, 0.561611859993485, -0.2742940696832334, -0.4701350230901549, -0.5590282856399602, -0.5773340518900185, 0.13676221950421952]], "inverted": false, "swapped": true, "error_lsq": 0.049487516313845244, "error_max": 0.2819781334827483, "target": "706.xyz", "model": "11.xyz", "model_rescale": 3.6694154284099745, "target_rescale": 4.062674845182375},
{"mapping": [7, 12, 6, 8, 13, 4, 2, 0, 10, 11, 3, 9, 5, 14], "R": [[-0.33437739960080753, 0.8297355989630708, 0.44691228496159763], [0.8540533646153676, 0.4672834903372414, -0.2285585046490623], [-0.3984778601445407, 0.3052621422181919, -0.8648875184109136]], "T": [-0.024353665579245946, 0.10988704871685702, 0.038059900581163535], "aligned_model": [[-0.09172702789790471, -0.07183997611418377, -0.1614251295650483, 0.8051238474668828, 0.5487682672456663, -0.5006101468455858, 0.05008800831573038, -0.13648419600689043, 0.4818068445379276, -0.06032536469290988, -0.4611258362440017, 0.6912143391789037, -0.6123199131009399, 0.1171211339781636], [-0.2563877063897842, 0.36778184051721025, 0.7641690534505295, 0.31777432689628055, -0.25923843949477715, -0.5251355127724826, -0.7192691600456349, -0.33218214259731765, 0.5182938443062116, 0.5641790707346217, 0.26922443140712704, -0.030793099821339473, -0.06906063897845412, 0.12163142092406337], [-0.5579374557257013, -0.6863668547376505, -0.1633155917604792, -0.23027323505624658, -0.3570502404731214, 0.00014216062820482378, -0.2200083512977818, 0.5203433936236597, 0.3344137737808919, 0.6882245984499356, 0.24548639681326495, 0.354327624225076, -0.20221073422916977, -0.08668002458846691]], "inverted": false, "swapped": true, "error_lsq": 0.06044698450784548, "error_max": 0.399030634776262, "target": "706.xyz", "model": "12.xyz", "model_rescale": 3.9764082729961374, "target_rescale": 4.062674845182375},
{"mapping": [13, 10, 11, 6, 14, 14, 4, 3, 2, 1, 9, 5, 7, 8, 15], "R": [[0.09969386084829224, 0.6979225101093298, -0.7092004681272102], [-0.06735901686215595, -0.7063824203705695, -0.7046180802667357], [-0.992735562451817, 0.11801714313653236, -0.023410616595170797]], "T": [-0.0825660114935247, 0.14066071894338017, 0.022995759596935728], "aligned_model": [[-0.4519085922258405, -0.8339443434038776, -0.5968477879758219, 0.1453889842581641, -0.1748719174880521, -0.1748719174880521, 0.6206196622535629, 0.051938754331564765, 0.010520748141326905, -0.4405129853483908, 0.011902947327329452, 0.3618486727518892, 0.48571761558850446, -0.34007435977839784, -0.007279804825350039], [-0.18598620491779871, 0.23259973074515472, -0.37219945192924575, -0.37014129131870976, -0.6525119709999025, -0.6525119709999025, 0.03667033267595177, -0.4246053963988371, 0.6339372463046965, 0.6218192975508755, 0.689146760204213, 0.4233827867957828, 0.18009802447758094, 0.08273874276294688, 0.06991888163617083], [-0.33945201785096213, 0.2934115864318204, 0.34398391866222594, -0.497366260465335, -0.011132574990849506, -0.011132574990849506, -0.07986156673441311, 0.6319507120604726, 0.6428930387014367, 0.23200045906934993, -0.2044636980629865, -0.6292217858670213, 0.5195157662891994, 0.6787299526107657, 0.0532654525750141]], "inverted": false, "swapped": false, "error_lsq": 0.04609353745739489, "error_max": 0.32362335026040157, "target": "706.xyz", "model": "13.xyz", "model_rescale": 4.170626492500431, "target_rescale": 4.062674845182375},
{"mapping": [5, 4, 3, 0, 6, 10, 11, 7, 12, 1, 13, 9, 8, 14], "R": [[0.4860967902833308, -0.33094378337326347, 0.8088177314592171], [0.6234640010961159, 0.779872641452922, -0.05559948246579936], [-0.6123745176062327, 0.5312954689810866, 0.5854251231598293]], "T": [-0.03788275217238625, 0.02144828586778658, -0.03543500576204342], "aligned_model": [[0.23196051249115862, -0.012183532421138961, -0.1990169774468485, -0.5423541748109869, 0.22220204380936487, -0.33993985872443033, -0.6472282486081203, 0.532084085350439, 0.7054873598279748, -0.23257737795227512, 0.28367126002750376, -0.4171203805000113, 0.1818734559547759, 0.0763248550942379], [-0.3936662636462604, -0.7546584697102179, -0.0065171634588248595, -0.40886428687548815, 0.5522728830348247, 0.6135457175298805, 0.4443105777649752, -0.36207128355699514, 0.20905862054235744, -0.2763546394140393, -0.09207130789052892, 0.20149289445113827, 0.5436332326678848, 0.08596395648695994], [-0.4716930537174605, -0.20428256601145459, -0.5175530172676017, -0.004849602307539502, -0.4069276205135972, 0.22724793362816872, -0.3187632373695739, 0.11275324915643034, -0.11134308211482083, 0.6252051333493065, 0.6748823307626097, 0.639558702968413, 0.6590308516305246, 0.10060707892746171]], "inverted": false, "swapped": true, "error_lsq": 0.04889285596159622, "error_max": 0.2921565107659296, "target": "706.xyz", "model": "14.xyz", "model_rescale": 3.9786697098870705, "target_rescale": 4.062674845182375},
{"mapping": [0, 10, 4, 2, 3, 12, 8, 12, 7, 13, 6, 14], "R": [[-0.2515420045193673, -0.8862887842629833, 0.3888686292978926], [0.9046998808711798, -0.35806816054423324, -0.2308794446375475], [0.3438673370851784, 0.29373352429389543, 0.8918945403980428]], "T": [-0.06779251620285451, 0.03283373522029399, -0.2104996603834737], "aligned_model": [[0.05874480929765763, -0.7528005684793764, 0.6346795174297077, 0.6226275686523604, -0.07871322968784494, 0.13677630158691093, -0.4771398413996458, 0.13677630158691093, 0.5292689561203998, 0.12371000998170914, -0.36999854732060833, -0.08057668100084477], [-0.3095682208682846, -0.13416830100677202, -0.04012872199876153, -0.4954511913773485, 0.38862668746693435, 0.43161477106690416, -0.3408236799853197, 0.43161477106690416, 0.00012607472205706377, -0.506151741151891, 0.6141540153553255, -0.02516997306530893], [-0.7648867085243165, -0.09347624794620789, -0.5748088235299799, -0.14824255855748866, -0.5744724548029367, 0.41614543964118567, 0.4938210337432405, 0.41614543964118567, 0.15876585671126262, 0.3314005501914593, 0.030672194386412305, -0.03109722707998666]], "inverted": false, "swapped": true, "error_lsq": 0.06352791578107843, "error_max": 0.525991224962087, "target": "706.xyz", "model": "15.xyz", "model_rescale": 3.769337070930944, "target_rescale": 4.062674845182375},
{"mapping": [13, 8, 7, 12, 1, 9, 0, 10, 3, 6, 14], "R": [[0.6874191588062398, -0.06601928312959526, 0.7232540040408877], [0.024700740936953514, 0.9974088969273595, 0.0675674901658623], [-0.7258407356323338, -0.02858227746703764, 0.6872687101210923]], "T": [0.06992114547858874, 0.21724274193215237, 0.1321597011689852], "aligned_model": [[-0.1712401196584335, -0.2901247434250308, -0.33237204745328214, -0.6952552902255914, 0.375001459822465, 0.388143083885915, 0.6905817642788031, 0.16325381612447415, 0.21523856701324376, -0.3657581417698205, -0.054842217901571996], [-0.002190556680449096, -0.5221055564861627, 0.5880277821752877, 0.30703044893749304, 0.034843587713315416, -0.39898571126434995, 0.40712481501072295, -0.4754039872130306, 0.4641351782884561, 0.07260962722858799, 0.12097886991547155], [-0.5851440497997944, -0.22418814612153673, -0.30896143384485675, 0.133569332852333, -0.5286689629786454, -0.2562357648608339, -0.0068402557315259405, 0.28165790196320517, 0.5530053424645581, 0.6581734250082281, 0.027850218272646027]], "inverted": true, "swapped": true, "error_lsq": 0.045483004963335766, "error_max": 0.2484208361790805, "target": "706.xyz", "model": "16.xyz", "model_rescale": 3.7852294659196426, "target_rescale": 4.062674845182375},
{"mapping": [13, 4, 5, 7, 1, 0, 11, 3, 12, 8, 10, 6, 14], "R": [[-0.8750023461639315, -0.047672139087600554, -0.481765774378409], [-0.20286826517965206, -0.8674454676013047, 0.45429376808509314], [-0.43956269312876634, 0.4952430997931889, 0.7493456551663056]], "T": [-0.037717178857726, 0.10293240277114243, 0.08154213528822166], "aligned_model": [[-0.006114702026807341, -0.41005931515509897, 0.046843418017461926, 0.1707479648465817, -0.5098090438925367, -0.6871097415474562, -0.2249083982103158, -0.07189921557947646, 0.6780383241932281, 0.26955184319391906, -0.009978999816673058, 0.5501186963321794, 0.058345019861277624], [-0.11963377095467945, -0.5660885853611743, -0.4217235470654901, -0.5210842891728673, 0.011208809514218265, 0.029130827568226186, 0.7718727198133728, 0.13526759205253, -0.16028893172547412, 0.4623492216874434, 0.7798109156536237, 0.37174043444614946, 0.10249422724699593], [-0.6736399495546167, 0.294342265757601, 0.4727482201917338, -0.16555029061536683, -0.4944387901138614, 0.19746633658052135, 0.4660777492352731, 0.5884643244145252, -0.02785341336806016, -0.6798106312573245, -0.14624342849405578, 0.3453921737951169, -0.08119986942831214]], "inverted": true, "swapped": true, "error_lsq": 0.04404006847110239, "error_max": 0.31611647626373734, "target": "706.xyz", "model": "17.xyz", "model_rescale": 3.901054581598922, "target_rescale": 4.062674845182375},
{"mapping": [11, 6, 6, 9, 10, 10, 5, 4, 0, 7, 3, 13, 8, 1, 14], "R": [[-0.9358810246785749, 0.3387141701212014, -0.09695059878972788], [0.2605513441208349, 0.48017085761222744, -0.8375851864597204], [-0.23714911917063325, -0.8091406913875017, -0.5376352265407736]], "T": [0.0030980413541111668, 0.10539880769323652, 0.10326434162093315], "aligned_model": [[-0.6014376724932367, -0.7012497547958004, -0.7012497547958004, 0.11940603712811725, -0.05478144442786109, -0.05478144442786109, 0.556470620956728, 0.024343510525998726, -0.003076158152161404, -0.5422110761104696, 0.04965023176519221, 0.3768546921170414, 0.4956405773347114, -0.2783125578331649, -0.017640130672874833], [-0.17260424743078817, -0.07673162234018129, -0.07673162234018129, -0.18021143546813473, -0.7013704829113881, -0.7013704829113881, -0.06970916943210866, -0.46275158302341823, 0.7581205211122141, 0.47330545450588546, 0.833008839461978, 0.37774265957983355, -0.03589228319519204, 0.24005853664464016, 0.10749243433720589], [-0.3371693775144915, 0.2888672343374683, 0.2888672343374683, -0.4790490280131756, -0.031743158140325106, -0.031743158140325106, -0.1273913140362292, 0.6531077133896462, 0.4898141606499118, 0.1866890947720045, -0.12438105093115961, -0.456768684771821, 0.5249952155503029, 0.7264500133910959, 0.05257551255749662]], "inverted": false, "swapped": false, "error_lsq": 0.05385032248920234, "error_max": 0.3703239511244091, "target": "706.xyz", "model": "18.xyz", "model_rescale": 3.9405287249114394, "target_rescale": 4.062674845182375},
{"mapping": [12, 1, 0, 13, 4, 7, 11, 8, 2, 3, 10, 14, 5, 6, 15], "R": [[0.563865840089886, 0.8248968385848825, 0.040006500376733076], [0.8060643576163435, -0.5602440352124212, 0.19075343349322665], [0.1797653074435625, -0.07531153100003912, -0.9808224138640755]], "T": [-0.09383862360629408, -0.05701961837110393, 0.026120297825027214], "aligned_model": [[-0.4810252969971851, -0.6142131048969173, -0.5609897346409487, 0.27392864307471665, -0.4850344855322728, 0.16358055673350103, 0.5617125164016079, -0.010398387589788338, 0.054331919485793356, -0.5498049116612107, 0.15531580691855126, 0.053013733622862075, 0.41601265706173557, -0.22632925839889206, -0.08247497746299397], [-0.046320709172066404, 0.2345513152611225, -0.36029522851546786, -0.22011684719007973, -0.6661290768418862, -0.7115961381122381, 0.2040493032143782, -0.43827903069771557, 0.5781549322286355, 0.6201488237597698, 0.6865384715204151, 0.368767360707443, 0.038988807142248394, 0.04701685432509885, -0.02312332104068058], [-0.36132140811257446, 0.3084608968570921, 0.4291934942876582, -0.511909791372144, -0.07691607356633826, 0.05596144958086946, -0.11985546357510964, 0.6741566726234127, 0.6005104643871486, -0.21670935442821704, -0.028170342742586216, -0.6038628731403495, 0.6758099903633072, 0.7540667928597975, 0.04370595341590114]], "inverted": false, "swapped": false, "error_lsq": 0.04190365315706419, "error_max": 0.3020915197435894, "target": "706.xyz", "model": "19.xyz", "model_rescale": 4.410303926677745, "target_rescale": 4.062674845182375},
{"mapping": [9, 11, 1, 8, 2, 6, 13, 0, 3, 5, 12, 7, 4, 14], "R": [[0.5132471688414315, 0.5149044899611726, 0.686622683789343], [0.5775237806893458, 0.3845940109031354, -0.72010674869475], [-0.6348571700898871, 0.7661336782802749, -0.09997780048689085]], "T": [0.03891260782358269, -0.171522980941539, 0.09493647627181434], "aligned_model": [[-0.08735349405471146, 0.2388772411915166, 0.12729992326320802, -0.7082209295606157, 0.264401247426154, -0.3546514708491529, -0.3441064838019066, 0.6419838974838121, 0.33440983541674557, 0.3089841703827677, -0.5334958634288189, -0.11413759540359755, 0.6139735302322025, -0.1267761188367305], [-0.07489542645123437, -0.8906914093894802, 0.3305867821181883, -0.046332447669882815, 0.6691397646075765, -0.6436321260131127, 0.4514033185487965, -0.06923606004163885, -0.4963091759174616, -0.014227684423687631, -0.02730070361897738, 0.42606043379097364, 0.28641065047182795, -0.09002744983068513], [-0.6838919604681867, -0.1756189814196752, -0.4556190988779866, -0.3839910176706168, 0.04930944891373982, 0.4260646810379324, -0.19848063357360585, -0.16281960770059134, 0.3525784720076233, 0.6761215603015083, 0.5900195742564815, 0.4316543294249726, 0.3967863881335402, 0.05470188435988513]], "inverted": true, "swapped": true, "error_lsq": 0.051128815558571336, "error_max": 0.3648457851988997, "target": "706.xyz", "model": "20.xyz", "model_rescale": 4.121658175737393, "target_rescale": 4.062674845182375},
{"mapping": [12, 7, 5, 6, 3, 8, 2, 10, 13, 9, 0, 11, 14], "R": [[-0.667754220181827, 0.07863392254612148, 0.7402168652863637], [0.5256311946802406, 0.7539291772309189, 0.3940845631319917], [-0.527082677203855, 0.6522327053628331, -0.5447718324644699]], "T": [0.16757969778062898, 0.044475838310616474, 0.022400190650139394], "aligned_model": [[0.12458911603924966, -0.2567555558864712, 0.3218548933027312, 0.6417565339459894, 0.6226851707195256, -0.29400587255115906, -0.5515566835277803, 0.24485483470342734, -0.5851091275631136, -0.2637306238102085, 0.09522322041567977, 0.7367383382718702, 0.044538660604553776], [-0.3411235056040653, 0.15631498732766552, 0.4628341310111607, -0.3994862103169254, 0.2709566966426464, -0.7084574032952952, 0.504911476880812, -0.4679020609590023, -0.1782459812240912, -0.202119808691999, 0.5834367701275268, -0.04792873551936332, -0.09236345221588657], [0.688000485873795, 0.5713453720168611, 0.5088486093788921, 0.27829009724281534, 0.05014025624422635, -0.1301875929543684, 0.19699312230154378, -0.46985749837029417, 0.09087590022794015, -0.5980961751843109, -0.3582327658615215, -0.5234103767176667, 0.06540030528387716]], "inverted": true, "swapped": true, "error_lsq": 0.05666113513693868, "error_max": 0.33887921912714747, "target": "706.xyz", "model": "21.xyz", "model_rescale": 4.08911054899281, "target_rescale": 4.062674845182375},
{"mapping": [9, 11, 5, 13, 10, 7, 4, 6, 1, 15, 2, 3, 0, 8, 16], "R": [[0.22289804255945, -0.8773755711995742, -0.4248865374254485], [-0.42552916211809977, -0.4797048917567648, 0.7673383536691614], [-0.8770640767984026, 0.009763395252264773, -0.4802741730542196]], "T": [-0.1280304832349284, 0.02174512735402616, 0.05146198285650399], "aligned_model": [[-0.7051296709032806, -0.6884437102515023, -0.7253744378603061, 0.34001375271722634, -0.3918479753348969, 0.22579135573261563, 0.5075710487786101, 0.04879984788051239, -0.019841683759681553, -0.4527698110613432, 0.15138475811018634, 0.2594768456394465, 0.5436472122741149, -0.34430701195992097, -0.08134484388322216], [-0.22767519024050104, 0.3776925526161394, -0.2960837673259424, -0.19541296437706002, -0.7406951326911564, -0.5944986444082416, 0.27076728455266, -0.43981198704097285, 0.5662080527871461, 0.6571780929501726, 0.6837744879590335, 0.27625837027714645, -0.05808020233138768, 0.019784139481235627, 0.012950424380704671], [-0.2836404556993681, 0.4324232350759261, 0.2511969260366899, -0.36146285584409443, 0.03660971234810766, 0.02230880046978661, -0.09098394932107956, 0.6093689578087216, 0.6187834858536609, -0.0977905986645822, -0.01852428704144877, -0.6829356632044579, 0.42902838532837445, 0.7102355674129157, 0.04850314687871563]], "inverted": false, "swapped": false, "error_lsq": 0.04520563745036677, "error_max": 0.269557248510749, "target": "706.xyz", "model": "22.xyz", "model_rescale": 4.204369325754507, "target_rescale": 4.062674845182375},
{"mapping": [12, 1, 0, 13, 4, 7, 11, 8, 2, 3, 10, 14, 5, 6, 15], "R": [[0.563865840089886, 0.8248968385848825, 0.040006500376733076], [0.8060643576163435, -0.5602440352124212, 0.19075343349322665], [0.1797653074435625, -0.07531153100003912, -0.9808224138640755]], "T": [-0.09383862360629408, -0.05701961837110393, 0.026120297825027214], "aligned_model": [[-0.4810252969971851, -0.6142131048969173, -0.5609897346409487, 0.27392864307471665, -0.4850344855322728, 0.16358055673350103, 0.5617125164016079, -0.010398387589788338, 0.054331919485793356, -0.5498049116612107, 0.15531580691855126, 0.053013733622862075, 0.41601265706173557, -0.22632925839889206, -0.08247497746299397], [-0.046320709172066404, 0.2345513152611225, -0.36029522851546786, -0.22011684719007973, -0.6661290768418862, -0.7115961381122381, 0.2040493032143782, -0.43827903069771557, 0.5781549322286355, 0.6201488237597698, 0.6865384715204151, 0.368767360707443, 0.038988807142248394, 0.04701685432509885, -0.02312332104068058], [-0.36132140811257446, 0.3084608968570921, 0.4291934942876582, -0.511909791372144, -0.07691607356633826, 0.05596144958086946, -0.11985546357510964, 0.6741566726234127, 0.6005104643871486, -0.21670935442821704, -0.028170342742586216, -0.6038628731403495, 0.6758099903633072, 0.7540667928597975, 0.04370595341590114]], "inverted": false, "swapped": false, "error_lsq": 0.04190365315706419, "error_max": 0.3020915197435894, "target": "706.xyz", "model": "23.xyz", "model_rescale": 4.410303926677745, "target_rescale": 4.062674845182375},
{"mapping": [13, 12, 6, 11, 14, 9, 10, 15, 2, 0, 3, 1, 8, 5, 16], "R": [[-0.4742670263116542, 0.857429911325913, -0.19971162939883647], [0.3155565320197087, 0.3773349242849138, 0.8706563214119527], [0.8218849450216227, 0.3499032753183884, -0.44952512173211057]], "T": [-0.09206720197376439, -0.031176575114301303, 0.04438561126000502], "aligned_model": [[-0.7122873076472486, -0.8141483602648667, -0.679110915655011, 0.11300597162976073, -0.236411171562051, 0.3297327325646851, 0.5495952727281871, -0.06466745999339574, -0.08716224890731726, -0.4188024085487486, 0.30213568310632444, 0.16604715246193985, 0.5758339929119775, -0.3079222300020741, -0.04821302670360323], [-0.29666221954077565, 0.2704776701592023, -0.37789402190289534, -0.32360757673717466, -0.6871060757493198, -0.49126239641870906, 0.021327105374234837, -0.5430645095225689, 0.7771088633499312, 0.6491560413995233, 0.7772231375074485, 0.46757279725436507, -0.12633391478026404, 0.11633806508946756, 0.07908255110651154], [-0.1531770799318518, 0.2281772104509111, 0.380636678291065, -0.47825249428606437, -0.03970540285462397, 0.0975442030998241, -0.05203315439347242, 0.5409077029955045, 0.4681125782806083, 0.01650287864601159, 0.06295910478352347, -0.6044297655356121, 0.514023494987829, 0.6164416148369126, 0.025412838067302906]], "inverted": true, "swapped": false, "error_lsq": 0.04587193534387211, "error_max": 0.31402264161377363, "target": "706.xyz", "model": "24.xyz", "model_rescale": 4.28219845311461, "target_rescale": 4.062674845182375},
{"mapping": [12, 14, 10, 9, 11, 5, 3, 8, 0, 2, 4, 7, 1, 6, 15], "R": [[0.04075495766358714, 0.7868322661598176, 0.6158197937348597], [-0.5604182452407297, -0.4922565859394933, 0.6660441757124639], [0.8272063973562707, -0.37226125037263846, 0.42089326158048573]], "T": [-0.09787440881503176, 0.05994127863263128, 0.011955324755750549], "aligned_model": [[-0.6262694358474493, -0.8457121023941198, -0.5493657956349582, 0.13536677767676752, -0.36020786021596973, 0.2915107599019596, 0.6656516935029403, -0.017033796680464952, 0.045596309232252746, -0.4912020723711972, 0.29965180652544987, 0.20442516764373211, 0.42721707162427325, -0.4277231268255669, -0.08427972001909037], [-0.1942850261954147, 0.013820712224115586, -0.40776046325487325, -0.30752994652239446, -0.4096864741033834, -0.6727785672591639, 0.08969732928792841, -0.3138234354578612, 0.6106148143866704, 0.596974548002515, 0.6731192587390668, 0.3467544287650735, -0.011702070693629538, 0.18495999865760032, 0.11398041001272699], [-0.4785419551285645, 0.1489089749849304, 0.46705468433637176, -0.5051879160255938, -0.07235366281251983, 0.20374035736696716, -0.11527601331922803, 0.5913608743144209, 0.5965312241212201, 0.17216968447191666, -0.013228913477253815, -0.6452350500476103, 0.3711538304793205, 0.8412726812792628, 0.06075160689422792]], "inverted": true, "swapped": false, "error_lsq": 0.04712698944619934, "error_max": 0.29626939427809057, "target": "706.xyz", "model": "25.xyz", "model_rescale": 4.100010024507729, "target_rescale": 4.062674845182375},
{"mapping": [12, 6, 10, 11, 2, 1, 13, 0, 3, 4, 5, 14], "R": [[-0.32150937024498966, 0.49983693726468936, -0.8042355133855539], [-0.9344657709706639, -0.3047064360477127, 0.18419476299641124], [-0.15298839083039306, 0.8107509013112204, 0.5650464833039585]], "T": [0.021705398279919352, -0.028740815336536142, -0.025254666884347673], "aligned_model": [[-0.6564355260221568, -0.10378084670964857, 0.4517552608968097, 0.7154545344404069, -0.33651711943089985, 0.13574349673709454, -0.3234243675273139, 0.4111622820183625, 0.17584873778169827, -0.18353189834324765, -0.3341459199166831, -0.0753630315614154], [-0.3758415996034305, -0.7152484386329812, -0.32260016342397646, -0.40217339399342966, 0.7655496973883912, 0.6007123429793333, 0.3678793100738769, 0.4475978299429957, -0.2224038770657866, 0.5230517367581526, 0.03477889103795547, -0.03517094541046141], [0.08965716669142305, -0.044904154095164434, 0.46415721491966105, -0.12348696317810874, -0.004760444049033183, 0.3669468203712413, 0.561611859993485, -0.2742940696832334, -0.4701350230901549, -0.5590282856399602, -0.5773340518900185, 0.13676221950421952]], "inverted": false, "swapped": true, "error_lsq": 0.049487516313845244, "error_max": 0.2819781334827483, "target": "706.xyz", "model": "26.xyz", "model_rescale": 3.6694154284099745, "target_rescale": 4.062674845182375},
