[{"mapping": [1, 2, 5, 8, 0, 3, 11, 9, 4, 12, 10, 13], "R": [[-0.6395281584043334, -0.7391374137586602, 0.21137553829646702], [-0.7529738300069719, 0.5467997168609289, -0.36611539296434914], [0.15502950020107, -0.3933013516668452, -0.9062449452793869]], "T": [-0.05107805930276461, -0.08983214910335029, -0.12878222340846607], "aligned_model": [[-0.1096250277213835, 0.10511341016534237, 0.3550845081944169, -0.1467125782296968, -0.07794548184112943, -0.5754968878354249, 0.2656171293735104, -0.3227111160992506, 0.675175155784005, 0.30669374024871, -0.6106500629383536, -0.026900326640197314], [-0.4835906773788306, -0.7900198360904624, -0.1305818533078868, 0.5713736386510665, 0.4407421203398875, -0.5086675342828588, -0.1887404725989424, -0.5338644477854301, 0.20439509414191198, 0.4730671882915594, 0.14609098779878382, -0.14664917180174103], [-0.5577962500926865, 0.061974049964361566, -0.7402771708183911, 0.0008220088889691057, -0.5926557144206934, 0.016621606939539957, 0.5698194974193771, 0.6786524631949902, -0.04679640464056213, 0.44323669626916057, 0.36808256722881166, -0.019731604579314777]], "inverted": true, "swapped": true, "error_lsq": 0.0433881324670645, "error_max": 0.2639693150744385, "target": "707.xyz", "model": "0.xyz", "model_rescale": 3.751011558992144, "target_rescale": 3.862056515667947},
{"mapping": [6, 12, 13, 3, 10, 11, 9, 7, 1, 2, 0, 5, 4, 14], "R": [[-0.016541551098815443, -0.8051602663455675, 0.5928265535429234], [-0.6646063776574209, 0.45182293651053324, 0.595108726889533], [-0.7470105353101302, -0.38415228691410097, -0.5425885002415176]], "T": [0.052831099481625426, 0.09287063150303994, 0.16995961136809826], "aligned_model": [[0.4986233463723989, -0.31943238976855093, -0.4950467137406316, -0.6841945819287589, 0.7415726079894752, 0.3415170199505294, 0.07364021390151462, -0.07397004068250954, 0.23170671511349145, -0.5650204957410232, -0.3943488505388443, -0.04357855485285883, 0.7354844197462345, 0.0404334153435763], [-0.4275594193425604, -0.04200342942002057, 0.5328115321645434, -0.08437489680433556, 0.48943667663668233, 0.01813216766849564, 0.6135798224085763, -0.5096158151521213, -0.4992180493047886, 0.3555180334597677, -0.4123996247962242, 0.6912097093703728, 0.07615127638326516, 0.10380260883728429], [-0.13687516511439643, -0.458692905002128, -0.013844915247873985, 0.07624164537772352, -0.03209051715018432, -0.5701792879429367, -0.23330028075837603, -0.07622847982876949, 0.4910827304788261, 0.6526746934965914, 0.5167110769719969, 0.32089527131496265, 0.5690571901704411, 0.11770445140332327]], "inverted": false, "swapped": false, "error_lsq": 0.04146895614380181, "error_max": 0.2533227166091891, "target": "707.xyz", "model": "1.xyz", "model_rescale": 3.9405287249114394, "target_rescale": 3.862056515667947},
{"mapping": [10, 9, 11, 1, 2, 12, 7, 3, 6, 4, 5, 8, 13], "R": [[0.8297272068903907, -0.03531282682465013, 0.5570509549471423], [0.5204323600009401, 0.40966900332563727, -0.7492138989487788], [-0.20174964884659108, 0.9115504988621482, 0.35829145568160836]], "T": [-0.004123515494448546, -0.09546072272471842, 0.1522009280680604], "aligned_model": [[-0.16777174827638325, 0.1849505160474984, -0.2958469187719097, 0.5078689209656516, 0.46012304515983626, -0.8270973849046392, 0.16066227910924613, 0.5012134085986156, 0.02084669843204416, -0.5642414801730614, 0.09488191625848004, -0.574803185631752, -0.0048027875296948255], [0.6713373165933318, 0.5562296036963252, 0.06069095028617144, -0.3476615964733085, -0.1798266361212527, 0.022751177945516926, 0.23837829612153769, 0.3633773539736296, -0.6194220886300743, -0.5917178729921739, -0.7882885206093996, 0.12841955698750218, -0.05543494720578922], [0.182120766952315, -0.527836351787702, -0.5468249472235124, 0.2817579636955785, -0.4208645581998648, -0.13205586757812454, 0.6375164894139338, 0.07681741529617987, -0.20191461877606498, -0.09423726707086755, 0.3774612381499877, 0.44773205408981875, 0.0334480326269669]], "inverted": true, "swapped": true, "error_lsq": 0.04820188520872943, "error_max": 0.2853065638129499, "target": "707.xyz", "model": "2.xyz", "model_rescale": 3.932901565614263, "target_rescale": 3.862056515667947},
{"mapping": [9, 7, 0, 4, 11, 8, 3, 5, 12, 2, 6, 1, 10, 13], "R": [[-0.49640228621664534, -0.5061553866447612, -0.7052598774986284], [-0.17340628478848596, -0.7382346022091012, 0.6518741692205827], [-0.8505968672848158, 0.4458883230940934, 0.2786908191770859]], "T": [0.02890124028609663, 0.13991138974629286, 0.023553301573279894], "aligned_model": [[0.2945424686896767, -0.26823024919946903, -0.4839250845990133, -0.817504972918158, 0.8685860825165352, 0.4769793193902664, 0.06326481123957527, -0.1601326160651259, 0.3470615089482818, -0.5966688495352621, -0.12534323035238631, -0.036561322818507616, 0.4680431961153652, 0.05727504975226476], [-0.45786441099911196, -0.17064355781982393, 0.5701319268065133, -0.07350778393321306, 0.44387944724109185, 0.1793709112902946, 0.5400182500597626, -0.5481919850265555, -0.46169709359176553, 0.2618601237674673, -0.1922154530790539, 0.6857450425770493, 0.07992153708120625, 0.048663637735075996], [-0.3109489692774163, -0.5465441022494686, -0.005938716659695142, 0.05926300743829749, 0.03909306086068769, -0.5564947194713099, -0.29175468025185863, 0.11061438607071356, 0.3699217273571878, 0.5602006924826459, 0.6002617757906092, 0.5200902057217658, 0.5863152410369383, 0.08907659932010226]], "inverted": true, "swapped": false, "error_lsq": 0.041768425352384106, "error_max": 0.2107216646759007, "target": "707.xyz", "model": "3.xyz", "model_rescale": 3.9243930471874484, "target_rescale": 3.862056515667947},
{"mapping": [11, 6, 9, 10, 3, 12, 8, 2, 1, 5, 7, 0, 13], "R": [[-0.9678770436026124, -0.13781677936262904, 0.2102868607240569], [-0.225390931694693, 0.10497739242499754, -0.9685962394049681], [0.11141344791749658, -0.9848788161016362, -0.13266786052912277]], "T": [-0.036350978827523195, 0.007745839166067858, -0.03841325188082996], "aligned_model": [[-0.021611448361703783, -0.3440622975246117, 0.6587504087652847, 0.39820477825941897, 0.6480656600532793, -0.47079439395997796, -0.30718558320168177, 0.3023668999055819, 0.11255556075127299, -0.4988401255106795, 0.2451193897330855, -0.4544942929689012, 0.009131330370985076], [-0.4509209608351059, 0.2943812044721034, -0.41868556222767117, -0.6050883877330816, 0.06237944071851877, -0.7287770017263839, -0.4939998075712335, 0.28374998435898025, 0.5725963344053795, 0.577724551034136, 0.010539810975554877, 0.06720085105966853, -0.04327090324927871], [-0.6609327906499871, -0.5113939668822235, -0.5462422524507471, 0.18797287463100482, -0.025394208812319477, -0.24053943265622973, 0.33311902808067245, -0.6385286061561, -0.002394899738279388, 0.003808751316911059, 0.5046343224952509, 0.5264148634361645, -0.14345336724315394]], "inverted": false, "swapped": true, "error_lsq": 0.041336352986784404, "error_max": 0.2506219896497183, "target": "707.xyz", "model": "4.xyz", "model_rescale": 3.8936222436046832, "target_rescale": 3.862056515667947},
{"mapping": [7, 0, 1, 3, 6, 4, 12, 11, 9, 10, 2, 13], "R": [[0.8197724255688498, 0.08001750652014838, -0.5670717493644548], [0.2870143693568838, -0.9142649861433486, 0.2859060805491437], [-0.49557635341048645, -0.3971356616605982, -0.7724553994747942]], "T": [-0.18842620701803842, -0.09929937893908578, -0.1410754702556961], "aligned_model": [[0.022873227287146525, -0.646410013004223, -0.26466954419776767, 0.4222642119486995, -0.5380402914227078, -0.7568685034725726, -0.2973444077065491, 0.050854424724061736, 0.6572290263680667, 0.4216343427971609, 0.07419711398323198, -0.11817154508944996], [-0.5580229613761237, -0.6168452502192837, 0.12930896187673172, -0.024296000653901056, 0.420997645011149, 0.07247358758934722, -0.2806249514631244, 0.2581770386662863, 0.23206354158225415, -0.5301358137175156, 0.5893247341543201, -0.023497626340332728], [-0.48612512852288126, -0.2818115140688622, -0.6744156442887698, -0.44605443167098213, -0.053795209508671255, 0.3767106643038707, 0.7117550119450139, 0.5016363263220275, 0.17191944040289076, 0.09946821804251127, -0.22980173528833292, -0.07020127839229598]], "inverted": true, "swapped": true, "error_lsq": 0.032886527432125896, "error_max": 0.17589108360721117, "target": "707.xyz", "model": "5.xyz", "model_rescale": 3.6523030999806103, "target_rescale": 3.862056515667947},
{"mapping": [9, 3, 2, 11, 6, 10, 1, 12, 7, 0, 5, 4, 13], "R": [[0.3939464939957992, 0.897190890403045, 0.19963633448400517], [-0.11585288536346394, 0.26393818818841985, -0.9575566519892047], [-0.9118027576298385, 0.35409764048014514, 0.20791967724343952]], "T": [-0.02400280680478542, -0.0022554010293673113, -0.04315954632197476], "aligned_model": [[0.1742429463234926, -0.3624065789234444, 0.28713423571613306, 0.5946289862641408, 0.47427954400002403, -0.3060870955164603, -0.23031749938571444, 0.4906593825704266, -0.6252351522018452, -0.33086034688695565, 0.046395840541810146, 0.6131303425757341, 0.055518299586953423], [-0.4339728717074998, -0.03650794227275898, 0.31355165499404597, -0.3634246485574255, 0.38664061066530375, -0.6912266331470104, 0.5280799284247178, -0.6409673277094496, -0.11405379619791836, 0.026247223900414972, 0.609002239672442, 0.00017298963319219846, -0.04271452353487066], [0.7918366332056888, 0.5534057157509517, 0.552244662691716, 0.24834438602778874, -0.07527552405995272, 0.2046352666379453, 0.09360758112667751, -0.3581704582079264, -0.05560255150357485, -0.6775376511772598, -0.44560552713425, -0.5066145392283744, 0.04484174535235977]], "inverted": false, "swapped": true, "error_lsq": 0.04640965436433994, "error_max": 0.262899650340687, "target": "707.xyz", "model": "6.xyz", "model_rescale": 4.08911054899281, "target_rescale": 3.862056515667947},
{"mapping": [10, 13, 2, 1, 5, 12, 7, 11, 8, 0, 9, 6, 4, 14], "R": [[-0.5526197030884692, 0.8296120811204275, -0.07971987592467644], [0.48944237574836813, 0.24562269751738192, -0.8367291385425024], [-0.6745795909899778, -0.5014112935737671, -0.5417832501069743]], "T": [0.04340500476515666, 0.05397820530960841, 0.09885441363297635], "aligned_model": [[0.5510539057273589, -0.2816113998727976, -0.5268401856715309, -0.6792701954591635, 0.7329889878293359, 0.28445484344732075, 0.14095022381797362, -0.0663303013343264, 0.3381530366114578, -0.5691046191444976, -0.3334951866149092, -0.0356826300110811, 0.5846853865879149, -0.05256575474901322], [-0.431119687314896, 0.1136447114075614, 0.6103348882765859, -0.07113553631712828, 0.3089422173887251, -0.10571270799048714, 0.7393573079283711, -0.4609540921312144, -0.3682345488472615, 0.40235029106107334, -0.4621853234157973, 0.48196412718513043, 0.2182855585812608, -0.07006661370298656], [-0.06315647002956114, -0.5543674224364435, -0.02535189616271237, 0.09309546474517276, -0.10106685194222507, -0.5526021892899515, -0.247598152342351, -0.16063345622749609, 0.5460780279860048, 0.7218512303111332, 0.5528134043570259, 0.34322332154749685, 0.5194113439253308, 0.15145915372777635]], "inverted": false, "swapped": false, "error_lsq": 0.04609165486271776, "error_max": 0.23464214590750665, "target": "707.xyz", "model": "7.xyz", "model_rescale": 3.964800864290218, "target_rescale": 3.862056515667947},
{"mapping": [5, 9, 12, 11, 1, 8, 7, 10, 3, 4, 6, 2, 0, 13], "R": [[0.1332472242403394, 0.8442889693537576, 0.5190581022003364], [-0.9131836757271523, -0.09893964030184932, 0.3953561963121209], [0.3851502974394442, -0.5266755014280718, 0.7578074719727943]], "T": [0.031318201561901016, 0.07486651945301852, 0.15129215711537464], "aligned_model": [[0.4890678962774225, -0.35023826972052313, -0.46092740745966443, -0.767722452854844, 0.6818866000019633, 0.1964898573133696, 0.17111564221654813, -0.1139935054695804, 0.3469314288185108, -0.48491551169931046, -0.2374044129878552, 0.09657260797864922, 0.4813643744265989, 0.039159264322757736], [-0.47282569070024044, -0.05127642505491532, 0.507266421059503, -0.1456903656145338, 0.42315954446594956, 0.0683437326272301, 0.6851536277074675, -0.6324440909563387, -0.44562494986967033, 0.34641804449355523, -0.167606578851208, 0.6232083187670422, 0.11716129733416593, 0.05022770670093038], [-0.2841032756737925, -0.40759901615719324, -0.22473912187383444, 0.1559844414459461, 0.015010761279886153, -0.5995296318569652, -0.18761710219535277, -0.24079229961451332, 0.5455504694505531, 0.5448095233834244, 0.6046140915139109, 0.5169037834654526, 0.7070159793297606, 0.07764690567191743]], "inverted": true, "swapped": false, "error_lsq": 0.03957552125242316, "error_max": 0.25285830717405955, "target": "707.xyz", "model": "8.xyz", "model_rescale": 4.121658175737393, "target_rescale": 3.862056515667947},
{"mapping": [1, 6, 4, 0, 2, 3, 11, 10, 12, 9, 7, 8, 13], "R": [[-0.7799861389650515, 0.049492544903439406, -0.623836606028672], [-0.2673599830774052, 0.8749557141133553, 0.40369683896364394], [0.5658093870476533, 0.4816668831665404, -0.6692210032488441]], "T": [-0.1130519642003818, 0.10248477306976214, -0.12099567028378758], "aligned_model": [[-0.6465564328121789, -0.17330777016612012, 0.409691915703123, 0.12809377332755947, -0.5704812345497294, -0.5774979807209225, 0.20509973003617057, 0.11205533082986713, 0.722627799884615, -0.2338801576531873, -0.2601745947526827, 0.46767244674402375, -0.10660532943534122], [0.23825394918267903, -0.20739150585157692, -0.08613613984039503, 0.7437708907106358, -0.47428810452478076, -0.024838669270185715, -0.5987073778430809, 0.07308375057669181, -0.16758431563148365, -0.6343906674191272, 0.5535800338024559, 0.3941556469050902, -0.019120051385212833], [-0.3196568743004644, -0.669541725479647, -0.6794722273629448, -0.2883586830618571, -0.2165887572358862, 0.36855422528030557, -0.04866220442139538, 0.6300818620349757, -0.09335533218869527, 0.48341735556786725, 0.26501215349150387, 0.08105276917848961, -0.09140712754316307]], "inverted": true, "swapped": true, "error_lsq": 0.040252182422844326, "error_max": 0.250281380321077, "target": "707.xyz", "model": "9.xyz", "model_rescale": 3.833441315466971, "target_rescale": 3.862056515667947},
{"mapping": [5, 0, 12, 10, 4, 1, 6, 13, 2, 11, 8, 7, 3, 14], "R": [[0.9338500479606843, -0.1414129455567445, 0.32852163818049074], [-0.3565199020057266, -0.4414758993837376, 0.8234030542432712], [0.028594534401790134, -0.8860594839469219, -0.4626888193052212]], "T": [-0.02222806115088322, 0.11715770920240512, 0.0937512143578135], "aligned_model": [[0.4230791145464931, -0.2550506064171549, -0.3498377767872443, -0.7969269357758069, 0.7320227822306742, 0.00866053662463116, 0.26070802313205, 0.02760666596689273, 0.33503781540811806, -0.5115701688002859, -0.45645251497273265, 0.0025974513311458926, 0.6462077166388948, 0.02130400803836739], [-0.26960102495004856, -0.2525943621775516, 0.5241663657789872, -0.1577832650835224, 0.35124802132599897, 0.20245612541771765, 0.6521091826878022, -0.6602880804125312, -0.43572217716937756, 0.43979734172904916, -0.22019914070043936, 0.4745673059950596, 0.15796988397314593, 0.099344415694647], [-0.2372388191722438, -0.4286471296572041, -0.20630858802024796, 0.09194626741899814, -0.016792763851434744, -0.6393101798189955, -0.21447542509984116, -0.07589867688223398, 0.3824295467966857, 0.44272836296196383, 0.6461992588864248, 0.6554949734084441, 0.6467881273289906, 0.176240553869894]], "inverted": true, "swapped": false, "error_lsq": 0.052853382147401984, "error_max": 0.33780529780185686, "target": "707.xyz", "model": "10.xyz", "model_rescale": 4.2482417240324, "target_rescale": 3.862056515667947},
{"mapping": [4, 11, 10, 9, 0, 7, 8, 3, 2, 1, 6, 13], "R": [[-0.9200550113605481, -0.174416938308457, 0.3508240409399643], [-0.09642977059406554, -0.767083800571686, -0.634258419135035], [0.37973685021803943, -0.6173825188095318, 0.6889403095006712]], "T": [-0.09824958090569108, 0.15507971175320798, -0.048453996374351674], "aligned_model": [[-0.7789067549667132, -0.02869063135330044, 0.42875404049405025, 0.6414663418245685, -0.5076293779195409, 0.1918530704071581, -0.28183812754265114, 0.5702273803391587, 0.1812624104524848, -0.03541303207539431, -0.45632376157623633, -0.04799595572057709], [-0.24102247291724724, -0.6147620197866385, 0.030807744636742657, -0.45710685356249814, 0.6288276510866043, 0.6252418150488019, 0.16650745199200043, 0.24117029808734947, -0.16676970498961943, 0.5085156887756337, -0.09793625928227015, 0.04265805096178027], [-0.02513129779172863, -0.023387599586365285, 0.5194182033097663, -0.07924256331397096, 0.27616978776231826, 0.21407617525889322, 0.6067566295288731, -0.18001168222889308, -0.6561813428080518, -0.5106889360638922, -0.5048777518908091, -0.0717073323217832]], "inverted": false, "swapped": true, "error_lsq": 0.04273660125267479, "error_max": 0.2505112901954341, "target": "707.xyz", "model": "11.xyz", "model_rescale": 3.6694154284099745, "target_rescale": 3.862056515667947},
{"mapping": [8, 4, 0, 6, 2, 3, 1, 11, 9, 5, 7, 12, 10, 13], "R": [[-0.08183840598996299, 0.9835401943067992, 0.16109364198492257], [-0.5756115366974766, 0.08530824329151003, -0.8132612510425457], [-0.8136177444757409, -0.1592833632538594, 0.5591555919998902]], "T": [-0.03746205712336016, 0.06385498732195924, 0.1448678794212222], "aligned_model": [[0.5342747792841457, -0.24943782582558738, -0.5193125304453876, -0.5718343463901908, 0.5502918340159856, 0.3510800812959597, 0.20105664246480515, -0.16022510576288213, 0.293020252671862, -0.6135451351897172, -0.1560875561604914, 0.11191725635820939, 0.4065286026451361, -0.0903408377978042], [-0.3343815074489863, 0.029276267429912156, 0.5278628293114197, -0.12056876887210319, 0.29969933214220434, 0.0872392804326114, 0.6889111829464902, -0.6157606880969654, -0.6117734899105238, 0.32252211733327296, -0.210516896684984, 0.6365400458089655, 0.059462893044013504, 0.14695799467361026], [-0.15029738858702013, -0.5633335293348036, -0.10663700792111269, 0.12786881860393667, -0.013991749997911862, -0.6230755313269778, -0.37367534573915034, -0.11605436286694232, 0.42592636186752714, 0.6406404033613693, 0.8251717664556977, 0.4787632893267766, 0.5991605063200434, 0.07268927800776741]], "inverted": false, "swapped": false, "error_lsq": 0.04095075962439689, "error_max": 0.2656031459125469, "target": "707.xyz", "model": "12.xyz", "model_rescale": 3.9764082729961374, "target_rescale": 3.862056515667947},
{"mapping": [6, 3, 8, 7, 13, 14, 11, 4, 5, 2, 0, 1, 12, 15], "R": [[0.8249252883191853, -0.28200690025492836, 0.48986771367392246], [-0.5471781479463775, -0.6157577767379729, 0.5669554081201459], [0.1417545170408382, -0.7357407618144559, -0.6622621748999433]], "T": [0.08142853092144456, 0.07994506717020683, 0.1672471769729139], "aligned_model": [[0.5284848455252337, -0.39273677606548374, -0.354277333126767, -0.617898193699721, 0.6309316462117424, 0.3133982468562493, 0.14514874829638266, -0.13364524075947176, 0.38244342980377655, -0.596381876325646, -0.36084167653085975, -0.030684430815249214, 0.5386846430012546, 0.03476007879260177], [-0.39699887963853653, 0.1982867095525996, 0.6038487780150614, -0.19388240210426583, 0.21796568925531923, 0.08878741273704244, 0.6454771157947268, -0.5979035584300423, -0.5917619084034196, 0.31656782354919866, -0.298264971167412, 0.5275966313365333, 0.3638154473153106, 0.02193670429682138], [-0.22813103294084458, -0.5180308429882121, -0.020737233140109113, 0.08361495695956844, -0.0640041589202984, -0.5975533874810305, -0.3865198630589526, 0.06660804300393325, 0.5685247311063457, 0.5148708771103774, 0.6013694685026325, 0.6035513589045836, 0.5100999007337128, 0.08949269037749323]], "inverted": false, "swapped": false, "error_lsq": 0.043735513190722705, "error_max": 0.2848090257200121, "target": "707.xyz", "model": "13.xyz", "model_rescale": 4.170626492500431, "target_rescale": 3.862056515667947},
{"mapping": [5, 10, 7, 9, 4, 12, 8, 11, 6, 1, 3, 0, 2, 13], "R": [[-0.026436983003306935, 0.8233456362626528, -0.5669242005567681], [0.8544889843588521, -0.2757114402562727, -0.44026330453626195], [-0.5187963584481492, -0.4960697178412118, -0.6962507978464947]], "T": [0.025656281381906967, 0.11282937610834873, 0.14409890282242022], "aligned_model": [[0.4846908269734855, -0.288244554886894, -0.42933804681567306, -0.7200943150238488, 0.6677674629831296, 0.27798026802418213, 0.15925854600996892, -0.15771767137633103, 0.47058740863103937, -0.6220640980967159, -0.15387654230399905, -0.05913083379914495, 0.4137355587204765, 0.043832102124368104], [-0.5525884980714475, 0.13540185938023058, 0.7520881513059723, -0.18098890390984176, 0.36429925285086595, 0.004075468521412856, 0.628317546628149, -0.5532601119795658, -0.567075999056591, 0.3119462094674587, -0.29487071046092606, 0.607286822555413, 0.23570920864721714, 0.015130296230589882], [-0.27270580808162015, -0.32417991686038083, -0.060249286623131254, 0.026483832565712795, -0.021790404086752424, -0.5342898607458556, -0.3735676633621522, -0.005428480755789111, 0.3614793063935014, 0.5069008688816676, 0.6704278960012634, 0.4668703161790031, 0.6610391203446572, 0.12216558831907576]], "inverted": false, "swapped": false, "error_lsq": 0.037946002353252524, "error_max": 0.23760511121464675, "target": "707.xyz", "model": "14.xyz", "model_rescale": 3.9786697098870705, "target_rescale": 3.862056515667947},
{"mapping": [11, 4, 10, 9, 8, 7, 6, 1, 3, 2, 0, 13], "R": [[0.8658800773917802, 0.3373760379189321, -0.3693631013164803], [-0.2676048798301047, 0.9362123648518451, 0.22780262551083863], [0.4226574497948906, -0.09840638666590418, 0.9009311090179095]], "T": [-0.037269507956820845, 0.09248480533766701, 0.030495496628685507], "aligned_model": [[-0.04854927688593446, -0.7474363011258002, 0.5445167566226047, 0.6211589632747506, -0.12911782308193684, 0.33445946351884204, -0.47847235485955275, 0.0008905012090704781, 0.6129127502513414, 0.12189990544599746, -0.3458837575772363, -0.0030242300248093934], [-0.5499701466796069, -0.11595947277541432, 0.19948769350826942, -0.5563605069010917, 0.4744075117705054, 0.5759113301163009, -0.2995020122915386, 0.1364197204309256, -0.013087817780526562, -0.5400108741423907, 0.725269765909057, -0.02193070094005048], [-0.399908342541485, -0.23959557388758468, -0.48499485073330423, -0.23098429609985383, -0.5252339747145441, 0.07793397887634056, 0.25906327159162196, 0.6128528595328557, 0.2246550028012795, 0.3849822259291218, -0.011337122926441647, -0.0074666839541755285]], "inverted": true, "swapped": true, "error_lsq": 0.05093156280537509, "error_max": 0.2445173383429921, "target": "707.xyz", "model": "15.xyz", "model_rescale": 3.769337070930944, "target_rescale": 3.862056515667947},
{"mapping": [1, 0, 2, 6, 3, 7, 9, 8, 11, 4, 13], "R": [[0.5208078061574346, 0.34473898047531354, -0.7809700790595768], [0.4640412359681141, -0.8821967564705961, -0.07996633162741144], [-0.7165367822845283, -0.3207552309995917, -0.6194280599228077]], "T": [-0.042530468878782146, -0.05222372662809053, -0.04904846148551193], "aligned_model": [[-0.3109481572646887, -0.2815131712363784, -0.09319760404358537, -0.5404848288783464, 0.41281092720837814, 0.2536675785315833, 0.6526435306899256, 0.16849739908440553, 0.16699375291611648, -0.511633081370743, 0.0057897850545034005], [0.033154790212962866, -0.715048794495614, 0.6562779514821028, 0.3165571963259422, 0.17788757075210293, -0.4606270265008676, 0.6089574507454452, -0.5515313535959455, 0.4775976668516035, -0.0023006825699297476, 0.05513972841753965], [-0.56206796853771, -0.018069003239359234, -0.26469804183124207, 0.07978837829353289, -0.5087151508434714, -0.3948916398990463, 0.0006761195434702091, 0.36240681505663314, 0.47393524268079495, 0.5819709567543743, -0.006118100754199378]], "inverted": true, "swapped": true, "error_lsq": 0.037289974030250646, "error_max": 0.22058217144748768, "target": "707.xyz", "model": "16.xyz", "model_rescale": 3.7852294659196426, "target_rescale": 3.862056515667947},
{"mapping": [4, 1, 7, 0, 6, 2, 9, 3, 8, 12, 11, 10, 13], "R": [[0.36774191824723734, -0.7050697165885434, 0.6063353662071784], [-0.2470247189907784, 0.5545329071942584, 0.7946521522315351], [-0.8965180811179265, -0.4420067302524195, 0.029755346413641116]], "T": [-0.047493215869773245, -0.08711061700601574, 0.014757264914444942], "aligned_model": [[-0.07039219944705197, -0.46380762556660304, 0.26914607667458956, 0.3330712649814766, -0.530191018589215, -0.690391185627563, -0.15397624189518128, -0.1694571974655476, 0.6047829312896426, 0.4252666129106673, -0.11580169251805762, 0.4998074222187298, -0.08429129674960333], [-0.00443728445944816, -0.4328981373107982, -0.36490285274836065, -0.6475645455764883, -0.05536353521128162, 0.25111820247024064, 0.7666336557684353, 0.09391958306682047, -0.09968129814256338, 0.3899019996961416, 0.6412962572369546, 0.3043562049175338, 0.032677373995688125], [-0.768425877273506, 0.23755731938647984, 0.45827172338241556, -0.18138451879645567, -0.3933503178489685, 0.16749885758346156, 0.44217047811826243, 0.6658588816631681, -0.1789283510263452, -0.5518281892418873, -0.23600246252321627, 0.4183299508515752, 0.015987202868189963]], "inverted": false, "swapped": true, "error_lsq": 0.03744088267239513, "error_max": 0.28126920781335185, "target": "707.xyz", "model": "17.xyz", "model_rescale": 3.901054581598922, "target_rescale": 3.862056515667947},
{"mapping": [6, 12, 13, 3, 10, 11, 9, 7, 1, 2, 0, 5, 4, 14], "R": [[-0.016541551098815443, -0.8051602663455675, 0.5928265535429234], [-0.6646063776574209, 0.45182293651053324, 0.595108726889533], [-0.7470105353101302, -0.38415228691410097, -0.5425885002415176]], "T": [0.052831099481625426, 0.09287063150303994, 0.16995961136809826], "aligned_model": [[0.4986233463723989, -0.31943238976855093, -0.4950467137406316, -0.6841945819287589, 0.7415726079894752, 0.3415170199505294, 0.07364021390151462, -0.07397004068250954, 0.23170671511349145, -0.5650204957410232, -0.3943488505388443, -0.04357855485285883, 0.7354844197462345, 0.0404334153435763], [-0.4275594193425604, -0.04200342942002057, 0.5328115321645434, -0.08437489680433556, 0.48943667663668233, 0.01813216766849564, 0.6135798224085763, -0.5096158151521213, -0.4992180493047886, 0.3555180334597677, -0.4123996247962242, 0.6912097093703728, 0.07615127638326516, 0.10380260883728429], [-0.13687516511439643, -0.458692905002128, -0.013844915247873985, 0.07624164537772352, -0.03209051715018432, -0.5701792879429367, -0.23330028075837603, -0.07622847982876949, 0.4910827304788261, 0.6526746934965914, 0.5167110769719969, 0.32089527131496265, 0.5690571901704411, 0.11770445140332327]], "inverted": false, "swapped": false, "error_lsq": 0.04146895614380181, "error_max": 0.2533227166091891, "target": "707.xyz", "model": "18.xyz", "model_rescale": 3.9405287249114394, "target_rescale": 3.862056515667947},
{"mapping": [7, 0, 1, 6, 13, 4, 12, 8, 9, 2, 5, 10, 11, 15], "R": [[-0.18011607384670814, 0.656134512159515, 0.7328340206999416], [0.2198966135513412, -0.6993046648154608, 0.6801606171456768], [0.9587511039319324, 0.28365557939256403, -0.018325746608789495]], "T": [0.09020363809129914, 0.2005496469244445, 0.011683114707203554], "aligned_model": [[0.43119372518396104, -0.338461095351002, -0.4886393915172579, -0.5935134646566298, 0.7542526022457001, 0.21641261881508791, 0.2147978870857331, -0.2472574597595986, 0.443132524733874, -0.5370594540061115, -0.22661036088732636, -0.02681900136660062, 0.4171453745117101, 0.06881160613250341], [-0.38357919122619283, -0.04426373096526093, 0.46346653078782135, -0.08886940501825913, 0.2393657558375824, 0.000669927766893702, 0.5955807251562235, -0.4739512664205077, -0.37358738955361864, 0.2510956819237667, -0.3229012917274163, 0.6452894676029577, 0.1878665608438393, 0.20928821710110818], [-0.18362384852418773, -0.46684297054314544, -0.16533350381376255, 0.09565329616934251, 0.10582199225669094, -0.6802593826654026, -0.3468775950170268, -0.04697420256906489, 0.37885842879293385, 0.6111090022456788, 0.5746135257124401, 0.6491909426620266, 0.6536811226587038, 0.044138700803973176]], "inverted": false, "swapped": false, "error_lsq": 0.03418336629148767, "error_max": 0.20254389283390212, "target": "707.xyz", "model": "19.xyz", "model_rescale": 4.410303926677745, "target_rescale": 3.862056515667947},
{"mapping": [5, 9, 12, 11, 1, 8, 7, 10, 3, 4, 6, 2, 0, 13], "R": [[0.1332472242403394, 0.8442889693537576, 0.5190581022003364], [-0.9131836757271523, -0.09893964030184932, 0.3953561963121209], [0.3851502974394442, -0.5266755014280718, 0.7578074719727943]], "T": [0.031318201561901016, 0.07486651945301852, 0.15129215711537464], "aligned_model": [[0.4890678962774225, -0.35023826972052313, -0.46092740745966443, -0.767722452854844, 0.6818866000019633, 0.1964898573133696, 0.17111564221654813, -0.1139935054695804, 0.3469314288185108, -0.48491551169931046, -0.2374044129878552, 0.09657260797864922, 0.4813643744265989, 0.039159264322757736], [-0.47282569070024044, -0.05127642505491532, 0.507266421059503, -0.1456903656145338, 0.42315954446594956, 0.0683437326272301, 0.6851536277074675, -0.6324440909563387, -0.44562494986967033, 0.34641804449355523, -0.167606578851208, 0.6232083187670422, 0.11716129733416593, 0.05022770670093038], [-0.2841032756737925, -0.40759901615719324, -0.22473912187383444, 0.1559844414459461, 0.015010761279886153, -0.5995296318569652, -0.18761710219535277, -0.24079229961451332, 0.5455504694505531, 0.5448095233834244, 0.6046140915139109, 0.5169037834654526, 0.7070159793297606, 0.07764690567191743]], "inverted": true, "swapped": false, "error_lsq": 0.03957552125242316, "error_max": 0.25285830717405955, "target": "707.xyz", "model": "20.xyz", "model_rescale": 4.121658175737393, "target_rescale": 3.862056515667947},
{"mapping": [9, 3, 2, 11, 6, 10, 1, 12, 7, 0, 5, 4, 13], "R": [[0.3939464939957992, 0.897190890403045, 0.19963633448400517], [-0.11585288536346394, 0.26393818818841985, -0.9575566519892047], [-0.9118027576298385, 0.35409764048014514, 0.20791967724343952]], "T": [-0.02400280680478542, -0.0022554010293673113, -0.04315954632197476], "aligned_model": [[0.1742429463234926, -0.3624065789234444, 0.28713423571613306, 0.5946289862641408, 0.47427954400002403, -0.3060870955164603, -0.23031749938571444, 0.4906593825704266, -0.6252351522018452, -0.33086034688695565, 0.046395840541810146, 0.6131303425757341, 0.055518299586953423], [-0.4339728717074998, -0.03650794227275898, 0.31355165499404597, -0.3634246485574255, 0.38664061066530375, -0.6912266331470104, 0.5280799284247178, -0.6409673277094496, -0.11405379619791836, 0.026247223900414972, 0.609002239672442, 0.00017298963319219846, -0.04271452353487066], [0.7918366332056888, 0.5534057157509517, 0.552244662691716, 0.24834438602778874, -0.07527552405995272, 0.2046352666379453, 0.09360758112667751, -0.3581704582079264, -0.05560255150357485, -0.6775376511772598, -0.44560552713425, -0.5066145392283744, 0.04484174535235977]], "inverted": false, "swapped": true, "error_lsq": 0.04640965436433994, "error_max": 0.262899650340687, "target": "707.xyz", "model": "21.xyz", "model_rescale": 4.08911054899281, "target_rescale": 3.862056515667947},
{"mapping": [2, 13, 12, 7, 15, 3, 14, 0, 1, 10, 6, 5, 11, 16], "R": [[-0.5422518413185233, -0.17540385397110503, 0.8217033702004357], [0.438192671093966, 0.7754003139443445, 0.4546883945457011], [-0.716903147981794, 0.6066200138036125, -0.34360156470350744]], "T": [0.04029289699035459, 0.06869416859934761, 0.13481349424922628], "aligned_model": [[0.5723132870893275, -0.34567837494002335, -0.3979748827501639, -0.6564643804402027, 0.7318629540589988, 0.10023097930587388, 0.19536591336835107, -0.21757766440033705, 0.5657863963083256, -0.5983096176220827, -0.4077592959668066, -0.05553813992401741, 0.5841425342546246, 0.0169864028221747], [-0.24514865310645684, -0.0031878857265289356, 0.5364386517534725, -0.05934382531138614, 0.2763224398160231, 0.15178489329676026, 0.5196779804516007, -0.6603921633310844, -0.46695109529996504, 0.44196427103260894, -0.3038142178404461, 0.4798611353368231, 0.20218167649963042, 0.03607738453788539], [-0.23896560783638765, -0.3967776207429037, -0.23139130876990632, 0.07210977448471864, 0.0341736658917611, -0.7276145787238618, -0.29459138111399613, 0.089921486725039, 0.3935394394167497, 0.4572908859762609, 0.5996262124160905, 0.700045474745719, 0.6566388362368889, 0.10915022946302798]], "inverted": false, "swapped": false, "error_lsq": 0.04300224540773135, "error_max": 0.27463877004182896, "target": "707.xyz", "model": "22.xyz", "model_rescale": 4.204369325754507, "target_rescale": 3.862056515667947},
{"mapping": [7, 0, 1, 6, 13, 4, 12, 8, 9, 2, 5, 10, 11, 15], "R": [[-0.18011607384670814, 0.656134512159515, 0.7328340206999416], [0.2198966135513412, -0.6993046648154608, 0.6801606171456768], [0.9587511039319324, 0.28365557939256403, -0.018325746608789495]], "T": [0.09020363809129914, 0.2005496469244445, 0.011683114707203554], "aligned_model": [[0.43119372518396104, -0.338461095351002, -0.4886393915172579, -0.5935134646566298, 0.7542526022457001, 0.21641261881508791, 0.2147978870857331, -0.2472574597595986, 0.443132524733874, -0.5370594540061115, -0.22661036088732636, -0.02681900136660062, 0.4171453745117101, 0.06881160613250341], [-0.38357919122619283, -0.04426373096526093, 0.46346653078782135, -0.08886940501825913, 0.2393657558375824, 0.000669927766893702, 0.5955807251562235, -0.4739512664205077, -0.37358738955361864, 0.2510956819237667, -0.3229012917274163, 0.6452894676029577, 0.1878665608438393, 0.20928821710110818], [-0.18362384852418773, -0.46684297054314544, -0.16533350381376255, 0.09565329616934251, 0.10582199225669094, -0.6802593826654026, -0.3468775950170268, -0.04697420256906489, 0.37885842879293385, 0.6111090022456788, 0.5746135257124401, 0.6491909426620266, 0.6536811226587038, 0.044138700803973176]], "inverted": false, "swapped": false, "error_lsq": 0.03418336629148767, "error_max": 0.20254389283390212, "target": "707.xyz", "model": "23.xyz", "model_rescale": 4.410303926677745, "target_rescale": 3.862056515667947},
{"mapping": [13, 11, 10, 1, 15, 14, 9, 7, 12, 3, 0, 4, 5, 16], "R": [[0.6139761893888758, -0.4260813186255905, -0.6644455950503351], [-0.0389806191899727, 0.8243955096008855, -0.5646703065306898], [0.788361433728897, 0.3725946237778732, 0.48955029990874643]], "T": [0.05912082652467517, 0.09108022460564368, 0.044345308339242405], "aligned_model": [[0.39959136455907857, -0.23068847569274323, -0.36871991609550986, -0.7726364799597913, 0.6488533342914884, 0.43755075554023054, 0.1239411060752901, -0.22995296602570772, 0.39304211533162464, -0.5762321072571084, -0.15911328964489146, -0.007800548586462362, 0.46596483669591765, -0.03641361806737287], [-0.47834394310297346, 0.052676199047097874, 0.5695462232286898, -0.11983942014257, 0.46612046177550515, 0.053698170565406586, 0.5604562023403432, -0.5015645379905918, -0.47850717945613774, 0.27503779215069984, -0.3282000461819661, 0.5638888287698754, 0.17361220895663165, 0.09688963214892676], [-0.18808221539460815, -0.5171323722322246, -0.06431256478311756, 0.04964022470592607, -0.10013507310193845, -0.5156041187304263, -0.3654162156145802, -0.04014980696387991, 0.5028674962422538, 0.654047897731684, 0.6333815857909155, 0.5401859343196634, 0.5168582249614263, 0.11700651123810596]], "inverted": true, "swapped": false, "error_lsq": 0.030123145181670658, "error_max": 0.18203695542999895, "target": "707.xyz", "model": "24.xyz", "model_rescale": 4.28219845311461, "target_rescale": 3.862056515667947},
{"mapping": [10, 5, 3, 9, 0, 8, 1, 11, 14, 7, 12, 4, 2, 15], "R": [[0.4289641552701495, -0.8446218180110519, 0.32031818248902666], [-0.20746154584892712, 0.25300559366088793, 0.9449591930714657], [-0.8791754435192904, -0.4718073273233555, -0.06669621725893847]], "T": [0.005672900675840395, 0.06477196825871545, 0.1623145153679157], "aligned_model": [[0.39290277467854523, -0.3000962908007349, -0.42852555631233386, -0.6579149803136927, 0.6252378629173255, 0.28990848551525655, 0.030444277569436882, -0.12666410437446998, 0.43427052327154597, -0.5472574859934962, -0.2498585539053589, 0.04495444353851413, 0.5201850382316352, 0.059799677141869734], [-0.5144757936708123, -0.06420619040597811, 0.6563244258523468, -0.05150426996261273, 0.5947585648343013, -0.02848223741692077, 0.47331809836855065, -0.4407032595141921, -0.5235419711970265, 0.38974999118605125, -0.5660480825961901, 0.7494039118415787, 0.11560126899112513, 0.11527613579871585], [-0.21746156840693315, -0.6220008019919894, -0.08584417322438018, 0.10749987765326768, 0.13389555956829252, -0.46415163883646376, -0.32997994662180063, 0.00915191402269211, 0.38667006230626044, 0.6029995251676173, 0.5104375387261175, 0.41605579155685424, 0.6111726966264739, 0.1647106716231908]], "inverted": true, "swapped": false, "error_lsq": 0.042791120389140784, "error_max": 0.2623645660781585, "target": "707.xyz", "model": "25.xyz", "model_rescale": 4.100010024507729, "target_rescale": 3.862056515667947},
{"mapping": [4, 11, 10, 9, 0, 7, 8, 3, 2, 1, 6, 13], "R": [[-0.9200550113605481, -0.174416938308457, 0.3508240409399643], [-0.09642977059406554, -0.767083800571686, -0.634258419135035], [0.37973685021803943, -0.6173825188095318, 0.6889403095006712]], "T": [-0.09824958090569108, 0.15507971175320798, -0.048453996374351674], "aligned_model": [[-0.7789067549667132, -0.02869063135330044, 0.42875404049405025, 0.6414663418245685, -0.5076293779195409, 0.1918530704071581, -0.28183812754265114, 0.5702273803391587, 0.1812624104524848, -0.03541303207539431, -0.45632376157623633, -0.04799595572057709], [-0.24102247291724724, -0.6147620197866385, 0.030807744636742657, -0.45710685356249814, 0.6288276510866043, 0.6252418150488019, 0.16650745199200043, 0.24117029808734947, -0.16676970498961943, 0.5085156887756337, -0.09793625928227015, 0.04265805096178027], [-0.02513129779172863, -0.023387599586365285, 0.5194182033097663, -0.07924256331397096, 0.27616978776231826, 0.21407617525889322, 0.6067566295288731, -0.18001168222889308, -0.6561813428080518, -0.5106889360638922, -0.5048777518908091, -0.0717073323217832]], "inverted": false, "swapped": true, "error_lsq": 0.04273660125267479, "error_max": 0.2505112901954341, "target": "707.xyz", "model": "26.xyz", "model_rescale": 3.6694154284099745, "target_rescale": 3.862056515667947},
{"mapping": [3, 12, 2, 10, 1, 6, 6, 9, 7, 4, 8, 0, 5, 13], "R": [[0.40436701472063585, -0.08930932013174092, -0.9102258855600227], [-0.685897249835761, -0.6879512006200469, -0.23720899694821032], [-0.6050060165598861, 0.7202409255957637, -0.3394417903312682]], "T": [-0.07657106162919611, 0.002654768242562451, 0.14233212224324263], "aligned_model": [[0.4075529064034067, -0.1663343691570756, -0.386846343577933, -0.6576812021389115, 0.6843936380492374, 0.25233885947636936, 0.25233885947636936, -0.26375109403865105, 0.40413407340958085, -0.562087477678022, -0.2484470071796263, 0.025651598113576396, 0.4484163668896277, -0.10229269688390544], [-0.4420435590670746, -0.07840185891488802, 0.5286418601758904, -0.10121406318417123, 0.4477162793944931, 0.31539902101286466, 0.31539902101286466, -0.6223999741428513, -0.38448930181763874, 0.37967393749977973, -0.3225392611398189, 0.6172504641063231, 0.20439166685443524, 0.0480863603187289], [-0.32745357528055496, -0.6419542955742298, -0.15632566642873483, 0.2581465874341694, 0.09233581407733396, -0.37264334121289855, -0.37264334121289855, -0.055490373846186436, 0.2655009774097051, 0.6879152285145308, 0.6648880475041143, 0.36313973441726777, 0.6988111634988915, 0.11892854886869031]], "inverted": false, "swapped": false, "error_lsq": 0.043917812964545826, "error_max": 0.37320968172965313, "target": "707.xyz", "model": "27.xyz", "model_rescale": 4.103607728864725, "target_rescale": 3.862056515667947},
