[{"mapping": [6, 11, 4, 3, 2, 5, 10, 8, 9, 0, 1, 12], "R": [[-0.5373221010455222, 0.3589761694823832, 0.7631651652635758], [-0.7811846687757893, -0.5528863211277979, -0.2899434930799961], [0.31786077612326746, -0.7519659737338683, 0.5775047197632148]], "T": [-0.12322201536519052, -0.09377028544197279, 0.036885835662683476], "aligned_model": [[-0.2576651983082734, 0.16194187742547067, 0.3402521171702437, -0.08377523201680213, -0.022255514092213838, -0.6646561934650234, 0.4507925509914781, -0.2307641563697897, 0.5642867175784596, 0.16597015372400659, -0.5066368262731568, -0.07984783390385068], [-0.6643631783268695, -0.607162206008438, -0.15506743301454673, 0.573936938850602, 0.3227307935652077, -0.4822303741962333, -0.23495986942852576, -0.6376279864448863, 0.2517081178125324, 0.3631523256724436, 0.3432484288355253, -0.019810521339754555], [-0.4813003033397935, -0.10252110472589307, -0.565398606360998, -0.09676620930411245, -0.627710760912353, -0.024771591126052893, 0.6119930440772035, 0.515702792032941, 0.050919880362735044, 0.4823326924010064, 0.4060661064817894, 0.013405805767089718]], "inverted": false, "swapped": true, "error_lsq": 0.04708944439620169, "error_max": 0.35179449390095585, "target": "708.xyz", "model": "0.xyz", "model_rescale": 3.751011558992144, "target_rescale": 4.1549351931729674},
{"mapping": [9, 13, 8, 5, 4, 0, 1, 2, 7, 10, 11, 6, 14], "R": [[-0.7129366827766878, -0.09899008834183577, 0.6942062004631249], [0.05243892826296578, 0.9796875945366182, 0.19355199795839503], [-0.6992649320207645, 0.1743937485150502, -0.693264289665107]], "T": [-0.036698081581434575, 0.0020432317159254365, -0.011022214838839407], "aligned_model": [[-0.4075156390450654, -0.09597745202441342, -0.37846582649042176, -0.5214069608825505, -0.4434155103392688, 0.5465566314133363, 0.30971645276361087, -0.04071520250511414, 0.5822600552383692, -0.6779764936498445, 0.024563232465802984, 0.23687409348130645, -0.029534878510053392], [-0.46614501989736523, -0.6934934464882113, 0.30094463644277736, -0.2973769031634169, 0.6792769786553559, 0.14497176714970006, 0.5995791401080972, -0.30104954769211145, 0.10339787742543147, 0.1543247975511961, -0.14929977087676663, 0.4153756293022266, -0.03924246945155907], [0.26733676465039996, -0.21156369137977318, -0.4950377217515963, -0.26693417655832047, 0.02782820421686306, -0.47458439192798546, -0.10393808007338189, -0.7803444696828702, 0.20414071053377636, 0.47685694135728024, 0.770049699836186, 0.5529284385051759, 0.024304713193963195]], "inverted": true, "swapped": false, "error_lsq": 0.04426107214414595, "error_max": 0.27946952968930805, "target": "708.xyz", "model": "1.xyz", "model_rescale": 3.9405287249114394, "target_rescale": 4.1549351931729674},
{"mapping": [8, 3, 1, 4, 2, 6, 0, 7, 11, 8, 9, 5, 12], "R": [[-0.33653164484962284, 0.2737020536229631, 0.9010181118364825], [-0.5988949223540903, 0.6761714551449767, -0.42908860999287], [-0.726685161533725, -0.684017067835078, -0.06363432184762235]], "T": [-0.03160437259556179, 0.02374523610380778, -0.05526127254110737], "aligned_model": [[-0.4833252030455719, -0.011372688999295534, -0.4178696250965064, -0.653878984367651, -0.3169900103255158, 0.4348537102062676, 0.39298632352657487, 0.004778255973687938, 0.5758425531272536, -0.4833252030455719, -0.02461375792510679, 0.18601195781606872, -0.09813482592893896], [-0.3796843065861644, -0.5325793756246567, 0.4761808609941565, -0.23561428686920102, 0.609228047010521, 0.008506559669502516, 0.7011376593977734, -0.331894386784286, 0.029695679601734814, -0.3796843065861644, -0.14647647154928217, 0.5549773084884315, 0.07747068790298901], [0.42835289757002104, -0.18523543894707079, -0.5780685911573709, -0.24814120221218378, 0.1445750190374046, -0.33372192167989656, -0.3078325177499142, -0.7631501170121497, 0.3170116296278001, 0.42835289757002104, 0.733000618355728, 0.3902854684242632, -0.03438580090693495]], "inverted": false, "swapped": false, "error_lsq": 0.05385393260197677, "error_max": 0.45114366392599564, "target": "708.xyz", "model": "2.xyz", "model_rescale": 3.932901565614263, "target_rescale": 4.1549351931729674},
{"mapping": [12, 9, 4, 5, 2, 3, 0, 7, 11, 6, 10, 1, 13], "R": [[0.008634078251180788, -0.9994524011266979, -0.03194292683570349], [-0.08812267522737116, -0.03258033191999665, 0.9955766751399686], [-0.9960722096331793, -0.005780990750854587, -0.08835572048495097]], "T": [0.0745019511022115, 0.016485304785305667, -0.05065110670595625], "aligned_model": [[-0.34918517931384874, -0.059481460730522684, -0.5383143372065489, -0.5571323197164948, -0.41398876952692076, 0.5244309590904506, 0.12716860074864375, -0.04011342136504087, 0.7249124582511138, -0.5103570606233754, 0.00180742523261751, 0.2013956665727359, -0.006180059497115378], [-0.48481115880365994, -0.678518658877675, 0.4249623219205401, -0.30639383226718947, 0.6833088317549375, 0.16329146258328003, 0.6318372162697745, -0.19917568171226277, -0.30803372161186654, 0.08174761136954509, -0.11654429750938672, 0.6019900365217583, -0.042396460572441244], [0.33963197167758913, -0.24765586612879753, -0.5205757046932837, -0.16721395000614434, 0.05386230352120806, -0.24221654692034988, -0.3104944791256456, -0.7215432013413241, 0.46835011878774885, 0.29629705718085997, 0.6494660771448213, 0.38506762711262055, 0.008067533710414264]], "inverted": true, "swapped": false, "error_lsq": 0.041999270493886326, "error_max": 0.25641316116968077, "target": "708.xyz", "model": "3.xyz", "model_rescale": 3.9243930471874484, "target_rescale": 4.1549351931729674},
{"mapping": [9, 10, 7, 8, 1, 3, 0, 4, 6, 9, 11, 5, 12], "R": [[-0.10783624092250982, 0.9343966473116339, -0.33952061886795704], [0.26784302200686927, 0.3561903675056877, 0.8952030706260958], [0.9574087218664399, 0.005597105407370184, -0.2886818520536555]], "T": [-0.0476989718258708, -0.018412724164382603, -0.044489917550611935], "aligned_model": [[-0.5872126505746577, 0.10662121656564247, -0.5018478351539978, -0.5536483327333405, -0.383058555558983, 0.5308849809413705, 0.2924075356945154, -0.08999570740226662, 0.6019336717896856, -0.5872126505746577, 0.010629609599904243, 0.27129688910112043, -0.00583566977864091], [-0.12180797210794944, -0.7032787211738383, 0.33293725585667905, -0.35148041695594706, 0.60575461016253, 0.014438151800643895, 0.7417799837627098, -0.12796476378879074, -0.06447862736312537, -0.12180797210794944, -0.36076917794382873, 0.5226679224931406, 0.08527339643107992], [0.39814063372495656, -0.10984712919526796, -0.6041512083231168, -0.2160052962548385, 0.04556222478967059, -0.3867103142443786, -0.21699198628415353, -0.6263632768082675, 0.26755475176494936, 0.39814063372495656, 0.6665121334534175, 0.37870799631358365, -0.0035062217417940605]], "inverted": true, "swapped": false, "error_lsq": 0.05255186460072654, "error_max": 0.4250343962527021, "target": "708.xyz", "model": "4.xyz", "model_rescale": 3.8936222436046832, "target_rescale": 4.1549351931729674},
{"mapping": [8, 1, 10, 11, 9, 3, 7, 2, 6, 5, 4, 12], "R": [[-0.6148177563079479, -0.7770379278481532, 0.13494882442581393], [0.7331542904756343, -0.6261730740615629, -0.2653150347746278], [0.29066116507994355, -0.06418208477247328, 0.9546710151191504]], "T": [-0.11870779899785962, -0.10057743612218903, -0.07762329084121514], "aligned_model": [[0.14795542386211552, -0.6123885418026971, -0.35286236178001396, 0.3493858536291189, -0.5322471049912233, -0.6438290151113484, -0.07988559421188066, -0.18673269654543162, 0.6408035736943242, 0.3319353056857583, 0.14425952938566566, -0.1788463295992903], [-0.5339276695164132, -0.553360454060392, 0.03298089828300113, 0.13356461404557218, 0.5079602995919956, 0.1053049388708884, -0.41543455904115145, 0.4106256754132527, -0.01098758727870261, -0.5693634489135523, 0.6025243479823216, -0.04096415026701273], [-0.604605728433596, 0.08223042061039451, -0.8570521421326477, -0.378272318108098, -0.3032061049252874, 0.30592854563924887, 0.6790318279801794, 0.5218765101951977, 0.08755608813919244, 0.08053585198683444, 0.055824175697756245, -0.05056240737365618]], "inverted": true, "swapped": true, "error_lsq": 0.051291687016703565, "error_max": 0.2621881030128711, "target": "708.xyz", "model": "5.xyz", "model_rescale": 3.6523030999806103, "target_rescale": 4.1549351931729674},
{"mapping": [8, 10, 1, 6, 5, 4, 3, 2, 11, 8, 9, 7, 12], "R": [[0.9238227925309334, 0.049650156521285946, -0.37958702553928314], [0.24083371958501995, -0.8461325985985501, 0.47545635456864954], [-0.2975744738904743, -0.5306547724710269, -0.7936340119617673]], "T": [-0.0833789228404979, 0.058250025506475026, -0.026643782738948553], "aligned_model": [[-0.6286741276178459, 0.13256691817655508, -0.468489888892301, -0.5003828948894495, -0.45815917512046944, 0.384256459526854, 0.28665856810655305, 0.012341255113183583, 0.7345736025613748, -0.6286741276178459, 0.03055956910188444, 0.27570637464254477, -0.06732003117534374], [-0.07391510072702447, -0.6907645405396939, 0.33616879676286976, -0.3948911282434873, 0.5542669192851077, -0.09164816502281424, 0.5912926350848424, -0.0657637354253874, -0.00016771421873622294, -0.07391510072702447, -0.2905507592307005, 0.48997802699029175, 0.16117353507711069], [0.3460338550675131, -0.058543865263922946, -0.5334233861203647, -0.23495903457054107, 0.2515837025566312, -0.3232568026168748, -0.2747940086414755, -0.7693886035496821, 0.29290282890804625, 0.3460338550675131, 0.5962678544948313, 0.36256919438731355, -0.0099826487992705]], "inverted": false, "swapped": false, "error_lsq": 0.06107339781185966, "error_max": 0.4842670603460818, "target": "708.xyz", "model": "6.xyz", "model_rescale": 4.08911054899281, "target_rescale": 4.1549351931729674},
{"mapping": [3, 8, 5, 4, 7, 11, 13, 10, 1, 6, 0, 2, 14], "R": [[-0.3063047358588141, 0.5581942674606093, -0.7711008809258204], [-0.8974873757346515, -0.43936005240283615, 0.03845978093418817], [-0.3173228942061868, 0.7038337190890267, 0.6355503730515139]], "T": [-0.02257869850841887, 0.037700195483244554, -0.09230352830340226], "aligned_model": [[-0.35606323881485114, -0.11415368440205914, -0.5933918630788024, -0.6469264616549084, -0.4043276438168702, 0.46859281227313565, 0.39023640978760443, -0.012213805270971989, 0.5599373363055528, -0.3225471817531723, -0.03253946280148329, 0.06402923005412486, 0.10433005508839513], [-0.49931100418129415, -0.6047281660493509, 0.25778628592044733, -0.2751107976381717, 0.701116148333031, -0.037684147532105965, 0.6397742328097319, -0.17813245143612572, 0.06264387834161075, 0.09912567159219052, -0.18325968273138896, 0.5332287223101257, -0.06418502067334639], [0.38399309049336616, -0.30218157751795993, -0.5464353082225571, -0.1881609377124998, 0.023610149913388875, -0.40471161203662775, -0.14693925188742324, -0.7797507888361198, 0.35266719064950164, 0.3018903153802692, 0.8218811896272581, 0.537847318004163, -0.06266683693504246]], "inverted": true, "swapped": false, "error_lsq": 0.046892971233253124, "error_max": 0.3428085541527245, "target": "708.xyz", "model": "7.xyz", "model_rescale": 3.964800864290218, "target_rescale": 4.1549351931729674},
{"mapping": [4, 7, 0, 2, 3, 8, 5, 1, 9, 6, 11, 10, 13], "R": [[-0.25841736938708704, 0.48280979536828383, -0.8367288477729771], [0.9203612633726158, 0.38622079898482964, -0.06138924429150727], [0.2935227556463389, -0.7859568664551229, -0.5441655961100664]], "T": [-0.11392538820766122, -0.005583455262300155, -0.00419869630928005], "aligned_model": [[-0.509850884246842, 0.12531488337112706, -0.6964557793829264, -0.5572878577896239, -0.4484804294222165, 0.618642109378073, 0.36632088135635454, -0.06871628635762332, 0.47950448973968723, -0.510761593376569, -0.03827910730020821, 0.38314972128509045, -0.03813764533862864], [-0.424832749728511, -0.5337930115852817, 0.20192701119664547, -0.4352806369890944, 0.6371714922384256, -0.00933474070316094, 0.6342475732155267, -0.0631277967911529, -0.10916487662914785, 0.14872958774133738, -0.13902528529598812, 0.5315136742466408, 0.012233428149114618], [0.3989965736153003, -0.41725065675215156, -0.3658022391430398, -0.24377912192106813, -0.03422697570842825, -0.2374118407625836, -0.24720177969554796, -0.7510351422867902, 0.32892079560860954, 0.38977380806715056, 0.8104203819572501, 0.3694013866715143, -0.009762248730498167]], "inverted": true, "swapped": false, "error_lsq": 0.042465408325680534, "error_max": 0.2833240191601151, "target": "708.xyz", "model": "8.xyz", "model_rescale": 4.121658175737393, "target_rescale": 4.1549351931729674},
{"mapping": [1, 6, 3, 2, 10, 7, 11, 8, 9, 0, 4, 5, 12], "R": [[0.12730970937750397, -0.4762874310475207, 0.8700244369696573], [-0.2349482085258198, 0.8377168127659186, 0.4929806090708023], [-0.9636345662172585, -0.2671719009092547, -0.00525339469410185]], "T": [-0.03265987763135138, 0.060716817892976296, -0.04401806155623561], "aligned_model": [[-0.4162943051494308, 0.23038288931686057, -0.6396884389550921, -0.6030113518866633, -0.24733148467711785, 0.5802299431053456, 0.03362468167811973, 0.09263571988524054, 0.6434125210461168, -0.5983363338488119, -0.027086187861408553, 0.1343139106803748, -0.07788906141783884], [-0.43843970166475493, -0.5755033176322076, 0.4247623906120096, -0.22002752597116532, 0.7830588281083236, 0.26129413438480564, 0.4519707984635562, -0.2741401243263516, -0.2584708976713614, 0.1509079485728526, -0.2847532868875144, 0.4340786793951921, -0.003474256318030597], [0.23633726783740833, -0.12285011089226723, -0.39283196350242094, -0.32371121496183963, 0.04882024951093265, -0.24237561260857463, -0.5395569141584606, -0.6786243798495393, 0.3223630665252493, 0.4951479146980336, 0.7737516238711655, 0.4190570734577357, -0.004484059007705696]], "inverted": false, "swapped": false, "error_lsq": 0.058232667913651594, "error_max": 0.4858476101425924, "target": "708.xyz", "model": "9.xyz", "model_rescale": 3.833441315466971, "target_rescale": 4.1549351931729674},
{"mapping": [5, 0, 8, 13, 9, 12, 11, 10, 6, 2, 4, 7, 14], "R": [[-0.5376413981665643, -0.04516957132834343, 0.8419628476384905], [-0.22699246120182215, -0.9539441734616559, -0.19612479821811818], [0.8120444258382921, -0.29656402975508, 0.5026267270255201]], "T": [0.03208286744474896, 0.003317517632017798, 0.03148088268092544], "aligned_model": [[-0.29466999424225926, -0.060863857896372414, -0.37965547139317785, -0.620434527197942, -0.5338586938220501, 0.5816550631328795, 0.3038982346774722, -0.04632586423193065, 0.566648259850989, -0.6518315568832757, 0.11900396246688626, 0.1450723192069386, -0.023675371752463037], [-0.4990766950141702, -0.5752387350273436, 0.4633698659459154, -0.4262081847131214, 0.5778122086498141, -0.09061083730028374, 0.5068244051476423, 0.017626325996455534, -0.14102425082442158, 0.032789189207206755, -0.12643960546152042, 0.643675196185757, 0.067764786273424], [0.34495787377593146, -0.31558759825732663, -0.4443160693044703, -0.12794076618861963, 0.11852182566742711, -0.1969221014874335, -0.3399141918745118, -0.7866887038473898, 0.4247172787143366, 0.2506674144256151, 0.8134785759875488, 0.17670279593633575, 0.07336660737227389]], "inverted": true, "swapped": false, "error_lsq": 0.04852472047775783, "error_max": 0.26409266361222794, "target": "708.xyz", "model": "10.xyz", "model_rescale": 4.2482417240324, "target_rescale": 4.1549351931729674},
{"mapping": [6, 11, 8, 10, 7, 1, 5, 0, 9, 3, 2, 12], "R": [[-0.026191738132942233, -0.6362481800955577, 0.7710397176401914], [-0.20603213156516315, -0.7513089109889503, -0.6269654544162006], [0.9781946399445718, -0.17528027154728043, -0.11140948249597499]], "T": [-0.019975460296693802, 0.032539481133133236, 0.0014714961827188566], "aligned_model": [[-0.6294474794914592, -0.11723455097498983, 0.2972386276916362, 0.7002232706314958, -0.5709536555445803, 0.23950490939066507, -0.33672445396727346, 0.5639042448836737, 0.30143658977227233, -0.028290281189044135, -0.5286453121367304, -0.014246306702659032], [-0.3855310079097266, -0.5576126531414247, -0.24542925912570016, -0.3614030508329502, 0.6228998160623744, 0.6589932673626657, 0.07471847576875393, 0.25579155320900027, -0.14188684657889364, 0.4952338254368207, 0.19262320160209587, 0.05773406819762383], [0.2582379611173685, 0.08262032596212321, 0.6004045396528166, -0.0778921709695032, 0.14661571266923695, 0.1219370002907924, 0.5894722236210623, -0.314876868093915, -0.6756476142188925, -0.4996239664945487, -0.5824670310976992, -0.08358782258448468]], "inverted": false, "swapped": true, "error_lsq": 0.05036792406013552, "error_max": 0.306262127614785, "target": "708.xyz", "model": "11.xyz", "model_rescale": 3.6694154284099745, "target_rescale": 4.1549351931729674},
{"mapping": [6, 5, 1, 0, 3, 10, 2, 12, 9, 4, 11, 8, 13], "R": [[0.39371512098822664, -0.3818271391376241, -0.8361796692835839], [-0.37221635426692556, -0.8979605769218936, 0.23478029710846493], [-0.8405018674110516, 0.21880319493114803, -0.49566296287543754]], "T": [-0.0070060700646948915, -0.07819060258429908, -0.011789000683560105], "aligned_model": [[-0.23163315775913934, -0.06790639011087257, -0.5176785720647118, -0.6465249732420484, -0.3644239973890434, 0.5659946470149299, 0.09707781647484554, 0.07578784651463735, 0.6609450308691406, -0.6223555890079971, 0.02269489225331156, 0.25612729596073613, -0.12314234759809398], [-0.5136658001169, -0.8199903668977245, 0.4487638977169919, -0.30096635988911613, 0.6828964914496497, 0.021186733783414083, 0.5050222376712016, -0.11865192138692734, -0.007098283319117743, 0.1559672435620047, -0.06385452267573165, 0.5368492682610534, -0.07519494909344426], [0.27062710590656464, -0.31277912204886604, -0.4336966261358876, -0.2400966853145387, 0.17327250564730012, -0.267372862754577, -0.2862756140479517, -0.6850471601771497, 0.4280671983097742, 0.32613661594628734, 0.7257345437252363, 0.3418840690655354, -0.04941102720200975]], "inverted": true, "swapped": false, "error_lsq": 0.04269995288821228, "error_max": 0.3019538444924493, "target": "708.xyz", "model": "12.xyz", "model_rescale": 3.9764082729961374, "target_rescale": 4.1549351931729674},
{"mapping": [8, 3, 13, 11, 12, 4, 5, 6, 0, 10, 2, 9, 15], "R": [[0.14627246658226767, 0.46698558857325473, -0.8720830382393814], [0.7485059377560015, -0.6286369630555035, -0.21107920272817587], [-0.6467945784126119, -0.6218842567112022, -0.44149376506447663]], "T": [-0.06209647156992349, 0.05915132848897921, -0.021397607370553774], "aligned_model": [[-0.3706502018743313, -0.1308553186617774, -0.48078439523387556, -0.7185660235926014, -0.419858384147607, 0.5908419052985832, 0.4872189733551593, 0.052419214452180084, 0.568317841598125, -0.776237835836425, 0.11951060817586612, 0.19505075783420522, -0.011444639451806835], [-0.44971257782458585, -0.7709369299455356, 0.25560518745788735, -0.36947979827397737, 0.5777982197600864, -0.06447491565959858, 0.6470067223317695, 0.15592833169897563, 0.1146903188924711, 0.050464185949374324, -0.196823224306108, 0.5211465743556914, -0.019948425371096534], [0.3600535127157331, -0.142513879891485, -0.4221304985350948, -0.1473649967476193, 0.07972287043608187, -0.29388934953765916, -0.25698725852572324, -0.7705165398531142, 0.3344129430633528, 0.34748387001255093, 0.7119204756014135, 0.2648449850645318, -0.07399319288325115]], "inverted": false, "swapped": false, "error_lsq": 0.04421360017223726, "error_max": 0.2779039853290434, "target": "708.xyz", "model": "13.xyz", "model_rescale": 4.170626492500431, "target_rescale": 4.1549351931729674},
{"mapping": [9, 3, 5, 11, 12, 2, 4, 6, 0, 10, 7, 8, 13], "R": [[0.1926958522155714, -0.22830664737830753, -0.9543292845248914], [0.6046509907793689, 0.7936025206142302, -0.06776591048799799], [0.7728295335249822, -0.5639779375450932, 0.29096975456899443]], "T": [0.0249217130813994, -0.021576558797462994, 0.03548399029540723], "aligned_model": [[-0.5046075738722264, 0.05507289955031454, -0.5288666861861142, -0.5716918118684011, -0.4174955688198504, 0.5899057838083595, 0.2988148947742419, -0.11334681306389405, 0.5344630685683249, -0.3870532061003449, 0.1421918374726826, 0.054480007474422436, -0.046904329821820814], [-0.5442212758440406, -0.6239921516106547, 0.34577344423218154, -0.2650674317928227, 0.5611823309561503, -0.06030804707810762, 0.6043138141784152, -0.08718895772604134, -0.12993769542272152, 0.08282634897399895, 0.015311180864674895, 0.5794002199272514, -0.02682811059293041], [0.35602676819808515, -0.2986716080714774, -0.5854767270346597, -0.2550743476439408, 0.016375189327833883, -0.29951606772951855, -0.15505969664096897, -0.7915988923799218, 0.32614509475507, 0.40657023874566695, 0.8369306918774143, 0.4708108921417831, -0.03641859462564889]], "inverted": false, "swapped": false, "error_lsq": 0.04385821915326293, "error_max": 0.2533450737888156, "target": "708.xyz", "model": "14.xyz", "model_rescale": 3.9786697098870705, "target_rescale": 4.1549351931729674},
{"mapping": [1, 3, 5, 8, 7, 6, 9, 4, 11, 10, 2, 12], "R": [[0.9298398775583383, 0.322085999410676, 0.1779281065091201], [-0.08692843201879062, 0.662138257581018, -0.7443227630230911], [-0.35754894743104654, 0.6766339755223647, 0.6436809872598002]], "T": [0.061063886213663994, -0.07615268519351084, -0.07766979235579399], "aligned_model": [[-0.203940788642411, -0.6079492185451062, 0.5572140187328697, 0.6824596114005793, -0.08906514346726921, 0.5590484369997202, -0.4376864210892438, -0.08940047149057051, 0.4593431865709255, 0.1433524000613661, -0.46594452402910025, -0.024076489734423036], [-0.3561070201441401, -0.014650076423506325, 0.16832366952834427, -0.4583078633124855, 0.4461544991170868, 0.5040477914606243, -0.3130226687465185, 0.37285052023448206, 0.0184380272392681, -0.7767867087425027, 0.49584914237068345, -0.07211482235689642], [-0.6483574817807495, -0.19552881826535545, -0.4543927755024375, -0.14428031176517395, -0.6923450073599996, 0.0883027583073856, 0.4583911008798177, 0.5198825145678966, 0.3658955364418268, 0.34954922374784336, 0.065270979186792, -0.052421224584015796]], "inverted": false, "swapped": true, "error_lsq": 0.05021131999284112, "error_max": 0.2681060915418229, "target": "708.xyz", "model": "15.xyz", "model_rescale": 3.769337070930944, "target_rescale": 4.1549351931729674},
{"mapping": [7, 1, 6, 5, 2, 3, 4, 0, 11, 8, 12], "R": [[0.868040005515412, -0.35746730689857803, -0.3445630179277536], [-0.35274351312258717, -0.9324064913847017, 0.07867749852153105], [-0.34939742811694935, 0.05324715318538816, -0.9354604095860568]], "T": [-0.005133076553650232, 0.006089402889815243, 0.09374104869986734], "aligned_model": [[-0.35714023540911993, -0.29531417500465096, -0.15843408211229165, -0.5960342102534992, 0.4697405981399785, 0.3290088073652467, 0.5772898360253403, 0.26278610340643827, 0.09227399510533064, -0.46988307933786866, 0.06833257276626689], [-0.02824559540940691, -0.5965221863001096, 0.7617720129744805, 0.2975538336007368, 0.11635755181539578, -0.41872989574632635, 0.4747576753723889, -0.6029413601723275, 0.5132313497872547, 0.11097266336377354, -0.03214155166051805], [-0.6465840206326267, -0.07039471489290199, -0.03896421877378704, -0.023468950320734247, -0.5289080882850554, -0.3223474276248962, -0.05607804956530764, 0.31313596213598366, 0.40621970872459356, 0.650175344303693, 0.061432062154816204]], "inverted": true, "swapped": true, "error_lsq": 0.03563951141910105, "error_max": 0.15569795113542145, "target": "708.xyz", "model": "16.xyz", "model_rescale": 3.7852294659196426, "target_rescale": 4.1549351931729674},
{"mapping": [6, 10, 1, 5, 2, 0, 3, 4, 9, 7, 11, 8, 12], "R": [[-0.5155409567479107, -0.07345596695815357, 0.8537105732235554], [-0.37621704557487123, 0.9145537371059055, -0.14849982008250967], [-0.7698559972711546, -0.39773820895642537, -0.4991252954937976]], "T": [-0.0617060818607622, 0.09941117572264022, -0.022478036144521124], "aligned_model": [[-0.5038115913201376, 0.13606434157331862, -0.5266595662440674, -0.5339726264468834, -0.3485531939181774, 0.5040534599077512, 0.1350038503751118, -0.040562537315713736, 0.6753489154675791, -0.6809732631822526, -0.09570526350232195, 0.4017524042656882, -0.017022427744200375], [-0.6177370350410267, -0.6791167497087096, 0.43076323647079917, -0.19247540190238674, 0.5754121315532383, 0.10360337227254329, 0.7804837322717667, -0.20516384041666527, -0.19641363891081434, 0.008859022394210755, 0.03380902872964159, 0.3725477117593219, 0.03669209959343485], [0.2561514637404009, 0.04105309179606337, -0.40754715129768604, -0.3745796510618872, 0.2329213479247179, -0.40411362427106123, -0.38295098441935493, -0.661675732602673, 0.31884204160104956, 0.2933311955795409, 0.7072290889343604, 0.3446848372124274, 0.027697017783818716]], "inverted": true, "swapped": false, "error_lsq": 0.054755058337501224, "error_max": 0.29211605822080144, "target": "708.xyz", "model": "17.xyz", "model_rescale": 3.901054581598922, "target_rescale": 4.1549351931729674},
{"mapping": [9, 13, 8, 5, 4, 0, 1, 2, 7, 10, 11, 6, 14], "R": [[-0.7129366827766878, -0.09899008834183577, 0.6942062004631249], [0.05243892826296578, 0.9796875945366182, 0.19355199795839503], [-0.6992649320207645, 0.1743937485150502, -0.693264289665107]], "T": [-0.036698081581434575, 0.0020432317159254365, -0.011022214838839407], "aligned_model": [[-0.4075156390450654, -0.09597745202441342, -0.37846582649042176, -0.5214069608825505, -0.4434155103392688, 0.5465566314133363, 0.30971645276361087, -0.04071520250511414, 0.5822600552383692, -0.6779764936498445, 0.024563232465802984, 0.23687409348130645, -0.029534878510053392], [-0.46614501989736523, -0.6934934464882113, 0.30094463644277736, -0.2973769031634169, 0.6792769786553559, 0.14497176714970006, 0.5995791401080972, -0.30104954769211145, 0.10339787742543147, 0.1543247975511961, -0.14929977087676663, 0.4153756293022266, -0.03924246945155907], [0.26733676465039996, -0.21156369137977318, -0.4950377217515963, -0.26693417655832047, 0.02782820421686306, -0.47458439192798546, -0.10393808007338189, -0.7803444696828702, 0.20414071053377636, 0.47685694135728024, 0.770049699836186, 0.5529284385051759, 0.024304713193963195]], "inverted": true, "swapped": false, "error_lsq": 0.04426107214414595, "error_max": 0.27946952968930805, "target": "708.xyz", "model": "18.xyz", "model_rescale": 3.9405287249114394, "target_rescale": 4.1549351931729674},
{"mapping": [9, 13, 10, 11, 2, 12, 1, 14, 4, 5, 8, 0, 15], "R": [[0.9080416402263574, 0.36086515122684304, -0.212689262176196], [-0.2306779300445085, 0.8546278954312166, 0.4651869010851344], [0.3496399179232941, -0.37334635793166293, 0.8592813420607684]], "T": [0.04841642303984983, 0.01678726912179657, -0.018033423617062862], "aligned_model": [[-0.39439144727055403, 0.018996214725455374, -0.49623503876519093, -0.5541996862665785, -0.5789936481165939, 0.4869278064655561, 0.2253816639057075, -0.06039761346153835, 0.6953225517115385, -0.6309607199524089, -0.05528071459821804, 0.4321241953917426, 0.016668938146776474], [-0.5113673922673302, -0.5978595411060093, 0.26668629482575845, -0.3039701646517078, 0.617572209562027, 0.034972718196906644, 0.652288619054915, -0.17922839826071937, -0.15979736882472403, 0.13467085403132734, 0.11191569141661026, 0.34592812197366973, 0.039452025114630376], [0.3195812837057025, -0.2876138297883727, -0.526766456800843, -0.248644991807462, 0.00915740139326052, -0.3459299290229648, -0.03649315649464635, -0.7593001270896033, 0.27350620481170385, 0.44652313994373916, 0.7252495927726085, 0.44791603971199917, -0.026142230415404033]], "inverted": true, "swapped": false, "error_lsq": 0.046544860285529226, "error_max": 0.3155076929274792, "target": "708.xyz", "model": "19.xyz", "model_rescale": 4.410303926677745, "target_rescale": 4.1549351931729674},
{"mapping": [4, 7, 0, 2, 3, 8, 5, 1, 9, 6, 11, 10, 13], "R": [[-0.25841736938708704, 0.48280979536828383, -0.8367288477729771], [0.9203612633726158, 0.38622079898482964, -0.06138924429150727], [0.2935227556463389, -0.7859568664551229, -0.5441655961100664]], "T": [-0.11392538820766122, -0.005583455262300155, -0.00419869630928005], "aligned_model": [[-0.509850884246842, 0.12531488337112706, -0.6964557793829264, -0.5572878577896239, -0.4484804294222165, 0.618642109378073, 0.36632088135635454, -0.06871628635762332, 0.47950448973968723, -0.510761593376569, -0.03827910730020821, 0.38314972128509045, -0.03813764533862864], [-0.424832749728511, -0.5337930115852817, 0.20192701119664547, -0.4352806369890944, 0.6371714922384256, -0.00933474070316094, 0.6342475732155267, -0.0631277967911529, -0.10916487662914785, 0.14872958774133738, -0.13902528529598812, 0.5315136742466408, 0.012233428149114618], [0.3989965736153003, -0.41725065675215156, -0.3658022391430398, -0.24377912192106813, -0.03422697570842825, -0.2374118407625836, -0.24720177969554796, -0.7510351422867902, 0.32892079560860954, 0.38977380806715056, 0.8104203819572501, 0.3694013866715143, -0.009762248730498167]], "inverted": true, "swapped": false, "error_lsq": 0.042465408325680534, "error_max": 0.2833240191601151, "target": "708.xyz", "model": "20.xyz", "model_rescale": 4.121658175737393, "target_rescale": 4.1549351931729674},
{"mapping": [8, 10, 1, 6, 5, 4, 3, 2, 11, 8, 9, 7, 12], "R": [[0.9238227925309334, 0.049650156521285946, -0.37958702553928314], [0.24083371958501995, -0.8461325985985501, 0.47545635456864954], [-0.2975744738904743, -0.5306547724710269, -0.7936340119617673]], "T": [-0.0833789228404979, 0.058250025506475026, -0.026643782738948553], "aligned_model": [[-0.6286741276178459, 0.13256691817655508, -0.468489888892301, -0.5003828948894495, -0.45815917512046944, 0.384256459526854, 0.28665856810655305, 0.012341255113183583, 0.7345736025613748, -0.6286741276178459, 0.03055956910188444, 0.27570637464254477, -0.06732003117534374], [-0.07391510072702447, -0.6907645405396939, 0.33616879676286976, -0.3948911282434873, 0.5542669192851077, -0.09164816502281424, 0.5912926350848424, -0.0657637354253874, -0.00016771421873622294, -0.07391510072702447, -0.2905507592307005, 0.48997802699029175, 0.16117353507711069], [0.3460338550675131, -0.058543865263922946, -0.5334233861203647, -0.23495903457054107, 0.2515837025566312, -0.3232568026168748, -0.2747940086414755, -0.7693886035496821, 0.29290282890804625, 0.3460338550675131, 0.5962678544948313, 0.36256919438731355, -0.0099826487992705]], "inverted": false, "swapped": false, "error_lsq": 0.06107339781185966, "error_max": 0.4842670603460818, "target": "708.xyz", "model": "21.xyz", "model_rescale": 4.08911054899281, "target_rescale": 4.1549351931729674},
{"mapping": [5, 8, 15, 11, 14, 0, 4, 1, 7, 9, 10, 13, 16], "R": [[-0.11835033275934995, 0.5830429636475356, 0.8037749070957925], [-0.6987055747224062, 0.5262633017284929, -0.4846209416705569], [-0.7055520665320052, -0.6189570581186743, 0.345091932124605]], "T": [-0.060250600996449466, 0.0883968591726305, -0.011809740432113991], "aligned_model": [[-0.40720505578781097, -0.06751664463727983, -0.6333061139443885, -0.5856585980406233, -0.43236625932455397, 0.6657895930188773, 0.36285027826898936, -0.019165279276271374, 0.4816104378358426, -0.5638086262085915, -0.0009696520559718258, 0.32131257632663385, -0.016604154259157552], [-0.4312912628843678, -0.5616732963502468, 0.28950193360808407, -0.34993628830447343, 0.5828093556998905, 0.01753564130697992, 0.5525948718432158, -0.17165715296896084, 0.05730542837931317, 0.0543957054215911, -0.25686327542469056, 0.5612899136263497, 0.10725209511266937], [0.31572028268251184, -0.2528865239852897, -0.4151348524825026, -0.35488920458479717, 0.15821615774750777, -0.27243154047205265, -0.3147916489105754, -0.7605969521112732, 0.4477728153032482, 0.491003195310956, 0.7151129636881335, 0.24802033247859265, -0.014072083744741976]], "inverted": true, "swapped": false, "error_lsq": 0.03713918294950185, "error_max": 0.23818944932163624, "target": "708.xyz", "model": "22.xyz", "model_rescale": 4.204369325754507, "target_rescale": 4.1549351931729674},
{"mapping": [9, 13, 10, 11, 2, 12, 1, 14, 4, 5, 8, 0, 15], "R": [[0.9080416402263574, 0.36086515122684304, -0.212689262176196], [-0.2306779300445085, 0.8546278954312166, 0.4651869010851344], [0.3496399179232941, -0.37334635793166293, 0.8592813420607684]], "T": [0.04841642303984983, 0.01678726912179657, -0.018033423617062862], "aligned_model": [[-0.39439144727055403, 0.018996214725455374, -0.49623503876519093, -0.5541996862665785, -0.5789936481165939, 0.4869278064655561, 0.2253816639057075, -0.06039761346153835, 0.6953225517115385, -0.6309607199524089, -0.05528071459821804, 0.4321241953917426, 0.016668938146776474], [-0.5113673922673302, -0.5978595411060093, 0.26668629482575845, -0.3039701646517078, 0.617572209562027, 0.034972718196906644, 0.652288619054915, -0.17922839826071937, -0.15979736882472403, 0.13467085403132734, 0.11191569141661026, 0.34592812197366973, 0.039452025114630376], [0.3195812837057025, -0.2876138297883727, -0.526766456800843, -0.248644991807462, 0.00915740139326052, -0.3459299290229648, -0.03649315649464635, -0.7593001270896033, 0.27350620481170385, 0.44652313994373916, 0.7252495927726085, 0.44791603971199917, -0.026142230415404033]], "inverted": true, "swapped": false, "error_lsq": 0.046544860285529226, "error_max": 0.3155076929274792, "target": "708.xyz", "model": "23.xyz", "model_rescale": 4.410303926677745, "target_rescale": 4.1549351931729674},
{"mapping": [12, 7, 3, 0, 4, 11, 10, 1, 14, 5, 6, 9, 16], "R": [[-0.8042391836908623, -0.3153150808813605, -0.5037615856583718], [-0.05125399559460689, 0.881288173805984, -0.46979163747910857], [0.5920915160275849, -0.3520050489389253, -0.7249276392645416]], "T": [0.005925461987837652, 0.05619757690539183, 0.07694436466543764], "aligned_model": [[-0.49181196889641576, 0.06429840991251427, -0.5766611497483387, -0.6000407866138358, -0.4609221698474686, 0.5713708282177729, 0.15168239652162407, 0.009411607663768348, 0.5533892084931479, -0.47114821499619836, -0.020232413805962232, 0.43954144410035406, -0.06391468908526793], [-0.5149427224382302, -0.510264662997315, 0.3346030047176447, -0.30564643437321026, 0.5611664866920357, 0.012961822579977071, 0.56596781876066, -0.07424283022204788, -0.049295168974940226, 0.12703363292051717, -0.26408477298109423, 0.49276593212296904, 0.0752415632583884], [0.3457045610229314, -0.26604838510821166, -0.5494215365652247, -0.19186714577188296, 0.046218776146984664, -0.20434497741450963, -0.30077664723322534, -0.7711762025578147, 0.46074733083901065, 0.48065836408221085, 0.765880553034828, 0.1944400450439156, -0.01897179459929489]], "inverted": true, "swapped": false, "error_lsq": 0.042390680434060586, "error_max": 0.25315782429395317, "target": "708.xyz", "model": "24.xyz", "model_rescale": 4.28219845311461, "target_rescale": 4.1549351931729674},
{"mapping": [2, 13, 10, 14, 8, 9, 5, 12, 3, 6, 0, 1, 15], "R": [[0.4493677301232625, -0.8691740259978491, -0.2064101636416121], [-0.8831348639742072, -0.4670464786868479, 0.0440499577692673], [-0.13469021923334026, 0.16249338225572774, -0.977473501209096]], "T": [0.047434618583696186, -0.0637930481989306, -0.022971359436180838], "aligned_model": [[-0.3825275111204274, 0.08059673166510853, -0.5693153505866855, -0.6269154135716315, -0.22658922469188963, 0.561118461714535, 0.2676567074473605, -0.06320066978455484, 0.7289363992444329, -0.7234116811395863, -0.21572050632525325, 0.24789425955048422, 0.026440299513801842], [-0.5306213848932304, -0.626267744199398, 0.36391718259701694, -0.2367618407021827, 0.5603101468689273, 0.022833036083398886, 0.7385544710105258, -0.3348776692908774, 0.13265363598417218, 0.1640636049255157, -0.11052087514899428, 0.38115369369653396, -0.07317258786605402], [0.23390194682090598, -0.2112237101576576, -0.28063053902947316, -0.3319672426558514, 0.10875636031707497, -0.4536667444905277, -0.20468919265322227, -0.7291532491842354, 0.2884919098100238, 0.3845509869337704, 0.747820481762522, 0.39141460565765335, 0.047437327788734496]], "inverted": false, "swapped": false, "error_lsq": 0.04741062993620315, "error_max": 0.25708287897452736, "target": "708.xyz", "model": "25.xyz", "model_rescale": 4.100010024507729, "target_rescale": 4.1549351931729674},
{"mapping": [6, 11, 8, 10, 7, 1, 5, 0, 9, 3, 2, 12], "R": [[-0.026191738132942233, -0.6362481800955577, 0.7710397176401914], [-0.20603213156516315, -0.7513089109889503, -0.6269654544162006], [0.9781946399445718, -0.17528027154728043, -0.11140948249597499]], "T": [-0.019975460296693802, 0.032539481133133236, 0.0014714961827188566], "aligned_model": [[-0.6294474794914592, -0.11723455097498983, 0.2972386276916362, 0.7002232706314958, -0.5709536555445803, 0.23950490939066507, -0.33672445396727346, 0.5639042448836737, 0.30143658977227233, -0.028290281189044135, -0.5286453121367304, -0.014246306702659032], [-0.3855310079097266, -0.5576126531414247, -0.24542925912570016, -0.3614030508329502, 0.6228998160623744, 0.6589932673626657, 0.07471847576875393, 0.25579155320900027, -0.14188684657889364, 0.4952338254368207, 0.19262320160209587, 0.05773406819762383], [0.2582379611173685, 0.08262032596212321, 0.6004045396528166, -0.0778921709695032, 0.14661571266923695, 0.1219370002907924, 0.5894722236210623, -0.314876868093915, -0.6756476142188925, -0.4996239664945487, -0.5824670310976992, -0.08358782258448468]], "inverted": false, "swapped": true, "error_lsq": 0.05036792406013552, "error_max": 0.306262127614785, "target": "708.xyz", "model": "26.xyz", "model_rescale": 3.6694154284099745, "target_rescale": 4.1549351931729674},
{"mapping": [6, 1, 4, 0, 10, 7, 8, 5, 3, 2, 12, 9, 13], "R": [[0.8131100594005749, 0.4988346586014156, -0.30002668994541604], [-0.16109280968073691, 0.6881117920916457, 0.707496479322399], [0.5593756680181572, -0.526940361865015, 0.6398692968621075]], "T": [-0.06959814355566084, 0.1135288329370883, 0.008143944348652378], "aligned_model": [[-0.12990490500396754, -0.01321840634833503, -0.6698239499377114, -0.5293688083097575, -0.3108591236321957, 0.5157401888315495, 0.08832554446100159, 0.03846514134569656, 0.5836703997103293, -0.6697423639613097, -0.028205811879653098, 0.3507924565872536, -0.12090785994720622], [-0.4876431530812529, -0.7266999923585512, 0.4801096872601324, -0.21349284582833977, 0.6573166986006844, -0.007958805600834631, 0.6029766302742879, -0.20169043731067465, -0.18931042862698783, -0.031932045393883265, -0.0510694188179185, 0.5196793044506972, 0.10097847549799464], [0.3339441431742085, -0.2573433436153701, -0.41715363227944274, -0.33624116070404697, 0.0974670462998122, -0.18870197265010655, -0.371142431461274, -0.7094476092819253, 0.37469518547054353, 0.2923932957853109, 0.783338696494891, 0.3591098590342615, 0.03012486465285518]], "inverted": false, "swapped": false, "error_lsq": 0.046045476818449914, "error_max": 0.30207451773033395, "target": "708.xyz", "model": "27.xyz", "model_rescale": 4.103607728864725, "target_rescale": 4.1549351931729674},
{"mapping": [3, 0, 4, 2, 13, 7, 8, 1, 6, 12, 10, 11, 14], "R": [[0.46690203693194765, -0.6532465321226497, -0.5960465218240353], [-0.7859521156631626, 0.002392105248321841, -0.6182827425353871], [0.405316863445622, 0.757141496750913, -0.5123036151584235]], "T": [0.03299118469619913, -0.009676468913971933, 0.1716570683268345], "aligned_model": [[-0.46655205780256437, -0.029901649760907895, -0.4728170319100674, -0.5783790579048095, -0.29187180496597975, 0.5309643390892931, 0.15137122316890983, 0.02392085286127346, 0.6343785410281829, -0.8032861787027933, 0.04942853294994126, 0.3646551598407418, -0.006948365975525575], [-0.5662943196402956, -0.6263803917811187, 0.3995104240379987, -0.1532306949676394, 0.5508461351779085, 0.1883341775087945, 0.5779923849414875, -0.28714257789058106, -0.0009454983517627608, 0.03337170602564553, -0.14083824426101682, 0.5595603341014183, -0.08351976583548452], [0.23618589671724008, -0.18247921035112, -0.4594795427047377, -0.21166957681565698, 0.1839445092121122, -0.3109356864575835, -0.38772782734521527, -0.6802766846872443, 0.3704642126877423, 0.36160612261648684, 0.6638985523323465, 0.36666912729608264, 0.04084304841926453]], "inverted": true, "swapped": false, "error_lsq": 0.04643069008856124, "error_max": 0.2643447493006871, "target": "708.xyz", "model": "28.xyz", "model_rescale": 4.137296879288765, "target_rescale": 4.1549351931729674},
