[{"mapping": [1, 2, 0, 7, 6, 5, 4, 9, 8, 3, 10, 11], "R": [[-0.0022550375406737433, -0.4007076703323087, 0.9162031858395518], [-0.6926399936113179, -0.6602164606363375, -0.2904549265461709], [0.7212799415315834, -0.6352539555498113, -0.27605734531527054]], "T": [0.0943169208387031, 0.05334975180260159, 0.01408337987416422], "aligned_model": [[-0.14864711695996483, 0.5025339286456677, 0.40196181716023716, -0.7669378117350337, -0.5002709514769271, -0.1303221946588388, 0.886728884689258, -0.1757688006328815, 0.1725214038887651, 0.40203059356770987, -0.165824493693612, 0.10747914353451424], [-0.25644997065332764, -0.01685001543441731, -0.4617086304966359, -0.3386382395722283, 0.3403748801362825, -0.7406340533836718, 0.046974211978472034, 0.5317891944545236, 0.5805348316267798, 0.4020315864816584, -0.11749531405716182, -0.01419654671582566], [-0.574876014160562, -0.6766995909664756, -0.13711475037917772, 0.04856540567428258, -0.28464111737231645, 0.10247635142912918, 0.17025987868878908, 0.2739022152192123, -0.3309723274150469, 0.5217897798411117, 0.6181527085785474, 0.004259463228155255]], "inverted": true, "swapped": false, "error_lsq": 0.05779766580103158, "error_max": 0.37749988059805223, "target": "709.xyz", "model": "0.xyz", "model_rescale": 3.751011558992144, "target_rescale": 3.7905609289883597},
{"mapping": [7, 0, 3, 11, 6, 12, 2, 10, 1, 8, 9, 14], "R": [[-0.6405271858563792, 0.29901778047070326, -0.7073282767861625], [-0.4695332942574395, -0.8813461008922334, 0.05260737615405467], [-0.6076704779423338, 0.36581063052408946, 0.7049249412759518]], "T": [0.08767014008387852, 0.07625713425999406, 0.07980907812693305], "aligned_model": [[-0.09824185988435932, 0.5665996679399756, 0.47152202862873793, -0.6634603472431758, -0.5039832168543035, -0.15926954023874268, 0.886471860906357, -0.45520397967195403, 0.12868859169392194, 0.5085785098739498, -0.15441302869882137, 0.058195715877308554], [-0.14829135908875124, -0.001653854477164013, -0.5276689371236343, -0.19260329881560542, 0.2357653259160989, -0.6104102740977391, -0.08169452255691276, 0.4365732175966671, 0.45482552270788423, 0.562232162137914, -0.20319010219949238, 0.03184805436518217], [-0.5157509324512308, -0.5033383334947081, -0.1872806399014042, 0.0955586006879201, -0.3540447996804693, -0.05977519268696291, 0.22370204844845298, 0.5777184657840756, -0.5038766346768996, 0.2443772058418473, 0.6252397361959279, 0.09257247829909986]], "inverted": false, "swapped": false, "error_lsq": 0.04769082824302647, "error_max": 0.25227895197022887, "target": "709.xyz", "model": "1.xyz", "model_rescale": 3.9405287249114394, "target_rescale": 3.7905609289883597},
{"mapping": [11, 10, 9, 0, 6, 5, 8, 1, 3, 4, 2, 12], "R": [[-0.16076865179674135, 0.9543116197818576, 0.25187848845978317], [-0.9868639050742668, -0.15953848336626467, -0.025438262259062525], [0.01590828278057936, -0.25265946385306665, 0.9674244786361641]], "T": [-0.0005501599577608235, 0.1073906257053792, -0.016412557769128058], "aligned_model": [[-0.12822472333263563, 0.6100058037341866, 0.5385851145539745, -0.7993111395120959, -0.3975332417021533, -0.20915259833655397, 0.7668987720507294, -0.36628073461104116, 0.26916054163823616, 0.394713890885558, -0.10639146338258083, 0.01301418034327032], [-0.3650405974689125, -0.025362688514996803, -0.46295482240798574, -0.13092636532121243, 0.22159690899732284, -0.5817179890542775, 0.0262781229246304, 0.4192441417595557, 0.4844843096359051, 0.5604434229195182, -0.27154210363402986, 0.0812295945289302], [-0.5342177665825003, -0.5830562659986236, -0.2019397328232959, 0.07367571896713404, -0.36956557142579916, 0.08202838972325442, 0.05523008847898911, 0.6130434483557596, -0.3508616115175142, 0.344427039462363, 0.5398043357592256, 0.0665339299666564]], "inverted": true, "swapped": false, "error_lsq": 0.041731399499325396, "error_max": 0.23227067574554677, "target": "709.xyz", "model": "2.xyz", "model_rescale": 3.932901565614263, "target_rescale": 3.7905609289883597},
{"mapping": [1, 2, 6, 11, 3, 10, 5, 8, 0, 7, 12, 13], "R": [[0.30927256133566083, 0.9246890100305167, 0.22203764891041083], [0.925820679217296, -0.34611508030357574, 0.15185658075985412], [0.21727069001249272, 0.15860197323877237, -0.9631401047336068]], "T": [0.032970809640903445, 0.0981878912793688, -0.010647033252880737], "aligned_model": [[-0.1341346872160568, 0.560922727753041, 0.4712142818378684, -0.7969578750063483, -0.2970115360442804, -0.15445253258040398, 0.6054802353584817, -0.4615050504945323, 0.17131545213401428, 0.32752655327133184, 0.21438636310308207, 0.07870047021269691], [-0.21695180401040579, -0.1159728228185434, -0.42460085531757297, -0.18555996070211653, 0.4459625751842532, -0.591576257264686, -0.03958557204178051, 0.45218126092132604, 0.4089290915377979, 0.6670829382784011, -0.45461914282573446, 0.01044248342350887], [-0.6599014874424611, -0.6185958911982565, -0.04707293324320458, 0.15791818635959998, -0.1862884260171733, 0.036716987639799865, 0.4017255118124904, 0.40041140970233025, -0.5879259913818006, 0.30453210111587214, 0.4839463251391075, 0.04963620987934487]], "inverted": true, "swapped": false, "error_lsq": 0.04923475356353963, "error_max": 0.29371934679822925, "target": "709.xyz", "model": "3.xyz", "model_rescale": 3.9243930471874484, "target_rescale": 3.7905609289883597},
{"mapping": [0, 7, 4, 6, 5, 3, 8, 11, 1, 9, 10, 12], "R": [[0.4582820612144128, 0.8421110349187989, -0.28430011825016743], [-0.8872518547366436, 0.41453281800107405, -0.2023528825257369], [-0.052551866146269874, 0.3449805033158807, 0.9371375319004498]], "T": [0.08385846982150533, -0.01779918156881343, 0.037482824503352295], "aligned_model": [[-0.23698179010946388, 0.6976406565798069, 0.4433615791491251, -0.6141637742656437, -0.4955924296328136, -0.22433611950696955, 0.6519655289034225, -0.2808702803787422, 0.21123151744510116, 0.31856417491911154, 0.10469792605907907, 0.00996741316688135], [-0.13538186324307389, -0.11339202431234208, -0.4831062077376045, -0.14258605034529037, 0.28670014157431556, -0.598026201505125, 0.03575639392818419, 0.41798023042105736, 0.4074874243634121, 0.6009409168221619, -0.3401831127443268, 0.019542287143079158], [-0.7413356356902348, -0.4695203259272789, -0.04384463224900067, 0.17426622582534593, -0.34348950664661493, -0.10848316745763162, 0.303419919829875, 0.588121838968043, -0.5220417143117116, 0.28194409835799855, 0.6641901226118526, -0.04812522094499339]], "inverted": false, "swapped": false, "error_lsq": 0.0483256599786821, "error_max": 0.25344851624683845, "target": "709.xyz", "model": "4.xyz", "model_rescale": 3.8936222436046832, "target_rescale": 3.7905609289883597},
{"mapping": [1, 0, 2, 5, 6, 4, 3, 7, 9, 8, 10, 11], "R": [[-0.6675595523137421, 0.10848289038842301, 0.7366109601462972], [-0.6735477059436537, 0.33366248885104516, -0.659547444352389], [-0.31732905938901623, -0.936429819061044, -0.14967117972603344]], "T": [0.07652489560354067, 0.06261304188466524, 0.03422515305829834], "aligned_model": [[-0.09985842341085219, 0.673171722442015, 0.38579031545719067, -0.6865668888422465, -0.551022432167259, -0.26227744392541275, 0.6507410019283303, -0.3481543168144614, 0.24770499893527642, 0.4281291759848681, 0.2070267149758969, -0.05920002223445081], [-0.22845283072658437, -0.10773044557656156, -0.6145111606082084, -0.176447502526649, 0.4615653882352895, -0.6316512817653195, 0.05698399988358574, 0.2913483628638831, 0.5279451023492614, 0.6003072081524392, -0.1930536790057322, -0.030571226910956206], [-0.6919141928909257, -0.5964205234353628, -0.020694601176930442, -0.09886069015567264, -0.2514844982606157, 0.21816705297071043, 0.05716440859409858, 0.4667471141939322, -0.33482686163389563, 0.39908435865678127, 0.5973159116884866, -0.009175476184956996]], "inverted": true, "swapped": false, "error_lsq": 0.047440153796331284, "error_max": 0.2189756759333746, "target": "709.xyz", "model": "5.xyz", "model_rescale": 3.6523030999806103, "target_rescale": 3.7905609289883597},
{"mapping": [1, 0, 5, 6, 2, 8, 7, 10, 3, 11, 9, 12], "R": [[-0.39158528385497937, 0.902865647357246, 0.17746714707347006], [-0.9141890715514825, -0.40365042369331783, 0.036396111166494674], [0.10449548757747401, -0.14798634489163676, 0.9834534736333793]], "T": [-0.016170072989733032, -0.006975861168132235, 0.022263953257830593], "aligned_model": [[-0.20421846969704355, 0.5478667080920395, 0.3637264779297834, -0.6319669698766609, -0.4492751154543764, -0.14038540210973027, 0.6518670713189633, -0.5288854011694111, 0.413613991073928, 0.41382355515641556, 0.07127930239638197, 0.07803865466860466], [-0.15202369094379461, -0.08546066402545895, -0.5322202382395761, -0.21515964647878758, 0.4340000664781309, -0.6380829383978458, 0.07056724918895575, 0.30117434013367167, 0.35763758619487257, 0.5734737945322873, -0.14341093100805136, -0.014762993069955897], [-0.6304027255044785, -0.7919021083082703, -0.18678265623639329, 0.03110450698860802, -0.4183854398398286, 0.22220772472538614, 0.1428106228809041, 0.5231027370538303, -0.38391752739702145, 0.5250090975326958, 0.7268212281780436, -0.024563457707826447]], "inverted": true, "swapped": false, "error_lsq": 0.038970445097583954, "error_max": 0.1934200456987724, "target": "709.xyz", "model": "6.xyz", "model_rescale": 4.08911054899281, "target_rescale": 3.7905609289883597},
{"mapping": [11, 12, 10, 9, 1, 8, 5, 0, 13, 7, 4, 14], "R": [[0.17989065553486305, 0.9835349782047306, -0.01727132592065464], [0.9146870342251012, -0.17370655160637122, -0.3649296690452993], [-0.3619212365580746, 0.04984957950518082, -0.9308748777099053]], "T": [0.05083036323101756, 0.0446093301187386, 0.03417280482049459], "aligned_model": [[-0.04809771235243932, 0.5631668014824586, 0.3464108988349013, -0.6720654040533297, -0.5075549705047647, -0.1534747728202741, 0.754604409985758, -0.6460407558999378, 0.23332137837114897, 0.5663377405066587, 0.24146013096939808, -0.0925833421906839], [-0.16688558758818398, -0.00197356638185487, -0.5611571353789243, -0.23900669874786942, 0.40605925230883494, -0.5867811645679392, -0.1357356950287407, 0.4651675208122965, 0.5056762816209646, 0.5860522943167868, -0.3142482249492085, -0.00143534205171416], [-0.5043568588032028, -0.4591256097366976, -0.22068800965001847, -0.07325608198422252, -0.27486737326796606, 0.1915082041664755, 0.2636918510940872, 0.5055088151842473, -0.5043518631170028, 0.23512211442933992, 0.6101337727036673, -0.03421695865305821]], "inverted": false, "swapped": false, "error_lsq": 0.04889508454075359, "error_max": 0.24926441153774767, "target": "709.xyz", "model": "7.xyz", "model_rescale": 3.964800864290218, "target_rescale": 3.7905609289883597},
{"mapping": [12, 4, 2, 8, 9, 7, 0, 5, 6, 3, 1, 13], "R": [[0.2559646968652524, -0.46403934604197966, 0.8480268623596847], [0.9277542789460138, -0.12852904469111934, -0.3503602183013226], [0.2715770090711685, 0.8764403972865014, 0.3976155909270137]], "T": [0.07675110464405403, 0.07496976103021025, -0.061391744195545536], "aligned_model": [[-0.27073010957908944, 0.4620608489952053, 0.5233386250407835, -0.650612283519192, -0.5241820959390765, -0.1557711430863047, 0.6678500623477709, -0.39537418971925103, 0.46563626376566547, 0.41463703915162115, 0.047452731355107844, 0.0011786535156538408], [-0.32365844781703723, -0.040398704402278135, -0.4111343364689277, -0.06599159293225457, 0.17218354528418667, -0.5962177733726698, 0.047415080052380154, 0.4620982954047524, 0.4280191922495696, 0.591673282321757, -0.3941453493905963, 0.08588874343556557], [-0.6008612003854346, -0.6387303910100866, -0.11497458449485524, 0.14386414404163184, -0.3827723524726328, -0.013497455033713128, 0.34234348374540696, 0.5098349422116656, -0.307623860925237, 0.3191516331601392, 0.5235804856324103, -0.04521284210364526]], "inverted": true, "swapped": false, "error_lsq": 0.04569903903032549, "error_max": 0.2585371568416748, "target": "709.xyz", "model": "8.xyz", "model_rescale": 4.121658175737393, "target_rescale": 3.7905609289883597},
{"mapping": [0, 3, 10, 4, 1, 5, 11, 6, 2, 8, 7, 12], "R": [[-0.6153917362827808, -0.7676375749214654, -0.1789568788383285], [-0.6922411895462512, 0.4177650744862163, 0.5884509138705772], [-0.37695509866621496, 0.4860091522885324, -0.7884795225504125]], "T": [0.05025243637895897, -0.01737212797923412, 0.07389934129940531], "aligned_model": [[-0.25322153131944475, 0.6224247813755385, 0.42811376950471197, -0.8066022399448864, -0.41614266258066096, -0.12268300182030657, 0.6670372038398886, -0.29463719779443814, 0.18407027256158737, 0.34438465404646873, 0.24578724948162367, -0.01304689502118779], [-0.26038446394970793, 0.019575351593371905, -0.6002082547541091, -0.1930191629755438, 0.31471027767725396, -0.6104020336688211, -0.07262193659115199, 0.4777202581746347, 0.4907242749082987, 0.5737767522637411, -0.20662672018418007, 0.02248759187066169], [-0.6099667264491269, -0.46826085905134796, -0.23270087535064157, -0.07800885623347331, -0.30967412393688654, 0.08515862406538247, 0.21374240987993023, 0.41465837567147, -0.3802782483624306, 0.38144214749842664, 0.6912807035929643, 0.027709431041382078]], "inverted": true, "swapped": false, "error_lsq": 0.04255562328663579, "error_max": 0.25884165069007736, "target": "709.xyz", "model": "9.xyz", "model_rescale": 3.833441315466971, "target_rescale": 3.7905609289883597},
{"mapping": [8, 10, 11, 3, 2, 7, 12, 4, 0, 1, 6, 14], "R": [[0.8432448135856203, -0.4877866279988291, -0.2258370870926309], [-0.49222685014635637, -0.869537697736533, 0.04021094639580801], [-0.21598822272510398, 0.07725540602819955, -0.9733348292768882]], "T": [0.05200902171697118, 0.0454044271739412, -0.03206122417876856], "aligned_model": [[-0.009643633556550915, 0.5844547024304577, 0.32660030220540026, -0.7699556511281881, -0.539321541064127, -0.18549900175604345, 0.5869574156390778, -0.41251492003651413, 0.42680976821517713, 0.462092893033359, 0.14864083000313788, -0.03313676165629169], [-0.3027732692651915, -0.04097622063731169, -0.5615199057174033, -0.1705629329662157, 0.275564818681932, -0.5727666092050997, -0.08033983378401327, 0.23226244741993976, 0.5745743964171501, 0.5456986510151949, 0.0473888439285831, 0.00918154847688299], [-0.7267054526704502, -0.6523789849217044, -0.17896106715925678, 0.14697515675056666, -0.3697069181088303, 0.04120872429822033, 0.2149987968425802, 0.5885950155367357, -0.24021142422478187, 0.32451393057975775, 0.6401648715378474, -0.05339064609503537]], "inverted": false, "swapped": false, "error_lsq": 0.05378296436409303, "error_max": 0.34756824057778335, "target": "709.xyz", "model": "10.xyz", "model_rescale": 4.2482417240324, "target_rescale": 3.7905609289883597},
{"mapping": [1, 3, 8, 0, 6, 10, 7, 4, 2, 5, 9, 11], "R": [[-0.9494323240999412, -0.1481453608768209, 0.27682343471039644], [-0.18456982549507084, -0.44990264790430423, -0.8737972230016613], [0.2539926012129167, -0.8807045812639858, 0.39980895321356197]], "T": [0.04028649032957761, 0.0048930649216928895, -0.08805863376941153], "aligned_model": [[-0.19019656423989123, 0.6940982041692512, 0.24382796397009515, -0.6578445218278856, -0.3252316702701949, -0.17065573516107407, 0.6713067083658351, -0.42307727569990417, 0.27352574245842837, 0.1808402749784489, 0.2579336028386505, 0.030957672747135206], [-0.23486131676653776, -0.20294182742973796, -0.5641641399807313, -0.27574435459996033, 0.5390916781466966, -0.4924471022843259, 0.036876614940869856, 0.3379454748690845, 0.47215265600770373, 0.5731624377195966, -0.24930029253361718, 0.015962106275406625], [-0.7113899676327295, -0.5209633886740483, -0.19577397627780777, -0.17578094884417356, -0.1269231940167402, 0.26288081702378835, 0.15555331924808066, 0.5754243673628379, -0.6124870961827191, 0.38258000030378664, 0.665152076178984, 0.03682999387639013]], "inverted": true, "swapped": false, "error_lsq": 0.05701262318795753, "error_max": 0.27767502147996265, "target": "709.xyz", "model": "11.xyz", "model_rescale": 3.6694154284099745, "target_rescale": 3.7905609289883597},
{"mapping": [8, 9, 10, 1, 4, 2, 7, 0, 11, 5, 12, 13], "R": [[0.4203992047129199, 0.2345050919830901, -0.8765111924617662], [-0.39622304623516336, 0.9164956808785738, 0.05516307245837093], [0.8162547435138569, 0.3241034229453961, 0.47821037726737553]], "T": [0.06077621099158183, 0.05924702988621581, -0.012502099918572445], "aligned_model": [[-0.03186446446813028, 0.6186007301161582, 0.4335036973402552, -0.7100363926229621, -0.5263669906203697, -0.225467186073957, 0.7935074910093508, -0.35914582277140894, 0.17425053091286813, 0.3965925305487012, 0.06177434955540788, -0.03986407059701892], [-0.31447716953324484, -0.1339470876250702, -0.452311058856724, -0.22153448760816216, 0.41488516853905394, -0.5235687177778575, 0.10181328578708537, 0.4443310173914, 0.40669806805360587, 0.4319779038536157, -0.30046752863237386, 0.1023325407731196], [-0.6639203828441758, -0.5567392777303787, 0.04145464266576519, 0.19602407024739157, -0.2890215836565255, -0.08108850748934904, 0.10350782901704857, 0.4189068389699481, -0.653930196981586, 0.6142912373045436, 0.5640158446206002, 0.04160148824236698]], "inverted": true, "swapped": false, "error_lsq": 0.05610968753946947, "error_max": 0.3422625571038996, "target": "709.xyz", "model": "12.xyz", "model_rescale": 3.9764082729961374, "target_rescale": 3.7905609289883597},
{"mapping": [8, 2, 1, 11, 3, 10, 9, 14, 7, 4, 13, 15], "R": [[0.30179854412631407, -0.35383918117712354, -0.885277059810735], [0.0925976813016587, 0.9350638888905696, -0.34217129206057134], [0.9488642200972662, 0.02129219473767635, 0.3149656080629426]], "T": [0.19347601115478674, 0.014098976214050577, 0.14812703443020434], "aligned_model": [[-0.1720386439143669, 0.45392993642771795, 0.3899740772340098, -0.5584766363780373, -0.42889917453040904, -0.123566528325662, 0.773310501258237, -0.5104092949648499, 0.3014772397029665, 0.4267019695653031, -0.12085902257440079, 0.1543399788283858], [-0.17682629723841603, -0.09527754372828447, -0.5089438607039677, -0.2242842246988266, 0.3924643779290709, -0.6975082329830747, -0.1399305300923185, 0.2673196962528706, 0.5244534310852612, 0.6916755944409535, -0.19051750284664912, 0.11310702694782855], [-0.4259804585842373, -0.5978354603383633, -0.15376248018875718, 0.05710305879566302, -0.2736930674402026, -0.049979267682403766, 0.18769977493563367, 0.4296102174926316, -0.3985975433493054, 0.19669966597223154, 0.6316620685840612, 0.13217549416869825]], "inverted": false, "swapped": false, "error_lsq": 0.04478630660379223, "error_max": 0.22582435047747598, "target": "709.xyz", "model": "13.xyz", "model_rescale": 4.170626492500431, "target_rescale": 3.7905609289883597},
{"mapping": [3, 1, 9, 6, 2, 11, 10, 4, 0, 8, 12, 13], "R": [[0.6291688114469318, -0.5707723850808304, 0.5276035359354554], [0.6563427216127173, 0.026523978836427976, -0.7539964922549016], [0.4163662312057336, 0.8206798175755421, 0.39131036088469306]], "T": [0.049792819812880876, 0.05652543671196968, -0.02712145364959242], "aligned_model": [[-0.21391104547685347, 0.5018595084605918, 0.5480636382077358, -0.7036364515833388, -0.4105213354225626, -0.05293564274980943, 0.49914600023237776, -0.27023419781799574, 0.21266154784076535, 0.3959005970222091, 0.07977893915927438, -0.0006871555434997609], [-0.29187127867764157, 0.015209492775246289, -0.5459169165354718, -0.31609399449579245, 0.42151667648887015, -0.6381068861660135, -0.1392934736524892, 0.5281368400245752, 0.513027276300938, 0.4820109367347504, -0.0469951176152535, -0.0258916208172705], [-0.560557114781155, -0.6473981432704884, -0.23947926728894245, 0.004316732046350025, -0.3234733401162479, 0.05407245082475206, 0.25227965330130764, 0.3950497472213601, -0.3748832318977908, 0.47360580607420766, 0.696819461525466, 0.004749248726830364]], "inverted": false, "swapped": false, "error_lsq": 0.04845664390868056, "error_max": 0.2621281269183454, "target": "709.xyz", "model": "14.xyz", "model_rescale": 3.9786697098870705, "target_rescale": 3.7905609289883597},
{"mapping": [0, 3, 9, 1, 4, 6, 8, 10, 2, 5, 7, 11], "R": [[0.9047100111796432, -0.17946666865216726, 0.38638259602914726], [0.3672235595678277, 0.7882909188828303, -0.49370465311276673], [-0.21597836227192788, 0.5885483345059745, 0.7790790749215254]], "T": [0.023517105866038075, -0.03343426273048537, 0.007981039932153995], "aligned_model": [[-0.1439673023091456, 0.6681664426191546, 0.3160061537591495, -0.6266593949357021, -0.23731840832616694, -0.1943708418098609, 0.5217674974813771, -0.5835000084666051, 0.3668706336250073, 0.3856607780061251, 0.10102897123901035, 0.011799881446551187], [-0.07642170411446063, -0.21648832616385993, -0.5495773624692465, -0.22560852909089918, 0.5145716598087164, -0.7483031949680384, 0.11776317934107246, 0.23188988336073985, 0.5530389683071029, 0.603410740292641, -0.11557278021281632, -0.13297059972650355], [-0.6657448976568713, -0.6213580378208127, -0.18032914434864628, -0.02382557331703527, -0.0730687810990735, 0.2703604270475324, 0.04135778015905236, 0.511423498317539, -0.5323937564072346, 0.3365232603290386, 0.6592269075297178, 0.012930319632442538]], "inverted": false, "swapped": false, "error_lsq": 0.060882522915082865, "error_max": 0.32988810549207215, "target": "709.xyz", "model": "15.xyz", "model_rescale": 3.769337070930944, "target_rescale": 3.7905609289883597},
{"mapping": [0, 3, 8, 4, 2, 5, 6, 10, 9, 7, 11], "R": [[0.7911379514811934, -0.4677612800676998, 0.3940813705258953], [0.6047267625765673, 0.6947836695906686, -0.38933429735098946], [-0.09168579142814419, 0.5463286898374929, 0.8325374936365588]], "T": [-0.020911116169378824, 0.06345805382777214, -0.058032349702686004], "aligned_model": [[-0.24564006316128276, -0.45213784177789107, -0.09565215721904466, -0.6752987001738577, 0.43870371683820863, 0.1801885175548603, 0.6241212836506259, 0.44346540855967487, 0.11897891419949569, -0.38093979675034706, -0.03316315102927103], [0.04418907578912032, -0.5641360304978111, 0.6797843167383465, 0.20671279817878108, 0.04164852329595356, -0.4871849293806182, 0.41776261699695144, -0.35820094429107197, 0.610877486517151, -0.09298146262870519, 0.09759304690724496], [-0.651479519380863, -0.11627112982264191, -0.1797871850388875, -0.06117535437808119, -0.4966251523990368, -0.3702163740397159, 0.04257172688490478, 0.34566622736317276, 0.5502031817826689, 0.671892087060819, 0.00943909919143826]], "inverted": false, "swapped": true, "error_lsq": 0.05110534332145513, "error_max": 0.2484970480957686, "target": "709.xyz", "model": "16.xyz", "model_rescale": 3.7852294659196426, "target_rescale": 3.7905609289883597},
{"mapping": [1, 3, 2, 5, 4, 7, 8, 10, 0, 9, 11, 12], "R": [[0.8755702832240769, -0.44413017598616045, -0.1900659514837215], [-0.04656012228523301, 0.3140243077118387, -0.9482725816867665], [0.48084179742166167, 0.8391287868644497, 0.25427159673802147]], "T": [0.03903034572402724, -0.03167595196343882, -0.030753715249314403], "aligned_model": [[-0.1517451107848832, 0.48998061018679095, 0.311878708526673, -0.5835776571647396, -0.42143724534379673, -0.25770665293598044, 0.649320455593993, -0.3711847928289111, 0.21709186862042246, 0.39542430060996947, 0.26661414281503965, 0.04082577503431669], [-0.4073064504348888, -0.03753747947082088, -0.5738334885398327, -0.14821799925375295, 0.3667304026378268, -0.6134307153042767, 0.08031011320554783, 0.45068725676190485, 0.5705814136257042, 0.5649618423582504, -0.31033200834980174, 0.013119047128587524], [-0.5755110998334764, -0.6858146838917758, -0.10629176843842644, -0.20678279384892118, -0.392732525788164, 0.2240708403431913, 0.16726399672449427, 0.46754774997964155, -0.2978254572890959, 0.4833167826588503, 0.6083773291962756, 0.04948363255305577]], "inverted": false, "swapped": false, "error_lsq": 0.049033254714283325, "error_max": 0.2922671593188656, "target": "709.xyz", "model": "17.xyz", "model_rescale": 3.901054581598922, "target_rescale": 3.7905609289883597},
{"mapping": [7, 0, 3, 11, 6, 12, 2, 10, 1, 8, 9, 14], "R": [[-0.6405271858563792, 0.29901778047070326, -0.7073282767861625], [-0.4695332942574395, -0.8813461008922334, 0.05260737615405467], [-0.6076704779423338, 0.36581063052408946, 0.7049249412759518]], "T": [0.08767014008387852, 0.07625713425999406, 0.07980907812693305], "aligned_model": [[-0.09824185988435932, 0.5665996679399756, 0.47152202862873793, -0.6634603472431758, -0.5039832168543035, -0.15926954023874268, 0.886471860906357, -0.45520397967195403, 0.12868859169392194, 0.5085785098739498, -0.15441302869882137, 0.058195715877308554], [-0.14829135908875124, -0.001653854477164013, -0.5276689371236343, -0.19260329881560542, 0.2357653259160989, -0.6104102740977391, -0.08169452255691276, 0.4365732175966671, 0.45482552270788423, 0.562232162137914, -0.20319010219949238, 0.03184805436518217], [-0.5157509324512308, -0.5033383334947081, -0.1872806399014042, 0.0955586006879201, -0.3540447996804693, -0.05977519268696291, 0.22370204844845298, 0.5777184657840756, -0.5038766346768996, 0.2443772058418473, 0.6252397361959279, 0.09257247829909986]], "inverted": false, "swapped": false, "error_lsq": 0.04769082824302647, "error_max": 0.25227895197022887, "target": "709.xyz", "model": "18.xyz", "model_rescale": 3.9405287249114394, "target_rescale": 3.7905609289883597},
{"mapping": [8, 5, 9, 4, 1, 7, 11, 12, 2, 10, 13, 15], "R": [[-0.8839957746634169, -0.4660348162247192, -0.03691910675541721], [-0.45885473028045953, 0.8800608956064189, -0.12225038455430329], [0.08946399765532742, -0.09112831662452948, -0.9918123930626737]], "T": [-0.08106680829479829, 0.061664201621146726, 0.059004771781193566], "aligned_model": [[-0.12531551702019425, 0.4707618332662784, 0.4007787247484795, -0.7153328812250538, -0.382845493694967, -0.1509284476018189, 0.6055921017983148, -0.45251574018340657, 0.39151971845094474, 0.4754464233669029, 0.12225867036756793, -0.0539349899441532], [-0.2960969990370495, -0.07022306106792017, -0.529643739347185, -0.300259456555368, 0.5688005517036215, -0.636597417854788, -0.014265074906739221, 0.23897516686969245, 0.5726498312255228, 0.603871530812543, -0.26843736370696947, 0.08695796622908711], [-0.6060675029496797, -0.5487398646016457, -0.02578702139813907, 0.09619136880000552, -0.23639626315709217, 0.00265221139993245, 0.26381563100380967, 0.42056469048186196, -0.46145746900987594, 0.1782032285795469, 0.6076590815852942, 0.044463911631630826]], "inverted": true, "swapped": false, "error_lsq": 0.04352948014343063, "error_max": 0.24391551135917391, "target": "709.xyz", "model": "19.xyz", "model_rescale": 4.410303926677745, "target_rescale": 3.7905609289883597},
{"mapping": [12, 4, 2, 8, 9, 7, 0, 5, 6, 3, 1, 13], "R": [[0.2559646968652524, -0.46403934604197966, 0.8480268623596847], [0.9277542789460138, -0.12852904469111934, -0.3503602183013226], [0.2715770090711685, 0.8764403972865014, 0.3976155909270137]], "T": [0.07675110464405403, 0.07496976103021025, -0.061391744195545536], "aligned_model": [[-0.27073010957908944, 0.4620608489952053, 0.5233386250407835, -0.650612283519192, -0.5241820959390765, -0.1557711430863047, 0.6678500623477709, -0.39537418971925103, 0.46563626376566547, 0.41463703915162115, 0.047452731355107844, 0.0011786535156538408], [-0.32365844781703723, -0.040398704402278135, -0.4111343364689277, -0.06599159293225457, 0.17218354528418667, -0.5962177733726698, 0.047415080052380154, 0.4620982954047524, 0.4280191922495696, 0.591673282321757, -0.3941453493905963, 0.08588874343556557], [-0.6008612003854346, -0.6387303910100866, -0.11497458449485524, 0.14386414404163184, -0.3827723524726328, -0.013497455033713128, 0.34234348374540696, 0.5098349422116656, -0.307623860925237, 0.3191516331601392, 0.5235804856324103, -0.04521284210364526]], "inverted": true, "swapped": false, "error_lsq": 0.04569903903032549, "error_max": 0.2585371568416748, "target": "709.xyz", "model": "20.xyz", "model_rescale": 4.121658175737393, "target_rescale": 3.7905609289883597},
{"mapping": [1, 0, 5, 6, 2, 8, 7, 10, 3, 11, 9, 12], "R": [[-0.39158528385497937, 0.902865647357246, 0.17746714707347006], [-0.9141890715514825, -0.40365042369331783, 0.036396111166494674], [0.10449548757747401, -0.14798634489163676, 0.9834534736333793]], "T": [-0.016170072989733032, -0.006975861168132235, 0.022263953257830593], "aligned_model": [[-0.20421846969704355, 0.5478667080920395, 0.3637264779297834, -0.6319669698766609, -0.4492751154543764, -0.14038540210973027, 0.6518670713189633, -0.5288854011694111, 0.413613991073928, 0.41382355515641556, 0.07127930239638197, 0.07803865466860466], [-0.15202369094379461, -0.08546066402545895, -0.5322202382395761, -0.21515964647878758, 0.4340000664781309, -0.6380829383978458, 0.07056724918895575, 0.30117434013367167, 0.35763758619487257, 0.5734737945322873, -0.14341093100805136, -0.014762993069955897], [-0.6304027255044785, -0.7919021083082703, -0.18678265623639329, 0.03110450698860802, -0.4183854398398286, 0.22220772472538614, 0.1428106228809041, 0.5231027370538303, -0.38391752739702145, 0.5250090975326958, 0.7268212281780436, -0.024563457707826447]], "inverted": true, "swapped": false, "error_lsq": 0.038970445097583954, "error_max": 0.1934200456987724, "target": "709.xyz", "model": "21.xyz", "model_rescale": 4.08911054899281, "target_rescale": 3.7905609289883597},
{"mapping": [2, 3, 14, 1, 0, 15, 12, 6, 13, 7, 5, 16], "R": [[0.9336958009793109, 0.3184853453374117, 0.16364362510929875], [0.26354493560104675, -0.3018688087347404, -0.9161982805223489], [-0.24239681960092463, 0.898577936029134, -0.3657888389890792]], "T": [0.002521202983931131, -0.0628209658952339, 0.09359837461776407], "aligned_model": [[-0.25528405906941787, 0.4967387205878089, 0.4942548246397893, -0.7512635069931276, -0.3958852961768722, -0.08800733699988894, 0.7266199570113053, -0.32543143596934576, 0.3981076135917998, 0.24037271417108289, 0.04293638655985468, 0.0023258209759057288], [-0.32185104471381254, -0.10843172094574305, -0.41028714782076603, -0.23385814541699695, 0.5472683143121071, -0.7510325992307476, 0.07719371808540643, 0.48754386854701204, 0.3313784361585701, 0.596519308245102, -0.2344575734629478, -0.024253479392736116], [-0.5290521650094795, -0.6191060014117794, -0.12841037227832072, -0.08682688828097998, -0.1693516772586249, -0.129283542738121, 0.1259463068529279, 0.4745311038027339, -0.259740257845549, 0.21398628734976716, 0.7767063762012171, 0.06570283298185786]], "inverted": false, "swapped": false, "error_lsq": 0.04280566009436119, "error_max": 0.2082200129755479, "target": "709.xyz", "model": "22.xyz", "model_rescale": 4.204369325754507, "target_rescale": 3.7905609289883597},
{"mapping": [8, 5, 9, 4, 1, 7, 11, 12, 2, 10, 13, 15], "R": [[-0.8839957746634169, -0.4660348162247192, -0.03691910675541721], [-0.45885473028045953, 0.8800608956064189, -0.12225038455430329], [0.08946399765532742, -0.09112831662452948, -0.9918123930626737]], "T": [-0.08106680829479829, 0.061664201621146726, 0.059004771781193566], "aligned_model": [[-0.12531551702019425, 0.4707618332662784, 0.4007787247484795, -0.7153328812250538, -0.382845493694967, -0.1509284476018189, 0.6055921017983148, -0.45251574018340657, 0.39151971845094474, 0.4754464233669029, 0.12225867036756793, -0.0539349899441532], [-0.2960969990370495, -0.07022306106792017, -0.529643739347185, -0.300259456555368, 0.5688005517036215, -0.636597417854788, -0.014265074906739221, 0.23897516686969245, 0.5726498312255228, 0.603871530812543, -0.26843736370696947, 0.08695796622908711], [-0.6060675029496797, -0.5487398646016457, -0.02578702139813907, 0.09619136880000552, -0.23639626315709217, 0.00265221139993245, 0.26381563100380967, 0.42056469048186196, -0.46145746900987594, 0.1782032285795469, 0.6076590815852942, 0.044463911631630826]], "inverted": true, "swapped": false, "error_lsq": 0.04352948014343063, "error_max": 0.24391551135917391, "target": "709.xyz", "model": "23.xyz", "model_rescale": 4.410303926677745, "target_rescale": 3.7905609289883597},
{"mapping": [10, 8, 4, 1, 11, 3, 5, 7, 9, 6, 0, 16], "R": [[-0.7987753365360367, -0.16011054872743377, 0.5799332495451024], [0.24961094003788728, 0.7888625625268127, 0.5615961503224832], [-0.5474050971219979, 0.5933468375493637, -0.5901586142851983]], "T": [0.08562335148049602, 0.17380532308661611, 0.02693439193606139], "aligned_model": [[-0.09899359971699528, 0.47702174448313717, 0.43514921438523924, -0.6742524515788694, -0.39252399677345096, -0.10143891440157107, 0.6411096796231345, -0.43592348935667036, 0.17286829901196468, 0.5534034848785115, -0.03136127484207227, 0.04042570661653656], [-0.13566567258501205, -0.14905169553092296, -0.3959868839122678, -0.2244878137819225, 0.4549796847004339, -0.7057803870882537, 0.011543995007498808, 0.26948239205886165, 0.3717382643342812, 0.6586778751732221, -0.2628930732348508, 0.0631752492233802], [-0.5152170909948343, -0.6198092286268309, -0.13754322050765785, 0.043866332717962635, -0.2780862275957066, 0.051176334376759385, 0.27332480182358654, 0.42789035955339183, -0.5609693872044234, 0.3790401214988648, 0.6319095310455919, 0.03951967627894502]], "inverted": false, "swapped": false, "error_lsq": 0.038396938700473136, "error_max": 0.24466258530664803, "target": "709.xyz", "model": "24.xyz", "model_rescale": 4.28219845311461, "target_rescale": 3.7905609289883597},
{"mapping": [14, 12, 11, 6, 2, 10, 9, 0, 13, 4, 1, 15], "R": [[-0.47540056357542104, 0.7899167573378099, -0.38733166747516495], [-0.7870164152165098, -0.18507931676065303, 0.5885157675773558], [0.39319138639080914, 0.5846171080154339, 0.7096642661736211]], "T": [0.18809842394991885, 0.01194587889353209, 0.07224841316504854], "aligned_model": [[-0.18275050622310826, 0.5097522136902967, 0.3430425840178644, -0.6845992291571337, -0.2954501141969904, -0.18515151070580402, 0.8524426144132217, -0.46629206090514996, 0.3418323605953486, 0.12081411181750246, 0.10085166980691246, 0.13099226917593448], [-0.21461621936373643, -0.15656526479332555, -0.44231983751359016, -0.21079249184934953, 0.38200653644597443, -0.6558724390875031, -0.11162035461320388, 0.35185161701378703, 0.38251344835745793, 0.6604622957360708, -0.07739358720988733, 0.04807823124175342], [-0.5532796129995783, -0.6004794175599961, -0.18487419845547254, 0.10361016409306226, -0.24082657046628586, -0.13848364247992873, 0.08811871289401438, 0.42123459420933995, -0.36588628087561065, 0.4032285507145606, 0.700168680822127, 0.10257102246941667]], "inverted": true, "swapped": false, "error_lsq": 0.0449210874607367, "error_max": 0.2710698515433592, "target": "709.xyz", "model": "25.xyz", "model_rescale": 4.100010024507729, "target_rescale": 3.7905609289883597},
{"mapping": [1, 3, 8, 0, 6, 10, 7, 4, 2, 5, 9, 11], "R": [[-0.9494323240999412, -0.1481453608768209, 0.27682343471039644], [-0.18456982549507084, -0.44990264790430423, -0.8737972230016613], [0.2539926012129167, -0.8807045812639858, 0.39980895321356197]], "T": [0.04028649032957761, 0.0048930649216928895, -0.08805863376941153], "aligned_model": [[-0.19019656423989123, 0.6940982041692512, 0.24382796397009515, -0.6578445218278856, -0.3252316702701949, -0.17065573516107407, 0.6713067083658351, -0.42307727569990417, 0.27352574245842837, 0.1808402749784489, 0.2579336028386505, 0.030957672747135206], [-0.23486131676653776, -0.20294182742973796, -0.5641641399807313, -0.27574435459996033, 0.5390916781466966, -0.4924471022843259, 0.036876614940869856, 0.3379454748690845, 0.47215265600770373, 0.5731624377195966, -0.24930029253361718, 0.015962106275406625], [-0.7113899676327295, -0.5209633886740483, -0.19577397627780777, -0.17578094884417356, -0.1269231940167402, 0.26288081702378835, 0.15555331924808066, 0.5754243673628379, -0.6124870961827191, 0.38258000030378664, 0.665152076178984, 0.03682999387639013]], "inverted": true, "swapped": false, "error_lsq": 0.05701262318795753, "error_max": 0.27767502147996265, "target": "709.xyz", "model": "26.xyz", "model_rescale": 3.6694154284099745, "target_rescale": 3.7905609289883597},
{"mapping": [2, 11, 12, 1, 0, 6, 9, 5, 10, 8, 3, 13], "R": [[-0.43540580114294436, -0.3959204331175957, -0.8084978657801429], [0.6727425894779729, -0.7398766166725236, 2.0092065320997943e-05], [-0.5981966203795723, -0.5439021996105502, 0.5884991084320033]], "T": [0.061269171376277215, 0.12133708947306981, 0.023408955946811576], "aligned_model": [[-0.07980299058734058, 0.6068841876894432, 0.3747188735134517, -0.7185245842669429, -0.5241875908212481, -0.24292738503883812, 0.6994632828312625, -0.5457182282810125, 0.45711704837434775, 0.2795784179039018, 0.23104548122297489, 0.04783788978889436], [-0.07948882355689318, -0.20187567618405072, -0.5816175154484222, -0.2041008920896092, 0.2650839854264085, -0.48877063053152997, 0.028415196944396787, 0.457286693517673, 0.4316025592755776, 0.6860695698417454, -0.4627479085068264, 0.1058753756759778], [-0.6105447048028327, -0.5545298222425833, -0.16981868443425527, 0.27964804842100877, -0.24771933957785636, -0.05673751534398042, 0.24462679759486713, 0.40378069506619735, -0.30663727780989425, 0.2277994912639668, 0.5552472209139021, -0.030012906682890805]], "inverted": true, "swapped": false, "error_lsq": 0.05055879746987434, "error_max": 0.265686448832962, "target": "709.xyz", "model": "27.xyz", "model_rescale": 4.103607728864725, "target_rescale": 3.7905609289883597},
{"mapping": [10, 9, 6, 13, 2, 11, 5, 4, 0, 1, 8, 14], "R": [[0.7050450641043384, -0.7084467180993771, -0.03185443762383855], [-0.06158797295985169, -0.10591726350352228, 0.9924658456987938], [-0.7064831060745939, -0.6977712955590443, -0.11830824115439703]], "T": [-0.03061422082235469, -0.08549722959952036, -0.15635250604133272], "aligned_model": [[-0.06230060865714952, 0.6067115123484489, 0.4058261420110768, -0.597459191435331, -0.35963287189267507, -0.11252532137173499, 0.6861456949795244, -0.5123036623487105, 0.33199339964556435, 0.31040374321068664, -0.11861122629302956, 0.00723679213222389], [-0.3224275905001244, -0.1421900524491947, -0.543859955441488, -0.23095812182072897, 0.5678274646063503, -0.7098317237428309, -0.04504239517809301, 0.3491463911575805, 0.5151918833956278, 0.5991483920538321, -0.13981062339261263, 0.05853826567612988], [-0.6065027623061101, -0.666965627424464, -0.18263337551730918, 0.12185684153470572, -0.07739506547520486, 0.11852609350561877, -0.015785654139872873, 0.47663208460183787, -0.28818590123899285, 0.310367916730719, 0.657027207923486, -0.11183975582876426]], "inverted": true, "swapped": false, "error_lsq": 0.04793195717568055, "error_max": 0.2983199161884, "target": "709.xyz", "model": "28.xyz", "model_rescale": 4.137296879288765, "target_rescale": 3.7905609289883597},
{"mapping": [3, 5, 2, 6, 8, 0, 4, 10, 9, 7, 11], "R": [[0.8247932846615053, 0.03953088896300323, 0.5640508367116215], [-0.2021854436186752, -0.9109801889572576, 0.35949428606880374], [0.5280502665144722, -0.4105513416677554, -0.7433777719899898]], "T": [0.04362280882932344, 0.000352300268483108, -0.04727010815495282], "aligned_model": [[0.6295341544085916, 0.1699985576684907, -0.1609998736146605, -0.6591791664988674, -0.030765359825913094, 0.4885883495374021, 0.5613646048630109, -0.39249905304521027, -0.4967891319152399, 0.09655751958511581, 0.015608409547178476], [-0.39605356438832745, -0.6307300476555762, -0.28550501098898584, 0.07254171844802978, 0.5606483327736466, -0.03198449027932031, 0.39490550813445285, -0.4938796582878092, 0.5427308171012678, 0.1384329448639649, 0.04804126692660861], [0.2404673844603561, -0.21119650302752546, -0.5768928534649801, -0.27656854230527733, -0.3315292888709689, -0.49894912680560677, 0.11092631771859869, 0.30193885690138933, 0.27361647059648314, 0.7682145995617685, 0.00572670701876158]], "inverted": true, "swapped": true, "error_lsq": 0.04810587212826114, "error_max": 0.3481606957848775, "target": "709.xyz", "model": "29.xyz", "model_rescale": 3.607286011436655, "target_rescale": 3.7905609289883597},
