[{"mapping": [13, 12, 11, 7, 15, 14, 1, 3, 5, 9, 8, 16], "R": [[-0.5498984963000049, -0.713220269380876, -0.4346590515694625], [-0.2947983176357732, 0.6526487798396401, -0.6979566763725003], [0.7814765483916403, -0.25566856967194873, -0.5691467181630661]], "T": [-0.003522123563804382, -0.1459725876092347, 0.0449436849944143], "aligned_model": [[-0.2513318202568222, 0.21256795215244584, 0.444981222101733, -0.24518136323778789, -0.19552690754424704, -0.5642192863299859, 0.39256066146958346, -0.30350333143007596, 0.6497170850566321, 0.13294834891990337, -0.4717698624278694, 0.03639976398703956], [-0.3204171021770268, -0.7210919482119438, -0.49436940524173734, 0.6703063576134721, 0.3450801607271939, -0.5959399622917897, -0.14915551844546976, -0.5431183463623541, 0.17531291108064906, 0.43518250220849597, 0.3733475035432604, -0.1215821164656925], [-0.5640028704599043, -0.041914173928116305, -0.6322952675751414, 0.018314640917541633, -0.47384856549635596, -0.1562577367710729, 0.5957569401284668, 0.5454497627445106, 0.0027356668908091603, 0.4092500254908669, 0.4524494911309253, 0.02631383228103286]], "inverted": false, "swapped": true, "error_lsq": 0.04238745432127985, "error_max": 0.2428388734962871, "target": "71.xyz", "model": "0.xyz", "model_rescale": 3.751011558992144, "target_rescale": 4.280117412909186},
{"mapping": [8, 6, 10, 7, 3, 13, 1, 9, 14, 2, 12, 5, 4, 15, 16], "R": [[0.26639694912797746, 0.24560851887235507, 0.9320456646284204], [0.7519131874387562, -0.6579526974940497, -0.04153078877162686], [0.6030416437121037, 0.7118811019528695, -0.3599528755703623]], "T": [-0.019700639214763886, -0.06346174609269456, 0.11896662504519837], "aligned_model": [[0.09227747925261526, 0.25141136919811097, -0.39334932213870966, 0.2586810607917633, -0.2708694459152748, -0.5335176790876894, 0.4784649275951103, 0.5503126408540674, -0.7606123414006631, 0.010382412521376207, -0.22320436311764183, 0.6215470122498569, 0.5212812224817451, -0.07973122257939905, 0.016012460383767323], [-0.023456467536319275, -0.5043338493594016, 0.19295704879591447, 0.4829362204096232, -0.678493670109944, 0.3209648529096983, -0.5240244598218118, 0.004029494767934599, -0.1451506951738321, 0.4824715446961589, -0.36949094464376764, 0.12106964849069432, 0.5654234167848899, 0.6605706289501612, -0.03671541933289225], [-0.6815774166745845, -0.3815685109448622, -0.45379079235817255, -0.4721107825976235, -0.11950722176732995, 0.34449862134114606, 0.11898777574160291, -0.280550997794099, 0.07760572690187131, 0.5177069927775733, 0.6189004720805628, 0.41303628693488303, 0.02574658204695579, -0.02002073711452268, 0.1423104062785751]], "inverted": true, "swapped": true, "error_lsq": 0.04367232853305425, "error_max": 0.30096604029230695, "target": "71.xyz", "model": "1.xyz", "model_rescale": 3.9405287249114394, "target_rescale": 4.280117412909186},
{"mapping": [0, 12, 3, 15, 13, 6, 5, 2, 10, 8, 7, 9, 16], "R": [[0.7752677680844801, -0.1758171264626865, -0.6066697831701469], [0.2276952812204655, 0.9736927572215831, 0.008790531506385618], [0.5891644479084277, -0.14495086262811724, 0.7949053407444957]], "T": [-0.013120484975011178, 0.0542846856875459, -0.10426806897251165], "aligned_model": [[-0.1449361384001201, 0.12752923286057627, -0.4910113272433955, 0.45714427051548273, 0.5981979191408097, -0.7219062619167361, 0.02749491739794984, 0.593520415279649, 0.0015582990028021118, -0.47807976663859364, -0.061004338512680174, -0.4174921179911439, 0.004968175789331154], [0.7959061459688003, 0.548973845331749, 0.06857916387816781, -0.4193403993686207, -0.09799169585507844, -0.06918316782742304, 0.4083778848720301, 0.13694729225152028, -0.6551059253530497, -0.5923101686446587, -0.6056708784209727, -0.13238055894635412, 0.07203105568590665], [0.1260096819897726, -0.45140173144708606, -0.6235327639042542, 0.21459612851353302, -0.3607015969112911, -0.07627223966558164, 0.5318889458603638, 0.18399524896253303, -0.27737061107368477, 0.03973972528500036, 0.4320018262246187, 0.43492040166139456, -0.0607526659066741]], "inverted": true, "swapped": true, "error_lsq": 0.0410978269633459, "error_max": 0.22618566037854193, "target": "71.xyz", "model": "2.xyz", "model_rescale": 3.932901565614263, "target_rescale": 4.280117412909186},
{"mapping": [12, 1, 0, 3, 11, 2, 5, 13, 10, 15, 9, 8, 4, 16], "R": [[-0.13937447498509883, 0.08867003023614384, 0.9862618219623782], [-0.959223566782464, -0.2594115027199213, -0.11223110614139059], [0.24589612573555508, -0.9616877341395771, 0.12120972466650742]], "T": [-0.022858205440063086, 0.03058559903975841, -0.0387850275191577], "aligned_model": [[-0.33228522470374405, 0.5214209580932917, 0.27789916881972676, -0.03470979486698536, -0.511218731056456, -0.2569905628648373, 0.4085459717126119, -0.6505383897252117, -0.19761135898349014, -0.1726430720096452, 0.6287885836525261, 0.3711443298838398, 0.37282011872828885, -0.004812084627211527], [-0.0774082417381513, 0.07084802276691538, -0.37843385352342185, 0.6451477575353001, -0.6635141159920703, -0.5683755615692826, -0.5544777463801628, -0.12449201527228176, 0.4629211074688996, -0.23877825024109287, 0.04088082980365117, 0.5398564551659225, -0.47465403198386136, -0.016023717689875032], [-0.5656566793693583, -0.4418062118989996, -0.6409923744347441, -0.38576154806001506, -0.285600292645849, 0.17185589001882656, -0.09639292559718925, 0.17246118341160827, 0.5233202466879507, 0.6336371972301063, 0.21485843976461683, 0.4515367865170665, 0.4950871277907276, -0.03265047635764989]], "inverted": true, "swapped": true, "error_lsq": 0.04344994880065689, "error_max": 0.33852675982407643, "target": "71.xyz", "model": "3.xyz", "model_rescale": 3.9243930471874484, "target_rescale": 4.280117412909186},
{"mapping": [5, 2, 4, 9, 7, 0, 1, 15, 10, 14, 8, 3, 16], "R": [[-0.15899440926912772, 0.7907453860061919, -0.5911366274653265], [0.13413247499804704, 0.6105024489055828, 0.7805736602212409], [0.9781253789632798, 0.0448162290939943, -0.20313111193939548]], "T": [-0.19054894693095115, -0.012136478770310183, -0.0847850301352224], "aligned_model": [[-0.020998438260463104, -0.1137155053669877, 0.47566982824809967, 0.35007269918752404, 0.658564130352586, -0.5619824015078028, -0.27511304241977225, 0.325455778739557, 0.2074629705317318, -0.508395953213803, 0.4229806580300738, -0.5070860470828455, -0.1757087909265454], [-0.6052007283322953, 0.048806485729840414, -0.27473092032978563, -0.416489761401857, 0.05434810374410751, -0.68429210331279, -0.6205494862521947, 0.31655876327547583, 0.5488569026095488, 0.6469473140548262, 0.0866816826815471, 0.06820485505509537, -0.04131155383993165], [-0.4736998961930191, -0.7543554940805984, -0.5137892283078905, 0.0977285216359848, -0.08731342806995292, -0.2598553150006203, 0.2032591882773158, -0.5005284592253046, 0.16075098640649763, 0.0632548069542303, 0.4336999540876155, 0.5409699913706923, -0.12305131248398646]], "inverted": false, "swapped": true, "error_lsq": 0.043894977402133786, "error_max": 0.2668734830834022, "target": "71.xyz", "model": "4.xyz", "model_rescale": 3.8936222436046832, "target_rescale": 4.280117412909186},
{"mapping": [8, 15, 9, 6, 5, 2, 13, 12, 3, 10, 1, 16], "R": [[-0.9753951204002989, 0.12027736612991706, -0.1847639420886462], [0.06056744882768646, 0.9520153104640015, 0.29999738796302344], [0.21198099736012257, 0.28142530774431274, -0.9358759815911653]], "T": [-0.07231087106917149, 0.020257821730632158, 0.08189284520875237], "aligned_model": [[0.1995143279342682, -0.5702953533969589, -0.1818493431248622, 0.3916818221583613, -0.6071803014336563, -0.6977085835364166, -0.2732590178689351, 0.03790850290512998, 0.6278036728528079, 0.12146583249253125, 0.09785931686130937, -0.11839283362848155], [-0.42951609768160026, -0.5253626886309833, 0.03986475507055744, 0.12194409961820324, 0.42864377438256407, -0.04597170679675294, -0.3431923600798822, 0.39714585472904473, 0.10756666542861877, -0.6769887554063069, 0.5573351066296461, 0.03745425784669838], [-0.5335945768107493, 0.04376474634623407, -0.6085428355838952, -0.459194981697281, -0.1989326491428843, 0.3317595689725077, 0.6205766573631575, 0.5623182687689867, 0.10278791243341023, -0.016660671426057927, -0.29609795211982315, 0.07110123217191314]], "inverted": true, "swapped": true, "error_lsq": 0.04429025749681453, "error_max": 0.2842965902108086, "target": "71.xyz", "model": "5.xyz", "model_rescale": 3.6523030999806103, "target_rescale": 4.280117412909186},
{"mapping": [14, 10, 15, 13, 2, 3, 9, 12, 1, 0, 5, 11, 16], "R": [[0.6985471441690136, -0.09560176628607886, -0.7091489192379111], [0.6151771250793633, -0.42596905911435673, 0.663405958261093], [-0.3654982792742051, -0.8996725309579102, -0.23874745001231645]], "T": [-0.031206944243701865, -0.05291171628962757, 0.09466776469638005], "aligned_model": [[0.2624082617303114, -0.0351330819651631, 0.3613037469562228, 0.5995013412378423, 0.5335854867695878, -0.43098167417065203, -0.5166788354878965, 0.18539317218908685, -0.5638977882627937, -0.1490624097278449, -0.05787701067648006, 0.7108040345715128, -0.01828233849943914], [-0.6062969160636287, -0.02470608283215664, 0.4480698596075726, -0.1646739343392222, 0.28975755830528604, -0.6222244687372726, 0.4499353787072494, -0.49521491618590574, -0.04479538474086639, -0.052873500217823055, 0.46327581997296197, -0.08585131006485, -0.01357519924816121], [0.500732895217503, 0.8244650129080735, 0.4716251307137185, 0.3235186049376242, -0.052060920199756555, 0.2141791358942875, 0.1180425346820913, -0.28276270087647914, -0.32540548551160703, -0.6841234057857232, -0.4196925050594833, -0.3844177005045118, 0.06600914306605253]], "inverted": true, "swapped": true, "error_lsq": 0.042978875890577986, "error_max": 0.21727895703637864, "target": "71.xyz", "model": "6.xyz", "model_rescale": 4.08911054899281, "target_rescale": 4.280117412909186},
{"mapping": [6, 10, 7, 1, 0, 5, 9, 4, 12, 3, 11, 13, 2, 15, 16], "R": [[-0.22494884804194643, 0.944361004321477, -0.23995897416336157], [-0.9486125864921744, -0.2685084526078851, -0.16744363716411087], [-0.2225582542015204, 0.18996184984109482, 0.956233401995413]], "T": [-0.07039584682385272, -0.169155196045441, 0.03115985298806307], "aligned_model": [[-0.08867695331838184, 0.4672749428233528, 0.7386908443887126, -0.4041650520790362, -0.6324993900854943, -0.07645755332082038, 0.2606120471768608, 0.506471558524883, -0.6312214602809075, -0.41484289946772057, -0.37632781203566923, 0.06262127302803536, 0.108857483869778, 0.5782152418180203, -0.06221873124205813], [-0.6258023355451463, -0.6133273246860507, -0.163083962782342, -0.17658994424008878, 0.2590752033184024, 0.43970567711862046, -0.14364292139356985, 0.355224910568466, -0.07643522577755794, -0.7817742993919021, 0.49726089235645227, -0.050928916522434045, 0.41456724728821953, 0.08813598128518435, -0.12162616542713972], [-0.5252074232217563, 0.2480382472843262, -0.2348504414584464, -0.5594582874567503, -0.31678257204692367, -0.3700620868207378, -0.5843622310659521, -0.2673320223160835, 0.2799150053442923, -0.03421502577445674, 0.5246002468229217, 0.6876546621785196, 0.32284183981014475, 0.2766164553601307, 0.016673665442851864]], "inverted": false, "swapped": true, "error_lsq": 0.05068363327900165, "error_max": 0.36513311305857493, "target": "71.xyz", "model": "7.xyz", "model_rescale": 3.964800864290218, "target_rescale": 4.280117412909186},
{"mapping": [3, 8, 1, 14, 0, 10, 12, 9, 15, 2, 13, 11, 5, 16], "R": [[-0.29289769016713113, -0.0017921354656380561, -0.9561421083422862], [-0.3188222636504078, -0.942584507558141, 0.09943244094462797], [-0.9014229347512682, 0.3339629236335223, 0.2755094523651793]], "T": [0.010408977454439826, -0.034875327454118386, 0.001934428344732786], "aligned_model": [[-0.30378731292707756, 0.25926076982418356, 0.41084469717675187, -0.715779000408867, 0.32866605260917725, -0.21067940188451748, -0.3249196828438501, 0.641642338346486, 0.10516105657202113, 0.07119416381199681, -0.4563582558215794, -0.20639876615274155, 0.616387902612852, 0.045953328546036995], [-0.07403208681010531, -0.7446122631132188, 0.24993434120816962, -0.20710990184425185, 0.673868729229854, -0.729924654943021, 0.4842242480758634, -0.2919160814159718, -0.44573407551729943, 0.12490304805542854, -0.09174940196065434, 0.5755010180782872, 0.30355721361056853, -0.015961666472446543], [-0.6289120283628515, -0.2969912340807421, -0.4658493172972419, -0.01596056885172001, -0.12767998310297052, 0.03989963204500037, -0.05366959747064122, -0.1547787903273115, 0.6096853399296233, 0.6567000816067704, 0.49341192673752066, 0.6032856664856487, 0.22549719257896284, 0.03217671883497406]], "inverted": false, "swapped": true, "error_lsq": 0.046577315258096774, "error_max": 0.3306783123725148, "target": "71.xyz", "model": "8.xyz", "model_rescale": 4.121658175737393, "target_rescale": 4.280117412909186},
{"mapping": [1, 6, 9, 5, 3, 12, 10, 13, 15, 14, 0, 2, 16], "R": [[-0.6253058398555504, 0.7744207115223903, -0.09625574376472215], [-0.6918133633385736, -0.6071791007554028, -0.3908040556494152], [-0.3610912307834624, -0.1777810484022844, 0.9154272346179511]], "T": [-0.037728459898982616, -0.04081279624963314, -0.02712046764860136], "aligned_model": [[-0.45418491440448344, -0.34543359592012224, 0.14923788208624605, 0.12328211386020178, -0.604614142865159, -0.45418882206072353, 0.3073922724817905, 0.25629832015190657, 0.6937785427413181, -0.15776152465577065, -0.436574141952019, 0.4136525458835307, -0.014147038911518722], [0.2586491491445298, -0.2524775937795709, 0.0807574987267973, 0.6342688588124304, -0.449312278100762, 0.13957441254007094, -0.6806600797824265, -0.19928420307847777, -0.1055722265360994, -0.5955745987630192, 0.6367623258264682, 0.3198139004625706, 0.0034422739391980553], [-0.471162707127387, -0.6426859943457058, -0.6899543747104719, -0.2508786100168706, -0.12706349346138388, 0.3959902850780355, -0.09713567778303646, 0.5654092849108381, 0.06146711142764204, 0.45781804862990744, -0.07423389754964778, 0.3252225500058805, -0.03171709109871132]], "inverted": false, "swapped": true, "error_lsq": 0.04017409909320906, "error_max": 0.2893176510563031, "target": "71.xyz", "model": "9.xyz", "model_rescale": 3.833441315466971, "target_rescale": 4.280117412909186},
{"mapping": [4, 7, 13, 14, 10, 15, 8, 3, 0, 12, 5, 1, 9, 2, 16], "R": [[0.0901101474108878, -0.5048032183710537, -0.8585184168413712], [0.7527364506558675, -0.529924475248436, 0.39059939373567476], [-0.6521257525873326, -0.6814350748639932, 0.3322322102950119]], "T": [-0.07440201058808191, 0.14415049848659903, 0.1170616533640059], "aligned_model": [[0.1390314382232157, -0.05942833713558773, -0.7052574387513282, -0.705594011477192, -0.5201321850426136, -0.4432319627726652, 0.012179102115910306, -0.03166293917765252, 0.49814060853934283, -0.1263003635025041, 0.42127152268347023, 0.5746217832042058, 0.4109046643740787, -0.2866994609055693, -0.05399740208057898], [-0.6618383793070646, -0.5054654006935729, 0.0363985668994774, 0.5367731123592486, 0.039494121586238745, -0.4891496366571483, 0.008399656024458524, 0.7905915964067781, 0.26381625464677627, 0.539456402734752, -0.2814220696522296, 0.34152021214807404, -0.18964930063691013, -0.33392130589068636, 0.10609770932678655], [0.07612278442253392, -0.43356942381728203, 0.3474252612402698, 0.0479378526682987, -0.4519608858805547, 0.016864632011853384, -0.6760875783412708, -0.16312951589015037, 0.6445847860427139, 0.5924996518990936, 0.44097999153199696, 0.10704881657629792, -0.2599524887436542, 0.5463857399242595, 0.1429722841776869]], "inverted": false, "swapped": true, "error_lsq": 0.03881548488906507, "error_max": 0.2313744722220561, "target": "71.xyz", "model": "10.xyz", "model_rescale": 4.2482417240324, "target_rescale": 4.280117412909186},
{"mapping": [1, 3, 14, 10, 5, 2, 12, 15, 8, 4, 9, 16], "R": [[-0.06700007676587962, 0.7789692935823556, 0.6234723966377123], [-0.9963543523976803, -0.019160588368038342, -0.08313168055314457], [-0.0528109285239875, -0.6267692649685346, 0.7774132069364641]], "T": [-0.03542750059070338, 0.022682128609323643, 0.096988544383865], "aligned_model": [[-0.6825159263692366, -0.13894175758113714, 0.4875323482825617, 0.563430899635222, -0.4958418195073709, 0.14779743349176983, -0.20689239746621085, 0.47644384492195385, 0.135556098884557, -0.04634824590986925, -0.31006430940870283, -0.05339056661052989], [-0.14178041060597138, -0.6549176559870764, -0.3189344848777588, -0.2540305453422712, 0.5527725654853956, 0.6664576171075813, 0.019828636888947617, 0.45136554745962487, -0.377030116884836, 0.6172861627150794, 0.03676365557861026, 0.06835041851331386], [-0.023492110072364847, 0.26540215175546233, 0.5058223059413949, -0.2164021197510274, -0.09986199742065258, 0.19660667923871306, 0.6933048481557837, -0.22138590486621768, -0.5856570544252195, -0.488822584851161, -0.5460206871574693, 0.08569876330711514]], "inverted": false, "swapped": true, "error_lsq": 0.0445392268100806, "error_max": 0.2824660828359508, "target": "71.xyz", "model": "11.xyz", "model_rescale": 3.6694154284099745, "target_rescale": 4.280117412909186},
{"mapping": [13, 2, 5, 4, 15, 14, 10, 3, 9, 6, 1, 8, 12, 16], "R": [[0.18952295602505684, -0.853611570560378, 0.4852095791974529], [0.42018025431191397, 0.5171403556502582, 0.745663735503008], [-0.8874286467237238, 0.06255508902854628, 0.45668069568433806]], "T": [-0.07965280719940865, 0.052770352279816406, -0.047195500479211366], "aligned_model": [[-0.11795678198943654, 0.03620498947950351, 0.03804817903899779, 0.5713185633296747, 0.49083267656159363, -0.3250369318722307, 0.36884966295063365, -0.41463051405287943, 0.4004558556440347, 0.03262406239835937, -0.2486889389739411, 0.5153172647285558, -0.6825867357168356, -0.06648650127021982], [-0.3687159260345115, 0.19149055470718512, 0.7453000081683688, 0.4903308878574849, -0.09240113966532115, -0.6492873741293654, -0.5126260675135359, -0.2320169488031702, 0.44031869155631764, 0.15359436685134534, 0.5434965071326654, -0.1275522241444359, 0.056166998828198804, 0.09288895332502799], [-0.5796788941597838, -0.6993271629829372, -0.24283932402875533, -0.33289630839765594, -0.49509681621049184, -0.11227651830263916, 0.06499816497332107, 0.5049873874178531, 0.2820255416696844, 0.6568171255042059, 0.38972734485841176, 0.47097885820970087, -0.19368996472444344, -0.07463397417405515]], "inverted": true, "swapped": true, "error_lsq": 0.042391458045731, "error_max": 0.2446548039840004, "target": "71.xyz", "model": "12.xyz", "model_rescale": 3.9764082729961374, "target_rescale": 4.280117412909186},
{"mapping": [3, 8, 6, 5, 12, 14, 13, 1, 9, 3, 7, 4, 10, 15, 2, 16], "R": [[0.06359901079393504, -0.24870398085604928, -0.9664892631231796], [0.5660924629225791, 0.8065592232169716, -0.1702983936092294], [0.8218847177361808, -0.5362914779762862, 0.19208581780477496]], "T": [-0.017376731077943033, 0.15276616027835901, -0.04959585237117003], "aligned_model": [[0.015339120748818866, -0.2805961176741971, -0.48919618758237626, -0.5153804638158246, 0.20251329238676102, 0.6535451792362152, 0.6120567330091282, -0.6039910172786004, -0.6226096067314387, 0.015339120748818866, -0.2666141091091114, -0.3898559527345379, 0.2803992170762813, 0.19243705343228912, 0.17496532207058269, -0.039511269973414725], [-0.06770974484784445, -0.6118690223737154, -0.24143809333167257, 0.5439037444645616, 0.6324016764337372, -0.020540156693885953, 0.23770534524741482, 0.2926399830255251, -0.1357104296397532, -0.06770974484784445, -0.4252077410149586, 0.10298544316834571, -0.5029089077927552, -0.06534123316468712, 0.494521501387699, 0.17974149732307615], [-0.7193270379458857, -0.01705547696716648, -0.42428874235532793, 0.31197160268502466, -0.37609185026821274, -0.32737754631648064, 0.19382824459069542, -0.36041081117346363, 0.14929849471872497, -0.7193270379458857, 0.5242042080489049, 0.6958094124525305, 0.0722018718452436, 0.6253496110882034, 0.501901971982203, -0.013289971586409544]], "inverted": true, "swapped": true, "error_lsq": 0.0448206276823517, "error_max": 0.43100719104914487, "target": "71.xyz", "model": "13.xyz", "model_rescale": 4.170626492500431, "target_rescale": 4.280117412909186},
{"mapping": [12, 0, 3, 1, 14, 7, 8, 11, 13, 5, 2, 9, 15, 16], "R": [[-0.527965063839564, -0.04741454097438755, 0.8479414795073261], [0.21781231609990778, 0.9574845011236686, 0.1891592584653296], [-0.8208597238993269, 0.28456157754016553, -0.49519089477470546]], "T": [-0.03396207459453209, 0.047752511675545645, -0.02189284664805813], "aligned_model": [[0.30179526791481653, -0.1219288495913457, -0.2771019502803624, -0.5364780469723027, 0.37881280214631535, -0.3810188352603797, -0.6156083984397683, 0.7069122942045419, 0.596278170470111, -0.1757885353041881, 0.4278799901627323, -0.6332073189268629, 0.20331384378056924, -0.03067741181223307], [-0.37416838357250426, -0.7289464319558349, 0.051747117574482374, -0.4044840862313258, 0.38769090128420536, 0.6163583013736065, 0.6104506439921954, -0.37504813561676187, 0.3032351038627945, -0.3848774167768215, -0.004578870954158015, 0.10971977503159999, 0.5226994803366557, 0.026276469577532324], [-0.3288965152317964, 0.07509270322610515, -0.6845291395029505, -0.07887269131901292, -0.542846540497194, 0.5088223983940677, -0.013607322790774035, 0.20947909372700985, -0.008390238466675526, 0.5477069709340472, 0.469945909923103, 0.3332827907824175, 0.4931504072717354, 0.023535274670783785]], "inverted": false, "swapped": true, "error_lsq": 0.04376344268664275, "error_max": 0.25769574575650755, "target": "71.xyz", "model": "14.xyz", "model_rescale": 3.9786697098870705, "target_rescale": 4.280117412909186},
{"mapping": [10, 9, 13, 14, 2, 11, 1, 0, 12, 3, 5, 16], "R": [[-0.025894338534659, -0.17560753170930204, 0.9841196462010193], [-0.9552772158514441, -0.2857455907005003, -0.07612422919370604], [0.29457583761565753, -0.9420782622490496, -0.16035468091342137]], "T": [-0.021014667114321935, -0.09512132542342952, -0.08887124914092581], "aligned_model": [[0.005428119640295777, -0.7167713551103733, 0.5149627729687789, 0.6055567099166722, 0.12008353605887082, 0.4888952038514582, -0.4275981260927363, -0.1560152347921819, 0.4197588443638451, 0.11274046650761924, -0.44177631407005474, -0.04191002647485739], [-0.5385437380056833, -0.13451160699543319, 0.07386218061337052, -0.462404312996778, 0.5044384206197637, 0.6218321680874086, -0.14079369155594235, 0.32211492453943735, 0.03905031181362828, -0.6980346602251345, 0.4770021423579479, -0.049337648028145914], [-0.668605963352425, -0.1476553867406383, -0.47205423447173933, -0.26162967949351223, -0.36915938095990525, -0.004267442362443488, 0.45232268240015294, 0.5654179513426342, 0.32672250774199885, 0.2529253096207851, 0.07654255380370778, -0.09059242365478529]], "inverted": false, "swapped": true, "error_lsq": 0.04750025473376505, "error_max": 0.24665510065381857, "target": "71.xyz", "model": "15.xyz", "model_rescale": 3.769337070930944, "target_rescale": 4.280117412909186},
{"mapping": [8, 4, 3, 1, 10, 15, 14, 2, 12, 0, 16], "R": [[0.17493791089751487, -0.38602248080514123, -0.9057501706562677], [-0.8464410876405377, 0.41094099729164857, -0.33862218164031954], [0.5029256530390126, 0.8259020166206099, -0.2548561289380598]], "T": [-0.01198845327662416, 0.08812880963298964, 0.020760149618275346], "aligned_model": [[-0.22045217605311385, -0.2432685042105462, -0.08546114867299649, -0.6514342037243928, 0.3401968507723394, 0.3261676653772971, 0.6081592007463062, 0.2546615883636782, 0.118476646421301, -0.49553653781003654, -0.028883250518665308], [0.07998430172045137, -0.7024928772350365, 0.7706617116561109, 0.2800242740561546, 0.07866608371588849, -0.5184953391990411, 0.49115618735380107, -0.45078700466228305, 0.40291905192625915, 0.11813860357298571, 0.046289504720051625], [-0.7612160823337851, -0.11442411530460972, -0.14346656355705473, 0.14147555314239885, -0.6189983706404721, -0.23380147231272966, -0.08082616220842984, 0.33125898898541994, 0.5393037336471255, 0.6417965910913853, 0.04311550671452859]], "inverted": true, "swapped": true, "error_lsq": 0.03581291484676577, "error_max": 0.20052857162855084, "target": "71.xyz", "model": "16.xyz", "model_rescale": 3.7852294659196426, "target_rescale": 4.280117412909186},
{"mapping": [9, 15, 2, 4, 8, 10, 14, 13, 5, 1, 3, 12, 16], "R": [[-0.42784837461417957, -0.8870250636631759, -0.17358659157130601], [0.791794176716308, -0.46044887417510194, 0.4013088785325158], [-0.4358987841898036, 0.03425449903618383, 0.8993435824186613]], "T": [0.06044864926655767, 0.17193858569869708, 0.018250726545647925], "aligned_model": [[-0.006734404359920607, -0.27897961416036793, 0.2581260966737834, 0.08115289744956893, -0.5570790481543585, -0.6666649625394296, -0.31750714839603644, -0.11013382815613772, 0.5705159625872718, 0.43032402098219746, -0.09522917383856304, 0.45579055349679354, 0.09018449863148212], [-0.15444596329220867, -0.43734609204255676, -0.32567013187664234, -0.6373054799038276, 0.0880288830395834, 0.1251904847971742, 0.5937975932324586, 0.07428612178179617, -0.29488791023747624, 0.34291822603141786, 0.8339527529599224, 0.5351541670843569, 0.13138297212887615], [-0.596602183907188, 0.2646339105216089, 0.4320758343294136, -0.18557094939450886, -0.4981105702016912, 0.06860354575230179, 0.5045822508262277, 0.6694204866887704, -0.2133344860941882, -0.5241929273667144, -0.17075051782052247, 0.329346704690686, 0.015653599118978793]], "inverted": false, "swapped": true, "error_lsq": 0.0395048291129725, "error_max": 0.23520447099728817, "target": "71.xyz", "model": "17.xyz", "model_rescale": 3.901054581598922, "target_rescale": 4.280117412909186},
{"mapping": [8, 6, 10, 7, 3, 13, 1, 9, 14, 2, 12, 5, 4, 15, 16], "R": [[0.26639694912797746, 0.24560851887235507, 0.9320456646284204], [0.7519131874387562, -0.6579526974940497, -0.04153078877162686], [0.6030416437121037, 0.7118811019528695, -0.3599528755703623]], "T": [-0.019700639214763886, -0.06346174609269456, 0.11896662504519837], "aligned_model": [[0.09227747925261526, 0.25141136919811097, -0.39334932213870966, 0.2586810607917633, -0.2708694459152748, -0.5335176790876894, 0.4784649275951103, 0.5503126408540674, -0.7606123414006631, 0.010382412521376207, -0.22320436311764183, 0.6215470122498569, 0.5212812224817451, -0.07973122257939905, 0.016012460383767323], [-0.023456467536319275, -0.5043338493594016, 0.19295704879591447, 0.4829362204096232, -0.678493670109944, 0.3209648529096983, -0.5240244598218118, 0.004029494767934599, -0.1451506951738321, 0.4824715446961589, -0.36949094464376764, 0.12106964849069432, 0.5654234167848899, 0.6605706289501612, -0.03671541933289225], [-0.6815774166745845, -0.3815685109448622, -0.45379079235817255, -0.4721107825976235, -0.11950722176732995, 0.34449862134114606, 0.11898777574160291, -0.280550997794099, 0.07760572690187131, 0.5177069927775733, 0.6189004720805628, 0.41303628693488303, 0.02574658204695579, -0.02002073711452268, 0.1423104062785751]], "inverted": true, "swapped": true, "error_lsq": 0.04367232853305425, "error_max": 0.30096604029230695, "target": "71.xyz", "model": "18.xyz", "model_rescale": 3.9405287249114394, "target_rescale": 4.280117412909186},
{"mapping": [1, 3, 8, 14, 0, 7, 6, 5, 9, 4, 10, 15, 12, 2, 13, 16], "R": [[0.16568910882735707, 0.970018808786482, 0.17779378452704964], [-0.8555388097316065, 0.23105639133494252, -0.4633209352773735], [-0.4905104119781989, -0.07534224992478411, 0.8681722646556091]], "T": [0.020355310955744596, -0.08698450639652756, 0.01618281005565947], "aligned_model": [[-0.44285140975794457, -0.014303702931939485, 0.5725838998941186, 0.33983963952148327, -0.7516567391306922, 0.6096944571291485, 0.03278285873236879, -0.3844686491696896, 0.09033225399633335, 0.17332990933527193, 0.7374710246263012, 0.5254633778243325, -0.41108585186656954, 0.0016528031220733388, 0.2870515404696006, 0.0013296861771900093], [-0.14401716292415817, -0.759787200564697, -0.13624889440099341, -0.6047886870010823, 0.04651874347650904, 0.39577172994763865, -0.35808535958985666, 0.4972025261778561, 0.23533372585198342, 0.710073555976664, -0.21906435424211607, 0.4130526465365789, -0.35487684893180793, 0.42847390369384053, -0.05682461153756098, -0.04038158349116155], [-0.47623343221804504, -0.19442369532741138, -0.5734161126830026, 0.44878257089997, -0.0649336261364648, -0.3646654505161456, -0.6507169113111813, -0.14682155927225893, -0.6005008386734011, -0.17912493849850522, -0.025229299445786363, 0.22105526882024146, 0.3726848482731418, 0.4542408798597632, 0.6411787650367667, 0.017567287867197055]], "inverted": false, "swapped": true, "error_lsq": 0.03941330629967966, "error_max": 0.2777566558208657, "target": "71.xyz", "model": "19.xyz", "model_rescale": 4.410303926677745, "target_rescale": 4.280117412909186},
{"mapping": [3, 8, 1, 14, 0, 10, 12, 9, 15, 2, 13, 11, 5, 16], "R": [[-0.29289769016713113, -0.0017921354656380561, -0.9561421083422862], [-0.3188222636504078, -0.942584507558141, 0.09943244094462797], [-0.9014229347512682, 0.3339629236335223, 0.2755094523651793]], "T": [0.010408977454439826, -0.034875327454118386, 0.001934428344732786], "aligned_model": [[-0.30378731292707756, 0.25926076982418356, 0.41084469717675187, -0.715779000408867, 0.32866605260917725, -0.21067940188451748, -0.3249196828438501, 0.641642338346486, 0.10516105657202113, 0.07119416381199681, -0.4563582558215794, -0.20639876615274155, 0.616387902612852, 0.045953328546036995], [-0.07403208681010531, -0.7446122631132188, 0.24993434120816962, -0.20710990184425185, 0.673868729229854, -0.729924654943021, 0.4842242480758634, -0.2919160814159718, -0.44573407551729943, 0.12490304805542854, -0.09174940196065434, 0.5755010180782872, 0.30355721361056853, -0.015961666472446543], [-0.6289120283628515, -0.2969912340807421, -0.4658493172972419, -0.01596056885172001, -0.12767998310297052, 0.03989963204500037, -0.05366959747064122, -0.1547787903273115, 0.6096853399296233, 0.6567000816067704, 0.49341192673752066, 0.6032856664856487, 0.22549719257896284, 0.03217671883497406]], "inverted": false, "swapped": true, "error_lsq": 0.046577315258096774, "error_max": 0.3306783123725148, "target": "71.xyz", "model": "20.xyz", "model_rescale": 4.121658175737393, "target_rescale": 4.280117412909186},
{"mapping": [14, 10, 15, 13, 2, 3, 9, 12, 1, 0, 5, 11, 16], "R": [[0.6985471441690136, -0.09560176628607886, -0.7091489192379111], [0.6151771250793633, -0.42596905911435673, 0.663405958261093], [-0.3654982792742051, -0.8996725309579102, -0.23874745001231645]], "T": [-0.031206944243701865, -0.05291171628962757, 0.09466776469638005], "aligned_model": [[0.2624082617303114, -0.0351330819651631, 0.3613037469562228, 0.5995013412378423, 0.5335854867695878, -0.43098167417065203, -0.5166788354878965, 0.18539317218908685, -0.5638977882627937, -0.1490624097278449, -0.05787701067648006, 0.7108040345715128, -0.01828233849943914], [-0.6062969160636287, -0.02470608283215664, 0.4480698596075726, -0.1646739343392222, 0.28975755830528604, -0.6222244687372726, 0.4499353787072494, -0.49521491618590574, -0.04479538474086639, -0.052873500217823055, 0.46327581997296197, -0.08585131006485, -0.01357519924816121], [0.500732895217503, 0.8244650129080735, 0.4716251307137185, 0.3235186049376242, -0.052060920199756555, 0.2141791358942875, 0.1180425346820913, -0.28276270087647914, -0.32540548551160703, -0.6841234057857232, -0.4196925050594833, -0.3844177005045118, 0.06600914306605253]], "inverted": true, "swapped": true, "error_lsq": 0.042978875890577986, "error_max": 0.21727895703637864, "target": "71.xyz", "model": "21.xyz", "model_rescale": 4.08911054899281, "target_rescale": 4.280117412909186},
{"mapping": [9, 14, 7, 11, 13, 12, 15, 4, 2, 3, 1, 10, 5, 6, 8, 0, 16], "R": [[0.6616738023999885, -0.007567596208042648, -0.7497536333390942], [0.2998028569759089, 0.919204997159737, 0.25530456350337866], [0.6872452445573005, -0.39370662260647843, 0.6104826526193651]], "T": [-0.032801474452811515, 0.05712847615390501, -0.05494712427621081], "aligned_model": [[-0.04666059340948201, 0.04875841969619276, -0.7322784533411124, 0.6197407342190513, -0.5303028610877127, -0.5139428744675987, 0.6299959167050443, -0.15214728012484027, 0.3845777007061667, -0.16060843247243756, 0.5056105647206465, -0.5619200448992945, 0.022373187166579024, -0.38729206096537194, 0.2128950860302639, -0.3352202625035362, -0.06302503273175161], [-0.6514650717630981, -0.24874950820579753, 0.11661657919330264, -0.14208180481453964, 0.2176752697655356, -0.3486068535170327, -0.03772888325139591, 0.6353527664092666, 0.5144385779912135, 0.20405883632604513, 0.5654100935349349, -0.456316562017657, -0.4927123184207357, 0.24522200995235582, 0.12105162243044426, 0.7392465401980627, 0.09233302360871799], [-0.12740897792802638, -0.6131668196449002, 0.05902352813704429, 0.2920355267548857, -0.4592329926733304, -0.4407596454347538, -0.34340633722522884, -0.42603395332695554, -0.42631745733260096, -0.9013250977820981, 0.23099107668973626, 0.27299058383404934, 0.38364142013059566, 0.5731622413350342, 0.5902730316372322, 0.15322881457805668, -0.06556912012780661]], "inverted": true, "swapped": false, "error_lsq": 0.04315823977125714, "error_max": 0.30375737752863596, "target": "71.xyz", "model": "22.xyz", "model_rescale": 4.204369325754507, "target_rescale": 4.280117412909186},
{"mapping": [1, 3, 8, 14, 0, 7, 6, 5, 9, 4, 10, 15, 12, 2, 13, 16], "R": [[0.16568910882735707, 0.970018808786482, 0.17779378452704964], [-0.8555388097316065, 0.23105639133494252, -0.4633209352773735], [-0.4905104119781989, -0.07534224992478411, 0.8681722646556091]], "T": [0.020355310955744596, -0.08698450639652756, 0.01618281005565947], "aligned_model": [[-0.44285140975794457, -0.014303702931939485, 0.5725838998941186, 0.33983963952148327, -0.7516567391306922, 0.6096944571291485, 0.03278285873236879, -0.3844686491696896, 0.09033225399633335, 0.17332990933527193, 0.7374710246263012, 0.5254633778243325, -0.41108585186656954, 0.0016528031220733388, 0.2870515404696006, 0.0013296861771900093], [-0.14401716292415817, -0.759787200564697, -0.13624889440099341, -0.6047886870010823, 0.04651874347650904, 0.39577172994763865, -0.35808535958985666, 0.4972025261778561, 0.23533372585198342, 0.710073555976664, -0.21906435424211607, 0.4130526465365789, -0.35487684893180793, 0.42847390369384053, -0.05682461153756098, -0.04038158349116155], [-0.47623343221804504, -0.19442369532741138, -0.5734161126830026, 0.44878257089997, -0.0649336261364648, -0.3646654505161456, -0.6507169113111813, -0.14682155927225893, -0.6005008386734011, -0.17912493849850522, -0.025229299445786363, 0.22105526882024146, 0.3726848482731418, 0.4542408798597632, 0.6411787650367667, 0.017567287867197055]], "inverted": false, "swapped": true, "error_lsq": 0.03941330629967966, "error_max": 0.2777566558208657, "target": "71.xyz", "model": "23.xyz", "model_rescale": 4.410303926677745, "target_rescale": 4.280117412909186},
{"mapping": [2, 4, 12, 10, 6, 5, 8, 14, 9, 15, 11, 0, 3, 7, 1, 13, 16], "R": [[-0.6502534064793564, 0.7093184617535611, -0.27209892902684285], [-0.5596330160287211, -0.68944157891182, -0.4598708477803024], [-0.513791197601312, -0.14675704100021414, 0.8452697653319152]], "T": [-0.04414986861387494, 0.15575718574421848, -0.06899862278471992], "aligned_model": [[-0.24984905147364211, 0.16261370087902058, -0.8279875874091539, 0.5855033047096362, -0.608762522421625, -0.37323688145961137, 0.543946971829655, -0.05608842180033286, 0.4369325968894714, -0.009642628592202558, 0.2916479580895552, -0.475495991630315, 0.19452538882953982, -0.3140316320934584, 0.2258126253905971, -0.5676392878580471, -0.017694828638279862], [-0.7315541950654378, -0.45475875012628797, -0.018759343141827423, 0.009401562705278893, 0.41704535621692485, -0.20010965314734708, -0.15302020027099933, 0.7802002549582719, 0.4159710929007579, 0.332353859210582, 0.6110248758509753, -0.32356605243119124, -0.6223675018713939, 0.3298620119918867, -0.0013156411637336163, 0.620756958318659, 0.0625796824845047], [-0.01189949113751472, -0.3106667658443019, -0.03269095798681994, 0.007818427432866495, -0.5058500081447679, -0.46982597262692705, -0.5532560950041996, -0.3299168365471602, -0.3743973253620778, -0.7596049188329461, 0.2150658708375452, 0.3241623704354787, 0.3141554932593159, 0.5130514093437193, 0.7302408459906697, -0.0063834227590492815, 0.002123198567102566]], "inverted": true, "swapped": false, "error_lsq": 0.04371275209130571, "error_max": 0.26271624552437023, "target": "71.xyz", "model": "24.xyz", "model_rescale": 4.28219845311461, "target_rescale": 4.280117412909186},
{"mapping": [4, 2, 9, 11, 5, 13, 7, 0, 15, 12, 10, 14, 3, 1, 8, 16], "R": [[0.2591476780260884, -0.8680046466416342, -0.42356866548674144], [0.3970608564971323, 0.49552284198801744, -0.772528180266508], [0.8804459990319968, 0.03201634702227213, 0.4730642623491009]], "T": [0.001445964813378546, -0.00994607290245018, 0.10132814119787642], "aligned_model": [[-0.2285846238668408, -0.2868288123047936, 0.13224440625955736, -0.031960506897849385, 0.2933676125213958, -0.5069599713803635, -0.4594016231164276, 0.6811160658382143, -0.6411964213591379, 0.2861270769571153, -0.5779275891700832, -0.34663995093253, 0.2742619231466286, 0.6308087355591059, -0.21705880388531204, 0.006953248752331028], [0.33474371318850116, -0.34465682141640175, 0.6181923015372032, -0.7976386574172579, 0.049130380720856584, -0.46107284826679085, 0.6390508320242424, -0.23483029876701395, 0.07810587474062618, -0.5438498384381811, 0.3032855240909667, -0.3385112942045616, 0.07671172006511717, 0.23752998377109533, 0.7417150314332889, -0.012794227347457911], [-0.6233254165970104, -0.41132027298025614, -0.17691363905530316, -0.2981873058568452, -0.564268640920566, 0.12710562032004938, -0.20172652155622806, -0.2271246532125562, -0.2542019642786774, 0.2388233082224028, 0.4169659833572595, 0.6742286991861166, 0.7465270968929274, 0.04705982767647374, 0.3069285651897107, 0.05135533419024858]], "inverted": false, "swapped": true, "error_lsq": 0.04235165194711187, "error_max": 0.36553194101662473, "target": "71.xyz", "model": "25.xyz", "model_rescale": 4.100010024507729, "target_rescale": 4.280117412909186},
{"mapping": [1, 3, 14, 10, 5, 2, 12, 15, 8, 4, 9, 16], "R": [[-0.06700007676587962, 0.7789692935823556, 0.6234723966377123], [-0.9963543523976803, -0.019160588368038342, -0.08313168055314457], [-0.0528109285239875, -0.6267692649685346, 0.7774132069364641]], "T": [-0.03542750059070338, 0.022682128609323643, 0.096988544383865], "aligned_model": [[-0.6825159263692366, -0.13894175758113714, 0.4875323482825617, 0.563430899635222, -0.4958418195073709, 0.14779743349176983, -0.20689239746621085, 0.47644384492195385, 0.135556098884557, -0.04634824590986925, -0.31006430940870283, -0.05339056661052989], [-0.14178041060597138, -0.6549176559870764, -0.3189344848777588, -0.2540305453422712, 0.5527725654853956, 0.6664576171075813, 0.019828636888947617, 0.45136554745962487, -0.377030116884836, 0.6172861627150794, 0.03676365557861026, 0.06835041851331386], [-0.023492110072364847, 0.26540215175546233, 0.5058223059413949, -0.2164021197510274, -0.09986199742065258, 0.19660667923871306, 0.6933048481557837, -0.22138590486621768, -0.5856570544252195, -0.488822584851161, -0.5460206871574693, 0.08569876330711514]], "inverted": false, "swapped": true, "error_lsq": 0.0445392268100806, "error_max": 0.2824660828359508, "target": "71.xyz", "model": "26.xyz", "model_rescale": 3.6694154284099745, "target_rescale": 4.280117412909186},
