[{"mapping": [1, 4, 8, 0, 9, 7, 3, 6, 13, 11, 5, 14], "R": [[-0.6962737200753628, 0.33175358779794495, -0.6365080232924067], [0.43931014993832673, -0.5043205441420024, -0.7434160214291052], [-0.5676350049931564, -0.7972454739536037, 0.20540242298209016]], "T": [-0.04791396937387831, -0.06894055040194112, -0.01579914691698076], "aligned_model": [[-0.09861455516935712, -0.013427906452538545, 0.509509374508323, -0.4020549064805405, -0.19000048816496734, -0.5404122186066551, 0.3760326717496447, -0.21211027479136896, 0.5282261574437945, 0.25814938416824296, -0.3829605763798638, 0.005305800635835099], [-0.29697502200455517, -0.6309405909565337, -0.4901346151002195, 0.5747504473919884, 0.40712583716674733, -0.4888365618430057, -0.3025452857495889, -0.5108020927581667, 0.23930058939625531, 0.313725222773261, 0.2606806472501215, -0.021793539589247055], [-0.6673730743182862, -0.1531829790597014, -0.3902662272075074, -0.1286330215209042, -0.7307851244847756, -0.03188139034224527, 0.5410994499635312, 0.6419448319572111, 0.03902549861722815, 0.5568051245162197, 0.5091314510201268, -0.003932793787334724]], "inverted": true, "swapped": true, "error_lsq": 0.055225117721728854, "error_max": 0.3087783643582225, "target": "711.xyz", "model": "0.xyz", "model_rescale": 3.751011558992144, "target_rescale": 4.1986341789056585},
{"mapping": [4, 2, 1, 12, 3, 6, 7, 0, 13, 8, 10, 11, 5, 9, 14], "R": [[-0.645983207715296, -0.707854009994439, -0.28574183432715883], [-0.5963954069265107, 0.701648570489183, -0.3898740849651948], [0.47646428402013374, -0.08143699445140892, -0.8754140745886502]], "T": [-0.06109435263211054, 0.0496448859015598, 0.0874801254634216], "aligned_model": [[-0.7058188817575521, -0.23015409530520278, -0.4625701904194843, 0.655596010222256, 0.3164964727609462, 0.0031458806662011465, 0.1784835461616477, -0.2231726307531025, 0.35801861723376344, -0.6633521312063873, -0.13654307217886713, 0.48883652087934065, -0.12249923763410134, 0.3286491059581213, -0.007807070884412265], [0.4397402081723506, -0.7496015644023294, 0.3508519352402043, 0.06550739541693351, -0.40816806294189384, 0.7695509493468152, 0.3353750338882845, -0.19307746884934954, -0.5216457930835428, -0.19777447862587114, 0.4785366037984138, 0.5994021820161352, -0.3726658587807278, -0.02838034929957542, 0.05488511395898009], [0.32775057931955764, -0.04043397490103745, -0.3960248016443278, -0.1076567717671183, -0.3933923752714681, -0.11582800893034881, -0.46082429430564836, -0.6127491289704341, 0.24708425102265136, 0.21588370151756595, 0.7823276865637692, 0.2665721092438223, 0.5435164420210006, 0.6130290960572433, 0.09917705058138045]], "inverted": true, "swapped": false, "error_lsq": 0.043755598306698625, "error_max": 0.2955918854602088, "target": "711.xyz", "model": "1.xyz", "model_rescale": 3.9405287249114394, "target_rescale": 4.1986341789056585},
{"mapping": [8, 1, 4, 0, 2, 3, 12, 9, 5, 11, 10, 13, 14], "R": [[-0.9989471442692616, -0.040829329131148895, 0.020918146165174158], [0.04062018492121494, -0.9991212846559775, -0.010327590442879814], [0.021321433658494357, -0.009467018014658931, 0.9997278489852409]], "T": [-0.08027086002918184, -0.013138358348031186, -0.156247611180136], "aligned_model": [[-0.4095912106050469, 0.24818432206287477, -0.26416678848805647, 0.503913010654117, 0.46385743353165654, -0.8013980211173682, 0.04854755198725784, 0.6530301148211671, -0.030237216164857673, -0.46471342267619165, 0.016043776433951135, -0.3649151838850566, -0.10257108727051549], [0.6955588903120995, 0.5922791751778131, 0.40253715890467046, -0.39194449905746026, -0.2937755256941794, -0.16931499994262594, 0.35312829444723676, 0.23616724529708624, -0.710882334893517, -0.5493163870285072, -0.6620138769745264, -0.015134952661560126, -0.028455594314512597], [-0.023405091250204707, -0.2248453951429351, -0.5158359915629632, 0.10398401685183514, -0.5075301272973093, -0.16098557122332502, 0.467343286894253, 0.24143206970401174, -0.2405593727236083, 0.2080332688979842, 0.4204682581155147, 0.434454860677995, -0.08943386235260388]], "inverted": false, "swapped": true, "error_lsq": 0.05014307823408108, "error_max": 0.31282654033928053, "target": "711.xyz", "model": "2.xyz", "model_rescale": 3.932901565614263, "target_rescale": 4.1986341789056585},
{"mapping": [7, 1, 4, 2, 6, 11, 3, 5, 0, 10, 12, 9, 13, 14], "R": [[-0.12036235042092563, 0.8759501361763435, -0.4671447993222186], [0.9875259763491375, 0.15376622095988446, 0.03388798204967626], [0.10151527292399648, -0.45723878687657454, -0.8835311772307787]], "T": [0.08913516233204791, -0.12007029556387985, -0.08564311904336863], "aligned_model": [[-0.16815029793309175, 0.5617072138352623, 0.29485115335791123, -0.36500687234483087, -0.43356110157187755, -0.17735309857618484, 0.00404590616824374, -0.5655899238747052, -0.1616926106971995, -0.210385570991913, 0.6980850941390387, 0.44260336188106086, 0.39093329193619564, 0.10932336672479358], [0.07591662175793365, 0.2783814395387134, -0.23594304490496104, 0.40656578848310865, -0.6030563871466444, -0.5819931810859608, -0.8529985791998341, -0.14537570342692524, 0.40242200874042244, -0.12924863417723664, 0.016081909917271292, 0.614525516552096, -0.43427051953223894, -0.1475105971652556], [-0.6464631834578852, -0.39714066869669407, -0.6149465182859801, -0.20664589999616367, -0.470795351426764, 0.4468930549709714, -0.08937455793329324, 0.17349621275104943, 0.37973050231245364, 0.7347959281604087, 0.30198248625172686, 0.22007236476910597, 0.4044098331742445, -0.022117839536082692]], "inverted": true, "swapped": true, "error_lsq": 0.05136715195758255, "error_max": 0.4469597774215292, "target": "711.xyz", "model": "3.xyz", "model_rescale": 3.9243930471874484, "target_rescale": 4.1986341789056585},
{"mapping": [5, 0, 11, 3, 13, 2, 7, 10, 12, 9, 8, 1, 14], "R": [[0.8787174696962942, 0.15107428550740282, 0.45280477990958723], [-0.3611238510480429, -0.40994696010168663, 0.8375757005236103], [0.31216209355841545, -0.8995110061371198, -0.305671027713477]], "T": [0.00592512719516643, -0.1927492464652413, 0.01875452112758745], "aligned_model": [[0.006222274239187007, -0.337203601713217, 0.5776237849472182, 0.653045291797159, 0.5327052103880744, -0.6013518927802896, -0.43236898151606146, 0.2705638431291955, 0.14243014041798194, -0.478331882913609, 0.27135631312381847, -0.3861495282972153, 0.05866491548911043], [-0.5127781030793601, 0.10859462216716184, -0.24807438466240486, -0.541871154885516, 0.1864121184090207, -0.3790227147363936, -0.6283970758839212, 0.07536502213597687, 0.5193923860801856, 0.5246823904004642, 0.06164348597200339, 0.11366619579623036, -0.15178323403185975], [-0.6089714844642683, -0.567709403994186, -0.4691832779951469, 0.08029604963248901, -0.0744934873738621, -0.28905880169499154, 0.21171842310637023, -0.7692798885072255, 0.13636289219904746, -0.07515887992971478, 0.7210233029218556, 0.49990511478043365, -0.008380243309837339]], "inverted": false, "swapped": true, "error_lsq": 0.04923446072034662, "error_max": 0.29285649309205497, "target": "711.xyz", "model": "4.xyz", "model_rescale": 3.8936222436046832, "target_rescale": 4.1986341789056585},
{"mapping": [8, 12, 13, 3, 10, 0, 2, 5, 6, 4, 11, 14], "R": [[-0.684416034677751, -0.008953237323539615, 0.7290367144509337], [-0.26184474351241527, -0.9301955626643019, -0.25724219229076833], [0.6804498671988269, -0.36695511270599784, 0.634296400342953]], "T": [-0.061345539530032175, -0.1981805396229911, 0.040468750830231416], "aligned_model": [[0.0927573196765517, -0.5872156603756925, -0.28429998090331404, 0.4422104438706659, -0.5577856081007775, -0.6657579207319777, -0.19833332600018477, -0.05451809780083712, 0.666149959396225, 0.3350873807864492, -0.06686449258424969, -0.09388197501776113], [-0.7205627719174984, -0.4151920895900626, 0.03740041837637434, 0.15664923700583244, 0.5178162681248532, 0.04508869684110128, -0.18887437741926918, 0.408590708846702, 0.1054987706783842, -0.6184043296741044, 0.5014523560732771, -0.1605399822357824], [-0.5354825759592354, -0.42426521131173367, -0.5293985293776747, -0.3656903009009095, -0.02128051134865646, 0.39822724377461277, 0.7328414592627331, 0.39857562528027224, 0.2231114802457404, -0.006013045798359533, -0.2396506423249216, -0.011690272266349326]], "inverted": true, "swapped": true, "error_lsq": 0.05205916031244324, "error_max": 0.29697184828486306, "target": "711.xyz", "model": "5.xyz", "model_rescale": 3.6523030999806103, "target_rescale": 4.1986341789056585},
{"mapping": [6, 5, 11, 3, 13, 7, 0, 4, 2, 1, 12, 8, 14], "R": [[-0.9248707271932535, 0.25250530957304906, -0.284350499592389], [0.23660038205928732, -0.20330707490131533, -0.9500981488796145], [-0.29771529552648424, -0.9459954027015616, 0.12828990949053076]], "T": [0.030751311199790403, -0.026553640149207813, -0.004960106013533264], "aligned_model": [[0.19841796490834085, -0.24068624025756358, 0.33745837836572556, 0.6390135544409923, 0.4695141098533357, -0.2857450703797227, -0.5284315571549862, 0.20675427527907686, -0.6512670057087238, -0.11468122512518478, 0.2099758772542457, 0.5736921106772581, 0.0670677325115005], [-0.6011399230472415, 0.06163978670759557, 0.3409303227539289, -0.17504880912364454, 0.46027611509334865, -0.590623758582204, 0.4479484437194063, -0.5037003185950673, -0.16040843295646723, -0.14453682289591563, 0.5118357455348099, -0.1406685932350851, 0.03432314878971898], [0.5396201799049227, 0.6392464373997594, 0.5771651674150025, 0.38542970218165884, 0.01601091398330723, -0.03290230372801731, 0.1160674915695412, -0.28291991486507634, 0.11819075887549244, -0.6713295219348309, -0.4714646362068503, -0.5711260573106418, 0.008121522197521653]], "inverted": true, "swapped": true, "error_lsq": 0.04741974389456643, "error_max": 0.27398591158700036, "target": "711.xyz", "model": "6.xyz", "model_rescale": 4.08911054899281, "target_rescale": 4.1986341789056585},
{"mapping": [3, 11, 8, 7, 12, 4, 5, 10, 13, 9, 0, 6, 1, 2, 14], "R": [[-0.7693150489754507, -0.5689422159985837, 0.29061849609844415], [0.43393670517415117, -0.13148353551142156, 0.8912973778666797], [-0.46888515792515995, 0.8117985185648211, 0.3480371732063403]], "T": [-0.0005710951900903156, 0.016837868686841444, 0.01314858631770472], "aligned_model": [[-0.39601429681167244, -0.23148786769209875, -0.5898369166402021, 0.750851553527368, 0.3163856698333925, -0.10989204612985366, 0.3706595597642687, -0.22864101911402357, 0.44447622922221003, -0.7125801605551925, -0.18184025910579735, 0.16086961945405273, -0.1424733402569385, 0.4623539021760891, -0.13552178392843633], [0.6346885253042929, -0.5046876339449216, 0.21916381335793517, 0.1996347820492403, -0.43460154232669346, 0.6355510590705569, 0.30876643320784336, -0.15937051151462472, -0.5494794147142763, -0.11125206264370185, 0.3988239298953086, 0.39915593273107497, -0.3615015147978133, 0.003944894317542295, -0.05630084413693625], [0.31036345249103475, -0.12548639209358714, -0.26430226891373737, 0.048337448150248326, -0.4382301740386048, -0.30637043883273146, -0.5847366398103484, -0.6473130817979327, 0.14396194919112962, 0.3151309835488035, 0.8533178087721045, 0.290480084734551, 0.6252508021320529, 0.6732044637377078, 0.07482356326591733]], "inverted": true, "swapped": false, "error_lsq": 0.05155715163868498, "error_max": 0.3668943582037781, "target": "711.xyz", "model": "7.xyz", "model_rescale": 3.964800864290218, "target_rescale": 4.1986341789056585},
{"mapping": [8, 4, 1, 13, 9, 3, 12, 7, 6, 5, 11, 0, 2, 14], "R": [[-0.5276442051345018, -0.0757928247341631, -0.8460774435634104], [-0.8474963271309337, -0.0208093253708434, 0.5303932008210397], [-0.05780629972206314, 0.996906424744282, -0.05325422064039792]], "T": [0.037486474813634055, -0.03484920652925193, 0.06764628075088924], "aligned_model": [[-0.20037886053591192, 0.2773873226639701, 0.30272071126634886, -0.6143809361271667, 0.08844131318614291, -0.33786678670882025, -0.40744046289858454, 0.6570882104934924, 0.2520603039761328, 0.09135123563663522, -0.5052932260400347, 0.09013817465442354, 0.5994863509383532, -0.03212546104410831], [-0.2630660746276652, -0.38492167729095267, 0.20042683958876184, 0.023469773855861478, 0.7937220300035455, -0.6534146088234062, 0.3882605456831767, -0.22163543831988203, -0.7276153800636376, -0.021756867329099837, -0.16801551941841836, 0.6072772116999523, 0.25768615737541123, -0.019468526152445056], [-0.6532475824617081, -0.32707450647583575, -0.526840753964477, 0.027352821831299418, -0.19485332448764908, 0.2123001650864696, -0.3356268401811587, 0.04946889834806973, 0.4266202237000924, 0.7700604560450397, 0.573255271431907, 0.4383036005894049, 0.3787916258551963, 0.07830498340837107]], "inverted": false, "swapped": true, "error_lsq": 0.04473917800062752, "error_max": 0.31883598036244193, "target": "711.xyz", "model": "8.xyz", "model_rescale": 4.121658175737393, "target_rescale": 4.1986341789056585},
{"mapping": [5, 11, 3, 6, 0, 2, 12, 1, 8, 9, 7, 4, 14], "R": [[-0.6612523765559398, 0.7452598028923086, -0.08563364229109349], [-0.28895425608372627, -0.14769673853712567, 0.9458811295911322], [0.692279374523192, 0.6502103502855159, 0.31301081130108704]], "T": [-0.019504847431282918, -0.021407377547721484, -0.07239846158619033], "aligned_model": [[-0.5976123844852742, -0.15222175181765832, 0.31275305240341245, -0.03383339727443214, -0.6506860444096789, -0.615158593659712, 0.24836929630892482, 0.2333140754489216, 0.7477104448374515, -0.24569635835443776, -0.13800212211331386, 0.37796390762898446, -0.010162628077990524], [0.1301426089864782, -0.17565968052453604, 0.22950846442700423, 0.6994702903030303, -0.4022027691262092, 0.1733679279474284, -0.6948007331927479, -0.13647401963262545, -0.13217253904554932, -0.6575949516131334, 0.509785104240752, 0.32234398877428017, -0.07532625213246205], [-0.4456045342072888, -0.798054008192993, -0.6815650253007431, -0.43976649466049433, 0.022945932938966226, 0.25239596671026476, 0.04758438749687992, 0.5616055704366726, 0.0933199531133972, 0.4772700779033028, 0.27819926752708835, 0.17206265670462423, -0.11931831651058804]], "inverted": true, "swapped": true, "error_lsq": 0.04629235030490516, "error_max": 0.2599270859773632, "target": "711.xyz", "model": "9.xyz", "model_rescale": 3.833441315466971, "target_rescale": 4.1986341789056585},
{"mapping": [6, 5, 1, 8, 13, 12, 10, 0, 2, 4, 7, 11, 3, 7, 14], "R": [[0.33775963254141406, 0.3466679608757906, 0.8750655721302893], [0.8982697030533044, 0.15895593991549584, -0.40968835685446314], [-0.2811226977709512, 0.9244210804973039, -0.25771242641785796]], "T": [-0.03257792457799872, 0.08139700609715274, 0.04186184997709537], "aligned_model": [[-0.6449442452554868, -0.338798604707483, -0.6027179311165718, 0.7467839663955882, 0.16823027461042847, -0.24384485271469888, 0.5181552446719032, -0.10524896020836469, 0.2194834033090086, -0.6326356299127124, 0.18845062361535087, 0.33933208380576835, -0.03260177948469739, 0.18845062361535087, 0.00921462711978279], [0.30074782249442583, -0.479048166918256, 0.17695432590241178, 0.09082396751518969, -0.5057551746931221, 0.6232854053467672, 0.40961255263788865, 0.00990414804208127, -0.586023533911926, -0.25424848030496716, 0.2827882377463288, 0.6238624221573703, -0.3857726133239925, 0.2827882377463288, 0.032616695418298106], [0.23711111806965762, -0.18077081737380213, -0.4179403950040013, 0.049957384131051955, -0.45875269750088227, -0.11543819816385618, -0.47264925273770036, -0.6315107463848251, 0.12941277621698913, 0.4458240237218178, 0.6372624961643364, 0.22283504988849606, 0.774032865429413, 0.6372624961643364, 0.1117954579155766]], "inverted": false, "swapped": false, "error_lsq": 0.04961068341311274, "error_max": 0.46772233320436646, "target": "711.xyz", "model": "10.xyz", "model_rescale": 4.2482417240324, "target_rescale": 4.1986341789056585},
{"mapping": [2, 1, 12, 8, 5, 11, 0, 3, 4, 6, 7, 14], "R": [[0.7511727343216765, -0.44462174212588407, 0.48790473418551694], [0.4712787192298398, 0.8787694926409046, 0.07523661080038656], [-0.46220762868301724, 0.17342342757710377, 0.8696484477963674]], "T": [0.005108512259657361, 0.02846008596474949, 0.016102675509445802], "aligned_model": [[-0.6980314128347679, 0.017476703001415322, 0.4009184923469289, 0.6432473495845143, -0.40158082715098514, 0.21589279630083577, -0.4624153630660601, 0.45001451175111173, 0.15046038097357578, -0.08997161823266767, -0.3972018021535868, 0.04795639184269252], [-0.0321578500086465, -0.6631526588599703, -0.30347642062040964, -0.4042005200354102, 0.5965035721097154, 0.7115823630943714, 0.07905267422805543, 0.5265826721812445, -0.2636523289811488, 0.512132926978433, -0.1511148724755915, 0.0580318324399965], [0.0284289586330507, -0.0091498800452295, 0.5383704876947878, -0.16811036142452948, 0.10769347480949414, 0.25463456456258415, 0.591730335761371, -0.29753806613893286, -0.4629075777725111, -0.6256523733392125, -0.45826539855637993, 0.06595812566986431]], "inverted": false, "swapped": true, "error_lsq": 0.04926030473662745, "error_max": 0.27855393775404225, "target": "711.xyz", "model": "11.xyz", "model_rescale": 3.6694154284099745, "target_rescale": 4.1986341789056585},
{"mapping": [2, 7, 4, 6, 5, 9, 0, 12, 3, 13, 8, 11, 1, 14], "R": [[-0.39465465514625364, -0.915878883172432, 0.07357699728998406], [-0.7915206700077215, 0.37954850963447057, 0.47899682439947355], [-0.4666291162389243, 0.13080061235740034, -0.8747276534356335]], "T": [0.04898727093983944, 0.07123445810015964, -0.04612481251162037], "aligned_model": [[0.09130650231742235, -0.027406477933747606, -0.21820604690554096, 0.595690901524449, 0.6603090942295866, -0.5219598670966415, 0.11700135491279945, -0.38185370970008475, 0.502000641711869, 0.13047947254283787, -0.454776446704542, 0.6702684749429514, -0.6320636626019043, 0.06747461901635557], [-0.31182694276131445, 0.259915445831371, 0.5535170135661006, 0.5669031619382795, -0.21988452648558215, -0.5830668684014861, -0.6644642719827656, -0.1632854480467828, 0.5746243598123951, 0.023132719600354665, 0.5639658951851115, -0.017100705591081747, 0.09681661865313831, 0.051740836818515906], [-0.6374836473190219, -0.660689133373862, -0.22478347881531938, -0.3781743079373394, -0.2410449516503928, 0.016659516899344307, -0.12740734550336372, 0.5006726960850878, 0.24681795811116536, 0.6027211103257815, 0.31690227512302704, 0.37123604623396944, -0.1670960135952277, 0.020764735068566798]], "inverted": true, "swapped": true, "error_lsq": 0.043337254843111225, "error_max": 0.2539708192881885, "target": "711.xyz", "model": "12.xyz", "model_rescale": 3.9764082729961374, "target_rescale": 4.1986341789056585},
{"mapping": [11, 6, 3, 9, 4, 8, 0, 7, 5, 14, 10, 1, 13, 12, 15], "R": [[-0.2929814272881779, 0.6074945626028438, 0.7383171673963447], [0.8737895744666366, 0.4836041586145001, -0.051174186111515196], [-0.38814129233772166, 0.6301407574334019, -0.672509451980909]], "T": [0.042751857683181536, 0.03298778861542688, 0.07436828331142747], "aligned_model": [[-0.6110984126082608, -0.22306849386548214, -0.6756512885868162, 0.64334027075948, 0.0721910473505378, -0.2706717624311305, 0.5218549535880808, -0.018799402798555666, 0.5880208690197457, -0.6947068226588886, -0.0619514529117736, 0.3717673003779375, -0.18335156190346916, 0.3431959833926102, -0.023762382980848797], [0.3428751397800976, -0.6792840810918336, 0.25775187499135555, 0.005264623098516309, -0.41225038563482186, 0.6611725747204653, 0.06192954256037836, 0.18719369867889823, -0.5965816176175409, -0.2411211141917025, 0.6316307895280984, 0.5424324273597355, -0.20908895677192346, 0.07361025478414482, -0.00299892433904083], [0.40146819523034344, 0.1496486262005253, -0.3022236340455093, 0.06945801958757986, -0.48844609468656114, -0.00810804971299564, -0.4703614954552489, -0.6628329636744932, -0.02127675757534686, 0.21517681915025166, 0.6004962840555366, 0.26288241218258235, 0.5889133631448566, 0.635881130463954, -0.002244294328866775]], "inverted": true, "swapped": false, "error_lsq": 0.050641592712836324, "error_max": 0.31742850031344694, "target": "711.xyz", "model": "13.xyz", "model_rescale": 4.170626492500431, "target_rescale": 4.1986341789056585},
{"mapping": [3, 6, 11, 5, 13, 9, 0, 4, 8, 7, 4, 2, 12, 14], "R": [[0.6523025960424907, -0.7564074280070506, 0.04846778365043941], [-0.44476264426315726, -0.3302024622109907, 0.832557820345136], [-0.6137487380551356, -0.5646362871845538, -0.5518136911405612]], "T": [-0.018814268412041934, 0.037358747375478306, 0.09983523449530046], "aligned_model": [[0.3056627178891167, -0.020053144936921338, -0.1743932597878926, -0.6011362673295025, 0.19709195570210258, -0.25071436170609385, -0.6588789888915215, 0.39509925931455325, 0.7485234566534698, -0.11200002536276336, 0.39509925931455325, -0.5998279410649715, 0.2310337206980054, -0.012323358400491294], [-0.3565886602413172, -0.7547189283221535, -0.007033323428683715, -0.22009424087439208, 0.3893976695142877, 0.7898919520823632, 0.4150307447079701, -0.22098523990095761, 0.20550367208654965, -0.3860302933142786, -0.22098523990095761, -0.07932879356788361, 0.7247117655083662, 0.07730338357675287], [-0.4330419553872921, -0.06581684643887625, -0.6362408780752422, -0.20195532843932423, -0.40948675348445, 0.47124990148792484, 0.11273497334053795, 0.41263169748111367, 0.20599981732958217, 0.5806511653881765, 0.41263169748111367, 0.48329234508011865, 0.031039426579519747, 0.04018383877796357]], "inverted": false, "swapped": true, "error_lsq": 0.05780906012907026, "error_max": 0.4593748016547573, "target": "711.xyz", "model": "14.xyz", "model_rescale": 3.9786697098870705, "target_rescale": 4.1986341789056585},
{"mapping": [11, 12, 5, 6, 0, 2, 8, 1, 7, 4, 9, 14], "R": [[0.02886246049128202, -0.5343722290071535, 0.8447563431193137], [0.994531028929857, -0.06951074533335541, -0.07795055342280535], [0.1003742540201889, 0.8423862398859137, 0.5294435116051219]], "T": [0.03402673815483479, -0.08945871333912779, -0.06055266379719969], "aligned_model": [[0.010629479332836679, -0.6903082228773018, 0.472433544221236, 0.6911002832534422, 0.005937032075944822, 0.47460235801856576, -0.4484299366270763, -0.22981361541078335, 0.5318821069466257, 0.1229176461137583, -0.44311760387071836, -0.01447847440919297], [-0.3911785039015987, 0.03279888162583519, 0.03266871451140653, -0.5596645232061652, 0.5467193772478147, 0.4618250774255406, -0.48720682105861224, 0.16562248003672614, 0.024437692205256878, -0.33809078974094375, 0.6328887044079404, -0.10614579932876142], [-0.7507709323668792, -0.06228387304677173, -0.5984586585766614, -0.10516257043531578, -0.4439242755571432, -0.04600856186760159, 0.426666812852836, 0.5263380458963255, 0.3373084489598947, 0.4553815844551887, 0.03207679836571446, -0.11119632480575631]], "inverted": true, "swapped": true, "error_lsq": 0.05308695532519761, "error_max": 0.3298456185419167, "target": "711.xyz", "model": "15.xyz", "model_rescale": 3.769337070930944, "target_rescale": 4.1986341789056585},
{"mapping": [1, 8, 2, 7, 9, 12, 0, 13, 5, 6, 14], "R": [[0.31851560952980223, -0.37531138698906197, -0.8704534274056281], [0.6711079803665181, -0.5592336574073891, 0.4866947658554878], [-0.6694489414243865, -0.7391881216707297, 0.07374981767209088]], "T": [-0.06770712607030277, 0.00501249194475252, 0.08724308513924843], "aligned_model": [[-0.2615329900342173, -0.34050134031896245, -0.08367721732553052, -0.5790104244384551, 0.4107319890034817, 0.36448574483467516, 0.4939714510372288, 0.34962472264664485, 0.15280074734229937, -0.5729304512979643, -0.01133610075802919], [-0.10264573674212987, -0.6838688708380797, 0.6926837572399519, 0.38613897620937754, 0.12627694287967517, -0.4413127836332661, 0.4657211324923741, -0.4742495254317983, 0.4849518036950659, 0.17649006295211028, -0.03412126119793895], [-0.5684703376018867, -0.19449545206521013, -0.07114066640020435, -0.024279847681714692, -0.6299902649082182, -0.3046932912085308, -0.07007859733676723, 0.2487913271543825, 0.55360456538617, 0.6956623693164926, 0.10930780256926406]], "inverted": true, "swapped": true, "error_lsq": 0.03498870312932729, "error_max": 0.16130584877830068, "target": "711.xyz", "model": "16.xyz", "model_rescale": 3.7852294659196426, "target_rescale": 4.1986341789056585},
{"mapping": [5, 3, 4, 6, 11, 13, 12, 8, 7, 2, 0, 1, 14], "R": [[0.5238132400369129, 0.32692696429858736, 0.786599294162245], [0.7823177360790817, 0.18073887834645846, -0.5960808818190402], [-0.3370439873045239, 0.9276056370401027, -0.16108734510598183]], "T": [0.01804318519044293, 0.10845977369530235, 0.011117412570564967], "aligned_model": [[-0.10768226889292418, -0.40225032721267673, 0.3383752025502055, 0.1111555444827372, -0.6394172102257505, -0.5999307869178707, -0.29554889962975184, -0.03662593052377809, 0.6153560195230748, 0.4921782624000959, -0.0035838940650544104, 0.4331790440229766, -0.05143890529500067], [4.252252132924683e-05, -0.49444051569430825, -0.18851206653396524, -0.649025692100885, -0.06446523571673304, 0.22324574839890568, 0.6262088084854845, 0.022829103889067823, -0.1203415815839933, 0.30038363368678245, 0.673737332081692, 0.4181734351746289, 0.12722013109486846], [-0.6736433524428984, 0.07671145643139982, 0.3920409957450183, -0.257908699035698, -0.31419211938907693, 0.19790107770096127, 0.4272988558107316, 0.7972659321511495, -0.08884829274345726, -0.47529124915790305, -0.4710432853937773, 0.47031074779298904, 0.015152629673735093]], "inverted": true, "swapped": true, "error_lsq": 0.04467949722833319, "error_max": 0.2700312335478853, "target": "711.xyz", "model": "17.xyz", "model_rescale": 3.901054581598922, "target_rescale": 4.1986341789056585},
{"mapping": [4, 2, 1, 12, 3, 6, 7, 0, 13, 8, 10, 11, 5, 9, 14], "R": [[-0.645983207715296, -0.707854009994439, -0.28574183432715883], [-0.5963954069265107, 0.701648570489183, -0.3898740849651948], [0.47646428402013374, -0.08143699445140892, -0.8754140745886502]], "T": [-0.06109435263211054, 0.0496448859015598, 0.0874801254634216], "aligned_model": [[-0.7058188817575521, -0.23015409530520278, -0.4625701904194843, 0.655596010222256, 0.3164964727609462, 0.0031458806662011465, 0.1784835461616477, -0.2231726307531025, 0.35801861723376344, -0.6633521312063873, -0.13654307217886713, 0.48883652087934065, -0.12249923763410134, 0.3286491059581213, -0.007807070884412265], [0.4397402081723506, -0.7496015644023294, 0.3508519352402043, 0.06550739541693351, -0.40816806294189384, 0.7695509493468152, 0.3353750338882845, -0.19307746884934954, -0.5216457930835428, -0.19777447862587114, 0.4785366037984138, 0.5994021820161352, -0.3726658587807278, -0.02838034929957542, 0.05488511395898009], [0.32775057931955764, -0.04043397490103745, -0.3960248016443278, -0.1076567717671183, -0.3933923752714681, -0.11582800893034881, -0.46082429430564836, -0.6127491289704341, 0.24708425102265136, 0.21588370151756595, 0.7823276865637692, 0.2665721092438223, 0.5435164420210006, 0.6130290960572433, 0.09917705058138045]], "inverted": true, "swapped": false, "error_lsq": 0.043755598306698625, "error_max": 0.2955918854602088, "target": "711.xyz", "model": "18.xyz", "model_rescale": 3.9405287249114394, "target_rescale": 4.1986341789056585},
{"mapping": [1, 8, 2, 13, 9, 10, 11, 5, 7, 0, 3, 14, 4, 12, 15], "R": [[0.05614678122645833, -0.6253262147417368, -0.7783409690583424], [-0.6783253627623486, 0.5481348762111036, -0.48930855266832035], [0.7326132958056634, 0.5554415204482013, -0.39339862248227814]], "T": [0.00014472786958258377, 0.009785558242377965, 0.14571562010021366], "aligned_model": [[-0.5717517478029828, -0.39441998461829125, -0.5518128429920774, 0.671471897509222, 0.3441632992496554, -0.01066229306001526, 0.39322827161605245, -0.29398660108582186, 0.27006771363764764, -0.4963989868953602, -0.20289559898987813, 0.4875630688542434, 0.033634125576429974, 0.11591534581209464, -0.016806823067752438], [0.2226111386360103, -0.5607595231771315, 0.42208865735927237, 0.007273171066993531, -0.35209316825772824, 0.7187969129912055, 0.2704617141439295, -0.13057574646580117, -0.6325758009083595, -0.3817305647164478, 0.7509465830894565, 0.6052532012953259, -0.5149342842756016, 0.16202012340884864, 0.035753431664854285], [0.39703039766582154, -0.1560610411301136, -0.38407139129223844, 0.12035098751311324, -0.43712643123857753, -0.19353376321888027, -0.399028789031191, -0.6191687556236031, 0.045022944272162926, 0.4155928565368422, 0.5129805868345819, 0.23278231307125352, 0.6538618350081057, 0.6590974111672296, 0.12070240000210107]], "inverted": true, "swapped": false, "error_lsq": 0.04625364928011379, "error_max": 0.24900524985708172, "target": "711.xyz", "model": "19.xyz", "model_rescale": 4.410303926677745, "target_rescale": 4.1986341789056585},
{"mapping": [8, 4, 1, 13, 9, 3, 12, 7, 6, 5, 11, 0, 2, 14], "R": [[-0.5276442051345018, -0.0757928247341631, -0.8460774435634104], [-0.8474963271309337, -0.0208093253708434, 0.5303932008210397], [-0.05780629972206314, 0.996906424744282, -0.05325422064039792]], "T": [0.037486474813634055, -0.03484920652925193, 0.06764628075088924], "aligned_model": [[-0.20037886053591192, 0.2773873226639701, 0.30272071126634886, -0.6143809361271667, 0.08844131318614291, -0.33786678670882025, -0.40744046289858454, 0.6570882104934924, 0.2520603039761328, 0.09135123563663522, -0.5052932260400347, 0.09013817465442354, 0.5994863509383532, -0.03212546104410831], [-0.2630660746276652, -0.38492167729095267, 0.20042683958876184, 0.023469773855861478, 0.7937220300035455, -0.6534146088234062, 0.3882605456831767, -0.22163543831988203, -0.7276153800636376, -0.021756867329099837, -0.16801551941841836, 0.6072772116999523, 0.25768615737541123, -0.019468526152445056], [-0.6532475824617081, -0.32707450647583575, -0.526840753964477, 0.027352821831299418, -0.19485332448764908, 0.2123001650864696, -0.3356268401811587, 0.04946889834806973, 0.4266202237000924, 0.7700604560450397, 0.573255271431907, 0.4383036005894049, 0.3787916258551963, 0.07830498340837107]], "inverted": false, "swapped": true, "error_lsq": 0.04473917800062752, "error_max": 0.31883598036244193, "target": "711.xyz", "model": "20.xyz", "model_rescale": 4.121658175737393, "target_rescale": 4.1986341789056585},
{"mapping": [6, 5, 11, 3, 13, 7, 0, 4, 2, 1, 12, 8, 14], "R": [[-0.9248707271932535, 0.25250530957304906, -0.284350499592389], [0.23660038205928732, -0.20330707490131533, -0.9500981488796145], [-0.29771529552648424, -0.9459954027015616, 0.12828990949053076]], "T": [0.030751311199790403, -0.026553640149207813, -0.004960106013533264], "aligned_model": [[0.19841796490834085, -0.24068624025756358, 0.33745837836572556, 0.6390135544409923, 0.4695141098533357, -0.2857450703797227, -0.5284315571549862, 0.20675427527907686, -0.6512670057087238, -0.11468122512518478, 0.2099758772542457, 0.5736921106772581, 0.0670677325115005], [-0.6011399230472415, 0.06163978670759557, 0.3409303227539289, -0.17504880912364454, 0.46027611509334865, -0.590623758582204, 0.4479484437194063, -0.5037003185950673, -0.16040843295646723, -0.14453682289591563, 0.5118357455348099, -0.1406685932350851, 0.03432314878971898], [0.5396201799049227, 0.6392464373997594, 0.5771651674150025, 0.38542970218165884, 0.01601091398330723, -0.03290230372801731, 0.1160674915695412, -0.28291991486507634, 0.11819075887549244, -0.6713295219348309, -0.4714646362068503, -0.5711260573106418, 0.008121522197521653]], "inverted": true, "swapped": true, "error_lsq": 0.04741974389456643, "error_max": 0.27398591158700036, "target": "711.xyz", "model": "21.xyz", "model_rescale": 4.08911054899281, "target_rescale": 4.1986341789056585},
{"mapping": [8, 9, 11, 4, 14, 1, 2, 15, 12, 5, 6, 0, 10, 7, 16], "R": [[0.6191428406602918, -0.7787485536732719, -0.10105856228391424], [-0.7704396026823279, -0.5774928230194348, -0.27004602937229116], [0.15193736037525862, 0.24505658430825916, -0.9575292731866571]], "T": [0.038667730618382565, 0.021190454668589556, 0.034909573864088085], "aligned_model": [[-0.47906925997361305, -0.29992863057380226, -0.6253300910163121, 0.6675836208536143, 0.20275796965400505, -0.13495736007126014, 0.3368336199728388, -0.14634295201314795, 0.30812701876781845, -0.5881908923152619, -0.10366647730563518, 0.4269575414288946, -0.2066909440484465, 0.3390130000548662, 0.08021268032860841], [0.45002954377124765, -0.6055159862966397, 0.215409753431145, 0.2921113955956766, -0.4688878814141268, 0.7400834032614173, 0.35412480286219244, 0.008472031563898239, -0.6418006382158422, -0.21406904084770384, 0.36337319968758647, 0.5934637770545623, -0.41251097381307167, -0.0880682711484788, 0.03632073036296388], [0.2046371859088561, 0.02311327772396405, -0.29262483213169255, -0.09684334885327234, -0.34551151375158534, -0.253266826301787, -0.5321051098890044, -0.670155179843058, 0.2160283437914232, 0.2572388129922825, 0.6816058478732054, 0.38392771878685783, 0.6696044619115974, 0.6702452630626332, 0.05253745925618819]], "inverted": false, "swapped": false, "error_lsq": 0.0373993405184722, "error_max": 0.2919683881310268, "target": "711.xyz", "model": "22.xyz", "model_rescale": 4.204369325754507, "target_rescale": 4.1986341789056585},
{"mapping": [1, 8, 2, 13, 9, 10, 11, 5, 7, 0, 3, 14, 4, 12, 15], "R": [[0.05614678122645833, -0.6253262147417368, -0.7783409690583424], [-0.6783253627623486, 0.5481348762111036, -0.48930855266832035], [0.7326132958056634, 0.5554415204482013, -0.39339862248227814]], "T": [0.00014472786958258377, 0.009785558242377965, 0.14571562010021366], "aligned_model": [[-0.5717517478029828, -0.39441998461829125, -0.5518128429920774, 0.671471897509222, 0.3441632992496554, -0.01066229306001526, 0.39322827161605245, -0.29398660108582186, 0.27006771363764764, -0.4963989868953602, -0.20289559898987813, 0.4875630688542434, 0.033634125576429974, 0.11591534581209464, -0.016806823067752438], [0.2226111386360103, -0.5607595231771315, 0.42208865735927237, 0.007273171066993531, -0.35209316825772824, 0.7187969129912055, 0.2704617141439295, -0.13057574646580117, -0.6325758009083595, -0.3817305647164478, 0.7509465830894565, 0.6052532012953259, -0.5149342842756016, 0.16202012340884864, 0.035753431664854285], [0.39703039766582154, -0.1560610411301136, -0.38407139129223844, 0.12035098751311324, -0.43712643123857753, -0.19353376321888027, -0.399028789031191, -0.6191687556236031, 0.045022944272162926, 0.4155928565368422, 0.5129805868345819, 0.23278231307125352, 0.6538618350081057, 0.6590974111672296, 0.12070240000210107]], "inverted": true, "swapped": false, "error_lsq": 0.04625364928011379, "error_max": 0.24900524985708172, "target": "711.xyz", "model": "23.xyz", "model_rescale": 4.410303926677745, "target_rescale": 4.1986341789056585},
{"mapping": [6, 0, 5, 10, 3, 15, 8, 4, 1, 12, 14, 9, 7, 11, 16], "R": [[-0.8314977248245149, 0.5514672161395369, -0.0670480658555084], [0.0586931497129177, -0.03280902355175541, -0.9977367799927782], [-0.552418906074396, -0.8335511247049515, -0.005086719441645293]], "T": [-0.028805122522294127, 0.05879369360721437, 0.14428616297793379], "aligned_model": [[-0.661457339617432, -0.3803443004909657, -0.49881983616216874, 0.5746997308192928, 0.21869097381730512, -0.17554844773178369, 0.35388921769703535, 0.026852941685117572, 0.44093839048141953, -0.7832467876261183, -0.04330056055758177, 0.36999666676070664, -0.09646048488788951, 0.4252964895987714, 0.006122189957457856], [0.4369058501596877, -0.5883727761177047, 0.17822518610605168, 0.05866317507816104, -0.5729880805319805, 0.7451918181411699, 0.46447570775555136, 0.03828057757017386, -0.649262825626646, -0.2156770900277894, 0.5630723775872479, 0.5418749787339405, -0.42541537213319675, 0.08679496871522296, -0.03923264955506284], [0.3305130649863222, -0.02299078672842486, -0.25624388706757695, -0.0997749384570919, -0.4463477818612131, 0.01529700848237281, -0.45959612076211304, -0.5415460066891684, 0.26400394416225553, 0.18502186807620868, 0.5955542442491071, 0.1411896401907208, 0.5947250925569345, 0.5844328897317944, 0.08419332966648066]], "inverted": true, "swapped": false, "error_lsq": 0.04237247844251577, "error_max": 0.2451053076729377, "target": "711.xyz", "model": "24.xyz", "model_rescale": 4.28219845311461, "target_rescale": 4.1986341789056585},
{"mapping": [4, 9, 13, 10, 11, 2, 14, 12, 5, 3, 0, 6, 1, 8, 15], "R": [[-0.8477245496782835, 0.32913479603896356, 0.4159728042903065], [0.1690586493357421, 0.9109601231582268, -0.3762589893947029], [-0.5027745627590227, -0.24864018189331036, -0.8278863442469235]], "T": [-0.12374678704234038, 0.01760031921753712, 0.016883726832877255], "aligned_model": [[-0.6929775178379773, -0.35445284463251026, -0.4486745459231909, 0.6644513196200097, 0.22477337074050713, -0.14770165877771696, 0.3517125615062017, -0.037961667321612186, 0.24591841953076993, -0.590782084213495, -0.13845264172360178, 0.49896668148110596, -0.10081460328853634, 0.43382023397041597, -0.13051617938720356], [0.29975377073719023, -0.5737810695340979, 0.2362342494457333, 0.03122278211926462, -0.2562738067813856, 0.6946813633339661, 0.39787274764401104, -0.09966982466946366, -0.6869854429150505, -0.3799028154106443, 0.5931939396581394, 0.5756995509137869, -0.1691283109352582, -0.11163972220372541, 0.07125843445236126], [0.3788428100717481, -0.21531543748142096, -0.429812605140696, -0.0740172741861213, -0.2993499430631978, -0.0819466743919863, -0.4408016595965535, -0.7336550974928513, 0.32050721038354424, 0.4900799166071038, 0.5948369204238289, 0.3529645484525827, 0.6288346500907915, 0.4097731332836174, 0.06749106257621856]], "inverted": false, "swapped": false, "error_lsq": 0.04376812638708534, "error_max": 0.25228039768622795, "target": "711.xyz", "model": "25.xyz", "model_rescale": 4.100010024507729, "target_rescale": 4.1986341789056585},
{"mapping": [2, 1, 12, 8, 5, 11, 0, 3, 4, 6, 7, 14], "R": [[0.7511727343216765, -0.44462174212588407, 0.48790473418551694], [0.4712787192298398, 0.8787694926409046, 0.07523661080038656], [-0.46220762868301724, 0.17342342757710377, 0.8696484477963674]], "T": [0.005108512259657361, 0.02846008596474949, 0.016102675509445802], "aligned_model": [[-0.6980314128347679, 0.017476703001415322, 0.4009184923469289, 0.6432473495845143, -0.40158082715098514, 0.21589279630083577, -0.4624153630660601, 0.45001451175111173, 0.15046038097357578, -0.08997161823266767, -0.3972018021535868, 0.04795639184269252], [-0.0321578500086465, -0.6631526588599703, -0.30347642062040964, -0.4042005200354102, 0.5965035721097154, 0.7115823630943714, 0.07905267422805543, 0.5265826721812445, -0.2636523289811488, 0.512132926978433, -0.1511148724755915, 0.0580318324399965], [0.0284289586330507, -0.0091498800452295, 0.5383704876947878, -0.16811036142452948, 0.10769347480949414, 0.25463456456258415, 0.591730335761371, -0.29753806613893286, -0.4629075777725111, -0.6256523733392125, -0.45826539855637993, 0.06595812566986431]], "inverted": false, "swapped": true, "error_lsq": 0.04926030473662745, "error_max": 0.27855393775404225, "target": "711.xyz", "model": "26.xyz", "model_rescale": 3.6694154284099745, "target_rescale": 4.1986341789056585},
