[{"mapping": [1, 7, 5, 10, 4, 0, 2, 9, 6, 3, 8, 11], "R": [[0.4113688090609714, -0.8153488258401649, -0.40740887954587146], [-0.05380001151051206, 0.4244805174156039, -0.903837291273186], [0.9098798061794904, 0.3937290725049975, 0.13075226870355855]], "T": [-0.03171128509474391, 0.0499711989255686, 0.09712647283425659], "aligned_model": [[0.6179525664300283, 0.04113242276482465, 0.1708024690876756, -0.5406111923200054, -0.1365138847581681, 0.31452915866858827, 0.6542132783296035, -0.46326270415179577, 0.11032486498131583, -0.6174212698487695, 0.09595468331618404, 0.0031293929364489895], [-0.22118802555775807, -0.7999295475977447, -0.15351019107561048, -0.17072197081919338, 0.8501844037896119, 0.35817337810082484, 0.41805243788385493, -0.21362595019906744, -0.5666861115125903, 0.38020575611660384, 0.09738410911421061, 0.06384871555547833], [0.0178162306296428, -0.3139280553616959, -0.6815068399773899, -0.2953996475946832, 0.06513102614974912, -0.31265440258051364, 0.3039450899954646, 0.434226369172381, 0.4502751398425065, 0.2451854671007489, 0.717252997946958, 0.0385961595375069]], "inverted": false, "swapped": false, "error_lsq": 0.05034576965209021, "error_max": 0.27901123946255024, "target": "712.xyz", "model": "0.xyz", "model_rescale": 3.751011558992144, "target_rescale": 3.726526793664819},
{"mapping": [3, 0, 13, 8, 10, 9, 11, 1, 7, 4, 6, 14], "R": [[0.6558213548867395, 0.730979127669098, 0.18859444686057464], [-0.14031008567182468, -0.12744162599363967, 0.9818715352951539], [0.7417623813144523, -0.6703940235982284, 0.018984804199448965]], "T": [0.0045131324391011925, 0.003100211933173218, -0.04306668173333449], "aligned_model": [[0.4445287941260312, -0.08352771989130732, 0.435050427576752, -0.594058676049797, -0.15228399420876065, 0.34988914977974944, 0.509425638631099, -0.36699454800494774, 0.2772707896557702, -0.6768885417393249, 0.051566642594958675, 0.05625182296570751], [-0.577617899456076, -0.7487927404681756, -0.030880397360534044, -0.03546673389155602, 0.7987139410946705, 0.4930592113952714, 0.4355930051014321, -0.36279932284656047, -0.3642484581417177, 0.3104741485911374, 0.1029878985977685, 0.021164351182959985], [-0.27232326743479646, 0.006028276761438113, -0.6270060227510146, -0.32704314715248683, 0.07886445938152106, -0.316645202137086, 0.39823178175267115, 0.4193023518912077, 0.43686585396426475, 0.2153651108155546, 0.699586778842289, -0.04228743907288735]], "inverted": false, "swapped": false, "error_lsq": 0.05146420144445608, "error_max": 0.34779192071141524, "target": "712.xyz", "model": "1.xyz", "model_rescale": 3.9405287249114394, "target_rescale": 3.726526793664819},
{"mapping": [8, 5, 10, 11, 7, 3, 4, 0, 2, 6, 1, 12], "R": [[-0.317249359638659, 0.6534283950423531, 0.6873020997794457], [-0.9385944719965768, -0.11270022918578254, -0.32609672718219557], [-0.1356217569062131, -0.7485519293234415, 0.6490583549726676]], "T": [0.03252956686253568, 0.002598444028889804, 0.05369646296851487], "aligned_model": [[0.7030176781439639, -0.2274576296040121, 0.2443331618606418, -0.42229482076835384, -0.06473053516326498, 0.16784348871562188, 0.6328180027060987, -0.6456050269043546, 0.1454992792208878, -0.4568672794501099, 0.09361189913047992, 0.08006156754833163], [-0.12606595424076836, -0.6754356969132934, 0.02354835791435777, -0.2861174611177985, 0.7775760485267539, 0.45231336889203194, 0.3098681882866305, -0.2206235233046575, -0.5221834538752743, 0.23341173925022074, 0.12378664624683856, -0.047891255866421296], [-0.31315628045578076, 0.0811307802920628, -0.762506610761571, -0.41255689258905875, 0.19102831738264556, -0.2722579931706311, 0.24588080140190882, 0.49328196581435935, 0.4732336260940065, 0.0029850938514119005, 0.8339584066042119, 0.10791832039710977]], "inverted": true, "swapped": false, "error_lsq": 0.053740670983687476, "error_max": 0.27143857724804854, "target": "712.xyz", "model": "2.xyz", "model_rescale": 3.932901565614263, "target_rescale": 3.726526793664819},
{"mapping": [12, 11, 10, 1, 4, 6, 5, 3, 8, 0, 7, 13], "R": [[-0.06154993665655961, 0.5610638708544987, -0.8254810343789494], [0.2892966413140411, 0.8015749778924183, 0.5232446924156848], [0.9552586344137324, -0.20660321304020415, -0.21165078251562286]], "T": [-0.02980512761715696, -0.022506997816780488, 0.1047692143244151], "aligned_model": [[0.666385656949793, -0.0388617937350834, 0.21183427906378685, -0.5293158806019326, -0.10450778895451872, 0.27402446805081315, 0.5623012198953421, -0.4181132016896764, 0.03830539611873164, -0.6056424456247543, 0.12362667246682164, 0.0701932034966075], [-0.04463781701483614, -0.8810790975712044, -0.26302680899307296, 0.0010996839472309956, 0.8281775765282573, 0.3673636388012104, 0.3804812418050299, -0.2555127363931259, -0.5950371669020174, 0.3114423661773264, 0.19718045832948344, -0.004264334915661642], [-0.20821389781618072, -0.1411588741273443, -0.525235593492029, -0.4417656456258251, 0.2891103977270745, -0.3668033932145288, 0.16649633653652782, 0.3405883049040405, 0.5590344315440059, 0.18118606207905344, 0.7665385485203384, 0.04916285782554218]], "inverted": true, "swapped": false, "error_lsq": 0.046332338246983774, "error_max": 0.2707319432531332, "target": "712.xyz", "model": "3.xyz", "model_rescale": 3.9243930471874484, "target_rescale": 3.726526793664819},
{"mapping": [3, 10, 6, 11, 1, 5, 0, 8, 4, 9, 7, 12], "R": [[0.45262362412256185, -0.8308862565049662, -0.32366631526515366], [-0.6635611741042406, -0.0713769884768427, -0.7447092679276783], [0.5956663689579593, 0.5518454079424242, -0.5836507711168555]], "T": [-0.020134465863015687, -0.052802558795962656, 0.06689486818154158], "aligned_model": [[0.5876662118622707, -0.19372370493259294, 0.2602200032770593, -0.5086629718464345, -0.01712847011625222, 0.2383916435917565, 0.6662966046424589, -0.44718347434980105, 0.20254199895679162, -0.6851813551577551, 0.11042308419339363, 0.03657021531503529], [-0.3173097313335078, -0.7157786627571756, -0.12900384182200605, -0.0664936514984765, 0.6144210316467804, 0.5136787794982938, 0.4482067649236666, -0.284284536677886, -0.3819956917393924, 0.18251910228068377, 0.13438770040433654, 0.0438397408733035], [-0.04958544001495094, -0.09880721742563653, -0.5942490275288267, -0.5554286282491636, 0.32177512306361367, -0.3642504018486543, 0.10042688797307983, 0.46737159307645193, 0.5078192865100335, 0.07176751062618578, 0.8355516784004906, 0.02654817027805169]], "inverted": false, "swapped": false, "error_lsq": 0.04069275731516251, "error_max": 0.19584904061420177, "target": "712.xyz", "model": "4.xyz", "model_rescale": 3.8936222436046832, "target_rescale": 3.726526793664819},
{"mapping": [4, 7, 5, 6, 0, 1, 2, 8, 10, 9, 3, 11], "R": [[0.6390590537030036, -0.49083886995808046, 0.5921830203733439], [0.10192691587021042, 0.8171638039100175, 0.5673219733101278], [-0.7623742058211366, -0.3021928545111299, 0.572245619451129]], "T": [-0.03618100501621051, -0.04528869897235192, 0.10770819204929813], "aligned_model": [[0.6932489872376925, -0.17014391393122746, 0.21016371786648097, -0.44973067648314374, -0.0005543445448812218, 0.13601007665888182, 0.6079028429553455, -0.5196673823196767, 0.3046175176365076, -0.5639832258024523, -0.051842981063461566, 0.05420916722586512], [-0.23803376942863486, -0.6521242502522638, -0.22177974975523984, -0.1362285539294421, 0.8018570640828481, 0.5676961791117339, 0.2540170953292722, -0.3045881595421623, -0.4414684649006038, 0.2762661168815994, 0.1872206120808168, -0.05064711587930361], [-0.14009379164357813, -0.07546407693781498, -0.644180126484954, -0.5670623171741638, 0.36028116403621624, -0.37984543350675115, 0.33733942512474435, 0.602549115014446, 0.46318724841102643, 0.11566180478190212, 0.6330425190269523, -0.03647599578735017]], "inverted": true, "swapped": false, "error_lsq": 0.0415107308715811, "error_max": 0.22662498726269023, "target": "712.xyz", "model": "5.xyz", "model_rescale": 3.6523030999806103, "target_rescale": 3.726526793664819},
{"mapping": [4, 10, 11, 9, 5, 7, 3, 6, 2, 8, 1, 12], "R": [[-0.9224003799349626, 0.0994142657105442, -0.3732215734239783], [0.17412287475733346, 0.9695730341399382, -0.17207369338430606], [0.3447589934752663, -0.22370725344053444, -0.9116448328027829]], "T": [-0.01682858298678253, 0.03402276267430691, 0.0958839560311474], "aligned_model": [[0.3942183800574179, -0.21025897866127732, 0.3665001778765945, -0.4277856261754817, -0.1854189634555107, 0.24376403931208773, 0.6306075481011423, -0.42233457402985836, 0.37540706490738845, -0.658500659594436, 0.10837377302159468, 0.035657604076269], [-0.350681298766299, -0.6832757329710478, -0.1032805473016247, -0.029591594859364516, 0.6831081324944048, 0.4741892613195813, 0.2844295245600328, -0.33093425791380626, -0.41812125099745584, 0.23007003574126933, 0.1609552657813508, 0.12531946671157923], [-0.014455434986565194, -0.14231888156973538, -0.6843569460661342, -0.49549612255606845, 0.2149175491284766, -0.3570652666980032, 0.12351749926730075, 0.44943130282324234, 0.562712213135349, 0.1552600075293764, 0.7671420105067526, 0.08965160434668348]], "inverted": true, "swapped": false, "error_lsq": 0.04804157220126449, "error_max": 0.29623779366198755, "target": "712.xyz", "model": "6.xyz", "model_rescale": 4.08911054899281, "target_rescale": 3.726526793664819},
{"mapping": [13, 10, 7, 4, 0, 2, 1, 8, 11, 3, 9, 14], "R": [[-0.8534005589463092, 0.14457814391110113, -0.5008039998775449], [-0.2750032911695015, 0.6912958509069573, 0.668194011021326], [0.4428099771189322, 0.7079598906873514, -0.5501928001545311]], "T": [0.024970745401228147, -0.11876007143963375, -0.04211612917234551], "aligned_model": [[0.7339446943585423, -0.15223541913996186, 0.20644608578086024, -0.6486198035629627, -0.08360992497888861, 0.460759469704049, 0.49039311887184994, -0.49197669375898256, 0.31422411201159584, -0.5588960176371526, -0.06960225407486992, 0.049402417861850824], [-0.21074003497895183, -0.7989015383920697, -0.0065016535356319655, -0.1765293888899478, 0.8013943892887281, 0.49106334175686017, 0.2984708802326922, -0.30413400767246146, -0.4505120512611122, 0.3886339057533831, 0.10165837611562607, -0.09171521461849462], [-0.1995650045535327, 0.11688216856185099, -0.7862624272759091, -0.24158534486664665, 0.11969298529711334, -0.33934186119962556, 0.34161086505007454, 0.36229804243422853, 0.3462190054037756, 0.12552154914941135, 0.7042276010587146, 0.11924195580122018]], "inverted": true, "swapped": false, "error_lsq": 0.04696930424016649, "error_max": 0.22752503290697448, "target": "712.xyz", "model": "7.xyz", "model_rescale": 3.964800864290218, "target_rescale": 3.726526793664819},
{"mapping": [8, 1, 5, 3, 11, 10, 9, 2, 7, 6, 12, 13], "R": [[-0.38521930241071706, 0.47892976679384397, -0.7888170684822907], [0.41849956685008677, -0.6711690369058714, -0.6118743632847637], [-0.8224744382632755, -0.5658254168713522, 0.058115368241715815]], "T": [-0.13420339151388946, -0.029531696880752526, 0.07797798509251025], "aligned_model": [[0.6061319861018559, -0.037448187723627596, 0.27875477700807194, -0.5417388805050576, -0.0921610604351216, 0.270729217482809, 0.44625063426610534, -0.507001591887502, 0.191709185429256, -0.569818386682162, 0.2657578239389814, -0.060935731557678424], [-0.2010228552935857, -0.769706057815464, -0.12554455748691604, 0.019350270652618597, 0.7557067695707073, 0.46531168681444435, 0.3284339249920874, -0.37074571920927224, -0.5029732118258845, 0.3514387882387421, 0.11798082773010829, -0.026042862568965614], [-0.038434611494186394, 0.0011649840653972232, -0.6426590973682729, -0.5199250790953254, 0.3402113119144515, -0.4380584678751526, 0.17173546106964124, 0.5060004383805128, 0.49808188780998036, 0.03789196968936164, 0.7016333534691177, 0.05129738429514968]], "inverted": true, "swapped": false, "error_lsq": 0.03837406988985401, "error_max": 0.26666922107224605, "target": "712.xyz", "model": "8.xyz", "model_rescale": 4.121658175737393, "target_rescale": 3.726526793664819},
{"mapping": [6, 4, 9, 5, 11, 7, 8, 0, 1, 10, 2, 12], "R": [[-0.7110469995215773, 0.6963910651779057, 0.09721959067875055], [-0.653414705561248, -0.6033388949424296, -0.4571995192538544], [-0.25973329980514537, -0.3886150565663017, 0.8840344737521839]], "T": [0.008198155818179998, 0.09538217560156537, 0.08276922525001884], "aligned_model": [[0.6442505928467949, -0.12186722476712057, 0.30859754121877525, -0.4644066170006723, -0.034699359225207796, 0.15389492238787392, 0.634267868856314, -0.523632501799414, 0.13739233935946676, -0.6872636471239455, 0.17923272034180632, 0.024463150341259173], [-0.1584489889123184, -0.7516741615264123, -0.24863012231972742, -0.024084958643658894, 0.7271714940568572, 0.48717667924925, 0.4297280664778574, -0.38975787176715104, -0.4894431515007098, 0.39718550877380887, 0.04475640995576485, 0.018208099955059592], [-0.02300925727576937, -0.14897735233692055, -0.613366943300936, -0.2968229754336241, 0.12787060929091273, -0.446834805546392, 0.24648506870381048, 0.3999750404227474, 0.4236796466694116, 0.1243439691455237, 0.7539850329079403, 0.12161150161397094]], "inverted": true, "swapped": false, "error_lsq": 0.04529016119749479, "error_max": 0.2122971863286994, "target": "712.xyz", "model": "9.xyz", "model_rescale": 3.833441315466971, "target_rescale": 3.726526793664819},
{"mapping": [7, 3, 6, 5, 10, 12, 11, 2, 9, 13, 8, 14], "R": [[-0.6125862938397989, -0.7041914500581965, 0.35896021264835826], [-0.7750821236461594, 0.6241764175431385, -0.09824205508423442], [-0.15487328434491116, -0.3384053803472229, -0.9281681228895292]], "T": [0.013129272363473974, 0.08433796420273869, -0.11292823945442396], "aligned_model": [[0.5465021524087776, 0.05332643118470441, 0.2183400626000707, -0.6095276756194254, 0.06022287662155282, 0.3328750238415958, 0.6064309716668931, -0.44246522598863625, 0.053634193580431866, -0.7205230656508713, 0.13208829249435447, 0.019325748296482793], [-0.2628511697456431, -0.7763064260576987, -0.03413193055737658, -0.08532407882019687, 0.7614406284637995, 0.48730768438059197, 0.2867892212120608, -0.32595535943709875, -0.39385073241168844, 0.19442303755795282, 0.18533732107499762, 0.005308808138919735], [0.08426976480060627, -0.0033961816650575766, -0.7493895372965743, -0.31528514631187543, 0.35082634867212703, -0.4266129798264203, 0.1560395340475171, 0.26222945615570137, 0.5409869296004911, 0.17917116993408735, 0.6507518269461802, -0.060651650196107604]], "inverted": true, "swapped": false, "error_lsq": 0.043014125692862, "error_max": 0.2760532322183172, "target": "712.xyz", "model": "10.xyz", "model_rescale": 4.2482417240324, "target_rescale": 3.726526793664819},
{"mapping": [10, 4, 0, 6, 3, 1, 8, 5, 9, 2, 7, 11], "R": [[0.3053903450571105, 0.28354985751335515, 0.9090303710273138], [-0.6050873171310259, 0.794904921860708, -0.04467106276774016], [-0.7352591895332399, -0.5364006371228303, 0.4143287109302777]], "T": [0.0005186030727887536, 0.05547408482600234, 0.018506844842666473], "aligned_model": [[0.5711083154128876, -0.1611615136304297, 0.31433987076151537, -0.5001360895878804, 0.06851537499220325, 0.13433579824847716, 0.5202443036384521, -0.47665119209536044, 0.37577720901802625, -0.5756209889275722, -0.034849820494096295, 0.014328518099707595], [-0.24124047015946687, -0.7976485762235483, -0.120219684904061, -0.18360698967808547, 0.7663375933167673, 0.5459756292750539, 0.35755422185524577, -0.4098728364356162, -0.45173179312159917, 0.5195379148646464, 0.11691956353859445, -0.05981756852931065], [-0.018778749773898887, -0.09049244551655235, -0.648192028081334, -0.3171525907074135, 0.40337193517496067, -0.47205176218263967, 0.14296814781968947, 0.36484107614683575, 0.5488219192827073, -0.0030620810508481394, 0.6919530375377666, 0.06671307621140174]], "inverted": true, "swapped": false, "error_lsq": 0.04590320710954842, "error_max": 0.2515106381254253, "target": "712.xyz", "model": "11.xyz", "model_rescale": 3.6694154284099745, "target_rescale": 3.726526793664819},
{"mapping": [4, 1, 0, 12, 9, 6, 11, 2, 3, 10, 8, 13], "R": [[-0.8683481629473337, 0.4855082152581299, 0.10125828767491568], [0.10501354897317361, 0.37953006564996933, -0.9192002414054236], [-0.48470983323845357, -0.7875523488534558, -0.3805491760303196]], "T": [-0.029817846779238166, 0.1376688723551293, -0.08045319158374747], "aligned_model": [[0.5914708715653479, -0.09578212277820732, 0.20192249548154256, -0.6059880347770725, -0.09920625747828812, 0.36833516037314595, 0.5303432040776606, -0.36112064803587507, 0.26661364148985434, -0.590158585211547, 0.03238367901384316, 0.01141638171552593], [-0.2588566449110156, -0.705883408274073, -0.25776151187679347, -0.08639639881451577, 0.7376456889828933, 0.37489215297423395, 0.481055968345351, -0.26415738248450676, -0.47006096258867275, 0.3444292854032659, 0.1055766054583375, 0.04170361158411605], [-0.013771167282967317, -0.05717749097635361, -0.6287862011869523, -0.36257226039105506, 0.44860194246181045, -0.4045737424309485, 0.256197292327046, 0.3133585504877328, 0.4525024548682541, 0.13587335731337974, 0.6730047753298207, -0.1437179756590915]], "inverted": true, "swapped": false, "error_lsq": 0.040565605920714086, "error_max": 0.2371423561874359, "target": "712.xyz", "model": "12.xyz", "model_rescale": 3.9764082729961374, "target_rescale": 3.726526793664819},
{"mapping": [13, 14, 5, 4, 2, 9, 1, 3, 11, 7, 8, 15], "R": [[-0.3571479691608488, 0.8507611633721589, -0.38555255286657436], [0.36803191148661163, 0.5075584591187317, 0.7790615654134981], [0.8584857833719743, 0.13634461292867434, -0.49438073007909367]], "T": [0.1323149034520848, -0.00016452708467741897, -0.03797520164175428], "aligned_model": [[0.5079227508921917, -0.017195743310579742, 0.15165838919493282, -0.43646775710489655, -0.08215096418315895, 0.3267115613116087, 0.4798746490482693, -0.43462461472252817, 0.25451061497324834, -0.5586058478137552, 0.02452716665099501, 0.03406958049960318], [-0.48168759348261647, -0.7655712428831353, 0.12409633854993223, -0.01678183933493856, 0.6753978246115265, 0.452804817024515, 0.4582166520488663, -0.308290240907632, -0.45748133306892247, 0.2891483795200392, 0.11648644591844799, -0.044151204197462435], [-0.0771520781766995, 0.13697383519554285, -0.8668352457178166, -0.47623753377004374, 0.32792015839479516, -0.38225392481232356, 0.23111864094527568, 0.5024705167487644, 0.5995781261666853, 0.06182588284718279, 0.6508115512370101, -0.039280394197697764]], "inverted": true, "swapped": false, "error_lsq": 0.04390070299215528, "error_max": 0.29573888415658167, "target": "712.xyz", "model": "13.xyz", "model_rescale": 4.170626492500431, "target_rescale": 3.726526793664819},
{"mapping": [3, 6, 11, 12, 7, 9, 1, 4, 2, 8, 0, 13], "R": [[0.6422225086147524, 0.7630807253419546, 0.07251245437971882], [-0.6618238501274881, 0.59974315930137, -0.4497747594892801], [-0.386703298189972, 0.24086500261102298, 0.8901935798949516]], "T": [-0.005528689153379281, -0.01900088298624282, 0.0640127382477568], "aligned_model": [[0.6229557838596829, 0.1148270011246024, 0.18918628310940835, -0.6331485283734385, -0.09775668019950133, 0.42008741746152795, 0.579306838758516, -0.5751625768040103, 0.12955170921196502, -0.6342537995302109, 0.137305930990598, -0.002669594173209055], [-0.2876232027740315, -0.8002741309450226, -0.17973666680027262, -0.02676517221218054, 0.7436462602625636, 0.43811307134322997, 0.453192228543275, -0.3174874267869459, -0.4364792010798596, 0.3391431190530302, 0.19357260217913452, -0.07711447698430053], [-0.02721730572463256, -0.22341705643563511, -0.5962218704403496, -0.3124698966988976, 0.32342194288560044, -0.4519370664921222, 0.22468489081762025, 0.3631550919908533, 0.5543160190194942, 0.23132652186960165, 0.6027790987611553, -0.019480834692013116]], "inverted": true, "swapped": false, "error_lsq": 0.03803108980757167, "error_max": 0.21328138970822538, "target": "712.xyz", "model": "14.xyz", "model_rescale": 3.9786697098870705, "target_rescale": 3.726526793664819},
{"mapping": [1, 10, 6, 7, 3, 9, 0, 5, 4, 8, 2, 11], "R": [[0.6065605520968979, 0.4816879470681233, 0.632503769387348], [-0.5908831517288132, 0.805403565590271, -0.046713997233185894], [-0.5319223605404558, -0.34540095278353644, 0.7731473237186394]], "T": [0.02795080560311519, -0.017976322727293523, 0.011988986552405441], "aligned_model": [[0.5637218752096402, 0.05508602324782029, 0.22007228122510397, -0.4232167638977605, 0.03158381288201652, 0.09253377505880162, 0.5935172837364255, -0.6247752841192284, 0.10556020751375067, -0.38957598539679494, -0.03619905779432431, 0.06192161777047925], [-0.36853881781878217, -0.8427377882314625, -0.0029544267642978954, -0.2958289683405393, 0.8679048427603576, 0.519982536621619, 0.2650334964567856, -0.23203555640536647, -0.39566393199150607, 0.24384978170839397, 0.2682261661410135, 0.014949669662404363], [-0.2132384307400989, -0.09456237889955324, -0.7562683740048641, -0.3831334463049167, 0.25765256585346796, -0.2943499984846401, 0.3015500114435704, 0.42766540397692415, 0.4876396783783551, 0.18329746811518283, 0.8291917439258185, -0.07650470839857076]], "inverted": true, "swapped": false, "error_lsq": 0.04997397912788782, "error_max": 0.2779730632248364, "target": "712.xyz", "model": "15.xyz", "model_rescale": 3.769337070930944, "target_rescale": 3.726526793664819},
{"mapping": [8, 1, 6, 0, 10, 7, 4, 3, 5, 2, 11], "R": [[-0.6913599369100644, 0.6611975827721915, 0.29127168446645013], [0.7116210918042819, 0.6928827240906835, 0.11622801880766949], [-0.12496743309756408, 0.2876304698617396, -0.9495535021641073]], "T": [0.05083737334638551, 0.00754973973686749, 0.041235319737965945], "aligned_model": [[-0.21543683043327921, -0.4578694843244848, -0.043840452220965484, -0.649534003438009, 0.3653574472398813, 0.34619705665442263, 0.6917917387985125, 0.28392519348584583, 0.016455248346585905, -0.4003184422761754, -0.014101341141163529], [-0.05969309656112783, -0.5331230738940247, 0.6706291382084273, 0.22993569618955548, 0.20512810697744216, -0.54512307346345, 0.5207275677154903, -0.4496669669735597, 0.5017843588652254, 0.0012158529929696474, 0.054249987568393526], [-0.5997353906568074, -0.11976409534028497, -0.14616370199688755, 0.032124534675678815, -0.60117233815788, -0.4188801168036201, -0.03553886388460804, 0.45759903903644283, 0.5072748365718669, 0.6651393803792356, 0.0033343234006406597]], "inverted": false, "swapped": true, "error_lsq": 0.03850820041239586, "error_max": 0.18806855219619878, "target": "712.xyz", "model": "16.xyz", "model_rescale": 3.7852294659196426, "target_rescale": 3.726526793664819},
{"mapping": [7, 10, 5, 4, 3, 1, 2, 9, 11, 0, 8, 12], "R": [[0.08430289080621417, -0.1294577574106175, 0.9879947933303748], [-0.02468887601645834, -0.9914914245146672, -0.1278092896268521], [0.9961342690635435, -0.01361778837000769, -0.08678175981823727]], "T": [0.047282618420415305, 0.012087117045826042, 0.042260641020607934], "aligned_model": [[0.6816779885749186, -0.311723004782805, 0.16459140507085437, -0.3840218193428471, -0.09238903750021343, 0.32696741945798885, 0.5501501234048485, -0.46428621327290504, 0.4249613906934366, -0.6027759227691586, -0.06083233370510965, 0.01790978960692215], [-0.23273851902748696, -0.6975089189425449, -0.08745316688076572, 0.05001027407294156, 0.7870463273153501, 0.47596737787848975, 0.301635034705894, -0.3932984715247837, -0.39452791889205774, 0.21119419688567587, 0.0877614188780917, -0.06590063067018408], [-0.12812106992352534, -0.08752188283063515, -0.5969102211209625, -0.5183863077951396, 0.1537300184898554, -0.3829988914127786, 0.23558238537369058, 0.609024825255139, 0.5217969086342791, 0.10165272401870248, 0.6800619176119646, 0.08102912856008504]], "inverted": false, "swapped": false, "error_lsq": 0.047017791643586736, "error_max": 0.30612294918661725, "target": "712.xyz", "model": "17.xyz", "model_rescale": 3.901054581598922, "target_rescale": 3.726526793664819},
{"mapping": [3, 0, 13, 8, 10, 9, 11, 1, 7, 4, 6, 14], "R": [[0.6558213548867395, 0.730979127669098, 0.18859444686057464], [-0.14031008567182468, -0.12744162599363967, 0.9818715352951539], [0.7417623813144523, -0.6703940235982284, 0.018984804199448965]], "T": [0.0045131324391011925, 0.003100211933173218, -0.04306668173333449], "aligned_model": [[0.4445287941260312, -0.08352771989130732, 0.435050427576752, -0.594058676049797, -0.15228399420876065, 0.34988914977974944, 0.509425638631099, -0.36699454800494774, 0.2772707896557702, -0.6768885417393249, 0.051566642594958675, 0.05625182296570751], [-0.577617899456076, -0.7487927404681756, -0.030880397360534044, -0.03546673389155602, 0.7987139410946705, 0.4930592113952714, 0.4355930051014321, -0.36279932284656047, -0.3642484581417177, 0.3104741485911374, 0.1029878985977685, 0.021164351182959985], [-0.27232326743479646, 0.006028276761438113, -0.6270060227510146, -0.32704314715248683, 0.07886445938152106, -0.316645202137086, 0.39823178175267115, 0.4193023518912077, 0.43686585396426475, 0.2153651108155546, 0.699586778842289, -0.04228743907288735]], "inverted": false, "swapped": false, "error_lsq": 0.05146420144445608, "error_max": 0.34779192071141524, "target": "712.xyz", "model": "18.xyz", "model_rescale": 3.9405287249114394, "target_rescale": 3.726526793664819},
{"mapping": [5, 8, 2, 1, 14, 10, 11, 4, 7, 12, 13, 15], "R": [[-0.7155695109199293, -0.6779337073970189, 0.1684225739523854], [-0.4528451234523598, 0.2666185502128212, -0.850791303932892], [0.5318755204060726, -0.6850696585438205, -0.49778307899668806]], "T": [-0.08565037792867139, -0.020963483283130857, 0.08829063818087396], "aligned_model": [[0.5753071790484957, 0.08858636161675576, 0.3001564719839771, -0.4665017462255575, -0.028010123583486368, 0.2619369060184904, 0.548639568297512, -0.5850546639235383, 0.059766656343340635, -0.5480860063649842, 0.10841880988433783, -0.06492962765941314], [-0.3968036892495718, -0.7481653855597914, -0.0018823046083190076, -0.06675368460129619, 0.7391301697529065, 0.5392890552008573, 0.308223628935054, -0.38478205675093763, -0.46790162285212544, 0.24337771319370116, 0.28858246533139237, -0.010127284993250142], [-0.24807507085134273, -0.026125739378208446, -0.6902427690624542, -0.44871487083097045, 0.22494422126430516, -0.339732971106054, 0.1806232497850828, 0.47931037341924476, 0.6124334951230259, 0.21641590347738823, 0.6520710044671618, 0.056032708553496124]], "inverted": true, "swapped": false, "error_lsq": 0.038208273917547005, "error_max": 0.19019496717574652, "target": "712.xyz", "model": "19.xyz", "model_rescale": 4.410303926677745, "target_rescale": 3.726526793664819},
{"mapping": [8, 1, 5, 3, 11, 10, 9, 2, 7, 6, 12, 13], "R": [[-0.38521930241071706, 0.47892976679384397, -0.7888170684822907], [0.41849956685008677, -0.6711690369058714, -0.6118743632847637], [-0.8224744382632755, -0.5658254168713522, 0.058115368241715815]], "T": [-0.13420339151388946, -0.029531696880752526, 0.07797798509251025], "aligned_model": [[0.6061319861018559, -0.037448187723627596, 0.27875477700807194, -0.5417388805050576, -0.0921610604351216, 0.270729217482809, 0.44625063426610534, -0.507001591887502, 0.191709185429256, -0.569818386682162, 0.2657578239389814, -0.060935731557678424], [-0.2010228552935857, -0.769706057815464, -0.12554455748691604, 0.019350270652618597, 0.7557067695707073, 0.46531168681444435, 0.3284339249920874, -0.37074571920927224, -0.5029732118258845, 0.3514387882387421, 0.11798082773010829, -0.026042862568965614], [-0.038434611494186394, 0.0011649840653972232, -0.6426590973682729, -0.5199250790953254, 0.3402113119144515, -0.4380584678751526, 0.17173546106964124, 0.5060004383805128, 0.49808188780998036, 0.03789196968936164, 0.7016333534691177, 0.05129738429514968]], "inverted": true, "swapped": false, "error_lsq": 0.03837406988985401, "error_max": 0.26666922107224605, "target": "712.xyz", "model": "20.xyz", "model_rescale": 4.121658175737393, "target_rescale": 3.726526793664819},
{"mapping": [4, 10, 11, 9, 5, 7, 3, 6, 2, 8, 1, 12], "R": [[-0.9224003799349626, 0.0994142657105442, -0.3732215734239783], [0.17412287475733346, 0.9695730341399382, -0.17207369338430606], [0.3447589934752663, -0.22370725344053444, -0.9116448328027829]], "T": [-0.01682858298678253, 0.03402276267430691, 0.0958839560311474], "aligned_model": [[0.3942183800574179, -0.21025897866127732, 0.3665001778765945, -0.4277856261754817, -0.1854189634555107, 0.24376403931208773, 0.6306075481011423, -0.42233457402985836, 0.37540706490738845, -0.658500659594436, 0.10837377302159468, 0.035657604076269], [-0.350681298766299, -0.6832757329710478, -0.1032805473016247, -0.029591594859364516, 0.6831081324944048, 0.4741892613195813, 0.2844295245600328, -0.33093425791380626, -0.41812125099745584, 0.23007003574126933, 0.1609552657813508, 0.12531946671157923], [-0.014455434986565194, -0.14231888156973538, -0.6843569460661342, -0.49549612255606845, 0.2149175491284766, -0.3570652666980032, 0.12351749926730075, 0.44943130282324234, 0.562712213135349, 0.1552600075293764, 0.7671420105067526, 0.08965160434668348]], "inverted": true, "swapped": false, "error_lsq": 0.04804157220126449, "error_max": 0.29623779366198755, "target": "712.xyz", "model": "21.xyz", "model_rescale": 4.08911054899281, "target_rescale": 3.726526793664819},
{"mapping": [0, 1, 6, 5, 12, 7, 13, 15, 2, 9, 3, 16], "R": [[0.19419557781025248, -0.8071953886053941, -0.5574259432185852], [0.8942940600897836, 0.3792083491791501, -0.2375692783188828], [0.4031453976508639, -0.4523678066872254, 0.7955106258409854]], "T": [-0.05699531669839468, -0.046348587582210984, 0.019489544905278024], "aligned_model": [[0.6504805018251705, 0.03366252613313578, 0.224557113072947, -0.5903542625500472, -0.08350467822948114, 0.36598533906906705, 0.3953738314110692, -0.46956561597920676, 0.1313657883758832, -0.6266459597478771, 0.22891088559711303, -0.010035683541843504], [-0.2603499853190392, -0.8334969026998257, -0.08021203187422925, 0.0765943196442084, 0.6718423454162691, 0.42055745236445735, 0.3754369683158981, -0.40957222310397584, -0.5018088988438368, 0.38148746390077, 0.241049086151439, -0.03934059015351534], [-0.21237413519656528, -0.02716950359202295, -0.669818532068947, -0.4256422674726939, 0.18821578336294104, -0.3104836399405242, 0.25227499269503834, 0.49840640266230757, 0.5470592827920454, 0.018050973641174396, 0.7875644396362049, 0.022855738341716465]], "inverted": false, "swapped": false, "error_lsq": 0.039008009503814715, "error_max": 0.2477152690391727, "target": "712.xyz", "model": "22.xyz", "model_rescale": 4.204369325754507, "target_rescale": 3.726526793664819},
{"mapping": [5, 8, 2, 1, 14, 10, 11, 4, 7, 12, 13, 15], "R": [[-0.7155695109199293, -0.6779337073970189, 0.1684225739523854], [-0.4528451234523598, 0.2666185502128212, -0.850791303932892], [0.5318755204060726, -0.6850696585438205, -0.49778307899668806]], "T": [-0.08565037792867139, -0.020963483283130857, 0.08829063818087396], "aligned_model": [[0.5753071790484957, 0.08858636161675576, 0.3001564719839771, -0.4665017462255575, -0.028010123583486368, 0.2619369060184904, 0.548639568297512, -0.5850546639235383, 0.059766656343340635, -0.5480860063649842, 0.10841880988433783, -0.06492962765941314], [-0.3968036892495718, -0.7481653855597914, -0.0018823046083190076, -0.06675368460129619, 0.7391301697529065, 0.5392890552008573, 0.308223628935054, -0.38478205675093763, -0.46790162285212544, 0.24337771319370116, 0.28858246533139237, -0.010127284993250142], [-0.24807507085134273, -0.026125739378208446, -0.6902427690624542, -0.44871487083097045, 0.22494422126430516, -0.339732971106054, 0.1806232497850828, 0.47931037341924476, 0.6124334951230259, 0.21641590347738823, 0.6520710044671618, 0.056032708553496124]], "inverted": true, "swapped": false, "error_lsq": 0.038208273917547005, "error_max": 0.19019496717574652, "target": "712.xyz", "model": "23.xyz", "model_rescale": 4.410303926677745, "target_rescale": 3.726526793664819},
{"mapping": [10, 3, 8, 5, 13, 9, 11, 0, 1, 12, 7, 16], "R": [[-0.9249687261475912, 0.27529202433397304, -0.2620060247150926], [-0.05642016517346161, -0.7812409229055806, -0.6216746619731547], [-0.37583190472696937, -0.5602471969726756, 0.7381554427582027]], "T": [0.019968275469204592, 0.1391501241755729, -0.025274609295986745], "aligned_model": [[0.5172977125386037, -0.03996034770802031, 0.2886878295180237, -0.510760991092761, -0.2125980486705336, 0.4890587049722455, 0.5761733450493511, -0.4854577668553049, 0.3544183431540999, -0.7309173441849373, -0.012044455936077857, 0.01633280465124118], [-0.23478549162750936, -0.7564263800571166, -0.145116198458049, 0.10217310413718572, 0.6956537235443458, 0.31096625901677266, 0.30347024233772346, -0.2710768440654283, -0.39452977728954797, 0.2488993828942421, 0.15994838662409158, 0.023010596741909944], [-0.21663691627889026, 0.03474430292756963, -0.7482470336266904, -0.36077599384098585, 0.3358393236875904, -0.40323408911527553, 0.22841083756938618, 0.3576668501389341, 0.5575326183257072, 0.2398701081528351, 0.6384071773980535, 0.005362349522441155]], "inverted": true, "swapped": false, "error_lsq": 0.03844679913217205, "error_max": 0.2235587989613761, "target": "712.xyz", "model": "24.xyz", "model_rescale": 4.28219845311461, "target_rescale": 3.726526793664819},
{"mapping": [9, 12, 5, 10, 0, 1, 4, 14, 13, 6, 2, 15], "R": [[0.620735813473554, -0.7185430033787019, -0.31366064810052297], [-0.36978244664632787, 0.08445454708639408, -0.9252720527653949], [0.6913378277105781, 0.6903357022289568, -0.2132806278227636]], "T": [0.14971050336417624, -0.03999023735348302, 0.025228621653914485], "aligned_model": [[0.5817034628662812, 0.028952079801616612, 0.16196494016922444, -0.571651282996464, -0.012620857751493936, 0.2870759954083323, 0.5820548275898815, -0.4968702423590877, 0.28917473566927476, -0.6049383270861158, -0.13360208817116637, 0.13898654229564744], [-0.4605028381905007, -0.7849551252252371, -0.028915120698869687, -0.1540536658713766, 0.7073782991442823, 0.4609975459150584, 0.42409783371730286, -0.34893327083948816, -0.3623962480776076, 0.4480646095979668, 0.1145332612957377, 0.026871723031351658], [-0.2804262807389136, 0.1471491663128621, -0.8262453071799748, -0.28514458318375774, 0.30920568390952763, -0.3489629889653122, 0.38902694576402835, 0.2833606929179129, 0.504311651089846, 0.09234601156312405, 0.6290800009109728, 0.05523854246035955]], "inverted": false, "swapped": false, "error_lsq": 0.043285804730814025, "error_max": 0.2113336659384412, "target": "712.xyz", "model": "25.xyz", "model_rescale": 4.100010024507729, "target_rescale": 3.726526793664819},
{"mapping": [10, 4, 0, 6, 3, 1, 8, 5, 9, 2, 7, 11], "R": [[0.3053903450571105, 0.28354985751335515, 0.9090303710273138], [-0.6050873171310259, 0.794904921860708, -0.04467106276774016], [-0.7352591895332399, -0.5364006371228303, 0.4143287109302777]], "T": [0.0005186030727887536, 0.05547408482600234, 0.018506844842666473], "aligned_model": [[0.5711083154128876, -0.1611615136304297, 0.31433987076151537, -0.5001360895878804, 0.06851537499220325, 0.13433579824847716, 0.5202443036384521, -0.47665119209536044, 0.37577720901802625, -0.5756209889275722, -0.034849820494096295, 0.014328518099707595], [-0.24124047015946687, -0.7976485762235483, -0.120219684904061, -0.18360698967808547, 0.7663375933167673, 0.5459756292750539, 0.35755422185524577, -0.4098728364356162, -0.45173179312159917, 0.5195379148646464, 0.11691956353859445, -0.05981756852931065], [-0.018778749773898887, -0.09049244551655235, -0.648192028081334, -0.3171525907074135, 0.40337193517496067, -0.47205176218263967, 0.14296814781968947, 0.36484107614683575, 0.5488219192827073, -0.0030620810508481394, 0.6919530375377666, 0.06671307621140174]], "inverted": true, "swapped": false, "error_lsq": 0.04590320710954842, "error_max": 0.2515106381254253, "target": "712.xyz", "model": "26.xyz", "model_rescale": 3.6694154284099745, "target_rescale": 3.726526793664819},
{"mapping": [8, 5, 4, 0, 12, 10, 9, 1, 7, 6, 3, 13], "R": [[0.17851930035535052, 0.8726508024464835, 0.45454530730186227], [0.29085667069959925, -0.4881236418892937, 0.8228837751093877], [0.939964497473272, -0.014693101042351608, -0.34095579811990034]], "T": [0.061429753641988216, 0.06250640331584144, -0.006944685123027532], "aligned_model": [[0.5950101618639888, -0.12256561145663539, 0.15174664332269183, -0.4110756864341205, -0.12081213853065231, 0.43388636849767165, 0.5866787784902138, -0.6457673522544283, 0.22645258528697007, -0.524907403337377, 0.055670587457736134, 0.02591285252987119], [-0.23894265776028978, -0.7069622625240976, -0.11451533827004894, -0.21193305469717505, 0.7528504454316048, 0.3167556701042217, 0.36895427542649173, -0.37066000417310585, -0.2966352705625089, 0.2662671661490664, 0.1831743887520288, 0.09383364592243248], [-0.1879905466278166, -0.013439116112615716, -0.8044637962001401, -0.37890561871302975, 0.33938725046774937, -0.4050955362843089, 0.3013841961793819, 0.29618197244868927, 0.4828647143765862, 0.28610944243597636, 0.7919528612677326, -0.03904628837752925]], "inverted": false, "swapped": false, "error_lsq": 0.04165795825833055, "error_max": 0.21169812187372367, "target": "712.xyz", "model": "27.xyz", "model_rescale": 4.103607728864725, "target_rescale": 3.726526793664819},
{"mapping": [2, 13, 3, 10, 5, 0, 1, 11, 8, 6, 7, 14], "R": [[0.41672878805872143, 0.27968401018673794, -0.8649358193814003], [-0.8010047697970679, 0.562856073328966, -0.20392253303410182], [0.4298005071721716, 0.7777981069420026, 0.4585865554854195]], "T": [-0.09996213368562026, -0.07600066165332675, -0.05584147371143696], "aligned_model": [[0.5681040760457077, -0.05528905414736385, 0.22607425953835883, -0.48685823472738465, -0.09688695045087697, 0.35315969587826346, 0.6643147445199833, -0.5538847393171368, 0.1762263356511685, -0.5827284960019129, -0.006219028061264453, 0.04421717650838827], [-0.2675061227963496, -0.7042920728677831, 0.02227624687208825, -0.06790819703919745, 0.5908130169707827, 0.4247719350670126, 0.3038845766412575, -0.34139431081367855, -0.33222612591142725, 0.2493782952608743, 0.18231623752713122, -0.017926475112090695], [-0.29736560086998143, 0.09623334837432743, -0.7248502719428169, -0.3875359043564242, 0.24497486831426588, -0.28735638668313773, 0.21697511530219568, 0.3864047388685403, 0.6724087701455375, 0.1938231746975641, 0.610916244885864, -0.05568856187525969]], "inverted": false, "swapped": false, "error_lsq": 0.03786128901855738, "error_max": 0.18450790780229953, "target": "712.xyz", "model": "28.xyz", "model_rescale": 4.137296879288765, "target_rescale": 3.726526793664819},
{"mapping": [6, 4, 9, 3, 1, 10, 8, 5, 2, 0, 11], "R": [[0.42485482658471896, -0.10091309347097371, 0.8996193216543247], [-0.04514463987601747, -0.9948926843618091, -0.09028016445387532], [0.9041351324985294, -0.002257026688500495, -0.4272406441484638]], "T": [-0.02426366556858936, 0.03037542083915957, -0.07437035986034223], "aligned_model": [[0.38396800367140416, 0.15747160209673008, -0.22016734553937364, -0.5911388986239376, -0.005638952123802186, 0.6128830359506799, 0.5794595353392205, -0.29071341984279175, -0.566192340724912, 0.1281347026756468, 0.033353087831033953], [-0.3566542323125201, -0.7487791979294414, -0.2615859661492649, 0.13175162343063257, 0.7896270935211427, -0.194459348941024, 0.3783038198719586, -0.3997194125826732, 0.2080409396708366, 0.3266481966091273, 0.045974301459177774], [0.3346669544394249, -0.2742669069292685, -0.7087353419287111, -0.3985788286533892, -0.05951816557242862, -0.3811945669360789, -0.10140973943856717, 0.3802347250499497, 0.4429170258717977, 0.5806531245619714, -0.009014258681701512]], "inverted": false, "swapped": true, "error_lsq": 0.04116881061227455, "error_max": 0.23506682197562756, "target": "712.xyz", "model": "29.xyz", "model_rescale": 3.607286011436655, "target_rescale": 3.726526793664819},
