[{"mapping": [8, 10, 5, 4, 2, 9, 7, 11, 3, 0, 1, 12], "R": [[0.4474605005607515, -0.8321812824153163, 0.3274956696439229], [-0.141179005628786, -0.4273413293860757, -0.8929993709786189], [0.8830897965708748, 0.3533464325504666, -0.30870489111167265]], "T": [2.9140161099063325e-05, -0.06412443489364472, -0.02245768397169598], "aligned_model": [[-0.2328065591602037, 0.1914821903451257, 0.42749944938562895, -0.18851018247223805, -0.00886170294181633, -0.5600911580929271, 0.17233286791454017, -0.2253195393024659, 0.7135111045785215, 0.23322391567173387, -0.5204287790337326, -0.16438914443161756], [-0.4200779576412638, -0.7198702578427143, -0.23138396615041493, 0.5956561267036349, 0.4273626225357763, -0.6331491018963213, -0.20429901874479683, -0.4980122463113015, 0.17283173968268026, 0.38889616229784, 0.2604640619532469, -0.08486312860930836], [-0.6214255817369926, -0.02192835423878478, -0.5043012869509906, -0.03156733101024875, -0.610220284942865, -0.03580302794862246, 0.43722495020148844, 0.6932021464026356, -0.049531265060505106, 0.4367471196969014, 0.5414292739855413, -0.0518746130439953]], "inverted": false, "swapped": true, "error_lsq": 0.042008300133592164, "error_max": 0.26611446045789244, "target": "713.xyz", "model": "0.xyz", "model_rescale": 3.751011558992144, "target_rescale": 3.8578653274907686},
{"mapping": [9, 12, 6, 10, 11, 4, 7, 5, 1, 0, 8, 2, 14], "R": [[-0.6858304925798752, 0.6489068974169712, 0.32947894307880443], [0.09948405374659797, 0.5320734011388881, -0.8408334073112461], [-0.7209295794304668, -0.5438912890322628, -0.4294680514509012]], "T": [0.03503164146695048, 0.10549216496780411, -0.01805591216342751], "aligned_model": [[0.4865852590256722, -0.0278493292075587, -0.6234545695811144, 0.1752804292351788, -0.18914336602317222, -0.16272227996494723, -0.5150649946213238, 0.643672781996168, -0.5539642526514196, -0.2720428711729679, 0.23636666721068234, 0.5190532184826273, 0.04487477770377095], [-0.15521797437727136, 0.3835339308883998, -0.19318817427775026, -0.6992046370772161, -0.2695704279009522, -0.4520664724553396, 0.3759996714940846, 0.02668383294058102, 0.1894879655367519, 0.747029762637909, 0.04841883694887039, 0.6792173835633531, 0.1041626956734677], [-0.42094445139803627, -0.7041418134964889, -0.22032234555726718, -0.09049265999849017, -0.6857419209834752, 0.5069162035750776, -0.2708332918368136, 0.09783738295756061, 0.344868448598315, 0.2458366283944904, 0.6117258712961187, 0.32878784014999524, -0.07195542629654654]], "inverted": false, "swapped": false, "error_lsq": 0.045189039763167634, "error_max": 0.27937903264895775, "target": "713.xyz", "model": "1.xyz", "model_rescale": 3.9405287249114394, "target_rescale": 3.8578653274907686},
{"mapping": [7, 1, 8, 3, 4, 10, 2, 6, 9, 5, 11, 0, 12], "R": [[0.3649022635855176, 0.6948122367052463, 0.619743732323949], [-0.6584363646936091, 0.6631997780603488, -0.35584773152258353], [-0.6582612639972292, -0.27821216742866783, 0.699492743504472]], "T": [0.019339417010937405, 0.06558301383757688, -0.06845541838568335], "aligned_model": [[0.5993779283452177, 0.17871881591871516, -0.6345795665083833, 0.1415133448118908, -0.2158407910008095, -0.2660554006027156, -0.3236706189455916, 0.5286214367518601, -0.5885335381325923, -0.19973397721339017, 0.10905046077164586, 0.4720840362985859, -0.03936066006283727], [-0.3190522632252458, 0.45928356175985857, -0.350310664869192, -0.4927190370577054, -0.2530815921117366, -0.553281654808784, 0.6343584630305954, 0.0756649568130442, -0.06586275791176462, 0.6335071953389385, 0.1392833524180807, 0.7629283864022653, 0.11456844781653397], [-0.44861444059094224, -0.7369046820757232, -0.07904697703262571, -0.08157143533825754, -0.6471080435050467, 0.42857922758265365, -0.22014006213709092, 0.12098024927980573, 0.44495824191597955, 0.3284642868265795, 0.6344915765987649, 0.03953406880902907, -0.1120815449286863]], "inverted": false, "swapped": false, "error_lsq": 0.049583923393573766, "error_max": 0.35240732517202383, "target": "713.xyz", "model": "2.xyz", "model_rescale": 3.932901565614263, "target_rescale": 3.8578653274907686},
{"mapping": [8, 7, 12, 11, 9, 10, 5, 3, 6, 4, 1, 0, 13], "R": [[0.3018585088266772, -0.887183031458859, 0.3489809584209491], [0.6541312657997908, 0.4590368246778096, 0.6011634392516543], [-0.6935371134640873, 0.04681305673829855, 0.7188983307580554]], "T": [0.07067825784014228, 0.08326720665936288, 0.007008890420453721], "aligned_model": [[0.4491974978909372, 0.11356727750398322, -0.6040893094092346, 0.35895153872378216, -0.22575364210406698, -0.2681880651262185, -0.5588757758336695, 0.5796531648995377, -0.5333306987381081, -0.1712354032670069, 0.24467676101240543, 0.416949156878763, -0.039931031999508815], [-0.25186071591745285, 0.4985308941007356, -0.2563021278297142, -0.7617203279631783, -0.07960525502216659, -0.4475723562204866, 0.29425857608965733, 0.0834539161283246, 0.14843410494984935, 0.9199379244295363, 0.02305222658637901, 0.5658027194992881, 0.04887681476411656], [-0.5251557325606548, -0.5721794634265576, -0.10484461834229442, 0.031570653967274875, -0.6452131801276919, 0.3483656157709596, -0.268570583353681, -0.033364209592710414, 0.3194488309245594, 0.07546541044195132, 0.7245514313062018, 0.31718025026901, 0.004286060128072432]], "inverted": true, "swapped": false, "error_lsq": 0.046364559205995214, "error_max": 0.33269901536251834, "target": "713.xyz", "model": "3.xyz", "model_rescale": 3.9243930471874484, "target_rescale": 3.8578653274907686},
{"mapping": [5, 11, 3, 0, 6, 2, 10, 1, 4, 8, 7, 9, 12], "R": [[-0.8050907159227482, 0.18527113914326207, -0.563474528382211], [-0.16620888377805218, 0.84144393417926, 0.5141465866717225], [0.5693887477710206, 0.5075891159525461, -0.6466449901439444]], "T": [-0.041315354922356023, 0.1683743587219445, -0.06368677886405208], "aligned_model": [[0.4255668681761695, 0.1400875844733375, -0.4886738828282192, 0.19770658275498404, -0.1751477514734849, -0.21955790019964191, -0.598580490627749, 0.572934145129697, -0.4471386040815364, -0.13498426798541296, 0.05365521371372553, 0.4032308022722142, 0.03249317110751182], [-0.29142543657491904, 0.591916954937695, -0.32304674457597893, -0.6418878349141072, -0.1131763300843508, -0.5389374358277718, 0.5414164533276893, -0.039778585987936044, 0.0971673759668708, 0.6732759594053556, 0.033439410886237836, 0.7160772487588134, 0.08024535827729008], [-0.44346070868865706, -0.7069897589262788, -0.17012463447954596, 0.03462926374169531, -0.7150964917197882, 0.5012504837213719, -0.2814547372471006, 0.23552920212107706, 0.3636354947057687, 0.30050668245718326, 0.7209735998079507, -0.07304894451504695, -0.09480898557418986]], "inverted": false, "swapped": false, "error_lsq": 0.042351121427219154, "error_max": 0.2672435469316541, "target": "713.xyz", "model": "4.xyz", "model_rescale": 3.8936222436046832, "target_rescale": 3.8578653274907686},
{"mapping": [5, 3, 2, 8, 4, 0, 7, 1, 9, 10, 6, 12], "R": [[0.3079742223703764, -0.684546691957787, -0.6607175681673775], [0.4643213750125305, -0.4980023166330075, 0.7323928954697958], [-0.8303960133947149, -0.5323434221983108, 0.16447778506642233]], "T": [-0.0882660818478763, -0.09206133389546774, 0.012919219438525475], "aligned_model": [[-0.04507230804292503, -0.6311382913083181, -0.3587269502655631, 0.4649400430430074, -0.5471499692370411, -0.6903831533707062, -0.16285611665738642, -0.2370079574848922, 0.667382462179888, 0.36780970097286314, 0.18298583279764655, 0.01676474958852439], [-0.5414789169654457, -0.5868215663022139, 0.16935840061826274, -0.06695129463394002, 0.40489312146277795, -0.06717615369133807, -0.31529757640609996, 0.5165900123588226, 0.10253637095089148, -0.5894144701060294, 0.6032845879965592, 0.03940038982756065], [-0.4759959140241688, -0.1496839712931541, -0.6546241056525332, -0.46979227317352684, -0.10284907718893697, 0.34050474491924554, 0.4659617333959064, 0.5621204871237233, 0.18271006005367135, 0.11918244523115008, -0.20727490575358595, 0.009025495637727338]], "inverted": true, "swapped": true, "error_lsq": 0.04530000447966051, "error_max": 0.2849317591034474, "target": "713.xyz", "model": "5.xyz", "model_rescale": 3.6523030999806103, "target_rescale": 3.8578653274907686},
{"mapping": [9, 8, 10, 11, 10, 4, 6, 7, 2, 1, 3, 5, 12], "R": [[-0.030242140621192015, 0.9289981647285119, 0.3688466115632687], [0.6983576301551435, 0.2836455300257744, -0.6571467368103485], [-0.7151098050892185, 0.237713321518703, -0.6573510047438932]], "T": [0.020638124266455043, 0.15325397688994585, -0.008903221237204863], "aligned_model": [[0.30279051870106, 0.16199623578712483, -0.4406991628381449, 0.3323772856113168, -0.4406991628381449, -0.2454070327460591, -0.4719894129299947, 0.6334817616395536, -0.6212328440096357, -0.24815153718717095, 0.20238061264418652, 0.4976054347591362, 0.09913877383836787], [-0.18597081754156874, 0.5371486052462506, -0.32558186032868847, -0.6646065088336823, -0.32558186032868847, -0.2808713613932004, 0.39205408782400103, -0.07066742403314705, 0.13983906050341416, 0.6926993683574236, 0.06233086716921196, 0.6390026864641791, 0.1754915504893834], [-0.5815981141237729, -0.544016201170392, -0.41701740892135125, 0.08324841638737437, -0.41701740892135125, 0.255457833038284, -0.35949854163631256, 0.19382798513500943, 0.39610706790589084, 0.3362426225934682, 0.6554335600604749, 0.012401845181135691, 0.05796880987598265]], "inverted": true, "swapped": false, "error_lsq": 0.05382308595574809, "error_max": 0.39678295343313896, "target": "713.xyz", "model": "6.xyz", "model_rescale": 4.08911054899281, "target_rescale": 3.8578653274907686},
{"mapping": [2, 1, 12, 7, 13, 5, 11, 6, 10, 8, 4, 3, 14], "R": [[0.16609310895679513, -0.3933303292567388, -0.9042700543774808], [-0.6198689987420967, -0.7548272899658967, 0.2144718786256394], [-0.7669260091792017, 0.5249066720946932, -0.36918488868714194]], "T": [-0.012829943984126558, 0.11826467098860388, -0.04092893216242997], "aligned_model": [[0.5254833436725684, 0.14116245735107852, -0.5892660151706509, 0.2622543609603179, -0.23180470325881702, -0.17739878890740618, -0.505815915463243, 0.4723414063558165, -0.6412616234762128, -0.170610324278363, 0.16354517334281593, 0.5542883019158694, -0.04132620261217808], [-0.1665266859513213, 0.415304637474774, -0.2907926423607624, -0.6048136669451813, -0.26832895755740865, -0.3955464708930672, 0.3188069575925663, 0.02232699721880882, 0.17951242450430718, 0.6160646048883092, 0.13183199339684576, 0.5616317436882159, 0.2658154585388025], [-0.5693721463641178, -0.693615424665766, -0.1325558290958075, -0.0687732659055335, -0.6227278179639091, 0.4970454495159162, -0.28847425359994516, 0.02650763072768271, 0.3063421944836223, 0.39776179111381976, 0.6413886152103698, 0.28809077891710777, -0.11007725696899975]], "inverted": false, "swapped": false, "error_lsq": 0.03773798924660313, "error_max": 0.2091384308312727, "target": "713.xyz", "model": "7.xyz", "model_rescale": 3.964800864290218, "target_rescale": 3.8578653274907686},
{"mapping": [3, 10, 1, 0, 5, 2, 8, 6, 7, 12, 4, 11, 13], "R": [[-0.7257685200747719, 0.6867216498529956, -0.04090758965834712], [0.21779780201677107, 0.2857730384310398, 0.9332190996451772], [0.6525520459742189, 0.6683914617415991, -0.3569715411146797]], "T": [-0.0006149181171255583, 0.04543783727284704, -0.013557203436562203], "aligned_model": [[0.419821533667807, 0.2122148706935052, -0.5942278181062655, 0.1406198649855735, -0.18778602096529032, -0.10227923993292429, -0.577834868923383, 0.5685276648839183, -0.6461369000722863, -0.27624750139071397, 0.3452031270680335, 0.499201046993205, -0.039484288469583746], [-0.3715042379658455, 0.5065527779950791, -0.4076262420397267, -0.6561880484854355, 0.056539438321593784, -0.31576050474131495, 0.40266730303968284, -0.0077663073729929075, 0.0704982172896987, 0.5964974997773689, 0.14445372615595892, 0.6767336152985166, 0.09018915632230476], [-0.43231153667808886, -0.6594755461431201, -0.08756096128390496, 0.016991528101464638, -0.828366663176161, 0.5321614522368957, -0.3744752254116968, 0.085194314961603, 0.28565261112139145, 0.42351815012035066, 0.591173421211177, 0.18337670974619463, -0.0643377894016658]], "inverted": false, "swapped": false, "error_lsq": 0.04308635212823019, "error_max": 0.2581664154482778, "target": "713.xyz", "model": "8.xyz", "model_rescale": 4.121658175737393, "target_rescale": 3.8578653274907686},
{"mapping": [4, 9, 10, 0, 5, 3, 7, 1, 11, 8, 2, 6, 12], "R": [[0.2896196680666586, 0.6914310641346488, 0.6618485713655247], [-0.6818773153092077, 0.634308048402768, -0.3642754817417434], [-0.6716872596198815, -0.34579818287709263, 0.6551792441639425]], "T": [-0.07061912884220807, 0.09384740889898832, -0.021831268812404353], "aligned_model": [[0.599257577482715, 0.1763122402260493, -0.571333330012231, 0.2660986095293532, -0.21421683317274054, -0.3664732689452029, -0.5049636512968703, 0.5871241665048496, -0.6486237327190942, -0.12224545047470461, 0.19541652689035005, 0.35080960536628025, 0.014429011052841459], [-0.1256578766645536, 0.5551238823827479, -0.4729614020446242, -0.615548613721125, -0.20614042396037804, -0.35026101622977157, 0.520862639951308, -0.05861635848579577, 0.1828927451617202, 0.6643883597252386, -0.028079169794579528, 0.6438486201796048, 0.07543500709509673], [-0.5614705424495865, -0.6694721654637893, -0.08886776020865046, -0.06876410251102646, -0.5425086216165363, 0.5594793417767988, -0.3120273035478408, 0.11622767792543859, 0.22517820578418898, 0.42802546846322653, 0.6080142599848674, -0.012969007968844502, -0.00930498476380643]], "inverted": true, "swapped": false, "error_lsq": 0.04811484419672342, "error_max": 0.2643294311415668, "target": "713.xyz", "model": "9.xyz", "model_rescale": 3.833441315466971, "target_rescale": 3.8578653274907686},
{"mapping": [2, 3, 10, 13, 8, 0, 11, 5, 12, 6, 1, 4, 14], "R": [[-0.9867458135551544, -0.1621278109749565, 0.006875488335045164], [-0.1086147562906381, 0.6283875762513959, -0.7702803961732516], [0.12056340301808777, -0.7608177356774519, -0.6376682828331147]], "T": [-0.08577353706553997, 0.1311896787562872, -0.0541684918734668], "aligned_model": [[0.4392354975859029, 0.433744104020297, -0.6619650809030806, 0.31148586582088483, -0.3922433561101952, -0.07717064519673461, -0.7019624993853395, 0.516437396364813, -0.5203411511739602, -0.02709162866689789, -0.012392079541320447, 0.502228999316245, -0.048373951699018806], [-0.13430777624535736, 0.5757046335644099, -0.4526457092756375, -0.5599072102869731, -0.24339608426086104, -0.40110992311103233, 0.2669037496831643, -0.07635932253829311, 0.2801813137981777, 0.6608894855526, 0.07017099743397906, 0.6474367197969726, 0.1517255194837394], [-0.46711748369890344, -0.589733357506167, -0.10796150267964418, -0.07018717433188261, -0.6651685888753718, 0.37057388393456725, -0.31345585120915403, 0.17320917894223986, 0.3356680620391083, 0.3667877010392373, 0.678293667650923, 0.09963199549755357, -0.1390000653980663]], "inverted": false, "swapped": false, "error_lsq": 0.04924455972113481, "error_max": 0.2372007859253648, "target": "713.xyz", "model": "10.xyz", "model_rescale": 4.2482417240324, "target_rescale": 3.8578653274907686},
{"mapping": [3, 0, 1, 11, 2, 6, 4, 9, 10, 8, 5, 12], "R": [[-0.20743996321649347, -0.9766181761642799, -0.05644111662870603], [0.9781994652386469, -0.20651094119048388, -0.02188692247543044], [0.009719458192967906, -0.05975089249689789, 0.9981659997105988]], "T": [-0.05321014885940183, -0.01639647351660222, -0.0709749557131859], "aligned_model": [[-0.6852657928717866, -0.20736099121876372, 0.4385768681868339, 0.686106032208075, -0.5915193264834108, 0.21302364519249822, -0.2535545248278886, 0.615677347332996, 0.13870182380503096, -0.018954970228281243, -0.5160605931748964, 0.057396084442600324], [-0.41741686240400433, -0.5094152421052816, -0.14280994420609572, -0.46462531004182955, 0.47266803835163507, 0.6392277642728287, 0.1244392591005275, 0.3144156400585028, -0.15202126543785416, 0.5908261531093032, 0.10536015551032937, 0.10548300384257805], [-0.14598183260089675, 0.3802971663337019, 0.5896064575775662, -0.13190235154819777, 0.1701527746061425, 0.252823485894571, 0.5700928088373489, -0.35532470747848155, -0.7124052679796463, -0.48302492870037694, -0.5333867454436869, -0.035754569643688096]], "inverted": true, "swapped": true, "error_lsq": 0.04911263719524128, "error_max": 0.34655377374282587, "target": "713.xyz", "model": "11.xyz", "model_rescale": 3.6694154284099745, "target_rescale": 3.8578653274907686},
{"mapping": [11, 4, 5, 9, 6, 10, 0, 8, 12, 1, 2, 3, 13], "R": [[0.7729694808258816, 0.5223502840143431, 0.3600949354016274], [0.31968995031490205, 0.16957708073385824, -0.9322241947929897], [-0.5480114208476157, 0.8356995838696568, -0.03591222828870138]], "T": [-0.09002383223222613, -0.04435965516670304, -0.04935382078191328], "aligned_model": [[0.45194155873893826, 0.18787346731877816, -0.815495093178822, 0.402835151341167, -0.22522500402471884, -0.0932405096055018, -0.528248805177331, 0.6275286958505549, -0.5815996251104023, -0.13719004250999733, 0.12649680920389894, 0.48357090148769666, -0.1376560339026649], [-0.23227966914492332, 0.5098045359190623, -0.28737745192149683, -0.6723858850125551, -0.13406363871903587, -0.4184246109449904, 0.4366641500705384, -0.045615410616727026, 0.021378064323112372, 0.7404414787836759, 0.21725979314608102, 0.5864785491416614, 0.06340648857048543], [-0.5140991620635368, -0.4535243169475919, -0.2926737592943247, 0.03643279721119558, -0.5911366849760936, 0.4640600952290441, -0.3448412761972063, 0.19088490180740872, 0.41518927986533516, 0.26423192962743536, 0.5083088456114183, 0.07014991153256307, -0.08144209600120755]], "inverted": false, "swapped": false, "error_lsq": 0.04069275025359894, "error_max": 0.2567563047592738, "target": "713.xyz", "model": "12.xyz", "model_rescale": 3.9764082729961374, "target_rescale": 3.8578653274907686},
{"mapping": [12, 5, 2, 10, 9, 8, 0, 13, 7, 4, 3, 6, 15], "R": [[0.595922814537255, -0.07596002407666397, 0.7994411009300617], [0.5905421429990549, 0.71606717882995, -0.3721663240334897], [-0.5441837708495911, 0.6938860642387835, 0.47157836400658854]], "T": [0.07795885890930601, 0.031086237940516695, -0.02630874565263333], "aligned_model": [[0.4075892742566821, 0.07729901971583311, -0.6293045954820388, 0.2811497036312086, -0.13568695696843755, -0.15192447826872923, -0.5568285278770674, 0.6890404754492044, -0.5697668033412452, -0.19535562936988585, -0.06377547712662784, 0.5532521266528888, 0.05590333915981005], [-0.2660738237076221, 0.6381013468743056, -0.33774693564579694, -0.7463529219450274, 0.06551925789672884, -0.4876179784656173, 0.26897811700022206, -0.00146818563206981, 0.2425663121381595, 0.6896866922280125, 0.0016664787639935896, 0.6198918341732653, 0.09813619991633438], [-0.48484251974943715, -0.604544102555908, -0.026208492024308416, -0.005125444306421034, -0.587262361393053, 0.39529820853448305, -0.28623250554508906, -0.026425449294369796, 0.3004347984342155, 0.059763049310732064, 0.8028410014208732, 0.07887245600363164, 0.054971826569090734]], "inverted": false, "swapped": false, "error_lsq": 0.05209663466441134, "error_max": 0.3114515711445016, "target": "713.xyz", "model": "13.xyz", "model_rescale": 4.170626492500431, "target_rescale": 3.8578653274907686},
{"mapping": [9, 1, 6, 11, 3, 5, 2, 10, 4, 8, 12, 7, 13], "R": [[0.31647239849241804, -0.4707630570317556, 0.8235456059785474], [0.7858072269461958, -0.35620978226374456, -0.5055903411841908], [0.5313682556114797, 0.8071534768268872, 0.2571984482353684]], "T": [-0.07067774286008201, 0.15961004930645345, -0.0808510626565635], "aligned_model": [[0.6210213299003912, 0.31283642758303765, -0.5897506418058566, 0.13784473781861184, -0.19640767911299822, -0.2817149813391976, -0.6614713081024376, 0.43705773033281936, -0.5316452669902204, 0.09437448601438557, 0.04944999530398457, 0.4489794445726044, -0.07898280374352865], [-0.12571994653846263, 0.41886877605667133, -0.5009274391867355, -0.5143997080594771, -0.17630213183098248, -0.5637060156953329, 0.3334708849148451, 0.13393275775153993, 0.37144376954117486, 0.6047851550081669, -0.03734139017454058, 0.7816687659421966, 0.05951291586582409], [-0.39140802148589116, -0.6944602734483574, -0.12259814525196741, -0.12431223105168368, -0.6697726144130023, 0.4285574006041758, -0.3125136197220569, 0.1638399076198525, 0.4148288212018285, 0.4902296495128833, 0.6137607556967689, -0.06013480102830725, -0.06447636282980343]], "inverted": false, "swapped": false, "error_lsq": 0.055069485533353654, "error_max": 0.33531903533631546, "target": "713.xyz", "model": "14.xyz", "model_rescale": 3.9786697098870705, "target_rescale": 3.8578653274907686},
{"mapping": [6, 1, 8, 2, 9, 10, 0, 7, 5, 4, 11, 12], "R": [[0.5314610360286824, 0.5812477214007213, -0.6161982258573854], [-0.44766314276673413, -0.4248326515566701, -0.7868385658948982], [-0.7191292497121297, 0.6940232737724281, 0.03442118055312987]], "T": [0.10871511579515594, -0.009326763823241532, 0.08678274196697332], "aligned_model": [[-0.0002498241210454055, -0.6856476660315526, 0.6032875025338743, 0.5016199320571632, -0.0014278667341135198, 0.3427213097909706, -0.286829716114834, -0.17994203469116296, 0.7547966651641537, -0.11748045806106364, -0.5127467284467625, 0.06525348142170884], [-0.3281090736266566, -0.2006097345780714, 0.12236887832799222, -0.6537092188902605, 0.4672170015290917, 0.6320832304432158, -0.2752295880678039, 0.28054475846172894, 0.04801127044938315, -0.6568507635473653, 0.5947116510465988, -0.015753921323413397], [-0.6146967558697861, -0.07631610916308786, -0.4402204154260356, -0.045506738990601966, -0.5444671938610838, 0.10895153436941482, 0.5800539559310189, 0.39222858455987214, 0.235681550516688, 0.06467655597854705, 0.07527524192751847, -0.0756937160986343]], "inverted": true, "swapped": true, "error_lsq": 0.055615104083002916, "error_max": 0.29390827452763796, "target": "713.xyz", "model": "15.xyz", "model_rescale": 3.769337070930944, "target_rescale": 3.8578653274907686},
{"mapping": [6, 1, 8, 9, 2, 4, 5, 0, 10, 11, 12], "R": [[-0.035026462103482814, 0.9993861601556124, 0.0006707025670351086], [0.4201171830036182, 0.015333186188094539, -0.9073403142958134], [-0.9067936366658169, -0.03149914746054838, -0.42039636560232174]], "T": [0.12432249616337732, 0.050719057975321835, 0.07063348180636711], "aligned_model": [[-0.3106148033475758, -0.3609220338021015, -0.030529182057740606, -0.5864171119251023, 0.5138128758275895, 0.2464505605279389, 0.5708859294662519, 0.3655142615029111, 0.009131121326238778, -0.48043040367827095, -0.014255083148968312], [0.025311639351862758, -0.6245605984324643, 0.6805331520757831, 0.41476466320295136, 0.06965456871612027, -0.45742189922663945, 0.5436840891047859, -0.5595498262094576, 0.5618449952596671, -0.1236192477685536, 0.06542296155128641], [-0.5741556415765149, 0.018309767559677004, -0.2743782287380394, 0.06595104779919311, -0.5889437618839515, -0.3741338223182348, 0.049504072986120196, 0.2703205816545127, 0.5089693784977232, 0.666527548170235, -0.023753334926943884]], "inverted": true, "swapped": true, "error_lsq": 0.04515173724077823, "error_max": 0.22959744678456334, "target": "713.xyz", "model": "16.xyz", "model_rescale": 3.7852294659196426, "target_rescale": 3.8578653274907686},
{"mapping": [0, 9, 2, 3, 8, 1, 11, 4, 7, 6, 5, 10, 12], "R": [[0.46666432090360876, -0.09192805377839669, 0.8796440442156648], [-0.039204866437867, -0.9957560631096409, -0.08326368492913562], [0.8835651589119862, 0.0043698637170468055, -0.4682878540469866]], "T": [-0.023297146242870624, -0.006791949837532715, -0.03836029401594221], "aligned_model": [[0.5583500251415346, 0.21330466400890832, -0.5519532195388301, 0.08721865959430009, -0.16991296315786641, -0.0997263643453925, -0.5711338045719319, 0.5934136025785087, -0.5487677735323987, -0.1842905602277762, 0.11460832175478639, 0.33441462337310024, -0.013933740645347113], [-0.17642074735455543, 0.43066939939608945, -0.31428180142539963, -0.7728040590564126, -0.06604583258629777, -0.4900486351269332, 0.3917647877188277, -0.03622240611459506, 0.20715613221881068, 0.7473437852763468, 0.07587803258508237, 0.7152070425451605, 0.07309069551876408], [-0.35246186168501786, -0.7454026808812007, -0.03062929356077851, -0.22140967629504202, -0.6701820179713739, 0.4462794742557178, -0.3193577978706057, 0.308898090506436, 0.37338458235385996, 0.4006768907186976, 0.5991008941853275, -0.03451059847908779, -0.0828455398724932]], "inverted": true, "swapped": false, "error_lsq": 0.05163477296465546, "error_max": 0.31398078421845144, "target": "713.xyz", "model": "17.xyz", "model_rescale": 3.901054581598922, "target_rescale": 3.8578653274907686},
{"mapping": [9, 12, 6, 10, 11, 4, 7, 5, 1, 0, 8, 2, 14], "R": [[-0.6858304925798752, 0.6489068974169712, 0.32947894307880443], [0.09948405374659797, 0.5320734011388881, -0.8408334073112461], [-0.7209295794304668, -0.5438912890322628, -0.4294680514509012]], "T": [0.03503164146695048, 0.10549216496780411, -0.01805591216342751], "aligned_model": [[0.4865852590256722, -0.0278493292075587, -0.6234545695811144, 0.1752804292351788, -0.18914336602317222, -0.16272227996494723, -0.5150649946213238, 0.643672781996168, -0.5539642526514196, -0.2720428711729679, 0.23636666721068234, 0.5190532184826273, 0.04487477770377095], [-0.15521797437727136, 0.3835339308883998, -0.19318817427775026, -0.6992046370772161, -0.2695704279009522, -0.4520664724553396, 0.3759996714940846, 0.02668383294058102, 0.1894879655367519, 0.747029762637909, 0.04841883694887039, 0.6792173835633531, 0.1041626956734677], [-0.42094445139803627, -0.7041418134964889, -0.22032234555726718, -0.09049265999849017, -0.6857419209834752, 0.5069162035750776, -0.2708332918368136, 0.09783738295756061, 0.344868448598315, 0.2458366283944904, 0.6117258712961187, 0.32878784014999524, -0.07195542629654654]], "inverted": false, "swapped": false, "error_lsq": 0.045189039763167634, "error_max": 0.27937903264895775, "target": "713.xyz", "model": "18.xyz", "model_rescale": 3.9405287249114394, "target_rescale": 3.8578653274907686},
{"mapping": [6, 2, 7, 0, 5, 4, 11, 1, 13, 14, 12, 3, 15], "R": [[-0.017413110271222054, -0.949482019113431, -0.3133379628627282], [0.765318022305419, -0.214325215065304, 0.6069209395973525], [-0.6434167454497934, -0.22923480880418956, 0.7303877696862826]], "T": [-0.08109650880385103, 0.03475953719089296, 0.019887593170838793], "aligned_model": [[0.34679148290506456, 0.3063378643866883, -0.5771410722997183, 0.30772617755334974, -0.20374507749490614, -0.08372322259159816, -0.5444337229239349, 0.5777620687931875, -0.6542235612256667, -0.24101783139091384, 0.09015045810414948, 0.5052226116603263, -0.06811470504443219], [-0.23492601738031738, 0.36411308008178145, -0.46477683671607306, -0.5321836498982023, -0.027989510558173128, -0.5483087709854049, 0.504754233042961, 0.013527713570163816, 0.23586864283474634, 0.7169981970607492, 0.1069295000913542, 0.5922099436741322, 0.059069868777170555], [-0.530080609363771, -0.6849146012558812, 0.025249599457377283, 0.01172676336131703, -0.8000407746537465, 0.46112389833076695, -0.26931270728228607, -0.011321514025361055, 0.30695963078749267, 0.3496064789465444, 0.5352564271035368, 0.2861722682157047, -0.008884394217254728]], "inverted": false, "swapped": false, "error_lsq": 0.045321328439561874, "error_max": 0.29116016860517424, "target": "713.xyz", "model": "19.xyz", "model_rescale": 4.410303926677745, "target_rescale": 3.8578653274907686},
{"mapping": [3, 10, 1, 0, 5, 2, 8, 6, 7, 12, 4, 11, 13], "R": [[-0.7257685200747719, 0.6867216498529956, -0.04090758965834712], [0.21779780201677107, 0.2857730384310398, 0.9332190996451772], [0.6525520459742189, 0.6683914617415991, -0.3569715411146797]], "T": [-0.0006149181171255583, 0.04543783727284704, -0.013557203436562203], "aligned_model": [[0.419821533667807, 0.2122148706935052, -0.5942278181062655, 0.1406198649855735, -0.18778602096529032, -0.10227923993292429, -0.577834868923383, 0.5685276648839183, -0.6461369000722863, -0.27624750139071397, 0.3452031270680335, 0.499201046993205, -0.039484288469583746], [-0.3715042379658455, 0.5065527779950791, -0.4076262420397267, -0.6561880484854355, 0.056539438321593784, -0.31576050474131495, 0.40266730303968284, -0.0077663073729929075, 0.0704982172896987, 0.5964974997773689, 0.14445372615595892, 0.6767336152985166, 0.09018915632230476], [-0.43231153667808886, -0.6594755461431201, -0.08756096128390496, 0.016991528101464638, -0.828366663176161, 0.5321614522368957, -0.3744752254116968, 0.085194314961603, 0.28565261112139145, 0.42351815012035066, 0.591173421211177, 0.18337670974619463, -0.0643377894016658]], "inverted": false, "swapped": false, "error_lsq": 0.04308635212823019, "error_max": 0.2581664154482778, "target": "713.xyz", "model": "20.xyz", "model_rescale": 4.121658175737393, "target_rescale": 3.8578653274907686},
{"mapping": [9, 8, 10, 11, 10, 4, 6, 7, 2, 1, 3, 5, 12], "R": [[-0.030242140621192015, 0.9289981647285119, 0.3688466115632687], [0.6983576301551435, 0.2836455300257744, -0.6571467368103485], [-0.7151098050892185, 0.237713321518703, -0.6573510047438932]], "T": [0.020638124266455043, 0.15325397688994585, -0.008903221237204863], "aligned_model": [[0.30279051870106, 0.16199623578712483, -0.4406991628381449, 0.3323772856113168, -0.4406991628381449, -0.2454070327460591, -0.4719894129299947, 0.6334817616395536, -0.6212328440096357, -0.24815153718717095, 0.20238061264418652, 0.4976054347591362, 0.09913877383836787], [-0.18597081754156874, 0.5371486052462506, -0.32558186032868847, -0.6646065088336823, -0.32558186032868847, -0.2808713613932004, 0.39205408782400103, -0.07066742403314705, 0.13983906050341416, 0.6926993683574236, 0.06233086716921196, 0.6390026864641791, 0.1754915504893834], [-0.5815981141237729, -0.544016201170392, -0.41701740892135125, 0.08324841638737437, -0.41701740892135125, 0.255457833038284, -0.35949854163631256, 0.19382798513500943, 0.39610706790589084, 0.3362426225934682, 0.6554335600604749, 0.012401845181135691, 0.05796880987598265]], "inverted": true, "swapped": false, "error_lsq": 0.05382308595574809, "error_max": 0.39678295343313896, "target": "713.xyz", "model": "21.xyz", "model_rescale": 4.08911054899281, "target_rescale": 3.8578653274907686},
{"mapping": [9, 15, 13, 10, 14, 7, 2, 5, 0, 1, 8, 11, 16], "R": [[0.3135114698802716, -0.9378471542361876, -0.1488397579432187], [0.7723691210648417, 0.34303358845781295, -0.5345782431181423], [0.5524097202973851, 0.052637177743874344, 0.8319091467462805]], "T": [-0.08314788169819233, 0.029025173962283976, -0.04452580092089539], "aligned_model": [[0.44773247672627003, 0.06702447572624586, -0.574462407671333, 0.3201139212821855, -0.08565255204434442, -0.3029401473686236, -0.4990506292076627, 0.5946519183121456, -0.6288154818371912, -0.1760651891586525, 0.2640847720686718, 0.4615983050085086, -0.12662799140462416], [-0.27940961195522573, 0.5727332879805246, -0.3855044453641234, -0.6400390439158166, -0.061088074875112044, -0.5746595240297871, 0.570437083203535, -0.11602048086452922, 0.04843367467798575, 0.7470245555888693, 0.3234410138255364, 0.564683297040191, 0.015254662282840534], [-0.40588661705575624, -0.5064097340799607, -0.19783984886539946, 0.15763354174502522, -0.6798964919017512, 0.2605190045931701, -0.2793701717690589, 0.08692093000070097, 0.5049735880121483, 0.28080732561893096, 0.47845681394857587, 0.0025379591032378135, -0.03090583394542333]], "inverted": true, "swapped": false, "error_lsq": 0.04702845122702654, "error_max": 0.2775224577990033, "target": "713.xyz", "model": "22.xyz", "model_rescale": 4.204369325754507, "target_rescale": 3.8578653274907686},
{"mapping": [6, 2, 7, 0, 5, 4, 11, 1, 13, 14, 12, 3, 15], "R": [[-0.017413110271222054, -0.949482019113431, -0.3133379628627282], [0.765318022305419, -0.214325215065304, 0.6069209395973525], [-0.6434167454497934, -0.22923480880418956, 0.7303877696862826]], "T": [-0.08109650880385103, 0.03475953719089296, 0.019887593170838793], "aligned_model": [[0.34679148290506456, 0.3063378643866883, -0.5771410722997183, 0.30772617755334974, -0.20374507749490614, -0.08372322259159816, -0.5444337229239349, 0.5777620687931875, -0.6542235612256667, -0.24101783139091384, 0.09015045810414948, 0.5052226116603263, -0.06811470504443219], [-0.23492601738031738, 0.36411308008178145, -0.46477683671607306, -0.5321836498982023, -0.027989510558173128, -0.5483087709854049, 0.504754233042961, 0.013527713570163816, 0.23586864283474634, 0.7169981970607492, 0.1069295000913542, 0.5922099436741322, 0.059069868777170555], [-0.530080609363771, -0.6849146012558812, 0.025249599457377283, 0.01172676336131703, -0.8000407746537465, 0.46112389833076695, -0.26931270728228607, -0.011321514025361055, 0.30695963078749267, 0.3496064789465444, 0.5352564271035368, 0.2861722682157047, -0.008884394217254728]], "inverted": false, "swapped": false, "error_lsq": 0.045321328439561874, "error_max": 0.29116016860517424, "target": "713.xyz", "model": "23.xyz", "model_rescale": 4.410303926677745, "target_rescale": 3.8578653274907686},
{"mapping": [5, 0, 13, 15, 12, 9, 7, 4, 11, 1, 10, 3, 16], "R": [[-0.5862477930958658, -0.8089444855211062, 0.0438445485233917], [0.27650016922132836, -0.2506652412893756, -0.9277470523962423], [0.7614861663292406, -0.531766636932341, 0.3706252316489855]], "T": [-0.06377392535825482, -0.053742324948092265, 0.005685962099612106], "aligned_model": [[0.360147319288389, 0.08325928119394238, -0.6019749499392772, 0.10601280777533292, -0.08960770877041986, -0.05107139371047398, -0.5356720132018244, 0.6174401457682652, -0.5190089121220562, -0.23783526721986334, 0.15658948821233717, 0.4835195771923632, -0.0102069040351195], [-0.2866108469602131, 0.46377106674549873, -0.25989339890374097, -0.7429260970058529, -0.02626246364265293, -0.3905201398749632, 0.35816668484290193, 0.024554400322413128, 0.031768515023246804, 0.7554023241851274, 0.1458851276147184, 0.6582123616498099, 0.05373885959859491], [-0.39638998000717857, -0.524358315932839, -0.3968410750991423, 0.07993139575589642, -0.7972793594684771, 0.5337383578817008, -0.21696636558838486, 0.06652497180800529, 0.4371607466285813, 0.23223162111507925, 0.584799761294912, 0.05899009825451928, 0.009998608761767773]], "inverted": false, "swapped": false, "error_lsq": 0.041511660019747036, "error_max": 0.2046000737821507, "target": "713.xyz", "model": "24.xyz", "model_rescale": 4.28219845311461, "target_rescale": 3.8578653274907686},
{"mapping": [0, 4, 14, 6, 2, 10, 13, 1, 11, 9, 5, 3, 15], "R": [[-0.4065353431900515, -0.352252142603802, -0.84299907637457], [0.6841097664473444, -0.7289394698898628, -0.02531949225489949], [-0.6055764544536943, -0.5869971697271775, 0.5373187885637132]], "T": [-0.08736833473713539, 0.16043087399709383, -0.028074452484960936], "aligned_model": [[0.4448435487315839, 0.31992477436795363, -0.6259615862676169, 0.12893629483974056, -0.23131839588155167, -0.27447573196281577, -0.5057504625529019, 0.5291216263423709, -0.42307735818959336, -0.24624559987857492, 0.21912854739272397, 0.4667993727003353, -0.04033355921005829], [-0.21944168102083905, 0.4297671433414353, -0.374420220753028, -0.7050354102984744, -0.17051574520153612, -0.48853504350214033, 0.37575358088363375, 0.15526499542879046, 0.06342724737010531, 0.703588047042282, 0.19009577431229713, 0.6953729404959335, 0.1299647654964283], [-0.5159284522375839, -0.5723343814866233, -0.09129027918246393, -0.15604926614864617, -0.6099101161610847, 0.388505526217433, -0.39071612681433177, 0.14452578052032114, 0.38949807922947477, 0.3415361316026785, 0.7659408722085275, 0.0542692320529157, -0.07650653439617731]], "inverted": false, "swapped": false, "error_lsq": 0.03739906287876194, "error_max": 0.22901515501898195, "target": "713.xyz", "model": "25.xyz", "model_rescale": 4.100010024507729, "target_rescale": 3.8578653274907686},
{"mapping": [3, 0, 1, 11, 2, 6, 4, 9, 10, 8, 5, 12], "R": [[-0.20743996321649347, -0.9766181761642799, -0.05644111662870603], [0.9781994652386469, -0.20651094119048388, -0.02188692247543044], [0.009719458192967906, -0.05975089249689789, 0.9981659997105988]], "T": [-0.05321014885940183, -0.01639647351660222, -0.0709749557131859], "aligned_model": [[-0.6852657928717866, -0.20736099121876372, 0.4385768681868339, 0.686106032208075, -0.5915193264834108, 0.21302364519249822, -0.2535545248278886, 0.615677347332996, 0.13870182380503096, -0.018954970228281243, -0.5160605931748964, 0.057396084442600324], [-0.41741686240400433, -0.5094152421052816, -0.14280994420609572, -0.46462531004182955, 0.47266803835163507, 0.6392277642728287, 0.1244392591005275, 0.3144156400585028, -0.15202126543785416, 0.5908261531093032, 0.10536015551032937, 0.10548300384257805], [-0.14598183260089675, 0.3802971663337019, 0.5896064575775662, -0.13190235154819777, 0.1701527746061425, 0.252823485894571, 0.5700928088373489, -0.35532470747848155, -0.7124052679796463, -0.48302492870037694, -0.5333867454436869, -0.035754569643688096]], "inverted": true, "swapped": true, "error_lsq": 0.04911263719524128, "error_max": 0.34655377374282587, "target": "713.xyz", "model": "26.xyz", "model_rescale": 3.6694154284099745, "target_rescale": 3.8578653274907686},
{"mapping": [5, 8, 3, 1, 7, 6, 9, 0, 12, 10, 2, 4, 13], "R": [[0.8956893539545739, -0.02486862573770579, 0.44398438335864465], [0.3740001551374337, -0.49797518949095154, -0.7823966990016168], [0.24055033811993204, 0.8668346221196804, -0.43673020587660016]], "T": [-0.03698978343869445, 0.1362646911677151, -0.038988067789448216], "aligned_model": [[0.5209808709030284, 0.09899969278919366, -0.6639785952256566, 0.2703931516817714, -0.2023755691159758, -0.17010288039598176, -0.6241183426287896, 0.5557476345934308, -0.6547499130534077, -0.05075627142630421, 0.10802295764345443, 0.5962503334653714, -0.02272159879853838], [-0.21743938278001534, 0.547524829058625, -0.3324818600244077, -0.6914553580813912, -0.15564876517026105, -0.41175824673595707, 0.4128181802144718, -0.05297735669181311, -0.010690267803976805, 0.7290360714869747, 0.17969087256972355, 0.6488667194157532, 0.13980095813716242], [-0.4743507633518934, -0.5088062813223675, -0.2389703694388853, -0.032514663466110455, -0.5714940307825104, 0.35234579830734025, -0.24794202958433975, 0.18413329765923114, 0.4369420485611464, 0.06261554619904851, 0.6237449990602183, 0.06953236838848534, 0.016304545175076804]], "inverted": true, "swapped": false, "error_lsq": 0.03839989838619076, "error_max": 0.29784320525407204, "target": "713.xyz", "model": "27.xyz", "model_rescale": 4.103607728864725, "target_rescale": 3.8578653274907686},
{"mapping": [4, 13, 7, 1, 8, 0, 11, 2, 6, 10, 3, 12, 14], "R": [[0.46210247824699413, -0.44658181188150275, -0.76617621008135], [0.018922872725911297, -0.858790695230581, 0.5119770177197164], [-0.8866246243398531, -0.25108410360277655, -0.38839869777356983]], "T": [-0.1533247503473408, 0.1745958198217456, 0.07858329155378393], "aligned_model": [[0.4421060665210459, 0.0955739364686613, -0.538487937609744, 0.09169195910713349, -0.19658925777615144, 0.060405499708556604, -0.5825399409636256, 0.5444925893102229, -0.7821639283008764, -0.2737851545255936, 0.37364422626694704, 0.6023614211128059, -0.07511800888778661], [-0.12615661260841832, 0.45861651239094475, -0.32784513137159593, -0.6863981772150363, -0.16692058582531705, -0.33485041899094675, 0.45309343029739385, -0.05831204917115579, 0.198224586533578, 0.5719080564223027, 0.1795837592449278, 0.5821672523657602, 0.042175771522450806], [-0.5351099574275807, -0.44796606306312503, -0.2667913677731284, 0.03963484832947836, -0.6655771104278542, 0.5307731310595957, -0.37997383091065673, 0.06737654061931805, 0.15117965858595003, 0.3742309771162238, 0.6131949924294847, 0.08942555896708457, 0.10114308789964974]], "inverted": false, "swapped": false, "error_lsq": 0.05164683276528495, "error_max": 0.3458650866606764, "target": "713.xyz", "model": "28.xyz", "model_rescale": 4.137296879288765, "target_rescale": 3.8578653274907686},
