[{"mapping": [4, 8, 7, 2, 6, 3, 11, 9, 5, 10, 0, 12], "R": [[0.8935642031245012, 0.2601765711249482, 0.3658567571224299], [0.09051543308752172, 0.6937951115338179, -0.7144615452106265], [-0.43971578464669, 0.671532944128166, 0.596400480954789]], "T": [0.012726444637493587, -0.017429945027370768, 0.002729405690907804], "aligned_model": [[-0.3952254363002783, 0.1491832012245362, 0.5675480074461818, -0.2079465017980963, 0.10520743629216386, -0.6140480521143671, 0.3674657802604078, -0.19964317091914766, 0.5455016341042012, 0.12763282543281954, -0.5420872664782483, -0.06594599468962403], [-0.3489551448026198, -0.7077393119119613, -0.27995176454989884, 0.5963804699890325, 0.3196497702606725, -0.49344587721298006, -0.16678042157685402, -0.5482768504687032, 0.13695279185212084, 0.43294034818264415, 0.15235563866868837, -0.03957461245308403], [-0.5183136337060591, -0.12218767389044248, -0.5296336153254103, -0.031387732423182144, -0.6868015566927462, 0.05175411497751373, 0.5779229560206428, 0.533680444094648, -0.11550436592746834, 0.5145240954745488, 0.5160186412079685, -0.008119928456450402]], "inverted": false, "swapped": true, "error_lsq": 0.03968294312849053, "error_max": 0.23925622506398372, "target": "714.xyz", "model": "0.xyz", "model_rescale": 3.751011558992144, "target_rescale": 3.731510088363211},
{"mapping": [12, 11, 9, 7, 6, 8, 10, 4, 1, 0, 13, 2, 14], "R": [[-0.8464580035296391, -0.49158898137925056, 0.20457057864494638], [-0.4886792068202487, 0.8697993766976858, 0.06812985482040833], [-0.21142724772874005, -0.0423003272189247, -0.9764779573728339]], "T": [-0.03192890820493348, -0.007081222107411529, 0.015668132381051574], "aligned_model": [[-0.7384141315640685, -0.43877316455419924, -0.06658913510351579, -0.5525684557966186, -0.25361604578663494, 0.5612190787759751, 0.37365266704095407, 0.6063134576137534, 0.01745947481053234, -0.2567019270420013, -0.25009189167525947, 0.10413834372001753, -0.07057000147274879], [0.1371085378677984, -0.24745791782813198, 0.37665916136826655, -0.3798120685250767, -0.6904679788173507, 0.0636961347481535, -0.15409418423491178, -0.467166836598676, -0.5746183745233279, -0.10083985082219077, 0.6847840918686555, 0.5919170879125365, 0.00960652243746515], [-0.16339343907048903, -0.6273153698619508, -0.5188705548021796, 0.18795626722945122, -0.20242152591214463, 0.3047775985645523, -0.6817159245892978, -0.06521375509796967, 0.4171004650183054, 0.7341324168405371, -0.01939606960192658, 0.5692246602397215, -0.019434538976559168]], "inverted": false, "swapped": false, "error_lsq": 0.04820993343539855, "error_max": 0.30885662110115125, "target": "714.xyz", "model": "1.xyz", "model_rescale": 3.9405287249114394, "target_rescale": 3.731510088363211},
{"mapping": [1, 0, 6, 2, 5, 3, 11, 10, 8, 4, 7, 4, 12], "R": [[-0.1199185309520385, 0.7221365846581909, -0.6812769620591235], [-0.8808917153696447, -0.3938868963586457, -0.2624555175074025], [-0.4578747991836087, 0.568657951650337, 0.6833584727633171]], "T": [-0.06575718420167875, -0.07963409626620938, -0.04625536317630829], "aligned_model": [[-0.7866201652446076, -0.5754126514911455, 0.02133585750867706, -0.5994693205844227, -0.27487226846246354, 0.36883697853239206, 0.2927766302525467, 0.7372203273848273, 0.2841406973257703, -0.14864719447042757, -0.006211596278659581, -0.14864719447042757, -0.1289718310358737], [0.21700239412774824, -0.07861552645732403, 0.20630294095895535, -0.4972646683885709, -0.6805124916660741, 0.2497014259806668, -0.39762081678671163, -0.29224248288429844, -0.3983748765802175, 0.16621448602107874, 0.7107471157603185, 0.16621448602107874, -0.12223766125343954], [0.09370780157400432, -0.7119732129094957, -0.5001391657270896, 0.023785255239914656, -0.3973854186444178, 0.1254004146837466, -0.5734671218679193, 0.10041402401258592, 0.5674754879116769, 0.6051918278282946, -0.02053152616625372, 0.6051918278282946, -0.0022399637832910962]], "inverted": true, "swapped": false, "error_lsq": 0.0601347700522185, "error_max": 0.3983136682962337, "target": "714.xyz", "model": "2.xyz", "model_rescale": 3.932901565614263, "target_rescale": 3.731510088363211},
{"mapping": [7, 4, 5, 0, 2, 12, 6, 10, 1, 3, 9, 8, 13], "R": [[-0.8794240712270424, 0.10941491232243056, -0.46329437715984534], [0.46585858971610694, -0.002390267781809341, -0.8848559549484037], [-0.09792383435187876, -0.9939932915173052, -0.04886981772443738]], "T": [-0.08032809335475402, -0.04766930726697532, 0.1459449021776064], "aligned_model": [[-0.5998116973578654, -0.6065165955141986, 0.002444634716170249, -0.5621287410993536, -0.19293570608608546, 0.5147150788659851, 0.27203668209201715, 0.6201194439099197, 0.07917334975157539, -0.35867384939382474, 0.022032051651560997, -0.15951778077121856, 0.004521398201503449], [0.4060299964324096, -0.2641888403476784, 0.27306954782277265, -0.5128901654452902, -0.7196887734223921, 0.2492084448117367, -0.2619803698673256, -0.1976760852736043, -0.7511703824436954, -0.09349833313222508, 0.6644314011142957, 0.476506425276537, -0.01883854067233047], [-0.03854432336625574, -0.5169814561213303, -0.4920793512627166, 0.1656430770098934, -0.3335435917838636, -0.2294442741097578, -0.39866697260407136, 0.15002588161347735, 0.31450986824218, 0.57151371983757, -0.003145410136854987, 0.6536411896874362, 0.07250187297434313]], "inverted": true, "swapped": false, "error_lsq": 0.05109660601434647, "error_max": 0.27404497980310244, "target": "714.xyz", "model": "3.xyz", "model_rescale": 3.9243930471874484, "target_rescale": 3.731510088363211},
{"mapping": [7, 8, 9, 4, 10, 5, 11, 6, 3, 2, 1, 0, 12], "R": [[-0.704077103058268, -0.629170793265179, 0.3292712344726493], [-0.5452332721351149, 0.18188882484283686, -0.8183135916958287], [0.45496825373416194, -0.7556854956258966, -0.4711086072178367]], "T": [-0.07067144081809965, -0.11026635321983871, -0.11086137064730776], "aligned_model": [[-0.7449525163664924, -0.5580647474173326, -0.07738800913269085, -0.559566846407139, -0.10567210762334447, 0.5191027149961515, 0.4747073777722186, 0.5702203242361986, 0.029680519200987243, -0.4731019043198924, -0.13667349529886338, 0.09783198004993784, -0.0006650207235530392], [0.24636075591096387, -0.17385278665938814, 0.20494408373386017, -0.3436882795402848, -0.7644026049551838, 0.28897985779521873, -0.2159613292552792, -0.38799217964069577, -0.4740858779992546, 0.024249846932404423, 0.5932171890735549, 0.28696837859161684, -0.03542272913432247], [0.13628412314629862, -0.5042325682214707, -0.7419593503005532, 0.13175510889779068, -0.37164564357750923, 0.14680509573625317, -0.6743545805987801, 0.07255789104880887, 0.4463802357266971, 0.708388044522402, -0.006386806713582618, 0.6220325632606226, -0.05019388294692649]], "inverted": false, "swapped": false, "error_lsq": 0.04012972258261749, "error_max": 0.25125378572247253, "target": "714.xyz", "model": "4.xyz", "model_rescale": 3.8936222436046832, "target_rescale": 3.731510088363211},
{"mapping": [3, 0, 1, 4, 2, 10, 11, 5, 7, 8, 6, 12], "R": [[0.5188022896188812, -0.8277201534579672, 0.2138306148467181], [0.5949204216969941, 0.16993346084403124, -0.7856158798887919], [0.613933120245257, 0.5347915168035943, 0.5805894913110585]], "T": [-0.09434724478597042, -0.03946493399033929, 0.05798170228250859], "aligned_model": [[-0.007416427669121817, -0.7278832116683223, -0.29209502661285, 0.3399693196839978, -0.5614342120134876, -0.6990852551345237, -0.25454705050688764, 0.05220334539590904, 0.6147803229672991, 0.5016681346630677, 0.1592367272402794, -0.09784862413026252], [-0.599359459681583, -0.39120486743523475, 0.048816691366785736, -0.07916164028434969, 0.36786030918225293, 0.008536039094106725, -0.4009735508672385, 0.30018520721271397, 0.25604768271209066, -0.4291855650492937, 0.6590648121642844, -0.0717027533047272], [-0.49047250066436726, -0.21592053512592446, -0.7573999696178614, -0.540025686875121, -0.14826975905742554, 0.38958165292621355, 0.6259964235665622, 0.48789258003147107, 0.3224915214774282, 0.11827467355795768, -0.1550435995723993, -0.017820081371015824]], "inverted": false, "swapped": true, "error_lsq": 0.04437485352366464, "error_max": 0.2560054668315018, "target": "714.xyz", "model": "5.xyz", "model_rescale": 3.6523030999806103, "target_rescale": 3.731510088363211},
{"mapping": [6, 10, 9, 2, 4, 7, 11, 7, 3, 1, 8, 5, 12], "R": [[-0.3871255966461922, 0.8391509638655279, 0.38204637449514556], [0.9108134122673144, 0.28361767540025784, 0.2999665685281033], [0.1433621304783833, 0.46409769881363266, -0.8741056146144982]], "T": [-0.14253891575832475, -0.010912677054859814, 0.030144278565957514], "aligned_model": [[-0.7483827575835573, -0.5287943285894221, 0.08765789928082762, -0.6458866943923091, -0.20798943827079142, 0.537857658985728, 0.4005872033934349, 0.537857658985728, 0.20223987092601162, -0.4682584432806952, -0.24005279602702317, 0.16922748822208447, -0.06060505268383122], [0.21623465687564583, -0.10073206248609112, 0.3580113104568386, -0.5566896838676643, -0.5350929443919367, -0.07317194414302558, -0.39964562721107616, -0.07317194414302558, -0.5140605102944528, -0.09347372861007056, 0.6554472175298136, 0.3900490079149243, -0.024389422776669792], [-0.03295714838157872, -0.6417279382479449, -0.5474086566399337, 0.18819524119449527, -0.1936477641080241, 0.03167543348582112, -0.5429784964997101, 0.03167543348582112, 0.36272592133470566, 0.6379808751526914, 0.04273938517668997, 0.483944858691259, 0.09521308533575772]], "inverted": true, "swapped": false, "error_lsq": 0.05119956727398255, "error_max": 0.3657478040301663, "target": "714.xyz", "model": "6.xyz", "model_rescale": 4.08911054899281, "target_rescale": 3.731510088363211},
{"mapping": [10, 12, 5, 11, 13, 6, 7, 2, 1, 9, 4, 3, 14], "R": [[-0.4898519366839902, 0.17776002362952265, 0.8534907463623586], [0.7844843952954281, -0.3371827216526911, 0.5204729058816131], [0.38030160881188857, 0.9245048329879708, 0.02571964457324244]], "T": [-0.09872171977372976, -0.02522263609837893, 0.019984514222209298], "aligned_model": [[-0.7538383087449445, -0.47251026963568166, -0.15229287785598158, -0.5863792160016412, -0.07503542946717065, 0.37256485086847857, 0.41438059112261627, 0.5798931950957853, 0.039155169823178154, -0.33621789674519564, -0.045701642393399106, 0.21783834823905104, -0.16639824533890973], [0.18871801053719028, -0.28305587385084574, 0.4011205070745269, -0.34384895456739545, -0.6819530034761042, 0.1295008795321302, -0.08197889165414099, -0.4606174390238921, -0.5911652310007013, -0.08754176669080396, 0.6754264339194112, 0.4652534762311729, -0.08054382217733791], [-0.19055420685744964, -0.5293842685761732, -0.6091918401288596, 0.09208512801128924, -0.3025658021116224, 0.0755953809365288, -0.5568982386362632, 0.027244417344767402, 0.4656806006372721, 0.7644770929588499, -0.03595511198358993, 0.5544696336031009, 0.1604274447821996]], "inverted": true, "swapped": false, "error_lsq": 0.042787523801932174, "error_max": 0.2207895683119241, "target": "714.xyz", "model": "7.xyz", "model_rescale": 3.964800864290218, "target_rescale": 3.731510088363211},
{"mapping": [1, 7, 2, 8, 9, 6, 4, 11, 10, 5, 0, 3, 13], "R": [[-0.44503010568108287, 0.8933298054526204, 0.06253050237657762], [-0.27611049573681057, -0.07045493117572316, -0.958540086181583], [-0.8518868464658066, -0.4438445238628129, 0.2780123009068771]], "T": [-0.05772675352455344, -0.02713398613297287, -0.056100820029305325], "aligned_model": [[-0.7313329322240235, -0.5700631413125153, -0.07576466817120792, -0.6220076219256453, -0.06922242657542793, 0.4903467888832646, 0.4586566294727235, 0.6018657347475017, 0.05728876354724593, -0.4618248957276629, -0.06919528084191372, 0.12548009637178117, -0.09876877727793495], [0.292497589597863, -0.14061984309483314, 0.36822622608061156, -0.5272079799360819, -0.713494413446651, 0.14490820906720162, 0.011958865999998857, -0.5243163403295258, -0.5101488664966073, -0.16737137366732793, 0.687326938459466, 0.4115803174967894, -0.08402500487769372], [-0.14101408746211053, -0.5372302734820408, -0.5871127445542836, 0.09413460750228003, -0.004778893842668684, 0.024662404038268977, -0.5324550429456547, -0.1259634036082999, 0.5985762524172882, 0.662306369226144, -0.005371808266494658, 0.49155573808364333, -0.02187888712602127]], "inverted": false, "swapped": false, "error_lsq": 0.04069978156249544, "error_max": 0.2590705138796326, "target": "714.xyz", "model": "8.xyz", "model_rescale": 4.121658175737393, "target_rescale": 3.731510088363211},
{"mapping": [6, 1, 2, 4, 0, 11, 3, 10, 5, 9, 8, 7, 12], "R": [[-0.18435447771912344, -0.9265422839344013, -0.32792197643118215], [-0.9650727624046043, 0.23383269182911443, -0.11813905153122375], [0.18613970508641076, 0.29468910450434704, -0.9372888252170569]], "T": [-0.03723222745766246, -0.017409227347085478, 0.022990714654221086], "aligned_model": [[-0.6075535443316197, -0.5525863507661177, -0.09337004763452242, -0.6961242272063409, -0.11176501297673536, 0.5155247258072871, 0.51778074607141, 0.597737119719133, 0.07692477202844841, -0.5687688831484259, -0.08245017418893216, 0.14564551264002262, -0.10553636704742153], [0.3715077302232213, -0.20819814208839074, 0.13547994791235965, -0.5995717899020269, -0.7089804465992597, 0.292551324274014, -0.05182883279244855, -0.4335651147915434, -0.4991912372335136, 0.008683253024817678, 0.6977527196771622, 0.28825723380131, -0.04358232065249232], [0.08348241431115394, -0.3928715622047642, -0.6521536373870022, 0.14577508314376658, -0.3444305091572341, 0.06062423175664211, -0.5368841655158262, 0.03343274925265957, 0.3925474500736943, 0.6632857897251355, -0.10759283924593505, 0.5959956509496994, -0.025780425721939882]], "inverted": true, "swapped": false, "error_lsq": 0.04200150676536104, "error_max": 0.2406054344252718, "target": "714.xyz", "model": "9.xyz", "model_rescale": 3.833441315466971, "target_rescale": 3.731510088363211},
{"mapping": [5, 13, 0, 2, 9, 12, 10, 11, 7, 4, 1, 6, 14], "R": [[0.9448446038739091, 0.2513265939642114, -0.21000861338693771], [0.06593409534016652, -0.7740436138863029, -0.6296897481089446], [-0.3208136056996799, 0.5811122326781467, -0.7479219233514885]], "T": [-0.018399331831669294, -0.08113099197376905, 0.02830912329873468], "aligned_model": [[-0.6374412575560173, -0.5564582128375246, -0.11828315295134319, -0.6110386294581863, -0.22620513699154476, 0.4595050044986613, 0.41332664635132244, 0.5968644151961479, 0.23948097492188541, -0.4706448021646781, -0.061686998569345425, 0.06323016074286002, -0.055190742216051955], [0.18143590582132552, -0.06894555461747925, 0.3479464463953573, -0.46169635093162065, -0.865100899688169, 0.2824263290137192, -0.16218807673853175, -0.37572812639992875, -0.5586562279908244, 0.10101112338574517, 0.6547879177384536, 0.33792444999539684, -0.16390261113023416], [-0.04436081439741124, -0.5599346162360075, -0.491054656594307, -0.11521413404189608, 0.017443688523908693, 0.07784271779620121, -0.666526520786431, 0.027947149879915187, 0.4148079889340224, 0.6593486343167659, -0.01815020461511481, 0.5564745619095619, 0.05680643529084303]], "inverted": false, "swapped": false, "error_lsq": 0.04484618389196397, "error_max": 0.3059975568314654, "target": "714.xyz", "model": "10.xyz", "model_rescale": 4.2482417240324, "target_rescale": 3.731510088363211},
{"mapping": [3, 4, 6, 7, 0, 10, 2, 5, 8, 11, 9, 12], "R": [[-0.9914002536613248, -0.08439245795946855, 0.10001724891147638], [0.06500304384279855, -0.9808993681911146, -0.18333312241230043], [0.1135787890912388, -0.17525507844804855, 0.977949649085645]], "T": [0.0315645123764318, 0.08594671358596619, 0.007839640154296036], "aligned_model": [[-0.6406298880639434, -0.1680207121614806, 0.48885386452862084, 0.6909223148760791, -0.6397931994916151, 0.006010406133889427, -0.010838458809460709, 0.5815614309545115, 0.05358627288901184, 0.055350475097525234, -0.5031541596828043, -0.03708274390732736], [-0.29938821701188345, -0.6171526393891817, -0.25565876321641756, -0.3342938727623516, 0.4405762747369822, 0.7688701240192009, 0.33418037485204427, 0.21644951515838812, -0.35281839742271703, 0.5566853244328738, 0.1642023163918265, 0.04447935026187513], [-0.1388318937964794, 0.12461541736341164, 0.5292037768080121, -0.21306802448632364, 0.16155344839500033, 0.11240198988245054, 0.6105052119545408, -0.038367123908563054, -0.5558552814331326, -0.49894687274835015, -0.5549749813606595, 0.026956623184449913]], "inverted": true, "swapped": true, "error_lsq": 0.048418070436035354, "error_max": 0.2929055231736171, "target": "714.xyz", "model": "11.xyz", "model_rescale": 3.6694154284099745, "target_rescale": 3.731510088363211},
{"mapping": [7, 12, 0, 10, 2, 4, 1, 3, 8, 9, 6, 11, 13], "R": [[-0.8063608356873886, -0.12107135550717606, 0.5788988940611229], [-0.18314858626194186, 0.9818244911639664, -0.04977211971445949], [-0.5623511340966499, -0.14615880208278062, -0.8138788647912774]], "T": [-0.17016593762706728, 0.030290346898733896, -0.04849367679801179], "aligned_model": [[-0.8497146379573912, -0.5000235726087794, 0.10833145364731328, -0.6419359016641939, -0.031064133580988806, 0.5452898166997726, 0.34891236834716904, 0.5818362321191091, 0.09499245966526704, -0.4757004112579716, -0.13484786485041136, 0.08390376170560948, -0.0945213012983193], [0.23263185869233877, -0.23476773839559423, 0.38353724729764205, -0.38454789077404244, -0.601135630989125, 0.2194738167742206, -0.3635059444080138, -0.3800255221415133, -0.44473395768551505, -0.12608985435818887, 0.5917951616436583, 0.296587069726982, 0.06009570947036057], [0.17385018966560364, -0.5801953340559756, -0.6038257349734666, 0.04569297249686246, -0.13940844980990727, -0.04512795595764305, -0.5888229165412724, 0.03742794396248441, 0.4774728484777904, 0.6773714518367914, 0.009124117391637904, 0.5914776445899179, -0.13960654710277295]], "inverted": true, "swapped": false, "error_lsq": 0.04136513439029617, "error_max": 0.25457104718121315, "target": "714.xyz", "model": "12.xyz", "model_rescale": 3.9764082729961374, "target_rescale": 3.731510088363211},
{"mapping": [3, 4, 6, 7, 0, 13, 5, 12, 1, 8, 14, 11, 15], "R": [[0.6461085469604697, -0.7117701326487371, 0.2755485870292752], [0.172561331769195, 0.4879001986785221, 0.8556728246868079], [-0.7434825702884181, -0.5053084942870625, 0.43806049043330697]], "T": [0.008000192067547693, -0.1440163434406763, 0.016910088856574024], "aligned_model": [[-0.6719656895774349, -0.3857266617665141, 0.11031761150178741, -0.7016807487475913, -0.2794542352584292, 0.4185291296600811, 0.2812986730042163, 0.6220008252041527, 0.2073008656553605, -0.325610109521618, -0.11934923229607368, -0.0400328527593171, -0.08016930613243416], [0.28321984893511576, -0.20569192551781265, 0.3587540636418374, -0.38983118435571484, -0.756875205522503, 0.3097928521513642, -0.4386748582176234, -0.2335207542483205, -0.5443221265042766, -0.11201706692045177, 0.6443477138468956, 0.43309885687085603, -0.09896588930615631], [0.269019356906379, -0.5806173238406225, -0.5491392633571999, -0.06652686430354354, -0.24554352777067773, 0.014973188717214425, -0.7188264168449383, 0.16592591990177824, 0.46786141640121875, 0.6392709565405224, -0.015835550034763834, 0.5602107155113303, -0.025342377846647224]], "inverted": false, "swapped": false, "error_lsq": 0.051979519285173276, "error_max": 0.2913022195717775, "target": "714.xyz", "model": "13.xyz", "model_rescale": 4.170626492500431, "target_rescale": 3.731510088363211},
{"mapping": [4, 2, 0, 6, 3, 10, 1, 9, 11, 5, 8, 12, 13], "R": [[0.24890338594019268, -0.6434526578733043, 0.7238893434381308], [0.9566821108719693, 0.27987954395690595, -0.08016719785565452], [-0.15101802278225207, 0.7124858721057246, 0.6852426131266827]], "T": [-0.06788669947454663, -0.009204738622996401, -0.10684854574907118], "aligned_model": [[-0.6057763208847728, -0.5888189710082269, -0.053645807857569075, -0.6059107897891497, -0.09225552956041264, 0.3779238897934019, 0.4456620659182925, 0.6541044766576471, 0.10511376275471142, -0.4191320801369559, 0.004942654120269466, -0.10156532318618085, -0.08518375785486898], [0.4428529956884497, -0.11613572259342356, 0.16605427237849424, -0.5509826562697527, -0.6753349499971059, 0.20093640133606447, -0.22727235648621802, -0.35583222834911155, -0.48515009607458376, -0.16879894962891584, 0.7239977411245336, 0.3626985625603038, -0.06771868883552475], [-0.009989418035746739, -0.4943114476870769, -0.676883529409386, 0.2459914083683384, -0.28334303870795674, 0.1677819783521294, -0.6355532360046967, 0.015153763316380936, 0.3863111727193874, 0.7167874167567826, -0.013755572050958148, 0.522643158771351, -0.02540242640849806]], "inverted": false, "swapped": false, "error_lsq": 0.0400420361622319, "error_max": 0.2374413922729155, "target": "714.xyz", "model": "14.xyz", "model_rescale": 3.9786697098870705, "target_rescale": 3.731510088363211},
{"mapping": [5, 11, 6, 7, 2, 1, 9, 3, 4, 8, 0, 12], "R": [[-0.33945407397473887, 0.7132793853367211, 0.6131912019228767], [0.700348658080416, -0.24352323127838144, 0.6709755531706775], [0.6279193330252806, 0.6572130204746446, -0.4168793073920573]], "T": [-0.025767929977727637, -0.027305672980197242, -0.1494001229393937], "aligned_model": [[0.03094036396424476, -0.6314120417607897, 0.6409629187298611, 0.4510760340741454, 0.0156806741431016, 0.32963244394027175, -0.5170507938399992, 0.004710841100546405, 0.5442479872219373, 0.10182656350038055, -0.48123905081259966, -0.006021343493763785], [-0.3758760390712096, -0.3602503748077844, 0.04597475196062374, -0.6670907802280256, 0.5075969437869441, 0.6882207255936428, -0.128378234783222, 0.20413449733778868, 0.07120507389647392, -0.5502576482725872, 0.556866807422687, 0.02252876738910752], [-0.5931855733432607, -0.18595442244184096, -0.5337546091418817, -0.30253375386250314, -0.5219386548745064, 0.12163059234410695, 0.44829024902269726, 0.6038245126577557, 0.3123325172751995, 0.3206984007445735, 0.07731513679423957, -0.08675790130074951]], "inverted": true, "swapped": true, "error_lsq": 0.051075570127828755, "error_max": 0.3074494430223067, "target": "714.xyz", "model": "15.xyz", "model_rescale": 3.769337070930944, "target_rescale": 3.731510088363211},
{"mapping": [8, 11, 4, 3, 7, 5, 6, 10, 1, 0, 12], "R": [[0.7021833086932254, 0.23240982508028962, -0.6729964889943956], [-0.2575982469060777, -0.7982659381566712, -0.5444397442966163], [-0.6637633194019912, 0.5556592167731934, -0.5006606541675223]], "T": [0.028132189650098942, -0.037164463380965594, -0.0008129032465340538], "aligned_model": [[-0.32948883491381664, -0.23926354635222113, -0.09730053830981186, -0.6117654295155546, 0.382912992599289, 0.4379022184750237, 0.6888805225434174, 0.11311398137390918, -0.024618780065049868, -0.38151479536865646, -0.016231659775358072], [0.09917411722236094, -0.6650056978682939, 0.6745845274549733, 0.4150523742653247, 0.05671975067587456, -0.3172436378355845, 0.3559137043141941, -0.5776763658332739, 0.628660627439388, -0.09934607577861071, 0.02523117356898911], [-0.6043613598156138, -0.11617358142534309, -0.16049868517864976, 0.08791042135886773, -0.7257069607736817, -0.2752338139338101, -0.08161891182228093, 0.4217928944267653, 0.5145892553562104, 0.6537358210783966, 0.029782527952916325]], "inverted": false, "swapped": true, "error_lsq": 0.04463473350147412, "error_max": 0.23591616735817586, "target": "714.xyz", "model": "16.xyz", "model_rescale": 3.7852294659196426, "target_rescale": 3.731510088363211},
{"mapping": [11, 2, 8, 7, 1, 0, 3, 4, 5, 6, 9, 10, 12], "R": [[0.4173710963074117, 0.25425228236489866, 0.8724432043860444], [-0.7200518801683086, -0.49315325966365814, 0.4881855716315182], [0.5543705059193111, -0.8319589168915424, -0.02275308267946574]], "T": [-0.0553500164702558, -0.07924461325423503, -0.06890974715961318], "aligned_model": [[-0.6951921941846908, -0.44675518318360763, -0.1482913064752991, -0.6378125000982289, 0.019515082542489966, 0.5609122880977866, 0.3175981398264524, 0.5202843015475355, 0.021183089172489684, -0.48152344002949543, 0.044431401629953106, 0.03328184984218328, -0.07217325972138339], [0.2791325079700153, -0.3064713164555364, 0.4198285420397624, -0.40671899677506607, -0.7413279257093158, 0.19258214384235706, -0.27185685581723773, -0.3088335807184639, -0.573207631323924, -0.12125632966796453, 0.7759601763896002, 0.312626160302486, -0.0011425692235029622], [-0.05891469668741217, -0.4803183540854161, -0.4769462817120492, 0.14304540960711012, -0.24296450453610388, -0.17881034694668024, -0.74441368341187, 0.27419478943017866, 0.358117454644374, 0.7082674942967704, 0.008098186743302357, 0.6295433753798818, -0.023468612742035308]], "inverted": true, "swapped": false, "error_lsq": 0.04184139212224141, "error_max": 0.2871590525241471, "target": "714.xyz", "model": "17.xyz", "model_rescale": 3.901054581598922, "target_rescale": 3.731510088363211},
{"mapping": [12, 11, 9, 7, 6, 8, 10, 4, 1, 0, 13, 2, 14], "R": [[-0.8464580035296391, -0.49158898137925056, 0.20457057864494638], [-0.4886792068202487, 0.8697993766976858, 0.06812985482040833], [-0.21142724772874005, -0.0423003272189247, -0.9764779573728339]], "T": [-0.03192890820493348, -0.007081222107411529, 0.015668132381051574], "aligned_model": [[-0.7384141315640685, -0.43877316455419924, -0.06658913510351579, -0.5525684557966186, -0.25361604578663494, 0.5612190787759751, 0.37365266704095407, 0.6063134576137534, 0.01745947481053234, -0.2567019270420013, -0.25009189167525947, 0.10413834372001753, -0.07057000147274879], [0.1371085378677984, -0.24745791782813198, 0.37665916136826655, -0.3798120685250767, -0.6904679788173507, 0.0636961347481535, -0.15409418423491178, -0.467166836598676, -0.5746183745233279, -0.10083985082219077, 0.6847840918686555, 0.5919170879125365, 0.00960652243746515], [-0.16339343907048903, -0.6273153698619508, -0.5188705548021796, 0.18795626722945122, -0.20242152591214463, 0.3047775985645523, -0.6817159245892978, -0.06521375509796967, 0.4171004650183054, 0.7341324168405371, -0.01939606960192658, 0.5692246602397215, -0.019434538976559168]], "inverted": false, "swapped": false, "error_lsq": 0.04820993343539855, "error_max": 0.30885662110115125, "target": "714.xyz", "model": "18.xyz", "model_rescale": 3.9405287249114394, "target_rescale": 3.731510088363211},
{"mapping": [11, 13, 14, 9, 7, 1, 12, 0, 8, 5, 10, 2, 15], "R": [[0.47018628384416783, 0.8469603524120712, 0.24815926322995022], [-0.7805711375193938, 0.5302880227994854, -0.3309128467543869], [-0.4118659463423646, -0.03811527669363707, 0.9104469605232784]], "T": [0.0378308801836697, -0.10152093059547554, -0.11542579373315463], "aligned_model": [[-0.6204109811370104, -0.447921105385319, -0.22492501891958433, -0.6284380054455243, -0.2377038052159955, 0.6214328747910669, 0.3290828872386562, 0.5678398016870319, 0.08251428703770858, -0.3093276096213876, -0.18104566517857723, 0.05204621636536845, 0.03231439274975144], [0.188299074671635, -0.1793833214036187, 0.41300878971420263, -0.41170429848812573, -0.7493638943300162, 0.13791945541809314, -0.04119652446387978, -0.4671985277343189, -0.5709285706151124, -0.09215810051570233, 0.6459654512868992, 0.4463952078442941, -0.07034041653114022], [-0.07143467585835254, -0.572932407877029, -0.6311364359354178, 0.10566671469202905, -0.11780915746891406, 0.078472214032215, -0.5755043703053584, 0.12549887506096402, 0.4761247249709274, 0.6399919470752253, -0.009306974774351509, 0.5590451933875216, -0.09124541701940905]], "inverted": true, "swapped": false, "error_lsq": 0.036836608090852915, "error_max": 0.19055322636979916, "target": "714.xyz", "model": "19.xyz", "model_rescale": 4.410303926677745, "target_rescale": 3.731510088363211},
{"mapping": [1, 7, 2, 8, 9, 6, 4, 11, 10, 5, 0, 3, 13], "R": [[-0.44503010568108287, 0.8933298054526204, 0.06253050237657762], [-0.27611049573681057, -0.07045493117572316, -0.958540086181583], [-0.8518868464658066, -0.4438445238628129, 0.2780123009068771]], "T": [-0.05772675352455344, -0.02713398613297287, -0.056100820029305325], "aligned_model": [[-0.7313329322240235, -0.5700631413125153, -0.07576466817120792, -0.6220076219256453, -0.06922242657542793, 0.4903467888832646, 0.4586566294727235, 0.6018657347475017, 0.05728876354724593, -0.4618248957276629, -0.06919528084191372, 0.12548009637178117, -0.09876877727793495], [0.292497589597863, -0.14061984309483314, 0.36822622608061156, -0.5272079799360819, -0.713494413446651, 0.14490820906720162, 0.011958865999998857, -0.5243163403295258, -0.5101488664966073, -0.16737137366732793, 0.687326938459466, 0.4115803174967894, -0.08402500487769372], [-0.14101408746211053, -0.5372302734820408, -0.5871127445542836, 0.09413460750228003, -0.004778893842668684, 0.024662404038268977, -0.5324550429456547, -0.1259634036082999, 0.5985762524172882, 0.662306369226144, -0.005371808266494658, 0.49155573808364333, -0.02187888712602127]], "inverted": false, "swapped": false, "error_lsq": 0.04069978156249544, "error_max": 0.2590705138796326, "target": "714.xyz", "model": "20.xyz", "model_rescale": 4.121658175737393, "target_rescale": 3.731510088363211},
{"mapping": [6, 10, 9, 2, 4, 7, 11, 7, 3, 1, 8, 5, 12], "R": [[-0.3871255966461922, 0.8391509638655279, 0.38204637449514556], [0.9108134122673144, 0.28361767540025784, 0.2999665685281033], [0.1433621304783833, 0.46409769881363266, -0.8741056146144982]], "T": [-0.14253891575832475, -0.010912677054859814, 0.030144278565957514], "aligned_model": [[-0.7483827575835573, -0.5287943285894221, 0.08765789928082762, -0.6458866943923091, -0.20798943827079142, 0.537857658985728, 0.4005872033934349, 0.537857658985728, 0.20223987092601162, -0.4682584432806952, -0.24005279602702317, 0.16922748822208447, -0.06060505268383122], [0.21623465687564583, -0.10073206248609112, 0.3580113104568386, -0.5566896838676643, -0.5350929443919367, -0.07317194414302558, -0.39964562721107616, -0.07317194414302558, -0.5140605102944528, -0.09347372861007056, 0.6554472175298136, 0.3900490079149243, -0.024389422776669792], [-0.03295714838157872, -0.6417279382479449, -0.5474086566399337, 0.18819524119449527, -0.1936477641080241, 0.03167543348582112, -0.5429784964997101, 0.03167543348582112, 0.36272592133470566, 0.6379808751526914, 0.04273938517668997, 0.483944858691259, 0.09521308533575772]], "inverted": true, "swapped": false, "error_lsq": 0.05119956727398255, "error_max": 0.3657478040301663, "target": "714.xyz", "model": "21.xyz", "model_rescale": 4.08911054899281, "target_rescale": 3.731510088363211},
{"mapping": [9, 15, 11, 14, 2, 6, 1, 0, 13, 12, 5, 10, 16], "R": [[-0.4364198888276287, -0.4009281627405648, -0.8054776775039488], [-0.3027247077347039, 0.9084685268025109, -0.28817128090115746], [0.8472871012606166, 0.11807431613501249, -0.5178445943588007]], "T": [-0.03590986518901673, -0.10434317390841817, -0.002762294833877632], "aligned_model": [[-0.5769978969533078, -0.4965005492553503, -0.16405906665012537, -0.6313145213212945, -0.08167658553223478, 0.6075915358147301, 0.3323578647563866, 0.6731615051495724, -0.020668726428078515, -0.41340415399078334, -0.1631307490257281, -0.021694431269674685, -0.008205956327926346], [0.31732104635759734, -0.2605354105994467, 0.28081822156060393, -0.3139006576971467, -0.6902074863319372, 0.2384729187327811, -0.23798443242849976, -0.40479050863422383, -0.5074461604219601, -0.11406296369508362, 0.5892417271048471, 0.4879536738941186, -0.1355656429884404], [0.18951520980828573, -0.5458711465781059, -0.651701053010397, 0.11300273611763367, -0.422193152199899, 0.15198654065060777, -0.6930646013402861, 0.08107438569194819, 0.5206932008688336, 0.631566558082838, -0.024759698098645283, 0.5450677652546503, 0.02011348473258611]], "inverted": false, "swapped": false, "error_lsq": 0.04020978521326647, "error_max": 0.24453296687050022, "target": "714.xyz", "model": "22.xyz", "model_rescale": 4.204369325754507, "target_rescale": 3.731510088363211},
{"mapping": [11, 13, 14, 9, 7, 1, 12, 0, 8, 5, 10, 2, 15], "R": [[0.47018628384416783, 0.8469603524120712, 0.24815926322995022], [-0.7805711375193938, 0.5302880227994854, -0.3309128467543869], [-0.4118659463423646, -0.03811527669363707, 0.9104469605232784]], "T": [0.0378308801836697, -0.10152093059547554, -0.11542579373315463], "aligned_model": [[-0.6204109811370104, -0.447921105385319, -0.22492501891958433, -0.6284380054455243, -0.2377038052159955, 0.6214328747910669, 0.3290828872386562, 0.5678398016870319, 0.08251428703770858, -0.3093276096213876, -0.18104566517857723, 0.05204621636536845, 0.03231439274975144], [0.188299074671635, -0.1793833214036187, 0.41300878971420263, -0.41170429848812573, -0.7493638943300162, 0.13791945541809314, -0.04119652446387978, -0.4671985277343189, -0.5709285706151124, -0.09215810051570233, 0.6459654512868992, 0.4463952078442941, -0.07034041653114022], [-0.07143467585835254, -0.572932407877029, -0.6311364359354178, 0.10566671469202905, -0.11780915746891406, 0.078472214032215, -0.5755043703053584, 0.12549887506096402, 0.4761247249709274, 0.6399919470752253, -0.009306974774351509, 0.5590451933875216, -0.09124541701940905]], "inverted": true, "swapped": false, "error_lsq": 0.036836608090852915, "error_max": 0.19055322636979916, "target": "714.xyz", "model": "23.xyz", "model_rescale": 4.410303926677745, "target_rescale": 3.731510088363211},
{"mapping": [10, 11, 9, 1, 7, 5, 13, 12, 0, 3, 8, 4, 16], "R": [[0.8518158327923586, -0.4765132369490082, -0.2175888830263139], [0.15156073681816667, 0.6217921967537983, -0.7683773858666197], [0.5014370649038571, 0.6215380914058802, 0.6018731351972281]], "T": [0.0007536853199687915, -0.018799032005340215, -0.15296059481908042], "aligned_model": [[-0.5588863440265168, -0.45746911777211674, -0.2438869980479187, -0.6573806348435212, -0.10398028245158086, 0.5130176017470925, 0.3797440243745308, 0.6418152240479045, 0.16610787517940073, -0.37191567173156354, -0.20695411221107063, -0.008727216701218926, -0.05602607859723602], [0.2890552762672866, -0.13903333716364058, 0.4548798630094306, -0.49900466743389604, -0.6720127949458972, 0.18480051287730695, -0.4332690144018558, -0.4529131311835072, -0.5017967316937464, -0.07618693180665359, 0.7514471579201043, 0.3908536125286284, -0.04750548912035032], [-0.027212001559902527, -0.5728380307456794, -0.4818970994628533, 0.11647792116542965, -0.21833239747254618, 0.1499171671217001, -0.5757697484861659, 0.06328206341975495, 0.4035976007703894, 0.6637861002493803, 0.045243706356738245, 0.4001932683278211, -0.05101831970401624]], "inverted": true, "swapped": false, "error_lsq": 0.037763259860974, "error_max": 0.23493846664229132, "target": "714.xyz", "model": "24.xyz", "model_rescale": 4.28219845311461, "target_rescale": 3.731510088363211},
{"mapping": [8, 5, 1, 11, 9, 4, 3, 7, 13, 14, 0, 2, 15], "R": [[0.8113154333369746, -0.14254473474861407, -0.5669640784253305], [-0.44209653990098785, 0.4849630525736848, -0.7545604595034038], [0.3825152507244794, 0.8628394035009416, 0.3304394751377748]], "T": [-0.12277194351508201, -0.09303162518731603, 0.06656217432122002], "aligned_model": [[-0.6543450465626878, -0.6075719795497911, -0.12691927938762215, -0.5520947294226559, -0.051846495893489455, 0.5270152790190692, 0.28865768982864576, 0.5443782315368979, 0.1975262487173724, -0.5446757927630971, 0.07450784623309666, 0.04028497906400126, -0.09945868185355441], [0.23118124242299062, -0.24961815566217355, 0.2349852615726646, -0.4241627010848056, -0.6975329686446612, 0.22803251480692024, -0.11105449892308802, -0.4886131589732652, -0.3468367845572574, -0.07310066268781276, 0.698225133796504, 0.27064429225171094, -0.022835189464516487], [-0.24045917594788618, -0.6158821563378696, -0.4832242573521359, 0.11667432179191725, -0.2274129785689708, -0.030096795603080956, -0.5895217972013088, 0.0035391641908446986, 0.49773321470638415, 0.7003953728980857, 0.08996298531446978, 0.6232778032215054, 0.07044452886809571]], "inverted": false, "swapped": false, "error_lsq": 0.04031929375054215, "error_max": 0.2442449894813805, "target": "714.xyz", "model": "25.xyz", "model_rescale": 4.100010024507729, "target_rescale": 3.731510088363211},
{"mapping": [3, 4, 6, 7, 0, 10, 2, 5, 8, 11, 9, 12], "R": [[-0.9914002536613248, -0.08439245795946855, 0.10001724891147638], [0.06500304384279855, -0.9808993681911146, -0.18333312241230043], [0.1135787890912388, -0.17525507844804855, 0.977949649085645]], "T": [0.0315645123764318, 0.08594671358596619, 0.007839640154296036], "aligned_model": [[-0.6406298880639434, -0.1680207121614806, 0.48885386452862084, 0.6909223148760791, -0.6397931994916151, 0.006010406133889427, -0.010838458809460709, 0.5815614309545115, 0.05358627288901184, 0.055350475097525234, -0.5031541596828043, -0.03708274390732736], [-0.29938821701188345, -0.6171526393891817, -0.25565876321641756, -0.3342938727623516, 0.4405762747369822, 0.7688701240192009, 0.33418037485204427, 0.21644951515838812, -0.35281839742271703, 0.5566853244328738, 0.1642023163918265, 0.04447935026187513], [-0.1388318937964794, 0.12461541736341164, 0.5292037768080121, -0.21306802448632364, 0.16155344839500033, 0.11240198988245054, 0.6105052119545408, -0.038367123908563054, -0.5558552814331326, -0.49894687274835015, -0.5549749813606595, 0.026956623184449913]], "inverted": true, "swapped": true, "error_lsq": 0.048418070436035354, "error_max": 0.2929055231736171, "target": "714.xyz", "model": "26.xyz", "model_rescale": 3.6694154284099745, "target_rescale": 3.731510088363211},
{"mapping": [3, 12, 9, 6, 2, 8, 10, 4, 0, 1, 7, 5, 13], "R": [[-0.7311166191180127, 0.6446858830214146, 0.223268003713801], [0.5726753974882177, 0.7577710833845952, -0.3127712811270383], [-0.3708252666164466, -0.10081218884160782, -0.9232147768638701]], "T": [-0.022595220519657344, -0.044527212790139804, -0.06526998518007243], "aligned_model": [[-0.6845356189089753, -0.6246944784956789, -0.08592958633322012, -0.631930073320302, -0.09546365339792859, 0.5055957957719787, 0.3964658406102397, 0.7027597723567867, 0.10705828125884767, -0.4853430548055252, -0.1896759259739074, 0.14865199266803122, -0.027501022464161015], [0.4026460465466382, -0.2562919134694925, 0.33606879301824355, -0.3169718184507026, -0.7167286670316676, 0.3111332458293172, -0.1825868796097887, -0.4123263583044794, -0.44742799924089144, -0.09225379620938612, 0.5339035843920297, 0.1915234958322287, -0.1013734084488395], [-0.186522636482451, -0.5368259293143371, -0.6274078454421719, 0.09496548471741528, -0.1357330436484851, -0.11890841276194314, -0.47419305292627933, 0.05353444637473856, 0.44246446203330947, 0.6852187014732399, 0.1181158797456455, 0.6702114589471593, -0.06948928273579]], "inverted": false, "swapped": false, "error_lsq": 0.03971063113345644, "error_max": 0.22691093343553367, "target": "714.xyz", "model": "27.xyz", "model_rescale": 4.103607728864725, "target_rescale": 3.731510088363211},
{"mapping": [10, 12, 13, 3, 2, 7, 4, 1, 0, 9, 11, 6, 14], "R": [[-0.39861509892428204, -0.915337481807581, 0.0571252773099728], [-0.0883730483190922, -0.023662183031261164, -0.9958063594017599], [0.9128505941502018, -0.4019917853543174, -0.07145906007828678]], "T": [-0.12762074245499833, 0.06895636784668888, 0.02733581900332112], "aligned_model": [[-0.5926612220108969, -0.599566000361266, -0.10662445492973066, -0.5268779640933757, -0.05936125202519066, 0.5416600227308359, 0.35198645231950143, 0.5454316440972957, -0.008446085895274666, -0.37118463473800656, -0.017705074645178204, -0.07374211784723253, -0.0474510436352958], [0.21309999431560983, -0.2896453902278151, 0.27413463085365364, -0.5665368047580691, -0.551450301752428, 0.26706688622464836, -0.22594622707679776, -0.51512259851838, -0.5508834837801716, 0.015259183771427917, 0.7362422292982657, 0.5071107462491283, -0.06401453974586194], [0.1781179254634721, -0.593925856758509, -0.5869390130167627, 0.04385705107456098, -0.3622240769244763, 0.20871036358900408, -0.6830293584670039, 0.12067968908080864, 0.3609339313341772, 0.8070262504255171, -0.09394632533802845, 0.48163208505557126, 0.0345375644617191]], "inverted": true, "swapped": false, "error_lsq": 0.04855888497097785, "error_max": 0.24985144275230114, "target": "714.xyz", "model": "28.xyz", "model_rescale": 4.137296879288765, "target_rescale": 3.731510088363211},
