[{"mapping": [9, 2, 3, 10, 11, 5, 4, 6, 1, 8, 7, 12], "R": [[-0.7835960206920549, 0.6139736101736454, 0.09494041481854551], [0.4621383936389797, 0.4739067707749524, 0.7495601895367978], [0.41521727020965826, 0.6312279925858781, -0.6550922377006482]], "T": [-0.040751320974111487, -0.14445617789014814, -0.08151233005216194], "aligned_model": [[-0.40458504631182807, 0.3356359336905716, 0.38317319802424094, -0.136592868197244, 0.07621954087740002, -0.4890944144155581, 0.3552813883617773, -0.21830388363207048, 0.6138932964637945, -0.002655700621121533, -0.6822082871116151, 0.006879305332201512], [-0.18353158690126237, -0.8102232622911598, -0.32950268188164167, 0.7584417763911897, 0.41277725881332455, -0.6156591909342548, -0.24453374661967153, -0.3038363181066717, 0.04732077952022118, 0.34721405542892675, 0.0367010125647676, -0.061613060006710435], [-0.521227017017426, -0.038237480297952625, -0.6874051652190433, 0.04672925161120303, -0.4647849516470318, 0.1494923842211565, 0.4461099455001706, 0.7482063394216399, -0.05382259371260298, 0.4955838950350153, 0.118183145466532, -0.05687600800809865]], "inverted": false, "swapped": true, "error_lsq": 0.0568337740341479, "error_max": 0.29914312796332326, "target": "716.xyz", "model": "0.xyz", "model_rescale": 3.751011558992144, "target_rescale": 4.047932989024973},
{"mapping": [4, 5, 10, 8, 9, 6, 11, 7, 12, 1, 3, 2, 14], "R": [[-0.8732339389013323, -0.18565534259374566, 0.4505492001072285], [0.009949194950562443, -0.9311802659339877, -0.3644232784207724], [0.4871996525765389, -0.3137441730160211, 0.8149853326458047]], "T": [0.0011754290711562254, 0.04875629879357268, 0.040691158843436104], "aligned_model": [[-0.4715176653173869, -0.4870834197661996, -0.502086349876152, -0.49545708640470976, -0.21269679867498612, 0.35397514458708623, 0.28854358761152177, 0.6344569731802924, 0.5659874354771054, 0.22291300250505688, 0.49928037042485673, -0.16463900070483203, 0.023199765329512408], [-0.5449521305218277, 0.40293765482289806, 0.04748092973195317, -0.2277801524023208, 0.5940933753482696, -0.3562114100204169, 0.2521889698472028, -0.13680410691494013, 0.5049989305755384, -0.6040929500581915, 0.3791677166322366, 0.2830736342628583, 0.09105013469710355], [-0.18212156383422493, 0.2026939692168018, -0.6067497291250395, 0.3831849367021992, -0.2610633182865194, -0.4839604024998686, -0.6753854283536184, -0.02410734053181554, -0.116805388552254, 0.14220892200422008, 0.5162178687910955, 0.8161517079139523, 0.013673155580582814]], "inverted": true, "swapped": false, "error_lsq": 0.04587996611236357, "error_max": 0.2893121971812172, "target": "716.xyz", "model": "1.xyz", "model_rescale": 3.9405287249114394, "target_rescale": 4.047932989024973},
{"mapping": [2, 11, 0, 5, 6, 1, 7, 4, 3, 2, 8, 9, 12], "R": [[0.8093319960214145, -0.43842507398407876, -0.39085185776461195], [0.26797121824308295, -0.3165324108015074, 0.9099443164861816], [-0.5226596850813265, -0.841184098407858, -0.13869450665562694]], "T": [0.06341865225597329, 0.1361897340389056, -0.040103203183860084], "aligned_model": [[-0.13589575794741474, -0.4905376977972419, -0.6017251845008672, -0.5418272887367019, -0.20118693720335826, 0.21115013766178745, 0.4409312736077474, 0.736620913976184, 0.42386129005261364, -0.13589575794741474, 0.5198511601140757, -0.044967099356019516, 0.07449690644777562], [-0.502421584825615, 0.5088158432388465, -0.09983041032503101, -0.1463365954954597, 0.4578655030274164, -0.43941449579992514, 0.4572068143596159, -0.05860258584719613, 0.579462729470823, -0.502421584825615, 0.13684650366615525, 0.2424258451775616, 0.051554614178786845], [0.08881140741169678, 0.20868673635432944, -0.49266055441649115, 0.2461353414052278, -0.38919384336482166, -0.5636311500689374, -0.659249476707831, -0.06356356999671942, -0.0598474415309452, 0.08881140741169678, 0.5862822249143536, 0.7519495252551611, -0.018593217641207953]], "inverted": false, "swapped": false, "error_lsq": 0.04858133627508629, "error_max": 0.32319889510427363, "target": "716.xyz", "model": "2.xyz", "model_rescale": 3.932901565614263, "target_rescale": 4.047932989024973},
{"mapping": [8, 1, 11, 3, 10, 9, 12, 5, 6, 7, 2, 0, 13], "R": [[0.23967449485221326, 0.9648782179140889, -0.10754608831690887], [-0.8674782728827315, 0.2625764576137347, 0.422534081446001], [0.43593300241405175, -0.007976747579968385, 0.8999437698569371]], "T": [-0.02494913239430457, 0.003528864196264879, 0.05479357327538183], "aligned_model": [[-0.409533954820594, -0.3423935975336671, -0.718656056699234, -0.4348143916914511, -0.0984048341669873, 0.26072017968528516, 0.36967988144426933, 0.6596005858268753, 0.44395599149566006, 0.27690594774014293, 0.3124539976146195, -0.11266169280823882, 0.04802390228448555], [-0.5516610582940871, 0.6131795305201809, 0.08893457520928791, -0.2103505373863527, 0.5368901911235403, -0.4606173290494873, 0.2007685999442811, -0.07138775010082138, 0.4874820108888668, -0.622982505088822, 0.5540030043661394, 0.0748073277509694, 0.04608453611666833], [-0.2326875388979318, 0.3310610116667756, -0.5012507289750622, 0.2714766341757742, -0.41772668567304777, -0.43790744643159624, -0.5684994863991042, -0.15155290680177297, -0.057498889863620575, 0.21637810873807362, 0.5814217172657292, 0.7152299566779919, -0.024506356456697728]], "inverted": true, "swapped": false, "error_lsq": 0.048063828658804236, "error_max": 0.25531515887733247, "target": "716.xyz", "model": "3.xyz", "model_rescale": 3.9243930471874484, "target_rescale": 4.047932989024973},
{"mapping": [2, 5, 3, 0, 6, 4, 10, 8, 11, 7, 9, 1, 12], "R": [[-0.018414441406955053, -0.9186541247645863, -0.3946333835355057], [0.7754523948035881, 0.23603000417950995, -0.5856307885693858], [0.6311374586736632, -0.3168034661742706, 0.7080261803626458]], "T": [0.11766591463569333, 0.1080447029225301, -0.0525836110404994], "aligned_model": [[-0.4333029889212515, -0.4450766436198218, -0.3540227821885704, -0.6648111470673643, -0.29162065106532076, 0.17027277368302102, 0.4696494596381565, 0.6958305481891383, 0.3749970377199661, 0.15391202345025967, 0.6186350562163229, -0.05967662091514188, 0.020089893251771962], [-0.631341041451608, 0.4756535462187046, -0.017709965250725768, -0.11195826427366504, 0.6217100192466897, -0.41182532687808193, 0.2594230296908481, -0.14095799375610546, 0.8562301223187011, -0.6369863283012077, 0.35497327012373386, -0.06746558296800625, 0.135405111281086], [-0.08351059995208997, 0.29642591781705147, -0.5158857879030044, 0.19771759889267465, -0.35283178285671724, -0.3342481986910624, -0.6444618973048594, -0.04485816794606297, -0.04103576783579553, 0.2415825682216189, 0.3783961955175367, 0.6166742350946861, 0.00997307597153553]], "inverted": true, "swapped": false, "error_lsq": 0.04716529289390296, "error_max": 0.24609730128466187, "target": "716.xyz", "model": "4.xyz", "model_rescale": 3.8936222436046832, "target_rescale": 4.047932989024973},
{"mapping": [0, 2, 3, 9, 1, 4, 6, 8, 7, 5, 11, 12], "R": [[-0.7506953426457295, 0.6152045872134575, -0.24078998816713698], [-0.15484183659291526, -0.518166893821393, -0.841146286794409], [-0.6422464543853423, -0.5941602359793262, 0.4842448820694421]], "T": [-0.03354282467581368, 0.02627080918760936, -0.06250252370707297], "aligned_model": [[0.06414702757237008, -0.5556855133294957, -0.3349872158871444, 0.40342951740189914, -0.612195322625034, -0.554306068644006, -0.098147743245556, -0.08875983864933508, 0.567340623080204, 0.22400974763515916, 0.07740064392179771, -0.06469781501576216], [-0.46240864584008395, -0.5073927509441555, 0.0649374601909639, -0.041215756923193334, 0.3846979659110449, -0.043231932481657645, -0.3063501966835951, 0.41058697059324434, -0.011414244793219338, -0.5811684781334757, 0.6478641664198803, 0.11401834779405469], [-0.5798008393526576, -0.23383876050502606, -0.7615708345762146, -0.42547856819094454, -0.1153793425678589, 0.34885827281823845, 0.7315689359393799, 0.5897881454598779, 0.28632718965144976, 0.14020705098006614, -0.33157952567323484, -0.029817004707557354]], "inverted": true, "swapped": true, "error_lsq": 0.0414522761118803, "error_max": 0.2408381128316412, "target": "716.xyz", "model": "5.xyz", "model_rescale": 3.6523030999806103, "target_rescale": 4.047932989024973},
{"mapping": [5, 2, 3, 1, 4, 7, 11, 9, 10, 8, 10, 6, 12], "R": [[0.17780049156278854, -0.13976861720600214, 0.9740902005688967], [-0.6039763879357261, -0.796991593615116, -0.004113699424101502], [0.7769166673563803, -0.5875960630834423, -0.22612244168303014]], "T": [-0.03634788910152677, -0.031391286017603874, -0.006925533051908989], "aligned_model": [[-0.2164138808057886, -0.497005416447527, -0.4770370606157175, -0.6726442249926932, -0.06643302545798038, 0.0630557046773599, 0.41411842051972836, 0.6738971777769821, 0.4530940694246841, 0.21049548634024073, 0.4530940694246841, 0.0013119909222516352, -0.08465735239505841], [-0.6847096210733132, 0.5410483676063114, 0.05861644256682113, -0.1002887844734088, 0.5060205365283514, -0.28071458615286227, 0.2932524383313596, -0.15712186898421945, 0.511327072983239, -0.5125432495192082, 0.511327072983239, 0.08508787138401044, -0.08615109617995634], [-0.07515251963596617, 0.18365022528980504, -0.5363897583336447, 0.26280576589474824, -0.2054576953963658, -0.6352366639820318, -0.6897546180197511, -0.05598305706463824, 0.2661612548094825, 0.3946516558988038, 0.2661612548094825, 0.6315404420788839, -0.08305889732329676]], "inverted": true, "swapped": false, "error_lsq": 0.05180756313482942, "error_max": 0.33634999021633144, "target": "716.xyz", "model": "6.xyz", "model_rescale": 4.08911054899281, "target_rescale": 4.047932989024973},
{"mapping": [2, 11, 13, 1, 12, 7, 5, 4, 10, 6, 8, 9, 14], "R": [[0.7272663699075923, -0.4455303648882372, 0.5220979995786116], [0.40266032203402685, -0.3390664374601468, -0.8502344476951865], [0.5558311724443742, 0.8285750689893095, -0.06719421692730548]], "T": [0.04990989085770958, 0.015357369021965737, 0.018836820257468606], "aligned_model": [[-0.37620924093645747, -0.2800646898097834, -0.5623348375215134, -0.5647076856075167, -0.14282308004444846, 0.06910462025048075, 0.5491959947950397, 0.7526552880979878, 0.28125304269178564, 0.20147970530476372, 0.4552247764145148, -0.10509663755694493, -0.022801297706742718], [-0.6478062057520333, 0.4856013949818929, 0.058927560313101916, -0.19443840749397037, 0.4861327488485531, -0.38330711978873766, 0.17741524872339634, -0.035207815000923605, 0.6951833813680074, -0.4600419510239253, 0.3317260882293877, 0.11397777318760971, 0.05698789940800452], [-0.15079838217177605, 0.13932912341193676, -0.38010246504084455, 0.3596843311937852, -0.4803890421410629, -0.6444784533962367, -0.5333876446343783, 0.03985011425412459, -0.04109512063500384, 0.005989863346761569, 0.4669212434838439, 0.7809419966857832, 0.16147182466857835]], "inverted": true, "swapped": false, "error_lsq": 0.04777284837990544, "error_max": 0.2588590421704804, "target": "716.xyz", "model": "7.xyz", "model_rescale": 3.964800864290218, "target_rescale": 4.047932989024973},
{"mapping": [8, 2, 1, 7, 0, 5, 3, 10, 6, 8, 11, 12, 13], "R": [[0.7467608719104065, -0.3271311618901057, -0.5790797899288483], [0.20394155799573388, -0.7161045126825457, 0.6675343944981162], [-0.6330529528450858, -0.6165870010275301, -0.46804319144497175]], "T": [0.028233672537729817, 0.17821477584100212, 0.004308777228729868], "aligned_model": [[-0.06069117821992512, -0.47692608757924637, -0.591110095242046, -0.5817708405716802, -0.21200154210826894, 0.2817401898056355, 0.3431668999844504, 0.7106991879482355, 0.3790541436302944, -0.06069117821992512, 0.6034477162719735, -0.1246258572683043, 0.04458459993997135], [-0.5828622809876023, 0.5961493119431821, -0.05133637324783688, -0.08930755514005859, 0.6149300008480819, -0.4275051113354408, 0.4071256613844245, -0.27029851630092117, 0.6401567616703856, -0.5828622809876023, 0.3344943868932796, -0.005463104491903598, 0.10192969575237501], [0.06685208937414593, 0.0978666098549018, -0.3518364999219569, 0.2556640265757933, -0.5102067486922571, -0.5132900896073896, -0.6075568652387364, -0.0863039153409003, -0.0020490501466642608, 0.06685208937414593, 0.5803632985667093, 0.7209476944753852, 0.006634749752334686]], "inverted": true, "swapped": false, "error_lsq": 0.04531592560832791, "error_max": 0.34351797033132875, "target": "716.xyz", "model": "8.xyz", "model_rescale": 4.121658175737393, "target_rescale": 4.047932989024973},
{"mapping": [1, 5, 0, 4, 10, 2, 3, 8, 11, 6, 7, 9, 12], "R": [[0.9808251720615281, 0.10126263089428952, 0.1665168503030271], [-0.18970093454035805, 0.6919023270634267, 0.6966238046741798], [-0.0446714370150396, -0.7148545652009098, 0.6978448347064192]], "T": [0.06813320062440752, 0.08724702017936327, -0.0034831135929617035], "aligned_model": [[-0.2579479567220904, -0.36920965115371185, -0.5875553870462619, -0.704446987561782, -0.11564501570440473, 0.23179303259696565, 0.2499693491677219, 0.7346859417945892, 0.5401640610135341, 0.2435260986798602, 0.38417328507563886, -0.11835288139713747, 0.023722069628244094], [-0.4941672854940631, 0.48801128291098334, 0.028667996878522076, -0.25029947673834313, 0.7314821768126077, -0.3267537690078811, 0.2882897219985639, -0.20151505592671054, 0.4853891070784691, -0.4615276362865426, 0.43714504402160753, -0.05306554578118887, 0.013494035534338991], [-0.17829787182402962, 0.1692511968133365, -0.43413984133541844, 0.27456388416011857, -0.3607889500357828, -0.5365546442621006, -0.7445643767471395, 0.05015683764421103, -0.15079848968598764, 0.3815698150108988, 0.4791150093256381, 0.795719703019171, -0.02129488305740424]], "inverted": false, "swapped": false, "error_lsq": 0.04439466224521634, "error_max": 0.23111868480187184, "target": "716.xyz", "model": "9.xyz", "model_rescale": 3.833441315466971, "target_rescale": 4.047932989024973},
{"mapping": [1, 7, 12, 6, 11, 0, 10, 13, 8, 5, 9, 3, 14], "R": [[-0.25326087270860353, -0.24465869712888977, 0.9359492786866558], [0.48939104967095903, 0.8021574465999256, 0.3421108466071267], [-0.8344790775428906, 0.5446884915100394, -0.08342131837656551]], "T": [-0.046301675807670584, 0.01421312708843394, 0.0020581114848565], "aligned_model": [[-0.2960626661139595, -0.2696835650973396, -0.47316117776918937, -0.6634141432556289, -0.2292681361300351, 0.21979208377661358, 0.3014884337667297, 0.6638376066523408, 0.44990627193190164, 0.20746318872299552, 0.3919805168836739, -0.032803037741300334, -0.015199417255636956], [-0.6056183934976576, 0.5714658694761924, 0.00752323328129386, -0.24626131581390368, 0.6153998836620042, -0.4176035488720318, 0.29802449252343544, -0.3455339416046246, 0.6012832516510802, -0.5673468996394353, 0.5209405579112326, 0.19237910131077682, 0.060498305612001146], [-0.31264375810441175, 0.2909938991964464, -0.4231080539337786, 0.11410647229359462, -0.2633375161378047, -0.4524211852673958, -0.686598037875633, -0.0423354408463886, -0.127115042935175, 0.23620876877418273, 0.4592737684281723, 0.8519972399801792, 0.07891627545352344]], "inverted": false, "swapped": false, "error_lsq": 0.04405167490742893, "error_max": 0.21002358377026512, "target": "716.xyz", "model": "10.xyz", "model_rescale": 4.2482417240324, "target_rescale": 4.047932989024973},
{"mapping": [9, 7, 8, 6, 3, 1, 11, 4, 5, 2, 0, 12], "R": [[0.2216028009697947, 0.7990699540821496, -0.5589091223852881], [-0.9295094615272995, 0.3463671448162039, 0.12665686686121877], [0.2947954537193055, 0.49144380093254025, 0.819499012196724]], "T": [-0.06060190220320666, 0.03527742082401191, 0.01999017294746054], "aligned_model": [[-0.5822911789173602, -0.02640423038647654, 0.5354950343159315, 0.6812774479202053, -0.5434311573813753, 0.15073077686498865, -0.36401343946087633, 0.5455499604093181, 0.014144076305990683, 0.038995911471419425, -0.5541184068351329, -0.0191691919436255], [-0.19475755579815596, -0.6569240436933167, -0.15667311156289887, -0.3144321890315772, 0.6224882769713016, 0.6195589416165539, 0.14768601994240457, 0.29772035203897806, -0.36950008329268386, 0.49665997098280185, 0.11392236644783013, 0.06038244542940144], [-0.02664759401633228, 0.08204580738033866, 0.4490057705903235, -0.24959883037118108, -0.0358636981885818, 0.302935929676146, 0.6252958262087124, -0.07459481313607112, -0.5340632521053484, -0.5833275764079651, -0.49596030583117845, 0.10596502605549427]], "inverted": false, "swapped": true, "error_lsq": 0.040734054453226164, "error_max": 0.19473652236737157, "target": "716.xyz", "model": "11.xyz", "model_rescale": 3.6694154284099745, "target_rescale": 4.047932989024973},
{"mapping": [3, 12, 2, 1, 10, 8, 9, 11, 7, 4, 5, 0, 13], "R": [[0.36037472504010654, -0.6562720102419017, 0.662900525060375], [-0.920987074351868, -0.13755168108586363, 0.3645028722894237], [-0.14802995112157102, -0.741880437539302, -0.6539881879418306]], "T": [0.09282886330742714, 0.10856719917403157, 0.035272698433246645], "aligned_model": [[-0.28645546371513586, -0.3908771069882044, -0.45930093284424567, -0.6386889868334422, -0.07323305912759108, 0.03386372927121199, 0.49842145456709275, 0.6605079063249476, 0.5042299115829989, 0.11213247887841989, 0.3027809875282466, -0.051549448311612386, 0.04304448803847914], [-0.6354942801965283, 0.5610682732866855, 0.005315257698756737, -0.25858855475387565, 0.5500214085693441, -0.2683119221767122, 0.23225648458753306, -0.29654723683355133, 0.711143086502981, -0.5893895830620199, 0.6500757398764945, -0.03309601819600849, 0.05669794069726472], [-0.17392771933702533, 0.1870614084671124, -0.29760159942619396, 0.2510313167651048, -0.39025098625749755, -0.6182432479437888, -0.6465497692804948, -0.2069079093041285, -0.10549944354461113, 0.28055284501440914, 0.5895825381060928, 0.7207100043948221, 0.1339799513717101]], "inverted": false, "swapped": false, "error_lsq": 0.04496379398336222, "error_max": 0.31469778279402016, "target": "716.xyz", "model": "12.xyz", "model_rescale": 3.9764082729961374, "target_rescale": 4.047932989024973},
{"mapping": [9, 4, 0, 5, 7, 1, 8, 10, 3, 12, 14, 6, 15], "R": [[0.4127398604079491, 0.21985482519062555, -0.8839172265946773], [0.41037895485814185, -0.9112421206241135, -0.0350272895041531], [-0.8131635266291557, -0.34828386905061803, -0.46632973904648845]], "T": [0.06159618227487455, -6.143517128305576e-05, 0.014261016437220539], "aligned_model": [[-0.339778274783464, -0.5076663317530896, -0.5422048538099069, -0.664614531881576, -0.24228229658599326, 0.21995124839528807, 0.5366977546270405, 0.7365872600167215, 0.4207772866199668, 0.21174999614365547, 0.4738045484716133, -0.08999477154378833, 0.041848924454697393], [-0.4145624585838507, 0.41465912231049046, 0.04912598630258991, -0.2631108181193322, 0.5539892580175456, -0.405007090581344, 0.22733945891176593, -0.348395773290705, 0.7518914551791489, -0.6121753015938425, 0.4379620028541616, 0.18967806671457232, 0.10375668787916333], [-0.15481462736956775, 0.15501175747895296, -0.38588000857016, 0.34021642229781773, -0.4001293772559411, -0.4486269478257435, -0.45714132336104357, -0.24879246256290471, -0.10405733500786381, 0.11418089264887597, 0.5405952924946078, 0.7386075563224379, 0.034767549736043374]], "inverted": true, "swapped": false, "error_lsq": 0.04600344204668127, "error_max": 0.27959484915894056, "target": "716.xyz", "model": "13.xyz", "model_rescale": 4.170626492500431, "target_rescale": 4.047932989024973},
{"mapping": [7, 3, 0, 1, 2, 8, 4, 12, 6, 10, 5, 11, 13], "R": [[0.12665378843407576, 0.9454295949960743, 0.3002027627801835], [-0.7834606070826673, 0.2809631104652632, -0.5543006473993537], [-0.6083981385778188, -0.16499276185106757, 0.776291886800192]], "T": [-0.049481580714499734, 0.05133362931444453, -0.03214474271552716], "aligned_model": [[-0.354657018275516, -0.4334839789097231, -0.4815470787461783, -0.76776603322608, -0.2341753060630786, 0.26961859579410197, 0.3907201794223465, 0.6386285352601755, 0.2514829425546746, 0.10249306815973466, 0.7275484718962885, 0.14038264623053848, 0.005630934273881519], [-0.6612397866655882, 0.49839137252201204, -0.03456211841596836, -0.17868200776642268, 0.5468719550978283, -0.4702824057568604, 0.18016578721132293, -0.19408313939469263, 0.7871591195813699, -0.4435676269440647, 0.37373001261790434, 0.18481435336549223, 0.09643508054803063], [-0.2699195984862697, 0.32584287836704195, -0.4343881173786198, 0.11609398998874329, -0.4236318596593788, -0.45362793587225775, -0.5731510421770739, 0.012365920230081408, 0.242574151132138, 0.19214247856141414, 0.31354977232448755, 0.6355334153550485, 0.04055333664015671]], "inverted": false, "swapped": false, "error_lsq": 0.05144065511267847, "error_max": 0.35194845444832384, "target": "716.xyz", "model": "14.xyz", "model_rescale": 3.9786697098870705, "target_rescale": 4.047932989024973},
{"mapping": [1, 8, 2, 3, 4, 5, 10, 7, 9, 11, 6, 12], "R": [[-0.5595222799260432, -0.8266691614699083, -0.059606339771882455], [0.3691504496009562, -0.1841730918871399, -0.9109380976686303], [0.7420665494588571, -0.5316938684049024, 0.4082142409015833]], "T": [0.15702989121710104, -0.007422597762461916, -0.00219863478870733], "aligned_model": [[-0.04500905488635559, -0.6002160728164381, 0.5606619228075571, 0.6872121789346293, -0.1803253493370619, 0.3528592158321571, -0.5550399344474772, -0.06371513069525489, 0.5258294975024966, 0.03507096080589772, -0.31224724059870274, 0.07827360366588881], [-0.424849116819784, 0.04495299535129737, 0.2351329816528363, -0.48771299284637704, 0.19337255949395454, 0.6406229543888966, -0.42057084232423264, 0.3240990653887444, -0.08482406576346886, -0.6415613654344691, 0.7007674949384579, -0.06475517780141642], [-0.5032376187786226, -0.010340798682942633, -0.606378957817983, -0.26542517663957127, -0.5417497804447724, 0.1323183712463642, 0.4016841609337825, 0.5683522149739214, 0.42820435819634745, 0.23035938075845896, -0.15584035513255917, -0.017979304738593507]], "inverted": false, "swapped": true, "error_lsq": 0.05736484870421433, "error_max": 0.319990732892253, "target": "716.xyz", "model": "15.xyz", "model_rescale": 3.769337070930944, "target_rescale": 4.047932989024973},
{"mapping": [9, 11, 5, 7, 0, 3, 2, 1, 6, 8, 12], "R": [[0.9035345659385141, -0.06734573921870796, 0.4231900749821371], [-0.3839072402458393, 0.3115148425811444, 0.8692374438198508], [-0.19036942780059113, -0.9478518102850945, 0.2556099111891887]], "T": [-0.036161546846510594, 0.01355299219840344, -0.006376803959571204], "aligned_model": [[-0.24234906790540953, -0.3236168644887675, -0.035734784381501176, -0.6294619823654175, 0.2823196946631185, 0.4281166589925404, 0.6962987010238896, 0.291772307433239, -0.0960439662719387, -0.38669991642191437, -0.061974649586668], [0.012897406285571893, -0.6041010322050365, 0.6870919883585669, 0.37578634431427305, 0.1975710517748913, -0.4374422825380404, 0.23425074591822778, -0.4671183032121706, 0.6562483676768982, -0.006906640712648484, -0.052213148035190886], [-0.539984477800722, -0.08981620990350585, -0.1572145495020761, -0.03711508352206555, -0.6233496695901302, -0.4090048505513247, -0.0461307416229748, 0.35072148925688157, 0.5669614576779519, 0.6666278041290699, 0.06252243865267292]], "inverted": true, "swapped": true, "error_lsq": 0.04469670153810929, "error_max": 0.28803802711616117, "target": "716.xyz", "model": "16.xyz", "model_rescale": 3.7852294659196426, "target_rescale": 4.047932989024973},
{"mapping": [2, 4, 3, 1, 0, 8, 9, 11, 10, 2, 6, 5, 12], "R": [[0.48657985654627856, 0.8314621551217175, 0.2681617567882344], [-0.4880652826394215, 0.5132926972423285, -0.705919886984208], [-0.724591142014243, 0.21260595372200766, 0.655565698733888]], "T": [-0.007659777341671673, 0.03851689131193349, -0.0096293887029203], "aligned_model": [[-0.07301635007763875, -0.3785660018627782, -0.6599240786680447, -0.5474916679768872, -0.2832062796981072, 0.19208816013232363, 0.49894620626695796, 0.6371134673648745, 0.4805523430193239, -0.07301635007763875, 0.5749511251318989, -0.185421323658237, 0.0718667084751185], [-0.5675541371661257, 0.612460381968689, -0.2123252959131079, -0.191605863664423, 0.45522089622847095, -0.18069051348437254, 0.37041169586669376, -0.30729403201516703, 0.67214383247927, -0.5675541371661257, 0.26418548155306437, 0.26061958292613147, 0.07713270438736593], [0.040305047010570964, 0.1769292541786992, -0.3892671759237552, 0.35075818286742416, -0.47457998077091046, -0.5895041910610007, -0.6264421654782818, -0.0607600316826838, 0.08743193335012753, 0.040305047010570964, 0.6204749356747948, 0.583059600218972, -0.03477306636901638]], "inverted": false, "swapped": false, "error_lsq": 0.052448116574498375, "error_max": 0.32043296319490233, "target": "716.xyz", "model": "17.xyz", "model_rescale": 3.901054581598922, "target_rescale": 4.047932989024973},
{"mapping": [4, 5, 10, 8, 9, 6, 11, 7, 12, 1, 3, 2, 14], "R": [[-0.8732339389013323, -0.18565534259374566, 0.4505492001072285], [0.009949194950562443, -0.9311802659339877, -0.3644232784207724], [0.4871996525765389, -0.3137441730160211, 0.8149853326458047]], "T": [0.0011754290711562254, 0.04875629879357268, 0.040691158843436104], "aligned_model": [[-0.4715176653173869, -0.4870834197661996, -0.502086349876152, -0.49545708640470976, -0.21269679867498612, 0.35397514458708623, 0.28854358761152177, 0.6344569731802924, 0.5659874354771054, 0.22291300250505688, 0.49928037042485673, -0.16463900070483203, 0.023199765329512408], [-0.5449521305218277, 0.40293765482289806, 0.04748092973195317, -0.2277801524023208, 0.5940933753482696, -0.3562114100204169, 0.2521889698472028, -0.13680410691494013, 0.5049989305755384, -0.6040929500581915, 0.3791677166322366, 0.2830736342628583, 0.09105013469710355], [-0.18212156383422493, 0.2026939692168018, -0.6067497291250395, 0.3831849367021992, -0.2610633182865194, -0.4839604024998686, -0.6753854283536184, -0.02410734053181554, -0.116805388552254, 0.14220892200422008, 0.5162178687910955, 0.8161517079139523, 0.013673155580582814]], "inverted": true, "swapped": false, "error_lsq": 0.04587996611236357, "error_max": 0.2893121971812172, "target": "716.xyz", "model": "18.xyz", "model_rescale": 3.9405287249114394, "target_rescale": 4.047932989024973},
{"mapping": [6, 11, 5, 2, 9, 8, 7, 12, 13, 1, 14, 10, 15], "R": [[0.7968187056617742, 0.18390896520595423, -0.5755496875373753], [-0.24997269384281262, -0.7668725032623105, -0.5911177683619104], [-0.5500850867279194, 0.6148854009139206, -0.5650861360027024]], "T": [0.21690686222130237, -0.0068375831861077, -0.028271952608127697], "aligned_model": [[-0.2563198457930027, -0.17281510773742462, -0.5698296992294947, -0.540088402080453, -0.12769532109625423, -0.11725589382589743, 0.3285349594746858, 0.7049443832540404, 0.44772978549347553, 0.19653615853937403, 0.38631513303496523, -0.20875910485840324, 0.18357891319555475], [-0.5558426859009226, 0.5721434438031315, 0.0035273191787407385, -0.3023897063038231, 0.5171355396546108, -0.2803546472134879, 0.25621825117570574, -0.08713577957823279, 0.6239980712178352, -0.6226325727957931, 0.434430422348128, 0.13816387302523295, -0.012110932610761935], [-0.20974739339078408, 0.15092335541580224, -0.2969740077443162, 0.2798390588120633, -0.47066470656082693, -0.6493965968565577, -0.6716741167738555, 0.20733500809079647, -0.018423064508219338, 0.20816194763155693, 0.5851792248688971, 0.6164660555108415, -0.007087375469886151]], "inverted": true, "swapped": false, "error_lsq": 0.05583397764309624, "error_max": 0.36868983709510766, "target": "716.xyz", "model": "19.xyz", "model_rescale": 4.410303926677745, "target_rescale": 4.047932989024973},
{"mapping": [8, 2, 1, 7, 0, 5, 3, 10, 6, 8, 11, 12, 13], "R": [[0.7467608719104065, -0.3271311618901057, -0.5790797899288483], [0.20394155799573388, -0.7161045126825457, 0.6675343944981162], [-0.6330529528450858, -0.6165870010275301, -0.46804319144497175]], "T": [0.028233672537729817, 0.17821477584100212, 0.004308777228729868], "aligned_model": [[-0.06069117821992512, -0.47692608757924637, -0.591110095242046, -0.5817708405716802, -0.21200154210826894, 0.2817401898056355, 0.3431668999844504, 0.7106991879482355, 0.3790541436302944, -0.06069117821992512, 0.6034477162719735, -0.1246258572683043, 0.04458459993997135], [-0.5828622809876023, 0.5961493119431821, -0.05133637324783688, -0.08930755514005859, 0.6149300008480819, -0.4275051113354408, 0.4071256613844245, -0.27029851630092117, 0.6401567616703856, -0.5828622809876023, 0.3344943868932796, -0.005463104491903598, 0.10192969575237501], [0.06685208937414593, 0.0978666098549018, -0.3518364999219569, 0.2556640265757933, -0.5102067486922571, -0.5132900896073896, -0.6075568652387364, -0.0863039153409003, -0.0020490501466642608, 0.06685208937414593, 0.5803632985667093, 0.7209476944753852, 0.006634749752334686]], "inverted": true, "swapped": false, "error_lsq": 0.04531592560832791, "error_max": 0.34351797033132875, "target": "716.xyz", "model": "20.xyz", "model_rescale": 4.121658175737393, "target_rescale": 4.047932989024973},
{"mapping": [5, 2, 3, 1, 4, 7, 11, 9, 10, 8, 10, 6, 12], "R": [[0.17780049156278854, -0.13976861720600214, 0.9740902005688967], [-0.6039763879357261, -0.796991593615116, -0.004113699424101502], [0.7769166673563803, -0.5875960630834423, -0.22612244168303014]], "T": [-0.03634788910152677, -0.031391286017603874, -0.006925533051908989], "aligned_model": [[-0.2164138808057886, -0.497005416447527, -0.4770370606157175, -0.6726442249926932, -0.06643302545798038, 0.0630557046773599, 0.41411842051972836, 0.6738971777769821, 0.4530940694246841, 0.21049548634024073, 0.4530940694246841, 0.0013119909222516352, -0.08465735239505841], [-0.6847096210733132, 0.5410483676063114, 0.05861644256682113, -0.1002887844734088, 0.5060205365283514, -0.28071458615286227, 0.2932524383313596, -0.15712186898421945, 0.511327072983239, -0.5125432495192082, 0.511327072983239, 0.08508787138401044, -0.08615109617995634], [-0.07515251963596617, 0.18365022528980504, -0.5363897583336447, 0.26280576589474824, -0.2054576953963658, -0.6352366639820318, -0.6897546180197511, -0.05598305706463824, 0.2661612548094825, 0.3946516558988038, 0.2661612548094825, 0.6315404420788839, -0.08305889732329676]], "inverted": true, "swapped": false, "error_lsq": 0.05180756313482942, "error_max": 0.33634999021633144, "target": "716.xyz", "model": "21.xyz", "model_rescale": 4.08911054899281, "target_rescale": 4.047932989024973},
{"mapping": [5, 7, 6, 10, 0, 11, 1, 15, 4, 9, 3, 12, 16], "R": [[-0.09646786492861592, -0.4015917093133754, 0.9107239153809873], [0.2159431849655036, -0.9016420839241406, -0.3747133482595558], [0.9716287829737592, 0.16051682624477193, 0.1737004795308208]], "T": [0.08460815520854531, 0.05388963384547721, -0.040369751074700456], "aligned_model": [[-0.24950679171947054, -0.49951065202581674, -0.5547398637208734, -0.6062885696228366, -0.1622006987450491, 0.3120916771269253, 0.3838960128875587, 0.7486286604720873, 0.3319766644295232, 0.0039318554761977875, 0.5621726883050189, -0.09041777645588431, 0.07484275196378483], [-0.5630308304494908, 0.37496238188976494, 0.19575948550333191, -0.24972655826346, 0.7133846385276964, -0.49368525459993784, 0.18047429398080847, -0.23387448445223, 0.7043090842398061, -0.5294332944115782, 0.4676913957323776, 0.018231150038195962, 0.10008858826507933], [-0.11456811306159281, 0.20764979958175292, -0.3962787063328882, 0.24531247224602917, -0.3632182086962092, -0.5244214208973015, -0.7645254548638568, -0.12854910639138964, 0.004968368232225566, 0.36059571825355613, 0.555431425394532, 0.6759150399209266, -0.034374424360272604]], "inverted": false, "swapped": false, "error_lsq": 0.0421737328646892, "error_max": 0.27189889768751824, "target": "716.xyz", "model": "22.xyz", "model_rescale": 4.204369325754507, "target_rescale": 4.047932989024973},
{"mapping": [6, 11, 5, 2, 9, 8, 7, 12, 13, 1, 14, 10, 15], "R": [[0.7968187056617742, 0.18390896520595423, -0.5755496875373753], [-0.24997269384281262, -0.7668725032623105, -0.5911177683619104], [-0.5500850867279194, 0.6148854009139206, -0.5650861360027024]], "T": [0.21690686222130237, -0.0068375831861077, -0.028271952608127697], "aligned_model": [[-0.2563198457930027, -0.17281510773742462, -0.5698296992294947, -0.540088402080453, -0.12769532109625423, -0.11725589382589743, 0.3285349594746858, 0.7049443832540404, 0.44772978549347553, 0.19653615853937403, 0.38631513303496523, -0.20875910485840324, 0.18357891319555475], [-0.5558426859009226, 0.5721434438031315, 0.0035273191787407385, -0.3023897063038231, 0.5171355396546108, -0.2803546472134879, 0.25621825117570574, -0.08713577957823279, 0.6239980712178352, -0.6226325727957931, 0.434430422348128, 0.13816387302523295, -0.012110932610761935], [-0.20974739339078408, 0.15092335541580224, -0.2969740077443162, 0.2798390588120633, -0.47066470656082693, -0.6493965968565577, -0.6716741167738555, 0.20733500809079647, -0.018423064508219338, 0.20816194763155693, 0.5851792248688971, 0.6164660555108415, -0.007087375469886151]], "inverted": true, "swapped": false, "error_lsq": 0.05583397764309624, "error_max": 0.36868983709510766, "target": "716.xyz", "model": "23.xyz", "model_rescale": 4.410303926677745, "target_rescale": 4.047932989024973},
{"mapping": [3, 11, 10, 1, 9, 4, 15, 5, 14, 0, 13, 7, 16], "R": [[-0.8234012643989039, 0.457722576412001, 0.3354107941450999], [0.5444238233338559, 0.47050699976163846, 0.6944248438541412], [0.1600408022125395, 0.7543959213954312, -0.6366111335887124]], "T": [0.09581869787477795, 0.089831568620815, -0.021692314550633085], "aligned_model": [[-0.3396833925958074, -0.3398759372659884, -0.43871078823899445, -0.6241812215338327, -0.07643334424374351, 0.08587048120219495, 0.5124510118834024, 0.6019076706502818, 0.27745717677370485, 0.17174189347221958, 0.4624474209164291, -0.0672793701485096, 0.029164357499808613], [-0.6894823814219582, 0.524204090573058, 0.06446816639523949, -0.19303823956946586, 0.5100240765188812, -0.3883608951121193, 0.4290440348525754, -0.22105046905053505, 0.7417142633990929, -0.5486658456055781, 0.40639905844223084, 0.05984022655275757, -0.009945489973815322], [-0.13241124291675077, 0.12734520989594925, -0.3923928305714569, 0.34968369064669425, -0.4531867802401907, -0.516785612430146, -0.4914439601161756, -0.2286424141308873, -0.007325503960587398, 0.3744674152082737, 0.48777311868125256, 0.6220704028307991, -0.015214103871263075]], "inverted": false, "swapped": false, "error_lsq": 0.04207725259878067, "error_max": 0.23253676198325662, "target": "716.xyz", "model": "24.xyz", "model_rescale": 4.28219845311461, "target_rescale": 4.047932989024973},
{"mapping": [14, 0, 2, 6, 4, 13, 7, 9, 3, 11, 5, 8, 15], "R": [[-0.2276395256403117, 0.8777901846470134, -0.4215028328536075], [-8.095466129320883e-05, 0.4328505041118726, 0.9014657145651412], [0.9737454697263537, 0.20524335026368118, -0.09846282222211183]], "T": [0.06879610250046853, 0.004384686602262308, -0.0332521527320427], "aligned_model": [[-0.3145065174627544, -0.5977806735597214, -0.5223714370026713, -0.7177973307611019, -0.10494835964283741, 0.07682635564262441, 0.4835436797360321, 0.7403624061793284, 0.46156156704579965, 0.2913754918326884, 0.5290764490494789, -0.07957876508954759, 0.009113092403847445], [-0.6534473678501943, 0.4737845996563176, -0.10492372759856365, -0.06166200075336793, 0.592498005225368, -0.22093942520504245, 0.24285539679928936, -0.041902109367919146, 0.6720513216045316, -0.4309181000313735, 0.11116858761818786, 0.05844127622231855, 0.04814413968081134], [-0.011326948997111605, -0.0033641069970848786, -0.36089927268066, 0.40161074612246384, -0.43147841926698977, -0.5828711267583464, -0.646980246683738, -0.09432519228959066, -0.03463027647872561, 0.20642882407271307, 0.6752814611344313, 0.6427721373013244, -0.036280189453174]], "inverted": true, "swapped": false, "error_lsq": 0.05081032749513344, "error_max": 0.35138292318140885, "target": "716.xyz", "model": "25.xyz", "model_rescale": 4.100010024507729, "target_rescale": 4.047932989024973},
{"mapping": [9, 7, 8, 6, 3, 1, 11, 4, 5, 2, 0, 12], "R": [[0.2216028009697947, 0.7990699540821496, -0.5589091223852881], [-0.9295094615272995, 0.3463671448162039, 0.12665686686121877], [0.2947954537193055, 0.49144380093254025, 0.819499012196724]], "T": [-0.06060190220320666, 0.03527742082401191, 0.01999017294746054], "aligned_model": [[-0.5822911789173602, -0.02640423038647654, 0.5354950343159315, 0.6812774479202053, -0.5434311573813753, 0.15073077686498865, -0.36401343946087633, 0.5455499604093181, 0.014144076305990683, 0.038995911471419425, -0.5541184068351329, -0.0191691919436255], [-0.19475755579815596, -0.6569240436933167, -0.15667311156289887, -0.3144321890315772, 0.6224882769713016, 0.6195589416165539, 0.14768601994240457, 0.29772035203897806, -0.36950008329268386, 0.49665997098280185, 0.11392236644783013, 0.06038244542940144], [-0.02664759401633228, 0.08204580738033866, 0.4490057705903235, -0.24959883037118108, -0.0358636981885818, 0.302935929676146, 0.6252958262087124, -0.07459481313607112, -0.5340632521053484, -0.5833275764079651, -0.49596030583117845, 0.10596502605549427]], "inverted": false, "swapped": true, "error_lsq": 0.040734054453226164, "error_max": 0.19473652236737157, "target": "716.xyz", "model": "26.xyz", "model_rescale": 3.6694154284099745, "target_rescale": 4.047932989024973},
{"mapping": [5, 2, 1, 0, 6, 7, 3, 9, 12, 8, 11, 10, 13], "R": [[-0.6951636884458052, -0.44088253684079226, -0.5677763952254892], [-0.2438475496967064, 0.8876341419314744, -0.3906968167063658], [0.6762291170700473, -0.13314735741426761, -0.7245591504082061]], "T": [0.0132921708034241, -0.03927992005875095, 0.053202324927452804], "aligned_model": [[-0.480255343593397, -0.2941977349550177, -0.588387183113256, -0.6423649701111427, -0.21097073388413784, 0.19879039340815835, 0.4258748525788601, 0.6950890082826617, 0.3440979542131428, 0.20350542517226156, 0.38405711574831175, 0.2339083504105056, -0.014271175785784646], [-0.5735001809739578, 0.4749462714255824, 0.027523357928981272, -0.044923209240482966, 0.48544171273801734, -0.37374956008732907, 0.1506545604370272, -0.04333796371779209, 0.6693658181951797, -0.6032497486480065, 0.5921413590929374, -0.07890606185259808, 0.0027442407028047955], [-0.25824279637252506, 0.3743736624584739, -0.5895775213778346, 0.1369591753224416, -0.3283259039895991, -0.44664664629093576, -0.615027907964872, 0.05357669816917049, -0.08141403616834114, 0.2858267921132388, 0.500433800876599, 0.6114576339704985, 0.08054443827919688]], "inverted": true, "swapped": false, "error_lsq": 0.05113818620045932, "error_max": 0.29355968730106197, "target": "716.xyz", "model": "27.xyz", "model_rescale": 4.103607728864725, "target_rescale": 4.047932989024973},
{"mapping": [3, 13, 10, 12, 6, 0, 5, 1, 7, 2, 8, 4, 14], "R": [[0.04705228518675275, 0.9457030119709658, -0.3216082953030721], [0.16750808895644342, 0.3099353626799615, 0.9358852018782011], [0.9847472379209119, -0.09790752835959182, -0.14382973718133177]], "T": [-0.1403598557230579, 0.16298648292692372, -0.13880212538038078], "aligned_model": [[-0.3089442458126856, -0.37469531132494693, -0.5551401724529147, -0.6563054915651078, -0.07766247340415253, 0.25411570162887953, 0.4178985181785493, 0.6681379648097956, 0.4626472198047089, -0.018921134474914877, 0.3143972701012213, 0.15601379490310588, -0.02666568202037245], [-0.5612798409078826, 0.3412966309239823, 0.16820867485325455, -0.34327943213373036, 0.6145478460075982, -0.3801425082057791, 0.28385360546881105, -0.1907832209174631, 0.5577759156944413, -0.4236896294348924, 0.561759938771674, -0.0033250865016269393, 0.060207702381977396], [-0.241507763705317, 0.4384022737044004, -0.4349529212103372, 0.3246507214423324, -0.5786073509916165, -0.3818899173912048, -0.5958350968813946, 0.016243361204523188, -0.11420504827891508, 0.28826283735681535, 0.4147822532217396, 0.7015028241607073, -0.11290878360622184]], "inverted": false, "swapped": false, "error_lsq": 0.05276056355713543, "error_max": 0.30736655281024833, "target": "716.xyz", "model": "28.xyz", "model_rescale": 4.137296879288765, "target_rescale": 4.047932989024973},
