[{"mapping": [12, 9, 13, 5, 6, 10, 1, 3, 8, 4, 7, 14], "R": [[-0.8942467485685608, 0.11667504494521772, 0.43209916287999095], [-0.329329618810767, 0.48224561114673703, -0.8117765534330647], [-0.3030919907363314, -0.8682315960714294, -0.3928220217028903]], "T": [-0.16225926728082993, 0.03763425639987068, 0.02475653598792689], "aligned_model": [[-0.2676768375481292, 0.1773940099397868, 0.3145854378373084, -0.19156215171216318, 0.026405186426958493, -0.5589384461625416, 0.37238254602593024, -0.25478304281940944, 0.6084826407436551, 0.14976796114560822, -0.360165730660728, -0.17824911075572739], [-0.24590905954478265, -0.5806367725450718, -0.2771647259385959, 0.6108067061862136, 0.4345223359148989, -0.695108900006781, -0.14292329699046807, -0.6465704301710654, 0.04110326669312571, 0.39126522148432713, 0.20805074740116375, -0.04388005650590675], [-0.6471920975386632, 0.09465881476197198, -0.4538515389365633, -0.1178816209055495, -0.6754532571811153, -0.10747453010810591, 0.6199131752816953, 0.5783004448560358, -0.03113118106663057, 0.28880365365847743, 0.621591745890874, 0.011668136641135814]], "inverted": false, "swapped": true, "error_lsq": 0.051114339736782366, "error_max": 0.3321754511593925, "target": "717.xyz", "model": "0.xyz", "model_rescale": 3.751011558992144, "target_rescale": 4.092143327793906},
{"mapping": [1, 2, 7, 3, 8, 4, 10, 0, 5, 13, 12, 6, 11, 9, 14], "R": [[-0.983932985746405, 0.17852662271825315, -0.0020308965948865054], [0.09602737140727452, 0.5195878249530657, -0.8490036726075756], [-0.15051452920158231, -0.8355577401600423, -0.5283830422694025]], "T": [-0.0008345711897418916, -0.007393968406002649, 0.045766406738324134], "aligned_model": [[0.24204969837212958, -0.595181092789095, 0.5890401719713929, 0.09687990996769585, -0.5460864318106052, -0.16714453620034417, -0.06817378981622299, 0.08071594240768311, -0.5528046611852185, -0.2712803083832886, 0.4698238979716921, 0.6430209150368809, 0.5851867578968519, -0.11084816530362161, 0.02443472092655646], [-0.10098356738452613, -0.5814115939676341, -0.2792698748150152, -0.7293657306079364, 0.043312579647974886, 0.5417182673796106, 0.7993163792577709, -0.6548185003568205, 0.0750493601654632, -0.3313484624410768, -0.2771565835557694, 0.2882920993324827, 0.37427718983403296, 0.26224274584984647, -0.005292278461877652], [-0.6007115650428274, 0.07729543773270242, -0.08768134592955443, 0.2751450113812638, -0.32913025450822386, -0.4986513721397221, 0.17667703554985023, -0.34113863026655344, 0.32615571523646003, 0.6368795831511805, 0.5533920965446864, -0.2027202276534909, 0.43000216476972786, 0.636852418051187, 0.09435507021744685]], "inverted": true, "swapped": false, "error_lsq": 0.042868701735837365, "error_max": 0.26804257082407057, "target": "717.xyz", "model": "1.xyz", "model_rescale": 3.9405287249114394, "target_rescale": 4.092143327793906},
{"mapping": [0, 11, 2, 13, 12, 7, 5, 6, 9, 1, 8, 4, 14], "R": [[0.20296773755275715, 0.8274604996816324, 0.5235582288335641], [0.5655650584019203, 0.33741435772302314, -0.7525209072957326], [-0.7993373894842828, 0.4488437062820235, -0.39949851702286565]], "T": [-0.08201967376168012, -0.01826969869991884, -0.020087435146206405], "aligned_model": [[-0.3213722458683659, 0.24613663384178175, -0.45679275907987393, 0.4862837173235785, 0.5916850646529239, -0.7140423466762713, 0.0012265742402270963, 0.5979292903711306, -0.04554764776767778, -0.5763248208042671, 0.08162443678080936, -0.33100998881435073, -0.06381262891571342], [0.702002363281889, 0.4958589943177805, 0.1419915690292356, -0.49983739746176187, 0.012039430709901329, 0.13775031504782015, 0.3656433966235733, 0.1836714304451138, -0.6620536370934004, -0.6479558068143827, -0.616881479956488, -0.10211606074254198, -0.051280523814721715], [-0.0644840252161774, -0.4154879383648707, -0.5681065127268397, 0.005773126597176121, -0.31711929260989824, 0.004934808251991097, 0.42196658583401486, 0.40452693665268297, -0.3145730451912783, 0.158272175675764, 0.4404156594805331, 0.4522581392782435, -0.09525626807269696]], "inverted": false, "swapped": true, "error_lsq": 0.049226656376082686, "error_max": 0.34520343337538095, "target": "717.xyz", "model": "2.xyz", "model_rescale": 3.932901565614263, "target_rescale": 4.092143327793906},
{"mapping": [1, 13, 9, 4, 3, 2, 10, 7, 5, 0, 12, 6, 11, 14], "R": [[-0.32154285673440697, -0.6438309906609242, -0.6943283421751194], [0.7301011217981376, -0.635502740849306, 0.2511744778478126], [-0.6029614774031407, -0.42616654237233703, 0.6744030952851783]], "T": [-0.0016167681538771204, 0.00827562029471271, 0.028257851822067272], "aligned_model": [[-0.4429726707933003, 0.5979045559609755, 0.18517262823373518, -0.34660640696762357, -0.27841158637034447, -0.2472514874203368, 0.3495937254180504, -0.6347195946576434, -0.07744109203642127, -0.3097505849777268, 0.7153284780241839, 0.523042229787984, 0.34750987193032135, 0.038411845920850216], [0.06542757120187634, 0.17779815232968135, -0.2620549003052236, 0.4055673577140162, -0.6909748919311709, -0.6166286259447469, -0.7565711340684776, -0.1245319542669032, 0.4535599559082307, -0.10049893256825551, -0.11404919247325489, 0.5852679863323109, -0.2990328219382744, -0.05978193163931947], [-0.6606492142111848, -0.3808646903673016, -0.5998670350965026, -0.09534698459498492, -0.43815495993473236, 0.15324471724472863, -0.030159530907751673, 0.10548463244012965, 0.4099691201873393, 0.7147519900595908, 0.14679390709709153, 0.302522183474572, 0.5868530036677058, -0.0006807760016020285]], "inverted": true, "swapped": true, "error_lsq": 0.043328365151191685, "error_max": 0.2394890896696948, "target": "717.xyz", "model": "3.xyz", "model_rescale": 3.9243930471874484, "target_rescale": 4.092143327793906},
{"mapping": [9, 4, 3, 10, 2, 13, 12, 7, 0, 5, 11, 6, 14], "R": [[0.6681878041922623, -0.7307462867908547, -0.13976738772010114], [-0.10820997045710318, 0.09040937283790783, -0.9900084583460533], [0.7360812866948839, 0.6766358028100747, -0.01866359379031496]], "T": [-0.06844045655947252, -0.002237015019382213, -0.17911382319638147], "aligned_model": [[-0.0030499068846108895, -0.3340982207499136, 0.583852973280525, 0.4983118534111164, 0.6145200554104217, -0.5113350808718143, -0.18708230981337226, 0.2909815083987416, 0.26749321317744446, -0.37918725760785055, 0.1940233159709751, -0.7317096923959553, -0.02551456501435493], [-0.6329669759729935, 0.300610603275165, -0.3866964455125214, -0.5674363081199237, 0.00030284858497073297, -0.5972441221211454, -0.4494068263385166, 0.41647940699068037, 0.6004718124974487, 0.4642554582108048, 0.005629338910275228, 0.047404624708109314, -0.07357386143076595], [-0.49599477072371834, -0.5394553327603373, -0.6371659915167541, 0.08751989050388387, -0.18379751704775232, -0.1059301110939922, 0.39446085610657755, -0.5253990026038967, 0.14017161810313528, 0.009438976013348532, 0.4986821060732898, 0.31182182085675997, -0.16728222653957978]], "inverted": false, "swapped": true, "error_lsq": 0.04462549351382034, "error_max": 0.26594443124011885, "target": "717.xyz", "model": "4.xyz", "model_rescale": 3.8936222436046832, "target_rescale": 4.092143327793906},
{"mapping": [0, 5, 11, 2, 12, 13, 8, 9, 3, 7, 10, 14], "R": [[0.12144644803458562, -0.9744365687658697, -0.18900829006046627], [0.5334225313687638, -0.0965132721658655, 0.8403246939867817], [-0.8370849199979195, -0.2028757298141802, 0.508065227076643]], "T": [-0.14540187174702157, -0.19033233505117453, 0.012658241279063537], "aligned_model": [[0.0008521407472242282, -0.466837055921821, -0.3135174596829451, 0.4172455559538808, -0.6059296831899412, -0.6009641553804834, -0.4302930576717762, 0.03351394529343177, 0.6156698202826004, 0.38129292824888295, 0.11956150890531031, -0.1230464453692666], [-0.5283121322569071, -0.6468317108451764, 0.09507225978937184, 0.017304653474381038, 0.3534313630116981, 0.22993845816016867, -0.267141208663918, 0.2977814576199447, 0.2141895937094877, -0.5631761870213285, 0.5759383202281416, -0.10927196209605641], [-0.6524973606409362, -0.18232561011956175, -0.6343640145100714, -0.3141110992395938, -0.1751177363985568, 0.4266394335663928, 0.7268822739550421, 0.49457503736954034, 0.21325597295480672, -0.07679043751475481, -0.22052762628378964, 0.013665886137000725]], "inverted": false, "swapped": true, "error_lsq": 0.04119808410281852, "error_max": 0.22609936958128546, "target": "717.xyz", "model": "5.xyz", "model_rescale": 3.6523030999806103, "target_rescale": 4.092143327793906},
{"mapping": [3, 2, 7, 9, 4, 10, 0, 13, 11, 6, 5, 8, 14], "R": [[-0.9200326669545186, -0.31336799930454384, 0.23524537986626495], [-0.27382873253192686, 0.08474869358739556, -0.9580373083420021], [0.2802814959581069, -0.9458425640385916, -0.16378072864775178]], "T": [0.09085245883143016, 0.02179905576661445, -0.012149839310157909], "aligned_model": [[0.2892668063490282, -0.19128837425886486, 0.18214584539885526, 0.4486263026497887, 0.47512414833080885, -0.2933141438926641, -0.43255105256348986, 0.3070609175902602, -0.6260067695048418, -0.07822326127401043, -0.022972952067875654, 0.7493738000686118, 0.07384163783868877], [-0.37171881551283636, -0.05091172092568258, 0.43840581780148397, -0.5671728355674093, 0.3953446470201868, -0.6319436024740573, 0.5382995539043629, -0.5248200228159853, -0.08520904826539892, 0.08233148873660819, 0.492318619097352, -0.11931598218365244, -0.054781194651788406], [0.7552372813097981, 0.6055662298197613, 0.48031877880525037, 0.1540420089706982, -0.08240431248081367, 0.3576994775849709, 0.18105614905039397, -0.47041444273715816, -0.06709113134262569, -0.8190930861580253, -0.3518351000865094, -0.3911152057154363, 0.01814309246148498]], "inverted": false, "swapped": true, "error_lsq": 0.05283718174281301, "error_max": 0.3229085298179424, "target": "717.xyz", "model": "6.xyz", "model_rescale": 4.08911054899281, "target_rescale": 4.092143327793906},
{"mapping": [3, 2, 9, 1, 6, 4, 5, 0, 7, 13, 11, 8, 10, 12, 14], "R": [[0.7272033520672807, 0.32672797489856764, -0.6036755048540495], [0.47098033198984435, -0.877275728142541, 0.09254633267023805], [-0.4993523922250164, -0.35161929302962797, -0.7918403002806171]], "T": [0.036074735932514264, 0.0003668918738198787, 0.11992103563456973], "aligned_model": [[0.15122351905055514, -0.5754232802070854, 0.6393599191800491, 0.09220385233023412, -0.29333603277770287, 0.06382639722557643, -0.2123404414326458, -0.1385695197012382, -0.7144004580829117, -0.26077530107175234, 0.42676568417147115, 0.6042553689722092, 0.4816371920181292, -0.006913918074987084, 0.16212004746258557], [-0.08358536026714222, -0.5236225332326897, -0.4397204882174035, -0.7264116452923293, -0.0692556535069454, 0.5191469965374551, 0.7171206451216858, -0.6324875169918607, 0.1651862995161144, -0.27240097876895536, -0.12231055324372586, 0.23521866182805606, 0.4871052267950169, 0.27727483807745623, -0.10669590847820662], [-0.6586316044435871, 0.07936487796230236, -0.11867358598591389, 0.2010908518376298, -0.24856805930030407, -0.35646802595576266, 0.19102086997376694, -0.5536150541611375, 0.21431653642461118, 0.7309629872444368, 0.5404467665723244, -0.17531512013392336, 0.4094634151700676, 0.7752651307228708, 0.11606115116675196]], "inverted": true, "swapped": false, "error_lsq": 0.04949706702769282, "error_max": 0.27291166545044354, "target": "717.xyz", "model": "7.xyz", "model_rescale": 3.964800864290218, "target_rescale": 4.092143327793906},
{"mapping": [10, 11, 2, 12, 3, 6, 9, 0, 5, 4, 8, 1, 7, 14], "R": [[0.23479070396996393, -0.3738550072980663, -0.8972768574121656], [-0.288764871610644, -0.9082350515032611, 0.302859604676089], [-0.9281638725208913, 0.1879934167438622, -0.3212013402960696]], "T": [0.016605204819649274, -0.06998718474460504, 0.12850823799307354], "aligned_model": [[-0.15408303708585108, 0.12595558460554548, 0.3983839458404906, -0.45640975755941343, 0.08922575904383134, -0.34179592896713135, -0.44992472936435396, 0.6826808329316587, 0.21880769911903686, 0.14297096317711205, -0.5098953746916022, -0.05065357275908525, 0.5853712711413739, -0.019445765970739364], [0.1489908018449, -0.5247391051482407, 0.22560977705760593, -0.4416374573727663, 0.7257352115676288, -0.7803751215953347, 0.4431063495986694, -0.403324631180561, -0.5237304787465763, 0.010068670765191537, 0.10387283166271159, 0.6382851518155145, 0.22551875020409445, -0.03643228429163485], [-0.6681511148826468, -0.42790852889976927, -0.3545351119075804, -0.2971178449214368, -0.251833298421003, 0.3527977488515448, -0.018442733635371356, -0.024076029525568532, 0.4493853709885372, 0.6478919941979746, 0.6667910578976036, 0.5365289213168254, 0.24513765385216998, 0.060346953813741944]], "inverted": false, "swapped": true, "error_lsq": 0.04843465582021238, "error_max": 0.3958266154681438, "target": "717.xyz", "model": "8.xyz", "model_rescale": 4.121658175737393, "target_rescale": 4.092143327793906},
{"mapping": [8, 4, 5, 6, 1, 9, 7, 10, 0, 3, 13, 12, 14], "R": [[0.7504041961832292, 0.2969298269435269, -0.5905304566420677], [0.04113695074878301, 0.8707056201695206, 0.49008108950285256], [0.6596978805738987, -0.3920515283435303, 0.6411663633487087]], "T": [0.06744575442134873, -0.040124841411602705, -0.0831688197232886], "aligned_model": [[-0.6042673487082415, -0.14485631830114748, 0.3448903318624875, 0.22559000822937042, -0.6277501245234547, -0.48520782032471343, 0.15671299618767867, 0.17950117530393137, 0.7543511148644954, -0.2471388705155215, -0.3546652445709194, 0.22516471449002498, 0.054412882441206435], [0.22677189221841626, -0.20455705013622622, 0.0937178040571665, 0.6883025188708302, -0.46571725795435387, -0.01862264899773973, -0.6669419308592349, -0.029000353221681027, -0.3204521584833609, -0.6034683462255596, 0.5489973704239064, 0.5740209966752332, -0.03266339695568603], [-0.3565663332395091, -0.5522387609344559, -0.5879872155197087, -0.4406491044709785, -0.1738777431937059, 0.36025132481115113, -0.23663774933595685, 0.7529363097151599, -0.24939208931353868, 0.5224615713138419, 0.0909066969792389, 0.29229657339793585, -0.00042804625038538047]], "inverted": false, "swapped": true, "error_lsq": 0.042018883666366, "error_max": 0.25187333838939063, "target": "717.xyz", "model": "9.xyz", "model_rescale": 3.833441315466971, "target_rescale": 4.092143327793906},
{"mapping": [1, 11, 0, 10, 6, 4, 3, 12, 7, 8, 13, 5, 2, 9, 14], "R": [[0.4303812518735889, 0.8305094031234876, -0.35359031287521303], [0.9026404627762754, -0.3944689348761824, 0.17214660721803898], [0.003488981907965677, -0.3932535959671809, -0.9194234259926856]], "T": [-0.009085690723268047, -0.08514925669361856, 0.011018143280254217], "aligned_model": [[0.3374095786207001, -0.5485987790822829, 0.5442140260677824, 0.08458177663558204, -0.22284023494627447, -0.010142860320546437, -0.23937826959400804, -0.2263792536550591, -0.6094119445295259, -0.1178468266766342, 0.7249934650352398, 0.5649596016593744, 0.33790854356551137, -0.16633584065202023, -0.03349995306535218], [-0.2729008411657281, -0.4513236233100421, -0.45983456477841683, -0.8241015927728135, 0.09082892548825883, 0.6012916637190706, 0.7166682167743739, -0.4892342377863473, 0.1025499772453276, -0.33460488428474217, -0.0831080010599689, 0.2446576945370168, 0.34476277596212773, 0.2579789230231649, -0.019068401714755767], [-0.6137212453965671, 0.21146524793868876, -0.12048586809586198, 0.3587680449071987, -0.6091191336713029, -0.39482705536777896, 0.2526292297520911, -0.3795185296129193, 0.23077110310444726, 0.7414305388117047, 0.3221614668000905, -0.12730965103560443, 0.47082342867373794, 0.7289635236291679, 0.07469003665704113]], "inverted": true, "swapped": false, "error_lsq": 0.053772217049087995, "error_max": 0.4487374899621089, "target": "717.xyz", "model": "10.xyz", "model_rescale": 4.2482417240324, "target_rescale": 4.092143327793906},
{"mapping": [8, 1, 7, 3, 6, 11, 5, 10, 9, 12, 13, 14], "R": [[-0.6842694345123519, 0.7225524926209106, 0.09845423505088696], [-0.7181530404498542, -0.6911480780275352, 0.08105889668305694], [0.12661576317653533, -0.015239082851448538, 0.991834773976528]], "T": [3.342508652484297e-05, 0.07153353961100838, 0.14208963188329585], "aligned_model": [[-0.5966979131554604, -0.032809644016868644, 0.33579401348062426, 0.6601642131843958, -0.6564870144519706, 0.2731594289804167, -0.3268115348277349, 0.5943204150312139, 0.08652139251539179, -0.09022415450674023, -0.4162648189476474, 0.04610121907738593], [-0.34379846263057745, -0.7445216455530995, -0.2517416679006008, -0.4195472119062172, 0.5738059994436943, 0.7447026384541372, 0.29431033116981986, 0.29296870234967315, -0.28656535812949624, 0.6164071640414028, 0.11200564447645084, 0.07810525623545271], [-0.11980652618156304, 0.06705902815160616, 0.5972588135313966, -0.18375480846376926, 0.13153184965299664, 0.11755427964856975, 0.5817188317249914, -0.4142748182259175, -0.46354619389338847, -0.3457535242255638, -0.47484046318849615, 0.07204582132349423]], "inverted": true, "swapped": true, "error_lsq": 0.0433685504142822, "error_max": 0.247387505397885, "target": "717.xyz", "model": "11.xyz", "model_rescale": 3.6694154284099745, "target_rescale": 4.092143327793906},
{"mapping": [7, 1, 9, 8, 4, 0, 5, 11, 13, 12, 10, 6, 2, 14], "R": [[-0.7674487233827142, 0.6348911433084722, 0.08908250741140716], [-0.13878015910763375, -0.30017266814878946, 0.9437353637193515], [0.6259093579874824, 0.7119056155452756, 0.31847742484954883]], "T": [0.04149338199290483, 0.003042933717928381, -0.07007959849938497], "aligned_model": [[-0.24473257962015335, 0.17027761774803027, -0.012742880305128185, 0.6786568771108947, 0.3694640671026738, -0.30305184467274626, 0.34743091302290546, -0.3105660052664937, 0.43848698382769036, 0.056920594248073685, -0.5851914447924764, 0.6329429939725606, -0.6333135019560642, -0.0063169401639570355], [-0.28333432286604643, 0.38440677568637105, 0.7019500408487566, 0.3868013896387301, -0.1658312453917956, -0.672241392863241, -0.49769488183613186, -0.22463205814831003, 0.5448850873843488, 0.24169083242331243, 0.4488785318925266, -0.19894478336140517, -0.0014577713997735442, 0.06651108612891203], [-0.5804557169088811, -0.7846637884852364, -0.17542202106077928, -0.2796760863838872, -0.4651156379120187, -0.012354220101456231, 0.0033698889968327983, 0.5237004273273884, 0.2529500008809876, 0.6269382088784045, 0.2766893538842161, 0.47102713481855485, -0.17533577092612734, -0.04255631335558306]], "inverted": false, "swapped": true, "error_lsq": 0.04541635356586237, "error_max": 0.2608240267626887, "target": "717.xyz", "model": "12.xyz", "model_rescale": 3.9764082729961374, "target_rescale": 4.092143327793906},
{"mapping": [6, 10, 14, 11, 12, 9, 0, 13, 1, 8, 3, 4, 7, 2, 15], "R": [[0.050986897180967744, 0.9986700134021389, 0.007651186001486093], [0.09917164800674882, 0.0025603937319774173, -0.9950670472965946], [-0.9937632115083972, 0.05149416195365422, -0.0989092045120569]], "T": [0.012783815125200692, 0.013946272724465483, -0.03543009794763388], "aligned_model": [[0.5015408763951162, -0.5581985806523848, 0.5127282922379773, 0.04235564031645791, -0.5274735573813435, -0.3284250646759641, 0.04052979899544094, -0.03551289486884047, -0.5662399759941847, -0.08126130085765919, 0.5510778060808186, 0.5700378948703254, 0.41380931878658395, -0.23312595276583475, 0.11779072857597749], [-0.13738200474691725, -0.48163414659524206, -0.5991109570470807, -0.734248635417025, -0.1177534610520241, 0.4786530291722445, 0.7195287813812055, -0.4501336502625719, 0.07479514236897147, -0.2599881124709211, -0.3266794899865608, 0.45406460932822607, 0.4117691011929687, 0.375992437400348, 0.016689386610904085], [-0.6027704659768901, 0.23756450027228912, -0.1495545580968031, 0.2289079154659028, -0.3484647390399499, -0.20608547399609298, 0.1333639107108346, -0.4313818615135965, 0.2182457634221777, 0.6093708832984752, 0.5147127165943869, -0.14326080865558136, 0.46651535873610195, 0.63143606149171, -0.011878065618830421]], "inverted": false, "swapped": false, "error_lsq": 0.04058597201027133, "error_max": 0.3114490626787691, "target": "717.xyz", "model": "13.xyz", "model_rescale": 4.170626492500431, "target_rescale": 4.092143327793906},
{"mapping": [2, 0, 10, 11, 9, 13, 12, 7, 1, 5, 4, 6, 8, 14], "R": [[-0.5806239424337353, -0.790330967077719, -0.19558323023895582], [-0.43905762404489357, 0.10164349696655417, 0.8926908772315665], [-0.6856414808343788, 0.6041900048845629, -0.40601748454571823]], "T": [0.0261232657515025, -0.021708769727285814, 0.09938689188106636], "aligned_model": [[0.1792178079818675, -0.09554382464646727, -0.21108092570444537, -0.5651615689407334, 0.22734951401578693, -0.25016741416561045, -0.6321117050105571, 0.5134623192988488, 0.7737141497086873, -0.1357031075855116, 0.36991815342649575, -0.5791200064528078, 0.23751395223980906, 0.01089567792628117], [-0.358841618985768, -0.772159614260811, 0.09439699595532812, -0.3411849030493125, 0.5536466574989096, 0.6686561099958376, 0.2510766787755702, -0.45113634954341886, 0.3146345377540683, -0.3056247308678341, -0.043694064850480316, 0.1307629103428185, 0.6025945751120693, 0.012947284048688851], [-0.47451811061981336, 0.10794278508187649, -0.7018656162528736, -0.17751323027524568, -0.2625300487392785, 0.15042368742390894, -0.08860104546377684, 0.04925090666622087, 0.1245935111370658, 0.5922711703220305, 0.5158703286502362, 0.6414580555042919, 0.5027947140952679, 0.024295993590955856]], "inverted": false, "swapped": true, "error_lsq": 0.039256487008588935, "error_max": 0.229627609197313, "target": "717.xyz", "model": "14.xyz", "model_rescale": 3.9786697098870705, "target_rescale": 4.092143327793906},
{"mapping": [7, 5, 1, 3, 8, 13, 11, 12, 9, 2, 6, 14], "R": [[0.19938945303105504, 0.6772171970885389, -0.7082518718559946], [0.5331795555146736, -0.6813879808650423, -0.501427942095209], [-0.8221699383954343, -0.2776459751197634, -0.4969399409371759]], "T": [-0.07159349227495787, -0.05402224416304239, -0.07758664572645467], "aligned_model": [[-0.07330741603056973, -0.6153683036397593, 0.5163566438327845, 0.6677261156144327, 0.21721762598407696, 0.20763213674607767, -0.4275074323534713, -0.1260724583753733, 0.6087433488961198, 0.10880263817727348, -0.5860831968900324, -0.014785105194222672], [-0.5646409680251403, 0.0684362827121377, -0.03145070272571724, -0.5390602860011483, 0.5771087130038602, 0.5840545118206572, -0.2594303881789354, 0.258243428592885, 0.10463063512825971, -0.6864967761614256, 0.5693741197304245, -0.06609407967141774], [-0.48216864945305415, -0.2751817462547248, -0.6489529790763722, -0.042200538697495044, -0.4173518773361119, 0.1878112876388796, 0.5219875321525907, 0.5876552907952293, 0.0427495041832326, 0.10652378661427316, 0.09586506378750899, -0.016770180480126178]], "inverted": true, "swapped": true, "error_lsq": 0.05116230319979662, "error_max": 0.3057653391322183, "target": "717.xyz", "model": "15.xyz", "model_rescale": 3.769337070930944, "target_rescale": 4.092143327793906},
{"mapping": [11, 5, 10, 12, 2, 7, 3, 4, 9, 13, 14], "R": [[-0.283666290325439, -0.9323878466401955, -0.22402307731718957], [0.5084533113257675, -0.34432192048342536, 0.7892513194645088], [-0.8130243944279079, 0.10997871845164175, 0.5717482099253732]], "T": [-0.032038506978203554, -0.13260895404299397, 0.023518650575532943], "aligned_model": [[-0.45972218397325554, -0.27367339928231976, -0.053397717542152376, -0.6485335054427909, 0.3295638345654776, 0.5157229792750704, 0.6272273910756466, 0.18099587420516183, 0.16084568751071066, -0.42493610976236174, -0.031466719938016086], [0.07259967976311449, -0.6629189387903739, 0.6640851016837942, 0.270832944388124, 0.19312809334500755, -0.36677762092626576, 0.45672889980972065, -0.5687285624247863, 0.4059125047434604, 0.17977905690003274, -0.04857666086648593], [-0.5272376677659102, -0.077054004408084, -0.25320201138094567, 0.009619237111420667, -0.45564997460194673, -0.24019218738973408, -0.010495036229317425, 0.26132691518151124, 0.442207160663903, 0.5745088190985169, 0.020386356944362825]], "inverted": false, "swapped": true, "error_lsq": 0.04128048872153406, "error_max": 0.20651888675237887, "target": "717.xyz", "model": "16.xyz", "model_rescale": 3.7852294659196426, "target_rescale": 4.092143327793906},
{"mapping": [1, 6, 12, 8, 4, 5, 0, 11, 9, 3, 7, 10, 14], "R": [[0.359400054815554, -0.47570753838906027, 0.8028287105718116], [0.50168941932114, -0.6269128742324221, -0.5960603783702292], [0.7868540697866372, 0.6169948022807519, 0.013344917337387574]], "T": [-0.06636765845384147, 0.07006737712792054, 0.016639708601583394], "aligned_model": [[0.09135033034818822, -0.4608153157988609, 0.2277686692600015, -0.09232227821286294, -0.43215327682518784, -0.6367585104775887, -0.45809970438740266, 0.0025368533662919607, 0.5406101426413161, 0.6140191968836389, -0.23749041794482462, 0.6793881865423774, 0.015731974821196246], [0.023256774933033575, -0.5090948481552959, -0.27330851981723414, -0.5655509220563444, -0.0019379985990042453, 0.012911175231896263, 0.6393641566953882, 0.27424862278619067, -0.16094107795110169, 0.4777439640043052, 0.6009378967511112, 0.2844264077881932, 0.07299999209173638], [-0.7868452803360403, 0.4552629417115468, 0.5985344210301528, -0.4221020094860354, -0.37470775638993836, 0.16196143631112547, 0.33365664067031175, 0.7108432956867154, -0.2674778466406753, -0.37576453297504314, -0.3199824965659044, 0.3477747032613279, 0.03460118086562995]], "inverted": false, "swapped": true, "error_lsq": 0.05072693196672084, "error_max": 0.30852869070338484, "target": "717.xyz", "model": "17.xyz", "model_rescale": 3.901054581598922, "target_rescale": 4.092143327793906},
{"mapping": [1, 2, 7, 3, 8, 4, 10, 0, 5, 13, 12, 6, 11, 9, 14], "R": [[-0.983932985746405, 0.17852662271825315, -0.0020308965948865054], [0.09602737140727452, 0.5195878249530657, -0.8490036726075756], [-0.15051452920158231, -0.8355577401600423, -0.5283830422694025]], "T": [-0.0008345711897418916, -0.007393968406002649, 0.045766406738324134], "aligned_model": [[0.24204969837212958, -0.595181092789095, 0.5890401719713929, 0.09687990996769585, -0.5460864318106052, -0.16714453620034417, -0.06817378981622299, 0.08071594240768311, -0.5528046611852185, -0.2712803083832886, 0.4698238979716921, 0.6430209150368809, 0.5851867578968519, -0.11084816530362161, 0.02443472092655646], [-0.10098356738452613, -0.5814115939676341, -0.2792698748150152, -0.7293657306079364, 0.043312579647974886, 0.5417182673796106, 0.7993163792577709, -0.6548185003568205, 0.0750493601654632, -0.3313484624410768, -0.2771565835557694, 0.2882920993324827, 0.37427718983403296, 0.26224274584984647, -0.005292278461877652], [-0.6007115650428274, 0.07729543773270242, -0.08768134592955443, 0.2751450113812638, -0.32913025450822386, -0.4986513721397221, 0.17667703554985023, -0.34113863026655344, 0.32615571523646003, 0.6368795831511805, 0.5533920965446864, -0.2027202276534909, 0.43000216476972786, 0.636852418051187, 0.09435507021744685]], "inverted": true, "swapped": false, "error_lsq": 0.042868701735837365, "error_max": 0.26804257082407057, "target": "717.xyz", "model": "18.xyz", "model_rescale": 3.9405287249114394, "target_rescale": 4.092143327793906},
{"mapping": [0, 13, 8, 9, 12, 1, 3, 4, 14, 11, 5, 6, 2, 10, 15], "R": [[-0.1665028662583589, -0.02633331246407178, 0.9856892777049068], [-0.3666747952884241, 0.9296090091529613, -0.03710370064888496], [-0.9153285694371961, -0.36760528662727276, -0.16443832648059065]], "T": [-0.05464862522792839, -0.11108877354790003, -0.0064307984318899], "aligned_model": [[0.33151156415995, -0.5506487971098188, 0.6224722979964717, 0.12838575764114668, -0.47027716477700093, 0.16657502895778398, -0.377362035865688, -0.1451778408631293, -0.699322215819515, -0.16782016886425855, 0.6238744484553939, 0.6522392649758886, 0.4844531629025081, -0.1406562246300057, -0.03861404809723977], [-0.05975472356795941, -0.5043748339992742, -0.4071441429161283, -0.7420760198820365, 0.07543706927105942, 0.44778428664315606, 0.6770542447045989, -0.40439616812664153, 0.09479013430100558, -0.2768267643399427, -0.25216353004220504, 0.12104323059986569, 0.3863493484824255, 0.35661407505063386, -0.08777417630203128], [-0.572928266564384, 0.2186019758916299, -0.1680805096470202, 0.39025970638002994, -0.31073342622595723, -0.2789017535827889, 0.004303830036350785, -0.6700875335125973, 0.3700646185028702, 0.6856214553893106, 0.45288063656431976, -0.07504347164725243, 0.4596698986267561, 0.6194771622176253, 0.02161681466524133]], "inverted": true, "swapped": false, "error_lsq": 0.043435874572584646, "error_max": 0.32546406767120345, "target": "717.xyz", "model": "19.xyz", "model_rescale": 4.410303926677745, "target_rescale": 4.092143327793906},
{"mapping": [10, 11, 2, 12, 3, 6, 9, 0, 5, 4, 8, 1, 7, 14], "R": [[0.23479070396996393, -0.3738550072980663, -0.8972768574121656], [-0.288764871610644, -0.9082350515032611, 0.302859604676089], [-0.9281638725208913, 0.1879934167438622, -0.3212013402960696]], "T": [0.016605204819649274, -0.06998718474460504, 0.12850823799307354], "aligned_model": [[-0.15408303708585108, 0.12595558460554548, 0.3983839458404906, -0.45640975755941343, 0.08922575904383134, -0.34179592896713135, -0.44992472936435396, 0.6826808329316587, 0.21880769911903686, 0.14297096317711205, -0.5098953746916022, -0.05065357275908525, 0.5853712711413739, -0.019445765970739364], [0.1489908018449, -0.5247391051482407, 0.22560977705760593, -0.4416374573727663, 0.7257352115676288, -0.7803751215953347, 0.4431063495986694, -0.403324631180561, -0.5237304787465763, 0.010068670765191537, 0.10387283166271159, 0.6382851518155145, 0.22551875020409445, -0.03643228429163485], [-0.6681511148826468, -0.42790852889976927, -0.3545351119075804, -0.2971178449214368, -0.251833298421003, 0.3527977488515448, -0.018442733635371356, -0.024076029525568532, 0.4493853709885372, 0.6478919941979746, 0.6667910578976036, 0.5365289213168254, 0.24513765385216998, 0.060346953813741944]], "inverted": false, "swapped": true, "error_lsq": 0.04843465582021238, "error_max": 0.3958266154681438, "target": "717.xyz", "model": "20.xyz", "model_rescale": 4.121658175737393, "target_rescale": 4.092143327793906},
{"mapping": [3, 2, 7, 9, 4, 10, 0, 13, 11, 6, 5, 8, 14], "R": [[-0.9200326669545186, -0.31336799930454384, 0.23524537986626495], [-0.27382873253192686, 0.08474869358739556, -0.9580373083420021], [0.2802814959581069, -0.9458425640385916, -0.16378072864775178]], "T": [0.09085245883143016, 0.02179905576661445, -0.012149839310157909], "aligned_model": [[0.2892668063490282, -0.19128837425886486, 0.18214584539885526, 0.4486263026497887, 0.47512414833080885, -0.2933141438926641, -0.43255105256348986, 0.3070609175902602, -0.6260067695048418, -0.07822326127401043, -0.022972952067875654, 0.7493738000686118, 0.07384163783868877], [-0.37171881551283636, -0.05091172092568258, 0.43840581780148397, -0.5671728355674093, 0.3953446470201868, -0.6319436024740573, 0.5382995539043629, -0.5248200228159853, -0.08520904826539892, 0.08233148873660819, 0.492318619097352, -0.11931598218365244, -0.054781194651788406], [0.7552372813097981, 0.6055662298197613, 0.48031877880525037, 0.1540420089706982, -0.08240431248081367, 0.3576994775849709, 0.18105614905039397, -0.47041444273715816, -0.06709113134262569, -0.8190930861580253, -0.3518351000865094, -0.3911152057154363, 0.01814309246148498]], "inverted": false, "swapped": true, "error_lsq": 0.05283718174281301, "error_max": 0.3229085298179424, "target": "717.xyz", "model": "21.xyz", "model_rescale": 4.08911054899281, "target_rescale": 4.092143327793906},
{"mapping": [11, 12, 5, 10, 14, 15, 2, 9, 3, 7, 6, 8, 0, 4, 16], "R": [[0.830345915503574, -0.2161229866962491, 0.5136307187347975], [0.44894278726916254, 0.8054830382647624, -0.38684292526394093], [-0.33011518348226154, 0.5518042494302309, 0.7658564068709047]], "T": [0.053457132232395135, 0.008774231927446884, 0.07071639738586076], "aligned_model": [[0.46194356977085116, -0.47396581745894517, 0.3879917681513181, 0.19037252119106884, -0.5295810661463236, -0.13335942992455463, -0.15428507930516977, -0.14762705302853457, -0.7614952525022105, 0.05863779990229663, 0.6375773931321472, 0.7312424193668879, 0.32879785246902316, -0.22114847297744955, 0.04453187642208122], [0.1483394925097669, -0.4912846812759467, -0.4933205959992806, -0.7774584456747919, -0.04464837023380192, 0.3908252539986432, 0.6971431266351799, -0.5315782658501484, 0.2557235498912076, -0.3793360549412978, -0.20490859112194462, 0.04322377992303813, 0.3116034617151026, 0.47909710635109803, 0.0211412639497012], [-0.5613859666693433, 0.20008262751881262, -0.29495615434312994, 0.18999658078463755, -0.19202886090947413, -0.5214352778903191, 0.005560678392142013, -0.3477712848055994, 0.2414426937408462, 0.6666524291196271, 0.48145634003986765, -0.07134820498568585, 0.7284103562642015, 0.5062394636509765, 0.11580571718657388]], "inverted": true, "swapped": false, "error_lsq": 0.04491121554821303, "error_max": 0.3119053517108447, "target": "717.xyz", "model": "22.xyz", "model_rescale": 4.204369325754507, "target_rescale": 4.092143327793906},
{"mapping": [0, 13, 8, 9, 12, 1, 3, 4, 14, 11, 5, 6, 2, 10, 15], "R": [[-0.1665028662583589, -0.02633331246407178, 0.9856892777049068], [-0.3666747952884241, 0.9296090091529613, -0.03710370064888496], [-0.9153285694371961, -0.36760528662727276, -0.16443832648059065]], "T": [-0.05464862522792839, -0.11108877354790003, -0.0064307984318899], "aligned_model": [[0.33151156415995, -0.5506487971098188, 0.6224722979964717, 0.12838575764114668, -0.47027716477700093, 0.16657502895778398, -0.377362035865688, -0.1451778408631293, -0.699322215819515, -0.16782016886425855, 0.6238744484553939, 0.6522392649758886, 0.4844531629025081, -0.1406562246300057, -0.03861404809723977], [-0.05975472356795941, -0.5043748339992742, -0.4071441429161283, -0.7420760198820365, 0.07543706927105942, 0.44778428664315606, 0.6770542447045989, -0.40439616812664153, 0.09479013430100558, -0.2768267643399427, -0.25216353004220504, 0.12104323059986569, 0.3863493484824255, 0.35661407505063386, -0.08777417630203128], [-0.572928266564384, 0.2186019758916299, -0.1680805096470202, 0.39025970638002994, -0.31073342622595723, -0.2789017535827889, 0.004303830036350785, -0.6700875335125973, 0.3700646185028702, 0.6856214553893106, 0.45288063656431976, -0.07504347164725243, 0.4596698986267561, 0.6194771622176253, 0.02161681466524133]], "inverted": true, "swapped": false, "error_lsq": 0.043435874572584646, "error_max": 0.32546406767120345, "target": "717.xyz", "model": "23.xyz", "model_rescale": 4.410303926677745, "target_rescale": 4.092143327793906},
{"mapping": [12, 1, 2, 3, 7, 13, 14, 0, 11, 10, 4, 5, 15, 9, 16], "R": [[0.9061238875297686, 0.32463253713958756, -0.27120696207555933], [-0.026093367808684875, -0.5970167925120652, -0.8018042688929804], [-0.422206864705372, 0.7336107041809846, -0.5325004207573358]], "T": [0.0018455556850872704, 0.07090460607183785, 0.11399558957359074], "aligned_model": [[0.3041887627149438, -0.5733074745060082, 0.5559881248883046, 0.12101048198772851, -0.45887868859676134, -0.17725024170011855, -0.1795654246300169, 0.1235046397084747, -0.5807876761608618, -0.14601100977857526, 0.49240226035215817, 0.6089990724983675, 0.39769069939257184, -0.06633197151926595, -0.002018525588454355], [0.05886177556826269, -0.5657382917095539, -0.6286415176303879, -0.8135791384726816, -0.07554277211376961, 0.5030317354965299, 0.7200224006833709, -0.4556316095583926, 0.20574541878948682, -0.2083281101186525, -0.3139843047837879, 0.08115657519397465, 0.6030739240724652, 0.36328132375283867, -0.04916537929317635], [-0.6307321393180232, 0.09915772797393069, -0.07693681990271467, 0.22686370114569493, -0.342312675567179, -0.4107686081412207, 0.17633446151083593, -0.41358804549345113, 0.32154789378906135, 0.6831629397736751, 0.40571295072596497, -0.04989930838945489, 0.37746594846942083, 0.6638025223879815, 0.11691058812961169]], "inverted": true, "swapped": false, "error_lsq": 0.03619672295379645, "error_max": 0.1973520599633833, "target": "717.xyz", "model": "24.xyz", "model_rescale": 4.28219845311461, "target_rescale": 4.092143327793906},
{"mapping": [8, 9, 1, 3, 11, 10, 14, 5, 12, 7, 4, 0, 2, 13, 15], "R": [[-0.21946476234252876, 0.2745847374661864, -0.9361829095003621], [-0.05703848195725914, 0.9543244923509887, 0.2932769593320269], [0.9739516567396705, 0.11776241017257354, -0.19377870131776037]], "T": [0.03255594499677954, -0.023316094658190907, 0.104999822843724], "aligned_model": [[0.21752928102057456, -0.46540433127238334, 0.42444870014969033, 0.2472915419137635, -0.4200458411764558, -0.12309148581983569, -0.1801975883768227, -0.15940963033305766, -0.6567102302286859, -0.11887903653326544, 0.5521426179920318, 0.8318476835486822, 0.3372472840255948, -0.17214109410385536, 0.10500515825651097], [-0.027402993917438515, -0.4734233895917402, -0.428371951407948, -0.761047887034869, 0.0830436045464917, 0.40976751558708885, 0.6985830448129585, -0.5092782036210429, 0.2691625003105622, -0.4180187137253544, -0.25103545457890597, 0.1399953648422692, 0.517069473575743, 0.1847498158819738, -0.009230695803262343], [-0.5641146809174012, 0.1844521367459095, -0.19868952536930146, 0.20341613649763468, -0.17840149823026263, -0.5414653986840702, -0.012227270281075467, -0.5675109409770518, 0.2592344214530711, 0.7583169698869817, 0.5663263399536085, 0.10903168523133891, 0.3947007892784863, 0.622420498881636, 0.11123147362462955]], "inverted": false, "swapped": false, "error_lsq": 0.04044480719649589, "error_max": 0.2626176675042344, "target": "717.xyz", "model": "25.xyz", "model_rescale": 4.100010024507729, "target_rescale": 4.092143327793906},
{"mapping": [8, 1, 7, 3, 6, 11, 5, 10, 9, 12, 13, 14], "R": [[-0.6842694345123519, 0.7225524926209106, 0.09845423505088696], [-0.7181530404498542, -0.6911480780275352, 0.08105889668305694], [0.12661576317653533, -0.015239082851448538, 0.991834773976528]], "T": [3.342508652484297e-05, 0.07153353961100838, 0.14208963188329585], "aligned_model": [[-0.5966979131554604, -0.032809644016868644, 0.33579401348062426, 0.6601642131843958, -0.6564870144519706, 0.2731594289804167, -0.3268115348277349, 0.5943204150312139, 0.08652139251539179, -0.09022415450674023, -0.4162648189476474, 0.04610121907738593], [-0.34379846263057745, -0.7445216455530995, -0.2517416679006008, -0.4195472119062172, 0.5738059994436943, 0.7447026384541372, 0.29431033116981986, 0.29296870234967315, -0.28656535812949624, 0.6164071640414028, 0.11200564447645084, 0.07810525623545271], [-0.11980652618156304, 0.06705902815160616, 0.5972588135313966, -0.18375480846376926, 0.13153184965299664, 0.11755427964856975, 0.5817188317249914, -0.4142748182259175, -0.46354619389338847, -0.3457535242255638, -0.47484046318849615, 0.07204582132349423]], "inverted": true, "swapped": true, "error_lsq": 0.0433685504142822, "error_max": 0.247387505397885, "target": "717.xyz", "model": "26.xyz", "model_rescale": 3.6694154284099745, "target_rescale": 4.092143327793906},
