[{"mapping": [13, 7, 6, 1, 3, 5, 10, 9, 2, 12, 11, 15], "R": [[0.2899526361861201, 0.7227795143817227, -0.6273095267560032], [-0.6935625988062816, -0.2929702987743915, -0.6581332126348897], [-0.6594682633044571, 0.6259058855979588, 0.4163453279046597]], "T": [-0.06435777954413036, -0.14065114365961925, -0.05818007598619049], "aligned_model": [[-0.3358741201289949, 0.18696666828587133, 0.38143424906750956, -0.02238366953806975, -0.14799460673937637, -0.6198421475190887, 0.35975234282469404, -0.2437807587816633, 0.592713124432636, 0.26527817728657027, -0.6171017251184042, 0.03847492838886481], [-0.17032179991036292, -0.7048734182502886, -0.4679146496755663, 0.6926096016460997, 0.38136401347513693, -0.6476682700447702, -0.2494821151225971, -0.40895123186317905, 0.33314547067631095, 0.43362669608984306, -0.05502693962996555, -0.08295232141360401], [-0.5577250740479587, 0.0725734499183592, -0.5613187373688197, -0.023483094591985637, -0.5830926056715658, 0.028893305142005554, 0.4674307355951637, 0.5595655407089899, 0.06356417931430694, 0.5261110657852827, 0.25399310949984233, -0.06456012893005793]], "inverted": true, "swapped": true, "error_lsq": 0.04527200060331216, "error_max": 0.2517266077756519, "target": "719.xyz", "model": "0.xyz", "model_rescale": 3.751011558992144, "target_rescale": 4.070982728791625},
{"mapping": [10, 12, 7, 4, 11, 8, 1, 2, 9, 13, 14, 3, 0, 6, 15], "R": [[-0.25695359722829414, -0.11046849019907157, -0.9600893508130259], [0.961180603849348, 0.07413088944389243, -0.2657752020299494], [0.10053206282198057, -0.9911111561794645, 0.08713197140752821]], "T": [-0.09821926746841182, -0.006387638486308883, 0.03679773043024123], "aligned_model": [[-0.15731176225528798, 0.35828192502227, -0.5001206850806525, 0.3299879789039183, -0.36714373454418603, -0.49240622915671045, 0.6121686149232421, 0.5587934913544064, -0.5895797127817907, -0.09526075741046454, -0.07727148323128531, 0.46125503723690897, 0.5229232871610984, -0.023590116284850762, -0.00163964276758162], [-0.10581935951779456, -0.5446645896237857, 0.317436453646466, 0.5159699079670341, -0.5441055528857333, 0.561958057825847, -0.4374960260158912, -0.0067683548281910755, -0.3894260404714145, 0.22210378885238863, -0.33196311085718966, 0.0503069839888895, 0.4861238181886527, 0.7353463541465732, 0.01975501941125502], [-0.6374438519488523, -0.49397116913372174, -0.326823563821692, -0.4209295137917165, 0.25781480434800147, 0.22042186430974722, 0.1191615018886812, -0.4524682075899771, -0.2756661637091511, 0.5582664169172052, 0.6835021667351598, 0.5254717824519383, 0.13838664357394775, -0.020137510747256365, -0.025918794630337763]], "inverted": true, "swapped": true, "error_lsq": 0.04513294157733574, "error_max": 0.2877151083240994, "target": "719.xyz", "model": "1.xyz", "model_rescale": 3.9405287249114394, "target_rescale": 4.070982728791625},
{"mapping": [12, 1, 2, 13, 3, 10, 11, 14, 6, 7, 8, 9, 15], "R": [[-0.02882495731793916, 0.9902380058586568, 0.1363738009615117], [0.9911528563396137, 0.010631628601200815, 0.1322988429394282], [0.12955746680699015, 0.138980790853834, -0.9817836842035005]], "T": [-0.03039969616509061, -0.09882804131245755, 0.06925067240737982], "aligned_model": [[-0.4351306547860405, 0.21923142186148026, -0.3531555998893283, 0.47523153918523264, 0.5745855185161817, -0.6988899893443026, 0.12697714558406137, 0.6064466738655402, -0.07539841214311885, -0.4806745571294908, 0.05097944264991086, -0.44507836344170715, -0.06914088564448763], [0.6236684943131973, 0.5607603621705513, 0.20231060798920392, -0.3599966788390899, 0.014140241375694002, 0.037706422290448446, 0.2697544366156974, 0.14308954291051745, -0.7456617164708292, -0.5134818624163495, -0.7901441286619867, 0.09623267639935741, -0.07954580410439517], [-0.23741306323527184, -0.3778696905818858, -0.6208154177721257, 0.08582392634456419, -0.3505816323119646, 0.019658640080377376, 0.568939533666692, 0.3153551405361781, -0.3029881755959926, 0.22391804448445146, 0.23531546988736124, 0.594398374550367, -0.04062080046410753]], "inverted": false, "swapped": true, "error_lsq": 0.054149972943884676, "error_max": 0.37338810096604896, "target": "719.xyz", "model": "2.xyz", "model_rescale": 3.932901565614263, "target_rescale": 4.070982728791625},
{"mapping": [4, 6, 0, 7, 2, 1, 3, 12, 9, 11, 13, 5, 14, 15], "R": [[0.6268133856162036, -0.7688340629370429, 0.12648779893757298], [0.4414604577453171, 0.48419481041631957, 0.755425740766887], [-0.6420417773475866, -0.4176716045335423, 0.6429096257692279]], "T": [0.04764967275510103, 0.01672355505330382, 0.07040772961519089], "aligned_model": [[-0.1522487769835112, 0.3649760919655878, 0.26196421433489564, -0.01119173461459199, -0.4913948886919912, -0.24451340655590137, 0.37468388157672367, -0.7618103801799032, -0.3125690581799379, 0.01031796574734628, 0.5999894741916397, 0.37456254935978467, 0.4175271565352159, -0.01048317645265305], [-0.060583978106190026, 0.16362589556737472, -0.44723669907627595, 0.5937403236920106, -0.3886857127544786, -0.7593812629719283, -0.6483870264387837, -0.3340000031357967, 0.47125237568282674, 0.03544291004615864, -0.1194162161783577, 0.5221161704885955, -0.32551352214629437, -0.03947661631837179], [-0.7168642928741459, -0.5904281756926043, -0.5440156384763429, -0.178984682551448, -0.39448081042164185, 0.16834251721207782, -0.005121388015589742, 0.11063766932741452, 0.4569736448939487, 0.7095989379572357, 0.09350280643934697, 0.5296650633476176, 0.5907242254067402, -0.015653513495510973]], "inverted": true, "swapped": true, "error_lsq": 0.049771390828004296, "error_max": 0.33158071653240545, "target": "719.xyz", "model": "3.xyz", "model_rescale": 3.9243930471874484, "target_rescale": 4.070982728791625},
{"mapping": [5, 14, 8, 7, 6, 11, 10, 13, 0, 1, 4, 12, 15], "R": [[0.9905370515146831, 0.10027982913114553, -0.09370328407279509], [-0.028816135665894912, -0.5155654240305373, -0.8563655316916354], [-0.13418636257788427, 0.8509619553268177, -0.5077969778213298]], "T": [-0.03851237055698284, -0.11422764508880022, -0.12539835184195167], "aligned_model": [[0.006172362924617342, -0.36785120041217545, 0.5887497509649122, 0.3537548282234423, 0.6790138314598108, -0.5223832810410726, -0.12064120117793382, 0.1817428959302498, 0.3364220864149857, -0.5883318374730472, 0.4041487245178157, -0.6443512391173695, -0.02923983490288284], [-0.6309611749311759, 0.13202946030597879, -0.2922046603873203, -0.5757929441177355, 0.047181278929692136, -0.3437777397217323, -0.4749550860600265, 0.15137903922552587, 0.5601103354596734, 0.4815624373690981, 0.1514438754458795, -0.026621045923924128, -0.051564221912346594], [-0.6769423273722882, -0.721685362435531, -0.4203295756109552, 0.05262175166066885, 0.009077506169748756, -0.47680291564631483, 0.4500239887112025, -0.5782640968124296, 0.08292436983388418, 0.07465640951367994, 0.5064266875237964, 0.5111041137776624, -0.02574023394216063]], "inverted": true, "swapped": true, "error_lsq": 0.046242594576247735, "error_max": 0.2684141395062434, "target": "719.xyz", "model": "4.xyz", "model_rescale": 3.8936222436046832, "target_rescale": 4.070982728791625},
{"mapping": [6, 4, 3, 13, 1, 12, 10, 11, 5, 7, 14, 15], "R": [[-0.4988986824766677, 0.32172932988705294, -0.8047299813685787], [0.6904509593605896, 0.7087612338283971, -0.14468927444731178], [0.5238106311837194, -0.6278118760524334, -0.5757383702224801]], "T": [-0.015815780208642063, -0.04814718408132859, 0.004464520656293214], "aligned_model": [[0.07396202945831941, -0.46102792200499504, -0.2716030401335776, 0.26587364091702986, -0.6985643976566205, -0.7740514669023897, -0.2848162753144767, 0.18391074859772027, 0.6925827585145731, 0.2505561697697102, 0.17132868420421393, -0.12060288723440969], [-0.635936539647918, -0.6878629342771984, 0.28992758702503796, 0.11645793777533289, 0.4133345740723142, 0.06868334249165896, -0.41534130866750696, 0.4689303223280542, 0.104510695026551, -0.5742333556930692, 0.6175414364621159, -0.097088851785565], [-0.44877279697703154, -0.23695418208646624, -0.6081580660672807, -0.4621219129440797, -0.13036162057903766, 0.4418205668021668, 0.5151381052469691, 0.32547797438937365, 0.22373172179360076, 0.2300450208362241, -0.21117507619229398, -0.019385014946626256]], "inverted": false, "swapped": true, "error_lsq": 0.04675121505495233, "error_max": 0.284710064828879, "target": "719.xyz", "model": "5.xyz", "model_rescale": 3.6523030999806103, "target_rescale": 4.070982728791625},
{"mapping": [12, 2, 0, 1, 3, 10, 6, 11, 7, 5, 13, 14, 15], "R": [[0.6087455421283103, 0.7264406369032622, 0.31892454592660696], [-0.7753991756472817, 0.4597069239883074, 0.43292685576517986], [0.1678838388422959, -0.5108361235198537, 0.8431260116748758]], "T": [-0.019658760693704078, -0.06869286209025105, -0.07150064724713719], "aligned_model": [[0.1915612760496636, 0.0284958809528668, 0.10868779801841534, 0.6568785821977503, 0.5609910332122267, -0.42207656271375044, -0.4261430438052337, 0.271818103162505, -0.6467449677929088, -0.18567158628154296, 0.18436136690964827, 0.5802164297201143, -0.02129140496546012], [-0.6546710262182694, -0.13606339616602647, 0.5545962598863187, -0.19426098122107607, 0.3699484787719677, -0.5009639771186694, 0.5358968749152445, -0.47526147231272997, -0.08880919287013411, -0.18522332802681535, 0.3794667978996121, -0.011443496696969806, -0.05238463667926877], [0.5544919460468248, 0.7434775180640217, 0.4119698758397614, 0.4015945305209633, 0.08808537308674617, 0.27372666515141425, 0.09649407056377031, -0.4715664848783146, -0.14196666643144507, -0.8009329028147397, -0.3572897002669475, -0.4734174195999236, 0.045442934199657045]], "inverted": false, "swapped": true, "error_lsq": 0.050981082125737945, "error_max": 0.3268566846733326, "target": "719.xyz", "model": "6.xyz", "model_rescale": 4.08911054899281, "target_rescale": 4.070982728791625},
{"mapping": [8, 7, 6, 5, 14, 1, 13, 0, 11, 9, 12, 10, 2, 4, 15], "R": [[0.7425479514078239, 0.3032642890959771, -0.5972045803735566], [-0.5133303748610538, -0.31507751348402563, -0.798259410681599], [-0.4302493069198999, 0.8993091412055343, -0.07828539096862536]], "T": [-0.06250907391859079, -0.07126501849183096, -0.08659289316766014], "aligned_model": [[0.2574810502881954, 0.18806866138915052, 0.6431641060380533, -0.4528440437628513, -0.5263171726514, -0.2232387446144634, -0.001937900846005508, 0.5668363460800792, -0.6990325235332961, -0.4899677669720512, -0.23734757446352028, 0.015287954043305407, 0.30248610048829866, 0.6816631640083466, 0.012031884307713459], [-0.5771101941070415, -0.6144144716135959, -0.23844331325624557, -0.6505612573813145, 0.17104873783196062, 0.7386618533229111, -0.03844208840370775, 0.37772349451154685, -0.1161703941237288, -0.47280025398830494, 0.41722189894331696, -0.22497643722295774, 0.44840827172893083, 0.0817080128884022, -0.001095042961058612], [-0.478823683062516, 0.11541380944234464, -0.26840936263886916, -0.37859546531158783, -0.5874231207463687, 0.03780007836407699, -0.6517481500559944, -0.28917515527172366, -0.14254713117675477, 0.2900179273652044, 0.6280140406340768, 0.5754499481110931, 0.43086750376965144, 0.21096384806787896, -0.0277350554084315]], "inverted": true, "swapped": true, "error_lsq": 0.0515999688198148, "error_max": 0.31096676301215675, "target": "719.xyz", "model": "7.xyz", "model_rescale": 3.964800864290218, "target_rescale": 4.070982728791625},
{"mapping": [9, 11, 5, 10, 8, 12, 7, 14, 1, 0, 2, 6, 13, 15], "R": [[-0.042318569532026805, 0.9903579931539798, -0.13190975729181537], [-0.9866653682167884, -0.06219454705676534, -0.15041040349003001], [-0.15716421295699873, 0.12378563613128314, 0.9797839182458452]], "T": [0.0520550853042574, -0.0017160647129191402, 0.0465174713158074], "aligned_model": [[-0.21978158381115154, 0.31649359217948325, 0.3489925599345441, -0.6119651570101391, 0.20773370768927754, -0.4536226088592227, -0.32124054466198065, 0.7184998444904013, 0.14345222122199722, 0.10251450444267075, -0.4543377656417301, -0.057113421362401245, 0.5565426629136929, -0.014980122064569015], [-0.1683523791191872, -0.37259415862036943, 0.22538200463108188, -0.1027301018783739, 0.6860533406091073, -0.7048426050206128, 0.43820735321144894, -0.2746868108350913, -0.678714032421095, 0.201650600679592, -0.2928097638463386, 0.6423918360509302, 0.23211389217156375, -0.020120709431453755], [-0.573260193496304, -0.40385036386161993, -0.6118635933222231, -0.08330388127594067, -0.07536536365240547, 0.21901146412730188, -0.20985139724597218, -0.03096272309061944, 0.5267356419019973, 0.8177513929173086, 0.6208673708921242, 0.4100937316068143, 0.16883881629141922, 0.14197413693314115]], "inverted": false, "swapped": true, "error_lsq": 0.04027145242500341, "error_max": 0.24180179093215234, "target": "719.xyz", "model": "8.xyz", "model_rescale": 4.121658175737393, "target_rescale": 4.070982728791625},
{"mapping": [2, 10, 7, 6, 12, 1, 9, 14, 5, 11, 0, 13, 15], "R": [[-0.5845761553852584, 0.269045282663651, -0.7654314825191257], [-0.7181983649099194, 0.2672896229148459, 0.6424541743367835], [0.3774411572625709, 0.925295030440819, 0.03697674195782519]], "T": [0.04146269700959631, 0.009906150478682943, -0.032893756424907994], "aligned_model": [[-0.7125045264793772, -0.20603045735487352, 0.35227200129726083, 0.2063833007988289, -0.7393479121914885, -0.6798187859443431, 0.2095750641885311, 0.16691847742605986, 0.7225829843434752, 0.17613635482389606, -0.283291628044451, 0.3207539973520526, -0.05689137378037435], [0.17544133748753243, -0.2905842614500994, -0.005500430830446476, 0.6523484650291161, -0.38132875364117547, -0.0015543614423162294, -0.6270797740148074, -0.07249854836804563, -0.30295089756219107, -0.5045025914958331, 0.7396346606698311, 0.35009566812256665, 0.05886692690757805], [-0.3070809116200072, -0.5954174913713367, -0.582227399467439, -0.37792928306283574, -0.16374130883980237, 0.3877139647481438, -0.2604335414148902, 0.6757211873763826, 0.07390813909598482, 0.3242562449643366, -0.00574886419112209, 0.32823522022155205, -0.07618052247987794]], "inverted": false, "swapped": true, "error_lsq": 0.05074697241321938, "error_max": 0.42412587856895956, "target": "719.xyz", "model": "9.xyz", "model_rescale": 3.833441315466971, "target_rescale": 4.070982728791625},
{"mapping": [10, 4, 1, 3, 0, 2, 6, 13, 11, 14, 9, 5, 7, 12, 15], "R": [[-0.2632278712745918, -0.2672565813325655, -0.9269762712813511], [-0.200367258514629, 0.955055184370392, -0.21845493018599604], [0.9436970114923428, 0.128232267942458, -0.3049466116531792]], "T": [0.04732181319889298, 0.07140869236058957, 0.07162194170707728], "aligned_model": [[0.20931746454608038, -0.2894003155621709, -0.6783202448679835, -0.5804972152824625, -0.5688197484629322, -0.5241201542481422, 0.0022500770315323562, -0.03176304637966721, 0.2637201521064987, -0.08392165673807847, 0.5714903790296001, 0.6952740468568895, 0.5099460990740246, -0.33387371346836336, -0.0374371053402932], [-0.5903556669698046, -0.41318259663364293, 0.014503595467580871, 0.4696090347713953, 0.10621415679990744, -0.5132149380306279, 0.05093485645761876, 0.5995442031024482, 0.29688236027677145, 0.6848825349367614, -0.18449809027191222, 0.44456018822636034, -0.20380809775270414, -0.5571831856787107, -0.0037868154064627235], [0.1333118368368135, -0.49186947164283645, 0.4808829704016967, 0.023581732058743754, -0.4361812396925443, 0.019503260448218068, -0.6743873131709791, -0.12577396355529993, 0.6307666952509846, 0.4336852260706807, 0.45312714868632664, 0.19047852437813423, -0.2582897530175192, 0.5609206857556499, 0.038365569014023625]], "inverted": false, "swapped": true, "error_lsq": 0.04132792279842088, "error_max": 0.3745535462095795, "target": "719.xyz", "model": "10.xyz", "model_rescale": 4.2482417240324, "target_rescale": 4.070982728791625},
{"mapping": [0, 2, 10, 12, 8, 5, 7, 11, 1, 14, 3, 15], "R": [[-0.8326915106280572, 0.31944094687380564, 0.4523077819232506], [0.2565694471865605, -0.5012831536338249, 0.8263699647574989], [0.49071067534581625, 0.8041596118578038, 0.3354554393035824]], "T": [-0.02695350298834446, 0.14801382021227658, 0.034327293230536064], "aligned_model": [[-0.6641023566850955, -0.01795434487318002, 0.32066554637739664, 0.5307095696144848, -0.502225863448728, 0.12370709695281751, -0.08344045827578428, 0.44429118714509586, 0.14842007047028957, 0.026303144644221912, -0.3971578529458427, -0.052450136612669104], [-0.29595356287133723, -0.6711100634794848, -0.20438745748923123, -0.5291139758451319, 0.5683180407248138, 0.8753222959905209, 0.2516038570511036, 0.5011086429248505, -0.3697310217803964, 0.5190333047204971, -0.011769444211729901, 0.03281077431616469], [-0.15445887255575752, 0.03286215615441517, 0.5065080186830767, -0.06746113871151016, 0.3653538169810718, 0.1810746540244775, 0.654557545562588, -0.21778767977947472, -0.596920332046933, -0.5854896937975905, -0.5921279363309754, 0.039081751670968876]], "inverted": true, "swapped": true, "error_lsq": 0.048155226087581104, "error_max": 0.2527584501709404, "target": "719.xyz", "model": "11.xyz", "model_rescale": 3.6694154284099745, "target_rescale": 4.070982728791625},
{"mapping": [13, 6, 4, 0, 3, 11, 14, 9, 2, 12, 10, 1, 7, 15], "R": [[0.27284986568848585, 0.48948520693351455, 0.8282253213872598], [-0.35026698330137124, -0.7512619825294861, 0.5593911636903316], [0.8960278964422549, -0.44272978869635693, -0.03353122422678634]], "T": [-0.09047704319447736, -0.06128898353095208, -0.08013846090806725], "aligned_model": [[0.09537067827163581, -0.1019857203016051, 0.08576024244896757, 0.48111474192305914, 0.6078340788756065, -0.21033371834976666, 0.20364361242155238, -0.6326389764693958, 0.32494811415061126, 0.1667892518271059, -0.39695278472463036, 0.6281829535395761, -0.6255514812366458, -0.027916142120260515], [-0.33192190492154705, 0.4103479099911578, 0.7242310355995629, 0.3543014554198741, -0.19739576882462717, -0.6176762213617122, -0.7200841700957814, -0.2105338777025233, 0.5486235642017412, 0.21606666462220797, 0.3745517293041762, -0.09834157759135204, 0.24325525270219023, 0.03556319679288705], [-0.5452891057758605, -0.6601441839328428, -0.21292325288283973, -0.4533318874850821, -0.3011919086365602, 0.21376133565702277, -0.14453386376757682, 0.3316546782114888, 0.27549574873820887, 0.7178207720725533, 0.348925397259216, 0.34346995551412596, -0.2199790547598712, -0.054639170559567185]], "inverted": false, "swapped": true, "error_lsq": 0.05177566558264092, "error_max": 0.37999116365218455, "target": "719.xyz", "model": "12.xyz", "model_rescale": 3.9764082729961374, "target_rescale": 4.070982728791625},
{"mapping": [13, 10, 11, 12, 14, 0, 6, 4, 5, 7, 3, 2, 8, 9, 1, 15], "R": [[-0.9184690433686248, -0.37369714695786327, 0.12947995493155107], [0.3245254344429753, -0.8992468807320343, -0.2933228424335632], [0.22604835494451508, -0.2273884118623022, 0.9472046512647722]], "T": [-0.06411031900925124, 0.022898906615354302, 0.10333718541098014], "aligned_model": [[-0.29007526570637115, 0.5250434457013365, 0.3215623566204483, -0.08431755849130255, -0.23870046691568564, -0.08293363672793727, -0.7351441654554721, -0.48980237435184953, -0.7591413669974165, 0.1220301924613999, 0.27006784301497294, 0.5462681631540776, 0.6036763149033867, -0.17407133768501443, 0.38849287034026425, -0.0879762003338376], [0.050802463538991496, 0.275285026181675, -0.3337929995020744, 0.5643429049393008, -0.5774029763929737, 0.16804930503417387, -0.264950969801814, -0.29132203186139694, 0.3575135803765762, -0.3740630652643424, -0.7493522700851428, 0.13011444517869694, -0.2012294072178638, 0.5319523788222636, 0.4679911346985247, -0.07702105586962386], [0.6713528370985687, 0.5884618983826673, 0.6987968147162374, 0.44044784839831636, 0.6012969921080009, -0.6077781203244403, 0.3280922326723087, -0.38237383733836194, -0.22497481295469318, -0.5121354799396571, 0.12325008134352827, -0.3988604357588963, 0.16233165256219426, -0.19711624413093742, 0.08421024755879591, 0.07116428410147399]], "inverted": false, "swapped": false, "error_lsq": 0.048980158437436444, "error_max": 0.3176181089248107, "target": "719.xyz", "model": "13.xyz", "model_rescale": 4.170626492500431, "target_rescale": 4.070982728791625},
{"mapping": [7, 5, 10, 9, 4, 1, 12, 8, 6, 14, 13, 1, 0, 15], "R": [[-0.9836417292187751, 0.11533487075688117, 0.13837202075199842], [0.11018715895313533, -0.22244793887869596, 0.968697942854457], [0.14250522285633763, 0.9680985394452951, 0.2061006535228651]], "T": [-0.03775733466472791, -0.0663652748376245, 0.08991757235929004], "aligned_model": [[0.24747350468137508, 0.016708445095634412, -0.26385734171229386, -0.42091046952266287, 0.33289932519096793, -0.5170787867461161, -0.7175464183527746, 0.5948066973027506, 0.6650074461013304, -0.22693099938541111, 0.2892924399450093, -0.5170787867461161, 0.3956649328747585, -0.03526696663480826], [-0.2723499005485215, -0.8210939464402753, 0.07477575818591523, -0.4908265362759476, 0.5658795716870035, 0.498512993909391, 0.43715228064603945, -0.39696137905628043, 0.14594878140575207, -0.30584117154136814, -0.18996716801449215, 0.498512993909391, 0.5643053584881894, 0.04802683157086905], [-0.43431609692803724, 0.115000122259271, -0.5401128214366149, -0.30859654601212144, -0.2687092208857574, 0.4752131253677265, -0.1634752306836013, 0.03808153121903063, -0.05159162224570091, 0.7468265807345098, 0.5392589715940947, 0.4752131253677265, 0.3203641077266778, 0.060717075043662826]], "inverted": false, "swapped": true, "error_lsq": 0.05470451038093903, "error_max": 0.39370829024021026, "target": "719.xyz", "model": "14.xyz", "model_rescale": 3.9786697098870705, "target_rescale": 4.070982728791625},
{"mapping": [7, 4, 5, 9, 13, 14, 2, 1, 11, 10, 0, 15], "R": [[0.46255352781695613, 0.30355461460800903, -0.8330059002517758], [-0.10940837063713008, 0.9519222021765441, 0.2861362078414527], [0.8798147772904343, -0.04121549409556726, 0.47352638860769053]], "T": [0.07240210273259554, 0.0254701334834778, -0.0858613352972097], "aligned_model": [[-0.00924963876460147, -0.7140942750781073, 0.669478463826032, 0.5520584229984026, 0.08365926674412319, 0.4944285724546147, -0.5126263143660582, -0.06374054904181861, 0.6889695960065995, -0.04131914800749911, -0.6355856126761142, -0.028624187328236725], [-0.41807065091260065, -0.19157885045331968, 0.023390345562989835, -0.48019546468399166, 0.5365114566538952, 0.5979463132697745, -0.1982470797629138, 0.30421741847707395, 0.07682029175257629, -0.6330441767678117, 0.3928861142905773, 0.004038772798189774], [-0.5276891337046682, -0.09266343410605611, -0.5513788072777113, -0.09025530999211225, -0.33657375702003606, 0.05135932000543479, 0.442096454674697, 0.689415586565322, 0.08002163219726861, 0.06044888929718202, -0.03621450982569564, -0.028600436939794985]], "inverted": false, "swapped": true, "error_lsq": 0.046952864297200254, "error_max": 0.24220558492573374, "target": "719.xyz", "model": "15.xyz", "model_rescale": 3.769337070930944, "target_rescale": 4.070982728791625},
{"mapping": [0, 3, 4, 2, 6, 13, 7, 11, 10, 12, 15], "R": [[0.48727039604192884, -0.006755797589448137, 0.8732250112886553], [0.3229332272032269, 0.9304753779326711, -0.1730020283960903], [-0.8113456057126647, 0.3662921378626397, 0.4555747774304084]], "T": [0.17214845569364284, -0.0960975025480578, 0.07844661440785107], "aligned_model": [[-0.29640166953964403, -0.2887736434837409, -0.1773000766671799, -0.5250048009816883, 0.26767123321767544, 0.2918847081889463, 0.5875478606516464, 0.3334218292562605, 0.11675806062209039, -0.46423541440842436, 0.0770580438352291], [0.009257431093852686, -0.5251457266867471, 0.5318242992338879, 0.33351171404737834, 0.2694496868118894, -0.47079785623527726, 0.3785569767368364, -0.5195074006812892, 0.47283398235703644, 0.146211951937592, -0.030130560989817257], [-0.5603546328535062, -0.3196696334592293, -0.3079896887047566, 0.09990182428664625, -0.5667131325126864, -0.3331473006595747, 0.05099306430740179, 0.5312428473468669, 0.4542513125077896, 0.6407212250354287, 0.05498172192939667]], "inverted": true, "swapped": true, "error_lsq": 0.045975063877670405, "error_max": 0.2892083105016817, "target": "719.xyz", "model": "16.xyz", "model_rescale": 3.7852294659196426, "target_rescale": 4.070982728791625},
{"mapping": [13, 6, 7, 8, 0, 4, 12, 10, 5, 14, 1, 9, 15], "R": [[0.249735094265485, 0.2279041439510407, -0.9411121526482126], [0.9621008882505214, 0.05152383569494812, 0.2677819545504099], [0.10951832504091316, -0.9723193896684481, -0.20639946936707365]], "T": [0.06650263399209405, 0.11877081928090868, -0.025631180483250873], "aligned_model": [[0.09569226142299778, -0.3864638485184081, 0.12671251031518568, 0.15119053214729988, -0.6602409016639947, -0.6764451741521302, -0.18233161532792763, -0.0256234030855767, 0.754568617850008, 0.39740348486182564, -0.2700110091569447, 0.5724378124976619, -0.0431234169737139], [-0.11160478462102577, -0.47520483169479255, -0.3387614345674026, -0.5822341095696647, 0.006265564266232926, -0.07913548301108386, 0.8497240932006698, 0.22040146849469283, -0.19149331568231512, 0.3639882465234795, 0.8450210294968035, 0.21815065246338392, 0.1499385284038967], [-0.5454597319430008, -0.05717067146661364, 0.40523567277821543, -0.14198436461611463, -0.3385086587038092, 0.24748918157780192, 0.4029010438907586, 0.6445660337225624, -0.08489661414111178, -0.6214817205355798, -0.2635563288640872, 0.4433468932705027, 0.005273962173649945]], "inverted": false, "swapped": true, "error_lsq": 0.04855501637612657, "error_max": 0.3124865117746703, "target": "719.xyz", "model": "17.xyz", "model_rescale": 3.901054581598922, "target_rescale": 4.070982728791625},
{"mapping": [10, 12, 7, 4, 11, 8, 1, 2, 9, 13, 14, 3, 0, 6, 15], "R": [[-0.25695359722829414, -0.11046849019907157, -0.9600893508130259], [0.961180603849348, 0.07413088944389243, -0.2657752020299494], [0.10053206282198057, -0.9911111561794645, 0.08713197140752821]], "T": [-0.09821926746841182, -0.006387638486308883, 0.03679773043024123], "aligned_model": [[-0.15731176225528798, 0.35828192502227, -0.5001206850806525, 0.3299879789039183, -0.36714373454418603, -0.49240622915671045, 0.6121686149232421, 0.5587934913544064, -0.5895797127817907, -0.09526075741046454, -0.07727148323128531, 0.46125503723690897, 0.5229232871610984, -0.023590116284850762, -0.00163964276758162], [-0.10581935951779456, -0.5446645896237857, 0.317436453646466, 0.5159699079670341, -0.5441055528857333, 0.561958057825847, -0.4374960260158912, -0.0067683548281910755, -0.3894260404714145, 0.22210378885238863, -0.33196311085718966, 0.0503069839888895, 0.4861238181886527, 0.7353463541465732, 0.01975501941125502], [-0.6374438519488523, -0.49397116913372174, -0.326823563821692, -0.4209295137917165, 0.25781480434800147, 0.22042186430974722, 0.1191615018886812, -0.4524682075899771, -0.2756661637091511, 0.5582664169172052, 0.6835021667351598, 0.5254717824519383, 0.13838664357394775, -0.020137510747256365, -0.025918794630337763]], "inverted": true, "swapped": true, "error_lsq": 0.04513294157733574, "error_max": 0.2877151083240994, "target": "719.xyz", "model": "18.xyz", "model_rescale": 3.9405287249114394, "target_rescale": 4.070982728791625},
{"mapping": [8, 5, 9, 6, 7, 3, 4, 12, 12, 14, 13, 10, 11, 1, 2, 15], "R": [[0.9363382088057568, 0.3500485289016311, 0.027143804895985092], [0.27369307881412086, -0.6792960678824446, -0.6809177268721214], [-0.21991556866141776, 0.6449983562562416, -0.7318567230592831]], "T": [-0.09901902655278516, -0.058172050179468596, 0.09833922894185566], "aligned_model": [[-0.17099886385124818, 0.44700490837457707, 0.30716478390754887, -0.06475599273360619, -0.25411699927914155, -0.11812208718856171, -0.7742506945270415, -0.4543172315931066, -0.4543172315931066, 0.18848359894156724, 0.047734043450499586, 0.5177085677280573, 0.5674547650756404, -0.3276303645687688, 0.44652389320941355, -0.06858628182172384], [0.22382300425665302, 0.2652800747836809, -0.4201922107572317, 0.6074857362287439, -0.4552788917746802, 0.2719839173587321, -0.2549077021077691, -0.1830155414182366, -0.1830155414182366, -0.40509004558617207, -0.7077046664428466, 0.1426089311859296, -0.33129879258881956, 0.5216038003430867, 0.6182450003771258, -0.03361060966498927], [0.7966012484102015, 0.635460470471299, 0.6396025312372443, 0.4359917300429796, 0.6585858926140213, -0.6865561176153944, 0.29839498727219876, -0.29955064325877506, -0.29955064325877506, -0.5315251269896689, 0.00945299701233017, -0.34577574369590447, 0.07765905599523225, -0.1187235344719272, 0.08537082785692819, 0.09072802687311558]], "inverted": false, "swapped": false, "error_lsq": 0.04825901405822249, "error_max": 0.3549657223093852, "target": "719.xyz", "model": "19.xyz", "model_rescale": 4.410303926677745, "target_rescale": 4.070982728791625},
{"mapping": [9, 11, 5, 10, 8, 12, 7, 14, 1, 0, 2, 6, 13, 15], "R": [[-0.042318569532026805, 0.9903579931539798, -0.13190975729181537], [-0.9866653682167884, -0.06219454705676534, -0.15041040349003001], [-0.15716421295699873, 0.12378563613128314, 0.9797839182458452]], "T": [0.0520550853042574, -0.0017160647129191402, 0.0465174713158074], "aligned_model": [[-0.21978158381115154, 0.31649359217948325, 0.3489925599345441, -0.6119651570101391, 0.20773370768927754, -0.4536226088592227, -0.32124054466198065, 0.7184998444904013, 0.14345222122199722, 0.10251450444267075, -0.4543377656417301, -0.057113421362401245, 0.5565426629136929, -0.014980122064569015], [-0.1683523791191872, -0.37259415862036943, 0.22538200463108188, -0.1027301018783739, 0.6860533406091073, -0.7048426050206128, 0.43820735321144894, -0.2746868108350913, -0.678714032421095, 0.201650600679592, -0.2928097638463386, 0.6423918360509302, 0.23211389217156375, -0.020120709431453755], [-0.573260193496304, -0.40385036386161993, -0.6118635933222231, -0.08330388127594067, -0.07536536365240547, 0.21901146412730188, -0.20985139724597218, -0.03096272309061944, 0.5267356419019973, 0.8177513929173086, 0.6208673708921242, 0.4100937316068143, 0.16883881629141922, 0.14197413693314115]], "inverted": false, "swapped": true, "error_lsq": 0.04027145242500341, "error_max": 0.24180179093215234, "target": "719.xyz", "model": "20.xyz", "model_rescale": 4.121658175737393, "target_rescale": 4.070982728791625},
{"mapping": [12, 2, 0, 1, 3, 10, 6, 11, 7, 5, 13, 14, 15], "R": [[0.6087455421283103, 0.7264406369032622, 0.31892454592660696], [-0.7753991756472817, 0.4597069239883074, 0.43292685576517986], [0.1678838388422959, -0.5108361235198537, 0.8431260116748758]], "T": [-0.019658760693704078, -0.06869286209025105, -0.07150064724713719], "aligned_model": [[0.1915612760496636, 0.0284958809528668, 0.10868779801841534, 0.6568785821977503, 0.5609910332122267, -0.42207656271375044, -0.4261430438052337, 0.271818103162505, -0.6467449677929088, -0.18567158628154296, 0.18436136690964827, 0.5802164297201143, -0.02129140496546012], [-0.6546710262182694, -0.13606339616602647, 0.5545962598863187, -0.19426098122107607, 0.3699484787719677, -0.5009639771186694, 0.5358968749152445, -0.47526147231272997, -0.08880919287013411, -0.18522332802681535, 0.3794667978996121, -0.011443496696969806, -0.05238463667926877], [0.5544919460468248, 0.7434775180640217, 0.4119698758397614, 0.4015945305209633, 0.08808537308674617, 0.27372666515141425, 0.09649407056377031, -0.4715664848783146, -0.14196666643144507, -0.8009329028147397, -0.3572897002669475, -0.4734174195999236, 0.045442934199657045]], "inverted": false, "swapped": true, "error_lsq": 0.050981082125737945, "error_max": 0.3268566846733326, "target": "719.xyz", "model": "21.xyz", "model_rescale": 4.08911054899281, "target_rescale": 4.070982728791625},
{"mapping": [4, 14, 2, 13, 1, 10, 0, 8, 6, 5, 11, 9, 15, 7, 12, 16], "R": [[-0.34021606226808243, -0.39248817699425426, -0.854520954625764], [-0.936849431415341, 0.06316603089382566, 0.3439813881562087], [-0.08103193093807093, 0.9175854638456556, -0.3891924237541123]], "T": [0.017586087462129696, -0.02582759085987909, 0.11957516209873484], "aligned_model": [[-0.20309237494817395, 0.5954719288923311, 0.10405303268912097, -0.05700133320746631, -0.2750126096609687, -0.051322533945531656, -0.6985726016943563, -0.3108576825101415, -0.6363284874060424, 0.15151344621318805, 0.21782823345647198, 0.5378401967092614, 0.5329357267011869, -0.3841709928476175, 0.32434724553127864, -0.012652380441541634], [0.17116169018558416, 0.19989696886204045, -0.28377474136476144, 0.5748939746813541, -0.698474821474151, 0.35775761183463006, 0.052205323876199174, -0.5462189450853355, -0.0280061654197366, -0.20125318203444129, -0.7312113588480406, 0.11523543082869134, -0.4628149130536011, 0.5281899620302085, 0.6284924933872678, 0.000837134369063016], [0.7510721337851988, 0.28364515740536367, 0.7883356306543879, 0.3847171682007191, 0.4227749095505674, -0.5870006677910544, 0.4043680593815322, -0.19992373691950957, -0.23813297471007935, -0.5505131742325197, -0.10003779991592243, -0.3462407857670309, 0.39337042771212516, -0.07394999781619707, -0.031197266697003706, 0.14487887565452823]], "inverted": true, "swapped": false, "error_lsq": 0.04583475643550928, "error_max": 0.3117070572523058, "target": "719.xyz", "model": "22.xyz", "model_rescale": 4.204369325754507, "target_rescale": 4.070982728791625},
{"mapping": [8, 5, 9, 6, 7, 3, 4, 12, 12, 14, 13, 10, 11, 1, 2, 15], "R": [[0.9363382088057568, 0.3500485289016311, 0.027143804895985092], [0.27369307881412086, -0.6792960678824446, -0.6809177268721214], [-0.21991556866141776, 0.6449983562562416, -0.7318567230592831]], "T": [-0.09901902655278516, -0.058172050179468596, 0.09833922894185566], "aligned_model": [[-0.17099886385124818, 0.44700490837457707, 0.30716478390754887, -0.06475599273360619, -0.25411699927914155, -0.11812208718856171, -0.7742506945270415, -0.4543172315931066, -0.4543172315931066, 0.18848359894156724, 0.047734043450499586, 0.5177085677280573, 0.5674547650756404, -0.3276303645687688, 0.44652389320941355, -0.06858628182172384], [0.22382300425665302, 0.2652800747836809, -0.4201922107572317, 0.6074857362287439, -0.4552788917746802, 0.2719839173587321, -0.2549077021077691, -0.1830155414182366, -0.1830155414182366, -0.40509004558617207, -0.7077046664428466, 0.1426089311859296, -0.33129879258881956, 0.5216038003430867, 0.6182450003771258, -0.03361060966498927], [0.7966012484102015, 0.635460470471299, 0.6396025312372443, 0.4359917300429796, 0.6585858926140213, -0.6865561176153944, 0.29839498727219876, -0.29955064325877506, -0.29955064325877506, -0.5315251269896689, 0.00945299701233017, -0.34577574369590447, 0.07765905599523225, -0.1187235344719272, 0.08537082785692819, 0.09072802687311558]], "inverted": false, "swapped": false, "error_lsq": 0.04825901405822249, "error_max": 0.3549657223093852, "target": "719.xyz", "model": "23.xyz", "model_rescale": 4.410303926677745, "target_rescale": 4.070982728791625},
{"mapping": [15, 12, 13, 5, 14, 3, 9, 10, 8, 1, 11, 3, 7, 4, 2, 16], "R": [[-0.17900183210977352, 0.5168454585864435, -0.837155371505143], [-0.9041899542982796, -0.4218280432329682, -0.06709417626232839], [-0.3878129325427657, 0.7449374966269415, 0.5428344641525317]], "T": [-0.0015828121076120385, -0.10250220529365725, 0.2119291548661496], "aligned_model": [[-0.5264167293174928, 0.6031528414829489, 0.3539056607620689, 0.001000893554272542, -0.2539659763025888, 0.19396173801109964, -0.5882391579819776, -0.37716294483357515, -0.7146860224841802, 0.37944100476028897, -0.10248362740383267, 0.19396173801109964, 0.5703080642249359, -0.2370142904621088, 0.29841804349783063, 0.04079757801220981], [0.06515404872486338, 0.2655253736456784, -0.35608377635341526, 0.4813682077857532, -0.493116972104775, 0.2882849142621928, -0.3221079130625101, -0.21075237965560406, 0.20001049821795117, -0.430821325607887, -0.715856083078352, 0.2882849142621928, -0.4371775105574677, 0.45286832922999054, 0.6682475174342946, -0.06691138036793508], [0.6655313271155324, 0.5927523752718202, 0.7628474394644956, 0.44578958038415795, 0.7037348404724295, -0.574390589730267, 0.2171873474322507, -0.30865264459265895, -0.06316454338807032, -0.4833137924449641, 0.09218971821389843, -0.574390589730267, 0.15841128592068704, -0.11976341570769422, -0.17386651997892633, 0.10526413979268157]], "inverted": false, "swapped": false, "error_lsq": 0.05112183204801727, "error_max": 0.36853483153383826, "target": "719.xyz", "model": "24.xyz", "model_rescale": 4.28219845311461, "target_rescale": 4.070982728791625},
{"mapping": [5, 7, 3, 9, 1, 14, 8, 6, 10, 2, 0, 13, 4, 11, 12, 15], "R": [[0.9636410985147537, 0.0009387513889089483, -0.2671983383165191], [0.25788461649822825, -0.2650108398599375, 0.9291204331680004], [-0.0699382429493403, -0.9642449758762349, -0.2556174263828636]], "T": [0.04691953655047483, 0.010105756069879495, 0.10448320474526626], "aligned_model": [[-0.5622680221723368, 0.7403604668185262, 0.25045028220637455, 0.1658397363634384, -0.18496843280844805, -0.1730680391507532, -0.6080498132414421, -0.47185303984769317, -0.6567692694927171, 0.2741414282665557, 0.06039281432157299, 0.5238661624999122, 0.5542092210898026, -0.26546922527541744, 0.13411871090807415, 0.05404583304555026], [0.17270419734087278, 0.18557170939443896, -0.2041235203319437, 0.508640829101175, -0.3955660325094481, 0.22152657092070163, -0.20144565183254395, -0.5251257434714672, 0.14193440482875827, -0.28014190365545055, -0.7875826047471632, 0.23630422259190612, -0.49175667174725435, 0.45154787536872554, 0.7063962527925902, -0.06196747126892657], [0.6769628516391328, 0.41091000057602967, 0.8205323633684221, 0.5451581993989173, 0.5421312008152995, -0.5934074245653299, 0.19507685560712373, -0.40207319965304966, -0.23778582751414432, -0.4724973255474413, -0.06600410222780059, -0.1680468425440844, 0.2639819587566802, 0.04108613823250118, -0.1988248043775034, 0.08896591653035311]], "inverted": false, "swapped": false, "error_lsq": 0.04232014363737222, "error_max": 0.2708951834765595, "target": "719.xyz", "model": "25.xyz", "model_rescale": 4.100010024507729, "target_rescale": 4.070982728791625},
{"mapping": [0, 2, 10, 12, 8, 5, 7, 11, 1, 14, 3, 15], "R": [[-0.8326915106280572, 0.31944094687380564, 0.4523077819232506], [0.2565694471865605, -0.5012831536338249, 0.8263699647574989], [0.49071067534581625, 0.8041596118578038, 0.3354554393035824]], "T": [-0.02695350298834446, 0.14801382021227658, 0.034327293230536064], "aligned_model": [[-0.6641023566850955, -0.01795434487318002, 0.32066554637739664, 0.5307095696144848, -0.502225863448728, 0.12370709695281751, -0.08344045827578428, 0.44429118714509586, 0.14842007047028957, 0.026303144644221912, -0.3971578529458427, -0.052450136612669104], [-0.29595356287133723, -0.6711100634794848, -0.20438745748923123, -0.5291139758451319, 0.5683180407248138, 0.8753222959905209, 0.2516038570511036, 0.5011086429248505, -0.3697310217803964, 0.5190333047204971, -0.011769444211729901, 0.03281077431616469], [-0.15445887255575752, 0.03286215615441517, 0.5065080186830767, -0.06746113871151016, 0.3653538169810718, 0.1810746540244775, 0.654557545562588, -0.21778767977947472, -0.596920332046933, -0.5854896937975905, -0.5921279363309754, 0.039081751670968876]], "inverted": true, "swapped": true, "error_lsq": 0.048155226087581104, "error_max": 0.2527584501709404, "target": "719.xyz", "model": "26.xyz", "model_rescale": 3.6694154284099745, "target_rescale": 4.070982728791625},
