[{"mapping": [2, 3, 14, 6, 5, 9, 4, 8, 1, 0, 10, 15], "R": [[0.3639841923470243, 0.9312940429140584, 0.014384483107603818], [-0.7432093961050144, 0.2810959752262987, 0.6071448313646393], [0.561386944328691, -0.23168180408561345, 0.7944609747450979]], "T": [-0.08423685468790022, 0.03258856981745713, 0.010142125284064319], "aligned_model": [[-0.21451741659050882, 0.151069385251191, 0.4516819996489134, 0.03045614344179373, -0.15510002649431764, -0.6651697729996587, 0.5278395523403752, -0.33737726047021, 0.5844938757847893, 0.1878532144908157, -0.6904430352605436, -0.033144196682090586], [-0.460310403545009, -0.5921088909196562, -0.2789591511691116, 0.6606281485253352, 0.340325395898359, -0.46040952990451767, -0.245249663700485, -0.5919963252794979, 0.2052917335702199, 0.43346516256160944, 0.03754086669308952, 0.005337693246721328], [-0.5478926079544416, 0.07229105490752778, -0.5389133670328282, -0.05222959239993792, -0.5504535496609205, -0.00013209667560938262, 0.40566972706419896, 0.5825378757632236, -0.015270693318553238, 0.4249662262183323, 0.3464206902178686, 0.05495807822470214]], "inverted": true, "swapped": true, "error_lsq": 0.038631855172101534, "error_max": 0.18764723928288882, "target": "721.xyz", "model": "0.xyz", "model_rescale": 3.751011558992144, "target_rescale": 4.268931637246776},
{"mapping": [9, 2, 8, 10, 14, 4, 5, 13, 3, 0, 1, 6, 12, 7, 15], "R": [[-0.9724692455515256, -0.22327543455521598, 0.06672066232155177], [0.16332682974422225, -0.44882569320613497, 0.8785669261950023], [-0.16621646471438653, 0.8652765901387903, 0.4729360521419774]], "T": [0.0756682047145306, 0.012371504531241272, 0.0441848812300829], "aligned_model": [[0.06072596582890757, 0.04967661696144032, -0.4723930279880054, 0.27081715401171375, -0.2009463216155224, -0.636798718049707, 0.5783187982613375, 0.47551182192631336, -0.5213418280950485, 0.02083599051639856, -0.16725896437024007, 0.478789526374016, 0.8313558787686272, -0.2363533085922344, 0.008146627151038019], [0.06320352531402953, -0.5821623932734324, 0.43291244691593356, 0.5239946743652341, -0.7527355252762444, 0.07469533384644875, -0.37612729147185153, -0.02169560735979418, -0.1920625915058198, 0.40356503339476724, -0.19228428663846517, 0.09649626972599093, 0.2918971985648595, 0.7521020122182634, 0.026958551007186093], [-0.715965483306299, -0.42183986916334665, -0.5077185998028586, -0.38096491768787283, 0.19854993974826085, 0.3552802365173405, 0.14617566671105778, -0.44895476276977486, -0.18223100726104693, 0.5449594156596952, 0.6580051983093083, 0.536012748796407, 0.06924125002134038, -0.06934985413457756, 0.06846644321434259]], "inverted": true, "swapped": true, "error_lsq": 0.04052853022631767, "error_max": 0.3272124136882547, "target": "721.xyz", "model": "1.xyz", "model_rescale": 3.9405287249114394, "target_rescale": 4.268931637246776},
{"mapping": [4, 1, 0, 2, 5, 7, 3, 14, 13, 10, 9, 8, 15], "R": [[-0.3928344412994045, 0.4361444729703604, -0.8096042863191815], [0.53871221513261, 0.8226458210309304, 0.18177734294257575], [0.7452987662648458, -0.36473531750812516, -0.5581199666436831]], "T": [-0.001558935660159022, -0.06304382688862807, -0.15513713004386265], "aligned_model": [[-0.20779807111870183, 0.1778798441525905, -0.36419210904909716, 0.5419973476579794, 0.4977731488612784, -0.7987359492789907, 0.04576752323225522, 0.6869528642209739, 0.09425496597980987, -0.47886397338881714, -0.09982270907721286, -0.569383511566115, -0.02984609134202101], [0.6451829891314997, 0.5655012403513322, 0.2822142065909565, -0.3027704019015644, -0.29315146248885693, -0.016368062519244317, 0.21662301756778224, 0.3316370907349674, -0.6862288759910437, -0.5620452963890055, -0.5972011287608993, -0.12389778015103411, -0.0006629426028729596], [0.09814905570313565, -0.3796495055283894, -0.5502423754499965, 0.3121988543933959, -0.4893660926096229, -0.01449941503909874, 0.4523372281470912, 0.08131880499941779, -0.07339188156022589, -0.09372730804393012, 0.37933078221556216, 0.5199149411025524, -0.12925273874124754]], "inverted": true, "swapped": true, "error_lsq": 0.039418512648934305, "error_max": 0.20243653847952997, "target": "721.xyz", "model": "2.xyz", "model_rescale": 3.932901565614263, "target_rescale": 4.268931637246776},
{"mapping": [2, 5, 14, 13, 3, 4, 1, 8, 10, 7, 6, 12, 0, 15], "R": [[-0.7346587426340622, 0.6342100844835493, 0.24094418567524792], [-0.6652991522428672, -0.7430206330453734, -0.07278308109564574], [0.13286673735838214, -0.21377068931035048, 0.9678060355750612]], "T": [0.061699448149362346, -0.0676650061593829, -0.006070544694575988], "aligned_model": [[-0.20464017709025573, 0.5127208951724893, 0.1675802932906565, -0.08328822661830015, -0.428134850983438, -0.12574463337536107, 0.43987243446012747, -0.775352522258964, -0.2557664584996462, -0.3538909880642158, 0.6688692264710955, 0.4724575416516387, 0.346949463851373, 0.03817791404550408], [0.07980660834641803, 0.21818337409921576, -0.5017548577476704, 0.5294279879979589, -0.45463093642691377, -0.8096447402694309, -0.6447680392056764, -0.13006044464301295, 0.41328693705234154, -0.13643128181345496, -0.007145418029154513, 0.573719032947251, -0.3328524928901274, -0.13363909106725502], [-0.6979090469436742, -0.3650432620987491, -0.7032707898961801, -0.16941290085363456, -0.2506071711215294, 0.14427733951499108, -0.04619866041967011, 0.27191157610005423, 0.37927911247296936, 0.6867530790105792, 0.19181999867646207, 0.25799497550998385, 0.4990255931793905, 0.015276519926103804]], "inverted": true, "swapped": true, "error_lsq": 0.03779453807008689, "error_max": 0.2623826326224273, "target": "721.xyz", "model": "3.xyz", "model_rescale": 3.9243930471874484, "target_rescale": 4.268931637246776},
{"mapping": [12, 10, 11, 6, 0, 13, 5, 7, 4, 3, 1, 14, 15], "R": [[-0.021847573130843567, 0.4118239078142657, 0.9110015107017548], [0.9988008321912861, 0.04892364765971252, 0.0018369305001550984], [-0.04381302503008139, 0.9099491994898701, -0.4123989248112294]], "T": [-0.1041481877759582, -0.049341786114457754, -0.06679214920932695], "aligned_model": [[0.0792307750634224, -0.12920245029712124, 0.4661685984665029, 0.3322806906066294, 0.5318164199271088, -0.5189472158724806, -0.2662287555371113, 0.2618552892538965, 0.18708080243339126, -0.40238645797485983, 0.258439168962963, -0.44755185023105154, -0.07534912848993816], [-0.7546704410889009, -0.11573022982061307, -0.23781637479438006, -0.49364123178819913, -0.001136714907463525, -0.38632873044994587, -0.6109954663931894, 0.37666329597309844, 0.6210663667893285, 0.5356011554491493, 0.08462894040698246, 0.09411688694060605, 0.016072097365114342], [-0.41133523855979615, -0.7563997117509152, -0.6130075926474674, 0.08685115229816555, -0.06051744357675272, -0.41118111601795787, 0.20203137467839832, -0.6516082824863576, 0.205259830376807, 0.06875903213076338, 0.5061434817008822, 0.6729554214299157, -0.0508805922047208]], "inverted": true, "swapped": true, "error_lsq": 0.04682460379770592, "error_max": 0.28339002795706497, "target": "721.xyz", "model": "4.xyz", "model_rescale": 3.8936222436046832, "target_rescale": 4.268931637246776},
{"mapping": [13, 5, 2, 9, 14, 1, 0, 4, 8, 10, 3, 15], "R": [[0.5014018227311153, -0.8342240824317676, 0.2294915956038274], [0.8135547938681659, 0.3642975211979118, -0.4532283237212596], [0.2944907630742279, 0.4139534953831559, 0.8613464425676967]], "T": [-0.14546139658679988, -0.1660567217575814, 0.040467686208630164], "aligned_model": [[0.06130087286764832, -0.6158904756036133, -0.2045412689214895, 0.4218086075210692, -0.6772724010085511, -0.6382413811667393, -0.22125729054513535, -0.11739515514667741, 0.6724655623704975, 0.43151399578659755, 0.04852373095174764, -0.133466754890257], [-0.4954586211648495, -0.45672431121531415, 0.12836691756833174, -0.14824993053105348, 0.4064444839969186, 0.11991470336341514, -0.3015148613200113, 0.43969852627396105, 0.16732152118709376, -0.5470134593214504, 0.4683300086181866, -0.11219207234542049], [-0.46248951616433054, -0.28846982771469776, -0.6531817032836436, -0.4679842802250185, -0.23367162055806545, 0.43169807205530836, 0.6591114916064575, 0.5309231494146456, 0.0814272800969395, -0.010179056460693565, -0.05649457488303659, 0.08859530539165342]], "inverted": true, "swapped": true, "error_lsq": 0.04012992480083303, "error_max": 0.2117990655971716, "target": "721.xyz", "model": "5.xyz", "model_rescale": 3.6523030999806103, "target_rescale": 4.268931637246776},
{"mapping": [14, 5, 13, 2, 9, 1, 12, 3, 0, 7, 10, 8, 15], "R": [[0.4208124843132129, -0.5088564042979199, -0.7509873586493544], [-0.5776258759683203, -0.7886406450068856, 0.2106995027401684], [-0.6994749462689659, 0.34512474968931955, -0.6257984553303978]], "T": [-0.04137932775144075, -0.0866662828894024, 0.0692841782853589], "aligned_model": [[0.19814642982579378, -0.16252066836061868, 0.25951382828335484, 0.5865344460974589, 0.6031976475498197, -0.41438164327083993, -0.4256956264843666, 0.43510519968257616, -0.5976774198799579, -0.10353456154999278, 0.07353287042401645, 0.4732022950112624, -0.044339892664211185], [-0.7100470236324458, 0.06883835204866495, 0.4388393474344813, -0.14378782162775852, 0.2946968927824135, -0.6590994237471786, 0.5936279956596707, -0.5162520144427903, -0.1976596467869628, 0.06298002456572385, 0.49453054242415306, -0.04307558792326528, -0.1427647325915229], [0.5589338469839696, 0.6817661275051098, 0.2630090759397986, 0.4861613888342188, -0.07113801617675941, 0.17350776420979255, 0.26759447317921997, -0.12538741137459833, -0.22230969842785067, -0.7251914314598112, -0.2907146672665183, -0.6484405992002583, 0.02231888673547612]], "inverted": true, "swapped": true, "error_lsq": 0.046213825209854, "error_max": 0.24095959842226364, "target": "721.xyz", "model": "6.xyz", "model_rescale": 4.08911054899281, "target_rescale": 4.268931637246776},
{"mapping": [14, 3, 2, 1, 6, 12, 5, 13, 0, 4, 11, 7, 10, 9, 15], "R": [[-0.08497263683574172, 0.6324549377511812, 0.7699223355010109], [0.7526435828245519, 0.5470976481754444, -0.3663492876940259], [-0.652922114974063, 0.5483474401098702, -0.5225014800962282]], "T": [0.012652505222213005, -0.08211090404969687, -0.06815647165965974], "aligned_model": [[0.15753101535742609, 0.295312676550084, 0.6689121690207874, -0.4796864390003948, -0.47148345937637043, -0.11094260216006574, 0.06900365535782549, 0.48483457405468894, -0.599348036522142, -0.3040023117124177, -0.40391922885936554, -0.16464780515515204, 0.2137883092479346, 0.6968116924685732, -0.01583066947185715], [-0.6922205920483372, -0.6578346091906154, -0.287639617945716, -0.49393044066779257, 0.22334704506817252, 0.7016352074858538, 0.16894330965774554, 0.34033089160174745, -0.044051828226552986, -0.734775480696498, 0.4721469766115276, -0.007555353359362943, 0.3911546837626878, 0.0604047667243994, -0.139196142608146], [-0.6089977796605889, 0.12709689282537093, -0.3818543959231674, -0.32443760100691554, -0.3576149946181384, -0.21060849180446817, -0.65789148305882, -0.12115852805157395, 0.10740242650237405, 0.2182564699430302, 0.3542194390969956, 0.7195330958127156, 0.3967712685046373, 0.23557240684019634, -0.032218693319567566]], "inverted": false, "swapped": true, "error_lsq": 0.04102325178292386, "error_max": 0.3066391929600432, "target": "721.xyz", "model": "7.xyz", "model_rescale": 3.964800864290218, "target_rescale": 4.268931637246776},
{"mapping": [4, 0, 1, 8, 14, 10, 3, 6, 12, 13, 9, 2, 5, 15], "R": [[-0.779835847035477, 0.6143668409330894, 0.12003931206215795], [0.17313678086467674, 0.39596714379755565, -0.9017946973367181], [-0.601564382913647, -0.6824686115820288, -0.41515887009074137]], "T": [0.05928822580864901, -0.05088912720506392, 0.0413417283493135], "aligned_model": [[-0.18418508112417065, 0.26790020088303135, 0.4080701589347037, -0.8069879373828516, 0.22380768429571327, -0.27546097349152937, -0.4180665951284074, 0.6410208386977343, 0.4695583912165282, -0.033058335762693264, -0.5110237246683609, -0.1147042041390649, 0.5644218941799487, 0.029895572950291285], [0.08118948754376501, -0.4583199799345388, 0.14969076238795395, -0.21104681916678517, 0.7399181452515514, -0.5466593946452086, 0.3563591233315896, -0.31328406947213044, -0.5564631336795651, -0.08998552487564851, -0.00839356378493556, 0.5697357771428518, 0.1441682626115833, -0.04596060652928065], [-0.6877328111541487, -0.4028375453358295, -0.520611877399226, -0.0344103289244891, -0.1411141297035446, 0.3916966160460204, -0.1947931289293155, -0.02357736579331944, 0.5166307049864557, 0.6691679615357256, 0.5449031921025335, 0.43615377056184945, 0.38888114448438493, -0.025541163752075283]], "inverted": true, "swapped": true, "error_lsq": 0.04287945874740703, "error_max": 0.28034394880939234, "target": "721.xyz", "model": "8.xyz", "model_rescale": 4.121658175737393, "target_rescale": 4.268931637246776},
{"mapping": [4, 1, 0, 7, 14, 3, 5, 9, 12, 2, 8, 10, 15], "R": [[0.761614263553604, 0.4513617445967524, -0.464990633310261], [-0.6454078013992727, 0.46383425427476677, -0.6068826529522228], [-0.05824502935580425, 0.7623190671076955, 0.6445751751963417]], "T": [0.03915730904939788, -0.1023960346171264, -0.09260093219248247], "aligned_model": [[-0.5658031442637458, -0.2994317294842496, 0.15966052935865946, 0.13197432274323073, -0.5813642824896607, -0.5712314019710151, 0.2841130587255743, 0.0843456607474202, 0.8334021492928118, -0.25236027686911516, -0.21000323210680769, 0.47715749149966213, -0.013721648747567504], [0.22597625908790422, -0.294244649505235, 0.1444004537053238, 0.7000418969732227, -0.6507150722884216, 0.06337326038474941, -0.6970450455205203, 0.11632695977796392, -0.23669094888145828, -0.4899926981974949, 0.6410487169930084, 0.3306808402581636, -0.06277253337549643], [-0.45929996746393076, -0.6637616415803519, -0.6682610318333793, -0.16279461294386846, -0.09826854985878317, 0.12971549939194305, -0.07309994390896676, 0.6359277262268225, -0.12368639034768858, 0.4871503159593539, 0.316094770529724, 0.22550909981616538, -0.12414984002795065]], "inverted": false, "swapped": true, "error_lsq": 0.04438023189955647, "error_max": 0.23241964859723746, "target": "721.xyz", "model": "9.xyz", "model_rescale": 3.833441315466971, "target_rescale": 4.268931637246776},
{"mapping": [7, 4, 9, 2, 14, 3, 1, 5, 12, 13, 11, 6, 0, 8, 15], "R": [[-0.45858919603799086, 0.2067202937615734, 0.8642700211301776], [-0.8677892543147315, 0.10531104381308287, -0.48564533782059593], [-0.19140992495978634, -0.9727159421938798, 0.13109514265891475]], "T": [-0.05581899113387795, 0.06480017009003566, 0.04638820445289103], "aligned_model": [[0.16372322016577606, -0.13836277179396048, -0.5371985528617871, -0.7288238998079335, -0.532555210848006, -0.6001897570738977, 0.1194446266454694, 0.01198506296217744, 0.47189908034893063, -0.22042242572276904, 0.6125743334536906, 0.5048644067408958, 0.48297565923818125, -0.4241097774329304, -0.061958975719305115], [-0.6371437160411991, -0.5332137093412714, 0.01740877817430128, 0.4077075510188931, 0.3187649247818328, -0.2810561309873921, 0.0028680502224142645, 0.7006474379558718, 0.488315205542039, 0.3980406317465359, -0.1719229429706594, 0.3334554313051792, -0.21640652763713922, -0.6291150072207068, 0.0027515627462797107], [0.3877454705013881, -0.4474129904594098, 0.6351695858394852, 0.07474498948117336, -0.5812720656900983, -0.13670281568170878, -0.6192844334177646, -0.02496945951900882, 0.4845376626698594, 0.562216372410408, 0.4417965367980119, -0.1115260297991882, -0.14709874848086757, 0.45217986875186666, 0.007997964417946306]], "inverted": true, "swapped": true, "error_lsq": 0.05212982042607579, "error_max": 0.3484450846456868, "target": "721.xyz", "model": "10.xyz", "model_rescale": 4.2482417240324, "target_rescale": 4.268931637246776},
{"mapping": [6, 0, 7, 4, 13, 9, 10, 3, 1, 2, 5, 15], "R": [[-0.9931010784427031, -0.08393936302540689, 0.0818805919057094], [0.007912521530305763, 0.6487129111918007, 0.7609920833071074], [-0.11699418788543647, 0.7563899405650157, -0.643573319687104]], "T": [-0.06043405510566503, 0.039716603459950275, -0.0784722665828746], "aligned_model": [[-0.5195958167483431, -0.05126309425503385, 0.30224909412174766, 0.6073564713578282, -0.3933749592129125, 0.05673521543005884, -0.17095523683059372, 0.5495315716917456, 0.08878215047250378, -0.004843507617643836, -0.5918484875825966, 0.003992201536246395], [-0.40355335241014106, -0.574677662722344, -0.1677423123395339, -0.34256587309680164, 0.5469473167595924, 0.7182086137994811, 0.25691160568587856, 0.26466613551218915, -0.47215210954258463, 0.6909278701352702, 0.1441767055303087, 0.0049844527393246504], [-0.14297536944250142, 0.09255305970291072, 0.6164165852670134, -0.20571069119668856, 0.11150023847954316, 0.24795643235782766, 0.5705309161835581, -0.24223451990803352, -0.5182425800876201, -0.45815471737183383, -0.4258594310586324, -0.08058763307118655]], "inverted": false, "swapped": true, "error_lsq": 0.045484484593184334, "error_max": 0.24638116415044398, "target": "721.xyz", "model": "11.xyz", "model_rescale": 3.6694154284099745, "target_rescale": 4.268931637246776},
{"mapping": [1, 14, 2, 3, 4, 6, 0, 12, 8, 10, 13, 7, 5, 15], "R": [[-0.9503015147976558, 0.04986910149656088, -0.3073110861801219], [-0.2373550799236397, 0.5227139909182911, 0.8187995174233527], [0.2014686005503667, 0.851048269144705, -0.48489921280414394]], "T": [-0.004502213115941844, 0.05183637637443227, -0.027504076582120684], "aligned_model": [[0.08647797664462777, -0.10868313534340082, -0.22142034481477021, 0.4494544722466916, 0.6419209743335954, -0.354063313723807, 0.19160105233056907, -0.5552394614034248, 0.7036492261510741, 0.07403211983776364, -0.34910944296823493, 0.6114014558081464, -0.6326923764860128, 0.06093564764299235], [-0.355434280211786, 0.30406331488843363, 0.7310105891970295, 0.4427699988060321, -0.1291845419158223, -0.48601549993149307, -0.5535549252644044, -0.22237156749316267, 0.4418722346938693, 0.1644245068068849, 0.4330217130462902, -0.1256342203366469, 0.0506387322393241, 0.035381233611705656], [-0.5784361970407496, -0.8093357985406525, -0.27849032925166023, -0.32845700334325206, -0.4245458699539159, -0.026596604040862015, 0.015611631147349831, 0.49338437868244595, 0.3305696863195755, 0.6520178165721741, 0.3468831441690641, 0.4691000341663979, -0.16666850560564977, -0.05594092362784972]], "inverted": false, "swapped": true, "error_lsq": 0.043070066723683055, "error_max": 0.321181025374027, "target": "721.xyz", "model": "12.xyz", "model_rescale": 3.9764082729961374, "target_rescale": 4.268931637246776},
{"mapping": [14, 6, 9, 4, 6, 12, 13, 3, 7, 2, 8, 11, 10, 1, 5, 15], "R": [[0.09185545561364594, -0.8804054265781718, 0.46524064754244876], [-0.9433526299754296, -0.22652992283746826, -0.24242526596394764], [0.3188234476829608, -0.41661790517326325, -0.8513407838795181]], "T": [-0.023372155206503254, 0.06644364287780768, 0.04345829322702905], "aligned_model": [[-0.15836690665615738, -0.27643985018513195, 0.09303720795553967, -0.6897757663087586, -0.27643985018513195, 0.564425415511243, 0.30267085545342143, -0.43734075555046553, -0.6457778474235982, -0.09610565250424062, 0.06571600954865718, 0.24383818201511748, 0.6501197339074345, 0.4068699582849453, -0.22326849049397887, -0.12038480785210026], [-0.27020345531493545, -0.6296518453843762, 0.06695027805100312, -0.12513620829251937, -0.6296518453843762, -0.10103413279171075, -0.3645497240783997, 0.39018782641452854, 0.49094443448949066, 0.8209925496431518, 0.6645432249354692, 0.19928384629791254, 0.4105265140434731, 0.4762470838499371, -0.4547739877403729, 0.060215414802433476], [-0.6687588000349347, -0.14380253737688267, 0.6333292367448726, 0.23072043439458434, -0.14380253737688267, 0.22692149243432141, -0.2436326662726791, -0.6140089294305071, 0.10214330954127637, 0.2917027283634147, -0.32259228455090155, -0.6924063782898358, -0.22886972961747515, 0.26768015167711295, 0.6689161595186964, -0.002784859506924628]], "inverted": false, "swapped": false, "error_lsq": 0.04412271762887853, "error_max": 0.4396089285142143, "target": "721.xyz", "model": "13.xyz", "model_rescale": 4.170626492500431, "target_rescale": 4.268931637246776},
{"mapping": [3, 14, 4, 1, 8, 11, 0, 2, 9, 5, 13, 6, 10, 15], "R": [[0.21429997400523676, -0.7483809772985692, -0.6276953353012857], [0.12647529379409317, -0.6159547557435285, 0.7775626913224607], [-0.9685450537796645, -0.2460196164832571, -0.03734738417049299]], "T": [-0.05498868662839127, 0.0149711217176655, 0.12315195485827107], "aligned_model": [[0.2534860655961417, -0.045099693223143535, -0.31186107532458807, -0.5993905199432344, 0.4555467072174154, -0.3570786459872282, -0.6118460276486603, 0.5112549130827208, 0.6820501878890071, -0.12660186232068824, 0.4011968428592303, -0.585722854095392, 0.2530517963511091, -0.07580281236104629], [-0.1829045450159255, -0.7821505318014031, -0.029196682163581997, -0.3161049986010307, 0.49360464632671736, 0.7386439765346517, 0.30152622796527334, -0.482749361674714, 0.20538966836650702, -0.3514698770441688, 0.09998206100333644, 0.03260161991174611, 0.6086390801603397, 0.020263183957918256], [-0.4382453921373863, -0.10097348285331448, -0.6119259164184911, -0.14459462389902678, -0.41729860915339695, 0.3333291980458457, 0.0022794769858412722, 0.17762848604245218, 0.15706679065089613, 0.6471592081530415, 0.5577668392211651, 0.4829975278850041, 0.3055338284285874, 0.05314977016964807]], "inverted": true, "swapped": true, "error_lsq": 0.03753975140554681, "error_max": 0.20244067220542686, "target": "721.xyz", "model": "14.xyz", "model_rescale": 3.9786697098870705, "target_rescale": 4.268931637246776},
{"mapping": [5, 10, 1, 14, 0, 4, 9, 8, 3, 2, 7, 15], "R": [[0.3838564771680795, 0.8388004124171826, -0.3860933476050531], [0.5591991299378682, 0.12156880603041881, 0.8200715569248027], [0.7348132674447593, -0.5306928429224416, -0.4223914871988473]], "T": [-0.029735725673345877, -0.06568555924733771, -0.19485995602641318], "aligned_model": [[-0.021876583085632763, -0.6820568057623099, 0.5406001079585545, 0.706061209849542, -0.012963138662923708, 0.49644711832471095, -0.41857864688804874, -0.24757761287713548, 0.34526176631905997, 0.15031935780311925, -0.3842517804863657, 0.011969604274766024], [-0.5785581281379379, 0.050906890775775315, 0.15032378498810062, -0.44051190141069874, 0.4592063573803939, 0.47377175449346226, -0.3236029682265443, 0.31489070138978237, -0.00288459854186518, -0.6889317171956126, 0.6101323014887226, -0.01006798677913888], [-0.5833068841506792, 0.008799418695034228, -0.5200214298766543, -0.13288401372203992, -0.5568285171689623, 0.006115458262586332, 0.40756475654042734, 0.5729485314289321, 0.35732783249565114, 0.19304412975897814, 0.07906954383333895, -0.17186233222278213]], "inverted": true, "swapped": true, "error_lsq": 0.052658632925583114, "error_max": 0.26825483480164397, "target": "721.xyz", "model": "15.xyz", "model_rescale": 3.769337070930944, "target_rescale": 4.268931637246776},
{"mapping": [7, 9, 0, 11, 4, 3, 1, 2, 6, 12, 15], "R": [[-0.24691535924027014, -0.7962026787128105, 0.5523532382287566], [0.21745613918936035, -0.6009912490536257, -0.7691048992756583], [0.9443228435763407, -0.06979120984413445, 0.3215331306854492]], "T": [0.049078590686444226, -0.030722659018429792, 0.07861508292637334], "aligned_model": [[-0.44642314061631705, -0.27883403097709897, -0.04621168376048719, -0.6218546480501416, 0.4433555016584105, 0.3970366196830946, 0.5610887113694804, 0.35770105821490183, -0.011558833510759328, -0.5091425756253142, 0.07746915230540152], [0.0987463984176502, -0.713080099913564, 0.5678104374884283, 0.41719917464133355, 0.1869220317518529, -0.39151157562817823, 0.42687887913409794, -0.6830111344016008, 0.5047175961069497, 0.19305801721264762, -0.011665227184274776], [-0.5500060926205897, -0.007972311960851589, -0.12011080631180229, -0.0127623649895659, -0.5581346338924646, -0.36662081091793797, 0.0003881528021290742, 0.30355308254170604, 0.4266168981348527, 0.6153996154777234, 0.013866878960577603]], "inverted": false, "swapped": true, "error_lsq": 0.04238631985787241, "error_max": 0.20051083691397778, "target": "721.xyz", "model": "16.xyz", "model_rescale": 3.7852294659196426, "target_rescale": 4.268931637246776},
{"mapping": [5, 11, 0, 6, 13, 10, 8, 7, 1, 14, 2, 4, 15], "R": [[-0.3239719746696487, -0.9451775755540597, 0.04100622267898685], [-0.662501045900495, 0.2575965927777741, 0.7033749779243162], [-0.6753773195846892, 0.2007071151181039, -0.7096352091966472]], "T": [-0.01591893834806639, 0.08996117186720691, -0.07600792135895057], "aligned_model": [[-0.04754189125280882, -0.36021922083801966, 0.22660678638800252, 0.1028478059754411, -0.5806794529976336, -0.6440848800790594, -0.308337347762577, -0.23676914881386296, 0.6529587442601162, 0.556954797663985, -0.10700121088625487, 0.5671046049510814, 0.03192626360787316], [-0.14332451202660507, -0.48089052942830984, -0.3628253849558786, -0.526035697318839, 0.17828137757300755, 0.04765394824057488, 0.638883268074401, 0.07169894188478736, -0.08403519593806476, 0.4640509972652547, 0.6509772008481698, 0.3097858823871728, 0.11083532709720363], [-0.6748140941324259, 0.38737191042451397, 0.30211863136288925, -0.20987630824018508, -0.3543373973020249, 0.2141840501374646, 0.5524817424546196, 0.7039539112948976, -0.07695327703809292, -0.5424898820500426, -0.5742952090833251, 0.3930702602042919, -0.02465964088940685]], "inverted": false, "swapped": true, "error_lsq": 0.042898923426580124, "error_max": 0.33880698531587045, "target": "721.xyz", "model": "17.xyz", "model_rescale": 3.901054581598922, "target_rescale": 4.268931637246776},
{"mapping": [9, 2, 8, 10, 14, 4, 5, 13, 3, 0, 1, 6, 12, 7, 15], "R": [[-0.9724692455515256, -0.22327543455521598, 0.06672066232155177], [0.16332682974422225, -0.44882569320613497, 0.8785669261950023], [-0.16621646471438653, 0.8652765901387903, 0.4729360521419774]], "T": [0.0756682047145306, 0.012371504531241272, 0.0441848812300829], "aligned_model": [[0.06072596582890757, 0.04967661696144032, -0.4723930279880054, 0.27081715401171375, -0.2009463216155224, -0.636798718049707, 0.5783187982613375, 0.47551182192631336, -0.5213418280950485, 0.02083599051639856, -0.16725896437024007, 0.478789526374016, 0.8313558787686272, -0.2363533085922344, 0.008146627151038019], [0.06320352531402953, -0.5821623932734324, 0.43291244691593356, 0.5239946743652341, -0.7527355252762444, 0.07469533384644875, -0.37612729147185153, -0.02169560735979418, -0.1920625915058198, 0.40356503339476724, -0.19228428663846517, 0.09649626972599093, 0.2918971985648595, 0.7521020122182634, 0.026958551007186093], [-0.715965483306299, -0.42183986916334665, -0.5077185998028586, -0.38096491768787283, 0.19854993974826085, 0.3552802365173405, 0.14617566671105778, -0.44895476276977486, -0.18223100726104693, 0.5449594156596952, 0.6580051983093083, 0.536012748796407, 0.06924125002134038, -0.06934985413457756, 0.06846644321434259]], "inverted": true, "swapped": true, "error_lsq": 0.04052853022631767, "error_max": 0.3272124136882547, "target": "721.xyz", "model": "18.xyz", "model_rescale": 3.9405287249114394, "target_rescale": 4.268931637246776},
{"mapping": [1, 10, 13, 12, 3, 11, 2, 0, 4, 7, 8, 6, 5, 9, 14, 15], "R": [[0.7565099979567873, 0.5378783899457936, -0.37199389863375765], [-0.6531583220812222, 0.59287880762832, -0.47104025917246617], [-0.0328150771363431, 0.5993175761602043, 0.7998384922082667]], "T": [-0.12978098714961026, 0.08368747899134087, 0.016906680213457745], "aligned_model": [[-0.3756795409007895, 0.23493899306076846, -0.10161382811550418, -0.6367897840202943, -0.47076892944463133, 0.4257686014247096, 0.4122293392505122, -0.4158466516095798, -0.6564948237234559, -0.051309616932615265, 0.14936647805116868, 0.11670395449659163, 0.6282199702286315, 0.44102292479082017, -0.19305455537757338, -0.10391509566196368], [-0.16122058672653766, -0.6124639394240752, 0.11449228312053518, -0.08213426882035675, -0.6779139349925727, -0.14090234308830085, -0.33138814496841207, 0.4446270575603408, 0.5906483014319578, 0.7397395163515393, 0.6481882746759656, 0.18984603901488772, 0.2394592230774179, 0.48010264135434866, -0.49415999258551935, 0.05796984755949022], [-0.544407282367952, 0.03292465824039571, 0.6874195589611193, 0.14174373423912756, -0.15373652738964627, 0.4170782288684749, -0.5209244414995768, -0.4935473472909394, 0.03201586576635068, 0.259936549310124, -0.4022444856913532, -0.6804160494229822, -0.2871202184598637, 0.34255643089468657, 0.5285977171020441, 0.0008783989572462778]], "inverted": false, "swapped": false, "error_lsq": 0.05079992841302568, "error_max": 0.36481116625246157, "target": "721.xyz", "model": "19.xyz", "model_rescale": 4.410303926677745, "target_rescale": 4.268931637246776},
{"mapping": [4, 0, 1, 8, 14, 10, 3, 6, 12, 13, 9, 2, 5, 15], "R": [[-0.779835847035477, 0.6143668409330894, 0.12003931206215795], [0.17313678086467674, 0.39596714379755565, -0.9017946973367181], [-0.601564382913647, -0.6824686115820288, -0.41515887009074137]], "T": [0.05928822580864901, -0.05088912720506392, 0.0413417283493135], "aligned_model": [[-0.18418508112417065, 0.26790020088303135, 0.4080701589347037, -0.8069879373828516, 0.22380768429571327, -0.27546097349152937, -0.4180665951284074, 0.6410208386977343, 0.4695583912165282, -0.033058335762693264, -0.5110237246683609, -0.1147042041390649, 0.5644218941799487, 0.029895572950291285], [0.08118948754376501, -0.4583199799345388, 0.14969076238795395, -0.21104681916678517, 0.7399181452515514, -0.5466593946452086, 0.3563591233315896, -0.31328406947213044, -0.5564631336795651, -0.08998552487564851, -0.00839356378493556, 0.5697357771428518, 0.1441682626115833, -0.04596060652928065], [-0.6877328111541487, -0.4028375453358295, -0.520611877399226, -0.0344103289244891, -0.1411141297035446, 0.3916966160460204, -0.1947931289293155, -0.02357736579331944, 0.5166307049864557, 0.6691679615357256, 0.5449031921025335, 0.43615377056184945, 0.38888114448438493, -0.025541163752075283]], "inverted": true, "swapped": true, "error_lsq": 0.04287945874740703, "error_max": 0.28034394880939234, "target": "721.xyz", "model": "20.xyz", "model_rescale": 4.121658175737393, "target_rescale": 4.268931637246776},
{"mapping": [14, 5, 13, 2, 9, 1, 12, 3, 0, 7, 10, 8, 15], "R": [[0.4208124843132129, -0.5088564042979199, -0.7509873586493544], [-0.5776258759683203, -0.7886406450068856, 0.2106995027401684], [-0.6994749462689659, 0.34512474968931955, -0.6257984553303978]], "T": [-0.04137932775144075, -0.0866662828894024, 0.0692841782853589], "aligned_model": [[0.19814642982579378, -0.16252066836061868, 0.25951382828335484, 0.5865344460974589, 0.6031976475498197, -0.41438164327083993, -0.4256956264843666, 0.43510519968257616, -0.5976774198799579, -0.10353456154999278, 0.07353287042401645, 0.4732022950112624, -0.044339892664211185], [-0.7100470236324458, 0.06883835204866495, 0.4388393474344813, -0.14378782162775852, 0.2946968927824135, -0.6590994237471786, 0.5936279956596707, -0.5162520144427903, -0.1976596467869628, 0.06298002456572385, 0.49453054242415306, -0.04307558792326528, -0.1427647325915229], [0.5589338469839696, 0.6817661275051098, 0.2630090759397986, 0.4861613888342188, -0.07113801617675941, 0.17350776420979255, 0.26759447317921997, -0.12538741137459833, -0.22230969842785067, -0.7251914314598112, -0.2907146672665183, -0.6484405992002583, 0.02231888673547612]], "inverted": true, "swapped": true, "error_lsq": 0.046213825209854, "error_max": 0.24095959842226364, "target": "721.xyz", "model": "21.xyz", "model_rescale": 4.08911054899281, "target_rescale": 4.268931637246776},
{"mapping": [8, 11, 14, 2, 1, 9, 5, 0, 4, 13, 7, 6, 10, 12, 15, 16], "R": [[-0.3494235253279968, -0.9241095141213569, 0.15467645540852265], [-0.7664398816135707, 0.3768655479039518, 0.5201367768916461], [-0.5389555712853616, 0.06319782206250585, -0.839960074924413]], "T": [-0.055075647230301034, 0.05436275833073918, -0.004233317412009677], "aligned_model": [[-0.05639559676408665, -0.019154760684067094, 0.07521388936279619, -0.6963697761535791, -0.6407978760214581, 0.581994785490472, 0.5247654826450047, -0.5307356722898027, -0.6243266328118335, -0.120871044741003, 0.15331681503287, 0.030463666583527657, 0.6661041395324874, 0.3955794899617404, -0.2566963476547144, -0.07931312597155865], [-0.381522680814177, -0.7066590404971914, 0.10427108684659077, -0.0744034911353164, -0.40564962163316637, -0.0839981201566035, -0.28926556146840543, 0.42222964057747475, 0.43868545209662235, 0.6867003164498324, 0.657949111668595, 0.195711553837766, 0.28521855784999445, 0.5241241825691503, -0.4626433214623798, 0.09414190881192258], [-0.5434588358500237, -0.07804755639664364, 0.6221502562440796, 0.3014052314986804, -0.278671766332532, 0.2830733873821814, -0.21263892166754195, -0.4925988523197621, 0.11635510798092753, 0.1761832679858666, -0.3173663302765679, -0.7310535650333463, -0.2830535537795323, 0.3439098394272521, 0.4685888738094827, -0.014021792455265344]], "inverted": true, "swapped": false, "error_lsq": 0.03516563498861611, "error_max": 0.2264584311081174, "target": "721.xyz", "model": "22.xyz", "model_rescale": 4.204369325754507, "target_rescale": 4.268931637246776},
{"mapping": [1, 10, 13, 12, 3, 11, 2, 0, 4, 7, 8, 6, 5, 9, 14, 15], "R": [[0.7565099979567873, 0.5378783899457936, -0.37199389863375765], [-0.6531583220812222, 0.59287880762832, -0.47104025917246617], [-0.0328150771363431, 0.5993175761602043, 0.7998384922082667]], "T": [-0.12978098714961026, 0.08368747899134087, 0.016906680213457745], "aligned_model": [[-0.3756795409007895, 0.23493899306076846, -0.10161382811550418, -0.6367897840202943, -0.47076892944463133, 0.4257686014247096, 0.4122293392505122, -0.4158466516095798, -0.6564948237234559, -0.051309616932615265, 0.14936647805116868, 0.11670395449659163, 0.6282199702286315, 0.44102292479082017, -0.19305455537757338, -0.10391509566196368], [-0.16122058672653766, -0.6124639394240752, 0.11449228312053518, -0.08213426882035675, -0.6779139349925727, -0.14090234308830085, -0.33138814496841207, 0.4446270575603408, 0.5906483014319578, 0.7397395163515393, 0.6481882746759656, 0.18984603901488772, 0.2394592230774179, 0.48010264135434866, -0.49415999258551935, 0.05796984755949022], [-0.544407282367952, 0.03292465824039571, 0.6874195589611193, 0.14174373423912756, -0.15373652738964627, 0.4170782288684749, -0.5209244414995768, -0.4935473472909394, 0.03201586576635068, 0.259936549310124, -0.4022444856913532, -0.6804160494229822, -0.2871202184598637, 0.34255643089468657, 0.5285977171020441, 0.0008783989572462778]], "inverted": false, "swapped": false, "error_lsq": 0.05079992841302568, "error_max": 0.36481116625246157, "target": "721.xyz", "model": "23.xyz", "model_rescale": 4.410303926677745, "target_rescale": 4.268931637246776},
{"mapping": [13, 7, 3, 10, 11, 0, 12, 15, 8, 4, 5, 6, 12, 2, 1, 16], "R": [[0.6921433509366993, -0.3641125158512045, 0.6231850909277467], [0.6925019681840833, 0.5783603479436888, -0.43120799156280293], [-0.2034173193592138, 0.7300146462414039, 0.6524569031420775]], "T": [-0.2000337777480708, 0.00013279520580843085, -0.1254074743778715], "aligned_model": [[0.0769571184208156, 0.09398520153112894, 0.0055456829194647506, -0.6736667722501907, -0.6235698850607704, 0.46964821808554696, 0.5700602276583071, -0.46010538383214333, -0.6945017436024437, -0.17764155777432142, 0.14935214755855009, 0.08703907360524826, 0.5700602276583071, 0.36861545812093494, -0.19111857876007765, -0.16788199876156093], [-0.3641499684612848, -0.5917410823455128, 0.16760407356016166, 0.07299229561621322, -0.4703331209204628, -0.06791950653920074, 0.012945465144579213, 0.45501502544534533, 0.6170426535906833, 0.5696717371949764, 0.5066838859040921, 0.1546073029487013, 0.012945465144579213, 0.45999642295143417, -0.5301704295244046, -0.00030024616919099856], [-0.659037248063485, -0.05351137171382639, 0.7342095571612121, 0.3152139345374424, -0.12471886952991335, 0.21705525318481714, -0.3555528482394796, -0.6099269344162742, 0.09960435781289675, 0.26060852921998057, -0.2555516295979511, -0.8121569878347532, -0.3555528482394796, 0.4205388980806406, 0.5491548716199459, -0.009621873764517896]], "inverted": true, "swapped": false, "error_lsq": 0.043855872967292424, "error_max": 0.3303948142739499, "target": "721.xyz", "model": "24.xyz", "model_rescale": 4.28219845311461, "target_rescale": 4.268931637246776},
{"mapping": [14, 13, 3, 4, 2, 9, 11, 6, 0, 1, 8, 10, 5, 1, 7, 15], "R": [[-0.2529217564447866, -0.7001347293756046, 0.6677139700792797], [-0.8258357865214254, -0.203300975121739, -0.5259885618671656], [0.5040097606370565, -0.6844560425890762, -0.5267770751901396]], "T": [-0.013317792066316173, -0.06452917684513301, -0.03377739035188735], "aligned_model": [[-0.12808394461284317, -0.18971300788752704, 0.1158067527065959, -0.5162535311340722, -0.6256219593350694, 0.5357521766788763, 0.4126368883345462, -0.4549107758111864, -0.698879562582234, 0.012740862754590517, 0.15420272774602684, 0.2031421666437612, 0.6635791729369784, 0.012740862754590517, -0.016543866348266646, -0.07781752732797159], [-0.3282451900536666, -0.6294859332491123, 0.2188427914353618, -0.010005158032379252, -0.24944853147499105, -0.29433908380276097, -0.17035142187497854, 0.4255607882491895, 0.37719206106847314, 0.5201706381963047, 0.5369902120148363, 0.17842691220827295, 0.45169595176505306, 0.5201706381963047, -0.5137491362895206, -0.02853556481567815], [-0.7390625947207957, 0.017457833526689788, 0.6754986661943992, 0.4941727462771209, -0.2780486809623784, 0.28650882534455707, -0.3560216051177029, -0.6477843917632478, -0.012763613467242953, 0.2256922064144866, -0.3371869439195947, -0.7575330424161618, -0.009225480551078323, 0.2256922064144866, 0.6016256520013384, -0.0282669930376209]], "inverted": false, "swapped": false, "error_lsq": 0.047023933073961154, "error_max": 0.34953750008899237, "target": "721.xyz", "model": "25.xyz", "model_rescale": 4.100010024507729, "target_rescale": 4.268931637246776},
{"mapping": [6, 0, 7, 4, 13, 9, 10, 3, 1, 2, 5, 15], "R": [[-0.9931010784427031, -0.08393936302540689, 0.0818805919057094], [0.007912521530305763, 0.6487129111918007, 0.7609920833071074], [-0.11699418788543647, 0.7563899405650157, -0.643573319687104]], "T": [-0.06043405510566503, 0.039716603459950275, -0.0784722665828746], "aligned_model": [[-0.5195958167483431, -0.05126309425503385, 0.30224909412174766, 0.6073564713578282, -0.3933749592129125, 0.05673521543005884, -0.17095523683059372, 0.5495315716917456, 0.08878215047250378, -0.004843507617643836, -0.5918484875825966, 0.003992201536246395], [-0.40355335241014106, -0.574677662722344, -0.1677423123395339, -0.34256587309680164, 0.5469473167595924, 0.7182086137994811, 0.25691160568587856, 0.26466613551218915, -0.47215210954258463, 0.6909278701352702, 0.1441767055303087, 0.0049844527393246504], [-0.14297536944250142, 0.09255305970291072, 0.6164165852670134, -0.20571069119668856, 0.11150023847954316, 0.24795643235782766, 0.5705309161835581, -0.24223451990803352, -0.5182425800876201, -0.45815471737183383, -0.4258594310586324, -0.08058763307118655]], "inverted": false, "swapped": true, "error_lsq": 0.045484484593184334, "error_max": 0.24638116415044398, "target": "721.xyz", "model": "26.xyz", "model_rescale": 3.6694154284099745, "target_rescale": 4.268931637246776},
