[{"mapping": [4, 2, 1, 7, 3, 6, 8, 9, 0, 10, 11, 12], "R": [[-0.5536022486533094, -0.8265727189905141, -0.10149921431532372], [0.8322420517595519, -0.5535043381625553, -0.031719314593526685], [-0.029961935335535768, -0.10203179825848557, 0.9943298218272894]], "T": [-0.08156368319992896, -0.1491981816377409, 0.013588601536466663], "aligned_model": [[-0.35743006358481055, 0.25021230919808524, 0.35140030842225894, -0.06326083528457893, 0.06790270847196539, -0.5265817385972827, 0.45547600715145004, -0.21749384741503125, 0.49517535302056687, 0.017121533698643443, -0.5484472550132014, -0.08643201760751645], [-0.3169384660637534, -0.7369422627597136, -0.4688338641902703, 0.6750894734468111, 0.45746031383756824, -0.5438755235421302, -0.08129167305649235, -0.5475828766792503, 0.21440875412592925, 0.3308131302141242, 0.17730773786230997, -0.10605970721807523], [-0.6235632026325921, 0.07318456933242938, -0.49561688108774293, 0.05602463159036112, -0.5651505568831621, -0.04247898108776606, 0.44195424947439066, 0.6003534859013775, -0.20658741401138678, 0.5661088594851136, 0.2953624522657281, 0.08236053300681234]], "inverted": false, "swapped": true, "error_lsq": 0.04727749240229856, "error_max": 0.2329835996036558, "target": "723.xyz", "model": "0.xyz", "model_rescale": 3.751011558992144, "target_rescale": 3.998796189813034},
{"mapping": [6, 4, 10, 1, 8, 2, 5, 7, 11, 9, 12, 3, 14], "R": [[0.24748454759844082, 0.35363553834833694, -0.9020495023650739], [-0.8772726215142683, 0.476979800493341, -0.05369373764989871], [0.411271377853454, 0.804631702046604, 0.42827990592614407]], "T": [0.09482668278938186, 0.011209537902652715, -0.051602559205370435], "aligned_model": [[-0.042268610976867044, -0.3910081638639654, -0.7212478251408949, 0.32231246262242974, 0.0020661090085548617, 0.5428954598601433, -0.12431668167269225, 0.48397837239149566, -0.22733378120533662, -0.27232142216288824, 0.368389086876582, 0.7820001699336531, 0.09030099552664851], [-0.720471900594785, -0.07555977793037788, -0.0624945282368791, -0.3535213277189849, 0.4284671064835878, 0.7024908821087337, 0.5842442652233789, -0.5231592208391594, -0.53293492658437, 0.19990499238938245, -0.2578722986478224, 0.12417517824142404, -0.0016260288530416493], [-0.14944374815770783, -0.6696717766211826, -0.01929379460941283, -0.6001526162398012, -0.5592538662593864, -0.12303487790674289, 0.06541638837289085, 0.0002435202780327328, 0.43507025299345686, 0.4619983713042007, 0.5845842690030307, 0.2621445558118177, 0.0014877301536784238]], "inverted": false, "swapped": false, "error_lsq": 0.04137188974571242, "error_max": 0.2710904815197591, "target": "723.xyz", "model": "1.xyz", "model_rescale": 3.9405287249114394, "target_rescale": 3.998796189813034},
{"mapping": [2, 8, 9, 1, 4, 7, 3, 0, 5, 11, 0, 6, 12], "R": [[-0.43152952204285894, -0.8964728031380311, -0.1005921708648491], [-0.7050594274003095, 0.40473034979360606, -0.5823096665777527], [0.5627374835919587, -0.18036035370830952, -0.8067196956631243]], "T": [0.02623632965587766, 0.04555123468568135, -0.06310095717980518], "aligned_model": [[-0.036376438827355945, -0.6341168776837881, -0.7598717209152316, 0.5782200438440213, 0.008521363481713395, 0.5854565127829797, -0.018050617207234873, 0.5492464129775582, -0.1862319079221754, -0.20346488937858218, 0.5492464129775582, 0.3704419849619316, 0.010425892105468276], [-0.6130645148561115, 0.21550773537880633, -0.007076224790201535, -0.30807783656172016, 0.23351597639730887, 0.5812844766004325, 0.6107155267129052, -0.4512823537421107, -0.5398870636447844, 0.04574148725707084, -0.4512823537421107, 0.21824979771374337, -0.022702237682141253], [-0.2258110158731092, -0.43152761139761103, 0.10907799166837451, -0.507495817183865, -0.7384165557924389, -0.23390064525605012, -0.13677366531383559, 0.36415403276143726, 0.3113259746041593, 0.6113259126995205, 0.36415403276143726, 0.32037442217693557, -0.11639264773208023]], "inverted": true, "swapped": false, "error_lsq": 0.06066454217343788, "error_max": 0.38874265680152487, "target": "723.xyz", "model": "2.xyz", "model_rescale": 3.932901565614263, "target_rescale": 3.998796189813034},
{"mapping": [5, 6, 2, 12, 10, 11, 1, 9, 4, 0, 7, 3, 13], "R": [[-0.22534674861287782, 0.5751938081502226, 0.7863656439311485], [0.5690794129490686, 0.732836613168968, -0.3729599444398555], [-0.7908017859407931, 0.36345918816929323, -0.49247330271616796]], "T": [0.17072932249077988, 0.03001397079368217, 0.06050010547103711], "aligned_model": [[0.06133781561288967, -0.28510561160557113, -0.6619578200918586, 0.24952386309906238, 0.1250899211909204, 0.737954332528778, -0.2780063483032661, 0.664842856588988, -0.4471324124209153, -0.24060064292437394, 0.3725619275566613, 0.3555164054915393, 0.15942188447400873], [-0.6285039078273293, -0.1727500879141309, 0.033647362652942235, -0.286402919360893, 0.2955027639484808, 0.6302223546656851, 0.6160382390793004, -0.4813890233361945, -0.4794927493710842, 0.20191158037788964, -0.5090726855988997, 0.3142782385730783, -0.022346750847758765], [-0.20630954093278808, -0.40618341688160436, 0.08911433653632715, -0.6300081002403595, -0.6032605336598407, -0.2796680621822279, -0.0025909053742227545, -0.12419351219027154, 0.4096078011419118, 0.5607092622382944, 0.48286454973561826, 0.44225007351443235, -0.04223754358239459]], "inverted": false, "swapped": false, "error_lsq": 0.048089371230550716, "error_max": 0.24954097668989103, "target": "723.xyz", "model": "3.xyz", "model_rescale": 3.9243930471874484, "target_rescale": 3.998796189813034},
{"mapping": [1, 9, 8, 5, 11, 6, 10, 0, 7, 4, 2, 3, 12], "R": [[0.08567109163199163, 0.992065801375111, 0.09201037876534224], [-0.17198095959180174, 0.10568863615048116, -0.9794143462940159], [-0.9813679297778513, 0.06808346297457313, 0.17967088933080944]], "T": [-0.010742914644387688, 0.043057731532166875, -0.06609654600547736], "aligned_model": [[-0.016254284641184627, -0.5094434150013318, -0.6225053468038141, 0.5460513532894758, -0.07268540480911764, 0.5630691337340444, -0.1920583540291667, 0.6289225011236227, -0.2863381931498727, -0.13399033640379832, 0.3358875126858108, 0.496362731381089, 0.07642827382110552], [-0.6496196983693202, -0.05557911965005647, 0.08994017603186465, -0.2421857806749674, 0.45672537027235394, 0.41309246311012293, 0.7109585170625038, -0.49734054514973813, -0.5386633375664249, 0.05195242935399532, -0.4362399132398638, 0.2336311991159509, -0.025029345255333797], [-0.24024562836973695, -0.5552345370769786, 0.0749181054047341, -0.4929915936631122, -0.7377931247959518, -0.30132100327658773, 0.06866610329905261, 0.08263210553872778, 0.4119898469659729, 0.51450506165712, 0.6419540206057259, 0.333251657429633, -0.11023660559572451]], "inverted": true, "swapped": false, "error_lsq": 0.044579793569141685, "error_max": 0.2784316906886852, "target": "723.xyz", "model": "4.xyz", "model_rescale": 3.8936222436046832, "target_rescale": 3.998796189813034},
{"mapping": [9, 8, 2, 6, 1, 0, 7, 3, 5, 11, 4, 12], "R": [[-0.5354725166356157, -0.8414950852583233, -0.07179975915006753], [0.19961704863974297, -0.20871149797571859, 0.9573883979373733], [-0.8206230668341458, 0.49832271882668466, 0.2797360364359626]], "T": [-0.09175462925860496, -0.08458842537612059, -0.08786437831617555], "aligned_model": [[0.035101833391564016, -0.6430005327186766, -0.4119422119538482, 0.36349821224598006, -0.5017105271846081, -0.6695095812534111, -0.12980798481980005, -0.23704904239718355, 0.7459286755381778, 0.35888163653942795, 0.20711216375266533, -0.08995459892519049], [-0.5568232422473649, -0.49711302077319663, 0.017124736915059405, 0.05317055933873187, 0.5034986400714777, 0.05729567733779385, -0.33212292703255, 0.3280233249612995, 0.1494350403575671, -0.45560600515892863, 0.5641611029744591, -0.16212098163454103], [-0.6192607651397001, -0.13757819294194798, -0.6762557768831852, -0.4494195747883268, -0.2749600125402548, 0.31136427083248874, 0.6988150747227182, 0.642857745924119, 0.10927685872657017, 0.16364267822936385, -0.08582136536433055, -0.06337622150199636]], "inverted": true, "swapped": true, "error_lsq": 0.04327216182956361, "error_max": 0.27430108841853745, "target": "723.xyz", "model": "5.xyz", "model_rescale": 3.6523030999806103, "target_rescale": 3.998796189813034},
{"mapping": [6, 8, 9, 1, 5, 0, 7, 2, 10, 11, 4, 3, 12], "R": [[0.4581475754407473, 0.03488862462255653, 0.8881911860572087], [0.2811276879961133, -0.9536244800649959, -0.10755265716255485], [0.8432484937192148, 0.2989701237460232, -0.44670890180022477]], "T": [0.007467067996799803, -0.08724052336417676, -0.05771285165572208], "aligned_model": [[-0.0780430168943788, -0.4273301035394006, -0.693557085689299, 0.5491675078520373, -0.015103450273521446, 0.7164879164263216, -0.07840930628326731, 0.5920531317019793, -0.3229787473497278, -0.22480877621780432, 0.22813712635585207, 0.5214955652371931, 0.046335409870878405], [-0.6717372980599253, -0.1449110221658292, -0.02933518484771344, -0.21320702711893494, 0.3675884745515975, 0.5336818412785665, 0.5568090828839362, -0.5422516483089463, -0.665546742053933, 0.23400090429094794, -0.24287938573179413, 0.3193918437128705, 0.010038576610244612], [-0.3291460991112985, -0.5689159774859338, 0.1092451757063201, -0.47372720163164195, -0.5641955111285671, -0.37221020311904024, 0.15357702677991025, 0.1079242350950934, 0.348538944908573, 0.7280484864702186, 0.44846189266845277, 0.17264670429557766, -0.07015306532478968]], "inverted": false, "swapped": false, "error_lsq": 0.045065236438455364, "error_max": 0.2560538416909839, "target": "723.xyz", "model": "6.xyz", "model_rescale": 4.08911054899281, "target_rescale": 3.998796189813034},
{"mapping": [10, 5, 4, 12, 7, 2, 6, 11, 8, 3, 9, 1, 14], "R": [[-0.6614875195893591, 0.46379289073228047, -0.5893474492468024], [-0.5589102973108279, 0.219110751308114, 0.7997560616970127], [0.500053538121109, 0.8584210116064197, 0.11427959505166185]], "T": [0.1099206326868303, -0.025583294022233305, -0.055779794532778884], "aligned_model": [[-0.0710616879564421, -0.4055600285171237, -0.5923343369054993, 0.3101778755245638, 0.02264198560247052, 0.47317094473073085, -0.07850561398908265, 0.48158414350873646, -0.24383553784080528, -0.3156911539033411, 0.3146956917005621, 0.7246228289316085, 0.19354106031048424], [-0.7004167507500114, -0.12652806499231173, -0.04072572820497117, -0.3786617815316695, 0.48446384293133465, 0.6917654702906466, 0.4292180661951527, -0.4795785585606086, -0.45242109120552154, 0.24802361078860152, -0.2480996365324576, 0.1707439218005271, -0.08614088518762453], [-0.23218870529807178, -0.6076774940404513, 0.0030262771958496568, -0.6416420107238174, -0.6315604128120355, -0.1157756646410429, 0.026647377937947678, -0.0388801656190392, 0.34147961692820133, 0.5528623869015434, 0.667484306905683, 0.2928502287218523, 0.07346866666625475]], "inverted": true, "swapped": false, "error_lsq": 0.04067454661395385, "error_max": 0.21194787010833208, "target": "723.xyz", "model": "7.xyz", "model_rescale": 3.964800864290218, "target_rescale": 3.998796189813034},
{"mapping": [7, 2, 4, 1, 0, 3, 6, 8, 12, 11, 9, 10, 13], "R": [[0.42780375702825874, 0.8393215567983253, -0.3354448833506662], [0.8985298402120153, -0.35461623475784704, 0.25863381893081505], [0.09812273804310939, -0.41205175687018125, -0.9058616218491213]], "T": [0.09947848378127366, 0.006656846484880692, -0.0765031060247324], "aligned_model": [[-0.007736751769403943, -0.3887128513841033, -0.5796800350255416, 0.34555387497718215, 0.04468625793688197, 0.3922148748411279, -0.15339149607496638, 0.6001852250612281, -0.2540143645392347, -0.24193316012887778, 0.24730631791524083, 0.6507712439359542, 0.1581970354513748], [-0.6636400994616274, -0.10445690679600111, 0.13139522406046666, -0.36017048601032653, 0.3623468575271544, 0.6352594316147651, 0.5149129886286509, -0.5436124359945511, -0.540454793558139, 0.19705503107173827, -0.29716905748639405, 0.2107181118666794, -0.03054145042132881], [-0.2911191876269956, -0.5100139846141558, 0.05869097115983021, -0.6831368515043471, -0.6958913530511898, -0.2889340148390703, 0.042821201805545744, 0.11728558663730254, 0.30610190806193727, 0.6544688121788856, 0.5232414048462819, 0.4975781648586196, -0.04099824978977018]], "inverted": true, "swapped": false, "error_lsq": 0.036931797908176495, "error_max": 0.22439465882559093, "target": "723.xyz", "model": "8.xyz", "model_rescale": 4.121658175737393, "target_rescale": 3.998796189813034},
{"mapping": [8, 2, 1, 11, 3, 10, 0, 7, 6, 4, 9, 5, 12], "R": [[-0.05418999165555885, 0.3991992859126898, 0.9152613697360823], [-0.7824476545218491, 0.5524820843208106, -0.2872963877910583], [-0.6203540221015964, -0.7317127008815218, 0.2824135454099907]], "T": [0.10758731202220509, -0.07294606583275717, -0.04803027878497673], "aligned_model": [[-0.047065053145799646, -0.4417689255708004, -0.5374250795944999, 0.4890261805468603, 0.055117213444718455, 0.550126126384864, -0.19134181134207504, 0.646755226445245, -0.23803829887982206, -0.21332767646906217, 0.23620481831153858, 0.47828984299939037, 0.02689360806630503], [-0.7046015388604527, -0.03529446675976475, 0.08044925536093436, -0.21720116711577767, 0.270795815183577, 0.479822951282613, 0.6469539468909793, -0.46775247818813415, -0.6033443140041591, 0.246285541281458, -0.4256582353453062, 0.29480654658982197, -0.05361944127470246], [-0.37612683022890764, -0.4712755175813394, 0.14001388041789098, -0.5345761963364042, -0.7563892269607186, -0.3220496979785162, 0.05784509137874563, 0.04490392984129252, 0.23375454252249128, 0.7156664338566647, 0.6950992385863974, 0.28220532780409774, -0.018976567198819953]], "inverted": false, "swapped": false, "error_lsq": 0.042278911130619164, "error_max": 0.2040984934986795, "target": "723.xyz", "model": "9.xyz", "model_rescale": 3.833441315466971, "target_rescale": 3.998796189813034},
{"mapping": [11, 12, 6, 10, 0, 13, 5, 8, 7, 4, 9, 2, 14], "R": [[0.09381587184693431, 0.05015804365102394, -0.9943252751724163], [0.666042557810184, 0.7391627628806641, 0.10012852319040222], [0.7399904684354166, -0.6716565942710048, 0.035937807348355486]], "T": [-0.04530257310962282, -0.029103040445174158, -0.04617917678373391], "aligned_model": [[-0.06096827941826003, -0.44603676090258726, -0.7115960894035032, 0.38501384947963246, 0.1167658715208959, 0.5512034459438464, 0.04478666372305687, 0.5876264409332143, -0.12892495794607606, -0.4818651762606642, 0.49246922309978314, 0.4709094520216558, -0.005937511594131528], [-0.6917914267819921, -0.20060203752482275, 0.07940091706306011, -0.32188962501626434, 0.37713039751900035, 0.4882739795488353, 0.6279421012895027, -0.48259172726036675, -0.5707094582596824, 0.34874003874003234, -0.3261081910722689, 0.2366947433898718, -0.05284729659381862], [-0.20722503765487293, -0.46213622029347, 0.028046219104083905, -0.6824636539360932, -0.5682243614550592, -0.1565790401430484, 0.08652656008085781, -0.08234872875959304, 0.3327453034471117, 0.5038756215155508, 0.4834429170108891, 0.377527016404278, 0.03690781280223958]], "inverted": true, "swapped": false, "error_lsq": 0.03841343430421338, "error_max": 0.24541677306346227, "target": "723.xyz", "model": "10.xyz", "model_rescale": 4.2482417240324, "target_rescale": 3.998796189813034},
{"mapping": [1, 2, 8, 9, 3, 7, 0, 11, 6, 5, 4, 12], "R": [[-0.2148945494539896, -0.11535675197135914, -0.9698005735147746], [-0.9644659965246598, 0.18134785721748486, 0.19214134440646025], [0.1537064545250527, 0.9766298042028234, -0.1502283308171027]], "T": [0.04926221220162579, 0.0018835774786605183, -0.0264736181433685], "aligned_model": [[-0.5948270268998702, -0.04762478669093962, 0.2922962292288934, 0.6133516853114622, -0.49392424115913086, 0.15311814310936117, -0.30879289044748737, 0.48936706904387156, 0.10215221960989998, 0.03356044013465189, -0.4813943217125011, 0.11948308283479578], [-0.34396170556625183, -0.6654064649306407, -0.21844005865257168, -0.4289547075551448, 0.6155208995042654, 0.736056409912118, 0.16656760159045686, 0.41215478271718453, -0.1834160781137571, 0.46868977861411865, 0.0782975807854715, 0.029023351745390787], [0.0937557601550916, 0.039911637374116044, 0.5809076568258059, -0.15937148413987315, 0.20528371132573106, 0.3365555087118453, 0.5718499674921962, -0.23133489117583864, -0.5920012765451178, -0.7862040926719669, -0.4984545791097345, 0.004294371612101482]], "inverted": true, "swapped": true, "error_lsq": 0.039460421588121956, "error_max": 0.24082847504870286, "target": "723.xyz", "model": "11.xyz", "model_rescale": 3.6694154284099745, "target_rescale": 3.998796189813034},
{"mapping": [0, 4, 3, 6, 11, 9, 8, 5, 1, 2, 12, 10, 13], "R": [[-0.6550829509267485, -0.42536105377594685, 0.6244471965952924], [0.3440561929330614, 0.5678735243649567, 0.7477599858442086], [-0.6726750058605652, 0.704689743260067, -0.2256561593100212]], "T": [0.18961933258533503, -0.05202062168420085, -0.042416582352835464], "aligned_model": [[0.00048336484005040425, -0.4213326904543997, -0.6463940312003854, 0.34543699130612604, 0.08772814496746048, 0.4821645968292356, -0.17525954232002383, 0.7695191296051289, -0.4703692855779532, -0.15593795898283885, 0.37166016075924635, 0.5046050277645879, 0.12114226366062768], [-0.7292166552200945, -0.1975827459978582, 0.14648016441005768, -0.2608748292063533, 0.3705877171832304, 0.6884210248278425, 0.6077464124899185, -0.5992862323889111, -0.3951556776833638, 0.1442193883673661, -0.37279948590888856, 0.26195318744623025, -0.15284985327808887], [-0.1703657218331999, -0.433859992387087, 0.011694360116937558, -0.5443683835098139, -0.6391150210239986, -0.14657849174916693, 0.022149032148815667, -0.13615755116095174, 0.3614978285573558, 0.4756505851952982, 0.5283115117611346, 0.41116168688083576, -0.04992543487328552]], "inverted": false, "swapped": false, "error_lsq": 0.04405533646679079, "error_max": 0.252880178834753, "target": "723.xyz", "model": "12.xyz", "model_rescale": 3.9764082729961374, "target_rescale": 3.998796189813034},
{"mapping": [10, 14, 3, 12, 6, 5, 4, 1, 8, 7, 2, 0, 15], "R": [[-0.38641931486674147, 0.7255987519768154, 0.5693738352151477], [-0.5451031922648875, -0.6776408903803489, 0.4936246888752196], [0.74400445084727, -0.11962138109140819, 0.6573797245924434]], "T": [0.11198820050626679, -0.0468280798043747, -0.13616790441235968], "aligned_model": [[0.11847097778464222, -0.5706457522568011, -0.6760579497759631, 0.5300428857783606, -0.11882495278163507, 0.6318388592249674, 0.021503249237744965, 0.4667701712798759, -0.22188633823333154, -0.11579426663773945, 0.26128917225995535, 0.45617569380779577, 0.030564421508990774], [-0.84304909532195, 0.02044609450954793, -0.10788914351733633, -0.3540890756777713, 0.4727306044489353, 0.5889541693168179, 0.6337933236976139, -0.5354788368125185, -0.5578774629251888, 0.2219119850506049, -0.32653219058847743, 0.28125194176748397, 0.017470101093325086], [-0.24633580811024033, -0.546403338743085, 0.1531386092322701, -0.5076978432937468, -0.6465039383992776, -0.3045725663634147, 0.07461800704318414, 0.06048602804350944, 0.22021553661963447, 0.5323585528999305, 0.5957708526909914, 0.4124725993808619, -0.1074522828777431]], "inverted": true, "swapped": false, "error_lsq": 0.04766750441501777, "error_max": 0.23133536142643288, "target": "723.xyz", "model": "13.xyz", "model_rescale": 4.170626492500431, "target_rescale": 3.998796189813034},
{"mapping": [3, 2, 0, 6, 4, 12, 8, 11, 1, 7, 9, 10, 13], "R": [[0.31643931010411536, -0.5084082650352298, -0.8008665301189077], [-0.8558219700421771, -0.5171769282813822, -0.009837705350396742], [-0.4091881213011426, 0.6885122082412932, -0.5987620733553017]], "T": [0.04179422641783519, -0.03535857013869701, -0.08356499916153426], "aligned_model": [[0.017974158170748114, -0.39624623483789984, -0.5416557037952091, 0.4082769108579538, -0.06039379979782332, 0.5559571662741135, -0.02099478877297227, 0.6516320913673526, -0.32687082644696813, -0.30181034435274373, 0.36214872659504976, 0.335405485475968, 0.13002333045929354], [-0.7173163869746741, -0.17493116428021918, -0.008455416713818581, -0.4095384583783372, 0.48425444400160433, 0.48131041029832633, 0.685196716945478, -0.3917354930912593, -0.43319010319070744, 0.3018484791309083, -0.42037523198527804, 0.18428274968941158, -0.0697081304103484], [-0.18276048713803242, -0.5542795756341704, 0.03776432869481647, -0.741720847173707, -0.5553944741068787, -0.14986550533372578, 0.08499926345463865, -0.05612564071744286, 0.46107306414383664, 0.5688590253480327, 0.5531779652916281, 0.34524547663551736, -0.12087818534163838]], "inverted": true, "swapped": false, "error_lsq": 0.039422241943447914, "error_max": 0.21462572048765624, "target": "723.xyz", "model": "14.xyz", "model_rescale": 3.9786697098870705, "target_rescale": 3.998796189813034},
{"mapping": [0, 1, 7, 10, 3, 5, 2, 6, 11, 8, 4, 12], "R": [[0.7910196508224393, -0.028816709137610808, 0.611111699517547], [0.4724309831059156, 0.6634336822003827, -0.5802281581616149], [-0.388711818979465, 0.7476799760569492, 0.5384029858657505]], "T": [0.013616948547593356, -0.04396552183000216, 0.09559020584182908], "aligned_model": [[-0.15207640263745945, -0.7006958742118462, 0.5696221509013396, 0.6052503379840924, 9.125621617703944e-05, 0.30669568175611023, -0.49427702244306665, -0.06587566066832054, 0.6151022174971216, 0.053795372258731856, -0.3388243995546115, 0.0845469396690686], [-0.31592839254697114, -0.047856081073279794, -0.04909561303270043, -0.4607749547896306, 0.2519624248702823, 0.7842942509598817, -0.35847459797283676, 0.3096784040445071, 0.13553263815147013, -0.7264820747366039, 0.5755196929871861, -0.08370120663686532], [-0.5462020563294849, -0.10102379652577838, -0.5146702683273228, -0.051610664004306375, -0.7028817422369693, 0.2486770240560423, 0.4152741883280586, 0.5705341461503588, 0.19548399870438993, 0.0003174367508879533, 0.04842401909045972, 0.09764420821749457]], "inverted": false, "swapped": true, "error_lsq": 0.057000495627102465, "error_max": 0.32315526932718924, "target": "723.xyz", "model": "15.xyz", "model_rescale": 3.769337070930944, "target_rescale": 3.998796189813034},
{"mapping": [10, 7, 9, 11, 8, 0, 2, 3, 6, 5, 12], "R": [[-0.8282345215149234, -0.28740113740690654, -0.48106981155354384], [-0.5381391801435677, 0.6473755919111714, 0.5397324020216586], [0.1563131477686847, 0.7059075217157534, -0.690840626063471]], "T": [0.10556322769130735, 0.11951270376127149, 0.058654869707672974], "aligned_model": [[-0.3024908018453495, -0.323275208932302, -0.039448057547827875, -0.5298826117952556, 0.28892081608221565, 0.4413334971813918, 0.630083483145068, 0.15000154236394156, 0.0010948107253939687, -0.44426056916101875, 0.050549230474913255], [-0.03556195371863602, -0.5438177102630579, 0.7727968622731103, 0.12416559257725707, 0.11530901898451826, -0.45540730004070823, 0.5355457892008888, -0.7052904860519544, 0.5470949870107868, 0.12233755719070531, 0.11889214046243182], [-0.5370564920860169, -0.18150404917286128, -0.21277088386298781, 0.0456232252461313, -0.6068392137126424, -0.2059971902000639, -0.04558076163521389, 0.2661125283347412, 0.4626531228863827, 0.7608163764922621, -0.001239055065954002]], "inverted": false, "swapped": true, "error_lsq": 0.04698556565960399, "error_max": 0.23106238569713428, "target": "723.xyz", "model": "16.xyz", "model_rescale": 3.7852294659196426, "target_rescale": 3.998796189813034},
{"mapping": [4, 10, 9, 5, 6, 7, 11, 1, 0, 8, 3, 2, 12], "R": [[0.39387876736875865, 0.6025800284045412, -0.6940870449619776], [-0.6119865407252846, -0.39149599686020914, -0.6871705453623077], [-0.6858075463183293, 0.6954338169879389, 0.21456890642033627]], "T": [0.09359050710291772, -0.06209575651257227, 0.032267088053312715], "aligned_model": [[0.0473022933029959, -0.4789123962277291, -0.7421802155015711, 0.4117206369120343, 0.04730033931102867, 0.5058341415302805, -0.05440802911210019, 0.727401582345479, -0.30447746259710984, -0.2295880857042078, 0.3438074698166781, 0.5251760960721058, 0.014469801048978423], [-0.6792934589018025, -0.028362374833415617, 0.0979004446955074, -0.2815892628433971, 0.33376220925200284, 0.3966206129179217, 0.6555331091622413, -0.3313893920108998, -0.5694591285030053, 0.1746226575459614, -0.4769196677241736, 0.24286564995275256, -0.022648983668606744], [-0.3122776587042927, -0.5337342899640989, 0.1844193156018963, -0.49954569079523825, -0.760542427031185, -0.30099179549977007, 0.0644745229366794, 0.03658136980489313, 0.25558626770458487, 0.54580958955566, 0.6629872838770763, 0.3401947435035484, 0.007133177133121123]], "inverted": true, "swapped": false, "error_lsq": 0.04029609439023449, "error_max": 0.27762694473692756, "target": "723.xyz", "model": "17.xyz", "model_rescale": 3.901054581598922, "target_rescale": 3.998796189813034},
{"mapping": [6, 4, 10, 1, 8, 2, 5, 7, 11, 9, 12, 3, 14], "R": [[0.24748454759844082, 0.35363553834833694, -0.9020495023650739], [-0.8772726215142683, 0.476979800493341, -0.05369373764989871], [0.411271377853454, 0.804631702046604, 0.42827990592614407]], "T": [0.09482668278938186, 0.011209537902652715, -0.051602559205370435], "aligned_model": [[-0.042268610976867044, -0.3910081638639654, -0.7212478251408949, 0.32231246262242974, 0.0020661090085548617, 0.5428954598601433, -0.12431668167269225, 0.48397837239149566, -0.22733378120533662, -0.27232142216288824, 0.368389086876582, 0.7820001699336531, 0.09030099552664851], [-0.720471900594785, -0.07555977793037788, -0.0624945282368791, -0.3535213277189849, 0.4284671064835878, 0.7024908821087337, 0.5842442652233789, -0.5231592208391594, -0.53293492658437, 0.19990499238938245, -0.2578722986478224, 0.12417517824142404, -0.0016260288530416493], [-0.14944374815770783, -0.6696717766211826, -0.01929379460941283, -0.6001526162398012, -0.5592538662593864, -0.12303487790674289, 0.06541638837289085, 0.0002435202780327328, 0.43507025299345686, 0.4619983713042007, 0.5845842690030307, 0.2621445558118177, 0.0014877301536784238]], "inverted": false, "swapped": false, "error_lsq": 0.04137188974571242, "error_max": 0.2710904815197591, "target": "723.xyz", "model": "18.xyz", "model_rescale": 3.9405287249114394, "target_rescale": 3.998796189813034},
{"mapping": [11, 5, 2, 9, 8, 4, 1, 13, 10, 3, 14, 12, 15], "R": [[-0.7294240252186606, 0.4027885047302553, 0.5529032572620384], [-0.6698662167830152, -0.5843930212393404, -0.4580000527724493], [0.13863564854184207, -0.7044474552327669, 0.6960847216894377]], "T": [0.1704851298349867, 0.07186154686367446, -0.05905964158620795], "aligned_model": [[0.0510268296405572, -0.38374907603713976, -0.6919827932496134, 0.2724770569070195, -0.020335511648168547, 0.6966078185750575, -0.20507303724682463, 0.6436942194608095, -0.33204274063656775, -0.11220798483705857, 0.30396033118970156, 0.4576126182171641, 0.13345844086192582], [-0.636499303069086, -0.16242378888044479, -0.03460917467033475, -0.40414544788065826, 0.35453311729737585, 0.5596410046603402, 0.5466152156271058, -0.4027424958953996, -0.39016763155270107, 0.17862229295731943, -0.41965451788108304, 0.2642000313964903, 0.05827311293216261], [-0.11534305563520529, -0.6328169676879547, -0.07082187433385544, -0.6523764496433682, -0.7343050944316596, -0.2002373507353064, 0.20377955091226813, -0.012648377175400224, 0.3306823431135926, 0.7372539529759541, 0.5243229865381915, 0.3660318485572141, -0.053427104331596344]], "inverted": false, "swapped": false, "error_lsq": 0.045030182728509414, "error_max": 0.24153364354202805, "target": "723.xyz", "model": "19.xyz", "model_rescale": 4.410303926677745, "target_rescale": 3.998796189813034},
{"mapping": [7, 2, 4, 1, 0, 3, 6, 8, 12, 11, 9, 10, 13], "R": [[0.42780375702825874, 0.8393215567983253, -0.3354448833506662], [0.8985298402120153, -0.35461623475784704, 0.25863381893081505], [0.09812273804310939, -0.41205175687018125, -0.9058616218491213]], "T": [0.09947848378127366, 0.006656846484880692, -0.0765031060247324], "aligned_model": [[-0.007736751769403943, -0.3887128513841033, -0.5796800350255416, 0.34555387497718215, 0.04468625793688197, 0.3922148748411279, -0.15339149607496638, 0.6001852250612281, -0.2540143645392347, -0.24193316012887778, 0.24730631791524083, 0.6507712439359542, 0.1581970354513748], [-0.6636400994616274, -0.10445690679600111, 0.13139522406046666, -0.36017048601032653, 0.3623468575271544, 0.6352594316147651, 0.5149129886286509, -0.5436124359945511, -0.540454793558139, 0.19705503107173827, -0.29716905748639405, 0.2107181118666794, -0.03054145042132881], [-0.2911191876269956, -0.5100139846141558, 0.05869097115983021, -0.6831368515043471, -0.6958913530511898, -0.2889340148390703, 0.042821201805545744, 0.11728558663730254, 0.30610190806193727, 0.6544688121788856, 0.5232414048462819, 0.4975781648586196, -0.04099824978977018]], "inverted": true, "swapped": false, "error_lsq": 0.036931797908176495, "error_max": 0.22439465882559093, "target": "723.xyz", "model": "20.xyz", "model_rescale": 4.121658175737393, "target_rescale": 3.998796189813034},
{"mapping": [6, 8, 9, 1, 5, 0, 7, 2, 10, 11, 4, 3, 12], "R": [[0.4581475754407473, 0.03488862462255653, 0.8881911860572087], [0.2811276879961133, -0.9536244800649959, -0.10755265716255485], [0.8432484937192148, 0.2989701237460232, -0.44670890180022477]], "T": [0.007467067996799803, -0.08724052336417676, -0.05771285165572208], "aligned_model": [[-0.0780430168943788, -0.4273301035394006, -0.693557085689299, 0.5491675078520373, -0.015103450273521446, 0.7164879164263216, -0.07840930628326731, 0.5920531317019793, -0.3229787473497278, -0.22480877621780432, 0.22813712635585207, 0.5214955652371931, 0.046335409870878405], [-0.6717372980599253, -0.1449110221658292, -0.02933518484771344, -0.21320702711893494, 0.3675884745515975, 0.5336818412785665, 0.5568090828839362, -0.5422516483089463, -0.665546742053933, 0.23400090429094794, -0.24287938573179413, 0.3193918437128705, 0.010038576610244612], [-0.3291460991112985, -0.5689159774859338, 0.1092451757063201, -0.47372720163164195, -0.5641955111285671, -0.37221020311904024, 0.15357702677991025, 0.1079242350950934, 0.348538944908573, 0.7280484864702186, 0.44846189266845277, 0.17264670429557766, -0.07015306532478968]], "inverted": false, "swapped": false, "error_lsq": 0.045065236438455364, "error_max": 0.2560538416909839, "target": "723.xyz", "model": "21.xyz", "model_rescale": 4.08911054899281, "target_rescale": 3.998796189813034},
{"mapping": [5, 11, 1, 9, 15, 3, 2, 12, 6, 0, 7, 13, 16], "R": [[0.9896426621902843, 0.10839938830779713, 0.09411149657412915], [0.04020897254859835, -0.8386629091670925, 0.5431645821608542], [0.1378065299596248, -0.5337547165148844, -0.8343352221371232]], "T": [0.04439586957722402, -0.06467635602006772, -0.04247911910179862], "aligned_model": [[-0.061437359537535305, -0.4937013459009741, -0.6820988539711359, 0.4007044700865605, -0.10198053744880031, 0.6453496795710745, -0.13329102856338887, 0.7637726150977966, -0.2643234674806347, -0.21056233475109476, 0.3482932852294834, 0.5481090893990939, 0.054611959466417836], [-0.6873919057092399, -0.1831976350049719, 0.25493916577612, -0.4593601964214444, 0.32343988796391804, 0.5621138276200862, 0.63118386838423, -0.23040476924278916, -0.5137335816055313, 0.10164601341760537, -0.3681617796183971, 0.12740222473011265, -0.04683270524861219], [-0.3567301743722984, -0.5737955251922181, -0.0354281511269825, -0.516627259340287, -0.6420178972605498, -0.02612652784857876, -0.11636919755906165, -0.04331403765668618, 0.4660522050341009, 0.6698498650407757, 0.5243887194925727, 0.3397626591249138, 0.0004497297871738429]], "inverted": false, "swapped": false, "error_lsq": 0.04210341844829852, "error_max": 0.2672648390662548, "target": "723.xyz", "model": "22.xyz", "model_rescale": 4.204369325754507, "target_rescale": 3.998796189813034},
{"mapping": [11, 5, 2, 9, 8, 4, 1, 13, 10, 3, 14, 12, 15], "R": [[-0.7294240252186606, 0.4027885047302553, 0.5529032572620384], [-0.6698662167830152, -0.5843930212393404, -0.4580000527724493], [0.13863564854184207, -0.7044474552327669, 0.6960847216894377]], "T": [0.1704851298349867, 0.07186154686367446, -0.05905964158620795], "aligned_model": [[0.0510268296405572, -0.38374907603713976, -0.6919827932496134, 0.2724770569070195, -0.020335511648168547, 0.6966078185750575, -0.20507303724682463, 0.6436942194608095, -0.33204274063656775, -0.11220798483705857, 0.30396033118970156, 0.4576126182171641, 0.13345844086192582], [-0.636499303069086, -0.16242378888044479, -0.03460917467033475, -0.40414544788065826, 0.35453311729737585, 0.5596410046603402, 0.5466152156271058, -0.4027424958953996, -0.39016763155270107, 0.17862229295731943, -0.41965451788108304, 0.2642000313964903, 0.05827311293216261], [-0.11534305563520529, -0.6328169676879547, -0.07082187433385544, -0.6523764496433682, -0.7343050944316596, -0.2002373507353064, 0.20377955091226813, -0.012648377175400224, 0.3306823431135926, 0.7372539529759541, 0.5243229865381915, 0.3660318485572141, -0.053427104331596344]], "inverted": false, "swapped": false, "error_lsq": 0.045030182728509414, "error_max": 0.24153364354202805, "target": "723.xyz", "model": "23.xyz", "model_rescale": 4.410303926677745, "target_rescale": 3.998796189813034},
{"mapping": [0, 12, 13, 2, 5, 8, 15, 3, 7, 11, 1, 10, 16], "R": [[-0.080575452323767, 0.9887557513863195, 0.12597484107271317], [-0.0224876290194945, 0.12455032925078438, -0.9919584275687179], [-0.9964948083276212, -0.08276037447955509, 0.012199073411610944]], "T": [-0.027125861608933557, 0.11268274266796593, 0.045846883894589935], "aligned_model": [[-0.0034672077851251176, -0.46975789292649334, -0.7265373129465192, 0.44130364449795045, -0.01784310916377966, 0.6090970904097408, -0.12686707799756108, 0.6860845190667281, -0.34060060953004556, -0.10094120405986698, 0.27841057625304894, 0.5277454764301512, 0.05681927894863388], [-0.56398269754801, -0.2771014579918969, 0.04260472619046626, -0.35201860875085456, 0.19249420366870407, 0.623037966325276, 0.7768649012027878, -0.4200951014095393, -0.4132350769800631, 0.17212057400946684, -0.5223099591020318, 0.22650411913174628, 0.026758826295035135], [-0.28874235861438924, -0.5003408096241678, 0.05581268409168136, -0.5846453071564671, -0.5779687897045128, -0.05644958850204185, -0.19545778011357032, -0.08349648234683998, 0.3048351579047397, 0.6717381891825237, 0.535507075668219, 0.3666995584326417, 0.04260285890505806]], "inverted": true, "swapped": false, "error_lsq": 0.04142118544891896, "error_max": 0.2743924273788795, "target": "723.xyz", "model": "24.xyz", "model_rescale": 4.28219845311461, "target_rescale": 3.998796189813034},
{"mapping": [14, 6, 0, 10, 8, 5, 1, 12, 2, 4, 13, 9, 15], "R": [[0.1300116562837258, -0.5472614997266425, 0.8268021650596401], [-0.3483247950679013, -0.8059382292401742, -0.47867881485409103], [0.9283139589445303, -0.22576186915898494, -0.29540611378672327]], "T": [0.14410652774419053, 0.0006430433592744533, 0.11097874681483315], "aligned_model": [[0.1509910183327871, -0.46839067432567183, -0.6647892786075412, 0.23141111070430995, 0.034629084323542045, 0.5325187118726271, -0.08320009907147749, 0.7017469984991846, -0.3298156314676664, -0.3308038131296237, 0.2286668344766556, 0.7400641894629473, 0.07041772012679], [-0.6660920001273757, -0.18735641595558378, 0.0963847560475602, -0.21114648010588288, 0.28881488589073023, 0.6043547053540438, 0.5835313587577389, -0.5212539728858753, -0.48660652469205434, 0.20331299260667518, -0.4231905640628314, 0.22293290355516326, 0.007956770658779033], [-0.25720817646031424, -0.5228197351294933, 0.06542360491074807, -0.6487764284702318, -0.5110483711494309, -0.34722304858347425, -0.02485316410559117, 0.14384985941514633, 0.1932324387057394, 0.6286983937559991, 0.5185705581676623, 0.3396605505764655, 0.11258792648964942]], "inverted": false, "swapped": false, "error_lsq": 0.041038618377936764, "error_max": 0.2838657580726815, "target": "723.xyz", "model": "25.xyz", "model_rescale": 4.100010024507729, "target_rescale": 3.998796189813034},
{"mapping": [1, 2, 8, 9, 3, 7, 0, 11, 6, 5, 4, 12], "R": [[-0.2148945494539896, -0.11535675197135914, -0.9698005735147746], [-0.9644659965246598, 0.18134785721748486, 0.19214134440646025], [0.1537064545250527, 0.9766298042028234, -0.1502283308171027]], "T": [0.04926221220162579, 0.0018835774786605183, -0.0264736181433685], "aligned_model": [[-0.5948270268998702, -0.04762478669093962, 0.2922962292288934, 0.6133516853114622, -0.49392424115913086, 0.15311814310936117, -0.30879289044748737, 0.48936706904387156, 0.10215221960989998, 0.03356044013465189, -0.4813943217125011, 0.11948308283479578], [-0.34396170556625183, -0.6654064649306407, -0.21844005865257168, -0.4289547075551448, 0.6155208995042654, 0.736056409912118, 0.16656760159045686, 0.41215478271718453, -0.1834160781137571, 0.46868977861411865, 0.0782975807854715, 0.029023351745390787], [0.0937557601550916, 0.039911637374116044, 0.5809076568258059, -0.15937148413987315, 0.20528371132573106, 0.3365555087118453, 0.5718499674921962, -0.23133489117583864, -0.5920012765451178, -0.7862040926719669, -0.4984545791097345, 0.004294371612101482]], "inverted": true, "swapped": true, "error_lsq": 0.039460421588121956, "error_max": 0.24082847504870286, "target": "723.xyz", "model": "26.xyz", "model_rescale": 3.6694154284099745, "target_rescale": 3.998796189813034},
{"mapping": [7, 1, 6, 5, 0, 4, 2, 8, 3, 12, 9, 10, 13], "R": [[-0.47922834285689836, 0.810214429112404, 0.33748003535126714], [-0.6722281396648713, -0.5860471649087271, 0.4523914773126805], [0.5643133204571176, -0.010064758343077379, 0.8254993500870598]], "T": [0.12725100589720917, -0.03289513013061789, 0.021828306446526332], "aligned_model": [[0.06465327552046166, -0.4843825037702266, -0.5487092616062732, 0.18630644495606208, 0.04647149579751092, 0.7032695907020171, -0.08391361731125357, 0.7227762598036663, -0.36954900777970123, -0.39147897502377593, 0.2774121001897543, 0.58038069560778, 0.11020967411084034], [-0.650202506702242, -0.16793425543255827, 0.083210878502914, -0.30561821287536745, 0.3304809807182442, 0.46679741269369845, 0.6115710288123956, -0.2588358041555471, -0.5957439762523475, 0.09492243842618533, -0.3544408429182159, 0.23575010800279778, 0.021685166221129384], [-0.08372571621667033, -0.6005184925211638, -0.006234895797734872, -0.7185182846693623, -0.5244004148283162, -0.28483196599540805, 0.068759299252447, -0.02972434829461845, 0.3205290650053249, 0.6086116475694581, 0.6039997037335569, 0.31233465788084325, 0.023814153004518068]], "inverted": false, "swapped": false, "error_lsq": 0.04720988045265535, "error_max": 0.2913133743325367, "target": "723.xyz", "model": "27.xyz", "model_rescale": 4.103607728864725, "target_rescale": 3.998796189813034},
{"mapping": [8, 11, 13, 7, 6, 9, 10, 1, 4, 12, 2, 0, 14], "R": [[0.588885190107893, -0.5792980655022427, 0.5635849396292896], [0.7786550505039006, 0.5935210502963265, -0.20354133531033325], [-0.21658842350494828, 0.5587007375693223, 0.8005891209872493]], "T": [0.026801889524581096, 0.12008330312001406, -0.05035090494666013], "aligned_model": [[-0.1398578263026792, -0.42580851018516497, -0.5378545729661087, 0.2597865509564208, 0.11347131112616729, 0.5484799898035325, -0.1019228128963948, 0.6657117950285047, -0.1578987913299013, -0.36648035334093854, 0.13669685430102527, 0.6810663573065713, 0.13805617969582817], [-0.6395184588088412, 0.045903004308895184, -0.17249586454545993, -0.3470100495887435, 0.34709650781493995, 0.703914722855813, 0.6131411190591478, -0.4868535440235575, -0.6760216043988292, 0.18307858727491091, -0.20294310638473087, 0.10506595335617436, 0.03828514812136741], [-0.31017715304637683, -0.5619194172714167, 0.07387889409278055, -0.5479684216762932, -0.6353472118625719, -0.2893420325468639, -0.06031169978014185, 0.11176827437292845, 0.3417102150981896, 0.7103423898480593, 0.6014909023281862, 0.23496335404799013, 0.021006314518404318]], "inverted": true, "swapped": false, "error_lsq": 0.0478129145574306, "error_max": 0.2880455343311013, "target": "723.xyz", "model": "28.xyz", "model_rescale": 4.137296879288765, "target_rescale": 3.998796189813034},
