[{"mapping": [4, 7, 0, 5, 2, 1, 10, 8, 9, 3, 4, 11], "R": [[-0.8519888692771398, -0.046743272722708645, 0.5214691103824192], [-0.5163550959720322, 0.23968526495775233, -0.8221486414425592], [-0.08655854372373956, -0.9697247239383469, -0.2283453049465281]], "T": [-0.04135551553853923, 0.09762791071059114, -0.04486548825905799], "aligned_model": [[0.23678871021061987, -0.6798007018415888, -0.019657028212188878, -0.590530731666033, 0.6325808206410533, 0.12131288605177332, -0.6914671296736998, 0.4966179007521915, -0.14068795444041182, -0.09427941718246394, 0.23678871021061987, -0.05934991205830761], [-0.6237373925656361, 0.6460516069621919, -0.3439781866866486, -0.08609041534966692, -0.07368471208451742, 0.3432947510726125, 0.06354428105071881, 0.36504909413942105, 0.458991865443181, -0.16172508782048817, -0.6237373925656361, 0.05979065659703699], [0.18883593590248626, -0.47871166300560225, -0.4776525310304761, -0.6392899924568963, -0.4513283348198616, -0.6891226994639843, 0.14995376469261906, 0.16049761628802045, 0.433575295150753, 0.5907189652753623, 0.18883593590248626, -0.10033439651528764]], "inverted": true, "swapped": false, "error_lsq": 0.05898516128238284, "error_max": 0.43714946590053627, "target": "724.xyz", "model": "0.xyz", "model_rescale": 3.751011558992144, "target_rescale": 3.6312487852179505},
{"mapping": [11, 0, 6, 7, 4, 1, 12, 5, 13, 9, 10, 14], "R": [[0.7424901113616666, 0.5154490449940977, -0.4278092057738035], [0.630421685569178, -0.3218069186489909, 0.7064055531164504], [0.22644410545266194, -0.7941993384058654, -0.5638887106348462]], "T": [0.001799579782546211, 0.1409040284361127, -0.0991190271340991], "aligned_model": [[-0.22539954770469148, -0.3824945810385504, -0.12247800837822423, -0.5230708590167846, 0.6657611352814247, -0.014268522721805711, -0.6483989324425197, 0.32296308437008253, -0.24029457800084758, 0.07430931000673796, 0.5698987175097924, -0.02821106507305003], [-0.6032851626848905, 0.6199555575548379, -0.45575288524267665, -0.04108053788563898, -0.025563902584871484, 0.170866990552104, -0.08933948113130283, 0.4016832534182174, 0.4356491475064621, -0.09262633264138384, -0.40931320178208985, 0.11257562311380187], [0.07778205600102638, -0.5444640045474584, -0.5376180051379073, -0.46115447276411764, -0.49537330240555993, -0.7952006217902008, 0.17693336839906998, 0.3687850721580577, 0.518956964837708, 0.5127596624867463, 0.11762533245440214, -0.0630541537721471]], "inverted": true, "swapped": false, "error_lsq": 0.051181910036647855, "error_max": 0.3061741034162861, "target": "724.xyz", "model": "1.xyz", "model_rescale": 3.9405287249114394, "target_rescale": 3.6312487852179505},
{"mapping": [7, 9, 6, 11, 0, 5, 3, 2, 8, 4, 1, 12], "R": [[0.22997535490882517, -0.7562212342322767, 0.6125690010364319], [0.6793016406030481, 0.5754701039289336, 0.45539372037614856], [-0.6968935479745578, 0.31138979491986335, 0.6460462664633224]], "T": [-0.08233402000568829, -0.02587646615851151, -0.07540238569368378], "aligned_model": [[-0.19610846743425478, -0.484713764106289, -0.1343889590096274, -0.35527720502501065, 0.5003762975463395, 0.20523732042072707, -0.554622899459569, 0.4657509713548143, -0.4798483081486146, -0.09233182946934992, 0.596278825056511, -0.022035828934112885], [-0.7626134493907704, 0.6577186064383802, -0.4424946167955041, 0.11042871464184535, -0.2569590568832376, 0.4217506646447825, -0.2703909115999822, 0.37880840141340594, 0.48448835257357864, -0.0467893432094197, -0.277447196043279, 0.027268902402768795], [0.1951227440194277, -0.22089955181331866, -0.4204752667993019, -0.7192480228425834, -0.6321604214311507, -0.5703861796818448, 0.13425347252053121, -0.07378135970125775, 0.3514464313745443, 0.6254245667433583, 0.24619224538727602, -0.03951076185606088]], "inverted": true, "swapped": false, "error_lsq": 0.051750786683897265, "error_max": 0.2874250029851163, "target": "724.xyz", "model": "2.xyz", "model_rescale": 3.932901565614263, "target_rescale": 3.6312487852179505},
{"mapping": [5, 11, 6, 10, 2, 1, 9, 0, 8, 7, 4, 13], "R": [[0.2765769284616146, 0.17652395635922982, 0.9446398760766053], [-0.059080502856281, -0.9780015516635643, 0.20005613993554366], [0.9591739658815748, -0.11114071159996038, -0.2600635410819181]], "T": [-0.07242018191552613, 0.10832413076970217, -0.05748235153236414], "aligned_model": [[-0.19540093953111895, -0.687492552749137, -0.018465943240493013, -0.43070176178794595, 0.5967486147137565, 0.27782525564746063, -0.6068302256955845, 0.5705397155021675, -0.5171275621070697, -0.0038337623341244964, 0.5937386578550198, -0.13068334348136712], [-0.5864538471881025, 0.6872282184776727, -0.4276559626831723, 0.039126061122054204, -0.203362982526611, 0.39020615551824434, -0.19512907696095072, 0.2926445550702247, 0.5055505256272774, -0.08528090274764898, -0.41195990025696594, 0.01885622474054724], [0.08020926134157297, -0.3477662371332566, -0.4776091659979539, -0.6739167575987313, -0.44382949879894984, -0.6462431505858743, 0.34515271302836026, -0.017747220460335916, 0.37057519455640264, 0.6262979797092502, 0.16334185862579953, -0.10248708076666452]], "inverted": true, "swapped": false, "error_lsq": 0.04745086913225884, "error_max": 0.2598723975204438, "target": "724.xyz", "model": "3.xyz", "model_rescale": 3.9243930471874484, "target_rescale": 3.6312487852179505},
{"mapping": [6, 2, 5, 0, 9, 1, 3, 8, 4, 10, 11, 12], "R": [[0.5128289034841266, -0.8257047630891844, -0.23498544627934428], [-0.6632651945065539, -0.5548616924446109, 0.5022029311082181], [-0.5450557746758143, -0.10168651075406315, -0.8322103436170522]], "T": [0.04131470129199132, 0.03829062552544819, -0.03806114266953051], "aligned_model": [[-0.2541497134719326, -0.6871456565910007, -0.16109205562427606, -0.5874388554423969, 0.7276249271104612, 0.11261558652824386, -0.5926381679393747, 0.44650512201091563, -0.20934464808320874, 0.1412292411761915, 0.5174608629956858, -0.005310489877744469], [-0.6106056232613379, 0.5510046802899159, -0.44988255480306355, 0.01985148283807501, 0.01710660758968049, 0.22120413899791036, -0.04852061339752122, 0.4602576546683292, 0.5119324087947905, -0.05668863180486116, -0.5799410040359959, -0.011949477683352888], [0.07661646044180084, -0.27823669378483395, -0.58059367675156, -0.6104694901553119, -0.19997748865712, -0.7248064596074555, 0.17055558425966785, 0.1945348981183117, 0.2172829803337515, 0.6534037840734128, 0.09312028243386902, -0.1354522847849135]], "inverted": true, "swapped": false, "error_lsq": 0.057494391811635175, "error_max": 0.4135699636136616, "target": "724.xyz", "model": "4.xyz", "model_rescale": 3.8936222436046832, "target_rescale": 3.6312487852179505},
{"mapping": [8, 5, 9, 6, 0, 1, 7, 2, 4, 10, 3, 11], "R": [[0.16526085157465942, -0.2864309793044624, -0.9437405072537182], [-0.9664522176504329, 0.14373489837773967, -0.2128623733469617], [0.19661882395991204, 0.9472579232094223, -0.2530681034456806]], "T": [-0.07042523143452478, -0.07912599238353206, -0.059629269708420106], "aligned_model": [[-0.1299957044566676, -0.5619406575311785, 0.011167884071737688, -0.6591897842474828, 0.7246559774163461, 0.16222837553661423, -0.675173460959019, 0.48928838532119673, -0.13102004605961, -0.05604840059125177, 0.40409241737315343, -0.12974883308227514], [-0.7820204505242162, 0.5332286158864744, -0.4806824490147628, -0.03943997221777433, -0.10822541676542959, 0.4021493674837176, -0.14529354920807597, 0.3445297688174663, 0.636801376461928, -0.04515137977364978, -0.36846206227252226, 0.07633521931941344], [0.16003767316158932, -0.26113677995648843, -0.5223720918688615, -0.5947834056936295, -0.4465626022217885, -0.6574211183556031, 0.16319119770630322, 0.1941322879467033, 0.2786027067299689, 0.5713274894422978, 0.0866569974269985, -0.09569445839787055]], "inverted": false, "swapped": false, "error_lsq": 0.04131692611079361, "error_max": 0.2594534521997532, "target": "724.xyz", "model": "5.xyz", "model_rescale": 3.6523030999806103, "target_rescale": 3.6312487852179505},
{"mapping": [8, 11, 5, 7, 0, 3, 9, 2, 10, 6, 1, 12], "R": [[0.08914224372775656, 0.11449964871680152, 0.9894157320494306], [0.8561450543830813, 0.49882662451721715, -0.13486157543255334], [-0.5089885128748706, 0.8591052491496536, -0.05356178343688188]], "T": [-0.07322615204653513, 0.009840779514889172, -0.020237510335940456], "aligned_model": [[-0.29381128375637744, -0.6103008463561944, -0.012291722232154828, -0.3455340254658059, 0.5679261647982774, 0.24744948163346878, -0.7872702015505653, 0.49832428271646445, -0.4033528707698074, 0.04943989654650861, 0.5894621896102045, -0.05172491238245505], [-0.5795678866246567, 0.6034746256703645, -0.5686904756824446, 0.03971274011123603, -0.2144544772542802, 0.2837130259497116, -0.05063571663396226, 0.43388205567345894, 0.41992617450461683, -0.13885382048901326, -0.1928082674756543, -0.01192890955680776], [0.2198514869434929, -0.38591309411454366, -0.37448616878045493, -0.6461561534048208, -0.7453437610979088, -0.5723261205649974, 0.07540015986825299, 0.2438282595873037, 0.5555396688472205, 0.6006227142914373, 0.026156364038888165, -0.12119545969425105]], "inverted": false, "swapped": false, "error_lsq": 0.049237612773779714, "error_max": 0.23934708852939712, "target": "724.xyz", "model": "6.xyz", "model_rescale": 4.08911054899281, "target_rescale": 3.6312487852179505},
{"mapping": [9, 5, 6, 4, 2, 7, 8, 13, 10, 11, 1, 14], "R": [[0.9425830603931799, -0.3138703584259543, 0.11411648593165799], [0.276361207112598, 0.9248902145321086, 0.2611562257845254], [-0.18751441934713994, -0.2146240647371894, 0.9585274400728401]], "T": [-0.06079858380616501, 0.0010799496123150292, -0.10175351863156071], "aligned_model": [[-0.15722532161006286, -0.4241901257244226, -0.0067349009482894, -0.6683940193142265, 0.6176733338626043, 0.24720192205806382, -0.6573127865287678, 0.5662494828355782, -0.5145770787042089, 0.01744113928353093, 0.4773714326360625, -0.04918692505429789], [-0.6563786436105843, 0.6054917099445146, -0.17774235568338298, 0.013175155132319302, -0.15910678799390496, 0.4319133439247004, -0.23872849912467822, 0.33382091035543704, 0.3609442114130233, 0.0672429901682313, -0.4414614881908396, -0.11540147814226699], [0.3141880521949858, -0.3900836086633349, -0.5646170706401961, -0.4588683215387671, -0.5069147326207499, -0.6663836978374713, 0.12586828864875746, 0.07710032537582859, 0.32703277913071693, 0.47620154947702553, 0.12732325471109907, 0.015131077681725183]], "inverted": false, "swapped": false, "error_lsq": 0.04830033924317002, "error_max": 0.28222605057303846, "target": "724.xyz", "model": "7.xyz", "model_rescale": 3.964800864290218, "target_rescale": 3.6312487852179505},
{"mapping": [5, 11, 8, 9, 7, 12, 10, 2, 6, 3, 1, 13], "R": [[-0.6196340696370732, 0.22042747280862748, 0.7533029596226214], [-0.10190246085329677, -0.9742246008101282, 0.20125187116742227], [0.7782477164868787, 0.047939090599929096, 0.626124856059405]], "T": [0.031005443360283637, 0.09110549118303737, 0.014773891476120349], "aligned_model": [[-0.29778653169375435, -0.5488210559856965, -0.05506254257197176, -0.3846698716028971, 0.540671874454233, 0.0703187291447365, -0.7210446146455666, 0.6039137323149638, -0.2080490646964022, -0.16588214796962217, 0.616502364490727, -0.0017747184471856026], [-0.6638550850486925, 0.6193254876673253, -0.5017827616632845, -0.01373347168069769, -0.059282440219326216, 0.33204248570242445, -0.2384396664981667, 0.41987809010282373, 0.506430677195717, -0.03288039223563516, -0.3765457283279031, 0.032611873197983976], [0.15969141437897663, -0.2534017794263777, -0.46702835306170004, -0.5238164455932808, -0.45901589742417587, -0.7001238407355326, -0.0161245277310072, 0.06266333081969572, 0.34167411359266703, 0.701669424141464, 0.0549682120835919, -0.02517775512470151]], "inverted": true, "swapped": false, "error_lsq": 0.03987706668806582, "error_max": 0.19522398509543606, "target": "724.xyz", "model": "8.xyz", "model_rescale": 4.121658175737393, "target_rescale": 3.6312487852179505},
{"mapping": [3, 4, 2, 1, 8, 6, 0, 7, 5, 10, 11, 12], "R": [[-0.8123929043889214, 0.01685139233758423, -0.5828668797202478], [0.44052735295970413, 0.6726365827497957, -0.5945550259151745], [0.3820385061650844, -0.7397810879733019, -0.553868686318507]], "T": [0.026077121014951028, 0.06652943092260591, -0.08714455270252006], "aligned_model": [[-0.046858909397981506, -0.6379396088723971, -0.13128530115671186, -0.47140427190301337, 0.5718903178748426, 0.1979890092338648, -0.7377095503136362, 0.5767033548378718, -0.20174270612508563, -0.11976635223918014, 0.486518731883443, -0.038078561030452145], [-0.6783206735527377, 0.6200915941205093, -0.5005086878000168, 0.018511115231672898, -0.1611231730942628, 0.3308967640230984, -0.06654332959066062, 0.39283849935825743, 0.4130770326072317, -0.1659852329081339, -0.2448202842226754, 0.06565544402028656], [0.16298071351562007, -0.2890817499300119, -0.45599586537832193, -0.5616318768452612, -0.5123687097599757, -0.7041844752134658, 0.04606882587656064, 0.12626597373853615, 0.37080827500388724, 0.6207731282521334, 0.21959141260524176, -0.1472477559453234]], "inverted": true, "swapped": false, "error_lsq": 0.03729515820559518, "error_max": 0.18022705345123022, "target": "724.xyz", "model": "9.xyz", "model_rescale": 3.833441315466971, "target_rescale": 3.6312487852179505},
{"mapping": [1, 3, 5, 4, 13, 2, 6, 8, 7, 12, 0, 14], "R": [[-0.30932425351791343, 0.4072024128992846, -0.8593629623823608], [0.00018782096781097546, -0.9036564274190039, -0.4282581299959256], [-0.950956608320732, -0.13263203275726276, 0.2794463686967621]], "T": [-0.00850849050767314, 0.04309558175741448, 0.053563525332605], "aligned_model": [[-0.11471647716067215, -0.4450458156537054, 0.0027879709407465578, -0.6677566673969622, 0.5595593544118481, 0.20456702307811897, -0.6107355886821257, 0.5421244969748552, -0.28614767481966596, -0.12719373205664555, 0.4106036636952582, -0.01973040053948641], [-0.685570428092619, 0.5888755357530463, -0.31106756364113575, -0.06609536039957437, -0.1629474928526711, 0.30132560350789417, -0.24363783064222685, 0.5848329465958894, 0.6204057273334941, -0.23362630830446277, -0.49283785760333587, 0.12411209653827032], [0.11165519921253886, -0.46207322211515556, -0.5225233239072995, -0.3816166207095334, -0.46656310962119985, -0.5824917681007038, 0.18137604617055364, 0.15788659569899788, 0.2367122515943872, 0.5754436517120421, 0.022850132846558756, 0.00532206313843242]], "inverted": true, "swapped": false, "error_lsq": 0.04751048217414061, "error_max": 0.2071227108802765, "target": "724.xyz", "model": "10.xyz", "model_rescale": 4.2482417240324, "target_rescale": 3.6312487852179505},
{"mapping": [0, 3, 10, 8, 9, 7, 1, 5, 2, 6, 4, 11], "R": [[0.13182356950758323, -0.9912729499810121, 0.0006965330008228687], [-0.9490701503073801, -0.12641405051449783, -0.28859199162146737], [0.2861614864334585, 0.037382167787059384, -0.9574519190088523]], "T": [-0.10237916095005332, 0.015166734361091333, -0.059839844218168625], "aligned_model": [[-0.31536320684134783, -0.5681239629112499, 0.0018297918865947532, -0.43519230450737206, 0.4783557197152755, 0.14580099068539248, -0.7735933547448853, 0.5667250817263288, -0.3760813668685149, 0.07929629488397875, 0.6293389162545605, 0.015323553512802915], [-0.6855925851551872, 0.5697844250852503, -0.48884352030691586, -0.06301966223785857, -0.10972773003557708, 0.500947420308462, -0.1417307199178272, 0.29302861627254, 0.5658622038704181, -0.023645330846725272, -0.3753743166701796, -0.017919732173831443], [0.1335862353076015, -0.425288367315023, -0.44728857614624223, -0.5697223089266359, -0.6312059906432099, -0.461062954457423, 0.09508351956970557, 0.13834809016388003, 0.35195972926624824, 0.561424826018903, 0.21927648132302718, -0.08913278824121225]], "inverted": true, "swapped": false, "error_lsq": 0.04007611619826714, "error_max": 0.22132939987360054, "target": "724.xyz", "model": "11.xyz", "model_rescale": 3.6694154284099745, "target_rescale": 3.6312487852179505},
{"mapping": [5, 9, 12, 10, 1, 2, 7, 4, 11, 6, 0, 13], "R": [[0.38496904639288176, 0.05807276353821078, -0.9211006391564336], [0.8111127890346729, 0.45487195412995074, 0.3676785944413875], [0.44033495975648984, -0.8886613862889706, 0.1280080612118446]], "T": [-0.04866706929178056, 0.04950411236963432, -0.1024190940326805], "aligned_model": [[-0.2554237876007871, -0.6843722733974513, -0.04171600758978428, -0.485988120652597, 0.689148243504433, 0.13779620519401958, -0.7499531640524998, 0.5520690042865057, -0.1769372885649146, -0.06702210019781545, 0.46819168665889455, 0.06252375520356027], [-0.6533578178620878, 0.5381822434027352, -0.4770293318345589, 0.008836749245119895, -0.026801631972019506, 0.22045887405726677, -0.16160706378461298, 0.35440740753500644, 0.6270620151327548, -0.04269579234927743, -0.367511034096669, 0.0038244507189114235], [0.22592152018022732, -0.14435767547091904, -0.5319336050124304, -0.5613583611711672, -0.5101929182115427, -0.7043488990072099, 0.02325987424592256, 0.20389577705479045, 0.339171518085107, 0.45526998050969575, 0.16157571356827644, -0.08092502885113134]], "inverted": false, "swapped": false, "error_lsq": 0.04629286507674127, "error_max": 0.3505665682765272, "target": "724.xyz", "model": "12.xyz", "model_rescale": 3.9764082729961374, "target_rescale": 3.6312487852179505},
{"mapping": [7, 10, 0, 1, 5, 12, 8, 6, 11, 3, 4, 15], "R": [[-0.8700660818801171, -0.4580486683363191, 0.18214398314823996], [-0.3571412764532579, 0.33108079226148807, -0.8734046127934312], [0.339757445562447, -0.8249708639890445, -0.4516502537960657]], "T": [0.009256731102267504, 0.055943480305800784, -0.15137722221780125], "aligned_model": [[-0.09629006649966754, -0.6343165267158835, 0.073810251137789, -0.47292560858603566, 0.7008353084068, -0.03884142087394006, -0.6421066253829457, 0.6801142315653571, -0.39454836726011766, -0.26569225536405283, 0.4951213310563145, 0.04315590130794641], [-0.6287295978065981, 0.5189677644637941, -0.618733237009591, 0.06592669503388937, -0.15081381022143062, 0.4745126114637211, 0.017758112697912908, 0.2928347826893141, 0.5501302965017523, -0.07653626512200781, -0.43230179321498896, 0.01075350871680146], [0.15047762459943903, -0.28392484784563055, -0.4116695649131093, -0.564563747866209, -0.5777507674360702, -0.630647485395526, 0.12050601039781328, 0.1269957840645795, 0.3211325998854687, 0.6330305921276053, 0.05213166008302425, -0.05973996178176598]], "inverted": true, "swapped": false, "error_lsq": 0.045539339379669815, "error_max": 0.23901653499697872, "target": "724.xyz", "model": "13.xyz", "model_rescale": 4.170626492500431, "target_rescale": 3.6312487852179505},
{"mapping": [2, 9, 0, 1, 8, 7, 3, 12, 11, 6, 4, 13], "R": [[-0.6899915366245362, -0.7238141487539465, 0.0021811579748751697], [0.0010390742380728124, -0.00400391695721003, -0.9999914444502651], [0.7238166893013999, -0.689983366982567, 0.003514765448945245]], "T": [-0.019421513897284626, -0.013472151944867405, -0.07557140643261621], "aligned_model": [[-0.11657603612465002, -0.4818941052938174, -0.1061280739649427, -0.5761516140816784, 0.6298707061923383, 0.11331657012382353, -0.659359322250787, 0.5695318353492146, -0.27902877146501964, -0.1832025720145447, 0.5693418128757506, -0.03140427655412369], [-0.6472006204910857, 0.6188299801550147, -0.4095560347596434, 0.010396277848888393, 0.044426727927605464, 0.10281954589414458, -0.0991979165087242, 0.36572221335925703, 0.48877956888640317, -0.11520873543038723, -0.37083622714553705, 0.03479428845663306], [0.07235220291079249, -0.2820164461230805, -0.513130473009332, -0.6050016317722747, -0.4314135420005179, -0.8669541488227526, 0.16651184197491353, 0.13668246731084732, 0.3487008314893725, 0.7431560815710369, 0.09387414056151065, 0.013216571829103824]], "inverted": true, "swapped": false, "error_lsq": 0.04617218486428098, "error_max": 0.3576523024084075, "target": "724.xyz", "model": "14.xyz", "model_rescale": 3.9786697098870705, "target_rescale": 3.6312487852179505},
{"mapping": [5, 6, 8, 7, 3, 9, 10, 0, 1, 4, 2, 11], "R": [[0.5690048496047977, -0.5508342619923845, -0.6105858636928365], [-0.7392839092518422, -0.6678187359461529, -0.08647217726296096], [-0.36012884173242227, 0.5005993924632629, -0.78721500596589]], "T": [-0.08552094973978999, 0.03012515049506867, -0.10208147437044131], "aligned_model": [[-0.20338682785514967, -0.46440141852392336, 0.0833980481408394, -0.6634573390601239, 0.7247724817918791, 0.1594056356078771, -0.7591574018024604, 0.46964255382427267, -0.3163962694083903, -0.06750388731501811, 0.5874974841525289, -0.10209690676076766], [-0.7605552726544508, 0.6180015857309104, -0.3842808170242128, -0.14884201829417365, -0.017800627704208982, 0.3062179525025187, 0.03186400696856312, 0.3627512452342113, 0.5634871002991013, -0.20745811495871588, -0.45024919525056983, 0.11063322334359593], [-0.027303864391652694, -0.4738429275527619, -0.37033917185814963, -0.36823234847314784, -0.5336795592865861, -0.6032780431125183, 0.3863157976607089, 0.1527889858398495, 0.2484805155279281, 0.46196134982737264, 0.16274694528578343, -0.1596397835472069]], "inverted": false, "swapped": false, "error_lsq": 0.05268386678564912, "error_max": 0.334879522650358, "target": "724.xyz", "model": "15.xyz", "model_rescale": 3.769337070930944, "target_rescale": 3.6312487852179505},
{"mapping": [10, 9, 2, 0, 4, 7, 5, 8, 3, 6, 11], "R": [[0.26926131450602764, 0.8189022924710359, -0.5068504512143277], [-0.17636068234494126, -0.47546105361035884, -0.8618780054175614], [-0.9467815240240551, 0.321458896105566, 0.016398898782482407]], "T": [0.010296727363535643, -0.028191589540184615, -0.0026710308126471696], "aligned_model": [[-0.2311315488134132, -0.4184964497815365, -0.12447039093877564, -0.6980625663550136, 0.38831386742582974, 0.40151252405349863, 0.668845687872561, 0.1329485953375404, 0.12867509862059126, -0.32813353279600205, 0.0026248460658905154], [-0.046890035895510836, -0.5163504134966825, 0.5674343110682739, 0.16852155403237434, 0.415855063976355, -0.438333418001183, 0.32522749702562886, -0.4836867013926743, 0.5324328856539668, 0.06180418335142913, 0.010049571303364375], [-0.6075381472444583, -0.001502368920519458, -0.12799508135936088, -0.03348208549283793, -0.6908659784954192, -0.3811112635774494, 0.0158327474164272, 0.44790386509238944, 0.4979010304811303, 0.5973041224579142, 0.027770766865960785]], "inverted": false, "swapped": true, "error_lsq": 0.04537552479149635, "error_max": 0.21655308754047337, "target": "724.xyz", "model": "16.xyz", "model_rescale": 3.7852294659196426, "target_rescale": 3.6312487852179505},
{"mapping": [3, 6, 0, 4, 9, 10, 1, 11, 7, 2, 8, 12], "R": [[0.9310976894315115, 0.30449348952656163, -0.2008502117779275], [-0.11316091206844686, 0.7645747637572256, 0.6345234736441355], [0.34677326989711577, -0.5680749470461802, 0.7463505569257263]], "T": [-0.10441439056141341, -0.038718201694462606, -0.0649313835296369], "aligned_model": [[-0.20917064203201147, -0.2269072963166952, -0.0045204092882922126, -0.5744739632516751, 0.6316120937703584, 0.04302631697101189, -0.6878647114957659, 0.4082036613963548, -0.292549362748734, -0.0893181586719989, 0.4902038703589512, -0.03992524589994012], [-0.7791412560741491, 0.8148528626906778, -0.552810998762271, -0.19411081229498, -0.06585211116799944, 0.39179293377392066, -0.20592928984450154, 0.41169368528270023, 0.5252712061168247, -0.05465895306595947, -0.27171186239664225, 0.0043736639349483825], [0.20579947818258215, -0.27422821099252687, -0.50251216949621, -0.57157111724838, -0.5174692834128789, -0.7298948977762466, 0.2604611935958262, 0.2039253428321331, 0.3064823820919014, 0.5463009922970384, 0.06293178202287153, -0.1142475961764913]], "inverted": false, "swapped": false, "error_lsq": 0.04810498529935823, "error_max": 0.38854877603415366, "target": "724.xyz", "model": "17.xyz", "model_rescale": 3.901054581598922, "target_rescale": 3.6312487852179505},
{"mapping": [11, 0, 6, 7, 4, 1, 12, 5, 13, 9, 10, 14], "R": [[0.7424901113616666, 0.5154490449940977, -0.4278092057738035], [0.630421685569178, -0.3218069186489909, 0.7064055531164504], [0.22644410545266194, -0.7941993384058654, -0.5638887106348462]], "T": [0.001799579782546211, 0.1409040284361127, -0.0991190271340991], "aligned_model": [[-0.22539954770469148, -0.3824945810385504, -0.12247800837822423, -0.5230708590167846, 0.6657611352814247, -0.014268522721805711, -0.6483989324425197, 0.32296308437008253, -0.24029457800084758, 0.07430931000673796, 0.5698987175097924, -0.02821106507305003], [-0.6032851626848905, 0.6199555575548379, -0.45575288524267665, -0.04108053788563898, -0.025563902584871484, 0.170866990552104, -0.08933948113130283, 0.4016832534182174, 0.4356491475064621, -0.09262633264138384, -0.40931320178208985, 0.11257562311380187], [0.07778205600102638, -0.5444640045474584, -0.5376180051379073, -0.46115447276411764, -0.49537330240555993, -0.7952006217902008, 0.17693336839906998, 0.3687850721580577, 0.518956964837708, 0.5127596624867463, 0.11762533245440214, -0.0630541537721471]], "inverted": true, "swapped": false, "error_lsq": 0.051181910036647855, "error_max": 0.3061741034162861, "target": "724.xyz", "model": "18.xyz", "model_rescale": 3.9405287249114394, "target_rescale": 3.6312487852179505},
{"mapping": [4, 2, 12, 1, 14, 10, 0, 11, 5, 7, 13, 15], "R": [[0.28516628669591415, 0.49972984912694207, 0.8178937992329005], [0.8987555037666033, 0.1570916653044626, -0.40934185363960846], [-0.33304464172435433, 0.8518170499487756, -0.40433770543354236]], "T": [-0.07558709967941732, -0.06822721585241441, -0.0673712741088669], "aligned_model": [[-0.29580782648668813, -0.371517201255787, -0.0034601353196743734, -0.5825686691624872, 0.5552544618345939, 0.19689738625531686, -0.7085353268003806, 0.46427080502969253, -0.2689135793062516, -0.012514346749930336, 0.5541920773590667, -0.07898149260590745], [-0.7076627589668654, 0.6949123019606466, -0.5158714273763979, -0.07241639700102806, -0.08670075387507557, 0.4714929307968686, -0.30500729170951885, 0.40351033440598005, 0.6596064659308363, -0.25767230017489534, -0.22786018178664635, -0.03256185401133532], [0.210639600323201, -0.359550558703267, -0.37486342540823336, -0.48983022234552825, -0.5161881796902801, -0.5697241432877802, 0.059064462206009194, 0.004949734589261928, 0.2849718068446281, 0.6077271904170768, 0.10358295873646911, -0.08480132776193791]], "inverted": false, "swapped": false, "error_lsq": 0.04343397680064734, "error_max": 0.20943511352498875, "target": "724.xyz", "model": "19.xyz", "model_rescale": 4.410303926677745, "target_rescale": 3.6312487852179505},
{"mapping": [5, 11, 8, 9, 7, 12, 10, 2, 6, 3, 1, 13], "R": [[-0.6196340696370732, 0.22042747280862748, 0.7533029596226214], [-0.10190246085329677, -0.9742246008101282, 0.20125187116742227], [0.7782477164868787, 0.047939090599929096, 0.626124856059405]], "T": [0.031005443360283637, 0.09110549118303737, 0.014773891476120349], "aligned_model": [[-0.29778653169375435, -0.5488210559856965, -0.05506254257197176, -0.3846698716028971, 0.540671874454233, 0.0703187291447365, -0.7210446146455666, 0.6039137323149638, -0.2080490646964022, -0.16588214796962217, 0.616502364490727, -0.0017747184471856026], [-0.6638550850486925, 0.6193254876673253, -0.5017827616632845, -0.01373347168069769, -0.059282440219326216, 0.33204248570242445, -0.2384396664981667, 0.41987809010282373, 0.506430677195717, -0.03288039223563516, -0.3765457283279031, 0.032611873197983976], [0.15969141437897663, -0.2534017794263777, -0.46702835306170004, -0.5238164455932808, -0.45901589742417587, -0.7001238407355326, -0.0161245277310072, 0.06266333081969572, 0.34167411359266703, 0.701669424141464, 0.0549682120835919, -0.02517775512470151]], "inverted": true, "swapped": false, "error_lsq": 0.03987706668806582, "error_max": 0.19522398509543606, "target": "724.xyz", "model": "20.xyz", "model_rescale": 4.121658175737393, "target_rescale": 3.6312487852179505},
{"mapping": [8, 11, 5, 7, 0, 3, 9, 2, 10, 6, 1, 12], "R": [[0.08914224372775656, 0.11449964871680152, 0.9894157320494306], [0.8561450543830813, 0.49882662451721715, -0.13486157543255334], [-0.5089885128748706, 0.8591052491496536, -0.05356178343688188]], "T": [-0.07322615204653513, 0.009840779514889172, -0.020237510335940456], "aligned_model": [[-0.29381128375637744, -0.6103008463561944, -0.012291722232154828, -0.3455340254658059, 0.5679261647982774, 0.24744948163346878, -0.7872702015505653, 0.49832428271646445, -0.4033528707698074, 0.04943989654650861, 0.5894621896102045, -0.05172491238245505], [-0.5795678866246567, 0.6034746256703645, -0.5686904756824446, 0.03971274011123603, -0.2144544772542802, 0.2837130259497116, -0.05063571663396226, 0.43388205567345894, 0.41992617450461683, -0.13885382048901326, -0.1928082674756543, -0.01192890955680776], [0.2198514869434929, -0.38591309411454366, -0.37448616878045493, -0.6461561534048208, -0.7453437610979088, -0.5723261205649974, 0.07540015986825299, 0.2438282595873037, 0.5555396688472205, 0.6006227142914373, 0.026156364038888165, -0.12119545969425105]], "inverted": false, "swapped": false, "error_lsq": 0.049237612773779714, "error_max": 0.23934708852939712, "target": "724.xyz", "model": "21.xyz", "model_rescale": 4.08911054899281, "target_rescale": 3.6312487852179505},
{"mapping": [0, 11, 6, 8, 10, 5, 1, 14, 15, 4, 13, 16], "R": [[0.9522481436046271, 0.28528010763537043, -0.10880594280227941], [-0.05023083973752276, 0.49788018370242443, 0.8657899199088099], [0.3011649643315184, -0.8189814301093716, 0.4884353400350999]], "T": [0.05130857395301406, 0.04052466107136621, -0.03777048530288749], "aligned_model": [[-0.18781276654266307, -0.4731458038548538, -0.09376236727122059, -0.4631713588486634, 0.53768061288191, 0.08941504392578768, -0.7309853964740468, 0.41801796657625473, -0.23240740758420406, 0.011863913488933793, 0.5131231046079971, 0.05950061188633177], [-0.6816907102155948, 0.5170541427241779, -0.5147114757039363, -0.02559848061986536, -0.07951001602600283, 0.312571463462072, -0.012578696259169672, 0.465831978076649, 0.6442064338035309, -0.3145045676498423, -0.2868907758981307, -0.00041022750131914504], [0.10819300388417549, -0.3271841839633211, -0.5134083548870082, -0.4978793277927225, -0.6703598665425787, -0.6875916054608692, 0.08549572474564707, 0.2728104114224671, 0.25647529119271034, 0.5611373134293182, 0.30319349657530026, -0.014904006683500032]], "inverted": false, "swapped": false, "error_lsq": 0.045963949694294494, "error_max": 0.21541005420300652, "target": "724.xyz", "model": "22.xyz", "model_rescale": 4.204369325754507, "target_rescale": 3.6312487852179505},
{"mapping": [4, 2, 12, 1, 14, 10, 0, 11, 5, 7, 13, 15], "R": [[0.28516628669591415, 0.49972984912694207, 0.8178937992329005], [0.8987555037666033, 0.1570916653044626, -0.40934185363960846], [-0.33304464172435433, 0.8518170499487756, -0.40433770543354236]], "T": [-0.07558709967941732, -0.06822721585241441, -0.0673712741088669], "aligned_model": [[-0.29580782648668813, -0.371517201255787, -0.0034601353196743734, -0.5825686691624872, 0.5552544618345939, 0.19689738625531686, -0.7085353268003806, 0.46427080502969253, -0.2689135793062516, -0.012514346749930336, 0.5541920773590667, -0.07898149260590745], [-0.7076627589668654, 0.6949123019606466, -0.5158714273763979, -0.07241639700102806, -0.08670075387507557, 0.4714929307968686, -0.30500729170951885, 0.40351033440598005, 0.6596064659308363, -0.25767230017489534, -0.22786018178664635, -0.03256185401133532], [0.210639600323201, -0.359550558703267, -0.37486342540823336, -0.48983022234552825, -0.5161881796902801, -0.5697241432877802, 0.059064462206009194, 0.004949734589261928, 0.2849718068446281, 0.6077271904170768, 0.10358295873646911, -0.08480132776193791]], "inverted": false, "swapped": false, "error_lsq": 0.04343397680064734, "error_max": 0.20943511352498875, "target": "724.xyz", "model": "23.xyz", "model_rescale": 4.410303926677745, "target_rescale": 3.6312487852179505},
{"mapping": [12, 8, 0, 4, 1, 10, 5, 11, 15, 13, 7, 16], "R": [[-0.8538121273210012, -0.31456413294256264, 0.4147942351403654], [-0.5132287405995101, 0.3751915387423938, -0.7718986779874389], [0.0871843510168411, -0.8719407752377503, -0.4817864396343712]], "T": [-0.031159348729974546, 0.0703670180649678, -0.023644152401048696], "aligned_model": [[-0.2605918286610649, -0.46243013518409687, -0.03879368145909605, -0.4954052944161952, 0.6165930073405522, 0.09728507490513029, -0.6175076079304893, 0.5092017893582871, -0.5115735780029385, 0.14073610360015454, 0.48369945973027645, -0.012897156488955942], [-0.6475019727907975, 0.6431683532711011, -0.6373046236233213, 0.11093768717851654, -0.12596147702797977, 0.4900936695906958, -0.15474011193779758, 0.39085459134911477, 0.47255596254578125, -0.20305634061785405, -0.3397677429786774, 0.024491073233787145], [0.2559996994964905, -0.4256526179733148, -0.28732649083149886, -0.5303137643897055, -0.5510978060901263, -0.5043889020464929, 0.009889895704970321, 0.05393833547579213, 0.31805807481472836, 0.6007581571910623, 0.06931165331790881, -0.1331983387501947]], "inverted": true, "swapped": false, "error_lsq": 0.04237763290140273, "error_max": 0.25920063795193693, "target": "724.xyz", "model": "24.xyz", "model_rescale": 4.28219845311461, "target_rescale": 3.6312487852179505},
{"mapping": [0, 5, 6, 8, 14, 11, 1, 13, 3, 4, 2, 15], "R": [[0.6457823052279428, 0.6055582078606502, 0.4650424401568983], [0.30170938619911536, -0.761895345774112, 0.5731377917805629], [0.7013819647908247, -0.2298145752130279, -0.6747211279379194]], "T": [0.052372176427365046, 0.16460189159174068, -0.06874028951558196], "aligned_model": [[-0.1628926694712076, -0.6083185003560359, -0.061923626760372004, -0.43465134980355524, 0.5572985328505199, 0.13744146513758773, -0.5683266649449659, 0.5931271138716947, -0.4755718202113397, -0.03386827826220055, 0.47004848717416564, 0.03595346356727221], [-0.5781354880804577, 0.537905863372689, -0.6283828433667786, -0.045509739847931885, -0.0895261413293734, 0.4444448675680275, 0.051529032051337326, 0.2590752515091611, 0.4244929184705446, -0.08314338100113286, -0.36721947930483667, 0.09823820815132008], [0.1911758565657013, -0.4552796215093684, -0.4814251746973134, -0.5166322900694916, -0.579242926499478, -0.5280094874416639, 0.04000195435069838, 0.15836175546089398, 0.43502268592113746, 0.6137796273429166, 0.03846303732900194, -0.04023752083341542]], "inverted": false, "swapped": false, "error_lsq": 0.04246744551463009, "error_max": 0.2176115942161014, "target": "724.xyz", "model": "25.xyz", "model_rescale": 4.100010024507729, "target_rescale": 3.6312487852179505},
{"mapping": [0, 3, 10, 8, 9, 7, 1, 5, 2, 6, 4, 11], "R": [[0.13182356950758323, -0.9912729499810121, 0.0006965330008228687], [-0.9490701503073801, -0.12641405051449783, -0.28859199162146737], [0.2861614864334585, 0.037382167787059384, -0.9574519190088523]], "T": [-0.10237916095005332, 0.015166734361091333, -0.059839844218168625], "aligned_model": [[-0.31536320684134783, -0.5681239629112499, 0.0018297918865947532, -0.43519230450737206, 0.4783557197152755, 0.14580099068539248, -0.7735933547448853, 0.5667250817263288, -0.3760813668685149, 0.07929629488397875, 0.6293389162545605, 0.015323553512802915], [-0.6855925851551872, 0.5697844250852503, -0.48884352030691586, -0.06301966223785857, -0.10972773003557708, 0.500947420308462, -0.1417307199178272, 0.29302861627254, 0.5658622038704181, -0.023645330846725272, -0.3753743166701796, -0.017919732173831443], [0.1335862353076015, -0.425288367315023, -0.44728857614624223, -0.5697223089266359, -0.6312059906432099, -0.461062954457423, 0.09508351956970557, 0.13834809016388003, 0.35195972926624824, 0.561424826018903, 0.21927648132302718, -0.08913278824121225]], "inverted": true, "swapped": false, "error_lsq": 0.04007611619826714, "error_max": 0.22132939987360054, "target": "724.xyz", "model": "26.xyz", "model_rescale": 3.6694154284099745, "target_rescale": 3.6312487852179505},
{"mapping": [4, 12, 0, 2, 1, 6, 10, 7, 9, 8, 5, 13], "R": [[-0.20064451883301582, -0.17352526981780075, 0.9641736139290098], [-0.9778236892473924, 0.09577176744338323, -0.18624876189491796], [-0.06002174446720843, -0.980161593460706, -0.18889319970735627]], "T": [-0.07677556565736013, 0.062294343672698226, -0.03436947973484738], "aligned_model": [[-0.3648882129257256, -0.41864870106932783, 0.07531919393478079, -0.48313928096659176, 0.6118741336044545, 0.05423289325635333, -0.5836513763805586, 0.42835498620911117, -0.30110562824118436, -0.056801031384398716, 0.5968354280646668, -0.11006625131001586], [-0.691087385138782, 0.6615133153016702, -0.47242059831569333, -0.13563187959231734, -0.01196621051284042, 0.3091674337378412, -0.09034849419416802, 0.3370840209805976, 0.5672445441801361, -0.1451731267351053, -0.3483321505375005, 0.04371959901873028], [0.12354709085217533, -0.4265329618197519, -0.3919732521591627, -0.5421326009118463, -0.5819949133063883, -0.6613311156418089, 0.2514063002820857, 0.22148650228343247, 0.36508621680606895, 0.5697128483738424, 0.025735520977365568, -0.07703173981639369]], "inverted": true, "swapped": false, "error_lsq": 0.03806436257632948, "error_max": 0.18104314797804893, "target": "724.xyz", "model": "27.xyz", "model_rescale": 4.103607728864725, "target_rescale": 3.6312487852179505},
{"mapping": [4, 6, 13, 11, 12, 10, 7, 3, 5, 1, 2, 14], "R": [[-0.07895037217357348, -0.7078345690016341, -0.7019523215004887], [-0.9907394546434474, -0.022312860173522908, 0.13393083768752412], [-0.11046344076869663, 0.7060257496700443, -0.6995180262555019]], "T": [-0.06168276826186299, 0.1194849670626975, -0.18978056180719147], "aligned_model": [[0.03141718236157447, -0.5321095052622591, -0.06206483217567263, -0.5823672332531706, 0.6623607010242838, 0.0918297035567072, -0.6803565354550197, 0.6485078741472168, -0.4612281514986229, -0.09433235932241175, 0.44538164447109946, -0.01872233580216165], [-0.7396223242380999, 0.5276741463701247, -0.43602216011872896, -0.006550216260537964, -0.25936343356829217, 0.45918160176123574, 0.009495671012427293, 0.2745425030987128, 0.5055898750746359, -0.10718996832157292, -0.29003571732126643, 0.08606909070393076], [0.08385486784737287, -0.30531212400280494, -0.523373455363852, -0.6199712799086885, -0.45346325188782177, -0.5373656502048282, 0.1640928196511732, -0.0023845519248378855, 0.2860627917506282, 0.6764834337201447, 0.15153922465932304, -0.04418492841618929]], "inverted": false, "swapped": false, "error_lsq": 0.046092269967103666, "error_max": 0.2569732175934855, "target": "724.xyz", "model": "28.xyz", "model_rescale": 4.137296879288765, "target_rescale": 3.6312487852179505},
{"mapping": [5, 4, 10, 9, 6, 2, 3, 7, 8, 1, 11], "R": [[-0.23873899131684972, -0.22631115679293312, -0.944344722194209], [-0.9568719380422543, -0.11094033244134827, 0.2684927127969456], [-0.16552881384300766, 0.9677166439350144, -0.190065012137635]], "T": [-0.0857546343172398, 0.0009133026107354921, -0.10791663165402475], "aligned_model": [[0.40818407606471185, 0.3338821359599882, -0.2424167856582501, -0.6541985830132565, 0.00613072201627432, 0.44006486375547965, 0.5505623058810626, -0.4435213698062473, -0.4344977776172983, 0.3036965465034705, -0.046467123376037145], [-0.30552445217803675, -0.7886225978936288, -0.410979862276659, 0.21455712502834706, 0.688811183912193, -0.049300339046645214, 0.375840613706014, -0.5156182163224385, 0.34010302413465276, 0.33900206548660644, 0.03087927209754704], [0.36224783613518824, -0.22718405194249555, -0.5878150209310281, -0.3389832590086625, -0.13886902840248613, -0.4390222838779628, 0.07488351202104661, 0.15605549137092223, 0.3266700309031478, 0.7282328835082057, -0.110462087992877]], "inverted": false, "swapped": true, "error_lsq": 0.0506997370180932, "error_max": 0.2276177822901253, "target": "724.xyz", "model": "29.xyz", "model_rescale": 3.607286011436655, "target_rescale": 3.6312487852179505},
