[{"mapping": [9, 1, 12, 10, 13, 6, 2, 0, 4, 3, 7, 14], "R": [[-0.08285476511126494, 0.937324594463353, -0.33846372407167613], [-0.9965372806118005, -0.07555354874190318, 0.03471468887002391], [0.006966796193001196, 0.34016799656436736, 0.9403388739514015]], "T": [0.03666790927966109, -0.010416473187281255, -0.021682067265451493], "aligned_model": [[-0.26470749403815347, 0.1411489331151522, 0.37452623298374355, -0.13109845738244125, 0.1101660102081285, -0.4677363774057914, 0.44409455957395705, -0.2406718647869084, 0.4815611489424208, 0.1126972003319611, -0.630411956584124, -0.09192547249739577], [-0.37217765817679005, -0.7996693777432817, -0.28144656902584864, 0.7840204617041094, 0.445131408319268, -0.5328480446365271, -0.46380170430051026, -0.5546515646643105, 0.27206034841197646, 0.5418873572552679, 0.11102576128854526, -0.09597538245484159], [-0.5483042666716453, 0.04489592494402184, -0.7125257001041492, -0.09937172683268193, -0.6005881670142434, 0.10459116858500128, 0.5496419648598255, 0.7210418104098254, -0.08474316247002608, 0.5516033626389918, 0.2647688584054487, -0.009058321396806575]], "inverted": true, "swapped": true, "error_lsq": 0.047104351701834656, "error_max": 0.2428374884922744, "target": "725.xyz", "model": "0.xyz", "model_rescale": 3.751011558992144, "target_rescale": 4.161232919030766},
{"mapping": [2, 3, 0, 4, 6, 8, 13, 5, 9, 12, 10, 7, 12, 11, 14], "R": [[0.051741274690931205, 0.7302712993581612, -0.6811950306829175], [0.3059109481598695, -0.6609084270830103, -0.6852871973170016], [-0.9506531082836092, -0.1729273845994453, -0.2575942300718482]], "T": [-0.002174397169448908, -0.040639179587745766, -0.12934114696524796], "aligned_model": [[-0.6109939145790518, -0.7485385710541321, -0.5190496655237513, 0.6535169383698063, 0.39866890404577293, 0.09929972823369022, -0.48845545325396655, -0.03977879215896794, 0.09599931656219533, -0.35482378652173596, 0.7352582752034578, -0.18179771781659443, -0.35482378652173596, 0.31350747602811857, -0.010645880340076866], [0.08121765495923455, -0.07561472206403247, -0.5840070158494743, -0.2968494975331991, -0.44608363273598284, -0.12488101765620181, 0.49879655643601417, 0.455393072927309, 0.5907336166367014, 0.13133758617510877, 0.3171746903214714, -0.47564179351665514, 0.13133758617510877, 0.1504717184575612, -0.008440244730587534], [-0.6754435266372618, 0.029161600274978133, -0.2437783348868342, -0.48989504777183446, 0.35919256584518927, -0.7797445346658263, -0.1358233915155078, -0.5069970233102792, 0.031655546957806785, 0.5015609883175693, -0.10452106746489115, 0.3377618527596021, 0.5015609883175693, 0.5781562512698744, -0.08580639061676545]], "inverted": true, "swapped": false, "error_lsq": 0.05234442586546884, "error_max": 0.37712782226449215, "target": "725.xyz", "model": "1.xyz", "model_rescale": 3.9405287249114394, "target_rescale": 4.161232919030766},
{"mapping": [12, 9, 8, 5, 6, 13, 11, 1, 7, 10, 3, 4, 14], "R": [[0.8278069771146681, 0.10788032896271632, 0.5505428623306012], [0.5396720669503077, 0.11496362616857338, -0.8339888637216656], [-0.15326339678428685, 0.9874944046834232, 0.03694769174215927]], "T": [-0.011767230627016755, -0.0641253875741214, 0.08543040886131009], "aligned_model": [[-0.23010350399026078, 0.03405928429957256, -0.2988699606232118, 0.34661829323980514, 0.5617959101177799, -0.7181592431736568, 0.08506174569025876, 0.6518927645440509, 0.15244205684946618, -0.6761374769335213, -0.1518926207161169, -0.3454499054150767, 0.08472593539484191], [0.7206728288020927, 0.4303956885680635, -0.1499010338283779, -0.4275179782608146, -0.03129178730731452, 0.12829496477675595, 0.3854097079060807, 0.37676366206234974, -0.5767282517927195, -0.5216133536111762, -0.7807032529628029, -0.026292787621443603, -0.06865581315867628], [0.12136807832843904, -0.41694202806000863, -0.4914419413266044, 0.2967272320841177, -0.376360279262884, -0.024309502397202476, 0.4398988977898043, 0.14409315222222016, -0.41663682774589755, -0.03551675836560719, 0.4115549192059455, 0.49643456710542255, -0.035749159989100845]], "inverted": true, "swapped": true, "error_lsq": 0.053794484377206936, "error_max": 0.3473048419595859, "target": "725.xyz", "model": "2.xyz", "model_rescale": 3.932901565614263, "target_rescale": 4.161232919030766},
{"mapping": [4, 3, 10, 5, 13, 9, 8, 11, 2, 1, 7, 0, 6, 14], "R": [[0.18529487439490028, 0.6704212556115267, -0.7184713978630202], [-0.08183395612877487, -0.7180655468831689, -0.6911476499299476], [-0.9792696325054158, 0.18686147383460203, -0.07819064169751033]], "T": [-0.055900629964493215, -0.14896130277313274, -0.0530585918160959], "aligned_model": [[-0.39145766630905054, 0.27857101774437554, 0.2598257670092493, 0.15877994573231066, -0.25861898391971627, -0.12701285032772022, 0.3121389780935876, -0.6036112250371287, -0.2677834312730428, -0.32105001359690644, 0.6747072493570437, 0.3713769902180206, 0.2963727511078186, 0.03757138325386264], [-0.04461833135796378, 0.33510186570728934, -0.37983390536183936, 0.35543592295939413, -0.6860930255122626, -0.7100060936210681, -0.6778703788885503, -0.044255838242868994, 0.5890732501010301, 0.04402802377768092, -0.19465208059040318, 0.4565305409311254, -0.19564582363572006, -0.1836974879153547], [-0.4508196643744292, -0.5946190447294886, -0.7688280827377185, 0.015032488944547617, -0.520448040679176, 0.3702628278815309, -0.13890254079400158, 0.10866781947463042, 0.27614722544567105, 0.6754467169739329, 0.02389838362331445, 0.5597720585613895, 0.5927179808972887, 0.06556823456960595]], "inverted": false, "swapped": true, "error_lsq": 0.059794825286332384, "error_max": 0.3903441667070689, "target": "725.xyz", "model": "3.xyz", "model_rescale": 3.9243930471874484, "target_rescale": 4.161232919030766},
{"mapping": [6, 5, 1, 9, 11, 7, 8, 2, 4, 3, 13, 10, 14], "R": [[-0.5607704729857389, -0.4083560711106562, 0.7202650871827813], [0.4885192210626388, -0.8655433372583868, -0.11037980784530854], [0.6684949119325468, 0.28996560229565727, 0.6848609363992177]], "T": [0.06543218080630656, -0.03317088456410314, -0.057514849165737666], "aligned_model": [[0.026476527418049345, -0.17842600159138364, 0.5755975710022301, 0.39444595555275896, 0.6064718676044949, -0.5492798258387381, -0.21584689248425956, 0.27510331523942466, 0.18357768249850367, -0.5363652686755678, 0.1374605468825962, -0.478691597190243, 0.036682005893486754], [-0.6162798884134457, 0.1675199550632199, -0.25743520088116045, -0.6403803119192997, 0.15838729824704506, -0.4117065319517694, -0.4779551255670338, 0.3314042715264318, 0.42438487226509114, 0.4899687075719321, -0.008149186443314832, 0.13737057476787595, -0.1692998805839853], [-0.50670268077369, -0.5107223953901009, -0.6299708315884254, 0.09106468157612131, -0.14519085656630942, -0.2011735040260204, 0.32408207083910023, -0.7793796313740146, 0.18411342109502343, -0.11785517810918748, 0.6788573017301845, 0.5257142699409677, -0.1257663519826855]], "inverted": false, "swapped": true, "error_lsq": 0.04050379721336702, "error_max": 0.19987008895893613, "target": "725.xyz", "model": "4.xyz", "model_rescale": 3.8936222436046832, "target_rescale": 4.161232919030766},
{"mapping": [13, 12, 8, 10, 6, 1, 2, 5, 3, 4, 7, 14], "R": [[-0.906955283296303, 0.22292242712501228, 0.3574041208290923], [0.17203084198218607, -0.5784707975972845, 0.7973562100680361], [0.3844964284721289, 0.7846509592244538, 0.48629761327845505]], "T": [-0.10871979400553079, -0.08324926884347686, -0.027020649551657984], "aligned_model": [[0.07817960634672809, -0.5775662223243092, -0.10600609939731814, 0.5469025782160015, -0.6096507729542721, -0.7745101821442516, -0.21829713861058048, 0.056891353339293224, 0.6329342011892752, 0.19233135946990104, 0.007866129339816355, -0.20152677025518706], [-0.5103948406946464, -0.7181901025698777, 0.1502758135639963, -0.06715567006473411, 0.45581302568281157, -0.05372418063083631, -0.05793168606924373, 0.2147798682375842, 0.11638492040333828, -0.514094973482488, 0.6145912501175185, 0.0385694806163846], [-0.6020627263664403, -0.2317244577715164, -0.6336719655653033, -0.5120068159804152, 0.01520917776555649, 0.41357041818186707, 0.8008184763642942, 0.40759675404969636, 0.1956263810943837, 0.046735929490968005, -0.23005815630103787, -0.050748295686534356]], "inverted": true, "swapped": true, "error_lsq": 0.048158435216742235, "error_max": 0.29985639882134735, "target": "725.xyz", "model": "5.xyz", "model_rescale": 3.6523030999806103, "target_rescale": 4.161232919030766},
{"mapping": [0, 6, 1, 5, 11, 7, 9, 3, 8, 13, 12, 4, 14], "R": [[-0.037194795218223387, -0.9812598621558655, -0.18906514784731382], [-0.5589047410915741, -0.13641099968565623, 0.8179349176738459], [-0.8283972703926754, 0.13609232927175624, -0.5433570100029564]], "T": [0.11339242247939751, -0.06858357024399717, -0.0782537090819284], "aligned_model": [[0.31401178021794796, -0.19740701491321055, 0.3191466853511818, 0.4136955715510209, 0.46948746550546133, -0.3215083245894528, -0.37527628077055886, 0.4138573067248019, -0.5133209719846621, -0.16791141965041917, 0.07624023493487322, 0.43091094676077324, 0.01915692552653747], [-0.37769543115213333, -0.028932755368911045, 0.3911373445631685, -0.4180983571887459, 0.3900012692302274, -0.5859132678854685, 0.41745225983727263, -0.7824262001483597, -0.17294474697482126, 0.10254212146878747, 0.7105533464782776, -0.03206835016761131, -0.07278032852849942], [0.8099746817555784, 0.588930586268249, 0.541900243205237, 0.2263741598860416, -0.07960563473140393, 0.2133439944587251, 0.07666982024342404, -0.277315788410889, -0.2157535762223201, -0.7413089568180268, -0.3158160477245018, -0.5019853182495662, 0.044701575821241346]], "inverted": false, "swapped": true, "error_lsq": 0.04659926452698165, "error_max": 0.31339196976763034, "target": "725.xyz", "model": "6.xyz", "model_rescale": 4.08911054899281, "target_rescale": 4.161232919030766},
{"mapping": [10, 12, 5, 3, 6, 4, 11, 9, 1, 13, 0, 7, 7, 2, 14], "R": [[0.10544769413695379, 0.680487436647849, 0.7251328377377758], [-0.2082101295494183, 0.7281437567083571, -0.6530353830533655], [-0.9723833224373063, -0.08211892675309984, 0.21846545748631546]], "T": [-0.11682462086126119, 0.04093625444564768, -0.1385558145462384], "aligned_model": [[-0.6631478280305961, -0.8114378403359314, -0.48813036407639343, 0.581833098109047, 0.2814619125018982, 0.04281458710580449, -0.47633929545562037, 0.21746461316023388, 0.15408724962273493, -0.4738931702330921, 0.794663477617379, -0.17361650417904076, -0.17361650417904076, 0.2547553817747704, -0.07955574272912483], [-0.027247934899746987, 0.03872447910145359, -0.623981083874116, -0.12097966301624076, -0.1964212239352925, -0.5332383404778888, 0.48006480852272715, 0.5947215901726687, 0.6769959190091945, 0.3387638470289904, 0.21567736395578985, -0.4167779688245238, -0.4167779688245238, 0.1499423680225342, 0.1854783660413497], [-0.6034824411589832, 0.021161126922279117, -0.1613199934364954, -0.47338721041803294, 0.04630151219975204, -0.5149709411369425, -0.2883769569215465, -0.5814212770275922, 0.10635421056822283, 0.4268602256375634, 0.014124158216550997, 0.48318475542073297, 0.48318475542073297, 0.5686821313638522, -0.20985357877670444]], "inverted": true, "swapped": false, "error_lsq": 0.05616091357888591, "error_max": 0.432733391580619, "target": "725.xyz", "model": "7.xyz", "model_rescale": 3.964800864290218, "target_rescale": 4.161232919030766},
{"mapping": [12, 11, 13, 9, 10, 1, 8, 4, 2, 5, 6, 7, 3, 14], "R": [[-0.6619925941418483, 0.7312694987667825, 0.16434940059131586], [-0.704524457111739, -0.68193914903823, 0.1964797351902327], [0.25575592785457674, 0.014279957366649026, 0.9666359129397435]], "T": [0.06040895051261891, -0.008433257629297223, 0.06403945983786097], "aligned_model": [[-0.14907369974686174, 0.13340937316397658, 0.15788312285625755, -0.5766185393984038, 0.3993024012232432, -0.3230804394947589, -0.27430079631004184, 0.5122226818945244, 0.29050131460649065, 0.2491004019463584, -0.5533575093585572, -0.2080110071104493, 0.6780156874286516, -0.07480510223955661], [-0.3972269261139591, -0.5392325286532963, 0.3205763535735545, -0.06098855431448982, 0.7083284032301981, -0.6797073698635048, 0.524461471495977, -0.07833391949407953, -0.646718398806627, -0.09678480616681945, -0.0857728738891299, 0.5008021401381284, 0.33245628756800544, 0.009089187477244588], [-0.621399806156339, -0.15963135752419538, -0.5919404003511737, -0.23673146210340507, -0.12757272947609255, 0.2655239871206927, -0.09893213439052712, -0.20554930248814907, 0.5514975353514798, 0.5756352438452977, 0.4648045754102103, 0.5227637044372988, 0.44064587886342205, 0.1377013061865019]], "inverted": true, "swapped": true, "error_lsq": 0.05344779967381794, "error_max": 0.32959252948987106, "target": "725.xyz", "model": "8.xyz", "model_rescale": 4.121658175737393, "target_rescale": 4.161232919030766},
{"mapping": [1, 11, 5, 0, 12, 9, 4, 8, 3, 13, 6, 7, 14], "R": [[0.7052741830953777, -0.09360462406070713, -0.702727899697743], [-0.608495853609058, 0.42868697280769325, -0.6678025722364056], [0.36375970474989583, 0.8985909267845016, 0.24538382893100133]], "T": [0.023570652555902467, -0.11846801291812459, -0.04998710994690857], "aligned_model": [[-0.5086042121254977, -0.34395892439559533, 0.35183808326447874, 0.1678557586489678, -0.6777000287224219, -0.5714988950934458, 0.1428432485734098, 0.02855462083313256, 0.8086106465205122, -0.053233434514456106, -0.21957796643963656, 0.36918312440208384, -0.017574524516334934], [0.27778250085416983, -0.3378361469436117, 0.17426823940129155, 0.7306572231634612, -0.5343452239818468, 0.029072451509173147, -0.6064869017606069, -0.04776128469624001, -0.19542305249490516, -0.7008078386832316, 0.5728310152162835, 0.4064171885361272, 0.0220192692916458], [-0.49500902454771384, -0.4422946349911332, -0.3841826914576557, -0.4776740107895808, -0.0383225620576962, 0.30094489830309873, -0.22119301854540974, 0.5961884591651552, -0.18138835849474994, 0.4006120190454897, 0.029308313292504093, 0.3332170669245663, 0.0008689781122138765]], "inverted": false, "swapped": true, "error_lsq": 0.04580799603057513, "error_max": 0.2718073974146371, "target": "725.xyz", "model": "9.xyz", "model_rescale": 3.833441315466971, "target_rescale": 4.161232919030766},
{"mapping": [1, 10, 12, 4, 7, 6, 0, 5, 2, 13, 3, 11, 8, 9, 14], "R": [[-0.669446629751499, 0.7115790111536826, -0.21329913455029875], [-0.6960493871177695, -0.5005338436390657, 0.5147631708512961], [0.2595312324313521, 0.49307320172308144, 0.8303748293001257]], "T": [-0.10224420046796989, -0.044516372557231135, -0.0911290355345214], "aligned_model": [[-0.4601244227976836, -0.7888316062770727, -0.4260933480757966, 0.4959126258736668, 0.3167551211043402, 0.08744479163197261, -0.6682023828550815, -0.027317808173809924, 0.2023075164473338, -0.35127227221738655, 0.744684194495331, -0.2184069327880045, -0.2281664879410444, 0.3352780182239915, -0.026623935977728205], [0.02790855382668421, -0.11637710981994052, -0.48668825274666094, 0.07626968910309094, -0.4576581011522215, -0.3490324120933157, 0.2870491453277659, 0.5448538786623867, 0.5421893468909031, 0.7016274366873628, 0.09062653677133047, -0.5980236672421458, -0.02377961867558616, 0.13203094163463142, -0.026051809171909694], [-0.7332235063231618, 0.3551756946042663, -0.3413805395743599, -0.6044824406072147, 0.22138889578671206, -0.6677724574048147, -0.2743736939625283, -0.41433785995321937, 0.1911384004520309, 0.03902847220663408, 0.045876576068547725, 0.2902801612529991, 0.6778136976600517, 0.5686553842081836, -0.03674630754073772]], "inverted": false, "swapped": false, "error_lsq": 0.05653695878974082, "error_max": 0.4548510519665668, "target": "725.xyz", "model": "10.xyz", "model_rescale": 4.2482417240324, "target_rescale": 4.161232919030766},
{"mapping": [2, 1, 12, 9, 3, 10, 4, 8, 6, 7, 5, 14], "R": [[0.03302337059294941, -0.742463575703904, -0.6690719660452485], [-0.9259429786639779, -0.2747185573179897, 0.25915114224715], [-0.3762167689744317, 0.6109644449704874, -0.6965510675638531]], "T": [-0.00789332083480504, 0.07367711356270804, 0.06054262160390612], "aligned_model": [[-0.7038802492365213, -0.11588632362223697, 0.44154722004926267, 0.5986437069598949, -0.549160518708163, 0.13977816537414064, -0.16239963202083565, 0.5110703639467158, 0.11900355027698892, 0.0546002316060224, -0.49825628303616226, 0.041705370773900304], [-0.3854094590563737, -0.6965570758444175, -0.3745247446155223, -0.2657009272121432, 0.6617588590717807, 0.864243097955244, 0.21421413637000727, 0.39450522800672416, -0.2703465733739788, 0.40964544199638264, 0.08577839220259031, 0.02852501455034593], [0.00755670668002565, -0.12206588191042145, 0.5723910164588505, -0.06580851195333903, 0.03473875628346069, 0.19659348337480648, 0.5484739653306554, -0.16376333536829518, -0.5788698026531284, -0.5913912207189563, -0.193501529172536, -0.07916135649676592]], "inverted": true, "swapped": true, "error_lsq": 0.05082227625400129, "error_max": 0.3450037344503804, "target": "725.xyz", "model": "11.xyz", "model_rescale": 3.6694154284099745, "target_rescale": 4.161232919030766},
{"mapping": [11, 12, 9, 13, 4, 2, 5, 0, 8, 7, 6, 3, 1, 14], "R": [[-0.9927509083600496, -0.0048109866915772275, -0.12009366493429174], [0.06453432716830432, -0.8642836578820812, -0.498847751658664], [-0.10139504212352163, -0.5029817224562174, 0.858328860232339]], "T": [0.17545999662748704, 0.06163979570233925, -0.05762356221313809], "aligned_model": [[-0.055958092667848625, 0.032282243044957915, -0.15276401125384828, 0.703433987165174, 0.5141756752576826, -0.2925239430348291, 0.045759163738033154, -0.48395000087570783, 0.38547346846934955, 0.1813668072105182, -0.41445769552461986, 0.6591173528749527, -0.5980731465677361, 0.07438304241973102], [-0.12336641609501241, 0.3744631437879295, 0.6640440989171369, 0.4481718530568799, -0.18255646041978435, -0.6301204941000209, -0.365109416378974, -0.3165698021433585, 0.6304548559992713, 0.272545278696973, 0.30002717611507657, -0.43374976020665357, -0.04380724653550165, 0.13656047744229194], [-0.5569470364355961, -0.7968881755632884, -0.2261681726758084, -0.4038814855369675, -0.3852509858407542, -0.07822760347217261, 0.2682652380287446, 0.531344941896834, 0.1767072217168788, 0.6475586010642517, 0.3144946108335671, 0.3425525340296949, -0.22731875483876846, 0.03285452644579958]], "inverted": true, "swapped": true, "error_lsq": 0.05028715557036889, "error_max": 0.30335254333085016, "target": "725.xyz", "model": "12.xyz", "model_rescale": 3.9764082729961374, "target_rescale": 4.161232919030766},
{"mapping": [0, 4, 5, 12, 13, 9, 7, 2, 8, 3, 10, 6, 14, 11, 15], "R": [[0.07448012755620265, 0.8087040481590528, -0.5834813391106631], [0.9972190834763739, -0.058868773276786246, 0.045700843355759635], [0.0026096263627443106, -0.5852625308560657, -0.810839663451536]], "T": [-0.03039303040062763, -0.032171145646265165, -0.09240752760101273], "aligned_model": [[-0.4733961433970128, -0.7370395383292512, -0.39880573469623276, 0.4912168747689842, 0.29244880914664373, -0.024931059302520653, -0.6014636646584999, -0.0624803459121569, 0.19079648878456193, -0.27772641978758117, 0.7158724701623962, -0.32113230637802403, -0.06919666045216505, 0.3805252860714642, -0.11734498534757748], [0.09900288727359946, -0.159057885412009, -0.6782599509566649, -0.34184031144990534, -0.40319471815948144, -0.22992581387552607, 0.45090128560354903, 0.6125749460165459, 0.6255737653597964, 0.539408426297673, 0.26249037783447754, -0.5869159199603, -0.10967544634299345, 0.27186467288392197, -0.00800175711030758], [-0.6524517655548656, -0.1127591831388397, -0.4792734485618769, -0.2905025793506574, 0.27172871265002724, -0.6601771856339871, -0.19989266972631048, -0.5609503702257967, 0.042127468949334, 0.4737783382984793, -0.043323026914004525, 0.34507128842856566, 0.7021334727529049, 0.5152544318697376, -0.033723006969321116]], "inverted": true, "swapped": false, "error_lsq": 0.03968661934327446, "error_max": 0.27588162024824786, "target": "725.xyz", "model": "13.xyz", "model_rescale": 4.170626492500431, "target_rescale": 4.161232919030766},
{"mapping": [6, 9, 7, 8, 5, 3, 10, 1, 2, 12, 11, 13, 4, 14], "R": [[-0.7347851603277459, -0.6145477234638965, -0.28709208234897604], [0.6544301379526523, -0.5310025055799211, -0.5382913092435347], [0.17835908359655123, -0.5834101770222974, 0.7923513126419431]], "T": [-0.015927054829821687, 0.06394506010684584, 0.08800386768431037], "aligned_model": [[0.23597116879728505, -0.11876291324493318, -0.24942625645690322, -0.5657457620939116, 0.3063769237337796, -0.1311614075482942, -0.7343503645825231, 0.6666797357907657, 0.7794854495337177, -0.0008264363801563993, 0.34603607492922817, -0.6156558037122106, -0.07764206205434653, 0.0022046753801459942], [-0.36592409721960395, -0.6349497923907603, 0.0893184931177842, -0.1903081600224288, 0.4020185567634168, 0.8315347759550087, 0.44998594115208446, -0.3498068914990733, 0.3184117560132935, -0.45340428860740956, -0.0589287404529093, -0.01650740264502329, 0.36358914209329685, -0.028954824332009646], [-0.4551932916222243, 0.08803507317561851, -0.6095864191673616, -0.14783895427402538, -0.20689808627294395, -0.10435836987244532, 0.07568856532939494, 0.05444268952568476, 0.06495085438691742, 0.7180769646242912, 0.5250282196343257, 0.5145140604261464, 0.5217140626078549, -0.03470226738036725]], "inverted": false, "swapped": true, "error_lsq": 0.05899043059050476, "error_max": 0.49094398476402307, "target": "725.xyz", "model": "14.xyz", "model_rescale": 3.9786697098870705, "target_rescale": 4.161232919030766},
{"mapping": [8, 7, 9, 13, 6, 1, 3, 2, 11, 4, 0, 14], "R": [[-0.2774314330857972, -0.22972465540743492, 0.9328764026568024], [-0.950012882629544, -0.0791353107130145, -0.3020151079602793], [0.14320378058509964, -0.97003308464005, -0.19628675943589452]], "T": [0.0865954023037444, -0.13726457585961974, 0.007124242029356447], "aligned_model": [[-0.007297547374773242, -0.5202957869127113, 0.4712746416388734, 0.4368040444453877, -0.09991916706946707, 0.34407211059774595, -0.5119332746624102, -0.0139241442117361, 0.543544304289155, 0.2707603155216371, -0.4688373546625523, 0.03910645516818752], [-0.4039138401996978, -0.08951496366579045, 0.06854707911117663, -0.7581590846726772, 0.44892545616918267, 0.6163701328771544, -0.48373405566853755, 0.4278417384981562, 0.05719185896070211, -0.4709396045153126, 0.6409722718976165, -0.03891249856753384], [-0.578238407360314, -0.40664012999875565, -0.5484769414648246, -0.19263068633701233, -0.39895077952125535, 0.07044510124465651, 0.40861954806696477, 0.6141798136921198, 0.30793973082206094, 0.3765076622825045, 0.11003101938150771, -0.10281943693382228]], "inverted": false, "swapped": true, "error_lsq": 0.050735821269081764, "error_max": 0.263591639583032, "target": "725.xyz", "model": "15.xyz", "model_rescale": 3.769337070930944, "target_rescale": 4.161232919030766},
{"mapping": [7, 3, 6, 0, 8, 10, 9, 4, 1, 2, 14], "R": [[0.17245918516858993, 0.22905914516469295, 0.9580134328220072], [-0.9019099238585001, 0.4277235997224186, 0.06009169232141168], [-0.396000402394418, -0.8744051865450689, 0.28035557966008573]], "T": [0.1459765150288035, -0.045037879309975916, 0.0621071734243718], "aligned_model": [[-0.19841527488153987, -0.32030452589085656, -0.12168624477771867, -0.7010738602565995, 0.42285114916916916, 0.3251961245409803, 0.5683297031839594, 0.30691140572437964, -0.029382863474767762, -0.43414054167520677, 0.10434105902937155], [0.09714264857395319, -0.67156566209454, 0.6136668918639975, 0.40856864576012664, 0.04620216612094321, -0.6434612690105357, 0.5094609059328261, -0.4806045938937897, 0.5798717749487997, 0.05142967196658866, 0.08535331745697228], [-0.572697433605256, -0.10970984155984487, -0.1322328194003992, 0.10076885582427189, -0.5189116202065521, -0.4623745314347186, -0.05268878128152632, 0.3191702965484611, 0.5279462799015537, 0.6555075483124327, -0.010560345874645369]], "inverted": false, "swapped": true, "error_lsq": 0.04534498706881108, "error_max": 0.2779871727713873, "target": "725.xyz", "model": "16.xyz", "model_rescale": 3.7852294659196426, "target_rescale": 4.161232919030766},
{"mapping": [1, 13, 8, 9, 11, 4, 3, 10, 6, 0, 5, 7, 14], "R": [[0.39151907053764756, -0.7567505779864196, 0.5234896179701719], [-0.21976007001208697, 0.4755440527777106, 0.8518000736651956], [-0.8935425725916025, -0.4485380882210227, 0.01988100554325241]], "T": [-0.12665216648754285, 0.04168227727338803, -0.0064788898975729975], "aligned_model": [[0.041621207298671914, -0.4751328033610398, 0.20232584414188692, 0.13907653316245272, -0.49495786753151766, -0.639392452634318, -0.23420107081024827, -0.24104168865596193, 0.5313336514331042, 0.47598435680058093, 0.010524156979509702, 0.5161740449966441, 0.021451938396517878], [-0.04379730067528511, -0.4049934885514059, -0.2975196157388508, -0.5943743084605257, -0.08408887923671587, 0.11927569054318368, 0.7235285693484755, 0.10646780792147603, -0.036627443591289104, 0.5911600834556073, 0.5573099285716604, 0.22567806456540984, 0.01303651555113379], [-0.7827819068740381, 0.4700713398375834, 0.4399320102517715, -0.16091174755501897, -0.4373362782929831, 0.10655434568431685, 0.39724753420987874, 0.7985236894417912, -0.32931880750245396, -0.5160388028182069, -0.14948758782893362, 0.30128385745941155, -0.04198294886994454]], "inverted": true, "swapped": true, "error_lsq": 0.0449182139062252, "error_max": 0.26788050833117605, "target": "725.xyz", "model": "17.xyz", "model_rescale": 3.901054581598922, "target_rescale": 4.161232919030766},
{"mapping": [2, 3, 0, 4, 6, 8, 13, 5, 9, 12, 10, 7, 12, 11, 14], "R": [[0.051741274690931205, 0.7302712993581612, -0.6811950306829175], [0.3059109481598695, -0.6609084270830103, -0.6852871973170016], [-0.9506531082836092, -0.1729273845994453, -0.2575942300718482]], "T": [-0.002174397169448908, -0.040639179587745766, -0.12934114696524796], "aligned_model": [[-0.6109939145790518, -0.7485385710541321, -0.5190496655237513, 0.6535169383698063, 0.39866890404577293, 0.09929972823369022, -0.48845545325396655, -0.03977879215896794, 0.09599931656219533, -0.35482378652173596, 0.7352582752034578, -0.18179771781659443, -0.35482378652173596, 0.31350747602811857, -0.010645880340076866], [0.08121765495923455, -0.07561472206403247, -0.5840070158494743, -0.2968494975331991, -0.44608363273598284, -0.12488101765620181, 0.49879655643601417, 0.455393072927309, 0.5907336166367014, 0.13133758617510877, 0.3171746903214714, -0.47564179351665514, 0.13133758617510877, 0.1504717184575612, -0.008440244730587534], [-0.6754435266372618, 0.029161600274978133, -0.2437783348868342, -0.48989504777183446, 0.35919256584518927, -0.7797445346658263, -0.1358233915155078, -0.5069970233102792, 0.031655546957806785, 0.5015609883175693, -0.10452106746489115, 0.3377618527596021, 0.5015609883175693, 0.5781562512698744, -0.08580639061676545]], "inverted": true, "swapped": false, "error_lsq": 0.05234442586546884, "error_max": 0.37712782226449215, "target": "725.xyz", "model": "18.xyz", "model_rescale": 3.9405287249114394, "target_rescale": 4.161232919030766},
{"mapping": [14, 13, 11, 2, 5, 10, 12, 1, 0, 4, 6, 9, 7, 8, 15], "R": [[0.3324420871324819, -0.27720340828244816, -0.901465767036993], [-0.7206814024592103, -0.6912206120574765, -0.0532201241666484], [-0.6083589194319627, 0.6673622224125981, -0.4295661639888469]], "T": [-0.16611067475991903, 0.10807717170012175, -0.07723844992380224], "aligned_model": [[-0.67827062257429, -0.7546188323959795, -0.29199860788191767, 0.5362481162795603, 0.44544930320619325, -0.05087855539828695, -0.5073116238886891, 0.2197842300526845, 0.1826630675008088, -0.3883692554149242, 0.5726078693206836, -0.191604578919089, -0.32171574142616766, 0.3568615919726177, -0.14150328976017532], [-0.1064897793973434, -0.20499787479093562, -0.5830163073078835, -0.1809234547836278, -0.42690861699399474, -0.28594101094879615, 0.4946305488058094, 0.5507895322115732, 0.6168853828492046, 0.617686050692581, 0.19812424525054614, -0.5110285203012467, -0.011196662098119148, 0.08772870483752637, 0.0896023199770819], [-0.6170459836130835, 0.00626010714396541, -0.2377228213332923, -0.4997263782183372, 0.09896382589660294, -0.747593033227293, -0.2624341873780086, -0.378253918412531, 0.2263160574264742, 0.39769832733539257, -0.010381193259627441, 0.375605949333564, 0.5989171273956522, 0.46898321173099844, -0.1025466139470877]], "inverted": false, "swapped": false, "error_lsq": 0.043141260079405566, "error_max": 0.2531455168116926, "target": "725.xyz", "model": "19.xyz", "model_rescale": 4.410303926677745, "target_rescale": 4.161232919030766},
{"mapping": [12, 11, 13, 9, 10, 1, 8, 4, 2, 5, 6, 7, 3, 14], "R": [[-0.6619925941418483, 0.7312694987667825, 0.16434940059131586], [-0.704524457111739, -0.68193914903823, 0.1964797351902327], [0.25575592785457674, 0.014279957366649026, 0.9666359129397435]], "T": [0.06040895051261891, -0.008433257629297223, 0.06403945983786097], "aligned_model": [[-0.14907369974686174, 0.13340937316397658, 0.15788312285625755, -0.5766185393984038, 0.3993024012232432, -0.3230804394947589, -0.27430079631004184, 0.5122226818945244, 0.29050131460649065, 0.2491004019463584, -0.5533575093585572, -0.2080110071104493, 0.6780156874286516, -0.07480510223955661], [-0.3972269261139591, -0.5392325286532963, 0.3205763535735545, -0.06098855431448982, 0.7083284032301981, -0.6797073698635048, 0.524461471495977, -0.07833391949407953, -0.646718398806627, -0.09678480616681945, -0.0857728738891299, 0.5008021401381284, 0.33245628756800544, 0.009089187477244588], [-0.621399806156339, -0.15963135752419538, -0.5919404003511737, -0.23673146210340507, -0.12757272947609255, 0.2655239871206927, -0.09893213439052712, -0.20554930248814907, 0.5514975353514798, 0.5756352438452977, 0.4648045754102103, 0.5227637044372988, 0.44064587886342205, 0.1377013061865019]], "inverted": true, "swapped": true, "error_lsq": 0.05344779967381794, "error_max": 0.32959252948987106, "target": "725.xyz", "model": "20.xyz", "model_rescale": 4.121658175737393, "target_rescale": 4.161232919030766},
{"mapping": [0, 6, 1, 5, 11, 7, 9, 3, 8, 13, 12, 4, 14], "R": [[-0.037194795218223387, -0.9812598621558655, -0.18906514784731382], [-0.5589047410915741, -0.13641099968565623, 0.8179349176738459], [-0.8283972703926754, 0.13609232927175624, -0.5433570100029564]], "T": [0.11339242247939751, -0.06858357024399717, -0.0782537090819284], "aligned_model": [[0.31401178021794796, -0.19740701491321055, 0.3191466853511818, 0.4136955715510209, 0.46948746550546133, -0.3215083245894528, -0.37527628077055886, 0.4138573067248019, -0.5133209719846621, -0.16791141965041917, 0.07624023493487322, 0.43091094676077324, 0.01915692552653747], [-0.37769543115213333, -0.028932755368911045, 0.3911373445631685, -0.4180983571887459, 0.3900012692302274, -0.5859132678854685, 0.41745225983727263, -0.7824262001483597, -0.17294474697482126, 0.10254212146878747, 0.7105533464782776, -0.03206835016761131, -0.07278032852849942], [0.8099746817555784, 0.588930586268249, 0.541900243205237, 0.2263741598860416, -0.07960563473140393, 0.2133439944587251, 0.07666982024342404, -0.277315788410889, -0.2157535762223201, -0.7413089568180268, -0.3158160477245018, -0.5019853182495662, 0.044701575821241346]], "inverted": false, "swapped": true, "error_lsq": 0.04659926452698165, "error_max": 0.31339196976763034, "target": "725.xyz", "model": "21.xyz", "model_rescale": 4.08911054899281, "target_rescale": 4.161232919030766},
{"mapping": [10, 12, 9, 8, 15, 5, 7, 6, 4, 13, 1, 14, 3, 2, 16], "R": [[-0.9142543447307899, -0.3037713527682977, 0.26807080851557286], [0.0053568906312800035, -0.6706794004078354, -0.7417280132173462], [0.4051052910832429, -0.6766920326898386, 0.6147988256580001]], "T": [0.010416870165895986, 0.022036008969281994, -0.07945592063618434], "aligned_model": [[-0.5505976520670619, -0.706107226235912, -0.3693109547640484, 0.4615050112973189, 0.3975255600489802, -0.06050991216542176, -0.48352885416226243, 0.03348269803677492, 0.06682939838565573, -0.45104766702458066, 0.7882248802114693, -0.26497846157082194, -0.3131055171767939, 0.43942851347608075, -0.00046674561634835014], [-0.03139795669033511, -0.10396712176623109, -0.553436557629757, 0.054110473865680145, -0.4819448875096665, -0.3701599081908709, 0.4859909935529089, 0.48975356456881886, 0.4857921920216218, 0.3572866173205613, 0.17968489872240567, -0.37334178773429977, 0.05573458475089717, 0.08538777037387975, 0.06545168234676225], [-0.6569876741983153, 0.04578758759680587, -0.2588596988249586, -0.6050534241426989, 0.2778354675828031, -0.6615906198761458, -0.2952326147145101, -0.6593458966833602, 0.43826989020227347, 0.25429170339118534, -0.0668104339080113, 0.34440301235745685, 0.7258244616983508, 0.4977696796315816, -0.06326096323906777]], "inverted": false, "swapped": false, "error_lsq": 0.04705079604915255, "error_max": 0.3758999768535001, "target": "725.xyz", "model": "22.xyz", "model_rescale": 4.204369325754507, "target_rescale": 4.161232919030766},
{"mapping": [14, 13, 11, 2, 5, 10, 12, 1, 0, 4, 6, 9, 7, 8, 15], "R": [[0.3324420871324819, -0.27720340828244816, -0.901465767036993], [-0.7206814024592103, -0.6912206120574765, -0.0532201241666484], [-0.6083589194319627, 0.6673622224125981, -0.4295661639888469]], "T": [-0.16611067475991903, 0.10807717170012175, -0.07723844992380224], "aligned_model": [[-0.67827062257429, -0.7546188323959795, -0.29199860788191767, 0.5362481162795603, 0.44544930320619325, -0.05087855539828695, -0.5073116238886891, 0.2197842300526845, 0.1826630675008088, -0.3883692554149242, 0.5726078693206836, -0.191604578919089, -0.32171574142616766, 0.3568615919726177, -0.14150328976017532], [-0.1064897793973434, -0.20499787479093562, -0.5830163073078835, -0.1809234547836278, -0.42690861699399474, -0.28594101094879615, 0.4946305488058094, 0.5507895322115732, 0.6168853828492046, 0.617686050692581, 0.19812424525054614, -0.5110285203012467, -0.011196662098119148, 0.08772870483752637, 0.0896023199770819], [-0.6170459836130835, 0.00626010714396541, -0.2377228213332923, -0.4997263782183372, 0.09896382589660294, -0.747593033227293, -0.2624341873780086, -0.378253918412531, 0.2263160574264742, 0.39769832733539257, -0.010381193259627441, 0.375605949333564, 0.5989171273956522, 0.46898321173099844, -0.1025466139470877]], "inverted": false, "swapped": false, "error_lsq": 0.043141260079405566, "error_max": 0.2531455168116926, "target": "725.xyz", "model": "23.xyz", "model_rescale": 4.410303926677745, "target_rescale": 4.161232919030766},
{"mapping": [2, 4, 3, 7, 11, 0, 5, 12, 6, 15, 13, 10, 9, 14, 16], "R": [[0.483364521447945, 0.8612201490658514, -0.1570305519585008], [-0.7304881538181814, 0.49565220264869275, 0.46980416254095064], [0.482437349856646, -0.11237770620764392, 0.8686918064600382]], "T": [-0.022195638818908008, -0.03854388719105356, 0.034133511717805536], "aligned_model": [[-0.6262246546313684, -0.6985513679638625, -0.5250544707826792, 0.5026489967825769, 0.36862018173717037, -0.055972634716870494, -0.3958114357997685, 0.12395735837919106, 0.15464077281505373, -0.2444929505720661, 0.5555035050125502, -0.31277462401315276, -0.13430360250869955, 0.34403906737414497, -0.06888107043919124], [-0.06694464837141709, -0.1048730407270069, -0.5893207386012667, -0.23128370795796158, -0.4041176653656411, -0.08363710403147256, 0.41884592011581767, 0.4577570586206084, 0.7005596304792305, 0.44686123753979107, 0.35269997347028176, -0.5540607979477048, -0.1222500905451587, 0.24538129101913247, -0.12067275969485741], [-0.6494133381757373, -0.07553756028913203, -0.4688862092681063, -0.32547789890953027, 0.372275928052993, -0.7190009566404415, -0.18221767003554656, -0.581090437247252, 0.052920833177593045, 0.5077155647002866, -0.05176505951798697, 0.30540849096030126, 0.6447439109297364, 0.5274981062851879, -0.04013322714897553]], "inverted": false, "swapped": false, "error_lsq": 0.04609024312411433, "error_max": 0.2513321162169631, "target": "725.xyz", "model": "24.xyz", "model_rescale": 4.28219845311461, "target_rescale": 4.161232919030766},
{"mapping": [6, 14, 10, 1, 9, 8, 2, 0, 4, 13, 3, 11, 12, 7, 15], "R": [[0.05926228419870385, -0.8973951958298574, -0.4372297384362648], [0.6102580850880412, 0.3791903149292868, -0.6955571684976769], [0.7899829436489306, -0.225602676325705, 0.5701143579830718]], "T": [-0.018819530160738798, 0.0011194259839620614, 0.002023941896585106], "aligned_model": [[-0.5194941111385576, -0.7682710600145598, -0.49381339675617797, 0.42896558560872233, 0.35416545091788454, -0.011652243652706836, -0.4964019066053446, -0.060203784299608834, 0.3010227110553251, -0.23605511598193535, 0.7458804648051285, -0.20217338013974778, -0.4054504786342831, 0.37247049481425676, -0.021646159305367205], [0.031664227611358786, -0.13294193067916701, -0.5425282136028696, -0.040220474231471876, -0.3022075608018612, -0.4022098802879457, 0.4811187646947789, 0.5209849567609269, 0.6529178790834927, 0.299916504087647, 0.11990801722441138, -0.48631473022396576, -0.2718193645694234, 0.3639844399727387, 0.052691922963725546], [-0.7467010503517374, 0.024263140264284076, -0.32741936050347714, -0.4536699263880119, 0.47715405760814655, -0.5629717728085422, -0.09944394925436434, -0.6253366764523518, -0.08462644931231927, 0.46726093882033215, -0.03215987225772927, 0.16097796137497067, 0.6023911849459764, 0.5683869912988369, -0.051064740110624805]], "inverted": false, "swapped": false, "error_lsq": 0.05018318764322819, "error_max": 0.2937768144947572, "target": "725.xyz", "model": "25.xyz", "model_rescale": 4.100010024507729, "target_rescale": 4.161232919030766},
{"mapping": [2, 1, 12, 9, 3, 10, 4, 8, 6, 7, 5, 14], "R": [[0.03302337059294941, -0.742463575703904, -0.6690719660452485], [-0.9259429786639779, -0.2747185573179897, 0.25915114224715], [-0.3762167689744317, 0.6109644449704874, -0.6965510675638531]], "T": [-0.00789332083480504, 0.07367711356270804, 0.06054262160390612], "aligned_model": [[-0.7038802492365213, -0.11588632362223697, 0.44154722004926267, 0.5986437069598949, -0.549160518708163, 0.13977816537414064, -0.16239963202083565, 0.5110703639467158, 0.11900355027698892, 0.0546002316060224, -0.49825628303616226, 0.041705370773900304], [-0.3854094590563737, -0.6965570758444175, -0.3745247446155223, -0.2657009272121432, 0.6617588590717807, 0.864243097955244, 0.21421413637000727, 0.39450522800672416, -0.2703465733739788, 0.40964544199638264, 0.08577839220259031, 0.02852501455034593], [0.00755670668002565, -0.12206588191042145, 0.5723910164588505, -0.06580851195333903, 0.03473875628346069, 0.19659348337480648, 0.5484739653306554, -0.16376333536829518, -0.5788698026531284, -0.5913912207189563, -0.193501529172536, -0.07916135649676592]], "inverted": true, "swapped": true, "error_lsq": 0.05082227625400129, "error_max": 0.3450037344503804, "target": "725.xyz", "model": "26.xyz", "model_rescale": 3.6694154284099745, "target_rescale": 4.161232919030766},
