[{"mapping": [7, 5, 3, 10, 9, 0, 0, 6, 8, 4, 2, 11], "R": [[0.2828069926822727, 0.7767765094323579, -0.5627063703958675], [0.9529172630990536, -0.2944459757468772, 0.07245865755228144], [-0.10940244319857911, -0.5567044294421877, -0.8234751263162903]], "T": [0.1382539567130452, 0.0436772551407648, 0.022808560348154268], "aligned_model": [[-0.7835119610695093, -0.46871407182730307, 0.6511001300713497, -0.08913669614867567, 0.21050516070265218, 0.09168254139519533, 0.09168254139519533, -0.23729598234677762, 0.44414788142532513, 0.8114075415314744, 0.3451015255428693, 0.110995529020707], [-0.019612408427708602, -0.37732108919185414, -0.27646728449210417, -0.5081607133535142, 0.10375858604903848, -0.13387162940466735, -0.13387162940466735, 0.5469341213726111, 0.5807986874788154, -0.23725442858698875, 0.525306459554334, 0.016798790003962567], [-0.18442396886935802, 0.4010102775956378, -0.30662852165981813, -0.30204478115242545, -0.5776299640873686, 0.6136544716257619, 0.6136544716257619, -0.33892235803956333, -0.12221890063234106, 0.3696372025729908, 0.6343620235151669, 0.08083253918219857]], "inverted": false, "swapped": false, "error_lsq": 0.057736499069498425, "error_max": 0.38628921031311536, "target": "726.xyz", "model": "0.xyz", "model_rescale": 3.751011558992144, "target_rescale": 3.829407405540821},
{"mapping": [2, 3, 4, 0, 8, 12, 7, 5, 10, 6, 11, 14], "R": [[-0.29718271614319464, 0.8557901104295468, -0.42344506150944494], [0.27866660491721335, -0.3464358154294389, -0.8957271621937417], [-0.9132509822221202, -0.38419462864376963, -0.1355253879965258]], "T": [0.09464182997652743, 0.0436775982810187, 0.03281146612258298], "aligned_model": [[-0.6297699970600514, -0.5241917133409364, 0.689497439456503, -0.1983543565993514, 0.058187355530745444, -0.1313573142759599, 0.20647721775045677, -0.2128379235828447, 0.631847991934601, 0.7221468716384238, 0.4804745020252408, 0.08584406621567588], [-0.08351608937982152, -0.26204573298255734, 0.04027740786371701, -0.6555999226872241, -0.013528283839907791, 0.08846873161167619, -0.41475142714570723, 0.48032584355332364, 0.6504052683257198, -0.17107256444582497, 0.3565426430738965, 0.07153158764996626], [-0.34506069831516795, 0.35989582817468324, -0.4884458719410083, 0.006952196604924174, -0.6273527638107885, 0.739135219970144, 0.49865768375776076, -0.2910412134206085, -0.0926669068556529, 0.3847284102554799, 0.6572949341609103, 0.07918567309596738]], "inverted": true, "swapped": false, "error_lsq": 0.0498597234286762, "error_max": 0.325052794780298, "target": "726.xyz", "model": "1.xyz", "model_rescale": 3.9405287249114394, "target_rescale": 3.829407405540821},
{"mapping": [1, 7, 11, 6, 5, 4, 3, 2, 9, 10, 8, 12], "R": [[-0.43800201848292625, -0.7186840996150294, 0.5400438841107427], [-0.3872500505967673, -0.3913011959356901, -0.8348178078910993], [0.811290102317096, -0.574783906368153, -0.10691974028439699]], "T": [0.015710008274014933, -0.03887932888126936, 0.021180376558042766], "aligned_model": [[-0.7646663895216288, -0.355414639443647, 0.5673319090947142, 0.010673708923736577, 0.2144957834765196, -0.28788046616772955, 0.1770896670565193, -0.22071598618334942, 0.7075896480182398, 0.7741823142023274, 0.3769367082780264, -0.0216581180412259], [0.0751542163787853, -0.6074606959941523, -0.25557062312686585, -0.5515572124597734, 0.243729962665136, 0.2141528591416065, -0.3130058277529169, 0.4800973777870809, 0.375292080128316, -0.06377563711726922, 0.45030089638828624, 0.03968006555902336], [-0.05117541572691876, 0.4309261245343064, -0.3742591897100656, -0.15907421219837153, -0.6181102336385466, 0.6004068068384668, 0.4961655836082271, -0.35156022305800433, 0.009109123247975814, 0.38940185106540626, 0.5017089901901566, 0.007743286524011158]], "inverted": false, "swapped": false, "error_lsq": 0.053859616504924455, "error_max": 0.3094819774891432, "target": "726.xyz", "model": "2.xyz", "model_rescale": 3.932901565614263, "target_rescale": 3.829407405540821},
{"mapping": [9, 12, 4, 5, 7, 10, 6, 3, 0, 2, 1, 13], "R": [[-0.10044073185149768, -0.30363465467870665, -0.9474796334820491], [-0.006137085221482735, 0.9524663052408917, -0.30458212942611873], [0.9949241154832463, -0.02477768873214839, -0.09752984451424583]], "T": [-0.012812491455372915, 0.18934070124303498, 0.04650964447576482], "aligned_model": [[-0.5742286608545764, -0.4076564601932031, 0.6560077675522022, -0.07945456635715939, -0.04958742783855993, -0.24149025982168443, 0.17784068233655692, 0.008688741570210864, 0.5867823856575383, 0.7469090441259846, 0.4054411856054747, -0.05128829209028114], [-0.16342709282657258, -0.38792179603119875, -0.23884593411339838, -0.5103738159545907, 0.027832478045228842, 0.05718146872386182, -0.3495212428978823, 0.6675591791334036, 0.4514760442583458, -0.05128858545845802, 0.492316372555959, 0.09205038616255781], [-0.26997054067526954, 0.3530974129069429, -0.317581101054731, -0.10434828183354534, -0.6479723533043379, 0.7123818963500858, 0.4206372071619343, -0.13105798338420732, -0.09743956332061458, 0.2896569001331841, 0.5775823561920765, 0.09629654250512541]], "inverted": false, "swapped": false, "error_lsq": 0.04683959042730996, "error_max": 0.3166930914614267, "target": "726.xyz", "model": "3.xyz", "model_rescale": 3.9243930471874484, "target_rescale": 3.829407405540821},
{"mapping": [2, 4, 9, 8, 1, 3, 10, 0, 5, 11, 6, 12], "R": [[-0.8671401996881561, 0.1936856870390003, 0.4588613393183343], [-0.36531054319694173, -0.8735607737666177, -0.321620555259492], [0.33854996841521107, -0.4465169976299884, 0.8282550873454149]], "T": [0.13105120720423877, -0.097380528747559, 0.07321134924476566], "aligned_model": [[-0.7288021930464822, -0.39633631938435443, 0.6463083886458012, 0.10861403778167295, 0.10296507093930471, -0.2748300677788341, 0.21939552624543343, -0.26334586116324654, 0.36620956527927595, 0.8925543693149581, 0.3654028489727258, 0.13982877388624773], [0.19015319735192937, -0.3543004319906687, -0.4137725009250333, -0.7122054509129606, 0.13727980499491504, 0.22222056829919562, -0.4887507722248471, 0.6143255079576749, 0.6034793546743304, -0.11089358668038464, 0.38594198589682144, 0.01355978515628442], [-0.09764232132217324, 0.16388565407470865, -0.2902354125944616, -0.060292423843632204, -0.6008109031327526, 0.5045683936398935, 0.6529978041853656, -0.1742716262122411, -0.09146733854509745, 0.2878375656028742, 0.5559070811245475, 0.030806018699612484]], "inverted": false, "swapped": false, "error_lsq": 0.05044944770417514, "error_max": 0.250696649826082, "target": "726.xyz", "model": "4.xyz", "model_rescale": 3.8936222436046832, "target_rescale": 3.829407405540821},
{"mapping": [4, 5, 8, 7, 10, 1, 6, 2, 3, 9, 0, 11], "R": [[-0.9257297518374588, 0.3731131400046772, -0.06173338901119253], [-0.0066240876088766165, 0.1472135316856149, 0.989082553456484], [0.3781276874632523, 0.9160320741352339, -0.1338084120270262]], "T": [0.16484712327632797, -0.027651566819735345, 0.02176976257729682], "aligned_model": [[-0.5989558159584036, -0.4852955266908193, 0.7875444988198202, 0.06487100438933827, 0.017065852632531547, -0.13915785434548752, 0.108093532141779, -0.17710089478378196, 0.5113275811799481, 0.6539220125224166, 0.42548365105108543, 0.010166098734076368], [0.08209930598866755, -0.41826798557582595, -0.18980987737724597, -0.6054241761973407, 0.06337398283950235, 0.22059569399888446, -0.6554574676212218, 0.6250005947594508, 0.3992745400035208, -0.07333577166506713, 0.7001806716961911, -0.06119204925225887], [-0.16580532862894368, 0.307958869880012, -0.3412942636483879, -0.25378624786947745, -0.5859657430838445, 0.7211001839363707, 0.508850257895968, -0.09770899643409037, -0.1454648747584658, 0.3969425893622781, 0.4519408238348326, 0.08451522119039176]], "inverted": true, "swapped": false, "error_lsq": 0.04476260173000293, "error_max": 0.2659824220594899, "target": "726.xyz", "model": "5.xyz", "model_rescale": 3.6523030999806103, "target_rescale": 3.829407405540821},
{"mapping": [0, 3, 6, 2, 1, 7, 4, 5, 8, 10, 9, 12], "R": [[0.48845717161284535, -0.7374908507355938, 0.4663870030149526], [0.6393893532038383, 0.666220357417274, 0.38383810437784466], [-0.5937936059857474, 0.11071440937876897, 0.7969639095005203]], "T": [0.16843256961297653, 0.029445925774150866, 0.12221706648905879], "aligned_model": [[-0.7618308458341694, -0.4638250774414278, 0.6782067549310826, 0.17296015335802564, -0.07072442948615429, -0.28449428527593407, 0.1649140599933479, -0.1858436877186, 0.4715848919106888, 0.8347640760928194, 0.5547235623903254, 0.06752896677249876], [0.050340275644462834, -0.23687031794774446, -0.050906478121551746, -0.6746572236237272, -0.15326235171089464, 0.28609965425345296, -0.47982699285008024, 0.5573768773986186, 0.5762880142795225, -0.27104966405159037, 0.4242142298153294, 0.05929143851145902], [-0.22611773585317757, 0.2316091549555837, -0.27312864708774537, -0.16138457349657148, -0.5037194168012096, 0.564714735946533, 0.386338849712123, -0.12207942099031276, -0.12831337555557215, 0.39493993981393444, 0.5886933576381199, 0.12972962339493832]], "inverted": true, "swapped": false, "error_lsq": 0.046515363330154824, "error_max": 0.25266784059375214, "target": "726.xyz", "model": "6.xyz", "model_rescale": 4.08911054899281, "target_rescale": 3.829407405540821},
{"mapping": [3, 9, 5, 8, 4, 1, 11, 6, 7, 12, 13, 14], "R": [[-0.3291423141460748, -0.8790702066974031, -0.3448201106889679], [-0.7785204435944338, 0.04596850436108896, 0.625933555189631], [-0.5343886749773923, 0.47447072439065185, -0.6995043071719556]], "T": [0.11379102751693926, 0.0244746614277131, 0.0878386620076419], "aligned_model": [[-0.5531115383616054, -0.5135354996712758, 0.6647323824719037, -0.15030370068880788, 0.05243103863377635, -0.2681123441017741, 0.23163767296034152, -0.09707495504013025, 0.5195131666466075, 0.7784774740175998, 0.5050870344228952, 0.008223408402972199], [0.04260661582618991, -0.35298947451859125, -0.0036952540830557067, -0.5490073368094601, -0.12377707630638607, 0.21603832715038307, -0.3473927582773463, 0.40013640355358654, 0.6525062040934877, -0.11288696856756847, 0.3202711868873745, -0.054772407351357216], [-0.33802943508355676, 0.3680877695317768, -0.4376813745693018, -0.17007866101819774, -0.5985328581804652, 0.6839923633100387, 0.5264248602364451, -0.1642659975222267, -0.11279755549643802, 0.30538320561782134, 0.6312412502026832, 0.18753892464806426]], "inverted": true, "swapped": false, "error_lsq": 0.048855359223137156, "error_max": 0.27179623229667793, "target": "726.xyz", "model": "7.xyz", "model_rescale": 3.964800864290218, "target_rescale": 3.829407405540821},
{"mapping": [10, 11, 0, 6, 3, 12, 4, 8, 1, 2, 7, 13], "R": [[-0.2939889442975001, 0.11333050311353143, 0.9490662240828485], [-0.44678441318223416, 0.8614937399233324, -0.24127209579708228], [-0.844958098823988, -0.49495932472976367, -0.2026353327897391]], "T": [0.08519656092927072, 0.023202382679390458, 0.019838909616964023], "aligned_model": [[-0.6561451938203402, -0.4905141827988092, 0.662668141225392, 0.031920900371482125, 0.14469298802968866, -0.11705238592341502, 0.18844048197955565, -0.23839534118988195, 0.5882801824802952, 0.6675711378580174, 0.3628101938800745, 0.033687217600443825], [0.10059316767169044, -0.46428604309049515, -0.17237679467551503, -0.5443097525750817, -0.2427113632646225, 0.15850972204283453, -0.5133695652371193, 0.7184865382571954, 0.5655847762472324, -0.11236403887802576, 0.5118733479112992, 0.08140746718786405], [-0.32593136393221656, 0.3634164100301024, -0.35623918314865044, -0.0878527962362704, -0.6522568801204175, 0.735004781775259, 0.4631498980766312, 0.07392962316973803, -0.10605032760019864, 0.3045674210928475, 0.4568566706986892, 0.012688237871129718]], "inverted": true, "swapped": false, "error_lsq": 0.04962773703225948, "error_max": 0.34131346091272713, "target": "726.xyz", "model": "8.xyz", "model_rescale": 4.121658175737393, "target_rescale": 3.829407405540821},
{"mapping": [4, 9, 10, 5, 0, 6, 7, 1, 2, 11, 8, 12], "R": [[-0.510847945096803, -0.8587622765630782, -0.03951872141875684], [-0.40156758441662965, 0.19772777131677366, 0.8942299500664775], [-0.7601169989785566, 0.47268496993484066, -0.4458599186533053]], "T": [0.1927666778597367, -0.0015104718190225826, 0.09085817075182756], "aligned_model": [[-0.6131167388818517, -0.4785733380274467, 0.6392351637199177, 0.037828812707370985, 0.034483135908253776, -0.2254915575393974, 0.27034269972680236, -0.1997605235873217, 0.39752094890281503, 0.7721131359668821, 0.4048782063109719, 0.13850419448550608], [-0.032328228137914056, -0.3262691215083813, -0.4025073438532848, -0.5213720066222286, 0.11556409844963039, 0.3039111936013339, -0.46451073675823634, 0.4986777916555984, 0.6482474580981408, -0.15439968561500267, 0.362955180075711, 0.059068862211889776], [-0.28026189369510823, 0.46102599695433255, -0.3742743161245677, -0.20487168714192455, -0.6707612279414972, 0.5512489883260181, 0.5754442062612133, -0.17497225060719296, -0.04418542168508208, 0.300654844550667, 0.6847662661793333, 0.05746898660045133]], "inverted": true, "swapped": false, "error_lsq": 0.04431633364366213, "error_max": 0.2591682886381728, "target": "726.xyz", "model": "9.xyz", "model_rescale": 3.833441315466971, "target_rescale": 3.829407405540821},
{"mapping": [10, 13, 6, 1, 12, 2, 5, 11, 7, 4, 3, 14], "R": [[0.43560833579750063, -0.3836686181282045, 0.8142749960838328], [-0.26137480971663474, -0.9195503185057283, -0.293445771108746], [0.8613527654969971, -0.08500354815893012, -0.5008450959838455]], "T": [0.034800193354071265, 0.0359190984493176, 0.017284381356864942], "aligned_model": [[-0.7177789349072873, -0.4569655927935318, 0.6146422754834877, 0.13354324449926386, 0.08204316329560875, -0.09041623831336863, 0.10253250453502213, -0.10934492068295494, 0.2838764929283754, 0.7472526399233332, 0.5362662859200042, 0.05231321980455], [0.12645077086273576, -0.33476974576885565, -0.17654565177123469, -0.6399483244996218, -0.07330110570300877, 0.09059968306486785, -0.469543825024342, 0.551100497620943, 0.6525021345924243, -0.16678275764981612, 0.42731162473728795, 0.09996416113587703], [-0.3008080824257169, 0.5236861326981094, -0.2653310070253972, -0.26389522202987087, -0.573358578566302, 0.7229621646504936, 0.46153067394978997, -0.40597368778108966, -0.023950716711842138, 0.3126418749162424, 0.6086095864007626, 0.0851693536014643]], "inverted": true, "swapped": false, "error_lsq": 0.04674449243518596, "error_max": 0.2584046362060895, "target": "726.xyz", "model": "10.xyz", "model_rescale": 4.2482417240324, "target_rescale": 3.829407405540821},
{"mapping": [2, 3, 0, 1, 6, 7, 8, 5, 4, 10, 9, 11], "R": [[-0.8797454809740549, 0.10584829261452006, -0.4635127049567466], [0.024294592360230086, 0.9836374798568303, 0.17851353170825585], [0.4748238215251836, 0.14578562059234496, -0.8679221689418503]], "T": [0.0664584555926121, -0.04063177922985449, 0.03877545752909787], "aligned_model": [[-0.6008951741282739, -0.49478595356547717, 0.6508844270340632, 0.037496762711451824, 0.021959536894611942, -0.26407896180282187, 0.1674637575654414, -0.08981636947308663, 0.5467154947627797, 0.646944716508295, 0.42622969441510894, 0.1298462087704103], [-0.14467178853729032, -0.4293668350641914, -0.36238641521448134, -0.7043728201454764, 0.20720855990498444, 0.2461293562681134, -0.4444426592822943, 0.6900354135247609, 0.6282136355473339, -0.08890885932299061, 0.42616433533109954, 0.06343553858768876], [-0.26383335884336834, 0.4769094507389467, -0.3200555807897308, -0.20154850030262966, -0.5587838706344019, 0.5555629511517907, 0.4899877480082755, -0.03796959315369813, -0.25760026295299737, 0.3139252112275212, 0.6149498627970069, 0.06973843442992869]], "inverted": false, "swapped": false, "error_lsq": 0.049320332489314916, "error_max": 0.28445000788104535, "target": "726.xyz", "model": "11.xyz", "model_rescale": 3.6694154284099745, "target_rescale": 3.829407405540821},
{"mapping": [7, 6, 1, 0, 12, 11, 4, 10, 2, 3, 8, 13], "R": [[0.3111615397879782, 0.6898782895947368, -0.6536409118947618], [-0.19514973941448427, 0.7195102010662137, 0.6664995497133637], [0.9301048733144205, -0.07983117252989574, 0.3585134704990438]], "T": [-0.05169802905083008, 0.01597347694891698, 0.03847951667529843], "aligned_model": [[-0.7251607748678129, -0.40787975490453354, 0.7138336494389036, 0.058452524405694, 0.022429694529501665, -0.20839348761096155, 0.33391970215797784, -0.1412741807374009, 0.4829946397548537, 0.7302258432956494, 0.3127119150182741, 0.0061043692123569915], [0.3020371130860919, -0.3672511789437439, -0.2321951828985297, -0.6601938301034859, 0.06835666261550002, 0.05551282866531739, -0.44265603448694896, 0.5759215384737669, 0.35131259605046233, 0.010125692290864179, 0.5147330648482206, -0.08866580800025814], [-0.09106138244992978, 0.2532544564087298, -0.2239077154831582, -0.1649965086254277, -0.6349665336677913, 0.7588348608211941, 0.472802652563502, -0.24781241257180758, -0.12874786899454993, 0.39877073482056624, 0.4755631670823565, 0.013549041772959472]], "inverted": false, "swapped": false, "error_lsq": 0.04827528424468345, "error_max": 0.270596073013857, "target": "726.xyz", "model": "12.xyz", "model_rescale": 3.9764082729961374, "target_rescale": 3.829407405540821},
{"mapping": [14, 3, 5, 4, 6, 8, 7, 13, 12, 0, 1, 15], "R": [[0.3176430735232568, -0.5153431835996781, -0.7959423854526453], [0.12270779508714552, -0.8100161252889742, 0.573425386425024], [-0.9402370312147623, -0.2798129373156028, -0.19405938586748284]], "T": [0.14506032287700782, 0.1113867821640443, 0.10861995316609206], "aligned_model": [[-0.5811732314171596, -0.5515466028318607, 0.7387678354856746, 0.25417143271887543, -0.07648587698346634, -0.20260499252177983, 0.1375619697233389, -0.107814285454581, 0.39184128417900127, 0.6667166901034898, 0.4204009933438275, 0.08812892334714265], [0.08105283264606644, -0.2486446512707718, -0.11939429778507249, -0.5563906092825138, -0.06894061406545321, 0.1979079582671594, -0.5423441963186367, 0.4973154539247286, 0.6854730569554774, -0.34344001768517324, 0.48360994783274863, 0.020832598378697165], [-0.22375440760647225, 0.41449509976502985, -0.43642627280402435, -0.13227803968800828, -0.599940642122486, 0.7179603762490713, 0.48758338332136386, -0.29336765729109415, -0.02075408280414108, 0.32797161186337875, 0.5433152583943012, 0.09647786439972456]], "inverted": false, "swapped": false, "error_lsq": 0.05044743100340321, "error_max": 0.28352722080191484, "target": "726.xyz", "model": "13.xyz", "model_rescale": 4.170626492500431, "target_rescale": 3.829407405540821},
{"mapping": [1, 9, 6, 3, 2, 10, 11, 0, 4, 5, 12, 13], "R": [[0.28784393032003724, -0.9488619591063596, 0.12964125245752145], [-0.9140909904795365, -0.23184002057496772, 0.3326978599028533], [-0.2856283125007981, -0.2142689604694058, -0.9340799107556625]], "T": [0.02455047162026598, 0.13525693167844785, 0.03500326642340785], "aligned_model": [[-0.7075568770364151, -0.4590005934316376, 0.6642920115452768, -0.06824034611188728, 0.18438478253584223, -0.1480877664573192, 0.20104525552583208, -0.3459108232780162, 0.5033257642573545, 0.8164918000691247, 0.4479146754098287, 0.08930625666451941], [-0.052671506695966125, -0.3414260036696255, -0.37156805496381673, -0.4688533257920512, 0.1944225028103474, 0.2106659810399059, -0.4516894951826471, 0.4167383587111694, 0.6399194859057532, -0.1272634776945243, 0.37358064205084324, 0.06518235507786858], [-0.10469713439342904, 0.4768835500964776, -0.1683399460021156, -0.2842368710803354, -0.6005158878773285, 0.5668282554965967, 0.3871440541493773, -0.33833979531176506, -0.1033913003560106, 0.39712451036462, 0.5824251158321951, 0.07039794075836109]], "inverted": true, "swapped": false, "error_lsq": 0.04612204423463758, "error_max": 0.25332118087033567, "target": "726.xyz", "model": "14.xyz", "model_rescale": 3.9786697098870705, "target_rescale": 3.829407405540821},
{"mapping": [3, 2, 7, 5, 8, 0, 4, 9, 6, 10, 1, 11], "R": [[0.7098373505342841, -0.5210438847408463, -0.4739664607972123], [0.48676444091230375, 0.849237978686056, -0.2045855190881161], [0.509108352759803, -0.08548757647394886, 0.8564464720102539]], "T": [0.1395488091740293, 0.033695446452477254, 0.06957394757861898], "aligned_model": [[-0.7231680726561944, -0.547497862259217, 0.6436422079144852, 0.15842016745864015, -0.12078546543939506, -0.32296675908746075, 0.17047474968921447, -0.13490287214520247, 0.5375220677117436, 0.8701690044761263, 0.48857494021673026, 0.15848203381303316], [0.22085181781459856, -0.4675713464100364, -0.057769729914987814, -0.7237651125664415, -0.22177079138316114, 0.26801734807001626, -0.41290798064586853, 0.5068215221111606, 0.6960351795602816, -0.20979082019170575, 0.3594283286243039, 0.12945904652909673], [-0.18702166182722565, 0.2443477726007299, -0.34803827955207767, -0.19605165566246222, -0.3035094114842073, 0.5332313443888441, 0.4873103419691619, -0.2274820390671395, -0.10443482875025448, 0.3845811803039806, 0.5520166289551117, 0.046333099802182226]], "inverted": true, "swapped": false, "error_lsq": 0.058816227630734685, "error_max": 0.44086962755232056, "target": "726.xyz", "model": "15.xyz", "model_rescale": 3.769337070930944, "target_rescale": 3.829407405540821},
{"mapping": [5, 10, 0, 7, 1, 6, 3, 9, 4, 8, 11], "R": [[0.1386026311363755, -0.9857067081482689, -0.09576845072140233], [-0.7065536101178307, -0.03066061520065433, -0.7069949948231444], [0.6939533894084922, 0.16565691107533445, -0.7007042750985929]], "T": [0.023976979518222932, 0.15589965056467983, 0.021886137595266218], "aligned_model": [[-0.23332674219242783, -0.4583194131656999, -0.13191980512334472, -0.5125153091259617, 0.3371208881286908, 0.4728718621167808, 0.6221713601194166, 0.22702011860093024, 0.04776645553866411, -0.4844935462099315, 0.03625026200405401], [-0.1808449550288783, -0.6078739556103309, 0.8596044802457125, 0.4050684265251492, 0.2320216981822388, -0.26585975067448697, 0.2723047695581406, -0.6421585730044752, 0.5593539141473477, -0.16188571719804937, 0.12633416048297424], [-0.44751639546784366, -0.02097186939936472, -0.3579183439340629, 0.14180422926652486, -0.6292294079565476, -0.26073856295385184, -0.015704712545288137, 0.2962075406213737, 0.4909645622727188, 0.5560874990554362, -0.008766931735317694]], "inverted": false, "swapped": true, "error_lsq": 0.0521147391653771, "error_max": 0.27509451587743017, "target": "726.xyz", "model": "16.xyz", "model_rescale": 3.7852294659196426, "target_rescale": 3.829407405540821},
{"mapping": [3, 1, 11, 2, 8, 4, 7, 0, 9, 6, 10, 12], "R": [[0.3396499368273004, 0.889641109442092, 0.3052484509442346], [0.0071560112200504955, 0.32208816067615953, -0.9466826333337203], [-0.9405247003224475, 0.32372505794716055, 0.10303094166549318]], "T": [0.02884039834250285, -0.021012953191112134, 0.09055333272374398], "aligned_model": [[-0.6880864250961142, -0.4696413873949563, 0.6317279858528067, -0.07420134153435062, 0.12642307220978982, -0.2672023661296686, 0.34175424738251, -0.27821484430165944, 0.46550074463347535, 0.7109868219988187, 0.5722862728219736, 0.10663135924987811], [-0.029024844000439233, -0.42229745501474514, -0.2683464125707914, -0.553089705267027, 0.12367551830200757, 0.3449913547773043, -0.6063033920857015, 0.5792249736277533, 0.6070860824753191, -0.17470155134857063, 0.4593816951290596, 0.026441197573087598], [-0.2536081273533972, 0.3449954914381008, -0.24602472825254684, -0.19293167706295572, -0.5369407144435299, 0.6198795206663295, 0.3162678213902186, -0.015175872851851097, -0.31203967377759634, 0.6368584740058649, 0.4414701870578185, 0.07853179086018838]], "inverted": false, "swapped": false, "error_lsq": 0.055492217572244984, "error_max": 0.2964800853704211, "target": "726.xyz", "model": "17.xyz", "model_rescale": 3.901054581598922, "target_rescale": 3.829407405540821},
{"mapping": [2, 3, 4, 0, 8, 12, 7, 5, 10, 6, 11, 14], "R": [[-0.29718271614319464, 0.8557901104295468, -0.42344506150944494], [0.27866660491721335, -0.3464358154294389, -0.8957271621937417], [-0.9132509822221202, -0.38419462864376963, -0.1355253879965258]], "T": [0.09464182997652743, 0.0436775982810187, 0.03281146612258298], "aligned_model": [[-0.6297699970600514, -0.5241917133409364, 0.689497439456503, -0.1983543565993514, 0.058187355530745444, -0.1313573142759599, 0.20647721775045677, -0.2128379235828447, 0.631847991934601, 0.7221468716384238, 0.4804745020252408, 0.08584406621567588], [-0.08351608937982152, -0.26204573298255734, 0.04027740786371701, -0.6555999226872241, -0.013528283839907791, 0.08846873161167619, -0.41475142714570723, 0.48032584355332364, 0.6504052683257198, -0.17107256444582497, 0.3565426430738965, 0.07153158764996626], [-0.34506069831516795, 0.35989582817468324, -0.4884458719410083, 0.006952196604924174, -0.6273527638107885, 0.739135219970144, 0.49865768375776076, -0.2910412134206085, -0.0926669068556529, 0.3847284102554799, 0.6572949341609103, 0.07918567309596738]], "inverted": true, "swapped": false, "error_lsq": 0.0498597234286762, "error_max": 0.325052794780298, "target": "726.xyz", "model": "18.xyz", "model_rescale": 3.9405287249114394, "target_rescale": 3.829407405540821},
{"mapping": [3, 14, 5, 11, 2, 12, 13, 1, 0, 7, 4, 15], "R": [[-0.2999351695969805, 0.6912362313543319, -0.6574430519078373], [-0.6134648907558693, -0.6675326415722133, -0.42197274822612935], [-0.7305475493413963, 0.27675376221233866, 0.6242656752157661]], "T": [0.15021426040322172, 0.012158206641587909, 0.10254864425382623], "aligned_model": [[-0.6624019834454113, -0.45545109562024133, 0.6189516552342896, 0.12027685122752729, 0.0360603529400948, -0.21174106588382474, 0.12116802491213585, -0.11263856707846254, 0.421140534598335, 0.7566053914337236, 0.40761744136967965, 0.13837660000465718], [0.2066112646290372, -0.43050162982561796, -0.2429499646545763, -0.690780637245325, -0.04759755560682456, 0.2265737736993682, -0.4813862516595894, 0.5287946246408093, 0.6424687745817204, -0.08084621078445729, 0.4554632510036789, 0.0011880228190334248], [-0.06259203319008422, 0.29480032244671966, -0.5349995644204496, -0.05299535333718777, -0.756941563544993, 0.45348078667614833, 0.5574112930347092, -0.2129107456226779, 0.05803123361828885, 0.44789705309355643, 0.6239786670637443, 0.06612239585886986]], "inverted": false, "swapped": false, "error_lsq": 0.04775000970679194, "error_max": 0.2954992280949656, "target": "726.xyz", "model": "19.xyz", "model_rescale": 4.410303926677745, "target_rescale": 3.829407405540821},
{"mapping": [10, 11, 0, 6, 3, 12, 4, 8, 1, 2, 7, 13], "R": [[-0.2939889442975001, 0.11333050311353143, 0.9490662240828485], [-0.44678441318223416, 0.8614937399233324, -0.24127209579708228], [-0.844958098823988, -0.49495932472976367, -0.2026353327897391]], "T": [0.08519656092927072, 0.023202382679390458, 0.019838909616964023], "aligned_model": [[-0.6561451938203402, -0.4905141827988092, 0.662668141225392, 0.031920900371482125, 0.14469298802968866, -0.11705238592341502, 0.18844048197955565, -0.23839534118988195, 0.5882801824802952, 0.6675711378580174, 0.3628101938800745, 0.033687217600443825], [0.10059316767169044, -0.46428604309049515, -0.17237679467551503, -0.5443097525750817, -0.2427113632646225, 0.15850972204283453, -0.5133695652371193, 0.7184865382571954, 0.5655847762472324, -0.11236403887802576, 0.5118733479112992, 0.08140746718786405], [-0.32593136393221656, 0.3634164100301024, -0.35623918314865044, -0.0878527962362704, -0.6522568801204175, 0.735004781775259, 0.4631498980766312, 0.07392962316973803, -0.10605032760019864, 0.3045674210928475, 0.4568566706986892, 0.012688237871129718]], "inverted": true, "swapped": false, "error_lsq": 0.04962773703225948, "error_max": 0.34131346091272713, "target": "726.xyz", "model": "20.xyz", "model_rescale": 4.121658175737393, "target_rescale": 3.829407405540821},
{"mapping": [0, 3, 6, 2, 1, 7, 4, 5, 8, 10, 9, 12], "R": [[0.48845717161284535, -0.7374908507355938, 0.4663870030149526], [0.6393893532038383, 0.666220357417274, 0.38383810437784466], [-0.5937936059857474, 0.11071440937876897, 0.7969639095005203]], "T": [0.16843256961297653, 0.029445925774150866, 0.12221706648905879], "aligned_model": [[-0.7618308458341694, -0.4638250774414278, 0.6782067549310826, 0.17296015335802564, -0.07072442948615429, -0.28449428527593407, 0.1649140599933479, -0.1858436877186, 0.4715848919106888, 0.8347640760928194, 0.5547235623903254, 0.06752896677249876], [0.050340275644462834, -0.23687031794774446, -0.050906478121551746, -0.6746572236237272, -0.15326235171089464, 0.28609965425345296, -0.47982699285008024, 0.5573768773986186, 0.5762880142795225, -0.27104966405159037, 0.4242142298153294, 0.05929143851145902], [-0.22611773585317757, 0.2316091549555837, -0.27312864708774537, -0.16138457349657148, -0.5037194168012096, 0.564714735946533, 0.386338849712123, -0.12207942099031276, -0.12831337555557215, 0.39493993981393444, 0.5886933576381199, 0.12972962339493832]], "inverted": true, "swapped": false, "error_lsq": 0.046515363330154824, "error_max": 0.25266784059375214, "target": "726.xyz", "model": "21.xyz", "model_rescale": 4.08911054899281, "target_rescale": 3.829407405540821},
{"mapping": [15, 11, 0, 1, 2, 5, 8, 14, 13, 6, 10, 16], "R": [[-0.21044401217523684, 0.3442259788322416, 0.9149982476685812], [-0.9626151128218877, -0.23624253669972364, -0.13252021891237759], [0.17054460503485147, -0.9086792279735822, 0.38107295671936825]], "T": [0.11650363247123201, 0.13619292880197464, 0.03759065631045414], "aligned_model": [[-0.5587158074353754, -0.42410559259243047, 0.7569734683775565, -0.0021214318205830113, -0.10976177127371502, -0.07478511658936572, 0.12387879569438269, -0.2553881268642015, 0.4939769197757755, 0.6764552711261193, 0.39584820176385227, 0.15570932953048755], [0.01959290349493123, -0.33128909676748536, -0.20503146526414306, -0.6122448132232743, -0.09300812921327256, 0.1184770234142616, -0.44897531377773614, 0.6200726542578702, 0.5786827159488543, -0.18328765037929606, 0.48375955711002333, 0.14028907599652296], [-0.21138757559903948, 0.311625785087749, -0.23341432587181318, -0.19856061237118802, -0.6085708339116731, 0.7164307075208207, 0.4094585803153054, -0.16085207240034247, -0.27617146962326805, 0.4116901757502352, 0.710122781720261, 0.010911351059596057]], "inverted": true, "swapped": false, "error_lsq": 0.043462538417805584, "error_max": 0.2291495941429724, "target": "726.xyz", "model": "22.xyz", "model_rescale": 4.204369325754507, "target_rescale": 3.829407405540821},
{"mapping": [3, 14, 5, 11, 2, 12, 13, 1, 0, 7, 4, 15], "R": [[-0.2999351695969805, 0.6912362313543319, -0.6574430519078373], [-0.6134648907558693, -0.6675326415722133, -0.42197274822612935], [-0.7305475493413963, 0.27675376221233866, 0.6242656752157661]], "T": [0.15021426040322172, 0.012158206641587909, 0.10254864425382623], "aligned_model": [[-0.6624019834454113, -0.45545109562024133, 0.6189516552342896, 0.12027685122752729, 0.0360603529400948, -0.21174106588382474, 0.12116802491213585, -0.11263856707846254, 0.421140534598335, 0.7566053914337236, 0.40761744136967965, 0.13837660000465718], [0.2066112646290372, -0.43050162982561796, -0.2429499646545763, -0.690780637245325, -0.04759755560682456, 0.2265737736993682, -0.4813862516595894, 0.5287946246408093, 0.6424687745817204, -0.08084621078445729, 0.4554632510036789, 0.0011880228190334248], [-0.06259203319008422, 0.29480032244671966, -0.5349995644204496, -0.05299535333718777, -0.756941563544993, 0.45348078667614833, 0.5574112930347092, -0.2129107456226779, 0.05803123361828885, 0.44789705309355643, 0.6239786670637443, 0.06612239585886986]], "inverted": false, "swapped": false, "error_lsq": 0.04775000970679194, "error_max": 0.2954992280949656, "target": "726.xyz", "model": "23.xyz", "model_rescale": 4.410303926677745, "target_rescale": 3.829407405540821},
{"mapping": [1, 3, 15, 10, 11, 0, 4, 7, 13, 5, 12, 16], "R": [[-0.5253043729516041, 0.3021685339638509, 0.7954555253689922], [-0.01935111418651181, 0.930340379698713, -0.36618617161465206], [-0.8506943341398617, -0.2077521479652904, -0.4828645719848844]], "T": [0.21831054937748012, -0.021648223413323453, -0.053373460988501154], "aligned_model": [[-0.6349970090352037, -0.42475387948538496, 0.8761843294389331, -0.10541764986581015, -0.023206018169377257, -0.12257453708096966, 0.19408005478414944, -0.16393329906347048, 0.4700695775465406, 0.5902411898974239, 0.4029080055101658, 0.11936337521550626], [0.04587110481986753, -0.3984756575723228, -0.267857122308806, -0.541964539009562, 0.053376902702935755, 0.2613341456692488, -0.5688650601862335, 0.5210468472628524, 0.6247781172597608, -0.10683548395775956, 0.5187511416083761, -0.05412293469110117], [-0.11372825069950993, 0.45033301090806255, -0.17945858480205168, -0.273043511324606, -0.6336858464003469, 0.5582670769950417, 0.36358096059156, -0.08946497349670504, -0.16711440193991345, 0.4466393015599075, 0.5123721888022706, 0.0065855214829338565]], "inverted": false, "swapped": false, "error_lsq": 0.03995657589622974, "error_max": 0.21520993869315744, "target": "726.xyz", "model": "24.xyz", "model_rescale": 4.28219845311461, "target_rescale": 3.829407405540821},
{"mapping": [9, 5, 0, 1, 4, 11, 8, 13, 2, 6, 14, 15], "R": [[0.2825336328948733, -0.8361359109129601, 0.4701611263864541], [-0.7095154194102199, -0.5120071990269341, -0.48418642872733764], [0.6455715420481023, -0.19678761807173703, -0.7379105755247632]], "T": [-0.027472898058404513, 0.08185575946979697, 0.024642753360441923], "aligned_model": [[-0.7030084644659239, -0.4389707576304098, 0.6674929876483336, 0.011404354810153602, 0.15926839312231084, -0.2624885592133248, 0.16239568252678455, -0.08086407224502697, 0.5360811547102335, 0.7771132097601909, 0.3150074434122916, 0.03453276725689028], [0.10171445784923112, -0.5571953773402639, -0.193511988873587, -0.5404327236899659, 0.007410412829257987, 0.17029048421600246, -0.447145136422722, 0.6407348095729787, 0.44852405174368937, -0.1341460290209009, 0.5304649118782541, 0.06032958885528257], [0.01319659697429907, 0.4087831404893774, -0.3020821965774985, -0.12069479093829358, -0.6783751365665791, 0.5077824947599391, 0.4321400308731901, -0.16957374133489417, -0.10474510324484332, 0.36841819959702965, 0.536112859012874, -0.009679861367956781]], "inverted": true, "swapped": false, "error_lsq": 0.03917635566685541, "error_max": 0.24514994979343363, "target": "726.xyz", "model": "25.xyz", "model_rescale": 4.100010024507729, "target_rescale": 3.829407405540821},
{"mapping": [2, 3, 0, 1, 6, 7, 8, 5, 4, 10, 9, 11], "R": [[-0.8797454809740549, 0.10584829261452006, -0.4635127049567466], [0.024294592360230086, 0.9836374798568303, 0.17851353170825585], [0.4748238215251836, 0.14578562059234496, -0.8679221689418503]], "T": [0.0664584555926121, -0.04063177922985449, 0.03877545752909787], "aligned_model": [[-0.6008951741282739, -0.49478595356547717, 0.6508844270340632, 0.037496762711451824, 0.021959536894611942, -0.26407896180282187, 0.1674637575654414, -0.08981636947308663, 0.5467154947627797, 0.646944716508295, 0.42622969441510894, 0.1298462087704103], [-0.14467178853729032, -0.4293668350641914, -0.36238641521448134, -0.7043728201454764, 0.20720855990498444, 0.2461293562681134, -0.4444426592822943, 0.6900354135247609, 0.6282136355473339, -0.08890885932299061, 0.42616433533109954, 0.06343553858768876], [-0.26383335884336834, 0.4769094507389467, -0.3200555807897308, -0.20154850030262966, -0.5587838706344019, 0.5555629511517907, 0.4899877480082755, -0.03796959315369813, -0.25760026295299737, 0.3139252112275212, 0.6149498627970069, 0.06973843442992869]], "inverted": false, "swapped": false, "error_lsq": 0.049320332489314916, "error_max": 0.28445000788104535, "target": "726.xyz", "model": "26.xyz", "model_rescale": 3.6694154284099745, "target_rescale": 3.829407405540821},
{"mapping": [5, 0, 10, 4, 8, 6, 2, 7, 9, 11, 12, 13], "R": [[-0.2242682618972337, -0.03675537535794099, -0.9738340665061429], [-0.9577866625176324, -0.17611339140232818, 0.22721967888390615], [-0.179856764701606, 0.9836834428570339, 0.0042928358929622545]], "T": [0.034843054703161486, 0.08006713599185224, 0.042487570254735756], "aligned_model": [[-0.7120826980595901, -0.3959918528620958, 0.4908190318014112, 0.028220972040932463, 0.07573421321566165, -0.12974686763653479, 0.1983813337604759, -0.24463592401576625, 0.527740524777047, 0.8077574151865268, 0.4847131046377017, 0.04705488684673322], [0.028661360203673117, -0.3888118991927282, -0.22430685723134214, -0.6786523808415338, 0.019944993139366103, 0.23718589059690165, -0.36816950654115105, 0.5922234686867428, 0.49875134913118846, -0.052210982575566375, 0.38134576211085136, 0.04107626411085418], [-0.21332068957391465, 0.21987718641293946, -0.20516763451855383, -0.27347352368920896, -0.5923907121934672, 0.6901095944478314, 0.5267073445070845, -0.19355462100180496, -0.17342710996180427, 0.3907423045399228, 0.6226435328830552, 0.08253681982456382]], "inverted": true, "swapped": false, "error_lsq": 0.041429252891481354, "error_max": 0.3016648911216703, "target": "726.xyz", "model": "27.xyz", "model_rescale": 4.103607728864725, "target_rescale": 3.829407405540821},
{"mapping": [9, 6, 12, 10, 3, 7, 11, 0, 2, 13, 8, 14], "R": [[0.8777546697469262, -0.4551628329227736, -0.1495778568611673], [0.19429891516356979, 0.6235472287068266, -0.7572560895353015], [0.4379436850825965, 0.6356222534632907, 0.6357591364648437]], "T": [0.07982038288064706, -0.03976809941217633, 0.08897929705586702], "aligned_model": [[-0.6773227878755608, -0.41129805322833624, 0.7548506897087998, -0.05497336437527005, 0.13882484532690242, -0.1558575063123941, 0.13927148733729042, -0.20809799540347984, 0.5143955101055186, 0.672896772425336, 0.38636124732246646, 0.07891329466122987], [-0.15445017280274043, -0.3102139629735406, -0.11905281486230065, -0.46252909295605704, 0.1434010505250183, 0.2834288152713703, -0.447975630770206, 0.4966566965450074, 0.4479882232609202, -0.18520356691955642, 0.28315769690262793, 0.11183022037671342], [-0.2003408838390516, 0.38381650544090773, -0.43575076295996495, -0.16177768558719122, -0.6366227898275175, 0.6890467369723586, 0.6384275757689376, -0.2839056539815529, -0.24948626208122746, 0.30573135335348856, 0.777478828870037, 0.054665529547419794]], "inverted": false, "swapped": false, "error_lsq": 0.05060165034808569, "error_max": 0.26967160570277227, "target": "726.xyz", "model": "28.xyz", "model_rescale": 4.137296879288765, "target_rescale": 3.829407405540821},
{"mapping": [2, 9, 10, 5, 7, 8, 4, 6, 1, 3, 11], "R": [[-0.5315129563200545, -0.14172696124612194, 0.8351092417880766], [0.8256724020489132, -0.30678638176459727, 0.4734418659757125], [0.18910066567490874, 0.9411671394708419, 0.28008097725761266]], "T": [0.008515480046363029, 0.18654404936518884, 0.04552027977958087], "aligned_model": [[0.6366438528250367, 0.11147739012831957, -0.20090074927294496, -0.5248028241071406, 0.1707101361320739, 0.4566967956076794, 0.5523050159226721, -0.35028000269192505, -0.6075492948382751, 0.004619493097454503, -0.027500802093052334], [-0.38119700492539277, -0.6663141306784504, -0.3201600725432574, 0.0655148360209703, 0.5894361700303508, -0.015048629040013112, 0.45500458433053403, -0.3096564235931135, 0.26336423449117846, 0.07724902166107772, 0.16095523089406782], [0.16888349419995563, -0.07860645584999085, -0.6736407010777861, -0.2720712639061531, -0.3735981235881983, -0.5896134151850325, 0.1704111613834412, 0.3358911146095064, 0.42283709572622785, 0.6462191718460375, 0.04904194362499084]], "inverted": true, "swapped": true, "error_lsq": 0.048722343258805464, "error_max": 0.23997907395862944, "target": "726.xyz", "model": "29.xyz", "model_rescale": 3.607286011436655, "target_rescale": 3.829407405540821},
