[{"mapping": [10, 8, 9, 5, 14, 11, 0, 3, 12, 6, 4, 15], "R": [[0.47177098844302945, 0.7610076876175043, -0.4453082458820477], [0.8323997600943354, -0.21785874611142186, 0.5095568723289405], [0.29076240103971523, -0.6110686263668086, -0.7362420525967]], "T": [-0.04256849571168853, -0.12969149922560597, -0.04368753855513792], "aligned_model": [[-0.3949282330303404, 0.3035848551629174, 0.5311482833157575, -0.11025637008051534, -0.18263356652677198, -0.7621616611377432, 0.4787298119900607, -0.2333379620969486, 0.5659044707831872, 0.14526728416872653, -0.5086103377051377, 0.004935887617357186], [-0.3742762959355792, -0.7749404834179037, -0.13813076473970393, 0.5899054683121113, 0.27966444060344137, -0.40965361501473585, -0.29997509878559114, -0.4362549040238113, 0.20464024999973035, 0.3450699543348538, 0.17159719391934464, -0.10409110927509944], [-0.5085097571804564, 0.04320269661848568, -0.47084198017637635, -0.06140430728466452, -0.6778261647797703, -0.029856891308549155, 0.532514055292585, 0.4755964326820334, 0.0538494594378819, 0.45817955558406237, 0.41315529641622345, -0.04610664994789261]], "inverted": false, "swapped": true, "error_lsq": 0.04388228905630446, "error_max": 0.26307771453275586, "target": "727.xyz", "model": "0.xyz", "model_rescale": 3.751011558992144, "target_rescale": 4.14018235770736},
{"mapping": [4, 6, 13, 11, 12, 14, 0, 3, 5, 1, 9, 8, 7, 10, 15], "R": [[-0.4009016240466542, -0.18888276257857584, -0.8964380568881717], [-0.9041732852881732, -0.07593927709480408, 0.4203616257051907], [-0.14747392314557628, 0.979059001386027, -0.14033856845874104]], "T": [0.02700076005008721, 0.0020306134932643882, -0.013719326687221778], "aligned_model": [[0.07131514315971987, 0.01435077524718352, -0.4849900110201807, 0.1981810518786909, -0.11891590315238702, -0.7068387574289429, 0.5688024108537478, 0.5862014761326764, -0.528388419498676, 0.11716477783510286, -0.21005865559866016, 0.590719147606344, 0.5515045535428893, -0.1193350528407363, 0.009373674372262282], [-0.08253370409270021, -0.6358569942545955, 0.5871231126084389, 0.62410393527989, -0.6323732280579115, 0.2159974415655156, -0.5622468434224364, 0.01699869773005866, -0.3187467957008649, 0.39893254110154797, -0.15416469318060802, 0.06062064492478911, 0.46207108175587447, 0.6107910163286476, -0.041958862758539654], [-0.7261520341137846, -0.33851260853899906, -0.2860109133079202, -0.43810887276382177, 0.24660859862545723, 0.05713309653644189, 0.1304979727176935, -0.3088472122508064, -0.34742584581910524, 0.661501120305469, 0.6428543099767292, 0.457987250158241, 0.010014690965445256, 0.07592108829383193, 0.01220576406710455]], "inverted": false, "swapped": true, "error_lsq": 0.0420398938570508, "error_max": 0.2650536052660612, "target": "727.xyz", "model": "1.xyz", "model_rescale": 3.9405287249114394, "target_rescale": 4.14018235770736},
{"mapping": [2, 5, 12, 11, 4, 9, 10, 13, 3, 8, 7, 1, 15], "R": [[-0.16899978301152366, -0.8797111835311914, 0.444462942113523], [0.5031089927390798, 0.31077754644154526, 0.806410973420403], [-0.847537854474434, 0.3598965826427422, 0.3900692695342067]], "T": [-0.05035114982884813, -0.059413356448908265, -0.09149850328062327], "aligned_model": [[-0.30792382196997503, 0.21055840565018924, -0.5181627732204119, 0.5557414199698757, 0.5482803190176465, -0.6649250713831166, 0.14058786292381498, 0.5164085953661768, 0.1289770925179693, -0.5432220993515268, 0.02900839867807753, -0.5107146387670296, -0.08863041014775898], [0.6957633593057239, 0.49243954189037226, 0.20300708646426185, -0.36413451167315597, -0.1744754987294022, 0.27223319935938756, 0.010026810898671364, 0.33056444964761017, -0.645862493719605, -0.566744897982504, -0.6365627890995225, -0.1245088050259063, -0.0329128577639142], [-0.19263125482385346, -0.4789258001693827, -0.5429609398505366, 0.2775288821555449, -0.4723873570041493, 0.06339674423426851, 0.5074665697916472, 0.36161427771876753, -0.24625232113817758, 0.11685514073165747, 0.2930861556352123, 0.5452207306887467, -0.1188904783811003]], "inverted": false, "swapped": true, "error_lsq": 0.049932145083834506, "error_max": 0.31632520078192833, "target": "727.xyz", "model": "2.xyz", "model_rescale": 3.932901565614263, "target_rescale": 4.14018235770736},
{"mapping": [6, 5, 12, 4, 0, 8, 9, 3, 11, 7, 14, 13, 1, 15], "R": [[-0.18408300705814357, -0.5429965494871023, -0.8193095835870179], [0.023305386420496343, 0.8309088711587538, -0.5559202342004446], [0.9826343701887406, -0.12142979483959665, -0.14030145918339787]], "T": [0.05006410880097402, -0.08892817266039389, 0.017024968194913597], "aligned_model": [[-0.15213765355597414, 0.38208758177026736, 0.19762415723089716, -0.2793515201701614, -0.46440143384536603, -0.2716436309688244, 0.500360488671652, -0.5721732960750544, -0.18609413530655416, -0.35552053521534144, 0.7753136267621067, 0.4903386409964196, 0.2852052349626112, 0.07020238679602567], [0.0009598584941367672, 0.2898939633274389, -0.4733198570821515, 0.5021808988363491, -0.5762771496596754, -0.6764108561636528, -0.6429538409308586, -0.0077591204243440265, 0.42885640847948114, -0.13794543258349998, 0.15983883371886987, 0.5088793768482396, -0.5923653268513784, -0.12008111765846591], [-0.663846449419863, -0.5015977565321167, -0.5504251181804433, -0.2253603860534801, -0.3443237369249884, 0.32538601250410487, -0.027380098065859528, 0.09615871688963573, 0.5390525614140155, 0.5830666364397061, 0.05510934872112372, 0.37394927442376846, 0.5763486891712697, -0.02224133132977533]], "inverted": true, "swapped": true, "error_lsq": 0.041886157869072085, "error_max": 0.2843382584163464, "target": "727.xyz", "model": "3.xyz", "model_rescale": 3.9243930471874484, "target_rescale": 4.14018235770736},
{"mapping": [8, 9, 0, 3, 6, 1, 11, 12, 5, 14, 4, 13, 15], "R": [[0.5893300944331661, -0.4801389600712895, -0.6497358069377557], [0.7767516311683071, 0.11560843745928183, 0.6191054778190849], [-0.22214171889307469, -0.8695408375745698, 0.44108025178797805]], "T": [-0.005135182960375385, -0.10325272453775383, -0.08073991383226296], "aligned_model": [[-0.023673829733205566, -0.2943451273019658, 0.5986082504346688, 0.3651212844327101, 0.6314977461604507, -0.5856943680858443, -0.2113623699273969, 0.2980395138172294, 0.15451837273203387, -0.5233864333621148, 0.4111583457427755, -0.5522140112719355, 0.00893851267394662], [-0.6720048896552966, 0.11978941236433172, -0.3428184844551877, -0.5806540267034405, 0.2242365926349474, -0.42186825348539847, -0.4983095909098818, 0.28940153380466205, 0.564129997073277, 0.4458441498327136, -0.041617805826314136, 0.1117519959551812, -0.07005107694800647], [-0.549670185985146, -0.695795109726812, -0.5399335766282726, 0.10641803629097459, -0.08148748767094192, -0.508546551881722, 0.549961930541272, -0.5761571845364767, 0.1469141504189338, 0.0579344198399694, 0.5019916587855443, 0.4963980385720045, -0.12095782264836324]], "inverted": false, "swapped": true, "error_lsq": 0.04075718968855856, "error_max": 0.2735444378294718, "target": "727.xyz", "model": "4.xyz", "model_rescale": 3.8936222436046832, "target_rescale": 4.14018235770736},
{"mapping": [14, 9, 5, 13, 6, 0, 8, 3, 11, 10, 4, 15], "R": [[0.7471572369441737, 0.45244863051474515, -0.48687400837103617], [-0.34100158742984077, 0.8897192921050967, 0.30350864670769184], [0.570503269624528, -0.06074387212993146, 0.8190459091811557]], "T": [-0.1352256183011153, -0.07623789344181324, 0.010169355586520046], "aligned_model": [[0.06980501175873499, -0.5292422533863834, -0.26616985224796963, 0.5354543463999495, -0.5876954076439158, -0.7370299797793061, -0.29985554688596977, -0.03193017980941776, 0.5951317619512315, 0.3931090775504615, 0.07092055787252577, -0.18494949356484366], [-0.43997751191371703, -0.6676187245016484, 0.16665689639671494, -0.2078165633094074, 0.4403081120988314, 0.16926839929300808, -0.34130251073227785, 0.34727533037831804, 0.11951145001115047, -0.42364652123600166, 0.5944301642022536, -0.08816561557741673], [-0.6340186895501432, -0.07170056970877944, -0.6580903668161044, -0.4497066373842353, -0.19232166165112255, 0.4687703557793899, 0.67826818223288, 0.4684231661397111, 0.16715562395715733, -0.004270058746217942, -0.1459823702292089, -0.007242254747808145]], "inverted": true, "swapped": true, "error_lsq": 0.0367963341293165, "error_max": 0.22653047260177875, "target": "727.xyz", "model": "5.xyz", "model_rescale": 3.6523030999806103, "target_rescale": 4.14018235770736},
{"mapping": [2, 9, 1, 14, 10, 12, 8, 5, 0, 3, 7, 11, 15], "R": [[0.36163527666780415, 0.22419561409638583, -0.9049620175948523], [0.914225639573357, -0.27557904124059535, 0.29706509720194463], [-0.18278787327415158, -0.9347686979402225, -0.3046244815097008]], "T": [0.08132355865683613, -0.10676914708543894, -0.07850697314079393], "aligned_model": [[0.21373425534270432, -0.07640972084880934, 0.11463713270891242, 0.6734069447515054, 0.5873415597950296, -0.3635303689681103, -0.3662356900150334, 0.29329547489463825, -0.7077675719272003, -0.1702046608669138, 0.0803807627923536, 0.549580622534286, 0.05285416447093187], [-0.5903653739824875, -0.057741336148131636, 0.5171780170374451, -0.3556607609405701, 0.2627070011476427, -0.5072344899877802, 0.4710397659388833, -0.7966497219772724, -0.11191279572117108, 0.0964622344307515, 0.5216392797598831, 0.22674919823530404, -0.1353841136293139], [0.5503534912077601, 0.6174812214630271, 0.40228766539649713, 0.3419838534762446, 0.007933530118065121, 0.2865451158594016, 0.019196076194221742, -0.035518288191707034, -0.17883362541619208, -0.6220697695134536, -0.3824917188556144, -0.5941475769256961, -0.04261023533076465]], "inverted": true, "swapped": true, "error_lsq": 0.04935479856455053, "error_max": 0.32125014038411254, "target": "727.xyz", "model": "6.xyz", "model_rescale": 4.08911054899281, "target_rescale": 4.14018235770736},
{"mapping": [13, 4, 11, 14, 9, 8, 10, 7, 2, 5, 12, 6, 0, 3, 15], "R": [[-0.5774898039299282, -0.7111706014729552, -0.4009263048960099], [-0.24006344503840238, 0.617304934279235, -0.7492023494829707], [0.7803044718014034, -0.3364089679469093, -0.527213370061523]], "T": [0.0259854910105166, -0.0031806934645174575, -0.04535651856147951], "aligned_model": [[0.04424148343916594, 0.41894594215140346, 0.6391767894992371, -0.45832626830322876, -0.5739090856644942, 0.19697952113059958, 0.1182631388816867, 0.5807360250549931, -0.7526682953583584, -0.3224103192433129, -0.482880317153526, -0.06299545724773209, 0.10889626795763017, 0.6013982547719593, -0.019114140116468545], [-0.6241494365761325, -0.49278709514964336, -0.297883877176403, -0.45929195365235465, 0.35413951221618767, 0.7068488028994296, -0.1198286166411833, 0.28949312365100643, -0.20405943525491435, -0.5670334691380841, 0.18754722633701512, -0.16102788277941327, 0.5387840345255475, 0.1389884616690734, 0.011019421238981883], [-0.5863510001832527, 0.3047047706985635, -0.41077526708989115, -0.42840605181548136, -0.20070080788363273, -0.147029832896605, -0.6601059796548803, -0.3517853800839468, -0.0308858946392487, 0.24344399162341637, 0.39759831588823447, 0.6472602252747488, 0.530973893029953, 0.17536510674798475, -0.019236056933881838]], "inverted": false, "swapped": true, "error_lsq": 0.04640487519504217, "error_max": 0.3199051530109159, "target": "727.xyz", "model": "7.xyz", "model_rescale": 3.964800864290218, "target_rescale": 4.14018235770736},
{"mapping": [14, 1, 9, 13, 12, 11, 5, 8, 7, 3, 4, 6, 0, 15], "R": [[-0.10872511003975466, 0.6182828337310843, -0.7783991186790385], [0.9938326409306028, 0.050430105483324994, -0.09875974018720618], [-0.021806702358380337, -0.7843361154341941, -0.619952680257011]], "T": [0.0061476083288014415, -0.013408693849111206, 0.0483867188146056], "aligned_model": [[-0.45946081113344245, 0.44629810592092034, 0.38086802906920864, -0.6739767692145364, 0.28021047460125204, -0.36859925503055413, -0.4960648523294666, 0.6867121233628021, 0.22418426814928438, 0.1356676528004771, -0.4633562129217332, -0.06308601876374252, 0.6055774705567807, 0.026213684393623024], [0.013119856280652964, -0.47312774444608097, 0.15503998682041584, -0.3794701165260958, 0.6103471252494463, -0.6199236520633471, 0.4945981204078422, -0.28808615667701865, -0.6171760024735697, -0.18156581387240694, 0.11162746006659487, 0.6198256911700133, 0.3341547844280998, 0.031584927816655964], [-0.5613897505245322, -0.4169188541876396, -0.5371837116185103, -0.23804015880929036, -0.11698788305597757, 0.34518427721592254, -0.0630899556439237, 0.11981877872048163, 0.32266726393631723, 0.6441867643968113, 0.5781105836870726, 0.3751469010261334, 0.439078637699117, 0.026232145883039765]], "inverted": false, "swapped": true, "error_lsq": 0.04810451619552728, "error_max": 0.2758372165739074, "target": "727.xyz", "model": "8.xyz", "model_rescale": 4.121658175737393, "target_rescale": 4.14018235770736},
{"mapping": [1, 7, 11, 13, 8, 9, 3, 6, 4, 0, 14, 5, 15], "R": [[-0.25257159850933586, 0.9539909859875805, -0.1615821347825404], [-0.08456380369038138, -0.18812157326863238, -0.9784984602830755], [-0.9638757963201763, -0.2334769203269968, 0.12818727293599674]], "T": [-0.05692475889370545, 0.002284698255363031, 0.007645296971667145], "aligned_model": [[-0.7689219655785353, -0.15556977334895344, 0.29886643277891134, 0.1959742690928391, -0.5680834644714755, -0.6801475043199928, 0.1982384903816291, 0.32286744062707795, 0.6557095609916963, -0.18632259449122102, -0.09780771026698205, 0.3395940678042035, -0.07765975276399992], [0.0673941675703594, -0.3459148823798298, 0.02507342399249784, 0.6651372090342327, -0.4963253184918068, 0.19919164988995214, -0.5324046019700952, -0.2014026532311076, -0.09127321108644645, -0.6865183914953019, 0.7679651558751723, 0.41370488086168594, 0.0057600108423973275], [-0.3246257925890046, -0.589289354887444, -0.67739316816422, -0.41101819668880774, -0.17626537646215834, 0.29834125965104663, -0.21377968286099713, 0.5793275917801051, -0.0009857337530074766, 0.383894164527551, 0.04485185435004864, 0.4506143493202006, 0.057403519735776405]], "inverted": true, "swapped": true, "error_lsq": 0.044212259453754406, "error_max": 0.2414014032958962, "target": "727.xyz", "model": "9.xyz", "model_rescale": 3.833441315466971, "target_rescale": 4.14018235770736},
{"mapping": [11, 7, 14, 9, 1, 10, 8, 12, 5, 2, 4, 6, 3, 13, 15], "R": [[0.41090303821297014, -0.7487736125433462, -0.5200930400862307], [0.7983936747791698, 0.5709619516635482, -0.19123281576435897], [0.4401434235109775, -0.3366608484979196, 0.8324261167387154]], "T": [0.010892521761111447, 0.03276224708220974, 0.009795467601532257], "aligned_model": [[0.06082417110261739, -0.019230738856186196, -0.4793175323224428, -0.48400414288001675, -0.6474689761798356, -0.4431759002508626, -0.11062524319970118, 0.09696619854467178, 0.17646542887349287, -0.3346956830470911, 0.5890698959919208, 0.5795498431151201, 0.4632961066246301, -0.3316684010621779, 0.00785999184039308], [-0.7358462739305394, -0.4796845876135205, 0.07321649080427425, 0.5329926774191933, -0.009926031585936607, -0.402529833550491, 0.059432482054362586, 0.7285205490833567, 0.29026745556738676, 0.5948598827509244, -0.24058398666511147, 0.42338890533839174, -0.2614762844131164, -0.4581478317783027, 0.08661792581410704], [0.06576124847615412, -0.46327492483670485, 0.5991848667648491, -0.11877314687633926, -0.42185391693714624, 0.07598817764351289, -0.7170060446814958, 0.016294916353347635, 0.6647702823491105, 0.4696633046587266, 0.3379235087592962, 0.20108311200111406, -0.32002969250051866, 0.5757193131443816, 0.012670903503804943]], "inverted": false, "swapped": true, "error_lsq": 0.032397948052079274, "error_max": 0.19901838613716788, "target": "727.xyz", "model": "10.xyz", "model_rescale": 4.2482417240324, "target_rescale": 4.14018235770736},
{"mapping": [1, 8, 0, 3, 2, 5, 12, 4, 7, 13, 10, 15], "R": [[-0.18499222296322618, 0.877213596411684, 0.443028423144163], [-0.578411210176241, 0.26726593482765504, -0.7707200477625819], [-0.7944925105912459, -0.3988298212912108, 0.4579480584774219]], "T": [0.007888132053709931, 0.09002597210722699, -0.03282952182020585], "aligned_model": [[-0.6182639707909651, -0.12210887464417604, 0.31570583355978477, 0.5200321612063842, -0.47223295921722047, 0.10346695935886292, -0.0959159929108648, 0.6408133763188674, 0.11266659724247953, -0.18580623037645672, -0.31212430688642445, -0.009466990497264509], [-0.36686786412263106, -0.6268683698814437, -0.34738889780590043, -0.26612156191563496, 0.6217022681311474, 0.7837012046310345, 0.21219896579651504, 0.39073297756713576, -0.4605167590095983, 0.5560074513617241, 0.0680878787486913, 0.10146409654959959], [-0.1769298646292088, 0.0806675599293191, 0.5559600847990585, -0.13722004180613057, 0.33277605916793096, 0.14715572055893347, 0.6496871437096359, -0.1930049975008943, -0.4490373303349806, -0.6839472110906993, -0.5779437861502366, 0.017028953201628956]], "inverted": true, "swapped": true, "error_lsq": 0.045353916809572986, "error_max": 0.21194950897051576, "target": "727.xyz", "model": "11.xyz", "model_rescale": 3.6694154284099745, "target_rescale": 4.14018235770736},
{"mapping": [14, 13, 4, 11, 10, 2, 9, 12, 3, 0, 6, 8, 5, 15], "R": [[0.940341965261176, -0.14561574992822673, 0.3074947832754073], [0.0645790888164852, 0.9637434070596131, 0.25889802362467296], [-0.33404569995194083, -0.22359494341771094, 0.915652101849632]], "T": [0.13605102609204134, 0.06661847506755285, 0.0038557372786102648], "aligned_model": [[-0.14781181355339634, 0.14302585155707662, -0.12739030819973857, 0.5470101318447191, 0.5058192509452708, -0.42080850842396433, 0.0899622514387689, -0.32108952678404434, 0.4005122111689543, 0.12094205033050451, -0.4300644686019992, 0.683062032334403, -0.5471172975321867, 0.10221299373144174], [-0.31501624002571327, 0.09908303477150064, 0.7237478580616457, 0.5370656120246402, -0.06439463039488084, -0.49355542584537954, -0.6306520759802168, -0.24571400732209803, 0.5779507242428066, 0.162717339457489, 0.33811144738249566, -0.1074600186318901, 0.11451494750762252, 0.034588722888232226], [-0.5987213443548777, -0.8192529399319669, -0.12046195399129467, -0.4502108894801881, -0.4922751207403929, -0.1477227784852777, 0.15673701222520509, 0.433973710436095, 0.26582818963061516, 0.7933450872757277, 0.34788496688093457, 0.46666665328264073, -0.2278818242959516, 0.031186691201146317]], "inverted": true, "swapped": true, "error_lsq": 0.03945881360592752, "error_max": 0.2954469122817466, "target": "727.xyz", "model": "12.xyz", "model_rescale": 3.9764082729961374, "target_rescale": 4.14018235770736},
{"mapping": [2, 12, 5, 8, 3, 4, 7, 10, 1, 9, 13, 11, 0, 14, 6, 15], "R": [[0.0073376507847022765, -0.5420374296363275, 0.8403223094469202], [-0.6302739710736356, 0.6499024584660312, 0.4247134514786166], [-0.7763381223848488, -0.5327496779473944, -0.33686332596309104]], "T": [-0.007360648769228085, 0.0848559345189648, 0.07157367697681918], "aligned_model": [[0.2430742017437299, -0.44338446739047677, 0.42527555593115907, -0.21057508303654898, 0.060408643787026275, 0.6460478064270415, 0.599295422932392, -0.6949777302839505, -0.23592102092661915, 0.17895086367379776, -0.46838392038345356, -0.5863951651038433, 0.6178991990565879, -0.26666606224705897, 0.060121902659705004, 0.05384910411326033], [0.0004013592355536638, 0.549619262134562, 0.6990891856295991, -0.38761684828657006, -0.7535258369727906, 0.01867113816810058, -0.2816120256868077, 0.030702245323417518, 0.3166353872149545, 0.626555352162283, 0.13506278432059066, -0.4585134895043651, 0.30448874921975994, -0.45106781808173135, 0.05909473401730328, 0.0065114040857924965], [-0.6810280266276643, 0.0385310704378411, 0.44355127502167957, -0.4133244565130467, 0.04048066280349159, 0.36233248628317094, -0.19053954995606484, -0.341218069687226, -0.47373451097584496, -0.11104310147933594, 0.4708447145565716, 0.07523382439240828, -0.22493851991515548, 0.6048226558924366, 0.8321269436850665, 0.11285533726732049]], "inverted": true, "swapped": false, "error_lsq": 0.03975683903278892, "error_max": 0.2869853132275236, "target": "727.xyz", "model": "13.xyz", "model_rescale": 4.170626492500431, "target_rescale": 4.14018235770736},
{"mapping": [8, 9, 0, 12, 3, 4, 6, 1, 7, 14, 10, 5, 11, 15], "R": [[-0.9857388400062371, 0.12142582115968696, -0.116510554280949], [-0.09896951914372663, -0.9782670621261697, -0.18220480081351464], [-0.1361028052011338, -0.1680753554651268, 0.9763332941683663]], "T": [-0.03579391218864992, 0.02943617260171369, 0.11730778320555782], "aligned_model": [[0.4141003624370672, -0.09468430037743496, -0.2071414248543262, -0.5608120892679598, 0.16042880862761638, -0.285030467883407, -0.6643747680791441, 0.5273082750902466, 0.604144593846225, -0.18747721706201664, 0.42674910366607754, -0.6614176040439623, 0.4449584812346538, -0.07356873124199224], [-0.17969657647769002, -0.6785927153453976, 0.058010333476496645, -0.3213387468416782, 0.5184075443815953, 0.6929875337977309, 0.2669532577879663, -0.5205888478999706, 0.2511623903347575, -0.30150065264051873, -0.056493533525235035, 0.09230975715441539, 0.5394785395842461, -0.005023815861052411], [-0.42819835041067256, 0.034180791511236625, -0.6589526459534051, -0.18739437480852314, -0.23259733917105854, 0.2367061974774254, -0.129720636257567, 0.07290343901311541, -0.051869515168691344, 0.793174115794411, 0.5400474741285194, 0.4741792397204876, 0.44152733367852937, 0.09988737156705911]], "inverted": false, "swapped": true, "error_lsq": 0.04468461146751603, "error_max": 0.24604119111866204, "target": "727.xyz", "model": "14.xyz", "model_rescale": 3.9786697098870705, "target_rescale": 4.14018235770736},
{"mapping": [5, 3, 14, 2, 10, 1, 0, 8, 9, 12, 7, 15], "R": [[-0.16334722542484004, -0.7834797601907709, -0.5995641327809885], [0.9859286206847168, -0.15152442579374403, -0.0706052639865376], [-0.035530815649784886, -0.6026606124173775, 0.7972062138367794]], "T": [-0.08775988185636191, -0.021059521284145354, -0.14534474720947757], "aligned_model": [[0.09506212990009183, -0.7014596429349467, 0.5195879303262589, 0.6011345464547762, 0.10848739834565138, 0.30719336420350896, -0.4249100005894837, -0.1976736823903988, 0.515832220841212, 0.16488184950417184, -0.44536651065386607, -0.05941500623963934], [-0.5760414348328925, 0.07841800551526572, -0.028927289832931465, -0.4265649816045153, 0.5137363598311301, 0.5589782942223678, -0.32905086393977684, 0.33712739425334115, -0.048686812516201695, -0.5684995950644367, 0.5632472966569132, -0.059061882463824364], [-0.5711222895615353, -0.029126081909135793, -0.6148008581089606, -0.2339628897019301, -0.42015226666289496, 0.2140316686674136, 0.5059830020319412, 0.4897453226871813, 0.23753432910195663, 0.21244297849840463, -0.01115157685704346, -0.11945484431156733]], "inverted": true, "swapped": true, "error_lsq": 0.04880259043267529, "error_max": 0.2372506432817447, "target": "727.xyz", "model": "15.xyz", "model_rescale": 3.769337070930944, "target_rescale": 4.14018235770736},
{"mapping": [0, 1, 6, 12, 3, 7, 4, 10, 5, 2, 15], "R": [[-0.47998766834609913, -0.8510060118849117, 0.2130741795042585], [0.8571654685910595, -0.506647749130177, -0.09260355153229954], [0.18675973251947292, 0.13819126613886693, 0.9726376387289318]], "T": [0.03709796806037537, -0.030396621926072127, 0.01617345640462669], "aligned_model": [[-0.32120645420830907, -0.24980771343741462, -0.08281493898896541, -0.5659690951367071, 0.370412583366605, 0.37393611432230695, 0.559006369850038, 0.30040956585115774, 0.022755699552679802, -0.4719211023283082, -0.012174898151912548], [0.2299363875433474, -0.7645704953936168, 0.6643037654113406, 0.3269785329714926, 0.0456339316039464, -0.48811861877060303, 0.46206584389983674, -0.5329738457658248, 0.5133370149267754, 0.14864858444964152, -0.009176603250993717], [-0.6445847231192962, 0.00013613364590021187, -0.1085805604688764, 0.0050535903341475605, -0.5159455861069261, -0.3892095751211631, -0.025869270247379, 0.2956764773884509, 0.4924752088778808, 0.612584209947096, 0.02248170209394211]], "inverted": false, "swapped": true, "error_lsq": 0.04065095237579738, "error_max": 0.24075150070622886, "target": "727.xyz", "model": "16.xyz", "model_rescale": 3.7852294659196426, "target_rescale": 4.14018235770736},
{"mapping": [5, 11, 3, 4, 14, 10, 1, 7, 6, 12, 9, 0, 15], "R": [[-0.6210432621684986, 0.13765061145487195, 0.7715941781021999], [-0.031821515339162776, -0.9880737430082273, 0.1506574576289905], [0.7831300388036645, 0.06901150298183276, 0.6180167916647246]], "T": [-0.023968706788859904, 0.07700216761330336, 0.0076505752226181814], "aligned_model": [[0.03593353716674272, -0.4382060279476707, 0.25987636963449273, 0.15494954296183702, -0.5636036766570652, -0.6360663964577447, -0.408890557609848, -0.18366287480544105, 0.5668744464791164, 0.43227533826859593, -0.07586563725228476, 0.7069339352966131, 0.003217851138939274], [-0.16196616944633027, -0.4555096556329322, -0.2518306860898606, -0.6126294994586239, 0.15815705294803395, 0.07286144878738784, 0.6691689103108512, -0.010279574118062323, -0.1351120531677446, 0.44854041420084156, 0.7643172816816561, 0.2783438007913504, 0.11099435289630723], [-0.672070825773629, 0.3834470582695156, 0.46735796059497337, -0.08759476402320171, -0.5322848752596304, 0.16689276480286025, 0.3580176111761134, 0.6815826457485649, -0.33653429334172263, -0.37357276895360775, -0.1836286011622619, 0.2484815972819468, -0.02433881221674713]], "inverted": true, "swapped": true, "error_lsq": 0.04323182193719707, "error_max": 0.24114938255618223, "target": "727.xyz", "model": "17.xyz", "model_rescale": 3.901054581598922, "target_rescale": 4.14018235770736},
{"mapping": [4, 6, 13, 11, 12, 14, 0, 3, 5, 1, 9, 8, 7, 10, 15], "R": [[-0.4009016240466542, -0.18888276257857584, -0.8964380568881717], [-0.9041732852881732, -0.07593927709480408, 0.4203616257051907], [-0.14747392314557628, 0.979059001386027, -0.14033856845874104]], "T": [0.02700076005008721, 0.0020306134932643882, -0.013719326687221778], "aligned_model": [[0.07131514315971987, 0.01435077524718352, -0.4849900110201807, 0.1981810518786909, -0.11891590315238702, -0.7068387574289429, 0.5688024108537478, 0.5862014761326764, -0.528388419498676, 0.11716477783510286, -0.21005865559866016, 0.590719147606344, 0.5515045535428893, -0.1193350528407363, 0.009373674372262282], [-0.08253370409270021, -0.6358569942545955, 0.5871231126084389, 0.62410393527989, -0.6323732280579115, 0.2159974415655156, -0.5622468434224364, 0.01699869773005866, -0.3187467957008649, 0.39893254110154797, -0.15416469318060802, 0.06062064492478911, 0.46207108175587447, 0.6107910163286476, -0.041958862758539654], [-0.7261520341137846, -0.33851260853899906, -0.2860109133079202, -0.43810887276382177, 0.24660859862545723, 0.05713309653644189, 0.1304979727176935, -0.3088472122508064, -0.34742584581910524, 0.661501120305469, 0.6428543099767292, 0.457987250158241, 0.010014690965445256, 0.07592108829383193, 0.01220576406710455]], "inverted": false, "swapped": true, "error_lsq": 0.0420398938570508, "error_max": 0.2650536052660612, "target": "727.xyz", "model": "18.xyz", "model_rescale": 3.9405287249114394, "target_rescale": 4.14018235770736},
{"mapping": [4, 9, 14, 0, 1, 3, 12, 8, 7, 13, 5, 6, 12, 2, 10, 15], "R": [[0.21785576317865163, 0.5373751306009306, -0.814718868973513], [-0.1118474088172664, -0.8155230885082484, -0.5678135690971386], [-0.9695509391417816, 0.21482565284807248, -0.11756238891622128]], "T": [0.033680559266819225, 0.08980760547364176, 0.0001342365201712839], "aligned_model": [[0.15351689655821946, -0.5107366680670206, 0.5775122923127299, -0.12382826154415488, 0.16795878672972786, 0.6608704353613271, 0.5523557513042616, -0.6349146919931645, -0.31131445578642186, 0.22089191470574301, -0.7296869994510518, -0.4471580646259015, 0.5523557513042616, -0.32521443468197275, 0.15290253755705635, 0.02310846126910978], [0.012131561275303265, 0.6304712150541343, 0.4680414329026391, -0.4272886336095876, -0.5491544722847422, -0.2857719976772951, 0.025141189986494603, -0.13605504839796495, 0.43636728749849885, 0.7327783842187446, 0.06305388287693837, -0.47305674065278913, 0.025141189986494603, -0.3055691830664722, 0.11911849223966363, 0.07914702262959258], [-0.7169924698841835, -0.01726090113556413, 0.4012890445393177, -0.424691267479609, 0.09613551148851021, 0.43717132407168063, -0.16397963273638716, -0.2723333892899987, -0.5063244245022132, -0.05344123778107962, 0.3284890010405055, 0.10143281116384584, -0.16397963273638716, 0.6858432574723892, 0.7765561764188824, 0.03703856453593974]], "inverted": true, "swapped": false, "error_lsq": 0.03964616585938125, "error_max": 0.30837526153395906, "target": "727.xyz", "model": "19.xyz", "model_rescale": 4.410303926677745, "target_rescale": 4.14018235770736},
{"mapping": [14, 1, 9, 13, 12, 11, 5, 8, 7, 3, 4, 6, 0, 15], "R": [[-0.10872511003975466, 0.6182828337310843, -0.7783991186790385], [0.9938326409306028, 0.050430105483324994, -0.09875974018720618], [-0.021806702358380337, -0.7843361154341941, -0.619952680257011]], "T": [0.0061476083288014415, -0.013408693849111206, 0.0483867188146056], "aligned_model": [[-0.45946081113344245, 0.44629810592092034, 0.38086802906920864, -0.6739767692145364, 0.28021047460125204, -0.36859925503055413, -0.4960648523294666, 0.6867121233628021, 0.22418426814928438, 0.1356676528004771, -0.4633562129217332, -0.06308601876374252, 0.6055774705567807, 0.026213684393623024], [0.013119856280652964, -0.47312774444608097, 0.15503998682041584, -0.3794701165260958, 0.6103471252494463, -0.6199236520633471, 0.4945981204078422, -0.28808615667701865, -0.6171760024735697, -0.18156581387240694, 0.11162746006659487, 0.6198256911700133, 0.3341547844280998, 0.031584927816655964], [-0.5613897505245322, -0.4169188541876396, -0.5371837116185103, -0.23804015880929036, -0.11698788305597757, 0.34518427721592254, -0.0630899556439237, 0.11981877872048163, 0.32266726393631723, 0.6441867643968113, 0.5781105836870726, 0.3751469010261334, 0.439078637699117, 0.026232145883039765]], "inverted": false, "swapped": true, "error_lsq": 0.04810451619552728, "error_max": 0.2758372165739074, "target": "727.xyz", "model": "20.xyz", "model_rescale": 4.121658175737393, "target_rescale": 4.14018235770736},
{"mapping": [2, 9, 1, 14, 10, 12, 8, 5, 0, 3, 7, 11, 15], "R": [[0.36163527666780415, 0.22419561409638583, -0.9049620175948523], [0.914225639573357, -0.27557904124059535, 0.29706509720194463], [-0.18278787327415158, -0.9347686979402225, -0.3046244815097008]], "T": [0.08132355865683613, -0.10676914708543894, -0.07850697314079393], "aligned_model": [[0.21373425534270432, -0.07640972084880934, 0.11463713270891242, 0.6734069447515054, 0.5873415597950296, -0.3635303689681103, -0.3662356900150334, 0.29329547489463825, -0.7077675719272003, -0.1702046608669138, 0.0803807627923536, 0.549580622534286, 0.05285416447093187], [-0.5903653739824875, -0.057741336148131636, 0.5171780170374451, -0.3556607609405701, 0.2627070011476427, -0.5072344899877802, 0.4710397659388833, -0.7966497219772724, -0.11191279572117108, 0.0964622344307515, 0.5216392797598831, 0.22674919823530404, -0.1353841136293139], [0.5503534912077601, 0.6174812214630271, 0.40228766539649713, 0.3419838534762446, 0.007933530118065121, 0.2865451158594016, 0.019196076194221742, -0.035518288191707034, -0.17883362541619208, -0.6220697695134536, -0.3824917188556144, -0.5941475769256961, -0.04261023533076465]], "inverted": true, "swapped": true, "error_lsq": 0.04935479856455053, "error_max": 0.32125014038411254, "target": "727.xyz", "model": "21.xyz", "model_rescale": 4.08911054899281, "target_rescale": 4.14018235770736},
{"mapping": [10, 0, 11, 12, 14, 15, 9, 13, 7, 8, 4, 3, 5, 2, 1, 16], "R": [[-0.3883791995876801, 0.8394306092592643, 0.380155033593209], [-0.7000527603154569, -0.0005011283706951031, -0.7140909477405981], [-0.5992392928558194, -0.5434666513310424, 0.5878403429407348]], "T": [0.0211974843248974, 0.08131312934946844, 0.03508155320389094], "aligned_model": [[0.2370828466827197, -0.5816916010375948, 0.655634663021109, -0.07838019756285668, 0.09208040635424174, 0.35061948169837687, 0.5201489231900984, -0.5200726897599435, -0.36547695793013685, 0.34355563967836605, -0.6147689091571424, -0.468612549956867, 0.6252843881094785, -0.22960151234982254, 0.038555357108807226, -0.025738037136085013], [0.21857612577903937, 0.5618439288141838, 0.27411799741374576, -0.3969976449480719, -0.5564815217694593, -0.2682535963074969, -0.2623517376270348, -0.19040374239307134, 0.2596600574119528, 0.6802463808724659, -0.023263333378244364, -0.6277707668125316, 0.2635558297354995, -0.10974602542453604, 0.5041844285661816, 0.08757920304702965], [-0.7302208637175142, 0.11054213692714104, 0.4174541194232206, -0.5183374512537023, 0.03105907688565484, 0.5835259622866243, -0.3397377798392254, -0.22935465136131683, -0.5345423902595724, 0.16971512241035575, 0.3013571541750756, 0.1426221586285045, -0.28050625514765704, 0.6845814315851341, 0.7065552681155217, 0.030239696327404655]], "inverted": false, "swapped": false, "error_lsq": 0.04532126141096776, "error_max": 0.3182494530623766, "target": "727.xyz", "model": "22.xyz", "model_rescale": 4.204369325754507, "target_rescale": 4.14018235770736},
{"mapping": [4, 9, 14, 0, 1, 3, 12, 8, 7, 13, 5, 6, 12, 2, 10, 15], "R": [[0.21785576317865163, 0.5373751306009306, -0.814718868973513], [-0.1118474088172664, -0.8155230885082484, -0.5678135690971386], [-0.9695509391417816, 0.21482565284807248, -0.11756238891622128]], "T": [0.033680559266819225, 0.08980760547364176, 0.0001342365201712839], "aligned_model": [[0.15351689655821946, -0.5107366680670206, 0.5775122923127299, -0.12382826154415488, 0.16795878672972786, 0.6608704353613271, 0.5523557513042616, -0.6349146919931645, -0.31131445578642186, 0.22089191470574301, -0.7296869994510518, -0.4471580646259015, 0.5523557513042616, -0.32521443468197275, 0.15290253755705635, 0.02310846126910978], [0.012131561275303265, 0.6304712150541343, 0.4680414329026391, -0.4272886336095876, -0.5491544722847422, -0.2857719976772951, 0.025141189986494603, -0.13605504839796495, 0.43636728749849885, 0.7327783842187446, 0.06305388287693837, -0.47305674065278913, 0.025141189986494603, -0.3055691830664722, 0.11911849223966363, 0.07914702262959258], [-0.7169924698841835, -0.01726090113556413, 0.4012890445393177, -0.424691267479609, 0.09613551148851021, 0.43717132407168063, -0.16397963273638716, -0.2723333892899987, -0.5063244245022132, -0.05344123778107962, 0.3284890010405055, 0.10143281116384584, -0.16397963273638716, 0.6858432574723892, 0.7765561764188824, 0.03703856453593974]], "inverted": true, "swapped": false, "error_lsq": 0.03964616585938125, "error_max": 0.30837526153395906, "target": "727.xyz", "model": "23.xyz", "model_rescale": 4.410303926677745, "target_rescale": 4.14018235770736},
{"mapping": [13, 1, 2, 14, 15, 5, 6, 11, 7, 0, 10, 9, 12, 8, 4, 16], "R": [[-0.9529031966596354, 0.3029126020578009, -0.014813956609245227], [-0.007715574618522181, -0.07304462453918564, -0.9972988282025783], [-0.3031764629785008, -0.9502149432315312, 0.07194160100626057]], "T": [-0.05889801440006038, 0.01639619885358605, 0.0014695314123770037], "aligned_model": [[0.19894014574104224, -0.579001666484624, 0.38280316942032516, -0.14285520339989274, 0.15243761290389257, 0.5083332224208255, 0.5169796094153422, -0.6141691593765867, -0.14207309350306624, 0.29148151909926634, -0.5716277086863711, -0.41637042420379083, 0.6404672548863997, -0.24024962542355274, 0.07450835401551612, -0.08098475587197695], [-0.052867341853239644, 0.6984095510277946, 0.565347982209876, -0.5175727067532444, -0.6540322393651183, -0.059038552542116776, -0.35277527462969865, -0.057414169534397444, 0.4697476812569022, 0.6849592248905509, 0.013748596728241018, -0.4781720911146222, 0.31207615455977616, -0.35828643107223457, 0.08317097751393902, 0.11719422165724454], [-0.6488447533245816, -0.024709240803591326, 0.5815091463870774, -0.4059349215271139, 0.12466511856720533, 0.26254491455764617, -0.33015597320797574, -0.2933990353858669, -0.47757664204193884, 0.02683631692529425, 0.40257450155818186, 0.1430169313016727, -0.2624194958190717, 0.7102933369279005, 0.6735024493503147, 0.06305008172049562]], "inverted": false, "swapped": false, "error_lsq": 0.03990050598304229, "error_max": 0.24810840684332405, "target": "727.xyz", "model": "24.xyz", "model_rescale": 4.28219845311461, "target_rescale": 4.14018235770736},
{"mapping": [7, 0, 5, 13, 12, 11, 9, 2, 4, 1, 6, 14, 3, 10, 8, 15], "R": [[-0.03140793896054214, 0.9403312034596896, -0.3388078646818916], [0.35946094304267534, 0.3269216267155609, 0.8740194965860444], [0.9326314233378167, -0.09433704354972966, -0.3482802756648373]], "T": [0.024028342239678403, 0.0025894036105052892, -0.02255650129435985], "aligned_model": [[0.332638792000205, -0.5725886424001155, 0.6225341870908013, -0.09863324717382305, 0.16895995095526659, 0.24382161835367, 0.6623957932783725, -0.6278302253215898, -0.16364586438080556, 0.1640818688137497, -0.66476848566991, -0.41237865880950264, 0.47468691492520154, -0.1374706958751604, 0.01714749371975619, -0.030331548553367338], [-0.04667616977525546, 0.5575597934097789, 0.26125596478160057, -0.3900916223187424, -0.7479362520679103, -0.3589601180427601, -0.17028789765145813, -0.11095703328744659, 0.4456962427653649, 0.6074632660245679, 0.2135940603016298, -0.5389481811068392, 0.558524507141747, -0.21860000509212096, 0.30085915184400447, 0.051999876053492135], [-0.7352124486685487, -0.06268394977004227, 0.5253148747831875, -0.4511264527546922, -0.03378010127923098, 0.3201531869491565, -0.1621062058501577, -0.19853274671592316, -0.5730865134547083, 0.1336165409028479, 0.5189535167822878, 0.28797626455876923, -0.31901620578483414, 0.7222240871970714, 0.6042878718487633, -0.032028983558297225]], "inverted": true, "swapped": false, "error_lsq": 0.046976519352113985, "error_max": 0.3678453146310434, "target": "727.xyz", "model": "25.xyz", "model_rescale": 4.100010024507729, "target_rescale": 4.14018235770736},
{"mapping": [1, 8, 0, 3, 2, 5, 12, 4, 7, 13, 10, 15], "R": [[-0.18499222296322618, 0.877213596411684, 0.443028423144163], [-0.578411210176241, 0.26726593482765504, -0.7707200477625819], [-0.7944925105912459, -0.3988298212912108, 0.4579480584774219]], "T": [0.007888132053709931, 0.09002597210722699, -0.03282952182020585], "aligned_model": [[-0.6182639707909651, -0.12210887464417604, 0.31570583355978477, 0.5200321612063842, -0.47223295921722047, 0.10346695935886292, -0.0959159929108648, 0.6408133763188674, 0.11266659724247953, -0.18580623037645672, -0.31212430688642445, -0.009466990497264509], [-0.36686786412263106, -0.6268683698814437, -0.34738889780590043, -0.26612156191563496, 0.6217022681311474, 0.7837012046310345, 0.21219896579651504, 0.39073297756713576, -0.4605167590095983, 0.5560074513617241, 0.0680878787486913, 0.10146409654959959], [-0.1769298646292088, 0.0806675599293191, 0.5559600847990585, -0.13722004180613057, 0.33277605916793096, 0.14715572055893347, 0.6496871437096359, -0.1930049975008943, -0.4490373303349806, -0.6839472110906993, -0.5779437861502366, 0.017028953201628956]], "inverted": true, "swapped": true, "error_lsq": 0.045353916809572986, "error_max": 0.21194950897051576, "target": "727.xyz", "model": "26.xyz", "model_rescale": 3.6694154284099745, "target_rescale": 4.14018235770736},
