[{"mapping": [0, 3, 1, 6, 2, 10, 13, 11, 5, 9, 8, 16], "R": [[-0.6651997267840744, -0.6936766160373204, 0.27626450341910536], [-0.7335241908831833, 0.5380041223806744, -0.4153237600843125], [0.13946893874825325, -0.47891994807526284, -0.8667087737296904]], "T": [-0.021823823418618604, -0.1412434830329252, 0.09534693722835581], "aligned_model": [[-0.32181587536701134, 0.1444434134438477, 0.39379327384792484, -0.188453140326295, -0.08806149675278813, -0.4698675262915158, 0.5298915193440128, -0.40489877784484735, 0.7144769017965971, 0.13095088704818508, -0.5276399964470182, -0.07517671999054285], [-0.3095133097015367, -0.8656669860374088, -0.0959708943290479, 0.6010510402107485, 0.33501311225060815, -0.6452379978218314, -0.10851093855934897, -0.5246188686570364, 0.04590728975995981, 0.4075713989565414, 0.3143282830870797, -0.1007970931816706], [-0.5601799862598383, -0.019611360759279703, -0.5160996237240193, -0.018102847411227155, -0.5947794099519715, 0.002993384211917957, 0.5972825509004551, 0.519474596493649, -0.1038630460041677, 0.45034447125440086, 0.3564759152266, 0.06801710137704349]], "inverted": true, "swapped": true, "error_lsq": 0.046483987631552225, "error_max": 0.24266636867422653, "target": "728.xyz", "model": "0.xyz", "model_rescale": 3.751011558992144, "target_rescale": 4.451779290812284},
{"mapping": [3, 10, 1, 4, 7, 15, 11, 12, 0, 9, 8, 14, 13, 5, 16], "R": [[0.3271817116301897, -0.7762750532910864, -0.5388405786618717], [-0.8674343320071588, -0.4729212247530989, 0.15460658082152737], [-0.37484637817382466, 0.416824371667433, -0.8280988080863396]], "T": [-0.02602637093818508, 0.02031497698183303, 0.018393876130228658], "aligned_model": [[0.2151815517964988, 0.03389316755422253, -0.5149671095166042, 0.06585061391250244, -0.19958604522540066, -0.43437035613902075, 0.4495248495456079, 0.6978481129291215, -0.5843797860698997, 0.07611716563122928, -0.07971417111375209, 0.548805218951412, 0.4985804504057181, -0.15677697651812245, -0.0769204750544785], [-0.048929691932243946, -0.5617908155503862, 0.4460291052882164, 0.48914781347128966, -0.7690796621729556, 0.47459604250635234, -0.4766145035772167, 0.033904682943346344, -0.29878723646807637, 0.3293241885198671, -0.3218211039907951, -0.05320555762595394, 0.5393200067482996, 0.7832902139130948, -0.016626132245732693], [-0.6906008557771243, -0.32923423634546867, -0.3398776840687787, -0.5084629413011088, 0.28416403493859027, 0.19895922923868858, -0.004398807183457566, -0.13595949538270008, -0.34826775862217957, 0.6054553219241391, 0.6599891538109515, 0.3865313740735377, 0.13162841704573203, -0.11435345566628508, 0.054094108167440084]], "inverted": true, "swapped": true, "error_lsq": 0.0416882717647482, "error_max": 0.22660698313475228, "target": "728.xyz", "model": "1.xyz", "model_rescale": 3.9405287249114394, "target_rescale": 4.451779290812284},
{"mapping": [0, 7, 10, 9, 8, 3, 15, 6, 14, 12, 13, 4, 16], "R": [[0.487300890742694, -0.6114681140088396, 0.6234136567575734], [-0.07990691650045217, -0.7421426568268635, -0.6654616154319903], [0.8695704264616908, 0.27446497493931205, -0.4105073092586733]], "T": [-0.07519161055312304, 0.007671500841881368, 0.05640705854550708], "aligned_model": [[-0.27026882574926436, 0.20072949104526525, -0.44624161158978204, 0.4657589087624303, 0.5400542732732657, -0.8259166843992509, 0.23566287510518139, 0.6515245441198702, 0.10179718759668013, -0.43775386312568343, -0.1043422538485688, -0.5876832306117458, -0.027337531294466928], [0.7158563495812614, 0.3437109095996844, 0.23243782634791169, -0.3427023491684469, -0.009262598517868453, 0.003120911992427783, 0.18542221712370952, 0.2238837733410631, -0.5912652580955322, -0.6123768341504863, -0.6644527342394949, -0.08147678540659178, 0.05593716516437968], [-0.03548751879444485, -0.6749243954700185, -0.46807821772574776, 0.24394861899831416, -0.3344506097261586, 0.011232157602291223, 0.5831841604533098, 0.1859185479334261, -0.22874477339497173, -0.12273698149599567, 0.3801351107614463, 0.5414108084470197, 0.03171344200017367]], "inverted": false, "swapped": true, "error_lsq": 0.046638347077533775, "error_max": 0.2736131663358901, "target": "728.xyz", "model": "2.xyz", "model_rescale": 3.932901565614263, "target_rescale": 4.451779290812284},
{"mapping": [0, 4, 1, 10, 2, 6, 15, 7, 11, 8, 13, 12, 9, 16], "R": [[0.5334882050521597, 0.8457199150324334, 0.012172115171908865], [-0.8446812702806087, 0.5334650755522132, -0.043915427849545274], [-0.043633550249343, 0.013146805072141691, 0.9989610977455694]], "T": [0.08536811327116692, -0.021125001975904292, 0.010512381958800129], "aligned_model": [[-0.4098620842772335, 0.6089000147389514, 0.2640222435744206, -0.3369381442666112, -0.24014679723663798, -0.15317739041831693, 0.2512240627085328, -0.7168263793274198, -0.10684560419862271, -0.32678723428736633, 0.7723007145267823, 0.47268501218906156, 0.3176426809141786, 0.02361881741298473], [-0.031348238407330475, 0.12121607013988979, -0.34265656980348025, 0.4945414686337234, -0.6810356926699545, -0.7157175977550638, -0.612465037139643, 0.08411098015374414, 0.5444544277593336, -0.2640232979522748, 0.01772579409850164, 0.5439376719371334, -0.4371374452246874, -0.05810589541940298], [-0.5396403696386338, -0.44935399246352337, -0.6324139189067294, -0.12743081399361963, -0.39696776766452385, 0.2391485791886762, -0.15839205947408094, 0.27378034105699545, 0.3522449877220734, 0.5607054075633454, 0.30036547605366715, 0.291036366962866, 0.4833160497791024, 0.017498076871481996]], "inverted": false, "swapped": true, "error_lsq": 0.044712164625886244, "error_max": 0.2476822632460377, "target": "728.xyz", "model": "3.xyz", "model_rescale": 3.9243930471874484, "target_rescale": 4.451779290812284},
{"mapping": [0, 7, 2, 1, 15, 10, 3, 6, 9, 14, 13, 12, 16], "R": [[-0.933079447157407, 0.1862749883792543, 0.30767576114594486], [-0.30134251312688065, 0.062132575594378125, -0.9514894811990223], [-0.1963553795412888, -0.9805310661852166, -0.0018420561551831804]], "T": [-0.020168832526672467, -0.07026715618598117, -0.047458638632238676], "aligned_model": [[0.014957587464670866, -0.47436963179963565, 0.5898943615839556, 0.5463300310862076, 0.61168633073504, -0.5646253181088261, -0.3443003886966287, 0.426501895116973, 0.25586711037515597, -0.36705779793118376, 0.07543261027702268, -0.48203631374017325, -0.011074590051225604], [-0.6414638614263488, 0.045519693809738276, -0.27346255112529705, -0.5450534391066527, -0.013754809565035359, -0.41994323176822174, -0.644978432585237, 0.34412831764498736, 0.5374193890962031, 0.4749908775911433, 0.2706832688183379, 0.05268249411568003, -0.058938161817710624], [-0.5170605676724939, -0.7575260111300144, -0.5896916878456214, 0.0006152503761620506, -0.10477661858516718, -0.2585903199334004, 0.3135057628116724, -0.5169253514672839, 0.023832012404226777, 0.18432480645836394, 0.6098189062474075, 0.5178428075784391, -0.1182986738713269]], "inverted": true, "swapped": true, "error_lsq": 0.040539357009489824, "error_max": 0.25592931873526564, "target": "728.xyz", "model": "4.xyz", "model_rescale": 3.8936222436046832, "target_rescale": 4.451779290812284},
{"mapping": [7, 0, 6, 8, 15, 1, 3, 13, 14, 11, 9, 16], "R": [[-0.4084971048325796, 0.2558672999165619, 0.876163249729643], [0.9039819493959147, 0.24621295518074438, 0.3495651811429838], [-0.1262804438928008, 0.9348321269268474, -0.3318766999288503]], "T": [-0.12608891484699053, -0.0611516611203016, 0.07241715163712323], "aligned_model": [[0.14921930040287607, -0.6283186882740566, -0.23106007180680466, 0.25574362996363675, -0.5379922380397391, -0.8432642708473275, -0.23675817147315803, 0.15723149851338653, 0.5348823782196999, 0.4290903318850195, 0.11554975892080865, -0.13677541524924483], [-0.6042203262366244, -0.5707854594504957, 0.29448742504269987, -0.017990677164232416, 0.3841509397025795, 0.06995287268467312, -0.47229491418796066, 0.4816554092557428, 0.118267034584191, -0.45398976048506434, 0.5176074445906825, -0.0779170832263837], [-0.5218743978255402, -0.11748850783653639, -0.6014813857741867, -0.5471996777990922, -0.12190523392389144, 0.2032803844042946, 0.6923874389333249, 0.49960636838173, 0.12024731481290962, 0.17759134072602833, -0.16676851873688145, 0.0028895939133594534]], "inverted": false, "swapped": true, "error_lsq": 0.044484346361430165, "error_max": 0.22567221628268658, "target": "728.xyz", "model": "5.xyz", "model_rescale": 3.6523030999806103, "target_rescale": 4.451779290812284},
{"mapping": [12, 13, 9, 11, 8, 3, 15, 10, 1, 0, 6, 7, 16], "R": [[-0.5685873792948751, -0.2588732073671244, 0.7808284412174314], [0.7744049004638126, -0.4886373448615369, 0.40190869030701526], [0.27749854458036094, 0.8331975802378002, 0.47830570772431324]], "T": [0.002263844227010453, -0.043619743351070064, 0.062334137181845356], "aligned_model": [[0.20245419741025628, -0.10571422909253339, 0.13399364570673697, 0.5488300754836308, 0.5797553316039831, -0.2326928732439302, -0.4002098293699847, 0.26702253250562813, -0.7035945300888151, -0.18785251515508405, 0.09396135625851446, 0.6569904070785938, 0.028139335567298508], [-0.46731297882418327, 0.02815316637498877, 0.5162123604345071, -0.4484503335892149, 0.3796728776941829, -0.7563844508871803, 0.44754415618756876, -0.5763043556943344, 0.02477016477295317, -0.23521073502658002, 0.6855118676948962, -0.050466544133112134, -0.006908290841309055], [0.6354063634381704, 0.7975823838927394, 0.4084503185271091, 0.16714313690190674, -0.07518283307628568, 0.11144043659062103, 0.012405094147625514, -0.2684720751688513, -0.15153697261027252, -0.6269946486825502, -0.16481339678272444, -0.4809769002484904, 0.00565883255279169]], "inverted": false, "swapped": true, "error_lsq": 0.04603552112033042, "error_max": 0.2575628895976782, "target": "728.xyz", "model": "6.xyz", "model_rescale": 4.08911054899281, "target_rescale": 4.451779290812284},
{"mapping": [2, 0, 1, 6, 9, 13, 15, 4, 8, 7, 14, 11, 12, 3, 16], "R": [[0.11786399332524367, -0.405879183588426, 0.9062947464302215], [-0.2621065450004833, -0.8930064400949509, -0.3658410269732636], [0.957814302537468, -0.19442630037763742, -0.21163689559273013]], "T": [0.04551169469160027, -0.0431130174534638, 0.0016061645166982053], "aligned_model": [[0.08762879391399359, 0.40080101332996615, 0.5545436426338408, -0.47053284621719477, -0.463075727196853, -0.01501920083972974, 0.030886961577148514, 0.6487037631460073, -0.6442984794001614, -0.3686993614660668, -0.40365594499557395, -0.110790206331527, 0.09989621726060557, 0.6804774507151723, 0.009467463669927081], [-0.6426303199145054, -0.6922500012568253, -0.19439217181255553, -0.34001745345009565, 0.2393608793068258, 0.6900950363456078, -0.09698802841137238, 0.29361897657971375, -0.2706472643338324, -0.6432631132797872, 0.38645234529712075, 0.04411227824278395, 0.5428985944946951, 0.08934717375839182, -0.10493811539705195], [-0.5868556464746151, 0.022006888458471582, -0.5147804824439204, -0.4854083422581946, -0.33321986189375635, -0.1254472089534395, -0.632904311253869, -0.16749323742788097, 0.06464637667751341, 0.43995499548859607, 0.2932975660334172, 0.6661126294154294, 0.4506458355554045, 0.3822929156086064, -0.008778084449682323]], "inverted": true, "swapped": true, "error_lsq": 0.04249978626457023, "error_max": 0.29265207610969535, "target": "728.xyz", "model": "7.xyz", "model_rescale": 3.964800864290218, "target_rescale": 4.451779290812284},
{"mapping": [10, 11, 3, 0, 4, 8, 1, 12, 14, 9, 6, 5, 13, 16], "R": [[0.14435364876040718, -0.9131003600434424, -0.38132631246491844], [-0.5748259051494156, -0.39105250174799766, 0.7187858649457344], [-0.8054422405478323, 0.11543688043761363, -0.581323596438438]], "T": [-0.068012682517673, -0.04027195731066712, 0.05750558797293727], "aligned_model": [[-0.11321239507148786, 0.26888527823540853, 0.23109099136158173, -0.640297753465496, 0.19909900507643524, -0.28067465915611584, -0.39009888578678387, 0.6497316815918738, 0.422707284431133, 0.03690375721857725, -0.5550843812179252, 0.011008536006586259, 0.5514724705741543, -0.13034304033706867], [-0.33047603191535907, -0.5520698626038937, 0.22394516165704093, 0.05691922213083828, 0.5932846962113816, -0.6457993666791166, 0.6253957054016546, -0.14245935914359634, -0.45475653718281345, -0.1411003261620234, -0.1885293570284862, 0.6736464058415172, 0.1681192619157418, -0.0751711462616837], [-0.5565150879362775, -0.25581540804046526, -0.579970625192477, -0.4019170773649874, -0.12437631909439804, 0.4034758443953186, 0.015066028461694983, -0.09217632307614564, 0.29990668166261, 0.7127821072560148, 0.634062823535549, 0.37519254852683837, 0.4183543707447727, 0.06874547484697348]], "inverted": true, "swapped": true, "error_lsq": 0.047175876847493914, "error_max": 0.2988844011881666, "target": "728.xyz", "model": "8.xyz", "model_rescale": 4.121658175737393, "target_rescale": 4.451779290812284},
{"mapping": [7, 8, 6, 2, 11, 10, 13, 4, 5, 12, 0, 1, 16], "R": [[0.9513867938391174, 0.23650927983981584, -0.19729807160278282], [0.025788333483519624, -0.6995005568109316, -0.7141666002252834], [-0.30691713924880104, 0.674360683589167, -0.6715947722134856]], "T": [-0.04078855243006356, -0.08396324764056337, -0.03501226760259729], "aligned_model": [[-0.7388530203340352, -0.2985509155326432, 0.20168565265451488, 0.26696541642213967, -0.6350600187082641, -0.6509721728046591, 0.3493754646639877, 0.34149307523862266, 0.7155100317869914, -0.2116308533045697, -0.2536153769740125, 0.45163553097023484, -0.061245317643109934], [0.15773645799581112, -0.15211455668633952, 0.143012477150968, 0.6417985859471648, -0.4241871928026363, 0.076076716681312, -0.7107660684052416, -0.10994920162899538, -0.07411500355108136, -0.7196041949630435, 0.6083853877690077, 0.39347067554200055, -0.03935664363721661], [-0.4571353362961474, -0.713612253880467, -0.7287886165432342, -0.32833701009007527, 0.03351852745234396, 0.22061630791768044, 0.0758518962478783, 0.5641614987892329, 0.17656337071278436, 0.30377587581238846, 0.11790477859642129, 0.24468300731384857, -0.08812661207356574]], "inverted": false, "swapped": true, "error_lsq": 0.04447028016511883, "error_max": 0.24896272664203545, "target": "728.xyz", "model": "9.xyz", "model_rescale": 3.833441315466971, "target_rescale": 4.451779290812284},
{"mapping": [13, 9, 11, 7, 8, 14, 6, 0, 3, 10, 4, 1, 15, 12, 16], "R": [[0.6089555724118703, 0.2232889831527229, -0.7611275457051563], [-0.4694402349165187, -0.6720151345846472, -0.572731634127802], [-0.6393738942669269, 0.7060720139559434, -0.3044065282449489]], "T": [-0.008061924926756121, 0.030311914859571278, 0.053037805629625415], "aligned_model": [[0.09716430389164393, -0.11103055580543625, -0.5775765334436902, -0.6571981653624811, -0.5594198743934542, -0.4962211916951011, -0.05631436277630992, 0.17712470185195564, 0.1857468771790473, -0.29953325482423626, 0.5650506499350543, 0.7024359341062576, 0.42198513416886035, -0.2370617854390258, -0.031306859098552436], [-0.6969263603935614, -0.4527740826071731, 0.03322982178907322, 0.5518135363482344, 0.04692509717701968, -0.4481359246175157, 0.055256582157638796, 0.7469557964774426, 0.1735848692493789, 0.4889274191595125, -0.1352507944587855, 0.222825871123539, -0.04933685232091429, -0.41104281424873484, 0.07504937445982429], [0.18514583322558975, -0.4014800885422451, 0.4393692370067581, -0.12177304733921317, -0.42373508775502283, 0.11745859655829886, -0.7142214777553351, 0.06540604799389484, 0.765470697067205, 0.4629147291562214, 0.44027762900567174, -0.029334791038219246, -0.4100340509291767, 0.6014618922439744, 0.0011957889236910296]], "inverted": false, "swapped": true, "error_lsq": 0.034019944668187654, "error_max": 0.22929442032873468, "target": "728.xyz", "model": "10.xyz", "model_rescale": 4.2482417240324, "target_rescale": 4.451779290812284},
{"mapping": [9, 13, 4, 12, 2, 0, 1, 10, 14, 7, 8, 16], "R": [[0.775640581409043, -0.5554646007321975, 0.2997344921841029], [0.36173807235634975, 0.78036552077031, 0.5100737407481347], [-0.5172303698347129, -0.28720851541398185, 0.8062158601729084]], "T": [0.0068409437618095655, 0.042500217129996784, -0.003413842201323007], "aligned_model": [[-0.5044272871709089, 0.005399262091663488, 0.2903166599376434, 0.4997435384411898, -0.541533548422655, 0.11315821798513985, -0.12792476248866255, 0.5178109082807536, 0.0508425971631601, -0.0016127937842397265, -0.39113919383890117, -0.03386799583117624], [-0.3586111628840187, -0.6972101752195947, -0.18809219918335057, -0.48157740351131345, 0.5858475232578858, 0.7461740747720802, 0.24146000283718716, 0.4292996906809612, -0.4369437535240898, 0.5897264013062345, 0.14075937974380054, 0.09529901177485711], [-0.17156732232612257, 0.09771506654273876, 0.6067438184629108, -0.17775142134295735, 0.3305641065276998, 0.2004617387053138, 0.6972339179598472, -0.2327142390529809, -0.49286167051131474, -0.6548527663158109, -0.6063573927688344, -0.03142154602613331]], "inverted": true, "swapped": true, "error_lsq": 0.04404673507710729, "error_max": 0.24881316523320363, "target": "728.xyz", "model": "11.xyz", "model_rescale": 3.6694154284099745, "target_rescale": 4.451779290812284},
{"mapping": [9, 13, 4, 12, 14, 6, 8, 2, 3, 0, 1, 10, 5, 16], "R": [[-0.9106789782357265, 0.20230377649451342, 0.360190200610165], [-0.0829634703392633, 0.7645660844051809, -0.6391836709167372], [-0.4046984818217127, -0.61197376136023, -0.6794904371790769]], "T": [0.12058722804682095, 0.013488874724161208, 0.005878832924186096], "aligned_model": [[-0.1196614104066322, 0.05743689141923097, -0.10425604308587164, 0.5999193678411505, 0.5019335218076381, -0.3116963375782289, 0.2605804153534376, -0.5106851978269833, 0.41942104028520477, 0.04420322679454011, -0.4703996130419179, 0.6403346717205229, -0.5195741114840401, 0.110708428457759], [-0.35434779692319895, 0.26046239980998587, 0.6841380620487002, 0.3544217775867256, -0.17990595003308896, -0.6226813221542054, -0.6982634170191986, -0.2593649130431054, 0.6764970511926689, 0.05762932334133102, 0.3587417825880032, 0.10952841466483504, 0.39043514753938974, -0.04630327146258808], [-0.5016030985064361, -0.6958452667548065, -0.06827564069114064, -0.4435756890305746, -0.53127597635148, -0.0015871981280471611, -0.06756884123241017, 0.49015982968609373, 0.1976290001584252, 0.7408908181092952, 0.28905556042879466, 0.434739895435995, -0.24898143057267544, 0.04533349710138246]], "inverted": false, "swapped": true, "error_lsq": 0.04820466526440499, "error_max": 0.26512388346214055, "target": "728.xyz", "model": "12.xyz", "model_rescale": 3.9764082729961374, "target_rescale": 4.451779290812284},
{"mapping": [0, 10, 3, 13, 1, 2, 6, 4, 12, 0, 11, 14, 7, 8, 9, 16], "R": [[0.331416761667301, -0.9412279501444566, 0.06521407787298894], [0.9433639140800564, 0.32947698261514996, -0.038851557734183154], [0.015081634444442403, 0.07439666520537759, 0.9971146777120492]], "T": [-0.0919756462941974, 0.08890025227889688, 0.019909933000745568], "aligned_model": [[0.20122922023280487, -0.24085584493237472, -0.6788040411099526, -0.5361747529988775, 0.02528652033691288, 0.6116919649998579, 0.6095017054411693, -0.5450794633851547, -0.7642784735338016, 0.20122922023280487, -0.4039489689625711, -0.3317325885322072, 0.33159761053104586, 0.374640968869574, 0.10903163534517694, -0.024494398725013772], [-0.2501487355203113, -0.5500638856611789, -0.1273075410877676, 0.5797127761346614, 0.47628836443908495, 0.27408022765990625, 0.3154060075496573, 0.4446353172744876, 0.020364524150888755, -0.2501487355203113, -0.43745728014231977, 0.04218333637739903, -0.6230655483584177, -0.1243503022001871, 0.49231258346278206, 0.0630230087848684], [-0.5692438697828772, -0.16131458591453507, -0.39786541471721454, 0.3651501670536269, -0.6004400573777889, -0.4020407969735685, 0.23959609541658516, -0.3971910253535453, 0.32209476758925865, -0.5692438697828772, 0.33491433355993266, 0.6615453291201528, 0.21379399372609076, 0.5379611984182449, 0.5173189194421183, 0.022361758429095144]], "inverted": false, "swapped": true, "error_lsq": 0.044428112478656995, "error_max": 0.4404624394847315, "target": "728.xyz", "model": "13.xyz", "model_rescale": 4.170626492500431, "target_rescale": 4.451779290812284},
{"mapping": [10, 0, 7, 2, 14, 9, 6, 3, 12, 1, 4, 15, 13, 16], "R": [[-0.5784128401930472, 0.815670547537043, -0.010961030080838097], [0.3576491711420632, 0.2656489340111886, 0.8952752170367024], [0.7331614124333112, 0.5139184777173709, -0.44537864966728324]], "T": [0.022395350229170448, 0.051527004190573364, 0.029183659664349805], "aligned_model": [[0.3345687402400785, -0.18955489980851647, -0.1794935414250997, -0.7217377420579694, 0.2918391392915721, -0.2617281685621481, -0.7047340793341813, 0.628470566819291, 0.6992495614186321, -0.22275254691999027, 0.3419709590091222, -0.4651275702653429, 0.32735363889698055, -0.035141035210784606], [-0.3532062994141149, -0.6429419176895306, -0.0792518843843475, -0.31496758199457614, 0.6397569247947201, 0.6507612901935915, 0.2902412624347017, -0.3733689038172223, 0.3513082052359264, -0.3753012194114405, -0.15939262966660944, 0.0913205381591785, 0.5923691868484111, 0.03874749663697788], [-0.4202844002670037, -0.11509219163737286, -0.7869280924307562, 0.16857450675412156, -0.2004844665040664, 0.13288145406709143, -0.0478594302222173, 0.1625475049480315, 0.031059851175229254, 0.5826945012824687, 0.6285233407437488, 0.43717608622857596, 0.4437807831595523, -0.012716346176536629]], "inverted": false, "swapped": true, "error_lsq": 0.04589356129449325, "error_max": 0.2752598706252145, "target": "728.xyz", "model": "14.xyz", "model_rescale": 3.9786697098870705, "target_rescale": 4.451779290812284},
{"mapping": [3, 11, 1, 5, 0, 2, 14, 8, 15, 13, 7, 16], "R": [[-0.881846374409397, 0.07918178243613576, 0.46484106667896546], [0.1705849118348316, 0.9726024604853712, 0.15794062717396332], [-0.4395995448078906, 0.2185742418219462, -0.8711931708964763]], "T": [-0.012904711709727575, -0.051121155849539295, -0.027885597556815772], "aligned_model": [[-0.19794061958894857, -0.6951977680433599, 0.6286455691205766, 0.67833910316576, 0.07512505413451287, 0.5688729291763103, -0.42470931691131514, -0.26787097378689245, 0.591569048926277, 0.08454080956683555, -0.5453822929144982, -0.012636946077921643], [-0.3492595018863332, -0.13893078514066062, 0.008466108452447156, -0.42174844241548604, 0.49575181720310085, 0.5560790035146647, -0.3815050261057646, 0.32579375560332846, 0.04210203659774799, -0.7415630559648347, 0.6016167527969464, 0.0178718275692829], [-0.6931110145796004, -0.04719965066890544, -0.3932849281914895, -0.06870458796661563, -0.5190131012533235, -0.04591035900907972, 0.411005400921461, 0.5417733643318561, 0.14999316053272602, 0.23893822470819245, 0.09170320755534433, -0.006223222506735435]], "inverted": true, "swapped": true, "error_lsq": 0.04665117302065974, "error_max": 0.2257799365886853, "target": "728.xyz", "model": "15.xyz", "model_rescale": 3.769337070930944, "target_rescale": 4.451779290812284},
{"mapping": [0, 3, 2, 1, 7, 11, 8, 12, 9, 5, 16], "R": [[-0.334101535135548, -0.16063287828922193, 0.9287482127210748], [0.6498866503033355, -0.7529427311224709, 0.10355957419449552], [0.6826591433340513, 0.6381804776568734, 0.3559524855371354]], "T": [0.01304995699056019, 0.018535876942468936, 0.044146981645782346], "aligned_model": [[-0.35587481273926364, -0.3386413025235944, -0.37429058856763514, -0.6956273758375507, 0.519868351404613, 0.48064148139831625, 0.617336320409551, 0.2475365530709411, 0.32248819084177655, -0.5333666219573976, 0.03255593519141453], [0.13546085615188713, -0.6295789271865171, 0.7163047051499848, 0.23213736354061276, 0.1668652063225503, -0.4438918057658742, 0.4054491598513011, -0.6147637651135806, 0.3796373724132094, 0.1762963184905685, 0.07214801377120039], [-0.5869224097319506, -0.10387353951792028, -0.2214996128003714, 0.07251806881921691, -0.6229618245524585, -0.1586489328396254, -0.08515916912735605, 0.34738205783256537, 0.517871400918988, 0.5858012555717692, -0.0002896873490800464]], "inverted": false, "swapped": true, "error_lsq": 0.041165689161416476, "error_max": 0.2273992245931385, "target": "728.xyz", "model": "16.xyz", "model_rescale": 3.7852294659196426, "target_rescale": 4.451779290812284},
{"mapping": [11, 13, 9, 14, 3, 4, 1, 15, 8, 7, 0, 6, 16], "R": [[0.030843889060812424, -0.7737478579879212, 0.6327423699790524], [-0.06689156774544064, -0.6332222664666501, -0.7710739779135307], [0.9972833963684353, -0.018542208874420207, -0.0712882445982222]], "T": [-0.06501588251314407, 0.0832201619579622, -0.02694177289815928], "aligned_model": [[0.004284652156716709, -0.3361875569146939, 0.27612163643917775, 0.12791194192155053, -0.708185111920304, -0.7467500499418608, -0.4265564120884164, 0.0015662389037689045, 0.6495013719457732, 0.5548124083716383, -0.08954956978621899, 0.5513060419503418, -0.0045097408211904055], [-0.21020111279525303, -0.5500591339877263, -0.31544514987538674, -0.5552054568028859, 0.16956780264312457, 0.10074560095565258, 0.5577570892289248, 0.2642597252064115, -0.04415334562150999, 0.31872359595272565, 0.8000224608147862, 0.21623991965784994, 0.12280362832616104], [-0.6455763740817817, 0.2608495673269807, 0.39168968592902176, -0.18989399597198023, -0.4071088984196681, 0.1749371485822496, 0.41209948468405166, 0.5801096591349181, -0.09640443035234034, -0.5600943369673465, -0.21029409974335622, 0.4136151151566386, -0.02817382813421366]], "inverted": false, "swapped": true, "error_lsq": 0.03942347666105431, "error_max": 0.22734801360868148, "target": "728.xyz", "model": "17.xyz", "model_rescale": 3.901054581598922, "target_rescale": 4.451779290812284},
{"mapping": [3, 10, 1, 4, 7, 15, 11, 12, 0, 9, 8, 14, 13, 5, 16], "R": [[0.3271817116301897, -0.7762750532910864, -0.5388405786618717], [-0.8674343320071588, -0.4729212247530989, 0.15460658082152737], [-0.37484637817382466, 0.416824371667433, -0.8280988080863396]], "T": [-0.02602637093818508, 0.02031497698183303, 0.018393876130228658], "aligned_model": [[0.2151815517964988, 0.03389316755422253, -0.5149671095166042, 0.06585061391250244, -0.19958604522540066, -0.43437035613902075, 0.4495248495456079, 0.6978481129291215, -0.5843797860698997, 0.07611716563122928, -0.07971417111375209, 0.548805218951412, 0.4985804504057181, -0.15677697651812245, -0.0769204750544785], [-0.048929691932243946, -0.5617908155503862, 0.4460291052882164, 0.48914781347128966, -0.7690796621729556, 0.47459604250635234, -0.4766145035772167, 0.033904682943346344, -0.29878723646807637, 0.3293241885198671, -0.3218211039907951, -0.05320555762595394, 0.5393200067482996, 0.7832902139130948, -0.016626132245732693], [-0.6906008557771243, -0.32923423634546867, -0.3398776840687787, -0.5084629413011088, 0.28416403493859027, 0.19895922923868858, -0.004398807183457566, -0.13595949538270008, -0.34826775862217957, 0.6054553219241391, 0.6599891538109515, 0.3865313740735377, 0.13162841704573203, -0.11435345566628508, 0.054094108167440084]], "inverted": true, "swapped": true, "error_lsq": 0.0416882717647482, "error_max": 0.22660698313475228, "target": "728.xyz", "model": "18.xyz", "model_rescale": 3.9405287249114394, "target_rescale": 4.451779290812284},
{"mapping": [3, 1, 5, 2, 10, 13, 4, 11, 12, 14, 15, 9, 0, 8, 6, 16], "R": [[0.9594529203817375, 0.1169427545351327, 0.2564653694608527], [-0.2769108602530095, 0.22115236959103934, 0.9350999972720602], [0.05263524527248088, -0.9682024693141433, 0.24456800561214403]], "T": [0.018943860756865355, 0.032274313368296934, -0.04359010826668841], "aligned_model": [[-0.4312622657616685, 0.23396822640625392, 0.6075246396503388, 0.23223008539404097, -0.6616299255928383, 0.47370898546981755, 0.13297603436827393, -0.4547316836841132, -0.11179065093704718, 0.10041697912006062, 0.5333079600031044, 0.5794798375991106, -0.3960677136790014, 0.06913653850677404, 0.44927283683113395, 0.010625214277146796], [-0.17358842254374746, -0.6688198829782791, -0.35845298918516233, -0.5760807839320555, 0.040220596166821235, 0.35427276812603686, -0.3334159601416486, 0.5226659818979983, 0.4937854669159722, 0.7061995184695044, -0.3034256513475616, 0.36349207882313056, -0.5181648473225564, 0.4580860597487361, 0.021297630103536233, 0.024280566176911357], [-0.6097920101032739, -0.14792383126616487, -0.3867425946125968, 0.49668316606857665, -0.037346127210021035, -0.5404867531117008, -0.6428321313521522, -0.13715756201075519, -0.6074339291984573, -0.146297420807952, 0.12509614067895683, 0.11967454353681084, 0.2262387943353137, 0.5461123844174942, 0.5938530867717531, 0.027798000539046713]], "inverted": false, "swapped": true, "error_lsq": 0.04325812832306095, "error_max": 0.2873694523164356, "target": "728.xyz", "model": "19.xyz", "model_rescale": 4.410303926677745, "target_rescale": 4.451779290812284},
{"mapping": [10, 11, 3, 0, 4, 8, 1, 12, 14, 9, 6, 5, 13, 16], "R": [[0.14435364876040718, -0.9131003600434424, -0.38132631246491844], [-0.5748259051494156, -0.39105250174799766, 0.7187858649457344], [-0.8054422405478323, 0.11543688043761363, -0.581323596438438]], "T": [-0.068012682517673, -0.04027195731066712, 0.05750558797293727], "aligned_model": [[-0.11321239507148786, 0.26888527823540853, 0.23109099136158173, -0.640297753465496, 0.19909900507643524, -0.28067465915611584, -0.39009888578678387, 0.6497316815918738, 0.422707284431133, 0.03690375721857725, -0.5550843812179252, 0.011008536006586259, 0.5514724705741543, -0.13034304033706867], [-0.33047603191535907, -0.5520698626038937, 0.22394516165704093, 0.05691922213083828, 0.5932846962113816, -0.6457993666791166, 0.6253957054016546, -0.14245935914359634, -0.45475653718281345, -0.1411003261620234, -0.1885293570284862, 0.6736464058415172, 0.1681192619157418, -0.0751711462616837], [-0.5565150879362775, -0.25581540804046526, -0.579970625192477, -0.4019170773649874, -0.12437631909439804, 0.4034758443953186, 0.015066028461694983, -0.09217632307614564, 0.29990668166261, 0.7127821072560148, 0.634062823535549, 0.37519254852683837, 0.4183543707447727, 0.06874547484697348]], "inverted": true, "swapped": true, "error_lsq": 0.047175876847493914, "error_max": 0.2988844011881666, "target": "728.xyz", "model": "20.xyz", "model_rescale": 4.121658175737393, "target_rescale": 4.451779290812284},
{"mapping": [12, 13, 9, 11, 8, 3, 15, 10, 1, 0, 6, 7, 16], "R": [[-0.5685873792948751, -0.2588732073671244, 0.7808284412174314], [0.7744049004638126, -0.4886373448615369, 0.40190869030701526], [0.27749854458036094, 0.8331975802378002, 0.47830570772431324]], "T": [0.002263844227010453, -0.043619743351070064, 0.062334137181845356], "aligned_model": [[0.20245419741025628, -0.10571422909253339, 0.13399364570673697, 0.5488300754836308, 0.5797553316039831, -0.2326928732439302, -0.4002098293699847, 0.26702253250562813, -0.7035945300888151, -0.18785251515508405, 0.09396135625851446, 0.6569904070785938, 0.028139335567298508], [-0.46731297882418327, 0.02815316637498877, 0.5162123604345071, -0.4484503335892149, 0.3796728776941829, -0.7563844508871803, 0.44754415618756876, -0.5763043556943344, 0.02477016477295317, -0.23521073502658002, 0.6855118676948962, -0.050466544133112134, -0.006908290841309055], [0.6354063634381704, 0.7975823838927394, 0.4084503185271091, 0.16714313690190674, -0.07518283307628568, 0.11144043659062103, 0.012405094147625514, -0.2684720751688513, -0.15153697261027252, -0.6269946486825502, -0.16481339678272444, -0.4809769002484904, 0.00565883255279169]], "inverted": false, "swapped": true, "error_lsq": 0.04603552112033042, "error_max": 0.2575628895976782, "target": "728.xyz", "model": "21.xyz", "model_rescale": 4.08911054899281, "target_rescale": 4.451779290812284},
{"mapping": [15, 14, 3, 5, 9, 12, 4, 1, 0, 7, 11, 8, 5, 10, 6, 13, 16], "R": [[-0.9486781360067783, 0.23425664680112523, 0.21244674083684548], [-0.15803311772664375, -0.9330585565632555, 0.32315207523036477], [0.2739257709020852, 0.2729936875709536, 0.9221925604677753]], "T": [0.012280336281434611, -0.08536986856534795, -0.01550840651852121], "aligned_model": [[-0.33184609483960237, 0.295520313210491, 0.6310150771463899, -0.29259196259899356, 0.07826152193578068, 0.6348998506562665, 0.3258671973714671, -0.5956616357356751, 0.11276570499928971, 0.49308831569478245, -0.7126917150776291, -0.5789599679708073, -0.29259196259899356, 0.23573697216584305, -0.09687874041564205, 0.6507480426814356, 0.042124387021638565], [-0.3641007797470349, -0.11604433518848584, -0.5487671897950467, 0.5481594283391613, 0.46914775809741377, 0.23591491586441182, -0.6896589663876409, -0.5560088880006908, -0.44875342792045386, 0.15534660720330815, 0.014995009234038806, 0.07279999349594751, 0.5481594283391613, 0.6662997536821502, 0.16679837443241546, -0.2327449970727062, -0.10890153493975661], [-0.5946397357089721, -0.5905360393446989, -0.4113733663449675, -0.07401110121892697, -0.4578931897360992, -0.2480821231067386, 0.13545567090580887, 0.1817321910037089, 0.6612001553035717, 0.4499756998002719, -0.2396410598981501, 0.31034311706745255, -0.07401110121892697, 0.1747422704433842, 0.6773549290314498, 0.07033753345536428, 0.013148944117391438]], "inverted": true, "swapped": false, "error_lsq": 0.04695329621089982, "error_max": 0.4011391984561286, "target": "728.xyz", "model": "22.xyz", "model_rescale": 4.204369325754507, "target_rescale": 4.451779290812284},
{"mapping": [3, 1, 5, 2, 10, 13, 4, 11, 12, 14, 15, 9, 0, 8, 6, 16], "R": [[0.9594529203817375, 0.1169427545351327, 0.2564653694608527], [-0.2769108602530095, 0.22115236959103934, 0.9350999972720602], [0.05263524527248088, -0.9682024693141433, 0.24456800561214403]], "T": [0.018943860756865355, 0.032274313368296934, -0.04359010826668841], "aligned_model": [[-0.4312622657616685, 0.23396822640625392, 0.6075246396503388, 0.23223008539404097, -0.6616299255928383, 0.47370898546981755, 0.13297603436827393, -0.4547316836841132, -0.11179065093704718, 0.10041697912006062, 0.5333079600031044, 0.5794798375991106, -0.3960677136790014, 0.06913653850677404, 0.44927283683113395, 0.010625214277146796], [-0.17358842254374746, -0.6688198829782791, -0.35845298918516233, -0.5760807839320555, 0.040220596166821235, 0.35427276812603686, -0.3334159601416486, 0.5226659818979983, 0.4937854669159722, 0.7061995184695044, -0.3034256513475616, 0.36349207882313056, -0.5181648473225564, 0.4580860597487361, 0.021297630103536233, 0.024280566176911357], [-0.6097920101032739, -0.14792383126616487, -0.3867425946125968, 0.49668316606857665, -0.037346127210021035, -0.5404867531117008, -0.6428321313521522, -0.13715756201075519, -0.6074339291984573, -0.146297420807952, 0.12509614067895683, 0.11967454353681084, 0.2262387943353137, 0.5461123844174942, 0.5938530867717531, 0.027798000539046713]], "inverted": false, "swapped": true, "error_lsq": 0.04325812832306095, "error_max": 0.2873694523164356, "target": "728.xyz", "model": "23.xyz", "model_rescale": 4.410303926677745, "target_rescale": 4.451779290812284},
{"mapping": [1, 10, 3, 11, 9, 8, 2, 0, 0, 5, 7, 13, 14, 15, 6, 4, 16], "R": [[-0.437072434605885, -0.8224255232944467, 0.3641207842756853], [0.26872238394678216, 0.2669406960907919, 0.9254895705174218], [-0.8583448999520198, 0.5023533849835385, 0.10433172730257151]], "T": [-0.026163050541966056, 0.08240858331747825, -0.0006177633028993497], "aligned_model": [[-0.33941087962743566, 0.268696768292709, 0.31991085904461986, -0.37121178468191074, 0.19723565475388422, 0.7231790024445014, 0.4262089650853021, -0.14592481639575003, -0.14592481639575003, 0.3337784202360426, -0.625893177740487, -0.5750599064662683, -0.2627720412419956, 0.3248154434279609, -0.13404019806881276, 0.6072693410529373, -0.002051530073507203], [-0.4565086257876312, 0.07405991644024187, -0.6841988490057548, 0.3362111608166283, 0.5790802099718417, 0.2802321431655447, -0.6753189169512489, -0.6220949831716952, -0.6220949831716952, -0.02360742284255206, -0.20145351348005192, 0.273757771301954, 0.7120404829013206, 0.6426617106048639, 0.4113755340420324, -0.18633483611305623, -0.025165649084549102], [-0.5903459963678743, -0.5809383068594501, -0.3196739941530373, -0.4667155098475191, -0.31018245343572215, -0.27458672878898954, 0.23198177666270003, 0.2437541977110139, 0.2437541977110139, 0.5041641475060886, -0.04156872439605847, 0.3947103961333273, 0.07507798665039166, 0.26816601777411364, 0.6761697632756106, -0.021227294648742505, -0.048436680375942315]], "inverted": false, "swapped": false, "error_lsq": 0.04367286374602563, "error_max": 0.3824593996689244, "target": "728.xyz", "model": "24.xyz", "model_rescale": 4.28219845311461, "target_rescale": 4.451779290812284},
{"mapping": [8, 10, 9, 0, 6, 3, 14, 2, 11, 1, 12, 4, 5, 15, 13, 16], "R": [[-0.8313363450676022, 0.5022476862465336, 0.23796458356159644], [-0.40371031022294734, -0.251455556369493, -0.879652254354299], [-0.381965792695278, -0.8273556459171062, 0.4118067124025004]], "T": [-0.11093454821848357, 0.0008905269029290258, -0.06528193144579676], "aligned_model": [[-0.038740225302001455, -0.573805116794938, 0.15932635838230652, 0.045396704926079515, 0.48772768310961645, -0.567202477410607, -0.484126937617836, 0.6315558146795699, -0.75265360258123, 0.3808712215206971, -0.72579688952184, -0.11020431251963074, 0.3464234620677754, 0.5065944267328987, -0.21866227433671537, -0.07838306921313484], [0.3552931484886192, -0.4302284949687474, 0.6136330927613374, -0.68944639714424, 0.26438849501207295, -0.4420611772602871, 0.5704347912824845, -0.33216027335095427, 0.07311526246468071, -0.39755622372506116, 0.27459655890473156, -0.201879251794587, 0.0819458372883022, 0.07282324511087164, 0.5432970729904331, -0.011084310345423846], [-0.6983464934653624, -0.3166184291977961, -0.11074319368601433, -0.28212515546843536, -0.4700160363950243, 0.3362936910775509, -0.1530806475111779, -0.27804324006654624, -0.30316345911401926, 0.31945349387133276, 0.2429926557203707, 0.6164127205742003, 0.5680445832480489, 0.07329509635350064, 0.43630602192490453, -0.12873558728778584]], "inverted": true, "swapped": true, "error_lsq": 0.050475779683905334, "error_max": 0.3609660909360581, "target": "728.xyz", "model": "25.xyz", "model_rescale": 4.100010024507729, "target_rescale": 4.451779290812284},
{"mapping": [9, 13, 4, 12, 2, 0, 1, 10, 14, 7, 8, 16], "R": [[0.775640581409043, -0.5554646007321975, 0.2997344921841029], [0.36173807235634975, 0.78036552077031, 0.5100737407481347], [-0.5172303698347129, -0.28720851541398185, 0.8062158601729084]], "T": [0.0068409437618095655, 0.042500217129996784, -0.003413842201323007], "aligned_model": [[-0.5044272871709089, 0.005399262091663488, 0.2903166599376434, 0.4997435384411898, -0.541533548422655, 0.11315821798513985, -0.12792476248866255, 0.5178109082807536, 0.0508425971631601, -0.0016127937842397265, -0.39113919383890117, -0.03386799583117624], [-0.3586111628840187, -0.6972101752195947, -0.18809219918335057, -0.48157740351131345, 0.5858475232578858, 0.7461740747720802, 0.24146000283718716, 0.4292996906809612, -0.4369437535240898, 0.5897264013062345, 0.14075937974380054, 0.09529901177485711], [-0.17156732232612257, 0.09771506654273876, 0.6067438184629108, -0.17775142134295735, 0.3305641065276998, 0.2004617387053138, 0.6972339179598472, -0.2327142390529809, -0.49286167051131474, -0.6548527663158109, -0.6063573927688344, -0.03142154602613331]], "inverted": true, "swapped": true, "error_lsq": 0.04404673507710729, "error_max": 0.24881316523320363, "target": "728.xyz", "model": "26.xyz", "model_rescale": 3.6694154284099745, "target_rescale": 4.451779290812284},
