[{"mapping": [6, 0, 1, 9, 2, 4, 3, 5, 7, 11, 8, 12], "R": [[0.0921749153990594, -0.9275109866192996, 0.3622528877340661], [0.8525260110825201, 0.2614834599808342, 0.45257684494920664], [-0.5144931344526407, 0.26711377698828104, 0.8148294574597509]], "T": [-0.07446093816485094, -0.07319028535790315, 0.019474267211824395], "aligned_model": [[-0.313269355973241, 0.23584070147966735, 0.37044165315282507, -0.084960506280959, -0.021200412871758847, -0.4412575294689383, 0.2980925073296054, -0.3520350042232229, 0.5049116541506127, 0.12565798351862695, -0.4330056419113695, -0.05157358644129922], [-0.38368721411344453, -0.6477012097144422, -0.20297545796079858, 0.7358838501582924, 0.3792585966213584, -0.6748790047886435, -0.21131504010159527, -0.5154271889347873, -0.05199552212873906, 0.5490981482970595, 0.1284138390734984, -0.05111876043070143], [-0.5903688893266917, -0.10142803624644302, -0.6739995362570255, -0.08772134573358352, -0.5737959392486182, 0.03997052966671395, 0.6134402611083745, 0.6829166015202083, 0.01748734394900299, 0.4733409397025756, 0.43451948425132564, -0.05240966803227651]], "inverted": false, "swapped": true, "error_lsq": 0.043411002673236006, "error_max": 0.24072476726632075, "target": "729.xyz", "model": "0.xyz", "model_rescale": 3.751011558992144, "target_rescale": 4.010604046212424},
{"mapping": [7, 0, 2, 6, 12, 11, 3, 1, 9, 8, 13, 4, 14], "R": [[0.9266364818722612, 0.07102622273097975, 0.3691884425980421], [0.34249297541986534, -0.564487931758816, -0.7510339118087158], [0.15505931849278226, 0.82237987000122, -0.5474010935003055]], "T": [0.06391935679148486, 0.06548959589363448, 0.08112066719124102], "aligned_model": [[-0.36330471772754075, 0.2643654606639636, 0.69396415289573, -0.47301407902671067, -0.5089416313694176, -0.686324930509983, 0.021053580696600932, 0.11756327820046925, -0.12048415402426535, 0.6927051291647801, 0.1351961681355481, 0.3250206443613268, 0.02164874145813281], [-0.40341404714296614, -0.5303867892110511, 0.13399552363711884, -0.3068484744532569, 0.17311232596324022, 0.2677161176888948, -0.062088490351979414, -0.6039075600737335, 0.6980790693240166, 0.01620803263224105, 0.5441749354041912, -0.09958380519774962, 0.09495318909964487], [-0.11197513156059737, -0.3434464201063981, -0.44999946493902665, 0.45097549295529915, -0.3795557271387595, 0.262694156943406, -0.6707385261837319, 0.2674411618087207, 0.07718053544329968, 0.28756201993652947, -0.4604346487302857, 0.8092352596774113, 0.06244168975407895]], "inverted": true, "swapped": false, "error_lsq": 0.04865944003039353, "error_max": 0.3038486876690075, "target": "729.xyz", "model": "1.xyz", "model_rescale": 3.9405287249114394, "target_rescale": 4.010604046212424},
{"mapping": [2, 8, 10, 1, 5, 0, 9, 4, 6, 3, 11, 7, 12], "R": [[-0.5645187038604242, 0.701718067634968, -0.4346382249024965], [0.267665546927755, -0.3424849474133302, -0.9005882609623302], [-0.7808161038167774, -0.6247365959746035, 0.005513408242877549]], "T": [-0.0019183742946138026, -0.00995623477506004, 0.04104888707692751], "aligned_model": [[-0.5811747875648325, 0.417169943219387, 0.6787672817830765, -0.47964242568253973, -0.5118126111905755, -0.6852465647663613, 0.20139882905947404, 0.24311925494427153, 0.0060495685136162415, 0.5486090235380302, 0.013627528474126047, 0.3239345801626487, -0.05535197757168754], [-0.31019636285617636, -0.5086781144037322, 0.09273502654735326, -0.34117960386743784, 0.1662773141371111, 0.44083084953345586, -0.08043929844373192, -0.6119747319107347, 0.48123809481095164, 0.019763670576240913, 0.5585109239958502, 0.09302728332818519, -0.07790502412872359], [-0.1551334278670226, -0.3788692466261676, -0.44640230203893316, 0.5789123854209466, -0.44580415419410646, 0.2221112437475321, -0.7361739636204832, 0.3041572511520751, 0.2734716395332587, 0.19216470368928162, -0.3881570114650381, 0.756677352292428, 0.02442592783617532]], "inverted": true, "swapped": false, "error_lsq": 0.04933279872777162, "error_max": 0.2737038650196099, "target": "729.xyz", "model": "2.xyz", "model_rescale": 3.932901565614263, "target_rescale": 4.010604046212424},
{"mapping": [6, 12, 9, 1, 4, 0, 5, 10, 3, 8, 7, 11, 13], "R": [[0.07628226757767159, -0.326891231070375, -0.9419783111635339], [0.8813654764618958, -0.41964829728360936, 0.21700277299625292], [-0.4662358979682971, -0.8467806266302167, 0.2560989219216541]], "T": [-0.0315015073003566, 0.053997352756024145, 0.0497840465017734], "aligned_model": [[-0.2983430244054385, 0.28876540853909843, 0.5678576473046054, -0.528954451940519, -0.6363224145922288, -0.5897163309379518, 0.043180837927694934, 0.0731437106749332, -0.009519765344405531, 0.5825729024045745, 0.12280083774997365, 0.5087992309432898, -0.004816945404992674], [-0.49217454297376484, -0.5493799199914063, 0.0682887118210397, -0.19348710424891408, 0.27908155649011623, 0.40215394197153775, -0.15615973333015382, -0.6231287230146655, 0.4367166417645662, 0.40464452293736775, 0.5732716017488271, -0.18643455587860247, -0.04138236997733663], [-0.26195963947397416, -0.2915292692509108, -0.3749008958215274, 0.5397438737549431, -0.5390751691600025, 0.17680187674648937, -0.6336310778067774, 0.25881776667036904, 0.38702020548031035, 0.24662384664713327, -0.41528324754509005, 0.7190943690959416, -0.010342241476958447]], "inverted": true, "swapped": false, "error_lsq": 0.05140082057993656, "error_max": 0.3442429427035389, "target": "729.xyz", "model": "3.xyz", "model_rescale": 3.9243930471874484, "target_rescale": 4.010604046212424},
{"mapping": [8, 7, 2, 9, 10, 11, 4, 1, 6, 0, 3, 5, 12], "R": [[0.24165763915683564, -0.570156786025106, -0.7851896744014573], [0.04456171475469767, -0.8017979533000629, 0.5959314521502884], [-0.9693378353367137, -0.17900078612495507, -0.16835343641096995]], "T": [-0.10747654152403613, -0.005140328675788607, -0.022325655724502555], "aligned_model": [[-0.4575116162907257, 0.309946287208257, 0.7215375639069301, -0.5534456943378707, -0.6088050654220063, -0.7018380485938986, 0.052662899400216234, 0.27865210150630854, -0.09832344400352871, 0.7098936718828079, 0.24489261658918982, 0.2484434182791631, -0.026657047206208817], [-0.4254170759643359, -0.6056622830463668, -0.07998174137421281, -0.4349811386107755, 0.31163624292999137, 0.23476688696713655, -0.09501477229949669, -0.4759744690368711, 0.6698640737660866, 0.09950893516134497, 0.49383447590661633, 0.21598990341936916, 0.013440989500124878], [-0.33406155522576947, -0.35103574574950996, -0.4202563861982584, 0.3153661929035325, -0.40370477723862397, 0.44169267169761434, -0.5868123369525658, 0.35101089925567897, 0.23419294443263566, 0.1880949211547276, -0.3048384716589328, 0.6085828181781022, 0.06314922326131565]], "inverted": false, "swapped": false, "error_lsq": 0.05417367128416799, "error_max": 0.3606707201810186, "target": "729.xyz", "model": "4.xyz", "model_rescale": 3.8936222436046832, "target_rescale": 4.010604046212424},
{"mapping": [1, 7, 2, 6, 9, 11, 3, 8, 4, 0, 10, 12], "R": [[0.6732564958060838, -0.16075747115438543, 0.7217220561427783], [-0.29153927110690686, -0.9547186149625727, 0.059306151842791616], [0.6795075748344283, -0.25033857415906513, -0.6896376251558787]], "T": [-0.05365262672330923, -0.019146071512629703, 0.05064736666389002], "aligned_model": [[-0.014656874561100486, -0.34527074097664606, -0.3493672286969843, 0.44700152579130764, -0.7220300119696257, -0.7727150702001135, -0.2291878459817605, -0.13978442270532546, 0.6322151563886331, 0.3169829483770728, 0.27349265273315476, -0.06913204598351536], [-0.5112084401875727, -0.5191879053967347, 0.11360077195771856, 0.010105274841514352, 0.3653718906271116, 0.12377247206392128, -0.3784663845761138, 0.4149757253546861, 0.021237864663583204, -0.5698990074993033, 0.6315828072475894, -0.032962163986592366], [-0.6216936030334856, 0.018354853849275536, -0.6234797444662038, -0.47264629569594796, -0.21697121417429321, 0.360177536691719, 0.6428858481459359, 0.4321976765384894, 0.20858302775772497, 0.03428427634865935, -0.11724085238846518, -0.025166790297889978]], "inverted": true, "swapped": true, "error_lsq": 0.04251949545082199, "error_max": 0.2780577111192005, "target": "729.xyz", "model": "5.xyz", "model_rescale": 3.6523030999806103, "target_rescale": 4.010604046212424},
{"mapping": [8, 5, 0, 9, 6, 10, 1, 7, 4, 3, 2, 11, 12], "R": [[-0.6203751237287, 0.6214865746617296, -0.4784236024422612], [-0.5400123254962582, -0.7808478767614607, -0.3141071181448173], [-0.5687894110922985, 0.0634903998439863, 0.8200290086069683]], "T": [-0.06843026326523155, -0.023961182130764716, -0.032724814562830384], "aligned_model": [[-0.471800013915906, 0.1789294930268942, 0.8244678845450246, -0.48828959553871915, -0.5790413966830514, -0.6592302928655909, 0.1624074957370224, 0.3595400460716916, 0.03446440276324106, 0.6044160938930327, 0.028318324664322825, 0.09889801850149699, 0.026367182719174875], [-0.5089385909797718, -0.5992616276507692, -0.19299802564132834, -0.3567801613686803, 0.14606555495684787, 0.378291930555658, 0.12669065914272498, -0.3591783352066994, 0.4733708336948735, 0.13217698970290886, 0.6756510795021097, 0.07714117677051556, -0.0702214561597781], [-0.2689299369302478, -0.30057939887739643, -0.43437537621026034, 0.45267455023128916, -0.39740500483537405, 0.2800383546647692, -0.6702142793645376, 0.38114585884482666, 0.23411812737982962, 0.041702021345136175, -0.3109226368326854, 0.8253827324769155, -0.0312546140323186]], "inverted": true, "swapped": false, "error_lsq": 0.05469004114073499, "error_max": 0.37289745652939355, "target": "729.xyz", "model": "6.xyz", "model_rescale": 4.08911054899281, "target_rescale": 4.010604046212424},
{"mapping": [8, 10, 12, 9, 4, 3, 5, 11, 6, 13, 7, 1, 14], "R": [[-0.7647752608203273, -0.3093601232688022, -0.5651682179389705], [-0.5829817675462129, -0.041213042757963336, 0.8114393038393712], [-0.2743192649922597, 0.9500514718886244, -0.14883259594713988]], "T": [0.027123463003397047, 0.050250929642723506, 0.018090650870730335], "aligned_model": [[-0.4625743560656548, 0.0892710401900336, 0.6164757477411881, -0.32529157467756253, -0.5017939466482975, -0.7278548817271716, 0.07120230503115509, 0.315491649903452, -0.2046573376596775, 0.7327051526560086, 0.329612212552014, 0.1880885264769558, -0.0012268948538096958], [-0.4154827983723737, -0.5399496782590495, -0.17591493801409241, -0.3568853339369456, 0.10029749342992059, 0.2195039691810239, 0.1395788087503337, -0.4336702914304067, 0.49122396884261793, 0.1641806960632757, 0.6874119850848729, 0.08955550590151534, -0.04783935992208154], [-0.07376311265128059, -0.39065844036274466, -0.3128395574702163, 0.5878283203314255, -0.4451492490976232, 0.1848615831722267, -0.7372760251767083, 0.18300003064102166, 0.049129426559661585, 0.176422611958653, -0.3009944637332117, 0.7325774999319744, 0.14824177375676817]], "inverted": true, "swapped": false, "error_lsq": 0.05286521153064521, "error_max": 0.282168635462041, "target": "729.xyz", "model": "7.xyz", "model_rescale": 3.964800864290218, "target_rescale": 4.010604046212424},
{"mapping": [2, 0, 3, 7, 4, 12, 6, 1, 9, 5, 11, 8, 13], "R": [[0.8249708146105705, 0.5575109059520283, -0.09276176359535235], [0.16649494356892522, -0.3965780753110136, -0.9027764196901648], [-0.5400949812826924, 0.7293198337678474, -0.41998808467156246]], "T": [0.052539782749062076, -0.013865137593131602, -0.05641298946332692], "aligned_model": [[-0.393049171070798, 0.23076581340316224, 0.6422985073597967, -0.37317352047738106, -0.4700281971772539, -0.5576598147729593, 0.09344885474284498, 0.11087482509338671, -0.018203689890708218, 0.7792901526807489, -0.18673631479500893, 0.1806795921065052, 0.08094060571629873], [-0.47272858333335915, -0.6138024135625716, -0.17804146980260974, -0.27040651142473143, 0.1000914760676222, 0.3221872648218879, 0.12358765885855302, -0.6296822351253255, 0.5732530878103029, 0.06479483240263856, 0.7120444460752078, 0.16885164476470935, 0.02186082976628684], [-0.22817896441535196, -0.40493862614217285, -0.44524904024844836, 0.45330053000652054, -0.5136109679940125, 0.23582008755504572, -0.6184975024636032, 0.368423704331012, 0.2959281481669563, 0.34944071803828186, -0.3772486950452003, 0.6792855548535123, 0.006905451217407148]], "inverted": true, "swapped": false, "error_lsq": 0.045177213430639226, "error_max": 0.2822418233358364, "target": "729.xyz", "model": "8.xyz", "model_rescale": 4.121658175737393, "target_rescale": 4.010604046212424},
{"mapping": [5, 10, 3, 4, 7, 9, 11, 0, 6, 2, 8, 1, 12], "R": [[0.33079743509934634, 0.5294614199893324, -0.7811809404194228], [0.8249622299786858, -0.5642192962434877, -0.033074232494459344], [-0.4582688905438463, -0.6335038993482074, -0.6234279697529851]], "T": [-0.0037478104595027612, 0.016635914770057637, -0.07170174388030376], "aligned_model": [[-0.3707258377538062, 0.13096888568697132, 0.688410214763575, -0.3750452343249928, -0.46243492396560354, -0.7662127607484793, 0.15575728899098598, 0.25187470430056813, -0.18955046594539923, 0.6366879423908429, 0.18069193466549097, 0.21932705318171877, 0.01969884167676183], [-0.4789281011260415, -0.6104175325337989, -0.21669015513835965, -0.27224002541769143, 0.21887128174768758, 0.23183846410739364, 0.09150996178665821, -0.5873397911961934, 0.5925531588067328, 0.1916983378899548, 0.6972104929448351, 0.04454423320142761, 0.019399702246006262], [-0.10992921970449065, -0.47807130056374086, -0.37029880463342596, 0.6811706436663638, -0.5232744385376202, 0.18427653522651266, -0.6816067158932804, 0.36268831087761083, 0.2659056484107466, 0.13211593283417278, -0.25433131894346495, 0.5797508228406467, 0.01298430227991565]], "inverted": false, "swapped": false, "error_lsq": 0.04524780084303301, "error_max": 0.23701665796587093, "target": "729.xyz", "model": "9.xyz", "model_rescale": 3.833441315466971, "target_rescale": 4.010604046212424},
{"mapping": [0, 1, 6, 2, 10, 8, 12, 5, 9, 4, 11, 3, 14], "R": [[0.3341718696770652, -0.25186771101033023, 0.9082355518624844], [-0.42088072717742, -0.902095221777707, -0.09530804969380055], [0.8433199719010221, -0.3504095703548158, -0.40746111225074316]], "T": [0.025254347416078304, 0.009431118344687647, -0.0728201367034534], "aligned_model": [[-0.30078932990412344, 0.24577517349033579, 0.6616515928886815, -0.20713458335429896, -0.6783366656968343, -0.6084768861345086, 0.17100707808095722, 0.0888490927822145, -0.25030352815153534, 0.706475389628831, -0.11760385947340952, 0.38360275231303376, 0.02473141644929033], [-0.529499346177225, -0.5691079545102187, -0.07945507909058296, -0.11635851546456662, 0.10867228403875878, 0.4390917628909001, 0.048422587875391415, -0.5796147421002609, 0.453094626111851, -0.19633812271406653, 0.596374775812667, 0.29000595828839104, 0.056721792357573006], [-0.33180360450281293, -0.4756501745128718, -0.29265497904036974, 0.595627772867045, -0.48617836006219745, 0.07324771235076143, -0.6561346865977109, 0.2533943389433165, 0.5477768948887983, 0.28705413463434887, -0.3897203682054235, 0.6669001007147242, 0.009521616382338435]], "inverted": true, "swapped": false, "error_lsq": 0.056805267883418886, "error_max": 0.39098791933587707, "target": "729.xyz", "model": "10.xyz", "model_rescale": 4.2482417240324, "target_rescale": 4.010604046212424},
{"mapping": [1, 7, 9, 11, 6, 10, 2, 8, 3, 4, 0, 12], "R": [[-0.0721457203389495, -0.6711533520618947, -0.7377995480161642], [0.2617649152320354, -0.7265379341372912, 0.6353123321745632], [-0.9624313607683092, -0.1472949702997335, 0.22810100292208546]], "T": [0.033706030423746626, 0.07516607527808436, -0.10894214913824543], "aligned_model": [[-0.7109595065759879, -0.15762945991245442, 0.4195941800665295, 0.6565961930291745, -0.5136350051064413, 0.17568714641098812, -0.16755034651962308, 0.5823049324512842, 0.2665001016218735, -0.1667113019978905, -0.4923261902849281, -0.015105140819517464], [-0.16512823416824282, -0.4689970246598958, -0.15431600290404984, -0.3958955687587494, 0.5116101623116128, 0.760420892759052, -0.007288305906843401, 0.2648772729928447, -0.33853492408325647, 0.604702197480534, -0.00574459880794112, 0.060425523795574664], [0.17988358679764513, -0.16727753618955776, 0.5726958844874639, 0.04400949917268493, 0.07888976635494938, 0.15359500907349186, 0.6067486765647497, -0.17609842893104372, -0.6431036631681704, -0.5289582671681478, -0.506070393346387, -0.04912184379332119]], "inverted": true, "swapped": true, "error_lsq": 0.05399556562413033, "error_max": 0.35412412983152836, "target": "729.xyz", "model": "11.xyz", "model_rescale": 3.6694154284099745, "target_rescale": 4.010604046212424},
{"mapping": [4, 11, 9, 0, 3, 1, 8, 6, 12, 7, 2, 5, 13], "R": [[-0.3289536546117952, -0.15164521122785035, 0.9320907804657254], [-0.7032477889081452, 0.698083751433391, -0.13461657914420905], [-0.6302634691248964, -0.6997733961050141, -0.3362813607536203]], "T": [0.08829077668987143, 0.021333456669669702, 0.035193448610379374], "aligned_model": [[-0.4732713155656397, 0.2680160621360389, 0.7189742136262978, -0.39951035242665833, -0.5387829582259569, -0.6901595439053756, 0.09591572248574123, 0.16681271776340906, 0.03082758620846157, 0.7976323874907151, -0.16161745344695233, 0.32481070580434424, -0.020200129025791172], [-0.4248133177115707, -0.5579810167553741, -0.019193842332385004, -0.15753150804136754, 0.01925470907366774, 0.352321277844983, 0.09202298191157443, -0.4771135493074849, 0.5866638008942602, 0.04058900996054996, 0.5200226554963844, -0.05520865217817305, 0.0029774784635464915], [-0.14723385746280632, -0.3856654488346342, -0.4600662885980312, 0.5259023717583253, -0.5547413871049454, 0.004604975285642687, -0.7181608521895657, 0.29061412212003174, 0.407843531000136, 0.25571333733579804, -0.30417144774127175, 0.7985874629840131, 0.08815387930725381]], "inverted": false, "swapped": false, "error_lsq": 0.04997384676923718, "error_max": 0.28293520514458353, "target": "729.xyz", "model": "12.xyz", "model_rescale": 3.9764082729961374, "target_rescale": 4.010604046212424},
{"mapping": [12, 5, 4, 1, 13, 10, 6, 9, 8, 7, 14, 2, 15], "R": [[0.11427806408533353, -0.733668145923976, 0.669829512432368], [0.5845972467887084, -0.49548745921994203, -0.6424470692616071], [0.803235073385102, 0.464998096138298, 0.37227703054551703]], "T": [0.016567765354087438, 0.010425701619284999, -0.035597038214585215], "aligned_model": [[-0.5280094772027043, 0.2985807752049082, 0.6844858728639347, -0.30615609477503586, -0.40938123582057895, -0.6617619207183261, 0.14643855342592485, 0.038514437383907474, -0.09099572551514026, 0.6766238423955571, -0.05025701507107577, 0.22208282448416158, 0.09928280626310136], [-0.3217537033106223, -0.6869249137795188, -0.09255921675144793, -0.16630276188934504, 0.095750895404872, 0.2352310488617152, 0.03741139463848959, -0.5660023983719613, 0.5069612105122517, 0.19452110835378564, 0.610085977033755, 0.004941283799987128, 0.07065010281665018], [-0.05309003046639592, -0.4057249719246857, -0.2787908498707731, 0.4820311474073266, -0.46660470159269135, 0.33247672042948956, -0.7879693904957578, 0.1339556546125101, 0.4558654939167838, 0.28294425471754664, -0.5597630828855843, 0.7351123723534086, -0.06906221834123115]], "inverted": true, "swapped": false, "error_lsq": 0.04187513877665772, "error_max": 0.2756491864406789, "target": "729.xyz", "model": "13.xyz", "model_rescale": 4.170626492500431, "target_rescale": 4.010604046212424},
{"mapping": [11, 9, 1, 12, 6, 5, 3, 10, 4, 0, 2, 8, 13], "R": [[0.5005005199621019, -0.8104573405157902, -0.3043979775257025], [-0.02707311907790605, 0.3367817817707026, -0.9411934326644785], [0.8653128195866852, 0.4793088051261142, 0.14661784880265272]], "T": [0.11174694706861946, 0.03550150391411934, -0.0003075995743386621], "aligned_model": [[-0.3710630171753845, 0.2181870855615768, 0.725638568030196, -0.3421760802273014, -0.57105270799024, -0.7915480583102865, 0.0693290389100185, 0.12299281938062084, -0.07575128402523693, 0.6573978660284789, 0.19426455589623193, 0.2651931856020216, 0.018035671237938866], [-0.38717898346056134, -0.7164885222265129, -0.2485378041352359, -0.1329100651827832, 0.30291621205955954, 0.00014364941179674517, 0.032510300274295065, -0.4477310066923219, 0.5483428606006678, 0.2763509383717707, 0.6467790356903597, 0.037729293405136054, 0.010084119202440962], [-0.29677917519424785, -0.2822436490013136, -0.36537364714841486, 0.5485981754645095, -0.4123309871982438, 0.09983122276116545, -0.6885411196807899, 0.2907047301022008, 0.4523526337150411, -0.011032854236711642, -0.22935517239549938, 0.7263323261377416, -0.030782085465490976]], "inverted": false, "swapped": false, "error_lsq": 0.05054593353568167, "error_max": 0.3515289366645096, "target": "729.xyz", "model": "14.xyz", "model_rescale": 3.9786697098870705, "target_rescale": 4.010604046212424},
{"mapping": [10, 9, 5, 4, 8, 3, 2, 7, 0, 6, 11, 12], "R": [[0.9586178004254955, 0.21457159440793072, 0.18711211500227268], [0.14401683093677747, 0.20145661538865578, -0.9688520963093773], [-0.2455831124371399, 0.9557061593342305, 0.16221797648935637]], "T": [0.040902376362402786, -0.01280785000395837, 0.02277359072114769], "aligned_model": [[-0.10168991115622078, -0.7650517370177223, 0.6407149739199264, 0.6074245864585066, -0.04998102762002738, 0.35754764315246645, -0.5584227495420009, 0.04487454135692344, 0.5703423505227769, 0.15528727775127696, -0.4180561610278023, 0.0003648099692334997], [-0.5304441249523354, 0.10769099604052787, 0.2624833562437707, -0.34687253935635837, 0.18822088855018723, 0.6272380254522095, -0.34625557427972836, 0.29506671975721654, -0.09904871882008978, -0.713552738433346, 0.6233519867711058, -0.05320378674872049], [-0.4972059165842133, -0.023270869903879162, -0.5037396299675372, -0.23108172250438266, -0.5183259499510772, 0.05010803527942362, 0.3213338373504955, 0.5140202067688929, 0.41421081820404515, 0.1684416189015757, -0.11117847871153792, 0.07665454499202445]], "inverted": true, "swapped": true, "error_lsq": 0.060280684350005324, "error_max": 0.3165458935810837, "target": "729.xyz", "model": "15.xyz", "model_rescale": 3.769337070930944, "target_rescale": 4.010604046212424},
{"mapping": [6, 10, 0, 4, 1, 2, 7, 9, 3, 5, 12], "R": [[-0.6762414032418236, 0.588743870666451, -0.4428072032998277], [0.6864802627388411, 0.7217041840905114, -0.08881396025547536], [0.2672871366368784, -0.36403808237454327, -0.8922072971958501]], "T": [0.013627406069994961, 0.012365655835666886, 0.09518040868199337], "aligned_model": [[-0.27535719907004136, -0.47476977782783464, -0.08825931138344968, -0.6461620322891372, 0.3749366597988442, 0.4220878549116314, 0.4725437373283089, 0.5250608137930453, 0.12825008672577334, -0.57105592474828, 0.05535122345231007], [-0.054191369251761434, -0.5356551498854649, 0.6038365910653763, 0.22451149521421548, 0.23014460145286492, -0.4237299268851114, 0.36615632601741527, -0.612956033447065, 0.4897753133120301, 0.3141267293748184, -0.005954079341975685], [-0.5661852535376295, -0.045531882455571826, -0.18898240791731316, -0.03389782775325498, -0.6243446964408668, -0.35481616541153216, 0.07637271941690837, 0.2118455341652517, 0.6144219512764757, 0.6242004736566138, 0.03113516222469563]], "inverted": true, "swapped": true, "error_lsq": 0.04750154062600886, "error_max": 0.29820381068286395, "target": "729.xyz", "model": "16.xyz", "model_rescale": 3.7852294659196426, "target_rescale": 4.010604046212424},
{"mapping": [2, 7, 6, 8, 1, 3, 5, 11, 0, 10, 4, 9, 12], "R": [[0.189760547069038, -0.98172774087941, 0.014197801374491392], [0.5390587748429908, 0.11626031365543378, 0.8342057160757855], [-0.8206135339127874, -0.1506458836362622, 0.5512705739495048]], "T": [-0.05892374644426401, 0.0019072755901217518, -0.012127281578340574], "aligned_model": [[-0.45677877523765475, 0.1123924012166998, 0.7098005885224627, -0.2434071955132673, -0.46583439267264254, -0.8086912896685124, 0.14746612876345103, 0.1784170815818355, -0.16124771334455074, 0.7096803892702194, 0.08495644335253866, 0.2993971627638802, 0.013296813884174273], [-0.4492415544855755, -0.5189334586844567, -0.27280789798725036, -0.18320148688573293, 0.06889150805983808, 0.25192810618759165, 0.17417998896430845, -0.6385108410716651, 0.5767685083065768, 0.20190053476184613, 0.6389911198353698, 0.08132904103653353, -0.009283540718773043], [-0.12286630006509079, -0.44893697955601397, -0.3599601525642531, 0.5844517277127437, -0.5636624054222494, 0.07638026927118806, -0.612072564249037, 0.2552040514833284, 0.3411594640776891, 0.12390747180329849, -0.28637051572519573, 0.7705349027064666, 0.04361142838707199]], "inverted": true, "swapped": false, "error_lsq": 0.04687826183018641, "error_max": 0.25639286512791065, "target": "729.xyz", "model": "17.xyz", "model_rescale": 3.901054581598922, "target_rescale": 4.010604046212424},
{"mapping": [7, 0, 2, 6, 12, 11, 3, 1, 9, 8, 13, 4, 14], "R": [[0.9266364818722612, 0.07102622273097975, 0.3691884425980421], [0.34249297541986534, -0.564487931758816, -0.7510339118087158], [0.15505931849278226, 0.82237987000122, -0.5474010935003055]], "T": [0.06391935679148486, 0.06548959589363448, 0.08112066719124102], "aligned_model": [[-0.36330471772754075, 0.2643654606639636, 0.69396415289573, -0.47301407902671067, -0.5089416313694176, -0.686324930509983, 0.021053580696600932, 0.11756327820046925, -0.12048415402426535, 0.6927051291647801, 0.1351961681355481, 0.3250206443613268, 0.02164874145813281], [-0.40341404714296614, -0.5303867892110511, 0.13399552363711884, -0.3068484744532569, 0.17311232596324022, 0.2677161176888948, -0.062088490351979414, -0.6039075600737335, 0.6980790693240166, 0.01620803263224105, 0.5441749354041912, -0.09958380519774962, 0.09495318909964487], [-0.11197513156059737, -0.3434464201063981, -0.44999946493902665, 0.45097549295529915, -0.3795557271387595, 0.262694156943406, -0.6707385261837319, 0.2674411618087207, 0.07718053544329968, 0.28756201993652947, -0.4604346487302857, 0.8092352596774113, 0.06244168975407895]], "inverted": true, "swapped": false, "error_lsq": 0.04865944003039353, "error_max": 0.3038486876690075, "target": "729.xyz", "model": "18.xyz", "model_rescale": 3.9405287249114394, "target_rescale": 4.010604046212424},
{"mapping": [11, 5, 8, 13, 10, 14, 2, 9, 12, 0, 1, 4, 15], "R": [[-0.548112719434373, -0.027525936649623772, -0.8359514158166235], [-0.27770993170874014, -0.9367692632957553, 0.21293318476614936], [-0.7889547773000576, 0.3488633975582551, 0.5058109224003844]], "T": [0.02713722886714322, 0.0646524158826367, 0.07990305250954226], "aligned_model": [[-0.47083358963228006, 0.2547120821234862, 0.6888552529961189, -0.4008684813841595, -0.5387501317785512, -0.7317121556958763, 0.01645343400281875, 0.03379426328495844, -0.11802476725776713, 0.6670291422475254, 0.250628654876846, 0.452312569088873, 0.01585137004664124], [-0.4223327190532763, -0.4943152851376348, -0.2643879116517107, -0.22843360746584063, 0.09943547599870381, 0.1934488481147546, 0.03706828257129459, -0.7005088810938787, 0.4977578662590239, 0.3153480845282933, 0.5902720243967647, 0.2362007494958065, 0.06245710035631058], [-0.10471478025392962, -0.49196007634240085, -0.08175669800025721, 0.506800628377596, -0.4645835595728283, 0.16533169330868813, -0.7886879071082781, 0.13901075470233593, 0.38237077962218996, 0.09898914348312109, -0.25069494147263993, 0.6495188246910709, 0.04175653642527829]], "inverted": false, "swapped": false, "error_lsq": 0.046379220939741964, "error_max": 0.24930568897402652, "target": "729.xyz", "model": "19.xyz", "model_rescale": 4.410303926677745, "target_rescale": 4.010604046212424},
{"mapping": [2, 0, 3, 7, 4, 12, 6, 1, 9, 5, 11, 8, 13], "R": [[0.8249708146105705, 0.5575109059520283, -0.09276176359535235], [0.16649494356892522, -0.3965780753110136, -0.9027764196901648], [-0.5400949812826924, 0.7293198337678474, -0.41998808467156246]], "T": [0.052539782749062076, -0.013865137593131602, -0.05641298946332692], "aligned_model": [[-0.393049171070798, 0.23076581340316224, 0.6422985073597967, -0.37317352047738106, -0.4700281971772539, -0.5576598147729593, 0.09344885474284498, 0.11087482509338671, -0.018203689890708218, 0.7792901526807489, -0.18673631479500893, 0.1806795921065052, 0.08094060571629873], [-0.47272858333335915, -0.6138024135625716, -0.17804146980260974, -0.27040651142473143, 0.1000914760676222, 0.3221872648218879, 0.12358765885855302, -0.6296822351253255, 0.5732530878103029, 0.06479483240263856, 0.7120444460752078, 0.16885164476470935, 0.02186082976628684], [-0.22817896441535196, -0.40493862614217285, -0.44524904024844836, 0.45330053000652054, -0.5136109679940125, 0.23582008755504572, -0.6184975024636032, 0.368423704331012, 0.2959281481669563, 0.34944071803828186, -0.3772486950452003, 0.6792855548535123, 0.006905451217407148]], "inverted": true, "swapped": false, "error_lsq": 0.045177213430639226, "error_max": 0.2822418233358364, "target": "729.xyz", "model": "20.xyz", "model_rescale": 4.121658175737393, "target_rescale": 4.010604046212424},
{"mapping": [8, 5, 0, 9, 6, 10, 1, 7, 4, 3, 2, 11, 12], "R": [[-0.6203751237287, 0.6214865746617296, -0.4784236024422612], [-0.5400123254962582, -0.7808478767614607, -0.3141071181448173], [-0.5687894110922985, 0.0634903998439863, 0.8200290086069683]], "T": [-0.06843026326523155, -0.023961182130764716, -0.032724814562830384], "aligned_model": [[-0.471800013915906, 0.1789294930268942, 0.8244678845450246, -0.48828959553871915, -0.5790413966830514, -0.6592302928655909, 0.1624074957370224, 0.3595400460716916, 0.03446440276324106, 0.6044160938930327, 0.028318324664322825, 0.09889801850149699, 0.026367182719174875], [-0.5089385909797718, -0.5992616276507692, -0.19299802564132834, -0.3567801613686803, 0.14606555495684787, 0.378291930555658, 0.12669065914272498, -0.3591783352066994, 0.4733708336948735, 0.13217698970290886, 0.6756510795021097, 0.07714117677051556, -0.0702214561597781], [-0.2689299369302478, -0.30057939887739643, -0.43437537621026034, 0.45267455023128916, -0.39740500483537405, 0.2800383546647692, -0.6702142793645376, 0.38114585884482666, 0.23411812737982962, 0.041702021345136175, -0.3109226368326854, 0.8253827324769155, -0.0312546140323186]], "inverted": true, "swapped": false, "error_lsq": 0.05469004114073499, "error_max": 0.37289745652939355, "target": "729.xyz", "model": "21.xyz", "model_rescale": 4.08911054899281, "target_rescale": 4.010604046212424},
{"mapping": [9, 12, 13, 15, 5, 11, 10, 14, 1, 4, 6, 2, 16], "R": [[-0.535851151558816, 0.7695992834528702, 0.34724701047225714], [0.7683613717843274, 0.2740164915848866, 0.5783906678787416], [0.3499776360323583, 0.5767424947481665, -0.7381624137199507]], "T": [0.053619662549457124, 0.05890552306330685, -0.023651170681138662], "aligned_model": [[-0.35475506069331175, 0.27165774627340544, 0.6501261552261448, -0.2855943121077327, -0.5314410416115634, -0.6373757773360551, -0.09480606195668861, 0.06500384123281436, -0.08893863561285464, 0.6655475562830477, 0.10471121840990508, 0.2556834564769325, 0.0996285583345898], [-0.44447730488245907, -0.5299732457006696, -0.18874601410844513, -0.17572902181187153, 0.05571741646194198, 0.24916061535124528, -0.04938634167400027, -0.5594926837289487, 0.6393110358899545, 0.1275053282856037, 0.6373180268223771, 0.09013165914061466, 0.07067055727326807], [-0.31925804730655494, -0.41178864088866285, -0.16357502983054686, 0.5775039903568938, -0.41788823435105427, 0.24508909830433176, -0.8093852768210461, 0.1474530205559311, 0.4986561656368008, 0.30365679662487355, -0.49097627910812125, 0.6687713744331645, -0.02687853974606274]], "inverted": true, "swapped": false, "error_lsq": 0.03620167435965033, "error_max": 0.24565355347568513, "target": "729.xyz", "model": "22.xyz", "model_rescale": 4.204369325754507, "target_rescale": 4.010604046212424},
{"mapping": [11, 5, 8, 13, 10, 14, 2, 9, 12, 0, 1, 4, 15], "R": [[-0.548112719434373, -0.027525936649623772, -0.8359514158166235], [-0.27770993170874014, -0.9367692632957553, 0.21293318476614936], [-0.7889547773000576, 0.3488633975582551, 0.5058109224003844]], "T": [0.02713722886714322, 0.0646524158826367, 0.07990305250954226], "aligned_model": [[-0.47083358963228006, 0.2547120821234862, 0.6888552529961189, -0.4008684813841595, -0.5387501317785512, -0.7317121556958763, 0.01645343400281875, 0.03379426328495844, -0.11802476725776713, 0.6670291422475254, 0.250628654876846, 0.452312569088873, 0.01585137004664124], [-0.4223327190532763, -0.4943152851376348, -0.2643879116517107, -0.22843360746584063, 0.09943547599870381, 0.1934488481147546, 0.03706828257129459, -0.7005088810938787, 0.4977578662590239, 0.3153480845282933, 0.5902720243967647, 0.2362007494958065, 0.06245710035631058], [-0.10471478025392962, -0.49196007634240085, -0.08175669800025721, 0.506800628377596, -0.4645835595728283, 0.16533169330868813, -0.7886879071082781, 0.13901075470233593, 0.38237077962218996, 0.09898914348312109, -0.25069494147263993, 0.6495188246910709, 0.04175653642527829]], "inverted": false, "swapped": false, "error_lsq": 0.046379220939741964, "error_max": 0.24930568897402652, "target": "729.xyz", "model": "23.xyz", "model_rescale": 4.410303926677745, "target_rescale": 4.010604046212424},
{"mapping": [11, 1, 3, 13, 9, 14, 10, 7, 5, 2, 8, 12, 16], "R": [[-0.4407276910348645, -0.5080520982705714, -0.7400284912068906], [-0.631937031403585, -0.4098922118283965, 0.6577567658513668], [-0.6375066201192752, 0.7575430285635891, -0.14040608668716442]], "T": [-0.0754146359164265, 0.03351918324003707, 0.03260473757208573], "aligned_model": [[-0.45276204207139364, 0.29672953260064705, 0.7477642396421937, -0.42412485510510245, -0.47977884745888133, -0.7438153760777948, 0.0063558911902721615, -0.015273987894271202, 0.17002257384966377, 0.8009770721794607, -0.01819584854604306, 0.19992909991034213, 0.03162019069954114], [-0.3659426255532166, -0.6501220440320578, -0.053213996804149996, -0.21137284110225535, 0.26228134164465755, 0.06987619937903385, 0.04712023468265887, -0.5880645600902138, 0.5100517715003474, 0.2638588190659955, 0.6267578784937425, 0.011518438948247958, -0.000738588814178695], [-0.2816573902678804, -0.3286136725110347, -0.3196804862842801, 0.5917252105258639, -0.3876064509201917, 0.1329471909198055, -0.6130829102669935, 0.26052500688862956, 0.36166294187050213, 0.14111822671844917, -0.5335229230134028, 0.7875071346905897, -0.0099414804901111]], "inverted": false, "swapped": false, "error_lsq": 0.0426648353500188, "error_max": 0.27113697994668856, "target": "729.xyz", "model": "24.xyz", "model_rescale": 4.28219845311461, "target_rescale": 4.010604046212424},
{"mapping": [13, 14, 10, 4, 9, 3, 12, 2, 1, 6, 5, 0, 15], "R": [[0.7564182839266627, -0.6380687743888682, -0.14387362124910175], [0.6537054133178191, 0.7449850090760795, 0.13291564562117333], [0.022374367933463257, -0.19459078961194778, 0.9806292940034866]], "T": [-0.07022015495817649, -0.007533864698339646, -0.06693127774000492], "aligned_model": [[-0.32477897687611934, 0.4678537585707122, 0.6440182375781889, -0.43907644175438343, -0.5403306500387988, -0.6059076157207175, -0.1158469431731526, 0.16813941692445927, -0.06112287018476227, 0.7544104895310483, 0.016414299677707994, 0.20545039341530272, -0.04977545503085165], [-0.5302746522834154, -0.45357105713963325, 0.12562442535203058, -0.13464694617458847, 0.22618713816829591, 0.4630542381970104, -0.36738190783985314, -0.5757428326032689, 0.5181247563052856, -0.05239695258062333, 0.7964808489168284, -0.07611014432620226, -0.017336886673255034], [-0.18882603610019139, -0.3697049744730983, -0.38605070247909595, 0.5514827237462475, -0.4926592414832101, 0.23577505958209483, -0.7398707120707871, 0.2315704939000659, 0.298414657533661, 0.293857772088248, -0.33401832810823945, 0.6978283019107978, 0.003581383813453673]], "inverted": true, "swapped": false, "error_lsq": 0.055310731298899955, "error_max": 0.3735666143768018, "target": "729.xyz", "model": "25.xyz", "model_rescale": 4.100010024507729, "target_rescale": 4.010604046212424},
{"mapping": [1, 7, 9, 11, 6, 10, 2, 8, 3, 4, 0, 12], "R": [[-0.0721457203389495, -0.6711533520618947, -0.7377995480161642], [0.2617649152320354, -0.7265379341372912, 0.6353123321745632], [-0.9624313607683092, -0.1472949702997335, 0.22810100292208546]], "T": [0.033706030423746626, 0.07516607527808436, -0.10894214913824543], "aligned_model": [[-0.7109595065759879, -0.15762945991245442, 0.4195941800665295, 0.6565961930291745, -0.5136350051064413, 0.17568714641098812, -0.16755034651962308, 0.5823049324512842, 0.2665001016218735, -0.1667113019978905, -0.4923261902849281, -0.015105140819517464], [-0.16512823416824282, -0.4689970246598958, -0.15431600290404984, -0.3958955687587494, 0.5116101623116128, 0.760420892759052, -0.007288305906843401, 0.2648772729928447, -0.33853492408325647, 0.604702197480534, -0.00574459880794112, 0.060425523795574664], [0.17988358679764513, -0.16727753618955776, 0.5726958844874639, 0.04400949917268493, 0.07888976635494938, 0.15359500907349186, 0.6067486765647497, -0.17609842893104372, -0.6431036631681704, -0.5289582671681478, -0.506070393346387, -0.04912184379332119]], "inverted": true, "swapped": true, "error_lsq": 0.05399556562413033, "error_max": 0.35412412983152836, "target": "729.xyz", "model": "26.xyz", "model_rescale": 3.6694154284099745, "target_rescale": 4.010604046212424},
{"mapping": [6, 1, 7, 2, 12, 11, 3, 0, 10, 8, 9, 4, 13], "R": [[0.1529976249055791, -0.8114722499208824, 0.5640075481601222], [-0.3010222563043012, -0.5818733900252119, -0.7555189998868561], [0.9412636867439003, -0.054186212166089265, -0.33329645426912685]], "T": [0.1194023063562569, -0.004131662834443212, 0.006695136494729043], "aligned_model": [[-0.30309849004557765, 0.2222061361178065, 0.532276781308317, -0.4256435751786638, -0.5698489671156319, -0.611788430570078, 0.037000762277665925, 0.1535338785613545, 0.03291101426052134, 0.6119858836331693, 0.07637267140784582, 0.2887288506543164, 0.07481112760758851], [-0.4431550479012122, -0.8231975143417277, 0.0007132751068555983, -0.22000057803231693, 0.13032834898678844, 0.4226562312017132, 0.055391831534790416, -0.5546654615893809, 0.4343400941303259, 0.34749239134236587, 0.6066731562543707, -0.011076778392882647, -0.023489920981078417], [-0.30944087254049996, -0.3066882663471482, -0.4683203571766345, 0.35086841360438065, -0.3628802963953144, 0.14593474645718738, -0.7948646925168564, 0.3709490525209091, 0.40937676586025545, 0.21182713388029928, -0.2931872720664277, 0.8109406567526186, 0.03686538582717716]], "inverted": true, "swapped": false, "error_lsq": 0.04827297589171701, "error_max": 0.2803197179678401, "target": "729.xyz", "model": "27.xyz", "model_rescale": 4.103607728864725, "target_rescale": 4.010604046212424},
{"mapping": [10, 12, 2, 11, 9, 6, 3, 13, 7, 4, 0, 8, 14], "R": [[0.7385242027619081, 0.03213914400113721, -0.673460523978772], [-0.3382979598637854, 0.8816893060799194, -0.3289049374763335], [0.5832122189108256, 0.4707345780449789, 0.6620214987037256]], "T": [-0.09953173458137415, -0.02208434853160418, -0.023415881527953653], "aligned_model": [[-0.4621156732484392, 0.3870105740405474, 0.5766423664950144, -0.37712605515932723, -0.708390396623741, -0.6671883319575251, 0.12833268611650767, 0.219768435259379, -0.10550774857276699, 0.7564298000010523, 0.08176029387986933, 0.28503293757727105, 0.004798755110792516], [-0.29546958197770307, -0.6249474577220206, -0.015333292645597879, -0.24830550688459058, 0.3264921911796432, 0.15831318451282858, -0.07351312032032062, -0.4696096773018905, 0.4897335471046536, -0.045884420789611594, 0.48229345068586366, 0.15556941349481157, 0.0826712979825453], [-0.2548649641790893, -0.3937215263983102, -0.3133533135888084, 0.5629514215812708, -0.44520902001162244, 0.19219947130825454, -0.7368328281861696, 0.3195724777532535, 0.4846077148990536, 0.2738595715628265, -0.4950385877822202, 0.6786020175116614, -0.07139203661015367]], "inverted": false, "swapped": false, "error_lsq": 0.04553370400617959, "error_max": 0.23887850081758133, "target": "729.xyz", "model": "28.xyz", "model_rescale": 4.137296879288765, "target_rescale": 4.010604046212424},
