[{"mapping": [2, 9, 12, 6, 7, 0, 11, 5, 10, 4, 3, 13], "R": [[0.3384772723774915, 0.02010759168440035, 0.9407597040905541], [-0.5708864908408885, 0.799139793227681, 0.18831942399921314], [-0.7480118653198423, -0.6008088511637231, 0.28196980991598675]], "T": [-0.030904473809368706, -0.05681794453311329, -0.07372677780479163], "aligned_model": [[-0.3197975492140633, 0.16717535418664706, 0.31104358981399477, -0.14620341054500335, 0.0003908963983883171, -0.45059612031974944, 0.4742912377981921, -0.32327601335643796, 0.51190550020588, 0.15025368437017914, -0.49637352059179046, -0.04117118628568798], [-0.3148294050331686, -0.7977677817274857, -0.25776752021683175, 0.5850994777131997, 0.34677602029440086, -0.6438862285941426, -0.19535726456748861, -0.30783427091267923, 0.23551253294249958, 0.32248617486982034, 0.2023770485539545, -0.1212537473450212], [-0.6089189125589438, -0.16638858745581353, -0.5768939244239718, 0.07480295184872847, -0.6605908178978698, -0.010423983417705743, 0.6112244133652092, 0.7073442038186184, 0.017732373008255906, 0.5300261629955841, 0.29577103528173393, -0.03173316921026287]], "inverted": false, "swapped": true, "error_lsq": 0.04426893631758361, "error_max": 0.27622837638871, "target": "73.xyz", "model": "0.xyz", "model_rescale": 3.751011558992144, "target_rescale": 3.92371239623476},
{"mapping": [7, 6, 1, 11, 9, 12, 10, 4, 2, 0, 5, 13, 8, 14], "R": [[-0.42831991325317703, -0.35807605922511787, -0.8296526910223343], [-0.4703287846545631, -0.695625001790054, 0.5430439127823358], [-0.7715781789528218, 0.6228060634695182, 0.12953656267421204]], "T": [0.0033614125542323556, -0.08566764191619727, 0.047491099752494034], "aligned_model": [[0.02824816064632462, -0.169714412878474, 0.4792773034719868, -0.6974384249749316, -0.559863810524158, -0.44410215781394824, -0.46240436336915947, 0.23770805602284797, 0.4654802263923325, 0.5933287478096507, -0.06259656097590685, -0.21899964328214572, 0.4756978714951496, -0.0456880145247919], [-0.47191177547293817, 0.04431495324499632, -0.012816251616058899, -0.09256344338644892, -0.030390227159235866, -0.6638950150499772, 0.5892052355982532, 0.6456576013923548, -0.39464343290374737, -0.5336711433067903, 0.06977634856949655, -0.4912860706880319, 0.2792116781792965, -0.11011131533975682], [-0.4909075841794482, -0.6714491125573262, -0.4563762331230687, -0.3340361267567764, 0.3849986949861097, -0.08443525178267093, 0.05540243988594032, -0.14176800598482248, 0.659633456127703, -0.11602013708728683, 0.6488003035281399, 0.6074298905042851, 0.33762831463827575, 0.04817883236720755]], "inverted": false, "swapped": false, "error_lsq": 0.034541135851499906, "error_max": 0.26933190053249534, "target": "73.xyz", "model": "1.xyz", "model_rescale": 3.9405287249114394, "target_rescale": 3.92371239623476},
{"mapping": [8, 5, 0, 6, 3, 9, 10, 4, 1, 2, 7, 12, 13], "R": [[-0.9509553787989141, 0.26374374731650346, 0.16162643126933884], [-0.07193396001744543, -0.6967381460055363, 0.7137096477538863], [0.30084775706264205, 0.6670795991875454, 0.6815390197326645]], "T": [-0.031622439868641765, -0.06699596012105308, 0.055606976662236796], "aligned_model": [[-0.44749368685601487, 0.2870831099791386, -0.38500723335272824, 0.5795559277937559, 0.4693127257242401, -0.7006371062058924, 0.1630205669384894, 0.5972927908310339, 0.11293908527869462, -0.5066786448836614, -0.07151894742963691, -0.5465589588041804, -0.055326349729307], [0.675634113244878, 0.3698044856391454, -0.06618565359450157, -0.28470585909990065, -0.21159198067234222, 0.2785190699621575, 0.22678245931424806, 0.3097772804564287, -0.5972448075702255, -0.5120378184014067, -0.596428000139102, -0.1128551608241148, -0.02063553474324728], [0.3801690034642877, -0.6271772752506857, -0.5767821624093573, 0.21832238827039976, -0.3297864100776364, -0.11721440707645361, 0.5696817692694741, 0.11655830622000524, -0.4270204062087342, -0.057171967844076105, 0.531408273300619, 0.4340560522292776, -0.0019228142984761137]], "inverted": false, "swapped": true, "error_lsq": 0.05325715241184663, "error_max": 0.2932291055821314, "target": "73.xyz", "model": "2.xyz", "model_rescale": 3.932901565614263, "target_rescale": 3.92371239623476},
{"mapping": [10, 11, 12, 8, 3, 1, 8, 9, 4, 6, 7, 0, 5, 13], "R": [[0.11977767264383771, -0.9689673936085268, 0.2162301996935768], [-0.565477225815368, 0.11243155193478921, 0.8170646566910664], [-0.8160201077303066, -0.22013935643821902, -0.5344622040208136]], "T": [-0.07240004362394173, -0.1593713635342337, 0.07667790810477913], "aligned_model": [[0.12198948908562354, -0.5528528567808783, 0.5057099980073003, -0.5049076103096728, -0.565615955032466, -0.27502288591158586, -0.5049076103096728, 0.19462422016221256, 0.3585455795169513, 0.5212219150379781, -0.000219051916789198, -0.3030052727898092, 0.5963999513533165, 0.026973067382268068], [-0.3987846661407397, -0.041696573817375016, 0.019415975332387092, 0.4171009001335689, -0.12712422425314296, -0.8581743106034254, 0.4171009001335689, 0.5154742250237736, -0.3678966813692193, -0.4694608442483588, 0.3385993338435696, -0.5533588025171077, 0.08479974572473892, -0.14911783518082578], [-0.5698817723650402, -0.666979564500793, -0.38910495695752734, -0.06261911093445328, 0.2046765988123938, -0.0625594642592613, -0.06261911093445328, -0.037665493725427227, 0.8074511056533079, -0.058043080707613035, 0.5831930967579712, 0.5671322437447863, 0.1761099038422132, 0.01798908614015758]], "inverted": false, "swapped": false, "error_lsq": 0.05878146632379556, "error_max": 0.5001040126265156, "target": "73.xyz", "model": "3.xyz", "model_rescale": 3.9243930471874484, "target_rescale": 3.92371239623476},
{"mapping": [9, 5, 8, 12, 10, 0, 2, 11, 4, 3, 6, 1, 13], "R": [[-0.24377246916527967, -0.36882250465240246, -0.8969642932352389], [0.9656280071532053, -0.006277879479216403, -0.2598521503289398], [0.09020828719354085, -0.92947864326792, 0.3576757143425238]], "T": [0.05004398549466833, -0.12091852988966247, 0.048676446012046085], "aligned_model": [[0.008564949100212771, -0.42236893369973655, 0.6193251448267086, 0.3801218329666804, 0.6379419728240241, -0.5419032017720375, -0.222609124915908, 0.3733774802625534, 0.25110327139229655, -0.3562854893030089, 0.12824793288737768, -0.5915166921041571, 0.013206743846347152], [-0.6590166485130355, 0.3696642804789372, -0.37034032138440004, -0.6690722491590566, 0.08377120583978755, -0.3915753681349671, -0.6770723752537001, 0.29602287722816745, 0.5717921310065922, 0.3668075404670741, 0.39467035929433214, -0.06200082090849622, -0.12582105727964785], [-0.5040969205124947, -0.4942017461539689, -0.6172789284217819, 0.08127249300390185, 0.017974315791176212, -0.26935011809268367, 0.2784870757468192, -0.6333714252545166, -0.09601153079028875, 0.18055423047434987, 0.46756204178836286, 0.39497063596955734, -0.019439808177468806]], "inverted": true, "swapped": true, "error_lsq": 0.052462443741088036, "error_max": 0.36998800938512555, "target": "73.xyz", "model": "4.xyz", "model_rescale": 3.8936222436046832, "target_rescale": 3.92371239623476},
{"mapping": [4, 5, 8, 10, 9, 0, 1, 2, 7, 6, 12, 13], "R": [[-0.06131993107430034, 0.9575640149328776, 0.28162212867363834], [0.9979728849642081, 0.05400605779424267, 0.033666995674411185], [0.017029002591430836, 0.28311570607642594, -0.9589345702620113]], "T": [-0.029959075965583427, -0.06348935678370313, -0.010194009323250909], "aligned_model": [[0.0697027709962128, -0.6726752651381165, -0.2574590209299313, 0.32131418001166223, -0.5683058792088329, -0.669937446037811, -0.12560907939426635, -0.08536190150998008, 0.5867695033404103, 0.4205514537854411, 0.11510215738825935, -0.10654343108795081], [-0.6582444962812082, -0.6422360329500344, 0.37617172549803457, -0.08480383867235047, 0.46667251191773707, 0.03769668249680927, -0.32592415176760603, 0.37549038630288356, 0.18970757890663673, -0.5544446547260812, 0.5549213686261728, -0.0660841742411865], [-0.43155056510185763, -0.11281163247996889, -0.774870893339138, -0.5246037144377264, -0.17125177187405652, 0.31382229176758486, 0.6658016420657448, 0.4804046616392706, 0.24242044279743866, 0.04825306410587034, -0.09393050612133114, -0.022398299746312408]], "inverted": false, "swapped": true, "error_lsq": 0.04270937895800722, "error_max": 0.25284310244917846, "target": "73.xyz", "model": "5.xyz", "model_rescale": 3.6523030999806103, "target_rescale": 3.92371239623476},
{"mapping": [7, 2, 1, 6, 3, 12, 0, 10, 9, 11, 5, 4, 13], "R": [[0.8224380859992297, -0.5652360630204367, -0.06406081297548918], [0.4507087969157697, 0.5787724052719443, 0.6796205435965486], [-0.3470694096008221, -0.5878185910269302, 0.7307613351583755]], "T": [0.050172392682138245, -0.11011168353090467, 0.07154330645364404], "aligned_model": [[0.24803332427208502, -0.28806201161763695, 0.2558578210985928, 0.71671892268886, 0.49681470766329694, -0.35582600169835643, -0.3923712094759246, 0.23763445717248263, -0.7095081386100146, 0.01757015641113239, 0.10571657388344124, 0.5440145530277187, 0.0044897498486173165], [-0.5591992286061975, -0.055976367580658326, 0.4154093134246833, -0.1580913091782326, 0.3598016771148211, -0.5661073570551566, 0.45396799050106645, -0.5985820880077305, -0.06809699437676035, -0.13205945629584298, 0.5937145244063109, -0.084274810741305, -0.059678989441814725], [0.5886973635822802, 0.6364562193736835, 0.5368520768061134, 0.1002936324588839, 0.0635315785140613, 0.26575874638504093, 0.17530637122681353, -0.26715890869450476, -0.06242962639494873, -0.7898679623188558, -0.4384622861978188, -0.4731216212457693, 0.03425415598680985]], "inverted": true, "swapped": true, "error_lsq": 0.04210340360626501, "error_max": 0.30686362637873105, "target": "73.xyz", "model": "6.xyz", "model_rescale": 4.08911054899281, "target_rescale": 3.92371239623476},
{"mapping": [11, 9, 1, 8, 4, 10, 3, 0, 7, 13, 6, 5, 2, 14], "R": [[0.9736393778087671, -0.21754397159193786, 0.06856371054838857], [-0.11046975276753343, -0.712732200564262, -0.6926826430641272], [0.199556497522975, 0.6668488814587837, -0.7179761650594899]], "T": [-0.02740877985394276, -0.19535853316740878, 0.039737606622854346], "aligned_model": [[0.0154744295185574, -0.20881979646447357, 0.4534141048210963, -0.6567893589001386, -0.6051688873206386, -0.4776081481698851, -0.4021743288334216, 0.179089020614313, 0.35526564815330286, 0.6117703777424986, 0.04345794373674587, -0.3164875392921373, 0.6615704067732481, -0.034060894884290725], [-0.5331453478718728, 0.16921011816869028, 0.09943339651151475, -0.12234920162493977, -0.055432963703008487, -0.7372802144547121, 0.5003912599530052, 0.7205550164029728, -0.2811479092820627, -0.547323107505233, 0.18944895751561133, -0.5949448037584208, 0.1702431042948517, -0.15078116258498378], [-0.43837551924055784, -0.6301407774313724, -0.42914737994031754, -0.2126484023241172, 0.4185034748480552, -0.11164376151950366, 0.08371993190000025, -0.01609438437733675, 0.7071875520364685, -0.019130595805292347, 0.3496473822918929, 0.6204832590217071, 0.2441456944537984, -0.11942699334716313]], "inverted": false, "swapped": false, "error_lsq": 0.03396855199501283, "error_max": 0.2598467477390428, "target": "73.xyz", "model": "7.xyz", "model_rescale": 3.964800864290218, "target_rescale": 3.92371239623476},
{"mapping": [8, 1, 7, 0, 3, 5, 0, 2, 11, 9, 6, 10, 12, 13], "R": [[0.7580329621219202, 0.4262691436813665, 0.4936401984055011], [0.2774109086267613, 0.47426737292430304, -0.8355319543586321], [-0.5902789307704813, 0.7703019382843554, 0.24125859106739136]], "T": [-0.004489750642768159, -0.02626043600391416, 0.0712943922821195], "aligned_model": [[0.20505805834292692, -0.22304593166049796, 0.373985877384026, -0.5497953935866269, -0.6855708048749762, -0.43584698833436986, -0.5497953935866269, 0.08296886349640151, 0.44752103274147825, 0.4478846754747663, -0.1426887414934775, -0.10856980967023275, 0.7477094478536832, 0.009118085408302334], [-0.6137057834589142, 0.08519502106915185, 0.09502864337716467, 0.4300519877428003, -0.04965073439862881, -0.7112326504844177, 0.4300519877428003, 0.6030296977696569, -0.1587471620600036, -0.5381573208809672, 0.1736612660725942, -0.7760439265737954, -0.04362065678986822, -0.09898322706616107], [-0.37821118155434574, -0.6378817268871416, -0.5193817653324629, -0.015769378775234336, 0.31937540165074774, -0.13802527198554249, -0.015769378775234336, -0.11566455000786338, 0.7533991083023057, 0.15600380519836488, 0.5980183951006888, 0.39086609251372073, 0.003693165931343431, 0.0464267651869148]], "inverted": false, "swapped": false, "error_lsq": 0.06064489239816562, "error_max": 0.528986846882016, "target": "73.xyz", "model": "8.xyz", "model_rescale": 4.121658175737393, "target_rescale": 3.92371239623476},
{"mapping": [11, 4, 10, 8, 5, 0, 6, 2, 7, 1, 9, 12, 13], "R": [[0.3662839324554984, 0.9153316393162256, 0.16734416898000226], [0.8014351464831742, -0.40171361381951576, 0.4430890186560243], [0.4727978286820167, -0.028180889601583103, -0.8807201886268046]], "T": [0.025561807303643207, -0.08895646288536044, -0.004738031399877572], "aligned_model": [[-0.43173576303925376, -0.17899116832313505, 0.2791819578596052, -0.07474810748717345, -0.8078173202397833, -0.4746061832037164, 0.2311735936572482, 0.21174274904565657, 0.7143291227355932, -0.10009738874654317, -0.253478427021276, 0.4076088281851985, -0.04582439698722362], [0.19116699397837358, -0.37021255385391993, 0.055640957781703054, 0.7314507883988614, -0.2954332848594048, 0.018956702531342906, -0.6482034374016269, 0.01873683755942615, -0.21136538886759704, -0.6223998012220068, 0.5823946477363848, 0.4005956263054643, -0.06094064867529045], [-0.6800037313881526, -0.6530131259789145, -0.5554039531595251, -0.3876984630571225, -0.1510553008619268, 0.5080818415377326, -0.30867802086087137, 0.6199207185110053, 0.13271206946783246, 0.4796575060519633, 0.25651419224605476, 0.15294904297386183, 0.007092658477151547]], "inverted": false, "swapped": true, "error_lsq": 0.049625475482886504, "error_max": 0.2924529417386424, "target": "73.xyz", "model": "9.xyz", "model_rescale": 3.833441315466971, "target_rescale": 3.92371239623476},
{"mapping": [13, 10, 0, 8, 7, 9, 11, 12, 4, 5, 6, 3, 1, 14], "R": [[0.3404251176487744, 0.8417643899657938, 0.418979058020008], [-0.8596544144033191, 0.09811031773089202, 0.5013667852497113], [0.3809265376299016, -0.530855043623265, 0.7570256901777092]], "T": [-0.01190380899619653, -0.0439734482264838, 0.0448924934722489], "aligned_model": [[0.27769727995740995, -0.23023091973020662, 0.45028890897992246, -0.6218612459050412, -0.5788539218021242, -0.6187024648843944, -0.5488644442039601, 0.09666293460508564, 0.310069897202451, 0.5030004242505652, 0.2907793588051605, -0.307317432008767, 0.6675960533445937, -0.07133145111591871], [-0.5437417353569431, 0.27585402374650175, 0.037302827341840455, -0.1786923685218715, -0.01150375925748355, -0.5814514972110916, 0.37328788201419116, 0.5478168603465754, -0.33949401004876434, -0.48204883596522524, 0.23906422149237772, -0.6421354671791326, 0.245349281158107, -0.11273028049766931], [-0.504697726482789, -0.6802266721893536, -0.44866096886314577, -0.42132859147648855, 0.39335664610407733, 0.016206876785646043, -0.008990152775203299, 0.07679155574043485, 0.7119105668009929, 0.024922848780211206, 0.5829465293225228, 0.600999353858551, 0.031430389100226844, 0.07241882586057867]], "inverted": true, "swapped": false, "error_lsq": 0.045278253797577835, "error_max": 0.3460142375198232, "target": "73.xyz", "model": "10.xyz", "model_rescale": 4.2482417240324, "target_rescale": 3.92371239623476},
{"mapping": [9, 11, 5, 4, 2, 1, 0, 6, 10, 7, 12, 13], "R": [[-0.9593818891844244, 0.2632637488685596, 0.10138337751622303], [0.08163343169667782, 0.6030667577855298, -0.7935026581451843], [-0.2700414292925232, -0.7529958062205402, -0.6000624486500801]], "T": [-0.01357347228186695, 0.0974116249240444, -0.08553883996963649], "aligned_model": [[-0.6882919467676953, 0.16834613800770995, 0.3161558535530112, 0.5956561736633905, -0.46408177807956463, 0.17421419569371682, -0.3385682151305137, 0.5984845964976759, 0.14577969924687986, -0.05202465070668404, -0.5422475521665793, -0.036656911448340455], [-0.1944512874718428, -0.7424931815436265, -0.2731815790906226, -0.31288627774188227, 0.5741593162768015, 0.6718475383057243, 0.18521587526897756, 0.2663027845014885, -0.2618221323109775, 0.5704611282945015, 0.1239093618397437, 0.05906984372235419], [0.15194697228113316, -0.01455182726975987, 0.6303532192145631, -0.12679870382667022, -0.006712137222628506, 0.32646873113146535, 0.5559175676063387, -0.2959517650600637, -0.5692972782480171, -0.6175374907524278, -0.44649309582004326, -0.02215190217953339]], "inverted": false, "swapped": true, "error_lsq": 0.044989066476528346, "error_max": 0.3019605448348564, "target": "73.xyz", "model": "11.xyz", "model_rescale": 3.6694154284099745, "target_rescale": 3.92371239623476},
{"mapping": [4, 0, 6, 1, 2, 3, 12, 5, 9, 11, 10, 8, 7, 13], "R": [[-0.1759052781030962, 0.6780427854926032, -0.7136633058921444], [0.9410007185553566, 0.32872123036736534, 0.0803741275788944], [0.28909337732603846, -0.6574194503870399, -0.6958625478059784]], "T": [0.019064286929625213, -0.028490825056578857, 0.027900612744052658], "aligned_model": [[-0.0930565751169218, -0.14271781238237172, 0.4518786081604295, -0.7669481853863611, -0.5460059571986631, -0.49774179190708906, -0.36751148342828094, 0.334451443595075, 0.4338148047417619, 0.49619826370416054, -0.06379406165011338, -0.11764430905053515, 0.5367217311373531, -0.03871169772366723], [-0.5410197292890816, 0.17065469913647754, -0.009873000555873902, -0.12928653863010361, -0.16712116806941452, -0.7093264786594254, 0.5224644492615195, 0.6538676772319145, -0.28807122253749207, -0.5918456327936974, 0.2050456638630901, -0.6354534801604227, 0.3693060084360662, -0.022464105172144373], [-0.4940396945425771, -0.6391117386869644, -0.3356650256241094, -0.26958570894230127, 0.32419577063438537, -0.07516824901315157, 0.12158070529177341, -0.25403662892821927, 0.6645216083986922, 0.029683227078612, 0.6128142728018037, 0.45860346437788563, 0.38280027206918116, -0.07951279434874921]], "inverted": true, "swapped": false, "error_lsq": 0.049800673228314295, "error_max": 0.334107613777502, "target": "73.xyz", "model": "12.xyz", "model_rescale": 3.9764082729961374, "target_rescale": 3.92371239623476},
{"mapping": [1, 12, 9, 13, 14, 11, 6, 5, 7, 2, 4, 3, 0, 15], "R": [[0.295750786089472, 0.24091516598154564, 0.9243870159881868], [-0.9163404527417764, -0.20186884350703355, 0.34578771622214943], [0.26991044291849164, -0.9493202056320185, 0.1610574431137119]], "T": [-0.047923271699603885, -0.10880039886182721, -0.040559496591501105], "aligned_model": [[0.2529651603582137, -0.13990963273077614, 0.3916189208671671, -0.5958716176521657, -0.7673900802014114, -0.62291713938056, -0.5225854243639637, 0.20642746836386885, 0.3879141567624179, 0.5875614304063039, 0.15709914527197189, -0.28730914459447937, 0.6356189156858996, -0.06428918129770991], [-0.4442451718886602, -0.027783464617108122, 0.15753284993860736, 0.02014522231636176, -0.1541113301570973, -0.6562789300055714, 0.43670907790875557, 0.6870089405359135, -0.2717358282917327, -0.5890781928780277, 0.31314808268591876, -0.60132757764308, 0.05909836475724614, -0.10220490060011393], [-0.48806986961514454, -0.6668088883661343, -0.35259857756474033, -0.2805723777744112, 0.3045817361588736, -0.026630791863695318, 0.20596445210467107, -0.10996484358446643, 0.5548659653355942, 0.0012967797648308563, 0.5033053848247501, 0.5986234422716622, 0.13745178603319497, 0.06563528284127643]], "inverted": true, "swapped": false, "error_lsq": 0.03835490829207932, "error_max": 0.2580505726554483, "target": "73.xyz", "model": "13.xyz", "model_rescale": 4.170626492500431, "target_rescale": 3.92371239623476},
{"mapping": [2, 6, 3, 5, 12, 4, 11, 9, 7, 0, 10, 8, 1, 13], "R": [[-0.016566909058673862, 0.951746666137697, 0.306437303571254], [0.528136818489261, 0.2685656645255101, -0.8055705957853805], [-0.8489976669463133, 0.1484950077738318, -0.5071017592022006]], "T": [0.019146271720488415, -0.14064321098571703, 0.008859013874039461], "aligned_model": [[0.18276721183092093, -0.38502908442327766, 0.31723050783301776, -0.8169522956266344, -0.6388017663678576, -0.381567618550386, -0.2442302310736252, 0.27378607105512465, 0.42155978749873146, 0.4928343358159889, -0.09695891582997095, -0.20068942263775816, 0.7419787891476312, -0.04699439117712874], [-0.56763992498234, 0.028209252414540587, 0.19606434807892953, 0.10568975111514059, -0.1243142108539596, -0.7254752895934795, 0.4915801241109094, 0.5875478870911066, -0.2750682319413195, -0.4958477537549441, 0.12317537382545357, -0.5270809529057028, 0.08786962843888885, -0.07783285898181207], [-0.4642521373682546, -0.7092081098127451, -0.513871712484973, -0.2509083547828667, 0.32908372265923974, -0.012657225767823622, -0.16602987504228525, 0.25625088063680224, 0.6998171015674156, 0.08171337034943431, 0.49388235837091327, 0.6037492826721881, 0.13578223422157795, -0.036272054652361815]], "inverted": true, "swapped": false, "error_lsq": 0.050001670998877104, "error_max": 0.35727560053128915, "target": "73.xyz", "model": "14.xyz", "model_rescale": 3.9786697098870705, "target_rescale": 3.92371239623476},
{"mapping": [9, 0, 12, 8, 2, 7, 5, 3, 10, 11, 1, 13], "R": [[0.29400197217256774, 0.5608188939670563, 0.7739799794104554], [-0.03986888019365298, 0.8162586713053517, -0.5763091652151009], [-0.9549729382295318, 0.1385783160829644, 0.26234088046064263]], "T": [0.0952422454729597, 0.10741744825140566, 0.048931549187560125], "aligned_model": [[-0.022916085774215764, -0.5284225925416536, 0.466870983716952, 0.523654508956873, -0.07582245566889625, 0.4921880453508969, -0.5214769482368371, -0.3099294954977192, 0.6442036569512972, 0.22809056474975795, -0.4580396733945775, 0.044954088155458795], [-0.36143418537389127, -0.038302247033394174, 0.12269774336392021, -0.6394634523818363, 0.45050596354573985, 0.6848635412213515, -0.36381202056067147, 0.2750326103195911, -0.07666513717556843, -0.6702863580229403, 0.5812554071866017, 0.050282625135536656], [-0.5536008108304507, -0.2896026917814756, -0.4727436190086791, -0.24842460418082737, -0.48910830302158415, -0.08247214889210883, 0.4441054544664882, 0.5265434518798103, 0.2796251179519079, 0.39692881681933967, 0.11486918940440538, 0.0338466410670043]], "inverted": false, "swapped": true, "error_lsq": 0.048301753814620325, "error_max": 0.2353368269733371, "target": "73.xyz", "model": "15.xyz", "model_rescale": 3.769337070930944, "target_rescale": 3.92371239623476},
{"mapping": [12, 7, 9, 0, 8, 10, 11, 6, 5, 1, 13], "R": [[0.49937696935586284, 0.17492487424556297, -0.8485422386935891], [-0.15116303749393828, 0.9819746422361914, 0.11347042830936377], [0.8530957616660394, 0.07160370364218753, 0.5168176961484213]], "T": [-0.070940692616313, -0.04991365682249494, 0.03384260402377792], "aligned_model": [[-0.2795060106952637, -0.3495331753241556, -0.23957840442742637, -0.4672206609707398, 0.3617168457471108, 0.423558489116009, 0.6946335712328282, 0.1593886969277553, 0.2302605684799842, -0.5442170600479085, -0.06687672934702293], [-0.12020963377888932, -0.6735414923959097, 0.5551630732339629, 0.5337652877728999, 0.342130137913763, -0.31098723176180654, 0.3404064429559704, -0.5479932284359064, 0.5436252347109125, -0.09333982462997292, 0.027045732040318134], [-0.5678594579126042, -0.17048909070981427, -0.4159039505649114, 0.19839827361674628, -0.6653697719295325, -0.24143125952572492, -0.03771332339131689, 0.4163056937988886, 0.5955823801939079, 0.5898234611144629, 0.04287465253367601]], "inverted": true, "swapped": true, "error_lsq": 0.051218540088411584, "error_max": 0.2913629208280095, "target": "73.xyz", "model": "16.xyz", "model_rescale": 3.7852294659196426, "target_rescale": 3.92371239623476},
{"mapping": [11, 9, 12, 8, 5, 0, 1, 2, 10, 4, 3, 7, 13], "R": [[-0.006540149928819183, -0.7932046147482692, -0.6089200814400513], [0.724543623666438, -0.42344326010350347, 0.543812782929221], [-0.6891979134060229, -0.4376325451962717, 0.5774807282860768]], "T": [0.06757768500845451, 0.14323448987271847, 0.07130788873246846], "aligned_model": [[0.05079690708460388, -0.3385258124783316, 0.27586226545685266, 0.16127506868921665, -0.534122831624722, -0.637332872960121, -0.28261294334378834, -0.12955228101639843, 0.5777871473835643, 0.2701389169469412, -0.12892147244068664, 0.5684647447540524, 0.0005090137651004023], [-0.23287839687412837, -0.4987604383423948, -0.31072789219688596, -0.721181604744229, 0.3037953221983488, 0.08442982658171688, 0.7286322373871839, 0.11997936835903938, -0.06078635565764795, 0.3351056643581436, 0.709526450000989, 0.3032260129488755, 0.11469542968386304], [-0.7044700991111437, 0.21184596876835052, 0.4725834509503128, -0.20034344080365035, -0.5375754325916113, 0.22764281419006754, 0.3352530847301111, 0.7014338441471659, -0.22284572982588713, -0.6093990280189989, -0.17582286379648165, 0.5527554519407423, 0.04469667656419733]], "inverted": true, "swapped": true, "error_lsq": 0.04240045551408938, "error_max": 0.3242653389948196, "target": "73.xyz", "model": "17.xyz", "model_rescale": 3.901054581598922, "target_rescale": 3.92371239623476},
{"mapping": [7, 6, 1, 11, 9, 12, 10, 4, 2, 0, 5, 13, 8, 14], "R": [[-0.42831991325317703, -0.35807605922511787, -0.8296526910223343], [-0.4703287846545631, -0.695625001790054, 0.5430439127823358], [-0.7715781789528218, 0.6228060634695182, 0.12953656267421204]], "T": [0.0033614125542323556, -0.08566764191619727, 0.047491099752494034], "aligned_model": [[0.02824816064632462, -0.169714412878474, 0.4792773034719868, -0.6974384249749316, -0.559863810524158, -0.44410215781394824, -0.46240436336915947, 0.23770805602284797, 0.4654802263923325, 0.5933287478096507, -0.06259656097590685, -0.21899964328214572, 0.4756978714951496, -0.0456880145247919], [-0.47191177547293817, 0.04431495324499632, -0.012816251616058899, -0.09256344338644892, -0.030390227159235866, -0.6638950150499772, 0.5892052355982532, 0.6456576013923548, -0.39464343290374737, -0.5336711433067903, 0.06977634856949655, -0.4912860706880319, 0.2792116781792965, -0.11011131533975682], [-0.4909075841794482, -0.6714491125573262, -0.4563762331230687, -0.3340361267567764, 0.3849986949861097, -0.08443525178267093, 0.05540243988594032, -0.14176800598482248, 0.659633456127703, -0.11602013708728683, 0.6488003035281399, 0.6074298905042851, 0.33762831463827575, 0.04817883236720755]], "inverted": false, "swapped": false, "error_lsq": 0.034541135851499906, "error_max": 0.26933190053249534, "target": "73.xyz", "model": "18.xyz", "model_rescale": 3.9405287249114394, "target_rescale": 3.92371239623476},
{"mapping": [5, 11, 9, 10, 3, 2, 14, 13, 0, 8, 12, 1, 7, 15], "R": [[0.6534488093225818, -0.632344249950274, 0.41610744183410786], [0.23505230558256468, -0.3530272286116994, -0.905605979164815], [0.7195519906408575, 0.6895741623738292, -0.08205124832207636]], "T": [0.04131200602012565, -0.03194894051373613, 0.14705415853566914], "aligned_model": [[0.1766098859481251, -0.15539431716603735, 0.459161176086016, -0.6519550363081893, -0.7302779605731881, -0.4088603968149725, -0.5006599140226462, 0.11738865156914273, 0.3667556206395711, 0.5763471422163265, -0.11598212229992734, -0.24112115091710407, 0.7123368665984798, 0.01458453253918024], [-0.5749761724298272, 0.17953094075215809, 0.06466741852504083, -0.09092159037184062, -0.03366431591028256, -0.689053043202069, 0.5082854605648677, 0.5896524267012412, -0.4437184564143838, -0.5541281538970115, 0.26110488109203145, -0.4661364361552384, 0.13006998763446975, -0.05383580482774374], [-0.46782676639484433, -0.5130943733404233, -0.48940259348906323, -0.21874233069924678, 0.5077126893009111, -0.2006300213875499, 0.0280911733151432, -0.09616165026476015, 0.5911336305159974, 0.031562047628069745, 0.5823897498301122, 0.555994440814719, 0.00884760171274071, 0.1272058830244561]], "inverted": true, "swapped": false, "error_lsq": 0.03429178484114552, "error_max": 0.21441798592518693, "target": "73.xyz", "model": "19.xyz", "model_rescale": 4.410303926677745, "target_rescale": 3.92371239623476},
{"mapping": [8, 1, 7, 0, 3, 5, 0, 2, 11, 9, 6, 10, 12, 13], "R": [[0.7580329621219202, 0.4262691436813665, 0.4936401984055011], [0.2774109086267613, 0.47426737292430304, -0.8355319543586321], [-0.5902789307704813, 0.7703019382843554, 0.24125859106739136]], "T": [-0.004489750642768159, -0.02626043600391416, 0.0712943922821195], "aligned_model": [[0.20505805834292692, -0.22304593166049796, 0.373985877384026, -0.5497953935866269, -0.6855708048749762, -0.43584698833436986, -0.5497953935866269, 0.08296886349640151, 0.44752103274147825, 0.4478846754747663, -0.1426887414934775, -0.10856980967023275, 0.7477094478536832, 0.009118085408302334], [-0.6137057834589142, 0.08519502106915185, 0.09502864337716467, 0.4300519877428003, -0.04965073439862881, -0.7112326504844177, 0.4300519877428003, 0.6030296977696569, -0.1587471620600036, -0.5381573208809672, 0.1736612660725942, -0.7760439265737954, -0.04362065678986822, -0.09898322706616107], [-0.37821118155434574, -0.6378817268871416, -0.5193817653324629, -0.015769378775234336, 0.31937540165074774, -0.13802527198554249, -0.015769378775234336, -0.11566455000786338, 0.7533991083023057, 0.15600380519836488, 0.5980183951006888, 0.39086609251372073, 0.003693165931343431, 0.0464267651869148]], "inverted": false, "swapped": false, "error_lsq": 0.06064489239816562, "error_max": 0.528986846882016, "target": "73.xyz", "model": "20.xyz", "model_rescale": 4.121658175737393, "target_rescale": 3.92371239623476},
{"mapping": [7, 2, 1, 6, 3, 12, 0, 10, 9, 11, 5, 4, 13], "R": [[0.8224380859992297, -0.5652360630204367, -0.06406081297548918], [0.4507087969157697, 0.5787724052719443, 0.6796205435965486], [-0.3470694096008221, -0.5878185910269302, 0.7307613351583755]], "T": [0.050172392682138245, -0.11011168353090467, 0.07154330645364404], "aligned_model": [[0.24803332427208502, -0.28806201161763695, 0.2558578210985928, 0.71671892268886, 0.49681470766329694, -0.35582600169835643, -0.3923712094759246, 0.23763445717248263, -0.7095081386100146, 0.01757015641113239, 0.10571657388344124, 0.5440145530277187, 0.0044897498486173165], [-0.5591992286061975, -0.055976367580658326, 0.4154093134246833, -0.1580913091782326, 0.3598016771148211, -0.5661073570551566, 0.45396799050106645, -0.5985820880077305, -0.06809699437676035, -0.13205945629584298, 0.5937145244063109, -0.084274810741305, -0.059678989441814725], [0.5886973635822802, 0.6364562193736835, 0.5368520768061134, 0.1002936324588839, 0.0635315785140613, 0.26575874638504093, 0.17530637122681353, -0.26715890869450476, -0.06242962639494873, -0.7898679623188558, -0.4384622861978188, -0.4731216212457693, 0.03425415598680985]], "inverted": true, "swapped": true, "error_lsq": 0.04210340360626501, "error_max": 0.30686362637873105, "target": "73.xyz", "model": "21.xyz", "model_rescale": 4.08911054899281, "target_rescale": 3.92371239623476},
{"mapping": [0, 1, 2, 8, 5, 6, 11, 15, 12, 13, 9, 10, 14, 16], "R": [[-0.7237771936830643, 0.5609038313114575, -0.40191226147555703], [0.35262659096180377, -0.20000120845795089, -0.9141411291272351], [-0.5931281996760273, -0.8033594516998525, -0.05303329250185673]], "T": [0.04246158033558245, -0.11484043865652516, 0.004624733004366666], "aligned_model": [[0.03053124216313599, -0.23134492451955718, 0.4140563068440153, -0.6114185051738398, -0.49795641785712974, -0.4614725458398454, -0.4495759524243398, 0.1813257388448914, 0.4221923695011654, 0.5539507008691105, -0.024067851305403273, -0.27796710871473734, 0.5055883118432007, 0.06509161326410948], [-0.6549513841787088, 0.15451922441473753, 0.21479261868192612, -0.06156584152400349, 0.003273399689335474, -0.6484939033427086, 0.46546668560942983, 0.5929868194039999, -0.3397739554634074, -0.5268522522354726, 0.11031108781822352, -0.5195187460532862, 0.18778533947911924, -0.15110195023777204], [-0.5505484217298102, -0.6899785718216238, -0.5193153743686814, -0.21979600831566246, 0.4424906512587536, -0.12509999345751172, -0.0792545739798558, -0.1012258037075173, 0.596383929646596, 0.07780335744800405, 0.6772525917896957, 0.6248636643614065, 0.32982291091735844, -0.01631887747489092]], "inverted": true, "swapped": false, "error_lsq": 0.03262929527628646, "error_max": 0.21696887026331468, "target": "73.xyz", "model": "22.xyz", "model_rescale": 4.204369325754507, "target_rescale": 3.92371239623476},
{"mapping": [5, 11, 9, 10, 3, 2, 14, 13, 0, 8, 12, 1, 7, 15], "R": [[0.6534488093225818, -0.632344249950274, 0.41610744183410786], [0.23505230558256468, -0.3530272286116994, -0.905605979164815], [0.7195519906408575, 0.6895741623738292, -0.08205124832207636]], "T": [0.04131200602012565, -0.03194894051373613, 0.14705415853566914], "aligned_model": [[0.1766098859481251, -0.15539431716603735, 0.459161176086016, -0.6519550363081893, -0.7302779605731881, -0.4088603968149725, -0.5006599140226462, 0.11738865156914273, 0.3667556206395711, 0.5763471422163265, -0.11598212229992734, -0.24112115091710407, 0.7123368665984798, 0.01458453253918024], [-0.5749761724298272, 0.17953094075215809, 0.06466741852504083, -0.09092159037184062, -0.03366431591028256, -0.689053043202069, 0.5082854605648677, 0.5896524267012412, -0.4437184564143838, -0.5541281538970115, 0.26110488109203145, -0.4661364361552384, 0.13006998763446975, -0.05383580482774374], [-0.46782676639484433, -0.5130943733404233, -0.48940259348906323, -0.21874233069924678, 0.5077126893009111, -0.2006300213875499, 0.0280911733151432, -0.09616165026476015, 0.5911336305159974, 0.031562047628069745, 0.5823897498301122, 0.555994440814719, 0.00884760171274071, 0.1272058830244561]], "inverted": true, "swapped": false, "error_lsq": 0.03429178484114552, "error_max": 0.21441798592518693, "target": "73.xyz", "model": "23.xyz", "model_rescale": 4.410303926677745, "target_rescale": 3.92371239623476},
{"mapping": [7, 13, 11, 6, 5, 12, 15, 9, 3, 1, 4, 2, 10, 16], "R": [[0.8567767453745236, -0.41292905078930264, -0.3089064706342107], [0.22347234347384268, -0.242552387634948, 0.944048966396815], [-0.46475124560107184, -0.8778712538105071, -0.11553502259237566]], "T": [-0.009765276019555565, -0.011466759665509474, -0.045887838004833446], "aligned_model": [[0.16562250892523064, -0.34610169730121204, 0.4534563711360949, -0.7083580046928298, -0.5374164810623021, -0.5960991375137327, -0.4165021019467031, 0.17677687557755162, 0.3775112290536924, 0.7008176232371559, -0.03842555492252095, -0.1775305046802139, 0.514028264632611, 0.051153587051954955], [-0.5165481280008102, -0.17480837449963393, 0.15564228819495, 0.08072057461620841, -0.05183554167777532, -0.5560768309802551, 0.5739465918037395, 0.5862923204886392, -0.45481193288140276, -0.49247049888232697, 0.04165571399725028, -0.5184327293417117, 0.2375216152453459, -0.0839179260208052], [-0.44093572489324545, -0.641189402266146, -0.44365882530825596, -0.3311382273168504, 0.2940483334799267, -0.12196876775449184, -0.011674489864087638, -0.06338330596576336, 0.6343422338373935, -0.03935364228512717, 0.6398533407180899, 0.6942028894205847, 0.24979622008070748, 0.028138848683526986]], "inverted": false, "swapped": false, "error_lsq": 0.039028751642892705, "error_max": 0.28279759084389877, "target": "73.xyz", "model": "24.xyz", "model_rescale": 4.28219845311461, "target_rescale": 3.92371239623476},
{"mapping": [4, 0, 2, 1, 5, 3, 8, 6, 12, 13, 11, 9, 14, 15], "R": [[0.5355509995589899, 0.770628896591087, 0.34542181548097195], [-0.8365312861469927, 0.5401570721764738, 0.09190073272285754], [-0.1157606762619559, -0.3381736848374565, 0.9339368419303479]], "T": [0.0028799531349863808, -0.15954435075119447, 0.06232727148733211], "aligned_model": [[-0.04823563143589101, -0.04654668284077464, 0.5266709498974492, -0.579172894487468, -0.7116754307965617, -0.5874330898701726, -0.40777711865154154, 0.08637758193618808, 0.4808499490506893, 0.4997688253691079, 0.037839982591064115, -0.20246912483536986, 0.5697146969083625, 0.0010209646596944164], [-0.5209135559371733, 0.13025753510101776, 0.01151792351869671, -0.06871469748679326, 0.023585084255407868, -0.6177968843786688, 0.3980319428439617, 0.6636024075346206, -0.2750059120026982, -0.4849482024883104, 0.009860264393073553, -0.6087046123796132, 0.3043161922625308, -0.13821034317463968], [-0.5712720242690186, -0.6986760443059877, -0.344072426371952, -0.18835550715757557, 0.4879502199320115, -0.14158563036493968, 0.11147503991303799, -0.2949607009790699, 0.647676065891773, 0.07373949570334562, 0.5786188014942141, 0.5238037058038469, 0.2713162539266265, -0.008577768650050666]], "inverted": false, "swapped": false, "error_lsq": 0.04469312594823719, "error_max": 0.2701338780662492, "target": "73.xyz", "model": "25.xyz", "model_rescale": 4.100010024507729, "target_rescale": 3.92371239623476},
{"mapping": [9, 11, 5, 4, 2, 1, 0, 6, 10, 7, 12, 13], "R": [[-0.9593818891844244, 0.2632637488685596, 0.10138337751622303], [0.08163343169667782, 0.6030667577855298, -0.7935026581451843], [-0.2700414292925232, -0.7529958062205402, -0.6000624486500801]], "T": [-0.01357347228186695, 0.0974116249240444, -0.08553883996963649], "aligned_model": [[-0.6882919467676953, 0.16834613800770995, 0.3161558535530112, 0.5956561736633905, -0.46408177807956463, 0.17421419569371682, -0.3385682151305137, 0.5984845964976759, 0.14577969924687986, -0.05202465070668404, -0.5422475521665793, -0.036656911448340455], [-0.1944512874718428, -0.7424931815436265, -0.2731815790906226, -0.31288627774188227, 0.5741593162768015, 0.6718475383057243, 0.18521587526897756, 0.2663027845014885, -0.2618221323109775, 0.5704611282945015, 0.1239093618397437, 0.05906984372235419], [0.15194697228113316, -0.01455182726975987, 0.6303532192145631, -0.12679870382667022, -0.006712137222628506, 0.32646873113146535, 0.5559175676063387, -0.2959517650600637, -0.5692972782480171, -0.6175374907524278, -0.44649309582004326, -0.02215190217953339]], "inverted": false, "swapped": true, "error_lsq": 0.044989066476528346, "error_max": 0.3019605448348564, "target": "73.xyz", "model": "26.xyz", "model_rescale": 3.6694154284099745, "target_rescale": 3.92371239623476},
{"mapping": [0, 5, 4, 7, 3, 6, 7, 8, 11, 2, 9, 12, 10, 13], "R": [[0.7346537640103483, -0.029185555946269332, -0.6778141709565643], [-0.06343362260507104, -0.9976526231407365, -0.02579571793156193], [-0.6754702232879143, 0.06194712959059902, -0.7347806003065545]], "T": [-0.014829503286251605, -0.06890646520097449, -0.016342429879434697], "aligned_model": [[0.14198588223281963, -0.29988411520700625, 0.6804417249261397, -0.551528896886172, -0.7128434747846382, -0.3365256749630993, -0.551528896886172, 0.16068581592183173, 0.4245805376220019, 0.3691859717201746, -0.09173720216949743, -0.14336350832401548, 0.5115503145040556, 0.017914499788353445], [-0.38185920201963885, 0.11061482733839623, 0.06213986768185656, 0.2569280289521343, -0.09913069156187226, -0.673429872042173, 0.2569280289521343, 0.5362183493646235, -0.37848883539256956, -0.6295659245955476, 0.2745616109363341, -0.5280313865945381, 0.13581241635843205, -0.11582007531615969], [-0.5770588131922055, -0.732229623136062, -0.43461907033037006, -0.060093636124623304, 0.3894829168739159, 0.031128145364208146, -0.060093636124623304, -0.12299853120647751, 0.652427367031844, 0.0016223064185605235, 0.5675911468203237, 0.618020344455374, 0.19079324268505904, -0.016892678968662304]], "inverted": true, "swapped": false, "error_lsq": 0.04771302564899432, "error_max": 0.3612554780869503, "target": "73.xyz", "model": "27.xyz", "model_rescale": 4.103607728864725, "target_rescale": 3.92371239623476},
