[{"mapping": [5, 1, 4, 12, 6, 7, 0, 2, 3, 9, 10, 13], "R": [[0.6345685868202088, -0.5627392534605045, -0.5297614946706843], [0.5150632189718742, -0.20312846065301127, 0.8327356777123635], [-0.5762226905314771, -0.8012885629331373, 0.16094735110965108]], "T": [-0.1417557726276607, -0.13545020002999195, 0.06152682813038004], "aligned_model": [[-0.4457912843734573, 0.2801032339139815, 0.28743457368816594, -0.0412395099216295, 0.06406527286494892, -0.5555541894369628, 0.3856070657933973, -0.211136610462926, 0.520103987345505, 0.15753237955236932, -0.48452717202086365, -0.11895528448198008], [-0.3010121986464702, -0.6253196118509715, -0.3283417902613173, 0.7147345360759252, 0.25600555677924797, -0.714516577829795, -0.23445742941119513, -0.5239818734259498, 0.23074343812761025, 0.4554147812005185, 0.22097491956247436, -0.0966887143430207], [-0.5165909827561784, -0.009234652043454812, -0.5267851911706131, -0.012561061270286646, -0.6610861390589563, -0.07427192874881278, 0.43250183958164734, 0.5442961963321586, 0.08504730699103316, 0.5351634090776055, 0.3621645718941445, 0.023308376525275336]], "inverted": false, "swapped": true, "error_lsq": 0.04411524535524345, "error_max": 0.23921224010653208, "target": "730.xyz", "model": "0.xyz", "model_rescale": 3.751011558992144, "target_rescale": 4.118121279849165},
{"mapping": [7, 1, 6, 3, 0, 8, 2, 4, 10, 12, 9, 5, 13, 14], "R": [[-0.17744133340859153, 0.6596480854858069, -0.7303279924205908], [-0.949437124150174, -0.31005139626122086, -0.04936880555486928], [-0.2590052518456491, 0.6846404421237304, 0.6813103144125991]], "T": [0.015949647104612073, 0.002814407079912977, 0.05355802635995589], "aligned_model": [[0.08125803897304631, -0.05649084790604612, -0.4873206606428511, 0.7018330878996929, 0.5506784473220792, 0.07625868325340926, 0.7378417474844643, -0.5299508212314079, -0.7090747341639287, 0.2031255711008205, -0.12482602105660431, 0.13902283415496078, 0.48371192125135964, 0.013269979919428212], [-0.5157122346017339, 0.046377359114988234, -0.39452411532060416, -0.33312811740434684, -0.039435972485768335, 0.6531958681525505, 0.39095903210250477, 0.4975397156565147, 0.17566069967512823, -0.6848999446821096, -0.09678910584340239, 0.385277958244977, -0.08065787547027883, -0.0397520838964868], [-0.354537501200879, -0.6382079697170677, -0.3370400294806847, 0.04295541352074013, -0.48289750222002714, -0.06385162993669267, 0.16289076374151606, -0.23421535259318538, 0.39549011586183247, 0.26329416519615567, 0.6895226266337383, 0.5317427915450238, 0.6028603395095572, 0.08797787053595724]], "inverted": false, "swapped": false, "error_lsq": 0.04001851416285873, "error_max": 0.3109186863540871, "target": "730.xyz", "model": "1.xyz", "model_rescale": 3.9405287249114394, "target_rescale": 4.118121279849165},
{"mapping": [5, 7, 4, 10, 2, 6, 11, 8, 0, 3, 9, 12, 13], "R": [[0.9696401369951757, 0.19548304106633885, -0.14691625295872868], [0.19299235627492767, -0.9807053149795949, -0.03116144396887338], [-0.15017308396456552, 0.001861672965357511, -0.9886579686758924]], "T": [0.02343622940165567, -0.03299327487074383, -0.10264570491278817], "aligned_model": [[-0.17065211386562268, 0.3597393099397459, -0.5965297877092999, 0.3252418110050986, 0.5517478702704791, -0.7626714775113045, -0.14871607551501964, 0.7913731182606416, 0.023474184852845227, -0.4686753625424441, -0.00040683375663322363, -0.37676090106974097, -0.031180463074814084], [0.60930543395495, 0.5017037537231543, 0.1170295363753204, -0.09468031201758921, -0.2023880760431927, 0.20194436533425242, 0.38506937166632665, 0.20180362088837506, -0.6187367423889085, -0.605840299708051, -0.7180154421304139, -0.2846399537073759, -0.033722662374830174], [-0.16469934865179522, -0.4575930639048647, -0.5034671673372535, 0.3872749534135339, -0.38730170120088525, 0.10856128124983387, 0.5299250096768675, 0.1724929208285691, -0.38977118751178275, -0.053841989542323, 0.3369024421579744, 0.6149355279275602, -0.08029732751679039]], "inverted": true, "swapped": true, "error_lsq": 0.052465788109316853, "error_max": 0.36207447713188423, "target": "730.xyz", "model": "2.xyz", "model_rescale": 3.932901565614263, "target_rescale": 4.118121279849165},
{"mapping": [9, 7, 8, 5, 4, 0, 2, 3, 11, 12, 10, 1, 6, 13], "R": [[-0.05235404877537797, -0.9272773493853553, -0.37069633245244715], [-0.023501113609986912, 0.3722466416231769, -0.9278362654366108], [0.9983520176951195, -0.039864208472462415, -0.0412806691678832]], "T": [-0.00419305159674116, 0.047853348161512106, 0.014458368929741956], "aligned_model": [[-0.09300587388752418, 0.09180969619981659, -0.6350426956888575, 0.4909847747550419, 0.7496683671999387, 0.17552161669795915, 0.6675289369979844, -0.35993942400978884, -0.7696921235171637, 0.1905155794118554, -0.0436508798796749, 0.03312604588791668, 0.5349939724650925, 0.046519233725825754], [-0.6266994606743923, -0.12353611171723336, -0.17372383527115492, -0.4580170195293952, 0.2678423906045997, 0.6673315740004104, 0.4923754974472413, 0.3588651143659318, -0.08592306155979901, -0.6057018328719043, -0.17355160434936956, 0.5930839900205336, -0.12740045463918923, -0.040834002584346475], [-0.2628207865745672, -0.6719465209167137, -0.2883930861811843, -0.1108164371425745, -0.3683264100160852, -0.16692436137891692, 0.22750644334263806, -0.178936765131546, 0.4547125471705355, 0.35809187211980026, 0.6945821569948862, 0.5145578120938826, 0.3955826509808796, 0.06911498603494981]], "inverted": false, "swapped": false, "error_lsq": 0.04859589978712813, "error_max": 0.263754063330428, "target": "730.xyz", "model": "3.xyz", "model_rescale": 3.9243930471874484, "target_rescale": 4.118121279849165},
{"mapping": [4, 5, 6, 3, 12, 1, 0, 11, 10, 8, 9, 2, 13], "R": [[0.7606780842107619, -0.1454680022088922, 0.6326198799712184], [-0.5852560461379417, 0.2678735361716602, 0.7653228920383042], [-0.2807921164499253, -0.9524089609785513, 0.11862950049345912]], "T": [-0.12188219188076567, -0.04254553150543599, -0.10452092345374964], "aligned_model": [[-0.07691231178786857, -0.2214624150067397, 0.45542881860161033, 0.37199902396371826, 0.7235772723260959, -0.47400404148188857, -0.17635772932785254, 0.3394953316531996, 0.07130009879093886, -0.4548376366183871, 0.4028399371930701, -0.6123667783364598, -0.07149368365808434], [-0.63952824447897, 0.050785100113826816, -0.30087801461115193, -0.5476168773148734, 0.0852991256531771, -0.5891151959115534, -0.46840108685452625, 0.43915384607550756, 0.4496033377652519, 0.7170467307332444, -0.03744739242947836, 0.031106080254713127, -0.06217785531358056], [-0.5618084711760446, -0.7644010212112197, -0.6682103219749523, 0.1669447570712287, -0.01931142896654868, -0.11921970228037589, 0.38661644606387724, -0.5040894305835881, 0.13081764996816492, 0.07636074468892251, 0.5181082849274736, 0.2734170811171722, -0.128154272273146]], "inverted": false, "swapped": true, "error_lsq": 0.046804616094466796, "error_max": 0.2618212836550446, "target": "730.xyz", "model": "4.xyz", "model_rescale": 3.8936222436046832, "target_rescale": 4.118121279849165},
{"mapping": [11, 5, 6, 12, 4, 1, 2, 0, 9, 10, 3, 13], "R": [[-0.032694783223940885, 0.6254705360631041, -0.7795624796428269], [-0.7064004865337554, 0.5373237468548981, 0.4607402127996725], [0.7070568603548189, 0.5657471162831913, 0.4242650075630089]], "T": [-0.15358790077017764, -0.16789230462420718, 0.0970661233448181], "aligned_model": [[0.05355910985368589, -0.6240352037736288, -0.29063832544554746, 0.4715817301791769, -0.681423784074195, -0.6020768067846496, -0.165491030020471, -0.02785446698438912, 0.5908365215834042, 0.3256091320385697, 0.12447639341599875, -0.14699522777285756], [-0.5601104926217009, -0.45582743926836666, 0.1084012049259861, 0.011776676870951075, 0.2715988828708264, 0.21156999435865514, -0.2960580312182603, 0.32905201145970747, 0.15859686830382952, -0.4922457838498406, 0.5219837970819785, -0.13981478380395876], [-0.5415366565330421, -0.29002723023659716, -0.6920146648725107, -0.46443953963540663, -0.21238391691621347, 0.37601112499766853, 0.7072043755509887, 0.5005186041636257, 0.1446427379316975, 0.08816806988552434, -0.042434944816296644, 0.04557675975608013]], "inverted": true, "swapped": true, "error_lsq": 0.038236218387140954, "error_max": 0.2060445519894952, "target": "730.xyz", "model": "5.xyz", "model_rescale": 3.6523030999806103, "target_rescale": 4.118121279849165},
{"mapping": [6, 3, 9, 11, 10, 4, 0, 5, 1, 7, 2, 8, 13], "R": [[-0.20753879735654462, 0.2504077094427944, 0.9456339813286176], [-0.4190916323092438, -0.8962343971377379, 0.14534823396081947], [0.8839060195066968, -0.3661418911279732, 0.29094718462473346]], "T": [0.07204872771016504, -0.009095568379184835, -0.004648112075002028], "aligned_model": [[0.10792745050330867, -0.20768139214896095, 0.2462900171510046, 0.7250311041765749, 0.5830354980094623, -0.4232761450976166, -0.37185962365395264, 0.16186178416005717, -0.5677955356816853, 0.01785179521250921, -0.08459681778953645, 0.6181944060726958, 0.07610036375043355], [-0.6520763151511519, 0.15279507021354555, 0.5563481348865729, -0.39249146058738577, 0.2622049413875096, -0.5349741614591255, 0.43206467079373206, -0.6409146474840026, -0.053296873768505316, -0.25988918009359274, 0.42038976852703613, 0.2902710494213804, -0.039604092522829724], [0.5458588262902095, 0.6796411663769614, 0.5547621366533758, 0.17193078625752284, 0.00958934111264563, 0.20895789609166454, 0.17936132491291673, -0.22099699056284167, -0.1123041027162401, -0.6822568183746559, -0.42872516076094774, -0.5814170754008392, 0.04570840960201776]], "inverted": false, "swapped": true, "error_lsq": 0.05536663907104189, "error_max": 0.37102701271448957, "target": "730.xyz", "model": "6.xyz", "model_rescale": 4.08911054899281, "target_rescale": 4.118121279849165},
{"mapping": [9, 11, 1, 8, 10, 12, 5, 13, 2, 3, 6, 7, 4, 14], "R": [[-0.8135016284814801, 0.5815421482403025, 0.0048816265766567085], [0.5678209619418371, 0.792437568048877, 0.22276008602132533], [0.12567599467450752, 0.1839875826376208, -0.9748610741011962]], "T": [0.07255184710132405, -0.0031640605217262687, 0.05065349093254476], "aligned_model": [[-0.02913196473751266, 0.03784819419649532, -0.5697189509847379, 0.5705046087327204, 0.6300891207675229, 0.1727256397438623, 0.5979572695586148, -0.4119863955578965, -0.6346388357442104, 0.19823180773868865, -0.04994997700947802, -0.1025491755275685, 0.6412447138395011, 0.02871117134242076], [-0.6827392491663377, 0.047535842980647836, -0.2692751805956161, -0.4309157973186777, 0.16942627797079454, 0.6166931804201653, 0.47465376589011143, 0.4965934452742226, 0.0821396977627335, -0.6742355832821574, -0.12665334221521585, 0.5369317054185045, -0.15870792098310088, -0.1173356589141416], [-0.32669949142794374, -0.5330898081442564, -0.18305391706794574, -0.13433427119198368, -0.37200436364238476, -0.28660624596279305, 0.3265891653185702, -0.17597318259232905, 0.42846845915147, 0.4510520362595226, 0.5185067444745368, 0.576890281764583, 0.43697462741894144, -0.060735932962003]], "inverted": false, "swapped": false, "error_lsq": 0.04901953221258517, "error_max": 0.30128278415287685, "target": "730.xyz", "model": "7.xyz", "model_rescale": 3.964800864290218, "target_rescale": 4.118121279849165},
{"mapping": [8, 7, 1, 9, 12, 4, 11, 2, 0, 5, 3, 6, 10, 13], "R": [[0.002143206170865209, 0.362896646129461, 0.9318269318362171], [0.08581907212937517, 0.9283245474809936, -0.3617300393982527], [-0.9963084329293626, 0.08074378472797233, -0.029153862550965554]], "T": [0.020933619273857694, 0.032059785755629074, 0.06915723101554852], "aligned_model": [[0.2798521456641651, -0.1164565251810456, -0.5380671423311324, 0.6524909117518071, 0.4610253511119697, 0.1361857759170477, 0.7229361633918518, -0.40048765352285925, -0.6354051840055929, 0.06478260103556915, -0.2598414938487661, 0.07962277071168897, 0.5718295789104831, 0.06086992675323647], [-0.6184125440833191, -0.10910249937793001, -0.35351746547030216, -0.18366254985033822, 0.19201404361573576, 0.7179693807941138, 0.45177792106283937, 0.4310718562174407, 0.17760220740968813, -0.7353896556161469, -0.03488625088633398, 0.4502682928640565, -0.3874400820178777, -0.034181471419693514], [-0.24849749697231402, -0.6149848027934007, -0.2501674047933583, -0.0995317936044385, -0.5236402388244662, -0.03732451782939469, 0.20392532605210406, -0.24990734899023218, 0.3165357897701703, 0.39804831436228594, 0.7344738922613928, 0.4668544164018499, 0.5115004412056492, 0.058699525150136364]], "inverted": false, "swapped": false, "error_lsq": 0.046961486798902066, "error_max": 0.29352556328397383, "target": "730.xyz", "model": "8.xyz", "model_rescale": 4.121658175737393, "target_rescale": 4.118121279849165},
{"mapping": [3, 0, 1, 4, 9, 12, 2, 11, 7, 10, 6, 5, 13], "R": [[0.618664203528186, -0.6439337854391387, 0.4501154110257245], [-0.7833470321555445, -0.5494625220700223, 0.29061721224585296], [0.06018330736953756, -0.5323910375001366, -0.8443564133134729]], "T": [0.06194399296504755, -0.11526773979845584, -0.04912427759204281], "aligned_model": [[-0.587206300170959, -0.21486961277420108, 0.26425602808524357, 0.13571385075724765, -0.6895277609370785, -0.6735789420091025, 0.3060674900509017, -0.04123908392519062, 0.7844788624399024, -0.12453717550491389, -0.19943312417673548, 0.4895318459148148, 0.027081418685268782], [0.10716708129733099, -0.2880651254564449, 0.07092384801893042, 0.5739229163608118, -0.4279783819840971, 0.03100496624525942, -0.6114023946703421, 0.09163941090709848, -0.15815184854652325, -0.4968005270557391, 0.6527310575184048, 0.3150720890320133, -0.06967565225499316], [-0.36824178370882404, -0.6139709338855233, -0.6384856117378205, -0.3442459449612103, -0.07211758623504973, 0.3704194358936708, -0.3373792813131555, 0.6932376187257459, -0.016069510434461212, 0.34403174378828916, 0.19506675953145447, 0.2442097142749901, -0.035379185979016944]], "inverted": true, "swapped": true, "error_lsq": 0.04503300648349584, "error_max": 0.3151899870868009, "target": "730.xyz", "model": "9.xyz", "model_rescale": 3.833441315466971, "target_rescale": 4.118121279849165},
{"mapping": [4, 6, 5, 7, 12, 10, 11, 0, 13, 3, 2, 8, 9, 14], "R": [[-0.52182708994432, -0.8225654451897906, 0.22601454948733757], [-0.8217455469408441, 0.41359450294112415, -0.3920125549262135], [0.22897760651019056, -0.39028922034384456, -0.8917643075388577]], "T": [0.08564671894801482, 0.03493764022030894, -0.07869936183553974], "aligned_model": [[-0.03340309472594774, 0.2072147762599631, -0.5325576602570584, 0.6833746050634315, 0.29928772014013194, 0.11226791825223319, 0.6807323799673813, -0.4354611909168675, -0.6041612678357583, 0.25429713464180786, -0.25098661209367645, 0.3030752446581366, 0.28576139515538523, 0.10989587804925989], [-0.7117795282706711, -0.28450569643710727, -0.23898828536833955, -0.18185122706292864, 0.32383009894982, 0.8332872260571766, 0.36076943853182536, 0.4447075149891781, 0.18788467433111392, -0.7272159154364919, -0.2489081514589001, 0.40589781818603554, -0.1789736094704201, -0.020043174298358064], [-0.3319841664236691, -0.6655611259261055, -0.09363704201296175, 0.12039342548701046, -0.5623508140298036, 0.11542274937690564, -0.007679813105648331, -0.2347703639846426, 0.2907037885850826, 0.30209040251434205, 0.48942018711997093, 0.5714335053138603, 0.6776776738780549, -0.005174305396411713]], "inverted": true, "swapped": false, "error_lsq": 0.05223217695365893, "error_max": 0.33867577652088926, "target": "730.xyz", "model": "10.xyz", "model_rescale": 4.2482417240324, "target_rescale": 4.118121279849165},
{"mapping": [4, 1, 7, 2, 6, 11, 5, 10, 0, 12, 3, 13], "R": [[-0.9041984013557147, -0.20776313150496128, 0.37317520305216156], [0.307523799249223, 0.289646702723094, 0.9063850729667625], [-0.2964023682110071, 0.9343121902174304, -0.19800597801585385]], "T": [0.1245798211219872, 0.011267505751316659, -0.041804690325419905], "aligned_model": [[-0.5743957820569608, -0.1492099037516649, 0.35921106775872114, 0.5747030619477419, -0.5944778678656263, 0.09758095366218034, -0.08992130755374095, 0.5334958940757721, 0.0678827034734065, -0.09246572343970894, -0.33235185544094237, 0.076714361553829], [-0.1908435786088258, -0.5776076938406878, -0.26229039352474726, -0.4167534139799617, 0.4438366415822289, 0.7508961805942348, 0.15831862187648746, 0.3901511929047812, -0.4073059069410313, 0.7120950728324262, 0.02139957852914276, 0.044235088626591534], [0.15340485540960275, -0.007027758695205097, 0.5867671479455626, -0.09679546323725866, 0.07485462259572183, 0.19647872491820867, 0.5798333121292706, -0.19720400815820815, -0.538914526253004, -0.4891731880281647, -0.6449797225335566, -0.05205170623861262]], "inverted": false, "swapped": true, "error_lsq": 0.045019513833664954, "error_max": 0.24014785597500182, "target": "730.xyz", "model": "11.xyz", "model_rescale": 3.6694154284099745, "target_rescale": 4.118121279849165},
{"mapping": [10, 12, 2, 7, 5, 0, 6, 1, 3, 9, 8, 4, 11, 13], "R": [[-0.12802015125424737, -0.8542425836161179, 0.503865507064831], [0.26463652567101337, -0.5190486563245138, -0.8127459637848051], [0.9558129263373742, 0.029293355980090474, 0.2925124768993777]], "T": [0.14015821441503998, -0.0077226633530386385, 0.012736488165799635], "aligned_model": [[0.04673665600069854, -0.03158000748388479, -0.4791661232063369, 0.696255307832502, 0.7243687827513062, 0.1798036523847851, 0.6067035165012175, -0.564665009469882, -0.5610823648582961, 0.31578718614360507, -0.27901095144928834, -0.05668572880301609, 0.37379285040425114, 0.10807945961076153], [-0.5708783828101544, -0.03686439184982109, -0.1946736875459039, -0.4558713190265215, 0.20332705114060373, 0.6749139493033417, 0.27095420977552925, 0.4288045795107913, 0.19634833940334176, -0.7056088258524633, -0.39847618285411024, 0.5325562643714179, -0.08872679093318833, 0.10830637060906996], [-0.2659332722579255, -0.6440932029000842, -0.07558255154477697, -0.1924076650051954, -0.4959154776546918, -0.1950455099347779, 0.16935550022458967, -0.15797286544943104, 0.46865926278637304, 0.36882023585934753, 0.5069092805140009, 0.4786010522029996, 0.7083526445970905, -0.007763330041533907]], "inverted": false, "swapped": false, "error_lsq": 0.050361545886740924, "error_max": 0.28788782612051295, "target": "730.xyz", "model": "12.xyz", "model_rescale": 3.9764082729961374, "target_rescale": 4.118121279849165},
{"mapping": [7, 3, 4, 8, 11, 13, 10, 6, 5, 2, 9, 12, 1, 15], "R": [[0.7072370802060111, 0.489625849436333, -0.5099825878845533], [-0.6611656929135519, 0.2026243186443039, -0.7223595448307407], [-0.25035103134562775, 0.848062446437573, 0.46702724550768937]], "T": [0.010275357377289157, 0.03313929626503753, 0.06207227105785232], "aligned_model": [[-0.11418933399795372, 0.2719607445942598, -0.6025223727115618, 0.6222552360902542, 0.5937486306956405, 0.05575128949674357, 0.7659181078327395, -0.5126538179124777, -0.736450051802479, 0.34709282607303615, -0.18793916143547468, 0.17173017152752143, 0.43589883109920824, -0.031263873191034366], [-0.6632495573756737, -0.23849671398100214, -0.26580532051697825, -0.24889579904548492, 0.3221193837171327, 0.636986058921082, 0.24853777595069257, 0.47156639510218495, 0.11060281329029525, -0.6561983595194146, -0.0889025379361629, 0.4386715639919464, -0.09963892385520953, -0.0031855955014752566], [-0.20360573715666283, -0.6903757891883876, -0.16370367955299933, -0.1514451046102606, -0.39245401765244714, -0.026140953656929283, 0.2316435763883712, -0.28141799421212343, 0.43520022853370777, 0.2803086177215215, 0.6164330937665403, 0.5275714201099777, 0.5143301412376666, -0.03035970033199037]], "inverted": true, "swapped": false, "error_lsq": 0.04202886257266821, "error_max": 0.2712540239061088, "target": "730.xyz", "model": "13.xyz", "model_rescale": 4.170626492500431, "target_rescale": 4.118121279849165},
{"mapping": [8, 0, 7, 4, 2, 3, 6, 1, 9, 12, 10, 11, 5, 13], "R": [[-0.3562479723732303, 0.7842552015882663, -0.5079676770836015], [-0.871483320992862, -0.47497510807293025, -0.12212889888294665], [-0.3370522265335372, 0.39917718558662163, 0.8526742467648061]], "T": [0.0895823806846052, 0.008512587706385591, -0.027498925319842375], "aligned_model": [[-0.014879312347868504, -0.08899690765812207, -0.5599258261489788, 0.5956861216487808, 0.4963444196010649, 0.12000815999874287, 0.7436194959319435, -0.5262068994963152, -0.5440564577474059, 0.2584678043497259, -0.2831479912089655, 0.09212158930580308, 0.6578402424351951, 0.13246278769482206], [-0.7200932065432122, 0.006405653830188339, -0.3714059050762738, -0.45234998511125923, 0.2232302283326188, 0.6971804350925385, 0.42426883511573515, 0.37091531008407547, 0.30496940239767795, -0.5302253431782084, -0.27221032932416633, 0.3207275094087521, -0.0781401015489988, 0.04083867976246511], [-0.12638089576757175, -0.5966767579280079, -0.3295433442161077, -0.21331556330198986, -0.4980020026070932, -0.0106326169053274, 0.29941308371182807, -0.3108402373850781, 0.38106149605930084, 0.43827492182683037, 0.2896682525166539, 0.6066738005341705, 0.6773373268406748, 0.05894663801770215]], "inverted": false, "swapped": false, "error_lsq": 0.04855285589971139, "error_max": 0.30453869651689935, "target": "730.xyz", "model": "14.xyz", "model_rescale": 3.9786697098870705, "target_rescale": 4.118121279849165},
{"mapping": [6, 1, 12, 11, 3, 9, 7, 2, 10, 5, 0, 13], "R": [[-0.02342159807200944, 0.02872660883462239, -0.999312869269988], [0.02384594196999194, 0.9993187386380702, 0.02816788345581636], [0.9994412437934095, -0.023169819845636937, -0.024090654889473408]], "T": [-0.026208832772035888, -0.026413807955188856, 0.08048953704213477], "aligned_model": [[0.08087442559466124, -0.6649247635589378, 0.6337853816234799, 0.5780355858132101, -0.040765081264945005, 0.40759543409409266, -0.33536143807531205, -0.2396635631256235, 0.4988177974607434, -0.113912459013357, -0.30999364645708727, -0.011133076323588134], [-0.43052087023099195, 0.07148801519494816, 0.11227824786836299, -0.490176253254196, 0.42594502067881146, 0.6242747730234974, -0.465868926039376, 0.26062041181476436, 0.08401262332437501, -0.6932630752837392, 0.5539532286340438, -0.03806870550606097], [-0.6563958479760065, 0.006995034544147377, -0.4520316085921059, -0.07562445468517454, -0.5260324668549701, -0.14632462372374483, 0.5665884650864303, 0.5912588191404836, 0.29743928217938476, 0.0393957460248068, -0.00993577081411802, 0.02463391954469686]], "inverted": true, "swapped": true, "error_lsq": 0.05617712283784903, "error_max": 0.31767383074070316, "target": "730.xyz", "model": "15.xyz", "model_rescale": 3.769337070930944, "target_rescale": 4.118121279849165},
{"mapping": [2, 7, 9, 10, 0, 1, 3, 4, 12, 11, 13], "R": [[-0.7525281393845378, 0.32343532389733, 0.5736645280038457], [-0.21722085050488094, 0.7004347578737309, -0.6798575233593465], [-0.6217045130448884, -0.6362238137776652, -0.4568399689626783]], "T": [-0.0987600285828634, -0.05538330210677154, -0.023737841875212398], "aligned_model": [[-0.28491704432893605, -0.44706642213746817, 0.04880263023037501, -0.5179096226624997, 0.31277063099389957, 0.33851553734553563, 0.5236913368892332, 0.47640549231005325, -0.0029073309593919683, -0.457216067102319, -0.06754300988731093], [-0.12266658696678573, -0.675579233974375, 0.7391053557808263, 0.3420898649854627, 0.15639193525440306, -0.4233321809871774, 0.371571562130584, -0.4607866704607619, 0.6188828136542982, 0.09090505757519965, -0.04051741936633205], [-0.6150544658859819, -0.16167972937086383, -0.1239349930481738, 0.011516240418763854, -0.4834445081391004, -0.3341375053530852, 0.030789004271025218, 0.24525153246864434, 0.5002698731696181, 0.6505525152741893, 0.02408964341874132]], "inverted": true, "swapped": true, "error_lsq": 0.045348558269818755, "error_max": 0.24598679930461637, "target": "730.xyz", "model": "16.xyz", "model_rescale": 3.7852294659196426, "target_rescale": 4.118121279849165},
{"mapping": [10, 7, 1, 2, 11, 5, 6, 4, 0, 9, 12, 3, 13], "R": [[-0.1278260259758767, 0.9441505193194528, 0.3037108887610424], [-0.8798744977049995, 0.03336153719679284, -0.4740336234110851], [-0.45769135383093035, -0.32782129995574544, 0.8264694912238054]], "T": [-0.031215590472898073, -0.06669022325270677, -0.03666949864561397], "aligned_model": [[-0.10400392980642877, -0.44003842996339504, 0.24784539451483073, 0.21937576758061078, -0.61202305830482, -0.63363842928455, -0.328342001876847, -0.07321262393906944, 0.6113356856611534, 0.503298784368081, 0.003549491885963287, 0.49725058207806666, -0.03763138269731298], [0.004760031441936208, -0.6416599177663341, -0.319279930922418, -0.6164182094655756, 0.3686598950102721, -0.07376430427220436, 0.6269064214406703, 0.14601913342247622, -0.12926338380283348, 0.3445560025450719, 0.722670273629829, 0.45255781289753894, -0.010688200455555255], [-0.6063280541461726, 0.12844270055189153, 0.49367723260813323, -0.19107136783045714, -0.31540137933609513, 0.26516696652802557, 0.3485693918797889, 0.684796737410899, 0.05686611519101507, -0.49295598731987433, -0.3744682774202852, 0.11764938175506459, -0.019188762728759922]], "inverted": true, "swapped": true, "error_lsq": 0.05399767277409263, "error_max": 0.34963827150821614, "target": "730.xyz", "model": "17.xyz", "model_rescale": 3.901054581598922, "target_rescale": 4.118121279849165},
{"mapping": [7, 1, 6, 3, 0, 8, 2, 4, 10, 12, 9, 5, 13, 14], "R": [[-0.17744133340859153, 0.6596480854858069, -0.7303279924205908], [-0.949437124150174, -0.31005139626122086, -0.04936880555486928], [-0.2590052518456491, 0.6846404421237304, 0.6813103144125991]], "T": [0.015949647104612073, 0.002814407079912977, 0.05355802635995589], "aligned_model": [[0.08125803897304631, -0.05649084790604612, -0.4873206606428511, 0.7018330878996929, 0.5506784473220792, 0.07625868325340926, 0.7378417474844643, -0.5299508212314079, -0.7090747341639287, 0.2031255711008205, -0.12482602105660431, 0.13902283415496078, 0.48371192125135964, 0.013269979919428212], [-0.5157122346017339, 0.046377359114988234, -0.39452411532060416, -0.33312811740434684, -0.039435972485768335, 0.6531958681525505, 0.39095903210250477, 0.4975397156565147, 0.17566069967512823, -0.6848999446821096, -0.09678910584340239, 0.385277958244977, -0.08065787547027883, -0.0397520838964868], [-0.354537501200879, -0.6382079697170677, -0.3370400294806847, 0.04295541352074013, -0.48289750222002714, -0.06385162993669267, 0.16289076374151606, -0.23421535259318538, 0.39549011586183247, 0.26329416519615567, 0.6895226266337383, 0.5317427915450238, 0.6028603395095572, 0.08797787053595724]], "inverted": false, "swapped": false, "error_lsq": 0.04001851416285873, "error_max": 0.3109186863540871, "target": "730.xyz", "model": "18.xyz", "model_rescale": 3.9405287249114394, "target_rescale": 4.118121279849165},
{"mapping": [13, 11, 14, 7, 5, 2, 8, 10, 3, 4, 12, 1, 0, 15], "R": [[-0.35803511774534214, 0.5014211519316576, -0.7876469277897352], [0.6588780806790266, -0.4620347443407572, -0.5936358899381786], [-0.6615818386728894, -0.7315057917867094, -0.16495074210411514]], "T": [0.10499916375380455, -0.07992455975779143, 0.07040232707172835], "aligned_model": [[-0.07203247297297474, -0.06262607978361606, -0.5973515538584931, 0.6425393435685677, 0.5633469993294685, 0.059608366136723684, 0.8289084167552708, -0.4216803720723509, -0.6273762502715559, 0.40383322220194606, -0.23222999198109287, -0.009362214118790846, 0.5093202405780433, 0.0944395728472776], [-0.5982801817143927, -0.03249006707215053, -0.26003567146239986, -0.5095244857752553, 0.44587728993442755, 0.7674216625525215, 0.135913982381912, 0.3750078671730035, 0.2149362169216027, -0.5548478974038784, -0.3447273909568087, 0.3424045832439488, 0.02688680527254976, -0.04443152985314835], [-0.31856694440841016, -0.6287864518231367, -0.2016315292517189, -0.07832563799148472, -0.38204912805049, -0.11739899891180482, 0.11091495080586103, -0.2950414995491743, 0.38995196356216655, 0.5392424463945013, 0.411422882640899, 0.5644458415539404, 0.6161037629246994, 0.05570244350013687]], "inverted": false, "swapped": false, "error_lsq": 0.047362337583741074, "error_max": 0.26065525588177796, "target": "730.xyz", "model": "19.xyz", "model_rescale": 4.410303926677745, "target_rescale": 4.118121279849165},
{"mapping": [8, 7, 1, 9, 12, 4, 11, 2, 0, 5, 3, 6, 10, 13], "R": [[0.002143206170865209, 0.362896646129461, 0.9318269318362171], [0.08581907212937517, 0.9283245474809936, -0.3617300393982527], [-0.9963084329293626, 0.08074378472797233, -0.029153862550965554]], "T": [0.020933619273857694, 0.032059785755629074, 0.06915723101554852], "aligned_model": [[0.2798521456641651, -0.1164565251810456, -0.5380671423311324, 0.6524909117518071, 0.4610253511119697, 0.1361857759170477, 0.7229361633918518, -0.40048765352285925, -0.6354051840055929, 0.06478260103556915, -0.2598414938487661, 0.07962277071168897, 0.5718295789104831, 0.06086992675323647], [-0.6184125440833191, -0.10910249937793001, -0.35351746547030216, -0.18366254985033822, 0.19201404361573576, 0.7179693807941138, 0.45177792106283937, 0.4310718562174407, 0.17760220740968813, -0.7353896556161469, -0.03488625088633398, 0.4502682928640565, -0.3874400820178777, -0.034181471419693514], [-0.24849749697231402, -0.6149848027934007, -0.2501674047933583, -0.0995317936044385, -0.5236402388244662, -0.03732451782939469, 0.20392532605210406, -0.24990734899023218, 0.3165357897701703, 0.39804831436228594, 0.7344738922613928, 0.4668544164018499, 0.5115004412056492, 0.058699525150136364]], "inverted": false, "swapped": false, "error_lsq": 0.046961486798902066, "error_max": 0.29352556328397383, "target": "730.xyz", "model": "20.xyz", "model_rescale": 4.121658175737393, "target_rescale": 4.118121279849165},
{"mapping": [6, 3, 9, 11, 10, 4, 0, 5, 1, 7, 2, 8, 13], "R": [[-0.20753879735654462, 0.2504077094427944, 0.9456339813286176], [-0.4190916323092438, -0.8962343971377379, 0.14534823396081947], [0.8839060195066968, -0.3661418911279732, 0.29094718462473346]], "T": [0.07204872771016504, -0.009095568379184835, -0.004648112075002028], "aligned_model": [[0.10792745050330867, -0.20768139214896095, 0.2462900171510046, 0.7250311041765749, 0.5830354980094623, -0.4232761450976166, -0.37185962365395264, 0.16186178416005717, -0.5677955356816853, 0.01785179521250921, -0.08459681778953645, 0.6181944060726958, 0.07610036375043355], [-0.6520763151511519, 0.15279507021354555, 0.5563481348865729, -0.39249146058738577, 0.2622049413875096, -0.5349741614591255, 0.43206467079373206, -0.6409146474840026, -0.053296873768505316, -0.25988918009359274, 0.42038976852703613, 0.2902710494213804, -0.039604092522829724], [0.5458588262902095, 0.6796411663769614, 0.5547621366533758, 0.17193078625752284, 0.00958934111264563, 0.20895789609166454, 0.17936132491291673, -0.22099699056284167, -0.1123041027162401, -0.6822568183746559, -0.42872516076094774, -0.5814170754008392, 0.04570840960201776]], "inverted": false, "swapped": true, "error_lsq": 0.05536663907104189, "error_max": 0.37102701271448957, "target": "730.xyz", "model": "21.xyz", "model_rescale": 4.08911054899281, "target_rescale": 4.118121279849165},
{"mapping": [6, 0, 8, 7, 4, 2, 13, 1, 11, 10, 5, 14, 12, 16], "R": [[-0.9113396261847365, 0.331926619063141, 0.24348471266750504], [-0.01403612390948425, 0.5660778051252469, -0.8242323129859572], [-0.411415936700394, -0.7545731496030692, -0.5112301721602921]], "T": [0.05324011705928128, 0.07197802040170434, 0.12647940372284677], "aligned_model": [[-0.03181648381548363, 0.2290770995778665, -0.5268964715543476, 0.5407409224791877, 0.42742660035399066, -0.006752339036687274, 0.7063560593827527, -0.49721666911162826, -0.6908353410659407, 0.22243449242229402, -0.3087700755348075, 0.2997914998373781, 0.6289665114738412, 0.08683142095000657], [-0.5468718127374013, -0.05543207807641673, -0.2346663061761998, -0.4164477203733382, 0.44961692696982625, 0.7372582159665775, 0.11779869488265485, 0.34241444603594184, 0.15020211913449363, -0.6460449567141725, -0.3854296310887396, 0.4384440254086529, -0.05901832771047602, 0.07228758772052954], [-0.28015850304766204, -0.6171114922433618, -0.09751348364056514, -0.04550736458427418, -0.3248137580172028, -0.14748591520272503, 0.03664623779136529, -0.3773656592822507, 0.2881139707301289, 0.4535140760346828, 0.5232865543188951, 0.5920303340962263, 0.5695917840393622, 0.09275732040336536]], "inverted": true, "swapped": false, "error_lsq": 0.04475417546963633, "error_max": 0.2838538005007247, "target": "730.xyz", "model": "22.xyz", "model_rescale": 4.204369325754507, "target_rescale": 4.118121279849165},
{"mapping": [13, 11, 14, 7, 5, 2, 8, 10, 3, 4, 12, 1, 0, 15], "R": [[-0.35803511774534214, 0.5014211519316576, -0.7876469277897352], [0.6588780806790266, -0.4620347443407572, -0.5936358899381786], [-0.6615818386728894, -0.7315057917867094, -0.16495074210411514]], "T": [0.10499916375380455, -0.07992455975779143, 0.07040232707172835], "aligned_model": [[-0.07203247297297474, -0.06262607978361606, -0.5973515538584931, 0.6425393435685677, 0.5633469993294685, 0.059608366136723684, 0.8289084167552708, -0.4216803720723509, -0.6273762502715559, 0.40383322220194606, -0.23222999198109287, -0.009362214118790846, 0.5093202405780433, 0.0944395728472776], [-0.5982801817143927, -0.03249006707215053, -0.26003567146239986, -0.5095244857752553, 0.44587728993442755, 0.7674216625525215, 0.135913982381912, 0.3750078671730035, 0.2149362169216027, -0.5548478974038784, -0.3447273909568087, 0.3424045832439488, 0.02688680527254976, -0.04443152985314835], [-0.31856694440841016, -0.6287864518231367, -0.2016315292517189, -0.07832563799148472, -0.38204912805049, -0.11739899891180482, 0.11091495080586103, -0.2950414995491743, 0.38995196356216655, 0.5392424463945013, 0.411422882640899, 0.5644458415539404, 0.6161037629246994, 0.05570244350013687]], "inverted": false, "swapped": false, "error_lsq": 0.047362337583741074, "error_max": 0.26065525588177796, "target": "730.xyz", "model": "23.xyz", "model_rescale": 4.410303926677745, "target_rescale": 4.118121279849165},
{"mapping": [4, 15, 5, 10, 9, 14, 11, 6, 12, 3, 0, 7, 1, 16], "R": [[-0.9166386725047543, 0.3922034563863082, -0.0771361968686258], [-0.35277706771235967, -0.8845240809771732, -0.30523022567851404], [-0.18794117314998163, -0.25257394752848256, 0.9491493646760177]], "T": [0.09736554058420409, 0.04962640101986985, 0.01496449004364056], "aligned_model": [[0.028562451724946397, -0.06310932637871876, -0.435762419981386, 0.6471052391307653, 0.4940594619590736, 0.16945368026743585, 0.623482922047462, -0.48755487859748947, -0.6402344395922701, 0.2280907745432677, -0.2851677191613047, 0.10683932663568602, 0.5736667118009257, 0.119905441960029], [-0.6068566767434884, 0.1694594910002681, -0.20521889726507028, -0.28330381967251356, 0.12848252506730737, 0.6312763981197004, 0.3903565970074813, 0.4518795520524351, 0.13305668936552667, -0.7425827019799438, -0.2478702879618436, 0.33049882198189, -0.1418375921016344, -0.043228915628182256], [-0.18043376113820628, -0.6700187494985625, -0.20051285222966467, -0.08861001583146288, -0.4634031803447628, -0.3236157382707333, 0.10342307399823253, -0.2569888064402992, 0.32344705197206325, 0.4206326240702609, 0.5942311266796204, 0.6174193242039138, 0.7025792682486215, 0.0878347359769632]], "inverted": true, "swapped": false, "error_lsq": 0.04217250545443622, "error_max": 0.2808228109288216, "target": "730.xyz", "model": "24.xyz", "model_rescale": 4.28219845311461, "target_rescale": 4.118121279849165},
{"mapping": [7, 13, 4, 9, 12, 14, 11, 2, 0, 3, 1, 8, 5, 15], "R": [[-0.1199076756292039, -0.5106887921183675, 0.8513630876012213], [-0.47247374131279785, 0.7835657376554862, 0.40347651547804053], [-0.8731498800865114, -0.35386677207262185, -0.33524259056363065]], "T": [0.07721878640934618, 0.0467776281823109, 0.039751356606843216], "aligned_model": [[0.08291066407491468, 0.03875036428922865, -0.5012565755903735, 0.607569652026286, 0.584853158711646, 0.14446322389666474, 0.5618564940018157, -0.424128297794482, -0.6899677894051904, 0.018254994078911707, -0.082439468293111, 0.13843237763978503, 0.5941988281694612, 0.0058396005528657535], [-0.5882268898573376, 0.013835324900816043, -0.3929695544920183, -0.36131449753914274, 0.2797616040241582, 0.7562931730687804, 0.2948313747548657, 0.382202346089425, 0.1437619803495906, -0.6686030024509506, -0.2025660146654577, 0.33071302172118056, -0.0759186540834636, 0.05231097142148697], [-0.41000732351850916, -0.5521535699574682, -0.041717925426297084, -0.05544559787373664, -0.48221196709626896, -0.22896876189212478, 0.048277929155607954, -0.28416434873201796, 0.29969936171645256, 0.33095432597459357, 0.6073906684268061, 0.6702905270581514, 0.7053022109027479, 0.058738572658047696]], "inverted": false, "swapped": false, "error_lsq": 0.04025493200918124, "error_max": 0.21781531010453242, "target": "730.xyz", "model": "25.xyz", "model_rescale": 4.100010024507729, "target_rescale": 4.118121279849165},
{"mapping": [4, 1, 7, 2, 6, 11, 5, 10, 0, 12, 3, 13], "R": [[-0.9041984013557147, -0.20776313150496128, 0.37317520305216156], [0.307523799249223, 0.289646702723094, 0.9063850729667625], [-0.2964023682110071, 0.9343121902174304, -0.19800597801585385]], "T": [0.1245798211219872, 0.011267505751316659, -0.041804690325419905], "aligned_model": [[-0.5743957820569608, -0.1492099037516649, 0.35921106775872114, 0.5747030619477419, -0.5944778678656263, 0.09758095366218034, -0.08992130755374095, 0.5334958940757721, 0.0678827034734065, -0.09246572343970894, -0.33235185544094237, 0.076714361553829], [-0.1908435786088258, -0.5776076938406878, -0.26229039352474726, -0.4167534139799617, 0.4438366415822289, 0.7508961805942348, 0.15831862187648746, 0.3901511929047812, -0.4073059069410313, 0.7120950728324262, 0.02139957852914276, 0.044235088626591534], [0.15340485540960275, -0.007027758695205097, 0.5867671479455626, -0.09679546323725866, 0.07485462259572183, 0.19647872491820867, 0.5798333121292706, -0.19720400815820815, -0.538914526253004, -0.4891731880281647, -0.6449797225335566, -0.05205170623861262]], "inverted": false, "swapped": true, "error_lsq": 0.045019513833664954, "error_max": 0.24014785597500182, "target": "730.xyz", "model": "26.xyz", "model_rescale": 3.6694154284099745, "target_rescale": 4.118121279849165},
{"mapping": [7, 7, 3, 5, 8, 10, 4, 9, 12, 1, 6, 2, 0, 13], "R": [[0.8772986681379993, -0.33226204886743144, 0.34633650943224165], [0.3125797836128578, -0.15203399475186588, -0.9376457451065027], [0.36419901943831684, 0.9308531545427593, -0.029520821769765095]], "T": [0.08642534858901238, 0.09164820616460226, 0.04115230494938212], "aligned_model": [[-0.013771148615293577, -0.013771148615293577, -0.56654338303841, 0.63591305004891, 0.4140933710787156, 0.1821357551898531, 0.7759562295263722, -0.36081497622151326, -0.6404353682993411, 0.19204414617380555, -0.2510461198581103, 0.08227705358335705, 0.5551834582195521, 0.08811630718581873], [-0.34473022188084435, -0.34473022188084435, -0.3299864146715493, -0.46355741301477726, 0.2887435742815466, 0.6783685661953958, 0.5207972979449014, 0.3518797228485161, 0.20537199255450542, -0.7134643210381879, -0.2601987424168427, 0.34652913723172984, -0.08345700591343977, 0.11254523300182309], [-0.4011858622971444, -0.4011858622971444, -0.17949968883896394, -0.0844999377568679, -0.47084796393197575, -0.050985944905249096, 0.16728236221892925, -0.40282875890145164, 0.3385967737349721, 0.3879737890498164, 0.5243780954060383, 0.6713492176918859, 0.4730519952616678, 0.09438588696147208]], "inverted": true, "swapped": false, "error_lsq": 0.04712067651093822, "error_max": 0.36431266013234576, "target": "730.xyz", "model": "27.xyz", "model_rescale": 4.103607728864725, "target_rescale": 4.118121279849165},
