[{"mapping": [6, 7, 9, 2, 1, 5, 10, 12, 8, 3, 11, 14], "R": [[0.8304632632650288, 0.14459177466604375, -0.5379814002975603], [0.4866053377213897, -0.658419500365432, 0.5741942239691963], [-0.27119368294311713, -0.73863182996501, -0.6171523362139116]], "T": [-0.1347568609036792, -0.0008785571004302078, 0.1361922770969371], "aligned_model": [[-0.14940789083131067, 0.1635401896913485, 0.3895257257723489, -0.19134830375197762, -0.24556064586360046, -0.6894965622660025, 0.4479469673198454, -0.18471507711801818, 0.5670893510629872, 0.3140856421441762, -0.5427507705581793, -0.041266163141068624], [-0.3182248740721733, -0.7469988797441465, -0.176689932640406, 0.6412336502112136, 0.35950953328561963, -0.6045333054928362, -0.24389516979382186, -0.49351960747839213, -0.018092900615115495, 0.46970971442051973, 0.20026589717293697, -0.015209089276341636], [-0.5831126920107661, 0.13579849855695136, -0.5405768597992537, 0.001307781009917297, -0.5969920850100396, -0.1531818686696283, 0.5672155509552854, 0.6260745857069472, 0.04015561608833479, 0.4369918074085898, 0.2719387949183151, -0.0236673838010914]], "inverted": true, "swapped": true, "error_lsq": 0.04251052109129746, "error_max": 0.19748550831883827, "target": "731.xyz", "model": "0.xyz", "model_rescale": 3.751011558992144, "target_rescale": 4.115061387888655},
{"mapping": [13, 9, 5, 2, 10, 6, 11, 7, 3, 12, 0, 8, 1, 8, 14], "R": [[0.10202564796814995, -0.9779624374853229, 0.1821544345450995], [-0.9290446062809934, -0.1591320533548376, -0.3339956723301474], [0.3556218310183912, -0.13515347003624778, -0.9248062785471819]], "T": [-0.03434782242497986, -0.08395602833209784, -0.07128312535450748], "aligned_model": [[-0.7374079535036122, -0.30560494381779457, -0.33032338299888825, -0.5950730664251709, 0.38152138557486065, 0.5113343118491025, 0.10514592248189131, 0.044693964807749856, -0.6407184212936596, -0.4390553503323643, -0.1616775354129213, 0.11313341849448438, 0.42753331905163133, 0.11313341849448438, -0.060298840579694375], [-0.07363477924494363, -0.282111891284637, 0.2701244097486615, 0.49279822708204113, -0.17316523186736502, -0.5760400574732626, -0.8186455361717004, -0.5164986918061075, -0.1930029776595414, -0.6990821195972051, 0.0898817827267244, 0.5621179128381283, 0.0016527314770109491, 0.5621179128381283, -0.1284188189085458], [-0.25322301159596833, -0.6381547593295303, -0.49212936557427994, 0.12023666889850626, -0.7723881588345483, 0.08302196810782903, -0.34967818840149306, 0.4250396163601047, 0.3801915131167929, 0.02774622775463645, 0.6560902850312247, -0.10672319106408229, 0.4435202359671189, -0.10672319106408229, -0.0900825230644368]], "inverted": false, "swapped": false, "error_lsq": 0.04305847056070844, "error_max": 0.34800383508933047, "target": "731.xyz", "model": "1.xyz", "model_rescale": 3.9405287249114394, "target_rescale": 4.115061387888655},
{"mapping": [7, 12, 10, 4, 11, 8, 6, 5, 2, 0, 1, 9, 14], "R": [[0.8890223764424726, 0.14292663415460288, -0.4349841277952737], [0.45195134427995876, -0.4261141252131618, 0.7836879064381179], [-0.07334300640222563, -0.893307746268361, -0.443420876672293]], "T": [0.03576588479476869, -0.05065127598351676, -0.20646142919779287], "aligned_model": [[-0.19426313220759517, 0.1674030059625837, -0.48757101531099967, 0.5594285838736902, 0.433665196400132, -0.6671373684964618, 0.022211711235240683, 0.6175410154037566, 0.024434041269694645, -0.4457252388932237, 0.05646715198256766, -0.5221701837602377, -0.06830048817521629], [0.6905852604175811, 0.5549912777051735, 0.3688336970660512, -0.37300175106067884, -0.2462860018844596, 0.013442133839425364, 0.03973423059695109, 0.37890688164461317, -0.7063834213298998, -0.5453513408473943, -0.6188537095435789, -0.02424532405065375, -0.07353933898111328], [0.001701655325435314, -0.5243363569067666, -0.5732484715700361, 0.2174698817945886, -0.3760150512362669, -0.1437993955398107, 0.5745441538397515, 0.27612542762946274, -0.2663901230654714, 0.12512277863570143, 0.3905593537947297, 0.46570551749334166, -0.05431902060601557]], "inverted": false, "swapped": true, "error_lsq": 0.04440804319565122, "error_max": 0.2997033950623647, "target": "731.xyz", "model": "2.xyz", "model_rescale": 3.932901565614263, "target_rescale": 4.115061387888655},
{"mapping": [13, 12, 10, 11, 3, 0, 8, 2, 4, 1, 7, 5, 9, 14], "R": [[-0.27090871259295063, 0.6534619395669191, -0.7068210261294372], [-0.9540602370805723, -0.08465349842016864, 0.2874071140855583], [0.12797473759688943, 0.752210927029558, 0.6463754232598425]], "T": [0.045550490539762845, 0.006045636769489049, -0.05744632209793937], "aligned_model": [[-0.5205977130464905, 0.5231502476336578, 0.4379559663405285, -0.24737722044362487, -0.2897155538986586, -0.2667064412396792, 0.2349126848125846, -0.5937479403264243, -0.239849717123802, -0.3507632101468362, 0.8422355734632399, 0.48347518461691025, 0.3283851354552451, 0.07845291595605308], [0.060118806951314704, 0.2444038741697421, -0.4316769194321309, 0.3679385162071864, -0.49577130063786684, -0.5584249690734311, -0.6767726613080687, -0.11542702115414413, 0.459553002625033, -0.08092096362644427, -0.09845946778625272, 0.6434799684051427, -0.5514034665338823, -0.10314076045570922], [-0.5408165197256629, -0.5049499833803812, -0.546116757496669, -0.15003216794410498, -0.44367127215783225, 0.3553229681190437, -0.05451198692090137, 0.04377825562867704, 0.4628689652127184, 0.6602504274804806, -0.05049052694565598, 0.33975894339086676, 0.5533346500827439, 0.08917136771377457]], "inverted": true, "swapped": true, "error_lsq": 0.04767870431097889, "error_max": 0.3291775495906581, "target": "731.xyz", "model": "3.xyz", "model_rescale": 3.9243930471874484, "target_rescale": 4.115061387888655},
{"mapping": [13, 2, 3, 10, 8, 11, 12, 0, 9, 6, 7, 5, 14], "R": [[-0.7744827021150957, 0.027978889054986078, 0.6319760485111352], [-0.4053361822207082, -0.7889456911134192, -0.46180870049871353], [0.48567388596386435, -0.6138256089809373, 0.6223656467479073]], "T": [-0.10532795621441941, -0.15332873515580248, -0.11695481818434736], "aligned_model": [[-0.11901651789705076, -0.1669912445856559, 0.4097553792145104, 0.5438231110684598, 0.5620390459981763, -0.4710470986986934, -0.07191271638222561, 0.20830361051882146, 0.26651361684697356, -0.27429247959858094, 0.16247976044611773, -0.726118320249349, -0.04633026037015129], [-0.6717997769426156, -0.06953438117773272, -0.3834819323871003, -0.4430132720122799, 0.08349219730060609, -0.38003532065450396, -0.6142710791225776, 0.3925541614630319, 0.6243939664975158, 0.5650567728272401, -0.05004734950828005, 0.05182828175931395, 0.022687285638968768], [-0.6536994932577722, -0.767247560397865, -0.5586695843385593, 0.16423488473991762, -0.09156565828229596, -0.3174513812791099, 0.4041893859082102, -0.5530248203384737, 0.02684914209655956, 0.15451567360806331, 0.6335708666479517, 0.45610932315958486, -0.11074046289524776]], "inverted": false, "swapped": true, "error_lsq": 0.04734859031056133, "error_max": 0.23493613821252687, "target": "731.xyz", "model": "4.xyz", "model_rescale": 3.8936222436046832, "target_rescale": 4.115061387888655},
{"mapping": [13, 12, 3, 2, 8, 7, 5, 6, 1, 11, 0, 14], "R": [[0.027034677365154733, -0.1835057128218931, 0.9826468234220731], [0.843843530671273, 0.5311826950960441, 0.07598052497017399], [-0.5359078483881368, 0.8271460559007895, 0.16921046138984985]], "T": [-0.1292358293272065, -0.13881953832481145, -0.041317861487060285], "aligned_model": [[0.10877048625586794, -0.680865187862095, -0.18362944862938263, 0.41374656771140655, -0.46922031293434235, -0.8089066411095507, -0.11680002545874701, 0.0009892181547598577, 0.5320503483462091, 0.16363653682668966, 0.18037324764807122, -0.11259674673378975], [-0.48936364115172715, -0.5543908777022736, 0.04006634118126487, -0.023292554251449493, 0.44059896412246724, 0.0032283092957193504, -0.41726018012533594, 0.29777942403273905, 0.30704221959404054, -0.5090621210112442, 0.5382188343880095, 0.035358186737597136], [-0.6557820751138275, 0.04913221791756311, -0.7330074215959271, -0.3956173646253626, -0.26668917523489183, 0.36309135937059783, 0.7822042982258677, 0.599576637813046, 0.16754632245876833, -0.0912322482890923, -0.2209597401793847, 0.021021908528161402]], "inverted": true, "swapped": true, "error_lsq": 0.04876788756273698, "error_max": 0.2621229686327493, "target": "731.xyz", "model": "5.xyz", "model_rescale": 3.6523030999806103, "target_rescale": 4.115061387888655},
{"mapping": [1, 6, 5, 4, 11, 0, 7, 2, 8, 10, 12, 13, 14], "R": [[0.5827347004075016, 0.5686383386612774, -0.5805779092813659], [0.7850709745179922, -0.20933073543325978, 0.5829615837877665], [0.20996150578224992, -0.795506808900787, -0.5684057380798837]], "T": [0.11057242318194369, 0.011511185215702109, -0.07486642498546871], "aligned_model": [[0.19967972175935841, -0.1692390837313205, 0.2782498744419428, 0.572221814293232, 0.5841511201035282, -0.18217860201422933, -0.4680763051305622, 0.4030354153839062, -0.5344055181103143, -0.40970749604643464, 0.053128189046138835, 0.5669901394280197, -0.012766364758970306], [-0.5688506942756908, -0.0134927112635976, 0.577311394021752, -0.11657580049580285, 0.022063657271283295, -0.6765043376550495, 0.557066184514462, -0.5761808016211662, -0.2301538645289729, 0.2198628219667379, 0.6527059798891615, -0.23454826461886813, -0.07187665904106505], [0.5038877036954555, 0.659574384008888, 0.5635902954086153, 0.4981290125240545, -0.10580349104375865, 0.09078809739980244, 0.0400779671336962, -0.1276682456637555, -0.2413264445414744, -0.5947513056944254, -0.34084593438817545, -0.6117389047755432, 0.03619660541840908]], "inverted": false, "swapped": true, "error_lsq": 0.054513252416066235, "error_max": 0.36667223180052355, "target": "731.xyz", "model": "6.xyz", "model_rescale": 4.08911054899281, "target_rescale": 4.115061387888655},
{"mapping": [5, 4, 6, 7, 3, 9, 8, 11, 12, 10, 13, 6, 1, 2, 14], "R": [[-0.10322685411926676, -0.9942771355609471, -0.027517163541286693], [0.77858788037503, -0.0635556883778818, -0.6243088874971519], [0.6189871800948366, -0.08586997249057365, 0.7806927812543873]], "T": [-0.10860626155908568, -0.11916984773131947, -0.023740466066686693], "aligned_model": [[-0.822418237670521, -0.32244890261886405, -0.02185766118741929, -0.5715292249450228, 0.3337474886473074, 0.5849047347923195, 0.04121850644463079, -0.035978107462698625, -0.6296240226499272, -0.45993231578415283, -0.25686154043665843, -0.02185766118741929, 0.4753297514984185, 0.10439402713281962, 0.029249411817285992], [-0.160533678683985, -0.2730178192654099, 0.25717124846293193, 0.5008179453263937, -0.09517160579562592, -0.48457461246907796, -0.6910878325497917, -0.48855851171577414, -0.2643288337113615, -0.7446531790772078, 0.1759304746230986, 0.25717124846293193, 0.08371953620476877, 0.6410935607005961, -0.195885067815101], [-0.28691859173851225, -0.6775383065507918, -0.3399445553861348, -0.048366285177111855, -0.6796357933317232, -0.014843064512584762, -0.36375712862720594, 0.4266018804981104, 0.44044837420021365, 0.04419703707464121, 0.629582344175597, -0.3399445553861348, 0.37097549433513954, 0.1398748452825441, 0.026012431451745567]], "inverted": false, "swapped": false, "error_lsq": 0.05095842982368975, "error_max": 0.322940405820197, "target": "731.xyz", "model": "7.xyz", "model_rescale": 3.964800864290218, "target_rescale": 4.115061387888655},
{"mapping": [2, 0, 1, 13, 4, 10, 11, 9, 8, 7, 12, 5, 6, 14], "R": [[-0.41453579523923034, -0.8657200482920179, -0.2805153693661803], [0.8050432688267003, -0.20512125379336946, -0.55662429569599], [0.42434114787774196, -0.4565677049764928, 0.7819721996275175]], "T": [-0.14969384485593878, -0.014486449347241135, 0.08022509496853306], "aligned_model": [[-0.17601211420158838, 0.3552769418631541, 0.41851992629293994, -0.7431888198061811, 0.06223442634143039, -0.31242400056786956, -0.44689374942415544, 0.6797366044403932, 0.16625869375676833, 0.10029622277922037, -0.5166563838363181, 0.06636799930558637, 0.576749311328105, 0.030922831189387906], [-0.057095194886342016, -0.3459661468535295, 0.21769841321559014, -0.14055358682884697, 0.6241775996560092, -0.6301873266920311, 0.28912001378101243, -0.2827558895490968, -0.6429256364221432, -0.13970158732663285, -0.0010953313630249189, 0.7111952143645507, 0.2640481331925301, -0.055010208106842755], [-0.5764303313923298, -0.3905568693765933, -0.47017445369153865, -0.35447622279818736, -0.24388113454099145, 0.50308821009885, -0.1315308286135947, 0.1424743708683182, 0.16593192448114105, 0.8335530160107338, 0.6721160284335586, 0.5075142127943848, 0.19433821130168696, 0.06484890514958304]], "inverted": false, "swapped": true, "error_lsq": 0.050884640697960636, "error_max": 0.3505415438951199, "target": "731.xyz", "model": "8.xyz", "model_rescale": 4.121658175737393, "target_rescale": 4.115061387888655},
{"mapping": [5, 6, 9, 7, 4, 11, 0, 3, 8, 2, 12, 10, 14], "R": [[-0.8601142205844221, -0.11037179715411523, 0.49801766428654265], [0.5071067291870475, -0.07937490628009314, 0.8582204783540424], [-0.05519323112182489, 0.9907157466427985, 0.1242417666983835]], "T": [-0.14516790533251878, 0.011062516157727319, 0.09594903797386381], "aligned_model": [[-0.7329089868879811, -0.17345963480567328, 0.37265400800965787, 0.10789072984303227, -0.7080339422317538, -0.5413763948038566, 0.2912581717449646, 0.32881269016434406, 0.5550805877342898, -0.16218749636671906, -0.22818663523579696, 0.4187130089912232, -0.05151860972053414], [0.2840688760346785, -0.1761543567096344, -0.23428621537849126, 0.6171333673769834, -0.4029086976320752, -0.08683312811377963, -0.5986403747046654, -0.15513979797324443, 0.002781214765761507, -0.5823964026799782, 0.6966562841038246, 0.4961132127041468, -0.07000654238181656], [-0.4836202299149198, -0.6672497544214651, -0.5639470152893726, -0.36699401660482656, -0.16798251809239997, 0.33839596949544903, -0.059950312159535196, 0.6069406789436546, -0.01217564531908677, 0.38094263551588414, 0.18674980896515408, 0.2724314006057811, -0.042465567765228696]], "inverted": false, "swapped": true, "error_lsq": 0.04538660849734607, "error_max": 0.3690495699048202, "target": "731.xyz", "model": "9.xyz", "model_rescale": 3.833441315466971, "target_rescale": 4.115061387888655},
{"mapping": [3, 4, 5, 2, 1, 12, 6, 11, 9, 7, 8, 0, 10, 13, 14], "R": [[-0.7001946977807388, 0.6780226488927408, 0.2236351331705534], [0.3812682315536908, 0.6199349277871745, -0.6857953199879919], [-0.6036239895892652, -0.3949252750812261, -0.692583645702349]], "T": [-0.040339390633568964, -0.1574719164177206, -0.060082601714848916], "aligned_model": [[-0.8874527290396258, -0.4388958330822934, -0.1537693191771078, -0.5653652851659812, 0.4811685907415899, 0.45326196142010244, 0.06347267721267867, 0.08122300429211303, -0.7052975490179173, -0.4159274107119397, -0.19215195043998595, 0.4457589146701804, 0.4479239217957707, -0.055694167392506114, -0.13191857971497914], [-0.29070718343835955, -0.32861213487463137, 0.3117102480499324, 0.3327686816095331, -0.07717709707095141, -0.501795940951959, -0.5983418090769643, -0.5700565426235343, -0.030084590772278125, -0.6288216307744444, 0.030369115132949015, 0.3082434140707747, 0.0774271535250062, 0.6396494709349753, -0.15647828104266215], [-0.19781133968959638, -0.7292435449111597, -0.5338303714437066, -0.0343489458541702, -0.5769879124458394, -0.08869603719725003, -0.5661323624706747, 0.46938278091381, 0.3865864518311881, 0.22395447813787084, 0.6810166196636003, -0.16323603225635255, 0.5581208503908807, -0.06702998037528451, -0.03500052798552422]], "inverted": true, "swapped": false, "error_lsq": 0.05186120917407907, "error_max": 0.3404953471566289, "target": "731.xyz", "model": "10.xyz", "model_rescale": 4.2482417240324, "target_rescale": 4.115061387888655},
{"mapping": [9, 0, 3, 2, 7, 12, 10, 11, 1, 5, 6, 14], "R": [[-0.25201158128155116, -0.8936148793983636, 0.3714062603374107], [-0.8648825400324203, 0.03580847682435229, -0.5006954612682135], [0.4341294217707911, -0.44740384475926015, -0.7818960575726103]], "T": [0.14752015680596156, 0.14759207523626555, 0.004243479485477618], "aligned_model": [[-0.5919114039195985, -0.039835895719662756, 0.37559022876192283, 0.5466475743142895, -0.5198689653674463, 0.08444885402840016, -0.11600226077558926, 0.5714853156707396, 0.08587837446536886, -0.1081940212121573, -0.41913625876269245, 0.007664060879432055], [-0.30631803121314577, -0.5943746094628342, -0.2404563074535359, -0.36702850637688605, 0.5611386250384092, 0.7836592472700625, 0.28979632030992686, 0.25159514991794235, -0.4461565175539453, 0.6859316571171523, 0.014410680603667486, 0.033933681853825545], [-0.10066084541214854, -0.025641159208317756, 0.561734076931643, -0.09356995026835177, 0.1752634551273475, 0.2810399166026531, 0.7076038253921078, -0.18225623479378303, -0.5644209756383516, -0.628744151912813, -0.5244210634669556, -0.04073460349867335]], "inverted": true, "swapped": true, "error_lsq": 0.038530349743170954, "error_max": 0.2223103102674329, "target": "731.xyz", "model": "11.xyz", "model_rescale": 3.6694154284099745, "target_rescale": 4.115061387888655},
{"mapping": [5, 6, 9, 1, 4, 12, 11, 10, 0, 3, 8, 2, 7, 14], "R": [[-0.07156576993736591, 0.35579251502428, -0.931820812616873], [-0.8312469617431402, -0.5376109435502172, -0.1414318279873519], [-0.5512774520747885, 0.7644515417132357, 0.3342259882268083]], "T": [0.053374834457866706, -0.12986129490505116, 0.04865687630360637], "aligned_model": [[-0.062401035198348186, 0.04399621579249061, -0.12216318319246347, 0.6410206501496266, 0.5962872813313908, -0.48061415431912247, 0.3713656068457428, -0.5724619419676557, 0.3499811518901957, 0.11059878076195762, -0.2748446393590509, 0.6423736359854102, -0.6936273132153585, 0.04875379475099496], [-0.3878382164514341, 0.32876842708951637, 0.6901437451821762, 0.3613602581628904, -0.18585723308629276, -0.5770474462948545, -0.48203795104669095, -0.06460596843671759, 0.5609438063195306, 0.029200272202236893, 0.42169303339886643, 0.011303991879827308, -0.021452936357087754, 0.04641350557428742], [-0.7734845006609561, -0.5900087606079308, -0.19746600704354808, -0.25644989909354526, -0.46120657361785844, 0.0411728904673215, 0.03456040703715579, 0.4827674148991481, 0.19468066831211467, 0.7449456878680394, 0.34893554532430376, 0.30722462191970856, -0.22686488415411055, -0.009711150997426997]], "inverted": false, "swapped": true, "error_lsq": 0.0456341950851984, "error_max": 0.28097354396054736, "target": "731.xyz", "model": "12.xyz", "model_rescale": 3.9764082729961374, "target_rescale": 4.115061387888655},
{"mapping": [8, 2, 1, 10, 0, 4, 7, 14, 11, 3, 13, 9, 6, 12, 15], "R": [[-0.7610707685820948, -0.29416342736176204, 0.5781342086511063], [-0.42047670737828624, 0.9023810260573223, -0.09438126066147465], [-0.49393382528652, -0.3149227870677438, -0.810464690423531]], "T": [0.0007076468444871947, -0.035300354176862184, -0.027649301304750643], "aligned_model": [[-0.6496649190638321, -0.3002432311382406, -0.323169888936056, -0.6962653943916833, 0.35405411195033676, 0.5440704271728901, 0.04816443113579376, -0.15658767258221346, -0.6578518250667335, -0.4208653361751291, -0.04666628953630712, 0.30822806032032163, 0.4505599429538067, -0.04826992639860586, 0.020843756145751065], [-0.24311044401312193, -0.15474767079824792, 0.3501999119417169, 0.3643212028756857, -0.17811319117408536, -0.49806128035235236, -0.6472516457291548, -0.3872776628868638, -0.14570343124525015, -0.7504771772964849, 0.22000344439869768, 0.3201221803673756, -0.18795148477176793, 0.5950488000397162, -0.13890867865847623], [-0.21063380536075937, -0.756635186970238, -0.4147093288201519, -0.0016091421814681955, -0.6455964695062616, -0.10810385952377362, -0.4684408272160359, 0.6724779701357965, 0.4020660478268069, 0.111065438265626, 0.5264772427008377, -0.402622825372016, 0.5706728106988938, 0.05880690752914246, -0.006470845898606539]], "inverted": true, "swapped": false, "error_lsq": 0.05106806587696542, "error_max": 0.3203780122910886, "target": "731.xyz", "model": "13.xyz", "model_rescale": 4.170626492500431, "target_rescale": 4.115061387888655},
{"mapping": [0, 3, 9, 10, 6, 5, 7, 2, 1, 13, 11, 12, 4, 14], "R": [[0.22954548150902, -0.09062311056408207, 0.9690698239809568], [-0.6370529500678828, 0.7387623443669004, 0.21998576625620442], [-0.7358480894373514, -0.6678455288292434, 0.11184783812925615]], "T": [-0.08807354981731162, -0.014522759884271392, 0.17677946858674623], "aligned_model": [[0.36833251672550704, -0.07838616339281947, 0.0052940573606905655, -0.7210435939524344, 0.11281859231047649, -0.1649772077001383, -0.7334257825351432, 0.4787504641090957, 0.6473685101989463, 0.08805674687821254, 0.11804523457715492, -0.7201267906586886, 0.47826614834103165, -0.03578971017024766], [-0.25964911958930703, -0.7255045572153084, 0.1641260671368452, -0.385925848436039, 0.5719405288720121, 0.8370600761530093, 0.3243956207791671, -0.3455942561276535, 0.1768327129804693, -0.5625431804337423, 0.002193519787997072, 0.093409464172265, 0.43947608620397643, 0.025857353641974435], [-0.3872387168043686, 0.08843746453860805, -0.6736118658293646, -0.03720781402761403, -0.30698300859495586, 0.33414874301263797, -0.16135016379080333, 0.22975783283534376, -0.14294607411435953, 0.6519070107886759, 0.6040742750311854, 0.4488732758040648, 0.35283230630675766, 0.003179835965058664]], "inverted": true, "swapped": true, "error_lsq": 0.053011220782199595, "error_max": 0.2735101663764672, "target": "731.xyz", "model": "14.xyz", "model_rescale": 3.9786697098870705, "target_rescale": 4.115061387888655},
{"mapping": [3, 2, 12, 10, 11, 5, 0, 6, 7, 8, 4, 14], "R": [[-0.40200325609140936, 0.2967320049579928, -0.8662237005101596], [-0.8500192788425222, 0.23074061130489834, 0.47352507419426126], [0.3403830308460509, 0.9266654668909658, 0.15946944780679742]], "T": [0.020406744749401386, 0.03549389558676076, -0.1420479480444934], "aligned_model": [[-0.19140200958773618, -0.6171849194184411, 0.6572332059264652, 0.5212510383534069, -0.17209525588459648, 0.3367381057966178, -0.48733199681666106, -0.005536352426203282, 0.73529416126733, 0.11780899705748424, -0.3930748620829496, -0.01834551541737975], [-0.5887351834989482, -0.06927376738069345, 0.11275923956928365, -0.533543432227523, 0.3232442035182494, 0.7943437682959723, -0.3494670243794204, 0.3092556720731111, -0.021923607613130433, -0.5879741655999103, 0.6358687238789373, -0.009879936411489071], [-0.422883094849533, -0.26934724909108965, -0.41344770695715977, -0.2407059492262204, -0.4668370780010954, 0.14071330897212359, 0.2828242723499671, 0.5946368024427683, 0.2203275938285839, 0.1802994686625859, 0.02053505842693687, 0.03385106731596277]], "inverted": true, "swapped": true, "error_lsq": 0.0525251227258092, "error_max": 0.2922705867400005, "target": "731.xyz", "model": "15.xyz", "model_rescale": 3.769337070930944, "target_rescale": 4.115061387888655},
{"mapping": [6, 5, 0, 4, 9, 7, 8, 12, 3, 11, 14], "R": [[0.48655419543454237, 0.04282543101924613, -0.8726001360090776], [0.838909823820938, -0.3017588313141224, 0.45295906572300504], [-0.24391663002298086, -0.9524219601531406, -0.18274870017672212]], "T": [-0.04017969818696041, 0.06125469235622549, 0.1961072376687496], "aligned_model": [[-0.22995050591102945, -0.46012715425350587, 0.01147429431636978, -0.7567856961279622, 0.21870207640041003, 0.4403093079074921, 0.5462609914730416, 0.24363800942104288, 0.32981302878310015, -0.4070251836484491, -0.013683037669339024], [-0.015478605351410185, -0.6069703996267447, 0.7291207772904861, 0.07151362854502807, 0.3157658175155852, -0.463397673289611, 0.36093378870128046, -0.5255171683111171, 0.5675150569371307, 0.030050632203760586, 0.13252864301095382], [-0.5631173784463825, -0.16857337375716064, -0.17510254251526564, -0.014180197933255034, -0.5988787050200444, -0.17745270606422991, -0.06540229534523773, 0.44171260518138306, 0.5428046511501847, 0.49576693687311496, 0.02664061310066973]], "inverted": true, "swapped": true, "error_lsq": 0.049563385497719256, "error_max": 0.2959100464637725, "target": "731.xyz", "model": "16.xyz", "model_rescale": 3.7852294659196426, "target_rescale": 4.115061387888655},
{"mapping": [11, 3, 10, 13, 2, 0, 9, 8, 12, 5, 6, 7, 14], "R": [[-0.7313676853375797, 0.1425330167314061, -0.6669225202265973], [-0.053959203608391744, 0.9627563859020707, 0.26493120946904575], [0.6798453597619826, 0.22974873350299013, -0.6964379414304426]], "T": [0.029754949395401537, 0.01235533910933899, -0.13168682515900196], "aligned_model": [[0.023783426592435448, -0.3126168556844157, 0.3167869001771291, -0.17352538646285823, -0.5600860196388581, -0.6595723310296765, -0.2849086055203449, -0.16437848120948576, 0.6985768249340948, 0.5128357337810174, -0.0656593609338311, 0.5828297878547264, -0.0602997826436496], [-0.1869357081044607, -0.5070079018908962, -0.26290793583538674, -0.6730796693187066, -0.19513501355305124, 0.21054035596283638, 0.6584542313293199, 0.06990990291727919, -0.1562572889979284, 0.594592029682472, 0.7928792969125006, 0.37738952098115236, 0.15261380361774352], [-0.5624914889180721, 0.223892479996922, 0.5211720238857434, -0.34604726550823517, -0.33842310709252077, 0.1367541232966332, 0.3656474726690069, 0.5473618935930008, -0.0346157964348848, -0.560062804492825, -0.1304881441382534, 0.32277449381717016, -0.04971918353051172]], "inverted": true, "swapped": true, "error_lsq": 0.04462719314155701, "error_max": 0.28355863075892634, "target": "731.xyz", "model": "17.xyz", "model_rescale": 3.901054581598922, "target_rescale": 4.115061387888655},
{"mapping": [13, 9, 5, 2, 10, 6, 11, 7, 3, 12, 0, 8, 1, 8, 14], "R": [[0.10202564796814995, -0.9779624374853229, 0.1821544345450995], [-0.9290446062809934, -0.1591320533548376, -0.3339956723301474], [0.3556218310183912, -0.13515347003624778, -0.9248062785471819]], "T": [-0.03434782242497986, -0.08395602833209784, -0.07128312535450748], "aligned_model": [[-0.7374079535036122, -0.30560494381779457, -0.33032338299888825, -0.5950730664251709, 0.38152138557486065, 0.5113343118491025, 0.10514592248189131, 0.044693964807749856, -0.6407184212936596, -0.4390553503323643, -0.1616775354129213, 0.11313341849448438, 0.42753331905163133, 0.11313341849448438, -0.060298840579694375], [-0.07363477924494363, -0.282111891284637, 0.2701244097486615, 0.49279822708204113, -0.17316523186736502, -0.5760400574732626, -0.8186455361717004, -0.5164986918061075, -0.1930029776595414, -0.6990821195972051, 0.0898817827267244, 0.5621179128381283, 0.0016527314770109491, 0.5621179128381283, -0.1284188189085458], [-0.25322301159596833, -0.6381547593295303, -0.49212936557427994, 0.12023666889850626, -0.7723881588345483, 0.08302196810782903, -0.34967818840149306, 0.4250396163601047, 0.3801915131167929, 0.02774622775463645, 0.6560902850312247, -0.10672319106408229, 0.4435202359671189, -0.10672319106408229, -0.0900825230644368]], "inverted": false, "swapped": false, "error_lsq": 0.04305847056070844, "error_max": 0.34800383508933047, "target": "731.xyz", "model": "18.xyz", "model_rescale": 3.9405287249114394, "target_rescale": 4.115061387888655},
{"mapping": [13, 4, 12, 14, 0, 6, 7, 5, 11, 9, 10, 1, 2, 3, 15], "R": [[-0.007666055142214648, 0.5676688343069559, 0.823221310556972], [-0.1467900449308301, 0.8136884731814926, -0.5624622221276523], [-0.9891379652544742, -0.12515255957491792, 0.0770903529897562]], "T": [-0.1353497287161494, -0.10783067468703661, -0.1451422801732135], "aligned_model": [[-0.8035195321692955, -0.1305454642473536, -0.2711072592744034, -0.6736055776389703, 0.38930919919235774, 0.5677680603408936, -0.34727665118728845, 0.18061852873954384, -0.5417420218838956, -0.438506173925135, -0.1810733578017844, 0.41238979881274673, 0.38634587404571585, -0.0023651801508393355, -0.12035399646219354], [-0.17746085647772908, -0.2537234477852822, 0.29835958899321396, 0.3915415978234801, -0.2371572634942427, -0.2997235185659477, -0.7134396960706637, -0.632407763168136, -0.23318474475472722, -0.7618395453684643, 0.2830733182415539, 0.2543594585974182, -0.02534987086536125, 0.7243676985620626, -0.0993220829697889], [-0.15067372746540325, -0.8616318100455599, -0.4867830634492826, 0.1011237073773234, -0.5702092169600437, 0.01943586774387651, -0.4348839611444193, 0.41721488505185356, 0.4365319096196131, 0.11825554395369542, 0.5353042313192401, -0.21086245449776336, 0.5450431283025894, -0.021896297364853323, -0.10922461613307455]], "inverted": true, "swapped": false, "error_lsq": 0.05121512408238454, "error_max": 0.3599499978072143, "target": "731.xyz", "model": "19.xyz", "model_rescale": 4.410303926677745, "target_rescale": 4.115061387888655},
{"mapping": [2, 0, 1, 13, 4, 10, 11, 9, 8, 7, 12, 5, 6, 14], "R": [[-0.41453579523923034, -0.8657200482920179, -0.2805153693661803], [0.8050432688267003, -0.20512125379336946, -0.55662429569599], [0.42434114787774196, -0.4565677049764928, 0.7819721996275175]], "T": [-0.14969384485593878, -0.014486449347241135, 0.08022509496853306], "aligned_model": [[-0.17601211420158838, 0.3552769418631541, 0.41851992629293994, -0.7431888198061811, 0.06223442634143039, -0.31242400056786956, -0.44689374942415544, 0.6797366044403932, 0.16625869375676833, 0.10029622277922037, -0.5166563838363181, 0.06636799930558637, 0.576749311328105, 0.030922831189387906], [-0.057095194886342016, -0.3459661468535295, 0.21769841321559014, -0.14055358682884697, 0.6241775996560092, -0.6301873266920311, 0.28912001378101243, -0.2827558895490968, -0.6429256364221432, -0.13970158732663285, -0.0010953313630249189, 0.7111952143645507, 0.2640481331925301, -0.055010208106842755], [-0.5764303313923298, -0.3905568693765933, -0.47017445369153865, -0.35447622279818736, -0.24388113454099145, 0.50308821009885, -0.1315308286135947, 0.1424743708683182, 0.16593192448114105, 0.8335530160107338, 0.6721160284335586, 0.5075142127943848, 0.19433821130168696, 0.06484890514958304]], "inverted": false, "swapped": true, "error_lsq": 0.050884640697960636, "error_max": 0.3505415438951199, "target": "731.xyz", "model": "20.xyz", "model_rescale": 4.121658175737393, "target_rescale": 4.115061387888655},
{"mapping": [1, 6, 5, 4, 11, 0, 7, 2, 8, 10, 12, 13, 14], "R": [[0.5827347004075016, 0.5686383386612774, -0.5805779092813659], [0.7850709745179922, -0.20933073543325978, 0.5829615837877665], [0.20996150578224992, -0.795506808900787, -0.5684057380798837]], "T": [0.11057242318194369, 0.011511185215702109, -0.07486642498546871], "aligned_model": [[0.19967972175935841, -0.1692390837313205, 0.2782498744419428, 0.572221814293232, 0.5841511201035282, -0.18217860201422933, -0.4680763051305622, 0.4030354153839062, -0.5344055181103143, -0.40970749604643464, 0.053128189046138835, 0.5669901394280197, -0.012766364758970306], [-0.5688506942756908, -0.0134927112635976, 0.577311394021752, -0.11657580049580285, 0.022063657271283295, -0.6765043376550495, 0.557066184514462, -0.5761808016211662, -0.2301538645289729, 0.2198628219667379, 0.6527059798891615, -0.23454826461886813, -0.07187665904106505], [0.5038877036954555, 0.659574384008888, 0.5635902954086153, 0.4981290125240545, -0.10580349104375865, 0.09078809739980244, 0.0400779671336962, -0.1276682456637555, -0.2413264445414744, -0.5947513056944254, -0.34084593438817545, -0.6117389047755432, 0.03619660541840908]], "inverted": false, "swapped": true, "error_lsq": 0.054513252416066235, "error_max": 0.36667223180052355, "target": "731.xyz", "model": "21.xyz", "model_rescale": 4.08911054899281, "target_rescale": 4.115061387888655},
{"mapping": [10, 5, 9, 12, 11, 1, 8, 0, 7, 6, 13, 15, 4, 14, 16], "R": [[0.5492935550476066, 0.5697364865942991, -0.6112911959339398], [-0.70250246747451, -0.0812951241409564, -0.7070229034360429], [-0.45251173860507476, 0.8177966976175013, 0.3555863998953307]], "T": [-0.030720681477976186, -0.05771986040124333, -0.026369548054237798], "aligned_model": [[-0.8087139482565147, -0.3747944299927946, -0.4033066858836068, -0.5551390720507976, 0.3203291620540852, 0.6170730495094177, 0.06221031259518009, 0.03937151205347267, -0.5959207451453221, -0.3585558260507862, -0.26300598571174805, 0.5240537241286802, 0.26115497574626906, -0.004069388790925943, -0.03435040781451054], [-0.1427682138996854, -0.1849591967381577, 0.33540315198763404, 0.4400370263654179, -0.22810978982831617, -0.5113442971253654, -0.6406603827811173, -0.5791015117452372, -0.23208303529878288, -0.7229465994394724, 0.19146042159085663, 0.2846739364575517, -0.0074946902662335405, 0.5827239785431665, -0.0667379251248727], [-0.22291130857703068, -0.6289908726185705, -0.4891671042425355, 0.12260340029363545, -0.6848711118826009, -0.09409350073122269, -0.3901087345163621, 0.5422495302636063, 0.3685260828148716, 0.048206803444461876, 0.5399189742836248, -0.35271118598996454, 0.6049609667100838, -0.057093865838686475, 0.02022605289448146]], "inverted": true, "swapped": false, "error_lsq": 0.039566634869248274, "error_max": 0.26648083593906813, "target": "731.xyz", "model": "22.xyz", "model_rescale": 4.204369325754507, "target_rescale": 4.115061387888655},
{"mapping": [13, 4, 12, 14, 0, 6, 7, 5, 11, 9, 10, 1, 2, 3, 15], "R": [[-0.007666055142214648, 0.5676688343069559, 0.823221310556972], [-0.1467900449308301, 0.8136884731814926, -0.5624622221276523], [-0.9891379652544742, -0.12515255957491792, 0.0770903529897562]], "T": [-0.1353497287161494, -0.10783067468703661, -0.1451422801732135], "aligned_model": [[-0.8035195321692955, -0.1305454642473536, -0.2711072592744034, -0.6736055776389703, 0.38930919919235774, 0.5677680603408936, -0.34727665118728845, 0.18061852873954384, -0.5417420218838956, -0.438506173925135, -0.1810733578017844, 0.41238979881274673, 0.38634587404571585, -0.0023651801508393355, -0.12035399646219354], [-0.17746085647772908, -0.2537234477852822, 0.29835958899321396, 0.3915415978234801, -0.2371572634942427, -0.2997235185659477, -0.7134396960706637, -0.632407763168136, -0.23318474475472722, -0.7618395453684643, 0.2830733182415539, 0.2543594585974182, -0.02534987086536125, 0.7243676985620626, -0.0993220829697889], [-0.15067372746540325, -0.8616318100455599, -0.4867830634492826, 0.1011237073773234, -0.5702092169600437, 0.01943586774387651, -0.4348839611444193, 0.41721488505185356, 0.4365319096196131, 0.11825554395369542, 0.5353042313192401, -0.21086245449776336, 0.5450431283025894, -0.021896297364853323, -0.10922461613307455]], "inverted": true, "swapped": false, "error_lsq": 0.05121512408238454, "error_max": 0.3599499978072143, "target": "731.xyz", "model": "23.xyz", "model_rescale": 4.410303926677745, "target_rescale": 4.115061387888655},
{"mapping": [1, 10, 3, 0, 8, 15, 9, 13, 7, 11, 12, 4, 6, 2, 16], "R": [[0.5922714902327779, 0.12167140231382073, -0.7964989339079074], [0.7228269929099225, 0.35653005264699905, 0.5919522445943821], [0.35599946654207704, -0.9263273673051642, 0.12321521173637655]], "T": [-0.07181726221897482, -0.21431469085737143, 0.0018743534928121405], "aligned_model": [[-0.8818513657144487, -0.19279516453975654, -0.4346398997931854, -0.40425186686091197, 0.37708661573770785, 0.6041280493976727, 0.1799221933084884, -0.11397873593029641, -0.6375835963926495, -0.40447990319838045, -0.0350477301530223, 0.18171653170529828, 0.39656733824929147, -0.06824193388177278, -0.140214285543936], [-0.11024194302997276, -0.31153946157151624, 0.4426451872186412, 0.4211541837834871, -0.18898997050812538, -0.44322145209775654, -0.6597279237738618, -0.4405166109155523, -0.22824955725867724, -0.7395431710328948, 0.24591299632080393, 0.2521922355602155, -0.2753166491517085, 0.6864426109015513, -0.13290760174724797], [-0.26146756095355156, -0.6303405129768559, -0.4941240707951133, 0.23862813716987927, -0.6862758002884235, -0.0018433335112126928, -0.3595869613141818, 0.6661346378133628, 0.35065103175034346, -0.11725623670080573, 0.659912583575211, -0.4362766204122229, 0.5975191443608562, -0.1448139266581459, -0.05411638475134747]], "inverted": true, "swapped": false, "error_lsq": 0.04916987524353412, "error_max": 0.32288371510650055, "target": "731.xyz", "model": "24.xyz", "model_rescale": 4.28219845311461, "target_rescale": 4.115061387888655},
{"mapping": [2, 6, 14, 13, 10, 5, 8, 3, 4, 0, 7, 11, 9, 12, 15], "R": [[0.4655680054540601, 0.6894917321547803, -0.5548401423723133], [-0.5879893057197166, -0.2275795562514776, -0.7761933534472104], [-0.6614491731469425, 0.6876108615100412, 0.2994600048030535]], "T": [-0.1045393203115678, -0.09841603057691636, 0.018841072924877633], "aligned_model": [[-0.7286818319370981, -0.3854375857635937, -0.23857934744330994, -0.4101625163641876, 0.20200727264477208, 0.6715390542572346, 0.2148491532548618, 0.0477989362273165, -0.609215461574315, -0.6685103999157586, -0.24720585550513863, 0.3021338148437919, 0.35746793563886264, 0.07742244820838813, -0.15908937018172742], [0.012246547282578263, -0.487255876081904, 0.31460745622275543, 0.38188165102858085, -0.0871373271102974, -0.4480164098042877, -0.5472950471322638, -0.5279707069674804, -0.39705127726733214, -0.6634455012175298, 0.15274925343487936, 0.17707218006714634, 0.14712820710350724, 0.6378717992570999, -0.14729207611806627], [-0.23996376364350125, -0.7441116608501066, -0.6069300476719361, 0.1886205063553462, -0.7130105486643965, -0.00877436270205778, -0.4035860668022404, 0.6451965474323773, 0.4556105257257916, -0.1491841951554856, 0.7414116685024728, -0.21610632158639892, 0.44677916035104087, -0.07702365817279308, 0.00781634318967923]], "inverted": true, "swapped": false, "error_lsq": 0.045136130346054675, "error_max": 0.3370226478393111, "target": "731.xyz", "model": "25.xyz", "model_rescale": 4.100010024507729, "target_rescale": 4.115061387888655},
{"mapping": [9, 0, 3, 2, 7, 12, 10, 11, 1, 5, 6, 14], "R": [[-0.25201158128155116, -0.8936148793983636, 0.3714062603374107], [-0.8648825400324203, 0.03580847682435229, -0.5006954612682135], [0.4341294217707911, -0.44740384475926015, -0.7818960575726103]], "T": [0.14752015680596156, 0.14759207523626555, 0.004243479485477618], "aligned_model": [[-0.5919114039195985, -0.039835895719662756, 0.37559022876192283, 0.5466475743142895, -0.5198689653674463, 0.08444885402840016, -0.11600226077558926, 0.5714853156707396, 0.08587837446536886, -0.1081940212121573, -0.41913625876269245, 0.007664060879432055], [-0.30631803121314577, -0.5943746094628342, -0.2404563074535359, -0.36702850637688605, 0.5611386250384092, 0.7836592472700625, 0.28979632030992686, 0.25159514991794235, -0.4461565175539453, 0.6859316571171523, 0.014410680603667486, 0.033933681853825545], [-0.10066084541214854, -0.025641159208317756, 0.561734076931643, -0.09356995026835177, 0.1752634551273475, 0.2810399166026531, 0.7076038253921078, -0.18225623479378303, -0.5644209756383516, -0.628744151912813, -0.5244210634669556, -0.04073460349867335]], "inverted": true, "swapped": true, "error_lsq": 0.038530349743170954, "error_max": 0.2223103102674329, "target": "731.xyz", "model": "26.xyz", "model_rescale": 3.6694154284099745, "target_rescale": 4.115061387888655},
