[{"mapping": [8, 7, 10, 1, 0, 3, 5, 9, 6, 2, 11], "R": [[-0.9904125785784039, 0.10790783805118187, -0.08624860973254699], [-0.12853258289957487, -0.4910603058004499, 0.8615910579853605], [0.050619159681302525, 0.8644163779997975, 0.5002219768451506]], "T": [-0.004117448114619546, 0.21397299361638422, 0.017253291846382315], "aligned_model": [[0.5857263781938656, -0.17771590317334035, -0.5407529074463926, 0.273913943842372, -0.25580669017465363, -0.2033639966219546, -0.5522513980192648, 0.13718015317024712, 0.4776533427104007, 0.4263471170910945, -0.04145657301113943], [0.38345946839623724, -0.7001428190986981, -0.08172961342289076, -0.06523119809821942, 0.4363201121408265, 0.5648987044105566, -0.1386711236572276, 0.02068686388067123, -0.32022252010564645, 0.6180735910077041, 0.2161310641910137], [-0.14541842088719004, 0.19292106695463146, -0.276589689936096, 0.606001220874084, 0.5368739980510376, -0.540585818649148, 0.5309435020355155, -0.5413448502476432, -0.07041965541813615, 0.5651156932544887, 0.07584841426676259]], "inverted": true, "swapped": false, "error_lsq": 0.044784770991520055, "error_max": 0.2806107363856377, "target": "733.xyz", "model": "0.xyz", "model_rescale": 3.751011558992144, "target_rescale": 3.8723853104132098},
{"mapping": [8, 6, 7, 10, 9, 3, 11, 1, 4, 5, 14], "R": [[0.8739460080583842, 0.4856251205046663, -0.019662587155388968], [0.47703573119923853, -0.8493391519383561, 0.225964413445662], [0.09303379040984375, -0.2068604537350303, -0.9739370957728816]], "T": [0.007217622441300208, 0.21240709283317838, 0.02132052899478], "aligned_model": [[0.6442255534075102, -0.2552980315065462, -0.47449420381599416, 0.27502403266939596, -0.1240125938018934, -0.44400981834977876, -0.5136289611922679, 0.12703799077001754, 0.6164720444153026, 0.3153377899808555, -0.037180336015366675], [0.3271024026206575, -0.49022633592538956, -0.06368143564830514, -0.15168556313726345, 0.42887055019078296, 0.6946532596013437, -0.17673647441167983, -0.21874944384497275, -0.2890220500730095, 0.6523867637748344, 0.22066085649732853], [-0.1252541411865829, -0.012109120920435854, -0.341178939531776, 0.7055500318942027, 0.629688693273493, -0.3623959299007426, 0.48394036137971247, -0.5129384621781425, 0.07565131087115491, 0.3400145805694663, 0.052377076027956854]], "inverted": true, "swapped": false, "error_lsq": 0.04870430342056529, "error_max": 0.22485026736440034, "target": "733.xyz", "model": "1.xyz", "model_rescale": 3.9405287249114394, "target_rescale": 3.8723853104132098},
{"mapping": [6, 9, 10, 2, 4, 3, 8, 11, 5, 1, 12], "R": [[-0.4398629942279643, 0.8980642387816957, -0.001081355752475574], [0.8957261060889108, 0.43880400671356207, 0.07159459869935529], [0.06477105201868653, 0.030523215976986137, -0.9974332278938851]], "T": [0.10347467698830605, 0.2173959447906015, 0.07372975741493909], "aligned_model": [[0.35547936293803156, -0.2742727669397014, -0.5573242004557543, 0.44252961787933115, -0.31010940968329137, -0.33492657582014057, -0.5678937329614712, 0.23763287782444648, 0.5204951518800784, 0.4998723787639362, 0.1179907631357696], [0.4331223157849261, -0.4906585071184387, -0.10375031040188679, -0.09857846279855523, 0.5445620832816569, 0.4897009570655887, -0.08286741373513626, -0.21093179946482846, -0.37747673237736057, 0.6397611595286538, 0.19068923987970726], [-0.3567484238049956, -0.005937480692734282, -0.34063366478456114, 0.5731009102939131, 0.5359053116794226, -0.17214419483457188, 0.3182622578276948, -0.47957956808631014, 0.09095479317139799, 0.6138249525097885, 0.1563405670192626]], "inverted": false, "swapped": false, "error_lsq": 0.049262327144979044, "error_max": 0.22378973721157186, "target": "733.xyz", "model": "2.xyz", "model_rescale": 3.932901565614263, "target_rescale": 3.8723853104132098},
{"mapping": [6, 3, 11, 7, 9, 10, 8, 1, 0, 5, 13], "R": [[-0.2262719531946203, -0.6870709705566314, -0.6904596183817415], [0.4154588308272523, -0.7092082447615832, 0.5695767072571059], [-0.8810192750928576, -0.15797831174108334, 0.4459236368867353]], "T": [0.08134512142076329, 0.04016738052283307, 0.08008452691360576], "aligned_model": [[0.4360805267488685, -0.08633806650464863, -0.738401490797376, 0.21803713210871045, -0.21508706060593502, -0.15637636737894345, -0.5244829134882417, 0.2428391439270045, 0.5165206646095459, 0.35334413527515024, 0.08333776266709997], [0.5696723867088718, -0.4415742189612535, 0.0070499146241015526, -0.06953106210093109, 0.4272688537246796, 0.4863623062772426, -0.17707956460953983, -0.17157785046314028, -0.4565654618439976, 0.6037615590901403, 0.1557856671981535], [-0.16584127757300476, 0.10228492994832279, -0.27294156783968304, 0.7722001915587207, 0.629696526684986, -0.4274034259435042, 0.4330191986035007, -0.6111840596441835, -0.03318090941859647, 0.433889309246957, 0.07280654467479189]], "inverted": false, "swapped": false, "error_lsq": 0.049443153774385955, "error_max": 0.23862162099972437, "target": "733.xyz", "model": "3.xyz", "model_rescale": 3.9243930471874484, "target_rescale": 3.8723853104132098},
{"mapping": [1, 6, 11, 4, 8, 9, 10, 5, 0, 7, 12], "R": [[0.20607549087074897, -0.3364780929988411, -0.9188663586149204], [-0.11079865932669522, 0.9249589984341868, -0.36355812232301093], [0.972243050452811, 0.17672957915269777, 0.15333005804056668]], "T": [-0.029278260819506945, 0.05472863592915518, 0.1543307374623267], "aligned_model": [[0.4747472646782171, -0.19788542771352804, -0.6591290151582129, 0.14053620134663147, -0.25824464632365207, -0.338222444034164, -0.6029966257815969, 0.26368995531849204, 0.7330365936465708, 0.5290749567733757, 0.04486665380910172], [0.40563477123824015, -0.5971310390841627, -0.015249377699864286, 0.09655515559486418, 0.5526507169667835, 0.5896128276047824, -0.11685762856394948, -0.25198202485772797, -0.26504750639485974, 0.5200111609218525, 0.015375473918368236], [-0.21033822726002285, -0.10675756579964238, -0.31951014960317126, 0.7215880513261109, 0.46414417235589644, -0.18646213941483772, 0.5265311015962716, -0.473141409064892, -0.04552329632565141, 0.49296419011027715, 0.06985073237796834]], "inverted": false, "swapped": false, "error_lsq": 0.04952841351598933, "error_max": 0.27761107368450993, "target": "733.xyz", "model": "4.xyz", "model_rescale": 3.8936222436046832, "target_rescale": 3.8723853104132098},
{"mapping": [9, 10, 2, 7, 5, 1, 4, 3, 8, 6, 11], "R": [[-0.7815730751405285, 0.28134477889709963, -0.556766237843783], [0.49694859100136995, 0.8203077556902554, -0.2830852943128089], [0.37707509347228285, -0.4979360414167251, -0.7809443466349639]], "T": [0.08019274623243361, 0.05027332285669126, 0.017700573653153903], "aligned_model": [[0.5389936011083167, -0.1155042408665819, -0.5482444306671106, 0.275068207235317, -0.27338962696532865, -0.2816077363688606, -0.6410759428147292, 0.15781470118223706, 0.6859229146143888, 0.3655634590821941, -0.03406743897860813], [0.357566528605979, -0.5382387861207051, -0.12588168056029894, -0.11145524468817714, 0.4821700038394746, 0.7348201969741145, -0.04660914866972559, -0.22983137000546885, -0.3631603287108566, 0.6360384285502584, 0.1381539304297325], [-0.2599837886842712, 0.13945272481447663, -0.3445073699176817, 0.6140351714477594, 0.6055913963122233, -0.19111694258191553, 0.335521063580992, -0.4780798469642342, -0.0718896333692394, 0.47601424932423747, 0.10830843633595996]], "inverted": true, "swapped": false, "error_lsq": 0.038464758602883925, "error_max": 0.188826204339926, "target": "733.xyz", "model": "5.xyz", "model_rescale": 3.6523030999806103, "target_rescale": 3.8723853104132098},
{"mapping": [3, 6, 9, 1, 5, 7, 8, 4, 2, 0, 12], "R": [[-0.6147031207771362, -0.21498703071179037, -0.7588943601928911], [-0.34741646735765064, 0.9375778058824511, 0.015800510288578984], [0.7081256043355445, 0.27336502070011937, -0.6510220379849235]], "T": [-0.07423895776161153, -0.008395218855530698, -0.009123997242377599], "aligned_model": [[0.43069061900386224, -0.1561933676752841, -0.7153608090101455, 0.36050012012581933, -0.27113836256374796, -0.17878935032422677, -0.6109953715160462, 0.27933250107353685, 0.5809610372530499, 0.4613723707639527, -0.05090592056953573], [0.45790870468805195, -0.604035238842587, -0.026389214452000036, -0.08083793062514234, 0.4309417730350783, 0.6259552535175495, -0.12464543144283936, -0.1282323629372692, -0.39144717135638035, 0.6819814674206626, 0.0923726806392028], [-0.1103538166795366, 0.23810242399457365, -0.3427433359425924, 0.5276523562443365, 0.4726613926687525, -0.24039603038135576, 0.3808523392619986, -0.44473607733478626, -0.023116939291586022, 0.4638075689488416, 0.01161557880966052]], "inverted": true, "swapped": false, "error_lsq": 0.035230560123601276, "error_max": 0.1873448028825919, "target": "733.xyz", "model": "6.xyz", "model_rescale": 4.08911054899281, "target_rescale": 3.8723853104132098},
{"mapping": [8, 12, 7, 11, 1, 6, 13, 5, 10, 9, 14], "R": [[-0.9370787387461155, -0.006535277768026065, 0.3490569115982157], [-0.2082270691187154, -0.7920565500337506, -0.5738361344799251], [0.2802229916980753, -0.6104127388031214, 0.7408585311857137]], "T": [-0.012614603960351023, 0.18900796466731923, 0.011991492417083083], "aligned_model": [[0.6474531140492596, -0.06640738310947114, -0.6355878526657537, 0.20579132106864684, -0.27126772548094813, -0.26386035502951194, -0.5065371007990616, 0.04051927346644285, 0.5260343257182751, 0.3956593980376283, 0.05767645130572846], [0.34464829750392734, -0.5127187984494632, -0.027476761468985866, -0.07129384136969363, 0.5197916956458701, 0.5142202880326191, -0.19299519658195674, -0.2760228668027669, -0.2895012757565479, 0.6664338305885582, 0.2584871583027665], [-0.060366421601210224, 0.12463164888117184, -0.3933819888129751, 0.49060708414310894, 0.6133455851968331, -0.27130249579041893, 0.39410230653230444, -0.5891942912098778, -0.0007024386930022941, 0.4809629091896831, 0.14464356246268964]], "inverted": false, "swapped": false, "error_lsq": 0.04808128131253549, "error_max": 0.23569610116402784, "target": "733.xyz", "model": "7.xyz", "model_rescale": 3.964800864290218, "target_rescale": 3.8723853104132098},
{"mapping": [6, 5, 1, 10, 9, 2, 8, 0, 3, 11, 13], "R": [[0.8115548499807268, -0.5806964552418215, 0.06457826524724437], [-0.5795888250688743, -0.8140839691613164, -0.03666176495804306], [0.07386148744807343, -0.00767580771908319, -0.9972389696796942]], "T": [-0.02419551400429851, 0.2098570570322674, 0.01029032049915822], "aligned_model": [[0.5315839558906795, -0.11389176775619357, -0.5711588413326828, 0.2302969278270742, -0.18113598241837725, -0.16382558827434748, -0.5785433732403983, 0.16193606374483788, 0.4714254418153505, 0.4026474949042142, -0.059860864598922314], [0.35664977479263016, -0.5522697930753458, -0.116792675407314, -0.16704868212432814, 0.33440048125517235, 0.5501510670289582, -0.05690746258574367, -0.018833173798195213, -0.2772330358228434, 0.705501297885627, 0.17595473149570937], [-0.06760000004404053, 0.3422360530764939, -0.3862584936806442, 0.6946218730734623, 0.6688610089187214, -0.5404475090293794, 0.47136810508718846, -0.6425612603445051, -0.19723270303612056, 0.5194810085017024, 0.07087737777542807]], "inverted": true, "swapped": false, "error_lsq": 0.055708753447332365, "error_max": 0.35409990331574315, "target": "733.xyz", "model": "8.xyz", "model_rescale": 4.121658175737393, "target_rescale": 3.8723853104132098},
{"mapping": [6, 5, 0, 7, 11, 2, 10, 4, 9, 8, 12], "R": [[0.32443149961922035, -0.8819435958231299, 0.3419352217034563], [0.7986429817849616, 0.06169411710654342, -0.5986344657301899], [0.506866441679117, 0.46730004247914647, 0.7243735780648952]], "T": [-0.03151849705292417, 0.14309357654696186, 0.10957280561423256], "aligned_model": [[0.5856055807615854, -0.18266925980267085, -0.5615765497521853, 0.3195373134678877, -0.19510650769863205, -0.2607978414898937, -0.6687153495708053, 0.13160971896170717, 0.6589984091463879, 0.33004604227636536, -0.027458089738511517], [0.36108725135118247, -0.45530539466596165, -0.06419281204847843, -0.06297114779586399, 0.3326798894683233, 0.7389202394764374, -0.14468711856705435, -0.35074669074236303, -0.30940966778773443, 0.7280991529107974, 0.16009882804504216], [-0.11806436275006572, 0.13768017915323766, -0.4334696024848089, 0.6476323354009433, 0.6929492426421328, -0.16386461102029565, 0.4056188717194323, -0.6098984538966786, 0.0017904640435848634, 0.3495580077624376, 0.023413389728386816]], "inverted": false, "swapped": false, "error_lsq": 0.048143606508455464, "error_max": 0.25096689165166086, "target": "733.xyz", "model": "9.xyz", "model_rescale": 3.833441315466971, "target_rescale": 3.8723853104132098},
{"mapping": [12, 5, 3, 0, 8, 7, 2, 6, 1, 10, 14], "R": [[0.6394237843139859, -0.6294050351699756, -0.44157278647609544], [0.7634328741589371, 0.5878429615480077, 0.2676021285638289], [0.09114532740083692, -0.5082223472665774, 0.8563892660652893]], "T": [0.01933460698132532, 0.11384412271540675, 0.045458042176439305], "aligned_model": [[0.5584007731472687, -0.08466257743825634, -0.7610570874355279, 0.43693809852941323, -0.28261473077724414, -0.32030120073720175, -0.5726554155482858, 0.27456252790459235, 0.6013762171553289, 0.3536590669521942, -0.07417220519104663], [0.2888060188605789, -0.532335886722351, -0.00873691330920566, -0.15955477830675893, 0.6645494440625628, 0.5571893240488356, -0.13490889635899309, -0.11464398449626981, -0.33835473713059716, 0.583130203742641, 0.1284327352538844], [-0.15903171478759615, 0.21596077676691264, -0.3154914593330622, 0.5087973632688593, 0.5070960051342394, -0.3178689831765082, 0.36844411564462554, -0.5409560276487376, -0.0030464740447593633, 0.6317616095706323, 0.03768024890370103]], "inverted": false, "swapped": false, "error_lsq": 0.04409728657696285, "error_max": 0.21257399914782618, "target": "733.xyz", "model": "10.xyz", "model_rescale": 4.2482417240324, "target_rescale": 3.8723853104132098},
{"mapping": [8, 6, 4, 2, 7, 9, 5, 0, 1, 3, 11], "R": [[0.13100750831244615, -0.9829966317009711, -0.12866489354252772], [0.4594241644250814, 0.17520405551713, -0.8707657412144016], [0.8785024017656868, 0.0549650888737212, 0.4745654529114228]], "T": [0.06434926924867565, 0.07081311847414484, 0.05766472310812104], "aligned_model": [[0.4604552227115507, -0.19135670314646439, -0.6813390478791413, 0.26430696468489456, -0.15002434568022985, -0.4360664659494863, -0.6339931984154902, 0.27754274827355546, 0.7165386909513858, 0.550917551298402, -0.04750795028774152], [0.5122618302318964, -0.5202611958125324, -0.19799845517146808, -0.24654534324275806, 0.5894158337246768, 0.6662322500602887, 0.011800022334990362, -0.28633777473717803, -0.18851957487384952, 0.4877067008209962, 0.1058182363092647], [-0.10070489984243824, 0.13334661536093448, -0.3131841029726677, 0.6956755484059327, 0.43667847437902274, -0.215045841128381, 0.32788948633740816, -0.5754476333606773, -0.023218316759093277, 0.5551812297216527, 0.012174900156612947]], "inverted": false, "swapped": false, "error_lsq": 0.04551679331455726, "error_max": 0.2053395628986501, "target": "733.xyz", "model": "11.xyz", "model_rescale": 3.6694154284099745, "target_rescale": 3.8723853104132098},
{"mapping": [12, 8, 3, 7, 6, 0, 11, 2, 10, 5, 13], "R": [[-0.9662469805545978, 0.15128738110340414, 0.20851594876171087], [-0.25004729506889667, -0.7455337840607418, -0.6177829125613622], [0.061992925385492226, -0.6490697228672316, 0.7581987681730986]], "T": [-0.009035212667375562, 0.09886564342195193, 0.0970449831249557], "aligned_model": [[0.5521936167295466, -0.27799377960194804, -0.5728574106930755, 0.44808358527319614, -0.23736985570027558, -0.17063049608740605, -0.5419068641246975, 0.09928147448519717, 0.5044623024752775, 0.37929123135785536, -0.053080337552435616], [0.30349277002713165, -0.5907789572462565, -0.1852785885963057, 0.019525481266751257, 0.4258692475342131, 0.7665280455702139, -0.19139219168943694, -0.2374481732389393, -0.2749152782730413, 0.7060442385116621, 0.1919259357783344], [-0.22686617811768683, -0.059956498883267165, -0.48828866961298834, 0.6774869369050882, 0.4980272360268762, -0.10006347828517968, 0.5175528203131237, -0.4520215751351455, 0.08534405035852434, 0.4507503958800998, 0.031380420848862015]], "inverted": false, "swapped": false, "error_lsq": 0.05375137645319066, "error_max": 0.27512972821150755, "target": "733.xyz", "model": "12.xyz", "model_rescale": 3.9764082729961374, "target_rescale": 3.8723853104132098},
{"mapping": [8, 4, 6, 0, 9, 13, 5, 3, 7, 1, 15], "R": [[0.9840623333782594, 0.08098787553691907, 0.1583107325551622], [0.015120201563237706, 0.8489346383719378, -0.5282815151763258], [-0.17717986209166847, 0.5222556306908754, 0.8341800481196213]], "T": [-0.00791652940457702, 0.24053035723245536, 0.03264394256669416], "aligned_model": [[0.6261343730114932, -0.16202237489301102, -0.6429352687395784, 0.19756599811687442, -0.10387736804607023, -0.4210084452478729, -0.5936312430800336, 0.44485801034581574, 0.4594353660769795, 0.32329322743822386, 0.0016611915784142655], [0.41277054176984407, -0.4543380419897482, -0.046215235910356534, -0.1700636045816183, 0.2965141974569424, 0.5590274710628929, -0.06174416591750542, -0.07829692835986529, -0.3493645512204621, 0.6767928461288258, 0.14849000120537725], [-0.2280582028491852, 0.12894045303252194, -0.2807040607870757, 0.5950472346156297, 0.6235385639659438, -0.28734856317913693, 0.5507098579416202, -0.6012234137699959, 0.10076076643650382, 0.3540435630006216, -0.022360738109140924]], "inverted": true, "swapped": false, "error_lsq": 0.048991805193989595, "error_max": 0.24066039124218797, "target": "733.xyz", "model": "13.xyz", "model_rescale": 4.170626492500431, "target_rescale": 3.8723853104132098},
{"mapping": [11, 4, 2, 10, 1, 3, 0, 6, 12, 9, 13], "R": [[-0.07631862499013137, 0.43129870378730395, 0.8989754699606698], [-0.5878985162761884, -0.7476749835347237, 0.3088000219504635], [0.8053265188976904, -0.5049391518863852, 0.3106213947112884]], "T": [-0.03017477553550973, -0.004129557333298589, 0.1470892138251082], "aligned_model": [[0.5037312761081657, -0.14118707984880086, -0.5743195682734445, 0.3793637917886385, -0.3371920051177691, -0.1875675180605874, -0.5622902259613962, 0.12228448489814461, 0.5373033132403715, 0.3480844150495529, 0.04126258273835996], [0.3569500585581694, -0.6869759393620966, -0.11978550330546214, 0.013597942039504846, 0.579093764487447, 0.5538059190141901, -0.003331823690772062, 0.04501608238944136, -0.46537801276719337, 0.6466850202475012, 0.013895022033597201], [-0.1431270678288964, -0.009308412225463414, -0.20428283107006856, 0.5347645968647081, 0.542570499753223, -0.2262861111003867, 0.41673883382664645, -0.6786408552860711, 0.17749648771298276, 0.4465333802570771, 0.07688693939455532]], "inverted": false, "swapped": false, "error_lsq": 0.04829092432233472, "error_max": 0.1897125855558566, "target": "733.xyz", "model": "14.xyz", "model_rescale": 3.9786697098870705, "target_rescale": 3.8723853104132098},
{"mapping": [1, 5, 2, 7, 9, 0, 8, 4, 10, 6, 11], "R": [[-0.9225752753625975, 0.3297531560181833, 0.20029407726059975], [-0.35985010740734286, -0.9226793550308312, -0.13845832585588144], [0.1391501400953347, -0.1998140733180155, 0.9699028686500064]], "T": [-0.018260225962584933, 0.13108238911341819, 0.11538047034960847], "aligned_model": [[0.5292605779329704, -0.24663021200599367, -0.6996989981416113, 0.2908334153512987, -0.26877969656023926, -0.24400618098468208, -0.43359490510090154, 0.052772297686749944, 0.7067624816716338, 0.4308381359605107, 0.011716550751498873], [0.44013972832166687, -0.6383669138242133, -0.09644943473767745, -0.19377046077485838, 0.5849183227030263, 0.5870174649361002, -0.11402571802399517, -0.20032323448252637, -0.2378133037644251, 0.5927533758148554, 0.2094927034763739], [-0.14030805476527486, 0.13669964981960475, -0.3721827411144725, 0.6009808741895204, 0.4598905693068732, -0.35892697899571857, 0.3144966327839536, -0.39456013729420086, -0.059488136575159306, 0.576386166800346, 0.17035761614283454]], "inverted": false, "swapped": false, "error_lsq": 0.04556837298751215, "error_max": 0.2846839366091759, "target": "733.xyz", "model": "15.xyz", "model_rescale": 3.769337070930944, "target_rescale": 3.8723853104132098},
{"mapping": [4, 7, 1, 8, 3, 0, 9, 5, 6, 2, 10], "R": [[0.7826707694713326, 0.5734240695491751, -0.2420977139024973], [-0.556563043240034, 0.47058815617358574, -0.6846782939224356], [-0.2786826968337727, 0.6706203275556208, 0.6874622395118497]], "T": [-0.019426393645417452, 0.03953450438864371, 0.06253549724170152], "aligned_model": [[0.5720761425178582, -0.20121694584778807, -0.6876013295686797, 0.2534142275990149, -0.33561394956790375, -0.09196135009572504, -0.5065375136078537, 0.12771505959304344, 0.693461180653503, 0.3081501263780207, -0.002412181492255156], [0.3429074391618484, -0.6252561803145518, -0.009994765698784838, -0.17187716856030122, 0.47917154392132905, 0.5934781418506316, -0.06506804065413606, -0.18809045241846573, -0.0946900361980756, 0.5777062290757279, 0.09528581947910492], [-0.34504533731383746, -0.12757510910374129, -0.3758907255244117, 0.7276345963889733, 0.49403073669098563, -0.2620492239482922, 0.7048444161364981, -0.5511315079783946, 0.13521292574557725, 0.4493050365052791, 0.08400965269967037]], "inverted": false, "swapped": false, "error_lsq": 0.056774226681824455, "error_max": 0.2704070277793467, "target": "733.xyz", "model": "16.xyz", "model_rescale": 3.7852294659196426, "target_rescale": 3.8723853104132098},
{"mapping": [11, 0, 3, 10, 5, 2, 4, 8, 9, 6, 12], "R": [[-0.5785191610224717, -0.8102361170562947, -0.09398412071937226], [0.18006430554265493, -0.014480635222120286, -0.9835482484723386], [0.7955453640109384, -0.5859246929607098, 0.15427192868309247]], "T": [-0.08944661812934832, 0.16373989887675613, 0.03629742706844846], "aligned_model": [[0.5289167978961448, -0.24542644286547105, -0.6754136705179304, 0.4137715236930375, -0.35863255425667817, -0.20349515039801677, -0.4490856890543862, 0.19911417618827523, 0.5438240816043344, 0.3801268420020736, -0.004226447730147576], [0.45241053189561364, -0.49959858546986846, -0.10423184215776224, -0.048381508188956895, 0.4585612551814784, 0.5533377224729988, -0.1046371878231889, -0.11870473532378409, -0.4198167941436183, 0.6286295522147511, 0.13600412098666373], [-0.23245529531227188, 0.07370738829180065, -0.42988829845789317, 0.6287761909785377, 0.5586271220105221, -0.4211886264530794, 0.5844034050400628, -0.47474426188322055, -0.03914521605715837, 0.6285571772300371, 0.056695874910969515]], "inverted": true, "swapped": false, "error_lsq": 0.043763828169884784, "error_max": 0.2069262196509238, "target": "733.xyz", "model": "17.xyz", "model_rescale": 3.901054581598922, "target_rescale": 3.8723853104132098},
{"mapping": [8, 6, 7, 10, 9, 3, 11, 1, 4, 5, 14], "R": [[0.8739460080583842, 0.4856251205046663, -0.019662587155388968], [0.47703573119923853, -0.8493391519383561, 0.225964413445662], [0.09303379040984375, -0.2068604537350303, -0.9739370957728816]], "T": [0.007217622441300208, 0.21240709283317838, 0.02132052899478], "aligned_model": [[0.6442255534075102, -0.2552980315065462, -0.47449420381599416, 0.27502403266939596, -0.1240125938018934, -0.44400981834977876, -0.5136289611922679, 0.12703799077001754, 0.6164720444153026, 0.3153377899808555, -0.037180336015366675], [0.3271024026206575, -0.49022633592538956, -0.06368143564830514, -0.15168556313726345, 0.42887055019078296, 0.6946532596013437, -0.17673647441167983, -0.21874944384497275, -0.2890220500730095, 0.6523867637748344, 0.22066085649732853], [-0.1252541411865829, -0.012109120920435854, -0.341178939531776, 0.7055500318942027, 0.629688693273493, -0.3623959299007426, 0.48394036137971247, -0.5129384621781425, 0.07565131087115491, 0.3400145805694663, 0.052377076027956854]], "inverted": true, "swapped": false, "error_lsq": 0.04870430342056529, "error_max": 0.22485026736440034, "target": "733.xyz", "model": "18.xyz", "model_rescale": 3.9405287249114394, "target_rescale": 3.8723853104132098},
{"mapping": [10, 7, 0, 13, 12, 1, 4, 5, 11, 14, 15], "R": [[-0.856723094443993, -0.3485290531258378, -0.3802013132190841], [-0.22679864034758065, 0.9166169925589032, -0.32920459548548325], [0.4632363502390523, -0.19580803885305326, -0.8643328616555798]], "T": [-0.03654810992328267, 0.09065659300282919, 0.05029474274001913], "aligned_model": [[0.5947637799008769, -0.2132797443998064, -0.6746540719516021, 0.29172388353595224, -0.23973848326492475, -0.3491027864053753, -0.6645609080472075, 0.25933317180248044, 0.6626065724829635, 0.4750642720809655, -0.01268221917308748], [0.5134453621117787, -0.5709459868514373, 0.0618634250733647, -0.14470785258614988, 0.41948117579397803, 0.5718978222901678, -0.10917812742759186, -0.28849038151240375, -0.08325299514541912, 0.4578080793398149, 0.10565200855822472], [-0.1511971713124159, 0.21361499453623153, -0.20400034698931443, 0.5871102803643129, 0.43853066089147485, -0.2756437137554124, 0.36704549415054377, -0.627912070554519, 0.06259869004745072, 0.5010624420449572, 0.022136200874997253]], "inverted": true, "swapped": false, "error_lsq": 0.044264453915480347, "error_max": 0.25971509517974967, "target": "733.xyz", "model": "19.xyz", "model_rescale": 4.410303926677745, "target_rescale": 3.8723853104132098},
{"mapping": [6, 5, 1, 10, 9, 2, 8, 0, 3, 11, 13], "R": [[0.8115548499807268, -0.5806964552418215, 0.06457826524724437], [-0.5795888250688743, -0.8140839691613164, -0.03666176495804306], [0.07386148744807343, -0.00767580771908319, -0.9972389696796942]], "T": [-0.02419551400429851, 0.2098570570322674, 0.01029032049915822], "aligned_model": [[0.5315839558906795, -0.11389176775619357, -0.5711588413326828, 0.2302969278270742, -0.18113598241837725, -0.16382558827434748, -0.5785433732403983, 0.16193606374483788, 0.4714254418153505, 0.4026474949042142, -0.059860864598922314], [0.35664977479263016, -0.5522697930753458, -0.116792675407314, -0.16704868212432814, 0.33440048125517235, 0.5501510670289582, -0.05690746258574367, -0.018833173798195213, -0.2772330358228434, 0.705501297885627, 0.17595473149570937], [-0.06760000004404053, 0.3422360530764939, -0.3862584936806442, 0.6946218730734623, 0.6688610089187214, -0.5404475090293794, 0.47136810508718846, -0.6425612603445051, -0.19723270303612056, 0.5194810085017024, 0.07087737777542807]], "inverted": true, "swapped": false, "error_lsq": 0.055708753447332365, "error_max": 0.35409990331574315, "target": "733.xyz", "model": "20.xyz", "model_rescale": 4.121658175737393, "target_rescale": 3.8723853104132098},
{"mapping": [3, 6, 9, 1, 5, 7, 8, 4, 2, 0, 12], "R": [[-0.6147031207771362, -0.21498703071179037, -0.7588943601928911], [-0.34741646735765064, 0.9375778058824511, 0.015800510288578984], [0.7081256043355445, 0.27336502070011937, -0.6510220379849235]], "T": [-0.07423895776161153, -0.008395218855530698, -0.009123997242377599], "aligned_model": [[0.43069061900386224, -0.1561933676752841, -0.7153608090101455, 0.36050012012581933, -0.27113836256374796, -0.17878935032422677, -0.6109953715160462, 0.27933250107353685, 0.5809610372530499, 0.4613723707639527, -0.05090592056953573], [0.45790870468805195, -0.604035238842587, -0.026389214452000036, -0.08083793062514234, 0.4309417730350783, 0.6259552535175495, -0.12464543144283936, -0.1282323629372692, -0.39144717135638035, 0.6819814674206626, 0.0923726806392028], [-0.1103538166795366, 0.23810242399457365, -0.3427433359425924, 0.5276523562443365, 0.4726613926687525, -0.24039603038135576, 0.3808523392619986, -0.44473607733478626, -0.023116939291586022, 0.4638075689488416, 0.01161557880966052]], "inverted": true, "swapped": false, "error_lsq": 0.035230560123601276, "error_max": 0.1873448028825919, "target": "733.xyz", "model": "21.xyz", "model_rescale": 4.08911054899281, "target_rescale": 3.8723853104132098},
{"mapping": [2, 5, 6, 14, 13, 0, 10, 1, 15, 3, 16], "R": [[-0.10538923341372414, -0.3302527898015993, 0.9379905139758763], [0.4270824586674858, -0.8668550252258228, -0.25722157518231986], [0.8980499334552635, 0.3734909102896606, 0.23240236003964737]], "T": [-0.022240912589721638, 0.007737095165638239, 0.09236045727746053], "aligned_model": [[0.577154809894832, -0.3087527265533791, -0.6732232209695278, 0.36313234068755973, -0.13541090750411552, -0.3211765184537018, -0.6857309145342285, 0.2610378330317517, 0.6611577475344375, 0.4267500338683376, -0.035465010440730985], [0.3198581157089406, -0.6322294191076275, 0.016656657284000745, 0.010473265682397231, 0.5586015860768372, 0.5550232665090559, -0.27100272279575843, -0.015084862466232168, -0.2435838380652824, 0.5816248551271462, 0.053235625690849546], [-0.16172430372854732, 0.17035337372727935, -0.2705535878344427, 0.6054906113090193, 0.43944953940546394, -0.36719884072691344, 0.45735434820916165, -0.6487405424486316, 0.05615164958352076, 0.5649477955119254, 0.08781541729047128]], "inverted": false, "swapped": false, "error_lsq": 0.04044942599354431, "error_max": 0.20307878614711028, "target": "733.xyz", "model": "22.xyz", "model_rescale": 4.204369325754507, "target_rescale": 3.8723853104132098},
{"mapping": [10, 7, 0, 13, 12, 1, 4, 5, 11, 14, 15], "R": [[-0.856723094443993, -0.3485290531258378, -0.3802013132190841], [-0.22679864034758065, 0.9166169925589032, -0.32920459548548325], [0.4632363502390523, -0.19580803885305326, -0.8643328616555798]], "T": [-0.03654810992328267, 0.09065659300282919, 0.05029474274001913], "aligned_model": [[0.5947637799008769, -0.2132797443998064, -0.6746540719516021, 0.29172388353595224, -0.23973848326492475, -0.3491027864053753, -0.6645609080472075, 0.25933317180248044, 0.6626065724829635, 0.4750642720809655, -0.01268221917308748], [0.5134453621117787, -0.5709459868514373, 0.0618634250733647, -0.14470785258614988, 0.41948117579397803, 0.5718978222901678, -0.10917812742759186, -0.28849038151240375, -0.08325299514541912, 0.4578080793398149, 0.10565200855822472], [-0.1511971713124159, 0.21361499453623153, -0.20400034698931443, 0.5871102803643129, 0.43853066089147485, -0.2756437137554124, 0.36704549415054377, -0.627912070554519, 0.06259869004745072, 0.5010624420449572, 0.022136200874997253]], "inverted": true, "swapped": false, "error_lsq": 0.044264453915480347, "error_max": 0.25971509517974967, "target": "733.xyz", "model": "23.xyz", "model_rescale": 4.410303926677745, "target_rescale": 3.8723853104132098},
{"mapping": [15, 1, 0, 10, 4, 5, 3, 13, 11, 8, 16], "R": [[0.5518900299448769, 0.20114670169295398, 0.8092943835499473], [-0.7570985504415466, -0.2859894256063829, 0.5873770793626871], [0.349598598061766, -0.9368831585845576, -0.005546836383991144]], "T": [0.11534409953289945, 0.06008443778253492, -0.0763224679185595], "aligned_model": [[0.531372605002705, -0.19211266499205418, -0.6116602957053294, 0.24165702651417253, -0.20520982466353108, -0.17126995620953375, -0.5604800730999113, 0.24482656655466273, 0.5296847614900209, 0.29854030699874545, 0.02412501467128786], [0.6341750225468206, -0.6610728996506563, -0.08051754156168656, -0.041443123501546546, 0.47155912542066053, 0.5993119489503314, -0.05328181887695726, -0.0932315921397282, -0.40658594208431714, 0.5412840368070677, 0.02337531373433869], [-0.15789742704395388, 0.27258695039005393, -0.2249209329003754, 0.5541703116219724, 0.3729192666815626, -0.22694818842667852, 0.5064817566459613, -0.7500546918265233, 0.02980038077400632, 0.5644526585674907, -0.007244624185209589]], "inverted": false, "swapped": false, "error_lsq": 0.0451678009357289, "error_max": 0.19788739278476278, "target": "733.xyz", "model": "24.xyz", "model_rescale": 4.28219845311461, "target_rescale": 3.8723853104132098},
{"mapping": [4, 14, 8, 13, 9, 1, 11, 0, 2, 7, 15], "R": [[-0.7721126225073696, -0.38064890969348064, 0.5088698317978351], [-0.19699349731277893, 0.9046779444185651, 0.37782453453829584], [-0.6041818105349355, 0.19147904436716873, -0.7734986201584094]], "T": [-0.07256175452369987, 0.09582809570542497, 0.12276276907377853], "aligned_model": [[0.5156089141144262, -0.14236106891509123, -0.5962948700389458, 0.34189675029717914, -0.2828206115194888, -0.25209838019460973, -0.4944791999043996, 0.28768849092220283, 0.4040722449585159, 0.38303839114387783, -0.03477719430243194], [0.4256113615704218, -0.647321656674157, 0.005255396757021039, -0.039873758312814506, 0.5210521524737254, 0.47114768776666427, -0.08200154543701901, -0.01484854121932086, -0.37182680406601243, 0.5789450782067901, 0.08743315857902816], [-0.1599859446897125, 0.2744239906938316, -0.3238313048308355, 0.5261553960944747, 0.604270192151765, -0.3638368637912286, 0.4174479557784521, -0.6007872393782987, -0.028561219920938935, 0.5284381247914789, 0.05961237339931859]], "inverted": true, "swapped": false, "error_lsq": 0.04315431121660162, "error_max": 0.28221945819721306, "target": "733.xyz", "model": "25.xyz", "model_rescale": 4.100010024507729, "target_rescale": 3.8723853104132098},
{"mapping": [8, 6, 4, 2, 7, 9, 5, 0, 1, 3, 11], "R": [[0.13100750831244615, -0.9829966317009711, -0.12866489354252772], [0.4594241644250814, 0.17520405551713, -0.8707657412144016], [0.8785024017656868, 0.0549650888737212, 0.4745654529114228]], "T": [0.06434926924867565, 0.07081311847414484, 0.05766472310812104], "aligned_model": [[0.4604552227115507, -0.19135670314646439, -0.6813390478791413, 0.26430696468489456, -0.15002434568022985, -0.4360664659494863, -0.6339931984154902, 0.27754274827355546, 0.7165386909513858, 0.550917551298402, -0.04750795028774152], [0.5122618302318964, -0.5202611958125324, -0.19799845517146808, -0.24654534324275806, 0.5894158337246768, 0.6662322500602887, 0.011800022334990362, -0.28633777473717803, -0.18851957487384952, 0.4877067008209962, 0.1058182363092647], [-0.10070489984243824, 0.13334661536093448, -0.3131841029726677, 0.6956755484059327, 0.43667847437902274, -0.215045841128381, 0.32788948633740816, -0.5754476333606773, -0.023218316759093277, 0.5551812297216527, 0.012174900156612947]], "inverted": false, "swapped": false, "error_lsq": 0.04551679331455726, "error_max": 0.2053395628986501, "target": "733.xyz", "model": "26.xyz", "model_rescale": 3.6694154284099745, "target_rescale": 3.8723853104132098},
{"mapping": [0, 10, 12, 8, 7, 6, 9, 2, 4, 5, 13], "R": [[0.9337063337563514, -0.116252616961898, 0.33864112472170804], [-0.2964516890287825, 0.279350485783584, 0.9132796407259158], [-0.2007707109497181, -0.9531257184348696, 0.22636803326167526]], "T": [-0.04198907279823935, 0.11299254787261423, 0.1143246203236759], "aligned_model": [[0.512287225548085, 0.026203148314230568, -0.6856370141939154, 0.16234388805197794, -0.2343274946573139, -0.26102733786237714, -0.5786450886991432, 0.09173409594951151, 0.6548884718392093, 0.47035137092318446, -0.028697798652214227], [0.32348423998806697, -0.4837514231718879, 0.06404853056106877, -0.1584657064332429, 0.49397514764908446, 0.5346409618414708, -0.1841980161575867, -0.06072055321148315, -0.32194697199047617, 0.6276345432275433, 0.0988717773417693], [-0.17791565030138934, 0.14804662937448704, -0.347253784786404, 0.6555414435188253, 0.5769116011854013, -0.38107954320306703, 0.41188406769366387, -0.5291592713590062, 0.0874941911382981, 0.42837777834884516, 0.060497998688652424]], "inverted": true, "swapped": false, "error_lsq": 0.04050891903920344, "error_max": 0.260670223999077, "target": "733.xyz", "model": "27.xyz", "model_rescale": 4.103607728864725, "target_rescale": 3.8723853104132098},
{"mapping": [13, 1, 5, 2, 3, 10, 0, 8, 4, 12, 14], "R": [[0.9482860737429749, -0.31544094243532317, 0.035362892707588925], [-0.2992738241401005, -0.8513914517431332, 0.4307757816814685], [-0.10577665399176467, -0.41908186280753695, -0.9017658741248039]], "T": [-0.10419377125880368, 0.2747453441038532, -0.11813295509160666], "aligned_model": [[0.5286100903578489, -0.2030316942242902, -0.6793651651220923, 0.2181866563376441, -0.22627361946944918, -0.27794941943014856, -0.49317738754121043, 0.34404996289481937, 0.6079582059723367, 0.42962764423144084, -0.11916180744566439], [0.3573292239711875, -0.5735364542780126, -0.12425988892265538, -0.010589936312196624, 0.3997155433159785, 0.7534226150132284, -0.08505927996040918, -0.27656423909346195, -0.2536073906069465, 0.5971112738885577, 0.14961106262905716], [-0.2304348182231294, 0.1529941139973448, -0.33053140631169464, 0.47850373828611964, 0.6119422551001629, -0.09686510731472377, 0.36032719972536764, -0.527297072620794, 0.06972932474102451, 0.4721284453089029, -0.027151212390274612]], "inverted": false, "swapped": false, "error_lsq": 0.043315593414957325, "error_max": 0.23702891222941877, "target": "733.xyz", "model": "28.xyz", "model_rescale": 4.137296879288765, "target_rescale": 3.8723853104132098},
{"mapping": [0, 4, 8, 5, 2, 7, 3, 9, 6, 1, 10], "R": [[0.9794722984297961, -0.17211874506722752, 0.10492451670193866], [-0.1837728698164685, -0.9763449136119964, 0.11392164844050967], [0.08283446702956433, -0.13086537838735846, -0.9879335523259961]], "T": [-0.007357757429420599, 0.08340477643142107, 0.06477467851846991], "aligned_model": [[0.5909127602006825, -0.1129490721504553, -0.5843467009658951, 0.40936073962387276, -0.18106014360416506, -0.23203059949193008, -0.6414493422005327, 0.15528425093932383, 0.49720627601001655, 0.2342385896878166, -0.005693291487498961], [0.38076924490727504, -0.6613150157367844, 0.020454215370465198, 0.05785638119896856, 0.2818683380894401, 0.681373072022326, -0.03270697604029314, -0.11622613134486122, -0.42796125726298617, 0.7432008130959767, 0.00625984534480005], [-0.14538502977468462, 0.248820510274169, -0.36122398799888084, 0.5928761092553814, 0.8013605674665027, -0.2607529795868489, 0.2890839472146496, -0.6731204996898408, 0.07300503087805384, 0.3354393436507963, 0.03324244860900888]], "inverted": false, "swapped": false, "error_lsq": 0.05832212579534228, "error_max": 0.3317594361547047, "target": "733.xyz", "model": "29.xyz", "model_rescale": 3.607286011436655, "target_rescale": 3.8723853104132098},
{"mapping": [8, 12, 7, 11, 1, 6, 13, 5, 10, 9, 14], "R": [[-0.9370787387461155, -0.006535277768026065, 0.3490569115982157], [-0.2082270691187154, -0.7920565500337506, -0.5738361344799251], [0.2802229916980753, -0.6104127388031214, 0.7408585311857137]], "T": [-0.012614603960351023, 0.18900796466731923, 0.011991492417083083], "aligned_model": [[0.6474531140492596, -0.06640738310947114, -0.6355878526657537, 0.20579132106864684, -0.27126772548094813, -0.26386035502951194, -0.5065371007990616, 0.04051927346644285, 0.5260343257182751, 0.3956593980376283, 0.05767645130572846], [0.34464829750392734, -0.5127187984494632, -0.027476761468985866, -0.07129384136969363, 0.5197916956458701, 0.5142202880326191, -0.19299519658195674, -0.2760228668027669, -0.2895012757565479, 0.6664338305885582, 0.2584871583027665], [-0.060366421601210224, 0.12463164888117184, -0.3933819888129751, 0.49060708414310894, 0.6133455851968331, -0.27130249579041893, 0.39410230653230444, -0.5891942912098778, -0.0007024386930022941, 0.4809629091896831, 0.14464356246268964]], "inverted": false, "swapped": false, "error_lsq": 0.04808128131253549, "error_max": 0.23569610116402784, "target": "733.xyz", "model": "30.xyz", "model_rescale": 3.964800864290218, "target_rescale": 3.8723853104132098},
