[{"mapping": [2, 4, 8, 0, 5, 1, 6, 3, 10, 3, 9, 11], "R": [[0.3809792389587585, -0.12811910961959883, 0.9156638647629852], [-0.9234843471819301, -0.10100742689352515, 0.3701002029482202], [0.045071942407331145, -0.9866017400464234, -0.15679772493566307]], "T": [-0.026281823100588568, -0.01077738144159562, 0.06438890132084911], "aligned_model": [[-0.3491817200921773, -0.7500517777827725, 0.174573960323808, -0.5136025409288503, -0.18914970189684452, 0.11277542322615486, 0.6612413448656193, -0.1972138593351238, 0.06655807805986824, -0.1972138593351238, 0.4000965903454884, -0.06704790889649412], [-0.6109094059113613, -0.19941574684918487, -0.5992704346950835, 0.0737872778005316, 0.6126542933370066, -0.14721671134308348, -0.16606642781004954, 0.020457042929268258, 0.6161331618085052, 0.020457042929268258, -0.01126848233233457, 0.0177312263414107], [0.4937226355126371, -0.2404407011445916, -0.0638155105711342, 0.43608599625718564, 0.5873548021873051, 0.7455114681317068, 0.2327685112581641, -0.601823650729817, -0.18081564488342677, -0.601823650729817, -0.3686903429233036, 0.1129444511504816]], "inverted": false, "swapped": false, "error_lsq": 0.058539879797472105, "error_max": 0.4277885244417998, "target": "734.xyz", "model": "0.xyz", "model_rescale": 3.751011558992144, "target_rescale": 3.769923825587724},
{"mapping": [4, 6, 10, 1, 2, 8, 5, 11, 3, 7, 9, 14], "R": [[-0.5110867831366048, 0.7076457327179896, 0.48788094558928735], [0.14308121277033342, 0.6297387019730611, -0.7635161647204693], [-0.8475364692184332, -0.3204164231173305, -0.423101937057074]], "T": [-0.05280928975587293, 0.03562919165956108, 0.049889916850371724], "aligned_model": [[-0.3161986912805751, -0.620887895846476, 0.16770296241618918, -0.7135134359698347, 0.2900346334408157, 0.005102546843253841, 0.5183304140557788, -0.08778383391351838, -0.006108176744992727, -0.5524128571010822, 0.49848404381152567, -0.030965681157531916], [-0.5905495864030921, -0.27544981435171534, -0.7452623994493461, 0.041436114893699916, 0.592048450774493, -0.08323844283117475, -0.02026056285285062, -0.2707587985312328, 0.7855000588395362, 0.30111867521669944, -0.14874935171557785, 0.04123849261545442], [0.45498266052548375, -0.3299025193451568, -0.06858547175952126, 0.2715244363956558, 0.5564407577352741, 0.7002244129307855, 0.29638904680036027, -0.6860680776401339, -0.08765490533887757, -0.2959259784085785, -0.26038388874929697, -6.210963060487851e-05]], "inverted": false, "swapped": false, "error_lsq": 0.041251850610033, "error_max": 0.21347111942909808, "target": "734.xyz", "model": "1.xyz", "model_rescale": 3.9405287249114394, "target_rescale": 3.769923825587724},
{"mapping": [0, 5, 6, 2, 4, 1, 7, 11, 8, 9, 3, 12], "R": [[0.892734208051722, -0.06172936731397507, 0.4463352092153177], [0.2318215139421467, -0.7864862047344782, -0.5724493300161402], [0.3863734196963297, 0.6145152032076775, -0.6878129437418222]], "T": [-0.02356660588605955, -0.021567096531314008, 0.03490588673588097], "aligned_model": [[-0.3473655099985403, -0.6959300386186111, 0.20450258299665225, -0.624252845899228, 0.24527487778949955, -0.07182453354954133, 0.7020684507579371, -0.2129695585745552, -0.05914080025497036, -0.39273779139500176, 0.4878799167963509, -0.08372072149643917], [-0.7555115355758639, -0.24254556345153794, -0.5055229182791142, 0.041616336587951656, 0.51382584285342, -0.11356694294189001, -0.18721216650062805, -0.3644413089473555, 0.7116805434484323, 0.36510607916301036, 0.1457435440100856, 0.017900925838382757], [0.27864718066659033, -0.12993407158259251, -0.060628929264449925, 0.3501098244646412, 0.39928807482265993, 0.8200386990907861, 0.30863080069196586, -0.5602227422260783, -0.21363414076250314, -0.5688967284277564, -0.15804302506874285, 0.08562342111086964]], "inverted": false, "swapped": false, "error_lsq": 0.053747489929870225, "error_max": 0.2786360849210091, "target": "734.xyz", "model": "2.xyz", "model_rescale": 3.932901565614263, "target_rescale": 3.769923825587724},
{"mapping": [8, 9, 11, 7, 0, 3, 1, 12, 2, 5, 10, 13], "R": [[0.823682535565999, 0.2793265407984217, -0.4934812703732074], [-0.2078918508973942, -0.660910835390302, -0.7210948938899434], [-0.5275680609495068, 0.6965440052640471, -0.48631100110597625]], "T": [-0.07053175165694897, 0.013069081054383033, 0.10619061819154658], "aligned_model": [[-0.3673746719493058, -0.6564580949925345, 0.31424509621874536, -0.7457406055083255, 0.09327578294355132, -0.02022404537566952, 0.6366655153555243, -0.16253724373287706, 0.2677075650289396, -0.508162878794989, 0.37962624031243036, -0.07923863095193752], [-0.5979977884041575, -0.3127326300273697, -0.7929362030143938, 0.12921588410675994, 0.46575784414858584, -0.14153918588972142, 0.20390524901233611, -0.14514673720563864, 0.7695572190381106, 0.2567898117966811, -0.21982813040058147, 0.012027503044281854], [0.38416235642108937, -0.19436969959913752, 0.10950086885932107, 0.3070524392740137, 0.5722274241622269, 0.5901853460166295, 0.21674469293040877, -0.6351814573816525, 0.01947432839501813, -0.4094438333543095, -0.40003276280130146, -0.009341339406916407]], "inverted": false, "swapped": false, "error_lsq": 0.0448770968920032, "error_max": 0.2768488745242807, "target": "734.xyz", "model": "3.xyz", "model_rescale": 3.9243930471874484, "target_rescale": 3.769923825587724},
{"mapping": [3, 4, 0, 10, 11, 6, 5, 7, 9, 8, 1, 12], "R": [[0.7925411140595712, 0.27587023331188654, 0.5438512635800891], [0.5490760504781167, -0.7108318416625409, -0.4395834206040913], [0.2653188144790468, 0.6470036377417719, -0.7148371978516139]], "T": [-0.12954949491220977, 0.007789207666679312, 0.04535573820458304], "aligned_model": [[-0.3169665055608881, -0.5674454621276298, 0.36835236340752564, -0.7169955173704121, 0.025705679297812006, 0.013966378758616033, 0.5532973445292988, -0.1814399875207994, 0.06171397054107888, -0.492372775387798, 0.4266290652558147, -0.02266052526906631], [-0.5627931550741526, -0.2905985342702409, -0.679197645518426, 0.2189806662313463, 0.6065187410787043, -0.13979271747692743, -0.17122142955134925, -0.2700077435474797, 0.656312997186171, 0.35345356203576644, -0.05311139559706998, -0.04147050929144877], [0.3491056383087261, -0.22218705612621964, -0.013509840813827292, 0.3731255629997865, 0.5388664858978353, 0.737554614332042, 0.319761433120744, -0.7050141636339253, -0.15594645499497345, -0.3357109097453027, -0.39862266860595036, 0.0635557227764553]], "inverted": true, "swapped": false, "error_lsq": 0.035190359073091, "error_max": 0.23682690551956842, "target": "734.xyz", "model": "4.xyz", "model_rescale": 3.8936222436046832, "target_rescale": 3.769923825587724},
{"mapping": [0, 1, 2, 9, 8, 3, 10, 5, 7, 6, 4, 11], "R": [[-0.03205111359074764, 0.9607742896412707, -0.27547321191343666], [0.46075159060678417, 0.25878520188964227, 0.8489630092272902], [0.8869502228822719, -0.09971451071558882, -0.450972636067688]], "T": [-0.05551422001275294, 0.040335222147319355, 0.10073245666244396], "aligned_model": [[-0.4551377246951568, -0.5326540692039824, 0.2765130687290821, -0.5991129223998889, -0.0004999322815648979, 0.011276723225634402, 0.5661715983461904, -0.10216027141390639, 0.15874495352209986, -0.5553769036815502, 0.438026342341982, -0.054006833935386925], [-0.6247180624106062, -0.5012399500987915, -0.6257543882993079, 0.15563023926833644, 0.5283682959571244, -0.1508425137844901, 0.08511307942381152, 0.048225312284112615, 0.5895337320599129, 0.42280574018213757, -0.29189731825864074, -0.00815133011870578], [0.5258483140249857, -0.24875669092502367, 0.15766202112528882, 0.37136773450209326, 0.6526925760044189, 0.638572651800835, 0.20546586219363888, -0.708546697531693, -0.16800818160055514, -0.3875934881913199, -0.4252559950290597, -0.062469742858219574]], "inverted": false, "swapped": false, "error_lsq": 0.049136386672118476, "error_max": 0.28344658454035404, "target": "734.xyz", "model": "5.xyz", "model_rescale": 3.6523030999806103, "target_rescale": 3.769923825587724},
{"mapping": [2, 1, 3, 6, 10, 4, 11, 5, 9, 8, 7, 12], "R": [[0.7096157892668988, -0.40788507729815326, -0.5745217100689894], [-0.5299418632357911, 0.22839027151012173, -0.8167003768027239], [0.46433506567272587, 0.8840065879828118, -0.054086035070921655]], "T": [-0.11802325199703156, -0.029045501311748025, 0.004482755328506047], "aligned_model": [[-0.40904079151791795, -0.6129243821348604, 0.21276210325800576, -0.6800253791470412, -0.13036007239736744, 0.10783601286397401, 0.7132090892060546, -0.18906132544687376, 0.18181269248889959, -0.4435753903895433, 0.47278897977763457, -0.07163750800741232], [-0.4657287712433478, -0.508328271217046, -0.6392177417139959, 0.21983841456892764, 0.4439739043058131, -0.20448754834847274, 0.0935655493467962, -0.12727283532876077, 0.625634373359841, 0.41157348000221383, -0.1291465016014091, -0.09333121592566565], [0.5529607837509517, -0.08347043593620848, -0.02570977254313496, 0.21622521107811415, 0.6247838809430034, 0.5018149205208725, 0.26637649014364556, -0.6657474386788883, -0.059980748104551826, -0.3874022037607659, -0.3237530687730556, -0.06511925512459238]], "inverted": false, "swapped": false, "error_lsq": 0.04779079871104617, "error_max": 0.25074221758122023, "target": "734.xyz", "model": "6.xyz", "model_rescale": 4.08911054899281, "target_rescale": 3.769923825587724},
{"mapping": [9, 8, 11, 3, 2, 1, 13, 10, 7, 4, 12, 14], "R": [[-0.7888923287066583, -0.2995541536272554, -0.5365782354442309], [-0.4133989062438614, -0.3873657999567388, 0.8240443442802425], [-0.45469796351442454, 0.871903117363698, 0.1817545485188763]], "T": [-0.08481695578983255, 0.0367564312932626, 0.012300076680640724], "aligned_model": [[-0.4453206915380008, -0.5923857258936515, 0.18742649181848386, -0.8310457592614949, 0.17329368226107777, 0.08581927303079219, 0.6262849133952774, -0.04924040717312493, 0.23720214122325306, -0.6169036751057648, 0.4918952418074561, -0.11524145601075103], [-0.544562270581928, -0.34512912777006854, -0.48196277907213286, 0.15295257897189457, 0.4987375407607677, -0.20119415522701373, 0.06150360212262239, -0.35719476411664747, 0.737916565148604, 0.27356758055495206, -0.06526522218139487, -0.1022967124047622], [0.39526604288331607, -0.23606726553481122, -0.024373469499066054, 0.2491385541281829, 0.6206518633233524, 0.6847648375744194, 0.1843937474794486, -0.5900384189558321, -0.050685099260110174, -0.38475620700622, -0.39389758625699844, 0.09658136463970854]], "inverted": true, "swapped": false, "error_lsq": 0.042283049505498986, "error_max": 0.21969899717714622, "target": "734.xyz", "model": "7.xyz", "model_rescale": 3.964800864290218, "target_rescale": 3.769923825587724},
{"mapping": [11, 6, 10, 4, 7, 12, 8, 3, 1, 0, 5, 13], "R": [[0.10033808201655298, -0.8341399199722798, 0.5423493921872489], [0.5752007164223955, -0.39614460993485295, -0.7156909834884932], [0.8118352081083962, 0.3837708195371322, 0.44004948920251624]], "T": [-0.13114230446901765, 0.013504262168872284, 0.04653278425217725], "aligned_model": [[-0.417134918465363, -0.5943513477664275, 0.30314681201772775, -0.7480534372768536, 0.10205855890499219, -0.08715922572279863, 0.6052666274373825, -0.24555005464097543, 0.18482012282730786, -0.4496067492615943, 0.55575320063942, -0.057405560139265774], [-0.658420291370636, -0.29121804540031376, -0.6658614269417958, -0.05838953358087018, 0.5327854593013954, -0.005923886833471097, 0.028205541908788146, -0.14392239083772132, 0.6754655527918121, 0.39158452939214067, -0.16846218490931497, -0.008770487315119813], [0.43878135797036205, -0.12401785531199211, -0.11154705876261425, 0.3772068403320112, 0.47410448652905035, 0.8004313006978035, 0.2668583133897794, -0.6521018923321873, -0.11188086865129249, -0.47192172818076644, -0.39407304885485966, 0.05913851669009566]], "inverted": false, "swapped": false, "error_lsq": 0.03765343957478746, "error_max": 0.21121773191165016, "target": "734.xyz", "model": "8.xyz", "model_rescale": 4.121658175737393, "target_rescale": 3.769923825587724},
{"mapping": [10, 5, 0, 7, 8, 11, 2, 4, 6, 9, 1, 12], "R": [[-0.23831888509832067, -0.007458611558060768, 0.9711583177418189], [-0.6773111364534641, 0.7179320437746396, -0.16069600168543796], [-0.6960271068296197, -0.6960732358273771, -0.17614856491948588]], "T": [-0.07507659784093501, -0.042311489719567, 0.14175022568329906], "aligned_model": [[-0.3022388077938368, -0.5139158548981025, 0.2179169989327775, -0.6375783736933425, 0.14315344417169146, -0.22382625889296937, 0.603290627287206, -0.08231357860941785, 0.06382205410286643, -0.5425092307017524, 0.43908639028899654, -0.013103381640564224], [-0.699263472715056, -0.41566689864484774, -0.6739949216072325, 0.2607211414363452, 0.5500104299381927, -0.042442020206709126, -0.045840064398329064, -0.1813394460504308, 0.5769694542495895, 0.38999520360887696, -0.04955818177114696, -0.04251838763435889], [0.44718803114125705, -0.081282846679358, -0.2242484590827837, 0.3584848258993656, 0.5051834795049787, 0.7589257241051022, 0.290585395893732, -0.7350318288699091, -0.1364229703993546, -0.39472668311630466, -0.31706958950033093, 0.0793932846189959]], "inverted": true, "swapped": false, "error_lsq": 0.04088450983336362, "error_max": 0.2945444156590726, "target": "734.xyz", "model": "9.xyz", "model_rescale": 3.833441315466971, "target_rescale": 3.769923825587724},
{"mapping": [1, 6, 5, 12, 10, 0, 13, 3, 8, 7, 2, 14], "R": [[0.4796823893099625, 0.29593125927375297, -0.8260323814297699], [-0.6795175671443284, -0.4703040714540128, -0.5630896521123722], [-0.5551222219729086, 0.8314077039325712, -0.024506091353606013]], "T": [-0.1741990643430425, -0.006200623809502027, 0.012467397979222195], "aligned_model": [[-0.3517950390120165, -0.7025141665419514, 0.22127309328327793, -0.6580663050547216, -0.008875534645496508, 0.08761767781766527, 0.5731453790140344, -0.05026788345766203, 0.172382294762854, -0.44666139630577617, 0.4553615069814218, -0.13981559828807655], [-0.512858982952528, -0.4293843602449496, -0.5539487808197417, 0.03751852367167548, 0.5797804096309491, -0.16943149548178982, -0.14463012554599536, -0.14632619693940027, 0.6888457486412995, 0.3397140293795649, -0.07773202397103961, 0.015526090836848552], [0.5197798360346073, -0.04256210365404335, 0.04423106434945299, 0.3688115950981846, 0.5647793591898009, 0.6196169987870668, 0.2532994918681848, -0.8356645115177648, -0.053496713778850624, -0.48755390871913523, -0.32692470674948093, -0.07333803739263284]], "inverted": true, "swapped": false, "error_lsq": 0.04163470599772545, "error_max": 0.22452027287516085, "target": "734.xyz", "model": "10.xyz", "model_rescale": 4.2482417240324, "target_rescale": 3.769923825587724},
{"mapping": [3, 1, 8, 2, 5, 7, 9, 0, 4, 0, 10, 11], "R": [[-0.16134139346486023, 0.6069702635635181, -0.7781748221990036], [-0.4141271355039118, 0.6740852730724154, 0.6116434911500425], [0.8958055985503451, 0.42094672320439896, 0.1426049993139698]], "T": [-0.15605511639908987, -0.009866743681742212, 0.09402176663397883], "aligned_model": [[-0.34966039031404816, -0.6391153207632531, 0.02789662558998912, -0.7895951506017017, 0.0344830653068125, 0.14199253869560274, 0.6559024706662423, -0.21751325143037095, 0.21629411880284594, -0.21751325143037095, 0.3401865726182743, -0.05157399858646941], [-0.6672439711687994, -0.3689471127664965, -0.5861873227873683, -0.0003082325279108282, 0.5715430978217033, -0.16677691477633805, 0.0381208002890643, 0.05961689281410697, 0.7594834758647967, 0.05961689281410697, -0.13145939679711163, 0.05961462742513941], [0.528122912849339, -0.2759250961122964, -0.01025754902043663, 0.4765043757964778, 0.5297326430608554, 0.6814764799480961, 0.22718698194788733, -0.6577989552350328, -0.09385017634972458, -0.6577989552350328, -0.2983578650036121, 0.10194356686887007]], "inverted": false, "swapped": false, "error_lsq": 0.05384210204480957, "error_max": 0.4082419194374858, "target": "734.xyz", "model": "11.xyz", "model_rescale": 3.6694154284099745, "target_rescale": 3.769923825587724},
{"mapping": [2, 10, 8, 12, 0, 1, 4, 9, 6, 7, 11, 13], "R": [[0.9625064936311946, -0.2194495576199531, -0.15944635893676057], [-0.243197897739662, -0.9584797993893294, -0.14890015680851346], [-0.12015004058589535, 0.18209438712656104, -0.9759127019996255]], "T": [-0.09651588607909303, 0.04790490314803163, 0.04242866776182173], "aligned_model": [[-0.25625196759006696, -0.6171621854258629, 0.14395667433400308, -0.677680857468599, 0.06281368494629647, -0.01567819082751354, 0.5796858939816033, -0.13834417395065382, 0.1705878090745628, -0.5065797808000583, 0.4624014189312968, -0.05596429665145563], [-0.5087426415351327, -0.25182332365873855, -0.6437107432057493, 0.09841017987997008, 0.5200962297882962, -0.20443608929345464, 0.05311111571192231, -0.3110207965986886, 0.5162281557058701, 0.2928515011583633, -0.027470299498171466, 0.09357954775040657], [0.343993699975507, -0.16401553375574437, -0.1484602966077862, 0.3909469503791816, 0.5546662135040591, 0.8463333789444472, 0.3430990815769783, -0.6745852813947828, -0.1284039421303764, -0.5267936832039343, -0.43397313103100493, 0.14817090725884563]], "inverted": false, "swapped": false, "error_lsq": 0.03565851406866956, "error_max": 0.21081443605873693, "target": "734.xyz", "model": "12.xyz", "model_rescale": 3.9764082729961374, "target_rescale": 3.769923825587724},
{"mapping": [9, 0, 1, 4, 14, 13, 11, 2, 3, 7, 8, 15], "R": [[0.42091218453302826, 0.37082818295317216, -0.827840196921654], [0.20554536865336742, -0.9278737875843625, -0.31112913032855183], [-0.8835066690958171, -0.039200676543885676, -0.4667753984752371]], "T": [-0.10424035705521177, -0.13847609844209233, 0.21514078312140375], "aligned_model": [[-0.4295125204531301, -0.6727261834267622, 0.14672294287740129, -0.7345963511069963, 0.1980196642213899, 0.19083788526939516, 0.6165104374797202, -0.11154217923934943, 0.1579685500190306, -0.4442408795783707, 0.37396265674316354, -0.1396199942519398], [-0.6418903315539396, -0.3067921263842286, -0.6341360922899688, 0.20534038747644465, 0.49632996604963076, -0.11841687373551085, 0.19228769309557994, -0.3354039989171928, 0.5892885979481707, 0.21061946099763165, 0.007556484164809224, -0.037710330646532855], [0.1674830855640234, -0.20390755950113745, -0.0925297725816924, 0.19766890420575758, 0.5952304825312511, 0.7508711300289598, 0.2558630759632624, -0.5577923312639095, -0.11659477881389932, -0.36241062929695, -0.2845082927907391, 0.20160504947046354]], "inverted": true, "swapped": false, "error_lsq": 0.04619782209808016, "error_max": 0.25511527098606757, "target": "734.xyz", "model": "13.xyz", "model_rescale": 4.170626492500431, "target_rescale": 3.769923825587724},
{"mapping": [6, 4, 11, 2, 1, 3, 9, 12, 7, 8, 10, 13], "R": [[0.1271453147207435, 0.4658698897035107, -0.875670779923712], [-0.6877629715767644, 0.6775457452257684, 0.2606028742250496], [0.714714043427483, 0.5691195032628008, 0.406554826725057]], "T": [-0.1514579376281291, -0.007469295299481524, 0.07721598609843242], "aligned_model": [[-0.36080614409163764, -0.7544727560204715, 0.29964713672522686, -0.6982134636896609, 0.23012482461803319, -0.009505702559658491, 0.6465293099149457, -0.12080579914253131, 0.07750348891273329, -0.29527394046777, 0.2618611143357255, -0.1248040399813827], [-0.7676780227561244, -0.0855343315335208, -0.545271814687107, 0.018682534255042224, 0.5053248587404479, -0.208508966077877, 0.03175442430273483, -0.32129345623966893, 0.7230002736819193, 0.310482699107667, 0.07177087879385939, -0.10565624138247895], [0.37003894657003034, -0.28794440264882637, 0.16047649993375163, 0.4423278097476717, 0.5041249003112984, 0.7213481294993526, 0.21132150814384523, -0.583299693959672, -0.19003048597801533, -0.5783599281820333, -0.2985720672882961, 0.07954714736628314]], "inverted": true, "swapped": false, "error_lsq": 0.053005292060183486, "error_max": 0.2997727858226052, "target": "734.xyz", "model": "14.xyz", "model_rescale": 3.9786697098870705, "target_rescale": 3.769923825587724},
{"mapping": [3, 9, 8, 0, 4, 2, 5, 6, 10, 1, 7, 11], "R": [[-0.3373679100660624, -0.8159945815074789, -0.46939933554287394], [0.6869613498602494, -0.5543280731266983, 0.4698983838467906], [-0.6436357642765363, -0.16393056546622475, 0.7475692427127287]], "T": [-0.07197059202085479, -0.0173997428676113, -0.0013941774953039748], "aligned_model": [[-0.43723557583206685, -0.394398149221596, 0.20425842044002526, -0.67280323958977, 0.07004383789358751, -0.058948307980217746, 0.6461600812032975, -0.32597247520296035, 0.25281193663049195, -0.4206009334394293, 0.4138886984817135, -0.12542026482952343], [-0.7438041943868242, -0.5168953911598173, -0.4004675378836003, 0.04273056649494812, 0.43757068603571364, -0.1415582480530349, -0.04322429628013427, -0.09015205879250575, 0.6956579100363705, 0.48588376063657085, -0.050904845456457334, -0.04776351498633562], [0.4276364702644148, -0.18567341057363018, 0.22038211320879658, 0.34384495932153186, 0.38298654602077986, 0.8578278554947253, 0.3567692158681399, -0.7480840961840621, -0.28136932141845417, -0.2943697594731643, -0.44826570637530344, -0.08070650263838407]], "inverted": true, "swapped": false, "error_lsq": 0.06058916949004275, "error_max": 0.3689601082521517, "target": "734.xyz", "model": "15.xyz", "model_rescale": 3.769337070930944, "target_rescale": 3.769923825587724},
{"mapping": [5, 6, 3, 4, 0, 2, 1, 10, 9, 8, 11], "R": [[-0.3198526029470055, -0.7272851538179794, -0.6072483984532056], [-0.9417411136502251, 0.3143957385579338, 0.11949474648471023], [0.10400955364224501, 0.6100914887232646, -0.7854746260310206]], "T": [0.03362693393672907, -0.01334014310269565, 0.08184174447143126], "aligned_model": [[-0.31390812263734447, -0.40498771195650834, -0.08130022625294586, -0.7724964499103703, 0.37999957636122517, 0.47647951877425665, 0.5904621837199967, 0.14200589135295744, 0.2528140020772782, -0.39596687850670187, 0.04952434766932734], [-0.01955355117155822, -0.5941987315963442, 0.7060038682623069, 0.16287595857778114, 0.19605431144311863, -0.38493704233573445, 0.4187752111888528, -0.48293869354355967, 0.48370137120688983, 0.06400258441379289, 0.046279211179796546], [-0.5637944264069499, -0.08480386333837438, -0.19987887489074146, -0.025745539766552264, -0.6873096727513299, -0.2321593348323221, -0.013887213244708749, 0.3150130570357788, 0.6031467984852353, 0.6040228755163811, 0.029613801417360017]], "inverted": false, "swapped": true, "error_lsq": 0.03633828220714283, "error_max": 0.24154301851746984, "target": "734.xyz", "model": "16.xyz", "model_rescale": 3.7852294659196426, "target_rescale": 3.769923825587724},
{"mapping": [2, 7, 1, 11, 9, 8, 0, 5, 10, 6, 4, 12], "R": [[-0.3186319141211252, -0.3360091076954876, -0.8863247615006536], [0.1678345299385275, 0.9002877005802765, -0.4016386768529549], [0.9329015349241429, -0.2767308001100727, -0.2304664626504636]], "T": [-0.005847040452795771, -0.13850215021540563, 0.10760700484003573], "aligned_model": [[-0.3518990149162373, -0.6218516779444878, 0.06495215925231224, -0.6281412075458683, 0.11574495263975221, -0.02905479333458799, 0.6290264776741648, -0.0010563789469564544, 0.010804701577704745, -0.5257043478013632, 0.5141529719165547, -0.02518981401743497], [-0.5976483462763458, -0.2805534978942096, -0.7510136854694169, 0.10772865319636535, 0.5671711174685912, -0.027464858122995456, 0.028957037542897218, -0.23421187486211278, 0.6160088889527648, 0.3102960180904963, -0.06164920656739513, -0.050547409853745603], [0.31622105672291184, -0.1953562047874473, -0.19910335812306984, 0.40769438459201135, 0.5918614957885593, 0.7489634043742043, 0.2937257630433587, -0.5427972607754128, -0.17468873820235842, -0.45428428359888395, -0.36724065207542755, 0.1259827565569444]], "inverted": false, "swapped": false, "error_lsq": 0.036215572792791174, "error_max": 0.24414994603948761, "target": "734.xyz", "model": "17.xyz", "model_rescale": 3.901054581598922, "target_rescale": 3.769923825587724},
{"mapping": [4, 6, 10, 1, 2, 8, 5, 11, 3, 7, 9, 14], "R": [[-0.5110867831366048, 0.7076457327179896, 0.48788094558928735], [0.14308121277033342, 0.6297387019730611, -0.7635161647204693], [-0.8475364692184332, -0.3204164231173305, -0.423101937057074]], "T": [-0.05280928975587293, 0.03562919165956108, 0.049889916850371724], "aligned_model": [[-0.3161986912805751, -0.620887895846476, 0.16770296241618918, -0.7135134359698347, 0.2900346334408157, 0.005102546843253841, 0.5183304140557788, -0.08778383391351838, -0.006108176744992727, -0.5524128571010822, 0.49848404381152567, -0.030965681157531916], [-0.5905495864030921, -0.27544981435171534, -0.7452623994493461, 0.041436114893699916, 0.592048450774493, -0.08323844283117475, -0.02026056285285062, -0.2707587985312328, 0.7855000588395362, 0.30111867521669944, -0.14874935171557785, 0.04123849261545442], [0.45498266052548375, -0.3299025193451568, -0.06858547175952126, 0.2715244363956558, 0.5564407577352741, 0.7002244129307855, 0.29638904680036027, -0.6860680776401339, -0.08765490533887757, -0.2959259784085785, -0.26038388874929697, -6.210963060487851e-05]], "inverted": false, "swapped": false, "error_lsq": 0.041251850610033, "error_max": 0.21347111942909808, "target": "734.xyz", "model": "18.xyz", "model_rescale": 3.9405287249114394, "target_rescale": 3.769923825587724},
{"mapping": [3, 1, 2, 12, 13, 14, 11, 6, 7, 0, 5, 15], "R": [[0.6832771699652651, 0.7221710857277253, -0.107709015143101], [-0.7140348631976434, 0.6917078970717319, 0.10814064576710014], [0.1525992239252257, 0.0030179574948966253, 0.9882835467566875]], "T": [-0.1071271747660672, 0.09577352080784686, 0.06611168618721033], "aligned_model": [[-0.5096643405191271, -0.5295881105113747, 0.21737681907894896, -0.5513900621709644, 0.13791278560133496, -0.019878959220230266, 0.5405245089029687, -0.09673418630967269, 0.06725219367351107, -0.5313169964712896, 0.5159991499876599, -0.08870877348821307], [-0.5514123047709508, -0.34957240769683684, -0.6418947692174247, 0.12998972121844757, 0.4670053373874467, -0.09970760449788034, 0.0045002318080081954, -0.23367407399021756, 0.7484842376692729, 0.1856216226248254, -0.0930142017358168, 0.060747047406019404], [0.4462997083964175, -0.17619635270737297, -0.25926184513159933, 0.38485735394368037, 0.5695719145609313, 0.8103655680107847, 0.36848510640736, -0.6044401191678537, -0.1318431190037726, -0.46742797655355406, -0.4509332073902784, 0.06150133215064701]], "inverted": false, "swapped": false, "error_lsq": 0.03924583020207458, "error_max": 0.19737737525879273, "target": "734.xyz", "model": "19.xyz", "model_rescale": 4.410303926677745, "target_rescale": 3.769923825587724},
{"mapping": [11, 6, 10, 4, 7, 12, 8, 3, 1, 0, 5, 13], "R": [[0.10033808201655298, -0.8341399199722798, 0.5423493921872489], [0.5752007164223955, -0.39614460993485295, -0.7156909834884932], [0.8118352081083962, 0.3837708195371322, 0.44004948920251624]], "T": [-0.13114230446901765, 0.013504262168872284, 0.04653278425217725], "aligned_model": [[-0.417134918465363, -0.5943513477664275, 0.30314681201772775, -0.7480534372768536, 0.10205855890499219, -0.08715922572279863, 0.6052666274373825, -0.24555005464097543, 0.18482012282730786, -0.4496067492615943, 0.55575320063942, -0.057405560139265774], [-0.658420291370636, -0.29121804540031376, -0.6658614269417958, -0.05838953358087018, 0.5327854593013954, -0.005923886833471097, 0.028205541908788146, -0.14392239083772132, 0.6754655527918121, 0.39158452939214067, -0.16846218490931497, -0.008770487315119813], [0.43878135797036205, -0.12401785531199211, -0.11154705876261425, 0.3772068403320112, 0.47410448652905035, 0.8004313006978035, 0.2668583133897794, -0.6521018923321873, -0.11188086865129249, -0.47192172818076644, -0.39407304885485966, 0.05913851669009566]], "inverted": false, "swapped": false, "error_lsq": 0.03765343957478746, "error_max": 0.21121773191165016, "target": "734.xyz", "model": "20.xyz", "model_rescale": 4.121658175737393, "target_rescale": 3.769923825587724},
{"mapping": [2, 1, 3, 6, 10, 4, 11, 5, 9, 8, 7, 12], "R": [[0.7096157892668988, -0.40788507729815326, -0.5745217100689894], [-0.5299418632357911, 0.22839027151012173, -0.8167003768027239], [0.46433506567272587, 0.8840065879828118, -0.054086035070921655]], "T": [-0.11802325199703156, -0.029045501311748025, 0.004482755328506047], "aligned_model": [[-0.40904079151791795, -0.6129243821348604, 0.21276210325800576, -0.6800253791470412, -0.13036007239736744, 0.10783601286397401, 0.7132090892060546, -0.18906132544687376, 0.18181269248889959, -0.4435753903895433, 0.47278897977763457, -0.07163750800741232], [-0.4657287712433478, -0.508328271217046, -0.6392177417139959, 0.21983841456892764, 0.4439739043058131, -0.20448754834847274, 0.0935655493467962, -0.12727283532876077, 0.625634373359841, 0.41157348000221383, -0.1291465016014091, -0.09333121592566565], [0.5529607837509517, -0.08347043593620848, -0.02570977254313496, 0.21622521107811415, 0.6247838809430034, 0.5018149205208725, 0.26637649014364556, -0.6657474386788883, -0.059980748104551826, -0.3874022037607659, -0.3237530687730556, -0.06511925512459238]], "inverted": false, "swapped": false, "error_lsq": 0.04779079871104617, "error_max": 0.25074221758122023, "target": "734.xyz", "model": "21.xyz", "model_rescale": 4.08911054899281, "target_rescale": 3.769923825587724},
{"mapping": [5, 10, 9, 6, 1, 11, 15, 12, 4, 7, 14, 16], "R": [[-0.07414056862691143, 0.23995165541851995, -0.9679495746915694], [0.16233616466453601, 0.9605784318229731, 0.2256901547664995], [0.983946210788825, -0.14040042513621426, -0.11017066259165097]], "T": [-0.03516070798394236, 0.08853640200150932, 0.051430222278829235], "aligned_model": [[-0.29405236646732114, -0.6086621776608699, 0.0434115439871825, -0.7460670043611279, 0.0928431413125951, 0.1594293504759979, 0.6291603330575993, -0.055976673675399734, 0.12933611452128493, -0.5940266648424511, 0.44584158516038797, -0.04945315295432581], [-0.5157166424218783, -0.42509968630562206, -0.6021514682702129, 0.2181666121944989, 0.5173300244956155, -0.19830909663822138, -0.013914308493122182, -0.2299001836628416, 0.7166031570895797, 0.18101255221399615, -0.14776689780222851, 0.1268187738053303], [0.3075208730667107, -0.190250232623692, -0.10453220474196603, 0.23411129663510521, 0.7069829853266946, 0.7338871068635835, 0.33372160408635243, -0.6142531427806017, -0.20305972331153085, -0.37858511688471097, -0.3015855428632166, 0.02702046074266178]], "inverted": true, "swapped": false, "error_lsq": 0.04075605119586386, "error_max": 0.20243005726736546, "target": "734.xyz", "model": "22.xyz", "model_rescale": 4.204369325754507, "target_rescale": 3.769923825587724},
{"mapping": [3, 1, 2, 12, 13, 14, 11, 6, 7, 0, 5, 15], "R": [[0.6832771699652651, 0.7221710857277253, -0.107709015143101], [-0.7140348631976434, 0.6917078970717319, 0.10814064576710014], [0.1525992239252257, 0.0030179574948966253, 0.9882835467566875]], "T": [-0.1071271747660672, 0.09577352080784686, 0.06611168618721033], "aligned_model": [[-0.5096643405191271, -0.5295881105113747, 0.21737681907894896, -0.5513900621709644, 0.13791278560133496, -0.019878959220230266, 0.5405245089029687, -0.09673418630967269, 0.06725219367351107, -0.5313169964712896, 0.5159991499876599, -0.08870877348821307], [-0.5514123047709508, -0.34957240769683684, -0.6418947692174247, 0.12998972121844757, 0.4670053373874467, -0.09970760449788034, 0.0045002318080081954, -0.23367407399021756, 0.7484842376692729, 0.1856216226248254, -0.0930142017358168, 0.060747047406019404], [0.4462997083964175, -0.17619635270737297, -0.25926184513159933, 0.38485735394368037, 0.5695719145609313, 0.8103655680107847, 0.36848510640736, -0.6044401191678537, -0.1318431190037726, -0.46742797655355406, -0.4509332073902784, 0.06150133215064701]], "inverted": false, "swapped": false, "error_lsq": 0.03924583020207458, "error_max": 0.19737737525879273, "target": "734.xyz", "model": "23.xyz", "model_rescale": 4.410303926677745, "target_rescale": 3.769923825587724},
{"mapping": [10, 9, 4, 11, 7, 1, 0, 15, 13, 14, 5, 16], "R": [[-0.8215302492177103, 0.005647070568638064, -0.5701369661881955], [0.10187112894948652, 0.9853146472381016, -0.1370303580401527], [0.560990483615225, -0.17065508059254544, -0.8100410611574624]], "T": [-0.029625988017373657, -0.03492852680092501, 0.012060758279662895], "aligned_model": [[-0.35644094426542544, -0.5685511188301694, 0.2507400465498798, -0.5721249527507689, 0.0677814037089215, -0.05553947236770646, 0.6374696973895103, -0.2222443494136885, 0.0032352855495539484, -0.4855563112753902, 0.42976310743420476, 0.023251636824630655], [-0.5312787159319969, -0.27754226436849594, -0.6601025513048877, 0.1354888020117539, 0.44515205990780726, -0.07156948916136448, 0.054285236918787366, -0.15514291760987847, 0.6484545715246841, 0.31190670169749773, -0.17943395797677128, -0.09314463950224247], [0.27779073475530996, -0.19558861289754254, -0.054547790253559394, 0.29022310999949663, 0.4614662844859805, 0.8689862397402525, 0.3547122750728187, -0.6645195088950309, -0.1494765484070193, -0.34847059211988674, -0.392515406081012, 0.10291817811558279]], "inverted": false, "swapped": false, "error_lsq": 0.03871033761807297, "error_max": 0.1979755048571517, "target": "734.xyz", "model": "24.xyz", "model_rescale": 4.28219845311461, "target_rescale": 3.769923825587724},
{"mapping": [5, 11, 9, 8, 0, 1, 4, 12, 2, 14, 13, 15], "R": [[-0.8470803747016249, 0.1506618807262243, 0.5096624731048892], [0.07793739087072965, -0.913394616318743, 0.3995447884583148], [0.525719128337193, 0.3781683124958692, 0.7619764599542487]], "T": [-0.017410633660855608, -0.057448433994210374, 0.04818808684826329], "aligned_model": [[-0.508704486749252, -0.42359992185328943, 0.0838963931645813, -0.5760375810080967, 0.13017415274397204, -0.05628959662201614, 0.6081748176016312, -0.14979277167274022, 0.13662094240614703, -0.42336000347491864, 0.3291753400233971, 0.0015267439941365826], [-0.6228565637892164, -0.2981910909368234, -0.7100560468013261, -0.014792186650015929, 0.5800453644159042, -0.14641124471476008, 0.15359849378182214, -0.2611283806455327, 0.5798722214882057, 0.34106643524794966, 0.025495320194255253, 0.00043051461443054106], [0.4534345274167309, -0.22297663529407177, -0.09573506591340147, 0.45814227354335935, 0.5353990882083433, 0.681000415579646, 0.3624341854250331, -0.6766631731358392, -0.14898361512161348, -0.45830538106134183, -0.42711702928606404, 0.09034877315460957]], "inverted": true, "swapped": false, "error_lsq": 0.03718586565509288, "error_max": 0.196745715977056, "target": "734.xyz", "model": "25.xyz", "model_rescale": 4.100010024507729, "target_rescale": 3.769923825587724},
{"mapping": [3, 1, 8, 2, 5, 7, 9, 0, 4, 0, 10, 11], "R": [[-0.16134139346486023, 0.6069702635635181, -0.7781748221990036], [-0.4141271355039118, 0.6740852730724154, 0.6116434911500425], [0.8958055985503451, 0.42094672320439896, 0.1426049993139698]], "T": [-0.15605511639908987, -0.009866743681742212, 0.09402176663397883], "aligned_model": [[-0.34966039031404816, -0.6391153207632531, 0.02789662558998912, -0.7895951506017017, 0.0344830653068125, 0.14199253869560274, 0.6559024706662423, -0.21751325143037095, 0.21629411880284594, -0.21751325143037095, 0.3401865726182743, -0.05157399858646941], [-0.6672439711687994, -0.3689471127664965, -0.5861873227873683, -0.0003082325279108282, 0.5715430978217033, -0.16677691477633805, 0.0381208002890643, 0.05961689281410697, 0.7594834758647967, 0.05961689281410697, -0.13145939679711163, 0.05961462742513941], [0.528122912849339, -0.2759250961122964, -0.01025754902043663, 0.4765043757964778, 0.5297326430608554, 0.6814764799480961, 0.22718698194788733, -0.6577989552350328, -0.09385017634972458, -0.6577989552350328, -0.2983578650036121, 0.10194356686887007]], "inverted": false, "swapped": false, "error_lsq": 0.05384210204480957, "error_max": 0.4082419194374858, "target": "734.xyz", "model": "26.xyz", "model_rescale": 3.6694154284099745, "target_rescale": 3.769923825587724},
{"mapping": [11, 10, 2, 9, 3, 12, 6, 4, 7, 8, 0, 13], "R": [[-0.11020062087464415, -0.7048969027673113, -0.7006969242317925], [0.5154491914553359, 0.5622433592402426, -0.6466796239393106], [0.8498046564869385, -0.43243815911561156, 0.30137897131986074]], "T": [-0.026338273329067373, 0.06585125186748854, -0.05106703422320122], "aligned_model": [[-0.34792751765639396, -0.5066697270928942, 0.21299636399272476, -0.563217496695276, 0.06360976814399236, 0.015203454528245154, 0.5214004237161851, -0.181785014020896, -0.017282230232947525, -0.48162149487536354, 0.44252221568602157, -0.005444716939845499], [-0.5727733406274573, -0.2709760389446473, -0.5679633378084756, 0.2310874208687364, 0.541567593582441, -0.1987885920474563, -0.03305511291771322, -0.34748612663194284, 0.6905972603710279, 0.2917141677538168, -0.1495103567130937, 0.012659299319657168], [0.4231844360315943, -0.18418273796217494, 0.004858304356177165, 0.3353540359086439, 0.595798123591042, 0.6959087694121989, 0.3506670601334231, -0.7442618787167473, 0.024688742195369345, -0.4384432387528556, -0.4642529034434073, -0.048340349237873816]], "inverted": false, "swapped": false, "error_lsq": 0.036628301682425216, "error_max": 0.21661581781668107, "target": "734.xyz", "model": "27.xyz", "model_rescale": 4.103607728864725, "target_rescale": 3.769923825587724},
{"mapping": [1, 2, 4, 0, 6, 7, 11, 12, 10, 3, 13, 14], "R": [[-0.4853248770977707, 0.10145933728267925, -0.8684271797613164], [0.8236007693634836, 0.38646511852047677, -0.41512225292175364], [0.29349878428012655, -0.9167064497673798, -0.27112312439364955]], "T": [0.002671433096993678, 0.13174431677305914, 0.09261493403363082], "aligned_model": [[-0.5311370662556888, -0.3911869301215273, 0.05975583694673346, -0.693075819203048, 0.21046491881674295, 0.13963898266845876, 0.6635032192944157, -0.0839988120692697, 0.04586002285120486, -0.5999458917974901, 0.44855967649644657, -0.11665410907342608], [-0.47841778285017716, -0.3659821861309043, -0.749272360145717, 0.05106483265057096, 0.5233962261905578, -0.16137823781282146, 0.19940520368875977, -0.043027625128664565, 0.602137564104064, 0.2132325516102791, -0.19968481405873734, 0.035599464087683164], [0.4742057230695693, -0.2794934161305384, -0.11271473494441651, 0.23088395710213405, 0.5450504675562904, 0.737130491581173, 0.2680703078247841, -0.743588781607155, -0.09880140509703718, -0.3475473995285896, -0.24086810689638632, 0.1186512605855618]], "inverted": true, "swapped": false, "error_lsq": 0.04913003438391072, "error_max": 0.23421677426298732, "target": "734.xyz", "model": "28.xyz", "model_rescale": 4.137296879288765, "target_rescale": 3.769923825587724},
{"mapping": [9, 1, 0, 5, 6, 2, 10, 3, 4, 8, 11], "R": [[-0.23436678540195918, 0.20654735378910075, 0.9499528412205904], [-0.9554196048177657, -0.22943576907751867, -0.18582950949101795], [0.1795705672715237, -0.9511558329267227, 0.25111151478826205]], "T": [0.14133567516387124, 0.03305328657906757, 0.012914333610879795], "aligned_model": [[0.4218644194993643, 0.2702701804312352, -0.21211220938980418, -0.49894663510136583, -0.020240142102175257, 0.37607184561906604, 0.5497435721181851, -0.40232335508383155, -0.524030363231278, 0.1668793992220487, 0.0942422987284536], [-0.4468819579295236, -0.6498376813971265, -0.4101573466950701, 0.18117824274162342, 0.7420480088934033, 0.04381819941743824, 0.3696169003431412, -0.5053610800839352, 0.3529052070538022, 0.27096670425760006, -0.02914737995340097], [0.5206721319828803, -0.1387069952618086, -0.6459125595012023, -0.31229767056105195, -0.15670289731337095, -0.6015629988859529, -0.06811394284365302, 0.16967974692251386, 0.39689979183193763, 0.6500568597841957, -0.008257444371489456]], "inverted": true, "swapped": true, "error_lsq": 0.048866827629149796, "error_max": 0.24875535893545783, "target": "734.xyz", "model": "29.xyz", "model_rescale": 3.607286011436655, "target_rescale": 3.769923825587724},
