[{"mapping": [1, 8, 0, 10, 3, 5, 6, 11, 4, 9, 7, 12], "R": [[0.7976179476615978, -0.40499385840389485, 0.4469738070885443], [0.37388370644499674, 0.9134829983997624, 0.1604985535434249], [-0.47330390197319616, 0.039099696798134236, 0.8800310392748892]], "T": [-0.03869804048523871, 0.03347654369564909, 0.09991881165375549], "aligned_model": [[-0.31473085348571717, 0.17734420280902402, 0.31658431075677956, -0.24039595720698215, 0.09362751912644308, -0.603226334907525, 0.36354756756090095, -0.26458680921747446, 0.6486413716077891, 0.04625169449971288, -0.36379443994255767, -0.021619809139844542], [-0.22527902277349385, -0.7118691393354057, -0.36012124885670016, 0.7943973619940737, 0.4396733910814159, -0.5852536039685771, 0.014735255078576162, -0.6206010201744001, 0.024573217597082697, 0.3341347475858891, -0.01478157359842519, -0.036053328652978], [-0.5594198363399444, 0.033313439849148, -0.5858640661984544, -0.04877817919602759, -0.6046487733648409, 0.01065838647483991, 0.7457625155822509, 0.5606426493811587, -0.10688030210697669, 0.3261821674997462, 0.48702267151110123, -0.07603892773843843]], "inverted": false, "swapped": true, "error_lsq": 0.05236670809077728, "error_max": 0.32652235045413713, "target": "735.xyz", "model": "0.xyz", "model_rescale": 3.751011558992144, "target_rescale": 3.916671863335657},
{"mapping": [7, 12, 13, 0, 1, 9, 4, 5, 6, 8, 2, 10, 14], "R": [[-0.26309638729842766, 0.40888695892553834, 0.8738373680560593], [0.7226477376996554, -0.5165620698159726, 0.4592862671853014], [0.6391874045912401, 0.7523131547753655, -0.15957562145845167]], "T": [-0.024786545044005806, -0.10031714487095879, -0.12362668045397238], "aligned_model": [[0.4226599425236425, -0.10749707357019597, -0.3858342752840145, 0.6567672111900088, 0.6010622450570765, -0.662122967584832, 0.03153154980832083, -0.4668717237070561, 0.21351347540337823, 0.05343794907680548, 0.07335289813707101, -0.5944848069421799, -0.05472172177242626], [-0.4252679115584027, -0.2792455470262964, 0.35535185567852384, 0.18437776268802886, -0.2923511668533551, -0.12325848904183374, -0.3336127819277636, 0.3174959355607231, -0.8121618582861765, 0.27825043171348274, 0.7182405102362348, -0.5107735107251781, -0.11798090039889628], [-0.48951691507340167, -0.8399497217211559, -0.5589570110390948, -0.29665212792563783, 0.1153749424821742, -0.28935416931683045, 0.6300147381479193, 0.018073607556560373, -0.10893145987980121, 0.41580428882606335, -0.18742414862966844, 0.29995708959488976, -0.1660022557097135]], "inverted": true, "swapped": false, "error_lsq": 0.052290323787409734, "error_max": 0.2925434551693538, "target": "735.xyz", "model": "1.xyz", "model_rescale": 3.9405287249114394, "target_rescale": 3.916671863335657},
{"mapping": [2, 5, 11, 9, 4, 0, 7, 6, 1, 3, 10, 6, 12], "R": [[-0.18704146538275715, 0.6742276470006378, 0.7144456384130666], [0.12824846913580007, 0.7378157217612693, -0.6627067910367458], [-0.9739444647369759, -0.032327089907392415, -0.22447079735752878]], "T": [0.06102151927135796, -0.09881263643408167, -0.09070944903465959], "aligned_model": [[0.23642835742331986, -0.10658289033562884, -0.34388588751277854, 0.3915084043167489, 0.6118779708964452, -0.5880506151803568, -0.14088921223697778, -0.4539412250786003, 0.09320251528321516, 0.1402020794950928, 0.28085234351642274, -0.4539412250786003, 0.11401208682729629], [-0.5264655214381293, -0.13111798150020684, 0.3701187132914996, 0.46254361562828705, -0.2955350662020833, -0.5315959325455945, -0.22500273250733474, -0.03832704172527826, -0.878269654096132, 0.23083969562118217, 0.7145314900180336, -0.03832704172527826, -0.1543282127598742], [-0.5912242626005089, -0.7970672952692723, -0.44251574547216366, -0.5661447066392508, 0.29601160962649176, -0.39784780737016373, 0.6657414544025251, 0.07211118280819252, 0.045809683219149286, 0.3695724835045969, -0.05030078672134732, 0.07211118280819252, -0.13382013498413847]], "inverted": true, "swapped": false, "error_lsq": 0.06139367158482555, "error_max": 0.5040723385437603, "target": "735.xyz", "model": "2.xyz", "model_rescale": 3.932901565614263, "target_rescale": 3.916671863335657},
{"mapping": [12, 5, 7, 9, 10, 4, 1, 0, 6, 3, 8, 2, 13], "R": [[-0.5841877581451798, -0.2591389990715756, -0.7691369464493895], [0.629896662892385, -0.7423639661935919, -0.22831105048673528], [-0.5118152570120845, -0.6178533166193263, 0.5969107318788567]], "T": [0.03581716085169813, 0.032975981142869246, -0.02365969201722637], "aligned_model": [[0.525842530726387, 0.011862153674890477, -0.2808744791043995, 0.36072302712531396, 0.5654845933711419, -0.7292582179138778, -0.058291401992158584, -0.5530853653843725, 0.05284266675158668, -0.06726132458087478, 0.36247256798983246, -0.5028152886019709, 0.09315124027410054], [-0.3924537336484183, -0.2899249507546684, 0.406771896396944, 0.23038977093253, -0.40962279544166036, -0.25180622662497887, -0.2854039083060152, 0.07025357887116378, -0.63448427756081, 0.4500709875698292, 0.6845201723202036, -0.5711556183249019, -0.04809056537012642], [-0.4261699463105961, -0.665501441567322, -0.5430107931698361, -0.6523543023414441, 0.16792364284092512, -0.33476283164033593, 0.6385687015949272, 0.2937588399612774, -0.16822523383763682, 0.2521882000099559, -0.11068346728813541, 0.17407737607662535, -0.08337188701610108]], "inverted": true, "swapped": false, "error_lsq": 0.05113508062276787, "error_max": 0.28471089808026373, "target": "735.xyz", "model": "3.xyz", "model_rescale": 3.9243930471874484, "target_rescale": 3.916671863335657},
{"mapping": [6, 10, 8, 11, 5, 4, 0, 7, 3, 1, 9, 2, 12], "R": [[-0.859423766910389, -0.4036024776672752, 0.313840451329006], [-0.46342267620353095, 0.8742319049286431, -0.1447687797323493], [-0.21594029742017778, -0.26985851186440796, -0.9383742172099641]], "T": [0.0036681750716211596, -0.02504517660650829, -0.2131729064023925], "aligned_model": [[0.5391251601387813, -0.05953025216070203, -0.38218756351489075, 0.6456855555697515, 0.5662299008767595, -0.5558673464593421, 0.04939155947783873, -0.6537002300557342, -0.08041260095753135, 0.013047350223795811, 0.188408445497438, -0.5566047445939274, 0.06720746829336219], [-0.49357371203888, -0.15285314055319485, 0.38952382641733924, 0.22353713039268183, -0.1804422616057962, -0.2109866806222894, -0.4489088021940476, 0.1485094750304569, -0.6927869433564943, 0.2819002284829729, 0.6508391776040361, -0.5025926223303192, -0.053101345167374435], [-0.3367987263798333, -0.9036790994709817, -0.4880988230561302, -0.6032429016247851, 0.269526949002342, -0.2818243934183227, 0.5227424096379923, 0.21187335195975954, -0.2109988768219111, 0.4316967310828933, -0.2952628813887827, 0.34293606033495794, -0.11643294254489457]], "inverted": false, "swapped": false, "error_lsq": 0.05353236998101057, "error_max": 0.3710524311493031, "target": "735.xyz", "model": "4.xyz", "model_rescale": 3.8936222436046832, "target_rescale": 3.916671863335657},
{"mapping": [0, 4, 3, 1, 10, 9, 6, 7, 5, 8, 2, 12], "R": [[0.6482081115361411, 0.5629721984650422, 0.5127265820046656], [0.5132393620396687, -0.8204252024787724, 0.25196794318083304], [0.5625047567726549, 0.0998237992319609, -0.8207457631416891]], "T": [-0.15490016744039586, -0.006463282565519448, 0.09686538002996356], "aligned_model": [[0.10532068258142624, -0.46919147537264033, -0.4469745745277562, 0.3149448174520324, -0.6639789790615285, -0.48880317940178164, -0.4551069685726409, -0.010376611841049432, 0.6715524642076449, 0.36951160896495766, 0.176786606820455, -0.07613634903402203], [-0.5500233979351948, -0.6092467852062315, 0.053022593146901636, 0.060420260071034584, 0.5514012612476548, 0.08849173562846478, -0.32538095682061674, 0.26691441188012427, 0.1510835724783128, -0.5799938561519727, 0.6286123006928384, -0.06637823392150795], [-0.526248122595861, -0.1336853362705159, -0.6712982651179374, -0.4969765953016074, -0.17037842388726512, 0.26508916658258763, 0.7193075448912295, 0.49965998177860127, 0.1373826657593494, 0.14888156580758824, -0.08716165957409172, -0.06528780279655916]], "inverted": true, "swapped": true, "error_lsq": 0.04384929244088424, "error_max": 0.2587095590803831, "target": "735.xyz", "model": "5.xyz", "model_rescale": 3.6523030999806103, "target_rescale": 3.916671863335657},
{"mapping": [11, 4, 2, 10, 9, 3, 5, 1, 7, 8, 6, 0, 12], "R": [[0.2628649345231061, -0.20064659449903866, 0.9437388252658157], [0.5685491238181949, -0.7580581156858311, -0.319530572947895], [0.779521596880886, 0.6205552653541709, -0.08518945144493212]], "T": [0.03490899623867892, -0.023859864753027676, -0.08363167060544067], "aligned_model": [[0.4075770353383418, -0.018051303502982438, -0.403860524871998, 0.5496553571845221, 0.7359510696904744, -0.4609769553172423, -0.1497213316062141, -0.5680988358235883, 0.0660925924807652, 0.32526367136163503, 0.14144296393350891, -0.823239342701971, -0.021241693829652408], [-0.6408237051426263, -0.07034614348558826, 0.3570147437202673, 0.3293757990857822, -0.17789344525657708, -0.4623133941512879, -0.24178038092045978, 0.2831718574873745, -0.7023658298867065, 0.20958453038826597, 0.6152880590302421, -0.4336278732671923, -0.10621988754240304], [-0.5886496459551392, -0.652987301532008, -0.572126782324831, -0.551535283919508, 0.0028353318192169547, -0.29457319936558585, 0.5346933415523659, 0.0728545652209079, -0.009636411969434724, 0.4775287161627713, -0.031049284554197767, 0.20417961838516818, -0.04909680620742188]], "inverted": true, "swapped": false, "error_lsq": 0.05487387079841552, "error_max": 0.3195205914109029, "target": "735.xyz", "model": "6.xyz", "model_rescale": 4.08911054899281, "target_rescale": 3.916671863335657},
{"mapping": [8, 9, 1, 3, 4, 11, 7, 13, 10, 6, 0, 12, 14], "R": [[0.6797721878775796, -0.05582864887656533, 0.7312953811919956], [-0.5072944630766336, 0.6843176521020099, 0.5237954550713313], [-0.5296811307946687, -0.7270436802463867, 0.43685854311650046]], "T": [-0.04003254035635387, -0.12203340504120146, -0.02710067095176577], "aligned_model": [[0.3476117373285018, 0.0030894411535168087, -0.4285191494181514, 0.6271120412475003, 0.615758207995606, -0.4580956602188494, -0.07887408380988689, -0.7187168198841865, -0.07225467485271139, 0.2493780308718894, 0.28291091809086955, -0.5096422189574391, -0.07896506721106067], [-0.4512757248314413, 0.04348143918874077, 0.3941523675871456, 0.20423817817401518, -0.35354690363492625, -0.37441251210419063, 0.0560384055637511, -0.015006693431443799, -0.8289906673849928, 0.23320955679792693, 0.7298250073542191, -0.5846575487705211, -0.09399057444919179], [-0.48150179564481926, -0.7921514136858612, -0.37434188620585634, -0.3008092705401379, 0.08774480804991266, -0.3527677971497928, 0.7252760493868369, 0.2255402878720401, -0.16292431311267128, 0.17085620763188183, -0.2609830152644335, 0.24391144946740745, -0.1854124534922037]], "inverted": true, "swapped": false, "error_lsq": 0.05114788427616286, "error_max": 0.2862522210452879, "target": "735.xyz", "model": "7.xyz", "model_rescale": 3.964800864290218, "target_rescale": 3.916671863335657},
{"mapping": [8, 5, 3, 1, 7, 10, 4, 6, 9, 2, 0, 11, 13], "R": [[0.8105994491047754, -0.5049990966068588, -0.29648683872524806], [-0.37539268819490856, -0.05951840642401231, -0.9249529117455366], [0.44945396066875964, 0.8610653121122711, -0.2378185558701475]], "T": [-0.0003813159330110262, -0.05312474319396361, -0.06044629284042316], "aligned_model": [[0.33776429918738915, -0.07255045038159912, -0.4109872656411074, 0.6362630173739723, 0.678234468508302, -0.5015443091366597, -0.16400556756683207, -0.48332366076044486, -0.08486451429627427, 0.34396858896559934, 0.04986001916431099, -0.5574813055880861, 0.00945938250702788], [-0.5686721219146982, -0.15125282196430168, 0.4421977877997532, 0.21941156938236112, -0.23754858295715958, -0.4687047044600506, -0.02772819492891425, 0.1558766042418125, -0.7317478782410706, 0.29173689976485634, 0.6612443677594433, -0.5167959825945151, -0.10895261182842572], [-0.5197131266922772, -0.8876302017495391, -0.3951417365750184, -0.349458130604556, 0.05055654223964666, -0.5617076648256071, 0.6234217606811134, 0.18366628676404687, -0.13912256983523216, 0.38799803811510736, -0.07810851484165843, 0.34177492461677683, -0.11409874998049874]], "inverted": false, "swapped": false, "error_lsq": 0.046906874840002, "error_max": 0.2928117709542274, "target": "735.xyz", "model": "8.xyz", "model_rescale": 4.121658175737393, "target_rescale": 3.916671863335657},
{"mapping": [10, 11, 8, 3, 0, 7, 4, 6, 5, 1, 2, 9, 12], "R": [[-0.46125481144757324, 0.7078745942902221, -0.5349369660763008], [0.6440954567456662, -0.14751784533094991, -0.7505861229122918], [-0.6102335958598606, -0.69076193009413, -0.3878954941947341]], "T": [-0.04783641459570489, -0.08995069288346713, -0.1650946237989639], "aligned_model": [[0.47716145752143, -0.06162335380468053, -0.4661378797367632, 0.544260903145238, 0.6180382634990014, -0.5391330731920937, 0.007287279357065225, -0.5731878049108777, 0.09130681897148824, 0.13650083299245624, 0.2483201800121039, -0.675232376462595, -0.02676854505617469], [-0.5019084266305627, -0.08939298857125547, 0.42963410396167145, 0.18062129022775886, -0.1761149006350921, -0.41170965548502103, -0.34204946783975587, 0.23415554817052509, -0.6816997685155132, 0.26222903530092545, 0.5381954403575185, -0.43416971295540446, -0.04872616732670368], [-0.5272394711650454, -0.7997927282759287, -0.4576845430982106, -0.6110717081309525, 0.24479668557107426, -0.4972236251686132, 0.6843378359936113, 0.14977536730488777, -0.054685845538985145, 0.3978626871235599, -0.15671860901926965, 0.26043726723716304, -0.09035645552098749]], "inverted": false, "swapped": false, "error_lsq": 0.04223744142713267, "error_max": 0.24591744512672245, "target": "735.xyz", "model": "9.xyz", "model_rescale": 3.833441315466971, "target_rescale": 3.916671863335657},
{"mapping": [13, 0, 12, 8, 2, 1, 3, 6, 5, 7, 11, 4, 14], "R": [[-0.0675652692809493, 0.24696381078703972, 0.9666663387894173], [0.8321321549098764, 0.5484867879624649, -0.08196535972997337], [-0.5504461927854879, 0.7988561319738128, -0.2425651855807012]], "T": [-0.01769581632071321, 0.004933199240088046, -0.15918614163718398], "aligned_model": [[0.41080924540105934, -0.052653562128370135, -0.43560498078739046, 0.686552323770514, 0.48981597972279906, -0.5748273456737927, 0.1759712802040806, -0.6660759772850084, -0.06158065599196812, 0.0979872171051531, 0.09346243049261346, -0.4235801766860308, 0.04051692419193986], [-0.571933288201008, -0.28429365106352855, 0.34474669217012976, 0.32683824389773625, -0.44809835066757153, -0.2751436002293398, -0.185270804624316, 0.008203468255196758, -0.669502929966828, 0.44326793148277915, 0.6777427113578004, -0.4073434878234921, -0.00014860452846719718], [-0.5045772375861775, -0.7747742724317626, -0.4291838779021775, -0.2484669446059361, 0.0728579201109826, -0.5551285343074888, 0.6658213385623826, 0.04285850752086512, -0.1845875182619066, 0.329070015588646, -0.17674420567864457, 0.389629309498218, -0.08433764319469722]], "inverted": false, "swapped": false, "error_lsq": 0.052737330025134484, "error_max": 0.3011663547986104, "target": "735.xyz", "model": "10.xyz", "model_rescale": 4.2482417240324, "target_rescale": 3.916671863335657},
{"mapping": [0, 8, 6, 11, 3, 10, 4, 7, 5, 2, 1, 12], "R": [[0.6829874723523308, -0.20157774056878972, -0.7020644750426813], [-0.16021640496180115, -0.9791021707132673, 0.1252583046575511], [-0.7126421375353061, 0.026932393353533528, -0.7010105776643889]], "T": [0.09673437508531228, 0.14647603094182804, 0.08004497611936293], "aligned_model": [[-0.6814390584438228, -0.06490911074844576, 0.5831101051522403, 0.5774462185574277, -0.5964101855287074, 0.05022181884533117, -0.3147429596758872, 0.5637116662152453, 0.16284472049520965, 0.12880640837268265, -0.4534065591812125, -0.07846746169705464], [-0.23524445378586395, -0.6101313592621371, -0.09709411488250791, -0.45929144397813637, 0.5870929506251231, 0.9447929139825737, -0.0544777063955372, 0.14975490087599128, -0.23502861875506043, 0.48195868760451116, 0.09182060782079797, 0.10197902620088511], [0.06668436796964192, -0.009773475382168995, 0.6123786010769541, -0.22503130929551554, 0.14583830854461352, 0.12821210995298765, 0.6328420532753437, -0.11942274488391463, -0.6679992998593318, -0.5784577465289997, -0.44171526281965434, 0.021636687804400687]], "inverted": true, "swapped": true, "error_lsq": 0.05097948164283763, "error_max": 0.29845956441561017, "target": "735.xyz", "model": "11.xyz", "model_rescale": 3.6694154284099745, "target_rescale": 3.916671863335657},
{"mapping": [5, 6, 4, 0, 12, 11, 10, 8, 7, 2, 1, 9, 13], "R": [[0.8030123514603419, 0.21914944778335332, 0.5542063541122423], [-0.4235297037508634, -0.44438772594956, 0.7893935261110805], [0.41927765674173323, -0.8686156046040334, -0.26403253207802124]], "T": [-0.010858969707678419, -0.0868433548144673, -0.12702493898955028], "aligned_model": [[0.5457786866118067, -0.05443972727019241, -0.25905462662645223, 0.4241285123874825, 0.5918772463423989, -0.6879706974996198, 0.05094156633455004, -0.6153636358739493, 0.029552645286567085, -0.0005981647271200916, 0.2948637301728787, -0.5877118266664974, 0.048788993863745786], [-0.5573643253310696, -0.29979091627681936, 0.44649601522836063, 0.19836669181832056, -0.08204788902653375, -0.19346685059332375, -0.355775835368292, 0.14974049020982505, -0.8220124060872923, 0.3138922397360936, 0.6956693582011422, -0.5313261797493884, -0.0033160627019319655], [-0.46367806662680733, -0.649144548936529, -0.5760535371871153, -0.6171055284293827, 0.1867497534826125, -0.40121426617349176, 0.4451505602731344, 0.2618195597086015, -0.026731938766625385, 0.38835770772420597, -0.02367611776620257, 0.21114967071142918, -0.19318639070152638]], "inverted": true, "swapped": false, "error_lsq": 0.051904100843331344, "error_max": 0.3636356729386107, "target": "735.xyz", "model": "12.xyz", "model_rescale": 3.9764082729961374, "target_rescale": 3.916671863335657},
{"mapping": [7, 3, 11, 2, 0, 14, 5, 13, 4, 12, 10, 6, 15], "R": [[0.46452496585962366, 0.32504279488827315, 0.8237498027825775], [0.2584399962106997, 0.8399491613331092, -0.47717310772341326], [-0.8470096365754815, 0.434548717484043, 0.3061732968128415]], "T": [0.033389603252729896, -0.017379074952924414, -0.0371771194319597], "aligned_model": [[0.46282612245305593, -0.13114249867240707, -0.41615264424285336, 0.7513889819453319, 0.6576629653746813, -0.6777231695750794, 0.1211518830790503, -0.5165348382355874, 0.11914747892399292, -0.04158298738910972, -0.003423851411261322, -0.5554959589316694, 0.010671219017454096], [-0.47402486950352574, -0.2113146060512261, 0.3775562644565301, 0.12022860557722338, -0.3674594470466085, -0.15237653288005693, -0.4575346509337103, 0.19096228194958687, -0.7292742375817023, 0.45506257625938135, 0.7615176267346573, -0.45035600692050376, -0.10392267400095453], [-0.4591873008486501, -0.8395247027942624, -0.5591757249392628, -0.35623907636551466, 0.08461957971035576, -0.37614961130914093, 0.6709081558050187, 0.13210824273701682, 0.00423043984561558, 0.38518709756624814, -0.23239903575841608, 0.18509203437472063, -0.09703324071142516]], "inverted": true, "swapped": false, "error_lsq": 0.05287158669766317, "error_max": 0.33157867979224753, "target": "735.xyz", "model": "13.xyz", "model_rescale": 4.170626492500431, "target_rescale": 3.916671863335657},
{"mapping": [2, 4, 12, 6, 3, 8, 9, 10, 0, 11, 5, 7, 13], "R": [[0.9120838039604651, 0.05954104491225806, 0.405657489174999], [0.32674028095078195, -0.7032358332685398, -0.6314270754499737], [0.2476770545634214, 0.7084590508828715, -0.6608644716316114]], "T": [0.007836133104979163, -0.19225635242665046, -0.10348483198747005], "aligned_model": [[0.42149473971901424, -0.1376852676668389, -0.409514673048316, 0.6670604994060413, 0.6225141053191279, -0.6724455963412412, -0.06574580827900867, -0.4373994084947317, -0.04506102117908459, 0.24206063372945782, 0.1635490157122629, -0.6194674934364209, 0.05143297689533689], [-0.515390207179812, -0.13097373477046964, 0.36728351031462575, 0.2860429989685035, -0.25305859930104624, -0.2283224335138463, -0.07005326157435565, 0.008547772450589075, -0.782893997547103, 0.3584678716566106, 0.6709449532367355, -0.650404688446532, -0.1011258542348085], [-0.5002255991426012, -0.7949550723330939, -0.3235747404177323, -0.3135853611634466, 0.20302402869947783, -0.3992419945069845, 0.6939852558228427, 0.17895333983696193, -0.1683498438436074, 0.27268183778305766, -0.34401930445946904, 0.1289373382524383, -0.09119302721554016]], "inverted": true, "swapped": false, "error_lsq": 0.04159617216091279, "error_max": 0.2664977599915811, "target": "735.xyz", "model": "14.xyz", "model_rescale": 3.9786697098870705, "target_rescale": 3.916671863335657},
{"mapping": [4, 3, 8, 6, 0, 5, 10, 2, 7, 9, 1, 12], "R": [[0.6349412992834237, 0.5116034242826042, -0.5788881435360306], [0.4360138716430203, 0.3812676344401559, 0.8151851904096834], [0.6377628479294964, -0.7699980046667145, 0.01901637741886495]], "T": [0.1190558871335474, -0.11352321147794793, 0.02703024804933944], "aligned_model": [[-0.06669391592752552, -0.6914015532176363, 0.513712377707972, 0.6244209622516774, -0.19625744884884735, 0.4499597580427347, -0.4557901822979753, -0.06214499675054905, 0.4675417416236336, 0.11040379601781372, -0.2323013962536207, 0.02190545441965913], [-0.38239283009340547, -0.07760621330876945, 0.27962699895320464, -0.6655000487886347, 0.3017421085892182, 0.6455834848030703, -0.41144132661118826, 0.3349448602250973, -0.10480862560349534, -0.47296389272482253, 0.5533493389635192, 0.014140635820645134], [-0.6120994327921795, -0.11715754974763158, -0.5173316537579937, -0.11151421022616766, -0.6654833915727012, 0.1811284836449654, 0.4988248321134236, 0.5867138125020747, 0.3962829777003038, 0.16679597068302301, -0.07148406892218666, -0.07470927575110006]], "inverted": true, "swapped": true, "error_lsq": 0.05561174798816496, "error_max": 0.347938673080131, "target": "735.xyz", "model": "15.xyz", "model_rescale": 3.769337070930944, "target_rescale": 3.916671863335657},
{"mapping": [6, 4, 7, 9, 11, 8, 5, 0, 2, 10, 12], "R": [[-0.4836090276528535, -0.6238317748418084, -0.6139676091377957], [-0.8289910406720186, 0.5515475996325545, 0.0925694324552726], [0.28088460772741797, 0.5537410604581232, -0.783884350592948]], "T": [-0.12148049022076177, 0.05451610115191979, 0.04129174080609643], "aligned_model": [[-0.48636567465957525, -0.32457570709963335, -0.0780101000149852, -0.4874030360522509, 0.3713096074635317, 0.4458038736445278, 0.6639818419383248, 0.2982770490264006, 0.16545131628257584, -0.6355367153952194, -0.010306324442525938], [0.031371445376292974, -0.6293646101794999, 0.5103379121734113, 0.1577341924313851, 0.3366964284706302, -0.31623368553330444, 0.3571620176812116, -0.6669559337235159, 0.5671211706328565, 0.3097621889071927, -0.06156662861131817], [-0.6262335261925362, -0.03833310226430721, -0.17825942615455076, -0.023928158948761657, -0.5658670790643061, -0.34261418496308393, 0.010616208171683239, 0.2752247185994441, 0.4908573590812485, 0.6002094167321943, 0.14254538222675253]], "inverted": false, "swapped": true, "error_lsq": 0.052137545163316076, "error_max": 0.2487191022556536, "target": "735.xyz", "model": "16.xyz", "model_rescale": 3.7852294659196426, "target_rescale": 3.916671863335657},
{"mapping": [4, 5, 7, 1, 0, 6, 9, 11, 10, 8, 2, 10, 12], "R": [[0.18389597312112732, 0.7843056473797522, 0.5924921286886955], [-0.4766069468651256, 0.598321385532239, -0.6440941994884641], [-0.859667429457309, -0.16393953489933355, 0.48383441343837164]], "T": [0.12552362662906183, 0.03846542510234972, -0.1144161833214433], "aligned_model": [[0.44131579622006, 0.0589456211029314, -0.3806647373265256, 0.43531928915598295, 0.6137508851748475, -0.6411680021895276, -0.0354331807756009, -0.4699694510488598, -0.2882541539320802, 0.1672019611853076, 0.09941188360637693, -0.2882541539320802, 0.06859094509476657], [-0.5072139855710109, -0.1957053456792172, 0.32183982755760854, 0.2992967088463902, -0.32693347819031127, -0.271736236459184, -0.3075840266177406, 0.32504580095960134, -0.6418330227742015, 0.2670709726972345, 0.6447039798623603, -0.6418330227742015, -0.006053841798236849], [-0.4373650515371075, -0.7251046717114835, -0.507988658737995, -0.6714151448528015, 0.191957675263307, -0.4359004152301743, 0.6612154745072999, 0.20369033507210813, 0.009022244284350237, 0.4940312928750892, -0.1910974237201221, 0.009022244284350237, -0.05763104318451788]], "inverted": true, "swapped": false, "error_lsq": 0.055642086074187226, "error_max": 0.43086330425486746, "target": "735.xyz", "model": "17.xyz", "model_rescale": 3.901054581598922, "target_rescale": 3.916671863335657},
{"mapping": [7, 12, 13, 0, 1, 9, 4, 5, 6, 8, 2, 10, 14], "R": [[-0.26309638729842766, 0.40888695892553834, 0.8738373680560593], [0.7226477376996554, -0.5165620698159726, 0.4592862671853014], [0.6391874045912401, 0.7523131547753655, -0.15957562145845167]], "T": [-0.024786545044005806, -0.10031714487095879, -0.12362668045397238], "aligned_model": [[0.4226599425236425, -0.10749707357019597, -0.3858342752840145, 0.6567672111900088, 0.6010622450570765, -0.662122967584832, 0.03153154980832083, -0.4668717237070561, 0.21351347540337823, 0.05343794907680548, 0.07335289813707101, -0.5944848069421799, -0.05472172177242626], [-0.4252679115584027, -0.2792455470262964, 0.35535185567852384, 0.18437776268802886, -0.2923511668533551, -0.12325848904183374, -0.3336127819277636, 0.3174959355607231, -0.8121618582861765, 0.27825043171348274, 0.7182405102362348, -0.5107735107251781, -0.11798090039889628], [-0.48951691507340167, -0.8399497217211559, -0.5589570110390948, -0.29665212792563783, 0.1153749424821742, -0.28935416931683045, 0.6300147381479193, 0.018073607556560373, -0.10893145987980121, 0.41580428882606335, -0.18742414862966844, 0.29995708959488976, -0.1660022557097135]], "inverted": true, "swapped": false, "error_lsq": 0.052290323787409734, "error_max": 0.2925434551693538, "target": "735.xyz", "model": "18.xyz", "model_rescale": 3.9405287249114394, "target_rescale": 3.916671863335657},
{"mapping": [13, 11, 10, 14, 12, 5, 0, 6, 7, 1, 3, 8, 15], "R": [[0.4824712713963497, 0.143662243354018, -0.8640501328694308], [-0.5167268029389789, 0.8432021807998216, -0.14833574558712048], [0.707258710375243, 0.5180455985035642, 0.48105495992602787]], "T": [0.05844225295676028, -0.15150428171520014, -0.08122266745654322], "aligned_model": [[0.4477543425249404, -0.077621804773372, -0.08689449327709003, 0.5267444437826907, 0.5525002650571395, -0.7367633483457523, -0.1039027954498023, -0.5815118466205684, 0.03324390666979983, -0.05889026435466281, 0.34774872088986686, -0.5149055152190096, 0.0332910914514193], [-0.4534293511395015, -0.17471775724308908, 0.4306752928286296, 0.17367913442824784, 0.00828456149771345, -0.2594131634612381, -0.23923187974887936, 0.004619755648734236, -0.8540815306368615, 0.32624744872189543, 0.6485451701644633, -0.5273651482752664, -0.12474820272575714], [-0.5379580336601635, -0.7884432190864741, -0.5890102314285739, -0.6053293035613503, 0.09345780790774402, -0.29863096457580374, 0.5810629293648455, 0.27143508587319026, -0.04413086804730652, 0.358670260908035, -0.04058725146155745, 0.23857899178326875, -0.09667834670355081]], "inverted": true, "swapped": false, "error_lsq": 0.05518368542377301, "error_max": 0.3749674974536984, "target": "735.xyz", "model": "19.xyz", "model_rescale": 4.410303926677745, "target_rescale": 3.916671863335657},
{"mapping": [8, 5, 3, 1, 7, 10, 4, 6, 9, 2, 0, 11, 13], "R": [[0.8105994491047754, -0.5049990966068588, -0.29648683872524806], [-0.37539268819490856, -0.05951840642401231, -0.9249529117455366], [0.44945396066875964, 0.8610653121122711, -0.2378185558701475]], "T": [-0.0003813159330110262, -0.05312474319396361, -0.06044629284042316], "aligned_model": [[0.33776429918738915, -0.07255045038159912, -0.4109872656411074, 0.6362630173739723, 0.678234468508302, -0.5015443091366597, -0.16400556756683207, -0.48332366076044486, -0.08486451429627427, 0.34396858896559934, 0.04986001916431099, -0.5574813055880861, 0.00945938250702788], [-0.5686721219146982, -0.15125282196430168, 0.4421977877997532, 0.21941156938236112, -0.23754858295715958, -0.4687047044600506, -0.02772819492891425, 0.1558766042418125, -0.7317478782410706, 0.29173689976485634, 0.6612443677594433, -0.5167959825945151, -0.10895261182842572], [-0.5197131266922772, -0.8876302017495391, -0.3951417365750184, -0.349458130604556, 0.05055654223964666, -0.5617076648256071, 0.6234217606811134, 0.18366628676404687, -0.13912256983523216, 0.38799803811510736, -0.07810851484165843, 0.34177492461677683, -0.11409874998049874]], "inverted": false, "swapped": false, "error_lsq": 0.046906874840002, "error_max": 0.2928117709542274, "target": "735.xyz", "model": "20.xyz", "model_rescale": 4.121658175737393, "target_rescale": 3.916671863335657},
{"mapping": [11, 4, 2, 10, 9, 3, 5, 1, 7, 8, 6, 0, 12], "R": [[0.2628649345231061, -0.20064659449903866, 0.9437388252658157], [0.5685491238181949, -0.7580581156858311, -0.319530572947895], [0.779521596880886, 0.6205552653541709, -0.08518945144493212]], "T": [0.03490899623867892, -0.023859864753027676, -0.08363167060544067], "aligned_model": [[0.4075770353383418, -0.018051303502982438, -0.403860524871998, 0.5496553571845221, 0.7359510696904744, -0.4609769553172423, -0.1497213316062141, -0.5680988358235883, 0.0660925924807652, 0.32526367136163503, 0.14144296393350891, -0.823239342701971, -0.021241693829652408], [-0.6408237051426263, -0.07034614348558826, 0.3570147437202673, 0.3293757990857822, -0.17789344525657708, -0.4623133941512879, -0.24178038092045978, 0.2831718574873745, -0.7023658298867065, 0.20958453038826597, 0.6152880590302421, -0.4336278732671923, -0.10621988754240304], [-0.5886496459551392, -0.652987301532008, -0.572126782324831, -0.551535283919508, 0.0028353318192169547, -0.29457319936558585, 0.5346933415523659, 0.0728545652209079, -0.009636411969434724, 0.4775287161627713, -0.031049284554197767, 0.20417961838516818, -0.04909680620742188]], "inverted": true, "swapped": false, "error_lsq": 0.05487387079841552, "error_max": 0.3195205914109029, "target": "735.xyz", "model": "21.xyz", "model_rescale": 4.08911054899281, "target_rescale": 3.916671863335657},
{"mapping": [5, 8, 0, 10, 9, 1, 3, 4, 15, 13, 7, 2, 16], "R": [[-0.4620562211424583, -0.8857078423796354, 0.04500740439931139], [-0.42391910167635183, 0.26515696998752003, 0.8660163835060817], [-0.7789715294781107, 0.38106875916853755, -0.4979859004512924]], "T": [0.03419662943314118, -0.12667790185064665, -0.142167339931134], "aligned_model": [[0.5590549735606994, -0.06989242119654966, -0.49495689724593517, 0.7127480336999961, 0.7014751173809813, -0.6065903841347917, -0.11119205262162422, -0.49206312288464027, -0.11400096635033803, 0.0249404508930133, 0.21765719737434153, -0.5568846558640338, 0.010497429724479593], [-0.3054789862582194, -0.24824212609643057, 0.4131731355950585, 0.2365468555172271, -0.362718252709949, -0.418686790696591, -0.0704953226047062, 0.13047904966022467, -0.814663527406622, 0.3373648559767263, 0.560340665413856, -0.4105173752421877, -0.08803785108929578], [-0.5783816734445132, -0.8168151198745677, -0.31139145390773737, -0.38459501289250475, -0.061099566736230765, -0.5083929443660045, 0.7122239476029382, 0.23626780807684616, 0.04814889565196981, 0.32826714870148915, -0.15416301640043367, 0.16001124450116033, -0.12764339960010848]], "inverted": true, "swapped": false, "error_lsq": 0.04432258687982149, "error_max": 0.25523324169218614, "target": "735.xyz", "model": "22.xyz", "model_rescale": 4.204369325754507, "target_rescale": 3.916671863335657},
{"mapping": [13, 11, 10, 14, 12, 5, 0, 6, 7, 1, 3, 8, 15], "R": [[0.4824712713963497, 0.143662243354018, -0.8640501328694308], [-0.5167268029389789, 0.8432021807998216, -0.14833574558712048], [0.707258710375243, 0.5180455985035642, 0.48105495992602787]], "T": [0.05844225295676028, -0.15150428171520014, -0.08122266745654322], "aligned_model": [[0.4477543425249404, -0.077621804773372, -0.08689449327709003, 0.5267444437826907, 0.5525002650571395, -0.7367633483457523, -0.1039027954498023, -0.5815118466205684, 0.03324390666979983, -0.05889026435466281, 0.34774872088986686, -0.5149055152190096, 0.0332910914514193], [-0.4534293511395015, -0.17471775724308908, 0.4306752928286296, 0.17367913442824784, 0.00828456149771345, -0.2594131634612381, -0.23923187974887936, 0.004619755648734236, -0.8540815306368615, 0.32624744872189543, 0.6485451701644633, -0.5273651482752664, -0.12474820272575714], [-0.5379580336601635, -0.7884432190864741, -0.5890102314285739, -0.6053293035613503, 0.09345780790774402, -0.29863096457580374, 0.5810629293648455, 0.27143508587319026, -0.04413086804730652, 0.358670260908035, -0.04058725146155745, 0.23857899178326875, -0.09667834670355081]], "inverted": true, "swapped": false, "error_lsq": 0.05518368542377301, "error_max": 0.3749674974536984, "target": "735.xyz", "model": "23.xyz", "model_rescale": 4.410303926677745, "target_rescale": 3.916671863335657},
{"mapping": [13, 7, 1, 0, 5, 11, 8, 10, 14, 4, 3, 9, 16], "R": [[-0.9511564050636637, 0.25565931642003975, -0.1730312313832556], [-0.039427568090996255, -0.656512271940877, -0.753284211745778], [-0.30618125347708275, -0.7096689021780976, 0.6345258775657115]], "T": [0.052672938496846816, -0.20035579349040505, -0.12463433663430898], "aligned_model": [[0.27437534805842145, 0.027921705555666587, -0.3512433975096051, 0.5069032019533223, 0.6086207304379397, -0.5166551211476799, -0.1632321692258427, -0.4402609383865551, -0.12967008223724816, 0.21719591948424619, 0.07266160764541348, -0.3749943706427594, 0.04917026835027955], [-0.6726588909561855, -0.10401780777392683, 0.4077806183881714, 0.2963143693780121, -0.19398985258671697, -0.34749383399933576, -0.06044627801529234, 0.10778480745686375, -0.851605266553848, 0.22384891786320155, 0.6939592942519117, -0.45977539126015676, -0.08063635613360709], [-0.595765368883256, -0.7819297539759188, -0.5755856063130966, -0.4672411494134603, 0.16944653805863422, -0.3590217171550044, 0.656081347333438, 0.16836653255240555, -0.15247561244539107, 0.3919573053650304, -0.029492539425180625, 0.25248915589122, -0.1343922742771173]], "inverted": false, "swapped": false, "error_lsq": 0.04380724863018358, "error_max": 0.27443527915902255, "target": "735.xyz", "model": "24.xyz", "model_rescale": 4.28219845311461, "target_rescale": 3.916671863335657},
{"mapping": [13, 2, 0, 14, 12, 4, 5, 1, 7, 8, 6, 3, 15], "R": [[0.035552214177640526, 0.3591414997700174, 0.9326057169082815], [-0.8289041557248147, 0.531892194933516, -0.17322988654080157], [-0.5582597430311447, -0.7668820483697276, 0.31660382688630173]], "T": [0.06451593619935272, -0.1511219189941872, -0.05671005085332938], "aligned_model": [[0.2987362438388921, 0.12800840313801684, -0.4608608844911113, 0.6865222448692164, 0.7673502971525613, -0.5297005131716985, -0.013995760398226725, -0.45932399668795465, -0.12726881484475902, -0.013240921586695237, 0.055534225053351344, -0.5668130989861937, 0.015845278450199375], [-0.51451334074354, 0.0646045596145049, 0.3200963926827749, 0.19184996134967497, -0.4512054072071309, -0.3392917690805438, -0.011944767464685702, 0.05273832086772928, -0.8888837348133531, 0.41329302080280356, 0.7229907285295674, -0.48772663738072036, -0.11294299709799038], [-0.4641459096399954, -0.7034022631591955, -0.4659614052277525, -0.33170653476342327, -0.07655095301202845, -0.4390024675202715, 0.7797983561000291, 0.2497375403637242, -0.21314571857773373, 0.3399455979530674, -0.27589842478069754, 0.24021798378037484, -0.09744894420379374]], "inverted": false, "swapped": false, "error_lsq": 0.048762880764740495, "error_max": 0.28317512338788736, "target": "735.xyz", "model": "25.xyz", "model_rescale": 4.100010024507729, "target_rescale": 3.916671863335657},
{"mapping": [0, 8, 6, 11, 3, 10, 4, 7, 5, 2, 1, 12], "R": [[0.6829874723523308, -0.20157774056878972, -0.7020644750426813], [-0.16021640496180115, -0.9791021707132673, 0.1252583046575511], [-0.7126421375353061, 0.026932393353533528, -0.7010105776643889]], "T": [0.09673437508531228, 0.14647603094182804, 0.08004497611936293], "aligned_model": [[-0.6814390584438228, -0.06490911074844576, 0.5831101051522403, 0.5774462185574277, -0.5964101855287074, 0.05022181884533117, -0.3147429596758872, 0.5637116662152453, 0.16284472049520965, 0.12880640837268265, -0.4534065591812125, -0.07846746169705464], [-0.23524445378586395, -0.6101313592621371, -0.09709411488250791, -0.45929144397813637, 0.5870929506251231, 0.9447929139825737, -0.0544777063955372, 0.14975490087599128, -0.23502861875506043, 0.48195868760451116, 0.09182060782079797, 0.10197902620088511], [0.06668436796964192, -0.009773475382168995, 0.6123786010769541, -0.22503130929551554, 0.14583830854461352, 0.12821210995298765, 0.6328420532753437, -0.11942274488391463, -0.6679992998593318, -0.5784577465289997, -0.44171526281965434, 0.021636687804400687]], "inverted": true, "swapped": true, "error_lsq": 0.05097948164283763, "error_max": 0.29845956441561017, "target": "735.xyz", "model": "26.xyz", "model_rescale": 3.6694154284099745, "target_rescale": 3.916671863335657},
{"mapping": [7, 3, 12, 9, 8, 6, 4, 2, 5, 10, 11, 0, 13], "R": [[-0.21949606655971612, -0.9499382906729921, -0.22234819693014607], [-0.18886082946720067, 0.26496721414879987, -0.9455812828727024], [0.957158849856059, -0.1655585073002846, -0.23756539479210345]], "T": [0.00842053389725304, -0.14968814594491112, -0.1051640226615613], "aligned_model": [[0.30334080981145783, 0.06977989950650504, -0.2775671509961849, 0.4869740348339562, 0.5698521959469947, -0.5699027309522422, 0.041398456147644175, -0.5228038081516571, -0.0037862701953202023, 0.2678656913820795, -0.11444844996939267, -0.43337130304111593, -0.036538671987125626], [-0.5260371074878839, -0.14753172769675305, 0.42351657502017126, 0.22377449623875997, -0.2903180455196537, -0.13111771382855514, -0.18662932091255346, 0.1830712293937317, -0.9320296882458803, 0.23764978814933183, 0.6991034786571673, -0.4711231968224038, -0.12326443688638775], [-0.5144463393070022, -0.9108076153537094, -0.5735444292864365, -0.4156084413660519, 0.16571401746667044, -0.4744711742159605, 0.7152495171614863, 0.15789783839439195, 0.012186754264442823, 0.2750309996124215, -0.08003515372293904, 0.26690159522747037, -0.08163071156248071]], "inverted": true, "swapped": false, "error_lsq": 0.05086289541777871, "error_max": 0.31726533180589445, "target": "735.xyz", "model": "27.xyz", "model_rescale": 4.103607728864725, "target_rescale": 3.916671863335657},
{"mapping": [12, 13, 8, 2, 3, 11, 9, 5, 10, 0, 1, 6, 14], "R": [[-0.006307072066325914, 0.5401519089933116, 0.8415439002528814], [-0.2825052420341383, -0.8082413792502666, 0.5166591343340983], [0.9592450203494325, -0.2344819568293222, 0.15769338241127545]], "T": [-0.07634558505106373, -0.17370480982544673, -0.15368968470862016], "aligned_model": [[0.6138523804641409, -0.086256724506742, -0.46612005887866104, 0.531109355117001, 0.6365030505850009, -0.6581555605510191, -0.14326405675338733, -0.4078881124355471, -0.035177244907743876, 0.3033541574782267, 0.09511838882870219, -0.6013739516366667, -0.0009089204677058538], [-0.439945515085623, -0.2701940995648756, 0.3327796858054943, 0.16661004979481497, -0.22639076358868615, -0.39430917655593545, -0.3397842698496708, 0.20579821699898831, -0.6471087275660629, 0.23301550279594557, 0.6974477909968584, -0.3186208633664113, -0.04023350075574578], [-0.5896211843573289, -0.7943644221799611, -0.6673328410384898, -0.39139748478917236, 0.07566128109415951, -0.4450521724236121, 0.6450990590503782, 0.37659082176740516, 0.03061759877044415, 0.29363394959432426, -0.0330493771130181, 0.16974781243485482, -0.12809618349768037]], "inverted": true, "swapped": false, "error_lsq": 0.048354759397451264, "error_max": 0.25916179859997146, "target": "735.xyz", "model": "28.xyz", "model_rescale": 4.137296879288765, "target_rescale": 3.916671863335657},
