[{"mapping": [6, 12, 9, 8, 7, 0, 3, 2, 5, 1, 10, 13], "R": [[-0.26576319182999947, -0.9565041968899434, -0.12028984662163014], [0.956712532946877, -0.24632905822626566, -0.15499394948104203], [0.11862147853867647, -0.15627449057759055, 0.9805647497355863]], "T": [0.010380758650433813, -0.02067054171792569, 0.023559328183062812], "aligned_model": [[-0.25922135764936566, 0.23194319144510192, 0.4181824653304587, -0.21851868495712015, -0.15163346314870585, -0.6279378140133028, 0.4039353964420083, -0.2481331645731943, 0.8068138071512153, -0.0418829215240546, -0.5482499388134925, 0.07234494677100042], [-0.2028071442421236, -0.6546426558602857, -0.24669582337898188, 0.6314732776749646, 0.3538409868674934, -0.5518863386327982, -0.2141685822539518, -0.4413115992622521, -0.11701095748099523, 0.3918492318539023, 0.09314156900100805, 0.011773071691077469], [-0.5020127660209919, -0.06441749481155556, -0.6077836364090493, -0.05146135828278758, -0.6604284104954867, 0.0804316460803011, 0.502730604546378, 0.6486676670448466, -0.011888052647119944, 0.5392669393902187, 0.26181894347814216, 0.04702766348066717]], "inverted": true, "swapped": true, "error_lsq": 0.042783792914061335, "error_max": 0.33755608755280564, "target": "736.xyz", "model": "0.xyz", "model_rescale": 3.751011558992144, "target_rescale": 4.021910411243348},
{"mapping": [2, 12, 13, 9, 11, 10, 8, 1, 7, 4, 3, 6, 5, 14], "R": [[0.9113926580517259, -0.04697662705143907, -0.4088479171529191], [-0.3803388872338894, 0.28329074434679663, -0.8803912113515928], [0.1571806403699163, 0.9578828480969415, 0.2403220664329331]], "T": [0.0065551021478268, 0.01602974152050351, 0.07088950737675588], "aligned_model": [[0.3122740637397858, -0.4697752515815277, 0.18803866285333298, 0.28646086458992853, -0.32143767352168556, 0.41384273387756876, 0.47615430238517303, -0.3278295883500488, -0.6541622659190863, 0.3179119800455241, -0.35088835102572435, -0.48373640839284837, 0.5726394933507851, -0.009695470458971282], [-0.7210843950771573, 0.13035893568232704, -0.20843845741684175, 0.36936922687474555, 0.7033289621864653, 0.7169676323545995, -0.2801742666915865, -0.14538440879669073, -0.0037683737586654067, 0.2607378569417032, -0.4962904074513508, 0.47343005732081894, -0.06857473576585668, 0.0424958817365952], [-0.14575944401495483, -0.48769202969333686, -0.595578753803065, -0.4097284215185352, -0.16737821873663628, 0.1944071432102188, 0.4344249647882851, 0.6606503913575897, 0.123211758507304, 0.7555418299044835, -0.3686194598282369, 0.40871332398484456, -0.17906367114893956, 0.02573117752078305]], "inverted": true, "swapped": false, "error_lsq": 0.03847105738325381, "error_max": 0.328973563167172, "target": "736.xyz", "model": "1.xyz", "model_rescale": 3.9405287249114394, "target_rescale": 4.021910411243348},
{"mapping": [5, 11, 4, 6, 8, 3, 9, 7, 10, 2, 0, 12, 13], "R": [[0.5046072490092486, 0.4420243653554391, -0.7416103995221748], [-0.07517824755897706, -0.8332330197166329, -0.547787336425243], [-0.8600696223802347, 0.3321704310832355, -0.3872248046970882]], "T": [-0.04045507232413038, -0.11448888905713694, -0.023439504400365258], "aligned_model": [[-0.43393324424705043, 0.2743165329134086, -0.3540102380274831, 0.3836438614346848, 0.440631477948547, -0.671975646976133, 0.12326234671936598, 0.722089335538212, 0.1009901525186469, -0.5855096694908337, -0.04346973430704885, -0.38919321538547913, -0.0708586793549057], [0.58236931718138, 0.5687940471361708, 0.3426711579779228, -0.1737014939382388, -0.14306202321223035, -0.00852198758435202, 0.4587603444714564, 0.10863732053318986, -0.6819257696189809, -0.6944662230774745, -0.8176141490292428, -0.0206459341261888, -0.062462013141394664], [0.042946954155598724, -0.3248376509001183, -0.5814949600827254, 0.4223396237631846, -0.524492322978698, -0.13245618337037038, 0.4870166855137882, 0.032125236244104335, -0.22293319333139594, 0.009279927702352458, 0.42207263263370626, 0.549557600220768, -0.06600399998155058]], "inverted": true, "swapped": true, "error_lsq": 0.04334814068486607, "error_max": 0.2457909895221137, "target": "736.xyz", "model": "2.xyz", "model_rescale": 3.932901565614263, "target_rescale": 4.021910411243348},
{"mapping": [8, 5, 9, 12, 6, 10, 3, 0, 4, 1, 7, 2, 11, 13], "R": [[0.546525961055413, 0.7235483017372406, 0.4216482289131692], [0.8226339478928226, -0.5581137886383489, -0.108546702879532], [0.1567889079837164, 0.40618573828348953, -0.9002390706631047]], "T": [0.04265684220575984, -0.021077113350548272, 0.06560468004464517], "aligned_model": [[0.4611827100442999, -0.37554451477566675, 0.07108033539180066, 0.1356693252234787, -0.20486889286818655, 0.4458929828557211, 0.20864282137958046, -0.28518927117058906, -0.823324298367131, 0.1869981624232519, -0.3591900412358142, -0.4857315911759601, 0.9356817573081774, 0.038497606559243704], [-0.5745914131646908, 0.19148435221130009, -0.21667686066928496, 0.45313573885027003, 0.6017843930297547, 0.5633445549247902, -0.4074831065384429, -0.16067939920776508, 0.014526599302183335, 0.35331550811505785, -0.532082281976621, 0.44914531728467844, -0.02483131488913084, 0.06258142086700622], [-0.17365405727369268, -0.4791199605140132, -0.6420151213125488, -0.5256656971686723, -0.06655739858428938, -0.029249781238035275, 0.3551293615959833, 0.6330361357029203, 0.1753108528663794, 0.6883119701755189, -0.22958228994704574, 0.5059413493945993, 0.051423518436511856, -0.014448291603812016]], "inverted": false, "swapped": false, "error_lsq": 0.047364188378513646, "error_max": 0.27080103994115806, "target": "736.xyz", "model": "3.xyz", "model_rescale": 3.9243930471874484, "target_rescale": 4.021910411243348},
{"mapping": [1, 8, 4, 3, 5, 10, 2, 11, 9, 6, 12, 0, 13], "R": [[0.2967295981499589, 0.9548898287106187, 0.011703016994338178], [0.1786841082507104, -0.06755581869309377, 0.9815845357478666], [0.9380956960995039, -0.28917404168720207, -0.19066944845432365]], "T": [-0.05366049316160047, -0.03114063147533032, -0.09857283386285011], "aligned_model": [[-0.07203283590296122, -0.31934932980081576, 0.5318387340397732, 0.39559028109307853, 0.7385730163886383, -0.5896280035728242, -0.22671197728637632, 0.3496679992485732, 0.29738635334807817, -0.3669075951151188, 0.18717116671535, -0.657187102232523, 0.008795179388480123], [-0.5637880282255225, -0.0027756807629272795, -0.32466172432495194, -0.46097461464096046, 0.08791446186056508, -0.3284583122068795, -0.6638446567871683, 0.3494921141434633, 0.6457567974057463, 0.4706566945406371, 0.10117152524075244, -0.13328958062119545, -0.04936944193997181], [-0.4920288083600766, -0.7403823784400443, -0.5342034860903535, 0.08943872285036918, -0.04347705945262389, -0.17686792619882313, 0.35338688038547716, -0.6895401910350437, 0.08732924033444349, 0.08076139605261064, 0.520494270178629, 0.4655162619138079, -0.1333566067674085]], "inverted": false, "swapped": true, "error_lsq": 0.03801678320186802, "error_max": 0.2204847546636074, "target": "736.xyz", "model": "4.xyz", "model_rescale": 3.8936222436046832, "target_rescale": 4.021910411243348},
{"mapping": [12, 3, 5, 9, 4, 1, 10, 8, 7, 6, 11, 13], "R": [[0.1209986095788391, -0.4100284442578678, 0.9040110681730953], [-0.702744411799675, 0.6078154516828677, 0.369744057937218], [-0.7010774765775298, -0.6800272432741385, -0.21460037334696996]], "T": [-0.10284232461600148, -0.19038638345762204, 0.051428985827421524], "aligned_model": [[-0.025041442340769354, -0.6492477899766846, -0.26139452545587194, 0.4211685521935249, -0.6058160869192127, -0.6189185467732239, -0.20107520363025166, -0.022920625459773164, 0.5691260032814338, 0.4859765915532428, 0.07923526125237249, -0.14354414550968983], [-0.6343806107569956, -0.2760024056220177, 0.08113248709283793, -0.09378030554959582, 0.36672396221656955, 0.0544172720831573, -0.37948490178056515, 0.2963916033083674, 0.19380157577358492, -0.37211261460339085, 0.5711889934541517, -0.13897215050629594], [-0.45410699050094994, -0.2892215989114116, -0.6874771623437825, -0.5248204962179835, -0.18390800518448355, 0.38698062010734197, 0.6314127345864107, 0.5413007378789495, 0.2390586691284636, 0.0999359974160072, -0.1574927102127132, 0.01762292352966951]], "inverted": false, "swapped": true, "error_lsq": 0.04673603893457809, "error_max": 0.3284157771026521, "target": "736.xyz", "model": "5.xyz", "model_rescale": 3.6523030999806103, "target_rescale": 4.021910411243348},
{"mapping": [2, 3, 1, 10, 8, 12, 4, 6, 5, 9, 11, 7, 13], "R": [[-0.60636728416849, -0.7916102974934156, 0.07531170953122543], [-0.7932100548719005, 0.6088130076366656, 0.012826947513497389], [-0.056004692127056374, -0.05196016392182877, -0.9970775375190086]], "T": [0.13894369070902082, -0.12959389352758016, 0.0684100335891533], "aligned_model": [[0.1285627459737563, -0.3558801341986295, 0.2853639344007405, 0.6621174828756057, 0.6152673641187665, -0.30302111029514056, -0.2597256461600975, 0.37784042608352375, -0.6190027843666627, -0.24222918070452668, -0.021527892412253252, 0.5207909617460803, 0.09252673760313189], [-0.49874096734719675, -0.07436621853671826, 0.3177465705873448, -0.1922482177300766, 0.3657503754198274, -0.6399185268700571, 0.5249590165495495, -0.48891516131586193, 0.0735189003527365, -0.2948569260365296, 0.4904290363271146, 0.03024953794487109, -0.0727805151818204], [0.774208487103921, 0.485580433940202, 0.5345709687958967, 0.3911370324979129, -0.03677757606334485, 0.013762455440892538, 0.2455012245363608, -0.37419774496975383, -0.10219455938491435, -0.5974570485266056, -0.42819646509486897, -0.6120232539474177, 0.07619578515350871]], "inverted": false, "swapped": true, "error_lsq": 0.05537231406713469, "error_max": 0.3055814199512714, "target": "736.xyz", "model": "6.xyz", "model_rescale": 4.08911054899281, "target_rescale": 4.021910411243348},
{"mapping": [2, 9, 0, 3, 8, 4, 7, 12, 11, 5, 1, 10, 6, 14], "R": [[0.12494466660443926, 0.26549011194757943, -0.9559831749278683], [-0.9694883205549862, 0.237489266934658, -0.06075561207255767], [0.21090572916489936, 0.934405612434397, 0.2870625800352976]], "T": [-0.04260013900181466, 0.02208854561222659, 0.09627746834826689], "aligned_model": [[0.3057205253876318, -0.46998824815844886, 0.32801805008306895, 0.31655537507174075, -0.23224460070600697, 0.35907871283796694, 0.5103047311695323, -0.33147961877654814, -0.6225025218152722, 0.2903046460172975, -0.32456824854200383, -0.4251690455419815, 0.4092816609020494, -0.16351432633681995], [-0.672326810333556, 0.19042557632634313, -0.20323002143470792, 0.3831671798648163, 0.6477020541425962, 0.6001292124576388, -0.3530833475709123, -0.11168437512376167, -0.018075649062328406, 0.32407289771721803, -0.46853636585037683, 0.48177384477389407, -0.053847994385243375, 0.026487306617485752], [-0.11959187055200649, -0.5389857496564133, -0.7383061909497367, -0.5095946079703385, -0.09812337880583438, 0.13332577680952892, 0.4872138054207321, 0.7339728265358888, 0.17770919945215072, 0.7114856321257279, -0.3703350478898207, 0.4982791548936003, -0.10166052007824047, -0.016528438805433976]], "inverted": false, "swapped": false, "error_lsq": 0.04347211315981071, "error_max": 0.3483397025951033, "target": "736.xyz", "model": "7.xyz", "model_rescale": 3.964800864290218, "target_rescale": 4.021910411243348},
{"mapping": [5, 9, 8, 7, 12, 2, 3, 6, 11, 0, 10, 4, 1, 13], "R": [[-0.11654230153312867, 0.7530736821067918, 0.6475321777884713], [-0.8312577502288201, -0.4307612315993447, 0.35136208394694], [0.5435332967150055, -0.4973175953745601, 0.676200240086458]], "T": [0.02647536841398796, 0.06853065463590682, 0.0789138649037056], "aligned_model": [[0.285151677058545, -0.4022540897689457, 0.14563063854942915, 0.3192190571871492, -0.33830409971083386, 0.2647489475141075, 0.19785862935013923, -0.2780411501855256, -0.8009911259560688, 0.49641016571211705, -0.33543701036427237, -0.36970141180398713, 0.7422492571231842, 0.023257606887168193], [-0.6556509987705234, -0.03535558745264836, -0.11572183888453161, 0.5431265862381245, 0.5539827696177477, 0.6284972642695419, -0.44504016004901026, -0.0026445078626444185, 0.09525904041071873, 0.07299550587171696, -0.6221624248704906, 0.5428055020829163, 0.182556645309515, 0.030325712228672946], [-0.2492906798301167, -0.4495323737805153, -0.657910823633352, -0.36370673939733517, -0.37047140519623795, 0.34020264260440053, 0.5614441664156092, 0.5674930389603529, 0.12036405890182615, 0.6195622940279857, -0.18011608127291362, 0.41536701603930776, -0.11547158945286974, 0.01092706614366211]], "inverted": true, "swapped": false, "error_lsq": 0.048564936894501205, "error_max": 0.2512529306897231, "target": "736.xyz", "model": "8.xyz", "model_rescale": 4.121658175737393, "target_rescale": 4.021910411243348},
{"mapping": [12, 9, 6, 0, 5, 3, 11, 1, 8, 4, 2, 10, 13], "R": [[0.7908990442554857, 0.5365286032193533, -0.29430555503294364], [-0.3390350411231357, 0.7845533832817433, 0.5191639718545614], [0.5094447395806467, -0.3108263931982932, 0.8024045180611505]], "T": [0.02550083186320721, 0.015332698276189778, -0.08490488952530634], "aligned_model": [[-0.5272533943422272, -0.23062161526294936, 0.2353611348165381, 0.09283072928934769, -0.5771136943981224, -0.5084274292043015, 0.17549950219883553, 0.19421015635885044, 0.6408932895301287, -0.1837392169686107, -0.25268841344864795, 0.41971346254271735, -0.001927014676361881], [0.20389964072933844, -0.3628375930760356, 0.13714760926931455, 0.8140979951341614, -0.5149637557449281, 0.012522878569859182, -0.7799685370351571, -0.015049656221160133, -0.23523756001129587, -0.5322216969136916, 0.6702038630811064, 0.4335258479261828, -0.04073159629598468], [-0.4279147263319993, -0.7231619863740135, -0.6534159712136911, -0.30921710294749183, -0.1069275336179431, 0.28502020242822934, -0.12725959504949547, 0.5549954718385124, 0.11959764973132692, 0.43963379201715475, 0.27326167006239743, 0.14203119921874882, -0.04556763580264672]], "inverted": true, "swapped": true, "error_lsq": 0.035859215042831204, "error_max": 0.1952679590926039, "target": "736.xyz", "model": "9.xyz", "model_rescale": 3.833441315466971, "target_rescale": 4.021910411243348},
{"mapping": [10, 2, 8, 9, 3, 7, 12, 1, 5, 6, 13, 4, 11, 14], "R": [[-0.8519366737653012, -0.5177941080727733, 0.07805873134272667], [0.5128336296324938, -0.7948907666140584, 0.32426892769686805], [-0.10585637539457357, 0.31628773418650896, 0.9427388275612114]], "T": [0.028713082554129098, -0.009971202840696906, 0.10108232311778512], "aligned_model": [[0.4037082173912506, -0.4350612104023904, 0.35002686645870873, 0.06169694086884565, -0.19236219889416364, 0.4484003543998531, 0.380265304301003, -0.23391052325567854, -0.6441185257145544, 0.02796694982463173, -0.5374062179752344, -0.40115779552766906, 0.7011356211026858, 0.020613309014917713], [-0.6712444429994913, 0.16303439277944826, -0.14546041687241654, 0.37440441317499623, 0.7889016364091697, 0.48246351007489163, -0.23222447538749633, -0.368377528169894, -0.05580776410700231, 0.24486363136151856, -0.40997815209518756, 0.5553377505176689, -0.012528349513845408, 0.0595893029667462], [-0.2117283132394979, -0.4201016405691591, -0.5960256222757014, -0.6124144024780271, -0.15824325677946885, -0.05792907316641607, 0.5370118765296267, 0.6911523872197539, 0.15238376591297118, 0.7305965950830796, -0.2928591947892697, 0.46377971147382446, -0.013715201665536775, 0.036952959273624866]], "inverted": true, "swapped": false, "error_lsq": 0.054427371000688875, "error_max": 0.3842329564369137, "target": "736.xyz", "model": "10.xyz", "model_rescale": 4.2482417240324, "target_rescale": 4.021910411243348},
{"mapping": [2, 12, 6, 9, 1, 8, 10, 11, 5, 4, 3, 13], "R": [[-0.06260340168922471, 0.16474749670067412, 0.9843470304866062], [-0.9777090273709568, 0.1879298544948352, -0.09363454270133587], [-0.2004142507265284, -0.9682668186612675, 0.1493100665906782]], "T": [-0.013450728928405355, 0.022325519796956517, 0.10095019939964148], "aligned_model": [[-0.7695655122833943, -0.03441247922783648, 0.36039559292919876, 0.6235582863153614, -0.4032821783520313, 0.16212725110777385, -0.3516011856035933, 0.5802099289510112, 0.20176515071249387, -0.07443100994829094, -0.40695410343912297, -0.011044138798562763], [-0.2126388325177872, -0.6319345597538154, -0.25384863365339067, -0.38325955203037443, 0.5483804057551992, 0.6561742736265143, 0.23993561338200098, 0.43452792223305636, -0.15200990630526207, 0.45432381020330204, -0.08712858371072486, 0.0536094328219212], [0.18819107651794703, -0.07298895045125897, 0.5084447808334919, -0.11283441854571888, 0.00017275098056265814, 0.32616731697540224, 0.5700868669030048, -0.2657291970522698, -0.6527956978479134, -0.553570178108907, -0.40413073489128537, 0.03417867454130091]], "inverted": false, "swapped": true, "error_lsq": 0.04817243758392448, "error_max": 0.24092141740381495, "target": "736.xyz", "model": "11.xyz", "model_rescale": 3.6694154284099745, "target_rescale": 4.021910411243348},
{"mapping": [5, 4, 0, 1, 3, 2, 7, 9, 11, 10, 6, 8, 12, 13], "R": [[0.9378123883527939, -0.16443456395520756, 0.30572732692530097], [-0.2702245794874475, -0.8986407201848593, 0.3455771009000311], [0.21791420534894296, -0.40670152471130333, -0.8871906609656351]], "T": [0.02002280880721269, -0.012164831946793443, 0.028723463787741415], "aligned_model": [[0.3991355061251895, -0.4485942916779435, 0.15887918197847017, 0.27331835556628603, -0.3222531584309947, 0.23060608631528387, 0.16236828271483664, -0.30057383070681715, -0.696235471738671, 0.35758806933017, -0.23871020751770128, -0.35839423088590755, 0.6968020196117075, 0.03586078090829759], [-0.6999955105347528, 0.20390103554409786, -0.16686831796243942, 0.5948878733308297, 0.7329051993297014, 0.5976436172945999, -0.5416570695422621, -0.03869394268160479, -0.10337926686627344, 0.09214133769084681, -0.4707312417578234, 0.532363285644421, 0.03829694304485206, 0.0021595656049129483], [-0.13780975452679659, -0.5017406761770503, -0.6550335131198364, -0.5040071183161056, -0.23389167543335118, 0.1292317314082857, 0.5302621510828514, 0.7643866121824536, 0.18261515075896387, 0.5566426859913227, -0.17774422741382293, 0.3932608754940766, -0.005802024681312096, -0.0915096267198756]], "inverted": true, "swapped": false, "error_lsq": 0.03416984469392299, "error_max": 0.20213339297814026, "target": "736.xyz", "model": "12.xyz", "model_rescale": 3.9764082729961374, "target_rescale": 4.021910411243348},
{"mapping": [12, 14, 10, 8, 3, 7, 9, 5, 6, 0, 13, 4, 2, 15], "R": [[-0.6297579542858627, -0.636731772717917, -0.4449467031287954], [-0.62563077585511, 0.75527105171923, -0.19532478270271153], [0.4604248595771287, 0.15536501551645127, -0.8739969454391442]], "T": [-0.0005461356203712566, -0.018932296123317906, -0.008973406696505822], "aligned_model": [[0.11289233711955564, -0.6410561608051072, 0.3690622201160865, 0.36963714041296064, -0.14047050526833257, 0.20061356909028438, 0.29579406751463505, -0.22344827268723863, -0.7474251884493868, 0.3555368299526238, -0.39609343891620513, -0.2767210737273444, 0.7264806196169361, -0.055005052377261304], [-0.6389149004750045, 0.18156335131709692, -0.3114498952522797, 0.31492354343097434, 0.6974445685085485, 0.6648569590861727, -0.3185490940355953, -0.3170393578527074, -0.07267391513273588, 0.21056349017190232, -0.3852744913142521, 0.36854471894339835, 0.3058319263113843, 0.07314660443220311], [-0.10880735959831583, -0.44297391656990126, -0.6601032067578189, -0.5101295272710006, -0.42810203362677, 0.2420260486490432, 0.41987550018366676, 0.7422061476530596, 0.14249383243694747, 0.5806404832380353, -0.298483809039807, 0.529034667718577, 0.03814146252346678, 0.0030423009906216988]], "inverted": false, "swapped": false, "error_lsq": 0.04785850805139886, "error_max": 0.27292954504935046, "target": "736.xyz", "model": "13.xyz", "model_rescale": 4.170626492500431, "target_rescale": 4.021910411243348},
{"mapping": [7, 4, 8, 12, 5, 11, 1, 3, 2, 9, 0, 6, 10, 13], "R": [[0.353855323446868, -0.2941205137767021, 0.8878510761631374], [-0.520915512844695, 0.7264362297862399, 0.4482604516703451], [-0.7768097827306636, -0.6211147457834842, 0.10384138878239725]], "T": [-0.055805242405742604, -0.001241206575856614, 0.017425939545449343], "aligned_model": [[0.41692277765679164, -0.43358196410321, 0.17902048014674973, 0.19944862643006642, -0.12401078910713173, 0.1856323578879388, 0.19371410585106394, -0.2624418192447906, -0.6886954702540845, 0.5864535593462057, -0.20716359939373508, -0.5291819830685464, 0.4880955662662507, -0.05441475682136241], [-0.6205624668326375, 0.08326949643697573, -0.17966216372278018, 0.4535392354172531, 0.891408590050012, 0.5546499399649983, -0.5466945926698887, 0.06642488524131887, -0.17388506292018094, 0.0268903715515861, -0.578104461324289, 0.6434933497874968, 0.055786791415768554, 0.09641959574347292], [-0.20707171863947854, -0.5768852754024193, -0.6641744821705285, -0.49611698291680806, -0.14302396646632443, 0.38122886626961383, 0.4980871178606941, 0.671792984528854, 0.0681824721001708, 0.5103951924893725, 0.004090287374560606, 0.27765868202897626, -0.12131130399732869, 0.04600871747044949]], "inverted": false, "swapped": false, "error_lsq": 0.059154927807670864, "error_max": 0.3422926104121369, "target": "736.xyz", "model": "14.xyz", "model_rescale": 3.9786697098870705, "target_rescale": 4.021910411243348},
{"mapping": [12, 5, 2, 0, 3, 1, 9, 11, 10, 6, 4, 13], "R": [[0.3368554265460927, 0.8251650368777685, 0.4534656365381627], [0.6491310123139447, -0.5523883417369416, 0.5229684969148578], [0.6820244500446621, 0.11819383159718144, -0.7217152261894255]], "T": [0.11350495980106734, -0.02069888281953127, 0.07193294337168275], "aligned_model": [[-0.15547062869799855, -0.6471433337180538, 0.5566160003847469, 0.7036187831534884, -0.09282456555258284, 0.36580172994666926, -0.5026707440757568, -0.4232305436629362, 0.7251848752593233, 0.16933754323169162, -0.28146312010772423, 0.06559860060646942], [-0.44387149347129196, 0.1235098944518761, 0.04185466099786348, -0.5283594450571535, 0.2877572066355964, 0.5915577841887879, -0.4809106293550038, 0.25348100289868003, 0.05369286771668789, -0.5781630218767678, 0.6588718793238223, 0.035253783771342195], [-0.38339940657284566, -0.14128430589700103, -0.5870575292269383, -0.22289194139781388, -0.46118507785398866, 0.05331817536114179, 0.22850959924262754, 0.6137243854036171, 0.11778755549553412, 0.33308716139440697, 0.04157117046122977, 0.06778670746386017]], "inverted": true, "swapped": true, "error_lsq": 0.059625664620879405, "error_max": 0.3285305347792071, "target": "736.xyz", "model": "15.xyz", "model_rescale": 3.769337070930944, "target_rescale": 4.021910411243348},
{"mapping": [12, 9, 2, 3, 0, 6, 10, 7, 1, 4, 13], "R": [[0.4978236368754473, 0.8532131803836345, -0.15555994146227559], [0.10763193426372136, 0.11719952163687494, 0.9872586484071627], [0.8605736419939626, -0.5082239082803283, -0.03348829284266022]], "T": [-0.0014891059424607823, 0.011095236621335207, 0.05121687492542838], "aligned_model": [[-0.3715067039546693, -0.3030142275233517, -0.025013114705935202, -0.5322152319780665, 0.42488525754883844, 0.3155095060875257, 0.4968538102964772, 0.4129645059623578, 0.04984645327476153, -0.4906798599701598, -0.055004264346607205], [-0.08104138140355083, -0.6845597230554036, 0.7130467587841156, 0.3854656684649625, 0.2733780132472939, -0.41045466739929737, 0.3763884018980303, -0.6347769582104239, 0.4884819100532345, 0.15509019329913187, 0.01504628194724902], [-0.5085583436225739, -0.15158937989389837, -0.32460151825413847, 0.040804593012126536, -0.6138304398463441, -0.27110691831621503, 0.04913403731893683, 0.2643460172157783, 0.5076432331691267, 0.6501291396073037, 0.10184718683367452]], "inverted": true, "swapped": true, "error_lsq": 0.038872355141609104, "error_max": 0.19098611246570757, "target": "736.xyz", "model": "16.xyz", "model_rescale": 3.7852294659196426, "target_rescale": 4.021910411243348},
{"mapping": [11, 1, 3, 4, 8, 10, 0, 2, 5, 9, 6, 12, 13], "R": [[0.7686273524560605, 0.6131745838313793, 0.1822880215472253], [0.47231216009136107, -0.7361632581825301, 0.4847523911564688], [0.43143158957848643, -0.2864970977955907, -0.8554450283147856]], "T": [-0.06521681460939215, 0.12804535295364955, -0.011118019894770324], "aligned_model": [[0.0676160039941114, -0.4268604749297261, 0.27880063634678776, 0.10998862267816027, -0.6008140229743103, -0.6239850362071261, -0.2984949856791411, -0.15024060344882306, 0.6417900310561597, 0.5018039760548586, -0.09154417007615893, 0.48269046877170224, -0.03698459537021108], [-0.19751973667258255, -0.4083308937000257, -0.27847579448420695, -0.6226784148486924, -0.0683056926790819, 0.20117951026623992, 0.719862589331191, 0.09322974086128227, -0.20966806329348314, 0.4501013847811818, 0.7096974456457839, 0.42343455435456223, 0.06252899414070559], [-0.7412963486534127, 0.13161523161289812, 0.36080187313813616, -0.16749871359682172, -0.40847996714770174, 0.24229580479238813, 0.5257329252205197, 0.7801389621237402, -0.1870002587084338, -0.44786844540005744, -0.21865785394937162, 0.25589003809961314, -0.0299185503883228]], "inverted": false, "swapped": true, "error_lsq": 0.03378450860780049, "error_max": 0.15440081342857953, "target": "736.xyz", "model": "17.xyz", "model_rescale": 3.901054581598922, "target_rescale": 4.021910411243348},
{"mapping": [2, 12, 13, 9, 11, 10, 8, 1, 7, 4, 3, 6, 5, 14], "R": [[0.9113926580517259, -0.04697662705143907, -0.4088479171529191], [-0.3803388872338894, 0.28329074434679663, -0.8803912113515928], [0.1571806403699163, 0.9578828480969415, 0.2403220664329331]], "T": [0.0065551021478268, 0.01602974152050351, 0.07088950737675588], "aligned_model": [[0.3122740637397858, -0.4697752515815277, 0.18803866285333298, 0.28646086458992853, -0.32143767352168556, 0.41384273387756876, 0.47615430238517303, -0.3278295883500488, -0.6541622659190863, 0.3179119800455241, -0.35088835102572435, -0.48373640839284837, 0.5726394933507851, -0.009695470458971282], [-0.7210843950771573, 0.13035893568232704, -0.20843845741684175, 0.36936922687474555, 0.7033289621864653, 0.7169676323545995, -0.2801742666915865, -0.14538440879669073, -0.0037683737586654067, 0.2607378569417032, -0.4962904074513508, 0.47343005732081894, -0.06857473576585668, 0.0424958817365952], [-0.14575944401495483, -0.48769202969333686, -0.595578753803065, -0.4097284215185352, -0.16737821873663628, 0.1944071432102188, 0.4344249647882851, 0.6606503913575897, 0.123211758507304, 0.7555418299044835, -0.3686194598282369, 0.40871332398484456, -0.17906367114893956, 0.02573117752078305]], "inverted": true, "swapped": false, "error_lsq": 0.03847105738325381, "error_max": 0.328973563167172, "target": "736.xyz", "model": "18.xyz", "model_rescale": 3.9405287249114394, "target_rescale": 4.021910411243348},
{"mapping": [3, 13, 14, 11, 9, 5, 1, 0, 4, 6, 12, 8, 2, 15], "R": [[-0.8909734120002248, 0.41218696031614155, 0.19044235047388172], [-0.2933313075298015, -0.8426700163229452, 0.4515129982770638], [0.34658782888545625, 0.34642337296381476, 0.8717039196498081]], "T": [-0.0935541237897984, 0.014960409490171835, -0.03855594671986365], "aligned_model": [[0.36219737081122483, -0.3888853858820736, 0.07968947117505508, 0.19101795602862381, -0.22650528226741895, 0.31856623399320755, 0.1987777249337322, -0.2903125570969687, -0.7490254716002541, 0.2560669629358027, -0.2901613774525668, -0.18368996457606906, 0.7262697046532084, -0.05420829406329787], [-0.6920036768492583, 0.144774122746069, -0.2705648816789529, 0.4201433927549784, 0.7463502872374074, 0.6943368175236626, -0.39524747519880954, -0.10682567115222716, -0.16312553369434776, 0.18442785353536115, -0.482090596883579, 0.4879690324391223, 0.18360425874320332, 0.02122557861647608], [-0.17242510175250378, -0.6278416930718913, -0.7372697128520515, -0.5620620912494813, -0.22935081862389897, 0.20612169767615837, 0.38781361778997847, 0.6088454183082168, 0.23219807015837737, 0.5996676322223595, -0.15865984790303883, 0.5448911617292627, 0.19548128416278523, -0.03854902606446875]], "inverted": true, "swapped": false, "error_lsq": 0.03826793911132136, "error_max": 0.235134924329434, "target": "736.xyz", "model": "19.xyz", "model_rescale": 4.410303926677745, "target_rescale": 4.021910411243348},
{"mapping": [5, 9, 8, 7, 12, 2, 3, 6, 11, 0, 10, 4, 1, 13], "R": [[-0.11654230153312867, 0.7530736821067918, 0.6475321777884713], [-0.8312577502288201, -0.4307612315993447, 0.35136208394694], [0.5435332967150055, -0.4973175953745601, 0.676200240086458]], "T": [0.02647536841398796, 0.06853065463590682, 0.0789138649037056], "aligned_model": [[0.285151677058545, -0.4022540897689457, 0.14563063854942915, 0.3192190571871492, -0.33830409971083386, 0.2647489475141075, 0.19785862935013923, -0.2780411501855256, -0.8009911259560688, 0.49641016571211705, -0.33543701036427237, -0.36970141180398713, 0.7422492571231842, 0.023257606887168193], [-0.6556509987705234, -0.03535558745264836, -0.11572183888453161, 0.5431265862381245, 0.5539827696177477, 0.6284972642695419, -0.44504016004901026, -0.0026445078626444185, 0.09525904041071873, 0.07299550587171696, -0.6221624248704906, 0.5428055020829163, 0.182556645309515, 0.030325712228672946], [-0.2492906798301167, -0.4495323737805153, -0.657910823633352, -0.36370673939733517, -0.37047140519623795, 0.34020264260440053, 0.5614441664156092, 0.5674930389603529, 0.12036405890182615, 0.6195622940279857, -0.18011608127291362, 0.41536701603930776, -0.11547158945286974, 0.01092706614366211]], "inverted": true, "swapped": false, "error_lsq": 0.048564936894501205, "error_max": 0.2512529306897231, "target": "736.xyz", "model": "20.xyz", "model_rescale": 4.121658175737393, "target_rescale": 4.021910411243348},
{"mapping": [2, 3, 1, 10, 8, 12, 4, 6, 5, 9, 11, 7, 13], "R": [[-0.60636728416849, -0.7916102974934156, 0.07531170953122543], [-0.7932100548719005, 0.6088130076366656, 0.012826947513497389], [-0.056004692127056374, -0.05196016392182877, -0.9970775375190086]], "T": [0.13894369070902082, -0.12959389352758016, 0.0684100335891533], "aligned_model": [[0.1285627459737563, -0.3558801341986295, 0.2853639344007405, 0.6621174828756057, 0.6152673641187665, -0.30302111029514056, -0.2597256461600975, 0.37784042608352375, -0.6190027843666627, -0.24222918070452668, -0.021527892412253252, 0.5207909617460803, 0.09252673760313189], [-0.49874096734719675, -0.07436621853671826, 0.3177465705873448, -0.1922482177300766, 0.3657503754198274, -0.6399185268700571, 0.5249590165495495, -0.48891516131586193, 0.0735189003527365, -0.2948569260365296, 0.4904290363271146, 0.03024953794487109, -0.0727805151818204], [0.774208487103921, 0.485580433940202, 0.5345709687958967, 0.3911370324979129, -0.03677757606334485, 0.013762455440892538, 0.2455012245363608, -0.37419774496975383, -0.10219455938491435, -0.5974570485266056, -0.42819646509486897, -0.6120232539474177, 0.07619578515350871]], "inverted": false, "swapped": true, "error_lsq": 0.05537231406713469, "error_max": 0.3055814199512714, "target": "736.xyz", "model": "21.xyz", "model_rescale": 4.08911054899281, "target_rescale": 4.021910411243348},
{"mapping": [11, 4, 15, 14, 13, 12, 8, 6, 0, 10, 1, 7, 9, 16], "R": [[0.126494674099151, 0.8761692831708171, 0.4651091104810635], [0.9892874336041094, -0.076984593891326, -0.12403123000431197], [-0.0728661178981322, 0.4758158882712138, -0.8765214026657486]], "T": [0.017011613137599878, 0.031730762278922776, -0.043849975902257976], "aligned_model": [[0.3769301954093533, -0.5620689695477036, 0.2957943992708471, 0.34790555410716584, -0.26210879181630625, 0.286646646455417, 0.0055336162778036255, -0.2765211878455071, -0.7267660055709934, 0.35873489658064517, -0.3331314713763723, -0.2331854858532634, 0.6968254065835628, -0.024791711082443227], [-0.6379483569123857, 0.24419689604167122, -0.26271110272852094, 0.3842759649839748, 0.6292786888832633, 0.7152677456347832, -0.5738763012904593, -0.13809234934204492, -0.00653401875817413, 0.3192197856918299, -0.6511967436188842, 0.47119056010700183, 0.22565585797505397, 0.0542468814719969], [-0.13262791073457933, -0.3691436995252602, -0.6497304626163425, -0.46580218389073, -0.08578136006089648, 0.02716866409144275, 0.2935968468758356, 0.619899023387197, 0.16924638403763356, 0.6282442646510544, -0.24635484824186737, 0.4562227045741842, 0.04443295032005562, -0.04050978233792334]], "inverted": false, "swapped": false, "error_lsq": 0.03916771144543243, "error_max": 0.2951055226695198, "target": "736.xyz", "model": "22.xyz", "model_rescale": 4.204369325754507, "target_rescale": 4.021910411243348},
{"mapping": [3, 13, 14, 11, 9, 5, 1, 0, 4, 6, 12, 8, 2, 15], "R": [[-0.8909734120002248, 0.41218696031614155, 0.19044235047388172], [-0.2933313075298015, -0.8426700163229452, 0.4515129982770638], [0.34658782888545625, 0.34642337296381476, 0.8717039196498081]], "T": [-0.0935541237897984, 0.014960409490171835, -0.03855594671986365], "aligned_model": [[0.36219737081122483, -0.3888853858820736, 0.07968947117505508, 0.19101795602862381, -0.22650528226741895, 0.31856623399320755, 0.1987777249337322, -0.2903125570969687, -0.7490254716002541, 0.2560669629358027, -0.2901613774525668, -0.18368996457606906, 0.7262697046532084, -0.05420829406329787], [-0.6920036768492583, 0.144774122746069, -0.2705648816789529, 0.4201433927549784, 0.7463502872374074, 0.6943368175236626, -0.39524747519880954, -0.10682567115222716, -0.16312553369434776, 0.18442785353536115, -0.482090596883579, 0.4879690324391223, 0.18360425874320332, 0.02122557861647608], [-0.17242510175250378, -0.6278416930718913, -0.7372697128520515, -0.5620620912494813, -0.22935081862389897, 0.20612169767615837, 0.38781361778997847, 0.6088454183082168, 0.23219807015837737, 0.5996676322223595, -0.15865984790303883, 0.5448911617292627, 0.19548128416278523, -0.03854902606446875]], "inverted": true, "swapped": false, "error_lsq": 0.03826793911132136, "error_max": 0.235134924329434, "target": "736.xyz", "model": "23.xyz", "model_rescale": 4.410303926677745, "target_rescale": 4.021910411243348},
{"mapping": [2, 7, 3, 10, 11, 9, 5, 6, 13, 15, 0, 14, 4, 16], "R": [[-0.23858621953477577, -0.9200971719188887, 0.3106409665111271], [0.8383561534998553, -0.033699278169165625, 0.5440802500916613], [-0.49013832306506216, 0.3902378157966506, 0.7794093092754465]], "T": [-0.04518100610063266, 0.12022895534104366, 0.004860263698475659], "aligned_model": [[0.35998114201224496, -0.6138543426377255, 0.38076417562519177, 0.37280883281569915, -0.28205659398102406, 0.2310477933115229, 0.1942118310441328, -0.30986452311356133, -0.6730707755949119, 0.22377301758212, -0.20116747312914038, -0.30669153027068957, 0.5824581392883741, -0.008542601360026832], [-0.6469203472806757, 0.028053289070929993, -0.26337217381642963, 0.46724348036953917, 0.6682721541757803, 0.6567696130932046, -0.349822963896791, -0.08785866642577847, 0.06641130089405517, 0.2914604355806239, -0.5361707322032228, 0.5552680440137885, -0.14826925884927683, 0.07190933341335859], [-0.2783702650267098, -0.326870319066709, -0.6884447633334415, -0.35381697318388033, -0.20552056881264225, 0.17291310236114713, 0.3474158010534287, 0.6864321727798962, 0.3163802811345668, 0.6433410419170286, -0.3345413912502318, 0.4526361307231797, -0.08380870011139722, -0.09888495865443077]], "inverted": false, "swapped": false, "error_lsq": 0.03965180230697961, "error_max": 0.23371729720949305, "target": "736.xyz", "model": "24.xyz", "model_rescale": 4.28219845311461, "target_rescale": 4.021910411243348},
{"mapping": [0, 14, 6, 10, 11, 5, 4, 7, 13, 3, 2, 9, 1, 15], "R": [[0.693333830080634, 0.3453379555802588, 0.6324791668516568], [0.3840851393485547, 0.5655362247899658, -0.729826954957074], [-0.6097268288318304, 0.7489395669117509, 0.25946621999158065]], "T": [-0.06224068440458312, 0.09198567888860457, 0.04270853321762076], "aligned_model": [[0.37681398097888724, -0.47412382362440403, 0.2829676572183362, 0.014338010789875691, -0.2385949440133554, 0.4432207740685788, 0.10974749179402678, -0.3605715983875523, -0.6011466004957294, 0.36962023721594045, -0.2932189495040567, -0.21875821176396137, 0.5650867988479271, -0.025583731532306975], [-0.5628307058789855, 0.10141135851254265, -0.2000458200954108, 0.4541404919844815, 0.5660204563262263, 0.7758601838887372, -0.49927945590300793, -0.05420044906111157, -0.11801641316184805, 0.09682413270143789, -0.4706080477987006, 0.5580434876834793, 0.09621913272734814, 0.029435156213917207], [-0.16705484557076217, -0.5979224534546456, -0.7368720844455717, -0.659206286131339, -0.15895275743108223, 0.08858942600698683, 0.43701067707870117, 0.7463947470284219, 0.17834035792480424, 0.6857622468384954, -0.27180277680420767, 0.506568497398079, 0.17045713583752387, 0.027548706254400663]], "inverted": true, "swapped": false, "error_lsq": 0.04092010326577591, "error_max": 0.30500944627954313, "target": "736.xyz", "model": "25.xyz", "model_rescale": 4.100010024507729, "target_rescale": 4.021910411243348},
{"mapping": [2, 12, 6, 9, 1, 8, 10, 11, 5, 4, 3, 13], "R": [[-0.06260340168922471, 0.16474749670067412, 0.9843470304866062], [-0.9777090273709568, 0.1879298544948352, -0.09363454270133587], [-0.2004142507265284, -0.9682668186612675, 0.1493100665906782]], "T": [-0.013450728928405355, 0.022325519796956517, 0.10095019939964148], "aligned_model": [[-0.7695655122833943, -0.03441247922783648, 0.36039559292919876, 0.6235582863153614, -0.4032821783520313, 0.16212725110777385, -0.3516011856035933, 0.5802099289510112, 0.20176515071249387, -0.07443100994829094, -0.40695410343912297, -0.011044138798562763], [-0.2126388325177872, -0.6319345597538154, -0.25384863365339067, -0.38325955203037443, 0.5483804057551992, 0.6561742736265143, 0.23993561338200098, 0.43452792223305636, -0.15200990630526207, 0.45432381020330204, -0.08712858371072486, 0.0536094328219212], [0.18819107651794703, -0.07298895045125897, 0.5084447808334919, -0.11283441854571888, 0.00017275098056265814, 0.32616731697540224, 0.5700868669030048, -0.2657291970522698, -0.6527956978479134, -0.553570178108907, -0.40413073489128537, 0.03417867454130091]], "inverted": false, "swapped": true, "error_lsq": 0.04817243758392448, "error_max": 0.24092141740381495, "target": "736.xyz", "model": "26.xyz", "model_rescale": 3.6694154284099745, "target_rescale": 4.021910411243348},
{"mapping": [1, 4, 5, 8, 10, 9, 6, 12, 2, 3, 0, 11, 7, 13], "R": [[0.6561756765283722, 0.4825089939354148, -0.5801883765674448], [0.16364935155023805, 0.6595718630102698, 0.7336101466462611], [0.7366494222285932, -0.5763245858859364, 0.3538327294551542]], "T": [0.019041298920158718, 0.09975003402161453, -0.033414461528655834], "aligned_model": [[0.29586348971615495, -0.5077510811132917, 0.3650324261365383, 0.17668806152874023, -0.332981140527854, 0.25219456830519393, -0.01163532035098281, -0.11174128817958395, -0.59675492518248, 0.5995783985299344, -0.267730034215034, -0.5253509181506099, 0.6473705370459466, -0.03298568195046587], [-0.7385584226505082, 0.21072590437476216, -0.3255979377686139, 0.5202978574617435, 0.5751391806526529, 0.6608032585688418, -0.41434000735981946, 0.11939746174545557, -0.12249559937946872, 0.049405781827158504, -0.39453078642903494, 0.4681891331700856, 0.08439200657993773, 0.08014567734591313], [-0.049385054838170725, -0.6544657594316396, -0.6038070828892659, -0.4879958281384775, -0.1428497450670101, 0.27597585452952433, 0.4204145879899052, 0.7490449347679088, 0.14970171748993039, 0.5262938130047775, -0.36565235244364275, 0.518006623901189, -0.06650561182312724, -0.019915506522097177]], "inverted": false, "swapped": false, "error_lsq": 0.04996961570326821, "error_max": 0.3585657017356115, "target": "736.xyz", "model": "27.xyz", "model_rescale": 4.103607728864725, "target_rescale": 4.021910411243348},
