[{"mapping": [10, 0, 1, 7, 4, 2, 3, 8, 6, 9, 11], "R": [[0.14966344533339926, -0.6553659523906283, 0.7403352764646988], [0.4706510495126586, -0.6112748402585041, -0.6362630425064573], [0.869533462681897, 0.44366489393918207, 0.21696317466880125]], "T": [0.06753616335342422, -0.12522717135861844, -0.07273562081420204], "aligned_model": [[0.13845084525857068, -0.11474778255861626, 0.5197808459947602, 0.9112573002045943, -0.7270167551320428, -0.0874386331989449, -0.4240494561480083, 0.04427004116100192, 0.6896322071054481, 0.18391957899195663, 0.0659981851062609], [-0.7143393493749757, 0.2508265263844421, 0.4057640340372061, -0.345547847335058, 0.004030198479326341, 0.6556792585216056, -0.571059752782031, 0.07469637652676692, -0.1322660266930209, -0.5770688192852087, -0.09416577243128002], [-0.4039142668165983, -0.5289675502952597, -0.19684704790245122, -0.44178406320878333, -0.1385129635116708, 0.04940448640573605, 0.11059305350505028, 0.5294211305805303, 0.29888441944011207, 0.3166876067817608, -0.13490538844840136]], "inverted": false, "swapped": false, "error_lsq": 0.051116189122320986, "error_max": 0.34255236669614664, "target": "737.xyz", "model": "0.xyz", "model_rescale": 3.751011558992144, "target_rescale": 3.7728184588541476},
{"mapping": [8, 9, 3, 2, 10, 12, 4, 6, 0, 1, 14], "R": [[-0.06616886299843411, 0.4003263749363519, -0.9139805660405553], [0.6804302132757643, 0.6880774134320669, 0.2521194121564908], [0.7298194341280535, -0.6052175366386502, -0.31792346077955885]], "T": [0.0709739477966313, -0.05630438174490682, -0.08969778272854093], "aligned_model": [[0.1562636159465765, -0.2710252871423969, 0.7269313266457662, 0.7094289303379884, -0.7290989000832289, 0.1891410063176144, -0.35659539933965717, -0.267866030289005, 0.7539062884598533, 0.23124581019716606, 0.05772501573430327], [-0.6691132184721247, 0.30630757388014873, 0.333839056173331, -0.23609813846407543, -0.1554857865483838, 0.6690141602477826, -0.7032447648172787, 0.03283968427333746, -0.19010534966707243, -0.42787171397469637, -0.003532676583195421], [-0.3297170616954166, -0.5206719284416985, -0.11992863609866208, -0.5834462432841481, -0.23969856657809216, 0.019502322579598733, 0.06595106580375229, 0.5743553401575735, 0.21230426620296824, 0.47769643400100714, -0.09628757611685806]], "inverted": false, "swapped": false, "error_lsq": 0.046405786238454934, "error_max": 0.22738503019002554, "target": "737.xyz", "model": "1.xyz", "model_rescale": 3.9405287249114394, "target_rescale": 3.7728184588541476},
{"mapping": [8, 3, 11, 9, 7, 6, 4, 1, 5, 2, 12], "R": [[-0.9669482888403574, -0.22857796027723448, 0.11297399162729341], [-0.024871090823575914, 0.5255261801552386, 0.8504138185687538], [-0.2537566463168013, 0.8194964002647862, -0.5138416238522401]], "T": [0.09169205635191154, -0.03943296707529706, -0.02945035611156692], "aligned_model": [[0.18721770528392068, -0.22086163615888332, 0.6325410041304225, 0.701690866036422, -0.631786034661258, 0.01884875998801465, -0.39705017202612153, -0.3243515198232256, 0.7503516441450897, 0.37803655068311787, 0.10541920918748196], [-0.6477422803450107, 0.02758523032938942, 0.3712678463615381, -0.34568731943983766, 0.27206184371348285, 0.49903636498774295, -0.5360568075074786, -0.18500549860305784, -0.012947014118449278, -0.3774562736909808, -0.10850726563956582], [-0.5001141425825576, -0.5033896234057901, -0.24490695630376813, -0.4589743146183253, -0.12143017907151289, -0.019434069781356908, -0.10813655056317224, 0.6285334682688413, 0.2763965370896509, 0.48815635005868335, 0.023358897439331755]], "inverted": false, "swapped": false, "error_lsq": 0.050720953220236335, "error_max": 0.27780380739581984, "target": "737.xyz", "model": "2.xyz", "model_rescale": 3.932901565614263, "target_rescale": 3.7728184588541476},
{"mapping": [10, 1, 8, 11, 2, 7, 6, 5, 9, 12, 13], "R": [[-0.0838963731612554, 0.5870755700647563, 0.8051730705901243], [-0.893298008169034, 0.3137469040141194, -0.32184087500314784], [-0.4415654732558063, -0.746260782337312, 0.4981112100461897]], "T": [0.07852337778682847, 0.08406144530524205, -0.1513037143878183], "aligned_model": [[0.13270135515363318, -0.31007782329095657, 0.7666621831635165, 0.7289968645003065, -0.7486710257392662, 0.18464627664000155, -0.3347936553346912, -0.05270581013086553, 0.5471122773284879, 0.21115732778707466, 0.07502840670774005], [-0.6136556432326051, -0.12827154471987018, 0.3359863084563993, -0.2710277182544152, 0.004345694975699518, 0.6088996164422041, -0.3993406425671454, -0.08690140069816639, 0.0478441436575827, -0.5316548041344112, -0.009675183877499771], [-0.3042777364698192, -0.7451660122145553, -0.19355976002538866, -0.6498060989084367, -0.2112592904654989, 0.32095190686379843, 0.09806290778523821, 0.5345171741680382, 0.41341363940657727, 0.2804734800572267, -0.08329079366715544]], "inverted": false, "swapped": false, "error_lsq": 0.058687537637415695, "error_max": 0.3522253322035847, "target": "737.xyz", "model": "3.xyz", "model_rescale": 3.9243930471874484, "target_rescale": 3.7728184588541476},
{"mapping": [4, 9, 1, 7, 11, 5, 10, 6, 0, 3, 12], "R": [[-0.37259251051376163, 0.18195565402425107, 0.9099818465648967], [0.9277427066071662, 0.09590230926302362, 0.36068853241436527], [-0.02164004265850089, 0.978618867101297, -0.20454051311931304]], "T": [0.05290004912766613, -0.16887342160931326, -0.13571376135105334], "aligned_model": [[0.3314974403451916, -0.2481508007909596, 0.5169533688484579, 0.7177704230824145, -0.6594566614080101, 0.18153478707464696, -0.4558678778383709, -0.24014055627287614, 0.718657867942321, 0.23299994352250816, 0.10425844227965707], [-0.6861523597500656, 0.18752158802854355, 0.3243100029328668, -0.33489703278574146, 0.1739467671203657, 0.448437463855627, -0.6553763748265218, -0.038257620529181635, 0.11090180341039538, -0.49439201263923815, -0.0794933987692776], [-0.22040888047158522, -0.6649002829532003, -0.362836913397349, -0.5520096960914582, -0.10170910664532554, 0.28381391908813486, -0.09574136436853613, 0.511266323992684, 0.3135241528023672, 0.42513830942833936, -0.07607704485404668]], "inverted": true, "swapped": false, "error_lsq": 0.05162959161237567, "error_max": 0.28047509797889286, "target": "737.xyz", "model": "4.xyz", "model_rescale": 3.8936222436046832, "target_rescale": 3.7728184588541476},
{"mapping": [4, 1, 6, 5, 0, 9, 2, 3, 7, 10, 11], "R": [[-0.15318849557985476, 0.41201788354235624, 0.898206295047668], [0.42477644260278913, -0.7932225943475498, 0.43630595873338923], [0.8922433853112616, 0.44837392816467364, -0.05350291497180176]], "T": [0.14603436733570713, -0.04155094565661862, 0.10357062531636077], "aligned_model": [[0.2625311547640234, -0.15621189935340224, 0.6590400127368068, 0.6162004643184127, -0.6937704327711649, -0.0027604040365500904, -0.36811865674987193, -0.30943058644269933, 0.7738827449296712, 0.21616203118298813, 0.2025319482067665], [-0.7398843935932434, 0.09994868416052036, 0.41777691377905696, -0.2065885845707242, 0.18663561201377296, 0.5571891078013751, -0.5646269643209311, -0.031027617120080835, -0.10495820318088817, -0.5552339890174522, -0.10268173990363275], [-0.25612854471142477, -0.6256301811801466, -0.29699366845001673, -0.5358644973009143, -0.055731294298611206, 0.14107273483908117, -0.03498121135882881, 0.45388900587515313, 0.25031346784686775, 0.4650664637598195, -0.04495285849095504]], "inverted": false, "swapped": false, "error_lsq": 0.04057098498720196, "error_max": 0.2133257884228974, "target": "737.xyz", "model": "5.xyz", "model_rescale": 3.6523030999806103, "target_rescale": 3.7728184588541476},
{"mapping": [2, 3, 11, 10, 0, 7, 1, 5, 9, 8, 12], "R": [[-0.04149640267610255, 0.5167114649224425, -0.8551533842432283], [0.5736785998057738, -0.6884247981662451, -0.4438064458687496], [-0.8180286747356901, -0.5089995670798436, -0.2678591570633759]], "T": [0.19186997667605676, -0.20459740743731106, -0.038082917062197616], "aligned_model": [[0.018009380099871408, -0.2512486184086681, 0.6300830309169789, 0.8854316761940431, -0.7611693608343355, 0.09750951814360909, -0.3767811873335346, -0.23255257874133883, 0.7848615131073748, 0.28996385898580623, 0.11594914465517461], [-0.6103682871311565, 0.1771740749902139, 0.4836989491511994, -0.4603316035336945, 0.07289312340442947, 0.4667893553461865, -0.5958892765368815, -0.0486129864976437, 0.03394418129433377, -0.4303841675828981, -0.13236453685631572], [-0.6556054837427794, -0.4129657638866546, -0.3679108233115072, -0.28757285989687853, -0.08142754705967799, 0.04649827660297631, -0.11490344062552585, 0.47126753681394123, 0.2997362998968874, 0.5888947794014413, -0.025951557662198345]], "inverted": false, "swapped": false, "error_lsq": 0.058905189748018644, "error_max": 0.3308919681919321, "target": "737.xyz", "model": "6.xyz", "model_rescale": 4.08911054899281, "target_rescale": 3.7728184588541476},
{"mapping": [8, 6, 7, 5, 0, 2, 9, 1, 12, 11, 14], "R": [[-0.15342178698214315, -0.9358901309423004, -0.3171299703339462], [-0.8506825800942182, -0.03820396086988753, 0.52428961967418], [-0.5027931017858639, 0.3502143917354851, -0.7902841113282578]], "T": [0.19881779276611355, -0.16544138781926365, -0.08919967630606053], "aligned_model": [[0.04550785483131839, -0.0188797815711238, 0.5489299530487686, 0.8172863377193823, -0.6594024795763259, -0.06664970148856547, -0.4107887271721512, -0.2834126799609412, 0.8381771321192114, 0.2985040957533123, 0.09078437308209535], [-0.7854898364322058, 0.16039100207862167, 0.49537387979681335, -0.1567731600887542, 0.18615243031762013, 0.5800325323448695, -0.6024003231707105, 0.01480804068793301, -0.19781439536695436, -0.4868722430216637, -0.25085910109779674], [-0.3283334413583772, -0.39836627585166284, -0.2892837132634242, -0.5340847741849699, -0.24571144676529955, 0.06551033352043976, 0.13884437113451298, 0.4332081849974093, 0.22412689705707517, 0.3917118636654344, 0.0024374175788865887]], "inverted": true, "swapped": false, "error_lsq": 0.05420782190994207, "error_max": 0.24022168068901875, "target": "737.xyz", "model": "7.xyz", "model_rescale": 3.964800864290218, "target_rescale": 3.7728184588541476},
{"mapping": [4, 3, 10, 11, 0, 5, 2, 1, 9, 7, 13], "R": [[0.13285519661966916, 0.24734299811181915, 0.9597765042009552], [-0.6831852472298404, -0.6787047442056735, 0.2694768787117251], [0.7180580858806977, -0.6915065520136222, 0.07881163507744604]], "T": [0.10524596289825976, -0.1361716450434293, -0.05664952708534129], "aligned_model": [[0.16082754925927906, -0.257432592473131, 0.6299846105419972, 0.732813515394658, -0.5910245748220164, 0.1837179716672468, -0.30716917789729625, -0.3592695164635763, 0.7735263893867624, 0.08102290035031436, 0.15305930184074276], [-0.7408319447199215, 0.32669027046509047, 0.4688367893656463, -0.38050647381472436, -0.09990428772986551, 0.6705744993198814, -0.6484536632451247, -0.032256334695177996, -0.06871814061418413, -0.4484574413696847, -0.09042444691416274], [-0.4121632459016052, -0.48113251655360273, -0.2403562470771066, -0.5399638999283829, -0.22112259363105632, 0.14846879331308938, 0.021386446823309542, 0.5234770702025827, 0.09404228789202593, 0.5826813650318688, -0.015258043641098083]], "inverted": false, "swapped": false, "error_lsq": 0.0518731220368361, "error_max": 0.27681268070358783, "target": "737.xyz", "model": "8.xyz", "model_rescale": 4.121658175737393, "target_rescale": 3.7728184588541476},
{"mapping": [2, 0, 10, 3, 4, 5, 6, 9, 11, 8, 12], "R": [[0.49468077928369486, 0.844889258559076, 0.2036002637001518], [-0.7713706532562189, 0.3189285565078375, 0.5507012721420768], [0.4003476513011547, -0.4294726028692891, 0.8094906061729977]], "T": [0.13203516060866702, -0.1063752964936276, 0.023816066755543118], "aligned_model": [[0.22710842665736233, -0.09305159341443811, 0.6013705334378556, 0.7278327979140837, -0.6832029069361153, 0.037504804141445, -0.2954140721738905, -0.4562881104085714, 0.7406032269122393, 0.3264448532989904, 0.06714841735601923], [-0.6223612325456643, 0.18227274280813138, 0.4252962185374944, -0.2118729341363244, 0.18201816143080674, 0.504058954523496, -0.5557935592223672, 0.05873772155377115, -0.1342212250131024, -0.7345453122630369, -0.13704070962543222], [-0.4312290285242801, -0.6724902635997615, -0.24734908312762868, -0.48272062027029855, -0.1770421528197615, 0.03614258966834357, 0.3328345591042338, 0.5893275494734482, 0.20242622182496564, 0.3371220520217266, -0.026962407220963255]], "inverted": false, "swapped": false, "error_lsq": 0.04768867887525145, "error_max": 0.2518219782471729, "target": "737.xyz", "model": "9.xyz", "model_rescale": 3.833441315466971, "target_rescale": 3.7728184588541476},
{"mapping": [8, 7, 12, 10, 3, 6, 2, 5, 0, 13, 14], "R": [[-0.7706938348337679, 0.6366244761123586, -0.027208259111639377], [-0.10100425386907769, -0.07989271907341716, 0.9916729774171559], [0.6291495479212967, 0.767024399777296, 0.12587460624251007]], "T": [0.13428517848694982, 0.028396395060008503, -0.08490997004414935], "aligned_model": [[0.18260518382184002, -0.218473187182866, 0.5629099729977622, 0.7774373091899971, -0.7313058200140392, 0.06408289775870418, -0.3079057284498493, -0.029347208001184455, 0.6351142229054223, 0.21309182675089489, 0.05184690700829865], [-0.592501998817035, 0.13213606139642353, 0.4275226240817591, -0.403064817050963, 0.01069955049519274, 0.6925231980024361, -0.4885895231458079, -0.07747990754573914, -0.15217631789155323, -0.5834212759801163, -0.009098767496824693], [-0.5536420085715836, -0.640529978557329, -0.2263281306467172, -0.36050152059628726, -0.15390920738878727, 0.038527453126207936, 0.1471310115236217, 0.56273951239658, 0.33980961427927103, 0.4202189154960614, -0.11345624453101347]], "inverted": true, "swapped": false, "error_lsq": 0.045820466313055426, "error_max": 0.2611166897933999, "target": "737.xyz", "model": "10.xyz", "model_rescale": 4.2482417240324, "target_rescale": 3.7728184588541476},
{"mapping": [10, 7, 3, 8, 5, 2, 4, 6, 1, 0, 11], "R": [[0.06018411406956312, -0.9276822044323876, -0.36848826303306836], [0.8518555238434631, -0.14469077751240897, 0.5033952178956747], [-0.5203076387206332, -0.34419515755210817, 0.7815431239583894]], "T": [0.12173815286540043, -0.0934498820606714, -0.06132895700231824], "aligned_model": [[0.23895689588346636, -0.0547191421113222, 0.5838190563174837, 0.6143520955158664, -0.6114235085328962, 0.14574524891722823, -0.5853362951975142, -0.24860399853402074, 0.7182991417760519, 0.3710378881339257, 0.027928994616711805], [-0.6860034206105743, 0.19967912934359028, 0.4556055294829974, -0.20558141660890755, 0.04341982201845601, 0.5921105861514279, -0.5781595727700007, -0.02492824067276203, -0.0305984095934701, -0.6473175867133047, -0.16167759397967946], [-0.28525401761802005, -0.6457042237770252, -0.43960269409130037, -0.41006360027859956, -0.15036171885160332, 0.21649794980953638, 0.11457391637170244, 0.46652861251935795, 0.3119152427876475, 0.39135159666850017, -0.10982164701017141]], "inverted": false, "swapped": false, "error_lsq": 0.04837134558420748, "error_max": 0.2207483643168406, "target": "737.xyz", "model": "11.xyz", "model_rescale": 3.6694154284099745, "target_rescale": 3.7728184588541476},
{"mapping": [5, 12, 9, 7, 1, 8, 0, 4, 11, 6, 13], "R": [[-0.10631728862398698, 0.26501190586801954, -0.9583659655308321], [-0.2632357660478754, -0.9369416787165696, -0.22988523692696142], [-0.958855341338219, 0.22783542400596288, 0.1693737109329279]], "T": [0.09641012045384595, -0.038813427816301455, -0.10826521441514841], "aligned_model": [[0.18307051601096067, -0.25097059139601585, 0.77978824099824, 0.6813154308881173, -0.7254724866221975, 0.22934237501261762, -0.37236554349904244, -0.1975136234487011, 0.5689067735703992, 0.30868310277237454, -0.0047278175017719665], [-0.7619298460167585, -0.125333230395491, 0.3795227334276047, -0.2388115970539442, 0.14486376819631794, 0.6691992948187111, -0.5512099607481107, -0.06216064594304663, 0.083153661524403, -0.4878503906591316, -0.09289496110278174], [-0.44614598339661654, -0.6858545711928079, -0.15999013536253293, -0.5206386235929518, -0.023146697320512347, 0.1233483680794211, 0.060367624469953085, 0.570514860370746, 0.445719975656289, 0.16221735513814933, -0.06633275631911253]], "inverted": true, "swapped": false, "error_lsq": 0.051403198320371345, "error_max": 0.3036724143283465, "target": "737.xyz", "model": "12.xyz", "model_rescale": 3.9764082729961374, "target_rescale": 3.7728184588541476},
{"mapping": [3, 8, 13, 14, 2, 12, 7, 0, 6, 4, 15], "R": [[0.7101818016834174, 0.3584054480238429, 0.6059598529478037], [0.3063518981782335, -0.9322781730487839, 0.19236923490884694], [0.6338693264705973, 0.04901982133433745, -0.7718851819254344]], "T": [0.11649530253185836, 0.08025263882937637, -0.002652415437923744], "aligned_model": [[0.10115386097023821, -0.25719346658440834, 0.6398191333288507, 0.7270535082274032, -0.6723430691235895, 0.20497819262075528, -0.3101471364367476, -0.37367251337729634, 0.8157837819280013, 0.18531177486768402, 0.13931231036408956], [-0.5604166164067617, -0.028554780741971278, 0.34732217588291436, -0.23408603566342323, -0.0018909553820800618, 0.7118267113721998, -0.5377380414123899, -0.12311892675151885, -0.1309613111017473, -0.46091804261401625, -0.02491535113343324], [-0.5483180574565458, -0.5927121462543413, -0.1737856287101253, -0.41157528683424915, -0.08777566279212481, 0.019674787733469118, 0.08159393361192266, 0.4928104510437994, 0.22105072633159786, 0.46453310280999305, -0.00543680295337136]], "inverted": false, "swapped": false, "error_lsq": 0.04360468680205591, "error_max": 0.1883288072389166, "target": "737.xyz", "model": "13.xyz", "model_rescale": 4.170626492500431, "target_rescale": 3.7728184588541476},
{"mapping": [10, 0, 4, 12, 1, 2, 9, 3, 6, 11, 13], "R": [[-0.015904870478020916, 0.9997279105793845, 0.017062822265261207], [0.014330846130761576, 0.017291153835936962, -0.9997477896190611], [-0.9997708047068858, -0.01565633442413883, -0.014601960421316978]], "T": [0.12365345986119732, -0.047204585684755565, -0.15430548288461451], "aligned_model": [[0.0954161757570387, -0.2533217498292037, 0.6544989685395916, 0.7001817748004294, -0.6438342406179267, 0.14479142043175808, -0.33734610585549946, -0.16441682204114522, 0.5789282261109349, 0.24676432029102605, 0.17839440919797722], [-0.5378225057711113, 0.3444037477314455, 0.3253806041635652, -0.4107239653541769, -0.08743739203804998, 0.5846859173715313, -0.6917240680325734, 0.023989454796385215, 0.05462573238079316, -0.5535285891738062, -0.09530011002623007], [-0.43147874503554495, -0.4000513089035853, -0.44144038639634087, -0.42109169666685176, -0.14171895033784349, 0.027902491711818217, 0.014159575056183454, 0.4681256584591956, 0.5455836087356246, 0.3233338901429791, -0.08326472023561043]], "inverted": false, "swapped": false, "error_lsq": 0.05008268789025916, "error_max": 0.2719940008065992, "target": "737.xyz", "model": "14.xyz", "model_rescale": 3.9786697098870705, "target_rescale": 3.7728184588541476},
{"mapping": [4, 8, 3, 2, 7, 9, 10, 6, 0, 1, 11], "R": [[0.27677122499822293, -0.47066926968853157, -0.8377757024310548], [0.46392983269621496, -0.6980473959845793, 0.545434637049766], [-0.8415264697841922, -0.539629754118518, 0.025158082648378544]], "T": [0.05082904317781946, -0.11272826142294493, -0.07887657482782855], "aligned_model": [[0.2071509841042538, 0.045173087973109746, 0.6543449745568629, 0.6739385427209611, -0.6045479494244338, 0.1659827832353073, -0.4158287974036099, -0.3143262758836063, 0.7093986311806514, 0.04732516362015908, 0.03144523210532518], [-0.6586308061214454, 0.16279351181971677, 0.5474814805433302, -0.18744407752183576, -0.056896366606889875, 0.45960251311779976, -0.7870666288785857, 0.16409417868324536, -0.15339143437060307, -0.4766011426637471, -0.057392401953212435], [-0.30793681268643536, -0.5219159508001412, -0.29110487050766376, -0.6788761703866965, -0.1439903404966283, 0.1369737638644894, 0.06190415715643639, 0.5671780826267239, 0.14121020397169898, 0.4940600190618481, 0.002557334726392607]], "inverted": false, "swapped": false, "error_lsq": 0.05648879318241678, "error_max": 0.23274062669108286, "target": "737.xyz", "model": "15.xyz", "model_rescale": 3.769337070930944, "target_rescale": 3.7728184588541476},
{"mapping": [4, 6, 7, 5, 8, 9, 2, 3, 1, 0, 10], "R": [[0.04011449188027799, -0.9624840439333315, -0.2683566520787742], [-0.05919324219307648, -0.2703902469127174, 0.9609293805754677], [-0.9974402175668773, -0.0226622935339931, -0.0678191184838039]], "T": [0.15529289561550175, -0.05827930374511383, -0.05645046729988629], "aligned_model": [[0.1402228086351896, -0.19146203702724213, 0.5918148772036118, 0.6707918212065721, -0.46679949102956, -0.1325738914829689, -0.4761440568587779, -0.1917744748290664, 0.842888083434194, 0.29986579743776054, 0.11322694009526839], [-0.7452717543410614, -0.23068551067410534, 0.4264419103720253, -0.25515325948383355, 0.31206862311136485, 0.5502565713870337, -0.4135304574929758, -0.03783269875628893, 0.05161801417552898, -0.6044075611070632, -0.0969550511428518], [-0.4250244623674497, -0.6741429846576203, -0.34907720250775276, -0.43796380230222504, -0.249678796739416, 0.39917710481910124, 0.09055242735291955, 0.5423563591757463, 0.3388518013539087, 0.2570981209465677, -0.032089148543755094]], "inverted": false, "swapped": false, "error_lsq": 0.07238476584790973, "error_max": 0.40462790436537854, "target": "737.xyz", "model": "16.xyz", "model_rescale": 3.7852294659196426, "target_rescale": 3.7728184588541476},
{"mapping": [4, 0, 9, 10, 3, 8, 1, 2, 11, 7, 12], "R": [[-0.18772338476343686, -0.9771248043732558, -0.09993521647290177], [-0.905877733596363, 0.13290612965503723, 0.4021461083666428], [-0.3796649346295701, 0.16602131603696424, -0.9101051917410862]], "T": [0.09631101853547402, -0.17518874125994952, -0.03339809249658131], "aligned_model": [[-0.028459068574887128, -0.08249255569755082, 0.5957421643064671, 0.7789958096176908, -0.647906281649899, 0.12821927054961255, -0.434690097546854, -0.1633465395354154, 0.5719469894129665, 0.302074626818265, 0.17997205908458497], [-0.5645790358902678, 0.11005515887566084, 0.4472476802357812, -0.30212842387922245, 0.09653472090252316, 0.46876903311008866, -0.5849004079159189, -0.09982477236442042, 0.09503157634423245, -0.5672556192089823, -0.14240108416170175], [-0.611839367735288, -0.6270413818679368, -0.36566788850775034, -0.4421558059169993, -0.10269702017796646, 0.05883075079150603, 0.12289752219679202, 0.5152231299868781, 0.4551543382563459, 0.5100831913561067, -0.052728051851663855]], "inverted": true, "swapped": false, "error_lsq": 0.050167817391103105, "error_max": 0.29983488758739957, "target": "737.xyz", "model": "17.xyz", "model_rescale": 3.901054581598922, "target_rescale": 3.7728184588541476},
{"mapping": [8, 9, 3, 2, 10, 12, 4, 6, 0, 1, 14], "R": [[-0.06616886299843411, 0.4003263749363519, -0.9139805660405553], [0.6804302132757643, 0.6880774134320669, 0.2521194121564908], [0.7298194341280535, -0.6052175366386502, -0.31792346077955885]], "T": [0.0709739477966313, -0.05630438174490682, -0.08969778272854093], "aligned_model": [[0.1562636159465765, -0.2710252871423969, 0.7269313266457662, 0.7094289303379884, -0.7290989000832289, 0.1891410063176144, -0.35659539933965717, -0.267866030289005, 0.7539062884598533, 0.23124581019716606, 0.05772501573430327], [-0.6691132184721247, 0.30630757388014873, 0.333839056173331, -0.23609813846407543, -0.1554857865483838, 0.6690141602477826, -0.7032447648172787, 0.03283968427333746, -0.19010534966707243, -0.42787171397469637, -0.003532676583195421], [-0.3297170616954166, -0.5206719284416985, -0.11992863609866208, -0.5834462432841481, -0.23969856657809216, 0.019502322579598733, 0.06595106580375229, 0.5743553401575735, 0.21230426620296824, 0.47769643400100714, -0.09628757611685806]], "inverted": false, "swapped": false, "error_lsq": 0.046405786238454934, "error_max": 0.22738503019002554, "target": "737.xyz", "model": "18.xyz", "model_rescale": 3.9405287249114394, "target_rescale": 3.7728184588541476},
{"mapping": [6, 10, 9, 5, 3, 13, 1, 12, 7, 0, 15], "R": [[0.1664482332972284, -0.8487483005798047, 0.501917630588053], [-0.20164093924997112, -0.5275597670614036, -0.8252403430495308], [0.965212887010229, 0.036152654688298036, -0.25895379570179666]], "T": [0.1000414162790155, -0.02900453295214557, 0.02986754004965291], "aligned_model": [[0.23903717556777176, -0.3000557897083679, 0.7683169824097758, 0.5900567213608056, -0.7416852633837393, 0.21629834126917383, -0.29818009589841854, -0.28884891277497016, 0.7245787372019122, 0.20073975832239235, 0.08979872241864527], [-0.695308640894686, 0.1782460798600889, 0.2782548534927134, -0.25811362855094006, -0.08041710673717152, 0.6183829462396333, -0.5542105833232038, 0.06090452236945425, 0.08056317013044202, -0.6358921333234394, -0.03586065321511837], [-0.27835716731634924, -0.6142391639960113, -0.18924266991482117, -0.601525099960009, -0.08963785260975277, 0.16662873538485715, -0.0032633499503117516, 0.40512709815424425, 0.33576556579843, 0.33682281754336035, -0.008019496603611856]], "inverted": true, "swapped": false, "error_lsq": 0.041996561134732005, "error_max": 0.17643014016813108, "target": "737.xyz", "model": "19.xyz", "model_rescale": 4.410303926677745, "target_rescale": 3.7728184588541476},
{"mapping": [4, 3, 10, 11, 0, 5, 2, 1, 9, 7, 13], "R": [[0.13285519661966916, 0.24734299811181915, 0.9597765042009552], [-0.6831852472298404, -0.6787047442056735, 0.2694768787117251], [0.7180580858806977, -0.6915065520136222, 0.07881163507744604]], "T": [0.10524596289825976, -0.1361716450434293, -0.05664952708534129], "aligned_model": [[0.16082754925927906, -0.257432592473131, 0.6299846105419972, 0.732813515394658, -0.5910245748220164, 0.1837179716672468, -0.30716917789729625, -0.3592695164635763, 0.7735263893867624, 0.08102290035031436, 0.15305930184074276], [-0.7408319447199215, 0.32669027046509047, 0.4688367893656463, -0.38050647381472436, -0.09990428772986551, 0.6705744993198814, -0.6484536632451247, -0.032256334695177996, -0.06871814061418413, -0.4484574413696847, -0.09042444691416274], [-0.4121632459016052, -0.48113251655360273, -0.2403562470771066, -0.5399638999283829, -0.22112259363105632, 0.14846879331308938, 0.021386446823309542, 0.5234770702025827, 0.09404228789202593, 0.5826813650318688, -0.015258043641098083]], "inverted": false, "swapped": false, "error_lsq": 0.0518731220368361, "error_max": 0.27681268070358783, "target": "737.xyz", "model": "20.xyz", "model_rescale": 4.121658175737393, "target_rescale": 3.7728184588541476},
{"mapping": [2, 3, 11, 10, 0, 7, 1, 5, 9, 8, 12], "R": [[-0.04149640267610255, 0.5167114649224425, -0.8551533842432283], [0.5736785998057738, -0.6884247981662451, -0.4438064458687496], [-0.8180286747356901, -0.5089995670798436, -0.2678591570633759]], "T": [0.19186997667605676, -0.20459740743731106, -0.038082917062197616], "aligned_model": [[0.018009380099871408, -0.2512486184086681, 0.6300830309169789, 0.8854316761940431, -0.7611693608343355, 0.09750951814360909, -0.3767811873335346, -0.23255257874133883, 0.7848615131073748, 0.28996385898580623, 0.11594914465517461], [-0.6103682871311565, 0.1771740749902139, 0.4836989491511994, -0.4603316035336945, 0.07289312340442947, 0.4667893553461865, -0.5958892765368815, -0.0486129864976437, 0.03394418129433377, -0.4303841675828981, -0.13236453685631572], [-0.6556054837427794, -0.4129657638866546, -0.3679108233115072, -0.28757285989687853, -0.08142754705967799, 0.04649827660297631, -0.11490344062552585, 0.47126753681394123, 0.2997362998968874, 0.5888947794014413, -0.025951557662198345]], "inverted": false, "swapped": false, "error_lsq": 0.058905189748018644, "error_max": 0.3308919681919321, "target": "737.xyz", "model": "21.xyz", "model_rescale": 4.08911054899281, "target_rescale": 3.7728184588541476},
{"mapping": [5, 14, 7, 10, 15, 4, 11, 1, 6, 8, 16], "R": [[0.24094378070826084, 0.17209670257702694, -0.9551590545559017], [0.5535672201390021, -0.8327395653326544, -0.01039947677336489], [-0.7971884515756531, -0.5262390533699455, -0.2959105124572569]], "T": [0.08064755086893946, 0.03458768497674551, -0.12005683364706196], "aligned_model": [[0.23786360724730118, -0.265655081089035, 0.748276845505253, 0.6954790555197408, -0.6400644322306933, 0.012671745110480151, -0.32413528254271795, -0.24447882473754043, 0.6978960716936614, 0.17981379069368253, 0.1023888816148486], [-0.6253516598374732, 0.2112171027023534, 0.25647462601612053, -0.303511960254969, -0.0721637705424954, 0.6886452820217372, -0.5771431198749908, -0.06486267120182412, -0.15820714622742466, -0.47328650848003134, 0.0747386517267699], [-0.3136859294234542, -0.630643870145205, -0.2241409263271689, -0.5185618649803656, -0.1462366360773969, 0.11206411639187419, 0.09864229856229298, 0.5971606004738531, 0.2506162637743953, 0.34145359804405717, -0.10660823376285812]], "inverted": false, "swapped": false, "error_lsq": 0.037532316722014056, "error_max": 0.19949432154786986, "target": "737.xyz", "model": "22.xyz", "model_rescale": 4.204369325754507, "target_rescale": 3.7728184588541476},
{"mapping": [6, 10, 9, 5, 3, 13, 1, 12, 7, 0, 15], "R": [[0.1664482332972284, -0.8487483005798047, 0.501917630588053], [-0.20164093924997112, -0.5275597670614036, -0.8252403430495308], [0.965212887010229, 0.036152654688298036, -0.25895379570179666]], "T": [0.1000414162790155, -0.02900453295214557, 0.02986754004965291], "aligned_model": [[0.23903717556777176, -0.3000557897083679, 0.7683169824097758, 0.5900567213608056, -0.7416852633837393, 0.21629834126917383, -0.29818009589841854, -0.28884891277497016, 0.7245787372019122, 0.20073975832239235, 0.08979872241864527], [-0.695308640894686, 0.1782460798600889, 0.2782548534927134, -0.25811362855094006, -0.08041710673717152, 0.6183829462396333, -0.5542105833232038, 0.06090452236945425, 0.08056317013044202, -0.6358921333234394, -0.03586065321511837], [-0.27835716731634924, -0.6142391639960113, -0.18924266991482117, -0.601525099960009, -0.08963785260975277, 0.16662873538485715, -0.0032633499503117516, 0.40512709815424425, 0.33576556579843, 0.33682281754336035, -0.008019496603611856]], "inverted": true, "swapped": false, "error_lsq": 0.041996561134732005, "error_max": 0.17643014016813108, "target": "737.xyz", "model": "23.xyz", "model_rescale": 4.410303926677745, "target_rescale": 3.7728184588541476},
{"mapping": [7, 0, 6, 13, 3, 5, 1, 10, 14, 11, 16], "R": [[-0.0077559474300291364, 0.7698082719849717, 0.6382280702562171], [-0.8600360994079788, -0.3307623413267785, 0.38850248554563604], [0.5101742378781706, -0.5458859752215106, 0.6646282788611152]], "T": [0.15051017537114306, 0.006815929139509916, 0.05665461808769539], "aligned_model": [[0.1445540053730446, -0.24893754644767488, 0.7658951748180791, 0.7023845997014114, -0.7424973845571541, 0.15548966749131582, -0.4242240630380576, -0.2401999335509449, 0.7793181957090645, 0.27476128302435976, 0.033512378261537024], [-0.503086296260841, 0.03368926938571255, 0.34945442509007507, -0.1766230019025658, 0.05377506319126073, 0.5959124823985047, -0.623351917408996, -0.11625410440655931, -0.1083106167400137, -0.5408936488273931, -0.007762828471411614], [-0.3698370480126181, -0.5837399104678941, -0.22934932123522117, -0.3382775307396854, -0.04123982646397407, -0.16366898261030094, -0.03770845703680437, 0.562602563932596, 0.2791323518211857, 0.34871174787744824, 0.03343382946529233]], "inverted": false, "swapped": false, "error_lsq": 0.043252310317751515, "error_max": 0.2513358831085327, "target": "737.xyz", "model": "24.xyz", "model_rescale": 4.28219845311461, "target_rescale": 3.7728184588541476},
{"mapping": [13, 11, 6, 2, 9, 8, 7, 3, 0, 4, 15], "R": [[0.21072485640121497, -0.840569304995817, 0.49903735170179075], [0.9747013006163443, 0.14175691283361347, -0.17280726906206867], [0.07451449168782007, 0.5228271427180621, 0.849175699938342]], "T": [0.034134808682622406, -0.0343772800589305, -0.1449080988290481], "aligned_model": [[0.015805675907471825, -0.22897515543638736, 0.804865775276629, 0.6190249198107513, -0.6378270357743389, 0.17545785414452586, -0.3484039597142977, -0.299675027259905, 0.7380305259207361, 0.2643507761489426, 0.09740202776085297], [-0.5602741486791083, 0.23981650723661083, 0.42400589761293983, -0.3355809110840655, -0.10731092005388376, 0.6369591558206095, -0.677913996964051, -0.10850831961067692, -0.03258622368918624, -0.48200087386978047, -0.04005734067163532], [-0.4206126207437364, -0.5348670518464334, -0.23466206543514592, -0.3345392011032233, -0.14025539746804772, -0.03869489997526651, 0.06739025353990308, 0.5501609101641776, 0.26750162875594474, 0.38545243855388855, -0.10681457791203641]], "inverted": true, "swapped": false, "error_lsq": 0.0422439877350152, "error_max": 0.2361232396833865, "target": "737.xyz", "model": "25.xyz", "model_rescale": 4.100010024507729, "target_rescale": 3.7728184588541476},
{"mapping": [10, 7, 3, 8, 5, 2, 4, 6, 1, 0, 11], "R": [[0.06018411406956312, -0.9276822044323876, -0.36848826303306836], [0.8518555238434631, -0.14469077751240897, 0.5033952178956747], [-0.5203076387206332, -0.34419515755210817, 0.7815431239583894]], "T": [0.12173815286540043, -0.0934498820606714, -0.06132895700231824], "aligned_model": [[0.23895689588346636, -0.0547191421113222, 0.5838190563174837, 0.6143520955158664, -0.6114235085328962, 0.14574524891722823, -0.5853362951975142, -0.24860399853402074, 0.7182991417760519, 0.3710378881339257, 0.027928994616711805], [-0.6860034206105743, 0.19967912934359028, 0.4556055294829974, -0.20558141660890755, 0.04341982201845601, 0.5921105861514279, -0.5781595727700007, -0.02492824067276203, -0.0305984095934701, -0.6473175867133047, -0.16167759397967946], [-0.28525401761802005, -0.6457042237770252, -0.43960269409130037, -0.41006360027859956, -0.15036171885160332, 0.21649794980953638, 0.11457391637170244, 0.46652861251935795, 0.3119152427876475, 0.39135159666850017, -0.10982164701017141]], "inverted": false, "swapped": false, "error_lsq": 0.04837134558420748, "error_max": 0.2207483643168406, "target": "737.xyz", "model": "26.xyz", "model_rescale": 3.6694154284099745, "target_rescale": 3.7728184588541476},
{"mapping": [2, 6, 5, 0, 12, 7, 11, 9, 8, 10, 13], "R": [[0.7553760199047108, -0.48102676252485654, 0.4449947441125274], [-0.6133239960412311, -0.2798675691428477, 0.7385850117773105], [-0.23073955974850596, -0.8308353612340589, -0.506430506674052]], "T": [0.18217982686644688, -0.03651608784114575, -0.037930585340808856], "aligned_model": [[0.03351414637845626, -0.19918810758347846, 0.802136458842264, 0.578652165925899, -0.5952437039539972, 0.2136372314970471, -0.41034903404129175, -0.20022644862752567, 0.5760326453704451, 0.22940713627451845, 0.17168388670264378], [-0.5689478094495098, 0.07914506306726428, 0.3903315756214116, -0.19626543874209312, -0.1450716293744982, 0.573432918326544, -0.6409555359614951, 0.053619488482228125, -0.005517103432677584, -0.5018778834159008, -0.08134481907350094], [-0.4335877898417244, -0.5968325700826159, -0.28172013882271496, -0.542136071606671, -0.15438298542996304, 0.11406009295032206, 0.1025613069253906, 0.5192987694261795, 0.46434046972025045, 0.340353303237797, -0.07189496994622574]], "inverted": true, "swapped": false, "error_lsq": 0.04302518674099255, "error_max": 0.24396252989219439, "target": "737.xyz", "model": "27.xyz", "model_rescale": 4.103607728864725, "target_rescale": 3.7728184588541476},
{"mapping": [5, 10, 11, 6, 3, 13, 0, 2, 8, 1, 14], "R": [[0.33154502329935764, 0.6142013809580975, 0.716124682687725], [0.5410973967594772, -0.7455987290646559, 0.3889680480930111], [0.7728463655511006, 0.25853278098983157, -0.5795423163222151]], "T": [0.09343637617471992, 0.013837426041772988, -0.15336372919647334], "aligned_model": [[0.3339071234848421, -0.10202450298957841, 0.6709206719886234, 0.4582286245686178, -0.6485738643118943, 0.26527646938498295, -0.2994050561210003, -0.3297972968980518, 0.7156912790430027, 0.09069540129825662, 0.045137527337180024], [-0.6597195990844452, 0.18594670500143648, 0.33157491886307555, -0.17750646420777239, -0.06890353330584495, 0.5596895724796491, -0.5587235196092365, 0.01978286541742627, 0.041444625930010845, -0.630638147892658, -0.08639859754386874], [-0.30710105053745207, -0.591483252977435, -0.34731219452486994, -0.6345927744833972, -0.07522545927678731, 0.15059177667297563, 0.012592028669036415, 0.4484324289501551, 0.3798497882403362, 0.4691349083389684, -0.04482678254150614]], "inverted": false, "swapped": false, "error_lsq": 0.048827676473135025, "error_max": 0.3242567442140106, "target": "737.xyz", "model": "28.xyz", "model_rescale": 4.137296879288765, "target_rescale": 3.7728184588541476},
{"mapping": [2, 4, 8, 3, 6, 9, 5, 0, 7, 1, 10], "R": [[0.9219370936000071, 0.3422515992107483, -0.1813720989624839], [0.041739995980920014, -0.5533081038294765, -0.8319302344380459], [-0.38508410533269805, 0.7594168717340395, -0.5244008454853986]], "T": [0.12834088979263386, -0.07526126135248953, -0.053158480187072116], "aligned_model": [[0.22045668036479804, -0.21374404603992642, 0.6611823972825515, 0.5433660323126588, -0.557777205921252, 0.0450146987585027, -0.3401803041490368, -0.16509063816512465, 0.6958034452953996, 0.217854743178309, 0.09317057386810099], [-0.8149379170133991, 0.09068486980105425, 0.36291385374563545, -0.194844617263412, 0.1165757850023744, 0.6666419092390033, -0.5585317413517336, -0.04597944669455248, -0.03382080045749783, -0.6188908981630009, -0.013262170796699085], [-0.29088143293608104, -0.7277470518437692, -0.2591593888753695, -0.5816683448328728, -0.1458317197807032, 0.17799222304116688, -0.041510243391152474, 0.5821059183887457, 0.3830538087124401, 0.46007933401133805, -0.09637368596371833]], "inverted": true, "swapped": false, "error_lsq": 0.047409506137682994, "error_max": 0.23415866100780733, "target": "737.xyz", "model": "29.xyz", "model_rescale": 3.607286011436655, "target_rescale": 3.7728184588541476},
{"mapping": [8, 6, 7, 5, 0, 2, 9, 1, 12, 11, 14], "R": [[-0.15342178698214315, -0.9358901309423004, -0.3171299703339462], [-0.8506825800942182, -0.03820396086988753, 0.52428961967418], [-0.5027931017858639, 0.3502143917354851, -0.7902841113282578]], "T": [0.19881779276611355, -0.16544138781926365, -0.08919967630606053], "aligned_model": [[0.04550785483131839, -0.0188797815711238, 0.5489299530487686, 0.8172863377193823, -0.6594024795763259, -0.06664970148856547, -0.4107887271721512, -0.2834126799609412, 0.8381771321192114, 0.2985040957533123, 0.09078437308209535], [-0.7854898364322058, 0.16039100207862167, 0.49537387979681335, -0.1567731600887542, 0.18615243031762013, 0.5800325323448695, -0.6024003231707105, 0.01480804068793301, -0.19781439536695436, -0.4868722430216637, -0.25085910109779674], [-0.3283334413583772, -0.39836627585166284, -0.2892837132634242, -0.5340847741849699, -0.24571144676529955, 0.06551033352043976, 0.13884437113451298, 0.4332081849974093, 0.22412689705707517, 0.3917118636654344, 0.0024374175788865887]], "inverted": true, "swapped": false, "error_lsq": 0.05420782190994207, "error_max": 0.24022168068901875, "target": "737.xyz", "model": "30.xyz", "model_rescale": 3.964800864290218, "target_rescale": 3.7728184588541476},
