[{"mapping": [7, 2, 4, 8, 9, 6, 3, 0, 5, 10, 1, 11], "R": [[-0.2861876319199256, -0.1492891567090162, 0.9464720740862755], [-0.7635822923790604, 0.6322491388984256, -0.13116062338727585], [-0.5788252949735393, -0.7602458642119078, -0.29493644035195987]], "T": [-0.11801295435162276, -0.07031586878506324, -0.1704497549547019], "aligned_model": [[0.7023446571558315, -0.7527193145505893, -0.7947036869914992, -0.3307520925844266, 0.21893484535645155, 0.3158787035846774, -0.2217798159442254, -0.44849951963558377, 0.1407000359909613, 0.3522761326559364, -0.10545682893314497, -0.13240763277221126], [-0.3003072900767454, -0.5409303118163827, 0.36833939961781575, -0.43622273223761837, -0.004246251263946371, -0.6079965137496682, 0.45709502144435854, -0.017427418313438456, 0.045899255628997715, 0.4119576679048961, -0.6539114589101457, -0.06432037081472146], [0.24273379413701748, -0.014180346816948158, -0.2153905449482251, -0.6436914659581672, -0.6719050474190112, -0.3890636626977635, -0.6006853951445352, 0.34990861768383086, 0.6094527812735958, -0.08099721773512501, 0.23097158281894856, -0.10270683558036571]], "inverted": false, "swapped": false, "error_lsq": 0.06427024019568973, "error_max": 0.31651782707376885, "target": "738.xyz", "model": "0.xyz", "model_rescale": 3.751011558992144, "target_rescale": 3.806525504354124},
{"mapping": [4, 0, 13, 2, 5, 8, 9, 12, 6, 10, 1, 14], "R": [[0.40413382396760716, 0.7555467235531842, -0.5155821960205451], [-0.3081210904747017, -0.4182725893106389, -0.854464413908534], [-0.8612416884533634, 0.5041797195042879, 0.06376177938685407]], "T": [-0.11775780089147013, -0.10017460463270682, -0.04348585894488598], "aligned_model": [[0.6315023398721954, -0.5393982753888003, -0.5766264015608891, -0.4743308938784828, -0.01933124823650395, 0.2263551964111598, -0.10270420206177926, -0.6884405118987239, 0.07501551347191977, 0.5460430663882039, 0.008668236074274374, -0.14293733586039664], [-0.3370137115939895, -0.7190532661517346, 0.18342019100399026, -0.4849789916945985, 0.04978339258856758, -0.5191146714568117, 0.5043827924400821, 0.3092357924318745, -0.02099999367224653, 0.38128097319007614, -0.6368341506972289, -0.052179358974579385], [0.0464610631058584, 0.0778114249553238, -0.5298147574364811, -0.6826410161983542, -0.6417423756644816, -0.42623083622961494, -0.3051600153706649, 0.19875260664232092, 0.677829311780612, -0.04824855890851083, 0.3827752561369304, -0.03534584319968643]], "inverted": true, "swapped": false, "error_lsq": 0.047866846471790646, "error_max": 0.25208756257828285, "target": "738.xyz", "model": "1.xyz", "model_rescale": 3.9405287249114394, "target_rescale": 3.806525504354124},
{"mapping": [11, 2, 4, 8, 3, 9, 7, 1, 0, 6, 5, 12], "R": [[-0.30479409022730825, -0.08306787801746687, 0.9487888543844636], [0.8015830844759105, 0.5156242764334377, 0.30264858207924805], [-0.5143589420284176, 0.852778595647293, -0.09057342635253393]], "T": [-0.07681431006756001, -0.08159972514091413, -0.14443711183122376], "aligned_model": [[0.5704344462166392, -0.4643871005657968, -0.6276841090052279, -0.2803878025969727, 0.06995499410492981, 0.1492972523930922, -0.09723646874922098, -0.6788168809366844, 0.07483916630436058, 0.30278230531618, 0.07455444314484572, -0.14953476229396748], [-0.3509619560089769, -0.4664201125194367, 0.08061410232673397, -0.5028555202697902, 0.1907237797334867, -0.7884767513528947, 0.6922086964821348, 0.2435386649775128, 0.04364790445624481, 0.25535794943262247, -0.6143017095820733, -0.12514605026216263], [-0.01744370606730089, 0.2628345776401468, -0.5468359943836978, -0.7623296253960652, -0.625164018311958, -0.4599993691202867, -0.31681261825881324, 0.2544416470622881, 0.6705746933964571, 0.04978345485682603, 0.3260864016089887, -0.1206891834133329]], "inverted": false, "swapped": false, "error_lsq": 0.052390316893182194, "error_max": 0.3285003227326799, "target": "738.xyz", "model": "2.xyz", "model_rescale": 3.932901565614263, "target_rescale": 3.806525504354124},
{"mapping": [12, 7, 0, 4, 2, 6, 1, 3, 8, 10, 9, 13], "R": [[0.8000346743101499, -0.3460418680084112, 0.49010156650096726], [0.5703120533598308, 0.6922434531599722, -0.44220262702708063], [-0.18624897769906357, 0.6332882654387393, 0.7511706138845202]], "T": [-0.11256898635426296, -0.055561772041764323, -0.006194421234377093], "aligned_model": [[0.5723004185297806, -0.5438147893745736, -0.611928062834084, -0.47499107819772646, -0.1461655393409195, 0.3474215838392315, -0.041137906379921735, -0.487748144385046, -0.2804349742336997, 0.5558021578719503, 0.06542184031474685, -0.010910022477560705], [-0.3897968414786834, -0.6009105201867215, 0.1570868736644909, -0.5087726322131672, 0.013599122505511763, -0.23065606634241995, 0.5624511232905371, 0.22037233241499998, -0.04983784749291015, 0.20044077055325504, -0.6072889361120855, -0.10875838118940608], [0.042494661441404055, 0.1561765971809722, -0.39909567518951883, -0.6592461405524422, -0.8358256016218643, -0.47994849680331386, -0.4083464856687632, 0.20305769335033919, 0.7083508693756225, -0.03599630123984164, 0.44514729126010183, -0.02232215191944433]], "inverted": false, "swapped": false, "error_lsq": 0.054092374025507324, "error_max": 0.2840076139944902, "target": "738.xyz", "model": "3.xyz", "model_rescale": 3.9243930471874484, "target_rescale": 3.806525504354124},
{"mapping": [2, 9, 11, 8, 10, 4, 6, 5, 0, 3, 7, 12], "R": [[0.9026537007459918, -0.40416150678508145, -0.14788432291077452], [-0.30052800916614586, -0.8379112322972058, 0.4556179128357569], [-0.30805715741757833, -0.36682181399610214, -0.8778055277454173]], "T": [-0.1700510767505394, -0.14336513232116704, -0.16343386742271426], "aligned_model": [[0.5868983178847338, -0.8032189403296219, -0.8003110215745725, -0.24132295267342563, -0.06905447152973851, 0.33457916874001337, -0.17798280254373267, -0.39868201449322993, 0.1567539691888932, 0.3864389725910019, 0.15547621373480067, -0.18575895566294448], [-0.31877837920324864, -0.4411046130396925, 0.22076336112217004, -0.6644442455762676, -0.011572021751250383, -0.42516818261487743, 0.5783213083530456, 0.3091631051744146, 0.06939120244455832, 0.23435046219652084, -0.8018998527900578, -0.09109314690191378], [0.3340320078824742, -0.25363946552525907, -0.47378354697887337, -0.509458788993312, -0.8486768763320295, -0.2987210642352044, -0.1883794844653604, 0.3992109480256497, 0.5923806318601268, -0.13887526390637797, 0.15794249138174032, -0.057585329100323074]], "inverted": false, "swapped": false, "error_lsq": 0.06381999845551975, "error_max": 0.3514758484658612, "target": "738.xyz", "model": "4.xyz", "model_rescale": 3.8936222436046832, "target_rescale": 3.806525504354124},
{"mapping": [6, 10, 2, 4, 1, 5, 0, 3, 8, 9, 7, 11], "R": [[-0.10590154990529677, -0.6405553214437332, 0.7605746129721738], [0.4169817135813245, -0.7229838163764902, -0.5508363203316102], [0.9027242725585918, 0.2588112853563417, 0.3436649622899607]], "T": [-0.09013995865467607, -0.11547095873006488, -0.015931063593602385], "aligned_model": [[0.6675941003905363, -0.6206534951650509, -0.6713330744380549, -0.4426253624042399, 0.1987400318829543, 0.2534896605610541, -0.20715031759245922, -0.42808046919119724, -0.13083845256932353, 0.30520138383324236, 0.07087087583152062, -0.05139939780680438], [-0.3514726084188055, -0.40969514692592424, 0.04728168644178879, -0.5994213368425566, 0.15920809135653555, -0.6518569368592221, 0.7079577836918007, 0.30711372594599007, 0.009200908853042561, 0.32040004848120385, -0.6742422450983143, -0.20654497321213752], [-0.08485816432165483, 0.16142426940996835, -0.45511736071555864, -0.5376308532956248, -0.7117820086037748, -0.5173087897751142, -0.31757985114597687, 0.17771920864153648, 0.7111613544367629, 0.17316582113415346, 0.2697220268788896, -0.15446939303035523]], "inverted": false, "swapped": false, "error_lsq": 0.04971645815769076, "error_max": 0.21951081496820324, "target": "738.xyz", "model": "5.xyz", "model_rescale": 3.6523030999806103, "target_rescale": 3.806525504354124},
{"mapping": [11, 8, 1, 5, 3, 7, 2, 6, 10, 4, 9, 12], "R": [[-0.8810520927384482, 0.043852353098802144, 0.470982145106265], [-0.3589425026860575, -0.7104621565805005, -0.6053129800627556], [0.3080705919861072, -0.702367777730928, 0.6416946432366779]], "T": [-0.14785468103499821, -0.1263479111445297, -0.12018497223162261], "aligned_model": [[0.7039766384946365, -0.6410752737447716, -0.5906274278413319, -0.46898218652369583, 0.1987292093896395, 0.27127836283106915, -0.1563662117153261, -0.6005020308828758, 0.04274971165234534, 0.27154722420447786, 0.04017778092075583, -0.1270903134527456], [-0.30906064983416226, -0.5304652387276375, 0.24643841705592895, -0.5585505487176795, 0.04270997267901522, -0.5503612154428889, 0.6310833312437506, 0.12015803621311627, 0.10396926563643707, 0.2577790279741041, -0.6322069292227738, -0.16356447144380906], [0.004588668133294893, 0.09689965444792314, -0.5040567140749587, -0.5372959110478603, -0.6980601678951908, -0.453888836480654, -0.1695519764828613, 0.27600899120688305, 0.6004376788382192, -0.044818278979468495, 0.360869413737796, -0.21668626178987138]], "inverted": true, "swapped": false, "error_lsq": 0.038603032475470846, "error_max": 0.18009817341875048, "target": "738.xyz", "model": "6.xyz", "model_rescale": 4.08911054899281, "target_rescale": 3.806525504354124},
{"mapping": [4, 13, 1, 2, 0, 6, 9, 11, 10, 8, 5, 14], "R": [[-0.7530286023347138, 0.21072833320780388, -0.6233309663808532], [-0.5782561145870717, -0.6639555608843714, 0.47411272827607487], [-0.31395507641777487, 0.7174653878440274, 0.6218324752192737]], "T": [-0.08737078651906596, -0.19001550845606843, -0.03742749281985569], "aligned_model": [[0.6042681133275413, -0.7667779759193, -0.5802342856766768, -0.4306994118603119, 0.05258798492305358, 0.13043307336012352, -0.09857832785852211, -0.45513575895695957, 0.018637617955331837, 0.34596768516939913, 0.25867138393415734, -0.13532461506565863], [-0.2781020136833037, -0.4573372864878841, 0.10719449185872656, -0.5633806820430289, -0.028424866648326913, -0.4155390758058629, 0.5580261905175298, 0.15254575907930237, 0.006720691803493106, 0.2949863046548328, -0.6836341918120423, -0.035126324020034294], [0.06613837761090874, 0.01585909398026325, -0.49206784053042824, -0.6642156910694108, -0.9533730096932467, -0.4258133391698798, -0.27166095652990574, 0.26577502364310535, 0.6476505933792325, 0.1678527632176592, 0.4285088132277254, -0.07020756845277189]], "inverted": false, "swapped": false, "error_lsq": 0.043526152705068044, "error_max": 0.24697552967195815, "target": "738.xyz", "model": "7.xyz", "model_rescale": 3.964800864290218, "target_rescale": 3.806525504354124},
{"mapping": [11, 8, 1, 7, 2, 12, 0, 5, 10, 6, 9, 13], "R": [[-0.17092008909369227, 0.9819431580900959, 0.08107994464880469], [-0.71597926993585, -0.06724912230042235, -0.6948749819729805], [-0.6768751791625478, -0.17681965340389, 0.7145451714229107]], "T": [-0.024710558390720755, 0.005549493154368895, -0.1530783693795012], "aligned_model": [[0.675673431321462, -0.5558340447324649, -0.6793899909675328, -0.3755934775369868, 0.060725965778494484, 0.15742677025867033, -0.12051826670672984, -0.5902948973511063, -0.04157350477984494, 0.46175367857558924, 0.018970498243514072, -0.06753067877088709], [-0.3155681717504004, -0.4830465395305614, 0.10032859614202755, -0.41809000338612134, 0.10788829355396187, -0.7020894135505973, 0.6462422805867427, 0.1176694427837994, -0.09682775467380536, 0.3089293949027879, -0.570102230715755, -0.03740489694867681], [0.1526650471230187, 0.11194868680159581, -0.5073828336050497, -0.6050340297976748, -0.8017971821364207, -0.3447763310755845, -0.4588446325317871, 0.45240837315597177, 0.6620096952941497, -0.06465323411557364, 0.22185333758229403, -0.10395063708168777]], "inverted": false, "swapped": false, "error_lsq": 0.04719313136049949, "error_max": 0.24263547189489443, "target": "738.xyz", "model": "8.xyz", "model_rescale": 4.121658175737393, "target_rescale": 3.806525504354124},
{"mapping": [10, 2, 6, 8, 7, 11, 9, 1, 0, 5, 3, 12], "R": [[0.37721467719345364, -0.6553434238880048, -0.654395968872506], [0.6538107017226092, 0.6888834255698553, -0.3130035020381262], [0.6559273234305979, -0.3097815726312476, 0.6883274828417671]], "T": [-0.07638767982404203, -0.07392630960031257, -0.1283712656189161], "aligned_model": [[0.5894875706306156, -0.5170088756156541, -0.6468574707441961, -0.48909796856068577, 0.20772871257575531, 0.22150922453838662, -0.1736848689721659, -0.5840825404287614, -0.00838595372580335, 0.40270632367735737, 0.08167542197204676, -0.14017409201471787], [-0.30396177899022647, -0.5205721100972617, 0.16932385564108962, -0.43457007358267596, 0.02791094358077316, -0.5475553838595746, 0.659311665393889, 0.08979296454719662, 0.04727434819727247, 0.2881531095657227, -0.7692576430492529, -0.047920899933550795], [0.15478004419594932, 0.16946584015619576, -0.4375243423487448, -0.6081208156956716, -0.7317931410489182, -0.4283129415179158, -0.510582131562343, 0.3079470167182994, 0.6459093094437488, 0.016836641538939046, 0.20958492095671094, -0.07374414122299791]], "inverted": true, "swapped": false, "error_lsq": 0.04632235786253017, "error_max": 0.24091173107324063, "target": "738.xyz", "model": "9.xyz", "model_rescale": 3.833441315466971, "target_rescale": 3.806525504354124},
{"mapping": [3, 0, 10, 13, 8, 2, 11, 12, 6, 7, 4, 14], "R": [[-0.5216194236301488, 0.8531774887495087, 0.0011617154702237148], [0.8468045353557205, 0.5178882661673238, -0.12130054685443833], [-0.1040925347598657, -0.06228897540725564, -0.9926151458395045]], "T": [-0.139894061810949, -0.12420728152877523, -0.035725644435336906], "aligned_model": [[0.7004690680084312, -0.7544487029376126, -0.6639907568133168, -0.38800358932904966, -0.04147345050475301, 0.1948955317580543, -0.10668915432494405, -0.4931274797547928, -0.10431740427024519, 0.3763367389418467, 0.2773640326944761, -0.05319935013591663], [-0.34213180475131694, -0.39727030130722085, 0.2267973412309438, -0.7123150306867667, 0.16651665640333674, -0.6055954855516926, 0.5429209334711935, 0.24081479290456737, -0.0953877665378375, 0.2969288089329551, -0.5296359002384374, -0.1337132464563234], [-0.01081456324571917, -0.1433460049756199, -0.5628618247614197, -0.5134886391824404, -0.7522117486691178, -0.4514558213447435, -0.1741975185230805, 0.2883192520448604, 0.6418681166330736, -0.04373379319474706, 0.5096511957321898, -0.07328239089998372]], "inverted": false, "swapped": false, "error_lsq": 0.046428131900875046, "error_max": 0.23790622813193915, "target": "738.xyz", "model": "10.xyz", "model_rescale": 4.2482417240324, "target_rescale": 3.806525504354124},
{"mapping": [3, 10, 4, 9, 5, 7, 6, 0, 1, 2, 8, 11], "R": [[0.9272465310267058, -0.2539754847156094, 0.2751550905624171], [-0.29288207972503644, -0.03406538687569373, 0.9555415411131779], [-0.23331086145929442, -0.9666105744199579, -0.1059718799712515]], "T": [-0.05442460428508329, -0.07833294135896705, -0.059707784062913966], "aligned_model": [[0.6313821980915144, -0.5637429227332599, -0.6882582269923884, -0.39188585947661764, -0.04561844403695245, 0.3001371204580672, -0.1536745141430712, -0.6230900630201821, 0.05241543206812742, 0.5617926698106779, -0.006270398862901969, -0.12937150783083598], [-0.44932581820406337, -0.462053721233298, 0.20637258881755188, -0.6464442675567302, 0.12083366446060369, -0.48167047566975, 0.5439243407041123, 0.11876030973972736, 0.07480486037413249, 0.32872636383238274, -0.58908066335857, -0.10691818449269772], [0.16413354723211535, 0.0317010564299485, -0.5917202651617008, -0.5523337318460967, -0.7838909687541398, -0.47221361851694, -0.21276812659365213, 0.4003066965209032, 0.6216735879092, -0.011372708312454446, 0.2774505851453689, -0.15651979443930042]], "inverted": false, "swapped": false, "error_lsq": 0.040536137660177, "error_max": 0.21905452328429734, "target": "738.xyz", "model": "11.xyz", "model_rescale": 3.6694154284099745, "target_rescale": 3.806525504354124},
{"mapping": [9, 1, 0, 4, 6, 11, 5, 12, 10, 7, 8, 13], "R": [[-0.17291782161205235, 0.11561323568183679, -0.9781272957565998], [0.8139676676984633, 0.5759407312323306, -0.07582156717644989], [0.554577373240621, -0.8092748938665679, -0.19369585242536447]], "T": [-0.11010374312122428, -0.127347573366712, -0.08023804390737654], "aligned_model": [[0.6304217836890892, -0.888812073208655, -0.6510871976993383, -0.3858508691402084, 0.03368156857496912, 0.39041145059174076, -0.1507476532244194, -0.4820818039999293, 0.09997691967042696, 0.4235348975781934, 0.1418912707282336, -0.21752281022792513], [-0.3063639548940459, -0.4330171316043028, 0.07331324267674963, -0.6003574420622123, 0.0537172525163393, -0.5184023795023398, 0.6409328232792528, 0.2705908347491627, 0.01637205543967507, 0.37413478231853015, -0.7836752125442765, -0.129315872959131], [0.17326017339849897, 0.04880827305224672, -0.5019132781848477, -0.5781374678468187, -0.5963738268386115, -0.456521618313401, -0.30972463867431366, 0.3260203047300527, 0.5017753328505956, 0.045899050392446517, 0.1996376327022678, -0.13828367765486427]], "inverted": true, "swapped": false, "error_lsq": 0.05114098183506574, "error_max": 0.26779673854307473, "target": "738.xyz", "model": "12.xyz", "model_rescale": 3.9764082729961374, "target_rescale": 3.806525504354124},
{"mapping": [3, 1, 5, 0, 4, 7, 6, 13, 11, 14, 8, 15], "R": [[0.4918817226913587, -0.8317963114253683, -0.25722998888413706], [-0.8208428785033416, -0.3445307195952487, -0.4555387492470082], [0.29029181816325755, 0.4352165892453228, -0.8522424424734657]], "T": [-0.2580590535654179, -0.14695505612847723, -0.07360579597083985], "aligned_model": [[0.558217742080139, -0.6156681070944343, -0.6895049966939758, -0.3637255447227622, 0.004197945762885902, 0.19950147628700804, -0.10474561069762775, -0.3570586992396061, 0.12604435097670774, 0.27343366254536616, 0.07528894059575275, -0.16216567646727584], [-0.27475592259795906, -0.6088667072475572, 0.18942690740969684, -0.5402251647017912, -0.002335317256629388, -0.5615456162748995, 0.5778055852077465, 0.3402165662806903, -0.08070262719369228, 0.37138714956488694, -0.6255385630034175, -0.1269372927736735], [0.08702601511862976, 0.17554470002610165, -0.7088423492317727, -0.6746724710173692, -0.7264228600946114, -0.5092509817374603, -0.2603564497987767, 0.28324631157863744, 0.6182178007854432, 0.22244300084007276, 0.3257559177481357, -0.11824237460377837]], "inverted": true, "swapped": false, "error_lsq": 0.052277083256870395, "error_max": 0.2969054080376769, "target": "738.xyz", "model": "13.xyz", "model_rescale": 4.170626492500431, "target_rescale": 3.806525504354124},
{"mapping": [7, 3, 6, 2, 4, 0, 12, 11, 9, 10, 1, 13], "R": [[0.9640669597852344, -0.2386907483985141, 0.11662599915719017], [0.10272364426790878, 0.739795184321317, 0.6649443120768153], [-0.24499540803610137, -0.6290705937205667, 0.7377312777409389]], "T": [-0.06674263051032273, -0.10285475114072538, -0.1889885639405219], "aligned_model": [[0.6948150754276604, -0.6004307083912002, -0.8655060043520286, -0.3148726565158285, 0.03583812391095029, 0.22273874512316802, 0.08345126550025742, -0.5030319796826465, -0.04371240402065309, 0.2594117952373468, 0.1188359558497416, -0.14372172475459002], [-0.2881694225430395, -0.4421966626227624, 0.08526272265452518, -0.5206610161576626, 0.08814202758585439, -0.6096001173695158, 0.5986946288583901, 0.2595395816134726, -0.04990475427825035, 0.2295072994943851, -0.6533265079130928, -0.03935878190890284], [0.018660505352689205, 0.0857798968940787, -0.37359126081138494, -0.6326118076321124, -0.8643111164526183, -0.31255261006589563, -0.3338208193610347, 0.23289009458296325, 0.6190784784290931, 0.129581778115454, 0.3143561521099103, -0.1690130315478906]], "inverted": false, "swapped": false, "error_lsq": 0.04226488093298026, "error_max": 0.22623723443826518, "target": "738.xyz", "model": "14.xyz", "model_rescale": 3.9786697098870705, "target_rescale": 3.806525504354124},
{"mapping": [6, 0, 2, 3, 8, 9, 5, 4, 10, 7, 1, 11], "R": [[-0.3207138745420124, -0.08483853997323298, 0.9433689802041728], [0.3692220045266398, 0.9059944252210322, 0.20700051410984918], [-0.8722486583822188, 0.41470052279159475, -0.2592407266360702]], "T": [-0.048261997243824226, -0.12195367095465094, -0.07984869948417454], "aligned_model": [[0.5950807559653063, -0.5434932598648342, -0.8065486109024651, -0.3461675419655217, -0.07679415370708821, 0.1715938576005251, -0.18220763402356677, -0.4891828232217262, 0.10454306390380529, 0.5033349904356996, -0.005502935262656675, 0.01915977437470008], [-0.5498586308121136, -0.6103709814705457, 0.07061378711602435, -0.48360460398509203, 0.13686865766620138, -0.5500347077419733, 0.6471592740098134, 0.17231741369810694, 0.23326754185904275, 0.2364814819022718, -0.448642039573111, -0.19626819525522388], [0.09440151723475883, -0.07951196522126465, -0.4563677586370188, -0.8708038950325304, -0.5319825781936006, -0.474594563405478, -0.2674211708271353, 0.2265955597986546, 0.6568937872448893, -0.015498021399120557, 0.5135470065335233, -0.08081165848242584]], "inverted": false, "swapped": false, "error_lsq": 0.055393408430988195, "error_max": 0.24732956344158394, "target": "738.xyz", "model": "15.xyz", "model_rescale": 3.769337070930944, "target_rescale": 3.806525504354124},
{"mapping": [2, 6, 1, 7, 3, 4, 5, 9, 10, 8, 11], "R": [[-0.6514927688231169, 0.5499686109752479, 0.5225817630889403], [0.4211232997847564, 0.8351195911075885, -0.3538791247399209], [-0.6310406789974693, -0.010478334326161853, -0.7756789709410474]], "T": [-0.010390238783212333, -0.04193487410159682, 0.17169432869660584], "aligned_model": [[-0.35452486663413213, -0.2525867638292041, -0.1705870452268529, -0.610586198393432, 0.4437142137227027, 0.35957630478280306, 0.6185535862021745, 0.13045704563573451, 0.20974926532025098, -0.45059350114537, -0.0005459097435037644], [-0.09487749137812665, -0.6239749291876873, 0.6822764475242251, 0.13855923396473677, 0.38688102163458227, -0.374431010131546, 0.11744396021715314, -0.36161408136809714, 0.5289428784913051, 0.1751628538710133, 0.021695613987783656], [-0.6465532576778709, -0.16877865596507124, -0.22119624298989737, 0.08336479734000557, -0.5774895375227687, -0.3638993111669597, 0.014332537411461399, 0.4356784331558027, 0.5331523491499484, 0.7126157645330692, -0.0570092690439426]], "inverted": true, "swapped": true, "error_lsq": 0.048490771400544315, "error_max": 0.2806264519521323, "target": "738.xyz", "model": "16.xyz", "model_rescale": 3.7852294659196426, "target_rescale": 3.806525504354124},
{"mapping": [6, 0, 3, 4, 1, 5, 2, 8, 9, 7, 10, 12], "R": [[-0.263545837430582, 0.5847879048360096, 0.7671810072795879], [0.6618783549428466, -0.4689364044232817, 0.5848210767958992], [0.7017553952989346, 0.6619076634728398, -0.2634722190379121]], "T": [-0.109939403567552, -0.04048629141241737, -0.1035984096137111], "aligned_model": [[0.7086117008857131, -0.6927005098757992, -0.7599775007466412, -0.23110491741922745, -0.09342263965370906, 0.24976117780069168, -0.037575773093964315, -0.4470873434810067, -0.36647828177828895, 0.5305878356194589, 0.17323849275972897, -0.09003675768477837], [-0.3324665716081932, -0.38086424304055055, 0.22081348491463731, -0.6705375230113237, 0.06561174762778509, -0.3893127640926186, 0.5357918529101702, 0.304958751057727, -0.19869515015440287, 0.2036708049604411, -0.6348457151023433, -0.06619567704792689], [0.07560773223728733, -0.002210546639165256, -0.47998686622439957, -0.40383339908588217, -0.783837012508833, -0.5292092580201151, -0.2953118060967577, 0.3336714161202205, 0.7065988172969814, -0.2503607117442709, 0.36094677632816735, -0.01762888204998088]], "inverted": false, "swapped": false, "error_lsq": 0.05948112913259581, "error_max": 0.4234905526479736, "target": "738.xyz", "model": "17.xyz", "model_rescale": 3.901054581598922, "target_rescale": 3.806525504354124},
{"mapping": [4, 0, 13, 2, 5, 8, 9, 12, 6, 10, 1, 14], "R": [[0.40413382396760716, 0.7555467235531842, -0.5155821960205451], [-0.3081210904747017, -0.4182725893106389, -0.854464413908534], [-0.8612416884533634, 0.5041797195042879, 0.06376177938685407]], "T": [-0.11775780089147013, -0.10017460463270682, -0.04348585894488598], "aligned_model": [[0.6315023398721954, -0.5393982753888003, -0.5766264015608891, -0.4743308938784828, -0.01933124823650395, 0.2263551964111598, -0.10270420206177926, -0.6884405118987239, 0.07501551347191977, 0.5460430663882039, 0.008668236074274374, -0.14293733586039664], [-0.3370137115939895, -0.7190532661517346, 0.18342019100399026, -0.4849789916945985, 0.04978339258856758, -0.5191146714568117, 0.5043827924400821, 0.3092357924318745, -0.02099999367224653, 0.38128097319007614, -0.6368341506972289, -0.052179358974579385], [0.0464610631058584, 0.0778114249553238, -0.5298147574364811, -0.6826410161983542, -0.6417423756644816, -0.42623083622961494, -0.3051600153706649, 0.19875260664232092, 0.677829311780612, -0.04824855890851083, 0.3827752561369304, -0.03534584319968643]], "inverted": true, "swapped": false, "error_lsq": 0.047866846471790646, "error_max": 0.25208756257828285, "target": "738.xyz", "model": "18.xyz", "model_rescale": 3.9405287249114394, "target_rescale": 3.806525504354124},
{"mapping": [3, 8, 9, 4, 13, 12, 11, 5, 2, 10, 1, 15], "R": [[-0.2550472774291592, 0.6731862659376463, -0.6940973545756404], [-0.7960947930516785, -0.553619651301509, -0.2444143248027847], [-0.5488023020651236, 0.49023008174297533, 0.6771192658625931]], "T": [-0.09442889944028818, -0.21664085074635947, -0.21434778425081188], "aligned_model": [[0.7066753883723589, -0.7777071287301405, -0.6455407695167756, -0.3197133195259009, -0.03784998977685525, 0.2881552879879331, -0.07399834140717682, -0.6009883491325606, -0.032631945657494305, 0.37342627155971264, 0.1488116423228805, -0.08482326316380362], [-0.34434169025237493, -0.3740731495237625, 0.28675723234795675, -0.7908136444847425, 0.1327319402064539, -0.5134180614853014, 0.5023335145830197, 0.19649834871080063, 0.07974280795671856, 0.30011831995352106, -0.6217535472421813, -0.19585307335670676], [0.04517680131212745, 0.06958546180562222, -0.39288608141503356, -0.6070786865406977, -0.7853708357076739, -0.47065168380229006, -0.25761042630476616, 0.29943832743208176, 0.6003074473471885, 0.14893658840050109, 0.24634426686368574, -0.18174491977749346]], "inverted": true, "swapped": false, "error_lsq": 0.0402245897440805, "error_max": 0.19291447552434082, "target": "738.xyz", "model": "19.xyz", "model_rescale": 4.410303926677745, "target_rescale": 3.806525504354124},
{"mapping": [11, 8, 1, 7, 2, 12, 0, 5, 10, 6, 9, 13], "R": [[-0.17092008909369227, 0.9819431580900959, 0.08107994464880469], [-0.71597926993585, -0.06724912230042235, -0.6948749819729805], [-0.6768751791625478, -0.17681965340389, 0.7145451714229107]], "T": [-0.024710558390720755, 0.005549493154368895, -0.1530783693795012], "aligned_model": [[0.675673431321462, -0.5558340447324649, -0.6793899909675328, -0.3755934775369868, 0.060725965778494484, 0.15742677025867033, -0.12051826670672984, -0.5902948973511063, -0.04157350477984494, 0.46175367857558924, 0.018970498243514072, -0.06753067877088709], [-0.3155681717504004, -0.4830465395305614, 0.10032859614202755, -0.41809000338612134, 0.10788829355396187, -0.7020894135505973, 0.6462422805867427, 0.1176694427837994, -0.09682775467380536, 0.3089293949027879, -0.570102230715755, -0.03740489694867681], [0.1526650471230187, 0.11194868680159581, -0.5073828336050497, -0.6050340297976748, -0.8017971821364207, -0.3447763310755845, -0.4588446325317871, 0.45240837315597177, 0.6620096952941497, -0.06465323411557364, 0.22185333758229403, -0.10395063708168777]], "inverted": false, "swapped": false, "error_lsq": 0.04719313136049949, "error_max": 0.24263547189489443, "target": "738.xyz", "model": "20.xyz", "model_rescale": 4.121658175737393, "target_rescale": 3.806525504354124},
{"mapping": [11, 8, 1, 5, 3, 7, 2, 6, 10, 4, 9, 12], "R": [[-0.8810520927384482, 0.043852353098802144, 0.470982145106265], [-0.3589425026860575, -0.7104621565805005, -0.6053129800627556], [0.3080705919861072, -0.702367777730928, 0.6416946432366779]], "T": [-0.14785468103499821, -0.1263479111445297, -0.12018497223162261], "aligned_model": [[0.7039766384946365, -0.6410752737447716, -0.5906274278413319, -0.46898218652369583, 0.1987292093896395, 0.27127836283106915, -0.1563662117153261, -0.6005020308828758, 0.04274971165234534, 0.27154722420447786, 0.04017778092075583, -0.1270903134527456], [-0.30906064983416226, -0.5304652387276375, 0.24643841705592895, -0.5585505487176795, 0.04270997267901522, -0.5503612154428889, 0.6310833312437506, 0.12015803621311627, 0.10396926563643707, 0.2577790279741041, -0.6322069292227738, -0.16356447144380906], [0.004588668133294893, 0.09689965444792314, -0.5040567140749587, -0.5372959110478603, -0.6980601678951908, -0.453888836480654, -0.1695519764828613, 0.27600899120688305, 0.6004376788382192, -0.044818278979468495, 0.360869413737796, -0.21668626178987138]], "inverted": true, "swapped": false, "error_lsq": 0.038603032475470846, "error_max": 0.18009817341875048, "target": "738.xyz", "model": "21.xyz", "model_rescale": 4.08911054899281, "target_rescale": 3.806525504354124},
{"mapping": [5, 13, 2, 14, 15, 9, 1, 0, 6, 8, 10, 16], "R": [[0.47115075980962084, -0.8818599853808505, -0.018437128705499177], [0.8820485320191821, 0.47110983794582395, 0.006775526065605829], [0.00271084739947129, -0.019454736563254346, 0.9998070636535988]], "T": [-0.14547016236556848, -0.14977856487439148, -0.13136424249992235], "aligned_model": [[0.5328417683528812, -0.6857028611356972, -0.5600605806445004, -0.2804675977962325, -0.05162559461924818, 0.27975761626535117, -0.12055688510008628, -0.568398205021401, 0.02435041802129584, 0.3187470591052639, 0.24117998069596963, -0.1862496347914187], [-0.3161817260690415, -0.49533367309186127, 0.25219315635507533, -0.553912658974822, 0.0424436794515389, -0.6839927498883478, 0.6366767514998036, 0.24172590800142865, 0.04476005115843967, 0.3103049317213227, -0.6737010274882281, -0.14705364526190706], [-0.03170499035741295, 0.02822981876989511, -0.5647086203062726, -0.6112328832338546, -0.8283225079541618, -0.3346968576235334, -0.23560312789638718, 0.3862606377297733, 0.5678351753348383, 0.10012563959049384, 0.3452302699045762, -0.10696629434470228]], "inverted": true, "swapped": false, "error_lsq": 0.043416785000247794, "error_max": 0.2176808775963393, "target": "738.xyz", "model": "22.xyz", "model_rescale": 4.204369325754507, "target_rescale": 3.806525504354124},
{"mapping": [3, 8, 9, 4, 13, 12, 11, 5, 2, 10, 1, 15], "R": [[-0.2550472774291592, 0.6731862659376463, -0.6940973545756404], [-0.7960947930516785, -0.553619651301509, -0.2444143248027847], [-0.5488023020651236, 0.49023008174297533, 0.6771192658625931]], "T": [-0.09442889944028818, -0.21664085074635947, -0.21434778425081188], "aligned_model": [[0.7066753883723589, -0.7777071287301405, -0.6455407695167756, -0.3197133195259009, -0.03784998977685525, 0.2881552879879331, -0.07399834140717682, -0.6009883491325606, -0.032631945657494305, 0.37342627155971264, 0.1488116423228805, -0.08482326316380362], [-0.34434169025237493, -0.3740731495237625, 0.28675723234795675, -0.7908136444847425, 0.1327319402064539, -0.5134180614853014, 0.5023335145830197, 0.19649834871080063, 0.07974280795671856, 0.30011831995352106, -0.6217535472421813, -0.19585307335670676], [0.04517680131212745, 0.06958546180562222, -0.39288608141503356, -0.6070786865406977, -0.7853708357076739, -0.47065168380229006, -0.25761042630476616, 0.29943832743208176, 0.6003074473471885, 0.14893658840050109, 0.24634426686368574, -0.18174491977749346]], "inverted": true, "swapped": false, "error_lsq": 0.0402245897440805, "error_max": 0.19291447552434082, "target": "738.xyz", "model": "23.xyz", "model_rescale": 4.410303926677745, "target_rescale": 3.806525504354124},
{"mapping": [14, 5, 0, 12, 7, 13, 1, 4, 8, 11, 15, 16], "R": [[-0.7582293587232591, -0.43897442673245546, -0.4820681406658478], [-0.6515026587630784, 0.5386465959261497, 0.5342322812427299], [0.025150053573607986, 0.7191392753647124, -0.6944106691527436]], "T": [-0.04300893563865363, -0.07780186915474104, -0.052282793986057355], "aligned_model": [[0.5335074251466767, -0.5022041600418494, -0.6143801386914081, -0.45209284976663844, 0.06480394633793765, 0.23726561533622717, -0.07038607481093526, -0.5687428461116257, -0.17448217371064373, 0.507152544776904, 0.10319300226322467, -0.11981880739569196], [-0.42785652109862354, -0.4887668537060315, 0.03642525353379676, -0.525674995548431, 0.11168930249757515, -0.49658789581708096, 0.7053867388540238, 0.041932169280603865, 0.04600148965207747, 0.22992047362999268, -0.5880310526233776, 0.013490888758876024], [0.004643618283834514, 0.07361224478032453, -0.5327751704609742, -0.5797634558493784, -0.6802958312934304, -0.5424369164591178, -0.40185602823944266, 0.3756798076626274, 0.7496487387980513, -0.11016881845483353, 0.4247972459709849, -0.06663917512539391]], "inverted": true, "swapped": false, "error_lsq": 0.043567935288674746, "error_max": 0.22319455466385027, "target": "738.xyz", "model": "24.xyz", "model_rescale": 4.28219845311461, "target_rescale": 3.806525504354124},
{"mapping": [7, 11, 6, 14, 2, 13, 0, 1, 3, 4, 9, 15], "R": [[-0.9531193231550875, 0.10357396236427605, 0.28431670747346416], [0.265305469099378, -0.1658272488629685, 0.9497969949418128], [0.14552169561390776, 0.9807006464027148, 0.1305744165254072]], "T": [-0.1648683919887527, -0.2144312724634283, -0.06790547898993313], "aligned_model": [[0.558685099245595, -0.47819328638826086, -0.7392001118999906, -0.45558859218010495, -0.002663384691813764, 0.2825731664181734, -0.17676576111195222, -0.3527845777804566, 0.11138544278378526, 0.3518810736056208, 0.004566277973126087, -0.16007986264154433], [-0.3590997137724919, -0.6594895315504523, 0.2675445422604492, -0.4951780323381282, 0.015398215835050438, -0.4679284978641678, 0.5618233606564367, 0.23394166406392947, 0.07097978300829921, 0.3001491197233037, -0.6658956195017051, -0.14431629310712224], [0.17925316067701755, -0.05281482570523954, -0.567945001913947, -0.7135118969530654, -0.6921233626685239, -0.36531372612089696, -0.31858728767117017, 0.3486597809082044, 0.5971281239564189, -0.014749267588157595, 0.40574578496602964, -0.09129522227341799]], "inverted": true, "swapped": false, "error_lsq": 0.04451360012894503, "error_max": 0.24301438197187622, "target": "738.xyz", "model": "25.xyz", "model_rescale": 4.100010024507729, "target_rescale": 3.806525504354124},
{"mapping": [3, 10, 4, 9, 5, 7, 6, 0, 1, 2, 8, 11], "R": [[0.9272465310267058, -0.2539754847156094, 0.2751550905624171], [-0.29288207972503644, -0.03406538687569373, 0.9555415411131779], [-0.23331086145929442, -0.9666105744199579, -0.1059718799712515]], "T": [-0.05442460428508329, -0.07833294135896705, -0.059707784062913966], "aligned_model": [[0.6313821980915144, -0.5637429227332599, -0.6882582269923884, -0.39188585947661764, -0.04561844403695245, 0.3001371204580672, -0.1536745141430712, -0.6230900630201821, 0.05241543206812742, 0.5617926698106779, -0.006270398862901969, -0.12937150783083598], [-0.44932581820406337, -0.462053721233298, 0.20637258881755188, -0.6464442675567302, 0.12083366446060369, -0.48167047566975, 0.5439243407041123, 0.11876030973972736, 0.07480486037413249, 0.32872636383238274, -0.58908066335857, -0.10691818449269772], [0.16413354723211535, 0.0317010564299485, -0.5917202651617008, -0.5523337318460967, -0.7838909687541398, -0.47221361851694, -0.21276812659365213, 0.4003066965209032, 0.6216735879092, -0.011372708312454446, 0.2774505851453689, -0.15651979443930042]], "inverted": false, "swapped": false, "error_lsq": 0.040536137660177, "error_max": 0.21905452328429734, "target": "738.xyz", "model": "26.xyz", "model_rescale": 3.6694154284099745, "target_rescale": 3.806525504354124},
{"mapping": [1, 8, 10, 4, 2, 0, 11, 9, 3, 6, 7, 13], "R": [[-0.07558745211181062, 0.7788074376442891, 0.6226921487807456], [-0.4667574935117625, 0.5242026117326933, -0.7122843983292354], [-0.8811492378331053, -0.3444859894430551, 0.32389106771193543]], "T": [-0.11580199078134513, -0.16095922953190717, -0.07749540362154009], "aligned_model": [[0.6925770287374747, -0.6423970835426754, -0.6147390741427408, -0.41712054079592886, 0.1275661180259154, 0.2532938209780661, -0.33120478932999825, -0.5572489874985115, 0.11187663754274972, 0.504660355931211, -0.08843984883373567, -0.09500815373964876], [-0.4871715635759741, -0.5194306397534951, -0.012174520118998444, -0.500951414630082, 0.16884334097878778, -0.4812266486475471, 0.6234194021948103, 0.17499468697009923, 0.11995507775612019, 0.12745545523935103, -0.4207087597631946, -0.135075419236476], [0.0630589545999786, -0.026967700690558427, -0.37885169936526086, -0.7624355583636926, -0.6198346648809463, -0.5226138205937094, -0.3504922272534704, 0.3188920968709831, 0.645056196265201, -0.022414756161334884, 0.49513887709444027, -0.12408943790837834]], "inverted": true, "swapped": false, "error_lsq": 0.04981306772553822, "error_max": 0.30752142377133024, "target": "738.xyz", "model": "27.xyz", "model_rescale": 4.103607728864725, "target_rescale": 3.806525504354124},
{"mapping": [4, 10, 9, 3, 0, 2, 5, 6, 11, 8, 13, 14], "R": [[0.8381996481785097, 0.4222232537030585, -0.3451794805978844], [-0.3401645516239317, 0.8994907245277766, 0.2742344148843925], [0.42627388802495525, -0.11244536682717632, 0.8975781926201136]], "T": [-0.15239670284335047, -0.1567388555814791, -0.04865481163724649], "aligned_model": [[0.7197279956382376, -0.6276001638945201, -0.802243022689774, -0.2932005582222039, -0.11007792751454587, 0.3007968889734036, -0.23279194805307102, -0.5079869888250845, -0.1690911649990937, 0.5384929074690622, 0.19077295533749059, -0.06298348988772368], [-0.40371293475028874, -0.32688721013708577, 0.20468974233160792, -0.581607941119044, -0.009721158626963766, -0.5443010545023785, 0.529173770599604, 0.309517432451001, 0.009609891714024515, 0.11748470009732231, -0.5132939514508166, -0.1330222891935814], [-0.05206093137012418, 0.022101702923331766, -0.3909895239374033, -0.6513084327428804, -0.7459973809806842, -0.47962095478065825, -0.2899034057780356, 0.1909863476769896, 0.6177614416653231, 0.29739860140741253, 0.3696460158390489, -0.1735672203090683]], "inverted": false, "swapped": false, "error_lsq": 0.047491981387283784, "error_max": 0.3237507557178032, "target": "738.xyz", "model": "28.xyz", "model_rescale": 4.137296879288765, "target_rescale": 3.806525504354124},
{"mapping": [7, 8, 0, 5, 4, 9, 6, 1, 3, 2, 11], "R": [[-0.004900376735781892, 0.9569871788076557, 0.2900888241653087], [0.10949983110616734, 0.28886140883576295, -0.9510882574572872], [-0.9939747347370397, 0.02710398648136897, -0.10620546417792975]], "T": [0.12826852915024578, -0.11880257943206862, -0.1390594658604029], "aligned_model": [[0.39122491158327605, 0.4027888063279653, -0.26697358496222773, -0.4472909319607544, -0.017035952352103284, 0.3155791616503815, 0.6184700661685175, -0.35670206522605485, -0.6525998091113842, 0.20963292641902903, 0.024325482173252838], [-0.41839985251464334, -0.7945592172458043, -0.18222757476658763, 0.14404975160158473, 0.5966452510757299, -0.03738440662498978, 0.3717872776690224, -0.3747368729809769, 0.29827230626266743, 0.3179444669226225, -0.00224331275067316], [0.3525814945853166, -0.17776242829844988, -0.8667052802793664, -0.352072704811205, -0.10285890823553404, -0.5263657640056947, 0.040872968591694814, 0.49640038059870023, 0.2704079561017984, 0.6312602909778713, 0.03999601655786714]], "inverted": false, "swapped": true, "error_lsq": 0.05135081121618657, "error_max": 0.2751683317495276, "target": "738.xyz", "model": "29.xyz", "model_rescale": 3.607286011436655, "target_rescale": 3.806525504354124},
