[{"mapping": [1, 0, 8, 13, 7, 4, 5, 6, 9, 10, 11, 14], "R": [[-0.05188322743461976, -0.6723560455855707, -0.7384073934323124], [0.6800526546932889, -0.5652604844888829, 0.4669143085406614], [-0.7313251790794421, -0.4779308868863025, 0.4865650519760893]], "T": [-0.1241529535082431, -0.1788967725203479, -0.14681570020082296], "aligned_model": [[-0.12509730452239046, 0.009919074240593767, 0.45405848392449166, -0.09048644143640558, -0.10002686698097242, -0.6041529989393948, 0.4889784121584364, -0.12816354807331456, 0.5407953705593229, 0.06119164483415726, -0.563374620952427, -0.10599874235154837], [-0.2716071878452697, -0.7266355003461293, -0.4751921084602887, 0.7542460975919201, 0.41798411599716384, -0.6500311317859764, -0.20655057968325372, -0.4190361915989825, 0.22411304600174137, 0.29690235781310076, 0.1443669324470817, -0.03500481415405007], [-0.6348151549674357, 0.0016447326506676407, -0.4070974257863497, 0.06604298709234852, -0.5490183660028614, 0.06549990422837587, 0.39274993168058586, 0.5856905481890906, -0.01799497701832803, 0.4606424678304268, 0.29851662864604916, -0.07990953118900734]], "inverted": false, "swapped": true, "error_lsq": 0.04710506242476075, "error_max": 0.25558559768442013, "target": "739.xyz", "model": "0.xyz", "model_rescale": 3.751011558992144, "target_rescale": 4.036922714840361},
{"mapping": [5, 10, 4, 1, 8, 13, 2, 6, 9, 12, 3, 0, 11, 7, 14], "R": [[0.7905160967563482, -0.5588972956384537, 0.250435847468231], [-0.6108810091821619, -0.7487356662849246, 0.257331099273783], [0.04368859564796794, -0.35641087940871413, -0.9333073404026219]], "T": [0.028286413574757075, -0.07431962667412857, 0.04723212980268306], "aligned_model": [[-0.4816618964841389, 0.2854716720899552, 0.2341989459915529, 0.3410236329380765, -0.3479850102442632, -0.47504703997558045, -0.745576747957032, 0.7735399716053847, -0.0806391048208558, 0.21687000988082558, -0.24374137378744581, -0.09317489186954735, 0.6230144195459628, 0.45891860156119096, 0.040893422468607485], [0.07523088851908898, 0.41838959482105037, 0.6857558134023324, 0.1259218370059148, 0.432059306549521, -0.5076492671527731, -0.19756504176161127, -0.0334247310849104, -0.18710225991653318, -0.7689952161322225, -0.7343001849890124, -0.31866873554325303, -0.31712710626477997, -0.4532207836096247, -0.1129757518701414], [-0.2809041398615216, -0.5557165529099888, 0.12111937021727905, 0.6369645583531309, 0.25318951312350185, -0.24667781477272194, 0.3112103047945685, 0.1287826480571839, -0.5927717220727959, -0.1367166584307019, 0.3189533749455193, 0.7550775809953254, -0.42613254536332973, 0.37989841264511875, 0.01048189504223495]], "inverted": false, "swapped": false, "error_lsq": 0.04575108912359209, "error_max": 0.3058221064957671, "target": "739.xyz", "model": "1.xyz", "model_rescale": 3.9405287249114394, "target_rescale": 4.036922714840361},
{"mapping": [13, 9, 10, 1, 8, 11, 7, 12, 0, 4, 2, 3, 14], "R": [[-0.32736300178998695, 0.002672196857145148, 0.9448948747998401], [-0.5518561533086789, 0.8111828064146301, -0.1934870554653014], [-0.7669995118084477, -0.5847865541727523, -0.2640765702298515]], "T": [-0.034552564831434394, -0.1852093055949216, -0.05528411378944181], "aligned_model": [[-0.3626639672261715, 0.24191878532265346, -0.4352574514713447, 0.3254929755548323, 0.6060513249532505, -0.7152892961037601, 0.13305198759228218, 0.6772829434801246, 0.07223419188019048, -0.40807858104321054, -0.2653672372511772, -0.27330603245594526, -0.10008636394779272], [0.706409983097364, 0.44594090188483976, 0.37133853679941836, -0.30942642703529954, -0.2632078237478195, -0.015839781934768926, 0.34395530188209483, 0.37451385015540545, -0.6296629777183864, -0.7834727246717026, -0.6713584225154269, -0.0701511561210386, -0.04020666650266305], [0.0653633995833493, -0.43788178023418467, -0.45457467393049394, 0.26358403505910094, -0.32622480233631584, 0.005109978386030278, 0.4035288979129101, 0.12613464104707628, -0.41734908673535126, -0.05310682506315381, 0.5286594871054384, 0.47896200222315016, -0.06908492342891173]], "inverted": true, "swapped": true, "error_lsq": 0.04562359967595193, "error_max": 0.28810381624910925, "target": "739.xyz", "model": "2.xyz", "model_rescale": 3.932901565614263, "target_rescale": 4.036922714840361},
{"mapping": [0, 6, 4, 8, 2, 3, 11, 1, 12, 7, 10, 9, 13, 14], "R": [[-0.4661877245123293, -0.7230312600824789, 0.5097987862456712], [-0.17908011946823393, -0.48719551814715034, -0.8547343668699492], [0.8663713501295272, -0.48976149709922345, 0.09764404556278716]], "T": [-0.03437333380124967, -0.07270038056836531, -0.09308000174622871], "aligned_model": [[-0.05827069738118891, 0.5704748425344461, -0.05555222456500751, -0.2978945552823354, -0.4735100819774657, -0.17915168061328174, 0.4295856405662449, -0.5211234907326426, -0.3621863211557885, -0.21022707129386514, 0.7150090229545482, 0.3079130989066519, 0.4767181243290252, 0.07802530576336288], [0.183809461993733, -0.055776676936522385, -0.43274357348236264, 0.5732974293067461, -0.6879488731701884, -0.5829456882978263, -0.6004119584117598, -0.025444785283817634, 0.41716605421381886, -0.17492452987458298, -0.04171693107001617, 0.4653325807075858, -0.2802623626460348, -0.09393350869828412], [-0.6162101379361045, -0.5706998309338579, -0.6991871686738182, -0.14884167870493448, -0.3364618307008626, 0.17959098089047443, -0.04837496923539498, -0.006012360210258777, 0.6178926334361661, 0.5977467014256597, 0.16616692245724823, 0.370092208982635, 0.6898002035565205, 0.018394688703624762]], "inverted": false, "swapped": true, "error_lsq": 0.04886445722843963, "error_max": 0.26469659395674355, "target": "739.xyz", "model": "3.xyz", "model_rescale": 3.9243930471874484, "target_rescale": 4.036922714840361},
{"mapping": [13, 9, 10, 11, 6, 7, 3, 5, 0, 8, 4, 1, 14], "R": [[0.8092598006644851, 0.15138249613408813, -0.5676107071688226], [0.5775788415006412, -0.0286442845527108, 0.8158322050601096], [0.10724391301726749, -0.9880601423125398, -0.11061599474790541]], "T": [-0.06254541904865919, -0.01704415623604659, 0.0699227717009296], "aligned_model": [[-0.05804046392566227, -0.20500460707906193, 0.36261139745378235, 0.41260164851632597, 0.675346160093014, -0.566627703917329, -0.1947817627931755, 0.28153461786830614, 0.14955039236768775, -0.4073366284126613, 0.36338582338829595, -0.502663241899379, -0.033369745348790544], [-0.7309896229759033, 0.0738284594069455, -0.27209913367589333, -0.5364534901028142, 0.17879159154149715, -0.4784545267365939, -0.5562640872905675, 0.3870663948797599, 0.4995618129780607, 0.5684556625309564, 0.06330019674299649, 0.049873501365978415, -0.11878720498283503], [-0.568402730479239, -0.6998924747697105, -0.5496992891824144, 0.05631441785583523, -0.03690796694050098, -0.15727178717531376, 0.28767474961218203, -0.5514703940118688, 0.23775352591283389, -0.09793119256767661, 0.6263155337307468, 0.2902813655230661, -0.049693442136974963]], "inverted": true, "swapped": true, "error_lsq": 0.042066987079240156, "error_max": 0.25455705096890363, "target": "739.xyz", "model": "4.xyz", "model_rescale": 3.8936222436046832, "target_rescale": 4.036922714840361},
{"mapping": [5, 9, 10, 6, 13, 7, 1, 3, 4, 0, 11, 14], "R": [[-0.803442484939953, 0.5849287439039359, 0.11107897167546046], [0.24119832403731575, 0.14919952116762414, 0.9589384085356796], [0.5443377094002435, 0.7972439196621796, -0.26095706674964864]], "T": [-0.005409352419141186, -0.12406932648772358, 0.15906487880690134], "aligned_model": [[-0.05309448371602429, -0.5796459743841236, -0.25844436266433046, 0.459700238516038, -0.7129264890847462, -0.6540158951910814, -0.10518896234703319, -0.15112539767405153, 0.6683589814959242, 0.4421776111605095, 0.07954272880784984, -0.10778995270383392], [-0.5238820219291708, -0.429178872949793, 0.10769354792253456, -0.08710019764012734, 0.3870551051521052, 0.08290395658451051, -0.2790081205142874, 0.376982216738074, 0.06795141992196056, -0.49053109129580025, 0.5044712904459037, -0.04843432732610259], [-0.5520622635098003, -0.28627592650818456, -0.5564783498690227, -0.4545757174111257, -0.23510410467351162, 0.3937720586599561, 0.6203430815320036, 0.44781164281290436, 0.2403656115235424, 0.08554476132440071, -0.14664056108221002, 0.06258448647656585]], "inverted": false, "swapped": true, "error_lsq": 0.038755320774972825, "error_max": 0.18185153614080782, "target": "739.xyz", "model": "5.xyz", "model_rescale": 3.6523030999806103, "target_rescale": 4.036922714840361},
{"mapping": [12, 9, 13, 7, 3, 8, 10, 1, 5, 4, 11, 2, 14], "R": [[0.796344624841044, 0.5343017221167505, 0.2834729409129766], [-0.09885679019691655, -0.34739319135291297, 0.93249413168856], [0.5967097900309161, -0.7706099145123384, -0.2238253473951216]], "T": [0.0237810313307069, -0.12243752790492507, -0.1454875574196437], "aligned_model": [[0.2328313950485132, -0.3220293500958917, 0.20131666653557018, 0.512512362516582, 0.5660727678825647, -0.2568971423413923, -0.3374195843955984, 0.33138937642780447, -0.7380354518992792, -0.007272698030531002, 0.10022022925804791, 0.5789946946835711, 0.019399639074333584], [-0.5497721285851177, -0.10490812925919935, 0.5365166592144663, -0.07467344826301817, 0.12485824297016268, -0.7299472917771248, 0.4831771868858658, -0.5120687495676544, -0.040468174675525964, -0.025544514015875083, 0.5658343558472096, -0.12910683953492402, -0.0030702650760820738], [0.646090392673502, 0.5625208228326262, 0.5264189452597425, 0.381272469651589, -0.16610266625974784, 0.059494438803464444, 0.21852863850639043, -0.12804628758906922, 0.13866477273572392, -0.8434080068484688, -0.2726679107546226, -0.7132021108895843, -0.03945375863975653]], "inverted": false, "swapped": true, "error_lsq": 0.053666279954429026, "error_max": 0.3129049623389611, "target": "739.xyz", "model": "6.xyz", "model_rescale": 4.08911054899281, "target_rescale": 4.036922714840361},
{"mapping": [7, 6, 4, 8, 5, 13, 12, 9, 2, 1, 11, 10, 0, 9, 14], "R": [[0.5464473907297216, 0.7827867841923358, 0.2977248724216713], [0.41846875996611865, -0.5631426345172504, 0.7125687827300531], [0.7254509949659578, -0.26479279386492366, -0.6352996381394451]], "T": [-0.008792460146193025, -0.0756758684839439, 0.058895059073166015], "aligned_model": [[-0.5042907410098785, 0.1520814639440434, 0.16932316662033484, 0.39724973647508605, -0.47011865571527045, -0.5186985809519811, -0.6541055552133295, 0.6406601805620827, -0.05595049768506324, 0.2461734442889045, -0.1041792590896636, -0.22039321544021742, 0.6907710961916607, 0.6406601805620827, 0.09692184740390114], [0.22733739764073613, 0.185632813484639, 0.582492349924984, 0.0958936031278546, 0.5030287406984177, -0.5416692879235581, -0.22966695816510735, -0.4585375902576646, -0.25957535961011535, -0.6899757693544799, -0.5314869297034686, -0.011778958576641893, -0.11326439118947083, -0.4585375902576646, -0.1935637078654146], [-0.45291875351011784, -0.3347803398650026, 0.2376096625062361, 0.5793204852955968, 0.23994849366135473, -0.18346913662288228, 0.3193939489841938, 0.27380312636078497, -0.7247481250037913, -0.2502555162480477, 0.41620262688331644, 0.7447647287373667, -0.5686829175230805, 0.27380312636078497, 0.1067668147460906]], "inverted": true, "swapped": false, "error_lsq": 0.051418237879059234, "error_max": 0.3676969000108563, "target": "739.xyz", "model": "7.xyz", "model_rescale": 3.964800864290218, "target_rescale": 4.036922714840361},
{"mapping": [1, 7, 2, 8, 4, 9, 0, 3, 13, 10, 5, 6, 11, 14], "R": [[0.36363361165568, 0.2657524643989928, 0.892830456548223], [-0.8353782014875402, 0.5171392055549133, 0.18630701156283944], [-0.4122060855369425, -0.8135985925159257, 0.41005301279519424]], "T": [-0.023586167976765594, 0.017204925424120575, -0.0643296548506898], "aligned_model": [[-0.09066464245342208, 0.24582554755203778, 0.4583801906210394, -0.6820837374832174, 0.15435522882042652, -0.38085875018462956, -0.41381247718048314, 0.5257373938867292, 0.43598089252475203, 0.08733597148205093, -0.5407634168393932, -0.11318825965960626, 0.5373574154712978, 0.03758653290329059], [-0.13243273850154616, -0.6378744372682708, 0.36297966257952063, -0.1274393271320011, 0.6902027591149983, -0.5298160473854648, 0.4490564945397044, -0.12676478222474194, -0.6226654208348025, -0.15665652488747236, 0.012825130961064121, 0.5375788517307495, 0.16365922868911778, -0.07170438319965333], [-0.5332098405674915, -0.194345821603904, -0.5923019706381614, -0.2522790105509623, -0.1777153644084981, 0.3764563743468256, -0.09984264634669132, -0.24647480630613472, 0.4802453424757542, 0.7019675026163612, 0.5683901776042601, 0.49730267272736045, 0.3352068421824434, 0.053415587193859845]], "inverted": false, "swapped": true, "error_lsq": 0.04311162696319839, "error_max": 0.26161425323945947, "target": "739.xyz", "model": "8.xyz", "model_rescale": 4.121658175737393, "target_rescale": 4.036922714840361},
{"mapping": [7, 9, 10, 11, 12, 1, 5, 0, 6, 8, 3, 4, 14], "R": [[-0.9306236256020707, -0.13374442458675148, 0.34066419882813653], [0.2185380140058328, 0.5435792424835976, 0.8104089977137131], [-0.2935656722194267, 0.8286338371276648, -0.47663944450857104]], "T": [-0.06294341875180882, 0.07508266154086224, 0.07562066083337068], "aligned_model": [[-0.6694735771849106, -0.18153183421094551, 0.2795281548014172, 0.2634813344513602, -0.8258864749611936, -0.4701265367695322, 0.3697228951194962, 0.2751148590425821, 0.6999118014584276, -0.24741560460999884, -0.32752427205441675, 0.37233494323274147, -0.06139819187983006], [0.192891126988576, -0.48809400856228996, -0.0164843716357036, 0.563193626721519, -0.3847465065644466, 0.06797684706688295, -0.5425882156005024, -0.17978706869175137, 0.007692812240792768, -0.5473306151289643, 0.5960668450750679, 0.434291935219628, 0.08730503228290139], [-0.2943228211835631, -0.46283712971027946, -0.6343593094558432, -0.3128771453181636, -0.16807504229694095, 0.3600340862603272, -0.23919424366593875, 0.47660887030241184, -0.012464244818852596, 0.33722665239587746, -0.04368131362842875, 0.4986419242113461, -0.08362484913286403]], "inverted": false, "swapped": true, "error_lsq": 0.05055495788486026, "error_max": 0.24651196732478012, "target": "739.xyz", "model": "9.xyz", "model_rescale": 3.833441315466971, "target_rescale": 4.036922714840361},
{"mapping": [13, 5, 1, 6, 0, 8, 10, 4, 2, 9, 11, 12, 3, 7, 14], "R": [[0.5659988051570872, -0.4602891587462542, 0.6839438887082885], [0.28096327217319617, 0.8876529998515006, 0.3648722948435013], [-0.7750516061853432, -0.01435416996200517, 0.6317348854972487]], "T": [0.03910783873912787, -0.1069627359229384, 0.13139004242443963], "aligned_model": [[-0.3772894710647338, 0.14955840474160156, 0.03368384351561076, 0.5395100478354731, -0.4163708749144482, -0.44726987406928126, -0.7502784894348528, 0.7766114273279467, 0.0503831076402969, 0.05685181240592129, -0.14164352615572745, -0.031478709519620125, 0.6686495857631285, 0.32163870708233605, 0.07354861978904109], [0.21550643521298837, 0.3950107322969163, 0.57905330230717, 0.15515458277055552, 0.3989837862169071, -0.6771312050489638, -0.25145261228195154, 0.14653341174310322, -0.18277376425711914, -0.7239515842004527, -0.6249942677086973, 0.015193624031464098, -0.46707443923683445, -0.7012133791064907, -0.17051626076554854], [-0.4672028538495392, -0.30822173078013965, 0.4051810365800308, 0.5083803717663825, 0.11189081560015213, -0.08286214466938102, 0.30956423820381707, -0.03516547392770486, -0.5832957705183914, -0.39484188271162945, 0.5367409486870478, 0.7171505909751069, -0.3464369133220585, 0.23606314446590576, 0.06981384826320389]], "inverted": true, "swapped": false, "error_lsq": 0.050867342251267544, "error_max": 0.33307698702780736, "target": "739.xyz", "model": "10.xyz", "model_rescale": 4.2482417240324, "target_rescale": 4.036922714840361},
{"mapping": [8, 0, 4, 6, 7, 3, 1, 11, 5, 13, 9, 14], "R": [[-0.5647573624425557, 0.16270578227756838, 0.8090586814195697], [0.8169254529827411, -0.028733176973481434, 0.5760270903438086], [0.11696976462262093, 0.98625617004633, -0.11669122164787527]], "T": [-0.03162971953846795, 0.03617573370598049, 0.1016126657878744], "aligned_model": [[-0.5839794566301039, 0.03957971231017375, 0.4946364517545597, 0.5286247595912227, -0.39980683829224267, 0.09565958721351449, -0.3775908097495872, 0.5587896605200381, -0.05101493608683687, 0.00901315373192356, -0.42784451947498475, -0.009301162524669893], [-0.39323172722520117, -0.5295017761771506, -0.2091172276250659, -0.3861880654932055, 0.6492253760573921, 0.5766726401001514, 0.10672714476457268, 0.36978254859173354, -0.4257284367820502, 0.741030709165718, 0.037749311200214415, 0.12871089347353043], [0.08199202402957455, 0.22397154096886093, 0.5020134950236559, -0.21771814878473186, 0.016573893772886844, 0.3191466518740801, 0.4510021378940674, -0.08772150421587746, -0.572252770621808, -0.5454773521034512, -0.5796944033020247, -0.02664327468087535]], "inverted": false, "swapped": true, "error_lsq": 0.04752720912317263, "error_max": 0.24782613877770476, "target": "739.xyz", "model": "11.xyz", "model_rescale": 3.6694154284099745, "target_rescale": 4.036922714840361},
{"mapping": [8, 5, 10, 6, 0, 12, 1, 7, 11, 3, 13, 2, 9, 14], "R": [[-0.6218988151873936, 0.7599106027416593, 0.18915004496252202], [-0.3943831404942668, -0.5125999620062764, 0.7626947078910693], [0.6765381010426506, 0.3997213464302001, 0.6184812390409531]], "T": [0.20855975905062332, -0.03193470737799024, -0.02342426606918565], "aligned_model": [[0.029644129155878635, -0.05033227386455688, -0.15806383931051712, 0.5290748637699372, 0.5714816065674234, -0.57852397414022, 0.1903631200006527, -0.33633571557001385, 0.3149115322377334, 0.20338505542348345, -0.4862292503555462, 0.7561261058781811, -0.4869031514480616, 0.09966664191143525], [-0.4937874635194664, 0.3242224745277345, 0.6604989667757001, 0.5407270044875768, -0.1310674297941356, -0.5150593260036533, -0.5081615898258528, -0.1750891626229767, 0.5799538025664078, -0.0037442720784917477, 0.5063446304547702, -0.23826252177327212, 0.10508247943377123, 0.07932969550814228], [-0.5179414024511921, -0.7118666040993888, -0.14938299935673555, -0.42787087664272105, -0.4689508743079061, -0.02188595306906762, 0.11663436280580947, 0.4251418619301359, 0.30826494231100715, 0.5722594002652363, 0.356998469454514, 0.5134243482921522, -0.3679900752633395, 0.012260859783910769]], "inverted": false, "swapped": true, "error_lsq": 0.042928708828684735, "error_max": 0.30227547550865075, "target": "739.xyz", "model": "12.xyz", "model_rescale": 3.9764082729961374, "target_rescale": 4.036922714840361},
{"mapping": [3, 1, 10, 12, 11, 6, 14, 9, 7, 4, 6, 13, 0, 5, 15], "R": [[-0.17738904032160072, 0.6738820191115984, 0.7172281036684612], [0.6794179383057743, 0.6111031739284867, -0.40613319972991757], [-0.711986231244757, 0.4152540609465549, -0.5662505376467931]], "T": [0.09851011117966574, -0.059902157354313035, 0.01507328572783041], "aligned_model": [[-0.5873889943145321, 0.49499247511484196, 0.08095720778765947, 0.4079299775441252, -0.5041554144779596, -0.2596283548464184, -0.667444764240577, 0.6898542110247627, 0.04999226299365833, 0.061660332396298145, -0.2596283548464184, -0.1522808874546861, 0.57106007370079, 0.5532664371400866, 0.026918403421062262], [0.08778289845043774, 0.436047507710739, 0.7057779223576919, 0.16022231351409189, 0.4346081427439946, -0.644422728950146, -0.15963655559922002, -0.16374406673815547, -0.20254436726317032, -0.6908500889179523, -0.644422728950146, -0.04833378762888574, -0.3096282690017452, -0.7401466166551931, -0.11438121309929491], [-0.44987293555783414, 0.0024938154992098123, 0.2591487045495426, 0.5279261872231547, 0.16606509355166654, 0.35231406949070165, 0.22043691006708846, 0.04713790722149504, -0.7254217630623064, -0.3261165781872779, 0.35231406949070165, 0.5731508735350987, -0.47629351777541756, 0.19752345816992778, -0.044048069452948174]], "inverted": true, "swapped": false, "error_lsq": 0.059346805133728135, "error_max": 0.5857043186846855, "target": "739.xyz", "model": "13.xyz", "model_rescale": 4.170626492500431, "target_rescale": 4.036922714840361},
{"mapping": [10, 9, 13, 7, 11, 2, 3, 5, 6, 8, 0, 1, 4, 14], "R": [[-0.9373372496334468, -0.32388011736865363, 0.128454466729939], [-0.17485104237600654, 0.756142966925842, 0.6306147211638887], [-0.301373511493014, 0.5686382709085384, -0.7653917450747153]], "T": [-0.06957804745046775, 0.05288636625930895, 0.1958755015169841], "aligned_model": [[0.3229770186168082, 0.0018466296326322962, -0.2396530353928177, -0.6639455364294935, 0.1296287102415205, -0.3698807333300766, -0.461126071931225, 0.5336222437419891, 0.6857421580680627, -0.08851576105430618, 0.3034698326014268, -0.4737385150676255, 0.2255663440687105, -0.06281026167396214], [-0.20127101174605347, -0.6808383494430008, -0.1990358356555427, -0.15022974880717813, 0.42795377599585405, 0.7670210088439146, 0.39521748330233586, -0.49224209498949756, 0.17095370998962922, -0.4495270575937558, 0.07236164741359463, 0.04136772441840053, 0.6503132855714916, 0.004029930625473771], [-0.44525428704303105, -0.08289774558157212, -0.7123136712280991, -0.1563843164468409, -0.36570894009554955, 0.3703361418544267, -0.09594646367226031, 0.1133512919520423, 0.09688096189803917, 0.6827924181334339, 0.6436360573055564, 0.48442570177109945, 0.4269954016004839, 0.04396055067313814]], "inverted": false, "swapped": true, "error_lsq": 0.0410726443875923, "error_max": 0.2502110766302382, "target": "739.xyz", "model": "14.xyz", "model_rescale": 3.9786697098870705, "target_rescale": 4.036922714840361},
{"mapping": [1, 11, 8, 12, 0, 5, 13, 10, 9, 7, 6, 14], "R": [[-0.16314227982709023, 0.4061138485982769, 0.8991418900871626], [0.9702349764808422, 0.23135536378145807, 0.07154569213285061], [-0.17896560268956394, 0.8840510379080186, -0.4317697018408264]], "T": [-0.09598850394440117, -0.02747336520959008, -0.2728234478095083], "aligned_model": [[0.08748881994002311, -0.6909806465623567, 0.5588005241742136, 0.6215188923953463, 0.01809755807161742, 0.27980664542939193, -0.21594756345744648, -0.18196001869393225, 0.442740915860643, 0.024952044923338315, -0.34635028990580086, -0.1148122854077002], [-0.35880811014886727, 0.026801005081729702, 0.08436734612126369, -0.5703791483185431, 0.4318730533181839, 0.5704411479321986, -0.3764388189166769, 0.22991817226612382, 0.019059485433574955, -0.6727982176822302, 0.6818031310231999, -0.05116455588551773], [-0.594215636851655, 0.09970121200547954, -0.4932978297591118, -0.06461918885373155, -0.6134387160326555, 0.13839682941915765, 0.6109360256856101, 0.47289858723854705, 0.3005640932779087, 0.023056706860548837, -0.10402102656973264, -0.1159945625465355]], "inverted": true, "swapped": true, "error_lsq": 0.06069101990527729, "error_max": 0.3305169627029662, "target": "739.xyz", "model": "15.xyz", "model_rescale": 3.769337070930944, "target_rescale": 4.036922714840361},
{"mapping": [10, 13, 5, 9, 6, 11, 0, 3, 8, 12, 14], "R": [[0.4803168543503984, -0.8646010513154442, -0.14751522460806332], [0.5880667637397682, 0.19266784175179, 0.7855294928513781], [-0.650748185407823, -0.4640518557434465, 0.6009847538577745]], "T": [0.23668902674388065, 0.016739349859498258, 0.14233574613652983], "aligned_model": [[-0.2358364402064147, -0.48019954877917453, -0.1452990682756959, -0.5052948695290096, 0.4258148676653203, 0.29197676833384695, 0.5578266519123062, 0.2942633723022865, 0.07061418095849226, -0.4690939292374388, 0.11785414554665267], [-0.0740544440486412, -0.5423633923055942, 0.5642099304640311, 0.26179661130942056, 0.27423696340527265, -0.45864390368325, 0.4970341476646127, -0.5634661728047458, 0.6031443485891138, 0.08928228974858582, -0.05511188071346338], [-0.4887102335985651, -0.15878344093167346, -0.32903134473673584, 0.0395018873686202, -0.5592159801876557, -0.37408463213962767, 0.06346207746395846, 0.26766433322285876, 0.4864495241429475, 0.7335383404316096, 0.06342707618803994]], "inverted": true, "swapped": true, "error_lsq": 0.0449056289171414, "error_max": 0.20062332732624033, "target": "739.xyz", "model": "16.xyz", "model_rescale": 3.7852294659196426, "target_rescale": 4.036922714840361},
{"mapping": [7, 9, 8, 12, 13, 10, 6, 5, 1, 2, 11, 0, 14], "R": [[0.04659217340953728, -0.8631329971748585, 0.5028226313173678], [0.6011523180504819, -0.37778397804066227, -0.7041982366055064], [0.7977750684745093, 0.3350831167392926, 0.5012726254213108]], "T": [0.16539159871295267, 0.16616289001179974, -0.023271689208377022], "aligned_model": [[-0.039241302505618136, -0.3562856522581876, 0.43161069726040185, 0.0913520653602331, -0.6781181979084117, -0.6103342826914004, -0.10905378931714732, -0.2766405830849555, 0.5395956774004624, 0.6562984308119939, -0.26519531760922344, 0.4583725298006159, 0.011405574957519371], [-0.2689931166469114, -0.36855517446628383, -0.33296926746248573, -0.7390766202454131, -0.004697667068844946, 0.25433314529781925, 0.6804023346950543, 0.043514720501384635, -0.09955918832298616, 0.5777745628190664, 0.665485380487897, 0.31670082770267316, 0.15069568641190478], [-0.5593504829640676, 0.2279202763612625, 0.3888696094929539, -0.19052043555018477, -0.4433856783476255, 0.11891910328850527, 0.48119431749110436, 0.6530350847435036, -0.21327870313192332, -0.4925187658323952, -0.2702695378119717, 0.4579081379270994, -0.06276822852308686]], "inverted": true, "swapped": true, "error_lsq": 0.042678905234366744, "error_max": 0.21199893480895274, "target": "739.xyz", "model": "17.xyz", "model_rescale": 3.901054581598922, "target_rescale": 4.036922714840361},
{"mapping": [5, 10, 4, 1, 8, 13, 2, 6, 9, 12, 3, 0, 11, 7, 14], "R": [[0.7905160967563482, -0.5588972956384537, 0.250435847468231], [-0.6108810091821619, -0.7487356662849246, 0.257331099273783], [0.04368859564796794, -0.35641087940871413, -0.9333073404026219]], "T": [0.028286413574757075, -0.07431962667412857, 0.04723212980268306], "aligned_model": [[-0.4816618964841389, 0.2854716720899552, 0.2341989459915529, 0.3410236329380765, -0.3479850102442632, -0.47504703997558045, -0.745576747957032, 0.7735399716053847, -0.0806391048208558, 0.21687000988082558, -0.24374137378744581, -0.09317489186954735, 0.6230144195459628, 0.45891860156119096, 0.040893422468607485], [0.07523088851908898, 0.41838959482105037, 0.6857558134023324, 0.1259218370059148, 0.432059306549521, -0.5076492671527731, -0.19756504176161127, -0.0334247310849104, -0.18710225991653318, -0.7689952161322225, -0.7343001849890124, -0.31866873554325303, -0.31712710626477997, -0.4532207836096247, -0.1129757518701414], [-0.2809041398615216, -0.5557165529099888, 0.12111937021727905, 0.6369645583531309, 0.25318951312350185, -0.24667781477272194, 0.3112103047945685, 0.1287826480571839, -0.5927717220727959, -0.1367166584307019, 0.3189533749455193, 0.7550775809953254, -0.42613254536332973, 0.37989841264511875, 0.01048189504223495]], "inverted": false, "swapped": false, "error_lsq": 0.04575108912359209, "error_max": 0.3058221064957671, "target": "739.xyz", "model": "18.xyz", "model_rescale": 3.9405287249114394, "target_rescale": 4.036922714840361},
{"mapping": [13, 12, 4, 0, 7, 11, 9, 1, 14, 10, 5, 8, 3, 2, 15], "R": [[-0.07637687495795747, -0.981018588011237, -0.17823889291648998], [-0.9833098581427895, 0.044503403988179535, 0.17641193245546805], [-0.1651311474279285, 0.18873785261548448, -0.9680442795343775]], "T": [0.05295388481681619, -0.04166255150137281, 0.027992362698710905], "aligned_model": [[-0.4635945938220023, 0.29953563980008996, 0.08838762709212467, 0.41145076583950957, -0.4584771009360412, -0.4262136438404278, -0.6579555340584932, 0.6989113476619523, -0.02795860811316743, 0.1636739058785744, -0.188979144645341, -0.039595852398214185, 0.6952346890198575, 0.34897494653215166, 0.06271016693211928], [0.08837723289242484, 0.28450491350226265, 0.6719791189766047, 0.29229728064887733, 0.32945638252880327, -0.5295429987215542, -0.19280731805378648, -0.10418191397099527, -0.2279536792368963, -0.7325995600217359, -0.6067319357963807, -0.014258978218491342, -0.2538798911890372, -0.818083128790149, -0.0802471625769001], [-0.38139396958743665, -0.33663249258664113, 0.18331475220469098, 0.5103045797978933, 0.3383705715947437, -0.19912952220136088, 0.27451397362708685, 0.1477826356364809, -0.7193280145767038, -0.33012935423498996, 0.5878384513218176, 0.7782961317474315, -0.48956706786182896, 0.28268413955170607, 0.029833410329913202]], "inverted": false, "swapped": false, "error_lsq": 0.03793682694090087, "error_max": 0.31267865264891165, "target": "739.xyz", "model": "19.xyz", "model_rescale": 4.410303926677745, "target_rescale": 4.036922714840361},
{"mapping": [1, 7, 2, 8, 4, 9, 0, 3, 13, 10, 5, 6, 11, 14], "R": [[0.36363361165568, 0.2657524643989928, 0.892830456548223], [-0.8353782014875402, 0.5171392055549133, 0.18630701156283944], [-0.4122060855369425, -0.8135985925159257, 0.41005301279519424]], "T": [-0.023586167976765594, 0.017204925424120575, -0.0643296548506898], "aligned_model": [[-0.09066464245342208, 0.24582554755203778, 0.4583801906210394, -0.6820837374832174, 0.15435522882042652, -0.38085875018462956, -0.41381247718048314, 0.5257373938867292, 0.43598089252475203, 0.08733597148205093, -0.5407634168393932, -0.11318825965960626, 0.5373574154712978, 0.03758653290329059], [-0.13243273850154616, -0.6378744372682708, 0.36297966257952063, -0.1274393271320011, 0.6902027591149983, -0.5298160473854648, 0.4490564945397044, -0.12676478222474194, -0.6226654208348025, -0.15665652488747236, 0.012825130961064121, 0.5375788517307495, 0.16365922868911778, -0.07170438319965333], [-0.5332098405674915, -0.194345821603904, -0.5923019706381614, -0.2522790105509623, -0.1777153644084981, 0.3764563743468256, -0.09984264634669132, -0.24647480630613472, 0.4802453424757542, 0.7019675026163612, 0.5683901776042601, 0.49730267272736045, 0.3352068421824434, 0.053415587193859845]], "inverted": false, "swapped": true, "error_lsq": 0.04311162696319839, "error_max": 0.26161425323945947, "target": "739.xyz", "model": "20.xyz", "model_rescale": 4.121658175737393, "target_rescale": 4.036922714840361},
{"mapping": [12, 9, 13, 7, 3, 8, 10, 1, 5, 4, 11, 2, 14], "R": [[0.796344624841044, 0.5343017221167505, 0.2834729409129766], [-0.09885679019691655, -0.34739319135291297, 0.93249413168856], [0.5967097900309161, -0.7706099145123384, -0.2238253473951216]], "T": [0.0237810313307069, -0.12243752790492507, -0.1454875574196437], "aligned_model": [[0.2328313950485132, -0.3220293500958917, 0.20131666653557018, 0.512512362516582, 0.5660727678825647, -0.2568971423413923, -0.3374195843955984, 0.33138937642780447, -0.7380354518992792, -0.007272698030531002, 0.10022022925804791, 0.5789946946835711, 0.019399639074333584], [-0.5497721285851177, -0.10490812925919935, 0.5365166592144663, -0.07467344826301817, 0.12485824297016268, -0.7299472917771248, 0.4831771868858658, -0.5120687495676544, -0.040468174675525964, -0.025544514015875083, 0.5658343558472096, -0.12910683953492402, -0.0030702650760820738], [0.646090392673502, 0.5625208228326262, 0.5264189452597425, 0.381272469651589, -0.16610266625974784, 0.059494438803464444, 0.21852863850639043, -0.12804628758906922, 0.13866477273572392, -0.8434080068484688, -0.2726679107546226, -0.7132021108895843, -0.03945375863975653]], "inverted": false, "swapped": true, "error_lsq": 0.053666279954429026, "error_max": 0.3129049623389611, "target": "739.xyz", "model": "21.xyz", "model_rescale": 4.08911054899281, "target_rescale": 4.036922714840361},
{"mapping": [9, 12, 10, 7, 5, 15, 11, 13, 14, 2, 1, 8, 3, 0, 16], "R": [[-0.6087321268176151, 0.6229243143079449, 0.4913354215035589], [-0.4697935660838512, -0.7820648999621125, 0.4094734393260073], [0.639327148685492, 0.018433417784775002, 0.7687138648824092]], "T": [0.04126767103539179, -0.1518605492055705, 0.0970478690797266], "aligned_model": [[-0.286934165102204, 0.34570216591046327, 0.067845963907072, 0.5731988073776777, -0.4444945545614184, -0.4169866873505476, -0.6939034370591509, 0.6570518988381633, 0.023290559609334585, 0.088239901330822, -0.2184166144285289, -0.35103957951103903, 0.5239598609558911, 0.551861220412109, 0.08672927061404821], [0.3747083511642558, 0.35829901629636673, 0.6367420672029662, 0.25803521229964854, 0.3326823393190266, -0.5536082994798892, -0.31918748740197134, -0.06367789485574761, -0.10196734396857407, -0.8399010774265094, -0.7979794682379651, -0.19884696411394598, -0.38352353914723114, -0.4329986556725254, -0.16244789400485832], [-0.25303263520713215, -0.3411602573751805, 0.2659706826857473, 0.33120789747717694, 0.2613107781969145, -0.30308799042800116, 0.22902577569787094, -0.12602962931354958, -0.5424910878908537, -0.11660528554191024, 0.47795835149986465, 0.6668279284384507, -0.5867791062404345, 0.6072782000150164, 0.10636460274882364]], "inverted": true, "swapped": false, "error_lsq": 0.04814633565395806, "error_max": 0.30408391804964174, "target": "739.xyz", "model": "22.xyz", "model_rescale": 4.204369325754507, "target_rescale": 4.036922714840361},
{"mapping": [13, 12, 4, 0, 7, 11, 9, 1, 14, 10, 5, 8, 3, 2, 15], "R": [[-0.07637687495795747, -0.981018588011237, -0.17823889291648998], [-0.9833098581427895, 0.044503403988179535, 0.17641193245546805], [-0.1651311474279285, 0.18873785261548448, -0.9680442795343775]], "T": [0.05295388481681619, -0.04166255150137281, 0.027992362698710905], "aligned_model": [[-0.4635945938220023, 0.29953563980008996, 0.08838762709212467, 0.41145076583950957, -0.4584771009360412, -0.4262136438404278, -0.6579555340584932, 0.6989113476619523, -0.02795860811316743, 0.1636739058785744, -0.188979144645341, -0.039595852398214185, 0.6952346890198575, 0.34897494653215166, 0.06271016693211928], [0.08837723289242484, 0.28450491350226265, 0.6719791189766047, 0.29229728064887733, 0.32945638252880327, -0.5295429987215542, -0.19280731805378648, -0.10418191397099527, -0.2279536792368963, -0.7325995600217359, -0.6067319357963807, -0.014258978218491342, -0.2538798911890372, -0.818083128790149, -0.0802471625769001], [-0.38139396958743665, -0.33663249258664113, 0.18331475220469098, 0.5103045797978933, 0.3383705715947437, -0.19912952220136088, 0.27451397362708685, 0.1477826356364809, -0.7193280145767038, -0.33012935423498996, 0.5878384513218176, 0.7782961317474315, -0.48956706786182896, 0.28268413955170607, 0.029833410329913202]], "inverted": false, "swapped": false, "error_lsq": 0.03793682694090087, "error_max": 0.31267865264891165, "target": "739.xyz", "model": "23.xyz", "model_rescale": 4.410303926677745, "target_rescale": 4.036922714840361},
{"mapping": [14, 10, 8, 4, 15, 13, 6, 3, 11, 7, 12, 5, 1, 0, 16], "R": [[0.15366829517451674, -0.7000381503179401, -0.697375539546373], [0.1435589577273438, -0.6824533733573629, 0.7166925553188024], [-0.9776384202323456, -0.21024742874192962, -0.004374699190902831]], "T": [-0.0022461216793240243, -0.09267352085111169, -0.011583097885644218], "aligned_model": [[-0.6026382808451624, 0.40228655788232537, 0.18450318775021157, 0.3830871740050514, -0.5055592345172245, -0.5133011428076362, -0.6664386088398387, 0.8697534111582953, -0.03156089944665593, 0.09235458312005754, -0.17532062014762465, -0.10755755137086598, 0.6723476462817592, 0.38856200680326736, 0.11558638191673334], [0.025223509779391695, 0.35399809206929567, 0.6864467753347905, 0.2568079738700142, 0.3598791926164502, -0.5647936605701993, -0.2684570466455524, -0.10339651148982126, -0.04045705472355182, -0.6796571635670957, -0.7105197073593155, -0.07191175613140388, -0.37990242244682615, -0.6453756118029143, -0.11155624696021632], [-0.3010300453480909, -0.25779789771166706, 0.17227262477002236, 0.43926644361978484, 0.2146604496760906, -0.11214135403752074, 0.3137576186233751, 0.2092173025596382, -0.6417700313271145, -0.3089579564692712, 0.4726556268988505, 0.6081591754263991, -0.45740610748309074, 0.323342590074547, 0.002529785490850058]], "inverted": false, "swapped": false, "error_lsq": 0.0346022895994791, "error_max": 0.23094422916068894, "target": "739.xyz", "model": "24.xyz", "model_rescale": 4.28219845311461, "target_rescale": 4.036922714840361},
{"mapping": [2, 13, 12, 11, 14, 0, 6, 9, 4, 1, 8, 10, 3, 5, 15], "R": [[0.270311062141977, -0.9125503946154335, 0.30689364113792383], [0.6541032985028771, 0.4079655402610626, 0.6369560368244856], [-0.7064565128663848, 0.028563880106103334, 0.7071798216733505]], "T": [0.10681410718960968, -0.06947551520784134, -0.03324969183529711], "aligned_model": [[-0.47753984713492936, 0.11322731352023865, 0.3004099476831864, 0.26511583462731636, -0.3522573449294536, -0.5001803529977679, -0.7011135378666195, 0.7702650488197239, 0.02228591931657506, 0.16605646590294518, -0.06485855063263407, -0.20736748597019858, 0.5754969645439351, 0.5436327650005587, 0.052931471059816], [0.1931208303239419, 0.4617773460043315, 0.6074983482939355, 0.11281424654718988, 0.38723410118529383, -0.4810407025963964, -0.3526302806618972, 0.04526008318632907, -0.2592759196890171, -0.7043521188878342, -0.563638985540944, -0.10150312672517259, -0.5465262375358693, -0.5885370578223216, -0.1038721641085236], [-0.2748146722578454, -0.2990423275034908, 0.26448666622681016, 0.45479546703642704, 0.36776695749233224, -0.39063742786923505, 0.2483056919093152, 0.02626731741513344, -0.7343055847136003, -0.09069044287938627, 0.4231240804976618, 0.6947399904047314, -0.42415163914218423, 0.4815757699292301, -0.07066162178309683]], "inverted": false, "swapped": false, "error_lsq": 0.0477544204028992, "error_max": 0.26128079055050213, "target": "739.xyz", "model": "25.xyz", "model_rescale": 4.100010024507729, "target_rescale": 4.036922714840361},
{"mapping": [8, 0, 4, 6, 7, 3, 1, 11, 5, 13, 9, 14], "R": [[-0.5647573624425557, 0.16270578227756838, 0.8090586814195697], [0.8169254529827411, -0.028733176973481434, 0.5760270903438086], [0.11696976462262093, 0.98625617004633, -0.11669122164787527]], "T": [-0.03162971953846795, 0.03617573370598049, 0.1016126657878744], "aligned_model": [[-0.5839794566301039, 0.03957971231017375, 0.4946364517545597, 0.5286247595912227, -0.39980683829224267, 0.09565958721351449, -0.3775908097495872, 0.5587896605200381, -0.05101493608683687, 0.00901315373192356, -0.42784451947498475, -0.009301162524669893], [-0.39323172722520117, -0.5295017761771506, -0.2091172276250659, -0.3861880654932055, 0.6492253760573921, 0.5766726401001514, 0.10672714476457268, 0.36978254859173354, -0.4257284367820502, 0.741030709165718, 0.037749311200214415, 0.12871089347353043], [0.08199202402957455, 0.22397154096886093, 0.5020134950236559, -0.21771814878473186, 0.016573893772886844, 0.3191466518740801, 0.4510021378940674, -0.08772150421587746, -0.572252770621808, -0.5454773521034512, -0.5796944033020247, -0.02664327468087535]], "inverted": false, "swapped": true, "error_lsq": 0.04752720912317263, "error_max": 0.24782613877770476, "target": "739.xyz", "model": "26.xyz", "model_rescale": 3.6694154284099745, "target_rescale": 4.036922714840361},
