[{"mapping": [10, 5, 0, 4, 6, 3, 7, 9, 1, 2, 8, 11], "R": [[0.46799248490822554, 0.7977765608734819, -0.38017836996639326], [0.6725294091092091, -0.04242109006292494, 0.738853601873261], [0.5733125046191146, -0.6014590676336609, -0.5563809504364836]], "T": [0.09523585652480386, -0.04309550064096593, -0.018802258015462155], "aligned_model": [[-0.166477759550625, -0.637266868575761, -0.09001902030108506, 0.6307193317904508, -0.10925542130730313, 0.5919252938891443, -0.7690109090900442, 0.2854887510164082, -0.3345666845015173, 0.2719681087501109, 0.5157204697637252, 0.05339715256216684], [-0.1605222888982488, -0.4327899611463706, -0.5455698532318454, -0.6440507958616546, 0.6478966483393296, -0.1850832673169101, 0.2868937020932717, 0.3760190779630239, 0.10445670118081682, -0.158747956599277, 0.3529979875023579, -0.09325129102189259], [-0.6348203409685252, -0.03506010847474887, 0.2910227726100549, 0.04797084740263579, 0.05779836073622851, -0.47396331930256036, -0.22076256121663151, -0.41566902478629103, 0.5246852606855803, 0.7584624755474367, 0.24464817256110621, 0.004992183144054668]], "inverted": false, "swapped": false, "error_lsq": 0.042400050942870554, "error_max": 0.2197535120953754, "target": "74.xyz", "model": "0.xyz", "model_rescale": 3.751011558992144, "target_rescale": 3.8578961733673287},
{"mapping": [12, 9, 5, 2, 6, 3, 11, 7, 4, 8, 0, 14], "R": [[-0.1676438991225634, 0.13271780093519842, -0.9768733328338477], [0.6427461442476525, -0.7366255108011145, -0.210381203751128], [-0.7475111485066697, -0.6631506933962467, 0.038186917999722514]], "T": [-0.020371299087194907, -0.040855817830002035, 0.09219115202900628], "aligned_model": [[-0.09063376408426216, -0.4917451745048633, -0.10859265430701737, 0.585769535382996, -0.2969968519768472, 0.4991980356840545, -0.6342193388802149, 0.16448857554467805, -0.2387374618614828, 0.20022819652410934, 0.7018234053863062, -0.04796005846178631], [-0.039684004861739744, -0.45878560606457186, -0.6271647736799786, -0.5962429592212347, 0.6493595678117828, -0.21355243517295525, 0.21888836798802358, 0.4548566661019892, 0.253299045795522, -0.21378217857111742, 0.17292705513391082, -0.05187004225703021], [-0.6474282885917191, -0.10102112246262678, 0.28851957016787017, 0.18094087852528337, -0.01176446437529094, -0.44037759868439985, -0.34650524743499, -0.3075249770204831, 0.7931641223142313, 0.6937313322636642, 0.0014375815360860716, 0.046132931700714815]], "inverted": false, "swapped": false, "error_lsq": 0.04671041037713269, "error_max": 0.25638099264075825, "target": "74.xyz", "model": "1.xyz", "model_rescale": 3.9405287249114394, "target_rescale": 3.8578961733673287},
{"mapping": [10, 8, 4, 7, 5, 3, 9, 11, 2, 1, 6, 12], "R": [[-0.46324386460874, -0.646875063299232, -0.6057703974147088], [0.8862155368801898, -0.33410539142813317, -0.3209292906713431], [0.0052099994737856425, -0.6855116628477366, 0.7280430042279197]], "T": [0.09476467428683986, -0.012181989591692314, 0.08628216567294959], "aligned_model": [[-0.1626287383963817, -0.5164452743951318, -0.074407279944303, 0.729751921209537, -0.19926217397385532, 0.26812226043866194, -0.5287810008497633, 0.13418057229376495, -0.28896373661322194, 0.2580134445166738, 0.5884377890092103, 0.03460466115047915], [-0.1151462897079466, -0.3774879073287401, -0.6713398650807134, -0.48725586319324793, 0.6403658536389301, -0.3941333650111022, 0.19860187947675165, 0.5509292965632502, 0.23541637499424464, -0.2008916841708827, 0.18503594395582754, -0.015845671133770424], [-0.7103570897753527, -0.21976318261425642, 0.25536045217132547, 0.08870374013763833, 0.21200330619312768, -0.3021248022199114, -0.37970287555588017, -0.3484204400547097, 0.5918681465348536, 0.8379235845347242, -0.026623263235420594, 0.15043714182220166]], "inverted": true, "swapped": false, "error_lsq": 0.05721597495789446, "error_max": 0.34908451807976554, "target": "74.xyz", "model": "2.xyz", "model_rescale": 3.932901565614263, "target_rescale": 3.8578961733673287},
{"mapping": [1, 10, 6, 4, 8, 0, 11, 3, 9, 5, 7, 13], "R": [[0.8047275552831982, 0.2446010610217153, 0.5409102353579366], [0.5111338846793934, -0.7488980025573543, -0.42177474284048555], [0.30192004521144317, 0.6158913075475706, -0.7276827492711806]], "T": [0.02139885485977744, -0.02748405567058251, -0.034268055953287614], "aligned_model": [[-0.11251348984204129, -0.6168646728433325, -0.09475813338796872, 0.7650918858475375, -0.136381983521099, 0.5118838062050401, -0.7350362452073087, 0.13721397933023002, -0.09630337721136717, 0.13309998511736754, 0.5222545717018161, -0.035063881743203774], [-0.3918933293060093, -0.3519150057095053, -0.6666650410115229, -0.45738170024397923, 0.6834895296711556, -0.1367316288336856, 0.3712921038318047, 0.34221668471616257, 0.26812588651313085, -0.31481017934904254, 0.2933502893298325, -0.09082890660574058], [-0.6651737431499679, -0.056843887323489696, 0.1770314536096928, 0.12490196442825055, 0.057429782178539605, -0.47748336413297415, -0.2921288951019501, -0.3668243633398791, 0.627965955583765, 0.6151672693915492, 0.36063879549644917, 0.044623750298354546]], "inverted": true, "swapped": false, "error_lsq": 0.04371852966421932, "error_max": 0.23924755688439045, "target": "74.xyz", "model": "3.xyz", "model_rescale": 3.9243930471874484, "target_rescale": 3.8578961733673287},
{"mapping": [4, 8, 10, 6, 1, 3, 7, 0, 9, 11, 5, 12], "R": [[0.32153917306516205, 0.926573345217607, -0.19512661560336866], [0.42161384966597465, 0.04441983809316069, 0.9056868331568115], [0.8478527713904158, -0.37348187896607565, -0.3763734370669121]], "T": [-0.01944631957562716, -0.09445117515485438, 0.025702831605896773], "aligned_model": [[-0.29877730654230794, -0.617246844190881, -0.07048727867768807, 0.6676427666919268, -0.13639963565222923, 0.3812837950055759, -0.548855014155443, 0.40560906528594654, -0.3650638134199235, 0.2128389075997152, 0.5537816210560095, 0.058296181444969467], [-0.26709190780943215, -0.27422552322177474, -0.7952722919753582, -0.295614163239587, 0.6092463375228301, -0.29254146777103596, 0.29737472822380384, 0.48926439449050196, 0.03949578474779575, -0.33298723207116016, 0.3748364071863891, -0.004236363080372008], [-0.4688036360856664, 0.10726314954954032, 0.08377435846128141, 0.12035247235297065, 0.06164768509580716, -0.4774164202655113, -0.4315910065955052, -0.4236593907875397, 0.625947907935974, 0.7435316441889794, 0.18318931646858722, 0.025068637619422525]], "inverted": true, "swapped": false, "error_lsq": 0.044131723637516135, "error_max": 0.22842766405162956, "target": "74.xyz", "model": "4.xyz", "model_rescale": 3.8936222436046832, "target_rescale": 3.8578961733673287},
{"mapping": [10, 8, 7, 5, 0, 4, 3, 2, 9, 6, 1, 11], "R": [[-0.9968048815437934, -0.05760136659443406, 0.05533634155704304], [-0.007120989059860385, -0.6259418129397979, -0.7798372511803017], [0.0795570213449037, -0.7777396282690584, 0.6235316759994104]], "T": [-0.06039379303706455, -0.08023392264591259, 0.01721386328842931], "aligned_model": [[-0.19815182096247635, -0.7696115877548513, -0.06053282929681214, 0.6690821153035751, -0.14485693182166742, 0.5376094949485748, -0.46714785881177173, 0.15990999869710765, -0.3331180752448371, 0.23664354269224425, 0.505109537795106, 0.1076868589014782], [-0.31475057638519727, -0.2801657764365071, -0.7269604275508528, -0.3987521989057603, 0.7977217793321805, -0.2105345233437248, 0.2714502284393866, 0.3657751294716194, 0.14475323531150616, -0.4026756362606351, 0.4096413029040996, -0.10725383357351423], [-0.5533052550118206, 0.07106736666861474, 0.05584462707086294, 0.17077773887744035, 0.08633746654974825, -0.4887885279341859, -0.18564426490057473, -0.5392936655922586, 0.52420320091769, 0.6823520373633735, 0.30589537182524906, 0.019858622104201543]], "inverted": false, "swapped": false, "error_lsq": 0.04647960187423325, "error_max": 0.2724656300946131, "target": "74.xyz", "model": "5.xyz", "model_rescale": 3.6523030999806103, "target_rescale": 3.8578961733673287},
{"mapping": [4, 9, 7, 0, 6, 3, 10, 2, 8, 5, 1, 12], "R": [[0.21331880155961652, -0.33364426805001157, 0.9182464763333106], [-0.49303259004659317, 0.7746586484309594, 0.3960086407681872], [-0.8434535873734351, -0.5372015271836922, 0.0007517568701875363]], "T": [-0.0681179488292637, -0.035245097037982544, 0.011875664409547059], "aligned_model": [[-0.07969598617589929, -0.7391381944129841, -0.035352502346899406, 0.84846095140182, -0.21892860769677389, 0.4329394046810018, -0.6617253913188894, 0.2771940756479052, -0.3075467980635241, 0.20577017072580694, 0.5224329191121041, -0.0017875971079971964], [-0.04108720551658214, -0.255964234798568, -0.7171405150109207, -0.3845086148534576, 0.5873796568918374, -0.4139069541603135, 0.2995618285200634, 0.41289966566562936, 0.13590726368617218, -0.27424114127732413, 0.3136504553871641, -0.11430150153109994], [-0.561677664189147, 0.16575148259950478, 0.039500366426164904, 0.17018499854065006, 0.12241535428557325, -0.28510485583030976, -0.36787105181889884, -0.4942246335768506, 0.6177500723848282, 0.5878702119456138, 0.12094642981023311, 0.03376400736097818]], "inverted": false, "swapped": false, "error_lsq": 0.04370961639560821, "error_max": 0.28643876280453723, "target": "74.xyz", "model": "6.xyz", "model_rescale": 4.08911054899281, "target_rescale": 3.8578961733673287},
{"mapping": [13, 11, 1, 0, 5, 2, 12, 7, 8, 3, 6, 14], "R": [[-0.25346735157944456, 0.2860574555055152, 0.9240808589257827], [0.2107741408330996, -0.9159927309757092, 0.34136721921668256], [0.9441019877319246, 0.28129779407128674, 0.1718807371733581]], "T": [-0.08508641842698136, 0.015460222410514708, 0.08688448599857093], "aligned_model": [[-0.24606742742881074, -0.6003707647010105, 0.02821088204119221, 0.6837889474269406, -0.17825428968587004, 0.48945397381158595, -0.5985667967891787, 0.28818949297372454, -0.3121961185899298, 0.4135808180615729, 0.4084897545283327, -0.13363602720287904], [-0.16758774814097926, -0.2592179524590595, -0.687774146396928, -0.47839665276984195, 0.7688839604916189, -0.25671197453385997, 0.25430317682229175, 0.4286532956071647, 0.05065909130331369, -0.061894186841790676, 0.0860870728777349, -0.12875523295706395], [-0.6033858071253296, 0.02717681737533055, -0.08796174098393231, 0.3095776419867592, 0.02228070712836186, -0.40906427767372633, -0.34589012297943467, -0.45091244851085055, 0.7290146885319411, 0.6966374842592342, 0.11006585647881142, 0.15176591945117524]], "inverted": true, "swapped": false, "error_lsq": 0.045390025879035435, "error_max": 0.24404959004167404, "target": "74.xyz", "model": "7.xyz", "model_rescale": 3.964800864290218, "target_rescale": 3.8578961733673287},
{"mapping": [4, 0, 3, 10, 7, 11, 2, 12, 1, 5, 9, 13], "R": [[0.13487690089942864, -0.05841362593806615, -0.9891390548899249], [-0.9733456265169578, 0.17906417834908547, -0.1432979810481592], [0.18548992679948262, 0.9821017606831459, -0.03270502589798702]], "T": [-0.019713219673561634, -0.07471997304825373, 0.008752341198473505], "aligned_model": [[-0.13897933098025608, -0.656980399289541, -0.1899214796810114, 0.6805470176867486, -0.18016440900075778, 0.5245905591890361, -0.577879404281273, 0.27935369395483656, -0.46032968372383143, 0.29974380275958423, 0.6249878657598803, 0.03765421205225483], [-0.05361165002792877, -0.38516569588149635, -0.7431368666203275, -0.4165786747088699, 0.6107648341551012, -0.21480455133453685, 0.15719305484085078, 0.5207601350400067, 0.25328575231853423, -0.29344747332799165, 0.16564105538687074, -0.05265121683761221], [-0.6843734975976943, 0.1120643321849231, 0.23282978387198885, 0.26933292581335183, 0.11467287697214124, -0.6005448208956323, -0.2619422941563297, -0.34710909157072606, 0.5200147658952623, 0.7498165856522906, -0.012314534202626518, 0.056857685971390876]], "inverted": true, "swapped": false, "error_lsq": 0.041306412919554426, "error_max": 0.2398106021461696, "target": "74.xyz", "model": "8.xyz", "model_rescale": 4.121658175737393, "target_rescale": 3.8578961733673287},
{"mapping": [6, 2, 1, 4, 11, 9, 8, 7, 3, 0, 5, 12], "R": [[-0.8082019087943515, -0.20478994752360252, 0.552151022832021], [0.3396583253563359, 0.6038287940855802, 0.7211262090988535], [-0.4810840847890275, 0.7703582704342402, -0.41845697333927845]], "T": [0.023453954321993695, 0.058884973702711084, 0.03414899730337968], "aligned_model": [[-0.10191284119321677, -0.5613656677188126, -0.07093414972263302, 0.604992166174143, -0.24299483906258362, 0.556201680769641, -0.5414321361829493, 0.2081090233038777, -0.4488714559189819, 0.22878741741556136, 0.5958860638709943, 0.01615718271063015], [-0.2987690974724963, -0.24126948539207668, -0.6162255249539526, -0.611664538504378, 0.634067861054968, -0.11202076022787041, 0.1576690671546189, 0.5480821672727515, 0.2826450668511125, -0.3528024723332037, 0.18661122396754518, -0.028074804414418307], [-0.5459792489043188, 0.2582912762702215, 0.13538345849097383, 0.05160114769707813, 0.06881542421080188, -0.5824229020801869, -0.41495983734833997, -0.3922305538194399, 0.6253546459781321, 0.6722523265790591, 0.22837925042153467, 0.04481973044282447]], "inverted": false, "swapped": false, "error_lsq": 0.039578296852863744, "error_max": 0.2061526828285261, "target": "74.xyz", "model": "9.xyz", "model_rescale": 3.833441315466971, "target_rescale": 3.8578961733673287},
{"mapping": [0, 5, 2, 9, 6, 8, 1, 12, 4, 3, 7, 14], "R": [[0.47646494299398545, 0.7965438729742849, 0.37215455999472136], [0.4768610313639714, 0.1214859613461167, -0.8705427720464396], [-0.7386370657259409, 0.5922491195628208, -0.3219569311458227]], "T": [0.05702480319500189, 0.01871706182739212, -0.12427657593094898], "aligned_model": [[-0.3682087318847035, -0.5146771470902213, 0.025224312180354425, 0.5802220570063469, -0.22294163496533834, 0.6593560441593874, -0.5722927912939675, 0.03413142444274486, -0.33103027943273955, 0.23997389815163886, 0.6081602832879031, 0.10470500988426516], [-0.13461483796106088, -0.3061049223025186, -0.6411617167457447, -0.5061057622063705, 0.5767697882421611, -0.40741393989697244, 0.32090173774977265, 0.5407099992208476, 0.16578869255766943, -0.20868377527965976, 0.17785801343851426, -0.02969457381403759], [-0.6336769399419567, 0.03409880136296897, 0.15891767063434936, 0.20547448700927562, 0.14297894990485255, -0.37561063232687997, -0.3656325781727162, -0.42430878058809984, 0.5566755283842904, 0.6937334103682353, 0.21460071289922622, -0.05794591159520521]], "inverted": false, "swapped": false, "error_lsq": 0.04452533981682135, "error_max": 0.2622499189452328, "target": "74.xyz", "model": "10.xyz", "model_rescale": 4.2482417240324, "target_rescale": 3.8578961733673287},
{"mapping": [5, 6, 2, 3, 10, 7, 4, 9, 0, 1, 8, 11], "R": [[-0.7000013417649488, 0.3183011209842772, 0.6392828152761685], [0.6093538315301668, -0.20059234556946082, 0.7671053505865064], [0.37240573240321706, 0.9265242076055511, -0.05354309660571566]], "T": [0.021912663272783583, -0.08283406902420885, 0.061989944282179785], "aligned_model": [[-0.28714512354669836, -0.5664769008233411, 0.04585928686161646, 0.7479979504666898, 0.06804091889159931, 0.45555255727001837, -0.6712779071927067, 0.18781839005614276, -0.35423265549023675, 0.10234381585973185, 0.5312727784595931, -0.01713066636673823], [-0.223333409494676, -0.3545895511728574, -0.8195501955564382, -0.43514289234724124, 0.556502572437013, -0.1618469877148636, 0.2658182869380313, 0.5006129976961502, 0.2904341877186335, -0.2370157224897324, 0.17402497521446064, -0.007665558225878971], [-0.6080319882358067, 0.041282048978598676, 0.12857218298530737, 0.144150002589294, 0.12620213512739664, -0.45208169246643787, -0.34269258305493305, -0.49602055050694155, 0.6033077655431072, 0.7467566207394778, 0.28877956795242465, -0.03091879171314736]], "inverted": true, "swapped": false, "error_lsq": 0.04238192783896716, "error_max": 0.3112410200241012, "target": "74.xyz", "model": "11.xyz", "model_rescale": 3.6694154284099745, "target_rescale": 3.8578961733673287},
{"mapping": [8, 11, 4, 1, 7, 2, 9, 10, 6, 0, 12, 13], "R": [[0.6018964294221523, -0.3825846737918386, 0.7009633768096997], [0.7933827015473842, 0.18655955506857289, -0.5794302557668098], [0.09090971969068462, 0.9048892196242637, 0.4158255921339529]], "T": [0.022427504068730522, 0.007714373899650337, 0.08212096992294413], "aligned_model": [[-0.18769441954750454, -0.6706258933183938, -0.10274291035619824, 0.6711780864126282, -0.2500279738528134, 0.4241783505884235, -0.5051862725901513, 0.17379130637973111, -0.32030471575656744, 0.3029458099461194, 0.6249946334916672, 0.08211644304872934], [-0.2895060723851578, -0.2292048939759147, -0.6935342517505483, -0.5354790628690226, 0.6988356753422094, -0.1730269722404788, 0.3008008612614894, 0.4505892609807154, 0.009822040371980034, -0.24557796757369044, 0.320135968452138, -0.06560588261111899], [-0.5812843623115522, -0.01047977406189382, 0.2827733612037148, 0.05894627981814962, 0.09899336490500565, -0.3997943717175574, -0.44741682900715973, -0.3473899391950115, 0.531993192547697, 0.6886606093893938, 0.11489446626941206, 0.15940872009814241]], "inverted": true, "swapped": false, "error_lsq": 0.04218498162198154, "error_max": 0.22776989135163, "target": "74.xyz", "model": "12.xyz", "model_rescale": 3.9764082729961374, "target_rescale": 3.8578961733673287},
{"mapping": [3, 11, 8, 2, 6, 7, 14, 4, 12, 1, 0, 15], "R": [[-0.19353072887785103, -0.04659455930270201, -0.9799871448255814], [0.9394346038457395, 0.27918211097855694, -0.19879631286006194], [0.28285770641297125, -0.9591070304991743, -0.010257776067436497]], "T": [0.002485713392376576, 0.08499975262396534, 0.1608768191679401], "aligned_model": [[-0.19968358203964498, -0.6387326834772902, -0.06837883288793106, 0.5555507211066757, -0.3361346471618455, 0.5011013455960556, -0.6481820479412141, 0.3566295920193455, -0.17867208365237583, 0.17041408378871387, 0.7235566390084396, 0.005153940086741459], [-0.3341858004484778, -0.3614107992832375, -0.6055101743793966, -0.48923044000092186, 0.7101395534511664, -0.12006634990555401, 0.17140894070676982, 0.49159075542945097, 0.1524840344868781, -0.3137335443797894, 0.1480014787303181, 0.09876104859539415], [-0.5404465694292759, 0.019097817157022245, 0.027358680179835004, 0.18614136005208912, -0.11875738213634901, -0.36861732040158196, -0.29516370112721224, -0.31360141157389726, 0.7690225740816841, 0.6257793880332259, 0.10434862937669054, 0.05414265372610924]], "inverted": false, "swapped": false, "error_lsq": 0.04547651477168251, "error_max": 0.21998881874335072, "target": "74.xyz", "model": "13.xyz", "model_rescale": 4.170626492500431, "target_rescale": 3.8578961733673287},
{"mapping": [3, 2, 0, 7, 5, 9, 6, 11, 4, 8, 10, 13], "R": [[-0.4770442047836103, 0.3882775867803069, -0.7884601082403818], [0.2918883669029524, -0.7762048642418287, -0.5588445132539571], [-0.8289933702684845, -0.4967358697853278, 0.2569503215010902]], "T": [0.01483404306586895, -0.11108170268964529, 0.030718506571446008], "aligned_model": [[-0.2313871967919442, -0.5791558676015606, -0.031147587078861273, 0.5999118372365787, -0.20269704733208338, 0.617785256801825, -0.5770813439457149, 0.13642311738778418, -0.3432551367621912, 0.30967807732847197, 0.5460039994158189, -0.002455664212452729], [-0.2088298104525014, -0.39210980942735746, -0.6908540442604674, -0.587499449925851, 0.7720306345564258, -0.07546976556225754, 0.38273726317298024, 0.39408762195586394, 0.025695143663576947, -0.1103555821188108, 0.0609284633630818, -0.02211196196208262], [-0.605908552939494, 0.06435414964632263, 0.16341412883006465, 0.3276021669091672, 0.027161419239561252, -0.509177837417149, -0.30583501161456483, -0.4485305952262366, 0.6274825840633432, 0.7123509302527092, 0.11195449133518778, -0.015563155140571577]], "inverted": true, "swapped": false, "error_lsq": 0.041255120711935565, "error_max": 0.1927872774464265, "target": "74.xyz", "model": "14.xyz", "model_rescale": 3.9786697098870705, "target_rescale": 3.8578961733673287},
{"mapping": [4, 1, 0, 3, 7, 2, 10, 5, 6, 9, 8, 11], "R": [[0.975777280761871, -0.2158484914167871, 0.035610772275626666], [0.09935186847716272, 0.5822600585185336, 0.8069091835417979], [-0.19490486032694498, -0.7838256521746985, 0.5896010875276971]], "T": [-0.017812305608476214, -0.01949514083791237, 0.037958270415667746], "aligned_model": [[-0.14315356783495103, -0.6488402746428309, 0.027089599525632294, 0.7490156746663045, -0.1612410840761393, 0.570911571041419, -0.6963751779676566, 0.3276796484854594, -0.4249031178464018, 0.22608242689213237, 0.4636430411258755, -0.04728629492317318], [-0.12078209307196183, -0.26157664746017434, -0.7133959193182922, -0.44349740605037047, 0.6141660359320055, -0.37380562881365054, 0.3040922523735455, 0.46203297994535375, 0.09557072400500216, -0.16156673262804938, 0.17495197538274423, -0.027940837293551516], [-0.5527576100055032, 0.10018638255331344, 0.020896189112559756, 0.31607004662275806, 0.15952185029275756, -0.4928106919773369, -0.3186432098212476, -0.5037294313842141, 0.7075795127186091, 0.5927062224748871, -0.013219792427412662, 0.13350524977917008]], "inverted": false, "swapped": false, "error_lsq": 0.04171515343793724, "error_max": 0.2548945689851445, "target": "74.xyz", "model": "15.xyz", "model_rescale": 3.769337070930944, "target_rescale": 3.8578961733673287},
{"mapping": [2, 1, 5, 0, 3, 9, 10, 8, 7, 6, 11], "R": [[0.6484794003135522, 0.39527049876919756, 0.6505656770624515], [0.651181980748786, 0.15457846749587212, -0.7430124664732859], [-0.39425435358035554, 0.9054649248807917, -0.15715207441697546]], "T": [0.0013428890039657911, 0.04919387995815597, 0.08707481133744166], "aligned_model": [[-0.24401959025947534, -0.4748466059142169, -0.05809218734556853, -0.6213633403875887, 0.3639326536864543, 0.4993269198362357, 0.5881491391215842, 0.29249688799990964, 0.0758649925061799, -0.5648897594838879, 0.06606702093154466], [-0.19235905857476096, -0.4838395993112081, 0.7016381987281473, 0.38428536691366744, 0.2770384310065531, -0.30275614500256465, 0.28601883871162037, -0.6129418972276734, 0.6188609243280785, -0.07524133080219361, -0.004639231144324053], [-0.5101139734407892, -0.017952820302614914, -0.2336213481527728, 0.08451041024174344, -0.6449767066691201, -0.3469689449876751, 0.004067931129590668, 0.30031241608569786, 0.4663671103115219, 0.6549685577334012, -0.012375024725205672]], "inverted": false, "swapped": true, "error_lsq": 0.04567830868131481, "error_max": 0.2548795661772741, "target": "74.xyz", "model": "16.xyz", "model_rescale": 3.7852294659196426, "target_rescale": 3.8578961733673287},
{"mapping": [3, 4, 5, 7, 9, 2, 0, 8, 10, 6, 11, 12], "R": [[0.48825716041612377, 0.02287265509237596, 0.8724000154467035], [0.8170113844826145, 0.33939783258821987, -0.466156099241681], [-0.30675290206970307, 0.9403647977691656, 0.1470262023870958]], "T": [0.01832358301267038, -0.10046872556711325, -0.08583736028511786], "aligned_model": [[-0.17498213598605325, -0.6055122370052056, -0.12381112298364404, 0.5552456409764961, -0.15030091517559932, 0.5079562294934769, -0.5715563129116381, 0.17166190306306342, -0.2543167157585059, 0.25451995611512357, 0.6145207975014223, 0.0191973571167341], [-0.1751529213417654, -0.4002238006654414, -0.6650911984686363, -0.44885730014855074, 0.7243933686671677, -0.24129108833469656, 0.17401990697613343, 0.4660756353334883, 0.1564698552170494, -0.2737991761204048, 0.26326740088400014, -0.031561978995743395], [-0.8536593064851701, 0.06503493573046625, 0.21946281823807395, 0.20011212817294105, 0.1101985793229845, -0.4242394209688931, -0.2918588512213472, -0.3681860064450055, 0.6275383531154183, 0.7517550609713213, 0.13816484100644527, -0.025018413498894443]], "inverted": false, "swapped": false, "error_lsq": 0.03455983102801926, "error_max": 0.201356843113053, "target": "74.xyz", "model": "17.xyz", "model_rescale": 3.901054581598922, "target_rescale": 3.8578961733673287},
{"mapping": [12, 9, 5, 2, 6, 3, 11, 7, 4, 8, 0, 14], "R": [[-0.1676438991225634, 0.13271780093519842, -0.9768733328338477], [0.6427461442476525, -0.7366255108011145, -0.210381203751128], [-0.7475111485066697, -0.6631506933962467, 0.038186917999722514]], "T": [-0.020371299087194907, -0.040855817830002035, 0.09219115202900628], "aligned_model": [[-0.09063376408426216, -0.4917451745048633, -0.10859265430701737, 0.585769535382996, -0.2969968519768472, 0.4991980356840545, -0.6342193388802149, 0.16448857554467805, -0.2387374618614828, 0.20022819652410934, 0.7018234053863062, -0.04796005846178631], [-0.039684004861739744, -0.45878560606457186, -0.6271647736799786, -0.5962429592212347, 0.6493595678117828, -0.21355243517295525, 0.21888836798802358, 0.4548566661019892, 0.253299045795522, -0.21378217857111742, 0.17292705513391082, -0.05187004225703021], [-0.6474282885917191, -0.10102112246262678, 0.28851957016787017, 0.18094087852528337, -0.01176446437529094, -0.44037759868439985, -0.34650524743499, -0.3075249770204831, 0.7931641223142313, 0.6937313322636642, 0.0014375815360860716, 0.046132931700714815]], "inverted": false, "swapped": false, "error_lsq": 0.04671041037713269, "error_max": 0.25638099264075825, "target": "74.xyz", "model": "18.xyz", "model_rescale": 3.9405287249114394, "target_rescale": 3.8578961733673287},
{"mapping": [11, 5, 2, 3, 7, 14, 9, 13, 8, 1, 12, 15], "R": [[-0.26814875343578, -0.6481026346851656, 0.7127827305322321], [-0.8318367267916699, 0.5289724798265747, 0.16803504261506072], [-0.48594640238544673, -0.5478604662688039, -0.6809588853288946]], "T": [0.1025763742536822, 0.0484225328761382, 0.10477309760919173], "aligned_model": [[-0.1524927625009635, -0.6592005805897078, -0.21633104723141944, 0.7634841181470743, -0.2726603086878987, 0.5665600880069183, -0.5175011733681142, 0.19051749921438155, -0.5127918012386193, 0.32989257379722425, 0.630732709461504, 0.09241312943529079], [-0.16095326945455327, -0.28468121152913095, -0.7526371023585119, -0.48675415636098673, 0.6430745202950914, -0.13029260524459751, 0.28016811325693597, 0.38189827741782867, 0.17313683525601564, -0.3106268927326693, 0.18570415405463525, 0.01021204040254356], [-0.5357850268209301, 0.10413333860078305, 0.21398298879355368, 0.1518417733171576, 0.06995938515229684, -0.48895998623777326, -0.2835665319238258, -0.47175975636790735, 0.5267215623642298, 0.6096793061019223, 0.15318491719738203, 0.09987274776145148]], "inverted": false, "swapped": false, "error_lsq": 0.03777301076654462, "error_max": 0.22466929857234424, "target": "74.xyz", "model": "19.xyz", "model_rescale": 4.410303926677745, "target_rescale": 3.8578961733673287},
{"mapping": [4, 0, 3, 10, 7, 11, 2, 12, 1, 5, 9, 13], "R": [[0.13487690089942864, -0.05841362593806615, -0.9891390548899249], [-0.9733456265169578, 0.17906417834908547, -0.1432979810481592], [0.18548992679948262, 0.9821017606831459, -0.03270502589798702]], "T": [-0.019713219673561634, -0.07471997304825373, 0.008752341198473505], "aligned_model": [[-0.13897933098025608, -0.656980399289541, -0.1899214796810114, 0.6805470176867486, -0.18016440900075778, 0.5245905591890361, -0.577879404281273, 0.27935369395483656, -0.46032968372383143, 0.29974380275958423, 0.6249878657598803, 0.03765421205225483], [-0.05361165002792877, -0.38516569588149635, -0.7431368666203275, -0.4165786747088699, 0.6107648341551012, -0.21480455133453685, 0.15719305484085078, 0.5207601350400067, 0.25328575231853423, -0.29344747332799165, 0.16564105538687074, -0.05265121683761221], [-0.6843734975976943, 0.1120643321849231, 0.23282978387198885, 0.26933292581335183, 0.11467287697214124, -0.6005448208956323, -0.2619422941563297, -0.34710909157072606, 0.5200147658952623, 0.7498165856522906, -0.012314534202626518, 0.056857685971390876]], "inverted": true, "swapped": false, "error_lsq": 0.041306412919554426, "error_max": 0.2398106021461696, "target": "74.xyz", "model": "20.xyz", "model_rescale": 4.121658175737393, "target_rescale": 3.8578961733673287},
{"mapping": [4, 9, 7, 0, 6, 3, 10, 2, 8, 5, 1, 12], "R": [[0.21331880155961652, -0.33364426805001157, 0.9182464763333106], [-0.49303259004659317, 0.7746586484309594, 0.3960086407681872], [-0.8434535873734351, -0.5372015271836922, 0.0007517568701875363]], "T": [-0.0681179488292637, -0.035245097037982544, 0.011875664409547059], "aligned_model": [[-0.07969598617589929, -0.7391381944129841, -0.035352502346899406, 0.84846095140182, -0.21892860769677389, 0.4329394046810018, -0.6617253913188894, 0.2771940756479052, -0.3075467980635241, 0.20577017072580694, 0.5224329191121041, -0.0017875971079971964], [-0.04108720551658214, -0.255964234798568, -0.7171405150109207, -0.3845086148534576, 0.5873796568918374, -0.4139069541603135, 0.2995618285200634, 0.41289966566562936, 0.13590726368617218, -0.27424114127732413, 0.3136504553871641, -0.11430150153109994], [-0.561677664189147, 0.16575148259950478, 0.039500366426164904, 0.17018499854065006, 0.12241535428557325, -0.28510485583030976, -0.36787105181889884, -0.4942246335768506, 0.6177500723848282, 0.5878702119456138, 0.12094642981023311, 0.03376400736097818]], "inverted": false, "swapped": false, "error_lsq": 0.04370961639560821, "error_max": 0.28643876280453723, "target": "74.xyz", "model": "21.xyz", "model_rescale": 4.08911054899281, "target_rescale": 3.8578961733673287},
{"mapping": [14, 10, 5, 11, 0, 15, 13, 2, 6, 8, 1, 16], "R": [[0.7776125431233173, 0.1622667687465093, -0.6074440126775916], [0.02132731117959305, 0.9587599295170609, 0.2834158487987037], [0.6283819527764433, -0.23334286642836916, 0.7420830331653303]], "T": [-0.07420181499543455, -0.036384162085191976, -0.08415102022394601], "aligned_model": [[-0.12033826843150291, -0.6707396574977217, -0.10195491128999161, 0.5472659432420747, -0.19143135616680776, 0.5175619966714324, -0.5599737864860916, 0.39700668096833, -0.31225553579597315, 0.24265832528050774, 0.5913636491655063, -0.09654063521409241], [-0.240867471761128, -0.4827505796129737, -0.6588446041666426, -0.4276764500519288, 0.6411599978760792, -0.20899929003771323, 0.29678308659969593, 0.38731082234702335, 0.09788018324035967, -0.1479968756488985, 0.28660495851325846, 0.005644925705468512], [-0.6906826267172768, 0.22574417654597395, 0.24675956836154794, 0.13162942631245494, 0.27259895406953444, -0.4734152321643823, -0.3837426458513333, -0.43012637031670115, 0.6092951854320438, 0.5224001084827191, 0.20342335651589927, -0.08457918273213963]], "inverted": true, "swapped": false, "error_lsq": 0.04348268479749912, "error_max": 0.24442478178433077, "target": "74.xyz", "model": "22.xyz", "model_rescale": 4.204369325754507, "target_rescale": 3.8578961733673287},
{"mapping": [11, 5, 2, 3, 7, 14, 9, 13, 8, 1, 12, 15], "R": [[-0.26814875343578, -0.6481026346851656, 0.7127827305322321], [-0.8318367267916699, 0.5289724798265747, 0.16803504261506072], [-0.48594640238544673, -0.5478604662688039, -0.6809588853288946]], "T": [0.1025763742536822, 0.0484225328761382, 0.10477309760919173], "aligned_model": [[-0.1524927625009635, -0.6592005805897078, -0.21633104723141944, 0.7634841181470743, -0.2726603086878987, 0.5665600880069183, -0.5175011733681142, 0.19051749921438155, -0.5127918012386193, 0.32989257379722425, 0.630732709461504, 0.09241312943529079], [-0.16095326945455327, -0.28468121152913095, -0.7526371023585119, -0.48675415636098673, 0.6430745202950914, -0.13029260524459751, 0.28016811325693597, 0.38189827741782867, 0.17313683525601564, -0.3106268927326693, 0.18570415405463525, 0.01021204040254356], [-0.5357850268209301, 0.10413333860078305, 0.21398298879355368, 0.1518417733171576, 0.06995938515229684, -0.48895998623777326, -0.2835665319238258, -0.47175975636790735, 0.5267215623642298, 0.6096793061019223, 0.15318491719738203, 0.09987274776145148]], "inverted": false, "swapped": false, "error_lsq": 0.03777301076654462, "error_max": 0.22466929857234424, "target": "74.xyz", "model": "23.xyz", "model_rescale": 4.410303926677745, "target_rescale": 3.8578961733673287},
{"mapping": [0, 5, 4, 10, 13, 1, 12, 7, 15, 9, 11, 16], "R": [[0.9641216187511775, -0.22719581297612287, -0.1373010080907192], [0.24164434675438282, 0.9652389550217139, 0.09960807894060368], [0.10989774309901341, -0.12921231471770997, 0.985508327609176]], "T": [0.023144756167383373, -0.028218425121890874, 0.08657828778751678], "aligned_model": [[-0.22667535311562842, -0.5694109202839153, -0.15656336548842548, 0.4934415800495297, -0.18495674096144993, 0.6375996363164362, -0.6001140724597858, 0.21268030733671933, -0.2936982537437805, 0.2909699173318015, 0.5850270789961303, 0.05432263046803877], [-0.14671098562824345, -0.23757659819838456, -0.6923901055030299, -0.4532559279316388, 0.6387516619300763, -0.15112623610073156, 0.22289947464937498, 0.35992924116533637, -0.02141934372168165, -0.10415573789811067, 0.24071991893536282, -0.10741665869572944], [-0.6162269748483289, 0.11205296343509423, 0.10815009767415912, 0.23472674349068592, 0.008916883603929435, -0.4996590530836871, -0.3546292231826106, -0.4187419677742539, 0.7260143443227239, 0.6477584649177893, 0.19919227004139534, 0.0017501693414431196]], "inverted": false, "swapped": false, "error_lsq": 0.03785767759598841, "error_max": 0.24250915833330483, "target": "74.xyz", "model": "24.xyz", "model_rescale": 4.28219845311461, "target_rescale": 3.8578961733673287},
{"mapping": [0, 8, 1, 7, 14, 4, 6, 2, 11, 9, 13, 15], "R": [[0.9848394636175232, -0.14024392330096463, -0.102092472194098], [0.17333119530314328, 0.8189742481058672, 0.5470260301614662], [0.006894029034834721, -0.5564286323658973, 0.8308668060809049]], "T": [0.03888370919799902, -0.0706840770489838, 0.13460672840827476], "aligned_model": [[-0.12029938327259637, -0.6336327904807821, -0.22664796394658546, 0.7785761448393574, -0.19888355542290959, 0.4503266294067054, -0.619419298267385, 0.15038093395934932, -0.1852761792779409, 0.29356562613311477, 0.5236734616402103, 0.03025881913513239], [-0.17781016127173246, -0.24122363669440094, -0.6240804986954818, -0.2852856973638169, 0.6527406498045323, -0.3784840000549513, 0.21529618980694606, 0.3800429001789325, 0.13054256026887476, -0.31560460694861053, 0.27224366971215086, -0.08012866573984181], [-0.6583238594658496, 0.11044326043343243, -0.04738978230706889, 0.24572491307409816, 0.15097796373843336, -0.3856071735910513, -0.4104158145127162, -0.3685767224895283, 0.5881894177613801, 0.7108226073102801, 0.15180886098987756, 0.06165104699705354]], "inverted": false, "swapped": false, "error_lsq": 0.04232968843516044, "error_max": 0.23462724851669323, "target": "74.xyz", "model": "25.xyz", "model_rescale": 4.100010024507729, "target_rescale": 3.8578961733673287},
{"mapping": [5, 6, 2, 3, 10, 7, 4, 9, 0, 1, 8, 11], "R": [[-0.7000013417649488, 0.3183011209842772, 0.6392828152761685], [0.6093538315301668, -0.20059234556946082, 0.7671053505865064], [0.37240573240321706, 0.9265242076055511, -0.05354309660571566]], "T": [0.021912663272783583, -0.08283406902420885, 0.061989944282179785], "aligned_model": [[-0.28714512354669836, -0.5664769008233411, 0.04585928686161646, 0.7479979504666898, 0.06804091889159931, 0.45555255727001837, -0.6712779071927067, 0.18781839005614276, -0.35423265549023675, 0.10234381585973185, 0.5312727784595931, -0.01713066636673823], [-0.223333409494676, -0.3545895511728574, -0.8195501955564382, -0.43514289234724124, 0.556502572437013, -0.1618469877148636, 0.2658182869380313, 0.5006129976961502, 0.2904341877186335, -0.2370157224897324, 0.17402497521446064, -0.007665558225878971], [-0.6080319882358067, 0.041282048978598676, 0.12857218298530737, 0.144150002589294, 0.12620213512739664, -0.45208169246643787, -0.34269258305493305, -0.49602055050694155, 0.6033077655431072, 0.7467566207394778, 0.28877956795242465, -0.03091879171314736]], "inverted": true, "swapped": false, "error_lsq": 0.04238192783896716, "error_max": 0.3112410200241012, "target": "74.xyz", "model": "26.xyz", "model_rescale": 3.6694154284099745, "target_rescale": 3.8578961733673287},
{"mapping": [10, 2, 0, 5, 12, 8, 11, 9, 6, 1, 7, 13], "R": [[0.23832310954279862, 0.7613748345312868, -0.602918283683873], [0.9464787220102052, -0.04294364092155595, 0.31989665907341025], [0.21766975958956805, -0.646888093140426, -0.7308595423974181]], "T": [0.08372666408789081, -0.05839110529709842, -0.050356729455370154], "aligned_model": [[-0.12462726655012893, -0.5634497169523907, -0.05732239872116138, 0.6157458021132742, -0.40147408690923886, 0.4796624699691113, -0.618193012061349, 0.19542789069042854, -0.21018386614570345, 0.2502696010536124, 0.6468605642715226, 0.029906463687693376], [-0.12405121007380637, -0.24113705898583376, -0.6333546850252172, -0.5449219383892759, 0.5479469447936792, -0.2207376170855047, 0.30945339662412347, 0.49937497584088025, 0.12219438094548757, -0.2597564906255367, 0.16901470478404015, -0.07577669980043548], [-0.6108637411162732, 0.049123391359202594, 0.24367623978457234, 0.27556026142806034, 0.11294426136031524, -0.5249467000208833, -0.37925589316070163, -0.42623353131712816, 0.5431042331872689, 0.7930661095963776, 0.11485626253907383, -0.04172617570154452]], "inverted": false, "swapped": false, "error_lsq": 0.03958789443116174, "error_max": 0.23448277439868062, "target": "74.xyz", "model": "27.xyz", "model_rescale": 4.103607728864725, "target_rescale": 3.8578961733673287},
{"mapping": [7, 1, 0, 9, 13, 6, 8, 11, 2, 3, 10, 14], "R": [[0.7228433778388124, 0.49378285872253025, -0.48340039257987943], [-0.6901045528752395, 0.551688315930841, -0.46839695576109197], [0.03539996067005857, 0.6721744494528173, 0.7395460447378244]], "T": [0.1136824352126846, 0.06122696867210175, 0.04402364726136175], "aligned_model": [[-0.22980579507397864, -0.5937751131979918, -0.06391862297786098, 0.6655269349121509, -0.12378939032121385, 0.47540851521866634, -0.5195248397749036, 0.23994468882182202, -0.3836698300808476, 0.1705073642675402, 0.6039741978741223, 0.0017443347781646579], [-0.15705676611092861, -0.4883233331098942, -0.5611552592222996, -0.541875419205068, 0.6640145648624242, -0.09896462973544701, 0.2917583699070095, 0.4754864414357629, 0.043355795169764115, -0.17669708375902654, 0.13134332482266792, -0.0336373020523641], [-0.5513327941643535, 0.0629739792621851, 0.3453373832782362, 0.0009065515649575723, 0.055283261392919364, -0.4507087629312697, -0.42307783716582614, -0.48936942168348574, 0.5859111370570964, 0.7537376215351315, 0.1643272647142861, 0.0953163350784631]], "inverted": true, "swapped": false, "error_lsq": 0.04229520666139524, "error_max": 0.25868727644369044, "target": "74.xyz", "model": "28.xyz", "model_rescale": 4.137296879288765, "target_rescale": 3.8578961733673287},
{"mapping": [4, 7, 5, 3, 2, 0, 1, 10, 9, 8, 11], "R": [[-0.8733059764977551, 0.2575721396785383, -0.41351331813464276], [-0.4319678005695936, -0.8018697297306936, 0.41280595418754856], [-0.2252564997605408, 0.5391303454667009, 0.8115404980113966]], "T": [0.1290185321417373, -0.04343348280118176, -0.0014511306394626722], "aligned_model": [[0.4633750923628354, 0.19180436168373105, -0.17803022748162978, -0.6577978316745792, -0.021168965121540678, 0.5098801006026865, 0.5289664258272668, -0.40723833619099403, -0.43714548272584997, 0.19919945812638118, 0.02957441530159094], [-0.4687249375689054, -0.7088977915158521, -0.289388400635074, 0.12956725623427612, 0.5797845309362567, -0.07584251216841692, 0.5576873119256801, -0.35330465788344545, 0.31292539539449915, 0.19998934293328077, 0.03535227899565293], [0.4583776553407578, -0.16622954806186305, -0.6156899943681926, -0.2665448043374872, -0.2548836384754639, -0.5963881436005172, 0.023194375721963534, 0.15258199711762105, 0.3342832221437379, 0.7088197192332977, 0.02823318106914474]], "inverted": false, "swapped": true, "error_lsq": 0.04525244219925945, "error_max": 0.2653629914998562, "target": "74.xyz", "model": "29.xyz", "model_rescale": 3.607286011436655, "target_rescale": 3.8578961733673287},
