[{"mapping": [7, 11, 10, 5, 8, 12, 0, 4, 1, 3, 9, 13], "R": [[0.21510250607764178, 0.9735175674852408, -0.07742388311585688], [-0.11573078839989881, 0.10413150540726626, 0.9878071746034013], [0.9697099032677019, -0.20351947174468657, 0.13506490338095906]], "T": [0.06995235571347386, -0.051034386966602494, 0.013907498778589628], "aligned_model": [[-0.20876928609338846, 0.0567947011191284, 0.45393001275217276, -0.16073029261724472, -0.2621023789085826, -0.5770199864184473, 0.49319288633457364, -0.18829485346744135, 0.7353047856947807, 0.02950629575346516, -0.5629744753444692, 0.028805053656001674], [-0.31735753452214693, -0.7215631506209028, -0.28718423321284203, 0.6136199137494427, 0.39678140793064637, -0.45282458921968505, -0.1147760609305773, -0.6257367915239976, -0.0392305794198263, 0.4740395078281044, 0.23369407063414988, -0.10590692471530765], [-0.7005679531191843, -0.008643450648340684, -0.44388113646029304, -0.0603559436011559, -0.5725866099276887, -0.007545420365139131, 0.5476958434699638, 0.6236904860765151, -0.07625805160829627, 0.5837642437935138, 0.29981622115557904, -0.003176483411911138]], "inverted": true, "swapped": true, "error_lsq": 0.04614060744685151, "error_max": 0.2415334423897858, "target": "740.xyz", "model": "0.xyz", "model_rescale": 3.751011558992144, "target_rescale": 4.02532865116945},
{"mapping": [10, 9, 6, 11, 4, 12, 13, 2, 3, 7, 5, 8, 1, 14], "R": [[-0.2738998867944321, 0.694655607306985, -0.665155951075356], [0.42484539141159305, -0.5330787294879108, -0.7316648560398985], [-0.862835584228147, -0.48299136162515277, -0.14911102972333545]], "T": [-0.0024755547157725294, 0.11883984917520407, 0.039778246686523654], "aligned_model": [[-0.6768252980044259, -0.0905619875114083, -0.5692885961071559, -0.5049943894591602, -0.5328611343996442, 0.14959239088446225, 0.5066398429774913, 0.7543743331535778, 0.6513115725806183, -0.015937594018919546, 0.19397303186684228, 0.09683820774707462, -0.13558284795804854, -0.005221537044187248], [-0.32675143046394806, -0.4952615372414826, 0.525318091892856, -0.023356507591807463, 0.24048154796271892, 0.07364283859551753, -0.3488422479192915, 0.011492631883603444, 0.2706216599387797, 0.6278502230773814, -0.41070445050637616, 0.10825877450183435, 0.7756980226271023, 0.09364145755701453], [0.17817833109737602, -0.18228005397512081, -0.23811410580983486, -0.5635342807625694, 0.6137716298272173, -0.6860369324278256, -0.18288105850754052, 0.35504468029468617, -0.32481819270316364, -0.3849619522057055, 0.3063806369609882, 0.695859849525761, 0.2308419478204308, -0.008815097346130438]], "inverted": false, "swapped": false, "error_lsq": 0.04970069391614142, "error_max": 0.2964811206678738, "target": "740.xyz", "model": "1.xyz", "model_rescale": 3.9405287249114394, "target_rescale": 4.02532865116945},
{"mapping": [3, 9, 5, 11, 12, 6, 0, 4, 7, 10, 10, 1, 13], "R": [[-0.3582102028633528, 0.6597043314439263, 0.6606630348662763], [-0.7268670948913326, 0.24705518502481708, -0.6408025920020834], [-0.5859604738622144, -0.7097562473317698, 0.3910196829376924]], "T": [-0.07321286707332, -0.0017682830828876853, 0.004655566317472407], "aligned_model": [[-0.2293212821550041, 0.1471394087900336, -0.490746620655232, 0.43615407731476175, 0.5574022420254535, -0.6052489789799476, -0.03269858421095456, 0.7371668484107993, -0.007154040320647009, -0.27009542268225206, -0.27009542268225206, -0.45960802565093395, -0.01691091991989338], [0.7579681634790615, 0.4724988828368494, 0.3142939524530697, -0.36977075396059456, -0.1434694685791057, -0.14662303175580602, 0.35754607645206454, 0.2453702044981691, -0.7051673750538968, -0.5619867404721834, -0.5619867404721834, -0.16049137339124497, -0.03934920246218202], [-0.017836279011077764, -0.5337921984882674, -0.4710177569445236, 0.24004883188574752, -0.3987228714495122, -0.14096460081078674, 0.5854974799262037, 0.23052511083330932, -0.3952880456109522, 0.249948380802903, 0.249948380802903, 0.5304585469689207, -0.01568462931622323]], "inverted": false, "swapped": true, "error_lsq": 0.052162513192641966, "error_max": 0.3387888089468533, "target": "740.xyz", "model": "2.xyz", "model_rescale": 3.932901565614263, "target_rescale": 4.02532865116945},
{"mapping": [10, 12, 1, 1, 11, 2, 5, 7, 4, 0, 9, 8, 3, 13], "R": [[0.8962671325313295, 0.44116598398382195, -0.04558291039034635], [0.35369369134285683, -0.6489595134111413, 0.6736114033012198], [0.26759297421332295, -0.6198581487153013, -0.7376787075840722]], "T": [0.004066273459053884, 0.10900266673006817, 0.03811871299567104], "aligned_model": [[-0.5700865171957621, -0.09131487881742467, -0.5202910494954401, -0.5202910494954401, -0.6942829404285679, 0.029300219645269764, 0.42544558851465564, 0.6814148779689788, 0.6307964280626366, 0.1275475084838762, 0.33391740382723945, 0.03437879404590788, -0.039812383970606144, -0.005266006438205271], [-0.3103823607014977, -0.6484026058360469, 0.39794806644676417, 0.39794806644676417, 0.09268449529886263, 0.19904397736250437, -0.4547461726363994, 0.16808285411489257, 0.18444698912962162, 0.6547300086252951, -0.3541582355296178, 0.23191677597916863, 0.5676745969805347, -0.004697381366943268], [-0.049117816341206884, 0.05734107078536887, -0.39814791964852814, -0.39814791964852814, 0.5946713080943828, -0.7898037855014792, -0.10825889666816887, 0.25595109528575566, -0.565821575498164, -0.33050627537017696, 0.5033854642273371, 0.7611401500050313, 0.2580737127199341, 0.01787678934701127]], "inverted": true, "swapped": false, "error_lsq": 0.061715333379732444, "error_max": 0.3776448363888009, "target": "740.xyz", "model": "3.xyz", "model_rescale": 3.9243930471874484, "target_rescale": 4.02532865116945},
{"mapping": [0, 3, 4, 11, 12, 1, 10, 2, 9, 5, 7, 8, 13], "R": [[0.21336187855375766, -0.6906637160991329, -0.6909850505214623], [-0.11323702953322962, -0.7199869663304146, 0.6846868944684257], [-0.9703886252025535, -0.06784098745200273, -0.23182647928792588]], "T": [-0.06913918326838737, -0.13351250233707834, -0.06107054717817954], "aligned_model": [[-0.12632752228818678, -0.31026704642315944, 0.681590587479374, 0.45512639980659947, 0.6091748211111805, -0.482484118378628, -0.2214892306488363, 0.26877653824922365, 0.14432194041519342, -0.47371587652034797, 0.11650125485262817, -0.3768527839396613, -0.007149077404027107], [-0.4331169310945824, 0.29423485387276416, -0.20687433970202673, -0.5382056826632474, 0.12035882740768211, -0.6557451769711616, -0.6366119863236249, 0.1536080043410903, 0.5709842749355547, 0.44484057288940304, -0.17254555684567394, 0.32431553901485555, -0.1374128451794457], [-0.6735182795093256, -0.6618739605057664, -0.5080969653943939, 0.04690871139854712, 0.1753787396598373, -0.14698917492818453, 0.3083295040083025, -0.764273552240149, -0.20779854403022197, -0.012901031624462059, 0.7282981830676416, 0.5309433859393804, -0.027336700470241337]], "inverted": true, "swapped": true, "error_lsq": 0.06050279788565612, "error_max": 0.3323113789326383, "target": "740.xyz", "model": "4.xyz", "model_rescale": 3.8936222436046832, "target_rescale": 4.02532865116945},
{"mapping": [10, 0, 11, 7, 4, 2, 3, 9, 8, 6, 12, 13], "R": [[-0.9608623586068824, -0.032066437364875536, 0.27516408088110605], [-0.05373283074878944, -0.9528416450309479, -0.29867303593468103], [0.27176517567955855, -0.3017690227466064, 0.9138266499716547]], "T": [-0.04994557937709628, -0.16757091618212533, -0.048449457889076786], "aligned_model": [[0.1674128102302351, -0.6578922944985705, -0.2810888167726776, 0.5556871057192295, -0.7427324038215105, -0.69637037774995, -0.3461769978152096, -0.031690283515342275, 0.7269934270766126, 0.39409109032788764, -0.015743427900761005, -0.04494178906484644], [-0.4741310892987836, -0.47637610537050373, 0.10238138705597849, 0.11858973838832382, 0.35387671589032693, 0.12986703603157052, -0.276440014390175, 0.33074520837422966, -0.09667779451430399, -0.5114065788293949, 0.5788139006623989, -0.11031949888985945], [-0.5695561804200016, 0.007815019286635388, -0.6176498179249588, -0.507154237043121, -0.17863605218366002, 0.38141718557563686, 0.6604014818617889, 0.5125837405512037, 0.16629368645426745, 0.0508431838800793, -0.1974753746565308, -0.08959791610582105]], "inverted": true, "swapped": true, "error_lsq": 0.046464161936314724, "error_max": 0.24570708471466088, "target": "740.xyz", "model": "5.xyz", "model_rescale": 3.6523030999806103, "target_rescale": 4.02532865116945},
{"mapping": [1, 6, 3, 0, 2, 10, 5, 11, 8, 12, 9, 4, 13], "R": [[-0.9592971899550732, -0.060981883245530666, 0.27573558214370725], [-0.2637315278739935, 0.5425624671679462, -0.7975410023477668], [-0.10096822544518463, -0.8377990087941499, -0.5365614953702796]], "T": [0.017095885355160267, -0.126483443257186, 0.062038309363480676], "aligned_model": [[0.12424459649699465, -0.4183293363084292, 0.309317860844591, 0.6326728049468001, 0.6509720986227862, -0.18676227539422635, -0.3651235983036878, 0.24627937231295005, -0.7635297107378423, -0.03602443570285403, -0.02018140971879795, 0.6966174930810843, 0.01092944452492592], [-0.5157143621524232, -0.12907511764726023, 0.5330996691329143, -0.14387674786383114, 0.37740604063241534, -0.7136577444008155, 0.42711508887484007, -0.600058717988477, 0.08646989746711223, -0.07324864585097043, 0.5460263696282006, -0.10256532732047971, -0.15109349834804225], [0.5986773481109562, 0.4303435024077109, 0.3477507933242253, 0.3601793392628313, -0.12615313786791496, 0.22465508559919875, 0.2809716647667371, -0.35448525605784786, 0.06905442583604757, -0.696125982651012, -0.2692492098955874, -0.49157534185492935, -0.003933491498626401]], "inverted": false, "swapped": true, "error_lsq": 0.05846319473136298, "error_max": 0.40225321770817873, "target": "740.xyz", "model": "6.xyz", "model_rescale": 4.08911054899281, "target_rescale": 4.02532865116945},
{"mapping": [12, 7, 10, 5, 11, 4, 6, 0, 3, 8, 2, 1, 9, 14], "R": [[0.054843010086594535, 0.6267039088172771, 0.7773251925145538], [0.811546445384577, 0.4255634323781229, -0.4003600030050566], [-0.5817083558178443, 0.6527924445761434, -0.4852601498948821]], "T": [-0.09777705430912118, 0.04590704753179575, 0.005830469024194715], "aligned_model": [[-0.779025702616115, -0.0852045253083403, -0.667823024986968, -0.4273484516282343, -0.49310142288881365, 0.0727386684500298, 0.325786007453701, 0.8089544758303178, 0.5864048740189427, -0.07668684356722148, 0.3114368287126009, 0.14806586009076325, 0.17162013956993807, -0.07436088842348378], [-0.15951155579919538, -0.7098175041669819, 0.39591853109626457, -0.23237686218208548, 0.3286529987345313, 0.17155418472433737, -0.18430384759537785, 0.05438072283944109, 0.34525717633769815, 0.6611589953237519, -0.5233850078473351, 0.10156535931219157, 0.7007790219519986, 0.1722168615846637], [0.04712689255742553, -0.16153529214474044, -0.2621517154376355, -0.6222156990612511, 0.33492685861649113, -0.6664690735232459, -0.12355362168376151, 0.25567504507430894, -0.2563450935268471, -0.2877154678137222, 0.4040641904940666, 0.6946043598073186, 0.3421713035311934, 0.11005271489896828]], "inverted": true, "swapped": false, "error_lsq": 0.051604295811815463, "error_max": 0.3385036440312006, "target": "740.xyz", "model": "7.xyz", "model_rescale": 3.964800864290218, "target_rescale": 4.02532865116945},
{"mapping": [1, 8, 2, 7, 0, 12, 9, 10, 11, 4, 5, 3, 6, 13], "R": [[-0.4277372081363208, 0.31413052000658387, 0.8475629163526085], [-0.20586945703112797, 0.8791704502812172, -0.4297407195205387], [-0.8801469465023747, -0.3583034129794398, -0.31138403428857864]], "T": [-0.05603541414335991, 0.12400435427307767, 0.018304491487094225], "aligned_model": [[-0.6771004280137359, 0.07577094640226725, -0.5933231924147139, -0.46478463798576397, -0.550556505454506, 0.08002661085953003, 0.453324101116683, 0.651825870211244, 0.6136049821994087, -0.03287546607746747, 0.16359225924675347, -0.02211123822824118, 0.14508113284158167, -0.021018439995922344], [-0.2902307032002684, -0.6093784515977252, 0.4470348931874395, -0.1968730301251902, 0.38795553170832026, 0.06947840501093017, -0.1821542524229161, -0.19358474775166673, 0.5058370909359108, 0.7381543842739615, -0.5167569989908684, 0.2751472633715066, 0.6329320325141946, 0.054527657400273946], [0.09451116362699263, -0.1709950721153217, -0.19519455301432984, -0.46833186263338367, 0.46432919786749793, -0.7227683682896917, -0.32908076805717035, 0.28886608779041023, -0.2865214019211782, -0.3242984163659196, 0.5084670116913451, 0.7268012571961205, 0.2107897533319908, 0.012061372681207022]], "inverted": false, "swapped": false, "error_lsq": 0.05852665728054811, "error_max": 0.3716388476917367, "target": "740.xyz", "model": "8.xyz", "model_rescale": 4.121658175737393, "target_rescale": 4.02532865116945},
{"mapping": [7, 9, 5, 6, 12, 11, 2, 0, 3, 4, 10, 1, 13], "R": [[-0.5034107577146619, -0.3949351722379998, -0.7685075267988539], [0.6301781555200343, -0.776327136745547, -0.013844459463202535], [-0.5911455838645141, -0.4912661055698859, 0.6396909505344596]], "T": [-0.032975604731956376, 0.08390195294719865, -0.05737511172630456], "aligned_model": [[-0.7168611123887393, 0.05033770377512517, 0.32226179593207155, 0.12960845423693898, -0.6223873324347645, -0.547746893278464, 0.27241553144830544, 0.3761787566455973, 0.6306362422578354, -0.2593393180779707, -0.27603426938599734, 0.21792647795001308, -0.10025854024475403], [0.4148966320599773, -0.4796478547657657, 0.10934679311294604, 0.5485201905366182, -0.36748606294862984, -0.01922091686608593, -0.6739524039043991, -0.0742567531418181, -0.2904222497605861, -0.6400585032757948, 0.633320202737913, 0.5670035846224999, 0.06234478100483497], [-0.34343817945086513, -0.5461296231369724, -0.6686474175391094, -0.3453800990594725, -0.22858107015661766, 0.360556325583555, 0.095963449228402, 0.46770019424655424, -0.2042624712987133, 0.38245496177636507, 0.17030470265000883, 0.33584743443517007, -0.055312773319216184]], "inverted": false, "swapped": true, "error_lsq": 0.051627993176180643, "error_max": 0.30568057597883574, "target": "740.xyz", "model": "9.xyz", "model_rescale": 3.833441315466971, "target_rescale": 4.02532865116945},
{"mapping": [10, 13, 11, 8, 12, 9, 2, 4, 3, 7, 5, 1, 6, 14], "R": [[-0.9521076391851004, 0.17220928499998694, -0.25265590348370676], [0.30119758231966715, 0.6704911125692368, -0.6780277902641267], [0.052640856852469824, -0.7216547859783518, -0.6902487305778819]], "T": [-0.07461657225958104, 0.10059569702656126, 0.07570094223424283], "aligned_model": [[-0.8314764557043398, 0.007425902173133908, -0.5581503453024652, -0.45387438701333704, -0.4424915224127891, 0.11483513929304834, 0.33017271818353777, 0.6570615381899892, 0.6239994390593442, -0.03433202226478186, 0.36971982101484535, -0.09467873612922578, 0.1583065153247594, -0.025061609704602486], [-0.19241319153075478, -0.6913540823906955, 0.4879536807118544, -0.08945414001555443, 0.39857225580966515, 0.024745391922238097, -0.33967901801562916, 0.3230446447731805, 0.3143980509116171, 0.5978729692919221, -0.34513397628059783, -0.015475244279645223, 0.5415491018984256, 0.10746263150787642], [-0.054924673853348385, 0.03361625755477192, -0.2097565219276662, -0.5782133730741247, 0.4483912275601779, -0.7093244756587546, -0.3229894897611955, 0.3017013591046706, -0.3939223876266968, -0.36589440002137347, 0.32334065918687177, 0.8049018604172796, 0.5367177510894112, -0.0050083912014542015]], "inverted": false, "swapped": false, "error_lsq": 0.04394682885546549, "error_max": 0.25194070608847063, "target": "740.xyz", "model": "10.xyz", "model_rescale": 4.2482417240324, "target_rescale": 4.02532865116945},
{"mapping": [1, 0, 4, 2, 7, 12, 11, 9, 3, 8, 6, 13], "R": [[0.5208477520954953, -0.8221129822617541, 0.22988663191615644], [-0.8215707902920684, -0.5558870332297718, -0.12653474947961416], [0.23181685804948632, -0.1229628020325148, -0.9649565242229192]], "T": [-0.13586821309809605, 0.03665729374139864, -0.07648092709719798], "aligned_model": [[-0.6681438790488968, -0.06440954224544497, 0.42876061527775455, 0.5917577420274373, -0.4632747857604267, 0.27324665609741744, -0.1968860832856339, 0.5352822822576709, 0.3361839413269143, -0.27760283201138297, -0.4948615686554483, -0.12328694361695404], [-0.3723352858217411, -0.6314336814880037, -0.1572629970026655, -0.35431474031323645, 0.7579911687508758, 0.5450790202780246, 0.12064416159674793, 0.25950931193055077, -0.38006825093327723, 0.6433880335441712, 0.15235396806075543, 0.08258068144843778], [-0.09573443924750002, 0.052645568501171414, 0.5657020479624165, 0.017439382457854855, 0.10120227650193608, 0.31671263546287043, 0.5864772296727974, -0.3280846952421256, -0.5298921891082742, -0.5927790770759063, -0.5042526020330111, -0.024243847997873096]], "inverted": true, "swapped": true, "error_lsq": 0.045933863779592826, "error_max": 0.25391621141242915, "target": "740.xyz", "model": "11.xyz", "model_rescale": 3.6694154284099745, "target_rescale": 4.02532865116945},
{"mapping": [7, 9, 12, 10, 5, 2, 8, 4, 3, 12, 11, 6, 0, 13], "R": [[-0.873198750843485, -0.2584039717746466, 0.4132206782053206], [0.39041096184338475, 0.1366391290256893, 0.9104444130706852], [-0.29172456598288166, 0.9563248066374672, -0.01842937361688307]], "T": [-0.014180591134659068, 0.09280860075093915, 0.02171114367268067], "aligned_model": [[-0.656812838162631, -0.15434651510315178, -0.40770747653708955, -0.4084056849965435, -0.6056378610035004, 0.17609146978917312, 0.39981340586815933, 0.6621258213386435, 0.7821886637335762, -0.40770747653708955, 0.32618284807440756, -0.03287529023645826, 0.10995089246888404, 0.03859603601073721], [-0.25468149610656343, -0.6814141844301687, 0.544999017019303, -0.09906014731383787, 0.3988350888177237, 0.19822626413616168, -0.379251414705623, 0.23280321944134763, 0.1486144995355569, 0.544999017019303, -0.48035158981709764, 0.05296068688503417, 0.6979439684542208, 0.19746614537854212], [0.1575041705013337, -0.13834778158472555, -0.2983340377736194, -0.4379645530898151, 0.47014941032427765, -0.5939163674657629, -0.4006230410245452, 0.28758666517759535, -0.300671567037391, -0.2983340377736194, 0.3389945723368044, 0.5855528638741027, 0.38107227952136397, 0.05596682580256984]], "inverted": true, "swapped": false, "error_lsq": 0.049804253945645145, "error_max": 0.389491413236137, "target": "740.xyz", "model": "12.xyz", "model_rescale": 3.9764082729961374, "target_rescale": 4.02532865116945},
{"mapping": [13, 12, 14, 11, 6, 8, 1, 0, 2, 3, 9, 5, 4, 15], "R": [[-0.4714517295714085, -0.26598058520057605, -0.8408255437250266], [-0.2850114916433171, 0.9482231109187803, -0.14014771332691092], [0.834566783616134, 0.17357206058542293, -0.5228489489984192]], "T": [-0.007011463516475956, 0.04337104322611812, 0.0003536464640082528], "aligned_model": [[-0.5719965890307346, -0.11939178759901782, -0.7002913357957076, -0.46406591593420854, -0.576384062544558, 0.15152479032546884, 0.34893344109960106, 0.6324563040457021, 0.7103048874578525, -0.13926943569980302, 0.36897672256061087, 0.08659141943935202, 0.11733584679285909, -0.02326829041029941], [-0.19130797045826758, -0.5830516347745953, 0.39986485240217146, 0.07734454211343966, 0.28512844592342335, 0.14770919721927697, -0.4012411925792112, 0.20777002110325188, 0.08616129411259557, 0.6963212530374987, -0.28065069556701844, -0.046666628041391045, 0.5750786561182131, 0.1496289337045154], [0.014428967798180805, 0.0470315448077153, -0.17595069916226724, -0.6480996885169219, 0.4487140008847481, -0.6805521050813955, -0.2806192399699564, 0.30228390964453, -0.3458915859364766, -0.5140462948412371, 0.33967933549676693, 0.8285780266230325, 0.4669246299066695, 0.006154600135180849]], "inverted": false, "swapped": false, "error_lsq": 0.035325085667528774, "error_max": 0.24894169167345184, "target": "740.xyz", "model": "13.xyz", "model_rescale": 4.170626492500431, "target_rescale": 4.02532865116945},
{"mapping": [4, 2, 12, 8, 5, 7, 0, 3, 1, 10, 2, 6, 11, 13], "R": [[-0.4020550649436144, -0.9100006429067576, -0.10124502290223408], [-0.15020934331148583, -0.0435239775482969, 0.9876957105102298], [-0.9032103176642294, 0.4123160114374207, -0.11919156336426906]], "T": [0.03663920143018433, 0.09974513083289487, -0.05156231132773567], "aligned_model": [[-0.5340510561385455, 0.14398975897269128, -0.6255827778040318, -0.4573131024465541, -0.5485462491441103, 0.16657766438398108, 0.30640902766565875, 0.5630257161028067, 0.7333313045069944, -0.09268913598083602, 0.14398975897269128, -0.07496972259139383, 0.08435226258718903, 0.01293254562057608], [-0.3213039896103294, -0.5017024235949477, 0.4093660266267978, 0.041014697258610164, 0.44000976318754925, 0.13684865594967588, -0.31246372573009096, 0.12115030733690273, 0.1599340739549626, 0.5484989303502472, -0.5017024235949477, 0.08333638413951071, 0.6633623724839993, 0.1557404255559623], [-0.04189801191471285, 0.19270979986063697, -0.08766040397916758, -0.6030313952045767, 0.5558895771053636, -0.851042847149541, -0.3879646091079383, 0.3933339237872907, -0.37064204200896556, -0.3681417066396706, 0.19270979986063697, 0.7819624142448086, 0.3723701359321714, 0.030040767002232918]], "inverted": false, "swapped": false, "error_lsq": 0.039076585089230356, "error_max": 0.2941815016893977, "target": "740.xyz", "model": "14.xyz", "model_rescale": 3.9786697098870705, "target_rescale": 4.02532865116945},
{"mapping": [6, 10, 3, 5, 0, 2, 7, 12, 9, 8, 11, 13], "R": [[-0.39531147314706655, 0.4878372667980205, -0.7782953426054487], [-0.8343613762645026, 0.16364997495288827, 0.5263646829869232], [0.38414832161067847, 0.8574575714406841, 0.3423398606396029]], "T": [-0.044985694516826956, 0.04708369429537525, -0.12017352809786556], "aligned_model": [[-0.08829949775303772, -0.6456460960857915, 0.6611342255983683, 0.4620253902631362, 0.03537416258129684, 0.5299985281722713, -0.5184856641771624, -0.03646975330848758, 0.5993739806520363, 0.06082671274744198, -0.5030845077755102, -0.07339288414722525], [-0.48348303366466266, -0.13300841582589545, 0.1514910581943481, -0.445337944457114, 0.5249583995043605, 0.6472989260059083, -0.3522401653939305, 0.24568363152835787, 0.04866413758919867, -0.7092187313207345, 0.45370166754564106, 0.06616496051896162], [-0.3248034801852171, -0.2599946259336654, -0.4244249855805756, -0.15108585854797268, -0.6031886460570363, -0.10422028976313263, 0.404638035908141, 0.6153224606922947, 0.2648051424635926, 0.14738029446439987, 0.15386623763527907, -0.05832779122227741]], "inverted": false, "swapped": true, "error_lsq": 0.052825521622766464, "error_max": 0.26582101914461737, "target": "740.xyz", "model": "15.xyz", "model_rescale": 3.769337070930944, "target_rescale": 4.02532865116945},
{"mapping": [12, 9, 11, 4, 7, 8, 10, 5, 0, 2, 13], "R": [[0.6197589506727601, -0.7546163273501292, -0.2155296767445315], [-0.280007380342882, -0.4691799811073587, 0.8375356782141375], [-0.7331403071817264, -0.4587203329096078, -0.5020766337530385]], "T": [0.14266129830131336, 0.08664876258537205, 0.0881292488466339], "aligned_model": [[-0.36594994384532675, -0.3313676191627588, -0.09221166945929393, -0.6594242983751194, 0.40130087319635954, 0.5366556123999384, 0.6134814144407535, 0.30307792390641985, -0.02028895732935934, -0.5737160259638591, 0.11106882088341638], [0.03467151316340575, -0.4944974241485919, 0.6212879419689864, 0.44076892248519994, 0.09548156049491577, -0.5065729091145263, 0.4727434828200252, -0.5911919721077687, 0.41817376277427987, -0.000928163701682222, 0.106127782991098], [-0.4767439898136896, 0.05688567951775417, -0.24245527735745961, 0.09633744039511649, -0.6813618140508717, -0.2960988099610006, -0.1168958978702973, 0.21179544145978596, 0.6640319603597507, 0.5007471081218529, 0.027975766422835224]], "inverted": false, "swapped": true, "error_lsq": 0.0505207877232076, "error_max": 0.2657435164186133, "target": "740.xyz", "model": "16.xyz", "model_rescale": 3.7852294659196426, "target_rescale": 4.02532865116945},
{"mapping": [4, 7, 8, 12, 11, 10, 1, 6, 9, 2, 0, 5, 13], "R": [[0.22355575430535948, -0.5658367612725621, 0.7936318947153896], [0.6423768048982688, 0.6979167037157261, 0.3166454092565799], [-0.7330585687689991, 0.4390228174789472, 0.519503705941732]], "T": [-0.025597342302432987, 0.147121444850706, 0.04096534976992261], "aligned_model": [[-0.013924381525459658, -0.3682935862997596, 0.2172970802717834, 0.04909437790161281, -0.49688449844007715, -0.6083794759323339, -0.4323383605126012, -0.020704209718725605, 0.6561304152329108, 0.45792651818774194, -0.07455484055602953, 0.5366453473720345, -0.048248535764813846], [0.0828183345714126, -0.530922037328321, -0.2840224520649857, -0.5022266624547331, -0.08373543191296723, 0.1384622956513173, 0.6312666342301563, 0.19998866272608157, -0.11655058412721542, 0.37696426574738395, 0.7424770948864412, 0.13206553907681992, 0.08846996470148374], [-0.8334136403978841, 0.3271563079160489, 0.6811933655004438, -0.350489613567916, -0.3772260071384414, 0.3112726367561469, 0.2670807896171236, 0.6087960201179706, -0.12972381600369506, -0.5950351538077205, -0.29262175733074675, 0.47009395541658316, 0.00867161006526073]], "inverted": true, "swapped": true, "error_lsq": 0.04934218997564829, "error_max": 0.2720663655817689, "target": "740.xyz", "model": "17.xyz", "model_rescale": 3.901054581598922, "target_rescale": 4.02532865116945},
{"mapping": [10, 9, 6, 11, 4, 12, 13, 2, 3, 7, 5, 8, 1, 14], "R": [[-0.2738998867944321, 0.694655607306985, -0.665155951075356], [0.42484539141159305, -0.5330787294879108, -0.7316648560398985], [-0.862835584228147, -0.48299136162515277, -0.14911102972333545]], "T": [-0.0024755547157725294, 0.11883984917520407, 0.039778246686523654], "aligned_model": [[-0.6768252980044259, -0.0905619875114083, -0.5692885961071559, -0.5049943894591602, -0.5328611343996442, 0.14959239088446225, 0.5066398429774913, 0.7543743331535778, 0.6513115725806183, -0.015937594018919546, 0.19397303186684228, 0.09683820774707462, -0.13558284795804854, -0.005221537044187248], [-0.32675143046394806, -0.4952615372414826, 0.525318091892856, -0.023356507591807463, 0.24048154796271892, 0.07364283859551753, -0.3488422479192915, 0.011492631883603444, 0.2706216599387797, 0.6278502230773814, -0.41070445050637616, 0.10825877450183435, 0.7756980226271023, 0.09364145755701453], [0.17817833109737602, -0.18228005397512081, -0.23811410580983486, -0.5635342807625694, 0.6137716298272173, -0.6860369324278256, -0.18288105850754052, 0.35504468029468617, -0.32481819270316364, -0.3849619522057055, 0.3063806369609882, 0.695859849525761, 0.2308419478204308, -0.008815097346130438]], "inverted": false, "swapped": false, "error_lsq": 0.04970069391614142, "error_max": 0.2964811206678738, "target": "740.xyz", "model": "18.xyz", "model_rescale": 3.9405287249114394, "target_rescale": 4.02532865116945},
{"mapping": [11, 9, 10, 2, 14, 6, 8, 4, 0, 1, 7, 13, 12, 15], "R": [[-0.9199179555415278, -0.015785194347126753, -0.391793035557958], [-0.13800450794741154, -0.9222250917544084, 0.3611864282123101], [-0.36702276613105184, 0.38633108569981384, 0.8461929929770836]], "T": [0.005480091975239021, 0.14000979835864985, 0.04275695243186325], "aligned_model": [[-0.5962899137944835, -0.1010767348219292, -0.7432105841033609, -0.4620500405555962, -0.5573490092825939, 0.15422681403063077, 0.41026739936862644, 0.6887430171822636, 0.5947836020909975, 0.11706297201156206, 0.3996439644643963, -0.1825720504074404, 0.12351446169525751, -0.024237903171212636], [-0.23120587057805503, -0.6123148510383982, 0.3041796110509546, 0.14134338587985976, 0.4160021205759238, 0.0731612422413209, -0.31023705890293557, 0.20538070567925637, 0.25634294378489153, 0.6197376413045398, -0.3918543978327847, -0.07384966806789772, 0.5841251268657861, 0.14127814335144073], [0.18162735673601693, 0.15075283906215095, -0.13164081446917472, -0.689867835391392, 0.497499300284581, -0.6864132189376356, -0.41078153417675284, 0.29483521037907107, -0.291701161831245, -0.3964808892492944, 0.2822999911020223, 0.6512225354659441, 0.34103287294706214, 0.016250749867214746]], "inverted": false, "swapped": false, "error_lsq": 0.03496281419248843, "error_max": 0.2282703188418032, "target": "740.xyz", "model": "19.xyz", "model_rescale": 4.410303926677745, "target_rescale": 4.02532865116945},
{"mapping": [1, 8, 2, 7, 0, 12, 9, 10, 11, 4, 5, 3, 6, 13], "R": [[-0.4277372081363208, 0.31413052000658387, 0.8475629163526085], [-0.20586945703112797, 0.8791704502812172, -0.4297407195205387], [-0.8801469465023747, -0.3583034129794398, -0.31138403428857864]], "T": [-0.05603541414335991, 0.12400435427307767, 0.018304491487094225], "aligned_model": [[-0.6771004280137359, 0.07577094640226725, -0.5933231924147139, -0.46478463798576397, -0.550556505454506, 0.08002661085953003, 0.453324101116683, 0.651825870211244, 0.6136049821994087, -0.03287546607746747, 0.16359225924675347, -0.02211123822824118, 0.14508113284158167, -0.021018439995922344], [-0.2902307032002684, -0.6093784515977252, 0.4470348931874395, -0.1968730301251902, 0.38795553170832026, 0.06947840501093017, -0.1821542524229161, -0.19358474775166673, 0.5058370909359108, 0.7381543842739615, -0.5167569989908684, 0.2751472633715066, 0.6329320325141946, 0.054527657400273946], [0.09451116362699263, -0.1709950721153217, -0.19519455301432984, -0.46833186263338367, 0.46432919786749793, -0.7227683682896917, -0.32908076805717035, 0.28886608779041023, -0.2865214019211782, -0.3242984163659196, 0.5084670116913451, 0.7268012571961205, 0.2107897533319908, 0.012061372681207022]], "inverted": false, "swapped": false, "error_lsq": 0.05852665728054811, "error_max": 0.3716388476917367, "target": "740.xyz", "model": "20.xyz", "model_rescale": 4.121658175737393, "target_rescale": 4.02532865116945},
{"mapping": [1, 6, 3, 0, 2, 10, 5, 11, 8, 12, 9, 4, 13], "R": [[-0.9592971899550732, -0.060981883245530666, 0.27573558214370725], [-0.2637315278739935, 0.5425624671679462, -0.7975410023477668], [-0.10096822544518463, -0.8377990087941499, -0.5365614953702796]], "T": [0.017095885355160267, -0.126483443257186, 0.062038309363480676], "aligned_model": [[0.12424459649699465, -0.4183293363084292, 0.309317860844591, 0.6326728049468001, 0.6509720986227862, -0.18676227539422635, -0.3651235983036878, 0.24627937231295005, -0.7635297107378423, -0.03602443570285403, -0.02018140971879795, 0.6966174930810843, 0.01092944452492592], [-0.5157143621524232, -0.12907511764726023, 0.5330996691329143, -0.14387674786383114, 0.37740604063241534, -0.7136577444008155, 0.42711508887484007, -0.600058717988477, 0.08646989746711223, -0.07324864585097043, 0.5460263696282006, -0.10256532732047971, -0.15109349834804225], [0.5986773481109562, 0.4303435024077109, 0.3477507933242253, 0.3601793392628313, -0.12615313786791496, 0.22465508559919875, 0.2809716647667371, -0.35448525605784786, 0.06905442583604757, -0.696125982651012, -0.2692492098955874, -0.49157534185492935, -0.003933491498626401]], "inverted": false, "swapped": true, "error_lsq": 0.05846319473136298, "error_max": 0.40225321770817873, "target": "740.xyz", "model": "21.xyz", "model_rescale": 4.08911054899281, "target_rescale": 4.02532865116945},
{"mapping": [6, 0, 5, 10, 11, 12, 13, 2, 3, 9, 4, 1, 15, 16], "R": [[0.5018094997947722, -0.6861955419368455, 0.5266145688658073], [-0.031085475894908066, 0.5941185373584281, 0.803776621179958], [-0.8644194115729402, -0.41971280870743227, 0.27680361107256324]], "T": [-0.05369460580012286, 0.09241069253987766, -0.008620637942549978], "aligned_model": [[-0.5972939008992216, -0.030155427492742692, -0.6514308366901378, -0.5688744194428151, -0.40995946099915437, 0.13957988636970153, 0.35179428032476545, 0.47630884349646574, 0.7824066623791776, -0.23170787293815187, 0.48694554495974995, -0.11466927298601792, 0.22182395553517975, -0.03331198690968125], [-0.41753849052171554, -0.6525610756872667, 0.4317759302237672, 0.0640592675180417, 0.5681391446653852, 0.18228437133871694, -0.24381997776275144, 0.1025007301889666, 0.10241757916875538, 0.6265502965801472, -0.3241866507170129, -0.014091724638461728, 0.646741599336565, 0.049818074620765665], [-0.012591231594075639, 0.20242999533868364, -0.16759135122434898, -0.6290409515439417, 0.4737182709656258, -0.7154000933384641, -0.4076916411553622, 0.4815307307663535, -0.24338297492069494, -0.44514528980206153, 0.13437260261588221, 0.7755590011471041, 0.3764946513201082, -0.014626316786239409]], "inverted": false, "swapped": false, "error_lsq": 0.04442956927187223, "error_max": 0.2890795481143519, "target": "740.xyz", "model": "22.xyz", "model_rescale": 4.204369325754507, "target_rescale": 4.02532865116945},
{"mapping": [11, 9, 10, 2, 14, 6, 8, 4, 0, 1, 7, 13, 12, 15], "R": [[-0.9199179555415278, -0.015785194347126753, -0.391793035557958], [-0.13800450794741154, -0.9222250917544084, 0.3611864282123101], [-0.36702276613105184, 0.38633108569981384, 0.8461929929770836]], "T": [0.005480091975239021, 0.14000979835864985, 0.04275695243186325], "aligned_model": [[-0.5962899137944835, -0.1010767348219292, -0.7432105841033609, -0.4620500405555962, -0.5573490092825939, 0.15422681403063077, 0.41026739936862644, 0.6887430171822636, 0.5947836020909975, 0.11706297201156206, 0.3996439644643963, -0.1825720504074404, 0.12351446169525751, -0.024237903171212636], [-0.23120587057805503, -0.6123148510383982, 0.3041796110509546, 0.14134338587985976, 0.4160021205759238, 0.0731612422413209, -0.31023705890293557, 0.20538070567925637, 0.25634294378489153, 0.6197376413045398, -0.3918543978327847, -0.07384966806789772, 0.5841251268657861, 0.14127814335144073], [0.18162735673601693, 0.15075283906215095, -0.13164081446917472, -0.689867835391392, 0.497499300284581, -0.6864132189376356, -0.41078153417675284, 0.29483521037907107, -0.291701161831245, -0.3964808892492944, 0.2822999911020223, 0.6512225354659441, 0.34103287294706214, 0.016250749867214746]], "inverted": false, "swapped": false, "error_lsq": 0.03496281419248843, "error_max": 0.2282703188418032, "target": "740.xyz", "model": "23.xyz", "model_rescale": 4.410303926677745, "target_rescale": 4.02532865116945},
{"mapping": [7, 1, 13, 14, 12, 9, 10, 4, 8, 15, 3, 0, 5, 16], "R": [[-0.13901508731968903, -0.9740966123270827, 0.17835525041444922], [-0.7541934130710505, 0.22085941505444684, 0.6183958396222016], [-0.641768728731573, -0.04854800340600257, -0.7653600395810797]], "T": [-0.084931530099845, 0.08721045933985046, -0.0834640646818407], "aligned_model": [[-0.5888258399625527, -0.09671335731642057, -0.7579033761173052, -0.41413747940216217, -0.49049689680714637, 0.16518600596921795, 0.3933867054323898, 0.5449506838275285, 0.6796770177291913, 0.07177990624328037, 0.44937255347835947, -0.18858685011240744, 0.08531341955387342, -0.03154649780872949], [-0.2919500200682391, -0.7459105680810139, 0.28967974334202373, 0.331064488041697, 0.42810583610401737, 0.1287345125424692, -0.2838384751498597, 0.19144358501823983, 0.22620030601395574, 0.6794746689656249, -0.3747467322077546, -0.05836006211733001, 0.5914373651577611, 0.01075442675231067], [0.12691357677587492, 0.121733137509075, -0.10083378928059011, -0.6222670394736238, 0.5210877612289628, -0.656296461447903, -0.3228764704735944, 0.17396208993422374, -0.3513488502944901, -0.4494952417014773, 0.4736406688137254, 0.6503278738143148, 0.2517581272963028, -0.007669980912231922]], "inverted": false, "swapped": false, "error_lsq": 0.04034479420349234, "error_max": 0.2442725715883337, "target": "740.xyz", "model": "24.xyz", "model_rescale": 4.28219845311461, "target_rescale": 4.02532865116945},
{"mapping": [1, 8, 4, 3, 0, 9, 11, 14, 12, 7, 10, 6, 2, 15], "R": [[0.10620571015368324, 0.35832530363884896, 0.9275361577334216], [0.8914043277734998, 0.3790139231244443, -0.24848897461354905], [-0.44058900526162365, 0.853200693184168, -0.2791592835508582]], "T": [0.006533232479399267, 0.11195362760014436, -0.09763904002316308], "aligned_model": [[-0.5402281143767107, -0.11986649130532392, -0.5598025723643573, -0.6156503978305584, -0.5283701718084467, 0.12520464760841168, 0.4398875574223567, 0.6181609433596614, 0.7258472179238412, -0.13556745755974767, 0.4153296425483007, -0.04437010261667726, 0.08346883856115081, -0.04258754485478304], [-0.22099411808825142, -0.5059237454110946, 0.5743800583144275, 0.06125491699334944, 0.26744995674151384, 0.010939954943314664, -0.1989237815426017, 0.14108746741806327, 0.23253778640859557, 0.624476832931037, -0.4281714434531866, -0.12947199661236852, 0.5619325950129223, 0.13151459065818202], [-0.08896568589808049, 0.19252766839925395, -0.0890294317547929, -0.5562919761055072, 0.4983923448389415, -0.755352516429513, -0.20734928014012655, 0.35535918023323415, -0.32669525849695935, -0.66568249226777, 0.3157073299406857, 0.7691479311587512, 0.41263526443560855, -0.04576767612515675]], "inverted": false, "swapped": false, "error_lsq": 0.048080957289013126, "error_max": 0.29875475283440267, "target": "740.xyz", "model": "25.xyz", "model_rescale": 4.100010024507729, "target_rescale": 4.02532865116945},
{"mapping": [1, 0, 4, 2, 7, 12, 11, 9, 3, 8, 6, 13], "R": [[0.5208477520954953, -0.8221129822617541, 0.22988663191615644], [-0.8215707902920684, -0.5558870332297718, -0.12653474947961416], [0.23181685804948632, -0.1229628020325148, -0.9649565242229192]], "T": [-0.13586821309809605, 0.03665729374139864, -0.07648092709719798], "aligned_model": [[-0.6681438790488968, -0.06440954224544497, 0.42876061527775455, 0.5917577420274373, -0.4632747857604267, 0.27324665609741744, -0.1968860832856339, 0.5352822822576709, 0.3361839413269143, -0.27760283201138297, -0.4948615686554483, -0.12328694361695404], [-0.3723352858217411, -0.6314336814880037, -0.1572629970026655, -0.35431474031323645, 0.7579911687508758, 0.5450790202780246, 0.12064416159674793, 0.25950931193055077, -0.38006825093327723, 0.6433880335441712, 0.15235396806075543, 0.08258068144843778], [-0.09573443924750002, 0.052645568501171414, 0.5657020479624165, 0.017439382457854855, 0.10120227650193608, 0.31671263546287043, 0.5864772296727974, -0.3280846952421256, -0.5298921891082742, -0.5927790770759063, -0.5042526020330111, -0.024243847997873096]], "inverted": true, "swapped": true, "error_lsq": 0.045933863779592826, "error_max": 0.25391621141242915, "target": "740.xyz", "model": "26.xyz", "model_rescale": 3.6694154284099745, "target_rescale": 4.02532865116945},
{"mapping": [10, 8, 11, 9, 2, 3, 7, 1, 3, 12, 5, 0, 6, 13], "R": [[0.3805837090049567, -0.050655268661080055, -0.9233580476699733], [0.32708131654165856, -0.9265814825471413, 0.18564635350611497], [-0.8649704346446797, -0.3726671436518329, -0.336073425359665]], "T": [-0.08975543935366066, -0.0382001827365666, 0.055351990676002445], "aligned_model": [[-0.6640658470921443, -0.23471331434925757, -0.7524453005243145, -0.2814842979747839, -0.4173960571922591, 0.3750812388299439, 0.39893709201851163, 0.6648372842065456, 0.3750812388299439, -0.21545374415430113, 0.45918104093091, 0.018258902280314085, 0.21250424273956098, -0.1168664838415524], [-0.2107909354633526, -0.6511987858063739, 0.4552642086008913, -0.09386888154952648, 0.41887188571984213, 0.25604969586744186, -0.2732850960119438, 0.20749434593818067, 0.25604969586744186, 0.655777838969514, -0.4561395748790002, -0.011638632355397874, 0.570395780700037, -0.000892471283851469], [0.007700049172062358, -0.05224503317352156, -0.17597140119944954, -0.5965717596312448, 0.4372765853051051, -0.5364039487874736, -0.2640900510934093, 0.4424833299202348, -0.5364039487874736, -0.30841614277800083, 0.44261663511123955, 0.7069352387539969, 0.15251407007927842, 0.08921177889722517]], "inverted": false, "swapped": false, "error_lsq": 0.051875863670342436, "error_max": 0.3632572414750215, "target": "740.xyz", "model": "27.xyz", "model_rescale": 4.103607728864725, "target_rescale": 4.02532865116945},
