[{"mapping": [6, 1, 0, 12, 10, 4, 13, 3, 7, 8, 5, 14], "R": [[-0.837240708311292, -0.5261271858953205, 0.1490576418982832], [0.22713317869091498, -0.08663076034949202, 0.9700029023147455], [-0.4974319204516, 0.8459818530105357, 0.19203173928466466]], "T": [0.03359172577602271, -0.02957698362863092, -0.02421198712078361], "aligned_model": [[-0.24587926914831487, 0.16809845761038894, 0.3831116162876907, -0.17034830535136347, -0.14151115949776147, -0.6204072795763016, 0.3897936692266477, -0.302182570109191, 0.667714614851928, 0.14962038843206021, -0.4478372184846013, 0.007469518219367002], [-0.4189846165090445, -0.6384645575915028, -0.27163130221589793, 0.5986895796740365, 0.2959943336946896, -0.6110714661844526, -0.2824528193831525, -0.44365000059991044, 0.15332815333721483, 0.5011634097983677, 0.20544528061627396, -0.034810958659564795], [-0.5972682082308463, 0.05009792280223885, -0.7002786397311443, 0.06261406715038818, -0.5953978684452439, -0.027832804446509304, 0.48346618061519314, 0.5932140708128598, 0.15652959107756076, 0.45912512441028974, 0.38147965918949195, -0.08379734985071635]], "inverted": false, "swapped": true, "error_lsq": 0.037437583545095306, "error_max": 0.1786518703806702, "target": "742.xyz", "model": "0.xyz", "model_rescale": 3.751011558992144, "target_rescale": 4.273521446442214},
{"mapping": [11, 7, 6, 0, 3, 2, 12, 4, 8, 13, 9, 10, 5, 1, 14], "R": [[-0.15007629168626044, 0.9564523004639618, 0.2503519594708542], [-0.45625933809076225, 0.15764244682337156, -0.8757718169503517], [-0.8771000644616782, -0.2456580059691445, 0.4127318996934739]], "T": [-0.012746166462793779, 0.00373852015948807, 0.024637179765846274], "aligned_model": [[0.04711949395847109, -0.24815196456303892, -0.5231092592012717, -0.2155114256529844, 0.3595957779057295, 0.35984206200129465, 0.3718260419386511, -0.602936790153106, -0.19382672463479533, 0.6979401551377122, 0.4866431689994062, -0.09017009244862051, 0.39530608719151183, -0.6522527116428519, 0.022813544281582956], [-0.7287814436778074, -0.01287849804489237, -0.4363694935407879, 0.6253788147440765, 0.4295800923167454, 0.7244085716653003, -0.21367882995683132, -0.12822371299955865, 0.37504414783043094, 0.15018758983006666, -0.3905927997967267, -0.6468890400642152, 0.09153876849187174, 0.21898108846616254, -0.029425193606335713], [-0.2861064351465266, -0.595028059475493, -0.30636160439710863, -0.36001085716376824, -0.48861355954124724, 0.18448332723493813, -0.5726977484535276, 0.5343772769109756, 0.5440216370341364, -0.006664906157349295, 0.19581756141779164, 0.5177325677904693, 0.4892558639317268, -0.14968311422326194, -0.0006509104032878417]], "inverted": false, "swapped": false, "error_lsq": 0.037978860271521746, "error_max": 0.26829382326839407, "target": "742.xyz", "model": "1.xyz", "model_rescale": 3.9405287249114394, "target_rescale": 4.273521446442214},
{"mapping": [13, 5, 8, 6, 9, 7, 1, 4, 10, 11, 0, 2, 14], "R": [[-0.7522126844770329, -0.3084150351652938, 0.5822853625120992], [0.49706386537993497, -0.8457075152044096, 0.19418113312147836], [0.43255472606990897, 0.43549852446452, 0.7894538898148595]], "T": [-0.047970516124489715, 0.006633555989382464, -0.051210947395767564], "aligned_model": [[-0.36890247219702826, 0.18494722276297484, -0.4820043087938241, 0.4904407377023587, 0.5401102844661412, -0.7228911155700257, 0.07324309296379516, 0.7722322795956202, 0.09751622121256456, -0.5208464638753447, -0.10114711187068451, -0.4573151083102796, -0.009399978802336409], [0.5505918776306816, 0.32184175998452724, 0.2484516780362011, -0.36170855863673984, -0.08957654260719317, 0.0687846451138591, 0.2956768183099219, 0.2588207714614061, -0.6337771581209161, -0.6111209102886693, -0.5485360130556439, 0.00442382693719813, -0.04503960119261599], [0.1716682995316747, -0.5970938286023033, -0.5821548632916166, 0.31289505701480047, -0.32404159161813595, 0.04287981853169087, 0.49295755116585804, 0.12063964122173484, -0.22902754007205087, -0.3893246683883935, 0.5204354162356459, 0.6143797963507669, -0.041092738491027694]], "inverted": true, "swapped": true, "error_lsq": 0.05294625140133928, "error_max": 0.4232186368709935, "target": "742.xyz", "model": "2.xyz", "model_rescale": 3.932901565614263, "target_rescale": 4.273521446442214},
{"mapping": [1, 3, 4, 13, 6, 10, 9, 0, 7, 11, 5, 8, 12, 14], "R": [[0.29340272150526275, 0.8919973941370675, 0.3438829624537775], [-0.954191841078278, 0.2512025571410596, 0.16252755368071897], [0.058589874833041816, -0.3758163436287379, 0.924840149662943]], "T": [-0.015088299075514924, -0.04811911071568799, 0.024757720448086558], "aligned_model": [[-0.25085344165165757, 0.490623438466799, 0.22873954339408534, 0.009371684614869143, -0.3420004222336339, -0.17911562267116385, 0.32128622971607734, -0.7813740345061907, -0.25493898408199017, -0.22347938004475906, 0.6540512388657862, 0.40540713790505334, 0.3817362656107241, -0.03964374133129542], [0.14742162927127822, 0.19689026172537671, -0.45559360742292715, 0.5831407007625313, -0.6214061422980471, -0.6057471110432023, -0.5910996349405088, -0.2727163223973148, 0.5050812888285002, -0.16451479549322576, -0.10832491598795108, 0.3363609825243335, -0.17744629620157698, -0.10854939897677734], [-0.5234545722810371, -0.566547466493781, -0.7103451025179259, -0.1976740543338853, -0.3253939856083153, 0.378391803200347, -0.12206291234868888, 0.011236257431109904, 0.3482922819931727, 0.8387468683050262, 0.03967565341022459, 0.4765557112987104, 0.5440398388736681, 0.022436042128471494]], "inverted": false, "swapped": true, "error_lsq": 0.04699993491575225, "error_max": 0.3274642676739643, "target": "742.xyz", "model": "3.xyz", "model_rescale": 3.9243930471874484, "target_rescale": 4.273521446442214},
{"mapping": [3, 5, 4, 1, 6, 13, 2, 9, 10, 11, 0, 7, 14], "R": [[0.6010314474268604, -0.20923776309755596, -0.7713499579943622], [0.675062515903457, -0.3837487313183813, 0.6301011909476351], [-0.42784553150181226, -0.8994200741063456, -0.08939648465386044]], "T": [-0.08283138704960787, -0.013591969520826482, -0.1261004499740599], "aligned_model": [[-0.05178347284971087, -0.23091585897615824, 0.5968822417843574, 0.16386672786358947, 0.6479569012746841, -0.43056269642401696, -0.13169770025320804, 0.32051329286005575, 0.16936955510999058, -0.4259543352815145, 0.3051928276532317, -0.6263972420902343, -0.029264354359713557], [-0.5865476488656268, 0.08473662832705667, -0.29937338733721525, -0.5756640715430382, 0.06016039604207279, -0.585142213978452, -0.435296107343041, 0.2447277226217161, 0.6014293250754669, 0.6695208161462888, 0.06385331269489491, -0.13598709071940968, 0.021411872560873214], [-0.7059052401463748, -0.7741725763366638, -0.5974623136955708, 0.006463095446727074, 0.010445660642093707, -0.09485322028091248, 0.5299152661431761, -0.5734436933141438, 0.0190012594788507, 0.24156338472550287, 0.5676286058168771, 0.2711264892040793, -0.11323640231267734]], "inverted": false, "swapped": true, "error_lsq": 0.04931527188516327, "error_max": 0.33090747165766005, "target": "742.xyz", "model": "4.xyz", "model_rescale": 3.8936222436046832, "target_rescale": 4.273521446442214},
{"mapping": [4, 3, 9, 6, 12, 8, 13, 7, 0, 1, 10, 14], "R": [[-0.024932551419610594, -0.7800920707149763, -0.6251677607549266], [0.3332525656283164, -0.5960777367369067, 0.7305026072977099], [-0.9425078755012362, -0.19012546640107908, 0.2748294228133499]], "T": [-0.10205746979800788, 0.034517194935141535, 0.031247739236182993], "aligned_model": [[-0.003783446441233282, -0.4640586828667542, -0.22018074535798426, 0.4553546391542662, -0.5797496336556806, -0.7228196101028903, -0.23362003739315562, -0.12597774610336687, 0.6668632408840415, 0.2179194352851031, 0.09990321281598237, -0.062302584003230715], [-0.5434885125168757, -0.6868831170792034, 0.02760608538829995, -0.02751406067061664, 0.48443854771933376, 0.2387693641355551, -0.3947051185142322, 0.1826499196314923, 0.2404847258557733, -0.4945313012244263, 0.5841365220602616, 0.057959850324445394], [-0.6184562403183251, -0.08687291830833754, -0.6133692787348649, -0.46229013998264884, -0.08377463884087355, 0.3501492846965684, 0.5282614525955314, 0.6988690105596831, 0.09573713892701224, 0.14115938681120235, -0.3152223057141246, -0.014906032415304665]], "inverted": false, "swapped": true, "error_lsq": 0.04536265083240704, "error_max": 0.2895965696643418, "target": "742.xyz", "model": "5.xyz", "model_rescale": 3.6523030999806103, "target_rescale": 4.273521446442214},
{"mapping": [11, 0, 6, 10, 9, 7, 1, 12, 13, 3, 4, 5, 14], "R": [[-0.9377356058020948, -0.025822133101628064, -0.34638872824192807], [-0.34337933001670584, -0.08143689387876207, 0.935659482949143], [-0.052369545809150486, 0.9963439414968415, 0.06749948825200258]], "T": [0.01042717163405521, -0.10929648643010365, 0.032084966834660576], "aligned_model": [[0.31789706928558364, -0.12741158726609086, 0.2229713838469671, 0.5352106642465562, 0.5488719790708791, -0.43163747345399006, -0.451064818235781, 0.4734607836512138, -0.5858904869487973, -0.1985699826358479, 0.18244223384273958, 0.3451936428120202, 0.049609496448841675], [-0.7378315835568519, 0.11938695438792118, 0.5091668172477861, -0.13858282781826384, 0.21875615196279585, -0.6111337156898629, 0.3160152527149334, -0.5635759469944297, -0.2080291643177281, 0.2210268347061179, 0.6854847685839569, -0.19399015415305867, -0.07586648291013315], [0.5116253974651308, 0.7847634680702873, 0.39328279900021207, 0.46412155117534815, -0.14677427198137474, 0.17690171503791427, 0.009877554123482617, -0.11983349949650257, -0.2563942234056613, -0.6838916188139254, -0.29132996419731305, -0.5444160282827192, 0.07217686078691016]], "inverted": true, "swapped": true, "error_lsq": 0.05381917956754733, "error_max": 0.32577497169868097, "target": "742.xyz", "model": "6.xyz", "model_rescale": 4.08911054899281, "target_rescale": 4.273521446442214},
{"mapping": [5, 6, 4, 0, 2, 1, 7, 8, 9, 13, 12, 10, 11, 3, 14], "R": [[-0.8446818651572612, -0.21400779386460406, -0.4906253263332986], [-0.2954149642861929, 0.9507442347021606, 0.09389035656759558], [0.4463659323360576, 0.22424554476245007, -0.8662975182372128]], "T": [0.03980139729896554, -0.046504772645425366, 0.001570811646260644], "aligned_model": [[0.01602445707101447, -0.14091142773546503, -0.5253711111419083, -0.3271918074522, 0.3750223149137526, 0.2755873135416374, 0.3724665099511814, -0.5020980991326515, -0.2931199017302842, 0.7657706918680222, 0.5660671438720138, -0.0010320635705967293, 0.2919488588801139, -0.6728668397567154, 0.01483132353977664], [-0.7661075873257702, 0.10398104238403431, -0.42138814329486124, 0.7329366946857931, 0.44555173075117815, 0.63548097368363, -0.25948938465087007, -0.17369453822975744, 0.46387399397948276, 0.04540589682937125, -0.4863974331191348, -0.5741428317990506, -0.022705786936290107, 0.242277118744186, 0.06269831595555748], [-0.2476433047292965, -0.4387016730680011, -0.19050204904838006, -0.375845629138868, -0.5421633855032867, 0.1328967510527616, -0.6642072612957893, 0.3956731747230967, 0.4947586370626073, -0.018813852472251775, 0.19532511290553847, 0.49065731269489177, 0.5310859944829346, -0.18594035965603742, 0.12329157134854835]], "inverted": true, "swapped": false, "error_lsq": 0.042627964055243495, "error_max": 0.25084222327990474, "target": "742.xyz", "model": "7.xyz", "model_rescale": 3.964800864290218, "target_rescale": 4.273521446442214},
{"mapping": [10, 6, 9, 11, 5, 2, 12, 4, 1, 13, 7, 8, 3, 14], "R": [[-0.25710189601058964, -0.6538421817592586, 0.7116101576144432], [-0.18996169411500077, -0.6878034245514776, -0.7006004595660918], [0.9475300363770635, -0.315304377590215, 0.052630596003924335]], "T": [-0.020513366672087394, -0.05468862526037013, 0.06367176528974974], "aligned_model": [[-0.29301325181834353, 0.26815677812539584, 0.35604356581554136, -0.807340418289971, 0.255062149654731, -0.24271401994399008, -0.2923360796573824, 0.8139326512274059, 0.3306660807900808, 0.06311597622447833, -0.5161858988557676, -0.3236418878474731, 0.6661681523513849, -0.01672590831521753], [-0.12108772079565575, -0.552918603019055, 0.1354361100735574, 0.06944414451616973, 0.5539790520692689, -0.655991434108597, 0.5008803875673645, -0.17017492945288262, -0.4682758778644699, -0.05500332275303482, -0.08509335552515959, 0.5495395076744828, 0.19455144774644845, -0.08433693994723487], [-0.5562040180948088, -0.41232425451257115, -0.43791514954334676, -0.2279570693633787, -0.008278205690040341, 0.5104834907089378, -0.18392601186427637, -0.1734492993975363, 0.37986265938931163, 0.7281784761621724, 0.5344349104957441, 0.33159757997747386, 0.4266644038040315, 0.005647526653308206]], "inverted": true, "swapped": true, "error_lsq": 0.04531249205222953, "error_max": 0.3008003302162226, "target": "742.xyz", "model": "8.xyz", "model_rescale": 4.121658175737393, "target_rescale": 4.273521446442214},
{"mapping": [3, 9, 12, 8, 4, 1, 10, 0, 11, 6, 13, 7, 14], "R": [[0.040186716403353806, -0.6150725909345424, 0.7874457033381956], [-0.8716168483201926, 0.36373994792220044, 0.3285990261853027], [-0.48853771353815745, -0.6995562580426424, -0.5214901190667808]], "T": [-0.033115828765624925, 0.03099260335717873, -0.040588977224343376], "aligned_model": [[-0.7522610606990193, -0.2285961526753239, 0.3691236179214817, 0.26458972839030603, -0.7785557649878604, -0.51032683240245, 0.3868149907464885, 0.17233005960721276, 0.8127507322115156, -0.24571178975520092, -0.2945030951960098, 0.3059782813382801, -0.024895218064223287], [0.2934636648696033, -0.45513571061223995, 0.03712604783630912, 0.5353069154646425, -0.40795562414640374, 0.11542253261039798, -0.502251577784804, -0.3291391961280289, -0.026000923266425897, -0.6288751667779283, 0.626010838905358, 0.5651631469269486, -0.03274750848571895], [-0.3222889158689818, -0.43428769051088945, -0.5716398061930553, -0.47163567422833086, -0.17290450019595713, 0.35878471545226753, -0.08770335105386418, 0.641992622096979, -0.069130698176991, 0.23782305091077718, 0.12125394395385025, 0.22000776209392472, -0.029196024320640494]], "inverted": false, "swapped": true, "error_lsq": 0.047808084295556726, "error_max": 0.263140430205355, "target": "742.xyz", "model": "9.xyz", "model_rescale": 3.833441315466971, "target_rescale": 4.273521446442214},
{"mapping": [8, 2, 13, 4, 3, 6, 9, 0, 12, 7, 11, 10, 12, 5, 14], "R": [[-0.38668892781045683, -0.9052607866890279, 0.1759959692491898], [0.4660834528134407, -0.027165563927710634, 0.8843236099697842], [-0.7957624570952696, 0.423986957605599, 0.4324316959452065]], "T": [-0.0030417744004464925, 0.04782122799839484, 0.052126559388787866], "aligned_model": [[0.23487676785048334, -0.23810906393012032, -0.6627159572107487, -0.0539383526292261, 0.3000988463998183, 0.09370700547114172, 0.3027428483960038, -0.5852707791955869, 0.11920420969808959, 0.6351416763908596, 0.5505497936174516, -0.05616458270983854, 0.11920420969808959, -0.5799076890800573, 0.035708430351331547], [-0.6680135821658003, -0.11617636809894433, -0.29898623314798184, 0.7735923874663108, 0.3533441329504559, 0.6758954426289865, -0.30563663740772573, -0.14006785667592342, 0.1539605016952532, 0.06224123016740522, -0.2537594232495303, -0.6745486953666507, 0.1539605016952532, 0.2737833066624133, 0.03869135450397765], [-0.14417589649784485, -0.6070383765681404, -0.2311420390145989, -0.27433682676567467, -0.702249585725913, 0.29169288121729536, -0.610801361562273, 0.3513422667625378, 0.6324802715864929, -0.13873444620261693, 0.31274614356452257, 0.4408601501354224, 0.6324802715864929, -0.21917043092570598, -0.03408198223152806]], "inverted": true, "swapped": false, "error_lsq": 0.05127530711887138, "error_max": 0.36739983939659965, "target": "742.xyz", "model": "10.xyz", "model_rescale": 4.2482417240324, "target_rescale": 4.273521446442214},
{"mapping": [2, 1, 3, 4, 11, 12, 7, 9, 6, 10, 0, 14], "R": [[-0.6098092975816651, -0.7708198964146242, 0.18430764464423216], [-0.4376760351917706, 0.13365372432565414, -0.8891436161794641], [0.6607361869927879, -0.622875083195042, -0.4188726798598846]], "T": [0.004993620175429814, 0.09332212784780707, 0.10199303397826914], "aligned_model": [[-0.627024830840379, -0.033457703369066186, 0.5596303939471724, 0.6832063258783396, -0.4591583406875618, 0.1573811388856039, -0.5562923130995258, 0.5645250477232904, 0.1308042218319577, -0.043626103581704524, -0.5107523515558258, 0.011530117230705676], [-0.36599769397073884, -0.5333023951442283, -0.35364549532810075, -0.3651745115044375, 0.7945007580342947, 0.7243817608298606, 0.1387128030451732, 0.233920452148143, -0.14832180058179217, 0.5303097739681069, -0.09128856293023875, 0.10203630148459736], [0.11451881041953052, 0.08711673569535511, 0.4995024944807083, -0.20731587324658757, -0.009652013776074997, 0.2516291202763163, 0.4907492987263571, -0.20895497503973914, -0.593647446777706, -0.41722650891208307, -0.47916576641560654, 0.037638414423886435]], "inverted": true, "swapped": true, "error_lsq": 0.05134562067507803, "error_max": 0.33125297524757913, "target": "742.xyz", "model": "11.xyz", "model_rescale": 3.6694154284099745, "target_rescale": 4.273521446442214},
{"mapping": [9, 12, 8, 11, 10, 4, 6, 1, 7, 2, 13, 0, 3, 14], "R": [[0.20155542753197606, -0.9236093559682503, 0.32606926748823906], [-0.6433656146120439, 0.1261763546870824, 0.7550895400233982], [-0.7385499953065262, -0.361974149748009, -0.5687869718505661]], "T": [0.019601642427857217, 0.08414935876189548, -0.06373407641458959], "aligned_model": [[-0.09525450845673528, 0.1516367770868756, -0.09917979697995297, 0.736440478683673, 0.5672818204835568, -0.47372603529665025, 0.214558317055365, -0.26123487415121865, 0.1843879510684427, 0.19230947194917475, -0.3776843584021338, 0.5941438490390042, -0.7919473189433524, 0.05653307711976112], [-0.3613567872138855, 0.376017448459156, 0.7337417017279614, 0.4556495958712545, -0.1575169627562386, -0.634971426874163, -0.6310064206605904, -0.14504092260026114, 0.6635795920217175, 0.1975720688841961, 0.4372411635943764, -0.23727544689384533, 0.0025620051701665952, 0.03179167940640937], [-0.5304934469941791, -0.6478821021689625, -0.36817378599279327, -0.32389323453578134, -0.38708346288071216, -0.1369238340308159, 0.029431798664603825, 0.4490629275087833, 0.2608267390532888, 0.6898481756759488, 0.3437621146436366, 0.3883808568859777, -0.05158643435545007, -0.07618085182112914]], "inverted": false, "swapped": true, "error_lsq": 0.04400911315045959, "error_max": 0.30464515244687596, "target": "742.xyz", "model": "12.xyz", "model_rescale": 3.9764082729961374, "target_rescale": 4.273521446442214},
{"mapping": [3, 4, 7, 5, 6, 12, 14, 2, 1, 13, 11, 8, 10, 0, 15], "R": [[-0.3419351094779454, 0.06178015602701231, -0.937690563686968], [-0.7901384660907078, 0.5212420967845554, 0.32247151958500764], [0.5086861363455163, 0.8511697180121709, -0.12941609571051269]], "T": [0.010555603377435442, 0.10449530293958267, -0.028228163490123675], "aligned_model": [[0.057206006772494794, -0.35893159025630905, -0.5807980973417642, -0.22950065914856754, 0.37572666316186604, 0.28543126668683905, 0.5930707268357788, -0.5964901945078253, -0.1332251656047006, 0.6022280473047095, 0.5671401088589936, -0.02056278287168664, 0.3584628636833015, -0.6985615507793763, -0.0060682796760625195], [-0.7200891774316229, 0.09474266066140152, -0.3223913982017752, 0.7795529325483465, 0.25095755329662717, 0.5571052584525547, -0.2917465842690602, -0.15299632022559836, 0.21031246963104383, 0.25205374688806254, -0.4137156840366667, -0.46215175375515105, -0.03004727032577159, 0.24017101386719045, 0.03652261455791801], [-0.19048605053306145, -0.6440591642431563, -0.22597103683160852, -0.46353735632179605, -0.6831004502877083, 0.3278633034660912, -0.40568880692028775, 0.4206069701343812, 0.5812407823679018, -0.07951920465258294, 0.20027951687174422, 0.39319276126918945, 0.6838151871310788, -0.10473238982497457, -0.11003302226674307]], "inverted": true, "swapped": false, "error_lsq": 0.03926222830283779, "error_max": 0.2996893230167232, "target": "742.xyz", "model": "13.xyz", "model_rescale": 4.170626492500431, "target_rescale": 4.273521446442214},
{"mapping": [1, 3, 2, 13, 0, 11, 7, 4, 6, 5, 9, 8, 10, 14], "R": [[-0.7209424242691909, 0.17833225179525913, 0.669656351316475], [-0.17207936339012042, 0.8899888826113069, -0.42226588960455735], [-0.6712903347912234, -0.41966343276238594, -0.6109434422415689]], "T": [-0.05246073556268976, 0.04689847144171298, 0.11638032046839936], "aligned_model": [[0.10453119922279192, -0.04697505297685125, -0.21471081686434845, -0.47459404357248103, 0.27971414225189234, -0.3326370678640365, -0.6403791969408378, 0.6220410304675668, 0.6667249298567114, -0.12839581528723115, 0.41955685418288113, -0.6812434716603429, 0.2656049336262364, 0.0039453976496929485], [-0.27745935544537315, -0.7684519534154203, 0.19550704195067264, -0.33269523563419573, 0.5670042624436321, 0.8070469768993503, 0.251649228665819, -0.5092742435980718, 0.16801227635843735, -0.323180508309755, -0.08895199472995181, 0.004779244596094953, 0.5829231926781074, 0.07916553546631999], [-0.39791884723199616, 0.14065726731612535, -0.6333991938584378, -0.23897193102213005, -0.39054214154817785, 0.36783330486093857, -0.16763139734444404, 0.15616626308810327, -0.0456048610029863, 0.6721414358426063, 0.5502881647554043, 0.4791764349341849, 0.38918564011245044, 0.12249296221922568]], "inverted": true, "swapped": true, "error_lsq": 0.039840688288380735, "error_max": 0.22076632864853485, "target": "742.xyz", "model": "14.xyz", "model_rescale": 3.9786697098870705, "target_rescale": 4.273521446442214},
{"mapping": [9, 12, 6, 4, 10, 0, 8, 7, 1, 3, 11, 14], "R": [[-0.10960514331915444, -0.16123929583498206, -0.9808101763525023], [-0.13285940603398264, -0.9755241063022906, 0.17521728297007327], [-0.9850558820626802, 0.14951457287420694, 0.0855003024085792]], "T": [0.03311864222615622, -0.015683071610713833, 0.07316139320029347], "aligned_model": [[0.037455814343086535, -0.6011350307369081, 0.5542130188336352, 0.5737959628664647, -0.13115476301156814, 0.4593712380329821, -0.6047063445790438, -0.17245780614705541, 0.603068822977644, 0.2545318781715721, -0.5430912478538001, 0.05346305387032772], [-0.3289435423183674, -0.07044575995466776, 0.1309254045027132, -0.5689756726979946, 0.35783667884078607, 0.6479372402092084, -0.17183253298598997, 0.30676834545671505, -0.11865782693775423, -0.7749803812761101, 0.5956631789612786, 0.009379358424621977], [-0.5024956557030618, -0.12323743790338079, -0.4417195440096915, -0.3359828052066826, -0.47127249486463796, -0.05228728989277359, 0.38550641249010476, 0.6406092350091767, 0.3158774671933524, 0.2728099660964165, -0.04427393102900426, 0.016432571694012445]], "inverted": false, "swapped": true, "error_lsq": 0.049383308218749734, "error_max": 0.2620034515802846, "target": "742.xyz", "model": "15.xyz", "model_rescale": 3.769337070930944, "target_rescale": 4.273521446442214},
{"mapping": [1, 6, 13, 3, 2, 0, 7, 10, 8, 5, 14], "R": [[0.3235597220557421, 0.7771025154036446, -0.5398340363635288], [0.7837381573166473, -0.5397663684804849, -0.307256844062579], [-0.5301543237861195, -0.3236725938517474, -0.7836915496291667]], "T": [-0.016272694442918824, 0.0014240416190331104, 0.09514421379904713], "aligned_model": [[-0.258288456024721, -0.20514192381664972, -0.07575334347832532, -0.7283302853545304, 0.3462150469663959, 0.389742117405125, 0.48945189797303285, 0.24344643021165355, 0.15672187371185933, -0.4200026749764336, -0.015434551926235884], [0.0803224388042158, -0.6628206794464525, 0.5914842788590996, 0.3898100864534265, 0.1538361817423655, -0.48238735965380736, 0.44354243020626627, -0.5651180384601834, 0.5264664384772642, 0.18476106429751502, -0.06383234365436785], [-0.478930272148126, -0.1898876069418649, -0.21606970562107147, 0.008276235927817163, -0.580098033906396, -0.3936288074902024, -0.035269024665627605, 0.3680673932972792, 0.5675488497270836, 0.600104255666164, 0.094104323378721]], "inverted": true, "swapped": true, "error_lsq": 0.03861550141854402, "error_max": 0.19169958638562223, "target": "742.xyz", "model": "16.xyz", "model_rescale": 3.7852294659196426, "target_rescale": 4.273521446442214},
{"mapping": [7, 12, 10, 11, 8, 5, 3, 9, 0, 2, 13, 6, 14], "R": [[0.041876538250987916, -0.8135145240135531, -0.5800348909877024], [-0.4217300162118486, 0.5118994120972578, -0.7484001505347496], [0.9057539119264502, 0.27595853151059513, -0.32164691808946105]], "T": [0.003922914861595666, 0.13902920645140177, 0.032776289516494625], "aligned_model": [[-0.03828853710598061, -0.43305027451663025, 0.2617391376156648, 0.047762399324460345, -0.613222622308576, -0.5899080892004186, -0.4056952594051699, -0.08577148806032524, 0.7825437091951024, 0.4853292542615594, -0.1813702245120731, 0.5763691471694073, 0.04732869775926252], [0.05320810285775332, -0.3560990554283749, -0.42316937295123175, -0.6644670347808468, -0.0826170158207111, 0.15134851141371772, 0.815154335675238, 0.075647562623079, 0.0015155526403515251, 0.39041949591916614, 0.6015364895450281, 0.19803028014901614, 0.11454777186068883], [-0.6447829899335425, 0.1208195210179382, 0.31628037541603093, -0.23559848727690552, -0.2814960720736339, 0.34711365332898836, 0.23398150594688427, 0.6788952049122384, -0.07974135100625392, -0.5290330864840667, -0.41479113602820583, 0.5091794365690625, 0.07492812275463924]], "inverted": false, "swapped": true, "error_lsq": 0.04616767772926255, "error_max": 0.22920449244596713, "target": "742.xyz", "model": "17.xyz", "model_rescale": 3.901054581598922, "target_rescale": 4.273521446442214},
{"mapping": [11, 7, 6, 0, 3, 2, 12, 4, 8, 13, 9, 10, 5, 1, 14], "R": [[-0.15007629168626044, 0.9564523004639618, 0.2503519594708542], [-0.45625933809076225, 0.15764244682337156, -0.8757718169503517], [-0.8771000644616782, -0.2456580059691445, 0.4127318996934739]], "T": [-0.012746166462793779, 0.00373852015948807, 0.024637179765846274], "aligned_model": [[0.04711949395847109, -0.24815196456303892, -0.5231092592012717, -0.2155114256529844, 0.3595957779057295, 0.35984206200129465, 0.3718260419386511, -0.602936790153106, -0.19382672463479533, 0.6979401551377122, 0.4866431689994062, -0.09017009244862051, 0.39530608719151183, -0.6522527116428519, 0.022813544281582956], [-0.7287814436778074, -0.01287849804489237, -0.4363694935407879, 0.6253788147440765, 0.4295800923167454, 0.7244085716653003, -0.21367882995683132, -0.12822371299955865, 0.37504414783043094, 0.15018758983006666, -0.3905927997967267, -0.6468890400642152, 0.09153876849187174, 0.21898108846616254, -0.029425193606335713], [-0.2861064351465266, -0.595028059475493, -0.30636160439710863, -0.36001085716376824, -0.48861355954124724, 0.18448332723493813, -0.5726977484535276, 0.5343772769109756, 0.5440216370341364, -0.006664906157349295, 0.19581756141779164, 0.5177325677904693, 0.4892558639317268, -0.14968311422326194, -0.0006509104032878417]], "inverted": false, "swapped": false, "error_lsq": 0.037978860271521746, "error_max": 0.26829382326839407, "target": "742.xyz", "model": "18.xyz", "model_rescale": 3.9405287249114394, "target_rescale": 4.273521446442214},
{"mapping": [4, 14, 13, 10, 3, 2, 12, 9, 5, 1, 0, 8, 6, 11, 15], "R": [[0.3215988592404624, 0.869639270162586, 0.37456870334601916], [-0.939077135754622, 0.34360042464996765, 0.008537053546571222], [-0.12127780851470084, -0.3544944117633544, 0.9271598595659891]], "T": [-0.003057397583154011, -0.11988536403799548, -0.08208862105728394], "aligned_model": [[0.220383186178521, -0.30687158417897864, -0.5664083706603017, -0.13467948407680988, 0.4284730251631101, 0.17642016954809056, 0.207067966962625, -0.644423255248244, -0.21019624889703883, 0.6239381149335337, 0.5274797770496228, 0.10408264552307891, 0.40731104709659655, -0.615911023397328, -0.001538602878786374], [-0.8142707950426563, 0.19184778313643075, -0.2933539548083514, 0.6350819922344015, 0.3605962398471772, 0.6351999043745545, -0.2835661799382152, -0.21968175207300356, 0.2283320156898534, 0.08593167505340844, -0.44028528107945303, -0.3291566441720892, 0.09398513236690918, 0.25901394185178006, -0.08139401578324754], [-0.13276610474374526, -0.7226027481864445, -0.40438378782393675, -0.25702848002787526, -0.6373791012983264, 0.30901152383663383, -0.5608317503971572, 0.3274237285894937, 0.6439284555261136, -0.0761390258591104, 0.21548230737566754, 0.6369375940490841, 0.5045463642366907, -0.07441065111185614, -0.07191728480676414]], "inverted": true, "swapped": false, "error_lsq": 0.0401144167123935, "error_max": 0.3038106921750743, "target": "742.xyz", "model": "19.xyz", "model_rescale": 4.410303926677745, "target_rescale": 4.273521446442214},
{"mapping": [10, 6, 9, 11, 5, 2, 12, 4, 1, 13, 7, 8, 3, 14], "R": [[-0.25710189601058964, -0.6538421817592586, 0.7116101576144432], [-0.18996169411500077, -0.6878034245514776, -0.7006004595660918], [0.9475300363770635, -0.315304377590215, 0.052630596003924335]], "T": [-0.020513366672087394, -0.05468862526037013, 0.06367176528974974], "aligned_model": [[-0.29301325181834353, 0.26815677812539584, 0.35604356581554136, -0.807340418289971, 0.255062149654731, -0.24271401994399008, -0.2923360796573824, 0.8139326512274059, 0.3306660807900808, 0.06311597622447833, -0.5161858988557676, -0.3236418878474731, 0.6661681523513849, -0.01672590831521753], [-0.12108772079565575, -0.552918603019055, 0.1354361100735574, 0.06944414451616973, 0.5539790520692689, -0.655991434108597, 0.5008803875673645, -0.17017492945288262, -0.4682758778644699, -0.05500332275303482, -0.08509335552515959, 0.5495395076744828, 0.19455144774644845, -0.08433693994723487], [-0.5562040180948088, -0.41232425451257115, -0.43791514954334676, -0.2279570693633787, -0.008278205690040341, 0.5104834907089378, -0.18392601186427637, -0.1734492993975363, 0.37986265938931163, 0.7281784761621724, 0.5344349104957441, 0.33159757997747386, 0.4266644038040315, 0.005647526653308206]], "inverted": true, "swapped": true, "error_lsq": 0.04531249205222953, "error_max": 0.3008003302162226, "target": "742.xyz", "model": "20.xyz", "model_rescale": 4.121658175737393, "target_rescale": 4.273521446442214},
{"mapping": [11, 0, 6, 10, 9, 7, 1, 12, 13, 3, 4, 5, 14], "R": [[-0.9377356058020948, -0.025822133101628064, -0.34638872824192807], [-0.34337933001670584, -0.08143689387876207, 0.935659482949143], [-0.052369545809150486, 0.9963439414968415, 0.06749948825200258]], "T": [0.01042717163405521, -0.10929648643010365, 0.032084966834660576], "aligned_model": [[0.31789706928558364, -0.12741158726609086, 0.2229713838469671, 0.5352106642465562, 0.5488719790708791, -0.43163747345399006, -0.451064818235781, 0.4734607836512138, -0.5858904869487973, -0.1985699826358479, 0.18244223384273958, 0.3451936428120202, 0.049609496448841675], [-0.7378315835568519, 0.11938695438792118, 0.5091668172477861, -0.13858282781826384, 0.21875615196279585, -0.6111337156898629, 0.3160152527149334, -0.5635759469944297, -0.2080291643177281, 0.2210268347061179, 0.6854847685839569, -0.19399015415305867, -0.07586648291013315], [0.5116253974651308, 0.7847634680702873, 0.39328279900021207, 0.46412155117534815, -0.14677427198137474, 0.17690171503791427, 0.009877554123482617, -0.11983349949650257, -0.2563942234056613, -0.6838916188139254, -0.29132996419731305, -0.5444160282827192, 0.07217686078691016]], "inverted": true, "swapped": true, "error_lsq": 0.05381917956754733, "error_max": 0.32577497169868097, "target": "742.xyz", "model": "21.xyz", "model_rescale": 4.08911054899281, "target_rescale": 4.273521446442214},
{"mapping": [15, 9, 11, 10, 12, 7, 14, 8, 6, 13, 2, 1, 0, 5, 16], "R": [[-0.6401158556760249, 0.7622025845682381, -0.0964308632630061], [-0.5028760153325034, -0.3207816618924803, 0.8026299512208616], [0.5808333706971858, 0.5622689262897219, 0.5886308265912934]], "T": [0.0765021490400774, -0.0402384352793504, -0.01849275195446678], "aligned_model": [[0.02439422288432988, -0.20368721326402067, -0.5300965254577978, -0.2451283698543526, 0.360078216234269, 0.26397700167151905, 0.3452556948879358, -0.49571798840840914, -0.20766197951473897, 0.6548098061366989, 0.4455479997562475, -0.09809196903178147, 0.34837343814552046, -0.5597452875721747, 0.11282031650444554], [-0.7132719173500821, 0.1236324879291707, -0.506588667198768, 0.6653071408503087, 0.40145868498815324, 0.6282657683870004, -0.19373311342997424, -0.10998382648373234, 0.4149218025740041, 0.2753958439844744, -0.6398773955302598, -0.5870355871938844, 0.1337981250944389, 0.15940757334865524, -0.02341685831200628], [-0.2938429179933975, -0.6526755752325248, -0.039671504150330605, -0.24186387482961322, -0.5375859748886088, 0.13562245599293557, -0.5806613221544586, 0.36681454458201984, 0.4988504943253397, -0.07011853548615321, 0.14116972576537676, 0.5297117261911458, 0.685692362907158, -0.24883971762020435, 0.007269151949783309]], "inverted": true, "swapped": false, "error_lsq": 0.042359457090104906, "error_max": 0.2702503537724559, "target": "742.xyz", "model": "22.xyz", "model_rescale": 4.204369325754507, "target_rescale": 4.273521446442214},
{"mapping": [4, 14, 13, 10, 3, 2, 12, 9, 5, 1, 0, 8, 6, 11, 15], "R": [[0.3215988592404624, 0.869639270162586, 0.37456870334601916], [-0.939077135754622, 0.34360042464996765, 0.008537053546571222], [-0.12127780851470084, -0.3544944117633544, 0.9271598595659891]], "T": [-0.003057397583154011, -0.11988536403799548, -0.08208862105728394], "aligned_model": [[0.220383186178521, -0.30687158417897864, -0.5664083706603017, -0.13467948407680988, 0.4284730251631101, 0.17642016954809056, 0.207067966962625, -0.644423255248244, -0.21019624889703883, 0.6239381149335337, 0.5274797770496228, 0.10408264552307891, 0.40731104709659655, -0.615911023397328, -0.001538602878786374], [-0.8142707950426563, 0.19184778313643075, -0.2933539548083514, 0.6350819922344015, 0.3605962398471772, 0.6351999043745545, -0.2835661799382152, -0.21968175207300356, 0.2283320156898534, 0.08593167505340844, -0.44028528107945303, -0.3291566441720892, 0.09398513236690918, 0.25901394185178006, -0.08139401578324754], [-0.13276610474374526, -0.7226027481864445, -0.40438378782393675, -0.25702848002787526, -0.6373791012983264, 0.30901152383663383, -0.5608317503971572, 0.3274237285894937, 0.6439284555261136, -0.0761390258591104, 0.21548230737566754, 0.6369375940490841, 0.5045463642366907, -0.07441065111185614, -0.07191728480676414]], "inverted": true, "swapped": false, "error_lsq": 0.0401144167123935, "error_max": 0.3038106921750743, "target": "742.xyz", "model": "23.xyz", "model_rescale": 4.410303926677745, "target_rescale": 4.273521446442214},
{"mapping": [0, 5, 2, 15, 6, 9, 12, 3, 10, 13, 7, 1, 11, 4, 16], "R": [[0.35221245997636497, 0.9335526860174004, 0.0665264268324618], [0.11747435295712627, -0.11461616305761246, 0.9864395123692358], [0.9285182601514643, -0.3396211383227613, -0.15003773848485516]], "T": [0.08793215087011927, 0.11781888368748594, 0.029937599932438917], "aligned_model": [[-0.04778040760201305, -0.19046767832981318, -0.5848900145123576, 0.04672749805652834, 0.4356078226842729, 0.035054607451912474, 0.2707104766836123, -0.5888523174982122, -0.2808285474091111, 0.7267685853482335, 0.5039954420907875, 0.04820952333405911, 0.4195968039877217, -0.593102731416628, 0.014378300248698309], [-0.5877528730452802, 0.13765008120317634, -0.4056856476505408, 0.7560538165454058, 0.33753016179712736, 0.6787409969294917, -0.3217140176647735, -0.42592995780113996, 0.2609570746856903, 0.050044363629138416, -0.38048590834968216, -0.46793472575823414, 0.23689320915478565, 0.1280589970484636, 0.03185449093387101], [-0.20273472042422472, -0.5337132602057096, -0.29586493323292445, -0.2867207931366652, -0.6093953894086416, 0.303781226673253, -0.6178113846483007, 0.2656301229136178, 0.5469588296300124, -0.25551160438119663, 0.17316667733545102, 0.6557571997000394, 0.5558095895816794, -0.06991730569658426, 0.07043678465866265]], "inverted": false, "swapped": false, "error_lsq": 0.04187706393696208, "error_max": 0.25337485452161096, "target": "742.xyz", "model": "24.xyz", "model_rescale": 4.28219845311461, "target_rescale": 4.273521446442214},
{"mapping": [13, 14, 12, 10, 6, 8, 2, 9, 5, 0, 4, 3, 1, 11, 15], "R": [[0.09340547216654332, -0.32517963534535077, 0.9410279605442178], [0.9859166094539711, -0.10148108209638546, -0.13292866199331388], [0.1387222295529132, 0.9401913606990926, 0.3111211151539823]], "T": [-0.014002903878929964, -0.11300539834873966, 0.006460185659496721], "aligned_model": [[-0.14145924112938849, -0.2113526143148497, -0.6652987818015643, -0.23485985936080003, 0.462751548296041, 0.08233378661979734, 0.34687886412399654, -0.5149176663394841, -0.3106810208248703, 0.7849075135686798, 0.5515714738994062, 0.18224319164697064, 0.31881997782858934, -0.4949537774488041, 0.05914396835397137], [-0.6015544956760035, 0.11434461730290135, -0.28963102706585697, 0.5812147238453288, 0.5144662870794675, 0.560114697098556, -0.2548969070965651, -0.3364981232735138, 0.42571610790058956, 0.010183979591013692, -0.5438513567889075, -0.32483637770791096, 0.15194992743846594, 0.12924902862861742, -0.10769101961868342], [-0.30657514546531034, -0.6931895031624781, -0.35275697277574863, -0.3081593400918622, -0.43078300900252414, 0.1463695709687029, -0.5578191544339245, 0.4014400415175586, 0.5955628206425753, -0.10363383821241232, 0.1771820539779196, 0.7252511504290865, 0.4849003633155644, -0.07401416473143038, -0.003903833617249112]], "inverted": true, "swapped": false, "error_lsq": 0.04704731017797438, "error_max": 0.2734581243464781, "target": "742.xyz", "model": "25.xyz", "model_rescale": 4.100010024507729, "target_rescale": 4.273521446442214},
{"mapping": [2, 1, 3, 4, 11, 12, 7, 9, 6, 10, 0, 14], "R": [[-0.6098092975816651, -0.7708198964146242, 0.18430764464423216], [-0.4376760351917706, 0.13365372432565414, -0.8891436161794641], [0.6607361869927879, -0.622875083195042, -0.4188726798598846]], "T": [0.004993620175429814, 0.09332212784780707, 0.10199303397826914], "aligned_model": [[-0.627024830840379, -0.033457703369066186, 0.5596303939471724, 0.6832063258783396, -0.4591583406875618, 0.1573811388856039, -0.5562923130995258, 0.5645250477232904, 0.1308042218319577, -0.043626103581704524, -0.5107523515558258, 0.011530117230705676], [-0.36599769397073884, -0.5333023951442283, -0.35364549532810075, -0.3651745115044375, 0.7945007580342947, 0.7243817608298606, 0.1387128030451732, 0.233920452148143, -0.14832180058179217, 0.5303097739681069, -0.09128856293023875, 0.10203630148459736], [0.11451881041953052, 0.08711673569535511, 0.4995024944807083, -0.20731587324658757, -0.009652013776074997, 0.2516291202763163, 0.4907492987263571, -0.20895497503973914, -0.593647446777706, -0.41722650891208307, -0.47916576641560654, 0.037638414423886435]], "inverted": true, "swapped": true, "error_lsq": 0.05134562067507803, "error_max": 0.33125297524757913, "target": "742.xyz", "model": "26.xyz", "model_rescale": 3.6694154284099745, "target_rescale": 4.273521446442214},
