[{"mapping": [12, 7, 9, 1, 11, 6, 8, 3, 4, 0, 5, 13], "R": [[-0.1160460335564441, 0.851585209293803, -0.5112102790514357], [0.314004085055637, -0.4568361421091831, -0.8322873144720943], [-0.9423028985757123, -0.25710575756841425, -0.21438721221421492]], "T": [-0.03340081908877386, 0.0012930215051059485, 0.0050729542012654515], "aligned_model": [[-0.16868226344403175, 0.18718898154846975, 0.47698555119550484, -0.2191165741772067, -0.07807266352701633, -0.5979844374708715, 0.448131105688133, -0.31378497892227947, 0.5958023471056263, 0.19185879486049545, -0.6513174303481033, -0.033365970048171475], [-0.42309451978094, -0.6565186407155292, -0.26596196660123206, 0.6413420309828826, 0.2906288531853209, -0.5140006517763549, -0.35836458613551414, -0.3221607220557435, 0.21512364857105748, 0.2745670379975183, 0.19548833431133544, -0.023493782005743702], [-0.6204009965227791, -0.09822245607300172, -0.5956549878915878, 0.016182329232785286, -0.6561488649373179, 0.10542113604523425, 0.3604915431505975, 0.6949567845850422, 0.08386546598053313, 0.5530690207675434, 0.379454885575883, -0.04106211455936987]], "inverted": false, "swapped": true, "error_lsq": 0.04218829143510278, "error_max": 0.2605026388796966, "target": "743.xyz", "model": "0.xyz", "model_rescale": 3.751011558992144, "target_rescale": 3.917784877332714},
{"mapping": [7, 12, 11, 0, 6, 3, 2, 8, 1, 10, 13, 9, 5, 14], "R": [[0.14524057253174036, -0.4659647404028828, -0.8728012584729278], [0.2868432630567891, 0.8640992195292737, -0.41358612313257537], [0.9469034367503301, -0.19028767566548843, 0.2591611119752343]], "T": [0.023040698306947105, 0.13891550514711384, 0.052834128127483546], "aligned_model": [[-0.35929406038650086, 0.19975995595077092, 0.40572126271519976, -0.6478938465288328, -0.17565686350873214, -0.1790659436703058, -0.11189228245007926, -0.13930201742270348, -0.6151467191067763, 0.560346367408652, 0.40739549705417444, 0.6758072233908494, 0.42148589370784073, 0.05871324383710998], [-0.08814621850093085, -0.4216820472696129, 0.1702659351110984, -0.19579657550571647, 0.4376231594990152, -0.5964405782095259, -0.27784988875188377, 0.45513703392114013, 0.38397285646090745, 0.7435933956086049, -0.417955992941768, 0.05295268563055178, 0.12404817669921844, 0.11088165414666933], [-0.43903997135941386, -0.4015619461066609, -0.6466683558509013, 0.16824287177606223, -0.6067253926363594, 0.09538087244283756, 0.7541456132326012, 0.6132509725649187, -0.0826253280123745, -0.08178019082511111, 0.3167805651119625, 0.026454614770637833, 0.5335694355497556, 0.022087012216380226]], "inverted": true, "swapped": false, "error_lsq": 0.03548907492836525, "error_max": 0.2225992810119022, "target": "743.xyz", "model": "1.xyz", "model_rescale": 3.9405287249114394, "target_rescale": 3.917784877332714},
{"mapping": [8, 3, 0, 10, 5, 4, 7, 6, 1, 2, 11, 9, 13], "R": [[-0.026488834830316166, 0.6812299044954317, -0.7315901577047611], [0.8137840445297229, -0.4103376699109671, -0.41155622400941044], [-0.5805634078187999, -0.6062580423162921, -0.5435046601719609]], "T": [-0.010158707790316267, -0.038393064502853555, 0.008068337169336548], "aligned_model": [[-0.3693722341190949, 0.3472282020847349, -0.3084996436962134, 0.4301780919732284, 0.5226231549071696, -0.6748288108842333, -0.030270995542424593, 0.6786983979815226, -0.01767422599312026, -0.6152988185565917, -0.046721664162828073, -0.41736561971783576, -0.002712554990381883], [0.5602447183171779, 0.5455935374499603, 0.11359410343707406, -0.4281846017468577, -0.1206524450915941, -0.014298079721298748, 0.4706375480993121, 0.2920704616958411, -0.578159941057522, -0.6280418125757644, -0.6550479215432979, -0.053568677315307, -0.04535429637570666], [-0.004072921687211633, -0.428293377608241, -0.5519431426085116, 0.2895639117995976, -0.5106526568261498, -0.06583367291469405, 0.49028127374157665, 0.11113013973790717, -0.3829198089370399, -0.01141964352890571, 0.38400055020017576, 0.7338408688244094, 0.05943882939573098]], "inverted": true, "swapped": true, "error_lsq": 0.04431639472961151, "error_max": 0.22350640295420168, "target": "743.xyz", "model": "2.xyz", "model_rescale": 3.932901565614263, "target_rescale": 3.917784877332714},
{"mapping": [0, 7, 8, 2, 3, 4, 6, 10, 1, 11, 5, 9, 12, 13], "R": [[0.23996746824591547, -0.001611560476893148, -0.9707795924186265], [-0.6824208063629426, -0.7115077824915395, -0.16750677149573148], [-0.690447287797263, 0.7026763681288857, -0.1718384836019043]], "T": [0.028301861755497752, 0.07923000222321175, -0.07101648550889157], "aligned_model": [[-0.5377611736696686, 0.34011663162237005, 0.5312476756192999, -0.6632020308934858, -0.07171610345658816, -0.3243495628724922, -0.10960677701271479, 0.04987012152150871, -0.6122987195062678, 0.29182172662115546, 0.3431202628461554, 0.7402147625213243, 0.4488657791259447, 0.07465511852412615], [-0.1162367033098825, -0.45293786603944775, 0.3408106122913772, -0.2505064934357475, 0.2528504987660018, -0.7186241679356683, -0.09940656024911643, 0.5278155396710638, 0.4249551186774385, 0.9310792020209122, -0.42408809974600337, -0.09561697780745088, 0.09267268845048736, 0.06783680454380381], [-0.37154225161937365, -0.4306155075164442, -0.537286598517599, 0.25654429214947144, -0.5406310166898249, -0.02314060007886476, 0.5737799525883788, 0.4870617044112306, 0.06636495447465489, -0.12219187014477689, 0.33439681992088255, -0.022011437950620036, 0.5662237327389477, 0.03455859910827182]], "inverted": true, "swapped": false, "error_lsq": 0.047817585095041894, "error_max": 0.3327132843256677, "target": "743.xyz", "model": "3.xyz", "model_rescale": 3.9243930471874484, "target_rescale": 3.917784877332714},
{"mapping": [4, 8, 9, 11, 12, 0, 1, 7, 6, 3, 10, 5, 13], "R": [[0.7831765132964901, 0.4113255950385106, 0.4663108447022951], [-0.47866144140642497, -0.079857227469128, 0.8743603649134992], [0.3968850885728467, -0.9079835230262492, 0.13434339723769256]], "T": [-0.026493191706698407, -0.12839834180089124, -0.08228093761700435], "aligned_model": [[-0.15821428810747257, -0.23306908179827057, 0.639365382928121, 0.5010654300327623, 0.7010204500136805, -0.629117824034097, -0.2521547120596382, 0.29276171832556325, 0.03703858586431273, -0.576668385267056, 0.38683940086405455, -0.45688861109964557, 0.02522782064903807], [-0.5750397074739126, 0.054015310497195795, -0.30866630623289293, -0.5392307583011273, 0.1131818598334138, -0.30616356596220573, -0.5785427812342796, 0.29447923728256165, 0.5931452991883295, 0.4686330840530376, -0.06576431183080736, 0.09844557091114917, -0.1206633770488747], [-0.5628945709709472, -0.7238420210471082, -0.5480376934838662, 0.1930801298298494, -0.03771161286235562, -0.25824499170114656, 0.3544379150952882, -0.5419512982138059, 0.18170860167461028, -0.08844808182709055, 0.41802581276511014, 0.4860466182493047, -0.08509849213687867]], "inverted": false, "swapped": true, "error_lsq": 0.046174857849370046, "error_max": 0.3085347593903494, "target": "743.xyz", "model": "4.xyz", "model_rescale": 3.8936222436046832, "target_rescale": 3.917784877332714},
{"mapping": [12, 9, 11, 10, 2, 4, 8, 0, 5, 6, 1, 13], "R": [[0.23173091566843446, 0.8224893890781025, -0.5194342957269943], [-0.10062175898945427, 0.5513711646694677, 0.828169729215517], [0.9675619072397058, -0.13964613716449267, 0.2105300739412272]], "T": [-0.019351940036069853, -0.05925225038311828, 0.06690126844094024], "aligned_model": [[-0.036616112486358515, -0.6553851671400627, -0.22540235188930893, 0.26795517109009603, -0.6160664523556373, -0.6127808500428614, -0.3118359975927769, -0.09171256642608677, 0.6550252724744001, 0.6094365349306933, 0.07580181386286769, -0.030871252209867597], [-0.6046674069115066, -0.48361049316973875, 0.07634536121679623, -0.11086896369538009, 0.47529334453721656, 0.13004364332654167, -0.3571779351224068, 0.31656786809059173, 0.24944380771955604, -0.5053206037415428, 0.5765971119766071, -0.09372282911692693], [-0.4733281021033915, -0.26199894720132155, -0.6128645785887873, -0.5160773221373429, -0.2022692702373345, 0.31151855058955347, 0.6265818247689692, 0.5953361736444408, 0.16496608111291672, 0.06716078681981696, -0.1089334435496439, 0.02919296615764272]], "inverted": true, "swapped": true, "error_lsq": 0.046320695283383145, "error_max": 0.30483384339897157, "target": "743.xyz", "model": "5.xyz", "model_rescale": 3.6523030999806103, "target_rescale": 3.917784877332714},
{"mapping": [2, 9, 12, 11, 10, 4, 7, 1, 8, 3, 6, 5, 13], "R": [[-0.6665253459317505, 0.7450898251513653, -0.0241891646500757], [-0.0628428303827917, -0.08848948164016784, -0.9940927473372565], [-0.7428288779389506, -0.6610678967360029, 0.10580403586346532]], "T": [0.049094105617582345, -0.09966885793843544, -0.0484962785706515], "aligned_model": [[0.21578967335683186, -0.1967272736397306, 0.19860033432233498, 0.5267158037044262, 0.6003578113356512, -0.3281570523518519, -0.41337707495095777, 0.517620122051536, -0.6470796614240529, -0.22384182831358626, 0.1407844551242331, 0.4340771204026115, 0.0563204750468493], [-0.7490780095587204, 0.07961368258088891, 0.5043499530251434, -0.13026339245462032, 0.21853212192532417, -0.5811906623564713, 0.3915907765371398, -0.5640105666087606, -0.11147169147142683, 0.09446782147114738, 0.5562093992617538, -0.1028730520769414, -0.06504947611127375], [0.46603294571284604, 0.7262444239974809, 0.4014289163236012, 0.49359834348246523, 0.09267794514313618, 0.222883044543107, 0.14341610654518241, -0.1441343669496776, -0.10095332659580127, -0.7880868588317862, -0.4431715641005459, -0.6899574231405033, -0.009868446647715523]], "inverted": true, "swapped": true, "error_lsq": 0.04602476203376708, "error_max": 0.2537553687557559, "target": "743.xyz", "model": "6.xyz", "model_rescale": 4.08911054899281, "target_rescale": 3.917784877332714},
{"mapping": [6, 7, 5, 0, 4, 2, 1, 9, 3, 10, 13, 12, 11, 14], "R": [[0.2180413648915679, 0.6667754768123055, 0.712648880387772], [-0.9657468821534545, 0.042153209966595113, 0.256039189383957], [0.1406802146966794, -0.7440655686236496, 0.6531274812635441]], "T": [0.08582779624766816, 0.09639273096140075, 0.008637807777019103], "aligned_model": [[-0.2953298816568228, 0.19974759205802878, 0.435381589850304, -0.7983488607836218, -0.12909856770658634, -0.20201398501516432, -0.14003794090806054, -0.2814840502609242, -0.6495685749454412, 0.575224147483182, 0.5109087227756027, 0.7936050016215378, 0.43745781070707535, 0.044534707771557554], [-0.1163883822797512, -0.48415033265358043, 0.20367387858009126, -0.1688328178151203, 0.48874004940534066, -0.6537146861297888, -0.21799842792647825, 0.4621472819495567, 0.3602427510356849, 0.6232610431582146, -0.4433019416357118, 0.016320047975361712, 0.2570432269180154, 0.15356190531593356], [-0.23340761952080813, -0.49064267045992177, -0.6597962804672526, 0.1890352316529012, -0.5360820555376096, 0.07664894712549881, 0.6316056455083346, 0.5967389247234938, -0.11795911323048312, -0.03800864441636216, 0.2614824015971588, -0.01669420761397462, 0.4503150814026013, 0.15827513211075828]], "inverted": false, "swapped": false, "error_lsq": 0.04216396932211889, "error_max": 0.28147625232152007, "target": "743.xyz", "model": "7.xyz", "model_rescale": 3.964800864290218, "target_rescale": 3.917784877332714},
{"mapping": [1, 0, 2, 5, 7, 3, 10, 9, 8, 12, 6, 4, 11, 13], "R": [[-0.09647078372318835, -0.9625031703641456, 0.2535370484304075], [-0.8530949116600106, -0.051267905873167874, -0.5192308480119214], [0.512759650896629, -0.266381772774244, -0.8161607020348496]], "T": [0.06358499929522285, -0.014897202669628233, -0.02089079564463295], "aligned_model": [[-0.3792767344357777, 0.13113348004215203, 0.4157948051186431, -0.6975353469048177, -0.0846888353765482, -0.042045294530060104, -0.2956743428220191, -0.07736013861818347, -0.5498461873196467, 0.2788628719251627, 0.4813465240216528, 0.759264085232496, 0.5585913074177581, 0.0024115172398551515], [0.00397788137977801, -0.5685996614780396, 0.020550435047439704, -0.22451068185397308, 0.5142894708994469, -0.7247964072945191, -0.08981802057535637, 0.4632647113187687, 0.43274185600227444, 0.7066720427971495, -0.355723897710914, 0.08892825741906629, 0.19494352534130363, 0.018684084605342974], [-0.626396458022199, -0.4703462020878581, -0.5806232722941482, 0.2544793750582692, -0.47347172700425, 0.08326320572707979, 0.714264704336871, 0.4538221480362173, 0.09902181356260106, 0.03967486162912384, 0.19316129050269146, -0.039445531985886115, 0.6100362589983108, 0.014070306417511117]], "inverted": true, "swapped": false, "error_lsq": 0.03758332946117538, "error_max": 0.210280769842517, "target": "743.xyz", "model": "8.xyz", "model_rescale": 4.121658175737393, "target_rescale": 3.917784877332714},
{"mapping": [9, 4, 8, 7, 2, 11, 0, 5, 3, 1, 12, 6, 13], "R": [[0.8994675582001961, 0.2913955702221449, -0.32564817426217496], [-0.22187205061078763, -0.33747951257744446, -0.9148116591672051], [-0.3764716521906276, 0.8950956374854038, -0.23889934041653932]], "T": [-0.02131144870787015, -0.033217209439009424, 0.009017622221715947], "aligned_model": [[-0.5795409415050442, -0.23921656425532917, 0.2835351116490424, 0.09868526596048954, -0.7011454428302197, -0.6928821139251635, 0.26119559708369106, 0.4079894429359008, 0.7898864715141852, -0.22326585986630884, -0.3342766440394272, 0.45601456417357233, -0.05024139046019159], [0.3832390882731365, -0.3824832921220944, -0.0030422217078715473, 0.5285917172105425, -0.5160296923739428, 0.056535898776281804, -0.580377632282814, -0.2543663427417404, -0.0412442279073436, -0.5418334158938999, 0.6613479490597906, 0.4696103598175625, 0.010439251304102753], [-0.44676469590624357, -0.5185797483540127, -0.6184431394501562, -0.3934963567753638, -0.12874241520468824, 0.26172755963975614, -0.20668010954682944, 0.5804092513161798, 0.04174073234256274, 0.38954418473769215, 0.10522336285408007, 0.34617678714378236, 0.008960021162329856]], "inverted": true, "swapped": true, "error_lsq": 0.04276246864340282, "error_max": 0.26649713701347644, "target": "743.xyz", "model": "9.xyz", "model_rescale": 3.833441315466971, "target_rescale": 3.917784877332714},
{"mapping": [9, 2, 3, 10, 7, 13, 0, 12, 11, 6, 5, 4, 1, 14], "R": [[-0.7727836048949447, -0.15476670368904105, -0.6155101684251878], [0.49124749092986286, 0.46818486596491893, -0.7344922286427037], [0.4018474868164399, -0.8699713780985211, -0.2857768336108994]], "T": [-0.015032872425028689, 0.09298494603581878, 0.053591236353033214], "aligned_model": [[-0.24662080604606695, 0.10169004116777278, 0.37342058166989095, -0.7578874122839966, -0.15899104735980688, -0.028956192218924683, -0.07642797261774381, -0.12422902147539625, -0.5433604980904042, 0.4505917004349197, 0.45593437378686813, 0.7476400927924388, 0.3198258039180528, -0.011651932686937153], [-0.17106059286881434, -0.48893488570192734, 0.06585992955262376, -0.06121468401708391, 0.476094829210883, -0.691932481491769, -0.2684450215353844, 0.5258069006568865, 0.5065884267977099, 0.5591958948675293, -0.3761228897157952, 0.2031256005871304, 0.12778876964334498, 0.07385379991243399], [-0.67754288876931, -0.3518656982286258, -0.7227398767875808, 0.37004620980477, -0.47216235428126063, 0.1928654785661792, 0.6275441803453714, 0.4582656906262689, -0.0694500644528573, 0.21812292443573172, 0.17834256059061415, -0.1516197877944121, 0.7110616110878046, -0.03935721226835917]], "inverted": false, "swapped": false, "error_lsq": 0.04859107854087458, "error_max": 0.31759395991511213, "target": "743.xyz", "model": "10.xyz", "model_rescale": 4.2482417240324, "target_rescale": 3.917784877332714},
{"mapping": [1, 5, 3, 6, 4, 8, 0, 7, 10, 9, 11, 13], "R": [[-0.4114124767411466, 0.17473347934874575, 0.8945434506922498], [-0.09192088261143441, 0.9684934751008565, -0.23145396956414915], [-0.9068022526006709, -0.17745027439186628, -0.3823886436553798]], "T": [-0.05662748035107568, 0.05352545643551148, -0.05390541259482888], "aligned_model": [[-0.6168276462334654, -0.02415111741917341, 0.4290591918301148, 0.5970875223694486, -0.41269418019826554, 0.21441120085889803, -0.2932077473155718, 0.49749875180979797, -0.028177385547410623, -0.0255720567052772, -0.42069416739784227, -0.039966763688246296], [-0.3032150510575543, -0.6321428720421651, -0.20154842970435494, -0.35266146831245154, 0.5851504150626791, 0.5729296560607573, 0.130416057451729, 0.45887233426404794, -0.34471410883328224, 0.682521473440017, 0.004854827094678181, 0.06566855662653873], [0.002561204924497712, 0.24358209588116736, 0.5446119804766907, -0.09885946525541518, 0.14210435746155253, 0.32597124289149776, 0.5492843448587892, -0.19772478663127213, -0.5693368231914763, -0.5981416731521737, -0.6768112710573198, -0.10204891735218158]], "inverted": false, "swapped": true, "error_lsq": 0.03761816573898967, "error_max": 0.17229193116204292, "target": "743.xyz", "model": "11.xyz", "model_rescale": 3.6694154284099745, "target_rescale": 3.917784877332714},
{"mapping": [6, 11, 4, 7, 0, 9, 10, 12, 5, 1, 8, 3, 2, 13], "R": [[0.6092757824362001, 0.682537553217134, -0.40364032180286946], [-0.4438079175334082, -0.12831825863362134, -0.8868872289281737], [-0.6571282624202186, 0.7194976809897324, 0.2247343627017937]], "T": [-0.036295176688312884, 0.037131118673123346, 0.01570082197244407], "aligned_model": [[-0.3261171656127352, 0.08767731623499256, 0.43242128892864334, -0.6768609793805577, -0.07901820315614602, -0.10990220376354548, -0.1665313072322872, -0.2098618083549837, -0.7591379860741633, 0.5492477321025602, 0.5126042835383323, 0.8182276660772273, 0.43105529237792667, -0.002826214694597172], [-0.014659139257855447, -0.5608137107323792, 0.13407781634026916, -0.2780547284563805, 0.6261843037098304, -0.7244504109202883, -0.12241440249799629, 0.5172621893108601, 0.36432975857976274, 0.6445946769161647, -0.44679520719241395, 0.05711581377297419, 0.14627219907191494, 0.13795443725330542], [-0.46718199753245887, -0.39917440130882137, -0.548732400314547, 0.22185283544803733, -0.386703144997314, 0.25913838324307964, 0.6166272436611654, 0.4641618343766838, -0.10681495431411449, 0.08353165178447297, 0.2083729398521962, -0.08745063830314577, 0.458403133944346, -0.04451971266524592]], "inverted": false, "swapped": false, "error_lsq": 0.04596134050837517, "error_max": 0.2938311408880649, "target": "743.xyz", "model": "12.xyz", "model_rescale": 3.9764082729961374, "target_rescale": 3.917784877332714},
{"mapping": [9, 7, 2, 5, 1, 4, 6, 13, 12, 11, 3, 3, 14, 15], "R": [[-0.792823590355765, 0.4653126216915251, 0.39359232547136125], [-0.08389549895453664, -0.7229924505654488, 0.68574299973134], [0.6036491529278937, 0.5106526025782372, 0.612243105024066]], "T": [-0.05462568474702629, 0.08608944115454034, -0.033516934737409285], "aligned_model": [[-0.5503061533514352, 0.3180710252822093, 0.18589862978298433, -0.7688603788889335, -0.13450660158835157, -0.1063176023009974, -0.2133059495107193, -0.1636040900333462, -0.46563692045319643, 0.513286280863356, 0.7603706896565552, 0.7603706896565552, 0.35835940979443065, 0.007158682081556025], [0.013998526282472279, -0.48946366441560696, -0.0017830777546388454, -0.3368283606776922, 0.455960877886616, -0.6181827374708295, -0.1492327994454401, 0.45089008494072513, 0.5736423716145949, 0.5771829586958146, -0.07808893907690143, -0.07808893907690143, 0.15263471037113654, 0.007962584024418545], [-0.3660870770452298, -0.3511165001101173, -0.7889545486053869, 0.08409786200231602, -0.5435529507944473, 0.09760272760617923, 0.6757804798587254, 0.4455704723829768, -0.05750524587780362, 0.22503258681484656, 0.09789773905212192, 0.09789773905212192, 0.6475286425968422, 0.007318845941189547]], "inverted": false, "swapped": false, "error_lsq": 0.051806775565870745, "error_max": 0.40431142700030154, "target": "743.xyz", "model": "13.xyz", "model_rescale": 4.170626492500431, "target_rescale": 3.917784877332714},
{"mapping": [4, 2, 0, 5, 8, 6, 11, 10, 12, 7, 3, 1, 9, 13], "R": [[-0.07467938653362063, -0.9754893910903676, -0.20698656260034343], [0.8645562821408798, -0.16677537197865208, 0.4740552819156449], [-0.49695615927131986, -0.14354937537839046, 0.855820163697241]], "T": [0.07460013026214313, 0.014262414655414554, -0.0438886403177952], "aligned_model": [[-0.40061130785249466, 0.19029917701442245, 0.4942878866194191, -0.7143636524093238, -0.20920356452470634, -0.2861565207489875, -0.09704267129177843, -0.016286492356851687, -0.5824992078260613, 0.4388855766187354, 0.42752335824273624, 0.8184376689919846, 0.4191064745981539, 0.018600985915418845], [-0.0008654306739242536, -0.44112872638788136, 0.1108472065461521, -0.2758898163718444, 0.6141144663134642, -0.7194883780547874, -0.18671963178530615, 0.48775966554617584, 0.31545171985550624, 0.719847461399307, -0.5098279623807639, 0.15432287445119236, 0.24672856448164904, -0.03454841704117169], [-0.5702044846296779, -0.5045021512749132, -0.4566742646642605, 0.3033399023149513, -0.377339194001373, 0.15347822614785728, 0.611706216903009, 0.24914425920482325, 0.07105301228604623, -0.20782661112689482, 0.2322419017808976, 0.08991439953359635, 0.651511464917373, 0.025668095482899708]], "inverted": false, "swapped": false, "error_lsq": 0.051673534910076334, "error_max": 0.2986861433549553, "target": "743.xyz", "model": "14.xyz", "model_rescale": 3.9786697098870705, "target_rescale": 3.917784877332714},
{"mapping": [0, 4, 6, 5, 7, 12, 2, 11, 10, 1, 9, 13], "R": [[-0.03435928274147293, 0.7181276350596253, -0.6950626874269408], [-0.3497964470652133, -0.6601248296309057, -0.6647387869872806], [-0.9361954311520886, 0.2202905106182232, 0.27387991094915587]], "T": [0.04953032537414276, -0.06531405122556166, -0.1572562345346541], "aligned_model": [[-0.23287254204805996, -0.6123220344574924, 0.7214691697646756, 0.6041179549086908, -0.007330610914937974, 0.28053806304841583, -0.532473166604879, 0.02141906701665473, 0.49291878027786584, 0.07649093902138454, -0.38388760740443556, 0.05528658415945403], [-0.5796906589048232, -0.16083685392683975, 0.15155705944981274, -0.5625821867828672, 0.5311354131306364, 0.62772138356192, -0.2650651083438474, 0.13542011611430982, 0.12514913829044483, -0.5830232547111763, 0.6121196797029027, -0.017230237356033115], [-0.44253784397114504, -0.18285446264423574, -0.46679960826805755, -0.22690931093852382, -0.5220313094450932, 0.07930417779916213, 0.422080827682341, 0.5368911867675219, 0.2811547025631147, 0.2617029524671294, 0.05728040988088354, -0.13731522801926704]], "inverted": true, "swapped": true, "error_lsq": 0.05076284954512763, "error_max": 0.3042202586320623, "target": "743.xyz", "model": "15.xyz", "model_rescale": 3.769337070930944, "target_rescale": 3.917784877332714},
{"mapping": [1, 4, 10, 11, 5, 0, 6, 8, 12, 9, 13], "R": [[-0.7959134121984812, -0.23974634186001342, 0.5559168389672255], [0.5995685349857796, -0.43940126116972045, 0.6689126277306068], [0.08390120462530135, 0.8657067767132245, 0.49346972005911627]], "T": [0.047475852352705135, -0.00693767634931608, -0.04712013946891812], "aligned_model": [[-0.25728880911368507, -0.27608033547871, -0.10004313396864412, -0.5671896543484555, 0.43429200736047785, 0.17292929482033997, 0.6512948840312182, 0.3198041428128204, -0.0761246131106999, -0.40943183723272947, 0.030464184919238562], [0.025015363777330157, -0.5840940483336787, 0.6258474318182728, 0.3733300564211983, 0.2230899112403616, -0.5560456266574919, 0.4633470875863672, -0.5365824267098708, 0.5429493209782095, -0.005454139610672051, 0.0246615671153161], [-0.6390441200467304, 0.05303143029817016, -0.10092398529353545, -0.024584444007901426, -0.6447447371040784, -0.37645608257254515, 0.04554488770689587, 0.31738322583027634, 0.47438799328392034, 0.6486001336058568, -0.008976694476551722]], "inverted": false, "swapped": true, "error_lsq": 0.04599364237515727, "error_max": 0.27927497920294436, "target": "743.xyz", "model": "16.xyz", "model_rescale": 3.7852294659196426, "target_rescale": 3.917784877332714},
{"mapping": [0, 11, 10, 1, 4, 9, 7, 12, 5, 3, 8, 6, 13], "R": [[0.3650954635805787, 0.8283575488936916, -0.42488713049905147], [0.6637625356507664, -0.5516294649404321, -0.5050982376488736], [-0.6527821985466115, -0.0976150838772796, -0.7512301223062641]], "T": [-0.02098220587921957, 0.01852728610552659, -0.053395528128340114], "aligned_model": [[0.011499076871710444, -0.3157288006555187, 0.17261166169215592, 0.09016537749967088, -0.5573431140948887, -0.7261295422647882, -0.20418288397145945, -0.15518851355854502, 0.6799252220326206, 0.5763162662349176, -0.24694462145022528, 0.5690466596031508, -0.04028093772251799], [0.04851889651176719, -0.49740601581905663, -0.3088395314465455, -0.5946606803175924, 0.04132926294218289, 0.1757301346587752, 0.6228224692389415, 0.11852278451276888, -0.19031338110948176, 0.4814674329797817, 0.6076842745792339, 0.3471469130573267, 0.02305306391477252], [-0.7043684463935137, 0.3587480926126664, 0.47615718829756026, -0.28987645120259864, -0.4529270879873396, 0.35994214792584744, 0.25207268309940667, 0.696012961747091, -0.2109040731064146, -0.35020903246434676, -0.3523670859156477, 0.3183934821293053, -0.004919681598842096]], "inverted": true, "swapped": true, "error_lsq": 0.04119694584157785, "error_max": 0.2196760106019457, "target": "743.xyz", "model": "17.xyz", "model_rescale": 3.901054581598922, "target_rescale": 3.917784877332714},
{"mapping": [7, 12, 11, 0, 6, 3, 2, 8, 1, 10, 13, 9, 5, 14], "R": [[0.14524057253174036, -0.4659647404028828, -0.8728012584729278], [0.2868432630567891, 0.8640992195292737, -0.41358612313257537], [0.9469034367503301, -0.19028767566548843, 0.2591611119752343]], "T": [0.023040698306947105, 0.13891550514711384, 0.052834128127483546], "aligned_model": [[-0.35929406038650086, 0.19975995595077092, 0.40572126271519976, -0.6478938465288328, -0.17565686350873214, -0.1790659436703058, -0.11189228245007926, -0.13930201742270348, -0.6151467191067763, 0.560346367408652, 0.40739549705417444, 0.6758072233908494, 0.42148589370784073, 0.05871324383710998], [-0.08814621850093085, -0.4216820472696129, 0.1702659351110984, -0.19579657550571647, 0.4376231594990152, -0.5964405782095259, -0.27784988875188377, 0.45513703392114013, 0.38397285646090745, 0.7435933956086049, -0.417955992941768, 0.05295268563055178, 0.12404817669921844, 0.11088165414666933], [-0.43903997135941386, -0.4015619461066609, -0.6466683558509013, 0.16824287177606223, -0.6067253926363594, 0.09538087244283756, 0.7541456132326012, 0.6132509725649187, -0.0826253280123745, -0.08178019082511111, 0.3167805651119625, 0.026454614770637833, 0.5335694355497556, 0.022087012216380226]], "inverted": true, "swapped": false, "error_lsq": 0.03548907492836525, "error_max": 0.2225992810119022, "target": "743.xyz", "model": "18.xyz", "model_rescale": 3.9405287249114394, "target_rescale": 3.917784877332714},
{"mapping": [13, 12, 4, 11, 7, 14, 10, 5, 9, 8, 1, 0, 6, 15], "R": [[-0.5166352324568151, -0.7035957911462474, -0.4878944550469693], [-0.13122266733854704, 0.6281680392392807, -0.7669325433536086], [0.846090212779258, -0.3322015610432377, -0.41686145741671327]], "T": [0.06898833961129944, -0.06616378180681115, -0.01165159140042384], "aligned_model": [[-0.4759752587161721, 0.24287257789653016, 0.442679530399409, -0.6093959449247057, -0.07185234155679351, -0.3873378856754951, -0.2626289950442299, -0.11148760132626254, -0.465897988068564, 0.3228558826173614, 0.6229842869749027, 0.6971097842818178, 0.49438592632848877, 0.06266573780437977], [-0.18215650311809123, -0.49670191792357093, 0.06977530971327728, -0.052235576551697194, 0.4559723349808056, -0.6918387426650324, -0.4492345715467987, 0.5293219241730102, 0.48194023573025335, 0.640142714995818, -0.2650798886876199, 0.1984714641209694, 0.3121833880702327, -0.06995657539378852], [-0.38700503879733394, -0.30240964758195826, -0.6252805394953913, 0.23086432455718914, -0.46238801883379504, -0.01766670127095867, 0.5893398813764128, 0.5397900206268906, -0.06153595144858104, 0.0829769387499487, 0.28674461619532454, -0.10168433718613933, 0.4722634505784784, 0.027501775404247763]], "inverted": false, "swapped": false, "error_lsq": 0.03967450952546305, "error_max": 0.24473523118445503, "target": "743.xyz", "model": "19.xyz", "model_rescale": 4.410303926677745, "target_rescale": 3.917784877332714},
{"mapping": [1, 0, 2, 5, 7, 3, 10, 9, 8, 12, 6, 4, 11, 13], "R": [[-0.09647078372318835, -0.9625031703641456, 0.2535370484304075], [-0.8530949116600106, -0.051267905873167874, -0.5192308480119214], [0.512759650896629, -0.266381772774244, -0.8161607020348496]], "T": [0.06358499929522285, -0.014897202669628233, -0.02089079564463295], "aligned_model": [[-0.3792767344357777, 0.13113348004215203, 0.4157948051186431, -0.6975353469048177, -0.0846888353765482, -0.042045294530060104, -0.2956743428220191, -0.07736013861818347, -0.5498461873196467, 0.2788628719251627, 0.4813465240216528, 0.759264085232496, 0.5585913074177581, 0.0024115172398551515], [0.00397788137977801, -0.5685996614780396, 0.020550435047439704, -0.22451068185397308, 0.5142894708994469, -0.7247964072945191, -0.08981802057535637, 0.4632647113187687, 0.43274185600227444, 0.7066720427971495, -0.355723897710914, 0.08892825741906629, 0.19494352534130363, 0.018684084605342974], [-0.626396458022199, -0.4703462020878581, -0.5806232722941482, 0.2544793750582692, -0.47347172700425, 0.08326320572707979, 0.714264704336871, 0.4538221480362173, 0.09902181356260106, 0.03967486162912384, 0.19316129050269146, -0.039445531985886115, 0.6100362589983108, 0.014070306417511117]], "inverted": true, "swapped": false, "error_lsq": 0.03758332946117538, "error_max": 0.210280769842517, "target": "743.xyz", "model": "20.xyz", "model_rescale": 4.121658175737393, "target_rescale": 3.917784877332714},
{"mapping": [2, 9, 12, 11, 10, 4, 7, 1, 8, 3, 6, 5, 13], "R": [[-0.6665253459317505, 0.7450898251513653, -0.0241891646500757], [-0.0628428303827917, -0.08848948164016784, -0.9940927473372565], [-0.7428288779389506, -0.6610678967360029, 0.10580403586346532]], "T": [0.049094105617582345, -0.09966885793843544, -0.0484962785706515], "aligned_model": [[0.21578967335683186, -0.1967272736397306, 0.19860033432233498, 0.5267158037044262, 0.6003578113356512, -0.3281570523518519, -0.41337707495095777, 0.517620122051536, -0.6470796614240529, -0.22384182831358626, 0.1407844551242331, 0.4340771204026115, 0.0563204750468493], [-0.7490780095587204, 0.07961368258088891, 0.5043499530251434, -0.13026339245462032, 0.21853212192532417, -0.5811906623564713, 0.3915907765371398, -0.5640105666087606, -0.11147169147142683, 0.09446782147114738, 0.5562093992617538, -0.1028730520769414, -0.06504947611127375], [0.46603294571284604, 0.7262444239974809, 0.4014289163236012, 0.49359834348246523, 0.09267794514313618, 0.222883044543107, 0.14341610654518241, -0.1441343669496776, -0.10095332659580127, -0.7880868588317862, -0.4431715641005459, -0.6899574231405033, -0.009868446647715523]], "inverted": true, "swapped": true, "error_lsq": 0.04602476203376708, "error_max": 0.2537553687557559, "target": "743.xyz", "model": "21.xyz", "model_rescale": 4.08911054899281, "target_rescale": 3.917784877332714},
{"mapping": [11, 14, 9, 1, 5, 2, 0, 6, 8, 10, 13, 12, 7, 16], "R": [[-0.9819238589582331, -0.15702469589928775, 0.10568244928231119], [0.18730643712768508, -0.7257854514506632, 0.6619303415564886], [-0.027236626426645233, 0.6697601983846855, 0.7420777875941322]], "T": [0.019276186692786725, -0.07607789705880522, -0.003068487083348028], "aligned_model": [[-0.5639098301652353, 0.3920366851064848, 0.3608629298201278, -0.738671383801374, -0.03504477818496458, -0.2690784756605275, -0.15567181482522202, -0.14469278853368464, -0.5397445035118683, 0.43588549272429217, 0.536978757178034, 0.7481014175079046, 0.4413234352349402, 0.03260256810175968], [0.056612313626256267, -0.42774292080766163, 0.1828874449269656, -0.2641965247950595, 0.5057237587565591, -0.7353179721893804, -0.09622122439449873, 0.484983379212824, 0.33369011693982653, 0.6134133584309376, -0.29546333566401184, -0.036048522874355296, 0.247529046766247, -0.08924532203688033], [-0.48075081665821945, -0.3893377038754076, -0.5721054455775808, 0.13879498089437742, -0.3983976158019617, 0.05615938991889022, 0.751296703860651, 0.45941237520502826, 0.015587897528933223, -0.04969362993634516, 0.34418364591111855, -0.11343577464527217, 0.4691082318637437, 0.04068853418637884]], "inverted": true, "swapped": false, "error_lsq": 0.035734084828933865, "error_max": 0.1887626727889402, "target": "743.xyz", "model": "22.xyz", "model_rescale": 4.204369325754507, "target_rescale": 3.917784877332714},
{"mapping": [13, 12, 4, 11, 7, 14, 10, 5, 9, 8, 1, 0, 6, 15], "R": [[-0.5166352324568151, -0.7035957911462474, -0.4878944550469693], [-0.13122266733854704, 0.6281680392392807, -0.7669325433536086], [0.846090212779258, -0.3322015610432377, -0.41686145741671327]], "T": [0.06898833961129944, -0.06616378180681115, -0.01165159140042384], "aligned_model": [[-0.4759752587161721, 0.24287257789653016, 0.442679530399409, -0.6093959449247057, -0.07185234155679351, -0.3873378856754951, -0.2626289950442299, -0.11148760132626254, -0.465897988068564, 0.3228558826173614, 0.6229842869749027, 0.6971097842818178, 0.49438592632848877, 0.06266573780437977], [-0.18215650311809123, -0.49670191792357093, 0.06977530971327728, -0.052235576551697194, 0.4559723349808056, -0.6918387426650324, -0.4492345715467987, 0.5293219241730102, 0.48194023573025335, 0.640142714995818, -0.2650798886876199, 0.1984714641209694, 0.3121833880702327, -0.06995657539378852], [-0.38700503879733394, -0.30240964758195826, -0.6252805394953913, 0.23086432455718914, -0.46238801883379504, -0.01766670127095867, 0.5893398813764128, 0.5397900206268906, -0.06153595144858104, 0.0829769387499487, 0.28674461619532454, -0.10168433718613933, 0.4722634505784784, 0.027501775404247763]], "inverted": false, "swapped": false, "error_lsq": 0.03967450952546305, "error_max": 0.24473523118445503, "target": "743.xyz", "model": "23.xyz", "model_rescale": 4.410303926677745, "target_rescale": 3.917784877332714},
{"mapping": [7, 11, 14, 0, 13, 1, 3, 5, 12, 15, 10, 9, 8, 16], "R": [[0.4330513126078722, -0.37454291554613917, 0.8198683827681106], [-0.7756735285149717, 0.30845813387913634, 0.5506216094605574], [-0.45912649434522157, -0.8743976121067571, -0.15694482512102398]], "T": [0.050994115716050066, 0.07748369451474979, 0.0008858695485708667], "aligned_model": [[-0.3998845470834177, 0.32482916271513623, 0.4044268220643718, -0.661001924730894, -0.2172398377234505, -0.21775215669102777, -0.24750799753643754, -0.12041545329666986, -0.6349411127736999, 0.504254984121983, 0.44282333434080456, 0.6760541833531601, 0.6469833390355322, 0.000348915195275884], [-0.23876221421135463, -0.33313739157674005, 0.31778842432134935, -0.012314159334719132, 0.3411475655098997, -0.7366226879684669, -0.397780067500622, 0.5830092080338407, 0.4916297172999762, 0.6287043096494053, -0.35107304511789156, 0.05995020122129652, 0.12693664668437188, 0.001127088887422481], [-0.37144174603810876, -0.3955055749892955, -0.52398454201081, 0.23622348855171857, -0.5930152444285001, 0.03751357269426002, 0.7039305548516152, 0.33354898481695405, -0.06354835203895959, 0.0058466615439031755, 0.2951526373341463, -0.03669700004389005, 0.5648521083104348, 0.07863522432086623]], "inverted": false, "swapped": false, "error_lsq": 0.04327096904770093, "error_max": 0.26410762886259376, "target": "743.xyz", "model": "24.xyz", "model_rescale": 4.28219845311461, "target_rescale": 3.917784877332714},
{"mapping": [2, 13, 7, 6, 4, 14, 10, 1, 0, 3, 11, 9, 5, 15], "R": [[-0.31633328785749815, 0.8011616833968105, -0.508009062960548], [0.0961748989214285, 0.5598335449361668, 0.8230047331465706], [0.9437603720281533, 0.21148607287713722, -0.25414562984298583]], "T": [0.09357683141454945, -0.006224843034135612, -0.0013356168383598446], "aligned_model": [[-0.44850933637364543, 0.17799586908968446, 0.5348485908882658, -0.718021727891797, -0.10642523385865349, -0.21459622229503786, -0.136305881820438, 0.015414947958835273, -0.6208946656366597, 0.4080965736888179, 0.33974755524613653, 0.7688766037438061, 0.4708037733498208, 0.02994686490153102], [-0.22808112588179275, -0.29709576366924106, 0.20108209274711705, -0.11223304370062887, 0.5005263933962447, -0.6978873191110664, -0.43896963555134905, 0.555738351460427, 0.3778438980003053, 0.6988975620420685, -0.37680463587344304, 0.022781000945562298, 0.24566614473772996, 0.029139676355833886], [-0.3558809606826258, -0.5123972477048286, -0.6078412428783688, 0.37584759445866617, -0.4890352490798105, 0.0809869988214088, 0.6228363959376317, 0.2952541450462891, -0.08837499928923503, -0.06398599943177777, 0.3125874041652023, -0.0029363622738369025, 0.7194496809248635, -0.014999385139244176]], "inverted": true, "swapped": false, "error_lsq": 0.04135939540829679, "error_max": 0.22439801854617045, "target": "743.xyz", "model": "25.xyz", "model_rescale": 4.100010024507729, "target_rescale": 3.917784877332714},
{"mapping": [1, 5, 3, 6, 4, 8, 0, 7, 10, 9, 11, 13], "R": [[-0.4114124767411466, 0.17473347934874575, 0.8945434506922498], [-0.09192088261143441, 0.9684934751008565, -0.23145396956414915], [-0.9068022526006709, -0.17745027439186628, -0.3823886436553798]], "T": [-0.05662748035107568, 0.05352545643551148, -0.05390541259482888], "aligned_model": [[-0.6168276462334654, -0.02415111741917341, 0.4290591918301148, 0.5970875223694486, -0.41269418019826554, 0.21441120085889803, -0.2932077473155718, 0.49749875180979797, -0.028177385547410623, -0.0255720567052772, -0.42069416739784227, -0.039966763688246296], [-0.3032150510575543, -0.6321428720421651, -0.20154842970435494, -0.35266146831245154, 0.5851504150626791, 0.5729296560607573, 0.130416057451729, 0.45887233426404794, -0.34471410883328224, 0.682521473440017, 0.004854827094678181, 0.06566855662653873], [0.002561204924497712, 0.24358209588116736, 0.5446119804766907, -0.09885946525541518, 0.14210435746155253, 0.32597124289149776, 0.5492843448587892, -0.19772478663127213, -0.5693368231914763, -0.5981416731521737, -0.6768112710573198, -0.10204891735218158]], "inverted": false, "swapped": true, "error_lsq": 0.03761816573898967, "error_max": 0.17229193116204292, "target": "743.xyz", "model": "26.xyz", "model_rescale": 3.6694154284099745, "target_rescale": 3.917784877332714},
{"mapping": [6, 2, 11, 1, 12, 0, 5, 7, 3, 9, 8, 10, 8, 13], "R": [[-0.37898027286671077, 0.5266818737316914, 0.7609074560420264], [0.9166006814609722, 0.326789837264419, 0.23032931425673092], [-0.12734654892518615, 0.7847385591030744, -0.6066038660721474]], "T": [0.08592667728480113, -0.005964402437569308, 0.051548488341877516], "aligned_model": [[-0.47663773399709825, 0.10954109171102355, 0.4612372415263565, -0.7369417530690177, -0.08576205429075578, -0.10184781505176357, -0.24493695822307104, -0.19061870649971296, -0.3851254840752695, 0.36056939967787643, 0.5144557949578796, 0.6747468850868723, 0.5144557949578796, 0.0878420082794678], [-0.04199622071548087, -0.4058572495400155, 0.1638702311531483, -0.28997853494398623, 0.36746336849555217, -0.6383743747911307, -0.3410996157603949, 0.3600355953382752, 0.6483731903524541, 0.6156125364013819, 0.059059435387152096, -0.03425079394885906, 0.059059435387152096, -0.0413134069174805], [-0.34013176777914406, -0.4976852656016406, -0.7010959475287291, 0.1994341622911111, -0.6272795404720084, 0.09316230850603156, 0.6873095623395926, 0.4824721208500068, -0.001209414130699818, -0.0039224014154667225, 0.5211141261934205, -0.06837383164832507, 0.5211141261934205, 0.006602535076765455]], "inverted": false, "swapped": false, "error_lsq": 0.044127889325110345, "error_max": 0.4054810097404923, "target": "743.xyz", "model": "27.xyz", "model_rescale": 4.103607728864725, "target_rescale": 3.917784877332714},
