[{"mapping": [5, 0, 2, 1, 7, 8, 6, 9, 10, 3, 11], "R": [[0.5680238468540897, -0.6833831834247772, -0.458624393177357], [-0.3747517577758879, -0.7108942855322058, 0.5951390046380232], [-0.7327414478852441, -0.16618284932528943, -0.6599039559975104]], "T": [-0.023940896123270147, 0.17061268587714162, 0.0038637199330275873], "aligned_model": [[-0.05661117014181273, -0.3144410464292979, -0.7679722489310323, -0.6187734893468108, 0.061822920173730686, -0.26967176193008424, -0.17124091158068455, 0.3594306578235174, 0.5680506442608029, 0.4899063961290639, -0.048315849538919445], [-0.4560490599273578, 0.1372877276149489, 0.4590490425270708, -0.21356386867350652, -0.7624467020143494, 0.5228727677346634, -0.1689536162045575, 0.2166334382965202, -0.13028449528543407, 0.6288332470868352, 0.14382390262568168], [-0.5391961681739094, -0.5413798071541811, -0.10555318821187126, 0.025383954399811847, 0.1404216063685701, 0.4714454422135028, 0.6268821140368953, 0.473187452977868, -0.14024821033984453, -0.001370047022328385, -0.05546990144636882]], "inverted": true, "swapped": false, "error_lsq": 0.048101783760476226, "error_max": 0.22909179092623128, "target": "744.xyz", "model": "0.xyz", "model_rescale": 3.751011558992144, "target_rescale": 3.5406475606397474},
{"mapping": [12, 3, 2, 13, 9, 8, 5, 4, 6, 1, 14], "R": [[-0.5267974486555831, 0.808692157933774, -0.2617278009428584], [0.3211585005680424, 0.4744658585423931, 0.8195970757576656], [0.7869826336094432, 0.3477055403269353, -0.5096657646174587]], "T": [0.03475190591116441, 0.027473621144370165, 0.03504103075884847], "aligned_model": [[-0.04529346466932292, -0.4327926867202826, -0.7135934894570789, -0.6071408730871336, -0.14943201030596842, -0.12512150810187372, -0.4109986315294887, 0.49882937477372413, 0.7506087014476385, 0.4366231912561458, 0.030495536882114094], [-0.41489749430975337, 0.10547822227249345, 0.3784655228227303, -0.2928622836031059, -0.578615043823554, 0.4623758375549905, -0.12457887129658546, 0.3143413546536634, -0.028122316934331988, 0.5775632852957563, -0.021945828851787863], [-0.556461833932201, -0.5638940455363303, 0.05788739098239963, -0.07836428966324177, 0.21648644001081463, 0.5101397634374554, 0.44525139741171893, 0.6076778932425426, -0.1844672497763984, -0.11188201319554285, 0.011729794666927758]], "inverted": true, "swapped": false, "error_lsq": 0.04087192357798371, "error_max": 0.24045101914713335, "target": "744.xyz", "model": "1.xyz", "model_rescale": 3.9405287249114394, "target_rescale": 3.5406475606397474},
{"mapping": [5, 11, 6, 0, 2, 7, 1, 4, 8, 3, 12], "R": [[-0.1759743002225359, 0.8882168895452629, 0.4243863838387464], [-0.6794846721230117, 0.20233930545697565, -0.7052371131875241], [-0.7122735612186323, -0.4124676503602769, 0.5679232442814788]], "T": [-0.012239590575289339, 0.07019468490190063, -0.015393243125974322], "aligned_model": [[-0.2137927222288094, -0.24265597371688047, -0.46473506405674775, -0.785804383251162, -0.02230158091155829, -0.20951473944712926, -0.24967943431236947, 0.4519801703491205, 0.7534439314863808, 0.19949793942936686, 0.01574599714826167], [-0.48128298590428, 0.12960430445543786, 0.35844997164513054, -0.25284246590597276, -0.6056006574453976, 0.6673090025635584, -0.23920687591861278, 0.14825032716792214, 0.05935231464881467, 0.6001790688377251, -0.007009620363810767], [-0.4435579241770832, -0.6869534239896362, -0.10206751573782225, -0.028603050321564252, 0.07044986454017282, 0.4677701458401057, 0.6738957580384192, 0.5043211516722966, -0.13497985257826062, 0.01752255460981205, 0.016305539751704755]], "inverted": true, "swapped": false, "error_lsq": 0.04708922896141539, "error_max": 0.24800857383713187, "target": "744.xyz", "model": "2.xyz", "model_rescale": 3.932901565614263, "target_rescale": 3.5406475606397474},
{"mapping": [8, 9, 5, 7, 3, 6, 0, 1, 11, 10, 13], "R": [[0.7665659222289082, 0.6419945822290001, -0.014820366593146547], [0.6285169258728263, -0.745340447849025, 0.22233778511892072], [0.1316934347973201, -0.17975142054745102, -0.9748570490294758]], "T": [-0.10161956798725208, 0.009986120055420787, 0.10470725605686673], "aligned_model": [[0.019566384939673748, -0.4092764646262747, -0.625034429678283, -0.7104844924764095, 0.052306253649763684, -0.20025853806521499, -0.20371021875869488, 0.3730803288922227, 0.6751338230440496, 0.3747799212879234, -0.11391842772028254], [-0.4390577046039552, 0.11543976740779388, 0.466119173369026, -0.29409509152265945, -0.4752237931733838, 0.6547974430066228, -0.3128895893054104, 0.08374167778460431, -0.07881660764480888, 0.5383699963844962, 0.11881711207818937], [-0.4631486533782482, -0.5540944603945801, -0.08178458261290855, -0.11107195480266394, 0.1442503922385675, 0.3076382099738033, 0.6828760069184213, 0.6686121651672828, -0.32712250605061144, 0.02104456332560925, 0.06690406726347257]], "inverted": false, "swapped": false, "error_lsq": 0.04690046272536663, "error_max": 0.25380594426873365, "target": "744.xyz", "model": "3.xyz", "model_rescale": 3.9243930471874484, "target_rescale": 3.5406475606397474},
{"mapping": [3, 4, 8, 10, 6, 9, 11, 5, 0, 1, 12], "R": [[0.3214295335745251, 0.627926621204771, 0.7087956075826258], [0.13113686541331335, -0.7708219398597683, 0.6234072982893244], [0.9378092436501329, -0.10743228291898194, -0.3301092654125025]], "T": [-0.1348038010589733, 0.08694570650203784, -0.020581136151185543], "aligned_model": [[0.03990538819456413, -0.3134721333702195, -0.6251624189555666, -0.7404134017254868, 0.05728186666661195, -0.35325116690846103, -0.364096526435463, 0.520592972490098, 0.6705442083777707, 0.35974397826400917, -0.019488626109383844], [-0.4298602227105376, 0.12622589813182228, 0.469545287881606, -0.2734375067274162, -0.5606467007530306, 0.5384137071860639, -0.11908161983881113, -0.06728537485770728, 0.01754582724383205, 0.5978106441734008, 0.07797244405129242], [-0.4147152517587695, -0.5852951903544804, -0.11806116025330371, -0.04268703404908803, 0.23484729816401054, 0.4755486699365592, 0.7081929497477171, 0.3262487105156698, -0.28500616109363086, 0.04724075859694137, 0.007789658196518997]], "inverted": true, "swapped": false, "error_lsq": 0.04881123658522559, "error_max": 0.32155405489302, "target": "744.xyz", "model": "4.xyz", "model_rescale": 3.8936222436046832, "target_rescale": 3.5406475606397474},
{"mapping": [3, 2, 4, 10, 8, 5, 7, 6, 9, 1, 11], "R": [[-0.2537941075899991, 0.9343402270655656, -0.2501937070344959], [0.9585300469108216, 0.27761506766330013, 0.0644206750619673], [0.12964837107242902, -0.2234685980028704, -0.9660502500309688]], "T": [-0.028768752449484153, -0.049415659402806546, -0.009004154749534622], "aligned_model": [[-0.00011653581998473383, -0.3990301722809083, -0.6469905384488313, -0.6093180066779167, 0.07372692720011001, -0.1488678423217749, -0.24474586228779882, 0.3916334762059326, 0.5667949753485576, 0.31710886134833094, -0.06801114177724343], [-0.3821111656351165, 0.21140435119761772, 0.44896986917166976, -0.2936439715748263, -0.7766564814876331, 0.5983919880857119, -0.1949936044438821, 0.22982632187843235, -0.21101062601186663, 0.6397311720440326, 0.10729453055637506], [-0.4767378214191811, -0.6023319460916686, -0.002816495243064328, -0.06175350956532078, 0.07148341371527395, 0.4633223398642039, 0.5842145884907319, 0.6073516760328165, -0.044030669266030144, -0.22935407678573494, 0.04475574791611818]], "inverted": true, "swapped": false, "error_lsq": 0.03898185216304497, "error_max": 0.23341674695318712, "target": "744.xyz", "model": "5.xyz", "model_rescale": 3.6523030999806103, "target_rescale": 3.5406475606397474},
{"mapping": [8, 6, 2, 1, 5, 4, 3, 11, 9, 10, 12], "R": [[-0.02497489734755355, -0.16884199312623288, -0.9853266645431049], [0.44598282612955403, 0.8802332905296567, -0.1621378211301397], [0.8946930050581459, -0.4434881459526221, 0.0533168931909066]], "T": [-0.06581870780290817, -0.040859777261275106, 0.03653689101486355], "aligned_model": [[0.11880430317985276, -0.2415050195798678, -0.6447873729408201, -0.7353778656693721, -0.11413232053081408, -0.11664168535764702, -0.3339603134804795, 0.5146408231587876, 0.6364359395033151, 0.22851248925927747, -0.07980483705375895], [-0.4040709060243167, 0.16534449797384773, 0.44719019841445085, -0.19986622732629838, -0.7201927430324865, 0.4478718882980086, -0.11338864272899754, 0.27342136807483347, -0.02618990350923065, 0.6210220410416122, -0.11393918740090811], [-0.49983529546093364, -0.554427218556163, 0.08958536168524096, -0.05717729653597294, 0.027816430682257864, 0.33266184092458734, 0.6733102776498568, 0.6186563785283211, -0.13459487202622947, -0.2532123914743216, 0.11132003223150128]], "inverted": false, "swapped": false, "error_lsq": 0.043365176229536374, "error_max": 0.23374453612491217, "target": "744.xyz", "model": "6.xyz", "model_rescale": 4.08911054899281, "target_rescale": 3.5406475606397474},
{"mapping": [7, 2, 1, 13, 12, 9, 11, 8, 4, 3, 14], "R": [[-0.7651618678538639, 0.432282544596365, -0.4771363721407936], [-0.291906851963, -0.8934595167731225, -0.3413509655246188], [-0.5738620964652025, -0.12190936602587171, 0.8098273894576131]], "T": [0.006764622956240307, -0.02925530930478997, 0.024107850041545746], "aligned_model": [[-0.016864912498843893, -0.4570198280824194, -0.6050648010687276, -0.6162206015253515, -0.18005616970660368, -0.11640788454532296, -0.2953462731040692, 0.4425542299273728, 0.7064927540200137, 0.4288914251124158, -0.05877379803999036], [-0.4232433198690489, 0.1401702129677092, 0.37498456260195057, -0.39626774529820924, -0.6908407560662265, 0.5953653135267, -0.14443998251118847, 0.21135008645695563, 0.007972436933581135, 0.6251951274672182, 0.0769564475710734], [-0.6418531526630008, -0.613339025132154, 0.038283205892209675, -0.09028535017341571, 0.2122689673678787, 0.48152988584346174, 0.5139982056285165, 0.4903110624621203, -0.05233904139469959, -0.11715440597931104, 0.13268289579653877]], "inverted": false, "swapped": false, "error_lsq": 0.03660565774931189, "error_max": 0.17819926143149678, "target": "744.xyz", "model": "7.xyz", "model_rescale": 3.964800864290218, "target_rescale": 3.5406475606397474},
{"mapping": [1, 5, 10, 8, 7, 11, 12, 4, 0, 6, 13], "R": [[-0.07594158221663799, 0.4038411697492403, -0.9116716435789802], [-0.8255084506216841, 0.48735262953476755, 0.2846457665902201], [0.559257252114463, 0.7742090958527375, 0.2963639685526347]], "T": [0.029003536317092057, 0.0524404638217105, 0.00278237286798947], "aligned_model": [[0.10980012353284906, -0.49327837108468175, -0.5915761448258464, -0.6500170365466901, -0.06520173357968771, -0.15339324691662098, -0.24870240400152294, 0.4124803309274858, 0.6254652088052893, 0.333341332022384, -0.046733917844484926], [-0.5736786230938139, 0.13864065507147455, 0.5556845014305175, -0.2859019200489865, -0.6313103188222128, 0.5935181440674606, -0.2151692207967911, 0.20340858984257607, 0.015125552363146527, 0.534240812855915, 0.04264421091122933], [-0.40288583104593734, -0.6444130065945418, -0.1889474134745244, -0.12176911974336305, 0.17732004593374853, 0.6036980756912322, 0.6523510025744349, 0.5730871755261191, -0.3921865412988921, 0.11119248749896507, -0.013343627419096712]], "inverted": false, "swapped": false, "error_lsq": 0.04834020372538161, "error_max": 0.2681701953741462, "target": "744.xyz", "model": "8.xyz", "model_rescale": 4.121658175737393, "target_rescale": 3.5406475606397474},
{"mapping": [4, 5, 10, 0, 1, 11, 2, 8, 9, 7, 12], "R": [[-0.4355814953108832, 0.8194026803149365, -0.3726231453297467], [-0.3384836499916951, -0.5326748349008525, -0.775684432583025], [-0.8340848755558603, -0.21174694273128952, 0.5093777111465689]], "T": [-0.04630611190937086, 0.08668590095479668, 0.10280241337568055], "aligned_model": [[0.0011936007986898603, -0.23756178119620822, -0.6674786311910681, -0.6457323248086628, -0.09649734768405113, -0.13152464685571832, -0.258843332535979, 0.38145697236673604, 0.5930501815988228, 0.3444267251773406, -0.05030527518142869], [-0.5559683832185744, 0.22505640043531616, 0.4842601612980864, -0.3631583509006064, -0.5978218117163034, 0.6447220904108859, -0.2562328208058807, 0.19390535163041364, -0.011690387177156633, 0.6152099503736138, -0.0010798165492797163], [-0.5078260874699554, -0.46815536099553523, -0.07764214707733094, -0.13626370192329612, 0.1649453683965035, 0.3932597890996067, 0.6681174856789277, 0.6825230968558467, -0.42134971427409895, -0.04951662522852812, 0.10601114458600427]], "inverted": true, "swapped": false, "error_lsq": 0.04694637296696929, "error_max": 0.2909799700354072, "target": "744.xyz", "model": "9.xyz", "model_rescale": 3.833441315466971, "target_rescale": 3.5406475606397474},
{"mapping": [2, 3, 6, 5, 13, 12, 0, 10, 8, 11, 14], "R": [[-0.5753050309193982, -0.32540924066174876, -0.7504218463576169], [-0.5695534246347915, -0.4991041099205208, 0.6530727248532324], [-0.5870545271826215, 0.8031213566780484, 0.10179915796311784]], "T": [-0.14276226545800375, 0.1462319268323243, 0.014378900414976477], "aligned_model": [[-0.07882299087964811, -0.3045108327195757, -0.6862949336292632, -0.572117361442673, -0.07532225256094693, -0.19636834113790397, -0.19489605911472385, 0.5016585110576506, 0.6104019597099061, 0.34747227906068, -0.11901583785502876], [-0.4375863110652368, 0.08897733347946986, 0.5524294091470716, -0.37634725083690657, -0.6342996012508377, 0.5811208150346889, -0.2163660711719008, 0.07290760918221278, -0.0024890365908429024, 0.6202756012630548, 0.12857988658974193], [-0.40001015493303227, -0.8370206311073636, 0.042758682597151355, 0.015016148841118265, 0.16239552023607537, 0.4279222486616685, 0.5885110464457949, 0.5194527076510842, -0.12047319390486408, 0.03140144829538802, -0.07585057513487611]], "inverted": true, "swapped": false, "error_lsq": 0.04521230146494062, "error_max": 0.2213336019071379, "target": "744.xyz", "model": "10.xyz", "model_rescale": 4.2482417240324, "target_rescale": 3.5406475606397474},
{"mapping": [4, 9, 7, 5, 6, 3, 2, 1, 0, 8, 11], "R": [[-0.7137996299007351, -0.6907226612717938, -0.11572507748618899], [0.4771678747362178, -0.3586948364563573, -0.8022772797601015], [0.5126411100109849, -0.6278855146482979, 0.5856269058210589]], "T": [-0.013768947924313421, 0.04901653252346919, 0.050756970392044326], "aligned_model": [[-0.1008542157855892, -0.32517121417805095, -0.595913254815982, -0.6070255348876136, -0.01596804333792355, -0.22500310349119867, -0.2425659417562686, 0.5263042368901129, 0.6943924830672066, 0.18434910487949913, -0.06036037609571883], [-0.574276582094617, 0.2935900248211024, 0.388395352931127, -0.35834706112358006, -0.5874584999651591, 0.666979558307031, -0.10671262482313751, 0.16382942391565536, -0.15769991863135074, 0.6287897393111996, 0.02011297113224373], [-0.5573231473749001, -0.6721007871068165, -0.016222645221045773, -0.16438878233653703, 0.17476033785010078, 0.5319777687145141, 0.7371662153401681, 0.49153526928250724, -0.12133362322611893, 0.012415155110144377, -0.06238251338387199]], "inverted": false, "swapped": false, "error_lsq": 0.03958335335041375, "error_max": 0.19924203842799743, "target": "744.xyz", "model": "11.xyz", "model_rescale": 3.6694154284099745, "target_rescale": 3.5406475606397474},
{"mapping": [8, 9, 7, 10, 2, 5, 12, 0, 4, 6, 13], "R": [[0.7192838170433444, -0.25662190089249043, -0.6455819007080986], [-0.04207512558815352, -0.9436600129282207, 0.3282308087414272], [-0.6934410388391342, -0.2089281694330256, -0.6895567747989046]], "T": [-0.00498422848183297, 0.019227420527014608, 0.01677470554983935], "aligned_model": [[-0.010669286798298927, -0.45687394478467225, -0.5960695465822521, -0.6010315780302882, -0.08422090406913046, -0.19154611529308468, -0.3182703144049389, 0.4641504606977137, 0.7211140891316337, 0.21587666591500038, 0.08972461470679086], [-0.4591421264273719, 0.05293760175576516, 0.46173123209731476, -0.19921417260549756, -0.6278831909219017, 0.6203361454149569, -0.17320783887417524, 0.19675930124636087, -0.04546467720411053, 0.5384502231986291, 0.0118998861005454], [-0.5695085945446482, -0.6460567774617576, -0.06673482648948359, -0.006454904744650818, 0.052593404359256975, 0.5152060004438294, 0.5882543636065946, 0.5258257237809398, -0.1107980791666976, -0.021734773357754394, 0.09351171122251636]], "inverted": false, "swapped": false, "error_lsq": 0.03633396244858297, "error_max": 0.1998811808331883, "target": "744.xyz", "model": "12.xyz", "model_rescale": 3.9764082729961374, "target_rescale": 3.5406475606397474},
{"mapping": [13, 14, 3, 11, 1, 7, 2, 0, 5, 4, 15], "R": [[-0.7354137976459449, 0.1462057988249693, 0.6616573211428421], [0.09722172432241989, -0.9435768911913696, 0.3165605577601326], [0.6706075473417704, 0.2971304676393578, 0.6797050850542992]], "T": [-0.007193479125451763, -0.10983051068143276, -0.024844796904227973], "aligned_model": [[-0.07448720461176306, -0.43529508321536853, -0.6875099667813557, -0.7353223733119736, -0.06765344996890565, -0.09971687867299422, -0.16336779408443736, 0.3918181219829023, 0.8129013124437716, 0.3237807028621181, -0.032963246153520295], [-0.36770792651669726, 0.14876171579655664, 0.38571646597874154, -0.26579735833966767, -0.5876794571031, 0.4761454641935592, -0.11060219301310262, 0.16306447919482617, 0.014361555237236742, 0.5275931461828103, -0.006653507830648428], [-0.5757089717233916, -0.6482765225613891, -0.018053783717189575, -0.3006116452230142, 0.3890725313031171, 0.4432420287258669, 0.7573754417495606, 0.5168433054052521, -0.14668390983026358, -0.02154414443799446, -0.041551082042409454]], "inverted": true, "swapped": false, "error_lsq": 0.04198575310737482, "error_max": 0.2183799065659078, "target": "744.xyz", "model": "13.xyz", "model_rescale": 4.170626492500431, "target_rescale": 3.5406475606397474},
{"mapping": [0, 8, 12, 4, 2, 11, 6, 3, 1, 9, 13], "R": [[-0.2927972506129789, -0.9561173389499479, 0.010459645919017324], [-0.00974747821624411, 0.013923154997234066, 0.9998555557796072], [-0.9561248645976657, 0.2926530025716356, -0.013396394436636316]], "T": [-0.0831563640649667, 0.02736764877556634, -0.03278526170103722], "aligned_model": [[0.18756449827873617, -0.5039383084623907, -0.7021600882804011, -0.6879286398114094, -0.06692732944534277, -0.03755114033049716, -0.30405963601281527, 0.3800111892912334, 0.6518668059421114, 0.42717475925924814, -0.11186796993999942], [-0.3745362535272943, 0.08134340393148587, 0.41000948017916794, -0.3270478502212786, -0.6044745191381014, 0.5348498236665488, -0.06378737400638743, -0.055917297926860635, 0.043621043071810486, 0.656358705336621, 0.07678322241480323], [-0.3806959895228408, -0.6423633665648807, -0.11105236496730797, -0.14096695678993346, 0.15009245842313781, 0.45715520087293, 0.7736772441195643, 0.47121180138632723, -0.2570423387843319, -0.01733101319999663, 0.05141857267547648]], "inverted": false, "swapped": false, "error_lsq": 0.047527527074390966, "error_max": 0.24702421024309157, "target": "744.xyz", "model": "14.xyz", "model_rescale": 3.9786697098870705, "target_rescale": 3.5406475606397474},
{"mapping": [8, 9, 6, 7, 5, 1, 10, 4, 2, 0, 11], "R": [[0.48594217446437915, 0.08842924660780721, -0.8695058777381592], [-0.5897033546763633, -0.7011076721445714, -0.40087153246827545], [-0.6450660094597098, 0.70755091718151, -0.2885507633594647]], "T": [-0.08249464949310154, 0.05947434827116243, -0.0241490091522674], "aligned_model": [[0.0393049792641795, -0.2689398409186612, -0.7775259581111085, -0.6069515193082735, 0.1407837175794141, -0.24654000012520333, -0.3237284289218869, 0.3250344326690424, 0.7395993431450596, 0.36571500601836315, -0.1545675908024524], [-0.32715593754260486, 0.30234002464453286, 0.4336763398570053, -0.3263782909696884, -0.7044306711362391, 0.5540469435656455, -0.05146621181317993, -0.05843758596978358, -0.14583130610001352, 0.580863656942383, 0.11997542230245753], [-0.35264558226703796, -0.5660611070825647, -0.08941799365368161, 0.08959956396070859, 0.08194283714873657, 0.4107753088756076, 0.7644062801506221, 0.41736152644885155, -0.21351234197703392, -0.1293482467368814, -0.058996997219182036]], "inverted": false, "swapped": false, "error_lsq": 0.05812097242557615, "error_max": 0.29107326809123485, "target": "744.xyz", "model": "15.xyz", "model_rescale": 3.769337070930944, "target_rescale": 3.5406475606397474},
{"mapping": [9, 3, 0, 1, 7, 4, 5, 6, 8, 2, 10], "R": [[-0.4803591787794045, -0.6642789717752398, -0.5727028086360382], [0.09254408752924886, -0.6877142457097268, 0.7200588226744259], [-0.8721758144008322, 0.2928866058820919, 0.3918249416118291]], "T": [-0.08910131164027726, -0.02036895684866656, 0.04508584105521268], "aligned_model": [[0.09907174513503972, -0.132728397382865, -0.5550252922026223, -0.7942368201909297, -0.1049854268460661, -0.11612435826370912, -0.3520125968186836, 0.44944365872747105, 0.6220169627206525, 0.19953933801225468, -0.08277467240206854], [-0.358061849300395, 0.20092956203009432, 0.4271452393824198, -0.39142646313878543, -0.6861904597316845, 0.5398049385935296, -0.14003601239794228, 0.21628804437542493, -0.07384844960587049, 0.6062957107320134, 0.0363021228417104], [-0.66999044438831, -0.6095645096270199, 0.034315366115057144, -0.033836196470320185, 0.30502030042131306, 0.5868491531701867, 0.6505677759305408, 0.4757477829106219, -0.1850107809777878, -0.22043972833436004, 0.02044452889822284]], "inverted": true, "swapped": false, "error_lsq": 0.04099402585292595, "error_max": 0.2444921645897438, "target": "744.xyz", "model": "16.xyz", "model_rescale": 3.7852294659196426, "target_rescale": 3.5406475606397474},
{"mapping": [0, 4, 6, 10, 8, 7, 11, 2, 3, 1, 12], "R": [[-0.17539554591528717, 0.9842886053491198, -0.0203062515734318], [0.7270757556333416, 0.11559972134086843, -0.6767551625190009], [-0.6637749980552778, -0.13346402438784266, -0.7359280577277356]], "T": [-0.04086750728885365, 0.008654708320110768, 0.003769286643976605], "aligned_model": [[0.05764643272638953, -0.17859100172021664, -0.8048990898189651, -0.8109005383859863, 0.13377598629125798, -0.20690781753526272, -0.28421973673686085, 0.3573298688113814, 0.7081671698874464, 0.3747611150087526, -0.11397824803946352], [-0.4331146543190398, 0.1801018004834597, 0.40717636352824527, -0.1460321287425303, -0.55353018336631, 0.5253001615106858, -0.14976820896140985, 0.18386397538419397, -0.12966432266930683, 0.5363811170554571, -0.04351153612293005], [-0.506996794448722, -0.6695989772057097, 0.21549898963504785, -0.17616455880500606, 0.28243343748173777, 0.4475429860079688, 0.6772779696882046, 0.4336850730859537, -0.2249450968479686, -0.14792725285959113, 0.023297471916229433]], "inverted": true, "swapped": false, "error_lsq": 0.04499679546130223, "error_max": 0.2681672595771429, "target": "744.xyz", "model": "17.xyz", "model_rescale": 3.901054581598922, "target_rescale": 3.5406475606397474},
{"mapping": [12, 3, 2, 13, 9, 8, 5, 4, 6, 1, 14], "R": [[-0.5267974486555831, 0.808692157933774, -0.2617278009428584], [0.3211585005680424, 0.4744658585423931, 0.8195970757576656], [0.7869826336094432, 0.3477055403269353, -0.5096657646174587]], "T": [0.03475190591116441, 0.027473621144370165, 0.03504103075884847], "aligned_model": [[-0.04529346466932292, -0.4327926867202826, -0.7135934894570789, -0.6071408730871336, -0.14943201030596842, -0.12512150810187372, -0.4109986315294887, 0.49882937477372413, 0.7506087014476385, 0.4366231912561458, 0.030495536882114094], [-0.41489749430975337, 0.10547822227249345, 0.3784655228227303, -0.2928622836031059, -0.578615043823554, 0.4623758375549905, -0.12457887129658546, 0.3143413546536634, -0.028122316934331988, 0.5775632852957563, -0.021945828851787863], [-0.556461833932201, -0.5638940455363303, 0.05788739098239963, -0.07836428966324177, 0.21648644001081463, 0.5101397634374554, 0.44525139741171893, 0.6076778932425426, -0.1844672497763984, -0.11188201319554285, 0.011729794666927758]], "inverted": true, "swapped": false, "error_lsq": 0.04087192357798371, "error_max": 0.24045101914713335, "target": "744.xyz", "model": "18.xyz", "model_rescale": 3.9405287249114394, "target_rescale": 3.5406475606397474},
{"mapping": [12, 3, 2, 1, 4, 5, 8, 9, 13, 11, 15], "R": [[-0.1305846622920439, 0.7811493487941574, 0.6105352904235241], [0.9776260676081963, 0.2038831865168096, -0.05175826686324303], [-0.16490881694745035, 0.5901163793136197, -0.7902959831346588]], "T": [-0.033927321434865154, -0.061758129467734894, -0.01610343837362909], "aligned_model": [[-0.005029507082019491, -0.428668236742848, -0.6078357662994205, -0.6602799282154761, 0.06317338318837983, -0.21394860849151465, -0.2630832368305315, 0.4361492378407486, 0.6209721297419626, 0.34433140346221003, -0.053596730083017276], [-0.4142176666089116, 0.00946842869984122, 0.5875314313831507, -0.18185424012152318, -0.7685510197109838, 0.5049175015879287, -0.11819607721072753, 0.25430296363384614, -0.019828697158111537, 0.5510179172590463, -0.027388157973040103], [-0.43452458173668723, -0.7674588682917086, 0.05005883256879424, -0.18574647585057635, 0.14414727794097068, 0.5650451726829583, 0.7026277214001007, 0.5017220735544424, -0.15990356676873696, -0.04138298538208606, -0.02048135246932655]], "inverted": false, "swapped": false, "error_lsq": 0.03607618222204008, "error_max": 0.17516733985231772, "target": "744.xyz", "model": "19.xyz", "model_rescale": 4.410303926677745, "target_rescale": 3.5406475606397474},
{"mapping": [1, 5, 10, 8, 7, 11, 12, 4, 0, 6, 13], "R": [[-0.07594158221663799, 0.4038411697492403, -0.9116716435789802], [-0.8255084506216841, 0.48735262953476755, 0.2846457665902201], [0.559257252114463, 0.7742090958527375, 0.2963639685526347]], "T": [0.029003536317092057, 0.0524404638217105, 0.00278237286798947], "aligned_model": [[0.10980012353284906, -0.49327837108468175, -0.5915761448258464, -0.6500170365466901, -0.06520173357968771, -0.15339324691662098, -0.24870240400152294, 0.4124803309274858, 0.6254652088052893, 0.333341332022384, -0.046733917844484926], [-0.5736786230938139, 0.13864065507147455, 0.5556845014305175, -0.2859019200489865, -0.6313103188222128, 0.5935181440674606, -0.2151692207967911, 0.20340858984257607, 0.015125552363146527, 0.534240812855915, 0.04264421091122933], [-0.40288583104593734, -0.6444130065945418, -0.1889474134745244, -0.12176911974336305, 0.17732004593374853, 0.6036980756912322, 0.6523510025744349, 0.5730871755261191, -0.3921865412988921, 0.11119248749896507, -0.013343627419096712]], "inverted": false, "swapped": false, "error_lsq": 0.04834020372538161, "error_max": 0.2681701953741462, "target": "744.xyz", "model": "20.xyz", "model_rescale": 4.121658175737393, "target_rescale": 3.5406475606397474},
{"mapping": [8, 6, 2, 1, 5, 4, 3, 11, 9, 10, 12], "R": [[-0.02497489734755355, -0.16884199312623288, -0.9853266645431049], [0.44598282612955403, 0.8802332905296567, -0.1621378211301397], [0.8946930050581459, -0.4434881459526221, 0.0533168931909066]], "T": [-0.06581870780290817, -0.040859777261275106, 0.03653689101486355], "aligned_model": [[0.11880430317985276, -0.2415050195798678, -0.6447873729408201, -0.7353778656693721, -0.11413232053081408, -0.11664168535764702, -0.3339603134804795, 0.5146408231587876, 0.6364359395033151, 0.22851248925927747, -0.07980483705375895], [-0.4040709060243167, 0.16534449797384773, 0.44719019841445085, -0.19986622732629838, -0.7201927430324865, 0.4478718882980086, -0.11338864272899754, 0.27342136807483347, -0.02618990350923065, 0.6210220410416122, -0.11393918740090811], [-0.49983529546093364, -0.554427218556163, 0.08958536168524096, -0.05717729653597294, 0.027816430682257864, 0.33266184092458734, 0.6733102776498568, 0.6186563785283211, -0.13459487202622947, -0.2532123914743216, 0.11132003223150128]], "inverted": false, "swapped": false, "error_lsq": 0.043365176229536374, "error_max": 0.23374453612491217, "target": "744.xyz", "model": "21.xyz", "model_rescale": 4.08911054899281, "target_rescale": 3.5406475606397474},
{"mapping": [12, 14, 2, 13, 7, 1, 0, 8, 5, 11, 16], "R": [[0.4017617781796433, -0.8877201423692076, 0.2248119712691596], [0.6710674544436406, 0.11836189749109616, -0.7318872405014587], [0.6231018738380297, 0.44490831645891005, 0.6432733826027897]], "T": [-0.06164446441437549, 0.031331588754042045, -0.021031276144128794], "aligned_model": [[-0.1470807869825605, -0.2838057581844726, -0.5933718792673903, -0.5242487202834205, -0.08540924421632093, -0.11188165564167493, -0.36958300737125144, 0.415323953016412, 0.6295546620039711, 0.398043160604676, -0.09535658318949476], [-0.48342652974021116, 0.09254844141974686, 0.5135903014915809, -0.42933050809642015, -0.6588034520369878, 0.6187389599821989, -0.19134336140056582, 0.26211428600637066, 0.004224429115428946, 0.6428589518340687, 0.006030865205304981], [-0.5432325977284068, -0.619963194184206, 0.05608110713971755, -0.12358711949506061, 0.14910116850639177, 0.510407512532853, 0.6540014034459143, 0.42618510714541874, -0.15973247831270881, 0.0037598889592044132, 0.0010824496390272331]], "inverted": true, "swapped": false, "error_lsq": 0.03901133958247818, "error_max": 0.22507397204609433, "target": "744.xyz", "model": "22.xyz", "model_rescale": 4.204369325754507, "target_rescale": 3.5406475606397474},
{"mapping": [12, 3, 2, 1, 4, 5, 8, 9, 13, 11, 15], "R": [[-0.1305846622920439, 0.7811493487941574, 0.6105352904235241], [0.9776260676081963, 0.2038831865168096, -0.05175826686324303], [-0.16490881694745035, 0.5901163793136197, -0.7902959831346588]], "T": [-0.033927321434865154, -0.061758129467734894, -0.01610343837362909], "aligned_model": [[-0.005029507082019491, -0.428668236742848, -0.6078357662994205, -0.6602799282154761, 0.06317338318837983, -0.21394860849151465, -0.2630832368305315, 0.4361492378407486, 0.6209721297419626, 0.34433140346221003, -0.053596730083017276], [-0.4142176666089116, 0.00946842869984122, 0.5875314313831507, -0.18185424012152318, -0.7685510197109838, 0.5049175015879287, -0.11819607721072753, 0.25430296363384614, -0.019828697158111537, 0.5510179172590463, -0.027388157973040103], [-0.43452458173668723, -0.7674588682917086, 0.05005883256879424, -0.18574647585057635, 0.14414727794097068, 0.5650451726829583, 0.7026277214001007, 0.5017220735544424, -0.15990356676873696, -0.04138298538208606, -0.02048135246932655]], "inverted": false, "swapped": false, "error_lsq": 0.03607618222204008, "error_max": 0.17516733985231772, "target": "744.xyz", "model": "23.xyz", "model_rescale": 4.410303926677745, "target_rescale": 3.5406475606397474},
{"mapping": [5, 6, 14, 15, 4, 11, 10, 1, 0, 7, 16], "R": [[-0.13934382748865326, -0.04704209220822625, -0.9891260482372733], [0.6062282794307623, 0.7857570239693058, -0.12277284920257003], [0.7829882316862941, -0.616743821082605, -0.08097214457576027]], "T": [-0.0927115096307462, 0.03525829236336288, 0.034508368875608514], "aligned_model": [[-0.0877969118583355, -0.38708502281296014, -0.6394695954119702, -0.7269915437968024, 0.0018367283024128822, -0.24446345816045584, -0.1572907259364903, 0.5134572503241781, 0.6168769538835577, 0.3379040733709175, 0.0052063925844214876], [-0.4061492453277536, 0.12990020910480599, 0.41404830944801935, -0.192325863679347, -0.6369977319722423, 0.49535624500469666, -0.16842343844914137, 0.27673227721368693, -0.06658075724147608, 0.5406776610005887, -0.00903528132132201], [-0.4135287566242024, -0.6599592200672189, -0.09088584392742513, -0.20045648171141608, 0.148599742078717, 0.44194266628250567, 0.6494288707538377, 0.5918099915769529, -0.20318645965282184, 0.0020679902590906227, 0.08827074868012519]], "inverted": false, "swapped": false, "error_lsq": 0.036102647820767525, "error_max": 0.16644430595963455, "target": "744.xyz", "model": "24.xyz", "model_rescale": 4.28219845311461, "target_rescale": 3.5406475606397474},
{"mapping": [2, 0, 1, 4, 13, 5, 9, 11, 14, 10, 15], "R": [[-0.1594759655568983, 0.5601594376264482, 0.8128891811604562], [-0.9710293077754742, -0.23744393176331138, -0.026878666445037003], [0.1779592645825966, -0.7936257201646136, 0.5817978312458891]], "T": [-0.10932627896098887, -0.02005979010244098, 0.09088793793443498], "aligned_model": [[0.06742849360486994, -0.43995699265007504, -0.5753771641102192, -0.6986186947358644, 0.042785191791872346, -0.2135131033445839, -0.1960233828132382, 0.30279965990970825, 0.605929406197179, 0.4780352737329906, -0.1413045470941664], [-0.3446791716657939, 0.08512174944826513, 0.4144291683507002, -0.3361402925493719, -0.5938669457483167, 0.6850693266707879, -0.10257910800595912, 0.1570302459301972, -0.07263705047049052, 0.501533267736422, -0.01607880591592552], [-0.48544532665866247, -0.6474712882820425, 0.028491493479684105, -0.204875713836399, 0.11377692069898503, 0.556955224082701, 0.7561306441967734, 0.3995437347316114, -0.16560682114601735, -0.02159275933892063, 0.024197139720431374]], "inverted": false, "swapped": false, "error_lsq": 0.041168042424075006, "error_max": 0.23801911136948378, "target": "744.xyz", "model": "25.xyz", "model_rescale": 4.100010024507729, "target_rescale": 3.5406475606397474},
{"mapping": [4, 9, 7, 5, 6, 3, 2, 1, 0, 8, 11], "R": [[-0.7137996299007351, -0.6907226612717938, -0.11572507748618899], [0.4771678747362178, -0.3586948364563573, -0.8022772797601015], [0.5126411100109849, -0.6278855146482979, 0.5856269058210589]], "T": [-0.013768947924313421, 0.04901653252346919, 0.050756970392044326], "aligned_model": [[-0.1008542157855892, -0.32517121417805095, -0.595913254815982, -0.6070255348876136, -0.01596804333792355, -0.22500310349119867, -0.2425659417562686, 0.5263042368901129, 0.6943924830672066, 0.18434910487949913, -0.06036037609571883], [-0.574276582094617, 0.2935900248211024, 0.388395352931127, -0.35834706112358006, -0.5874584999651591, 0.666979558307031, -0.10671262482313751, 0.16382942391565536, -0.15769991863135074, 0.6287897393111996, 0.02011297113224373], [-0.5573231473749001, -0.6721007871068165, -0.016222645221045773, -0.16438878233653703, 0.17476033785010078, 0.5319777687145141, 0.7371662153401681, 0.49153526928250724, -0.12133362322611893, 0.012415155110144377, -0.06238251338387199]], "inverted": false, "swapped": false, "error_lsq": 0.03958335335041375, "error_max": 0.19924203842799743, "target": "744.xyz", "model": "26.xyz", "model_rescale": 3.6694154284099745, "target_rescale": 3.5406475606397474},
{"mapping": [7, 8, 10, 9, 3, 2, 12, 6, 1, 0, 13], "R": [[0.09233279105243991, 0.4751891197852962, 0.8750256888424146], [0.9579621230552768, 0.19733506930909311, -0.20824850830726852], [-0.27163068031408666, 0.8574696326159028, -0.4369926803204553]], "T": [-0.12487010139756786, 0.12130777371795151, -0.06670317440957316], "aligned_model": [[0.030324493676341727, -0.4514872818888558, -0.6515342781659245, -0.6506706003579272, -0.007645106659858292, -0.06231776146830641, -0.25361594455654135, 0.3202594490905863, 0.7506260377261375, 0.3268227489083315, -0.1185776158155101], [-0.39018800791980524, 0.16733158306128076, 0.4115785308993303, -0.31123491832562644, -0.6523567841759947, 0.576339926688293, -0.17638870767832662, -0.019020022425755317, 0.008234149672314978, 0.6020213597859106, 0.1608852741988933], [-0.39899104319967704, -0.6140241212145532, -0.0827796269689835, -0.03058959908000286, 0.13462410342691708, 0.43445806784269125, 0.6575441080782592, 0.43664384774915155, -0.04753237316338574, -0.10938057223742736, -0.025869543584844897]], "inverted": true, "swapped": false, "error_lsq": 0.041344148362682374, "error_max": 0.25606786136090975, "target": "744.xyz", "model": "27.xyz", "model_rescale": 4.103607728864725, "target_rescale": 3.5406475606397474},
{"mapping": [7, 11, 13, 8, 1, 12, 2, 3, 9, 10, 14], "R": [[0.9820414155896001, 0.06150016773844373, 0.1783602742622858], [0.01248348127271312, 0.9221252257215536, -0.3866900965673779], [-0.18825201396555719, 0.3819722469710561, 0.9047974258262422]], "T": [0.005706117855324794, 0.09795034325455776, -0.06175478419343466], "aligned_model": [[-0.1840147129702054, -0.32396902828832774, -0.5856837695442804, -0.673250644132516, -0.05333458931503214, -0.22611046310595503, -0.19385197499643406, 0.3635451855727696, 0.7963013376065587, 0.3003888164830246, 0.0121639831788707], [-0.47348419346784365, 0.28407944639054683, 0.35769405316514047, -0.31354843864625614, -0.7308401992818778, 0.5852528174190339, -0.05698869210773924, 0.21013139183953333, 0.032086803044505785, 0.5052499853870063, -0.022430589961534464], [-0.4586802459052131, -0.6351058881779313, -0.01014335913007771, -0.2666119164875111, 0.27362748065349224, 0.6061456489471184, 0.6292525740383362, 0.5885508874105383, -0.2636089856124005, -0.14568561853950746, 0.03636267045130089]], "inverted": true, "swapped": false, "error_lsq": 0.043037511640831555, "error_max": 0.21398254907225742, "target": "744.xyz", "model": "28.xyz", "model_rescale": 4.137296879288765, "target_rescale": 3.5406475606397474},
{"mapping": [8, 9, 6, 4, 3, 5, 2, 1, 7, 0, 10], "R": [[0.32120881833764653, 0.8851707205742508, -0.33659722289435834], [-0.9419984764506467, 0.2621342999913779, -0.20958167651942056], [-0.09728188622140063, 0.38439355380403023, 0.9180293189256621]], "T": [-0.06389813175412748, 0.017103843665517454, 0.01119642067844526], "aligned_model": [[0.05246053589118163, -0.0969776272526241, -0.6216848836044911, -0.8114010669320373, -0.1496337868215628, -0.26985483231249796, -0.030218566837246774, 0.474043401711831, 0.6188355509409932, 0.19723601624671058, -0.13062060054178287], [-0.5203490268160966, 0.2266746066294625, 0.4611660530322086, -0.18429814828895277, -0.6441357760308419, 0.37681237715154026, -0.20341468505427948, 0.3009890226924278, -0.11063647611998598, 0.6608874943934179, 0.013506942191615023], [-0.4535174164844578, -0.7409871064857375, -0.07729378572644346, -0.006312500344842122, 0.15707406720655406, 0.5416582532961435, 0.7611006422057122, 0.4550286835785128, -0.16648124786356916, -0.07752736514314507, -0.03863897659058255]], "inverted": true, "swapped": false, "error_lsq": 0.054724608667041715, "error_max": 0.2971602235339069, "target": "744.xyz", "model": "29.xyz", "model_rescale": 3.607286011436655, "target_rescale": 3.5406475606397474},
{"mapping": [7, 2, 1, 13, 12, 9, 11, 8, 4, 3, 14], "R": [[-0.7651618678538639, 0.432282544596365, -0.4771363721407936], [-0.291906851963, -0.8934595167731225, -0.3413509655246188], [-0.5738620964652025, -0.12190936602587171, 0.8098273894576131]], "T": [0.006764622956240307, -0.02925530930478997, 0.024107850041545746], "aligned_model": [[-0.016864912498843893, -0.4570198280824194, -0.6050648010687276, -0.6162206015253515, -0.18005616970660368, -0.11640788454532296, -0.2953462731040692, 0.4425542299273728, 0.7064927540200137, 0.4288914251124158, -0.05877379803999036], [-0.4232433198690489, 0.1401702129677092, 0.37498456260195057, -0.39626774529820924, -0.6908407560662265, 0.5953653135267, -0.14443998251118847, 0.21135008645695563, 0.007972436933581135, 0.6251951274672182, 0.0769564475710734], [-0.6418531526630008, -0.613339025132154, 0.038283205892209675, -0.09028535017341571, 0.2122689673678787, 0.48152988584346174, 0.5139982056285165, 0.4903110624621203, -0.05233904139469959, -0.11715440597931104, 0.13268289579653877]], "inverted": false, "swapped": false, "error_lsq": 0.03660565774931189, "error_max": 0.17819926143149678, "target": "744.xyz", "model": "30.xyz", "model_rescale": 3.964800864290218, "target_rescale": 3.5406475606397474},
