[{"mapping": [6, 8, 9, 4, 1, 2, 0, 7, 10, 3, 5, 11], "R": [[-0.2246984710898161, 0.7036771150298844, -0.6740542373378556], [-0.33642576317846584, 0.5931847812414945, 0.7314024344868338], [0.9145098703456874, 0.3911142200006278, 0.10344739703643899]], "T": [-0.08087433444105385, -0.11354022248056778, -0.060954441009476265], "aligned_model": [[0.5475618065234369, -0.0648790587737392, -0.0021045102686742256, -0.8586208589859962, 0.4217494343748428, -0.14772515099715727, -0.2352144952517526, 0.7231937813071168, -0.08319084653082243, -0.6117395629873928, 0.17354133382033154, -0.08090836921304699], [-0.23223372670245812, 0.008150373212513384, -0.6214717720552314, 0.10379931603990827, 0.3799284310215759, 0.6567395959076903, 0.3350286536553387, -0.36949385557945635, -0.6590121078837923, -0.5266475424943152, 0.011151972640816049, -0.07470646657354926], [-0.40173935299963975, -0.683882238404487, -0.38523407369475393, -0.04604352898148775, 0.01479907079717424, -0.286675984721984, 0.3362312487183875, 0.36865644433524897, 0.3442817888259792, -0.20777734814057758, 0.7190525184138563, -0.0032986162222898158]], "inverted": true, "swapped": false, "error_lsq": 0.056450547588231155, "error_max": 0.36070131425093127, "target": "745.xyz", "model": "0.xyz", "model_rescale": 3.751011558992144, "target_rescale": 3.6806494612906757},
{"mapping": [1, 4, 6, 10, 8, 5, 9, 0, 12, 11, 13, 14], "R": [[-0.22252827347517798, -0.10976843096753897, -0.9687270302139201], [-0.9688307968793408, 0.13583642853931507, 0.2071602078098615], [0.10884876904355822, 0.9846315840173969, -0.13657448236436387]], "T": [0.0735688484241313, -0.07517664880258272, 0.020039043705901847], "aligned_model": [[0.5061578644666047, 0.04531674010057721, -0.11775612913606204, -0.5965060356408969, 0.3844484005021643, -0.0552761852884214, -0.4814693948767634, 0.7853525995350259, -0.14386244655342073, -0.5731787132856714, -0.007526570134612748, 0.035963373328622955], [-0.38092631123499704, 0.15423788039236397, -0.6648065014380543, 0.16071701522778697, 0.43872467945639565, 0.502129684737283, 0.13138944416281273, -0.31311050694378983, -0.5494015201185115, -0.5424375361448736, 0.17041889813846306, -0.09570235504583927], [-0.4328068865592442, -0.7363634695628889, -0.40358476949727995, -0.3896041878315263, -0.26223313177955415, 0.22054440906550682, 0.30892071332992355, 0.1307453637785571, 0.5490092767691496, 0.030802105965121108, 0.6987205291702464, 0.05421997507741555]], "inverted": false, "swapped": false, "error_lsq": 0.05191422601673048, "error_max": 0.3993759746256099, "target": "745.xyz", "model": "1.xyz", "model_rescale": 3.9405287249114394, "target_rescale": 3.6806494612906757},
{"mapping": [1, 0, 6, 5, 2, 5, 9, 4, 3, 11, 8, 12], "R": [[-0.6168051672940367, -0.22392122981983478, 0.7545930482288769], [0.7604888359257782, 0.07770984711178558, 0.6446843491927795], [-0.20299782272632924, 0.9715042267009627, 0.12235776015657596]], "T": [0.04301923256101584, -0.23358960602098722, 0.012574774681268486], "aligned_model": [[0.699319099141565, -0.09634251051091353, -0.18988329503775642, -0.3271239519659307, 0.23015913336037883, -0.3271239519659307, -0.4169662714139272, 0.6364307734786211, 0.03937165824222747, -0.6642221244793368, 0.10592700017272699, 0.09211794399542236], [-0.1305734902723353, -0.08364381019117256, -0.5855511793987325, 0.34024551875892184, 0.3923274433367616, 0.34024551875892184, 0.15817814934826402, -0.319151340187931, -0.7027050318344161, -0.19906048705921958, -0.03853338576274959, -0.16054503430727246], [-0.41856846993782487, -0.8004593889039993, -0.3298214240315514, -0.23598820102876308, -0.1807543032498711, -0.23598820102876308, 0.5467212612146117, 0.37621973152097027, 0.339250594163466, -0.06636629113765066, 0.7600274178784432, 0.014097202466358772]], "inverted": true, "swapped": false, "error_lsq": 0.06846868745340363, "error_max": 0.3860355342144968, "target": "745.xyz", "model": "2.xyz", "model_rescale": 3.932901565614263, "target_rescale": 3.6806494612906757},
{"mapping": [8, 7, 9, 5, 3, 4, 6, 11, 10, 12, 1, 13], "R": [[0.0954438706442115, -0.988156171808037, 0.12015759515792854], [0.4517383909859797, 0.15055997424796624, 0.8793543769515508], [-0.887030379223761, -0.029649186702797703, 0.4607581058017466]], "T": [0.07819996933205048, 0.034261072695716, 0.007473525980905275], "aligned_model": [[0.5575737422448614, 0.0014928161774239446, -0.133695422127685, -0.5783586113557198, 0.5614053210007584, -0.41962011684243655, -0.5229789870939148, 0.6201694148858095, -0.08244574485229911, -0.4498713974054575, 0.24354660727299016, -0.015554118887184068], [-0.3213176440277502, 0.22970682489945693, -0.4155887749133689, -0.062038845339554324, 0.1788811515026204, 0.729011596884704, 0.0072603175969597755, -0.6232462008830217, -0.43358935638035, -0.514464080185915, 0.2682150530945273, -0.031597171059268445], [-0.41978668465020264, -0.6749189695431655, -0.5333854178048604, -0.26903477690768446, -0.07179247559495402, -0.17342223261538744, 0.33081093837922804, 0.2751711233639125, 0.5255993512673636, 0.0637864764145866, 0.6906240549928749, 0.024718540623714886]], "inverted": true, "swapped": false, "error_lsq": 0.05097980977912397, "error_max": 0.24788479299420663, "target": "745.xyz", "model": "3.xyz", "model_rescale": 3.9243930471874484, "target_rescale": 3.6806494612906757},
{"mapping": [4, 10, 8, 11, 3, 6, 5, 2, 1, 9, 0, 12], "R": [[0.9151171394989615, -0.28016127683467207, -0.28994875401974896], [-0.10048218723980981, -0.8549234468777233, 0.5089294941602587], [-0.3904663251072267, -0.43659541791122725, -0.8105063170735801]], "T": [-0.05088286716863629, -0.14233075583104926, -0.10514715162228046], "aligned_model": [[0.48311388106956227, -0.026060712000968093, -0.05714480065175991, -0.7560486076055238, 0.4324129298214764, -0.18495325008737765, -0.31102334687199223, 0.760285191878423, -0.1537402800305848, -0.6282214864981809, 0.2903857525997731, -0.06734176860570068], [-0.3136166240436198, 0.07477396919512819, -0.6296078511337168, 0.13248203808189646, 0.3246516829032144, 0.5649100957531373, 0.20188802634064262, -0.22887094140247372, -0.5197182947962553, -0.5381231621009981, 0.047286881261367486, -0.10482294886928309], [-0.2997644521424873, -0.7755031156466581, -0.5037173330190773, -0.33613045881865566, -0.06900929210949834, -0.04725047631870756, 0.5173184784287516, 0.32581881754079395, 0.4924809083243861, -0.19298724239280396, 0.6504342365983701, 0.006679857481012699]], "inverted": false, "swapped": false, "error_lsq": 0.04623095879850331, "error_max": 0.21668375866951353, "target": "745.xyz", "model": "4.xyz", "model_rescale": 3.8936222436046832, "target_rescale": 3.6806494612906757},
{"mapping": [5, 4, 1, 2, 7, 10, 3, 6, 9, 0, 8, 11], "R": [[0.20769595566647903, -0.1163164273763622, -0.9712532515889911], [-0.27026335512875954, -0.961079583370912, 0.057304042633489066], [-0.9401170718981411, 0.25059234455584267, -0.2310484104590893]], "T": [-0.0010025147081405422, -0.035797840687968305, 0.057298907504282584], "aligned_model": [[0.5248825081833111, 0.006620563295054879, -0.11936132995246597, -0.5921427511953171, 0.5541973709458647, -0.1261206522014709, -0.4969562562531847, 0.6733419109741818, -0.003958530193468535, -0.7156001927095204, 0.011346368041375912, 0.06541449408278596], [-0.21399129215193624, 0.2263345116208514, -0.7148824245180349, 0.06661194630427288, 0.2962242454528009, 0.574992961331582, 0.05557908375938346, -0.45965483059933276, -0.45826322057895497, -0.5513674414957438, 0.2674812512315944, -0.07783191916744224], [-0.5333472586567106, -0.6922697134115433, -0.35251090938564206, -0.3868000918846053, 0.09282282441340922, -0.046370988432673454, 0.33291127342280113, 0.07190971727554597, 0.5084642968985408, 0.13639665902079845, 0.7308953177011512, -0.09373119903564579]], "inverted": true, "swapped": false, "error_lsq": 0.04409740043888328, "error_max": 0.2377316073287543, "target": "745.xyz", "model": "5.xyz", "model_rescale": 3.6523030999806103, "target_rescale": 3.6806494612906757},
{"mapping": [11, 10, 9, 6, 4, 2, 1, 7, 5, 8, 0, 12], "R": [[0.8892961882623036, -0.3391664700829816, -0.30678721471663084], [0.4565348000553545, 0.6187868758451943, 0.6392798906740005], [-0.02698640177118236, -0.7085682097393269, 0.7051261066406846]], "T": [-0.0461028733695947, -0.09026770630227893, -0.031422988460877925], "aligned_model": [[0.7373631743764795, -0.11836386491596751, 0.03386247811118851, -0.6243137875139165, 0.28429969425998197, -0.1199560733071468, -0.38260163987354595, 0.499878670986628, -0.17091868924785777, -0.5361757807852623, 0.17068557162737105, 0.007903749299194136], [-0.222701412496062, 0.06818445310793958, -0.6333079277613263, 0.07432941408680843, 0.3124710882266697, 0.665045826457568, 0.2908194940286542, -0.4404233877824381, -0.4936223098243684, -0.5522670970598822, 0.05707879725746107, -0.11437406705198425], [-0.40985563588166257, -0.7919125044609128, -0.5019288179900193, -0.2788181961673284, -0.27177108729269717, -0.04751044624455968, 0.4417746360879919, 0.18331688125768028, 0.5030202787910598, -0.04081506082266175, 0.9269378561604027, 0.055932024488133274]], "inverted": false, "swapped": false, "error_lsq": 0.047670416632647254, "error_max": 0.23403903914723798, "target": "745.xyz", "model": "6.xyz", "model_rescale": 4.08911054899281, "target_rescale": 3.6806494612906757},
{"mapping": [5, 12, 7, 13, 10, 11, 1, 4, 6, 2, 9, 14], "R": [[0.8659264467931997, -0.4817870412040358, 0.1343600970227551], [0.24919726069944137, 0.1826540470131186, -0.9510721446712778], [0.4336728190744702, 0.8570406910045694, 0.27822498083100256]], "T": [0.04301497490442573, -0.09219145429750158, 0.066215480530556], "aligned_model": [[0.5237485889515295, 0.017535719463063877, -0.14649454079507285, -0.5287430814033682, 0.5206429088059411, -0.06289975273400991, -0.5776342197189339, 0.6671383421972041, -0.008415595157325297, -0.6228965501867132, -0.003819338814261046, 0.0035010224090928008], [-0.3483423889215202, 0.20642641616479973, -0.6721473488814755, 0.046461629482801414, 0.37067635505011426, 0.4796517669991787, 0.09449826362836411, -0.4063664207439, -0.5595479261661404, -0.5448900423086942, 0.32243806971599226, 0.022374497169519586], [-0.46649750091421777, -0.5804529762491998, -0.41025725566123744, -0.3694019775183253, -0.21109273487009134, -0.013210357100963424, 0.4095630963509235, 0.15902497659525133, 0.23377380207591203, 0.10823181610042955, 0.7298766989113149, 0.17881234020562967]], "inverted": true, "swapped": false, "error_lsq": 0.044834799619113984, "error_max": 0.23217363438702443, "target": "745.xyz", "model": "7.xyz", "model_rescale": 3.964800864290218, "target_rescale": 3.6806494612906757},
{"mapping": [11, 4, 12, 2, 6, 0, 1, 10, 8, 7, 5, 13], "R": [[-0.7301217957321211, 0.3364146633025663, 0.5947666245780137], [-0.6128896299759006, 0.062456812151702124, -0.7876962917799288], [-0.30213981012919566, -0.9396405275055286, 0.1605839786660726]], "T": [0.00697871342150394, -0.00913259330939277, -0.013760119494757004], "aligned_model": [[0.5944843762011905, 0.029903058757406897, -0.12759626343701364, -0.4988354762487054, 0.3542084872708263, -0.24847745467776974, -0.618924662400066, 0.6903348475680654, -0.07495040596032962, -0.5949774353941197, 0.2525643331642373, 0.02393009817342388], [-0.3014926184317876, 0.03986115706051679, -0.6549053130333914, 0.20326501975817096, 0.3244386434149854, 0.6588416141974908, 0.07336542611850146, -0.2410176178922565, -0.5853573157110314, -0.38912059158499074, -0.05314299012842495, -0.06350254257874294], [-0.520214496912816, -0.7153066124868134, -0.3819205564680536, -0.38476953614824716, -0.3372837467018837, 0.027615921982524782, 0.391898520371365, 0.3791619367781162, 0.4885448377749802, -0.0032206208691278777, 0.7842508524321894, 0.03961342817319227]], "inverted": false, "swapped": false, "error_lsq": 0.046001999465664994, "error_max": 0.23935136839180715, "target": "745.xyz", "model": "8.xyz", "model_rescale": 4.121658175737393, "target_rescale": 3.6806494612906757},
{"mapping": [9, 7, 5, 11, 6, 8, 2, 4, 0, 10, 1, 12], "R": [[0.3287300995501914, 0.9431964944651114, -0.0481341300788433], [-0.9190973251134356, 0.33122274928135254, 0.21342820180995412], [0.21724785066612176, -0.025920323825677515, 0.9757722624638001]], "T": [-0.10684147417151937, -0.05792916878695029, -0.04884868807163348], "aligned_model": [[0.6251591144258193, -0.08249596437637394, -0.025869071202850452, -0.6284250933360106, 0.4049780837563801, -0.18056392978667551, -0.3286083031377863, 0.5986665698663539, -0.11660829885871364, -0.6483194130751608, 0.2241967133681486, -0.06044690462598391], [-0.0982916754075612, 0.03450010606125475, -0.6351950329908334, 0.10823851128260895, 0.4091161505612773, 0.6588708131852713, 0.2819777237338238, -0.5016180782098495, -0.5915182960655637, -0.5833703129782174, -0.016473981904046413, -0.05500305607912478], [-0.44348247196170854, -0.7167371784778201, -0.2536058570748221, -0.37036214793463185, -0.039285221577992, -0.15522595589701998, 0.5147373557992235, 0.25697228761789925, 0.5290885883761276, -0.13366658869998918, 0.5541661555139007, 0.025770962242259055]], "inverted": true, "swapped": false, "error_lsq": 0.04561821608755256, "error_max": 0.2548474114222437, "target": "745.xyz", "model": "9.xyz", "model_rescale": 3.833441315466971, "target_rescale": 3.6806494612906757},
{"mapping": [2, 13, 8, 10, 5, 0, 12, 3, 7, 11, 6, 14], "R": [[0.9895871490147172, -0.13517953577387712, 0.04943447797725002], [0.11062924924985568, 0.9340485008300774, 0.33957998661213606], [-0.09207846499229581, -0.3305750916282779, 0.9392772035345148]], "T": [-0.017329827963394384, -0.03316053177630319, 0.08208694143010854], "aligned_model": [[0.50116378734464, 0.20549173176324786, -0.279636319412818, -0.6914639350840259, 0.4661216486792094, -0.21278934167694064, -0.4719723772404936, 0.6829614062553684, -0.013398181669950443, -0.524594809107312, 0.08051719627424309, 0.039262696891978595], [-0.19174472365222683, 0.27135832680318006, -0.553289195376539, -0.048179318901590475, 0.3951927006237366, 0.5240084388964654, 0.1641681273061602, -0.5277016554746422, -0.6440436988433845, -0.47177424138313934, 0.20069741472482874, -0.10745930353380842], [-0.3897877028341274, -0.6202700608878651, -0.43581347392178726, -0.3880957732349717, -0.11847072980570846, -0.257296732782394, 0.42469693836877076, 0.2211664654269156, 0.34801978094665253, 0.20713626647251537, 0.7121393112780667, 0.06494563889935959]], "inverted": true, "swapped": false, "error_lsq": 0.045551914381492815, "error_max": 0.26347803722855795, "target": "745.xyz", "model": "10.xyz", "model_rescale": 4.2482417240324, "target_rescale": 3.6806494612906757},
{"mapping": [3, 8, 1, 10, 7, 9, 4, 2, 6, 0, 5, 11], "R": [[0.9617937549797112, -0.05510671879223347, 0.268171628674588], [0.22017513897022167, 0.7378607710096378, -0.6380316534346135], [-0.1627134937903767, 0.6726995853640887, 0.7218030110698571]], "T": [0.0044584153369432306, -0.14421394012267943, -0.03216189724456629], "aligned_model": [[0.6403532847459128, -0.0036128980800739646, -0.03045828652143308, -0.5036699289738131, 0.4436086957608585, -0.21442920589115183, -0.5169946686947481, 0.58886972635711, -0.0768882111052142, -0.6490488248631144, 0.1529013678055684, -0.04896754752275431], [-0.14970231293037486, -0.029694355206913686, -0.7431764010566936, 0.14128627426473886, 0.36903860845163294, 0.6499977730386752, 0.1281497858458648, -0.5604086764706057, -0.45690930896573245, -0.5123556106849682, 0.2198541994713716, -0.04484710456795507], [-0.5358276785668818, -0.6352190649536145, -0.40521865979070293, -0.3065659348009405, -0.07985989805090675, -0.05719919121412868, 0.6157148365270791, 0.14950441050854352, 0.5300537827338236, -0.1381782796369288, 0.6078422042395211, 0.023323400930562843]], "inverted": false, "swapped": false, "error_lsq": 0.043784428010431496, "error_max": 0.22787951054732566, "target": "745.xyz", "model": "11.xyz", "model_rescale": 3.6694154284099745, "target_rescale": 3.6806494612906757},
{"mapping": [11, 4, 6, 0, 8, 1, 12, 9, 7, 5, 10, 13], "R": [[0.5761475480995941, 0.47315817569891555, 0.666464810464964], [0.09216923073023628, 0.7725893825013301, -0.6281802917577166], [-0.8121322772340862, 0.42335208375002453, 0.4015148533480298]], "T": [-0.017694442241727275, -0.04623461399658594, -0.00732060323186488], "aligned_model": [[0.52883658853925, 0.0211458093573273, -0.14195904263684364, -0.6144701427920328, 0.6652567400010884, -0.32426592153684014, -0.47364587767212246, 0.6707970494271803, 0.03193403259429701, -0.62102781035637, 0.14142033694106443, -0.1023582588488518], [-0.3387793829387485, 0.1866471178736916, -0.48143301947679235, 0.021182759974619013, 0.2796092818213463, 0.7212698753939084, 0.16755393020024953, -0.3392786854268355, -0.6408643469600472, -0.5581989578444178, -0.008981225517744836, 0.0025055240898111397], [-0.40825705638265264, -0.7087022280033687, -0.34645994098229155, -0.3946854510755704, -0.006185023017628782, -0.19014368971112952, 0.44893727030638864, 0.2838681757229469, 0.43553130613603763, 0.1285180879594962, 0.606538875314242, -0.08059039834104358]], "inverted": false, "swapped": false, "error_lsq": 0.039367597287537325, "error_max": 0.2365801988073736, "target": "745.xyz", "model": "12.xyz", "model_rescale": 3.9764082729961374, "target_rescale": 3.6806494612906757},
{"mapping": [13, 5, 1, 0, 6, 4, 7, 11, 8, 2, 3, 15], "R": [[0.4205633270500846, 0.09221261540826187, 0.902564857226411], [0.47000316392636343, 0.8287798567668176, -0.3036790656544855], [-0.7760306139836056, 0.5519246167522711, 0.30521419295813734]], "T": [0.06689133987084195, -0.14114540286059682, -0.14391108103216957], "aligned_model": [[0.6573566207913675, -0.09758016514166734, -0.1824054929685619, -0.618677374633395, 0.5403872648979916, -0.18862800946089697, -0.47762244898683837, 0.5782135259428168, -0.033890591178737856, -0.6077744626491823, 0.14692899523834993, 0.06535564116590074], [-0.18887012877824844, 0.35436882901402644, -0.7116071343480604, 0.06345331278137267, 0.44459673742081607, 0.5291081527039859, 0.14110827682080726, -0.4828253786228056, -0.5714293824801733, -0.4859378623045604, -0.020446086898976604, -0.06028646411914346], [-0.2973830613752565, -0.7998368968706229, -0.2693984521320649, -0.2673729648381678, -0.2718429370355323, -0.10739046836825716, 0.2975312062185548, 0.35843254134510694, 0.40776956563327826, 0.10549567253860617, 0.6852264806325282, -0.0728607578227468]], "inverted": false, "swapped": false, "error_lsq": 0.04238352726120073, "error_max": 0.20800338740220606, "target": "745.xyz", "model": "13.xyz", "model_rescale": 4.170626492500431, "target_rescale": 3.6806494612906757},
{"mapping": [11, 6, 12, 4, 3, 2, 0, 9, 10, 8, 1, 13], "R": [[-0.7338369406754132, -0.3855318425639991, 0.559328653717435], [-0.4879242371285655, -0.27375507712363867, -0.8288474507239184], [0.472666143617943, -0.8811488841950824, 0.012781258118963357]], "T": [-0.07111926671636483, -0.06128061725768343, 0.0008303228908855646], "aligned_model": [[0.5252835817591882, 0.21636748136074624, -0.2667398965161907, -0.6892563862576214, 0.44809684788173343, -0.3097289666115173, -0.3393042322255284, 0.5915025806002215, 0.019180090976002637, -0.6431760585917665, 0.2408052027397246, -0.011366742097845828], [-0.2685554356247722, 0.2472852877337202, -0.6542221469742557, -0.05035490795910732, 0.39138695612887797, 0.5408681586428059, 0.24030047662215379, -0.3737475712085636, -0.5939154112516218, -0.514873543011162, 0.1271435199724273, -0.08008251188146236], [-0.31697534592621157, -0.7269249374727693, -0.38108463193579245, -0.3468049182953066, -0.030479400452833507, -0.11499035761925483, 0.4401298501123157, 0.3466671754836821, 0.1635402095057124, 0.13706826687326598, 0.6775975943801117, -0.07937357672749334]], "inverted": false, "swapped": false, "error_lsq": 0.0467286318129257, "error_max": 0.2660946572287562, "target": "745.xyz", "model": "14.xyz", "model_rescale": 3.9786697098870705, "target_rescale": 3.6806494612906757},
{"mapping": [0, 2, 9, 8, 4, 5, 7, 1, 6, 9, 10, 11], "R": [[0.566320150466212, -0.07563575936166403, 0.820707450363229], [-0.35565431435037814, -0.920722412215918, 0.16056228799834665], [0.7434994928444068, -0.382817804639604, -0.5483238391598749]], "T": [-0.01897475617190868, -0.08614906381510566, -0.026423138279071362], "aligned_model": [[0.429560864423337, 0.09756146645825155, -0.3091326645767968, -0.4159567352937965, 0.37997270178299214, -0.31596383380244675, -0.41317471323130694, 0.494819864455567, -0.1428890469619663, -0.3091326645767968, 0.3229991484756597, -0.037000884135551165], [-0.37125314579296365, 0.3113203945228472, -0.6054761739673552, 0.11374773220326494, 0.3744035957270838, 0.6556462741442716, 0.06573405921883362, -0.338207886917757, -0.6864143364334001, -0.6054761739673552, 0.27591540852114654, -0.17870687606957686], [-0.47512910611942016, -0.7894989895354596, -0.20951330431820767, -0.29968986734804104, -0.08681273730975203, -0.10514259000380975, 0.481921150744148, 0.33847894311087745, 0.47525658209080557, -0.20951330431820767, 0.6401233003948249, 0.007889850537667692]], "inverted": true, "swapped": false, "error_lsq": 0.06195162393925952, "error_max": 0.4254536888522062, "target": "745.xyz", "model": "15.xyz", "model_rescale": 3.769337070930944, "target_rescale": 3.6806494612906757},
{"mapping": [6, 10, 3, 5, 9, 8, 2, 7, 1, 4, 11], "R": [[0.06427489953523385, -0.9573635967907541, -0.28164460021382676], [-0.5394585800240458, 0.20410415095514128, -0.8169001995356111], [0.8395553452442406, 0.20444177435825495, -0.5033392326940874]], "T": [-0.05760137807820671, 0.04272653535264187, 0.06389880596563985], "aligned_model": [[-0.3407079765738244, -0.39198045512592666, -0.08161806552268261, -0.6346082954785669, 0.39158738077195443, 0.37628638226598227, 0.6553775201671223, 0.29466284739987675, -0.02171996657279441, -0.30514624560014636, -0.019506995039823484], [-0.05456298506474838, -0.5977720217537461, 0.6194033754628347, 0.38424501449458265, 0.2734718038609284, -0.4060635413236872, 0.32330236344436675, -0.6385060034789962, 0.6836620837581227, -0.039361210103645766, 0.04824561832933037], [-0.5341253909142076, -0.1622782981148207, -0.27597812271871325, 0.09250916102655722, -0.603801577589921, -0.294057886961608, 0.05095351868552084, 0.38077951469467625, 0.45639173039042413, 0.5862892790823799, 0.04753567964348933]], "inverted": false, "swapped": true, "error_lsq": 0.04203163249439649, "error_max": 0.2589368826818948, "target": "745.xyz", "model": "16.xyz", "model_rescale": 3.7852294659196426, "target_rescale": 3.6806494612906757},
{"mapping": [3, 2, 1, 7, 8, 11, 6, 0, 4, 5, 10, 12], "R": [[-0.49590669933125076, 0.3622758214771279, 0.7891975511438545], [-0.8244508229180799, -0.4818071260343685, -0.2968884199361826], [0.272685507770555, -0.797883526885707, 0.5376099807261211]], "T": [0.061692961858675295, -0.06729268099147004, -0.035454015973234436], "aligned_model": [[0.5684971724005791, -0.04643987905435589, -0.16513764963965377, -0.5829986895219867, 0.5321859477392491, -0.1092844752086366, -0.668322676825452, 0.6337578626715155, 0.05859716146665112, -0.4266178275393369, -0.08163698305985098, 0.06906353958842486], [-0.43669911709055753, 0.08111496784732827, -0.567406959354573, 0.12012178629725398, 0.36284745074585956, 0.6424555913257631, 0.17468107655709578, -0.32247166682875317, -0.6595226995860832, -0.4829586600497916, 0.10280101693063529, -0.0037299156051375792], [-0.524518171588962, -0.6188659454985792, -0.45101115586101986, -0.23713568908058466, -0.168952062995071, -0.10585416078750023, 0.4071734841173252, 0.2354197372472881, 0.35318554221011766, 0.10940238661691706, 0.7390004604784006, 0.0305255030670949]], "inverted": true, "swapped": false, "error_lsq": 0.04393186129644905, "error_max": 0.24865872749350174, "target": "745.xyz", "model": "17.xyz", "model_rescale": 3.901054581598922, "target_rescale": 3.6806494612906757},
{"mapping": [1, 4, 6, 10, 8, 5, 9, 0, 12, 11, 13, 14], "R": [[-0.22252827347517798, -0.10976843096753897, -0.9687270302139201], [-0.9688307968793408, 0.13583642853931507, 0.2071602078098615], [0.10884876904355822, 0.9846315840173969, -0.13657448236436387]], "T": [0.0735688484241313, -0.07517664880258272, 0.020039043705901847], "aligned_model": [[0.5061578644666047, 0.04531674010057721, -0.11775612913606204, -0.5965060356408969, 0.3844484005021643, -0.0552761852884214, -0.4814693948767634, 0.7853525995350259, -0.14386244655342073, -0.5731787132856714, -0.007526570134612748, 0.035963373328622955], [-0.38092631123499704, 0.15423788039236397, -0.6648065014380543, 0.16071701522778697, 0.43872467945639565, 0.502129684737283, 0.13138944416281273, -0.31311050694378983, -0.5494015201185115, -0.5424375361448736, 0.17041889813846306, -0.09570235504583927], [-0.4328068865592442, -0.7363634695628889, -0.40358476949727995, -0.3896041878315263, -0.26223313177955415, 0.22054440906550682, 0.30892071332992355, 0.1307453637785571, 0.5490092767691496, 0.030802105965121108, 0.6987205291702464, 0.05421997507741555]], "inverted": false, "swapped": false, "error_lsq": 0.05191422601673048, "error_max": 0.3993759746256099, "target": "745.xyz", "model": "18.xyz", "model_rescale": 3.9405287249114394, "target_rescale": 3.6806494612906757},
{"mapping": [0, 7, 8, 9, 12, 13, 11, 1, 2, 5, 10, 15], "R": [[0.5073595289739772, 0.8518505587652283, -0.1301419758981423], [0.19132326659888044, -0.25860655739764665, -0.9468463740907876], [-0.8402271811940139, 0.45549234241895464, -0.29418533270789676]], "T": [0.13157203192785308, 0.03113641133275613, -0.041806222004792865], "aligned_model": [[0.5004546375079266, -0.18717703339561317, -0.08624363981595076, -0.5967628859605228, 0.5733277349245957, -0.16210413405322763, -0.4663162620162251, 0.6268633929940783, -0.04388233967631519, -0.46146646765347044, -0.03586009523715564, 0.12083059539902659], [-0.39592536150412017, 0.11626897871987879, -0.5484632131822965, 0.05952183318515014, 0.3550596848363904, 0.6318164189039746, 0.23758821091620047, -0.35540863194771133, -0.5872589011541532, -0.5455233949121451, 0.03208736657717673, 0.011469880750695494], [-0.4345123760663653, -0.6637202259207977, -0.47642417370578105, -0.28208181828400214, -0.03376420969838974, -0.10713373084188868, 0.3033320753677434, 0.16015620308439607, 0.5431111088995418, 0.042047511572152974, 0.7262234749624856, -0.008863911443669402]], "inverted": true, "swapped": false, "error_lsq": 0.04347565984140404, "error_max": 0.2031297757126722, "target": "745.xyz", "model": "19.xyz", "model_rescale": 4.410303926677745, "target_rescale": 3.6806494612906757},
{"mapping": [11, 4, 12, 2, 6, 0, 1, 10, 8, 7, 5, 13], "R": [[-0.7301217957321211, 0.3364146633025663, 0.5947666245780137], [-0.6128896299759006, 0.062456812151702124, -0.7876962917799288], [-0.30213981012919566, -0.9396405275055286, 0.1605839786660726]], "T": [0.00697871342150394, -0.00913259330939277, -0.013760119494757004], "aligned_model": [[0.5944843762011905, 0.029903058757406897, -0.12759626343701364, -0.4988354762487054, 0.3542084872708263, -0.24847745467776974, -0.618924662400066, 0.6903348475680654, -0.07495040596032962, -0.5949774353941197, 0.2525643331642373, 0.02393009817342388], [-0.3014926184317876, 0.03986115706051679, -0.6549053130333914, 0.20326501975817096, 0.3244386434149854, 0.6588416141974908, 0.07336542611850146, -0.2410176178922565, -0.5853573157110314, -0.38912059158499074, -0.05314299012842495, -0.06350254257874294], [-0.520214496912816, -0.7153066124868134, -0.3819205564680536, -0.38476953614824716, -0.3372837467018837, 0.027615921982524782, 0.391898520371365, 0.3791619367781162, 0.4885448377749802, -0.0032206208691278777, 0.7842508524321894, 0.03961342817319227]], "inverted": false, "swapped": false, "error_lsq": 0.046001999465664994, "error_max": 0.23935136839180715, "target": "745.xyz", "model": "20.xyz", "model_rescale": 4.121658175737393, "target_rescale": 3.6806494612906757},
{"mapping": [11, 10, 9, 6, 4, 2, 1, 7, 5, 8, 0, 12], "R": [[0.8892961882623036, -0.3391664700829816, -0.30678721471663084], [0.4565348000553545, 0.6187868758451943, 0.6392798906740005], [-0.02698640177118236, -0.7085682097393269, 0.7051261066406846]], "T": [-0.0461028733695947, -0.09026770630227893, -0.031422988460877925], "aligned_model": [[0.7373631743764795, -0.11836386491596751, 0.03386247811118851, -0.6243137875139165, 0.28429969425998197, -0.1199560733071468, -0.38260163987354595, 0.499878670986628, -0.17091868924785777, -0.5361757807852623, 0.17068557162737105, 0.007903749299194136], [-0.222701412496062, 0.06818445310793958, -0.6333079277613263, 0.07432941408680843, 0.3124710882266697, 0.665045826457568, 0.2908194940286542, -0.4404233877824381, -0.4936223098243684, -0.5522670970598822, 0.05707879725746107, -0.11437406705198425], [-0.40985563588166257, -0.7919125044609128, -0.5019288179900193, -0.2788181961673284, -0.27177108729269717, -0.04751044624455968, 0.4417746360879919, 0.18331688125768028, 0.5030202787910598, -0.04081506082266175, 0.9269378561604027, 0.055932024488133274]], "inverted": false, "swapped": false, "error_lsq": 0.047670416632647254, "error_max": 0.23403903914723798, "target": "745.xyz", "model": "21.xyz", "model_rescale": 4.08911054899281, "target_rescale": 3.6806494612906757},
{"mapping": [0, 13, 2, 14, 7, 12, 9, 8, 11, 15, 5, 16], "R": [[0.385619380031807, 0.15746237217448078, 0.9091222663058423], [-0.8115611181319333, -0.4108663122446598, 0.4154003189682458], [0.4389376325633648, -0.8979946964273562, -0.030647673778112255]], "T": [0.0394580290843946, -0.11459948898052061, -0.05087577070146122], "aligned_model": [[0.6625025456907647, 0.024820204725310595, -0.19534034740074274, -0.5691962165169476, 0.4542805636708957, -0.24704033881106957, -0.35849196410953693, 0.4549564650107762, -0.07468533758918547, -0.5093625915611074, 0.0775523781553768, 0.061668141752612246], [-0.23983768219771381, 0.28084713336483336, -0.6500240283029206, 0.053442649663328096, 0.4298277900012297, 0.5559801280873137, 0.2723061720972514, -0.44707949127335145, -0.6130383810607885, -0.5849632550687877, 0.05943780575275884, -0.10566596987411346], [-0.4938321155772313, -0.5801561019078286, -0.4744842154527344, -0.16543769674378245, -0.2440528674525831, -0.1658156175800661, 0.395764379649401, 0.3936240784303054, 0.518705648381591, 0.04431284101087428, 0.631758021722374, -0.09201642655489316]], "inverted": true, "swapped": false, "error_lsq": 0.04285988736680373, "error_max": 0.22569936663453213, "target": "745.xyz", "model": "22.xyz", "model_rescale": 4.204369325754507, "target_rescale": 3.6806494612906757},
{"mapping": [0, 7, 8, 9, 12, 13, 11, 1, 2, 5, 10, 15], "R": [[0.5073595289739772, 0.8518505587652283, -0.1301419758981423], [0.19132326659888044, -0.25860655739764665, -0.9468463740907876], [-0.8402271811940139, 0.45549234241895464, -0.29418533270789676]], "T": [0.13157203192785308, 0.03113641133275613, -0.041806222004792865], "aligned_model": [[0.5004546375079266, -0.18717703339561317, -0.08624363981595076, -0.5967628859605228, 0.5733277349245957, -0.16210413405322763, -0.4663162620162251, 0.6268633929940783, -0.04388233967631519, -0.46146646765347044, -0.03586009523715564, 0.12083059539902659], [-0.39592536150412017, 0.11626897871987879, -0.5484632131822965, 0.05952183318515014, 0.3550596848363904, 0.6318164189039746, 0.23758821091620047, -0.35540863194771133, -0.5872589011541532, -0.5455233949121451, 0.03208736657717673, 0.011469880750695494], [-0.4345123760663653, -0.6637202259207977, -0.47642417370578105, -0.28208181828400214, -0.03376420969838974, -0.10713373084188868, 0.3033320753677434, 0.16015620308439607, 0.5431111088995418, 0.042047511572152974, 0.7262234749624856, -0.008863911443669402]], "inverted": true, "swapped": false, "error_lsq": 0.04347565984140404, "error_max": 0.2031297757126722, "target": "745.xyz", "model": "23.xyz", "model_rescale": 4.410303926677745, "target_rescale": 3.6806494612906757},
{"mapping": [7, 1, 0, 3, 11, 10, 4, 13, 5, 2, 15, 16], "R": [[-0.42382056275666974, -0.868831896560698, -0.2559438729553033], [-0.7571113105401688, 0.49493495690534517, -0.426405736224611], [0.4971504742397096, 0.013058481988529436, -0.8675660678077419]], "T": [0.14442462325373404, -0.024004859448339175, 0.11502702320538184], "aligned_model": [[0.45869083768659646, 0.024460272050975868, -0.14519775169151136, -0.6131191435032155, 0.5243069992111652, -0.15594457516476654, -0.5251412656164677, 0.737947042406502, -0.15751198752004839, -0.6388611809558591, 0.21449252699907706, 0.05754172911469849], [-0.2600795090054503, 0.15602398229383324, -0.5886893928841597, -0.028662714542413745, 0.4124664696682473, 0.5359327955131579, 0.014944744159464424, -0.3994688185997663, -0.42120270525992776, -0.4710458126787364, 0.08872784440693766, -0.027714011882146478], [-0.4211039337303497, -0.7153545277408146, -0.2944068160356035, -0.37010876239250246, -0.14169003097470212, -0.0265078257656821, 0.2701038487835514, 0.14576099741176246, 0.4980024633905293, -0.02465721440562567, 0.816237417581393, 0.03209431180347008]], "inverted": true, "swapped": false, "error_lsq": 0.04199446562217558, "error_max": 0.22896190812498965, "target": "745.xyz", "model": "24.xyz", "model_rescale": 4.28219845311461, "target_rescale": 3.6806494612906757},
{"mapping": [10, 14, 6, 2, 11, 13, 4, 5, 1, 0, 3, 15], "R": [[0.4568873392962719, 0.5390164055422157, -0.7076123753490491], [-0.8668739230759275, 0.09143180155312688, -0.4900712470199623], [-0.1994581677488403, 0.8373180639524623, 0.5090332986133385]], "T": [0.03785808031168642, 0.07581577752699374, 0.04350635689037918], "aligned_model": [[0.4441295432463254, 0.061916671568639066, -0.188515664943958, -0.5173020169662392, 0.512383169389156, -0.20923280300843938, -0.5650253247666757, 0.7448140731049689, 0.06934010096578702, -0.578253003521606, 0.028981720737960466, -0.021572962788772167], [-0.29366548074075116, 0.13773626714332526, -0.6163906432332048, 0.0881663961009568, 0.17237563298556968, 0.5974207732431993, 0.06465393959720399, -0.29487485787680245, -0.4155177407705192, -0.45890188103907004, -0.001445060782562943, 0.03167552656169499], [-0.5293216426188195, -0.7152634778072279, -0.48734421858101407, -0.3570242324522128, -0.20544987500276543, -0.09717335295074084, 0.4570950248696418, 0.3402930782775328, 0.4527466958351045, 0.0496974820868708, 0.8142185716399881, 0.04589587462906783]], "inverted": true, "swapped": false, "error_lsq": 0.03999924588794304, "error_max": 0.19711026316610694, "target": "745.xyz", "model": "25.xyz", "model_rescale": 4.100010024507729, "target_rescale": 3.6806494612906757},
{"mapping": [3, 8, 1, 10, 7, 9, 4, 2, 6, 0, 5, 11], "R": [[0.9617937549797112, -0.05510671879223347, 0.268171628674588], [0.22017513897022167, 0.7378607710096378, -0.6380316534346135], [-0.1627134937903767, 0.6726995853640887, 0.7218030110698571]], "T": [0.0044584153369432306, -0.14421394012267943, -0.03216189724456629], "aligned_model": [[0.6403532847459128, -0.0036128980800739646, -0.03045828652143308, -0.5036699289738131, 0.4436086957608585, -0.21442920589115183, -0.5169946686947481, 0.58886972635711, -0.0768882111052142, -0.6490488248631144, 0.1529013678055684, -0.04896754752275431], [-0.14970231293037486, -0.029694355206913686, -0.7431764010566936, 0.14128627426473886, 0.36903860845163294, 0.6499977730386752, 0.1281497858458648, -0.5604086764706057, -0.45690930896573245, -0.5123556106849682, 0.2198541994713716, -0.04484710456795507], [-0.5358276785668818, -0.6352190649536145, -0.40521865979070293, -0.3065659348009405, -0.07985989805090675, -0.05719919121412868, 0.6157148365270791, 0.14950441050854352, 0.5300537827338236, -0.1381782796369288, 0.6078422042395211, 0.023323400930562843]], "inverted": false, "swapped": false, "error_lsq": 0.043784428010431496, "error_max": 0.22787951054732566, "target": "745.xyz", "model": "26.xyz", "model_rescale": 3.6694154284099745, "target_rescale": 3.6806494612906757},
{"mapping": [8, 9, 10, 12, 7, 3, 6, 5, 0, 2, 1, 13], "R": [[-0.14782969310428468, 0.8193217956818075, -0.5539478106802409], [0.9542494119706018, -0.029033604970296945, -0.2975989071488506], [-0.25991237290759067, -0.5725983277160069, -0.777545312831592]], "T": [0.003858679234838819, -0.17946601468974707, -0.10167237806049088], "aligned_model": [[0.5009982569106702, -0.030458818154721873, -0.07704446424441597, -0.6830806047701691, 0.4172764688478643, -0.07684755619769965, -0.4242836072649756, 0.6148134515674819, 0.03003616332677614, -0.5444718469992976, 0.095752765823955, -0.04102670582832102], [-0.3692232611428238, 0.14797940887854602, -0.5616249018591949, 0.19702429523572926, 0.29457108036044755, 0.6241120489560211, 0.11708225097048877, -0.2237819083192974, -0.5684577034404917, -0.5321754048158058, 0.09613676372816296, -0.21040979736274232], [-0.4555107877292149, -0.6987195616460526, -0.5591655323537777, -0.228567137528152, -0.07924274439658945, -0.1257559725423814, 0.3454783129252311, 0.3990759294323384, 0.4321192934206234, 0.09083571610695372, 0.7321412936156394, -0.08431888137919184]], "inverted": false, "swapped": false, "error_lsq": 0.03895220056111245, "error_max": 0.2172782720959972, "target": "745.xyz", "model": "27.xyz", "model_rescale": 4.103607728864725, "target_rescale": 3.6806494612906757},
{"mapping": [1, 0, 2, 3, 5, 9, 10, 8, 13, 12, 11, 14], "R": [[0.26358036834799137, 0.9507047595341431, 0.16335804118764707], [-0.9232693969134567, 0.19957224980410307, 0.3282446310774802], [0.27946200125347925, -0.23734232093593524, 0.9303599370932437]], "T": [-0.03302903118382122, -0.02559286041502675, 0.12722647434093518], "aligned_model": [[0.5096521723167333, 0.003995087923142127, -0.15612093847896058, -0.5486364748129502, 0.44056804025481816, -0.16001432213065553, -0.42908107087947184, 0.6328116454443602, -0.06410686926077563, -0.6588616614877205, 0.19366273615966567, 0.017795157968961514], [-0.2206354410156751, 0.11087129697745693, -0.5633398497461778, -0.08733779856589335, 0.4685351748899735, 0.7486641435156156, 0.24807320200802133, -0.46229378920678144, -0.5599887430814934, -0.6069342969006393, 0.004000928396918825, -0.06838195608228591], [-0.5585696580444105, -0.5725581277568531, -0.35959717345753517, -0.4148688855855166, -0.1310054156963604, -0.10627888705465358, 0.294632998815137, 0.3227474935341781, 0.4923671890295219, 0.03965210482288686, 0.7751433546131874, -0.0132950652941555]], "inverted": false, "swapped": false, "error_lsq": 0.0403225676837767, "error_max": 0.20764245452034258, "target": "745.xyz", "model": "28.xyz", "model_rescale": 4.137296879288765, "target_rescale": 3.6806494612906757},
{"mapping": [1, 0, 7, 8, 10, 4, 5, 2, 9, 3, 11], "R": [[-0.2357096760182212, -0.8957072828599687, 0.3770270707296731], [0.5111749269392282, -0.4442252418771128, -0.7357745093083179], [0.8265235282192882, 0.01929761412282266, 0.5625712927168491]], "T": [0.08208118851118074, 0.09565550180824203, -0.0362593417140452], "aligned_model": [[0.5127743427662532, 0.14314150420129174, -0.24411212860720077, -0.604859018369749, -0.03377475264952168, 0.5326390665559755, 0.6473873493121838, -0.34815542659163834, -0.5458032537691176, 0.1154772136361376, 0.04670411422528413], [-0.35675462308243544, -0.6821090841523497, -0.2034620222474023, 0.16593826803755982, 0.628708173581989, -0.09058663561098981, 0.37917158208043633, -0.43539456129519116, 0.21583006851628206, 0.21719654281083245, 0.08061010800922053], [0.38322252249368516, -0.28647815705741947, -0.7381908673982945, -0.23868858973071527, -0.5612699142223628, -0.3575382401418295, 0.18832468159910898, 0.31031182070134355, 0.5042560816324549, 0.6215869828215955, -0.019782298914567918]], "inverted": true, "swapped": true, "error_lsq": 0.04557157455318461, "error_max": 0.3094176379796872, "target": "745.xyz", "model": "29.xyz", "model_rescale": 3.607286011436655, "target_rescale": 3.6806494612906757},
