[{"mapping": [7, 5, 6, 8, 9, 1, 4, 3, 11, 10, 2, 12], "R": [[0.9092226540397395, 0.3982354313206832, 0.12133716092674239], [-0.2710450379556918, 0.3450387515846175, 0.8986004937148245], [0.31598853267251686, -0.8499157612056377, 0.4216567870599401]], "T": [-0.07140066222952245, 0.002905740412677188, -0.023291021515847207], "aligned_model": [[-0.29723346525944727, 0.19159583911241806, 0.4844977689471065, -0.29910732976771665, 0.019931677262604405, -0.6072595767854113, 0.4241137537456048, -0.29853169823714815, 0.5513511746541296, 0.14196838174737675, -0.4541350464602412, -0.019549016498726722], [-0.3210345381487484, -0.6691783589099891, -0.24000966949615568, 0.5739758562796649, 0.32546246521237254, -0.6310657483620934, -0.3089497266632263, -0.3537024650284979, 0.0646345853442145, 0.4769880476623303, 0.19191351321148528, -0.055478925124299305], [-0.6386537038440193, -0.012384694943638766, -0.5981440007250107, 0.017002928754646915, -0.6632749318390986, -0.03559467577731172, 0.5957374080091811, 0.5392394094691704, -0.05829189382015111, 0.42255599880041395, 0.5701688150912909, 0.04359108617808988]], "inverted": false, "swapped": true, "error_lsq": 0.04467911659789118, "error_max": 0.27072917235882177, "target": "746.xyz", "model": "0.xyz", "model_rescale": 3.751011558992144, "target_rescale": 3.936819836847187},
{"mapping": [12, 13, 0, 2, 8, 5, 10, 9, 7, 11, 1, 4, 14], "R": [[0.7572899052312797, 0.6417996874574792, -0.1208518126230706], [-0.460090678984296, 0.39296154178726195, -0.7961769864721961], [-0.4634960264625459, 0.6585395871590867, 0.5928718627138336]], "T": [0.03215710712529723, -0.023979013400579976, -0.013113159259995677], "aligned_model": [[-0.699417842909737, -0.3088294144491522, -0.1217743787298591, 0.09622715564429601, 0.6214627577100956, 0.2575930941203632, 0.40828713018060203, -0.1079171314072685, -0.39971731059385907, -0.36832999141124406, 0.21053627315245557, 0.7356078357498905, -0.011192564305416368], [0.07938747459852663, -0.34110981644867705, -0.5849471364799376, -0.8104529641150338, -0.3281399274674738, -0.19924221270522846, 0.6362307640416196, 0.23924244829279448, 0.036552087861427135, 0.6645212280856989, -0.079297636336251, 0.25985399387923286, -0.0011174556988390628], [-0.0911424211889608, -0.5704805822075566, 0.47384102857570987, -0.2602808264789915, -0.038077948117344176, -0.568583656885819, -0.32150090813306287, -0.6007212694302172, 0.4863840848735356, -0.061159910511190296, 0.6583079250974981, 0.21087314899529627, -0.03764818747817049]], "inverted": true, "swapped": false, "error_lsq": 0.04156546108867657, "error_max": 0.22218169987987255, "target": "746.xyz", "model": "1.xyz", "model_rescale": 3.9405287249114394, "target_rescale": 3.936819836847187},
{"mapping": [1, 7, 0, 6, 11, 3, 8, 4, 2, 4, 5, 9, 12], "R": [[0.4116281097204533, 0.6909430445340234, -0.5942726718418244], [-0.06558102556644912, 0.6728447276943101, 0.7368711566479057], [0.9089892344651939, -0.26434387003300075, 0.32227455686472806]], "T": [0.057089370371707956, -0.07402652344088842, -0.07123484970569481], "aligned_model": [[-0.7291077683416081, -0.275640181712367, -0.24462525014013747, 0.08613742359318376, 0.6220082386198278, 0.23613443864186756, 0.3849018711202059, -0.2628189670196634, -0.21311537798565938, -0.2628189670196634, 0.23691046994435633, 0.7199730606773377, 0.014596622373486495], [-0.05868422078549848, -0.3676174417621655, -0.6801496461942032, -0.6051525153244227, -0.432615515977846, -0.052296285394047126, 0.613082220907252, 0.4250106854023815, 0.16187843276181899, 0.4250106854023815, -0.15325922882925297, 0.3123820682155922, -0.016108390914131854], [0.02302545576002689, -0.7285059284892824, 0.42324774463817305, -0.18266682330034084, 0.17349948741473398, -0.6137017508632241, -0.21652871710242994, -0.44582294580622117, 0.5079955648321998, -0.44582294580622117, 0.6283813528811757, 0.17706883635414628, -0.02035885340200886]], "inverted": true, "swapped": false, "error_lsq": 0.05823741485482444, "error_max": 0.5492384151289417, "target": "746.xyz", "model": "2.xyz", "model_rescale": 3.932901565614263, "target_rescale": 3.936819836847187},
{"mapping": [9, 12, 11, 10, 1, 6, 4, 5, 8, 7, 3, 0, 13], "R": [[0.2522181832704303, -0.0316669997970937, -0.9671521023870107], [-0.9328050697641389, -0.2738255401859654, -0.23429527388358537], [-0.2574115184875838, 0.9612579126674147, -0.09860291823369732]], "T": [0.08279394618862992, -0.017232265456566902, 0.020686501786017275], "aligned_model": [[-0.6250882395831449, -0.31846727620349624, -0.19270827101393503, 0.0725216977039089, 0.7229091341703606, 0.24232069145538945, 0.44661009106953453, -0.2133630007028086, -0.437213529525568, -0.23310693135782792, 0.16641988614253586, 0.6419060037396614, 0.039795356856556705], [0.10800943600539593, -0.3440985770650619, -0.734780065116669, -0.6823966619580022, -0.38322011285389673, -0.17832309480536226, 0.6552890593671936, 0.22027870730173335, -0.017651001261789877, 0.6217204555309089, 0.06301626444234577, 0.3030696310673438, -0.0594331931462804], [-0.13100485152962948, -0.5408094072813329, 0.4755847122538591, -0.24501304062830814, 0.091918956360711, -0.6237459794919442, -0.40189992123188556, -0.5897881383768763, 0.5387393710895104, 0.061779119799732496, 0.5179312641486871, 0.20440022290462329, -0.07828183090642009]], "inverted": false, "swapped": false, "error_lsq": 0.038683330861300144, "error_max": 0.23211230879677017, "target": "746.xyz", "model": "3.xyz", "model_rescale": 3.9243930471874484, "target_rescale": 3.936819836847187},
{"mapping": [8, 9, 7, 1, 0, 5, 6, 11, 4, 10, 2, 3, 12], "R": [[0.14265778174234545, 0.9459380686375477, 0.29129010901611385], [-0.26021459175514583, 0.3197915770031825, -0.9110552746763064], [-0.9549539902770479, 0.05417118773004512, 0.29176764535133104]], "T": [-0.06355788138456887, 0.025037004270634163, -0.10661911824551101], "aligned_model": [[-0.6746473738262029, -0.5189388182496623, -0.22198475590747907, 0.0804664177021205, 0.6716318196269454, 0.5504732519564177, 0.4251367425540073, -0.19528932162763202, -0.1993986031194684, -0.38408158385024893, 0.35937058961748053, 0.3828340925772138, 0.03696315529767506], [-0.0426135954635135, -0.23150979103597052, -0.5436769315591568, -0.6683701227256377, -0.3476804013832087, -0.18276389744554755, 0.47875139236314046, 0.3373653043544753, 0.07351907567481061, 0.6504757101087659, -0.2867763818735687, 0.36242863424503086, -0.02766814775176104], [0.02876698702110672, -0.5804327270988823, 0.4359526682805365, -0.1993760990385946, 0.10290460931263593, -0.4982920076683153, -0.3838145967585754, -0.8216239727785022, 0.46919687363989876, -0.04988552223638043, 0.6517465000091225, 0.26735208916275577, -0.14268432473607887]], "inverted": true, "swapped": false, "error_lsq": 0.05094825010327789, "error_max": 0.2820833113594055, "target": "746.xyz", "model": "4.xyz", "model_rescale": 3.8936222436046832, "target_rescale": 3.936819836847187},
{"mapping": [1, 3, 0, 7, 8, 10, 4, 11, 6, 5, 9, 12], "R": [[0.25558331294625863, 0.5805062250458493, -0.7731039340389061], [-0.2266442008570988, 0.8133556297380984, 0.5358031595569301], [0.9398455066452478, 0.038277176703094024, 0.33944849592004117]], "T": [-0.17056212270818927, 0.02009793134792689, -0.04236280410334026], "aligned_model": [[-0.002247822508092634, -0.46901612827646744, -0.2517669876690717, 0.3830465185382834, -0.6064248338527132, -0.6882076693723346, -0.2687713508647358, 0.05075882030164158, 0.596501328664008, 0.29747286529679434, 0.15408170040706604, -0.1678783984492809], [-0.5933797822791139, -0.6171802940649015, 0.14380347479690173, 0.04246050722548253, 0.4271257209978595, 0.2101305642745928, -0.4785269502135928, 0.20359896894352733, 0.23037466026765033, -0.49115977993873566, 0.6460931675519033, -0.054417352451765974], [-0.5757776483171009, -0.042637513020086316, -0.7678798568257704, -0.519464865866109, -0.19711125027492934, 0.3638275883746164, 0.6415324659030989, 0.5145930030188982, 0.2143165069157964, 0.15898750479351553, -0.19952576025487714, 0.02842454482846629]], "inverted": false, "swapped": true, "error_lsq": 0.036186681639170305, "error_max": 0.1770224318806378, "target": "746.xyz", "model": "5.xyz", "model_rescale": 3.6523030999806103, "target_rescale": 3.936819836847187},
{"mapping": [9, 11, 10, 4, 2, 3, 0, 7, 8, 5, 6, 1, 12], "R": [[-0.2616330308498836, -0.2407120701737006, -0.9346688485452991], [0.47449173431033803, 0.8112166078715477, -0.34173850995248867], [0.8404794769888623, -0.5329027250690983, -0.09802517214704355]], "T": [-0.011798947353543778, -0.039186322238986146, 0.01759669993312729], "aligned_model": [[-0.7193943840956994, -0.41499572525529116, -0.2309152824673434, 0.17638239178924847, 0.6445118750502432, 0.3477700126416356, 0.5477592023203379, -0.28571678977569787, -0.34985904462346645, -0.08682649270424289, 0.09009460058653566, 0.5916716925360098, 0.0020535567488975132], [-0.17757242818610075, -0.48368571678972566, -0.7303698456738209, -0.5229044439689379, -0.41168122233895615, 0.05272122627037272, 0.6266380398543171, 0.17645812096569707, 0.30742465364612953, 0.6367804942423956, -0.18097452368907296, 0.24698804771573774, 0.03165844545982388], [0.07070845722954455, -0.6261591929910878, 0.3055661606151539, -0.2268131285013903, 0.0995435607900016, -0.5696884680074265, -0.46275351238626405, -0.5700124809132221, 0.48586938192120666, -0.019053817681487492, 0.6438061480332352, 0.2081282793779845, -0.059330910375521115]], "inverted": true, "swapped": false, "error_lsq": 0.0483110040505453, "error_max": 0.27706317108283196, "target": "746.xyz", "model": "6.xyz", "model_rescale": 4.08911054899281, "target_rescale": 3.936819836847187},
{"mapping": [7, 13, 0, 1, 9, 11, 10, 12, 6, 5, 3, 8, 14], "R": [[-0.7555525788818036, -0.42102284941522405, 0.5018765394151651], [-0.49767697775749453, 0.8670876254486151, -0.021832901869629634], [-0.4259787862737092, -0.2662683046556015, -0.8646636707880178]], "T": [-0.015145380228597193, 0.00927494082031307, -0.059165680807729264], "aligned_model": [[-0.7800499580785448, -0.37083085998375226, -0.06393957685129072, 0.07360756338030135, 0.638993613926745, 0.3251878063665194, 0.3597302750563507, -0.15813546315373778, -0.2899412359342589, -0.3131333807473899, 0.2034744416332086, 0.5710244525277548, 0.11654793460926131], [0.1281999533038689, -0.25824292306767704, -0.6594879650954254, -0.7085450897086388, -0.3993835272003317, -0.07104825816753452, 0.5350664639094137, 0.30817583547300587, -0.09609934608707044, 0.7104687080516419, -0.09732501775648092, 0.2690821127836502, -0.08938009893056276], [-0.0509929990305879, -0.6403855654845831, 0.6004034855053815, -0.1808348125855365, 0.08104038449704737, -0.530602387867679, -0.37898815629109484, -0.6902076836665552, 0.3439800295740495, -0.0647943508173646, 0.6940230462629244, 0.17332976828275737, -0.07616028126803173]], "inverted": false, "swapped": false, "error_lsq": 0.041789994126366754, "error_max": 0.2790395142242248, "target": "746.xyz", "model": "7.xyz", "model_rescale": 3.964800864290218, "target_rescale": 3.936819836847187},
{"mapping": [6, 0, 4, 2, 7, 1, 5, 3, 11, 10, 12, 8, 13], "R": [[-0.6851365024849169, 0.7103333693696289, -0.16129004099052782], [0.5773353374144109, 0.3945385430506621, -0.7148588995179743], [-0.4441529929374832, -0.5828943664228121, -0.6804133129629554]], "T": [0.004018415960725958, -0.0477597802456421, -0.06284599719681057], "aligned_model": [[-0.5739394921009381, -0.2065214326527934, -0.38089765234397727, 0.023356158664634825, 0.621061182691353, 0.5551526311837119, 0.2601790225747664, -0.41753783545364304, -0.447341067151056, -0.1073460276038692, 0.293393063006654, 0.6417542951224973, 0.0512227668138264], [-0.09137813245414048, -0.35907449178622514, -0.5058409518801631, -0.7034237339669678, -0.3817077053829783, -0.2462154399767687, 0.6645263430168828, 0.1985370839677249, 0.10584508105515084, 0.7536832158086985, -0.2357717122720317, 0.36001751000059523, 0.012283781378082226], [-0.03901494522382505, -0.6726947448768753, 0.3074169574295412, -0.15416718450692346, 0.0579437883133634, -0.5318729890678771, -0.41795294615043316, -0.5991209987347664, 0.6152494887662722, 0.08005640933373735, 0.6091575476980943, 0.0715720499415081, -0.04676195581108898]], "inverted": true, "swapped": false, "error_lsq": 0.04069138464452325, "error_max": 0.2106819389042419, "target": "746.xyz", "model": "8.xyz", "model_rescale": 4.121658175737393, "target_rescale": 3.936819836847187},
{"mapping": [0, 1, 3, 2, 8, 6, 9, 4, 10, 5, 11, 7, 12], "R": [[-0.7835946868594704, 0.4246994110926119, -0.4534421428839598], [0.5752222005777704, 0.22019932431338385, -0.7878018009210164], [-0.2347313074305939, -0.8781472927644418, -0.4168435504147883]], "T": [0.06892675347166365, -0.024583853058247073, -0.013228596704402892], "aligned_model": [[-0.7008532187688674, -0.22093896207570285, -0.2444180971682905, -0.05941026859035324, 0.6708254697838899, 0.5041807969968265, 0.4048596381932106, -0.34455813732822244, -0.3688989929375873, -0.23110592284853693, 0.3104596885384818, 0.5601249530003974, 0.03226866595592147], [-0.07127440344627396, -0.29817580659972515, -0.5488512807341929, -0.6990759996899065, -0.4347476820847778, -0.09968935216138028, 0.5750993112172048, 0.360298665250642, 0.1229360702096728, 0.5037461551575956, -0.14617953051740668, 0.3620984623829959, -0.05470376147658808], [-0.16841567723660578, -0.5754180893322016, 0.4864139358381079, -0.11780585885710594, -0.019303659443877477, -0.547171600866306, -0.48303602159484516, -0.6980815808543873, 0.5892888873701876, 0.09886824461845531, 0.5611479409908274, 0.24056664757321267, -0.0872426910947348]], "inverted": true, "swapped": false, "error_lsq": 0.03548235359155416, "error_max": 0.20120631839363795, "target": "746.xyz", "model": "9.xyz", "model_rescale": 3.833441315466971, "target_rescale": 3.936819836847187},
{"mapping": [10, 13, 9, 2, 3, 5, 1, 0, 11, 12, 7, 6, 14], "R": [[0.7077571490505965, -0.19197198911440724, 0.6798724684550994], [-0.5843091221038158, 0.3818337203432914, 0.7160906785003346], [-0.3970675859271824, -0.9040739822626572, 0.15807456089358796]], "T": [0.03962340572726733, 0.02890146735237037, -0.016403431879860056], "aligned_model": [[-0.7740835282102678, -0.19881719031460648, -0.052859614995419274, 0.11252981871820203, 0.5961644260676365, 0.3349150396527413, 0.192303401152931, -0.2527092396789411, -0.323187451977724, -0.06205442285470361, 0.1326503173087069, 0.5456186182535518, 0.06206543962905942], [0.13940018114006325, -0.3621248896834161, -0.7139185749194767, -0.6473957803819075, -0.5685754332943436, -0.14960791306339633, 0.5744765200792497, 0.2395830818689067, 0.17075638773299442, 0.6103955197705659, -0.14075891345305977, 0.4740412735532778, -0.05479061184159906], [-0.05415529849744337, -0.6690373351343359, 0.2959671848720574, -0.24868976935899584, 0.2795784858443986, -0.5981013375871214, -0.4903713777925636, -0.5943115936479563, 0.5435809823128442, 0.10420479125560031, 0.6211507428287616, 0.06755468792289816, 0.022440314092583055]], "inverted": true, "swapped": false, "error_lsq": 0.045901499467042625, "error_max": 0.3041812790338089, "target": "746.xyz", "model": "10.xyz", "model_rescale": 4.2482417240324, "target_rescale": 3.936819836847187},
{"mapping": [1, 7, 9, 6, 2, 10, 8, 11, 5, 4, 3, 12], "R": [[-0.581304651512672, -0.8033872627408446, -0.12904963461980243], [-0.34970113718752704, 0.38987224791215436, -0.851885406001109], [0.7347067556375684, -0.450076145084026, -0.5075799905894848]], "T": [-0.023909980250465715, 0.05315824658863017, 0.07017779121936885], "aligned_model": [[-0.6308570437096475, -0.02172208424899358, 0.41561685129446774, 0.6548708920887883, -0.5740299428996786, 0.07389139325235648, -0.10405113757492818, 0.5443381270247938, 0.04015757826708276, 0.05551614598929791, -0.5543629296545282, -0.022602247466004612], [-0.43920349610665077, -0.6735678838055136, -0.2622549439118818, -0.3896837133694885, 0.5280723972983687, 0.721281456164853, 0.3310596218763682, 0.22390899896144073, -0.22850280936907302, 0.5136595765876426, 0.252137242139569, 0.08922494358500499], [-0.20984217464885652, 0.1506348251839033, 0.5490248712288542, -0.13386738933699135, 0.1490999102170268, 0.18466017705311666, 0.6141844332945967, -0.1317965409191753, -0.5912944619720653, -0.6422929666957963, -0.34722541107804156, -0.026092982472214657]], "inverted": true, "swapped": true, "error_lsq": 0.04667049101860127, "error_max": 0.3128334915159993, "target": "746.xyz", "model": "11.xyz", "model_rescale": 3.6694154284099745, "target_rescale": 3.936819836847187},
{"mapping": [4, 1, 8, 2, 10, 12, 5, 0, 11, 6, 9, 7, 13], "R": [[-0.8712607164762303, 0.0998391332225214, 0.48055895725987835], [-0.04839365843334008, -0.9917963393881164, 0.11831346077167021], [0.488428928042518, 0.07982586456599114, 0.8689447701652442]], "T": [0.02264959790148317, -0.01599070233671871, -0.05914663528605694], "aligned_model": [[-0.7148735046326873, -0.34261867149773245, -0.16750649946263996, 0.043115924320069166, 0.568636360058423, 0.4488999492369239, 0.3880147292898768, -0.2828803903665367, -0.33959882121641904, -0.1476258932960991, 0.29399958986154917, 0.6148859912033056, -0.049913150746866], [0.004580049401692161, -0.47542380590973016, -0.5774011136754842, -0.6537359439561334, -0.3184894927103325, -0.15788864001091057, 0.6237707891252934, 0.305695123029488, 0.13614282925595406, 0.5167053680938377, -0.15334605216568994, 0.3182299239548634, 0.002641813075011122], [-0.11672412352217529, -0.6690431911157603, 0.41123284979675795, -0.19762302196277265, 0.05884372313497698, -0.5689937825142368, -0.37818322767715795, -0.6194211398397305, 0.5658814603374888, 0.025091046893212503, 0.6839475422087758, 0.24038290562711537, -0.1555805642557668]], "inverted": false, "swapped": false, "error_lsq": 0.032375316556691264, "error_max": 0.20118742974074524, "target": "746.xyz", "model": "12.xyz", "model_rescale": 3.9764082729961374, "target_rescale": 3.936819836847187},
{"mapping": [11, 1, 13, 12, 5, 0, 7, 8, 14, 3, 6, 4, 15], "R": [[0.4411416035279999, 0.25350992331498656, -0.860887219336874], [-0.6166732631871837, 0.7825561809054006, -0.08555647372831991], [0.6520031994605668, 0.5686286507973229, 0.5015508801563414]], "T": [0.03994232518645168, -0.13027776863452645, -0.12628040710295918], "aligned_model": [[-0.7161770078073209, -0.14733036581848324, -0.25650969047668754, -0.11760565718548016, 0.7748922062781131, 0.6257436371285829, 0.3355482486030579, -0.4515410533509011, -0.3390978974128008, -0.30928233485874723, 0.22810515755227126, 0.6231333825657629, 0.06265698753380007], [0.0473271098226761, -0.3947994250888636, -0.4404861266094617, -0.7456779433810838, -0.4762328296707852, 0.020519585464717716, 0.5126746256107797, 0.21871752090605429, 0.1529584784722613, 0.6282468411880968, -0.143270703975735, 0.22743437759781626, -0.035930662828614096], [0.03890058505614297, -0.6724303963288306, 0.3100308616475228, -0.18690047903221516, 0.08105428334094539, -0.5277837251786711, -0.3913522005820734, -0.49546764029032764, 0.5178576041584794, -0.02080054919935842, 0.6140470460193218, 0.09233782820663261, -0.07968274070684186]], "inverted": false, "swapped": false, "error_lsq": 0.04183402333576668, "error_max": 0.2580883590232081, "target": "746.xyz", "model": "13.xyz", "model_rescale": 4.170626492500431, "target_rescale": 3.936819836847187},
{"mapping": [9, 10, 7, 8, 4, 12, 6, 11, 1, 3, 0, 2, 13], "R": [[-0.08166333303976012, -0.7066995951870718, 0.7027850184795249], [0.9737712649336989, 0.0936767785022524, 0.2073503912676895], [-0.21236907408156497, 0.7012847804792778, 0.6805138007725264]], "T": [0.08195134241397721, -0.009515432560717352, -0.04537644698085265], "aligned_model": [[-0.7129852844769612, -0.2660524597728564, -0.26493954463194086, 0.25776859227315235, 0.7403859886143987, 0.2433272016279468, 0.4127621244415556, -0.23461284135716232, -0.4799284735741484, -0.1180866138252545, 0.12127738801715153, 0.5340142148432655, 0.07960532057202], [0.06934549638321974, -0.37235852636122924, -0.638897628731899, -0.729538868026345, -0.2622831830431735, -0.3872420915027701, 0.657332388981827, 0.3505036603242721, 0.057786109860352, 0.6364339919767497, -0.14398535265763357, 0.28811285851472335, 0.04627199178976536], [-0.1801471840762427, -0.301436103935261, 0.3300893524151035, -0.09239601564279373, -0.12044582550488879, -0.6511705740352505, -0.43699804550211946, -0.5648309892102251, 0.47479279919604434, 0.08955969137070123, 0.5344767320690069, 0.3287742271583744, -0.13045758719172212]], "inverted": true, "swapped": false, "error_lsq": 0.05216811434420931, "error_max": 0.34614914042301664, "target": "746.xyz", "model": "14.xyz", "model_rescale": 3.9786697098870705, "target_rescale": 3.936819836847187},
{"mapping": [9, 8, 7, 6, 0, 1, 10, 3, 5, 11, 2, 12], "R": [[-0.2751362982050728, -0.17534806093589722, 0.9452793634349743], [0.6103387527989531, 0.7278265413548102, 0.31265817202068047], [-0.7428234139025425, 0.6629642397788253, -0.09322978350643345]], "T": [-0.010202784384001719, -0.039396608242084435, 0.0038950229905105084], "aligned_model": [[0.024843363354959742, -0.5686312352984595, 0.5066401585084837, 0.578496836411596, -0.09592793123145127, 0.43289239260576623, -0.5811606640992861, -0.008043040882899873, 0.6191094058944965, 0.0804645641832521, -0.5253755443558299, 0.02004629167670964], [-0.42637310106210446, -0.03593881798639664, 0.09787074300458126, -0.6099792673028614, 0.4244954559264168, 0.66244735665915, -0.27053224336530524, 0.4571735086793901, -0.021920579145154828, -0.6220301233624056, 0.4035651077871717, -0.04410354960804304], [-0.6051901959703726, -0.2563754421066882, -0.49474315892588594, -0.15844750229389262, -0.5668305129405823, -0.013359479512343207, 0.3033000434341749, 0.5025049506681138, 0.35694445269355257, 0.21643438561054204, 0.2736839594427486, 0.10204499377446276]], "inverted": true, "swapped": true, "error_lsq": 0.049311276433216304, "error_max": 0.3266290215973206, "target": "746.xyz", "model": "15.xyz", "model_rescale": 3.769337070930944, "target_rescale": 3.936819836847187},
{"mapping": [9, 0, 11, 10, 6, 7, 5, 1, 4, 2, 12], "R": [[0.37456828951702614, -0.03738293907975204, -0.9264454179033156], [0.9253847615783419, 0.0775535117117859, 0.3710101020993435], [0.05797964752294285, -0.9962870914986952, 0.0636426883953363]], "T": [-0.12024931656458475, 0.0403958738626374, -0.002653231380687404], "aligned_model": [[-0.252286336994621, -0.28630205881747545, -0.03747189137656175, -0.6308973674585358, 0.36658664202133123, 0.28633725249005454, 0.5696310271429798, 0.3687542757036797, 0.13184915381183954, -0.5235836883870804, -0.0699908774444399], [-0.08563495797477963, -0.6772450376632646, 0.6049809253219681, 0.45867686281935766, 0.30362256645806657, -0.43781683627578033, 0.21233689832912506, -0.525160485706449, 0.697876396048876, -0.06275881464242608, 0.10718698091064827], [-0.7016856319785265, -0.07808727050713324, -0.2619734566785087, 0.17993792638785236, -0.6289034749690376, -0.37763183814029494, 0.1217836590943958, 0.35823109315585333, 0.4770865830230185, 0.5982499384084062, 0.05721007942775184]], "inverted": false, "swapped": true, "error_lsq": 0.04754449383802742, "error_max": 0.24129134466930122, "target": "746.xyz", "model": "16.xyz", "model_rescale": 3.7852294659196426, "target_rescale": 3.936819836847187},
{"mapping": [11, 9, 6, 10, 4, 0, 3, 8, 7, 2, 5, 1, 12], "R": [[-0.7164902380172189, -0.46262741923884293, -0.5221279630458769], [0.29515763747521057, -0.8792122487838097, 0.3739890247434656], [-0.6320788778831966, 0.11384942932190825, 0.7664950094925568]], "T": [0.0509677847555325, 0.02678395312336604, -0.07581854777476776], "aligned_model": [[-0.6823981127913332, -0.2803029498871061, -0.2998500455550887, -0.0631128482731378, 0.665487121692352, 0.4554529361486323, 0.4701759142582995, -0.2743992292118454, -0.2967724418080894, -0.17944132914510919, 0.3595322513646488, 0.4400544358548174, -0.001890089895873609], [0.017830718132455375, -0.4092234777142634, -0.5490064531166114, -0.7706516949379265, -0.3147924479743397, -0.12473198287004242, 0.619159703107536, 0.2080991072612867, 0.1026445397208263, 0.5716805381646874, -0.16972353341212068, 0.4314230300647892, -0.041227198918417834], [-0.07068295318885287, -0.7447124153916995, 0.5010570834666068, -0.0941780588789363, 0.010658222709941878, -0.604195155112057, -0.4011658793329647, -0.6101096972002131, 0.5281259127569864, 0.07937930295808238, 0.4704247938250358, 0.32309616691423165, -0.10788684641543461]], "inverted": false, "swapped": false, "error_lsq": 0.040129329673150055, "error_max": 0.26452958586962394, "target": "746.xyz", "model": "17.xyz", "model_rescale": 3.901054581598922, "target_rescale": 3.936819836847187},
{"mapping": [12, 13, 0, 2, 8, 5, 10, 9, 7, 11, 1, 4, 14], "R": [[0.7572899052312797, 0.6417996874574792, -0.1208518126230706], [-0.460090678984296, 0.39296154178726195, -0.7961769864721961], [-0.4634960264625459, 0.6585395871590867, 0.5928718627138336]], "T": [0.03215710712529723, -0.023979013400579976, -0.013113159259995677], "aligned_model": [[-0.699417842909737, -0.3088294144491522, -0.1217743787298591, 0.09622715564429601, 0.6214627577100956, 0.2575930941203632, 0.40828713018060203, -0.1079171314072685, -0.39971731059385907, -0.36832999141124406, 0.21053627315245557, 0.7356078357498905, -0.011192564305416368], [0.07938747459852663, -0.34110981644867705, -0.5849471364799376, -0.8104529641150338, -0.3281399274674738, -0.19924221270522846, 0.6362307640416196, 0.23924244829279448, 0.036552087861427135, 0.6645212280856989, -0.079297636336251, 0.25985399387923286, -0.0011174556988390628], [-0.0911424211889608, -0.5704805822075566, 0.47384102857570987, -0.2602808264789915, -0.038077948117344176, -0.568583656885819, -0.32150090813306287, -0.6007212694302172, 0.4863840848735356, -0.061159910511190296, 0.6583079250974981, 0.21087314899529627, -0.03764818747817049]], "inverted": true, "swapped": false, "error_lsq": 0.04156546108867657, "error_max": 0.22218169987987255, "target": "746.xyz", "model": "18.xyz", "model_rescale": 3.9405287249114394, "target_rescale": 3.936819836847187},
{"mapping": [2, 1, 8, 0, 4, 12, 14, 10, 5, 11, 7, 13, 15], "R": [[-0.7388372963090961, 0.2113159125829894, 0.6398945496500839], [0.664379800929818, 0.38733094881542746, 0.6391981040383306], [-0.11277823238161122, 0.8973964125061786, -0.4265685749348165]], "T": [0.09726064543889551, -0.05199256251466325, -0.08797839118452994], "aligned_model": [[-0.7567222512130263, -0.18174924949770888, -0.19826764872444474, 0.0650622542233465, 0.6225399409173626, 0.4756204203201184, 0.302516003575126, -0.35467495439202945, -0.5744345560674784, -0.08598327487294916, 0.40574147841838576, 0.5318043479746426, 0.06108310208982211], [0.02615388146079764, -0.44960667747393035, -0.5076576877723215, -0.7381037174075026, -0.5465290909482861, -0.11800743009404227, 0.5793383825890579, 0.48397004723774983, 0.008562034976835137, 0.6131413663724943, -0.17105899908104302, 0.42960066272214037, -0.03832192507409028], [-0.22915781083566006, -0.5347175970888947, 0.4386186810716552, -0.058162209492438555, 0.03110272571711914, -0.4786508629811747, -0.4867645967972563, -0.44350944678920007, 0.3982533845714589, 0.11994400831032065, 0.5335425725077714, 0.08686319815995244, -0.09755156924292623]], "inverted": false, "swapped": false, "error_lsq": 0.04433058223695932, "error_max": 0.25630420228502354, "target": "746.xyz", "model": "19.xyz", "model_rescale": 4.410303926677745, "target_rescale": 3.936819836847187},
{"mapping": [6, 0, 4, 2, 7, 1, 5, 3, 11, 10, 12, 8, 13], "R": [[-0.6851365024849169, 0.7103333693696289, -0.16129004099052782], [0.5773353374144109, 0.3945385430506621, -0.7148588995179743], [-0.4441529929374832, -0.5828943664228121, -0.6804133129629554]], "T": [0.004018415960725958, -0.0477597802456421, -0.06284599719681057], "aligned_model": [[-0.5739394921009381, -0.2065214326527934, -0.38089765234397727, 0.023356158664634825, 0.621061182691353, 0.5551526311837119, 0.2601790225747664, -0.41753783545364304, -0.447341067151056, -0.1073460276038692, 0.293393063006654, 0.6417542951224973, 0.0512227668138264], [-0.09137813245414048, -0.35907449178622514, -0.5058409518801631, -0.7034237339669678, -0.3817077053829783, -0.2462154399767687, 0.6645263430168828, 0.1985370839677249, 0.10584508105515084, 0.7536832158086985, -0.2357717122720317, 0.36001751000059523, 0.012283781378082226], [-0.03901494522382505, -0.6726947448768753, 0.3074169574295412, -0.15416718450692346, 0.0579437883133634, -0.5318729890678771, -0.41795294615043316, -0.5991209987347664, 0.6152494887662722, 0.08005640933373735, 0.6091575476980943, 0.0715720499415081, -0.04676195581108898]], "inverted": true, "swapped": false, "error_lsq": 0.04069138464452325, "error_max": 0.2106819389042419, "target": "746.xyz", "model": "20.xyz", "model_rescale": 4.121658175737393, "target_rescale": 3.936819836847187},
{"mapping": [9, 11, 10, 4, 2, 3, 0, 7, 8, 5, 6, 1, 12], "R": [[-0.2616330308498836, -0.2407120701737006, -0.9346688485452991], [0.47449173431033803, 0.8112166078715477, -0.34173850995248867], [0.8404794769888623, -0.5329027250690983, -0.09802517214704355]], "T": [-0.011798947353543778, -0.039186322238986146, 0.01759669993312729], "aligned_model": [[-0.7193943840956994, -0.41499572525529116, -0.2309152824673434, 0.17638239178924847, 0.6445118750502432, 0.3477700126416356, 0.5477592023203379, -0.28571678977569787, -0.34985904462346645, -0.08682649270424289, 0.09009460058653566, 0.5916716925360098, 0.0020535567488975132], [-0.17757242818610075, -0.48368571678972566, -0.7303698456738209, -0.5229044439689379, -0.41168122233895615, 0.05272122627037272, 0.6266380398543171, 0.17645812096569707, 0.30742465364612953, 0.6367804942423956, -0.18097452368907296, 0.24698804771573774, 0.03165844545982388], [0.07070845722954455, -0.6261591929910878, 0.3055661606151539, -0.2268131285013903, 0.0995435607900016, -0.5696884680074265, -0.46275351238626405, -0.5700124809132221, 0.48586938192120666, -0.019053817681487492, 0.6438061480332352, 0.2081282793779845, -0.059330910375521115]], "inverted": true, "swapped": false, "error_lsq": 0.0483110040505453, "error_max": 0.27706317108283196, "target": "746.xyz", "model": "21.xyz", "model_rescale": 4.08911054899281, "target_rescale": 3.936819836847187},
{"mapping": [15, 11, 9, 5, 10, 6, 0, 1, 14, 4, 12, 7, 16], "R": [[-0.26007622856551954, -0.14777223970729014, 0.9542136660659538], [-0.13471513905797106, 0.984108196913491, 0.11568443316310982], [-0.9561444381701584, -0.09846025563428977, -0.2758503061747497]], "T": [-0.03464709388604072, 0.03023160516644189, -0.057918103855094355], "aligned_model": [[-0.7582340394718727, -0.4586973419318966, -0.0769614878968644, 0.10267180594140667, 0.5705521563497329, 0.5753478489329203, 0.34992075077430485, -0.36464343626253903, -0.3739423458630555, -0.08305503166320326, 0.20150263764215004, 0.6397888705138517, -0.011714774313767704], [-0.057952589561166855, -0.4094929689703896, -0.5708624156430716, -0.6508619381559757, -0.4659195897735142, 0.006170575767029597, 0.6100807169376968, 0.2687380797088401, -0.029556404648314702, 0.7208207529170099, -0.0862341406780032, 0.16496600157426952, 0.07158476803344886], [-0.07026710673723402, -0.5191303286398219, 0.3221385784556735, -0.1803279030660312, 0.13881335902933684, -0.4855761040736126, -0.398450009277564, -0.7392516909367302, 0.4834936727210237, 0.02595970272725369, 0.6317474240482118, 0.12313150359556901, -0.05247062073534741]], "inverted": true, "swapped": false, "error_lsq": 0.04047306860545893, "error_max": 0.22297713603030925, "target": "746.xyz", "model": "22.xyz", "model_rescale": 4.204369325754507, "target_rescale": 3.936819836847187},
{"mapping": [2, 1, 8, 0, 4, 12, 14, 10, 5, 11, 7, 13, 15], "R": [[-0.7388372963090961, 0.2113159125829894, 0.6398945496500839], [0.664379800929818, 0.38733094881542746, 0.6391981040383306], [-0.11277823238161122, 0.8973964125061786, -0.4265685749348165]], "T": [0.09726064543889551, -0.05199256251466325, -0.08797839118452994], "aligned_model": [[-0.7567222512130263, -0.18174924949770888, -0.19826764872444474, 0.0650622542233465, 0.6225399409173626, 0.4756204203201184, 0.302516003575126, -0.35467495439202945, -0.5744345560674784, -0.08598327487294916, 0.40574147841838576, 0.5318043479746426, 0.06108310208982211], [0.02615388146079764, -0.44960667747393035, -0.5076576877723215, -0.7381037174075026, -0.5465290909482861, -0.11800743009404227, 0.5793383825890579, 0.48397004723774983, 0.008562034976835137, 0.6131413663724943, -0.17105899908104302, 0.42960066272214037, -0.03832192507409028], [-0.22915781083566006, -0.5347175970888947, 0.4386186810716552, -0.058162209492438555, 0.03110272571711914, -0.4786508629811747, -0.4867645967972563, -0.44350944678920007, 0.3982533845714589, 0.11994400831032065, 0.5335425725077714, 0.08686319815995244, -0.09755156924292623]], "inverted": false, "swapped": false, "error_lsq": 0.04433058223695932, "error_max": 0.25630420228502354, "target": "746.xyz", "model": "23.xyz", "model_rescale": 4.410303926677745, "target_rescale": 3.936819836847187},
{"mapping": [1, 11, 10, 9, 15, 13, 12, 7, 3, 0, 4, 5, 16], "R": [[-0.6864656003024461, 0.2624090816518594, 0.6781640313877095], [-0.618459830592533, 0.27982489610913075, -0.7343061115508775], [-0.3824557720114288, -0.92349309763752, -0.029800689102773004]], "T": [0.10232426070374603, -0.11553242702553329, -0.11113423444104412], "aligned_model": [[-0.7449361141063645, -0.2507426541368465, -0.2638135392083325, 0.18608904669624335, 0.7189053363716998, 0.33177710701522134, 0.4022930044786308, -0.274387126417038, -0.42913251295797805, -0.10540206280156877, 0.15784857972721872, 0.5667990925845255, 0.017237455505755547], [0.020413918446544832, -0.5100824052484055, -0.5212681349484797, -0.7333996324547523, -0.46740449299222525, 0.09677492125738013, 0.6100413186761044, 0.21525108837920187, 0.20718478827956494, 0.6002682675687134, -0.06448137817471801, 0.18468696404151302, -0.06650437532258299], [-0.11308308019039068, -0.45811486061495543, 0.24256845577691713, -0.050772320032183973, -0.03814096656495697, -0.7407877939591151, -0.28357937670463496, -0.5477137729358275, 0.5389875090107923, 0.010787671824921144, 0.5731136836408173, 0.18842123822568266, -0.04187591036633874]], "inverted": false, "swapped": false, "error_lsq": 0.04190583407996622, "error_max": 0.305090275028702, "target": "746.xyz", "model": "24.xyz", "model_rescale": 4.28219845311461, "target_rescale": 3.936819836847187},
{"mapping": [4, 0, 3, 1, 5, 8, 14, 2, 7, 13, 9, 11, 15], "R": [[0.6837558126920749, 0.1756559458834915, -0.7082534696601047], [-0.48812234687358036, -0.611370511088489, -0.6228664966540008], [-0.5424154893551888, 0.7716029334101681, -0.33228654811833036]], "T": [0.06739092997568734, 0.050150022392368855, -0.06791724218534222], "aligned_model": [[-0.6222990976085979, -0.37159986471034356, -0.19254857052067986, 0.0656196426636577, 0.6907612501798519, 0.5145225657679336, 0.3404636993666102, -0.29955270300335735, -0.4170853740145725, -0.22756337049132536, 0.24580544862531484, 0.563301706411491, 0.02271028008518445], [-0.1925354279518448, -0.24508626386997553, -0.5646765551901832, -0.5831920572708563, -0.4953116180797239, -0.335006710346349, 0.6442256866543339, 0.4135595593599222, 0.11662958987508418, 0.5314740942279793, 0.011868467445246979, 0.24416932758076243, 0.025362755073462875], [-0.07686213277865621, -0.688946057531903, 0.32510321585679314, -0.16146974891707344, 0.12997597037181585, -0.4335313125226447, -0.458621724682672, -0.5174346534666943, 0.5374001817580576, 0.11713830473127408, 0.582910281790651, 0.04568769730958465, -0.12153954480780549]], "inverted": true, "swapped": false, "error_lsq": 0.0427598967565794, "error_max": 0.2557778434009089, "target": "746.xyz", "model": "25.xyz", "model_rescale": 4.100010024507729, "target_rescale": 3.936819836847187},
{"mapping": [1, 7, 9, 6, 2, 10, 8, 11, 5, 4, 3, 12], "R": [[-0.581304651512672, -0.8033872627408446, -0.12904963461980243], [-0.34970113718752704, 0.38987224791215436, -0.851885406001109], [0.7347067556375684, -0.450076145084026, -0.5075799905894848]], "T": [-0.023909980250465715, 0.05315824658863017, 0.07017779121936885], "aligned_model": [[-0.6308570437096475, -0.02172208424899358, 0.41561685129446774, 0.6548708920887883, -0.5740299428996786, 0.07389139325235648, -0.10405113757492818, 0.5443381270247938, 0.04015757826708276, 0.05551614598929791, -0.5543629296545282, -0.022602247466004612], [-0.43920349610665077, -0.6735678838055136, -0.2622549439118818, -0.3896837133694885, 0.5280723972983687, 0.721281456164853, 0.3310596218763682, 0.22390899896144073, -0.22850280936907302, 0.5136595765876426, 0.252137242139569, 0.08922494358500499], [-0.20984217464885652, 0.1506348251839033, 0.5490248712288542, -0.13386738933699135, 0.1490999102170268, 0.18466017705311666, 0.6141844332945967, -0.1317965409191753, -0.5912944619720653, -0.6422929666957963, -0.34722541107804156, -0.026092982472214657]], "inverted": true, "swapped": true, "error_lsq": 0.04667049101860127, "error_max": 0.3128334915159993, "target": "746.xyz", "model": "26.xyz", "model_rescale": 3.6694154284099745, "target_rescale": 3.936819836847187},
{"mapping": [4, 8, 5, 7, 3, 9, 11, 10, 0, 2, 1, 12, 13], "R": [[0.9470368511535381, -0.3091706397174212, 0.08680275395349935], [-0.28537708739977763, -0.686337865705227, 0.6689545964311878], [-0.14724510363475898, -0.6582961716704072, -0.7382174678370017]], "T": [0.01512187818295988, -0.061519506125509445, -0.06370341128583087], "aligned_model": [[-0.7684888668301618, -0.32426214958863026, -0.36225872395603276, 0.2499787623197259, 0.7666910638344739, 0.40222755373717406, 0.29076326275542125, -0.22558905955724237, -0.4143320700708772, -0.08194782210218478, 0.10507303803833873, 0.6695598198345958, 0.005120804336566061], [0.15297947984838323, -0.39991226435691374, -0.612222152116728, -0.6449586909207118, -0.35115261046479074, -0.147158007088534, 0.6615270454585069, 0.20731168099484848, 0.06250680982574094, 0.57592549590538, -0.31196814204425233, 0.3870907904287696, -0.008488587961839801], [-0.18810178508982606, -0.4863924403605445, 0.3609010829775152, -0.03983949841465392, 0.00023127713487985924, -0.6183914123971531, -0.43437979386048364, -0.5450336068650488, 0.4232464038018151, 0.1516358300885043, 0.7782175608385496, -0.07758129692093715, -0.04470184382188992]], "inverted": false, "swapped": false, "error_lsq": 0.04526503323143061, "error_max": 0.25005339543552585, "target": "746.xyz", "model": "27.xyz", "model_rescale": 4.103607728864725, "target_rescale": 3.936819836847187},
{"mapping": [4, 1, 8, 7, 6, 0, 3, 2, 13, 12, 11, 10, 14], "R": [[-0.9327425779236117, -0.0989012973638801, 0.3467128735829641], [-0.016873560460912353, -0.9486125579345656, -0.31598971167778955], [0.360147978316951, -0.300587338902659, 0.883142505717866]], "T": [0.21454883895643145, -0.008225928457084801, 0.016293936606827472], "aligned_model": [[-0.687708886402038, -0.18402297992175343, -0.37450618677971065, 0.09518277692002153, 0.6827128914698073, 0.27467412989006745, 0.255326833151286, -0.30582737640707397, -0.2559517844477139, -0.1709882408880568, 0.23392580515806946, 0.6024362049010394, 0.14728242610722259], [-0.04339781788257024, -0.4235103565685916, -0.539260693309866, -0.7193300250341629, -0.3792579727717753, -0.03008349712207286, 0.5426883544809833, 0.29469686687226504, 0.14295998448521513, 0.759010403772511, -0.28124575735923596, 0.2829145196296356, -0.03470316168447599], [-0.06309889908833628, -0.6703938971568872, 0.2243714029009075, 0.003489537807940382, 0.22706610003877603, -0.6947608693426491, -0.49199875526576614, -0.406514626203682, 0.4353935859240453, 0.01807934877144561, 0.6464890965901045, 0.1729971820555728, -0.12130872992074447]], "inverted": false, "swapped": false, "error_lsq": 0.043548005754098486, "error_max": 0.2269965737313718, "target": "746.xyz", "model": "28.xyz", "model_rescale": 4.137296879288765, "target_rescale": 3.936819836847187},
