[{"mapping": [0, 5, 2, 10, 8, 3, 13, 14, 12, 9, 7, 15], "R": [[-0.9710486179542013, 0.19822323353459012, 0.13331215719628497], [0.043304861474665876, 0.6948921721865828, -0.7178088589634936], [-0.2349239675765239, -0.6912542359515087, -0.6833581130982498]], "T": [-0.1356587322921726, -0.12360059756759648, -0.034518299924495274], "aligned_model": [[-0.19958131565666265, 0.19832136405971926, 0.5660633485771089, -0.05731544873626346, -0.23102146176089988, -0.6453057771906205, 0.4186217444243968, -0.2263078392340142, 0.49468607402239984, 0.10784828457214304, -0.4957764991458129, -0.09259001147094592], [-0.23702380156945999, -0.7591797752742981, -0.3774562896798297, 0.6051182743142183, 0.33298390733630123, -0.5159250937116175, -0.14429276860542647, -0.40300718433044536, 0.19930928085252178, 0.302224385585002, 0.2172634269481705, -0.16645932588807905], [-0.7747435516475789, -0.22174159196997023, -0.4701620250724461, -0.023369763190218926, -0.6004418853737838, 0.09328691159291115, 0.5905718024138578, 0.6561751259479774, 0.039453344173616164, 0.4975641589819447, 0.4170922580899869, -0.021733038592733418]], "inverted": true, "swapped": true, "error_lsq": 0.047385075674306255, "error_max": 0.3145141349417861, "target": "747.xyz", "model": "0.xyz", "model_rescale": 3.751011558992144, "target_rescale": 4.387946783589391},
{"mapping": [0, 1, 2, 11, 4, 13, 6, 8, 5, 9, 14, 7, 10, 12, 15], "R": [[-0.7631174725410711, -0.4778727600092975, 0.43507395732636556], [0.6421653405944313, -0.6363691210420716, 0.42738509230362703], [0.07263193816611227, 0.6055344474307287, 0.7924977189449799]], "T": [0.09953564999594415, -0.03569695362616179, 0.015442127399731635], "aligned_model": [[0.22486751069709243, -0.05716740358616161, -0.47416790878487997, 0.11702852876948461, -0.3990462530475725, -0.43756434118270854, 0.6445600933944726, 0.5961401693504879, -0.526491705377333, 0.10353640813916208, -0.1725255734918696, 0.48819873820321297, 0.5356380680698563, -0.14137503650001781, 0.0374549164358086], [-0.16401592045724686, -0.6230609455850824, 0.2660217968406323, 0.5253985232025812, -0.5339868055112019, 0.3352436664562821, -0.46668062246478825, 0.22580939534882197, -0.2632682561440549, 0.44169595504317993, -0.29790690208727666, -0.037975350028337324, 0.5441457522641718, 0.6340687209023763, -0.03673165795295129], [-0.7144280738026001, -0.3853077114159566, -0.5559352161457166, -0.4653691523254002, 0.13686702463458997, 0.5372843494376982, 0.1077216530443472, -0.45660802423699637, -0.3114480828735977, 0.559330288055484, 0.6639568484829197, 0.5620324658598197, 0.11979859132125817, 0.03672946906106056, 0.015041975755065886]], "inverted": false, "swapped": true, "error_lsq": 0.048312586923962016, "error_max": 0.33969699003207166, "target": "747.xyz", "model": "1.xyz", "model_rescale": 3.9405287249114394, "target_rescale": 4.387946783589391},
{"mapping": [1, 8, 6, 12, 10, 3, 5, 11, 9, 14, 13, 4, 15], "R": [[0.5215030183909273, -0.8479137857739909, 0.09527231341565656], [-0.47178810264867455, -0.3795886736836449, -0.79581934194279], [0.7109504821070988, 0.3700738449357238, -0.5979922752729954]], "T": [-0.039208316295802355, 0.015155157459126649, -0.04504248316615557], "aligned_model": [[-0.42406492068187257, 0.4131428958236398, -0.44402955675509687, 0.5535149602157756, 0.47094043488883097, -0.6765445151050813, -0.14717810041908153, 0.6675085504939499, 0.18030619337259576, -0.5518697297027547, 0.06536191839208466, -0.5680877382887091, -0.04301711295034915], [0.5790060140670198, 0.42947563540330985, 0.21201559560094602, -0.31984512253348146, -0.2259266988720474, 0.15163129092344435, 0.2768440040254196, 0.22350629232062635, -0.6624252918633523, -0.5129569609375244, -0.7055693103548599, 0.009265667448606567, 0.0038114783439102476], [0.20815772403289934, -0.44697517318777646, -0.5823317988316384, 0.1635985924778391, -0.512932368073936, -0.1169426043159753, 0.6408274974256962, 0.01373418255400824, -0.17323156755317654, 0.10199008283695583, 0.36485257213988886, 0.4364889977387493, 0.01588421234510995]], "inverted": false, "swapped": true, "error_lsq": 0.047365332454262624, "error_max": 0.28312891038589816, "target": "747.xyz", "model": "2.xyz", "model_rescale": 3.932901565614263, "target_rescale": 4.387946783589391},
{"mapping": [11, 10, 8, 12, 0, 1, 6, 5, 13, 4, 7, 9, 3, 15], "R": [[-0.5617472577037312, -0.009952553400979114, 0.8272490345374475], [0.8268301601980581, -0.04076633085214443, 0.5609723633617862], [0.02814080043623901, 0.9991191385163507, 0.031129445885746454]], "T": [0.04596592611340961, -0.10915402478377545, 0.04555796262438848], "aligned_model": [[-0.23333282409498673, 0.4549850239009689, 0.15235754830599887, -0.13276893370190637, -0.2988132110244804, -0.3218194748164754, 0.5349026459459169, -0.6494993985009555, -0.06277688852011426, -0.27524242773879276, 0.6870589830536117, 0.37983585575263695, 0.18845154144370493, -0.0035285279524229912], [0.10065870325526621, 0.24263136907995286, -0.3098423883611793, 0.5231510950207451, -0.6077223910144829, -0.711839528219542, -0.6084654872988591, -0.21732018590070273, 0.6341526697206235, -0.26465241058626787, 0.008556708491865989, 0.5307263031890292, -0.5691773301676571, -0.08736048885830333], [-0.6058132440782277, -0.45067138807499785, -0.6517496942313891, -0.22888921611028168, -0.39878568135742504, 0.22348160403804657, 0.09980761664310941, 0.2804711824017228, 0.41170384478517824, 0.6654500029273622, 0.20357397743829314, 0.09864621529017005, 0.49060762352418635, 0.07606351986134925]], "inverted": false, "swapped": true, "error_lsq": 0.04712579222299902, "error_max": 0.3283326123632557, "target": "747.xyz", "model": "3.xyz", "model_rescale": 3.9243930471874484, "target_rescale": 4.387946783589391},
{"mapping": [5, 1, 2, 12, 11, 4, 13, 0, 8, 6, 10, 7, 15], "R": [[-0.5029823423303654, 0.8465821867902521, 0.1740901040073608], [0.8586951020332767, 0.5123754822282065, -0.010681149538957865], [-0.09824197192605477, 0.1441178900096985, -0.984671797469204]], "T": [-0.10857806382931574, -0.048695354285868166, -0.02470139132474082], "aligned_model": [[-0.05257677819654473, -0.31631996017887937, 0.5114037800212431, 0.4189331786850004, 0.6274794087540713, -0.5480302631730478, -0.10742067854828505, 0.23168665749950051, 0.3598632296006653, -0.5345578933151743, 0.25987576594207645, -0.46739912550539614, -0.10573143527387727], [-0.44582448490130344, 0.08515105340373003, -0.42631608013676453, -0.4223030716413072, 0.01833698621610711, -0.43400021008409545, -0.8065941531896927, 0.35882859055614685, 0.5147874520232341, 0.5059892269422792, 0.17985068564148107, 0.10441429817842787, -0.10449073932665556], [-0.6489677340038867, -0.7095964073763633, -0.49338801067884874, 0.27400637742774736, -0.031000916494348427, -0.43706364565080036, 0.3274075689875898, -0.5567056177722067, 0.005011340988303907, 0.021992053393201247, 0.5663160679323122, 0.5208534320824062, -0.05179419346414283]], "inverted": true, "swapped": true, "error_lsq": 0.0445137944137202, "error_max": 0.24530125151085852, "target": "747.xyz", "model": "4.xyz", "model_rescale": 3.8936222436046832, "target_rescale": 4.387946783589391},
{"mapping": [10, 8, 7, 9, 3, 1, 2, 5, 13, 12, 14, 15], "R": [[-0.8451396251473159, -0.1674957353029324, -0.5076260362325641], [0.1745222418883268, -0.9840611984192112, 0.03414007691875211], [-0.505253402850616, -0.059738902074577396, 0.8609008435858321]], "T": [-0.2136155135366622, -0.035204608696125614, -0.05740015040400089], "aligned_model": [[0.004190039389217304, -0.5599384830016245, -0.10216051152447583, 0.40349610541630687, -0.578884093693733, -0.7446782183895628, -0.05023454664523752, -0.23136658209058564, 0.5942996621406588, 0.35727565815437967, 0.11876978800139854, -0.18322077554164454], [-0.5672008674955903, -0.6693904522646891, 0.13371597890160064, -0.09355256446203938, 0.5019025392266311, 0.23928622769437713, -0.3782349219708647, 0.17464790421187854, 0.1647621357760946, -0.44284166598856034, 0.618628746072119, -0.012800154591150022], [-0.5121900754511228, -0.18270650098545277, -0.696828647528576, -0.4309012781481842, -0.14733106132849477, 0.35826789457256264, 0.7186661549400313, 0.6540792796354635, 0.017959114907203623, 0.0650435842941165, -0.21666303174559634, -0.008110713886432357]], "inverted": true, "swapped": true, "error_lsq": 0.047145209939567854, "error_max": 0.33622955556173706, "target": "747.xyz", "model": "5.xyz", "model_rescale": 3.6523030999806103, "target_rescale": 4.387946783589391},
{"mapping": [2, 12, 13, 5, 14, 0, 10, 1, 8, 6, 7, 3, 15], "R": [[0.21026339380707, 0.9419886784443388, -0.26162307793354456], [0.15528113616555722, 0.23202987342999165, 0.9602342977561238], [0.9652342067995037, -0.242527251084802, -0.09748568359191377]], "T": [0.053027722142464394, 0.0026308141179083103, 0.007707815668788646], "aligned_model": [[0.07859719624701075, -0.15034241857520883, 0.42580351384827025, 0.5140015445998082, 0.6465748587519733, -0.23996491748043156, -0.5575462011223468, 0.3533916673998889, -0.6360161831175887, -0.05854093708929257, -0.020420778849244654, 0.42709973506423005, 0.09844582498722614], [-0.5176266158026195, 0.2194310275275353, 0.5122101133684602, -0.4961659192013267, 0.4482790245573459, -0.686465687963694, 0.39020650535529366, -0.6055708629700725, -0.23989921289635263, 0.03333006118099526, 0.5739349242968838, -0.08103133099464732, -0.009805122294618478], [0.6971426966144681, 0.6547900530155136, 0.5552110537836014, 0.3064737956882961, -0.10383670017153308, -0.056988916120765426, 0.12719723769944952, -0.25691448070745737, -0.0573356119644349, -0.683612709173098, -0.33586476286094574, -0.5243293704030252, 0.04817745408171967]], "inverted": false, "swapped": true, "error_lsq": 0.04955972581087328, "error_max": 0.24670198313752448, "target": "747.xyz", "model": "6.xyz", "model_rescale": 4.08911054899281, "target_rescale": 4.387946783589391},
{"mapping": [9, 7, 10, 13, 5, 2, 12, 11, 4, 14, 1, 3, 0, 8, 15], "R": [[0.3101405106670232, 0.862039369635673, -0.40087527841129067], [-0.14371771964513402, 0.4593339467333183, 0.8765600620826823], [0.9397649071460378, -0.21424390440926164, 0.26634839725493825]], "T": [0.045562003788155836, -0.09412925552732959, 0.05872452831788994], "aligned_model": [[0.1740842119128912, 0.2402746695197548, 0.682764430802379, -0.3216910179099934, -0.5140348567645356, -0.13989085341879437, 0.19123194662029105, 0.46120647049727764, -0.6518083874795435, -0.46199724682875914, -0.2983729593177728, -0.2644336693898079, 0.24744764470845912, 0.6975334559329376, -0.00598029908522954], [-0.6138819189375975, -0.7257144241769935, -0.30719837492295204, -0.44679669605972033, 0.3881843214346317, 0.6145407462349002, -0.04252301275999454, 0.3694348020218303, -0.08056816897863217, -0.6469826593654737, 0.32823896684544746, -0.25996600368577, 0.5729687074174927, 0.2279196775638665, -0.07689714646192158], [-0.42817745104927957, 0.17279616312847954, -0.2343075032989615, -0.603954536761648, -0.010421144833950395, -0.3995724417944801, -0.6363972106763315, -0.33959903799350466, 0.217190078256545, 0.049812130377641185, 0.5419083083081325, 0.6122528910153808, 0.339983908576768, 0.1538595646656428, 0.028696314161646176]], "inverted": true, "swapped": true, "error_lsq": 0.05374836298891065, "error_max": 0.41304987472766597, "target": "747.xyz", "model": "7.xyz", "model_rescale": 3.964800864290218, "target_rescale": 4.387946783589391},
{"mapping": [9, 7, 10, 13, 11, 14, 12, 6, 3, 1, 4, 2, 0, 15], "R": [[0.8473601398397741, 0.5227933638554493, 0.09310151512957467], [-0.5091585109618085, 0.7501052674279816, 0.42201859969905386], [0.1507925864420148, -0.40500516846763845, 0.9017939949836812]], "T": [0.09067898875416228, -0.013276176872720485, 0.08125213441300644], "aligned_model": [[-0.27162129044081496, 0.17692787448931446, 0.2711227726729616, -0.6980725882095945, 0.18195662068594617, -0.3693770057038003, -0.293426055045208, 0.6237790312607668, 0.2404280644583943, 0.28521845287404657, -0.265764475944973, -0.2179887588262883, 0.5600239656100923, 0.037981281580029266], [-0.12509607312860843, -0.5086181386745199, 0.17687387209600183, -0.05931031637071766, 0.6944946056235213, -0.60621720879063, 0.44010146608628015, -0.4680233475443977, -0.5345446800813364, -0.04503371620697267, -0.308905692248104, 0.7270750964681675, 0.4285067974811965, -0.00035419852867819845], [-0.5351642387565878, -0.36262020749475393, -0.6032740914604806, -0.19104266298614508, -0.1112122388875145, 0.0918410196561078, -0.311162438140631, 0.09923637768968509, 0.4498266243438304, 0.7821790884945692, 0.6263869272072271, 0.40257169516867536, 0.46781058979802836, 0.11143859409301161]], "inverted": true, "swapped": true, "error_lsq": 0.04617385779347273, "error_max": 0.28327896771252986, "target": "747.xyz", "model": "8.xyz", "model_rescale": 4.121658175737393, "target_rescale": 4.387946783589391},
{"mapping": [0, 1, 5, 2, 6, 8, 14, 9, 13, 7, 11, 12, 15], "R": [[-0.834995319942208, -0.5235771341318047, -0.1692625188544006], [-0.5440797908600683, 0.7396278363320603, 0.3961411931375222], [-0.08221920002210273, 0.4228683581649039, -0.9024535194737977]], "T": [-0.09336388097543113, -0.11613596789203068, -0.04088474602853996], "aligned_model": [[-0.6042581398682106, -0.33269621460776594, 0.18609674640752566, 0.1641251942106139, -0.6083263552819994, -0.6670838190945322, 0.3877578484865531, 0.3132130238424002, 0.7129435508149244, -0.1305079964420885, -0.19919167976796248, 0.29800005880993524, -0.04333472107419635], [0.29819951125807503, -0.17222621202826205, 0.11843297413237988, 0.627216623587928, -0.5908460496565435, 0.2787459811180805, -0.6915004898935799, -0.19925093244612554, -0.12593083116531414, -0.6034031783421925, 0.5921947091393329, 0.36074254984368737, -0.10198721613575648], [-0.404474501256037, -0.726250821898592, -0.6869770971349156, -0.39833173140951106, -0.01299091359446053, 0.18878162897753753, -0.06952489478356687, 0.5520076976329694, 0.1785805927971571, 0.4184802130499772, 0.14182198787964567, 0.3147812693812684, -0.0748279956823836]], "inverted": true, "swapped": true, "error_lsq": 0.04561890812429392, "error_max": 0.26748356254587874, "target": "747.xyz", "model": "9.xyz", "model_rescale": 3.833441315466971, "target_rescale": 4.387946783589391},
{"mapping": [10, 9, 3, 4, 14, 7, 13, 5, 0, 1, 8, 2, 12, 6, 15], "R": [[-0.47850145642471764, 0.845797821687614, 0.23592880499827024], [-0.2758844252714122, -0.3998902618972988, 0.8740569560002212], [0.8336211010357686, 0.35314844367234216, 0.42469051866001895]], "T": [-0.04577215314821564, -0.030111473541973702, 0.1089668634757894], "aligned_model": [[0.2889524890206732, -0.05186717540389201, -0.6210290037922384, -0.46579523461604944, -0.6545875220802716, -0.4353366020134431, -0.08207124368458482, 0.041762923995721936, 0.3356075816225444, -0.206954608628229, 0.43099558348009503, 0.5950202010574626, 0.45417459247028336, -0.46269943478304354, -0.04232752835049614], [-0.6774649272803207, -0.48262879422471083, 0.14149655932312105, 0.5321256962499739, 0.021651525177826356, -0.5682917709965044, -0.0020502892248764476, 0.7027174919745877, 0.24395726219043956, 0.5297666193977143, -0.33309799669768375, 0.5284147159939555, -0.1528851340592413, -0.3016781732459356, 0.01906875471663337], [0.030315264354823235, -0.4557678103320194, 0.3728286295251414, -0.02920213500510005, -0.3269312305495581, 0.017169843181148225, -0.725471627255393, 0.032445790906053845, 0.6957548738839459, 0.5456698248286144, 0.5766469431821777, -0.04619660146392868, -0.3830260718274444, 0.6026643892961697, 0.07122182509746228]], "inverted": true, "swapped": true, "error_lsq": 0.04077229580491976, "error_max": 0.24112108992278808, "target": "747.xyz", "model": "10.xyz", "model_rescale": 4.2482417240324, "target_rescale": 4.387946783589391},
{"mapping": [3, 6, 8, 10, 5, 2, 0, 12, 7, 13, 14, 15], "R": [[-0.322623440283193, 0.8076453627757162, -0.49358189165195154], [-0.8846068695670529, -0.07176550109127136, 0.46078237723235216], [0.3367265984365001, 0.5852851278137866, 0.7376018689410864]], "T": [-0.04138690344171606, 0.022398652344442584, -0.026590231045336296], "aligned_model": [[-0.6213660762103164, -0.2567633811136765, 0.41355434619762116, 0.645903677250935, -0.4510871527473736, 0.07901116546071316, -0.062214247294096615, 0.49590629406305425, 0.05356913707042745, 0.07510476904068672, -0.43052396776811147, -0.06432896158685633], [-0.28242913939761344, -0.6375076193451044, -0.22278060008349812, -0.21253005634240857, 0.602071660646549, 0.7896764228569636, 0.05451880839933768, 0.4540892476524262, -0.47268562553934845, 0.49744035987572405, 0.017620214305877242, 0.07864771702173494], [-0.05299040672091651, 0.0706248038571672, 0.49374481333791065, -0.12524778885125915, 0.18946778464202335, 0.35213285293553226, 0.7240220926488627, -0.20557743281509328, -0.46897026391914437, -0.7042020042612362, -0.6683785306867508, -0.03943363031273932]], "inverted": true, "swapped": true, "error_lsq": 0.04380716733151243, "error_max": 0.2456424400269093, "target": "747.xyz", "model": "11.xyz", "model_rescale": 3.6694154284099745, "target_rescale": 4.387946783589391},
{"mapping": [0, 1, 3, 4, 5, 8, 11, 10, 14, 9, 7, 13, 6, 15], "R": [[0.8298414220753809, 0.4446619876139428, -0.3371037391948175], [-0.38409698088316635, 0.8934207201962292, 0.23295691876501065], [0.404762551978745, -0.06383677228109971, 0.9121908479152732]], "T": [0.040086822491350885, 0.009605607359672759, -0.015441850823654206], "aligned_model": [[-0.14340567030264423, 0.108430631400368, -0.08356211993705055, 0.48971977382164694, 0.6168913880696467, -0.45451902229649066, 0.052128531795969664, -0.3248237927902749, 0.3227835337376044, 0.120576128617869, -0.31177792200586263, 0.6449337011358468, -0.5406730189889347, 0.10156270799811602], [-0.4118779462952433, 0.1554240876224573, 0.5649576703259085, 0.46711275542567365, -0.03528151637190082, -0.5230235801948483, -0.7279733557006605, -0.34670310452627195, 0.6585682193208182, 0.047315828179039864, 0.379979018775084, 0.12568840686589788, 0.3647177327200973, 0.012083071990202136], [-0.6100564001286728, -0.7255255317798743, -0.34145997598677097, -0.33188792008211065, -0.4800253161224434, -0.11293119241830094, 0.03088192411152979, 0.5110346433100402, 0.23410335066575902, 0.7027738113976724, 0.4191153065438336, 0.5494277676774536, -0.18255696835187077, -0.02379803918382932]], "inverted": false, "swapped": true, "error_lsq": 0.04782310402666644, "error_max": 0.3105588535886757, "target": "747.xyz", "model": "12.xyz", "model_rescale": 3.9764082729961374, "target_rescale": 4.387946783589391},
{"mapping": [13, 12, 10, 5, 9, 12, 6, 4, 14, 7, 3, 11, 8, 2, 0, 15], "R": [[0.8674899128656579, 0.4935656849773309, 0.06208192723483852], [-0.270346457782483, 0.3629989497296831, 0.8917087838860911], [0.4175811823356002, -0.7903320043551352, 0.44833166188793433]], "T": [0.04371269347401633, 0.03689556539300954, -0.044511315828131975], "aligned_model": [[-0.25218952110747084, 0.07369692574229061, 0.5934087787116764, -0.5254236797058703, 0.0714639838300872, 0.07369692574229061, -0.6933456001398245, -0.3579867067027439, -0.3056052065995835, 0.24100538082371958, 0.22667280181997834, 0.26969242273793625, 0.6447041557986561, 0.7287162416017717, 0.15305098401856831, 0.007039169246754087], [-0.2908704974728641, 0.171061796587351, -0.26701680887459267, 0.6516848913381741, 0.6165669307826629, 0.171061796587351, -0.16208757913156246, 0.26214848569140076, -0.6779721643776474, 0.15763273663587296, -0.5751172712935364, -0.7095080242791607, -0.30823576158342625, 0.3221379567935253, 0.6377460830316151, -0.002625638021044617], [-0.4681760814460374, -0.6676596955665831, -0.5461270867122675, -0.07519973811168304, -0.20170578312418622, -0.6676596955665831, -0.016058096161487193, 0.506635157964367, 0.031311986630854355, 0.6748855356534366, 0.5035847832261603, -0.1940423896412853, 0.09458025832689973, 0.24817696734463243, 0.34808482166748356, 0.048664871443763136]], "inverted": true, "swapped": false, "error_lsq": 0.044996190144473404, "error_max": 0.363407829150169, "target": "747.xyz", "model": "13.xyz", "model_rescale": 4.170626492500431, "target_rescale": 4.387946783589391},
{"mapping": [6, 7, 8, 10, 0, 2, 11, 3, 1, 14, 4, 12, 5, 15], "R": [[0.5957048564099182, -0.5787004303814176, 0.5569932997137408], [-0.4117365754100617, 0.3754049862140886, 0.830387914649048], [-0.6896439055913084, -0.7240006272110282, -0.014641559985342757]], "T": [-0.053536830635500625, -0.06237655662313825, 0.09588851884657087], "aligned_model": [[0.32521841692216624, -0.1496545426109129, -0.28067673152262784, -0.6689653928854041, 0.16328788369862435, -0.23829997151073784, -0.544951774850649, 0.5509896306369741, 0.591161642591709, 0.1361717694133934, 0.45495059348572253, -0.7032114002739114, 0.2556319274990495, -0.04846902850175258], [-0.47566081172289393, -0.7231314848331897, 0.13390954272247796, -0.2819473473624166, 0.48080584351719347, 0.7558179097959794, 0.42354618107972, -0.3153116237323169, 0.2710347884191204, -0.5211249681893112, 0.007137242075111946, 0.1383207338199841, 0.49406875558250074, -0.03139029324629394], [-0.32489012188373567, 0.03272606470147174, -0.573224474217015, -0.23627033894211827, -0.3761541345124819, 0.3034034420524252, -0.1662260881896663, 0.11964566908064014, 0.03797916745759239, 0.6588301248877958, 0.594114438990945, 0.30736125877671905, 0.47712263391997334, 0.14945545899832083]], "inverted": true, "swapped": true, "error_lsq": 0.04903510600130502, "error_max": 0.3109954656105826, "target": "747.xyz", "model": "14.xyz", "model_rescale": 3.9786697098870705, "target_rescale": 4.387946783589391},
{"mapping": [7, 3, 10, 9, 8, 11, 4, 5, 12, 13, 1, 15], "R": [[0.6440222837388229, -0.6262567944121805, 0.43936058710404513], [-0.2042606380954316, -0.6942409715463866, -0.6901500308999315], [0.7372332668651616, 0.35472792514673734, -0.5750262683985945]], "T": [-0.04089956825712306, 0.03773219548917342, -0.08173139597141563], "aligned_model": [[-0.034973461883541355, -0.6741759059197144, 0.5400611828918472, 0.44499529784978087, 0.21262389592720174, 0.5125356443444274, -0.5366969093603823, -0.2729400530925034, 0.6293682954259214, 0.33877140854412036, -0.6343388694647194, -0.04187592849510163], [-0.42632259667948447, -0.10432823966580473, 0.02603130093785974, -0.4882279456780323, 0.5985072177021061, 0.5220351236025526, -0.18275058708512074, 0.23793038650206264, -0.017822698748948457, -0.569627370658442, 0.3927728037855418, 0.026477096210148748], [-0.5659247627696846, -0.17539411886384276, -0.5285432678788944, -0.18664295686591073, -0.4805925151945175, -0.007746526505674228, 0.3843083398299867, 0.5940156385691879, 0.1522169171227125, 0.3487996199107728, 0.14614730335228102, -0.02067717683258674]], "inverted": false, "swapped": true, "error_lsq": 0.055064594427939456, "error_max": 0.2880753252936109, "target": "747.xyz", "model": "15.xyz", "model_rescale": 3.769337070930944, "target_rescale": 4.387946783589391},
{"mapping": [6, 14, 0, 1, 10, 9, 11, 13, 2, 5, 15], "R": [[0.5931675011456902, -0.634936931472303, 0.4949822306276397], [-0.2338909589764015, -0.7242142410342374, -0.6486977357693666], [0.7703553302818622, 0.26901454632740535, -0.5780863594399918]], "T": [-0.0568551008585964, 0.023610180061748805, -0.13759816037753972], "aligned_model": [[-0.4456061384729482, -0.3031428949098747, -0.21357530876225372, -0.6729218853593572, 0.5551093122956223, 0.44681057251942674, 0.47897770277314106, 0.30383204770065425, 0.17680946544404202, -0.3416556269401017, -0.06201111559717999], [0.051807514394407644, -0.679895584120371, 0.7573872906015588, 0.3545748042842575, 0.04749074497005623, -0.4868251107129065, 0.5128075448537965, -0.6001361689991026, 0.44868283075752274, 0.18125150679681418, 0.008919124799308387], [-0.7201714335809805, -0.0494807834127286, -0.0940749293276393, 0.06507614463131436, -0.5403666172343481, -0.2351226701555856, 0.003408103557957509, 0.28576683788074164, 0.577493553001344, 0.5291806855877456, -0.07749128372404378]], "inverted": false, "swapped": true, "error_lsq": 0.044549995977931724, "error_max": 0.23648911862370878, "target": "747.xyz", "model": "16.xyz", "model_rescale": 3.7852294659196426, "target_rescale": 4.387946783589391},
{"mapping": [0, 12, 13, 2, 8, 10, 7, 9, 5, 1, 6, 14, 15], "R": [[0.1656301116960981, 0.8421839417371555, -0.5131207210585104], [-0.8705768022075799, 0.3693065396495797, 0.32512876100104987], [0.4633170594285974, 0.39285988348534767, 0.7943540862803671]], "T": [0.012577076923854267, 0.14240119415467647, -0.028595408365519173], "aligned_model": [[-0.08261508753530447, -0.23837528665044924, 0.23603018518518792, 0.18236847751606902, -0.5850567320780689, -0.679623688414922, -0.21520542983322488, -0.23746177433231422, 0.5933684598338753, 0.4653324010195498, -0.10703371350240665, 0.46214496238523256, 0.05989307662305865], [0.00020987280724230062, -0.4390838516834402, -0.22045692138851739, -0.6551755742065625, 0.08626545194271537, 0.08061572271893583, 0.6169970791904108, 0.059549892536070764, -0.23914851041105165, 0.26103702154997377, 0.8063211435853307, 0.4140815535564003, 0.10384274350536607], [-0.7604454087874585, 0.29694294765838064, 0.6902893843833399, -0.31439993127139565, -0.449921379131631, 0.20450073096376598, 0.38697535678224665, 0.6454599019003305, -0.2887056724097552, -0.5863506381248738, -0.21890472795412053, 0.5075213779193416, -0.017207244784997088]], "inverted": false, "swapped": true, "error_lsq": 0.04537205414053834, "error_max": 0.2815119298116568, "target": "747.xyz", "model": "17.xyz", "model_rescale": 3.901054581598922, "target_rescale": 4.387946783589391},
{"mapping": [0, 1, 2, 11, 4, 13, 6, 8, 5, 9, 14, 7, 10, 12, 15], "R": [[-0.7631174725410711, -0.4778727600092975, 0.43507395732636556], [0.6421653405944313, -0.6363691210420716, 0.42738509230362703], [0.07263193816611227, 0.6055344474307287, 0.7924977189449799]], "T": [0.09953564999594415, -0.03569695362616179, 0.015442127399731635], "aligned_model": [[0.22486751069709243, -0.05716740358616161, -0.47416790878487997, 0.11702852876948461, -0.3990462530475725, -0.43756434118270854, 0.6445600933944726, 0.5961401693504879, -0.526491705377333, 0.10353640813916208, -0.1725255734918696, 0.48819873820321297, 0.5356380680698563, -0.14137503650001781, 0.0374549164358086], [-0.16401592045724686, -0.6230609455850824, 0.2660217968406323, 0.5253985232025812, -0.5339868055112019, 0.3352436664562821, -0.46668062246478825, 0.22580939534882197, -0.2632682561440549, 0.44169595504317993, -0.29790690208727666, -0.037975350028337324, 0.5441457522641718, 0.6340687209023763, -0.03673165795295129], [-0.7144280738026001, -0.3853077114159566, -0.5559352161457166, -0.4653691523254002, 0.13686702463458997, 0.5372843494376982, 0.1077216530443472, -0.45660802423699637, -0.3114480828735977, 0.559330288055484, 0.6639568484829197, 0.5620324658598197, 0.11979859132125817, 0.03672946906106056, 0.015041975755065886]], "inverted": false, "swapped": true, "error_lsq": 0.048312586923962016, "error_max": 0.33969699003207166, "target": "747.xyz", "model": "18.xyz", "model_rescale": 3.9405287249114394, "target_rescale": 4.387946783589391},
{"mapping": [0, 8, 4, 5, 9, 7, 2, 10, 1, 14, 3, 12, 12, 13, 11, 15], "R": [[0.5790363671366334, -0.31479187063988223, -0.7520790940534472], [-0.44284568666967195, -0.8959507549285608, 0.0340579291943745], [-0.6845469913243918, 0.31333420324309624, -0.6581922923787071]], "T": [0.09657451909364262, -0.02536017032394162, -0.06252112850739915], "aligned_model": [[-0.08357536060476967, -0.2768446969189373, 0.504455239922829, -0.532403599776343, 0.1304833958554291, 0.38834287411917306, -0.72333569710746, -0.23710409520800557, -0.27434004676285684, 0.423660858572468, -0.014855253701109183, 0.4407671750120255, 0.4407671750120255, 0.6301928993504007, 0.0683846653273609, 0.0640015227260058], [-0.42233293501711766, 0.14429491681724044, -0.32405157803501633, 0.49311350915014024, 0.7117044629180599, 0.32933591149981506, 0.050881473567101015, 0.10554677804231281, -0.5704947906790888, 0.026454758114698874, -0.589224990755187, -0.4269360636417069, -0.4269360636417069, 0.3379831505521923, 0.575741978295587, -0.01847358477320559], [-0.5941534289674587, -0.6981683546129058, -0.5908030505447884, -0.226332643469715, -0.2736982140472913, -0.5960822454245839, 0.21543522079748556, 0.6370687443278878, -0.03477127255871347, 0.6375279424822187, 0.566023591372511, 0.08033292193318638, 0.08033292193318638, 0.12338987385347198, 0.3338306609037728, -0.04063685205077959]], "inverted": true, "swapped": false, "error_lsq": 0.038435320503303325, "error_max": 0.33923540407906344, "target": "747.xyz", "model": "19.xyz", "model_rescale": 4.410303926677745, "target_rescale": 4.387946783589391},
{"mapping": [9, 7, 10, 13, 11, 14, 12, 6, 3, 1, 4, 2, 0, 15], "R": [[0.8473601398397741, 0.5227933638554493, 0.09310151512957467], [-0.5091585109618085, 0.7501052674279816, 0.42201859969905386], [0.1507925864420148, -0.40500516846763845, 0.9017939949836812]], "T": [0.09067898875416228, -0.013276176872720485, 0.08125213441300644], "aligned_model": [[-0.27162129044081496, 0.17692787448931446, 0.2711227726729616, -0.6980725882095945, 0.18195662068594617, -0.3693770057038003, -0.293426055045208, 0.6237790312607668, 0.2404280644583943, 0.28521845287404657, -0.265764475944973, -0.2179887588262883, 0.5600239656100923, 0.037981281580029266], [-0.12509607312860843, -0.5086181386745199, 0.17687387209600183, -0.05931031637071766, 0.6944946056235213, -0.60621720879063, 0.44010146608628015, -0.4680233475443977, -0.5345446800813364, -0.04503371620697267, -0.308905692248104, 0.7270750964681675, 0.4285067974811965, -0.00035419852867819845], [-0.5351642387565878, -0.36262020749475393, -0.6032740914604806, -0.19104266298614508, -0.1112122388875145, 0.0918410196561078, -0.311162438140631, 0.09923637768968509, 0.4498266243438304, 0.7821790884945692, 0.6263869272072271, 0.40257169516867536, 0.46781058979802836, 0.11143859409301161]], "inverted": true, "swapped": true, "error_lsq": 0.04617385779347273, "error_max": 0.28327896771252986, "target": "747.xyz", "model": "20.xyz", "model_rescale": 4.121658175737393, "target_rescale": 4.387946783589391},
{"mapping": [2, 12, 13, 5, 14, 0, 10, 1, 8, 6, 7, 3, 15], "R": [[0.21026339380707, 0.9419886784443388, -0.26162307793354456], [0.15528113616555722, 0.23202987342999165, 0.9602342977561238], [0.9652342067995037, -0.242527251084802, -0.09748568359191377]], "T": [0.053027722142464394, 0.0026308141179083103, 0.007707815668788646], "aligned_model": [[0.07859719624701075, -0.15034241857520883, 0.42580351384827025, 0.5140015445998082, 0.6465748587519733, -0.23996491748043156, -0.5575462011223468, 0.3533916673998889, -0.6360161831175887, -0.05854093708929257, -0.020420778849244654, 0.42709973506423005, 0.09844582498722614], [-0.5176266158026195, 0.2194310275275353, 0.5122101133684602, -0.4961659192013267, 0.4482790245573459, -0.686465687963694, 0.39020650535529366, -0.6055708629700725, -0.23989921289635263, 0.03333006118099526, 0.5739349242968838, -0.08103133099464732, -0.009805122294618478], [0.6971426966144681, 0.6547900530155136, 0.5552110537836014, 0.3064737956882961, -0.10383670017153308, -0.056988916120765426, 0.12719723769944952, -0.25691448070745737, -0.0573356119644349, -0.683612709173098, -0.33586476286094574, -0.5243293704030252, 0.04817745408171967]], "inverted": false, "swapped": true, "error_lsq": 0.04955972581087328, "error_max": 0.24670198313752448, "target": "747.xyz", "model": "21.xyz", "model_rescale": 4.08911054899281, "target_rescale": 4.387946783589391},
{"mapping": [2, 4, 12, 0, 7, 13, 1, 8, 15, 5, 11, 14, 9, 10, 6, 16], "R": [[0.7168885734476667, 0.692118465877112, -0.0839214063995753], [0.024408457552023588, -0.1452132119192313, -0.9890992620986185], [-0.6967603608559407, 0.7070255669182082, -0.12099523653386456]], "T": [0.05017390756651126, -0.034538862019886395, -0.043814440062468166], "aligned_model": [[-0.4885689203684201, -0.3033858319025665, 0.7079777142570549, -0.39005499074502004, 0.3537030165045146, 0.2499594352748341, -0.7063078706058816, -0.24259332376142517, -0.17501422177356585, 0.4029201295856466, -0.19033719956823603, 0.3548816618046769, 0.6577090750819224, 0.7022785350208761, -0.02340934299618476, 0.038839190010011036], [-0.37486491803002014, 0.07835671965254445, -0.027515061518453458, 0.5635618584747949, 0.5791635514932595, 0.1895529813748155, -0.0991102532561321, 0.1451164043961934, -0.7262598275002928, -0.052223115914850314, -0.4212855556051705, -0.5080507659437233, -0.330751794682339, 0.3463068162438344, 0.6385111948966196, -0.003901301666961659], [-0.38320826782383594, -0.6341891381425606, -0.3787985055999664, -0.26416289913226276, -0.2362608369756739, -0.6325406537395131, 0.18762504661383267, 0.5584922522211351, 0.004346023113715888, 0.5669117047549722, 0.5713883172493924, -0.35164921278416744, 0.1813666655348915, 0.24052960052109562, 0.267879728430759, -0.07843400831432894]], "inverted": false, "swapped": false, "error_lsq": 0.048070193573250444, "error_max": 0.3280997337433173, "target": "747.xyz", "model": "22.xyz", "model_rescale": 4.204369325754507, "target_rescale": 4.387946783589391},
{"mapping": [0, 8, 4, 5, 9, 7, 2, 10, 1, 14, 3, 12, 12, 13, 11, 15], "R": [[0.5790363671366334, -0.31479187063988223, -0.7520790940534472], [-0.44284568666967195, -0.8959507549285608, 0.0340579291943745], [-0.6845469913243918, 0.31333420324309624, -0.6581922923787071]], "T": [0.09657451909364262, -0.02536017032394162, -0.06252112850739915], "aligned_model": [[-0.08357536060476967, -0.2768446969189373, 0.504455239922829, -0.532403599776343, 0.1304833958554291, 0.38834287411917306, -0.72333569710746, -0.23710409520800557, -0.27434004676285684, 0.423660858572468, -0.014855253701109183, 0.4407671750120255, 0.4407671750120255, 0.6301928993504007, 0.0683846653273609, 0.0640015227260058], [-0.42233293501711766, 0.14429491681724044, -0.32405157803501633, 0.49311350915014024, 0.7117044629180599, 0.32933591149981506, 0.050881473567101015, 0.10554677804231281, -0.5704947906790888, 0.026454758114698874, -0.589224990755187, -0.4269360636417069, -0.4269360636417069, 0.3379831505521923, 0.575741978295587, -0.01847358477320559], [-0.5941534289674587, -0.6981683546129058, -0.5908030505447884, -0.226332643469715, -0.2736982140472913, -0.5960822454245839, 0.21543522079748556, 0.6370687443278878, -0.03477127255871347, 0.6375279424822187, 0.566023591372511, 0.08033292193318638, 0.08033292193318638, 0.12338987385347198, 0.3338306609037728, -0.04063685205077959]], "inverted": true, "swapped": false, "error_lsq": 0.038435320503303325, "error_max": 0.33923540407906344, "target": "747.xyz", "model": "23.xyz", "model_rescale": 4.410303926677745, "target_rescale": 4.387946783589391},
{"mapping": [15, 5, 8, 12, 2, 4, 13, 7, 14, 1, 11, 9, 10, 3, 0, 16], "R": [[0.3085008605744398, -0.9403734416927986, -0.1432655198701741], [-0.6302734002094578, -0.0892731997163233, -0.7712235323178479], [0.7124483560323789, 0.32821956975666555, -0.6202332255011098]], "T": [-0.019284689341859333, -0.08665236215137906, -0.007034205878254898], "aligned_model": [[-0.1841172008864293, -0.15601056595263402, 0.5666941768370813, -0.5691545832593304, 0.2988889006114767, 0.4484660940920538, -0.6960352089085126, -0.254794469050005, -0.40430161288742317, 0.40265390387325556, 0.0526364367277826, 0.1951949841822843, 0.5926133231750225, 0.654153980978972, -0.06146091535574886, 0.06316981164039034], [-0.4591564786643181, 0.24383240424078323, -0.328941063235245, 0.4950734060250713, 0.7280587684280866, 0.19164205127355488, -0.1332346184075616, 0.11294828069320861, -0.6423446969090294, 0.1356586678129113, -0.5340792507943328, -0.6505851176774957, -0.30023615467284326, 0.4995625503959422, 0.6457312032079915, -0.007323019302605274], [-0.5930249200995412, -0.5244198331193543, -0.5301323046830491, -0.08061453739698043, -0.26762064363838717, -0.4285146882787843, 0.17742568541924475, 0.5817149968559365, -0.040470528788178944, 0.706324735386382, 0.43495902659812985, -0.17555215898142487, 0.05417634979356617, 0.10289039672602338, 0.17246869169415088, 0.029685548439751564]], "inverted": false, "swapped": false, "error_lsq": 0.042010787771990125, "error_max": 0.28816696827487526, "target": "747.xyz", "model": "24.xyz", "model_rescale": 4.28219845311461, "target_rescale": 4.387946783589391},
{"mapping": [1, 3, 5, 4, 7, 9, 0, 2, 8, 14, 6, 8, 10, 12, 13, 15], "R": [[-0.11209004000496714, -0.17632150003915847, 0.9779297273094965], [0.9926994300595411, -0.06397881255304638, 0.1022475090345214], [0.04453834854535188, 0.9822512103165073, 0.18220564025465724]], "T": [0.09578631542440083, 0.09888067236093613, -0.034289611925404404], "aligned_model": [[-0.22592698702185157, -0.22952507237375644, 0.4302197797947548, -0.5680937531720109, -0.019968590152315627, 0.4819268114424694, -0.6359030286931738, -0.21545212331633315, 0.13526298467286174, 0.42326675421935955, -0.17186174757216907, 0.13526298467286174, 0.5026011071920243, 0.7305103351077625, 0.14877640387701152, 0.027501197140741285], [-0.28068972173661166, 0.18492494407558324, -0.42675409784466456, 0.38020064611068727, 0.7974281786632715, 0.37789711952168065, -0.17633996487399167, 0.22276619030531264, -0.5906440977306288, -0.004104177493240144, -0.5629599550512729, -0.5906440977306288, -0.49490407652395063, 0.4463873486107047, 0.6345343391789433, 0.07950835493292385], [-0.4371596477935857, -0.7320103505692814, -0.6149297992826783, -0.15582520307291492, -0.3570560739748853, -0.5137883329117955, 0.1990309327777997, 0.5628393834196579, -0.10459779739513529, 0.6456334041593602, 0.5157364176784855, -0.10459779739513529, 0.29981548533989527, 0.2122553718642849, 0.21707398266858663, -0.013124159585173545]], "inverted": false, "swapped": false, "error_lsq": 0.05083664765562248, "error_max": 0.3975347818682781, "target": "747.xyz", "model": "25.xyz", "model_rescale": 4.100010024507729, "target_rescale": 4.387946783589391},
{"mapping": [3, 6, 8, 10, 5, 2, 0, 12, 7, 13, 14, 15], "R": [[-0.322623440283193, 0.8076453627757162, -0.49358189165195154], [-0.8846068695670529, -0.07176550109127136, 0.46078237723235216], [0.3367265984365001, 0.5852851278137866, 0.7376018689410864]], "T": [-0.04138690344171606, 0.022398652344442584, -0.026590231045336296], "aligned_model": [[-0.6213660762103164, -0.2567633811136765, 0.41355434619762116, 0.645903677250935, -0.4510871527473736, 0.07901116546071316, -0.062214247294096615, 0.49590629406305425, 0.05356913707042745, 0.07510476904068672, -0.43052396776811147, -0.06432896158685633], [-0.28242913939761344, -0.6375076193451044, -0.22278060008349812, -0.21253005634240857, 0.602071660646549, 0.7896764228569636, 0.05451880839933768, 0.4540892476524262, -0.47268562553934845, 0.49744035987572405, 0.017620214305877242, 0.07864771702173494], [-0.05299040672091651, 0.0706248038571672, 0.49374481333791065, -0.12524778885125915, 0.18946778464202335, 0.35213285293553226, 0.7240220926488627, -0.20557743281509328, -0.46897026391914437, -0.7042020042612362, -0.6683785306867508, -0.03943363031273932]], "inverted": true, "swapped": true, "error_lsq": 0.04380716733151243, "error_max": 0.2456424400269093, "target": "747.xyz", "model": "26.xyz", "model_rescale": 3.6694154284099745, "target_rescale": 4.387946783589391},
