[{"mapping": [3, 2, 8, 12, 14, 1, 5, 0, 7, 4, 10, 15], "R": [[0.3997637171329818, -0.6581117089244404, 0.638026605276437], [-0.15686575449381218, 0.6366775950750898, 0.7550064734798554], [-0.903095845152168, -0.4019087191215849, 0.15128541226086076]], "T": [0.04882682066511363, -0.1192771210480767, -0.10051553914271474], "aligned_model": [[-0.399393293607363, 0.0522831148629277, 0.42682528441003525, -0.27604428199195036, -0.12929299575081316, -0.47415321960390505, 0.4328472373270506, -0.2852137177788943, 0.7166275251952243, 0.16811489371293742, -0.4262396466035872, 0.031281562288886455], [-0.3290527914280773, -0.6205270416138349, -0.45048096482357486, 0.7050348349265172, 0.4090153012471193, -0.6399910885170372, -0.2171249377215269, -0.4447441607615869, 0.15128616702483738, 0.4168960869959886, 0.1064457309556365, -0.033202100307403656], [-0.6026947842260758, 0.013506690056796264, -0.48588463696099404, 0.06880145155468903, -0.7123866657452564, -0.018034781946443035, 0.5364033144945934, 0.5489932554725117, 0.033056690300214936, 0.578292926542327, 0.34284630471959887, -0.1209480189083989]], "inverted": false, "swapped": true, "error_lsq": 0.0426248840961908, "error_max": 0.20063514187284276, "target": "748.xyz", "model": "0.xyz", "model_rescale": 3.751011558992144, "target_rescale": 4.239510998467915},
{"mapping": [9, 8, 14, 13, 1, 11, 6, 7, 3, 10, 0, 5, 4, 12, 15], "R": [[-0.12490569757160838, -0.7319540709457528, 0.6698072892557154], [-0.39493827337965887, 0.6559848746152317, 0.6432010607080283], [-0.9101770854806464, -0.18419305714922735, -0.3710129253327676]], "T": [0.012898771746172398, -0.09047583566181781, -0.024052820150482955], "aligned_model": [[0.0011182902931032232, 0.12212556109043277, -0.41983202578566303, 0.25128335621699877, -0.4253526286431451, -0.5210467315206102, 0.6055727235063895, 0.6705625466540649, -0.6398806991260031, -0.15649685649898207, 0.03677332469078536, 0.6607752216735429, 0.49221582485250504, -0.13127355843594993, -0.007458137878434766], [-0.0772088498707789, -0.5512509006074281, 0.3349100944946233, 0.5598538094205777, -0.4836578137710455, 0.22692950017768188, -0.4946412473744088, 0.07642172605579862, -0.3082078626496435, 0.2969200134235638, -0.22114004058522624, -0.13251921871037015, 0.5348696616657553, 0.7956171455769994, -0.008138667418993023], [-0.7632711001109078, -0.44458107638586714, -0.5870774158093528, -0.39162764429077535, 0.4284931729724672, 0.1108231734552606, -0.021042295180172095, -0.30086932502096325, -0.17755468901832525, 0.5185688307958186, 0.7644460199373074, 0.35171301295701435, 0.35236510988872083, 0.06399969402295821, -0.05471906336120726]], "inverted": false, "swapped": true, "error_lsq": 0.04702633729854443, "error_max": 0.3609020617598543, "target": "748.xyz", "model": "1.xyz", "model_rescale": 3.9405287249114394, "target_rescale": 4.239510998467915},
{"mapping": [4, 0, 10, 8, 2, 12, 7, 6, 3, 14, 9, 13, 15], "R": [[-0.2968025232894489, 0.8609699489058094, 0.4130847482661934], [0.809058624308922, 0.45650935787295127, -0.37016664977518], [-0.5072794147216809, 0.22434338246436855, -0.8320682917549949]], "T": [0.05966170091773175, -0.08156745144871452, -0.07911219908571357], "aligned_model": [[-0.365609293002457, 0.22392829093909977, -0.33844658277047035, 0.5133635646573759, 0.5173194097429544, -0.8220359345678891, 0.09805461735261527, 0.6303545803409143, 0.05304510540726644, -0.5038843559705712, 0.012534295430856074, -0.49655092113243954, -0.026089497143323592], [0.6644549453888211, 0.43966222991499154, 0.2734046705497939, -0.413180277833426, -0.028229807050869277, 0.10884517876646008, 0.22169155335576873, 0.22103061483399, -0.6885789562755291, -0.6519893932764407, -0.5911767307031157, -0.0019340285403367241, -0.09516740555809121], [0.07927798883109274, -0.6628155965527867, -0.5135236007495677, 0.21290786614059323, -0.307079334505105, -0.07190197879042423, 0.5868936374312888, 0.23292177989433596, -0.43769880032179187, 0.126412685226539, 0.45458794915558176, 0.4678367434638253, -0.05469898963493748]], "inverted": true, "swapped": true, "error_lsq": 0.04067336370269925, "error_max": 0.22690159583385758, "target": "748.xyz", "model": "2.xyz", "model_rescale": 3.932901565614263, "target_rescale": 4.239510998467915},
{"mapping": [2, 5, 0, 8, 1, 11, 10, 3, 9, 14, 4, 7, 12, 15], "R": [[-0.6682165749635984, -0.22386513617831766, 0.7094864408484359], [0.6674663626452446, -0.6016060456837355, 0.43881524646929304], [0.3285958972370847, 0.7667819550567442, 0.5514255794922038]], "T": [-0.017574253227693033, -0.004663916266695878, -0.017812759526280943], "aligned_model": [[-0.1747189807418117, 0.5715576106238838, 0.22927315321215194, -0.36526772054201734, -0.3849040264847744, -0.1692846662244962, 0.29172205381515603, -0.6733639662026325, -0.3039659018412526, -0.30376730720569745, 0.8326953386049918, 0.44640690535441063, 0.42034205266941954, 0.0030853670153724276], [0.04340964526921337, 0.18502675354294595, -0.4600140073549562, 0.5170272885490979, -0.4405399191356268, -0.5605066627559689, -0.6184494027037184, -0.24645348746849874, 0.47019938440360093, -0.07495707288087887, -0.17606075616102013, 0.5432169169146537, -0.48975315824374177, -0.028648883624613906], [-0.5049051171794811, -0.4416672139579504, -0.6269894186541547, -0.10745485835963267, -0.493769881068364, 0.25062396130926584, -0.046305739745410884, 0.0747547970397213, 0.4713120991384712, 0.7557234296803973, 0.08296933690124389, 0.12899286507786192, 0.6039729059491011, 0.06663919692602915]], "inverted": false, "swapped": true, "error_lsq": 0.03978486963864788, "error_max": 0.2813378923077904, "target": "748.xyz", "model": "3.xyz", "model_rescale": 3.9243930471874484, "target_rescale": 4.239510998467915},
{"mapping": [9, 3, 14, 13, 12, 8, 7, 11, 10, 0, 4, 5, 15], "R": [[-0.19689389882020994, 0.8523162347442342, 0.4845511620033412], [-0.7734255720839228, 0.16870507090069334, -0.6110249450710249], [-0.6025327186585256, -0.49507134338780234, 0.6259861722930969]], "T": [-0.17484629800783363, -0.04852138144421597, -0.1639004197022182], "aligned_model": [[-0.04255682831852678, -0.17786336049568913, 0.436228430682624, 0.434439804480434, 0.691372526402118, -0.5756540310691531, -0.15358932984373685, 0.2516506344553834, 0.15365107940941736, -0.4295775410095006, 0.22733427084857183, -0.45190673105895746, -0.08632303817163242], [-0.7080612909849382, 0.09306810363420662, -0.3564399854063681, -0.4681245563006826, 0.11404809981277414, -0.48510761287592774, -0.5805209816247459, 0.31302509933100525, 0.5224440150633838, 0.6473622149831855, 0.09549536930275859, 0.005967583027724266, -0.06532650428078889], [-0.47092657822170464, -0.8545771979157879, -0.6297111509164266, 0.09604328515158223, 0.028286441047356198, -0.3871352510367609, 0.33961559892511445, -0.46625780785051313, 0.03433345190844239, 0.13648527171542207, 0.5976783694063215, 0.531067184541268, -0.16783130138334926]], "inverted": false, "swapped": true, "error_lsq": 0.04135316395280254, "error_max": 0.23606776581313446, "target": "748.xyz", "model": "4.xyz", "model_rescale": 3.8936222436046832, "target_rescale": 4.239510998467915},
{"mapping": [12, 10, 4, 13, 5, 2, 3, 8, 9, 14, 7, 15], "R": [[0.715055166857889, 0.4326552497258618, 0.5490952041627108], [0.24824141244000247, -0.8914271449645432, 0.3791224688278922], [0.6535076965879052, -0.13478531116192033, -0.7448225361758029]], "T": [-0.21309949834952113, -0.02186795237019074, 0.11581493021379685], "aligned_model": [[0.02434798469042318, -0.5761986974653127, -0.3613370940704116, 0.35179620284228286, -0.6038188451409735, -0.5855260135117428, -0.12195485822728175, 0.012214564689749352, 0.4826625305971006, 0.48027368423867267, 0.07956455694735864, -0.15447597337476776], [-0.5548524785871546, -0.45003842052667264, 0.04704783654292402, -0.024244800145170112, 0.4876902842536803, 0.16369388864771092, -0.4666778207130749, 0.3611269033565852, 0.11161958069980288, -0.4734500382821699, 0.5366315484373019, -0.0696235785739561], [-0.5721137470881282, -0.28172462836242107, -0.7419545701385885, -0.42801804607374383, -0.2719998416699769, 0.4176920435406552, 0.6551922865387344, 0.5670761403371817, 0.32760429650460654, 0.13846614155752068, -0.25758816650215155, 0.06665281063182948]], "inverted": false, "swapped": true, "error_lsq": 0.0434242324463853, "error_max": 0.2907061927904939, "target": "748.xyz", "model": "5.xyz", "model_rescale": 3.6523030999806103, "target_rescale": 4.239510998467915},
{"mapping": [3, 14, 12, 11, 10, 8, 13, 2, 7, 5, 4, 0, 15], "R": [[-0.6231748780177353, 0.3256150834113528, -0.7110751640034958], [-0.5858744154787112, 0.407926041758492, 0.7002481801066873], [0.5180774466188036, 0.8529778202921028, -0.06343971464842763]], "T": [0.03638575028392595, -0.21328290155240723, 0.021150591488037815], "aligned_model": [[0.333195041364697, -0.1211754484845141, 0.1981662397751805, 0.48113270352898446, 0.5635477503054301, -0.35849525926029185, -0.39730016882841973, 0.18638798525469236, -0.5954465640585955, -0.08653708589578903, 0.022869332425849667, 0.6288412094327323, 0.02589716910433861], [-0.609468893430732, -0.02650999454551531, 0.6102916956412298, -0.015281546072071023, 0.22084071860918333, -0.7075174108281354, 0.38930848120714157, -0.6010182456328872, 0.050494969276580565, -0.020839023648785232, 0.5718288944795382, -0.1751479709586091, -0.14615476993375537], [0.5231784806354667, 0.8120337547146169, 0.3516829401627335, 0.42984496646343084, -0.061587470998141616, 0.050973475667463373, 0.27347430760625113, -0.2812152962092241, -0.24002554776589996, -0.6933890029100489, -0.3608298539030665, -0.5144946320879277, 0.08046361810613505]], "inverted": false, "swapped": true, "error_lsq": 0.04737217968827656, "error_max": 0.3161665897514481, "target": "748.xyz", "model": "6.xyz", "model_rescale": 4.08911054899281, "target_rescale": 4.239510998467915},
{"mapping": [11, 3, 1, 12, 4, 5, 10, 0, 13, 14, 7, 8, 6, 2, 15], "R": [[0.04779579088331003, 0.32958092535276085, 0.9429167386452831], [0.42591643231593057, 0.8471504726052512, -0.317696820015513], [-0.9034991726930958, 0.41678830406852563, -0.09988370505029306]], "T": [0.05354567575224618, -0.0853654081928202, 0.07263076728116541], "aligned_model": [[0.06488171062560473, 0.4097692831497264, 0.7435125915376489, -0.5633092419712883, -0.46243484825997033, 0.008933862812246382, 0.0536369597440447, 0.5074109125456308, -0.7277164886416964, -0.37769456153233794, -0.4590773346180497, 0.19099971640747693, 0.1519814934156915, 0.514176480767577, -0.018736996182750057], [-0.5591818528506907, -0.6892587100830759, -0.2089628565854949, -0.33791748043568126, 0.3850919007480052, 0.6564114830118409, -0.07535488704477672, 0.2954877978659601, -0.14978108033711213, -0.7864629973187155, 0.34892475105564164, -0.08325839223540318, 0.5150959906585407, 0.12146801247521101, -0.1315428627551362], [-0.3509314505977021, 0.1468515081769258, -0.17257029229468476, -0.5351579614142838, -0.45170338741948274, -0.02978178849490329, -0.6151980340687211, -0.4643336000762935, 0.05399852649317671, 0.16037959230478616, 0.3652286502552819, 0.6908460319501684, 0.4526013643947751, 0.16908643146982738, 0.04475444140321111]], "inverted": true, "swapped": true, "error_lsq": 0.0420350487846999, "error_max": 0.2898722600034948, "target": "748.xyz", "model": "7.xyz", "model_rescale": 3.964800864290218, "target_rescale": 4.239510998467915},
{"mapping": [1, 6, 0, 3, 10, 9, 11, 5, 7, 13, 14, 12, 4, 15], "R": [[0.5997775882100237, 0.6448324633236675, -0.4737699219293037], [0.7656981803266847, -0.6344311167278922, 0.10584637344663204], [-0.23232120291822583, -0.42624904970138167, -0.874264608858953]], "T": [-0.03802048622549235, -0.14396022983660692, -0.03777227267817383], "aligned_model": [[-0.2421559994620211, 0.4277270034732513, 0.35261472166967855, -0.7030486573794742, 0.12681732044446625, -0.40803393051003023, -0.3958896303417869, 0.7006253354700497, 0.4148158884520903, 0.0654239459275094, -0.636814594394126, -0.014476309911440347, 0.6344237796543234, -0.060840983631617364], [0.0732206183630214, -0.6655632750192856, 0.2488904289887052, -0.0936816932382829, 0.5185762062330855, -0.587973634519187, 0.38078425712992936, -0.22341169151686124, -0.4959644758593136, -0.05337331135278928, -0.025704685188886342, 0.550359966353055, 0.28523274081361194, -0.1004429850056002], [-0.7179306403806298, -0.19786816730371548, -0.6143536145195291, -0.26646572960999443, -0.12193073752367849, 0.42342248617514566, -0.013106903898497016, -0.14170165778277294, 0.4183374102413443, 0.7342124217194802, 0.5213941338655622, 0.5376100474950692, 0.3173395262122658, 0.03785646403497124]], "inverted": true, "swapped": true, "error_lsq": 0.039097381804444664, "error_max": 0.24398280259670185, "target": "748.xyz", "model": "8.xyz", "model_rescale": 4.121658175737393, "target_rescale": 4.239510998467915},
{"mapping": [4, 5, 7, 13, 0, 10, 2, 3, 8, 1, 12, 14, 15], "R": [[-0.9926962505734344, 0.11246043495622549, -0.043666974556316906], [-0.04806774030042304, -0.7006956102486864, -0.7118392754833299], [-0.11065101192423205, -0.7045412069905334, 0.700983624068684]], "T": [0.0826068877631275, -0.08514664355381077, -0.017754451936405097], "aligned_model": [[-0.5354947022109792, -0.24486105913426567, 0.2502375380935814, 0.12542468208161905, -0.5693660171000174, -0.5726916474202277, 0.08543565074866515, 0.32403086671563086, 0.661010333198106, -0.14668085826136168, -0.3826396456837796, 0.4079452339274574, 0.07438712148076874], [0.2921022787614408, -0.31436749559168226, 0.15808074441068462, 0.6497524044660223, -0.5480624915554537, 0.03298500272526411, -0.5991153519728459, -0.18624270881972207, -0.3200229956577144, -0.617707581305092, 0.6786197362951744, 0.561275859080059, 0.0030900385755749382], [-0.5057359695832013, -0.6525253133544997, -0.6883841687815889, -0.2878602357273716, -0.014039813381330174, 0.15498067120532563, -0.027380585865805246, 0.6369096946981857, -0.12438802924565985, 0.4462069805654847, 0.10017034431575608, 0.3841146021447174, -0.0009927430309237192]], "inverted": true, "swapped": true, "error_lsq": 0.040852511455157635, "error_max": 0.2106329655791647, "target": "748.xyz", "model": "9.xyz", "model_rescale": 3.833441315466971, "target_rescale": 4.239510998467915},
{"mapping": [5, 6, 13, 14, 9, 7, 8, 11, 10, 12, 0, 1, 2, 4, 15], "R": [[0.450268782606979, 0.2892364157398027, 0.8447486722212834], [-0.2033412254212966, -0.8880045682254403, 0.41243209484097487], [0.8694310607827367, -0.35747752743458083, -0.3410270486713099]], "T": [-0.00680389191889353, 0.060129862965190684, -0.051625127385477365], "aligned_model": [[0.11534458695542624, 0.04340675652591681, -0.7243331374080726, -0.551297315933021, -0.584673448519886, -0.5103233754340102, -0.11003948631108229, 0.08073610143342339, 0.2499049960150994, -0.387488184739204, 0.6709149246104356, 0.6934596914352513, 0.41301116040772273, -0.2045076751499419, -0.07027057559352531], [-0.6398768875847021, -0.600223990249023, 0.05926771693534433, 0.6828570591446959, 0.2190920996253652, -0.4720254260209213, -0.07072132022160196, 0.6170659639572571, 0.20696904573829794, 0.39004821755411945, -0.14779718086261817, 0.2954952658804716, -0.12258660215261313, -0.3214719383129127, 0.10500951586381928], [0.18875332433784503, -0.3273656498125765, 0.264631330730468, -0.08234284813777878, -0.4847027658669187, -0.034811667691789006, -0.6626149359646121, 0.24196371828984975, 0.56946059945991, 0.6966615997107182, 0.31828986246148294, -0.12704577895559074, -0.2853653952112015, 0.7084969455994119, -0.005886431127125183]], "inverted": true, "swapped": true, "error_lsq": 0.0461417140429713, "error_max": 0.287674507495058, "target": "748.xyz", "model": "10.xyz", "model_rescale": 4.2482417240324, "target_rescale": 4.239510998467915},
{"mapping": [8, 7, 13, 4, 3, 11, 14, 10, 5, 1, 2, 15], "R": [[0.8527345203492649, -0.30516352494287435, -0.4239328494574923], [0.15974542999041091, -0.6203546533011041, 0.7678811768267574], [-0.4973180425058876, -0.7225201223302412, -0.4802493492197626]], "T": [-0.09556136241437606, 0.043348846647785926, -0.07224868931537654], "aligned_model": [[-0.6869774083542591, -0.006290066362573302, 0.2639871514055834, 0.7026231484683403, -0.4672906660334938, 0.14808650064492895, -0.14024670783927679, 0.4950855472247402, 0.19008148854653417, -0.23250320200746766, -0.3402359550907548, -0.04955422823929465], [-0.1821466768162972, -0.671877390837263, -0.3144329149962186, -0.30722841741534895, 0.6191643802685546, 0.5848177340286143, 0.26568885290551997, 0.3662476484813709, -0.4513747311146631, 0.6114095316154194, 0.09486363825361854, 0.05099973567733278], [-0.050638604147728555, 0.059985493921429434, 0.5257347435428099, -0.12214212566058635, 0.09311422365539912, 0.1546491823241387, 0.7238505316024691, -0.21395708970519484, -0.5584258638726327, -0.5305152323966746, -0.5214090922148776, 0.004946122805805336]], "inverted": true, "swapped": true, "error_lsq": 0.041084091404833316, "error_max": 0.20996712900289424, "target": "748.xyz", "model": "11.xyz", "model_rescale": 3.6694154284099745, "target_rescale": 4.239510998467915},
{"mapping": [14, 3, 2, 8, 9, 12, 13, 4, 6, 5, 10, 7, 11, 15], "R": [[-0.7456319209788516, 0.5587457166851827, -0.3630926362560244], [0.06337498805861591, 0.6018835149463455, 0.7960652268026803], [0.6633375078389269, 0.5705606527984507, -0.48419406457767306]], "T": [0.03015197805339012, 0.20770126881669287, -0.06979444737634409], "aligned_model": [[0.006400224459861589, -0.1326521687597545, 0.08787462756275821, 0.5869453568247268, 0.5430741369562256, -0.49177828241431987, 0.1465702399551871, -0.23662908269751612, 0.5321112014872162, 0.14335231573375495, -0.6156528694363993, 0.5231372403325535, -0.4998502232123183, 0.00536213346383347], [-0.39192930477141324, 0.38381313912052517, 0.7159705619348711, 0.4096877919961509, -0.14591979675937744, -0.5206148637057368, -0.5564950315967432, -0.2097456917839614, 0.51527677111565, 0.3641892385204393, 0.13216004833318828, -0.12362014544735372, 0.03562128983162369, 0.1225932813483911], [-0.6399565799702793, -0.7327955905373762, -0.018854099957499218, -0.2940058299793086, -0.4680675433421574, 0.034340521576362346, 0.0618030885362708, 0.6492731344206, 0.34015116459642947, 0.655056365306295, 0.15479028451653604, 0.35938554508335824, -0.3756075092545801, -0.08641749134223593]], "inverted": true, "swapped": true, "error_lsq": 0.04634017347435122, "error_max": 0.35938008743197275, "target": "748.xyz", "model": "12.xyz", "model_rescale": 3.9764082729961374, "target_rescale": 4.239510998467915},
{"mapping": [0, 2, 7, 8, 5, 4, 4, 6, 3, 14, 9, 1, 12, 13, 11, 15], "R": [[-0.4134489508510968, 0.5093932800020452, 0.7547042144634449], [-0.0878566056720746, -0.8473159238781656, 0.5237718415324296], [0.9062787550637547, 0.1502471677977623, 0.3950754442999997]], "T": [-0.08703260563065916, 0.13620404233106936, 0.09920929777562332], "aligned_model": [[-0.5700520114622359, -0.25292106647918344, -0.021780962557240033, 0.31686957274587957, -0.7248090441092585, -0.19915423442183272, -0.19915423442183272, 0.06814227482798048, 0.6472940964430244, 0.6030117464809471, -0.6846771772645542, -0.3288946939756607, -0.36292919778492083, 0.11256151432897087, 0.6149511216115497, -0.02885357309559901], [-0.2640791317559483, 0.14635123744528933, -0.4190787308339467, 0.3563391729104922, -0.21269817244478278, -0.5688986925155171, -0.5688986925155171, -0.19247830802002458, -0.1427837399442683, 0.040037872591380363, 0.17922284491675397, 0.5920029213432678, 0.6662371247889105, 0.4272368967314368, 0.5071103200086509, 0.045647792455515424], [-0.26626788021938363, -0.6809429738321322, -0.40915766006622806, -0.4374995536848459, 0.5167405719105997, 0.177456313362845, 0.177456313362845, 0.7711821206944967, -0.20307129914764566, 0.4908710134072896, 0.04951548389246352, -0.271023994046727, 0.3231725467388681, 0.5991519056057764, 0.08535005479820001, 0.09735442451026122]], "inverted": false, "swapped": false, "error_lsq": 0.04885140864861279, "error_max": 0.31354217477240276, "target": "748.xyz", "model": "13.xyz", "model_rescale": 4.170626492500431, "target_rescale": 4.239510998467915},
{"mapping": [2, 5, 8, 7, 3, 14, 9, 0, 1, 4, 10, 13, 11, 15], "R": [[0.5198792933589007, -0.01982966743040182, 0.8540095459807521], [-0.5169788755483954, -0.803168691503507, 0.2960623164559474], [0.6800429123028687, -0.5954215626580418, -0.42780229095750366]], "T": [-0.010308811779921554, 0.024390167390993093, -0.0013163949266565417], "aligned_model": [[0.3009291249229288, -0.038832117812743046, -0.24547235767768918, -0.6262673177566901, 0.28153376983615247, -0.3681372973898436, -0.5898603287301322, 0.6405427488368635, 0.704287711203173, -0.17128548563038193, 0.37653685903420253, -0.6389438398331014, 0.2692087312190616, -0.05105717813015724], [-0.1761491888918379, -0.7234872015196361, 0.08441668428834898, -0.3722506398750026, 0.6290280730971003, 0.7351793372750038, 0.4121614079891853, -0.4142636221816643, 0.11505158117093711, -0.49214350034765386, -0.05625377159827899, 0.09455952792747102, 0.45202849245745225, 0.0681972881342406], [-0.3579386193140421, 0.04945134920191828, -0.5862805735123371, 0.015266826362953553, -0.2165651056157174, 0.22659446239730163, -0.2473081879778553, 0.1514862506087034, -0.18183384875484954, 0.6840825889140779, 0.5617605633210676, 0.46210713822047417, 0.37687785069258223, 0.06617240657658892]], "inverted": true, "swapped": true, "error_lsq": 0.0375052977358184, "error_max": 0.2634590864281237, "target": "748.xyz", "model": "14.xyz", "model_rescale": 3.9786697098870705, "target_rescale": 4.239510998467915},
{"mapping": [13, 7, 12, 14, 4, 10, 8, 2, 11, 9, 5, 15], "R": [[0.21385663820709735, -0.9023333727539513, 0.3742456715971975], [0.9207033433880123, 0.31421159199858306, 0.23146582669554533], [-0.3264516683506073, 0.2950687375310958, 0.8979775878956615]], "T": [0.018210049355359116, 0.03974938717965152, 0.20104545438319063], "aligned_model": [[0.029207158293562664, -0.5370444228996072, 0.5464876598101533, 0.49206284984955956, -0.0702992899035906, 0.4275790592930747, -0.34948706778750765, -0.17389723408969254, 0.6512913186739633, -0.08925772386643474, -0.5102428652790997, 0.06695515467295513], [-0.27022921568934416, -0.1056528520218997, 0.1064511492446486, -0.5915327303454895, 0.5057399134688554, 0.5436349789183077, -0.35633235085605586, 0.2593749724054431, 0.07347785507782245, -0.6881055334165905, 0.5313624405028714, 0.006485862935869877], [-0.5191346884189256, -0.2545360138287277, -0.5270845605679161, -0.048258054579700366, -0.5321061075424883, -0.02638586046514574, 0.5312064047057538, 0.6242757599497669, 0.15515451605625225, 0.1273138440285913, -0.0033209434815214545, 0.13284219801789107]], "inverted": true, "swapped": true, "error_lsq": 0.045715106436595175, "error_max": 0.2544246974096704, "target": "748.xyz", "model": "15.xyz", "model_rescale": 3.769337070930944, "target_rescale": 4.239510998467915},
{"mapping": [3, 1, 9, 8, 14, 11, 13, 10, 7, 6, 15], "R": [[0.4475566989453743, -0.6527956263796713, -0.6111880818608069], [-0.73126601231925, 0.12623041844642235, -0.6703103017898079], [0.51472616064838, 0.7469429373375277, -0.42087198517573515]], "T": [-0.05146785998166204, -0.036710598774795496, 0.08926254730475355], "aligned_model": [[-0.2698675530545581, -0.41109402584650034, -0.08269524228303515, -0.5381175645817121, 0.34455134182287045, 0.28016793043898575, 0.5724509910648594, 0.3700656104023693, 0.09016019953492777, -0.46211254746115726, 0.029116990654120982], [-0.20667229762009237, -0.6605761104936178, 0.6174392813839705, 0.3597143831667227, 0.29553943116667375, -0.3782857719839379, 0.43680564783180886, -0.5733704055494473, 0.5158470707727532, 0.2032689281821085, -0.0136456592316004], [-0.5592015549442378, -0.09216258286713871, -0.2540612691801659, 0.004956764680957987, -0.5572546894572886, -0.3319020106634549, 0.1263400369240881, 0.17594855523817154, 0.5492900778763928, 0.6262932016131324, 0.05597107800332064]], "inverted": true, "swapped": true, "error_lsq": 0.04242079194068596, "error_max": 0.21421054741483464, "target": "748.xyz", "model": "16.xyz", "model_rescale": 3.7852294659196426, "target_rescale": 4.239510998467915},
{"mapping": [8, 14, 13, 9, 3, 11, 10, 12, 7, 6, 0, 4, 15], "R": [[0.06587717658967532, 0.6511091995563549, -0.7561197047145749], [0.8472610424380764, 0.3637693353463126, 0.3870666565702173], [0.5270758233606596, -0.6661296277112926, -0.5276953624146208]], "T": [-0.04175047575247012, 0.1403407560585801, -0.16155942963070374], "aligned_model": [[0.06956947081107348, -0.3777798146659501, 0.2869766257689237, 0.022098071072683467, -0.6919381277297053, -0.5575513663303175, -0.23125581996765907, -0.11799752471522432, 0.6522533105017877, 0.510993764102624, -0.10857675630141952, 0.44879917609787445, -0.05182515842840786], [-0.18971023418143135, -0.5263164817134895, -0.2931184347221202, -0.5887588580013023, -0.050708529107886896, 0.16395811195228488, 0.5946953330075464, 0.07497257790890499, -0.08275541311611956, 0.2719942771103236, 0.937145638636416, 0.46831625966635476, 0.09534137626339372], [-0.6904851140298807, 0.1960132745008013, 0.40316947115371143, -0.26689495986120965, -0.3561032158794988, 0.20915224149529377, 0.31891775167164804, 0.7348852514584117, -0.08678872503042712, -0.599466168654174, -0.1646862290289913, 0.48209062636567407, -0.08404950701818471]], "inverted": true, "swapped": true, "error_lsq": 0.03938769690652099, "error_max": 0.21278298287763336, "target": "748.xyz", "model": "17.xyz", "model_rescale": 3.901054581598922, "target_rescale": 4.239510998467915},
{"mapping": [9, 8, 14, 13, 1, 11, 6, 7, 3, 10, 0, 5, 4, 12, 15], "R": [[-0.12490569757160838, -0.7319540709457528, 0.6698072892557154], [-0.39493827337965887, 0.6559848746152317, 0.6432010607080283], [-0.9101770854806464, -0.18419305714922735, -0.3710129253327676]], "T": [0.012898771746172398, -0.09047583566181781, -0.024052820150482955], "aligned_model": [[0.0011182902931032232, 0.12212556109043277, -0.41983202578566303, 0.25128335621699877, -0.4253526286431451, -0.5210467315206102, 0.6055727235063895, 0.6705625466540649, -0.6398806991260031, -0.15649685649898207, 0.03677332469078536, 0.6607752216735429, 0.49221582485250504, -0.13127355843594993, -0.007458137878434766], [-0.0772088498707789, -0.5512509006074281, 0.3349100944946233, 0.5598538094205777, -0.4836578137710455, 0.22692950017768188, -0.4946412473744088, 0.07642172605579862, -0.3082078626496435, 0.2969200134235638, -0.22114004058522624, -0.13251921871037015, 0.5348696616657553, 0.7956171455769994, -0.008138667418993023], [-0.7632711001109078, -0.44458107638586714, -0.5870774158093528, -0.39162764429077535, 0.4284931729724672, 0.1108231734552606, -0.021042295180172095, -0.30086932502096325, -0.17755468901832525, 0.5185688307958186, 0.7644460199373074, 0.35171301295701435, 0.35236510988872083, 0.06399969402295821, -0.05471906336120726]], "inverted": false, "swapped": true, "error_lsq": 0.04702633729854443, "error_max": 0.3609020617598543, "target": "748.xyz", "model": "18.xyz", "model_rescale": 3.9405287249114394, "target_rescale": 4.239510998467915},
{"mapping": [7, 4, 0, 12, 5, 8, 6, 2, 1, 3, 9, 13, 11, 10, 14, 15], "R": [[-0.018228261199510765, 0.9461348641751102, -0.3232592601705148], [-0.23424605867669301, -0.3183557614583968, -0.9185741086818635], [-0.9720064374725499, 0.05897819884152594, 0.22743143488386058]], "T": [-0.038972159687898675, 0.08022906437232427, -0.035022998065260894], "aligned_model": [[-0.6380907518205607, -0.08712633761008917, 0.03310961487699397, 0.35467968713238107, -0.5244049656114003, -0.4905288901907763, -0.05210079013518483, 0.09470348630658885, 0.4634224885658671, 0.775852780546019, -0.7783243078968043, -0.2858832978792981, -0.34166887367290955, 0.23643220753644761, 0.260818939375895, -0.03128685865713521], [0.043403404152743214, -0.11068703364496696, -0.5334756440866583, 0.2572097726256104, -0.2555342495002928, -0.5266665761866449, -0.6002645095261127, -0.2449893231118255, -0.3394006961344086, 0.22361937257715928, 0.225612958983647, 0.6836017045075289, 0.5404086838095646, 0.3737191914735205, 0.7788129592414137, 0.07590069998141506], [-0.40289027338573796, -0.7392227192257911, -0.3364280520155929, -0.37244723342861036, 0.5505371019666507, -0.02821446341916216, 0.27326191972627056, 0.7597657192195358, 0.04882153355413314, 0.16728402395740694, 0.11068826122191812, -0.19721483616221203, 0.42954413281798337, 0.6401954975007353, 0.11277686941722768, 0.003829905541927789]], "inverted": true, "swapped": false, "error_lsq": 0.05022086541127574, "error_max": 0.3106445131883373, "target": "748.xyz", "model": "19.xyz", "model_rescale": 4.410303926677745, "target_rescale": 4.239510998467915},
{"mapping": [1, 6, 0, 3, 10, 9, 11, 5, 7, 13, 14, 12, 4, 15], "R": [[0.5997775882100237, 0.6448324633236675, -0.4737699219293037], [0.7656981803266847, -0.6344311167278922, 0.10584637344663204], [-0.23232120291822583, -0.42624904970138167, -0.874264608858953]], "T": [-0.03802048622549235, -0.14396022983660692, -0.03777227267817383], "aligned_model": [[-0.2421559994620211, 0.4277270034732513, 0.35261472166967855, -0.7030486573794742, 0.12681732044446625, -0.40803393051003023, -0.3958896303417869, 0.7006253354700497, 0.4148158884520903, 0.0654239459275094, -0.636814594394126, -0.014476309911440347, 0.6344237796543234, -0.060840983631617364], [0.0732206183630214, -0.6655632750192856, 0.2488904289887052, -0.0936816932382829, 0.5185762062330855, -0.587973634519187, 0.38078425712992936, -0.22341169151686124, -0.4959644758593136, -0.05337331135278928, -0.025704685188886342, 0.550359966353055, 0.28523274081361194, -0.1004429850056002], [-0.7179306403806298, -0.19786816730371548, -0.6143536145195291, -0.26646572960999443, -0.12193073752367849, 0.42342248617514566, -0.013106903898497016, -0.14170165778277294, 0.4183374102413443, 0.7342124217194802, 0.5213941338655622, 0.5376100474950692, 0.3173395262122658, 0.03785646403497124]], "inverted": true, "swapped": true, "error_lsq": 0.039097381804444664, "error_max": 0.24398280259670185, "target": "748.xyz", "model": "20.xyz", "model_rescale": 4.121658175737393, "target_rescale": 4.239510998467915},
{"mapping": [3, 14, 12, 11, 10, 8, 13, 2, 7, 5, 4, 0, 15], "R": [[-0.6231748780177353, 0.3256150834113528, -0.7110751640034958], [-0.5858744154787112, 0.407926041758492, 0.7002481801066873], [0.5180774466188036, 0.8529778202921028, -0.06343971464842763]], "T": [0.03638575028392595, -0.21328290155240723, 0.021150591488037815], "aligned_model": [[0.333195041364697, -0.1211754484845141, 0.1981662397751805, 0.48113270352898446, 0.5635477503054301, -0.35849525926029185, -0.39730016882841973, 0.18638798525469236, -0.5954465640585955, -0.08653708589578903, 0.022869332425849667, 0.6288412094327323, 0.02589716910433861], [-0.609468893430732, -0.02650999454551531, 0.6102916956412298, -0.015281546072071023, 0.22084071860918333, -0.7075174108281354, 0.38930848120714157, -0.6010182456328872, 0.050494969276580565, -0.020839023648785232, 0.5718288944795382, -0.1751479709586091, -0.14615476993375537], [0.5231784806354667, 0.8120337547146169, 0.3516829401627335, 0.42984496646343084, -0.061587470998141616, 0.050973475667463373, 0.27347430760625113, -0.2812152962092241, -0.24002554776589996, -0.6933890029100489, -0.3608298539030665, -0.5144946320879277, 0.08046361810613505]], "inverted": false, "swapped": true, "error_lsq": 0.04737217968827656, "error_max": 0.3161665897514481, "target": "748.xyz", "model": "21.xyz", "model_rescale": 4.08911054899281, "target_rescale": 4.239510998467915},
{"mapping": [13, 12, 14, 9, 0, 4, 2, 1, 15, 11, 7, 10, 6, 8, 5, 16], "R": [[-0.4617444729852662, 0.499396592309354, 0.7330723601782871], [-0.1057301440237693, 0.7895708918171647, -0.6044823764509275], [-0.8806890361031368, -0.3566242425647095, -0.3117787216967757]], "T": [-0.04669063383693764, 0.001587718775240901, 0.0519149081650547], "aligned_model": [[-0.5823817300461587, -0.27956035591609285, 0.14160306149016874, 0.2963966545449115, -0.6389800185469611, -0.4674536258498819, 0.054932054667070435, 0.1766666336652696, 0.5516106433835851, 0.6379954249602023, -0.6701269162186729, -0.2186703285945108, -0.40496219127779853, 0.17474159228280237, 0.3090250996920404, -0.09123186736993873], [-0.20161547535543806, 0.11176634767496216, -0.28417180983866713, 0.33475038717093214, -0.09582844706308723, -0.5447440564577108, -0.682188684520733, -0.2607076979730123, -0.4143515976869831, 0.1240425821098111, 0.31914511341960106, 0.7251348589460331, 0.5064879581063227, 0.35994797685179014, 0.6076081239806396, -0.014004864202767704], [-0.27743821139735503, -0.6398956643955557, -0.4909566807521436, -0.4761394076972165, 0.5415911007377138, 0.15570451164674112, 0.26018513851517444, 0.7669750641469464, 0.028739822590178182, 0.3714502545557147, -0.07568090260536672, -0.2611951839059242, 0.4669828158665358, 0.6026487029580005, -0.010811795421165254, 0.05812782244440568]], "inverted": false, "swapped": false, "error_lsq": 0.03751453975329958, "error_max": 0.24051181929306312, "target": "748.xyz", "model": "22.xyz", "model_rescale": 4.204369325754507, "target_rescale": 4.239510998467915},
{"mapping": [7, 4, 0, 12, 5, 8, 6, 2, 1, 3, 9, 13, 11, 10, 14, 15], "R": [[-0.018228261199510765, 0.9461348641751102, -0.3232592601705148], [-0.23424605867669301, -0.3183557614583968, -0.9185741086818635], [-0.9720064374725499, 0.05897819884152594, 0.22743143488386058]], "T": [-0.038972159687898675, 0.08022906437232427, -0.035022998065260894], "aligned_model": [[-0.6380907518205607, -0.08712633761008917, 0.03310961487699397, 0.35467968713238107, -0.5244049656114003, -0.4905288901907763, -0.05210079013518483, 0.09470348630658885, 0.4634224885658671, 0.775852780546019, -0.7783243078968043, -0.2858832978792981, -0.34166887367290955, 0.23643220753644761, 0.260818939375895, -0.03128685865713521], [0.043403404152743214, -0.11068703364496696, -0.5334756440866583, 0.2572097726256104, -0.2555342495002928, -0.5266665761866449, -0.6002645095261127, -0.2449893231118255, -0.3394006961344086, 0.22361937257715928, 0.225612958983647, 0.6836017045075289, 0.5404086838095646, 0.3737191914735205, 0.7788129592414137, 0.07590069998141506], [-0.40289027338573796, -0.7392227192257911, -0.3364280520155929, -0.37244723342861036, 0.5505371019666507, -0.02821446341916216, 0.27326191972627056, 0.7597657192195358, 0.04882153355413314, 0.16728402395740694, 0.11068826122191812, -0.19721483616221203, 0.42954413281798337, 0.6401954975007353, 0.11277686941722768, 0.003829905541927789]], "inverted": true, "swapped": false, "error_lsq": 0.05022086541127574, "error_max": 0.3106445131883373, "target": "748.xyz", "model": "23.xyz", "model_rescale": 4.410303926677745, "target_rescale": 4.239510998467915},
{"mapping": [13, 12, 6, 0, 11, 14, 15, 9, 5, 4, 7, 0, 1, 10, 3, 16], "R": [[-0.6530468008019423, -0.7427795586293745, 0.14767668483785684], [0.18421642125952403, -0.3449459333267512, -0.9203676511153953], [0.7345707495542426, -0.5738386797382065, 0.3620980302841072]], "T": [-0.07001751488907654, -0.023239033563964243, 0.14310659521421173], "aligned_model": [[-0.5567059146505207, -0.06101283769230704, -0.11324688494439818, 0.032792802528043424, -0.5525456662001267, -0.42874504311416145, 0.18512032462390876, -0.03831040263299147, 0.3994662636594346, 0.5913324824985933, -0.5808136379880036, 0.032792802528043424, -0.3594571381153205, 0.09440864835227072, 0.3758309201068798, -0.03130258809331026], [-0.2909243390650078, 0.014598238285481721, -0.5925011853730714, 0.5181967979746036, -0.005479231502264134, -0.5874958441570503, -0.6855085668282026, -0.3646061408795817, -0.19167420006793606, 0.14234502212458205, 0.32727523859662483, 0.5181967979746036, 0.7521509726244504, 0.19336754966503666, 0.7530999846388111, 0.09022962115061241], [-0.28778272071923605, -0.6598025474858017, -0.3588594532811843, -0.37328772121936205, 0.5524629915656456, 0.2483624843961228, 0.2180595070546679, 0.6673995864926874, -0.24005996098886326, 0.238408612234901, -0.09805302479116138, -0.37328772121936205, 0.36966871115621414, 0.7345705173761662, 0.2312422092511509, 0.15124591746409832]], "inverted": false, "swapped": false, "error_lsq": 0.043326648672934176, "error_max": 0.3477812377607392, "target": "748.xyz", "model": "24.xyz", "model_rescale": 4.28219845311461, "target_rescale": 4.239510998467915},
{"mapping": [10, 6, 8, 0, 12, 11, 5, 9, 1, 3, 14, 2, 13, 7, 4, 15], "R": [[-0.023626246053376935, -0.5901161683294183, -0.8069725573857088], [0.7099830560322371, 0.5583782384955962, -0.42911280908600313], [0.7038223217862237, -0.583075167238977, 0.4057800989510062]], "T": [-0.05935383511830579, 0.06494394030726715, 0.12372279470470363], "aligned_model": [[-0.5396265262344483, -0.2318198630109951, 0.011902423695733216, 0.2889762950846862, -0.6956515571961933, -0.4333182842390931, 0.17080980211354724, 0.007032911187014421, 0.4792747529394173, 0.6645424187430558, -0.7706229468579304, -0.2899434141609995, -0.31497918811965336, 0.2068836538260233, 0.4629766958522314, -0.02683304275636128], [-0.3817463154445434, 0.08718821068475811, -0.42502892224839633, 0.4472950625462243, 0.026585756102096306, -0.31493609333937267, -0.7549910754790685, -0.23206441540639688, -0.1822837306827863, -0.03701736705224419, 0.14608488924606777, 0.6281180601286672, 0.49432340853860124, 0.4088625518600161, 0.5766127980598207, 0.10426789764824951], [-0.3229434972989784, -0.7605609813645584, -0.3628932720950472, -0.5071717382809475, 0.5457106604259797, 0.234712983816212, 0.12717980176384477, 0.7272561578505435, -0.11842410630881081, 0.3798935391445222, -0.13638683984400998, -0.1900340875914844, 0.44497878002064706, 0.7690007145644122, 0.11993208923661333, 0.07003718324774509]], "inverted": false, "swapped": false, "error_lsq": 0.03955738697101995, "error_max": 0.25956953949997036, "target": "748.xyz", "model": "25.xyz", "model_rescale": 4.100010024507729, "target_rescale": 4.239510998467915},
{"mapping": [8, 7, 13, 4, 3, 11, 14, 10, 5, 1, 2, 15], "R": [[0.8527345203492649, -0.30516352494287435, -0.4239328494574923], [0.15974542999041091, -0.6203546533011041, 0.7678811768267574], [-0.4973180425058876, -0.7225201223302412, -0.4802493492197626]], "T": [-0.09556136241437606, 0.043348846647785926, -0.07224868931537654], "aligned_model": [[-0.6869774083542591, -0.006290066362573302, 0.2639871514055834, 0.7026231484683403, -0.4672906660334938, 0.14808650064492895, -0.14024670783927679, 0.4950855472247402, 0.19008148854653417, -0.23250320200746766, -0.3402359550907548, -0.04955422823929465], [-0.1821466768162972, -0.671877390837263, -0.3144329149962186, -0.30722841741534895, 0.6191643802685546, 0.5848177340286143, 0.26568885290551997, 0.3662476484813709, -0.4513747311146631, 0.6114095316154194, 0.09486363825361854, 0.05099973567733278], [-0.050638604147728555, 0.059985493921429434, 0.5257347435428099, -0.12214212566058635, 0.09311422365539912, 0.1546491823241387, 0.7238505316024691, -0.21395708970519484, -0.5584258638726327, -0.5305152323966746, -0.5214090922148776, 0.004946122805805336]], "inverted": true, "swapped": true, "error_lsq": 0.041084091404833316, "error_max": 0.20996712900289424, "target": "748.xyz", "model": "26.xyz", "model_rescale": 3.6694154284099745, "target_rescale": 4.239510998467915},
