[{"mapping": [10, 6, 7, 4, 9, 8, 1, 5, 3, 0, 12, 13], "R": [[-0.4831439721055758, 0.875002857370329, -0.030690418892656696], [-0.8749917423817781, -0.48130285222603886, 0.052316490734571286], [0.031005692731290634, 0.05213026024143763, 0.9981588465697298]], "T": [-0.17229241851439145, 0.06259702248430211, -0.01210613040339089], "aligned_model": [[-0.2791423634747106, 0.21390841020084053, 0.43700352726271163, 0.12067231259138292, -0.24661281556466638, -0.4631413305783678, 0.36884174177033013, -0.2870454526014693, 0.4913539227182062, 0.1508426089532732, -0.5718266094206725, -0.09721148939630973], [-0.37997748600513426, -0.6843900089670729, -0.30041673035439453, 0.6308089378480018, 0.3374276604548248, -0.5082501020974536, -0.32897354700232995, -0.525892037254099, 0.19864088159418936, 0.48955578566127844, 0.10629432486210995, 0.018727357237137116], [-0.5715222292623608, -0.016662737218275367, -0.5335108195759145, -0.06526672247665927, -0.6185049352704419, -0.00034248760204430226, 0.5134264868164987, 0.6049190042804157, 0.009418510136474843, 0.5183811678057703, 0.3373721735462008, 0.0042443341738980025]], "inverted": true, "swapped": true, "error_lsq": 0.037484994453250285, "error_max": 0.25004007308393206, "target": "750.xyz", "model": "0.xyz", "model_rescale": 3.751011558992144, "target_rescale": 4.159111572247133},
{"mapping": [5, 10, 2, 9, 13, 4, 6, 11, 1, 3, 7, 0, 8, 14], "R": [[0.26475923935271034, -0.9041917734014839, -0.3351712727702863], [0.41339448397007694, -0.20759261153788727, 0.8865722239377869], [-0.8712103912376665, -0.37328614298947577, 0.31882582964928147]], "T": [-0.043276894513754834, -0.10155565557151655, -0.026437744268385018], "aligned_model": [[0.4263810633823098, -0.026969044372618885, 0.32697762995952523, 0.48766620934975846, 0.6501405084649637, -0.5470098197627012, -0.5835932003942595, -0.008108081291601933, -0.7077787843806608, 0.23572608514023818, -0.36744418326993106, -0.31956828096809503, -0.15638536466129524, -0.010879719733518249], [-0.0234248338219325, -0.7805148381731352, 0.623223667182465, -0.48501373438662, 0.0737276549359352, -0.2837198285783489, -0.5424225280371349, -0.8132518362920508, 0.09796878069487319, 0.36560758064563637, -0.09356795532370651, 0.5317633683124325, 0.2337117807019883, -0.13189785983066318], [-0.43066914368368686, -0.48600518275111393, -0.17253573331496017, -0.09888733767995711, 0.09985661270917881, -0.6083684308648939, 0.2518075353540548, 0.3327038571244721, 0.039234069561642826, 0.5095862641343032, 0.5519468936175681, 0.2867309039984958, -0.5878827302601979, 0.005711690412842512]], "inverted": true, "swapped": false, "error_lsq": 0.04314660954197852, "error_max": 0.2759136828523978, "target": "750.xyz", "model": "1.xyz", "model_rescale": 3.9405287249114394, "target_rescale": 4.159111572247133},
{"mapping": [2, 0, 12, 3, 1, 11, 4, 0, 6, 10, 7, 9, 13], "R": [[0.5088762950244562, -0.7223188132095307, -0.4682952577656089], [0.5097861792806254, 0.6912129594542306, -0.5121940024023969], [0.693659114966887, 0.02191293604471363, 0.7199700378885607]], "T": [-0.1541283742200817, -0.03871190744226087, -0.03548691813417054], "aligned_model": [[-0.3700066497934619, 0.43661262546981056, -0.3227949830241744, 0.44608735139569716, 0.5224857318903955, -0.8114339117498051, 0.1422235817339607, 0.43661262546981056, 0.08592082335628415, -0.5741649666586253, 0.07255523220027782, -0.4814632453207112, -0.08665093568552709], [0.7447405554197952, 0.42800379248429016, 0.3065610347756204, -0.16759291095528478, -0.31521103952050816, 0.11010764894759469, 0.2849446307514966, 0.42800379248429016, -0.7870604070198475, -0.6122378427527062, -0.7986909455665909, -0.06809899893620129, -0.09463671653993158], [-0.04685713785348858, -0.07193320352587129, -0.404282633017698, 0.2517907831242023, -0.4691686026095688, -0.10583461331384028, 0.43242453339206577, -0.07193320352587129, -0.3346731040543304, 0.08646692766075986, 0.34652065819570044, 0.5482623367212371, -0.04766239160465203]], "inverted": false, "swapped": true, "error_lsq": 0.05988444103854101, "error_max": 0.4968511264337494, "target": "750.xyz", "model": "2.xyz", "model_rescale": 3.932901565614263, "target_rescale": 4.159111572247133},
{"mapping": [12, 9, 10, 5, 6, 8, 7, 4, 3, 2, 0, 1, 10, 13], "R": [[-0.40950351548356134, 0.8958952517655782, -0.1722746895817728], [-0.8808883625818101, -0.33915539541835715, 0.3301655803177484], [0.2373658852374165, 0.28695873505176556, 0.9280690280916332]], "T": [-0.19265691357947382, -0.07683141942177305, -0.052331067684554325], "aligned_model": [[0.43151564842728585, -0.04087891735375984, 0.18679484950976874, 0.3761034386419544, 0.46413746137891476, -0.6839512266122699, -0.3351451631864272, 0.09121570854612984, -0.6988691153600034, 0.17769007625836128, -0.4496054807661505, -0.2203080396268235, 0.18679484950976874, -0.08633907190463544], [-0.09016407378225783, -0.5773940349811866, 0.43957441674997355, -0.5133381793171774, 0.05775604406880766, -0.2841882489602485, -0.7740187821288975, -0.5024809318325986, -0.034084368925254745, 0.13363085710559644, -0.024021989940659655, 0.5787124699690206, 0.43957441674997355, -0.07736817674535185], [-0.4920590100820744, -0.5682704509020708, -0.3724666829438645, -0.1049922104868113, 0.07881627074040194, -0.556731472875999, 0.005715700981526559, 0.6558110307178329, -0.001268610599378453, 0.6637335875353996, 0.5642230070904002, 0.2915675296124658, -0.3724666829438645, -0.09838273748621584]], "inverted": true, "swapped": false, "error_lsq": 0.047529487990519995, "error_max": 0.3631618148211818, "target": "750.xyz", "model": "3.xyz", "model_rescale": 3.9243930471874484, "target_rescale": 4.159111572247133},
{"mapping": [4, 9, 2, 0, 12, 3, 1, 11, 8, 10, 5, 6, 13], "R": [[0.12176292713182921, -0.7238270731397067, 0.6791525290877559], [0.8121912370327178, -0.3206570515808879, -0.4873648015180372], [0.5705428853850979, 0.6109446975475423, 0.548841864725159]], "T": [0.0010413147196257182, -0.0582650011812009, -0.18158918534617963], "aligned_model": [[-0.08447723156883515, -0.26022388279902897, 0.6808417138100535, 0.23066799728474663, 0.5230832887008705, -0.42055889701500254, -0.15499594621666418, 0.3325904087062967, 0.05766298300902391, -0.40576152316060204, 0.31696379445553957, -0.4844543702886264, -0.05413244860641887], [-0.5562316506747645, 0.12059548907751652, -0.21374125059061735, -0.7728840500403544, 0.012162864842321736, -0.5844024995179541, -0.4377237318696373, 0.46433476228034687, 0.45963039684523155, 0.5369469540328342, 0.06470412712533483, 0.12439925665829205, -0.08996111448696281], [-0.5768548646248215, -0.7719486801619508, -0.5989966919769292, -0.11290143787129764, -0.10294948825332692, -0.11208880914176955, 0.5627236971037642, -0.4574719752315869, 0.19147415507630572, -0.20326076646423996, 0.6091568101394688, 0.48029386827345344, -0.12010550149610584]], "inverted": true, "swapped": true, "error_lsq": 0.05285151873431081, "error_max": 0.3240018638482707, "target": "750.xyz", "model": "4.xyz", "model_rescale": 3.8936222436046832, "target_rescale": 4.159111572247133},
{"mapping": [11, 9, 10, 8, 7, 3, 0, 1, 5, 12, 6, 13], "R": [[0.7259169366771943, -0.23194102836744224, 0.6474935987367378], [0.3657893729963383, 0.9274340006380644, -0.0778736737506357], [-0.5824454786914772, 0.2933760961979147, 0.7580816120521112]], "T": [-0.137226118943188, -0.22412771637065457, -0.00730149717554477], "aligned_model": [[0.10239959702039894, -0.627407441879414, -0.22660930321579778, 0.31683635386348774, -0.6513451583990659, -0.5703360426520854, -0.18324340568887512, 0.08927423273947407, 0.6219623831737497, 0.3000357445240489, 0.004050378030576729, -0.1480692953014009], [-0.6318895907747525, -0.47230275041777103, 0.05889308573570898, 0.030185654154594038, 0.4532102445792673, 0.09351484257638601, -0.35678443269001925, 0.41289493435248226, 0.14506199313024012, -0.5186727188315575, 0.597592981110204, -0.14278133781497415], [-0.4925399934635028, -0.39058511885717434, -0.6646791283052, -0.38113286683944686, -0.2348499186306537, 0.4061192409517819, 0.7332465498324301, 0.5077110805644769, 0.1586485728685266, 0.06831208065399133, -0.11674332947438651, 0.02577754997467606]], "inverted": true, "swapped": true, "error_lsq": 0.037033206987269904, "error_max": 0.2522218158469704, "target": "750.xyz", "model": "5.xyz", "model_rescale": 3.6523030999806103, "target_rescale": 4.159111572247133},
{"mapping": [2, 0, 5, 12, 8, 4, 1, 9, 3, 7, 6, 10, 13], "R": [[0.7288816910767277, -0.6580254974649723, -0.18903419029134752], [0.6657311408612908, 0.6167574104067566, 0.4200146959284588], [-0.1597921415484936, -0.4319869690098617, 0.8876112494245547]], "T": [0.1497252717356455, -0.15168789957744602, 0.058720673829889714], "aligned_model": [[0.34492853720594063, -0.39585068997646267, 0.32665452401895445, 0.4336534337219211, 0.6044870207560412, -0.29781989884090165, -0.3249921931498503, 0.24882026148659842, -0.5115776567062449, -0.18750133574039687, 0.041723994198498995, 0.5068238172258284, 0.09173309046436785], [-0.6396845521740304, -0.20106188318821458, 0.6205903050374499, -0.10614385119437697, 0.28363750957880074, -0.6038606988182593, 0.5431103698932581, -0.6888094666521798, -0.12203534242175516, 0.038417688304254405, 0.5658363576145253, -0.05821406391861117, -0.09095546789767786], [0.6786282681775351, 0.5764424955987897, 0.3941160576067227, 0.507031556318474, -0.060784356837741804, 0.14095353163672794, 0.17803921953979035, -0.329165284563326, -0.08687077740129695, -0.7318623166574447, -0.3663159508437828, -0.5609395143549725, 0.030836811262313732]], "inverted": true, "swapped": true, "error_lsq": 0.04783305033421921, "error_max": 0.35189539689414573, "target": "750.xyz", "model": "6.xyz", "model_rescale": 4.08911054899281, "target_rescale": 4.159111572247133},
{"mapping": [1, 9, 2, 11, 13, 3, 8, 10, 4, 12, 5, 7, 6, 14], "R": [[0.6585887300043276, -0.26776193918525537, 0.7032527487575425], [0.752169697956646, 0.26205621768163884, -0.604621604187447], [-0.02239710220308666, 0.9271623820551316, 0.3739896885139473]], "T": [-0.04199295316900854, -0.08364247069502642, -0.02554362238964876], "aligned_model": [[0.4675732686281996, 0.05763172330939052, 0.2253877032499117, 0.3786705947088314, 0.5983065327112469, -0.6032451930599102, -0.4001919058132659, -0.09504279693262292, -0.7347177170259195, 0.30638257413150016, -0.43127203611635057, -0.09267467137091663, -0.3021021882749063, 0.024449129316925458], [-0.0908152854825044, -0.6527433305754277, 0.5626769802286434, -0.46963761214666, 0.2244182154524442, -0.18419046942464432, -0.663268775289753, -0.5646212824994453, -0.14156438342085834, -0.06692251249142242, 0.11436172022838631, 0.652714014380304, 0.25380070520799924, -0.20201856613732266], [-0.5530252573180494, -0.5554081739759509, -0.42668984912245506, 0.11076849453220976, 0.15055210266764502, -0.5744857499720455, -0.055138058207930156, 0.5084226641620856, 0.09119087665764751, 0.5960324815485252, 0.5987618841852729, 0.20790756065523985, -0.28557872637097653, -0.1200809810834701]], "inverted": false, "swapped": false, "error_lsq": 0.04885610557520959, "error_max": 0.30735712307195334, "target": "750.xyz", "model": "7.xyz", "model_rescale": 3.964800864290218, "target_rescale": 4.159111572247133},
{"mapping": [10, 5, 11, 3, 6, 8, 1, 0, 7, 4, 2, 12, 9, 13], "R": [[-0.8703789229529566, 0.4915171730671144, 0.02917874327937789], [0.42938720387149726, 0.7286870027905319, 0.5335183981041036], [0.2409712838299801, 0.4768921477066526, -0.8452849932567522]], "T": [-0.021952998843113528, -0.12080997248413677, 0.03538697665214076], "aligned_model": [[0.3353749492705242, 0.00020226986747902756, 0.39887211538972606, 0.49879360595614297, 0.505487182541759, -0.4983583335519716, -0.5681905706828165, 0.12248188198051821, -0.7221492103420516, 0.15954868286357965, -0.24881875904476114, -0.41003567054033124, -0.1261822208771591, -0.04787090536852494], [-0.08911179265265107, -0.6131576246914185, 0.581036557086783, -0.625562745437996, -0.011380003799735722, -0.1396913698987936, -0.6248872440389901, -0.640665166672699, -0.035954150467226914, 0.36490579137838985, -0.11184621582064086, 0.5259313686120988, 0.3133756767931651, -0.12080366236054549], [-0.7038328660871488, -0.6400193132228644, -0.09671524382069528, 0.038597504310318956, 0.2506490499325085, -0.5677208340250975, 0.13858828761704434, 0.5066072168789151, 0.13222663709186855, 0.5110241611603819, 0.6575286853236444, -0.006949944987980336, -0.4885174211385628, -0.038236650674584774]], "inverted": false, "swapped": false, "error_lsq": 0.04893278347159818, "error_max": 0.26839663731982694, "target": "750.xyz", "model": "8.xyz", "model_rescale": 4.121658175737393, "target_rescale": 4.159111572247133},
{"mapping": [6, 5, 8, 10, 1, 3, 12, 4, 11, 0, 7, 9, 13], "R": [[-0.09923848947258429, 0.9527212672639722, 0.287182710325902], [-0.12153964304190723, -0.29805189644478247, 0.9467804297697089], [0.9876132023097128, 0.05905297561173245, 0.14537162272931603]], "T": [0.09405495215664553, -0.06862645310813681, 0.031237375376907232], "aligned_model": [[-0.5079327210032517, -0.2213197938053106, 0.14036242467613239, 0.21586929668044763, -0.6930280948304096, -0.44380079083517354, 0.3418803672469807, 0.058756137731585736, 0.7253965780079491, -0.21245545237429694, -0.39344736130285296, 0.45902662943827266, 0.007430276805124106], [0.248452043202866, -0.49019566960047917, 0.024131631356535385, 0.5570226403121157, -0.3128454635190139, 0.024115322312923584, -0.4975746670420202, -0.12178424974554805, -0.03166242408472755, -0.6128305154769758, 0.6635436138161248, 0.39329256864189704, -0.05327739076198755], [-0.4629625198711804, -0.6492226266886155, -0.6010991397313985, -0.30634217870765307, -0.17659807438233893, 0.4331177939167544, -0.16435940953519657, 0.6695534454703869, -0.2120485475084764, 0.4531616759415082, 0.06517661009579778, 0.35092691799116027, 0.021771486968340137]], "inverted": false, "swapped": true, "error_lsq": 0.043515261677409794, "error_max": 0.21228999296268858, "target": "750.xyz", "model": "9.xyz", "model_rescale": 3.833441315466971, "target_rescale": 4.159111572247133},
{"mapping": [3, 6, 2, 7, 9, 1, 12, 11, 0, 8, 10, 13, 5, 14], "R": [[-0.3382785777660107, 0.9160321752880659, 0.2155287861553986], [-0.5670671531580035, -0.3812037912553707, 0.7301496513330739], [0.7510009638035644, 0.12477469042055878, 0.6484048341866147]], "T": [-0.07761534653422626, -0.17239899039863515, -0.07691717974612403], "aligned_model": [[0.6865207310990507, -0.19862673044238044, 0.26332622193518573, 0.48708737455028855, 0.6249124951010201, -0.7321627446505266, -0.43344101925118855, 0.09479551364083082, -0.6853140833043784, 0.2326709022275933, -0.39874278231754107, -0.2978728613757574, -0.2567742610066508, 0.01277626125656782], [-0.04544987715611257, -0.6305025422789976, 0.4537527737566107, -0.5046860255828005, 0.15551008410810807, -0.25993074823032547, -0.6500049674170065, -0.5955941748894307, 0.12348007769615388, 0.06201254852799659, -0.08793374537857884, 0.5920105445948438, 0.30300912965296134, -0.14348365937368335], [-0.4697298924398454, -0.5634631166977595, -0.16825758735702442, 0.04395523162255073, 0.16149506221340307, -0.40784742602757384, 0.014190880614202428, 0.4295583005696253, 0.006633906991195426, 0.598607088229577, 0.6750781233580941, -0.02352025678664252, -0.5233747972431042, -0.0800962486889499]], "inverted": false, "swapped": false, "error_lsq": 0.04626590759951247, "error_max": 0.2814996741351859, "target": "750.xyz", "model": "10.xyz", "model_rescale": 4.2482417240324, "target_rescale": 4.159111572247133},
{"mapping": [0, 1, 5, 6, 2, 11, 12, 10, 3, 9, 4, 13], "R": [[-0.7911323861952909, -0.3753931411858873, 0.4828970253206556], [-0.08838791131354712, 0.8513849145535942, 0.5170409117315553], [-0.6052248546173348, 0.36636555081115624, -0.7067383946923108]], "T": [0.011515969087884152, 0.1308545096051839, -0.06929580381083711], "aligned_model": [[-0.6168561450313268, 0.11200761957547334, 0.2743501508304461, 0.6693980146242381, -0.6219488305023233, 0.12583292588812156, -0.16521352556697824, 0.6581597053245478, -0.14594382953632884, 0.033111360957656814, -0.48696677364052704, 0.04083492944000693], [-0.28402351107220153, -0.6994788998094963, -0.3044293887379739, -0.3927930027004258, 0.5401189296715718, 0.7420703435195182, 0.2576445629924472, 0.390169354584013, -0.35180695533932044, 0.6103519239304251, 0.10791732090746638, 0.050390712104615765], [-0.035361762678584485, 0.0816547823728421, 0.624716998554111, -0.08137739888697054, 0.2336158259980639, 0.1999503029553361, 0.4168760556697474, -0.25595905012561637, -0.5183414919742378, -0.536618797290274, -0.47241861829712917, -0.09154455644293134]], "inverted": false, "swapped": true, "error_lsq": 0.046421881113491305, "error_max": 0.26347666384892837, "target": "750.xyz", "model": "11.xyz", "model_rescale": 3.6694154284099745, "target_rescale": 4.159111572247133},
{"mapping": [6, 11, 5, 4, 0, 9, 8, 3, 10, 1, 2, 12, 7, 13], "R": [[0.29320081882333604, -0.708380496896462, -0.642051673510822], [-0.9528405257667085, -0.2715048754823458, -0.13557298789190625], [-0.07828289914118092, 0.6515229652176797, -0.7545790969116587]], "T": [-0.03501135372992674, -0.03630156298134571, -0.0720373465956945], "aligned_model": [[0.3596015395378462, -0.0064576086249380354, 0.27522893859470976, 0.47284196158076847, 0.619948634962702, -0.6415426481676391, -0.47979703161530357, 0.023866526047493966, -0.6224191425534013, 0.20287974561658384, -0.37331111409366763, -0.15219874207134237, -0.34738691282532885, 0.06790087107363003], [-0.05344155214216535, -0.6361319518963592, 0.6177954464532295, -0.5395459211099306, 0.173434756330152, -0.3266634529305773, -0.6291982033749324, -0.6737239630139186, 0.20466829689805313, -0.07445902050295672, -0.1283467875337728, 0.5441509234895386, 0.31958959979127877, -0.025938752427899815], [-0.47681101013134786, -0.5014751617466399, -0.4191379886921208, 0.11903535132312482, 0.12232302487667035, -0.5107810401377357, 0.08039993844026291, 0.5037012918618539, -0.05168044192770374, 0.7393967711173564, 0.47877525508226815, 0.2612951109147844, -0.644687596582306, -0.007124236040718893]], "inverted": false, "swapped": false, "error_lsq": 0.04940408144597826, "error_max": 0.3393975889316285, "target": "750.xyz", "model": "12.xyz", "model_rescale": 3.9764082729961374, "target_rescale": 4.159111572247133},
{"mapping": [13, 10, 5, 14, 6, 1, 8, 3, 2, 4, 7, 0, 9, 15], "R": [[0.7411201856401124, 0.453746402692588, 0.4948283262711437], [0.5726115828066243, -0.04241060484489362, -0.8187290857373903], [-0.35050940882158677, 0.8901210831343265, -0.2912518011743717]], "T": [0.008769974374293513, -0.08873792819228425, -0.11733972742888608], "aligned_model": [[0.4804809806471052, -0.27472936842761564, 0.27556594597133266, 0.5991630281544224, 0.7461364158185341, -0.4964210429802375, -0.4147129615126763, -0.0018889393409377703, -0.7723247816932786, 0.18277833538648014, -0.3415381392014618, -0.40087866050371845, -0.22410010108106126, 0.04162430622522634], [-0.2980714090458247, -0.6433151485785484, 0.7037065038717145, -0.5766981623667741, 0.04804178222819634, -0.1488330606896767, -0.6417191870330281, -0.6657080942659366, -0.09541341710861743, 0.33680734982887156, 0.004047423070860437, 0.4427952827577007, 0.4064829958920951, -0.09993344053129335], [-0.4461995251265233, -0.6254923897438602, -0.1779667631891545, 0.11099969423899016, 0.028402673911213025, -0.4974623251462678, 0.0031873111641525925, 0.49538799540807266, 0.04423358038396903, 0.4344718603716764, 0.5457656963741174, 0.1597313376465586, -0.36639171160900247, -0.01543816632619352]], "inverted": false, "swapped": false, "error_lsq": 0.04039653026306622, "error_max": 0.22932557960239344, "target": "750.xyz", "model": "13.xyz", "model_rescale": 4.170626492500431, "target_rescale": 4.159111572247133},
{"mapping": [8, 4, 7, 12, 10, 2, 6, 5, 3, 9, 11, 1, 0, 13], "R": [[-0.7739369007713129, -0.24279448621811445, -0.584869653073723], [-0.2462431745578217, 0.9662798604367506, -0.07528300138822927], [0.5834260643887805, 0.08575586730023674, -0.8076261255156393]], "T": [-0.08236188332465526, -0.0657644617427521, -0.08417717944570326], "aligned_model": [[0.5519743994874998, 0.058807451513826395, 0.3920883776886093, 0.47295547550675715, 0.40811002520795775, -0.5803333875305549, -0.5810835323885457, 0.010920153524397222, -0.6814475549442842, 0.04139443483834006, -0.13992152875605035, -0.25384924831904226, -0.20279976280238793, -0.09766028556440903], [-0.10478856327093174, -0.5462594494522318, 0.5410935806858649, -0.5301306821030667, 0.06932727121964602, -0.18442713250062429, -0.6782566355700644, -0.8734760970583206, 0.062475730796426154, 0.3986751890514161, -0.2511223428895839, 0.6782978931718332, 0.3218088067834859, -0.13102815083410999], [-0.4684308620733386, -0.5864310159470766, -0.3372583305671569, 0.023955912413139976, 0.15978149656402885, -0.49754834293424033, 0.20499287568686864, 0.3234012843295175, 0.2322472436120882, 0.5679628537901112, 0.5955205432558773, 0.0040144615504248, -0.5213728853242929, -0.007605965998202777]], "inverted": true, "swapped": false, "error_lsq": 0.056274255049938424, "error_max": 0.32472432710695953, "target": "750.xyz", "model": "14.xyz", "model_rescale": 3.9786697098870705, "target_rescale": 4.159111572247133},
{"mapping": [9, 7, 2, 11, 4, 0, 6, 1, 12, 8, 3, 13], "R": [[-0.08327486821183105, 0.8159638245402301, -0.5720737132275726], [0.7937144220777896, -0.29280893058026863, -0.533179469182901], [-0.6025634510240583, -0.4984636067097781, -0.6232586303260125]], "T": [0.0917196857108086, -0.0615861075144192, -0.061452043889244495], "aligned_model": [[-0.07682753930662051, -0.7823903528717833, 0.8135795102176647, 0.48389249983885474, 0.03614369129213865, 0.27340607110481085, -0.47004357864932633, -0.18378175123965965, 0.6009457603738898, 0.12275648961057549, -0.36143932609720486, 0.027113122493996764], [-0.2651663558353827, -0.16549250090312134, 0.12223021405349344, -0.5707519374977521, 0.423621840697765, 0.6654566056488825, -0.25758198089780593, 0.3228096963211904, -0.10249146220677985, -0.5686519711321967, 0.44243822624828955, -0.03174588427214304], [-0.6770183091781098, -0.06575158382238436, -0.38650654241802274, -0.2761547911578263, -0.47738920118448, 0.019330105067094788, 0.5328282942969209, 0.6447186481597287, 0.08917220950455482, 0.3290845604659164, -0.06347416543283017, -0.008872730426732256]], "inverted": false, "swapped": true, "error_lsq": 0.053621589191316904, "error_max": 0.27805085755914755, "target": "750.xyz", "model": "15.xyz", "model_rescale": 3.769337070930944, "target_rescale": 4.159111572247133},
{"mapping": [3, 1, 9, 4, 7, 6, 10, 5, 11, 2, 13], "R": [[-0.8828458371104413, -0.15729909382941593, 0.442538385879925], [0.29531435212292934, 0.5467570987227566, 0.78348331726112], [-0.36520221977279843, 0.8223829218051155, -0.4362495485342102]], "T": [-0.07626968715282391, 0.0927759341843912, 0.0986284691103754], "aligned_model": [[-0.38626981060490184, -0.09750907565844218, -0.04899037722833359, -0.6304460539700787, 0.28405555489426093, 0.47013328798640674, 0.5659899297697588, 0.2174955299536322, 0.1845850276619977, -0.5710614992052462, -0.0653563829078831], [-0.0663414175198378, -0.6948435806345108, 0.7450795795144016, 0.31810005253427265, 0.15580883162718376, -0.38283893974979355, 0.37194769144289996, -0.6600389884888591, 0.45874610838137875, 0.31555581097705776, 0.03488934954114882], [-0.48273140207925525, -0.2200290434787174, -0.05147384622288789, -0.132967642976636, -0.7020437222171496, -0.32844968342625536, -0.0740017495216235, 0.39388994393296717, 0.605745100276726, 0.7036744694671646, 0.03260518346944416]], "inverted": false, "swapped": true, "error_lsq": 0.05062662158194317, "error_max": 0.29851213110427866, "target": "750.xyz", "model": "16.xyz", "model_rescale": 3.7852294659196426, "target_rescale": 4.159111572247133},
{"mapping": [4, 11, 12, 2, 9, 10, 6, 8, 0, 3, 7, 1, 13], "R": [[0.36066512276361345, -0.30768741750780193, -0.8804823236892877], [-0.10916727446523719, -0.9514565838284053, 0.2877722628666854], [-0.9262846082105324, -0.007669563022797643, -0.37674660236729424]], "T": [-0.015815750187047804, -0.013149220362293587, 0.014127846398290872], "aligned_model": [[0.1805555603021092, -0.4632669934834864, 0.13596700973008116, 0.1427565097779559, -0.5239622432327693, -0.6491932038589903, -0.018526527010340063, -0.24845190920656177, 0.6787357098834804, 0.3086393433919712, -0.30036665779007077, 0.5903461801270151, 0.02053307158588826], [-0.0926960746523565, -0.47566193658245187, -0.4349387215184602, -0.7960079441818929, -0.08595089901476553, 0.2852449247918208, 0.7171551211612585, 0.07926192054105469, -0.125323003385707, 0.4278273974673609, 0.7958728095625995, 0.5131009470397523, 0.06717108247466128], [-0.5913717567164178, 0.22629759083779963, 0.30175211410894254, -0.13593057634019742, -0.41629284167315805, 0.18741781518780234, 0.43103273766655126, 0.6039909755542026, -0.2563201462130624, -0.3854547142339815, -0.18436023954151043, 0.29335302009215913, 0.02164071841404446]], "inverted": false, "swapped": true, "error_lsq": 0.04908381010377717, "error_max": 0.2660772883206243, "target": "750.xyz", "model": "17.xyz", "model_rescale": 3.901054581598922, "target_rescale": 4.159111572247133},
{"mapping": [5, 10, 2, 9, 13, 4, 6, 11, 1, 3, 7, 0, 8, 14], "R": [[0.26475923935271034, -0.9041917734014839, -0.3351712727702863], [0.41339448397007694, -0.20759261153788727, 0.8865722239377869], [-0.8712103912376665, -0.37328614298947577, 0.31882582964928147]], "T": [-0.043276894513754834, -0.10155565557151655, -0.026437744268385018], "aligned_model": [[0.4263810633823098, -0.026969044372618885, 0.32697762995952523, 0.48766620934975846, 0.6501405084649637, -0.5470098197627012, -0.5835932003942595, -0.008108081291601933, -0.7077787843806608, 0.23572608514023818, -0.36744418326993106, -0.31956828096809503, -0.15638536466129524, -0.010879719733518249], [-0.0234248338219325, -0.7805148381731352, 0.623223667182465, -0.48501373438662, 0.0737276549359352, -0.2837198285783489, -0.5424225280371349, -0.8132518362920508, 0.09796878069487319, 0.36560758064563637, -0.09356795532370651, 0.5317633683124325, 0.2337117807019883, -0.13189785983066318], [-0.43066914368368686, -0.48600518275111393, -0.17253573331496017, -0.09888733767995711, 0.09985661270917881, -0.6083684308648939, 0.2518075353540548, 0.3327038571244721, 0.039234069561642826, 0.5095862641343032, 0.5519468936175681, 0.2867309039984958, -0.5878827302601979, 0.005711690412842512]], "inverted": true, "swapped": false, "error_lsq": 0.04314660954197852, "error_max": 0.2759136828523978, "target": "750.xyz", "model": "18.xyz", "model_rescale": 3.9405287249114394, "target_rescale": 4.159111572247133},
{"mapping": [9, 4, 5, 13, 11, 0, 12, 14, 1, 10, 3, 2, 6, 15], "R": [[-0.3787287613087097, -0.8861261236753817, -0.26710488257913384], [-0.695635145080755, 0.08218930258624318, 0.7136782632733494], [-0.6104557889692321, 0.4560980283671805, -0.6475479273640857]], "T": [-0.04082596036852438, -0.19981727243367542, -0.11636817434797557], "aligned_model": [[0.6368554112302806, -0.3022347395509481, 0.2633901549463452, 0.47356428949774165, 0.5867974661756994, -0.5495802458053334, -0.31118599885647225, 0.2039414930213824, -0.6523589990903402, 0.1070579230946358, -0.5080250573124895, -0.13806151325215466, -0.37169751926015626, -0.039307647376076456], [-0.04865623248896081, -0.6878864722801643, 0.536273620933807, -0.6149841750314721, -0.004314002881509932, -0.14573008431727447, -0.6314028855181306, -0.4796360613405093, 0.018120811566894685, 0.1787235815785856, -0.21788354198325985, 0.6204136175343212, 0.4150354711651144, -0.1658842289077027], [-0.44333628525075164, -0.5939861544781643, -0.35487476679996466, 0.0035024192179156505, 0.17872589192092952, -0.5756261749176925, 0.08556837602541052, 0.5629913042875391, 0.0021635010525734993, 0.5564922984114583, 0.5955498044903669, 0.15398680972069234, -0.3823824047904131, -0.09554535053215163]], "inverted": true, "swapped": false, "error_lsq": 0.045301969996659176, "error_max": 0.2915033014187476, "target": "750.xyz", "model": "19.xyz", "model_rescale": 4.410303926677745, "target_rescale": 4.159111572247133},
{"mapping": [10, 5, 11, 3, 6, 8, 1, 0, 7, 4, 2, 12, 9, 13], "R": [[-0.8703789229529566, 0.4915171730671144, 0.02917874327937789], [0.42938720387149726, 0.7286870027905319, 0.5335183981041036], [0.2409712838299801, 0.4768921477066526, -0.8452849932567522]], "T": [-0.021952998843113528, -0.12080997248413677, 0.03538697665214076], "aligned_model": [[0.3353749492705242, 0.00020226986747902756, 0.39887211538972606, 0.49879360595614297, 0.505487182541759, -0.4983583335519716, -0.5681905706828165, 0.12248188198051821, -0.7221492103420516, 0.15954868286357965, -0.24881875904476114, -0.41003567054033124, -0.1261822208771591, -0.04787090536852494], [-0.08911179265265107, -0.6131576246914185, 0.581036557086783, -0.625562745437996, -0.011380003799735722, -0.1396913698987936, -0.6248872440389901, -0.640665166672699, -0.035954150467226914, 0.36490579137838985, -0.11184621582064086, 0.5259313686120988, 0.3133756767931651, -0.12080366236054549], [-0.7038328660871488, -0.6400193132228644, -0.09671524382069528, 0.038597504310318956, 0.2506490499325085, -0.5677208340250975, 0.13858828761704434, 0.5066072168789151, 0.13222663709186855, 0.5110241611603819, 0.6575286853236444, -0.006949944987980336, -0.4885174211385628, -0.038236650674584774]], "inverted": false, "swapped": false, "error_lsq": 0.04893278347159818, "error_max": 0.26839663731982694, "target": "750.xyz", "model": "20.xyz", "model_rescale": 4.121658175737393, "target_rescale": 4.159111572247133},
{"mapping": [2, 0, 5, 12, 8, 4, 1, 9, 3, 7, 6, 10, 13], "R": [[0.7288816910767277, -0.6580254974649723, -0.18903419029134752], [0.6657311408612908, 0.6167574104067566, 0.4200146959284588], [-0.1597921415484936, -0.4319869690098617, 0.8876112494245547]], "T": [0.1497252717356455, -0.15168789957744602, 0.058720673829889714], "aligned_model": [[0.34492853720594063, -0.39585068997646267, 0.32665452401895445, 0.4336534337219211, 0.6044870207560412, -0.29781989884090165, -0.3249921931498503, 0.24882026148659842, -0.5115776567062449, -0.18750133574039687, 0.041723994198498995, 0.5068238172258284, 0.09173309046436785], [-0.6396845521740304, -0.20106188318821458, 0.6205903050374499, -0.10614385119437697, 0.28363750957880074, -0.6038606988182593, 0.5431103698932581, -0.6888094666521798, -0.12203534242175516, 0.038417688304254405, 0.5658363576145253, -0.05821406391861117, -0.09095546789767786], [0.6786282681775351, 0.5764424955987897, 0.3941160576067227, 0.507031556318474, -0.060784356837741804, 0.14095353163672794, 0.17803921953979035, -0.329165284563326, -0.08687077740129695, -0.7318623166574447, -0.3663159508437828, -0.5609395143549725, 0.030836811262313732]], "inverted": true, "swapped": true, "error_lsq": 0.04783305033421921, "error_max": 0.35189539689414573, "target": "750.xyz", "model": "21.xyz", "model_rescale": 4.08911054899281, "target_rescale": 4.159111572247133},
{"mapping": [9, 15, 10, 11, 5, 3, 2, 1, 4, 6, 0, 7, 12, 16], "R": [[-0.4396424622106288, 0.8981314862935572, -0.008621992200306738], [0.6025060263740687, 0.287785055785557, -0.7444234345111889], [-0.6661088451629404, -0.33247495393582677, -0.6676521634811529]], "T": [-0.027098280766540847, -0.10699620561737008, -0.03245301366036081], "aligned_model": [[0.4110024772568402, 0.04085590696733182, 0.3906520307038029, 0.5300664742791145, 0.6591277617473704, -0.725391882512071, -0.4672792773976773, -0.03279551152707339, -0.7070228643450599, 0.15476884914912015, -0.4492921455892073, -0.1966127957282912, -0.14165640223219772, -0.06726760330988904], [0.07586779759504714, -0.7598494227747322, 0.579497303326144, -0.6257762298930862, 0.04801103921425515, -0.15255368912950593, -0.6791757112707623, -0.7066969371928563, -0.1976110239975283, 0.2799570930487334, 0.03967687470960132, 0.5630778151247466, 0.39652233938704495, -0.08875783011736263], [-0.5636555114999199, -0.34974140473523996, -0.10557447877006045, 0.0470941572877621, -0.08532669873689136, -0.5468355413105274, -0.022199580659058596, 0.4874748230396253, 0.09318018737848698, 0.5780841434881869, 0.600254459183743, 0.1350636241796152, -0.5600087146787289, -0.01458019580924472]], "inverted": false, "swapped": false, "error_lsq": 0.04267250042867054, "error_max": 0.2585836127619893, "target": "750.xyz", "model": "22.xyz", "model_rescale": 4.204369325754507, "target_rescale": 4.159111572247133},
{"mapping": [9, 4, 5, 13, 11, 0, 12, 14, 1, 10, 3, 2, 6, 15], "R": [[-0.3787287613087097, -0.8861261236753817, -0.26710488257913384], [-0.695635145080755, 0.08218930258624318, 0.7136782632733494], [-0.6104557889692321, 0.4560980283671805, -0.6475479273640857]], "T": [-0.04082596036852438, -0.19981727243367542, -0.11636817434797557], "aligned_model": [[0.6368554112302806, -0.3022347395509481, 0.2633901549463452, 0.47356428949774165, 0.5867974661756994, -0.5495802458053334, -0.31118599885647225, 0.2039414930213824, -0.6523589990903402, 0.1070579230946358, -0.5080250573124895, -0.13806151325215466, -0.37169751926015626, -0.039307647376076456], [-0.04865623248896081, -0.6878864722801643, 0.536273620933807, -0.6149841750314721, -0.004314002881509932, -0.14573008431727447, -0.6314028855181306, -0.4796360613405093, 0.018120811566894685, 0.1787235815785856, -0.21788354198325985, 0.6204136175343212, 0.4150354711651144, -0.1658842289077027], [-0.44333628525075164, -0.5939861544781643, -0.35487476679996466, 0.0035024192179156505, 0.17872589192092952, -0.5756261749176925, 0.08556837602541052, 0.5629913042875391, 0.0021635010525734993, 0.5564922984114583, 0.5955498044903669, 0.15398680972069234, -0.3823824047904131, -0.09554535053215163]], "inverted": true, "swapped": false, "error_lsq": 0.045301969996659176, "error_max": 0.2915033014187476, "target": "750.xyz", "model": "23.xyz", "model_rescale": 4.410303926677745, "target_rescale": 4.159111572247133},
{"mapping": [1, 11, 2, 7, 0, 9, 14, 13, 15, 12, 6, 5, 4, 16], "R": [[0.0848867813732041, 0.11853440161010506, -0.9893148285470266], [-0.7852933174827923, -0.6031686664469813, -0.13964943728293738], [-0.6132769683144547, 0.7887567149961419, 0.04188322675638506]], "T": [-0.08518995884298236, -0.1266737807961491, -0.13680286997326738], "aligned_model": [[0.6026207203737814, -0.07869965222187073, 0.31637842260669846, 0.4607863809410833, 0.552274664639526, -0.5873648105584284, -0.5191389414772865, -0.024434893000790936, -0.77264322355202, 0.23787237006486728, -0.3939676815570913, -0.23082352863156316, -0.16479385340343794, 0.0010890432386460869], [-0.31372863141720053, -0.6921049291140666, 0.6927460082522144, -0.4718299517128308, 0.21916815665932093, -0.309861771469464, -0.6018643780032014, -0.5144406251399753, -0.03497566115069392, 0.11491199738815361, -0.13537287995949707, 0.3902070236192523, 0.5001198957906732, -0.07078483571294533], [-0.6145709120029197, -0.42134984156602207, -0.1505140155927602, 0.020384759172371203, 0.0739529583957674, -0.463425836107046, 0.07303556028032826, 0.4464057721362944, 0.03146374742044786, 0.5584976968346557, 0.557804021289001, 0.19065267022334428, -0.4100743100337545, -0.1990330020919593]], "inverted": false, "swapped": false, "error_lsq": 0.042430220913219886, "error_max": 0.2384761605589819, "target": "750.xyz", "model": "24.xyz", "model_rescale": 4.28219845311461, "target_rescale": 4.159111572247133},
{"mapping": [14, 2, 10, 13, 12, 0, 4, 7, 1, 9, 3, 5, 8, 15], "R": [[0.3481776545979193, 0.2948625201755942, 0.8898474110960762], [-0.8312369226166004, -0.34172989137978693, 0.43848131068090346], [0.4333791634557157, -0.8923434179357498, 0.1261179017791203]], "T": [-0.005721799921316897, -0.09210762061750212, -0.026227341520956012], "aligned_model": [[0.5241340002394749, 0.0825394420013049, 0.21932534251210883, 0.37679488035460923, 0.7492253300573012, -0.5817979835618903, -0.4622779280875057, 0.045085561267324575, -0.6032150302450091, 0.18765970735075493, -0.5492808851301351, -0.23603790446827005, -0.2958677288316154, -0.057131785996339376], [-0.022403630675525713, -0.5421191339487264, 0.4972979673755401, -0.5411305005839875, -0.058311662458766414, -0.3776878923690198, -0.6564279785894375, -0.5948283584689694, 0.12643140944793585, 0.06148335959919664, -0.1424887335936813, 0.6712962541380164, 0.4744474372672123, -0.12336911911004846], [-0.568941639947637, -0.5346362472568185, -0.5075376939475414, 0.044312714576928286, 0.0892393826129025, -0.5283571166431329, 0.0617931585800848, 0.5655804630350064, 0.04532635092107029, 0.6029682459716177, 0.5233639695476039, 0.2728540803506122, -0.3033135433622816, -0.06942285608066633]], "inverted": false, "swapped": false, "error_lsq": 0.04283081177341903, "error_max": 0.28899677017077, "target": "750.xyz", "model": "25.xyz", "model_rescale": 4.100010024507729, "target_rescale": 4.159111572247133},
{"mapping": [0, 1, 5, 6, 2, 11, 12, 10, 3, 9, 4, 13], "R": [[-0.7911323861952909, -0.3753931411858873, 0.4828970253206556], [-0.08838791131354712, 0.8513849145535942, 0.5170409117315553], [-0.6052248546173348, 0.36636555081115624, -0.7067383946923108]], "T": [0.011515969087884152, 0.1308545096051839, -0.06929580381083711], "aligned_model": [[-0.6168561450313268, 0.11200761957547334, 0.2743501508304461, 0.6693980146242381, -0.6219488305023233, 0.12583292588812156, -0.16521352556697824, 0.6581597053245478, -0.14594382953632884, 0.033111360957656814, -0.48696677364052704, 0.04083492944000693], [-0.28402351107220153, -0.6994788998094963, -0.3044293887379739, -0.3927930027004258, 0.5401189296715718, 0.7420703435195182, 0.2576445629924472, 0.390169354584013, -0.35180695533932044, 0.6103519239304251, 0.10791732090746638, 0.050390712104615765], [-0.035361762678584485, 0.0816547823728421, 0.624716998554111, -0.08137739888697054, 0.2336158259980639, 0.1999503029553361, 0.4168760556697474, -0.25595905012561637, -0.5183414919742378, -0.536618797290274, -0.47241861829712917, -0.09154455644293134]], "inverted": false, "swapped": true, "error_lsq": 0.046421881113491305, "error_max": 0.26347666384892837, "target": "750.xyz", "model": "26.xyz", "model_rescale": 3.6694154284099745, "target_rescale": 4.159111572247133},
{"mapping": [3, 5, 12, 7, 9, 1, 5, 8, 0, 10, 4, 2, 6, 13], "R": [[-0.7988792475682772, -0.4353925615902129, -0.4150003194175347], [-0.07242901743827834, 0.7545648854043873, -0.6522161230356003], [0.5971147169829836, -0.4909838602505956, -0.6343412833292146]], "T": [0.02401020291680611, -0.039164919412714605, 0.05509419626912142], "aligned_model": [[0.5452698531359848, -0.38879600643012613, 0.35268942430502703, 0.30697188177050494, 0.6942248430636613, -0.45267036214305995, -0.38879600643012613, 0.18539334122979462, -0.6354993618086884, 0.14067398884670462, -0.4566433359127234, -0.35172785002081164, -0.1426475275462133, -0.009287864597814846], [-0.03981517104243115, -0.686599538722382, 0.6141717187132633, -0.4995122093625495, 0.017122579608226357, -0.23685629645119505, -0.686599538722382, -0.47866726947728067, -0.07510891629984004, 0.12329341118978648, -0.12041786969477124, 0.5220908355501627, 0.31224541417059737, 0.006842268570534292], [-0.5622543070575975, -0.13568826352504504, -0.25288960211535055, -0.26761555823883015, 0.16693152928963728, -0.66138358568548, -0.13568826352504504, 0.49000839399785, 0.02885479352232452, 0.6224455616177806, 0.7168348582886451, 0.13218206366069746, -0.5105261800719121, 0.06201782820007293]], "inverted": true, "swapped": false, "error_lsq": 0.05413452239558032, "error_max": 0.45676054577532127, "target": "750.xyz", "model": "27.xyz", "model_rescale": 4.103607728864725, "target_rescale": 4.159111572247133},
