[{"mapping": [10, 3, 4, 12, 8, 1, 5, 0, 13, 6, 11, 14], "R": [[-0.7124832639661842, -0.6676619719568097, 0.2158589580509388], [0.19573864801502866, -0.48452794437402935, -0.852595480162736], [0.6738352767860565, -0.5652080699383386, 0.47590530301230805]], "T": [-0.01736300885950581, 0.020114120546978462, -0.06307768971450393], "aligned_model": [[-0.12978521121885256, 0.09210198252591892, 0.5413383350280131, 0.08399440999193035, -0.3902646318787887, -0.5363388833159703, 0.36829873950166636, -0.2574264025056311, 0.6065439065375611, 0.05216539522977137, -0.5405280811259279, -0.052457096309141554], [-0.24499449252604932, -0.821096576438192, -0.2769156294525864, 0.5458973886953257, 0.3963660639435507, -0.5995970385304293, -0.17495411914928993, -0.4460250808108408, 0.10781134282741633, 0.4252114883703164, 0.2148626271867191, -0.07301093813888336], [-0.6066940505230364, -0.2580720575198673, -0.5096842240019464, -0.13364461662118532, -0.6003316870506192, 0.06253585705112046, 0.7328311029596821, 0.5911670610439373, 0.0019990906014457216, 0.45254944199418784, 0.45081441516904625, -0.0015185877492027364]], "inverted": true, "swapped": true, "error_lsq": 0.05272837778312109, "error_max": 0.2947892149581591, "target": "751.xyz", "model": "0.xyz", "model_rescale": 3.751011558992144, "target_rescale": 4.090693833861146},
{"mapping": [6, 11, 7, 12, 3, 1, 4, 9, 5, 2, 13, 10, 8, 0, 14], "R": [[0.029490615400421305, 0.644446802492655, -0.7640802460215141], [-0.20297828778293403, -0.7446251388130659, -0.635872013329987], [-0.9787390450431683, 0.17384395705521613, 0.10884925495092423]], "T": [-0.017430850187264618, 0.0010889149681359983, -0.06730998863153193], "aligned_model": [[-0.40006939369741956, -0.3917534064612226, 0.18050508862170486, 0.2780895488366495, 0.7180791420950118, -0.036368198678487035, -0.6202751927886976, -0.1914911169767094, -0.011381195537374628, 0.605216556301521, 0.4080740486683969, -0.7890396220356665, -0.07187039228617607, 0.5601855993167928, -0.01495438426197315], [0.1634769245777402, -0.469642910787444, 0.12916256780049346, -0.4968413840729219, -0.13599212946818584, 0.6362271035603667, 0.47739384362490417, -0.6118241233522778, -0.24956477398217924, 0.08698773807276595, -0.5217044234157282, -0.23143012711036043, 0.4021031507894496, 0.4644858479374699, -0.04895196771808344], [-0.6925648363741137, -0.5917384022515644, -0.6870643975510917, -0.532829284831851, -0.22106215291531667, -0.3535378832535241, 0.12053644716251108, 0.10070861842233067, 0.5047233818022532, 0.46996992107116375, 0.20312467018990432, 0.08437569429985126, 0.45865785360274547, -0.23201286740548208, -0.08952686554689482]], "inverted": false, "swapped": false, "error_lsq": 0.0504768799072111, "error_max": 0.33320627496673155, "target": "751.xyz", "model": "1.xyz", "model_rescale": 3.9405287249114394, "target_rescale": 4.090693833861146},
{"mapping": [5, 1, 11, 10, 7, 6, 2, 3, 8, 12, 9, 13, 14], "R": [[0.3460455394863472, -0.8905590168776992, -0.2952238507631605], [-0.3270152602196808, 0.180444912119462, -0.9276317444296818], [0.8793824561503701, 0.4175455318262017, -0.22878423168329826]], "T": [-0.07804610560551054, -0.0825484600514276, 0.010124749310088029], "aligned_model": [[-0.5155959731566696, 0.46000351383934246, -0.38184295600687046, 0.4770100144653825, 0.3297813948235565, -0.7093478891081313, -0.007489422227492631, 0.6387542238115548, 0.06565139485496094, -0.4596360191075062, -0.006402222652431594, -0.3600748228133479, -0.03482795743841587], [0.683941077527967, 0.3641482451634712, 0.1395412108546338, -0.3381039798388029, -0.20093004869112324, 0.05834953319638789, 0.3917195130799188, 0.3160315825166634, -0.7662147481943573, -0.4637713706638693, -0.7126290891986049, -0.03419097174658961, 0.02094163956632228], [0.21335198845525455, -0.4142822518684491, -0.6487359498537313, 0.08114697066083, -0.5365795312648329, -0.11799718086535005, 0.5149464455205904, 0.30162442675606077, -0.27485671996823025, 0.03768001979964919, 0.4048974728065803, 0.5751972979330298, -0.023272638522757502]], "inverted": false, "swapped": true, "error_lsq": 0.04437127182700874, "error_max": 0.30874651273344017, "target": "751.xyz", "model": "2.xyz", "model_rescale": 3.932901565614263, "target_rescale": 4.090693833861146},
{"mapping": [12, 7, 8, 6, 9, 4, 10, 13, 5, 2, 1, 0, 3, 14], "R": [[-0.43262135760170073, -0.8698057723234737, -0.23722706291573648], [-0.8614514978173126, 0.47642478082919376, -0.17584295584459259], [0.2659700694724314, 0.12828619038937944, -0.9554070208556193]], "T": [0.007541864398352555, -0.03887627170441728, -0.10115780302601492], "aligned_model": [[-0.35462712034435495, 0.6436098238745038, 0.16398983506651027, -0.31403027835683983, -0.34370871998214136, -0.2614644478413968, 0.29203259268223913, -0.5680910278764209, -0.2798150934412067, -0.19439757931151827, 0.7654054123048635, 0.4028627735266579, 0.3862731940633939, 0.08177054768841446], [0.00033438602830446196, -0.09174576654696753, -0.3503768492262548, 0.5255988122545212, -0.6259991202351488, -0.6738663246255928, -0.5834905064642385, -0.11704164852746146, 0.555986650102207, -0.09613674704328401, 0.05748663342492483, 0.5173723639399603, -0.45901702035461067, 0.004391775624129124], [-0.49990234957761215, -0.36919774123851207, -0.7703023507069509, -0.21415626292753143, -0.40097397355965425, 0.25133971069727, -0.13116508322634332, 0.15127550779046212, 0.5183754822655479, 0.5626908242305192, 0.19126941074442927, 0.3859368654483111, 0.5604199745564137, -0.021713651439251844]], "inverted": false, "swapped": true, "error_lsq": 0.0423394836278283, "error_max": 0.3350972669030542, "target": "751.xyz", "model": "3.xyz", "model_rescale": 3.9243930471874484, "target_rescale": 4.090693833861146},
{"mapping": [8, 10, 9, 12, 13, 7, 11, 4, 2, 3, 5, 0, 14], "R": [[0.47712161851904766, 0.8139668872095782, 0.3313802463456657], [0.581786146979546, -0.009923505322449205, -0.8132812571458964], [-0.658695559666572, 0.5808265064272334, -0.47828937799942456]], "T": [0.03709438606729032, -0.17589236835204547, -0.06899114640834969], "aligned_model": [[-0.035809761992527056, -0.1984682686428603, 0.4593086941968614, 0.4275452654071893, 0.5935504096761357, -0.5673652486511367, -0.2838419639509625, 0.32590873693884326, 0.18567587491874069, -0.36117468825556687, 0.2211321981465039, -0.44233803293082746, -0.046917328549041126], [-0.6933170102396128, -0.020435104520740044, -0.22419112458017298, -0.5429901315278444, 0.11621375428162162, -0.43799733221492176, -0.6447242462610576, 0.396021335278925, 0.4727078427759134, 0.5731749969936806, 0.19910060360357207, 0.0556601437879683, -0.12139417369574429], [-0.6132518635071887, -0.6156019319546404, -0.6833056070597482, -0.1359867110978115, 0.009852598566345266, -0.2814825084646144, 0.4339107313300976, -0.5041144011816543, 0.1359347137648444, -0.26372340143850037, 0.7346056201681882, 0.5786818973734932, -0.008448821127846742]], "inverted": false, "swapped": true, "error_lsq": 0.04451933743586242, "error_max": 0.31686380825314214, "target": "751.xyz", "model": "4.xyz", "model_rescale": 3.8936222436046832, "target_rescale": 4.090693833861146},
{"mapping": [5, 11, 0, 2, 1, 7, 8, 10, 4, 13, 3, 14], "R": [[-0.8741400188294223, -0.4563189002010234, 0.16628977358883473], [-0.325296895386326, 0.8043408926785085, 0.49720987341077394], [-0.3606399275356448, 0.3805375010225256, -0.8515456846127613]], "T": [-0.06972111955378935, -0.21144735118913827, 0.10545732283953241], "aligned_model": [[0.11917072771846643, -0.7210850352618324, -0.4230605235473059, 0.4064993588732429, -0.5444610975880023, -0.6314542251331999, -0.32812359877366193, -0.016716740398428166, 0.6083108348805182, 0.5068867723923491, 0.1620754172543638, -0.11049384820141314], [-0.46461003820993446, -0.5034218888658308, -0.041009299016894235, -0.010856972002464604, 0.38004097098209266, 0.1266611867168833, -0.23284769502606117, 0.28105362863811434, 0.13380987475647932, -0.44032786406778324, 0.5901449724763503, -0.14971397127114422], [-0.7433571047462402, -0.15181624323664406, -0.6355248077571596, -0.36115906840357953, -0.2010066392752538, 0.327631974240595, 0.8140003257902582, 0.47024958798106975, 0.2500304089001616, -0.02230291738455445, -0.14225407516510075, 0.01479327833196542]], "inverted": true, "swapped": true, "error_lsq": 0.04769396613841676, "error_max": 0.25818542608533024, "target": "751.xyz", "model": "5.xyz", "model_rescale": 3.6523030999806103, "target_rescale": 4.090693833861146},
{"mapping": [4, 10, 12, 13, 6, 3, 7, 2, 1, 0, 11, 5, 14], "R": [[0.19442833765912065, 0.9686183948584657, 0.15484194088463454], [-0.690289571821562, 0.022955342533560637, 0.7231689700779285], [0.6969203172167647, -0.24749031777218394, 0.6730903461345348]], "T": [0.10597608182420007, 0.08864096815526812, 0.18228801665370614], "aligned_model": [[0.20562045092730608, -0.31420992013331916, 0.4541545871568855, 0.6467417617868509, 0.5631734666655112, -0.35240437203755737, -0.5284019005744086, 0.30385246798584353, -0.5902129968015587, -0.1128206536072224, -0.0015016135111703688, 0.5588549912131233, 0.0482366355940107], [-0.551193940053565, -0.11528927374994433, 0.41614226157124123, -0.23042626361032836, 0.4227410669944944, -0.6484102767927958, 0.36509369102447575, -0.5389759540716815, -0.03895187408488815, -0.027431259843305578, 0.6369879894014268, -0.19751014542406176, 0.048050882802115495], [0.6071568793139421, 0.5826581656945407, 0.4337153298660876, 0.2656799239364196, -0.1555833946799795, 0.11683844541676641, 0.20130139352611048, -0.04507784623307198, -0.2278308386739316, -0.6187161084033215, -0.3310129266879636, -0.5479692271797847, 0.08894994358597509]], "inverted": false, "swapped": true, "error_lsq": 0.044482201548771, "error_max": 0.2397857190755278, "target": "751.xyz", "model": "6.xyz", "model_rescale": 4.08911054899281, "target_rescale": 4.090693833861146},
{"mapping": [1, 11, 2, 13, 7, 0, 3, 11, 10, 5, 12, 9, 4, 6, 14], "R": [[0.5347169522954988, 0.7668268928856591, -0.35504126136991365], [-0.19652898405659547, -0.29578072377547665, -0.9348209036326358], [-0.8218601701953294, 0.5696404829277684, -0.00745525695888527]], "T": [0.025150202690010323, -0.03457829702720164, -0.032659806634294256], "aligned_model": [[-0.3317939645603307, -0.2566067147153571, 0.2990843353702908, 0.31093876692425115, 0.7647501024834973, -0.2849939957070365, -0.3101727936465283, -0.2566067147153571, -0.060405503922027606, 0.5806105245640085, 0.35493865411278536, -0.7505331324557756, 0.11512591636900878, 0.18063337911310423, -0.13202177809818277], [-0.07086217994962181, -0.5478899668722148, 0.2443697854045779, -0.4920641489220057, 0.10694736420122072, 0.7077454535289646, 0.6684581529330386, -0.5478899668722148, -0.49127665790632546, -0.07853330534899561, -0.6604572590853651, 0.029721049867385024, 0.3636297974489242, 0.42525562259770366, -0.06326840456906224], [-0.6723631755182072, -0.07334434979635773, -0.7378460242758405, -0.5275599119289284, -0.21224666577708545, -0.5199197051122715, 0.10787372822824999, -0.07334434979635773, 0.5181411798739178, 0.48698720591402544, 0.05404094406811279, -0.12613849657927872, 0.5419567386756216, -0.14893841457770152, -0.07553880697697762]], "inverted": false, "swapped": false, "error_lsq": 0.04892197740823523, "error_max": 0.4109199343713935, "target": "751.xyz", "model": "7.xyz", "model_rescale": 3.964800864290218, "target_rescale": 4.090693833861146},
{"mapping": [7, 1, 11, 8, 6, 10, 12, 0, 3, 2, 4, 13, 5, 14], "R": [[-0.548128226879609, 0.2450783023383017, -0.7996824823770944], [-0.16658313090287286, 0.9049630859113758, 0.39152506131326537], [0.8196374243507992, 0.34781954927912817, -0.45520990075222656]], "T": [-0.09867049710835546, 0.06171412880587992, 0.033253526394972185], "aligned_model": [[-0.1754743488294884, 0.3235467576496767, 0.29753188556322724, -0.7272304042325108, 0.17102913839459688, -0.45471093984873884, -0.4065026344051427, 0.7080708852893847, 0.10554354772746949, 0.24769326283134147, -0.3904060712395005, -0.1146914407264587, 0.6764185675237278, 0.0003696837632886085], [-0.39791925880751977, -0.5902590869309562, 0.23345706985221537, -0.019979343829392017, 0.6412001758972151, -0.4345386821506683, 0.49469482570419, -0.12357288171440253, -0.6567724704432286, -0.004757017261220249, -0.14867299041034668, 0.41095837636999744, 0.40749813428592374, -0.00038838438060488645], [-0.4786657625421111, -0.2233008690659431, -0.5906389349360663, -0.37601609463572533, -0.12881881295620956, 0.10679553342836108, -0.06405091314804526, -0.10012356146428099, 0.48014775899183976, 0.6335593096531648, 0.7191535740469844, 0.5614177187833207, 0.3493670692640128, 0.027989023305719694]], "inverted": false, "swapped": true, "error_lsq": 0.04939711273209486, "error_max": 0.37398953780671784, "target": "751.xyz", "model": "8.xyz", "model_rescale": 4.121658175737393, "target_rescale": 4.090693833861146},
{"mapping": [2, 0, 1, 3, 5, 13, 11, 12, 7, 6, 4, 10, 14], "R": [[-0.31283832018230706, -0.8140100817049648, 0.48940757279407654], [0.8914673498470865, -0.42944618572557003, -0.14443662181860845], [0.3277470817293799, 0.3911055617712898, 0.8600106336374215]], "T": [0.04664916473111901, -0.01974146400559223, 0.136909117570305], "aligned_model": [[-0.5234764138776552, -0.09868270293531439, 0.3865236694388321, -0.02551891002378657, -0.6898419028837902, -0.5214145037271661, 0.2714390635217543, 0.03650407244211842, 0.6956718737706526, -0.2285489622212884, -0.25017469837360784, 0.38451949539423796, 0.03973741591021048], [0.2424604604700279, -0.3819731619552106, -0.0006608980970802605, 0.5982891503127914, -0.3912741022980396, 0.12233444039360156, -0.7149348161715217, -0.19249653786115486, -0.04136356802589671, -0.5976648523735372, 0.6885418736191935, 0.49278704178412996, -0.03365759038559378], [-0.16468709641382584, -0.6051280965554409, -0.6069174046364887, -0.4717539692753757, -0.23699169086715, 0.37837078156511883, -0.06776006341593838, 0.6485279445828006, -0.10293468327253669, 0.2952756653192896, 0.23721648743635518, 0.09693104285312709, 0.020926516639153528]], "inverted": false, "swapped": true, "error_lsq": 0.046890262073175114, "error_max": 0.3023228816539499, "target": "751.xyz", "model": "9.xyz", "model_rescale": 3.833441315466971, "target_rescale": 4.090693833861146},
{"mapping": [7, 7, 4, 6, 1, 3, 2, 11, 10, 0, 12, 9, 13, 5, 14], "R": [[0.029290734707529742, 0.7997900909698161, 0.5995647281543393], [0.928172015941751, 0.20086527181421876, -0.31328876679770423], [-0.37099698338789683, 0.5656756605737016, -0.7364592896770243]], "T": [0.05414975870662315, -0.09014556962494226, -0.06189623993567525], "aligned_model": [[-0.4500214193306796, -0.4500214193306796, 0.2774187731549844, 0.4589199213469063, 0.7909255088105758, -0.4110651925455435, -0.262489297613397, -0.3021085033080065, -0.06602015964469071, 0.49481607080806556, 0.3663151526946083, -0.7042185123633977, 0.1256510407270494, 0.3794435238271697, -0.02459840611661395], [-0.31769291654521165, -0.31769291654521165, 0.30667378271830525, -0.24252048646780927, -0.12047053195343883, 0.3702155604895984, 0.5453377265613656, -0.6708978758294315, -0.473596582076815, -0.007461288524459389, -0.6049092373931984, 0.19758180876332476, 0.47436486591027627, 0.5015488183711442, -0.046595391022429974], [-0.43330922426422713, -0.43330922426422713, -0.7165701502783604, -0.5855111444200718, -0.018875040134200077, -0.6328292734507622, 0.05013475224321856, -0.02807478774844123, 0.6552360040005059, 0.4507434705252652, -0.08621064827458544, -0.06109144629937999, 0.4965856991240657, -0.02294859488945808, -0.09221049544842191]], "inverted": true, "swapped": false, "error_lsq": 0.0524584572675665, "error_max": 0.3818593246415269, "target": "751.xyz", "model": "10.xyz", "model_rescale": 4.2482417240324, "target_rescale": 4.090693833861146},
{"mapping": [1, 3, 2, 4, 11, 6, 0, 13, 10, 12, 7, 14], "R": [[-0.7849626579720399, -0.6191914362247608, -0.02087081443998523], [0.5348348509699112, -0.660249204838339, -0.5272785503871119], [0.31270642426637696, -0.4250564113341417, 0.8494361302689436]], "T": [0.03605268770344174, 0.16973777368720716, -0.1564634711827729], "aligned_model": [[-0.5918695971459915, 0.04077281700581306, 0.41451838889363896, 0.6125762419791219, -0.5355661362842329, 0.07247038607379824, -0.3964782341590254, 0.6422095869572739, -0.013625906918611805, 0.23382837980500057, -0.5772297778724403, -0.02484054597133798], [-0.283305364938366, -0.6656366398057132, -0.1474687760129833, -0.33565984801522336, 0.6162793905808985, 0.7689554463048864, 0.09099864984621275, 0.24408124723131291, -0.31829831563859684, 0.5898155317942357, -0.013569763223318099, 0.11993983192729371], [0.10739664482135672, 0.08801175087015614, 0.3343491394153889, -0.2661224692523716, 0.06617137241656448, 0.11633929166025384, 0.5574479616406075, 0.011561796680884334, -0.5276681166271645, -0.43236293720537555, -0.4201033872861274, -0.06982875727981608]], "inverted": true, "swapped": true, "error_lsq": 0.05478648208161716, "error_max": 0.3055510671164339, "target": "751.xyz", "model": "11.xyz", "model_rescale": 3.6694154284099745, "target_rescale": 4.090693833861146},
{"mapping": [13, 9, 10, 8, 12, 5, 6, 0, 7, 1, 3, 11, 2, 14], "R": [[0.5293734689477655, 0.12016236545337267, -0.8398361365783563], [-0.4360854654866939, 0.8876732060553717, -0.147870707182428], [0.7277315419613629, 0.4445191617692402, 0.522311705454233]], "T": [0.09704934106662844, 0.05828045883426912, -0.11408719651204793], "aligned_model": [[-0.2418701976069168, 0.18985034820042002, 0.02726888878636305, 0.6812832047335347, 0.4404900818908758, -0.3860560656610076, 0.30392171538490703, -0.17711020216569068, 0.426142938342795, -0.05728953482074936, -0.5917707142420002, 0.5224903192476951, -0.580814192512017, 0.04172826067760063], [-0.22805315781784702, 0.39152030382334985, 0.6675380167689171, 0.4940504953199207, -0.11716020705062248, -0.6760255095093362, -0.5677863336846264, -0.25139762173148517, 0.48797492375603735, 0.35371087096504983, 0.5203321267804192, -0.2983413359405615, -0.09762621001924916, 0.052250926476288095], [-0.5661184293848528, -0.7761439366745077, -0.162831351306377, -0.30912122138945364, -0.49220105884718257, 0.10422752903060314, -0.12140890367305053, 0.6152196066772077, 0.3175180769513889, 0.6329449480855014, 0.1498749448830756, 0.40315031055361494, -0.14486773132777156, -0.011147323925780245]], "inverted": true, "swapped": true, "error_lsq": 0.054904518194527005, "error_max": 0.30340873756953163, "target": "751.xyz", "model": "12.xyz", "model_rescale": 3.9764082729961374, "target_rescale": 4.090693833861146},
{"mapping": [11, 14, 8, 3, 7, 10, 12, 6, 5, 0, 4, 13, 9, 2, 15], "R": [[0.598632620277349, -0.3169934318000318, 0.7356318033741568], [0.3714434881507349, 0.9235118291762735, 0.0956850901755773], [-0.70969621744116, 0.2159654267866321, 0.670589452185596]], "T": [-0.025555236407410607, 0.010853054993094541, -0.037663810059457806], "aligned_model": [[-0.34032970578822225, -0.37628121508897444, 0.20462519592392914, 0.2722886222697214, 0.6981356252715339, -0.3326942154344534, -0.4798579630338809, -0.3784603668755833, -0.05049615299025697, 0.5728501481040312, 0.353352565014551, -0.622456307610405, 0.07499271083971312, 0.6054307020440907, 0.021847438470556348], [0.028595229956008623, -0.5321895884096334, 0.2975477352874113, -0.33315761120024295, -0.1784501088956024, 0.6113049820427588, 0.4087485386854387, -0.6458198273076438, -0.22219687989239564, 0.08011540992904463, -0.5250988415627996, -0.10072173321782692, 0.301792366005245, 0.48352413023721835, -0.08010846520097176], [-0.7664620999881763, -0.5076680812093125, -0.6413822589338034, -0.7457521835744763, -0.14475978471353157, -0.47500810214846595, 0.16849571939590868, 0.1293616378199422, 0.7672520764557695, 0.36757890175495733, 0.2539663742132669, -0.11343137580697794, 0.4788084100354732, -0.15890041348499623, -0.07033892339465737]], "inverted": true, "swapped": false, "error_lsq": 0.04375621402954568, "error_max": 0.2419897889154599, "target": "751.xyz", "model": "13.xyz", "model_rescale": 4.170626492500431, "target_rescale": 4.090693833861146},
{"mapping": [12, 9, 6, 13, 11, 0, 5, 8, 7, 4, 10, 2, 1, 14], "R": [[-0.2968581047991241, -0.7571429896165911, 0.5819018464393485], [-0.7671972384731165, -0.17372950106806306, -0.6174353875004785], [0.5685803926396834, -0.6297241886199805, -0.5293050003283655]], "T": [0.02135797473230837, -0.01809889768078497, 0.0489464790753489], "aligned_model": [[0.07009556393880036, 0.1346106619877374, -0.2216322692016911, -0.52078613178399, 0.23925093960601435, -0.1939897322793389, -0.7419703095794531, 0.6773044658456145, 0.6413118310770682, -0.2796125017662189, 0.3408525452950761, -0.5837833322118217, 0.27912891142175034, 0.0024023797420962764], [-0.3641231460913777, -0.7513902565960175, 0.12602112317966604, -0.3423546773743249, 0.5353652296477956, 0.7898203805555835, 0.43474852784697976, -0.3768023884906509, 0.24854369412204205, -0.49533161291331224, -0.22391437626560862, 0.05681243151174488, 0.6314568659535591, 0.08722267283958633], [-0.362870142133969, 0.13518776952030295, -0.5468677338189138, 0.0028640928821767678, -0.42213088692576184, 0.11094798587337953, -0.1313769750447841, -0.0526852555881183, 0.2031605681656535, 0.5795093578209348, 0.5326853385887805, 0.38502026897993025, 0.4741383136766354, 0.09629039912461965]], "inverted": false, "swapped": true, "error_lsq": 0.04253224343464746, "error_max": 0.2728960917771939, "target": "751.xyz", "model": "14.xyz", "model_rescale": 3.9786697098870705, "target_rescale": 4.090693833861146},
{"mapping": [12, 6, 4, 8, 13, 3, 11, 0, 10, 7, 5, 14], "R": [[-0.6594855388255793, 0.7504915676960656, -0.042909566497895124], [-0.376191648401787, -0.28007690522096385, 0.883196903773215], [0.6508138503079677, 0.5985978065270112, 0.4670353287154722]], "T": [0.058640847510501665, -0.05175786207533329, -0.08327518619179555], "aligned_model": [[-0.12255620754950725, -0.5873393245577984, 0.5685477424016778, 0.37972108099994273, -0.06445981625759054, 0.6112661615858618, -0.4658659681269889, -0.3006386354321442, 0.6673848591458525, 0.32502302415346407, -0.5755415820193189, 0.04781326242388587], [-0.37254205921532674, -0.11911803303913174, 0.36900559000018934, -0.7271744473547614, 0.3116467532870134, 0.536748458837735, -0.35702985524298997, 0.3280275432446573, -0.1179169627765129, -0.43772039809874286, 0.5908066252661383, 0.009941275316171054], [-0.478200734487756, -0.1972121863676311, -0.48674059543364456, -0.1831897647356219, -0.587228498836407, 0.2421574443564868, 0.37215360042237033, 0.5721892910674764, -0.024166999448722748, 0.4259364572211928, -0.01129647943400991, 0.015564959550097235]], "inverted": true, "swapped": true, "error_lsq": 0.06224406987254293, "error_max": 0.3213903354157478, "target": "751.xyz", "model": "15.xyz", "model_rescale": 3.769337070930944, "target_rescale": 4.090693833861146},
{"mapping": [6, 11, 13, 12, 5, 0, 2, 1, 4, 8, 14], "R": [[0.23047245366971802, -0.15535301728929107, -0.9605976723470514], [0.8536162232019078, 0.5061864290436882, 0.12294162248201426], [0.4671421535100107, -0.8483164144769997, 0.24927388419751673]], "T": [-0.10141678974098112, 0.07584556999680916, 0.13285782668250973], "aligned_model": [[-0.3529693572314026, -0.31448773820000275, -0.0027629036057100625, -0.583287694250278, 0.3554838923932644, 0.4122086089284165, 0.4880649035713822, 0.36861710552278965, 0.23165596828938828, -0.6697372496475192, -0.010159405079157136], [0.03468114432436831, -0.5482558301072615, 0.6430241999820828, 0.2898001670223187, 0.11814607028783713, -0.4576390571997887, 0.3906067160259228, -0.5584782260808205, 0.6905207451672352, -0.011474431745613592, 0.005132999949061218], [-0.4752837778758087, -0.24239140043261348, -0.1312660867572138, 0.015704404226829838, -0.6479813647542849, -0.26025218882585216, -0.06256493318004494, 0.3470028735941495, 0.46612682824433105, 0.6213760711330849, 0.11374718185119974]], "inverted": false, "swapped": true, "error_lsq": 0.04509786698926466, "error_max": 0.21771412586245253, "target": "751.xyz", "model": "16.xyz", "model_rescale": 3.7852294659196426, "target_rescale": 4.090693833861146},
{"mapping": [1, 2, 4, 3, 0, 5, 6, 13, 10, 7, 11, 12, 14], "R": [[-0.39985652979281794, 0.5633660580933113, -0.7230030706507753], [0.7250416002753775, -0.28816285709263006, -0.625521259160976], [-0.5607400765525554, -0.7743260633483913, -0.2932400282485627]], "T": [0.14331306048099113, 0.17129485802114608, 0.08341857256050694], "aligned_model": [[-0.009745478205192004, -0.2796391690350806, 0.3425770738084045, 0.07487840866988826, -0.530649041277596, -0.7455347576440913, -0.24698464485754656, -0.0483782754968331, 0.6074275435012357, 0.45101229634240925, -0.1545699965059279, 0.32344513214230514, 0.06992675877430758], [-0.0509287355328894, -0.3490026988228415, -0.4852863080296058, -0.6334175377906002, 0.13313041542717863, 0.11678868291978917, 0.6518625245369285, -0.020727634678483764, -0.18540556080010762, 0.2844983751083756, 0.752014448756738, 0.528226972327046, 0.13330268028134673], [-0.6888161069813648, 0.27091567856972487, 0.442620863609509, -0.24122813232884444, -0.4138448813761512, 0.24845202866374294, 0.3104248157649159, 0.6557536345833881, -0.10579726692217611, -0.526277404958946, -0.30354939825310007, 0.44653420859145304, 0.0005666581810228749]], "inverted": true, "swapped": true, "error_lsq": 0.04326570965068689, "error_max": 0.27388568818865977, "target": "751.xyz", "model": "17.xyz", "model_rescale": 3.901054581598922, "target_rescale": 4.090693833861146},
{"mapping": [6, 11, 7, 12, 3, 1, 4, 9, 5, 2, 13, 10, 8, 0, 14], "R": [[0.029490615400421305, 0.644446802492655, -0.7640802460215141], [-0.20297828778293403, -0.7446251388130659, -0.635872013329987], [-0.9787390450431683, 0.17384395705521613, 0.10884925495092423]], "T": [-0.017430850187264618, 0.0010889149681359983, -0.06730998863153193], "aligned_model": [[-0.40006939369741956, -0.3917534064612226, 0.18050508862170486, 0.2780895488366495, 0.7180791420950118, -0.036368198678487035, -0.6202751927886976, -0.1914911169767094, -0.011381195537374628, 0.605216556301521, 0.4080740486683969, -0.7890396220356665, -0.07187039228617607, 0.5601855993167928, -0.01495438426197315], [0.1634769245777402, -0.469642910787444, 0.12916256780049346, -0.4968413840729219, -0.13599212946818584, 0.6362271035603667, 0.47739384362490417, -0.6118241233522778, -0.24956477398217924, 0.08698773807276595, -0.5217044234157282, -0.23143012711036043, 0.4021031507894496, 0.4644858479374699, -0.04895196771808344], [-0.6925648363741137, -0.5917384022515644, -0.6870643975510917, -0.532829284831851, -0.22106215291531667, -0.3535378832535241, 0.12053644716251108, 0.10070861842233067, 0.5047233818022532, 0.46996992107116375, 0.20312467018990432, 0.08437569429985126, 0.45865785360274547, -0.23201286740548208, -0.08952686554689482]], "inverted": false, "swapped": false, "error_lsq": 0.0504768799072111, "error_max": 0.33320627496673155, "target": "751.xyz", "model": "18.xyz", "model_rescale": 3.9405287249114394, "target_rescale": 4.090693833861146},
{"mapping": [7, 4, 8, 0, 6, 9, 11, 12, 3, 2, 1, 13, 10, 5, 15], "R": [[0.2651920785662921, -0.4650679123345059, -0.8446212159201982], [0.6888291010760781, 0.7043341034078797, -0.17154573817889116], [0.6746759451591646, -0.5363071020352449, 0.5071361368805672]], "T": [-0.10277917289249502, -0.10211532808653645, -0.07854766655413391], "aligned_model": [[-0.349563186201579, -0.2826325179587333, 0.3458972750657846, 0.2946289601678628, 0.6285450909290132, -0.2855570526924154, -0.32963019929049214, -0.3487107718177952, 0.010211280534287132, 0.5798021551054447, 0.3851903783574069, -0.7425928387712696, 0.013891017389707161, 0.3826519354409402, -0.07918444514181179], [0.06906343351164573, -0.5812060033690447, 0.08433561107666757, -0.49421473426524115, -0.04232801205811293, 0.5526426838148701, 0.5273852946917912, -0.5660458760937983, -0.512427687955701, 0.25905815159013557, -0.49821256371860423, 0.1024046808364068, 0.21984495897866957, 0.5562230546388159, -0.08263765522249145], [-0.7152744771205787, -0.6008406185857628, -0.6583731988210887, -0.4797945848073952, -0.21952196768829957, -0.43476956293797286, 0.18881123014408574, 0.07773783336546776, 0.6592229750730404, 0.3201523851888527, 0.12272856392786337, -0.06672039819283891, 0.629007050198522, -0.22757738054301563, -0.053027952779958774]], "inverted": false, "swapped": false, "error_lsq": 0.042638688103362354, "error_max": 0.3117723381788012, "target": "751.xyz", "model": "19.xyz", "model_rescale": 4.410303926677745, "target_rescale": 4.090693833861146},
{"mapping": [7, 1, 11, 8, 6, 10, 12, 0, 3, 2, 4, 13, 5, 14], "R": [[-0.548128226879609, 0.2450783023383017, -0.7996824823770944], [-0.16658313090287286, 0.9049630859113758, 0.39152506131326537], [0.8196374243507992, 0.34781954927912817, -0.45520990075222656]], "T": [-0.09867049710835546, 0.06171412880587992, 0.033253526394972185], "aligned_model": [[-0.1754743488294884, 0.3235467576496767, 0.29753188556322724, -0.7272304042325108, 0.17102913839459688, -0.45471093984873884, -0.4065026344051427, 0.7080708852893847, 0.10554354772746949, 0.24769326283134147, -0.3904060712395005, -0.1146914407264587, 0.6764185675237278, 0.0003696837632886085], [-0.39791925880751977, -0.5902590869309562, 0.23345706985221537, -0.019979343829392017, 0.6412001758972151, -0.4345386821506683, 0.49469482570419, -0.12357288171440253, -0.6567724704432286, -0.004757017261220249, -0.14867299041034668, 0.41095837636999744, 0.40749813428592374, -0.00038838438060488645], [-0.4786657625421111, -0.2233008690659431, -0.5906389349360663, -0.37601609463572533, -0.12881881295620956, 0.10679553342836108, -0.06405091314804526, -0.10012356146428099, 0.48014775899183976, 0.6335593096531648, 0.7191535740469844, 0.5614177187833207, 0.3493670692640128, 0.027989023305719694]], "inverted": false, "swapped": true, "error_lsq": 0.04939711273209486, "error_max": 0.37398953780671784, "target": "751.xyz", "model": "20.xyz", "model_rescale": 4.121658175737393, "target_rescale": 4.090693833861146},
{"mapping": [4, 10, 12, 13, 6, 3, 7, 2, 1, 0, 11, 5, 14], "R": [[0.19442833765912065, 0.9686183948584657, 0.15484194088463454], [-0.690289571821562, 0.022955342533560637, 0.7231689700779285], [0.6969203172167647, -0.24749031777218394, 0.6730903461345348]], "T": [0.10597608182420007, 0.08864096815526812, 0.18228801665370614], "aligned_model": [[0.20562045092730608, -0.31420992013331916, 0.4541545871568855, 0.6467417617868509, 0.5631734666655112, -0.35240437203755737, -0.5284019005744086, 0.30385246798584353, -0.5902129968015587, -0.1128206536072224, -0.0015016135111703688, 0.5588549912131233, 0.0482366355940107], [-0.551193940053565, -0.11528927374994433, 0.41614226157124123, -0.23042626361032836, 0.4227410669944944, -0.6484102767927958, 0.36509369102447575, -0.5389759540716815, -0.03895187408488815, -0.027431259843305578, 0.6369879894014268, -0.19751014542406176, 0.048050882802115495], [0.6071568793139421, 0.5826581656945407, 0.4337153298660876, 0.2656799239364196, -0.1555833946799795, 0.11683844541676641, 0.20130139352611048, -0.04507784623307198, -0.2278308386739316, -0.6187161084033215, -0.3310129266879636, -0.5479692271797847, 0.08894994358597509]], "inverted": false, "swapped": true, "error_lsq": 0.044482201548771, "error_max": 0.2397857190755278, "target": "751.xyz", "model": "21.xyz", "model_rescale": 4.08911054899281, "target_rescale": 4.090693833861146},
{"mapping": [2, 1, 13, 0, 7, 3, 14, 8, 5, 10, 6, 15, 9, 12, 16], "R": [[-0.46766782129970463, -0.09189505734801323, 0.8791143880950834], [-0.8798378314540568, -0.04689564317209982, -0.47295474307136165], [0.08468883788912357, -0.9946638110871835, -0.05892116470767783]], "T": [-0.047069171039893956, -0.06752955651300034, -0.09845018124686368], "aligned_model": [[-0.5445303140575097, -0.49639847814518495, 0.3327459303032405, 0.29781887384718536, 0.6585768737833252, -0.13623505732232727, -0.26630659271407053, -0.12263807775816433, 0.009947226536331254, 0.5476325411665998, 0.45393136838599735, -0.761082990424834, -0.05170905949959455, 0.32169096469951663, -0.020496127684159923], [-0.032999517692078525, -0.65739680780334, 0.3305759816587788, -0.47265197260018116, -0.03375612257527509, 0.6392005723469922, 0.5331465904589913, -0.7152138625433165, -0.22867139118172142, -0.01466546052769195, -0.6169730775265992, 0.07482166202790323, 0.30203593211769597, 0.5528563070912579, -0.06642349679540606], [-0.6205554550948544, -0.38157238259726595, -0.4644862932589172, -0.6614843388758012, -0.18042092355675787, -0.5953010572443647, -0.04417582870714938, 0.13725386648992444, 0.5860288129342551, 0.44438558587727994, -0.046735528946830196, -0.06066904572365018, 0.5106043586842944, 0.05681362188681992, -0.1379254954460614]], "inverted": true, "swapped": false, "error_lsq": 0.03512589688448113, "error_max": 0.20684785618589493, "target": "751.xyz", "model": "22.xyz", "model_rescale": 4.204369325754507, "target_rescale": 4.090693833861146},
{"mapping": [7, 4, 8, 0, 6, 9, 11, 12, 3, 2, 1, 13, 10, 5, 15], "R": [[0.2651920785662921, -0.4650679123345059, -0.8446212159201982], [0.6888291010760781, 0.7043341034078797, -0.17154573817889116], [0.6746759451591646, -0.5363071020352449, 0.5071361368805672]], "T": [-0.10277917289249502, -0.10211532808653645, -0.07854766655413391], "aligned_model": [[-0.349563186201579, -0.2826325179587333, 0.3458972750657846, 0.2946289601678628, 0.6285450909290132, -0.2855570526924154, -0.32963019929049214, -0.3487107718177952, 0.010211280534287132, 0.5798021551054447, 0.3851903783574069, -0.7425928387712696, 0.013891017389707161, 0.3826519354409402, -0.07918444514181179], [0.06906343351164573, -0.5812060033690447, 0.08433561107666757, -0.49421473426524115, -0.04232801205811293, 0.5526426838148701, 0.5273852946917912, -0.5660458760937983, -0.512427687955701, 0.25905815159013557, -0.49821256371860423, 0.1024046808364068, 0.21984495897866957, 0.5562230546388159, -0.08263765522249145], [-0.7152744771205787, -0.6008406185857628, -0.6583731988210887, -0.4797945848073952, -0.21952196768829957, -0.43476956293797286, 0.18881123014408574, 0.07773783336546776, 0.6592229750730404, 0.3201523851888527, 0.12272856392786337, -0.06672039819283891, 0.629007050198522, -0.22757738054301563, -0.053027952779958774]], "inverted": false, "swapped": false, "error_lsq": 0.042638688103362354, "error_max": 0.3117723381788012, "target": "751.xyz", "model": "23.xyz", "model_rescale": 4.410303926677745, "target_rescale": 4.090693833861146},
{"mapping": [14, 13, 5, 12, 2, 15, 9, 7, 1, 3, 0, 11, 10, 4, 16], "R": [[0.7457155489991963, 0.4685911443849235, 0.47363557656161687], [0.02977303669613271, 0.6867353903855472, -0.7262975078285077], [-0.6655988929278038, 0.5557129141886465, 0.4981578773212805]], "T": [-0.0859856939031885, 0.012962323808391383, -0.14473947244658028], "aligned_model": [[-0.6675170390600063, -0.3874694289296557, 0.36827958388223697, 0.2999362612932451, 0.8191795568782929, -0.2293031718521304, -0.45495340977887794, -0.2068803891527338, -0.052654939093327524, 0.5726978342666833, 0.4744126410764066, -0.6313652845759732, -0.1268919337070146, 0.45329096276830844, -0.00781416289910368], [0.09799852446476551, -0.45366250641955774, 0.14215677824722173, -0.5078452062116585, -0.02705820955737567, 0.5124929435482977, 0.5153794325099762, -0.6186882211457378, -0.36633066071928516, 0.013553215163043284, -0.486219570781735, -0.042049025056545786, 0.39869341345890663, 0.4222711094446869, -0.006806680488992998], [-0.48050744172397675, -0.5755009483916392, -0.5601355289621853, -0.6201336204495552, -0.03534030944613939, -0.6338646622409404, -0.08261172378464574, 0.02358449614366251, 0.6242606850581044, 0.4679485763997784, -0.060140693781182, 0.17189334357918915, 0.3780627390041298, -0.020114520846574044, -0.055640494137105465]], "inverted": true, "swapped": false, "error_lsq": 0.038794561043233054, "error_max": 0.2564830871921298, "target": "751.xyz", "model": "24.xyz", "model_rescale": 4.28219845311461, "target_rescale": 4.090693833861146},
{"mapping": [14, 6, 11, 8, 5, 12, 13, 0, 4, 3, 1, 2, 7, 9, 15], "R": [[0.3944719648306156, 0.9172243867924887, -0.055599399599429], [-0.6657576262407146, 0.2435704678003337, -0.7052944139278686], [-0.6333708645533063, 0.3152345975439087, 0.7067308514889721]], "T": [0.010216006893057756, 0.0159137767351011, -0.10619253823445655], "aligned_model": [[-0.48846752025130746, -0.34252099942991715, 0.16215617292484588, 0.30998840277429723, 0.7967184180992194, -0.1622257501808437, -0.37960326265911243, -0.30213938259200473, -0.14425578799064023, 0.5311746941491757, 0.41663427294432814, -0.6537644439353548, 0.044697251675928085, 0.4550019061539807, -0.020446890566243513], [0.09918548036328077, -0.7002627717957771, 0.26749814690079377, -0.46858241571175296, -0.11041744956541481, 0.6737443172735411, 0.4313893380921266, -0.6905227104299597, -0.20050296122154992, -0.07716905280059937, -0.4472667832992916, -0.14457607879574555, 0.4888426830210136, 0.5177651258462722, -0.04523953142092883], [-0.675863660922227, -0.524361033778688, -0.5645554532735758, -0.502861174631319, -0.40741514585620103, -0.4553955172956231, 0.06214477770553779, 0.1563636886909967, 0.5749468257310414, 0.45947784094217564, 0.0674892416757469, -0.05979219796301585, 0.5108125663697592, -0.02143163278377576, -0.07779922818991178]], "inverted": true, "swapped": false, "error_lsq": 0.04208705923127027, "error_max": 0.26404977318477335, "target": "751.xyz", "model": "25.xyz", "model_rescale": 4.100010024507729, "target_rescale": 4.090693833861146},
{"mapping": [1, 3, 2, 4, 11, 6, 0, 13, 10, 12, 7, 14], "R": [[-0.7849626579720399, -0.6191914362247608, -0.02087081443998523], [0.5348348509699112, -0.660249204838339, -0.5272785503871119], [0.31270642426637696, -0.4250564113341417, 0.8494361302689436]], "T": [0.03605268770344174, 0.16973777368720716, -0.1564634711827729], "aligned_model": [[-0.5918695971459915, 0.04077281700581306, 0.41451838889363896, 0.6125762419791219, -0.5355661362842329, 0.07247038607379824, -0.3964782341590254, 0.6422095869572739, -0.013625906918611805, 0.23382837980500057, -0.5772297778724403, -0.02484054597133798], [-0.283305364938366, -0.6656366398057132, -0.1474687760129833, -0.33565984801522336, 0.6162793905808985, 0.7689554463048864, 0.09099864984621275, 0.24408124723131291, -0.31829831563859684, 0.5898155317942357, -0.013569763223318099, 0.11993983192729371], [0.10739664482135672, 0.08801175087015614, 0.3343491394153889, -0.2661224692523716, 0.06617137241656448, 0.11633929166025384, 0.5574479616406075, 0.011561796680884334, -0.5276681166271645, -0.43236293720537555, -0.4201033872861274, -0.06982875727981608]], "inverted": true, "swapped": true, "error_lsq": 0.05478648208161716, "error_max": 0.3055510671164339, "target": "751.xyz", "model": "26.xyz", "model_rescale": 3.6694154284099745, "target_rescale": 4.090693833861146},
