[{"mapping": [4, 3, 1, 2, 6, 8, 7, 9, 0, 5, 10, 11], "R": [[-0.04906303885159152, 0.743918606399333, 0.6664667473111627], [0.4642980410554873, -0.5738041072323369, 0.6746674555626184], [0.8843190302660484, 0.3425404407893684, -0.31724737844959544]], "T": [-0.016614987753223363, 0.03368462743160584, -0.045971633692915244], "aligned_model": [[0.12720403316293152, -0.4986215767399521, 0.5165552774145438, 0.6346764354205738, -0.1825819751766499, -0.09646662163409664, -0.054650375178514586, -0.5921757116365834, 0.5193576578151462, 0.3686706967714661, -0.4047531235952034, 0.03825290694174854], [0.7858948757080895, 0.5064852834909681, -0.4313610844814445, 0.034710156169397335, -0.6630458420480683, -0.15027112804601628, -0.6237395254994142, -0.12812231230780557, 0.2881234227024646, -0.0010894969462363138, 0.14702069277755497, 0.049161845591348945], [-0.3025730724146917, -0.18073699493288822, -0.009331304939316179, -0.51985840917571, -0.15631699806850438, -0.6483730673602184, 0.6344327330716953, -0.15508071582173694, 0.1294866709411435, 0.688216376359009, 0.5001648600171059, -0.006194432460556856]], "inverted": true, "swapped": false, "error_lsq": 0.04109251507381246, "error_max": 0.30643677504583894, "target": "752.xyz", "model": "0.xyz", "model_rescale": 3.751011558992144, "target_rescale": 3.739431023818642},
{"mapping": [9, 11, 8, 5, 4, 10, 1, 6, 13, 0, 7, 14], "R": [[-0.8206919647382573, 0.4846840824780708, -0.30256576013562686], [0.41270104748272857, 0.8690715883425043, 0.2727497382995911], [0.3951487623929977, 0.0989743124665557, -0.9132696978719128]], "T": [0.10801981722096163, 0.022660844164498206, 0.054332584887410974], "aligned_model": [[0.16239194338299373, -0.5336294677375202, 0.5284482295465326, 0.600487690880122, -0.045450949353300296, -0.1626284624385794, -0.14764359956679388, -0.6253346723012295, 0.5611144821600009, 0.26635092034826024, -0.31905526731247325, 0.09041677595739687], [0.4761160114999433, 0.4291964494437661, -0.47717034836408034, 0.12388484385784762, -0.6693356711878597, -0.08165429982004987, -0.4947342761498874, -0.12388223747983207, 0.5899077722024931, -0.1494921869126772, 0.11715737784422627, 0.07377345217694883], [-0.42065341958819186, -0.19009733488339825, -0.06325559999836561, -0.3162279935546655, -0.29661116624246747, -0.7126886713901934, 0.4450038741154639, 0.12098138975269121, 0.0333958818084598, 0.7759967132552543, 0.5526841687020103, 0.04530780323873419]], "inverted": false, "swapped": false, "error_lsq": 0.04448335518439076, "error_max": 0.2375277798796017, "target": "752.xyz", "model": "1.xyz", "model_rescale": 3.9405287249114394, "target_rescale": 3.739431023818642},
{"mapping": [9, 8, 6, 11, 7, 3, 1, 4, 5, 0, 2, 12], "R": [[0.5552207235869189, -0.36382590808464266, -0.7479041761522687], [0.752969552392241, 0.6017954165210756, 0.26623134643473856], [0.3532234438281906, -0.7109662335586766, 0.6080791177713167]], "T": [0.020151300114986954, -0.041492188381295356, -0.04259224526589309], "aligned_model": [[0.06736950454479837, -0.4658118249578805, 0.43436792167880095, 0.6448570247299871, -0.11228160077533525, -0.11764433683115644, -0.2901771237889332, -0.664876565542898, 0.4136603922990592, 0.5753620188840435, -0.08169382348047016, -0.027663963194605776], [0.6996577446866145, 0.4348418747970513, -0.38613800971147055, 0.23085323761538074, -0.7940036213997078, -0.2594228656802613, -0.4216145348386659, -0.17665973499501064, 0.44442639277093987, -0.24492384702322084, 0.2893110653542511, -0.002560814465061692], [-0.35699377988987774, -0.4135847942950913, -0.11329968228161899, -0.25040229220568705, -0.254954961142505, -0.5528061816685672, 0.5790423768388588, -0.1071079758859694, 0.3276914395437605, 0.5517869319451041, 0.5442351617622829, 0.020229402494641467]], "inverted": true, "swapped": false, "error_lsq": 0.0598311621761027, "error_max": 0.32969284295500473, "target": "752.xyz", "model": "2.xyz", "model_rescale": 3.932901565614263, "target_rescale": 3.739431023818642},
{"mapping": [11, 3, 6, 10, 2, 1, 4, 0, 9, 5, 7, 13], "R": [[0.5873209240282254, -0.47532598271472415, 0.6550720131061266], [-0.17349247019493175, 0.7166237424152214, 0.6755373968867033], [-0.7905406346193043, -0.510407309864469, 0.3384226396868618]], "T": [0.00025088847371397896, 0.11642411589879714, -0.01880944276592087], "aligned_model": [[0.23368376501555418, -0.41941012383545584, 0.4507270029549759, 0.5637434903093658, -0.11922418374863612, -0.13971172905957452, -0.27073960646294604, -0.5692697881897182, 0.3637219267361748, 0.41455026515541155, -0.24375842650674479, 0.11115503119700311], [0.7563563289146145, 0.37238588216912416, -0.39714356385532595, 0.0747781075198991, -0.6992084790215438, -0.22630933528407382, -0.5568520460652004, -0.22521634314510314, 0.5006620477358235, -0.12329502697740274, 0.2481068951724844, 0.08950241994754246], [-0.5964811083870667, -0.15684453626259734, -0.022240080547720156, -0.4591356150107977, -0.13992521547647727, -0.6604579976974055, 0.46749269163489415, -0.10756937032394834, 0.49113462815838993, 0.5175583831469722, 0.6391127769475243, 0.001191089033563516]], "inverted": false, "swapped": false, "error_lsq": 0.04452799983699828, "error_max": 0.30699834638548135, "target": "752.xyz", "model": "3.xyz", "model_rescale": 3.9243930471874484, "target_rescale": 3.739431023818642},
{"mapping": [6, 3, 9, 11, 8, 10, 7, 4, 5, 1, 2, 12], "R": [[0.9844633275004787, -0.17557850354805526, -0.002036147958991497], [0.17514478376600684, 0.9827249551757417, -0.05979939125438666], [0.012500461041260971, 0.05851368700280335, 0.9982083384279526]], "T": [0.058441861458223845, -0.03177146373356245, -0.05302785516922513], "aligned_model": [[0.1681542871783046, -0.413374876622238, 0.6002674474062341, 0.6443449241861019, -0.03316805763655872, -0.18123469049133584, -0.2763993743788038, -0.5001992726723187, 0.47902218891264897, 0.35808149331386907, -0.5764639102324254, 0.10643746460193157], [0.6092855825854325, 0.44644159308724385, -0.47915580758953735, 0.03971032033266632, -0.6441240449668215, -0.13748869081147574, -0.43536656262008067, -0.21910939931916162, 0.528012917139478, -0.10869270217615283, 0.1641119318815813, 0.050141749567666524], [-0.36691567230154437, -0.09370473211285346, -0.1159538042008357, -0.5800402241135596, -0.16690633380605746, -0.7076321156682226, 0.5535289037990433, 0.019026642177876363, 0.23572244329607245, 0.5907574460612055, 0.5870806096316712, 0.018872482452535727]], "inverted": true, "swapped": false, "error_lsq": 0.03967157890373323, "error_max": 0.23714884762088348, "target": "752.xyz", "model": "4.xyz", "model_rescale": 3.8936222436046832, "target_rescale": 3.739431023818642},
{"mapping": [5, 4, 9, 6, 8, 7, 3, 10, 1, 0, 2, 11], "R": [[-0.02543620380509165, -0.9344187014881407, 0.3552670683376139], [-0.9977704882885758, 0.0017957900411735839, -0.06671452494401064], [0.06170131470530296, -0.35617196050130756, -0.9323810821312776]], "T": [0.01471859249425763, -0.09844347264899837, -0.03658790782429314], "aligned_model": [[0.13401462278615356, -0.4451067118493169, 0.5367932501143249, 0.574132302129514, -0.06600463386877528, -0.14794775233271595, -0.10910820978733216, -0.6109764290290578, 0.49466370713061913, 0.3422073342399375, -0.35271100411170114, 0.02551114814375989], [0.5870431800444377, 0.5484141890575779, -0.4176470660829025, 0.09575707236155738, -0.819315338021616, -0.14082366833484142, -0.456225166491401, -0.17871887574438333, 0.45493912575951095, -0.13965943813390153, 0.21380517769607527, 0.06619769500072507], [-0.4525775269046337, -0.06416423614570574, 0.050492868648071704, -0.5694585092815695, -0.17691018250144053, -0.662280409507282, 0.3957790831789124, -0.0756903269806033, 0.2898001340467051, 0.7842474454567406, 0.5331969084175797, -0.07859960321144374]], "inverted": false, "swapped": false, "error_lsq": 0.0386474745113593, "error_max": 0.20288811839560672, "target": "752.xyz", "model": "5.xyz", "model_rescale": 3.6523030999806103, "target_rescale": 3.739431023818642},
{"mapping": [0, 3, 8, 5, 9, 7, 10, 4, 1, 6, 2, 12], "R": [[-0.9285133120689936, -0.29135074444358955, 0.23016900969251763], [0.3014954015372019, -0.22980311571294315, 0.9253599574546897], [-0.216710756914809, 0.9286039369509426, 0.30121616177858174]], "T": [0.021772389006344744, -0.10286476495935241, 0.0072877984857798745], "aligned_model": [[0.15893591886111663, -0.32437964380789797, 0.620069001446324, 0.5161270722757715, 0.02090574603667018, -0.1690595195267793, -0.2924957556640926, -0.5204464819708642, 0.3023085926430076, 0.3102560050862997, -0.270872090815331, 0.024118779001185156], [0.7706865455316476, 0.41711805510034256, -0.4121119212754915, 0.0840003120686292, -0.7964499204498411, -0.10112844087568588, -0.6282044761113245, -0.039918877698509936, 0.481876364261099, -0.24188827593835044, 0.32293310973086314, -0.04314558723253945], [-0.44576628715514255, -0.2967472981220196, -0.0032223166286034135, -0.42236138410817736, -0.19667728723684924, -0.6487596293435394, 0.4909475578199184, 0.18383273089694752, 0.25578752935195753, 0.5730387407922113, 0.563405603045492, -0.07964231409686445]], "inverted": false, "swapped": false, "error_lsq": 0.04947345425549149, "error_max": 0.2385292074899754, "target": "752.xyz", "model": "6.xyz", "model_rescale": 4.08911054899281, "target_rescale": 3.739431023818642},
{"mapping": [3, 9, 5, 4, 10, 8, 12, 11, 6, 7, 13, 14], "R": [[0.08191020580874367, -0.5198528779440881, 0.8503197654280525], [-0.16865337895272775, 0.8336520415036257, 0.5259090334503344], [-0.9822661329559301, -0.18648661879632622, -0.019390334131129155]], "T": [-0.00017538581307794537, 0.07471951872571973, 0.07010791930160616], "aligned_model": [[0.2936311429919727, -0.5019029769196726, 0.5278862023586633, 0.5331160000076511, -0.15284051492510958, -0.06295030993643921, -0.16287792765562695, -0.5376250405073594, 0.3611553602880724, 0.5121534710664993, -0.29616957646160963, -0.13810820674163213], [0.6062493804005955, 0.4581174594150341, -0.47431283366157734, -0.02739190262174636, -0.5520315879168093, -0.014947233779238997, -0.5389192249100783, -0.16029878685758647, 0.4134699932344177, 0.015969458365505437, -0.04972049640878354, 0.13758266185110613], [-0.4374402715583235, -0.39447011645272995, 0.08479344663082221, -0.37936181843616557, -0.25106385277301924, -0.6030697360624919, 0.3941099149717719, 0.04900513117050769, 0.13200440058764895, 0.6474782834125359, 0.7279807368638374, 0.0038695268609369726]], "inverted": true, "swapped": false, "error_lsq": 0.04423976248688825, "error_max": 0.2187645396770738, "target": "752.xyz", "model": "7.xyz", "model_rescale": 3.964800864290218, "target_rescale": 3.739431023818642},
{"mapping": [2, 7, 3, 0, 5, 1, 10, 8, 4, 11, 9, 13], "R": [[0.5915712780007287, -0.5825445167023111, 0.5573915222755503], [-0.7937333701308351, -0.5421504876671145, 0.275790111974771], [0.1415300681315857, -0.6055697604590085, -0.7831056793513173]], "T": [0.10578593565856986, 0.038734893329674294, 0.00019829655025639832], "aligned_model": [[0.3038437723190901, -0.3958817724660971, 0.5805496632665174, 0.5708849137210535, -0.2239203791100507, -0.19643783104650686, -0.06602235980419296, -0.6315090871315262, 0.4750531844145753, 0.2669435484794043, -0.34883030922512587, 0.040794280148268636], [0.5669960874992415, 0.4576066276591043, -0.4814207005986696, -0.007967005665615964, -0.721968122884482, 0.04864925766555771, -0.6019583174103289, -0.1782579701120185, 0.5710387679311832, 0.1797481440794662, -0.018365714590801732, -0.00033416646179790926], [-0.3466762222976829, -0.28216520280210716, -0.1730075253936533, -0.5426287898761768, -0.10794693031048462, -0.6865930774424617, 0.485098422688699, 0.019374531624102034, 0.2747664649424312, 0.8009959060849917, 0.5139300526755458, 0.018688015322127695]], "inverted": true, "swapped": false, "error_lsq": 0.04993557231615376, "error_max": 0.35338533505622105, "target": "752.xyz", "model": "8.xyz", "model_rescale": 4.121658175737393, "target_rescale": 3.739431023818642},
{"mapping": [11, 10, 6, 8, 1, 2, 4, 0, 7, 9, 5, 12], "R": [[0.7307521536680077, -0.5936681289659039, 0.33698581952315326], [0.22600249522975788, 0.6762072657234353, 0.7011894222909802], [-0.6441460719894918, -0.4362360443990824, 0.6283103942380311]], "T": [0.03585418217752869, 0.061701955243372124, -0.060024382719467646], "aligned_model": [[0.15466693953715066, -0.5218260204949642, 0.5749177198981836, 0.6354124656104024, -0.12321682455735752, -0.05142723301201802, -0.2342801996966978, -0.6830302976597421, 0.4535624313270424, 0.44811082025386534, -0.2936616444769901, 0.01623946683653477], [0.6180739053502743, 0.5768940814834171, -0.3698182172533792, 0.06892799600212396, -0.6013532927902095, -0.2476583324320511, -0.562157164744818, -0.25681622278391775, 0.5079084925331675, -0.14567812349888293, 0.24910920276944543, -0.023665437524331236], [-0.3417438466837992, -0.06714443909520298, -0.0018617390171833462, -0.47358331059949543, -0.15995370066473286, -0.6756741352823799, 0.5109004213096751, -0.03603442570512056, 0.22568605633641153, 0.6329603099958906, 0.42784419572627186, -0.06755974110500344]], "inverted": false, "swapped": false, "error_lsq": 0.03521875819198548, "error_max": 0.22886066094151794, "target": "752.xyz", "model": "9.xyz", "model_rescale": 3.833441315466971, "target_rescale": 3.739431023818642},
{"mapping": [4, 6, 8, 3, 11, 7, 10, 12, 5, 13, 0, 14], "R": [[-0.6928764581869004, 0.2637922610896183, 0.671070679347268], [-0.7148481843964931, -0.37316384370267736, -0.5913888898331464], [0.09441550166902851, -0.889473096131789, 0.4471278612458804]], "T": [-0.001009827828773617, 0.0025499527642905296, -0.0007801544431690118], "aligned_model": [[0.1266104926051031, -0.4090540022977013, 0.33962337615064747, 0.5931253558242954, -0.251573683643481, 0.0831986330640336, -0.1735793068942098, -0.6002693308732154, 0.28307397270024764, 0.45751254758949955, -0.15108094149604856, 0.07788051083623884], [0.6931008508175369, 0.44744900667039456, -0.6940291996019374, 0.2232317221800619, -0.5753789507900776, -0.28125736919601746, -0.6417031832190374, -0.05991339786751658, 0.5300313333844713, 0.08955556294786708, 0.0942696501013506, -0.01158913831625752], [-0.3786228348016064, -0.31189806064649334, 0.0786293362503345, -0.5946023415839752, -0.2626064664121596, -0.597669018384857, 0.47975269062634524, -0.003316914098611545, 0.31305895854790794, 0.6456514323871952, 0.6571629431471381, -0.05170407981588684]], "inverted": false, "swapped": false, "error_lsq": 0.049920953297182345, "error_max": 0.28752457986375485, "target": "752.xyz", "model": "10.xyz", "model_rescale": 4.2482417240324, "target_rescale": 3.739431023818642},
{"mapping": [3, 2, 10, 8, 0, 1, 4, 6, 7, 9, 5, 11], "R": [[-0.11773784683310282, 0.04051785830069718, 0.9922177697369813], [-0.9929780904146416, -0.016377162949834434, -0.11715929536407338], [0.011502668368532754, -0.9990445894415518, 0.04216155746606559]], "T": [-0.0012047285795393492, -0.0019859694526258905, -0.05928408421146234], "aligned_model": [[0.2836643241589155, -0.4895880302090653, 0.46419220252238785, 0.5319455406903995, -0.05352568499494406, -0.0882558273183345, -0.24539599674848034, -0.6144127991133745, 0.2919117651311063, 0.550488709327912, -0.28259634646749066, 0.027039766586377953], [0.6571042771921835, 0.4970860580495063, -0.4401405975617746, 0.04771456967060998, -0.6964744592125339, -0.10519631908291702, -0.5161812189960173, -0.16802573783709074, 0.5140167143886132, -0.09219320830119881, 0.1588610164556314, -0.04280420765417347], [-0.4368040121905361, -0.3045719731074119, 0.020894347563758874, -0.3595147884091934, -0.357256786056164, -0.7527653627588815, 0.6054064077690527, 0.0706728151435948, 0.2668756896398926, 0.5463626005545645, 0.6183095807737999, 0.05622712629285446]], "inverted": true, "swapped": false, "error_lsq": 0.033156576833055715, "error_max": 0.16896816359379152, "target": "752.xyz", "model": "11.xyz", "model_rescale": 3.6694154284099745, "target_rescale": 3.739431023818642},
{"mapping": [9, 11, 12, 10, 5, 7, 0, 6, 8, 1, 4, 13], "R": [[-0.5264617636056436, 0.8445370005263844, -0.09795542967663246], [0.7129069985527998, 0.5012853917505248, 0.4903841019363916], [0.4632511444947266, 0.1883353677868845, -0.8659839296227761]], "T": [0.06430602380186612, -0.011825375073111292, 0.01646853342485384], "aligned_model": [[0.10778622479253398, -0.4124427768846556, 0.5327075671442147, 0.55182312976503, -0.19379890608416556, 0.00038628517991588784, -0.19820825954056476, -0.48208347007823404, 0.3031676993482838, 0.42922778123683614, -0.3025736551532474, 0.039476003839462745], [0.5673457550928919, 0.5466051307542185, -0.502775569291405, 0.044402612184128554, -0.6972055673467689, -0.1248612965410009, -0.5179639369047994, -0.13842719142302687, 0.7009186902248237, -0.16835526264652195, 0.1789248429475886, -0.07484131993928991], [-0.5379289241758594, -0.06030776573361145, -0.020088288893484393, -0.3868852469599882, -0.3124792279053196, -0.7151751407376109, 0.44733727410305474, -0.05623177281948216, 0.1032950768826046, 0.7640004721059984, 0.6302211751667373, 0.11807801418229244]], "inverted": false, "swapped": false, "error_lsq": 0.040934204302908804, "error_max": 0.2195471996644517, "target": "752.xyz", "model": "12.xyz", "model_rescale": 3.9764082729961374, "target_rescale": 3.739431023818642},
{"mapping": [0, 2, 14, 4, 3, 7, 11, 8, 9, 13, 10, 15], "R": [[-0.9313004957792917, -0.3570302620333233, 0.07217186815970861], [-0.1947844455791215, 0.6555692280800312, 0.7295807062655828], [-0.30779604663101195, 0.6654009161302448, -0.6800758887737098]], "T": [0.1830234339956846, 0.09565943604756166, 0.09174369423177009], "aligned_model": [[0.1587928786919894, -0.45658704689076496, 0.3862443925794269, 0.5775711839719286, -0.15112651630904217, -0.04122706049166175, -0.16645909958438038, -0.48044674484136946, 0.275652257606259, 0.4432662304472011, -0.3748620097298984, 0.20464915811572224], [0.5761093829652917, 0.4213367212135169, -0.6676521087163766, 0.07726286087163031, -0.5930783395739199, 0.05279787299955979, -0.5209615652568899, -0.14693245138010982, 0.6896091390370742, -0.15659214765325946, 0.05611375050458406, 0.025753772099737116], [-0.4520289257103215, -0.25623942687219564, 0.21366484579073686, -0.5081374279830465, -0.2581527682495388, -0.6286092061290552, 0.4497732994631881, 0.06705899053177655, 0.07979472470243199, 0.5848191160512126, 0.6691056858733319, 0.012786737746810786]], "inverted": true, "swapped": false, "error_lsq": 0.04441468712115191, "error_max": 0.2984707249404128, "target": "752.xyz", "model": "13.xyz", "model_rescale": 4.170626492500431, "target_rescale": 3.739431023818642},
{"mapping": [9, 11, 0, 1, 2, 3, 4, 6, 10, 8, 12, 13], "R": [[-0.694342905582661, 0.7182110044759216, 0.04539694391383292], [0.05227436732836488, 0.11325186987671215, -0.9921902058022178], [-0.7177432131253121, -0.6865471338656335, -0.11617965826011406]], "T": [0.062074438054678896, -0.06363704083499158, 0.01754784938269474], "aligned_model": [[0.2559266508970932, -0.37538811381293113, 0.521676960102313, 0.6118985880358396, -0.05054989823187829, -0.1492967621503155, -0.11345875629164272, -0.7433478692747999, 0.25073570762311775, 0.38795669354617446, -0.19227466794531256, -0.028410908932248097], [0.62810199498542, 0.4471140971889662, -0.4268818044836751, 0.05014261243352891, -0.6869572073550421, -0.08233515364297804, -0.4962579547023902, -0.18070394479757984, 0.4160887797513604, -0.06867985911598422, 0.23235036678953466, -0.018215039940322163], [-0.3569182563761911, -0.2002122063021255, -0.09504508972606349, -0.5073922086191076, -0.16055295387706967, -0.638536139700413, 0.5514863974948664, -0.1947715182754629, 0.2468911889467757, 0.6848795647570534, 0.6367441898038009, 0.007262677089267932]], "inverted": true, "swapped": false, "error_lsq": 0.04110493389835564, "error_max": 0.2582741191088821, "target": "752.xyz", "model": "14.xyz", "model_rescale": 3.9786697098870705, "target_rescale": 3.739431023818642},
{"mapping": [10, 7, 0, 1, 9, 6, 3, 9, 4, 2, 8, 11], "R": [[-0.38090488039740505, 0.1288241176717449, -0.9155958818144252], [-0.12911498106358227, 0.9731331192453163, 0.19063382148200247], [0.9155549102890495, 0.19083049791366585, -0.3540380308831709]], "T": [0.03217713629330919, 0.08500241260815045, 0.0024838658856374107], "aligned_model": [[0.3003766747565647, -0.41932348249519236, 0.5093089686594386, 0.43943464496913764, -0.28782912502882807, -0.252046015852808, -0.15923600399161364, -0.28782912502882807, 0.4920854606434216, 0.32711162260399584, -0.2832901391873056, -0.003295856482573113], [0.7603411592892879, 0.5046109114201289, -0.41012733317579925, 0.08256196893513473, -0.44266162090355654, -0.11819124214935989, -0.6413802689582491, -0.44266162090355654, 0.42391656571210445, -0.027709823362380065, 0.09607412645003498, 0.02899406475704909], [-0.40286483991732197, -0.2361621153272348, 0.10735204724492459, -0.5404778798701555, -0.07863905628811449, -0.7083503125655164, 0.5324635277117573, -0.07863905628811449, 0.22279333029978576, 0.8112836043340421, 0.4179185072859856, -0.07284211140470671]], "inverted": false, "swapped": false, "error_lsq": 0.055744049467929525, "error_max": 0.39992169267433636, "target": "752.xyz", "model": "15.xyz", "model_rescale": 3.769337070930944, "target_rescale": 3.739431023818642},
{"mapping": [2, 9, 5, 3, 4, 6, 7, 10, 1, 0, 11], "R": [[0.919927581963496, 0.2987270498202028, -0.2539594330764534], [0.26757072610950905, -0.004851156624004545, 0.9635260104473774], [0.2865992855399776, -0.954326262860416, -0.08439332641178976]], "T": [-0.023083641183795404, 0.035316338682394866, 0.04263103636274346], "aligned_model": [[-0.32757449670863525, -0.23341245036741287, -0.08066958421117862, -0.7075098949866734, 0.26062838939825156, 0.4647824334954316, 0.5726356592686191, 0.41753737809425107, 0.2082901151146085, -0.5517327865013698, -0.1003486319047214], [-0.13060177932102826, -0.7414236035007431, 0.7118390226926596, 0.3675548049158918, 0.3047234380219331, -0.44074744534641463, 0.18260184164464374, -0.44334197544904425, 0.3539234195786794, 0.36186348589795686, 0.06967328849080767], [-0.5245587630972819, -0.1225665232633128, -0.1301419234073209, -0.10856009754474713, -0.576549259015031, -0.38844379643801097, 0.030867808965440537, 0.2890886091949329, 0.6236902692317439, 0.5821106968243005, 0.06928058577306387]], "inverted": true, "swapped": true, "error_lsq": 0.053700977831890956, "error_max": 0.26888057749027033, "target": "752.xyz", "model": "16.xyz", "model_rescale": 3.7852294659196426, "target_rescale": 3.739431023818642},
{"mapping": [9, 8, 5, 10, 7, 11, 1, 2, 0, 4, 3, 12], "R": [[-0.6258142920744973, 0.6408941206259164, -0.44453481076562434], [0.5709015540540072, -0.011943227119711686, -0.8209316505682351], [-0.531439448492503, -0.7675363740391075, -0.3584132072244047]], "T": [0.019269910797003915, -0.04339463659449643, 0.003508667652217348], "aligned_model": [[0.2052862876389424, -0.3397538081320982, 0.3872614947158137, 0.7023294415961817, -0.10645085334295806, -0.2534980700056445, -0.15036271142941432, -0.54765229890741, 0.24562070444784606, 0.5786493983655828, -0.40302891820822906, 0.0570669568267972], [0.6672791661934173, 0.4549497192329867, -0.5520661670440782, 0.07402528119996094, -0.6606214430243122, -0.06575594655508393, -0.48092899629557, -0.2728058728465572, 0.5100198694176775, -0.06997491358357893, 0.21386759236419906, -0.004221401948222452], [-0.4521254389392505, -0.21319570127853946, 0.19855860698927197, -0.40746251816096113, -0.30414757568592177, -0.6769541710825413, 0.5075350675606255, -0.004022192553282797, 0.33251453156296434, 0.43729981884400015, 0.6263852330602996, -0.07055001510133325]], "inverted": false, "swapped": false, "error_lsq": 0.04511209161460095, "error_max": 0.2777228519856228, "target": "752.xyz", "model": "17.xyz", "model_rescale": 3.901054581598922, "target_rescale": 3.739431023818642},
{"mapping": [9, 11, 8, 5, 4, 10, 1, 6, 13, 0, 7, 14], "R": [[-0.8206919647382573, 0.4846840824780708, -0.30256576013562686], [0.41270104748272857, 0.8690715883425043, 0.2727497382995911], [0.3951487623929977, 0.0989743124665557, -0.9132696978719128]], "T": [0.10801981722096163, 0.022660844164498206, 0.054332584887410974], "aligned_model": [[0.16239194338299373, -0.5336294677375202, 0.5284482295465326, 0.600487690880122, -0.045450949353300296, -0.1626284624385794, -0.14764359956679388, -0.6253346723012295, 0.5611144821600009, 0.26635092034826024, -0.31905526731247325, 0.09041677595739687], [0.4761160114999433, 0.4291964494437661, -0.47717034836408034, 0.12388484385784762, -0.6693356711878597, -0.08165429982004987, -0.4947342761498874, -0.12388223747983207, 0.5899077722024931, -0.1494921869126772, 0.11715737784422627, 0.07377345217694883], [-0.42065341958819186, -0.19009733488339825, -0.06325559999836561, -0.3162279935546655, -0.29661116624246747, -0.7126886713901934, 0.4450038741154639, 0.12098138975269121, 0.0333958818084598, 0.7759967132552543, 0.5526841687020103, 0.04530780323873419]], "inverted": false, "swapped": false, "error_lsq": 0.04448335518439076, "error_max": 0.2375277798796017, "target": "752.xyz", "model": "18.xyz", "model_rescale": 3.9405287249114394, "target_rescale": 3.739431023818642},
{"mapping": [13, 12, 5, 11, 2, 10, 6, 1, 7, 8, 0, 15], "R": [[-0.2658384422482977, -0.95001458693708, 0.16371379669950825], [0.7016170888303963, -0.30713110452112347, -0.6429649642840537], [0.6611076941649963, -0.05606040708382487, 0.7481937232251001]], "T": [-0.0341779518953601, 0.1699888180846515, -0.05178464284352308], "aligned_model": [[0.2900869339399933, -0.4498484952483087, 0.49382301840042686, 0.46239217831494517, -0.04003069069993432, -0.07027684142965313, -0.09373193559586532, -0.5797550506271439, 0.4371043681038905, 0.2649641072302957, -0.3061861265048623, -0.03307384231837402], [0.6470326620922285, 0.5106959132329134, -0.45516071714689843, 0.04688440424717899, -0.6858541906443864, -0.2739730136828138, -0.4462686495481244, -0.16886695733836016, 0.5192597375088048, -0.11067082409379797, 0.0965841425742332, 0.1341043799098604], [-0.39618455585255197, -0.1579719156858486, 0.09540800889341722, -0.5592061746851162, -0.20286003088260735, -0.6994719123298037, 0.36650175689289927, 0.10001066927551913, 0.33748178088458786, 0.5838381613810297, 0.5753497642135033, -0.0690599068896974]], "inverted": true, "swapped": false, "error_lsq": 0.038206146934665675, "error_max": 0.23653801701461652, "target": "752.xyz", "model": "19.xyz", "model_rescale": 4.410303926677745, "target_rescale": 3.739431023818642},
{"mapping": [2, 7, 3, 0, 5, 1, 10, 8, 4, 11, 9, 13], "R": [[0.5915712780007287, -0.5825445167023111, 0.5573915222755503], [-0.7937333701308351, -0.5421504876671145, 0.275790111974771], [0.1415300681315857, -0.6055697604590085, -0.7831056793513173]], "T": [0.10578593565856986, 0.038734893329674294, 0.00019829655025639832], "aligned_model": [[0.3038437723190901, -0.3958817724660971, 0.5805496632665174, 0.5708849137210535, -0.2239203791100507, -0.19643783104650686, -0.06602235980419296, -0.6315090871315262, 0.4750531844145753, 0.2669435484794043, -0.34883030922512587, 0.040794280148268636], [0.5669960874992415, 0.4576066276591043, -0.4814207005986696, -0.007967005665615964, -0.721968122884482, 0.04864925766555771, -0.6019583174103289, -0.1782579701120185, 0.5710387679311832, 0.1797481440794662, -0.018365714590801732, -0.00033416646179790926], [-0.3466762222976829, -0.28216520280210716, -0.1730075253936533, -0.5426287898761768, -0.10794693031048462, -0.6865930774424617, 0.485098422688699, 0.019374531624102034, 0.2747664649424312, 0.8009959060849917, 0.5139300526755458, 0.018688015322127695]], "inverted": true, "swapped": false, "error_lsq": 0.04993557231615376, "error_max": 0.35338533505622105, "target": "752.xyz", "model": "20.xyz", "model_rescale": 4.121658175737393, "target_rescale": 3.739431023818642},
{"mapping": [0, 3, 8, 5, 9, 7, 10, 4, 1, 6, 2, 12], "R": [[-0.9285133120689936, -0.29135074444358955, 0.23016900969251763], [0.3014954015372019, -0.22980311571294315, 0.9253599574546897], [-0.216710756914809, 0.9286039369509426, 0.30121616177858174]], "T": [0.021772389006344744, -0.10286476495935241, 0.0072877984857798745], "aligned_model": [[0.15893591886111663, -0.32437964380789797, 0.620069001446324, 0.5161270722757715, 0.02090574603667018, -0.1690595195267793, -0.2924957556640926, -0.5204464819708642, 0.3023085926430076, 0.3102560050862997, -0.270872090815331, 0.024118779001185156], [0.7706865455316476, 0.41711805510034256, -0.4121119212754915, 0.0840003120686292, -0.7964499204498411, -0.10112844087568588, -0.6282044761113245, -0.039918877698509936, 0.481876364261099, -0.24188827593835044, 0.32293310973086314, -0.04314558723253945], [-0.44576628715514255, -0.2967472981220196, -0.0032223166286034135, -0.42236138410817736, -0.19667728723684924, -0.6487596293435394, 0.4909475578199184, 0.18383273089694752, 0.25578752935195753, 0.5730387407922113, 0.563405603045492, -0.07964231409686445]], "inverted": false, "swapped": false, "error_lsq": 0.04947345425549149, "error_max": 0.2385292074899754, "target": "752.xyz", "model": "21.xyz", "model_rescale": 4.08911054899281, "target_rescale": 3.739431023818642},
{"mapping": [1, 15, 7, 0, 13, 4, 12, 14, 8, 10, 9, 16], "R": [[-0.3469428837721571, -0.03204348621704617, -0.9373387063334777], [-0.9213046647475351, 0.19874290716956855, 0.3342139607560104], [0.17558003905424815, 0.9795276779350577, -0.09847425066921023]], "T": [0.018184725065629445, 0.08818296561134897, -0.0012050520812783797], "aligned_model": [[0.1809397178411718, -0.5611832764171952, 0.4624836970832627, 0.5817772397211187, -0.009063577493991712, -0.0059077962343613115, -0.2131629346781207, -0.5799401287382822, 0.4406048023319408, 0.3390074408275878, -0.29722824838058753, 0.0371406877028661], [0.7013699863105102, 0.5121705784861506, -0.456232315580673, -0.061191243123771666, -0.5443157903446612, -0.1981961643667141, -0.525488033476878, -0.12727338006236572, 0.6277898711004026, -0.20557193065876123, 0.033666288508951106, 0.05703902031864863], [-0.4781860488083584, -0.1279892817027042, 0.10836963969615507, -0.5112346800131594, -0.1907645935186769, -0.6365779584899293, 0.3376985791226852, 0.08624669643206923, 0.10437754085394083, 0.6784391601234568, 0.6352619145886717, -0.03180532306881968]], "inverted": false, "swapped": false, "error_lsq": 0.03732509006021941, "error_max": 0.2118171336944857, "target": "752.xyz", "model": "22.xyz", "model_rescale": 4.204369325754507, "target_rescale": 3.739431023818642},
{"mapping": [13, 12, 5, 11, 2, 10, 6, 1, 7, 8, 0, 15], "R": [[-0.2658384422482977, -0.95001458693708, 0.16371379669950825], [0.7016170888303963, -0.30713110452112347, -0.6429649642840537], [0.6611076941649963, -0.05606040708382487, 0.7481937232251001]], "T": [-0.0341779518953601, 0.1699888180846515, -0.05178464284352308], "aligned_model": [[0.2900869339399933, -0.4498484952483087, 0.49382301840042686, 0.46239217831494517, -0.04003069069993432, -0.07027684142965313, -0.09373193559586532, -0.5797550506271439, 0.4371043681038905, 0.2649641072302957, -0.3061861265048623, -0.03307384231837402], [0.6470326620922285, 0.5106959132329134, -0.45516071714689843, 0.04688440424717899, -0.6858541906443864, -0.2739730136828138, -0.4462686495481244, -0.16886695733836016, 0.5192597375088048, -0.11067082409379797, 0.0965841425742332, 0.1341043799098604], [-0.39618455585255197, -0.1579719156858486, 0.09540800889341722, -0.5592061746851162, -0.20286003088260735, -0.6994719123298037, 0.36650175689289927, 0.10001066927551913, 0.33748178088458786, 0.5838381613810297, 0.5753497642135033, -0.0690599068896974]], "inverted": true, "swapped": false, "error_lsq": 0.038206146934665675, "error_max": 0.23653801701461652, "target": "752.xyz", "model": "23.xyz", "model_rescale": 4.410303926677745, "target_rescale": 3.739431023818642},
{"mapping": [15, 5, 11, 14, 7, 13, 1, 0, 8, 10, 3, 16], "R": [[0.6982363438516581, -0.06847334300942487, 0.7125850190831848], [-0.654763766327931, -0.46349288274065215, 0.5970416718729296], [0.28939664550359234, -0.8834510450194023, -0.3684614398080136]], "T": [0.039852463893012745, 0.028717003438776104, -0.07958394421673112], "aligned_model": [[0.3575831133500164, -0.3265673311497022, 0.5072829138726374, 0.5168676328774997, -0.17887557790871225, -0.028506829506276733, -0.08026408308464797, -0.6820371542796345, 0.3650140937759585, 0.360678466462979, -0.4134024610234749, -0.022305159821232774], [0.5861469293400922, 0.5179755188399209, -0.3948490018186292, 0.008228468270846293, -0.589716200272654, -0.2537803053469286, -0.615573722739173, -0.15973596813419288, 0.6344832243819732, 0.060310856320734324, 0.016150086800414923, 0.004127001468434741], [-0.3920472267637102, -0.22778877658145238, -0.02646050087114079, -0.5593617453914098, -0.18742323649509057, -0.7196690177529925, 0.47430848656165736, 0.03766224022453213, 0.37099775455777284, 0.4859745857433996, 0.6973671676810607, 0.020275914302704673]], "inverted": false, "swapped": false, "error_lsq": 0.042828097951525146, "error_max": 0.2665455078270411, "target": "752.xyz", "model": "24.xyz", "model_rescale": 4.28219845311461, "target_rescale": 3.739431023818642},
{"mapping": [14, 2, 9, 12, 7, 13, 3, 4, 10, 5, 1, 15], "R": [[-0.2525554662833856, -0.30341242096929516, 0.9187799732536258], [-0.6011417314725007, 0.7932676724310566, 0.09672134489376207], [-0.7581849082727946, -0.5278894796047422, -0.3827379549901069]], "T": [0.006557389080835186, 0.0531505440357895, 0.02486092800475337], "aligned_model": [[0.24527536967186148, -0.4002829990593993, 0.41479560632015344, 0.5460738637460364, -0.15707796437598956, -0.050732206033342206, -0.22518240777080092, -0.6656495330264471, 0.4395229974717865, 0.4889797976898805, -0.19952995382831096, -0.06072494724001838], [0.6496183378971542, 0.42709294630669487, -0.48545360011882893, 0.03545011480702887, -0.6433547015957353, -0.09366034649862603, -0.5461726484811787, -0.23448126529960134, 0.6980205641285157, -0.05142058707302078, -0.02216375776771063, 0.08029183080614644], [-0.38426560685130795, -0.3794013664894119, 0.03585264141094455, -0.5164602045985982, -0.28116181568769594, -0.5479225578336131, 0.4574735980992111, 0.017487383727027683, 0.1873055584612216, 0.7188452067349081, 0.6263034954068044, 0.03977931283584104]], "inverted": false, "swapped": false, "error_lsq": 0.035345812882725695, "error_max": 0.2004978538320533, "target": "752.xyz", "model": "25.xyz", "model_rescale": 4.100010024507729, "target_rescale": 3.739431023818642},
{"mapping": [3, 2, 10, 8, 0, 1, 4, 6, 7, 9, 5, 11], "R": [[-0.11773784683310282, 0.04051785830069718, 0.9922177697369813], [-0.9929780904146416, -0.016377162949834434, -0.11715929536407338], [0.011502668368532754, -0.9990445894415518, 0.04216155746606559]], "T": [-0.0012047285795393492, -0.0019859694526258905, -0.05928408421146234], "aligned_model": [[0.2836643241589155, -0.4895880302090653, 0.46419220252238785, 0.5319455406903995, -0.05352568499494406, -0.0882558273183345, -0.24539599674848034, -0.6144127991133745, 0.2919117651311063, 0.550488709327912, -0.28259634646749066, 0.027039766586377953], [0.6571042771921835, 0.4970860580495063, -0.4401405975617746, 0.04771456967060998, -0.6964744592125339, -0.10519631908291702, -0.5161812189960173, -0.16802573783709074, 0.5140167143886132, -0.09219320830119881, 0.1588610164556314, -0.04280420765417347], [-0.4368040121905361, -0.3045719731074119, 0.020894347563758874, -0.3595147884091934, -0.357256786056164, -0.7527653627588815, 0.6054064077690527, 0.0706728151435948, 0.2668756896398926, 0.5463626005545645, 0.6183095807737999, 0.05622712629285446]], "inverted": true, "swapped": false, "error_lsq": 0.033156576833055715, "error_max": 0.16896816359379152, "target": "752.xyz", "model": "26.xyz", "model_rescale": 3.6694154284099745, "target_rescale": 3.739431023818642},
{"mapping": [3, 9, 0, 6, 2, 12, 4, 10, 7, 5, 8, 13], "R": [[-0.054808245101782505, 0.43147826252227145, 0.900456864730135], [-0.8366205449937765, -0.51210286004893, 0.19446522677338002], [0.5450340539481723, -0.7426824151011437, 0.38905103821523607]], "T": [0.021183671772192852, -0.011351448986553953, 0.014829429616599716], "aligned_model": [[0.25507616652956067, -0.4315730729870335, 0.3933258066054728, 0.47831713711182255, 0.00818177123973593, -0.06614475543642861, -0.24883714729715253, -0.5439234522976052, 0.25658514969778023, 0.5574289418004807, -0.3038870324385998, 0.020918111037376588], [0.640820697298548, 0.4649147203917426, -0.51994644309517, -0.09539705632130281, -0.5986233575555843, 0.07375874365711196, -0.6100245813059632, -0.20107901601311465, 0.5462814566733415, 0.01795410337137283, 0.15684847035456426, -0.061740850344707526], [-0.4008591711888597, -0.1669545120589652, 0.21426540075151562, -0.4903000216715886, -0.3273288702849448, -0.7693024561442561, 0.5090053173295809, 0.09574981350335884, 0.18734091165241926, 0.5958291668750905, 0.5386567072831888, -0.012266640831208443]], "inverted": true, "swapped": false, "error_lsq": 0.043286838626589524, "error_max": 0.23565532567928343, "target": "752.xyz", "model": "27.xyz", "model_rescale": 4.103607728864725, "target_rescale": 3.739431023818642},
{"mapping": [12, 13, 5, 3, 6, 10, 7, 11, 2, 1, 8, 14], "R": [[0.4837208692664311, -0.06824083153763771, 0.87255791185868], [-0.712676942911315, 0.5479926487593859, 0.43794478184841373], [-0.5080410373963019, -0.8336949357029371, 0.21644181320753447]], "T": [0.024274724229881615, -0.05290160288313938, -0.13266309242454233], "aligned_model": [[0.13597710491957887, -0.413926215293979, 0.2617171458760553, 0.641456220013162, -0.19406020174270044, -0.008145405551912673, -0.13614087026467417, -0.641144759031188, 0.42495643212380596, 0.5395756118526533, -0.37655402438520713, 0.14175658504981573], [0.7368720888271254, 0.41800749324879954, -0.674560238992128, 0.254409208811417, -0.6422855418429373, -0.1550640196748198, -0.4218523908113354, -0.2222798820792925, 0.524935574178009, -0.04116318340661778, 0.06023964932676348, -0.023491870474145304], [-0.45058401208119125, -0.05457920974503397, 0.1711494269616438, -0.4296107626379224, -0.2115534939233927, -0.6309472002244669, 0.46585457539613706, -0.10839081827463135, 0.08385266219228008, 0.6002680344886525, 0.5736055166319957, -0.035229073568739]], "inverted": true, "swapped": false, "error_lsq": 0.04698432790519008, "error_max": 0.34543791717904937, "target": "752.xyz", "model": "28.xyz", "model_rescale": 4.137296879288765, "target_rescale": 3.739431023818642},
{"mapping": [1, 0, 3, 2, 4, 5, 7, 8, 9, 10, 11], "R": [[-0.8754038432789404, 0.15766433523856868, -0.4569574034483309], [-0.3200236213590966, -0.8975126419831301, 0.3034072168763815], [-0.3622885492872636, 0.4118410067905359, 0.836142327705689]], "T": [0.03663003439793343, 0.05556806931962308, 0.03076029193646129], "aligned_model": [[0.6111626374999575, 0.1133828598744132, -0.23337571905945964, -0.47671486088060633, 0.17611418101820547, 0.3938178406875603, 0.5143701822645407, -0.30009062902209227, -0.6828896714294799, 0.0857597193760186, 0.0198824703808408], [-0.2932174328575587, -0.7502403791338422, -0.34052994383622603, 0.31511094131444445, 0.6378526401276451, 0.003660498821433218, 0.41417648379800337, -0.5101934689873199, 0.2071061021565017, 0.25622094495545383, -0.02079856971058288], [0.23308448882605537, -0.1173039185728203, -0.5790623965443421, -0.3024997982029, -0.3910759216538043, -0.569716230173682, 0.171746936746712, 0.2794791789216382, 0.3970675359156502, 0.6950845328581184, -0.01105038633762669]], "inverted": false, "swapped": true, "error_lsq": 0.042883147761932396, "error_max": 0.19963344607653488, "target": "752.xyz", "model": "29.xyz", "model_rescale": 3.607286011436655, "target_rescale": 3.739431023818642},
