[{"mapping": [0, 9, 3, 8, 6, 10, 4, 10, 2, 1, 5, 11], "R": [[0.8414368799138985, 0.3025564987332, -0.4477092161158521], [0.15923815385344847, -0.9305926034478789, -0.32960676080057016], [-0.5163595525194717, 0.20605089536909552, -0.8312134750107731]], "T": [-0.06483783939625262, 0.03988612574100708, -0.012352329165085718], "aligned_model": [[0.02578534778736777, -0.09312647940930041, -0.18317307564356827, -0.6362936240913836, -0.09582444842855536, 0.5105568280250438, -0.3992216115871119, 0.5105568280250438, -0.6085954677774207, -0.050145790348470484, 0.620645865236358, -0.03307013226275167], [-0.3678651690833588, 0.5148935368093143, 0.6753925855063845, 0.08661457659999344, -0.06798043602413881, 0.4005028401436334, 0.2164402848936503, 0.4005028401436334, -0.5239822108910325, -0.6324887704066536, -0.38177045727480885, -0.007531575256656695], [-0.46877068277856265, 0.36570075798586127, -0.24933508433029553, 0.26033472353452736, 0.7035800156612966, -0.03760916905955586, -0.7260501563474662, -0.03760916905955586, -0.1997833460953885, 0.21030593419865032, -0.21484714196898622, -0.05203394082185454]], "inverted": true, "swapped": false, "error_lsq": 0.06064730714966934, "error_max": 0.43777561416948907, "target": "754.xyz", "model": "0.xyz", "model_rescale": 3.751011558992144, "target_rescale": 3.952271435610524},
{"mapping": [0, 10, 4, 5, 9, 11, 8, 6, 2, 3, 7, 14], "R": [[-0.9809601228483041, 0.19279654094305798, -0.023382283503370654], [0.15940821151490486, 0.7305495841753397, -0.6639927161971416], [-0.11093358140373713, -0.6550777044455339, -0.7473733616174116]], "T": [-0.035559092819435804, 0.00842927090274655, -0.04308173212011629], "aligned_model": [[0.029664277523880088, -0.08218318481308226, -0.18703844358245578, -0.5855208036890382, -0.13921566443302108, 0.5597054932237377, -0.5789108318838502, 0.6159886468656114, -0.6445666951741972, 0.043226297812568544, 0.5472420290228046, -0.010296881347706306], [-0.5045391408052534, 0.7463281995896388, 0.6933710615496285, 0.021793447510627246, 0.10205576180589261, 0.2506569177150091, 0.17701888225198426, 0.34619852580968463, -0.5358748690648195, -0.7511650445386158, -0.22914790018548858, -0.003967796478327488], [-0.598161761530575, 0.3115802382366809, -0.4084346021343878, 0.2526369895675602, 0.6008740246650643, 0.42990540158366536, -0.3847902083694806, -0.2015847876775994, -0.17184836396385672, -0.028411091885088058, -0.25183269368528294, 0.003949596111969808]], "inverted": true, "swapped": false, "error_lsq": 0.05373200242320825, "error_max": 0.3395447947612677, "target": "754.xyz", "model": "1.xyz", "model_rescale": 3.9405287249114394, "target_rescale": 3.952271435610524},
{"mapping": [8, 0, 5, 11, 6, 1, 9, 2, 10, 3, 4, 12], "R": [[0.5202746038114179, 0.3381774196924092, -0.7841877131395621], [-0.7560874168586461, 0.6093245213582505, -0.2388628178255436], [0.39704679157108447, 0.717188720269444, 0.5727077656374016]], "T": [0.031601062069316684, -0.012730690073941325, 0.056266709639227974], "aligned_model": [[0.015178785432305088, 0.009631173302122424, -0.254699459492221, -0.6545086272046814, -0.18454627674378013, 0.743629501085887, -0.45810455107354275, 0.29344693836897984, -0.5400565280748232, -0.05270680256286755, 0.5647870425890256, 0.08604304389884725], [-0.42452844278258983, 0.692646942262688, 0.6118425198734829, 0.17320012856590167, 0.027449358834749558, 0.268050901253054, -0.059405413223290224, 0.5243732905747297, -0.543278743391857, -0.5659223486615567, -0.4203201373504844, 0.02861998920513253], [-0.6001193732448674, 0.508914153090096, -0.18041154695886183, 0.10419909953831452, 0.553279370426793, 0.2597452892533294, -0.5827880530887927, -0.2710338839407779, -0.2650018416749879, 0.17318912579257206, -0.14690630660271548, 0.0008167083285680055]], "inverted": false, "swapped": false, "error_lsq": 0.04460402981217559, "error_max": 0.2607658532445203, "target": "754.xyz", "model": "2.xyz", "model_rescale": 3.932901565614263, "target_rescale": 3.952271435610524},
{"mapping": [6, 8, 12, 7, 3, 11, 5, 10, 4, 0, 1, 13], "R": [[-0.8584431191296836, -0.48050147099774987, 0.1794261619382697], [-0.12515241360213966, -0.14301718077397024, -0.9817754118804485], [0.4974055534354825, -0.865253964089425, 0.06263619591799396]], "T": [-0.04066309141879215, 0.011748402999331487, 0.03644480078172932], "aligned_model": [[-0.004102345506214647, -0.10123450388283341, -0.04526637648775424, -0.7173022822436905, 0.04782746872181062, 0.6125380317719327, -0.5209983854297351, 0.4789679286204959, -0.6123185670860547, -0.06874433045497715, 0.5435303069232658, -0.04480270542099391], [-0.07869210468780115, 0.4959914064239351, 0.5033077590810819, 0.05692007190888175, -0.09216183784798791, 0.546665494838113, 0.18812600737816007, 0.27568483579572894, -0.5869870950329508, -0.6260873396395202, -0.43690313949774906, 0.06686398644006822], [-0.6397031764461613, 0.5847390130057315, -0.5479164054722482, 0.25974162815483587, 0.5284382567283236, 0.3278220406076022, -0.4684993858920785, -0.3800484197595828, -0.2427544561539686, 0.2397360661365007, -0.04228567400853962, -0.06538674598174489]], "inverted": true, "swapped": false, "error_lsq": 0.05429971828183392, "error_max": 0.3339501461930563, "target": "754.xyz", "model": "3.xyz", "model_rescale": 3.9243930471874484, "target_rescale": 3.952271435610524},
{"mapping": [4, 5, 6, 0, 1, 9, 3, 10, 2, 7, 8, 12], "R": [[0.19772283391733664, -0.845922724175939, -0.49529831987445305], [0.6506287319873748, 0.4911800151015327, -0.5791583944633447], [0.733203883009493, -0.20774247877508528, 0.6474991339393321]], "T": [0.11613562456675589, 0.11858215074100152, -0.06256472448833413], "aligned_model": [[0.02854617399539125, -0.32483563988436603, -0.16788206667523217, -0.6851132806605734, -0.07029898482762945, 0.6798653973793988, -0.39105119269311883, 0.46916121979109005, -0.5992226452597025, -0.01794231904254004, 0.6159745107270371, 0.030893066675496697], [-0.34898235300957614, 0.5492940123470302, 0.7541016945130249, 0.05226307619141783, -0.11198617622037228, 0.1711765057942134, 0.18041114598808372, 0.2730167710722083, -0.4568807341490072, -0.6504877414281779, -0.25723442417354875, 0.15803626823466385], [-0.4176404803787623, 0.3774974710876218, -0.25482854137045247, 0.21478762466970908, 0.5872357702827, 0.3583033888655019, -0.5006196047364702, -0.6530311474783067, -0.15377604077388385, 0.12039255169538536, -0.13508616144164556, 0.010647910497272955]], "inverted": true, "swapped": false, "error_lsq": 0.0436118720116959, "error_max": 0.26570354022333686, "target": "754.xyz", "model": "4.xyz", "model_rescale": 3.8936222436046832, "target_rescale": 3.952271435610524},
{"mapping": [3, 5, 4, 1, 6, 7, 2, 10, 0, 9, 8, 11], "R": [[0.6068163908225588, 0.6073378222043054, 0.5127520234472168], [-0.7449645004077491, 0.6594934872008802, 0.10048001528590554], [-0.27713130635371525, -0.4429549752060069, 0.8526365749713822]], "T": [0.046206849928142356, -0.012926389722796996, -0.044804551155888266], "aligned_model": [[0.040260644891242224, -0.16605642210659513, -0.16445930392013913, -0.713947065732756, 0.048065162330831045, 0.5495154942049646, -0.38025442144783217, 0.3739231738462819, -0.5979764384978792, -0.016400623578857333, 0.6310794956798965, -0.035655456143905924], [-0.36929190474867496, 0.5816251608279559, 0.7328800614103961, 0.0035683666774304727, 0.015770342878032393, 0.28150844965027383, 0.21038355694048394, 0.2938815294856992, -0.5346904882182067, -0.5742408416445459, -0.4468836543662365, 0.11821746626735255], [-0.4956374411131191, 0.463745951871752, -0.2180590113516802, 0.21015174838924788, 0.7512995075705863, 0.23757119381459707, -0.6152621890763149, -0.4897071373852768, -0.3538489256572383, 0.20627777427964444, -0.16917459194285084, 0.026525861519322687]], "inverted": false, "swapped": false, "error_lsq": 0.03616868329713665, "error_max": 0.2250919022997441, "target": "754.xyz", "model": "5.xyz", "model_rescale": 3.6523030999806103, "target_rescale": 3.952271435610524},
{"mapping": [7, 6, 8, 1, 2, 10, 5, 9, 0, 3, 11, 12], "R": [[0.38894027347374505, 0.36596316232124015, -0.8454563427486995], [-0.8916131129508469, 0.3804811280643903, -0.24547946553825983], [0.2318437415249094, 0.8492968120808457, 0.47428198838353997]], "T": [0.0015415015407335211, 0.08770327050133295, -0.005743887444545515], "aligned_model": [[0.126060905315184, -0.0848841158221004, -0.16307012842429813, -0.6221351739648815, -0.12313490055698234, 0.6037039000298317, -0.4662740884586424, 0.5215607276924396, -0.7441629689409334, -0.1590147250502488, 0.7242749880049307, -0.04483018029904758], [-0.34940331832391325, 0.6267316465250188, 0.6583406058991151, 0.04929912426652902, -0.09118969982824679, 0.4151871194212059, 0.10216470463362642, 0.3953821688304904, -0.5454475793334916, -0.5879857623987985, -0.37368048619675465, 0.013329521665179062], [-0.5158917167905073, 0.34724830025488596, -0.32351604701310405, 0.29745141590905577, 0.7213494587880733, 0.36685216219832956, -0.5005599852658651, -0.402703047983988, -0.1795500281755147, 0.01176987483915476, -0.20411308802630146, -0.06445455781554876]], "inverted": false, "swapped": false, "error_lsq": 0.038356156240541193, "error_max": 0.23973166911883728, "target": "754.xyz", "model": "6.xyz", "model_rescale": 4.08911054899281, "target_rescale": 3.952271435610524},
{"mapping": [1, 5, 12, 7, 6, 8, 13, 11, 2, 0, 9, 14], "R": [[-0.8309673509475362, -0.4040231934638436, 0.3824376038029108], [-0.2008067144889481, 0.8589251936176547, 0.4710882881000426], [-0.5188158874546814, 0.31466294810821355, -0.794869362859369]], "T": [0.028055943223235853, 0.12064508610025453, 0.04535108056219683], "aligned_model": [[0.060593371569269965, -0.229171183080914, -0.17966967115692462, -0.7215108224821338, -0.19698070687686506, 0.6529787881663068, -0.41477710747011326, 0.29883806915845396, -0.5538546430116051, 0.02937371050029062, 0.6714963801515793, 0.150778054057907], [-0.4089823126438456, 0.7009273410554067, 0.7136476589220229, 0.19509278306801703, -0.19649962361681922, 0.22498964861642645, 0.20795142839142802, 0.3221731989365951, -0.4157992572698422, -0.801766390267377, -0.28018040618217727, 0.0511739761501253], [-0.4609908919342376, 0.4667866505616939, -0.2911009008086152, 0.22394606566435038, 0.358273923550166, 0.2978042909330517, -0.5309917116725822, -0.43485150477838996, -0.10874979349536357, 0.22923015729084179, -0.15435028841107623, -0.04112325598116884]], "inverted": false, "swapped": false, "error_lsq": 0.04569069860244681, "error_max": 0.2929404582400308, "target": "754.xyz", "model": "7.xyz", "model_rescale": 3.964800864290218, "target_rescale": 3.952271435610524},
{"mapping": [9, 0, 2, 6, 3, 1, 4, 7, 11, 10, 8, 13], "R": [[-0.4098616694702134, 0.9059288384270429, -0.10633132936871578], [-0.3809227134911569, -0.06407489973984012, 0.9223840271654011], [0.8288011210451054, 0.4185538757789231, 0.37135071674202846]], "T": [-0.02313726595259908, 0.04164262573815489, -0.01869551264799927], "aligned_model": [[0.09624120314734377, -0.11572660534807883, -0.10897939878790872, -0.5823752465823282, -0.2247852853455546, 0.5850417018897773, -0.5770093550851384, 0.45901151600541124, -0.6034238652882689, -0.009361522215161157, 0.6207414117415402, 0.02871968539361737], [-0.519230411594461, 0.5659936577310957, 0.6744815730143855, 0.03251551655440377, 0.01653862189056679, 0.45541130011970476, 0.27443306148268815, 0.3340186373753987, -0.41293189723200596, -0.7509214230989721, -0.34128534478044426, -0.01629524630240005], [-0.3995195453681708, 0.46051486077998693, -0.1940657575434464, 0.1351726129585379, 0.6774873375918822, 0.12974207810013694, -0.3849300234736025, -0.4533240722678406, -0.3978561516805533, 0.19760629128024426, -0.191449670955793, -0.02549521850271164]], "inverted": true, "swapped": false, "error_lsq": 0.042385952345589915, "error_max": 0.23208953256946033, "target": "754.xyz", "model": "8.xyz", "model_rescale": 4.121658175737393, "target_rescale": 3.952271435610524},
{"mapping": [9, 3, 2, 0, 10, 11, 1, 8, 4, 5, 7, 12], "R": [[0.7134037838392624, 0.08201010923718954, 0.6959377724960241], [0.6358184823217288, 0.3417636013258825, -0.6920494912553994], [-0.2946012538023506, 0.9362008239644248, 0.19167190317418864]], "T": [0.03626861866823578, 0.02680649906907523, -0.08183869715220307], "aligned_model": [[0.14143778358318868, -0.025094654667951348, -0.2077135120286066, -0.6979377487893749, 0.005356157339787455, 0.5286999491506872, -0.5376546018747174, 0.4893475584559716, -0.627514445008053, -0.09300926208976174, 0.6294975816471414, -0.037320566193060144], [-0.6269893440816094, 0.6119152654523434, 0.6701190124664969, 0.017653011940658492, -0.03893254856121947, 0.24861953378980292, 0.19478649035880796, 0.4539671424190648, -0.4791850779142884, -0.48797570188623524, -0.2944125035997377, 0.043162764775875904], [-0.5864972542627747, 0.4440569879954702, -0.17653917690709664, 0.20044036119320122, 0.673941448092857, 0.25184144451158874, -0.42436836763555974, -0.45973629812493233, -0.38431594607703357, 0.23439605963791313, -0.09226271368282349, -0.12707380382214004]], "inverted": false, "swapped": false, "error_lsq": 0.03838466633824176, "error_max": 0.2460803982905847, "target": "754.xyz", "model": "9.xyz", "model_rescale": 3.833441315466971, "target_rescale": 3.952271435610524},
{"mapping": [0, 3, 2, 8, 7, 4, 13, 5, 10, 12, 6, 14], "R": [[-0.4180336215080803, -0.18570088248068434, -0.8892486005244733], [-0.8914002414432274, 0.2725115710174903, 0.362136787991134], [0.17508141204535477, 0.9440617701758051, -0.2794528104148003]], "T": [-0.021284038429796148, -0.08551840420412384, 0.00870518499353265], "aligned_model": [[-0.0647413433276047, 0.12590510819315934, -0.22674796732336952, -0.7869265502126503, -0.14270444750847527, 0.6533731574597088, -0.282539568084829, 0.26380209421223516, -0.6664657573775832, 0.1369522699934321, 0.6063576657875318, -0.04817042228630402], [-0.30430868541212175, 0.6372148230449683, 0.5826297924223062, -0.0047921885824374205, 7.16665277840367e-05, 0.31761316738924605, 0.2636069363654758, 0.2972437305443641, -0.5325945201942567, -0.6640051376156064, -0.27184119403642504, -0.00811034529333722], [-0.6347738257003752, 0.4673051055061189, -0.158665111642701, 0.13050085256419344, 0.6582014519828736, 0.14374289864941722, -0.6587853289551558, -0.47051735897221325, -0.23546205188854027, 0.0664496849417874, 0.18920249012907162, 0.05668393430419339]], "inverted": false, "swapped": false, "error_lsq": 0.054570100586034835, "error_max": 0.3182091224473344, "target": "754.xyz", "model": "10.xyz", "model_rescale": 4.2482417240324, "target_rescale": 3.952271435610524},
{"mapping": [1, 9, 10, 7, 5, 4, 8, 0, 3, 2, 6, 11], "R": [[0.7748671714533946, -0.12305272204830076, -0.6200313654971978], [0.542078947811468, -0.37520461322473836, 0.7519121707716178], [-0.3251634680332768, -0.918738007166014, -0.22402944727243795]], "T": [-0.02831424267789373, -0.027578958934161336, -0.07671970248306845], "aligned_model": [[0.03201759498236523, -0.29410767441358243, -0.04651699781756147, -0.5608692054196734, 0.13174906004671771, 0.5729179529832618, -0.47387645907448295, 0.45991906319130105, -0.7287981714311164, -0.053535114354838154, 0.5370326884465623, -0.007838497613701575], [-0.30788930931865344, 0.6463691008253556, 0.587706165713491, -0.01746253984042086, -0.035338373952200505, 0.4028248708775591, 0.17329534433352456, 0.24525949274316222, -0.40217703172581504, -0.7641334834050741, -0.2799847312435993, 0.06425854015263067], [-0.7224229861901141, 0.3162927229330431, -0.266707169509556, 0.3414179739097356, 0.6571097742490928, 0.39137427356887333, -0.4481785219520573, -0.5876276142051424, -0.2412498695375474, -0.00883283705270646, 0.11604002286435003, 0.006666971840699226]], "inverted": true, "swapped": false, "error_lsq": 0.053386157211199214, "error_max": 0.2788459146742774, "target": "754.xyz", "model": "11.xyz", "model_rescale": 3.6694154284099745, "target_rescale": 3.952271435610524},
{"mapping": [8, 5, 12, 7, 6, 0, 10, 1, 9, 11, 4, 13], "R": [[-0.504838520235415, 0.061068378398584366, 0.8610509402156667], [0.8619618006551606, 0.08936775052468504, 0.4990343268528436], [-0.046474968508106895, 0.9941247699991811, -0.09775489233918416]], "T": [-0.025976227928842313, 0.03712478390578827, -0.07223096782311539], "aligned_model": [[-0.06383637954652081, -0.22055452105627238, -0.12486887050012986, -0.7088222527301792, 0.042729769767902326, 0.4993304672247519, -0.535253664049653, 0.6271717018308781, -0.6266135021065098, -0.04112022150654633, 0.6359044596816036, 0.08402725251592676], [-0.5037748098217985, 0.5411875743465384, 0.6804664277395571, 0.10028382879376058, -0.08300668306161983, 0.3894387446933666, 0.18809880595453937, 0.34649969449893003, -0.476761753271947, -0.6726016432904516, -0.28221475086099995, 0.08511260944008464], [-0.6000492033321851, 0.5215962659859967, -0.2674238847566468, 0.21394652942534953, 0.4761327344570622, 0.26043344789704526, -0.4206159919459657, -0.5128651025058912, -0.21309174542279555, 0.13047006055329174, 0.015032235496191454, -0.04968260493278266]], "inverted": true, "swapped": false, "error_lsq": 0.03944275656807546, "error_max": 0.23328033664350112, "target": "754.xyz", "model": "12.xyz", "model_rescale": 3.9764082729961374, "target_rescale": 3.952271435610524},
{"mapping": [8, 5, 12, 0, 4, 6, 1, 13, 2, 7, 14, 15], "R": [[0.3158625258600609, 0.5316294018836039, 0.7858759722820033], [0.8408128265870252, -0.5406131346124057, 0.027771016029062068], [0.439618761433176, 0.652002774332618, -0.617760250306322]], "T": [-0.004834688447853671, 0.0587125235876189, -0.11794475629624948], "aligned_model": [[-0.08644957183615232, -0.16678726160119023, -0.09091231367574054, -0.5796752739914764, 0.012839565809984858, 0.5855119662456072, -0.4630536292883703, 0.4604209321809491, -0.6550227967214792, -0.2639777122929707, 0.7725962039041183, 0.042604130791972145], [-0.46795469009238033, 0.5923987191764959, 0.5910946091641505, -0.06291349842883535, -0.100811806071976, 0.2990695123051421, 0.12996379478355863, 0.40043166549807224, -0.37704238042406224, -0.5536552787914536, -0.12414595877167388, -0.013706643187077663], [-0.5822867568654521, 0.5079740200011248, -0.4590803486060788, 0.3085213566395605, 0.5821290475004033, 0.3032180993381425, -0.5518586151080571, -0.3210353314399276, -0.27167374313820436, 0.2410597934309434, -0.14912203361711687, -0.05396274721666741]], "inverted": false, "swapped": false, "error_lsq": 0.04687436065412545, "error_max": 0.2696823179817744, "target": "754.xyz", "model": "13.xyz", "model_rescale": 4.170626492500431, "target_rescale": 3.952271435610524},
{"mapping": [10, 6, 5, 4, 2, 3, 12, 11, 8, 0, 1, 13], "R": [[-0.5617542206044943, -0.7889276056102115, 0.2490490488622185], [-0.763061029879583, 0.6104069335471671, 0.21246467978620454], [-0.319640517319296, -0.07068669311605227, -0.9448985824437297]], "T": [0.012500251925726048, -0.08488752045934743, -0.027200737237411125], "aligned_model": [[0.009115456459173811, 0.03103345212008149, -0.3083538053122464, -0.6638010942736156, -0.07101117646651148, 0.571634132005236, -0.48837634495906507, 0.3264921743215304, -0.5466960801004772, 0.05869677517749832, 0.6257778477787077, 0.023582902774939036], [-0.20610754377007773, 0.7035226565876008, 0.7307481019520623, -0.04727633254671176, -0.06941885659974202, 0.1865949128992812, 0.15322434393643652, 0.4582597174113404, -0.4738265545181865, -0.5885711203059063, -0.547332759575268, 0.012911479689130978], [-0.5782202959492819, 0.26529743412344164, -0.27012260484860606, 0.18319179653168274, 0.625270510406982, 0.2713628187348362, -0.5048318667853574, -0.3528689760860515, -0.3231436081411396, 0.2890699047971325, 0.001944779384395627, -0.05306715124936422]], "inverted": false, "swapped": false, "error_lsq": 0.04386310940834989, "error_max": 0.24434521736436085, "target": "754.xyz", "model": "14.xyz", "model_rescale": 3.9786697098870705, "target_rescale": 3.952271435610524},
{"mapping": [8, 1, 6, 0, 4, 10, 9, 7, 3, 2, 5, 11], "R": [[0.016034708121705002, -0.9279050721331473, -0.3724715630018355], [0.9101948103736962, 0.16774040079902258, -0.3786932335130565], [0.41386990142343383, -0.3329494481890034, 0.8472640495420511]], "T": [-0.025926586083893064, 0.07365873195977753, -0.0449212807139826], "aligned_model": [[0.06550845223773505, -0.1326001745341043, -0.18473206894616792, -0.6087667061055693, 0.21253615748343074, 0.5630989092305435, -0.4745038914635065, 0.47359697014708274, -0.6775084424610359, -0.17477833204826218, 0.5814956281322131, -0.07525226214710806], [-0.3344126440605463, 0.6074246984302787, 0.7848480057956997, -0.05458381957596663, -0.1475012089611456, 0.4908476363661644, 0.14768819301148645, 0.3330465104118618, -0.47110152417595613, -0.7440350992754895, -0.44771806104825634, 0.1482253582418297], [-0.35692370356033876, 0.36052505366001164, -0.35531832676553476, 0.31236967711655556, 0.4738643499210091, 0.3689909955072815, -0.4700239836505588, -0.3914327560661676, -0.39681129204949006, 0.206210900318601, -0.1070830142757813, -0.0904851592369173]], "inverted": true, "swapped": false, "error_lsq": 0.05037155934146718, "error_max": 0.324347584799491, "target": "754.xyz", "model": "15.xyz", "model_rescale": 3.769337070930944, "target_rescale": 3.952271435610524},
{"mapping": [0, 7, 9, 10, 8, 6, 3, 2, 4, 5, 11], "R": [[-0.9537182654715206, 0.2521953690300826, 0.16376497166908], [-0.07708203800457997, -0.7314523365049047, 0.6775218364293332], [0.29065414072924306, 0.6335416128884479, 0.7170391866667046]], "T": [-0.014233215465850145, 0.08499763136052554, 0.06500588847322307], "aligned_model": [[-0.25033731067416, -0.37605570057581006, -0.11446318392087171, -0.7764727110974868, 0.4702415371203629, 0.40019194267358105, 0.6692299087286447, 0.2613523833437731, 0.14276497892678927, -0.4854645651018583, -0.018361148731793387], [-0.010766718182468576, -0.5529512515156351, 0.7082759338648723, 0.23667870626286933, 0.30350806178465356, -0.3245047969117605, 0.2362749489024586, -0.5446241787975933, 0.5025638085439744, 0.012291858678750767, 0.029318124995220338], [-0.585908742149247, 0.10514719543946892, -0.21714824235681496, -0.04689029013976159, -0.6363469465725008, -0.2966412995566867, -0.0010676676568423527, 0.2153978644763362, 0.4299208227936503, 0.6804714717440364, 0.09728344120213861]], "inverted": false, "swapped": true, "error_lsq": 0.04388319843969574, "error_max": 0.2573681299465916, "target": "754.xyz", "model": "16.xyz", "model_rescale": 3.7852294659196426, "target_rescale": 3.952271435610524},
{"mapping": [8, 5, 7, 10, 4, 1, 11, 2, 9, 0, 3, 12], "R": [[-0.112145868993837, -0.9853855367365634, 0.12821329126893108], [-0.4040207876814952, 0.1630966666830424, 0.9000925954801009], [-0.9078493857401904, 0.049140831365323545, -0.4164068581374273]], "T": [-0.019789301045765623, 0.0523298301327457, -0.03829412443121698], "aligned_model": [[-0.0431392463019144, -0.017031063389600812, -0.08171613783660785, -0.7770808120171219, -0.027485831776196915, 0.5420999409491395, -0.37153598856323866, 0.36109775581898995, -0.5975710993585995, 0.006403427976541268, 0.6804067826546797, -0.1063534886308191], [-0.36596325948633046, 0.48531966808577875, 0.7290590191442725, 0.004838647163856291, -0.046867907916016666, 0.36717881479062564, 0.24431480838566025, 0.30119986503700125, -0.539858666381122, -0.571682810873915, -0.3247277467356807, 0.029917613945830392], [-0.536983990466142, 0.456398914649404, -0.21042685461726485, 0.2328317323771577, 0.6630526209596195, 0.2054367739738937, -0.6525807923469273, -0.4470431631700595, -0.2887791811648947, 0.23678644658203646, -0.04525108204396139, -0.05955868381419142]], "inverted": false, "swapped": false, "error_lsq": 0.03929455502721831, "error_max": 0.21912189818344238, "target": "754.xyz", "model": "17.xyz", "model_rescale": 3.901054581598922, "target_rescale": 3.952271435610524},
{"mapping": [0, 10, 4, 5, 9, 11, 8, 6, 2, 3, 7, 14], "R": [[-0.9809601228483041, 0.19279654094305798, -0.023382283503370654], [0.15940821151490486, 0.7305495841753397, -0.6639927161971416], [-0.11093358140373713, -0.6550777044455339, -0.7473733616174116]], "T": [-0.035559092819435804, 0.00842927090274655, -0.04308173212011629], "aligned_model": [[0.029664277523880088, -0.08218318481308226, -0.18703844358245578, -0.5855208036890382, -0.13921566443302108, 0.5597054932237377, -0.5789108318838502, 0.6159886468656114, -0.6445666951741972, 0.043226297812568544, 0.5472420290228046, -0.010296881347706306], [-0.5045391408052534, 0.7463281995896388, 0.6933710615496285, 0.021793447510627246, 0.10205576180589261, 0.2506569177150091, 0.17701888225198426, 0.34619852580968463, -0.5358748690648195, -0.7511650445386158, -0.22914790018548858, -0.003967796478327488], [-0.598161761530575, 0.3115802382366809, -0.4084346021343878, 0.2526369895675602, 0.6008740246650643, 0.42990540158366536, -0.3847902083694806, -0.2015847876775994, -0.17184836396385672, -0.028411091885088058, -0.25183269368528294, 0.003949596111969808]], "inverted": true, "swapped": false, "error_lsq": 0.05373200242320825, "error_max": 0.3395447947612677, "target": "754.xyz", "model": "18.xyz", "model_rescale": 3.9405287249114394, "target_rescale": 3.952271435610524},
{"mapping": [12, 5, 11, 7, 8, 2, 13, 10, 4, 0, 1, 15], "R": [[-0.5540585033801892, 0.814616547140099, 0.17151984129437586], [-0.8324557776731911, -0.5436529720320387, -0.10704589772267852], [0.006045911893790473, -0.20209237275630804, 0.979347803297224]], "T": [-0.05510917899508157, -0.012810485977125908, -0.15181088147917088], "aligned_model": [[-0.03146300414440019, 0.055489211632899244, -0.11616869612474187, -0.7092702423290855, -0.20416195442586488, 0.632451418690956, -0.5089155331264902, 0.48282217899466257, -0.47577552109984383, -0.015183290741035624, 0.4822548473639417, -0.023985175165746216], [-0.36714691377950953, 0.4968922673870159, 0.6921491307775215, -0.02855043438411851, -0.08095474464209176, 0.37167350419940975, 0.2612289687577941, 0.5043901307376912, -0.6095640147614595, -0.5594140321452695, -0.3788222955952691, 0.010846478608245672], [-0.5689746581383746, 0.495671737563519, -0.2878876098821188, 0.10790262641599674, 0.5867091153275099, 0.21528279705615205, -0.5644754129941938, -0.3988683911963392, -0.11193503515933957, 0.2632851853770289, -0.0386972997362619, -0.14413031371490806]], "inverted": true, "swapped": false, "error_lsq": 0.046217350006795895, "error_max": 0.2930378263654737, "target": "754.xyz", "model": "19.xyz", "model_rescale": 4.410303926677745, "target_rescale": 3.952271435610524},
{"mapping": [9, 0, 2, 6, 3, 1, 4, 7, 11, 10, 8, 13], "R": [[-0.4098616694702134, 0.9059288384270429, -0.10633132936871578], [-0.3809227134911569, -0.06407489973984012, 0.9223840271654011], [0.8288011210451054, 0.4185538757789231, 0.37135071674202846]], "T": [-0.02313726595259908, 0.04164262573815489, -0.01869551264799927], "aligned_model": [[0.09624120314734377, -0.11572660534807883, -0.10897939878790872, -0.5823752465823282, -0.2247852853455546, 0.5850417018897773, -0.5770093550851384, 0.45901151600541124, -0.6034238652882689, -0.009361522215161157, 0.6207414117415402, 0.02871968539361737], [-0.519230411594461, 0.5659936577310957, 0.6744815730143855, 0.03251551655440377, 0.01653862189056679, 0.45541130011970476, 0.27443306148268815, 0.3340186373753987, -0.41293189723200596, -0.7509214230989721, -0.34128534478044426, -0.01629524630240005], [-0.3995195453681708, 0.46051486077998693, -0.1940657575434464, 0.1351726129585379, 0.6774873375918822, 0.12974207810013694, -0.3849300234736025, -0.4533240722678406, -0.3978561516805533, 0.19760629128024426, -0.191449670955793, -0.02549521850271164]], "inverted": true, "swapped": false, "error_lsq": 0.042385952345589915, "error_max": 0.23208953256946033, "target": "754.xyz", "model": "20.xyz", "model_rescale": 4.121658175737393, "target_rescale": 3.952271435610524},
{"mapping": [7, 6, 8, 1, 2, 10, 5, 9, 0, 3, 11, 12], "R": [[0.38894027347374505, 0.36596316232124015, -0.8454563427486995], [-0.8916131129508469, 0.3804811280643903, -0.24547946553825983], [0.2318437415249094, 0.8492968120808457, 0.47428198838353997]], "T": [0.0015415015407335211, 0.08770327050133295, -0.005743887444545515], "aligned_model": [[0.126060905315184, -0.0848841158221004, -0.16307012842429813, -0.6221351739648815, -0.12313490055698234, 0.6037039000298317, -0.4662740884586424, 0.5215607276924396, -0.7441629689409334, -0.1590147250502488, 0.7242749880049307, -0.04483018029904758], [-0.34940331832391325, 0.6267316465250188, 0.6583406058991151, 0.04929912426652902, -0.09118969982824679, 0.4151871194212059, 0.10216470463362642, 0.3953821688304904, -0.5454475793334916, -0.5879857623987985, -0.37368048619675465, 0.013329521665179062], [-0.5158917167905073, 0.34724830025488596, -0.32351604701310405, 0.29745141590905577, 0.7213494587880733, 0.36685216219832956, -0.5005599852658651, -0.402703047983988, -0.1795500281755147, 0.01176987483915476, -0.20411308802630146, -0.06445455781554876]], "inverted": false, "swapped": false, "error_lsq": 0.038356156240541193, "error_max": 0.23973166911883728, "target": "754.xyz", "model": "21.xyz", "model_rescale": 4.08911054899281, "target_rescale": 3.952271435610524},
{"mapping": [14, 0, 4, 7, 6, 1, 13, 2, 12, 5, 11, 16], "R": [[0.8252311170125054, 0.024285178432713064, -0.5642728361553337], [0.10392502959071924, 0.9754871581696671, 0.1939700813801843], [0.5551515034104302, -0.21871221811905817, 0.8024785192804732]], "T": [0.012476930850385266, -0.07884356131843068, -0.06231073423036492], "aligned_model": [[-0.06589203692046186, -0.1504592724556336, -0.10957181201640948, -0.6334947794565801, -0.1735094668792977, 0.6589599787073142, -0.5355360660484337, 0.39521392519848636, -0.5869117169288676, 0.09030050901873143, 0.6936415364466929, -0.014646559140289499], [-0.2762321169196281, 0.5728112185766236, 0.5683872022045684, 0.015951225007504607, 0.012793481548849503, 0.3171394651748232, 0.1984004819660073, 0.40515630684277176, -0.3600188740350951, -0.7060503407367966, -0.3957768461312634, -0.03983315833840472], [-0.6678837264908095, 0.3235354004806392, -0.29141470403846287, 0.2197011200913071, 0.6536332864761741, 0.17275413517571658, -0.30633422023429413, -0.4371578365942129, -0.3888734364272474, 0.2511923765690086, 0.08418535213040429, -0.05945500621955334]], "inverted": true, "swapped": false, "error_lsq": 0.04227773355279215, "error_max": 0.19300609030132135, "target": "754.xyz", "model": "22.xyz", "model_rescale": 4.204369325754507, "target_rescale": 3.952271435610524},
{"mapping": [12, 5, 11, 7, 8, 2, 13, 10, 4, 0, 1, 15], "R": [[-0.5540585033801892, 0.814616547140099, 0.17151984129437586], [-0.8324557776731911, -0.5436529720320387, -0.10704589772267852], [0.006045911893790473, -0.20209237275630804, 0.979347803297224]], "T": [-0.05510917899508157, -0.012810485977125908, -0.15181088147917088], "aligned_model": [[-0.03146300414440019, 0.055489211632899244, -0.11616869612474187, -0.7092702423290855, -0.20416195442586488, 0.632451418690956, -0.5089155331264902, 0.48282217899466257, -0.47577552109984383, -0.015183290741035624, 0.4822548473639417, -0.023985175165746216], [-0.36714691377950953, 0.4968922673870159, 0.6921491307775215, -0.02855043438411851, -0.08095474464209176, 0.37167350419940975, 0.2612289687577941, 0.5043901307376912, -0.6095640147614595, -0.5594140321452695, -0.3788222955952691, 0.010846478608245672], [-0.5689746581383746, 0.495671737563519, -0.2878876098821188, 0.10790262641599674, 0.5867091153275099, 0.21528279705615205, -0.5644754129941938, -0.3988683911963392, -0.11193503515933957, 0.2632851853770289, -0.0386972997362619, -0.14413031371490806]], "inverted": true, "swapped": false, "error_lsq": 0.046217350006795895, "error_max": 0.2930378263654737, "target": "754.xyz", "model": "23.xyz", "model_rescale": 4.410303926677745, "target_rescale": 3.952271435610524},
{"mapping": [1, 15, 9, 4, 5, 13, 10, 11, 3, 0, 7, 16], "R": [[-0.2858742096543596, -0.9513995888726463, 0.11451968628779574], [-0.25339953211917254, -0.04019958947830665, -0.9665260835215781], [0.9241561628730721, -0.30532411516081653, -0.22959218480816096]], "T": [0.02990946476923232, 0.1170518849971926, 0.03938887536807169], "aligned_model": [[0.07596315077066429, -0.11796235894034271, -0.1387599940678129, -0.6362430899370234, -0.22418325839258205, 0.6810983093763371, -0.3798451140310869, 0.311624268058236, -0.5412719944384784, 0.03911369963716738, 0.5262677080324815, -0.02770708654230873], [-0.4157958927907797, 0.7094807115921875, 0.6768366272059951, -0.01070911493105961, 0.040076250054735266, 0.15092639619966972, 0.22627500199245698, 0.3372408933775902, -0.5263104338284157, -0.6171651320617162, -0.28010453114128636, 0.021977269490582915], [-0.6316458877272829, 0.4088157287596884, -0.185581433060012, 0.15687195392329412, 0.6095762770960929, 0.30205259570111326, -0.4545295816080033, -0.48298556582048613, -0.22345642515439973, 0.21609899111638348, -0.15510064143671226, -0.006233270871005635]], "inverted": true, "swapped": false, "error_lsq": 0.03566780631993565, "error_max": 0.19001042570802032, "target": "754.xyz", "model": "24.xyz", "model_rescale": 4.28219845311461, "target_rescale": 3.952271435610524},
{"mapping": [9, 6, 8, 14, 2, 0, 11, 1, 12, 13, 4, 15], "R": [[0.1736789450775834, -0.3180667600673301, -0.932024227247881], [-0.9687782035071639, 0.11485120547532801, -0.21972253641876674], [0.17693054130412325, 0.9410859348333371, -0.28818890820552845]], "T": [0.001504437829824172, -0.03864148579738806, -0.16016040302606757], "aligned_model": [[-0.08158768519196802, -0.08984231996983147, -0.06687306570993987, -0.6176534148890327, 0.002521147700190317, 0.5040794831777616, -0.4875490428731134, 0.43712216537783655, -0.6368953830222853, -0.11192036737195768, 0.6673809692269967, 0.04931175307059436], [-0.37835919227476156, 0.6677504105934163, 0.6379575312843082, 0.042179060754654746, -0.10440121988558602, 0.3337417970527226, 0.01993859831673811, 0.36648041461966524, -0.45620988879914787, -0.5690096998979056, -0.23717381152757083, -0.010165955076573311], [-0.7385731128417788, 0.3919839562803695, -0.2997467348160249, 0.27602329401708503, 0.5213486930699482, 0.36357921403865245, -0.39226412554278633, -0.3967842397269633, -0.21018237603372536, 0.08224592522006122, 0.06752783470339205, -0.11127558744955968]], "inverted": false, "swapped": false, "error_lsq": 0.041408159926547984, "error_max": 0.21867066489505638, "target": "754.xyz", "model": "25.xyz", "model_rescale": 4.100010024507729, "target_rescale": 3.952271435610524},
{"mapping": [1, 9, 10, 7, 5, 4, 8, 0, 3, 2, 6, 11], "R": [[0.7748671714533946, -0.12305272204830076, -0.6200313654971978], [0.542078947811468, -0.37520461322473836, 0.7519121707716178], [-0.3251634680332768, -0.918738007166014, -0.22402944727243795]], "T": [-0.02831424267789373, -0.027578958934161336, -0.07671970248306845], "aligned_model": [[0.03201759498236523, -0.29410767441358243, -0.04651699781756147, -0.5608692054196734, 0.13174906004671771, 0.5729179529832618, -0.47387645907448295, 0.45991906319130105, -0.7287981714311164, -0.053535114354838154, 0.5370326884465623, -0.007838497613701575], [-0.30788930931865344, 0.6463691008253556, 0.587706165713491, -0.01746253984042086, -0.035338373952200505, 0.4028248708775591, 0.17329534433352456, 0.24525949274316222, -0.40217703172581504, -0.7641334834050741, -0.2799847312435993, 0.06425854015263067], [-0.7224229861901141, 0.3162927229330431, -0.266707169509556, 0.3414179739097356, 0.6571097742490928, 0.39137427356887333, -0.4481785219520573, -0.5876276142051424, -0.2412498695375474, -0.00883283705270646, 0.11604002286435003, 0.006666971840699226]], "inverted": true, "swapped": false, "error_lsq": 0.053386157211199214, "error_max": 0.2788459146742774, "target": "754.xyz", "model": "26.xyz", "model_rescale": 3.6694154284099745, "target_rescale": 3.952271435610524},
{"mapping": [10, 1, 6, 0, 5, 3, 2, 12, 4, 8, 9, 13], "R": [[0.9328815727524082, 0.2850299271541906, 0.22020425028929447], [0.34989764575669735, -0.8622115317648481, -0.36628255757766476], [0.08546115323885016, 0.418747197146669, -0.9040725502795087]], "T": [0.01571608809016973, -0.04689004219394266, -0.03316657081388041], "aligned_model": [[-0.030218560648900418, -0.24272771181448372, 0.011142701977980347, -0.6104854255553699, -0.32544533766718137, 0.6877730940980666, -0.3688374718943226, 0.4143915835841721, -0.6293253384832967, 0.05182307079883342, 0.6283778925944411, -0.018374257464687273], [-0.49534495461684447, 0.6043442561533074, 0.6370429718683684, 0.12356823484485424, -0.0625666547613492, 0.3573800900884642, 0.22489002650854784, 0.42345741666696884, -0.5354026909050049, -0.6550057274292558, -0.28511970266208214, -0.02451522059601471], [-0.4314992451724151, 0.5041855899175689, -0.0915202186818837, 0.09232838219276973, 0.6805151685593315, 0.16109166235426492, -0.5234560770880875, -0.5327303110844732, -0.17741469087891254, 0.15983288929031586, -0.21415186757899832, -0.07329854091081045]], "inverted": false, "swapped": false, "error_lsq": 0.047857837429611666, "error_max": 0.2742751735837259, "target": "754.xyz", "model": "27.xyz", "model_rescale": 4.103607728864725, "target_rescale": 3.952271435610524},
{"mapping": [10, 1, 0, 2, 4, 7, 3, 5, 12, 13, 11, 14], "R": [[0.1440102424961584, -0.5620405438438714, -0.8144761980143331], [0.4506749742415058, -0.6954962999146342, 0.559622162175044], [-0.8809955264634526, -0.44765536284148166, 0.1531390168136313]], "T": [0.09576562684644277, -0.06801045720293014, -0.18648376064160804], "aligned_model": [[0.08451126867094741, -0.06319392790387388, -0.21975027135702493, -0.5416547234260604, -0.24192214695744677, 0.6066938758572561, -0.5770605101949987, 0.49625211807670266, -0.6472273398533772, 0.015623675006076865, 0.6320754931147149, 0.02374672849233536], [-0.2809241056149938, 0.6609786684603858, 0.5673357546618285, 0.07200004578359723, -0.12472149980003794, 0.26226681373655614, 0.1165297785408051, 0.5386038993789544, -0.49497789647862733, -0.5767689122591959, -0.4806792317219334, 0.05308473047262115], [-0.6494269472721859, 0.30966898468293824, -0.26696139748319875, 0.15324121981172917, 0.6527778864062239, 0.20075065702667327, -0.4635771443091847, -0.26876378927972905, -0.13213420353494876, 0.20672691433769502, -0.06758277940268147, -0.12083666006466098]], "inverted": true, "swapped": false, "error_lsq": 0.0437052430395006, "error_max": 0.25447326600906467, "target": "754.xyz", "model": "28.xyz", "model_rescale": 4.137296879288765, "target_rescale": 3.952271435610524},
{"mapping": [7, 10, 9, 4, 3, 0, 6, 5, 1, 2, 11], "R": [[-0.1006073127455589, -0.10191742069703258, -0.9896923804802085], [-0.9646887002274858, 0.2533682252000484, 0.07197398219066514], [0.24342119931411466, 0.961986165086298, -0.12380928037524663]], "T": [0.014436690852531912, -0.0025403920129502084, -0.09463003655697634], "aligned_model": [[0.3906747417546683, 0.08511220814045108, -0.11629438276115295, -0.5388017423744119, -0.08422433615915668, 0.6154331515732986, 0.5078329974609065, -0.39402389657590137, -0.5045864571263174, 0.23866200534827772, 0.021634721429236503], [-0.32587462938548195, -0.76331890458333, -0.12185081532534695, 0.1029028248639182, 0.6731023917476754, -0.18724509055136174, 0.4602730230984441, -0.5092490710668004, 0.29503337718849154, 0.30076535270890625, -0.005390642047162406], [0.44703915438444297, -0.27562168840804174, -0.7630664596926992, -0.2170302762441776, -0.2623953913154807, -0.40006945659777726, 0.017588350919745352, 0.33262780309144013, 0.45801725575704033, 0.4992701453778079, -0.030605415489301388]], "inverted": false, "swapped": true, "error_lsq": 0.046211334990509466, "error_max": 0.24971862614234708, "target": "754.xyz", "model": "29.xyz", "model_rescale": 3.607286011436655, "target_rescale": 3.952271435610524},
