[{"mapping": [10, 3, 8, 4, 6, 9, 0, 2, 5, 7, 1, 11], "R": [[0.8743266606663453, 0.2577750439495716, -0.4112236826410094], [0.44880558170390206, -0.10691805962577836, 0.88721027854578], [0.18473343032450656, -0.960271084247909, -0.20917218858606842]], "T": [0.10670579271543833, 0.034977972477475416, -0.09902300757085901], "aligned_model": [[-0.48142570971810505, 0.1892117357104171, 0.6906860722801904, 0.3938411413361743, 0.18186385180453063, 0.13973560641706306, 0.004702353189472888, 0.6583356880728458, -0.5740027462295186, -0.5857340306995117, 0.12809034746403852, 0.07441892034266745], [0.08361941890442554, -0.12887927038358893, 0.28128169242709467, -0.6683811539702318, 0.7299254562811084, 0.46594678647224314, -0.46226364417167326, -0.2475331561401718, -0.18136952045835933, 0.5708329200360092, 0.17477688471618977, -0.008466195289799083], [-0.4359157078474035, -0.762631392176874, -0.13650635466878364, -0.3732267594757206, 0.09216733832536146, -0.5262598706793041, 0.25472473729617906, 0.41541082329719503, 0.3234885068730781, 0.26151808022930584, 0.5951524201662737, -0.05540629004769304]], "inverted": false, "swapped": false, "error_lsq": 0.05006333707490288, "error_max": 0.30827550277940813, "target": "755.xyz", "model": "0.xyz", "model_rescale": 3.751011558992144, "target_rescale": 3.6949021197189107},
{"mapping": [8, 2, 13, 0, 9, 5, 7, 12, 4, 10, 11, 14], "R": [[0.3777641241026369, 0.901050974684575, -0.21307606050644223], [-0.3744065175780338, 0.35913057049485436, 0.8548947262272296], [0.8468258534882228, -0.2431714916597295, 0.4730260029934137]], "T": [0.015749756299007198, -0.03693198150045927, -0.00696999305897451], "aligned_model": [[-0.39508372539687375, 0.3060844619524568, 0.5929676607300856, 0.2068903264480102, 0.21988407084506134, 0.03858664911700114, 0.2331570247727131, 0.6535520230581787, -0.775120381512511, -0.46003514613089325, 0.14534049556405082, 0.05349977052298524], [-0.03360520062845288, -0.08913277675824197, 0.3043206775703254, -0.7135018860974587, 0.5766037820282479, 0.4432498151065165, -0.5402084365863232, -0.04181490553236105, -0.028068070215758086, 0.5471044583451147, 0.19736102030064465, -0.01281825910900685], [-0.5281446614634765, -0.7794458422967924, -0.2860189346120503, -0.2919664231001352, 0.11988689414212618, -0.4057054511378072, 0.36602318806938405, 0.3740280773389901, -0.0025173416538866004, 0.31704221609546146, 0.7447241059802844, 0.024609703929516533]], "inverted": false, "swapped": false, "error_lsq": 0.03815458869132455, "error_max": 0.21434988251574513, "target": "755.xyz", "model": "1.xyz", "model_rescale": 3.9405287249114394, "target_rescale": 3.6949021197189107},
{"mapping": [4, 7, 6, 1, 11, 3, 2, 0, 8, 9, 5, 12], "R": [[0.07549326477634191, -0.8789862059470095, -0.47083332159936453], [0.17283159944130452, 0.47656848829631315, -0.8619812725329521], [0.9820539726552557, -0.01630109560270193, 0.18789430293168005]], "T": [0.0611156166423833, 0.07201192430329806, -0.07288488130002084], "aligned_model": [[-0.3707002568880373, 0.3386116342620836, 0.5368936973513374, 0.293779183906664, 0.2684315812924336, -0.09341845764904882, 0.005129317705023256, 0.7961209862143056, -0.7059087180623018, -0.4628453718663633, 0.18695937330346735, 0.026670260400701203], [-0.2901706604874069, 0.026132796015962162, 0.2990761869860483, -0.6737817717095587, 0.6440761889050441, 0.3621519140650035, -0.39434544678043626, -0.12782662243995896, 0.18314588768675596, 0.4898506320304254, 0.0893733581287136, 0.0018077560226540806], [-0.49008333350747313, -0.8143704974443546, -0.20491795260666967, -0.20283009981000738, 0.29775895987916967, -0.5405788889512402, 0.42061888189614305, 0.2774887053355355, -0.07644609784521031, 0.3757316631295406, 0.6426136930533461, -0.03246950183716547]], "inverted": true, "swapped": false, "error_lsq": 0.04846652964627346, "error_max": 0.3150248336423671, "target": "755.xyz", "model": "2.xyz", "model_rescale": 3.932901565614263, "target_rescale": 3.6949021197189107},
{"mapping": [3, 8, 9, 11, 5, 7, 10, 12, 0, 4, 6, 13], "R": [[0.22154730655273203, -0.19349192232167434, 0.9557602560032998], [-0.7545045670657973, -0.6549297838958958, 0.04230645864320948], [0.61776989991103, -0.7304983601366528, -0.2910884686853423]], "T": [-0.057298628961540726, -0.0244206211000847, -0.04450330095208452], "aligned_model": [[-0.3274201059196421, 0.21657190650843836, 0.5570186417110178, 0.29781356387206914, 0.3143011996937132, -0.04001082729802202, 0.2923420475140649, 0.6015332105639919, -0.7223631450198801, -0.48246452419259866, 0.08330566449144094, 0.029095598045672008], [-0.1904904779347601, -0.14302603602414782, 0.300606867002811, -0.7929502511791183, 0.5136248687261391, 0.5819612786985425, -0.486322489742644, 0.021389090020421837, 0.05685244880831163, 0.6720011526250694, 0.08456774136532283, -0.008723973942701517], [-0.4446790978440297, -0.7151107948589055, -0.28275602878491735, -0.32904896786500315, 0.2541943787772899, -0.4209932355551135, 0.3768558112069209, 0.33886582633126083, -0.03865464890577969, 0.26767786304033026, 0.6150755269308725, 0.031088898818688718]], "inverted": false, "swapped": false, "error_lsq": 0.04761164696753533, "error_max": 0.2524665258680932, "target": "755.xyz", "model": "3.xyz", "model_rescale": 3.9243930471874484, "target_rescale": 3.6949021197189107},
{"mapping": [8, 4, 3, 7, 6, 10, 1, 0, 9, 11, 5, 12], "R": [[0.5091182139380636, -0.7886243400960289, -0.3447757161469177], [-0.1223120103264198, -0.46280360224493317, 0.877982117061062], [-0.8519615110827641, -0.40482647635402685, -0.3320799718085337]], "T": [0.029602867211029664, 0.06996461974839441, -0.08472519435282279], "aligned_model": [[-0.3628003022981386, 0.2903877919088737, 0.6342394412189596, 0.20843078952353225, 0.2652720378123469, -0.1385668460623271, 0.03372618747504907, 0.7040792519861817, -0.6391351552574874, -0.500385188931372, 0.24351240304603022, 0.08096281954861662], [-0.16101131679273345, -0.11304639809320066, 0.33798119084979417, -0.6713771565122003, 0.679518877693483, 0.5592290897674498, -0.5042397109430344, -0.1977020347373099, -0.09105108418797814, 0.5785478890362593, 0.1383580720083555, 0.05428280033436168], [-0.5194736713074125, -0.5855899064647859, -0.2093650810331139, -0.33241795541853664, 0.22255344692543244, -0.5637522765031356, 0.34004849224710487, 0.3588495139181337, 0.07196172969525057, 0.2095362539111047, 0.6385922642652465, 0.021572721056326197]], "inverted": false, "swapped": false, "error_lsq": 0.03505782371730363, "error_max": 0.18839209781426267, "target": "755.xyz", "model": "4.xyz", "model_rescale": 3.8936222436046832, "target_rescale": 3.6949021197189107},
{"mapping": [1, 5, 7, 4, 8, 6, 2, 10, 0, 9, 3, 11], "R": [[0.06898037544444802, 0.931306475839556, 0.35764501375365204], [0.6696973857087531, -0.30894378696845415, 0.6753215145902374], [0.7394235047511033, 0.1929299991004439, -0.6450045705796962]], "T": [0.11094154128368933, 0.11796331340098076, 0.015823414465126518], "aligned_model": [[-0.5126607157232912, 0.23461775925127323, 0.6494997737650565, 0.4128292481167033, 0.3294244074937176, 0.028724885517185494, -0.020346720477026847, 0.6101869946491081, -0.6717605829157811, -0.306465594410282, -0.050009394746489993, 0.11568316945009145], [-0.18763480006830885, -0.11135056830227175, 0.364267877410981, -0.5658140832375813, 0.6583514632990202, 0.5203898106362408, -0.565416254423732, -0.12611785559992345, -0.0776879769995468, 0.5712408939823672, 0.10320611543207703, 0.026055596293924607], [-0.3852236965590766, -0.7518289767994907, -0.2469247907855367, -0.25238710586572394, 0.46981538680962615, -0.6667467020395789, 0.2858497530465343, 0.31689775697569994, 0.3788885137452231, 0.06426577026350815, 0.5673295827173995, -0.12741996021697038]], "inverted": false, "swapped": false, "error_lsq": 0.06115895953715525, "error_max": 0.381233630085659, "target": "755.xyz", "model": "5.xyz", "model_rescale": 3.6523030999806103, "target_rescale": 3.6949021197189107},
{"mapping": [6, 1, 5, 2, 7, 8, 4, 3, 10, 9, 11, 12], "R": [[0.34244446604582657, -0.7102814770948155, 0.6150056999496802], [-0.46055664780633065, -0.6974469380896812, -0.5490494902198929], [0.8189135252491464, -0.09522600403952633, -0.5659617003991347]], "T": [0.07890475218318696, 0.07212082623747551, -0.08721919359626712], "aligned_model": [[-0.3387838530897964, 0.4397533629828174, 0.48581392384702027, 0.12070612311856357, 0.43439204211855276, -0.15546115297502908, 0.018104990270830873, 0.6695920506012008, -0.6349524536122906, -0.3887806676344997, -0.007221140772689344, 0.1765600051155839], [-0.11820381742844857, -0.24815993322029017, 0.5370029791988201, -0.6793589272066939, 0.4429194102160244, 0.531928633067901, -0.35795630719280436, -0.13870209952861925, -0.17571836210805122, 0.5546893158401046, 0.15480619538351162, 0.1062431314017924], [-0.5475855923599676, -0.5868024010788409, -0.3739473572994905, -0.18592309301534538, 0.36328636298555367, -0.5200615505157986, 0.2875722819987783, 0.21158327026076273, 0.10683406744589363, 0.1793532658087384, 0.7847409336072164, -0.06653465654588597]], "inverted": false, "swapped": false, "error_lsq": 0.060238744348388364, "error_max": 0.41988636825761877, "target": "755.xyz", "model": "6.xyz", "model_rescale": 4.08911054899281, "target_rescale": 3.6949021197189107},
{"mapping": [6, 3, 8, 0, 10, 4, 1, 9, 7, 12, 11, 14], "R": [[0.7435163064902961, 0.606301915626972, -0.28210191259559475], [0.5161168215753205, -0.7885280745217679, -0.33443519877247174], [-0.42521397962674906, 0.103060481262499, -0.8992060991407504]], "T": [-0.057721561645062675, 0.09160805702553236, 0.028120629767833572], "aligned_model": [[-0.209658125534189, 0.34552823860209037, 0.516599172112501, 0.1582357352402628, 0.14162780682894457, 0.03171080417351495, 0.11503425413370014, 0.6683254714760923, -0.8083020711322124, -0.39098327779744224, 0.17109781590073914, 0.08050740596626288], [-0.18137765418351587, -0.16886296553336783, 0.40151308854255474, -0.7277576262182509, 0.7562896612215187, 0.43393083449439185, -0.5242985478589891, -0.18123035879216315, 0.027592731079208413, 0.5145147648222641, 0.22515714182648744, 0.03401914902310775], [-0.3611569684608996, -0.6011614065827408, -0.17002966546684675, -0.3801176660206933, 0.2223707078487653, -0.5815239040978879, 0.38695282039408113, 0.14201625065752996, -0.1502607071467878, 0.4951200548840726, 0.5518929060153798, 0.09841310926764145]], "inverted": true, "swapped": false, "error_lsq": 0.053373083493099244, "error_max": 0.30613716775175664, "target": "755.xyz", "model": "7.xyz", "model_rescale": 3.964800864290218, "target_rescale": 3.6949021197189107},
{"mapping": [6, 11, 9, 10, 7, 4, 5, 8, 3, 0, 1, 13], "R": [[-0.6346317540854626, 0.1829162186707702, -0.7508556410213594], [-0.7579857758227456, -0.3367449598379172, 0.5586236619354308], [-0.15066552477856343, 0.9236582100381867, 0.35235693646110267]], "T": [0.028044607116769177, 0.1627462723426357, -0.03800746075089753], "aligned_model": [[-0.36257286611440676, 0.22100658720271857, 0.6251790331106634, 0.2440898305809052, 0.4531287521049313, -0.09299215587962967, 0.13282593321694516, 0.6565611430649535, -0.5693067252462503, -0.6103005548225516, 0.03608648270754797, 0.08601777004443778], [0.09886557403166746, 0.03165998873550274, -0.0928029765250544, -0.6138180908000798, 0.6223265187188625, 0.5904504218911367, -0.5336375936311616, -0.0909892060913419, -0.23819085374549034, 0.3314370608488021, 0.3882454542928968, 0.1159439206975063], [-0.46208654437603147, -0.8334415466342348, -0.26600260430600997, -0.19740088697140448, 0.30102444303127296, -0.5834546694486682, 0.4127043184167406, 0.32481874066081995, 0.05355400685817244, 0.23987424901887802, 0.6776777621992067, -0.01475173715712742]], "inverted": true, "swapped": false, "error_lsq": 0.053770273125069094, "error_max": 0.2879996855074576, "target": "755.xyz", "model": "8.xyz", "model_rescale": 4.121658175737393, "target_rescale": 3.6949021197189107},
{"mapping": [7, 11, 3, 8, 0, 5, 6, 2, 9, 4, 1, 12], "R": [[-0.37250748806199185, -0.6749711181196325, 0.6369082830691389], [0.9031989254682706, -0.42137603002566704, 0.08169420023948909], [0.21323665813060036, 0.6056865782103329, 0.7665989150821648]], "T": [0.0861540074549094, 0.05920856074798329, -0.12596538822921372], "aligned_model": [[-0.2822401204466897, 0.36098036381480236, 0.8355089898676478, 0.2676091945647611, 0.2804571461011131, -0.23910944933681905, -0.19373978012708565, 0.6623872996110964, -0.7224433761326028, -0.41337778864283614, 0.17178984959147098, 0.09190090110540625], [-0.2229387423476826, -0.1367675574908502, 0.22060663989687898, -0.6461857741653532, 0.7341293552149956, 0.5417220914982076, -0.4362639633093354, -0.07963736697791313, -0.09202623896783113, 0.4957424257358368, 0.1581287425800142, 0.07298060675627874], [-0.6157506229971351, -0.6636417867102034, -0.3133200301526888, -0.13276134808783124, 0.2283684298442652, -0.33357628051240823, 0.26944388792809654, 0.23600622975162105, 0.002440700587844513, 0.46397875075756495, 0.5506534231272329, -0.039325822244743916]], "inverted": true, "swapped": false, "error_lsq": 0.05122131196546636, "error_max": 0.31605408079390374, "target": "755.xyz", "model": "9.xyz", "model_rescale": 3.833441315466971, "target_rescale": 3.6949021197189107},
{"mapping": [12, 10, 8, 11, 2, 0, 7, 9, 6, 4, 3, 14], "R": [[-0.08313644362961517, -0.2980143858864479, -0.9509341499522157], [0.7093536641234279, 0.6525250494056403, -0.2665116115534807], [0.6999326474277983, -0.6967054511792553, 0.1571489846032211]], "T": [-0.03960750052513996, 0.122412914309149, -0.1185935512506978], "aligned_model": [[-0.3892519957591971, 0.39959814775316316, 0.7088597878643217, 0.17488278576712862, 0.38243587844558097, -0.09524909966430949, 0.12367741636336184, 0.6221221854131049, -0.6869433891257518, -0.5251301966076802, 0.09051750479689834, 0.014204204723643761], [-0.21478851698309134, -0.0416016721311919, -0.07069411013882321, -0.5107434352911108, 0.5897958542005167, 0.5182435306731727, -0.381510285639997, 0.0834764764275106, -0.01388037235870268, 0.3564475625086856, 0.17362639329546622, 0.12111879386081136], [-0.47505389827089367, -0.7938355504444011, -0.21892180099381203, -0.2544023694132331, 0.22793614256083283, -0.6699963960908194, 0.2855270016187943, 0.34885473795985816, 0.03506176230482595, 0.46912072892386036, 0.7385916751197111, -0.040366501983109176]], "inverted": true, "swapped": false, "error_lsq": 0.047988283907880264, "error_max": 0.26508044304280015, "target": "755.xyz", "model": "10.xyz", "model_rescale": 4.2482417240324, "target_rescale": 3.6949021197189107},
{"mapping": [1, 3, 7, 2, 9, 8, 6, 5, 0, 10, 4, 11], "R": [[0.7591467825868096, 0.6412858101544974, 0.11157361777134084], [-0.07979918413656789, 0.2618061397867274, -0.9618158011704272], [-0.6460094834437289, 0.721255887230366, 0.24992337312925345]], "T": [0.04455072396318899, 0.000587833343793108, -0.06657313628576031], "aligned_model": [[-0.4665427248919091, 0.306650060497597, 0.636398776825345, 0.3017756690545384, 0.3282085444404312, -0.1303508581107482, 0.02599672391413109, 0.6079155370696627, -0.6797622083791546, -0.2677928902688532, 0.07329090984603623, 0.08393568997318815], [-0.27152289286088066, 0.028681015271681397, 0.27646826544281444, -0.6236949355610041, 0.71650282638655, 0.3984215713413858, -0.5018138994313023, -0.08717672105488292, -0.008278781579779498, 0.5419310678161939, 0.07033340444964856, 0.06963929820282153], [-0.47140123928747635, -0.8337669432010241, -0.24591113059673644, -0.3696632853437416, 0.22722078086977884, -0.5001577098740173, 0.3429758670456329, 0.4224091135620637, 0.1550834339197831, 0.08960410813197447, 0.8052921843107083, 0.03083035175466861]], "inverted": false, "swapped": false, "error_lsq": 0.04910526228546361, "error_max": 0.38851433848209077, "target": "755.xyz", "model": "11.xyz", "model_rescale": 3.6694154284099745, "target_rescale": 3.6949021197189107},
{"mapping": [10, 9, 11, 7, 4, 8, 5, 6, 12, 1, 0, 13], "R": [[-0.661832490269906, 0.6282934147958268, -0.4089317054806755], [-0.742895437139651, -0.4766197124357747, 0.4700425716833809], [0.10041974059029313, 0.6148829438534122, 0.782198722229805]], "T": [0.03619127290868836, 0.0703585421908173, -0.035042171845228426], "aligned_model": [[-0.32488966851214623, 0.2951810231185793, 0.6866926755774232, 0.1758935893762556, 0.33976750293119246, 0.0569890901506111, 0.08301903865396343, 0.505190125180237, -0.563722553112098, -0.4791423530712741, 0.025107599866002542, 0.019637159811518277], [-0.2105806663806453, -0.0817544414548064, 0.27885458650531914, -0.6094154092562896, 0.6680500737438569, 0.5405835818707456, -0.5898639156797133, -0.09029158826333822, -0.19761898468540642, 0.6357532952731829, 0.14529716425600436, 0.12047652249433655], [-0.4757489929160241, -0.7796710837085358, -0.3150528386747049, -0.30066588346963563, 0.27846214299812044, -0.6275400318979641, 0.4193632186987031, 0.23714608213848562, 0.1383358737802006, 0.3272195032224452, 0.6755907992026341, 0.07507674191788971]], "inverted": true, "swapped": false, "error_lsq": 0.039723734834147095, "error_max": 0.1962202788063399, "target": "755.xyz", "model": "12.xyz", "model_rescale": 3.9764082729961374, "target_rescale": 3.6949021197189107},
{"mapping": [1, 8, 3, 11, 4, 2, 13, 14, 12, 5, 6, 15], "R": [[0.41085727006421685, -0.8349559338660006, -0.3661214172065523], [0.0033108485676207056, -0.40021207604139075, 0.9164165714741319], [-0.9116936667089126, -0.3777285833672046, -0.1616656283514319]], "T": [-0.037772969404353596, 0.12107447820261572, -0.042266450247051224], "aligned_model": [[-0.42930402094314635, 0.26353135466315686, 0.7669103574618322, 0.3975343483395537, 0.1946864157505894, -0.10743678783103197, -0.05453070892277209, 0.5696752619260352, -0.5553288000261665, -0.46895467523267376, 0.18638883179317906, 0.05655165299170864], [-0.021605513415942967, -0.09197254086826359, 0.08451586508408082, -0.5198380127065602, 0.7290939060043087, 0.4313389971814914, -0.3667503464154297, -0.2552408669797853, -0.2470195766934208, 0.5896510330652105, 0.10982664062393196, 0.1674906335436257], [-0.5215037963853202, -0.6451590680586994, -0.2863804780783663, -0.21628776177127543, 0.2612771733860534, -0.7738007246123343, 0.32682251577537685, 0.31578584594570075, 0.0198323733152942, 0.5030245313644184, 0.6879963645894385, -0.019091444178671955]], "inverted": true, "swapped": false, "error_lsq": 0.04812387020053344, "error_max": 0.25988688002185834, "target": "755.xyz", "model": "13.xyz", "model_rescale": 4.170626492500431, "target_rescale": 3.6949021197189107},
{"mapping": [4, 8, 10, 7, 11, 12, 0, 9, 2, 6, 3, 13], "R": [[0.21449649742212532, -0.47338510266191247, 0.8543405627566861], [-0.5637593767109916, 0.654281342209512, 0.504074687330116], [-0.7976005377155125, -0.5897647580300899, -0.12653423418836118]], "T": [0.03206569161560606, 0.013705349875649427, 0.009305951873008183], "aligned_model": [[-0.47034247879881336, 0.12636163356812508, 0.5275132709893493, 0.4888184968033851, 0.3053823841436129, 0.13656912560153767, -0.0762779945819974, 0.7619039320155059, -0.5606420086726929, -0.4194420174863432, -0.032622749300432324, 0.032501635689027995], [0.026917224211120395, -0.2079313802972641, 0.0890543513877135, -0.5950131610947379, 0.6107220776594952, 0.43728938402655526, -0.5697650513087194, 0.11877127914547492, -0.18900265837989177, 0.6506699669617868, 0.12443275937432094, 0.11334542673739281], [-0.4911684303588899, -0.6932192989005637, -0.24988997602452376, -0.2704590427991224, 0.2710857514431164, -0.5783688897560726, 0.06998826503549066, 0.34487074713694027, 0.21064947087566174, 0.32220550801188713, 0.6868223360493979, 0.029999090578292243]], "inverted": false, "swapped": false, "error_lsq": 0.0572950248916983, "error_max": 0.2950167668310554, "target": "755.xyz", "model": "14.xyz", "model_rescale": 3.9786697098870705, "target_rescale": 3.6949021197189107},
{"mapping": [9, 6, 7, 6, 5, 8, 1, 10, 0, 2, 4, 11], "R": [[-0.4042561197774769, 0.673493882642086, 0.6188561865782282], [0.8907884973568541, 0.44343445336461074, 0.09930628653789797], [-0.20753997831544774, 0.5914151465873336, -0.779201695190601]], "T": [0.01515514045004078, 0.08911648062106348, -0.03591898077309754], "aligned_model": [[-0.2788128000907539, 0.26750348835448745, 0.6186475547490122, 0.26750348835448745, 0.2918342368503433, -0.06428922501577544, 0.13056390201362514, 0.6720360725310615, -0.5974072935866983, -0.5466182546236984, 0.04358365125465989, 0.015178409179513474], [-0.038659631209908174, -0.48788899596553315, 0.19189062620670547, -0.48788899596553315, 0.8137123519222172, 0.5698955508036266, -0.5333293030635008, -0.13505415669304832, -0.16427507352404708, 0.6409017345552299, 0.22178090125287012, 0.018405210104167874], [-0.5694640896709183, -0.5162737268752744, -0.28513853512916365, -0.5162737268752744, 0.17161195339909158, -0.22238132145377884, 0.2088547016766509, 0.42296657678068017, 0.17471238150150462, 0.3298556799063501, 0.5611628405571171, -0.1071172025253706]], "inverted": false, "swapped": false, "error_lsq": 0.06338361418917547, "error_max": 0.4364748041017868, "target": "755.xyz", "model": "15.xyz", "model_rescale": 3.769337070930944, "target_rescale": 3.6949021197189107},
{"mapping": [3, 6, 2, 7, 1, 0, 5, 8, 4, 10, 11], "R": [[0.563950450037704, -0.48993868209715785, 0.6647706203549998], [-0.7667603116779893, -0.6095861608325981, 0.2012047140522478], [0.30665699786201506, -0.6231892170972425, -0.71944192632622]], "T": [0.01787342234687194, -0.05776618092190828, 0.0573123945124176], "aligned_model": [[-0.23540172421959993, -0.4270577701802275, -0.09360567789030252, -0.6183014472625175, 0.28372010147664334, 0.4816440716492387, 0.6208150462660926, 0.3258090271277251, 0.01952521331128445, -0.4038797067051086, -0.030641002882057164], [-0.22110324864742714, -0.3406018444410226, 0.6481236861314288, 0.3489336364626893, 0.24398664602449344, -0.3147649950857047, 0.30728425752497784, -0.6670405309727588, 0.5152759480314472, -0.00581401069523594, 0.08178495329245475], [-0.6955059436842239, -0.019274518775822425, -0.2487118294324649, -0.0036324122822130045, -0.6073042519180891, -0.2135299589376543, -0.0487249205679085, 0.24362374551968727, 0.6071899297405614, 0.6767900054923437, 0.053297762069561216]], "inverted": true, "swapped": true, "error_lsq": 0.05434140387326301, "error_max": 0.3740059025349989, "target": "755.xyz", "model": "16.xyz", "model_rescale": 3.7852294659196426, "target_rescale": 3.6949021197189107},
{"mapping": [4, 10, 9, 6, 8, 0, 7, 11, 1, 3, 2, 12], "R": [[-0.7215071920233722, -0.6901656715556393, -0.055666126726239995], [-0.5293622535031445, 0.49800236638890133, 0.6868546044375963], [-0.4463216064953847, 0.5250380832636883, -0.7246599441794551]], "T": [-0.0050515139821954574, 0.05713137241514322, -0.0071535127566015565], "aligned_model": [[-0.4383359441316172, 0.39727379227252546, 0.6681913681081416, 0.32015623889004674, 0.3877400451251819, -0.12163216873459458, 0.06534807740442021, 0.6311556759600515, -0.6262309171564627, -0.479837996272907, -0.06089828691224969, 0.07679334541772873], [-0.008535401644430944, -0.21885577460671968, 0.4545115449676635, -0.74005124678472, 0.5403887777816364, 0.5757974728107628, -0.5444995385302822, -0.10441188486999103, -0.09092306730328342, 0.6434062888709265, 0.05012113739013086, 0.052541910341553456], [-0.5636956607241153, -0.6484182926290951, -0.3760638076640041, -0.22193951094879474, 0.18358972435787604, -0.4351039572903399, 0.3457078618708807, 0.32007158090947413, 0.250664613446335, 0.24455045966205527, 0.6018776979284189, -0.04872517762707701]], "inverted": true, "swapped": false, "error_lsq": 0.05261511515964207, "error_max": 0.28509273568651844, "target": "755.xyz", "model": "17.xyz", "model_rescale": 3.901054581598922, "target_rescale": 3.6949021197189107},
{"mapping": [8, 2, 13, 0, 9, 5, 7, 12, 4, 10, 11, 14], "R": [[0.3777641241026369, 0.901050974684575, -0.21307606050644223], [-0.3744065175780338, 0.35913057049485436, 0.8548947262272296], [0.8468258534882228, -0.2431714916597295, 0.4730260029934137]], "T": [0.015749756299007198, -0.03693198150045927, -0.00696999305897451], "aligned_model": [[-0.39508372539687375, 0.3060844619524568, 0.5929676607300856, 0.2068903264480102, 0.21988407084506134, 0.03858664911700114, 0.2331570247727131, 0.6535520230581787, -0.775120381512511, -0.46003514613089325, 0.14534049556405082, 0.05349977052298524], [-0.03360520062845288, -0.08913277675824197, 0.3043206775703254, -0.7135018860974587, 0.5766037820282479, 0.4432498151065165, -0.5402084365863232, -0.04181490553236105, -0.028068070215758086, 0.5471044583451147, 0.19736102030064465, -0.01281825910900685], [-0.5281446614634765, -0.7794458422967924, -0.2860189346120503, -0.2919664231001352, 0.11988689414212618, -0.4057054511378072, 0.36602318806938405, 0.3740280773389901, -0.0025173416538866004, 0.31704221609546146, 0.7447241059802844, 0.024609703929516533]], "inverted": false, "swapped": false, "error_lsq": 0.03815458869132455, "error_max": 0.21434988251574513, "target": "755.xyz", "model": "18.xyz", "model_rescale": 3.9405287249114394, "target_rescale": 3.6949021197189107},
{"mapping": [12, 3, 10, 14, 5, 1, 13, 11, 4, 8, 9, 15], "R": [[0.9726751332083495, 0.05128991573028979, 0.22643416213658943], [0.2321031972732066, -0.1913555039757828, -0.9536829540857533], [-0.0055848951354909165, 0.9801797874076744, -0.19803129374866904]], "T": [-0.05322435603809503, 0.07851238861335201, -0.03594206973279429], "aligned_model": [[-0.2571272182778521, 0.22640104344044373, 0.6927281573048669, 0.4070440075262334, 0.2960602312664703, -0.14696793156717997, 0.06463334291213056, 0.5559145471196554, -0.7689805921557327, -0.3407246449115935, 0.11098298949272892, -0.02024070217990652], [-0.27922867145566704, -0.05646597274466465, 0.09201423374596406, -0.5078493288853404, 0.700282666945601, 0.4251177505225765, -0.4972400999531816, -0.07958259492456139, -0.06662400385744056, 0.6727800155929654, 0.10726804319901499, 0.0990181802379798], [-0.39730617824458586, -0.8290492962826079, -0.28348314705504235, -0.24587523011958112, 0.3914507715888457, -0.5896534468258037, 0.289555211484067, 0.3150123072733, 2.2727713527258275e-05, 0.3334651946213745, 0.713203381404437, -0.044826764266316016]], "inverted": false, "swapped": false, "error_lsq": 0.04612560296095045, "error_max": 0.26132485777626224, "target": "755.xyz", "model": "19.xyz", "model_rescale": 4.410303926677745, "target_rescale": 3.6949021197189107},
{"mapping": [6, 11, 9, 10, 7, 4, 5, 8, 3, 0, 1, 13], "R": [[-0.6346317540854626, 0.1829162186707702, -0.7508556410213594], [-0.7579857758227456, -0.3367449598379172, 0.5586236619354308], [-0.15066552477856343, 0.9236582100381867, 0.35235693646110267]], "T": [0.028044607116769177, 0.1627462723426357, -0.03800746075089753], "aligned_model": [[-0.36257286611440676, 0.22100658720271857, 0.6251790331106634, 0.2440898305809052, 0.4531287521049313, -0.09299215587962967, 0.13282593321694516, 0.6565611430649535, -0.5693067252462503, -0.6103005548225516, 0.03608648270754797, 0.08601777004443778], [0.09886557403166746, 0.03165998873550274, -0.0928029765250544, -0.6138180908000798, 0.6223265187188625, 0.5904504218911367, -0.5336375936311616, -0.0909892060913419, -0.23819085374549034, 0.3314370608488021, 0.3882454542928968, 0.1159439206975063], [-0.46208654437603147, -0.8334415466342348, -0.26600260430600997, -0.19740088697140448, 0.30102444303127296, -0.5834546694486682, 0.4127043184167406, 0.32481874066081995, 0.05355400685817244, 0.23987424901887802, 0.6776777621992067, -0.01475173715712742]], "inverted": true, "swapped": false, "error_lsq": 0.053770273125069094, "error_max": 0.2879996855074576, "target": "755.xyz", "model": "20.xyz", "model_rescale": 4.121658175737393, "target_rescale": 3.6949021197189107},
{"mapping": [6, 1, 5, 2, 7, 8, 4, 3, 10, 9, 11, 12], "R": [[0.34244446604582657, -0.7102814770948155, 0.6150056999496802], [-0.46055664780633065, -0.6974469380896812, -0.5490494902198929], [0.8189135252491464, -0.09522600403952633, -0.5659617003991347]], "T": [0.07890475218318696, 0.07212082623747551, -0.08721919359626712], "aligned_model": [[-0.3387838530897964, 0.4397533629828174, 0.48581392384702027, 0.12070612311856357, 0.43439204211855276, -0.15546115297502908, 0.018104990270830873, 0.6695920506012008, -0.6349524536122906, -0.3887806676344997, -0.007221140772689344, 0.1765600051155839], [-0.11820381742844857, -0.24815993322029017, 0.5370029791988201, -0.6793589272066939, 0.4429194102160244, 0.531928633067901, -0.35795630719280436, -0.13870209952861925, -0.17571836210805122, 0.5546893158401046, 0.15480619538351162, 0.1062431314017924], [-0.5475855923599676, -0.5868024010788409, -0.3739473572994905, -0.18592309301534538, 0.36328636298555367, -0.5200615505157986, 0.2875722819987783, 0.21158327026076273, 0.10683406744589363, 0.1793532658087384, 0.7847409336072164, -0.06653465654588597]], "inverted": false, "swapped": false, "error_lsq": 0.060238744348388364, "error_max": 0.41988636825761877, "target": "755.xyz", "model": "21.xyz", "model_rescale": 4.08911054899281, "target_rescale": 3.6949021197189107},
{"mapping": [6, 7, 13, 10, 2, 0, 5, 14, 8, 1, 15, 16], "R": [[-0.9363531259974003, 0.1049881134980773, -0.33499301404508647], [0.18087374987755483, 0.9621084327834709, -0.20403933486503284], [0.3008778988894471, -0.251644311660423, -0.9198628323662301]], "T": [0.1463821716822007, 0.040923211513949447, 0.0449131531743894], "aligned_model": [[-0.3320857189580715, 0.28721816095435015, 0.6463000465938726, 0.18857586535680548, 0.19921036915929233, -0.11110272180258712, -0.1157303492823108, 0.6952292408472538, -0.5353939518747162, -0.44379800585977724, 0.18380928683640163, 0.1574910079997515], [-0.1244866179419453, -0.13516586115172952, 0.20446665731087177, -0.678970428804198, 0.6978625365351032, 0.48646357590770734, -0.5981189358783826, 0.002994874974436991, -0.08177423895075844, 0.5260183131846761, 0.24206241072590579, 0.06813793251155906], [-0.5021446083983617, -0.6295896641828918, -0.3551688705518773, -0.3171755763637115, 0.3396905847483225, -0.5341159579264939, 0.18861845634025468, 0.375293119127745, 0.07472373950269376, 0.26024657286958214, 0.7446625736713128, 0.007475162455039673]], "inverted": true, "swapped": false, "error_lsq": 0.03607491957407634, "error_max": 0.25979251138606313, "target": "755.xyz", "model": "22.xyz", "model_rescale": 4.204369325754507, "target_rescale": 3.6949021197189107},
{"mapping": [12, 3, 10, 14, 5, 1, 13, 11, 4, 8, 9, 15], "R": [[0.9726751332083495, 0.05128991573028979, 0.22643416213658943], [0.2321031972732066, -0.1913555039757828, -0.9536829540857533], [-0.0055848951354909165, 0.9801797874076744, -0.19803129374866904]], "T": [-0.05322435603809503, 0.07851238861335201, -0.03594206973279429], "aligned_model": [[-0.2571272182778521, 0.22640104344044373, 0.6927281573048669, 0.4070440075262334, 0.2960602312664703, -0.14696793156717997, 0.06463334291213056, 0.5559145471196554, -0.7689805921557327, -0.3407246449115935, 0.11098298949272892, -0.02024070217990652], [-0.27922867145566704, -0.05646597274466465, 0.09201423374596406, -0.5078493288853404, 0.700282666945601, 0.4251177505225765, -0.4972400999531816, -0.07958259492456139, -0.06662400385744056, 0.6727800155929654, 0.10726804319901499, 0.0990181802379798], [-0.39730617824458586, -0.8290492962826079, -0.28348314705504235, -0.24587523011958112, 0.3914507715888457, -0.5896534468258037, 0.289555211484067, 0.3150123072733, 2.2727713527258275e-05, 0.3334651946213745, 0.713203381404437, -0.044826764266316016]], "inverted": false, "swapped": false, "error_lsq": 0.04612560296095045, "error_max": 0.26132485777626224, "target": "755.xyz", "model": "23.xyz", "model_rescale": 4.410303926677745, "target_rescale": 3.6949021197189107},
{"mapping": [14, 9, 10, 15, 1, 11, 5, 4, 13, 7, 0, 16], "R": [[0.021022278916693837, 0.9994316978653813, -0.02635042866956472], [-0.7581051903235044, 0.03311771202915559, 0.6512908240982037], [0.6517933600411346, 0.00628477938157046, 0.7583705673049377]], "T": [0.0673332786263892, 0.007492583447219071, 0.0022046849589973626], "aligned_model": [[-0.3242049423628043, 0.28093935811517284, 0.5965983426622875, 0.0940851914367172, 0.22147302063909147, -0.06139850728829381, 0.15330968297882347, 0.6764668865027599, -0.6318725648376441, -0.3467635556898687, 0.02378756711445526, 0.1373027506995677], [-0.176916534615954, -0.08838424842127779, 0.2780137966997368, -0.6086330042959626, 0.8304849161742609, 0.43345426529485104, -0.5152541978036513, -0.2105878657660871, -0.06414638165756997, 0.4779956670688863, 0.1799826506835103, 0.07348115506250372], [-0.5182192659641089, -0.5788289281346648, -0.26327735105676997, -0.35694401143827054, 0.18998090756211863, -0.44802443393883207, 0.341241399806245, 0.2373249486913875, 0.015076008651667448, 0.22374826260017822, 0.7361915777574362, 0.07424641675522783]], "inverted": true, "swapped": false, "error_lsq": 0.04071521467028368, "error_max": 0.2521712104071834, "target": "755.xyz", "model": "24.xyz", "model_rescale": 4.28219845311461, "target_rescale": 3.6949021197189107},
{"mapping": [2, 6, 8, 10, 3, 0, 11, 5, 13, 7, 9, 15], "R": [[-0.8961994816587499, -0.43866542625058214, -0.06632595937476876], [0.27230205713419686, -0.4258554104794702, -0.8628434151373278], [0.35025430583373696, -0.7913405165778872, 0.501100896094958]], "T": [-0.02093828328865098, 0.060127251755421704, 0.01079733882192507], "aligned_model": [[-0.4520096702015193, 0.2579618962327658, 0.6162353330646079, 0.37930106843179195, 0.20451811531489877, 0.022753817401147465, 0.1336634104629273, 0.7536588525494552, -0.6014792763541335, -0.48475396415215527, 0.011921958681742964, -0.02204831146126476], [-0.0015992822526051248, -0.17438213108075035, -0.07615589457963336, -0.577543555172335, 0.731224450108845, 0.45585634163949085, -0.40562751862928836, 0.009925301488632424, -0.011706806680434084, 0.4807154132678953, 0.08006039064508201, 0.09872350966834732], [-0.5175466010243568, -0.8134703204888967, -0.22874961602649718, -0.2399798972948754, 0.3251908940210225, -0.7012726435482387, 0.24669537061028843, 0.3611681741592215, 0.1143757166629692, 0.47288674394922986, 0.6856281015695359, -0.0524103912977886]], "inverted": false, "swapped": false, "error_lsq": 0.046752552495395415, "error_max": 0.2799781225944736, "target": "755.xyz", "model": "25.xyz", "model_rescale": 4.100010024507729, "target_rescale": 3.6949021197189107},
{"mapping": [1, 3, 7, 2, 9, 8, 6, 5, 0, 10, 4, 11], "R": [[0.7591467825868096, 0.6412858101544974, 0.11157361777134084], [-0.07979918413656789, 0.2618061397867274, -0.9618158011704272], [-0.6460094834437289, 0.721255887230366, 0.24992337312925345]], "T": [0.04455072396318899, 0.000587833343793108, -0.06657313628576031], "aligned_model": [[-0.4665427248919091, 0.306650060497597, 0.636398776825345, 0.3017756690545384, 0.3282085444404312, -0.1303508581107482, 0.02599672391413109, 0.6079155370696627, -0.6797622083791546, -0.2677928902688532, 0.07329090984603623, 0.08393568997318815], [-0.27152289286088066, 0.028681015271681397, 0.27646826544281444, -0.6236949355610041, 0.71650282638655, 0.3984215713413858, -0.5018138994313023, -0.08717672105488292, -0.008278781579779498, 0.5419310678161939, 0.07033340444964856, 0.06963929820282153], [-0.47140123928747635, -0.8337669432010241, -0.24591113059673644, -0.3696632853437416, 0.22722078086977884, -0.5001577098740173, 0.3429758670456329, 0.4224091135620637, 0.1550834339197831, 0.08960410813197447, 0.8052921843107083, 0.03083035175466861]], "inverted": false, "swapped": false, "error_lsq": 0.04910526228546361, "error_max": 0.38851433848209077, "target": "755.xyz", "model": "26.xyz", "model_rescale": 3.6694154284099745, "target_rescale": 3.6949021197189107},
{"mapping": [0, 5, 7, 1, 9, 8, 6, 3, 2, 11, 12, 13], "R": [[0.7510183906755966, 0.4301986034998017, -0.5008997289017607], [0.059947983717882486, 0.711056627406074, 0.7005745583947938], [0.6575542685704332, -0.5561723061864192, 0.5082270651156652]], "T": [0.01040239797254238, 0.16621070118152073, -0.13008791823691795], "aligned_model": [[-0.3357032084221506, 0.263559671403813, 0.6282312074154508, 0.2498358502444397, 0.3030634426228449, 0.12489069772937506, 0.017978512967483894, 0.6554176235157471, -0.5851034310931974, -0.4440282051694858, -0.018223650491236094, -0.04019528075282], [-0.2784724168885677, -0.1972059483155151, 0.13975703645223705, -0.6707952536011877, 0.6811614662269515, 0.6334490648209699, -0.3968553550393359, 0.03636954954019048, -0.06118423775745141, 0.48013398447099287, 0.09672282491818643, 0.14640950359577648], [-0.4756326720080714, -0.7856931603592974, -0.24720448650628238, -0.27753047412631066, 0.20760833284335678, -0.5507278274138394, 0.2624546280149069, 0.33887674406872337, 0.1061196080973413, 0.5265097274959329, 0.6599024600331027, -0.1121673488479483]], "inverted": false, "swapped": false, "error_lsq": 0.04509077565631392, "error_max": 0.23713382450542936, "target": "755.xyz", "model": "27.xyz", "model_rescale": 4.103607728864725, "target_rescale": 3.6949021197189107},
{"mapping": [10, 3, 2, 12, 1, 0, 13, 4, 6, 7, 8, 14], "R": [[0.6123516403255924, -0.1514309057930044, -0.7759472593941333], [-0.3259333525531859, 0.8458379316726969, -0.42228620985901805], [0.7202728082358772, 0.5114947449528335, 0.4685938621041028]], "T": [-0.1563774416497046, -0.03344461811755039, -0.08040798368377544], "aligned_model": [[-0.43196369608338925, 0.23158193922114043, 0.5649548332281602, 0.45143237274470127, 0.30321467832803084, 0.08381863163596073, 0.11342094414337892, 0.6081542048647706, -0.7715138856468666, -0.3216649174157258, 0.04149246008640431, -0.05320433513630114], [-0.3145915646511146, -0.01746478568093112, 0.04191758775356667, -0.5722939002281469, 0.7238850108899212, 0.5149334497583284, -0.4805875274822767, -0.01771452888852631, 0.09039458912283435, 0.4390337553281174, 0.12037587706901615, 0.08160225543245736], [-0.4041113774377147, -0.7228743379128642, -0.20418598406286106, -0.35880032880028256, 0.05408271620526889, -0.4693541008163573, 0.30318631056731954, 0.4062676915921002, 0.006415220982194131, 0.4387504531584051, 0.7002755207238185, -0.09713625290741229]], "inverted": false, "swapped": false, "error_lsq": 0.055406418587806976, "error_max": 0.26588072962193504, "target": "755.xyz", "model": "28.xyz", "model_rescale": 4.137296879288765, "target_rescale": 3.6949021197189107},
{"mapping": [5, 0, 3, 6, 7, 1, 2, 8, 10, 4, 11], "R": [[-0.4122219399886494, -0.47855039630005836, 0.7752822649803439], [-0.8473281354151554, -0.11135490354992739, -0.5192640141481628], [0.33482548159581765, -0.870970495284682, -0.359586280630512]], "T": [-0.0835876149152298, -0.08037560850086159, 0.04196487246201243], "aligned_model": [[0.5481028226300179, 0.06459573426459277, -0.04882622763253082, -0.5002489842353027, -0.07857445983349927, 0.5409393515581372, 0.5159944798548733, -0.4615315318893302, -0.5012006371397362, 0.14271978009118308, -0.0005513169585065064], [-0.3393344877159038, -0.6439435774046958, -0.12374765562673526, 0.07411525864786103, 0.6467018296561973, -0.22138585696749402, 0.38203110635986415, -0.6564451368075427, 0.3890362834043989, 0.3703895078161067, 0.04173054528589569], [0.24678632310534238, -0.08018268383678638, -0.7670303434502235, -0.25189089013736665, -0.1705692256434892, -0.39795181290234016, -0.1342175940950836, 0.20337671841695676, 0.45376467791149655, 0.6554313235369873, 0.04823752887750488]], "inverted": true, "swapped": true, "error_lsq": 0.048382302348096394, "error_max": 0.2472279237469601, "target": "755.xyz", "model": "29.xyz", "model_rescale": 3.607286011436655, "target_rescale": 3.6949021197189107},
