[{"mapping": [9, 4, 8, 11, 7, 10, 3, 13, 5, 2, 6, 14], "R": [[-0.2976674926167015, -0.42349938473713467, -0.8555947258875282], [-0.11628050479079444, -0.8734642356191524, 0.47279918919119124], [-0.9475615589738137, 0.24022593578029452, 0.210757186671292]], "T": [0.11721581044383865, -0.11167102865916664, -0.028259678846210556], "aligned_model": [[-0.1817862426893736, 0.06530777919695015, 0.44449122590886625, -0.016731214229948846, -0.18403991269796566, -0.5599862222533839, 0.4877853135085742, -0.19366968652016858, 0.613965475008238, -0.06113563079963301, -0.5578598511387827, -0.018698570832823128], [-0.2875283128693571, -0.6801910342567489, -0.4221675905734813, 0.6663462421075544, 0.3929513271800916, -0.4532552558688583, -0.12038799739185471, -0.4621739595346156, 0.19653021501449322, 0.20940675962015168, 0.10130538558555319, -0.0872807430358713], [-0.6036790303397901, 0.030543753257935465, -0.6236318846626743, 0.05849738466544578, -0.7088927705977188, -0.005729213943037895, 0.5697438601620812, 0.6552255975612864, -0.03561554238978023, 0.5354948410851081, 0.358452520430888, -0.04845776987618136]], "inverted": false, "swapped": true, "error_lsq": 0.039824736854860404, "error_max": 0.272896116678959, "target": "756.xyz", "model": "0.xyz", "model_rescale": 3.751011558992144, "target_rescale": 3.9358642583540293},
{"mapping": [1, 6, 3, 0, 8, 7, 13, 11, 4, 10, 5, 12, 9, 2, 14], "R": [[0.05382284008264737, 0.4002761736362104, -0.9148125964942723], [0.9985203348937672, -0.014453568644399228, 0.052423612590899116], [0.007761616395881132, -0.916280567933532, -0.4004618310629957]], "T": [0.06455362916000282, 0.0475385214307643, 0.055599873964118696], "aligned_model": [[-0.11417351023353225, 0.3353492271795573, -0.6157833079726184, -0.629106488392259, 0.05085146958057116, -0.2113382325479575, -0.17837279687599783, 0.5083797900915545, 0.5280303539580049, 0.8801201489059816, 0.17440365855410433, -0.12139994682710406, 0.4124419572395568, -0.5112850942674572, 0.07399049931620855], [-0.08858759362342782, -0.5325660397544877, -0.11845468712685973, 0.0029902359672880005, 0.6491262423103088, -0.5233703606323069, 0.20168640286204464, -0.5767959539283438, 0.32579625553094715, 0.12754708431197548, 0.5484153899308497, -0.512193641197096, 0.06967834200540747, 0.6026553872788282, 0.014674745669384343], [-0.6041059998010714, -0.33666813066465384, 0.3605487159008014, -0.24830078427658375, -0.22426208674095438, -0.13836855857595776, 0.7224787088990731, 0.2791077948025163, -0.5217526430423952, 0.08566031082016373, 0.4121687742334543, 0.5073700343053666, 0.6147717266759922, 0.2653452716265329, 0.09843362429873379]], "inverted": true, "swapped": false, "error_lsq": 0.04688879376774983, "error_max": 0.4183831695415056, "target": "756.xyz", "model": "1.xyz", "model_rescale": 3.9405287249114394, "target_rescale": 3.9358642583540293},
{"mapping": [9, 7, 12, 5, 11, 10, 8, 1, 2, 13, 3, 4, 14], "R": [[0.06571377170246735, 0.9628431124641708, 0.2619443471215683], [-0.9953966996810433, 0.04490022147363997, 0.08467219363938394], [0.06976467926338692, -0.2663026678272802, 0.961361419360768]], "T": [-0.03098961023837273, -0.1025740366621549, 0.11376218800847503], "aligned_model": [[-0.22420289437272395, 0.2911357674784754, -0.23899594632598897, 0.5176489540805755, 0.42620670244302034, -0.7247813456492423, 0.09066810435818849, 0.5573767551646459, -0.0408727003895287, -0.6408231287777781, 0.0700014998595978, -0.4900558213092421, -0.09732266727606793], [0.5383808880733078, 0.5617761858085757, 0.18256703110907377, -0.23310182505207544, -0.2501352075053807, 0.05406101481931419, 0.4451804102554118, 0.3731073276135066, -0.6513399056635393, -0.6622710392777352, -0.7586227640597661, -0.08282198746741336, -0.057947535081262866], [0.056483452405047714, -0.3995935962771804, -0.48347033567088227, 0.2679068174166543, -0.5186749231965345, -0.15063994462176122, 0.6068644515891143, 0.13059905446562836, -0.27543915707035893, 0.07507672859987892, 0.3470149216969096, 0.45761586983473435, -0.0006229895826063286]], "inverted": true, "swapped": true, "error_lsq": 0.04321159058930653, "error_max": 0.25692472417316375, "target": "756.xyz", "model": "2.xyz", "model_rescale": 3.932901565614263, "target_rescale": 3.9358642583540293},
{"mapping": [11, 12, 7, 2, 1, 8, 9, 5, 3, 0, 10, 13, 4, 14], "R": [[-0.3700582798313966, -0.7551341266258964, -0.5411370624279701], [0.8736242726011509, -0.08475139373265911, -0.4791636793231329], [0.3159707262553575, -0.6500689594691604, 0.6910664570678752]], "T": [-0.01012725307759101, -0.06480047567745928, 0.058115164380279555], "aligned_model": [[-0.24289891925650667, 0.46396803177566703, 0.07100315111154305, -0.025435044076379216, -0.4041336792670435, -0.13078266652752754, 0.36719660955328104, -0.5909856431356791, -0.3701426117576729, -0.23868869652330343, 0.7459422229086872, 0.3863396517201678, 0.28697213022362333, 0.10145537530384705], [0.24013398297531002, -0.06903820554499518, -0.5266249677512762, 0.5850202950478921, -0.593996185709299, -0.7696146557398581, -0.6000933158984479, -0.08576878072099417, 0.43172873895676533, -0.3001807364945467, -0.00438157110934112, 0.5526374311819747, -0.14380602836940415, -0.05251936247329143], [-0.6373068617663313, -0.44831790548009465, -0.7092153604670905, -0.11571802845584639, -0.3126166213275574, 0.2741351143278976, -0.09196388198668509, -0.004862652809844797, 0.402866749352917, 0.8153793630866013, 0.08044233771388906, 0.4431328839904243, 0.5427360091504033, -0.024794782271584923]], "inverted": true, "swapped": true, "error_lsq": 0.04662223309781077, "error_max": 0.3009036405232687, "target": "756.xyz", "model": "3.xyz", "model_rescale": 3.9243930471874484, "target_rescale": 3.9358642583540293},
{"mapping": [0, 4, 3, 5, 2, 8, 1, 13, 6, 12, 11, 7, 14], "R": [[0.9656575481147285, 0.2292001986508926, -0.12236326535134022], [-0.003565644642907803, -0.4592222842337737, -0.8883142348523951], [-0.2597937373135304, 0.8582436499045634, -0.44263421857235774]], "T": [-0.017476785371442642, -0.10241850164612674, -0.15041946492722547], "aligned_model": [[-0.06498483176882583, -0.19046137180610184, 0.6126679513033133, 0.2291458936857399, 0.5508698719642506, -0.5682385875313588, -0.3282943224236352, 0.37112366508204414, 0.2150284919839046, -0.2775398832339206, 0.31001727152147635, -0.517762458883129, -0.06436580358240486], [-0.6401281163236341, -0.04601679420504011, -0.2807808365331572, -0.5735746249393217, 0.23977152866714557, -0.5960222889938662, -0.5558363541018763, 0.3892368932245215, 0.6603562360262526, 0.44883145495808086, 0.06546501926772731, -0.005439915719403068, 0.021967352354157907], [-0.7746827291559529, -0.6947194413681488, -0.40753901522770886, 0.09246220633121105, -0.038136778316600325, -0.25531042919349073, 0.36971122063558004, -0.6925623265814249, -0.028976381442701926, 0.18086503847846547, 0.5533860715704696, 0.5905053201058323, -0.1079324404645659]], "inverted": true, "swapped": true, "error_lsq": 0.043524591212062154, "error_max": 0.24477902445715838, "target": "756.xyz", "model": "4.xyz", "model_rescale": 3.8936222436046832, "target_rescale": 3.9358642583540293},
{"mapping": [11, 7, 6, 2, 10, 9, 8, 4, 3, 5, 13, 14], "R": [[-0.9013959433120986, -0.23228379360784623, -0.3654170119297127], [-0.2907535797048165, 0.9500669477758946, 0.11329232380276597], [0.32085465442989475, 0.2083675453878155, -0.9239238370989947]], "T": [-0.027964444607742493, -0.08010992369331871, 0.08860933039627464], "aligned_model": [[0.0486030854553089, -0.6554758784657354, -0.1788892889321109, 0.30084385095627714, -0.5178539612286749, -0.6698750250005597, -0.27698160009459827, -0.09752646825339961, 0.6539488529466266, 0.3457780942411882, 0.20655050548980775, -0.13157412489903275], [-0.5567098509375341, -0.6895525727529173, 0.24442411522415286, 0.05255502792846464, 0.46490204323211726, -0.1297306118017175, -0.29877960447767593, 0.39445247749419976, 0.08892992233979563, -0.5178500778756907, 0.6690610539827897, -0.05277901724617734], [-0.5420802840657645, -0.11988334623860539, -0.6342542638627399, -0.48323370474748584, -0.10826681500845006, 0.2807656114603011, 0.7580564178991485, 0.4037584004334359, 0.05085009465717413, 0.1910906294046997, -0.1767202839124897, -0.0007977367437055627]], "inverted": false, "swapped": true, "error_lsq": 0.03942887997623107, "error_max": 0.2017452726716145, "target": "756.xyz", "model": "5.xyz", "model_rescale": 3.6523030999806103, "target_rescale": 3.9358642583540293},
{"mapping": [0, 4, 13, 3, 2, 8, 10, 5, 9, 7, 6, 11, 14], "R": [[-0.9079277967302147, -0.4186182387579177, 0.020637008112546512], [-0.21243826912588826, 0.5020782490161821, 0.8383241698028523], [-0.36129918036914366, 0.7567537261514237, -0.5447813324816861]], "T": [0.07706958396262835, -0.12388371544506177, 0.016584966407938675], "aligned_model": [[0.04325277030801901, -0.17375961665973494, 0.29709260934942033, 0.6891172199192136, 0.5855972754792833, -0.38650728654244, -0.36113100955176436, 0.4332342670309461, -0.5757318167585205, -0.32979810138289034, 0.18478809542352964, 0.45998912106020806, 0.014939376989024672], [-0.5852301202965893, -0.03963699098145984, 0.4924583180966137, -0.1467282916973748, 0.30615619646254805, -0.6989394119484886, 0.48022640296962077, -0.5634533663675194, -0.14857596883553376, -0.21098053176000625, 0.6502651368851489, 0.021854866465650824, -0.016589334829426886], [0.7000388310538672, 0.5258535454820162, 0.5248826998575632, 0.362824466563223, -0.07925136589975577, 0.12790795163050495, 0.15377535925334823, -0.13081783240558115, -0.14050120771301455, -0.7806182508052463, -0.1827205871522874, -0.6637916652829601, -0.04747220509988821]], "inverted": false, "swapped": true, "error_lsq": 0.04855756491268375, "error_max": 0.2782891947667791, "target": "756.xyz", "model": "6.xyz", "model_rescale": 4.08911054899281, "target_rescale": 3.9358642583540293},
{"mapping": [2, 7, 3, 0, 1, 6, 8, 5, 13, 12, 11, 4, 10, 9, 14], "R": [[-0.34908198081747305, -0.7539802574217428, -0.5564670179685337], [-0.06657937280115583, 0.612277934649258, -0.7878343213259018], [0.9347240008611924, -0.23796954040356072, -0.2639347268817879]], "T": [0.09299104950248177, 0.01215178800054401, 0.10761581486703774], "aligned_model": [[-0.07570498344780607, 0.37278233942932854, -0.6485034967854002, -0.7530340512063005, -0.1686031423846679, -0.20820792999000964, -0.15553706774091944, 0.5157132350253157, 0.5579820277639591, 0.8001696323646132, 0.3442416028752283, -0.09968303068014697, 0.4914725561556307, -0.41216740558108306, 0.021187441910870908], [-0.05322478320249219, -0.5225795833564898, -0.20573832993229044, 0.010960141274807825, 0.5493777216470596, -0.31260485803758137, 0.08746095092060577, -0.5719791276246692, 0.27087031530720923, 0.09710679964118663, 0.5216769272510721, -0.5136570803975614, 0.10734331524140622, 0.5674131153575107, 0.15817628551473875], [-0.6781367515912745, -0.3772224665270247, 0.27838223603442414, -0.3033541257036384, -0.31771092288164193, -0.12250428868809511, 0.7382593577696142, 0.3537829468342788, -0.39511934017518546, 0.13375038870023936, 0.2552246047773125, 0.5356943385539154, 0.7004277247499044, 0.3335740001738688, 0.1373790564343204]], "inverted": true, "swapped": false, "error_lsq": 0.054359146658515614, "error_max": 0.3647630687786156, "target": "756.xyz", "model": "7.xyz", "model_rescale": 3.964800864290218, "target_rescale": 3.9358642583540293},
{"mapping": [10, 12, 9, 13, 8, 2, 4, 7, 11, 5, 3, 0, 1, 14], "R": [[-0.7384448909623317, 0.6734228342778348, -0.03465298377972731], [-0.31547924599182986, -0.2996077860090619, 0.9003932584771915], [0.5959630763395134, 0.6758230987736037, 0.4336947668625796]], "T": [-0.023455529177663543, 0.0021078237610754787, 0.11414132070959013], "aligned_model": [[-0.24408943065610078, 0.22880003251986317, 0.36615654127448377, -0.800208262834704, 0.33573849110216225, -0.3448315093703113, -0.37044705739478434, 0.8089325581534107, 0.3012300481640647, 0.160451337505845, -0.5255452498493882, -0.3389291991990843, 0.6823369367388138, 0.0015926533066021563], [-0.1321216334996152, -0.4266621307518946, 0.2049107026573476, -0.1997810296540663, 0.6549056343493622, -0.5633301157573195, 0.3607325994243369, -0.24520824787859355, -0.6710121812590069, 0.05501273874123376, -0.03712681758632498, 0.7387218992691735, 0.15373864078587865, -0.0818315926593096], [-0.5993663061160445, -0.3693689784799261, -0.3942963540651323, -0.09213592346364444, 0.06103717516959345, 0.2865268113152688, -0.16932372779877922, -0.11957853532260349, 0.382968778026465, 0.6665738314590046, 0.6054381048697388, 0.3115478417295414, 0.34128953380565985, 0.005502787595879466]], "inverted": true, "swapped": true, "error_lsq": 0.0450134349974239, "error_max": 0.3170601446507682, "target": "756.xyz", "model": "8.xyz", "model_rescale": 4.121658175737393, "target_rescale": 3.9358642583540293},
{"mapping": [9, 12, 7, 1, 10, 4, 2, 3, 11, 13, 8, 5, 14], "R": [[0.45796691860160127, 0.8734585037934454, -0.16533766545306722], [-0.4869834991530485, 0.40209864273523266, 0.7753475047120078], [0.7437159222574217, -0.274566792714268, 0.6095077549296589]], "T": [-0.04534452313450972, 0.017067081749194447, 0.07245054179270927], "aligned_model": [[-0.4607073944215063, -0.1255559555320802, 0.11981629962513472, 0.23079674722730797, -0.5920309778123068, -0.5575115328367027, 0.32275300900094905, 0.23689694641221343, 0.6240899571132067, -0.29521875578153334, -0.3578438466523774, 0.40959191381928756, -0.07833891372639519], [0.23893795248703897, -0.29789442595316495, 0.26430362331715546, 0.6260996198120221, -0.44099394474919584, -0.02017780298792598, -0.5356022017502922, -0.158519987095775, -0.19378561859310725, -0.6649118478527192, 0.6943510490842034, 0.34230384324286567, -0.06372281954939532], [-0.40680142130729097, -0.5404312791983454, -0.7762285103020993, -0.2818891070084387, -0.186593885847623, 0.3287024819482175, 0.18098722395548306, 0.6925432033639549, -0.2992725843553052, 0.47135131551815523, 0.0322513331064217, 0.24290942797995965, -0.03645276389400037]], "inverted": true, "swapped": true, "error_lsq": 0.046138024764986414, "error_max": 0.2912249911233906, "target": "756.xyz", "model": "9.xyz", "model_rescale": 3.833441315466971, "target_rescale": 3.9358642583540293},
{"mapping": [1, 4, 13, 0, 12, 5, 8, 3, 6, 7, 11, 2, 9, 10, 14], "R": [[0.10778744536967866, -0.8476748067736406, 0.5194509491587724], [-0.9939978554891975, -0.08205376467888892, 0.07235636105345616], [-0.018711758430332848, -0.5241322368098462, -0.8514313057629207]], "T": [0.055019124362005734, 0.07438467906871477, 0.023374249735823957], "aligned_model": [[-0.24443874128275245, 0.4719985946273664, -0.6062505963990857, -0.5867915725428918, 0.0834434971104282, -0.23615440515278935, -0.08855526213219767, 0.6318248895304635, 0.41576721456999804, 0.6262585596232753, 0.2892533088192368, -0.07902764350468983, 0.26282471786707284, -0.45887745048861006, 0.10083261706378908], [0.07728570826541392, -0.4948746018771321, -0.3219370999684803, 0.11016542471499882, 0.5468847291153168, -0.5009051410013869, 0.31618680996610793, -0.4980946552836652, 0.05925566433872151, 0.21918709957585583, 0.6603209793982237, -0.49038622895834366, -0.16317234732523472, 0.6422974079839214, 0.02838806066019435], [-0.651848308867568, -0.3480884974198975, 0.22669160088912688, -0.20161848188702636, -0.3493935265681237, -0.18081879642544324, 0.7503388206834273, 0.3297798155395771, -0.5518313625190472, 0.3342307172565674, 0.2825075741682363, 0.44730294704047546, 0.7705647348543015, 0.32193678290560784, 0.092672738810804]], "inverted": true, "swapped": false, "error_lsq": 0.048631019126738666, "error_max": 0.33175751124371883, "target": "756.xyz", "model": "10.xyz", "model_rescale": 4.2482417240324, "target_rescale": 3.9358642583540293},
{"mapping": [8, 0, 3, 13, 7, 11, 5, 6, 4, 12, 9, 14], "R": [[0.8060644681234822, -0.3467560144362518, -0.47960435744589947], [-0.22462473540867925, 0.5704899980439567, -0.789990436887933], [0.5475434242791972, 0.7445142232248437, 0.38196173884895707]], "T": [-0.013019909712571524, 0.017223816619254866, 0.020130129465662207], "aligned_model": [[-0.6868352267108234, -0.17819114241952436, 0.4362725387244759, 0.7275039002206213, -0.55391859779326, 0.12543555265573142, -0.17216617880388344, 0.5715747005426349, 0.04919432200313088, 0.013371322166398721, -0.4668538096681161, 0.011378221445621043], [-0.3001926653152891, -0.7805504816795542, -0.2855389693401993, -0.24873412028480396, 0.7197845592191056, 0.7264049407707478, 0.030258049253004286, 0.4647440006461964, -0.4483372678353412, 0.5547375581062619, 0.12388448480173575, 0.10967130170877581], [-0.036483221980977525, 0.15191745857792358, 0.46899198575051776, -0.23976423861574805, -0.1298603719529546, 0.3497840164244352, 0.582540049710025, -0.3094260167439609, -0.3096418373740239, -0.41763833937976996, -0.46370221275110085, -0.08152498181000922]], "inverted": true, "swapped": true, "error_lsq": 0.04526731254038349, "error_max": 0.2891056253919191, "target": "756.xyz", "model": "11.xyz", "model_rescale": 3.6694154284099745, "target_rescale": 3.9358642583540293},
{"mapping": [3, 13, 10, 6, 2, 0, 5, 8, 12, 7, 9, 11, 4, 14], "R": [[0.37399378280572976, 0.6013099250875373, -0.706084289878964], [-0.4468862979473398, -0.5502782477709101, -0.7053272196201551], [-0.8126630834051601, 0.5793273893243761, 0.06291652286181054]], "T": [0.005147047726463641, -0.057661900358939686, 0.00429614790626805], "aligned_model": [[0.12356179788140241, 0.00803292384305486, -0.13379596627331558, 0.49686278405667933, 0.5396514542053179, -0.6673450303841643, 0.1623774067478464, -0.5666149934587276, 0.2880341000507718, 0.2881608218976283, -0.2887958927185981, 0.7703661698147848, -0.47451210118545656, 0.05228137577858634], [-0.5004884306744416, 0.21608056376462048, 0.6637208782095984, 0.49929180681032437, -0.029076751088944294, -0.4814573770259276, -0.5996051659986937, -0.2282329789967052, 0.5359193337206245, 0.23099397670399013, 0.3493114927940488, -0.09509714985965505, 0.09749105146047769, 0.07213603831693723], [-0.5294534055422109, -0.7778233793370244, -0.18568207416625823, -0.3097908299694953, -0.403389110790749, -0.21761614578131624, 0.15719629703971877, 0.45371694335221835, 0.2254182542153623, 0.8075651729483739, 0.4508447424500258, 0.21362307972494593, -0.2699700485282243, 0.024455964037048455]], "inverted": true, "swapped": true, "error_lsq": 0.046636228123288735, "error_max": 0.2884960839526221, "target": "756.xyz", "model": "12.xyz", "model_rescale": 3.9764082729961374, "target_rescale": 3.9358642583540293},
{"mapping": [3, 6, 0, 7, 8, 4, 9, 6, 14, 13, 1, 5, 12, 2, 15], "R": [[0.4748636324013965, -0.1914454941935227, 0.8589837911017584], [-0.7614971779081914, -0.5786689149749517, 0.2920005734233623], [0.44116502429409743, -0.7927741857519769, -0.420574026474387]], "T": [0.09822447896749872, 0.09025787343243483, 0.12489037351460307], "aligned_model": [[-0.024624891617798517, 0.4636436223283289, -0.5720974103816274, -0.572064127768153, -0.030734447662673026, -0.28573169141654176, -0.12587898893332747, 0.4636436223283289, 0.5781450903739, 0.7054093055149332, -0.0018344152390312035, -0.017462820707819543, 0.46872127536981145, -0.532842771129991, 0.06581637665027351], [0.26871866420573054, -0.5504991758212463, -0.06830645739539595, 0.047999259521042364, 0.6988504165740265, -0.4892134340010009, 0.009990794328102487, -0.5504991758212463, -0.07128468880009683, 0.014111972033470921, 0.6007804989316057, -0.5871525929489446, 0.2521295449523334, 0.5738115028354578, 0.04116468101067296], [-0.6884381121644475, -0.07400170575549804, 0.3543110594842891, -0.22146362480742698, -0.21072480540821148, -0.055814869532282915, 0.6770080767305969, -0.07400170575549804, -0.4934851167093577, 0.12190134397307649, 0.4891395256132667, 0.6050522363957707, 0.6185939493202126, 0.189616931059984, 0.03473357601654402]], "inverted": false, "swapped": false, "error_lsq": 0.05258062374644856, "error_max": 0.48244409255030163, "target": "756.xyz", "model": "13.xyz", "model_rescale": 4.170626492500431, "target_rescale": 3.9358642583540293},
{"mapping": [2, 6, 11, 12, 5, 8, 7, 13, 3, 10, 4, 9, 0, 14], "R": [[0.8906647720621619, -0.25422882301177063, 0.37694027293127946], [-0.2310712173056034, 0.46089342443749004, 0.8568449940585466], [-0.3915639875427313, -0.8502616990434969, 0.35175657321406556]], "T": [0.024117419976367183, 0.13922876254560143, 0.05780826525365447], "aligned_model": [[0.30867777315545336, -0.043821602352418304, -0.19939209711027012, -0.49859545492649837, 0.16502025067967424, -0.2182075148991544, -0.8321243387637665, 0.5431792161762669, 0.6982692208532211, -0.18096305870357354, 0.21643640395794994, -0.5422742918727479, 0.49200731249121754, -0.0650287965937104], [-0.3111714291485732, -0.644597931123321, -0.04305174470111242, -0.31346541987656706, 0.5608828749265814, 0.733453760076838, 0.2127519465099885, -0.46642878977093505, 0.15285951441043483, -0.44428852071442226, 0.08132852118133091, 0.18101619087251716, 0.6247886353625833, 0.03199685992032303], [-0.3531472240434207, -0.12004681758779016, -0.6821895587627426, 0.0021487706940514634, -0.3218712659134981, 0.4401178966177547, -0.20696433592519392, 0.2823255271475811, -0.1430387581001097, 0.49739850242651673, 0.5954217458789833, 0.41682035675393175, 0.5336274805518952, 0.06327078138290732]], "inverted": true, "swapped": true, "error_lsq": 0.04756023704320274, "error_max": 0.2906413132221763, "target": "756.xyz", "model": "14.xyz", "model_rescale": 3.9786697098870705, "target_rescale": 3.9358642583540293},
{"mapping": [11, 2, 1, 7, 5, 8, 6, 4, 9, 12, 3, 14], "R": [[0.9356452151611261, -0.1705407233747891, -0.3090046812216501], [-0.28070704624980597, 0.17113685610164076, -0.9444129026381181], [0.21394294924535184, 0.970375204832878, 0.11225139782537608]], "T": [-0.020623611033204432, 0.15050110052548957, 0.046420028342293154], "aligned_model": [[-0.1969447614848559, -0.6246226867274952, 0.5496828623364627, 0.5840657571638673, -0.017111466093450996, 0.6222924509761508, -0.4662831682627395, -0.021786748423861378, 0.5518390788322558, 0.10507126891495877, -0.5917947572897843, -0.011053233174171236], [-0.3881452033083219, -0.11555379853185413, 0.1278107942953717, -0.45409275938450033, 0.38297381257094043, 0.529164429463785, -0.48065919365596543, 0.43461729396543003, -0.05752346348403367, -0.5107354897018958, 0.5235695979838644, 0.023248470011619005], [-0.5099525791511045, -0.08442051854964976, -0.4505376124729432, -0.23192718445897959, -0.49000000070906563, 0.08189391331319743, 0.2780591205832976, 0.545062104220812, 0.3300530513519577, 0.2144251491630651, -0.1255956473970663, 0.10290669798030919]], "inverted": false, "swapped": true, "error_lsq": 0.04758433983707431, "error_max": 0.22981093821576143, "target": "756.xyz", "model": "15.xyz", "model_rescale": 3.769337070930944, "target_rescale": 3.9358642583540293},
{"mapping": [6, 11, 10, 12, 13, 3, 4, 5, 9, 7, 14], "R": [[-0.3379316162456345, 0.37452417666467996, -0.8634430287142616], [0.5774603508004263, 0.8069450263378948, 0.12401317559833445], [0.7431969900336399, -0.45669614139182113, -0.48896509941176763]], "T": [0.16895014973055866, -0.028023341732235953, 0.08611618387023087], "aligned_model": [[-0.35059716317159995, -0.44399171315605523, -0.04913749250456456, -0.45696641266370186, 0.35726902845546915, 0.563745633559163, 0.542765473353075, 0.2908969773062132, -0.04349555237182676, -0.5427040052623078, 0.054841357147306896], [0.11188919130895825, -0.5283976892626463, 0.627961617044704, 0.2657371342789155, 0.1910438318850428, -0.44712351241567005, 0.390460581366395, -0.5533265292648305, 0.4710007923918714, 0.021401430752768902, 0.04541764953983291], [-0.5148226646906073, 0.01750676648437416, -0.22679197099184192, 0.029618472615895064, -0.6905431965532595, -0.3182321161059509, -0.03430222847938577, 0.3119211372871898, 0.48269805370401564, 0.63362480834282, 0.0535405456105277]], "inverted": false, "swapped": true, "error_lsq": 0.042370629582761984, "error_max": 0.22317238258172295, "target": "756.xyz", "model": "16.xyz", "model_rescale": 3.7852294659196426, "target_rescale": 3.9358642583540293},
{"mapping": [7, 6, 10, 12, 11, 2, 3, 13, 9, 8, 5, 4, 14], "R": [[0.6879693594095286, 0.5353092981743811, -0.49004297342344855], [-0.42958971755369896, -0.24385185228663966, -0.8694762496517707], [-0.5849366077497427, 0.808690441036882, 0.06220076759813467]], "T": [0.03965373015242081, 0.2350248270187171, -0.020867903202801602], "aligned_model": [[0.07656879557478426, -0.36037291448710235, 0.29998991179827716, -0.008024057228086343, -0.6193506899896649, -0.5616087075399453, -0.33277451005097414, -0.1116730867703954, 0.5408891562494312, 0.6506630404241157, -0.20197288663439839, 0.44646916618975474, 0.03496263268048608], [-0.24593763647897168, -0.39086980103281077, -0.370966650846822, -0.4432062595209566, 0.003498406302833962, 0.10670828291119067, 0.6964566036734511, 0.09674983033652598, -0.12554969521522277, 0.5017601373628627, 0.6725161530582887, 0.27834739981789425, 0.09554885333461025], [-0.7797964406664871, 0.2935633692720703, 0.35435123343183383, -0.15866548505545067, -0.39887340295526375, 0.2525140402234033, 0.35779275781736763, 0.7820233967956594, -0.28579148426357825, -0.35777333943691436, -0.3242163204981592, 0.3816139470558698, -0.020987574577177138]], "inverted": false, "swapped": true, "error_lsq": 0.041525210231303546, "error_max": 0.3327991572086595, "target": "756.xyz", "model": "17.xyz", "model_rescale": 3.901054581598922, "target_rescale": 3.9358642583540293},
{"mapping": [1, 6, 3, 0, 8, 7, 13, 11, 4, 10, 5, 12, 9, 2, 14], "R": [[0.05382284008264737, 0.4002761736362104, -0.9148125964942723], [0.9985203348937672, -0.014453568644399228, 0.052423612590899116], [0.007761616395881132, -0.916280567933532, -0.4004618310629957]], "T": [0.06455362916000282, 0.0475385214307643, 0.055599873964118696], "aligned_model": [[-0.11417351023353225, 0.3353492271795573, -0.6157833079726184, -0.629106488392259, 0.05085146958057116, -0.2113382325479575, -0.17837279687599783, 0.5083797900915545, 0.5280303539580049, 0.8801201489059816, 0.17440365855410433, -0.12139994682710406, 0.4124419572395568, -0.5112850942674572, 0.07399049931620855], [-0.08858759362342782, -0.5325660397544877, -0.11845468712685973, 0.0029902359672880005, 0.6491262423103088, -0.5233703606323069, 0.20168640286204464, -0.5767959539283438, 0.32579625553094715, 0.12754708431197548, 0.5484153899308497, -0.512193641197096, 0.06967834200540747, 0.6026553872788282, 0.014674745669384343], [-0.6041059998010714, -0.33666813066465384, 0.3605487159008014, -0.24830078427658375, -0.22426208674095438, -0.13836855857595776, 0.7224787088990731, 0.2791077948025163, -0.5217526430423952, 0.08566031082016373, 0.4121687742334543, 0.5073700343053666, 0.6147717266759922, 0.2653452716265329, 0.09843362429873379]], "inverted": true, "swapped": false, "error_lsq": 0.04688879376774983, "error_max": 0.4183831695415056, "target": "756.xyz", "model": "18.xyz", "model_rescale": 3.9405287249114394, "target_rescale": 3.9358642583540293},
{"mapping": [5, 10, 13, 9, 8, 11, 4, 3, 2, 1, 0, 14, 12, 7, 15], "R": [[-0.14897890196557184, 0.9643665572574804, 0.21863766832933462], [0.6202775072715957, -0.08105748513879268, 0.780182990122132], [0.7701046037663122, 0.25184683310760525, -0.5860990290996921]], "T": [0.03814518680872185, 0.04006396901950486, 0.16889819050240265], "aligned_model": [[-0.06576869280814003, 0.3016640622840383, -0.49650239885178177, -0.6183338340880873, -0.0544340002553307, -0.3183145474898896, -0.0892684807792168, 0.7092778472605374, 0.5046584887581228, 0.6819400387921051, 0.313489986896357, -0.0019293341565850414, 0.20203365466065526, -0.5428552856096006, 0.05645022309542877], [0.23401491813941844, -0.5895466336659341, -0.3106620260727198, 0.10733535234645612, 0.6982086060479057, -0.44162015094787405, 0.5190664718497824, -0.44407830234503587, -0.07544436098230063, 0.18394777286625957, 0.6583713729189906, -0.709636318927268, -0.09665935156697968, 0.432952573375123, 0.024351886568688228], [-0.6328795703000063, -0.221040687016664, 0.3749881730001712, -0.22291771405505764, -0.19241453610610046, -0.23126436183705804, 0.706473662608598, 0.370431830440794, -0.5552208935007107, 0.18747407620729067, 0.28954417387412534, 0.3588520614766818, 0.6734637124342366, 0.2297467283527392, 0.13719010288197805]], "inverted": true, "swapped": false, "error_lsq": 0.04585425284714166, "error_max": 0.3457056792227206, "target": "756.xyz", "model": "19.xyz", "model_rescale": 4.410303926677745, "target_rescale": 3.9358642583540293},
{"mapping": [10, 12, 9, 13, 8, 2, 4, 7, 11, 5, 3, 0, 1, 14], "R": [[-0.7384448909623317, 0.6734228342778348, -0.03465298377972731], [-0.31547924599182986, -0.2996077860090619, 0.9003932584771915], [0.5959630763395134, 0.6758230987736037, 0.4336947668625796]], "T": [-0.023455529177663543, 0.0021078237610754787, 0.11414132070959013], "aligned_model": [[-0.24408943065610078, 0.22880003251986317, 0.36615654127448377, -0.800208262834704, 0.33573849110216225, -0.3448315093703113, -0.37044705739478434, 0.8089325581534107, 0.3012300481640647, 0.160451337505845, -0.5255452498493882, -0.3389291991990843, 0.6823369367388138, 0.0015926533066021563], [-0.1321216334996152, -0.4266621307518946, 0.2049107026573476, -0.1997810296540663, 0.6549056343493622, -0.5633301157573195, 0.3607325994243369, -0.24520824787859355, -0.6710121812590069, 0.05501273874123376, -0.03712681758632498, 0.7387218992691735, 0.15373864078587865, -0.0818315926593096], [-0.5993663061160445, -0.3693689784799261, -0.3942963540651323, -0.09213592346364444, 0.06103717516959345, 0.2865268113152688, -0.16932372779877922, -0.11957853532260349, 0.382968778026465, 0.6665738314590046, 0.6054381048697388, 0.3115478417295414, 0.34128953380565985, 0.005502787595879466]], "inverted": true, "swapped": true, "error_lsq": 0.0450134349974239, "error_max": 0.3170601446507682, "target": "756.xyz", "model": "20.xyz", "model_rescale": 4.121658175737393, "target_rescale": 3.9358642583540293},
{"mapping": [0, 4, 13, 3, 2, 8, 10, 5, 9, 7, 6, 11, 14], "R": [[-0.9079277967302147, -0.4186182387579177, 0.020637008112546512], [-0.21243826912588826, 0.5020782490161821, 0.8383241698028523], [-0.36129918036914366, 0.7567537261514237, -0.5447813324816861]], "T": [0.07706958396262835, -0.12388371544506177, 0.016584966407938675], "aligned_model": [[0.04325277030801901, -0.17375961665973494, 0.29709260934942033, 0.6891172199192136, 0.5855972754792833, -0.38650728654244, -0.36113100955176436, 0.4332342670309461, -0.5757318167585205, -0.32979810138289034, 0.18478809542352964, 0.45998912106020806, 0.014939376989024672], [-0.5852301202965893, -0.03963699098145984, 0.4924583180966137, -0.1467282916973748, 0.30615619646254805, -0.6989394119484886, 0.48022640296962077, -0.5634533663675194, -0.14857596883553376, -0.21098053176000625, 0.6502651368851489, 0.021854866465650824, -0.016589334829426886], [0.7000388310538672, 0.5258535454820162, 0.5248826998575632, 0.362824466563223, -0.07925136589975577, 0.12790795163050495, 0.15377535925334823, -0.13081783240558115, -0.14050120771301455, -0.7806182508052463, -0.1827205871522874, -0.6637916652829601, -0.04747220509988821]], "inverted": false, "swapped": true, "error_lsq": 0.04855756491268375, "error_max": 0.2782891947667791, "target": "756.xyz", "model": "21.xyz", "model_rescale": 4.08911054899281, "target_rescale": 3.9358642583540293},
{"mapping": [14, 2, 7, 12, 9, 4, 6, 1, 15, 11, 5, 0, 8, 10, 16], "R": [[-0.8449969042550285, 0.048065840630797975, 0.5326067092741817], [0.09782040633617883, 0.9930412213082176, 0.06557667944405556], [-0.5257484188313295, 0.10751189584012685, -0.8438185778644711]], "T": [0.014768613945253518, -0.018046494552321206, 0.0335258407459152], "aligned_model": [[-0.08264335428954257, 0.3464745950901756, -0.6202523116558548, -0.5821429498977205, -0.07026011217796174, -0.15921174910178798, -0.13893950639872635, 0.646679719513595, 0.5641365244883111, 0.7210947695685291, 0.14782760747870305, -0.1681340925402623, 0.43213076603834283, -0.4401027742312393, -0.014549404175948095], [0.11622614234893722, -0.5652684538668743, -0.0371274989756014, 0.26541650497235236, 0.6409613404408521, -0.6768125259918507, -0.01735468363941775, -0.42863451402120534, -0.014259268707622855, 0.2661640953692404, 0.6331701341971442, -0.6106204586518326, 0.10173608070258522, 0.5715786695261168, -0.05457375409831148], [-0.5863970200773241, -0.30079899932714715, 0.35318273075197143, -0.2955863268886087, -0.2234301880099639, -0.11496771117871013, 0.7628662713332713, 0.28273301197911765, -0.44573147394018275, 0.11239746249499272, 0.27004488993268627, 0.49772633106334085, 0.5741023725391489, 0.34428232952579896, 0.04200307826262674]], "inverted": false, "swapped": false, "error_lsq": 0.04484908634738378, "error_max": 0.3039271220940048, "target": "756.xyz", "model": "22.xyz", "model_rescale": 4.204369325754507, "target_rescale": 3.9358642583540293},
{"mapping": [5, 10, 13, 9, 8, 11, 4, 3, 2, 1, 0, 14, 12, 7, 15], "R": [[-0.14897890196557184, 0.9643665572574804, 0.21863766832933462], [0.6202775072715957, -0.08105748513879268, 0.780182990122132], [0.7701046037663122, 0.25184683310760525, -0.5860990290996921]], "T": [0.03814518680872185, 0.04006396901950486, 0.16889819050240265], "aligned_model": [[-0.06576869280814003, 0.3016640622840383, -0.49650239885178177, -0.6183338340880873, -0.0544340002553307, -0.3183145474898896, -0.0892684807792168, 0.7092778472605374, 0.5046584887581228, 0.6819400387921051, 0.313489986896357, -0.0019293341565850414, 0.20203365466065526, -0.5428552856096006, 0.05645022309542877], [0.23401491813941844, -0.5895466336659341, -0.3106620260727198, 0.10733535234645612, 0.6982086060479057, -0.44162015094787405, 0.5190664718497824, -0.44407830234503587, -0.07544436098230063, 0.18394777286625957, 0.6583713729189906, -0.709636318927268, -0.09665935156697968, 0.432952573375123, 0.024351886568688228], [-0.6328795703000063, -0.221040687016664, 0.3749881730001712, -0.22291771405505764, -0.19241453610610046, -0.23126436183705804, 0.706473662608598, 0.370431830440794, -0.5552208935007107, 0.18747407620729067, 0.28954417387412534, 0.3588520614766818, 0.6734637124342366, 0.2297467283527392, 0.13719010288197805]], "inverted": true, "swapped": false, "error_lsq": 0.04585425284714166, "error_max": 0.3457056792227206, "target": "756.xyz", "model": "23.xyz", "model_rescale": 4.410303926677745, "target_rescale": 3.9358642583540293},
{"mapping": [0, 4, 6, 12, 7, 5, 14, 8, 3, 10, 11, 15, 9, 13, 16], "R": [[0.5617218415207678, -0.8264716776311584, -0.03759173888045175], [0.7181458686955201, 0.5096492628207432, -0.4738397832409493], [0.41077376259210385, 0.23916980365383028, 0.8798083433260417]], "T": [0.06495166972075817, 0.08344615306098013, 0.09055196440935856], "aligned_model": [[-0.13205640981298367, 0.3779645558494845, -0.6247339016776213, -0.6180219102751656, -0.12068090114130298, -0.22755121213250917, -0.16853884266614488, 0.6063082211461505, 0.5781117030252834, 0.7128315660758262, 0.31341469800640076, -0.08822610299422556, 0.38600599164582217, -0.5421449961403925, 0.1294252687999912], [0.16889465855562036, -0.45229285372567407, -0.13225521584857255, 0.03905757708324653, 0.6744083537449787, -0.4377694000219947, 0.1977403598752533, -0.5045142659425992, -0.015239802814837444, 0.055177960372901444, 0.5591379726740757, -0.40589420358046036, -0.046375671015541464, 0.39753714692440595, 0.09298919332370945], [-0.6335144556056334, -0.20759401110559708, 0.32657065395582907, -0.3310551727858244, -0.150767580344408, -0.10535220798080405, 0.7155071667468006, 0.28275575513263174, -0.6416903772821309, 0.14744216968856952, 0.42626747334374293, 0.5869356629157194, 0.612558094636836, 0.2547686191776758, -0.010405032032389377]], "inverted": false, "swapped": false, "error_lsq": 0.040250843112486674, "error_max": 0.21880636128448822, "target": "756.xyz", "model": "24.xyz", "model_rescale": 4.28219845311461, "target_rescale": 3.9358642583540293},
{"mapping": [10, 9, 1, 8, 14, 11, 0, 7, 12, 13, 2, 3, 4, 6, 15], "R": [[-0.956096489016445, -0.11119386828948565, -0.27113728505177564], [0.10102805158741292, -0.9935645791040231, 0.05121288843930725], [-0.27508696167371943, 0.02157199120773067, 0.9611773055542123]], "T": [0.06345010104010185, -0.053424100734897714, 0.07341466165367028], "aligned_model": [[-0.3888397575070221, 0.29097496140755685, -0.43020705031789863, -0.6138833609125408, 0.1457039000582876, 0.020707944465465616, -0.25774290825246093, 0.6598888937888615, 0.5378746443345094, 0.6407956738363811, 0.26066229920603323, -0.038512267472249576, 0.2199328680629563, -0.5047218114211709, 0.03947369843190432], [0.2813874740483476, -0.6445422821205224, -0.30801293689304504, -0.012918911042678484, 0.5480804881849929, -0.1168589725721376, 0.37413293285289156, -0.45731238960298726, -0.010780806521789602, 0.0864998163766122, 0.5667128406558634, -0.6696513712059688, -0.07588896310494925, 0.6449307156402468, -0.015175825090363942], [-0.4860850363573871, -0.16256291657992245, 0.3917926449744638, -0.07329855471101027, -0.38655399700691556, -0.4656829142404686, 0.6895187160527662, 0.3678310714711836, -0.524517443531836, 0.07027715791468533, 0.28629384618093395, 0.5315772653163321, 0.7873173487261296, 0.11438249411720022, 0.13213707613486317]], "inverted": true, "swapped": false, "error_lsq": 0.05474680909508261, "error_max": 0.45386707421533573, "target": "756.xyz", "model": "25.xyz", "model_rescale": 4.100010024507729, "target_rescale": 3.9358642583540293},
{"mapping": [8, 0, 3, 13, 7, 11, 5, 6, 4, 12, 9, 14], "R": [[0.8060644681234822, -0.3467560144362518, -0.47960435744589947], [-0.22462473540867925, 0.5704899980439567, -0.789990436887933], [0.5475434242791972, 0.7445142232248437, 0.38196173884895707]], "T": [-0.013019909712571524, 0.017223816619254866, 0.020130129465662207], "aligned_model": [[-0.6868352267108234, -0.17819114241952436, 0.4362725387244759, 0.7275039002206213, -0.55391859779326, 0.12543555265573142, -0.17216617880388344, 0.5715747005426349, 0.04919432200313088, 0.013371322166398721, -0.4668538096681161, 0.011378221445621043], [-0.3001926653152891, -0.7805504816795542, -0.2855389693401993, -0.24873412028480396, 0.7197845592191056, 0.7264049407707478, 0.030258049253004286, 0.4647440006461964, -0.4483372678353412, 0.5547375581062619, 0.12388448480173575, 0.10967130170877581], [-0.036483221980977525, 0.15191745857792358, 0.46899198575051776, -0.23976423861574805, -0.1298603719529546, 0.3497840164244352, 0.582540049710025, -0.3094260167439609, -0.3096418373740239, -0.41763833937976996, -0.46370221275110085, -0.08152498181000922]], "inverted": true, "swapped": true, "error_lsq": 0.04526731254038349, "error_max": 0.2891056253919191, "target": "756.xyz", "model": "26.xyz", "model_rescale": 3.6694154284099745, "target_rescale": 3.9358642583540293},
