[{"mapping": [1, 7, 2, 3, 0, 5, 11, 8, 10, 9, 4, 12], "R": [[0.4592684776340496, 0.8672629694030919, -0.19216505237382464], [-0.8880031211171505, 0.44267559167615406, -0.12445391685425905], [-0.022867495225808235, 0.22780092720684703, 0.9734391687341325]], "T": [0.05342351671445222, -0.25617584260456466, 0.03885764382584606], "aligned_model": [[-0.1632225052113385, 0.05104046447480373, 0.4562977451759648, -0.11830317515000738, -0.047533528333600784, -0.5680286605120705, 0.5575711550269232, -0.34201715038279334, 0.5566630299205362, 0.0568333914480269, -0.6548024959023852, 0.053144191906489634], [-0.308471794611867, -0.7131998174765235, -0.203157973207685, 0.46395865445723977, 0.36624007734383696, -0.4774188351647469, -0.29561478992653667, -0.32587910536524667, 0.2866750665046878, 0.23138620459104842, 0.11611431192838861, -0.08707696309553828], [-0.4998142447556571, 0.06904661481652419, -0.7095659644443735, 0.03947972633794264, -0.6526266460469214, 0.0014603967845173912, 0.4192987675877807, 0.7866154766985812, -0.0986632238887751, 0.5712452194871226, 0.26644286602199996, -0.010967243245179469]], "inverted": false, "swapped": true, "error_lsq": 0.049837493503253755, "error_max": 0.27908065666538445, "target": "757.xyz", "model": "0.xyz", "model_rescale": 3.751011558992144, "target_rescale": 3.94068666035691},
{"mapping": [11, 7, 6, 9, 13, 3, 1, 0, 2, 5, 10, 8, 14], "R": [[-0.061567073040347975, -0.6806240657456446, -0.730041352695252], [-0.532558184626801, -0.5962088931221663, 0.6007634607306338], [-0.8441512160177529, 0.42577674536065274, -0.32576508039665547]], "T": [-0.09659342953729214, 0.07889153427839926, -0.07825196193945047], "aligned_model": [[-0.5313770345416613, 0.13783498853572176, 0.1041991244187497, -0.7429418972932011, -0.5980224939189906, -0.12394423808480007, 0.5652192348056385, 0.44961182805271416, -0.012922490458665642, -0.42107719322932213, -0.436704148460758, 0.21908668120292632, -0.14246349188270696], [0.06708766076211956, -0.3686795919950716, 0.13319000277957974, 0.20533196127870626, -0.24488260601632986, -0.650452283016943, 0.06491507245689929, -0.41801073441871617, -0.18183661345894483, 0.3073548083518328, 0.7753975113191466, 0.447874355658315, 0.05752500669821688], [-0.7472473836846911, -0.5076706708044991, -0.7996809410249716, -0.05736900276545931, 0.335561278267146, 0.14694887943915347, -0.2961836146797072, 0.095680411252489, 0.701977561290261, 0.4040351584520466, -0.3459418402477984, 0.37409303620846035, -0.09930478414837418]], "inverted": false, "swapped": false, "error_lsq": 0.039963265061019285, "error_max": 0.2342425690754045, "target": "757.xyz", "model": "1.xyz", "model_rescale": 3.9405287249114394, "target_rescale": 3.94068666035691},
{"mapping": [0, 6, 11, 2, 1, 7, 10, 3, 4, 1, 5, 8, 12], "R": [[0.20525231005932076, -0.8605442023899097, 0.46619219743409146], [-0.7709558365644475, -0.4355950993891495, -0.4646331966781647], [0.6029084402150342, -0.26404655862417803, -0.7528484758543403]], "T": [-0.061722876988933535, 0.03455869684776584, -0.08183668547183898], "aligned_model": [[-0.7291434784000883, -0.10820116333619023, 0.15557736700782415, -0.5425406630529896, -0.7299448090351857, -0.025824681114199118, 0.7585092266327267, 0.3907318400267566, 0.02207580621226895, -0.7299448090351857, -0.33469156288867, 0.44935691189610905, -0.1094611157675327], [-0.05957678523449605, -0.3481032304120371, 0.19810762523171607, 0.5060324059498758, -0.15618652762035526, -0.7343693967973662, 0.19664697589756092, -0.2903830660044833, -0.05849144108682982, -0.15618652762035526, 0.564235951062527, 0.4417810605177588, 0.09130750651529526], [-0.580453011017836, -0.46493629616527127, -0.7403552053485344, 0.021586840631120097, 0.29806072335486794, 0.10887450846376473, -0.1933436596727039, 0.046604968105245004, 0.6081018439689422, 0.29806072335486794, -0.49777704569482956, 0.3348852434328045, -0.034411545858381555]], "inverted": false, "swapped": false, "error_lsq": 0.07384277722568065, "error_max": 0.5945715965893608, "target": "757.xyz", "model": "2.xyz", "model_rescale": 3.932901565614263, "target_rescale": 3.94068666035691},
{"mapping": [5, 7, 4, 12, 8, 8, 0, 3, 11, 10, 6, 1, 13], "R": [[0.21091611717101855, -0.4024359894496769, 0.8908196595906273], [-0.7281209211459181, 0.5433537404590508, 0.4178595899566965], [-0.6521919316482849, -0.7367577533523609, -0.17842000215239534]], "T": [-0.0622211114186171, 0.014379062811026709, -0.07134643637324067], "aligned_model": [[-0.5506463992796968, -0.10316241413811725, 0.20226934634659047, -0.7749993994781303, -0.2020349605867995, -0.2020349605867995, 0.5743706931136559, 0.2910371771696517, -0.25264994350237546, -0.40733939805177677, -0.3237510558547527, 0.37668373112636244, -0.16124354713216793], [0.14060211221572474, -0.4805602467064355, 0.2261222438146678, 0.2883697343172405, -0.6463694644464584, -0.6463694644464584, 0.09128284796885769, -0.30215846281965814, -0.14606247402329506, 0.47348105849825756, 0.6113844522167228, 0.512311361744006, 0.07278085206563925], [-0.5835067292811033, -0.5842805812428822, -0.8766016925419823, -0.07380288870510977, 0.21614303619879988, 0.21614303619879988, -0.2657352513131687, 0.11759285147476078, 0.7863854981709298, 0.35674720535555976, -0.27598981854218263, 0.2575830177381817, -0.08577959595654736]], "inverted": true, "swapped": false, "error_lsq": 0.05667969384477193, "error_max": 0.5307213524417781, "target": "757.xyz", "model": "3.xyz", "model_rescale": 3.9243930471874484, "target_rescale": 3.94068666035691},
{"mapping": [4, 3, 2, 8, 10, 6, 0, 5, 11, 9, 7, 1, 12], "R": [[0.4732386744609229, 0.6648838766592023, 0.5779053448040599], [0.05557618429461969, -0.6772408232628152, 0.7336594271496515], [0.8791794155539125, -0.3150782408623849, -0.3574482583554518]], "T": [-0.20639747690292323, -0.006845174667966376, 0.012074871531216794], "aligned_model": [[-0.48745198719008065, -0.06029002391441826, 0.10807986236628245, -0.7387751904562665, -0.770943371917633, 0.08648378715893193, 0.5404590220850904, 0.512279828855636, -0.27999873458226426, -0.37091955584803415, -0.22903439679771506, 0.24412577918683045, -0.08751614980071513], [0.07803719344978714, -0.45085987780477166, 0.19067298071783087, 0.3268723600918422, -0.42804228493001645, -0.654148912982657, 0.04639753204022366, -0.1258986497290633, -0.32144594811611615, 0.3558103400878713, 0.638500374066151, 0.5449597300345547, -0.006040286526825516], [-0.5038423846931169, -0.47213265210324773, -0.8324990279546309, 0.051355223130683594, 0.0438340630802941, 0.1414385073106233, -0.3912772543617114, 0.21932423832971415, 0.7343928690927914, 0.5943985400641313, -0.4632518071844999, 0.06404065691941598, 0.019117115923608614]], "inverted": true, "swapped": false, "error_lsq": 0.05198067647484919, "error_max": 0.2907607236015913, "target": "757.xyz", "model": "4.xyz", "model_rescale": 3.8936222436046832, "target_rescale": 3.94068666035691},
{"mapping": [5, 4, 8, 7, 9, 3, 0, 10, 6, 1, 11, 12], "R": [[-0.9039341588571407, 0.12828726604427704, 0.4079772221854039], [-0.2920031518301872, -0.8821180811947976, -0.36959687519031476], [0.31246951174869875, -0.4532218752444473, 0.834836951762101]], "T": [0.046670914842102076, 0.013517146965401069, -0.07419473738822494], "aligned_model": [[0.004736496217340763, -0.6268899324150723, -0.3824061466801425, 0.4018649587877066, -0.5843188678267371, -0.6016374853999401, -0.1861606635596696, -0.13847944987136102, 0.860581422600013, 0.24694749976189517, 0.10122480726796762, -0.06791459666690346], [-0.5406838884177695, -0.41516300224785696, 0.09440464348525754, -0.010666088535224601, 0.35284792952185035, -0.06699561349465351, -0.4001770219214202, 0.40031067931102743, 0.08532367037555391, -0.46879665202470594, 0.6384315730912368, 8.667596651251719e-05], [-0.43147969556260035, -0.3077074612044728, -0.802015959144306, -0.36236192632809505, -0.16291577213718297, 0.27408396009774905, 0.7322734989477616, 0.5446422460021384, 0.04845620008333837, 0.18484282320324405, -0.15763066053979932, 0.05909746585774356]], "inverted": true, "swapped": true, "error_lsq": 0.04353733431928855, "error_max": 0.23590405653208998, "target": "757.xyz", "model": "5.xyz", "model_rescale": 3.6523030999806103, "target_rescale": 3.94068666035691},
{"mapping": [11, 4, 10, 7, 3, 2, 6, 1, 0, 5, 9, 8, 12], "R": [[-0.6917189276850724, 0.6325487456242646, 0.3484350864815188], [-0.6606475673817079, -0.3594010352753952, -0.6590718379324111], [-0.2916671335526956, -0.6860852572764874, 0.6664962887766223]], "T": [-0.05865763554817863, 0.06583088063457503, -0.08460212666281272], "aligned_model": [[-0.7623748888803612, -0.20375441300222644, 0.19611038785603893, -0.7139657032702305, -0.5173911788655483, 0.23882961163910074, 0.5774748195386863, 0.28320772513660564, -0.3939246389455283, -0.1603608688028127, -0.20907576064817093, 0.264215240280695, -0.13249146289060387], [0.05739427140711588, -0.35572126292289935, 0.08127244755644945, 0.21174052009020444, -0.38969448571865756, -0.6256445936853338, 0.11010332109024044, -0.2967504174241753, -0.31480233247292677, 0.3772726661572436, 0.6485701547845225, 0.6334744011195201, 0.057599860417507406], [-0.6130714768888508, -0.44567319634503844, -0.8218455423192014, 0.04228275497996978, 0.1697615495809148, -0.1824522180481046, -0.21109288788025085, 0.39917234915762234, 0.7697269223640348, 0.5125276720934963, -0.48516697932120223, 0.08043436133890583, -0.009705221158239657]], "inverted": false, "swapped": false, "error_lsq": 0.06824157497520136, "error_max": 0.43945584506978047, "target": "757.xyz", "model": "6.xyz", "model_rescale": 4.08911054899281, "target_rescale": 3.94068666035691},
{"mapping": [2, 6, 0, 13, 12, 5, 3, 4, 10, 11, 1, 9, 14], "R": [[-0.8502642071892811, -0.25915388461926797, -0.4581375798376802], [0.027412589595161463, -0.8910157892959979, 0.45314392101948964], [-0.5256418247290363, 0.3727333192940676, 0.7647029127599528]], "T": [-0.134193627443814, -0.04860673189638258, -0.010080810205658472], "aligned_model": [[-0.4722453318194815, 0.0340435271739922, 0.24663541980819162, -0.8563464433729915, -0.6685537999662983, -0.14811708425680584, 0.58075636359275, 0.40793787645305246, -0.09365688441228265, -0.363454623631247, -0.33819082085248586, 0.2378178751208733, -0.10012720469162312], [0.05421089930053251, -0.19162620581051115, 0.34577110398305355, 0.05404066462400417, -0.26486016206741186, -0.7792926776959688, 0.038249928239314016, -0.49566221321818343, -0.19591263177450258, 0.2917369657192675, 0.594735281683598, 0.6340377571554306, 0.10938584026018837], [-0.7348491339995562, -0.4577242579862618, -0.774339629219264, -0.0721561256278898, 0.40907975326877166, 0.20533835223043778, -0.3383396519337413, 0.045455833597417464, 0.6941440422580105, 0.4096055322902697, -0.29720840814712474, 0.09072222265815501, 0.025169558164831796]], "inverted": false, "swapped": false, "error_lsq": 0.04729025293924935, "error_max": 0.30102659621546995, "target": "757.xyz", "model": "7.xyz", "model_rescale": 3.964800864290218, "target_rescale": 3.94068666035691},
{"mapping": [4, 6, 11, 2, 0, 3, 10, 5, 1, 7, 12, 8, 13], "R": [[0.46125799890710434, 0.4251106450066723, -0.7787952220874401], [-0.8488651098468082, -0.04399848003642221, -0.5267752452794753], [-0.2582035703257809, 0.9040713872568339, 0.34056694351408195]], "T": [-0.1354304248861913, -0.0014660148146998508, -0.0711362603128954], "aligned_model": [[-0.6036167217026126, -0.24128023818764954, 0.018776689585788986, -0.7899269284655268, -0.5144573822678024, 0.020139569191197776, 0.6572147322379429, 0.5714168745931494, -0.3067947039862674, -0.3881245042347453, -0.23751684255338826, 0.35010217152070644, -0.06943384658514876], [0.09575213962827557, -0.34479576002308077, 0.20778055008086285, 0.02712096383994042, -0.5586344892925867, -0.7096701488273628, -0.0683370386055003, -0.20221465821883122, 0.01766520696620505, 0.5261765176702313, 0.7184382910753335, 0.452626455097045, 0.032906521008278886], [-0.5873180276525313, -0.5265770646527497, -0.8582635469821565, 0.02595050092629743, 0.17188890124196549, -0.056728720184808554, -0.27699041759920995, 0.32778428360349043, 0.6591980271021732, 0.33456341325954897, -0.2760535386898967, 0.3150187707343624, -0.047574493552429556]], "inverted": true, "swapped": false, "error_lsq": 0.05579957822359581, "error_max": 0.318296344812249, "target": "757.xyz", "model": "8.xyz", "model_rescale": 4.121658175737393, "target_rescale": 3.94068666035691},
{"mapping": [4, 5, 9, 1, 0, 10, 7, 11, 3, 2, 6, 8, 12], "R": [[0.5827475136394112, 0.1901175713891208, 0.7901016671265711], [0.6353999928472199, -0.7127200674084259, -0.2971480348295815], [0.5066282507291094, 0.6751928721205755, -0.5361365507039518]], "T": [-0.056254685553852456, 0.015836474307333932, -0.05375815836396725], "aligned_model": [[-0.6989530935593203, -0.07592294415585801, 0.040088511677694734, -0.692110043821468, -0.7311004098695336, 0.03995525886486776, 0.5599190108135027, 0.4548647771187551, -0.09862156745043468, -0.38218181383494354, -0.09317055693289461, 0.28114739494107294, -0.1374156546457964], [-0.018534537979384147, -0.4851289485974102, 0.2562286720639798, 0.2815800994937173, -0.38284906934159846, -0.7028541920416441, 0.019308620735456868, -0.11447927096995653, -0.2608168945949467, 0.29175502890796234, 0.6595754806256532, 0.6018171924062343, 0.04921236969074725], [-0.6652197741505581, -0.41481869474701233, -0.8450352252879874, -0.05382706911898772, 0.013005070890443886, 0.17142666193521228, -0.328583248953195, 0.29952186649392565, 0.6840439507841443, 0.49395244874203637, -0.3075678513991275, 0.2170550093758838, -0.05905505701072245]], "inverted": false, "swapped": false, "error_lsq": 0.045432714971816265, "error_max": 0.30676332735546735, "target": "757.xyz", "model": "9.xyz", "model_rescale": 3.833441315466971, "target_rescale": 3.94068666035691},
{"mapping": [1, 5, 4, 12, 10, 13, 3, 2, 8, 11, 6, 7, 14], "R": [[0.7599481983909857, -0.6048970095593427, -0.2378620263691961], [-0.28805470109533715, -0.641478013623952, 0.7110066435793306], [-0.5826690526698424, -0.471810942924424, -0.66173348804303]], "T": [-0.18064098595987252, 0.03187064152664086, -0.05460269638132041], "aligned_model": [[-0.6650394725054681, -0.005091270056399255, 0.23963804663959223, -0.6972282084010759, -0.6824453085497668, -0.10290004084164181, 0.6598222126231771, 0.378748952612905, -0.055723643923924204, -0.3629484542918377, -0.2904305157232337, 0.14088048859045357, -0.09078391702713624], [-0.05303392824241128, -0.3956972895844006, 0.2754025513245464, 0.3397325207766431, -0.27844416945606176, -0.7597564625387688, 0.23632280913321285, -0.4186730063516469, -0.1921147900733452, 0.3988804679740994, 0.4958802414118906, 0.5102710742926533, 0.03604453173240002], [-0.6057453758922561, -0.548366975160825, -0.6870347668503013, -0.09173438400675192, 0.5178056224215575, -0.10909503507027983, -0.13297853919118066, -0.027334163092848182, 0.6814581343021104, 0.4907456833952831, -0.538204721205024, 0.2795693313440598, -0.024186723439488054]], "inverted": true, "swapped": false, "error_lsq": 0.05677730450320026, "error_max": 0.358069164356627, "target": "757.xyz", "model": "10.xyz", "model_rescale": 4.2482417240324, "target_rescale": 3.94068666035691},
{"mapping": [9, 8, 7, 5, 10, 2, 11, 1, 4, 0, 3, 12], "R": [[0.44094349657613385, -0.8364348578238208, -0.32549279783807494], [0.06888257662789263, 0.3931194957972728, -0.9169036223405385], [0.8948877155623021, 0.38188190666925165, 0.230959273237386]], "T": [0.07454097015284283, 0.032945826695006855, 0.13341097038027352], "aligned_model": [[-0.5542121612762743, -0.08008316037179283, 0.38967644928683737, 0.5395648965842041, -0.47753084717398936, 0.2381230884077806, -0.3259622803130987, 0.49074315653621353, 0.01426320794567558, 0.02987894234841673, -0.36617385476028286, -0.021521834850683152], [-0.28286578873820234, -0.8015058495374087, -0.09638126703946022, -0.3282151948203452, 0.5429644024291815, 0.8682254235453558, -0.005436582777972057, 0.3355877209036516, -0.45431815367881995, 0.6751614835824573, 0.10165478686941716, 0.11126040931278433], [-0.028136023108658953, 0.12094417653659206, 0.4396006160778406, -0.16636442688772698, 0.0892876528582084, 0.16178915782775966, 0.6218571367491118, -0.14048936346415417, -0.5380944147693456, -0.5457861871608282, -0.45746436286470527, 0.008048328060263177]], "inverted": false, "swapped": true, "error_lsq": 0.04326016552893219, "error_max": 0.2392735996949424, "target": "757.xyz", "model": "11.xyz", "model_rescale": 3.6694154284099745, "target_rescale": 3.94068666035691},
{"mapping": [5, 10, 7, 0, 1, 2, 9, 8, 3, 4, 6, 11, 13], "R": [[0.3082993918067208, 0.4037717256787497, 0.8613477105989256], [0.5065206666909261, -0.8361025480635847, 0.2106403174526676], [0.8052256200758803, 0.3713501348646386, -0.46228863073779874]], "T": [-0.15795664705343593, 0.007329675539447713, -0.15679547088687412], "aligned_model": [[-0.5877910021961643, 0.14810170807706918, 0.12615797086423852, -0.8372824389351494, -0.649726262860159, -0.08320335933774872, 0.6274980061030864, 0.4207835051807014, -0.10711531337173807, -0.3549330387382407, -0.2781007348254756, 0.30918387246256174, -0.26707404327733747], [0.26732371185796605, -0.4319865161717638, 0.14270409921967422, 0.19986103415725548, -0.44094059116669787, -0.5808088029060654, 0.04869590670393936, -0.2068299780271758, -0.20383888551690846, 0.3158427323449261, 0.5520411760884539, 0.5142998377180287, 0.01845082609717831], [-0.7830672335382982, -0.4986409831634141, -0.8299358483478347, -0.046405213805362694, 0.3663583373359763, 0.11673450834722959, -0.3181524962811899, 0.2811466831555529, 0.6763143047214637, 0.486398624740306, -0.25012077719092224, 0.10738181540780589, -0.10311363382725725]], "inverted": false, "swapped": false, "error_lsq": 0.04063574833865684, "error_max": 0.2425312431385508, "target": "757.xyz", "model": "12.xyz", "model_rescale": 3.9764082729961374, "target_rescale": 3.94068666035691},
{"mapping": [4, 7, 0, 6, 14, 3, 2, 8, 11, 13, 9, 12, 15], "R": [[-0.7495720941711083, -0.6276603261477407, -0.21020035827764674], [0.6619081582155377, -0.7128629556267053, -0.231741227628734], [-0.0043892741602666735, -0.31284008930325696, 0.94979566897153]], "T": [-0.10867639090020109, 0.15446288573029449, -0.04490361239948673], "aligned_model": [[-0.5006179279134151, 0.045087348887086015, 0.09061242450295962, -0.870736068854005, -0.6073321310941371, -0.10945282190856837, 0.5925494039935152, 0.390401239268631, -0.034208310695917094, -0.4286820423340856, 0.055546496240753224, 0.00437301505840168, -0.1610417560055741], [-0.022442926643056166, -0.3381749250885759, 0.22997516547502944, 0.158591397729413, -0.2893202774068084, -0.6812875333646167, -0.019586690961617137, -0.29526964409143674, -0.2634449077163012, 0.3165775592959563, 0.6378875332602955, 0.6932543932480164, 0.0680554066625124], [-0.6201860533721555, -0.5968985386453792, -0.7389423700818074, 0.009011212322933254, 0.3946495657971162, 0.05491663329837107, -0.3829104811686902, 0.17490313757365897, 0.6261793034586779, 0.4508743236283008, -0.36244192507562, 0.2777991582540289, -0.08205587843537866]], "inverted": false, "swapped": false, "error_lsq": 0.0479578208093702, "error_max": 0.3148939535653454, "target": "757.xyz", "model": "13.xyz", "model_rescale": 4.170626492500431, "target_rescale": 3.94068666035691},
{"mapping": [12, 11, 5, 8, 7, 9, 6, 3, 1, 0, 4, 2, 13], "R": [[-0.9653557487853596, -0.007778695828946164, -0.2608213376590553], [0.22302264873893052, 0.4942981262747775, -0.8401965606396614], [0.1354591319790947, -0.8692576454955373, -0.47543871246568187]], "T": [-0.13923454590581563, 0.04049665945357049, -0.012089829896135537], "aligned_model": [[-0.485676649965203, 0.1990598842385965, 0.12242861019849388, -0.8371087500602403, -0.8079888607308142, -0.13648133357855127, 0.565557304066093, 0.48061051838826285, -0.1393661823773008, -0.2819132229147856, -0.3238778864300975, 0.1933450470401603, -0.08208960872896982], [0.06374352427045903, -0.4364547141513693, 0.06759484129596798, 0.2603902254936744, -0.13333975042895557, -0.7648233338489461, 0.19118168493732252, -0.17203266845590548, -0.3620594839845866, 0.24817564018773108, 0.6733913907490936, 0.5489610681681327, 0.01008612616619255], [-0.6564061908534395, -0.40924712478164343, -0.8827320696448139, -0.13926965374771366, 0.41214874907907884, 0.07599289640700758, -0.44573915635499567, 0.2026122555117611, 0.6427101425743769, 0.5286232572545942, -0.27365096326923927, 0.24047090866547088, -0.09061496328638856]], "inverted": false, "swapped": false, "error_lsq": 0.05180138111769549, "error_max": 0.3187069677920038, "target": "757.xyz", "model": "14.xyz", "model_rescale": 3.9786697098870705, "target_rescale": 3.94068666035691},
{"mapping": [11, 9, 2, 6, 10, 0, 8, 4, 1, 7, 3, 12], "R": [[-0.4113338719617424, 0.3441654488167411, 0.8440110127348648], [0.8746944031691923, -0.11137700005134893, 0.47170421338382384], [0.25634770691670156, 0.9322796295641844, -0.255226459165612]], "T": [0.05022479958522228, -0.14753324014918565, 0.025326704333923703], "aligned_model": [[-0.2529486441002566, -0.6349072669085134, 0.7301670470620522, 0.6849981100258038, -0.022201925439671998, 0.4169530709356407, -0.6218367943739035, -0.34760740917842786, 0.5502696868871325, 0.21120399204675996, -0.25648952727445135, 0.02575425708517274], [-0.44798385826759346, 0.06279860151907707, 0.12266362963483132, -0.58185265740747, 0.28171988984184193, 0.7109340843295312, -0.4338112175918134, 0.23957317021233873, 0.07556817341344557, -0.5638620621127166, 0.5261737966294682, 0.022752940023498258], [-0.44186812606053305, -0.061388205988507236, -0.41048131246376535, -0.276466655517442, -0.5889576159321029, -0.04016110587211191, 0.4574745681638931, 0.6448888385857172, 0.22537329618232071, 0.1280105789789103, 0.03669718531597878, -0.013154951518527403]], "inverted": true, "swapped": true, "error_lsq": 0.05657983416509544, "error_max": 0.3166845804271448, "target": "757.xyz", "model": "15.xyz", "model_rescale": 3.769337070930944, "target_rescale": 3.94068666035691},
{"mapping": [9, 8, 10, 11, 3, 4, 0, 5, 2, 6, 12], "R": [[-0.6615131079552877, -0.5075142158284326, -0.5521138729785614], [-0.016217623572505335, 0.7457260179399995, -0.6660553241683547], [0.7497582254893883, -0.4316503525996506, -0.5015382103206103]], "T": [-0.10796270170297292, -0.022390643673988443, 0.11603195067910735], "aligned_model": [[-0.2393955631371981, -0.36282112624559815, -0.10700528555581273, -0.6892533798532522, 0.31189813983538595, 0.3592379605835392, 0.666112133848352, 0.2168352310168978, 0.13537952886834642, -0.3653238017822159, -0.003037706887273728], [-0.06592902803236037, -0.7131133896290314, 0.6615078787510769, 0.16568250142916469, 0.15334074504681858, -0.5154937415417835, 0.4967828172070079, -0.5759025521578484, 0.6672225889759121, 0.24847513010108693, 0.07349154747529879], [-0.592483906484613, -0.306251028277308, -0.19881880858431525, -0.04884788440616811, -0.46785116288453943, -0.3641263081310637, 0.03229729850969551, 0.2731328561198261, 0.5524658907259224, 0.8529490020959395, 0.011751658540400528]], "inverted": false, "swapped": true, "error_lsq": 0.04944246226474094, "error_max": 0.2988267296629171, "target": "757.xyz", "model": "16.xyz", "model_rescale": 3.7852294659196426, "target_rescale": 3.94068666035691},
{"mapping": [8, 2, 3, 9, 11, 7, 1, 5, 6, 10, 0, 4, 12], "R": [[0.8420787639575675, 0.49473122825844934, -0.21481239972958144], [0.2572748166035287, -0.01839754184591097, 0.9661631328071099], [0.47403905327864715, -0.868851277400174, -0.1427740653156934]], "T": [-0.09571490428633322, 0.01796984400386952, -0.12602977647700594], "aligned_model": [[-0.6238898842958039, -0.01684545054848538, 0.15575089900339467, -0.8790460042722331, -0.6228794131037613, 0.06100852533987339, 0.5479336191592585, 0.4239649130150326, -0.13238533839369523, -0.40234857109425515, -0.18335306484076963, 0.3110498514847266, -0.17246121230763756], [0.022080806669847707, -0.4752254517090727, 0.2218901726384085, 0.3754978180480864, -0.47982509433559717, -0.600770562158491, -0.13053639084177587, 0.0024346469970320736, -0.29178792933531433, 0.31252913119011194, 0.6661030875096291, 0.5411070289369339, 0.031317286789012404], [-0.5071074611167965, -0.47905248195639283, -0.8524434468522196, -0.04968895461504641, -0.015441104181151355, 0.1638410250271438, -0.3207517082806655, 0.27633890483897394, 0.7046919802022766, 0.5584157626211761, -0.32094003073793526, 0.12428323615400624, -0.07724763354931345]], "inverted": true, "swapped": false, "error_lsq": 0.05359046460567085, "error_max": 0.3390960786053578, "target": "757.xyz", "model": "17.xyz", "model_rescale": 3.901054581598922, "target_rescale": 3.94068666035691},
{"mapping": [11, 7, 6, 9, 13, 3, 1, 0, 2, 5, 10, 8, 14], "R": [[-0.061567073040347975, -0.6806240657456446, -0.730041352695252], [-0.532558184626801, -0.5962088931221663, 0.6007634607306338], [-0.8441512160177529, 0.42577674536065274, -0.32576508039665547]], "T": [-0.09659342953729214, 0.07889153427839926, -0.07825196193945047], "aligned_model": [[-0.5313770345416613, 0.13783498853572176, 0.1041991244187497, -0.7429418972932011, -0.5980224939189906, -0.12394423808480007, 0.5652192348056385, 0.44961182805271416, -0.012922490458665642, -0.42107719322932213, -0.436704148460758, 0.21908668120292632, -0.14246349188270696], [0.06708766076211956, -0.3686795919950716, 0.13319000277957974, 0.20533196127870626, -0.24488260601632986, -0.650452283016943, 0.06491507245689929, -0.41801073441871617, -0.18183661345894483, 0.3073548083518328, 0.7753975113191466, 0.447874355658315, 0.05752500669821688], [-0.7472473836846911, -0.5076706708044991, -0.7996809410249716, -0.05736900276545931, 0.335561278267146, 0.14694887943915347, -0.2961836146797072, 0.095680411252489, 0.701977561290261, 0.4040351584520466, -0.3459418402477984, 0.37409303620846035, -0.09930478414837418]], "inverted": false, "swapped": false, "error_lsq": 0.039963265061019285, "error_max": 0.2342425690754045, "target": "757.xyz", "model": "18.xyz", "model_rescale": 3.9405287249114394, "target_rescale": 3.94068666035691},
{"mapping": [13, 12, 14, 9, 8, 0, 3, 1, 6, 5, 11, 2, 15], "R": [[-0.2548692980941608, 0.9515034272099234, -0.17228716985533096], [-0.9451358382361825, -0.28278018401707894, -0.1635653227577776], [-0.2043523627721949, 0.1211469996947381, 0.9713719762760219]], "T": [-0.16207008236514428, -0.0898676304730207, -0.1777883975565182], "aligned_model": [[-0.4934376517258182, 0.11172656189896688, 0.10567539356389724, -0.8460701901584551, -0.5424694821573192, -0.12046379188049314, 0.6620050018098134, 0.3783661895581233, -0.03527586969395169, -0.4448671753589397, -0.36897591672423447, 0.20432257960815706, -0.1440367795941024], [0.09717701015326564, -0.377691252509256, 0.30126956750542866, 0.24924443388110512, -0.27500456783816496, -0.6480816336452616, -0.009597955015833312, -0.3102834226672484, -0.13483121727350444, 0.35736124231414185, 0.5841056921645154, 0.4209299691718096, -0.059783315842186775], [-0.7314486559830639, -0.555057561943229, -0.7902122822583512, -0.09932370929002729, 0.4493421842179355, 0.22138612719484851, -0.3775022671750284, 0.13021312601196916, 0.5571843632226468, 0.46351869136317425, -0.32666128958493534, 0.4223511799271238, -0.15889181814900727]], "inverted": true, "swapped": false, "error_lsq": 0.043271652607318196, "error_max": 0.2832644758445816, "target": "757.xyz", "model": "19.xyz", "model_rescale": 4.410303926677745, "target_rescale": 3.94068666035691},
{"mapping": [4, 6, 11, 2, 0, 3, 10, 5, 1, 7, 12, 8, 13], "R": [[0.46125799890710434, 0.4251106450066723, -0.7787952220874401], [-0.8488651098468082, -0.04399848003642221, -0.5267752452794753], [-0.2582035703257809, 0.9040713872568339, 0.34056694351408195]], "T": [-0.1354304248861913, -0.0014660148146998508, -0.0711362603128954], "aligned_model": [[-0.6036167217026126, -0.24128023818764954, 0.018776689585788986, -0.7899269284655268, -0.5144573822678024, 0.020139569191197776, 0.6572147322379429, 0.5714168745931494, -0.3067947039862674, -0.3881245042347453, -0.23751684255338826, 0.35010217152070644, -0.06943384658514876], [0.09575213962827557, -0.34479576002308077, 0.20778055008086285, 0.02712096383994042, -0.5586344892925867, -0.7096701488273628, -0.0683370386055003, -0.20221465821883122, 0.01766520696620505, 0.5261765176702313, 0.7184382910753335, 0.452626455097045, 0.032906521008278886], [-0.5873180276525313, -0.5265770646527497, -0.8582635469821565, 0.02595050092629743, 0.17188890124196549, -0.056728720184808554, -0.27699041759920995, 0.32778428360349043, 0.6591980271021732, 0.33456341325954897, -0.2760535386898967, 0.3150187707343624, -0.047574493552429556]], "inverted": true, "swapped": false, "error_lsq": 0.05579957822359581, "error_max": 0.318296344812249, "target": "757.xyz", "model": "20.xyz", "model_rescale": 4.121658175737393, "target_rescale": 3.94068666035691},
{"mapping": [11, 4, 10, 7, 3, 2, 6, 1, 0, 5, 9, 8, 12], "R": [[-0.6917189276850724, 0.6325487456242646, 0.3484350864815188], [-0.6606475673817079, -0.3594010352753952, -0.6590718379324111], [-0.2916671335526956, -0.6860852572764874, 0.6664962887766223]], "T": [-0.05865763554817863, 0.06583088063457503, -0.08460212666281272], "aligned_model": [[-0.7623748888803612, -0.20375441300222644, 0.19611038785603893, -0.7139657032702305, -0.5173911788655483, 0.23882961163910074, 0.5774748195386863, 0.28320772513660564, -0.3939246389455283, -0.1603608688028127, -0.20907576064817093, 0.264215240280695, -0.13249146289060387], [0.05739427140711588, -0.35572126292289935, 0.08127244755644945, 0.21174052009020444, -0.38969448571865756, -0.6256445936853338, 0.11010332109024044, -0.2967504174241753, -0.31480233247292677, 0.3772726661572436, 0.6485701547845225, 0.6334744011195201, 0.057599860417507406], [-0.6130714768888508, -0.44567319634503844, -0.8218455423192014, 0.04228275497996978, 0.1697615495809148, -0.1824522180481046, -0.21109288788025085, 0.39917234915762234, 0.7697269223640348, 0.5125276720934963, -0.48516697932120223, 0.08043436133890583, -0.009705221158239657]], "inverted": false, "swapped": false, "error_lsq": 0.06824157497520136, "error_max": 0.43945584506978047, "target": "757.xyz", "model": "21.xyz", "model_rescale": 4.08911054899281, "target_rescale": 3.94068666035691},
{"mapping": [10, 7, 12, 5, 8, 0, 3, 4, 1, 11, 9, 15, 16], "R": [[0.4814900863320908, -0.7531296195881426, 0.4482890505722122], [0.13736393371976516, 0.5700055310293874, 0.8100770607225821], [-0.8656202669051527, -0.32846532647286464, 0.37790485949260666]], "T": [-0.07740077908790582, 0.008332488934550967, -0.04425782327731571], "aligned_model": [[-0.6017211652701537, -0.16257754096681198, 0.08868636893908988, -0.7102989783203064, -0.628187173807017, 0.027124103105666486, 0.7474397874202914, 0.5062178078757367, -0.10836414002014837, -0.4687040220285602, -0.31942998813224854, 0.14924001840149176, -0.052926208051385315], [0.009589598370223443, -0.4434094064117547, 0.21160901475207736, 0.3016394460671055, -0.14825810491510308, -0.7516084786253688, 0.1368765826424436, -0.36491038845621954, -0.20787242405826262, 0.37546085862865886, 0.5745282000062798, 0.531881212340673, -0.030711559941942173], [-0.6576271749117953, -0.5869090623196543, -0.7342311701146412, -0.14980379550834946, 0.3467354648622751, 0.06364802923211521, -0.2838267676539406, 0.03556250806363075, 0.7188247981625837, 0.5016282110634805, -0.402575964453377, 0.40965593618296237, -0.056182925051234116]], "inverted": false, "swapped": false, "error_lsq": 0.0440669049870931, "error_max": 0.2539545941923329, "target": "757.xyz", "model": "22.xyz", "model_rescale": 4.204369325754507, "target_rescale": 3.94068666035691},
{"mapping": [13, 12, 14, 9, 8, 0, 3, 1, 6, 5, 11, 2, 15], "R": [[-0.2548692980941608, 0.9515034272099234, -0.17228716985533096], [-0.9451358382361825, -0.28278018401707894, -0.1635653227577776], [-0.2043523627721949, 0.1211469996947381, 0.9713719762760219]], "T": [-0.16207008236514428, -0.0898676304730207, -0.1777883975565182], "aligned_model": [[-0.4934376517258182, 0.11172656189896688, 0.10567539356389724, -0.8460701901584551, -0.5424694821573192, -0.12046379188049314, 0.6620050018098134, 0.3783661895581233, -0.03527586969395169, -0.4448671753589397, -0.36897591672423447, 0.20432257960815706, -0.1440367795941024], [0.09717701015326564, -0.377691252509256, 0.30126956750542866, 0.24924443388110512, -0.27500456783816496, -0.6480816336452616, -0.009597955015833312, -0.3102834226672484, -0.13483121727350444, 0.35736124231414185, 0.5841056921645154, 0.4209299691718096, -0.059783315842186775], [-0.7314486559830639, -0.555057561943229, -0.7902122822583512, -0.09932370929002729, 0.4493421842179355, 0.22138612719484851, -0.3775022671750284, 0.13021312601196916, 0.5571843632226468, 0.46351869136317425, -0.32666128958493534, 0.4223511799271238, -0.15889181814900727]], "inverted": true, "swapped": false, "error_lsq": 0.043271652607318196, "error_max": 0.2832644758445816, "target": "757.xyz", "model": "23.xyz", "model_rescale": 4.410303926677745, "target_rescale": 3.94068666035691},
{"mapping": [5, 12, 6, 4, 3, 0, 13, 7, 1, 10, 15, 11, 16], "R": [[0.4232114677477601, 0.9040432922313513, -0.059981491631057426], [0.40209692918227474, -0.12808365886316256, 0.9065939752030178], [0.8119175531474682, -0.407799340489566, -0.41771950491604254]], "T": [-0.0995509761754314, 0.1631083567047731, -0.050389167049678364], "aligned_model": [[-0.43064801831239313, 0.06943350740268928, 0.15878234773663263, -0.7837598637415215, -0.6850642590222468, -0.1760845411181352, 0.5128515585325357, 0.38189251632509064, -0.013200318410836631, -0.4313761898417332, -0.24252845859266114, 0.2649349959343584, -0.15873440774613487], [0.0008507814671994962, -0.42403408439951495, 0.22229111719582498, 0.08876558895862621, -0.3463856947429109, -0.5880904110488911, 0.07075485004738312, -0.23888753739873828, -0.224521168059978, 0.4148027440397535, 0.6810780053177496, 0.45196728948868214, 0.08622306953362475], [-0.5599470748424147, -0.5727720084099505, -0.762891366609091, -0.06507671451569605, 0.40440858116751677, -0.06551648831634374, -0.38298590353468587, 0.16993414387115024, 0.7102830784047043, 0.4499366360376669, -0.5200476317579488, 0.3790662784820852, 0.02050655757706322]], "inverted": false, "swapped": false, "error_lsq": 0.04285406999954534, "error_max": 0.23127370646096373, "target": "757.xyz", "model": "24.xyz", "model_rescale": 4.28219845311461, "target_rescale": 3.94068666035691},
{"mapping": [0, 8, 1, 2, 14, 10, 5, 11, 12, 13, 4, 9, 15], "R": [[-0.32174644136736563, -0.8847916120527212, 0.33708015472374464], [0.7563064664236497, -0.4543503141580679, -0.4707083182505259], [0.5696312459066916, 0.10348717440152827, 0.815359214347381]], "T": [-0.11602765633228344, 0.1296732274789385, -0.054071524311439106], "aligned_model": [[-0.6267095065064974, 0.11979619468653487, 0.13395441922396445, -0.7975307534653049, -0.4805594939408639, -0.04284608286938692, 0.6557517827158564, 0.16430719660061016, -0.06688787840300815, -0.41730543538934806, -0.4267124264869034, 0.4158685797575999, -0.16462772677760865], [0.15223071688861683, -0.35818597145804565, 0.20230029167653965, 0.06745422899812441, -0.43680733019415274, -0.6604826659719428, -0.12108052006997688, -0.22301462153016144, -0.034052840005604906, 0.37171359698638007, 0.7047839650216896, 0.393254475045531, 0.1367012250118137], [-0.6898776107953453, -0.4880376177243261, -0.6389746532937512, -0.032569217131432876, 0.3014013185932253, -0.05235682952443724, -0.3124505800935502, 0.2517073543591155, 0.6910452163971108, 0.39710983203226935, -0.3817469524147926, 0.2691698774976785, -0.1095220503477082]], "inverted": false, "swapped": false, "error_lsq": 0.04948818551004097, "error_max": 0.2921455180795272, "target": "757.xyz", "model": "25.xyz", "model_rescale": 4.100010024507729, "target_rescale": 3.94068666035691},
{"mapping": [9, 8, 7, 5, 10, 2, 11, 1, 4, 0, 3, 12], "R": [[0.44094349657613385, -0.8364348578238208, -0.32549279783807494], [0.06888257662789263, 0.3931194957972728, -0.9169036223405385], [0.8948877155623021, 0.38188190666925165, 0.230959273237386]], "T": [0.07454097015284283, 0.032945826695006855, 0.13341097038027352], "aligned_model": [[-0.5542121612762743, -0.08008316037179283, 0.38967644928683737, 0.5395648965842041, -0.47753084717398936, 0.2381230884077806, -0.3259622803130987, 0.49074315653621353, 0.01426320794567558, 0.02987894234841673, -0.36617385476028286, -0.021521834850683152], [-0.28286578873820234, -0.8015058495374087, -0.09638126703946022, -0.3282151948203452, 0.5429644024291815, 0.8682254235453558, -0.005436582777972057, 0.3355877209036516, -0.45431815367881995, 0.6751614835824573, 0.10165478686941716, 0.11126040931278433], [-0.028136023108658953, 0.12094417653659206, 0.4396006160778406, -0.16636442688772698, 0.0892876528582084, 0.16178915782775966, 0.6218571367491118, -0.14048936346415417, -0.5380944147693456, -0.5457861871608282, -0.45746436286470527, 0.008048328060263177]], "inverted": false, "swapped": true, "error_lsq": 0.04326016552893219, "error_max": 0.2392735996949424, "target": "757.xyz", "model": "26.xyz", "model_rescale": 3.6694154284099745, "target_rescale": 3.94068666035691},
{"mapping": [4, 0, 5, 10, 11, 2, 1, 6, 12, 9, 8, 7, 13], "R": [[0.37081104461293113, -0.3603447737732302, -0.8559502399131544], [0.3557279586916509, 0.9064753623248138, -0.22750832271187094], [0.857879238936424, -0.22012283278301054, 0.46431578681910535]], "T": [-0.11652823356353392, 0.09608337452563383, -0.04457015317915617], "aligned_model": [[-0.6145800155005797, 0.05987211614745913, 0.32018349147081976, -0.717922418817455, -0.6231159189410229, -0.2536257669558305, 0.7121020937024406, 0.3606784017988862, -0.06711934387676, -0.38109252299470336, -0.44670166026106417, 0.24561660968495658, -0.1277961963115025], [-0.060834324623330424, -0.26268554795042837, 0.3601996081382533, 0.08334302605827368, -0.3486820373672188, -0.5694201886682084, -0.08633841519698925, -0.3347355260288976, -0.26601995294030706, 0.452260837205165, 0.5833297288480422, 0.6042731355848451, 0.040124207339611424], [-0.6792762491732428, -0.5709741045514328, -0.6491394081706364, -0.05188023911157658, 0.4862105121175851, -0.06552056886311555, -0.2889893117269838, 0.19596951900706452, 0.6598251585709032, 0.47312366299726333, -0.29343495770639727, 0.03742255370110117, -0.04843847953647605]], "inverted": false, "swapped": false, "error_lsq": 0.05100611701041257, "error_max": 0.28085614486772503, "target": "757.xyz", "model": "27.xyz", "model_rescale": 4.103607728864725, "target_rescale": 3.94068666035691},
{"mapping": [9, 0, 3, 6, 7, 1, 12, 2, 8, 11, 10, 13, 14], "R": [[-0.5935908104964488, 0.5556505785515133, 0.5821532309019144], [0.030930362148180124, 0.738598526519849, -0.6734356163139061], [-0.8041724083749404, -0.3817389830474176, -0.455611771610844]], "T": [-0.15441466747061433, 0.12149472450712936, -0.06388994568399033], "aligned_model": [[-0.6963238029716086, -0.11705915214337398, 0.27099539484596946, -0.7705956079299587, -0.5675945753489275, -0.07477244745140565, 0.6532963589168936, 0.4788658087326559, -0.14176607212660286, -0.4434048726163277, -0.2429424941407591, 0.22530731084571326, -0.10750697946662402], [0.09164562363446732, -0.4418498708919695, -0.005267935013039876, 0.2671120453163054, -0.27613430909889625, -0.7681973579618713, 0.36832178738053933, -0.2457155796780464, -0.16777665358131086, 0.5023533452234352, 0.5200128265619774, 0.3751613687974482, -0.024850740290228046], [-0.6767255240332326, -0.5008558176819173, -0.6692727663834075, -0.044296391977096713, 0.3734368896721198, 0.006579531802748326, -0.21872184165526565, -0.13759976315813138, 0.7032098259632563, 0.4295597536929563, -0.36904797449105753, 0.3958240803275341, -0.08719191452445052]], "inverted": true, "swapped": false, "error_lsq": 0.054765214273332904, "error_max": 0.4064544952558031, "target": "757.xyz", "model": "28.xyz", "model_rescale": 4.137296879288765, "target_rescale": 3.94068666035691},
