[{"mapping": [10, 0, 4, 5, 9, 8, 3, 6, 1, 2, 11], "R": [[0.28069608023726017, -0.8049834486669281, -0.5226962386623198], [-0.17724982442595072, -0.5786995948174191, 0.7960460280028566], [-0.9432879784458229, -0.13079918321784098, -0.30512188284214947]], "T": [0.02880045583391934, -0.10787858251159146, -0.050584792577258765], "aligned_model": [[0.504480270322799, -0.4010282823143152, 0.03532076910840505, -0.24823504168371552, 0.528042068230651, -0.02185480616713542, 0.5866318912130456, 0.006103550145011641, -0.5899115933153963, -0.6623707761823987, -0.01471649570356208], [-0.3926915092315276, 0.04400344707179568, 0.6555099086722398, -0.5393797263424684, -0.23148776373514188, 0.10466640487742107, 0.29359910036033965, -0.6070956687483804, -0.4380788395052815, 0.25163698188080175, -0.11390022511120912], [-0.4434863792703059, -0.46887954386279523, -0.31429668799802424, -0.7030757339072591, 0.2731975528289107, 0.5455378151626414, -0.09147824737841212, 0.4742214942909112, 0.04963371887502125, 0.15381954343126886, -0.10445751886235877]], "inverted": true, "swapped": false, "error_lsq": 0.04936357288705597, "error_max": 0.3087721970231489, "target": "759.xyz", "model": "0.xyz", "model_rescale": 3.751011558992144, "target_rescale": 3.7085911467363184},
{"mapping": [11, 5, 13, 10, 6, 0, 12, 1, 8, 2, 14], "R": [[-0.9798345606751948, -0.025226897167549858, -0.1982115974552093], [-0.03903810511324403, -0.9487110675271115, 0.31372493796435086], [-0.19595984296690835, 0.315136341939273, 0.9285950817948145]], "T": [-0.03333755464476383, -0.12657396131334053, -0.05368642402492394], "aligned_model": [[0.6575588533693154, -0.48156013926619873, -0.15120622596423028, -0.012929084801561783, 0.5349103950030115, -0.10033411418319879, 0.5407407057570716, 0.017436553774516153, -0.6561320920980613, -0.6303511731486756, 0.004327875211401114], [-0.2517741563758379, 0.06058934163370308, 0.5302696788035564, -0.6504237044189144, -0.5941689287750016, 0.11186773941502332, 0.3385605078037803, -0.49622281073520397, -0.3307509415158263, 0.40959089375381996, -0.10075550940051015], [-0.43278806405861125, -0.44630896497342076, -0.3403318619093366, -0.6842565542529139, 0.09522616575770074, 0.6633641563829462, -0.1315271630395794, 0.534928278026559, 0.05051039460981053, 0.1459133993712524, -0.0839937726048092]], "inverted": true, "swapped": false, "error_lsq": 0.045863708511334124, "error_max": 0.27436106548713274, "target": "759.xyz", "model": "1.xyz", "model_rescale": 3.9405287249114394, "target_rescale": 3.7085911467363184},
{"mapping": [2, 9, 8, 5, 1, 3, 4, 6, 11, 10, 12], "R": [[-0.4524611782588821, -0.46030269617289155, 0.7638064611304036], [-0.4649689576456082, 0.8526269250138605, 0.23839294278011924], [-0.7609748685696136, -0.24728274229588953, -0.5998070479479913]], "T": [0.05878005086120962, -0.17676481233016733, 0.04882900244037735], "aligned_model": [[0.35923384857154916, -0.4779107072535256, -0.05471057504896017, -0.1663276435320441, 0.8123556903420815, -0.08306602115436733, 0.5227124867055715, -0.114407986832964, -0.5945619888646639, -0.5945200955718615, 0.11366454629257308], [-0.3928447957717153, 0.1524724200186005, 0.5260029229294605, -0.59213850520094, -0.4199499944948676, 0.1958889994347029, 0.34446164179061295, -0.5198710709214163, -0.45155437815865473, 0.35585385418971577, -0.17153898362690922], [-0.5231907382320451, -0.45510252274892216, -0.25764637702481546, -0.5033190769482947, 0.06335673849188894, 0.4584733689337488, 0.11800559081394019, 0.43306811068494455, -0.02362210297430218, 0.08050539834457748, -0.019792376031122348]], "inverted": true, "swapped": false, "error_lsq": 0.04430870034492752, "error_max": 0.21641747692794583, "target": "759.xyz", "model": "2.xyz", "model_rescale": 3.932901565614263, "target_rescale": 3.7085911467363184},
{"mapping": [10, 5, 4, 12, 11, 3, 1, 8, 9, 7, 13], "R": [[0.7963886821844925, 0.41787979296041045, -0.4371973759342704], [-0.35607058464132024, -0.2603516130087298, -0.8974579524172377], [-0.48885458537446047, 0.8703984812941237, -0.05854637579942204]], "T": [0.043598920788769535, 0.03443142950477264, -0.015742579603219738], "aligned_model": [[0.47572491891434393, -0.4628762012709479, -0.34330436487985266, -0.08926331066420726, 0.5261523615628578, 0.15331181587532672, 0.7277222928119906, -0.14930357046262374, -0.519456351992585, -0.6217193119203313, 0.025473275679417942], [-0.3632319931448616, -0.00990487819697096, 0.7629023504664519, -0.44235617137786304, -0.6544866393064946, 0.11458010946104874, 0.3082245590173083, -0.41109145530861413, -0.43476046330250473, 0.17524965498677264, -0.0183429631056837], [-0.4259576016730931, -0.5239914637226415, -0.30360082490781864, -0.5972501214781736, 0.28466176395704046, 0.47642075490496094, -0.09177648648339087, 0.5347887215127772, -0.06693502929928165, 0.20166124728140916, -0.11728494678219051]], "inverted": false, "swapped": false, "error_lsq": 0.05250468658943295, "error_max": 0.27770550017586804, "target": "759.xyz", "model": "3.xyz", "model_rescale": 3.9243930471874484, "target_rescale": 3.7085911467363184},
{"mapping": [8, 1, 7, 9, 10, 3, 4, 6, 5, 0, 12], "R": [[-0.6408465864079185, -0.4713155893155993, -0.6059515392813253], [-0.7140746139230048, 0.07622512450385166, 0.6959074479735678], [-0.2818032974257572, 0.8786645239580699, -0.38540310831324204]], "T": [0.04555166532894815, -0.18118518718422774, -0.0726732126865087], "aligned_model": [[0.49875513936573, -0.4891635375683616, 0.05781501986024527, 0.030746970876156157, 0.6528767464309196, 0.0717990629867115, 0.40593533284684186, -0.1590638377993953, -0.6712206924079559, -0.6051065369912213, -0.07091211394628096], [-0.1378302546208957, 0.05513566527689223, 0.5148386957626631, -0.5724705197797914, -0.45125229868546735, 0.08551379336454543, 0.28672083466514575, -0.5354100177256474, -0.33514882178898764, 0.29021273519070645, -0.1735277014705746], [-0.5074873452301144, -0.4830296509996208, -0.47056656952392695, -0.6594985711149028, 0.16258775022228564, 0.544688997247914, -0.013050764367757199, 0.5224517994278771, 0.11747327341947869, 0.20616411604598497, -0.048997021817620424]], "inverted": true, "swapped": false, "error_lsq": 0.044752518827114424, "error_max": 0.2617832634894155, "target": "759.xyz", "model": "4.xyz", "model_rescale": 3.8936222436046832, "target_rescale": 3.7085911467363184},
{"mapping": [2, 10, 3, 4, 1, 9, 0, 6, 7, 8, 11], "R": [[-0.4439417403253927, -0.6665229239876937, -0.5988847326454038], [0.8707914999720663, -0.16332278393837388, -0.4637325002876317], [0.21127682024600014, -0.7273739478737978, 0.6529082976814011]], "T": [-0.09973635159190884, -0.10564722157434367, -0.031195821999607347], "aligned_model": [[0.33368319132411983, -0.43208194316350884, 0.00797182961575739, -0.0030710869477727915, 0.6198476667549708, 0.03338337846707669, 0.6491183080984549, -0.17993941276230463, -0.6694672974312781, -0.5888217234169519, -0.04816135688517416], [-0.04465802549822548, -0.038189421037333846, 0.4338197371326329, -0.6470902213584581, -0.40830638120888385, 0.19140676824580014, 0.3644322209250299, -0.5776359937317248, -0.4050956457553391, 0.4249854250246944, -0.26688635254960325], [-0.6358331370113192, -0.56454678749484, -0.19749789801061332, -0.6040133352644425, 0.15239350446061947, 0.4942316310538226, -0.0002067049336334989, 0.6055165903530819, 0.04286373509163927, 0.12719394964264072, -0.04936553457735769]], "inverted": false, "swapped": false, "error_lsq": 0.0448462831128044, "error_max": 0.25458082987179526, "target": "759.xyz", "model": "5.xyz", "model_rescale": 3.6523030999806103, "target_rescale": 3.7085911467363184},
{"mapping": [3, 4, 2, 7, 5, 6, 1, 8, 9, 10, 12], "R": [[-0.17269243697249123, -0.5257328653061343, 0.8329359378424636], [0.16129461898852723, 0.8191316582265531, 0.5504610543683934], [-0.9716796633139174, 0.22940854567347657, -0.05665996006116164]], "T": [-0.03133297761506534, -0.12239951166770732, -0.06171508255396545], "aligned_model": [[0.29108216146169247, -0.2877251571463331, 0.0671194985817237, 0.0048400092986173385, 0.4611868155488103, -0.11537499713676502, 0.5516327192630336, 0.013431208899547499, -0.5732772819089195, -0.7278166003987371, 0.03736317719071897], [-0.11058114986853987, 0.2001752961827921, 0.607416901986012, -0.6566808378646863, -0.5657189551116741, 0.25506088020511375, 0.24193364257123443, -0.402704175709953, -0.5604717026891154, 0.19678214662407892, -0.17842993613667346], [-0.6769788531162165, -0.46088941231771285, -0.2457986138691322, -0.4860416539493043, 0.09575127700606549, 0.4608603221428495, 0.03721527163107938, 0.5491274221789154, 0.13077388252662087, 0.08561676692614782, -0.11890039584971451]], "inverted": false, "swapped": false, "error_lsq": 0.049191819183828624, "error_max": 0.21495705277892552, "target": "759.xyz", "model": "6.xyz", "model_rescale": 4.08911054899281, "target_rescale": 3.7085911467363184},
{"mapping": [12, 8, 4, 11, 13, 6, 7, 1, 9, 3, 14], "R": [[-0.7644839182580461, -0.6425186509585477, -0.05228883145790464], [0.33487753874238635, -0.4651333987283306, 0.8194558898642887], [-0.5508369747671871, 0.6089504943407467, 0.5707520676015931]], "T": [0.03493993785363588, -0.05245124796392471, -0.08687623947090911], "aligned_model": [[0.5469137447996752, -0.5272227069690096, -0.1915315404135024, -0.003376477363529737, 0.595309411628133, 0.023810523741790303, 0.6800435657365091, -0.09805220001598608, -0.6503930722688377, -0.571638518180906, -0.08140117704094654], [-0.2850994935195763, 0.06183545737104719, 0.5800826992471761, -0.5630769108013118, -0.5065268374201469, 0.27613247481024394, 0.29424216979050427, -0.5943535241494482, -0.422324579294387, 0.3553086326330542, -0.1694379784785669], [-0.524779805170315, -0.45574028357750007, -0.3000920101336256, -0.3737984375210799, 0.038407176324242814, 0.2886924489508904, 0.1639901550811696, 0.3891500971799227, 0.002955224475559834, 0.2168438499470648, -0.07489240224673213]], "inverted": true, "swapped": false, "error_lsq": 0.048477854061100306, "error_max": 0.26621549045361376, "target": "759.xyz", "model": "7.xyz", "model_rescale": 3.964800864290218, "target_rescale": 3.7085911467363184},
{"mapping": [6, 9, 10, 4, 0, 5, 3, 1, 7, 8, 13], "R": [[0.7847973078092148, -0.20654832787867033, 0.5843209511098628], [0.6192520771061854, 0.2992241210694258, -0.725942002070348], [-0.024900816353774946, 0.9315592915218847, 0.3627357657085397]], "T": [-0.012962849643776937, -0.19549050106105148, -0.14662184191269598], "aligned_model": [[0.4241666313092881, -0.520576223605162, -0.0526221429587453, 0.07618186409425906, 0.5469444842722381, -0.023055854323333392, 0.6395048886994961, -0.13946142975373127, -0.5536145948385961, -0.6124541534866053, -0.06255191575571904], [-0.18311398485222824, 0.19391545968493512, 0.6184543750705964, -0.5981633612771533, -0.5123010280469092, 0.47285275547383954, 0.0654959996020148, -0.4658785608646679, -0.5806291780542974, 0.15567753993921574, -0.1395279064867571], [-0.5277654656384189, -0.40068558804670973, -0.2517640887976919, -0.7167105917330988, 0.16848804358876943, 0.35565910105573506, 0.032639399283689585, 0.5418607631821579, 0.11070490536282843, 0.18254189394552614, -0.12423235889318919]], "inverted": true, "swapped": false, "error_lsq": 0.05128847961211902, "error_max": 0.3390514973409631, "target": "759.xyz", "model": "8.xyz", "model_rescale": 4.121658175737393, "target_rescale": 3.7085911467363184},
{"mapping": [1, 8, 9, 2, 0, 5, 4, 10, 11, 7, 12], "R": [[-0.7898226268678578, -0.26023079037823743, -0.5553918921146355], [-0.16567695961526893, -0.781342624690832, 0.601709936675374], [-0.5905348111163284, 0.5672597628779603, 0.5740078381689948]], "T": [-0.10744053115980687, -0.11323217678770879, -0.08740169152877095], "aligned_model": [[0.4555043542952909, -0.5914823566550149, -0.015166983529249528, 0.007649487903348462, 0.5744638566740212, 0.08744212350843927, 0.6774372047826643, -0.15254970203319673, -0.6707862162829352, -0.61601716621624, -0.034033048793738696], [-0.1871185974580089, -0.1286254624534358, 0.7136646444645196, -0.6246375835292725, -0.4397893934346053, 0.08283311789618909, 0.30052811618852926, -0.4974831364568836, -0.361060211455055, 0.28634247541931146, -0.11787185899269947], [-0.4779981181560623, -0.6314787960415226, -0.11768463137249696, -0.5429949841993549, 0.12983328086536775, 0.46513523701605486, -0.05744710428803347, 0.5658954792073333, 0.0683384087652058, 0.10469415408356827, -0.13555691257046182]], "inverted": false, "swapped": false, "error_lsq": 0.043081164488885396, "error_max": 0.3280078201472215, "target": "759.xyz", "model": "9.xyz", "model_rescale": 3.833441315466971, "target_rescale": 3.7085911467363184},
{"mapping": [13, 8, 10, 2, 5, 12, 0, 6, 7, 11, 14], "R": [[0.3656868231089246, 0.9304839006508767, 0.02174529912489681], [-0.9003453911188597, 0.3595707532277517, -0.24512660017683663], [-0.2359053286713328, 0.07006128783255716, 0.9692471778920555]], "T": [-0.04142430773408581, -0.1814300948181962, 0.045450152499156245], "aligned_model": [[0.515998833311537, -0.4144074673995367, -0.0642270551142344, 0.08752986617186476, 0.5303654275066972, -0.07823430862393868, 0.5320067270766833, -0.005927238069655373, -0.6859678169597517, -0.604044110649761, -0.09063130359651547], [-0.15992252447130173, 0.12648712809834525, 0.5830063757432609, -0.5735277341380283, -0.5225957213306971, 0.19024003410734222, 0.18018661582613862, -0.4064903265192963, -0.34943674502200806, 0.20092940344165164, -0.2420943955468185], [-0.5242018532545842, -0.5658025847659471, -0.25599811952662527, -0.5430058927579923, -0.07328364819221608, 0.5182359352906181, -0.01961262182140395, 0.6852293473756395, 0.061305971121159084, 0.0964133990713152, -0.00854391923036444]], "inverted": true, "swapped": false, "error_lsq": 0.04553906361355922, "error_max": 0.278887629728448, "target": "759.xyz", "model": "10.xyz", "model_rescale": 4.2482417240324, "target_rescale": 3.7085911467363184},
{"mapping": [1, 6, 2, 0, 8, 7, 3, 9, 4, 5, 11], "R": [[-0.3920847078751233, 0.7773746996358046, 0.49189242545156314], [-0.7974052619720859, -0.02057355784896253, -0.6030933401196403], [-0.4587095268573654, -0.6287012844615301, 0.6279492534327229]], "T": [0.01248139571889275, -0.11279811926731444, -0.0982827299923812], "aligned_model": [[0.45763861894534685, -0.4862072676713966, 0.0818976140592276, -0.012059917089344216, 0.5582472780583794, 0.09488155178439742, 0.6709366837922134, -0.16472078334728044, -0.795109581760711, -0.6106477667279095, -0.07239487638953387], [-0.14811647773654274, 0.05200121118197344, 0.5680508056621747, -0.6813778232969651, -0.33512630796192505, 0.17970224274376745, 0.31720985497723364, -0.4779333484859339, -0.44238055313463015, 0.15866439821000383, -0.16391189197056721], [-0.6457626053508765, -0.47858910100455515, -0.3800333580988028, -0.5982370479705892, 0.07366960974392271, 0.5068701425936442, 0.1007182804224545, 0.6190641555912755, -0.027488573369956526, 0.22141137197816385, -0.0208868612250825]], "inverted": true, "swapped": false, "error_lsq": 0.042193731360800076, "error_max": 0.21498474123795142, "target": "759.xyz", "model": "11.xyz", "model_rescale": 3.6694154284099745, "target_rescale": 3.7085911467363184},
{"mapping": [4, 6, 11, 0, 1, 10, 8, 12, 5, 7, 13], "R": [[-0.5081221543767709, -0.7557416526867667, 0.41311793791335627], [-0.43384657652733305, -0.1897697353798975, -0.8807749971300032], [0.7440356337347172, -0.6267710921286322, -0.23144972198051927]], "T": [-0.0003760103835522416, -0.0314315334204869, -0.01428464913332634], "aligned_model": [[0.40287701172670937, -0.3467022082115149, 0.04782674098535354, -0.06398747859431357, 0.615183641622712, -0.06628079177670466, 0.5455179104863027, -0.09902675845750578, -0.7175215470381476, -0.6256356777128168, 0.030210710623314204], [-0.13809290975479774, -0.01470249579600963, 0.5496074572773841, -0.6408436135849928, -0.6119064742511869, 0.1524860991221573, 0.4821087009386542, -0.4951300605970107, -0.39175507823252975, 0.26875893139315765, -0.13374844632623695], [-0.6255857211982325, -0.4610878915699226, -0.4671630378386621, -0.38212749884920666, 0.010386224201119947, 0.5901652259910481, 0.0899943332302584, 0.4725625610520263, -0.03526117856882001, 0.2523637180392663, -0.07351072117927732]], "inverted": true, "swapped": false, "error_lsq": 0.0477153869619837, "error_max": 0.25536296878392933, "target": "759.xyz", "model": "12.xyz", "model_rescale": 3.9764082729961374, "target_rescale": 3.7085911467363184},
{"mapping": [4, 3, 14, 7, 5, 13, 6, 1, 8, 11, 15], "R": [[0.8764602816331754, 0.1862660271908721, -0.4439846189160432], [0.3451727808153652, 0.3997992122410247, 0.8491268110686669], [0.33566817856878045, -0.8974773295220249, 0.2861141675805865]], "T": [0.020781865643875692, -0.23080161175717268, 0.08943817443383151], "aligned_model": [[0.4685080557115469, -0.4868503991188308, -0.09670532321839143, -0.08787139270287145, 0.8382518989894211, 0.08790237326668843, 0.51559331821252, -0.2860119407520098, -0.6726763766636896, -0.5845276949115067, 0.02684903484051267], [-0.30741243720118516, 0.04930282675982611, 0.5236211331224723, -0.5871326786011575, -0.40902005391270524, 0.2854313718379044, 0.3292262745545714, -0.6283062373267496, -0.3108763076293315, 0.2800867751315082, -0.19813855654656495], [-0.4669212075590512, -0.5207211773822111, -0.14689024543261817, -0.5680238694709498, 0.14239888904764736, 0.41111952342982094, -0.06927287955844705, 0.4782700291845834, -0.021721826939108207, 0.14545683910857582, -0.012958061118644115]], "inverted": false, "swapped": false, "error_lsq": 0.04570841270449464, "error_max": 0.22000340834666648, "target": "759.xyz", "model": "13.xyz", "model_rescale": 4.170626492500431, "target_rescale": 3.7085911467363184},
{"mapping": [6, 12, 4, 11, 3, 0, 2, 1, 10, 8, 13], "R": [[-0.7569903683953015, -0.09793258366757657, -0.6460455024322505], [0.5270889200797566, 0.4928294306346429, -0.6923123735926507], [0.38619017657871857, -0.8645972249299249, -0.3214479524862017]], "T": [-0.04459345451600477, -0.10222104977157548, -0.009007577445760681], "aligned_model": [[0.5131519339026411, -0.5355187556004277, -0.08051084644989681, -0.01047358242704477, 0.5063000803731605, 0.05127340770934305, 0.493456895810457, 0.013950669685904804, -0.5653950493408746, -0.6379589996161865, -0.02581420039368701], [-0.18213075835201342, 0.052688354355319544, 0.5630964887715855, -0.6531941195626954, -0.5144252515134056, 0.12591264368181482, 0.25969795038955723, -0.4999543898245593, -0.3176269912649766, 0.34040225130726065, -0.1476840677992986], [-0.6335264219992381, -0.5292974451679678, -0.2521652309476755, -0.4505097425873694, 0.03657327065499422, 0.533784251127831, 0.1025658292078062, 0.6461223681582203, -0.03535685015000921, 0.05064337422277171, -0.09809738920976512]], "inverted": false, "swapped": false, "error_lsq": 0.04162847936529019, "error_max": 0.2211459114792098, "target": "759.xyz", "model": "14.xyz", "model_rescale": 3.9786697098870705, "target_rescale": 3.7085911467363184},
{"mapping": [10, 4, 5, 1, 6, 8, 7, 9, 0, 2, 11], "R": [[0.40890499481425774, -0.17938582719045298, -0.8947722784145411], [-0.6897900440932434, -0.7027031735526863, -0.17435006437860823], [-0.5974833891296003, 0.6884976215515783, -0.4110773951849291]], "T": [-0.02662772538787768, -0.11611322581669324, -0.0006048176429667707], "aligned_model": [[0.33664654585137777, -0.3310078189495565, -0.04122984833958883, 0.06828459345395456, 0.5414924727926276, -0.09311071106617273, 0.5862573230394075, 0.021615321663498235, -0.5980971488065303, -0.7916737508475935, 0.023284574861965224], [-0.06633397755345505, 0.09918050652773026, 0.6794388612608273, -0.6349925528800029, -0.6497623129801883, 0.2879578474977023, 0.12924673814801513, -0.3983936097733112, -0.5115739343028468, 0.2845519006300205, -0.19253735638590255], [-0.7475149988527436, -0.4863167667936325, -0.10804430052450242, -0.42772071195121586, 0.14015662236397544, 0.322713456427409, -0.03295309253078446, 0.5520294748993324, 0.028362616139225916, 0.08894657343927079, 0.04107714069326293]], "inverted": true, "swapped": false, "error_lsq": 0.05586718625970342, "error_max": 0.26880382661190627, "target": "759.xyz", "model": "15.xyz", "model_rescale": 3.769337070930944, "target_rescale": 3.7085911467363184},
{"mapping": [3, 0, 1, 2, 8, 7, 9, 6, 4, 5, 10], "R": [[-0.41811586532881406, 0.28015915535380626, 0.8641122443477925], [-0.3518182574233179, -0.9269550817416196, 0.13030038440851788], [0.8374980817315089, -0.24952980604494812, 0.4861397319611035]], "T": [-0.023259810670100578, -0.03768962458713584, -0.0264892433837072], "aligned_model": [[0.3834000316205115, -0.41341934146629683, -0.15481678300002505, 0.07891559928784972, 0.5197734216826784, 0.02522053973405891, 0.7606295461016399, -0.19538254208864997, -0.6806275208297299, -0.5782104364089613, -0.023020960979686166], [-0.10477188058271603, -0.018589701768984286, 0.7291443855382947, -0.6575978654570271, -0.48542671685081235, 0.4163691224037417, 0.12643339341053936, -0.6227042370114297, -0.45673218984405034, 0.18030959091210447, -0.07965179056107163], [-0.5828804567537714, -0.5411550068643227, -0.2156632647152438, -0.41610420296177375, 0.23068796501235703, 0.523616938992916, -0.1656323144135272, 0.3730587488256413, -0.043911834461783567, 0.2810120843404649, -0.07229264369135868]], "inverted": false, "swapped": false, "error_lsq": 0.05066057802419743, "error_max": 0.2347310059952793, "target": "759.xyz", "model": "16.xyz", "model_rescale": 3.7852294659196426, "target_rescale": 3.7085911467363184},
{"mapping": [11, 2, 8, 7, 10, 0, 9, 4, 1, 3, 12], "R": [[0.28486211625673497, 0.925654458581982, -0.2490329255922443], [0.7994549121641258, -0.37276297117567136, -0.4710834434969412], [-0.5288907431014316, -0.06489676900727429, -0.8462050527112398]], "T": [-0.06032105573166767, -0.1635008534269951, -0.05864915393295806], "aligned_model": [[0.3140576458294452, -0.43419521854427406, 0.09579067219953878, -0.10845363073087406, 0.6580701197961284, 0.0014979277265439045, 0.6424969154461754, -0.11087827758723899, -0.6946735881789253, -0.6719632441646379, 0.030712231861507525], [-0.058416864415174186, -0.05781920403923804, 0.4425803055570762, -0.6293063100963625, -0.4382272174391255, 0.1955467017182942, 0.3265974861819579, -0.46933597554700807, -0.42931309061480966, 0.29702755991734414, -0.15255128103436577], [-0.6805253614727322, -0.5310224389461188, -0.23892857144734672, -0.5803152702731027, 0.18154788834609595, 0.5184213982243195, 0.055859808222191214, 0.5782931750778225, -0.024082213281092425, 0.15653166536566948, -0.06504406650610786]], "inverted": false, "swapped": false, "error_lsq": 0.041783322913978856, "error_max": 0.282409486637619, "target": "759.xyz", "model": "17.xyz", "model_rescale": 3.901054581598922, "target_rescale": 3.7085911467363184},
{"mapping": [11, 5, 13, 10, 6, 0, 12, 1, 8, 2, 14], "R": [[-0.9798345606751948, -0.025226897167549858, -0.1982115974552093], [-0.03903810511324403, -0.9487110675271115, 0.31372493796435086], [-0.19595984296690835, 0.315136341939273, 0.9285950817948145]], "T": [-0.03333755464476383, -0.12657396131334053, -0.05368642402492394], "aligned_model": [[0.6575588533693154, -0.48156013926619873, -0.15120622596423028, -0.012929084801561783, 0.5349103950030115, -0.10033411418319879, 0.5407407057570716, 0.017436553774516153, -0.6561320920980613, -0.6303511731486756, 0.004327875211401114], [-0.2517741563758379, 0.06058934163370308, 0.5302696788035564, -0.6504237044189144, -0.5941689287750016, 0.11186773941502332, 0.3385605078037803, -0.49622281073520397, -0.3307509415158263, 0.40959089375381996, -0.10075550940051015], [-0.43278806405861125, -0.44630896497342076, -0.3403318619093366, -0.6842565542529139, 0.09522616575770074, 0.6633641563829462, -0.1315271630395794, 0.534928278026559, 0.05051039460981053, 0.1459133993712524, -0.0839937726048092]], "inverted": true, "swapped": false, "error_lsq": 0.045863708511334124, "error_max": 0.27436106548713274, "target": "759.xyz", "model": "18.xyz", "model_rescale": 3.9405287249114394, "target_rescale": 3.7085911467363184},
{"mapping": [4, 6, 1, 7, 13, 10, 12, 11, 5, 2, 15], "R": [[-0.5660980750097452, -0.06032992144600097, 0.8221272833622423], [0.07895500898838687, -0.9967013808436648, -0.01877402407519336], [0.8205480339540793, 0.05428312815831033, 0.5689940825451911]], "T": [0.10283009508767392, -0.08655671590555018, -0.10490227765503683], "aligned_model": [[0.48923790804274386, -0.5380433220260549, -0.05486795815427399, 0.16326639929784992, 0.5087186910675033, -0.12940415735744598, 0.5801981863798974, -0.05494870201197381, -0.681076474969663, -0.6347340930697294, 0.0741150764545356], [-0.1698495251965411, 0.15929538820881772, 0.5292303608234614, -0.6885483950274647, -0.5316279533689426, 0.17351342674793907, 0.17973284444922322, -0.451099441723754, -0.35409892375028923, 0.25277970635823876, -0.07254537733209981], [-0.72005781784286, -0.400065726834861, -0.282263558989709, -0.46487313806284214, 0.19258030437001944, 0.5996080557240955, -0.14162608017429762, 0.4962862569484087, -0.03296967585743825, 0.20521889847772695, -0.08110150444864496]], "inverted": false, "swapped": false, "error_lsq": 0.0420508531063106, "error_max": 0.21567530675494329, "target": "759.xyz", "model": "19.xyz", "model_rescale": 4.410303926677745, "target_rescale": 3.7085911467363184},
{"mapping": [6, 9, 10, 4, 0, 5, 3, 1, 7, 8, 13], "R": [[0.7847973078092148, -0.20654832787867033, 0.5843209511098628], [0.6192520771061854, 0.2992241210694258, -0.725942002070348], [-0.024900816353774946, 0.9315592915218847, 0.3627357657085397]], "T": [-0.012962849643776937, -0.19549050106105148, -0.14662184191269598], "aligned_model": [[0.4241666313092881, -0.520576223605162, -0.0526221429587453, 0.07618186409425906, 0.5469444842722381, -0.023055854323333392, 0.6395048886994961, -0.13946142975373127, -0.5536145948385961, -0.6124541534866053, -0.06255191575571904], [-0.18311398485222824, 0.19391545968493512, 0.6184543750705964, -0.5981633612771533, -0.5123010280469092, 0.47285275547383954, 0.0654959996020148, -0.4658785608646679, -0.5806291780542974, 0.15567753993921574, -0.1395279064867571], [-0.5277654656384189, -0.40068558804670973, -0.2517640887976919, -0.7167105917330988, 0.16848804358876943, 0.35565910105573506, 0.032639399283689585, 0.5418607631821579, 0.11070490536282843, 0.18254189394552614, -0.12423235889318919]], "inverted": true, "swapped": false, "error_lsq": 0.05128847961211902, "error_max": 0.3390514973409631, "target": "759.xyz", "model": "20.xyz", "model_rescale": 4.121658175737393, "target_rescale": 3.7085911467363184},
{"mapping": [3, 4, 2, 7, 5, 6, 1, 8, 9, 10, 12], "R": [[-0.17269243697249123, -0.5257328653061343, 0.8329359378424636], [0.16129461898852723, 0.8191316582265531, 0.5504610543683934], [-0.9716796633139174, 0.22940854567347657, -0.05665996006116164]], "T": [-0.03133297761506534, -0.12239951166770732, -0.06171508255396545], "aligned_model": [[0.29108216146169247, -0.2877251571463331, 0.0671194985817237, 0.0048400092986173385, 0.4611868155488103, -0.11537499713676502, 0.5516327192630336, 0.013431208899547499, -0.5732772819089195, -0.7278166003987371, 0.03736317719071897], [-0.11058114986853987, 0.2001752961827921, 0.607416901986012, -0.6566808378646863, -0.5657189551116741, 0.25506088020511375, 0.24193364257123443, -0.402704175709953, -0.5604717026891154, 0.19678214662407892, -0.17842993613667346], [-0.6769788531162165, -0.46088941231771285, -0.2457986138691322, -0.4860416539493043, 0.09575127700606549, 0.4608603221428495, 0.03721527163107938, 0.5491274221789154, 0.13077388252662087, 0.08561676692614782, -0.11890039584971451]], "inverted": false, "swapped": false, "error_lsq": 0.049191819183828624, "error_max": 0.21495705277892552, "target": "759.xyz", "model": "21.xyz", "model_rescale": 4.08911054899281, "target_rescale": 3.7085911467363184},
{"mapping": [12, 2, 15, 13, 10, 8, 9, 6, 0, 1, 16], "R": [[-0.4925349321478091, -0.8694341665677547, -0.038646741373458304], [0.4873586418876199, -0.23875378168468206, -0.8399274884826177], [0.7210346002735291, -0.4325284519380165, 0.5413208322912534]], "T": [-0.000883405971849209, -0.04455870693706202, -0.10434248390086293], "aligned_model": [[0.5346194664134893, -0.5522362282208833, -0.09686309658122522, -0.0020375392071448296, 0.6374766691714349, -0.14614066969881997, 0.682498444948421, -0.09033846435677678, -0.5697916853770362, -0.6491464230136181, -0.02557892042445184], [-0.3544682436442149, 0.25315044734376385, 0.6392415931834082, -0.5314974291621727, -0.4290733632064267, 0.11735673867045629, 0.15221949366421186, -0.48953313679904087, -0.5468288804862503, 0.29884849887718407, -0.08263360825232996], [-0.5070362369677496, -0.46299712868979237, -0.33824858993458023, -0.5511302576844455, 0.20514144587910094, 0.5540234735030305, -0.14694761461805406, 0.48689323715269867, 0.05105198371742892, 0.19868380703243954, -0.11869810608047913]], "inverted": true, "swapped": false, "error_lsq": 0.03769597064513183, "error_max": 0.17713631430314664, "target": "759.xyz", "model": "22.xyz", "model_rescale": 4.204369325754507, "target_rescale": 3.7085911467363184},
{"mapping": [4, 6, 1, 7, 13, 10, 12, 11, 5, 2, 15], "R": [[-0.5660980750097452, -0.06032992144600097, 0.8221272833622423], [0.07895500898838687, -0.9967013808436648, -0.01877402407519336], [0.8205480339540793, 0.05428312815831033, 0.5689940825451911]], "T": [0.10283009508767392, -0.08655671590555018, -0.10490227765503683], "aligned_model": [[0.48923790804274386, -0.5380433220260549, -0.05486795815427399, 0.16326639929784992, 0.5087186910675033, -0.12940415735744598, 0.5801981863798974, -0.05494870201197381, -0.681076474969663, -0.6347340930697294, 0.0741150764545356], [-0.1698495251965411, 0.15929538820881772, 0.5292303608234614, -0.6885483950274647, -0.5316279533689426, 0.17351342674793907, 0.17973284444922322, -0.451099441723754, -0.35409892375028923, 0.25277970635823876, -0.07254537733209981], [-0.72005781784286, -0.400065726834861, -0.282263558989709, -0.46487313806284214, 0.19258030437001944, 0.5996080557240955, -0.14162608017429762, 0.4962862569484087, -0.03296967585743825, 0.20521889847772695, -0.08110150444864496]], "inverted": false, "swapped": false, "error_lsq": 0.0420508531063106, "error_max": 0.21567530675494329, "target": "759.xyz", "model": "23.xyz", "model_rescale": 4.410303926677745, "target_rescale": 3.7085911467363184},
{"mapping": [10, 15, 14, 4, 1, 13, 11, 0, 5, 6, 16], "R": [[-0.9039551171040185, 0.18700183356976047, 0.38457178849079376], [-0.40500082880258986, -0.6630405621114424, -0.6295645651274838], [0.1372569667837503, -0.7248500032672208, 0.6750948065515201]], "T": [0.016043306150042506, -0.10913330894837052, -0.06525033761877103], "aligned_model": [[0.43303866866882085, -0.45365798989289746, -0.06519281626548273, -0.16296464608573752, 0.759930289128654, -0.16555780444193108, 0.5304049871969265, -0.04587944374249809, -0.5632765880388688, -0.6122719992798896, 0.06788889640629292], [-0.2914470566781654, 0.2181196875074194, 0.5582273192024783, -0.6559176159451003, -0.452871776398995, 0.3479137321840171, 0.25759213522604074, -0.6494334418323321, -0.35287418347832356, 0.2643668080950324, -0.21689349769348237], [-0.5307183937753286, -0.4913962746415688, -0.14386633105286734, -0.44322844234126535, 0.1893304395817318, 0.437059987432415, -0.10606695526976091, 0.45879846787312856, -0.08935178380473183, 0.14359321457006924, -0.05341791526222383]], "inverted": true, "swapped": false, "error_lsq": 0.043451522316039, "error_max": 0.24142253465235253, "target": "759.xyz", "model": "24.xyz", "model_rescale": 4.28219845311461, "target_rescale": 3.7085911467363184},
{"mapping": [7, 2, 0, 13, 9, 8, 3, 11, 14, 6, 15], "R": [[-0.2840223901547527, 0.941364909136734, 0.18210818141085916], [0.43701380531626555, -0.0419582830916308, 0.8984756181683506], [0.8534343652875591, 0.33477098190552834, -0.3994723692825699]], "T": [0.04536206411663542, -0.12242478270837426, -0.022799495294278854], "aligned_model": [[0.5815429532783659, -0.4652767103030501, -0.23206701705056115, -0.02123826195716931, 0.5718881594142489, -0.11301816082730799, 0.7469744398826275, -0.04653094261799097, -0.6450046580085281, -0.6768975456243684, 0.02208929746712294], [-0.34880672842984894, -0.01212474841988627, 0.6023405534750625, -0.48548944648178843, -0.5250039936659587, 0.21883912533664068, 0.2034632925851202, -0.5029820679689385, -0.4386509871033796, 0.37323195749418225, -0.05803484663261661], [-0.5393333997955424, -0.46536245000585363, -0.2743993451063188, -0.488272269388495, 0.10976721905848383, 0.5606391958647611, -0.0625786533211499, 0.3556300215209056, 0.036693374284474334, 0.1890084058557254, -0.05105608565739259]], "inverted": true, "swapped": false, "error_lsq": 0.043348000922759734, "error_max": 0.21369698164303103, "target": "759.xyz", "model": "25.xyz", "model_rescale": 4.100010024507729, "target_rescale": 3.7085911467363184},
{"mapping": [1, 6, 2, 0, 8, 7, 3, 9, 4, 5, 11], "R": [[-0.3920847078751233, 0.7773746996358046, 0.49189242545156314], [-0.7974052619720859, -0.02057355784896253, -0.6030933401196403], [-0.4587095268573654, -0.6287012844615301, 0.6279492534327229]], "T": [0.01248139571889275, -0.11279811926731444, -0.0982827299923812], "aligned_model": [[0.45763861894534685, -0.4862072676713966, 0.0818976140592276, -0.012059917089344216, 0.5582472780583794, 0.09488155178439742, 0.6709366837922134, -0.16472078334728044, -0.795109581760711, -0.6106477667279095, -0.07239487638953387], [-0.14811647773654274, 0.05200121118197344, 0.5680508056621747, -0.6813778232969651, -0.33512630796192505, 0.17970224274376745, 0.31720985497723364, -0.4779333484859339, -0.44238055313463015, 0.15866439821000383, -0.16391189197056721], [-0.6457626053508765, -0.47858910100455515, -0.3800333580988028, -0.5982370479705892, 0.07366960974392271, 0.5068701425936442, 0.1007182804224545, 0.6190641555912755, -0.027488573369956526, 0.22141137197816385, -0.0208868612250825]], "inverted": true, "swapped": false, "error_lsq": 0.042193731360800076, "error_max": 0.21498474123795142, "target": "759.xyz", "model": "26.xyz", "model_rescale": 3.6694154284099745, "target_rescale": 3.7085911467363184},
{"mapping": [2, 10, 4, 11, 6, 7, 0, 3, 9, 8, 13], "R": [[-0.2634860307796116, -0.8271177932109314, -0.4964385840543467], [-0.781177614759662, 0.48488391220036203, -0.39325453066389077], [0.5659829023763977, 0.2841896335955109, -0.7738860422403538]], "T": [0.00257785662813724, -0.03969801168890035, 0.030403279114034613], "aligned_model": [[0.40878701944370055, -0.3621424774900025, -0.01999199412149838, -0.13494095686302038, 0.5496724616861265, -0.1647452633002599, 0.5194587483608043, -0.054446374935577996, -0.5651454627399984, -0.49151905856980843, 0.037474912182923995], [-0.1691963911779047, 0.04096775714075974, 0.5935330387632523, -0.5959260317266477, -0.439659590765303, -0.03703139725786805, 0.35274336151269275, -0.6205154202272475, -0.4131665813231587, 0.3636321776651445, -0.04859881241513081], [-0.4990813117454954, -0.44115035676687875, -0.49308464688744347, -0.60824720033937, 0.13953008692744429, 0.6371358292737793, -0.0951246281195062, 0.5891792586325794, 0.08585592207467035, 0.06977572096812482, -0.01405266070830647]], "inverted": false, "swapped": false, "error_lsq": 0.049968231612997724, "error_max": 0.2860981793416457, "target": "759.xyz", "model": "27.xyz", "model_rescale": 4.103607728864725, "target_rescale": 3.7085911467363184},
{"mapping": [10, 0, 2, 9, 11, 8, 13, 7, 5, 1, 14], "R": [[0.3621873810471796, -0.6791889657687881, 0.6383750071769021], [0.6760242706823588, -0.2801082825402347, -0.6815647698500457], [0.6417253980158264, 0.6784111576546222, 0.3576965399764793]], "T": [0.14394088349522144, -0.08563837747608236, -0.18212057307900464], "aligned_model": [[0.39265734946341085, -0.5073567540421688, -0.07802034219370615, -0.20100503759960703, 0.589974233061899, 0.1281522019408561, 0.6096406428666241, -0.17204040401963394, -0.41706862074708956, -0.6345556876627814, 0.012083972585585606], [-0.3173732843029218, 0.04864982827959005, 0.6092726816732049, -0.6716369114109684, -0.4029622282802099, 0.10219402587112084, 0.26525616840197475, -0.31594704967051995, -0.5288874389862462, 0.24210509559640628, -0.0038887769828419017], [-0.5618761903119863, -0.44187007955550106, -0.27778948336215925, -0.6379077556535001, 0.23311557448579673, 0.6158453927329519, 0.10049097082561198, 0.42384558688033913, -0.027398189430016595, 0.11685791549247271, -0.17257772879441133]], "inverted": false, "swapped": false, "error_lsq": 0.048460572872133505, "error_max": 0.25788118172935426, "target": "759.xyz", "model": "28.xyz", "model_rescale": 4.137296879288765, "target_rescale": 3.7085911467363184},
{"mapping": [8, 4, 6, 3, 7, 0, 9, 1, 2, 5, 10], "R": [[0.3069012532454886, 0.056770131836166804, -0.9500467214235586], [-0.8070917253895717, -0.513503276743099, -0.2914057850863371], [-0.5043952493472086, 0.856207648240428, -0.11177609552387668]], "T": [-0.0026938098927936915, -0.09580009803036507, -0.07167826223220744], "aligned_model": [[0.5012430467338181, -0.3224458747609016, -0.21954291638547313, -0.12160934637946047, 0.48323143113047484, 0.1494198389318123, 0.6281399137179474, -0.16259190731964718, -0.630417826532823, -0.5931394279110384, 0.010174622428680193], [-0.3569739281694564, 0.23288831189916712, 0.5867769631431781, -0.5534821939193245, -0.535229010166216, 0.2198181820300882, 0.35912559449597903, -0.4035447818512915, -0.5577328788092024, 0.07306935551782176, -0.03793350398215431], [-0.5146113869356485, -0.695659439006632, -0.12836021288673005, -0.5638722476153951, 0.21951087904790864, 0.5347596006194849, -0.1483962111340726, 0.5966665394301328, -0.003123604903993063, 0.20410285977049977, -0.1302807630759569]], "inverted": true, "swapped": false, "error_lsq": 0.05195965061664656, "error_max": 0.27214236756547416, "target": "759.xyz", "model": "29.xyz", "model_rescale": 3.607286011436655, "target_rescale": 3.7085911467363184},
{"mapping": [12, 8, 4, 11, 13, 6, 7, 1, 9, 3, 14], "R": [[-0.7644839182580461, -0.6425186509585477, -0.05228883145790464], [0.33487753874238635, -0.4651333987283306, 0.8194558898642887], [-0.5508369747671871, 0.6089504943407467, 0.5707520676015931]], "T": [0.03493993785363588, -0.05245124796392471, -0.08687623947090911], "aligned_model": [[0.5469137447996752, -0.5272227069690096, -0.1915315404135024, -0.003376477363529737, 0.595309411628133, 0.023810523741790303, 0.6800435657365091, -0.09805220001598608, -0.6503930722688377, -0.571638518180906, -0.08140117704094654], [-0.2850994935195763, 0.06183545737104719, 0.5800826992471761, -0.5630769108013118, -0.5065268374201469, 0.27613247481024394, 0.29424216979050427, -0.5943535241494482, -0.422324579294387, 0.3553086326330542, -0.1694379784785669], [-0.524779805170315, -0.45574028357750007, -0.3000920101336256, -0.3737984375210799, 0.038407176324242814, 0.2886924489508904, 0.1639901550811696, 0.3891500971799227, 0.002955224475559834, 0.2168438499470648, -0.07489240224673213]], "inverted": true, "swapped": false, "error_lsq": 0.048477854061100306, "error_max": 0.26621549045361376, "target": "759.xyz", "model": "30.xyz", "model_rescale": 3.964800864290218, "target_rescale": 3.7085911467363184},
