[{"mapping": [2, 6, 3, 4, 0, 11, 7, 10, 1, 5, 9, 12], "R": [[-0.15808163581385126, -0.20672461730042574, 0.965543954991387], [-0.6584553277933988, 0.7507560046832332, 0.0529339468824781], [-0.7358306719068625, -0.6273996764695228, -0.2547996629649136]], "T": [-0.011835029266766328, -0.06950361289206387, -0.053466341581173124], "aligned_model": [[-0.3058193728151108, 0.09818487709166068, 0.523144290660962, -0.19550285507505044, -0.05888132918898378, -0.6771641372085155, 0.39706650544745875, -0.32828435008703527, 0.6657456584220052, 0.22609429413478263, -0.4105344651916719, -0.09640665372995251], [-0.4518143820412618, -0.6651669127944045, -0.27696429576710196, 0.6706930220795305, 0.3638134278542539, -0.6764856112785076, -0.2732248729694683, -0.5541459039807999, 0.25828070743563497, 0.4766572282724697, 0.20250107007807128, -0.02058844091135907], [-0.6118207326391412, -0.06478075934704564, -0.31668291375999363, 0.008923424137049094, -0.6086126656269636, -0.02931792269599455, 0.45775784402219244, 0.5600331416628257, -0.08919089939023582, 0.3703099632700538, 0.49379420662182594, 0.011539059098989488]], "inverted": true, "swapped": true, "error_lsq": 0.044851984296465815, "error_max": 0.2816161142095391, "target": "76.xyz", "model": "0.xyz", "model_rescale": 3.751011558992144, "target_rescale": 3.9633316435341865},
{"mapping": [4, 2, 10, 5, 1, 0, 9, 13, 6, 7, 12, 11, 14], "R": [[0.2108352326618122, 0.14823225299220827, -0.9662172135918992], [0.2948357176960965, 0.932760814875796, 0.207434716966252], [0.9319980709417093, -0.32860989243340705, 0.15295468072549293]], "T": [0.048992006091180734, -0.022101844701616045, 0.0009106063540943732], "aligned_model": [[-0.29140275450114195, 0.45811133297762563, -0.7497563377757764, -0.2249938450379699, 0.40781275526547733, 0.7949890717638978, -0.42791965428993184, 0.08802173890315536, -0.018863084627226717, 0.451428817234625, 0.20060318749411252, -0.33269554225306064, 0.03434110420083224], [-0.7358290717245124, 0.1269868896828408, -0.1800061806380424, 0.1433877893239823, -0.5638542588472039, -0.1550251916191189, 0.42512407872245395, 0.6052078621549793, -0.27379446569896954, 0.018068088227537485, 0.6009244842200271, 0.28062635888767556, 0.02567411852665792], [-0.01637587036356973, -0.7020346458780631, 0.09848648447532966, -0.5354017852673641, 0.25277870906910727, -0.03548005661637574, -0.08114951151270018, -0.36304187672672905, 0.7050215752142734, 0.5263704176835692, 0.3761803056654549, 0.6328925990700568, 0.02341884606264303]], "inverted": false, "swapped": false, "error_lsq": 0.045259243802567885, "error_max": 0.30291815958252055, "target": "76.xyz", "model": "1.xyz", "model_rescale": 3.9405287249114394, "target_rescale": 3.9633316435341865},
{"mapping": [10, 9, 3, 8, 11, 5, 4, 2, 6, 0, 1, 7, 12], "R": [[0.9063715300400761, -0.4148514439464924, 0.07993077622744585], [-0.25401750916714105, -0.38393789307568366, 0.887731265247049], [-0.3375881434075154, -0.8249181618294721, -0.45336990605305033]], "T": [0.012799712335121605, 0.05797805523722313, 0.11130374767349356], "aligned_model": [[-0.3067471957944085, 0.16874915456688022, -0.5066953269066875, -0.3059791460486724, 0.36986495124892, 0.7131080772272361, -0.49857160738956213, 0.49195810370108645, 0.055575276924810874, 0.6449240903219959, 0.06831199568555152, -0.5485737433575804, 0.043752159175047815], [-0.5820040447843906, -0.3386018180539587, -0.17872965470081234, 0.024448406743697332, -0.5585384260188914, -0.02645382307490457, 0.49220815451197286, 0.4885194940715688, -0.20462373972864453, 0.1562047515381123, 0.7846044634351126, 0.1324847988273783, 0.12797193845206672], [-0.3356859663794734, -0.5733752155333605, 0.1412042966305503, -0.5943488383978591, 0.11641574690997121, -0.06338378011131433, -0.09275339170096343, -0.1105316258620251, 0.585187954779155, 0.6532449577363554, 0.42139854231687596, 0.6664779919962703, 0.06781451849144968]], "inverted": true, "swapped": false, "error_lsq": 0.05409734672761731, "error_max": 0.2970887459983863, "target": "76.xyz", "model": "2.xyz", "model_rescale": 3.932901565614263, "target_rescale": 3.9633316435341865},
{"mapping": [10, 8, 1, 3, 12, 9, 0, 7, 6, 5, 4, 2, 13], "R": [[-0.44209366903384684, -0.37386149399541657, 0.8153408925766614], [-0.8560157255744496, -0.09567573534442836, -0.5080189280288203], [0.26793705486445935, -0.9225365775804331, -0.2777336811709045]], "T": [-0.0180508879841645, -0.001157500784133951, -0.07507601756229738], "aligned_model": [[-0.13764949406175547, 0.274825602754462, -0.7283172148854911, -0.2284386299864447, 0.41557466111244973, 0.7006984267427898, -0.47086184504336187, 0.45599254649647236, -0.0018290298523529688, 0.5208898574620173, 0.014265488145523461, -0.46421430506184264, 0.03874072553215242], [-0.6791670772996656, -0.05389560724798836, -0.15558927005534423, 0.1866050292919753, -0.5215736072422327, -0.1071527694527549, 0.4895952392953248, 0.521203948699089, -0.2237734226577075, 0.03156680743330565, 0.6594029429469487, 0.24088802147209057, -0.0706197339647334], [0.12277399603072449, -0.7460669108172978, 0.06789668760206359, -0.500714019150289, 0.27743748497226917, -0.18442575459099614, -0.01962951708982559, -0.18536602466507562, 0.5705796672488014, 0.3995519190409654, 0.49574966208904364, 0.5856448187941633, -0.0017668185889147953]], "inverted": false, "swapped": false, "error_lsq": 0.03727429360383213, "error_max": 0.2418754433229929, "target": "76.xyz", "model": "3.xyz", "model_rescale": 3.9243930471874484, "target_rescale": 3.9633316435341865},
{"mapping": [6, 11, 3, 10, 5, 9, 4, 8, 0, 1, 7, 2, 12], "R": [[-0.7858849512843169, 0.5617044046651674, -0.2585981537532641], [0.6128198040346138, 0.7633728302945129, -0.20423958908870318], [0.08268452774143639, -0.31898288942809266, -0.9441468027400617]], "T": [0.060289948311721686, 0.04351355430884105, -0.0434343522809708], "aligned_model": [[-0.19339816228071088, 0.4164431434701114, -0.5661354184065781, -0.2571055515003007, 0.2542153802287691, 0.7101400726899412, -0.32925629621381314, 0.2168573583844538, -0.10936915547192688, 0.5059180160526604, 0.08445489599856174, -0.4269137497286959, 0.08382625613214674], [-0.6131319783930099, -0.3737111529062323, -0.15696349366084403, 0.14882878346609527, -0.5971288467412575, 0.1685954427279607, 0.47975074851156035, 0.601865485040411, -0.28056064410462567, 0.06724150329033082, 0.6437227546087281, 0.26835735380372794, -0.03937545442453747], [-0.2046035232270751, -0.613708432575073, 0.09923163362274069, -0.6641569301896078, 0.3109571552462752, -0.2878453356920976, 0.05814371233077277, -0.2885182898772001, 0.7243638346057854, 0.5142509619071418, 0.48768120020345684, 0.7070936703524433, 0.03877553416807021]], "inverted": false, "swapped": false, "error_lsq": 0.04634788196952499, "error_max": 0.29825366315728863, "target": "76.xyz", "model": "4.xyz", "model_rescale": 3.8936222436046832, "target_rescale": 3.9633316435341865},
{"mapping": [2, 8, 6, 3, 10, 9, 4, 5, 1, 0, 7, 12], "R": [[-0.10351203557223386, -0.28409906429551135, -0.9531909463261325], [0.5008057653610503, 0.8131073582703428, -0.2967322181829225], [0.8593479178265493, -0.508078877334061, 0.05811205153954699]], "T": [-0.057885031980942664, -0.05813869831875684, -0.09615560552184593], "aligned_model": [[-0.10349105055071081, -0.5801039577460696, -0.07576788418365357, 0.48462511569249256, -0.7252382579776863, -0.6138305110311453, -0.09938345906384147, 0.039310715423000686, 0.5967184993321063, 0.2631653803427717, -0.006328053991165622, -0.1521284940310016], [-0.5621360606179021, -0.5467251632238231, 0.14933889582100068, 0.0710131376333899, 0.3940392314138725, 0.09644799671190621, -0.3022096599511365, 0.2644493081416213, 0.1879858723904273, -0.6438777258590906, 0.6246365046493944, -0.06403943199985301], [-0.6330491651204269, -0.03617713426451243, -0.665084787601758, -0.39200745104662477, -0.34429816639050254, 0.35046444936497456, 0.6278779971267325, 0.5526728376615104, 0.18447102453638475, 0.1318814037594289, -0.13098210516450495, -0.026484183585183202]], "inverted": false, "swapped": true, "error_lsq": 0.042716684718851115, "error_max": 0.19227682205327062, "target": "76.xyz", "model": "5.xyz", "model_rescale": 3.6523030999806103, "target_rescale": 3.9633316435341865},
{"mapping": [7, 0, 4, 3, 5, 5, 2, 1, 9, 8, 6, 10, 12], "R": [[-0.8062906269579634, -0.5188895859708296, 0.28398771531662315], [-0.2677572808497437, 0.7482576851330816, 0.6069732079682214], [-0.5274480670470656, 0.4133570299514734, -0.7422496226728654]], "T": [-0.03766619378647304, 0.026197622755842455, 0.15938657335707257], "aligned_model": [[-0.07625505456214887, 0.3164779104479327, -0.5913846961451147, -0.23215913983547207, 0.5606429858882805, 0.5606429858882805, -0.38418351393630823, 0.25929035093349195, -0.08967724829131682, 0.4991688752242118, 0.09610786783256417, -0.5211515216761163, -0.007843012413666597], [-0.6196255360638487, -0.10444183546313004, 0.11848954052307295, -0.15657188087496438, -0.23388489041618235, -0.23388489041618235, 0.6282766232132405, 0.4871754091834303, -0.37910858620339777, 0.022709578036786533, 0.5617426786810338, 0.2629041875979781, -0.036289896579528726], [-0.060252692379669376, -0.7596776332634227, 0.041024315912112044, -0.4820247653544513, -0.03628340861714663, -0.03628340861714663, -0.14661711657740378, -0.2668658834824667, 0.7557795665830365, 0.5662023116106729, 0.502782053211044, 0.7240855918997589, 0.07979625995071586]], "inverted": false, "swapped": false, "error_lsq": 0.05299509785427925, "error_max": 0.37712392261797095, "target": "76.xyz", "model": "6.xyz", "model_rescale": 4.08911054899281, "target_rescale": 3.9633316435341865},
{"mapping": [13, 5, 2, 7, 11, 10, 6, 4, 1, 9, 3, 0, 14], "R": [[-0.7901237755915514, 0.19818608637351304, 0.5800230119684063], [-0.5987636357978173, -0.04716955864437744, -0.7995355784350522], [-0.13109739772829376, -0.9790287574454823, 0.15593641141062753]], "T": [0.12460169621773606, -0.024582003162341014, 0.00265580149806742], "aligned_model": [[-0.182832718520653, 0.2733990800379372, -0.6646911673725243, -0.4269547359660143, 0.45671693425354654, 0.786324113084742, -0.24249204672060246, 0.3398350538091994, -0.1740236563321386, 0.39467591166777083, 0.07764124120816082, -0.42769077958557733, 0.1797695597907718], [-0.6806385192551153, 0.1413771855624383, -0.13150295190580083, -0.038393914878643486, -0.47455877650279504, -0.16030929501551833, 0.3135768760642617, 0.5896958160722542, -0.33203140359021843, 0.044109134071685686, 0.6839409775481491, 0.42084104078382834, -0.058615667736219006], [-0.1020745698289686, -0.7259168550224782, 0.12805209130179068, -0.5403761476070692, 0.18084512518410423, -0.2482952769293303, -0.0031513276725590317, -0.26787488489175787, 0.5978396586770042, 0.7353895551373649, 0.35228608871041606, 0.6200920461392968, 0.15484968767781904]], "inverted": false, "swapped": false, "error_lsq": 0.04473334687157548, "error_max": 0.2745559018358093, "target": "76.xyz", "model": "7.xyz", "model_rescale": 3.964800864290218, "target_rescale": 3.9633316435341865},
{"mapping": [3, 10, 1, 5, 6, 11, 8, 9, 2, 4, 12, 7, 13], "R": [[-0.22774355466379248, 0.8946959407769488, 0.3842551845666505], [0.705678885310707, -0.12025658745634704, 0.6982518628689736], [0.6709323245572076, 0.4301831316202489, -0.6039803714804459]], "T": [-0.0009797742637959739, -0.08882162016766673, 0.11948944619459839], "aligned_model": [[-0.04595684170290476, 0.22032463613834363, -0.7334249848193692, -0.39210889485491945, 0.43462193069769534, 0.7988310005079824, -0.35293254419371517, 0.23635857040378272, -0.11222096464610025, 0.5079405363108103, 0.2360768949418058, -0.3865723477831314, -0.021260201645661263], [-0.727121446664395, 0.04949400751286612, -0.07779331813239207, -0.07022200911231952, -0.4716670812713941, 0.11210857766053064, 0.49914069766106217, 0.48467258131278557, -0.2325084416082387, -0.14890206047871019, 0.5650166287792432, 0.372010416004374, -0.036738050445104836], [-0.22185069296461507, -0.6596300299341487, 0.28234607412485924, -0.6192546153467346, 0.13313974748998098, 0.0354471672311549, -0.22906061041048503, -0.17822121503097166, 0.7563475329460543, 0.6016552404920781, 0.4144040390647275, 0.5013341353628251, 0.06500841785090694]], "inverted": false, "swapped": false, "error_lsq": 0.05036152887209844, "error_max": 0.29253614982234416, "target": "76.xyz", "model": "8.xyz", "model_rescale": 4.121658175737393, "target_rescale": 3.9633316435341865},
{"mapping": [11, 3, 7, 10, 2, 2, 5, 0, 6, 1, 4, 9, 12], "R": [[-0.00350789825459899, -0.03372100180306681, 0.9994251291053438], [0.99184627389614, 0.12720277824922063, 0.007773169496630705], [-0.12739177213689712, 0.9913033578290136, 0.03299983558661615]], "T": [-0.059080323309891186, -0.04930758902512453, 0.07985634676974988], "aligned_model": [[-0.29625337178431776, 0.31133387360778064, -0.6934797818529969, -0.20581503912002747, 0.5783792643368483, 0.5783792643368483, -0.38389637426370526, 0.39580901397796053, 0.004669058082719474, 0.5107316991458506, 0.09088573705062261, -0.5116044395513124, 0.010537885388347462], [-0.4966121938626725, -0.3059390757613889, -0.2654471237751644, 0.14672534355960468, -0.31925777932813726, -0.31925777932813726, 0.4427378198026769, 0.5364046439121914, -0.22441950519051587, 0.19476626191050256, 0.7173509966930768, 0.22521120157811667, -0.014772308991845381], [-0.3031575043139629, -0.5679226234101974, 0.15752190433200403, -0.6388374984200602, 0.02401174334648412, 0.02401174334648412, -0.1048156732279412, -0.18251955557587424, 0.7472796631761498, 0.3809774686922765, 0.5016059305315351, 0.7225469215105046, 0.12096267088822953]], "inverted": true, "swapped": false, "error_lsq": 0.05149811096147358, "error_max": 0.3128806614928685, "target": "76.xyz", "model": "9.xyz", "model_rescale": 3.833441315466971, "target_rescale": 3.9633316435341865},
{"mapping": [10, 0, 9, 13, 12, 1, 2, 5, 7, 6, 4, 3, 14], "R": [[0.2108106717233052, -0.5473841936000856, -0.8098946877738813], [-0.9775251747004663, -0.11960844235744345, -0.17360401304016235], [-0.0018421493944740241, 0.828290024758001, -0.5602965655543485]], "T": [0.053570762846250335, -0.10493811505853945, 0.10750138446596987], "aligned_model": [[-0.07608278448938716, 0.3227457757385626, -0.7398427413396087, -0.18897131322236943, 0.5196975252079066, 0.7306623636688732, -0.47593530071467444, 0.14295619500200502, -0.2541376516906025, 0.5857775958213263, 0.260220171799551, -0.4102964022561134, -0.02711664417085039], [-0.7718899373680961, -0.14855899918253085, -0.026153172163035962, 0.1702830188394724, -0.4747853387065366, 0.018542395532069933, 0.3326612100552514, 0.4717692108747852, -0.2625759263127102, 0.07529010865621799, 0.5708723134762446, 0.43394861554958675, -0.07191299803241111], [-0.35522895590638687, -0.5165699196382414, 0.2564915542127773, -0.600392117557372, 0.2021530082284862, -0.16065614482150942, -0.10411244835174334, -0.23433791432832235, 0.6770449112205338, 0.48895025699829014, 0.47694538097034117, 0.6062500129974306, 0.14512756685134845]], "inverted": false, "swapped": false, "error_lsq": 0.042592755650327906, "error_max": 0.25813964437007586, "target": "76.xyz", "model": "10.xyz", "model_rescale": 4.2482417240324, "target_rescale": 3.9633316435341865},
{"mapping": [9, 10, 2, 6, 4, 0, 8, 3, 7, 1, 5, 12], "R": [[-0.8258810429987188, 0.22785953184078472, -0.5157523985059568], [0.0593019090979887, -0.8745315891353264, -0.4813291838043636], [-0.5607172071487397, -0.4281057501993396, 0.7087465557260777]], "T": [0.05900991776076052, 0.05808694226934887, -0.007700786895370081], "aligned_model": [[-0.6195419625828146, -0.1046869249441, 0.5328812762949042, 0.520922947596813, -0.5632586183042982, 0.07252902230210859, -0.22307941211222065, 0.5803385950073778, 0.06381151815865503, 0.1358092554189635, -0.4705260873669687, -0.048434007105413054], [-0.20623391145271655, -0.7692923222833794, 0.04664487495503727, -0.3320633610468188, 0.49879561260475497, 0.705203917730582, -0.01688392236209422, 0.2306340428464284, -0.28975867735289906, 0.5156274993888286, 0.2557092469964059, 0.02774839002651018], [0.03859961649170866, -0.0008571638308719869, 0.5576866547137417, -0.04599251426596673, 0.05613610245111804, 0.2737620119278079, 0.6479147533096387, -0.31910033718665687, -0.5984912356910762, -0.6014961163972031, -0.4714091304228095, 0.028439648754926144]], "inverted": false, "swapped": true, "error_lsq": 0.050037535261080034, "error_max": 0.2793533548535939, "target": "76.xyz", "model": "11.xyz", "model_rescale": 3.6694154284099745, "target_rescale": 3.9633316435341865},
{"mapping": [1, 3, 0, 4, 2, 8, 6, 11, 12, 10, 7, 5, 13], "R": [[-0.11706613070424077, -0.7819657704586382, -0.6122295769341481], [-0.23238865778513212, 0.6209222799215653, -0.7486327764864629], [0.9655521906011928, 0.05463566717844304, -0.25440894460927277]], "T": [0.04799094861090972, 0.1049302848600919, 0.12643348144422104], "aligned_model": [[-0.12250372073552793, 0.2756594024680713, -0.6276660737082994, -0.2034500106729881, 0.4153142112997624, 0.7010071886338819, -0.3207086573770488, 0.24951425747912057, -0.06843706592614375, 0.48685178981917143, 0.1663475677147251, -0.5145881302482332, -0.04766396939187359], [-0.68408479520445, -0.3637033391678506, -0.10150183847683739, 0.00776717326071949, -0.43411188206433127, 0.033731286239986086, 0.5181290053210156, 0.6224183955810578, -0.31707145711083073, 0.03158280746589989, 0.607038519063921, 0.35526445269514384, 0.04203217361486328], [-0.12824330441730056, -0.5589850054322618, 0.018678058978318854, -0.5627801454444332, 0.09778498484570368, -0.24919711391888813, 0.011619495329943136, -0.3600056824317228, 0.6461714418347965, 0.5798098117949879, 0.6612646233278733, 0.641611486526942, 0.08393653988167389]], "inverted": true, "swapped": false, "error_lsq": 0.039938063667106616, "error_max": 0.26572042211178415, "target": "76.xyz", "model": "12.xyz", "model_rescale": 3.9764082729961374, "target_rescale": 3.9633316435341865},
{"mapping": [8, 2, 3, 7, 10, 1, 4, 0, 13, 12, 5, 6, 15], "R": [[0.07253136367051086, -0.967722038642592, -0.2413571155145874], [0.6129135009032063, 0.23415551877595928, -0.7546576928895228], [0.7868139816339513, -0.0931946830682267, 0.610113521693415]], "T": [0.033085397544858605, 0.023601714173897257, 0.16614970588532568], "aligned_model": [[-0.006497168361242957, 0.2935658031355795, -0.6234923894994959, -0.30552763696021273, 0.43572295445334813, 0.5816329492619379, -0.38608414349944215, 0.16255807894535912, 0.0048454269991546894, 0.5526473514892833, 0.1699432613896834, -0.4197978899445412, -0.06983980805479245], [-0.5601460106898105, -0.09443573095281912, -0.40089351376827415, 0.1885429969884059, -0.6696446067678045, -0.20964035461620292, 0.5819550704811657, 0.5157779027638058, -0.1590616737472651, -0.05995388225661004, 0.8204401137153464, 0.3237930976515801, 0.040757092416789695], [-0.23049201007667847, -0.5784821721304967, -0.1455438268160662, -0.4889604260846829, 0.2247964042222616, -0.052976511424945305, -0.0023796599247516426, -0.3516411376589926, 0.7495167746881848, 0.5271031284579089, 0.3878305484377928, 0.7032164306949902, 0.1396776484911079]], "inverted": false, "swapped": false, "error_lsq": 0.05390762509846076, "error_max": 0.4224121263284676, "target": "76.xyz", "model": "13.xyz", "model_rescale": 4.170626492500431, "target_rescale": 3.9633316435341865},
{"mapping": [4, 5, 8, 12, 2, 6, 10, 11, 0, 3, 9, 7, 13], "R": [[0.9771304014148263, 0.04487147401588043, 0.20785266284207776], [0.17324402519553347, 0.39879815580758515, -0.9005257012759369], [-0.12329917422655214, 0.9159402719304959, 0.3819040872927902]], "T": [0.03776013841101125, -0.010839615605933148, 0.17720913476260303], "aligned_model": [[-0.18934619930434718, 0.29232617472405653, -0.6736969388788959, -0.3129765573319828, 0.3377149060037309, 0.7287951493832386, -0.3278198428507674, 0.4043770421455537, -0.11525113420449082, 0.671352821603086, 0.09370903746084475, -0.6158510047976103, 0.09634333540220252], [-0.5995451140259822, 0.03676030988147054, -0.17067454894553086, 0.05607078907900222, -0.5633993846385095, -0.16034507244724605, 0.4001169214627441, 0.4823302963771487, -0.2644789219460756, 0.13753676461099124, 0.7789224430859868, 0.16030295599446454, 0.02389306272984333], [-0.14669158782464198, -0.6946568002329588, 0.03636200464149328, -0.4617062658894371, 0.3712117282540498, -0.27843107309373927, 0.051533731775433245, -0.17212614107114643, 0.6950054839770003, 0.4052844864099769, 0.34882512996611015, 0.6254640806899504, 0.10159041327354212]], "inverted": true, "swapped": false, "error_lsq": 0.04503057035349649, "error_max": 0.27381221236260045, "target": "76.xyz", "model": "14.xyz", "model_rescale": 3.9786697098870705, "target_rescale": 3.9633316435341865},
{"mapping": [0, 8, 3, 1, 2, 6, 9, 10, 7, 5, 11, 12], "R": [[0.03239098117982476, 0.390162790608101, -0.9201759729329535], [-0.7697595717704427, 0.5969772138977023, 0.22602744911784906], [0.6375115889189726, 0.7009930120278207, 0.31966822031939746]], "T": [0.0680304038051711, -0.06321374516580491, -0.09257176321338978], "aligned_model": [[-0.09334700595449984, -0.6401342533104167, 0.6264794119021145, 0.6538842241677217, -0.15224772038701673, 0.3075921821406345, -0.3623304904859795, -0.11129386825381894, 0.5292713187852283, 0.19258068196379347, -0.44405509531707255, -0.023044788483351827], [-0.3975018172222187, 0.02313226703719415, 0.0569143326425241, -0.5220904929660249, 0.4451075415299376, 0.4904916671087566, -0.3134032607016804, 0.3915724085148063, -0.023394140414897277, -0.6997706709260195, 0.6645492223675957, -0.10093256674553443], [-0.6928827407401514, -0.17050726038304181, -0.3613276409844558, -0.21106996787080462, -0.5798447482711219, -0.03718554224055363, 0.4409416877555751, 0.5947507948122515, 0.41312004240623834, 0.2447276473798462, 0.04815001566294416, -0.02890579365289607]], "inverted": false, "swapped": true, "error_lsq": 0.049887489546554344, "error_max": 0.28054700037394725, "target": "76.xyz", "model": "15.xyz", "model_rescale": 3.769337070930944, "target_rescale": 3.9633316435341865},
{"mapping": [2, 0, 6, 3, 11, 8, 10, 4, 7, 1, 12], "R": [[-0.44130295834612343, -0.3150883600268818, -0.8402208187914235], [0.1898141829388738, -0.9479171448971009, 0.2557804964522834], [-0.877053176785882, -0.046609138435492775, 0.4781268799221538]], "T": [-0.023495570072275367, 0.021214477521874407, 0.0647707372752304], "aligned_model": [[-0.23953023537502716, -0.39640211809325365, -0.11193013155020806, -0.5811798326023049, 0.4385042755193018, 0.37007681911696316, 0.6377561207282786, 0.15374922860690274, 0.07450582796976016, -0.5049735156595387, 0.08204969203029686], [-0.0031882267978580944, -0.5713146418242045, 0.5525225034454712, 0.310255691193784, 0.25550880342296567, -0.3825138694979028, 0.5286457985541312, -0.6395562346969288, 0.5570560741756327, 0.01727314681508709, -0.028624547164835396], [-0.6402693154041393, -0.024752457535437575, -0.2126067539175842, 0.1277724172868525, -0.6723421617425054, -0.37922357959226327, -0.0643013152724445, 0.40752977616672614, 0.48109091949362354, 0.6444239498406927, 0.07689612790025646]], "inverted": true, "swapped": true, "error_lsq": 0.036942255570958614, "error_max": 0.1683170301937064, "target": "76.xyz", "model": "16.xyz", "model_rescale": 3.7852294659196426, "target_rescale": 3.9633316435341865},
{"mapping": [2, 1, 8, 3, 7, 5, 0, 4, 11, 6, 10, 9, 12], "R": [[0.8204921132206741, -0.3165511950547275, -0.4760126395927914], [0.3796384253679743, -0.3208250148529299, 0.8677245967637097], [-0.42739602025147344, -0.8926738770424738, -0.14305939717180732]], "T": [-0.004068271291499011, 0.004947951642659192, 0.011486706079208854], "aligned_model": [[-0.09241383684297722, 0.29921572326279566, -0.6202120354490195, -0.4252384079022665, 0.45821318265924754, 0.6250275550701635, -0.36000890259190604, 0.3109615868723282, -0.13773863783788237, 0.6558980810138095, 0.2301400220026812, -0.5337077578195131, -0.02045978308284195], [-0.5798176288338692, -0.21650421430347386, -0.10533979781172649, -0.052588639535100554, -0.48479720840280555, 0.11181959912599403, 0.5524172381098283, 0.5711752740625166, -0.4135076512408717, -0.007746090689202196, 0.5193723290910334, 0.38720142936658725, 0.0358058622793969], [-0.1444982225761177, -0.565775722190661, 0.19151277492080146, -0.6606744560429915, 0.20609539222051979, -0.14670906750187546, -0.1868332452704166, -0.27474657797439683, 0.598818993592853, 0.6045099020977857, 0.5857419720700572, 0.5777252411420792, 0.0964982063879952]], "inverted": true, "swapped": false, "error_lsq": 0.04374669293217059, "error_max": 0.25225363299458403, "target": "76.xyz", "model": "17.xyz", "model_rescale": 3.901054581598922, "target_rescale": 3.9633316435341865},
{"mapping": [4, 2, 10, 5, 1, 0, 9, 13, 6, 7, 12, 11, 14], "R": [[0.2108352326618122, 0.14823225299220827, -0.9662172135918992], [0.2948357176960965, 0.932760814875796, 0.207434716966252], [0.9319980709417093, -0.32860989243340705, 0.15295468072549293]], "T": [0.048992006091180734, -0.022101844701616045, 0.0009106063540943732], "aligned_model": [[-0.29140275450114195, 0.45811133297762563, -0.7497563377757764, -0.2249938450379699, 0.40781275526547733, 0.7949890717638978, -0.42791965428993184, 0.08802173890315536, -0.018863084627226717, 0.451428817234625, 0.20060318749411252, -0.33269554225306064, 0.03434110420083224], [-0.7358290717245124, 0.1269868896828408, -0.1800061806380424, 0.1433877893239823, -0.5638542588472039, -0.1550251916191189, 0.42512407872245395, 0.6052078621549793, -0.27379446569896954, 0.018068088227537485, 0.6009244842200271, 0.28062635888767556, 0.02567411852665792], [-0.01637587036356973, -0.7020346458780631, 0.09848648447532966, -0.5354017852673641, 0.25277870906910727, -0.03548005661637574, -0.08114951151270018, -0.36304187672672905, 0.7050215752142734, 0.5263704176835692, 0.3761803056654549, 0.6328925990700568, 0.02341884606264303]], "inverted": false, "swapped": false, "error_lsq": 0.045259243802567885, "error_max": 0.30291815958252055, "target": "76.xyz", "model": "18.xyz", "model_rescale": 3.9405287249114394, "target_rescale": 3.9633316435341865},
{"mapping": [8, 5, 1, 2, 7, 9, 10, 11, 12, 13, 14, 3, 15], "R": [[0.09956962896896532, -0.9628891105976481, -0.2508594221460557], [-0.7683165676071444, 0.08580157872296074, -0.6342931034064805], [0.6322780566549492, 0.25589577913892597, -0.7312604250822842]], "T": [0.01011992937465201, -0.11770315531126677, 0.1893327378568353], "aligned_model": [[0.07253384007853725, 0.11807774599055537, -0.6409472501583114, -0.4355151968139179, 0.5670005726046962, 0.6690586665800738, -0.21041298415142262, 0.4004084798058047, -0.15532190795481496, 0.5595714247821504, 0.08846767491422977, -0.6365653293425818, -0.00667894698038032], [-0.695388665610453, -0.15453846275459152, -0.2244821687176019, 0.16621734901809795, -0.5481724181099076, -0.14423869716347887, 0.5910552533131451, 0.4120677866414011, -0.07440646364117048, 0.15328103355923503, 0.5757789298015997, 0.35528807317843325, -0.09497104829640186], [-0.29508042306777577, -0.6342271644671853, 0.1741935829794907, -0.5006844826103811, 0.1749900769241613, -0.203229935591964, -0.06937711739112068, -0.10431807240043084, 0.70980699962284, 0.4650145634250563, 0.5250159076353664, 0.4783069041824672, 0.16125435163510762]], "inverted": true, "swapped": false, "error_lsq": 0.0504399683156404, "error_max": 0.26912882259526416, "target": "76.xyz", "model": "19.xyz", "model_rescale": 4.410303926677745, "target_rescale": 3.9633316435341865},
{"mapping": [3, 10, 1, 5, 6, 11, 8, 9, 2, 4, 12, 7, 13], "R": [[-0.22774355466379248, 0.8946959407769488, 0.3842551845666505], [0.705678885310707, -0.12025658745634704, 0.6982518628689736], [0.6709323245572076, 0.4301831316202489, -0.6039803714804459]], "T": [-0.0009797742637959739, -0.08882162016766673, 0.11948944619459839], "aligned_model": [[-0.04595684170290476, 0.22032463613834363, -0.7334249848193692, -0.39210889485491945, 0.43462193069769534, 0.7988310005079824, -0.35293254419371517, 0.23635857040378272, -0.11222096464610025, 0.5079405363108103, 0.2360768949418058, -0.3865723477831314, -0.021260201645661263], [-0.727121446664395, 0.04949400751286612, -0.07779331813239207, -0.07022200911231952, -0.4716670812713941, 0.11210857766053064, 0.49914069766106217, 0.48467258131278557, -0.2325084416082387, -0.14890206047871019, 0.5650166287792432, 0.372010416004374, -0.036738050445104836], [-0.22185069296461507, -0.6596300299341487, 0.28234607412485924, -0.6192546153467346, 0.13313974748998098, 0.0354471672311549, -0.22906061041048503, -0.17822121503097166, 0.7563475329460543, 0.6016552404920781, 0.4144040390647275, 0.5013341353628251, 0.06500841785090694]], "inverted": false, "swapped": false, "error_lsq": 0.05036152887209844, "error_max": 0.29253614982234416, "target": "76.xyz", "model": "20.xyz", "model_rescale": 4.121658175737393, "target_rescale": 3.9633316435341865},
{"mapping": [7, 0, 4, 3, 5, 5, 2, 1, 9, 8, 6, 10, 12], "R": [[-0.8062906269579634, -0.5188895859708296, 0.28398771531662315], [-0.2677572808497437, 0.7482576851330816, 0.6069732079682214], [-0.5274480670470656, 0.4133570299514734, -0.7422496226728654]], "T": [-0.03766619378647304, 0.026197622755842455, 0.15938657335707257], "aligned_model": [[-0.07625505456214887, 0.3164779104479327, -0.5913846961451147, -0.23215913983547207, 0.5606429858882805, 0.5606429858882805, -0.38418351393630823, 0.25929035093349195, -0.08967724829131682, 0.4991688752242118, 0.09610786783256417, -0.5211515216761163, -0.007843012413666597], [-0.6196255360638487, -0.10444183546313004, 0.11848954052307295, -0.15657188087496438, -0.23388489041618235, -0.23388489041618235, 0.6282766232132405, 0.4871754091834303, -0.37910858620339777, 0.022709578036786533, 0.5617426786810338, 0.2629041875979781, -0.036289896579528726], [-0.060252692379669376, -0.7596776332634227, 0.041024315912112044, -0.4820247653544513, -0.03628340861714663, -0.03628340861714663, -0.14661711657740378, -0.2668658834824667, 0.7557795665830365, 0.5662023116106729, 0.502782053211044, 0.7240855918997589, 0.07979625995071586]], "inverted": false, "swapped": false, "error_lsq": 0.05299509785427925, "error_max": 0.37712392261797095, "target": "76.xyz", "model": "21.xyz", "model_rescale": 4.08911054899281, "target_rescale": 3.9633316435341865},
{"mapping": [2, 3, 0, 13, 15, 14, 7, 12, 8, 5, 10, 6, 16], "R": [[0.21531392084731585, 0.6257426980282452, 0.7497239434309727], [0.6077274437588422, 0.5150886982470656, -0.6044427078230715], [-0.7643999408632233, 0.5857727450150579, -0.269375243119751]], "T": [0.06211170363655662, -0.07468861363911777, 0.1390144720073998], "aligned_model": [[-0.007417514152886426, 0.18986326742449272, -0.7079661908805187, -0.13719060619931928, 0.5258729705988652, 0.5515256133284449, -0.32512338785255024, 0.3337773923011664, -0.11858268807507676, 0.38493588073746765, 0.1464833832463217, -0.4703433469504267, 0.02384201582863847], [-0.7165625276126955, -0.16999637111873545, -0.12710303821977575, 0.20607884316305053, -0.6359013456455211, -0.07681866464625037, 0.5085904248347077, 0.4789049032875165, -0.21647053559392698, 0.22160326034250993, 0.6837693357314067, 0.22963959450085752, -0.06824337780483689], [-0.1841223346350523, -0.7147271707677555, 0.07334741290391023, -0.42505838722548805, 0.10063772652792011, -0.2760663319692126, 0.013991533288514046, -0.2668198262637897, 0.7932387771740883, 0.6919382733035121, 0.4012326405835359, 0.5626181657898003, 0.1114547121656492]], "inverted": false, "swapped": false, "error_lsq": 0.0424733708207187, "error_max": 0.2796364131295698, "target": "76.xyz", "model": "22.xyz", "model_rescale": 4.204369325754507, "target_rescale": 3.9633316435341865},
{"mapping": [8, 5, 1, 2, 7, 9, 10, 11, 12, 13, 14, 3, 15], "R": [[0.09956962896896532, -0.9628891105976481, -0.2508594221460557], [-0.7683165676071444, 0.08580157872296074, -0.6342931034064805], [0.6322780566549492, 0.25589577913892597, -0.7312604250822842]], "T": [0.01011992937465201, -0.11770315531126677, 0.1893327378568353], "aligned_model": [[0.07253384007853725, 0.11807774599055537, -0.6409472501583114, -0.4355151968139179, 0.5670005726046962, 0.6690586665800738, -0.21041298415142262, 0.4004084798058047, -0.15532190795481496, 0.5595714247821504, 0.08846767491422977, -0.6365653293425818, -0.00667894698038032], [-0.695388665610453, -0.15453846275459152, -0.2244821687176019, 0.16621734901809795, -0.5481724181099076, -0.14423869716347887, 0.5910552533131451, 0.4120677866414011, -0.07440646364117048, 0.15328103355923503, 0.5757789298015997, 0.35528807317843325, -0.09497104829640186], [-0.29508042306777577, -0.6342271644671853, 0.1741935829794907, -0.5006844826103811, 0.1749900769241613, -0.203229935591964, -0.06937711739112068, -0.10431807240043084, 0.70980699962284, 0.4650145634250563, 0.5250159076353664, 0.4783069041824672, 0.16125435163510762]], "inverted": true, "swapped": false, "error_lsq": 0.0504399683156404, "error_max": 0.26912882259526416, "target": "76.xyz", "model": "23.xyz", "model_rescale": 4.410303926677745, "target_rescale": 3.9633316435341865},
{"mapping": [13, 15, 11, 9, 12, 5, 10, 4, 7, 0, 3, 1, 16], "R": [[0.9895136978361587, 0.06592270850742757, 0.1285178520582096], [-0.08400218375453564, 0.9864734981460834, 0.14076104070337847], [-0.1175001060385919, -0.15008075812199806, 0.9816666904415399]], "T": [-0.006525453791651273, -0.03849928104121312, -0.03591443646794443], "aligned_model": [[-0.007620811072816381, 0.1381876813530019, -0.6346491651154643, -0.35665708560750453, 0.5886019640103005, 0.599730301245482, -0.3393462898641285, 0.3637359890073185, -0.18899018118930877, 0.42049979288621187, 0.19808783920465495, -0.4008873347100772, 0.008984089206948664], [-0.7367482624591007, -0.149021212324175, -0.11082167718169628, 0.11908635915876911, -0.4773480945510979, -0.032765281813230476, 0.5158277623012666, 0.5313962323492957, -0.34313433812926736, -0.006044437937408394, 0.6820624566894494, 0.2782992243595744, 0.046701770755928025], [0.04553360813992752, -0.7259558859887966, -0.005067055702945807, -0.5308837183765428, 0.2793805210639596, -0.20331549430552584, -0.11164927898324029, -0.1455043118440208, 0.5260775580755315, 0.5861642827830721, 0.46225738838954067, 0.6572325633990719, 0.04739501422560119]], "inverted": true, "swapped": false, "error_lsq": 0.03954086213926632, "error_max": 0.21222202917367322, "target": "76.xyz", "model": "24.xyz", "model_rescale": 4.28219845311461, "target_rescale": 3.9633316435341865},
{"mapping": [11, 7, 14, 13, 5, 3, 2, 4, 8, 1, 0, 6, 15], "R": [[0.003229054798978448, 0.8474077178029649, 0.5309328893683981], [-0.2989478766910787, -0.5058373866316379, 0.8091716167214285], [0.9542639782717361, -0.16133411943431347, 0.25169736128802345]], "T": [-0.0016332527736640998, -0.072516442391198, -0.03246338358682903], "aligned_model": [[-0.22414574440714477, 0.3387732533387319, -0.7540977357611046, -0.25654412920439773, 0.4160965292042628, 0.7666239328722882, -0.4419382657762453, 0.35564392394138533, 0.05137531149792773, 0.4928299501285766, 0.05276826982870542, -0.41169776115909495, 0.003989254850728031], [-0.5680919551584295, 0.04310798937047683, -0.1439122499933538, 0.06753965461288022, -0.6843035042415925, -0.012636630351506667, 0.4510667373303191, 0.541298803783279, -0.2593657826233207, 0.006441654203856645, 0.6308923332546145, 0.251398254751409, -0.005944803720324937], [0.004552470599589811, -0.7226085908630702, 0.061581634324321746, -0.5504606728715356, 0.3876545773661354, -0.11146116629796746, -0.06025139944657457, -0.2063381534299587, 0.634037533965059, 0.36647164721945974, 0.3771837093099823, 0.7017869163100449, -0.0004833153098538212]], "inverted": true, "swapped": false, "error_lsq": 0.04117933969992335, "error_max": 0.28139343360710944, "target": "76.xyz", "model": "25.xyz", "model_rescale": 4.100010024507729, "target_rescale": 3.9633316435341865},
{"mapping": [9, 10, 2, 6, 4, 0, 8, 3, 7, 1, 5, 12], "R": [[-0.8258810429987188, 0.22785953184078472, -0.5157523985059568], [0.0593019090979887, -0.8745315891353264, -0.4813291838043636], [-0.5607172071487397, -0.4281057501993396, 0.7087465557260777]], "T": [0.05900991776076052, 0.05808694226934887, -0.007700786895370081], "aligned_model": [[-0.6195419625828146, -0.1046869249441, 0.5328812762949042, 0.520922947596813, -0.5632586183042982, 0.07252902230210859, -0.22307941211222065, 0.5803385950073778, 0.06381151815865503, 0.1358092554189635, -0.4705260873669687, -0.048434007105413054], [-0.20623391145271655, -0.7692923222833794, 0.04664487495503727, -0.3320633610468188, 0.49879561260475497, 0.705203917730582, -0.01688392236209422, 0.2306340428464284, -0.28975867735289906, 0.5156274993888286, 0.2557092469964059, 0.02774839002651018], [0.03859961649170866, -0.0008571638308719869, 0.5576866547137417, -0.04599251426596673, 0.05613610245111804, 0.2737620119278079, 0.6479147533096387, -0.31910033718665687, -0.5984912356910762, -0.6014961163972031, -0.4714091304228095, 0.028439648754926144]], "inverted": false, "swapped": true, "error_lsq": 0.050037535261080034, "error_max": 0.2793533548535939, "target": "76.xyz", "model": "26.xyz", "model_rescale": 3.6694154284099745, "target_rescale": 3.9633316435341865},
{"mapping": [3, 1, 12, 6, 7, 5, 2, 0, 9, 8, 10, 11, 13], "R": [[-0.42748756329885895, 0.6910841801399623, -0.5828010288126476], [-0.8995255772594235, -0.2609571448811333, 0.35036424530991805], [0.09004509470762571, 0.6740207893646633, 0.7332038300659178]], "T": [0.11591043401837428, 0.07570914235418949, 0.13127649452610973], "aligned_model": [[-0.16955551951195605, 0.27380076634935124, -0.6554573463061387, -0.29191127272652073, 0.3927031584785795, 0.7933782439148712, -0.2840105563256903, 0.3298278288990303, -0.10075323866445177, 0.5779790452130127, 0.059039306111754314, -0.6193334130513081, 0.08396978697408487], [-0.6722397901539334, -0.12038761846303325, -0.10907274912750883, -0.04026743489222799, -0.4881957845220529, 0.005554716748576938, 0.584642481080552, 0.4991669446550355, -0.29373881897041587, 0.08106392229668297, 0.41224747870959555, 0.33919236383773377, 0.11952479001930286], [0.022130701805907205, -0.715046940721406, 0.107188874985582, -0.4085580364574855, 0.09221825789104929, -0.2713327736771208, -0.07652077306502861, -0.32900187882109927, 0.6617749321138513, 0.5726619466090652, 0.6266534649904231, 0.4864786152799406, 0.11301879994195366]], "inverted": false, "swapped": false, "error_lsq": 0.044992469337883034, "error_max": 0.3055977069704676, "target": "76.xyz", "model": "27.xyz", "model_rescale": 4.103607728864725, "target_rescale": 3.9633316435341865},
{"mapping": [13, 4, 11, 8, 12, 2, 7, 1, 10, 3, 5, 6, 14], "R": [[0.06903876745779847, 0.27158915955776997, 0.9599338399070074], [0.4418842991542351, -0.8710128204550175, 0.214650722719412], [0.8944114907294509, 0.4093604707512678, -0.18014463699322808]], "T": [-0.007092890814932404, -0.008783111867326297, 0.24946631690252785], "aligned_model": [[-0.13995255795060485, 0.2538890238507337, -0.6637212535060791, -0.32789293779864775, 0.5159116150249479, 0.6233289184373529, -0.3678609012819278, 0.3989063662235624, -0.06108529855514211, 0.6947929134558349, -0.144283497371678, -0.4954702087518748, 0.1031146075781414], [-0.4965675272532673, -0.16090474545622024, -0.18362892045802562, 0.11476638605220393, -0.6830450061268732, -0.10905884330230056, 0.5030199957143056, 0.6220442879155287, -0.22550072657132492, -0.10191754424496174, 0.7011387071027393, 0.2589579701234113, 0.07818646772309207], [-0.15585726483050572, -0.6051427960527499, 0.1478328087120906, -0.4949145185746475, 0.15391108708518164, -0.11636674111210443, -0.10828396927045897, -0.24051554709068274, 0.7076077488743333, 0.4988919527856153, 0.36050756511549775, 0.551243670577414, 0.18275119465664896]], "inverted": true, "swapped": false, "error_lsq": 0.04078381879712381, "error_max": 0.2603556183251186, "target": "76.xyz", "model": "28.xyz", "model_rescale": 4.137296879288765, "target_rescale": 3.9633316435341865},
