[{"mapping": [9, 1, 2, 13, 10, 5, 7, 6, 4, 8, 11, 14], "R": [[-0.6563576048667701, 0.44485798223036804, -0.6093406848221136], [0.048920733401158906, 0.8310578505225725, 0.55403033394237], [0.7528621762162379, 0.33383262981728856, -0.5672339190247913]], "T": [-0.025586904995397237, -0.03618342703693742, -0.07421675452091138], "aligned_model": [[-0.40641120182959733, 0.23893495780633922, 0.47512465821370037, -0.24936281084735298, -0.060887896852355634, -0.48014429521218643, 0.34163172571649325, -0.27986881550626935, 0.6003220125843226, 0.22417474478596633, -0.5452218390430905, -0.02064877735542077], [-0.2420432154882096, -0.7222093334082686, -0.22754827365803268, 0.6046369948119987, 0.40700891988808396, -0.4846087576308766, -0.23035804116332584, -0.5376926801994681, -0.04477634493327968, 0.5229531316121748, 0.06951100121652704, -0.06131836507026635], [-0.5573878017467508, 0.16446020388257127, -0.6258147816703872, -0.013171169048089862, -0.7050547937110903, -0.01665956162199385, 0.5604928804099149, 0.5829021294266004, 0.016269635199684843, 0.41161219144058736, 0.4664504025141196, -0.10214758972160398]], "inverted": false, "swapped": true, "error_lsq": 0.04228508786000539, "error_max": 0.20762797943668296, "target": "762.xyz", "model": "0.xyz", "model_rescale": 3.751011558992144, "target_rescale": 4.076189016852697},
{"mapping": [0, 1, 2, 5, 8, 7, 6, 4, 10, 3, 13, 11, 12, 9, 14], "R": [[-0.7815420253054005, 0.3446876681947568, -0.5199831478769233], [0.5540842159286072, 0.0005067994982960178, -0.8324604644144065], [-0.2866753291448596, -0.9387172921325835, -0.19138208147827374]], "T": [0.005364932091206422, 0.006084301985067514, -0.06502268562570865], "aligned_model": [[-0.3203825752937991, 0.0888098826966767, -0.7987234873210215, -0.3794004321112678, -0.4595235088704883, 0.33365022351359347, 0.6761447491193061, 0.10978880867590557, 0.40310282345054765, -0.2832815304906992, -0.3345543445024392, 0.7409990708054975, 0.3025790374267258, 0.12266662141900847, 0.03259634472592442], [-0.6681759470850428, -0.427218974895726, -0.0961088292325856, 0.4685302081245495, 0.20744625919218582, -0.5686552290346388, -0.20746737660570083, 0.3200774776600146, 0.7025729576380515, -0.5142130290820282, 0.1172219738304262, 0.11460086713287157, -0.2740206972466782, 0.48130074561295333, 0.011250078794579302], [-0.1865389250995084, -0.6044397412502533, 0.09849024868587755, 0.10286252932960288, -0.4936838009485198, -0.025270167262581078, -0.3261277658308922, -0.7834083129446254, -0.23579115593737024, 0.41391342330343106, 0.5671208911014656, 0.2244553929455045, 0.5556060835045997, 0.376111383247692, -0.017740793116635782]], "inverted": true, "swapped": false, "error_lsq": 0.040931135774722724, "error_max": 0.24705068019430007, "target": "762.xyz", "model": "1.xyz", "model_rescale": 3.9405287249114394, "target_rescale": 4.076189016852697},
{"mapping": [2, 10, 3, 5, 12, 4, 0, 9, 11, 7, 6, 1, 14], "R": [[0.31797167857946435, -0.5411554715116992, 0.7784887714503712], [-0.9471672704581567, -0.14489571529946493, 0.2861457556223773], [-0.04204965391299581, -0.8283453309706086, -0.5586374846579759]], "T": [-0.05655104916844873, -0.059747253831818885, -0.11805730667918604], "aligned_model": [[-0.3073816408945891, 0.21630580766767676, -0.39418843445435947, 0.3426224711940743, 0.6004424955647675, -0.6693872633329757, 0.16123834991235503, 0.4808301031974494, 0.2161918047781593, -0.6382320474177233, -0.07178398902970747, -0.3903269586886868, -0.05034741921250907], [0.643078277971056, 0.5058431186677875, 0.2937167025241879, -0.2832638381361608, -0.08200683431042963, 0.09637171083971835, 0.27068164322259153, 0.24247996473917222, -0.7590160702414394, -0.5038821560461733, -0.760006062795599, -0.17331546284486984, -0.03184840001782485], [0.0682575980094286, -0.5666984932654934, -0.544205730933168, 0.33107671090988033, -0.45150449558265393, -0.10898859415563356, 0.5727574623215986, 0.08378387810360752, -0.21879066540938966, 0.08144464593743297, 0.38927060175177475, 0.569885972022591, -0.09316854012133122]], "inverted": false, "swapped": true, "error_lsq": 0.04150509404119703, "error_max": 0.2766594299513608, "target": "762.xyz", "model": "2.xyz", "model_rescale": 3.932901565614263, "target_rescale": 4.076189016852697},
{"mapping": [7, 1, 6, 4, 11, 12, 5, 13, 3, 10, 0, 2, 9, 14], "R": [[0.33738948899371224, 0.8948705203754233, 0.292190151236453], [0.7357988821271146, -0.44429206009744077, 0.5110817648819616], [0.5871697691273371, 0.04255957116080511, -0.8083441996609849]], "T": [-0.042850223413144053, -0.06910537008890136, 0.02474247301675641], "aligned_model": [[-0.10892732996751413, 0.497719863709001, 0.16491545074330022, -0.06906851323276571, -0.3502773891625399, -0.25908737473655424, 0.34772050573468544, -0.6576742950865236, -0.35559278386235216, -0.20741981014926042, 0.7451596692579372, 0.3477754220599225, 0.3334240979100218, -0.008857601164654547], [0.2120002530050004, 0.13132459547316344, -0.4225241904859095, 0.5409042859150855, -0.6418717377741084, -0.635804793268665, -0.5491532261399086, -0.26606642966248, 0.4192751022518669, -0.008919881100522359, -0.13401711895498353, 0.48186322816820726, -0.4012805036239826, -0.06223294545227521], [-0.6767010876789438, -0.49021564217222774, -0.7367722088460608, -0.140255766153513, -0.36376747196651915, 0.44356975566090967, -0.14267643274704794, 0.2430329549596295, 0.3149404347593933, 0.7763519501556739, 0.11784133091435464, 0.39276172039677354, 0.43576190590469416, 0.0400249198699807]], "inverted": true, "swapped": true, "error_lsq": 0.03891312948382625, "error_max": 0.20982275722346452, "target": "762.xyz", "model": "3.xyz", "model_rescale": 3.9243930471874484, "target_rescale": 4.076189016852697},
{"mapping": [5, 0, 6, 11, 7, 9, 13, 1, 4, 2, 8, 10, 14], "R": [[0.6171523838629668, 0.33299249959085997, -0.7129087811974886], [-0.7850094759384985, 0.19874248054590038, -0.5867380583473574], [-0.053694113076030836, 0.921746940131994, 0.3840566632390132]], "T": [-0.03981796845454956, -0.08046144668911193, -0.006470655940258044], "aligned_model": [[-0.024588191227817406, -0.36705132313132954, 0.6033063777910461, 0.38860995881018773, 0.6645770708356317, -0.562871150389231, -0.0761162615825083, 0.3014736782255653, 0.1607091677004901, -0.47477548111591844, 0.431476831454205, -0.7034389312812235, -0.06410585977774541], [-0.4394897209897305, 0.05847414112965388, -0.3514811096645725, -0.704606746675179, 0.18924656582476318, -0.31298828099580056, -0.4343413291608259, 0.26404869950847043, 0.5054964209611911, 0.5445810930550452, -0.04447702947805619, -0.08126082690451986, -0.06537232292885221], [-0.5374012358767779, -0.7188299455228493, -0.5172695069647734, 0.013651649789050539, -0.0870612310484556, -0.311767722144791, 0.5748248758695386, -0.6084696772507094, 0.12184864530716168, -0.11476074458375454, 0.6161292725455148, 0.38752024087916453, -0.03134430562735519]], "inverted": false, "swapped": true, "error_lsq": 0.04766700067281285, "error_max": 0.30714700797552014, "target": "762.xyz", "model": "4.xyz", "model_rescale": 3.8936222436046832, "target_rescale": 4.076189016852697},
{"mapping": [8, 7, 11, 13, 5, 0, 2, 9, 10, 3, 12, 14], "R": [[0.30073738043696197, -0.6107390940477135, -0.732499001371123], [-0.3535152055289945, 0.6419530657759238, -0.6803846418024775], [0.8857674793464181, 0.4635666298847134, -0.022846272991941283]], "T": [-0.162179185073285, -0.09633844767986822, -0.03462614225292643], "aligned_model": [[0.1331759082759839, -0.6063477973475286, -0.3158389422822121, 0.3818806476692729, -0.6007164891729768, -0.6200850128768977, -0.08115153011132048, -0.14419852573027225, 0.5116277629498198, 0.31723563520027515, 0.22438690823432106, -0.17242052259336807], [-0.5693388270166961, -0.6236717055824842, 0.19271157934017458, 0.0026340428347397665, 0.3706130057033649, 0.1980920691329649, -0.35216644717669116, 0.4487555084500505, 0.08561264887366414, -0.5053815777965047, 0.5091727441330335, -0.08811013578580879], [-0.5824220418664627, -0.3509226853375078, -0.7175254850825461, -0.4329430727513768, -0.06035359198363441, 0.5462985060991603, 0.6861924974988669, 0.31666993418119044, 0.29476760897356497, 0.11829017370503137, -0.19968942292443242, 0.0009222987636646265]], "inverted": true, "swapped": true, "error_lsq": 0.04816090870272427, "error_max": 0.2709618226573055, "target": "762.xyz", "model": "5.xyz", "model_rescale": 3.6523030999806103, "target_rescale": 4.076189016852697},
{"mapping": [6, 1, 0, 5, 9, 7, 2, 11, 4, 13, 10, 12, 14], "R": [[0.5071487036873487, -0.6489516681647318, 0.5671524704472807], [-0.8588698895293476, -0.32578740975301457, 0.3952278792118129], [-0.07171265723767246, -0.6875494862427236, -0.7225877100804297]], "T": [-0.013846970241538928, -0.03701939373106126, -0.06769471736444667], "aligned_model": [[0.22966475812220788, -0.16963943167785256, 0.2576354974203224, 0.5065826108783202, 0.4713325096585831, -0.42946746155695464, -0.37343789247227754, 0.38291543119576565, -0.6316389583194342, 0.06467458592229562, 0.030277975830351286, 0.5513997856241009, -0.009216505961133024], [-0.6789182855646121, -0.15939347524557157, 0.3895290190480553, -0.13223592319611066, 0.3878079003576601, -0.575186738659949, 0.6103617436353219, -0.6690253078427244, -0.013457973781830564, -0.19674866092910798, 0.5330693103492672, 0.05144847971958246, -0.006423183726797333], [0.4582747679417659, 0.679515657107522, 0.5472802778491977, 0.29439283031625524, 0.002890698401716116, 0.2685271442656299, 0.1401152661307219, -0.1967717210347532, 0.06572760844797222, -0.725550293476876, -0.5860325480332758, -0.5324447306859272, -0.04581521774815976]], "inverted": false, "swapped": true, "error_lsq": 0.051262894888973, "error_max": 0.2841013724879129, "target": "762.xyz", "model": "6.xyz", "model_rescale": 4.08911054899281, "target_rescale": 4.076189016852697},
{"mapping": [9, 1, 11, 12, 13, 3, 0, 2, 7, 8, 10, 6, 4, 5, 14], "R": [[-0.01024115543991222, 0.060184268090221205, 0.9981347467199508], [-0.6204793581606018, -0.7831578316065406, 0.04085556130992629], [0.7841559059471932, -0.6189035988486301, 0.0453635371234532]], "T": [-0.022860937056005604, 0.011354450865706078, 0.0068334437124314765], "aligned_model": [[-0.20188866818254825, -0.14670916853399926, -0.5968787158109419, -0.5163370723887388, -0.3498509719174854, 0.5340790786302088, 0.6013914229194072, 0.35262172702953837, 0.34977557230711415, -0.11203334573848055, -0.502466224599564, 0.466335361837801, 0.36295058753192366, 0.09135975189308863, -0.097877651733853], [-0.7374292853055742, -0.2745316090696539, -0.0909430946944666, 0.5154989002157561, 0.45767421079272175, -0.536800076130512, -0.48547076370818454, 0.22754255452267227, 0.678403829864823, -0.47403021141900525, 0.039397527408282874, 0.020929339659326265, -0.0655475597032441, 0.5181353435991175, -0.12568862122882823], [-0.14091396181758611, -0.6571521247676404, -0.06076733145154229, 0.10842869979165012, -0.472510599070623, 0.13251506419357187, -0.4912929261302262, -0.673177597447697, -0.11756962057463921, 0.4775764568666431, 0.5439249187148477, -0.09184922501246023, 0.5917138058103956, 0.5641735468448447, -0.04753981622175151]], "inverted": true, "swapped": false, "error_lsq": 0.044072248040843406, "error_max": 0.32911708896467745, "target": "762.xyz", "model": "7.xyz", "model_rescale": 3.964800864290218, "target_rescale": 4.076189016852697},
{"mapping": [12, 13, 11, 9, 6, 10, 5, 8, 3, 4, 2, 1, 7, 14], "R": [[0.4540924541659801, 0.7857314006798821, -0.42003120009726397], [0.4320946676552679, -0.606502433741108, -0.6674196551271147], [-0.7791625255705006, 0.121576987344413, -0.6149185270382211]], "T": [-0.026911556007954102, -0.021745472943417395, 0.08086001307370366], "aligned_model": [[-0.26629965962299257, 0.23927702554051636, 0.3155770636103331, -0.6421180406369793, 0.22657452646692047, -0.3730903493460625, -0.3165951142604268, 0.706563321796578, 0.12906098185946355, 0.2379400366005149, -0.4223348704103967, -0.04808195636083391, 0.5347600710670509, -0.060045146842812674], [-0.3315876349420312, -0.5047102608773038, 0.2354796483842202, -0.0326082817238701, 0.7726805930720642, -0.7107781184901356, 0.4561713988365393, -0.2915479424170096, -0.5498639295792493, -0.06088650179828393, -0.20862625063588186, 0.6440730861063645, 0.4081959668675523, -0.015043306621772702], [-0.5436511597866751, -0.3195668657361748, -0.5436794443930464, -0.12471877740229947, -0.1485045009380082, 0.04897734533455084, -0.233304638533749, 0.06456373285030129, 0.4233533926761178, 0.6538741593400919, 0.7135597325021652, 0.4730430203027469, 0.3548763736422969, 0.09799266886670381]], "inverted": false, "swapped": true, "error_lsq": 0.04046264804485513, "error_max": 0.2811338976015782, "target": "762.xyz", "model": "8.xyz", "model_rescale": 4.121658175737393, "target_rescale": 4.076189016852697},
{"mapping": [7, 4, 3, 13, 1, 5, 2, 9, 10, 0, 11, 12, 14], "R": [[0.5168220219342422, -0.25348821959901857, -0.8177033203847968], [-0.8138692858520298, -0.441750887275549, -0.3774558770743577], [-0.2655405490513815, 0.8605811269809401, -0.4346128630099505]], "T": [-0.06810486678923412, 0.04115871510145396, -0.09129181403457408], "aligned_model": [[-0.6967096803412112, -0.17207462848205907, 0.3363984220847971, 0.304456360868767, -0.7016887838848032, -0.3775725250265065, 0.2103496683002659, 0.18931513799811905, 0.7011424091929455, -0.21380885216603124, -0.39197860503176934, 0.35182908197840557, -0.06292050905572251], [0.059688888732798366, -0.2700317536438308, -0.0612597630495132, 0.5963091461739604, -0.40129381509753287, 0.05437420165119529, -0.6621987923727357, -0.13333745744771516, -0.010268305396422601, -0.5528188354177596, 0.6965112676898259, 0.4670946811437847, 0.007617976445655254], [-0.5154642379750597, -0.63200835611932, -0.5877047434623152, -0.22342494057824192, -0.07186942736880035, 0.4700241825250978, -0.23037540823817865, 0.478046121939088, -0.056133059150321615, 0.41841549565863856, 0.10652523537126314, 0.33947153867295315, -0.07442696731571466]], "inverted": true, "swapped": true, "error_lsq": 0.04247601153723173, "error_max": 0.204414676892966, "target": "762.xyz", "model": "9.xyz", "model_rescale": 3.833441315466971, "target_rescale": 4.076189016852697},
{"mapping": [0, 1, 10, 11, 12, 5, 4, 6, 7, 13, 8, 3, 2, 9, 14], "R": [[0.8776457733955367, -0.35869525743251074, 0.31792390400279025], [-0.414787416507137, -0.9007612581687698, 0.12876550349200666], [0.24018596034798834, -0.2448813346860882, -0.93933159021406]], "T": [-0.019709857744787073, -0.0016425046328698324, -0.1008605104276355], "aligned_model": [[-0.38860336161609843, -0.12400290380100167, -0.8046914278609512, -0.3937643030136289, -0.35416212091652244, 0.3080675042155223, 0.7189588101084607, 0.2530935539505314, 0.15281786095803335, -0.0877247782414143, -0.3709697521486962, 0.7445266604368348, 0.32577852722276557, 0.21818107581794924, 0.03696633813168641], [-0.571505166607464, -0.48549572633933435, -0.013470587192665601, 0.5686917236019345, 0.11681211318288862, -0.5910988114215737, -0.0936233560411766, 0.06134500215104974, 0.6340442839839069, -0.6423331906886073, 0.27452037925918654, 0.281338487392516, -0.22986845583740495, 0.3205643321302257, 0.0372194572297494], [-0.15560620425320196, -0.649146889341444, 0.14289792442291585, -0.08906131037001466, -0.5878207187488079, -0.05047733029405743, -0.38690369282559106, -0.7196015229696002, -0.0006084788317315126, 0.3687946362554609, 0.5378177423104058, 0.19944958293852527, 0.48667752747027976, 0.6044768447468116, -0.035328820782163484]], "inverted": true, "swapped": false, "error_lsq": 0.05172076121033799, "error_max": 0.27720436795092857, "target": "762.xyz", "model": "10.xyz", "model_rescale": 4.2482417240324, "target_rescale": 4.076189016852697},
{"mapping": [2, 1, 7, 6, 10, 13, 3, 11, 5, 12, 9, 14], "R": [[-0.9315602578461889, -0.1834081497729383, 0.3139377909688632], [-0.1754216343217076, -0.5295776521698962, -0.8299245511093895], [0.3184693646388037, -0.82819620919145, 0.4611597368238785]], "T": [-0.03982631747722862, 0.050714455992531195, 0.03720866889458193], "aligned_model": [[-0.7328031094433054, 0.07861994027594506, 0.4282122040216172, 0.6523050794963307, -0.6106016664918661, 0.10877609495635757, -0.37013230361071614, 0.6472133825878152, 0.15741410320366073, -0.04352038271022951, -0.3703418903733662, -0.06837584954923656], [-0.22673805082455648, -0.7130884645802082, -0.36992778322021524, -0.41332897618992426, 0.5690868397175943, 0.7092247697072888, 0.29624543405825465, 0.2593959754303959, -0.19087384145038322, 0.627001654267713, 0.08863471821336474, 0.030499114921315674], [0.22267087492623128, 0.049276524307500645, 0.4607764594197014, -0.19429483222986801, 0.0036256250075530003, 0.1306673354506667, 0.538358093930841, -0.2035011678852199, -0.5229268857362993, -0.42235901221237016, -0.5197304374932001, 0.022629712368820172]], "inverted": true, "swapped": true, "error_lsq": 0.046361527206815044, "error_max": 0.2558485491228009, "target": "762.xyz", "model": "11.xyz", "model_rescale": 3.6694154284099745, "target_rescale": 4.076189016852697},
{"mapping": [9, 10, 3, 13, 12, 0, 5, 1, 8, 7, 4, 11, 2, 14], "R": [[-0.8442656883051662, -0.28919334414409614, -0.45120134890463093], [0.3129779086412692, -0.9494834735132918, 0.02293386639168911], [-0.4350405455278181, -0.12185377806161285, 0.8921274463432733]], "T": [0.0622783982253355, 0.04499086014404401, -0.0028010085749114143], "aligned_model": [[-0.010517518246603505, 0.022194596842374195, -0.12131774786237863, 0.5887594638922237, 0.5582264772452089, -0.4363911338417911, 0.16968111779062744, -0.3740399947751993, 0.4159478869554569, 0.004104573683177751, -0.3376008294120566, 0.7399101737667927, -0.6528483894377102, 0.03215617365568743], [-0.4016742315976465, 0.30011208373433623, 0.6360359155342016, 0.3948361681656616, -0.1194912653700961, -0.5675339117575686, -0.5825848818952805, -0.2848300291428843, 0.6766569422038864, 0.19277183549910773, 0.44868749891048504, -0.15705256620289737, 0.16865803536529575, 0.02639569468965314], [-0.46761356090345796, -0.7300758522404868, -0.19644100836907533, -0.25751453501932486, -0.5227088540962824, -0.10271409593092257, 0.07225811750017669, 0.5434722669061941, 0.2920891254921423, 0.7389443747260668, 0.27495648497163205, 0.2683195959343011, -0.25754218103891796, -0.01633441827962933]], "inverted": true, "swapped": true, "error_lsq": 0.030708162946495025, "error_max": 0.17452768017315243, "target": "762.xyz", "model": "12.xyz", "model_rescale": 3.9764082729961374, "target_rescale": 4.076189016852697},
{"mapping": [6, 5, 4, 7, 0, 13, 12, 9, 2, 14, 3, 10, 11, 8, 15], "R": [[0.0649280632447809, 0.8946552989643755, -0.4420138489213271], [0.8186732727249242, 0.20551414474511187, 0.5362257069887149], [0.5705772683249339, -0.3966810209030037, -0.7190867461761531]], "T": [0.06042302601679414, -0.04517477349600478, -0.08620252550057259], "aligned_model": [[-0.2940150838008332, -0.23383217912961154, -0.6321208453680516, -0.48898135958172706, -0.2851280410075294, 0.32174412392925067, 0.6100703679612994, 0.16111839219888163, 0.10086797484052079, -0.10834607064037868, -0.2815931401441153, 0.7859369646611275, 0.36293769965826406, 0.25102791382314743, -0.035215034156773434], [-0.7219303911201147, -0.33516970195485335, -0.07852436570860803, 0.46357242202438426, 0.4111782002337461, -0.5816932555032949, -0.23699929221704297, 0.10439771202011856, 0.7510178501456025, -0.545415704856234, 0.13668516154677912, 0.10794437711888867, -0.16440380606547655, 0.4066211515312182, -0.05013987239188164], [-0.08034880682365891, -0.815682286389874, -0.273644550366319, 0.015605190603073443, -0.5327944611069222, 0.049221801846179386, -0.34755418219907186, -0.6597769682049234, -0.11267942258953154, 0.5138675055628371, 0.6610560331151444, 0.22416975017176502, 0.6382379542999098, 0.4229173577505849, -0.03703562594140641]], "inverted": true, "swapped": false, "error_lsq": 0.037282000842904936, "error_max": 0.25163689642776627, "target": "762.xyz", "model": "13.xyz", "model_rescale": 4.170626492500431, "target_rescale": 4.076189016852697},
{"mapping": [4, 7, 2, 1, 10, 9, 0, 8, 13, 6, 11, 5, 12, 14], "R": [[0.1893073056821764, 0.8897019162415202, 0.4154434308681779], [-0.24834273809220755, -0.36595599102266196, 0.8968846620784008], [0.9499940149559998, -0.2729591780299553, 0.15167286730655208]], "T": [0.04402523486438575, 0.04207003006774053, 0.01552237250251319], "aligned_model": [[0.06557384398081662, -0.009879045121834136, -0.24653837977435694, -0.5739463847657416, 0.3485674988988951, -0.26298789062879835, -0.71479256378233, 0.6949653191424207, 0.6796055497413049, -0.31756657327782195, 0.24815605653634484, -0.3915288747562478, 0.30973561594978516, 0.013818849949207044], [-0.3754262242908724, -0.7127313914691663, 0.18510473008408634, -0.4215596587568938, 0.6573546317934441, 0.6081091673757273, 0.2706180404819232, -0.39073333766979385, 0.2301380408439142, -0.44704180344847605, -0.09716053132333889, 0.16232691855125003, 0.6293994406703629, 0.05767644508349923], [-0.45908918773399576, 0.06823638233009814, -0.6821213890607286, -0.01147095181175764, -0.33704126201511725, 0.09427701838652942, -0.0606476926336712, 0.013913270673717514, 0.17401880548408205, 0.6303370008743305, 0.7313842376421336, 0.4703315928776363, 0.3729649432134652, -0.0012196671058559289]], "inverted": false, "swapped": true, "error_lsq": 0.04415846350714951, "error_max": 0.29698709844807136, "target": "762.xyz", "model": "14.xyz", "model_rescale": 3.9786697098870705, "target_rescale": 4.076189016852697},
{"mapping": [1, 7, 2, 0, 4, 10, 11, 13, 9, 5, 8, 14], "R": [[0.6596407029470949, 0.5459092271577602, -0.516582286494107], [0.4349707273767096, -0.8378146679065291, -0.329950069807613], [-0.6129230044147786, -0.007049676920928588, -0.7901111900957181]], "T": [0.034569744133610046, 0.03991039185940064, 0.023211016173821337], "aligned_model": [[-0.09333987325800394, -0.5892877736290599, 0.5464621295746132, 0.5544345325178548, -0.12968594828586094, 0.563544221744165, -0.44722732904086615, -0.12486599616023666, 0.5927523991421286, 0.12487187190217783, -0.5804239941381102, 0.06612035639853456], [-0.4837080030025717, -0.1078966584250562, 0.23425372895619007, -0.49991788252558916, 0.29741643781982535, 0.5521512929347613, -0.23400341626462157, 0.4729614318946887, -0.19725300447499994, -0.5660717614195999, 0.5195729693298187, 0.027169355401593653], [-0.5308945305646565, -0.38220790001569066, -0.5169647058485686, -0.24542732696227657, -0.5306249720664568, 0.25433329850602426, 0.5393074776443735, 0.5247088467230073, 0.25352668113075205, 0.21202755199947565, 0.07565957492000622, 0.006522498407840357]], "inverted": true, "swapped": true, "error_lsq": 0.052125913973487537, "error_max": 0.2857291822560892, "target": "762.xyz", "model": "15.xyz", "model_rescale": 3.769337070930944, "target_rescale": 4.076189016852697},
{"mapping": [1, 7, 9, 5, 2, 4, 10, 8, 12, 11, 14], "R": [[-0.6827174171908419, 0.6062833700548539, 0.4078203078062627], [-0.1520523000045481, -0.6638008894224372, 0.7322898860869977], [0.7146866630402393, 0.43793704387378596, 0.5453752096268192]], "T": [0.01884439492907545, 0.05839608118010494, -0.006566208646745914], "aligned_model": [[-0.4643450628245675, -0.2886373392790867, -0.04091811709430803, -0.5380199816616291, 0.4200451065777363, 0.2574815987709221, 0.6534146895576288, 0.26167693751142174, 0.08806984795243217, -0.44496378639064976, 0.018822237571270804], [-0.1854789219030097, -0.6244226842742063, 0.6974308296876701, 0.37562037626537353, 0.18093636870807034, -0.4099344198836386, 0.4871150098293116, -0.5527189105100832, 0.5780919332860871, -0.030646325513460394, 0.08007124193322768], [-0.5584928173298174, -0.12749238802433868, -0.10102620438201977, -0.023634930487753572, -0.6512481647413606, -0.3583366235260894, 0.08905214461877835, 0.4160626602773208, 0.5115525928740767, 0.5854356260582038, -0.03765428811322337]], "inverted": false, "swapped": true, "error_lsq": 0.04205745427881093, "error_max": 0.2676176581444514, "target": "762.xyz", "model": "16.xyz", "model_rescale": 3.7852294659196426, "target_rescale": 4.076189016852697},
{"mapping": [7, 13, 3, 8, 11, 12, 9, 10, 4, 1, 5, 2, 14], "R": [[-0.7416667211774894, 0.08644514452545762, -0.6651749481796536], [-0.11633481749405675, -0.9932098493753334, 0.0006366651020140723], [-0.660603273483001, 0.07785519951679755, 0.7466872725390081]], "T": [-0.008933785411178112, 0.12081190532695012, -0.01977448365160971], "aligned_model": [[0.30083807130108037, -0.43983831128265044, 0.2967940382451364, -0.03663312929334444, -0.6099769197292285, -0.656367750481532, -0.2212325250189755, -0.09333667057707806, 0.5626085919259526, 0.4293206223141276, -0.29138114154596473, 0.6046891091969152, 0.008281865161844464], [-0.1184981754185299, -0.3552886206410419, -0.3109940069081561, -0.6388830617111457, -0.0036921397163125758, 0.16844936558065915, 0.6338576463045844, 0.030187452900786116, -0.13900960739998164, 0.4938224659472916, 0.6355048647851727, 0.3279960103194382, 0.1516034296601099], [-0.6695295961591622, 0.20848548077648393, 0.3552087211467927, -0.20182019510624882, -0.46334933077430135, 0.32934292895578454, 0.3157444744765873, 0.7419903158018917, -0.09629696727941255, -0.5358813004642585, -0.27733064659474477, 0.3951166435854687, -0.005925831221706991]], "inverted": false, "swapped": true, "error_lsq": 0.04304973509111619, "error_max": 0.30144406182490185, "target": "762.xyz", "model": "17.xyz", "model_rescale": 3.901054581598922, "target_rescale": 4.076189016852697},
{"mapping": [0, 1, 2, 5, 8, 7, 6, 4, 10, 3, 13, 11, 12, 9, 14], "R": [[-0.7815420253054005, 0.3446876681947568, -0.5199831478769233], [0.5540842159286072, 0.0005067994982960178, -0.8324604644144065], [-0.2866753291448596, -0.9387172921325835, -0.19138208147827374]], "T": [0.005364932091206422, 0.006084301985067514, -0.06502268562570865], "aligned_model": [[-0.3203825752937991, 0.0888098826966767, -0.7987234873210215, -0.3794004321112678, -0.4595235088704883, 0.33365022351359347, 0.6761447491193061, 0.10978880867590557, 0.40310282345054765, -0.2832815304906992, -0.3345543445024392, 0.7409990708054975, 0.3025790374267258, 0.12266662141900847, 0.03259634472592442], [-0.6681759470850428, -0.427218974895726, -0.0961088292325856, 0.4685302081245495, 0.20744625919218582, -0.5686552290346388, -0.20746737660570083, 0.3200774776600146, 0.7025729576380515, -0.5142130290820282, 0.1172219738304262, 0.11460086713287157, -0.2740206972466782, 0.48130074561295333, 0.011250078794579302], [-0.1865389250995084, -0.6044397412502533, 0.09849024868587755, 0.10286252932960288, -0.4936838009485198, -0.025270167262581078, -0.3261277658308922, -0.7834083129446254, -0.23579115593737024, 0.41391342330343106, 0.5671208911014656, 0.2244553929455045, 0.5556060835045997, 0.376111383247692, -0.017740793116635782]], "inverted": true, "swapped": false, "error_lsq": 0.040931135774722724, "error_max": 0.24705068019430007, "target": "762.xyz", "model": "18.xyz", "model_rescale": 3.9405287249114394, "target_rescale": 4.076189016852697},
{"mapping": [2, 10, 5, 9, 11, 1, 3, 14, 13, 6, 8, 12, 0, 7, 15], "R": [[-0.5899674231503509, -0.5811155068011807, 0.5605739981274033], [-0.34084024844940475, 0.8086215957974159, 0.47954044651831895], [-0.7319606305384757, 0.09184706073276097, -0.6751279528922423]], "T": [0.13985421262440997, 0.058900303226818884, 0.030835612999324497], "aligned_model": [[-0.356079926519822, -0.05565809566280522, -0.6645404509971378, -0.46194625191653604, -0.2996526140949408, 0.3653619178621317, 0.6193683494667694, 0.3911902446362896, 0.18582455469741863, -0.20559746732110087, -0.3062876890260531, 0.682273409941754, 0.2750451747755214, -0.05348719367847796, 0.11865772108045977], [-0.6123893081233529, -0.25896202058554024, -0.13525929751798293, 0.5332794870591393, 0.3031365330252992, -0.5509927495775291, -0.4533548843000483, 0.233798644220578, 0.663154369302404, -0.5040692855182123, -0.041256763558389115, 0.09037697743366038, -0.21773947997737636, 0.5848916630068108, 0.032526599913770715], [-0.21153779795503622, -0.6610043376795431, 0.11154445597618814, 0.07338485249215328, -0.4852996553371134, 0.14351286446938974, -0.45195772818726043, -0.6804869097752182, -0.25915334653668953, 0.38013753764803704, 0.6334948210934587, -0.039376177832966625, 0.6455453754542116, 0.45695500822437074, 0.009800327673805377]], "inverted": false, "swapped": false, "error_lsq": 0.04338701373077458, "error_max": 0.3072375754635537, "target": "762.xyz", "model": "19.xyz", "model_rescale": 4.410303926677745, "target_rescale": 4.076189016852697},
{"mapping": [12, 13, 11, 9, 6, 10, 5, 8, 3, 4, 2, 1, 7, 14], "R": [[0.4540924541659801, 0.7857314006798821, -0.42003120009726397], [0.4320946676552679, -0.606502433741108, -0.6674196551271147], [-0.7791625255705006, 0.121576987344413, -0.6149185270382211]], "T": [-0.026911556007954102, -0.021745472943417395, 0.08086001307370366], "aligned_model": [[-0.26629965962299257, 0.23927702554051636, 0.3155770636103331, -0.6421180406369793, 0.22657452646692047, -0.3730903493460625, -0.3165951142604268, 0.706563321796578, 0.12906098185946355, 0.2379400366005149, -0.4223348704103967, -0.04808195636083391, 0.5347600710670509, -0.060045146842812674], [-0.3315876349420312, -0.5047102608773038, 0.2354796483842202, -0.0326082817238701, 0.7726805930720642, -0.7107781184901356, 0.4561713988365393, -0.2915479424170096, -0.5498639295792493, -0.06088650179828393, -0.20862625063588186, 0.6440730861063645, 0.4081959668675523, -0.015043306621772702], [-0.5436511597866751, -0.3195668657361748, -0.5436794443930464, -0.12471877740229947, -0.1485045009380082, 0.04897734533455084, -0.233304638533749, 0.06456373285030129, 0.4233533926761178, 0.6538741593400919, 0.7135597325021652, 0.4730430203027469, 0.3548763736422969, 0.09799266886670381]], "inverted": false, "swapped": true, "error_lsq": 0.04046264804485513, "error_max": 0.2811338976015782, "target": "762.xyz", "model": "20.xyz", "model_rescale": 4.121658175737393, "target_rescale": 4.076189016852697},
{"mapping": [6, 1, 0, 5, 9, 7, 2, 11, 4, 13, 10, 12, 14], "R": [[0.5071487036873487, -0.6489516681647318, 0.5671524704472807], [-0.8588698895293476, -0.32578740975301457, 0.3952278792118129], [-0.07171265723767246, -0.6875494862427236, -0.7225877100804297]], "T": [-0.013846970241538928, -0.03701939373106126, -0.06769471736444667], "aligned_model": [[0.22966475812220788, -0.16963943167785256, 0.2576354974203224, 0.5065826108783202, 0.4713325096585831, -0.42946746155695464, -0.37343789247227754, 0.38291543119576565, -0.6316389583194342, 0.06467458592229562, 0.030277975830351286, 0.5513997856241009, -0.009216505961133024], [-0.6789182855646121, -0.15939347524557157, 0.3895290190480553, -0.13223592319611066, 0.3878079003576601, -0.575186738659949, 0.6103617436353219, -0.6690253078427244, -0.013457973781830564, -0.19674866092910798, 0.5330693103492672, 0.05144847971958246, -0.006423183726797333], [0.4582747679417659, 0.679515657107522, 0.5472802778491977, 0.29439283031625524, 0.002890698401716116, 0.2685271442656299, 0.1401152661307219, -0.1967717210347532, 0.06572760844797222, -0.725550293476876, -0.5860325480332758, -0.5324447306859272, -0.04581521774815976]], "inverted": false, "swapped": true, "error_lsq": 0.051262894888973, "error_max": 0.2841013724879129, "target": "762.xyz", "model": "21.xyz", "model_rescale": 4.08911054899281, "target_rescale": 4.076189016852697},
{"mapping": [15, 11, 9, 10, 5, 2, 1, 8, 6, 14, 12, 0, 13, 7, 16], "R": [[-0.37352703138080373, -0.85431568807512, -0.36141701943403043], [0.052174557091727386, 0.36965200240367263, -0.9277042700727627], [0.9261508367539955, -0.3653793949139572, -0.09350147245997989]], "T": [0.047695366087081595, -0.08018797148915974, 0.013042739882153133], "aligned_model": [[-0.10691475065271293, -0.12027296600726221, -0.6632882835840747, -0.3981207593317772, -0.4362307804161194, 0.43522371298823476, 0.5746732512561847, 0.1944812293083178, 0.3331183070037203, -0.33616091236029444, -0.393624275506996, 0.7611938404802012, 0.16462942583881202, 0.14381500982243103, 0.0819496344048054], [-0.7459812091881555, -0.29657396583501194, -0.035068942930939956, 0.587205535912541, 0.24138237149976033, -0.6890212436788665, -0.3387325854634717, 0.16972805774520186, 0.5799374878766947, -0.4806036555723023, 0.05702757056676158, 0.19959956754443992, -0.010712922052706741, 0.49851688048599024, -0.06956246210670383], [-0.24057526880447164, -0.7016997110208616, 0.016802357517459243, 0.09652506022310373, -0.38712853993277624, 0.03298406371199146, -0.5212300110546814, -0.6168444776022147, -0.18274349877339024, 0.3357565812088354, 0.588697475809566, 0.12581799523317033, 0.6597494811521194, 0.4151097696148122, 0.044338012445125155]], "inverted": false, "swapped": false, "error_lsq": 0.037924414036822035, "error_max": 0.22064780009264978, "target": "762.xyz", "model": "22.xyz", "model_rescale": 4.204369325754507, "target_rescale": 4.076189016852697},
{"mapping": [2, 10, 5, 9, 11, 1, 3, 14, 13, 6, 8, 12, 0, 7, 15], "R": [[-0.5899674231503509, -0.5811155068011807, 0.5605739981274033], [-0.34084024844940475, 0.8086215957974159, 0.47954044651831895], [-0.7319606305384757, 0.09184706073276097, -0.6751279528922423]], "T": [0.13985421262440997, 0.058900303226818884, 0.030835612999324497], "aligned_model": [[-0.356079926519822, -0.05565809566280522, -0.6645404509971378, -0.46194625191653604, -0.2996526140949408, 0.3653619178621317, 0.6193683494667694, 0.3911902446362896, 0.18582455469741863, -0.20559746732110087, -0.3062876890260531, 0.682273409941754, 0.2750451747755214, -0.05348719367847796, 0.11865772108045977], [-0.6123893081233529, -0.25896202058554024, -0.13525929751798293, 0.5332794870591393, 0.3031365330252992, -0.5509927495775291, -0.4533548843000483, 0.233798644220578, 0.663154369302404, -0.5040692855182123, -0.041256763558389115, 0.09037697743366038, -0.21773947997737636, 0.5848916630068108, 0.032526599913770715], [-0.21153779795503622, -0.6610043376795431, 0.11154445597618814, 0.07338485249215328, -0.4852996553371134, 0.14351286446938974, -0.45195772818726043, -0.6804869097752182, -0.25915334653668953, 0.38013753764803704, 0.6334948210934587, -0.039376177832966625, 0.6455453754542116, 0.45695500822437074, 0.009800327673805377]], "inverted": false, "swapped": false, "error_lsq": 0.04338701373077458, "error_max": 0.3072375754635537, "target": "762.xyz", "model": "23.xyz", "model_rescale": 4.410303926677745, "target_rescale": 4.076189016852697},
{"mapping": [8, 15, 10, 1, 11, 5, 6, 14, 7, 4, 3, 12, 2, 0, 16], "R": [[-0.7240384020470886, 0.6880531527577436, -0.04848970345576173], [0.537893653324788, 0.5192212082817717, -0.6641383550009213], [-0.4317856066082001, -0.5069439770335044, -0.7460355179717937]], "T": [0.008122441074050291, 0.01824026396138867, -0.17145204705018466], "aligned_model": [[-0.4666134917224315, 0.14172585939133758, -0.6284645875028468, -0.4455160140998052, -0.36229485912664444, 0.4035364133239179, 0.6696971908752399, 0.10902164940379233, 0.1447275790258468, -0.1658883095739021, -0.3484999685315278, 0.7535196871791047, 0.15334236519084124, 0.31450026289152727, -0.038322093480979244], [-0.6506899371586382, -0.5573672300516551, -0.08875206037771624, 0.6393734693335406, 0.3719274117134358, -0.40835228637342635, -0.17613825415003112, 0.002944405840972719, 0.6655294793946248, -0.45968997861831296, 0.045739621589096724, 0.14588787043973495, -0.20232523740455016, 0.2940281711702661, 0.04502503945588963], [-0.11792777782744382, -0.5716274214608409, -0.08722886819918481, 0.20899642875426808, -0.5434976246852544, 0.06785658208038345, -0.49150506122455395, -0.8405823605896527, -0.10597988081678447, 0.2924308205767562, 0.6539661663006208, 0.1010637668818655, 0.7021359476161141, 0.4613666249419536, -0.06390805262045972]], "inverted": false, "swapped": false, "error_lsq": 0.044769931640100014, "error_max": 0.2841694940741284, "target": "762.xyz", "model": "24.xyz", "model_rescale": 4.28219845311461, "target_rescale": 4.076189016852697},
{"mapping": [2, 4, 6, 8, 1, 13, 7, 3, 5, 14, 10, 9, 12, 11, 15], "R": [[-0.6797903014539965, 0.6187222007351798, -0.39378672446706525], [0.7064195955614239, 0.6966998155902013, -0.12482276220070586], [0.19712052418740905, -0.36303196178022046, -0.9106872644712265]], "T": [0.03659380209184737, -0.06640646997198915, -0.065789090803113], "aligned_model": [[-0.30198426218920793, 0.03286493742881025, -0.8529120903875097, -0.4317174295875757, -0.18059565986882856, 0.33587032679929846, 0.6786138289146495, 0.31839875642519544, 0.0733379596039628, -0.24808860578661768, -0.4104376433620366, 0.65105363729251, 0.4394772533506054, 0.14786299708547873, -0.01727232247526364], [-0.6608923058026125, -0.37848420607917477, -0.10817097214803664, 0.4391175809655201, 0.352953867031761, -0.5683622080521172, -0.3300399877224566, 0.2563139376994207, 0.7828656814789765, -0.36518065649834686, 0.21624001646138655, 0.21139171919463037, -0.25533373870484977, 0.16545346373849398, -0.09073170675936354], [-0.03874265347066237, -0.7270319775098438, 0.07289085931048798, 0.018330354840899996, -0.4980425398443027, 0.04093698709947215, -0.4177175767589779, -0.7111439164962375, -0.014142594574285017, 0.5743941150096148, 0.5258008595088889, -0.019518572113658803, 0.5558308188394253, 0.41414549706676956, -0.11043037117980331]], "inverted": true, "swapped": false, "error_lsq": 0.046307737327562874, "error_max": 0.30091259858074476, "target": "762.xyz", "model": "25.xyz", "model_rescale": 4.100010024507729, "target_rescale": 4.076189016852697},
{"mapping": [2, 1, 7, 6, 10, 13, 3, 11, 5, 12, 9, 14], "R": [[-0.9315602578461889, -0.1834081497729383, 0.3139377909688632], [-0.1754216343217076, -0.5295776521698962, -0.8299245511093895], [0.3184693646388037, -0.82819620919145, 0.4611597368238785]], "T": [-0.03982631747722862, 0.050714455992531195, 0.03720866889458193], "aligned_model": [[-0.7328031094433054, 0.07861994027594506, 0.4282122040216172, 0.6523050794963307, -0.6106016664918661, 0.10877609495635757, -0.37013230361071614, 0.6472133825878152, 0.15741410320366073, -0.04352038271022951, -0.3703418903733662, -0.06837584954923656], [-0.22673805082455648, -0.7130884645802082, -0.36992778322021524, -0.41332897618992426, 0.5690868397175943, 0.7092247697072888, 0.29624543405825465, 0.2593959754303959, -0.19087384145038322, 0.627001654267713, 0.08863471821336474, 0.030499114921315674], [0.22267087492623128, 0.049276524307500645, 0.4607764594197014, -0.19429483222986801, 0.0036256250075530003, 0.1306673354506667, 0.538358093930841, -0.2035011678852199, -0.5229268857362993, -0.42235901221237016, -0.5197304374932001, 0.022629712368820172]], "inverted": true, "swapped": true, "error_lsq": 0.046361527206815044, "error_max": 0.2558485491228009, "target": "762.xyz", "model": "26.xyz", "model_rescale": 3.6694154284099745, "target_rescale": 4.076189016852697},
