[{"mapping": [9, 7, 11, 0, 10, 8, 4, 6, 3, 5, 1, 12], "R": [[-0.3102476701232071, -0.9463711604241973, 0.09015547626450499], [0.9143585809050478, -0.27110201901221126, 0.3007525242002301], [-0.26018218368756346, 0.1757422032548263, 0.9494313610191684]], "T": [-0.011518784963113433, -0.03454436872982512, -0.007193820100138023], "aligned_model": [[-0.40263721321000145, 0.26829017969605645, 0.39341699454924584, -0.21463139245837254, 0.04029650597981054, -0.5123799156855048, 0.49033738518814796, -0.22956706831780516, 0.5937982895910668, 0.11641892542218307, -0.5966775096182241, -0.10902271867605362], [-0.19514094097838475, -0.7322823928654957, -0.3197726440880245, 0.6927003550957485, 0.3411804302771472, -0.6064732371532348, -0.2742056962765691, -0.4811911508910657, 0.093414708755884, 0.3928009850764905, 0.19425794676765318, -0.05173332774309146], [-0.5939497720585022, 0.06312166941720683, -0.5284332555766904, -0.0652685101381654, -0.613734578028269, -0.04553301761285833, 0.5275631873724732, 0.5911040236955984, -0.09123281933256652, 0.5200547374977358, 0.3715658841932783, 0.046694195924322016]], "inverted": true, "swapped": true, "error_lsq": 0.03669375842618521, "error_max": 0.22945850958514477, "target": "763.xyz", "model": "0.xyz", "model_rescale": 3.751011558992144, "target_rescale": 3.998386036639009},
{"mapping": [2, 5, 13, 1, 4, 8, 10, 6, 11, 12, 3, 7, 14], "R": [[0.4959713305860384, -0.7059021167192798, 0.5056823517268082], [0.060136875735365136, -0.5530346518857435, -0.8309850961301317], [0.8662540016724335, 0.44255494057219047, -0.23183858428148008]], "T": [-0.009029292086756957, -0.04778408913124706, -0.02616893863169728], "aligned_model": [[-0.8120409795867877, -0.3563426768019024, -0.5644226299448967, 0.23061915832367294, 0.4346827512660261, -0.2134689645135887, 0.5208952982516445, 0.6699085875550883, 0.5417948185817061, -0.047340721012380446, -0.5461900780691817, 0.1833732567209173, -0.003963175489485058], [0.074588408323345, -0.4191010415382494, -0.4800397509315376, 0.6065692634888127, 0.17913411930356182, 0.17999603584793678, -0.5170833857699166, 0.1491237443187628, -0.4608266834220535, -0.3127615718575344, 0.06891569001916324, 0.2786716441361178, -0.08807452596186092], [-0.1808793248156486, -0.388912898813677, 0.15326205480301006, -0.0348786783869274, -0.6403364395418665, -0.6150143233825247, -0.4401639227293171, 0.2268061707834374, 0.37721624123302344, 0.6668637244794493, 0.5041567547509298, 0.5179679349823063, 0.010639044279468206]], "inverted": false, "swapped": false, "error_lsq": 0.0429883660959786, "error_max": 0.27441237158431614, "target": "763.xyz", "model": "1.xyz", "model_rescale": 3.9405287249114394, "target_rescale": 3.998386036639009},
{"mapping": [8, 3, 10, 2, 1, 4, 7, 0, 6, 11, 9, 5, 12], "R": [[-0.00013077263595040467, 0.9927009657792705, 0.12060172237336325], [-0.5014429430699692, 0.1042783947268352, -0.8588835725746082], [-0.8651907059971493, -0.06058720107496668, 0.4977692571082071]], "T": [0.04315489474608891, -0.06461803103303188, -0.028341530433543892], "aligned_model": [[-0.7106877830063064, -0.20458752704547584, -0.6512394263120201, 0.16012721764234353, 0.535489720124918, -0.221824368391977, 0.3226924057805885, 0.7977799433068296, 0.4023522205935009, 0.022318089557390355, -0.6008728886435806, 0.1491579108804538, 0.03679913079416842], [0.06571568367707947, -0.5328009698398413, -0.4664044075888021, 0.6022972368021763, 0.3108167183838514, 0.035343740182164185, -0.5946860078152701, 0.10358540006255082, -0.44165951343044785, -0.2810126872246871, 0.07958880203054602, 0.35760489671210616, 0.020723054005121685], [-0.15253537133849385, -0.24334875548414792, 0.2321797811876037, 0.04723047976969045, -0.5221851301771734, -0.6698158917958192, -0.547760988165696, 0.2959710196292813, 0.12713417520901307, 0.6501519989080455, 0.43513846979302656, 0.5535239525034408, -0.04895740239710807]], "inverted": false, "swapped": false, "error_lsq": 0.045135863776386856, "error_max": 0.2726391768602008, "target": "763.xyz", "model": "2.xyz", "model_rescale": 3.932901565614263, "target_rescale": 3.998386036639009},
{"mapping": [11, 3, 8, 6, 2, 1, 0, 4, 7, 9, 12, 5, 13], "R": [[-0.5571187693243468, -0.5978420899246897, -0.5763709850270091], [0.744941540099725, -0.6665113369014707, -0.028718280165495463], [-0.36698879914838684, -0.4453621821577283, 0.816683382960209]], "T": [-0.06567107701660743, -0.10645678787180013, -0.040131148197558024], "aligned_model": [[-0.9433437011327607, -0.14973283931560671, -0.486641139820984, 0.1133192332574822, 0.5060836561316299, -0.11288100810056675, 0.3713751117293882, 0.801543819997257, 0.30419250933866093, -0.21490424511872788, -0.2978330451564315, 0.2282192779687359, -0.08189298449724403], [-0.18624996914606093, -0.5397555995325064, -0.659150765455859, 0.54739990816491, 0.34778183455200395, 0.17106863618169021, -0.2884480817985102, -0.009792321506637947, -0.5384291056308705, -0.211544493911187, 0.42964144355865463, 0.20978361070406903, -0.01319315022314857], [-0.18515704749360495, -0.2967850747481278, 0.19672386841956968, 0.04428538192362521, -0.4413339051664158, -0.7253460650835899, -0.5142831565034264, 0.0025386054617545575, 0.3915439512990632, 0.6715422143546937, 0.4516302949495402, 0.5346906982991032, 0.026676571929477914]], "inverted": false, "swapped": false, "error_lsq": 0.0486361287053484, "error_max": 0.286797510895549, "target": "763.xyz", "model": "3.xyz", "model_rescale": 3.9243930471874484, "target_rescale": 3.998386036639009},
{"mapping": [3, 2, 0, 10, 8, 4, 7, 9, 1, 5, 6, 11, 12], "R": [[0.392631395182209, -0.9107523883757458, 0.12794793701012575], [-0.07869605465966178, -0.17187935628207748, -0.9819696623954646], [0.916322824390114, 0.375483120728394, -0.1391578511970873]], "T": [0.06042183425727595, 0.04448193724472941, 0.019387678915343813], "aligned_model": [[-0.5992850678662457, -0.39891506517477804, -0.3953697503399897, -0.03425983039778315, 0.5119944518706951, -0.08275822539305103, 0.26221901352270377, 0.7244385994489014, 0.3392985209263481, -0.15376369393111355, -0.43913727235230554, 0.2790103666163643, 0.024032598351086475], [0.04688907960838531, -0.5855520663937176, -0.660420851173954, 0.7173215763576994, 0.23742832481165219, 0.021586505561689888, -0.49156686684266265, 0.13777823840646852, -0.5977073762567764, -0.3301903027629491, 0.27118094370917234, 0.5314830572923203, -0.03911831636078084], [-0.11378281076199209, -0.4738478200028045, 0.1560933614982954, -0.16889381761415484, -0.3745542349030095, -0.5562359300225216, -0.5417258006849685, 0.23862482793635853, 0.16074177061215228, 0.6417769235662876, 0.4890309203318279, 0.603496439319611, 0.09600250836658114]], "inverted": true, "swapped": false, "error_lsq": 0.04456263040344583, "error_max": 0.27317626952799484, "target": "763.xyz", "model": "4.xyz", "model_rescale": 3.8936222436046832, "target_rescale": 3.998386036639009},
{"mapping": [8, 9, 1, 6, 0, 10, 11, 3, 4, 7, 5, 12], "R": [[0.8285627903400847, 0.10518091899649358, -0.5499278832200695], [-0.5437019497988723, 0.38566797944757725, -0.7454182714514906], [0.13368579673532183, 0.9166227053198478, 0.37673720793593773]], "T": [-0.12128629482587533, -0.0015961706374816413, -0.01857199495925107], "aligned_model": [[-0.029905166533879646, -0.6116241332467698, -0.21553220987795718, 0.47222293105807706, -0.6554996535418203, -0.7482657711663612, -0.17090905112788898, -0.007991176501435687, 0.602256637645082, 0.43625040104118334, 0.0689893390003033, -0.11244410453343577], [-0.6250325240197943, -0.529780229981907, 0.22197970560349806, -0.12968829624171452, 0.5165501987588295, 0.020010478887997108, -0.3902868598132266, 0.22169551766985118, 0.1992822245196354, -0.4690617213415279, 0.6478772065686722, -0.014622795500505766], [-0.44566800236737464, -0.07888646053790563, -0.7109242761517907, -0.5047179791331075, -0.1587601418530656, 0.32519468308918126, 0.5843175752723838, 0.553398177118389, 0.15861637856410113, 0.18318148521161487, -0.15627699167322207, -0.13018972826368608]], "inverted": false, "swapped": true, "error_lsq": 0.039698541483180146, "error_max": 0.2319086141199015, "target": "763.xyz", "model": "5.xyz", "model_rescale": 3.6523030999806103, "target_rescale": 3.998386036639009},
{"mapping": [0, 7, 5, 2, 4, 3, 11, 10, 9, 8, 1, 6, 12], "R": [[-0.1458838496817484, -0.7079773584528763, 0.691003590670932], [-0.1800264827651606, -0.6678160633894946, -0.7222272294660208], [0.9727838238299602, -0.22976023458607114, -0.030031095513070705]], "T": [0.03767693797284675, -0.06616665175868386, 0.08524726554081449], "aligned_model": [[-0.8825133669677406, -0.14209036724683305, -0.5310055057911948, 0.09368742417175088, 0.33522178201036107, -0.3101867066021003, 0.48466344330165073, 0.7953467180710279, 0.4787539685763571, -0.03187094805350963, -0.44233099725585734, 0.23491120943191493, -0.04508200836499381], [0.04234381927215175, -0.5518375128070219, -0.3996056795759343, 0.6775319406865903, 0.21665796527179193, 0.0546179304299825, -0.4303515351626027, 0.0825671690336352, -0.6236388008177328, -0.36752475745038504, 0.4102544530872025, 0.250162689693075, -0.10206573570420499], [-0.27341554388987077, -0.3604270442413452, 0.25648459461829426, -0.056127637606096986, -0.31551314132989117, -0.503856012702079, -0.5796899028405267, 0.19699607558139423, 0.21692388183284045, 0.6836196298338736, 0.24333008866952704, 0.6178435967061887, 0.030557753009355253]], "inverted": true, "swapped": false, "error_lsq": 0.0461900344681944, "error_max": 0.26711305168705163, "target": "763.xyz", "model": "6.xyz", "model_rescale": 4.08911054899281, "target_rescale": 3.998386036639009},
{"mapping": [5, 12, 10, 6, 2, 7, 13, 1, 11, 8, 4, 3, 14], "R": [[-0.4392931633752061, 0.8797710695878872, -0.18172611735243185], [-0.0334908828382548, 0.18611098143543447, 0.9819577706581144], [0.8977192642349385, 0.43745350347816936, -0.052292971957582146]], "T": [0.042770905243215335, -0.060669462266360295, 0.05698704167557903], "aligned_model": [[-0.6862375596766025, -0.20090267177067772, -0.3915576435209366, 0.06662085897393555, 0.5147156655418111, -0.17452783256919172, 0.32419760294779165, 0.7750294807148751, 0.21792580755954793, -0.16280198715797428, -0.4972128995413204, 0.09331708648048379, 0.15893873729909097], [-0.044410564862432576, -0.6026591502962836, -0.590704402529178, 0.4332019270331307, 0.35923499786884383, 0.2643151351631957, -0.3763590858070155, -0.09488570057380022, -0.6146745993277191, -0.15352737044487672, 0.27177791625975656, 0.5259664256970554, -0.1181635822241289], [-0.16388291081635126, -0.3365511190479753, 0.279914322040725, -0.011315205665987947, -0.44409970817570016, -0.6111860156352761, -0.5405358430405464, 0.0330561716600687, 0.1402344516132927, 0.7006221619755073, 0.3647949700721428, 0.5859056127065815, 0.15976944995518255]], "inverted": true, "swapped": false, "error_lsq": 0.04582541751071102, "error_max": 0.25369495517474605, "target": "763.xyz", "model": "7.xyz", "model_rescale": 3.964800864290218, "target_rescale": 3.998386036639009},
{"mapping": [11, 4, 6, 8, 7, 12, 2, 1, 0, 3, 10, 5, 13], "R": [[0.372699462907017, -0.6732344498101107, -0.6386317295105987], [0.2634363261412908, -0.5831382869188959, 0.7684731878201574], [-0.8897732365147878, -0.45464834093854645, -0.039980916245461684]], "T": [0.0011935476417335236, -0.08289727289287506, 0.013211469143852248], "aligned_model": [[-0.7943029719670001, -0.30040077597093373, -0.3612965772505971, 0.14882782315189225, 0.44599861063227403, -0.1844656849712685, 0.34004590298653603, 0.7395353432236327, 0.39822290034037355, -0.009939120569459385, -0.4890036969478505, 0.10834515734053285, -0.004062264717299327], [-0.10749689918688536, -0.5358180972816526, -0.518466508263751, 0.6715507038561452, 0.1872852512176082, 0.2087050421016049, -0.5077115395404737, 0.047986014086127474, -0.6124414241557524, -0.39221381091586305, 0.3827057994794755, 0.4415088963036027, -0.006481481743638565], [-0.21855019759650143, -0.4328793128876193, 0.1372524854751916, 0.00484770915322273, -0.47258995589006236, -0.6584831612679001, -0.3653656668324697, 0.04220887004227257, 0.2872736107864384, 0.6690788632917698, 0.48017447988607237, 0.6555411549096682, 0.028217458571580603]], "inverted": false, "swapped": false, "error_lsq": 0.0368036864031904, "error_max": 0.18729982538222983, "target": "763.xyz", "model": "8.xyz", "model_rescale": 4.121658175737393, "target_rescale": 3.998386036639009},
{"mapping": [9, 5, 4, 8, 11, 7, 10, 3, 0, 1, 6, 2, 12], "R": [[0.18001662643257632, 0.9174245813700501, -0.35486074973970105], [0.9833009186971289, -0.17762761734115406, 0.03959460628781536], [-0.0267080043660477, -0.35606258867745855, -0.9340803581315101]], "T": [0.009120515846987696, -0.018513403308289544, -0.03635740126993347], "aligned_model": [[-0.8081770070954534, -0.09869787342797542, -0.5261462200054523, -0.0015989464221604303, 0.38341197104558133, -0.24062377905676752, 0.5238259844525971, 0.7939246568444922, 0.24302265574991413, -0.10561469933138037, -0.4989034976503456, 0.3831337539871347, -0.010052353809351813], [-0.06823866875543813, -0.5291612736248652, -0.6289096594771186, 0.7040713800124921, 0.30283444140927407, 0.23748564679587048, -0.41479013868716075, 0.016096438328947443, -0.6745749379961057, -0.1847624157077769, 0.34593713795897885, 0.19514761029134559, -0.042023614591895755], [-0.18716182429295958, -0.36701107772170805, 0.32285541818905544, 0.05479994494647889, -0.4359491226734179, -0.6084615734466439, -0.4294526316916585, 0.03826572252582148, 0.3292890054868913, 0.6225271197105638, 0.26242254245793734, 0.5084448746269133, 0.04615793952438934]], "inverted": false, "swapped": false, "error_lsq": 0.04062062274621204, "error_max": 0.24439571882219704, "target": "763.xyz", "model": "9.xyz", "model_rescale": 3.833441315466971, "target_rescale": 3.998386036639009},
{"mapping": [11, 8, 10, 6, 3, 7, 2, 5, 13, 0, 12, 1, 14], "R": [[-0.9643510365654688, -0.2642602102641201, 0.013914724081661292], [-0.07436128535240645, 0.22014867161246748, -0.9726278638965696], [0.2539635357996177, -0.9389894055091511, -0.23195132857073125]], "T": [-0.008468512673915176, 0.019866330768175906, -0.004351008521441524], "aligned_model": [[-0.6507337968132634, -0.33265717160905334, -0.543524277601876, 0.04369220700015517, 0.43551890318595315, -0.26825166161775954, 0.5014331311769209, 0.622647567290864, 0.43517545591008894, 0.07067494926503898, -0.4217876443316494, 0.12451056428647563, 0.020806419138937958], [0.00725368954293186, -0.5962511764566161, -0.5447541017034578, 0.6828922366248195, 0.19642219003658115, 0.1997664357562296, -0.3848914576995608, -0.04645059570144596, -0.5938829193458475, -0.26811887003805646, 0.3128272179071193, 0.292526077363718, 0.0017732196701329417], [-0.23385766880452777, -0.35486533502705686, 0.26149338049734105, 0.13314617519871957, -0.729626854571552, -0.5909195420551827, -0.3090175495143059, 0.2295929171114414, 0.24500501915417705, 0.607714182657225, 0.32177974949324273, 0.6691340771271141, -0.09285221362497216]], "inverted": false, "swapped": false, "error_lsq": 0.04366903313938178, "error_max": 0.2869240780975792, "target": "763.xyz", "model": "10.xyz", "model_rescale": 4.2482417240324, "target_rescale": 3.998386036639009},
{"mapping": [11, 7, 4, 6, 10, 0, 3, 1, 8, 2, 9, 12], "R": [[0.08305680559923945, -0.46114913543301905, -0.8834268741288265], [-0.9956080007305361, 3.127039647388141e-05, -0.09362001871131825], [0.043200415796557146, 0.8873226436373309, -0.4591211715478423]], "T": [0.012676381802868383, 0.0825902906742844, 0.05882038895710948], "aligned_model": [[-0.6305202885113316, -0.05891120037360703, 0.3344700845168093, 0.6191809880117402, -0.5511551524925702, 0.07231069741032829, -0.25851814273493007, 0.5777437913145237, 0.10534944310005205, -0.007119989142316721, -0.42063310334371523, 0.09456847460802385], [-0.21805378249910512, -0.6682658520957218, -0.3840926893850087, -0.3728920021749859, 0.5228532700505406, 0.8360150678373426, 0.03513447453214265, 0.4086640987647131, -0.2971793104686906, 0.5681587046611146, 0.14920897507107642, 0.08658043575722198], [0.17253005543911998, 0.09296634094449255, 0.5821921817565029, -0.11347805946230946, 0.055965582982040275, 0.10685311569104702, 0.6192187428312209, -0.27673115790064673, -0.5943420338965235, -0.54506831282767, -0.5163772049722397, -0.01853696073067756]], "inverted": false, "swapped": true, "error_lsq": 0.04129305966281894, "error_max": 0.22280507658498486, "target": "763.xyz", "model": "11.xyz", "model_rescale": 3.6694154284099745, "target_rescale": 3.998386036639009},
{"mapping": [1, 4, 3, 12, 5, 0, 6, 7, 11, 8, 2, 10, 13], "R": [[0.23794456860887425, 0.5701546078128021, -0.7863244276120172], [0.9700559163384105, -0.18011219450280536, 0.16294513361322038], [-0.04872269949811242, -0.8015505726909646, -0.5959385689585827]], "T": [0.10148374545434348, -0.043377804297828164, 0.030346398498608547], "aligned_model": [[-0.7173914344770049, -0.30436868138762085, -0.628564088747174, -0.03432491057813085, 0.5567584573353154, -0.13658476043068724, 0.4123865122129271, 0.7944934149414269, 0.3380318933051658, -0.12980585300802722, -0.3872309485888889, 0.2487634720960784, 0.025341572607452956], [0.10585935738981278, -0.59072270083374, -0.4514895659555129, 0.6190128830287934, 0.3385408810246095, 0.004996763143450794, -0.30806698808295485, 0.19095949250299804, -0.726307487978731, -0.390571904538206, 0.1521912557352899, 0.35989315768722707, -0.045183197166489025], [-0.1234235704985287, -0.258402664898785, 0.23461056661836363, -0.037204223675490415, -0.5094997342095554, -0.6417556414893657, -0.36097691931249654, 0.16068805644045345, 0.18094742705725309, 0.6616618740831055, 0.41664196406506604, 0.4985450749687864, -0.06510587150714317]], "inverted": true, "swapped": false, "error_lsq": 0.03269171341340184, "error_max": 0.1593204893937874, "target": "763.xyz", "model": "12.xyz", "model_rescale": 3.9764082729961374, "target_rescale": 3.998386036639009},
{"mapping": [12, 9, 5, 11, 8, 1, 7, 3, 4, 6, 13, 14, 15], "R": [[-0.6820370557296168, 0.7298811005804412, -0.04581521174413483], [-0.33610880479692196, -0.2572049809441927, 0.9060223336736697], [0.6495046773885933, 0.6333397009449051, 0.4207427922821233]], "T": [-0.05337975262719164, -0.09101638160847747, -0.06748701884777975], "aligned_model": [[-0.6508978274015572, -0.4223381619197614, -0.4649072217407611, 0.17253266835631073, 0.3510932710882565, -0.273704551736466, 0.5781675953313417, 0.7230020944193826, 0.24672550743094918, -0.11966162365394917, -0.36256727464714056, 0.22368797597847873, 0.036372193775749], [0.10412068515857917, -0.47409173325047116, -0.7779580097984324, 0.6621579796692921, 0.33942608073761316, 0.06533369937445888, -0.45427144173033795, 0.21106069935924165, -0.676516625665701, -0.21111647614383725, 0.2645234383313624, 0.3226261632721892, -0.11618251335740892], [-0.17751978869273616, -0.34788333425559975, 0.1806666582546001, 0.04313241122039266, -0.4557829064701778, -0.6422341052562999, -0.26805473186609463, 0.0526134059815421, 0.22059286395141087, 0.6840723511057999, 0.3229935297730304, 0.5577660166546557, -0.01363603275886021]], "inverted": false, "swapped": false, "error_lsq": 0.041768758136099086, "error_max": 0.2645365879826188, "target": "763.xyz", "model": "13.xyz", "model_rescale": 4.170626492500431, "target_rescale": 3.998386036639009},
{"mapping": [8, 10, 12, 0, 1, 7, 9, 3, 11, 5, 4, 2, 13], "R": [[0.8173316395283616, 0.5760279206509913, 0.012681705578352964], [-0.24027797861782568, 0.320762443726379, 0.9161757187821633], [0.5236749793690858, -0.7518665369100936, 0.4005761184314546]], "T": [0.03448069656582523, 0.00874493111237045, 0.07350237398493197], "aligned_model": [[-0.6723057145055801, -0.17424781295907218, -0.5073439787302244, 0.040156943043938575, 0.47740656633229855, -0.25104230480054707, 0.4390720707319908, 0.7103939630540554, 0.36440902404223474, -0.11419279794692017, -0.5050567012541651, 0.167461667776582, 0.06279372049624174], [0.05330325494186668, -0.3685144476978704, -0.46036909018709316, 0.5493453365741108, 0.23023158870086224, 0.20371371272316757, -0.4608137992536507, 0.03371662454160664, -0.601780049903586, -0.6210880192741233, 0.2323658170419646, 0.5385852562685404, -0.0695842385192485], [-0.15015767543657693, -0.2904153026756766, 0.2220425283094437, -0.1786431958123662, -0.5143537345120689, -0.6599099198694511, -0.44815542299625255, 0.2076339330691776, 0.20791292943066625, 0.7125848999493338, 0.4759402279732436, 0.4402685915821806, 0.13197847863001014]], "inverted": true, "swapped": false, "error_lsq": 0.042776456408129104, "error_max": 0.3190125167751127, "target": "763.xyz", "model": "14.xyz", "model_rescale": 3.9786697098870705, "target_rescale": 3.998386036639009},
{"mapping": [5, 0, 4, 6, 3, 11, 2, 9, 7, 1, 10, 12], "R": [[0.9949170062189803, -0.026724004690768847, -0.09708747761451736], [0.08666971836123075, 0.718132035825409, 0.6904887682217856], [0.05126900287158498, -0.6953935624483029, 0.7167979371133906]], "T": [0.06576952558778815, 0.01620278240750979, -0.028055466166509637], "aligned_model": [[-0.08867400128901742, -0.6598417343526687, 0.6153704025497331, 0.6114190135953536, 0.09911046653193298, 0.2518551750446219, -0.45292766879916546, -0.11464745636480797, 0.7919460135073751, -0.17355754787687902, -0.46841290796028234, 0.07171484218114077], [-0.3410867554549462, -0.13763320976448984, -0.04437210434129017, -0.5373281712644876, 0.45818620213517375, 0.6991306545266242, -0.23420963389373328, 0.2245146466715412, 0.2074361007445371, -0.6694564693302768, 0.4754360658649249, -0.08594283566913803], [-0.5985592205690567, -0.1808136942223174, -0.5661370432711835, 0.0014204790023395787, -0.4678098043970855, 0.09843704838710796, 0.4906901240844988, 0.640602376770242, 0.05051425729636751, 0.07593534413255362, 0.09644175888667719, 0.019244867773686367]], "inverted": false, "swapped": true, "error_lsq": 0.0564792755617082, "error_max": 0.3456208016291573, "target": "763.xyz", "model": "15.xyz", "model_rescale": 3.769337070930944, "target_rescale": 3.998386036639009},
{"mapping": [6, 1, 7, 8, 4, 5, 3, 0, 11, 9, 12], "R": [[0.23687342940086287, -0.9265341562468956, 0.2922763003593144], [-0.7869625911315798, -0.35939677099816103, -0.5015215261138506], [0.569719982625978, -0.11121339084817575, -0.8142792660338999]], "T": [0.04032690722079729, 0.020737948166260428, 0.07583738274836228], "aligned_model": [[-0.3570490376328734, -0.29795555829931103, -0.11150055201970563, -0.6950807197794038, 0.35190690515321227, 0.41190545767048087, 0.609208875590562, 0.27283513624455946, 0.19016638640380082, -0.40454452646631306, -0.04726623617383824], [0.04826847621505284, -0.5982757451320019, 0.6873750272666757, 0.20565219271382246, 0.297606849516062, -0.41701991037308883, 0.2762494996772329, -0.6314581782305415, 0.6338849723064992, 0.13034664943690777, -0.036565335771278656], [-0.5922443040658727, -0.12567481848104511, -0.24450478194977765, 0.009378815325856868, -0.5734112143507861, -0.3079341492602936, 0.10636593918345687, 0.3825822693038052, 0.42024638517882396, 0.6354111233633114, 0.03400234297629745]], "inverted": true, "swapped": true, "error_lsq": 0.036801744842452806, "error_max": 0.18098210396492131, "target": "763.xyz", "model": "16.xyz", "model_rescale": 3.7852294659196426, "target_rescale": 3.998386036639009},
{"mapping": [2, 3, 1, 11, 9, 8, 0, 10, 4, 5, 7, 6, 12], "R": [[0.15049458581971148, -0.695640122694247, 0.702450140107386], [-0.609755094805402, -0.6246081450332905, -0.4879174003014518], [0.7781709992012095, -0.3548936247046498, -0.5181702530502754]], "T": [-0.0404587464258739, -0.09576986838438817, -0.02440290265972332], "aligned_model": [[-0.6327874657477788, -0.40219626206176595, -0.498021342391739, -0.1461425566637548, 0.5530560333295808, -0.062212291934302534, 0.35292349066678314, 0.6814362528635354, 0.3357589553753132, -0.011666160127590579, -0.3831783300780399, 0.22490747096080246, 0.02562685108978962], [0.03769256055733275, -0.6368679073630759, -0.5290508076711331, 0.6253467479711632, 0.2705601988832092, 0.1575422056454095, -0.49565357746456673, 0.16389380385658758, -0.6294291480875577, -0.32905539787285093, 0.26710586553052307, 0.39018022258499974, -0.033152820613492964], [-0.09803366632354164, -0.481408650060724, 0.2533708410073914, -0.10658460562819287, -0.5350929001527162, -0.6240408664854008, -0.41310663365670913, 0.2219656476838926, 0.2502872848747454, 0.5895660373249686, 0.46782823602760293, 0.6690136501126456, -0.037038037082299]], "inverted": true, "swapped": false, "error_lsq": 0.03611592768040375, "error_max": 0.21626717618489807, "target": "763.xyz", "model": "17.xyz", "model_rescale": 3.901054581598922, "target_rescale": 3.998386036639009},
{"mapping": [2, 5, 13, 1, 4, 8, 10, 6, 11, 12, 3, 7, 14], "R": [[0.4959713305860384, -0.7059021167192798, 0.5056823517268082], [0.060136875735365136, -0.5530346518857435, -0.8309850961301317], [0.8662540016724335, 0.44255494057219047, -0.23183858428148008]], "T": [-0.009029292086756957, -0.04778408913124706, -0.02616893863169728], "aligned_model": [[-0.8120409795867877, -0.3563426768019024, -0.5644226299448967, 0.23061915832367294, 0.4346827512660261, -0.2134689645135887, 0.5208952982516445, 0.6699085875550883, 0.5417948185817061, -0.047340721012380446, -0.5461900780691817, 0.1833732567209173, -0.003963175489485058], [0.074588408323345, -0.4191010415382494, -0.4800397509315376, 0.6065692634888127, 0.17913411930356182, 0.17999603584793678, -0.5170833857699166, 0.1491237443187628, -0.4608266834220535, -0.3127615718575344, 0.06891569001916324, 0.2786716441361178, -0.08807452596186092], [-0.1808793248156486, -0.388912898813677, 0.15326205480301006, -0.0348786783869274, -0.6403364395418665, -0.6150143233825247, -0.4401639227293171, 0.2268061707834374, 0.37721624123302344, 0.6668637244794493, 0.5041567547509298, 0.5179679349823063, 0.010639044279468206]], "inverted": false, "swapped": false, "error_lsq": 0.0429883660959786, "error_max": 0.27441237158431614, "target": "763.xyz", "model": "18.xyz", "model_rescale": 3.9405287249114394, "target_rescale": 3.998386036639009},
{"mapping": [2, 1, 6, 11, 14, 10, 12, 13, 4, 8, 5, 9, 15], "R": [[-0.5688841694523987, 0.3472480833911383, 0.7455129578536082], [0.7496953956119234, 0.5916478889328826, 0.2964955131524683], [-0.33812366900992963, 0.7275792356179807, -0.5969094071572494]], "T": [0.12426678259884648, -0.1699510637303117, -0.0024995514772496574], "aligned_model": [[-0.6946710734008759, -0.265059410580076, -0.5540547106530531, 0.11342108840816383, 0.44762860679245, -0.21006335745883398, 0.4536028974776121, 0.6684435201332634, 0.5257916699292657, -0.23840044308843467, -0.4855749386199223, 0.18465976179370053, 0.09178103454757344], [0.060757191255583015, -0.6106638038566314, -0.40394774957888935, 0.5501619867454934, 0.2321652065502378, 0.3157417289594401, -0.44593991343391365, 0.2235696668897223, -0.7108507042201313, -0.34854503888992805, 0.20175499618719778, 0.3467373571431733, -0.15182897779480686], [-0.17981219091671022, -0.3020272129287389, 0.2058486148132535, -0.02558130513179714, -0.5799756097740685, -0.5223359733685672, -0.34236267169660495, 0.016019581079111125, 0.28187761425227315, 0.6369133284250355, 0.42316501463132145, 0.5617659983800578, -0.016768850122902405]], "inverted": false, "swapped": false, "error_lsq": 0.036861730490134186, "error_max": 0.20836019374551332, "target": "763.xyz", "model": "19.xyz", "model_rescale": 4.410303926677745, "target_rescale": 3.998386036639009},
{"mapping": [11, 4, 6, 8, 7, 12, 2, 1, 0, 3, 10, 5, 13], "R": [[0.372699462907017, -0.6732344498101107, -0.6386317295105987], [0.2634363261412908, -0.5831382869188959, 0.7684731878201574], [-0.8897732365147878, -0.45464834093854645, -0.039980916245461684]], "T": [0.0011935476417335236, -0.08289727289287506, 0.013211469143852248], "aligned_model": [[-0.7943029719670001, -0.30040077597093373, -0.3612965772505971, 0.14882782315189225, 0.44599861063227403, -0.1844656849712685, 0.34004590298653603, 0.7395353432236327, 0.39822290034037355, -0.009939120569459385, -0.4890036969478505, 0.10834515734053285, -0.004062264717299327], [-0.10749689918688536, -0.5358180972816526, -0.518466508263751, 0.6715507038561452, 0.1872852512176082, 0.2087050421016049, -0.5077115395404737, 0.047986014086127474, -0.6124414241557524, -0.39221381091586305, 0.3827057994794755, 0.4415088963036027, -0.006481481743638565], [-0.21855019759650143, -0.4328793128876193, 0.1372524854751916, 0.00484770915322273, -0.47258995589006236, -0.6584831612679001, -0.3653656668324697, 0.04220887004227257, 0.2872736107864384, 0.6690788632917698, 0.48017447988607237, 0.6555411549096682, 0.028217458571580603]], "inverted": false, "swapped": false, "error_lsq": 0.0368036864031904, "error_max": 0.18729982538222983, "target": "763.xyz", "model": "20.xyz", "model_rescale": 4.121658175737393, "target_rescale": 3.998386036639009},
{"mapping": [0, 7, 5, 2, 4, 3, 11, 10, 9, 8, 1, 6, 12], "R": [[-0.1458838496817484, -0.7079773584528763, 0.691003590670932], [-0.1800264827651606, -0.6678160633894946, -0.7222272294660208], [0.9727838238299602, -0.22976023458607114, -0.030031095513070705]], "T": [0.03767693797284675, -0.06616665175868386, 0.08524726554081449], "aligned_model": [[-0.8825133669677406, -0.14209036724683305, -0.5310055057911948, 0.09368742417175088, 0.33522178201036107, -0.3101867066021003, 0.48466344330165073, 0.7953467180710279, 0.4787539685763571, -0.03187094805350963, -0.44233099725585734, 0.23491120943191493, -0.04508200836499381], [0.04234381927215175, -0.5518375128070219, -0.3996056795759343, 0.6775319406865903, 0.21665796527179193, 0.0546179304299825, -0.4303515351626027, 0.0825671690336352, -0.6236388008177328, -0.36752475745038504, 0.4102544530872025, 0.250162689693075, -0.10206573570420499], [-0.27341554388987077, -0.3604270442413452, 0.25648459461829426, -0.056127637606096986, -0.31551314132989117, -0.503856012702079, -0.5796899028405267, 0.19699607558139423, 0.21692388183284045, 0.6836196298338736, 0.24333008866952704, 0.6178435967061887, 0.030557753009355253]], "inverted": true, "swapped": false, "error_lsq": 0.0461900344681944, "error_max": 0.26711305168705163, "target": "763.xyz", "model": "21.xyz", "model_rescale": 4.08911054899281, "target_rescale": 3.998386036639009},
{"mapping": [12, 9, 10, 4, 2, 14, 11, 1, 8, 6, 7, 0, 16], "R": [[0.8890418558467993, 0.37553151314329897, -0.26187909650978886], [-0.3981871721697538, 0.9165380308830761, -0.03748351456878747], [0.22594591050057528, 0.1376013102454982, 0.9643725032096199]], "T": [0.0018481396526928962, -0.05242548029414252, -0.07086807950037939], "aligned_model": [[-0.7123653821993788, -0.41705221893752503, -0.5921020775946323, 0.11106617945189373, 0.4646872228936154, -0.27034519373620963, 0.5086638802169777, 0.786419076286531, 0.42442783718236526, 0.017693767353681274, -0.4779971792665655, 0.20022757246108633, -0.005818838831006709], [0.028274714272836017, -0.5070413477406516, -0.5061621833252796, 0.6330238251498164, 0.41688334670335586, 0.07652026699059095, -0.5807827362422401, -0.008176110057255215, -0.4905030959905513, -0.24522744176570818, 0.08458439903634346, 0.3707180127423494, -0.012999703817058263], [-0.23926056696522197, -0.42497895790058243, 0.23323971877060462, -0.0036159024607205353, -0.36545768776955645, -0.637530562344341, -0.2941827576156336, 0.040885309214148596, 0.2612108567806702, 0.6489516536876232, 0.4358596095857357, 0.5469300939501179, -0.04532446929118103]], "inverted": true, "swapped": false, "error_lsq": 0.03564954632534981, "error_max": 0.19100019587950032, "target": "763.xyz", "model": "22.xyz", "model_rescale": 4.204369325754507, "target_rescale": 3.998386036639009},
{"mapping": [2, 1, 6, 11, 14, 10, 12, 13, 4, 8, 5, 9, 15], "R": [[-0.5688841694523987, 0.3472480833911383, 0.7455129578536082], [0.7496953956119234, 0.5916478889328826, 0.2964955131524683], [-0.33812366900992963, 0.7275792356179807, -0.5969094071572494]], "T": [0.12426678259884648, -0.1699510637303117, -0.0024995514772496574], "aligned_model": [[-0.6946710734008759, -0.265059410580076, -0.5540547106530531, 0.11342108840816383, 0.44762860679245, -0.21006335745883398, 0.4536028974776121, 0.6684435201332634, 0.5257916699292657, -0.23840044308843467, -0.4855749386199223, 0.18465976179370053, 0.09178103454757344], [0.060757191255583015, -0.6106638038566314, -0.40394774957888935, 0.5501619867454934, 0.2321652065502378, 0.3157417289594401, -0.44593991343391365, 0.2235696668897223, -0.7108507042201313, -0.34854503888992805, 0.20175499618719778, 0.3467373571431733, -0.15182897779480686], [-0.17981219091671022, -0.3020272129287389, 0.2058486148132535, -0.02558130513179714, -0.5799756097740685, -0.5223359733685672, -0.34236267169660495, 0.016019581079111125, 0.28187761425227315, 0.6369133284250355, 0.42316501463132145, 0.5617659983800578, -0.016768850122902405]], "inverted": false, "swapped": false, "error_lsq": 0.036861730490134186, "error_max": 0.20836019374551332, "target": "763.xyz", "model": "23.xyz", "model_rescale": 4.410303926677745, "target_rescale": 3.998386036639009},
{"mapping": [5, 0, 12, 9, 10, 4, 1, 11, 7, 13, 6, 14, 16], "R": [[-0.9914691108410681, 0.04803156516484029, 0.1211691833587962], [-0.09574125360977213, 0.36244050084567153, -0.9270763160085411], [-0.08844554598876739, -0.9307684202284447, -0.35474995884452803]], "T": [0.01209529731038578, 0.021431192751984345, -0.034205807632763714], "aligned_model": [[-0.6086849673752457, -0.25206976630417316, -0.5534820279611259, 0.25934753360944174, 0.3969814924214747, -0.28504527240060734, 0.596603172625751, 0.612916585636782, 0.27095279839800984, -0.07140882700008416, -0.49496777319457147, 0.13759128081360789, 0.028770416011573666], [0.0671675730381515, -0.6450511550639672, -0.49535078225424245, 0.5968160514104204, 0.2871697736090051, 0.18952250360899642, -0.4898951582289779, 0.09436209867941428, -0.5512224059705666, -0.22014636811120228, 0.10288160832207988, 0.3637569602085926, -0.0408987532911564], [-0.12443928214798397, -0.2717008819004644, 0.2091756095524514, -0.019421366482977966, -0.48700771766917295, -0.6319826606785707, -0.39921437747345756, 0.1513106311676203, 0.18256952925563835, 0.6206636199172418, 0.5262859069298522, 0.5360694040628164, -0.13558207689132995]], "inverted": true, "swapped": false, "error_lsq": 0.03701691905600369, "error_max": 0.21204382598282578, "target": "763.xyz", "model": "24.xyz", "model_rescale": 4.28219845311461, "target_rescale": 3.998386036639009},
{"mapping": [5, 11, 9, 0, 6, 8, 14, 2, 13, 7, 3, 4, 15], "R": [[-0.3220927298001745, -0.9404770450373134, 0.10843985045985094], [0.4146541316591388, -0.03717417535852102, 0.909219462937535], [-0.8510688717770598, 0.33781801083467555, 0.4019462240745964]], "T": [-0.015203291776593743, -0.12460047929150064, 0.01286253233512231], "aligned_model": [[-0.7820557424331778, -0.1821609227330831, -0.5051526897419875, 0.35602703831007043, 0.40789825817244135, -0.2632653826056341, 0.48277267836863724, 0.6598206550749328, 0.3324230747965439, -0.10239600646596461, -0.5344016503897641, 0.14754436644390895, 0.020450968483908892], [-0.056416301896706406, -0.5144530072079394, -0.523192350884617, 0.6018575084787264, 0.3570337173855007, 0.20182244916700265, -0.45086522785924693, -0.011241491498050205, -0.4782678312831557, -0.3327948915394259, 0.21103789957734576, 0.3145054830645801, -0.05991400954746663], [-0.3512376156861717, -0.3286301135463863, 0.25358600691148037, 0.013865559944493186, -0.6205494299635426, -0.5473689624944023, -0.4622331126613039, 0.02936815111634345, 0.33995849735972145, 0.7575762511318582, 0.479580099931958, 0.5744208343775681, 0.018390171220047928]], "inverted": true, "swapped": false, "error_lsq": 0.042391900010500964, "error_max": 0.3089690061912875, "target": "763.xyz", "model": "25.xyz", "model_rescale": 4.100010024507729, "target_rescale": 3.998386036639009},
{"mapping": [11, 7, 4, 6, 10, 0, 3, 1, 8, 2, 9, 12], "R": [[0.08305680559923945, -0.46114913543301905, -0.8834268741288265], [-0.9956080007305361, 3.127039647388141e-05, -0.09362001871131825], [0.043200415796557146, 0.8873226436373309, -0.4591211715478423]], "T": [0.012676381802868383, 0.0825902906742844, 0.05882038895710948], "aligned_model": [[-0.6305202885113316, -0.05891120037360703, 0.3344700845168093, 0.6191809880117402, -0.5511551524925702, 0.07231069741032829, -0.25851814273493007, 0.5777437913145237, 0.10534944310005205, -0.007119989142316721, -0.42063310334371523, 0.09456847460802385], [-0.21805378249910512, -0.6682658520957218, -0.3840926893850087, -0.3728920021749859, 0.5228532700505406, 0.8360150678373426, 0.03513447453214265, 0.4086640987647131, -0.2971793104686906, 0.5681587046611146, 0.14920897507107642, 0.08658043575722198], [0.17253005543911998, 0.09296634094449255, 0.5821921817565029, -0.11347805946230946, 0.055965582982040275, 0.10685311569104702, 0.6192187428312209, -0.27673115790064673, -0.5943420338965235, -0.54506831282767, -0.5163772049722397, -0.01853696073067756]], "inverted": false, "swapped": true, "error_lsq": 0.04129305966281894, "error_max": 0.22280507658498486, "target": "763.xyz", "model": "26.xyz", "model_rescale": 3.6694154284099745, "target_rescale": 3.998386036639009},
{"mapping": [3, 6, 12, 8, 5, 7, 0, 4, 2, 11, 9, 10, 13], "R": [[0.9957339277379849, -0.038963117756534604, 0.08364102226883813], [-0.04068342310236811, -0.9989921394722583, 0.01896218229303162], [0.08281789804238912, -0.022284091350801775, -0.9963155198211607]], "T": [0.023677536813127252, -0.012890439944957387, -0.044129423579413296], "aligned_model": [[-0.7462293831887469, -0.21274860329060735, -0.518246283607666, 0.2048625872942071, 0.3534651346111889, -0.31550876603408057, 0.5509015501354898, 0.7982337051682203, 0.2848566182034051, -0.1636313256364841, -0.4674374096650302, 0.22152947332750905, 0.047457347963427605], [-0.05321057748795778, -0.6145757317322514, -0.500353516798087, 0.5942422253206263, 0.20488091749742066, 0.3219389093903006, -0.3004752540447369, 0.1287637572660311, -0.5789279177790135, -0.3603782059460325, 0.30296342761649375, 0.17440701700975073, -0.060163104355996255], [-0.2858913754562213, -0.27492786752321396, 0.2696079425771558, 0.0390516841297692, -0.7295448275042435, -0.45518961808018676, -0.3202872726596052, 0.1915131034918126, 0.2270102218704435, 0.7176731176165363, 0.307873387719847, 0.49221467653584394, -0.022376835076274186]], "inverted": true, "swapped": false, "error_lsq": 0.04815325367040228, "error_max": 0.31613396481984896, "target": "763.xyz", "model": "27.xyz", "model_rescale": 4.103607728864725, "target_rescale": 3.998386036639009},
{"mapping": [3, 0, 9, 13, 4, 2, 1, 8, 5, 6, 10, 11, 14], "R": [[-0.621786012569986, -0.7495069681616118, -0.2272035634612845], [-0.6907884580516268, 0.661542379628254, -0.291844112804153], [0.36904398219585327, -0.024514987925263826, -0.9290885612104215]], "T": [-0.07567998087560607, 0.03565938253067865, 0.11494366133329884], "aligned_model": [[-0.6374688158196464, -0.23464232527757337, -0.5110106006534656, 0.15860043552565006, 0.4554845297780275, -0.1008633978329612, 0.34620777559103294, 0.7259414966391617, 0.1305581033696009, -0.00868634044720984, -0.49856384670865417, 0.2553478005228202, -0.04340016940595035], [-0.053860790117379855, -0.50607141537926, -0.5806527576945396, 0.6352193944430393, 0.39226037533375235, 0.14464305820878381, -0.47578381719773616, 0.18574467431619093, -0.6469510582091931, -0.2336143334179506, 0.11335693750479517, 0.32795533733510435, -0.04313365916905925], [-0.374862725097185, -0.3220351214922961, 0.4323873939030677, 0.040694004363012654, -0.5271694764301842, -0.6122489267602012, -0.48779791386288396, 0.030342309196835004, 0.2781896388692058, 0.6843914472568523, 0.38863619370291425, 0.6412942253176954, -0.015094711325170346]], "inverted": true, "swapped": false, "error_lsq": 0.04404820228568574, "error_max": 0.26197196981209714, "target": "763.xyz", "model": "28.xyz", "model_rescale": 4.137296879288765, "target_rescale": 3.998386036639009},
