[{"mapping": [2, 9, 1, 7, 6, 11, 10, 13, 3, 14, 15, 16], "R": [[0.6658520824340652, -0.6915520684706985, -0.2799941801397264], [0.3958010056282756, 0.6455418194941145, -0.6531594929478359], [0.6324417508845103, 0.3240856304715264, 0.703552368953448]], "T": [0.1049737874953125, -0.06961077930851205, -0.03476629347759154], "aligned_model": [[-0.16617197949533924, 0.050332121918671105, 0.48210332849337917, -0.062271937310742737, -0.21467249972007474, -0.5983633187847883, 0.45314465044897795, -0.20610688460529925, 0.7728182212631882, -0.030582139827961513, -0.6035862753988745, -0.03900082452058723], [-0.2629219543267379, -0.6515626449358299, -0.14776431948690094, 0.7023586739451305, 0.36435510569526836, -0.5590102315922789, -0.22880680084039073, -0.3789459333150756, -0.04409269729250538, 0.23615394765682135, 0.01707455486367561, 0.006717335605881017], [-0.4918279178401139, 0.122322249135375, -0.6130915601549642, -0.0360807757930723, -0.634944458223612, -0.004700583687965956, 0.5473751756606807, 0.6584121450081389, -0.09914055482605284, 0.464384303535936, 0.3165667882690694, -0.04732306572985636]], "inverted": false, "swapped": true, "error_lsq": 0.04673260547391251, "error_max": 0.27235436085350173, "target": "764.xyz", "model": "0.xyz", "model_rescale": 3.751011558992144, "target_rescale": 4.271952411082069},
{"mapping": [6, 2, 7, 0, 11, 14, 4, 1, 15, 10, 13, 8, 3, 5, 16], "R": [[-0.0836064251200104, -0.9534562766177339, -0.28970863683518283], [0.9084986502798762, 0.04652212680443516, -0.41529013250646296], [0.4094388453948838, -0.2979208289056672, 0.8623241916969888]], "T": [0.04406856743698664, 0.02715050934721618, 0.0021109938404879312], "aligned_model": [[-0.034653699826287195, 0.2057455013366308, -0.42433270086026864, 0.28591776910707595, -0.2297820499718585, -0.471589198937862, 0.6418343613159117, 0.6653923451203251, -0.6797318159515336, 0.026309527756101507, -0.4189995566315087, 0.6026831727054113, 0.5261110508419461, -0.07333274535146869, -0.08248574956358082], [-0.08483791051910013, -0.42339336586429177, 0.4216912284079731, 0.4638799990570303, -0.7719557438358305, 0.28430101733133983, -0.4172804144512122, 0.06332057939843942, -0.2992710879166641, 0.3350143093120176, -0.18542287943096641, -0.001508025037069153, 0.4850313126137025, 0.7045334656718216, -0.02534513491008424], [-0.7928577893003175, -0.2989958831367585, -0.49673524494149585, -0.6071703616640473, 0.14885529982820758, 0.17237396811389785, 0.0447403184714877, -0.3068279482355749, 0.05279225334627222, 0.6268985660222576, 0.6450233023985003, 0.42463711148978317, 0.09587463253634235, 0.22805697647343826, -0.08699879655001712]], "inverted": false, "swapped": true, "error_lsq": 0.04276389318305141, "error_max": 0.3339049546260255, "target": "764.xyz", "model": "1.xyz", "model_rescale": 3.9405287249114394, "target_rescale": 4.271952411082069},
{"mapping": [8, 10, 3, 15, 14, 1, 9, 13, 7, 6, 12, 2, 16], "R": [[-0.28245320765532256, -0.624090079290595, -0.7285133893184654], [-0.30254675711080936, 0.7786325312748287, -0.5497243318266763], [0.9103217262303214, 0.06513796259948257, -0.40874368567775604]], "T": [-0.08616706267539545, -0.003810635788655467, -0.042985942625479084], "aligned_model": [[-0.3134320080204003, 0.2719536843524918, -0.44154986190065526, 0.5481742670756056, 0.432330360047691, -0.7746666350083424, 0.05603362925357089, 0.6603417677797783, 0.01748095390148205, -0.4624962506601229, -0.08749857784319938, -0.3806949194116245, -0.029993130282343218], [0.6581574254832431, 0.5079697886827128, 0.34764036229214934, -0.3688905501710056, -0.14750484308703132, 0.08677707707723294, 0.44712133430295536, 0.2692175094075726, -0.6750064163663269, -0.708616661359625, -0.640964846772851, -0.16816622869358328, -0.14890135722342618], [-0.0036306458880034573, -0.35166917969551903, -0.4913124617067115, 0.2689986366457915, -0.3104391041435789, -0.06658648898267339, 0.33486299188220603, 0.1598340949041113, -0.44630096823300314, 0.0680941019604269, 0.5332751985760491, 0.4109250029310434, 0.0070691713385051605]], "inverted": true, "swapped": true, "error_lsq": 0.04298629886286231, "error_max": 0.1905915591058492, "target": "764.xyz", "model": "2.xyz", "model_rescale": 3.932901565614263, "target_rescale": 4.271952411082069},
{"mapping": [14, 15, 13, 7, 10, 8, 9, 3, 0, 1, 2, 6, 4, 16], "R": [[-0.9253757516428669, 0.25172793641037317, 0.28339506753289523], [-0.033201582692831695, 0.6909413422573669, -0.7221479879264908], [-0.37759419113393433, -0.6776674018942944, -0.6310225980357176]], "T": [0.028048918066767684, -0.08604988309823194, -0.0144466684979179], "aligned_model": [[-0.12485609839496387, 0.5035962713811859, 0.2079316809439427, -0.1263076231608624, -0.38994785335623405, -0.17005914487879512, 0.2540671527295047, -0.5430406837005802, -0.31694182228879436, -0.09353618852452819, 0.47808356958105697, 0.31988045013066824, 0.2935522435154059, 0.1273879580756976], [0.07858225536283264, 0.0961171561472833, -0.4847643586982945, 0.6624445907721419, -0.5113514431946964, -0.7001239325365647, -0.6441308605102114, -0.24216236964330595, 0.4508496052915827, -0.09255681483223901, -0.040715152878070815, 0.5848108259812008, -0.5231944212641338, 0.029691558352963734], [-0.571703441551591, -0.6257375393498706, -0.7084385475620677, -0.21404571121141144, -0.3747969081695527, 0.2595353858603993, -0.07602487889088758, 0.3022502908284956, 0.4472542976390117, 0.6696362959938709, 0.324976578320948, 0.3253977571180906, 0.5287592653853155, -0.07316648135365303]], "inverted": false, "swapped": true, "error_lsq": 0.04229660709892077, "error_max": 0.24913743173363767, "target": "764.xyz", "model": "3.xyz", "model_rescale": 3.9243930471874484, "target_rescale": 4.271952411082069},
{"mapping": [8, 9, 10, 5, 14, 1, 0, 13, 15, 12, 7, 6, 16], "R": [[-0.8168373311036512, -0.4070968558373193, -0.4087161906296749], [0.5703032000709306, -0.6764685725115271, -0.46598769339229607], [-0.0867815331987169, -0.6137282952346138, 0.7847334229686502]], "T": [-0.04438675278713572, -0.11850676469827832, -0.15881245269725525], "aligned_model": [[-0.14346818246002202, -0.091148477834642, 0.5012464918577493, 0.5514340884666618, 0.5003942985736907, -0.5549061111238685, -0.26979076301484406, 0.4597502484450073, 0.20734329570955523, -0.49159147368076156, 0.1760139159762948, -0.5149926685013906, -0.05307877610207758], [-0.5221195473970404, 0.018570487984347725, -0.33564782290436335, -0.5007710908554809, 0.07855134447511546, -0.5878471057482858, -0.5724317590003443, 0.3438366958724312, 0.631873263433016, 0.5465553139070467, -0.027284915405756824, 0.041710484649369425, 0.012834204671532026], [-0.7233295036746172, -0.7464804402650111, -0.533764631449934, -0.008633110220729823, 0.0005629025958948097, -0.11540266532395888, 0.444173936383986, -0.6116260767154722, -0.07776653802973349, 0.15061368320280244, 0.5941894174907763, 0.47646266315556834, -0.06192932177860702]], "inverted": true, "swapped": true, "error_lsq": 0.041282044094581395, "error_max": 0.23348927807923456, "target": "764.xyz", "model": "4.xyz", "model_rescale": 3.8936222436046832, "target_rescale": 4.271952411082069},
{"mapping": [4, 9, 3, 1, 5, 14, 15, 7, 6, 2, 0, 16], "R": [[0.7053403273767445, 0.038414755364886644, 0.7078271887588972], [-0.6794653998049981, -0.2479662859793636, 0.6905356554772788], [0.20204403738764898, -0.9680067291025702, -0.1487991242186658]], "T": [-0.18777495032521854, -0.11498662093795352, -0.03806663435089227], "aligned_model": [[0.10905084798862949, -0.4168059753973855, -0.285712680256666, 0.2606760494216316, -0.6598099292584316, -0.583611630943035, -0.3365831186820696, -0.023316922262823503, 0.5333135018062657, 0.2852103888984918, 0.273555634578718, -0.12841812367822814], [-0.5942814421022948, -0.6492304308919206, 0.2226591786248865, -0.01892477777888181, 0.42778922505622907, 0.1019124003239953, -0.366239699476966, 0.48501949648683707, 0.10075619096347045, -0.424795235315961, 0.5006631498561992, -0.11640515063578635], [-0.5267699897096519, -0.20676410565569076, -0.6100936624204717, -0.5600423078532255, -0.11718480230431069, 0.3585275323241813, 0.7020243490921653, 0.4486118150847131, 0.25210650539688784, -0.028164253556647933, -0.20717282835157622, 0.11420646722914518]], "inverted": true, "swapped": true, "error_lsq": 0.044527063765687824, "error_max": 0.20757124659697823, "target": "764.xyz", "model": "5.xyz", "model_rescale": 3.6523030999806103, "target_rescale": 4.271952411082069},
{"mapping": [12, 6, 7, 15, 14, 2, 0, 9, 1, 8, 5, 13, 16], "R": [[0.15938570113827222, 0.6924282630933252, 0.7036613523153181], [0.8668250850401618, 0.2429522505073779, -0.43541758797563124], [-0.47245155330232297, 0.6793506491076322, -0.5614910732498436]], "T": [0.03151982192621382, -0.03334427730168131, -0.0929073019016057], "aligned_model": [[0.15267357067234794, -0.2567685704910592, 0.16469270392103014, 0.7277812294756973, 0.5336236355336642, -0.19866788781563888, -0.51476476006266, 0.16213368343626194, -0.661675481644984, -0.25850387978596806, 0.161720548502663, 0.7617370424669925, 0.10710107045594795], [-0.49390787369963035, -0.0551576294584397, 0.4828873901012912, -0.22901277122739816, 0.2945183703301954, -0.47550279194109024, 0.4080759947261667, -0.46843670854745373, -0.07977642385463961, -0.20010662268593776, 0.6301397325671166, -0.21892782816456308, -0.05396593398243438], [0.6221081575146005, 0.6601716768122786, 0.4899130359023608, 0.23866552126220195, -0.05526901240421908, 0.17412084647315937, 0.2636999787590669, -0.4928636635192801, -0.1038209395445314, -0.7089239262837276, -0.35082020246858037, -0.4174027966548801, 0.05053106363333967]], "inverted": false, "swapped": true, "error_lsq": 0.04946885192257181, "error_max": 0.310135844822071, "target": "764.xyz", "model": "6.xyz", "model_rescale": 4.08911054899281, "target_rescale": 4.271952411082069},
{"mapping": [13, 15, 11, 10, 3, 1, 9, 2, 5, 14, 0, 7, 6, 12, 16], "R": [[0.9428132659655707, -0.25090915054137597, -0.21942594125111875], [0.3297600790393994, 0.6061510099419233, 0.7237673959348513], [-0.04859460660673444, -0.7547354180909968, 0.6542270346659066]], "T": [-0.05422830311454818, 0.005281910829292934, -0.1175145032134037], "aligned_model": [[0.07386687395229419, 0.39965180275212825, 0.7152188992498912, -0.5080771421515635, -0.6162314018264922, -0.14334934058831245, 0.14257974677909013, 0.41303618687559923, -0.7233195488646339, -0.22566234423946924, -0.3517181883064846, -0.18314075803591928, 0.28410542032157104, 0.711922249422298, 0.04745108445955781], [-0.7383813255715694, -0.6051921395360638, -0.2811121652522355, -0.37904601503400265, 0.33153081385435773, 0.6895324634886976, -0.13174794806265727, 0.32354631908452164, -0.23957770305256865, -0.5205812528357454, 0.5430524722945764, -0.09868134074996696, 0.40408791935156957, 0.048229307065253586, -0.0449005888750539], [-0.43924791160979326, 0.1155540007671528, -0.36455355241456944, -0.480513525083043, -0.2864096661452792, -0.19908289462932569, -0.6732301724305734, -0.1304074718777522, 0.009146458340299896, 0.11721320889446499, 0.37518220382440504, 0.6548085628500158, 0.4966499917453808, 0.2687665037885709, 0.00019429606212567618]], "inverted": true, "swapped": true, "error_lsq": 0.04185007559393639, "error_max": 0.2993019514647627, "target": "764.xyz", "model": "7.xyz", "model_rescale": 3.964800864290218, "target_rescale": 4.271952411082069},
{"mapping": [7, 5, 14, 6, 15, 1, 12, 10, 8, 9, 4, 11, 13, 16], "R": [[0.6912664059390093, 0.03736217077223847, 0.7216334417246411], [-0.5517994310069307, 0.6720835568559571, 0.4937824222714628], [-0.46654918707526694, -0.7395321228986823, 0.48520520941182826]], "T": [-0.013380081291183687, -0.138015159134635, 0.04036774881612549], "aligned_model": [[-0.18753282376598635, 0.4477492388445035, 0.37971922715541606, -0.7373786452464879, 0.14313351948238995, -0.46562793628962684, -0.5759021220061539, 0.6522809177867172, 0.18600583436468182, 0.22529353056500998, -0.30276578041000884, -0.06308674018126471, 0.6314068818916784, -0.07210721272999597], [-0.058644826073117134, -0.5087907700039169, 0.06873242987028319, -0.004053652709778394, 0.6162987574227988, -0.6206878122544964, 0.5085435775646172, -0.3329763811380608, -0.5309196642782913, 0.011285591941030876, -0.2789772376652456, 0.6034389758348326, 0.3468810721398541, -0.009181594469307941], [-0.7259747787814215, -0.3762466068261093, -0.364289098805507, -0.28916883777577007, -0.15843026998546927, 0.2531910750583932, -0.01942286979712403, 0.1062507465734078, 0.5855935876975285, 0.5761612617258399, 0.7134544142912037, 0.4680052935545808, 0.1889651466586448, -0.041274024863176405]], "inverted": false, "swapped": true, "error_lsq": 0.04232881156496354, "error_max": 0.24264415188671842, "target": "764.xyz", "model": "8.xyz", "model_rescale": 4.121658175737393, "target_rescale": 4.271952411082069},
{"mapping": [11, 2, 4, 9, 12, 15, 0, 5, 3, 7, 13, 10, 16], "R": [[-0.6008562862137861, 0.7511931735278656, 0.2732774036807851], [-0.13267044112666598, 0.24341371565601633, -0.9608060767302566], [-0.7882704341586285, -0.6135622047320597, -0.046595531499290355]], "T": [0.053891756573646775, -0.06029357977920014, -0.04041818304364356], "aligned_model": [[-0.6147885704869047, -0.17746663096320642, 0.23179665834613788, 0.030642302138382364, -0.6895975842390212, -0.6774157709476994, 0.36414469412147593, 0.44228613153039, 0.7209580669778245, -0.16559366853506424, -0.27336350519763586, 0.3791924104942549, -0.09405703680373692], [0.32719544443095616, -0.22666398869070353, 0.0749431478486062, 0.4734527586109596, -0.37808735152651235, 0.12424294473788511, -0.7828194168874625, -0.03400839922178504, -0.1310626518330452, -0.6243459245406756, 0.6420896603289649, 0.4484042158644653, -0.12295299970994308], [-0.4116562901799202, -0.5288736563098869, -0.7522615106827835, -0.32485588249280384, -0.3307195490462588, 0.2128449519139228, 0.005917366484177969, 0.5696156058701423, -0.011683505160209585, 0.46710600122772483, 0.22887263985701425, 0.30723257625085965, -0.010463313772890098]], "inverted": true, "swapped": true, "error_lsq": 0.04366073029610114, "error_max": 0.25799438355274057, "target": "764.xyz", "model": "9.xyz", "model_rescale": 3.833441315466971, "target_rescale": 4.271952411082069},
{"mapping": [14, 13, 3, 4, 9, 10, 11, 2, 0, 1, 7, 6, 15, 5, 16], "R": [[0.2862604379578276, -0.8673369177412547, 0.4071629069344268], [0.7466557899074193, 0.46824057267892444, 0.4724996269787318], [-0.6004665628142175, 0.1687525917442836, 0.7816408828366558]], "T": [-0.09107331560117599, 0.023949060046557606, 0.08532799102928428], "aligned_model": [[0.12544105590277815, -0.23028568517974604, -0.5126287879460178, -0.5090676713853288, -0.49806158617093654, -0.5485325399416368, 0.030350226433817767, 0.03979245655676711, 0.16390271468044454, -0.2940493662166085, 0.5723597866558241, 0.5462389645523071, 0.38447982737429165, -0.20913504111258477, 0.06304066409116102], [-0.536291503801, -0.5367793809987588, 0.05072033956229372, 0.6094536861748859, 0.04424149449829703, -0.5010650935031715, 0.16559181047361887, 0.5281129175251021, 0.3095794946358318, 0.5841744326544452, -0.19116479859024005, 0.4855849077323863, -0.30804340172314904, -0.522809722270487, 0.019796356924923847], [0.06887096396978983, -0.4970458590013958, 0.6072338140259984, -0.11247266871035995, -0.36219771825123115, 0.10869912301363231, -0.7515068257430607, -0.13487082890089264, 0.773695576345637, 0.442739568032879, 0.4561274566956046, 0.2626394949215926, -0.4593157987572222, 0.5444560644030827, 0.031069545778038804]], "inverted": true, "swapped": true, "error_lsq": 0.043855104612385364, "error_max": 0.27371674662270135, "target": "764.xyz", "model": "10.xyz", "model_rescale": 4.2482417240324, "target_rescale": 4.271952411082069},
{"mapping": [5, 3, 1, 4, 7, 6, 0, 2, 9, 15, 14, 16], "R": [[-0.8661636769715855, -0.4977775492893354, 0.044474668279446905], [-0.4900380981106959, 0.8284753865965846, -0.27109259710234124], [0.09809764061951495, -0.25660484256370464, -0.9615252506709022]], "T": [-0.007349785141145534, -0.009138262743567972, -0.15823075772477294], "aligned_model": [[-0.6692518314048044, -0.14499323046689558, 0.3464557007531, 0.6730073129940449, -0.5006316997577487, 0.17693558858685388, -0.1376603976718256, 0.5028836990520589, 0.30297235488517443, -0.13202337921155116, -0.5244450393695557, -0.016483476025843987], [-0.2835539012974819, -0.5308285288725407, -0.22585607391217888, -0.30822917024688573, 0.5286860496635865, 0.6181275275241718, 0.1153543855833935, 0.22008900861590575, -0.3020260943197037, 0.537569108328501, 0.14495253380105141, 0.15184654518282034], [-0.05691904418426606, 0.24140026451175098, 0.39912895474707855, -0.09251243650134235, 0.14397390600882684, 0.3143054812086207, 0.6085600732523042, -0.07509703723821702, -0.587471230267246, -0.7226545254523545, -0.422592859135545, -0.18492925709525346]], "inverted": false, "swapped": true, "error_lsq": 0.046759898198544696, "error_max": 0.21512551413023495, "target": "764.xyz", "model": "11.xyz", "model_rescale": 3.6694154284099745, "target_rescale": 4.271952411082069},
{"mapping": [13, 11, 2, 12, 15, 10, 14, 3, 6, 0, 1, 7, 9, 16], "R": [[0.14282746277245958, -0.9424535351379209, 0.30229397940418473], [0.8688772721764877, 0.265657255665863, 0.4177062465504052], [-0.47397531768344997, 0.20299644484108156, 0.8568196085575741]], "T": [-0.0728636379988318, 0.006695925553020968, 0.037174195679284004], "aligned_model": [[-0.09696641577447873, 0.026260185864770996, -0.039264713098009, 0.49601897838353326, 0.4621632923968013, -0.4213029581258305, 0.24722671682126815, -0.4961569057079628, 0.46252974813449577, 0.11671466985377951, -0.3825693390947331, 0.6163291153697031, -0.47235914938864854, 0.07964162462112029], [-0.4761300801660706, 0.2929002574511767, 0.5537641104677181, 0.5570339768402794, -0.14400155987707985, -0.5925292002296282, -0.4937596774093705, -0.12523446094804458, 0.5481097665193344, 0.22840279614659992, 0.45840589655898806, -0.13286325394916199, 0.01702946896053957, 0.03985924777097371], [-0.6255881100874168, -0.7649233070076763, -0.10204533997728565, -0.296808981216979, -0.5320736377423592, -0.0333545359990006, -0.052854413119865155, 0.5413850527405689, 0.30351785077621046, 0.7688528016391961, 0.4647665967059699, 0.3969606340109189, -0.41738828627936264, -0.01135086479050397]], "inverted": true, "swapped": true, "error_lsq": 0.03674067723309762, "error_max": 0.24914336117996316, "target": "764.xyz", "model": "12.xyz", "model_rescale": 3.9764082729961374, "target_rescale": 4.271952411082069},
{"mapping": [5, 8, 10, 15, 7, 0, 6, 14, 13, 3, 9, 11, 4, 2, 12, 16], "R": [[0.3308038194621821, 0.2349595421601403, 0.9139818633742846], [0.04738616783456208, -0.9714233152972364, 0.23257535035957905], [0.9425090896788141, -0.03362671623610431, -0.33248437531407365]], "T": [-0.029506348534407922, -0.022046071095518805, -0.04817069049435654], "aligned_model": [[-0.2368753650743567, -0.1036161418835579, -0.5510266693604801, -0.4688182568768565, 0.18125952694289132, 0.6452219831980351, 0.6007893701905488, -0.4236506752938374, -0.8319291620374374, 0.1706004424970018, -0.36911935706112964, -0.350622508216738, 0.2125666584692975, 0.2803347021746021, 0.20610509067013538, -0.022379324528724646], [0.030104932149967536, -0.7176374086483222, -0.29471394486236174, 0.5386658889613256, 0.6714225050274534, 0.1246685009767756, 0.43912341141099764, 0.35743589412350724, 0.025352730490506303, -0.4366830374393163, -0.4105568207233872, 0.05841927032727663, -0.5986493125083204, -0.05136712427512408, 0.4835308446219687, 0.12634778771029606], [-0.7395177008091682, -0.09356164288893912, -0.42116371824807225, 0.30624966622417604, -0.36215918829428095, -0.4272009879578911, 0.15373023341947648, -0.29649000900276523, 0.11561805032270722, -0.5368882613601831, 0.2681407029257855, 0.7427203239266292, 0.3587560977009591, 0.4239875085711249, 0.6052230624417876, 0.019952805881352058]], "inverted": true, "swapped": true, "error_lsq": 0.03704590565265765, "error_max": 0.2438162594052617, "target": "764.xyz", "model": "13.xyz", "model_rescale": 4.170626492500431, "target_rescale": 4.271952411082069},
{"mapping": [14, 15, 7, 12, 5, 1, 6, 13, 10, 11, 9, 2, 8, 16], "R": [[-0.7232614343027083, 0.20291095828362105, -0.6600909336287024], [-0.34980317946530887, 0.716509264855245, 0.6035331051504611], [0.5954247503138832, 0.6674141265998339, -0.44724462023442035]], "T": [0.0015941342526263873, 0.1737696765946415, 0.06333899890484089], "aligned_model": [[0.28530197002031554, -0.031256404438068264, -0.28559110392026466, -0.6867550144872124, 0.47062217240710386, -0.30709383520420996, -0.7716286810992582, 0.5443678166644977, 0.69604475062135, -0.14507909354580023, 0.2727294620130119, -0.45486862353241686, 0.3495305868441062, -0.0931409802515111], [-0.14386780825366757, -0.6090581213060351, 0.07838470685211618, -0.3354495443814809, 0.40194197564733714, 0.7586450442795203, 0.17878239377756117, -0.4290331240679992, 0.221478457761987, -0.5048223507109134, 0.015500580722466628, 0.11598175927905617, 0.5522028013592366, 0.05538769696648098], [-0.3604947990996041, -0.07489314337933527, -0.6662746273448239, 0.13344890393995595, -0.4382907711461937, 0.2764758619796613, -0.16647683649678469, 0.18573704968459054, 0.03305324653560503, 0.5664281367281481, 0.5808010971076406, 0.39211988821622307, 0.5399190068227143, 0.002320087573068931]], "inverted": true, "swapped": true, "error_lsq": 0.04471635825238603, "error_max": 0.282176686517577, "target": "764.xyz", "model": "14.xyz", "model_rescale": 3.9786697098870705, "target_rescale": 4.271952411082069},
{"mapping": [9, 2, 10, 13, 3, 5, 12, 7, 14, 15, 0, 16], "R": [[0.7636135891580312, 0.2517057419296058, 0.5945910409120342], [0.6440019309964375, -0.23069103956567427, -0.7294128852282282], [-0.0464305861049521, 0.9399073697677742, -0.338257796554899]], "T": [-0.06399532370237437, 0.023156816942269415, -0.13890468783233076], "aligned_model": [[0.03678373249742806, -0.5735026063440848, 0.5544599708200721, 0.5414356409288985, -0.013182592078209293, 0.47204351997151806, -0.5656319738973117, -0.034418714911921944, 0.42717915114564525, 0.1689587659757826, -0.43608837113757015, -0.09468192620290988], [-0.3874570281149154, -0.22176285478203356, 0.10122927817374851, -0.5287775328639636, 0.5789653760210665, 0.506075822081839, -0.4602753854094304, 0.3404334088946154, 0.003623824637964266, -0.5514139837732406, 0.6782658187679115, -0.04423225340912254], [-0.5719986127761039, -0.15343910031798755, -0.45014856752534194, -0.18106616562860206, -0.512142303445109, -0.08292328574869705, 0.36378621250008025, 0.5838473343010904, 0.20661650349611818, 0.3597007987862212, 0.09093528578735507, 0.006798394444806316]], "inverted": false, "swapped": true, "error_lsq": 0.04147731615396808, "error_max": 0.2069352313375537, "target": "764.xyz", "model": "15.xyz", "model_rescale": 3.769337070930944, "target_rescale": 4.271952411082069},
{"mapping": [5, 0, 13, 8, 14, 7, 15, 6, 11, 4, 16], "R": [[0.30246337823305086, -0.9526057443821301, -0.03252999535841594], [0.025301393082175855, 0.042140644766644475, -0.9987912722720164], [0.9528251383837183, 0.3012747281615563, 0.03684825416798923]], "T": [-0.13279582216782687, 0.0378485423251531, -0.0015152709334860445], "aligned_model": [[-0.27906091200162747, -0.2238991385349831, 0.08826869144700566, -0.784700444185479, 0.20000974754340517, 0.37830455400175006, 0.5735288775152363, 0.26654132585092566, 0.2508526866721838, -0.5739941004881388, 0.02677484287089288], [-0.035915597603505975, -0.7400493390583012, 0.800871912841391, 0.27727885080593584, 0.19918904779081448, -0.45066206548782006, 0.40397452087293134, -0.5798941370567666, 0.5836123905392341, 0.1224034704844749, 0.015255443496954332], [-0.706389515028119, -0.08531578156520614, -0.20616518299461029, 0.09384404995785708, -0.4750429789431502, -0.3537133524443096, -0.009504680725621226, 0.32960070874416886, 0.5370518089355537, 0.5941814581239142, 0.02567107316329986]], "inverted": true, "swapped": true, "error_lsq": 0.04525163375844694, "error_max": 0.2605459779319806, "target": "764.xyz", "model": "16.xyz", "model_rescale": 3.7852294659196426, "target_rescale": 4.271952411082069},
{"mapping": [6, 15, 11, 12, 7, 14, 10, 13, 2, 1, 3, 9, 16], "R": [[-0.6848809204174104, -0.7253386325881518, 0.06944057116233172], [0.7230672291654615, -0.6883151922058119, -0.058275022828467596], [0.09006612545892574, 0.010298750109907745, 0.9958825376473828]], "T": [0.001794454155647978, 0.22753778600229305, -0.04415227962009922], "aligned_model": [[0.024649135726364003, -0.3023475918596191, 0.3488061047766981, 0.15330178686655194, -0.6075030219075256, -0.5508285374298286, -0.2247467216046752, -0.1929404584709474, 0.4294802637828985, 0.43117003537274623, 0.03909782449951796, 0.3597107265727859, -0.05408369610868348], [-0.25180819990110914, -0.40496557316794524, -0.39277878837988334, -0.599756701374564, -0.02827657499331729, 0.15526786752652, 0.6981801528455696, 0.09569957878267568, -0.10160063528008076, 0.49241614509229814, 0.8623671768232171, 0.2745647064327933, 0.0757464692966999], [-0.6925495783839003, 0.3306059900722127, 0.43531525603928917, -0.21929086376737805, -0.4768476637621558, 0.18035536889603024, 0.4169657870279487, 0.7417566022242134, -0.21311178272073367, -0.5219292629015743, -0.25958558451883706, 0.44166137440602604, -0.06759094546796714]], "inverted": false, "swapped": true, "error_lsq": 0.04032283613865891, "error_max": 0.2123151720046316, "target": "764.xyz", "model": "17.xyz", "model_rescale": 3.901054581598922, "target_rescale": 4.271952411082069},
{"mapping": [6, 2, 7, 0, 11, 14, 4, 1, 15, 10, 13, 8, 3, 5, 16], "R": [[-0.0836064251200104, -0.9534562766177339, -0.28970863683518283], [0.9084986502798762, 0.04652212680443516, -0.41529013250646296], [0.4094388453948838, -0.2979208289056672, 0.8623241916969888]], "T": [0.04406856743698664, 0.02715050934721618, 0.0021109938404879312], "aligned_model": [[-0.034653699826287195, 0.2057455013366308, -0.42433270086026864, 0.28591776910707595, -0.2297820499718585, -0.471589198937862, 0.6418343613159117, 0.6653923451203251, -0.6797318159515336, 0.026309527756101507, -0.4189995566315087, 0.6026831727054113, 0.5261110508419461, -0.07333274535146869, -0.08248574956358082], [-0.08483791051910013, -0.42339336586429177, 0.4216912284079731, 0.4638799990570303, -0.7719557438358305, 0.28430101733133983, -0.4172804144512122, 0.06332057939843942, -0.2992710879166641, 0.3350143093120176, -0.18542287943096641, -0.001508025037069153, 0.4850313126137025, 0.7045334656718216, -0.02534513491008424], [-0.7928577893003175, -0.2989958831367585, -0.49673524494149585, -0.6071703616640473, 0.14885529982820758, 0.17237396811389785, 0.0447403184714877, -0.3068279482355749, 0.05279225334627222, 0.6268985660222576, 0.6450233023985003, 0.42463711148978317, 0.09587463253634235, 0.22805697647343826, -0.08699879655001712]], "inverted": false, "swapped": true, "error_lsq": 0.04276389318305141, "error_max": 0.3339049546260255, "target": "764.xyz", "model": "18.xyz", "model_rescale": 3.9405287249114394, "target_rescale": 4.271952411082069},
{"mapping": [1, 2, 12, 11, 8, 7, 6, 3, 0, 5, 15, 14, 9, 10, 13, 16], "R": [[0.07870191832675028, -0.9924539297088972, -0.09402768452459827], [-0.976723528742544, -0.09564487924591702, 0.19199793091267175], [-0.1995423675623868, 0.07672844635076215, -0.9768805398144627]], "T": [0.0236071622533381, 0.023003559641940962, -0.07055060817685313], "aligned_model": [[-0.5032426335166884, -0.029399205931044003, 0.5235034264707703, 0.3036259172310401, -0.618969993243805, 0.5742370542315517, 0.3031444867620743, -0.49511011460910076, -0.08797891476322837, 0.037749702126112006, 0.731971351476865, 0.46362984887517056, -0.2004603189811313, -0.13324727771938488, 0.3263633234136363, 0.171348446148549], [-0.07828868020839676, -0.4956523435326882, -0.6120262065135211, -0.6910465183591785, 0.016651081233600835, 0.35853774147811246, -0.24021257247323563, 0.4306427549332683, 0.2935299139204025, 0.7413796319680858, -0.19884300934402072, 0.368333818583316, -0.26505640909865885, 0.45279856341197217, 0.003109463579304899, -0.031505100600726546], [-0.5120978371982396, -0.2895961396144855, -0.36190105949693807, 0.31262146653450107, 0.2095460789854747, -0.5267668200391455, -0.7799800406903491, -0.1953467575378216, -0.801858677838986, 0.01557797074265127, 0.21582487868195008, 0.1488710035782477, 0.41230103985468947, 0.4549281759496868, 0.691616500442824, -0.11429602567918183]], "inverted": true, "swapped": true, "error_lsq": 0.04392008264930915, "error_max": 0.38546012831378595, "target": "764.xyz", "model": "19.xyz", "model_rescale": 4.410303926677745, "target_rescale": 4.271952411082069},
{"mapping": [7, 5, 14, 6, 15, 1, 12, 10, 8, 9, 4, 11, 13, 16], "R": [[0.6912664059390093, 0.03736217077223847, 0.7216334417246411], [-0.5517994310069307, 0.6720835568559571, 0.4937824222714628], [-0.46654918707526694, -0.7395321228986823, 0.48520520941182826]], "T": [-0.013380081291183687, -0.138015159134635, 0.04036774881612549], "aligned_model": [[-0.18753282376598635, 0.4477492388445035, 0.37971922715541606, -0.7373786452464879, 0.14313351948238995, -0.46562793628962684, -0.5759021220061539, 0.6522809177867172, 0.18600583436468182, 0.22529353056500998, -0.30276578041000884, -0.06308674018126471, 0.6314068818916784, -0.07210721272999597], [-0.058644826073117134, -0.5087907700039169, 0.06873242987028319, -0.004053652709778394, 0.6162987574227988, -0.6206878122544964, 0.5085435775646172, -0.3329763811380608, -0.5309196642782913, 0.011285591941030876, -0.2789772376652456, 0.6034389758348326, 0.3468810721398541, -0.009181594469307941], [-0.7259747787814215, -0.3762466068261093, -0.364289098805507, -0.28916883777577007, -0.15843026998546927, 0.2531910750583932, -0.01942286979712403, 0.1062507465734078, 0.5855935876975285, 0.5761612617258399, 0.7134544142912037, 0.4680052935545808, 0.1889651466586448, -0.041274024863176405]], "inverted": false, "swapped": true, "error_lsq": 0.04232881156496354, "error_max": 0.24264415188671842, "target": "764.xyz", "model": "20.xyz", "model_rescale": 4.121658175737393, "target_rescale": 4.271952411082069},
{"mapping": [12, 6, 7, 15, 14, 2, 0, 9, 1, 8, 5, 13, 16], "R": [[0.15938570113827222, 0.6924282630933252, 0.7036613523153181], [0.8668250850401618, 0.2429522505073779, -0.43541758797563124], [-0.47245155330232297, 0.6793506491076322, -0.5614910732498436]], "T": [0.03151982192621382, -0.03334427730168131, -0.0929073019016057], "aligned_model": [[0.15267357067234794, -0.2567685704910592, 0.16469270392103014, 0.7277812294756973, 0.5336236355336642, -0.19866788781563888, -0.51476476006266, 0.16213368343626194, -0.661675481644984, -0.25850387978596806, 0.161720548502663, 0.7617370424669925, 0.10710107045594795], [-0.49390787369963035, -0.0551576294584397, 0.4828873901012912, -0.22901277122739816, 0.2945183703301954, -0.47550279194109024, 0.4080759947261667, -0.46843670854745373, -0.07977642385463961, -0.20010662268593776, 0.6301397325671166, -0.21892782816456308, -0.05396593398243438], [0.6221081575146005, 0.6601716768122786, 0.4899130359023608, 0.23866552126220195, -0.05526901240421908, 0.17412084647315937, 0.2636999787590669, -0.4928636635192801, -0.1038209395445314, -0.7089239262837276, -0.35082020246858037, -0.4174027966548801, 0.05053106363333967]], "inverted": false, "swapped": true, "error_lsq": 0.04946885192257181, "error_max": 0.310135844822071, "target": "764.xyz", "model": "21.xyz", "model_rescale": 4.08911054899281, "target_rescale": 4.271952411082069},
{"mapping": [9, 12, 7, 14, 13, 15, 10, 5, 3, 4, 2, 0, 6, 1, 11, 8, 16], "R": [[-0.2212270655745997, 0.14688652686493758, 0.9640969524289599], [-0.829704873088305, 0.49116934734879514, -0.26522159753398394], [-0.5124923502168316, -0.8585901353093424, 0.013212513716689744]], "T": [-0.027685647772049776, 0.04880326363786448, 0.016900293485717248], "aligned_model": [[0.210781877779807, -0.17259117245801434, -0.6983484403926861, 0.3509946419252165, -0.35811802337112225, 0.6882676071538643, -0.45073154323807085, 0.02735002010049777, 0.1353428516398607, -0.17306994025644337, 0.33223136113602264, -0.5844775233630946, -0.6332894836423868, 0.17260124131163745, 0.4715560163182422, -0.07831735985132456, -0.061051047988524496], [0.07251353509472397, -0.4237387018775732, -0.10126621479263885, -0.3976673542683994, -0.523087265712875, 0.029179782038853005, 0.2344038318711873, 0.5484836400927994, -0.7995850808796671, -0.4149443315338287, -0.208954707357755, 0.04235317736800688, 0.47928139098389294, 0.43533095866489785, 0.6277429371398866, 0.7242658406741838, 0.023524190565738783], [-0.6540085481963218, -0.5314390045555386, -0.16609358140445424, -0.2459453104118125, -0.0051368030363453075, 0.1530357907856356, -0.6447038242582377, -0.47809430304625006, 0.1059943368375631, 0.5169940460352194, 0.5872286238886008, 0.5554359021897214, 0.0760332319139681, 0.6805868793862511, 0.055366454460989166, 0.16505141503209317, 0.039557940438094824]], "inverted": false, "swapped": false, "error_lsq": 0.04460141640085051, "error_max": 0.27230214432470956, "target": "764.xyz", "model": "22.xyz", "model_rescale": 4.204369325754507, "target_rescale": 4.271952411082069},
{"mapping": [1, 2, 12, 11, 8, 7, 6, 3, 0, 5, 15, 14, 9, 10, 13, 16], "R": [[0.07870191832675028, -0.9924539297088972, -0.09402768452459827], [-0.976723528742544, -0.09564487924591702, 0.19199793091267175], [-0.1995423675623868, 0.07672844635076215, -0.9768805398144627]], "T": [0.0236071622533381, 0.023003559641940962, -0.07055060817685313], "aligned_model": [[-0.5032426335166884, -0.029399205931044003, 0.5235034264707703, 0.3036259172310401, -0.618969993243805, 0.5742370542315517, 0.3031444867620743, -0.49511011460910076, -0.08797891476322837, 0.037749702126112006, 0.731971351476865, 0.46362984887517056, -0.2004603189811313, -0.13324727771938488, 0.3263633234136363, 0.171348446148549], [-0.07828868020839676, -0.4956523435326882, -0.6120262065135211, -0.6910465183591785, 0.016651081233600835, 0.35853774147811246, -0.24021257247323563, 0.4306427549332683, 0.2935299139204025, 0.7413796319680858, -0.19884300934402072, 0.368333818583316, -0.26505640909865885, 0.45279856341197217, 0.003109463579304899, -0.031505100600726546], [-0.5120978371982396, -0.2895961396144855, -0.36190105949693807, 0.31262146653450107, 0.2095460789854747, -0.5267668200391455, -0.7799800406903491, -0.1953467575378216, -0.801858677838986, 0.01557797074265127, 0.21582487868195008, 0.1488710035782477, 0.41230103985468947, 0.4549281759496868, 0.691616500442824, -0.11429602567918183]], "inverted": true, "swapped": true, "error_lsq": 0.04392008264930915, "error_max": 0.38546012831378595, "target": "764.xyz", "model": "23.xyz", "model_rescale": 4.410303926677745, "target_rescale": 4.271952411082069},
{"mapping": [10, 3, 0, 8, 2, 9, 1, 11, 4, 5, 15, 12, 7, 6, 14, 13, 16], "R": [[0.281467834564344, -0.26957593436839644, 0.9209259870994331], [0.5877665352926114, 0.8070483622625897, 0.05659894839474816], [-0.7584895240514391, 0.5253586932550731, 0.3856058678567321]], "T": [-0.003308817188460038, 0.10331461974348918, 0.006358887120116757], "aligned_model": [[0.2805512868373678, -0.41967683466289246, -0.7269833718533488, 0.5682167716257286, -0.5209215975357901, 0.605759854837283, -0.434889939931117, 0.19513059271127897, 0.04735891344767757, -0.0796495680131003, 0.5530762713428204, -0.5864813624791311, -0.4950758190768647, 0.04132666303594452, 0.41168856159072126, -0.18880758332690853, -0.07149175574618755], [-0.11154806413096718, -0.5048236967667855, -0.11161758577827419, -0.46135830236876907, -0.6481160068151784, 0.14255861835420217, 0.21074470603981965, 0.5653564998602021, -0.5792906186062264, -0.31281372306343846, 0.0009149348372164273, 0.09485170620165038, 0.5260447310250156, 0.27740668355920706, 0.5772886459958618, 0.6419687835952558, 0.04026831613264127], [-0.5386561720262582, -0.5094477109866938, 0.02838380587803549, -0.16745037505613333, 0.024330372009638918, -0.1347624966536557, -0.7274884134955412, -0.3781675596005465, -0.06690258052053304, 0.47177410550497223, 0.4414038602273628, 0.5595442053429355, -0.13991266018794965, 0.7450047542183619, 0.2538983547998373, 0.41821872171849606, -0.06990696511315211]], "inverted": false, "swapped": false, "error_lsq": 0.043604494412190574, "error_max": 0.2973672152519927, "target": "764.xyz", "model": "24.xyz", "model_rescale": 4.28219845311461, "target_rescale": 4.271952411082069},
{"mapping": [11, 2, 13, 6, 12, 1, 9, 7, 4, 0, 8, 3, 5, 14, 10, 16], "R": [[0.37713632994916024, 0.9157849725126723, -0.13822471831203867], [0.23141132537605674, 0.05133496143048821, 0.9715006537427688], [0.8967814600671533, -0.3983749563600786, -0.19256273529665713]], "T": [-0.03139565391533485, 0.04220331183596071, 0.01476396964676143], "aligned_model": [[-0.1831924582398661, -0.2990693312404922, 0.12213884436810188, 0.1759951381331083, 0.13310651297779877, -0.4792037739377329, -0.42725776927875186, 0.666775530790804, -0.7551022048717422, 0.09757447243769057, -0.627482549291644, -0.26779731707435944, 0.3162613677826686, 0.48783378205193495, -0.02822573421255009, 0.07596625572604257], [0.4250687453301206, -0.2045416392194695, 0.8344059199525525, -0.6380414382168833, -0.21277806624746093, -0.4653639366974974, 0.48024799323507583, -0.3268091384172874, -0.04295211255692927, -0.6845582078075704, 0.2398418590897273, -0.12776559874453666, 0.16123763694784976, 0.3296460527367666, 0.5627223197637797, 0.014750986565994995], [-0.7372138531003324, -0.4179741698841382, -0.13287733612662714, -0.3659854323418178, -0.788957187399988, 0.1717294323175733, -0.11842964304663954, 0.0319833044338227, -0.14541540317561188, 0.28977643076444903, 0.3262432253093058, 0.6197732496089748, 0.6381801625233308, 0.10855234694459999, 0.47791073598207917, -0.10536984223123405]], "inverted": false, "swapped": true, "error_lsq": 0.0405708518957095, "error_max": 0.32365432223479584, "target": "764.xyz", "model": "25.xyz", "model_rescale": 4.100010024507729, "target_rescale": 4.271952411082069},
{"mapping": [5, 3, 1, 4, 7, 6, 0, 2, 9, 15, 14, 16], "R": [[-0.8661636769715855, -0.4977775492893354, 0.044474668279446905], [-0.4900380981106959, 0.8284753865965846, -0.27109259710234124], [0.09809764061951495, -0.25660484256370464, -0.9615252506709022]], "T": [-0.007349785141145534, -0.009138262743567972, -0.15823075772477294], "aligned_model": [[-0.6692518314048044, -0.14499323046689558, 0.3464557007531, 0.6730073129940449, -0.5006316997577487, 0.17693558858685388, -0.1376603976718256, 0.5028836990520589, 0.30297235488517443, -0.13202337921155116, -0.5244450393695557, -0.016483476025843987], [-0.2835539012974819, -0.5308285288725407, -0.22585607391217888, -0.30822917024688573, 0.5286860496635865, 0.6181275275241718, 0.1153543855833935, 0.22008900861590575, -0.3020260943197037, 0.537569108328501, 0.14495253380105141, 0.15184654518282034], [-0.05691904418426606, 0.24140026451175098, 0.39912895474707855, -0.09251243650134235, 0.14397390600882684, 0.3143054812086207, 0.6085600732523042, -0.07509703723821702, -0.587471230267246, -0.7226545254523545, -0.422592859135545, -0.18492925709525346]], "inverted": false, "swapped": true, "error_lsq": 0.046759898198544696, "error_max": 0.21512551413023495, "target": "764.xyz", "model": "26.xyz", "model_rescale": 3.6694154284099745, "target_rescale": 4.271952411082069},
