[{"mapping": [6, 7, 11, 3, 5, 1, 10, 4, 8, 9, 0, 13], "R": [[0.05294903306341725, 0.16396064505820604, 0.9850448247515169], [-0.844924441393448, -0.5184166326577564, 0.13170756743544834], [0.5322584787803943, -0.8392622366435238, 0.11108469701309304]], "T": [-0.06419684292220723, -0.048973773615414794, -0.00884714008798293], "aligned_model": [[-0.14599199678233232, 0.1287940820010806, 0.46090733409933154, -0.0042060023561927284, -0.2895165587407333, -0.640510732584741, 0.41555697437108746, -0.18837669638066934, 0.5945200553489383, 0.01213855848352996, -0.5526199157780038, 0.04694736077925345], [-0.32865313281161784, -0.712512536436919, -0.3977722671042363, 0.6426795706720525, 0.359391827687045, -0.5364272191409176, -0.2268992879008559, -0.5199040292115888, 0.2592601256247478, 0.24728044668495605, 0.28131697180084503, -0.014205433886453518], [-0.5696400648249131, 0.09201792172981559, -0.5329581990314073, -0.024087591938516634, -0.6355007913623809, 0.04876781936624351, 0.3842059950518596, 0.5532575322588879, -0.006377628786193093, 0.6652197263722915, 0.29461959425930867, -0.08757256774143332]], "inverted": false, "swapped": true, "error_lsq": 0.044075706577159195, "error_max": 0.2753788094738925, "target": "765.xyz", "model": "0.xyz", "model_rescale": 3.751011558992144, "target_rescale": 3.9415056753583837},
{"mapping": [7, 0, 1, 11, 3, 4, 8, 2, 9, 12, 13, 5, 10, 14], "R": [[-0.2254626377639544, 0.71319097840272, -0.6637207449654491], [-0.9524582663240236, -0.3046453029377083, -0.0038066138531972493], [-0.2049142500744038, 0.6313080608727903, 0.7479707764301236]], "T": [-0.09545148802618422, 0.053273612428749464, -0.00738022021669868], "aligned_model": [[-0.08234008141203292, 0.3849401399780896, -0.23177920331387394, -0.5679211242707917, 0.5774997831185096, -0.6532002886983662, -0.029807266234663496, 0.6432782167430305, -0.17802782310772344, 0.09296315940175587, 0.4198134357490281, 0.08203794530464364, -0.7802452857629002, -0.09596056688823348], [-0.48110801355725735, -0.02358979115576841, 0.07432834978593172, -0.5236251639520605, -0.302699821512209, 0.5531782118968521, 0.6970370673772915, 0.42383217422940167, -0.019524640867615933, -0.6317232189658984, -0.02424217119147523, 0.44873027090627715, 0.2592358093157746, 0.012053083740047085], [-0.39973387780433234, -0.5894630488865471, -0.6905031970774501, 0.2766818039327612, -0.06922996157264863, -0.2615172633434071, -0.1546137162628603, 0.019131617817076535, 0.6422898379942314, 0.2100004727877822, 0.49857981764918435, 0.4422836312516063, 0.39398093406166024, 0.028736552849337654]], "inverted": false, "swapped": false, "error_lsq": 0.04236516654174016, "error_max": 0.27942021098675274, "target": "765.xyz", "model": "1.xyz", "model_rescale": 3.9405287249114394, "target_rescale": 3.9415056753583837},
{"mapping": [3, 5, 12, 1, 6, 8, 0, 2, 7, 10, 4, 9, 13], "R": [[-0.07742424451497584, -0.39930858584153445, 0.9135415368961171], [0.9560043300742094, 0.23031201300702495, 0.1816923155887855], [-0.2829508919241077, 0.887417055243974, 0.3639090034905238]], "T": [-0.0331655507688237, -0.08089290183641701, 0.00018524597277992834], "aligned_model": [[-0.3485946876862534, 0.24131135610220744, -0.34985339716730085, 0.6140178093239387, 0.3663276344583029, -0.7021381950088192, 0.12266671117418491, 0.596729859221014, 0.027313096211845606, -0.5170412614792995, 0.032644553990079, -0.47942316268636903, -0.10797703716959914], [0.5328991293708774, 0.5585792775079248, 0.38443008143681684, -0.38643183445515417, -0.12335966733600767, 0.02056827306846984, 0.24613142997664322, 0.26807701619264385, -0.7656746443165043, -0.5018246535720342, -0.6617624151236503, -0.06002545005234061, -0.05277394912566724], [0.07751132823751311, -0.35472882356843327, -0.6811186193602708, 0.24689905506906937, -0.487668691569481, -0.26646699654599443, 0.555624284932848, 0.14004427587179824, -0.12277509718821615, 0.07084455427467747, 0.4599865541050001, 0.5904212074956424, -0.11545268216550916]], "inverted": true, "swapped": true, "error_lsq": 0.04824101276117173, "error_max": 0.2635506153798759, "target": "765.xyz", "model": "2.xyz", "model_rescale": 3.932901565614263, "target_rescale": 3.9415056753583837},
{"mapping": [9, 10, 12, 7, 11, 5, 6, 1, 0, 8, 3, 2, 4, 13], "R": [[0.6994934370507604, 0.6989348619945845, -0.14899325559073257], [0.49801746663699453, -0.6262755246483924, -0.5997979411025443], [-0.5125305205033006, 0.34535347966249325, -0.7861573885918925]], "T": [0.018113905031245884, -0.0325653763329082, 0.08510794920498294], "aligned_model": [[-0.37125853281366283, 0.4185718133734677, -0.12158630758006889, -0.5722278777375436, 0.7467818126343305, -0.5715950189098835, -0.13036601755773614, 0.5412697706854666, 0.01888281891930885, 0.1256758178763928, 0.22999815193241407, -0.09078034330020854, -0.6314113100859693, -0.010703736829835983], [-0.46346882897837194, 0.23974325840380337, 0.10296340711052734, -0.3868005374775664, -0.42826932146441415, 0.12600217094274246, 0.5402055684983355, 0.43988559531643434, 0.20095052620002188, -0.757433875575236, -0.31781621890249406, 0.7444332407636104, 0.41239829725457194, 0.009088863957326054], [-0.36489678247433693, -0.44274327168517785, -0.6532995328902562, 0.274202046080924, -0.24681096650205142, -0.29423279950235876, -0.2563293335086258, 0.3128504365263626, 0.7131366596782152, 0.04288450496866425, 0.45174469151224966, 0.365491694969114, 0.4637248118144623, -0.019098555590790378]], "inverted": false, "swapped": false, "error_lsq": 0.05363491263758411, "error_max": 0.35296837844404205, "target": "765.xyz", "model": "3.xyz", "model_rescale": 3.9243930471874484, "target_rescale": 3.9415056753583837},
{"mapping": [9, 0, 4, 10, 7, 3, 8, 1, 6, 5, 11, 12, 13], "R": [[0.9597042578671796, 0.2802020420100802, 0.021320250584540172], [-0.1808005378558719, 0.6737662449511245, -0.71648462138101], [-0.2151253191575408, 0.6837586290628023, 0.6972770139905112]], "T": [0.023488800679303, -0.03388514607947163, -0.1735794145182034], "aligned_model": [[-0.0625489061699726, -0.26453512771883225, 0.6140920432733862, 0.3588810874913119, 0.7068293497276796, -0.6330583695286641, -0.1921037576069928, 0.4363450374427862, 0.12457422328262088, -0.5665719683356165, 0.27213359305072443, -0.49837567125301624, -0.01845564734406186], [-0.6659160117140428, -0.05948870500379749, -0.23846328118806104, -0.5636831066295565, -0.03236979554463125, -0.26007300239614706, -0.523818656635229, 0.4137992535322034, 0.512657817539871, 0.4481445830356084, 0.1384762304926918, 0.011432939538441156, -0.052868711345763625], [-0.5492046198738372, -0.7703438637789242, -0.5766838684601963, -0.02146723279541035, -0.029543497803077468, -0.1729565700428558, 0.3187692335361045, -0.6232420109562262, 0.12720659221365122, -0.0012371201213837724, 0.5883618633930658, 0.5381757201926691, -0.040764310132615666]], "inverted": false, "swapped": true, "error_lsq": 0.039016538810564, "error_max": 0.2732349283190902, "target": "765.xyz", "model": "4.xyz", "model_rescale": 3.8936222436046832, "target_rescale": 3.9415056753583837},
{"mapping": [1, 0, 4, 7, 9, 3, 5, 8, 11, 6, 10, 13], "R": [[-0.3562197666415463, -0.9028343526683611, -0.24082692851038012], [-0.24905040773895543, 0.34014750687570805, -0.906793012749492], [0.9006005619912207, -0.26303955065377826, -0.3460185291757598]], "T": [-0.11055798220730068, -0.0805935610228094, -0.012843046132774386], "aligned_model": [[-0.01524466695413551, -0.7157476747472853, -0.11782399612376207, 0.40205834085506015, -0.6630530752988391, -0.5880231777470646, -0.16345684263520815, -0.07295897840299373, 0.6425493445165589, 0.3661878564549394, 0.0017196571949257555, -0.04865874489709891], [-0.5825449666267288, -0.31045504160043924, 0.06518260667502818, 0.07927186864949809, 0.35930451128963325, 0.021557626205214384, -0.5624957578278147, 0.5073286442941771, 0.06442905182969882, -0.4649591206894678, 0.5162251336693071, -0.023921650758298815], [-0.5714378929343322, -0.15654506160561177, -0.7421263369657151, -0.45935228152512386, -0.23465074459858148, 0.48092576918927826, 0.599691214622601, 0.4136027096239899, 0.2767859995249593, 0.1432858027413988, -0.23081817829410084, 0.0999237194967562]], "inverted": true, "swapped": true, "error_lsq": 0.050200605569275136, "error_max": 0.3062185234283108, "target": "765.xyz", "model": "5.xyz", "model_rescale": 3.6523030999806103, "target_rescale": 3.9415056753583837},
{"mapping": [9, 0, 2, 3, 5, 10, 1, 8, 7, 11, 6, 12, 13], "R": [[-0.9858836773305435, -0.12295800962127922, 0.11364287326171557], [-0.16114605123493297, 0.5125996308445002, -0.8433703626696106], [0.04544584628536799, -0.8497781747774272, -0.525177806773431]], "T": [-0.013729234785010036, -0.046665713241892726, 0.0976772589482302], "aligned_model": [[-0.016254437256275834, 0.14397136062331517, 0.1439154443299528, 0.6254636297474787, 0.6059181624187449, -0.31768606772643604, -0.5045162521750819, 0.2923533036385191, -0.6522906237573811, -0.09662419608171363, -0.04262946582449373, 0.6449004979840731, 0.0545615487435928], [-0.5865679839129766, 0.05771211304551471, 0.5986741472531993, -0.24913671623195555, 0.40727465435624205, -0.6058066671019338, 0.47077782013214386, -0.6198434955959705, -0.09422588644815777, -0.0397740572610934, 0.42431219624206024, -0.13159102578215903, -0.09097819453173042], [0.6040950296571737, 0.7332690501541207, 0.40879363438141897, 0.27838004217918194, -0.044454662598893274, -0.008547118240752938, 0.35154403081155416, -0.22897683437174177, -0.18103465325362234, -0.7179011360340037, -0.32273239961635436, -0.48540609198800366, -0.016919151598288162]], "inverted": false, "swapped": true, "error_lsq": 0.050021837882213996, "error_max": 0.290113827995165, "target": "765.xyz", "model": "6.xyz", "model_rescale": 4.08911054899281, "target_rescale": 3.9415056753583837},
{"mapping": [1, 0, 2, 11, 3, 13, 7, 4, 10, 9, 8, 5, 12, 14], "R": [[0.6549883829999474, 0.1710061000524638, 0.7360347355118243], [-0.30709499004181706, -0.8297479586374262, 0.46605900080165874], [0.6904222513986139, -0.5312958110900846, -0.49096015713273367]], "T": [-0.042590175004289785, 0.0689321992080294, 0.047394027703663626], "aligned_model": [[-0.2810720418688095, 0.45201545855153463, -0.1757015316014897, -0.4439812019601153, 0.7037165010374663, -0.7231987583860212, -0.16274409055055616, 0.5395028937369154, -0.17401965544171827, 0.14213693666724764, 0.3469269906899607, 0.029021968663079253, -0.6193215036122018, -0.052030925318819914], [-0.4237016965413881, -0.24324177195606717, 0.2119954401471506, -0.27901623798688, -0.13220222360711675, 0.17482981792472732, 0.7615538195884294, 0.3361404277877187, 0.05020012865818921, -0.6929031930846866, -0.24718685021849596, 0.716037921674883, 0.3255858629065692, -0.09620929924374227], [-0.4408521220926871, -0.6891987105760237, -0.7348807444372399, 0.2970902260930758, -0.12296654731326045, -0.2005014602118466, -0.27683936369515694, 0.3417015396788188, 0.7556667856909002, 0.041066534401789666, 0.5094482426007597, 0.44315546394189004, 0.3783196832873106, 0.045414076028064534]], "inverted": true, "swapped": false, "error_lsq": 0.04848251792947652, "error_max": 0.36102230516955136, "target": "765.xyz", "model": "7.xyz", "model_rescale": 3.964800864290218, "target_rescale": 3.9415056753583837},
{"mapping": [9, 7, 8, 10, 12, 5, 1, 2, 6, 11, 4, 0, 3, 13], "R": [[0.8055278328590518, 0.48694380046533825, -0.33765462484285946], [-0.010565416359521379, -0.5579321352748203, -0.829819320337162], [-0.5924637393685367, 0.6720100204729482, -0.4442850998147454]], "T": [-0.016251340260532772, 0.07999675794419243, 0.07398141022626983], "aligned_model": [[-0.11395637836556152, 0.4270772695821716, -0.2306533119119456, -0.694409920838856, 0.4733181992390238, -0.7637165596338157, 0.05241457616097502, 0.5382156845714451, -0.05482855888654821, 0.05661278658479465, 0.48952742003011673, -0.01960272984379239, -0.5223218159031244, -0.05642562017841123], [-0.4873239742468927, 0.25199092426259534, -0.027115272423490364, -0.37036997665739485, -0.3782738782916975, 0.20163826471261354, 0.7130536669745323, 0.4072362399624431, -0.07283032076475802, -0.6981523143448516, -0.181353119693341, 0.6860317611381289, 0.3617273767372578, 0.05562276868414617], [-0.30345419904196014, -0.45585905199711074, -0.656509102312928, -0.03739523436104433, -0.2738470349111486, -0.28037690084705413, -0.32306245765653874, 0.22918890855187826, 0.6322479284726245, 0.3502207354651792, 0.4874756449037827, 0.45591035075621944, 0.5104252529136932, 0.011658763460801955]], "inverted": false, "swapped": false, "error_lsq": 0.04554977865820302, "error_max": 0.2953572326247191, "target": "765.xyz", "model": "8.xyz", "model_rescale": 4.121658175737393, "target_rescale": 3.9415056753583837},
{"mapping": [3, 5, 2, 0, 12, 8, 6, 7, 1, 11, 9, 4, 13], "R": [[-0.6309972567160158, -0.17046396087583365, 0.7568252771012509], [-0.19444826416374877, 0.9791713110977811, 0.058424447680384094], [-0.7510208616147542, -0.11029769519611562, -0.6510008324525072]], "T": [-0.01789267114961219, 0.04200368772562783, 0.003950046948344957], "aligned_model": [[-0.5594097274548341, -0.22638105972496658, 0.35736826846148284, 0.11104831637543305, -0.715077524566308, -0.6905802609653965, 0.17880257756773965, 0.3395805439657885, 0.7342038451287395, -0.18256920606090032, -0.21049145826968851, 0.4678084536867536, -0.12756527170864615], [0.24767419681707473, -0.3498771417774311, -0.011449659482087565, 0.5331752229339819, -0.4764459064867224, 0.01084344175665726, -0.5501178447018267, -0.1281295694875825, 0.05109406050315166, -0.6657273426393747, 0.7448975327145173, 0.4262052791634575, -0.04175482990210564], [-0.37903094528110676, -0.6388471563875455, -0.6240871703678417, -0.42250731105837486, -0.15771295489175824, 0.27861827003541323, -0.09656246748733581, 0.5792504231258936, -0.08170180563108524, 0.3835361576010396, 0.1335870281294107, 0.4158252207381157, 0.03070814543426409]], "inverted": true, "swapped": true, "error_lsq": 0.039870143476843777, "error_max": 0.22537362937014616, "target": "765.xyz", "model": "9.xyz", "model_rescale": 3.833441315466971, "target_rescale": 3.9415056753583837},
{"mapping": [2, 3, 9, 13, 4, 8, 11, 6, 0, 5, 1, 12, 10, 14], "R": [[-0.3603125876936045, 0.1459244722849034, -0.9213473218813364], [0.8403854156157549, 0.47946747946717283, -0.2527118702272038], [0.40487923183323876, -0.8653421199281639, -0.2953909665314055]], "T": [0.01721383234206444, 0.12498502590573843, 0.04587743571696627], "aligned_model": [[-0.21385900757699236, 0.32803974305451783, -0.31719002123507023, -0.44128414626134926, 0.7091581342101242, -0.6619999303248423, -0.18159595690676225, 0.6638406951812404, -0.24346302529153016, 0.1372753389734452, 0.30700864721413323, 0.16979401673869804, -0.6843869932227082, 0.009913546053567656], [-0.41728677901489086, -0.11242818072685096, 0.044519542136084445, -0.5140408804247673, -0.21617050443510535, 0.3144139652467227, 0.7663781638487129, 0.2429416198688179, -0.14169960106688104, -0.5295105622506064, -0.04133715792117251, 0.5402891984518134, 0.4178236632195471, 0.10798965911786618], [-0.36545805651230834, -0.7295863431236946, -0.688703734179998, 0.17669041699066912, -0.15596053722276504, -0.2863042975567833, -0.07423331043870474, 0.21672681452856762, 0.6157457076311128, 0.16693924297381196, 0.7046375053585131, 0.4548539495977539, 0.3585369271495646, -0.04726068179934495]], "inverted": false, "swapped": false, "error_lsq": 0.04587833261452607, "error_max": 0.25941641230633133, "target": "765.xyz", "model": "10.xyz", "model_rescale": 4.2482417240324, "target_rescale": 3.9415056753583837},
{"mapping": [7, 1, 2, 0, 11, 12, 6, 3, 9, 8, 10, 13], "R": [[-0.74361316952507, -0.5561351626265038, -0.3711510945683332], [-0.6222802075638424, 0.3726226720110606, 0.6884182504681575], [-0.24455428310127977, 0.7428768573550597, -0.6231590306038173]], "T": [0.0056747453758944355, -0.020155906730213204, -0.03486877914906078], "aligned_model": [[-0.6628496543123631, -0.1296447044375161, 0.4179013697977131, 0.5436298036023482, -0.5730970173695948, 0.12372465023666948, -0.21309274193713276, 0.5756205383048156, 0.2448999852150357, -0.053618025039599226, -0.37506783020822765, -0.021640771489141654], [-0.22195013757806367, -0.6662106274171021, -0.3248266965240304, -0.3975180195266021, 0.5004879405469982, 0.8417610806623413, 0.12192595842458323, 0.32362242576332423, -0.2233575748544734, 0.5741421158396723, 0.020322244961764345, 0.11773267975222754], [-0.04242939968749347, 0.33576579682292956, 0.48987277573674576, -0.12399411009012873, 0.22211452543160465, 0.1205498636936429, 0.5407641122663616, -0.2328429497346424, -0.7052717652018918, -0.4498584355753411, -0.5542035375252512, -0.03527458628217926]], "inverted": false, "swapped": true, "error_lsq": 0.043650782110929744, "error_max": 0.2532477781514576, "target": "765.xyz", "model": "11.xyz", "model_rescale": 3.6694154284099745, "target_rescale": 3.9415056753583837},
{"mapping": [11, 8, 9, 6, 3, 7, 10, 2, 0, 4, 1, 12, 5, 13], "R": [[-0.25912418876795773, -0.8511705986548804, 0.4564682538587329], [0.9044748766628036, -0.3796279023475112, -0.19444241627030728], [0.33879175356132085, 0.36247933423123774, 0.8682331944668578]], "T": [-0.09719358616990302, 0.05683354662331088, 0.03578066319144374], "aligned_model": [[-0.2316260254072765, 0.3875048690275693, -0.22003105344349727, -0.5380418411539682, 0.660185997070062, -0.6754162771888396, -0.04218188537083788, 0.5042431105229622, -0.16687698067916135, 0.16132532894556706, 0.5760595768636206, -0.018415272581885148, -0.746941544923889, -0.0685369610739549], [-0.4749047139275371, -0.05817226810724941, 0.16864421060187385, -0.2851379668660572, -0.35011255912781897, 0.4251626423209798, 0.6238824277561578, 0.3067650658099488, -0.18783066959741104, -0.6136361784988508, 0.011222985170331427, 0.6163110282228226, 0.27195226465028355, 0.007735877641817539], [-0.4583964209131543, -0.533814738316007, -0.749773662711336, 0.12831786378107518, -0.009163018328523842, -0.2508506598053655, -0.2452141169907212, -0.010281349145738777, 0.7036290818136828, 0.21274667114897727, 0.5467829618661775, 0.4133351958854442, 0.45544996124187587, 0.14385583387000841]], "inverted": true, "swapped": false, "error_lsq": 0.03852137318636311, "error_max": 0.2615463055835622, "target": "765.xyz", "model": "12.xyz", "model_rescale": 3.9764082729961374, "target_rescale": 3.9415056753583837},
{"mapping": [4, 3, 7, 9, 14, 2, 8, 11, 12, 6, 13, 10, 1, 15], "R": [[0.05574804457792762, 0.47029104225908513, 0.88074882406768], [-0.8400887530566576, -0.45461916805370023, 0.2959261715797906], [0.539576725325924, -0.7564044867721403, 0.3697420856185125]], "T": [-0.11657872147982823, -0.08460238018951377, 0.0674032228256737], "aligned_model": [[-0.2195187522466331, 0.3725490047398215, -0.3297424584761906, -0.6640560675301457, 0.6696769841947794, -0.6281798174890307, 0.00030515453536093806, 0.517006707572804, -0.2239286790231571, 0.3163772065143502, 0.3107122782074012, 0.008477405818257955, -0.4770016782377127, -0.07142624797343314], [-0.6113330475939827, 0.2085487614286861, -0.041089149822261334, -0.2254249055763013, -0.1888175197660323, 0.42142782677963603, 0.5700599308978427, 0.3910524371864021, -0.012339128402043376, -0.7127450736127765, -0.1945568866378691, 0.5991211921194983, 0.37713262372460427, -0.11915491467611221], [-0.40990367620324253, -0.5516766774495275, -0.6562690226941764, 0.2721877398747187, -0.03133486279604007, -0.2767729851014018, -0.17219697462411165, 0.120944772566849, 0.6922772453332622, 0.10795845445983378, 0.491446798752589, 0.471172885693593, 0.3127981222497023, -0.024008216665653753]], "inverted": false, "swapped": false, "error_lsq": 0.04079625785987447, "error_max": 0.23213616691648875, "target": "765.xyz", "model": "13.xyz", "model_rescale": 4.170626492500431, "target_rescale": 3.9415056753583837},
{"mapping": [10, 8, 12, 11, 7, 5, 4, 0, 3, 9, 1, 2, 6, 13], "R": [[-0.6902454242168481, 0.634095918040144, 0.3485450058063244], [-0.027910365336307252, -0.5046720608642237, 0.8628598510128116], [0.723036835752161, 0.5858570454538246, 0.36604542947237856]], "T": [0.018940968895442525, 0.08233999457952793, 0.05780793200523922], "aligned_model": [[0.053997437096761414, 0.3433292347869633, -0.3024734395396841, -0.5595148656178555, 0.7210829923877841, -0.8322945446733765, -0.0032926177102601296, 0.5662292357750065, -0.18902180662756912, -0.01863992034808754, 0.49598637563534065, 0.10168924612954316, -0.714474027434857, -0.08135225925323793], [-0.35275167395037366, 0.16560213727014172, 0.0537607364124498, -0.30989486294073176, -0.22846132327553556, 0.18120533041901069, 0.6735900688953814, 0.2449549610490965, -0.011011695082695741, -0.7090396458258311, -0.32860971113549364, 0.6393182279817893, 0.377667859102201, 0.06555173712988183], [-0.2996757585149653, -0.6050615584311386, -0.5991411719891949, 0.16363947359247666, -0.2026319315994783, -0.2468945034376076, -0.33333417495994705, 0.2306961390754344, 0.7085848142497277, 0.22695987547450253, 0.4986735455162598, 0.39819027198078616, 0.3448151838724904, 0.06180339856704882]], "inverted": true, "swapped": false, "error_lsq": 0.03724662725414452, "error_max": 0.27077318428171704, "target": "765.xyz", "model": "14.xyz", "model_rescale": 3.9786697098870705, "target_rescale": 3.9415056753583837},
{"mapping": [8, 9, 12, 11, 3, 5, 4, 2, 6, 7, 0, 13], "R": [[0.3818360041962829, -0.9214820099934411, -0.07121917689684634], [0.7738759744283585, 0.2766395479558385, 0.5697249658469851], [-0.5052892657695938, -0.272656314368909, 0.8187437279959999]], "T": [-0.040488133683460374, -0.04264081959878167, 0.04394627253844237], "aligned_model": [[0.04462450753759082, -0.7212710994194381, 0.586430249573271, 0.6235936388114781, -0.11444539783902374, 0.4617474928429721, -0.5413370953325797, 0.047388068592411105, 0.5270549534524005, -0.0027158866639136747, -0.4807636541693245, 0.05304881938149277], [-0.2471654387651563, -0.04191252406232734, 0.10924006124420896, -0.5072160184024074, 0.4217590800366717, 0.5504893449786997, -0.438956998900139, 0.5271189326181391, -0.05539007132189503, -0.671358793552932, 0.4384350788440597, -0.07036816249248296], [-0.6487641327927097, -0.2467319346984735, -0.5601209145406826, -0.07955462619872812, -0.4670122162702553, -0.03468082606685745, 0.42505178017904216, 0.49755444848664204, 0.32167275023763137, 0.34559161751666245, 0.16421505260730052, -0.05725450458574165]], "inverted": true, "swapped": true, "error_lsq": 0.0490551181988839, "error_max": 0.2790705689078413, "target": "765.xyz", "model": "15.xyz", "model_rescale": 3.769337070930944, "target_rescale": 3.9415056753583837},
{"mapping": [8, 9, 11, 7, 12, 3, 5, 0, 6, 4, 13], "R": [[-0.8775209808743141, 0.13013648282818638, -0.46154244004478173], [0.11511232814352537, 0.9914960801200483, 0.06070152400027646], [0.4655170029491501, 0.0001376360706900233, -0.8850389262747447]], "T": [-0.040887079628735085, 0.016072110956121342, 0.11186900814091275], "aligned_model": [[-0.16946269766953567, -0.3188668283921443, -0.1777831477735504, -0.6036485157928208, 0.37949927155998864, 0.36400728422847295, 0.7108784482240538, 0.20552881157690256, 0.1787896925307129, -0.622829953842542, -0.023486233958366673], [-0.02127723865235956, -0.6602743190761013, 0.746935987542561, 0.38338557459980654, 0.3351505098732851, -0.37583402619669426, 0.19707414786853147, -0.5266493980506476, 0.5946179857291998, -0.15770855057181576, 0.08064382455957705], [-0.6029705009267327, -0.003207326842560476, -0.23336228870204148, 0.3018251424392331, -0.5969722426446585, -0.2939457953927783, 0.0009046396032067194, 0.4025126140979056, 0.24003484659664218, 0.5411712060687958, -0.011772687073234991]], "inverted": false, "swapped": true, "error_lsq": 0.05447123282734317, "error_max": 0.3114974572709227, "target": "765.xyz", "model": "16.xyz", "model_rescale": 3.7852294659196426, "target_rescale": 3.9415056753583837},
{"mapping": [6, 8, 10, 11, 5, 3, 0, 9, 7, 1, 2, 4, 13], "R": [[-0.9799384506938731, -0.1719225842772923, 0.10081298461561895], [0.007154666246947508, 0.4751621453190058, 0.8798691643686206], [-0.1991718946101244, 0.8629389090029823, -0.4643996078014667]], "T": [-0.031620786783195756, 0.0635895505530854, 0.013460269102424809], "aligned_model": [[0.024857299726432004, -0.3301582675068963, 0.26858602661657166, 0.0909226492322387, -0.6366367134485291, -0.6818538017408114, -0.21842685694562214, -0.061945920926223606, 0.6189367945011675, 0.4540707858361284, -0.1943533339276794, 0.6146938980898261, -0.09492670929031945], [-0.0639768520004729, -0.5160907385655584, -0.29723172386427293, -0.6360260362806012, 0.14598960731212693, 0.09677326469962066, 0.6604316691778387, 0.23224699988542405, -0.17937299399176632, 0.5587966006745801, 0.6498721016271405, 0.2837397070349065, -0.06009598200609133], [-0.6029298137786636, 0.33559117759351353, 0.4561744635898801, -0.39593968795817847, -0.473768831472028, 0.2549377801941061, 0.2339690241370569, 0.733595567526996, -0.060343409306423325, -0.2897586589381749, -0.3962953505853785, 0.30836506905241173, -0.00784263291194344]], "inverted": true, "swapped": true, "error_lsq": 0.04371377863388916, "error_max": 0.24707902382089636, "target": "765.xyz", "model": "17.xyz", "model_rescale": 3.901054581598922, "target_rescale": 3.9415056753583837},
{"mapping": [7, 0, 1, 11, 3, 4, 8, 2, 9, 12, 13, 5, 10, 14], "R": [[-0.2254626377639544, 0.71319097840272, -0.6637207449654491], [-0.9524582663240236, -0.3046453029377083, -0.0038066138531972493], [-0.2049142500744038, 0.6313080608727903, 0.7479707764301236]], "T": [-0.09545148802618422, 0.053273612428749464, -0.00738022021669868], "aligned_model": [[-0.08234008141203292, 0.3849401399780896, -0.23177920331387394, -0.5679211242707917, 0.5774997831185096, -0.6532002886983662, -0.029807266234663496, 0.6432782167430305, -0.17802782310772344, 0.09296315940175587, 0.4198134357490281, 0.08203794530464364, -0.7802452857629002, -0.09596056688823348], [-0.48110801355725735, -0.02358979115576841, 0.07432834978593172, -0.5236251639520605, -0.302699821512209, 0.5531782118968521, 0.6970370673772915, 0.42383217422940167, -0.019524640867615933, -0.6317232189658984, -0.02424217119147523, 0.44873027090627715, 0.2592358093157746, 0.012053083740047085], [-0.39973387780433234, -0.5894630488865471, -0.6905031970774501, 0.2766818039327612, -0.06922996157264863, -0.2615172633434071, -0.1546137162628603, 0.019131617817076535, 0.6422898379942314, 0.2100004727877822, 0.49857981764918435, 0.4422836312516063, 0.39398093406166024, 0.028736552849337654]], "inverted": false, "swapped": false, "error_lsq": 0.04236516654174016, "error_max": 0.27942021098675274, "target": "765.xyz", "model": "18.xyz", "model_rescale": 3.9405287249114394, "target_rescale": 3.9415056753583837},
{"mapping": [2, 0, 1, 10, 8, 3, 12, 7, 11, 5, 9, 13, 14, 15], "R": [[-0.5965306102054002, 0.5841250390847803, -0.5504081847158317], [-0.712998137221508, -0.07082682999279366, 0.6975795413225878], [0.36849000991428926, 0.808567559865826, 0.45873043688640425]], "T": [0.027774348243739578, 0.15337680151173555, -0.02831568926778333], "aligned_model": [[-0.3106792506013254, 0.40366161961339964, -0.19297570672004755, -0.6414969894682981, 0.6380424988188498, -0.7412026359472201, -0.1803665113957875, 0.6688375346527423, -0.18640002445993725, 0.2555426231935671, 0.4379217768308036, 0.013008359540648152, -0.5877035301403277, 0.0050612766894047485], [-0.6295956759498982, 0.1520576184788479, 0.03340127633320922, -0.20947362564366395, -0.2524494058106136, 0.27437361343798006, 0.6292355360310843, 0.2810708179384628, -0.11731869794078059, -0.6300792218830964, -0.1111755589879645, 0.49407117027419983, 0.4271207075232058, 0.12064359224831822], [-0.19483458903433232, -0.603972945744542, -0.6385572074972958, 0.16743793388338635, -0.215799100213791, -0.3739495477976252, -0.20259968032707568, 0.2331375152283363, 0.6041924028171763, 0.1316246592738029, 0.5639688558066185, 0.5505099822803377, 0.35377097265280305, -0.028305647931404415]], "inverted": false, "swapped": false, "error_lsq": 0.041587827286155746, "error_max": 0.29490066850012187, "target": "765.xyz", "model": "19.xyz", "model_rescale": 4.410303926677745, "target_rescale": 3.9415056753583837},
{"mapping": [9, 7, 8, 10, 12, 5, 1, 2, 6, 11, 4, 0, 3, 13], "R": [[0.8055278328590518, 0.48694380046533825, -0.33765462484285946], [-0.010565416359521379, -0.5579321352748203, -0.829819320337162], [-0.5924637393685367, 0.6720100204729482, -0.4442850998147454]], "T": [-0.016251340260532772, 0.07999675794419243, 0.07398141022626983], "aligned_model": [[-0.11395637836556152, 0.4270772695821716, -0.2306533119119456, -0.694409920838856, 0.4733181992390238, -0.7637165596338157, 0.05241457616097502, 0.5382156845714451, -0.05482855888654821, 0.05661278658479465, 0.48952742003011673, -0.01960272984379239, -0.5223218159031244, -0.05642562017841123], [-0.4873239742468927, 0.25199092426259534, -0.027115272423490364, -0.37036997665739485, -0.3782738782916975, 0.20163826471261354, 0.7130536669745323, 0.4072362399624431, -0.07283032076475802, -0.6981523143448516, -0.181353119693341, 0.6860317611381289, 0.3617273767372578, 0.05562276868414617], [-0.30345419904196014, -0.45585905199711074, -0.656509102312928, -0.03739523436104433, -0.2738470349111486, -0.28037690084705413, -0.32306245765653874, 0.22918890855187826, 0.6322479284726245, 0.3502207354651792, 0.4874756449037827, 0.45591035075621944, 0.5104252529136932, 0.011658763460801955]], "inverted": false, "swapped": false, "error_lsq": 0.04554977865820302, "error_max": 0.2953572326247191, "target": "765.xyz", "model": "20.xyz", "model_rescale": 4.121658175737393, "target_rescale": 3.9415056753583837},
{"mapping": [9, 0, 2, 3, 5, 10, 1, 8, 7, 11, 6, 12, 13], "R": [[-0.9858836773305435, -0.12295800962127922, 0.11364287326171557], [-0.16114605123493297, 0.5125996308445002, -0.8433703626696106], [0.04544584628536799, -0.8497781747774272, -0.525177806773431]], "T": [-0.013729234785010036, -0.046665713241892726, 0.0976772589482302], "aligned_model": [[-0.016254437256275834, 0.14397136062331517, 0.1439154443299528, 0.6254636297474787, 0.6059181624187449, -0.31768606772643604, -0.5045162521750819, 0.2923533036385191, -0.6522906237573811, -0.09662419608171363, -0.04262946582449373, 0.6449004979840731, 0.0545615487435928], [-0.5865679839129766, 0.05771211304551471, 0.5986741472531993, -0.24913671623195555, 0.40727465435624205, -0.6058066671019338, 0.47077782013214386, -0.6198434955959705, -0.09422588644815777, -0.0397740572610934, 0.42431219624206024, -0.13159102578215903, -0.09097819453173042], [0.6040950296571737, 0.7332690501541207, 0.40879363438141897, 0.27838004217918194, -0.044454662598893274, -0.008547118240752938, 0.35154403081155416, -0.22897683437174177, -0.18103465325362234, -0.7179011360340037, -0.32273239961635436, -0.48540609198800366, -0.016919151598288162]], "inverted": false, "swapped": true, "error_lsq": 0.050021837882213996, "error_max": 0.290113827995165, "target": "765.xyz", "model": "21.xyz", "model_rescale": 4.08911054899281, "target_rescale": 3.9415056753583837},
{"mapping": [4, 12, 14, 1, 7, 15, 9, 10, 8, 0, 6, 5, 11, 16], "R": [[-0.5654707142802868, -0.25413377322766667, 0.7846393417337747], [-0.08977689118288297, -0.9267263819417795, -0.3648538376153333], [0.8198676607238995, -0.2767566409648883, 0.5012212890340483]], "T": [-0.07746403429193868, -0.01585451445126653, -0.057480248037081245], "aligned_model": [[-0.15077086162691722, 0.39349229479784176, -0.20007981633564972, -0.6432478981258446, 0.6040382376213262, -0.749792239994463, 0.06575685615567076, 0.5973505390558912, -0.20354524471909297, 0.11432202258634325, 0.34450509659367967, 0.06457946770295689, -0.597761010978511, -0.05759640212675979], [-0.634078169015229, 0.24104847580893987, 0.25457744701964813, -0.36779000475571266, -0.21920284156522762, 0.19972484169018087, 0.6639460439888115, 0.39252425199613517, 0.028246267874523424, -0.7289568496809417, -0.22655070918761858, 0.5660193132091187, 0.3499829549834095, -0.05760887631674705], [-0.37167414974654644, -0.564600052146256, -0.6263866640282059, 0.3738298623885669, -0.05693321381009709, -0.23915947887163916, -0.21529846259570096, 0.11277686320125024, 0.6229024879546178, 0.176576510157035, 0.5196794306088077, 0.31531399303035546, 0.3683683544813402, -0.06877187722713356]], "inverted": true, "swapped": false, "error_lsq": 0.03942869609532212, "error_max": 0.23387332794066001, "target": "765.xyz", "model": "22.xyz", "model_rescale": 4.204369325754507, "target_rescale": 3.9415056753583837},
{"mapping": [2, 0, 1, 10, 8, 3, 12, 7, 11, 5, 9, 13, 14, 15], "R": [[-0.5965306102054002, 0.5841250390847803, -0.5504081847158317], [-0.712998137221508, -0.07082682999279366, 0.6975795413225878], [0.36849000991428926, 0.808567559865826, 0.45873043688640425]], "T": [0.027774348243739578, 0.15337680151173555, -0.02831568926778333], "aligned_model": [[-0.3106792506013254, 0.40366161961339964, -0.19297570672004755, -0.6414969894682981, 0.6380424988188498, -0.7412026359472201, -0.1803665113957875, 0.6688375346527423, -0.18640002445993725, 0.2555426231935671, 0.4379217768308036, 0.013008359540648152, -0.5877035301403277, 0.0050612766894047485], [-0.6295956759498982, 0.1520576184788479, 0.03340127633320922, -0.20947362564366395, -0.2524494058106136, 0.27437361343798006, 0.6292355360310843, 0.2810708179384628, -0.11731869794078059, -0.6300792218830964, -0.1111755589879645, 0.49407117027419983, 0.4271207075232058, 0.12064359224831822], [-0.19483458903433232, -0.603972945744542, -0.6385572074972958, 0.16743793388338635, -0.215799100213791, -0.3739495477976252, -0.20259968032707568, 0.2331375152283363, 0.6041924028171763, 0.1316246592738029, 0.5639688558066185, 0.5505099822803377, 0.35377097265280305, -0.028305647931404415]], "inverted": false, "swapped": false, "error_lsq": 0.041587827286155746, "error_max": 0.29490066850012187, "target": "765.xyz", "model": "23.xyz", "model_rescale": 4.410303926677745, "target_rescale": 3.9415056753583837},
{"mapping": [5, 15, 4, 0, 6, 3, 10, 14, 7, 12, 13, 11, 1, 16], "R": [[0.0037886600735702047, 0.5700809147500179, 0.8215798176030311], [0.8619539376405951, -0.4183860157036814, 0.28633643018217514], [0.5069724405139986, 0.7070791274683348, -0.49296861163556693]], "T": [0.018994406262209374, 0.11959807531103897, -0.012729020101640877], "aligned_model": [[0.04665351403739551, 0.569818599011802, -0.3426595460164739, -0.5139543660339495, 0.5876411085767923, -0.8583299859307842, -0.2532064989323649, 0.6626638441549305, -0.1526709378427672, 0.0017919675547933174, 0.4336727218484162, 0.13806377124764505, -0.6371827132649545, -0.101050437804009], [-0.3599133171805373, 0.11307615438289934, 0.08047501471848637, -0.3850334946765521, -0.3842450588876648, 0.14286398640195913, 0.6714872703562575, 0.2753737322303654, 0.0050582342124232405, -0.6651835077209673, -0.20981728977645878, 0.6214699777994088, 0.43235466019230206, 0.12391578399736901], [-0.4188150105713965, -0.4664518033778567, -0.5971605198706297, 0.16531141285122342, -0.03882717764914707, -0.21024254591282418, -0.22511764945643917, 0.12717662470533686, 0.6192065233810164, 0.16046964565532507, 0.4495631339048852, 0.35424314018498343, 0.44328661120147633, -0.01601878164955959]], "inverted": false, "swapped": false, "error_lsq": 0.04169548631148639, "error_max": 0.24018142554689567, "target": "765.xyz", "model": "24.xyz", "model_rescale": 4.28219845311461, "target_rescale": 3.9415056753583837},
{"mapping": [1, 6, 0, 3, 10, 4, 2, 14, 9, 5, 11, 13, 7, 15], "R": [[0.5253315831651617, -0.516581605705225, -0.6761436033685422], [-0.7166229335301773, -0.6970395979638704, -0.02423571762851978], [-0.45877913952989197, 0.49727180044456337, -0.7363711412153755]], "T": [-0.02291063068580378, 0.050907117323199726, 0.0957822931616587], "aligned_model": [[-0.28565455776423787, 0.4639817266588774, -0.2078877673087407, -0.6929701604357548, 0.7240878621873379, -0.6508593091930324, 0.08376258260265065, 0.6459294454219917, -0.20661599525343388, 0.09003269169770994, 0.3888076453183408, -0.09696065469042695, -0.630794568647163, -0.04360789998764753], [-0.43584228332735275, 0.05257457741869186, 0.1662927283843628, -0.33616046260048915, -0.1786419803285044, 0.2707452300251393, 0.6202272334648995, 0.4134152343662479, -0.17739691125140425, -0.7795688289994253, -0.10684241914516465, 0.5811260860488998, 0.3064927615200252, 0.06546118047336497], [-0.22658093147229613, -0.6625910890829918, -0.6903625991594882, 0.13105636328573073, -0.0420773537275651, -0.2075331109812676, -0.26928681715998554, 0.058560759546678, 0.7048826900130729, 0.24689215194875386, 0.41528224026147553, 0.353271897001065, 0.5089397718538751, 0.026169631069338256]], "inverted": true, "swapped": false, "error_lsq": 0.035192309466413586, "error_max": 0.237907225912198, "target": "765.xyz", "model": "25.xyz", "model_rescale": 4.100010024507729, "target_rescale": 3.9415056753583837},
{"mapping": [7, 1, 2, 0, 11, 12, 6, 3, 9, 8, 10, 13], "R": [[-0.74361316952507, -0.5561351626265038, -0.3711510945683332], [-0.6222802075638424, 0.3726226720110606, 0.6884182504681575], [-0.24455428310127977, 0.7428768573550597, -0.6231590306038173]], "T": [0.0056747453758944355, -0.020155906730213204, -0.03486877914906078], "aligned_model": [[-0.6628496543123631, -0.1296447044375161, 0.4179013697977131, 0.5436298036023482, -0.5730970173695948, 0.12372465023666948, -0.21309274193713276, 0.5756205383048156, 0.2448999852150357, -0.053618025039599226, -0.37506783020822765, -0.021640771489141654], [-0.22195013757806367, -0.6662106274171021, -0.3248266965240304, -0.3975180195266021, 0.5004879405469982, 0.8417610806623413, 0.12192595842458323, 0.32362242576332423, -0.2233575748544734, 0.5741421158396723, 0.020322244961764345, 0.11773267975222754], [-0.04242939968749347, 0.33576579682292956, 0.48987277573674576, -0.12399411009012873, 0.22211452543160465, 0.1205498636936429, 0.5407641122663616, -0.2328429497346424, -0.7052717652018918, -0.4498584355753411, -0.5542035375252512, -0.03527458628217926]], "inverted": false, "swapped": true, "error_lsq": 0.043650782110929744, "error_max": 0.2532477781514576, "target": "765.xyz", "model": "26.xyz", "model_rescale": 3.6694154284099745, "target_rescale": 3.9415056753583837},
{"mapping": [7, 1, 3, 9, 5, 12, 6, 0, 10, 8, 4, 2, 11, 13], "R": [[-0.7153086274084475, 0.006008383940594525, -0.6987828467252656], [-0.1234661428852219, -0.9853184351654164, 0.11791392150302553], [-0.6878151489434422, 0.1706208681422003, 0.7055486094085317]], "T": [-0.019352559733624746, -0.03368782553339652, 0.04838962538463002], "aligned_model": [[-0.02236465541202635, 0.5007243736607571, -0.45854381918040255, -0.6252497801661465, 0.6692443512169338, -0.6321401330682491, -0.048716537751588754, 0.5658034632236183, -0.21022768201739822, 0.06137804116664074, 0.42632205865315004, 0.014903989912778321, -0.6454756066121192, -0.014407023019475374], [-0.4345004801987312, 0.2742851243694239, -0.0767739902142211, -0.3463394227981463, -0.2974771358365133, 0.44237585734424845, 0.5208697474222761, 0.26164989466822575, -0.1479151100836749, -0.6133828606978551, -0.09138280576979688, 0.5757648564124034, 0.3774451609178377, 0.017263310513814155], [-0.4368615135714729, -0.5952867678247217, -0.6284307646541105, 0.047354023966192794, -0.23836461385222082, -0.11770544729690705, -0.355087867019675, 0.1338378726230178, 0.6073256995917445, 0.30489192306246515, 0.7365582049276448, 0.3475945108371877, 0.4668571472599507, 0.07394119534729925]], "inverted": false, "swapped": false, "error_lsq": 0.043558491999182006, "error_max": 0.25631142537084733, "target": "765.xyz", "model": "27.xyz", "model_rescale": 4.103607728864725, "target_rescale": 3.9415056753583837},
