[{"mapping": [1, 5, 8, 6, 7, 2, 4, 0, 3, 9, 10, 11], "R": [[-0.9174284582527323, -0.35339495518091046, 0.1828579493505738], [-0.07363125972480691, 0.6024002806108009, 0.7947907520293417], [-0.3910287221923126, 0.7156995931064308, -0.5786800764221425]], "T": [-0.1012992127676081, 0.0023007346862232644, -0.02676075757612662], "aligned_model": [[-0.06023620103969122, 0.6593361137980271, -0.7239232814426875, -0.2960590948336703, 0.5032767602568887, -0.5079819144167015, -0.26653876000097615, 0.14932653369551063, -0.23385500020931166, -0.28077045977514103, 0.41361868766463006, -0.055092312879448886], [-0.4441953447295555, -0.28897002370424896, 0.0426231248424653, 0.2619002587593333, 0.2178991368581138, -0.6896301167603601, -0.28493610944869097, -0.5440569584329249, 0.3864862345374852, 0.5803860261091177, 0.4260898778306423, -0.04955784699934123], [-0.5752456157564836, -0.18576257460013826, -0.1443059176202043, -0.6747045536677205, -0.7228990568302497, -0.09451858060951218, 0.7098119504066379, 0.11977046906457484, 0.5289936663438913, -0.08120239390378903, 0.10371400600763878, -0.023956154861015502]], "inverted": false, "swapped": false, "error_lsq": 0.04803412611181807, "error_max": 0.29347787255590546, "target": "766.xyz", "model": "0.xyz", "model_rescale": 3.751011558992144, "target_rescale": 3.58017117428769},
{"mapping": [11, 10, 7, 6, 4, 12, 13, 9, 0, 1, 8, 14], "R": [[0.7918632700059062, 0.24658814691671121, -0.5587010358105093], [0.2846250985644418, 0.660400100565575, 0.6948814722239759], [0.5403157547978177, -0.7092714522474178, 0.4527614075250935]], "T": [-0.010224633531930788, -0.0047781245884203835, 0.04024371128248706], "aligned_model": [[-0.19292279385668545, 0.5826278027172013, -0.6236459007990895, -0.2747206314733669, 0.5007609310013711, -0.5539526483079455, -0.049270110823330826, 0.23573020675066245, -0.4977475726836299, -0.2325929232421133, 0.435639081208992, -0.028804369674637106], [-0.5539633310865598, -0.2967387571015622, 0.08676417407783293, 0.06400620196646431, 0.42552440036908534, -0.5107885705525825, -0.45797466004444654, -0.6144763975935632, 0.49611353333498714, 0.597823134255259, 0.4338539856742891, -0.056105454437167655], [-0.5090722088438299, -0.44528561432499436, -0.1943013381568386, -0.6590676133530402, -0.3832034043808342, 0.05722542497972171, 0.6064508723589965, 0.08455910105177787, 0.3350884998121708, -0.2301441878683761, 0.26211230271394703, 0.03533340998492909]], "inverted": true, "swapped": false, "error_lsq": 0.048640971104425085, "error_max": 0.26109885245627773, "target": "766.xyz", "model": "1.xyz", "model_rescale": 3.9405287249114394, "target_rescale": 3.58017117428769},
{"mapping": [6, 7, 5, 0, 1, 11, 10, 3, 9, 2, 4, 12], "R": [[-0.966783030680691, -0.039097671942408936, 0.25259046624237813], [0.2541179557338669, -0.04081662877447623, 0.9663115788342428], [-0.027470641810825452, 0.9984014096865901, 0.04939624453671515]], "T": [-0.006889776878575102, -0.013940759615527997, -0.06840652277545049], "aligned_model": [[-0.054450685206051175, 0.6362287708614294, -0.6786248647238665, -0.35786684424106824, 0.3744706211933236, -0.6044265475127361, -0.15790956750576407, 0.3219483973244141, -0.4972728484332618, -0.2547290933335642, 0.5833005655160545, -0.009566833121481048], [-0.44479522875034844, -0.4079862456826029, 0.23063998077929143, 0.0049743724630899495, 0.43986139826987813, -0.39930875409204303, -0.41622287526382623, -0.38865622146207457, 0.051491490916678206, 0.5985755920452346, 0.2714213088606654, 0.07404344077809351], [-0.3962145150743588, -0.31343007596797795, -0.1988998695872683, -0.8295814725997015, -0.5936247446977841, -0.023067735733567345, 0.6574372907139389, 0.21133166984197704, 0.5684797863982833, -0.2344457340748407, 0.18047009625877808, -0.06875945150384864]], "inverted": true, "swapped": false, "error_lsq": 0.054404101310530695, "error_max": 0.32444798227048516, "target": "766.xyz", "model": "2.xyz", "model_rescale": 3.932901565614263, "target_rescale": 3.58017117428769},
{"mapping": [1, 0, 12, 6, 4, 11, 8, 3, 9, 5, 7, 13], "R": [[-0.7145402013963797, 0.0890422698438242, -0.6939047303264911], [-0.4179376354229564, -0.8497516856939666, 0.3213257001195674], [-0.561035144608151, 0.5196090326787264, 0.644395856343901]], "T": [-0.03811366717335047, -0.12228213115189837, -0.10959075040770393], "aligned_model": [[0.0038621090250128207, 0.5546125289210878, -0.6867492887870744, -0.3076691293810577, 0.5378374982761395, -0.5962755665648075, -0.11717844304303462, 0.23532077665169504, -0.33408926488212326, -0.19783542463101672, 0.33577120838883473, -0.12650593315622718], [-0.6245281819265572, -0.30076272967819173, 0.2710699662351691, 0.20494173651879768, 0.41724117741544386, -0.7447654023342825, -0.30392836929069533, -0.47934388995175814, 0.33420934452232265, 0.5753027506331189, 0.31991154514711717, -0.055309688428448495], [-0.6525047027113421, -0.3660486642183726, -0.19720221092804813, -0.6452741026806474, -0.4843189973650127, 0.20454070222515108, 0.5971907794292103, 0.13212392315196592, 0.3841773303615495, -0.17788407771194942, 0.3080423419283237, -0.14314707750719852]], "inverted": false, "swapped": false, "error_lsq": 0.04362486374376321, "error_max": 0.22789991841983478, "target": "766.xyz", "model": "3.xyz", "model_rescale": 3.9243930471874484, "target_rescale": 3.58017117428769},
{"mapping": [3, 2, 11, 6, 0, 10, 8, 4, 9, 5, 1, 12], "R": [[0.42110726184657543, -0.09632144542604343, -0.9018818399164703], [-0.9047538845501406, -0.11471203258193918, -0.4101969746016553], [-0.06394593350253597, 0.9887180228619069, -0.13545327185613268]], "T": [-0.10740422616575607, -0.07201870700626928, 0.0028871616227258007], "aligned_model": [[0.0446099422847894, 0.7377448635128864, -0.838292024666467, -0.4588169862789534, 0.5029680099049734, -0.5896190137310131, -0.15004621115246713, 0.20574488942392566, -0.3840810354163499, -0.04807689026548928, 0.34511622227661887, -0.0661506950750255], [-0.38179843484888615, -0.3022559510528171, 0.22989594710799394, 0.04734397103503632, 0.2492085568603063, -0.5863799233429345, -0.351420198473924, -0.5732878677718818, 0.26196493943347204, 0.5552834542567844, 0.44481842322817416, 0.020665342430712205], [-0.5749377107847515, -0.28681668367931784, 0.03089874889240833, -0.616611133659144, -0.4946880907194733, -0.0025125884615472965, 0.5654285704081331, 0.057970092833900685, 0.559297315116171, -0.4173453519510834, 0.1985013853770874, -0.059489309398753284]], "inverted": false, "swapped": false, "error_lsq": 0.05416488226185437, "error_max": 0.3831895708977892, "target": "766.xyz", "model": "4.xyz", "model_rescale": 3.8936222436046832, "target_rescale": 3.58017117428769},
{"mapping": [9, 0, 7, 6, 1, 8, 10, 3, 4, 5, 2, 11], "R": [[-0.18629904065063402, -0.5065701008582475, -0.8418309808798428], [-0.9823293828055004, 0.11167992914343183, 0.15018847193936918], [0.017934634917334213, 0.8549352761133342, -0.5184245581831545]], "T": [-0.11402312262961212, -0.10392301332354004, -0.0780989040714391], "aligned_model": [[-0.014475832299270075, 0.7176071077403351, -0.7501714025107007, -0.4753247401225099, 0.41665516977800154, -0.4361467766152233, -0.2826850556555934, 0.18994442396089534, -0.06666006595919893, -0.32415879085692734, 0.438979554732967, -0.11246252137534651], [-0.44816896815254936, -0.3497805413580671, 0.00961563931579898, 0.19807553676929807, 0.3420802710213073, -0.767563229085216, -0.15613917877390088, -0.5518149553951235, 0.5423268967222616, 0.6581280149846733, 0.07162739294292064, 0.06565137987063277], [-0.5817068899026885, -0.2532089975001195, -0.031495602158046754, -0.7206459023887253, -0.4812990869607786, -0.03710083219509083, 0.5287734250873919, 0.11497768997424429, 0.38096796854678766, -0.2577988991741593, 0.3915057792672411, -0.09327340862242654]], "inverted": false, "swapped": false, "error_lsq": 0.0601510528814922, "error_max": 0.36929880254025665, "target": "766.xyz", "model": "5.xyz", "model_rescale": 3.6523030999806103, "target_rescale": 3.58017117428769},
{"mapping": [5, 8, 3, 1, 6, 7, 11, 9, 4, 2, 10, 12], "R": [[-0.7454674450476936, 0.4628978920700269, -0.4795871452522367], [0.21081840938165977, 0.8463226603214643, 0.48917640263220646], [0.6323241942546967, 0.2635592839258852, -0.7284933885881352]], "T": [-0.039179155244220505, -0.04420300801431307, -0.14545738721844617], "aligned_model": [[-0.15507303132673086, 0.4631591414665734, -0.732714234429851, -0.2558643250298692, 0.450340405305228, -0.4190261452483838, -0.27407683811491995, 0.40674710917188905, -0.2513832297624921, -0.25137755641874593, 0.4436304868307798, -0.12326071162604887], [-0.5284250036644746, -0.3503048085989062, -0.03261726142709612, 0.2719869424454643, 0.31808365565685426, -0.5630024433957959, -0.26474369013802945, -0.44810077511240465, 0.311529694722953, 0.6828739212047402, 0.3196764882976667, -0.10291846112893574], [-0.6102166780367052, -0.47357478389692065, -0.10652709871478983, -0.7246346644114061, -0.3729292211619014, 0.08558691530774831, 0.6735382716536635, 0.2553907581155589, 0.25147494566463013, -0.1958817042240831, 0.3476547738059431, -0.1701862701281076]], "inverted": false, "swapped": false, "error_lsq": 0.05163380851458197, "error_max": 0.24669597372706664, "target": "766.xyz", "model": "6.xyz", "model_rescale": 4.08911054899281, "target_rescale": 3.58017117428769},
{"mapping": [11, 13, 8, 10, 5, 9, 0, 1, 3, 4, 6, 14], "R": [[-0.9122745620676487, -0.37318220840809596, 0.1687902921732659], [0.3895572539218994, -0.6633003192830165, 0.638966221607901], [-0.1264921709874124, 0.6486661127010606, 0.7504878446132132]], "T": [0.08445285243532433, -0.01676923112590884, -0.16042455272152784], "aligned_model": [[-0.06100563428988259, 0.6483346233679298, -0.5737819117377474, -0.2218504621041177, 0.27495795937318634, -0.5207736060987628, -0.010940329688835057, 0.1344138112810234, -0.3632053915196197, -0.2009826250273725, 0.21578433456747445, -0.01984969730584797], [-0.4391035282875207, -0.4324383944711057, 0.13347786047834945, 0.10705289455962624, 0.6202601222072364, -0.4606829555349827, -0.16810746207508093, -0.6718430736903616, 0.24104453742757243, 0.6247061964264864, 0.20314013955907134, -0.143468077737255], [-0.5412219175204149, -0.37291224037762705, -0.2568702886742708, -0.8008316569879081, -0.5324496013484672, 0.06584706962502751, 0.762967597863093, 0.16565553289311996, 0.4392300091965828, -0.09809194685293987, 0.26798515414724067, -0.1396124679898059]], "inverted": true, "swapped": false, "error_lsq": 0.057269075532965584, "error_max": 0.3872347915620308, "target": "766.xyz", "model": "7.xyz", "model_rescale": 3.964800864290218, "target_rescale": 3.58017117428769},
{"mapping": [6, 0, 9, 4, 2, 10, 5, 3, 8, 12, 1, 13], "R": [[-0.004643418784083392, -0.27656523607655414, -0.9609839274701297], [0.9976619954146712, -0.06680583665285575, 0.014405661884438203], [-0.06818344056449788, -0.9586702511202858, 0.2762288327632649]], "T": [-0.03430463868040076, -0.010241246493376321, -0.14799182341323372], "aligned_model": [[-0.05081118171746436, 0.6350262387044355, -0.6844951348794854, -0.08811763386206262, 0.41817662333569305, -0.6163050881478913, -0.14401572428289278, 0.24610749472728857, -0.35427510930193995, -0.46420866271056815, 0.4841953485714876, -0.080176099619172], [-0.4006748749767547, -0.24919390070184685, 0.14896268950332678, 0.10783173681520074, 0.31975387886328677, -0.4649903553292571, -0.3535583741684564, -0.6742138098767891, 0.29313773596202874, 0.5815543803585109, 0.3067797507694233, -0.001350598356637098], [-0.5767049430687994, -0.23775360898323863, 0.01251721746658696, -0.8395526140716061, -0.5015065367127726, 0.21202586759630934, 0.6064401155376805, -0.0675420489311692, 0.4817999456198607, -0.33676524169615984, 0.2922073834087303, -0.08547029219179235]], "inverted": false, "swapped": false, "error_lsq": 0.04882357175121301, "error_max": 0.2833857990690227, "target": "766.xyz", "model": "8.xyz", "model_rescale": 4.121658175737393, "target_rescale": 3.58017117428769},
{"mapping": [2, 10, 6, 1, 0, 8, 7, 11, 9, 4, 5, 12], "R": [[-0.4997867179084603, 0.8419311877532948, 0.20338414808095537], [-0.8581207813111854, -0.5132057634648737, 0.015766072063689685], [0.11765186477132586, -0.1666484906465195, 0.9789720727789262]], "T": [-0.020392779302909912, -0.12002851865336883, -0.07338354232007001], "aligned_model": [[-0.18692835212225992, 0.7318069014170919, -0.7034383355151802, -0.29908492019194327, 0.3633986643473069, -0.5277140860428411, -0.062279027510373196, 0.195000169156003, -0.41584357515734055, -0.13183675866261554, 0.3945442554183663, -0.056523864318786095], [-0.41265093962999433, -0.2218042181674854, -0.016541784805191875, 0.2031759080230538, 0.2955771398890336, -0.6392503332776194, -0.2642075335040152, -0.6741164328789927, 0.4042045197878621, 0.7452755632041927, 0.26887464403139233, -0.07449827381019984], [-0.6808244633867986, -0.05554600021066734, -0.019334359624303993, -0.6144947184169819, -0.6200098383310623, -0.01349083263609438, 0.5843921521237161, 0.14938210946848102, 0.43846429297839035, -0.2375694220535023, 0.16806933827215087, -0.13934301420969808]], "inverted": false, "swapped": false, "error_lsq": 0.05597471456720448, "error_max": 0.36480774362813817, "target": "766.xyz", "model": "9.xyz", "model_rescale": 3.833441315466971, "target_rescale": 3.58017117428769},
{"mapping": [2, 3, 0, 5, 4, 8, 11, 7, 12, 1, 6, 14], "R": [[0.4581718340034713, -0.683723243494026, 0.5679798384026534], [0.006559012856399371, 0.6415786918227078, 0.7670291790730082], [-0.8888394398744045, -0.3477057786477985, 0.2984378354342543]], "T": [-0.1433013740516732, -0.050677070604808604, -0.0427109965088911], "aligned_model": [[-0.12157136877442304, 0.5537416370979356, -0.7190447861078453, -0.17894056012524645, 0.4956129424935003, -0.45985622992421127, -0.17143925790735684, 0.29105611723927516, -0.2364184368114927, -0.3306890740264713, 0.27241552364603006, -0.09376543598226603], [-0.4486735318441249, -0.43522678802656256, 0.26469064524425273, 0.19560870675438116, 0.25861836770296026, -0.7500943412156617, -0.34312383572984706, -0.4414535409866531, 0.31231993798085556, 0.660757322272928, 0.4663220771194256, -0.12570676040991818], [-0.6408555264005108, -0.38994925071767994, -0.22405511408023343, -0.6716055550428344, -0.4060805164825094, 0.09207723432570972, 0.5729351925506979, 0.2775097035358705, 0.42907544001892584, -0.10871014379631058, 0.10261935223468097, -0.07326557217217625]], "inverted": true, "swapped": false, "error_lsq": 0.043867147993729434, "error_max": 0.2058157537825947, "target": "766.xyz", "model": "10.xyz", "model_rescale": 4.2482417240324, "target_rescale": 3.58017117428769},
{"mapping": [8, 0, 7, 3, 1, 9, 4, 10, 5, 2, 6, 11], "R": [[-0.7692688397665403, -0.557277274266077, 0.3125179862836898], [0.4711534757032938, -0.16440151137917924, 0.8665947988471586], [-0.43155515811648765, 0.8138883109142269, 0.3890320846154468]], "T": [-0.02388284966052317, 0.013201306753933571, -0.12220746649953544], "aligned_model": [[-0.09360265792255693, 0.6744898138153206, -0.6976768043819153, -0.4051100590263947, 0.47412448586155087, -0.5058510730444999, 0.0741438003070326, 0.0778227874215246, -0.4161183244221028, -0.06911778659968623, 0.25731081873515754, -0.06931392992600227], [-0.32202943712525584, -0.277173448512192, 0.0045324314569292964, 0.23729616431407552, 0.16715246618435417, -0.6028976738621935, -0.2204483245803671, -0.6228810551979792, 0.1891008549542881, 0.7361868242464409, 0.3814787569040276, -0.05627929992009232], [-0.6317340366103832, -0.07980934923419407, -0.18916121081113638, -0.8022949138957912, -0.5991081773759559, 0.13748385001060137, 0.7154310031911357, -0.1146209828672559, 0.4937445215669041, -0.2738749592620873, 0.3314267239095443, -0.027787224647751865]], "inverted": false, "swapped": false, "error_lsq": 0.06231849684117368, "error_max": 0.3130982446409932, "target": "766.xyz", "model": "11.xyz", "model_rescale": 3.6694154284099745, "target_rescale": 3.58017117428769},
{"mapping": [0, 5, 3, 1, 12, 4, 11, 6, 8, 2, 10, 13], "R": [[0.8016248031174499, 0.4168865264175611, -0.4284895554367807], [0.3895191883351299, -0.9079435954197169, -0.15463902953348888], [-0.4535112754338655, -0.042942422239758894, -0.8902154073181001]], "T": [0.08578289012343021, -0.039827790148594576, 0.004938345066402283], "aligned_model": [[0.01339475517593583, 0.7395050869867178, -0.7552619285701022, -0.42840683617792197, 0.4089053633109673, -0.5371229769750437, -0.18302081362045425, 0.2023851825592864, -0.38531899062961494, -0.21005094162918114, 0.39847908695353396, 0.03761408343330552], [-0.48094343780199544, -0.41319436611441207, 0.13460011116894696, 0.16248313259788974, 0.28918999918103716, -0.43050133600376495, -0.3434923624134557, -0.5842080152501011, 0.35677032108537615, 0.5187924015812494, 0.4986524263664291, -0.0941106155351635], [-0.5526590076349913, -0.2740159195657776, -0.053946464469182165, -0.6362735621882654, -0.49416851913434207, -0.07897298345089981, 0.6218346453566885, 0.10448184998162088, 0.4446778218338177, -0.1585835151682371, 0.1305923629821246, -0.09327146456892672]], "inverted": true, "swapped": false, "error_lsq": 0.04487470420676887, "error_max": 0.25997960409223175, "target": "766.xyz", "model": "12.xyz", "model_rescale": 3.9764082729961374, "target_rescale": 3.58017117428769},
{"mapping": [7, 3, 9, 4, 6, 2, 10, 8, 12, 5, 13, 15], "R": [[0.03239881824307933, -0.5591025129230903, -0.8284652657894218], [-0.9965264343466909, 0.04555322102388326, -0.06971348293278543], [0.07671624485545703, 0.8278461717598474, -0.5556845631091822]], "T": [-0.04637707520152549, 0.007421484595035575, -0.04670951340278656], "aligned_model": [[-0.15976523823228192, 0.5265898892854902, -0.6188392381151472, -0.09396605320058651, 0.36572581881241634, -0.4979181461258836, 0.03584168396224776, 0.1134726835284263, -0.23520181486894848, -0.4629566731310462, 0.31813133602503124, 0.00998682287771048], [-0.48028055529599956, -0.5493200210238359, 0.18963914221437492, 0.13137765221327816, 0.572927257858625, -0.6499620751947833, -0.28333226130059486, -0.6456785539181479, 0.3132909973921999, 0.6415049563038294, 0.38929689072787055, -0.015425171114780756], [-0.6126808410278031, -0.31164573373020493, -0.022565698426664033, -0.7525663540309915, -0.35335789649018384, -0.06144146821770044, 0.6981725133957488, 0.1713758620275786, 0.4805499993411973, -0.40339354070050587, 0.26278255196056416, -0.1355341501274055]], "inverted": true, "swapped": false, "error_lsq": 0.04884525269780351, "error_max": 0.3092152724795496, "target": "766.xyz", "model": "13.xyz", "model_rescale": 4.170626492500431, "target_rescale": 3.58017117428769},
{"mapping": [0, 8, 3, 2, 4, 1, 9, 10, 11, 6, 12, 13], "R": [[0.7774217331655418, 0.5931443571488789, 0.2092730761094903], [-0.5943726781419557, 0.8016340575787184, -0.06406213552668454], [-0.20575851933819034, -0.07458290227876217, 0.9757565384907407]], "T": [-0.04031262422005411, -0.05427713716362054, -0.14000051516344952], "aligned_model": [[-0.14005302904105263, 0.6535123270172207, -0.7134347852954823, -0.29051648432617644, 0.4265390309287378, -0.49105197033407316, -0.3215854995999159, 0.2541928883019872, -0.25043058136604845, -0.3460947075269159, 0.5754167788890348, -0.05539289682988699], [-0.47554603126740247, -0.2972057853314636, 0.08003208417125249, 0.11284455182290815, 0.23415149609985286, -0.6712290178920033, -0.3741550824333282, -0.27267367822310096, 0.28856449327138983, 0.7292297489097166, 0.23192215224404367, 0.028103327490170874], [-0.5504183230551178, -0.24558887505629523, -0.07411277910089527, -0.7251505272925021, -0.5893573735640072, -0.05622170742686049, 0.5491076825598493, 0.28883250469651145, 0.4413511096356934, -0.129824856252813, 0.13326380756391654, -0.08218541873384946]], "inverted": false, "swapped": false, "error_lsq": 0.049399159152358714, "error_max": 0.2943080220552237, "target": "766.xyz", "model": "14.xyz", "model_rescale": 3.9786697098870705, "target_rescale": 3.58017117428769},
{"mapping": [1, 10, 9, 6, 7, 0, 2, 4, 8, 9, 5, 11], "R": [[-0.14205393862834081, 0.9676009988355925, 0.20873185088179463], [0.46201303223665247, -0.12167958049976402, 0.8784862194325507], [0.8754225474384756, 0.2212292628513814, -0.4297592078066098]], "T": [-0.06545957638299732, -0.03170906525706979, -0.08307517135920729], "aligned_model": [[-0.06244662531662328, 0.6142152422754432, -0.5874649522950903, -0.25136256980749816, 0.3642248992999327, -0.5683789470481411, -0.19740345223302008, 0.2634294686252723, -0.05851508698818372, -0.5874649522950903, 0.49182849643904253, -0.11956044983861523], [-0.485503931750531, -0.34196846996069324, 0.28540567799690747, 0.19043482107363768, 0.39235632583283325, -0.49237718039204564, -0.25247920088210674, -0.4738118887907497, 0.31925221500674245, 0.28540567799690747, 0.1897949194236388, -0.00247070669250498], [-0.58778621023432, -0.4492748862300088, -0.2029204682175447, -0.820264334061438, -0.35217701235541743, 0.05353588378095282, 0.7462008846732877, 0.183930108716382, 0.30293788521352816, -0.2029204682175447, 0.4508026951897002, -0.1623688342839478]], "inverted": false, "swapped": false, "error_lsq": 0.06116759744214754, "error_max": 0.4411419967220035, "target": "766.xyz", "model": "15.xyz", "model_rescale": 3.769337070930944, "target_rescale": 3.58017117428769},
{"mapping": [2, 5, 9, 8, 3, 0, 4, 7, 10, 6, 11], "R": [[0.7255740040040379, -0.06092374396351877, -0.6854419465826526], [0.1572336987716149, 0.9844010691211798, 0.07894364498599823], [0.6699402426217919, -0.16505402913757014, 0.7238350908745089]], "T": [0.03988400153717163, 0.07494451671600347, 0.10572314089939519], "aligned_model": [[-0.36077380388631364, -0.3475190038563586, -0.10047643673350364, -0.541113490504115, 0.33564431560946756, 0.37347109893996977, 0.6588267034361964, 0.16422105250277358, 0.1616663885458895, -0.5271362990074785, 0.10581560564464322], [0.12299567644604989, -0.6713210854659011, 0.654429136839767, 0.3654044455063349, 0.1721091813814806, -0.42514897267498464, 0.3998473016507791, -0.37545856720933557, 0.4955913719460707, -0.22810072817398766, 0.08571673737906867], [-0.45967958472217296, -0.15206588052936074, -0.43638380399187937, 0.14557702719258767, -0.6570172621536818, -0.23560849661415503, 0.0453275695550385, 0.4288858058793694, 0.4695367284514299, 0.6340454950598184, -0.03839999090321747]], "inverted": false, "swapped": true, "error_lsq": 0.05170993049326612, "error_max": 0.3312659760936096, "target": "766.xyz", "model": "16.xyz", "model_rescale": 3.7852294659196426, "target_rescale": 3.58017117428769},
{"mapping": [0, 9, 1, 3, 8, 4, 6, 10, 7, 2, 11, 12], "R": [[-0.8075587305436573, -0.5480735438854654, 0.2178630010248261], [-0.5118140776107158, 0.4676704971502058, -0.720645999124932], [0.29307890862736724, -0.6934693191397195, -0.658183148317917]], "T": [-0.12777580604054486, -0.016741424938303252, -0.11540962746403759], "aligned_model": [[-0.0441504467373762, 0.6633044844473267, -0.7841507422739412, -0.42135794827159734, 0.3756516963173028, -0.5114280801538249, -0.043414461383850175, 0.22463449188241982, -0.27405649183052283, -0.23478789776676415, 0.3988323563720666, -0.04797588978381068], [-0.4485711402534351, -0.32241259854260035, 0.18497771440082644, 0.198071763716172, 0.21158234039481427, -0.6092837152494582, -0.2096018368340545, -0.6231643588993744, 0.3355492596473859, 0.5850768544536177, 0.36292017091882217, -0.051106194890679926], [-0.6372113637499469, -0.2827980773070232, -0.167711502726354, -0.8226296716551499, -0.4598438291721667, -0.17449644367640138, 0.7466119853468595, 0.2812177573230361, 0.4727402171294822, -0.13662735223357897, 0.22587176720157676, -0.08542824250670378]], "inverted": true, "swapped": false, "error_lsq": 0.04206224379613083, "error_max": 0.21191839516601088, "target": "766.xyz", "model": "17.xyz", "model_rescale": 3.901054581598922, "target_rescale": 3.58017117428769},
{"mapping": [11, 10, 7, 6, 4, 12, 13, 9, 0, 1, 8, 14], "R": [[0.7918632700059062, 0.24658814691671121, -0.5587010358105093], [0.2846250985644418, 0.660400100565575, 0.6948814722239759], [0.5403157547978177, -0.7092714522474178, 0.4527614075250935]], "T": [-0.010224633531930788, -0.0047781245884203835, 0.04024371128248706], "aligned_model": [[-0.19292279385668545, 0.5826278027172013, -0.6236459007990895, -0.2747206314733669, 0.5007609310013711, -0.5539526483079455, -0.049270110823330826, 0.23573020675066245, -0.4977475726836299, -0.2325929232421133, 0.435639081208992, -0.028804369674637106], [-0.5539633310865598, -0.2967387571015622, 0.08676417407783293, 0.06400620196646431, 0.42552440036908534, -0.5107885705525825, -0.45797466004444654, -0.6144763975935632, 0.49611353333498714, 0.597823134255259, 0.4338539856742891, -0.056105454437167655], [-0.5090722088438299, -0.44528561432499436, -0.1943013381568386, -0.6590676133530402, -0.3832034043808342, 0.05722542497972171, 0.6064508723589965, 0.08455910105177787, 0.3350884998121708, -0.2301441878683761, 0.26211230271394703, 0.03533340998492909]], "inverted": true, "swapped": false, "error_lsq": 0.048640971104425085, "error_max": 0.26109885245627773, "target": "766.xyz", "model": "18.xyz", "model_rescale": 3.9405287249114394, "target_rescale": 3.58017117428769},
{"mapping": [1, 3, 8, 6, 2, 4, 13, 12, 9, 5, 11, 15], "R": [[0.6680143020739966, -0.4445488352800979, 0.5967689881987], [0.7379940290315086, 0.49869242481540227, -0.45461046902328994], [-0.09550761926900114, 0.7440982451819405, 0.6612080581622737]], "T": [-0.05122821284223134, -0.15560792132950133, 0.0004258147555668834], "aligned_model": [[0.07206884641958902, 0.6485551468926763, -0.671849982903307, -0.27623516595158426, 0.27830468655992013, -0.5690019830553715, 0.0465073057534879, 0.11259503383848915, -0.3533077013375588, -0.22794753856691052, 0.269296309270095, -0.027883886102096852], [-0.35730627680685745, -0.5010870211702774, 0.17529137664459996, 0.15478494678287083, 0.4203579503958803, -0.6672917192769935, -0.1863545903659308, -0.676121435847879, 0.39475426201653907, 0.6304665089590316, 0.3556873842126219, -0.12914312668156944], [-0.6157194867395885, -0.34071350558921143, -0.27815348932580497, -0.6409099741020651, -0.5608198229399785, 0.06938263032428885, 0.6643778131108374, 0.049074424808757094, 0.4418545142411304, -0.20480554912637264, 0.39419521828391135, -0.018067528972274153]], "inverted": false, "swapped": false, "error_lsq": 0.051060550989274915, "error_max": 0.25180026089260704, "target": "766.xyz", "model": "19.xyz", "model_rescale": 4.410303926677745, "target_rescale": 3.58017117428769},
{"mapping": [6, 0, 9, 4, 2, 10, 5, 3, 8, 12, 1, 13], "R": [[-0.004643418784083392, -0.27656523607655414, -0.9609839274701297], [0.9976619954146712, -0.06680583665285575, 0.014405661884438203], [-0.06818344056449788, -0.9586702511202858, 0.2762288327632649]], "T": [-0.03430463868040076, -0.010241246493376321, -0.14799182341323372], "aligned_model": [[-0.05081118171746436, 0.6350262387044355, -0.6844951348794854, -0.08811763386206262, 0.41817662333569305, -0.6163050881478913, -0.14401572428289278, 0.24610749472728857, -0.35427510930193995, -0.46420866271056815, 0.4841953485714876, -0.080176099619172], [-0.4006748749767547, -0.24919390070184685, 0.14896268950332678, 0.10783173681520074, 0.31975387886328677, -0.4649903553292571, -0.3535583741684564, -0.6742138098767891, 0.29313773596202874, 0.5815543803585109, 0.3067797507694233, -0.001350598356637098], [-0.5767049430687994, -0.23775360898323863, 0.01251721746658696, -0.8395526140716061, -0.5015065367127726, 0.21202586759630934, 0.6064401155376805, -0.0675420489311692, 0.4817999456198607, -0.33676524169615984, 0.2922073834087303, -0.08547029219179235]], "inverted": false, "swapped": false, "error_lsq": 0.04882357175121301, "error_max": 0.2833857990690227, "target": "766.xyz", "model": "20.xyz", "model_rescale": 4.121658175737393, "target_rescale": 3.58017117428769},
{"mapping": [5, 8, 3, 1, 6, 7, 11, 9, 4, 2, 10, 12], "R": [[-0.7454674450476936, 0.4628978920700269, -0.4795871452522367], [0.21081840938165977, 0.8463226603214643, 0.48917640263220646], [0.6323241942546967, 0.2635592839258852, -0.7284933885881352]], "T": [-0.039179155244220505, -0.04420300801431307, -0.14545738721844617], "aligned_model": [[-0.15507303132673086, 0.4631591414665734, -0.732714234429851, -0.2558643250298692, 0.450340405305228, -0.4190261452483838, -0.27407683811491995, 0.40674710917188905, -0.2513832297624921, -0.25137755641874593, 0.4436304868307798, -0.12326071162604887], [-0.5284250036644746, -0.3503048085989062, -0.03261726142709612, 0.2719869424454643, 0.31808365565685426, -0.5630024433957959, -0.26474369013802945, -0.44810077511240465, 0.311529694722953, 0.6828739212047402, 0.3196764882976667, -0.10291846112893574], [-0.6102166780367052, -0.47357478389692065, -0.10652709871478983, -0.7246346644114061, -0.3729292211619014, 0.08558691530774831, 0.6735382716536635, 0.2553907581155589, 0.25147494566463013, -0.1958817042240831, 0.3476547738059431, -0.1701862701281076]], "inverted": false, "swapped": false, "error_lsq": 0.05163380851458197, "error_max": 0.24669597372706664, "target": "766.xyz", "model": "21.xyz", "model_rescale": 4.08911054899281, "target_rescale": 3.58017117428769},
{"mapping": [6, 8, 13, 0, 1, 10, 9, 5, 14, 4, 15, 16], "R": [[-0.9022087654275819, 0.17692041261414404, 0.39334274009580933], [0.0918926436788094, -0.8122029723161914, 0.5760920705915535], [0.42139658947760567, 0.5559006200402956, 0.7165189564941441]], "T": [-0.06971996578515356, 0.024498359222003448, -0.042838985280308675], "aligned_model": [[-0.10258253295593879, 0.4402837971026711, -0.6946552980510816, -0.2411844992770959, 0.5435262464864979, -0.3987266744692784, -0.11994485692808396, 0.1726479570690015, -0.2500996920526027, -0.33884919269134717, 0.391915451581845, -0.10122963499715878], [-0.4587218847929976, -0.32325635952923293, 0.2317416976907784, 0.15133179059581897, 0.3016646974211651, -0.7031927872251299, -0.33261001780456473, -0.5920413532482733, 0.28939575544091045, 0.5842631548315623, 0.42405771089371563, 0.0414058545882833], [-0.6093920507599664, -0.35863137829600655, -0.09972479347733533, -0.7875487224394306, -0.4636789612447835, 0.07272740359739581, 0.5715702260191718, 0.19978341036073372, 0.5131422282289132, -0.35989579200242033, 0.3555980659815581, -0.0742543919942002]], "inverted": false, "swapped": false, "error_lsq": 0.041182246183472694, "error_max": 0.24483540878656104, "target": "766.xyz", "model": "22.xyz", "model_rescale": 4.204369325754507, "target_rescale": 3.58017117428769},
{"mapping": [1, 3, 8, 6, 2, 4, 13, 12, 9, 5, 11, 15], "R": [[0.6680143020739966, -0.4445488352800979, 0.5967689881987], [0.7379940290315086, 0.49869242481540227, -0.45461046902328994], [-0.09550761926900114, 0.7440982451819405, 0.6612080581622737]], "T": [-0.05122821284223134, -0.15560792132950133, 0.0004258147555668834], "aligned_model": [[0.07206884641958902, 0.6485551468926763, -0.671849982903307, -0.27623516595158426, 0.27830468655992013, -0.5690019830553715, 0.0465073057534879, 0.11259503383848915, -0.3533077013375588, -0.22794753856691052, 0.269296309270095, -0.027883886102096852], [-0.35730627680685745, -0.5010870211702774, 0.17529137664459996, 0.15478494678287083, 0.4203579503958803, -0.6672917192769935, -0.1863545903659308, -0.676121435847879, 0.39475426201653907, 0.6304665089590316, 0.3556873842126219, -0.12914312668156944], [-0.6157194867395885, -0.34071350558921143, -0.27815348932580497, -0.6409099741020651, -0.5608198229399785, 0.06938263032428885, 0.6643778131108374, 0.049074424808757094, 0.4418545142411304, -0.20480554912637264, 0.39419521828391135, -0.018067528972274153]], "inverted": false, "swapped": false, "error_lsq": 0.051060550989274915, "error_max": 0.25180026089260704, "target": "766.xyz", "model": "23.xyz", "model_rescale": 4.410303926677745, "target_rescale": 3.58017117428769},
{"mapping": [10, 8, 7, 3, 4, 11, 14, 9, 13, 0, 5, 16], "R": [[0.5625680271009771, 0.5292525129462403, -0.635144859401227], [0.815866372657135, -0.23114137524162448, 0.5300337032856492], [0.13371341313048393, -0.8163733473059374, -0.5618320754082097]], "T": [-0.08612154130218685, -0.0030019076179558235, 0.008515354839079628], "aligned_model": [[0.01606128938728192, 0.5784183773628317, -0.7287727493781079, -0.08716516408002933, 0.40662102999872674, -0.4580194304294733, -0.09459459773161799, 0.17672186139059215, -0.41844451817401906, -0.3342579783585662, 0.35397411316641286, -0.10944116233660334], [-0.44709292786912896, -0.3595858485070097, 0.16568852674610068, 0.24181402432412608, 0.13869346858619858, -0.5130944219191518, -0.3471715218406444, -0.5664183419835861, 0.1884223742415938, 0.642741259166311, 0.440361157739051, 0.029680510178175357], [-0.4563779459517303, -0.3185033859926595, 0.030283652772615036, -0.8571145054088724, -0.4508445822269184, 0.055622398126845836, 0.5912893024166845, 0.08529589127889121, 0.5976713674424786, -0.2945191023478212, 0.08163881634785869, -0.10474666248374219]], "inverted": true, "swapped": false, "error_lsq": 0.0442494593958396, "error_max": 0.22621826920596352, "target": "766.xyz", "model": "24.xyz", "model_rescale": 4.28219845311461, "target_rescale": 3.58017117428769},
{"mapping": [8, 14, 3, 0, 2, 5, 9, 11, 7, 4, 13, 15], "R": [[-0.21481482556622467, -0.7886502809593343, -0.5760948924089814], [-0.7669784246503824, -0.22896327378583575, 0.5994329949027583], [-0.6046475724236146, 0.5706194472676477, -0.5556930443708956]], "T": [-0.010839451669027188, -0.07407662783712507, -0.09238583158373107], "aligned_model": [[-0.21041971885717983, 0.7019814160036472, -0.7423733091115071, -0.15724390694677406, 0.42301325617810526, -0.5098121650278026, -0.22079659808176894, 0.1993286272567839, -0.18930616812947929, -0.3222556609808867, 0.35263023652405495, -0.02364493800976443], [-0.5853681307011032, -0.2761319167649743, 0.11215457041466934, 0.29359849421135675, 0.32208427201636236, -0.7596692517913528, -0.22981797386721833, -0.5327102769280236, 0.43885306017348147, 0.5735849566275245, 0.2929879929582391, -0.03552753748692583], [-0.5174679095134226, -0.2690343405536292, 0.08145749176476796, -0.8057825740330266, -0.44396568554141336, -0.01320460769144785, 0.5309409797165875, 0.11245953880768159, 0.4649280584489788, -0.2273042870013776, 0.2009907299582294, -0.15432215038829836]], "inverted": true, "swapped": false, "error_lsq": 0.04605927963977618, "error_max": 0.27351106332447983, "target": "766.xyz", "model": "25.xyz", "model_rescale": 4.100010024507729, "target_rescale": 3.58017117428769},
{"mapping": [8, 0, 7, 3, 1, 9, 4, 10, 5, 2, 6, 11], "R": [[-0.7692688397665403, -0.557277274266077, 0.3125179862836898], [0.4711534757032938, -0.16440151137917924, 0.8665947988471586], [-0.43155515811648765, 0.8138883109142269, 0.3890320846154468]], "T": [-0.02388284966052317, 0.013201306753933571, -0.12220746649953544], "aligned_model": [[-0.09360265792255693, 0.6744898138153206, -0.6976768043819153, -0.4051100590263947, 0.47412448586155087, -0.5058510730444999, 0.0741438003070326, 0.0778227874215246, -0.4161183244221028, -0.06911778659968623, 0.25731081873515754, -0.06931392992600227], [-0.32202943712525584, -0.277173448512192, 0.0045324314569292964, 0.23729616431407552, 0.16715246618435417, -0.6028976738621935, -0.2204483245803671, -0.6228810551979792, 0.1891008549542881, 0.7361868242464409, 0.3814787569040276, -0.05627929992009232], [-0.6317340366103832, -0.07980934923419407, -0.18916121081113638, -0.8022949138957912, -0.5991081773759559, 0.13748385001060137, 0.7154310031911357, -0.1146209828672559, 0.4937445215669041, -0.2738749592620873, 0.3314267239095443, -0.027787224647751865]], "inverted": false, "swapped": false, "error_lsq": 0.06231849684117368, "error_max": 0.3130982446409932, "target": "766.xyz", "model": "26.xyz", "model_rescale": 3.6694154284099745, "target_rescale": 3.58017117428769},
{"mapping": [9, 11, 7, 3, 12, 8, 4, 10, 0, 1, 2, 13], "R": [[0.0490408730128865, 0.6391267559177286, -0.767536307052777], [-0.06873120873942823, 0.7687987675120785, 0.635786501914854], [0.9964291313080682, 0.021574173031420618, 0.08163051720195846]], "T": [-0.1450769668031154, -0.023225682853981265, -0.060832868594707136], "aligned_model": [[-0.06659922232380067, 0.6648821275523206, -0.6608986409395784, -0.27007922588690114, 0.43277267274824716, -0.4873018152198709, -0.09125624223566564, 0.12895641256834392, -0.18629878687287135, -0.4841804307602725, 0.4197607309615011, -0.098656508774024], [-0.4699203891833989, -0.2529852500426079, 0.009692286064900725, 0.20061427933209988, 0.1625249967673559, -0.5432822720081185, -0.31958183388293887, -0.5252242458500008, 0.3507702690074475, 0.7910541168060446, 0.21334828019485974, -0.002971978343607719], [-0.5699189305027775, -0.22621810373197418, -0.41996088550755684, -0.8270582446336546, -0.5720268556955154, 0.08332152652921218, 0.7038938351650497, 0.12569828063465388, 0.482638503857, -0.020784119630045554, 0.23432942810766014, -0.03421919061842231]], "inverted": true, "swapped": false, "error_lsq": 0.05158900413106329, "error_max": 0.32821380625405716, "target": "766.xyz", "model": "27.xyz", "model_rescale": 4.103607728864725, "target_rescale": 3.58017117428769},
{"mapping": [13, 12, 7, 4, 2, 11, 9, 10, 5, 1, 0, 14], "R": [[0.2053715495111741, 0.748097375330482, 0.6310093847757126], [0.023909628190675325, -0.6483956330902216, 0.7609280075469126], [0.9783919747888179, -0.14118576420154574, -0.15104874595858941]], "T": [-0.056100008494088256, -0.1929884356053937, -0.022377408761291323], "aligned_model": [[-0.11045329974745949, 0.6252565065609582, -0.7053704772648514, -0.09812853341807784, 0.3677994386460666, -0.5604181361649931, 0.03404764497195079, 0.16403079427109057, -0.42924366095740046, -0.1746452970776447, 0.21571563607529076, -0.027489545077501877], [-0.47268766493971714, -0.3638333463214837, 0.12082081104958375, 0.1654580673349103, 0.22287879501333918, -0.6484869462136035, -0.12798407106186496, -0.5576951893682963, 0.21280522520774459, 0.6854533416960138, 0.4193555777927469, -0.042046341327337644], [-0.6043452719577163, -0.516198158628274, -0.015106875121158367, -0.8538574113813768, -0.4567555981813608, -0.12359779403769142, 0.7886538848506445, 0.25745591616523644, 0.45849235515829556, -0.15332736302266, 0.22428593591001897, -0.046004375780328205]], "inverted": true, "swapped": false, "error_lsq": 0.05017251834445813, "error_max": 0.26611019278271886, "target": "766.xyz", "model": "28.xyz", "model_rescale": 4.137296879288765, "target_rescale": 3.58017117428769},
{"mapping": [4, 10, 6, 8, 5, 7, 0, 9, 2, 3, 11], "R": [[0.7154938959704933, -0.5060683818254602, -0.4816256614275506], [-0.6768388125617192, -0.6729321364170124, -0.2984150827074225], [-0.17308294727964205, 0.5394971109225666, -0.8240055586385306]], "T": [0.0802600500926686, -0.10733605691703932, -0.09285220695711888], "aligned_model": [[0.47439297881974296, 0.08716142375757943, -0.1771838776346891, -0.5456048628203362, 0.00026447002145871257, 0.4497605511748307, 0.5126081160621643, -0.4049426084766654, -0.4138557685830665, 0.1359744298832418, 0.1028441585056374], [-0.48305369175403967, -0.6737112392232597, -0.022966839277853257, -0.2170886400239065, 0.7230867650537407, 0.03859290431700654, 0.39762318296007104, -0.22936362133037366, 0.2686767470108137, 0.16893935895469267, -0.05158711003893963], [0.34963508811016214, -0.15035505033987134, -0.879666931512433, -0.2334255669140729, -0.3711456870751645, -0.49896902052486736, 0.09681184437503956, 0.5388685153019108, 0.21856353149420987, 0.681263973185579, 0.05417332568250635]], "inverted": false, "swapped": true, "error_lsq": 0.06599101447873151, "error_max": 0.4173426606932492, "target": "766.xyz", "model": "29.xyz", "model_rescale": 3.607286011436655, "target_rescale": 3.58017117428769},
