[{"mapping": [6, 7, 12, 3, 0, 5, 9, 8, 10, 4, 1, 13], "R": [[-0.33481137222567087, 0.24490294167813448, -0.9099032334186751], [0.02689752313711699, -0.9627572410129904, -0.2690260547347473], [-0.9419011987875648, -0.11454712582361555, 0.3157547904436246]], "T": [-0.008129620993411728, -0.0772236745438283, -0.01192621774874229], "aligned_model": [[-0.3077110414629596, 0.05713962859588577, 0.5555449604749704, -0.10297394885066678, -0.15637136895560447, -0.6651176591088368, 0.47735619656892014, -0.21525663511435475, 0.6531571120346906, 0.05147499255409188, -0.5492579354392325, 0.03965816116364489], [-0.5051691555587366, -0.8180393369628496, -0.15916612079616693, 0.661996330829543, 0.3276952907985641, -0.43175036015846857, -0.31880423935258406, -0.5979401193658026, 0.27626729579114906, 0.41470692859462316, 0.265589299509988, -0.06183077735220172], [-0.4330573406230705, 0.016553673058196283, -0.6061617610479311, -0.09022659293954959, -0.6547620596171322, 0.04567879792638237, 0.5156961054937577, 0.5138011864468481, -0.058026223476415714, 0.6224206234338806, 0.263130481847257, 0.04690485485133933]], "inverted": true, "swapped": true, "error_lsq": 0.04509464871855897, "error_max": 0.21353676790761847, "target": "768.xyz", "model": "0.xyz", "model_rescale": 3.751011558992144, "target_rescale": 4.117454889912677},
{"mapping": [9, 2, 13, 5, 8, 3, 12, 7, 0, 1, 10, 6, 11, 14], "R": [[0.33514601369221436, 0.7845106205998255, 0.521747291006187], [0.9359052384250275, -0.21347497740369964, -0.2801960362158654], [-0.1084367751033325, 0.5822126073768641, -0.8057728871193314]], "T": [0.08036683775368535, 0.029987449971084622, 0.052398515050885185], "aligned_model": [[-0.4797266623129145, 0.1646112699755798, -0.44727276927898596, -0.08983596885235808, 0.5522315343937294, -0.1611572860913395, -0.5068667338115017, 0.09969503894304553, 0.4466535944143023, 0.6689314276530595, -0.03784231160003511, 0.2005296090273502, -0.40980909964486484, 0.027843581815394022], [0.3035723368396486, 0.480994867944337, 0.3286222381577662, 0.6289055753129986, 0.4939938801483376, -0.1776539930603466, -0.3853998402617258, -0.6190700008692811, -0.26035138887912557, -0.343045994038399, 0.29374490610193604, -0.5690809289612261, -0.37760272871659445, 0.015240670410712105], [0.26602482942847894, -0.6355210198954767, -0.34749635447819816, 0.003264710435596195, 0.002800198962190824, -0.6418327275833633, -0.13357254618458805, -0.08186938857702658, -0.5451313076773556, 0.04129344400918785, 0.81980476305341, 0.4887512749062423, 0.5323243276089037, 0.05765708154813652]], "inverted": true, "swapped": false, "error_lsq": 0.04142069481678569, "error_max": 0.2624576432731521, "target": "768.xyz", "model": "1.xyz", "model_rescale": 3.9405287249114394, "target_rescale": 4.117454889912677},
{"mapping": [10, 12, 11, 2, 6, 9, 3, 0, 5, 8, 5, 4, 13], "R": [[-0.9777007501893128, 0.17940446467633647, -0.10915713963572232], [-0.055293074912143914, 0.2815306416808775, 0.9579578141345859], [0.2025929883930228, 0.942631707428172, -0.26533289506775076]], "T": [-0.05904506902610321, -0.021616099161447466, 0.017117308751692813], "aligned_model": [[-0.2703611004183917, 0.17632213955128423, -0.3464740009912243, 0.44071466387610614, 0.3739855416761384, -0.7853599011970748, 0.17879989555331252, 0.6360334317446407, 0.1401103015340911, -0.5051291258797908, 0.1401103015340911, -0.5529054612651554, -0.12986340643409594], [0.6992539818004835, 0.5684903142561727, 0.1957398522567913, -0.29334270000545676, -0.3477263026127456, 0.060939618161935466, 0.3212155260835487, 0.28403572637791114, -0.7433725807061754, -0.6296000184352298, -0.7433725807061754, 0.081513119261391, 0.005058637839566421], [0.025666061057653036, -0.5062718172161064, -0.48163800764235204, 0.2570258177970176, -0.37832473537718136, -0.17806025767685846, 0.6395872768481574, 0.16750262463803167, 0.010371154603211582, -0.1305346046608136, 0.010371154603211582, 0.6443418462688915, 0.033083836345781464]], "inverted": false, "swapped": true, "error_lsq": 0.05491389047108814, "error_max": 0.4144719604870708, "target": "768.xyz", "model": "2.xyz", "model_rescale": 3.932901565614263, "target_rescale": 4.117454889912677},
{"mapping": [4, 12, 5, 6, 10, 9, 7, 8, 8, 11, 1, 3, 0, 13], "R": [[0.733387719163762, 0.5783480565925672, 0.35728976869674833], [0.638738701519894, -0.766147163012974, -0.07093233245742941], [0.2327129660342432, 0.28023570443962414, -0.9312962071203624]], "T": [-0.016793686288126945, -0.025561905041997075, 0.08380095646118409], "aligned_model": [[-0.8450267388380169, 0.17135155602311042, -0.3864265771311095, -0.11003820270120553, 0.5129161316756176, -0.05650541368536641, -0.538429728025217, 0.24857752654573778, 0.24857752654573778, 0.8480686032422419, 0.2313101063652236, 0.05897122208202993, -0.3524946990065429, -0.0028660884617794057], [0.19614504782430225, 0.49519428740602034, 0.3571827122748915, 0.6505122518277269, 0.45505301957348043, -0.1160096054297309, -0.37855691704473343, -0.6205532188869195, -0.6205532188869195, -0.23709015993241964, 0.20853046660240226, -0.4784502440287046, -0.16610892145528358, 0.06757410028492525], [0.25143878707351114, -0.44207371109965626, -0.39960132898715256, 0.053445475019745385, 0.04427573298416952, -0.644234160542483, -0.25240271515646945, -0.2543560801062746, -0.2543560801062746, 0.013248026694027373, 0.7413828072760292, 0.30704367000575156, 0.646385790401951, 0.016301072099263195]], "inverted": false, "swapped": false, "error_lsq": 0.048718834878875385, "error_max": 0.38374105641132034, "target": "768.xyz", "model": "3.xyz", "model_rescale": 3.9243930471874484, "target_rescale": 4.117454889912677},
{"mapping": [8, 7, 5, 1, 2, 9, 4, 6, 0, 12, 3, 10, 13], "R": [[-0.5200576850009258, 0.42065391830656607, -0.743364167339811], [-0.8516134088966569, -0.18859493333619515, 0.4890670229194886], [0.06553324392164217, 0.8874019563496853, 0.45631476176851615]], "T": [-0.02431097112566371, -0.05177387353176917, -0.09211319293202996], "aligned_model": [[-0.049634326543265654, -0.2546730824676423, 0.5125878972268645, 0.5098247533729994, 0.57874267333942, -0.6493252209168583, -0.1046872477118716, 0.2547802873196299, 0.338742638964723, -0.45676674039605125, 0.24421215586457057, -0.5679164047851626, -0.0786814969560031], [-0.5945945148837641, -0.04611143792102988, -0.2338955919672896, -0.44161786501376893, 0.0799020473825214, -0.4612900290702369, -0.6733147981357435, 0.3100236428754742, 0.5355075931626938, 0.6478574852562029, -0.014754753963253875, 0.12000791411172278, -0.09989013815194128], [-0.6353820015355884, -0.7997714856755533, -0.5812063085107056, 0.12860714139834364, -0.08032410060770392, -0.21084259216507517, 0.4130312184824227, -0.5834871965646992, 0.25783745930485175, -0.05959475759592908, 0.6065265759644172, 0.3971366101801535, -0.06546024730396988]], "inverted": false, "swapped": true, "error_lsq": 0.040409991475041554, "error_max": 0.23568573182302155, "target": "768.xyz", "model": "4.xyz", "model_rescale": 3.8936222436046832, "target_rescale": 4.117454889912677},
{"mapping": [5, 8, 1, 2, 4, 9, 11, 10, 0, 6, 3, 13], "R": [[0.9866327547190772, -0.1226565699549136, -0.10729013543816855], [-0.15894689834919518, -0.8695383687440765, -0.467588396762645], [-0.03594010045361286, 0.4783914622239673, -0.8774109174443857]], "T": [-0.05619075281727549, -0.06423595648957142, 0.05154063519520228], "aligned_model": [[0.0002515725152883938, -0.591095000392037, -0.11560068029090777, 0.35185732006329584, -0.5885894240827162, -0.7264510057849908, -0.23848354224628793, -0.12486209391584449, 0.6631493818754132, 0.34799176844158203, 0.17129508240954547, -0.12191533637724378], [-0.5728322254387512, -0.56501950558482, 0.14858374965248597, -0.10068849914651792, 0.48769822507842103, -0.11318245226851627, -0.26406662132003733, 0.44567940975201975, 0.21919872983726574, -0.5969190819223484, 0.6112705007020911, -0.03079932423148534], [-0.49507155822222854, -0.17982444922976437, -0.6096514768739205, -0.41032429235545403, -0.19313191584055042, 0.3991012747588789, 0.6042185798378894, 0.5989452260581797, 0.014292103269861918, -0.004342835107089459, -0.17978993496241122, 0.07486399794212664]], "inverted": true, "swapped": true, "error_lsq": 0.0370918040213948, "error_max": 0.17443331942936594, "target": "768.xyz", "model": "5.xyz", "model_rescale": 3.6523030999806103, "target_rescale": 4.117454889912677},
{"mapping": [0, 3, 10, 12, 11, 2, 4, 6, 1, 8, 9, 7, 13], "R": [[-0.2933733677291404, -0.7238683960162401, 0.6244570540526697], [0.8752105915469927, 0.059436068720435095, 0.48007684195243505], [-0.384627725926286, 0.6873731875654854, 0.6161003274344514]], "T": [0.04535460745870515, -0.06752100682876909, 0.009131688193686288], "aligned_model": [[0.09612058909933062, -0.3576160893923145, 0.31484527082699854, 0.7835311005378035, 0.561687344934907, -0.23955452473879, -0.5253376721070011, 0.30874685865552065, -0.6365506422867498, -0.10992839584196851, 0.19187337731119997, 0.45773542868469497, 0.0355302589806632], [-0.5444838377810022, -0.06820394222027425, 0.4317277643122637, -0.08150157059053041, 0.2306598253224647, -0.6069650136659873, 0.48630910488858164, -0.6376891182954163, -0.21184307490501364, 0.056806491520355565, 0.5989717286704048, -0.12211007281760212, 0.0091486197249393], [0.6166694869532174, 0.6409439725824733, 0.5015813473335032, 0.37308153104816866, -0.14287015958057916, 0.10388494052285546, 0.13373856030724368, -0.2270263765448621, 0.022290217861779843, -0.7330720449208129, -0.31761385185091207, -0.6079915709426906, 0.006493686712404197]], "inverted": false, "swapped": true, "error_lsq": 0.0490549147803948, "error_max": 0.3309067682824911, "target": "768.xyz", "model": "6.xyz", "model_rescale": 4.08911054899281, "target_rescale": 4.117454889912677},
{"mapping": [1, 10, 11, 9, 8, 12, 13, 7, 5, 4, 3, 6, 2, 14], "R": [[0.7652843071859067, -0.45991358115653763, 0.45035477908284216], [0.6436307387723889, 0.5564229834395943, -0.525483525533855], [-0.00891073971651632, 0.6920064749465498, 0.7218362953951227]], "T": [-0.0006146868765811463, -0.016017376784454595, -0.008312207683328885], "aligned_model": [[-0.6253910789438587, 0.2842916653498938, -0.28960022207951536, -0.1363919469767765, 0.435294993928625, -0.16147961511557274, -0.6128397943119392, -0.023159723978065098, 0.5023801659250797, 0.6959314561988488, 0.39648563493529876, 0.11166484370512744, -0.481504035223526, -0.0676971187831589], [0.19986713860321675, 0.2719272905102191, 0.3480182016599198, 0.6943058143559365, 0.5083887140276051, -0.18844065559861237, -0.30104932455100086, -0.7898160484597073, -0.43088545790484256, -0.062291628382491596, 0.19354724958739922, -0.28111655078705294, -0.4808653101017278, 0.13128016717017693], [0.30948394519870454, -0.6042913495495075, -0.36677632168541435, 0.29428126163748364, -0.019712882422165238, -0.68091506658064, -0.2908572995355788, -0.01234972587618247, -0.40249729480085367, 0.08931798184859274, 0.643489478457709, 0.39943612328685013, 0.4420225309593445, 0.025865904617795383]], "inverted": true, "swapped": false, "error_lsq": 0.05580629267966528, "error_max": 0.33105336724077555, "target": "768.xyz", "model": "7.xyz", "model_rescale": 3.964800864290218, "target_rescale": 4.117454889912677},
{"mapping": [3, 2, 0, 6, 4, 1, 5, 8, 7, 12, 11, 9, 10, 13], "R": [[0.8431178482531437, 0.5116870730915197, 0.16531374167933838], [-0.3001220096899315, 0.7028702065225881, -0.644903288937629], [-0.4461827800987685, 0.49411518091830403, 0.7461709688331529]], "T": [-0.017646703228420525, 0.04395668277575595, -0.0462609077604697], "aligned_model": [[-0.6807716793329573, 0.2893379851493918, -0.36962197682762143, -0.11325020467152366, 0.44170342501385534, -0.13998289083683937, -0.6411216194223405, 0.008873269918274314, 0.4163173275203865, 0.6869693271950608, 0.3184692850178332, 0.2284194026406815, -0.3894553085631784, -0.02790111817056158], [0.33288028021072136, 0.413629867687318, 0.48921504366690416, 0.5322509384612117, 0.5540292314193556, -0.21355422194480836, -0.5080645594353507, -0.7241618721551145, -0.2860954794658649, -0.1930201178978368, 0.21214848112012333, -0.4235958815034098, -0.3420246872856991, -0.030767422748512248], [0.006190180064308777, -0.5020139825860944, -0.4833167066626682, 0.2519579943147407, 0.10838982718078308, -0.7404092221168679, 0.028721090032812986, -0.06491990029733014, -0.5040752316709304, 0.08802677931967026, 0.6925698481698801, 0.39499049219992327, 0.5765639118892744, -0.02617779428136459]], "inverted": false, "swapped": false, "error_lsq": 0.04958235625170545, "error_max": 0.3453554109853884, "target": "768.xyz", "model": "8.xyz", "model_rescale": 4.121658175737393, "target_rescale": 4.117454889912677},
{"mapping": [10, 11, 9, 4, 12, 0, 7, 5, 8, 6, 3, 1, 13], "R": [[-0.6110431144956323, 0.21339016081194745, 0.7622932188443818], [-0.3193696846947955, -0.9475849880547784, 0.009257154593737923], [0.724312996380311, -0.23779682437298583, 0.6471656307257818]], "T": [-0.056520704061090506, 0.0039771932575077, -0.0012885980032081024], "aligned_model": [[-0.5327768957434155, -0.13914108868416863, 0.2523478590363311, 0.20968728227721178, -0.7382443056826996, -0.6736508929901867, 0.25381709956531234, 0.42740978442355304, 0.6725378013278563, -0.07640952833915901, -0.39270745367998566, 0.2512505865719817, -0.03738275164743424], [0.2152199020037631, -0.3822037607533507, -0.06105184952665661, 0.7008799525286776, -0.3901472359007816, 0.12366609773061848, -0.6606316907433788, -0.2040297587336683, -0.2208881827027742, -0.5153050411976275, 0.6505580923720059, 0.4985990869759336, 0.03572182735894871], [-0.5425258637205912, -0.4731508755618825, -0.6889036055881252, -0.3036198655039668, -0.24103501516969925, 0.45037255815464206, -0.12724296972207647, 0.5308628664398988, -0.09264382677093022, 0.42319718563759146, 0.1733087155697446, 0.3816249572330783, -0.06916882703859523]], "inverted": true, "swapped": true, "error_lsq": 0.04320183843259132, "error_max": 0.2652618638879033, "target": "768.xyz", "model": "9.xyz", "model_rescale": 3.833441315466971, "target_rescale": 4.117454889912677},
{"mapping": [7, 8, 9, 11, 10, 2, 3, 5, 13, 0, 12, 1, 6, 14], "R": [[-0.3878512497463817, 0.8530148675582309, -0.3491948507563995], [-0.7964865019376489, -0.5008347622378109, -0.338782811201105], [-0.46387569488096486, 0.1467316484566629, 0.8736642164126288]], "T": [-0.022077214935534065, -0.03741764353858254, 0.08882532122962633], "aligned_model": [[-0.5648987160441619, 0.08036310013091096, -0.3941619308510856, -0.11058255647026703, 0.5865033259847114, -0.1195829567974226, -0.7777325490240913, 0.11556857658495194, 0.45965073561549363, 0.6277035255634532, 0.14130195583255156, 0.35836670558170525, -0.2858570884474472, -0.08865690302884104], [0.3484728506656848, 0.5460252047235564, 0.22718384969944863, 0.6209331713123633, 0.5069458643922138, -0.2758431208192712, -0.2329103639313145, -0.665339415775062, -0.3503081672143348, -0.24024109642039806, 0.13819008113787282, -0.46587819296432775, -0.31643241328594185, -0.027928651391451564], [0.07018876578666493, -0.41779069414848075, -0.5815843598542332, 0.24399648526626905, -0.006317938996043604, -0.5822157930212617, -0.29208078542212096, -0.12141997716039371, -0.46409803988516257, 0.11051859072392235, 0.6415361234615564, 0.5549722013447744, 0.649004314621723, 0.021788392838923865]], "inverted": true, "swapped": false, "error_lsq": 0.04345061929898426, "error_max": 0.3324537699747977, "target": "768.xyz", "model": "10.xyz", "model_rescale": 4.2482417240324, "target_rescale": 4.117454889912677},
{"mapping": [10, 12, 0, 6, 4, 1, 3, 5, 7, 8, 9, 13], "R": [[0.7081598653278061, 0.24006687825920342, 0.6639860684545908], [-0.51096190645472, -0.4747570761895845, 0.7166056438237668], [0.48726536434581713, -0.8467429436203163, -0.2135388773458834]], "T": [-0.0020041268529547313, 0.03205855936715453, -0.02409525237529074], "aligned_model": [[-0.6352008634935877, -0.12292665023473734, 0.26747016132577467, 0.6038001667781245, -0.5484127926836778, 0.15410911150276652, -0.17864578123409622, 0.6226553668254784, 0.2225584747922045, 0.10861101880362364, -0.5433170878956823, -0.07393552212318386], [-0.30944422937181587, -0.7778837279483513, -0.2677506529984376, -0.21711328548539316, 0.6030396046268401, 0.6507039159339846, 0.2142526586549005, 0.37950052544868357, -0.1708317340342691, 0.42586553229298485, 0.08359301637381238, 0.05219976655770016], [0.19228163619323208, 0.059155656139656745, 0.6367155738940522, -0.1695336737637012, 0.12875290442722243, 0.2568021585697568, 0.6810115819045529, -0.24708715364839423, -0.7040115645737115, -0.6745696000903221, -0.5501821675133503, -0.044143061684637476]], "inverted": true, "swapped": true, "error_lsq": 0.0472499128686902, "error_max": 0.26712185479922584, "target": "768.xyz", "model": "11.xyz", "model_rescale": 3.6694154284099745, "target_rescale": 4.117454889912677},
{"mapping": [9, 3, 8, 11, 4, 2, 10, 12, 1, 0, 6, 5, 7, 13], "R": [[0.209804494560298, -0.4384609992035534, -0.8739187755390772], [0.9710007018355161, -0.011352363472072552, 0.23880695316203338], [-0.11462857888516947, -0.8986785165013238, 0.4233641610738289]], "T": [-0.006601804794027764, -0.04811150302155254, 0.05034229676953681], "aligned_model": [[-0.7403311364786347, 0.23010770440914308, -0.3895093846782547, -0.15597632258356772, 0.5166842931850688, -0.12893723059338838, -0.5384401068367879, 0.024986575219149917, 0.5039314673447945, 0.6819589640916714, 0.21636581280825792, 0.18348542338694773, -0.48936450592372177, 0.11302367127978276], [0.26013716828472455, 0.41674886274957446, 0.4156169180327659, 0.6416119667698221, 0.45266982742275286, -0.15261620608295173, -0.365376672821002, -0.7063613304857047, -0.19242523845761245, -0.20822990553313206, 0.1299645565016332, -0.5376984951733141, -0.2804047805744292, -0.06076707050408925], [0.1566921503362622, -0.6345827715344706, -0.4089349485679207, 0.26713122075128387, -0.10154044909231288, -0.5824502316509994, -0.09114840900594076, -0.11542211182907083, -0.6092051373891295, 0.15514701591010402, 0.5386344142352255, 0.657583776969092, 0.5652649376305192, 0.029327828793495957]], "inverted": false, "swapped": false, "error_lsq": 0.04639138853415597, "error_max": 0.29630544800977443, "target": "768.xyz", "model": "12.xyz", "model_rescale": 3.9764082729961374, "target_rescale": 4.117454889912677},
{"mapping": [3, 0, 7, 4, 5, 2, 8, 10, 1, 12, 6, 13, 14, 15], "R": [[0.7297114319146771, -0.6399642508476376, -0.24076333560169325], [0.31057881792014974, 0.6239237854982622, -0.7171191726267265], [0.6091486058363378, 0.448514066141231, 0.6540436594609762]], "T": [0.07736193949881474, -0.02978947114301503, 0.014056224817790045], "aligned_model": [[-0.7573007255304817, 0.1556096149409127, -0.40989017738620726, -0.04332934371313711, 0.667010196185956, -0.15150640984084035, -0.4243393073064453, 0.06785157009548408, 0.2595544432562288, 0.5925368153309487, 0.15191601562255957, 0.25326310838239674, -0.3309115579753757, -0.0024790174315380276], [-0.056011430615219876, 0.47943499469707884, 0.41781315433597754, 0.673686615917464, 0.5579707902956097, -0.05257688750369091, -0.4262717237688919, -0.8172902503049501, -0.4033274074589476, -0.40590203423809357, 0.28355816972747416, -0.3251756732635269, -0.14696949408665974, 0.0339307763954141], [0.11938471935389323, -0.497486225209615, -0.3510067330105379, 0.0941732072245026, 0.11242651654315176, -0.7497235380931333, -0.2871920431528434, -0.1468753589419637, -0.4661498559105099, 0.032703534051670986, 0.706814300478742, 0.5203035127800155, 0.6911010040297623, 0.0480242454130025]], "inverted": false, "swapped": false, "error_lsq": 0.04805824963483407, "error_max": 0.4225455284186256, "target": "768.xyz", "model": "13.xyz", "model_rescale": 4.170626492500431, "target_rescale": 4.117454889912677},
{"mapping": [12, 0, 8, 4, 2, 7, 10, 9, 1, 3, 6, 11, 5, 13], "R": [[0.6166670660784126, 0.5589168056920653, 0.554376887982554], [-0.33046334188016346, -0.45537383838765677, 0.826697433760071], [0.7145038203450261, -0.6929983200752154, -0.09611253344539564]], "T": [0.04905867206305202, 0.038031727287029464, -0.04491377423963709], "aligned_model": [[-0.6366088672728102, 0.31371773244108686, -0.543585991422078, -0.22962986617961034, 0.4911863063556976, -0.17520161729740175, -0.37356815248376696, 0.06789722168369487, 0.4640538594711839, 0.642292906028756, 0.2926697525252728, 0.011578989189977976, -0.3345362071056436, 0.03771915869610234], [0.07112938440841732, 0.28228765174781467, 0.32575991028372636, 0.6755035632504804, 0.5181652090725462, -0.04533378151634757, -0.2957485833742281, -0.7585542083344239, -0.3343626082105092, -0.23036340199236244, 0.09415041406504202, -0.4886071856376684, 0.00042737798450153547, -0.0015841416179511528], [0.2089970206871477, -0.520469272213854, -0.3877564325494513, 0.09301913553383119, 0.03831579922827173, -0.8196313469374091, -0.2131563858550538, -0.19120934724908634, -0.5739845853913982, 0.18204613997453983, 0.7582011624290992, 0.42509301283515816, 0.7788948867644302, 0.048137498299912665]], "inverted": true, "swapped": false, "error_lsq": 0.04818447949670197, "error_max": 0.325604839464985, "target": "768.xyz", "model": "14.xyz", "model_rescale": 3.9786697098870705, "target_rescale": 4.117454889912677},
{"mapping": [4, 1, 10, 9, 3, 12, 5, 6, 11, 8, 0, 13], "R": [[0.36066765249718635, -0.5432324514468175, 0.7581670977675369], [-0.8296942438766287, 0.18445969233981585, 0.5268605921682601], [-0.4260590406506569, -0.8190684498849785, -0.3841881938358601]], "T": [0.019925585096981956, 0.007656081133256165, 0.017084953381008742], "aligned_model": [[-0.061379309021762085, -0.5929291614063614, 0.525990111611903, 0.5775706207538541, -0.31556501268109977, 0.5561404557740975, -0.48130372976359337, -0.13813669834504358, 0.6126538552758849, 0.01567370858508722, -0.27756178367149653, 0.06220153965586671], [-0.40281567999027384, -0.214770412970184, 0.2745892566848565, -0.48789399327057303, 0.3179338545660346, 0.6185239758638719, -0.26962042929416075, 0.20485824454662507, -0.02068875177395335, -0.689846459114839, 0.7185345133805201, -0.03412962840348523], [-0.6705536077040768, -0.22975971493576147, -0.4697688180007102, -0.10903047904857643, -0.5768395988493441, 0.14698301673672126, 0.4992962157548577, 0.6386679375136227, 0.17982902963894587, 0.33943359585140725, -0.05589465961029469, -0.03239642347296075]], "inverted": false, "swapped": true, "error_lsq": 0.056938874650759114, "error_max": 0.3493899294107063, "target": "768.xyz", "model": "15.xyz", "model_rescale": 3.769337070930944, "target_rescale": 4.117454889912677},
{"mapping": [4, 9, 3, 10, 1, 8, 2, 7, 0, 12, 13], "R": [[0.4158652361383836, 0.1406297371898114, 0.8984872744727612], [0.5781280582794759, -0.8035265922563748, -0.14182018109867373], [0.702014283046698, 0.5784187864815442, -0.41546077293006656]], "T": [0.056956056376023, 0.01420115583933472, 0.03673351535968923], "aligned_model": [[-0.25675738594163294, -0.36790702855348584, -0.11634565197094052, -0.6765989950779513, 0.39647541499736716, 0.3732895531180366, 0.5401269349788347, 0.26430297280060144, 0.12529804479429033, -0.3592033711029589, -5.435735098983929e-05], [0.09015559328016931, -0.5748956141903534, 0.6894818356855654, 0.15677137875216396, 0.30243292814018036, -0.6238989617881987, 0.39850571057206985, -0.6298967931732711, 0.7075973952477952, 0.09461796092011267, -0.014806935820891383], [-0.700666744147271, -0.17516107856867397, -0.2381030414087999, 0.11388231924140287, -0.4995927159817452, -0.2517069085264672, 0.03940563641585791, 0.34661109301678916, 0.37393365135717604, 0.7423566070966456, -0.0067412112711373665]], "inverted": true, "swapped": true, "error_lsq": 0.04711605813132381, "error_max": 0.2617753269083338, "target": "768.xyz", "model": "16.xyz", "model_rescale": 3.7852294659196426, "target_rescale": 4.117454889912677},
{"mapping": [10, 6, 2, 0, 11, 7, 8, 5, 3, 4, 9, 1, 13], "R": [[0.06404701224493092, 0.9809199207826691, -0.18355949780444591], [0.9588663016773467, -0.11145919344473942, -0.2610598852835428], [-0.2765382355662704, -0.15928891112808466, -0.9477096850098787]], "T": [-0.03261856576468938, 0.021776889869371548, -0.045104880751883264], "aligned_model": [[0.01738634586466134, -0.39644677172918197, 0.24438066341977535, 0.23801304681748034, -0.5418620822203482, -0.7129890087907449, -0.2965967453421181, -0.08255353485106295, 0.6462458422663913, 0.5301290226325899, -0.31402791006578923, 0.5458230130845162, -0.023736030869885818], [-0.0216774478416819, -0.3340862661018218, -0.31358773180344596, -0.7023446145053003, 0.13705811812238164, 0.20734527292193838, 0.6161443783379237, 0.07711041651568282, -0.2152102785300264, 0.5454619211456598, 0.6379700463486953, 0.15969794536495896, 0.08117386372791012], [-0.7934313130409416, 0.39219162693129817, 0.393019789302815, -0.08484756683143746, -0.3706769089410603, 0.19267539655353863, 0.3641375031326548, 0.6999357158345131, -0.2561802444222291, -0.28387984373770225, -0.3820881728887031, 0.3187356037693737, -0.0938368885189458]], "inverted": false, "swapped": true, "error_lsq": 0.04737066720418359, "error_max": 0.24346041369757354, "target": "768.xyz", "model": "17.xyz", "model_rescale": 3.901054581598922, "target_rescale": 4.117454889912677},
{"mapping": [9, 2, 13, 5, 8, 3, 12, 7, 0, 1, 10, 6, 11, 14], "R": [[0.33514601369221436, 0.7845106205998255, 0.521747291006187], [0.9359052384250275, -0.21347497740369964, -0.2801960362158654], [-0.1084367751033325, 0.5822126073768641, -0.8057728871193314]], "T": [0.08036683775368535, 0.029987449971084622, 0.052398515050885185], "aligned_model": [[-0.4797266623129145, 0.1646112699755798, -0.44727276927898596, -0.08983596885235808, 0.5522315343937294, -0.1611572860913395, -0.5068667338115017, 0.09969503894304553, 0.4466535944143023, 0.6689314276530595, -0.03784231160003511, 0.2005296090273502, -0.40980909964486484, 0.027843581815394022], [0.3035723368396486, 0.480994867944337, 0.3286222381577662, 0.6289055753129986, 0.4939938801483376, -0.1776539930603466, -0.3853998402617258, -0.6190700008692811, -0.26035138887912557, -0.343045994038399, 0.29374490610193604, -0.5690809289612261, -0.37760272871659445, 0.015240670410712105], [0.26602482942847894, -0.6355210198954767, -0.34749635447819816, 0.003264710435596195, 0.002800198962190824, -0.6418327275833633, -0.13357254618458805, -0.08186938857702658, -0.5451313076773556, 0.04129344400918785, 0.81980476305341, 0.4887512749062423, 0.5323243276089037, 0.05765708154813652]], "inverted": true, "swapped": false, "error_lsq": 0.04142069481678569, "error_max": 0.2624576432731521, "target": "768.xyz", "model": "18.xyz", "model_rescale": 3.9405287249114394, "target_rescale": 4.117454889912677},
{"mapping": [2, 8, 6, 5, 9, 0, 1, 12, 4, 13, 11, 14, 10, 15], "R": [[0.4504609869783624, -0.7889095286842873, -0.41797925159224736], [-0.37146437964556744, -0.5913353984720972, 0.7157769632842201], [-0.8118491940409951, -0.1671651939399521, -0.5594253159001699]], "T": [0.07783161140164477, -0.12991648702507036, -0.04889196855580895], "aligned_model": [[-0.6377442296566713, 0.032230642497724754, -0.4530438636511569, -0.13854891827649835, 0.5284291885523977, -0.11718312482240495, -0.5042175667770828, 0.12320316990816169, 0.41460048756680135, 0.6443103515236276, 0.2398680307017039, 0.17642276522131126, -0.3286070132418306, 0.04826530508437793], [0.2782117749475463, 0.45944615090227797, 0.29122447753232766, 0.6653725525833958, 0.4654851939603664, -0.09924305517421445, -0.32244949860545796, -0.6712164968459109, -0.36352580790351824, -0.24624782275634946, 0.15869787917017286, -0.5597258184988434, -0.1278701525399561, -0.11528977664279944], [0.22806979863587634, -0.5209559347577399, -0.36368550970833396, 0.0604581691382849, 0.12850168607175216, -0.7074530144656822, -0.2931648029289596, -0.12012948153907115, -0.6544317590413278, 0.2930125542115191, 0.591154239421357, 0.5877261941153173, 0.6239434450927455, -0.026548298689599542]], "inverted": true, "swapped": false, "error_lsq": 0.03479789993051692, "error_max": 0.23766081531845035, "target": "768.xyz", "model": "19.xyz", "model_rescale": 4.410303926677745, "target_rescale": 4.117454889912677},
{"mapping": [3, 2, 0, 6, 4, 1, 5, 8, 7, 12, 11, 9, 10, 13], "R": [[0.8431178482531437, 0.5116870730915197, 0.16531374167933838], [-0.3001220096899315, 0.7028702065225881, -0.644903288937629], [-0.4461827800987685, 0.49411518091830403, 0.7461709688331529]], "T": [-0.017646703228420525, 0.04395668277575595, -0.0462609077604697], "aligned_model": [[-0.6807716793329573, 0.2893379851493918, -0.36962197682762143, -0.11325020467152366, 0.44170342501385534, -0.13998289083683937, -0.6411216194223405, 0.008873269918274314, 0.4163173275203865, 0.6869693271950608, 0.3184692850178332, 0.2284194026406815, -0.3894553085631784, -0.02790111817056158], [0.33288028021072136, 0.413629867687318, 0.48921504366690416, 0.5322509384612117, 0.5540292314193556, -0.21355422194480836, -0.5080645594353507, -0.7241618721551145, -0.2860954794658649, -0.1930201178978368, 0.21214848112012333, -0.4235958815034098, -0.3420246872856991, -0.030767422748512248], [0.006190180064308777, -0.5020139825860944, -0.4833167066626682, 0.2519579943147407, 0.10838982718078308, -0.7404092221168679, 0.028721090032812986, -0.06491990029733014, -0.5040752316709304, 0.08802677931967026, 0.6925698481698801, 0.39499049219992327, 0.5765639118892744, -0.02617779428136459]], "inverted": false, "swapped": false, "error_lsq": 0.04958235625170545, "error_max": 0.3453554109853884, "target": "768.xyz", "model": "20.xyz", "model_rescale": 4.121658175737393, "target_rescale": 4.117454889912677},
{"mapping": [0, 3, 10, 12, 11, 2, 4, 6, 1, 8, 9, 7, 13], "R": [[-0.2933733677291404, -0.7238683960162401, 0.6244570540526697], [0.8752105915469927, 0.059436068720435095, 0.48007684195243505], [-0.384627725926286, 0.6873731875654854, 0.6161003274344514]], "T": [0.04535460745870515, -0.06752100682876909, 0.009131688193686288], "aligned_model": [[0.09612058909933062, -0.3576160893923145, 0.31484527082699854, 0.7835311005378035, 0.561687344934907, -0.23955452473879, -0.5253376721070011, 0.30874685865552065, -0.6365506422867498, -0.10992839584196851, 0.19187337731119997, 0.45773542868469497, 0.0355302589806632], [-0.5444838377810022, -0.06820394222027425, 0.4317277643122637, -0.08150157059053041, 0.2306598253224647, -0.6069650136659873, 0.48630910488858164, -0.6376891182954163, -0.21184307490501364, 0.056806491520355565, 0.5989717286704048, -0.12211007281760212, 0.0091486197249393], [0.6166694869532174, 0.6409439725824733, 0.5015813473335032, 0.37308153104816866, -0.14287015958057916, 0.10388494052285546, 0.13373856030724368, -0.2270263765448621, 0.022290217861779843, -0.7330720449208129, -0.31761385185091207, -0.6079915709426906, 0.006493686712404197]], "inverted": false, "swapped": true, "error_lsq": 0.0490549147803948, "error_max": 0.3309067682824911, "target": "768.xyz", "model": "21.xyz", "model_rescale": 4.08911054899281, "target_rescale": 4.117454889912677},
{"mapping": [5, 7, 10, 6, 0, 12, 9, 14, 3, 2, 1, 15, 11, 16], "R": [[-0.0646317920803054, 0.9962350678475401, -0.05777907097985635], [0.27472721926620364, 0.07342619200238582, 0.9587145296292783], [0.9593475316311328, 0.04608995464128679, -0.27843855629997916]], "T": [0.03983348075049926, 0.011124426524753683, 0.01460400556077438], "aligned_model": [[-0.6522770891403805, 0.04337994192981839, -0.563891351239549, -0.08827883527656216, 0.5450705447545839, -0.13243811622583287, -0.550581411353635, 0.03302931139322639, 0.56968105816538, 0.6153457766388406, 0.3492437816319675, 0.08770491907307162, -0.30409745601994775, 0.0760941502994803], [0.0913099458734114, 0.49554956538817313, 0.3373200119095206, 0.7439672466267844, 0.5980036609052584, -0.17783568993777646, -0.31504857319074325, -0.5693978026364029, -0.4928875994328847, -0.30951978196193547, 0.13534039524178537, -0.5975646920060067, -0.15971619783522303, 0.03334911118507684], [0.125429523742623, -0.5060839004440552, -0.4099524412504992, 0.06035074378825812, 0.03429338312227934, -0.6779175300579934, -0.21467538950292567, -0.2588374519327497, -0.45391733407290386, 0.3099457029530112, 0.7349053592247585, 0.4129918822203781, 0.6767354291157537, -0.0067706913497968]], "inverted": true, "swapped": false, "error_lsq": 0.03883219158198593, "error_max": 0.2666000757622628, "target": "768.xyz", "model": "22.xyz", "model_rescale": 4.204369325754507, "target_rescale": 4.117454889912677},
{"mapping": [2, 8, 6, 5, 9, 0, 1, 12, 4, 13, 11, 14, 10, 15], "R": [[0.4504609869783624, -0.7889095286842873, -0.41797925159224736], [-0.37146437964556744, -0.5913353984720972, 0.7157769632842201], [-0.8118491940409951, -0.1671651939399521, -0.5594253159001699]], "T": [0.07783161140164477, -0.12991648702507036, -0.04889196855580895], "aligned_model": [[-0.6377442296566713, 0.032230642497724754, -0.4530438636511569, -0.13854891827649835, 0.5284291885523977, -0.11718312482240495, -0.5042175667770828, 0.12320316990816169, 0.41460048756680135, 0.6443103515236276, 0.2398680307017039, 0.17642276522131126, -0.3286070132418306, 0.04826530508437793], [0.2782117749475463, 0.45944615090227797, 0.29122447753232766, 0.6653725525833958, 0.4654851939603664, -0.09924305517421445, -0.32244949860545796, -0.6712164968459109, -0.36352580790351824, -0.24624782275634946, 0.15869787917017286, -0.5597258184988434, -0.1278701525399561, -0.11528977664279944], [0.22806979863587634, -0.5209559347577399, -0.36368550970833396, 0.0604581691382849, 0.12850168607175216, -0.7074530144656822, -0.2931648029289596, -0.12012948153907115, -0.6544317590413278, 0.2930125542115191, 0.591154239421357, 0.5877261941153173, 0.6239434450927455, -0.026548298689599542]], "inverted": true, "swapped": false, "error_lsq": 0.03479789993051692, "error_max": 0.23766081531845035, "target": "768.xyz", "model": "23.xyz", "model_rescale": 4.410303926677745, "target_rescale": 4.117454889912677},
{"mapping": [8, 3, 4, 10, 1, 2, 5, 12, 0, 7, 11, 13, 14, 16], "R": [[-0.43584741027746254, -0.3988274377274586, 0.806829418074341], [-0.6182637267816367, 0.7841391125769464, 0.05362663771971088], [-0.6540542784054787, -0.4754603317236775, -0.5883455395060793]], "T": [-0.07162023383457107, -0.05548591999036053, 0.15761009857209504], "aligned_model": [[-0.7131215837455084, 0.1305968974123235, -0.4402457570368758, -0.15707954116587525, 0.6168591307985276, -0.10268313536746006, -0.43873576895864697, 0.10927291528507567, 0.33117381862632367, 0.5745907465062204, 0.19610907263198563, 0.17217296031344403, -0.22832790370084088, -0.022596626968231913], [0.4471224477077104, 0.43535143482895644, 0.21358587421198724, 0.5898167754250141, 0.4318434481888956, -0.0408681884308012, -0.3873607279364996, -0.7478783257280097, -0.25994798074686637, -0.20403907142657624, 0.23197838008850932, -0.6359134535794825, -0.2683627562164524, 0.007541743742651881], [0.05005772046365978, -0.5686391063006632, -0.35775381770426495, 0.16567758614388015, -2.0867269779067943e-06, -0.7543742046101419, -0.23057455999803614, -0.20851318648651126, -0.44764854704934554, 0.20529895227670672, 0.6540038749733156, 0.47042854522748945, 0.7807281843456421, 0.06780793100138548]], "inverted": true, "swapped": false, "error_lsq": 0.03497588212410908, "error_max": 0.20120667553077237, "target": "768.xyz", "model": "24.xyz", "model_rescale": 4.28219845311461, "target_rescale": 4.117454889912677},
{"mapping": [12, 7, 13, 9, 3, 2, 14, 6, 0, 1, 5, 8, 10, 15], "R": [[-0.2314218862448617, -0.4760970285111054, -0.8483958569027586], [0.6618170200936998, -0.7162265724677505, 0.22139947787967756], [-0.7130512902177276, -0.5102461330906821, 0.480839621063864]], "T": [-0.003719670378549968, 0.06314661454268941, -0.0554410664596039], "aligned_model": [[-0.7159267778269672, 0.08396300012776471, -0.3540647357065082, -0.05816135769776359, 0.6471582833800109, -0.19283429167745234, -0.640055844585208, 0.03031664768118612, 0.4540740175365683, 0.5912390525512782, 0.2731775036428619, 0.20955501974497667, -0.33803916777408355, 0.03758387523379751], [0.32950611991577505, 0.7433480869843173, 0.3066799593331577, 0.673138989064873, 0.48032740657235007, -0.30898419950026723, -0.3544626339254875, -0.8374281518656123, -0.4809095100405951, -0.043330787466729165, 0.13961157571033503, -0.381908318968182, -0.4700569839987835, 0.017338048313885912], [0.023511769020750188, -0.42311444315602376, -0.46880083967480213, 0.23059929710032234, -0.006826038614315723, -0.5981512484523676, -0.08413625568196348, -0.05737862228874579, -0.45541862163526514, 0.1556609934964844, 0.7462831664576307, 0.43280689271603007, 0.42791099466303156, -0.09644975839462766]], "inverted": false, "swapped": false, "error_lsq": 0.04843078344478057, "error_max": 0.3130067001456489, "target": "768.xyz", "model": "25.xyz", "model_rescale": 4.100010024507729, "target_rescale": 4.117454889912677},
{"mapping": [10, 12, 0, 6, 4, 1, 3, 5, 7, 8, 9, 13], "R": [[0.7081598653278061, 0.24006687825920342, 0.6639860684545908], [-0.51096190645472, -0.4747570761895845, 0.7166056438237668], [0.48726536434581713, -0.8467429436203163, -0.2135388773458834]], "T": [-0.0020041268529547313, 0.03205855936715453, -0.02409525237529074], "aligned_model": [[-0.6352008634935877, -0.12292665023473734, 0.26747016132577467, 0.6038001667781245, -0.5484127926836778, 0.15410911150276652, -0.17864578123409622, 0.6226553668254784, 0.2225584747922045, 0.10861101880362364, -0.5433170878956823, -0.07393552212318386], [-0.30944422937181587, -0.7778837279483513, -0.2677506529984376, -0.21711328548539316, 0.6030396046268401, 0.6507039159339846, 0.2142526586549005, 0.37950052544868357, -0.1708317340342691, 0.42586553229298485, 0.08359301637381238, 0.05219976655770016], [0.19228163619323208, 0.059155656139656745, 0.6367155738940522, -0.1695336737637012, 0.12875290442722243, 0.2568021585697568, 0.6810115819045529, -0.24708715364839423, -0.7040115645737115, -0.6745696000903221, -0.5501821675133503, -0.044143061684637476]], "inverted": true, "swapped": true, "error_lsq": 0.0472499128686902, "error_max": 0.26712185479922584, "target": "768.xyz", "model": "26.xyz", "model_rescale": 3.6694154284099745, "target_rescale": 4.117454889912677},
{"mapping": [11, 6, 12, 2, 0, 3, 9, 7, 7, 5, 4, 8, 10, 13], "R": [[-0.418319611575936, 0.05556352042737356, -0.9065988075045517], [-0.3768160281107865, -0.9187980264545963, 0.11755793270532808], [-0.826449262526, 0.39079775048080345, 0.4052884586185187]], "T": [0.044262104137096824, -0.017869456862714635, 0.01759595934784558], "aligned_model": [[-0.7284848084924551, 0.09402978142886853, -0.5230049906476318, -0.09327424941192325, 0.5285095335917743, -0.12902557323588412, -0.4863404268877825, 0.25171170122535125, 0.25171170122535125, 0.8139898903077264, 0.23079908471944913, 0.09551915011283466, -0.31267766443764894, 0.034522095132431416], [0.34285090189764006, 0.4375360184632324, 0.29962698495500684, 0.63236543621983, 0.38959828252882517, -0.264807080377495, -0.4301829168943185, -0.4954242456105609, -0.4954242456105609, -0.2005247108823257, 0.13502698293111917, -0.515450704363317, -0.05929047461089126, 0.03696937148285364], [0.1120337750917974, -0.49359819471157046, -0.4375269536822825, 0.1604524659327882, 0.2084042703692131, -0.7319535128666927, -0.09782544342092978, -0.3360063782156449, -0.3360063782156449, 0.02920169487142943, 0.8033167772358001, 0.4152676955872154, 0.5000573783143252, 0.03068008926633406]], "inverted": false, "swapped": false, "error_lsq": 0.05142650839821661, "error_max": 0.3488227822447999, "target": "768.xyz", "model": "27.xyz", "model_rescale": 4.103607728864725, "target_rescale": 4.117454889912677},
