[{"mapping": [4, 10, 7, 0, 6, 13, 9, 12, 8, 14, 3, 15], "R": [[0.8660813517898185, 0.3771186501144042, -0.3281533419269265], [0.4642489891972212, -0.3632958997021599, 0.8077678907266349], [0.18540757296097482, -0.8519375640241998, -0.4897207560367777]], "T": [0.06628405935957157, -0.08367849013440033, -0.05044443429269291], "aligned_model": [[-0.3335821542545113, 0.13090368038675168, 0.4555567057416853, -0.23308284500874502, -0.2624379412456901, -0.48355090094593167, 0.4828850415472348, -0.2846650531965593, 0.6867355528715666, 0.10967774152466372, -0.49590084264284395, 0.0651034776829285], [-0.2558072633438797, -0.7076416916241423, -0.4583767656239328, 0.6090212569231048, 0.40792521978021323, -0.6038140423263101, -0.25287241099067587, -0.3574602528509172, 0.19719582313837247, 0.28009516555996616, 0.2393313570966813, -0.04404135976142261], [-0.4554581995018789, -0.16215328896221654, -0.5468188630947395, -0.11437996868313577, -0.6725469700351521, -0.0473880622802737, 0.5562537932489544, 0.5550704118120591, 0.21572835724476058, 0.5104354868758456, 0.39143041104210585, -0.048221362312766566]], "inverted": true, "swapped": true, "error_lsq": 0.04460945396267387, "error_max": 0.25965845602323956, "target": "770.xyz", "model": "0.xyz", "model_rescale": 3.751011558992144, "target_rescale": 4.381142568439783},
{"mapping": [3, 12, 5, 0, 11, 4, 9, 14, 13, 2, 7, 8, 1, 6, 15], "R": [[-0.9149815472236632, 0.4023256985532895, -0.030705056974369066], [-0.06174696130594426, -0.21481495520360766, -0.9747009017079827], [-0.3987431265986585, -0.8899373951601764, 0.22139410941993581]], "T": [0.023543115552320665, -0.01344093011569892, 0.07811718568523995], "aligned_model": [[0.08120651530010936, -0.05972509601276613, -0.3796939670872055, 0.21562123106471348, -0.014236858188749854, -0.5326158282415113, 0.48722507341025234, 0.5465870934211806, -0.6315572568060244, -0.06280929004973805, -0.20106630342439433, 0.7145438397517978, 0.5283948113284522, -0.20030563939284726, 0.047517886015765634], [0.04240549265446405, -0.5433407582819763, 0.3892726538430796, 0.5947201802359844, -0.8071628505127101, 0.1964659184553555, -0.6092025391549687, -0.11698571166901478, -0.2973427664519485, 0.41713319847580593, -0.04001534846924416, -0.09389380022089908, 0.5881664518695972, 0.8139513720996769, 0.014585856953903856], [-0.7023933611881946, -0.44823112019734024, -0.47854118443705973, -0.3302788193875418, 0.2354291004399462, 0.06455999103874019, 0.09636129894397019, -0.3274737974829147, -0.17310396608920486, 0.4937709262083083, 0.7760885129192713, 0.30338086553663424, 0.2439607235023156, 0.032755975326906606, 0.06338125971813947]], "inverted": false, "swapped": true, "error_lsq": 0.04639112124715132, "error_max": 0.3054735464191756, "target": "770.xyz", "model": "1.xyz", "model_rescale": 3.9405287249114394, "target_rescale": 4.381142568439783},
{"mapping": [7, 8, 11, 0, 14, 10, 2, 1, 3, 13, 5, 4, 15], "R": [[0.6522871890113543, -0.41161947408062594, 0.6364674631190939], [0.6686017225139863, 0.7080221089633919, -0.22732450345345884], [-0.35706184296700855, 0.5738241035165916, 0.7370432406042292]], "T": [-0.054542791206865476, 0.0019171212718437011, -0.039670339655034165], "aligned_model": [[-0.41787909479710017, 0.3840986717389028, -0.5771461931456741, 0.5445874039965222, 0.39544997257777936, -0.6624776846625557, 0.021593874635585597, 0.6435072694166665, 0.21539330113848307, -0.667187161828719, -0.0018573777369385314, -0.36598385983344217, -0.01611584221557809], [0.5918043383965245, 0.4385824869702728, 0.1611880223379991, -0.3405409686184372, -0.21193411174585736, 0.18390379819694788, 0.3557848222906502, 0.30352582525372235, -0.7203718849654196, -0.4375720781463676, -0.6656111509000185, -0.19476819513653026, -0.005158310361469338], [0.2018650946211949, -0.42904858249457845, -0.6377399979841841, 0.27226988126340235, -0.4875260450751845, -0.09694734365644606, 0.44468460092725615, 0.21736868144638624, -0.18483818012073475, 0.026548512480203346, 0.3919280495988259, 0.4271024106717809, -0.03254673208927765]], "inverted": true, "swapped": true, "error_lsq": 0.044863929265038786, "error_max": 0.28942387086173027, "target": "770.xyz", "model": "2.xyz", "model_rescale": 3.932901565614263, "target_rescale": 4.381142568439783},
{"mapping": [5, 6, 0, 4, 3, 14, 1, 12, 10, 9, 2, 7, 8, 15], "R": [[-0.5473513264444252, -0.6582150233773028, -0.5168747512114953], [0.6333100295185659, -0.7295062577740759, 0.2583389757269636], [-0.5471059604415962, -0.1859397829107058, 0.8161503937267923]], "T": [-0.0029442968639941426, -0.021059831063135942, 0.11178808371286585], "aligned_model": [[-0.2149350993816024, 0.47118534291917774, 0.1767440844198001, -0.009848419914148272, -0.48873348902958674, -0.2212023411498281, 0.6470622008327852, -0.7466781418338615, -0.15751134890835308, -0.27809184413500865, 0.5542921765057278, 0.4037533669297701, 0.27181102604138574, 0.011962398756445553], [0.027450182265719852, 0.04450405634888824, -0.4572393982038401, 0.4345369793419823, -0.4336093619650001, -0.6520030881173033, -0.4712448789319731, -0.11549659739204567, 0.514190463253734, -0.3412850472479889, 0.18588268583107245, 0.49716086673444315, -0.5167215128301125, -0.05262871073708749], [-0.6546018919539286, -0.600704995276283, -0.4806650421991757, -0.27023460252340525, -0.3458715602531687, 0.16723718362906154, -0.026543877345382952, 0.1638613692346817, 0.42098185677859545, 0.7378993666863726, 0.0009676991963885745, 0.4348420777813594, 0.5738783350444107, 0.0928504442575714]], "inverted": false, "swapped": true, "error_lsq": 0.04989893112257708, "error_max": 0.34769776729732105, "target": "770.xyz", "model": "3.xyz", "model_rescale": 3.9243930471874484, "target_rescale": 4.381142568439783},
{"mapping": [5, 13, 3, 0, 14, 4, 2, 12, 9, 11, 8, 7, 15], "R": [[0.45629116946378, -0.8455129531681327, 0.27731969763123493], [0.1977656025087008, -0.2074995045274165, -0.9580358668052296], [0.8675754348376554, 0.49198760314237616, 0.07253318702823677]], "T": [-0.037094907023086716, -0.10401139296659996, 0.00826721258824259], "aligned_model": [[0.052764538960178235, -0.4134480397883643, 0.5068220629765778, 0.4392042739209063, 0.6078502458887188, -0.43012097471817123, -0.31559916426670676, 0.16979120089463456, 0.23702806331511667, -0.2581939653807373, 0.34059257491727624, -0.6533457858750914, -0.006139144532985259], [-0.64703797150224, -0.010381413235435247, -0.22738406972958766, -0.6898635102819692, 0.075839975561651, -0.4389635307639193, -0.49612583858052967, 0.33243703122610996, 0.5825030518726637, 0.6706949985193816, 0.16006188266527738, -0.05692934328445211, -0.12702170878536342], [-0.5676618902701149, -0.6417024513125572, -0.5436151270114988, -0.050534338680174345, -0.01408911030255881, -0.28651241503675107, 0.37473752573035035, -0.5674765441505673, 0.1626052010312048, -0.07607770570869075, 0.5759958992821211, 0.40366283643426026, 0.017738435365940525]], "inverted": true, "swapped": true, "error_lsq": 0.04414686384602335, "error_max": 0.26220244420215594, "target": "770.xyz", "model": "4.xyz", "model_rescale": 3.8936222436046832, "target_rescale": 4.381142568439783},
{"mapping": [1, 0, 2, 8, 4, 5, 3, 12, 9, 14, 10, 15], "R": [[-0.6903469584090633, 0.19531668099149554, 0.6966150092711338], [0.5191995020072385, -0.5368036413998514, 0.6650366363556941], [0.503838222181278, 0.820788185043088, 0.2691724375988058]], "T": [-0.06613471950078435, 0.1123919667907558, -0.11032227303421299], "aligned_model": [[-0.08405024910378266, -0.45076901370555106, -0.31141238144770916, 0.5220262542660329, -0.5950931901420672, -0.7593974975843504, -0.2638546714339021, 0.10137303919531217, 0.6620532261987389, 0.26069802705208006, 0.018373113194769017, -0.07239861427447307], [-0.5173552773960056, -0.5385274625629878, 0.10428518095305561, -0.23962221489816338, 0.3838156825423654, -0.06088588394320113, -0.28638183918738047, 0.2510272254327775, 0.12671108914828538, -0.37073663755260344, 0.7432503936625481, 0.07334264891111753], [-0.607723718610264, -0.06671502852381253, -0.6629451089265115, -0.36498101613978123, -0.11978568838016655, 0.24182602458577035, 0.5358409235815045, 0.6090464626578733, 0.08918456642108077, 0.21917382352091114, -0.13966016499238468, -0.11397635591870132]], "inverted": false, "swapped": true, "error_lsq": 0.04717723220623626, "error_max": 0.24890704129720637, "target": "770.xyz", "model": "5.xyz", "model_rescale": 3.6523030999806103, "target_rescale": 4.381142568439783},
{"mapping": [13, 5, 6, 4, 2, 12, 0, 10, 14, 8, 1, 7, 15], "R": [[0.2716672327568913, -0.9619197357467102, 0.030122028935521128], [-0.41385077466204817, -0.1450234644574907, -0.8987189388615162], [0.8688638851729514, 0.2316864621373598, -0.4374893510754725]], "T": [0.03706419499699549, -0.13486200350347968, -0.06989794290059019], "aligned_model": [[0.2189504161545552, -0.06157811407501627, 0.2781204906651716, 0.41452224866562143, 0.4747005001960208, -0.3920573695696768, -0.2956742329387729, 0.45339201051874334, -0.6184469648016445, -0.24573370318353993, -0.06260505759067517, 0.7023067947417887, 0.015185885881719357], [-0.6514669345086681, 0.04750844424354847, 0.5546434804052675, -0.13386923767411874, 0.2762198696309255, -0.7081256111017336, 0.4603472504098177, -0.6128057532612191, -0.08803872051937596, 0.05193456653687434, 0.6176695076126235, -0.17140786159681712, -0.10178209601394075], [0.4525056993648168, 0.6992949010581049, 0.38089910260817966, 0.3895385440073241, -0.141347282494941, 0.1581228479949922, 0.2595748453432967, -0.13490226996427213, -0.19994897038267834, -0.7178414441554358, -0.3308062039596276, -0.37720275605152725, -0.06777727388644307]], "inverted": false, "swapped": true, "error_lsq": 0.04564438591311326, "error_max": 0.25160666670876136, "target": "770.xyz", "model": "6.xyz", "model_rescale": 4.08911054899281, "target_rescale": 4.381142568439783},
{"mapping": [6, 0, 5, 2, 7, 11, 4, 13, 8, 1, 9, 14, 12, 3, 15], "R": [[-0.8006938300953791, -0.5345632332268221, 0.2704284380927396], [-0.29936963034098074, -0.03396949268201588, -0.9535323266656623], [0.518909640377491, -0.8444455123031995, -0.13283283432303294]], "T": [-0.07158108556580539, 0.010177054770479518, -0.07723459876732194], "aligned_model": [[0.1633632507881814, 0.24012816844215162, 0.6496324769735629, -0.3401741554740372, -0.5565133124715453, -0.2656508827382965, 0.24407814678858003, 0.4485934762938781, -0.6240331768780267, -0.4107023340660299, -0.3824741798689196, -0.0014960156725744717, 0.3681559813211001, 0.5718355226494938, -0.06840942628796343], [-0.7181199023160773, -0.6514633060711073, -0.29197929351592594, -0.35053757441560285, 0.14351980177720858, 0.788946936843504, -0.030133703035165146, 0.45557708854460166, -0.09918528240239156, -0.7004422053501181, 0.4461159087839343, -0.06729988986193194, 0.5080686518926868, -0.10786681546229564, -0.024441599242206874], [-0.4659872545454937, 0.11926122671914965, -0.2295482716508567, -0.4814147185961345, -0.6114443062546172, 0.03241592088389954, -0.579521115807308, -0.39957921675576125, 0.38917182981765996, 0.078739122686726, 0.4552769034490082, 0.5844949352778209, 0.27419851232803183, 0.3560335830329956, -0.058027118503039904]], "inverted": true, "swapped": true, "error_lsq": 0.046086035901127365, "error_max": 0.3057642408329374, "target": "770.xyz", "model": "7.xyz", "model_rescale": 3.964800864290218, "target_rescale": 4.381142568439783},
{"mapping": [10, 9, 7, 13, 2, 12, 4, 8, 14, 0, 3, 6, 1, 15], "R": [[0.9804109231039255, 0.17393815964201195, 0.0924117875536381], [-0.18993583751443863, 0.7107047134529563, 0.6773648853486872], [0.05214210857068923, -0.6816482427880978, 0.7298197541980493]], "T": [0.017407055736557434, -0.03061582560701017, -0.0031833791677440965], "aligned_model": [[-0.2152893272924573, 0.2998182372644067, 0.19262598418453658, -0.7115957631955019, 0.24500844233082714, -0.4277801312918297, -0.41182168257406854, 0.6940796851522075, 0.2189820505016109, 0.0766183867199513, -0.33421566328865027, -0.036665557146480524, 0.6365910712257564, 0.034832156870564235], [-0.05494238720192642, -0.7040220433643275, 0.3306025321593944, -0.07272259011754276, 0.5213301491519542, -0.6327166383017824, 0.37615198238635833, -0.30673576822530957, -0.5081367023331989, 0.2061886890028122, -0.3286812159431515, 0.7120666858141941, 0.2972447916250616, -0.02467901847133362], [-0.5958428532106249, -0.19562477531329875, -0.6172999719828265, -0.20230828471594853, -0.09895446010639085, 0.060479340782060007, -0.06531303355374306, 0.020698004810887627, 0.42124789203553975, 0.7137258729039342, 0.6317647218109488, 0.42371563233969495, 0.38851717795950547, 0.032009774965283073]], "inverted": true, "swapped": true, "error_lsq": 0.041909380619579086, "error_max": 0.2535157766190336, "target": "770.xyz", "model": "8.xyz", "model_rescale": 4.121658175737393, "target_rescale": 4.381142568439783},
{"mapping": [14, 9, 8, 1, 12, 3, 10, 4, 7, 13, 0, 2, 15], "R": [[-0.21499855454521294, -0.9764782574532958, 0.016304424689160935], [-0.4667111799952622, 0.0880655579257213, -0.8800142794152046], [0.8578789518404677, -0.19681125533923827, -0.47466728743499276]], "T": [0.009906695747617128, -0.0316639954579302, -0.02305813198894366], "aligned_model": [[-0.5030906587897445, -0.18719854686507728, 0.07324058977220743, 0.1941864818084115, -0.587908081513711, -0.737861218023391, 0.3009560141891331, 0.14976043214927368, 0.7174660637213908, -0.1608374430618506, -0.29326982436296967, 0.5144179167329548, -0.003124229321429849], [0.16984593823995253, -0.3232013304425081, 0.21714324861270723, 0.7229922555520788, -0.4863429890516042, 0.11300283918075144, -0.5949560777737379, -0.12058815723406327, -0.2254607879050778, -0.576770258819596, 0.6256000257302791, 0.26345042200860164, 0.0056723113139264605], [-0.40388359208563696, -0.691205725085935, -0.7077348175699659, -0.2251612222271375, -0.04864068319074752, 0.16550288857878456, 0.0400050480898613, 0.5479855434269509, -0.0341084023237825, 0.47350447065458123, 0.19971807784400103, 0.13184428464710451, -0.02675043679898935]], "inverted": false, "swapped": true, "error_lsq": 0.04359599804759796, "error_max": 0.277054073973786, "target": "770.xyz", "model": "9.xyz", "model_rescale": 3.833441315466971, "target_rescale": 4.381142568439783},
{"mapping": [5, 6, 14, 8, 1, 0, 2, 7, 12, 9, 13, 10, 4, 3, 15], "R": [[-0.8046372070925343, 0.45568454984048334, -0.3806711914487393], [0.5575185683885677, 0.3592451121064433, -0.7484089759814424], [-0.20428414246898496, -0.8144289658799627, -0.5431145815308279]], "T": [-0.030730262337321124, 0.11938833990818933, 0.06779747054990834], "aligned_model": [[0.12071764689194206, -0.09704803328626649, -0.552917988644344, -0.6101899893070305, -0.6670726129555089, -0.4749445816556992, -0.019088491136216593, 0.3049496202815414, 0.12894962832309362, -0.26711796122533416, 0.6285383667667219, 0.5108654646945192, 0.4171366270050514, -0.23433796605270563, -0.06459471140523229], [-0.6615413973502337, -0.5006339114914237, 0.0755252556247373, 0.5652596376663145, 0.038001506443121294, -0.4795985150429123, 0.11792148973358056, 0.5528139156994004, 0.04577424640956919, 0.6592682455000908, -0.10742656538835595, 0.45406151767189773, -0.2104463505760515, -0.44773391825494846, 0.0998563826501922], [0.11091582862800128, -0.5220485155232809, 0.48516610680634686, 0.05667985982489301, -0.4146497824956139, -0.06422382193993964, -0.5367529141909178, -0.419830308703659, 0.7984500965018138, 0.5399375386114228, 0.36239667464355607, 0.09334297882426043, -0.1423971529530196, 0.5703478179491083, 0.06078750183912103]], "inverted": true, "swapped": true, "error_lsq": 0.04803162074320854, "error_max": 0.44791175994129007, "target": "770.xyz", "model": "10.xyz", "model_rescale": 4.2482417240324, "target_rescale": 4.381142568439783},
{"mapping": [0, 5, 12, 13, 8, 9, 14, 10, 4, 7, 2, 15], "R": [[-0.6361715138365068, 0.04715303086564815, -0.770105445158746], [0.7457290341258169, 0.2936278542609815, -0.5980559262007762], [0.1979242598691315, -0.9547561337233058, -0.2219610607133185]], "T": [-0.06026130351222634, 0.0941553056409367, -0.0550974497204232], "aligned_model": [[-0.6376521508613555, -0.09944486092462582, 0.4266494138841529, 0.5807134473000028, -0.4384787284592198, 0.11388371555442398, -0.28955241774028484, 0.48026618458562553, 0.12405098914508716, 0.07201208614804996, -0.3591963464731578, -0.09648572979569167], [-0.3713819279878101, -0.7014414121390147, -0.06397061113721962, -0.30251666015255435, 0.6651168763388291, 0.6421291671213952, 0.1484166845749081, 0.28748226961386436, -0.318237028923492, 0.4664951883079264, 0.1302601251741194, 0.08377871925968766], [0.09799118168354475, -0.04337447936078419, 0.49506989734860385, -0.12344610012951156, 0.20113068079068708, 0.4344573071608606, 0.57202443467794, -0.33157413962074395, -0.44177431033337794, -0.6733096516446774, -0.5794571852768794, -0.04254534544130508]], "inverted": true, "swapped": true, "error_lsq": 0.037462469977629705, "error_max": 0.17878269655905935, "target": "770.xyz", "model": "11.xyz", "model_rescale": 3.6694154284099745, "target_rescale": 4.381142568439783},
{"mapping": [3, 5, 4, 6, 0, 12, 14, 11, 2, 7, 10, 8, 13, 15], "R": [[-0.7255479087194352, -0.07013731263610698, -0.6845881897382101], [0.4092182005277192, -0.8437734798363541, -0.3472560713388687], [-0.5532817514699991, -0.5320968634572422, 0.6408995485949849]], "T": [0.09676398611029621, 0.024934335580735496, 0.08007980930961375], "aligned_model": [[0.019009480793077238, 0.01337817545093603, -0.1185291242532959, 0.5423171739037839, 0.5833655665043244, -0.44857895115757307, 0.2837540704338806, -0.473700559789079, 0.4363429414631569, 0.06965440946375179, -0.3856569398004036, 0.5371090451417462, -0.5901375364088813, 0.12993709851038587], [-0.3867284666375385, 0.22326011235605886, 0.5129099109265116, 0.5682907742652588, -0.018061845660096464, -0.44740781401854596, -0.6012847788257282, -0.2605964230697498, 0.5108989216032128, 0.5263080814232942, 0.25779050809861564, -0.38570660678313856, 0.21691031985667325, 0.014404594601426615], [-0.5833420614182343, -0.686966870752898, -0.18276266796815502, -0.4128604138899825, -0.4986355489790113, -0.13031015370512541, -0.06717812533486603, 0.5792904257779389, 0.19900585519476294, 0.6150648579591703, 0.4250909592894193, 0.49501189538353485, -0.173258575978002, 0.06094588407386367]], "inverted": false, "swapped": true, "error_lsq": 0.047322388807824564, "error_max": 0.34236753031518136, "target": "770.xyz", "model": "12.xyz", "model_rescale": 3.9764082729961374, "target_rescale": 4.381142568439783},
{"mapping": [8, 3, 14, 1, 13, 10, 11, 6, 7, 0, 6, 5, 9, 12, 2, 15], "R": [[0.48579119512111635, -0.7521795555989849, 0.445233456606432], [-0.5199928113412725, -0.6581318580626803, -0.5444905265992828], [0.7025769643933664, 0.03299050684482052, -0.7108426236248954]], "T": [0.04650910891764466, 0.060744833247412464, 0.02715788035531496], "aligned_model": [[-0.14145808337930965, -0.5186471011680828, -0.007158814667859989, 0.29753959891317755, 0.4894917394137254, 0.5015837985492285, 0.17251046908147738, 0.07403008444599257, -0.6851506287955758, -0.34897521989173635, 0.07403008444599257, 0.12590909639286346, 0.205326156631166, 0.666404888422749, -0.2964863256652089, -0.04381912638306143], [0.3376851838647596, -0.1807098387290751, -0.643946652052371, 0.6249551680002778, -0.34527005570991026, 0.3579477984766449, -0.1832558606744975, -0.6539200419818554, 0.24862353663542996, 0.47696466133247034, -0.6539200419818554, -0.03934589896663489, 0.43091413854623994, 0.20005460036851203, 0.7647098673839575, 0.002487741067458339], [-0.595437665298916, -0.5479434558419465, -0.34612177901427216, -0.12107494162301041, -0.08859550063480875, -0.5650619464606528, -0.7179139399089474, 0.29577567149866946, 0.04738953737220491, 0.4715238712651726, 0.29577567149866946, 0.8557116765257926, 0.4735332350600374, 0.08661834019790537, -0.1246540970198971, 0.021191651121828258]], "inverted": false, "swapped": false, "error_lsq": 0.04649070055101593, "error_max": 0.3971816762151789, "target": "770.xyz", "model": "13.xyz", "model_rescale": 4.170626492500431, "target_rescale": 4.381142568439783},
{"mapping": [4, 5, 2, 0, 7, 8, 1, 13, 10, 3, 12, 14, 9, 15], "R": [[-0.5818530276287679, 0.3121543339359826, -0.7510038122700975], [0.8087885290186465, 0.31914918195950737, -0.4939685364296309], [0.08548783285994946, -0.8948203570882598, -0.4381647623592626]], "T": [0.024638401116687192, 0.08848034149129762, 0.030374157038886303], "aligned_model": [[0.253406876791815, -0.10103921933312981, -0.13019029174490096, -0.6190214069800808, 0.3442388341741864, -0.34179931067678854, -0.705666113877716, 0.6164899791994973, 0.6341076923519735, -0.2192854027078155, 0.34112579446227514, -0.34500715151112393, 0.13028007865863056, -0.014457336715178758], [-0.32914069466962537, -0.6967101384436742, 0.17824749817416113, -0.31006343351714166, 0.4638222869383742, 0.6910975595229979, 0.28996003609190507, -0.37905533146579307, 0.22562490672883156, -0.4561511934240651, -0.14565009592349604, 0.147681904819403, 0.5943530746898223, 0.08205808840396618], [-0.3257369324524984, -0.017874806528592295, -0.5471972962240504, 0.010221082701548152, -0.5130350364996337, 0.22343964468453836, -0.2349030637422374, 0.09354789898491553, -0.09501799468348823, 0.5398035176875305, 0.6705215074064662, 0.5859440541005461, 0.5810086222596896, 0.033151903426132695]], "inverted": true, "swapped": true, "error_lsq": 0.04179415365165854, "error_max": 0.2384486346426206, "target": "770.xyz", "model": "14.xyz", "model_rescale": 3.9786697098870705, "target_rescale": 4.381142568439783},
{"mapping": [2, 10, 1, 6, 8, 14, 13, 12, 0, 4, 9, 15], "R": [[-0.20120928900856624, 0.36909556276029165, -0.9073495950113886], [-0.6467241447950757, 0.645652244013911, 0.4060554892362359], [0.7357055814357705, 0.6685070271511472, 0.1087917832089825]], "T": [-0.040287524142850285, -0.007916578911879607, -0.035113008132335824], "aligned_model": [[0.09391409330094941, -0.6461909345977211, 0.5590398469425486, 0.5758158876971454, 0.041846513593672176, 0.24575785072115472, -0.3956942078890502, -0.267116921622224, 0.7095596471901798, -0.06306611249684232, -0.36839649717640044, -0.002114568896075572], [-0.3875841297091084, -0.2049391131356368, 0.08053394439619357, -0.5946278174957952, 0.5605517476835501, 0.5741374046084902, -0.36018584746706905, 0.303661533784059, -0.05488908342950302, -0.5752869459428424, 0.6716218828835795, 0.0016809140485220218], [-0.48617988446390153, -0.028197904821037213, -0.5617000978120144, -0.14882507740986936, -0.4876570967197847, 0.13279105371875394, 0.5327437248718048, 0.610051673310582, 0.06009223870620284, 0.14132240751127928, -0.06405573212562891, -0.04041881089255679]], "inverted": false, "swapped": true, "error_lsq": 0.051461852153210745, "error_max": 0.2563529823219903, "target": "770.xyz", "model": "15.xyz", "model_rescale": 3.769337070930944, "target_rescale": 4.381142568439783},
{"mapping": [12, 9, 4, 10, 3, 14, 0, 8, 2, 7, 15], "R": [[-0.36583662309557324, 0.42682679223875475, -0.8270323177658796], [0.7423587466479815, -0.40211996111311415, -0.5359132655100322], [-0.5613083434951471, -0.8100113741803648, -0.16974839386919538]], "T": [-0.027944147544555493, 0.11842527157644892, 0.019377683838522557], "aligned_model": [[-0.24324535654694707, -0.22802554935475483, -0.16338022594451287, -0.657929255498212, 0.36941449871834453, 0.3430855288734417, 0.692764956233597, 0.18631918148918025, 0.07010799417481892, -0.4580944948883817, 0.011608853434596757], [-0.08129872152071399, -0.6003034236612883, 0.6959448217509692, 0.19436283887406516, 0.14664404184058089, -0.34811126399190995, 0.32557131565402697, -0.5094359721225008, 0.4083906187885631, 0.24903072605178408, 0.11526951596176592], [-0.6723778206836991, -0.09750771220455606, -0.02167948605232531, 0.07714350484144131, -0.656603389589026, -0.2863692873584864, -0.08650026342479705, 0.32691609624378126, 0.5408417047419942, 0.5992332334247958, 0.021121027284654405]], "inverted": false, "swapped": true, "error_lsq": 0.03865956377111615, "error_max": 0.17658112921579008, "target": "770.xyz", "model": "16.xyz", "model_rescale": 3.7852294659196426, "target_rescale": 4.381142568439783},
{"mapping": [10, 4, 5, 13, 7, 2, 1, 0, 12, 9, 8, 14, 15], "R": [[-0.10962375499381091, -0.9218030044986544, -0.3718357880009814], [0.9916076073982277, -0.12721584278699272, 0.023032201239955447], [-0.06853455545211898, -0.36619031969899063, 0.9280127501644206]], "T": [-0.02053969426167612, 0.07323631881706792, -0.02388084076643871], "aligned_model": [[-0.13684238106832428, -0.2731290888215909, 0.08169887006838408, 0.16711693514220727, -0.6093021103493347, -0.6120770485795152, -0.3605968386951012, 0.0035363372874652223, 0.6699144498591934, 0.4232833868421127, 0.028066280845320635, 0.4908014269475601, -0.018704369262093973], [-0.23393048230238128, -0.45215506903505476, -0.445093209928931, -0.6407379533821628, 0.049691526350848, 0.12984154650777652, 0.637339367285065, 0.1785864961292073, -0.1823363278613288, 0.4894801128817974, 0.7939220067315249, 0.45671864146538965, 0.0937289688611242], [-0.5698724906826262, 0.0932513097826799, 0.5723814271505024, -0.19089744388232116, -0.4610581784625585, 0.0879147621039281, 0.434877968469764, 0.7256943191792049, -0.17463116146088126, -0.47112560272431836, -0.13767007150345337, 0.17679834643503542, 0.010091512738217713]], "inverted": true, "swapped": true, "error_lsq": 0.04492534567310532, "error_max": 0.23543652729408168, "target": "770.xyz", "model": "17.xyz", "model_rescale": 3.901054581598922, "target_rescale": 4.381142568439783},
{"mapping": [3, 12, 5, 0, 11, 4, 9, 14, 13, 2, 7, 8, 1, 6, 15], "R": [[-0.9149815472236632, 0.4023256985532895, -0.030705056974369066], [-0.06174696130594426, -0.21481495520360766, -0.9747009017079827], [-0.3987431265986585, -0.8899373951601764, 0.22139410941993581]], "T": [0.023543115552320665, -0.01344093011569892, 0.07811718568523995], "aligned_model": [[0.08120651530010936, -0.05972509601276613, -0.3796939670872055, 0.21562123106471348, -0.014236858188749854, -0.5326158282415113, 0.48722507341025234, 0.5465870934211806, -0.6315572568060244, -0.06280929004973805, -0.20106630342439433, 0.7145438397517978, 0.5283948113284522, -0.20030563939284726, 0.047517886015765634], [0.04240549265446405, -0.5433407582819763, 0.3892726538430796, 0.5947201802359844, -0.8071628505127101, 0.1964659184553555, -0.6092025391549687, -0.11698571166901478, -0.2973427664519485, 0.41713319847580593, -0.04001534846924416, -0.09389380022089908, 0.5881664518695972, 0.8139513720996769, 0.014585856953903856], [-0.7023933611881946, -0.44823112019734024, -0.47854118443705973, -0.3302788193875418, 0.2354291004399462, 0.06455999103874019, 0.09636129894397019, -0.3274737974829147, -0.17310396608920486, 0.4937709262083083, 0.7760885129192713, 0.30338086553663424, 0.2439607235023156, 0.032755975326906606, 0.06338125971813947]], "inverted": false, "swapped": true, "error_lsq": 0.04639112124715132, "error_max": 0.3054735464191756, "target": "770.xyz", "model": "18.xyz", "model_rescale": 3.9405287249114394, "target_rescale": 4.381142568439783},
{"mapping": [10, 2, 1, 11, 12, 14, 3, 0, 5, 9, 4, 7, 13, 12, 11, 15], "R": [[-0.4837000715770372, -0.21073726339176535, 0.8494845770080343], [0.5707606051739883, 0.6598599137144916, 0.4886892937789067], [-0.6635258641061342, 0.7212313776388639, -0.19889375950832294]], "T": [0.04087303309819534, -0.044963110668690576, 0.03731112888351225], "aligned_model": [[-0.09446581102662882, -0.6094017823842898, -0.03174807320354046, -0.12626286687740915, 0.5498030256766321, 0.5032148958666074, 0.37424229135240916, -0.0975767556349536, -0.7675269756658735, -0.31068244904076847, 0.3623234370275958, -0.02045708049672968, 0.3935677782058208, 0.5498030256766321, -0.12626286687740915, 0.01656082374744326], [0.3353848877488765, -0.04203187897840546, -0.5727169760939677, 0.6458375834778016, -0.22072094019445276, 0.4319119681647898, -0.2209349221082708, -0.6862762005478067, 0.14720580977177117, 0.4663499485906148, -0.45934577660096054, 0.05012396846927289, 0.48024364053357377, -0.22072094019445276, 0.6458375834778016, -0.03617344993663495], [-0.6371685478430984, -0.5392817562989574, -0.3522032565089006, -0.08131936384869198, -0.06387439490274008, -0.3608962582850112, -0.7264476380734852, 0.24279454598912292, 0.06600214848666834, 0.4889498621266496, 0.5468419646575294, 0.7321655118219716, 0.2633512373532191, -0.06387439490274008, -0.08131936384869198, 0.0069960328149855505]], "inverted": false, "swapped": false, "error_lsq": 0.05109521601402555, "error_max": 0.42367034585965696, "target": "770.xyz", "model": "19.xyz", "model_rescale": 4.410303926677745, "target_rescale": 4.381142568439783},
{"mapping": [10, 9, 7, 13, 2, 12, 4, 8, 14, 0, 3, 6, 1, 15], "R": [[0.9804109231039255, 0.17393815964201195, 0.0924117875536381], [-0.18993583751443863, 0.7107047134529563, 0.6773648853486872], [0.05214210857068923, -0.6816482427880978, 0.7298197541980493]], "T": [0.017407055736557434, -0.03061582560701017, -0.0031833791677440965], "aligned_model": [[-0.2152893272924573, 0.2998182372644067, 0.19262598418453658, -0.7115957631955019, 0.24500844233082714, -0.4277801312918297, -0.41182168257406854, 0.6940796851522075, 0.2189820505016109, 0.0766183867199513, -0.33421566328865027, -0.036665557146480524, 0.6365910712257564, 0.034832156870564235], [-0.05494238720192642, -0.7040220433643275, 0.3306025321593944, -0.07272259011754276, 0.5213301491519542, -0.6327166383017824, 0.37615198238635833, -0.30673576822530957, -0.5081367023331989, 0.2061886890028122, -0.3286812159431515, 0.7120666858141941, 0.2972447916250616, -0.02467901847133362], [-0.5958428532106249, -0.19562477531329875, -0.6172999719828265, -0.20230828471594853, -0.09895446010639085, 0.060479340782060007, -0.06531303355374306, 0.020698004810887627, 0.42124789203553975, 0.7137258729039342, 0.6317647218109488, 0.42371563233969495, 0.38851717795950547, 0.032009774965283073]], "inverted": true, "swapped": true, "error_lsq": 0.041909380619579086, "error_max": 0.2535157766190336, "target": "770.xyz", "model": "20.xyz", "model_rescale": 4.121658175737393, "target_rescale": 4.381142568439783},
{"mapping": [13, 5, 6, 4, 2, 12, 0, 10, 14, 8, 1, 7, 15], "R": [[0.2716672327568913, -0.9619197357467102, 0.030122028935521128], [-0.41385077466204817, -0.1450234644574907, -0.8987189388615162], [0.8688638851729514, 0.2316864621373598, -0.4374893510754725]], "T": [0.03706419499699549, -0.13486200350347968, -0.06989794290059019], "aligned_model": [[0.2189504161545552, -0.06157811407501627, 0.2781204906651716, 0.41452224866562143, 0.4747005001960208, -0.3920573695696768, -0.2956742329387729, 0.45339201051874334, -0.6184469648016445, -0.24573370318353993, -0.06260505759067517, 0.7023067947417887, 0.015185885881719357], [-0.6514669345086681, 0.04750844424354847, 0.5546434804052675, -0.13386923767411874, 0.2762198696309255, -0.7081256111017336, 0.4603472504098177, -0.6128057532612191, -0.08803872051937596, 0.05193456653687434, 0.6176695076126235, -0.17140786159681712, -0.10178209601394075], [0.4525056993648168, 0.6992949010581049, 0.38089910260817966, 0.3895385440073241, -0.141347282494941, 0.1581228479949922, 0.2595748453432967, -0.13490226996427213, -0.19994897038267834, -0.7178414441554358, -0.3308062039596276, -0.37720275605152725, -0.06777727388644307]], "inverted": false, "swapped": true, "error_lsq": 0.04564438591311326, "error_max": 0.25160666670876136, "target": "770.xyz", "model": "21.xyz", "model_rescale": 4.08911054899281, "target_rescale": 4.381142568439783},
{"mapping": [10, 7, 13, 5, 14, 9, 12, 4, 0, 8, 2, 1, 11, 15, 6, 16], "R": [[0.09803652938380143, 0.382252193125045, 0.918842804704631], [-0.5505824656036208, 0.789949681076705, -0.2698859943321437], [-0.8290040937632436, -0.4794400507028022, 0.28790528009377964]], "T": [0.06417478160671364, 0.020626308720699087, -0.02229522488390435], "aligned_model": [[-0.1082944500817618, -0.46541135314764803, -0.15334061318465275, 0.22754167883767554, 0.5702546339106719, 0.5261387789857848, 0.19654766934835757, -0.1891420776874087, -0.6446284283009363, -0.12942285716190735, 0.22188639949477892, -0.04767300647357603, 0.4300618047600624, 0.6759033407578303, -0.5739300724261297, 0.028639168714396854], [0.4645729050990814, -0.028769987325767445, -0.48725873706564865, 0.6751220717923747, -0.29194281331433675, 0.30514408816541017, -0.19003286143269674, -0.6009583366624222, -0.18805506989425025, 0.5815450081931087, -0.4515563533457547, 0.10512639046179081, 0.5246309823955754, -0.06777017166246388, 0.40502547121014093, -0.010848281034590915], [-0.6736792843294618, -0.4944124982623082, -0.3848828685282978, -0.22887597654901276, -0.2631402227337958, -0.484016471815339, -0.7173273382824908, 0.16679544989690087, 0.21036222722810222, 0.33638594956698353, 0.5006047737776167, 0.7589526165552479, 0.42267556680956125, 0.3643328264379587, -0.0472673631285198, -0.02579105790531555]], "inverted": false, "swapped": false, "error_lsq": 0.0476614381774148, "error_max": 0.4532487377244756, "target": "770.xyz", "model": "22.xyz", "model_rescale": 4.204369325754507, "target_rescale": 4.381142568439783},
{"mapping": [10, 2, 1, 11, 12, 14, 3, 0, 5, 9, 4, 7, 13, 12, 11, 15], "R": [[-0.4837000715770372, -0.21073726339176535, 0.8494845770080343], [0.5707606051739883, 0.6598599137144916, 0.4886892937789067], [-0.6635258641061342, 0.7212313776388639, -0.19889375950832294]], "T": [0.04087303309819534, -0.044963110668690576, 0.03731112888351225], "aligned_model": [[-0.09446581102662882, -0.6094017823842898, -0.03174807320354046, -0.12626286687740915, 0.5498030256766321, 0.5032148958666074, 0.37424229135240916, -0.0975767556349536, -0.7675269756658735, -0.31068244904076847, 0.3623234370275958, -0.02045708049672968, 0.3935677782058208, 0.5498030256766321, -0.12626286687740915, 0.01656082374744326], [0.3353848877488765, -0.04203187897840546, -0.5727169760939677, 0.6458375834778016, -0.22072094019445276, 0.4319119681647898, -0.2209349221082708, -0.6862762005478067, 0.14720580977177117, 0.4663499485906148, -0.45934577660096054, 0.05012396846927289, 0.48024364053357377, -0.22072094019445276, 0.6458375834778016, -0.03617344993663495], [-0.6371685478430984, -0.5392817562989574, -0.3522032565089006, -0.08131936384869198, -0.06387439490274008, -0.3608962582850112, -0.7264476380734852, 0.24279454598912292, 0.06600214848666834, 0.4889498621266496, 0.5468419646575294, 0.7321655118219716, 0.2633512373532191, -0.06387439490274008, -0.08131936384869198, 0.0069960328149855505]], "inverted": false, "swapped": false, "error_lsq": 0.05109521601402555, "error_max": 0.42367034585965696, "target": "770.xyz", "model": "23.xyz", "model_rescale": 4.410303926677745, "target_rescale": 4.381142568439783},
{"mapping": [6, 15, 9, 12, 11, 13, 14, 10, 4, 2, 1, 3, 0, 7, 5, 16], "R": [[-0.5120814814338038, -0.7030491157810049, 0.4934516158369613], [0.858545436204989, -0.4016111589349731, 0.3187604288340902], [-0.02592856232316393, 0.5868819453846361, 0.8092572470095025]], "T": [0.041511652141044734, -0.030441325969494615, -0.09893848691645078], "aligned_model": [[0.010894324485764405, -0.41371368892815236, -0.20039089174424865, 0.21008197350048816, 0.41114442035523024, 0.5007242062881845, 0.18061967305833956, -0.1668597449732014, -0.542172860013369, -0.335075552948426, 0.5011341742569643, -0.15351244305098832, 0.21797053766001942, 0.6732112405429013, -0.36749351815241765, 0.03856876600844913], [0.45233168150201886, -0.04651225080031046, -0.5344789965813561, 0.7554486583025346, -0.5341377812775852, 0.28645063334759174, -0.20858746792239954, -0.5733515380878327, 0.018323899890062202, 0.4651076786887481, -0.3165731911455852, -0.023097720704529784, 0.49417963256902225, 0.09393130346988116, 0.4453708401149051, -0.030431075785614457], [-0.685360597911557, -0.6483252405411306, -0.3815144404128098, -0.11063524550083097, -0.20083541612997446, -0.5265948209780139, -0.7369532991570479, 0.19365988751152396, 0.2627502135001933, 0.5685247795810439, 0.566802485583357, 0.7792201880337558, 0.414891176172103, 0.0666452554665455, -0.14275157522599713, 0.02119297874666834]], "inverted": true, "swapped": false, "error_lsq": 0.04457247060183813, "error_max": 0.2918280612963757, "target": "770.xyz", "model": "24.xyz", "model_rescale": 4.28219845311461, "target_rescale": 4.381142568439783},
{"mapping": [8, 5, 11, 0, 14, 6, 10, 12, 9, 3, 13, 7, 4, 2, 1, 15], "R": [[-0.15424254650494806, -0.969769787223539, 0.18909203218560264], [0.25602885395954, 0.1456151110893672, 0.9556387734717526], [-0.954284267285086, 0.1958131742525086, 0.2258290016834048]], "T": [0.02221322197609574, 0.02492650019179415, 0.026324885926432076], "aligned_model": [[-0.10701748769747563, -0.6773816470730066, -0.15683237030634592, 0.49135066677631334, 0.5215208080003332, 0.5833799447493688, 0.13683205476629123, 0.0383117236166414, -0.5454017425808864, -0.49558155173374474, 0.27336856364789647, -0.18302551474550538, 0.17773662189969575, 0.6995829233972387, -0.25759730060933117, 0.065884924238055], [0.24948059156268954, 0.10139876776182133, -0.40731795800377285, 0.6865598397712687, -0.45142847317870033, 0.30650567854606386, -0.2395097923246023, -0.73378534985598, -0.2529804914817386, 0.5110229696172167, -0.2877920459003966, -0.006433010535364426, 0.5528203286802387, 0.06024231951782169, 0.5704795921854019, 0.08471133921758271], [-0.6177410584105437, -0.4532579457168712, -0.2522150133556005, -0.06145639840593915, -0.2960452410681039, -0.6202060186173958, -0.7130267145978882, 0.11861284329377973, 0.2660218610195949, 0.33558875318340514, 0.4645537784206536, 0.7762846500378805, 0.5077697435640732, 0.11961531892940643, -0.15794473748815974, 0.024162507949537743]], "inverted": true, "swapped": false, "error_lsq": 0.051719633227394875, "error_max": 0.4191807490725703, "target": "770.xyz", "model": "25.xyz", "model_rescale": 4.100010024507729, "target_rescale": 4.381142568439783},
{"mapping": [0, 5, 12, 13, 8, 9, 14, 10, 4, 7, 2, 15], "R": [[-0.6361715138365068, 0.04715303086564815, -0.770105445158746], [0.7457290341258169, 0.2936278542609815, -0.5980559262007762], [0.1979242598691315, -0.9547561337233058, -0.2219610607133185]], "T": [-0.06026130351222634, 0.0941553056409367, -0.0550974497204232], "aligned_model": [[-0.6376521508613555, -0.09944486092462582, 0.4266494138841529, 0.5807134473000028, -0.4384787284592198, 0.11388371555442398, -0.28955241774028484, 0.48026618458562553, 0.12405098914508716, 0.07201208614804996, -0.3591963464731578, -0.09648572979569167], [-0.3713819279878101, -0.7014414121390147, -0.06397061113721962, -0.30251666015255435, 0.6651168763388291, 0.6421291671213952, 0.1484166845749081, 0.28748226961386436, -0.318237028923492, 0.4664951883079264, 0.1302601251741194, 0.08377871925968766], [0.09799118168354475, -0.04337447936078419, 0.49506989734860385, -0.12344610012951156, 0.20113068079068708, 0.4344573071608606, 0.57202443467794, -0.33157413962074395, -0.44177431033337794, -0.6733096516446774, -0.5794571852768794, -0.04254534544130508]], "inverted": true, "swapped": true, "error_lsq": 0.037462469977629705, "error_max": 0.17878269655905935, "target": "770.xyz", "model": "26.xyz", "model_rescale": 3.6694154284099745, "target_rescale": 4.381142568439783},
