[{"mapping": [11, 6, 4, 1, 10, 7, 0, 5, 2, 3, 9, 12], "R": [[-0.4277788782557468, -0.5462768639469785, 0.7201297238932092], [0.8887650635813426, -0.39931708130758886, 0.22503895292424558], [0.16462652603850747, 0.7362930506885442, 0.6563312048289718]], "T": [-0.051094231867826696, -0.12991075891423182, 0.10893647629128768], "aligned_model": [[-0.19743513852275035, 0.188907621899074, 0.37495215348003835, 0.1081077829602291, -0.14198550793061326, -0.5670274973918918, 0.5107189997522769, -0.19953606589700587, 0.582742261265756, -0.16303641025928772, -0.5916877328477615, -0.06707800404751471], [-0.23263793017197698, -0.5794602523136152, -0.5543924406556802, 0.646792894325769, 0.47944937053779385, -0.5121599311974574, -0.1865098562371753, -0.5100832853658048, 0.14368026815693297, 0.39448346572939136, 0.02120399014641544, -0.056811256977535335], [-0.6195212832734638, 0.06176550101653065, -0.4789962435144528, 0.006650810303978225, -0.5394637651447907, -0.09256957645177334, 0.45043488709205914, 0.7471234762374136, -0.22692516734456114, 0.5975299287123332, 0.2992255873704423, -0.02330240965015319]], "inverted": false, "swapped": true, "error_lsq": 0.055468980724608145, "error_max": 0.3373295033717196, "target": "771.xyz", "model": "0.xyz", "model_rescale": 3.751011558992144, "target_rescale": 3.9711576192413967},
{"mapping": [0, 5, 13, 8, 12, 1, 7, 6, 10, 4, 9, 11, 14], "R": [[0.8660184156772321, 0.19690673991365995, -0.459608354454606], [-0.01788727323184816, 0.9308064057346797, 0.3650746231931441], [0.49969205433369224, -0.3079402065659196, 0.8096176134545945]], "T": [0.0855535361557174, -0.12157947787936982, 0.02544437809773238], "aligned_model": [[-0.33357397795432564, 0.5688443405348793, 0.08899428374641656, 0.5791838226342496, -0.4802190136003991, -0.13288835824666353, -0.5453656545802343, -0.25669522808588374, 0.5981005775193431, 0.5657027733180165, 0.2997994279755887, -0.19291959997868, 0.06361537673992707], [0.15651490073519295, -0.4798327978567333, -0.7989573260106777, 0.15022282274986645, -0.5731804603741185, 0.5325397048306993, 0.06880321543931908, 0.2876379243001801, -0.12189097473624702, 0.4693792376449214, -0.6674879095673408, -0.3206041632682437, -0.16362433007561522], [0.593335355309381, 0.1932853865651496, 0.28745508478277343, 0.3759738373214175, -0.1416875417424086, 0.125927127942899, -0.047852474788718055, -0.502885676317742, -0.6146721593296042, -0.18856140805803978, -0.2750091181118839, -0.6953696589354048, -0.002028517792776425]], "inverted": true, "swapped": false, "error_lsq": 0.042668752900633704, "error_max": 0.2149617868139607, "target": "771.xyz", "model": "1.xyz", "model_rescale": 3.9405287249114394, "target_rescale": 3.9711576192413967},
{"mapping": [1, 8, 4, 2, 7, 0, 6, 11, 9, 5, 8, 3, 12], "R": [[-0.6099538578738259, -0.5851217431032112, -0.5344051244259327], [-0.7668548719494825, 0.6058100466435823, 0.21196177191428597], [0.19972455190131133, 0.5390980737616865, -0.8182196344712462]], "T": [-0.003046267835060637, -0.10503733067280319, -0.07442184026075405], "aligned_model": [[-0.20322167717882378, 0.5381760225405721, 0.04765550809295367, 0.41333535387924025, -0.7108435651949061, -0.27518433321998453, -0.4539801632614169, 0.05971811069150988, 0.6517226601343479, 0.39864401073491196, 0.5381760225405721, -0.23661332868010426, 0.054994148943362645], [-0.05821293314734993, -0.6340560918282343, -0.714375959021352, 0.20082045836816526, -0.45092904929370525, 0.6503231280496485, 0.1338860613585241, 0.3212571521253213, -0.13116955648673723, 0.49968635145758666, -0.6340560918282343, -0.5422057289672213, -0.10144789697520877], [0.690407299906317, -0.24147677989406635, 0.2688440738683143, 0.36970312582778964, 0.01663725042061895, 0.16703506902750212, -0.2613173407022587, -0.6418264011881716, -0.5445025405983243, -0.10652275535347272, -0.24147677989406635, -0.35925494611362346, -0.008339038461515444]], "inverted": false, "swapped": false, "error_lsq": 0.06276244366879839, "error_max": 0.4957085953975593, "target": "771.xyz", "model": "2.xyz", "model_rescale": 3.932901565614263, "target_rescale": 3.9711576192413967},
{"mapping": [3, 11, 1, 8, 2, 7, 0, 5, 12, 9, 10, 6, 13], "R": [[-0.3389146029624088, -0.3578207960775046, -0.8701156071426912], [0.9024885548004418, 0.1376442837538598, -0.40812799414411327], [0.2658031232943723, -0.9235899138927124, 0.27627951535104606]], "T": [0.015799114329492714, -0.0827502188520691, 0.015365482802110891], "aligned_model": [[-0.01297673162024135, 0.7484015541930873, -0.23706514224082148, 0.5036501634609345, -0.6774697814159361, -0.1296233788563774, -0.5797963426337982, -0.00805623434157321, 0.42974781043885063, 0.45569224924824087, 0.3893301780498652, -0.11721489680171393, 0.05795932254171775], [-0.04180833056360799, -0.4478059348469242, -0.7609795085087487, 0.2692365550355845, -0.44295806900656953, 0.6158119610448165, -0.16620700196019048, 0.24997917951748747, -0.12456416036650647, 0.4438259792960614, -0.6137110805359557, -0.3461261841046126, -0.0951735611896309], [0.5234808147440543, 0.3727681796201685, 0.17295139369864915, 0.43595244218319107, -0.27416585584240727, 0.039976997189876795, 0.3107488711991899, -0.6214404181246013, -0.6249687123209706, -0.24732154920377666, -0.28745550077905413, -0.6007778726370568, -0.09183855288221981]], "inverted": true, "swapped": false, "error_lsq": 0.050639556959374235, "error_max": 0.3318955109969589, "target": "771.xyz", "model": "3.xyz", "model_rescale": 3.9243930471874484, "target_rescale": 3.9711576192413967},
{"mapping": [0, 6, 5, 3, 1, 2, 1, 8, 10, 4, 11, 9, 12], "R": [[-0.2981317697324839, 0.37171700417999665, -0.8791722906686865], [-0.9545037473465463, -0.1222039681387409, 0.2720087985204634], [-0.006328046900713036, 0.9202677104922208, 0.3912381587317736]], "T": [0.12470412915069119, -0.09813208629027934, -0.18215474400373347], "aligned_model": [[-0.19796601906449623, 0.5897537596123056, -0.0689476589542146, 0.5029559479879523, -0.5637669867315075, -0.12724503810832144, -0.5637669867315075, 0.031384749682862895, 0.7342872415015484, 0.19368828639389113, 0.3946946214866108, -0.1782122602334143, 0.07571911318052485], [-0.004394748472861684, -0.4727536658285765, -0.5815716577516393, 0.1799367051572031, -0.18756751741687264, 0.5873320801378914, -0.18756751741687264, 0.143159669729648, -0.011082942663993095, 0.49018443937821365, -0.7911788315847091, -0.4760340093087394, -0.14894216014748862], [0.5991388245799866, 0.22392902578823656, 0.367761854658202, 0.30008656398834865, -0.014318138230126426, 0.38164928575660884, -0.014318138230126426, -0.7560938965354166, -0.5256057525180259, -0.22078272757620454, -0.45220182188557867, -0.6951061933615859, -0.08622864958927497]], "inverted": true, "swapped": false, "error_lsq": 0.052298151358799436, "error_max": 0.35980756156228627, "target": "771.xyz", "model": "4.xyz", "model_rescale": 3.8936222436046832, "target_rescale": 3.9711576192413967},
{"mapping": [8, 11, 7, 9, 6, 4, 2, 0, 3, 1, 5, 12], "R": [[0.8300466905236186, 0.3501457055943461, 0.4340742752163804], [-0.5289742541310968, 0.7408569376319214, 0.4139048639833815], [-0.17665992759321042, -0.5731744785111155, 0.8001639126868149]], "T": [-0.06266697198058474, 0.05508771919368308, -0.02840794755762186], "aligned_model": [[0.16530718429560137, -0.5947936501364635, -0.3448399833028689, 0.2980900882257179, -0.4635144223834242, -0.8569367645408936, -0.24869884577052187, -0.0013691316257616049, 0.6601875603257599, 0.3708895541560812, 0.1411474083917203, -0.09792095541984977], [-0.6515860074431855, -0.4251227199415223, 0.10343841043524535, 0.02766233654160226, 0.35183139679688746, -0.03756751902798895, -0.298361890930264, 0.40969771933124843, 0.04557348758125493, -0.5231273397374936, 0.7590355492535417, -0.09255051774951842], [-0.5563491436396647, -0.24944724878177946, -0.6374620139716005, -0.4978641631713819, 0.08641909213090912, 0.23219828236885978, 0.6272362462128572, 0.5247222832116962, 0.03188069492444042, 0.3133116571150773, -0.22015237581102573, -0.03520859131286964]], "inverted": false, "swapped": true, "error_lsq": 0.04911975339228991, "error_max": 0.3299230245342293, "target": "771.xyz", "model": "5.xyz", "model_rescale": 3.6523030999806103, "target_rescale": 3.9711576192413967},
{"mapping": [10, 8, 9, 6, 11, 2, 4, 3, 5, 1, 5, 7, 12], "R": [[-0.8910721277000444, -0.2182282290547105, 0.3979533933512331], [0.25398217560218406, 0.48690956747381464, 0.8357105525113612], [-0.3761429485082736, 0.845751448799296, -0.37844546389327305]], "T": [0.08534493124656752, -0.09324545405075078, -0.039024494513734465], "aligned_model": [[-0.24874556163324268, 0.6257332379943777, -0.041870774223437476, 0.4103940947888619, -0.7088984022014202, -0.0770765458881872, -0.41850853439329816, -0.21044497111017646, 0.5516532058581791, 0.4759643987667496, 0.5516532058581791, -0.17427687301345318, 0.08700228921910257], [-0.10889410379509133, -0.43917746053394485, -0.7373002187657326, 0.11776680496368043, -0.4623983824854533, 0.6360646891424842, 0.168248882561448, 0.15739390704597334, -0.32572785054819686, 0.4475446156038342, -0.32572785054819686, -0.4822631742369503, -0.10601001459265086], [0.6658242154911133, 0.16595020511340747, 0.2637501733670847, 0.4829346321410172, -0.12546896132619842, 0.0949068797416873, 0.04394537356715593, -0.6155042836484393, -0.47767248360554676, -0.23225336955750508, -0.47767248360554676, -0.5371005849166841, -0.14372907591650225]], "inverted": false, "swapped": false, "error_lsq": 0.04843987572221293, "error_max": 0.3750609833808995, "target": "771.xyz", "model": "6.xyz", "model_rescale": 4.08911054899281, "target_rescale": 3.9711576192413967},
{"mapping": [13, 1, 11, 2, 10, 7, 12, 4, 3, 6, 9, 8, 14], "R": [[0.17709944418506024, -0.8581379124897478, -0.48190778165234127], [0.3725556830744131, 0.511663396932669, -0.7742111025090506], [0.9109544719020267, -0.042425126836107496, 0.41031945936628444]], "T": [0.02374943608057352, -0.0746369944638784, -0.0821881661914167], "aligned_model": [[-0.08246604976475591, 0.5429849634548709, -0.18373744831489464, 0.5478819061622484, -0.5958958072051012, -0.05832259377743178, -0.5793333167186511, -0.10739929329346233, 0.5373243051667712, 0.34397342124307867, 0.43002419040694484, -0.06569451417966322, 0.09323900684228091], [-0.05095864418159436, -0.3962954284183201, -0.5746402534145006, 0.3082735982259817, -0.38167697744931584, 0.6384423993238104, -0.10210218094189212, 0.19695954030230678, -0.015485228642033902, 0.2906665216127163, -0.713790201147647, -0.4351173217395994, -0.22475597971870825], [0.6417262822389026, 0.32386155715993126, 0.14469726040045444, 0.3961466277586333, -0.28477424622586156, 0.20776169948853127, 0.2966769480894238, -0.7192790724118956, -0.6815155881479179, -0.19687428968591925, -0.284626577296357, -0.6542045004809344, -0.08168586404194808]], "inverted": false, "swapped": false, "error_lsq": 0.04483643775853166, "error_max": 0.289370297507487, "target": "771.xyz", "model": "7.xyz", "model_rescale": 3.964800864290218, "target_rescale": 3.9711576192413967},
{"mapping": [6, 5, 0, 10, 2, 11, 4, 12, 8, 9, 1, 7, 13], "R": [[-0.3188256224282825, -0.7689970637612863, 0.5540701565774308], [0.02257512243169657, 0.5782502647601623, 0.815547052690399], [-0.9475445036146918, 0.27252549831405243, -0.1670007977174516]], "T": [0.03141503233270867, -0.18408515291568162, 0.015919596723789356], "aligned_model": [[-0.25330392066332086, 0.8432046341743266, -0.20166915209011144, 0.6626547137395494, -0.5203917323764135, -0.16549734136308977, -0.6127108156619696, -0.15702330301182033, 0.6291402939323005, 0.3435616651402787, 0.1858214046754536, -0.031942945371630234, 0.10073526889868145], [-0.025066725821596858, -0.32847285463982073, -0.7850522615380798, 0.24813750389134037, -0.49567933758139393, 0.5991027278245503, 0.09482540966828856, 0.28147041675569134, -0.09165093985350925, 0.3757758163839062, -0.8203404794175156, -0.35202657276704863, -0.16150285909360892], [0.49566336252789706, 0.1545578198119021, 0.3284410677441445, 0.3156762523084507, -0.17650463838669117, 0.20293720295590523, 0.06495208634110325, -0.5483710576460273, -0.4586728698288911, -0.23503239364575573, -0.3507651764130198, -0.6730177089298066, -0.011953709994168147]], "inverted": false, "swapped": false, "error_lsq": 0.04504848964909751, "error_max": 0.3242974760598578, "target": "771.xyz", "model": "8.xyz", "model_rescale": 4.121658175737393, "target_rescale": 3.9711576192413967},
{"mapping": [0, 10, 3, 5, 2, 4, 1, 6, 7, 9, 11, 8, 12], "R": [[0.15798441781874728, -0.2901434901573605, -0.9438525726223229], [0.5583466405978699, 0.8146240574842205, -0.15696073999895183], [0.8144261492974946, -0.5021995620141968, 0.2906985504834937]], "T": [0.10362681607323482, -0.1409637710401363, -0.10625181731325162], "aligned_model": [[-0.1664941525568025, 0.5062935958534003, -0.05170078196389541, 0.5249468699130049, -0.5032428055545075, -0.09316889326142991, -0.5032245023330706, -0.2017971533367831, 0.6455810693006121, 0.3393875612320717, 0.4046657217638278, -0.10721850934757812, 0.028550750313384776], [-0.033224399516208036, -0.5105224291977162, -0.8520483881352896, 0.10738965374465537, -0.4776975532989966, 0.6425727113795376, 0.13323029453588997, 0.22029266731827146, -0.10781425299637229, 0.5934346389419096, -0.6703699682967776, -0.40450970165524025, -0.10121342901246037], [0.6246730305694, 0.4207839435584426, 0.19856943537211663, 0.27127685034775495, -0.08044342546235911, 0.2618106056853411, 0.071176499099179, -0.6126035080859787, -0.506748517893203, -0.41972536243778047, -0.2855190204497329, -0.7517292599336038, -0.08361103352453361]], "inverted": true, "swapped": false, "error_lsq": 0.0428685504859461, "error_max": 0.2946691439433774, "target": "771.xyz", "model": "9.xyz", "model_rescale": 3.833441315466971, "target_rescale": 3.9711576192413967},
{"mapping": [11, 6, 7, 12, 9, 10, 8, 13, 5, 0, 4, 2, 14], "R": [[0.11646039424895661, 0.5253210558498271, 0.8428966513471273], [-0.5628366974597545, 0.7341525229011262, -0.37978273408688307], [-0.8183225699954598, -0.4301835206033982, 0.38116966043651923]], "T": [0.15960330765889685, -0.1296339634994149, -0.017340775453695452], "aligned_model": [[-0.15443868540610378, 0.7353583760578157, -0.16101889251077783, 0.4844743108395, -0.559679665594361, -0.19572570111321286, -0.5882596587720756, -0.0073135486650219295, 0.41763738153866203, 0.37674066196032396, 0.5871195534683058, -0.20768925167900276, 0.09537388989818316], [-0.07260441224012618, -0.42504648134481227, -0.5799920916060116, 0.08721636579604217, -0.4626572194111752, 0.575441566991462, 0.07381313245991489, 0.25515079236762317, -0.13431587699720313, 0.46366318831948805, -0.746320907457113, -0.29964025490892165, -0.19518795815796436], [0.5855376019314092, 0.18873472905403238, 0.3545368092277363, 0.4414127785245306, -0.18949664071131048, 0.21149089925046036, 0.0655424252779454, -0.6954012418886137, -0.6425061118808055, -0.2716492902820835, -0.28722899826340376, -0.6113477549277048, -0.041714968467149456]], "inverted": true, "swapped": false, "error_lsq": 0.040447551791731796, "error_max": 0.24023620757631864, "target": "771.xyz", "model": "10.xyz", "model_rescale": 4.2482417240324, "target_rescale": 3.9711576192413967},
{"mapping": [3, 1, 2, 10, 5, 6, 0, 11, 8, 7, 9, 12], "R": [[0.32778387376825485, 0.811209208009495, 0.48424926735936824], [0.846740858972673, -0.47959400196028296, 0.23025966001438458], [0.41903180051601885, 0.3345582372686827, -0.844087161395063]], "T": [-0.06401813938634293, 0.18463770861932155, 0.03899072513739401], "aligned_model": [[-0.603816356526356, 0.013144618092188892, 0.3892885787038324, 0.4964694124396558, -0.6882683841512512, 0.07233984466832633, -0.25880948225000494, 0.6154213284721116, 0.13361734787811924, 0.03938911451425789, -0.38680908490789634, 0.05479866543002268], [-0.29966880317508315, -0.6057118947653373, -0.1504244715386675, -0.4568402875790521, 0.6129306255079057, 0.6136409789828368, 0.22553181144273843, 0.2509394568064536, -0.2969289933027452, 0.5865384595319676, 0.08151487818181216, 0.10460962995781066], [0.021412235517167665, 0.1310212485313477, 0.5601914048660341, -0.2337060829955456, 0.0659273936911596, 0.2824726175596396, 0.6681510661636602, -0.27179107588842344, -0.7087496068916188, -0.490810161738245, -0.4472793991891558, -0.011647349771663998]], "inverted": true, "swapped": true, "error_lsq": 0.03879816183705708, "error_max": 0.2157548225008641, "target": "771.xyz", "model": "11.xyz", "model_rescale": 3.6694154284099745, "target_rescale": 3.9711576192413967},
{"mapping": [4, 6, 0, 11, 1, 8, 2, 10, 7, 9, 5, 12, 13], "R": [[-0.05215702875277001, 0.7244240908027518, -0.6873786300259045], [-0.37816597294135723, -0.6513821691452084, -0.6577931032087521], [-0.9242673537786562, 0.22563467460541067, 0.3079266996457291]], "T": [0.07439414752931889, -0.12540002731332425, -0.06546528118735104], "aligned_model": [[-0.09849926210546606, 0.510499770152171, -0.050596092588988506, 0.471793143427987, -0.7141004984407087, -0.14789131551415727, -0.5079501954962424, 0.015928256049422856, 0.635963668802872, 0.44236514539464383, 0.481889493812162, -0.23616960317360725, 0.019346259702146415], [-0.2221052891039536, -0.37854151430449656, -0.7827213884076676, 0.2718617139218762, -0.3677797226113728, 0.5742543145868719, 0.13777436529640744, 0.1755960791227523, -0.04872282725846552, 0.5698146136183923, -0.7396279443606812, -0.4322590672992057, -0.2180234893892537], [0.6475807278451353, 0.19063256521964775, 0.1856202272549047, 0.41337268296814633, 0.12427604453108126, 0.11803083891016158, -0.19936030952277223, -0.6218031917706812, -0.5460124674634584, -0.22658701980219662, -0.38365139206300314, -0.5861918760476126, -0.007996593214309622]], "inverted": true, "swapped": false, "error_lsq": 0.05174653136434896, "error_max": 0.33035879555450937, "target": "771.xyz", "model": "12.xyz", "model_rescale": 3.9764082729961374, "target_rescale": 3.9711576192413967},
{"mapping": [4, 14, 6, 3, 5, 7, 0, 1, 10, 8, 13, 12, 15], "R": [[0.4224666665168191, -0.13515629184514832, -0.8962447726245524], [0.9051662516322683, 0.011789098369413581, 0.42489419161201225], [-0.046861205577277965, -0.9907541541342663, 0.12731941516335488]], "T": [0.026088334692352146, -0.1223963911002487, -0.13066564825853794], "aligned_model": [[-0.3541350942618485, 0.6198497376179894, 0.03428545205419901, 0.5948008893431809, -0.7009316579757034, -0.12725825301648266, -0.5720697770808424, -0.01458014015791969, 0.5122765164934228, 0.488494680129095, 0.3195498196709077, -0.021827041532244566, 0.04412363873848142], [-0.11138923181839998, -0.4645140221021279, -0.7365222128302084, 0.24889542803615572, -0.5196598982527476, 0.4578464137300774, 0.26969104006147665, 0.17198241803668135, 0.004376627950585868, 0.39885533859830935, -0.6465477337761677, -0.4277485364047856, -0.10574578741764601], [0.4785738024487202, 0.2806869529590916, 0.32369223716955636, 0.3664780558537831, -0.0024176775901684766, 0.3285040484807861, -0.005836752776815501, -0.6919229601445136, -0.7581180787072304, -0.24953466286977213, -0.24739727632955916, -0.6889466877247197, -0.025850763924114922]], "inverted": true, "swapped": false, "error_lsq": 0.04937387173412245, "error_max": 0.2686834655848406, "target": "771.xyz", "model": "13.xyz", "model_rescale": 4.170626492500431, "target_rescale": 3.9711576192413967},
{"mapping": [3, 0, 1, 2, 9, 6, 11, 12, 8, 4, 7, 10, 13], "R": [[-0.6155615411037572, -0.058984377594573645, 0.7858783826481986], [0.39085345906130065, -0.8887641953911011, 0.2394405532290329], [0.6843373164264711, 0.4545536802079485, 0.5701433058062038]], "T": [0.09647652139662133, -0.06538504186587545, -0.04223470774837271], "aligned_model": [[-0.23367998709674936, 0.5431694616807852, 0.029405297228590394, 0.489703264388165, -0.5346411769380998, -0.22957163539822512, -0.5908207030362606, -0.010718791739058847, 0.4986428325122714, 0.5855425672933547, 0.3855217110081678, -0.12717724516298215, 0.017203175282275662], [-0.06747922086304467, -0.3970396446964234, -0.754187145588619, 0.18017692505929578, -0.5724808021079815, 0.6316772103229163, 0.09978305216057849, 0.2560612663349259, -0.15527801595825041, 0.3910321892206671, -0.7529612616712658, -0.3181920616834907, -0.0015926467181049397], [0.5631295617156239, 0.1730071284486885, 0.29223140816035575, 0.42467450851582567, -0.07140282830906727, 0.29730333585537416, -0.04352974970559417, -0.6909931812745316, -0.6600840455463357, -0.2779481874461798, -0.3602309706342167, -0.49433636491130273, -0.043910378023596895]], "inverted": true, "swapped": false, "error_lsq": 0.03945535424540943, "error_max": 0.1952090276731284, "target": "771.xyz", "model": "14.xyz", "model_rescale": 3.9786697098870705, "target_rescale": 3.9711576192413967},
{"mapping": [0, 2, 5, 3, 6, 7, 10, 11, 9, 1, 4, 12], "R": [[-0.3686049202477418, -0.9187376290213035, 0.1416036079676985], [0.7697418477266348, -0.2162557078188591, 0.6006088216919149], [-0.5211793363397499, 0.33038558966165266, 0.7869037180725353]], "T": [0.13292631294560062, 0.021845391345305002, -0.08998857216551216], "aligned_model": [[-0.07089626214057634, -0.5855891589971468, 0.6841348414652191, 0.49562769969860354, -0.04825547006778, 0.42320865749443304, -0.25890230221281807, -0.21759722020502362, 0.6564455896845343, -0.10945261857641894, -0.5400793795892863, 0.05471022021359677], [-0.1747832640175889, -0.24476403734674207, 0.16817745412621696, -0.6050029592655499, 0.39290448805137285, 0.5551197523115021, -0.27537111273226095, 0.4107508913839406, -0.06416264676437283, -0.6798115123637225, 0.5246055495065289, 0.00701188733511517], [-0.6860189903457161, -0.13536172390636148, -0.5885914806490821, -0.13185461180658703, -0.39232786169191824, 0.20028865714631827, 0.6570967981713869, 0.4471380468849707, 0.17424074252906901, 0.20666989641384215, -0.13073982737984002, 0.03942684850774812]], "inverted": true, "swapped": true, "error_lsq": 0.05751156408957736, "error_max": 0.3302208804197968, "target": "771.xyz", "model": "15.xyz", "model_rescale": 3.769337070930944, "target_rescale": 3.9711576192413967},
{"mapping": [5, 7, 0, 6, 3, 9, 1, 8, 2, 4, 12], "R": [[0.9547021842844177, -0.27898340741060706, 0.10349878121083944], [-0.2078368005627504, -0.3762713606011939, 0.9028974069755465], [-0.21294976791347175, -0.8835089821732961, -0.4172101086559445]], "T": [-0.060340330562890857, 0.0451789202683855, -0.04106640506156199], "aligned_model": [[-0.39462586185559667, -0.3465097218042149, -0.21121648060078219, -0.5468183289440621, 0.4851759515061966, 0.1900813028159658, 0.6724113540540179, 0.5418543654208218, 0.08702264594261937, -0.5665775670928208, 0.01182847124902564], [0.020355406986286052, -0.5633871651401748, 0.6624284424502227, 0.18277976763306258, 0.16536779714832964, -0.38646624009699687, 0.2978396786076865, -0.5942918916812924, 0.5956084622020478, 0.2106210196635652, 0.005209219852605758], [-0.7203938309877067, -0.015363240184516444, -0.21910613191117811, 0.03846913184575272, -0.5038952457393945, -0.3608450903264008, 0.1546724869211888, 0.20084371701422044, 0.473438469851827, 0.6098697482733563, 0.08652759246662815]], "inverted": false, "swapped": true, "error_lsq": 0.054874450707969764, "error_max": 0.3142906527091816, "target": "771.xyz", "model": "16.xyz", "model_rescale": 3.7852294659196426, "target_rescale": 3.9711576192413967},
{"mapping": [11, 2, 8, 7, 9, 6, 10, 4, 1, 5, 3, 0, 12], "R": [[0.25543471694670417, 0.7364540781415615, -0.6264092082393269], [0.7355953896081501, -0.5684893886655693, -0.3684009198711124], [-0.6274173476766414, -0.3666813408987573, -0.6869441506200473]], "T": [0.10536016538602509, -0.16159886751151592, -0.09130650917809033], "aligned_model": [[-0.04321488671906311, 0.5860022787223831, -0.1104171809288692, 0.43499737423343227, -0.6844469624781222, -0.10618126884221031, -0.5703473748773032, -0.000998469985929576, 0.7306616165013936, 0.3122488099115735, 0.48401468384452845, -0.23197662528995316, 0.02223677593037482], [-0.20482231077546856, -0.3676723233906753, -0.723810298111979, 0.2599696101387422, -0.47600874785549424, 0.6151787952251595, 0.2771571764228414, 0.15051125161427886, -0.044114132114384766, 0.41791253199682793, -0.7388242782092749, -0.47391713425270254, -0.15204029687666756], [0.6256239353405197, 0.22587468619743764, 0.15681514520127376, 0.3615139125912423, 0.06557852334226635, 0.2818689457757342, -0.07836320119693813, -0.7182529178213589, -0.35483940357412214, -0.32276414497057143, -0.48618237835512523, -0.5956955907955792, -0.053267274889736045]], "inverted": true, "swapped": false, "error_lsq": 0.05335268256907054, "error_max": 0.2953738625762591, "target": "771.xyz", "model": "17.xyz", "model_rescale": 3.901054581598922, "target_rescale": 3.9711576192413967},
{"mapping": [0, 5, 13, 8, 12, 1, 7, 6, 10, 4, 9, 11, 14], "R": [[0.8660184156772321, 0.19690673991365995, -0.459608354454606], [-0.01788727323184816, 0.9308064057346797, 0.3650746231931441], [0.49969205433369224, -0.3079402065659196, 0.8096176134545945]], "T": [0.0855535361557174, -0.12157947787936982, 0.02544437809773238], "aligned_model": [[-0.33357397795432564, 0.5688443405348793, 0.08899428374641656, 0.5791838226342496, -0.4802190136003991, -0.13288835824666353, -0.5453656545802343, -0.25669522808588374, 0.5981005775193431, 0.5657027733180165, 0.2997994279755887, -0.19291959997868, 0.06361537673992707], [0.15651490073519295, -0.4798327978567333, -0.7989573260106777, 0.15022282274986645, -0.5731804603741185, 0.5325397048306993, 0.06880321543931908, 0.2876379243001801, -0.12189097473624702, 0.4693792376449214, -0.6674879095673408, -0.3206041632682437, -0.16362433007561522], [0.593335355309381, 0.1932853865651496, 0.28745508478277343, 0.3759738373214175, -0.1416875417424086, 0.125927127942899, -0.047852474788718055, -0.502885676317742, -0.6146721593296042, -0.18856140805803978, -0.2750091181118839, -0.6953696589354048, -0.002028517792776425]], "inverted": true, "swapped": false, "error_lsq": 0.042668752900633704, "error_max": 0.2149617868139607, "target": "771.xyz", "model": "18.xyz", "model_rescale": 3.9405287249114394, "target_rescale": 3.9711576192413967},
{"mapping": [1, 5, 8, 2, 4, 3, 12, 14, 11, 10, 9, 13, 15], "R": [[0.874322054050848, 0.34788771564212606, -0.338430322379082], [0.4808774779725261, -0.7153340697871472, 0.5070049504497361], [-0.06570994581559694, -0.6060291295862436, -0.79272372054446]], "T": [-0.06733267562977768, -0.19847932962726433, -0.04906904514432088], "aligned_model": [[-0.2056285932637843, 0.6669362375798611, 0.1268277694632544, 0.5949665399628392, -0.6860918223630861, -0.22766514356413112, -0.5386726014791503, -0.05680418109437338, 0.48378317578744473, 0.4296027389897505, 0.3778655213108071, -0.10715234631641496, -0.03538852499078218], [0.11420877939053098, -0.49768216852195263, -0.7921736632448239, 0.11442247832268071, -0.5839895730407906, 0.6237300798746156, 0.06492343684785717, 0.3594064347701674, -0.11107676354620602, 0.40461014871063894, -0.7181009435943193, -0.26060932486018223, -0.1781490772970136], [0.515395134077073, 0.20110982496697116, 0.3776637932073047, 0.418667515988232, 0.0073578914479659335, 0.10485880005145419, -0.14178753910832642, -0.5860900752369018, -0.5049695953292623, -0.1341708181079862, -0.39663456514833423, -0.7168145826739492, -0.03667554728919788]], "inverted": false, "swapped": false, "error_lsq": 0.04516209876436373, "error_max": 0.24196348382933525, "target": "771.xyz", "model": "19.xyz", "model_rescale": 4.410303926677745, "target_rescale": 3.9711576192413967},
{"mapping": [6, 5, 0, 10, 2, 11, 4, 12, 8, 9, 1, 7, 13], "R": [[-0.3188256224282825, -0.7689970637612863, 0.5540701565774308], [0.02257512243169657, 0.5782502647601623, 0.815547052690399], [-0.9475445036146918, 0.27252549831405243, -0.1670007977174516]], "T": [0.03141503233270867, -0.18408515291568162, 0.015919596723789356], "aligned_model": [[-0.25330392066332086, 0.8432046341743266, -0.20166915209011144, 0.6626547137395494, -0.5203917323764135, -0.16549734136308977, -0.6127108156619696, -0.15702330301182033, 0.6291402939323005, 0.3435616651402787, 0.1858214046754536, -0.031942945371630234, 0.10073526889868145], [-0.025066725821596858, -0.32847285463982073, -0.7850522615380798, 0.24813750389134037, -0.49567933758139393, 0.5991027278245503, 0.09482540966828856, 0.28147041675569134, -0.09165093985350925, 0.3757758163839062, -0.8203404794175156, -0.35202657276704863, -0.16150285909360892], [0.49566336252789706, 0.1545578198119021, 0.3284410677441445, 0.3156762523084507, -0.17650463838669117, 0.20293720295590523, 0.06495208634110325, -0.5483710576460273, -0.4586728698288911, -0.23503239364575573, -0.3507651764130198, -0.6730177089298066, -0.011953709994168147]], "inverted": false, "swapped": false, "error_lsq": 0.04504848964909751, "error_max": 0.3242974760598578, "target": "771.xyz", "model": "20.xyz", "model_rescale": 4.121658175737393, "target_rescale": 3.9711576192413967},
{"mapping": [10, 8, 9, 6, 11, 2, 4, 3, 5, 1, 5, 7, 12], "R": [[-0.8910721277000444, -0.2182282290547105, 0.3979533933512331], [0.25398217560218406, 0.48690956747381464, 0.8357105525113612], [-0.3761429485082736, 0.845751448799296, -0.37844546389327305]], "T": [0.08534493124656752, -0.09324545405075078, -0.039024494513734465], "aligned_model": [[-0.24874556163324268, 0.6257332379943777, -0.041870774223437476, 0.4103940947888619, -0.7088984022014202, -0.0770765458881872, -0.41850853439329816, -0.21044497111017646, 0.5516532058581791, 0.4759643987667496, 0.5516532058581791, -0.17427687301345318, 0.08700228921910257], [-0.10889410379509133, -0.43917746053394485, -0.7373002187657326, 0.11776680496368043, -0.4623983824854533, 0.6360646891424842, 0.168248882561448, 0.15739390704597334, -0.32572785054819686, 0.4475446156038342, -0.32572785054819686, -0.4822631742369503, -0.10601001459265086], [0.6658242154911133, 0.16595020511340747, 0.2637501733670847, 0.4829346321410172, -0.12546896132619842, 0.0949068797416873, 0.04394537356715593, -0.6155042836484393, -0.47767248360554676, -0.23225336955750508, -0.47767248360554676, -0.5371005849166841, -0.14372907591650225]], "inverted": false, "swapped": false, "error_lsq": 0.04843987572221293, "error_max": 0.3750609833808995, "target": "771.xyz", "model": "21.xyz", "model_rescale": 4.08911054899281, "target_rescale": 3.9711576192413967},
{"mapping": [2, 14, 15, 13, 11, 0, 1, 6, 10, 7, 9, 5, 16], "R": [[-0.980578419265198, -0.17233783402705002, 0.09362496800656761], [-0.024759219695509288, 0.5823225232016226, 0.8125807406111502], [-0.1945583324132774, 0.7944810570019657, -0.5752798495980925]], "T": [0.08016235953265491, -0.10977415528929906, -0.01730823581820385], "aligned_model": [[-0.21150826697286637, 0.4590933467097126, -0.19655878611485159, 0.5903422858835855, -0.49327244192299946, -0.10933469797266315, -0.6810068203920548, -0.09077451579489981, 0.49992306775982853, 0.494139572055148, 0.43350895071144513, 0.03542734917452004, 0.09259972689833024], [-0.12923357751184933, -0.5255087338709309, -0.6691553263799963, 0.22072991203588016, -0.5807008509056275, 0.6343225119383124, -0.003820748224748302, 0.4087633257468019, -0.07204142438127696, 0.403123921706284, -0.6401759784365038, -0.4392835193836097, -0.0674996685215324], [0.6428458415712294, 0.29155848798939105, 0.3595539815436656, 0.24194737214102718, -0.20517416166386504, 0.08511448234950475, 0.1811703180111653, -0.5247169408729714, -0.7054307525706939, -0.2844310879588866, -0.33569118772827206, -0.6395231599164516, 0.000687043950200493]], "inverted": true, "swapped": false, "error_lsq": 0.04256416138218279, "error_max": 0.22200733896729472, "target": "771.xyz", "model": "22.xyz", "model_rescale": 4.204369325754507, "target_rescale": 3.9711576192413967},
{"mapping": [1, 5, 8, 2, 4, 3, 12, 14, 11, 10, 9, 13, 15], "R": [[0.874322054050848, 0.34788771564212606, -0.338430322379082], [0.4808774779725261, -0.7153340697871472, 0.5070049504497361], [-0.06570994581559694, -0.6060291295862436, -0.79272372054446]], "T": [-0.06733267562977768, -0.19847932962726433, -0.04906904514432088], "aligned_model": [[-0.2056285932637843, 0.6669362375798611, 0.1268277694632544, 0.5949665399628392, -0.6860918223630861, -0.22766514356413112, -0.5386726014791503, -0.05680418109437338, 0.48378317578744473, 0.4296027389897505, 0.3778655213108071, -0.10715234631641496, -0.03538852499078218], [0.11420877939053098, -0.49768216852195263, -0.7921736632448239, 0.11442247832268071, -0.5839895730407906, 0.6237300798746156, 0.06492343684785717, 0.3594064347701674, -0.11107676354620602, 0.40461014871063894, -0.7181009435943193, -0.26060932486018223, -0.1781490772970136], [0.515395134077073, 0.20110982496697116, 0.3776637932073047, 0.418667515988232, 0.0073578914479659335, 0.10485880005145419, -0.14178753910832642, -0.5860900752369018, -0.5049695953292623, -0.1341708181079862, -0.39663456514833423, -0.7168145826739492, -0.03667554728919788]], "inverted": false, "swapped": false, "error_lsq": 0.04516209876436373, "error_max": 0.24196348382933525, "target": "771.xyz", "model": "23.xyz", "model_rescale": 4.410303926677745, "target_rescale": 3.9711576192413967},
{"mapping": [0, 5, 12, 4, 13, 1, 7, 11, 9, 10, 15, 14, 16], "R": [[0.3137241642084134, 0.8057919894049022, -0.5022712599807226], [-0.6871002104841528, 0.5577502659309782, 0.46562639702507824], [0.65533994960201, 0.19903243621282762, 0.7286395815427689]], "T": [0.10477042915918011, -0.11070204738657179, -0.08105093506360056], "aligned_model": [[-0.14978509104676707, 0.3989990056395538, -0.22874276782147862, 0.6845026584034412, -0.4358334800670286, -0.24321218786613052, -0.5281511069175053, -0.15358745121002293, 0.43220463567541656, 0.4413794294449064, 0.5200336912372799, -0.029870249912265723, 0.11464168446283558], [-0.05542606490266948, -0.5364801137379513, -0.6102001344012319, 0.007368438350336806, -0.5433230551997777, 0.6474460523251028, 0.04577559849872555, 0.22097496394878263, -0.02512066079957158, 0.422355339521119, -0.5829031826842539, -0.4264110093892405, -0.02453632771816698], [0.6278438836361033, 0.27636285373636377, 0.453220946371435, 0.270878426832335, -0.20259558018284907, 0.12008311655901682, 0.048779616775411205, -0.5542982830894954, -0.6081966931811378, -0.24331044777519228, -0.4185367893250563, -0.6644459374976399, 0.002125123985748434]], "inverted": true, "swapped": false, "error_lsq": 0.046592553741026416, "error_max": 0.25246364168623964, "target": "771.xyz", "model": "24.xyz", "model_rescale": 4.28219845311461, "target_rescale": 3.9711576192413967},
{"mapping": [3, 7, 4, 9, 0, 5, 1, 10, 12, 11, 13, 2, 15], "R": [[0.6574619867191158, -0.21413549762185585, 0.722419355137716], [-0.7262600894893266, -0.4355026979454184, 0.5318681062981844], [0.20072373659910886, -0.8743474073504774, -0.44184453467842033]], "T": [0.04524372084364261, -0.10588936712055302, -0.14391674360625364], "aligned_model": [[-0.07471333183699688, 0.5006623944986716, -0.18566488592136265, 0.5343996014866615, -0.660638686970629, -0.09089834066354477, -0.43153423940635305, -0.13802058271738268, 0.7158986896506648, 0.30542217061321064, 0.46485798733648037, -0.10126201678752053, -0.015929989259664983], [-0.1280944546181972, -0.5133479938733637, -0.6917553028950192, 0.15198664156153074, -0.5111697055157796, 0.6675891569103265, 0.06464752633167756, 0.42797072770751815, 0.013154970107639719, 0.3224534693502004, -0.5033715587653733, -0.6130206285373343, -0.14752300395262255], [0.6210424608361929, 0.33786879470019326, 0.22768908741186308, 0.24479931273490133, -0.19898075802931728, 0.1854417128902007, 0.24784510170054405, -0.7016912616853187, -0.4910050015773012, -0.35677035519949896, -0.28120560556494445, -0.5799602929483948, -0.1471629584240767]], "inverted": false, "swapped": false, "error_lsq": 0.04521695852347492, "error_max": 0.22728400019363662, "target": "771.xyz", "model": "25.xyz", "model_rescale": 4.100010024507729, "target_rescale": 3.9711576192413967},
{"mapping": [3, 1, 2, 10, 5, 6, 0, 11, 8, 7, 9, 12], "R": [[0.32778387376825485, 0.811209208009495, 0.48424926735936824], [0.846740858972673, -0.47959400196028296, 0.23025966001438458], [0.41903180051601885, 0.3345582372686827, -0.844087161395063]], "T": [-0.06401813938634293, 0.18463770861932155, 0.03899072513739401], "aligned_model": [[-0.603816356526356, 0.013144618092188892, 0.3892885787038324, 0.4964694124396558, -0.6882683841512512, 0.07233984466832633, -0.25880948225000494, 0.6154213284721116, 0.13361734787811924, 0.03938911451425789, -0.38680908490789634, 0.05479866543002268], [-0.29966880317508315, -0.6057118947653373, -0.1504244715386675, -0.4568402875790521, 0.6129306255079057, 0.6136409789828368, 0.22553181144273843, 0.2509394568064536, -0.2969289933027452, 0.5865384595319676, 0.08151487818181216, 0.10460962995781066], [0.021412235517167665, 0.1310212485313477, 0.5601914048660341, -0.2337060829955456, 0.0659273936911596, 0.2824726175596396, 0.6681510661636602, -0.27179107588842344, -0.7087496068916188, -0.490810161738245, -0.4472793991891558, -0.011647349771663998]], "inverted": true, "swapped": true, "error_lsq": 0.03879816183705708, "error_max": 0.2157548225008641, "target": "771.xyz", "model": "26.xyz", "model_rescale": 3.6694154284099745, "target_rescale": 3.9711576192413967},
{"mapping": [9, 7, 8, 3, 4, 11, 10, 2, 1, 6, 5, 0, 13], "R": [[-0.6482600769022935, 0.16757252126528766, 0.7427505118217202], [-0.40505177285744076, 0.7501071285566872, -0.5227545858177486], [-0.6447417576050717, -0.6397333396073995, -0.4183889580224205]], "T": [0.04876775981729929, -0.11564999190273115, -0.01905717819245284], "aligned_model": [[0.017680151995652135, 0.5341422976447132, -0.20151782575355792, 0.7008433723858707, -0.614034549613178, -0.40411515293828043, -0.5194215034198189, -0.24966179436282415, 0.7189648328256582, 0.4486638216315846, 0.37315572734467134, -0.005515462076761249, 0.023394854358505114], [0.04928494049741666, -0.3962420889847619, -0.6137703150173118, 0.16722054643320713, -0.4788838482975468, 0.590148514822314, -0.0966173255948547, 0.3079907376789034, -0.20315405423690533, 0.33527007849636625, -0.7570107385707442, -0.2830903830541891, -0.0816262203606904], [0.6417707602184766, 0.26696407591705607, 0.29333754293088504, 0.3651470310093744, -0.34198880295395345, 0.16238428477538738, 0.17763913252005267, -0.45905488231677666, -0.5872345942358876, -0.3476065073061947, -0.34982498025011904, -0.6561995409066177, -0.05742328255663946]], "inverted": true, "swapped": false, "error_lsq": 0.046561182117154216, "error_max": 0.2681720200642777, "target": "771.xyz", "model": "27.xyz", "model_rescale": 4.103607728864725, "target_rescale": 3.9711576192413967},
{"mapping": [10, 2, 13, 3, 11, 9, 6, 5, 1, 0, 4, 7, 14], "R": [[-0.21711819340858102, 0.08163307731944724, 0.972725927884289], [0.9655302979651262, -0.12859857333399533, 0.22630433192459087], [0.1435650855966324, 0.9883311426965244, -0.050898119550858045]], "T": [-0.022358864083995386, -0.16883364050050065, 0.06499175759540407], "aligned_model": [[-0.23614920787308796, 0.6895619975757575, -0.031545277459802165, 0.5503718000420308, -0.6133531138102389, -0.2220005368471894, -0.5721101516005166, -0.1591162809770263, 0.5506349740901642, 0.47512884272530065, 0.5040111040872363, -0.22024233703718327, 0.1073869571067902], [0.043305700801685804, -0.352517211439372, -0.8005266485521673, 0.1433230772305521, -0.5132661712569262, 0.6245136283891499, 0.09922331760157244, 0.2994252406896767, -0.07467446319036815, 0.29743400937832554, -0.8513837389367537, -0.23363163189750646, -0.14170526500666555], [0.4761679547179615, 0.09237311499164355, 0.20904760211976509, 0.43656762133246874, 0.0005459508541906244, 0.09444068787542124, -0.09989078222873868, -0.48014257400841054, -0.6174105744768074, -0.14664992362961116, -0.21548873524963322, -0.6254607005842172, -0.016189404868989232]], "inverted": true, "swapped": false, "error_lsq": 0.04438035010146936, "error_max": 0.2293006210303874, "target": "771.xyz", "model": "28.xyz", "model_rescale": 4.137296879288765, "target_rescale": 3.9711576192413967},
