[{"mapping": [8, 3, 4, 10, 1, 12, 7, 5, 0, 9, 13, 14], "R": [[0.43587513587344695, 0.19984850384652236, 0.8775382848842613], [-0.33961849776144853, -0.8664281594832096, 0.36600754149715986], [0.8334699406130742, -0.4575618209213317, -0.3097822430830955]], "T": [-0.04153203949283607, -0.077630208444192, -0.0027374340261145866], "aligned_model": [[-0.13754054329777304, 0.20033336411094133, 0.5507316203627375, -0.30096694480103564, -0.25791131691638697, -0.7462904998795794, 0.44845263049055656, -0.36657029220794013, 0.6660585550062241, 0.24980417628675955, -0.46057887592569874, -0.007879410768256406], [-0.24124496312299135, -0.7675432591827966, -0.27829803484199467, 0.48990953114150737, 0.3067205561763674, -0.3451181790755517, -0.22528482989344056, -0.4979173909113536, 0.16778303883206608, 0.484930365016779, 0.10092192041491607, -0.14130371857645008], [-0.6281615862574904, 0.061535796420498785, -0.5109591642015557, 0.001237229451507664, -0.604153572312324, -0.04258662160678566, 0.4187540649447183, 0.6134329851616903, 0.019053232648807546, 0.42029239588554196, 0.4208662494678389, 0.012640735751114603]], "inverted": true, "swapped": true, "error_lsq": 0.04852280114729573, "error_max": 0.260197058093879, "target": "772.xyz", "model": "0.xyz", "model_rescale": 3.751011558992144, "target_rescale": 4.135235046083515},
{"mapping": [6, 9, 11, 8, 10, 2, 5, 1, 9, 7, 12, 0, 13, 3, 14], "R": [[0.17318065731844898, 0.5910506059045836, 0.7878246259102183], [0.8511914152925172, 0.3125845915828409, -0.4216207390977237], [-0.4954610322346976, 0.7436061150668504, -0.4489635967114869]], "T": [-0.11561944437719628, -0.0682274729898763, -0.07038246370499723], "aligned_model": [[-0.20339718697943965, 0.5234999805037738, 0.4147866701126246, -0.4853440721728935, 0.2808844356297057, -0.323726720602743, 0.13863900927891804, -0.7370036824350712, 0.5234999805037738, -0.2951713375687313, 0.2978031215862219, -0.6958647471505705, 0.3079918579454275, -0.14355643737798002, -0.06772565547163888], [0.21511578093189437, -0.2180543664035826, 0.2235453469368639, -0.5869492153534974, -0.5847387819011821, -0.1814533085493105, -0.5021847534843425, 0.07012829841266677, -0.2180543664035826, 0.5338561299477547, 0.5462459151861754, 0.3208444694140106, 0.014083443891852787, 0.48097655886884383, -0.041670208489825215], [-0.7601196699153178, -0.013217053848072868, -0.590256452466202, 0.11576185057952579, -0.5688345567240387, 0.7218355452622065, 0.29991439618699434, -0.35397523273953724, -0.013217053848072868, -0.28235764272891295, -0.011396522559009206, 0.22532504506505002, 0.5138097784612256, 0.4597121932431516, -0.07255251667940234]], "inverted": false, "swapped": false, "error_lsq": 0.04678750183542927, "error_max": 0.3977921897990105, "target": "772.xyz", "model": "1.xyz", "model_rescale": 3.9405287249114394, "target_rescale": 4.135235046083515},
{"mapping": [4, 8, 6, 9, 10, 3, 0, 2, 13, 5, 11, 7, 14], "R": [[0.5564515040135689, 0.7617087557062722, -0.3319058528580663], [0.43747381402848184, -0.6082000132539045, -0.6623514217674212], [-0.7063840214220669, 0.2233663254798129, -0.6716614466539195]], "T": [-0.004679824151184869, -0.03510148286139073, -0.11725122495697449], "aligned_model": [[-0.14988773009706907, -0.017128667125490115, -0.4615811676861403, 0.4188357876547364, 0.5720634043665768, -0.7132420073936601, 0.15548141055305886, 0.5905761002841584, 0.11958990274783957, -0.5132648863694739, -0.14154866633507066, -0.2906029016859146, -0.07330729962961977], [0.7265018108074177, 0.4683968181229861, 0.23256609010380466, -0.3211637099628592, -0.24849340041169019, 0.1280504389608976, 0.27541014025140403, 0.37360274849150643, -0.6332289448917814, -0.6669825316739699, -0.7320054744950093, -0.12156852370762045, -0.02225286802306916], [0.10231250948678644, -0.5337572611200156, -0.6183846843990354, 0.44764554013820723, -0.22333968773287444, -0.017596711380012106, 0.5455593477757023, 0.07372207349293369, -0.23439117824226902, -0.18069207611994698, 0.37125236306318055, 0.4746215589578632, -0.0938314443318759]], "inverted": false, "swapped": true, "error_lsq": 0.04979755464056232, "error_max": 0.27237270501856153, "target": "772.xyz", "model": "2.xyz", "model_rescale": 3.932901565614263, "target_rescale": 4.135235046083515},
{"mapping": [13, 9, 11, 10, 5, 3, 7, 12, 1, 6, 0, 2, 4, 14], "R": [[-0.34472864972902784, 0.16333846609271807, -0.9243823362388961], [0.7685520985731507, 0.6145186254494353, -0.1780295783136709], [0.5389710844143756, -0.7718078805442551, -0.3373762968777998]], "T": [-0.018043575133504405, -0.06674031473456171, 0.0724468931823952], "aligned_model": [[-0.3104111705757623, 0.488655686275257, 0.1369083960794056, -0.05281530205939283, -0.4257631559809306, -0.03881796226389078, 0.4153944060262693, -0.7726756025639127, -0.12511069307506345, -0.48195405583780393, 0.7298437036587792, 0.4444993582059097, 0.4207784908471768, -0.008722186683337437], [0.037342153892409136, 0.15305967945357052, -0.3931898261081589, 0.49714710386718847, -0.585004206075473, -0.758691416575848, -0.5160086776807071, -0.06735155477652813, 0.5778303274197678, -0.3381366999432165, -0.0784508829590897, 0.4798576999652699, -0.20697237150834094, -0.13793469062035474], [-0.4666349404699578, -0.45219512522187766, -0.7101542901577315, -0.19259184021384682, -0.40412886079814847, 0.3161311903619568, -0.15078259031511446, 0.05367485994414062, 0.4320469389030366, 0.5650629500683582, 0.11620103960168499, 0.2848714919602867, 0.7335847842616302, 0.08881075513267983]], "inverted": false, "swapped": true, "error_lsq": 0.04624336816205142, "error_max": 0.3225312166729615, "target": "772.xyz", "model": "3.xyz", "model_rescale": 3.9243930471874484, "target_rescale": 4.135235046083515},
{"mapping": [5, 7, 13, 12, 10, 3, 6, 9, 2, 0, 1, 4, 14], "R": [[-0.47994757956919143, -0.7588712360772076, -0.44018719645206156], [-0.04727066942071029, -0.47865521086731466, 0.8767295323656463], [-0.8760227192705636, 0.44159216044243554, 0.19385705857045704]], "T": [0.04292910086051395, -0.09904589119563686, -0.08180255361931803], "aligned_model": [[0.06013614140587682, -0.3852951621865064, 0.5091519726279324, 0.38977029059946217, 0.6113275114506888, -0.5873312497329931, -0.18871225382533058, 0.23156323007573204, 0.14819639612653973, -0.3220932023602952, 0.40777220788156426, -0.5743651458387702, -0.022914849912548677], [-0.6839185527024657, 0.07120836545369238, -0.277477522463457, -0.7567201700064852, 0.15775047330164446, -0.46557793723393204, -0.659500801476402, 0.4751725192888492, 0.5601591820980862, 0.5455462984005928, 0.10385718675580796, 0.18367339562570342, -0.12634288336004734], [-0.6471210961543538, -0.558435972914855, -0.45290844324948976, 0.04853543685589627, -0.06174019905708983, -0.16568395137019415, 0.32288508871113325, -0.5454789588724678, 0.25317062875976054, -0.19425953107853566, 0.5362320097919042, 0.35219141432315487, -0.10031611037389873]], "inverted": true, "swapped": true, "error_lsq": 0.04838949918180007, "error_max": 0.2666000285805661, "target": "772.xyz", "model": "4.xyz", "model_rescale": 3.8936222436046832, "target_rescale": 4.135235046083515},
{"mapping": [12, 8, 10, 13, 2, 4, 3, 7, 11, 5, 9, 14], "R": [[-0.6749142699677696, 0.44662694386737634, 0.5873798610827239], [-0.21041775873113322, 0.6464799804652775, -0.7333403041345681], [-0.7072588599688514, -0.6185369898957553, -0.34234032354699173]], "T": [-0.17540886665662275, -0.06334183871004102, -0.0682311238112299], "aligned_model": [[0.0209356277823797, -0.7296595937199972, -0.12355536765632166, 0.34643061841116135, -0.668448291009726, -0.8300603116452352, -0.15004695242360663, 0.08081541431753786, 0.6112200874748475, 0.5342241563294103, 0.10331622067760893, -0.1676235663229617], [-0.7026939388619218, -0.3980036030769881, 0.21006697953303266, -0.07876701728921089, 0.4551948391494924, 0.019671226447252096, -0.42339156577500187, 0.2246750617386481, 0.23539732491775706, -0.4281716979141752, 0.6423451404058913, -0.08739984416496856], [-0.418231111246783, -0.1573962849803997, -0.6267850216576147, -0.40641274691358864, -0.28240723071845186, 0.39423342936746353, 0.5707766277370547, 0.4711549444681973, 0.11888864975956598, 0.0907572829269471, -0.13622847397541457, 0.0009346545085420488]], "inverted": false, "swapped": true, "error_lsq": 0.04883969324476908, "error_max": 0.2583814578568836, "target": "772.xyz", "model": "5.xyz", "model_rescale": 3.6523030999806103, "target_rescale": 4.135235046083515},
{"mapping": [9, 0, 2, 10, 1, 7, 4, 13, 3, 6, 8, 12, 14], "R": [[0.6182622902194697, 0.707995606262264, 0.3413121181644529], [0.76632291396685, -0.4465089954211865, -0.46192954932253316], [-0.17464516031637406, 0.5471489180481782, -0.8186129301793221]], "T": [0.0792614215677592, -0.1331889890126056, -0.018490652236778447], "aligned_model": [[0.2289862894543575, -0.2539256413089541, 0.28280633263654253, 0.6596613298798762, 0.5529500948675419, -0.4080896022099215, -0.4381855307825525, 0.46543687258124655, -0.5799738561887671, -0.12144888334264756, 0.08674145754325895, 0.3965637220643894, 0.009560319469924111], [-0.4796761490960729, -0.03063635239317497, 0.3193329153935358, -0.15466965803469515, 0.44144791822860474, -0.476416571944147, 0.45455552533669885, -0.6106156989376255, -0.18702533391664572, 0.16741538954618726, 0.46118471064598743, -0.21841644232629764, -0.14565334833917232], [0.6432000143637341, 0.6447259657473766, 0.539750299532809, 0.20975954237581662, 0.02223205614063544, 0.27172608349111316, 0.17160980466675033, -0.11775520884615323, -0.3364850479744372, -0.6516508946774628, -0.2901646207390314, -0.6981065665378077, -0.038731688061554255]], "inverted": false, "swapped": true, "error_lsq": 0.05349930960846562, "error_max": 0.30502222084309816, "target": "772.xyz", "model": "6.xyz", "model_rescale": 4.08911054899281, "target_rescale": 4.135235046083515},
{"mapping": [10, 13, 12, 9, 11, 3, 1, 8, 1, 5, 7, 4, 0, 6, 14], "R": [[-0.9808640214616368, 0.058804252890351044, -0.18560126951105024], [-0.15237954477000093, -0.8252443595579174, 0.5438310595704605], [-0.12118682163417419, 0.561706157042853, 0.8184130664904835]], "T": [-0.01573415915815701, 0.0650144790952526, -0.059985301497598904], "aligned_model": [[-0.35500999714617537, 0.6782633695108671, 0.2660714607249025, -0.2802917814843202, 0.08106046134388221, -0.5178541458796125, 0.38732912838051486, -0.6529676676327033, 0.38732912838051486, -0.20774909769811775, 0.3917470579004331, -0.6007166089122047, 0.006833772308421516, -0.014076964323503662, -0.03465289967152081], [0.07253846487908086, 0.04444702028655198, 0.24783712898041577, -0.6563741394197474, -0.3251346787971878, -0.025463706268646913, -0.4905735961625034, -0.15368439368971987, -0.4905735961625034, 0.7400397052050621, 0.7066200290868337, 0.440466190985425, -0.2124549484056094, 0.27328643435677635, -0.09928497186948781], [-0.6956819224556121, -0.29201748071216993, -0.6886055281070269, 0.0954657630016097, -0.48770658807899214, 0.5451102720888176, 0.198487009834379, -0.16606655339814216, 0.198487009834379, -0.35658678004452676, 0.08695121711469708, 0.05698065603170457, 0.8384341931570709, 0.3936257795071504, -0.05644494048375066]], "inverted": true, "swapped": false, "error_lsq": 0.048165795316576464, "error_max": 0.2960678147096075, "target": "772.xyz", "model": "7.xyz", "model_rescale": 3.964800864290218, "target_rescale": 4.135235046083515},
{"mapping": [12, 5, 13, 6, 10, 3, 1, 11, 7, 0, 4, 2, 9, 14], "R": [[-0.6137955444782932, 0.7889205010476239, 0.02931676321427204], [0.754131136871298, 0.5969049599478518, -0.2738442936978184], [-0.23354069876533126, -0.1459757233803604, -0.9613271192491042]], "T": [-0.050456047061714415, 0.012907495069267786, 0.03505417440664339], "aligned_model": [[-0.2691018729153473, 0.2702715016845642, 0.3706609664430474, -0.6657457515253307, 0.19475824469500846, -0.29380339879232953, -0.42042160140428325, 0.7386962280881393, 0.2938148860503512, 0.1422564063512911, -0.5418697536655641, -0.10294299546487332, 0.6082484752103807, -0.06363344529418147], [-0.05683466399860076, -0.5579887253392983, 0.06941346433907597, -0.28044059709909175, 0.5607973359304306, -0.6682756435220344, 0.6583631345097031, -0.32776470308253447, -0.40340074544595667, 0.07072909926531111, -0.06163851475834139, 0.6068942227705343, 0.2575670857047091, -0.056472283092704405], [-0.6840788409356856, -0.44782108065905735, -0.4192460907130955, -0.22360581073940172, -0.13556322637773288, 0.15907650020530323, -0.017475621598842347, -0.02994697217110276, 0.419380755912529, 0.7567920194058404, 0.6693164291088316, 0.4847923789034823, 0.3292572734402623, 0.05593732494369027]], "inverted": false, "swapped": true, "error_lsq": 0.03494694676849424, "error_max": 0.2425302081880446, "target": "772.xyz", "model": "8.xyz", "model_rescale": 4.121658175737393, "target_rescale": 4.135235046083515},
{"mapping": [5, 7, 3, 6, 11, 13, 0, 2, 4, 9, 12, 8, 14], "R": [[-0.40370484432680426, 0.6013585223436376, 0.6894855518948513], [-0.5442763695948046, 0.44789728738700113, -0.7093315539661731], [-0.7353812835310474, -0.6616312776434039, 0.14648692868712415]], "T": [-0.031796439771449934, 0.038250656836826026, 0.06678641698223753], "aligned_model": [[-0.6635102069948591, -0.09106285100541098, 0.1387848848724465, 0.21585048615201105, -0.7061020722169316, -0.6350251570318158, 0.30658720997036265, 0.38212004636652425, 0.7393130468907209, -0.29488711236544446, -0.35081775121485254, 0.4531120146914731, -0.01762504167902684], [0.21271948869236088, -0.4557571491356337, 0.14308546755044504, 0.6557734669042611, -0.4220658415632633, 0.09246016811445104, -0.6298798846825736, -0.29157586862557616, -0.10199885184024152, -0.6321547649805727, 0.7223419032086776, 0.4623851682262722, 0.03505413754310348], [-0.4153499848458365, -0.3713753429837117, -0.6392742130894888, -0.23133451593018195, -0.20973599508805513, 0.20855255565297243, 0.04476302957809414, 0.5937846813309606, -0.12043906540384297, 0.3150711221585166, 0.07496132691163175, 0.17686138227687898, -0.0054095466088482785]], "inverted": true, "swapped": true, "error_lsq": 0.043518486535610114, "error_max": 0.27833416221790896, "target": "772.xyz", "model": "9.xyz", "model_rescale": 3.833441315466971, "target_rescale": 4.135235046083515},
{"mapping": [4, 13, 5, 7, 3, 11, 9, 6, 2, 1, 0, 12, 8, 10, 14], "R": [[-0.48895760997370796, -0.3503675927162895, 0.7988510534655329], [0.35483133010497725, -0.9164887570872996, -0.1847784763128795], [0.7968783990200337, 0.19310853970440836, 0.5724455511823802]], "T": [-0.10693344561913061, 0.04984142374092017, -0.015342324855191585], "aligned_model": [[-0.23693065991345202, 0.65503002985825, 0.31490163091900053, -0.4149330219271607, -0.010075240014111891, -0.4705499702904921, 0.25625256897568616, -0.6164400150918679, 0.5114247565078078, -0.24026345474167693, 0.18604178118998244, -0.5778926059898299, 0.20357656358369963, 0.05219816421290498, -0.07702531147736257], [-0.1811980028751567, 0.2818106827044269, 0.2207591046268717, -0.5150105948790918, -0.7248407090968368, -0.11170168069482093, -0.6402127126855147, 0.1489921107598119, -0.2855535131828539, 0.6921374237838595, 0.6637866970639896, 0.402070604342502, -0.23532391970189825, 0.39619039761102465, -0.04021494477157436], [-0.7674288143727667, -0.05123753831057447, -0.5156197639124088, 0.15784091577965645, -0.3958786973829063, 0.5387550758233849, 0.20788700596003823, -0.4532941086998519, -0.1629689656618988, -0.3548830292045335, 0.017210394602276777, 0.11562381926777195, 0.6402670279310066, 0.7129939042116182, -0.018835118741225166]], "inverted": false, "swapped": false, "error_lsq": 0.05037859074063903, "error_max": 0.32495327398292395, "target": "772.xyz", "model": "10.xyz", "model_rescale": 4.2482417240324, "target_rescale": 4.135235046083515},
{"mapping": [3, 4, 1, 2, 5, 13, 12, 9, 0, 11, 7, 14], "R": [[0.5272772412331829, 0.7447199075184572, -0.40910997326296583], [-0.35865526984418494, 0.6315524884441316, 0.6873920655295784], [0.770288977131647, -0.2157167441014391, 0.6001009731901419]], "T": [-0.00021292462147478458, 0.01663534396690578, 0.10014921668592067], "aligned_model": [[-0.6914700389258016, -0.09273363276376267, 0.5140069343251844, 0.6259499343009801, -0.5421251755639779, 0.08643946532421476, -0.23792994126778202, 0.4466568677922849, 0.22001769330215493, -0.13699438074177892, -0.24868936412392514, -0.06636275929478425], [-0.1904102101955383, -0.7646725374862426, -0.27419931924584984, -0.3716600822095711, 0.6233259222788721, 0.6270633085457287, 0.3421296066541739, 0.28622407762476015, -0.32878062684179654, 0.67080020886837, 0.04771279691731912, -0.0014017548595856126], [-0.03366288895901379, -0.07400892783594373, 0.555385428660149, -0.022269332310793893, 0.08549242910234509, 0.18255223781385635, 0.7384018035388581, -0.45476945280127024, -0.5272049309496925, -0.44427999984663435, -0.5137201494572634, 0.07327607289975996]], "inverted": false, "swapped": true, "error_lsq": 0.047140599209707985, "error_max": 0.24527243206712082, "target": "772.xyz", "model": "11.xyz", "model_rescale": 3.6694154284099745, "target_rescale": 4.135235046083515},
{"mapping": [3, 5, 13, 11, 7, 8, 4, 1, 9, 2, 10, 0, 12, 14], "R": [[-0.7638779829614015, 0.12780238463196747, -0.6325796215728132], [-0.19285712994935378, 0.8901991158977673, 0.41273679443748634], [0.6158705664135273, 0.43727804030984274, -0.6553559039852048]], "T": [-0.02973378613639901, 0.017551219354781614, -0.04747169428078299], "aligned_model": [[0.1538180681663555, -0.037318952839291174, -0.16492641486217555, 0.4665389920416834, 0.5910627447977517, -0.4382987830975738, 0.2107910847290039, -0.4847475551355912, 0.4793205153373663, 0.09270631289320666, -0.20450809266666092, 0.6117882922249233, -0.6796561372961177, 0.0016947759629292736], [-0.43073511253258945, 0.3614394381495367, 0.6024943114900226, 0.613075361302379, 0.00551662357127157, -0.46467299747169893, -0.7175405999662611, -0.08909853207599146, 0.4911563128389586, -0.0806910124487701, 0.45346070058744614, -0.15383244173366545, 0.16283050301786595, -0.022415266592250252], [-0.5987955742432749, -0.7847915198494492, -0.21021605398529844, -0.424444286150774, -0.2798695932454385, 0.11889308236981741, 0.1786277307996825, 0.5337642078233005, 0.263763522250858, 0.6827313261606917, 0.36345468598625885, 0.2996075592093079, -0.40288290242056557, -0.10074672505270121]], "inverted": false, "swapped": true, "error_lsq": 0.04720988535818597, "error_max": 0.315586511898235, "target": "772.xyz", "model": "12.xyz", "model_rescale": 3.9764082729961374, "target_rescale": 4.135235046083515},
{"mapping": [9, 7, 0, 13, 5, 11, 6, 12, 4, 1, 2, 10, 3, 8, 15], "R": [[-0.2389681366373173, 0.7367031804826842, -0.6325841078771943], [-0.8435157315737145, -0.48020466035442333, -0.24059238300817828], [-0.4810150104308071, 0.47610073308134104, 0.7361743351269862]], "T": [-0.06335309385407256, -0.07211631848588833, -0.02893954334666163], "aligned_model": [[-0.08387854720382076, 0.6362495667922758, 0.4423851722093069, -0.5138871070089813, 0.11628742967316719, -0.40739972068731534, 0.00421053650187761, -0.6374631499298573, 0.5681384159606415, -0.3567842162301226, 0.2052982727971217, -0.682590292762493, 0.30247513342622695, -0.07946857935102083, 0.02174230161437138], [0.035732892997173346, 0.1993436824323624, 0.16369740144182615, -0.4500398097071303, -0.5355785079624678, 0.018098858119399555, -0.8268592992334187, -0.0712592862363209, -0.38662949838368293, 0.45334391883487385, 0.6711700153956703, 0.37932170044678815, 0.05360738823318863, 0.4747804562316454, -0.10703896960516814], [-0.6200794420719051, 0.05993837315121561, -0.4934055046778673, 0.14039292241398085, -0.7040365638312379, 0.6810166801095136, 0.06830753663360684, -0.30752605406936423, -0.16371214620695487, -0.23170121052499018, -0.1366956706317354, 0.2137452429677241, 0.7185942050603118, 0.418606035984992, 0.026987702982297714]], "inverted": false, "swapped": false, "error_lsq": 0.04697589653777492, "error_max": 0.38176851796335537, "target": "772.xyz", "model": "13.xyz", "model_rescale": 4.170626492500431, "target_rescale": 4.135235046083515},
{"mapping": [7, 0, 3, 4, 5, 12, 6, 9, 11, 2, 10, 8, 13, 14], "R": [[-0.585871561312752, 0.8025412980405732, 0.11261429120813571], [0.08401171123599582, -0.07806601473755098, 0.9934020987083714], [0.8060375586907589, 0.5914669578956622, -0.021686209846192628]], "T": [-0.05780119821511738, 0.046072670329259054, 0.14120720761650724], "aligned_model": [[0.2484080547482811, 0.07058270093588424, -0.31551815977550546, -0.603935031822507, 0.3007935559160261, -0.21232276606283745, -0.6496167427253233, 0.5737984358188704, 0.7318177813185167, -0.1461326575783033, 0.20505283065787488, -0.6887825905025265, 0.40225659622691573, -0.07321898506372276], [-0.24676833191614916, -0.6800659786022352, 0.12095407674581587, -0.5045304604382993, 0.6299696261840695, 0.7749245951941128, 0.4218051747484509, -0.35511426203464774, 0.12933611501139414, -0.534341331283116, 0.049942234710944014, 0.07133946782947986, 0.4338471566277097, 0.044776385148136665], [-0.36871630484613366, 0.008439811456611851, -0.5418628340988869, -0.07766986870149295, -0.2974627300467193, 0.2625341063681679, -0.059089966383685744, 0.2841630540207989, -0.19437150887802934, 0.6028961776396765, 0.7071722330622237, 0.30963185687227124, 0.2990012761465389, 0.06920779850952472]], "inverted": false, "swapped": true, "error_lsq": 0.04846327158791413, "error_max": 0.28075873492400705, "target": "772.xyz", "model": "14.xyz", "model_rescale": 3.9786697098870705, "target_rescale": 4.135235046083515},
{"mapping": [10, 12, 2, 9, 8, 4, 5, 3, 0, 11, 6, 14], "R": [[-0.16649267901835368, 0.2408390017488804, -0.9561782067532674], [0.40458138885239403, -0.8676412015312013, -0.28898554496680473], [-0.8992185983550158, -0.43496588445773077, 0.04701693025224679]], "T": [0.012082204135065326, -0.02322711581828666, -0.07730217983295566], "aligned_model": [[0.0728251411177839, -0.7289136110514339, 0.5796350500105558, 0.5261310802229752, -0.12342715824715114, 0.4467698164217796, -0.5087280155322063, -0.12849944373854352, 0.7452931538422313, 0.06515254578213489, -0.4713293548572423, 0.008445392796453122], [-0.38016367648423105, -0.031009310987105722, 0.08619868711717543, -0.5847706674535609, 0.55109876781427, 0.6459125050148318, -0.39850632900225025, 0.33532394156531714, 0.011366902680452949, -0.7406743970913574, 0.5149750055142208, 0.004923061536676369], [-0.5855641313084897, -0.22113158914991415, -0.5503236654047381, -0.10428400783246497, -0.35824662815370345, 0.03508996364265242, 0.42257719981627695, 0.5474280649304543, 0.07300384675937123, 0.39756300783143317, 0.013203359993666397, -0.00934892725071404]], "inverted": false, "swapped": true, "error_lsq": 0.04124227314389394, "error_max": 0.259012095491566, "target": "772.xyz", "model": "15.xyz", "model_rescale": 3.769337070930944, "target_rescale": 4.135235046083515},
{"mapping": [3, 4, 5, 7, 6, 8, 12, 1, 13, 9, 14], "R": [[-0.7844738577234946, 0.0357378970263722, -0.6191313021197935], [0.5922386520564142, -0.25302436537090184, -0.7650046075279903], [-0.18399496068865634, -0.9667996034570894, 0.1773256360383207]], "T": [-0.04208726982457002, 0.019579625315800285, 0.1002714478369367], "aligned_model": [[-0.2913238009289241, -0.3208020811257937, -0.05516130505226781, -0.6752886756470531, 0.3427984436428593, 0.33996764269326707, 0.593458522100348, 0.43903013756784887, 0.12481035661245322, -0.4953050510607875, -0.07955805811077904], [0.14250659764420118, -0.6326686610940517, 0.8018995271352525, 0.18776177602848126, -0.028539866590501485, -0.4223869715677804, 0.3827372770497871, -0.48976090890989865, 0.5256732797064056, 0.09517698937463723, 0.03366545884880903], [-0.5789781750773133, -0.282120201125212, -0.12280210007140702, -0.001279975613563994, -0.5170510072712833, -0.19271722430916516, -0.08417454974392902, 0.3558983905728709, 0.42110721546487073, 0.7078766714412705, 0.038458562956639054]], "inverted": true, "swapped": true, "error_lsq": 0.046122966153533035, "error_max": 0.27103952223096484, "target": "772.xyz", "model": "16.xyz", "model_rescale": 3.7852294659196426, "target_rescale": 4.135235046083515},
{"mapping": [5, 9, 0, 11, 13, 10, 1, 2, 3, 6, 12, 4, 14], "R": [[0.32016130250101865, 0.9006646238725006, 0.2937685750475336], [-0.8741293153951849, 0.40039804112183225, -0.2749169849837316], [-0.3652323648687189, -0.16877394339887503, 0.9154893094307528]], "T": [0.014743486491261008, 0.1078767537698285, 0.008300103436586609], "aligned_model": [[0.009988655459488186, -0.3566871927993339, 0.22630716135485396, -0.1914749117444869, -0.46682493467237873, -0.5795511368901994, -0.2684827502042204, -0.1530217973241747, 0.6784132575871338, 0.41486578698927723, -0.17366541751512515, 0.6335945660609721, 0.08030456391447696], [-0.1618784457068045, -0.4845353322017767, -0.33079690530745653, -0.6493080358151028, -0.04195229264214942, 0.1597582030673415, 0.6644300411614608, 0.17269057891051479, 0.02754598449591783, 0.632265279473518, 0.5632678763016644, 0.23705792468586517, 0.08651074727988198], [-0.7592718416562038, 0.310612189382708, 0.5776797455263849, -0.34833581129228486, -0.3557937129121561, 0.19145533784094598, 0.4160723566548826, 0.7332094375183971, -0.2945188880968434, -0.3022773108548895, -0.5634894295913646, 0.5079687063679904, -0.017556081744392972]], "inverted": true, "swapped": true, "error_lsq": 0.05189480670578983, "error_max": 0.3648441651922004, "target": "772.xyz", "model": "17.xyz", "model_rescale": 3.901054581598922, "target_rescale": 4.135235046083515},
{"mapping": [6, 9, 11, 8, 10, 2, 5, 1, 9, 7, 12, 0, 13, 3, 14], "R": [[0.17318065731844898, 0.5910506059045836, 0.7878246259102183], [0.8511914152925172, 0.3125845915828409, -0.4216207390977237], [-0.4954610322346976, 0.7436061150668504, -0.4489635967114869]], "T": [-0.11561944437719628, -0.0682274729898763, -0.07038246370499723], "aligned_model": [[-0.20339718697943965, 0.5234999805037738, 0.4147866701126246, -0.4853440721728935, 0.2808844356297057, -0.323726720602743, 0.13863900927891804, -0.7370036824350712, 0.5234999805037738, -0.2951713375687313, 0.2978031215862219, -0.6958647471505705, 0.3079918579454275, -0.14355643737798002, -0.06772565547163888], [0.21511578093189437, -0.2180543664035826, 0.2235453469368639, -0.5869492153534974, -0.5847387819011821, -0.1814533085493105, -0.5021847534843425, 0.07012829841266677, -0.2180543664035826, 0.5338561299477547, 0.5462459151861754, 0.3208444694140106, 0.014083443891852787, 0.48097655886884383, -0.041670208489825215], [-0.7601196699153178, -0.013217053848072868, -0.590256452466202, 0.11576185057952579, -0.5688345567240387, 0.7218355452622065, 0.29991439618699434, -0.35397523273953724, -0.013217053848072868, -0.28235764272891295, -0.011396522559009206, 0.22532504506505002, 0.5138097784612256, 0.4597121932431516, -0.07255251667940234]], "inverted": false, "swapped": false, "error_lsq": 0.04678750183542927, "error_max": 0.3977921897990105, "target": "772.xyz", "model": "18.xyz", "model_rescale": 3.9405287249114394, "target_rescale": 4.135235046083515},
{"mapping": [6, 4, 0, 10, 1, 11, 14, 2, 12, 8, 7, 5, 13, 9, 15], "R": [[0.9042105454715377, 0.06108930524857853, -0.4226953823290601], [0.3409123998117447, -0.6994020474467268, 0.6281842975448555], [-0.25725867354214016, -0.7121129635188312, -0.6532328084808403]], "T": [0.08129095024101257, -0.06808142327223746, -0.014697675084393381], "aligned_model": [[-0.3273743992403229, 0.7268242856301079, 0.2905476076526766, -0.4795421678018174, 0.023355641985935448, -0.35161236926313966, 0.10075604930184079, -0.7180681381645231, 0.5069176009802532, -0.10097607154012089, 0.32624857183057787, -0.6266475279029258, 0.28965169088292014, -0.1690016486308613, 0.044236090080776766], [0.168017836558224, 0.21855294585508275, 0.20487294909278367, -0.5905353739920561, -0.3427181842717555, -0.11098888247736988, -0.6665070894837611, -0.22589618561448618, -0.41028351872176205, 0.5871982656893932, 0.5542647210356186, 0.3660021839651829, -0.07776004472536716, 0.4792936368463644, -0.0818223167513519], [-0.5939499752378119, -0.20388668098191132, -0.6099974482169438, 0.15969303576379462, -0.6119727989130367, 0.5597297509727736, 0.47647112890669047, -0.3170961400001022, -0.0580421356283169, -0.34584630869374644, 0.20508992518384545, -0.055406099886406136, 0.6239117293389127, 0.46147876854407427, -0.019744643862228198]], "inverted": true, "swapped": false, "error_lsq": 0.04279771845422694, "error_max": 0.2621674574628322, "target": "772.xyz", "model": "19.xyz", "model_rescale": 4.410303926677745, "target_rescale": 4.135235046083515},
{"mapping": [12, 5, 13, 6, 10, 3, 1, 11, 7, 0, 4, 2, 9, 14], "R": [[-0.6137955444782932, 0.7889205010476239, 0.02931676321427204], [0.754131136871298, 0.5969049599478518, -0.2738442936978184], [-0.23354069876533126, -0.1459757233803604, -0.9613271192491042]], "T": [-0.050456047061714415, 0.012907495069267786, 0.03505417440664339], "aligned_model": [[-0.2691018729153473, 0.2702715016845642, 0.3706609664430474, -0.6657457515253307, 0.19475824469500846, -0.29380339879232953, -0.42042160140428325, 0.7386962280881393, 0.2938148860503512, 0.1422564063512911, -0.5418697536655641, -0.10294299546487332, 0.6082484752103807, -0.06363344529418147], [-0.05683466399860076, -0.5579887253392983, 0.06941346433907597, -0.28044059709909175, 0.5607973359304306, -0.6682756435220344, 0.6583631345097031, -0.32776470308253447, -0.40340074544595667, 0.07072909926531111, -0.06163851475834139, 0.6068942227705343, 0.2575670857047091, -0.056472283092704405], [-0.6840788409356856, -0.44782108065905735, -0.4192460907130955, -0.22360581073940172, -0.13556322637773288, 0.15907650020530323, -0.017475621598842347, -0.02994697217110276, 0.419380755912529, 0.7567920194058404, 0.6693164291088316, 0.4847923789034823, 0.3292572734402623, 0.05593732494369027]], "inverted": false, "swapped": true, "error_lsq": 0.03494694676849424, "error_max": 0.2425302081880446, "target": "772.xyz", "model": "20.xyz", "model_rescale": 4.121658175737393, "target_rescale": 4.135235046083515},
{"mapping": [9, 0, 2, 10, 1, 7, 4, 13, 3, 6, 8, 12, 14], "R": [[0.6182622902194697, 0.707995606262264, 0.3413121181644529], [0.76632291396685, -0.4465089954211865, -0.46192954932253316], [-0.17464516031637406, 0.5471489180481782, -0.8186129301793221]], "T": [0.0792614215677592, -0.1331889890126056, -0.018490652236778447], "aligned_model": [[0.2289862894543575, -0.2539256413089541, 0.28280633263654253, 0.6596613298798762, 0.5529500948675419, -0.4080896022099215, -0.4381855307825525, 0.46543687258124655, -0.5799738561887671, -0.12144888334264756, 0.08674145754325895, 0.3965637220643894, 0.009560319469924111], [-0.4796761490960729, -0.03063635239317497, 0.3193329153935358, -0.15466965803469515, 0.44144791822860474, -0.476416571944147, 0.45455552533669885, -0.6106156989376255, -0.18702533391664572, 0.16741538954618726, 0.46118471064598743, -0.21841644232629764, -0.14565334833917232], [0.6432000143637341, 0.6447259657473766, 0.539750299532809, 0.20975954237581662, 0.02223205614063544, 0.27172608349111316, 0.17160980466675033, -0.11775520884615323, -0.3364850479744372, -0.6516508946774628, -0.2901646207390314, -0.6981065665378077, -0.038731688061554255]], "inverted": false, "swapped": true, "error_lsq": 0.05349930960846562, "error_max": 0.30502222084309816, "target": "772.xyz", "model": "21.xyz", "model_rescale": 4.08911054899281, "target_rescale": 4.135235046083515},
{"mapping": [6, 4, 0, 11, 1, 9, 15, 5, 2, 7, 13, 10, 14, 12, 16], "R": [[0.19172845219874157, -0.9367642787846032, 0.2927676324504428], [0.7558871584296508, -0.04932479458623264, -0.6528412275279298], [0.6259990449981717, 0.3464675318585981, 0.6986311222878555]], "T": [-0.027282461687849462, -0.03728042104501357, -0.027684848269951295], "aligned_model": [[-0.3471950612867667, 0.6360284212985087, 0.3025935641068525, -0.3523573960225303, 0.19500362191104087, -0.4957048581663496, 0.15623628707261525, -0.7212501871880482, 0.5940107182371034, -0.12118739922726922, 0.3218029908514862, -0.6695453980877771, 0.13595626288858126, -0.10208267658856567, 0.003006326002496472], [0.2227603627421772, 0.12450917250762487, 0.222932885750519, -0.7290834420016923, -0.6178599374993584, -0.0030414408351305405, -0.6515750312705143, -0.14542942020081862, -0.4050397390244562, 0.6383329662206774, 0.5096403224287899, 0.44801585928667365, -0.0352103809320788, 0.4991213679299306, -0.006382602097604655], [-0.6486509084830481, -0.16958264880854068, -0.6784922243434724, -0.06803206032931997, -0.5211569380358729, 0.5079976717678457, 0.3194030636420989, 0.03896081095738578, -0.026381778322379396, -0.2289920802874099, 0.09780225549656105, 0.028183300420585394, 0.5929369525714747, 0.4739600008707243, -0.047523309827044724]], "inverted": false, "swapped": false, "error_lsq": 0.040067078473791894, "error_max": 0.3236797654583544, "target": "772.xyz", "model": "22.xyz", "model_rescale": 4.204369325754507, "target_rescale": 4.135235046083515},
{"mapping": [6, 4, 0, 10, 1, 11, 14, 2, 12, 8, 7, 5, 13, 9, 15], "R": [[0.9042105454715377, 0.06108930524857853, -0.4226953823290601], [0.3409123998117447, -0.6994020474467268, 0.6281842975448555], [-0.25725867354214016, -0.7121129635188312, -0.6532328084808403]], "T": [0.08129095024101257, -0.06808142327223746, -0.014697675084393381], "aligned_model": [[-0.3273743992403229, 0.7268242856301079, 0.2905476076526766, -0.4795421678018174, 0.023355641985935448, -0.35161236926313966, 0.10075604930184079, -0.7180681381645231, 0.5069176009802532, -0.10097607154012089, 0.32624857183057787, -0.6266475279029258, 0.28965169088292014, -0.1690016486308613, 0.044236090080776766], [0.168017836558224, 0.21855294585508275, 0.20487294909278367, -0.5905353739920561, -0.3427181842717555, -0.11098888247736988, -0.6665070894837611, -0.22589618561448618, -0.41028351872176205, 0.5871982656893932, 0.5542647210356186, 0.3660021839651829, -0.07776004472536716, 0.4792936368463644, -0.0818223167513519], [-0.5939499752378119, -0.20388668098191132, -0.6099974482169438, 0.15969303576379462, -0.6119727989130367, 0.5597297509727736, 0.47647112890669047, -0.3170961400001022, -0.0580421356283169, -0.34584630869374644, 0.20508992518384545, -0.055406099886406136, 0.6239117293389127, 0.46147876854407427, -0.019744643862228198]], "inverted": true, "swapped": false, "error_lsq": 0.04279771845422694, "error_max": 0.2621674574628322, "target": "772.xyz", "model": "23.xyz", "model_rescale": 4.410303926677745, "target_rescale": 4.135235046083515},
{"mapping": [3, 7, 1, 5, 0, 15, 12, 4, 7, 10, 11, 8, 14, 9, 16], "R": [[-0.5165800992746727, -0.7446356348073475, 0.42268519303191554], [-0.8555727094848258, 0.429429861808245, -0.28911128060341323], [0.03376891793000092, -0.5109870498969715, -0.8589248482954878]], "T": [-0.006326438002870666, -0.021197638806351365, 0.08210684112637377], "aligned_model": [[-0.27238379924326095, 0.6085254236663982, 0.4002273192013426, -0.4150003969484376, 0.12253095698467423, -0.4150506207104755, 0.15499085450101216, -0.6180113156672004, 0.6085254236663982, -0.23258141840917634, 0.37526294847157493, -0.7292740341042581, 0.18607802201785273, -0.2194669881725065, -0.01905715945256036], [0.008062461839653784, -0.14287765921708445, 0.28852343677610814, -0.495739635025887, -0.5258427630968184, -0.02431294058909167, -0.8079925842374188, -0.05160227367407414, -0.14287765921708445, 0.5343804578079041, 0.4755956119536323, 0.36989156266232803, 0.13022763471498805, 0.47260974078083573, -0.016354448473252178], [-0.7767344199190228, -0.1394378665896437, -0.6071842783677911, 0.14039511208775837, -0.4648071204553821, 0.6671273776885974, 0.048846056904743015, -0.23222028402588663, -0.1394378665896437, -0.17072830018004742, 0.17325228939531828, 0.09223980911555012, 0.7131384570678866, 0.4032693566337174, -0.037286215476565424]], "inverted": true, "swapped": false, "error_lsq": 0.04698917412922601, "error_max": 0.3268589886960746, "target": "772.xyz", "model": "24.xyz", "model_rescale": 4.28219845311461, "target_rescale": 4.135235046083515},
{"mapping": [3, 12, 9, 8, 5, 6, 10, 1, 11, 4, 13, 0, 14, 2, 15], "R": [[0.4285753086204602, -0.03726537538259456, 0.9027372245778236], [0.8834744499248237, 0.22651148982901834, -0.41007979870443434], [-0.18919857602769638, 0.9732953491993237, 0.13000023867693145]], "T": [0.02169124784447527, 0.09228410009445408, -0.08733689150167413], "aligned_model": [[-0.30979599172229266, 0.7726972624953987, 0.42122354037144366, -0.3140730787381992, -0.05567035834773162, -0.4669023524342628, 0.10421843827983138, -0.5056168627486614, 0.4056998961308289, -0.4083990274984084, 0.38182788816393504, -0.702772880315723, 0.34357635571629136, -0.08797195741124805, -0.04272565613982424], [0.20800130230022226, 0.08083391242592262, 0.023007023626249415, -0.5080154000378889, -0.628296231669375, -0.20337389904093084, -0.5521380983484325, -0.12085374087710786, -0.29096461700866605, 0.6588873614519966, 0.5502639982018607, 0.3052062236261879, -0.04183619655145694, 0.4737479473817624, 0.117221357524395], [-0.777823012997174, 0.0550666175615389, -0.6281218004840099, 0.006731615790438933, -0.5346173944040853, 0.6098429821858437, 0.3683100242354589, -0.3812685435831551, -0.04113245309263432, -0.25654585196237506, 0.028734078882596145, 0.22148355528841018, 0.5898236125537464, 0.4705513939226803, -0.06060271660769202]], "inverted": false, "swapped": false, "error_lsq": 0.04257420115720389, "error_max": 0.2313367283735377, "target": "772.xyz", "model": "25.xyz", "model_rescale": 4.100010024507729, "target_rescale": 4.135235046083515},
{"mapping": [3, 4, 1, 2, 5, 13, 12, 9, 0, 11, 7, 14], "R": [[0.5272772412331829, 0.7447199075184572, -0.40910997326296583], [-0.35865526984418494, 0.6315524884441316, 0.6873920655295784], [0.770288977131647, -0.2157167441014391, 0.6001009731901419]], "T": [-0.00021292462147478458, 0.01663534396690578, 0.10014921668592067], "aligned_model": [[-0.6914700389258016, -0.09273363276376267, 0.5140069343251844, 0.6259499343009801, -0.5421251755639779, 0.08643946532421476, -0.23792994126778202, 0.4466568677922849, 0.22001769330215493, -0.13699438074177892, -0.24868936412392514, -0.06636275929478425], [-0.1904102101955383, -0.7646725374862426, -0.27419931924584984, -0.3716600822095711, 0.6233259222788721, 0.6270633085457287, 0.3421296066541739, 0.28622407762476015, -0.32878062684179654, 0.67080020886837, 0.04771279691731912, -0.0014017548595856126], [-0.03366288895901379, -0.07400892783594373, 0.555385428660149, -0.022269332310793893, 0.08549242910234509, 0.18255223781385635, 0.7384018035388581, -0.45476945280127024, -0.5272049309496925, -0.44427999984663435, -0.5137201494572634, 0.07327607289975996]], "inverted": false, "swapped": true, "error_lsq": 0.047140599209707985, "error_max": 0.24527243206712082, "target": "772.xyz", "model": "26.xyz", "model_rescale": 3.6694154284099745, "target_rescale": 4.135235046083515},
