[{"mapping": [7, 5, 6, 14, 9, 11, 2, 4, 12, 13, 10, 15], "R": [[-0.10341194597283793, -0.9551196311917771, -0.2775832479495017], [-0.1805354773632198, -0.25641942747562707, 0.9495556953787945], [-0.9781170230822818, 0.1483090264453087, -0.1459161465756943]], "T": [0.0868871400270969, 0.0061027935575277276, 0.03592966374590305], "aligned_model": [[-0.26152793534836627, 0.21653404928658604, 0.3065817379996227, -0.1692043568517249, -0.04019789777140299, -0.5554293556295687, 0.35980964143413574, -0.2208325482276477, 0.574423881674998, 0.07145060336973362, -0.48008630596997, 0.03612094849415294], [-0.3001426151912849, -0.819234390407835, -0.26803507807919785, 0.7496362851545085, 0.28450523100980935, -0.4458065266001613, -0.45619597951132757, -0.542171682762225, 0.19819059090568603, 0.6044479833476442, 0.027197350374414342, 0.021163867737026377], [-0.45942321323953916, -0.05839264024731826, -0.6394536192712867, -0.16154756009664228, -0.6642755401749584, 0.035591114275469744, 0.5475255870822457, 0.5804078370434279, 0.1645383121314784, 0.4027760606318225, 0.41144926146470057, 0.022756145754162477]], "inverted": false, "swapped": true, "error_lsq": 0.04695253179441742, "error_max": 0.24888996450007603, "target": "773.xyz", "model": "0.xyz", "model_rescale": 3.751011558992144, "target_rescale": 4.167802217110983},
{"mapping": [4, 3, 5, 11, 12, 6, 13, 10, 1, 9, 0, 14, 8, 7, 15], "R": [[0.35458826787864295, -0.5642207470207663, -0.7456018434219114], [-0.7907547775681589, -0.6064946665399358, 0.08289210584696063], [-0.49897298728083017, 0.5601956516164158, -0.6612161445957774]], "T": [0.014482164648079034, -0.05247489814356851, -0.015441033171554904], "aligned_model": [[0.06393272160513067, 0.33226175267271474, -0.6255656139844354, 0.18640582923867774, -0.16939978370112643, -0.5305783207204382, 0.5188081070998631, 0.5506201737957309, -0.5889891872876521, 0.05399557020783611, -0.4032234493340813, 0.5990105768250237, 0.5860133551125487, -0.08990104109231487, 0.055695520651557105], [-0.015011736987756832, -0.46636399938834083, 0.23927532327164477, 0.527939304841576, -0.5223056661352935, 0.36415470408450945, -0.514497288169429, 0.04919749146029509, -0.20682347360791373, 0.39377873836654187, -0.23348464611457254, -0.03679343446716045, 0.36874784454721576, 0.6178613161200582, -0.0169171279942687], [-0.8448407818413728, -0.5112810090352985, -0.47599193667599987, -0.5157951431583186, 0.175808697039732, 0.31454186011234125, 0.14274299447358277, -0.42181228880291705, 0.010042102417030989, 0.6036245807112108, 0.6697795540354763, 0.5462553161947709, 0.16611222735778372, 0.00208877208804442, -0.011608540064090051]], "inverted": true, "swapped": true, "error_lsq": 0.041546429854077443, "error_max": 0.298608519336036, "target": "773.xyz", "model": "1.xyz", "model_rescale": 3.9405287249114394, "target_rescale": 4.167802217110983},
{"mapping": [0, 8, 7, 3, 10, 6, 12, 13, 4, 5, 2, 1, 15], "R": [[0.7679523100075265, -0.3190431211666467, -0.5553924165761972], [-0.414125768242781, 0.41416455422201265, -0.8105353601807931], [0.4886195837575796, 0.8524548133844551, 0.18593464848231983]], "T": [-0.005253251493940965, 0.06006214797684951, -0.011927366640196741], "aligned_model": [[-0.4173313158481338, 0.2609087377051644, -0.4073272642154874, 0.5569139156096725, 0.49163009199352714, -0.7333120575326858, 0.014224435145094406, 0.6133479034068127, 0.18183324600917827, -0.6042903305499541, -0.011869489513570648, -0.4621037561809911, 0.013359163255304889], [0.632736979781276, 0.3687494005915021, 0.05988188915165924, -0.35582035052368527, -0.21506401958755683, 0.26345869366836333, 0.20102340211451739, 0.32289831384334006, -0.7368539833893444, -0.5293827672290614, -0.5745691636980794, -0.05157055935670534, 0.0733447582057915], [0.41116242033292544, -0.6209495851358009, -0.5586359212349842, 0.15882145482138996, -0.38653565799266315, -0.10203889849432961, 0.5085344718661546, 0.19075783949281777, -0.1591554588680745, -0.036335463676613236, 0.3716564700446095, 0.3973113174733734, -0.06147263904016126]], "inverted": true, "swapped": true, "error_lsq": 0.04804154745968389, "error_max": 0.3282003466572177, "target": "773.xyz", "model": "2.xyz", "model_rescale": 3.932901565614263, "target_rescale": 4.167802217110983},
{"mapping": [11, 10, 4, 7, 5, 1, 2, 6, 9, 0, 13, 14, 12, 15], "R": [[0.876100710766422, -0.08778265764224005, -0.4740693510572429], [-0.4560084089453137, -0.4701251929372251, -0.7556709825955343], [-0.15653713797605245, 0.8782234954628589, -0.45190664572593325]], "T": [0.12073162092501863, -0.08832958569833117, 0.044250382344118155], "aligned_model": [[-0.06408888353664952, 0.5045747503393433, 0.2739637895901875, -0.4118413109165757, -0.45447749689400774, -0.20956367535251966, 0.22551242088933457, -0.6081172028700753, -0.2610174037716507, -0.17293788163154902, 0.7669381801421512, 0.4301386945063166, 0.2753828202187959, 0.12534311133960208], [0.13268747478220932, 0.14006215308753778, -0.41820775866132137, 0.2410386310138996, -0.5587404856125233, -0.5690158335268249, -0.7678594755263808, -0.05589258907149912, 0.48537172260951345, -0.1546480145505592, 0.052025519204763546, 0.571222674596974, -0.39621731729544346, -0.03833006269985727], [-0.6863558515198308, -0.4689946884746504, -0.7037155811926425, -0.21735320699636707, -0.3491127340849392, 0.2644691235082957, -0.23359372667877615, 0.26170635794662955, 0.37452351567240155, 0.8098415599368581, 0.2799388612087456, 0.40017205995564437, 0.459483006393897, 0.02288766738183147]], "inverted": true, "swapped": true, "error_lsq": 0.0437693916252896, "error_max": 0.32051278253276155, "target": "773.xyz", "model": "3.xyz", "model_rescale": 3.9243930471874484, "target_rescale": 4.167802217110983},
{"mapping": [10, 11, 3, 13, 12, 8, 14, 2, 1, 6, 0, 9, 15], "R": [[-0.8088520680141438, -0.567892460829644, -0.15250077049672367], [0.42384807479772185, -0.38332108952006955, -0.8206203457259709], [0.4075673460417405, -0.7283976216751387, 0.5507501821865282]], "T": [0.03987085449467768, -0.0075012625430783755, -0.14407358815618504], "aligned_model": [[-0.062164796551510755, -0.456045795049224, 0.48747945968952056, 0.38490999408352294, 0.4877161478280394, -0.4873160507274061, -0.16611428216641733, 0.527450542563468, 0.27395406196821415, -0.34601936347195306, 0.14957745379593332, -0.5147667887149676, -0.0014546969358671044], [-0.4674216565739504, -0.018405500388068853, -0.33136821238740805, -0.5982241170824989, 0.06995469123244832, -0.5159287229971099, -0.6421142156796302, 0.31287820321489174, 0.553637154256467, 0.5585139644597171, 0.2905453752923923, -0.042035650362674266, -0.04220175930298855], [-0.6349715349170626, -0.7529581446658398, -0.6054867129293411, 0.01348920248206864, 0.14672728744456465, -0.11930321348925033, 0.31664181751482884, -0.6018511343868713, -0.006308299621521463, 0.18800376804495872, 0.6148087648405189, 0.38045506921369504, -0.15217655415978437]], "inverted": false, "swapped": true, "error_lsq": 0.04493569822484871, "error_max": 0.24972662561809295, "target": "773.xyz", "model": "4.xyz", "model_rescale": 3.8936222436046832, "target_rescale": 4.167802217110983},
{"mapping": [2, 5, 4, 3, 11, 7, 9, 8, 13, 12, 10, 15], "R": [[0.71746524163976, 0.4122104607477327, -0.5615391020124446], [0.14971664602480148, -0.8785312640447189, -0.45361629600254966], [-0.6803150394794203, 0.24138217445812007, -0.6920304132854167]], "T": [-0.010053377210661643, -0.1751070510155735, 0.0947845356733372], "aligned_model": [[0.00568328055187782, -0.6565182959576342, -0.22319108025032375, 0.3663919950528234, -0.5579300427872325, -0.630850773581388, -0.2269720657464548, -0.07783800390660252, 0.6498763813658345, 0.3615337169083837, 0.039043357568336934, -0.021680427002523567], [-0.43402324228883876, -0.5099536941302563, 0.10425220100884075, 0.08314025867263519, 0.3296597891528585, -0.019767351894362323, -0.13713365213509587, 0.44210740672748267, 0.05589766276830366, -0.5663043971415513, 0.44722269042217927, -0.12617476605238756], [-0.5999470669104375, -0.32574765069448564, -0.6590612820984687, -0.46176065126037347, -0.1538803497384613, 0.3206915041418438, 0.8265291326133137, 0.4840012421225228, 0.15772154920212303, 0.09058350550923129, -0.17579639606435501, 0.11595118245306482]], "inverted": true, "swapped": true, "error_lsq": 0.0446797693728783, "error_max": 0.24311116578843933, "target": "773.xyz", "model": "5.xyz", "model_rescale": 3.6523030999806103, "target_rescale": 4.167802217110983},
{"mapping": [14, 8, 10, 13, 3, 9, 11, 12, 7, 5, 4, 2, 15], "R": [[0.9145315405735319, 0.3737860284792352, -0.1546482014441908], [0.40443321670601623, -0.8372216229902683, 0.3680947258823005], [0.0081138474860665, -0.3991791063060063, -0.9168370665323862]], "T": [0.09058116787567008, -0.19971893724959008, -0.04809231546582929], "aligned_model": [[0.12789605110387814, -0.21048813566994215, 0.17410460217680016, 0.6278136348393136, 0.6334373794304097, -0.4195505238014223, -0.3564697525631022, 0.4731603392325251, -0.581151411595352, -0.27002486813757987, 0.18582002424563987, 0.43131483497890444, 0.06522073042422204], [-0.5102765357666064, -0.07858568526471804, 0.3769998638885327, -0.27312798208602385, 0.27162183167293663, -0.6546857767038533, 0.4431937250723573, -0.539970609906589, -0.1049223340865322, 0.06658713837515454, 0.5835816378990742, 0.1417982661710819, -0.18138663510163214], [0.6999609843261047, 0.6089633113791464, 0.3031029256755172, 0.3978044442145774, -0.012170880544218388, 0.293545919737931, 0.011919450170085139, -0.2183625644358146, -0.029579250556831957, -0.7593804752317299, -0.31100400849186804, -0.6113008061686196, -0.0033893105924900496]], "inverted": true, "swapped": true, "error_lsq": 0.049887488812098583, "error_max": 0.3092921620221698, "target": "773.xyz", "model": "6.xyz", "model_rescale": 4.08911054899281, "target_rescale": 4.167802217110983},
{"mapping": [6, 1, 5, 9, 8, 10, 7, 11, 14, 0, 13, 12, 3, 2, 15], "R": [[0.17116892023398345, -0.12072314239201137, 0.9778175308496624], [0.5809885818624108, -0.7891749128898702, -0.19913619613413003], [0.7957094120917745, 0.6021867482403311, -0.06494345041879845]], "T": [0.017262400980465116, -0.03085919053745195, 0.028277995849884545], "aligned_model": [[0.08846927324073403, 0.35620220346297965, 0.7752229287521575, -0.4930093314049611, -0.46299970626019044, 0.022295917245400247, 0.078584064778165, 0.32512139879460483, -0.7824307163755719, -0.2833255557004845, -0.4206836155110621, -0.03417097469872583, 0.21515054199329392, 0.6617748768010686, -0.009867765317853376], [-0.6637431237386451, -0.5292049236054082, -0.26547596432988513, -0.3696875409499824, 0.31837616803265134, 0.6421477513188357, -0.12305120681918313, 0.408578948966133, 0.0994674789923016, -0.7767617828825847, 0.2762689273443967, -0.29400113523686333, 0.5198296599558985, 0.05811864730889145, -0.00010308818744315246], [-0.3887919940338262, 0.18772041862535946, -0.24981783860703566, -0.42862895276719726, -0.40116473574035993, -0.07149753717918647, -0.6412696675388863, -0.5452284015584522, -0.0021857383148221193, 0.20161571527722225, 0.4829285622882016, 0.496509675248384, 0.4474765287047475, 0.38412044555676716, -0.007716447878835457]], "inverted": true, "swapped": true, "error_lsq": 0.04118002764003951, "error_max": 0.24365047631088357, "target": "773.xyz", "model": "7.xyz", "model_rescale": 3.964800864290218, "target_rescale": 4.167802217110983},
{"mapping": [8, 13, 10, 9, 11, 0, 7, 3, 12, 1, 6, 5, 2, 15], "R": [[-0.9612553495275128, 0.10603689442799107, -0.25444907157387386], [0.25194274107201287, 0.7125219032643464, -0.6548567725767781], [0.11186155830248372, -0.6935911723693003, -0.7116307170053296]], "T": [0.06203495411605109, -0.07881581468464105, 0.04004939993169784], "aligned_model": [[-0.23001013797330805, 0.3682794004024201, 0.39396037655086213, -0.6685806304853138, 0.06058438798330773, -0.38860254872347244, -0.42467003370074996, 0.7590324045396627, 0.20497625881077078, 0.02084373709276245, -0.5674501452150813, 0.05590407031149497, 0.6328934331013734, 0.04402731676614383], [-0.018610599493378233, -0.5958971682050278, 0.18383852809907547, -0.21711384396836508, 0.6424285723112871, -0.613652454175084, 0.38674264604424125, -0.06811178105161282, -0.5037752750898901, -0.09669022921620885, 0.06943308928545669, 0.5589529468190305, 0.14778334945624091, -0.06437931463456308], [-0.6293705604017282, -0.32281799275798184, -0.49263910869440675, -0.13607661814432975, -0.2707512740356376, 0.4732299304708909, -0.043181377695170206, -0.13946470571417705, 0.34022804875691803, 0.6618486718030406, 0.4417092562960603, 0.5878631497234048, 0.45563411080401484, -0.00939649168587689]], "inverted": false, "swapped": true, "error_lsq": 0.044297456353756974, "error_max": 0.32028559567488896, "target": "773.xyz", "model": "8.xyz", "model_rescale": 4.121658175737393, "target_rescale": 4.167802217110983},
{"mapping": [5, 1, 2, 4, 6, 7, 12, 8, 13, 9, 11, 10, 15], "R": [[0.8544468448592628, 0.04693334652558118, -0.5174145826065984], [0.30363977726724634, -0.8532302034747038, 0.42402960455564], [-0.421572621230492, -0.5194184063569803, -0.7432906861830215]], "T": [0.06906175452761165, -0.13089863034252505, -0.05028699115926908], "aligned_model": [[-0.5460907011093968, -0.2167820304699234, 0.14758180472796206, 0.1218745831555737, -0.6222653701615789, -0.5018342349386101, 0.28717023315930523, 0.12240001353670321, 0.7390400472307403, -0.2739894158868494, -0.22166688586968142, 0.3717269761244768, 0.0695724769364765], [0.2046347985681897, -0.3670216967202523, 0.19765570810496144, 0.6489424646374117, -0.44968788622469125, 0.03415938267684543, -0.5019272438726129, -0.008462132152847412, -0.2815760913521216, -0.5439122989449254, 0.552667706968564, 0.4169397916499623, -0.11202506392677396], [-0.5149279920988971, -0.5514753526134236, -0.7104565788664567, -0.33456055805129087, -0.050578583292724584, 0.2774131910436902, -0.37570432363741585, 0.6702700302342098, 0.09551054574526313, 0.49347900229225955, 0.20467682784576444, 0.2165194257209835, 0.0009097996371269304]], "inverted": true, "swapped": true, "error_lsq": 0.04262949910964811, "error_max": 0.3224385126616552, "target": "773.xyz", "model": "9.xyz", "model_rescale": 3.833441315466971, "target_rescale": 4.167802217110983},
{"mapping": [6, 9, 12, 13, 14, 0, 8, 10, 2, 3, 5, 11, 7, 1, 15], "R": [[-0.3461695299601719, -0.6850034195016179, 0.6410436582622467], [0.7975094403612988, -0.574729540231712, -0.1834792852603619], [0.49411066479257637, 0.44772343121187624, 0.7452505485285487]], "T": [-0.0921208816340375, 0.04805112913819852, 0.11241755191257576], "aligned_model": [[0.12441685796248858, -0.16235010615910364, -0.5229162418331711, -0.6435537193214913, -0.5623036096461684, -0.5720381851697275, -0.01713313025621918, 0.12649759698323385, 0.08621403898365834, -0.15263812504397012, 0.5539541513765214, 0.6195675254102059, 0.416717011226752, -0.09360174529695994, -0.07698730092151664], [-0.6787728738234257, -0.4257739649995743, -0.06354182259661392, 0.46586262417856894, 0.1419806572266249, -0.6190132780673839, 0.23930100430761148, 0.6598851723183464, 0.2568524802853839, 0.7042725728837737, -0.23911176564379072, 0.3028981041929633, -0.23936160072005358, -0.37021963683135917, 0.06584386658390731], [0.04609904716337994, -0.48298440290233047, 0.41752794429588114, -0.00669127164478682, -0.5414384015425779, 0.1508131291524849, -0.5910299652722508, -0.0895326931402096, 0.8012832049807188, 0.40199727561125975, 0.5674021768482281, -0.10052671177642618, -0.23259217167618185, 0.5746922742720071, 0.06310247345289659]], "inverted": true, "swapped": true, "error_lsq": 0.047510995448359364, "error_max": 0.26688978319868933, "target": "773.xyz", "model": "10.xyz", "model_rescale": 4.2482417240324, "target_rescale": 4.167802217110983},
{"mapping": [1, 5, 11, 4, 9, 8, 7, 10, 2, 13, 12, 15], "R": [[-0.5242937248221431, 0.8502688416931761, -0.0464649002782504], [0.07626305322249144, 0.10123201026619078, 0.9919354952871933], [0.8481155798741742, 0.5165220004445219, -0.11791940566116738]], "T": [-0.12455486456563397, 0.131258263878588, -0.12404458698247686], "aligned_model": [[-0.5411333929282229, -0.1438069572418292, 0.4294389851939195, 0.5480972661691097, -0.5286325984435993, 0.14073879486975882, -0.13354529314173919, 0.536777011825901, 0.07989078967441018, 0.023600571201399356, -0.4368963305271258, -0.09776324428897541], [-0.32306689223325613, -0.6433213053475024, -0.032343682002313384, -0.3577185374798538, 0.5737731764033861, 0.7034652251204454, 0.08855254044632696, 0.2889675032854764, -0.49403267225143754, 0.6019791157964852, 0.0930522780201294, 0.16682464029275373], [-0.2173265669445583, 0.20236364393720183, 0.4080436073860505, -0.13795817286040432, 0.35013637930222297, 0.2490995605158481, 0.5531918423732668, -0.09783805844225113, -0.4663170746083538, -0.6233474791626602, -0.56235166207013, -0.09250372957187628]], "inverted": false, "swapped": true, "error_lsq": 0.045439601517209834, "error_max": 0.2515949944347883, "target": "773.xyz", "model": "11.xyz", "model_rescale": 3.6694154284099745, "target_rescale": 4.167802217110983},
{"mapping": [8, 10, 3, 4, 11, 9, 7, 0, 2, 1, 12, 5, 13, 15], "R": [[-0.13985781218485593, -0.5240441187666394, 0.8401294864227551], [0.9587722228168807, 0.14030346781326086, 0.2471249920067805], [-0.24737747901869245, 0.8400551758698175, 0.4828164085536931]], "T": [-0.05529201582083242, 0.029615287894414324, 0.009956596191161557], "aligned_model": [[-0.2043422083783984, 0.10812532809244263, 0.004110596018427941, 0.5909023211529546, 0.5583259508407592, -0.33048820972574156, 0.3046158198269928, -0.5205705524450278, 0.34288852966248573, 0.07748458976404674, -0.36840279966421874, 0.6923417333995577, -0.6004834732311887, -0.056242775057282354], [-0.37545204691728223, 0.21587582849648668, 0.6737343828443579, 0.46970128331392363, -0.1529638379779139, -0.6831827555833258, -0.5397755711626016, -0.2393533350611709, 0.6113734153506387, 0.09605921965654314, 0.2943848956832684, -3.61841805655988e-05, 0.3592658870522734, 0.0013561066216220968], [-0.5822786454228579, -0.623699950991089, -0.30583963175719464, -0.2737862180250467, -0.44493952671996895, 0.021439439220244563, -0.07259149481028739, 0.6328061166752926, 0.2400586832456777, 0.6154366722430372, 0.3606540051046017, 0.39342895839925146, -0.28487944122414904, -0.03671350628509618]], "inverted": true, "swapped": true, "error_lsq": 0.04260436755366054, "error_max": 0.2191167963770621, "target": "773.xyz", "model": "12.xyz", "model_rescale": 3.9764082729961374, "target_rescale": 4.167802217110983},
{"mapping": [0, 7, 3, 14, 11, 8, 2, 1, 12, 9, 13, 10, 4, 6, 5, 15], "R": [[0.2962439976800223, 0.7549886260706398, 0.5850056994102939], [-0.11340792491365093, 0.6359714567142518, -0.763334100385626], [-0.9483554905231157, 0.15978886303094075, 0.2740244201634967]], "T": [0.03454752679745222, 0.07065291069417148, 0.042957873995088644], "aligned_model": [[0.45462145768792905, 0.10075247159984752, -0.397072739698642, -0.7256332395272953, -0.31760121245432593, 0.1584809281023589, 0.6331759906133168, 0.5954734069508986, 0.28183129377172345, 0.5009786984926408, -0.30779456673575767, 0.2888213921319948, -0.1878962634822839, -0.6046845310288088, 0.10196062578137424, -0.03779045580360579], [-0.5130935321444796, -0.5886398735045465, -0.13107679711132508, 0.24391423410479876, 0.554918095774192, 0.1922585192058937, -0.19488241096818146, 0.3299925697000282, 0.575438243361576, -0.02740290082432298, 0.5362884569980106, 0.7380044560956691, -0.5830381912317839, 0.0047540980021002766, -0.25534431384057676, -0.0020802287120054025], [0.1423858205780587, -0.3203376378271814, -0.6509099216635379, -0.13286520723996215, -0.478600554862319, -0.6422467849704206, -0.41244795509062765, -0.10342408015843148, 0.34504402307038207, 0.4094631896674883, 0.24411943891374627, -0.32600501738604937, 0.24062027610546288, 0.4561146583181963, 0.812376608830512, 0.010311565193011497]], "inverted": true, "swapped": false, "error_lsq": 0.043294592681506726, "error_max": 0.28056140057880763, "target": "773.xyz", "model": "13.xyz", "model_rescale": 4.170626492500431, "target_rescale": 4.167802217110983},
{"mapping": [10, 11, 8, 7, 13, 0, 9, 4, 3, 5, 2, 6, 12, 15], "R": [[0.9868054885032798, -0.08558532453608553, 0.1374411877271767], [0.14851761031479918, 0.816526503635673, -0.5578772161388966], [-0.06447826987587038, 0.5709287355568614, 0.8184637631741911]], "T": [-0.002447791743855513, 0.13672009681346428, 0.07696845873148683], "aligned_model": [[0.33970535214284264, -0.05194590686046534, -0.2500576057234942, -0.5250266140282163, 0.378124842769598, -0.42870434597736834, -0.701497902365523, 0.5088411448644602, 0.7012742303206565, -0.11020997595235839, 0.5121767621979298, -0.6706558281974715, 0.15933374934347638, -0.018174880442423203], [-0.2316949694750923, -0.6207152428643146, 0.00026075404119021983, -0.29260744117370463, 0.5641241691063875, 0.7680947995862664, 0.3086470753132252, -0.511435745858636, 0.03898479797981569, -0.4070014162294193, -0.0718705451080496, 0.10609525186166775, 0.5886930477859749, 0.11649993296035498], [-0.38142046142695735, -0.1246109838237962, -0.5991279211091703, 0.020905748378359137, -0.3296293284784799, 0.38751812724945006, -0.1793826842604077, 0.17811397782483812, -0.038653612613920835, 0.709139885842815, 0.5684852424862217, 0.4404516177820581, 0.3232958127522951, 0.02878768051756192]], "inverted": true, "swapped": true, "error_lsq": 0.04251910999002876, "error_max": 0.2559167354368579, "target": "773.xyz", "model": "14.xyz", "model_rescale": 3.9786697098870705, "target_rescale": 4.167802217110983},
{"mapping": [2, 12, 5, 4, 1, 6, 13, 9, 7, 10, 0, 15], "R": [[-0.46629894730232296, -0.7075423087050843, 0.5309888634774038], [-0.8164766320257393, 0.5752513140423963, 0.049516008001477055], [-0.34048671207647957, -0.4104507364895035, -0.8459308433994905]], "T": [-0.019519956641188295, -0.08369249635288109, 0.06866987312308478], "aligned_model": [[0.03897956489113622, -0.4837104937699156, 0.5668944705162027, 0.4309725861569334, -0.06479214127885119, 0.24967523527634886, -0.5716324689226451, 0.031073184328791255, 0.5527017877684034, 0.18839416501146458, -0.4569649708323901, 0.001763677621857914], [-0.37985901247495724, 0.027950331614817123, 0.09978883673509731, -0.6826329236058571, 0.2804916247782111, 0.6264547450342999, -0.4407684254949149, 0.4562742674557241, 0.19814874851677614, -0.6853358080256746, 0.6113160555461931, -0.09715394985527555], [-0.6086782182141617, -0.18271231596317997, -0.5052109554266504, -0.291995654209389, -0.43528538358979585, 0.015899500549463874, 0.3146375261320483, 0.6070211336197302, 0.3003627210522729, 0.30891116974124966, 0.019938627586983837, 0.11707834259525858]], "inverted": true, "swapped": true, "error_lsq": 0.051330500567703885, "error_max": 0.267339979558322, "target": "773.xyz", "model": "15.xyz", "model_rescale": 3.769337070930944, "target_rescale": 4.167802217110983},
{"mapping": [1, 9, 2, 12, 5, 7, 4, 8, 3, 13, 15], "R": [[0.07346761713410341, 0.919385510511751, -0.38643601319453125], [-0.8140247042028064, -0.16857751279300967, -0.5558285735081061], [-0.5761651587697492, 0.35540386216467845, 0.736017530075378]], "T": [-0.08207047666626455, -0.020469168061304006, 0.00671834083364007], "aligned_model": [[-0.32419361968374827, -0.2392651632397874, 0.05206924562373297, -0.5643656648601183, 0.3139738628305586, 0.31790876537330803, 0.5610034904177705, 0.17443838263274608, 0.0787402051848291, -0.39426260600754576, -0.053420767580575096], [0.20354940259179888, -0.762021565237163, 0.680672057025506, 0.21905764701366032, 0.2295665304501025, -0.4784609559551518, 0.5057686478137182, -0.5648392848654583, 0.5358045946203016, 0.08402932921217038, -0.05706190504414284], [-0.5222831801209918, -0.0899032114477322, -0.19414169381073296, -0.02716730644338742, -0.6915062046883867, -0.2946351327246012, 0.04252927662975662, 0.42493176490592655, 0.4343218510080835, 0.6267567833209334, 0.03531466059490946]], "inverted": false, "swapped": true, "error_lsq": 0.04414256412846737, "error_max": 0.21732847929803942, "target": "773.xyz", "model": "16.xyz", "model_rescale": 3.7852294659196426, "target_rescale": 4.167802217110983},
{"mapping": [3, 5, 7, 11, 2, 1, 0, 6, 8, 13, 12, 9, 15], "R": [[0.22202694544358653, 0.48032470196076194, 0.8485235507534816], [-0.14100764945618738, -0.8452785943715122, 0.5153842650801067], [0.9647905877918959, -0.2340775055053901, -0.11994516715792441]], "T": [0.03167115931870025, 0.09611889060387341, -0.09130307866641868], "aligned_model": [[-0.07001384926708411, -0.5661329499719941, 0.21844156391743236, 0.20213369163202233, -0.5991007958741126, -0.5171002924510346, -0.1087062524938369, -0.11985236946618215, 0.7433095291799542, 0.3282082543574272, -0.22930177166622517, 0.4905673744416037, 0.08131371787831235], [-0.01029714578098287, -0.41376752276119894, -0.3334220181856014, -0.6705159705738106, -0.08886507672135568, 0.24374859872062454, 0.7444119431149181, 0.0870132823898776, -0.07409849049578449, 0.5004017651433016, 0.559561871002249, 0.2573849899177863, 0.07349939793285108], [-0.7959172444251807, 0.2079168700800934, 0.3997826689466738, -0.08882445844730541, -0.43458854078863607, 0.16502855917475495, 0.39529743742847206, 0.6546979777313127, -0.05086843071066849, -0.5826813854090509, -0.18209797939819006, 0.49806383639365, -0.09005461343275128]], "inverted": false, "swapped": true, "error_lsq": 0.045861350571085355, "error_max": 0.22262835082950685, "target": "773.xyz", "model": "17.xyz", "model_rescale": 3.901054581598922, "target_rescale": 4.167802217110983},
{"mapping": [4, 3, 5, 11, 12, 6, 13, 10, 1, 9, 0, 14, 8, 7, 15], "R": [[0.35458826787864295, -0.5642207470207663, -0.7456018434219114], [-0.7907547775681589, -0.6064946665399358, 0.08289210584696063], [-0.49897298728083017, 0.5601956516164158, -0.6612161445957774]], "T": [0.014482164648079034, -0.05247489814356851, -0.015441033171554904], "aligned_model": [[0.06393272160513067, 0.33226175267271474, -0.6255656139844354, 0.18640582923867774, -0.16939978370112643, -0.5305783207204382, 0.5188081070998631, 0.5506201737957309, -0.5889891872876521, 0.05399557020783611, -0.4032234493340813, 0.5990105768250237, 0.5860133551125487, -0.08990104109231487, 0.055695520651557105], [-0.015011736987756832, -0.46636399938834083, 0.23927532327164477, 0.527939304841576, -0.5223056661352935, 0.36415470408450945, -0.514497288169429, 0.04919749146029509, -0.20682347360791373, 0.39377873836654187, -0.23348464611457254, -0.03679343446716045, 0.36874784454721576, 0.6178613161200582, -0.0169171279942687], [-0.8448407818413728, -0.5112810090352985, -0.47599193667599987, -0.5157951431583186, 0.175808697039732, 0.31454186011234125, 0.14274299447358277, -0.42181228880291705, 0.010042102417030989, 0.6036245807112108, 0.6697795540354763, 0.5462553161947709, 0.16611222735778372, 0.00208877208804442, -0.011608540064090051]], "inverted": true, "swapped": true, "error_lsq": 0.041546429854077443, "error_max": 0.298608519336036, "target": "773.xyz", "model": "18.xyz", "model_rescale": 3.9405287249114394, "target_rescale": 4.167802217110983},
{"mapping": [3, 12, 4, 0, 7, 13, 14, 11, 5, 10, 8, 9, 1, 6, 2, 15], "R": [[-0.7316245309203113, -0.18668849576128554, -0.6556469715525445], [-0.13432804093922002, -0.9034350282753985, 0.4071377249807018], [-0.6683423697275716, 0.3859437202953544, 0.6358977288774632]], "T": [0.01639296875556901, 0.012052771806910924, -0.12578063341847445], "aligned_model": [[0.28696195338008296, -0.0029457586131561506, -0.5330238846071588, -0.657441516873561, -0.2461329331238074, 0.41766458070493245, 0.6943895515557859, 0.6410161478589178, 0.035716570890401096, 0.6463475729933403, -0.5074114907679194, 0.18183030136449493, -0.26254938140778644, -0.3812764288000278, 0.18990831050415247, 0.034569661342673856], [-0.7631860937287288, -0.4423138709813974, -0.04971406446684549, -0.07637737124974092, 0.5410742695523872, 0.19431459360366476, -0.2961703738169374, 0.36354038525230276, 0.6075975082372702, -0.16033488817792477, 0.49083394661838325, 0.7562973669228652, -0.44498631561403723, 0.11470571996000042, 0.033400655828973065, 0.011328956964812717], [0.10055036489205083, -0.43125735880755023, -0.6043106824162443, -0.02185059092903341, -0.5089802611673747, -0.6328226110996669, -0.33804953902915114, -0.05151392741164518, 0.454060472462694, 0.31164790729544806, 0.1362682749276769, -0.2137597137527671, 0.25999891740583947, 0.4984027355328843, 0.7255489015083362, -0.09033446793316861]], "inverted": true, "swapped": false, "error_lsq": 0.04449443553201725, "error_max": 0.286122584691866, "target": "773.xyz", "model": "19.xyz", "model_rescale": 4.410303926677745, "target_rescale": 4.167802217110983},
{"mapping": [8, 13, 10, 9, 11, 0, 7, 3, 12, 1, 6, 5, 2, 15], "R": [[-0.9612553495275128, 0.10603689442799107, -0.25444907157387386], [0.25194274107201287, 0.7125219032643464, -0.6548567725767781], [0.11186155830248372, -0.6935911723693003, -0.7116307170053296]], "T": [0.06203495411605109, -0.07881581468464105, 0.04004939993169784], "aligned_model": [[-0.23001013797330805, 0.3682794004024201, 0.39396037655086213, -0.6685806304853138, 0.06058438798330773, -0.38860254872347244, -0.42467003370074996, 0.7590324045396627, 0.20497625881077078, 0.02084373709276245, -0.5674501452150813, 0.05590407031149497, 0.6328934331013734, 0.04402731676614383], [-0.018610599493378233, -0.5958971682050278, 0.18383852809907547, -0.21711384396836508, 0.6424285723112871, -0.613652454175084, 0.38674264604424125, -0.06811178105161282, -0.5037752750898901, -0.09669022921620885, 0.06943308928545669, 0.5589529468190305, 0.14778334945624091, -0.06437931463456308], [-0.6293705604017282, -0.32281799275798184, -0.49263910869440675, -0.13607661814432975, -0.2707512740356376, 0.4732299304708909, -0.043181377695170206, -0.13946470571417705, 0.34022804875691803, 0.6618486718030406, 0.4417092562960603, 0.5878631497234048, 0.45563411080401484, -0.00939649168587689]], "inverted": false, "swapped": true, "error_lsq": 0.044297456353756974, "error_max": 0.32028559567488896, "target": "773.xyz", "model": "20.xyz", "model_rescale": 4.121658175737393, "target_rescale": 4.167802217110983},
{"mapping": [14, 8, 10, 13, 3, 9, 11, 12, 7, 5, 4, 2, 15], "R": [[0.9145315405735319, 0.3737860284792352, -0.1546482014441908], [0.40443321670601623, -0.8372216229902683, 0.3680947258823005], [0.0081138474860665, -0.3991791063060063, -0.9168370665323862]], "T": [0.09058116787567008, -0.19971893724959008, -0.04809231546582929], "aligned_model": [[0.12789605110387814, -0.21048813566994215, 0.17410460217680016, 0.6278136348393136, 0.6334373794304097, -0.4195505238014223, -0.3564697525631022, 0.4731603392325251, -0.581151411595352, -0.27002486813757987, 0.18582002424563987, 0.43131483497890444, 0.06522073042422204], [-0.5102765357666064, -0.07858568526471804, 0.3769998638885327, -0.27312798208602385, 0.27162183167293663, -0.6546857767038533, 0.4431937250723573, -0.539970609906589, -0.1049223340865322, 0.06658713837515454, 0.5835816378990742, 0.1417982661710819, -0.18138663510163214], [0.6999609843261047, 0.6089633113791464, 0.3031029256755172, 0.3978044442145774, -0.012170880544218388, 0.293545919737931, 0.011919450170085139, -0.2183625644358146, -0.029579250556831957, -0.7593804752317299, -0.31100400849186804, -0.6113008061686196, -0.0033893105924900496]], "inverted": true, "swapped": true, "error_lsq": 0.049887488812098583, "error_max": 0.3092921620221698, "target": "773.xyz", "model": "21.xyz", "model_rescale": 4.08911054899281, "target_rescale": 4.167802217110983},
{"mapping": [2, 14, 9, 5, 10, 12, 3, 13, 0, 4, 6, 7, 15, 8, 1, 16], "R": [[-0.5350521071655231, 0.8445301995383687, -0.022090375402350704], [-0.14804637233054363, -0.06798721762577536, 0.9866407704323148], [0.8317460635659779, 0.531174623176963, 0.1614063364162377]], "T": [-0.032190439258187216, 0.01364294121576965, 0.009634813712260586], "aligned_model": [[0.3684071020433836, 0.1515020987055204, -0.40812590365918655, -0.6997195467800349, -0.3976239201527083, 0.16100810777433286, 0.7054765017990684, 0.5253896243663516, 0.3394849047712386, 0.6265497685352468, -0.24379083530813506, 0.16329292209657847, -0.11211356638871636, -0.5381568226930381, -0.11122368749973907, 0.007266508791202143], [-0.46530444943243193, -0.3933714900280657, -0.11572389140052636, 0.11900622779429432, 0.5550918781928295, 0.15414967238337088, -0.30438970972327056, 0.24022341902969097, 0.4755212288725648, 0.0017156000286176233, 0.6689256772620462, 0.6679611448439279, -0.7071133950292818, 0.15747696433300754, -0.21260767238757033, 0.038449220165845024], [0.37210527632634444, -0.4512544248285981, -0.5815372092953837, -0.19293004602561417, -0.4641022746634147, -0.6888647825332946, -0.3204887090824588, -0.2633042376349375, 0.5082381472461521, 0.23813265404390896, 0.2949310400850956, -0.18898575884681754, 0.08466557677955783, 0.4613778941106664, 0.7663136007695832, 0.019301675027538816]], "inverted": true, "swapped": false, "error_lsq": 0.04600503662306147, "error_max": 0.3414538206659382, "target": "773.xyz", "model": "22.xyz", "model_rescale": 4.204369325754507, "target_rescale": 4.167802217110983},
{"mapping": [3, 12, 4, 0, 7, 13, 14, 11, 5, 10, 8, 9, 1, 6, 2, 15], "R": [[-0.7316245309203113, -0.18668849576128554, -0.6556469715525445], [-0.13432804093922002, -0.9034350282753985, 0.4071377249807018], [-0.6683423697275716, 0.3859437202953544, 0.6358977288774632]], "T": [0.01639296875556901, 0.012052771806910924, -0.12578063341847445], "aligned_model": [[0.28696195338008296, -0.0029457586131561506, -0.5330238846071588, -0.657441516873561, -0.2461329331238074, 0.41766458070493245, 0.6943895515557859, 0.6410161478589178, 0.035716570890401096, 0.6463475729933403, -0.5074114907679194, 0.18183030136449493, -0.26254938140778644, -0.3812764288000278, 0.18990831050415247, 0.034569661342673856], [-0.7631860937287288, -0.4423138709813974, -0.04971406446684549, -0.07637737124974092, 0.5410742695523872, 0.19431459360366476, -0.2961703738169374, 0.36354038525230276, 0.6075975082372702, -0.16033488817792477, 0.49083394661838325, 0.7562973669228652, -0.44498631561403723, 0.11470571996000042, 0.033400655828973065, 0.011328956964812717], [0.10055036489205083, -0.43125735880755023, -0.6043106824162443, -0.02185059092903341, -0.5089802611673747, -0.6328226110996669, -0.33804953902915114, -0.05151392741164518, 0.454060472462694, 0.31164790729544806, 0.1362682749276769, -0.2137597137527671, 0.25999891740583947, 0.4984027355328843, 0.7255489015083362, -0.09033446793316861]], "inverted": true, "swapped": false, "error_lsq": 0.04449443553201725, "error_max": 0.286122584691866, "target": "773.xyz", "model": "23.xyz", "model_rescale": 4.410303926677745, "target_rescale": 4.167802217110983},
{"mapping": [14, 9, 10, 1, 3, 8, 15, 5, 12, 6, 0, 2, 11, 7, 13, 16], "R": [[0.6944362852043808, -0.1378319156766289, -0.7062298555091329], [0.7131797091813261, 0.2621961673426374, 0.6500983558223101], [0.0955664596162234, -0.955120690201894, 0.28037745798241054]], "T": [0.0336981392493428, -0.014089039863774397, -0.02644337905047434], "aligned_model": [[0.30100028186242483, 0.1550816948252951, -0.2674626149955882, -0.81372624693328, -0.43348622090868444, 0.26609221301945424, 0.6715746601878636, 0.5143235883252049, 0.27432104632049575, 0.6513116288112221, -0.19420748717625885, 0.026203380805319434, -0.3372249058884602, -0.4078397861644358, 0.176710954503778, -0.045048930192985615], [-0.5951821208097892, -0.5056676493098146, -0.16063334764011822, 0.11678680453331126, 0.6166551247492326, -0.08012876284416283, -0.2848442263852651, 0.3903250769385922, 0.5009129949251082, -0.05018666245151178, 0.6601313572395976, 0.867503337984005, -0.5257969976353395, 0.03976969381502611, -0.17569062255730472, 0.06605642435348014], [0.19498468115364573, -0.39527462338753055, -0.5846645827292591, -0.05928805330204831, -0.4659334893651843, -0.8121522416195938, -0.19708734712972076, -0.058853767192554585, 0.5419309303088028, 0.41531292131717085, 0.2262851168883353, -0.26230914404180067, 0.009508632711267156, 0.467595479654092, 0.6425998833571848, -0.0690559751444785]], "inverted": true, "swapped": false, "error_lsq": 0.03647976797997056, "error_max": 0.27413675529421844, "target": "773.xyz", "model": "24.xyz", "model_rescale": 4.28219845311461, "target_rescale": 4.167802217110983},
{"mapping": [7, 9, 11, 14, 10, 5, 3, 1, 0, 4, 6, 8, 13, 2, 4, 15], "R": [[-0.04082614793489092, -0.7498687007348599, -0.6603257963331526], [-0.8828524436599703, 0.33653715763457726, -0.327588620459959], [0.4678726198105823, 0.5695960614237544, -0.6757629306510748]], "T": [-0.020176935528930524, -0.03132074564377832, -0.06898275189147875], "aligned_model": [[0.2739336223082333, 0.1782756225563616, -0.30726328532945474, -0.7645095720244994, -0.4784541692727884, 0.3397764229602993, 0.7393521266394509, 0.5123036929310636, 0.16840380307071917, 0.4051732869474132, -0.31650258095108863, 0.061523331981738226, -0.2951669978183836, -0.3819617135813433, 0.4051732869474132, -0.0024336209637693534], [-0.7242125412324526, -0.5106406854076386, -0.05588487739904893, 0.1301058521849977, 0.48490533155517246, 0.22993476668125792, -0.18169840480694682, 0.3192546452660431, 0.48446876250885207, -0.1351170901930946, 0.7876400092832073, 0.5835629026754622, -0.48691842811665464, 0.07893277536257179, -0.1351170901930946, 0.010794496736413785], [0.12836451848447628, -0.5022755644478872, -0.5309947673606821, -0.0615662395297802, -0.46038718860590677, -0.7952470411872203, -0.09238164515696258, -0.12762296377672872, 0.5343021396354719, 0.516638354390763, 0.162731573767478, -0.3807346119454804, 0.19507723050720183, 0.5017500751503765, 0.516638354390763, -0.010693802837553952]], "inverted": false, "swapped": false, "error_lsq": 0.04766739151291461, "error_max": 0.45985592212218696, "target": "773.xyz", "model": "25.xyz", "model_rescale": 4.100010024507729, "target_rescale": 4.167802217110983},
{"mapping": [1, 5, 11, 4, 9, 8, 7, 10, 2, 13, 12, 15], "R": [[-0.5242937248221431, 0.8502688416931761, -0.0464649002782504], [0.07626305322249144, 0.10123201026619078, 0.9919354952871933], [0.8481155798741742, 0.5165220004445219, -0.11791940566116738]], "T": [-0.12455486456563397, 0.131258263878588, -0.12404458698247686], "aligned_model": [[-0.5411333929282229, -0.1438069572418292, 0.4294389851939195, 0.5480972661691097, -0.5286325984435993, 0.14073879486975882, -0.13354529314173919, 0.536777011825901, 0.07989078967441018, 0.023600571201399356, -0.4368963305271258, -0.09776324428897541], [-0.32306689223325613, -0.6433213053475024, -0.032343682002313384, -0.3577185374798538, 0.5737731764033861, 0.7034652251204454, 0.08855254044632696, 0.2889675032854764, -0.49403267225143754, 0.6019791157964852, 0.0930522780201294, 0.16682464029275373], [-0.2173265669445583, 0.20236364393720183, 0.4080436073860505, -0.13795817286040432, 0.35013637930222297, 0.2490995605158481, 0.5531918423732668, -0.09783805844225113, -0.4663170746083538, -0.6233474791626602, -0.56235166207013, -0.09250372957187628]], "inverted": false, "swapped": true, "error_lsq": 0.045439601517209834, "error_max": 0.2515949944347883, "target": "773.xyz", "model": "26.xyz", "model_rescale": 3.6694154284099745, "target_rescale": 4.167802217110983},
