[{"mapping": [12, 4, 2, 5, 10, 13, 0, 7, 1, 8, 9, 14], "R": [[0.015046519675528447, -0.06770516780853558, -0.9975919067923877], [-0.01783832224844381, -0.9975642424652751, 0.06743423769897994], [-0.9997276611682877, 0.016780715321460173, -0.016217616603111107]], "T": [0.01668915610320107, -0.07724006137063145, -0.04288351307246563], "aligned_model": [[-0.2987341758032348, -0.009146886679337319, 0.43290085438974535, -0.1807993069085349, -0.12309755789703225, -0.5433325882605531, 0.31421062191628757, -0.10924833529288874, 0.6435168167570144, 0.20787737426250835, -0.5875383445474892, 0.09103399052406383], [-0.3750434268003264, -0.7447282739554177, -0.2063866099183273, 0.6084437044494644, 0.3780185621403023, -0.4884848168390926, -0.19695806446824835, -0.5078874827305735, 0.15441813039172603, 0.34671897493094306, 0.15171325675275188, -0.06626891797614459], [-0.5729061501881123, 0.01060318542486572, -0.641154764532235, 0.08425439714293445, -0.7470568300175529, 0.08850981925165402, 0.5419379545422333, 0.6568513480691025, 0.12727876509348093, 0.4758608841222802, 0.1804754604162211, -0.02270232397130956]], "inverted": false, "swapped": true, "error_lsq": 0.04271627989861762, "error_max": 0.23291407936598274, "target": "774.xyz", "model": "0.xyz", "model_rescale": 3.751011558992144, "target_rescale": 4.220135868509312},
{"mapping": [4, 1, 7, 6, 11, 2, 0, 10, 8, 5, 3, 13, 12, 9, 14], "R": [[-0.7085931460319889, -0.5317433399510403, 0.4638370121219314], [-0.6089920527589034, 0.12883852264310713, -0.7826425204137828], [0.35640487240354246, -0.8370481799160989, -0.4151215622274524]], "T": [-0.032618424638400645, -0.015498108972967956, -0.013291901909754081], "aligned_model": [[-0.7044656163359282, -0.015221675266968493, 0.48195647193403873, 0.06029472456471553, 0.1555809108313532, 0.043323796552769606, 0.37596145583600615, -0.6285279243243058, -0.5125964494915252, -0.33962849249187327, 0.6292110953131367, 0.22467882677083711, 0.6047941241870147, -0.11700397724800499, -0.004112494494477488], [0.03384118759774425, -0.18397078480728138, 0.11645974325701568, 0.4863288050197809, 0.7596495986503058, -0.7599893656825887, -0.5541102917512968, 0.5373978192989156, -0.4705415246599676, -0.1928699619670588, -0.34919168377070725, -0.16720592078081226, 0.2983706191285465, 0.3323054936061654, 0.020995300521063593], [-0.4277324341117346, -0.6893095496412094, -0.4101253995502094, -0.5639847749050511, 0.008109743396215887, 0.3384233944758157, -0.3574777765963377, 0.09465117944948274, -0.06783397409146173, 0.5008774194209423, 0.17119705215578876, 0.6487391113776189, 0.20388721356186792, 0.5399723693730044, 0.01602456877650333]], "inverted": true, "swapped": false, "error_lsq": 0.038500796716800144, "error_max": 0.22865160705383022, "target": "774.xyz", "model": "1.xyz", "model_rescale": 3.9405287249114394, "target_rescale": 4.220135868509312},
{"mapping": [1, 3, 0, 12, 4, 8, 6, 2, 13, 9, 11, 5, 14], "R": [[-0.7826893425039828, -0.6129701371515736, 0.1080046484697032], [-0.02354384536933607, 0.20255907119173705, 0.978986981539165], [-0.6219671056220801, 0.7636998321581077, -0.1729725003743955]], "T": [-0.052199370005483484, -0.06311210636934954, -0.005030443871804596], "aligned_model": [[-0.2809690818977939, 0.4445467277532025, -0.40380748288115276, 0.51996793242444, 0.32691127468963255, -0.705191803216865, 0.03306674670597386, 0.5229186026774038, 0.0630808822496297, -0.4162894393135024, 0.060044648112134044, -0.5994066957460913, -0.06888903227307946], [0.5874223309346593, 0.4320427960819459, 0.20893671681907844, -0.41013011237017344, -0.17982976953223473, 0.17806144962753617, 0.37434036840910206, 0.3383287498643842, -0.6751542128125926, -0.6331367991238308, -0.6066834920997698, -0.16717140922794832, 0.011805977001860729], [-0.006762403521476279, -0.44549534790437584, -0.5022514657826453, 0.14093462101877516, -0.5451424212867544, -0.03377321517394863, 0.6113428847139337, 0.23145223109412744, -0.3398822532148157, 0.09451852167605092, 0.46727854737467855, 0.4587192430179007, -0.01781859242280608]], "inverted": true, "swapped": true, "error_lsq": 0.046022310644953324, "error_max": 0.24921807865824752, "target": "774.xyz", "model": "2.xyz", "model_rescale": 3.932901565614263, "target_rescale": 4.220135868509312},
{"mapping": [6, 3, 2, 1, 10, 11, 12, 5, 8, 9, 4, 0, 13, 14], "R": [[-0.04652168024689407, 0.982202456607087, -0.18197271087173866], [-0.6992770577063154, -0.16211098198299567, -0.6962267059558314], [-0.7133353557988027, 0.09485970564740592, 0.6943733191964415]], "T": [0.07015220365205584, -0.0583638699429332, 0.07121582923897202], "aligned_model": [[-0.38910404094407886, 0.7070601289215683, 0.20630484071707955, -0.07659049404520789, -0.44354071373106024, -0.23506209291346597, 0.2943356054134861, -0.6237287235817364, -0.29403123102278783, -0.21115324505057625, 0.7323738957918183, 0.2614041906398243, 0.4224337894629923, 0.06910800239484813], [-0.0677604938275136, 0.19343720362994732, -0.2088987586076016, 0.5271768917336804, -0.5959023436593587, -0.7057324306080699, -0.6905515167295646, -0.01840232791003192, 0.4955508363998532, -0.29111073998697484, -0.12340132386482938, 0.5470350629601375, -0.4069268651053483, 0.008983443926162904], [-0.5350402748950265, -0.3944975040690688, -0.6405715026450298, -0.26216418211393305, -0.3408918944141262, 0.20870231597389116, -0.06728796223364159, 0.27678893527531734, 0.2855493843610054, 0.6492260925346334, 0.15059719990832704, 0.27562321995983824, 0.5756088640260428, 0.03225367138886808]], "inverted": false, "swapped": true, "error_lsq": 0.04859571390399308, "error_max": 0.26987575143891745, "target": "774.xyz", "model": "3.xyz", "model_rescale": 3.9243930471874484, "target_rescale": 4.220135868509312},
{"mapping": [11, 5, 10, 12, 2, 9, 13, 6, 1, 0, 3, 7, 14], "R": [[0.8995732261683039, 0.08959679815987914, -0.42748149026671034], [-0.3743824288775691, -0.34591909137137644, -0.8603358525439546], [-0.22495734642123055, 0.9339766570874775, -0.2776360861034085]], "T": [-0.026634706493030298, -0.03939785093300417, -0.050947058656402], "aligned_model": [[0.03162784564243209, -0.3176499576655552, 0.4789317037227994, 0.34867010046437324, 0.7043017389760824, -0.5185481626001301, -0.3314868046865009, 0.4835310675300006, 0.06266233619802522, -0.40247414004157306, 0.3983216659360888, -0.6468544503370217, -0.013827056827668466], [-0.6322732514304535, 0.03762514266472107, -0.29742689382082266, -0.6058969667798444, 0.058493801813357574, -0.4160609638041333, -0.6005557109037253, 0.2482865047578512, 0.642857289083096, 0.4097327160268074, 0.2550003374053902, -0.008625007777174704, 0.03667255644651769], [-0.4707667684176274, -0.7102690968047882, -0.6837854407709629, 0.03465534929249201, 0.01220859131377109, -0.3399899215041229, 0.25266101972737925, -0.536250729616066, -0.0966372870450363, 0.2682613777617597, 0.596112585410056, 0.501616811525243, -0.04074617550113274]], "inverted": false, "swapped": true, "error_lsq": 0.044104552317831655, "error_max": 0.269558969471316, "target": "774.xyz", "model": "4.xyz", "model_rescale": 3.8936222436046832, "target_rescale": 4.220135868509312},
{"mapping": [9, 0, 13, 11, 4, 3, 1, 2, 10, 5, 12, 14], "R": [[-0.5535950171681967, 0.7062631614301144, -0.441276448242238], [-0.7751794741205681, -0.630663082900293, -0.03688981931181068], [-0.3043506856714865, 0.3216464249349566, 0.8966126462736613]], "T": [-0.12011405965465358, -0.11478063967014196, -0.01536302153443371], "aligned_model": [[0.14994656793944663, -0.6558911674079718, -0.27816080548183275, 0.4779812182395665, -0.6243549074833291, -0.7030760184327259, -0.29044839287702995, -0.031042224047455436, 0.6664796104130002, 0.37968057920195486, 0.08870599961719217, -0.15227241746571846], [-0.39129508672949503, -0.5056668254596792, 0.08608423736847201, 0.07866346055803478, 0.2735598440115032, 0.3015292177528368, -0.43584319542153244, 0.3973669192119711, 0.14180484128719706, -0.6378001244677874, 0.5028084784875883, -0.14228886148930153], [-0.579283887836744, 0.055478014840365145, -0.6746697317577369, -0.3841526266589475, -0.22512879109029554, 0.4003121545039588, 0.5706733980693621, 0.5115246184309078, 0.179816611524166, -0.05990407493579482, -0.22531678455404403, 0.04993581874032117]], "inverted": true, "swapped": true, "error_lsq": 0.050240333840600816, "error_max": 0.26425384059175017, "target": "774.xyz", "model": "5.xyz", "model_rescale": 3.6523030999806103, "target_rescale": 4.220135868509312},
{"mapping": [10, 12, 13, 11, 9, 2, 4, 5, 3, 0, 7, 8, 14], "R": [[0.2844246455468633, 0.6502634057105454, -0.704457326031367], [0.5390018574966804, -0.7161375448417435, -0.44342306489758526], [-0.7928301322607948, -0.253583359197252, -0.5541803508945153]], "T": [0.049735182775587417, -0.10714239870042574, -0.022818576179691186], "aligned_model": [[0.27716847286739366, -0.08884312895803578, 0.16707552305940288, 0.4869376611663551, 0.6694243968532545, -0.47353761267677186, -0.38720232822845146, 0.6948253916114365, -0.7707132299222059, -0.07824951689393317, 0.014576722807398843, 0.3561957750182046, 0.013424777960246763], [-0.7274846330522418, -0.036944251595723426, 0.5212567938443803, -0.16930665203597306, 0.16125872124053875, -0.5529226935988504, 0.3853002994923431, -0.40223454654124563, -0.060723490369824495, 0.14316003440502134, 0.6267607219957019, -0.20662449376944764, -0.14066890585149583], [0.5120743204144889, 0.6442428829733317, 0.27943381866754124, 0.5569520273322083, 0.08369828741685936, 0.25159900586514994, 0.10229993738508644, -0.17150352731031906, -0.12603718785182433, -0.6276625068760773, -0.41152980741062384, -0.6405362843673499, -0.08292122675668194]], "inverted": true, "swapped": true, "error_lsq": 0.06207676341530211, "error_max": 0.4102399750153878, "target": "774.xyz", "model": "6.xyz", "model_rescale": 4.08911054899281, "target_rescale": 4.220135868509312},
{"mapping": [12, 10, 4, 5, 7, 9, 8, 13, 11, 1, 3, 0, 6, 2, 14], "R": [[-0.5447956158711197, -0.03741385065574704, -0.837733812560241], [0.6574300447697493, 0.6010983403359501, -0.4543858728871438], [0.5205607295615496, -0.7982988093592999, -0.3028787510108153]], "T": [-0.013405922065646517, 0.004025065451952613, -0.04893472498092024], "aligned_model": [[-0.5474192190656871, -0.18476133275302542, 0.5920788772123703, 0.15928176259001764, 0.019749078276233553, 0.021606808539847103, 0.28210630140321796, -0.6463055971727248, -0.48727973826343773, -0.3148367764187535, 0.6885911586805503, 0.4517981598561055, 0.3472057660270941, -0.07330188823962087, -0.054268584335398495], [0.23459816972088457, -0.24021638656122293, 0.026768184705720708, 0.43867664831740166, 0.7758503918540717, -0.7255818087712457, -0.5271505068444069, 0.32471481334378827, -0.322890583113923, -0.22340764119199538, -0.26705177168556815, -0.11578847598709249, 0.23220893680664428, 0.4408067121294679, -0.14406764906269942], [-0.4608421905919865, -0.7048755263103074, -0.4091019057069317, -0.6503981026392393, 0.0008184258142102871, 0.23567944488697587, -0.3582468819697891, 0.1313167915121428, -0.1633935734901183, 0.5798417558514651, 0.1963587385624628, 0.7596974908966461, 0.20997510047567555, 0.6261754953927746, 0.012413080407255424]], "inverted": false, "swapped": false, "error_lsq": 0.03909566366049923, "error_max": 0.2196432380775629, "target": "774.xyz", "model": "7.xyz", "model_rescale": 3.964800864290218, "target_rescale": 4.220135868509312},
{"mapping": [13, 0, 4, 9, 12, 8, 11, 3, 1, 6, 5, 10, 2, 14], "R": [[0.32263754384142385, 0.5349577060064663, -0.7808490686991135], [0.8793389230636859, 0.13585474618213214, 0.4564061199469022], [0.3502400229687791, -0.8338847286790232, -0.4265772914569426]], "T": [0.01308239646973507, -0.06518181207225346, 0.007031188676042771], "aligned_model": [[-0.201645477369229, 0.13041339689926465, 0.3728696759359796, -0.6414066617851685, 0.11307860649297337, -0.2510912183185274, -0.43503127838260436, 0.822982914154923, 0.2933408671659059, 0.1487113782198513, -0.5787877233971832, -0.14907359960529223, 0.5807324719426021, 0.05609453750737761], [0.12088788070691742, -0.7021393594934945, -0.020429577555013206, -0.017581775342957767, 0.5816831665636341, -0.6612034617455497, 0.5090639890637693, -0.16100715435158672, -0.5264132128658184, 0.11977457758950666, -0.17105697513038515, 0.5657176448185881, 0.29155035901546567, -0.11789763509187362], [-0.640487784378366, -0.152298943406945, -0.5565459515651411, -0.1847448123986128, -0.19463481248086, 0.25271481290862474, 0.0311195362392844, -0.13727075162542998, 0.4362798571737003, 0.73225320418124, 0.4117634199129916, 0.5532290541252374, 0.32064727410898275, 0.04479093593031536]], "inverted": false, "swapped": true, "error_lsq": 0.045447298550343095, "error_max": 0.29191457506945834, "target": "774.xyz", "model": "8.xyz", "model_rescale": 4.121658175737393, "target_rescale": 4.220135868509312},
{"mapping": [11, 12, 2, 6, 13, 9, 4, 0, 3, 7, 5, 1, 14], "R": [[0.08676601112406801, 0.2065367693861737, -0.9745841278233196], [0.19933827254881653, -0.9620890960286779, -0.18614194691142347], [-0.976081918903773, -0.1781211222574233, -0.12464731603562201]], "T": [-0.053799131461502225, 0.041060707703665156, -0.02745627341620678], "aligned_model": [[-0.6457754069093387, -0.23931506613175005, 0.42124262712806565, 0.20386448422749975, -0.48764445040175336, -0.711234794869591, 0.10022657566173135, 0.224950904383444, 0.6677946332124294, -0.10415878321315647, -0.4392777344513598, 0.47288545301937496, 0.013179054779601282], [0.17747654648046807, -0.2074400958132284, 0.15191944995524215, 0.6822670033906353, -0.5170656134500409, 0.05629407312727995, -0.6067252833502526, -0.12061116316717568, -0.3394036021607668, -0.5459117423066384, 0.6109634935827253, 0.38262650746790033, 0.06599786565556127], [-0.4300716760501306, -0.6381394214251536, -0.5841295761514101, -0.34528485309740925, -0.04431034440321213, 0.15948226866980564, -0.10307527434798232, 0.5565199209220746, -0.17061263006005312, 0.5589510743926955, 0.20045824834618253, 0.2579728557622751, 0.0033148414014066707]], "inverted": false, "swapped": true, "error_lsq": 0.04624574900390835, "error_max": 0.2651004945740905, "target": "774.xyz", "model": "9.xyz", "model_rescale": 3.833441315466971, "target_rescale": 4.220135868509312},
{"mapping": [3, 9, 11, 7, 6, 13, 8, 4, 2, 5, 10, 0, 12, 1, 14], "R": [[-0.9903757730962885, 0.08620893456261942, -0.10827671802149895], [-0.1261920139769611, -0.24113501854281005, 0.9622522945884814], [0.056845436689040005, 0.966655017280693, 0.24969315948518833]], "T": [0.06889309087554164, 0.06071601480929169, 0.026282592801136723], "aligned_model": [[-0.6022254580868591, -0.16151234315165375, 0.5986586416251549, 0.0948015365118017, -0.06863447681880762, -0.1459181902017223, 0.38486275153225147, -0.6057985237128267, -0.4192377118918071, -0.43350806560494626, 0.7603809142302285, 0.24035132416329003, 0.4958525500899068, 0.09814717540182266, 0.018024652250954953], [0.12450285847194036, -0.3627699594880203, 0.1694316717139769, 0.2716898597152248, 0.7038191665343437, -0.6215342038192795, -0.48849366291423, 0.4829092082944612, -0.4459426622939495, -0.12297583686826778, -0.3783610045131708, -0.2194926762613606, 0.4392742544474822, 0.3207909635314946, 0.03462105710917991], [-0.521305739399058, -0.626008057198471, -0.38948951812781, -0.6051703080490662, 0.19579386797272047, 0.378528663209121, -0.4276901660909022, 0.07584782929985412, -0.12094362508593741, 0.440149217526239, 0.0956375116964071, 0.6228629523420642, 0.21972337624708965, 0.7170170949794323, -0.04953495623044672]], "inverted": true, "swapped": false, "error_lsq": 0.04639758489268191, "error_max": 0.32463085054916946, "target": "774.xyz", "model": "10.xyz", "model_rescale": 4.2482417240324, "target_rescale": 4.220135868509312},
{"mapping": [6, 11, 9, 13, 1, 0, 8, 4, 12, 3, 2, 14], "R": [[-0.42555827140733465, 0.6956401814856132, 0.5787787967258864], [-0.5587083336846903, 0.3011505248441147, -0.7727569859000899], [-0.7118603483184596, -0.6522216642283342, 0.2605028698558694]], "T": [-0.005740078398306939, 0.026987969317925204, 0.029866627163125013], "aligned_model": [[-0.7458956006175788, 0.059108331720268345, 0.3227889522120452, 0.6699799607785099, -0.4783720316979707, 0.1341993378729356, -0.17891528441594462, 0.4655191836351499, 0.15932564665810528, -0.03923900672065424, -0.44062083550641196, -0.05111305155544704], [-0.1272758231850449, -0.6988052568746023, -0.37115325495540546, -0.17202662797579568, 0.510837411778127, 0.6257295605295411, 0.3225074071312379, 0.2672863048859722, -0.4104402146797002, 0.5940335978203862, 0.035410064883141204, 0.09002822069278228], [-0.05334120775417409, 0.042642804936000166, 0.4781432906652116, -0.031829641432898105, 0.164188586027113, 0.2883101192369346, 0.6365531679244013, -0.38152158345228226, -0.47064571922143256, -0.5728617293474674, -0.5690050573561568, 0.03455925962910715]], "inverted": false, "swapped": true, "error_lsq": 0.04561594288089333, "error_max": 0.2602927837667518, "target": "774.xyz", "model": "11.xyz", "model_rescale": 3.6694154284099745, "target_rescale": 4.220135868509312},
{"mapping": [3, 4, 13, 7, 0, 2, 1, 6, 9, 5, 11, 8, 12, 14], "R": [[0.9743846793992634, 0.13838672485827366, 0.17726706105476994], [0.20536336771556524, -0.22628840191615332, -0.952165661194918], [-0.09165360741682024, 0.9641797931616459, -0.24891151581686508]], "T": [0.013510964259259298, 0.051863642166417596, 0.005297007477339757], "aligned_model": [[-0.07561171496999754, -0.03455850605620929, -0.013498811490813774, 0.6121304268623751, 0.6173826233775942, -0.5167362892179005, 0.3201324200870051, -0.3062748295606035, 0.16040788929492605, 0.2019298157032888, -0.42736448137209543, 0.6127430805355191, -0.5999256355003962, 0.04750886256311815], [-0.4369800286458777, 0.19261188407074917, 0.6844908357557102, 0.377303803947104, -0.10406401044868582, -0.44662250541757864, -0.5587000160068055, -0.47245702733948824, 0.644039806005798, 0.15946470123932888, 0.5079243734984262, -0.09972768628011933, 0.3016500197947093, -0.017946862037016585], [-0.6572989540997103, -0.6481156495678606, -0.30944751874200466, -0.4708224830424616, -0.2311203318441919, -0.12956925947769032, 0.09872578797975061, 0.4540463140401305, 0.3137583662497929, 0.6968520063406303, 0.3641588262552865, 0.32674823054006275, -0.16907335197025453, 0.0002534769909359677]], "inverted": true, "swapped": true, "error_lsq": 0.047450030842810874, "error_max": 0.2782143988606523, "target": "774.xyz", "model": "12.xyz", "model_rescale": 3.9764082729961374, "target_rescale": 4.220135868509312},
{"mapping": [8, 2, 12, 10, 11, 4, 9, 3, 7, 6, 5, 6, 13, 14, 15], "R": [[-0.7712876813226132, 0.6348484099320343, -0.04563780282567459], [0.22594030732503761, 0.20605433564618325, -0.9520990433181192], [-0.595034696606723, -0.7446536827063827, -0.3023650156118714]], "T": [0.07575490874451038, -0.06176415430495168, -0.08403106676802909], "aligned_model": [[-0.39463430552975587, -0.3033793529010881, 0.6445473235768048, 0.18110985625418322, -0.17629991701839062, -0.15581364701886138, 0.42938447741313357, -0.6963410604229243, -0.5542744176196515, 0.23677679291868067, 0.5505955888243965, 0.23677679291868067, 0.40901052827700446, -0.1477125422489641, -0.005501341086459666], [0.301009820227566, -0.2815693018570369, 0.14200577069963266, 0.5717218771328181, 0.689680650161961, -0.618771878163727, -0.4614628992303113, 0.22158660626841115, -0.47190033632484696, -0.0855099185273046, -0.6958760364937936, -0.0855099185273046, 0.3512778410509612, 0.4144454080614684, -0.08365865081866788], [-0.46715228406729004, -0.7505161923801259, -0.2893759996033475, -0.5675004887242937, -0.03561857459165389, 0.30581777743002725, -0.36095374187058904, 0.09492034616718055, -0.16074520524493568, 0.6624050639208116, 0.1902905606019502, 0.6624050639208116, 0.2206286586787693, 0.5177120600164246, -0.016898901162503185]], "inverted": true, "swapped": false, "error_lsq": 0.05249215097150744, "error_max": 0.48569667794822335, "target": "774.xyz", "model": "13.xyz", "model_rescale": 4.170626492500431, "target_rescale": 4.220135868509312},
{"mapping": [2, 6, 3, 1, 4, 7, 0, 10, 12, 5, 11, 8, 13, 14], "R": [[0.7804210867975001, 0.2651198273751817, 0.5662635467822054], [-0.5167677450214326, 0.7833333395939921, 0.3454561864925673], [-0.35198583066264566, -0.5622280286619279, 0.7483352315638025]], "T": [-0.01564381953512812, 0.05347559445916952, 0.12026733351127383], "aligned_model": [[0.2472858117118743, 0.02187777806184401, -0.12162206195914826, -0.5628439664203688, 0.11746460317072474, -0.3895262665046813, -0.6158546187595731, 0.5075677394644305, 0.6520696736674004, -0.16736077957769765, 0.5647236070573042, -0.6338567993599703, 0.2998374605495783, -0.07657915901007341], [-0.33214759694579465, -0.6959435600431928, 0.19924093922051295, -0.28496025024155525, 0.5918761259541475, 0.7938315538257424, 0.32905353129171167, -0.599904435808491, 0.12656613070406553, -0.3133302005635996, -0.07165313975146809, -0.06963674741040372, 0.6573866163057971, 0.02569550138819389], [-0.45419090028693376, -0.004288353309689241, -0.6881047782935426, -0.1278592735917137, -0.2558654322153028, 0.17532456226806917, 0.027147147226390916, 0.2686081592005698, -0.013595219631660466, 0.7267023594778325, 0.5429501983469203, 0.41699281556684276, 0.3094070978339841, 0.08064471852909957]], "inverted": false, "swapped": true, "error_lsq": 0.04747092416691007, "error_max": 0.3008060998173157, "target": "774.xyz", "model": "14.xyz", "model_rescale": 3.9786697098870705, "target_rescale": 4.220135868509312},
{"mapping": [4, 2, 13, 7, 12, 11, 1, 5, 9, 0, 6, 14], "R": [[0.5219075585212475, -0.17188461743568706, -0.835504744838339], [-0.716110137980921, 0.4438977476310054, -0.5386474356469788], [0.4634638827776516, 0.8794375861521428, 0.10858527259051119]], "T": [-0.007568680561902748, -0.014294722974400424, -0.0061128552337117135], "aligned_model": [[0.11243591618755541, -0.6547010431083674, 0.5807911450856421, 0.5030569602445037, 0.02209947541240078, 0.27143855317668614, -0.47978495333680576, 0.1533106248540576, 0.5977593833641893, 0.05022058828530334, -0.6114421810823806, -0.06182987231544808], [-0.35191770982161846, 0.15681199550095415, -0.024215475733845408, -0.6648788526671325, 0.3914637670695567, 0.6546322821720754, -0.34206626347410996, 0.310464186219528, 0.22897196475663598, -0.6460003617655105, 0.3622755431706935, -0.060866585202787656], [-0.5723976400141273, -0.3219952627103187, -0.39821629192924696, -0.08946796487261856, -0.5570961280338639, -0.08250643812949662, 0.37482184238123095, 0.6215633892856686, 0.1983351311199483, 0.1999841078537624, 0.26236933889704245, 0.024572410025849176]], "inverted": true, "swapped": true, "error_lsq": 0.05945702392694066, "error_max": 0.348863653332086, "target": "774.xyz", "model": "15.xyz", "model_rescale": 3.769337070930944, "target_rescale": 4.220135868509312},
{"mapping": [2, 3, 11, 12, 6, 1, 5, 0, 9, 13, 14], "R": [[-0.5190068719753691, -0.8312784889176714, -0.19901743819348083], [0.38971894499305276, -0.43735285296840454, 0.8104576644797059], [-0.7607568670448168, 0.34307223126209185, 0.5509541118650492]], "T": [0.005621832711976112, 0.017355304175511635, 0.047171877487274694], "aligned_model": [[-0.3021348313370886, -0.38708775487424674, -0.1544270190558956, -0.587333751046095, 0.254031885567608, 0.43806107414062134, 0.5871960982724687, 0.27750788456677333, 0.158776964596672, -0.4052573676019582, 0.04329294746231197], [-0.12154626455895955, -0.6678657216357404, 0.728268923428501, 0.3344139568545014, 0.1504068709322044, -0.4248648997033985, 0.4497441924103593, -0.5104128374337327, 0.5036541004408892, 0.19734805021758633, -0.043081873326868615], [-0.611487130689251, -0.20221882071233854, 0.03574623926659776, -0.08313623844854723, -0.6593270855442065, -0.25773995999345617, 0.05896979741881865, 0.3511559813108037, 0.5026460389810233, 0.5937903046934825, 0.015818480940850463]], "inverted": false, "swapped": true, "error_lsq": 0.03860094598983244, "error_max": 0.21943253538500468, "target": "774.xyz", "model": "16.xyz", "model_rescale": 3.7852294659196426, "target_rescale": 4.220135868509312},
{"mapping": [5, 7, 13, 9, 8, 0, 3, 4, 11, 10, 2, 12, 14], "R": [[0.7326721587639332, 0.021789508261216284, 0.6802328462386482], [0.6778828858393869, 0.06555816114732668, -0.732241026297384], [-0.060549986443126314, 0.997610818323817, 0.033261904711271134]], "T": [-0.059710231277048886, 0.11945034492060388, -0.047837179450263924], "aligned_model": [[-0.01447546776865287, -0.500217425418994, 0.21277614874648765, 0.18109232968505004, -0.568431908753991, -0.6946938963189423, -0.37331146684556055, -0.08955846587788688, 0.6158607823861877, 0.5621493563759317, 0.10499459426876456, 0.5419076347351789, -0.12432636499728981], [-0.19745176160509728, -0.3837637977840561, -0.32802543336601975, -0.5029243188364161, -0.13839797597905082, -0.03505855059846702, 0.6906699446248812, 0.1495584956574623, -0.08306054056265641, 0.4268559456271733, 0.8399508897093408, 0.27732362114390197, 0.15937910567187824], [-0.6981100752377307, 0.44579757180933083, 0.42706008458504546, -0.19637549103228638, -0.4479702162266665, 0.08554317219007446, 0.46334461669279564, 0.6209463611014295, -0.2315148889284718, -0.5392161064381821, -0.007952539340982091, 0.23892873654508243, -0.06472652857626492]], "inverted": false, "swapped": true, "error_lsq": 0.04957765301654909, "error_max": 0.3587628273557912, "target": "774.xyz", "model": "17.xyz", "model_rescale": 3.901054581598922, "target_rescale": 4.220135868509312},
{"mapping": [4, 1, 7, 6, 11, 2, 0, 10, 8, 5, 3, 13, 12, 9, 14], "R": [[-0.7085931460319889, -0.5317433399510403, 0.4638370121219314], [-0.6089920527589034, 0.12883852264310713, -0.7826425204137828], [0.35640487240354246, -0.8370481799160989, -0.4151215622274524]], "T": [-0.032618424638400645, -0.015498108972967956, -0.013291901909754081], "aligned_model": [[-0.7044656163359282, -0.015221675266968493, 0.48195647193403873, 0.06029472456471553, 0.1555809108313532, 0.043323796552769606, 0.37596145583600615, -0.6285279243243058, -0.5125964494915252, -0.33962849249187327, 0.6292110953131367, 0.22467882677083711, 0.6047941241870147, -0.11700397724800499, -0.004112494494477488], [0.03384118759774425, -0.18397078480728138, 0.11645974325701568, 0.4863288050197809, 0.7596495986503058, -0.7599893656825887, -0.5541102917512968, 0.5373978192989156, -0.4705415246599676, -0.1928699619670588, -0.34919168377070725, -0.16720592078081226, 0.2983706191285465, 0.3323054936061654, 0.020995300521063593], [-0.4277324341117346, -0.6893095496412094, -0.4101253995502094, -0.5639847749050511, 0.008109743396215887, 0.3384233944758157, -0.3574777765963377, 0.09465117944948274, -0.06783397409146173, 0.5008774194209423, 0.17119705215578876, 0.6487391113776189, 0.20388721356186792, 0.5399723693730044, 0.01602456877650333]], "inverted": true, "swapped": false, "error_lsq": 0.038500796716800144, "error_max": 0.22865160705383022, "target": "774.xyz", "model": "18.xyz", "model_rescale": 3.9405287249114394, "target_rescale": 4.220135868509312},
{"mapping": [10, 14, 12, 3, 1, 9, 13, 2, 11, 5, 7, 8, 0, 6, 15], "R": [[0.995689254015743, -0.009079571974589525, -0.09230639636737978], [0.037349881100593195, 0.950191340435966, 0.30942107708149763], [0.08489932755531768, -0.31153487434516985, 0.9464344278646009]], "T": [0.1628541237384481, -0.02177713860359734, -0.057069374805566904], "aligned_model": [[-0.5470357772027403, -0.08412472104979896, 0.47214248595986663, -0.055643701232795134, 0.142539125739073, -0.004757080647319029, 0.23472854290860926, -0.5757147663439443, -0.3646827923450696, -0.3690989984660218, 0.5303055402557426, 0.24305587570312087, 0.5505992248859268, -0.04313720213760888, 0.12506902030974673], [0.0841566020286322, -0.18512301956901686, 0.1566849705822278, 0.5615460963164677, 0.6367208342609052, -0.685448283048044, -0.5927951997597604, 0.3502130342323747, -0.49558516563903243, -0.15659841222742868, -0.511275744918166, -0.02025301539201771, 0.37405228788627254, 0.4007375732139111, -0.00956352430750033], [-0.3775977012977811, -0.7726520293430282, -0.4725582997948283, -0.6379491377162676, -0.018505861362612293, 0.28999970067175973, -0.4036271435460403, 0.21025924118788314, -0.1852253640752705, 0.5675198843994181, 0.2907755904546356, 0.6951523422208628, 0.3499282414242871, 0.5237338169503084, -0.053835137082090784]], "inverted": true, "swapped": false, "error_lsq": 0.044530652803182046, "error_max": 0.2521362309104703, "target": "774.xyz", "model": "19.xyz", "model_rescale": 4.410303926677745, "target_rescale": 4.220135868509312},
{"mapping": [13, 0, 4, 9, 12, 8, 11, 3, 1, 6, 5, 10, 2, 14], "R": [[0.32263754384142385, 0.5349577060064663, -0.7808490686991135], [0.8793389230636859, 0.13585474618213214, 0.4564061199469022], [0.3502400229687791, -0.8338847286790232, -0.4265772914569426]], "T": [0.01308239646973507, -0.06518181207225346, 0.007031188676042771], "aligned_model": [[-0.201645477369229, 0.13041339689926465, 0.3728696759359796, -0.6414066617851685, 0.11307860649297337, -0.2510912183185274, -0.43503127838260436, 0.822982914154923, 0.2933408671659059, 0.1487113782198513, -0.5787877233971832, -0.14907359960529223, 0.5807324719426021, 0.05609453750737761], [0.12088788070691742, -0.7021393594934945, -0.020429577555013206, -0.017581775342957767, 0.5816831665636341, -0.6612034617455497, 0.5090639890637693, -0.16100715435158672, -0.5264132128658184, 0.11977457758950666, -0.17105697513038515, 0.5657176448185881, 0.29155035901546567, -0.11789763509187362], [-0.640487784378366, -0.152298943406945, -0.5565459515651411, -0.1847448123986128, -0.19463481248086, 0.25271481290862474, 0.0311195362392844, -0.13727075162542998, 0.4362798571737003, 0.73225320418124, 0.4117634199129916, 0.5532290541252374, 0.32064727410898275, 0.04479093593031536]], "inverted": false, "swapped": true, "error_lsq": 0.045447298550343095, "error_max": 0.29191457506945834, "target": "774.xyz", "model": "20.xyz", "model_rescale": 4.121658175737393, "target_rescale": 4.220135868509312},
{"mapping": [10, 12, 13, 11, 9, 2, 4, 5, 3, 0, 7, 8, 14], "R": [[0.2844246455468633, 0.6502634057105454, -0.704457326031367], [0.5390018574966804, -0.7161375448417435, -0.44342306489758526], [-0.7928301322607948, -0.253583359197252, -0.5541803508945153]], "T": [0.049735182775587417, -0.10714239870042574, -0.022818576179691186], "aligned_model": [[0.27716847286739366, -0.08884312895803578, 0.16707552305940288, 0.4869376611663551, 0.6694243968532545, -0.47353761267677186, -0.38720232822845146, 0.6948253916114365, -0.7707132299222059, -0.07824951689393317, 0.014576722807398843, 0.3561957750182046, 0.013424777960246763], [-0.7274846330522418, -0.036944251595723426, 0.5212567938443803, -0.16930665203597306, 0.16125872124053875, -0.5529226935988504, 0.3853002994923431, -0.40223454654124563, -0.060723490369824495, 0.14316003440502134, 0.6267607219957019, -0.20662449376944764, -0.14066890585149583], [0.5120743204144889, 0.6442428829733317, 0.27943381866754124, 0.5569520273322083, 0.08369828741685936, 0.25159900586514994, 0.10229993738508644, -0.17150352731031906, -0.12603718785182433, -0.6276625068760773, -0.41152980741062384, -0.6405362843673499, -0.08292122675668194]], "inverted": true, "swapped": true, "error_lsq": 0.06207676341530211, "error_max": 0.4102399750153878, "target": "774.xyz", "model": "21.xyz", "model_rescale": 4.08911054899281, "target_rescale": 4.220135868509312},
{"mapping": [15, 14, 4, 2, 1, 10, 13, 11, 9, 5, 7, 6, 0, 8, 16], "R": [[0.27236709505953943, -0.7155322458519962, -0.6432960210313963], [-0.8267320490181158, -0.5160801781908639, 0.2239985910776986], [-0.4922705401048653, 0.47082359204322466, -0.73211669870341]], "T": [0.008549231320690968, -0.041243214135325855, -0.055131518874832273], "aligned_model": [[-0.48241455169259473, -0.22984958300024116, 0.5445920716029853, 0.09659719265101674, 0.003419643623082589, -0.04311118575517264, 0.4905016367948376, -0.601219883920964, -0.5012464394754009, -0.46876011103016585, 0.5111202228687837, 0.3367316245824804, 0.6996642458908091, -0.15738810990394964, 0.05560800310128179], [0.3011270081235189, -0.3140796110012939, 0.17374803942480596, 0.47491554187569884, 0.7448981441467953, -0.6841015308154724, -0.38049981905735497, 0.3694656159097336, -0.5388881027106863, -0.2675814910122175, -0.4730420299757532, -0.024859795738861844, 0.24487474951478552, 0.3232379108434632, -0.041745595867335866], [-0.4713576744367888, -0.5848001811747963, -0.4459371229064183, -0.5522044757654457, 0.05420206880266774, 0.4298424960967464, -0.3540575982033179, 0.1579246081876751, -0.05277557428755824, 0.4124963567625808, 0.2032642417378477, 0.6138916712359287, 0.1463031993137989, 0.5108899704535914, -0.06226384272527526]], "inverted": false, "swapped": false, "error_lsq": 0.04545085517641785, "error_max": 0.3191053517546411, "target": "774.xyz", "model": "22.xyz", "model_rescale": 4.204369325754507, "target_rescale": 4.220135868509312},
{"mapping": [10, 14, 12, 3, 1, 9, 13, 2, 11, 5, 7, 8, 0, 6, 15], "R": [[0.995689254015743, -0.009079571974589525, -0.09230639636737978], [0.037349881100593195, 0.950191340435966, 0.30942107708149763], [0.08489932755531768, -0.31153487434516985, 0.9464344278646009]], "T": [0.1628541237384481, -0.02177713860359734, -0.057069374805566904], "aligned_model": [[-0.5470357772027403, -0.08412472104979896, 0.47214248595986663, -0.055643701232795134, 0.142539125739073, -0.004757080647319029, 0.23472854290860926, -0.5757147663439443, -0.3646827923450696, -0.3690989984660218, 0.5303055402557426, 0.24305587570312087, 0.5505992248859268, -0.04313720213760888, 0.12506902030974673], [0.0841566020286322, -0.18512301956901686, 0.1566849705822278, 0.5615460963164677, 0.6367208342609052, -0.685448283048044, -0.5927951997597604, 0.3502130342323747, -0.49558516563903243, -0.15659841222742868, -0.511275744918166, -0.02025301539201771, 0.37405228788627254, 0.4007375732139111, -0.00956352430750033], [-0.3775977012977811, -0.7726520293430282, -0.4725582997948283, -0.6379491377162676, -0.018505861362612293, 0.28999970067175973, -0.4036271435460403, 0.21025924118788314, -0.1852253640752705, 0.5675198843994181, 0.2907755904546356, 0.6951523422208628, 0.3499282414242871, 0.5237338169503084, -0.053835137082090784]], "inverted": true, "swapped": false, "error_lsq": 0.044530652803182046, "error_max": 0.2521362309104703, "target": "774.xyz", "model": "23.xyz", "model_rescale": 4.410303926677745, "target_rescale": 4.220135868509312},
{"mapping": [1, 10, 4, 3, 0, 14, 8, 7, 11, 13, 15, 6, 5, 12, 16], "R": [[0.744802923302641, 0.4611067365262056, -0.48233720877617625], [0.5243101610896799, 0.04271982036781463, 0.8504550969486018], [0.4127559332316789, -0.8863157419779331, -0.20994510021467946]], "T": [-0.006526510187406333, -0.07748288397565345, 0.0007342230891539109], "aligned_model": [[-0.6187667525439368, -0.013740347675710519, 0.5086011259631006, 0.057611649239353156, -0.08681522437802403, -0.10261844253729166, 0.5520770055183655, -0.5882381875163233, -0.49250821834200825, -0.28514781784211396, 0.49457229058973073, 0.24897361030381657, 0.5284853318018616, 0.07220734182693644, -0.02044858807096779], [0.24256218757421194, -0.28024033322333425, 0.1392257648760752, 0.518523163071964, 0.6728006280509189, -0.6324887701238737, -0.3904233228782797, 0.20246727350494548, -0.4586481697889654, -0.0979764211244795, -0.5283552163799172, -0.1516091448020252, 0.1773249833870834, 0.4880809161257465, 0.0062254953897546705], [-0.5082533871590679, -0.6178296972932762, -0.4012175812083258, -0.6700221209151961, 0.03258049509793254, 0.3760804591069529, -0.514762683977258, 0.15938582398893555, -0.13803281493052216, 0.6458208883404574, 0.2351021444581062, 0.7128599673539352, 0.2115358195945809, 0.5665207582289934, -0.08434992759501185]], "inverted": true, "swapped": false, "error_lsq": 0.04321711013737868, "error_max": 0.2789940770316612, "target": "774.xyz", "model": "24.xyz", "model_rescale": 4.28219845311461, "target_rescale": 4.220135868509312},
{"mapping": [14, 2, 0, 6, 8, 7, 4, 11, 13, 9, 4, 3, 1, 5, 15], "R": [[0.16954797217180836, 0.1682293133523079, 0.9710573532296838], [0.9854871288902463, -0.02065986438457343, -0.1684882452732852], [-0.008282748582891908, 0.9855313633429543, -0.1692906611224925]], "T": [-0.10974683184083775, -0.00507232555609855, 0.016757527126229847], "aligned_model": [[-0.616130473695585, -0.06998410870944688, 0.5385629776215056, 0.10901811520168456, 0.05636925781855706, -0.07198793083664667, 0.4586331218583769, -0.5643871980206289, -0.3829720908318036, -0.36161112915705285, 0.4586331218583769, 0.40525786568207434, 0.41848516251939183, -0.07299052408670204, -0.050651390885313036], [0.1878073454350567, -0.2045873721192855, 0.06273348754533822, 0.5630893527604214, 0.6687394495379984, -0.7110749941161931, -0.4569772504523601, 0.25977098752794187, -0.504401895566267, -0.1721268902663451, -0.4569772504523601, -0.18118589136965996, 0.26998637333256187, 0.5874975223176253, -0.004823940454648108], [-0.5185159213792007, -0.6369952521657478, -0.4738043290146235, -0.6477207194695932, 0.03490121555053033, 0.3418429053443315, -0.06911877992696594, 0.1568904219195969, -0.1533436054384434, 0.6213489859029386, -0.06911877992696594, 0.5679376413589465, 0.2516853269851714, 0.6273233549821103, -0.0278943216308496]], "inverted": true, "swapped": false, "error_lsq": 0.04458002566839376, "error_max": 0.34369824050396286, "target": "774.xyz", "model": "25.xyz", "model_rescale": 4.100010024507729, "target_rescale": 4.220135868509312},
{"mapping": [6, 11, 9, 13, 1, 0, 8, 4, 12, 3, 2, 14], "R": [[-0.42555827140733465, 0.6956401814856132, 0.5787787967258864], [-0.5587083336846903, 0.3011505248441147, -0.7727569859000899], [-0.7118603483184596, -0.6522216642283342, 0.2605028698558694]], "T": [-0.005740078398306939, 0.026987969317925204, 0.029866627163125013], "aligned_model": [[-0.7458956006175788, 0.059108331720268345, 0.3227889522120452, 0.6699799607785099, -0.4783720316979707, 0.1341993378729356, -0.17891528441594462, 0.4655191836351499, 0.15932564665810528, -0.03923900672065424, -0.44062083550641196, -0.05111305155544704], [-0.1272758231850449, -0.6988052568746023, -0.37115325495540546, -0.17202662797579568, 0.510837411778127, 0.6257295605295411, 0.3225074071312379, 0.2672863048859722, -0.4104402146797002, 0.5940335978203862, 0.035410064883141204, 0.09002822069278228], [-0.05334120775417409, 0.042642804936000166, 0.4781432906652116, -0.031829641432898105, 0.164188586027113, 0.2883101192369346, 0.6365531679244013, -0.38152158345228226, -0.47064571922143256, -0.5728617293474674, -0.5690050573561568, 0.03455925962910715]], "inverted": false, "swapped": true, "error_lsq": 0.04561594288089333, "error_max": 0.2602927837667518, "target": "774.xyz", "model": "26.xyz", "model_rescale": 3.6694154284099745, "target_rescale": 4.220135868509312},
