[{"mapping": [3, 8, 7, 5, 4, 2, 12, 10, 6, 11, 9, 13], "R": [[-0.3018400325723816, -0.1162230778379062, -0.946247742884805], [0.2596454989082544, 0.9450003720294511, -0.19889321698057727], [0.917320450896734, -0.3057229023839779, -0.25506214404440625]], "T": [-0.015834925465782065, -0.07244290568921813, -0.07819014852501772], "aligned_model": [[-0.3060292286488682, 0.16434760703649492, 0.40430187520766364, -0.0926017131525548, -0.0032391388442051493, -0.5063498078636492, 0.4531371152054192, -0.22207363958196064, 0.6012318710747785, 0.0698114636315768, -0.6540975489916755, -0.07079639261247055], [-0.3861278362267296, -0.7659746167125221, -0.41064920752797146, 0.6822924318199826, 0.43190801894714254, -0.6071454565946726, -0.2886752518384994, -0.34960251115322183, 0.2715310946084471, 0.29030979811972046, 0.1232552066415003, 0.06243336589388149], [-0.48067429466592926, -0.02334276399949857, -0.5543215495182908, 0.016830708033411856, -0.6245191168464097, 0.051426576222572476, 0.47981927820172154, 0.5461634258977948, -0.05308508447442821, 0.5574190571394826, 0.3418543996367683, -0.0756188902736324]], "inverted": true, "swapped": true, "error_lsq": 0.03887964191113573, "error_max": 0.28112189251873043, "target": "775.xyz", "model": "0.xyz", "model_rescale": 3.751011558992144, "target_rescale": 3.8959900132554},
{"mapping": [11, 9, 13, 5, 10, 6, 1, 8, 2, 12, 3, 7, 0, 14], "R": [[-0.8849533363157849, -0.3337136908535131, 0.324796497949851], [-0.4653395576347863, 0.6070553761777682, -0.6441605905004822], [0.01779574791412586, -0.7211927223638591, -0.6925058617553953]], "T": [-0.004195524740323267, -0.07754522135905306, -0.02057574979150458], "aligned_model": [[-0.36768144702255356, 0.08688252040437645, -0.10014695265995584, 0.41979976297095734, 0.44979503698594003, -0.3083647482180539, -0.09561631729253682, 0.5549460104543095, 0.16334304428680074, -0.6517934437905524, -0.5241642155023987, -0.5954209343060664, -0.3230797317048093, -0.035235286294521724], [-0.6850007260202737, -0.1783374356362813, 0.39805469542365285, 0.1954645702035671, -0.6862404590371148, -0.7087844264992075, -0.2014677422556233, 0.154151872434528, 0.7321598764153727, -0.07494910657816702, 0.4795113366258448, -0.20295455135218785, 0.36806101241272604, -0.08890048330782296], [-0.3888240126334278, -0.6653511684978998, -0.561038737365164, -0.3890587164333609, -0.3301503379288073, 0.2491350113084582, 0.6591087335826568, 0.2516290490046788, -0.013750464848036124, -0.38469839328826444, -0.07279108610150484, 0.2521916214825112, 0.5040693354536034, -0.06429535262708408]], "inverted": false, "swapped": false, "error_lsq": 0.037843248503275265, "error_max": 0.3154595037819885, "target": "775.xyz", "model": "1.xyz", "model_rescale": 3.9405287249114394, "target_rescale": 3.8959900132554},
{"mapping": [12, 6, 11, 3, 4, 10, 8, 7, 0, 9, 1, 2, 13], "R": [[-0.9350571729432928, 0.33976045215986406, -0.10114800282468392], [-0.09621081715464613, -0.51784481957836, -0.8500471878068249], [-0.3411913861599275, -0.7851111882937224, 0.5169031437574033]], "T": [0.04790640319847689, 0.02722072751072157, -0.01819455317864956], "aligned_model": [[-0.3368406767706166, 0.2671152589435321, -0.4822240640487137, 0.2954708607651797, 0.6130676569517248, -0.6334549667251177, -0.010685275270431817, 0.6023975780415527, -0.0975801657846666, -0.5419485183484813, 0.07252546903744779, -0.2920306515372546, 0.040170774029777014], [0.6810243670563126, 0.4670561026314407, 0.16084390090533549, -0.23924656618435358, -0.2923925225284129, 0.11773807061846239, 0.4434224040604252, 0.38283085370401326, -0.8523487511252038, -0.4901878471190374, -0.6628933521359998, -0.1892904110588469, -0.06772365525211821], [-0.06895091377151231, -0.5263403283947304, -0.5121889110814472, 0.4425781433665622, -0.38074658848498116, 0.17343669210342186, 0.5647320240628997, 0.2710813014399452, -0.34846729842292773, -0.09865503184261833, 0.12608034231722695, 0.5989584981998489, -0.12839757990304407]], "inverted": true, "swapped": true, "error_lsq": 0.053945086747874314, "error_max": 0.2942024117245852, "target": "775.xyz", "model": "2.xyz", "model_rescale": 3.932901565614263, "target_rescale": 3.8959900132554},
{"mapping": [8, 9, 5, 12, 11, 3, 1, 10, 6, 7, 4, 0, 2, 13], "R": [[0.8698958919778944, 0.014604045065367867, 0.4930191263913727], [0.11368609343764718, -0.9785845570470003, -0.17160342906834003], [0.4799547992039148, 0.20532653646534577, -0.8529269629600621]], "T": [-0.1269903044517478, -0.12986673691745937, -0.04988976567017368], "aligned_model": [[-0.1264138329959609, -0.02182192665578281, -0.11392290146647874, 0.4259304000367405, 0.49447194760068364, -0.3517995885074847, 0.0302392739895061, 0.5635786932549478, 0.14842187841003385, -0.6509827861324615, -0.737662131512524, -0.6168517271439018, -0.31889238094110695, -0.05103161962527439], [-0.7409927158434995, -0.11970746363830996, 0.43310931527965363, 0.24864509281012392, -0.7705842018964353, -0.5686604708807456, -0.1272973261305424, -0.01341189360210679, 0.4877216586751056, -0.11115974362624356, 0.4908825184365699, -0.11405727704204356, 0.4600607080741141, -0.053779767786628005], [-0.4564748503624908, -0.7769587726200299, -0.4967531601057002, -0.41613735878686026, -0.01867281975511932, 0.0827990541984301, 0.6740169125028814, 0.10076935013766282, 0.04719248730362441, -0.5344766772672901, 0.020655866012071575, 0.4069867785728782, 0.506310787964112, -0.09308211668581151]], "inverted": false, "swapped": false, "error_lsq": 0.04410774593820379, "error_max": 0.27426387773318134, "target": "775.xyz", "model": "3.xyz", "model_rescale": 3.9243930471874484, "target_rescale": 3.8959900132554},
{"mapping": [5, 6, 11, 9, 10, 4, 1, 12, 8, 7, 2, 3, 13], "R": [[-0.891338022070014, 0.45313552486479713, -0.013591413385672657], [0.4013959234085044, 0.802788937551907, 0.4409208936025994], [0.21070795685818217, 0.38755401926671523, -0.8974430561695071]], "T": [-0.052956568014486144, -0.034392817056401376, -0.1071543172618904], "aligned_model": [[-0.09538949014894105, -0.23911110545252046, 0.4605976465448939, 0.4544990069379121, 0.6444379522567109, -0.676947213463661, -0.16361800719030745, 0.41429353091301546, 0.09634135353282022, -0.5354158283063157, 0.289639896129429, -0.30730844622847164, -0.06481340921321097], [-0.6689059580793838, 0.08850219375399587, -0.2680397999528007, -0.5936011595120896, 0.043732847255929935, -0.4117534725512696, -0.5251623346138068, 0.4237061993715744, 0.6164574311525033, 0.4980749838210953, 0.06890170195819043, 0.02960507439754803, -0.1736881533198997], [-0.5315834085672003, -0.7779472160195737, -0.5810689155844964, 0.12063773566817715, 0.022099323565993145, -0.25288852987406313, 0.38739407603827836, -0.49430849710294394, 0.1584850996761793, -0.07095144330518777, 0.5372601985821566, 0.4180255082069536, -0.1480836159133091]], "inverted": false, "swapped": true, "error_lsq": 0.043751578771459694, "error_max": 0.2998148327202361, "target": "775.xyz", "model": "4.xyz", "model_rescale": 3.8936222436046832, "target_rescale": 3.8959900132554},
{"mapping": [2, 9, 10, 8, 11, 5, 4, 6, 7, 3, 12, 13], "R": [[0.8044682638823213, 0.5847886388467158, 0.10417802206785198], [-0.2370272534367972, 0.15522159631692398, 0.9590225947103824], [0.5446548388974184, -0.7961962722298012, 0.2634816930129985]], "T": [-0.03702298136469666, -0.07644230373973386, 0.03488834348287837], "aligned_model": [[0.08924146708627663, -0.6669906164133276, -0.24866583162255618, 0.5212813300687603, -0.6092084266900764, -0.6781508792044624, -0.11450583484660125, -0.05259812345817805, 0.6390909273703302, 0.29091680465526115, 0.017942832885950284, -0.16080560761627946], [-0.4857532015237519, -0.3868220972345581, 0.03627279943820802, 0.032134348840576615, 0.35884412963368734, -0.013884776990880338, -0.29077752062746476, 0.49962874145866715, 0.004039721151342615, -0.5624485957154377, 0.5855138439847039, -0.10782448730528535], [-0.5649733415291741, -0.32416529148235534, -0.6371770175097223, -0.4043924564075837, -0.12652239807545815, 0.4467003236590267, 0.7427447363107429, 0.44430179507842804, 0.2672504982754731, 0.005599471086861547, -0.33505562595306687, 0.10497402582234677]], "inverted": false, "swapped": true, "error_lsq": 0.04486721858640506, "error_max": 0.2644071139976952, "target": "775.xyz", "model": "5.xyz", "model_rescale": 3.6523030999806103, "target_rescale": 3.8959900132554},
{"mapping": [0, 9, 2, 1, 3, 5, 10, 4, 11, 6, 8, 7, 13], "R": [[-0.8343796746420413, -0.007806708812601147, 0.551134841796231], [0.06425164590447979, -0.994460549775158, 0.08318618238298997], [0.5474324474698287, 0.10482018049214561, 0.8302592638560484]], "T": [0.06986117611017689, 0.021136507283195008, -0.1172588342415994], "aligned_model": [[0.11261887585190267, -0.20343968751714192, 0.26296635922892464, 0.4358117345749386, 0.6161857351306106, -0.24717428897892962, -0.3463943647056052, 0.3918579506878447, -0.6485084873676765, -0.2334247279822536, 0.20326546075298327, 0.5000091644447562, 0.03730918054394152], [-0.5698914108629529, -0.03034723113762286, 0.5592850146154189, -0.17550951683662258, 0.17326436815716217, -0.6569017273303349, 0.4913338062614442, -0.6392542469287886, -0.10099969199498096, -0.2827107922062828, 0.6946904825404985, 0.18354636932910834, -0.10567851944286304], [0.6262105160601994, 0.6208268063308076, 0.3479494367958581, 0.4529072089045774, 0.0343691555823724, 0.0386263762046533, 0.2215848830817695, -0.2321761069302198, -0.007935159622758772, -0.6788763976122444, -0.3293638885358358, -0.6706079914085041, -0.053405099368885434]], "inverted": true, "swapped": true, "error_lsq": 0.050913071890506645, "error_max": 0.3112305095001997, "target": "775.xyz", "model": "6.xyz", "model_rescale": 4.08911054899281, "target_rescale": 3.8959900132554},
{"mapping": [9, 8, 4, 10, 11, 1, 13, 12, 5, 3, 6, 2, 7, 14], "R": [[0.157356925053162, -0.552171016943352, -0.8187465823962615], [0.10401460434110055, -0.8151966991820799, 0.5697677629757637], [-0.9820487565399073, -0.1748185049998604, -0.0708429960407938]], "T": [-0.09935302631523198, -0.03632684168040808, -0.06512470178940913], "aligned_model": [[-0.23569076737887862, 0.03183094565735882, -0.20093917674537637, 0.5476223652821274, 0.32998631110513366, -0.3641586430463501, 0.10860621867688493, 0.5165255512084409, 0.19457913689137918, -0.685296631963115, -0.5555290375498986, -0.6451787232232133, -0.2690909526707159, -0.10000329793284159], [-0.6667278660688177, -0.0843595637232974, 0.47573391607605836, 0.06037388460447877, -0.4364559239897054, -0.6775918298308347, -0.2326982752452764, 0.0709958634089691, 0.6665961417421387, 0.0020595212623603434, 0.1626895579560189, -0.12863444384465278, 0.47912697663793874, -0.19033952615636598], [-0.5107297698928771, -0.7326818876511366, -0.5387527458375972, -0.367360885436242, -0.05535158606730129, 0.17278969284757084, 0.6087341371773367, 0.27718704608219547, -0.06722050530033367, -0.5958299065935053, -0.027192052221275714, 0.5211287915638149, 0.4869489908232961, -0.12549383838558625]], "inverted": true, "swapped": false, "error_lsq": 0.04513674855725354, "error_max": 0.273787481302534, "target": "775.xyz", "model": "7.xyz", "model_rescale": 3.964800864290218, "target_rescale": 3.8959900132554},
{"mapping": [11, 4, 0, 2, 12, 9, 8, 7, 1, 6, 3, 10, 5, 13], "R": [[-0.9564498627539235, 0.10745755778190193, 0.27139737160398236], [0.28246172822651383, 0.5752036018801059, 0.7676953747883619], [-0.073614075592185, 0.8109215064725448, -0.5805060535558662]], "T": [-0.09628883193421567, 0.012116825503574784, -0.11846958989331381], "aligned_model": [[-0.39449760618440727, 0.02707103058345324, -0.13025943262683964, 0.3622630727065408, 0.35437149076278596, -0.13582981072547554, 0.07924564920051397, 0.5846239890740733, 0.3392288824322347, -0.45891129757258575, -0.6547990207735352, -0.7115858878631823, -0.4844347318713491, -0.10322302883129117], [-0.7200827607443366, -0.3142708619767175, 0.6418731462147106, 0.20776357985713623, -0.5922678801238268, -0.5547859829196314, -0.1265875574621374, 0.0026924014014456654, 0.5550081945636481, -0.05711835482358934, 0.46175361203153537, -0.26578199003328784, 0.2714948337132331, -0.008921946869169726], [-0.36764546623824734, -0.7294907162013416, -0.4581935180109817, -0.5544297096466504, -0.07051817240766596, 0.27000749255393275, 0.6170617292808889, 0.08918896489937907, 0.16208909032438434, -0.5659260239714848, -0.22735404638680765, 0.34984205238732224, 0.5751704696386913, -0.04362666511306075]], "inverted": true, "swapped": false, "error_lsq": 0.05066663546307289, "error_max": 0.27661303640829743, "target": "775.xyz", "model": "8.xyz", "model_rescale": 4.121658175737393, "target_rescale": 3.8959900132554},
{"mapping": [4, 5, 6, 7, 0, 1, 11, 10, 12, 9, 3, 8, 13], "R": [[-0.21593354649601654, 0.6379021621007277, 0.7392249556696996], [0.9194024904294908, 0.38773652986613194, -0.06602608574965041], [-0.32874270195656463, 0.6653880183731797, -0.6702141604858184]], "T": [0.011955516778691423, 0.09597338783264456, -0.045784247817233864], "aligned_model": [[-0.4984947087212498, -0.28884757678742334, 0.3262248466299391, 0.16784974317729118, -0.7778708895971286, -0.6372942647977559, 0.2973325925816544, 0.3397881197004714, 0.7551989988566173, -0.2741291339144811, -0.3023502839059731, 0.44872988646725753, -0.07939983325402189], [0.1926339008927763, -0.46109358691784796, 0.0251859021168635, 0.7674915404478849, -0.42942310889899216, 0.04695370753963656, -0.5774496791321003, -0.2493871715997701, -0.062227659618104614, -0.5025728344647986, 0.5129509808166508, 0.5309434505151133, -0.003618002285602273], [-0.5778567646335939, -0.4744349413911042, -0.6750248446444549, -0.25159947023573814, 0.017632349120265428, 0.22578633024062086, -0.1351441263842696, 0.48564882270610066, -0.020738735193150587, 0.3808447978554994, 0.22244328198956123, 0.32366048330814146, -0.10014174877878898]], "inverted": false, "swapped": true, "error_lsq": 0.046473878722252664, "error_max": 0.2597729107622794, "target": "775.xyz", "model": "9.xyz", "model_rescale": 3.833441315466971, "target_rescale": 3.8959900132554},
{"mapping": [3, 7, 8, 11, 6, 4, 1, 12, 10, 2, 13, 5, 0, 14], "R": [[0.8108406240488156, 0.2430445268059928, -0.5324160406878988], [0.5852165902629407, -0.3486312787697686, 0.7321050293123066], [-0.007682764681062271, -0.9051991987695343, -0.42491809290008886]], "T": [-0.03570349256061649, -0.04053026771194247, -0.07779194646523793], "aligned_model": [[-0.3978481353188543, 0.2186161894228928, -0.1093274892402799, 0.48284281213608654, 0.2725303747610265, -0.24757445549594198, 0.05829146282308366, 0.4998173549767056, 0.15935712668845103, -0.7086262792838999, -0.7028081248156001, -0.5846213331186219, -0.188491422345345, -0.07889478287876807], [-0.614681841136688, -0.24982846142837584, 0.5147549730302409, 0.19644999013482722, -0.5743916546373726, -0.8010734660991378, -0.1227132980635612, 0.006449627169413483, 0.7580325783128893, -0.03251083916871579, 0.34167960248515405, -0.20530484857666714, 0.349999546329427, -0.0660934755224206], [-0.6195696482978523, -0.6569549133792673, -0.6198225460659879, -0.45234123336863463, 0.2071878258536328, 0.03444583033950778, 0.6502326621837184, 0.19429327665541898, -0.0760951003434305, -0.3303010884820078, 0.13333258115416627, 0.2813371992261152, 0.4588320136414429, -0.15840137800846354]], "inverted": false, "swapped": false, "error_lsq": 0.047660002808523214, "error_max": 0.27834015640811965, "target": "775.xyz", "model": "10.xyz", "model_rescale": 4.2482417240324, "target_rescale": 3.8959900132554},
{"mapping": [7, 8, 12, 10, 4, 5, 6, 9, 2, 0, 3, 13], "R": [[-0.9796525106779731, 0.1996634497751799, -0.020382962155142546], [-0.19660629237924032, -0.9751132909247525, -0.10246968165651671], [-0.040335147442800326, -0.09637726228615029, 0.9945272742338414]], "T": [-0.06511645134916336, 0.03034241218043581, 0.011197030571174632], "aligned_model": [[-0.6630129375061724, -0.1080782126488643, 0.31734011446596333, 0.573923866207487, -0.559180306997911, 0.09449134242175955, -0.2000037316504895, 0.5341077822358158, 0.16877324033612243, 0.140663123800408, -0.3839450798113089, -0.038313598489803244], [-0.33644954670391014, -0.6864799130932362, -0.38229228639723434, -0.26778992235384774, 0.585780321090377, 0.7559891659793849, 0.18786115437202, 0.32833067829568047, -0.36516585121827483, 0.8053016557475209, -0.13216848613093485, 0.17321442046309446], [0.17114388310121786, -0.016736029741105857, 0.5225924779140821, -0.09795343272620627, 0.031033525637844554, 0.19150142160643638, 0.6870025321660376, -0.4062327974748412, -0.565154415023945, -0.4996667800620954, -0.4541447478498022, 0.0018066523067338715]], "inverted": false, "swapped": true, "error_lsq": 0.04862096667442029, "error_max": 0.2947930551065748, "target": "775.xyz", "model": "11.xyz", "model_rescale": 3.6694154284099745, "target_rescale": 3.8959900132554},
{"mapping": [7, 10, 8, 2, 12, 5, 0, 1, 3, 9, 11, 6, 4, 13], "R": [[-0.41647809357106047, 0.6017738220163892, -0.6814794675639188], [0.8731403179083679, 0.47361550372314504, -0.11538778044466441], [0.25332189565509233, -0.6430836817777752, -0.7226834683406365]], "T": [-0.12595789611632646, -0.10067511537612314, -0.06400798951665108], "aligned_model": [[-0.5130288733970753, 0.036788621060197535, -0.12672009402864895, 0.39871032661692885, 0.3891355755367867, -0.2731093912570877, 0.052265363436137996, 0.5970958921468908, 0.2003784307409059, -0.5652729893144822, -0.7277739284563537, -0.5553293817171066, -0.1668341253124676, -0.07304212774369015], [-0.6226919384578246, -0.3185294565237468, 0.5118553238145267, 0.16840401121482965, -0.53941999295278, -0.8340175948113274, -0.23878797681294703, 0.19966646843804, 0.6897452069294772, 0.03337570498315598, 0.3254053981851559, -0.2190919066626869, 0.4346336053725891, -0.089778419887449], [-0.42434090979477096, -0.6381001811535767, -0.5083093865776348, -0.3444242035259235, -0.1268581933912361, 0.22775567821863668, 0.614150673102714, 0.25764655562731575, 0.035938078254729264, -0.7225813668554172, -0.10008440964030461, 0.2845209538267153, 0.4453566707488348, 0.04550552226827663]], "inverted": false, "swapped": false, "error_lsq": 0.041699239316285094, "error_max": 0.31782528925894105, "target": "775.xyz", "model": "12.xyz", "model_rescale": 3.9764082729961374, "target_rescale": 3.8959900132554},
{"mapping": [2, 1, 10, 12, 0, 7, 4, 6, 13, 8, 11, 3, 14, 15], "R": [[-0.8804738554584817, 0.27317448696059315, 0.38748095376146413], [-0.3590280839074917, 0.14956632709236306, -0.9212647549786194], [-0.3096201298685088, -0.9502660750936641, -0.033611928035903516]], "T": [0.06910147741593912, -0.049114169513389566, -0.07277570740113064], "aligned_model": [[-0.2704872138633085, 0.015712333932001145, -0.26531851181514293, 0.3979568684261302, 0.25226597415017094, -0.2626584036801924, 0.2399936865168104, 0.3674503106898524, 0.19796500519485122, -0.587081309895172, -0.5158936093005246, -0.6840407083427849, -0.23871725308255426, 0.026116129380798832], [-0.6415934570497136, -0.14652371754869506, 0.3341683537821998, 0.27660015700087615, -0.7514290369828869, -0.6782189370700276, -0.4570551955383614, 0.2821564062665314, 0.5463611272133523, -0.089758050461619, 0.48631502480088773, -0.0662605433844631, 0.48129132754447135, -0.07528502574353887], [-0.48497387394462366, -0.6980624876632793, -0.6951941173932471, -0.5120681433195753, -0.09045415670131854, 0.1825598985287501, 0.49312507359633834, 0.54763269438415, -0.015470311638852846, -0.332439068749312, -0.11328527593711576, 0.30262580725651805, 0.4397920221919142, 0.022387420498012234]], "inverted": true, "swapped": false, "error_lsq": 0.05285558120671424, "error_max": 0.4460004251328721, "target": "775.xyz", "model": "13.xyz", "model_rescale": 4.170626492500431, "target_rescale": 3.8959900132554},
{"mapping": [5, 12, 8, 4, 6, 11, 3, 2, 0, 10, 7, 9, 1, 13], "R": [[-0.255526263839812, 0.38621955415750736, -0.8863073871261838], [0.7654260057430347, -0.47921959475913734, -0.42950158292042684], [-0.5906177767561106, -0.7881516579854823, -0.1731692980710054]], "T": [-0.04389930965350465, 0.015900226719154482, -0.04228305222900794], "aligned_model": [[0.05971254187584267, -0.22086898198576205, -0.18857151175991055, 0.41112934930942674, 0.40101624418466686, -0.32258384255175515, 0.07465966726746386, 0.5736471115919848, 0.0984184685152754, -0.5634182544199925, -0.4925239064479305, -0.7456432109052287, -0.3642186829043039, -0.047491693458841314], [-0.7699089867053202, -0.22813660043397122, 0.4234519379148676, 0.12798528977856305, -0.6930475281950649, -0.6231869945630585, -0.2774512472728111, 0.14146090868251898, 0.5577337199973448, 0.026283881696407864, 0.6887506817972298, -0.1593282177852765, 0.3717211178209001, -0.08555952990331703], [-0.4883640904676846, -0.7092417340480708, -0.646044469880097, -0.5746823279182084, 0.04097857029330619, 0.07417340250068602, 0.5703851174420448, 0.14693401885108168, 0.16270602578964574, -0.2621024115057956, -0.10091784685705793, 0.32262368620760484, 0.5590500189313276, -0.04932247823042381]], "inverted": false, "swapped": false, "error_lsq": 0.050886785681071064, "error_max": 0.4196451312466509, "target": "775.xyz", "model": "14.xyz", "model_rescale": 3.9786697098870705, "target_rescale": 3.8959900132554},
{"mapping": [10, 11, 2, 8, 9, 1, 6, 4, 3, 7, 5, 13], "R": [[-0.5227605656199913, -0.48331131738573047, 0.7022332671694903], [0.23347172554332415, 0.7110880074834568, 0.6632079605862932], [-0.8198855678718157, 0.5106505812197585, -0.2588892417529808]], "T": [0.027500007465373663, -0.07762561882416351, 0.02639447202965328], "aligned_model": [[0.004355126834719836, -0.601396517188518, 0.5737412483933744, 0.4260584335127984, -0.04282135987537018, 0.37111058382970946, -0.5151638995287128, -0.06831026625378085, 0.5935244589761567, 0.329081497562555, -0.5390254440331106, -0.04779926546248495], [-0.19073770535489176, -0.03615602116182841, -0.03822800131242664, -0.6443426602196761, 0.4657939789843185, 0.5373987981780626, -0.3570600117306885, 0.3096799732745263, 0.02987711068492173, -0.52669456410878, 0.4192864914063044, 0.045857101584596716], [-0.6777640402224229, -0.3553034768246074, -0.46694161784896376, -0.1645065254052799, -0.5409364686155733, -0.010422984447019366, 0.3829784209413608, 0.6539441676141773, 0.1389286471989436, 0.5007205540735435, 0.1555254135917466, 0.04374440381792495]], "inverted": true, "swapped": true, "error_lsq": 0.05507847855935191, "error_max": 0.354366777155678, "target": "775.xyz", "model": "15.xyz", "model_rescale": 3.769337070930944, "target_rescale": 3.8959900132554},
{"mapping": [6, 4, 11, 5, 12, 7, 10, 3, 9, 0, 13], "R": [[-0.04322784927849777, -0.9838566444735866, 0.17365902271961112], [0.9843902712371639, -0.07162761930051596, -0.16076466666206057], [0.17060816785950952, 0.1639987416979633, 0.97159521704314]], "T": [0.12921620873874665, -0.06364308582727016, -0.04878407570377497], "aligned_model": [[-0.2236776447324502, -0.48171342603711664, -0.08998958117662109, -0.5835951763811622, 0.44383237250175034, 0.34037949512075194, 0.5425888243784647, 0.35866067828137804, 0.0529643185371699, -0.43705426352949206, 0.0002305337284979614], [-0.048102142383255386, -0.4821699308605306, 0.6183503692090746, 0.20458124047107532, 0.3636964142432513, -0.6553296140451893, 0.5066699581824763, -0.4817133106322308, 0.4723478122029495, 0.12172453077013404, -0.023990829532413063], [-0.661110962075516, 0.0190695313368252, -0.22128810280673186, 0.01832160649383522, -0.5932685510995067, -0.39937880427960293, 0.06538839237550559, 0.2935271564649185, 0.5248131319862968, 0.6920704948481358, 0.006073713979617736]], "inverted": true, "swapped": true, "error_lsq": 0.047400503065299165, "error_max": 0.2738659453055161, "target": "775.xyz", "model": "16.xyz", "model_rescale": 3.7852294659196426, "target_rescale": 3.8959900132554},
{"mapping": [3, 9, 5, 1, 2, 10, 12, 11, 4, 7, 8, 6, 13], "R": [[0.6347626426473516, -0.6597801070671728, 0.40220218524739604], [0.23111094913284483, 0.6587904382129568, 0.715948942111165], [-0.7373358235500742, -0.36150431371922886, 0.5706579662741276]], "T": [0.05689169984866718, 0.09649871763751765, -0.028460620124554623], "aligned_model": [[0.018381279595722444, -0.44016865783416015, 0.36066296676077836, -0.037761077727768044, -0.56250942900978, -0.6200350565125156, -0.20744233706876733, -0.1383717772169979, 0.7070846482650347, 0.4073234334593625, -0.2647892726402502, 0.530830389770905, 0.1005607403747191], [-0.04235206841102508, -0.4627510438547117, -0.3580788326912201, -0.5400775176311964, 0.003542018658504717, 0.18371247658158038, 0.6956213856762168, 0.08044138497870361, -0.2595359122655718, 0.5433888990088306, 0.6289887227967237, 0.4233474926742223, -0.021191381818183003], [-0.5975316735850714, 0.2211091202117011, 0.505982829356965, -0.31740756194596875, -0.4170651193479847, 0.17970557974702467, 0.3578621313897209, 0.6818479233997926, -0.08755649805767038, -0.47014638032958916, -0.3882327162455144, 0.3817488446204586, 0.04543821792930926]], "inverted": false, "swapped": true, "error_lsq": 0.040309249077090735, "error_max": 0.25243428735669493, "target": "775.xyz", "model": "17.xyz", "model_rescale": 3.901054581598922, "target_rescale": 3.8959900132554},
{"mapping": [11, 9, 13, 5, 10, 6, 1, 8, 2, 12, 3, 7, 0, 14], "R": [[-0.8849533363157849, -0.3337136908535131, 0.324796497949851], [-0.4653395576347863, 0.6070553761777682, -0.6441605905004822], [0.01779574791412586, -0.7211927223638591, -0.6925058617553953]], "T": [-0.004195524740323267, -0.07754522135905306, -0.02057574979150458], "aligned_model": [[-0.36768144702255356, 0.08688252040437645, -0.10014695265995584, 0.41979976297095734, 0.44979503698594003, -0.3083647482180539, -0.09561631729253682, 0.5549460104543095, 0.16334304428680074, -0.6517934437905524, -0.5241642155023987, -0.5954209343060664, -0.3230797317048093, -0.035235286294521724], [-0.6850007260202737, -0.1783374356362813, 0.39805469542365285, 0.1954645702035671, -0.6862404590371148, -0.7087844264992075, -0.2014677422556233, 0.154151872434528, 0.7321598764153727, -0.07494910657816702, 0.4795113366258448, -0.20295455135218785, 0.36806101241272604, -0.08890048330782296], [-0.3888240126334278, -0.6653511684978998, -0.561038737365164, -0.3890587164333609, -0.3301503379288073, 0.2491350113084582, 0.6591087335826568, 0.2516290490046788, -0.013750464848036124, -0.38469839328826444, -0.07279108610150484, 0.2521916214825112, 0.5040693354536034, -0.06429535262708408]], "inverted": false, "swapped": false, "error_lsq": 0.037843248503275265, "error_max": 0.3154595037819885, "target": "775.xyz", "model": "18.xyz", "model_rescale": 3.9405287249114394, "target_rescale": 3.8959900132554},
{"mapping": [3, 1, 0, 6, 10, 14, 11, 5, 8, 12, 4, 13, 7, 15], "R": [[0.7228357338499173, -0.014483328691704156, -0.6908681025055794], [-0.6420625169084065, 0.35553992937401235, -0.6792253550935541], [0.25546864044515094, 0.9345488707449869, 0.24769776328900472]], "T": [-0.14825035495445346, -0.028559238077456528, -0.04047809125448873], "aligned_model": [[-0.20160104481734378, 0.02239429867710893, -0.13341242372792597, 0.43939865760754226, 0.2408142343400417, -0.40821740224317205, 0.09477205364496707, 0.6088107360660712, 0.23149945756153886, -0.5991277905684192, -0.655098824210284, -0.5228502946912145, -0.3298281799512537, -0.1142901793767217], [-0.6851491282669878, -0.07744989406284605, 0.4841258431910622, 0.2775502440264234, -0.710179541177446, -0.7331015661636665, -0.3888777855169505, 0.181719793596626, 0.6256682238206095, -0.2034925968752141, 0.47046334729414896, -0.2077383906102632, 0.5163506183425558, -0.049120734769039075], [-0.5803595734948208, -0.6760955311691915, -0.4983078644208484, -0.385802690136795, 0.003414330705462383, 0.14866789557852353, 0.5342599840367221, 0.2313745821917931, -0.03350216633801528, -0.2978628620613527, -0.210024890452051, 0.48763133094777344, 0.36661930592104663, -0.04383637019988787]], "inverted": false, "swapped": false, "error_lsq": 0.04082675967462015, "error_max": 0.22584840933153702, "target": "775.xyz", "model": "19.xyz", "model_rescale": 4.410303926677745, "target_rescale": 3.8959900132554},
{"mapping": [11, 4, 0, 2, 12, 9, 8, 7, 1, 6, 3, 10, 5, 13], "R": [[-0.9564498627539235, 0.10745755778190193, 0.27139737160398236], [0.28246172822651383, 0.5752036018801059, 0.7676953747883619], [-0.073614075592185, 0.8109215064725448, -0.5805060535558662]], "T": [-0.09628883193421567, 0.012116825503574784, -0.11846958989331381], "aligned_model": [[-0.39449760618440727, 0.02707103058345324, -0.13025943262683964, 0.3622630727065408, 0.35437149076278596, -0.13582981072547554, 0.07924564920051397, 0.5846239890740733, 0.3392288824322347, -0.45891129757258575, -0.6547990207735352, -0.7115858878631823, -0.4844347318713491, -0.10322302883129117], [-0.7200827607443366, -0.3142708619767175, 0.6418731462147106, 0.20776357985713623, -0.5922678801238268, -0.5547859829196314, -0.1265875574621374, 0.0026924014014456654, 0.5550081945636481, -0.05711835482358934, 0.46175361203153537, -0.26578199003328784, 0.2714948337132331, -0.008921946869169726], [-0.36764546623824734, -0.7294907162013416, -0.4581935180109817, -0.5544297096466504, -0.07051817240766596, 0.27000749255393275, 0.6170617292808889, 0.08918896489937907, 0.16208909032438434, -0.5659260239714848, -0.22735404638680765, 0.34984205238732224, 0.5751704696386913, -0.04362666511306075]], "inverted": true, "swapped": false, "error_lsq": 0.05066663546307289, "error_max": 0.27661303640829743, "target": "775.xyz", "model": "20.xyz", "model_rescale": 4.121658175737393, "target_rescale": 3.8959900132554},
{"mapping": [0, 9, 2, 1, 3, 5, 10, 4, 11, 6, 8, 7, 13], "R": [[-0.8343796746420413, -0.007806708812601147, 0.551134841796231], [0.06425164590447979, -0.994460549775158, 0.08318618238298997], [0.5474324474698287, 0.10482018049214561, 0.8302592638560484]], "T": [0.06986117611017689, 0.021136507283195008, -0.1172588342415994], "aligned_model": [[0.11261887585190267, -0.20343968751714192, 0.26296635922892464, 0.4358117345749386, 0.6161857351306106, -0.24717428897892962, -0.3463943647056052, 0.3918579506878447, -0.6485084873676765, -0.2334247279822536, 0.20326546075298327, 0.5000091644447562, 0.03730918054394152], [-0.5698914108629529, -0.03034723113762286, 0.5592850146154189, -0.17550951683662258, 0.17326436815716217, -0.6569017273303349, 0.4913338062614442, -0.6392542469287886, -0.10099969199498096, -0.2827107922062828, 0.6946904825404985, 0.18354636932910834, -0.10567851944286304], [0.6262105160601994, 0.6208268063308076, 0.3479494367958581, 0.4529072089045774, 0.0343691555823724, 0.0386263762046533, 0.2215848830817695, -0.2321761069302198, -0.007935159622758772, -0.6788763976122444, -0.3293638885358358, -0.6706079914085041, -0.053405099368885434]], "inverted": true, "swapped": true, "error_lsq": 0.050913071890506645, "error_max": 0.3112305095001997, "target": "775.xyz", "model": "21.xyz", "model_rescale": 4.08911054899281, "target_rescale": 3.8959900132554},
{"mapping": [14, 12, 10, 7, 4, 15, 1, 0, 6, 9, 5, 11, 8, 16], "R": [[-0.24323530130486254, 0.7989823043959459, 0.5499671494382888], [0.250614484442543, -0.49597584629890623, 0.831384592156772], [0.9370319996599537, 0.34005181539028445, -0.07959770388045623]], "T": [-0.055354645955624296, -0.13492656172977124, -0.06992920971366685], "aligned_model": [[-0.2664030162737953, -0.045659389895732844, -0.20843321823390476, 0.38093921563520866, 0.5316443604506521, -0.47329000230582546, -0.00141521224861961, 0.6364561028512279, 0.20915457990345304, -0.6049793723454618, -0.5922703208268572, -0.6437938273952808, -0.24062299911756702, -0.008063601886561661], [-0.6088598852810624, -0.18583940854871364, 0.478646928173986, 0.27217014836202635, -0.502929616140305, -0.6721055096750566, -0.21467574367328257, 0.06951632611549863, 0.5438554641660431, -0.07263884889390829, 0.31647879030144455, -0.09382499658279053, 0.3074144073198459, -0.13643962281471353], [-0.44764388530985666, -0.8063281437655904, -0.5711576331011519, -0.4568608871194173, 0.00943138687129487, 0.19136723819751333, 0.7179343487383965, 0.2123479442043632, 0.08772217565155664, -0.5189063945828892, -0.14532032446408344, 0.4178648260714615, 0.43084231750905827, -0.07511748779229707]], "inverted": true, "swapped": false, "error_lsq": 0.038979931441254334, "error_max": 0.21348002103921287, "target": "775.xyz", "model": "22.xyz", "model_rescale": 4.204369325754507, "target_rescale": 3.8959900132554},
{"mapping": [3, 1, 0, 6, 10, 14, 11, 5, 8, 12, 4, 13, 7, 15], "R": [[0.7228357338499173, -0.014483328691704156, -0.6908681025055794], [-0.6420625169084065, 0.35553992937401235, -0.6792253550935541], [0.25546864044515094, 0.9345488707449869, 0.24769776328900472]], "T": [-0.14825035495445346, -0.028559238077456528, -0.04047809125448873], "aligned_model": [[-0.20160104481734378, 0.02239429867710893, -0.13341242372792597, 0.43939865760754226, 0.2408142343400417, -0.40821740224317205, 0.09477205364496707, 0.6088107360660712, 0.23149945756153886, -0.5991277905684192, -0.655098824210284, -0.5228502946912145, -0.3298281799512537, -0.1142901793767217], [-0.6851491282669878, -0.07744989406284605, 0.4841258431910622, 0.2775502440264234, -0.710179541177446, -0.7331015661636665, -0.3888777855169505, 0.181719793596626, 0.6256682238206095, -0.2034925968752141, 0.47046334729414896, -0.2077383906102632, 0.5163506183425558, -0.049120734769039075], [-0.5803595734948208, -0.6760955311691915, -0.4983078644208484, -0.385802690136795, 0.003414330705462383, 0.14866789557852353, 0.5342599840367221, 0.2313745821917931, -0.03350216633801528, -0.2978628620613527, -0.210024890452051, 0.48763133094777344, 0.36661930592104663, -0.04383637019988787]], "inverted": false, "swapped": false, "error_lsq": 0.04082675967462015, "error_max": 0.22584840933153702, "target": "775.xyz", "model": "23.xyz", "model_rescale": 4.410303926677745, "target_rescale": 3.8959900132554},
{"mapping": [6, 5, 2, 4, 9, 14, 11, 10, 3, 12, 0, 7, 1, 16], "R": [[0.19912520550986484, -0.8240480411983191, 0.5303715474343128], [-0.11885610000946761, -0.5575226119095544, -0.8216092530516484], [0.9727396260157153, 0.10056521767868729, -0.20895994107015997]], "T": [-0.06413915907908305, -0.18665473147795142, -0.03414060893965189], "aligned_model": [[-0.4003706961276341, -0.08371140850593586, -0.07853973892055352, 0.3560843365344972, 0.43600663286217844, -0.0854322057791169, -0.005438380055237883, 0.4715722157585265, 0.12739024790273892, -0.7167304983495822, -0.5159499283081874, -0.604607609533202, -0.1721955156675873, -0.05481415349996831], [-0.6975775272077882, -0.1439681295299587, 0.5607193295514392, 0.20555802980534177, -0.5252397930320264, -0.8491994041644062, -0.3754884516208119, 0.036581212519840645, 0.6921277690471889, -0.09616389813130805, 0.3866276039230384, -0.03542025280382727, 0.4099143393883178, -0.06770239491602745], [-0.48558754940704907, -0.6613541407567192, -0.5577039645892292, -0.41290932017645415, 0.13209514691406238, 0.10272119315159632, 0.5672058230691898, 0.26075425783938794, -0.05171296410435454, -0.4946965640342134, -0.2280483287755558, 0.32216387209614317, 0.5731192341727602, -0.01987121429120578]], "inverted": false, "swapped": false, "error_lsq": 0.042358401844378016, "error_max": 0.2704649476157309, "target": "775.xyz", "model": "24.xyz", "model_rescale": 4.28219845311461, "target_rescale": 3.8959900132554},
{"mapping": [3, 9, 5, 11, 13, 4, 2, 14, 10, 1, 8, 0, 6, 15], "R": [[-0.44311933072260173, -0.26601009518169805, -0.8560863788201383], [0.8959648783852113, -0.1632338997791276, -0.4130395025455448], [-0.029869640776661155, -0.9500491162167992, 0.3106677990000759]], "T": [0.002329275902639358, -0.14629691708386475, -0.11979483424842927], "aligned_model": [[-0.4995957003801809, 0.22117706702751666, -0.27201021269873127, 0.34286712546698583, 0.4248193199712749, -0.3988803308104134, 0.09600119124851321, 0.4894365044392975, 0.14656450477736704, -0.6057274732836752, -0.3510908454902484, -0.5780833534331672, -0.29333235325692203, -0.0488821452666813], [-0.5113370571726275, -0.29578721970585214, 0.34992716186028106, 0.21885927189587265, -0.5313024077366618, -0.7270720065757131, -0.28370917608598334, 0.2308207573093183, 0.6218039416245279, -0.05259910252660713, 0.450079047369361, -0.2125695560070122, 0.4016698503995506, -0.15801507181944122], [-0.5833273133340819, -0.7415922109079148, -0.7552318408699462, -0.33698599869228796, 0.04203653405538821, 0.07093985041223944, 0.5443764296130006, 0.32814872521218164, 0.017762747988111866, -0.29689680533524787, -0.15688908913978936, 0.4496639342971641, 0.5317523687518688, -0.06758185094232838]], "inverted": true, "swapped": false, "error_lsq": 0.046242617979792185, "error_max": 0.29525851628933214, "target": "775.xyz", "model": "25.xyz", "model_rescale": 4.100010024507729, "target_rescale": 3.8959900132554},
{"mapping": [7, 8, 12, 10, 4, 5, 6, 9, 2, 0, 3, 13], "R": [[-0.9796525106779731, 0.1996634497751799, -0.020382962155142546], [-0.19660629237924032, -0.9751132909247525, -0.10246968165651671], [-0.040335147442800326, -0.09637726228615029, 0.9945272742338414]], "T": [-0.06511645134916336, 0.03034241218043581, 0.011197030571174632], "aligned_model": [[-0.6630129375061724, -0.1080782126488643, 0.31734011446596333, 0.573923866207487, -0.559180306997911, 0.09449134242175955, -0.2000037316504895, 0.5341077822358158, 0.16877324033612243, 0.140663123800408, -0.3839450798113089, -0.038313598489803244], [-0.33644954670391014, -0.6864799130932362, -0.38229228639723434, -0.26778992235384774, 0.585780321090377, 0.7559891659793849, 0.18786115437202, 0.32833067829568047, -0.36516585121827483, 0.8053016557475209, -0.13216848613093485, 0.17321442046309446], [0.17114388310121786, -0.016736029741105857, 0.5225924779140821, -0.09795343272620627, 0.031033525637844554, 0.19150142160643638, 0.6870025321660376, -0.4062327974748412, -0.565154415023945, -0.4996667800620954, -0.4541447478498022, 0.0018066523067338715]], "inverted": false, "swapped": true, "error_lsq": 0.04862096667442029, "error_max": 0.2947930551065748, "target": "775.xyz", "model": "26.xyz", "model_rescale": 3.6694154284099745, "target_rescale": 3.8959900132554},
{"mapping": [11, 10, 4, 8, 9, 12, 3, 7, 5, 2, 0, 6, 1, 13], "R": [[-0.3425122278940664, -0.9381506495021121, 0.050583916236367155], [0.6447999516635041, -0.19557094358969024, 0.7389079972216979], [-0.6833142732870328, 0.2857015310813067, 0.6719049330522966]], "T": [-0.03469442757184275, -0.013026174745656087, -0.0996749796854178], "aligned_model": [[-0.35337074721653067, 0.05319117085953815, -0.14603296040474092, 0.4841393505049992, 0.39312911255705135, -0.3542378686872535, 0.17208219100491806, 0.4097256914304508, 0.1132778043582999, -0.6677290587234893, -0.4508336169226277, -0.5232138762649262, -0.3687623682620534, -0.08810152592270051], [-0.7267614405709617, -0.20182601843910727, 0.40412725824457313, 0.17064755276754504, -0.5433994223347866, -0.7007177243081203, -0.40416063334837327, 0.08585109395941434, 0.7264978269378161, -0.11482396309955037, 0.4967599941339998, -0.13485720617202274, 0.46295424969732996, -0.019523134638743625], [-0.4535151171206563, -0.6640520349439772, -0.7990442058742815, -0.42437894482592187, -0.1228001223593985, 0.1342163097161928, 0.5764082146309787, 0.33488522129697307, 0.1394629914375842, -0.32558206733925177, -0.16196125617242535, 0.36690446674850374, 0.5647705788412575, -0.11913855292721914]], "inverted": true, "swapped": false, "error_lsq": 0.04403020010526555, "error_max": 0.30506370561991364, "target": "775.xyz", "model": "27.xyz", "model_rescale": 4.103607728864725, "target_rescale": 3.8959900132554},
