[{"mapping": [0, 10, 2, 5, 1, 3, 8, 9, 11, 7, 6, 12], "R": [[-0.5651439540642711, -0.8189947503797481, 0.09929707969026613], [-0.794561620963611, 0.5727295390860485, 0.2016251610041796], [-0.22200031909049134, 0.035049592133096635, -0.9744164327509177]], "T": [-0.06673443237467093, -0.06158082690364901, 0.08067301249998067], "aligned_model": [[-0.11361700477512635, 0.07915509850317605, 0.5157919939337309, 0.024980217002359764, -0.14653661401773888, -0.5435118158343544, 0.41337514038120565, -0.24582307651416618, 0.48782121347865437, 0.10276888052847448, -0.6432735289852218, -0.09348804124044482], [-0.3471397722027892, -0.8381586231613758, -0.23293399258265074, 0.6972200989269322, 0.37713377384114116, -0.5314475864877654, -0.22795791709883229, -0.5097048828531614, 0.16318475008946315, 0.3985322898467517, 0.15308754636450878, -0.04826064870516493], [-0.5652450243622034, -0.06860219542529318, -0.6484677222307219, -0.02826961313799449, -0.6194087210128875, 0.13574128592400259, 0.42474153312064206, 0.7524257021342549, -0.009440391999624945, 0.591211436142189, 0.24192390671451053, -0.024658450513310948]], "inverted": true, "swapped": true, "error_lsq": 0.03989384482114011, "error_max": 0.2116934184451802, "target": "776.xyz", "model": "0.xyz", "model_rescale": 3.751011558992144, "target_rescale": 3.7894835718083537},
{"mapping": [9, 10, 11, 13, 5, 4, 8, 1, 7, 3, 12, 6, 14], "R": [[-0.20542409975964576, 0.9700457858436, 0.12966153093732755], [-0.9774594589238224, -0.1967648861238525, -0.0765283329820769], [-0.048723150537371834, -0.1424596537821842, 0.988600678558321]], "T": [-0.021731383147546187, -0.06412582350038389, -0.014294378708967992], "aligned_model": [[-0.4634012237796828, 0.14386845950822943, 0.01499810961072132, -0.745723061990249, -0.4356943567624949, 0.583113734321717, 0.11071060951761655, 0.5826286393828477, 0.21093469362080053, -0.4497977329302788, -0.3766930497135142, 0.5411364060344349, -0.0526769860653338], [0.006601468914065253, -0.18623969259859985, 0.5641792116240625, -0.06423899704436709, -0.4878047698737942, -0.48187905041409823, -0.708055636134759, -0.05429152012662938, 0.47124065719530817, 0.20183756921232687, 0.5861124272710908, 0.40635670455883194, -0.02388069545974475], [-0.49814871972287056, -0.8080945067104106, -0.5048193180603371, 0.04348307761140238, -0.21232683532001542, -0.3062166203874327, 0.07643470769342117, 0.3326030111342691, 0.30023106043066505, 0.5596642987524034, 0.04198649352640413, -0.17414364508995211, -0.034946540155525216]], "inverted": true, "swapped": false, "error_lsq": 0.049427919848753755, "error_max": 0.27314452467858513, "target": "776.xyz", "model": "1.xyz", "model_rescale": 3.9405287249114394, "target_rescale": 3.7894835718083537},
{"mapping": [9, 8, 10, 5, 9, 4, 2, 1, 6, 0, 11, 3, 12], "R": [[-0.9720115067476065, -0.09514453745020664, 0.2148049062373436], [-0.212860176657928, -0.030258634021955555, -0.9766140282938193], [0.09941919303335471, -0.9950034834413956, 0.009159257398117515]], "T": [0.1097848936782562, 0.05538788258868077, 0.006664717826335764], "aligned_model": [[-0.41853321803729393, 0.13846119050247405, -0.06845198583703846, -0.5615752970356617, -0.41853321803729393, 0.6741179925711335, -0.14968486676629525, 0.5044291895208665, 0.0965597278876699, -0.19715342010740952, -0.47529255189237984, 0.43505450893837316, 0.10400618904766956], [-0.036586901788109444, -0.21612168810164312, 0.40958816318971464, -0.15220451235956772, -0.036586901788109444, -0.2705017049140471, -0.5331305447534516, -0.37386892731543014, 0.510453337890849, 0.10573947731345036, 0.45987091344998193, 0.395449564730665, -0.03216259843060934], [-0.5956655229570882, -0.7186972560417237, -0.737822283615039, 0.19175164945839654, -0.5956655229570882, -0.2522172091868762, 0.23136703560521651, 0.5425945670305969, 0.3034747913916806, 0.7852426373147858, -0.03447102656923349, -0.31792334156000496, 0.013737945788399058]], "inverted": true, "swapped": false, "error_lsq": 0.05469307363619503, "error_max": 0.4532608965662354, "target": "776.xyz", "model": "2.xyz", "model_rescale": 3.932901565614263, "target_rescale": 3.7894835718083537},
{"mapping": [3, 8, 11, 0, 3, 9, 7, 5, 6, 2, 1, 12, 13], "R": [[-0.07766312221700927, 0.5023460764649395, -0.8611717940735095], [-0.9959085145641358, 0.0009398090883926957, 0.09036231170977288], [0.04620248982644398, 0.8646661414784083, 0.5002177463012272]], "T": [-0.056401064726170944, 0.021684350859612737, -0.09191119474506057], "aligned_model": [[-0.4263252871559059, 0.053797942479301766, -0.006044715807746445, -0.6539872375806409, -0.4263252871559059, 0.5801032187388506, 0.08402287097384777, 0.5061239002887475, 0.21719920112483815, -0.3865797414456768, -0.5586759867575539, 0.6382702149126419, 0.04182514814001616], [-0.1463209927405957, -0.2826747317010031, 0.4666392283479036, -0.12531337714743318, -0.1463209927405957, -0.2940032156496344, -0.6753760418917095, -0.14254033439914593, 0.3819471874793877, 0.2490861730811114, 0.5528989359308906, 0.32191242564239536, 0.0700034129121218], [-0.4011291635999621, -0.7507043741311994, -0.8646906545461182, 0.1731034522405747, -0.4011291635999621, -0.2789849686178152, -0.02764242715899458, 0.32449678085254163, 0.419992940575889, 0.6384793212588082, 0.027669690926821477, 0.010190355276147062, -0.05394532577470838]], "inverted": true, "swapped": false, "error_lsq": 0.054684179279863014, "error_max": 0.33902986861160694, "target": "776.xyz", "model": "3.xyz", "model_rescale": 3.9243930471874484, "target_rescale": 3.7894835718083537},
{"mapping": [11, 8, 10, 5, 9, 7, 1, 2, 3, 0, 6, 4, 12], "R": [[0.924182738218653, 0.27084108319975964, -0.2693164941659787], [0.3799427430042648, -0.5796884737875885, 0.7208361709821531], [0.0391123818894733, -0.7685091938350492, -0.6386421850879683]], "T": [-0.05255592586347549, 0.03795013437932715, -0.20307959919398955], "aligned_model": [[-0.7170697168287151, 0.2709587586948631, 0.04315065374156668, -0.5943452041389692, -0.3365473246551808, 0.5620442382664639, -0.12149604145247092, 0.5627977687262796, 0.1323253158507921, -0.04775943303645941, -0.5077154391183476, 0.5300493104180184, -0.11298864571302633], [0.16290708166640838, -0.1744640078819929, 0.5458169797810858, -0.05512537669577153, -0.42000082908691133, -0.44242599141248296, -0.5906547379315112, 0.004203300436994906, 0.5510566652359704, -0.06530800846651985, 0.5527755935480229, 0.15086802052836684, 0.010288987402033017], [-0.6141042509233199, -0.6996224976013011, -0.6827036576823877, 0.31790449553320255, -0.6584005763623484, -0.017542069478626715, 0.12897984571329724, 0.4835174238604256, 0.1912476567992084, 0.6410987604866996, 0.018958863289518374, -0.18936978208748995, -0.10425774784485545]], "inverted": false, "swapped": false, "error_lsq": 0.05571295835522443, "error_max": 0.3249830309747045, "target": "776.xyz", "model": "4.xyz", "model_rescale": 3.8936222436046832, "target_rescale": 3.7894835718083537},
{"mapping": [2, 10, 8, 11, 9, 3, 4, 6, 5, 1, 7, 12], "R": [[0.8225616999352714, -0.2781396793200076, -0.49601468585855424], [0.40759333887302895, -0.3198826233661221, 0.8553027401889602], [-0.39656010881823844, -0.9057115578682716, -0.14975531388867608]], "T": [-0.10876817703692464, 0.016541872698661548, -0.031238698687615585], "aligned_model": [[0.11375343315177187, -0.7324876593976428, -0.22329706685468448, 0.28141911904670236, -0.7645886969907525, -0.6902376344081751, -0.08430753661413622, -0.12479639410813546, 0.6418877077145073, 0.4725788620469169, 0.21124449861520478, -0.07362058998647977], [-0.7905289894757644, -0.39990695272967836, 0.22665201385103736, -0.05715551664727167, 0.5156368861584971, -0.0336123234148306, -0.3281714202518829, 0.30636431749691956, 0.1578823015468064, -0.4820157695979373, 0.6281583237452512, -0.07437996557133904], [-0.4778547667007817, -0.3213840065670187, -0.5963108594403617, -0.4878507040027376, -0.10154660121829633, 0.3011793914266797, 0.5680678762088824, 0.5346479843468694, 0.08100008023331831, 0.2888069545497679, -0.18808939054812424, 0.01861876098732039]], "inverted": false, "swapped": true, "error_lsq": 0.05135979086105202, "error_max": 0.2915121857115077, "target": "776.xyz", "model": "5.xyz", "model_rescale": 3.6523030999806103, "target_rescale": 3.7894835718083537},
{"mapping": [11, 10, 9, 3, 4, 6, 2, 1, 5, 0, 7, 8, 12], "R": [[-0.9400983476516045, 0.3077985474100526, 0.14654402394838534], [-0.33915993368332614, -0.8010462323370375, -0.4932499093183486], [-0.034433067342965196, -0.5134052861735053, 0.8574551743400096]], "T": [0.04452340499661481, 0.026423339512750936, -0.13131150424388507], "aligned_model": [[-0.6744489494007287, 0.16072891216005744, 0.08655215495772928, -0.5141745971544455, -0.31797701330020656, 0.6125221361788724, 0.009181761580419515, 0.27852677012725, 0.17824189057925877, -0.2761389898705471, -0.46188397047996566, 0.5952802854459162, -0.013006150068796171], [0.1628033088367037, -0.3094987999031787, 0.45290079187505455, -0.06987808622941213, -0.3774744958489375, -0.25938424308576785, -0.7157373644616932, -0.27415956657437995, 0.5232052750096304, 0.12983982646876374, 0.48006195758669684, 0.41099708528264156, 0.07626198816757146], [-0.6202371230454746, -0.8258081838774922, -0.7135601126440315, 0.27021468511419433, -0.3172996416389607, -0.26664785995308027, 0.024123665283214496, 0.44943560738836086, 0.315041052782736, 0.803377957150877, -0.06362373613127742, -0.18104072471596266, -0.05826912201108146]], "inverted": false, "swapped": false, "error_lsq": 0.047360656281832454, "error_max": 0.32989551344898926, "target": "776.xyz", "model": "6.xyz", "model_rescale": 4.08911054899281, "target_rescale": 3.7894835718083537},
{"mapping": [8, 3, 4, 11, 9, 0, 1, 2, 7, 13, 10, 6, 14], "R": [[0.40264246330400294, -0.12939362982034444, -0.9061657328030014], [-0.12680125254773408, 0.9725294872732291, -0.19521229145828972], [0.9065321224848079, 0.19350370783524068, 0.3751743940585544]], "T": [-0.10162114081133208, 0.14809312244327283, -0.03325535563955509], "aligned_model": [[-0.44036207891680557, 0.2624783476380804, 0.03020187398774732, -0.62264261906247, -0.35218485803658395, 0.554955748187081, -0.03262872052335908, 0.523779357479028, 0.4077343116221771, -0.14844220146826095, -0.7264340532019651, 0.3834517548684212, -0.17650262181827675], [0.13499725460758838, -0.06619485332720737, 0.5624258993800478, -0.04810098969833665, -0.49837376017394125, -0.46466272160136396, -0.5377149476724057, -0.13477296600291905, 0.5709486911060633, 0.07189937425239248, 0.4841503365529089, 0.15067602482926945, 0.004660334871596006], [-0.6250594181315575, -0.7025562313425828, -0.5880530957461612, 0.15268966988982374, -0.3991183097593125, -0.31270704650257175, 0.2174504395914517, 0.3898291938733939, 0.36804148669112424, 0.6933097297913431, -0.15954578226322588, -0.15090135406533714, -0.06767281832436589]], "inverted": false, "swapped": false, "error_lsq": 0.045080379374032725, "error_max": 0.26025696875099474, "target": "776.xyz", "model": "7.xyz", "model_rescale": 3.964800864290218, "target_rescale": 3.7894835718083537},
{"mapping": [2, 1, 7, 6, 0, 5, 3, 10, 9, 11, 4, 8, 13], "R": [[-0.021170444150899907, -0.7738371189352127, 0.633030746214197], [0.8473045358905216, 0.3222035423789436, 0.42220836175732945], [-0.5306852511176482, 0.5453081611680772, 0.6488545088151032]], "T": [-0.0798531119930354, 0.033477307416707375, -0.11361272823410265], "aligned_model": [[-0.5697128776377346, 0.13250229863732138, 0.05262296257350922, -0.48247124893856774, -0.4356160243839276, 0.642457727299893, -0.142887264427462, 0.46208404659784846, 0.33015595075227705, -0.2693807854083414, -0.6889152305251385, 0.6365768102825716, -0.004012124067434966], [0.17003554178585684, -0.07211491085802585, 0.5003412649092118, -0.1751104562080233, -0.47623041806733424, -0.3853460780543063, -0.6775197719565319, -0.14363620414711917, 0.44976712689569953, 0.3730592632521115, 0.3312176403867918, 0.28737186522063385, 0.048102813964728534], [-0.537874423868522, -0.8255645202735835, -0.6345170378952811, 0.24818224664404645, -0.4696887836938576, -0.06974079881534598, 0.014732682482463177, 0.47805350636713007, 0.2503269390920527, 0.6184369154202487, 0.07476833478947101, -0.22903933432211374, -0.10236926222468606]], "inverted": false, "swapped": false, "error_lsq": 0.052950795250584645, "error_max": 0.32321481572822375, "target": "776.xyz", "model": "8.xyz", "model_rescale": 4.121658175737393, "target_rescale": 3.7894835718083537},
{"mapping": [1, 9, 4, 2, 6, 7, 8, 11, 10, 3, 0, 5, 12], "R": [[0.08627861036650761, -0.19326195960173978, -0.9773463134243257], [0.9045574378895764, -0.395936462732144, 0.15814600544371327], [-0.4175306491167681, -0.8977104947866285, 0.1406556952209087]], "T": [0.01727521566751052, -0.019380358787201613, -0.06608254195106471], "aligned_model": [[-0.5934457666382829, 0.3202198142867204, -0.18637916147913944, -0.6027242086577494, -0.21067552570281017, 0.6032259140291722, -0.12816886699418886, 0.31352575708804853, 0.338925698825234, -0.20382598150902137, -0.33134059248476866, 0.4021700812260098, -0.05810292123440988], [0.132151505354707, -0.1856620306771785, 0.44407911145160606, -0.11300649966929406, -0.4925439617285971, -0.3484315297916964, -0.7173613251083601, -0.24614876580426365, 0.48332817355389107, 0.15081391604304556, 0.6857045768721001, 0.43605145612656543, 0.0009630505011677393], [-0.347133590044922, -0.8235551769656024, -0.7953685844842386, 0.23254985823143165, -0.5181187290580394, -0.12606600853358996, 0.08298766700893533, 0.4475747181363268, 0.4032850419224199, 0.6720449273197469, -0.07818605115005339, -0.2278098145640463, -0.1064977941163458]], "inverted": true, "swapped": false, "error_lsq": 0.055151929100348156, "error_max": 0.29552171681361933, "target": "776.xyz", "model": "9.xyz", "model_rescale": 3.833441315466971, "target_rescale": 3.7894835718083537},
{"mapping": [7, 3, 4, 11, 9, 2, 8, 13, 0, 10, 12, 5, 14], "R": [[-0.7718818081978912, -0.5647538977968137, 0.2919786106831458], [0.07427410641745312, -0.536213738722637, -0.8408080539106297], [0.6314125682064325, -0.6273179905983868, 0.4558402213304126]], "T": [-0.08699188705704769, 0.18980239507578678, -0.08443510928320633], "aligned_model": [[-0.5396674958189673, 0.05628814813189115, 0.1829824499080504, -0.7202814902580936, -0.04862312798066784, 0.43156149471177147, -0.2552266270219158, 0.5930938791625056, 0.24825392152962739, -0.2983006581495182, -0.4738933505121739, 0.5651699595248956, -0.0779528624725912], [-0.12126882602978079, -0.18201558267609158, 0.49724707899370013, -0.021090644792229413, -0.5809575927399201, -0.2799892177274922, -0.5082999844129328, -0.03149431718875903, 0.43358474634339805, -0.04269002722609455, 0.6030180665088751, 0.3484330947397714, 0.11546088333124882], [-0.4615736321282382, -0.8561501296659847, -0.7689087784634816, 0.05629685317116928, -0.334168979717284, -0.24889934771652028, 0.21873069089531164, 0.2679817704787042, 0.4559382567695329, 0.6752029758280285, 0.12191440917796278, -0.16784031567918112, -0.14281730924799732]], "inverted": false, "swapped": false, "error_lsq": 0.05613739759366365, "error_max": 0.34599168949339093, "target": "776.xyz", "model": "10.xyz", "model_rescale": 4.2482417240324, "target_rescale": 3.7894835718083537},
{"mapping": [2, 10, 3, 9, 1, 4, 0, 6, 8, 5, 11, 12], "R": [[0.29741178896470805, 0.500992931946783, -0.8127436926388162], [-0.3026826565863922, 0.8568288753857147, 0.41740566324267353], [0.9054995511796883, 0.1218620549827471, 0.406472880237742]], "T": [0.08917786089759229, 0.050411124920514534, -0.1544710045586929], "aligned_model": [[-0.817461586916551, -0.030014959563530494, 0.49757299276091294, 0.7574013203438825, -0.42840878786045067, 0.09333898983547763, -0.3278134012849307, 0.5647482102340805, 0.04739210013569807, -0.1382007011870085, -0.3687787446941045, 0.026990170559531138], [-0.14863027049231986, -0.6079763673873044, -0.11650277432498513, -0.43527650380297633, 0.6638518585913564, 0.4840637790967688, 0.04041695924469727, 0.45760393106473857, -0.42662526892511504, 0.6579783391161748, -0.00973335144524113, 0.10696105931484537], [0.042334966790907536, 0.29157708487174533, 0.3519647034908553, -0.1959983878356451, 0.05706587166111468, 0.3845299309810566, 0.41734225262848534, -0.042629363192625724, -0.538215599335016, -0.573063870445654, -0.5454062216688624, -0.08430907809200511]], "inverted": true, "swapped": true, "error_lsq": 0.05181626363903044, "error_max": 0.2436071863044263, "target": "776.xyz", "model": "11.xyz", "model_rescale": 3.6694154284099745, "target_rescale": 3.7894835718083537},
{"mapping": [9, 7, 11, 2, 10, 5, 12, 0, 4, 1, 8, 6, 13], "R": [[0.0148992532840169, 0.9718855415377456, 0.2349819278188471], [-0.9971471224581334, 0.031834197622401555, -0.06844121590973296], [-0.07399748931581066, -0.23329183014332294, 0.9695871768764972]], "T": [-0.008634489503900382, 0.01667096845522293, -0.09337651125859023], "aligned_model": [[-0.4055499706056365, 0.10124151593293068, 0.02458116548944172, -0.5701000581302288, -0.4336746427769658, 0.610963205285663, -0.07816030683542294, 0.5148571072172525, 0.17255203149590553, -0.1908102359172577, -0.6330868915981028, 0.49960355789926986, 0.050987763297965775], [0.19438825534863569, -0.3201883265844059, 0.6593082757804068, -0.07035294686321977, -0.3746668264792726, -0.46893095098171494, -0.617101375773788, -0.03450194371579228, 0.6040027990375879, -0.0046645090424730605, 0.4369141367886295, 0.20079211044831, 0.02493897916078955], [-0.7683290530651316, -0.7465368263759389, -0.45523651236989704, 0.22833271584265294, -0.35743026652417675, -0.2510478939737262, 0.14171342191877231, 0.39043723973215405, 0.3188023517888099, 0.7329589466035564, -0.17117579338233815, -0.259654368162763, 0.012872501670047831]], "inverted": true, "swapped": false, "error_lsq": 0.04303893288233456, "error_max": 0.28470338815219604, "target": "776.xyz", "model": "12.xyz", "model_rescale": 3.9764082729961374, "target_rescale": 3.7894835718083537},
{"mapping": [8, 1, 11, 7, 2, 12, 0, 5, 6, 4, 3, 13, 15], "R": [[-0.8282483271423229, 0.4996964921528138, -0.2535904657437208], [-0.08461689056415227, -0.5588878750415107, -0.8249147379958971], [-0.5539356374320022, -0.6617762150922003, 0.5051807109550441]], "T": [0.07641540272017275, 0.024553372197057232, -0.10791997782985284], "aligned_model": [[-0.397322131340745, 0.10767037122028614, -0.03973918232604676, -0.6128629490011398, -0.4565854450597302, 0.6183016591418059, -0.20470711501127917, 0.49030769422621034, 0.3758450951534559, -0.15829688539676753, -0.5907913500721107, 0.5239851431867286, 0.007599336034145976], [0.10495622053954297, -0.38885666843052147, 0.6119879291332633, -0.13871559166174616, -0.5002354565849183, -0.13306271292993074, -0.5550172332772608, -0.31153999329634163, 0.5029443272489348, -0.0006808326823605111, 0.5316591100060917, 0.42766940642258217, 0.07882917263635753], [-0.6263415895020952, -0.5889998501102844, -0.6294307183130329, 0.15527633333695212, -0.38498728979152563, -0.40579577368923175, 0.22700684521769493, 0.5390408606587843, 0.4070001704583005, 0.5704140833009753, -0.18616553376207928, -0.21589838565236308, -0.045412688450073485]], "inverted": true, "swapped": false, "error_lsq": 0.04759783118195546, "error_max": 0.2619447750619248, "target": "776.xyz", "model": "13.xyz", "model_rescale": 4.170626492500431, "target_rescale": 3.7894835718083537},
{"mapping": [1, 7, 9, 2, 0, 8, 4, 12, 11, 6, 3, 10, 13], "R": [[-0.521475595152868, -0.4313155349794955, -0.7362269439142486], [0.6800581818629516, 0.3110367397485091, -0.6639103974241366], [0.5153484965935371, -0.8468902265417698, 0.13112158955264047]], "T": [-0.0591141081449217, -0.016084605110448697, -0.04915235503566862], "aligned_model": [[-0.3710992121326648, 0.1808691784273977, 0.1141266955648945, -0.6037563347587591, -0.373244426889711, 0.4482020724847777, 0.05810155883028566, 0.5978422629437132, 0.1022314936074072, -0.311429882995708, -0.5713005272494799, 0.4317364355874419, -0.0388750726647812], [0.24138135164115457, -0.2491645940907963, 0.6683255757475133, -0.328154460993698, -0.33895872648839026, -0.5274250353998263, -0.6161709853116314, -0.1159105252060287, 0.6145303117307856, 0.25577876601589206, 0.43897035806215556, 0.1380213630095908, 0.048714278406972025], [-0.7027508907585426, -0.7877398879602889, -0.44648944961887904, 0.14810234649124987, -0.44021865519153963, -0.23003228766417208, 0.31031941618652287, 0.2576851155400349, 0.2264416844202809, 0.7057756708259735, 0.028717131971202202, -0.2807671198548779, 0.026663389315058163]], "inverted": true, "swapped": false, "error_lsq": 0.05306225178994031, "error_max": 0.3065564440939612, "target": "776.xyz", "model": "14.xyz", "model_rescale": 3.9786697098870705, "target_rescale": 3.7894835718083537},
{"mapping": [6, 3, 1, 5, 0, 2, 9, 8, 11, 7, 10, 12], "R": [[0.7981674213854602, 0.0031073885909166654, -0.6024276816141758], [-0.41214581157824937, 0.7321646464437599, -0.5422829155490616], [0.4393911667721508, 0.6811206021212612, 0.5856706650743051]], "T": [-0.0008585228796133479, -0.07446608350365433, -0.028670980533201097], "aligned_model": [[-0.20114685686177397, -0.6224533255160768, 0.5758900210949803, 0.6629341295244938, 0.024575060072128903, 0.4679539602661946, -0.7060135708819756, -0.020821638086916526, 0.49026071417173306, 0.223755599740273, -0.45020491524867146, 0.03862541849294731], [-0.557880892342878, -0.01100617467551504, 0.06425503705616795, -0.4492768855686128, 0.5048359345146513, 0.7504661360576872, -0.2977809029389421, 0.011391648905915375, 0.07365336301234951, -0.626074435725744, 0.5783019531430842, -0.026210291213724507], [-0.3901628852180506, -0.2750785721076152, -0.609249046286507, -0.15096200596981246, -0.43452107842316706, -0.03551528880668413, 0.3414998418024026, 0.5786177553185714, 0.29231886226755055, 0.35390144004166263, 0.10779010021392839, -0.11867262895844913]], "inverted": false, "swapped": true, "error_lsq": 0.055184789041492106, "error_max": 0.30392191495037224, "target": "776.xyz", "model": "15.xyz", "model_rescale": 3.769337070930944, "target_rescale": 3.7894835718083537},
{"mapping": [11, 2, 7, 8, 5, 1, 6, 0, 3, 10, 12], "R": [[-0.19562697300790907, -0.9396268381332405, -0.2807694650269001], [0.1500163973480738, -0.31160442167565805, 0.9382951374268566], [-0.9691362999900828, 0.14143581389417437, 0.2019176628965995]], "T": [0.009043624437313864, 0.19844134370001684, 0.026748344246231535], "aligned_model": [[-0.33921917410458724, -0.35554510218282825, -0.07830755599931709, -0.5709560875531476, 0.29519042426082287, 0.46867199804227544, 0.5488865543300678, 0.10703892379353548, 0.19329839498959134, -0.414050687941254, 0.06761844305601228], [-0.009727686619400294, -0.6725884807305073, 0.6930330472993504, 0.3836352297724279, 0.15215647336406254, -0.40397160367947194, 0.5282605117391669, -0.43930024030415216, 0.3259291953748222, -0.06733842829372691, 0.10597647970277026], [-0.4221955638168937, -0.06667146710829808, -0.4720840457536727, -0.04988874552182756, -0.6888190092302553, -0.312063877650871, 0.09209831536988877, 0.3176685919346264, 0.6599315618718357, 0.6568215401475171, 0.029420306981727488]], "inverted": false, "swapped": true, "error_lsq": 0.05372331645313402, "error_max": 0.29923455803513277, "target": "776.xyz", "model": "16.xyz", "model_rescale": 3.7852294659196426, "target_rescale": 3.7894835718083537},
{"mapping": [5, 1, 7, 10, 4, 3, 0, 8, 11, 9, 6, 2, 12], "R": [[-0.5965731862813615, 0.7708022192668336, -0.22352711733350916], [-0.25938841804094437, -0.4487541414553589, -0.8551826524859352], [-0.7594854060456463, -0.4521986944916891, 0.46765185630305334]], "T": [0.031056512210997967, -0.0159002668562846, -0.10954999864992768], "aligned_model": [[-0.37134277312732017, 0.2202984294870294, -0.009873482189162962, -0.6896576602860899, -0.4297669838907482, 0.6032033616029281, -0.0317534447145512, 0.41885820245796235, 0.1587026097045618, -0.11919301861767716, -0.612195124828654, 0.5394939006490459, -0.01336977549251012], [0.020961264114973507, -0.12551417940292414, 0.6040488245100825, 0.0684949360677978, -0.48578146848117304, -0.543476116818148, -0.6426471822166022, -0.032190490086396045, 0.6028753567096143, -0.10140639140412466, 0.5907470124725003, 0.2628536501588447, 0.01097246149924785], [-0.6281298413492448, -0.7625633531603685, -0.43422655285247524, 0.24074074710905016, -0.3715424544377023, -0.27327866575029014, 0.1531101794054047, 0.4134704492497506, 0.2629486938425023, 0.737430264793332, -0.1843807799553222, -0.3041642242792193, -0.03370799891339456]], "inverted": true, "swapped": false, "error_lsq": 0.050799133140591694, "error_max": 0.3023734706755651, "target": "776.xyz", "model": "17.xyz", "model_rescale": 3.901054581598922, "target_rescale": 3.7894835718083537},
{"mapping": [9, 10, 11, 13, 5, 4, 8, 1, 7, 3, 12, 6, 14], "R": [[-0.20542409975964576, 0.9700457858436, 0.12966153093732755], [-0.9774594589238224, -0.1967648861238525, -0.0765283329820769], [-0.048723150537371834, -0.1424596537821842, 0.988600678558321]], "T": [-0.021731383147546187, -0.06412582350038389, -0.014294378708967992], "aligned_model": [[-0.4634012237796828, 0.14386845950822943, 0.01499810961072132, -0.745723061990249, -0.4356943567624949, 0.583113734321717, 0.11071060951761655, 0.5826286393828477, 0.21093469362080053, -0.4497977329302788, -0.3766930497135142, 0.5411364060344349, -0.0526769860653338], [0.006601468914065253, -0.18623969259859985, 0.5641792116240625, -0.06423899704436709, -0.4878047698737942, -0.48187905041409823, -0.708055636134759, -0.05429152012662938, 0.47124065719530817, 0.20183756921232687, 0.5861124272710908, 0.40635670455883194, -0.02388069545974475], [-0.49814871972287056, -0.8080945067104106, -0.5048193180603371, 0.04348307761140238, -0.21232683532001542, -0.3062166203874327, 0.07643470769342117, 0.3326030111342691, 0.30023106043066505, 0.5596642987524034, 0.04198649352640413, -0.17414364508995211, -0.034946540155525216]], "inverted": true, "swapped": false, "error_lsq": 0.049427919848753755, "error_max": 0.27314452467858513, "target": "776.xyz", "model": "18.xyz", "model_rescale": 3.9405287249114394, "target_rescale": 3.7894835718083537},
{"mapping": [7, 13, 4, 5, 9, 14, 11, 3, 1, 2, 8, 12, 15], "R": [[-0.11768814676988248, -0.6245493218718643, 0.772067124451796], [-0.7135958827160023, -0.4874919509213584, -0.5031227623131929], [0.6906014887622529, -0.6101555066835687, -0.3883038003716645]], "T": [0.026663847351660993, 0.09018315447099542, -0.11109846064662926], "aligned_model": [[-0.4002550668100668, 0.15203802949926926, 0.07238818018655116, -0.6906372293697114, -0.5598600403362003, 0.5778542590691581, -0.12252821208205353, 0.7277797383397122, 0.22401734703589185, -0.2194888873035864, -0.6466296793065318, 0.5275444654212, 0.021181336411181615], [0.15046282672085004, -0.3644049673586822, 0.61382769336647, -0.10735785691304098, -0.31522633998983474, -0.4536008594635659, -0.612995188182163, 0.09903681550620982, 0.5167117440079831, -0.05398978547060809, 0.43359172529205003, 0.2494945470413184, 0.07438732256670638], [-0.6676343092545729, -0.5895969447760478, -0.6194002517981343, 0.26000712663898345, -0.3950750757561595, -0.1261662506670131, -0.06114698694163806, 0.372416497719986, 0.3521988331609351, 0.7098450682415549, -0.07918395011033422, -0.2656220797117217, -0.07493521304381559]], "inverted": false, "swapped": false, "error_lsq": 0.04773879681283828, "error_max": 0.2864442940837221, "target": "776.xyz", "model": "19.xyz", "model_rescale": 4.410303926677745, "target_rescale": 3.7894835718083537},
{"mapping": [2, 1, 7, 6, 0, 5, 3, 10, 9, 11, 4, 8, 13], "R": [[-0.021170444150899907, -0.7738371189352127, 0.633030746214197], [0.8473045358905216, 0.3222035423789436, 0.42220836175732945], [-0.5306852511176482, 0.5453081611680772, 0.6488545088151032]], "T": [-0.0798531119930354, 0.033477307416707375, -0.11361272823410265], "aligned_model": [[-0.5697128776377346, 0.13250229863732138, 0.05262296257350922, -0.48247124893856774, -0.4356160243839276, 0.642457727299893, -0.142887264427462, 0.46208404659784846, 0.33015595075227705, -0.2693807854083414, -0.6889152305251385, 0.6365768102825716, -0.004012124067434966], [0.17003554178585684, -0.07211491085802585, 0.5003412649092118, -0.1751104562080233, -0.47623041806733424, -0.3853460780543063, -0.6775197719565319, -0.14363620414711917, 0.44976712689569953, 0.3730592632521115, 0.3312176403867918, 0.28737186522063385, 0.048102813964728534], [-0.537874423868522, -0.8255645202735835, -0.6345170378952811, 0.24818224664404645, -0.4696887836938576, -0.06974079881534598, 0.014732682482463177, 0.47805350636713007, 0.2503269390920527, 0.6184369154202487, 0.07476833478947101, -0.22903933432211374, -0.10236926222468606]], "inverted": false, "swapped": false, "error_lsq": 0.052950795250584645, "error_max": 0.32321481572822375, "target": "776.xyz", "model": "20.xyz", "model_rescale": 4.121658175737393, "target_rescale": 3.7894835718083537},
{"mapping": [11, 10, 9, 3, 4, 6, 2, 1, 5, 0, 7, 8, 12], "R": [[-0.9400983476516045, 0.3077985474100526, 0.14654402394838534], [-0.33915993368332614, -0.8010462323370375, -0.4932499093183486], [-0.034433067342965196, -0.5134052861735053, 0.8574551743400096]], "T": [0.04452340499661481, 0.026423339512750936, -0.13131150424388507], "aligned_model": [[-0.6744489494007287, 0.16072891216005744, 0.08655215495772928, -0.5141745971544455, -0.31797701330020656, 0.6125221361788724, 0.009181761580419515, 0.27852677012725, 0.17824189057925877, -0.2761389898705471, -0.46188397047996566, 0.5952802854459162, -0.013006150068796171], [0.1628033088367037, -0.3094987999031787, 0.45290079187505455, -0.06987808622941213, -0.3774744958489375, -0.25938424308576785, -0.7157373644616932, -0.27415956657437995, 0.5232052750096304, 0.12983982646876374, 0.48006195758669684, 0.41099708528264156, 0.07626198816757146], [-0.6202371230454746, -0.8258081838774922, -0.7135601126440315, 0.27021468511419433, -0.3172996416389607, -0.26664785995308027, 0.024123665283214496, 0.44943560738836086, 0.315041052782736, 0.803377957150877, -0.06362373613127742, -0.18104072471596266, -0.05826912201108146]], "inverted": false, "swapped": false, "error_lsq": 0.047360656281832454, "error_max": 0.32989551344898926, "target": "776.xyz", "model": "21.xyz", "model_rescale": 4.08911054899281, "target_rescale": 3.7894835718083537},
{"mapping": [14, 12, 9, 2, 3, 7, 4, 6, 8, 1, 15, 5, 16], "R": [[-0.011180310573909169, -0.47532405193283744, 0.8797397605596897], [0.5185736346008285, -0.754992408979122, -0.4013325901054993], [0.8549598740013227, 0.45172282213549003, 0.2549315708373349]], "T": [0.02625109008039374, 0.03251690792862344, -0.06006273374499601], "aligned_model": [[-0.36186179098135046, 0.15649747112883716, 0.13634743715407538, -0.6153563268002818, -0.5270989129186747, 0.5591087153674394, -0.28517351202226127, 0.6709031370310654, 0.3117858700904988, -0.23566619843103595, -0.5996702286767143, 0.42249098336467306, 0.031097596448542958], [0.0534696906658563, -0.17768305946483173, 0.4481000848142764, -0.14117543340927238, -0.49055682787189764, -0.4135212946255195, -0.5672957941453143, -0.06171322245262803, 0.41483602531242514, 0.17338604347392159, 0.4060934580064486, 0.6000245846542158, -0.01402657783398726], [-0.5707015086109303, -0.7556354186354101, -0.6281446195794046, 0.22176118741415538, -0.4777665335734096, -0.21141946813482523, 0.11178494736744615, 0.30202641196640206, 0.4429919352001644, 0.675840522054012, -0.047021190451107746, -0.19665716180028397, -0.05135263951478641]], "inverted": true, "swapped": false, "error_lsq": 0.044532263482776946, "error_max": 0.2760241603236202, "target": "776.xyz", "model": "22.xyz", "model_rescale": 4.204369325754507, "target_rescale": 3.7894835718083537},
{"mapping": [7, 13, 4, 5, 9, 14, 11, 3, 1, 2, 8, 12, 15], "R": [[-0.11768814676988248, -0.6245493218718643, 0.772067124451796], [-0.7135958827160023, -0.4874919509213584, -0.5031227623131929], [0.6906014887622529, -0.6101555066835687, -0.3883038003716645]], "T": [0.026663847351660993, 0.09018315447099542, -0.11109846064662926], "aligned_model": [[-0.4002550668100668, 0.15203802949926926, 0.07238818018655116, -0.6906372293697114, -0.5598600403362003, 0.5778542590691581, -0.12252821208205353, 0.7277797383397122, 0.22401734703589185, -0.2194888873035864, -0.6466296793065318, 0.5275444654212, 0.021181336411181615], [0.15046282672085004, -0.3644049673586822, 0.61382769336647, -0.10735785691304098, -0.31522633998983474, -0.4536008594635659, -0.612995188182163, 0.09903681550620982, 0.5167117440079831, -0.05398978547060809, 0.43359172529205003, 0.2494945470413184, 0.07438732256670638], [-0.6676343092545729, -0.5895969447760478, -0.6194002517981343, 0.26000712663898345, -0.3950750757561595, -0.1261662506670131, -0.06114698694163806, 0.372416497719986, 0.3521988331609351, 0.7098450682415549, -0.07918395011033422, -0.2656220797117217, -0.07493521304381559]], "inverted": false, "swapped": false, "error_lsq": 0.04773879681283828, "error_max": 0.2864442940837221, "target": "776.xyz", "model": "23.xyz", "model_rescale": 4.410303926677745, "target_rescale": 3.7894835718083537},
{"mapping": [5, 15, 12, 3, 4, 14, 10, 11, 7, 1, 0, 13, 16], "R": [[-0.4719512893573428, -0.7126603471978517, -0.5190156163409533], [0.3361836236076522, -0.6896974963833301, 0.6413251396137492], [-0.8150107678380515, 0.12818967592752623, 0.5650883606071051]], "T": [0.047929805717589785, -0.06370514295494656, -0.13568375167170593], "aligned_model": [[-0.25023371411310436, 0.28479503467127865, -0.08390496614091178, -0.774441626831971, -0.5487279142772419, 0.6933066231415385, -0.1407437945165005, 0.4552259453981682, 0.18316620746704462, -0.1969547425791048, -0.4398553259503286, 0.5345095520966513, -0.05273703761070467], [0.040724121348708175, -0.4204740328043526, 0.6462984808946499, -0.08810565304392387, -0.3552467878380087, -0.18067585531418798, -0.5820077769672436, -0.2297535530713527, 0.4470042377240939, 0.0753961874297247, 0.5055201263061878, 0.42413211749033425, -0.05287393503093672], [-0.6795542120086333, -0.7065821781742565, -0.48879886297842295, 0.2281305232926532, -0.3170326073631553, -0.30288604231553184, 0.21007425391346707, 0.3195736114866238, 0.26782330007657357, 0.6748825488004242, -0.04384656288378569, -0.27511682365991286, -0.0709604844840218]], "inverted": true, "swapped": false, "error_lsq": 0.046575126561346186, "error_max": 0.2744723682840345, "target": "776.xyz", "model": "24.xyz", "model_rescale": 4.28219845311461, "target_rescale": 3.7894835718083537},
{"mapping": [13, 14, 12, 4, 2, 10, 0, 8, 9, 3, 7, 11, 15], "R": [[0.8264367396302876, 0.10415777858970948, -0.5533113703408934], [-0.469656921789607, 0.6695346303238461, -0.5754526519290896], [0.3105232538866794, 0.7354417284573728, 0.6022464386272955]], "T": [-0.00010791491535618383, 0.014804415710923089, -0.0266823145880212], "aligned_model": [[-0.3807585253456041, 0.2653770610411666, 0.14123311194253596, -0.6413748941105778, -0.31973881377730673, 0.7019724543750432, -0.277791710449913, 0.5504114900440391, 0.05879816333926373, -0.25066997817009634, -0.5921450065145378, 0.43887016277254864, -0.030779274391747397], [0.21859401650885768, -0.1996096005403943, 0.4797307513781717, -0.17781456392588543, -0.4279513382272809, -0.24456684521269553, -0.7252125752607949, -0.3145851810482435, 0.6708544138404768, 0.23042664664784399, 0.5104725996379637, 0.259948168336116, -0.05034881501044293], [-0.4347158528207289, -0.7076294359351734, -0.6168400195811912, 0.2671257232584985, -0.4396998145020484, -0.2903383839128646, 0.17535910395405144, 0.23860420078509545, 0.12498230810871261, 0.6738682195229287, 0.07001897476986021, -0.23567958516078372, -0.009348974784334746]], "inverted": true, "swapped": false, "error_lsq": 0.04684022089915064, "error_max": 0.3175473773679146, "target": "776.xyz", "model": "25.xyz", "model_rescale": 4.100010024507729, "target_rescale": 3.7894835718083537},
{"mapping": [2, 10, 3, 9, 1, 4, 0, 6, 8, 5, 11, 12], "R": [[0.29741178896470805, 0.500992931946783, -0.8127436926388162], [-0.3026826565863922, 0.8568288753857147, 0.41740566324267353], [0.9054995511796883, 0.1218620549827471, 0.406472880237742]], "T": [0.08917786089759229, 0.050411124920514534, -0.1544710045586929], "aligned_model": [[-0.817461586916551, -0.030014959563530494, 0.49757299276091294, 0.7574013203438825, -0.42840878786045067, 0.09333898983547763, -0.3278134012849307, 0.5647482102340805, 0.04739210013569807, -0.1382007011870085, -0.3687787446941045, 0.026990170559531138], [-0.14863027049231986, -0.6079763673873044, -0.11650277432498513, -0.43527650380297633, 0.6638518585913564, 0.4840637790967688, 0.04041695924469727, 0.45760393106473857, -0.42662526892511504, 0.6579783391161748, -0.00973335144524113, 0.10696105931484537], [0.042334966790907536, 0.29157708487174533, 0.3519647034908553, -0.1959983878356451, 0.05706587166111468, 0.3845299309810566, 0.41734225262848534, -0.042629363192625724, -0.538215599335016, -0.573063870445654, -0.5454062216688624, -0.08430907809200511]], "inverted": true, "swapped": true, "error_lsq": 0.05181626363903044, "error_max": 0.2436071863044263, "target": "776.xyz", "model": "26.xyz", "model_rescale": 3.6694154284099745, "target_rescale": 3.7894835718083537},
{"mapping": [2, 12, 11, 0, 6, 3, 1, 7, 8, 5, 4, 9, 13], "R": [[-0.8561415857341713, -0.502026996887772, -0.12243561398720612], [0.43935546961208227, -0.5824781262775128, -0.6838757224307535], [0.272008008151462, -0.6392872021275595, 0.719252053662269]], "T": [-0.004896397360167556, 0.11411266562714045, -0.05298805762697632], "aligned_model": [[-0.5105123768913057, 0.2112529245118551, 0.014903569702998932, -0.6202102358704826, -0.14123854097810656, 0.6076793309544161, -0.2784685937419492, 0.4343082128354521, 0.1717405829746661, -0.20934607216822615, -0.5676578299905247, 0.5997906147078164, -0.04883734529179547], [0.10557518992467962, -0.14363076063992358, 0.4038151720467547, -0.0336966001952132, -0.481369029584705, -0.3950207941099994, -0.673433209703074, -0.13843497157407264, 0.5824679753178181, -0.1338365682167293, 0.6764880735858132, 0.34747227542673315, 0.11354092484561136], [-0.5073108932347415, -0.7717234819855012, -0.8603639851376267, 0.1379953034490619, -0.3660420503274108, -0.1885067559290568, 0.23783216400997154, 0.3204386768812027, 0.3442522644612909, 0.669991892045397, 0.15332248634998769, -0.2645547029679389, -0.08962445391261353]], "inverted": true, "swapped": false, "error_lsq": 0.04788642660861085, "error_max": 0.25860503957577297, "target": "776.xyz", "model": "27.xyz", "model_rescale": 4.103607728864725, "target_rescale": 3.7894835718083537},
{"mapping": [2, 12, 4, 0, 3, 13, 10, 11, 7, 5, 1, 8, 14], "R": [[0.5706048012190222, -0.1252356433885955, 0.811619488708129], [0.5106675468691403, 0.8280971592923693, -0.2312439217505246], [-0.643139811705398, 0.5464166252933313, 0.536469993757892]], "T": [0.028673199297424175, -0.1708722654242244, 0.03851960880652003], "aligned_model": [[-0.29772820555428414, 0.009308137913843214, 0.17277936936099292, -0.6650010033483521, -0.5501163447158278, 0.5208951622537512, 0.0437247761942991, 0.6692046413112864, 0.14958346196747693, -0.27856482450051656, -0.47428931462225155, 0.4470839820629929, -0.08347559756859595], [0.05672858779912432, -0.4784734367352854, 0.451862196141691, -0.002063911241682592, -0.4573202146287608, -0.09235529933087641, -0.6706243033086626, -0.1560324904087642, 0.42154748023788424, 0.12847500277694957, 0.5679025700019334, 0.5320831420360278, -0.07179164621588546], [-0.5803347203816307, -0.7629166836899013, -0.6041657646557493, 0.04192271379680304, -0.3442088702804901, -0.3755156048802115, 0.13749752032732676, 0.2866334663969824, 0.43158550518279504, 0.6310872590668927, -0.025521660758676262, -0.016852665794715574, -0.003504030627402621]], "inverted": false, "swapped": false, "error_lsq": 0.05389144270206984, "error_max": 0.3047264282967169, "target": "776.xyz", "model": "28.xyz", "model_rescale": 4.137296879288765, "target_rescale": 3.7894835718083537},
