[{"mapping": [10, 11, 12, 0, 8, 13, 3, 5, 9, 2, 6, 14], "R": [[0.7326949085095789, 0.6711614627053111, 0.11269632657459155], [-0.48962831800558465, 0.4048490371098925, 0.7722443702340697], [0.4726756617926946, -0.6209988310218145, 0.6252504862999932]], "T": [-0.18338854349485867, 0.015454032509261986, 0.04615591288376099], "aligned_model": [[-0.25917392857925237, 0.15964115066694157, 0.3092783112154126, -0.16630181700651994, 0.03817899131760802, -0.5530610329439647, 0.2647064670799038, -0.08361629474101788, 0.6333424071105316, 0.1451378120340131, -0.4909726865753143, -0.1595169171177925], [-0.23683829325992128, -0.7457976126261038, -0.267513543266326, 0.666995645270861, 0.2641190666892392, -0.6298590945226556, -0.2051142698203015, -0.6670758169049933, 0.1947011679494678, 0.36822342826828197, 0.3446350733956882, -0.03292071519617942], [-0.5932548462840914, 0.08683333551246926, -0.45168834629949184, -0.046647419074245675, -0.5634059153506081, -0.14521297228950275, 0.4968693152363276, 0.6215361279458768, -0.10537775274723686, 0.3880046480256023, 0.4244828267719102, 0.06981274390655308]], "inverted": true, "swapped": true, "error_lsq": 0.04842218575825553, "error_max": 0.2455558774452429, "target": "777.xyz", "model": "0.xyz", "model_rescale": 3.751011558992144, "target_rescale": 4.223809042975388},
{"mapping": [11, 10, 12, 3, 13, 2, 9, 5, 6, 7, 4, 0, 1, 8, 14], "R": [[-0.12978265827443983, -0.4712030795090014, 0.8724242772140477], [-0.867014354050234, 0.4808303163596838, 0.13072228861331184], [-0.48108478616775613, -0.7394388850545257, -0.4709432702430775]], "T": [-0.07241154674711625, 0.02339919718778001, 0.03582441426081665], "aligned_model": [[0.30232982435869077, 0.7417360765546468, -0.337080580731778, -0.7860671265068933, -0.3561984147157984, -0.6189224872720911, 0.2294890999594864, 0.04632080965098481, 0.18390510950700717, -0.37476696891447064, 0.45656575448555725, -0.7404050458334407, -0.2068176160894705, -0.016904856079239167, -0.06905165232390095], [-0.4171247236601775, 0.0863139649553717, -0.23062939577062685, 0.049880466252050296, 0.4964415089943381, 0.6239298862724236, 0.3128417233809925, 0.6323541458283847, -0.681968528928632, -0.5605949284942091, -0.036303281859363656, -0.14883405128838106, -0.419402408519286, 0.404795813009618, 0.01609950306830267], [-0.5139378697030419, -0.03940275900590342, -0.610236635862474, -0.23510056683036504, -0.4366141352986065, 0.19211512205286266, -0.4733598793729525, -0.03602643866309219, 0.05782186752724057, -0.0490819085436373, 0.6207967201745502, 0.35145855657948716, 0.5569264157375126, 0.5760779481415519, -0.018390325603858566]], "inverted": false, "swapped": false, "error_lsq": 0.04641262638195872, "error_max": 0.32040427177435393, "target": "777.xyz", "model": "1.xyz", "model_rescale": 3.9405287249114394, "target_rescale": 4.223809042975388},
{"mapping": [4, 7, 1, 11, 13, 0, 3, 5, 10, 8, 12, 9, 14], "R": [[-0.45138499799812554, 0.6127844855327805, 0.6486499501831152], [-0.21300365449318612, 0.6319108351034088, -0.745196712050892], [-0.8665339155248223, -0.4745354262531283, -0.1547097362029369]], "T": [-0.13632749784066145, -0.012305077963287968, -0.08297659036064305], "aligned_model": [[-0.13966278948492816, 0.2609990282937915, -0.5058879250792877, 0.5570501037522946, 0.510394296051094, -0.7884338032537173, 0.09365870347083088, 0.6187653213408318, -0.00037561649789297213, -0.5263774115647035, -0.031302106640161614, -0.4642284980614635, -0.08861602304275684], [0.8124667396216899, 0.4415108066805787, 0.137205384503325, -0.20037213570401932, -0.26675966227163683, 0.03585979288306055, 0.2899642339549877, 0.37415355556117014, -0.6659028620310524, -0.5841269156340039, -0.6413750981309158, -0.26936222081017347, -0.004429025050992921], [0.1941421426886481, -0.4719504858463747, -0.7110986028938913, 0.34444167599176506, -0.4096455625902759, -0.15945141930108409, 0.47229063884843875, 0.21257111787395738, -0.2634426087549457, -0.02489953022686632, 0.3218452988716819, 0.6576609677104183, -0.049343282782827694]], "inverted": false, "swapped": true, "error_lsq": 0.04218086345033823, "error_max": 0.25000493571883325, "target": "777.xyz", "model": "2.xyz", "model_rescale": 3.932901565614263, "target_rescale": 4.223809042975388},
{"mapping": [12, 10, 8, 11, 9, 2, 0, 3, 5, 4, 1, 7, 6, 14], "R": [[-0.9724632062588897, -0.2164692552972372, -0.0863502981103138], [0.20794795329081633, -0.6386469173860477, -0.7408695996161939], [0.1052281387977616, -0.7384247940205954, 0.6660749675380397]], "T": [0.14899721902298246, -0.06919232725983597, -0.016918306989491], "aligned_model": [[-0.1806809145279501, 0.3760292189314977, 0.2679658585515974, -0.40900873967868434, -0.4443950936691504, -0.15211828868287758, 0.3790491693966069, -0.48164658933769255, -0.3754111816711745, -0.22695085586366404, 0.8235722542292426, 0.3613509507062386, 0.37830580221933263, 0.10374832144938134], [0.001668911186937752, 0.1730916559477893, -0.4000860944796674, 0.5185562459088765, -0.5349711327064143, -0.5055206885872149, -0.6858438014618624, -0.010450208088329166, 0.5495932190755753, -0.22419303991772738, -0.2925206917450293, 0.35961255205827997, -0.2535184817513381, -0.03192180708938704], [-0.6928851687632837, -0.6235449662063525, -0.6159574307291747, -0.22187941501081895, -0.40816899477740004, 0.24420117275062733, -0.0018203833461669823, 0.20984111611427697, 0.3690404547656407, 0.7522970669625607, 0.2033962723951607, 0.5180117678872951, 0.492533220605233, -0.01116834959050058]], "inverted": true, "swapped": true, "error_lsq": 0.04874747428525685, "error_max": 0.3334851066736943, "target": "777.xyz", "model": "3.xyz", "model_rescale": 3.9243930471874484, "target_rescale": 4.223809042975388},
{"mapping": [6, 7, 4, 2, 3, 1, 0, 5, 11, 13, 12, 10, 14], "R": [[0.8931186710656805, 0.19974245681722774, 0.40304092886267884], [0.4482448083799259, -0.32025304522240583, -0.8345744896569866], [-0.037624874143530565, 0.926035063035085, -0.3755574934351462]], "T": [-0.051776329702767146, -0.14453605084312948, 0.017835688316732226], "aligned_model": [[-0.11500950006727488, -0.24090756622259984, 0.5066888091851409, 0.3942871540853232, 0.5797855072568256, -0.5892533383879386, -0.11802064947102746, 0.3787865190330346, 0.2910380144291931, -0.4361500915808886, 0.09795400501800887, -0.45532216190828534, -0.01667081505815906], [-0.5196143773158597, 0.04010211646009812, -0.3852137971974048, -0.5266400755410793, 0.03327357253353344, -0.6077640266187065, -0.7812833382874707, 0.47167429719406084, 0.6140087829751915, 0.5107332619300184, 0.20149441396725482, 0.1756921404748959, -0.09863341689294544], [-0.4309596232695293, -0.6494393969681124, -0.6044547410780651, -0.04743492773524259, -0.1308097606066813, -0.2057797359954021, 0.1713787436311776, -0.47385967378074273, 0.09475221160440912, -0.09435954556215036, 0.6724225269864845, 0.4791876450360735, 0.0064265931087453855]], "inverted": true, "swapped": true, "error_lsq": 0.04488785146454483, "error_max": 0.27919123040638166, "target": "777.xyz", "model": "4.xyz", "model_rescale": 3.8936222436046832, "target_rescale": 4.223809042975388},
{"mapping": [0, 1, 6, 2, 7, 13, 10, 11, 9, 8, 3, 14], "R": [[0.494767311617459, 0.8202548874837174, 0.2870317524489348], [0.8510384762693939, -0.5241868895392754, 0.031009945891735696], [0.17589434119351624, 0.22893235768281833, -0.9574190077191311]], "T": [-0.11004605350985258, -0.027842230282862528, -0.03802400487088467], "aligned_model": [[0.11796694162130036, -0.5094574066545783, -0.3346328545516515, 0.2775871065414974, -0.7207714677681856, -0.6421543991367458, -0.1988649722724608, -0.026777252659232587, 0.7324658213499449, 0.23542214995360988, 0.20158276845511158, -0.10481839266351214], [-0.48663742482944194, -0.5109825203300432, -0.028965382655693962, 0.10458713900926322, 0.29553669193403376, 0.11781602395618965, -0.3738244227416513, 0.5574918877251739, -0.02471118455220689, -0.5727410691456583, 0.565684520118171, 0.025668646621671676], [-0.4514583180536055, -0.43866297140911337, -0.5817692796570655, -0.46398100499746797, -0.23182405115400223, 0.49616061964943226, 0.5541317882657476, 0.5529737684839802, 0.07290556888081132, 0.21932608731626466, -0.09455328430983705, -0.013964203739625973]], "inverted": true, "swapped": true, "error_lsq": 0.051872803851889616, "error_max": 0.27528051238274504, "target": "777.xyz", "model": "5.xyz", "model_rescale": 3.6523030999806103, "target_rescale": 4.223809042975388},
{"mapping": [11, 12, 9, 3, 2, 13, 8, 7, 10, 1, 0, 4, 14], "R": [[-0.6903570175819603, 0.25768820904189194, -0.6760206913964419], [0.18923133642405526, -0.8375694547417153, -0.512512350874427], [-0.698282671695716, -0.4817407969068511, 0.5294592666155208]], "T": [0.03817042822321263, -0.05822710940885944, -0.06681657719341712], "aligned_model": [[0.15478596020806343, -0.23540775806008543, 0.2487993592843007, 0.6135928415372013, 0.5114230474911812, -0.3384425255510237, -0.40547969940658324, 0.1939373299638145, -0.5941782411506965, -0.21628395141116183, 0.012734030647453244, 0.8700186454491298, 0.06558386566270127], [-0.5348599623730604, 0.0886471336810451, 0.5269719137591076, -0.15541893136296417, 0.29296623762509677, -0.7148176729753424, 0.4304203625269857, -0.6350007877993692, -0.11860747813618311, 0.06135819242092131, 0.5159960746876362, -0.12321816198200847, -0.09361001590868215], [0.609977359086194, 0.6218220201701458, 0.5122507675456829, 0.26788460529017644, -0.11076611569427232, 0.06264517960202672, 0.14972511988084813, -0.4645435100663705, 0.20655191511581372, -0.7555965672248933, -0.3878019543199002, -0.3135130993479096, -0.02852598055575247]], "inverted": false, "swapped": true, "error_lsq": 0.0540418927030416, "error_max": 0.36201590761949265, "target": "777.xyz", "model": "6.xyz", "model_rescale": 4.08911054899281, "target_rescale": 4.223809042975388},
{"mapping": [13, 11, 2, 6, 0, 3, 1, 9, 12, 7, 10, 4, 5, 8, 14], "R": [[-0.10234014874760103, 0.08722870784022987, -0.9909175780471567], [0.5582120379806434, 0.8295558962535883, 0.015373211909132933], [0.8233625049805317, -0.5515688239190375, -0.13358898859095453]], "T": [-0.07196786219602992, -0.029347806625076224, 0.028682384362969316], "aligned_model": [[0.31506387548479947, 0.5089075706340817, -0.3289244185301001, -0.5354869335589125, -0.5737014114056191, -0.6170027356864632, 0.18167527263209493, 0.16436877653296622, 0.37196474953646413, -0.4461090486026513, 0.3018636670758965, -0.5524525819095463, -0.30704588218453954, -0.04669627618561636, 0.017707302216436682], [-0.45714272452504023, 0.043364082334380334, -0.17118513025032459, -0.002344628914745156, 0.5397265464787366, 0.540030329113689, 0.29764263252312256, 0.7164127654971582, -0.5681826556012143, -0.6618102405913289, -0.1261022440327729, 0.026315771345813463, -0.5687936327552365, 0.4131933457607561, 0.1066754768578114], [-0.421975428837184, 0.07143487780528064, -0.7223136509627952, -0.1545220515274061, -0.5272618658464511, 0.10077233850145557, -0.5768656911154563, -0.02175044393357106, 0.17214931358509494, -0.2148306682506026, 0.6370929900119146, 0.5414059842796859, 0.5126635356202874, 0.5470139854356049, 3.288656341604926e-05]], "inverted": true, "swapped": false, "error_lsq": 0.04408835569164398, "error_max": 0.38724184624659214, "target": "777.xyz", "model": "7.xyz", "model_rescale": 3.964800864290218, "target_rescale": 4.223809042975388},
{"mapping": [12, 10, 11, 9, 5, 0, 3, 13, 1, 6, 0, 4, 7, 14], "R": [[-0.2850949805247299, -0.7716247481215363, -0.5686089167133945], [0.8202442304233476, -0.5033277124068295, 0.27177309723465715], [-0.4959034730033802, -0.3889170374381715, 0.7764169520647408]], "T": [0.017625065514545155, -0.10804532637658992, 0.08449001008053297], "aligned_model": [[-0.1933249643376784, 0.23903830888472105, 0.21170197862969767, -0.7362887173556537, 0.34997593517265957, -0.39353989597211747, -0.20678895692939686, 0.7069771283730955, 0.19503095145045246, 0.05525058920105283, -0.39353989597211747, -0.1764672809306422, 0.5750784301473135, 0.02808427909948629], [-0.28460663445234724, -0.5869431002416908, 0.32921882133478486, -0.07084689802724889, 0.691913092481861, -0.4414748877864373, 0.5030548894598988, -0.12795689496911375, -0.5125901239659514, 0.0006115928399991893, -0.4414748877864373, 0.6061712912074901, 0.20718501739447448, -0.06131281130807936], [-0.6190484568621568, -0.3625827569511584, -0.6010479596422917, -0.30585819087158755, -0.15315114036011276, 0.4758708857352956, -0.0851477165309012, -0.2533059260355135, 0.6831019117123605, 0.6614453033220598, 0.4758708857352956, 0.5419583168273303, 0.40851700512893135, 0.05019287751747015]], "inverted": true, "swapped": true, "error_lsq": 0.049720186312077926, "error_max": 0.34723063751952404, "target": "777.xyz", "model": "8.xyz", "model_rescale": 4.121658175737393, "target_rescale": 4.223809042975388},
{"mapping": [1, 6, 0, 8, 7, 13, 3, 11, 9, 5, 10, 12, 14], "R": [[-0.5683997114751059, -0.7900444060157114, -0.229677174569652], [0.6098722994404767, -0.5919569847218352, 0.526918121356837], [-0.5522477219239585, 0.1594263615664455, 0.8182943778784523]], "T": [-0.06641003091589329, -0.02439800424096058, -0.1523853702835487], "aligned_model": [[-0.5253846518865147, -0.32314233508317847, 0.10010848780393575, 0.251275300007444, -0.6611982444588891, -0.5522254421242203, 0.28581010173633503, 0.09738569656216359, 0.7790488211256836, -0.16386191943847095, -0.14525523627431491, 0.38981262528516725, -0.0556357068199433], [0.1577354945209021, -0.3204301419670201, 0.15076565720688256, 0.584750048230103, -0.4209996336699003, 0.11966885741821795, -0.546285542304812, -0.2018399133705003, 0.059488659540019785, -0.6918604887019856, 0.5807498518086518, 0.37530708499342164, -0.05666249429227108], [-0.7088341427058007, -0.5911938865591975, -0.7647579386078655, -0.2548879304167938, -0.08872969136050272, 0.42462152498879435, 0.08458817533466523, 0.6479354526082164, -0.13495579185758022, 0.44079322854505876, 0.17291520931102988, 0.29787779130212905, -0.10429656662306444]], "inverted": false, "swapped": true, "error_lsq": 0.04634821873821578, "error_max": 0.2760907096077984, "target": "777.xyz", "model": "9.xyz", "model_rescale": 3.833441315466971, "target_rescale": 4.223809042975388},
{"mapping": [4, 6, 5, 13, 0, 10, 1, 12, 3, 2, 7, 8, 9, 11, 14], "R": [[0.064285794373239, -0.3739561655815317, 0.9252157169359801], [-0.8681862391923196, 0.43619014530716427, 0.2366237756735602], [-0.4920568978470864, -0.8184711011150444, -0.29662276703016077]], "T": [-0.05149478608497357, 0.08050872002011676, -0.0053709874288776095], "aligned_model": [[0.48503710693228874, 0.5792991462571, -0.1840781450882729, -0.7174303871138288, -0.4332304386254525, -0.6228177187549776, 0.10805989339813749, 0.20834636759291805, 0.21156553203247566, -0.4297605250125589, 0.22864185224855968, -0.5899077498714238, -0.335375020489996, 0.0030611787865123946, -0.057279166242190926], [-0.38833706112276106, 0.18297795873362738, -0.2215882398360065, -0.11314527263708508, 0.4223110992136593, 0.6113787795353265, 0.4643347069999912, 0.6240351245436904, -0.7259949978321402, -0.5261399733164965, -0.12033723638149126, 0.032687505852848256, -0.5000225833959691, 0.38824067283043695, -0.002600789946824847], [-0.3634627932134786, -0.23521580047196658, -0.5957897212340482, -0.39870856232468727, -0.45400445347972285, 0.2544774877167999, -0.6159681122892819, 0.0036666976614358315, 0.18083554271994853, -0.0798199535344077, 0.5648029706243877, 0.5562195878828872, 0.4848387072945996, 0.6009802086283732, 0.04019430534843425]], "inverted": true, "swapped": false, "error_lsq": 0.04117973158840346, "error_max": 0.30602662431553307, "target": "777.xyz", "model": "10.xyz", "model_rescale": 4.2482417240324, "target_rescale": 4.223809042975388},
{"mapping": [10, 13, 7, 5, 0, 2, 1, 3, 11, 9, 12, 14], "R": [[0.6947689753201005, -0.6254376717768458, 0.3551391131021987], [0.04654366029545409, 0.5318370168665423, 0.8455667183474044], [-0.7177254061400915, -0.5709440482331484, 0.3986140177768278]], "T": [-0.07879006139311677, 0.11505567636424541, 0.08553963127927011], "aligned_model": [[-0.6083841216178569, -0.10031722370789399, 0.33307842615085476, 0.6921226382062852, -0.3716367155552532, 0.17205436177001782, -0.3566535206628841, 0.47269325281995905, 0.24669586598723353, -0.17265163015460638, -0.39218052945662524, -0.03805520141622382], [-0.27605687900375203, -0.6525315736747752, -0.2508114104134363, -0.28667991973832907, 0.6537940275794483, 0.6484524077902768, 0.2098463406385332, 0.24583780301514915, -0.3527929785904118, 0.6304209546313883, 0.005673953829899325, 0.09097866398664886], [-0.12612534358008728, 0.0781081813617478, 0.5455652182584791, -0.14065941661493042, 0.3251491341804437, 0.04309704828383831, 0.7691127278575892, -0.27687487594691407, -0.5260195548541943, -0.5835867162262915, -0.5930340481207644, 0.05045993525544064]], "inverted": true, "swapped": true, "error_lsq": 0.04430777587235877, "error_max": 0.2452899583476681, "target": "777.xyz", "model": "11.xyz", "model_rescale": 3.6694154284099745, "target_rescale": 4.223809042975388},
{"mapping": [6, 4, 3, 5, 7, 0, 1, 8, 11, 12, 9, 13, 2, 14], "R": [[0.01854070448398097, 0.7579086326404281, 0.6520971912578328], [-0.9925842378567324, -0.06441484962275618, 0.1030885925136602], [0.12013647670714939, -0.6491727287226371, 0.7510938658032019]], "T": [0.05570627202548921, -0.06742196553649643, 0.04215483962645066], "aligned_model": [[-0.004340286412747904, -0.0883410562907865, -0.010081285157083106, 0.5743742242603754, 0.5853895261643798, -0.4816062309835539, 0.028573213499280506, -0.30857967182785545, 0.46356956805643107, -0.03801790257583228, -0.5827100697314277, 0.782687235429112, -0.4041832187177528, 0.08153080454327108], [-0.34046231768943225, 0.25084005950269983, 0.5560106042600161, 0.5863857086885194, -0.1761526805203853, -0.43982716625977797, -0.7785194303356533, -0.25575640818606493, 0.6184478411055312, 0.27755032395864726, 0.40040072788087233, -0.06958746148115752, 0.11623632883097659, -0.014578841618536828], [-0.4754770695925083, -0.7547228913226063, -0.2019474213045684, -0.2900844857050285, -0.4297892235827819, -0.035437224329794244, -0.17480078507090466, 0.6027955293465099, 0.29126973500076975, 0.7076246613673967, 0.3515218306925717, 0.2895468788349174, -0.28034734299142844, 0.03894326830987045]], "inverted": false, "swapped": true, "error_lsq": 0.04733446143406751, "error_max": 0.35826794266135586, "target": "777.xyz", "model": "12.xyz", "model_rescale": 3.9764082729961374, "target_rescale": 4.223809042975388},
{"mapping": [3, 14, 8, 1, 10, 12, 11, 13, 7, 2, 4, 9, 0, 5, 15], "R": [[0.14993175226876576, 0.9257908673212462, 0.34703276451394716], [0.7043183650496875, -0.3463446482027177, 0.6196620250709829], [0.6938703843769044, 0.15151453608783208, -0.7039795700435747]], "T": [-0.07758724196386751, 0.08651825422948595, 0.06860442542617057], "aligned_model": [[0.4627688512534451, 0.6064040798322976, -0.1630997241278685, -0.6732672001764342, -0.485816029730809, -0.49698094783522817, 0.15967008969808782, 0.08322845502075721, 0.09870870416706554, -0.5167183758905858, 0.31359933950392443, -0.5258820840021357, -0.3060338834251573, -0.11893403618477577, 0.01648468794670735], [-0.31983382892430673, 0.35856489707861755, -0.2370904066409844, 0.03230491178693453, 0.3195251007030675, 0.5674163870164677, 0.28130345390871997, 0.6638768540149358, -0.6447935939930014, -0.5562170643494371, -0.2405958565195369, 0.0691215682413297, -0.4398575565415334, 0.23945850419468545, 0.03461632326484716], [-0.4327305168560403, -0.24277080704603726, -0.5539852361104802, -0.1448174083820816, -0.5834722305683802, 0.06089467149045398, -0.663729093749335, -0.05499130687892642, 0.1402732397752241, -0.10550666374854167, 0.5744039299807386, 0.46888959431971816, 0.5134061468060123, 0.8918441404441928, 0.07533765185275614]], "inverted": false, "swapped": false, "error_lsq": 0.041166504853702, "error_max": 0.322059407246917, "target": "777.xyz", "model": "13.xyz", "model_rescale": 4.170626492500431, "target_rescale": 4.223809042975388},
{"mapping": [7, 13, 1, 10, 6, 9, 8, 5, 4, 11, 3, 12, 2, 14], "R": [[-0.4200436254460207, 0.699922357905989, -0.5776435281603037], [0.060194873830391626, -0.613628730099631, -0.787296868252921], [-0.905505345034863, -0.36547021013980674, 0.2156190984436655]], "T": [-0.07502967285345051, 0.0757158472452635, -0.04492290309531238], "aligned_model": [[0.41136586075958176, -0.20178607622463068, -0.09740770141060572, -0.6926602942099627, 0.3168336844719398, -0.31254800547109474, -0.7133068377609537, 0.516753818773253, 0.751356820342181, -0.03512768267876669, 0.3391976839825509, -0.6056561472171105, 0.21790961406877574, -0.051741715333514376], [-0.34328379469831094, -0.6805346651093539, 0.21462737975329352, -0.2352860493293115, 0.25823490910564356, 0.5947791114004397, 0.3467058620984842, -0.43577672030868686, 0.33225551106796825, -0.43871931487660487, 0.12215030513669332, 0.0087312534251687, 0.5664753468026514, 0.04571533345759092], [-0.3658225787370339, -0.08647778674874859, -0.7754489877567432, -0.03776769074283921, -0.44395838744353483, 0.5846005694892917, -0.004194942742250782, 0.39670085217940754, 0.04633076647026982, 0.612794654951073, 0.4831316618160781, 0.4885457407510671, 0.10533706612810823, 0.0001021635067217086]], "inverted": false, "swapped": true, "error_lsq": 0.056748522549696416, "error_max": 0.3181803867908168, "target": "777.xyz", "model": "14.xyz", "model_rescale": 3.9786697098870705, "target_rescale": 4.223809042975388},
{"mapping": [5, 12, 7, 4, 13, 1, 9, 8, 6, 2, 10, 14], "R": [[0.3803439148170899, 0.6292447867539608, -0.6777827858573668], [0.85135858526985, 0.0480719545959723, 0.5223769199233852], [0.3612852968900482, -0.7757190764215391, -0.5174290760353388]], "T": [0.04585350545574865, 0.041655496151530455, 0.00973795851758916], "aligned_model": [[0.03828791613840356, -0.7066084942190406, 0.5326189127061538, 0.5792941565433566, -0.1382646839296078, 0.5808365457668397, -0.47894093846422403, -0.3663541850658413, 0.6278663544089714, 0.21811583278746202, -0.4274509400342674, 0.023954120129130126], [-0.42786260293618456, 0.03922306493908749, 0.11739905344696698, -0.6370214947416478, 0.4436248596450048, 0.4952710735521072, -0.43737074550478544, 0.30795023798516324, -0.004945238799539078, -0.4343504892987758, 0.5444169849957041, 0.008339786941337857], [-0.7560031239215804, 0.07633531128750795, -0.5122201516091648, -0.09931744602081208, -0.6181393820018618, 0.25771296716893943, 0.4758560599631594, 0.5013313112936878, 0.08177150404405772, 0.31466477428997774, -0.02840320544736277, -0.03362212517271826]], "inverted": false, "swapped": true, "error_lsq": 0.055075464777528525, "error_max": 0.2790618182861187, "target": "777.xyz", "model": "15.xyz", "model_rescale": 3.769337070930944, "target_rescale": 4.223809042975388},
{"mapping": [11, 9, 13, 10, 5, 3, 7, 2, 1, 8, 14], "R": [[-0.11159195162240565, 0.7340442803951923, -0.6698703089047962], [0.5943519775618005, 0.5895282042964342, 0.5469938053647401], [0.7964251145597305, -0.3370986365414821, -0.5020672725247027]], "T": [0.021960399364633912, 0.06435797294488044, 0.13592782704475784], "aligned_model": [[-0.18134700940034704, -0.362850007649113, -0.13832032059791288, -0.5873769348675875, 0.40916715067805426, 0.2531671183750891, 0.5534476263986913, 0.2871880497796386, 0.23818862901552357, -0.576526331764791, 0.02788816072392511], [0.02937344224811228, -0.6922256190358623, 0.682362882634689, 0.3896157307755439, 0.08008184916843092, -0.3698360678920488, 0.510961171246675, -0.44730037191361194, 0.42707494977571914, -0.06891496274214565, 0.05487149335984088], [-0.6741772717930102, 0.09538584806860918, -0.29079087889071986, 0.1019224560607119, -0.6744347956752098, -0.32298509883649074, -0.046239205265615674, 0.2666810379856289, 0.7484205190969433, 0.46233868994978866, 0.07809630652314081]], "inverted": false, "swapped": true, "error_lsq": 0.049776666406155815, "error_max": 0.25162238949400834, "target": "777.xyz", "model": "16.xyz", "model_rescale": 3.7852294659196426, "target_rescale": 4.223809042975388},
{"mapping": [11, 9, 8, 12, 3, 2, 6, 0, 10, 13, 7, 1, 14], "R": [[-0.7072775563543258, 0.009427089314716197, -0.706873106196937], [-0.3260056022415562, -0.8915911970069551, 0.3143015824440367], [-0.6272788897966949, 0.4527430478834078, 0.6336757270155363]], "T": [-0.011524993956551795, 0.14613749446289565, 0.022176476348730996], "aligned_model": [[-0.09723892337972004, -0.41123384236128036, 0.2854900929670094, 0.14181348587184292, -0.5859398557227135, -0.5422972731460363, -0.18991724017240633, -0.07659272887383814, 0.5828032781893389, 0.48315923999891985, 0.01057957531609823, 0.2878195340695401, -0.03467949254047236], [-0.13617101447383267, -0.591665036449998, -0.3845948648953021, -0.5573779809809263, 0.04637835983838698, 0.10108391566570205, 0.6319136371013556, 0.10407697911034863, -0.1846865373316317, 0.3017795137231596, 0.8097476523806282, 0.5954747115656513, 0.13909628844933244], [-0.7599891832749291, 0.15642138293875985, 0.35773168047601, -0.20628242911813147, -0.31349861536332874, 0.2780814064710495, 0.3019927772661381, 0.6759409528428219, -0.1026046363619541, -0.5441908091684899, -0.25031363947234825, 0.533991354272167, -0.031525544364591054]], "inverted": true, "swapped": true, "error_lsq": 0.046816540490950916, "error_max": 0.37111808248242634, "target": "777.xyz", "model": "17.xyz", "model_rescale": 3.901054581598922, "target_rescale": 4.223809042975388},
{"mapping": [11, 10, 12, 3, 13, 2, 9, 5, 6, 7, 4, 0, 1, 8, 14], "R": [[-0.12978265827443983, -0.4712030795090014, 0.8724242772140477], [-0.867014354050234, 0.4808303163596838, 0.13072228861331184], [-0.48108478616775613, -0.7394388850545257, -0.4709432702430775]], "T": [-0.07241154674711625, 0.02339919718778001, 0.03582441426081665], "aligned_model": [[0.30232982435869077, 0.7417360765546468, -0.337080580731778, -0.7860671265068933, -0.3561984147157984, -0.6189224872720911, 0.2294890999594864, 0.04632080965098481, 0.18390510950700717, -0.37476696891447064, 0.45656575448555725, -0.7404050458334407, -0.2068176160894705, -0.016904856079239167, -0.06905165232390095], [-0.4171247236601775, 0.0863139649553717, -0.23062939577062685, 0.049880466252050296, 0.4964415089943381, 0.6239298862724236, 0.3128417233809925, 0.6323541458283847, -0.681968528928632, -0.5605949284942091, -0.036303281859363656, -0.14883405128838106, -0.419402408519286, 0.404795813009618, 0.01609950306830267], [-0.5139378697030419, -0.03940275900590342, -0.610236635862474, -0.23510056683036504, -0.4366141352986065, 0.19211512205286266, -0.4733598793729525, -0.03602643866309219, 0.05782186752724057, -0.0490819085436373, 0.6207967201745502, 0.35145855657948716, 0.5569264157375126, 0.5760779481415519, -0.018390325603858566]], "inverted": false, "swapped": false, "error_lsq": 0.04641262638195872, "error_max": 0.32040427177435393, "target": "777.xyz", "model": "18.xyz", "model_rescale": 3.9405287249114394, "target_rescale": 4.223809042975388},
{"mapping": [10, 2, 11, 13, 9, 7, 5, 8, 3, 14, 1, 4, 12, 0, 15], "R": [[-0.5578871044549161, 0.6099492169695715, 0.5627823126228442], [0.2640333197402826, -0.5124397722564882, 0.8171241557294977], [0.7867962790645593, 0.6044563115130204, 0.12483662412224694]], "T": [-0.15332612747526786, -0.0022058691517934017, 0.06813799900378502], "aligned_model": [[0.26481302750960617, 0.6509424942540223, -0.21503963031692233, -0.7181856760417569, -0.43449636560859733, -0.6345984041875523, 0.2583493999890635, 0.02072455548838603, 0.2365993872140027, -0.33292393781033197, 0.35310447458947014, -0.5593592076408953, -0.33479488894322523, 0.01925585635452276, -0.12025915880050157], [-0.4685808372906748, 0.027900930491366972, -0.11976267026524799, -0.19147021618338364, 0.4459943493679401, 0.5104802374381492, 0.5225646868569647, 0.7315437384167205, -0.7299565470369106, -0.6967081054212135, -0.11691234105524677, 0.2291960535413837, -0.3797630472041637, 0.37238717088333395, -0.009113709298212643], [-0.4067915464116579, -0.25984195119128645, -0.6400886906788342, -0.24241399778247807, -0.487802382928887, 0.034145342162003066, -0.4282507260817986, 0.12805484712594942, 0.2773403859548549, -0.22366712846283554, 0.47543383077136897, 0.6305038199790578, 0.42120842841101985, 0.6182014236836729, 0.04701445677912524]], "inverted": true, "swapped": false, "error_lsq": 0.04365964320308855, "error_max": 0.2806496463492982, "target": "777.xyz", "model": "19.xyz", "model_rescale": 4.410303926677745, "target_rescale": 4.223809042975388},
{"mapping": [12, 10, 11, 9, 5, 0, 3, 13, 1, 6, 0, 4, 7, 14], "R": [[-0.2850949805247299, -0.7716247481215363, -0.5686089167133945], [0.8202442304233476, -0.5033277124068295, 0.27177309723465715], [-0.4959034730033802, -0.3889170374381715, 0.7764169520647408]], "T": [0.017625065514545155, -0.10804532637658992, 0.08449001008053297], "aligned_model": [[-0.1933249643376784, 0.23903830888472105, 0.21170197862969767, -0.7362887173556537, 0.34997593517265957, -0.39353989597211747, -0.20678895692939686, 0.7069771283730955, 0.19503095145045246, 0.05525058920105283, -0.39353989597211747, -0.1764672809306422, 0.5750784301473135, 0.02808427909948629], [-0.28460663445234724, -0.5869431002416908, 0.32921882133478486, -0.07084689802724889, 0.691913092481861, -0.4414748877864373, 0.5030548894598988, -0.12795689496911375, -0.5125901239659514, 0.0006115928399991893, -0.4414748877864373, 0.6061712912074901, 0.20718501739447448, -0.06131281130807936], [-0.6190484568621568, -0.3625827569511584, -0.6010479596422917, -0.30585819087158755, -0.15315114036011276, 0.4758708857352956, -0.0851477165309012, -0.2533059260355135, 0.6831019117123605, 0.6614453033220598, 0.4758708857352956, 0.5419583168273303, 0.40851700512893135, 0.05019287751747015]], "inverted": true, "swapped": true, "error_lsq": 0.049720186312077926, "error_max": 0.34723063751952404, "target": "777.xyz", "model": "20.xyz", "model_rescale": 4.121658175737393, "target_rescale": 4.223809042975388},
{"mapping": [11, 12, 9, 3, 2, 13, 8, 7, 10, 1, 0, 4, 14], "R": [[-0.6903570175819603, 0.25768820904189194, -0.6760206913964419], [0.18923133642405526, -0.8375694547417153, -0.512512350874427], [-0.698282671695716, -0.4817407969068511, 0.5294592666155208]], "T": [0.03817042822321263, -0.05822710940885944, -0.06681657719341712], "aligned_model": [[0.15478596020806343, -0.23540775806008543, 0.2487993592843007, 0.6135928415372013, 0.5114230474911812, -0.3384425255510237, -0.40547969940658324, 0.1939373299638145, -0.5941782411506965, -0.21628395141116183, 0.012734030647453244, 0.8700186454491298, 0.06558386566270127], [-0.5348599623730604, 0.0886471336810451, 0.5269719137591076, -0.15541893136296417, 0.29296623762509677, -0.7148176729753424, 0.4304203625269857, -0.6350007877993692, -0.11860747813618311, 0.06135819242092131, 0.5159960746876362, -0.12321816198200847, -0.09361001590868215], [0.609977359086194, 0.6218220201701458, 0.5122507675456829, 0.26788460529017644, -0.11076611569427232, 0.06264517960202672, 0.14972511988084813, -0.4645435100663705, 0.20655191511581372, -0.7555965672248933, -0.3878019543199002, -0.3135130993479096, -0.02852598055575247]], "inverted": false, "swapped": true, "error_lsq": 0.0540418927030416, "error_max": 0.36201590761949265, "target": "777.xyz", "model": "21.xyz", "model_rescale": 4.08911054899281, "target_rescale": 4.223809042975388},
{"mapping": [8, 11, 6, 7, 10, 12, 5, 9, 1, 0, 2, 13, 4, 14, 16], "R": [[0.7272166392262557, -0.2454968979770577, -0.6410048616945992], [-0.5539164678374005, -0.761405194788913, -0.33680658545669206], [-0.40537945963135374, 0.59999450200156, -0.6896913014362961]], "T": [-0.04710132047530239, 0.01992669300752764, 0.06346351955892526], "aligned_model": [[0.31105021115850723, 0.6870022351209111, -0.2920893005596604, -0.7079545207797449, -0.4017663860187412, -0.5203793418009518, 0.1902079097815809, 0.046057364594683924, 0.44331430102953945, -0.41266504756451294, 0.2005949876346145, -0.6369328936935749, -0.3372647773559598, -0.030608151636952664, -0.08443466386044754], [-0.2523846338836789, 0.03952211348223686, -0.30072789390938565, 0.006345570086869562, 0.47200081664738874, 0.568779268414259, 0.41170676788748795, 0.7167280393585023, -0.6041261674838385, -0.6563263063486735, -0.3541725718789806, 0.03677544551192177, -0.4112683338722062, 0.46221909533908706, -0.007271516110184492], [-0.4641121050629672, -0.15240917305379073, -0.5632147504127554, -0.1989955986995648, -0.5030848784030288, 0.20395647679722068, -0.47311989064875737, -0.052022214114195, 0.05646875275774661, -0.032058417595119626, 0.6291048443693956, 0.36102830376925754, 0.5284024434543242, 0.5281440465540979, 0.07495827161740945]], "inverted": true, "swapped": false, "error_lsq": 0.03697318701479503, "error_max": 0.22468954615770997, "target": "777.xyz", "model": "22.xyz", "model_rescale": 4.204369325754507, "target_rescale": 4.223809042975388},
{"mapping": [10, 2, 11, 13, 9, 7, 5, 8, 3, 14, 1, 4, 12, 0, 15], "R": [[-0.5578871044549161, 0.6099492169695715, 0.5627823126228442], [0.2640333197402826, -0.5124397722564882, 0.8171241557294977], [0.7867962790645593, 0.6044563115130204, 0.12483662412224694]], "T": [-0.15332612747526786, -0.0022058691517934017, 0.06813799900378502], "aligned_model": [[0.26481302750960617, 0.6509424942540223, -0.21503963031692233, -0.7181856760417569, -0.43449636560859733, -0.6345984041875523, 0.2583493999890635, 0.02072455548838603, 0.2365993872140027, -0.33292393781033197, 0.35310447458947014, -0.5593592076408953, -0.33479488894322523, 0.01925585635452276, -0.12025915880050157], [-0.4685808372906748, 0.027900930491366972, -0.11976267026524799, -0.19147021618338364, 0.4459943493679401, 0.5104802374381492, 0.5225646868569647, 0.7315437384167205, -0.7299565470369106, -0.6967081054212135, -0.11691234105524677, 0.2291960535413837, -0.3797630472041637, 0.37238717088333395, -0.009113709298212643], [-0.4067915464116579, -0.25984195119128645, -0.6400886906788342, -0.24241399778247807, -0.487802382928887, 0.034145342162003066, -0.4282507260817986, 0.12805484712594942, 0.2773403859548549, -0.22366712846283554, 0.47543383077136897, 0.6305038199790578, 0.42120842841101985, 0.6182014236836729, 0.04701445677912524]], "inverted": true, "swapped": false, "error_lsq": 0.04365964320308855, "error_max": 0.2806496463492982, "target": "777.xyz", "model": "23.xyz", "model_rescale": 4.410303926677745, "target_rescale": 4.223809042975388},
{"mapping": [5, 8, 2, 0, 3, 1, 4, 10, 6, 12, 14, 7, 13, 11, 16], "R": [[-0.06782636375098228, -0.317646957162953, 0.9457800986410303], [0.7180842343946878, -0.6736582803248342, -0.17475569708476546], [0.692643210241835, 0.6672967345603487, 0.2737890636073347]], "T": [-0.0009980558398249156, 0.013016802574538298, 0.11590449626847998], "aligned_model": [[0.144433068225025, 0.6285429416443905, -0.2994307192446332, -0.621814020677725, -0.3723387940887257, -0.6146145547675722, 0.19390612239381594, 0.18142218130430948, 0.1827171651172117, -0.4077974564921042, 0.33474861226300834, -0.6010994046133159, -0.2029740450645912, -0.0229378148300938, -0.06863135511970862], [-0.39884149776764805, 0.38248973025078276, -0.020844966079078264, -0.14121689339104315, 0.4984751161105243, 0.6116069680974446, 0.18483475676415517, 0.6309722115943937, -0.7134334792863475, -0.6501450467529595, -0.19596937739938258, -0.010837076097999153, -0.4969815527296271, 0.36790374421732625, 0.07978705571026383], [-0.33667098033228793, -0.2620830107411799, -0.7458874027507328, -0.2855744146563052, -0.5441616114583286, 0.1546337559212395, -0.5215712483024914, 0.02296410774445902, 0.244032538994279, -0.08634891905293612, 0.6652212914353396, 0.4009312675634073, 0.5555566328410892, 0.6396366723257088, 0.042367431798012556]], "inverted": false, "swapped": false, "error_lsq": 0.042656935759987906, "error_max": 0.26724952049671874, "target": "777.xyz", "model": "24.xyz", "model_rescale": 4.28219845311461, "target_rescale": 4.223809042975388},
{"mapping": [10, 6, 11, 9, 5, 3, 8, 1, 14, 12, 2, 7, 13, 0, 15], "R": [[0.5846924411132097, -0.7794299449172969, 0.2249971339179579], [0.37495273320262623, 0.5055808534960806, 0.7770446888320225], [-0.7194061420150346, -0.3699688656419541, 0.5878586915974362]], "T": [-0.16685898000413452, 0.012960911549474992, 0.07083532235951054], "aligned_model": [[0.33569172659642293, 0.7278774120056068, -0.21847790167883271, -0.7968210011486387, -0.32670416607860514, -0.615504477923725, 0.222966385206519, -0.10639990818616211, 0.27978777757854195, -0.40694838747669576, 0.26019472062606136, -0.8148973017293124, -0.35667625459568497, 0.38952707587158025, -0.11948377301778543], [-0.2126285354474497, 0.09855391473354866, -0.2862852237454105, -0.03279268727716119, 0.4033592743296107, 0.6383409372007153, 0.3233165102274558, 0.6382256711022994, -0.595023789669465, -0.693280003259655, -0.23435760121306343, 0.004200000058214644, -0.4095805758836377, 0.43559637216878183, 0.05015542991602145], [-0.5003537947696416, 0.0051256459005365185, -0.3811207691856868, -0.16984734005889437, -0.6689750018057777, 0.15837037575391463, -0.41255028348373, -0.05272065662543787, -0.034073694980406105, -0.0964989147292021, 0.5454285317619423, 0.5015505249652257, 0.44278229519495804, 0.4919861222993639, 0.113943071092109]], "inverted": true, "swapped": false, "error_lsq": 0.046711463823152576, "error_max": 0.3854898630301286, "target": "777.xyz", "model": "25.xyz", "model_rescale": 4.100010024507729, "target_rescale": 4.223809042975388},
{"mapping": [10, 13, 7, 5, 0, 2, 1, 3, 11, 9, 12, 14], "R": [[0.6947689753201005, -0.6254376717768458, 0.3551391131021987], [0.04654366029545409, 0.5318370168665423, 0.8455667183474044], [-0.7177254061400915, -0.5709440482331484, 0.3986140177768278]], "T": [-0.07879006139311677, 0.11505567636424541, 0.08553963127927011], "aligned_model": [[-0.6083841216178569, -0.10031722370789399, 0.33307842615085476, 0.6921226382062852, -0.3716367155552532, 0.17205436177001782, -0.3566535206628841, 0.47269325281995905, 0.24669586598723353, -0.17265163015460638, -0.39218052945662524, -0.03805520141622382], [-0.27605687900375203, -0.6525315736747752, -0.2508114104134363, -0.28667991973832907, 0.6537940275794483, 0.6484524077902768, 0.2098463406385332, 0.24583780301514915, -0.3527929785904118, 0.6304209546313883, 0.005673953829899325, 0.09097866398664886], [-0.12612534358008728, 0.0781081813617478, 0.5455652182584791, -0.14065941661493042, 0.3251491341804437, 0.04309704828383831, 0.7691127278575892, -0.27687487594691407, -0.5260195548541943, -0.5835867162262915, -0.5930340481207644, 0.05045993525544064]], "inverted": true, "swapped": true, "error_lsq": 0.04430777587235877, "error_max": 0.2452899583476681, "target": "777.xyz", "model": "26.xyz", "model_rescale": 3.6694154284099745, "target_rescale": 4.223809042975388},
