[{"mapping": [9, 6, 3, 2, 7, 10, 0, 1, 5, 8, 11], "R": [[-0.2700075633551811, 0.3104550545594225, 0.9114348988433042], [0.7661727952601392, -0.5040335527725832, 0.3986595357980455], [0.5831596381217267, 0.8059577140135542, -0.10176934552105155]], "T": [0.018028345882281263, 0.11065382579457729, -0.14011053514536065], "aligned_model": [[-0.4765334850355763, -0.2937662955498259, -0.18841886464093227, 0.7727957320947657, -0.5059380546863571, -0.5074722666254731, 0.47975041624967607, 0.31183118047293545, 0.025805870741251194, 0.14669774278259318, 0.05280664995708925], [0.006013335325464941, -0.5434792099557223, 0.5625407682998782, -0.16338203909081406, -0.2271123621904909, 0.4779005049360219, 0.3308730329285423, -0.3787915907594898, 0.3001195094295041, -0.27369679254569546, 0.13179319485672134], [-0.4774758972996951, -0.13314199374288932, -0.6167763040519607, -0.20320398213403823, 0.5726141825368547, 0.0851456054555576, 0.207894672497335, 0.2794173401140403, 0.6678056717484774, -0.6288049991757712, -0.08375583232973927]], "inverted": true, "swapped": false, "error_lsq": 0.049047028169815016, "error_max": 0.2580664715015025, "target": "778.xyz", "model": "0.xyz", "model_rescale": 3.751011558992144, "target_rescale": 3.5890592401434573},
{"mapping": [0, 7, 13, 11, 1, 8, 10, 6, 4, 12, 14], "R": [[0.3658124984215032, 0.04822568385672954, 0.9294382709008536], [-0.9085444200986754, 0.23505511497314932, 0.34539271797842125], [-0.20181241960340138, -0.9707849279534113, 0.12980127484855591]], "T": [-0.06359607503429543, 0.15903577350867054, -0.10127076278321062], "aligned_model": [[-0.7336085848039948, -0.1316790684315849, -0.04859383094361708, 0.6469355206785505, -0.42515482985882824, -0.4390855328433909, 0.5774120695655028, 0.23362469531462826, -0.04136141377284033, 0.20371323038692957, -0.02464362953120873], [-0.17818517160492603, -0.49517506653149596, 0.4714040379969051, -0.19736701765320547, -0.24883727763517027, 0.5912781752620146, 0.4621284415189609, -0.42688394731675766, 0.32460295775223413, -0.227899336724057, 0.14771255616941745], [-0.2147158571164891, -0.18523448459953246, -0.7567882669838464, -0.17093345633188692, 0.33301070170287955, 0.23427718511783802, 0.3106723659178139, 0.26216236681725, 0.6718185575737932, -0.676424707202981, -0.1381259412766678]], "inverted": false, "swapped": false, "error_lsq": 0.04325218781431953, "error_max": 0.1835623865741139, "target": "778.xyz", "model": "1.xyz", "model_rescale": 3.9405287249114394, "target_rescale": 3.5890592401434573},
{"mapping": [2, 5, 8, 11, 1, 4, 3, 6, 7, 9, 12], "R": [[-0.004516814493797872, -0.30953117930382434, 0.9508785660775053], [0.7472681497540842, -0.6329233836949225, -0.20248037617329176], [0.6645072691475516, 0.7096467004157447, 0.23416158916250523]], "T": [0.0014956364126169977, -0.010166155898441033, 0.020057086936118625], "aligned_model": [[-0.5482317907874893, -0.08782532380408345, -0.025271017502231534, 0.5252504135690725, -0.6561443652685038, -0.3502675307206199, 0.3389835851093792, 0.328672736971696, 0.13884897193875448, 0.2333071314512909, -0.07976418519711906], [-0.3180431502621073, -0.6045442375926834, 0.5352341357321923, -0.419860342820627, -0.08161991214709471, 0.590934143781248, 0.4289129180311837, -0.2542886713548529, 0.31702426548593327, 0.043199600893554756, -0.014170398512826653], [-0.23913616075208372, -0.38837006990361495, -0.529953674992396, -0.23576686746444808, 0.4555227242315078, 0.10152380318387784, 0.16187080238863033, 0.37882586443272853, 0.7292752074958665, -0.7505249228850371, -0.013548242116860034]], "inverted": false, "swapped": false, "error_lsq": 0.05256127347386211, "error_max": 0.24089873204083578, "target": "778.xyz", "model": "2.xyz", "model_rescale": 3.932901565614263, "target_rescale": 3.5890592401434573},
{"mapping": [6, 5, 10, 9, 4, 1, 3, 7, 0, 12, 13], "R": [[-0.40949683911534296, 0.65633396615919, 0.633670311455642], [0.5753935847474461, 0.7248144768675439, -0.3789013021285524], [-0.7079792097131289, 0.2094509464981627, -0.6744595908021455]], "T": [0.10322009090359424, 0.15353911936270576, 0.013382078105143361], "aligned_model": [[-0.45724470962327174, -0.07711702882608243, -0.10402905857370409, 0.5293967041769589, -0.4134596311617132, -0.3401840713925876, 0.3809714135304969, 0.39807573935658974, -0.1677792869078103, 0.0029801896580519127, 0.06594836552321817], [-0.04200365600852146, -0.5024318029010184, 0.4228056857763164, -0.3621994477752191, -0.35105483645497443, 0.7446425076188934, 0.4339023603039585, -0.38977605284682487, 0.3273372177851799, -0.16025871232516803, 0.10181508806129828], [-0.32475175790104016, -0.2189546560690941, -0.617243600529967, -0.290229786047446, 0.5049646338336365, 0.06590020985627582, 0.33732055064142963, 0.3706093412996453, 0.6010077134832901, -0.6755393203038537, -0.08336486464470548]], "inverted": false, "swapped": false, "error_lsq": 0.04709364652481818, "error_max": 0.22077226599704664, "target": "778.xyz", "model": "3.xyz", "model_rescale": 3.9243930471874484, "target_rescale": 3.5890592401434573},
{"mapping": [10, 8, 3, 7, 11, 6, 0, 1, 5, 4, 12], "R": [[0.22727902118867255, -0.03230636915927295, -0.9732936581727344], [0.08452530760119982, -0.995023248227851, 0.052765593534223526], [-0.9701544819782267, -0.09426045829424509, -0.2234172041265341]], "T": [-0.07779467730217518, -0.07462606744608175, -0.038693873502423246], "aligned_model": [[-0.6506864659043511, -0.1265513264761091, -0.03978310501769211, 0.6151542331658626, -0.7296279623685232, -0.4503185540137348, 0.539215160232039, 0.4828224422128289, 0.06805122921286419, 0.13382516057235463, -0.024542185855392577], [-0.11791998286201116, -0.6431661391083769, 0.5088723045499515, -0.37552218999980314, -0.1589815090399066, 0.5150581115374901, 0.47745816194892327, -0.2233024338168017, 0.35909775835997615, -0.11128247556141693, -0.007533254774104159], [-0.44740936740872295, -0.3046287245313726, -0.3719177331150179, -0.30739833908770425, 0.40190981388641556, 0.148429201164952, 0.15579061790992066, 0.37815631945900957, 0.5648255663301688, -0.5920839903297083, 0.04404509934023047]], "inverted": false, "swapped": false, "error_lsq": 0.04918835084988258, "error_max": 0.25451712690566963, "target": "778.xyz", "model": "4.xyz", "model_rescale": 3.8936222436046832, "target_rescale": 3.5890592401434573},
{"mapping": [7, 10, 5, 2, 8, 6, 1, 3, 9, 4, 11], "R": [[0.3860374722763084, 0.33605808862616493, 0.8590925625725363], [0.5263137011715551, 0.6845978034669413, -0.5043012348263074], [-0.7576073903794878, 0.646831360214676, 0.08740842914281569]], "T": [-0.02473618255593725, -0.025801431494157135, 0.06052914628506016], "aligned_model": [[-0.607663364419647, -0.10693624530879088, -0.09269732435583035, 0.6174238937494081, -0.4706360647167698, -0.4064184428564395, 0.5214683532393737, 0.20263768255816356, -0.07796065922931825, 0.22780239681744197, 0.010538400282554553], [-0.020003454456189385, -0.5757711939528903, 0.5172289683668632, -0.32599308523037335, -0.41008167955827407, 0.6729092672649687, 0.5604554604552764, -0.41617887781194685, 0.22966029467761434, -0.0842204323912252, 0.07477308387009667], [-0.22215408897086353, -0.23987692813683975, -0.5375261396868127, -0.17329530143320404, 0.507032015668405, 0.03349879817133436, 0.027784240124447877, 0.41575950420885116, 0.6208347819567364, -0.6900946510789154, -0.07224376720496813]], "inverted": true, "swapped": false, "error_lsq": 0.04033545347011274, "error_max": 0.22043352226577512, "target": "778.xyz", "model": "5.xyz", "model_rescale": 3.6523030999806103, "target_rescale": 3.5890592401434573},
{"mapping": [1, 2, 8, 10, 3, 5, 9, 4, 7, 6, 12], "R": [[-0.03199214332218171, -0.5199053108786157, 0.8536246074744234], [0.5928604177799753, 0.6777183621727323, 0.4349877545444959], [-0.8046695146427547, 0.5199964320013355, 0.28654961683881963]], "T": [-0.009842727800638629, 0.04785732600399828, -0.010000644936160378], "aligned_model": [[-0.5875509146910072, -0.16079250810636478, 0.040149163845156786, 0.687302186550426, -0.4134660970460585, -0.45864583306154977, 0.5699183732980297, 0.17691077330107843, -0.08283144433493522, 0.1300395541515694, -0.08347462814619866], [-0.17625041214077677, -0.6743067194495005, 0.573673889323469, -0.23779907689213475, -0.20553568129950583, 0.5600766146461824, 0.47131350446316655, -0.4417382777931336, 0.3380372805573342, -0.06358745299814984, 0.07889468281696964], [-0.3236945060442776, -0.1886200433480016, -0.4279968831669213, -0.21263931238608752, 0.49549006971312126, 0.0005209061758589227, 0.07499821245768082, 0.22356064572582038, 0.6042357109817257, -0.6350106212574307, 0.05887428476668288]], "inverted": true, "swapped": false, "error_lsq": 0.04180890202398875, "error_max": 0.23204113750526179, "target": "778.xyz", "model": "6.xyz", "model_rescale": 4.08911054899281, "target_rescale": 3.5890592401434573},
{"mapping": [12, 11, 4, 9, 13, 7, 0, 1, 2, 8, 14], "R": [[-0.41436380920439936, -0.8716906743175528, -0.2616448010747213], [-0.002543315216982478, 0.288594526302855, -0.9574480304098694], [0.9101077766777556, -0.39606636779186527, -0.12180011139088381]], "T": [-0.08457686343109018, 0.07277500985920385, -0.15183969385039903], "aligned_model": [[-0.7262327943340021, -0.15341804776488494, -0.012321550819671179, 0.5856688479312844, -0.5032470443227323, -0.5638223373723812, 0.6711136778023011, 0.2773085077952629, -0.03143257657493509, 0.24338100820499314, 0.030560935214911628], [-0.23460678917953612, -0.5079132696967958, 0.5455379559399557, -0.32564714069045864, -0.22379177573286582, 0.5703399840537339, 0.4159501298590753, -0.26753334108259774, 0.3297058291030025, -0.03335248280240588, -0.045910748537187546], [-0.1942190988488446, -0.20276195109583509, -0.6696464689265167, -0.23300486039071516, 0.37032689227645227, 0.19750517400804662, 0.2906745160992326, 0.38776688804703424, 0.6105917995891859, -0.7403374109388123, -0.14717701620105655]], "inverted": false, "swapped": false, "error_lsq": 0.0446403471619681, "error_max": 0.20242555347204333, "target": "778.xyz", "model": "7.xyz", "model_rescale": 3.964800864290218, "target_rescale": 3.5890592401434573},
{"mapping": [8, 5, 7, 0, 10, 12, 4, 3, 11, 1, 13], "R": [[0.21855525650859764, -0.3623304690986825, 0.9060630392059872], [-0.7807223995911624, -0.6219525845210451, -0.06039468009858118], [0.5854110817443403, -0.6941841353490594, -0.4188105199258971]], "T": [0.08596766125172021, 0.05431474913799868, -0.004364868108689184], "aligned_model": [[-0.6053502846849581, -0.3506601770177305, -0.09419307969786268, 0.7156815340227303, -0.45675273849508785, -0.28679354957183, 0.4173018058816526, 0.42494391879141474, -0.10703725317801634, 0.14854473244123734, 0.011873717268596456], [-0.045487298950033894, -0.6508934613022034, 0.4264668822323088, -0.22168840267107542, -0.37320853822121625, 0.7111010104059752, 0.5916705468823621, -0.552274507749178, 0.4164302832315178, -0.11137166831850541, 0.03203350569396877], [-0.3255760606761448, -0.1097604740145087, -0.5839320015932968, -0.2054670092060346, 0.44039621322764677, -0.02322816589999948, 0.3063759020627065, 0.20325802551302227, 0.7158814560525769, -0.7335781513147522, -0.01465127053304454]], "inverted": true, "swapped": false, "error_lsq": 0.046048262840877686, "error_max": 0.21865719447721907, "target": "778.xyz", "model": "8.xyz", "model_rescale": 4.121658175737393, "target_rescale": 3.5890592401434573},
{"mapping": [4, 1, 9, 8, 0, 5, 11, 2, 10, 6, 12], "R": [[-0.9801628246294235, -0.17566176745717613, -0.0917811563900301], [0.12820317742280687, -0.2087888659189826, -0.9695210955760383], [0.1511449056804975, -0.9620551714543644, 0.22716748131004005]], "T": [0.08567920214035403, 0.10148572775933051, 0.011725305124672823], "aligned_model": [[-0.71173054057118, -0.2199117200443903, -0.1838685236638123, 0.7430096351529092, -0.5209844642491274, -0.36760662656061066, 0.5704157546618417, 0.3047566417586707, -0.05974602446635978, 0.21979980244164604, 0.04342469130055909], [-0.07916226333628612, -0.5010476320333449, 0.3984518641331507, -0.07580045836968013, -0.21479491525444594, 0.5070177616917462, 0.3858902217958292, -0.5228534163354233, 0.4444246105124876, -0.14655402059345796, 0.027206599023345088], [-0.3341531753573712, -0.12428739402051198, -0.7178944276100955, -0.2471948520100238, 0.39999067038397856, 0.1203238006450727, 0.30698219831250395, 0.222799129793197, 0.6733333890820618, -0.6212596851443537, -0.008921190456286619]], "inverted": true, "swapped": false, "error_lsq": 0.044615303395682614, "error_max": 0.25816607508200273, "target": "778.xyz", "model": "9.xyz", "model_rescale": 3.833441315466971, "target_rescale": 3.5890592401434573},
{"mapping": [10, 8, 12, 7, 13, 1, 4, 9, 5, 11, 14], "R": [[-0.3685103168012442, 0.8385841273913586, -0.4012191517092878], [-0.09872050975753988, -0.46445380843019385, -0.8800777924637688], [-0.924367030656253, -0.2847091869293344, 0.2539414726148118]], "T": [0.015177483203302082, 0.11390878819837838, -0.02786010177518191], "aligned_model": [[-0.602924698148728, -0.12125106858073437, -0.11834126388912289, 0.552406901776652, -0.49406509245769475, -0.33423650534305444, 0.5340638946190408, 0.346244857931223, -0.12819711027564545, 0.10609100716186684, 0.07776770296634342], [-0.26232687698634594, -0.637318816898063, 0.45248861477762636, -0.16345388790992407, -0.10855062178834421, 0.7630926905479882, 0.5555685010699444, -0.5966193439156212, 0.33716957592071617, -0.16898731590660562, 0.05171583232254914], [-0.41792491840280377, -0.18471576146241067, -0.5080230975580808, -0.30780380058477724, 0.5438656641801124, 0.017736591658487115, 0.38639364916081315, 0.18059683238165541, 0.5942601021061567, -0.6418972394852948, 0.0072304416243135425]], "inverted": false, "swapped": false, "error_lsq": 0.04652409074503922, "error_max": 0.24364735899141812, "target": "778.xyz", "model": "10.xyz", "model_rescale": 4.2482417240324, "target_rescale": 3.5890592401434573},
{"mapping": [1, 8, 2, 7, 0, 6, 5, 9, 4, 3, 11], "R": [[-0.6124469462902508, -0.7452815876115406, 0.26356041650249407], [-0.048752734310955725, -0.2971602354882662, -0.9535821754530459], [0.7890069130729793, -0.5968677823536631, 0.1456603635560077]], "T": [-0.07046050139259882, -0.004506292929852381, -0.04365118663955324], "aligned_model": [[-0.6768789937365194, -0.10415851698561412, -0.108087762146547, 0.5668221082735652, -0.7187916181145935, -0.2571057842694436, 0.4462462045195926, 0.4971691602642019, 0.049954282848286374, 0.12186540840480897, 0.0005241367024086258], [-0.1162311895019782, -0.5810032652012086, 0.48018494659515626, -0.11501589452366746, -0.14557594471155233, 0.5854379016302695, 0.4635870215554178, -0.389744238892788, 0.31346982274394886, -0.26377148829379427, -0.008559320165883361], [-0.3885000135006515, -0.2519142742519917, -0.6016976703311383, -0.24418734315007262, 0.3218698009522037, 0.1502857201822479, 0.2357929031549813, 0.4131848827951513, 0.762717866480337, -0.7878715366335869, 0.06003812792069069]], "inverted": true, "swapped": false, "error_lsq": 0.050007136809777815, "error_max": 0.2859287777807087, "target": "778.xyz", "model": "11.xyz", "model_rescale": 3.6694154284099745, "target_rescale": 3.5890592401434573},
{"mapping": [1, 4, 2, 11, 0, 12, 7, 6, 5, 8, 13], "R": [[0.25714791250423163, -0.1868690641843067, 0.9481323240695876], [-0.8698396194096418, 0.38268500303597397, 0.31133779879199686], [-0.42101542442053774, -0.9047829249616937, -0.06413946599213705]], "T": [0.06222339215995919, 0.08581460839185678, -0.054950771343532004], "aligned_model": [[-0.7165070375318383, -0.14276549571665798, -0.24463369674702706, 0.612580789227427, -0.4347397147168054, -0.3639449268029654, 0.5635334668306403, 0.2565457249040293, 0.024240239796737055, 0.3012883177438713, -0.03803904122726466], [-0.046011987619805295, -0.6107038277759336, 0.31402466120466077, -0.379850784325892, -0.23047685299818077, 0.5946722857200222, 0.5083357998843683, -0.24577440904515024, 0.27849859399028065, 0.01653688487917103, 0.023527987320379175], [-0.3593750814069172, -0.19819976322750754, -0.5841695088944845, -0.21398261225981097, 0.3496789931086225, 0.09069581599372258, 0.29480538691957625, 0.3599496841463759, 0.7235098598428756, -0.7695460481901873, -0.023648262414093874]], "inverted": false, "swapped": false, "error_lsq": 0.040237053404816654, "error_max": 0.2224340880981287, "target": "778.xyz", "model": "12.xyz", "model_rescale": 3.9764082729961374, "target_rescale": 3.5890592401434573},
{"mapping": [6, 13, 3, 10, 5, 4, 2, 12, 0, 11, 15], "R": [[-0.7047795502649886, -0.6999916162220334, 0.11531488519330986], [-0.6448855298393474, 0.5644008629002792, -0.515339033415134], [0.29564918219420927, -0.4375653130405632, -0.8491926506344774]], "T": [0.0093450856825485, 0.01499335647874543, 0.005036986451160994], "aligned_model": [[-0.6916803966078021, -0.12721001834335438, 0.03688652716062044, 0.6991500055488399, -0.5457839009360501, -0.552200848847988, 0.5577922489627868, 0.2261174900067231, -0.03235592551307186, 0.29971879549782116, -0.05287535116837855], [-0.20465259545503175, -0.5048611629797891, 0.5417985654410109, -0.312167621752932, -0.1427323662100348, 0.4290144258511892, 0.5292093732567327, -0.5545975773344365, 0.46900911559614766, -0.11576940988723029, 0.08852760470829427], [-0.20467170358794512, -0.2875113486148754, -0.6508297592564904, -0.2465216862457206, 0.6131309844916185, 0.17567238520286307, 0.27158362605661546, 0.19421792573842653, 0.5700490656499806, -0.7223754868608133, -0.04302553895548823]], "inverted": false, "swapped": false, "error_lsq": 0.04640349788499875, "error_max": 0.24545373210226568, "target": "778.xyz", "model": "13.xyz", "model_rescale": 4.170626492500431, "target_rescale": 3.5890592401434573},
{"mapping": [4, 2, 8, 1, 6, 12, 9, 3, 11, 0, 13], "R": [[-0.039682621114532024, -0.9590962215553768, 0.2802850823352543], [0.4981935065967552, 0.22416299840533882, 0.8375883118398662], [-0.8661573295691201, 0.17287390764406257, 0.46892013444675507]], "T": [-0.01486055450537187, 0.0465768631312633, -0.0912814991594609], "aligned_model": [[-0.646302776582175, -0.21369816972380706, -0.2421589596297544, 0.7294795878095921, -0.44379823952355574, -0.46993499994234916, 0.6248489978649207, 0.27011412678244856, 0.04249391075183402, 0.21567045812339372, -0.04915531017040167], [0.008566195809923183, -0.564343430160814, 0.49677747186418186, -0.10352633012671475, -0.29226119076336077, 0.6169276289720488, 0.3863758072237988, -0.39846383521651935, 0.24793653229614468, -0.23764567671698533, 0.06243517805221712], [-0.412060301360473, -0.2333102471456065, -0.6364522428071232, -0.21061822363119864, 0.5480075611522515, -0.03371958291938092, 0.2715060483992673, 0.351665238348455, 0.5838661884467509, -0.5623774624052195, 0.0032114875404480048]], "inverted": false, "swapped": false, "error_lsq": 0.04543857299403015, "error_max": 0.23433750814325116, "target": "778.xyz", "model": "14.xyz", "model_rescale": 3.9786697098870705, "target_rescale": 3.5890592401434573},
{"mapping": [7, 5, 9, 2, 10, 6, 0, 4, 1, 8, 11], "R": [[0.4456841473934259, -0.2921445941810662, -0.8461779817821872], [-0.38287466353147215, -0.9166382299610971, 0.11481004920933248], [-0.809180222687046, 0.27281109116853647, -0.5203858911880446]], "T": [-0.007176832485808384, 0.07011349502179877, -0.06737390400713657], "aligned_model": [[-0.6300335947559375, -0.04165581481298211, 0.023876959246713823, 0.7441062221247698, -0.4590460345192092, -0.52957306658628, 0.5810138258767741, 0.22684611118109982, -0.12883238745533157, 0.07908183265395871, -0.04822542719342966], [-0.1042235837739675, -0.6861875022343035, 0.573844084221327, -0.3180742141547127, -0.2754064690939652, 0.6612736341492639, 0.38018036112777187, -0.3683309314669536, 0.3479858955112146, -0.1497492522086386, 0.16146632915688358], [-0.2035063470250562, -0.3347305741260163, -0.4316614601670387, -0.2641770812333295, 0.539874947081135, 0.0032487220298324376, 0.13682177184559996, 0.29027743012929835, 0.5397990091598204, -0.5326135638498729, -0.0736143902262015]], "inverted": false, "swapped": false, "error_lsq": 0.04859246138354229, "error_max": 0.2145418610413692, "target": "778.xyz", "model": "15.xyz", "model_rescale": 3.769337070930944, "target_rescale": 3.5890592401434573},
{"mapping": [2, 0, 6, 5, 3, 8, 7, 1, 9, 4, 10], "R": [[0.4395617154476108, -0.8978809412815362, -0.024399049082620916], [0.5600466903859754, 0.2527339225379004, 0.7889697516295042], [-0.7022344358549136, -0.36046550414982714, 0.6139474060679319]], "T": [0.034593029229171374, 0.0288427439083735, -0.0011562277855166336], "aligned_model": [[-0.6562525131397016, -0.07311793175951681, -0.04955631869894783, 0.613366833369022, -0.5191442552329496, -0.36599922142062014, 0.6379516706631129, 0.502063860912336, -0.29324163211175425, 0.0418869273354181, -0.020398794156252772], [-0.022156795196042793, -0.5860306863873415, 0.4472466458166537, -0.0876779086957914, -0.17759169034998606, 0.6604820181767971, 0.3391360083338988, -0.44062206936039433, 0.2714389734048951, -0.1880346372299755, 0.006588492721207123], [-0.2593370594242952, -0.16788693347923683, -0.5922264364838141, -0.3197386232133731, 0.35968069225682264, 0.04413601953812005, 0.2242610338480095, 0.44851282499483813, 0.7020160037266778, -0.7501178590714394, -0.019581199074138356]], "inverted": false, "swapped": false, "error_lsq": 0.05005231446129746, "error_max": 0.2396049527254254, "target": "778.xyz", "model": "16.xyz", "model_rescale": 3.7852294659196426, "target_rescale": 3.5890592401434573},
{"mapping": [3, 2, 4, 7, 8, 0, 10, 11, 9, 5, 12], "R": [[0.27984001428550304, -0.8038915982853405, -0.5248312725161588], [0.42400933540248203, -0.3869766064825468, 0.8188193876104781], [-0.8613394510274306, -0.4516717881841783, 0.2325660032383749]], "T": [-0.021650576534228687, -0.023105907834142795, -0.11090363085925366], "aligned_model": [[-0.7779254880962526, -0.13811304744250957, -0.03478515847408866, 0.493305415257091, -0.3426026522563589, -0.4663285035928551, 0.48981554561171375, 0.31376626051084, -0.06411044857496956, 0.32381266263879027, 0.0207240401787454], [-0.14599653068021437, -0.6197844382215633, 0.5525704676125559, -0.464276904669193, -0.17411261976161593, 0.4839361378580047, 0.5349929172251049, -0.42285680272211956, 0.34143604112573556, 0.12657175744460536, 0.01029832602261969], [-0.324073807293279, -0.17797258996042942, -0.5234698420295472, -0.2887110639046919, 0.4353496522384123, -0.006418891179782185, 0.16510938086957655, 0.4044863592416576, 0.6717636753613774, -0.6498477443415065, -0.036496665383616456]], "inverted": true, "swapped": false, "error_lsq": 0.04143243371132853, "error_max": 0.23460536109679359, "target": "778.xyz", "model": "17.xyz", "model_rescale": 3.901054581598922, "target_rescale": 3.5890592401434573},
{"mapping": [0, 7, 13, 11, 1, 8, 10, 6, 4, 12, 14], "R": [[0.3658124984215032, 0.04822568385672954, 0.9294382709008536], [-0.9085444200986754, 0.23505511497314932, 0.34539271797842125], [-0.20181241960340138, -0.9707849279534113, 0.12980127484855591]], "T": [-0.06359607503429543, 0.15903577350867054, -0.10127076278321062], "aligned_model": [[-0.7336085848039948, -0.1316790684315849, -0.04859383094361708, 0.6469355206785505, -0.42515482985882824, -0.4390855328433909, 0.5774120695655028, 0.23362469531462826, -0.04136141377284033, 0.20371323038692957, -0.02464362953120873], [-0.17818517160492603, -0.49517506653149596, 0.4714040379969051, -0.19736701765320547, -0.24883727763517027, 0.5912781752620146, 0.4621284415189609, -0.42688394731675766, 0.32460295775223413, -0.227899336724057, 0.14771255616941745], [-0.2147158571164891, -0.18523448459953246, -0.7567882669838464, -0.17093345633188692, 0.33301070170287955, 0.23427718511783802, 0.3106723659178139, 0.26216236681725, 0.6718185575737932, -0.676424707202981, -0.1381259412766678]], "inverted": false, "swapped": false, "error_lsq": 0.04325218781431953, "error_max": 0.1835623865741139, "target": "778.xyz", "model": "18.xyz", "model_rescale": 3.9405287249114394, "target_rescale": 3.5890592401434573},
{"mapping": [13, 14, 4, 3, 11, 7, 6, 10, 5, 12, 15], "R": [[0.1378054966821354, -0.9216598292068225, -0.3627020875465711], [-0.5956141121433198, 0.2154716304784217, -0.7738318976849528], [0.791361784836692, 0.322668770855534, -0.519260425812197]], "T": [0.016789173491092282, 0.1366001770685986, -0.07382794888512868], "aligned_model": [[-0.5726992439730776, -0.13133283882432606, -0.09690892292255696, 0.6034059058472057, -0.3601208074005697, -0.5146423117468892, 0.4947494043175647, 0.2337710632289256, 0.00729334838963798, 0.11834037641555507, 0.035702652428676596], [-0.15288611431864838, -0.6103125235300974, 0.6009377129141059, -0.43837264766458073, -0.27552814586388386, 0.5968070070481285, 0.5465359036035136, -0.501519877280183, 0.38135398995200187, -0.04449872951446679, 0.12026177588803103], [-0.2153586457194669, -0.21496706191967813, -0.6271166838986955, -0.29902931436089475, 0.38147668939667345, -0.11145505453102758, 0.32840354348066864, 0.3306787787600771, 0.720695834990185, -0.5808088177829654, -0.04280080479670471]], "inverted": false, "swapped": false, "error_lsq": 0.04250828345780609, "error_max": 0.2171638167727746, "target": "778.xyz", "model": "19.xyz", "model_rescale": 4.410303926677745, "target_rescale": 3.5890592401434573},
{"mapping": [8, 5, 7, 0, 10, 12, 4, 3, 11, 1, 13], "R": [[0.21855525650859764, -0.3623304690986825, 0.9060630392059872], [-0.7807223995911624, -0.6219525845210451, -0.06039468009858118], [0.5854110817443403, -0.6941841353490594, -0.4188105199258971]], "T": [0.08596766125172021, 0.05431474913799868, -0.004364868108689184], "aligned_model": [[-0.6053502846849581, -0.3506601770177305, -0.09419307969786268, 0.7156815340227303, -0.45675273849508785, -0.28679354957183, 0.4173018058816526, 0.42494391879141474, -0.10703725317801634, 0.14854473244123734, 0.011873717268596456], [-0.045487298950033894, -0.6508934613022034, 0.4264668822323088, -0.22168840267107542, -0.37320853822121625, 0.7111010104059752, 0.5916705468823621, -0.552274507749178, 0.4164302832315178, -0.11137166831850541, 0.03203350569396877], [-0.3255760606761448, -0.1097604740145087, -0.5839320015932968, -0.2054670092060346, 0.44039621322764677, -0.02322816589999948, 0.3063759020627065, 0.20325802551302227, 0.7158814560525769, -0.7335781513147522, -0.01465127053304454]], "inverted": true, "swapped": false, "error_lsq": 0.046048262840877686, "error_max": 0.21865719447721907, "target": "778.xyz", "model": "20.xyz", "model_rescale": 4.121658175737393, "target_rescale": 3.5890592401434573},
{"mapping": [1, 2, 8, 10, 3, 5, 9, 4, 7, 6, 12], "R": [[-0.03199214332218171, -0.5199053108786157, 0.8536246074744234], [0.5928604177799753, 0.6777183621727323, 0.4349877545444959], [-0.8046695146427547, 0.5199964320013355, 0.28654961683881963]], "T": [-0.009842727800638629, 0.04785732600399828, -0.010000644936160378], "aligned_model": [[-0.5875509146910072, -0.16079250810636478, 0.040149163845156786, 0.687302186550426, -0.4134660970460585, -0.45864583306154977, 0.5699183732980297, 0.17691077330107843, -0.08283144433493522, 0.1300395541515694, -0.08347462814619866], [-0.17625041214077677, -0.6743067194495005, 0.573673889323469, -0.23779907689213475, -0.20553568129950583, 0.5600766146461824, 0.47131350446316655, -0.4417382777931336, 0.3380372805573342, -0.06358745299814984, 0.07889468281696964], [-0.3236945060442776, -0.1886200433480016, -0.4279968831669213, -0.21263931238608752, 0.49549006971312126, 0.0005209061758589227, 0.07499821245768082, 0.22356064572582038, 0.6042357109817257, -0.6350106212574307, 0.05887428476668288]], "inverted": true, "swapped": false, "error_lsq": 0.04180890202398875, "error_max": 0.23204113750526179, "target": "778.xyz", "model": "21.xyz", "model_rescale": 4.08911054899281, "target_rescale": 3.5890592401434573},
{"mapping": [15, 11, 14, 5, 1, 4, 7, 8, 0, 9, 16], "R": [[0.2420939310431538, 0.6604524573178446, -0.7107693579318776], [0.8333405909378829, -0.5167279864401947, -0.19630498599058124], [-0.49692452952875354, -0.5447887110176594, -0.6754785505849498]], "T": [0.018123714450862326, 0.13095131874199917, -0.05366725307506655], "aligned_model": [[-0.5428617151996786, -0.1485825987901402, -0.18009956518295941, 0.48547546830008703, -0.45473401842730155, -0.38360222493368185, 0.5299163181888803, 0.15760669453320553, -0.003796883208146175, 0.3424598262902776, 0.01577732418960351], [-0.17144976154243552, -0.6100150868146467, 0.35582466537388235, -0.3470058503782484, -0.29503254853229427, 0.6174990001311356, 0.5639019681144746, -0.44751578124529545, 0.3945289968213176, -0.006801982804387041, 0.16884473211041717], [-0.40772367831937456, -0.14890811206166216, -0.6210842913571861, -0.27920735285508474, 0.42061292840566916, 0.2432836001451592, 0.18385801710990934, 0.30225736051566454, 0.674430057176703, -0.6728422897427921, -0.024957775398834682]], "inverted": false, "swapped": false, "error_lsq": 0.042031873254710646, "error_max": 0.21034080054496038, "target": "778.xyz", "model": "22.xyz", "model_rescale": 4.204369325754507, "target_rescale": 3.5890592401434573},
{"mapping": [13, 14, 4, 3, 11, 7, 6, 10, 5, 12, 15], "R": [[0.1378054966821354, -0.9216598292068225, -0.3627020875465711], [-0.5956141121433198, 0.2154716304784217, -0.7738318976849528], [0.791361784836692, 0.322668770855534, -0.519260425812197]], "T": [0.016789173491092282, 0.1366001770685986, -0.07382794888512868], "aligned_model": [[-0.5726992439730776, -0.13133283882432606, -0.09690892292255696, 0.6034059058472057, -0.3601208074005697, -0.5146423117468892, 0.4947494043175647, 0.2337710632289256, 0.00729334838963798, 0.11834037641555507, 0.035702652428676596], [-0.15288611431864838, -0.6103125235300974, 0.6009377129141059, -0.43837264766458073, -0.27552814586388386, 0.5968070070481285, 0.5465359036035136, -0.501519877280183, 0.38135398995200187, -0.04449872951446679, 0.12026177588803103], [-0.2153586457194669, -0.21496706191967813, -0.6271166838986955, -0.29902931436089475, 0.38147668939667345, -0.11145505453102758, 0.32840354348066864, 0.3306787787600771, 0.720695834990185, -0.5808088177829654, -0.04280080479670471]], "inverted": false, "swapped": false, "error_lsq": 0.04250828345780609, "error_max": 0.2171638167727746, "target": "778.xyz", "model": "23.xyz", "model_rescale": 4.410303926677745, "target_rescale": 3.5890592401434573},
{"mapping": [15, 5, 10, 2, 13, 11, 1, 0, 7, 4, 16], "R": [[0.13787605323155017, 0.5038383508927045, 0.8527233491086141], [-0.9771783108248815, 0.20966283189586898, 0.03411811505397511], [-0.16159437737347926, -0.837966832930233, 0.5212473924252792]], "T": [-0.17604850961390395, 0.04442732991350606, -0.0462934602819562], "aligned_model": [[-0.7168268567681044, -0.12804855335848825, 0.01020241528852922, 0.5741369674891599, -0.5384231954173482, -0.3722419360684655, 0.422228292379324, 0.4264608924138006, 0.007390718442598837, 0.19072247447846985, -0.05804259311933027], [-0.20595529158640669, -0.5486184456952693, 0.5141474097681513, -0.4294541887455065, -0.1501025045035069, 0.6227062192947659, 0.5926072325802102, -0.2784830659348574, 0.1937263130448128, -0.15226742245741212, 0.06447209546893908], [-0.43895299847599, -0.25024135965823513, -0.45672930889894636, -0.25972262275854113, 0.523819997233021, 0.12050927387656434, 0.23281048465508036, 0.27479392316286083, 0.5749880861430845, -0.5946314879699922, -0.05692552369073532]], "inverted": true, "swapped": false, "error_lsq": 0.03891532977300281, "error_max": 0.20364366563195582, "target": "778.xyz", "model": "24.xyz", "model_rescale": 4.28219845311461, "target_rescale": 3.5890592401434573},
{"mapping": [0, 6, 1, 10, 2, 4, 9, 14, 13, 8, 15], "R": [[-0.271526600124162, -0.3773836969729794, 0.8853557763317639], [0.47031087698597634, -0.8546267040809555, -0.2200474395679376], [0.8396910053190374, 0.35664371847928267, 0.4095415408179919]], "T": [0.09512056405953444, 0.20047193507151645, 0.0449725393805184], "aligned_model": [[-0.6183911523914195, -0.18187667201722924, -0.06661627686872791, 0.5047689826994074, -0.35596546135474266, -0.5607115770675744, 0.5298718752416368, 0.2757886306852889, 0.007512486817342248, 0.2554886644949884, 0.027689125521175847], [-0.05144088341384817, -0.5707053492401986, 0.3946622399419196, -0.43041071714508633, -0.21391719786100466, 0.5230368298192845, 0.7061538228725268, -0.4730956063467579, 0.2457596134552539, -0.08790001366121974, 0.18063561281305063], [-0.2599784966986852, -0.33020110352162335, -0.5432525184226639, -0.20777253191835934, 0.3508860378916222, 0.06698763344585631, 0.15520325041115113, 0.3512574422798981, 0.6307970079080304, -0.5658218192015108, 0.021613561444455174]], "inverted": false, "swapped": false, "error_lsq": 0.044903546096457664, "error_max": 0.216804685296326, "target": "778.xyz", "model": "25.xyz", "model_rescale": 4.100010024507729, "target_rescale": 3.5890592401434573},
{"mapping": [1, 8, 2, 7, 0, 6, 5, 9, 4, 3, 11], "R": [[-0.6124469462902508, -0.7452815876115406, 0.26356041650249407], [-0.048752734310955725, -0.2971602354882662, -0.9535821754530459], [0.7890069130729793, -0.5968677823536631, 0.1456603635560077]], "T": [-0.07046050139259882, -0.004506292929852381, -0.04365118663955324], "aligned_model": [[-0.6768789937365194, -0.10415851698561412, -0.108087762146547, 0.5668221082735652, -0.7187916181145935, -0.2571057842694436, 0.4462462045195926, 0.4971691602642019, 0.049954282848286374, 0.12186540840480897, 0.0005241367024086258], [-0.1162311895019782, -0.5810032652012086, 0.48018494659515626, -0.11501589452366746, -0.14557594471155233, 0.5854379016302695, 0.4635870215554178, -0.389744238892788, 0.31346982274394886, -0.26377148829379427, -0.008559320165883361], [-0.3885000135006515, -0.2519142742519917, -0.6016976703311383, -0.24418734315007262, 0.3218698009522037, 0.1502857201822479, 0.2357929031549813, 0.4131848827951513, 0.762717866480337, -0.7878715366335869, 0.06003812792069069]], "inverted": true, "swapped": false, "error_lsq": 0.050007136809777815, "error_max": 0.2859287777807087, "target": "778.xyz", "model": "26.xyz", "model_rescale": 3.6694154284099745, "target_rescale": 3.5890592401434573},
{"mapping": [10, 9, 2, 3, 8, 0, 1, 7, 5, 12, 13], "R": [[0.725821593775867, -0.4070607601380089, -0.5545128957603487], [-0.6527366213820518, -0.6619416650122643, -0.36846727836747667], [-0.21706661907212893, 0.6293923813303257, -0.7461550195555464]], "T": [-0.10663189359309512, 0.021741628208396153, -0.05763750604262331], "aligned_model": [[-0.6456698966521457, -0.10129678130004784, -0.24846274524033501, 0.5913753145649618, -0.5063378452263967, -0.19447468634706633, 0.5172661843759537, 0.2609403248721541, 0.01134056816713673, 0.25216265337529764, -0.11928446482936636], [-0.1520043194078213, -0.6303628969796738, 0.48931118634388077, -0.3758299717727392, -0.3002149025214129, 0.6533879244452586, 0.5597650706942591, -0.29363834814937334, 0.3141583166299235, -0.1041653526640759, 0.06237164461569472], [-0.2604701879202992, -0.25662182772756215, -0.5302815201053102, -0.1445511446810887, 0.32306754643158764, 0.11625885201175994, 0.26005513998170227, 0.34430112042110894, 0.6680025413086571, -0.7541622497457989, -0.0958798063565856]], "inverted": false, "swapped": false, "error_lsq": 0.042792633760007345, "error_max": 0.23169727747765823, "target": "778.xyz", "model": "27.xyz", "model_rescale": 4.103607728864725, "target_rescale": 3.5890592401434573},
{"mapping": [1, 8, 5, 11, 2, 0, 10, 13, 3, 7, 14], "R": [[-0.1247996830881668, -0.42770145892528383, 0.8952633697042884], [-0.9796060047816995, -0.09009276951767964, -0.17959779585582886], [0.15747099573169282, -0.8994191208295601, -0.4077353683327596]], "T": [0.16569016960822353, 0.08185094193015045, 0.05317406076277556], "aligned_model": [[-0.6735095444857346, 0.004930376861491226, -0.04552692406502121, 0.6916250293789383, -0.4102203998138922, -0.43048257074212354, 0.5210232956360961, 0.3302663351284876, -0.1907324798392323, 0.009658878184049424, 0.010526629517087716], [0.005596732763520518, -0.6100265471339936, 0.42232239891309936, -0.2500422192874058, -0.1129936703893422, 0.4744978689408786, 0.3858945237549594, -0.501933668759778, 0.4505717320042725, -0.12752869521414356, 0.08641989564185307], [-0.25144039641852756, -0.3563888843005484, -0.5588773559515434, -0.23888875144422814, 0.46752089532295704, 0.043264703879677846, 0.25583423495630864, 0.2811713129785793, 0.6013881854392384, -0.6190577810962754, 0.045192300252532985]], "inverted": false, "swapped": false, "error_lsq": 0.045694770779064295, "error_max": 0.22357572621472804, "target": "778.xyz", "model": "28.xyz", "model_rescale": 4.137296879288765, "target_rescale": 3.5890592401434573},
{"mapping": [1, 7, 2, 8, 0, 5, 4, 9, 6, 3, 10], "R": [[0.5017856102217724, -0.8439375132589311, -0.1896857271612578], [-0.33601460081490986, -0.392248889369908, 0.8562914205031315], [-0.7970604678526971, -0.3659375390724561, -0.48040017494171916]], "T": [0.0030675799408943147, 0.0012510313859925536, -0.034896656884371435], "aligned_model": [[-0.7063777099796416, -0.1725070904789864, -0.28072517267385316, 0.5482674824116567, -0.5058138813389996, -0.4150776773884887, 0.5345974929170706, 0.29495618416887776, 0.05218563611122038, 0.4005258298182664, 0.06752753219302357], [-0.09242993046935152, -0.6293326793940004, 0.46960837449237464, -0.4140821954574451, -0.23009159975576707, 0.5210224982958955, 0.5383251281916386, -0.4694498376565774, 0.3719817229371873, 0.13979054123673035, 0.0174363288132352], [-0.2691405978631445, -0.32738587632631094, -0.5936650783147754, -0.25537172350523923, 0.38705190366445874, 0.05560369334121565, 0.13438810004949064, 0.5164978940982121, 0.5785314105016977, -0.5722070595170972, 0.01541579748966343]], "inverted": true, "swapped": false, "error_lsq": 0.048181834944438236, "error_max": 0.3098029056660207, "target": "778.xyz", "model": "29.xyz", "model_rescale": 3.607286011436655, "target_rescale": 3.5890592401434573},
{"mapping": [12, 11, 4, 9, 13, 7, 0, 1, 2, 8, 14], "R": [[-0.41436380920439936, -0.8716906743175528, -0.2616448010747213], [-0.002543315216982478, 0.288594526302855, -0.9574480304098694], [0.9101077766777556, -0.39606636779186527, -0.12180011139088381]], "T": [-0.08457686343109018, 0.07277500985920385, -0.15183969385039903], "aligned_model": [[-0.7262327943340021, -0.15341804776488494, -0.012321550819671179, 0.5856688479312844, -0.5032470443227323, -0.5638223373723812, 0.6711136778023011, 0.2773085077952629, -0.03143257657493509, 0.24338100820499314, 0.030560935214911628], [-0.23460678917953612, -0.5079132696967958, 0.5455379559399557, -0.32564714069045864, -0.22379177573286582, 0.5703399840537339, 0.4159501298590753, -0.26753334108259774, 0.3297058291030025, -0.03335248280240588, -0.045910748537187546], [-0.1942190988488446, -0.20276195109583509, -0.6696464689265167, -0.23300486039071516, 0.37032689227645227, 0.19750517400804662, 0.2906745160992326, 0.38776688804703424, 0.6105917995891859, -0.7403374109388123, -0.14717701620105655]], "inverted": false, "swapped": false, "error_lsq": 0.0446403471619681, "error_max": 0.20242555347204333, "target": "778.xyz", "model": "30.xyz", "model_rescale": 3.964800864290218, "target_rescale": 3.5890592401434573},
