[{"mapping": [5, 9, 3, 7, 8, 11, 0, 2, 1, 1, 10, 12], "R": [[-0.4167960141096091, 0.505126826682783, 0.7557300917574502], [-0.8666668612207019, -0.4715861432189086, -0.16277303580683028], [0.2741708122397407, -0.7228093790822698, 0.6343319062025055]], "T": [-0.02613013950926457, -0.05898511234241526, 0.012745676648638828], "aligned_model": [[-0.2432434673272657, 0.26112096394669343, 0.41924110749770577, -0.04113929445787132, -0.1965003465575978, -0.5141339675001975, 0.32786909857454133, -0.31580503254691095, 0.45396135240794167, 0.45396135240794167, -0.698752462852742, -0.06893684113168991], [-0.31437795103499805, -0.5893367901250085, -0.25065056161410126, 0.7260747962858644, 0.3665430090940063, -0.6443946796645292, -0.3776664566313139, -0.3721621986503869, 0.22438847604272155, 0.22438847604272155, 0.09780541360918713, -0.037056497377105424], [-0.5120438418651527, -0.03988350098985232, -0.6019050587981201, 0.006801335270160781, -0.6324486709217506, 0.07701371938765372, 0.4665856102215381, 0.7181355047352745, 0.23363789796704532, 0.23363789796704532, 0.19638285647036843, 0.0360379959093515]], "inverted": true, "swapped": true, "error_lsq": 0.056488558921552245, "error_max": 0.41092890766758183, "target": "779.xyz", "model": "0.xyz", "model_rescale": 3.751011558992144, "target_rescale": 3.8166554613854933},
{"mapping": [8, 0, 4, 13, 3, 9, 1, 7, 12, 5, 6, 10, 14], "R": [[-0.5216514815068322, -0.4393746737202097, 0.7313204686968545], [-0.4336579322129485, 0.8747514859984201, 0.21621895285183965], [-0.7347247985950368, -0.20435198515506423, -0.6468537210936236]], "T": [-0.018155708979246274, 0.0026637648730209774, -0.020890890544764083], "aligned_model": [[-0.3222391793651407, 0.5764867432514189, -0.616272437629122, 0.19098066891364174, 0.6870275375292453, -0.2733033960084179, 0.13297468102857807, 0.4740530836292575, 0.4584563522301145, -0.31488360029566126, -0.01976475231662228, -0.7650427938903546, -0.006217897996347515], [-0.010899308498321669, 0.2034475347368812, 0.4562919504087905, -0.690127574667574, -0.28485898083896144, -0.4605594868977928, 0.6268393133199495, 0.3879502649078481, -0.18095917314187315, -0.5185794022555935, 0.639246101217691, 0.04632549984882725, -0.020030369198647188], [-0.6106090759678249, -0.44702555266912464, -0.26999291403414627, 0.040788389606434376, -0.07965439158717993, 0.37219115961376353, -0.2915383353376076, 0.2003823368620698, 0.5186447095983165, -0.1950866603908353, 0.37721221833990765, 0.3148278658879832, 0.027547497032045516]], "inverted": true, "swapped": false, "error_lsq": 0.038993722565533004, "error_max": 0.24498530852073727, "target": "779.xyz", "model": "1.xyz", "model_rescale": 3.9405287249114394, "target_rescale": 3.8166554613854933},
{"mapping": [7, 3, 1, 11, 10, 5, 4, 8, 9, 6, 2, 0, 12], "R": [[-0.10030824603577909, 0.9900889319630036, -0.09829629993842334], [-0.39263840538077044, 0.05138561155108895, 0.9182562831506063], [0.9142063981384463, 0.1307035796368235, 0.38359253886493827]], "T": [-0.02262393299595778, 0.036003688006120985, -0.04080218915388477], "aligned_model": [[-0.1794156415626614, 0.32459394499238636, -0.6009616581016958, 0.06411916428263734, 0.7530252185092717, -0.21315435958627238, 0.19669289979434218, 0.6756091270355421, 0.5786803497956027, -0.2782471858412101, -0.2932391204643692, -0.7882306314454774, -0.037217098327506165], [0.09217421722618467, -0.027821781588849445, 0.56845856035571, -0.6260277178348714, -0.2940285982005914, -0.19535474155925503, 0.6466206194351642, 0.33298044437157465, -0.1430737228415655, -0.3666220939014165, 0.3481972897740188, -0.24485712570176904, 0.1034410194068893], [-0.8161544219668256, -0.49043062820678107, -0.13694592004138734, 0.207802601210054, -0.07136692607011691, 0.6212006159678946, -0.3067773981298733, 0.11720151386431703, 0.4658984596622332, -0.3013879250213339, 0.5009285584027169, 0.1538605316954007, 0.013858185587503534]], "inverted": true, "swapped": false, "error_lsq": 0.05221545805301124, "error_max": 0.27984808953053064, "target": "779.xyz", "model": "2.xyz", "model_rescale": 3.932901565614263, "target_rescale": 3.8166554613854933},
{"mapping": [12, 6, 9, 1, 2, 3, 5, 4, 0, 10, 7, 8, 13], "R": [[-0.006893551297324163, -0.5917074632608267, -0.8061232888782885], [-0.7347364382838347, -0.5438365403185766, 0.40546785775484806], [-0.6783176580397239, 0.5950832675649336, -0.43100006897417736]], "T": [-0.08545320655319139, -0.0659317482861985, 0.07822128570982952], "aligned_model": [[-0.24817071903851629, 0.2982462920961102, -0.5306773184988153, 0.25898555573324294, 0.7293666056314978, -0.23257653963273855, 0.06110467596257077, 0.6507080867403467, 0.38484686012727026, -0.20178233082070623, -0.12883263117261023, -0.7524256530847151, -0.08653787496234794], [0.12700955995403088, -0.03362544290089421, 0.4799167559507418, -0.7217330331512668, -0.2070857452502067, -0.239235608586631, 0.5036596676342503, 0.3853128441664244, -0.21101439944336586, -0.4526514480988131, 0.5680629249124345, 0.03153454715842094, -0.036064253403901944], [-0.6424911901532374, -0.4860687620939435, -0.13062755904007733, 0.07078927951579951, -0.023484544952390204, 0.5353929984718416, -0.33516242422187675, 0.2111546245546307, 0.5328851184000577, -0.5134381170931909, 0.40366179828100407, 0.36879795778101404, -0.033721932495829735]], "inverted": false, "swapped": false, "error_lsq": 0.04397921891266807, "error_max": 0.2737291501652065, "target": "779.xyz", "model": "3.xyz", "model_rescale": 3.9243930471874484, "target_rescale": 3.8166554613854933},
{"mapping": [6, 3, 11, 0, 2, 1, 10, 4, 7, 5, 8, 9, 12], "R": [[-0.9361415198060513, 0.24784193143613778, 0.24942620535385018], [-0.34498421702303594, -0.5101853984781342, -0.7878430993444763], [-0.06800694744082503, -0.8235807405480728, 0.5631072889761494]], "T": [-0.044303522091172325, 0.11530935553990729, -0.0019901110426116674], "aligned_model": [[-0.18780801526383092, 0.43198386183237764, -0.7381305913654825, 0.2530213585713148, 0.7426112358558661, -0.17652554911667612, 0.015479033152267153, 0.5011558002881618, 0.40563808743081653, -0.3415137691816279, -0.024125127201875048, -0.6122837900789542, -0.06724752584176787], [0.015687223570087228, 0.01978058135304181, 0.36542042940270053, -0.6694981167290001, -0.3530415898642295, -0.44783212158307373, 0.7664321080077295, 0.2913912770478637, -0.0915174329221431, -0.5142389837654736, 0.5466840665584141, 0.26259413394997716, 0.0022247939153294954], [-0.7027028952828855, -0.4677990327930324, -0.28866506645542683, -0.1398215304306373, 0.11038001834141455, 0.4169959415838434, -0.2657948244694276, 0.1524008018623253, 0.6286397221459338, -0.300248484398919, 0.4560983738482647, 0.38966407443495804, -0.031459851432609084]], "inverted": true, "swapped": false, "error_lsq": 0.04365657369420394, "error_max": 0.3138046768481774, "target": "779.xyz", "model": "4.xyz", "model_rescale": 3.8936222436046832, "target_rescale": 3.8166554613854933},
{"mapping": [8, 10, 7, 4, 6, 2, 11, 0, 3, 5, 1, 12], "R": [[-0.303537079974274, 0.9522086085689454, 0.03411754457583577], [-0.2805000340752348, -0.12352097153964506, 0.9518730485068343], [0.9105959433055273, 0.2793587932338897, 0.3045877421670504]], "T": [-0.043960023325151754, -0.028320127816349044, 0.02870425888512545], "aligned_model": [[0.2504387982412024, -0.6376505777881449, -0.19937518079093883, 0.5085276266869674, -0.754012175243506, -0.6963540469268632, -0.28906833011626787, -0.09904871920452382, 0.7356892759258378, 0.26097335059131094, 0.040162534647828055, -0.09273451380780437], [-0.49541966640204516, -0.4127372092265057, 0.07134372447920642, 0.16564741015506743, 0.3478777026862495, 0.13630203584140235, -0.45208491936583783, 0.47862035142784054, -0.09045564889639253, -0.5570966764317352, 0.5208101556188628, -0.04388435477630541], [-0.538325978962076, -0.07367594311973805, -0.734507975973326, -0.527266980389799, -0.10390283614948947, 0.5049897004159646, 0.6163502393432435, 0.44442114711211295, 0.06295138851456264, 0.15190627599492157, -0.19704146466015945, 0.013387147149301185]], "inverted": true, "swapped": true, "error_lsq": 0.049315382301237824, "error_max": 0.2597827053009055, "target": "779.xyz", "model": "5.xyz", "model_rescale": 3.6523030999806103, "target_rescale": 3.8166554613854933},
{"mapping": [1, 4, 0, 6, 10, 8, 3, 11, 9, 1, 7, 5, 12], "R": [[0.4518629938871407, 0.6418384347880883, -0.619566992652229], [0.7898745148918553, -0.6106569385229313, -0.056536308317378714], [-0.4146300585819927, -0.46383351222456776, -0.7829050947961161]], "T": [0.0727911493043025, -0.05535747357867865, 0.011202283291750478], "aligned_model": [[-0.40180820421382135, 0.497193767456625, -0.6817427132534501, 0.11415247661730647, 0.7659793673892585, -0.1979248531311393, -0.06655407910110953, 0.680567963261147, 0.41537113299717865, -0.40180820421382135, 0.010404086299540982, -0.540622327446125, 0.009046596418999991], [-0.21180866807473991, 0.14009006322715795, 0.4937545906516358, -0.6919963350324791, -0.41332773103811, -0.48841854782645744, 0.5406550384828037, 0.5373110210806882, -0.12703594610306823, -0.21180866807473991, 0.5491859821069323, 0.04904405103525408, 0.028441518506345853], [-0.4711392382201106, -0.3216855055934873, -0.32985243617288107, -0.11371634126769994, 0.015722321966950933, 0.4503765706347423, -0.31742013793781937, 0.24340995542091642, 0.6437874763924119, -0.4711392382201106, 0.323377112921757, 0.28820004174113495, 0.017766665287997734]], "inverted": false, "swapped": false, "error_lsq": 0.052656469362967535, "error_max": 0.30871656869265257, "target": "779.xyz", "model": "6.xyz", "model_rescale": 4.08911054899281, "target_rescale": 3.8166554613854933},
{"mapping": [4, 6, 5, 9, 0, 11, 7, 2, 1, 8, 12, 10, 14], "R": [[0.561089284888932, -0.6718694531728563, -0.48349793409696606], [0.6749274991813415, 0.7095011306675834, -0.2026845243975021], [0.47921987149078826, -0.21260193666716262, 0.8515566518404543]], "T": [-0.008802406240146358, 0.040299539185726097, 0.01845586848042432], "aligned_model": [[-0.28033607072464445, 0.33064701883972986, -0.49336883874217763, 0.13825278840942087, 0.8153001190356285, -0.23976836988098116, 0.18639389266681475, 0.7225672932135127, 0.5246380628971079, -0.3716660352053705, -0.43425612297960925, -0.7147108250488277, 0.018562096599985492], [-0.01836930227396509, 0.1391562097984891, 0.51222661275941, -0.7133907280683442, -0.30366797508830373, -0.1503417955294885, 0.7679360208124724, 0.37031525682115335, -0.2075229656428264, -0.48964441963658284, 0.445331962237185, -0.05547776840521111, -0.10246473884276444], [-0.6293688962481654, -0.3338854616836322, -0.3322312275236366, 0.17619951710329737, -0.27683646135921886, 0.5232743191085871, -0.15968037161778045, 0.09800165482950005, 0.456601199212732, -0.21097464511118824, 0.4221138786831678, 0.12706024273690533, 0.09741349882323411]], "inverted": false, "swapped": false, "error_lsq": 0.048886316714489696, "error_max": 0.26137896493416624, "target": "779.xyz", "model": "7.xyz", "model_rescale": 3.964800864290218, "target_rescale": 3.8166554613854933},
{"mapping": [4, 6, 12, 0, 3, 1, 9, 10, 5, 2, 8, 7, 13], "R": [[0.9830620455828016, 0.034409349085729624, -0.18001391954527934], [-0.17537748744183623, -0.10857378168794396, -0.9784960249426502], [-0.053214203302750715, 0.9934926927891696, -0.10070013873564641]], "T": [0.0345962897616351, -0.014341693404560653, -0.07248640326700014], "aligned_model": [[-0.1756312766045734, 0.3540366040895351, -0.5028716439770954, 0.14797952388475208, 0.650034831214387, -0.2912542003011408, 0.006589737818038392, 0.6247676799415578, 0.5000331082307876, -0.4122756587630449, -0.116310860356106, -0.6254144197307382, 0.042571583634230095], [-0.04728322511691531, -0.13542255929892688, 0.4816414273618117, -0.7216590023935728, -0.3949749299590693, -0.39235278435722293, 0.6708004871151512, 0.5237272989895507, 0.14615395220083272, -0.44830516720355557, 0.44870041497851393, 0.021593562349107948, 0.04146689427551796], [-0.7431671177966693, -0.5413180710059676, -0.26170559205619043, -0.07006997055161002, -0.02435702941946527, 0.48791431444758454, -0.012050054026336535, 0.12068062974928588, 0.6032949509618672, -0.2974083737015418, 0.5223888940136815, 0.1919898446476384, -0.01850517830847482]], "inverted": true, "swapped": false, "error_lsq": 0.04770624988923861, "error_max": 0.32678456254360033, "target": "779.xyz", "model": "8.xyz", "model_rescale": 4.121658175737393, "target_rescale": 3.8166554613854933},
{"mapping": [9, 7, 4, 8, 11, 2, 5, 10, 3, 6, 0, 1, 12], "R": [[-0.31337299955070114, -0.7710321091462432, -0.5543526403094807], [0.9496299051196818, -0.2548284352722167, -0.18238835455998295], [-0.00063753821899043, -0.5835854309715158, 0.8120514997848411]], "T": [0.06529059429183344, -0.011062693294541312, -0.029982221446881605], "aligned_model": [[-0.2870168281510935, 0.43120533827406354, -0.6437514322782553, 0.12577574231190203, 0.6595575619712521, -0.11758865477761217, 0.17028788999835326, 0.5953818372057399, 0.4572526178626904, -0.391638874176464, -0.22155887093558602, -0.5594579037143764, -0.016193414510024443], [0.07435255943786184, -0.12450900654555148, 0.49845894828939413, -0.7347503679177099, -0.2298603879147027, -0.34783730330049695, 0.563343333818672, 0.46574163852353007, -0.06376848497018808, -0.43471680123198214, 0.5398700345203702, -0.004606867630227307, -0.007630926137746135], [-0.7794977527917818, -0.5853624915856199, -0.1905282243049975, -0.08629415796837783, 0.01481079706622572, 0.5492280108298092, -0.23185146176374788, 0.2310574957244283, 0.6528588018316737, -0.33315660652415624, 0.45273379946338643, 0.2608430736488297, 0.0028459633281301827]], "inverted": true, "swapped": false, "error_lsq": 0.04196235530598623, "error_max": 0.2603451293845001, "target": "779.xyz", "model": "9.xyz", "model_rescale": 3.833441315466971, "target_rescale": 3.8166554613854933},
{"mapping": [2, 5, 9, 0, 1, 10, 3, 6, 12, 13, 7, 8, 14], "R": [[-0.12418766981626583, -0.3872256476143763, -0.9135829029131584], [-0.31298078917419636, 0.8889958901603983, -0.3342593796527159], [0.9416052507678063, 0.24442300445651222, -0.23159651685409358]], "T": [0.09829738233119069, 0.051579551360674214, 0.08686410635942061], "aligned_model": [[-0.28956162471003616, 0.3038096878693982, -0.5819342237511104, 0.2138059693860218, 0.7140481186564228, -0.3279099019958663, -0.05980630916515668, 0.7227635432290445, 0.4272122547800705, -0.17188253691090882, -0.12898957787151427, -0.6608835924405511, 0.04158320200477521], [0.1180102344609279, -0.14096228948962017, 0.4332288545494269, -0.6123073648930271, -0.35530298859066384, -0.5113676832920024, 0.782125784592105, 0.3005298854120204, -0.08762674062771914, -0.46338229610815834, 0.6240804760313026, -0.010546909860983167, 0.11760740675761537], [-0.5146361928320775, -0.5280566472839744, -0.13570924782959137, -0.011801442072713733, 0.05675493314746659, 0.5078057950804707, -0.3554336141798423, 0.18327631053573074, 0.5721028849659454, -0.4585748437573401, 0.3408273039981842, 0.25222405537199827, 0.04890795180954582]], "inverted": false, "swapped": false, "error_lsq": 0.04171621652439635, "error_max": 0.2450548436133602, "target": "779.xyz", "model": "10.xyz", "model_rescale": 4.2482417240324, "target_rescale": 3.8166554613854933},
{"mapping": [6, 7, 4, 8, 0, 9, 1, 5, 10, 11, 10, 12], "R": [[0.24499465921707808, -0.7443802741691068, 0.6211888797966634], [-0.7546677859016271, -0.548645428557003, -0.35981207128977577], [0.6086494474469224, -0.3806392007550303, -0.6961750131763765]], "T": [0.010238112292653707, 0.14528082019528174, 0.011372163347410653], "aligned_model": [[-0.7348876488811521, -0.013468654593147271, 0.42563613731099526, 0.6374762793515298, -0.4282136258360475, 0.08525811888323656, -0.2169823783461176, 0.542357112553935, -0.18498767986884762, -0.03620199329289963, -0.18498767986884762, -0.014232385049630626], [-0.1740018134926926, -0.6210338452771371, -0.2018400933495811, -0.332901694472984, 0.5553587440997904, 0.7257700561321132, -0.008862652056518705, 0.32219229588656406, -0.15767127844338216, 0.6019525164159173, -0.15767127844338216, 0.1148404330519322], [-0.06692028605031039, 0.18101736000164803, 0.610472806223166, -0.05412363934129299, 0.28051917656739267, 0.16616290749900317, 0.5444691932027385, -0.25940345823486377, -0.6057449962798189, -0.600409462257464, -0.6057449962798189, -0.025102315196022774]], "inverted": false, "swapped": true, "error_lsq": 0.050719350372818627, "error_max": 0.3549587171504612, "target": "779.xyz", "model": "11.xyz", "model_rescale": 3.6694154284099745, "target_rescale": 3.8166554613854933},
{"mapping": [3, 8, 1, 11, 9, 6, 2, 10, 7, 4, 12, 0, 13], "R": [[-0.15065313155036847, 0.3798061478537188, 0.9127162341092583], [-0.706563704716284, 0.6043647174506204, -0.36811821399983924], [-0.6914270497541062, -0.7003503254467373, 0.17730780161905477]], "T": [0.012288807383576203, 0.0024451661461057563, 0.13296932221019547], "aligned_model": [[-0.2348147943238098, 0.39618054751371745, -0.5469381575327439, 0.22101549980634844, 0.7703175727813081, -0.16729256634138884, 0.08760857168110141, 0.5116854333379555, 0.5094732256436539, -0.48452264360065467, -0.07384705717713029, -0.6776160798101567, -0.10899454289761105], [0.041070445264089754, -0.04078214387678212, 0.47599562050639915, -0.6564221023820092, -0.23681689452004137, -0.45876893747090375, 0.4863002603277621, 0.38629553959106494, -0.09019967492907084, -0.3426194933088768, 0.6159844289883022, -0.0003157575409373035, 0.014365078292226658], [-0.6908612419470324, -0.5176891003427804, -0.2906917014717126, -0.12656052046618055, 0.019689473845767302, 0.4066240577611865, -0.2989157948440306, 0.21537495369245158, 0.677386355495422, -0.2933960290045254, 0.4121085098100784, 0.319413652647072, 0.12520463177808638]], "inverted": false, "swapped": false, "error_lsq": 0.041814918058464684, "error_max": 0.2839839378715565, "target": "779.xyz", "model": "12.xyz", "model_rescale": 3.9764082729961374, "target_rescale": 3.8166554613854933},
{"mapping": [12, 1, 5, 11, 8, 14, 0, 2, 3, 13, 4, 6, 15], "R": [[0.9674704770673002, 0.22842075229573272, 0.10874206142897065], [-0.08812186395011345, -0.09863958678997378, 0.9912137857252898], [0.23714007062731557, -0.9685526272942295, -0.07530202563223015]], "T": [-0.0004465741460785728, 0.05351830233846523, -0.07639341359567417], "aligned_model": [[-0.15229064224376215, 0.4050308738064323, -0.6046767283764132, 0.23646708021353316, 0.6418119117859324, -0.2563358353169275, 0.16218493292867714, 0.712689619560721, 0.3741551471171042, -0.37270878390160483, -0.253943104742016, -0.6831139499665765, -0.007015511784511046], [-0.1339813777114673, 0.06277711578327527, 0.6108403552709549, -0.684240599982629, -0.2180816116078036, -0.5107381918154876, 0.7610675444833961, 0.4007724637355514, -0.22559606219936068, -0.4191521514582946, 0.5430704071033751, -0.05928575640660262, 0.06663423374631615], [-0.6671562965808757, -0.5650905507230657, -0.24108086262752745, 0.09718199126733865, 0.03932331225348293, 0.428525722898078, -0.0706491687376703, -0.16071915417293603, 0.6237581194662177, -0.18812539416702423, 0.3839781401251193, 0.24748820678471392, 0.030253181167950782]], "inverted": true, "swapped": false, "error_lsq": 0.04377219729817214, "error_max": 0.3070697831654942, "target": "779.xyz", "model": "13.xyz", "model_rescale": 4.170626492500431, "target_rescale": 3.8166554613854933},
{"mapping": [2, 0, 6, 8, 7, 12, 3, 1, 10, 4, 11, 5, 13], "R": [[-0.4663669757714558, 0.8803125175340347, -0.08690060634239871], [0.882634980558574, 0.456554775779857, -0.11186253978419508], [-0.05879910717138843, -0.12887050937082056, -0.9899166918535889]], "T": [0.0688550519863498, 0.041839747929139894, -0.03971360385268557], "aligned_model": [[-0.09284259936519072, 0.4769982765953441, -0.6618104939527935, 0.20511589992572632, 0.7846755276139606, -0.2862142876836315, 0.03486845987822149, 0.7469828807903963, 0.26645314101841894, -0.30674261827537525, -0.20863748022634349, -0.7493004694051413, -0.007291227833002845], [0.1106717478109634, -0.0621583272884211, 0.4492831892645348, -0.6769860980035787, -0.32597236590536494, -0.40088182190566213, 0.7119915244276337, 0.39640764307266313, -0.12689060583295328, -0.49627160519356384, 0.4787559432047796, 0.04896267214070922, 0.08717447314948382], [-0.6737863067630133, -0.4621611332391137, -0.12693154421080138, 0.08787431619806763, 0.05900366149467998, 0.42248710667846984, -0.19850627510256486, -0.11209264384595685, 0.46109910355900013, -0.3088338229508387, 0.44170283126683985, 0.35751508987867203, 0.010316863990361518]], "inverted": true, "swapped": false, "error_lsq": 0.043182592667693614, "error_max": 0.26574138337182335, "target": "779.xyz", "model": "14.xyz", "model_rescale": 3.9786697098870705, "target_rescale": 3.8166554613854933},
{"mapping": [9, 2, 4, 3, 1, 7, 11, 10, 8, 5, 6, 12], "R": [[0.7726648729476252, -0.4856972529099619, 0.40876297854446986], [0.5838989209269756, 0.7964221013339249, -0.15739722566541325], [-0.24910047019856013, 0.3602915694580877, 0.8989654836111809]], "T": [-0.00038504047784653633, -0.026473844006158757, -0.06706763618870819], "aligned_model": [[-0.15182567692469603, -0.8140499330297956, 0.7168926263722349, 0.5228956009658238, 0.08579298080861544, 0.39875086617614064, -0.4762386078951672, -0.24570953967444556, 0.7018568873961104, 0.24546261985573445, -0.48099375330204525, -0.01947947398117343], [-0.5190683306085011, 0.08059353049850293, 0.127989879657499, -0.5251462303090219, 0.31075440345116523, 0.6430795098398996, -0.4749548296504609, 0.2292792757232977, 0.012049284118754035, -0.506896947386324, 0.6309812015347898, 0.006013743354838792], [-0.3848290786324526, 0.01072863980134238, -0.4041488353285636, -0.3677168339584873, -0.5553628976940291, 0.027634551933490833, 0.3296824953239321, 0.5535231344030113, 0.2959036836907309, 0.24360953960744675, -0.059881815255552126, -0.029176090017039386]], "inverted": false, "swapped": true, "error_lsq": 0.0579861698965439, "error_max": 0.2847427950589984, "target": "779.xyz", "model": "15.xyz", "model_rescale": 3.769337070930944, "target_rescale": 3.8166554613854933},
{"mapping": [0, 9, 6, 1, 2, 11, 10, 5, 7, 4, 12], "R": [[0.45389463070097463, -0.4177326884919261, -0.7870699239496664], [-0.4821670541222568, -0.8579523588223573, 0.17729264482831156], [-0.7493294309847243, 0.2990270070686938, -0.5908369088874262]], "T": [-0.021010992574347215, -0.024850698718322413, 0.07500216236850848], "aligned_model": [[-0.38456106341830787, -0.2667865713368346, 0.060446548840875636, -0.5341454922637056, 0.23718776140141443, 0.49983284712930864, 0.6241631516598, 0.2506970061810785, -0.05923554454629559, -0.5233598253351248, 0.018387312378961726], [-0.04011753027789677, -0.5056185338259317, 0.6840900889899736, 0.285411370819818, 0.17863489513420241, -0.4028243836603378, 0.2760395119399995, -0.5212507389185522, 0.5960953904324612, 0.03485420753230466, 0.01075021945930154], [-0.47312393161957295, -0.19888208784002054, -0.31749132323653334, 0.07850045895397334, -0.6809695680240149, -0.33832587575336776, 0.01221619703578064, 0.33486655280154104, 0.5541101961740675, 0.704327994109897, 0.06898899462202697]], "inverted": true, "swapped": true, "error_lsq": 0.04892406333504475, "error_max": 0.2516647047171268, "target": "779.xyz", "model": "16.xyz", "model_rescale": 3.7852294659196426, "target_rescale": 3.8166554613854933},
{"mapping": [4, 5, 10, 3, 1, 8, 6, 7, 2, 0, 11, 9, 12], "R": [[0.40050019360186456, 0.5116152360354396, -0.7601640909575186], [0.0806342313109723, -0.8460648518731857, -0.5269462848959969], [-0.9127418669403512, 0.14974684197406657, -0.38010283825964297]], "T": [0.039891593149010626, -0.046808961375992865, 0.014292420144474356], "aligned_model": [[-0.02536102047105461, 0.38270796602733176, -0.47998370534868245, 0.2048882582856278, 0.6486026211554918, -0.3051177051023886, 0.08935655346436715, 0.5121466288483519, 0.4669680628109603, -0.4130091078117749, -0.05457536870941189, -0.7907373974861428, -0.033630776582086075], [-0.17834318253097978, 0.17855773957598217, 0.4675359601229091, -0.81934907405285, -0.2946816329885298, -0.24669005087500265, 0.8132740572375251, 0.45448971823670425, -0.13191531032653944, -0.4978311190103287, 0.4075834695166446, 0.034955105353519, 0.006500688682169464], [-0.6786920891849159, -0.49941546878556514, -0.3239886035907671, 0.10623395570691774, -0.19133874796489997, 0.5292895516250636, -0.19831909105763262, 0.14506634817143843, 0.44376840254589167, -0.22488768799752556, 0.5822145858485369, 0.23930775922187963, 0.02844833241538053]], "inverted": true, "swapped": false, "error_lsq": 0.047312592448457466, "error_max": 0.29729038430204624, "target": "779.xyz", "model": "17.xyz", "model_rescale": 3.901054581598922, "target_rescale": 3.8166554613854933},
{"mapping": [8, 0, 4, 13, 3, 9, 1, 7, 12, 5, 6, 10, 14], "R": [[-0.5216514815068322, -0.4393746737202097, 0.7313204686968545], [-0.4336579322129485, 0.8747514859984201, 0.21621895285183965], [-0.7347247985950368, -0.20435198515506423, -0.6468537210936236]], "T": [-0.018155708979246274, 0.0026637648730209774, -0.020890890544764083], "aligned_model": [[-0.3222391793651407, 0.5764867432514189, -0.616272437629122, 0.19098066891364174, 0.6870275375292453, -0.2733033960084179, 0.13297468102857807, 0.4740530836292575, 0.4584563522301145, -0.31488360029566126, -0.01976475231662228, -0.7650427938903546, -0.006217897996347515], [-0.010899308498321669, 0.2034475347368812, 0.4562919504087905, -0.690127574667574, -0.28485898083896144, -0.4605594868977928, 0.6268393133199495, 0.3879502649078481, -0.18095917314187315, -0.5185794022555935, 0.639246101217691, 0.04632549984882725, -0.020030369198647188], [-0.6106090759678249, -0.44702555266912464, -0.26999291403414627, 0.040788389606434376, -0.07965439158717993, 0.37219115961376353, -0.2915383353376076, 0.2003823368620698, 0.5186447095983165, -0.1950866603908353, 0.37721221833990765, 0.3148278658879832, 0.027547497032045516]], "inverted": true, "swapped": false, "error_lsq": 0.038993722565533004, "error_max": 0.24498530852073727, "target": "779.xyz", "model": "18.xyz", "model_rescale": 3.9405287249114394, "target_rescale": 3.8166554613854933},
{"mapping": [10, 11, 3, 5, 9, 6, 14, 13, 7, 2, 12, 1, 15], "R": [[0.08462691553930927, -0.9689250251066096, -0.232427582030315], [0.3309829178259379, 0.24735455819767177, -0.9106404508071575], [0.939834343527481, 0.00013513323351466155, 0.3416304852692133]], "T": [0.028575499290394366, 0.07769801938992038, 0.1925275813458758], "aligned_model": [[-0.18607664992741846, 0.42554714019265305, -0.6253319169129893, 0.15668111331785511, 0.6969424605310289, -0.3613314368639914, 0.09818016779976982, 0.5709187330269787, 0.5859537411391242, -0.40024744671395984, -0.14958480647631123, -0.6218482970851035, 0.012452207052953416], [0.07397428744317824, -0.0062995898038016584, 0.4968405971457628, -0.7053849951073491, -0.28455593216835207, -0.5505718502236218, 0.6334813730179615, 0.4425456559511439, -0.07114206580071708, -0.48240137241662073, 0.5772307405447948, 0.01158074518328664, 0.05878877517555815], [-0.5636566723933096, -0.4029311660656666, -0.15697661808578697, -0.055731530912635274, 0.08732526835366025, 0.29991942305977143, -0.3422611769763737, 0.03735070069736887, 0.5960144751793748, -0.31513848536642275, 0.32987760192873994, 0.28250988593632476, 0.16138554159875704]], "inverted": true, "swapped": false, "error_lsq": 0.041080932462889276, "error_max": 0.29550557548905654, "target": "779.xyz", "model": "19.xyz", "model_rescale": 4.410303926677745, "target_rescale": 3.8166554613854933},
{"mapping": [4, 6, 12, 0, 3, 1, 9, 10, 5, 2, 8, 7, 13], "R": [[0.9830620455828016, 0.034409349085729624, -0.18001391954527934], [-0.17537748744183623, -0.10857378168794396, -0.9784960249426502], [-0.053214203302750715, 0.9934926927891696, -0.10070013873564641]], "T": [0.0345962897616351, -0.014341693404560653, -0.07248640326700014], "aligned_model": [[-0.1756312766045734, 0.3540366040895351, -0.5028716439770954, 0.14797952388475208, 0.650034831214387, -0.2912542003011408, 0.006589737818038392, 0.6247676799415578, 0.5000331082307876, -0.4122756587630449, -0.116310860356106, -0.6254144197307382, 0.042571583634230095], [-0.04728322511691531, -0.13542255929892688, 0.4816414273618117, -0.7216590023935728, -0.3949749299590693, -0.39235278435722293, 0.6708004871151512, 0.5237272989895507, 0.14615395220083272, -0.44830516720355557, 0.44870041497851393, 0.021593562349107948, 0.04146689427551796], [-0.7431671177966693, -0.5413180710059676, -0.26170559205619043, -0.07006997055161002, -0.02435702941946527, 0.48791431444758454, -0.012050054026336535, 0.12068062974928588, 0.6032949509618672, -0.2974083737015418, 0.5223888940136815, 0.1919898446476384, -0.01850517830847482]], "inverted": true, "swapped": false, "error_lsq": 0.04770624988923861, "error_max": 0.32678456254360033, "target": "779.xyz", "model": "20.xyz", "model_rescale": 4.121658175737393, "target_rescale": 3.8166554613854933},
{"mapping": [1, 4, 0, 6, 10, 8, 3, 11, 9, 1, 7, 5, 12], "R": [[0.4518629938871407, 0.6418384347880883, -0.619566992652229], [0.7898745148918553, -0.6106569385229313, -0.056536308317378714], [-0.4146300585819927, -0.46383351222456776, -0.7829050947961161]], "T": [0.0727911493043025, -0.05535747357867865, 0.011202283291750478], "aligned_model": [[-0.40180820421382135, 0.497193767456625, -0.6817427132534501, 0.11415247661730647, 0.7659793673892585, -0.1979248531311393, -0.06655407910110953, 0.680567963261147, 0.41537113299717865, -0.40180820421382135, 0.010404086299540982, -0.540622327446125, 0.009046596418999991], [-0.21180866807473991, 0.14009006322715795, 0.4937545906516358, -0.6919963350324791, -0.41332773103811, -0.48841854782645744, 0.5406550384828037, 0.5373110210806882, -0.12703594610306823, -0.21180866807473991, 0.5491859821069323, 0.04904405103525408, 0.028441518506345853], [-0.4711392382201106, -0.3216855055934873, -0.32985243617288107, -0.11371634126769994, 0.015722321966950933, 0.4503765706347423, -0.31742013793781937, 0.24340995542091642, 0.6437874763924119, -0.4711392382201106, 0.323377112921757, 0.28820004174113495, 0.017766665287997734]], "inverted": false, "swapped": false, "error_lsq": 0.052656469362967535, "error_max": 0.30871656869265257, "target": "779.xyz", "model": "21.xyz", "model_rescale": 4.08911054899281, "target_rescale": 3.8166554613854933},
{"mapping": [14, 13, 15, 10, 7, 5, 2, 0, 6, 9, 1, 11, 16], "R": [[0.365020920986795, -0.4973630577216376, -0.7870131612976592], [-0.41047783922080094, -0.8447191951856657, 0.3434493045465429], [-0.8356241204935235, 0.1976852804299415, -0.5124966918437242]], "T": [0.024499039960988157, 0.04613023336896172, -0.04651566103311142], "aligned_model": [[-0.23031800008323353, 0.5145183604172935, -0.5909626857074026, 0.1958665809372931, 0.6453001979693325, -0.30845659120543817, -0.08579349196645983, 0.6584182703597785, 0.4450460617598297, -0.3551574057992339, -0.13672577094005975, -0.6181838546495686, 0.06870333798845865], [-0.014347312272665884, 0.021591701526974358, 0.390613276147323, -0.7325965808704052, -0.30084827389778857, -0.48551213376540503, 0.7321751040685709, 0.38767324669345127, -0.14986083409076673, -0.5175342046034419, 0.6658277659733179, 0.13522862038376413, 0.06167599364829513], [-0.6323768464032724, -0.4892445759040725, -0.23102938781142382, 0.0773920622906504, -0.04368269088320279, 0.2763248492664818, -0.24255601953370773, 0.2390962742201396, 0.5368297190664397, -0.26027018407411895, 0.4225044981285537, 0.3595794074727793, -0.05487985888144424]], "inverted": false, "swapped": false, "error_lsq": 0.03596862021253817, "error_max": 0.24680818071883023, "target": "779.xyz", "model": "22.xyz", "model_rescale": 4.204369325754507, "target_rescale": 3.8166554613854933},
{"mapping": [10, 11, 3, 5, 9, 6, 14, 13, 7, 2, 12, 1, 15], "R": [[0.08462691553930927, -0.9689250251066096, -0.232427582030315], [0.3309829178259379, 0.24735455819767177, -0.9106404508071575], [0.939834343527481, 0.00013513323351466155, 0.3416304852692133]], "T": [0.028575499290394366, 0.07769801938992038, 0.1925275813458758], "aligned_model": [[-0.18607664992741846, 0.42554714019265305, -0.6253319169129893, 0.15668111331785511, 0.6969424605310289, -0.3613314368639914, 0.09818016779976982, 0.5709187330269787, 0.5859537411391242, -0.40024744671395984, -0.14958480647631123, -0.6218482970851035, 0.012452207052953416], [0.07397428744317824, -0.0062995898038016584, 0.4968405971457628, -0.7053849951073491, -0.28455593216835207, -0.5505718502236218, 0.6334813730179615, 0.4425456559511439, -0.07114206580071708, -0.48240137241662073, 0.5772307405447948, 0.01158074518328664, 0.05878877517555815], [-0.5636566723933096, -0.4029311660656666, -0.15697661808578697, -0.055731530912635274, 0.08732526835366025, 0.29991942305977143, -0.3422611769763737, 0.03735070069736887, 0.5960144751793748, -0.31513848536642275, 0.32987760192873994, 0.28250988593632476, 0.16138554159875704]], "inverted": true, "swapped": false, "error_lsq": 0.041080932462889276, "error_max": 0.29550557548905654, "target": "779.xyz", "model": "23.xyz", "model_rescale": 4.410303926677745, "target_rescale": 3.8166554613854933},
{"mapping": [0, 5, 3, 13, 6, 11, 4, 15, 14, 7, 10, 1, 16], "R": [[-0.5206425095356352, 0.270177560619643, 0.8098984275833947], [-0.17671578215714606, -0.9621684965693614, 0.20737241028170347], [0.835286124391531, -0.035154942000722826, 0.5486904595962114]], "T": [0.059446204039786836, 0.02925707935790703, 0.04489927011251036], "aligned_model": [[-0.29379574948608994, 0.43199044655837704, -0.5721355332060261, 0.28881937804110114, 0.7028276793317405, -0.1820638324739644, 0.05267068547825966, 0.7261010862212491, 0.46816141726410965, -0.3414741800159806, -0.24485118925398547, -0.795440027414389, -0.038555171963811884], [-0.08037549904048796, 0.22448231213187714, 0.5410610911852196, -0.6330063038325765, -0.3193883007743161, -0.18051424905708416, 0.6638526728182621, 0.21429298361137705, -0.28835943643582596, -0.4923185102642711, 0.48847712101592033, -0.02305481565279463, 0.07893730323592339], [-0.6135736838568304, -0.4227543723222851, -0.34034370164569083, -0.009706427051747055, -0.16102490506710337, 0.5911504748241332, -0.22179699551577406, 0.21996261017967145, 0.4810432983745987, -0.05077019545070415, 0.3917479345900354, 0.09751434856729982, -0.003761138671801119]], "inverted": false, "swapped": false, "error_lsq": 0.04329377361251173, "error_max": 0.2501017070069292, "target": "779.xyz", "model": "24.xyz", "model_rescale": 4.28219845311461, "target_rescale": 3.8166554613854933},
{"mapping": [8, 11, 6, 3, 9, 4, 14, 12, 7, 1, 2, 0, 15], "R": [[-0.4605366598831427, 0.4367097811625428, -0.7727810504539061], [-0.008776082286099912, -0.8727988358618695, -0.4880012013283094], [-0.8875972990514258, -0.21796045319077847, 0.40578846159234777]], "T": [0.09337490910351949, 0.017909037605160938, -0.015635996679661143], "aligned_model": [[-0.24595355036684852, 0.4277159010526033, -0.6362604201396703, 0.07455202110157784, 0.680726782129574, -0.23395637692408427, 0.1090987928452737, 0.7192141942393239, 0.4834153505956283, -0.26421896813693496, -0.23966446243681155, -0.6958580316250181, 0.02344377674597624], [-0.03782909708711412, 0.21609429133470767, 0.45046243374678796, -0.7471912108577878, -0.3107453998372882, -0.3103639968256742, 0.7668139979789379, 0.45686006169791055, -0.32300686147150554, -0.4682101641915509, 0.4831743990350893, 0.0021489469457653954, 0.015878968472945256], [-0.6187077286181731, -0.39697020384609444, -0.32014704864255455, 0.1039995061989778, -0.07790735350639484, 0.5498192332712154, -0.1536169544320128, -0.023826714697989856, 0.5650453354704381, -0.22939319410547349, 0.3603865356843167, 0.19031826243434297, 0.00868757174320436]], "inverted": true, "swapped": false, "error_lsq": 0.03406033836581936, "error_max": 0.19139927405325963, "target": "779.xyz", "model": "25.xyz", "model_rescale": 4.100010024507729, "target_rescale": 3.8166554613854933},
{"mapping": [6, 7, 4, 8, 0, 9, 1, 5, 10, 11, 10, 12], "R": [[0.24499465921707808, -0.7443802741691068, 0.6211888797966634], [-0.7546677859016271, -0.548645428557003, -0.35981207128977577], [0.6086494474469224, -0.3806392007550303, -0.6961750131763765]], "T": [0.010238112292653707, 0.14528082019528174, 0.011372163347410653], "aligned_model": [[-0.7348876488811521, -0.013468654593147271, 0.42563613731099526, 0.6374762793515298, -0.4282136258360475, 0.08525811888323656, -0.2169823783461176, 0.542357112553935, -0.18498767986884762, -0.03620199329289963, -0.18498767986884762, -0.014232385049630626], [-0.1740018134926926, -0.6210338452771371, -0.2018400933495811, -0.332901694472984, 0.5553587440997904, 0.7257700561321132, -0.008862652056518705, 0.32219229588656406, -0.15767127844338216, 0.6019525164159173, -0.15767127844338216, 0.1148404330519322], [-0.06692028605031039, 0.18101736000164803, 0.610472806223166, -0.05412363934129299, 0.28051917656739267, 0.16616290749900317, 0.5444691932027385, -0.25940345823486377, -0.6057449962798189, -0.600409462257464, -0.6057449962798189, -0.025102315196022774]], "inverted": false, "swapped": true, "error_lsq": 0.050719350372818627, "error_max": 0.3549587171504612, "target": "779.xyz", "model": "26.xyz", "model_rescale": 3.6694154284099745, "target_rescale": 3.8166554613854933},
{"mapping": [4, 10, 5, 2, 11, 6, 8, 9, 12, 0, 7, 1, 13], "R": [[-0.3326954357795492, -0.12333196537566443, -0.9349347428179315], [-0.3408825782481725, -0.9086460597735367, 0.24116675953560607], [-0.879268340643705, 0.39893804578480874, 0.2602606784880563]], "T": [0.027426018549853888, 0.0956939639683497, 0.010545525698489322], "aligned_model": [[-0.05550085385881661, 0.45594770872514656, -0.7015670706746228, 0.10020643965983084, 0.7525832499409687, -0.1577702792352046, 0.10178257015489275, 0.5829122367458717, 0.47317200798213477, -0.4705405119959018, -0.16816824794966462, -0.7427019113810089, 0.031899670966963854], [-0.05147106615826064, 0.07984930680191295, 0.3739382550769438, -0.5700037954876547, -0.3620969768059761, -0.33716128007792, 0.5859224016418451, 0.440244832560047, -0.2798424175492005, -0.2517539328210725, 0.6041327425204887, -0.07743277012846547, 0.0397610693685357], [-0.7938151880545359, -0.4113653982904792, -0.12032727533205373, -0.10641237083523333, 0.037930075198577745, 0.5100744045360833, -0.39257278765338544, 0.2044096425879897, 0.5490766319673763, -0.25068739069217416, 0.3257619848109029, 0.40624333865317763, -0.0006284199424440202]], "inverted": true, "swapped": false, "error_lsq": 0.04863799720553162, "error_max": 0.27635105126810106, "target": "779.xyz", "model": "27.xyz", "model_rescale": 4.103607728864725, "target_rescale": 3.8166554613854933},
