[{"mapping": [8, 5, 0, 10, 7, 3, 1, 4, 9, 2, 6, 12], "R": [[-0.1766400398974011, 0.7841494871223409, -0.5949015701364506], [-0.7134633816764291, 0.31436560880357245, 0.6262142341151253], [0.6780621647842315, 0.5350549932925857, 0.5039323911407091]], "T": [-0.04014709571701111, -0.07340308009261859, 0.0078089991832272065], "aligned_model": [[-0.39196325747603644, 0.10131472608643952, 0.4917413143606152, -0.04273130573792558, -0.05413051112440944, -0.6197388460931976, 0.47087685132352153, -0.14601084108548965, 0.5823045199337911, 0.029140333284603442, -0.43634454380381893, -0.14681597720754402], [-0.1851375429697843, -0.7584029128345167, -0.2086041146819098, 0.7267294951165475, 0.3196504049238301, -0.5425972849662757, -0.22379665608567761, -0.4610874323139285, 0.14745902509851572, 0.36465850118973436, -0.01820958038253792, -0.10710686611694034], [-0.556232736826553, 0.05860675878628595, -0.5355686917917749, -0.07455380231080043, -0.700765283467378, -0.08453957878289127, 0.5646789831242747, 0.6908116919105558, 0.04617088024783143, 0.4167328298270103, 0.39884083724377495, -0.04223014260677312]], "inverted": false, "swapped": true, "error_lsq": 0.04121362383513256, "error_max": 0.22374693737781748, "target": "78.xyz", "model": "0.xyz", "model_rescale": 3.751011558992144, "target_rescale": 3.901326753257773},
{"mapping": [12, 10, 5, 1, 4, 6, 8, 3, 0, 9, 13, 2, 14], "R": [[-0.13557115483248885, -0.9660764951306092, 0.21981052643934762], [-0.1551155876712274, 0.2398191158197535, 0.9583454211028721], [-0.9785497516420896, 0.0958279564823829, -0.18236607776013455]], "T": [0.02721056589122716, -0.0047210004222451845, -0.02077761035644881], "aligned_model": [[-0.5046151300145194, 0.4973975929237564, -0.13625286850566917, 0.4311000664760357, 0.7932336151767473, 0.43690335447297823, 0.30796504274767317, -0.6386597262864877, -0.14852647929415924, -0.20850276697151612, -0.6313266247415942, -0.42144319143704595, -0.004885717605754909], [0.06123354339987275, 0.6656392689567665, 0.3517349964800242, -0.5594060918945599, 0.04193341984381188, -0.09097792806605258, -0.11973365324895398, -0.37508391462481677, -0.7406543302694776, 0.6103237494793635, 0.22353961536977102, -0.2722395130606686, 0.025074983574993846], [-0.5353517366014396, -0.06544322327366961, 0.465334387935304, -0.14277461872771924, 0.1705493949061635, -0.6440249983876384, 0.569448842417992, -0.07420003346995105, 0.03420550949827735, -0.03945384293957143, 0.1834968572900473, 0.6202229773336538, -0.0537297023489934]], "inverted": false, "swapped": false, "error_lsq": 0.0504947108663713, "error_max": 0.27822533219046947, "target": "78.xyz", "model": "1.xyz", "model_rescale": 3.9405287249114394, "target_rescale": 3.901326753257773},
{"mapping": [8, 10, 11, 7, 3, 4, 6, 2, 1, 9, 5, 0, 12], "R": [[-0.7981464543398893, 0.1737546721851491, -0.5768635465328821], [0.4701581378801619, 0.7783591761919203, -0.4160628777275064], [0.3767141659265309, -0.603296201489506, -0.702936789803046]], "T": [0.0011831503198512748, -0.06799009321237336, 0.04195210464165892], "aligned_model": [[0.008537675028778304, 0.337520313075358, -0.06549254892351813, 0.6608303345664889, 0.5390035972526043, 0.18915632263901938, 0.2476372505392778, -0.649986589465826, -0.19859077134310296, -0.24633607936961893, -0.624166967239699, -0.3576778986189591, -0.068047471200358], [0.36809178251824515, 0.6873471526261732, 0.43944924775192606, -0.5058193537267525, 0.06378845140880736, -0.320866091107187, -0.14826444422863866, -0.2377619037887792, -0.8262437525434063, 0.6744193398046101, 0.15445551800493795, -0.4328818746791177, -0.09432992610074409], [-0.5987258790095147, -0.12487138684255991, 0.5376071816955591, 0.08756990937901565, -0.1001156982113047, -0.5844786880719344, 0.5196257363645895, -0.06446748867965149, -0.06925985826147285, -0.15283899318211625, 0.3378092676361729, 0.7060324639720952, -0.005606753156423207]], "inverted": true, "swapped": false, "error_lsq": 0.06732602109487053, "error_max": 0.4762702295576949, "target": "78.xyz", "model": "2.xyz", "model_rescale": 3.932901565614263, "target_rescale": 3.901326753257773},
{"mapping": [11, 6, 5, 0, 2, 1, 4, 8, 3, 12, 9, 7, 13], "R": [[0.25459666715735807, -0.41112154389718836, -0.8753054399556521], [0.5587847637138653, -0.6761906547773298, 0.48013100944746934], [-0.7892655604507302, -0.6113470982473037, 0.05757256769501007]], "T": [-0.050774239403480526, -0.06881946889697656, -0.03813586791619363], "aligned_model": [[-0.533126720074582, 0.3249701974933074, -0.07674427899219849, 0.42261682427230524, 0.769971141029246, 0.4845444973661705, 0.49745358023800007, -0.7251541744046599, -0.15326801297794926, -0.23742102696704287, -0.637869364709649, -0.30676259480967144, -0.05682290052283215], [-0.0463916587745765, 0.4973419946444717, 0.42759771831255544, -0.5358909227420582, 0.01777219730364414, -0.15788853740346942, -0.12490129823052422, -0.3473559839279089, -0.5483417805346216, 0.671304280237142, 0.2163877243015202, -0.29459584560915664, 0.0463462583630561], [-0.7894958189988799, 0.032359351946429256, 0.4811860158335708, 0.04369008748890319, 0.07622652547096273, -0.5423869680745216, 0.6397487024403874, -0.11823479795984146, -0.18039920508137416, -0.015561040798492798, 0.29916090078818475, 0.588950678712177, -0.02696461813505036]], "inverted": false, "swapped": false, "error_lsq": 0.04881363740253364, "error_max": 0.2684814369986792, "target": "78.xyz", "model": "3.xyz", "model_rescale": 3.9243930471874484, "target_rescale": 3.901326753257773},
{"mapping": [9, 10, 4, 6, 10, 11, 3, 1, 5, 8, 7, 0, 12], "R": [[-0.1321411057612888, 0.3875724730826306, -0.9123191910054275], [-0.6038098672589164, -0.7613921783919675, -0.23599914170247382], [-0.7860994672234257, 0.5196821420754691, 0.3346312878959441]], "T": [-0.03427867695564883, 0.012343231937675708, 0.02453990888841639], "aligned_model": [[-0.2690973826004972, 0.5515529217446706, -0.06597000375307904, 0.487740896327117, 0.5515529217446706, 0.3490523940533181, 0.291680154458784, -0.6975545568426765, -0.1429259849146367, -0.16745108637299883, -0.674582256325213, -0.3677168356594917, -0.07389401491952272], [0.1568121356234734, 0.39976156807294727, 0.40607880848964467, -0.4862668380369949, 0.39976156807294727, -0.1657541961768266, -0.1604366117165362, -0.24616708706418786, -0.7344533857176138, 0.6015711741831844, 0.3309384533734309, -0.5812326958987764, -0.09922874726461794], [-0.6248261690090793, -0.03739627043609545, 0.46763721761775573, 0.0445418579495382, -0.03739627043609545, -0.6443940770067808, 0.5874354020436178, -0.03375093183402206, -0.039598021439645845, -0.15269414642638052, 0.3870687629635131, 0.5342545011593047, 0.037397958486824714]], "inverted": true, "swapped": false, "error_lsq": 0.054339054134366474, "error_max": 0.3751404084409447, "target": "78.xyz", "model": "4.xyz", "model_rescale": 3.8936222436046832, "target_rescale": 3.901326753257773},
{"mapping": [10, 11, 7, 9, 8, 3, 4, 5, 1, 2, 0, 12], "R": [[-0.028829987909508303, -0.9793870765618894, 0.1999244508825617], [0.026207959058886926, 0.1991982147531366, 0.9796087045964481], [-0.9992406990706022, 0.033481718933165205, 0.01992485428240831]], "T": [-0.0717173270314446, -0.02859023116348144, 0.01162526124062905], "aligned_model": [[0.019249690071367676, -0.660935541475729, -0.33410126496694836, 0.5299723925033205, -0.6498457974825218, -0.699778535860672, 0.07452862567036306, -0.03553047357138406, 0.6011328578474419, 0.2414834013999819, 0.13477642315751048, -0.19340373507763342], [-0.5047847738103369, -0.5916895095434724, 0.14490493558909892, 0.07091467538051796, 0.24174059147720586, 0.08699573306704231, -0.24148938459907437, 0.45131114764818897, -0.05352414450303557, -0.5393997206949578, 0.6254486715501497, -0.021505316451519305], [-0.6302206754723781, -0.2641910143179507, -0.7352470091314902, -0.24482350992900295, -0.20537934657804294, 0.4075760936433269, 0.7608148497949744, 0.5217250637463619, 0.3864836476179275, -0.05834877105886974, -0.3433921474146306, 0.024287538375293134]], "inverted": true, "swapped": true, "error_lsq": 0.05542505262454486, "error_max": 0.33747897385589903, "target": "78.xyz", "model": "5.xyz", "model_rescale": 3.6523030999806103, "target_rescale": 3.901326753257773},
{"mapping": [5, 6, 10, 3, 2, 1, 4, 7, 7, 8, 9, 11, 12], "R": [[-0.2417697457778624, -0.578301096703152, -0.7791759952529592], [0.8149703412554411, -0.5568561652946203, 0.1604199303308685], [-0.5266599784495666, -0.5962206409755555, 0.6059292156466792]], "T": [0.01451978016379251, 0.05486113762566558, -0.012193339312458529], "aligned_model": [[-0.27662467980933086, 0.26794895567279603, 0.08230577165000114, 0.21348758516563826, 0.7585232294247636, 0.5198614959976652, 0.29895578630682135, -0.41547190634945785, -0.41547190634945785, -0.3252731886150949, -0.5904814589458391, -0.33633584486874235, -0.0090366723393181], [-0.04437120725805578, 0.6534219586610797, 0.46608353139815206, -0.6058512928700925, 0.028292405657201897, 0.06634559642854333, -0.16637625500804923, -0.4758499673718046, -0.4758499673718046, 0.5431214208787456, 0.28487774724571535, -0.42134453474022415, -0.0311152897093325], [-0.6198868271355393, -0.02328651714152513, 0.6473324326519514, -0.09288782307135698, 0.1360112631075867, -0.48850492161707254, 0.43421653561971163, -0.028653359331846345, -0.028653359331846345, -0.3281770997061582, 0.30987611772336426, 0.639494846195426, -0.06860147433024005]], "inverted": true, "swapped": false, "error_lsq": 0.05459638899621618, "error_max": 0.4085307554133675, "target": "78.xyz", "model": "6.xyz", "model_rescale": 4.08911054899281, "target_rescale": 3.901326753257773},
{"mapping": [11, 3, 4, 2, 0, 1, 6, 12, 13, 8, 5, 7, 14], "R": [[0.1426536280075799, -0.8255629776349003, -0.5459814212726218], [-0.9873417102522422, -0.0800564693366767, -0.1369208125652312], [0.06932740881103557, 0.5586024809074364, -0.8265331080553305]], "T": [-0.10323171956007118, 0.03143403405896435, -0.025454397163061145], "aligned_model": [[-0.350178021649885, 0.44726390623667744, -0.18182847619782302, 0.41145267045714085, 0.832952472284357, 0.3731869738166905, 0.24226958236975446, -0.7282389736405223, -0.2505924513532901, -0.1778776890716832, -0.6399504734272117, -0.16405730665954302, -0.04201504622421754], [-0.024873307792837945, 0.5635747474433566, 0.5611077484709208, -0.561041133613208, 0.08210363052190794, -0.2786731956063766, 0.01716162717209721, -0.2967792555457932, -0.6607857584929524, 0.6888581377546827, 0.11439050338152774, -0.457279039884803, 0.07361944213155243], [-0.5549617815260249, 0.1751254208724772, 0.43293168007895316, 0.1595123502692708, 0.049698340902601605, -0.4889247776253531, 0.3345013156960717, -0.12365769081879857, -0.21256691912877984, -0.19089471993999652, 0.5089166658897266, 0.5718300776459606, -0.17323014868365438]], "inverted": false, "swapped": false, "error_lsq": 0.051358571226486, "error_max": 0.31008038044949504, "target": "78.xyz", "model": "7.xyz", "model_rescale": 3.964800864290218, "target_rescale": 3.901326753257773},
{"mapping": [0, 7, 8, 11, 12, 4, 9, 3, 6, 1, 5, 10, 13], "R": [[-0.7559242294772793, -0.5716522707663263, -0.3190489627265454], [-0.6488967234820839, 0.7187873107125099, 0.2495552928969729], [0.08666949603751922, 0.39567471903873386, -0.914292029479762]], "T": [-0.030981667071487442, -0.0025684549664319913, -0.07622426711854113], "aligned_model": [[-0.4706421809935333, 0.32170602696367256, 0.015336682589311205, 0.4294836951524911, 0.6932756687960941, 0.43298296771592687, 0.30607036308978836, -0.6818527120478154, -0.08532551196944113, -0.27044910099603353, -0.612839960293337, -0.2702850363612239, -0.03507373470545537], [0.07198783190679597, 0.6156433970956594, 0.43063016795827924, -0.6607231986201586, 0.11085812605768558, -0.34259689289122147, -0.08321425184691393, -0.2934293120859332, -0.5267587026009692, 0.6961164061623344, 0.14661221302805488, -0.36334854342381906, 0.019606905200280172], [-0.6368483524985958, -0.09291742163867564, 0.5572196096283375, 0.1285617384866219, 0.106150784485953, -0.4814536763213423, 0.5185436802342805, -0.20937658707406823, -0.3186642679127343, -0.20894466529253886, 0.505374200790424, 0.6221349801364028, -0.0015002093916094417]], "inverted": true, "swapped": false, "error_lsq": 0.04052811267747965, "error_max": 0.2733219224532956, "target": "78.xyz", "model": "8.xyz", "model_rescale": 4.121658175737393, "target_rescale": 3.901326753257773},
{"mapping": [10, 4, 1, 7, 9, 5, 6, 3, 11, 0, 2, 8, 12], "R": [[-0.30387575651528587, -0.7131756397598275, 0.6316961543775805], [-0.7220023613417552, -0.2602131649473685, -0.641094142076656], [0.6215883805374685, -0.650899082532181, -0.43584202360439384]], "T": [-0.013108136318683737, -0.07554628561783164, 0.032675186774428974], "aligned_model": [[-0.30617345062217644, 0.45834904579035884, -0.09770259001023479, 0.36993359237581824, 0.8063339691294029, 0.27107980855183766, 0.3093400945950089, -0.775017596019084, -0.27858464965672974, -0.2547946442328711, -0.572248141616498, -0.13930456245036119, -0.018823708894026472], [-0.1545445221028041, 0.6759794488957381, 0.523532432395201, -0.6233275116653715, -0.033065489664719755, 0.05655099388191798, -0.04259613635097298, -0.15717017049825033, -0.6338568082604074, 0.6034145127954035, 0.1116362227908495, -0.5071801543358903, 0.0020113280593807015], [-0.6632794315591407, 3.9109798703459986e-05, 0.3626451607751254, -0.059116276781758695, 0.17374196113658835, -0.49977708997421183, 0.6451484320169416, -0.15578039978668723, -0.11169813391174312, -0.28264070123723795, 0.39965149919837856, 0.6056673360525614, 0.07367834790493577]], "inverted": false, "swapped": false, "error_lsq": 0.04438825459831413, "error_max": 0.263860798020027, "target": "78.xyz", "model": "9.xyz", "model_rescale": 3.833441315466971, "target_rescale": 3.901326753257773},
{"mapping": [3, 11, 12, 13, 10, 8, 0, 4, 5, 7, 6, 1, 14], "R": [[-0.5704056370003603, 0.22663685586971433, -0.789476500498719], [-0.6832367683504875, -0.6644021029977807, 0.30291477994001714], [-0.4558781938766053, 0.7121836708979061, 0.5338253377783668]], "T": [-0.018229897269313036, 0.01114861474519593, 0.016787635683523264], "aligned_model": [[-0.509453752573013, 0.2603286169607112, -0.015240969702085185, 0.34063656509958573, 0.7702430097506576, 0.6059067002047651, 0.29840016691303856, -0.7841621497607304, -0.22277786003324654, -0.15087558894342137, -0.5895441375688458, -0.19893037670506383, -0.03214305670190737], [-0.016670180848441116, 0.6321100001099644, 0.34810810471673526, -0.6951134117477221, 0.13859014408771136, 0.1759244535689918, -0.4002036532014257, -0.18752278813378204, -0.6329379967176988, 0.5221447265284959, 0.1737779241911104, -0.2500001745282251, 0.013176997914359969], [-0.6989267545168704, -0.02957175472877138, 0.5162567796162498, -0.07318654692239687, 0.21126970430216896, -0.4200896846366501, 0.4576477901709946, -0.08215698701908403, 0.044133006962430256, -0.38966294065321017, 0.3460008106705342, 0.68368911229498, -0.07712272190792023]], "inverted": true, "swapped": false, "error_lsq": 0.05101027774791159, "error_max": 0.3162590016317452, "target": "78.xyz", "model": "10.xyz", "model_rescale": 4.2482417240324, "target_rescale": 3.901326753257773},
{"mapping": [11, 10, 0, 9, 3, 5, 8, 1, 2, 4, 6, 12], "R": [[-0.017489096488410516, 0.7829421159559463, -0.6218486749736183], [0.8692234154007784, -0.29544984349176373, -0.396434161115939], [-0.49411009463785, -0.5474587044180758, -0.6753844692720267]], "T": [0.015388986273498079, 0.038747555027795394, 0.022890038536426183], "aligned_model": [[-0.7562077089270124, -0.09953743067784665, 0.5071240806753606, 0.6044358473690311, -0.5039318639476141, 0.2493667255202985, -0.37007278685065836, 0.5915994491583708, 0.06478567272616806, 0.02560422042127393, -0.34623086355793853, -0.09016973954642671], [-0.33568483414311767, -0.7490961407927406, -0.03654490837765531, -0.2576633800022863, 0.5549761139532512, 0.6878617852403652, 0.06811786029434944, 0.23591610511360384, -0.29802912599167364, 0.5853740151341688, 0.13540883938129014, 0.07549506024108413], [-0.046192848660015606, -0.0915506743449312, 0.6136281848129088, -0.030608281835908385, 0.19144859903955727, 0.14827649688647646, 0.5751208675008721, -0.44931113308688575, -0.47516500919488863, -0.5507772255778531, -0.3928169724373822, 0.07314028675240661]], "inverted": false, "swapped": true, "error_lsq": 0.046177170536705815, "error_max": 0.22788187729246887, "target": "78.xyz", "model": "11.xyz", "model_rescale": 3.6694154284099745, "target_rescale": 3.901326753257773},
{"mapping": [6, 9, 8, 12, 10, 7, 2, 4, 0, 11, 3, 1, 13], "R": [[-0.8124816868405056, 0.2705485674739389, 0.5164077663887388], [0.5784933147101348, 0.264378667827813, 0.7716536819281509], [0.07224260089786044, 0.9256929256699494, -0.3713133635894646]], "T": [0.03656765308581738, -0.07050352709230842, -0.0745880733682795], "aligned_model": [[-0.21407896861406306, 0.3809921508581861, -0.021532613201959712, 0.44195616105851226, 0.6327688798855065, 0.5846628656964225, 0.1535962016539851, -0.6961464140434004, -0.3589742460898225, -0.299157546899151, -0.496530474608953, -0.29018774279616216, -0.044981085958656346], [-0.07621324486355674, 0.6517465622712577, 0.5197089229310429, -0.5844852699313433, 0.046299654701678655, 0.09156370289404189, -0.08073768462221512, -0.05192009817943408, -0.6476685454838927, 0.5468141448380317, 0.10093883220503189, -0.5342585506724653, -0.160404280148103], [-0.5815382717182551, -0.1410172886177548, 0.39538157906239835, 0.10776166175165247, 0.11096488724886816, -0.5494471781008632, 0.5676837960390595, 0.027702697237345197, -0.2200700721414211, -0.30094206808591695, 0.5793712558642139, 0.5536122795986229, -0.06118346450549432]], "inverted": false, "swapped": false, "error_lsq": 0.04662204516772066, "error_max": 0.2586856091855387, "target": "78.xyz", "model": "12.xyz", "model_rescale": 3.9764082729961374, "target_rescale": 3.901326753257773},
{"mapping": [12, 2, 8, 4, 7, 0, 3, 13, 6, 1, 11, 14, 15], "R": [[-0.36293509356528275, 0.44592804675650555, -0.8181847560146103], [-0.7422130977322484, -0.6692227440656262, -0.035505441554404715], [-0.5633807197743452, 0.5943812715262832, 0.5738580561823102]], "T": [-0.06551986405734592, -0.039761509762792066, -0.11331835256826192], "aligned_model": [[-0.540792610366164, 0.4229990753070537, -0.018999916681967877, 0.46173374585466587, 0.6463456764779899, 0.574422981897586, 0.15099606124590223, -0.6314318106903106, -0.24145686657953516, -0.14377277626855653, -0.5133483857349349, -0.3860299355851001, -0.008278071936183837], [0.12596740572169784, 0.5907135697505116, 0.4932697999934796, -0.5272293791048932, 0.015718363360548354, 0.0316971187833837, -0.01766636423159583, -0.2668773191022037, -0.7798935996380902, 0.5461112639009272, 0.15605806486317314, -0.44907438826524715, -0.09741039009161714], [-0.5055724515101042, -0.12380328943477914, 0.3485976072818545, -0.12888848336579597, 0.13407432072571915, -0.44869090931622113, 0.6997475155799742, -0.0619118938972798, -0.04325076819744034, -0.3455943803262735, 0.5125003177466957, 0.4937601440994899, -0.04268791575338461]], "inverted": false, "swapped": false, "error_lsq": 0.049032984976729255, "error_max": 0.2817665054773856, "target": "78.xyz", "model": "13.xyz", "model_rescale": 4.170626492500431, "target_rescale": 3.901326753257773},
{"mapping": [8, 5, 11, 2, 6, 4, 3, 7, 0, 12, 9, 1, 13], "R": [[0.6487835904552395, -0.5396899133772376, 0.5364835972840902], [0.17153903646282925, -0.5831299050453794, -0.7940616303607491], [0.7413866816482559, 0.6072020349444134, -0.285747225767725]], "T": [-0.03392323229443424, -0.06794315919342493, 0.020126200509698117], "aligned_model": [[-0.4013655222644506, 0.4438846943411057, 0.0705798457683328, 0.4345154971692533, 0.7204089201642718, 0.2668884660964314, 0.2518493418141385, -0.7712136682539898, -0.18695283419532216, -0.0900577727050861, -0.519729797230835, -0.46233380624526643, 0.015913802481860972], [-0.012108406189464849, 0.698944989391392, 0.47593750136063956, -0.5246193121558008, 0.23034273114870413, -0.08606775284873593, -0.20269703128629202, -0.34968839250731937, -0.6387941857688165, 0.5231280826938707, 0.18794875415303763, -0.49432875276071697, 0.013385920709576907], [-0.6228550874789188, -0.08380637937084164, 0.4593671194617321, -0.05018891372810336, 0.24260720738423094, -0.6219384004527387, 0.6330283413716983, -0.16548694405790915, -0.06092596126134761, -0.40788060033915247, 0.6157920032988625, 0.4949674114641946, 0.055600017340748126]], "inverted": true, "swapped": false, "error_lsq": 0.04844149342629729, "error_max": 0.2676622565207199, "target": "78.xyz", "model": "14.xyz", "model_rescale": 3.9786697098870705, "target_rescale": 3.901326753257773},
{"mapping": [5, 0, 3, 4, 8, 11, 9, 10, 6, 1, 7, 12], "R": [[-0.649237593633364, 0.2694589054798239, -0.7112541355034603], [0.6671732218705511, 0.6507740062657101, -0.3624542519929186], [0.36519917720612094, -0.7098486395186603, -0.6022827159577796]], "T": [0.03387709528228267, -0.04224095081862293, -0.0014134989060935015], "aligned_model": [[0.03137833529153534, -0.7063273894066557, 0.4557128424238067, 0.5999310040384425, -0.06027089311053565, 0.4563132496778127, -0.4299393105316638, -0.10011953029276227, 0.5809311214105223, 0.03094119049878375, -0.4596851989877609, 0.0844891757558113], [-0.5010521839387253, -0.09728432106298769, 0.1334170662025415, -0.5931374816409024, 0.46454269434073964, 0.6842864960541785, -0.334368934370113, 0.40900853567368195, -0.015444491667287938, -0.7720476330500794, 0.6000096170218767, 0.036745126661516594], [-0.5317932108355654, -0.21474765889171304, -0.5979006507654306, -0.06540531497136257, -0.43581973172372146, 0.18308334065488177, 0.3690366329315689, 0.6508297474346877, 0.11233394472052217, 0.24605663706344894, 0.024558828815894444, -0.080266070559381]], "inverted": true, "swapped": true, "error_lsq": 0.04082226087179037, "error_max": 0.2203617483328526, "target": "78.xyz", "model": "15.xyz", "model_rescale": 3.769337070930944, "target_rescale": 3.901326753257773},
{"mapping": [5, 0, 3, 8, 4, 1, 6, 9, 11, 7, 12], "R": [[-0.35601612345124056, -0.6265583478163054, -0.6933088464922781], [-0.2757600181878108, 0.7793209398909811, -0.5626857782248426], [0.8928655734273832, -0.009138349366272225, -0.45023056133391326]], "T": [0.049769679228608664, 0.007760978331335669, 0.030483278274359933], "aligned_model": [[-0.15925975958203542, -0.4959005753134723, -0.22195253818998353, -0.5203061891954481, 0.5343507564935062, 0.516893455573015, 0.426359211873855, 0.17853174286916854, 0.13327416128222533, -0.45838144230125133, -0.010982692818408996], [-0.06898868059510126, -0.5382513238160102, 0.6211859925667983, 0.33743922115901653, 0.18427819373140192, -0.45721502332475056, 0.41781210662746715, -0.6289874952690574, 0.6660208415607101, -0.051410839749489595, 0.11418150473435719], [-0.6345225967600286, 0.054114926333292575, -0.30785803950232743, 0.17445564463971003, -0.5711992127769244, -0.3688418732263042, -0.023950486457288693, 0.15566087047505162, 0.5782555606565434, 0.6590095113440759, 0.029093302497976627]], "inverted": true, "swapped": true, "error_lsq": 0.05227817014237804, "error_max": 0.25868379870073904, "target": "78.xyz", "model": "16.xyz", "model_rescale": 3.7852294659196426, "target_rescale": 3.901326753257773},
{"mapping": [0, 10, 5, 11, 6, 10, 7, 3, 8, 4, 1, 2, 12], "R": [[0.09146811784324653, 0.9423484993477999, 0.32188956055635587], [-0.9553316834816185, 0.17426157060832187, -0.2386928560834991], [-0.28102483512029885, -0.2856785094928752, 0.9161947561842616]], "T": [-0.10485510002014145, -0.08326414961854217, 0.02110034848495079], "aligned_model": [[-0.42898181851712514, 0.5092589065996611, -0.015811714649489467, 0.3937968194822111, 0.6931035365101343, 0.5092589065996611, 0.2551926699434236, -0.8854000766179652, -0.1687598043787967, -0.2580357425968994, -0.5228316808633353, -0.27576605808351584, -0.03263677648751989], [0.0579946829727275, 0.24375603692282782, 0.48532765110469295, -0.6105592031063505, 0.2173876458942287, 0.24375603692282782, -0.1102018795587425, -0.23193667652086133, -0.6508611821016419, 0.5816647520136398, 0.16378168985640323, -0.4684899084174889, -0.10023550004218801], [-0.5626247309060673, -0.3853192127408357, 0.33887959612775287, 0.12711102802801488, 0.26658710605789016, -0.3853192127408357, 0.6219888300073996, -0.012684121541056668, -0.29187841873365983, -0.16914142296282061, 0.5094834822148352, 0.4643582646036641, -0.033161373781826]], "inverted": false, "swapped": false, "error_lsq": 0.058558042245148205, "error_max": 0.501004230383584, "target": "78.xyz", "model": "17.xyz", "model_rescale": 3.901054581598922, "target_rescale": 3.901326753257773},
{"mapping": [12, 10, 5, 1, 4, 6, 8, 3, 0, 9, 13, 2, 14], "R": [[-0.13557115483248885, -0.9660764951306092, 0.21981052643934762], [-0.1551155876712274, 0.2398191158197535, 0.9583454211028721], [-0.9785497516420896, 0.0958279564823829, -0.18236607776013455]], "T": [0.02721056589122716, -0.0047210004222451845, -0.02077761035644881], "aligned_model": [[-0.5046151300145194, 0.4973975929237564, -0.13625286850566917, 0.4311000664760357, 0.7932336151767473, 0.43690335447297823, 0.30796504274767317, -0.6386597262864877, -0.14852647929415924, -0.20850276697151612, -0.6313266247415942, -0.42144319143704595, -0.004885717605754909], [0.06123354339987275, 0.6656392689567665, 0.3517349964800242, -0.5594060918945599, 0.04193341984381188, -0.09097792806605258, -0.11973365324895398, -0.37508391462481677, -0.7406543302694776, 0.6103237494793635, 0.22353961536977102, -0.2722395130606686, 0.025074983574993846], [-0.5353517366014396, -0.06544322327366961, 0.465334387935304, -0.14277461872771924, 0.1705493949061635, -0.6440249983876384, 0.569448842417992, -0.07420003346995105, 0.03420550949827735, -0.03945384293957143, 0.1834968572900473, 0.6202229773336538, -0.0537297023489934]], "inverted": false, "swapped": false, "error_lsq": 0.0504947108663713, "error_max": 0.27822533219046947, "target": "78.xyz", "model": "18.xyz", "model_rescale": 3.9405287249114394, "target_rescale": 3.901326753257773},
{"mapping": [6, 3, 12, 11, 14, 10, 13, 8, 5, 1, 4, 7, 15], "R": [[-0.609071479796295, 0.0337350269682255, -0.7923975520243639], [0.382464560710614, 0.8877444627870372, -0.25618475479893754], [0.6948041395236421, -0.4590988093498042, -0.5536022859006307]], "T": [-0.057545787486785335, 0.0043408869478419945, 0.09675346527063909], "aligned_model": [[-0.5190010626473752, 0.393227283231478, 0.07276817736503251, 0.43979839412323835, 0.6939500937322072, 0.5565943047010438, 0.32025670018206304, -0.7116348671326395, -0.2491631764979701, -0.23335124736766882, -0.5274976685274982, -0.4206687571779884, -0.04289100704347812], [-0.030961137482179844, 0.654499630038331, 0.4680421590514211, -0.5113014563405506, 0.12743583807628184, -0.0386331326408699, -0.2431108503343575, -0.32867712380883773, -0.6153877893522716, 0.4901937939407979, 0.2523278297484335, -0.4003415662909009, -0.002702048665223092], [-0.489843714819605, -0.21872370089545312, 0.3577869171949364, 0.019455724511109468, 0.2376099013811781, -0.39200948110975076, 0.5941092367252567, -0.08638210182559748, -0.42332516989784486, -0.3138056864018131, 0.5990608754516856, 0.5439663562573112, 0.06038065706104219]], "inverted": true, "swapped": false, "error_lsq": 0.04793086094710508, "error_max": 0.2785565110565833, "target": "78.xyz", "model": "19.xyz", "model_rescale": 4.410303926677745, "target_rescale": 3.901326753257773},
{"mapping": [0, 7, 8, 11, 12, 4, 9, 3, 6, 1, 5, 10, 13], "R": [[-0.7559242294772793, -0.5716522707663263, -0.3190489627265454], [-0.6488967234820839, 0.7187873107125099, 0.2495552928969729], [0.08666949603751922, 0.39567471903873386, -0.914292029479762]], "T": [-0.030981667071487442, -0.0025684549664319913, -0.07622426711854113], "aligned_model": [[-0.4706421809935333, 0.32170602696367256, 0.015336682589311205, 0.4294836951524911, 0.6932756687960941, 0.43298296771592687, 0.30607036308978836, -0.6818527120478154, -0.08532551196944113, -0.27044910099603353, -0.612839960293337, -0.2702850363612239, -0.03507373470545537], [0.07198783190679597, 0.6156433970956594, 0.43063016795827924, -0.6607231986201586, 0.11085812605768558, -0.34259689289122147, -0.08321425184691393, -0.2934293120859332, -0.5267587026009692, 0.6961164061623344, 0.14661221302805488, -0.36334854342381906, 0.019606905200280172], [-0.6368483524985958, -0.09291742163867564, 0.5572196096283375, 0.1285617384866219, 0.106150784485953, -0.4814536763213423, 0.5185436802342805, -0.20937658707406823, -0.3186642679127343, -0.20894466529253886, 0.505374200790424, 0.6221349801364028, -0.0015002093916094417]], "inverted": true, "swapped": false, "error_lsq": 0.04052811267747965, "error_max": 0.2733219224532956, "target": "78.xyz", "model": "20.xyz", "model_rescale": 4.121658175737393, "target_rescale": 3.901326753257773},
{"mapping": [5, 6, 10, 3, 2, 1, 4, 7, 7, 8, 9, 11, 12], "R": [[-0.2417697457778624, -0.578301096703152, -0.7791759952529592], [0.8149703412554411, -0.5568561652946203, 0.1604199303308685], [-0.5266599784495666, -0.5962206409755555, 0.6059292156466792]], "T": [0.01451978016379251, 0.05486113762566558, -0.012193339312458529], "aligned_model": [[-0.27662467980933086, 0.26794895567279603, 0.08230577165000114, 0.21348758516563826, 0.7585232294247636, 0.5198614959976652, 0.29895578630682135, -0.41547190634945785, -0.41547190634945785, -0.3252731886150949, -0.5904814589458391, -0.33633584486874235, -0.0090366723393181], [-0.04437120725805578, 0.6534219586610797, 0.46608353139815206, -0.6058512928700925, 0.028292405657201897, 0.06634559642854333, -0.16637625500804923, -0.4758499673718046, -0.4758499673718046, 0.5431214208787456, 0.28487774724571535, -0.42134453474022415, -0.0311152897093325], [-0.6198868271355393, -0.02328651714152513, 0.6473324326519514, -0.09288782307135698, 0.1360112631075867, -0.48850492161707254, 0.43421653561971163, -0.028653359331846345, -0.028653359331846345, -0.3281770997061582, 0.30987611772336426, 0.639494846195426, -0.06860147433024005]], "inverted": true, "swapped": false, "error_lsq": 0.05459638899621618, "error_max": 0.4085307554133675, "target": "78.xyz", "model": "21.xyz", "model_rescale": 4.08911054899281, "target_rescale": 3.901326753257773},
{"mapping": [13, 10, 6, 15, 5, 9, 8, 4, 2, 7, 0, 1, 16], "R": [[-0.17169388511982064, 0.9403613039613558, 0.2936695895467566], [0.30463593382638315, 0.33416464016058167, -0.8919254122896582], [-0.9368661364539704, -0.0636758296251223, -0.34384186930530003]], "T": [0.031264434851366395, -0.08476350683862817, -0.04548265490188235], "aligned_model": [[-0.4057826348974061, 0.4080813973816361, -0.06253805980234212, 0.2523183337413713, 0.6737677859590485, 0.6333033877937239, 0.257601968329349, -0.6374621314687305, -0.34722141075100277, -0.22479659334055638, -0.6131591230889883, -0.14814773745323534, -0.013578015462422884], [0.13084849110338015, 0.6151265022526905, 0.4838715171886962, -0.7783421370439952, 0.16595468509425998, 0.014460781149234589, -0.007757899799692672, -0.2531400570399709, -0.6983733869294202, 0.5652496428921016, 0.15832760510868327, -0.5053352977946034, -0.0695063002412899], [-0.4918359804139761, -0.1844011962797409, 0.42718999080289516, -0.08536843434954572, 0.10303968684328954, -0.41324786719892653, 0.6053656188791436, -0.14914703020886277, -0.006944244103353307, -0.17856850323995674, 0.3090654905494629, 0.6033077753196698, -0.05017549296764422]], "inverted": false, "swapped": false, "error_lsq": 0.0400806847400818, "error_max": 0.19777168319431984, "target": "78.xyz", "model": "22.xyz", "model_rescale": 4.204369325754507, "target_rescale": 3.901326753257773},
{"mapping": [6, 3, 12, 11, 14, 10, 13, 8, 5, 1, 4, 7, 15], "R": [[-0.609071479796295, 0.0337350269682255, -0.7923975520243639], [0.382464560710614, 0.8877444627870372, -0.25618475479893754], [0.6948041395236421, -0.4590988093498042, -0.5536022859006307]], "T": [-0.057545787486785335, 0.0043408869478419945, 0.09675346527063909], "aligned_model": [[-0.5190010626473752, 0.393227283231478, 0.07276817736503251, 0.43979839412323835, 0.6939500937322072, 0.5565943047010438, 0.32025670018206304, -0.7116348671326395, -0.2491631764979701, -0.23335124736766882, -0.5274976685274982, -0.4206687571779884, -0.04289100704347812], [-0.030961137482179844, 0.654499630038331, 0.4680421590514211, -0.5113014563405506, 0.12743583807628184, -0.0386331326408699, -0.2431108503343575, -0.32867712380883773, -0.6153877893522716, 0.4901937939407979, 0.2523278297484335, -0.4003415662909009, -0.002702048665223092], [-0.489843714819605, -0.21872370089545312, 0.3577869171949364, 0.019455724511109468, 0.2376099013811781, -0.39200948110975076, 0.5941092367252567, -0.08638210182559748, -0.42332516989784486, -0.3138056864018131, 0.5990608754516856, 0.5439663562573112, 0.06038065706104219]], "inverted": true, "swapped": false, "error_lsq": 0.04793086094710508, "error_max": 0.2785565110565833, "target": "78.xyz", "model": "23.xyz", "model_rescale": 4.410303926677745, "target_rescale": 3.901326753257773},
{"mapping": [12, 15, 4, 11, 9, 14, 10, 0, 7, 5, 2, 1, 16], "R": [[0.5757825539646744, -0.012119264450552114, 0.8175130420850143], [-0.751620837459892, -0.4013645017095629, 0.5234239710440522], [0.3217772012526797, -0.9158382281803987, -0.24020776956081288]], "T": [0.061327480889891546, -0.029253126976385328, -0.019186133861686154], "aligned_model": [[-0.5480416713686818, 0.4781869372873882, -0.13870172997936078, 0.4659244763756183, 0.6533306716166549, 0.5884293568740411, 0.31109507229551564, -0.6865480803323147, -0.21302374738703145, -0.22428676568796357, -0.6979652880119109, -0.20084783430703496, -0.015164230434475491], [0.06651937729691365, 0.5009014661223407, 0.4512758063079961, -0.5099522681661586, 0.09332083720082499, -0.08209571683955053, -0.06940000830040643, -0.1327278843160665, -0.6087023990239833, 0.5092705074563942, 0.3379304133066802, -0.6834997000776374, -0.05145628502727289], [-0.5346206093137907, -0.25259241454636877, 0.4313298281937655, 0.057957197114491106, 0.14491087739567815, -0.440518856356841, 0.5806374439334879, -0.00018796010126045232, -0.19497248529077277, -0.17416623173559578, 0.3294464664742663, 0.4702634296859765, 0.07079312817941899]], "inverted": false, "swapped": false, "error_lsq": 0.04699574887949192, "error_max": 0.3157763766209588, "target": "78.xyz", "model": "24.xyz", "model_rescale": 4.28219845311461, "target_rescale": 3.901326753257773},
{"mapping": [12, 6, 8, 4, 0, 2, 1, 9, 7, 10, 5, 3, 15], "R": [[0.003482080707100238, -0.6584395994117682, 0.7526255171334678], [0.8463803594509054, -0.398888210880824, -0.35288593391640255], [0.5325675189585876, 0.6382362330256454, 0.5559013838834447]], "T": [-0.06864648592984988, -0.04767932439446483, -0.08687549232910916], "aligned_model": [[-0.5262309183205195, 0.5206342997792033, -0.05359695905051916, 0.4004042572928315, 0.7071425804579512, 0.4854780283052682, 0.04662673728126772, -0.6760085165460431, -0.2200917381323514, -0.17216389510969166, -0.5848971088417079, -0.15757991543172484, 0.002670315256479941], [0.001788866732085767, 0.6326141057885837, 0.5095523528902619, -0.57731920961749, 0.007819697190822691, -0.015659945297452862, -0.020254121245684806, -0.33705813052881023, -0.8050581029723223, 0.7351144570341034, 0.2690813344047054, -0.5312450868177503, -0.04799207162097803], [-0.6972764142922071, -0.040549048423664, 0.32690274114865914, 0.09784474286157893, 0.1593466738380054, -0.48775054327872325, 0.5422805623103095, -0.021722179252144203, -0.18167911618104143, -0.16576060233939183, 0.5118136259070384, 0.5117064514253331, -0.06687708009129781]], "inverted": true, "swapped": false, "error_lsq": 0.04553090786675233, "error_max": 0.2678783712576885, "target": "78.xyz", "model": "25.xyz", "model_rescale": 4.100010024507729, "target_rescale": 3.901326753257773},
{"mapping": [11, 10, 0, 9, 3, 5, 8, 1, 2, 4, 6, 12], "R": [[-0.017489096488410516, 0.7829421159559463, -0.6218486749736183], [0.8692234154007784, -0.29544984349176373, -0.396434161115939], [-0.49411009463785, -0.5474587044180758, -0.6753844692720267]], "T": [0.015388986273498079, 0.038747555027795394, 0.022890038536426183], "aligned_model": [[-0.7562077089270124, -0.09953743067784665, 0.5071240806753606, 0.6044358473690311, -0.5039318639476141, 0.2493667255202985, -0.37007278685065836, 0.5915994491583708, 0.06478567272616806, 0.02560422042127393, -0.34623086355793853, -0.09016973954642671], [-0.33568483414311767, -0.7490961407927406, -0.03654490837765531, -0.2576633800022863, 0.5549761139532512, 0.6878617852403652, 0.06811786029434944, 0.23591610511360384, -0.29802912599167364, 0.5853740151341688, 0.13540883938129014, 0.07549506024108413], [-0.046192848660015606, -0.0915506743449312, 0.6136281848129088, -0.030608281835908385, 0.19144859903955727, 0.14827649688647646, 0.5751208675008721, -0.44931113308688575, -0.47516500919488863, -0.5507772255778531, -0.3928169724373822, 0.07314028675240661]], "inverted": false, "swapped": true, "error_lsq": 0.046177170536705815, "error_max": 0.22788187729246887, "target": "78.xyz", "model": "26.xyz", "model_rescale": 3.6694154284099745, "target_rescale": 3.901326753257773},
{"mapping": [8, 11, 2, 3, 12, 9, 6, 5, 7, 10, 0, 1, 13], "R": [[0.7684474298161614, -0.36030589061120294, 0.5288366598485807], [-0.6180802183630542, -0.20388659242100837, 0.7592147924660249], [-0.16572685744083554, -0.9102801341465261, -0.3793740714663661]], "T": [-0.10116382687084396, 0.026790756587763562, -0.03593141910329984], "aligned_model": [[-0.4181337982518164, 0.5175567093648974, -0.0010803988400320264, 0.43641089797441585, 0.6530043603581803, 0.3564958665852806, 0.1922507638269803, -0.7584983682614828, -0.12239535913875962, -0.08336871938701068, -0.5636061392262297, -0.34141734429211457, -0.09483130377186424], [0.04448595684617143, 0.6211869727631755, 0.5242869983906286, -0.5763800656106549, 0.10249822729973271, -0.034517552481347163, -0.14082630314387456, -0.397203683743894, -0.5692709909170255, 0.5195843753379414, 0.16177485407383646, -0.502928050669189, 0.0686934077945731], [-0.5905250627385382, -0.04324616323425457, 0.41640743952915205, -0.030491309768951584, 0.1990824902883215, -0.5375811292548011, 0.5615657198496329, 0.08288993833614805, -0.2368994263022998, -0.380501445892311, 0.4166829247949196, 0.6283899536529346, 0.002505884372502161]], "inverted": false, "swapped": false, "error_lsq": 0.0433578422785441, "error_max": 0.23790753661930653, "target": "78.xyz", "model": "27.xyz", "model_rescale": 4.103607728864725, "target_rescale": 3.901326753257773},
{"mapping": [13, 6, 7, 3, 9, 10, 5, 4, 2, 11, 8, 1, 14], "R": [[-0.9778932017724097, -0.20490000650020287, 0.041723773361502514], [-0.023434498103831636, 0.3056671909069633, 0.9518499843471488], [-0.20778765657739806, 0.9298298531125266, -0.3037115968065929]], "T": [0.07046848675289769, -0.016053091264165927, -0.1070217491973755], "aligned_model": [[-0.4514849151994222, 0.38692014753935056, -0.17988063703956225, 0.34696604906731987, 0.8484513827346707, 0.45553262287022084, 0.3400463483163936, -0.7706448145871669, -0.2550809780349831, -0.12506750824280896, -0.6450582989268059, -0.2147714482523136, 0.03645921669555165], [0.05362055790205762, 0.5095993357192455, 0.35586674986814726, -0.7044521371346223, 0.045662452446533025, 0.05284512980689661, 0.179253381605965, -0.34427192690250036, -0.6752622667220725, 0.6178869470961297, 0.26200990686809217, -0.4074482595935974, -0.12392572502019997], [-0.484623075672751, 0.05050645540045032, 0.45785185927787087, -0.221855125206427, 0.14007687742223482, -0.43375393695244624, 0.5443794855203292, -0.02695866547241016, -0.07906615583017079, -0.28575880714584206, 0.18104484874690346, 0.6468408601429921, -0.00040480659827873966]], "inverted": false, "swapped": false, "error_lsq": 0.049870672840887524, "error_max": 0.2863164243073207, "target": "78.xyz", "model": "28.xyz", "model_rescale": 4.137296879288765, "target_rescale": 3.901326753257773},
