[{"mapping": [7, 6, 10, 3, 1, 9, 4, 2, 8, 0, 11], "R": [[0.758516695177626, 0.6142226451440655, -0.2176762856377325], [0.5087018204472784, -0.7668809627983212, -0.39130045587904033], [-0.4072774005643295, 0.1860756058427518, -0.8941481912411474]], "T": [0.023920900332356654, -0.09374544670936769, 0.12196890057151738], "aligned_model": [[-0.7088929502840441, 0.07184900506707619, -0.3717573685800132, 0.35391837861892145, -0.22574658604218648, 0.26186661291137986, 0.33891970481901296, 0.29549809000691296, 0.591203451243073, -0.25257043133971, -0.026668328340826383], [-0.06711635946890282, 0.08571136784511277, -0.6428226907567763, -0.6594106326948569, 0.5430784240367308, -0.4858978354908513, -0.20080407342789247, 0.6110201099440493, 0.10124550421130313, 0.2056692433532321, -0.06552820013314375], [-0.4770954214536853, -0.5784971128377365, 0.06102438855708381, 0.3344708452107022, -0.06242758370713819, -0.27672241644730367, 0.8579462578051875, 0.40179310572520394, -0.08605159645339824, 0.5874737672339679, 0.16039770260867847]], "inverted": false, "swapped": false, "error_lsq": 0.051893185311717716, "error_max": 0.25833905429385, "target": "780.xyz", "model": "0.xyz", "model_rescale": 3.751011558992144, "target_rescale": 3.8741198173804903},
{"mapping": [10, 4, 5, 2, 6, 8, 3, 7, 0, 12, 14], "R": [[0.12401581887403504, 0.17638936588918527, 0.9764767627907047], [-0.8875157106125438, 0.45982213266074634, 0.029655854923350267], [-0.4437746501152521, -0.8703162631575574, 0.21357355172996387]], "T": [-0.044910848697913744, -0.05381565736142399, 0.06980777950899526], "aligned_model": [[-0.713209504057172, -0.05659615834644606, -0.24488162339067077, 0.40500759152820437, -0.1495216173686355, 0.2244283195080194, 0.3133834916733157, 0.18876683387684967, 0.6811044337228968, -0.2389511653560002, -0.08191102371076478], [-0.04933077098874037, 0.0028544293698428216, -0.6451758244486133, -0.7037521396778622, 0.6654209039205587, -0.4683381717750673, -0.1143360684014044, 0.5102799242313506, 0.043915476577864876, 0.22595210093773174, -0.04234500232765682], [-0.4053874868479967, -0.7190052051192353, 0.050036865341701535, 0.31248878018012266, -0.11855649858940208, -0.37296275886748703, 0.7416472953297548, 0.3283961382787623, 0.2669243786320958, 0.730151221215435, 0.1085792066878108]], "inverted": true, "swapped": false, "error_lsq": 0.05371597774392987, "error_max": 0.25169209298315987, "target": "780.xyz", "model": "1.xyz", "model_rescale": 3.9405287249114394, "target_rescale": 3.8741198173804903},
{"mapping": [9, 10, 4, 7, 11, 3, 1, 0, 6, 2, 12], "R": [[-0.4592109394851651, -0.6006649722988645, -0.6544668854192367], [0.8881550852978236, -0.32495137694362725, -0.3249417595232358], [-0.017488782598219288, -0.7304849031127507, 0.682704876800794]], "T": [-0.007264620873297024, -0.05368614805538501, 0.10597823474151455], "aligned_model": [[-0.5973348370900651, -0.21100120104311879, -0.18988128066721058, 0.6243363314686117, 0.063353952915818, 0.19032945401422774, 0.10446240767973561, 0.34447448302965483, 0.49361125993723454, -0.42312320260210123, -0.07160778956319061], [0.16410444992445294, -0.14819713124993744, -0.713620513440785, -0.5315448275147246, 0.5132162633443695, -0.4328106209581088, -0.2500074434682074, 0.5483485366071624, 0.1423918448267916, 0.19093922422796095, -0.05767492488096948], [-0.39876477160482426, -0.7070692418972577, 0.25708584815623803, 0.14648962353912115, -0.3197552053619349, -0.27352261398542355, 0.8650575141428212, 0.5715572608205405, 0.02830928264999419, 0.5870080620488788, 0.16591617773340855]], "inverted": true, "swapped": false, "error_lsq": 0.058966355056042044, "error_max": 0.27699868503116554, "target": "780.xyz", "model": "2.xyz", "model_rescale": 3.932901565614263, "target_rescale": 3.8741198173804903},
{"mapping": [9, 8, 10, 1, 7, 3, 2, 4, 0, 6, 13], "R": [[0.2586482822706424, -0.40423378374613284, 0.8773232666222472], [0.8505009651670162, 0.5259060029536888, -0.008425218528235245], [-0.45798381448302306, 0.7483434533257836, 0.4798259075289919]], "T": [-0.022283605885536857, -0.11551906708477537, -0.009029932850353944], "aligned_model": [[-0.607751674803268, -0.14246587452240217, -0.39769925792374494, 0.3864684950531831, -0.028644876271560767, 0.33845850589310983, 0.3341908729029166, 0.2551833164121688, 0.6156682537114061, -0.3025834095147932, -0.12320477285741924], [0.19105944804816366, -0.15769152469872183, -0.659216231090677, -0.6102006999397279, 0.5354133793001996, -0.20060805577236263, -0.018253840162456528, 0.5600636569172907, 0.01610012837629511, -0.11383303971795145, -0.11768836384204724], [-0.3300123213477142, -0.7319161145249001, 0.2677405900705292, 0.3610787309313709, -0.3022687976508608, -0.3601858396422304, 0.7377399612820689, 0.4703722934673412, 0.14795459303035086, 0.6139639981625229, 0.047844842463083556]], "inverted": true, "swapped": false, "error_lsq": 0.06377092273707248, "error_max": 0.3444348349040332, "target": "780.xyz", "model": "3.xyz", "model_rescale": 3.9243930471874484, "target_rescale": 3.8741198173804903},
{"mapping": [2, 4, 1, 9, 3, 8, 11, 6, 10, 5, 12], "R": [[-0.013145698009076418, -0.4325635236933897, -0.9015076198201613], [-0.29940904745257035, 0.8619206680399369, -0.40920286449282517], [0.9540342828889321, 0.2645402804405167, -0.14084398140159954]], "T": [0.0503594310076297, -0.09634943075636782, 0.059453333799842495], "aligned_model": [[-0.6563046901968984, 0.017426240298162178, -0.4972202853657905, 0.3108134532959958, -0.12119832890348324, 0.3785023739068171, 0.5493340490852406, 0.10851074371890014, 0.6800513496044872, -0.3986394366569332, -0.04365589070690125], [0.1152110456395884, -0.02711853560632313, -0.5256773549353099, -0.6812718942224781, 0.5201328336205743, -0.5159147259422066, -0.10801831726569616, 0.4934228413218268, 0.1606014086181929, 0.07041750604680072, -0.07663994985696482], [-0.4946968939750145, -0.5291804721835498, 0.22068077476164025, 0.35562356488903, -0.14904348413182988, -0.27614097636841406, 0.6734747088263578, 0.47213190927280135, -0.1265361103023153, 0.6461490857872856, 0.1298498296655703]], "inverted": true, "swapped": false, "error_lsq": 0.06368305639029566, "error_max": 0.36106103896313857, "target": "780.xyz", "model": "4.xyz", "model_rescale": 3.8936222436046832, "target_rescale": 3.8741198173804903},
{"mapping": [8, 3, 7, 4, 9, 10, 5, 1, 2, 6, 11], "R": [[-0.6091782289165061, 0.10330638540435075, -0.7862758270154545], [0.09670083217403785, -0.9744037029100004, -0.20294426035768648], [-0.7871155153285937, -0.19966275188419003, 0.5835957085509068]], "T": [-0.012223240294393492, -0.014394559410525809, -0.0009428021121996727], "aligned_model": [[-0.5516748966303072, 0.08091138182926357, -0.393753388241382, 0.5625452870404389, -0.3538247239572638, 0.1344844370697595, 0.12349966339794087, 0.39530544325418526, 0.7017496398237305, -0.4365756067385753, 0.06495234123180614], [-0.09690852338972962, 0.14684408264138937, -0.4860622817894775, -0.4685209710449386, 0.4962836802307752, -0.5518433005333349, -0.19829535567722734, 0.5169242490683958, -0.03902853076648502, 0.14784937997240707, -0.04209757129377051], [-0.4989851522750162, -0.5446431559766483, 0.22645955772924176, 0.3057083696583495, -0.06841209688726962, -0.2994274877377574, 0.7768300744993839, 0.44033881205583886, -0.21726284010033253, 0.6534352242108467, 0.1482706310649255]], "inverted": false, "swapped": false, "error_lsq": 0.057599539658384886, "error_max": 0.31517377141928793, "target": "780.xyz", "model": "5.xyz", "model_rescale": 3.6523030999806103, "target_rescale": 3.8741198173804903},
{"mapping": [9, 11, 6, 2, 7, 4, 1, 0, 3, 5, 12], "R": [[-0.7732320508168141, -0.10748757353668417, -0.6249468914434406], [-0.18743067770285599, 0.9802355905557428, 0.06330819902415635], [0.6057903405019529, 0.1660861479565047, -0.7780960447216642]], "T": [-0.11883145202327354, -0.1622101741242988, 0.08508090259585777], "aligned_model": [[-0.6885437768228767, 0.002620893344891531, -0.3346940908523342, 0.4603367986209335, -0.08097720101447183, 0.2802368216967472, 0.20129626091383823, 0.43078263717078175, 0.46318993033888983, -0.3228850944867538, -0.08374360083004954], [-0.11926042567501739, 0.07438722219281563, -0.7140023384861477, -0.6349605192950161, 0.4559943179964947, -0.371988329755933, -0.24552359709511612, 0.48549368952047434, 0.2151660377140747, 0.3441759604484286, -0.06433716014705332], [-0.35791578052966677, -0.7538708260521693, 0.35257518399030247, 0.21654528102520465, -0.20337762353817446, -0.2696996496569819, 0.6957788532686778, 0.6004135994798402, 0.046623027462993655, 0.49231391169092376, 0.10292595910061159]], "inverted": true, "swapped": false, "error_lsq": 0.05784543527285935, "error_max": 0.3224290153799313, "target": "780.xyz", "model": "6.xyz", "model_rescale": 4.08911054899281, "target_rescale": 3.8741198173804903},
{"mapping": [13, 2, 11, 9, 7, 1, 8, 4, 3, 10, 14], "R": [[0.465758585627269, 0.5839705478439279, 0.6648664070062109], [-0.018991856022517184, -0.7445666906926536, 0.6672778675453055], [0.8847080022918894, -0.323417442884352, -0.3356976441961442]], "T": [-0.02591690239090399, 0.03628231528956695, 0.08964936899510126], "aligned_model": [[-0.5901106949523824, 0.056094993583352105, -0.35301321862966467, 0.38332268980831546, -0.25125459730530586, 0.07117986715124494, 0.2772614456866793, 0.31700923107133844, 0.7590866169642911, -0.3606886467531453, 0.018731891454873452], [-0.11749274920987367, 0.0803007198727435, -0.41625816913055, -0.6111874493305974, 0.6236159669977933, -0.5347306496304068, -0.09695317696205889, 0.506702319338955, 0.10118325216514924, 0.011453865257243637, -0.12148907195039362], [-0.35072900958962394, -0.7112725824258309, 0.2706084053016508, 0.256572009721624, -0.3615169743409177, -0.36030892917615676, 0.6858709437023558, 0.4870863784457369, 0.1671656850737356, 0.7272905892339104, 0.11154542029507744]], "inverted": true, "swapped": false, "error_lsq": 0.05656983794308206, "error_max": 0.3071537769809904, "target": "780.xyz", "model": "7.xyz", "model_rescale": 3.964800864290218, "target_rescale": 3.8741198173804903},
{"mapping": [10, 11, 8, 7, 6, 12, 1, 0, 2, 5, 13], "R": [[-0.6089455415194852, -0.3720204919487544, 0.7005612614423865], [0.793044958674374, -0.3036646495588098, 0.528079041554847], [0.016279465123319126, 0.8771479545541517, 0.4799442101294343]], "T": [0.062362951842892894, 0.04383342518272984, 0.05174747802106587], "aligned_model": [[-0.7413236835562388, -0.10192967966444325, -0.3181519210256659, 0.42196695586504485, 0.08310317205246352, 0.26892884916446624, 0.2776798826560605, 0.35850821490299634, 0.7172669187242722, -0.642857276655422, 0.004428145616062362], [0.029840294567649667, 0.05635013367246697, -0.5824980632741317, -0.5284777338260133, 0.5207400278298177, -0.5522578231038283, -0.16290121637139146, 0.5598480925432443, 0.1021932297425869, -0.01070791331440929, -0.006984171047987528], [-0.11862269948557481, -0.760646876793551, 0.2840724217970577, 0.27534994340778296, -0.27785191335551085, -0.3638011846749842, 0.7402380723352375, 0.45072895473223223, 0.13114303916185277, 0.4975729984661227, 0.06412918065089705]], "inverted": true, "swapped": false, "error_lsq": 0.05676439170207266, "error_max": 0.3140791925783864, "target": "780.xyz", "model": "8.xyz", "model_rescale": 4.121658175737393, "target_rescale": 3.8741198173804903},
{"mapping": [4, 9, 1, 8, 5, 6, 2, 10, 11, 0, 12], "R": [[-0.8164001529145384, -0.3579965958054734, -0.4531326822386693], [0.5705677856119354, -0.6211393145720203, -0.537250736541974], [-0.08912458887989824, -0.6971544945596303, 0.7113595563231689]], "T": [0.16048756136510922, -0.011006822930702466, 0.08768498363275663], "aligned_model": [[-0.6757127239858927, -0.04794241183898601, -0.3787135936879068, 0.6520066868659966, -0.07074211985920417, 0.10553246266299077, 0.1280005047292998, 0.24744734623623252, 0.7503192453883507, -0.47198855052392485, 0.0894127320926405], [-0.016420241843623846, -0.0979195890322834, -0.40098419088642134, -0.5482399575150309, 0.5251782595520558, -0.5998629469769322, -0.4320874969601783, 0.667139512048475, 0.16638765518462803, 0.22137891908946972, -0.05942506524215423], [-0.21042186867577528, -0.7136844283076162, 0.2668817542101139, 0.06916887986227149, -0.11419690787719734, -0.2734388903964536, 0.6390307081730943, 0.4178915474149476, 0.241509098159708, 0.4936345838514809, 0.10593745982698814]], "inverted": true, "swapped": false, "error_lsq": 0.05771158622077796, "error_max": 0.2636146465186059, "target": "780.xyz", "model": "9.xyz", "model_rescale": 3.833441315466971, "target_rescale": 3.8741198173804903},
{"mapping": [3, 4, 7, 12, 2, 6, 10, 13, 1, 8, 14], "R": [[-0.22263340835993212, 0.8886671705582836, 0.40088031312846306], [0.6422246944844081, 0.4430573041041314, -0.6254979353078538], [-0.7334724311631956, 0.11819849936405324, -0.6693633598215828]], "T": [0.07959745556789534, -0.09512060200382448, 0.12414131071356654], "aligned_model": [[-0.5962127727884079, 0.039593594968141035, -0.46938404101368103, 0.44654504850857263, -0.2846910009606156, 0.3334793065051243, 0.2330482800658938, 0.22234756384324816, 0.7926816331616662, -0.3795135466974695, -0.010274487512875782], [0.04128652138068249, -0.05559015818969203, -0.4703471881563048, -0.5607363114240493, 0.5183550656889275, -0.4778033633757005, -0.09352100880000307, 0.6662803734837138, -0.10286087665183417, 0.03102496224724173, -0.07094315878497734], [-0.40405891806960753, -0.6713142915919375, 0.08244835882450036, 0.23171236856332672, 0.037010486565954626, -0.3761860600731995, 0.9317330573791309, 0.31276130575294464, -0.06836836885505726, 0.7412829043494296, 0.10529109339607692]], "inverted": true, "swapped": false, "error_lsq": 0.052997499798954274, "error_max": 0.24457418944767256, "target": "780.xyz", "model": "10.xyz", "model_rescale": 4.2482417240324, "target_rescale": 3.8741198173804903},
{"mapping": [1, 0, 8, 9, 6, 10, 7, 5, 4, 2, 11], "R": [[-0.3598889333724119, 0.9025945630502902, -0.23622660812898244], [-0.11929241073729738, 0.20659764106530917, 0.9711265290613442], [0.9253373851609757, 0.3776777322775408, 0.03332047666439614]], "T": [-0.08783512042488165, -0.059057721854932715, 0.11735096187561567], "aligned_model": [[-0.6982645344853721, -0.11172238357830312, -0.298322532252691, 0.5859927195935665, -0.0026590792127201, 0.22016760207370065, 0.06538253927293161, 0.4294312125011991, 0.6733351271807354, -0.5731784369877827, 0.03745734397433198], [-0.08878525401794483, -0.05628109458206777, -0.6348872638560018, -0.5018634832853804, 0.5674517760834508, -0.5039888387964155, -0.294321670031227, 0.33122371960403696, 0.2932661371494488, 0.3809138222251738, -0.067582993075069], [-0.23710461790761367, -0.6397891605151338, 0.08615453618799335, 0.2882017792543461, -0.02656925609043348, -0.23218156400024376, 0.7335745172032085, 0.4972221342425695, -0.1323034648195872, 0.46176959065775336, 0.12333744202870305]], "inverted": false, "swapped": false, "error_lsq": 0.06530666483088278, "error_max": 0.33279821682605004, "target": "780.xyz", "model": "11.xyz", "model_rescale": 3.6694154284099745, "target_rescale": 3.8741198173804903},
{"mapping": [9, 7, 8, 2, 6, 10, 1, 0, 12, 4, 13], "R": [[0.8532988666645256, -0.09816333824132667, 0.5120986264132678], [-0.016019299496159774, 0.9767201568226287, 0.21391848283875003], [-0.521176003085991, -0.19073986023298628, 0.8318616949503159]], "T": [-0.0016165644347078123, 0.028811167692251755, 0.04559213081339314], "aligned_model": [[-0.4825248218137617, 0.003974406856931623, -0.4342340767470623, 0.201405702994089, -0.2220449683218042, 0.20981423981610636, 0.3875364965030119, 0.2843403611473887, 0.6664815193778777, -0.3288861729072391, 0.04175689117405824], [-0.34905777825732565, 0.14026775835274793, -0.5800715566026913, -0.5412737729319066, 0.5458608718988306, -0.40352961233951756, -0.16984433902961243, 0.5409513540498845, -0.06574429198304374, 0.220973783985161, 0.086612440275478], [-0.474627605991821, -0.6890584581797004, 0.16684297578747215, 0.29074247813914567, -0.017063719618523543, -0.36902486382601823, 0.7705537704285144, 0.45385544125735544, -0.03486105879419202, 0.6809241558365242, 0.14402882120280475]], "inverted": true, "swapped": false, "error_lsq": 0.06234582819634484, "error_max": 0.4188714256579238, "target": "780.xyz", "model": "12.xyz", "model_rescale": 3.9764082729961374, "target_rescale": 3.8741198173804903},
{"mapping": [10, 12, 2, 0, 13, 9, 7, 6, 5, 3, 15], "R": [[-0.7394759890301578, -0.20839621433047203, 0.6401142706584487], [-0.5412792365584426, -0.3812786140885223, -0.7494287200991467], [0.40023999015413164, -0.9006651077350913, 0.1691458364546904]], "T": [-0.019347594079893136, 0.01614692882437542, 0.07768512681492848], "aligned_model": [[-0.6895827984207522, -0.036265156278658305, -0.2619201149458755, 0.3773405694647696, -0.09921049794701023, 0.3415443762393387, 0.02835656455710498, 0.36574790686562403, 0.8046009904088797, -0.49532968752202816, -0.007662574341796366], [-0.03953590999230931, 0.06887909972091741, -0.7309349353052318, -0.5599672826219831, 0.5514215131859995, -0.34520121373764273, -0.3900628226848888, 0.6592120699257568, 0.01899865585457418, 0.14855281479202137, 0.043782868280790824], [-0.362577398596612, -0.5580401669952649, 0.21656195827170163, 0.272207232950361, -0.20794327182445918, -0.23962171544300978, 0.7130996764992333, 0.22542640456428742, -0.07699035154738512, 0.7591197718082519, 0.18106979655445773]], "inverted": true, "swapped": false, "error_lsq": 0.05060115313294613, "error_max": 0.2553728028921938, "target": "780.xyz", "model": "13.xyz", "model_rescale": 4.170626492500431, "target_rescale": 3.8741198173804903},
{"mapping": [11, 9, 12, 8, 3, 10, 4, 2, 0, 6, 13], "R": [[0.712173111461754, -0.4894485923615775, -0.503239043344368], [-0.7006904588420351, -0.45177884929575657, -0.5522035423797467], [0.042922490592027795, 0.7458793111249784, -0.6646967075569917]], "T": [0.11961434469825408, -0.021330479301188563, 0.06334297002941539], "aligned_model": [[-0.5316115040955495, -0.0884400737792044, -0.17154562181952862, 0.48304032129462926, -0.1315828673475423, 0.07949205145928248, 0.23752649951611438, 0.3008646708379574, 0.6805710424314211, -0.5486370174487888, 0.017942077030805165], [-0.005375645889372147, -0.03765587922212535, -0.6658559496547829, -0.6490579846869629, 0.5917676878596536, -0.4690826349735241, -0.26662942543226653, 0.43712181209519474, 0.18161283706041825, 0.3291119939698166, -0.02081195370804523], [-0.21108368371386985, -0.7194426192179254, 0.251807590446656, 0.22282974478534043, -0.12766541333194042, -0.2775917944796499, 0.7183149399382138, 0.49912041669686424, 0.063331123699258, 0.43498723131486805, 0.06770440010374675]], "inverted": false, "swapped": false, "error_lsq": 0.05402407464289371, "error_max": 0.31767583805485705, "target": "780.xyz", "model": "14.xyz", "model_rescale": 3.9786697098870705, "target_rescale": 3.8741198173804903},
{"mapping": [1, 6, 0, 3, 7, 9, 2, 5, 8, 4, 11], "R": [[-0.8398394388549024, 0.19610002431292378, -0.5061763501077007], [0.08994251780445647, -0.8693102308026053, -0.48601447109413953], [-0.5353317293369392, -0.453700896060821, 0.7124432864998662]], "T": [-0.04372792600539316, 0.01987295615837284, 0.0340309998553276], "aligned_model": [[-0.6724205293495149, -0.16528656455182866, -0.271226833038934, 0.5510455461072559, 0.10447452805168206, 0.2772262100104111, 0.18733209722616712, 0.2858685097034144, 0.43855944505834893, -0.36266395059883977, -0.045288880538565376], [-0.05604706188419485, -0.025369179682378895, -0.6024325766912905, -0.6600813347111592, 0.5746021647353476, -0.3787414089061578, -0.24693673035800037, 0.5633534433043677, 0.08786188666953215, 0.18501731214695263, -0.01608165720501436], [-0.21021038249653592, -0.7473346874788553, 0.24565722025815076, 0.2044889462873834, -0.2933640873920533, -0.32024191554715437, 0.8272972055595027, 0.5245967318317363, 0.22112595719615957, 0.5299361157724688, -0.05963916774924071]], "inverted": true, "swapped": false, "error_lsq": 0.05770458291239062, "error_max": 0.34474027435817345, "target": "780.xyz", "model": "15.xyz", "model_rescale": 3.769337070930944, "target_rescale": 3.8741198173804903},
{"mapping": [1, 9, 0, 2, 7, 3, 4, 6, 8, 5, 10], "R": [[0.18974047729280508, 0.9054463285482861, 0.379691318566975], [0.713232311895279, -0.3928770402835838, 0.5804716190189899], [0.6747578977271882, 0.16066915490049996, -0.7203382553483781]], "T": [-0.009116865818289063, -0.012455920327094985, 0.06313650399768117], "aligned_model": [[-0.7543145369429696, 0.22779108338748727, -0.28200733532830846, 0.5274244512921722, -0.30903278455069677, 0.18725744528814514, 0.017499755891794047, 0.4524885887871162, 0.6774788244536539, -0.4385289603548156, 0.0215630461560178], [-0.06481482295833788, -0.04432997933243367, -0.5483686580145084, -0.500884658027239, 0.6155929135122307, -0.5310844429926121, -0.16997861914820223, 0.25156193230779333, 0.2050482749581824, 0.2775380212370931, -0.06513510412396166], [-0.22507769181164278, -0.7138051610441194, 0.2993534463554114, 0.20486385297279003, -0.10039210508090574, -0.3514778036810954, 0.8263603763590881, 0.5618567735557274, -0.143677409654012, 0.48923471854473316, 0.0750729397255875]], "inverted": false, "swapped": false, "error_lsq": 0.07138313801089528, "error_max": 0.4200924022354798, "target": "780.xyz", "model": "16.xyz", "model_rescale": 3.7852294659196426, "target_rescale": 3.8741198173804903},
{"mapping": [3, 4, 2, 7, 0, 5, 11, 9, 6, 8, 12], "R": [[0.34710500059804594, -0.9018117147065522, -0.2573980376340489], [-0.2403480119230345, -0.3508365447631029, 0.9050671533225214], [-0.9065047996146937, -0.25228822817705143, -0.3385257718384358]], "T": [-0.009882045089004796, -0.07294947905531848, 0.033299570551399385], "aligned_model": [[-0.779183590374229, 0.12183639059255379, -0.29489790680893657, 0.34849686198690066, -0.2857479070037342, 0.3373755356846674, 0.22207613138697802, 0.09146203361682122, 0.8560856473097836, -0.3337028615009966, 0.04381924318978782], [-0.09415575696863018, 0.13895791049210035, -0.5436634774245527, -0.6512516627643595, 0.4958785425915141, -0.35727525770808266, -0.17316930704543293, 0.6713933907799022, -0.2545131533581177, 0.20817765379470018, -0.015234024971036778], [-0.1672516632054289, -0.6296726740006604, 0.3002851719188934, 0.20229113382263375, -0.22376046865756788, -0.44709613587102365, 0.7218367626309867, 0.461020104718952, 0.1005886766323212, 0.5235174050762856, 0.08055362317616996]], "inverted": true, "swapped": false, "error_lsq": 0.06261504279783155, "error_max": 0.31435054825670333, "target": "780.xyz", "model": "17.xyz", "model_rescale": 3.901054581598922, "target_rescale": 3.8741198173804903},
{"mapping": [10, 4, 5, 2, 6, 8, 3, 7, 0, 12, 14], "R": [[0.12401581887403504, 0.17638936588918527, 0.9764767627907047], [-0.8875157106125438, 0.45982213266074634, 0.029655854923350267], [-0.4437746501152521, -0.8703162631575574, 0.21357355172996387]], "T": [-0.044910848697913744, -0.05381565736142399, 0.06980777950899526], "aligned_model": [[-0.713209504057172, -0.05659615834644606, -0.24488162339067077, 0.40500759152820437, -0.1495216173686355, 0.2244283195080194, 0.3133834916733157, 0.18876683387684967, 0.6811044337228968, -0.2389511653560002, -0.08191102371076478], [-0.04933077098874037, 0.0028544293698428216, -0.6451758244486133, -0.7037521396778622, 0.6654209039205587, -0.4683381717750673, -0.1143360684014044, 0.5102799242313506, 0.043915476577864876, 0.22595210093773174, -0.04234500232765682], [-0.4053874868479967, -0.7190052051192353, 0.050036865341701535, 0.31248878018012266, -0.11855649858940208, -0.37296275886748703, 0.7416472953297548, 0.3283961382787623, 0.2669243786320958, 0.730151221215435, 0.1085792066878108]], "inverted": true, "swapped": false, "error_lsq": 0.05371597774392987, "error_max": 0.25169209298315987, "target": "780.xyz", "model": "18.xyz", "model_rescale": 3.9405287249114394, "target_rescale": 3.8741198173804903},
{"mapping": [4, 7, 12, 14, 8, 13, 3, 2, 11, 1, 15], "R": [[-0.8541513400623715, -0.4244829948130706, -0.3003991933813762], [-0.29712015489161303, -0.0757254421816626, 0.9518325855756229], [-0.42678460823562825, 0.9022637333512404, -0.061441465251432514]], "T": [0.004097849963772354, -0.007367508429775627, 0.04252568961246416], "aligned_model": [[-0.6175824434014012, -0.1163740304565533, -0.250124448404623, 0.4533317588417052, -0.23132008484792163, 0.32467948642730815, 0.005372035498140679, 0.35238185237078656, 0.715134199355145, -0.33574081032860126, 0.027862063025611134], [-0.1930009658282078, 0.06116856160414577, -0.46170302129985374, -0.5907749258921, 0.6386440604395549, -0.4672764130808574, -0.3226617826382345, 0.5945618852514734, -0.020748338533202265, 0.17434012417460482, 0.012595673220680805], [-0.29469658271214705, -0.6477024480881362, 0.2130816246213825, 0.2824499327401227, -0.27294158981908007, -0.32766488179227926, 0.8337377294453715, 0.563778547353236, -0.07349786458990096, 0.5782601809450969, 0.06750728813789585]], "inverted": true, "swapped": false, "error_lsq": 0.05121376315753905, "error_max": 0.2536932434151091, "target": "780.xyz", "model": "19.xyz", "model_rescale": 4.410303926677745, "target_rescale": 3.8741198173804903},
{"mapping": [10, 11, 8, 7, 6, 12, 1, 0, 2, 5, 13], "R": [[-0.6089455415194852, -0.3720204919487544, 0.7005612614423865], [0.793044958674374, -0.3036646495588098, 0.528079041554847], [0.016279465123319126, 0.8771479545541517, 0.4799442101294343]], "T": [0.062362951842892894, 0.04383342518272984, 0.05174747802106587], "aligned_model": [[-0.7413236835562388, -0.10192967966444325, -0.3181519210256659, 0.42196695586504485, 0.08310317205246352, 0.26892884916446624, 0.2776798826560605, 0.35850821490299634, 0.7172669187242722, -0.642857276655422, 0.004428145616062362], [0.029840294567649667, 0.05635013367246697, -0.5824980632741317, -0.5284777338260133, 0.5207400278298177, -0.5522578231038283, -0.16290121637139146, 0.5598480925432443, 0.1021932297425869, -0.01070791331440929, -0.006984171047987528], [-0.11862269948557481, -0.760646876793551, 0.2840724217970577, 0.27534994340778296, -0.27785191335551085, -0.3638011846749842, 0.7402380723352375, 0.45072895473223223, 0.13114303916185277, 0.4975729984661227, 0.06412918065089705]], "inverted": true, "swapped": false, "error_lsq": 0.05676439170207266, "error_max": 0.3140791925783864, "target": "780.xyz", "model": "20.xyz", "model_rescale": 4.121658175737393, "target_rescale": 3.8741198173804903},
{"mapping": [9, 11, 6, 2, 7, 4, 1, 0, 3, 5, 12], "R": [[-0.7732320508168141, -0.10748757353668417, -0.6249468914434406], [-0.18743067770285599, 0.9802355905557428, 0.06330819902415635], [0.6057903405019529, 0.1660861479565047, -0.7780960447216642]], "T": [-0.11883145202327354, -0.1622101741242988, 0.08508090259585777], "aligned_model": [[-0.6885437768228767, 0.002620893344891531, -0.3346940908523342, 0.4603367986209335, -0.08097720101447183, 0.2802368216967472, 0.20129626091383823, 0.43078263717078175, 0.46318993033888983, -0.3228850944867538, -0.08374360083004954], [-0.11926042567501739, 0.07438722219281563, -0.7140023384861477, -0.6349605192950161, 0.4559943179964947, -0.371988329755933, -0.24552359709511612, 0.48549368952047434, 0.2151660377140747, 0.3441759604484286, -0.06433716014705332], [-0.35791578052966677, -0.7538708260521693, 0.35257518399030247, 0.21654528102520465, -0.20337762353817446, -0.2696996496569819, 0.6957788532686778, 0.6004135994798402, 0.046623027462993655, 0.49231391169092376, 0.10292595910061159]], "inverted": true, "swapped": false, "error_lsq": 0.05784543527285935, "error_max": 0.3224290153799313, "target": "780.xyz", "model": "21.xyz", "model_rescale": 4.08911054899281, "target_rescale": 3.8741198173804903},
{"mapping": [10, 9, 13, 3, 8, 14, 4, 1, 15, 0, 16], "R": [[-0.19549328556153597, -0.23408196539463866, 0.9523591805497225], [-0.9674227235590267, 0.20531287778606883, -0.1481212211563141], [-0.16085909747972182, -0.9502906164390901, -0.2665935015446239]], "T": [-0.017878979637376224, 0.02759536021304365, 0.023356626103974598], "aligned_model": [[-0.6557503224510437, -0.012180391951185005, -0.21367188048839802, 0.3354306937336036, -0.15704531000359517, 0.3423876372661578, 0.09948523939382388, 0.29664979400588676, 0.6925749190328125, -0.36375120287658314, -0.03650959758188342], [-0.05040489118864612, -0.13892983154508037, -0.5520806809556011, -0.7274486439139015, 0.7063380824665988, -0.43841950482305697, -0.26555604016283685, 0.6230794584748325, 0.12490492070846651, 0.13608707029526054, 0.007574918061968517], [-0.4646715698164029, -0.6693081544145827, 0.27309807901003047, 0.26699498480169404, -0.003158794698018892, -0.23132100592783672, 0.6451122713671402, 0.4434384282971289, -0.1081467015903845, 0.7079596878954617, 0.06231471131733238]], "inverted": false, "swapped": false, "error_lsq": 0.04745722203387779, "error_max": 0.29602644018686536, "target": "780.xyz", "model": "22.xyz", "model_rescale": 4.204369325754507, "target_rescale": 3.8741198173804903},
{"mapping": [4, 7, 12, 14, 8, 13, 3, 2, 11, 1, 15], "R": [[-0.8541513400623715, -0.4244829948130706, -0.3003991933813762], [-0.29712015489161303, -0.0757254421816626, 0.9518325855756229], [-0.42678460823562825, 0.9022637333512404, -0.061441465251432514]], "T": [0.004097849963772354, -0.007367508429775627, 0.04252568961246416], "aligned_model": [[-0.6175824434014012, -0.1163740304565533, -0.250124448404623, 0.4533317588417052, -0.23132008484792163, 0.32467948642730815, 0.005372035498140679, 0.35238185237078656, 0.715134199355145, -0.33574081032860126, 0.027862063025611134], [-0.1930009658282078, 0.06116856160414577, -0.46170302129985374, -0.5907749258921, 0.6386440604395549, -0.4672764130808574, -0.3226617826382345, 0.5945618852514734, -0.020748338533202265, 0.17434012417460482, 0.012595673220680805], [-0.29469658271214705, -0.6477024480881362, 0.2130816246213825, 0.2824499327401227, -0.27294158981908007, -0.32766488179227926, 0.8337377294453715, 0.563778547353236, -0.07349786458990096, 0.5782601809450969, 0.06750728813789585]], "inverted": true, "swapped": false, "error_lsq": 0.05121376315753905, "error_max": 0.2536932434151091, "target": "780.xyz", "model": "23.xyz", "model_rescale": 4.410303926677745, "target_rescale": 3.8741198173804903},
{"mapping": [15, 8, 11, 1, 5, 10, 7, 0, 3, 13, 16], "R": [[0.03237388089050097, -0.5817466063676864, -0.8127255488882876], [-0.9896592305916313, 0.09502910326190195, -0.1074433657236202], [0.1397373934953293, 0.8077997001193546, -0.572654437987005]], "T": [-0.11379724687545058, -0.025658032111314698, 0.0862766869673786], "aligned_model": [[-0.667049140943876, -0.05452268360352226, -0.21131143476403602, 0.5565570298974385, -0.162260771441461, 0.17827710390479418, 0.05693240016862529, 0.40029231012432087, 0.7626273859641485, -0.5382266393015862, 0.006304018074750409], [0.13264480881763915, -0.0994070341035963, -0.6337014933041242, -0.4636757603939339, 0.5711052929322564, -0.44401961777496995, -0.15450388608423646, 0.39263806560804654, 0.06142518087461383, 0.0864862209283831, -0.023846920082073765], [-0.33582133849385415, -0.7302735430298449, 0.2328905303514907, 0.39466112706247797, -0.10640661302904929, -0.31801294131030244, 0.7157058173835771, 0.44839008509385103, -0.09688270155006252, 0.6353395077666808, 0.08272200599659751]], "inverted": false, "swapped": false, "error_lsq": 0.04784551145077887, "error_max": 0.2618523349365942, "target": "780.xyz", "model": "24.xyz", "model_rescale": 4.28219845311461, "target_rescale": 3.8741198173804903},
{"mapping": [0, 6, 1, 5, 2, 8, 9, 12, 11, 7, 15], "R": [[0.4247725578946179, 0.08418159008023768, -0.9013776866282117], [-0.6287223777546093, -0.6889530483332026, -0.36062704959969183], [-0.6513650633632833, 0.7199007966962887, -0.2397214991313778]], "T": [-0.014599214926674618, 0.02752533388804089, 0.15080480011902142], "aligned_model": [[-0.6014520076872011, -0.018277655986012546, -0.2204818297149055, 0.4350901815975088, -0.31114543234617986, 0.2417511444168661, 0.22942782075697737, 0.48734860870517405, 0.5273047777453567, -0.3704943573859117, -0.07145167202207557], [-0.08010235623122224, -3.818370686439754e-05, -0.5687321813914156, -0.690349653809655, 0.513981695856229, -0.44568457229820735, -0.10770527496666728, 0.5338696940348625, 0.05779591408630429, 0.19120372522852608, 0.020906050616113947], [-0.405589171797074, -0.7499858839636849, 0.04141228096254118, 0.2386434567907308, -0.22893270556454703, -0.2877187851993324, 0.7664647485995963, 0.42663748768846205, 0.19440326281171488, 0.8231841852375239, 0.10379306067563121]], "inverted": true, "swapped": false, "error_lsq": 0.04877300887438989, "error_max": 0.2535916399762597, "target": "780.xyz", "model": "25.xyz", "model_rescale": 4.100010024507729, "target_rescale": 3.8741198173804903},
{"mapping": [1, 0, 8, 9, 6, 10, 7, 5, 4, 2, 11], "R": [[-0.3598889333724119, 0.9025945630502902, -0.23622660812898244], [-0.11929241073729738, 0.20659764106530917, 0.9711265290613442], [0.9253373851609757, 0.3776777322775408, 0.03332047666439614]], "T": [-0.08783512042488165, -0.059057721854932715, 0.11735096187561567], "aligned_model": [[-0.6982645344853721, -0.11172238357830312, -0.298322532252691, 0.5859927195935665, -0.0026590792127201, 0.22016760207370065, 0.06538253927293161, 0.4294312125011991, 0.6733351271807354, -0.5731784369877827, 0.03745734397433198], [-0.08878525401794483, -0.05628109458206777, -0.6348872638560018, -0.5018634832853804, 0.5674517760834508, -0.5039888387964155, -0.294321670031227, 0.33122371960403696, 0.2932661371494488, 0.3809138222251738, -0.067582993075069], [-0.23710461790761367, -0.6397891605151338, 0.08615453618799335, 0.2882017792543461, -0.02656925609043348, -0.23218156400024376, 0.7335745172032085, 0.4972221342425695, -0.1323034648195872, 0.46176959065775336, 0.12333744202870305]], "inverted": false, "swapped": false, "error_lsq": 0.06530666483088278, "error_max": 0.33279821682605004, "target": "780.xyz", "model": "26.xyz", "model_rescale": 3.6694154284099745, "target_rescale": 3.8741198173804903},
{"mapping": [12, 9, 2, 4, 7, 10, 0, 5, 8, 1, 13], "R": [[-0.545319261821063, 0.8379598342282893, 0.021218362496404353], [0.5735441026862865, 0.3914663087565569, -0.7195841100123728], [-0.6112888555836049, -0.3802334090116412, -0.6940810397285555]], "T": [-0.018239980131321137, -0.03475574226447594, 0.00832615683107743], "aligned_model": [[-0.6996246214689732, -0.012891690978863715, -0.30637058648881654, 0.5616578721616962, 0.02490960024543863, 0.29343591723956874, 0.02660444622075922, 0.29015167160086563, 0.5873308713377209, -0.3963339406971508, -0.041249961092648946], [-0.21189989082941368, 0.07785887917859632, -0.6114064465256973, -0.536112626168404, 0.5873303495196962, -0.45796995059978374, -0.21048425120256614, 0.41297420117764533, 0.07246112580228198, 0.3856095693722437, -0.08321610230659432], [-0.3578264541603121, -0.6640969825021313, 0.2241602717396856, 0.30478918312106085, -0.07697057722391223, -0.2843145593275014, 0.6439689902719098, 0.5831400281045173, -0.165298955071159, 0.6865478134094835, 0.028213177879920764]], "inverted": false, "swapped": false, "error_lsq": 0.058345306457943245, "error_max": 0.25138437322074947, "target": "780.xyz", "model": "27.xyz", "model_rescale": 4.103607728864725, "target_rescale": 3.8741198173804903},
{"mapping": [11, 6, 13, 3, 7, 10, 2, 1, 0, 4, 14], "R": [[-0.7526279487100898, 0.002877259759066376, -0.6584397407483249], [0.06134236899243756, 0.9959478200797109, -0.0657651385223753], [0.6555824010655242, -0.08988693483899889, -0.7497546627787062]], "T": [0.016894425714079755, -0.15835357902715572, -0.05957541628522961], "aligned_model": [[-0.5712786126825532, -0.022233851154669557, -0.5305608359652066, 0.5901024664235768, -0.18373225471001622, 0.13027750617223316, 0.19740957814589802, 0.32368442573099293, 0.6474214448857967, -0.35017831728499, 0.09670802851853438], [-0.12060356441709258, 0.03059944125162803, -0.3547587437003699, -0.5047818670509636, 0.5250368866098204, -0.54946177171138, -0.20387527169115283, 0.5272319947450019, 0.0895888519193298, 0.0618761110831578, -0.07570720961997474], [-0.41268821237098513, -0.6629268867638201, 0.22606470817744573, 0.27946858659593327, -0.1727463142310706, -0.36609447766127484, 0.652227057348856, 0.4290073801781665, 0.16548450909559692, 0.7394025384016136, 0.04511304747110112]], "inverted": false, "swapped": false, "error_lsq": 0.050534710370500495, "error_max": 0.28375802019618757, "target": "780.xyz", "model": "28.xyz", "model_rescale": 4.137296879288765, "target_rescale": 3.8741198173804903},
{"mapping": [1, 2, 0, 6, 3, 5, 9, 8, 4, 7, 10], "R": [[0.10924811658923901, 0.9792507488625538, -0.17068339073803268], [-0.9927859268186215, 0.0989578225283722, -0.06770120287952207], [-0.04940599692947261, 0.17684829717181644, 0.9829973180303363]], "T": [0.031768178825258994, -0.03274392683524767, 0.10349938270715875], "aligned_model": [[-0.6309207419753479, -0.11554472133988204, -0.32223109221358076, 0.5012078110919554, 0.208857566127357, 0.05024909876730603, 0.18105721321366092, 0.11918759691616647, 0.7907209342402569, -0.5618445409927598, 0.10688045424446387], [-0.22962383871339098, 0.135013923440864, -0.5997683462769955, -0.5757429300364231, 0.583736243198857, -0.4649640503802783, -0.18953377617678985, 0.5493893716187479, 0.009097620290580553, 0.24707719969833997, -0.039536559245507544], [-0.19489743436169704, -0.646350795116267, 0.3125165260899476, 0.13393516981419323, -0.12986786825641827, -0.412293567838403, 0.8544480784272533, 0.5180262770668683, -0.04438558191169012, 0.3921796568853556, 0.13900147544241917]], "inverted": false, "swapped": false, "error_lsq": 0.06905589815182395, "error_max": 0.37195997334274733, "target": "780.xyz", "model": "29.xyz", "model_rescale": 3.607286011436655, "target_rescale": 3.8741198173804903},
{"mapping": [13, 2, 11, 9, 7, 1, 8, 4, 3, 10, 14], "R": [[0.465758585627269, 0.5839705478439279, 0.6648664070062109], [-0.018991856022517184, -0.7445666906926536, 0.6672778675453055], [0.8847080022918894, -0.323417442884352, -0.3356976441961442]], "T": [-0.02591690239090399, 0.03628231528956695, 0.08964936899510126], "aligned_model": [[-0.5901106949523824, 0.056094993583352105, -0.35301321862966467, 0.38332268980831546, -0.25125459730530586, 0.07117986715124494, 0.2772614456866793, 0.31700923107133844, 0.7590866169642911, -0.3606886467531453, 0.018731891454873452], [-0.11749274920987367, 0.0803007198727435, -0.41625816913055, -0.6111874493305974, 0.6236159669977933, -0.5347306496304068, -0.09695317696205889, 0.506702319338955, 0.10118325216514924, 0.011453865257243637, -0.12148907195039362], [-0.35072900958962394, -0.7112725824258309, 0.2706084053016508, 0.256572009721624, -0.3615169743409177, -0.36030892917615676, 0.6858709437023558, 0.4870863784457369, 0.1671656850737356, 0.7272905892339104, 0.11154542029507744]], "inverted": true, "swapped": false, "error_lsq": 0.05656983794308206, "error_max": 0.3071537769809904, "target": "780.xyz", "model": "30.xyz", "model_rescale": 3.964800864290218, "target_rescale": 3.8741198173804903},
