[{"mapping": [9, 10, 6, 3, 4, 11, 2, 8, 1, 0, 7, 12], "R": [[-0.39678044310885574, 0.6388677769384996, -0.6591003288999331], [-0.3661130322788667, -0.7686019397729502, -0.5246068106428202], [-0.841740178179653, 0.03315149720477106, 0.5388640372776499]], "T": [-0.06200658031453527, -0.0072065516693271825, 0.08365045826968319], "aligned_model": [[-0.44022118137173194, 0.2416523260767383, 0.4321372328363896, -0.14303573799191238, 0.10657863176506055, -0.6233812358431627, 0.43803575877593065, -0.24964262205472365, 0.5742934554668184, 0.09563503955339911, -0.6035805535154688, 0.009171348763211622], [-0.21305423220619493, -0.6682087297368555, -0.2733217179223617, 0.5729469284245454, 0.3109602498809738, -0.680484049651722, -0.22473532034829044, -0.48038913436084796, 0.24817061656482867, 0.2536868758376457, 0.2593528022284688, -0.05136925273313277], [-0.3640081644970915, -0.009265355760075825, -0.6781883439322541, -0.14769503981597493, -0.6569117506598269, -0.0019347660107356807, 0.49408765712243935, 0.570370347916425, -0.038232165168533574, 0.6113409978002772, 0.3676411108246014, 0.03474721753431208]], "inverted": false, "swapped": true, "error_lsq": 0.04308852756497136, "error_max": 0.24558173022828914, "target": "782.xyz", "model": "0.xyz", "model_rescale": 3.751011558992144, "target_rescale": 3.915359880727808},
{"mapping": [11, 3, 9, 7, 0, 1, 2, 6, 10, 8, 5, 4, 14], "R": [[0.6987818495535556, 0.4255083624139768, 0.5750187477380955], [0.6904604286464497, -0.6113442574315602, -0.38668151672767503], [0.18699819038662585, 0.6672337164901291, -0.720992957226974]], "T": [0.06692097420380401, 0.0668791811906232, -0.045164794810340164], "aligned_model": [[-0.6622681423773956, -0.02392860709860266, -0.3715063284072884, -0.1381270009404958, 0.44224222924787493, 0.4310705663812656, 0.5218106877612733, -0.19676531937871183, -0.15324689143941544, 0.6775117807768737, 0.17428619841625886, 0.4752364414930545, 0.013868517281391012], [-0.13052665638910324, 0.07454883296177314, 0.5355627167070951, -0.5002633659310858, -0.2836577040603164, -0.5267786064927861, 0.5101594242255064, -0.5694236213728789, 0.26201348872185415, 0.27114959140635636, 0.6793979393677838, -0.09261134348159539, 0.07683334803847408], [0.2118277274070424, -0.8035139357287311, 0.1041900350253078, -0.3208125463534408, -0.6035216395702108, -0.0196490138960784, -0.5746136371196294, 0.2536897304970217, 0.7202778621478914, 0.11567897590713885, 0.012968900294465166, 0.6131779894760445, -0.05466025794955289]], "inverted": true, "swapped": false, "error_lsq": 0.05338551688177473, "error_max": 0.3769946275880427, "target": "782.xyz", "model": "1.xyz", "model_rescale": 3.9405287249114394, "target_rescale": 3.915359880727808},
{"mapping": [6, 3, 7, 11, 9, 5, 8, 0, 1, 2, 4, 1, 12], "R": [[0.4846085682589615, 0.37214382047585637, 0.7916208135538335], [-0.8684999147961808, 0.31253022224717253, 0.3847502542964195], [-0.10422299923254022, -0.873975878994247, 0.4746616999160638]], "T": [0.05650929333876353, 0.03475837674969535, -0.10466884382580073], "aligned_model": [[-0.43637438430290504, -0.2525285831989752, -0.5668850131642514, -0.09270165893362536, 0.5055159856522741, 0.4083280626432998, 0.5162165441347966, -0.13006085327087935, 0.13598278999305713, 0.5953719297995769, 0.23740724526538629, 0.13598278999305713, 0.13392927710527053], [-0.18515474930464149, 0.38625017092621944, 0.4879300643032987, -0.554951480231096, -0.1835791921004108, -0.5988169216069926, 0.40051866824246635, -0.5572805833746021, 0.2637482752326629, -0.1685942993449241, 0.7082570179596384, 0.2637482752326629, 0.044328797766795935], [-0.04095392647627567, -0.4329199490189205, 0.08221297277384947, -0.47560369705321565, -0.7379956183872154, -0.05098294945843457, -0.6102164902869811, 0.4589014165365393, 0.6493032525282791, 0.2592602367287339, -0.03138014647126951, 0.6493032525282791, -0.0638881638061003]], "inverted": true, "swapped": false, "error_lsq": 0.05533036018328981, "error_max": 0.42029312518952006, "target": "782.xyz", "model": "2.xyz", "model_rescale": 3.932901565614263, "target_rescale": 3.915359880727808},
{"mapping": [12, 6, 5, 10, 1, 11, 0, 11, 9, 3, 7, 8, 13], "R": [[-0.32624414892388576, 0.7706667269779484, -0.5473915885561504], [-0.8341319988807396, -0.5071438360103863, -0.2168615642291011], [-0.44473426193194465, 0.3858470234766195, 0.8082904866061964]], "T": [0.17189779224296903, 0.14177928216808078, -0.10615464451033751], "aligned_model": [[-0.5635614036382957, -0.36265907980781403, -0.4371371639887673, -0.21329540458522156, 0.4240018331017804, 0.2962154585180764, 0.6406486469238356, 0.2962154585180764, -0.2328932709571626, 0.6619872039755337, 0.21602728711590785, 0.40723231616892647, 0.05740225037120619], [-0.03957574805554459, 0.15034969360033007, 0.5205399284231282, -0.43530306687786213, -0.22045009406524857, -0.6712426852927619, 0.41418828876935665, -0.6712426852927619, 0.29020647431758045, 0.09572358082488541, 0.7449328220449687, 0.0031210690323765222, 0.12515646627262977], [-0.009511308652108474, -0.5314401477583593, -0.05699693310172174, -0.2843332174031742, -0.7011353605746696, 0.2420537652752967, -0.49987573678438635, 0.2420537652752967, 0.48874576999007935, 0.02940611294783735, 0.2733199163806148, 0.5751516649500003, -0.11239810040743657]], "inverted": false, "swapped": false, "error_lsq": 0.057913370244297054, "error_max": 0.4560128736944465, "target": "782.xyz", "model": "3.xyz", "model_rescale": 3.9243930471874484, "target_rescale": 3.915359880727808},
{"mapping": [10, 3, 6, 4, 2, 7, 0, 8, 11, 1, 5, 9, 12], "R": [[-0.3018240401206699, 0.1602913264120042, -0.9397919660660636], [-0.685667100444059, -0.7214008974797521, 0.09716672518946823], [-0.6623917845005882, 0.6737116859551192, 0.3276426224312669]], "T": [0.021057793611393927, -0.0011425490303625802, 0.0633583058747005], "aligned_model": [[-0.6498593827766715, -0.24636699329424389, -0.3392854335411716, -0.06226128670443108, 0.38114444464871067, 0.5433188730384209, 0.5052408326179907, -0.016255493249574704, -0.292420215678996, 0.7306551482162076, 0.3362728844035252, 0.20955209497653443, 0.0904486590597811], [-0.1906249484909946, 0.14115377330486872, 0.6087249789630765, -0.46731169912167003, -0.21546763346261077, -0.5497857195864214, 0.36423258158271743, -0.5573493828889413, 0.40428319170864446, 0.0692585749943023, 0.683554015552443, -0.07451105550468369, 0.09024736665034677], [0.16868770462462013, -0.5376318024989868, -0.0771083153602294, -0.29456839583746536, -0.7586008489751118, -0.1996108847733462, -0.5327877769174314, 0.3558955607823005, 0.6662642585945917, 0.10429210677809998, -0.010487213693489067, 0.7392091417752489, 0.03148665563846716]], "inverted": false, "swapped": false, "error_lsq": 0.05541842916809263, "error_max": 0.4087018039964423, "target": "782.xyz", "model": "4.xyz", "model_rescale": 3.8936222436046832, "target_rescale": 3.915359880727808},
{"mapping": [11, 9, 7, 8, 3, 4, 6, 1, 2, 10, 0, 12], "R": [[0.5554122032441261, -0.724887148508855, -0.40749957842212176], [0.8290538996028418, 0.44455654550321216, 0.33917415792417255], [-0.06470638330819181, -0.5262205809135099, 0.8478826476477872]], "T": [-0.09312211925473932, 0.05265196953876518, -0.10650273662494142], "aligned_model": [[-0.004758189480043501, -0.45155174040636903, -0.26716160303714276, 0.4437194640626225, -0.6205433582002976, -0.7303986435106611, -0.27882605550091055, -0.06074306808944854, 0.5296859171079323, 0.3419645132171689, 0.19946175282963977, -0.07330094677739389], [-0.6950996822788215, -0.44231981181222385, 0.26875512684677466, -0.14369921712567796, 0.39269665733684234, -0.010720494341991807, -0.41490731010136717, 0.372721884722674, 0.21320849428485772, -0.45641080782643484, 0.57375632161142, 0.010941743793755877], [-0.563479986488971, -0.2176285073535898, -0.7131464803690668, -0.517905966579512, -0.053014687932933846, 0.4111323038130105, 0.6949310525371937, 0.5111196835693319, 0.12186440744722488, 0.19236290255604072, -0.2257440817534747, -0.021205920169735035]], "inverted": true, "swapped": true, "error_lsq": 0.037520825403519635, "error_max": 0.20548238700502378, "target": "782.xyz", "model": "5.xyz", "model_rescale": 3.6523030999806103, "target_rescale": 3.915359880727808},
{"mapping": [5, 9, 8, 7, 11, 3, 10, 3, 1, 4, 6, 2, 12], "R": [[0.6809114430895218, 0.731581427734939, -0.03388541372114945], [-0.7297820781003895, 0.673899589680502, -0.11522786777480698], [-0.06146320161870937, 0.1031889413733843, 0.9927609567388409]], "T": [0.034667947970738654, 0.09533652163676298, -0.018332011812506384], "aligned_model": [[-0.6101167219382775, -0.07501084307355477, -0.4830680513132047, -0.14469004847022943, 0.4367412581384744, 0.17444341172982927, 0.5520085522129571, 0.17444341172982927, -0.07166671267716912, 0.5897277497628642, 0.08281588583857281, 0.5768840333230133, -0.012327793547022563], [-0.09174040358627811, 0.2760992060538132, 0.5084449237995678, -0.48380995431918106, -0.36185193432171436, -0.540248568237871, 0.5677554021390261, -0.540248568237871, 0.1275303261073234, -0.049274122009348026, 0.7173434792389921, 0.17388709689154105, 0.002517160183077488], [0.09637842139283936, -0.7096772872704691, -0.14078194351702694, -0.3333528495322938, -0.6538513050916657, 0.22484511747387276, -0.36162800977094195, 0.22484511747387276, 0.6672563230445332, -0.02964484106346578, 0.16446181424735679, 0.5070660830846072, -0.000876450333950677]], "inverted": false, "swapped": false, "error_lsq": 0.056220973471092235, "error_max": 0.34734789114423426, "target": "782.xyz", "model": "6.xyz", "model_rescale": 4.08911054899281, "target_rescale": 3.915359880727808},
{"mapping": [12, 11, 10, 13, 1, 2, 9, 7, 5, 6, 8, 4, 14], "R": [[-0.1669431349265682, -0.7018712829355604, -0.6924642170475526], [-0.9585846575240597, -0.048826897248609835, 0.2805911411013444], [-0.2307497433592734, 0.7106283390742759, -0.6646517280833364]], "T": [0.15023501318807303, 0.04061843881926059, -0.012948306789827634], "aligned_model": [[-0.5535596101197537, -0.18745146823257375, -0.3643461365759905, -0.2375469604499874, 0.4189344600034148, 0.47487599545797043, 0.5274042246891124, 0.039855314340184245, -0.23454665616875925, 0.5290465925516923, 0.26026350016987165, 0.3214689013413352, 0.19578597470956588], [-0.07069012658045756, 0.22334902528821565, 0.5408199548019093, -0.4929258509486029, -0.21018241298805795, -0.6884004693040359, 0.4698562237903534, -0.5843798535164536, 0.07623543823493875, -0.17586500916649936, 0.7126598611764682, 0.3939969518958219, 0.111930311017478], [-0.029843557094213123, -0.4569172651547244, 0.05247020907638198, -0.3305174396240813, -0.6476494954363023, -0.12818375064633805, -0.5496564376734433, 0.43031506999325503, 0.6436914162416998, 0.2294968840094797, 0.02450876161629907, 0.5724165979883538, -0.1550908031590982]], "inverted": false, "swapped": false, "error_lsq": 0.049410671292379076, "error_max": 0.34046267283644427, "target": "782.xyz", "model": "7.xyz", "model_rescale": 3.964800864290218, "target_rescale": 3.915359880727808},
{"mapping": [0, 6, 3, 2, 4, 7, 11, 1, 5, 9, 10, 8, 13], "R": [[0.5817257800371582, 0.2245504182539992, 0.7817750485287402], [-0.8130057598704843, 0.1311759070109395, 0.5672869783780288], [0.024834477195554983, -0.9655930773787744, 0.2588691902498481]], "T": [0.08179939432440356, -0.01729801818221667, -0.07015513081533019], "aligned_model": [[-0.5987133784203281, -0.1131509251422646, -0.5330390358883782, -0.08339459110087921, 0.22075949853101368, 0.3734951477361337, 0.5622907385467748, -0.17569518483587995, -0.05604517895638511, 0.697948833330249, 0.2805010868226685, 0.49330389236489436, 0.12192322872846312], [-0.21773853460772513, 0.27211828096119695, 0.3666130975291906, -0.5770694971052125, -0.14178903172338836, -0.6246882650286045, 0.43004379767442485, -0.5361135463530536, 0.389914479059567, 0.2429287994015354, 0.7191152091626574, -0.024314820661721318, 0.0073840753922110695], [-0.16958016804990278, -0.5335538812544232, -0.046731730782202316, -0.38316561996507975, -0.7485985492373989, 0.15972275076347697, -0.576264498844753, 0.4069684177591233, 0.6469554455085228, 0.09262877198721627, 0.23537262405656945, 0.5792079371079143, -0.007921308911794565]], "inverted": false, "swapped": false, "error_lsq": 0.05215549479858038, "error_max": 0.3551251672730035, "target": "782.xyz", "model": "8.xyz", "model_rescale": 4.121658175737393, "target_rescale": 3.915359880727808},
{"mapping": [4, 0, 1, 5, 10, 7, 3, 9, 6, 11, 2, 8, 12], "R": [[-0.7108913714514695, -0.6310047303661477, -0.31059054758861293], [-0.29455405839525683, -0.13389354634239636, 0.9462084468713756], [-0.6386480757653098, 0.764137126766788, -0.09068123740810646]], "T": [0.14417245736607023, -0.004552646743232795, -0.009111874046811966], "aligned_model": [[-0.7327080515640176, -0.30457781000029194, -0.375606464015792, -0.04965910904310469, 0.4236380752820058, 0.45394245280163026, 0.593336915696962, -0.2927729504021621, -0.10003434081074741, 0.7733520680868461, 0.20455764536830598, 0.522116006284672, 0.0745996940317756], [-0.12028656504060525, 0.2681459844961407, 0.4445253646753538, -0.4502199384776467, -0.15731450798307262, -0.5477334508204684, 0.466694193874688, -0.5589768399067672, 0.06623825591689633, -0.0706397404597871, 0.6868588181165903, 0.23049714119012688, 0.048615328119628785], [-0.085362453931638, -0.5948446605468243, 0.04648064578244729, -0.3905930599751028, -0.6983459509385233, 0.24428124804427043, -0.45505099102352087, 0.43234292737703084, 0.6355071901444082, -0.06200410458076043, 0.016388443386789023, 0.5674846996081091, -0.0012437432094164862]], "inverted": true, "swapped": false, "error_lsq": 0.04378908908727423, "error_max": 0.2651002915413217, "target": "782.xyz", "model": "9.xyz", "model_rescale": 3.833441315466971, "target_rescale": 3.915359880727808},
{"mapping": [9, 7, 3, 11, 12, 10, 6, 8, 2, 0, 4, 13, 14], "R": [[-0.2130225644945723, 0.9149336274535147, 0.3428087577220122], [0.8246209609438435, -0.019826556532390127, 0.565338109831736], [0.5240435647808377, 0.4031170611755615, -0.7502499431529274]], "T": [0.21885072186646834, 0.059198366817495955, -0.08287637060720923], "aligned_model": [[-0.5218653179745057, -0.3507588876415989, -0.46661954984879106, -0.0307360464082104, 0.563587707340498, 0.4002755969849737, 0.4340146218678953, -0.2109233714330904, -0.11451457073630048, 0.7955111032776075, 0.15328753137362783, 0.40910940443839383, 0.12981591047558327], [-0.036620699939207225, 0.023598593755944412, 0.5854138835805397, -0.42865126922143654, -0.1153396964706995, -0.73259249132742, 0.4947938540009878, -0.5396373171190506, 0.23837889092678272, -0.11548590948030216, 0.8487888527993425, 0.004223090633643227, 0.07953426156195312], [0.2334598133820612, -0.4266663147531212, 0.004011984539170635, -0.48913522744906757, -0.5451673316054287, 0.0432441874562659, -0.5574189247859338, 0.1705983120526783, 0.5281982372725703, 0.23456838022156165, -0.17321414005935673, 0.6894356739247657, -0.056874460058897416]], "inverted": true, "swapped": false, "error_lsq": 0.05250207845179369, "error_max": 0.3120567616667484, "target": "782.xyz", "model": "10.xyz", "model_rescale": 4.2482417240324, "target_rescale": 3.915359880727808},
{"mapping": [2, 1, 6, 4, 8, 11, 10, 9, 3, 7, 0, 12], "R": [[-0.8630670496807389, 0.3698200477250878, 0.3440180228650803], [-0.31274830212689675, 0.14354294266467565, -0.9389270062831877], [-0.3966153896057595, -0.917948013730505, -0.008226592009583866]], "T": [-0.04583866208327225, 0.07666958966172664, -0.13852492048308004], "aligned_model": [[-0.6334864839578933, -0.11918010737349635, 0.44468342673050354, 0.6265140507503258, -0.4999627716374333, 0.13069790181384563, -0.16516942079266944, 0.47035380361300294, 0.28276284732194634, -0.0780128883503863, -0.5501671001622787, -0.0322676555924601], [-0.13497198708240693, -0.6102721734241746, -0.3848482509576824, -0.39829697075589043, 0.5841396859438818, 0.8592982483496249, 0.12946085222829196, 0.38808034694626736, -0.1989330246870849, 0.46385371067162395, -0.05894165118336382, 0.02756260400155309], [0.13660719455879947, -0.05087417024096788, 0.5261427509900156, -0.11773865902062479, 0.041059840009843945, 0.22492541722790418, 0.5830977038573996, 0.011096178224879488, -0.5997502139397054, -0.6807981209452915, -0.4525885832049181, -0.055987047662978115]], "inverted": true, "swapped": true, "error_lsq": 0.051906849193397296, "error_max": 0.27340475544585174, "target": "782.xyz", "model": "11.xyz", "model_rescale": 3.6694154284099745, "target_rescale": 3.915359880727808},
{"mapping": [2, 8, 3, 10, 9, 7, 11, 12, 1, 6, 4, 0, 13], "R": [[-0.11420699356816423, 0.9409024558296625, -0.3188406047444894], [-0.9189781197235699, 0.021866639572563316, 0.39370174693940035], [0.37740691314475594, 0.3379710323200999, 0.8621714465366114]], "T": [0.18810841865918243, -0.06229469200934688, 0.01849665483607495], "aligned_model": [[-0.46407048444601656, -0.22498735649953988, -0.3452509322040879, -0.09546860498746285, 0.23611086216685837, 0.5641350993389093, 0.510632715254669, -0.09742346337028535, -0.3979152376784944, 0.7309216181368989, 0.2227917436724779, 0.3665475087870034, 0.1841606635451515], [-0.052901371769173464, 0.21468434887399934, 0.6111287975641077, -0.5705680323369009, -0.24393106129497588, -0.6415539287818579, 0.3521518685529142, -0.5288497775667133, 0.2678963028967032, 0.07852158414004702, 0.6618919712943964, 0.15966068179719434, -0.001727339668663501], [-0.011302963813870259, -0.5517947993945191, -0.03875286167492313, -0.23600495710464095, -0.7621378701883541, -0.2557805598578528, -0.500387508971969, 0.421691888875067, 0.5323289963611442, 0.09184132265761674, 0.1669196766666023, 0.673960740487007, 0.1244590860959609]], "inverted": true, "swapped": false, "error_lsq": 0.05450684355306042, "error_max": 0.32786829862609684, "target": "782.xyz", "model": "12.xyz", "model_rescale": 3.9764082729961374, "target_rescale": 3.915359880727808},
{"mapping": [8, 3, 11, 7, 4, 0, 6, 2, 10, 9, 13, 12, 15], "R": [[0.8849895384665372, -0.11037215493065157, -0.45234003163632275], [0.4575229585751406, 0.025851514348054144, 0.888821940313448], [-0.08640751808399258, -0.9935540682931535, 0.07337611461973098]], "T": [0.20225048907323057, 0.07130834795253961, -0.00776887581622834], "aligned_model": [[-0.48046548220990987, -0.4801216145736023, -0.4241537008969773, -0.03322032490994539, 0.49126963512580485, 0.4378069201052282, 0.5641869742249602, -0.14669896894724832, -0.2544492389382694, 0.6188885361451291, 0.28883925305097996, 0.4315700461269755, 0.17673209741295687], [-0.05312180346525046, 0.08944237986864313, 0.5576235297895941, -0.5117071256542796, -0.2084107748181483, -0.6104815741191414, 0.5326896593835396, -0.6071470868436963, 0.30739689612327714, -0.245301323014889, 0.6722777349776983, 0.3210095617983068, 0.06213396967542344], [0.12665164576292853, -0.5001944197969126, 0.03297463227979466, -0.42691103811931486, -0.6028225434384565, -0.09013150971789582, -0.49745047836777784, 0.22502290378258755, 0.6101586723762117, 0.28832263115354784, 0.06851171148034135, 0.5328561138992791, -0.11194813115706458]], "inverted": false, "swapped": false, "error_lsq": 0.04526262616266911, "error_max": 0.28948556686618204, "target": "782.xyz", "model": "13.xyz", "model_rescale": 4.170626492500431, "target_rescale": 3.915359880727808},
{"mapping": [6, 3, 2, 11, 9, 11, 1, 5, 4, 10, 0, 8, 13], "R": [[0.6783863932530483, -0.4030846895777522, 0.6142594195265776], [0.40771500028837443, -0.48897417939545634, -0.7711502644909041], [0.6111958605790551, 0.7735806259935338, -0.1673697556265201]], "T": [0.1357659860437291, 0.14508851453766283, 0.03968854990042285], "aligned_model": [[-0.5866402182490423, -0.21539143823587212, -0.383129904172525, 0.07044018380701791, 0.6010020565006747, 0.07044018380701791, 0.46130762416446214, -0.22278012498244323, -0.11058906880585259, 0.635818443035162, 0.2157089632573438, 0.5592751671572475, 0.09472226443289089], [-0.2802215183744321, 0.1043265430481956, 0.5490240409392173, -0.49220339276879976, -0.18119652189360005, -0.49220339276879976, 0.4995384862520268, -0.6281573026105334, 0.2730466543940744, -0.10977766633984345, 0.7331869157184883, 0.27835541393992064, 0.052685784165162675], [-0.029085856194510096, -0.552342301899964, 0.06238905350110589, -0.2590608694713424, -0.5377193754094989, -0.2590608694713424, -0.5596463558882377, 0.35710849396042227, 0.6923745632234964, 0.09729996436469984, -0.020376393707833243, 0.6350339957057882, 0.02812614142448426]], "inverted": false, "swapped": false, "error_lsq": 0.05198545701524056, "error_max": 0.4946661299723672, "target": "782.xyz", "model": "14.xyz", "model_rescale": 3.9786697098870705, "target_rescale": 3.915359880727808},
{"mapping": [3, 1, 7, 5, 0, 8, 6, 10, 9, 4, 2, 12], "R": [[-0.4202233805244398, 0.5201048814076236, -0.7435746249009402], [0.5666623153865964, -0.48960641651902587, -0.6627061016952387], [-0.7087355859425387, -0.699840316957633, -0.08897977286623315]], "T": [0.08740538221819077, 0.0821720556659931, -0.0678543626244733], "aligned_model": [[0.07702860325075939, -0.582405294429476, 0.5930878356697207, 0.6475057838110252, -0.09044900548345808, 0.35568804830472106, -0.385631489099823, -0.1204037580991407, 0.47787201011884295, -0.1472291740556924, -0.3636256568092348, 0.021916693589092207], [-0.4223726214594145, -0.08920498004081208, 0.1313602387215423, -0.47485431811157336, 0.41202218043907407, 0.7215222716211607, -0.3783534711850742, 0.37520032107287427, -0.23030041316324168, -0.6948798483865913, 0.5939581988743619, 0.07057693184213304], [-0.44467197843631034, -0.15112606590940575, -0.5001421455383084, -0.26065621383744486, -0.5484168229805297, 0.055681074137065883, 0.610043939348552, 0.5714544486794064, 0.30054021292240524, 0.07078342459689564, -0.04627321942279842, 0.0027498403143023237]], "inverted": true, "swapped": true, "error_lsq": 0.05587969053245572, "error_max": 0.3275779760553828, "target": "782.xyz", "model": "15.xyz", "model_rescale": 3.769337070930944, "target_rescale": 3.915359880727808},
{"mapping": [10, 6, 8, 2, 11, 9, 7, 4, 0, 1, 12], "R": [[0.33860742253396686, -0.8827854938978457, 0.32562982843781363], [-0.7421797691609253, -0.03785586406444691, 0.6691308719556808], [-0.5783720287610207, -0.4682485507927072, -0.6680038106383752]], "T": [0.09075576888726285, 0.11072581351945424, 0.08111435063628157], "aligned_model": [[-0.4272102524289954, -0.3567347715672698, 0.012928761883569381, -0.5062059905016095, 0.3568018823676787, 0.4192050682105434, 0.6480509864913389, 0.16173070914507381, -0.02630727787800223, -0.37524887609883034, 0.015615891067674054], [0.0006411760098393587, -0.7099538261490201, 0.6454710868597732, 0.44016374340805486, 0.1561555911152415, -0.2548797500611464, 0.469259958407768, -0.6627737071551854, 0.5899795612624638, -0.13066804745560723, 0.05266871138316056], [-0.4261908165794245, -0.06596010521187796, -0.3705445265280168, 0.11156280652820778, -0.7572915919619392, -0.298716433036745, 0.15781021572987708, 0.3545087946301734, 0.43886517830454125, 0.5388471135250311, 0.06132697182394998]], "inverted": false, "swapped": true, "error_lsq": 0.05774709327405643, "error_max": 0.28073711248736194, "target": "782.xyz", "model": "16.xyz", "model_rescale": 3.7852294659196426, "target_rescale": 3.915359880727808},
{"mapping": [8, 11, 9, 2, 7, 1, 6, 3, 0, 5, 10, 4, 12], "R": [[-0.9335119688276734, 0.15333458486698903, 0.324104781111216], [0.021388583684223514, 0.9261466474864055, -0.37655665687606005], [-0.3579077151214598, -0.3445880039022832, -0.8678485899182968]], "T": [0.06834322743751384, -0.03575699835145474, -0.0009741454396579065], "aligned_model": [[-0.5808818297237959, -0.2390598931341579, -0.5201341840802941, -0.05514066525866093, 0.41427323710265274, 0.45959091960507403, 0.5781999793167084, -0.20169874498038984, -0.1667049375535033, 0.7249881164952535, 0.23429002661591103, 0.5045625482214243, 0.037899559089859904], [-0.02226659930509111, 0.152997133362412, 0.591382213618944, -0.5263290474374415, -0.14058047635888227, -0.5943179883912345, 0.48378774981678085, -0.6374195150940762, 0.11195723592478868, -0.03303090701395432, 0.7526548789222065, 0.11942456871248222, 0.048144796944142906], [-0.05128066131914849, -0.639572042129755, 0.08650459743133448, -0.3447441469383995, -0.6016166947549098, 0.09488522043769687, -0.5084311220553971, 0.4435198592917209, 0.6224679295482757, 0.03094870939431951, 0.01013652040024576, 0.5351397142095764, -0.022917693378290877]], "inverted": false, "swapped": false, "error_lsq": 0.032576658810399575, "error_max": 0.16297662621286685, "target": "782.xyz", "model": "17.xyz", "model_rescale": 3.901054581598922, "target_rescale": 3.915359880727808},
{"mapping": [11, 3, 9, 7, 0, 1, 2, 6, 10, 8, 5, 4, 14], "R": [[0.6987818495535556, 0.4255083624139768, 0.5750187477380955], [0.6904604286464497, -0.6113442574315602, -0.38668151672767503], [0.18699819038662585, 0.6672337164901291, -0.720992957226974]], "T": [0.06692097420380401, 0.0668791811906232, -0.045164794810340164], "aligned_model": [[-0.6622681423773956, -0.02392860709860266, -0.3715063284072884, -0.1381270009404958, 0.44224222924787493, 0.4310705663812656, 0.5218106877612733, -0.19676531937871183, -0.15324689143941544, 0.6775117807768737, 0.17428619841625886, 0.4752364414930545, 0.013868517281391012], [-0.13052665638910324, 0.07454883296177314, 0.5355627167070951, -0.5002633659310858, -0.2836577040603164, -0.5267786064927861, 0.5101594242255064, -0.5694236213728789, 0.26201348872185415, 0.27114959140635636, 0.6793979393677838, -0.09261134348159539, 0.07683334803847408], [0.2118277274070424, -0.8035139357287311, 0.1041900350253078, -0.3208125463534408, -0.6035216395702108, -0.0196490138960784, -0.5746136371196294, 0.2536897304970217, 0.7202778621478914, 0.11567897590713885, 0.012968900294465166, 0.6131779894760445, -0.05466025794955289]], "inverted": true, "swapped": false, "error_lsq": 0.05338551688177473, "error_max": 0.3769946275880427, "target": "782.xyz", "model": "18.xyz", "model_rescale": 3.9405287249114394, "target_rescale": 3.915359880727808},
{"mapping": [11, 13, 9, 14, 12, 3, 4, 10, 5, 1, 8, 6, 15], "R": [[-0.5492339492851804, -0.7786570106334669, -0.3033732498819841], [-0.5312907782996732, 0.6055789256354966, -0.5924561365366091], [0.6450365709371302, -0.16421761360314127, -0.746297794138612]], "T": [0.15241214261129563, 0.08105041094125703, -0.1039729303752241], "aligned_model": [[-0.5340159504119943, -0.3301961666052703, -0.4686723213104156, -0.17877161016194568, 0.4252746820592519, 0.4859334936753159, 0.5422485563178939, -0.14963376369847534, -0.17806376616104705, 0.7080575773213693, 0.2633436575555026, 0.46087731524621434, 0.14380242788968278], [-0.09750914397312099, 0.05276489525890271, 0.5234242828860459, -0.5451671878579258, -0.16708285801299458, -0.7024325049271851, 0.5031088047139356, -0.5536524004556951, 0.3722284202735882, -0.14318714765875384, 0.7165944421434813, 0.2863707620658609, 0.06094367924493818], [0.023094612124837335, -0.5704694414550795, -0.01697124618353127, -0.4168751562052807, -0.5090839986188385, -0.08535509482220395, -0.5562552663231171, 0.24791433656241352, 0.6011963282862852, 0.17260453106803675, 0.2910588897752117, 0.5448538926504575, -0.07067219672192256]], "inverted": false, "swapped": false, "error_lsq": 0.040142789969263265, "error_max": 0.20540074904642197, "target": "782.xyz", "model": "19.xyz", "model_rescale": 4.410303926677745, "target_rescale": 3.915359880727808},
{"mapping": [0, 6, 3, 2, 4, 7, 11, 1, 5, 9, 10, 8, 13], "R": [[0.5817257800371582, 0.2245504182539992, 0.7817750485287402], [-0.8130057598704843, 0.1311759070109395, 0.5672869783780288], [0.024834477195554983, -0.9655930773787744, 0.2588691902498481]], "T": [0.08179939432440356, -0.01729801818221667, -0.07015513081533019], "aligned_model": [[-0.5987133784203281, -0.1131509251422646, -0.5330390358883782, -0.08339459110087921, 0.22075949853101368, 0.3734951477361337, 0.5622907385467748, -0.17569518483587995, -0.05604517895638511, 0.697948833330249, 0.2805010868226685, 0.49330389236489436, 0.12192322872846312], [-0.21773853460772513, 0.27211828096119695, 0.3666130975291906, -0.5770694971052125, -0.14178903172338836, -0.6246882650286045, 0.43004379767442485, -0.5361135463530536, 0.389914479059567, 0.2429287994015354, 0.7191152091626574, -0.024314820661721318, 0.0073840753922110695], [-0.16958016804990278, -0.5335538812544232, -0.046731730782202316, -0.38316561996507975, -0.7485985492373989, 0.15972275076347697, -0.576264498844753, 0.4069684177591233, 0.6469554455085228, 0.09262877198721627, 0.23537262405656945, 0.5792079371079143, -0.007921308911794565]], "inverted": false, "swapped": false, "error_lsq": 0.05215549479858038, "error_max": 0.3551251672730035, "target": "782.xyz", "model": "20.xyz", "model_rescale": 4.121658175737393, "target_rescale": 3.915359880727808},
{"mapping": [5, 9, 8, 7, 11, 3, 10, 3, 1, 4, 6, 2, 12], "R": [[0.6809114430895218, 0.731581427734939, -0.03388541372114945], [-0.7297820781003895, 0.673899589680502, -0.11522786777480698], [-0.06146320161870937, 0.1031889413733843, 0.9927609567388409]], "T": [0.034667947970738654, 0.09533652163676298, -0.018332011812506384], "aligned_model": [[-0.6101167219382775, -0.07501084307355477, -0.4830680513132047, -0.14469004847022943, 0.4367412581384744, 0.17444341172982927, 0.5520085522129571, 0.17444341172982927, -0.07166671267716912, 0.5897277497628642, 0.08281588583857281, 0.5768840333230133, -0.012327793547022563], [-0.09174040358627811, 0.2760992060538132, 0.5084449237995678, -0.48380995431918106, -0.36185193432171436, -0.540248568237871, 0.5677554021390261, -0.540248568237871, 0.1275303261073234, -0.049274122009348026, 0.7173434792389921, 0.17388709689154105, 0.002517160183077488], [0.09637842139283936, -0.7096772872704691, -0.14078194351702694, -0.3333528495322938, -0.6538513050916657, 0.22484511747387276, -0.36162800977094195, 0.22484511747387276, 0.6672563230445332, -0.02964484106346578, 0.16446181424735679, 0.5070660830846072, -0.000876450333950677]], "inverted": false, "swapped": false, "error_lsq": 0.056220973471092235, "error_max": 0.34734789114423426, "target": "782.xyz", "model": "21.xyz", "model_rescale": 4.08911054899281, "target_rescale": 3.915359880727808},
{"mapping": [13, 12, 3, 7, 10, 6, 9, 0, 2, 8, 15, 1, 16], "R": [[0.7517063302467667, -0.6584073617268571, 0.037912255153425944], [-0.09286969328030342, -0.16259301121274305, -0.982312950527883], [0.6529263458744496, 0.7348899636875253, -0.1833682855195695]], "T": [0.16121597058190523, 0.09575913252193342, -0.011820308609742192], "aligned_model": [[-0.45701280735820055, -0.22487967614382637, -0.6299773255196748, -0.1012570207779595, 0.3625181900322184, 0.4254226533618751, 0.3590516341063976, -0.0682851384711462, -0.10696626447237423, 0.7695115891484237, 0.27998629469902925, 0.45669852580104026, 0.12537347731027923], [-0.06704861977352307, 0.17535904108755615, 0.4538271796058272, -0.47106976098150105, -0.23886736194547753, -0.6010427196505066, 0.43316743197967894, -0.525565722731013, 0.4048875547273572, -0.15225393771368795, 0.7575288121688697, 0.07086521542356053, 0.0666169315039367], [-0.17920244608988917, -0.635970540661184, -0.0029172105017085427, -0.3518337235005525, -0.7179633074844507, -0.026858132083570175, -0.6072733304824796, 0.38988115188996614, 0.5829668270609354, 0.2100534741703566, 0.27006888789001365, 0.72443286368815, -0.0003443237583187139]], "inverted": true, "swapped": false, "error_lsq": 0.04351621358332804, "error_max": 0.2663824485509765, "target": "782.xyz", "model": "22.xyz", "model_rescale": 4.204369325754507, "target_rescale": 3.915359880727808},
{"mapping": [11, 13, 9, 14, 12, 3, 4, 10, 5, 1, 8, 6, 15], "R": [[-0.5492339492851804, -0.7786570106334669, -0.3033732498819841], [-0.5312907782996732, 0.6055789256354966, -0.5924561365366091], [0.6450365709371302, -0.16421761360314127, -0.746297794138612]], "T": [0.15241214261129563, 0.08105041094125703, -0.1039729303752241], "aligned_model": [[-0.5340159504119943, -0.3301961666052703, -0.4686723213104156, -0.17877161016194568, 0.4252746820592519, 0.4859334936753159, 0.5422485563178939, -0.14963376369847534, -0.17806376616104705, 0.7080575773213693, 0.2633436575555026, 0.46087731524621434, 0.14380242788968278], [-0.09750914397312099, 0.05276489525890271, 0.5234242828860459, -0.5451671878579258, -0.16708285801299458, -0.7024325049271851, 0.5031088047139356, -0.5536524004556951, 0.3722284202735882, -0.14318714765875384, 0.7165944421434813, 0.2863707620658609, 0.06094367924493818], [0.023094612124837335, -0.5704694414550795, -0.01697124618353127, -0.4168751562052807, -0.5090839986188385, -0.08535509482220395, -0.5562552663231171, 0.24791433656241352, 0.6011963282862852, 0.17260453106803675, 0.2910588897752117, 0.5448538926504575, -0.07067219672192256]], "inverted": false, "swapped": false, "error_lsq": 0.040142789969263265, "error_max": 0.20540074904642197, "target": "782.xyz", "model": "23.xyz", "model_rescale": 4.410303926677745, "target_rescale": 3.915359880727808},
{"mapping": [1, 7, 11, 0, 12, 2, 6, 3, 10, 5, 9, 8, 16], "R": [[0.832099986736923, 0.04638520867636407, -0.5526825711821055], [-0.5021275290582525, -0.3601850050033413, -0.7862154327743746], [-0.23553674158030338, 0.9317269850051534, -0.2764186476686047]], "T": [0.12259314292049453, 0.2054147763965557, -0.07104116473731803], "aligned_model": [[-0.6562647825180946, -0.3479558290485435, -0.36448783816506647, 0.0391995364169154, 0.4128034973144492, 0.36076497207101466, 0.6548062150849656, -0.11875143545312103, -0.1363048919357536, 0.6883317416338516, 0.16242446980223654, 0.42391931836869756, 0.07169915814453043], [-0.14029708421152948, 0.07773945612470601, 0.6062171574802504, -0.4835905376541072, -0.18625968670299875, -0.663894528896571, 0.43182746003265654, -0.5553261742911324, 0.22727777068687466, -0.06361913439151945, 0.6823471094221373, 0.26919695373020147, 0.10478528237210909], [0.029948889162709602, -0.522941125187261, -0.017833498061067543, -0.3688716445247992, -0.7102163362997846, 0.07203036530362539, -0.5643814451379272, 0.34402146315215554, 0.5258489116618875, -0.12727839617569625, 0.3331481457868468, 0.6910881137311004, -0.02952325327452089]], "inverted": true, "swapped": false, "error_lsq": 0.03933434046157764, "error_max": 0.26041543852907933, "target": "782.xyz", "model": "24.xyz", "model_rescale": 4.28219845311461, "target_rescale": 3.915359880727808},
{"mapping": [2, 4, 0, 13, 7, 12, 3, 14, 6, 11, 1, 10, 15], "R": [[0.21302341335762104, 0.7904886905840709, -0.5742374556053875], [0.5696661767648024, 0.37700404384006075, 0.730307057324804], [0.7937893123566488, -0.4826961580403586, -0.37000398187240646]], "T": [0.2118090743449238, 0.03800976882710368, -0.06207999765909236], "aligned_model": [[-0.43327594682262605, -0.2153265343112971, -0.44937869886347637, 0.024226446960202708, 0.27643650483776155, 0.4683876382287074, 0.4425932480781094, -0.003546057890278592, -0.2893036631081135, 0.5878885246664218, 0.29189065880313964, 0.3397184106791501, 0.14987360045838133], [-0.17232339053720963, 0.31657585917211845, 0.5113985243599247, -0.4558320841748352, -0.1540889789998514, -0.6770264223043077, 0.5438584490573906, -0.4492583799190913, 0.311185348230668, -0.20904280632082095, 0.6727012910666513, -0.010365406904488159, 0.07862204097492864], [0.029600436049565387, -0.5861073615948745, 0.0034027231961874793, -0.3338325304238505, -0.8133904342040897, 0.023421968170022817, -0.6014325008732634, 0.4822880241166577, 0.6353856015935677, 0.2445245414580796, -0.08719991554467904, 0.7195873631020909, -0.06120772490814528]], "inverted": true, "swapped": false, "error_lsq": 0.04401670879456757, "error_max": 0.2647836423507728, "target": "782.xyz", "model": "25.xyz", "model_rescale": 4.100010024507729, "target_rescale": 3.915359880727808},
{"mapping": [2, 1, 6, 4, 8, 11, 10, 9, 3, 7, 0, 12], "R": [[-0.8630670496807389, 0.3698200477250878, 0.3440180228650803], [-0.31274830212689675, 0.14354294266467565, -0.9389270062831877], [-0.3966153896057595, -0.917948013730505, -0.008226592009583866]], "T": [-0.04583866208327225, 0.07666958966172664, -0.13852492048308004], "aligned_model": [[-0.6334864839578933, -0.11918010737349635, 0.44468342673050354, 0.6265140507503258, -0.4999627716374333, 0.13069790181384563, -0.16516942079266944, 0.47035380361300294, 0.28276284732194634, -0.0780128883503863, -0.5501671001622787, -0.0322676555924601], [-0.13497198708240693, -0.6102721734241746, -0.3848482509576824, -0.39829697075589043, 0.5841396859438818, 0.8592982483496249, 0.12946085222829196, 0.38808034694626736, -0.1989330246870849, 0.46385371067162395, -0.05894165118336382, 0.02756260400155309], [0.13660719455879947, -0.05087417024096788, 0.5261427509900156, -0.11773865902062479, 0.041059840009843945, 0.22492541722790418, 0.5830977038573996, 0.011096178224879488, -0.5997502139397054, -0.6807981209452915, -0.4525885832049181, -0.055987047662978115]], "inverted": true, "swapped": true, "error_lsq": 0.051906849193397296, "error_max": 0.27340475544585174, "target": "782.xyz", "model": "26.xyz", "model_rescale": 3.6694154284099745, "target_rescale": 3.915359880727808},
{"mapping": [9, 7, 3, 8, 5, 4, 1, 10, 12, 0, 6, 2, 13], "R": [[-0.7792143158948058, -0.4817734610743747, -0.4008982191392322], [0.6224057286758082, -0.6700500258879231, -0.40452944481104214], [-0.07373031137955377, -0.5647364828059295, 0.8219711346342171]], "T": [0.04965347464719429, -0.03954223034957072, -0.0030418032848332777], "aligned_model": [[-0.6199358201962752, -0.24567038851395206, -0.4551376043424624, -0.1426789299294277, 0.4372373822354969, 0.5090225771930617, 0.5349827941339639, -0.07394600881416609, -0.2408963879069047, 0.7072917504950257, 0.24657657479605166, 0.4485104279629666, 0.08482776460270396], [-0.10524388620620773, 0.14796757218669906, 0.5708284251364631, -0.5758549921083728, -0.058151487623767206, -0.7143723651358547, 0.5716656888192554, -0.5316474010014182, 0.4550352812466351, -0.04954054245321676, 0.5964215204557417, 0.033521955167291506, -0.034225724782171035], [0.10739824433863504, -0.5262553490946004, -0.16261890009872426, -0.29241018468554947, -0.6925422817788188, 0.09243011352559054, -0.41599093439854806, 0.32013986172486014, 0.5453254785168333, -0.06896050342456028, 0.1641761146958459, 0.5425811450867507, 0.041767385729554046]], "inverted": false, "swapped": false, "error_lsq": 0.044669543034222076, "error_max": 0.22842475468247045, "target": "782.xyz", "model": "27.xyz", "model_rescale": 4.103607728864725, "target_rescale": 3.915359880727808},
{"mapping": [1, 2, 4, 0, 3, 9, 12, 5, 8, 10, 13, 11, 14], "R": [[-0.39033748863586837, -0.7490701082902302, 0.5352855479382064], [0.9135023034210152, -0.3875275432447607, 0.12383838205976147], [0.11467426306692624, 0.5373233440794684, 0.8355437973543425]], "T": [0.2466164853151654, -0.007814892898618392, 0.08153539319548138], "aligned_model": [[-0.612281470035023, -0.14760293492347598, -0.3796963959904997, -0.12413981621973252, 0.29068437546324655, 0.5060054582875485, 0.42758944316524167, -0.053280200002108535, -0.2958641648396085, 0.7354482212810924, 0.2695609184458697, 0.4603003053762137, 0.11346039170731775], [-0.21161618924624812, 0.2535311963301724, 0.632582392367367, -0.4555302372448443, -0.14879861232335168, -0.7835895667621435, 0.5305443894016322, -0.6129941791441234, 0.39542987279086284, -0.1287048356726429, 0.6347149776205349, 0.24143868063478002, -0.040603845050917395], [-0.07215314241196112, -0.4820335702718191, -0.05714690152547093, -0.3329311027854976, -0.6544757918294972, 0.049677236543462885, -0.5624457313826303, 0.36253436119529775, 0.5456349298881061, 0.002767176544452396, 0.16216697157921378, 0.6850858174221864, 0.008359937171426371]], "inverted": false, "swapped": false, "error_lsq": 0.042437373457881754, "error_max": 0.21003363657286855, "target": "782.xyz", "model": "28.xyz", "model_rescale": 4.137296879288765, "target_rescale": 3.915359880727808},
