[{"mapping": [3, 1, 2, 13, 11, 9, 4, 0, 10, 12, 8, 15], "R": [[-0.4354851240800995, -0.8776110077705543, 0.20037870581699158], [-0.3980502229082046, -0.011918345206895054, -0.9172862002070337], [0.807408649165755, -0.47922528323063407, -0.34414299522850905]], "T": [-0.03861056043876287, 0.04704550496317857, 0.053705734708094185], "aligned_model": [[-0.26756580899763116, 0.08569679558713089, 0.47081125323435247, -0.2202674198410866, -0.022281804937905443, -0.5252242890295886, 0.4761262487210529, -0.29377125861981557, 0.5811220589288237, 0.29518912568529404, -0.6837091104286397, -0.058483327841438275], [-0.29566924451244486, -0.652434819003714, -0.24205570381114266, 0.5458276161791368, 0.37233456859040137, -0.4522345567803809, -0.254181329057025, -0.6137748078112333, 0.047768101928380755, 0.5666880920061574, 0.045158299369140134, -0.013871181120218672], [-0.5005962403172961, 0.10285464657578329, -0.5480279723687896, -0.003607525532850306, -0.699772117592599, -0.004244553081303823, 0.5493755032310295, 0.5129508624107226, -0.05077878903988957, 0.3435501612127182, 0.4603543846125783, 0.01989338524345867]], "inverted": true, "swapped": true, "error_lsq": 0.043365626583848065, "error_max": 0.27168146952689537, "target": "783.xyz", "model": "0.xyz", "model_rescale": 3.751011558992144, "target_rescale": 4.212860319267234},
{"mapping": [7, 12, 0, 8, 10, 1, 14, 13, 4, 3, 2, 11, 5, 9, 15], "R": [[0.4887687727307058, -0.5405429115177562, 0.6847762025736781], [-0.5153107901426697, -0.812240684090686, -0.27334933815619966], [0.7039601383358702, -0.21926794548178244, -0.6755454771651874]], "T": [0.04171175564407, 0.017197252737697864, -0.04344439733606962], "aligned_model": [[0.18051058082458812, 0.21160657999354346, -0.5879085357608982, 0.12741795805465217, -0.16114015615095278, -0.5993501637504424, 0.4703422264257898, 0.5452350993259016, -0.6166134398721335, 0.08497500520639731, -0.14586322949429578, 0.6156837641089574, 0.5477068750930572, -0.1475633842848545, 0.014047031369724565], [-0.05046888441486936, -0.5387769738445994, 0.5191217857809572, 0.5600071672056608, -0.5230067468096724, 0.22983051923574976, -0.5803229972350916, -0.050844852299947126, -0.33014289702716865, 0.41606773842078554, -0.257295904907716, -0.09797508553503845, 0.504246791718833, 0.6829502964238835, 0.06536739311533912], [-0.8369887755581156, -0.4005002029694622, -0.29711072693175417, -0.5721509972918246, 0.20558732375896707, 0.18231513711895028, 0.16487927571786762, -0.20746309488584389, -0.2610285534120964, 0.5188324132795614, 0.7276863819416484, 0.5319684484320109, 0.03213675427250091, 0.05843564482164839, 0.0030673765579178752]], "inverted": false, "swapped": true, "error_lsq": 0.03243949106867693, "error_max": 0.23393304294531306, "target": "783.xyz", "model": "1.xyz", "model_rescale": 3.9405287249114394, "target_rescale": 4.212860319267234},
{"mapping": [2, 11, 3, 12, 13, 1, 10, 14, 8, 6, 7, 4, 15], "R": [[0.5621975097891483, -0.05483677893370448, 0.8251829419365481], [0.8261465621262332, 0.08263781383800724, -0.557362404195942], [-0.03762735539320072, 0.9950698062951417, 0.0917619895483031]], "T": [-0.07589435740564765, -0.0716931714053551, -0.07692917017916993], "aligned_model": [[-0.22518484059330302, 0.3912682928843991, -0.31018757391601626, 0.38697797518732285, 0.4184915244283076, -0.7671722977515195, -0.035252852114987326, 0.5468887275593869, -0.17776363532984585, -0.3456657384836573, 0.1954043710389019, -0.45223602906158056, -0.1295846445634775], [0.7508433936474389, 0.49545810782312033, 0.3200482455122358, -0.22184444162972095, -0.21405054062450635, 0.08256802810229556, 0.3508978375723555, 0.31791313543488425, -0.7554188874922988, -0.6830233922267844, -0.7976968507566601, -0.143111146637097, -0.04375089515324598], [0.0025661012148933404, -0.44286217186503923, -0.5953594314838747, 0.4012593282929126, -0.21970381116514776, -0.0029092442511794298, 0.38648335073101947, 0.1340244671834765, -0.39889286470035945, 0.21490778474115457, 0.15301029513549375, 0.5973456451998864, -0.11674909944459211]], "inverted": false, "swapped": true, "error_lsq": 0.05359129364666304, "error_max": 0.3275449631516448, "target": "783.xyz", "model": "2.xyz", "model_rescale": 3.932901565614263, "target_rescale": 4.212860319267234},
{"mapping": [4, 12, 6, 10, 0, 9, 8, 1, 2, 3, 13, 14, 5, 15], "R": [[-0.16810420104577156, 0.1945520195200025, -0.9663800956618736], [-0.7866496579768463, -0.6172716612486144, 0.012570275426070754], [-0.5940734745767347, 0.7623156878354695, 0.25681023905650907]], "T": [0.11181785384917843, -0.058014528798085135, 0.038239152185314804], "aligned_model": [[-0.27318436949106273, 0.5388561972458311, 0.0900583065273206, -0.07877188985672605, -0.39477117345278245, -0.22733253807252446, 0.3399931557810029, -0.5845205418678735, -0.3738066605021343, -0.20488324910764238, 0.6331366570110166, 0.4884784570448085, 0.4103908716903559, 0.05616668910311372], [0.13505567523494227, 0.2989412968964581, -0.42787525750624456, 0.5277057273996182, -0.6462823809869079, -0.6238905551830424, -0.7704317272442651, -0.1807733035986952, 0.5112238354537526, -0.1764463164098981, -0.04531471375692252, 0.5887622918786151, -0.44433953610383947, -0.08283839772308205], [-0.6066463353263525, -0.35632545858559894, -0.5897732749650556, -0.08663433752023411, -0.29343093463066544, 0.27103320534114406, -0.10980338278201411, -0.046518029082180626, 0.4194347228812675, 0.6405670595056087, 0.15283862427938333, 0.19302874033784911, 0.5486977367480879, 0.07742802685585844]], "inverted": true, "swapped": true, "error_lsq": 0.0394954700888962, "error_max": 0.2438864238559633, "target": "783.xyz", "model": "3.xyz", "model_rescale": 3.9243930471874484, "target_rescale": 4.212860319267234},
{"mapping": [11, 5, 14, 10, 12, 3, 1, 13, 7, 8, 4, 0, 15], "R": [[-0.4334788025290883, -0.7531198086120414, -0.4948804720678617], [0.6513518900726736, 0.11766239748208585, -0.7495974089586512], [0.6227654799815927, -0.6472759180557621, 0.43954185562738723]], "T": [0.0050620584986078646, -0.09796373529257844, -0.08073052562625417], "aligned_model": [[0.08747675985191647, -0.4095484266988712, 0.6059756099059177, 0.45172982264214834, 0.6383426913806804, -0.4850221332227107, -0.33722933082296425, 0.1752922454515548, 0.2448464704771587, -0.4066233846851349, 0.28981042416497127, -0.5231528219269491, -0.054692040206365235], [-0.5160079721220204, 0.07210834748345789, -0.3180108234276365, -0.5065368985687767, 0.1554516643029487, -0.5245486388572822, -0.4276000274180306, 0.17085407089279891, 0.6678364659230568, 0.5435578533599726, -0.14244488406536218, 0.09106488879272719, -0.1378944926142661], [-0.7823396120368291, -0.6267474274076374, -0.4986246092205587, 0.08821306283722817, -0.09475605824907739, -0.31518177843458284, 0.4496628921560998, -0.5094802071002534, 0.01730001954538367, -0.05873115344321729, 0.6392138495303495, 0.5501052488535608, -0.07156391165950188]], "inverted": true, "swapped": true, "error_lsq": 0.043339731534812145, "error_max": 0.28136834159702623, "target": "783.xyz", "model": "4.xyz", "model_rescale": 3.8936222436046832, "target_rescale": 4.212860319267234},
{"mapping": [1, 4, 9, 3, 8, 7, 12, 13, 11, 10, 5, 15], "R": [[-0.908085229072784, 0.25139242470669443, 0.33493740540572475], [0.07998371427196137, 0.8891716803061368, -0.4505289429024764], [-0.4110764189187834, -0.3823291405865508, -0.8275509688637062]], "T": [-0.06315064374676266, -0.08482680270205115, -0.011226657877460175], "aligned_model": [[-0.11653406769029653, -0.4343167506603574, -0.1503154072046633, 0.40097872012109353, -0.6133435528306836, -0.7334384191670462, -0.2366060957518599, -0.026014589719211806, 0.6875375680790894, 0.18806773251995207, 0.09985070963448853, -0.038317805115407805], [-0.46691774263548835, -0.76495112709611, 0.18259851608347397, 0.1098498018847823, 0.4146131455144527, 0.10743743271965253, -0.2542181417988987, 0.2764526516281606, 0.17659871415451464, -0.6241240670053542, 0.5940244696301757, -0.08244074796955357], [-0.6098061276102624, -0.04357989746139075, -0.6517871465484216, -0.4843117856187597, -0.18259271674678212, 0.397803001311566, 0.6264881849086533, 0.38013722421507223, 0.19354732689924303, 0.19134146769592741, -0.11870844077673186, -0.07924637099259507]], "inverted": true, "swapped": true, "error_lsq": 0.045225848540370484, "error_max": 0.2621763666360789, "target": "783.xyz", "model": "5.xyz", "model_rescale": 3.6523030999806103, "target_rescale": 4.212860319267234},
{"mapping": [7, 6, 4, 12, 10, 8, 1, 13, 9, 3, 2, 11, 15], "R": [[0.686042687488733, 0.4905534476918434, 0.5373106605129687], [0.20183865843356044, 0.581199679165283, -0.7883324735794617], [-0.6990039963440677, 0.6492797916890822, 0.2997151400900607]], "T": [0.09319980889227218, -0.07292766779858909, -0.009773760599698603], "aligned_model": [[0.20498251442908993, -0.16207942651809043, 0.1143009996791863, 0.6629343745670312, 0.492982554461492, -0.36371517664428343, -0.3759658798241461, 0.3729121749036418, -0.5868651026570292, -0.23939450796126915, 0.26731932949889176, 0.4553113513492649, 0.03835969938051473], [-0.5875976618821463, -0.1739089555437819, 0.4305192078806773, -0.19615748753647747, 0.4113597471171584, -0.6227084050990654, 0.45815545806314373, -0.5184759989074911, -0.11427738192007056, 0.05824285659757397, 0.5897006657072886, -0.15007531978670935, -0.04394982052691633], [0.6035580616053422, 0.6657300045186797, 0.5796972656446825, 0.3447362907441163, 0.015236506427789558, 0.2557232489853611, 0.060759408001570245, -0.1009620042652279, -0.16862480398344581, -0.6007897492110073, -0.49534520907274593, -0.7423936809482273, -0.04721559896509801]], "inverted": false, "swapped": true, "error_lsq": 0.04506034133162357, "error_max": 0.26257806773307185, "target": "783.xyz", "model": "6.xyz", "model_rescale": 4.08911054899281, "target_rescale": 4.212860319267234},
{"mapping": [7, 6, 8, 12, 14, 11, 13, 5, 10, 4, 2, 1, 3, 9, 15], "R": [[0.6312158530798032, 0.7755653077346881, -0.008062273819156349], [-0.7542152933187504, 0.6161976947236939, 0.22684728859150316], [0.180902841726844, -0.13710891457379493, 0.9738969696017892]], "T": [0.01070103694441186, -0.058961260159943144, -0.028374097347640913], "aligned_model": [[0.18433323370325164, 0.23581325315468207, 0.6858688264220305, -0.39952065877668613, -0.5672017377985097, -0.19331423109919438, 0.050262441259384213, 0.5125341513852159, -0.5973625345106782, -0.33596814369489847, -0.48841302286498506, 0.07567973138962815, 0.23856704381981841, 0.594673985992808, 0.04038120141768727], [-0.6450359844276113, -0.7523455420289336, -0.35093046442976933, -0.35532701636677094, 0.2420305441840585, 0.706054743544011, 0.06994390514534875, 0.36410249037217507, -0.059681297980602635, -0.6573082770061935, 0.4226140529035358, -0.18729279146235095, 0.4946930237040808, 0.03683663508050833, -0.027595205062372855], [-0.5574532766958097, -0.01378735797905854, -0.22942450153297422, -0.4859174714759251, -0.42785576028971056, -0.24502303355844773, -0.5449841751458319, -0.289413199864389, 0.13051023785329885, 0.3225980301660784, 0.44506430470870145, 0.6690851812188783, 0.31610899619616817, 0.3447613938747986, 0.029800664606303876]], "inverted": true, "swapped": true, "error_lsq": 0.034510795984268525, "error_max": 0.2429168901499982, "target": "783.xyz", "model": "7.xyz", "model_rescale": 3.964800864290218, "target_rescale": 4.212860319267234},
{"mapping": [14, 2, 11, 12, 5, 4, 13, 3, 1, 9, 6, 8, 9, 15], "R": [[0.22855923302190867, -0.6486250690194395, -0.7259794741175291], [-0.14015616762677408, -0.7598734164925205, 0.6347823560750252], [-0.9633882528226158, -0.043334867572334124, -0.26458488916768436]], "T": [-0.07563056719156805, -0.039151819845108626, 0.04503437373059849], "aligned_model": [[-0.2882336660153564, 0.3760746507914755, 0.2910405206094413, -0.7026449822621046, 0.2626185108957706, -0.43638916246617376, -0.264652104945708, 0.6113754217022138, 0.2550134688418936, 0.4162547686411233, -0.4986205943575398, -0.1684093493970648, 0.4162547686411233, -0.008494361218220864], [-0.08958156806409129, -0.6047763568610351, 0.13971181160518392, -0.06513556076244592, 0.5779649362607608, -0.6512954382956134, 0.37613410059410696, -0.002670001914386433, -0.5089798055141803, 0.12049651802396358, -0.04710847766598619, 0.4982705355327113, 0.12049651802396358, -0.052578744781749495], [-0.6873658209921224, -0.3806472286034447, -0.6672637322577478, -0.22261877645210826, -0.01591884860295005, 0.3557006480367423, -0.23223098902938266, -0.016742912163062423, 0.46583936803841397, 0.5161956639179346, 0.6389082439336354, 0.5780335620280634, 0.5161956639179346, 0.06873019695311497]], "inverted": false, "swapped": true, "error_lsq": 0.04515032044927497, "error_max": 0.32492904582913024, "target": "783.xyz", "model": "8.xyz", "model_rescale": 4.121658175737393, "target_rescale": 4.212860319267234},
{"mapping": [3, 9, 1, 2, 8, 13, 6, 12, 4, 7, 11, 10, 15], "R": [[0.08392715779998122, -0.9397204647926982, 0.33148405728392494], [-0.9394611154801382, 0.036287208632884704, 0.34072870585034076], [-0.33221836897503365, -0.3400127740827231, -0.8797853538086093]], "T": [-0.08603089679539339, 0.008636419908411713, -0.015995812352967743], "aligned_model": [[-0.3938243885179914, -0.3623940342893179, 0.2682788725548602, 0.20052342657125521, -0.4724094107662343, -0.4271667063783237, 0.16129531698566243, 0.14678697392273649, 0.6523984790465005, -0.11845103732069853, -0.4826323753222815, 0.40113169961800327, -0.09679931966897376], [0.38081896629975986, -0.186857769274745, -0.02252761627180891, 0.7554369593196237, -0.6421120507532059, 0.009303129209158545, -0.67724971012684, -0.06983688653622605, -0.22311113186902898, -0.6466063349432547, 0.7087360038010927, 0.3781256842754964, 0.026268196281688156], [-0.50982564486889, -0.6282352875526047, -0.6329512792293731, -0.2716305546871701, -0.10957410623774697, 0.39472737150121556, -0.023742153261751282, 0.6204774546040628, -0.0649369689020072, 0.4564048300038923, 0.1464120598174674, 0.12938763075750379, -0.08543791798551004]], "inverted": true, "swapped": true, "error_lsq": 0.04583041141584706, "error_max": 0.28950361009631986, "target": "783.xyz", "model": "9.xyz", "model_rescale": 3.833441315466971, "target_rescale": 4.212860319267234},
{"mapping": [10, 4, 13, 8, 7, 12, 6, 9, 3, 5, 2, 1, 4, 14, 15], "R": [[-0.05111833022907536, -0.19020231597930348, 0.9804131758145136], [0.5331792260013392, 0.8248878000306468, 0.1878297908245989], [-0.8444565289434407, 0.5323374835165272, 0.059245036653605074]], "T": [-0.08008026825919168, 0.037363305443091195, 0.14503181484766392], "aligned_model": [[0.18832120902564387, 0.23999136413175282, -0.5709398889936721, -0.4441228430008327, -0.7110013467102972, -0.49026514915947933, -0.20783549747881538, 0.1866460736640833, 0.29146160286271605, -0.3670882955584228, 0.5428430771143178, 0.5669637283975665, 0.23999136413175282, -0.31650428699150773, -0.024616093140273784], [-0.5290593858312463, -0.3312232684535499, 0.009202271811799993, 0.6186435935890003, 0.03145185800558734, -0.4826885243383685, 0.15607093790286508, 0.6829122754095268, 0.39913363132914464, 0.5460794568929731, -0.2988005624031018, 0.19758623931694974, -0.3312232684535499, -0.5476186939688356, 0.0806349784857836], [0.19098874205435906, -0.457527887876619, 0.35319378965005066, -0.18829243509767235, -0.36039884088242025, -0.018537430803239024, -0.5629633437504147, 0.1055942355343434, 0.6013249817692945, 0.5422661214303575, 0.5968436198468599, -0.1055741223686309, -0.457527887876619, 0.5763704591809453, 0.1623619070114977]], "inverted": true, "swapped": true, "error_lsq": 0.05205647239353649, "error_max": 0.3536481681456331, "target": "783.xyz", "model": "10.xyz", "model_rescale": 4.2482417240324, "target_rescale": 4.212860319267234},
{"mapping": [3, 9, 8, 0, 14, 12, 13, 4, 1, 10, 2, 15], "R": [[0.8730656137255284, -0.4765029290486611, -0.10344753616260507], [-0.4524787200023924, -0.7126693561287776, -0.5360647318934444], [0.18171252591679934, 0.5148274928974177, -0.8378145442052771]], "T": [-0.03462913972063201, 0.0872479524653535, 0.07827672742801506], "aligned_model": [[-0.49099215763137416, 0.024130146582107576, 0.34870115768548304, 0.569112384732459, -0.48260413705386174, 0.12362330327801582, -0.21646790687283915, 0.5288798072742165, 0.18787340904885338, -0.1253504732857952, -0.5374517298445493, -0.05268820154970888], [-0.39869487048575897, -0.6097043632038959, -0.3099928887454199, -0.47099632970183597, 0.7053855912007059, 0.7260394842710698, 0.2874755396480909, 0.3300347095700864, -0.29184142880006975, 0.5141086366031197, 0.15815612321833894, 0.026161186476208118], [-0.10260155643586999, 0.06289645697993779, 0.6043721773017354, -0.11291963254992674, 0.11539200336344468, 0.2581710949865897, 0.5386148585098915, -0.39595145066431314, -0.482012942938695, -0.3739905092042928, -0.5905394069279151, 0.04376119743377033]], "inverted": true, "swapped": true, "error_lsq": 0.04584705851105474, "error_max": 0.239152555369549, "target": "783.xyz", "model": "11.xyz", "model_rescale": 3.6694154284099745, "target_rescale": 4.212860319267234},
{"mapping": [3, 1, 4, 0, 9, 11, 5, 14, 6, 7, 12, 8, 10, 15], "R": [[0.8443774548931813, 0.5357189601963206, 0.0056488365427619265], [0.5324519475696283, -0.8403027386970601, 0.1019128591863184], [0.0593433837712634, -0.08304518664193464, -0.9947772915473005]], "T": [-0.034398096144999675, 0.0035386343459926847, -0.014515650791196466], "aligned_model": [[0.041812675914678875, 0.12557282037944026, -0.15065867084269333, 0.603150942487503, 0.5218359721000071, -0.47993865480118825, 0.290190626856433, -0.7083094944904244, 0.3921364095369226, 0.2644308164459716, -0.3717362006141874, 0.678080785568092, -0.5974068400005657, -0.010896338284179775], [-0.4577227200192715, 0.3147566669587869, 0.7585890823670653, 0.4307971377600184, -0.15114694372782594, -0.6848859831548803, -0.6155627692541938, -0.20751038174968642, 0.5582884492756611, 0.30943708872498554, 0.25676999613840457, -0.010915358681676559, 0.2459784140450941, -0.015885390546227576], [-0.5229981638228941, -0.6347521379150254, -0.14779133266746183, -0.3661944098729697, -0.4096204090796409, -0.05157821533354104, 0.08705421564066829, 0.2778112592768766, 0.19040141412448736, 0.6715484255199716, 0.5217094148099269, 0.2569318587047533, -0.15318852095351776, -0.08023793877921798]], "inverted": true, "swapped": true, "error_lsq": 0.04851475369709468, "error_max": 0.4468267559462482, "target": "783.xyz", "model": "12.xyz", "model_rescale": 3.9764082729961374, "target_rescale": 4.212860319267234},
{"mapping": [3, 14, 6, 4, 11, 0, 8, 1, 2, 7, 13, 5, 12, 9, 12, 15], "R": [[0.9885679874273613, -0.09521067621669173, -0.11691133977581941], [0.0797093094549109, -0.32816556346436676, 0.9412511827043494], [-0.12798343728794773, -0.9398097095106409, -0.31682479336296737]], "T": [-0.003727199468442105, 0.017493218825919525, -0.007629722052097748], "aligned_model": [[-0.6379947514414208, -0.046429132985254494, 0.4951718303353603, 0.17033311385186178, -0.42321058925460975, -0.018605551736436243, -0.6872575623470218, -0.21183107375437643, -0.5656845869458526, -0.4265875495431811, 0.2854476826709216, 0.7164879915685228, 0.29813503068204394, 0.27784588562850243, 0.29813503068204394, -0.030906161715055887], [0.05967726982609408, 0.45073582244964017, 0.11083176244019083, -0.5475637576782312, 0.6535992511248763, -0.6790942842303471, 0.17988666059993938, 0.09617352368535959, -0.3674001868835747, -0.5741828978690392, 0.5390774823406862, -0.4096700132435318, 0.37011449040127675, -0.27420221218393964, 0.37011449040127675, -0.022743718823773906], [-0.5593258573195391, -0.6779172953028144, -0.5786345206624274, -0.4154009108455847, -0.2311190956603198, 0.19645952000119318, 0.0702641142920838, 0.5872019897752099, 0.4074852918982891, -0.21291536741102954, -0.1447730404469161, 0.03293575097961317, 0.43026406391593963, 0.4363629578364151, 0.43026406391593963, -0.10370764684672336]], "inverted": false, "swapped": false, "error_lsq": 0.05003381678012425, "error_max": 0.41620496024027814, "target": "783.xyz", "model": "13.xyz", "model_rescale": 4.170626492500431, "target_rescale": 4.212860319267234},
{"mapping": [13, 11, 5, 3, 7, 0, 9, 14, 12, 2, 10, 1, 4, 15], "R": [[-0.2526635955130086, -0.6366653573588293, -0.7285728036659019], [0.9512773538656928, -0.30099857628185483, -0.06686742928049355], [-0.1767272008625842, -0.7099697738745294, 0.6816967189739329]], "T": [0.010382694279772958, 0.07981619853833063, 0.02205290349660314], "aligned_model": [[0.28253989222869486, 0.006395435480346332, -0.2954056534510373, -0.5704433774938672, 0.4664878003038759, -0.4745398539990709, -0.6520771129413525, 0.5408799596833734, 0.6903533132981109, -0.15948959466462642, 0.2981693866128818, -0.45046475377700673, 0.21998051308746244, -0.059202932276141366], [-0.10057244373216687, -0.72965597300985, -0.1628469111306892, -0.29368149495302365, 0.6032888409670439, 0.7584018433356471, 0.26181831948027967, -0.4681573400710022, 0.13330875333672434, -0.4755952866086417, -0.11946794345534026, 0.3249109934406942, 0.5537716896130362, 0.07055142071295444], [-0.4003900112040792, -0.11413587113510512, -0.5666481466164665, 0.03833578323211904, -0.39207391896711713, 0.1526982242542932, -0.11006056497566744, 0.07155981966045821, 0.006595084957359144, 0.6285469554121134, 0.5440210134642927, 0.5064998345923396, 0.5989541554424086, 0.039970743003917765]], "inverted": true, "swapped": true, "error_lsq": 0.046438472069845596, "error_max": 0.26694608135299047, "target": "783.xyz", "model": "14.xyz", "model_rescale": 3.9786697098870705, "target_rescale": 4.212860319267234},
{"mapping": [13, 10, 8, 5, 6, 0, 2, 1, 9, 3, 4, 15], "R": [[-0.5655311376746344, -0.8246620553986621, 0.010345371239723802], [-0.8126147267017134, 0.555039775652024, -0.17773056403345658], [0.14082555971106064, -0.10891896909999108, -0.9840248065482199]], "T": [-0.06698745416528634, -0.10975257955532036, -0.16554904739013315], "aligned_model": [[-0.006575174235507311, -0.6763726940138037, 0.5869516584779708, 0.47213510767472316, 0.10209468793582119, 0.3598717266997409, -0.5361100244441729, -0.026934420413356946, 0.5148395584921837, 0.19682493175931698, -0.46723793862136803, -0.03613282254421153], [-0.4291203701396884, -0.09541772045646926, 0.13233275727381602, -0.5594373223035287, 0.5484255747454692, 0.5596586666454612, -0.4030631490193883, 0.28921356645183316, -0.002211781605872737, -0.46116776397205267, 0.5484477705343779, -0.11298573792951841], [-0.589131612667973, -0.012479786508635016, -0.4742190197891475, -0.24359595803335815, -0.4299025826779915, 0.12146380626153142, 0.46616803429189974, 0.42297659074657595, 0.20773909986486944, 0.36740027296027583, -0.07637530405772233, -0.10007704651649435]], "inverted": false, "swapped": true, "error_lsq": 0.04344212024369498, "error_max": 0.21438220236908087, "target": "783.xyz", "model": "15.xyz", "model_rescale": 3.769337070930944, "target_rescale": 4.212860319267234},
{"mapping": [1, 3, 4, 10, 0, 9, 6, 5, 12, 14, 15], "R": [[0.8151550211574257, 0.3433648701369679, -0.466500651058131], [0.2577947169782022, -0.9362597236566366, -0.2386621330595351], [-0.5187139629699258, 0.07428523281394372, -0.8517144643633878]], "T": [-0.009847386471788172, 0.011704166258297122, 0.11670874476857931], "aligned_model": [[-0.1403957284160072, -0.2348245994847884, -0.10148077928460048, -0.5428037904430197, 0.4162396708228061, 0.2675063727323872, 0.5145778393864632, 0.2609244422817054, -0.018902152640896584, -0.47509783154819063, -0.023117312714688296], [0.041103667729226356, -0.5930592842316427, 0.6801291715487383, 0.34459123186193313, 0.09802600310854476, -0.4166949001909036, 0.4568542995644539, -0.604311996585372, 0.5129597682737492, 0.11066053727855941, -0.034194000731944826], [-0.5827435106753726, -0.1298090181700088, -0.265641149032283, 0.1280986691441415, -0.6069589379967557, -0.3618107103044177, -0.12513745945326618, 0.33157504895622913, 0.5794411436329581, 0.7149586443552793, 0.06224488676727268]], "inverted": true, "swapped": true, "error_lsq": 0.03935697208464527, "error_max": 0.17683056135986666, "target": "783.xyz", "model": "16.xyz", "model_rescale": 3.7852294659196426, "target_rescale": 4.212860319267234},
{"mapping": [3, 14, 10, 2, 5, 13, 7, 12, 1, 0, 8, 4, 15], "R": [[-0.3954708909919308, 0.5658437395722239, -0.7234802255521363], [-0.9053335984641707, -0.10736188351605766, 0.4109069255437303], [0.15483491166389018, 0.8174926839763192, 0.5547358486480116]], "T": [-0.04729728522840761, 0.060330643488479684, -0.016055887001842347], "aligned_model": [[-0.06496828079265961, -0.42094566144462603, 0.20729831467659088, 0.2217251746060469, -0.5723006321720163, -0.5582921442525006, -0.24988010720785392, -0.2148034190136936, 0.5974240680197335, 0.5278884146246358, -0.20966294124413482, 0.6088489067937515, -0.018565842376990275], [-0.26925681397318474, -0.4332991548443203, -0.37918796989822356, -0.7288555252162676, 0.1557882986310719, 0.12459039277748848, 0.7234908357954625, 0.11567062521742313, 0.01903969506467617, 0.572899478492822, 0.76236773084099, 0.16882165405384902, 0.04298637676108769], [-0.6228379143127744, 0.43212911443583407, 0.35406642569096314, -0.11598413437469701, -0.47889511025230924, 0.12473671759325472, 0.3995584291311144, 0.6429885893937795, -0.31567246224577644, -0.36120970062263036, -0.26565586084263054, 0.382794940986228, -0.08026433743718196]], "inverted": false, "swapped": true, "error_lsq": 0.040581978341568355, "error_max": 0.19995412039521884, "target": "783.xyz", "model": "17.xyz", "model_rescale": 3.901054581598922, "target_rescale": 4.212860319267234},
{"mapping": [7, 12, 0, 8, 10, 1, 14, 13, 4, 3, 2, 11, 5, 9, 15], "R": [[0.4887687727307058, -0.5405429115177562, 0.6847762025736781], [-0.5153107901426697, -0.812240684090686, -0.27334933815619966], [0.7039601383358702, -0.21926794548178244, -0.6755454771651874]], "T": [0.04171175564407, 0.017197252737697864, -0.04344439733606962], "aligned_model": [[0.18051058082458812, 0.21160657999354346, -0.5879085357608982, 0.12741795805465217, -0.16114015615095278, -0.5993501637504424, 0.4703422264257898, 0.5452350993259016, -0.6166134398721335, 0.08497500520639731, -0.14586322949429578, 0.6156837641089574, 0.5477068750930572, -0.1475633842848545, 0.014047031369724565], [-0.05046888441486936, -0.5387769738445994, 0.5191217857809572, 0.5600071672056608, -0.5230067468096724, 0.22983051923574976, -0.5803229972350916, -0.050844852299947126, -0.33014289702716865, 0.41606773842078554, -0.257295904907716, -0.09797508553503845, 0.504246791718833, 0.6829502964238835, 0.06536739311533912], [-0.8369887755581156, -0.4005002029694622, -0.29711072693175417, -0.5721509972918246, 0.20558732375896707, 0.18231513711895028, 0.16487927571786762, -0.20746309488584389, -0.2610285534120964, 0.5188324132795614, 0.7276863819416484, 0.5319684484320109, 0.03213675427250091, 0.05843564482164839, 0.0030673765579178752]], "inverted": false, "swapped": true, "error_lsq": 0.03243949106867693, "error_max": 0.23393304294531306, "target": "783.xyz", "model": "18.xyz", "model_rescale": 3.9405287249114394, "target_rescale": 4.212860319267234},
{"mapping": [9, 5, 2, 10, 8, 14, 7, 4, 13, 11, 6, 3, 0, 12, 1, 15], "R": [[-0.28792656606410466, 0.9526706034367798, 0.09755518388038004], [0.3876492420904579, 0.022793780473001568, 0.921525099320926], [0.8756862210068321, 0.3031487504825817, -0.3758649723233372]], "T": [-0.06000220514169459, -0.03413082525572613, 0.08135624875769634], "aligned_model": [[-0.7021014944411416, -0.16574190230746827, 0.44754213012826644, 0.3273681963156155, -0.2551890808650377, 0.027926123635599306, -0.7040713575321248, -0.2922787079274936, -0.5305399697441766, -0.3082229800319739, 0.26041894022568823, 0.6788323164597246, 0.09483152259061366, 0.1059916939912998, 0.5462338584631647, -0.037949683264507636], [0.013903899578691668, 0.3234558264552656, 0.10334077274015574, -0.5013926304420288, 0.6659511226118201, -0.8034526888858157, 0.23145606626336374, 0.27665086652611975, -0.507171778296015, -0.4600696709745496, 0.5612155124487617, -0.4340414563718696, 0.5751110438298284, -0.2568874146945956, 0.2059491363758994, -0.03866492480812844], [-0.336269199278893, -0.6617544736250991, -0.6106159981517291, -0.41815812984953293, -0.1285473132685341, 0.09366239418767133, 0.18266803945178411, 0.7011363669632505, 0.15981843201562868, -0.44416801188152644, -0.2367262615686789, 0.22144062220546845, 0.3597895794952516, 0.5535475124650854, 0.18313478867294883, 0.04848567028623441]], "inverted": true, "swapped": false, "error_lsq": 0.03876543088765865, "error_max": 0.2223881647604266, "target": "783.xyz", "model": "19.xyz", "model_rescale": 4.410303926677745, "target_rescale": 4.212860319267234},
{"mapping": [14, 2, 11, 12, 5, 4, 13, 3, 1, 9, 6, 8, 9, 15], "R": [[0.22855923302190867, -0.6486250690194395, -0.7259794741175291], [-0.14015616762677408, -0.7598734164925205, 0.6347823560750252], [-0.9633882528226158, -0.043334867572334124, -0.26458488916768436]], "T": [-0.07563056719156805, -0.039151819845108626, 0.04503437373059849], "aligned_model": [[-0.2882336660153564, 0.3760746507914755, 0.2910405206094413, -0.7026449822621046, 0.2626185108957706, -0.43638916246617376, -0.264652104945708, 0.6113754217022138, 0.2550134688418936, 0.4162547686411233, -0.4986205943575398, -0.1684093493970648, 0.4162547686411233, -0.008494361218220864], [-0.08958156806409129, -0.6047763568610351, 0.13971181160518392, -0.06513556076244592, 0.5779649362607608, -0.6512954382956134, 0.37613410059410696, -0.002670001914386433, -0.5089798055141803, 0.12049651802396358, -0.04710847766598619, 0.4982705355327113, 0.12049651802396358, -0.052578744781749495], [-0.6873658209921224, -0.3806472286034447, -0.6672637322577478, -0.22261877645210826, -0.01591884860295005, 0.3557006480367423, -0.23223098902938266, -0.016742912163062423, 0.46583936803841397, 0.5161956639179346, 0.6389082439336354, 0.5780335620280634, 0.5161956639179346, 0.06873019695311497]], "inverted": false, "swapped": true, "error_lsq": 0.04515032044927497, "error_max": 0.32492904582913024, "target": "783.xyz", "model": "20.xyz", "model_rescale": 4.121658175737393, "target_rescale": 4.212860319267234},
{"mapping": [7, 6, 4, 12, 10, 8, 1, 13, 9, 3, 2, 11, 15], "R": [[0.686042687488733, 0.4905534476918434, 0.5373106605129687], [0.20183865843356044, 0.581199679165283, -0.7883324735794617], [-0.6990039963440677, 0.6492797916890822, 0.2997151400900607]], "T": [0.09319980889227218, -0.07292766779858909, -0.009773760599698603], "aligned_model": [[0.20498251442908993, -0.16207942651809043, 0.1143009996791863, 0.6629343745670312, 0.492982554461492, -0.36371517664428343, -0.3759658798241461, 0.3729121749036418, -0.5868651026570292, -0.23939450796126915, 0.26731932949889176, 0.4553113513492649, 0.03835969938051473], [-0.5875976618821463, -0.1739089555437819, 0.4305192078806773, -0.19615748753647747, 0.4113597471171584, -0.6227084050990654, 0.45815545806314373, -0.5184759989074911, -0.11427738192007056, 0.05824285659757397, 0.5897006657072886, -0.15007531978670935, -0.04394982052691633], [0.6035580616053422, 0.6657300045186797, 0.5796972656446825, 0.3447362907441163, 0.015236506427789558, 0.2557232489853611, 0.060759408001570245, -0.1009620042652279, -0.16862480398344581, -0.6007897492110073, -0.49534520907274593, -0.7423936809482273, -0.04721559896509801]], "inverted": false, "swapped": true, "error_lsq": 0.04506034133162357, "error_max": 0.26257806773307185, "target": "783.xyz", "model": "21.xyz", "model_rescale": 4.08911054899281, "target_rescale": 4.212860319267234},
{"mapping": [4, 0, 6, 7, 1, 12, 2, 15, 14, 13, 8, 10, 11, 9, 5, 16], "R": [[-0.16665548725753102, 0.8004800442190686, -0.5757235859108022], [-0.9860117848816391, -0.1337622374741316, 0.09944055460644771], [0.0025901045304786985, 0.5842425546234645, 0.8115749680254862]], "T": [-0.06655263865142796, -0.0035131069075277875, 0.0003312224289915705], "aligned_model": [[-0.6303772912374728, -0.17613925747431647, 0.4345223157132742, 0.21098092778359429, -0.2868539210170078, 0.002414732053600141, -0.7346843069834901, -0.4497642988578985, -0.36350294156168045, -0.3120020545395935, 0.3255466048253916, 0.6331338645735918, 0.10608034241199879, 0.26304368938125705, 0.5549413461266106, -0.08429014550181121], [-0.07219967065028972, 0.16260094164958436, 0.1675125141598672, -0.4236080513475628, 0.748541925803598, -0.7300283509916398, 0.2697415954933788, 0.27759021753607227, -0.37954997060523543, -0.5296800972289744, 0.5640595705253136, -0.4044646631737745, 0.5876719956356042, -0.33306406423568874, 0.06783603726206719, -0.017606247475417544], [-0.4042378111922143, -0.7483184246197508, -0.5243003202734008, -0.5019550954886025, -0.12568049935905334, 0.11163534600724578, 0.013960997220228852, 0.5531754702626195, 0.4272262688853359, -0.31531549237169665, -0.06953620314755651, -0.028165372935295044, 0.45485411364423955, 0.5391354898898031, 0.3264961813978377, -0.04153062980041047]], "inverted": false, "swapped": false, "error_lsq": 0.03775383313495265, "error_max": 0.29386252237293053, "target": "783.xyz", "model": "22.xyz", "model_rescale": 4.204369325754507, "target_rescale": 4.212860319267234},
{"mapping": [9, 5, 2, 10, 8, 14, 7, 4, 13, 11, 6, 3, 0, 12, 1, 15], "R": [[-0.28792656606410466, 0.9526706034367798, 0.09755518388038004], [0.3876492420904579, 0.022793780473001568, 0.921525099320926], [0.8756862210068321, 0.3031487504825817, -0.3758649723233372]], "T": [-0.06000220514169459, -0.03413082525572613, 0.08135624875769634], "aligned_model": [[-0.7021014944411416, -0.16574190230746827, 0.44754213012826644, 0.3273681963156155, -0.2551890808650377, 0.027926123635599306, -0.7040713575321248, -0.2922787079274936, -0.5305399697441766, -0.3082229800319739, 0.26041894022568823, 0.6788323164597246, 0.09483152259061366, 0.1059916939912998, 0.5462338584631647, -0.037949683264507636], [0.013903899578691668, 0.3234558264552656, 0.10334077274015574, -0.5013926304420288, 0.6659511226118201, -0.8034526888858157, 0.23145606626336374, 0.27665086652611975, -0.507171778296015, -0.4600696709745496, 0.5612155124487617, -0.4340414563718696, 0.5751110438298284, -0.2568874146945956, 0.2059491363758994, -0.03866492480812844], [-0.336269199278893, -0.6617544736250991, -0.6106159981517291, -0.41815812984953293, -0.1285473132685341, 0.09366239418767133, 0.18266803945178411, 0.7011363669632505, 0.15981843201562868, -0.44416801188152644, -0.2367262615686789, 0.22144062220546845, 0.3597895794952516, 0.5535475124650854, 0.18313478867294883, 0.04848567028623441]], "inverted": true, "swapped": false, "error_lsq": 0.03876543088765865, "error_max": 0.2223881647604266, "target": "783.xyz", "model": "23.xyz", "model_rescale": 4.410303926677745, "target_rescale": 4.212860319267234},
{"mapping": [10, 11, 13, 14, 1, 15, 3, 2, 4, 9, 7, 6, 0, 5, 12, 16], "R": [[-0.3387939327502629, 0.9377757553910426, 0.0761268923073162], [0.2537546930766896, 0.16898840771033097, -0.9523924998660385], [-0.905995158305587, -0.30334724435914423, -0.29521724622140266]], "T": [-0.03868096829848597, -0.05354746098380849, -0.10696290366681342], "aligned_model": [[-0.6629280062812863, -0.1337312162264944, 0.6364621953917753, 0.30513625659579346, -0.42996512984202206, 0.0879624568861935, -0.6664972250053508, -0.3030664296289941, -0.4934688407483113, -0.29591250680183034, 0.22168946839159367, 0.6221506089627357, 0.05890356274533973, 0.11123495856074564, 0.5496450973219567, -0.114565644625796], [-0.08827226011051964, 0.06564738182002755, 0.035157220692663645, -0.4135905074378142, 0.684301438350453, -0.7557484906019817, 0.40292378863087897, 0.20453772363764958, -0.22028395715741636, -0.4964460273799813, 0.5318519161014579, -0.39907465133256403, 0.5022984997820313, -0.30413334640245854, 0.18038071656062898, 0.025804237203847606], [-0.28832930124620154, -0.7213565286569786, -0.2816048568170165, -0.565557180321844, -0.3039681224980109, -0.09320253683234776, 0.3477147081900352, 0.7275347395259891, 0.3821703142886431, -0.4676466697442478, -0.2842922630191132, 0.0407214793394418, 0.39493184454980673, 0.4501133589138329, 0.38834092535735876, -0.05812589291001764]], "inverted": false, "swapped": false, "error_lsq": 0.04673626255841585, "error_max": 0.3194474674831249, "target": "783.xyz", "model": "24.xyz", "model_rescale": 4.28219845311461, "target_rescale": 4.212860319267234},
{"mapping": [0, 4, 7, 3, 2, 5, 6, 10, 8, 1, 13, 9, 14, 11, 12, 15], "R": [[0.6765864112769931, -0.4559060482721658, 0.5782564337940197], [0.5026444280279099, 0.8598189490986902, 0.08977724513104543], [-0.5381258282667867, 0.22991531032030502, 0.8109004519868657]], "T": [0.02543558715488748, 0.010648506076041862, -0.05159233269926124], "aligned_model": [[-0.6736794539794732, -0.10125938027320941, 0.5911110370244587, 0.12329428947602444, -0.24433215782897488, -0.0020298492275925076, -0.8018778570451022, -0.2982514197787848, -0.45410034689516243, -0.3205814897936943, 0.3842015486113757, 0.6073440348050781, -0.0785019376312922, 0.22219603205904254, 0.5743385018487583, -0.03482194567540376], [0.1799392363849082, 0.11053954166506541, 0.05599857809658585, -0.5275736946952049, 0.6316277309252689, -0.7806033101116249, 0.2287369459546271, -0.012184377877738746, -0.36865216875390855, -0.478554030376947, 0.4690402957060222, -0.33285436490544185, 0.5252127881837179, -0.08372038725367523, 0.3096308681557759, 0.02877003125947248], [-0.43647280755736345, -0.7647674439188396, -0.5840401349604922, -0.6000318296693495, -0.15352461639728504, 0.26217014768706615, 0.23158081644856543, 0.6725693894184935, 0.27722728800046903, -0.27704844735262935, -0.17025323205970808, -0.03540529900889265, 0.5002819423081569, 0.44726326819285867, 0.38856109241386927, -0.09066611542558928]], "inverted": false, "swapped": false, "error_lsq": 0.03880531980391782, "error_max": 0.2301724178962152, "target": "783.xyz", "model": "25.xyz", "model_rescale": 4.100010024507729, "target_rescale": 4.212860319267234},
{"mapping": [3, 9, 8, 0, 14, 12, 13, 4, 1, 10, 2, 15], "R": [[0.8730656137255284, -0.4765029290486611, -0.10344753616260507], [-0.4524787200023924, -0.7126693561287776, -0.5360647318934444], [0.18171252591679934, 0.5148274928974177, -0.8378145442052771]], "T": [-0.03462913972063201, 0.0872479524653535, 0.07827672742801506], "aligned_model": [[-0.49099215763137416, 0.024130146582107576, 0.34870115768548304, 0.569112384732459, -0.48260413705386174, 0.12362330327801582, -0.21646790687283915, 0.5288798072742165, 0.18787340904885338, -0.1253504732857952, -0.5374517298445493, -0.05268820154970888], [-0.39869487048575897, -0.6097043632038959, -0.3099928887454199, -0.47099632970183597, 0.7053855912007059, 0.7260394842710698, 0.2874755396480909, 0.3300347095700864, -0.29184142880006975, 0.5141086366031197, 0.15815612321833894, 0.026161186476208118], [-0.10260155643586999, 0.06289645697993779, 0.6043721773017354, -0.11291963254992674, 0.11539200336344468, 0.2581710949865897, 0.5386148585098915, -0.39595145066431314, -0.482012942938695, -0.3739905092042928, -0.5905394069279151, 0.04376119743377033]], "inverted": true, "swapped": true, "error_lsq": 0.04584705851105474, "error_max": 0.239152555369549, "target": "783.xyz", "model": "26.xyz", "model_rescale": 3.6694154284099745, "target_rescale": 4.212860319267234},
