[{"mapping": [0, 7, 6, 3, 1, 10, 8, 9, 2, 5, 11, 13], "R": [[0.12308590483668651, 0.6470410280680509, -0.7524544956521784], [-0.9923737362269157, 0.08533115660276676, -0.08895482763665155], [0.006650389279316604, 0.7576651646403403, 0.6526095851372087]], "T": [-0.07726071788641149, -0.04343163594163669, -0.052309817215504636], "aligned_model": [[-0.22202627065205333, 0.28914758645482636, 0.4979718542825509, -0.10769899520573242, 0.01483570518376097, -0.6752917026254639, 0.29375600312542693, -0.18984182112667503, 0.5312940160827742, 0.24732306664701104, -0.7185137065981935, -0.123313273107683], [-0.5757438679654667, -0.6876591511206679, -0.19541774748167795, 0.6414202371721004, 0.4538315854486417, -0.4459723529831567, -0.5185743954139241, -0.39100606532242976, 0.3210441759989259, 0.35574663692864594, 0.13864250342318535, -0.0427565227071191], [-0.34608164422291443, -0.1456719837883031, -0.47192387509423916, -0.11512330666711251, -0.5776740737656367, -0.02081892668227074, 0.36380810140043696, 0.7545307474293589, -0.12503038329503324, 0.4737777187315737, 0.29528433017798594, 0.09687504112971672]], "inverted": false, "swapped": true, "error_lsq": 0.057816661018701344, "error_max": 0.3545462750497867, "target": "784.xyz", "model": "0.xyz", "model_rescale": 3.751011558992144, "target_rescale": 4.22730133569329},
{"mapping": [8, 0, 3, 7, 1, 12, 2, 5, 9, 10, 4, 6, 6, 14], "R": [[0.8694727116293014, -0.07560092455005779, -0.4881615551630081], [-0.3836942372414959, -0.725761921271246, -0.5710064499988918], [-0.3111204526219014, 0.6837793019972502, -0.660037824764988]], "T": [0.03654720252474797, 0.08858062995327104, 0.021329239291453715], "aligned_model": [[0.46176832838486637, -0.40479250683008167, -0.33577508635694175, -0.6255550041236577, -0.34018841395307303, -0.39914915017776226, 0.2951623368511228, 0.6068158918420723, 0.36815864348716987, 0.48991027544194776, 0.3291946095561039, -0.433975809381716, -0.433975809381716, 0.024820574552353238], [-0.40576523511698753, -0.3106727219314281, 0.2833274245756124, 0.08737588033246516, -0.48196067314677177, 0.6770248134605246, -0.06969644419779103, 0.22773557124226448, 0.65119292974533, 0.2553995365684878, -0.4397901853639364, 0.02991871112904, 0.02991871112904, 0.1419553456433803], [-0.10207016082890322, -0.44911793144604, -0.6165231642463854, 0.05733257701044247, 0.15637903073822904, -0.10467566226171102, -0.7479591865175135, -0.1920145473412445, 0.1090268657120724, 0.6839657343923788, 0.5319717234118623, 0.6034740836527774, 0.6034740836527774, 0.02550516610649041]], "inverted": true, "swapped": false, "error_lsq": 0.04935442595232199, "error_max": 0.29919710785976705, "target": "784.xyz", "model": "1.xyz", "model_rescale": 3.9405287249114394, "target_rescale": 4.22730133569329},
{"mapping": [9, 10, 11, 6, 0, 12, 8, 7, 1, 3, 2, 5, 13], "R": [[-0.769562840068754, 0.35430328029036595, 0.5312647369822319], [-0.6259928414103514, -0.254258567976048, -0.7372147198162584], [-0.12611898226796936, -0.8999009757669207, 0.41745926283343615]], "T": [0.016859446463446823, -0.0907554710619603, -0.06823268003774138], "aligned_model": [[-0.24567715813742647, 0.13959997273798885, -0.5012108048886348, 0.5388881575647086, 0.5551353645283443, -0.7327737599576711, 0.21619089785658863, 0.6520189684528663, -0.009514993991252815, -0.46425254516298203, -0.04951654469650037, -0.5160374861155199, -0.08686678890657802], [0.7226448406558419, 0.38559898278763394, 0.2245984267424998, -0.45427010009263397, 0.10946647854210817, -0.044345960427629394, 0.3911717355742181, 0.15968699414813387, -0.806480927682653, -0.5793020835275302, -0.5730388479751232, -0.10124929495948018, 0.02435234978663127], [0.16399274851100362, -0.5961464620877475, -0.5124547110796137, 0.2859020217655234, -0.31477977675790714, -0.1024170883929047, 0.44614199987169356, 0.2348375827674367, -0.20535133006767906, -0.12945008158596735, 0.45279201669719893, 0.43909045278841474, -0.049037022840807326]], "inverted": true, "swapped": true, "error_lsq": 0.04915118267631943, "error_max": 0.3492313974628964, "target": "784.xyz", "model": "2.xyz", "model_rescale": 3.932901565614263, "target_rescale": 4.22730133569329},
{"mapping": [5, 4, 2, 0, 7, 1, 6, 12, 10, 11, 9, 8, 3, 13], "R": [[0.5113834816984753, -0.3554440954117494, 0.7823978717269551], [0.8399405222909533, 0.39916187306014467, -0.36765434596740176], [-0.18162283353022066, 0.8451800365200544, 0.5026766875521617]], "T": [-0.089619233013474, 0.06681924428060892, 0.11836292303953078], "aligned_model": [[0.2952701822360587, -0.45991454453598263, -0.362973683544061, -0.7157478511125349, -0.27723078465036316, -0.3173836046255446, 0.2574651802924618, 0.6508487151170466, 0.4374590856495783, 0.23379776876963887, 0.3597509292080579, -0.053984191900795994, -0.46006307171106914, 0.015124750718197175], [-0.41345287702428946, -0.3599353475961388, 0.2676097976064842, 0.1560609393523417, -0.6154846380467095, 0.7316872353240667, 0.15397223300637888, -0.0065227443685843545, 0.5435497269316243, 0.5854734464051115, -0.45783679395802734, -0.11578814245366545, 0.14978841222817008, 0.056842416662467754], [-0.2531185881838849, -0.5479615513078657, -0.6426629314808722, -0.10288174379131315, 0.2132621601313544, -0.1158219748982928, -0.46355547955485243, -0.05327035069226482, 0.0285746542741053, 0.7695986406899421, 0.3685537266946176, 0.8284132111789595, 0.4597907450199583, 0.06984809395564162]], "inverted": false, "swapped": false, "error_lsq": 0.05067607889326236, "error_max": 0.309071208029013, "target": "784.xyz", "model": "3.xyz", "model_rescale": 3.9243930471874484, "target_rescale": 4.22730133569329},
{"mapping": [8, 5, 6, 0, 1, 9, 10, 2, 3, 12, 4, 11, 13], "R": [[-0.028256860981990095, 0.4886641866764154, 0.8720142558853738], [0.985264593298254, -0.13359930478507842, 0.10679375896451171], [0.16868678371547358, 0.8621824275759866, -0.47768842416255797]], "T": [0.10111461163783445, -0.14796431267284893, -0.10068541583565004], "aligned_model": [[-0.16597596650965726, -0.27835386300836296, 0.6915609639272237, 0.3231208271618729, 0.6300291906483825, -0.6980090734101704, -0.13700148376101787, 0.38126743051537315, 0.15501404690650988, -0.42457100836043205, 0.29906052780418935, -0.4441335790736881, -0.054802126528870565], [-0.5951805881166483, 0.2785933207925051, -0.28403580119471683, -0.6934867993106927, 0.3396992909064196, -0.4800434576660487, -0.5764033992213944, 0.2419105967237598, 0.5330087947589779, 0.3812901052888268, 0.11478830882098567, 0.013349923770541672, -0.14566074187092876], [-0.6156887142577031, -0.5649248845096682, -0.5043262250141053, 0.10844067247989954, 0.018451658177467148, -0.2893622903553006, 0.42885442024874754, -0.6279251293957355, -0.015452856780972732, -0.006787862000616263, 0.5732485890110077, 0.3911074335490662, -0.10856449578112255]], "inverted": true, "swapped": true, "error_lsq": 0.045638277979027746, "error_max": 0.2817479438489347, "target": "784.xyz", "model": "4.xyz", "model_rescale": 3.8936222436046832, "target_rescale": 4.22730133569329},
{"mapping": [6, 7, 2, 1, 5, 9, 10, 11, 4, 0, 3, 13], "R": [[0.3790030012767993, 0.8985841825440712, 0.2211406609033757], [0.8926739243776562, -0.2920243447458861, -0.3433002283889864], [-0.24390569849712979, 0.3275183185065214, -0.912820771719886]], "T": [-0.09755195643761747, -0.05490427493349198, -0.032518121817168025], "aligned_model": [[-0.06432096871563794, -0.39501745338847183, -0.20200990654346435, 0.4534353870136705, -0.5554470263728998, -0.8242834352770517, 0.024025051411286413, -0.03109348020637523, 0.5922177781155409, 0.04256244357564712, 0.18703005910111167, -0.19955040649825867], [-0.4761572628262855, -0.7286787603929785, 0.12489542578452295, 0.13547793162362182, 0.46943453819484166, 0.013818024634433407, -0.28821149175193406, 0.3730244643893491, 0.12663140258852407, -0.6265942577027768, 0.5257923454454214, 0.019490545123067846], [-0.6254007994196225, -0.15718909606026238, -0.7145960988391229, -0.4706135764080221, -0.27098601518804294, 0.4690920741802482, 0.6393885216339724, 0.5820047370400321, 0.19915207436387472, 0.17760989269584926, -0.26852367853792, 0.059346683814534146]], "inverted": true, "swapped": true, "error_lsq": 0.05069876173282537, "error_max": 0.29330644701879927, "target": "784.xyz", "model": "5.xyz", "model_rescale": 3.6523030999806103, "target_rescale": 4.22730133569329},
{"mapping": [1, 2, 5, 3, 12, 6, 8, 4, 7, 10, 9, 11, 13], "R": [[-0.8739777060703353, -0.12547553466277342, 0.4694878693780344], [0.13700030900860885, 0.8632907490973876, 0.4857571387580603], [-0.4662551711494262, 0.48886089301964314, -0.7373066815460556]], "T": [-0.004582232894535632, -0.11688184325935419, -0.00934570471919486], "aligned_model": [[0.24272140729892977, -0.05239200112686315, 0.2528679056546183, 0.5570536420527269, 0.6567752560889172, -0.5264560356605104, -0.5073339775246943, 0.4537124324079862, -0.7473175349814883, -0.001966727554291642, -0.0609631560007311, 0.5627927190165843, 0.05158897499311043], [-0.6606661370649665, -0.09826073534172858, 0.4205072637790053, -0.25657918529888, 0.2373974157050704, -0.38795200538471925, 0.41560529226182114, -0.6630741807207241, -0.06274148484005695, -0.16935326398959838, 0.6804064497827345, 0.06715008070129752, 0.018387394573927934], [0.4088643093976634, 0.7018766535193922, 0.4223931005672256, 0.3634060999578102, 0.03928390615974749, 0.41988261324986614, -0.025664562472270107, -0.24182903524250224, -0.06777278384497587, -0.7290065087853902, -0.3909564420030754, -0.4669437750458042, -0.06342383597589843]], "inverted": false, "swapped": true, "error_lsq": 0.055229468177042475, "error_max": 0.39395479841656167, "target": "784.xyz", "model": "6.xyz", "model_rescale": 4.08911054899281, "target_rescale": 4.22730133569329},
{"mapping": [8, 12, 7, 13, 11, 2, 5, 4, 3, 0, 9, 1, 1, 14], "R": [[-0.8899338197157618, -0.06048090710901938, -0.45206178383201584], [0.45602714708961894, -0.10158308197112054, -0.8841493757134887], [0.007552327020006244, -0.9929868767171695, 0.117983155679377]], "T": [-0.001976344551669642, -0.007721284934278573, -0.07299162286999084], "aligned_model": [[0.5608633653367426, -0.4457116983819981, -0.3081950936222563, -0.7334749290933986, -0.24442924094515947, -0.4232646406193348, 0.133960654817627, 0.6129414571409318, 0.6503790303831416, 0.22579191848230074, 0.25272359677708345, -0.34318013152588595, -0.34318013152588595, 0.007194722686780761], [-0.38268906506693706, -0.36642448692095736, 0.5322399316639496, -0.01059026447862741, -0.5192722940502384, 0.6381211889342094, 0.003706579741255704, 0.09603415288831199, 0.3106851398399101, 0.6203792960526262, -0.2907973348911316, 0.06572344532017885, 0.06572344532017885, -0.08687607028349881], [0.015096958229366353, -0.5001132292735704, -0.5355507291741012, -0.10120708177897, 0.08213162187433337, 0.16268445532864434, -0.8225860236593495, -0.4015648962597111, 0.24244656397800973, 0.5890260971513765, 0.6122478956457947, 0.5720912448359332, 0.5720912448359332, 0.0719744903015439]], "inverted": false, "swapped": false, "error_lsq": 0.049541631062436274, "error_max": 0.31913854396769764, "target": "784.xyz", "model": "7.xyz", "model_rescale": 3.964800864290218, "target_rescale": 4.22730133569329},
{"mapping": [3, 1, 2, 7, 8, 4, 0, 3, 6, 11, 10, 9, 12, 13], "R": [[0.985076727597577, -0.16434259420980496, 0.051140516951244705], [-0.1721157316538396, -0.9403718745685948, 0.29338867128369267], [-0.00012515155868076527, -0.29781243971456023, -0.9546243947691412]], "T": [-0.03249198638213117, 0.03092735958996179, 0.008086602713710436], "aligned_model": [[0.6217322073946654, -0.3894847220818479, -0.3199814174568514, -0.7276053687354089, -0.40266475834082277, -0.07808357818472404, 0.2200589295478754, 0.6217322073946654, 0.4004588359329471, 0.14501137887011542, 0.3773134726607541, -0.21296925991403312, -0.6048519627135767, -0.04824708446306997], [-0.11264913488727596, -0.36265100943568557, 0.42649337542520166, -0.059225976042682316, -0.5702530204611731, 0.7297597604572643, 0.10926797923330236, -0.11264913488727596, 0.41597780245358706, 0.48425161576099723, -0.3868905483356643, -0.12569975691619478, 0.2715044386671919, -0.03127272696236223], [-0.27001264254440815, -0.5217927658836509, -0.4385520452900874, -0.11658467188235082, 0.31240855550264823, 0.07626341159172716, -0.6576762339628012, -0.27001264254440815, 0.036292366056725506, 0.6789986674321691, 0.5848202453621473, 0.6536504081598276, 0.4384372316258857, 0.05252872841180896]], "inverted": true, "swapped": false, "error_lsq": 0.04812577377587523, "error_max": 0.36036708105392906, "target": "784.xyz", "model": "8.xyz", "model_rescale": 4.121658175737393, "target_rescale": 4.22730133569329},
{"mapping": [9, 5, 12, 11, 8, 0, 2, 1, 3, 6, 10, 4, 13], "R": [[0.9579311314139631, 0.2412229870610466, 0.1554973246757332], [-0.024883627958008414, 0.6095741722922889, -0.7923383958472655], [-0.2859173875923108, 0.7551362784209991, 0.5899325796096292]], "T": [-0.09943310245011297, -0.038661446637370325, 0.05007873556607766], "aligned_model": [[-0.6443068421594365, 0.07349695203356366, 0.3005271590737445, 0.0720722406255771, -0.7270823455363662, -0.4937681388323958, 0.17018637290214775, 0.5081422899790201, 0.5700137731299767, -0.21124483257313922, -0.394651119615701, 0.38827383241668056, -0.13492184500847426], [0.16837770778142613, -0.3888164107228001, 0.15122451003461296, 0.5870682038942505, -0.312070885303427, 0.16637960117369194, -0.6973194669701615, -0.2319100300392633, -0.11288644963996694, -0.6076109030942998, 0.6129225095784206, 0.44004558577660396, 0.014983466942622183], [-0.6167957517516985, -0.5735820052018604, -0.5575786294692273, -0.3296927757423752, -0.21044358179683953, 0.4894798185949322, 0.005979832869686445, 0.4040097911093522, -0.09213814457116054, 0.4903773850744543, 0.14471717444708643, 0.35893159943124875, -0.09218927903450969]], "inverted": true, "swapped": true, "error_lsq": 0.0527290457659357, "error_max": 0.40035617021683334, "target": "784.xyz", "model": "9.xyz", "model_rescale": 3.833441315466971, "target_rescale": 4.22730133569329},
{"mapping": [12, 10, 13, 8, 11, 2, 0, 1, 5, 4, 6, 7, 9, 14], "R": [[-0.1763664636301035, -0.5217564269453823, -0.8346646640704275], [-0.9284468957361225, -0.19345584905520208, 0.31711385378801815], [-0.32692695255143633, 0.8308700652975283, -0.45030401096138595]], "T": [0.011636112268719568, 0.004016896490256966, 0.08925900876919576], "aligned_model": [[0.3054847137344053, -0.37804014224210103, -0.13342437963003329, -0.7458069955745495, -0.3342453921326504, -0.31926436109933726, 0.2215477572534138, 0.6748292392660874, 0.3010024102327609, 0.47251052790069153, 0.5857119924434133, -0.3122693856587107, -0.6865525364598438, -0.04906456812285817], [-0.5132562503078693, -0.37949271146979013, 0.5670960847880805, -0.08575620804127768, -0.5738397777759594, 0.6419127099307503, 0.08232304409502339, -0.03242042265375321, 0.5929621028752495, 0.3999555930027755, -0.1509034071890478, -0.21883430798213663, 0.29796027651335055, 0.048256938283834344], [-0.006143026476377239, -0.5246033054288817, -0.4562552649309619, -0.07130278762160266, 0.19781650488348324, 0.10488151969163798, -0.5538803309160598, -0.23393772851457653, -0.07458814850164205, 0.6057276929215798, 0.41738421559500205, 0.6271591350560399, 0.3791555880175488, 0.1473545482600429]], "inverted": false, "swapped": false, "error_lsq": 0.05062775442393842, "error_max": 0.3689292714236407, "target": "784.xyz", "model": "10.xyz", "model_rescale": 4.2482417240324, "target_rescale": 4.22730133569329},
{"mapping": [0, 10, 11, 9, 1, 3, 4, 5, 8, 2, 6, 13], "R": [[-0.2811845969861306, 0.7152218562241225, 0.6398381973570103], [-0.8255625669902359, 0.1596453257117971, -0.5412576262399141], [-0.48926646155468256, -0.6804197721683986, 0.5455705850209166]], "T": [-0.06248836036253341, 0.0325239940254984, -0.057575729836403675], "aligned_model": [[-0.4868154625494429, -0.11445024876093474, 0.356087172984135, 0.6177179879673234, -0.42967843951653545, 0.07290235028028164, -0.34137435987980547, 0.5370243377335582, 0.1816764870048973, -0.06134668602467397, -0.5379924803413674, 0.08301494346557148], [-0.42581715199721865, -0.5741835286668879, -0.15194962836125306, -0.5115787801556455, 0.6332063002709363, 0.6383905503467635, 0.1672488877116525, 0.39187058214986764, -0.33330285471507565, 0.6198015321255188, 0.23363061896313783, -0.021185137621156487], [-0.07960226350032094, 0.32956469408413913, 0.5390330905698181, -0.21803033507653397, 0.13245657606122496, 0.2398955842321871, 0.6254179531592603, -0.28762045726463475, -0.6433422493586108, -0.46201800294821765, -0.5709179208201437, -0.03964437928381135]], "inverted": false, "swapped": true, "error_lsq": 0.048116437525847176, "error_max": 0.2546214266604453, "target": "784.xyz", "model": "11.xyz", "model_rescale": 3.6694154284099745, "target_rescale": 4.22730133569329},
{"mapping": [11, 3, 2, 1, 4, 12, 8, 9, 7, 5, 6, 0, 0, 13], "R": [[0.04949361190519219, -0.3070540399367692, 0.9504042292304299], [-0.9681015948770963, 0.21926392023761765, 0.12125442374797976], [-0.24562101778349751, -0.9260891694866866, -0.2864073424031901]], "T": [0.05482074628250874, 0.12751951849157117, 0.028979521683492982], "aligned_model": [[0.49513922737792015, -0.4386967034426418, -0.31605558747527507, -0.779009052327765, -0.266614394679645, -0.2616615713823046, 0.13755226805449833, 0.7152211789365194, 0.6674444145825009, 0.19660367429012224, 0.2800014795781944, -0.3913282420096962, -0.3913282420096962, -0.04484956958204327], [-0.4495866248287361, -0.36928223461755944, 0.2945470446289317, 0.07539515680276124, -0.5367423379205237, 0.7218289374120026, -0.1250078010115766, 0.1395409356368701, 0.5174682966311205, 0.4766639225692617, -0.14247769149640194, -0.008860416569827029, -0.008860416569827029, 0.09133689340273446], [-0.10554476406025388, -0.4718971552818047, -0.48177102796196286, -0.10697786858877771, 0.08478531010091615, 0.1206515318853886, -0.6795282761006499, -0.427543227990938, 0.18645177300314034, 0.7378988252036497, 0.47198062484780534, 0.5703568928248708, 0.5703568928248708, 0.08954908132897836]], "inverted": false, "swapped": false, "error_lsq": 0.04779587417875293, "error_max": 0.32622515693578485, "target": "784.xyz", "model": "12.xyz", "model_rescale": 3.9764082729961374, "target_rescale": 4.22730133569329},
{"mapping": [13, 11, 3, 8, 10, 7, 14, 6, 4, 0, 12, 1, 2, 15], "R": [[-0.975998267781843, -0.19095766473327638, 0.10470220421011188], [0.2092012220222386, -0.6884956424576604, 0.6944124127787578], [-0.060516361351657395, 0.6996491410674549, 0.7119191312307379]], "T": [0.10525718627050518, 0.039744910318561213, 0.13540379217512027], "aligned_model": [[0.3762298797605572, -0.2894389090381836, -0.35683941522400786, -0.5848523175626519, -0.39069928823419153, -0.19519159578192014, 0.20995305953628263, 0.7307236017092198, 0.4298899598749951, 0.09375045470454237, 0.2465388672494071, -0.2621775252153643, -0.5140763977020391, 0.10860850583404216], [-0.4281045498771404, -0.3607014036437598, 0.3440249774595565, -0.006300846755745534, -0.5915750146954418, 0.7330358041538656, -0.0720791230890863, 0.0892719335462135, 0.6761109225141095, 0.5852020441047388, -0.5092721117839746, -0.22908162144929822, 0.3259726533766167, 0.11946000020857646], [-0.1512514505193679, -0.4253122150259185, -0.4988862195241845, -0.010478001147956134, 0.17551895932485673, 0.12482244957367844, -0.6490337128236088, -0.300483398308478, 0.061136823720636835, 0.6144153200454819, 0.4283770520636427, 0.5781752985686048, 0.5486338791408869, 0.06313382694695824]], "inverted": true, "swapped": false, "error_lsq": 0.04199305399754496, "error_max": 0.2559317432059221, "target": "784.xyz", "model": "13.xyz", "model_rescale": 4.170626492500431, "target_rescale": 4.22730133569329},
{"mapping": [7, 9, 3, 11, 10, 6, 1, 0, 2, 4, 8, 12, 5, 13], "R": [[0.6305229904186275, -0.2875969598718563, -0.7209221506001999], [-0.6548859060286167, 0.3014234988991187, -0.6930139424257573], [0.41661158005824706, 0.9090829791520016, 0.001711250271561892]], "T": [0.0376725628016453, 0.08297394849451377, 0.021334376054489835], "aligned_model": [[0.500159551742153, -0.3903022952002818, -0.20448004825034397, -0.6613732996307072, -0.13862143367515806, -0.46026245611351224, 0.23857115601522857, 0.5895360611898158, 0.3769978992721288, 0.3199302562128855, 0.3762767789741258, -0.24027708985375731, -0.645872734190316, -0.05786346658157265], [-0.5698630696034103, -0.38794368159891396, 0.4564903964024004, 0.08651769444036621, -0.4463392815297774, 0.751674743846614, -0.16661876734947262, 0.07736849939741623, 0.6447574878848591, 0.3092305030594805, -0.3513427003968916, -0.17056505721698512, 0.3294295446140091, 0.11316735211953571], [-0.11034483927792847, -0.48004426833445724, -0.5052785563093692, -0.08346054372707797, 0.10545474399423323, 0.13264129526222604, -0.6773484570949817, -0.2051025127579827, -0.02546026183911756, 0.6314177282446451, 0.5196039076243855, 0.6491624451607845, 0.5683675509696702, 0.039160380120203286]], "inverted": false, "swapped": false, "error_lsq": 0.045336023268244076, "error_max": 0.3015674393985174, "target": "784.xyz", "model": "14.xyz", "model_rescale": 3.9786697098870705, "target_rescale": 4.22730133569329},
{"mapping": [0, 10, 1, 6, 4, 3, 9, 12, 2, 8, 11, 13], "R": [[-0.38476454243128044, 0.21248324268718433, -0.8982244254443246], [-0.9000462654756292, -0.3021127339882339, 0.31407740441733184], [-0.20462885156062655, 0.9292893884787958, 0.307487016912398]], "T": [0.07627133063499628, -0.07566899991618123, -0.054560895447430646], "aligned_model": [[-0.16439284231212123, -0.5884548687242468, 0.6101639081998231, 0.6234596339629892, -0.02800709111298448, 0.40845969612933586, -0.5218859913460608, -0.060146504391733996, 0.7484290774666219, -0.04553116809512828, -0.4762433710158137, -0.02249588199334429], [-0.43518891080277555, -0.09004309236544111, 0.3075116395084191, -0.5028188627962323, 0.48686836173213177, 0.5176341296224237, -0.330497139349603, 0.48708954745345445, -0.09772568949846888, -0.6882932545636953, 0.4147153306375073, -0.05457756935328137], [-0.5056057418970719, -0.3349253531137226, -0.37061686792947396, -0.2740972320690168, -0.5394178807791676, 0.05284672812066493, 0.5468911999317208, 0.42498613276789915, 0.18247755771126836, 0.32809279297495464, 0.08482630578198089, 0.06450885237379386]], "inverted": false, "swapped": true, "error_lsq": 0.05710214572743614, "error_max": 0.3075311975769278, "target": "784.xyz", "model": "15.xyz", "model_rescale": 3.769337070930944, "target_rescale": 4.22730133569329},
{"mapping": [5, 2, 9, 8, 12, 3, 11, 1, 10, 7, 13], "R": [[0.6008944303662326, 0.6698033724264334, -0.43622164760705917], [-0.5122392014026265, -0.09627148732036372, -0.8534300213113695], [-0.6136260132207895, 0.736271174918115, 0.28525054405462225]], "T": [0.005120489827961766, -0.015334167942150846, 0.15897217199963712], "aligned_model": [[-0.18568503993233926, -0.30452152801111876, -0.25770960440888496, -0.6370116442442288, 0.3665837332421664, 0.38746800777802815, 0.5532111181373823, 0.2961256009726938, 0.2962740093699303, -0.6022126169653843, 0.010104094752925659], [-0.07985429744662323, -0.585856135829374, 0.7540415250771323, 0.33014273438251857, 0.10683698193236399, -0.43388125105246184, 0.4313342373447117, -0.6820884642071054, 0.5455645990883883, 0.10726697626373255, 0.1025575920720593], [-0.5487681934552565, -0.13614859548987465, -0.19239027630292269, 0.08911371728852316, -0.48886337381422074, -0.23156953643612452, -0.09649226375868244, 0.2091199361581447, 0.5072450032293835, 0.5762443706701057, 0.0567268191347015]], "inverted": true, "swapped": true, "error_lsq": 0.03972810311615453, "error_max": 0.2110556217300404, "target": "784.xyz", "model": "16.xyz", "model_rescale": 3.7852294659196426, "target_rescale": 4.22730133569329},
{"mapping": [5, 1, 4, 3, 2, 6, 7, 0, 11, 9, 8, 10, 13], "R": [[0.049026863152483, 0.21689887791262288, -0.9749621753943447], [-0.9203871231930802, -0.36931022782748607, -0.12844259060909805], [-0.3879225568973707, 0.9036397691460107, 0.18152481226529554]], "T": [-0.011904676592774378, 0.043065247978783236, 0.03416070090155354], "aligned_model": [[-0.07201583954273827, -0.36885073529016477, 0.2637056751865281, -0.05349339361195714, -0.6023463688180013, -0.7073976157048033, -0.34191893896359427, 0.007062729965166544, 0.7060181261259306, 0.48734407690881376, -0.11526728707961141, 0.55198582598039, 0.09893959506032438], [-0.03602490897114834, -0.57184757841754, -0.5164637823614032, -0.5997049029981832, -0.15385705484560502, 0.17070452694583577, 0.677672771044958, 0.3729429687435115, -0.15495565876639705, 0.6231061483922175, 0.7161946334857143, 0.26143504616720525, 0.08585341528370866], [-0.6949465733421256, 0.19612301646883204, 0.45054365794486806, -0.20876114439111576, -0.31379041231626076, 0.20755630022495894, 0.2494848965944552, 0.564666300122277, -0.06856538579397453, -0.4116839149651225, -0.23561915835963632, 0.4278787422938295, -0.06713162733781118]], "inverted": true, "swapped": true, "error_lsq": 0.04390632099151758, "error_max": 0.2637388605958853, "target": "784.xyz", "model": "17.xyz", "model_rescale": 3.901054581598922, "target_rescale": 4.22730133569329},
{"mapping": [8, 0, 3, 7, 1, 12, 2, 5, 9, 10, 4, 6, 6, 14], "R": [[0.8694727116293014, -0.07560092455005779, -0.4881615551630081], [-0.3836942372414959, -0.725761921271246, -0.5710064499988918], [-0.3111204526219014, 0.6837793019972502, -0.660037824764988]], "T": [0.03654720252474797, 0.08858062995327104, 0.021329239291453715], "aligned_model": [[0.46176832838486637, -0.40479250683008167, -0.33577508635694175, -0.6255550041236577, -0.34018841395307303, -0.39914915017776226, 0.2951623368511228, 0.6068158918420723, 0.36815864348716987, 0.48991027544194776, 0.3291946095561039, -0.433975809381716, -0.433975809381716, 0.024820574552353238], [-0.40576523511698753, -0.3106727219314281, 0.2833274245756124, 0.08737588033246516, -0.48196067314677177, 0.6770248134605246, -0.06969644419779103, 0.22773557124226448, 0.65119292974533, 0.2553995365684878, -0.4397901853639364, 0.02991871112904, 0.02991871112904, 0.1419553456433803], [-0.10207016082890322, -0.44911793144604, -0.6165231642463854, 0.05733257701044247, 0.15637903073822904, -0.10467566226171102, -0.7479591865175135, -0.1920145473412445, 0.1090268657120724, 0.6839657343923788, 0.5319717234118623, 0.6034740836527774, 0.6034740836527774, 0.02550516610649041]], "inverted": true, "swapped": false, "error_lsq": 0.04935442595232199, "error_max": 0.29919710785976705, "target": "784.xyz", "model": "18.xyz", "model_rescale": 3.9405287249114394, "target_rescale": 4.22730133569329},
{"mapping": [4, 9, 5, 11, 13, 2, 8, 0, 1, 3, 12, 14, 10, 15], "R": [[-0.7925816512633713, -0.5632356608973531, -0.23362344996628628], [0.5900756971060571, -0.6118831509635997, -0.5266969539039104], [0.15370425422033354, -0.5553058615397273, 0.8173190334099608]], "T": [0.04564415864550532, -0.04296785571999704, 0.02650523610140614], "aligned_model": [[0.6166668862557635, -0.4657687100062222, -0.37531793438199246, -0.6729183316151396, -0.3024697393690604, -0.25032989844868336, 0.1927172936508737, 0.6394292717693721, 0.45402023271729697, 0.18506223214165268, 0.34824381912296776, -0.3275486923911812, -0.46434729460402213, 0.024979745069062868], [-0.47366295514202417, -0.3253437674069245, 0.3619994134307867, -0.07972823292520109, -0.590888231299982, 0.7685859722613889, 0.10056299665951565, 0.09904612622042591, 0.45566675288187397, 0.3688698546842182, -0.2196279944108804, -0.18692274623350383, 0.40647140729856857, -0.009064931949031782], [-0.12548096229328223, -0.47122015930546124, -0.5651492829460975, 0.06561820272333334, 0.19950761008904788, -0.06891501766587267, -0.7015335972796577, -0.2896047547591378, 0.16832178382982887, 0.7588855307199887, 0.4476509390190961, 0.6896364806590273, 0.42124198814799485, 0.029809851096424568]], "inverted": false, "swapped": false, "error_lsq": 0.039801608379446116, "error_max": 0.23688855111746498, "target": "784.xyz", "model": "19.xyz", "model_rescale": 4.410303926677745, "target_rescale": 4.22730133569329},
{"mapping": [3, 1, 2, 7, 8, 4, 0, 3, 6, 11, 10, 9, 12, 13], "R": [[0.985076727597577, -0.16434259420980496, 0.051140516951244705], [-0.1721157316538396, -0.9403718745685948, 0.29338867128369267], [-0.00012515155868076527, -0.29781243971456023, -0.9546243947691412]], "T": [-0.03249198638213117, 0.03092735958996179, 0.008086602713710436], "aligned_model": [[0.6217322073946654, -0.3894847220818479, -0.3199814174568514, -0.7276053687354089, -0.40266475834082277, -0.07808357818472404, 0.2200589295478754, 0.6217322073946654, 0.4004588359329471, 0.14501137887011542, 0.3773134726607541, -0.21296925991403312, -0.6048519627135767, -0.04824708446306997], [-0.11264913488727596, -0.36265100943568557, 0.42649337542520166, -0.059225976042682316, -0.5702530204611731, 0.7297597604572643, 0.10926797923330236, -0.11264913488727596, 0.41597780245358706, 0.48425161576099723, -0.3868905483356643, -0.12569975691619478, 0.2715044386671919, -0.03127272696236223], [-0.27001264254440815, -0.5217927658836509, -0.4385520452900874, -0.11658467188235082, 0.31240855550264823, 0.07626341159172716, -0.6576762339628012, -0.27001264254440815, 0.036292366056725506, 0.6789986674321691, 0.5848202453621473, 0.6536504081598276, 0.4384372316258857, 0.05252872841180896]], "inverted": true, "swapped": false, "error_lsq": 0.04812577377587523, "error_max": 0.36036708105392906, "target": "784.xyz", "model": "20.xyz", "model_rescale": 4.121658175737393, "target_rescale": 4.22730133569329},
{"mapping": [1, 2, 5, 3, 12, 6, 8, 4, 7, 10, 9, 11, 13], "R": [[-0.8739777060703353, -0.12547553466277342, 0.4694878693780344], [0.13700030900860885, 0.8632907490973876, 0.4857571387580603], [-0.4662551711494262, 0.48886089301964314, -0.7373066815460556]], "T": [-0.004582232894535632, -0.11688184325935419, -0.00934570471919486], "aligned_model": [[0.24272140729892977, -0.05239200112686315, 0.2528679056546183, 0.5570536420527269, 0.6567752560889172, -0.5264560356605104, -0.5073339775246943, 0.4537124324079862, -0.7473175349814883, -0.001966727554291642, -0.0609631560007311, 0.5627927190165843, 0.05158897499311043], [-0.6606661370649665, -0.09826073534172858, 0.4205072637790053, -0.25657918529888, 0.2373974157050704, -0.38795200538471925, 0.41560529226182114, -0.6630741807207241, -0.06274148484005695, -0.16935326398959838, 0.6804064497827345, 0.06715008070129752, 0.018387394573927934], [0.4088643093976634, 0.7018766535193922, 0.4223931005672256, 0.3634060999578102, 0.03928390615974749, 0.41988261324986614, -0.025664562472270107, -0.24182903524250224, -0.06777278384497587, -0.7290065087853902, -0.3909564420030754, -0.4669437750458042, -0.06342383597589843]], "inverted": false, "swapped": true, "error_lsq": 0.055229468177042475, "error_max": 0.39395479841656167, "target": "784.xyz", "model": "21.xyz", "model_rescale": 4.08911054899281, "target_rescale": 4.22730133569329},
{"mapping": [5, 12, 7, 13, 14, 0, 10, 5, 8, 1, 15, 2, 4, 16], "R": [[-0.7204772363135741, 0.6880159258857866, 0.08687138586138726], [-0.47917468359490056, -0.4033539136585265, -0.7795493845408875], [-0.5013024781064634, -0.603274154977547, 0.6202871265635337]], "T": [-0.004394761920546119, 0.027071977865840594, 0.0704667193676641], "aligned_model": [[0.5796602576386699, -0.3647297008004161, -0.3318825519177936, -0.6352251421299334, -0.2236206255908964, -0.32058957566298196, 0.1651609590999909, 0.5796602576386699, 0.5620128046424732, 0.2710841562259058, 0.19413208085437728, -0.2414244441072085, -0.5878764959682062, -0.04394310001196253], [-0.09662472848368772, -0.38165868576032136, 0.3323692110113324, 0.014836153970482577, -0.5740524803199671, 0.7300864396012606, 0.015846891441362147, -0.09662472848368772, 0.42330129612666145, 0.42891447151502604, -0.40632968047927276, 0.0003942254242331779, 0.232008513394349, 0.05349676511145948], [-0.3054427283908753, -0.42759701397199856, -0.48211045609822456, -0.12608679000502468, 0.11957875878644125, 0.14708854740979602, -0.7183680314635257, -0.3054427283908753, 0.12475128393989857, 0.6970705473329137, 0.6220617820138954, 0.751905679701168, 0.39271238389407304, 0.06864737727757095]], "inverted": false, "swapped": false, "error_lsq": 0.04393794689075498, "error_max": 0.3849936111181772, "target": "784.xyz", "model": "22.xyz", "model_rescale": 4.204369325754507, "target_rescale": 4.22730133569329},
{"mapping": [4, 9, 5, 11, 13, 2, 8, 0, 1, 3, 12, 14, 10, 15], "R": [[-0.7925816512633713, -0.5632356608973531, -0.23362344996628628], [0.5900756971060571, -0.6118831509635997, -0.5266969539039104], [0.15370425422033354, -0.5553058615397273, 0.8173190334099608]], "T": [0.04564415864550532, -0.04296785571999704, 0.02650523610140614], "aligned_model": [[0.6166668862557635, -0.4657687100062222, -0.37531793438199246, -0.6729183316151396, -0.3024697393690604, -0.25032989844868336, 0.1927172936508737, 0.6394292717693721, 0.45402023271729697, 0.18506223214165268, 0.34824381912296776, -0.3275486923911812, -0.46434729460402213, 0.024979745069062868], [-0.47366295514202417, -0.3253437674069245, 0.3619994134307867, -0.07972823292520109, -0.590888231299982, 0.7685859722613889, 0.10056299665951565, 0.09904612622042591, 0.45566675288187397, 0.3688698546842182, -0.2196279944108804, -0.18692274623350383, 0.40647140729856857, -0.009064931949031782], [-0.12548096229328223, -0.47122015930546124, -0.5651492829460975, 0.06561820272333334, 0.19950761008904788, -0.06891501766587267, -0.7015335972796577, -0.2896047547591378, 0.16832178382982887, 0.7588855307199887, 0.4476509390190961, 0.6896364806590273, 0.42124198814799485, 0.029809851096424568]], "inverted": false, "swapped": false, "error_lsq": 0.039801608379446116, "error_max": 0.23688855111746498, "target": "784.xyz", "model": "23.xyz", "model_rescale": 4.410303926677745, "target_rescale": 4.22730133569329},
{"mapping": [4, 6, 14, 13, 12, 11, 15, 8, 10, 1, 2, 0, 7, 16], "R": [[0.03924942350288807, 0.9910905163554877, -0.1272755716738445], [-0.9942115609265445, 0.025985219542963293, -0.10425037402958191], [-0.10001427335483004, 0.1306306118622928, 0.9863735541719416]], "T": [-0.02032512063378919, 0.1048363951595673, -0.005367184843747146], "aligned_model": [[0.5877775002406769, -0.4720275977795886, -0.361392942125218, -0.7109437415366249, -0.475555852564468, -0.15324355451200894, 0.07870876513563176, 0.7304583613392609, 0.5017230241157785, 0.05515134210840317, 0.39144983861337757, -0.12490633330041516, -0.48412439873812174, 0.0393444689140045], [-0.21106665207138384, -0.316368008123287, 0.35345101700020976, 0.04082132118107547, -0.5257199173913555, 0.7236090354822919, -0.05696422418190264, 0.12863575565375612, 0.48771873366007124, 0.5346759922794849, -0.5341915694327398, -0.3106064718185274, 0.26364066903400196, 0.09832798279753538], [0.06021360675680618, -0.44859377763267316, -0.5345302041154653, -0.11997353106824962, 0.1979541180040829, -0.01858066788827748, -0.693354859068275, -0.3392300622214878, 0.06282955777299992, 0.7334674203894205, 0.49958686710988015, 0.6166101502098434, 0.4436342950106196, 0.09873569877600877]], "inverted": true, "swapped": false, "error_lsq": 0.0419147108000244, "error_max": 0.2968517228366369, "target": "784.xyz", "model": "24.xyz", "model_rescale": 4.28219845311461, "target_rescale": 4.22730133569329},
{"mapping": [8, 11, 9, 12, 14, 7, 5, 1, 3, 4, 6, 2, 13, 15], "R": [[0.6162522366125597, 0.24621481358539746, 0.7480718190395399], [-0.6946243415848685, 0.6175422837040395, 0.36896958128738455], [-0.37112020282895686, -0.7470072244688855, 0.5515886163106399]], "T": [-0.03422364816055951, 0.047491468576483634, 0.06842585829892979], "aligned_model": [[0.4335519866603864, -0.28916313405805266, -0.2664262630735964, -0.760855918649102, -0.44347481320170484, -0.30141624267695544, 0.347725838591432, 0.5835992434336661, 0.3922957312176451, 0.23687608816612044, 0.3534631358953029, -0.16704828873943425, -0.5292013880373752, 0.012492904382355959], [-0.3970224676861954, -0.23289115018164008, 0.42129287569060786, -0.08009395534568357, -0.5688128994339396, 0.7760966868481035, -0.05291785688915433, 0.15017597144210743, 0.6628105079979153, 0.539058342661864, -0.6753892744826788, -0.14809310448913843, 0.23873751268071752, 0.04301247525634502], [-0.18758072924315677, -0.3225581783026341, -0.4446317773970203, -0.13194231112997634, 0.24960818298422288, 0.12577181799259068, -0.686102628799846, -0.06434524676561625, -0.13034296118778566, 0.5369506861269164, 0.4417079550350014, 0.7109866056386271, 0.33551843509193147, 0.12572876199197836]], "inverted": true, "swapped": false, "error_lsq": 0.04762380996974569, "error_max": 0.2866785508684322, "target": "784.xyz", "model": "25.xyz", "model_rescale": 4.100010024507729, "target_rescale": 4.22730133569329},
{"mapping": [0, 10, 11, 9, 1, 3, 4, 5, 8, 2, 6, 13], "R": [[-0.2811845969861306, 0.7152218562241225, 0.6398381973570103], [-0.8255625669902359, 0.1596453257117971, -0.5412576262399141], [-0.48926646155468256, -0.6804197721683986, 0.5455705850209166]], "T": [-0.06248836036253341, 0.0325239940254984, -0.057575729836403675], "aligned_model": [[-0.4868154625494429, -0.11445024876093474, 0.356087172984135, 0.6177179879673234, -0.42967843951653545, 0.07290235028028164, -0.34137435987980547, 0.5370243377335582, 0.1816764870048973, -0.06134668602467397, -0.5379924803413674, 0.08301494346557148], [-0.42581715199721865, -0.5741835286668879, -0.15194962836125306, -0.5115787801556455, 0.6332063002709363, 0.6383905503467635, 0.1672488877116525, 0.39187058214986764, -0.33330285471507565, 0.6198015321255188, 0.23363061896313783, -0.021185137621156487], [-0.07960226350032094, 0.32956469408413913, 0.5390330905698181, -0.21803033507653397, 0.13245657606122496, 0.2398955842321871, 0.6254179531592603, -0.28762045726463475, -0.6433422493586108, -0.46201800294821765, -0.5709179208201437, -0.03964437928381135]], "inverted": false, "swapped": true, "error_lsq": 0.048116437525847176, "error_max": 0.2546214266604453, "target": "784.xyz", "model": "26.xyz", "model_rescale": 3.6694154284099745, "target_rescale": 4.22730133569329},
{"mapping": [7, 3, 6, 12, 9, 2, 1, 5, 0, 4, 8, 10, 11, 13], "R": [[-0.5282866058304959, 0.4900882573549783, -0.6933446200143585], [-0.6878170809977973, -0.725800010479306, 0.011045717537086996], [-0.4978161560132055, 0.4827295772904331, 0.7205214986530492]], "T": [0.013041415631510001, 0.008352705448004628, 0.08238925997550177], "aligned_model": [[0.23109008014688281, -0.316920173396612, -0.27229764882601876, -0.7479687849381872, -0.35507064477535283, -0.2743178265449215, 0.3364376381969393, 0.7527498539140618, 0.3682897567945393, 0.3984666611567966, 0.3615869340714211, -0.1186710552591979, -0.7517522878339415, -0.009203622795721445], [-0.48754936917307834, -0.47860991112951906, 0.294604665417129, 0.0364611117661898, -0.5333496921069657, 0.620019887655907, 0.274925817457948, 0.025048116980464958, 0.5563654844925499, 0.4217158188346219, -0.32586880587578854, 0.024776178939638314, 0.18674440923251723, 0.06067995157761583], [-0.23802365644331536, -0.47152768339737533, -0.47243671770824786, -0.14078377934728636, 0.2719032672060066, 0.15599340625079317, -0.6947853104264735, -0.197844908691526, -0.0196595187429716, 0.6791378558615931, 0.5009214515378027, 0.6691369181923631, 0.4279937454869746, 0.08874354225689551]], "inverted": false, "swapped": false, "error_lsq": 0.05009930291454132, "error_max": 0.3658300499966331, "target": "784.xyz", "model": "27.xyz", "model_rescale": 4.103607728864725, "target_rescale": 4.22730133569329},
