[{"mapping": [12, 9, 10, 1, 11, 6, 4, 3, 7, 0, 5, 14], "R": [[-0.18155628946121322, -0.8436436790009874, 0.5052748327779202], [-0.8638526551523587, -0.10869065811591477, -0.49187898005967867], [0.4698892464648415, -0.5257867283604717, -0.7090503595208842]], "T": [-0.09760723402805611, -0.07854377689261344, -0.03380321419438223], "aligned_model": [[-0.2965795025988557, 0.0869096277115649, 0.2811010960765933, -0.104921327850775, -0.010714156878776235, -0.5017067759959665, 0.3170210634570696, -0.16990254485741185, 0.6397731285509392, 0.18908423487930298, -0.5670076748698827, -0.02541470516325288], [-0.24007373926988693, -0.7020410686691876, -0.39803359003041333, 0.6860001134870555, 0.30521812317075653, -0.681694955188682, -0.1408067788394594, -0.4804023555592067, 0.21736178797957273, 0.4333014657785444, 0.11405026369634808, -0.05932423057838407], [-0.583218501045175, -0.16403446275339287, -0.579867054491017, 0.008767836436739285, -0.5851788401680917, 0.02893356222508059, 0.68877867727475, 0.5596332276669111, -0.015502511654098938, 0.4924254372751753, 0.2788280449543491, 0.052386329632332806]], "inverted": false, "swapped": true, "error_lsq": 0.042613671449363955, "error_max": 0.20607677510594172, "target": "786.xyz", "model": "0.xyz", "model_rescale": 3.751011558992144, "target_rescale": 4.244728934873514},
{"mapping": [6, 1, 10, 9, 11, 4, 5, 7, 12, 13, 3, 0, 2, 8, 14], "R": [[0.30087959810917564, -0.5358658798051495, -0.7888721229085953], [0.946309955155675, 0.06524405690138271, 0.3166080886716469], [-0.11819025431449587, -0.8417784577308343, 0.5267258223073676]], "T": [0.05532843034516387, -0.06278527103736187, -0.06883896906872448], "aligned_model": [[-0.27517478066687506, -0.6084019984665509, 0.5278461607506056, 0.6958211117370585, 0.30190050803857477, -0.09507956676273867, 0.5350207212176824, -0.3983666499784844, 0.17425180315226996, 0.5089914038803434, -0.09825004157873503, -0.5655312322390674, 0.07180712016886097, -0.017803645702964985, 0.08616185680455316], [-0.6072762927615543, -0.03731115138235122, -0.16469944328428532, -0.21569391743478453, -0.7969095717476182, 0.20944629959833244, 0.3310798464275392, -0.517764395049348, -0.6418816833886536, 0.017404723694564125, -0.13225564013639973, 0.09635430723675392, 0.5552649429121278, 0.5681500924820972, -0.104036154501773], [-0.46635991196685317, -0.2797857313881677, -0.7312544309025916, -0.044803739204569135, -0.26117905988524537, -0.796053776580934, 0.0008146189038623769, 0.0949651658016998, 0.38113845334183993, 0.49264270426415574, 0.6761398294829782, 0.3370087763999625, 0.4802334194255364, -0.26116816251925457, -0.05009125268654893]], "inverted": true, "swapped": false, "error_lsq": 0.04315808059716914, "error_max": 0.2909666322095764, "target": "786.xyz", "model": "1.xyz", "model_rescale": 3.9405287249114394, "target_rescale": 4.244728934873514},
{"mapping": [2, 3, 4, 12, 9, 0, 5, 13, 10, 7, 11, 1, 14], "R": [[0.44808138919921126, 0.8143501900868373, 0.36885883012181875], [0.5586639649972607, 0.06704869687383441, -0.8266795306895289], [-0.6979381368479904, 0.5764878490940226, -0.4249048328509609]], "T": [0.05743123657829803, -0.08587008838113439, 0.027723621936848172], "aligned_model": [[-0.30326330968389664, 0.07918289765617109, -0.48920976538616473, 0.5426223580377049, 0.4220967675779616, -0.6978670850418293, 0.05428080842808679, 0.6350835807483082, 0.3085905037803482, -0.5749085472583597, 0.018919537704658124, -0.46103305540068346, -0.038511411878373245], [0.7069956513778649, 0.4719202169384844, 0.2683734141651306, -0.4047753564802966, -0.24611212227218787, 0.13450650257192115, 0.4226236393056222, 0.13285229194830048, -0.7214643323761233, -0.5201283427607172, -0.6163445657796081, -0.11069096929731112, -0.05892343376906295], [-0.09654508025815901, -0.4275571488811597, -0.49535672776193185, 0.20216001569318903, -0.5024622551811596, 0.0730308833256451, 0.33851574898562276, 0.44035809091155304, -0.24907673421890986, -0.1801007857575616, 0.4471903805641569, 0.5907261551908667, -0.02776219302350731]], "inverted": false, "swapped": true, "error_lsq": 0.05074795432848646, "error_max": 0.2676285900939936, "target": "786.xyz", "model": "2.xyz", "model_rescale": 3.932901565614263, "target_rescale": 4.244728934873514},
{"mapping": [2, 3, 4, 5, 0, 7, 8, 1, 13, 11, 9, 6, 10, 14], "R": [[0.793824701005362, -0.0942433313048133, 0.6007999155944674], [0.39801131049853067, 0.8274682178662908, -0.39608502261058476], [-0.459814463440408, 0.55354723639971, 0.6943746224375237]], "T": [-0.0012195333893782224, -0.03115666001753198, 0.16086795695877557], "aligned_model": [[-0.12162495784427826, 0.36968109741517924, 0.1558334212261683, -0.30147195858209314, -0.43153632506724343, -0.11241487868771052, 0.5046258599299775, -0.7455047979442649, -0.08145771068795536, -0.35120416887059813, 0.6487502670050471, 0.487679023262995, 0.4013827450683208, -0.0029277041708410667], [0.14838525340191264, 0.1544837560277232, -0.3949728557417475, 0.38862263007921904, -0.41442638357621747, -0.8168728573874056, -0.6303099418005178, -0.20533892674829834, 0.6607628823505447, -0.22526067626057544, -0.06552212484979913, 0.5071859759861785, -0.3402561557197906, -0.10298393741073766], [-0.6920368339878034, -0.42807524721643675, -0.5745843131045115, -0.13712763244074186, -0.37674335451089813, 0.11715902735009484, -0.10599611711681531, 0.11511718035161342, 0.4189340282681824, 0.7073778557895439, 0.28780808702918614, 0.11408019811183928, 0.6957028518621148, 0.0722806326717291]], "inverted": false, "swapped": true, "error_lsq": 0.04743709700179558, "error_max": 0.3070904019685824, "target": "786.xyz", "model": "3.xyz", "model_rescale": 3.9243930471874484, "target_rescale": 4.244728934873514},
{"mapping": [3, 5, 6, 9, 12, 4, 8, 13, 11, 1, 10, 7, 14], "R": [[0.29507551772160495, 0.7506129028015914, 0.5911943073043712], [-0.8631159743851281, 0.4747995976721383, -0.1720353359388316], [-0.4098307621476672, -0.4595058347813922, 0.7879677240847609]], "T": [0.0010721943523809632, 0.011502802139611787, -0.1378720973722235], "aligned_model": [[-0.11947658672134473, -0.14864843101995537, 0.493892588646159, 0.4085004203815872, 0.550582658991594, -0.6086759019593856, -0.22298245332135058, 0.48660067946498253, 0.09890791236288426, -0.5044179100292859, 0.4232033065866343, -0.4830832413450258, -0.09719715572614107], [-0.5939164369773563, 0.15002524257022593, -0.35790639101663585, -0.465555932967984, 0.24451403454321524, -0.5594309507883586, -0.6245687197299866, 0.299075610326894, 0.5755748187508571, 0.5865106311133121, -0.07135038080692863, -0.011770550126554896, -0.0433714212091121], [-0.5091122838196368, -0.6978388913565349, -0.5273442963722182, 0.07700630338605277, -0.03165032626618969, -0.15051350464022667, 0.3430574036653516, -0.6209382269069499, 0.2241909027701699, -0.15332854031123938, 0.46097690849527095, 0.4919506422235098, -0.11938577549639508]], "inverted": false, "swapped": true, "error_lsq": 0.0439519384957859, "error_max": 0.2993998451656535, "target": "786.xyz", "model": "4.xyz", "model_rescale": 3.8936222436046832, "target_rescale": 4.244728934873514},
{"mapping": [6, 5, 12, 9, 11, 1, 0, 7, 8, 3, 10, 14], "R": [[0.7186129485855759, -0.5158940127695615, 0.4663140548103442], [-0.6075430632472747, -0.13947962442275502, 0.781944282331552], [-0.33835906434624036, -0.8452211556506423, -0.4136596930029926]], "T": [-0.1614686317780878, -0.08458353585080906, -0.08443414245938372], "aligned_model": [[0.11656887273022337, -0.48105780093239436, -0.29361295590426784, 0.3971021170181329, -0.5726844144471535, -0.7606780053625525, -0.2665509366448074, 0.007118163634620367, 0.5664495040301596, 0.28371018040505946, 0.1449176569361983, -0.1137343392481215], [-0.4781681136097698, -0.5867875104171204, 0.18751672607617442, 0.033345977004189745, 0.45185366821974343, -0.002990799990821122, -0.22982706526841817, 0.40680156731846734, 0.11650370479300211, -0.6469798496518954, 0.5203421136406432, -0.10268751300438778], [-0.631069316090946, -0.05577278487003104, -0.6098276853314435, -0.42184616329920477, -0.12887950090607614, 0.38533591054587113, 0.6830006565841825, 0.5170174274518765, 0.25583010817189, -0.018026679392404266, -0.3740405276518003, 0.017563274063603765]], "inverted": false, "swapped": true, "error_lsq": 0.037383315151727776, "error_max": 0.21494455591051698, "target": "786.xyz", "model": "5.xyz", "model_rescale": 3.6523030999806103, "target_rescale": 4.244728934873514},
{"mapping": [6, 9, 10, 13, 11, 3, 8, 5, 4, 0, 7, 1, 14], "R": [[-0.6199789150630738, 0.78445272694198, 0.016126502116245833], [-0.5175605483774534, -0.424320016253462, 0.743023285348374], [0.5897094400129979, 0.45231232903819135, 0.669071246848647]], "T": [0.1911262937848095, -0.06195585001059895, 0.06203649318892227], "aligned_model": [[0.09809089235480195, -0.09139089868290629, 0.2354275881999603, 0.6982638835257602, 0.7082260165956614, -0.3719599973414688, -0.5225120330089905, 0.3067154386845245, -0.577566567092132, -0.11393598155591428, -0.09004975348171779, 0.5028520536872736, 0.09892226277944262], [-0.5076549555729332, 0.08229195256556296, 0.5092274267570107, -0.5231765022475554, 0.36052485617396873, -0.4976749476965154, 0.347869128041267, -0.5967121888256868, -0.12206276081237732, -0.04718611716437494, 0.5759213187605808, 0.006370478907031511, -0.04691078472279558], [0.6310008226471132, 0.6443870153251247, 0.5262202039362354, 0.34817612761584665, -0.05179062697735245, 0.1714277012554881, 0.15608157249502316, -0.17427336739298505, -0.2595476190999865, -0.6644709104708176, -0.3196408131275016, -0.6340609956925093, -0.003399371031889857]], "inverted": false, "swapped": true, "error_lsq": 0.043523511984642174, "error_max": 0.27315943227645756, "target": "786.xyz", "model": "6.xyz", "model_rescale": 4.08911054899281, "target_rescale": 4.244728934873514},
{"mapping": [5, 7, 12, 11, 10, 13, 1, 4, 8, 9, 3, 6, 0, 2, 14], "R": [[0.10680858156237015, 0.46772501356827034, -0.877396853531625], [-0.7633844121882457, 0.6039746675205732, 0.22903894913621092], [0.637052718487757, 0.6453277560092814, 0.4215636620860298]], "T": [0.06601627863822361, -0.134195819562762, -0.07211833741203508], "aligned_model": [[-0.4051507654895607, -0.5321583680741176, 0.2237354654885928, 0.6177037025010659, 0.3280546201365618, 0.2521588091293939, 0.4680663715382035, -0.36900324585446054, 0.2534832640219449, 0.6049798863805649, -0.18075162971149045, -0.3294229200728468, -0.10876387745375056, -0.18696570751330183, 0.20722716532773333], [-0.634138530000137, 0.09381058176496515, -0.36149443803770664, -0.2267669083368296, -0.781436595830536, 0.24221829794209793, 0.4679283486411376, -0.5923937078475154, -0.6162473039525627, -0.048392825134703304, -0.10867220644761441, 0.09427790365732336, 0.5103217979487451, 0.624580368506948, -0.10372282020896573], [-0.4016029840827804, -0.5074218378822196, -0.7289759430997801, -0.2498896591484752, -0.2501357062923576, -0.671749801593998, 0.04513466988106048, 0.24039117953713954, 0.3724392731107332, 0.4906546039989115, 0.679483672196793, 0.1293030228608361, 0.5902298496147314, -0.17409065911005267, 0.008477222495328923]], "inverted": true, "swapped": false, "error_lsq": 0.04962239519094654, "error_max": 0.3111921568081284, "target": "786.xyz", "model": "7.xyz", "model_rescale": 3.964800864290218, "target_rescale": 4.244728934873514},
{"mapping": [3, 2, 4, 6, 8, 13, 9, 0, 1, 11, 12, 10, 7, 14], "R": [[-0.5423811882003706, -0.7726506295175974, -0.32989945649002617], [0.17987585052358002, -0.49036816049510557, 0.8527506936796154], [-0.8206505499204719, 0.4031749891532299, 0.4049476546870227]], "T": [-0.03936733766728076, -0.08897895886536733, 0.15495999470828317], "aligned_model": [[-0.14014989354777302, 0.24493850316695895, 0.43653002347568814, -0.6821621419554409, 0.22224263210208892, -0.6012198593140348, -0.42752593755318913, 0.6965725688325197, 0.5192535996851771, 0.07320581825771885, -0.4826449610186838, -0.2571127932763105, 0.6095471080101431, 0.04971322259601027], [-0.09374574793356041, -0.4970355474205642, 0.09060746608894432, -0.11896133328815651, 0.6048722997977373, -0.5487628534365985, 0.420168626374107, -0.26118323176567143, -0.5048220623442032, -0.07395419746072424, -0.022175455624723533, 0.5283532755460398, 0.3505827990144508, -0.06299557136587522], [-0.5582748150823038, -0.5708770095401487, -0.5077528495879806, -0.18700430696403145, -0.21410816378666617, 0.3121523277917172, -0.017832253380637625, -0.06827146999319506, 0.4734098530497738, 0.8227475543591334, 0.563103707659814, 0.4943230548477491, 0.286566686611438, 0.08863272274035958]], "inverted": false, "swapped": true, "error_lsq": 0.04342952122182415, "error_max": 0.2601575120536483, "target": "786.xyz", "model": "8.xyz", "model_rescale": 4.121658175737393, "target_rescale": 4.244728934873514},
{"mapping": [5, 0, 4, 3, 1, 13, 7, 10, 8, 11, 6, 9, 14], "R": [[0.3513638419451691, -0.7020584072492604, 0.6194008745426199], [0.9259044216970211, 0.35859739091723697, -0.11878094590150139], [-0.1387243758516697, 0.6152413380438464, 0.7760371405458522]], "T": [-0.13896465892760254, -0.01219802585173127, 0.04085884951571169], "aligned_model": [[-0.6066711197818948, -0.11995240212769812, 0.311726999021847, 0.07035131960178648, -0.5477258687125729, -0.7024511272616693, 0.32586360591737595, 0.2977348857676495, 0.6671564579397934, -0.3223739035487635, -0.1522263407890527, 0.33555282033563616, -0.08024782992723989], [0.18999176614190308, -0.3897229524375897, 0.05536239288111494, 0.5360521678160031, -0.590882979365107, 0.35018677805846754, -0.6283587286668253, -0.14444071765479388, -0.03771353685439611, -0.540160399471995, 0.6936835333097433, 0.33338883610484793, -0.036998720449662986], [-0.26823255608872804, -0.6506667163996357, -0.6593057851534314, -0.3768638886975871, -0.24971153539905136, 0.36171577910814895, -0.14862859244428184, 0.6200693775593819, -0.14781641299819961, 0.4235538517608034, 0.221355495036031, 0.3493364109960661, -0.05372999332042721]], "inverted": false, "swapped": true, "error_lsq": 0.045984530063185994, "error_max": 0.308443146958204, "target": "786.xyz", "model": "9.xyz", "model_rescale": 3.833441315466971, "target_rescale": 4.244728934873514},
{"mapping": [7, 11, 9, 2, 3, 8, 13, 6, 4, 5, 1, 12, 0, 10, 14], "R": [[0.8097168029076756, 0.20170424094564507, -0.551066328379365], [-0.5415121476158148, 0.6186577946988172, -0.5692338070098303], [0.22610460648443437, 0.7593272892784361, 0.6101629083151332]], "T": [-0.024312777026539854, -0.09320309960308334, 0.008243987986268714], "aligned_model": [[-0.2520818911640293, -0.5253618113021563, 0.3636764334873339, 0.6593691938064814, 0.3620892619804556, 0.07376306576335692, 0.6324913293292707, -0.3451007682989713, 0.1823263657394267, 0.5077686312189305, -0.15122203409604115, -0.5716276176455464, 0.1039401290949494, -0.21933017740051033, 0.02249265984158136], [-0.477384663690985, 0.006729166048794033, -0.2543559389589094, -0.155213665251805, -0.803164363203618, 0.2648175980888017, 0.3454982025658224, -0.5149587671683092, -0.77692541179404, -0.12899438357193777, 0.05600791457315035, 0.029137764868802013, 0.44821301319406015, 0.6626255340056034, -0.14216003704078348], [-0.4861644800255698, -0.4437521276792594, -0.6855890332984574, -0.2047910031148091, -0.30951428206441145, -0.6771476310622921, 0.1170377137433479, 0.43303427692532237, 0.36283762100784134, 0.42422903634544795, 0.7204511535163497, 0.22846940756638032, 0.40098149138859185, -0.24952612992594078, -0.05830911083667087]], "inverted": true, "swapped": false, "error_lsq": 0.040977491405060275, "error_max": 0.33547544126944145, "target": "786.xyz", "model": "10.xyz", "model_rescale": 4.2482417240324, "target_rescale": 4.244728934873514},
{"mapping": [6, 13, 11, 1, 8, 7, 10, 0, 5, 4, 3, 14], "R": [[-0.8956825446533916, -0.14969348616689562, -0.41874173353324495], [0.03801195606771593, -0.9639660744864831, 0.2632954584398048], [-0.4430664401634722, 0.2199119538322607, 0.8690977287753929]], "T": [-0.04081581303861995, -0.05986617494097566, 0.03700764757407248], "aligned_model": [[-0.675627529038756, -0.17245661270058082, 0.37307465111089144, 0.7181611507023208, -0.3423694202772988, 0.31008950423579074, -0.305024528277282, 0.4673244979462735, 0.1005588629041054, -0.1034682355171824, -0.47350489696139764, -0.019991841763877454], [-0.3835383645129484, -0.7909040385469595, -0.18670632761901435, -0.09636376144511849, 0.710979414371678, 0.6219635089143166, 0.1297019782534637, 0.35784951868467063, -0.4062260157120827, 0.5774531363266074, 0.09594574972442127, 0.03597659161160501], [-0.11555081905680348, 0.03043062644917178, 0.5580114316959659, -0.05793994495527827, 0.06771840211587282, 0.24581032637696437, 0.6987758303657299, -0.397044386251189, -0.4269057109670541, -0.49947782828612, -0.5174168653498892, -0.02121877228301402]], "inverted": false, "swapped": true, "error_lsq": 0.04744457406182708, "error_max": 0.31184263815637164, "target": "786.xyz", "model": "11.xyz", "model_rescale": 3.6694154284099745, "target_rescale": 4.244728934873514},
{"mapping": [1, 0, 4, 2, 5, 11, 13, 10, 3, 9, 8, 6, 7, 14], "R": [[-0.594738630236813, -0.5146334770962251, 0.6176069510262079], [-0.5502028272932644, 0.8207009015552624, 0.1540353174595936], [-0.5861423125338572, -0.24819833689658094, -0.7712553241432007]], "T": [0.03865605195728564, -0.10515344075512294, 0.013268759424840487], "aligned_model": [[-0.13937927242180345, -0.10723212225373477, 0.023875375754404855, 0.5512463017740798, 0.528087652402826, -0.38396464918345313, 0.5544059797966766, -0.44385721616664736, 0.4724116864858429, -0.011348366635091443, -0.36689585877071057, 0.5722574477604726, -0.6617285122032309, 0.010386403916178562], [-0.3121490751063101, 0.30415286813088466, 0.7050950723929756, 0.4669059609967096, -0.15662421003660254, -0.6202205112724885, -0.6252575741882063, -0.24755392557789213, 0.4566601256585197, 0.07920652965587917, 0.5645123086499537, -0.07580950130861894, 0.19714419068330263, -0.005074970541852783], [-0.7021677375963459, -0.6442106170945389, -0.18970112730281347, -0.4158916115231296, -0.3228487957916262, -0.1089455586830968, 0.13689164439199641, 0.5523258117630777, 0.13617240401340425, 0.6483014220899136, 0.28374257114155077, 0.5086798719654928, -0.209671641726066, -0.033581175995403334]], "inverted": true, "swapped": true, "error_lsq": 0.04846530116128245, "error_max": 0.4085962007180733, "target": "786.xyz", "model": "12.xyz", "model_rescale": 3.9764082729961374, "target_rescale": 4.244728934873514},
{"mapping": [10, 11, 12, 9, 1, 13, 5, 8, 2, 0, 7, 3, 4, 6, 15], "R": [[-0.5243629455998593, 0.4573933141614859, 0.7182164419185982], [-0.7051495948223647, -0.7060569976469675, -0.06517334574505998], [0.47729189203640765, -0.5406245205631377, 0.6927608372029872]], "T": [0.06726394071260937, -0.033355941440223844, -0.0829422125915741], "aligned_model": [[-0.19270903170923154, -0.6435548182043195, 0.35000892471878403, 0.6524343129991669, 0.24589189060030114, -0.07943017325834499, 0.7631861341142562, -0.4068557465950225, 0.13568371643066368, 0.5153637004681322, -0.04059054975237787, -0.6884893257308542, 0.21253688970982149, 0.00724264818411012, 0.012474198379446917], [-0.6433280471464077, -0.19390757311970885, -0.22490537810784672, -0.16870339502850978, -0.6324995126477498, 0.19325299302336996, 0.43213955145809574, -0.5375418952185361, -0.6605825121102127, -0.12115495814082151, -0.06995291016368138, -0.0055769767802436206, 0.4552551335928764, 0.7086441660761277, 0.02873327697789555], [-0.5373594028790698, -0.3983856533004634, -0.6219947353385995, -0.05544987324403218, -0.1944841995767812, -0.6321323198717855, -0.04016192908258666, 0.060793248476722225, 0.4050793824658331, 0.48150962014148746, 0.6640931076509043, 0.28652872902097815, 0.4230407015704354, -0.25467482623313775, -0.014154947314034272]], "inverted": true, "swapped": false, "error_lsq": 0.04343537287929122, "error_max": 0.30064426036082165, "target": "786.xyz", "model": "13.xyz", "model_rescale": 4.170626492500431, "target_rescale": 4.244728934873514},
{"mapping": [11, 13, 1, 5, 7, 4, 0, 12, 10, 6, 9, 3, 8, 14], "R": [[-0.21436968987357463, 0.12040863363437894, 0.9693025312098433], [-0.019771779232870778, -0.9927042132554281, 0.11894293476658482], [0.9765524629068703, 0.006332924381621752, 0.2151863872537076]], "T": [-0.015545296785038833, -0.05648904082920454, 0.034339814137671947], "aligned_model": [[0.37404028394997385, -0.08711857582653593, -0.2878544352793086, -0.5408578265164371, 0.1936543768985863, -0.43463709884801716, -0.49704010336748766, 0.4164188030700376, 0.7084220654878961, -0.05777654545912576, 0.3641002532983381, -0.429189751074642, 0.1849643336499728, -0.06394275789160721], [-0.1888407473564651, -0.7930264187372368, 0.005974650052846656, -0.33279254019152354, 0.6355293997988111, 0.6225246707494488, 0.4612903382098646, -0.48186308606115935, 0.029665085425217633, -0.4338753845217077, 0.012567084757044378, 0.10583055759381761, 0.6663270578979691, 0.046763800308738404], [-0.5037538438599887, 0.09898400985334976, -0.6786392676389704, -0.0192387718565531, -0.2957674298215606, 0.28176725258729496, -0.31374266214183094, 0.03606837149831323, 0.1444678421863627, 0.6562881689421104, 0.5736505140510947, 0.6012916226259112, 0.3856422857623414, 0.03685500893299187]], "inverted": false, "swapped": true, "error_lsq": 0.04558008426644409, "error_max": 0.2959386826892188, "target": "786.xyz", "model": "14.xyz", "model_rescale": 3.9786697098870705, "target_rescale": 4.244728934873514},
{"mapping": [5, 0, 12, 6, 11, 10, 4, 8, 9, 3, 7, 14], "R": [[0.4404606601204668, 0.6766002793234405, 0.5900902209880154], [-0.6569435366706324, -0.20508290949532615, 0.7255109853473022], [0.6118983547231713, -0.7072150042613451, 0.35415722671534144]], "T": [0.05921782100610761, -0.024857009633675355, -0.20904672481659964], "aligned_model": [[-0.09592644618524415, -0.7213029025000334, 0.5612232215315966, 0.615045338150342, 0.05567997675656438, 0.4731878198757356, -0.4504834600395954, -0.07252441439515941, 0.5320788886597374, 0.04722110953067606, -0.43141568845665856, -0.029428846160624376], [-0.51289114271711, -0.09314361962981318, 0.19940906441326084, -0.47647301296302363, 0.5161743274308453, 0.5408356557862832, -0.28302483541452833, 0.1873694078329993, 0.044637462028020734, -0.5905709983749778, 0.5168168470472456, -0.03446466521476281], [-0.5138753386850547, -0.12408506587852267, -0.4644568963172079, -0.07442709944118026, -0.6166142157759027, 0.01964543944560246, 0.4004382005079829, 0.5806903087500781, 0.2506580199121562, 0.23671947130085003, 0.10319198279921271, -0.13791831274418426]], "inverted": false, "swapped": true, "error_lsq": 0.04337447816164613, "error_max": 0.21384019445414126, "target": "786.xyz", "model": "15.xyz", "model_rescale": 3.769337070930944, "target_rescale": 4.244728934873514},
{"mapping": [10, 7, 12, 11, 9, 8, 6, 4, 5, 1, 14], "R": [[-0.9785851313492241, 0.051373548555463444, 0.19932862115371622], [-0.04313375719447515, -0.9980342668800487, 0.04546516384543094], [0.20127250108375547, 0.035893740986741106, 0.9788774283154488]], "T": [0.010444572685644206, 0.15617006672368575, 0.07903031611378822], "aligned_model": [[-0.1846170517073906, -0.37085581889192076, -0.1681051357163474, -0.6409832800921675, 0.3477304107426404, 0.2546774316420524, 0.5922065531513039, 0.4130768835703885, 0.17430852921412443, -0.5281748877710438, 0.03336249654953126], [0.12293219788075146, -0.5325571109552673, 0.6092198575977491, 0.29337021703303623, 0.13355112909759115, -0.5375009006383077, 0.5536500365092367, -0.5392690714766015, 0.39445681911404895, 0.048124142981492896, 0.05008718048161166], [-0.6312693843175985, -0.030009604383732957, -0.28208592341260574, -0.0460958406041416, -0.4914801310535325, -0.302088498287985, -0.10694376411802081, 0.30743680388681105, 0.6001210662868179, 0.6125172473662852, 0.11411563586147944]], "inverted": true, "swapped": true, "error_lsq": 0.04582995714907703, "error_max": 0.1888895895036895, "target": "786.xyz", "model": "16.xyz", "model_rescale": 3.7852294659196426, "target_rescale": 4.244728934873514},
{"mapping": [4, 9, 10, 8, 3, 6, 13, 12, 7, 1, 5, 11, 14], "R": [[0.9220072082106205, 0.3482930832665567, -0.16909948597300148], [0.3618371099114507, -0.61974788586842, 0.6964096954039003], [0.13775563109574382, -0.7032812283221412, -0.6974373806952952]], "T": [0.014878343111667396, 0.15601948206123567, 0.0026999413117008526], "aligned_model": [[-0.07258985834166187, -0.30440896357547803, 0.18397163194586869, 0.052295134188268935, -0.5460823504139757, -0.6823073803258627, -0.3468934850325739, -0.011937956960899544, 0.6334847658886534, 0.569421396659162, -0.2127394842707465, 0.5546627100242879, 0.03688969043124035], [-0.21753296522025495, -0.35945658383914064, -0.33701061322266135, -0.6236131235290332, -0.022928465009987048, 0.1283078249125438, 0.6700425358340887, 0.223200694989107, -0.26666005448233515, 0.6112180546821058, 0.6483253759956544, 0.3124329710818255, 0.1087299715109615], [-0.7394090663350766, 0.27120611348012474, 0.5242440357894086, -0.27452494049369663, -0.41225122726487334, 0.21290892757793511, 0.3985412730588076, 0.6046190559036124, -0.2624281809976821, -0.2650114926677, -0.24426680540726023, 0.3808617339398907, -0.09873472944031632]], "inverted": true, "swapped": true, "error_lsq": 0.03968771480417783, "error_max": 0.2841081385913826, "target": "786.xyz", "model": "17.xyz", "model_rescale": 3.901054581598922, "target_rescale": 4.244728934873514},
{"mapping": [6, 1, 10, 9, 11, 4, 5, 7, 12, 13, 3, 0, 2, 8, 14], "R": [[0.30087959810917564, -0.5358658798051495, -0.7888721229085953], [0.946309955155675, 0.06524405690138271, 0.3166080886716469], [-0.11819025431449587, -0.8417784577308343, 0.5267258223073676]], "T": [0.05532843034516387, -0.06278527103736187, -0.06883896906872448], "aligned_model": [[-0.27517478066687506, -0.6084019984665509, 0.5278461607506056, 0.6958211117370585, 0.30190050803857477, -0.09507956676273867, 0.5350207212176824, -0.3983666499784844, 0.17425180315226996, 0.5089914038803434, -0.09825004157873503, -0.5655312322390674, 0.07180712016886097, -0.017803645702964985, 0.08616185680455316], [-0.6072762927615543, -0.03731115138235122, -0.16469944328428532, -0.21569391743478453, -0.7969095717476182, 0.20944629959833244, 0.3310798464275392, -0.517764395049348, -0.6418816833886536, 0.017404723694564125, -0.13225564013639973, 0.09635430723675392, 0.5552649429121278, 0.5681500924820972, -0.104036154501773], [-0.46635991196685317, -0.2797857313881677, -0.7312544309025916, -0.044803739204569135, -0.26117905988524537, -0.796053776580934, 0.0008146189038623769, 0.0949651658016998, 0.38113845334183993, 0.49264270426415574, 0.6761398294829782, 0.3370087763999625, 0.4802334194255364, -0.26116816251925457, -0.05009125268654893]], "inverted": true, "swapped": false, "error_lsq": 0.04315808059716914, "error_max": 0.2909666322095764, "target": "786.xyz", "model": "18.xyz", "model_rescale": 3.9405287249114394, "target_rescale": 4.244728934873514},
{"mapping": [10, 2, 3, 12, 14, 1, 4, 11, 13, 7, 9, 5, 8, 0, 15], "R": [[0.8213639488485927, 0.10912447618668575, -0.5598688348433303], [0.5327498178256577, 0.20394725476966524, 0.8213301095653599], [0.2038109298800614, -0.9728809618698985, 0.10937887772566511]], "T": [0.14112551658389177, -0.07174681474215498, -0.03273385980145643], "aligned_model": [[-0.3211532885807371, -0.6468872675995789, 0.21572187424341593, 0.6081201578163968, 0.2865698357143857, 0.07883119076093101, 0.7206875953301524, -0.2353032503423405, 0.39699251365603866, 0.30740260660961716, -0.15015248248496604, -0.6242776190156267, -0.1609818688354745, 0.26138696384792737, 0.10623580923439109], [-0.5869078850400015, -0.029225633707432794, -0.3386916450573619, -0.1635840122012488, -0.8031404913357783, 0.2563867074767016, 0.33711998088225525, -0.6295417031669862, -0.5693861031198133, 0.12965568735492783, -0.19468497434741663, 0.09839990591141363, 0.536238286671205, 0.5979205799359308, -0.08068673759174774], [-0.4053078992777282, -0.39681226363759986, -0.8380936774394381, -0.30406575330529095, -0.24165538082721155, -0.6019150546295609, 0.1450321913197251, 0.22490823260066367, 0.3390416959364468, 0.6210356029474196, 0.666589515417654, 0.2437996394787018, 0.3009687018764816, -0.13151150283354995, -0.04976714514084318]], "inverted": true, "swapped": false, "error_lsq": 0.03799613448456009, "error_max": 0.23967556406778184, "target": "786.xyz", "model": "19.xyz", "model_rescale": 4.410303926677745, "target_rescale": 4.244728934873514},
{"mapping": [3, 2, 4, 6, 8, 13, 9, 0, 1, 11, 12, 10, 7, 14], "R": [[-0.5423811882003706, -0.7726506295175974, -0.32989945649002617], [0.17987585052358002, -0.49036816049510557, 0.8527506936796154], [-0.8206505499204719, 0.4031749891532299, 0.4049476546870227]], "T": [-0.03936733766728076, -0.08897895886536733, 0.15495999470828317], "aligned_model": [[-0.14014989354777302, 0.24493850316695895, 0.43653002347568814, -0.6821621419554409, 0.22224263210208892, -0.6012198593140348, -0.42752593755318913, 0.6965725688325197, 0.5192535996851771, 0.07320581825771885, -0.4826449610186838, -0.2571127932763105, 0.6095471080101431, 0.04971322259601027], [-0.09374574793356041, -0.4970355474205642, 0.09060746608894432, -0.11896133328815651, 0.6048722997977373, -0.5487628534365985, 0.420168626374107, -0.26118323176567143, -0.5048220623442032, -0.07395419746072424, -0.022175455624723533, 0.5283532755460398, 0.3505827990144508, -0.06299557136587522], [-0.5582748150823038, -0.5708770095401487, -0.5077528495879806, -0.18700430696403145, -0.21410816378666617, 0.3121523277917172, -0.017832253380637625, -0.06827146999319506, 0.4734098530497738, 0.8227475543591334, 0.563103707659814, 0.4943230548477491, 0.286566686611438, 0.08863272274035958]], "inverted": false, "swapped": true, "error_lsq": 0.04342952122182415, "error_max": 0.2601575120536483, "target": "786.xyz", "model": "20.xyz", "model_rescale": 4.121658175737393, "target_rescale": 4.244728934873514},
{"mapping": [6, 9, 10, 13, 11, 3, 8, 5, 4, 0, 7, 1, 14], "R": [[-0.6199789150630738, 0.78445272694198, 0.016126502116245833], [-0.5175605483774534, -0.424320016253462, 0.743023285348374], [0.5897094400129979, 0.45231232903819135, 0.669071246848647]], "T": [0.1911262937848095, -0.06195585001059895, 0.06203649318892227], "aligned_model": [[0.09809089235480195, -0.09139089868290629, 0.2354275881999603, 0.6982638835257602, 0.7082260165956614, -0.3719599973414688, -0.5225120330089905, 0.3067154386845245, -0.577566567092132, -0.11393598155591428, -0.09004975348171779, 0.5028520536872736, 0.09892226277944262], [-0.5076549555729332, 0.08229195256556296, 0.5092274267570107, -0.5231765022475554, 0.36052485617396873, -0.4976749476965154, 0.347869128041267, -0.5967121888256868, -0.12206276081237732, -0.04718611716437494, 0.5759213187605808, 0.006370478907031511, -0.04691078472279558], [0.6310008226471132, 0.6443870153251247, 0.5262202039362354, 0.34817612761584665, -0.05179062697735245, 0.1714277012554881, 0.15608157249502316, -0.17427336739298505, -0.2595476190999865, -0.6644709104708176, -0.3196408131275016, -0.6340609956925093, -0.003399371031889857]], "inverted": false, "swapped": true, "error_lsq": 0.043523511984642174, "error_max": 0.27315943227645756, "target": "786.xyz", "model": "21.xyz", "model_rescale": 4.08911054899281, "target_rescale": 4.244728934873514},
{"mapping": [2, 15, 3, 13, 4, 14, 12, 1, 0, 7, 6, 11, 5, 9, 16], "R": [[-0.8390325269537869, 0.18455762576138193, 0.5118231154284306], [-0.298991534502121, -0.9423384297771998, -0.15034076646441738], [0.45456405600268257, -0.27917157186641195, 0.8458337617120913]], "T": [0.01182906643756381, -0.054224240578578185, 0.043674796519163145], "aligned_model": [[-0.23324360506031716, -0.5188683976877864, 0.4242526461237081, 0.6236347825991396, 0.2772427250753271, 0.10824102571116798, 0.5744100481757627, -0.5659622279816192, 0.2593447807746055, 0.6340632839964153, 0.142769703843423, -0.7283467655057622, -0.21459605188030678, 0.014707671038612612, 0.045543151132162035], [-0.5688283074402162, -0.032875269918050086, -0.25275405122899425, -0.204859559691731, -0.6471665680012869, 0.2023610312265577, 0.3582378370403226, -0.5804716184030204, -0.6934661058002843, -0.05041528209203331, -0.16726699115001756, 0.11853458419165258, 0.520480786547014, 0.6460132234356406, -0.08765174605090718], [-0.399468373830564, -0.45573629758751755, -0.6944115998440635, -0.15565591445116872, -0.20983491143462937, -0.5365762856416313, -0.19787681193515685, 0.18230848179205475, 0.40448666866775596, 0.38806738985358036, 0.768685151321327, 0.1341577039075836, 0.38451911807884287, -0.08749996930492718, 0.047082552894384025]], "inverted": true, "swapped": false, "error_lsq": 0.03986332867193202, "error_max": 0.25839542795605125, "target": "786.xyz", "model": "22.xyz", "model_rescale": 4.204369325754507, "target_rescale": 4.244728934873514},
{"mapping": [10, 2, 3, 12, 14, 1, 4, 11, 13, 7, 9, 5, 8, 0, 15], "R": [[0.8213639488485927, 0.10912447618668575, -0.5598688348433303], [0.5327498178256577, 0.20394725476966524, 0.8213301095653599], [0.2038109298800614, -0.9728809618698985, 0.10937887772566511]], "T": [0.14112551658389177, -0.07174681474215498, -0.03273385980145643], "aligned_model": [[-0.3211532885807371, -0.6468872675995789, 0.21572187424341593, 0.6081201578163968, 0.2865698357143857, 0.07883119076093101, 0.7206875953301524, -0.2353032503423405, 0.39699251365603866, 0.30740260660961716, -0.15015248248496604, -0.6242776190156267, -0.1609818688354745, 0.26138696384792737, 0.10623580923439109], [-0.5869078850400015, -0.029225633707432794, -0.3386916450573619, -0.1635840122012488, -0.8031404913357783, 0.2563867074767016, 0.33711998088225525, -0.6295417031669862, -0.5693861031198133, 0.12965568735492783, -0.19468497434741663, 0.09839990591141363, 0.536238286671205, 0.5979205799359308, -0.08068673759174774], [-0.4053078992777282, -0.39681226363759986, -0.8380936774394381, -0.30406575330529095, -0.24165538082721155, -0.6019150546295609, 0.1450321913197251, 0.22490823260066367, 0.3390416959364468, 0.6210356029474196, 0.666589515417654, 0.2437996394787018, 0.3009687018764816, -0.13151150283354995, -0.04976714514084318]], "inverted": true, "swapped": false, "error_lsq": 0.03799613448456009, "error_max": 0.23967556406778184, "target": "786.xyz", "model": "23.xyz", "model_rescale": 4.410303926677745, "target_rescale": 4.244728934873514},
{"mapping": [0, 12, 2, 4, 3, 5, 8, 7, 1, 10, 11, 13, 14, 15, 16], "R": [[-0.13546760924528284, 0.974767095390075, -0.17741938053708878], [0.21419934670441337, -0.14602156516999582, -0.9658138238691283], [-0.9673505914180083, -0.1688396050993417, -0.18901328268967899]], "T": [0.006689835143447682, 0.003923678203804404, 0.06783999298783008], "aligned_model": [[-0.19153108421242887, -0.5604567874296803, 0.280306694864481, 0.5460363722598233, 0.5191137719203989, 0.0069736087539556315, 0.7606095407155706, -0.43635692011378213, 0.1324315541691564, 0.5860652534406261, -0.01310771383769968, -0.6799446573540134, -0.2662637366246255, 0.0986648157382406, 0.06065205806450938], [-0.5641741857938247, -0.11872302336596363, -0.42891487092988395, -0.03268371956451429, -0.6687352548384873, 0.20888465254764987, 0.32268547864518166, -0.45422488058578814, -0.7807516342754834, -0.11523579571322838, -0.052993049582949744, 0.13442177096918748, 0.5051729684365236, 0.7046532155375693, -0.09950970882134179], [-0.38862369136965513, -0.4884677724457005, -0.6875927013262458, -0.3583636957812335, -0.23908451475060136, -0.5267968305410297, -0.007675961510998461, 0.2568912225986357, 0.39158221089017453, 0.33970225724015446, 0.6979907922122305, 0.1432717192473334, 0.4317018990935424, -0.03132103407091125, 0.03903300300017559]], "inverted": true, "swapped": false, "error_lsq": 0.04147666896138041, "error_max": 0.2294766488134995, "target": "786.xyz", "model": "24.xyz", "model_rescale": 4.28219845311461, "target_rescale": 4.244728934873514},
{"mapping": [4, 0, 3, 9, 7, 1, 11, 2, 13, 12, 14, 6, 10, 8, 15], "R": [[-0.2706607632778039, 0.702692249519017, -0.6580017885141196], [0.957863814597366, 0.1283291073038526, -0.25696021657754536], [-0.09612317049941377, -0.6998251515089322, -0.7078171327459097]], "T": [0.12146422691916767, -0.10851398345617388, -0.054912216763808204], "aligned_model": [[-0.19283162446809768, -0.6529148914063552, 0.3039917970403775, 0.7800404695571885, 0.48243180358021975, -0.035326234521848604, 0.4469233115533072, -0.3941021300416717, 0.2242322180067129, 0.5840148284285648, -0.055981686208871256, -0.6349776664018176, 0.008595982430522814, -0.07284326335182248, 0.051939856158124076], [-0.60462386867688, -0.16372649259268907, -0.2263519854907416, -0.15852436089314798, -0.7534460913891091, 0.1657627380584117, 0.20475222121224426, -0.41349718804784075, -0.6098153833519722, -0.21500719435325633, 0.02784459305283013, 0.32889384226530183, 0.5500090393508981, 0.5469794374763868, -0.11937734395578889], [-0.49050568849262516, -0.3055967435540393, -0.7984465039906802, -0.1986132211453632, -0.2984506952571527, -0.6117483058268239, 0.24909064587131113, 0.2766848291745493, 0.24683619401468743, 0.5443590384363295, 0.6731426653853493, 0.16569419970587584, 0.37323846541124817, -0.17540715967653736, -0.07803081757025791]], "inverted": true, "swapped": false, "error_lsq": 0.045591182537917746, "error_max": 0.3165713003168413, "target": "786.xyz", "model": "25.xyz", "model_rescale": 4.100010024507729, "target_rescale": 4.244728934873514},
{"mapping": [6, 13, 11, 1, 8, 7, 10, 0, 5, 4, 3, 14], "R": [[-0.8956825446533916, -0.14969348616689562, -0.41874173353324495], [0.03801195606771593, -0.9639660744864831, 0.2632954584398048], [-0.4430664401634722, 0.2199119538322607, 0.8690977287753929]], "T": [-0.04081581303861995, -0.05986617494097566, 0.03700764757407248], "aligned_model": [[-0.675627529038756, -0.17245661270058082, 0.37307465111089144, 0.7181611507023208, -0.3423694202772988, 0.31008950423579074, -0.305024528277282, 0.4673244979462735, 0.1005588629041054, -0.1034682355171824, -0.47350489696139764, -0.019991841763877454], [-0.3835383645129484, -0.7909040385469595, -0.18670632761901435, -0.09636376144511849, 0.710979414371678, 0.6219635089143166, 0.1297019782534637, 0.35784951868467063, -0.4062260157120827, 0.5774531363266074, 0.09594574972442127, 0.03597659161160501], [-0.11555081905680348, 0.03043062644917178, 0.5580114316959659, -0.05793994495527827, 0.06771840211587282, 0.24581032637696437, 0.6987758303657299, -0.397044386251189, -0.4269057109670541, -0.49947782828612, -0.5174168653498892, -0.02121877228301402]], "inverted": false, "swapped": true, "error_lsq": 0.04744457406182708, "error_max": 0.31184263815637164, "target": "786.xyz", "model": "26.xyz", "model_rescale": 3.6694154284099745, "target_rescale": 4.244728934873514},
