[{"mapping": [6, 2, 9, 3, 8, 4, 7, 1, 0, 10, 5, 11], "R": [[0.03587379167459109, 0.7372433830962699, 0.6746741918523745], [0.4224960645695639, -0.6229975544295594, 0.6583092909856423], [0.9056545403707305, 0.26143114056201244, -0.33383171246951115]], "T": [-0.060730134256313704, 0.024041318023044916, -0.029725493716693887], "aligned_model": [[-0.2678406578859473, 0.5549488265941278, -0.6497410234312816, -0.527360077429255, -0.1915681515768122, 0.10125381792053104, -0.0829322120179016, 0.4503641055815475, 0.49801756089082305, -0.4035650661263742, 0.3730024774580443, -0.002514690136618161], [-0.6582356136648494, 0.018509128645167832, -0.10594351877213588, 0.5242526672394253, -0.12658424466769316, 0.7805252495438181, -0.6632827246809293, -0.4659859579676528, 0.24502537238414487, 0.12820861619512233, -0.06386752163325289, 0.035056361853227476], [-0.15917782835523145, -0.5490125604083561, -0.10406618960130909, -0.10768456654642308, -0.6324666021363449, -0.2617636960273916, 0.621193885262106, -0.05288809954268338, 0.11778198028850384, 0.5476606244451867, 0.6722961512314045, 0.006632266988114439]], "inverted": true, "swapped": false, "error_lsq": 0.0375311854513953, "error_max": 0.24898294467471294, "target": "787.xyz", "model": "0.xyz", "model_rescale": 3.751011558992144, "target_rescale": 3.635300451174403},
{"mapping": [5, 4, 9, 11, 10, 6, 2, 8, 1, 12, 0, 14], "R": [[0.24636883967758505, 0.7459275478303493, 0.6187846864812685], [-0.9309144399094229, 0.3597569395741306, -0.06303372110529687], [-0.2696306740785353, -0.5605060551109655, 0.7830276251703367]], "T": [-0.022736862544074463, -0.04373048926517159, 0.0796235261192305], "aligned_model": [[-0.24798203156798027, 0.47048225254596465, -0.6249316723405451, -0.5104041845838673, -0.23660411039691093, 0.11770627862116621, 0.07731466695289706, 0.40186310830039906, 0.5993744444894613, -0.545139967846738, 0.4241267953449054, -0.07374066967786846], [-0.6080389728498656, -0.05458716502384656, -0.18602174696657423, 0.5395382578937113, -0.004540626032909056, 0.6637127340234088, -0.7170891886896118, -0.5229104044218233, 0.2624514931755824, 0.312356799907925, -0.012372821824401414, -0.024820544717203012], [-0.06496760839929829, -0.5385924612274875, -0.14688084551681352, -0.16267616543839325, -0.7110589025742055, -0.12900426491744904, 0.5490016842634404, -0.09507543154568752, 0.1497353277328783, 0.46984390249224917, 0.691860478981633, 0.08631965174670975]], "inverted": true, "swapped": false, "error_lsq": 0.04437646076078051, "error_max": 0.26492311727891654, "target": "787.xyz", "model": "1.xyz", "model_rescale": 3.9405287249114394, "target_rescale": 3.635300451174403},
{"mapping": [6, 10, 7, 4, 3, 8, 0, 11, 9, 2, 5, 12], "R": [[0.7442775519846104, 0.5552760353077708, -0.3711057130046358], [-0.0996412355617377, 0.6417570258528332, 0.7604074854604316], [0.66039575239967, -0.5289767900214616, 0.5329737384065604]], "T": [-0.12849804667383374, -0.04254852049214411, 0.04339253452649852], "aligned_model": [[-0.17502431531695975, 0.4491492553818372, -0.7161311648366147, -0.547812688841172, -0.18684704642912386, 0.1456848481241631, -0.23153595198112864, 0.4678662239932216, 0.5967871915152387, -0.12484844761798777, 0.3181264297133432, -0.14334942386393362], [-0.5727111557166337, 0.13713774738336013, -0.30931768161616047, 0.4773289139336059, -0.021485437448221123, 0.629619150484288, -0.6404233954405204, -0.4323225625374718, 0.30677445399561243, 0.19763227325473431, -0.14117817045616615, 0.016623678637965655], [-0.06669188729328551, -0.5444199856507663, -0.4175102602877845, -0.17014529800391603, -0.5248956136247129, -0.228092515529802, 0.6220623991740601, 0.03705677438419172, -0.00473115870361248, 0.6809421359407428, 0.6080827590005933, 0.10684801619186748]], "inverted": true, "swapped": false, "error_lsq": 0.04879093839341109, "error_max": 0.35337847753765905, "target": "787.xyz", "model": "2.xyz", "model_rescale": 3.932901565614263, "target_rescale": 3.635300451174403},
{"mapping": [10, 2, 12, 5, 6, 4, 11, 1, 0, 8, 3, 13], "R": [[-0.032843970841144265, 0.31815333914945443, -0.9474701717560501], [-0.9184453152333178, -0.38348661721848426, -0.09693408760748595], [-0.39418203473187124, 0.8670158402257577, 0.30480166714154616]], "T": [-0.02868600077214762, 0.036339588522079636, 0.14451405193094027], "aligned_model": [[-0.25632633508570657, 0.452636342667933, -0.6720373577595298, -0.5042157659930682, -0.17483273579964118, 0.23703273119252027, -0.20937828341121806, 0.5145989172270462, 0.6013034660307067, -0.2845034512187971, 0.2624200599322362, -0.11463267794159801], [-0.5846008797274741, 0.12651656675045722, -0.16611423268195097, 0.3822770633719105, -0.06326585457890778, 0.7044832149141446, -0.6911993914463821, -0.41319157448251864, 0.25881675980254526, 0.0377799441046783, 0.04383526174641371, 0.012340936701476658], [-0.1307281203190053, -0.5295755322351763, -0.2135938813823499, -0.2690054657923784, -0.515343620773726, -0.3516754829572166, 0.6300508991305748, -0.08249223052506643, 0.09384345770209038, 0.8325126587279895, 0.56390236171712, 0.07061032230472025]], "inverted": false, "swapped": false, "error_lsq": 0.04473203988042405, "error_max": 0.28922845275965064, "target": "787.xyz", "model": "3.xyz", "model_rescale": 3.9243930471874484, "target_rescale": 3.635300451174403},
{"mapping": [3, 11, 4, 8, 10, 9, 0, 6, 11, 1, 5, 12], "R": [[-0.8067129946756652, -0.36446354783288515, 0.46516713826589956], [-0.43386552743296347, 0.8997255210573759, -0.04748358519899258], [-0.40121670992960495, -0.2401256110020331, -0.8839484388889227]], "T": [-0.1442030545939991, -0.015686792315678152, -0.007486483664473308], "aligned_model": [[-0.21940447301712313, 0.5500174697886467, -0.6826177007174811, -0.4847602223633988, -0.09178753330453523, 0.04329156233912862, -0.21461519592971107, 0.4099146557163694, 0.5500174697886467, -0.24439454327069784, 0.33345171771382287, -0.09704829690278383], [-0.6795534950111513, 0.2690000645459295, -0.19054222312709398, 0.4273394513992823, -0.07027259880734102, 0.6641138079905343, -0.5143991650101709, -0.47147851682310005, 0.2690000645459295, 0.22210135232899791, -0.2235999108861185, -0.054031016671305096], [-0.08859824658493096, -0.25877384594849423, -0.1860992396354741, -0.2974605028057142, -0.7084862856448454, 0.012620833941003304, 0.6778239956327142, -0.08948637224766241, -0.25877384594849423, 0.6585306060904925, 0.5422781508772182, 0.09493011787176317]], "inverted": false, "swapped": false, "error_lsq": 0.050959246559360606, "error_max": 0.34532099361747665, "target": "787.xyz", "model": "4.xyz", "model_rescale": 3.8936222436046832, "target_rescale": 3.635300451174403},
{"mapping": [5, 2, 7, 10, 4, 3, 6, 1, 0, 8, 9, 11], "R": [[-0.16112584148981576, -0.7773719342934317, -0.6080553749265669], [0.7436486704889799, 0.30943340726324575, -0.592653036227295], [0.6488644836051454, -0.5476712903214367, 0.5282338872824056]], "T": [-0.06612402038182207, 0.020637888872894906, 0.06244001632891756], "aligned_model": [[-0.21457980462056975, 0.28240519535125264, -0.6800336826665612, -0.43668018003710535, -0.1963537015853744, 0.15917778371636476, -0.18384402861572763, 0.5636006052460404, 0.7785923132486556, -0.3687935866978674, 0.21126031588847333, -0.06268631938669775], [-0.7254777864457075, 0.2702209369592619, -0.1707508860544317, 0.38238034656541486, -0.20838518875697903, 0.5470845709802898, -0.6659607744566018, -0.4573225307408915, 0.2805033250007938, 0.49996634825095415, 0.016451956389735723, -0.12103250321744626], [-0.21763700203708097, -0.5486198439241747, 0.14138804210100414, -0.29991054090698394, -0.6867016651662539, 0.11117419621743647, 0.44887617313010686, -0.0721315271767962, 0.10296876885057223, 0.536252413789281, 0.6147771885185067, -0.03193083779804162]], "inverted": false, "swapped": false, "error_lsq": 0.05425839061869237, "error_max": 0.2830381840497619, "target": "787.xyz", "model": "5.xyz", "model_rescale": 3.6523030999806103, "target_rescale": 3.635300451174403},
{"mapping": [9, 5, 10, 6, 8, 1, 11, 7, 0, 2, 3, 12], "R": [[-0.19457085059293938, 0.9255413611060206, -0.32483129926402626], [0.2657527786006667, -0.26903377690957786, -0.9257409397600352], [-0.9442021207165157, -0.26644702243369667, -0.1936190576122403]], "T": [-0.08827267873003909, -0.032966996104187074, -0.012186691925785486], "aligned_model": [[-0.321160392000245, 0.4449038364171606, -0.8289579960033017, -0.5752840021568706, -0.15871773554639695, 0.09236571701775713, -0.08113414564516773, 0.4087888979598886, 0.7979656667702142, -0.33966338409402264, 0.396818163671057, 0.01614028345081049], [-0.6485774854110271, 0.037267115460532865, -0.24474911786646258, 0.3093954388411106, -0.03192683049926395, 0.6376418586728759, -0.7740792371397521, -0.4891365678329671, 0.37806713603899533, 0.4857526539807383, 0.02837790901307352, -0.040355058783461066], [-0.3112684761317268, -0.4301502109737365, 0.1111284950734996, -0.2734000071769087, -0.6820669160645083, -0.006857539113074001, 0.4624402043555122, 0.0957816854098428, 0.16891070639062303, 0.4817204573254577, 0.48133572922925094, 0.0009312372733442011]], "inverted": true, "swapped": false, "error_lsq": 0.04836024928727382, "error_max": 0.29467143066320217, "target": "787.xyz", "model": "6.xyz", "model_rescale": 4.08911054899281, "target_rescale": 3.635300451174403},
{"mapping": [9, 10, 3, 4, 8, 5, 1, 11, 12, 2, 13, 14], "R": [[-0.2482168186006885, -0.4541714431647098, -0.855638189410359], [-0.10848254598493168, -0.8646922389945847, 0.4904476210964419], [-0.9626110056405857, 0.2145591574280077, 0.1653614821637836]], "T": [-0.05298612489371044, 0.036177068243875246, 0.06809614530318463], "aligned_model": [[-0.25816847816067306, 0.4074038735186406, -0.7966903951889791, -0.40069968292358105, -0.1826288579796708, 0.11377161214439957, -0.11149423685425727, 0.3996951646536857, 0.6248762626323805, -0.3127300482261821, 0.42343886785138446, -0.05470917162626426], [-0.6846068883446516, 0.10095186396082174, -0.07926827705283555, 0.4228642957228014, -0.15167794873710078, 0.7369837845110544, -0.5503427288794627, -0.32573000264650154, 0.25316292174455673, 0.044951130616471754, 0.007572739056515718, -0.12718307547727725], [-0.1619647112983032, -0.48246736030146964, -0.17690950128415078, -0.4077376065147414, -0.5745952484761807, -0.1800228446110701, 0.5045791200829641, -0.024823094310637103, 0.10580079977985854, 0.8313756834886329, 0.623159692107693, 0.042110436934980636]], "inverted": true, "swapped": false, "error_lsq": 0.04367143330101702, "error_max": 0.27548865577395915, "target": "787.xyz", "model": "7.xyz", "model_rescale": 3.964800864290218, "target_rescale": 3.635300451174403},
{"mapping": [5, 9, 1, 7, 8, 12, 3, 10, 11, 2, 6, 13], "R": [[-0.39508988291978264, 0.6274504022537395, 0.670976882706143], [0.8300062711918217, 0.5568362922656818, -0.03198333000262127], [-0.39369223283763255, 0.5442787303647176, -0.740788154249169]], "T": [-0.05734885128812308, -0.011674788759981156, 0.16081643765377485], "aligned_model": [[-0.11502616945295419, 0.3431647380904119, -0.7872260388134218, -0.5081703540965095, -0.17059871366131604, 0.11479074456262262, -0.03448814345264022, 0.4716323516020674, 0.7264334520717248, -0.4299122580094857, 0.2894871391149483, -0.04802183811456389], [-0.7211810723072659, 0.10062811918903013, -0.0908008731879903, 0.4141022537208577, -0.10861039382948035, 0.6238553675872867, -0.6203376067943874, -0.5128673186860787, 0.25696352972705405, 0.4034791536776447, -0.061270942211908305, -0.03628240241036995], [-0.27775497448410447, -0.3876666052727431, 0.005451560459325322, -0.18893640030979453, -0.5933954281701088, -0.2095135735553207, 0.554478294686029, -0.21881357688980257, 0.18635228058229014, 0.5178212552749955, 0.6231483968588811, 0.08733413641792866]], "inverted": false, "swapped": false, "error_lsq": 0.04280065181736478, "error_max": 0.21911230977645166, "target": "787.xyz", "model": "8.xyz", "model_rescale": 4.121658175737393, "target_rescale": 3.635300451174403},
{"mapping": [3, 1, 11, 8, 2, 6, 10, 0, 4, 7, 5, 12], "R": [[-0.8650675930709413, -0.38117841019758636, -0.32613046318565364], [0.30585251576888295, -0.9160593600751692, 0.25940217311448355], [-0.3976333713564464, 0.12465259089931467, 0.9090376414460484]], "T": [-0.048426418219695226, 0.037333881863546414, 0.06861745702829619], "aligned_model": [[-0.3472217321448796, 0.43395751766185875, -0.6352190041078539, -0.57705375826114, -0.11172197945068552, -0.0020175419433259498, -0.11582223244546538, 0.5519961759957699, 0.812416451991936, -0.4199796923785193, 0.24673290076750953, 0.015997804155679564], [-0.6292148773652344, 0.10912553951731738, -0.16908980603436105, 0.39595270583642217, -0.148366822560433, 0.6783494892921689, -0.6317611997693433, -0.45101148752831643, 0.24500993686737818, 0.3344267897644952, -0.13500788308549913, 0.04926542953979784], [-0.22990909692787231, -0.41829466236110163, 0.19548666832409906, -0.2813811317978842, -0.5976072581870562, -0.19047182744648022, 0.4211091683562177, -0.07222199650434857, 0.131451577556644, 0.5470470535730972, 0.5832991049865597, 0.009997766025702043]], "inverted": false, "swapped": false, "error_lsq": 0.04604063254103182, "error_max": 0.2907418567169023, "target": "787.xyz", "model": "9.xyz", "model_rescale": 3.833441315466971, "target_rescale": 3.635300451174403},
{"mapping": [12, 7, 10, 8, 11, 9, 1, 6, 3, 13, 5, 14], "R": [[0.6538522426695652, -0.47903750803182954, 0.5856622837904408], [0.4058363790971634, -0.4312337544788212, -0.8058128085352102], [0.6385719052364296, 0.764565572659896, -0.08755230976942788]], "T": [0.012033364908951879, -0.10560962777793258, 0.05522015709477089], "aligned_model": [[-0.13742170281248048, 0.2949929466720617, -0.7894824961303228, -0.426338073791113, -0.20536381376090565, 0.11514651616904656, -0.047994725198526905, 0.4517332829935907, 0.7080867488984695, -0.3318804023896208, 0.16465046082086668, 0.055936168369818434], [-0.6444881212360873, 0.10852811741293429, -0.07289209579526772, 0.4501954723102385, -0.1231908609026689, 0.6695871819555324, -0.7148192942226732, -0.6227984065378844, 0.4102433216736022, 0.25339969754676805, -0.04234345305265928, -0.02374374467744203], [-0.16904131826696905, -0.5086884152419452, -0.12437948411673942, -0.2710780727881898, -0.5911283928314823, -0.1600650275998235, 0.4685833673858675, 0.03498856778332658, -0.005831222304271334, 0.6785356200884795, 0.7110712184174277, 0.035538525071895755]], "inverted": true, "swapped": false, "error_lsq": 0.038487358506229676, "error_max": 0.21530740087776876, "target": "787.xyz", "model": "10.xyz", "model_rescale": 4.2482417240324, "target_rescale": 3.635300451174403},
{"mapping": [10, 1, 4, 6, 0, 2, 9, 8, 3, 5, 7, 11], "R": [[-0.6465198094244183, 0.6556730021929478, 0.3900064745835648], [-0.42368995545075505, 0.11653796707262565, -0.8982793128424571], [-0.6344280555523623, -0.7459971959906193, 0.20245796082688974]], "T": [0.016577077944124552, 0.014008280000600452, -0.03402280888495221], "aligned_model": [[-0.0638972479474679, 0.3615337534467615, -0.8334962311656066, -0.4648667411165927, -0.2231970802797323, 0.2281333887197896, -0.15737473906999855, 0.5007013411940817, 0.7858880377307, -0.46477728811291924, 0.25153644676774034, -0.06811873032587255], [-0.6177575054905, 0.14313875382631858, -0.15694499226687417, 0.41937027918093844, -0.2587318106543482, 0.7232109787482175, -0.5912595114179686, -0.3582351056262737, 0.18114929030708113, 0.22588062056276723, -0.012742798900982868, -0.049400383793982636], [-0.13096731718531357, -0.6369131525743463, 0.08425621745750725, -0.1901497983894175, -0.6988240362690655, -0.028300410369952053, 0.4976750077060871, -0.09660386468095596, 0.16167122852480745, 0.5022553427342059, 0.6005122346508333, 0.033893913993185976]], "inverted": true, "swapped": false, "error_lsq": 0.05059119116604118, "error_max": 0.25367974208736893, "target": "787.xyz", "model": "11.xyz", "model_rescale": 3.6694154284099745, "target_rescale": 3.635300451174403},
{"mapping": [4, 6, 8, 9, 11, 7, 1, 0, 5, 10, 12, 13], "R": [[-0.43952148146006037, -0.8142471535653426, -0.37923929153753544], [-0.5260327235317743, -0.1089002699887272, 0.8434632801551747], [-0.7280868362420091, 0.5702125078487146, -0.380456639821126]], "T": [-0.03005071836801941, -0.044588699195998685, 0.038301106948932795], "aligned_model": [[-0.06690528010082843, 0.31591716277783777, -0.7794431387079873, -0.558035656572601, -0.334808296768598, 0.1202023517189524, -0.06228803797630271, 0.5269867161897941, 0.7094861844808438, -0.27389189103109585, 0.22020339524035348, 0.03464140059051517], [-0.6956361850996962, -0.026175865363554936, -0.1178928643377959, 0.5020203670545267, -0.025942363853132658, 0.6783839156565536, -0.7482502827588264, -0.4919175462170543, 0.2671274876863058, 0.4055911526728556, 0.04755570064935073, -0.14718570161513966], [-0.31163826226843583, -0.4087134635287811, -0.03676786814037508, -0.22080640087730125, -0.6338624010554597, -0.04476471979255492, 0.5076566493087618, 0.05685005704108545, 0.06041401351838663, 0.41434415075386044, 0.6633217373810147, 0.05247187325737533]], "inverted": false, "swapped": false, "error_lsq": 0.048112141777568805, "error_max": 0.2915788091753949, "target": "787.xyz", "model": "12.xyz", "model_rescale": 3.9764082729961374, "target_rescale": 3.635300451174403},
{"mapping": [3, 0, 8, 1, 2, 9, 14, 4, 5, 13, 6, 15], "R": [[-0.6082722408507201, -0.45352003680878406, 0.6514019168097398], [-0.41770382696233543, 0.8807534603115809, 0.22315208959406213], [-0.6749284361704309, -0.1363558519541283, -0.7251749359198792]], "T": [-0.0814762503311231, 0.03608229497733298, 0.05568192055946969], "aligned_model": [[-0.34965123397551656, 0.34533047807533973, -0.6540883626522462, -0.44668814592826017, -0.28688611322097507, 0.1730695855042514, -0.21813212660882147, 0.5534745753433241, 0.6680478776614227, -0.22936644296418807, 0.3383608561393581, -0.04140603753280475], [-0.756996624697925, 0.12253763840318146, -0.23726517416300283, 0.4387265492866913, 0.04979548613316574, 0.5257221846240876, -0.5039791964039684, -0.28091291001772867, 0.39897741819509613, 0.12996740488712466, -0.17506395315919185, -0.06383100861313788], [-0.031217173956334554, -0.5252392648713526, -0.25584555268528847, -0.2726783298470044, -0.7149530452460118, -0.1829775071680072, 0.628802149290622, -0.05484052406018619, 0.15234947942228888, 0.6420219441354493, 0.658021419204208, 0.05506177137919311]], "inverted": true, "swapped": false, "error_lsq": 0.04803761214463753, "error_max": 0.2278298006065665, "target": "787.xyz", "model": "13.xyz", "model_rescale": 4.170626492500431, "target_rescale": 3.635300451174403},
{"mapping": [2, 1, 4, 8, 0, 10, 6, 3, 9, 12, 11, 13], "R": [[-0.5345719223092666, -0.7159828732790134, 0.44900042878565666], [0.6945983760937255, -0.06957880155570434, 0.7160250598282378], [-0.4814207679426959, 0.6946418613538923, 0.5345154147901302]], "T": [-0.05147178701040382, -0.03625720980523286, -0.0373152939303303], "aligned_model": [[-0.2643428886824847, 0.5111331833787333, -0.7523752739095511, -0.5635582020883572, -0.10384913426602975, 0.04892342354640393, -0.040432144577379696, 0.4522387191706842, 0.6641081844791661, -0.4281858428544263, 0.35732316312965123, -0.028918277485526278], [-0.6127473492025883, 0.03582112663774222, -0.1339271981683066, 0.47949487403563074, -0.11442236354786411, 0.5076626059801493, -0.6319825574319816, -0.5049672029457223, 0.33243941126213544, 0.36912171563786494, -0.022823475852906804, -0.05599177192976025], [-0.27242629002978247, -0.5560588053156754, 0.0102031868828686, -0.19003590259641828, -0.6263867910872856, 0.07404152296059664, 0.5563838752791506, 0.0080749332437874, 0.05386883012846748, 0.44170513164912123, 0.539196522655621, 0.05993915182712509]], "inverted": false, "swapped": false, "error_lsq": 0.038421037717435096, "error_max": 0.25662279557773965, "target": "787.xyz", "model": "14.xyz", "model_rescale": 3.9786697098870705, "target_rescale": 3.635300451174403},
{"mapping": [4, 0, 10, 6, 1, 9, 5, 2, 3, 7, 8, 11], "R": [[-0.7411754847162211, 0.5067034507256527, 0.44035271530716247], [0.16286446363415236, 0.7720850460258564, -0.6142962218575101], [-0.6512557618484729, -0.38358349120623964, -0.6547744939543675]], "T": [-0.05404039421597261, -0.004449137149948528, 6.118951218607102e-05], "aligned_model": [[-0.09392880083047636, 0.38294556780944766, -0.7925170312168944, -0.4575951007865921, -0.43035222092579073, 0.22329471548312646, -0.045760426162659525, 0.6349084624708108, 0.8149958678393531, -0.5374962921874972, 0.2274789781751264, -0.07390880982707064], [-0.6013854120975811, -0.040946173669524286, -0.3711360004235819, 0.6559700703800061, 0.03178994528679181, 0.552773791521577, -0.5210065539866221, -0.52792562071907, 0.28342410735692924, 0.1317354174062344, -0.03550320929654602, 0.08988745271577925], [-0.13028730016279258, -0.5398617877695278, -0.11180475438156261, -0.16830080125213095, -0.5636304189713934, 0.0015147163062502293, 0.6146825892128527, 0.07195875753165658, 0.08405049021559813, 0.4297124052762955, 0.43825134640030045, -0.02777987680797041]], "inverted": true, "swapped": false, "error_lsq": 0.06031186725462861, "error_max": 0.295665358569256, "target": "787.xyz", "model": "15.xyz", "model_rescale": 3.769337070930944, "target_rescale": 3.635300451174403},
{"mapping": [2, 9, 4, 3, 0, 6, 7, 10, 1, 5, 11], "R": [[0.6257590745640391, -0.7687957166763442, 0.1318283983854151], [0.12604580353322414, -0.06712184702891684, -0.9897510358989732], [0.769764922565598, 0.6359621086759284, 0.05490136898152671]], "T": [-0.01126328664079366, 0.06491762213638007, 0.07746747391652159], "aligned_model": [[-0.3170713259137233, -0.33057620756285383, -0.15095576360882387, -0.6855409330490142, 0.31230333397314625, 0.5117027722362255, 0.6385068769055351, 0.298642648978647, 0.16571226105969436, -0.5002107730619405, -0.019886759265722045], [0.07872668058544197, -0.6264370074284965, 0.6780821765908132, 0.2190768610852334, 0.2847967345716212, -0.5378678306064208, 0.1830536624431352, -0.452410641269536, 0.594507384843461, 0.13507790602867212, 0.039458570781417464], [-0.5734457780771673, -0.010451936730415057, -0.14505176873991105, 0.006613923136795263, -0.5672764259072951, -0.433212045542779, 0.11611798014163457, 0.33182133761702365, 0.44784746687454996, 0.573055760447184, -0.0018009059958430246]], "inverted": false, "swapped": true, "error_lsq": 0.040716880245187985, "error_max": 0.25864063680365024, "target": "787.xyz", "model": "16.xyz", "model_rescale": 3.7852294659196426, "target_rescale": 3.635300451174403},
{"mapping": [11, 2, 6, 5, 7, 1, 9, 8, 3, 4, 0, 12], "R": [[0.5424739106063305, -0.8139071922832755, -0.20803158092229698], [-0.8288188268422441, -0.5589348717053406, 0.02551786557650655], [-0.13704527931789975, 0.15857771451654135, -0.977789189894933]], "T": [0.002263525171084895, -0.024650934159543256, 0.03492814884285789], "aligned_model": [[-0.07868946258860252, 0.32246976451922327, -0.8342555277608713, -0.44977954291808947, -0.3301052077402338, 0.12531165180710002, 0.020402954908394343, 0.43345178857673433, 0.708953909943049, -0.2624507153949101, 0.2347774406620258, -0.03802214417293602], [-0.6398459724410033, -0.003846401768551288, -0.18982794463747651, 0.44598230300138064, -0.007217782289471855, 0.596953333702809, -0.7353198997189808, -0.5075427129923483, 0.32284768388548796, 0.44492391942348575, 0.02239506558810028, -0.10182377727903899], [-0.3561137326480206, -0.4857657696397607, -0.21072539823794562, -0.04488683240965169, -0.5820435812835888, -0.2347409946529186, 0.5267435288294189, 0.10632928811513448, 0.145963195968542, 0.4945067741221888, 0.6748274446305137, 0.06441144280366415]], "inverted": false, "swapped": false, "error_lsq": 0.052200471163071076, "error_max": 0.26936849537231483, "target": "787.xyz", "model": "17.xyz", "model_rescale": 3.901054581598922, "target_rescale": 3.635300451174403},
{"mapping": [5, 4, 9, 11, 10, 6, 2, 8, 1, 12, 0, 14], "R": [[0.24636883967758505, 0.7459275478303493, 0.6187846864812685], [-0.9309144399094229, 0.3597569395741306, -0.06303372110529687], [-0.2696306740785353, -0.5605060551109655, 0.7830276251703367]], "T": [-0.022736862544074463, -0.04373048926517159, 0.0796235261192305], "aligned_model": [[-0.24798203156798027, 0.47048225254596465, -0.6249316723405451, -0.5104041845838673, -0.23660411039691093, 0.11770627862116621, 0.07731466695289706, 0.40186310830039906, 0.5993744444894613, -0.545139967846738, 0.4241267953449054, -0.07374066967786846], [-0.6080389728498656, -0.05458716502384656, -0.18602174696657423, 0.5395382578937113, -0.004540626032909056, 0.6637127340234088, -0.7170891886896118, -0.5229104044218233, 0.2624514931755824, 0.312356799907925, -0.012372821824401414, -0.024820544717203012], [-0.06496760839929829, -0.5385924612274875, -0.14688084551681352, -0.16267616543839325, -0.7110589025742055, -0.12900426491744904, 0.5490016842634404, -0.09507543154568752, 0.1497353277328783, 0.46984390249224917, 0.691860478981633, 0.08631965174670975]], "inverted": true, "swapped": false, "error_lsq": 0.04437646076078051, "error_max": 0.26492311727891654, "target": "787.xyz", "model": "18.xyz", "model_rescale": 3.9405287249114394, "target_rescale": 3.635300451174403},
{"mapping": [5, 10, 6, 1, 2, 3, 7, 11, 14, 4, 13, 15], "R": [[-0.46040093793237197, -0.2992414785109022, -0.8357544578939449], [0.2603135809939491, 0.8545722138536698, -0.449380875048488], [0.8486859347845346, -0.4244536121272232, -0.3155492279360763]], "T": [-0.070154666402819, -0.0049807193421758725, 0.1719767066238267], "aligned_model": [[-0.2534928208048979, 0.37542132319094956, -0.6568051868416027, -0.45972608473315846, -0.19591162776419052, 0.11384160563174503, -0.19138034623174782, 0.4893735598030595, 0.642112811812109, -0.4241370233078967, 0.477844064119914, -0.06507536503339928], [-0.6709606191787859, 0.07397621917043512, -0.16568692292573078, 0.4127975039278569, -0.14632617619280824, 0.718105691868709, -0.4643819314635378, -0.3971707985079875, 0.2902010034782604, 0.14875188867196765, -0.14175246764871494, -0.009875576725271482], [-0.2907548969142569, -0.47077664910819583, -0.26195662764641037, -0.1585000552836649, -0.6762755739565955, -0.23877870560285486, 0.6914768604185876, -0.056777108169793866, 0.09930104311607535, 0.7930465938741862, 0.5357358653849676, 0.13276461948553214]], "inverted": true, "swapped": false, "error_lsq": 0.04126444927200647, "error_max": 0.2337618466878277, "target": "787.xyz", "model": "19.xyz", "model_rescale": 4.410303926677745, "target_rescale": 3.635300451174403},
{"mapping": [5, 9, 1, 7, 8, 12, 3, 10, 11, 2, 6, 13], "R": [[-0.39508988291978264, 0.6274504022537395, 0.670976882706143], [0.8300062711918217, 0.5568362922656818, -0.03198333000262127], [-0.39369223283763255, 0.5442787303647176, -0.740788154249169]], "T": [-0.05734885128812308, -0.011674788759981156, 0.16081643765377485], "aligned_model": [[-0.11502616945295419, 0.3431647380904119, -0.7872260388134218, -0.5081703540965095, -0.17059871366131604, 0.11479074456262262, -0.03448814345264022, 0.4716323516020674, 0.7264334520717248, -0.4299122580094857, 0.2894871391149483, -0.04802183811456389], [-0.7211810723072659, 0.10062811918903013, -0.0908008731879903, 0.4141022537208577, -0.10861039382948035, 0.6238553675872867, -0.6203376067943874, -0.5128673186860787, 0.25696352972705405, 0.4034791536776447, -0.061270942211908305, -0.03628240241036995], [-0.27775497448410447, -0.3876666052727431, 0.005451560459325322, -0.18893640030979453, -0.5933954281701088, -0.2095135735553207, 0.554478294686029, -0.21881357688980257, 0.18635228058229014, 0.5178212552749955, 0.6231483968588811, 0.08733413641792866]], "inverted": false, "swapped": false, "error_lsq": 0.04280065181736478, "error_max": 0.21911230977645166, "target": "787.xyz", "model": "20.xyz", "model_rescale": 4.121658175737393, "target_rescale": 3.635300451174403},
{"mapping": [9, 5, 10, 6, 8, 1, 11, 7, 0, 2, 3, 12], "R": [[-0.19457085059293938, 0.9255413611060206, -0.32483129926402626], [0.2657527786006667, -0.26903377690957786, -0.9257409397600352], [-0.9442021207165157, -0.26644702243369667, -0.1936190576122403]], "T": [-0.08827267873003909, -0.032966996104187074, -0.012186691925785486], "aligned_model": [[-0.321160392000245, 0.4449038364171606, -0.8289579960033017, -0.5752840021568706, -0.15871773554639695, 0.09236571701775713, -0.08113414564516773, 0.4087888979598886, 0.7979656667702142, -0.33966338409402264, 0.396818163671057, 0.01614028345081049], [-0.6485774854110271, 0.037267115460532865, -0.24474911786646258, 0.3093954388411106, -0.03192683049926395, 0.6376418586728759, -0.7740792371397521, -0.4891365678329671, 0.37806713603899533, 0.4857526539807383, 0.02837790901307352, -0.040355058783461066], [-0.3112684761317268, -0.4301502109737365, 0.1111284950734996, -0.2734000071769087, -0.6820669160645083, -0.006857539113074001, 0.4624402043555122, 0.0957816854098428, 0.16891070639062303, 0.4817204573254577, 0.48133572922925094, 0.0009312372733442011]], "inverted": true, "swapped": false, "error_lsq": 0.04836024928727382, "error_max": 0.29467143066320217, "target": "787.xyz", "model": "21.xyz", "model_rescale": 4.08911054899281, "target_rescale": 3.635300451174403},
{"mapping": [1, 6, 11, 5, 8, 10, 2, 0, 7, 14, 13, 16], "R": [[0.3896440223003269, -0.46279271718171855, -0.7962414437902515], [0.5549337128739291, 0.8079749004577997, -0.1980533628751717], [0.7350007552387808, -0.364690911805834, 0.5716418709687486]], "T": [-0.07253228666769533, -0.013260934033613756, 0.14481472496036676], "aligned_model": [[-0.2641559736079411, 0.3506863344445826, -0.7220535398929449, -0.38549974117458724, -0.22739810309573089, 0.1306364017483006, -0.21009647887125604, 0.5437066253064474, 0.562397019256012, -0.3192600751778851, 0.4220571143838115, -0.028954673477925463], [-0.7074948435567656, 0.04209816175280871, -0.15475001984924316, 0.4559424414487386, -0.15614767019648967, 0.71605255029985, -0.6399477157573966, -0.43276034814076075, 0.29866426913172195, 0.17560143924379, 0.07911508884266726, -0.02869553874452794], [-0.18882883145525806, -0.46623805329115275, -0.23465333754582904, -0.2790114408241574, -0.5157622785682695, -0.13439798039460657, 0.47586396602477743, -0.06577787489052936, 0.07157790280827589, 0.706311820486213, 0.5732747123492835, 0.1561467608988293]], "inverted": false, "swapped": false, "error_lsq": 0.03679526041543301, "error_max": 0.181507829663484, "target": "787.xyz", "model": "22.xyz", "model_rescale": 4.204369325754507, "target_rescale": 3.635300451174403},
{"mapping": [5, 10, 6, 1, 2, 3, 7, 11, 14, 4, 13, 15], "R": [[-0.46040093793237197, -0.2992414785109022, -0.8357544578939449], [0.2603135809939491, 0.8545722138536698, -0.449380875048488], [0.8486859347845346, -0.4244536121272232, -0.3155492279360763]], "T": [-0.070154666402819, -0.0049807193421758725, 0.1719767066238267], "aligned_model": [[-0.2534928208048979, 0.37542132319094956, -0.6568051868416027, -0.45972608473315846, -0.19591162776419052, 0.11384160563174503, -0.19138034623174782, 0.4893735598030595, 0.642112811812109, -0.4241370233078967, 0.477844064119914, -0.06507536503339928], [-0.6709606191787859, 0.07397621917043512, -0.16568692292573078, 0.4127975039278569, -0.14632617619280824, 0.718105691868709, -0.4643819314635378, -0.3971707985079875, 0.2902010034782604, 0.14875188867196765, -0.14175246764871494, -0.009875576725271482], [-0.2907548969142569, -0.47077664910819583, -0.26195662764641037, -0.1585000552836649, -0.6762755739565955, -0.23877870560285486, 0.6914768604185876, -0.056777108169793866, 0.09930104311607535, 0.7930465938741862, 0.5357358653849676, 0.13276461948553214]], "inverted": true, "swapped": false, "error_lsq": 0.04126444927200647, "error_max": 0.2337618466878277, "target": "787.xyz", "model": "23.xyz", "model_rescale": 4.410303926677745, "target_rescale": 3.635300451174403},
{"mapping": [10, 14, 4, 5, 15, 6, 1, 11, 13, 0, 7, 16], "R": [[-0.5733203739781049, -0.8018746802269637, -0.16822825563058888], [0.8178827943718624, -0.5723169426790106, -0.05933845121861531], [-0.04869787933863123, -0.1716109388513881, 0.9839604678108086]], "T": [-0.050456124550705486, -0.06892362722476343, -0.01995720940621178], "aligned_model": [[-0.2634822601569691, 0.47475789136314406, -0.7274117392529684, -0.4477184172815493, -0.07418350076372991, 0.1648809622326276, -0.024557368002311467, 0.4088023931656784, 0.4873262301976792, -0.3353565359100102, 0.31284789439895627, -0.12384064014966341], [-0.6736718944613294, 0.020510211881129017, -0.14422271225592564, 0.4020072101892559, 0.15978354526490407, 0.6108730744325256, -0.620916579012729, -0.5044870674977668, 0.3726826677501331, 0.19389253392332734, -0.05132715790150225, -0.11744601783762923], [-0.13257756768413465, -0.43745189910305504, -0.11968441987407431, -0.14648329594450762, -0.695563775171063, -0.2834044967927693, 0.6365246145280027, -0.029316163047429535, 0.07984581153486077, 0.6282288997729708, 0.5364881614656081, 0.061899495913167124]], "inverted": true, "swapped": false, "error_lsq": 0.038903689486096835, "error_max": 0.2648041767582021, "target": "787.xyz", "model": "24.xyz", "model_rescale": 4.28219845311461, "target_rescale": 3.635300451174403},
{"mapping": [2, 7, 0, 1, 4, 3, 14, 13, 9, 8, 11, 15], "R": [[-0.6183150694067184, 0.4101722513187903, -0.6704067416073919], [0.3671878843504447, 0.904953405322968, 0.21501718950030152], [0.6948809484586619, -0.11321686465557695, -0.7101566088031225]], "T": [0.023401386245243003, -0.041242683734037965, 0.11000108683610728], "aligned_model": [[-0.2449981767579158, 0.5238714963121224, -0.7126041033867586, -0.35544008238334446, -0.18373348745810686, 0.04677704038950291, -0.0060432007543504, 0.37421561910138984, 0.5968418283968637, -0.4213870015237867, 0.27522411073213326, -0.04065913282686558], [-0.6429204456176124, 0.03515215048756274, -0.16417174082615768, 0.4670343063888176, -0.012561219026455371, 0.5925340767039297, -0.6526650064010953, -0.4551550688066673, 0.3162356770390291, 0.2513548689431233, -0.03294577850300325, -0.05421400590707863], [-0.07634689362626702, -0.4809638055087128, -0.2197541833110221, 0.020496663450127364, -0.5906565261988449, -0.3347751957846136, 0.5632564062042016, -0.1319128822645736, 0.12577970410202544, 0.5555300075606625, 0.5926951390515675, 0.07515693192302575]], "inverted": true, "swapped": false, "error_lsq": 0.043525837237169275, "error_max": 0.2846380078547794, "target": "787.xyz", "model": "25.xyz", "model_rescale": 4.100010024507729, "target_rescale": 3.635300451174403},
{"mapping": [10, 1, 4, 6, 0, 2, 9, 8, 3, 5, 7, 11], "R": [[-0.6465198094244183, 0.6556730021929478, 0.3900064745835648], [-0.42368995545075505, 0.11653796707262565, -0.8982793128424571], [-0.6344280555523623, -0.7459971959906193, 0.20245796082688974]], "T": [0.016577077944124552, 0.014008280000600452, -0.03402280888495221], "aligned_model": [[-0.0638972479474679, 0.3615337534467615, -0.8334962311656066, -0.4648667411165927, -0.2231970802797323, 0.2281333887197896, -0.15737473906999855, 0.5007013411940817, 0.7858880377307, -0.46477728811291924, 0.25153644676774034, -0.06811873032587255], [-0.6177575054905, 0.14313875382631858, -0.15694499226687417, 0.41937027918093844, -0.2587318106543482, 0.7232109787482175, -0.5912595114179686, -0.3582351056262737, 0.18114929030708113, 0.22588062056276723, -0.012742798900982868, -0.049400383793982636], [-0.13096731718531357, -0.6369131525743463, 0.08425621745750725, -0.1901497983894175, -0.6988240362690655, -0.028300410369952053, 0.4976750077060871, -0.09660386468095596, 0.16167122852480745, 0.5022553427342059, 0.6005122346508333, 0.033893913993185976]], "inverted": true, "swapped": false, "error_lsq": 0.05059119116604118, "error_max": 0.25367974208736893, "target": "787.xyz", "model": "26.xyz", "model_rescale": 3.6694154284099745, "target_rescale": 3.635300451174403},
{"mapping": [0, 6, 5, 7, 1, 3, 4, 2, 12, 8, 10, 13], "R": [[0.2199874563028253, -0.6727168940758479, 0.7064400183273574], [0.937143853334407, 0.34682008189243585, 0.03843473628976174], [-0.2708632814298607, 0.6535807610548743, 0.7067285699276487]], "T": [0.011312877352309113, 0.030147673999932626, 0.12131725691113526], "aligned_model": [[-0.1397987142040536, 0.33551971393777613, -0.6960344687662198, -0.3876317701305706, -0.25748727725326226, 0.11077588718830655, -0.16221991333640695, 0.49657303607363007, 0.7164082039387655, -0.3987627632622658, 0.1840803090573703, 0.0506426665978142], [-0.5580702704858408, 0.02465629656891212, -0.168947851633319, 0.4846807811174156, -0.1114923869659514, 0.7328141127582362, -0.6377170978976519, -0.4367298844899428, 0.3332280947101579, 0.0933725413634301, -0.09748541845250874, -0.01063110211854457], [-0.13963921420114822, -0.48370357222580096, -0.17193895075213533, -0.05295651477390978, -0.7077371584979802, -0.26494457896011675, 0.5678299522546157, 0.028163781723281434, -0.08046394232581167, 0.6073190856643442, 0.683235336479412, 0.113341141212826]], "inverted": false, "swapped": false, "error_lsq": 0.04220801505464875, "error_max": 0.20568846212061392, "target": "787.xyz", "model": "27.xyz", "model_rescale": 4.103607728864725, "target_rescale": 3.635300451174403},
{"mapping": [1, 3, 5, 9, 0, 10, 8, 2, 12, 11, 13, 14], "R": [[-0.5029670419008285, 0.744377211020425, 0.43923424556264345], [0.5554419314303517, 0.6677383582835841, -0.4955903002336354], [-0.6621996795306164, -0.0052964695975870335, -0.7493087026315328]], "T": [-0.05913391340348164, 0.07986769472887555, 0.11211262740884913], "aligned_model": [[-0.19981515245771267, 0.3706959623608987, -0.7159885088556607, -0.5418419545265838, -0.12243167744292208, -0.025440262424518682, -0.17708548966312362, 0.4721242094913054, 0.7938375476972487, -0.28740652867367744, 0.33218545948683903, -0.04676869515120907], [-0.7243521648225453, 0.1557364067632222, -0.10374911175210892, 0.48019609684388154, -0.19699787934538626, 0.5833339776320378, -0.532405957194722, -0.35156980139379845, 0.16222988906291058, 0.2380202340787137, -0.01859023771266527, -0.044173637685146996], [-0.2570757236480718, -0.49864188055767883, -0.15240073556729228, -0.4140565882890432, -0.5428916381816763, 0.04026754289269617, 0.6445488936648462, -0.15797476591002918, 0.05780081822425097, 0.7405556406361349, 0.6191113620165051, 0.01926244031693379]], "inverted": true, "swapped": false, "error_lsq": 0.04417908204462212, "error_max": 0.24202895261495105, "target": "787.xyz", "model": "28.xyz", "model_rescale": 4.137296879288765, "target_rescale": 3.635300451174403},
{"mapping": [10, 8, 1, 4, 0, 7, 6, 5, 3, 9, 11], "R": [[-0.3957712074793872, 0.5386096700275277, -0.7438177025879027], [0.7759847417938949, 0.6292980590941415, 0.0427975854857352], [0.4911342299548773, -0.56025313579951, -0.6670109384361291]], "T": [-0.02057432470569036, 0.021797972044146786, 0.003948317461277561], "aligned_model": [[0.5519857448844793, 0.07509712763250166, -0.2293321488721467, -0.5260217558993877, 0.08041065084120948, 0.3964246665607378, 0.7671697878601194, -0.4362261116098415, -0.6333235963955118, 0.18604267346190795, -0.010808027754169424], [-0.2279916928048247, -0.7549182998378569, -0.35684904091364056, 0.23722762928870325, 0.6611622365802592, -0.023229945295916415, 0.5365019830357105, -0.47103242822758334, 0.0956097794234644, 0.12121001910927375, 0.10145757629036307], [0.19925883708491188, -0.09803559212531729, -0.507924333555605, -0.37435384932123644, -0.38303004158331616, -0.5076526784609717, 0.11429489220643625, 0.27588884086886906, 0.3241448011899186, 0.7354457193866719, 0.027717426092637647]], "inverted": true, "swapped": true, "error_lsq": 0.04668233720631385, "error_max": 0.25253590917231206, "target": "787.xyz", "model": "29.xyz", "model_rescale": 3.607286011436655, "target_rescale": 3.635300451174403},
