[{"mapping": [10, 6, 5, 9, 11, 8, 4, 3, 2, 0, 1, 12], "R": [[0.8553482360386355, -0.30583778278901563, -0.4181418966383232], [0.126050803593263, -0.6600177836082513, 0.7405995680759911], [-0.5024844176878402, -0.6861776562520459, -0.5259939486737103]], "T": [-0.03567089303396245, -0.07138346584693772, -0.014334457967605196], "aligned_model": [[-0.3397984157144964, 0.2869921363367933, 0.24935396363743859, -0.31687771673244636, 0.10839540542099343, -0.4041466482093985, 0.3427824116586692, -0.3000910256260898, 0.5504567328912392, 0.25674373976557063, -0.5581599590573206, -0.03800816191040374], [-0.16197212863862087, -0.6993232370208218, -0.4281408728082613, 0.7271885083458707, 0.4245565310731559, -0.6202534955247552, -0.38859613877454474, -0.4692643198094264, 0.3130088599676702, 0.266245709222016, 0.14591712685429856, -0.055811506909523946], [-0.4643066156825343, 0.1009410427481618, -0.7351124824849322, -0.08631677089943486, -0.6280393048789036, -0.0024972258967923926, 0.6580951859619302, 0.6785767819809283, -0.03819871910444485, 0.4674707022446899, 0.2979291527087116, -0.06659000134381732]], "inverted": false, "swapped": true, "error_lsq": 0.05155671977839312, "error_max": 0.27264508355399986, "target": "788.xyz", "model": "0.xyz", "model_rescale": 3.751011558992144, "target_rescale": 4.097908980948045},
{"mapping": [8, 1, 5, 0, 3, 11, 12, 9, 7, 4, 6, 10, 14], "R": [[0.24840533240226964, -0.5054159143293584, -0.8263471088935548], [-0.944418223869119, 0.06327577948141588, -0.3225994329736459], [0.21533464481596187, 0.8605526882612347, -0.46160595909102575]], "T": [0.07901852370299023, -0.11190902908535072, -0.07772964215441464], "aligned_model": [[-0.023957040222830364, -0.5762783140329822, 0.5313140817395634, -0.5656336994604193, -0.09921377758429267, 0.3762036697711024, 0.21449083836484134, 0.7260447069517478, -0.35285185044852335, -0.05872995472196524, -0.20265743609463677, 0.5823486191218544, 0.11149509730539774], [-0.7115148340749847, -0.07144219989300768, -0.5407803096300257, -0.27553901713567186, -0.11636346494003152, 0.6219207098793796, 0.4046314177506628, -0.003666262771129622, 0.3498719697403468, -0.29119350959165924, 0.4934350881217584, 0.03302382693660827, -0.07505141738601187], [0.18738762246025537, 0.1560096134792685, -0.11753165089738915, -0.44263135040008816, -0.8204404164749644, 0.021798706038984844, -0.5942645614191464, -0.1396185996951902, -0.27753783230441065, 0.6801993793581547, 0.2656985143863268, 0.5532275912773101, -0.1020319274427503]], "inverted": true, "swapped": false, "error_lsq": 0.054197644590403785, "error_max": 0.3290264782711984, "target": "788.xyz", "model": "1.xyz", "model_rescale": 3.9405287249114394, "target_rescale": 4.097908980948045},
{"mapping": [3, 8, 7, 9, 10, 0, 11, 6, 5, 4, 2, 1, 12], "R": [[-0.41672694129021715, -0.7799044449366447, -0.4669986222366872], [0.8071227001845124, -0.5537919676887715, 0.2046152569342293], [-0.4182004343012593, -0.2916564987986087, 0.8602586142892004]], "T": [0.09552646964578308, -0.020510079023531608, -0.012600550302102845], "aligned_model": [[0.17502650767000374, -0.5776589571958725, 0.6990183431606283, -0.5968397441525441, -0.3143949385879503, 0.5764251829235353, 0.07366834000778634, 0.565925508640186, -0.14171039958672088, -0.06490832863891567, -0.1732030551790203, 0.39248631035866527, 0.048740171269075594], [-0.5704504897491922, -0.4031411262366301, -0.5043874664341093, -0.005806509730062272, -0.4949668078236594, 0.6657118539349731, 0.21237210706994789, 0.0150180096210486, 0.6321680878867114, -0.45696742994662765, 0.5090970518132762, 0.19967163240420588, 0.01901308419635113], [-0.146932107182571, 0.020635467906880908, 0.16224248133026414, -0.4258727827720093, -0.5768189219281296, -0.0402749892372371, -0.6855807867178783, -0.28244901225775065, -0.22662428424811576, 0.5122435962855786, 0.3212712169616932, 0.6878001916412492, 0.05062501858438613]], "inverted": true, "swapped": false, "error_lsq": 0.05477842903848013, "error_max": 0.33587754055931296, "target": "788.xyz", "model": "2.xyz", "model_rescale": 3.932901565614263, "target_rescale": 4.097908980948045},
{"mapping": [3, 10, 0, 11, 8, 5, 9, 7, 12, 1, 6, 2, 13], "R": [[0.8600275321116491, 0.3162617661026655, 0.4004137101943061], [-0.09291135354814964, 0.8686900461459857, -0.48656457342138687], [-0.5017171756994149, 0.381255949499163, 0.7764816653210134]], "T": [0.11009938911099729, -0.09470398096191826, -0.06194363988371643], "aligned_model": [[0.18258458548596707, -0.5339156197051571, 0.5177609234426997, -0.6643186548975316, -0.006453379025577077, 0.31641475883579984, 0.1120388517592876, 0.6792192736704931, -0.2592426322165362, -0.13716120789056901, 0.008380169001320187, 0.3821225607942166, 0.06514531143444385], [-0.5777766908032839, 0.12583194400514022, -0.4840287693735469, -0.4183464151829005, -0.34634085078760657, 0.5920676045869597, 0.3445835109473969, 0.024362392335083985, 0.5707575662642294, -0.4415394616827638, 0.4168135792083506, -0.0005795689746428689, 0.011527156463817329], [-0.21051056552405148, 0.16111243943196843, 0.30025604495542, -0.36729747767350085, -0.7415619618232742, -0.11272201276691415, -0.650854225053914, -0.47627237783949405, -0.1242108913455297, 0.5441388358534743, 0.3792992032078095, 0.7199411612946612, -0.05105308435029416]], "inverted": true, "swapped": false, "error_lsq": 0.0595121817528399, "error_max": 0.3412484492268421, "target": "788.xyz", "model": "3.xyz", "model_rescale": 3.9243930471874484, "target_rescale": 4.097908980948045},
{"mapping": [1, 0, 9, 2, 7, 10, 4, 8, 3, 5, 6, 11, 12], "R": [[0.23706532408896552, -0.8243757049411651, -0.5140084913864279], [-0.49318206523445723, 0.35372202425221755, -0.7947654874804202], [0.8370014830606155, 0.44191110719427656, -0.32271208637523835]], "T": [0.15928793291024662, 0.025854444755308605, -0.03013137785534655], "aligned_model": [[-0.029803790359941046, -0.6407337915819065, 0.7299824638426438, -0.5833997546159493, -0.008548846645532598, 0.5119214469594939, 0.045467006819911615, 0.639977956389383, -0.3497612092451719, -0.255518768809546, -0.0968702995042055, 0.6229642383143659, 0.07689828912531174], [-0.66288694418742, -0.2558393964294382, -0.35911328102352835, -0.06552362990427249, -0.388325504082781, 0.6338900565501464, 0.21691753665332877, -0.02450607483138449, 0.4628022958053573, -0.25582798782684535, 0.40834186772568215, 0.1384596964588313, -0.031056637901441926], [-0.0364495524680658, 0.03260755375634448, 0.12412488376600955, -0.5698345708995215, -0.6958674699526574, -0.08553913071962835, -0.5805012181794542, -0.4335384778310574, -0.08397296678297014, 0.5375071577972557, 0.5262882892777418, 0.6011042536509005, 0.03433633695146338]], "inverted": true, "swapped": false, "error_lsq": 0.04712317929897832, "error_max": 0.2921231944128368, "target": "788.xyz", "model": "4.xyz", "model_rescale": 3.8936222436046832, "target_rescale": 4.097908980948045},
{"mapping": [4, 0, 3, 6, 1, 9, 11, 10, 5, 7, 8, 12], "R": [[0.5106492895771702, 0.7072478370460176, -0.4889149210732486], [-0.7066909511091692, 0.6691445007060115, 0.22985546936133577], [0.4897195142882799, 0.22813621844992538, 0.8415038105419481]], "T": [-0.1268952740591695, -0.02163707924615483, 0.007530721574711671], "aligned_model": [[-0.0495127999591381, -0.4943103443849101, -0.27093541027135803, 0.4344040425534625, -0.6664012859551691, -0.8220159648559047, -0.14735669823440845, 0.03124550307392024, 0.6163428192519551, 0.38013495930691105, 0.1304171380312204, -0.11446391634148433], [-0.4011355183705163, -0.5164366699422065, 0.20528508855024197, -0.11328315872845829, 0.3027544160841677, -0.038769417371615746, -0.19277911308072654, 0.38754745256459294, 0.011101092677019357, -0.46910143445407626, 0.507120040450722, -0.013379873269337081], [-0.7313909908807984, -0.22009950683261992, -0.790035536387302, -0.4263497931935931, -0.13884671910625723, 0.4958847297004051, 0.7908805491700982, 0.34029837645026345, 0.42533608980230253, 0.10833935918208941, -0.29475894521497836, 0.060027106585908596]], "inverted": false, "swapped": true, "error_lsq": 0.04962776095185359, "error_max": 0.3126054740359628, "target": "788.xyz", "model": "5.xyz", "model_rescale": 3.6523030999806103, "target_rescale": 4.097908980948045},
{"mapping": [1, 5, 2, 8, 6, 11, 10, 4, 9, 0, 7, 3, 12], "R": [[-0.8078670690555481, -0.5591837139242201, -0.18618370717523838], [-0.3567207988901291, 0.2124632388899152, 0.9097305335975018], [-0.46914930499233076, 0.8013569405716302, -0.3711145152414416]], "T": [0.010663906969884368, -0.019832759461403636, -0.11910838367877177], "aligned_model": [[0.034040525288241905, -0.5377924396976435, 0.61026793672371, -0.6030319205033812, -0.053865502903148274, 0.37827204458611907, 0.3267695333312446, 0.5712450538127024, -0.26952647762771786, -0.03901866503277293, -0.08537396650869732, 0.33960157439128846, -0.009012755171087999], [-0.6912745706601696, -0.14885662704634986, -0.47670567772814937, -0.08850285408489938, -0.3730237853777357, 0.7661140550921528, 0.22535897507003538, 0.09972963026637646, 0.5679030409870612, -0.4357166671855441, 0.430254305028667, -0.04374911911988796, -0.014198708235322936], [0.056943579910280845, 0.26358210141365257, -0.20829234112919545, -0.3881157295130352, -0.6610645779839173, 0.02827161833106634, -0.7889078222924135, -0.14329959476649506, -0.43331031306637435, 0.781855515616864, 0.3858831221246496, 0.4923396694214337, -0.015620139700155022]], "inverted": true, "swapped": false, "error_lsq": 0.04876273977250655, "error_max": 0.271649983468714, "target": "788.xyz", "model": "6.xyz", "model_rescale": 4.08911054899281, "target_rescale": 4.097908980948045},
{"mapping": [11, 9, 13, 8, 10, 7, 5, 12, 4, 1, 6, 2, 14], "R": [[-0.8430182273620908, -0.5104853635752655, -0.1694844001986836], [0.02593531456487458, -0.3533050244237834, 0.9351486080700389], [-0.5372593673391833, 0.7839516906623387, 0.31108217389294696]], "T": [0.002159744444240032, 0.017244961577519362, -0.024834861578541506], "aligned_model": [[0.04209652661770991, -0.5973159670192072, 0.6426169785169724, -0.591449788172963, -0.06991460425220503, 0.5857583524231882, 0.24786352586678573, 0.5224645797851817, -0.3484162010942338, -0.0017508742666355326, -0.04781718071823123, 0.3682726067574352, -0.08983301375494004], [-0.5557791886669526, -0.4113272280092012, -0.282462928959334, -0.07662878959646688, -0.26056710673165645, 0.5213526096288704, 0.42967687154110884, -0.25351069272697807, 0.5106755409795308, -0.36797332483866146, 0.43842068482519847, 0.23286770930732206, -0.10741215974654619], [-0.14558021189641687, 0.24258252302094266, 0.16459648225208803, -0.3472699944525727, -0.6858194615986514, 0.04281946924085203, -0.6164688709304177, -0.4297745756029583, -0.38604430140958357, 0.5992946423926092, 0.238331024416537, 0.660444458116387, 0.033153904817545155]], "inverted": true, "swapped": false, "error_lsq": 0.0548820736133616, "error_max": 0.38722945221637545, "target": "788.xyz", "model": "7.xyz", "model_rescale": 3.964800864290218, "target_rescale": 4.097908980948045},
{"mapping": [3, 5, 6, 1, 0, 12, 2, 4, 7, 10, 9, 11, 13], "R": [[0.052725751705223034, -0.9968727131929396, 0.058862456612570474], [-0.9400017887639398, -0.06944115945883966, -0.33402778700821517], [0.3370706635524853, -0.03771894834641576, -0.9407234709030746]], "T": [0.02634926648547296, -0.026974378917142862, -0.08063512885079116], "aligned_model": [[-0.033224367348385464, -0.6389659369638542, 0.49197154594694087, -0.5514635827611624, -0.004555061510614997, 0.2322035350435833, 0.2300120394538912, 0.6936177180130535, -0.24098368378995697, -0.140283786075345, -0.005869578179290517, 0.6553352369122223, -0.025219138052224362], [-0.7494744632057975, -0.34016217272896776, -0.3710438068137967, 0.07482522786610415, -0.4782880891725025, 0.6834942600729266, 0.14021755448320602, 0.12887034109457474, 0.566639053667543, -0.26680454951886273, 0.3402253840254258, 0.09406325938414589, -0.005230002147765391], [-0.10081695377132871, 0.31728422081047236, -0.044331618903202266, -0.5484909212448325, -0.6360811027937074, 0.07277044606933128, -0.6882345528685891, -0.24050580112778072, -0.36874856365342906, 0.6873811001903961, 0.5007279306326984, 0.44553961742125014, -0.026228712394917635]], "inverted": true, "swapped": false, "error_lsq": 0.05325245688433166, "error_max": 0.34014103188603384, "target": "788.xyz", "model": "8.xyz", "model_rescale": 4.121658175737393, "target_rescale": 4.097908980948045},
{"mapping": [7, 6, 5, 8, 11, 0, 3, 10, 2, 9, 1, 4, 12], "R": [[-0.8112453598129101, 0.5271183785625815, 0.2530359286021989], [-0.20669060907492828, 0.1462900621216992, -0.9674079852082391], [-0.5469551702856984, -0.8371053892467689, -0.009726715363282179]], "T": [0.03808153930232783, -0.06309334323637614, -0.0843872986129239], "aligned_model": [[-0.01920883642195395, -0.5292030458645424, 0.5944547165325644, -0.6380752437949831, 0.008395521265903483, 0.5270997124822996, 0.17199696117679775, 0.6730205144651952, -0.2767696481474945, -0.059909555917442556, -0.10894794097344346, 0.2988729656788823, 0.02084882020707438], [-0.7318746952431324, -0.12820095953169458, -0.25734562858964205, -0.1829969111887448, -0.32674096826431553, 0.5287923250258985, 0.3371519665435073, -0.067364167217493, 0.511356324534209, -0.5388942075521299, 0.4955746385495433, 0.17239842742257264, 0.005475852517655297], [-0.15265314930410645, 0.3082082283946651, 0.1011735905031331, -0.327262733334279, -0.6611374565702255, 0.08695103664139639, -0.7511363842916445, -0.5006985865658388, -0.3150878833945559, 0.5917791748305312, 0.29138408636817703, 0.7308791459308951, -0.03213398084178687]], "inverted": false, "swapped": false, "error_lsq": 0.047697319186380566, "error_max": 0.2825583012437474, "target": "788.xyz", "model": "9.xyz", "model_rescale": 3.833441315466971, "target_rescale": 4.097908980948045},
{"mapping": [12, 0, 11, 1, 6, 9, 4, 7, 5, 10, 2, 8, 14], "R": [[0.2045221198797508, 0.9761626842387249, 0.0726437635295697], [-0.8888304704446576, 0.1541100599953885, 0.43154430156977686], [0.41006230903244634, -0.1528283458919351, 0.8991620540274781]], "T": [0.041105888844129954, -0.024676458961069764, -0.07934460079781411], "aligned_model": [[-0.02085868200210038, -0.571545039677559, 0.5334968256527223, -0.5777947642588755, -0.018235470995119227, 0.5659280837683299, -0.011566811594212079, 0.699377308269147, -0.4603176426392784, -0.0230845985404511, 0.025857520609067805, 0.4178279836243272, 0.10349022847285846], [-0.6117188562862413, -0.15551352963071577, -0.4408675761952979, -0.3193820266659032, -0.2584517452165809, 0.5125574679340462, 0.32947319303254163, -0.019843010514265277, 0.40549198809726816, -0.409293547253346, 0.6674406840191713, 0.07061148640149292, 0.046827469284064144], [-0.20001635811215268, 0.18779480554981678, 0.14353025271341582, -0.3545164432277219, -0.7142125292628595, 0.2270073178195053, -0.7918866632134832, -0.18215195912444918, -0.22413669553069596, 0.6443289583728739, 0.11402448304619456, 0.5963476613672496, -0.07584774203133272]], "inverted": false, "swapped": false, "error_lsq": 0.04806510696093432, "error_max": 0.2843630713920721, "target": "788.xyz", "model": "10.xyz", "model_rescale": 4.2482417240324, "target_rescale": 4.097908980948045},
{"mapping": [8, 3, 4, 0, 5, 7, 6, 2, 1, 11, 10, 12], "R": [[-0.28731563463195, 0.9568435804386175, 0.0435900065318526], [-0.9302326638205172, -0.2678999502009568, -0.250792360018621], [-0.22829129912772536, -0.11260541397167355, 0.9670589969008321]], "T": [-0.016951309409105983, 0.020213901334764417, -0.16371113823918054], "aligned_model": [[-0.5645071840052936, -0.046181879485342935, 0.3519566148229718, 0.6181891736463532, -0.4707118478811195, 0.09543962956599544, -0.17469930533707, 0.540797953361626, -0.0025932101949369454, 0.0499862356661558, -0.48459072290028227, -0.03631985489605011], [-0.2826647169166186, -0.733653641084425, -0.31600707404982054, -0.1364779363107843, 0.713235357835509, 0.5564709021864377, 0.047164138132461786, 0.4442809843349968, -0.5150527129273589, 0.6511418726457076, 0.1760136725693764, 0.06168054363515731], [0.04987706015921195, 0.2093605293755571, 0.5047758166702405, -0.10304628400246162, 0.04088263372026951, 0.2452669712227103, 0.5334957767632116, -0.13280117266393227, -0.5256592434948917, -0.6544192776609652, -0.40909778993336743, -0.19344273030122644]], "inverted": true, "swapped": true, "error_lsq": 0.049065764723046246, "error_max": 0.26695391496938015, "target": "788.xyz", "model": "11.xyz", "model_rescale": 3.6694154284099745, "target_rescale": 4.097908980948045},
{"mapping": [0, 12, 6, 1, 4, 9, 3, 11, 2, 5, 10, 7, 13], "R": [[0.5646660211985212, -0.45940567571081, 0.6856374476562123], [-0.032906259779968416, 0.8175613217209693, 0.5749005681795377], [-0.8246632419182539, -0.3471885803861585, 0.446531776112652]], "T": [0.08110515884762445, 0.003663750088195439, -0.01212542290835697], "aligned_model": [[-0.1591389675888854, -0.5056661302684118, 0.4582843089500628, -0.586048413288904, 0.1971746672051485, 0.5750118362471931, -0.08884835339238045, 0.7559215271005986, -0.3636610339068378, 0.06452980924392202, -0.08824162254208984, 0.3780552615293681, 0.025202051400073575], [-0.6603408701879843, -0.006157624252506466, -0.41079160157089334, -0.13166449259032162, -0.3282826091711437, 0.6181434736210397, 0.17684533434374414, 0.0938443686818399, 0.4083113255113188, -0.5043870797581597, 0.5036969369434724, 0.14923059317757484, -0.0911157577417469], [-0.12220942896783471, 0.3304698122331342, 0.06414700764694499, -0.5151819525554495, -0.6632921707958737, 0.14004924737946264, -0.838184042593029, -0.2976407010897677, -0.26659928576897607, 0.6093087285144844, 0.3411694496623363, 0.6533039491363688, -0.06507552443543975]], "inverted": false, "swapped": false, "error_lsq": 0.05044498985245738, "error_max": 0.2949378778517195, "target": "788.xyz", "model": "12.xyz", "model_rescale": 3.9764082729961374, "target_rescale": 4.097908980948045},
{"mapping": [13, 6, 12, 14, 11, 2, 8, 1, 3, 5, 7, 0, 15], "R": [[-0.2513079838014496, -0.9077258421808987, -0.33597335119712834], [-0.8067705498858877, 0.3882222037184899, -0.44542653757581885], [0.5347574937431672, 0.159114160202472, -0.8298898161253634]], "T": [0.09234713199511183, -0.08446988274814482, 0.02143134335247278], "aligned_model": [[-0.09916793039121466, -0.5387297216071935, 0.47602303330647777, -0.5837634940314378, -0.10221857872720577, 0.5877582892134917, 0.24725137149513457, 0.7047610509505805, -0.3785435537909273, 0.06057887455065819, -0.036626135521551945, 0.3233047517926903, 0.0019469834493550386], [-0.6128780034843228, -0.4630582783192462, -0.5888545108666267, -0.23499917720907915, -0.11796498536799949, 0.5403693771594619, 0.3417466394918483, -0.04137821779404957, 0.45249832735704043, -0.3918963427236348, 0.6326178972131961, 0.3281745339806431, -0.027045262430997433], [-0.22061696795359997, 0.22654506128851348, -0.05341840360073975, -0.37734602869633094, -0.7477025598536047, 0.0013515403708779933, -0.5207835489209821, -0.14109520383931434, -0.4239567466207539, 0.8007282414347121, 0.2218925890314845, 0.5723316035650244, 0.03233551216107429]], "inverted": false, "swapped": false, "error_lsq": 0.057336357780676736, "error_max": 0.33169714210491785, "target": "788.xyz", "model": "13.xyz", "model_rescale": 4.170626492500431, "target_rescale": 4.097908980948045},
{"mapping": [2, 3, 4, 1, 0, 12, 7, 8, 9, 6, 11, 5, 13], "R": [[-0.6289866787137943, -0.7726793559987162, 0.08568763512899569], [-0.17063050228537813, 0.029678010547769973, -0.984888037992018], [0.7584596163873395, -0.6341023801432513, -0.1505097399048782]], "T": [0.05191601505434745, -0.04617928832345091, -0.09822356575850877], "aligned_model": [[0.019715433575630534, -0.5577766526265848, 0.6798222969894168, -0.5445427317518341, -0.03545293161938892, 0.6220411573277704, 0.11224566857876073, 0.6643263212973045, -0.47630544053925944, -0.03832778471622082, -0.21464019332358492, 0.38853598149780605, 0.042933815999041273], [-0.7010909827798554, -0.22649796320296683, -0.36761280755261433, 0.002992031071119068, -0.37980083420667765, 0.35129651205793777, 0.1974955740574852, 0.12439487028547797, 0.5632935302039267, -0.28247651867170004, 0.36134289317768636, 0.18687153863828831, -0.012875846071873122], [-0.04357960677841545, 0.16867272663928273, -0.024214617546465117, -0.5805446357966557, -0.584969636936788, 0.13128990104694208, -0.8692052109603022, -0.4821693510292776, -0.17458727304635752, 0.7039665255308337, 0.41415628405106386, 0.7139304458675384, -0.0024804626750380976]], "inverted": true, "swapped": false, "error_lsq": 0.05025490615075435, "error_max": 0.3272932598824313, "target": "788.xyz", "model": "14.xyz", "model_rescale": 3.9786697098870705, "target_rescale": 4.097908980948045},
{"mapping": [2, 4, 11, 9, 7, 5, 3, 8, 10, 1, 6, 12], "R": [[0.14837153548915732, 0.366999424053716, 0.9183122073678598], [0.524159017679957, 0.7582433288151333, -0.387716879297418], [-0.8385959764042352, 0.5388677732538724, -0.07986433063039436]], "T": [0.05721357001223635, -0.07087527461955939, -0.009588585672182078], "aligned_model": [[0.03556715795464531, -0.771658067547866, 0.7271800561596194, 0.5839415538629142, -0.06416352734138644, 0.3724646975956873, -0.5876427528089098, -0.0668848219996177, 0.49238349083926314, 0.09664407925599769, -0.44195989253050877, 0.1074826233274982], [-0.11250523453702296, -0.0885615507830873, -0.01838540821815371, -0.7117889436534957, 0.4218722313950558, 0.7122935134809867, -0.28559719972477393, 0.17879639887323232, 0.1402208547728046, -0.6064867193511052, 0.43751784894325824, -0.052701300973259854], [-0.7093535006684881, -0.10270901209815148, -0.44746406955147616, -0.19333631738570167, -0.4677740106908583, -0.133279138552769, 0.4868064029343428, 0.5899416106057995, 0.25354704999842526, 0.34997858394740927, 0.054211994395889106, -0.020603099060591067]], "inverted": false, "swapped": true, "error_lsq": 0.051972137355943006, "error_max": 0.32560686816814693, "target": "788.xyz", "model": "15.xyz", "model_rescale": 3.769337070930944, "target_rescale": 4.097908980948045},
{"mapping": [1, 4, 10, 8, 9, 0, 11, 2, 5, 6, 12], "R": [[-0.6608309011201434, 0.37205135986354226, -0.6518284327554518], [0.0806992159511668, -0.8282278162015716, -0.5545505576724659], [-0.7461837284942674, -0.4190661882014164, 0.5172942810786996]], "T": [-0.062280250711066715, 0.059738041731760415, -0.05444866433088395], "aligned_model": [[-0.22932782952443112, -0.44806662735602143, -0.07060321944351686, -0.6624865302045808, 0.5017457539942042, 0.1284226783410266, 0.6563086276192971, 0.49795149547744566, 0.06648298177945489, -0.4891367204277768, -0.028664479563930464], [0.06167046848206125, -0.654677841956518, 0.6102555559045924, 0.334450446822433, 0.15788647724673258, -0.5464705876673142, 0.41033098134804324, -0.3017106114907149, 0.5445455203288034, -0.12179484383162245, 0.10157893243884591], [-0.678799772597961, 0.13736172762665738, -0.048449216251484226, -0.016260600232452335, -0.6823160704430171, -0.2211204382857772, 0.009268151731737853, 0.16319282671278879, 0.6357815259856439, 0.4901131719466069, -0.04455369896896601]], "inverted": true, "swapped": true, "error_lsq": 0.06309464734109455, "error_max": 0.3851351948500937, "target": "788.xyz", "model": "16.xyz", "model_rescale": 3.7852294659196426, "target_rescale": 4.097908980948045},
{"mapping": [0, 8, 4, 9, 10, 7, 6, 5, 11, 3, 2, 1, 12], "R": [[0.9686337534004943, 0.07676010058082153, -0.23633987969044312], [-0.226416131942914, -0.11927435848320003, -0.9667002444421074], [-0.1023932955289552, 0.9898896475704974, -0.09815344448095951]], "T": [0.043497408568858364, -0.026653539979295322, 0.01861910265258282], "aligned_model": [[-0.10623196635094387, -0.5965325623853166, 0.5282431395002058, -0.6254633554242783, 0.06362854586508726, 0.2967540158197959, 0.358377998210019, 0.6846967212697468, -0.3958225567129566, -0.03472035513297969, -0.045230344825935784, 0.539736853055673, -0.004861192199259685], [-0.6908348239159128, -0.059721933383936256, -0.5280496345434563, -0.3374612638575849, -0.2134638310808447, 0.6182804243767807, 0.39314535300340425, 0.02094209624694115, 0.5031872946566855, -0.33668109782753375, 0.41090119757098686, 0.06717977471761916, -0.030091558956915135], [0.06543247780491722, 0.1346967873749417, -0.10551879562685071, -0.43210458268817814, -0.7649316153796674, -0.08790919255635017, -0.6969312726668071, -0.1185199047979274, -0.23475558529060087, 0.7468088210493045, 0.43666247176048445, 0.48680269595277215, -0.05946721656967727]], "inverted": true, "swapped": false, "error_lsq": 0.05278131676305043, "error_max": 0.278261337877538, "target": "788.xyz", "model": "17.xyz", "model_rescale": 3.901054581598922, "target_rescale": 4.097908980948045},
{"mapping": [8, 1, 5, 0, 3, 11, 12, 9, 7, 4, 6, 10, 14], "R": [[0.24840533240226964, -0.5054159143293584, -0.8263471088935548], [-0.944418223869119, 0.06327577948141588, -0.3225994329736459], [0.21533464481596187, 0.8605526882612347, -0.46160595909102575]], "T": [0.07901852370299023, -0.11190902908535072, -0.07772964215441464], "aligned_model": [[-0.023957040222830364, -0.5762783140329822, 0.5313140817395634, -0.5656336994604193, -0.09921377758429267, 0.3762036697711024, 0.21449083836484134, 0.7260447069517478, -0.35285185044852335, -0.05872995472196524, -0.20265743609463677, 0.5823486191218544, 0.11149509730539774], [-0.7115148340749847, -0.07144219989300768, -0.5407803096300257, -0.27553901713567186, -0.11636346494003152, 0.6219207098793796, 0.4046314177506628, -0.003666262771129622, 0.3498719697403468, -0.29119350959165924, 0.4934350881217584, 0.03302382693660827, -0.07505141738601187], [0.18738762246025537, 0.1560096134792685, -0.11753165089738915, -0.44263135040008816, -0.8204404164749644, 0.021798706038984844, -0.5942645614191464, -0.1396185996951902, -0.27753783230441065, 0.6801993793581547, 0.2656985143863268, 0.5532275912773101, -0.1020319274427503]], "inverted": true, "swapped": false, "error_lsq": 0.054197644590403785, "error_max": 0.3290264782711984, "target": "788.xyz", "model": "18.xyz", "model_rescale": 3.9405287249114394, "target_rescale": 4.097908980948045},
{"mapping": [13, 12, 9, 4, 7, 2, 8, 5, 0, 14, 1, 10, 15], "R": [[-0.8291931388815461, -0.45342269745497304, 0.326873975508032], [-0.12331263542332696, 0.7187683237505504, 0.6842266369542902], [-0.5451905468519453, 0.5270483414312963, -0.6519105102832727]], "T": [-0.022377980235578576, -0.03665742820161151, 0.007804233208655545], "aligned_model": [[-0.00941379500023054, -0.5081351148840496, 0.49170032576290257, -0.6057678503814274, -0.026522051769350796, 0.5741223872459911, 0.19477916232636133, 0.7167821491496278, -0.34062292223165036, -0.025200552515943775, -0.22791186518402193, 0.4221377561666442, 0.006627312004004442], [-0.7019326843235539, -0.1090138307101556, -0.45171192929234044, -0.12453926531729094, -0.39934575594708094, 0.5470474011358203, 0.26006986833379947, 0.20379509073633323, 0.4091985166566593, -0.43018078709557356, 0.5692995347142927, 0.061823548939034814, -0.017177710823710828], [0.10038181615957735, 0.2505873037953867, -0.38266100645115503, -0.4241657550225424, -0.5955742156355676, 0.25029395838388596, -0.6533068334519146, -0.2873017342378028, -0.4076556219932723, 0.674790260923421, 0.16933257502882088, 0.6485938197179398, 0.02695052114958394]], "inverted": true, "swapped": false, "error_lsq": 0.055441898400154566, "error_max": 0.44182037191789403, "target": "788.xyz", "model": "19.xyz", "model_rescale": 4.410303926677745, "target_rescale": 4.097908980948045},
{"mapping": [3, 5, 6, 1, 0, 12, 2, 4, 7, 10, 9, 11, 13], "R": [[0.052725751705223034, -0.9968727131929396, 0.058862456612570474], [-0.9400017887639398, -0.06944115945883966, -0.33402778700821517], [0.3370706635524853, -0.03771894834641576, -0.9407234709030746]], "T": [0.02634926648547296, -0.026974378917142862, -0.08063512885079116], "aligned_model": [[-0.033224367348385464, -0.6389659369638542, 0.49197154594694087, -0.5514635827611624, -0.004555061510614997, 0.2322035350435833, 0.2300120394538912, 0.6936177180130535, -0.24098368378995697, -0.140283786075345, -0.005869578179290517, 0.6553352369122223, -0.025219138052224362], [-0.7494744632057975, -0.34016217272896776, -0.3710438068137967, 0.07482522786610415, -0.4782880891725025, 0.6834942600729266, 0.14021755448320602, 0.12887034109457474, 0.566639053667543, -0.26680454951886273, 0.3402253840254258, 0.09406325938414589, -0.005230002147765391], [-0.10081695377132871, 0.31728422081047236, -0.044331618903202266, -0.5484909212448325, -0.6360811027937074, 0.07277044606933128, -0.6882345528685891, -0.24050580112778072, -0.36874856365342906, 0.6873811001903961, 0.5007279306326984, 0.44553961742125014, -0.026228712394917635]], "inverted": true, "swapped": false, "error_lsq": 0.05325245688433166, "error_max": 0.34014103188603384, "target": "788.xyz", "model": "20.xyz", "model_rescale": 4.121658175737393, "target_rescale": 4.097908980948045},
{"mapping": [1, 5, 2, 8, 6, 11, 10, 4, 9, 0, 7, 3, 12], "R": [[-0.8078670690555481, -0.5591837139242201, -0.18618370717523838], [-0.3567207988901291, 0.2124632388899152, 0.9097305335975018], [-0.46914930499233076, 0.8013569405716302, -0.3711145152414416]], "T": [0.010663906969884368, -0.019832759461403636, -0.11910838367877177], "aligned_model": [[0.034040525288241905, -0.5377924396976435, 0.61026793672371, -0.6030319205033812, -0.053865502903148274, 0.37827204458611907, 0.3267695333312446, 0.5712450538127024, -0.26952647762771786, -0.03901866503277293, -0.08537396650869732, 0.33960157439128846, -0.009012755171087999], [-0.6912745706601696, -0.14885662704634986, -0.47670567772814937, -0.08850285408489938, -0.3730237853777357, 0.7661140550921528, 0.22535897507003538, 0.09972963026637646, 0.5679030409870612, -0.4357166671855441, 0.430254305028667, -0.04374911911988796, -0.014198708235322936], [0.056943579910280845, 0.26358210141365257, -0.20829234112919545, -0.3881157295130352, -0.6610645779839173, 0.02827161833106634, -0.7889078222924135, -0.14329959476649506, -0.43331031306637435, 0.781855515616864, 0.3858831221246496, 0.4923396694214337, -0.015620139700155022]], "inverted": true, "swapped": false, "error_lsq": 0.04876273977250655, "error_max": 0.271649983468714, "target": "788.xyz", "model": "21.xyz", "model_rescale": 4.08911054899281, "target_rescale": 4.097908980948045},
{"mapping": [5, 14, 8, 12, 10, 0, 7, 6, 13, 15, 4, 1, 16], "R": [[-0.8162203442246317, -0.05690843436066603, -0.5749311087186371], [0.2951639371850754, -0.8965388729971909, -0.33029728940808994], [-0.49665138664784614, -0.43929429691670757, 0.7485705850734632]], "T": [0.005977470707612911, -0.0719899009740826, 0.05176238737529493], "aligned_model": [[0.15808513661210633, -0.6174642196022583, 0.6349639117592305, -0.5695209607619771, 0.012365903357847777, 0.4610397964753444, 0.057805595318186256, 0.6096791728225969, -0.3364148678596068, -0.220742019908032, -0.08045724481292853, 0.5443638712957086, 0.008870865992639034], [-0.7029795173741484, -0.16175915257219925, -0.35859931086079516, -0.05163683907833602, -0.37117333598173924, 0.5495789705955586, 0.25099498525773645, 0.019194358686162385, 0.4265801226417512, -0.3456787429826745, 0.5872240964749966, 0.0013561815212501799, -0.025769819321329324], [-0.22472344574559489, 0.17458146650450965, 0.10647181250189752, -0.41014324614912345, -0.6976266099820383, -0.029784015008747, -0.5797364620097244, -0.375781545110073, -0.21455581341168717, 0.6883153767085882, 0.2621385537721739, 0.6303458447178131, 0.04076317157836679]], "inverted": false, "swapped": false, "error_lsq": 0.03241063566673157, "error_max": 0.16923609187613978, "target": "788.xyz", "model": "22.xyz", "model_rescale": 4.204369325754507, "target_rescale": 4.097908980948045},
{"mapping": [13, 12, 9, 4, 7, 2, 8, 5, 0, 14, 1, 10, 15], "R": [[-0.8291931388815461, -0.45342269745497304, 0.326873975508032], [-0.12331263542332696, 0.7187683237505504, 0.6842266369542902], [-0.5451905468519453, 0.5270483414312963, -0.6519105102832727]], "T": [-0.022377980235578576, -0.03665742820161151, 0.007804233208655545], "aligned_model": [[-0.00941379500023054, -0.5081351148840496, 0.49170032576290257, -0.6057678503814274, -0.026522051769350796, 0.5741223872459911, 0.19477916232636133, 0.7167821491496278, -0.34062292223165036, -0.025200552515943775, -0.22791186518402193, 0.4221377561666442, 0.006627312004004442], [-0.7019326843235539, -0.1090138307101556, -0.45171192929234044, -0.12453926531729094, -0.39934575594708094, 0.5470474011358203, 0.26006986833379947, 0.20379509073633323, 0.4091985166566593, -0.43018078709557356, 0.5692995347142927, 0.061823548939034814, -0.017177710823710828], [0.10038181615957735, 0.2505873037953867, -0.38266100645115503, -0.4241657550225424, -0.5955742156355676, 0.25029395838388596, -0.6533068334519146, -0.2873017342378028, -0.4076556219932723, 0.674790260923421, 0.16933257502882088, 0.6485938197179398, 0.02695052114958394]], "inverted": true, "swapped": false, "error_lsq": 0.055441898400154566, "error_max": 0.44182037191789403, "target": "788.xyz", "model": "23.xyz", "model_rescale": 4.410303926677745, "target_rescale": 4.097908980948045},
{"mapping": [0, 1, 12, 3, 2, 15, 4, 5, 10, 7, 9, 13, 16], "R": [[-0.7260207283606035, 0.508139931000684, 0.4633440541469797], [0.3302357530200598, -0.33338115157601006, 0.8830636189998589], [0.6031900607752197, 0.794135264483623, 0.07423565373533941]], "T": [0.0904954169889785, 0.13285691038209219, 0.1052072433641767], "aligned_model": [[0.04859682650397523, -0.6764537358784435, 0.5917679975516543, -0.4647809341182873, 0.05700651214291719, 0.5704498735575882, 0.015285845904534787, 0.5436829922670151, -0.4303311078794882, -0.09316543803212154, 0.0022692997301695106, 0.4901606547049195, 0.00808615423442395], [-0.5844724019101686, -0.23724782763691582, -0.4948876225986812, -0.22278255847766487, -0.3654800049401443, 0.6525793032516014, 0.20660676392120503, 0.02759717361223503, 0.46735040985264226, -0.3550792678389833, 0.7505558328328947, -0.10041598175777375, 0.07300817869598832], [-0.12732012476235152, 0.2107857893958524, 0.07625148275451493, -0.5067075601209259, -0.658620461853243, 0.01115117070179411, -0.5750786175144718, -0.3180461592880488, -0.09638089140817671, 0.5176607231630835, 0.16074261105843482, 0.634393485988926, 0.04143364025097322]], "inverted": false, "swapped": false, "error_lsq": 0.04390106194096103, "error_max": 0.32294589655699696, "target": "788.xyz", "model": "24.xyz", "model_rescale": 4.28219845311461, "target_rescale": 4.097908980948045},
{"mapping": [1, 4, 8, 7, 9, 14, 12, 11, 13, 0, 2, 6, 15], "R": [[-0.8318569366879727, 0.14644739912074517, 0.5353197139792927], [0.4406056452151801, 0.7607645764604886, 0.4765542200079741], [-0.3374621494162232, 0.6322898215958114, -0.6973728408948258]], "T": [0.05582096984464173, -0.0829519076207433, -0.12236668961319237], "aligned_model": [[0.07961466839276334, -0.5808645660919779, 0.6028999797103487, -0.6236939945023945, -0.03172734597504763, 0.46864231993013256, 0.21007361909559685, 0.47254551260470207, -0.2795368927278881, -0.11409015054700657, -0.10276500926504208, 0.5265638958714193, 0.03491290419325103], [-0.6838162240462784, -0.25120019236461844, -0.43345016248996665, -0.08563044636898764, -0.26116574720347974, 0.5449761812132798, 0.4588576941244887, 0.036768778862952586, 0.38092935403304223, -0.2108649891096897, 0.39309192553875705, 0.021483932017268476, -0.09264810720053424], [0.09734523997313381, 0.1953951961370584, 0.12217694090457566, -0.5015740793207843, -0.7684694706451148, 0.0018487404326470308, -0.6391532760187987, -0.45173682174099433, -0.28131868247355546, 0.6652389393579718, 0.3434796160805978, 0.6390079802805946, -0.0519752346009707]], "inverted": false, "swapped": false, "error_lsq": 0.042565493826778704, "error_max": 0.24429870547589272, "target": "788.xyz", "model": "25.xyz", "model_rescale": 4.100010024507729, "target_rescale": 4.097908980948045},
{"mapping": [8, 3, 4, 0, 5, 7, 6, 2, 1, 11, 10, 12], "R": [[-0.28731563463195, 0.9568435804386175, 0.0435900065318526], [-0.9302326638205172, -0.2678999502009568, -0.250792360018621], [-0.22829129912772536, -0.11260541397167355, 0.9670589969008321]], "T": [-0.016951309409105983, 0.020213901334764417, -0.16371113823918054], "aligned_model": [[-0.5645071840052936, -0.046181879485342935, 0.3519566148229718, 0.6181891736463532, -0.4707118478811195, 0.09543962956599544, -0.17469930533707, 0.540797953361626, -0.0025932101949369454, 0.0499862356661558, -0.48459072290028227, -0.03631985489605011], [-0.2826647169166186, -0.733653641084425, -0.31600707404982054, -0.1364779363107843, 0.713235357835509, 0.5564709021864377, 0.047164138132461786, 0.4442809843349968, -0.5150527129273589, 0.6511418726457076, 0.1760136725693764, 0.06168054363515731], [0.04987706015921195, 0.2093605293755571, 0.5047758166702405, -0.10304628400246162, 0.04088263372026951, 0.2452669712227103, 0.5334957767632116, -0.13280117266393227, -0.5256592434948917, -0.6544192776609652, -0.40909778993336743, -0.19344273030122644]], "inverted": true, "swapped": true, "error_lsq": 0.049065764723046246, "error_max": 0.26695391496938015, "target": "788.xyz", "model": "26.xyz", "model_rescale": 3.6694154284099745, "target_rescale": 4.097908980948045},
{"mapping": [3, 6, 7, 12, 9, 4, 10, 8, 2, 1, 0, 5, 13], "R": [[0.2341071718396274, -0.9457781136364717, 0.22516125745671448], [0.931731197390291, 0.15212686516119475, -0.329748984389463], [0.277616296176766, 0.28698637016845474, 0.9168249644477561]], "T": [0.0855851064010717, 0.006582220702542689, -0.11675252476596665], "aligned_model": [[-0.1301889842857328, -0.5055819838731979, 0.37780725302812085, -0.5866098574525898, 0.1758001824831502, 0.3990374845441652, 0.22008589931278016, 0.6930592648668608, -0.4206742801184355, -0.13407248221644122, 0.018413356049107335, 0.5114621526073686, 0.04403693574370079], [-0.7712605718815709, -0.17968363633111592, -0.527778294827171, -0.25620600694708373, -0.352932165979496, 0.7662458188281062, 0.3625514753407907, 0.08299276963176429, 0.46024112060725186, -0.21909853079390354, 0.4233556489441926, -0.016965848888401636, 0.04587021930287084], [-0.151871638461686, 0.17823380319613058, 0.041972335233787905, -0.4466450699014888, -0.6890061235196094, -0.10299046066613599, -0.5826775684704757, -0.29976554954471224, -0.11178439620240593, 0.7081507397823608, 0.3918939227783931, 0.549620291046841, -0.11486519690463852]], "inverted": true, "swapped": false, "error_lsq": 0.047251755096497, "error_max": 0.23759382464754839, "target": "788.xyz", "model": "27.xyz", "model_rescale": 4.103607728864725, "target_rescale": 4.097908980948045},
{"mapping": [7, 0, 11, 1, 8, 12, 4, 13, 2, 9, 3, 10, 14], "R": [[-0.33507862254942317, 0.5545220539069591, -0.7617267281914093], [-0.2363848497291335, 0.7331284004545136, 0.6376871891966638], [0.9120551077259074, 0.3937360031516223, -0.11457504219187326]], "T": [0.1595789633992638, -0.10308371995164752, 0.09664493029862972], "aligned_model": [[-0.05235619950324172, -0.5288140065060752, 0.6883798743925431, -0.6183877685988243, 0.20706084263439736, 0.3734018177499396, 0.06774368246599555, 0.6012164769637629, -0.16495952985916423, -0.15019668693926935, -0.17408147645476457, 0.3939332260703335, 0.019634688273224454], [-0.6907233764958496, 0.038422182424795934, -0.5164132926677397, -0.14988142675006266, -0.4134912236854929, 0.7238657163895718, 0.2189648839845421, 0.0975820166838157, 0.4684171948569295, -0.3711102434844859, 0.5047852054061396, -0.026640341342455118, -0.06644529831347493], [-0.2636943075668631, 0.22227510007954768, -0.050288708839241775, -0.3454394175553672, -0.6607668662669128, 0.008735694054619172, -0.7456497123372927, -0.3329619850400495, -0.2340848340084102, 0.8053936553015261, 0.38421567468615303, 0.5427500364568795, 0.03978075940177285]], "inverted": true, "swapped": false, "error_lsq": 0.049929922609156636, "error_max": 0.2788178002413673, "target": "788.xyz", "model": "28.xyz", "model_rescale": 4.137296879288765, "target_rescale": 4.097908980948045},
