[{"mapping": [9, 7, 5, 6, 1, 2, 8, 0, 10, 3, 4, 11], "R": [[0.6260535955655899, 0.34813304200085926, 0.6977537391849824], [-0.6721333109473628, -0.21274084831310786, 0.7092095203633091], [0.3953399901279053, -0.912986701177102, 0.10080464116011995]], "T": [0.004797673039355736, 0.04833159129329387, 0.05867929525217749], "aligned_model": [[-0.5343829801876427, -0.08360926542464969, 0.5838840270457458, -0.5514203065735543, 0.12978560858881855, 0.2429421046719561, -0.4258814670933589, 0.5985183350848788, 0.04595176557788535, -0.12466841798778527, 0.4111378162215439, 0.06949063043219866], [-0.10093253847289735, -0.7616252278961361, -0.4829371377323708, -0.11186076129987532, 0.06669451239447677, 0.6976970676669932, 0.5050160065759168, 0.1513663245750073, -0.5410931747785293, 0.1375308618672169, 0.5442424699477615, 0.03636536882893386], [0.29608373324526516, -0.423770157173644, -0.20796440839174732, -0.37734187026728977, -0.6384013160222072, -0.3540699668462148, -0.03649587894637193, -0.08157409400916257, 0.39430726156811374, 0.7289885792324587, 0.5499109668841774, 0.0362318750929789]], "inverted": true, "swapped": false, "error_lsq": 0.05793849904314671, "error_max": 0.37640110172946, "target": "789.xyz", "model": "0.xyz", "model_rescale": 3.751011558992144, "target_rescale": 3.8222695688146193},
{"mapping": [0, 1, 4, 7, 6, 11, 12, 10, 8, 13, 9, 14], "R": [[-0.45120494981067455, -0.40562758700217694, 0.794909022422779], [0.5060421691761229, 0.6173941524413512, 0.6022838064789307], [-0.7350751092792294, 0.6740109206786022, -0.07330663356144565]], "T": [0.017897654493342185, -0.038995996339388356, 0.11874040889805881], "aligned_model": [[-0.6188053029490799, -0.16741268211545313, 0.5823531205457184, -0.45463478232436644, 0.05112717027917088, 0.16073708974505785, -0.4001221917712033, 0.7939413264148418, 0.26176460966932935, -0.17521096812221165, 0.3168678506002209, 0.011142610384011313], [-0.4513749152813116, -0.546291321285206, -0.5212940800356973, 0.03034589198095622, 0.027192360101607374, 0.592855339286931, 0.5678320934808551, 0.16849711988922172, -0.5851114743553041, 0.3479100809160751, 0.494543870339602, 0.015358806638768312], [0.11115821292001285, -0.3217105893638233, -0.15393624066378214, -0.3412398324999074, -0.6284146258988833, -0.3471906743437478, 0.02390274965189465, -0.04605210949157337, 0.40632525722027785, 0.7022769934879984, 0.3639783624009246, 0.11680722094696487]], "inverted": false, "swapped": false, "error_lsq": 0.04245472018836537, "error_max": 0.22970084847076086, "target": "789.xyz", "model": "1.xyz", "model_rescale": 3.9405287249114394, "target_rescale": 3.8222695688146193},
{"mapping": [0, 5, 11, 2, 9, 8, 4, 3, 6, 1, 7, 12], "R": [[0.3445341550391183, -0.47105085392005, 0.8120389824587687], [0.711075285382617, -0.4338047434620064, -0.5533402055407618], [0.6129177387949468, 0.7680654513588373, 0.18549206964028114]], "T": [0.07081787798424613, 0.034785678985814486, 0.006138761508030249], "aligned_model": [[-0.31914822787175046, -0.27818292436958203, 0.3688260978115646, -0.5753693939031623, 0.23876895371865123, 0.21298806774092502, -0.00949174098869901, 0.5638767989797746, 0.3055763600374734, -0.5228602937151257, 0.38482928153687324, -0.008065128620906914], [-0.6085842018831865, -0.48987905302564877, -0.5572123380683377, -0.03973799941976523, -0.03485776481627351, 0.526719004457638, 0.728416492066394, 0.3094841437224579, -0.30598622773251877, 0.24430652099342853, 0.30575933491728247, 0.062035860465026474], [0.3761814900543371, -0.3558027245314571, -0.2552875909442175, -0.19648862689052957, -0.7795605028324047, -0.5756507283803185, 0.0703445410641154, 0.0968764739926822, 0.3584435387748732, 0.4866318182428572, 0.6820677292155731, -0.021850693399154845]], "inverted": false, "swapped": false, "error_lsq": 0.062076021723854076, "error_max": 0.34632544954140193, "target": "789.xyz", "model": "2.xyz", "model_rescale": 3.932901565614263, "target_rescale": 3.8222695688146193},
{"mapping": [4, 0, 1, 7, 3, 8, 9, 10, 2, 5, 12, 13], "R": [[0.9495447779765422, 0.313491318895586, -0.009375905000855222], [-0.030434904943550084, 0.12185652340022421, 0.9920809968273194], [0.312151295333779, -0.9417399750896829, 0.12524930394827455]], "T": [0.09976726139383153, 0.03499783231409685, -0.10707635811190691], "aligned_model": [[-0.4897917685479899, -0.06667885663774036, 0.6114237392180237, -0.592631484055668, 0.07069541124497332, 0.006049874186569798, -0.19933915238170796, 0.7267467540426104, 0.11865041096420813, -0.23645920824367994, 0.28839178684029587, 0.12469034372614077], [-0.48941853208580016, -0.5789736462151548, -0.49774640787344654, 0.19116354628229382, -0.051758643110638616, 0.5541031922858688, 0.6885188095954324, 0.1956809856889658, -0.6917952606387877, 0.24961232854520043, 0.4869942508574196, 0.08408314834514412], [0.26793568369665716, -0.31751647426809915, -0.16328884924770645, -0.18413993204865503, -0.6093846494848629, -0.6175010852906848, 0.045365843657908134, 0.19988142452378482, 0.29988196884133556, 0.49099727011227096, 0.47879891546058345, -0.005125391586175421]], "inverted": false, "swapped": false, "error_lsq": 0.05093081225225965, "error_max": 0.295597615909533, "target": "789.xyz", "model": "3.xyz", "model_rescale": 3.9243930471874484, "target_rescale": 3.8222695688146193},
{"mapping": [0, 2, 7, 3, 4, 10, 6, 8, 1, 5, 9, 12], "R": [[-0.024499613430137096, -0.9992508769964152, 0.029957532669919296], [0.31126166513964915, -0.03610165458905465, -0.9496382713172558], [0.9500083919399172, -0.013941139043421924, 0.3119129684477791]], "T": [0.10194598823025958, 0.17487653369154957, 0.01431459982070794], "aligned_model": [[-0.4668402144882279, -0.20612241893628908, 0.43256359033569686, -0.4407584300591936, 0.2004648595368966, 0.1890468792651459, -0.505805495863329, 0.6964243048521512, 0.20468770727339863, -0.3958777785327897, 0.6277707187358625, 0.02619412823671366], [-0.42966924578068044, -0.6157180199301827, -0.5349989383958104, 0.10114434622544993, -0.08330668535715555, 0.7107940295446323, 0.5549989639943212, 0.20736212035841356, -0.34578293410237826, 0.07647481417501562, 0.37100265159608226, 0.12816266934878978], [0.19959549327707468, -0.34799548643566114, -0.15798622495670087, -0.37682329052647434, -0.511045016859325, -0.43550046433166395, 0.10184508764904002, -0.19032309622168572, 0.4923503283464002, 0.576552715406019, 0.4417842366854591, 0.09345044233387374]], "inverted": true, "swapped": false, "error_lsq": 0.04859083741124277, "error_max": 0.26724591845137374, "target": "789.xyz", "model": "4.xyz", "model_rescale": 3.8936222436046832, "target_rescale": 3.8222695688146193},
{"mapping": [4, 2, 0, 10, 3, 8, 7, 9, 1, 5, 6, 11], "R": [[0.3572672340409976, -0.9334108203563478, 0.03323197138878775], [0.49389506818866713, 0.21899994838869172, 0.8414907511224721], [-0.7927343723465049, -0.284223966349498, 0.5392485065838872]], "T": [0.0343995040104384, 0.0844689376592627, -0.06448260554485047], "aligned_model": [[-0.6099341727712628, -0.21526018097364671, 0.6013286707289778, -0.49675240722088715, 0.19486984987371414, 0.1781535829467403, -0.29506759579936487, 0.634371875628071, 0.36048266754255387, -0.24282963729751156, 0.28146522826155784, -0.029080030562905854], [-0.28500413038762784, -0.5909787265063011, -0.5491807421063535, 0.10988829627399649, -0.0891768934849948, 0.590061454054273, 0.6150674615437303, 0.22978494035080718, -0.45143980601732236, 0.06435708414063754, 0.4670872064480408, 0.029997627367611718], [0.2164949093203839, -0.26094878479983974, -0.3090183130269597, -0.40609481681369575, -0.5882940465672182, -0.583687573245816, 0.10775027163774922, -0.0953428790128884, 0.4350975742790895, 0.6970358601567801, 0.5891001485093426, 0.08381237392942895]], "inverted": false, "swapped": false, "error_lsq": 0.03526410148417199, "error_max": 0.19486167171772675, "target": "789.xyz", "model": "5.xyz", "model_rescale": 3.6523030999806103, "target_rescale": 3.8222695688146193},
{"mapping": [7, 5, 8, 3, 1, 2, 4, 6, 9, 11, 10, 12], "R": [[-0.794005625043128, 0.601558617367741, -0.08764871516732953], [0.5669065447608359, 0.784768078400569, 0.25051154191136393], [0.21948129056300492, 0.1492189431476128, -0.96413778584739]], "T": [0.06037522016001419, -0.02512233264685817, -0.05063685044219748], "aligned_model": [[-0.5058550131371484, -0.060094506599182265, 0.5189967159606443, -0.5798320340812169, 0.1191427557553435, 0.09815149669647441, -0.13794114357962434, 0.6788984574138963, 0.23442980685262654, -0.44890272119272856, 0.47172581648813733, -0.026971780221186], [-0.3386498054028655, -0.6210480024289026, -0.5182870219317713, 0.12475884555612529, 0.07859653211469672, 0.6525571682952643, 0.48728715925110966, 0.12825222716541756, -0.31773500736542576, 0.1306948016444139, 0.4067436363965396, -0.07270676161810453], [0.16822819113515403, -0.3576599294055397, -0.06320727201819709, -0.2749380028809868, -0.7348616964146808, -0.39054136812767154, 0.11440476374304792, -0.17920477588038017, 0.5871293282047667, 0.6500242675412016, 0.4523099791031312, -0.08577876063348908]], "inverted": false, "swapped": false, "error_lsq": 0.051257605183615614, "error_max": 0.2632361565847159, "target": "789.xyz", "model": "6.xyz", "model_rescale": 4.08911054899281, "target_rescale": 3.8222695688146193},
{"mapping": [8, 9, 0, 11, 1, 13, 12, 2, 3, 5, 7, 14], "R": [[-0.6145767730766113, 0.31872555425170856, 0.7216019755112097], [-0.6962129447065828, -0.649262340698569, -0.3061796018248175], [0.3709217243809371, -0.6905595079481249, 0.6209224109055137]], "T": [-0.05359579465662022, 0.03347071812190843, 0.08559995754701674], "aligned_model": [[-0.5026509572212191, -0.21229610701808738, 0.6538542603597631, -0.45444933331796517, 0.23719485580539207, 0.08437643905945634, -0.4060044013838977, 0.7008566508205842, 0.19212226242496183, -0.24701653370850424, 0.41224081280000185, -0.0964800982644498], [-0.4612187148912976, -0.5775889720959547, -0.5595747671450514, 0.14298626225314923, -0.08510378783740177, 0.6337459985924097, 0.6518152355892656, 0.21477761581805926, -0.6830448054078305, 0.37712451053642715, 0.5463307517020369, -0.059785555437314765], [0.22264301327819233, -0.3791339165734441, -0.09458787546531797, -0.3289526315095136, -0.577217470555006, -0.3100359517573342, 0.047388053200370345, -0.1336461590719957, 0.31512027741157644, 0.7375138462217941, 0.4309400879213261, -0.044126548734291615]], "inverted": true, "swapped": false, "error_lsq": 0.04520327536000875, "error_max": 0.23942057997611413, "target": "789.xyz", "model": "7.xyz", "model_rescale": 3.964800864290218, "target_rescale": 3.8222695688146193},
{"mapping": [10, 5, 0, 8, 1, 7, 12, 2, 3, 11, 4, 13], "R": [[-0.018785990598828295, -0.2429871254701414, 0.9698475877234416], [-0.8865904814617367, -0.44434766665293457, -0.12850085338836764], [0.46217356559918804, -0.8622716555679253, -0.20708256147122267]], "T": [0.07106383529315331, -0.0029210611988988427, 0.04893098871252325], "aligned_model": [[-0.6077645338094818, -0.39868960708298395, 0.6976574915992763, -0.5253324452079801, 0.29475167719767054, 0.0815524917752999, -0.21267767265158777, 0.6360591561511381, 0.280756223310903, -0.254894805501258, 0.37042750769285193, -9.763311781191275e-05], [-0.40905459562381324, -0.6097552257028436, -0.33481507449018727, 0.05313278050505768, -0.059718639868204235, 0.47813583627297956, 0.6968746382795186, 0.3258492552527154, -0.6782553195209924, 0.26651635348757474, 0.4235611070975619, -0.012007344012869499], [0.2711507234891972, -0.2829646622607143, -0.052981357649778314, -0.4329684041506781, -0.6651122001869989, -0.47578551992966084, 0.07018358736131336, -0.05736620872456972, 0.2099137133955409, 0.7618740218871306, 0.5217816488435604, 0.018179382292013605]], "inverted": true, "swapped": false, "error_lsq": 0.04507155444968392, "error_max": 0.3026894988236263, "target": "789.xyz", "model": "8.xyz", "model_rescale": 4.121658175737393, "target_rescale": 3.8222695688146193},
{"mapping": [10, 5, 9, 0, 4, 1, 2, 6, 7, 11, 8, 12], "R": [[0.34959805123487653, -0.9004806707135501, 0.2586808153768893], [0.4667135318435884, -0.07202536836985504, -0.8814708307739236], [0.8123790259274675, 0.42889032162367835, 0.3950865857640287]], "T": [-0.011860482600597841, 0.016365240627277813, 0.07734643903536201], "aligned_model": [[-0.6829772882887107, -0.20516009998267054, 0.6508551595112397, -0.5235563975314541, 0.15709330875862992, 0.046691358938136016, -0.18387277810063207, 0.6306164518502679, 0.293384845652597, -0.19455284611017204, 0.3750290700924706, -0.0018029344336651897], [-0.3153425874937615, -0.5189582399693022, -0.40182120724905185, 0.11302965054486466, -0.12679837663900725, 0.45698504652837907, 0.6891469401975235, 0.25748181829889066, -0.43300212207950817, -0.05375034756812738, 0.4047108844145363, 0.06878231269106122], [0.2040467961049924, -0.16303229404575711, -0.20393258532980493, -0.5122699834128572, -0.782355086376394, -0.4493010561771662, 0.08843723607915618, -0.018925232626245334, 0.47747788397158863, 0.68128300785762, 0.5569895070512741, 0.007486531269949137]], "inverted": false, "swapped": false, "error_lsq": 0.04610206714158913, "error_max": 0.3180522430880392, "target": "789.xyz", "model": "9.xyz", "model_rescale": 3.833441315466971, "target_rescale": 3.8222695688146193},
{"mapping": [5, 0, 12, 13, 10, 8, 9, 11, 6, 3, 7, 14], "R": [[-0.8219396444657894, -0.3770345287765007, 0.42691941273000644], [0.006794008528013928, -0.7559775178909065, -0.6545623223892628], [0.5695340747519614, -0.5351102284144699, 0.623929468083245]], "T": [0.042984802990895465, -0.10545368584221922, 0.04817729183308255], "aligned_model": [[-0.5637039971007503, -0.18230286692148326, 0.5272038175468549, -0.6353188522016214, 0.26447520174494765, 0.08107651225565088, -0.18414952083439315, 0.6249812419639315, 0.27959192894899476, -0.24508107020337694, 0.38210017325347273, 0.012875281903808856], [-0.3924904555431984, -0.5132161308844683, -0.44854652621605495, -0.11414493715534248, 0.028735676318497036, 0.5462691117682341, 0.6677143359126705, 0.2168788888764563, -0.5452050892122855, 0.3560792228283007, 0.3643221926818829, -0.02593251769819456], [0.13168653772835218, -0.4486106064719025, -0.05593469660937234, -0.3707679968595318, -0.7320081744904968, -0.3776933213076144, 0.1405425212691297, -0.10255073257347883, 0.5084656136758388, 0.7251760190568365, 0.3771535316900048, 0.09044602925859088]], "inverted": true, "swapped": false, "error_lsq": 0.04245632082924414, "error_max": 0.2377243241446216, "target": "789.xyz", "model": "10.xyz", "model_rescale": 4.2482417240324, "target_rescale": 3.8222695688146193},
{"mapping": [2, 6, 0, 5, 4, 9, 7, 10, 1, 3, 8, 11], "R": [[-0.7349707791373389, -0.33636915115376503, -0.5887900712192324], [0.4215790936335278, 0.4534296249843307, -0.7852850711669632], [0.5311205339895892, -0.8253831651655279, -0.19145132288900146]], "T": [0.019935813059428407, -0.037589574387486974, 0.03482718060596584], "aligned_model": [[-0.5569144775479232, -0.19940037832771304, 0.641978654886156, -0.4584645455497873, 0.10739985814582217, 0.19120086098622072, -0.34396542579669026, 0.5860272669793108, 0.26840337117141316, -0.2502151754520247, 0.34346364019662257, 0.03223420066462916], [-0.3847293925589097, -0.5274780610603058, -0.45538138987777355, 0.11418559767716949, -0.08736751970165539, 0.6708616865275895, 0.5292955783366154, 0.2318102364751465, -0.4763575795319549, 0.23175863209439088, 0.2666096717797246, 0.02725631151646013], [0.3422275307209309, -0.32901762685481806, -0.07631317109093655, -0.523996194306759, -0.8344896645141958, -0.3499792595758192, 0.10391667818197159, -0.11338405459752113, 0.5296938939597874, 0.7507472973250211, 0.4586790328538947, -0.07217973773519998]], "inverted": false, "swapped": false, "error_lsq": 0.04501866475484725, "error_max": 0.22199259144882802, "target": "789.xyz", "model": "11.xyz", "model_rescale": 3.6694154284099745, "target_rescale": 3.8222695688146193},
{"mapping": [1, 0, 5, 4, 6, 11, 8, 7, 12, 2, 10, 13], "R": [[-0.6381252027424715, -0.4066034772129525, 0.6538117756229356], [0.5057829503006617, 0.4188708698199839, 0.7541424279281791], [-0.5804996406631431, 0.8119241385342514, -0.06163895241951772]], "T": [0.06416491750519808, 0.06265130361886725, -0.018948092986312302], "aligned_model": [[-0.610464517793574, -0.1502470818821714, 0.6230415870334348, -0.550039535200357, 0.21425332666725683, -0.018529857317599, -0.27538679021557116, 0.7935153371469477, 0.23098893518336333, -0.27608319647511803, 0.38880050287108703, -0.00810085966166281], [-0.3336531739695634, -0.5633220114591359, -0.473567062736879, 0.028432103293455163, -0.03912482509817006, 0.6073914501107044, 0.7066327956316892, 0.2041590676054321, -0.38022602929677785, 0.15596993764963077, 0.259251566224205, -0.03148004627809278], [0.3039936667372995, -0.2889902522030242, -0.2303659832332889, -0.43036100765483737, -0.5546438298670956, -0.5103220808246318, 0.18742614726653253, -0.03268987487479534, 0.46869718319477505, 0.5304483275224012, 0.4904523985388738, -0.047739970235852414]], "inverted": false, "swapped": false, "error_lsq": 0.04128733121093243, "error_max": 0.20027890166807938, "target": "789.xyz", "model": "12.xyz", "model_rescale": 3.9764082729961374, "target_rescale": 3.8222695688146193},
{"mapping": [12, 1, 2, 11, 8, 3, 14, 7, 9, 6, 4, 15], "R": [[-0.4138562868272049, 0.329267784384085, -0.8487082537718096], [0.001719855261254094, 0.9325769562804537, 0.3609671213733536], [0.9103406043627182, 0.14792885716276183, -0.3865191292381796]], "T": [-0.024532745041531454, -0.06929555339498251, 0.115272807991565], "aligned_model": [[-0.453534842962788, -0.02008631355719262, 0.5341448352248891, -0.48202672246238815, 0.05705747709173743, 0.14541720735459412, -0.4254790691143692, 0.6733319715709408, 0.15905148862373925, -0.28959654018330505, 0.4421002250149909, 0.021368133755186994], [-0.5303500290107134, -0.6292204410560776, -0.42106135044971504, 0.22796208271986546, -0.052617035079046554, 0.5608850901124243, 0.6151682505184355, 0.1687878230031732, -0.555586365005258, 0.4352428762097894, 0.2931807986777327, 0.028072071035887616], [0.2182267075880945, -0.18437186105122108, -0.3323874417919348, -0.4616863388676108, -0.5866657216017163, -0.4161712789477451, 0.017500695812670497, -0.05005971183813479, 0.41746017074946895, 0.6240369608720743, 0.5235965609419827, 0.1164259825004288]], "inverted": false, "swapped": false, "error_lsq": 0.04378427901024842, "error_max": 0.19917342725352735, "target": "789.xyz", "model": "13.xyz", "model_rescale": 4.170626492500431, "target_rescale": 3.8222695688146193},
{"mapping": [9, 10, 8, 11, 12, 5, 6, 4, 0, 3, 2, 13], "R": [[-0.6414322458975545, -0.3879193272904119, 0.6618785911610778], [0.7219493738016001, -0.5970678571072214, 0.3497128474575505], [0.2595260595591441, 0.702159931585351, 0.6630366919603761]], "T": [0.0704433402405599, -0.09093062483996013, 0.11225482922761776], "aligned_model": [[-0.6425922191299945, -0.09559714015106421, 0.5719235558944584, -0.532137572890988, 0.2054392802627827, -0.07909939284259931, -0.14009476345185942, 0.7004739848307295, 0.35441932204172344, -0.3837607374841576, 0.39016991943899104, 0.012603613838013679], [-0.47309114132373636, -0.4783461977788444, -0.4863180198485307, 0.14894833974779653, -0.062135691744387864, 0.5179340398881769, 0.7211366806101018, 0.15308697726566312, -0.35745416750336706, 0.20704025316816765, 0.2734557845966906, -0.023793085401232997], [0.0693588016976423, -0.2628025499699976, -0.26687930795997356, -0.1688394193955105, -0.6065310006213789, -0.5466386518326662, 0.05134780711388448, -0.1035690047966564, 0.5641190228678028, 0.536973107698403, 0.5571476549826293, 0.06221826458217716]], "inverted": true, "swapped": false, "error_lsq": 0.046786514239616946, "error_max": 0.23756934106587038, "target": "789.xyz", "model": "14.xyz", "model_rescale": 3.9786697098870705, "target_rescale": 3.8222695688146193},
{"mapping": [7, 5, 4, 8, 2, 3, 9, 0, 10, 6, 1, 11], "R": [[-0.3527858664600684, 0.02516943559832705, -0.9353655071348744], [0.02796843124145712, -0.9989078612868637, -0.03742795096176296], [-0.9352859986549092, -0.03936475798180289, 0.35169662572894184]], "T": [0.017820296587238438, 0.010739734010374218, 0.038178817133656895], "aligned_model": [[-0.4795123438297947, -0.21557633205071364, 0.4411482055836357, -0.29157922940675507, 0.3336840281803883, -0.08693638425253578, -0.24419967653570906, 0.5470737434082094, 0.20604760824584814, -0.2519231597869432, 0.4158750563874187, -0.012353665587012525], [-0.31800222346799956, -0.6082908773510635, -0.4041074329244668, -0.03004450200868867, -0.0322200692316047, 0.664319871886405, 0.5752706071900676, 0.4313149275562509, -0.6196559235402689, 0.34818394471222747, 0.05275090340203679, 0.08094454545360152], [0.32359951638268775, -0.4167790970384896, -0.11547677060080141, -0.3799559762392794, -0.7694299833610468, -0.5997931834243928, 0.03013549935755193, -0.1255675772715742, 0.5475831580888083, 0.7020504637725455, 0.5863207342856914, 0.10321794041465585]], "inverted": false, "swapped": false, "error_lsq": 0.05744497051100434, "error_max": 0.3547624812392259, "target": "789.xyz", "model": "15.xyz", "model_rescale": 3.769337070930944, "target_rescale": 3.8222695688146193},
{"mapping": [7, 10, 4, 5, 2, 8, 1, 9, 3, 6, 11], "R": [[0.33225319412017695, 0.9249872220981565, -0.18440838905016266], [0.18142650134939659, 0.1291876130324134, 0.9748820365803779], [0.92557670649442, -0.3573642393890631, -0.12489419842738501]], "T": [0.07932880534665761, 0.04539652835173017, 0.042618900072171687], "aligned_model": [[-0.3849878506441095, -0.3378742349884208, -0.0819581603187373, -0.5774091066191979, 0.36048167699338474, 0.5369599351698341, 0.6424103398977786, 0.06653373489992162, 0.09452574010657236, -0.3987305348688708, 0.0026745910630152914], [-0.0420247179289172, -0.6134042396389138, 0.6464154020466815, 0.4150754245127655, 0.22603404622714565, -0.3318382615677855, 0.47199118672914014, -0.5712664436111367, 0.4912891514045602, -0.03432336605778671, -0.061883684490411074], [-0.4293871962587149, -0.14370199828498859, -0.26135614874435575, 0.09808360002303257, -0.6952035368542883, -0.327928625572289, -0.07100156483296331, 0.481516448686948, 0.5335284860653703, 0.5017030474778832, 0.05796509551814236]], "inverted": true, "swapped": true, "error_lsq": 0.04499728629678977, "error_max": 0.2436267892755049, "target": "789.xyz", "model": "16.xyz", "model_rescale": 3.7852294659196426, "target_rescale": 3.8222695688146193},
{"mapping": [6, 11, 9, 2, 8, 3, 1, 0, 10, 5, 4, 12], "R": [[0.13884734123861053, 0.07169259281278662, -0.9877153375172164], [-0.4543391044274513, -0.8816053763749269, -0.12785905730485114], [-0.8799416992159369, 0.4665105920368836, -0.08983581411867969]], "T": [-0.02119286753302798, 0.05650934906547568, -0.0441551431268618], "aligned_model": [[-0.41284764527736567, -0.3029111340421322, 0.582232092008282, -0.4526026389720138, 0.23022593938106758, 0.17971901934812895, -0.3643056762874004, 0.6351428570443478, 0.2626208350662482, -0.28310130168120784, 0.2755627629099281, 0.012012740858153514], [-0.5145240726414492, -0.5351433278555806, -0.5265945216020624, 0.20916330084799145, -0.14372240799377506, 0.7144400623090464, 0.6432911839128307, 0.24335406371940027, -0.509439688792109, 0.23534600026699481, 0.3532696345779871, -0.028976455072777726], [0.5107507968897319, -0.37356977947522907, -0.2518327291272408, -0.4499499202524579, -0.6106370389075895, -0.44322526408709534, 0.06636559252453655, -0.03643342129128836, 0.4542488536910849, 0.5317184843900246, 0.5265077291826399, -0.03803857917076061]], "inverted": false, "swapped": false, "error_lsq": 0.04546818564612107, "error_max": 0.33187278900450706, "target": "789.xyz", "model": "17.xyz", "model_rescale": 3.901054581598922, "target_rescale": 3.8222695688146193},
{"mapping": [0, 1, 4, 7, 6, 11, 12, 10, 8, 13, 9, 14], "R": [[-0.45120494981067455, -0.40562758700217694, 0.794909022422779], [0.5060421691761229, 0.6173941524413512, 0.6022838064789307], [-0.7350751092792294, 0.6740109206786022, -0.07330663356144565]], "T": [0.017897654493342185, -0.038995996339388356, 0.11874040889805881], "aligned_model": [[-0.6188053029490799, -0.16741268211545313, 0.5823531205457184, -0.45463478232436644, 0.05112717027917088, 0.16073708974505785, -0.4001221917712033, 0.7939413264148418, 0.26176460966932935, -0.17521096812221165, 0.3168678506002209, 0.011142610384011313], [-0.4513749152813116, -0.546291321285206, -0.5212940800356973, 0.03034589198095622, 0.027192360101607374, 0.592855339286931, 0.5678320934808551, 0.16849711988922172, -0.5851114743553041, 0.3479100809160751, 0.494543870339602, 0.015358806638768312], [0.11115821292001285, -0.3217105893638233, -0.15393624066378214, -0.3412398324999074, -0.6284146258988833, -0.3471906743437478, 0.02390274965189465, -0.04605210949157337, 0.40632525722027785, 0.7022769934879984, 0.3639783624009246, 0.11680722094696487]], "inverted": false, "swapped": false, "error_lsq": 0.04245472018836537, "error_max": 0.22970084847076086, "target": "789.xyz", "model": "18.xyz", "model_rescale": 3.9405287249114394, "target_rescale": 3.8222695688146193},
{"mapping": [5, 9, 7, 11, 13, 14, 10, 12, 8, 2, 1, 15], "R": [[0.9365871960775385, 0.312307004944945, -0.15896150101811662], [-0.3446474674285991, 0.7388042115775092, -0.5791255996330915], [-0.0634235550774891, 0.5971873002816228, 0.799590383286142]], "T": [0.23335435030598922, 0.038755234462841424, 0.022597730886518626], "aligned_model": [[-0.41218063474460526, -0.17083958727444348, 0.38354815419859545, -0.37715867148871834, 0.19819218792244625, 0.07433707404902296, -0.35320440750610943, 0.6457621133988825, 0.18298360412245251, -0.40400764072209155, 0.39373824584394373, 0.2005774125566613], [-0.376691021357708, -0.5302625642116315, -0.6006711342116497, 0.057000220677953954, 0.006121377346662037, 0.6065195118181529, 0.5620310611957988, 0.37360196891596137, -0.5916804964915574, 0.2314935198422907, 0.34942964248838276, 0.05357168566384175], [0.3418963910141224, -0.2965509062270012, -0.23078200243358277, -0.35970342343677314, -0.64749815708639, -0.4794940866998688, 0.02853656388585222, -0.11132972550757064, 0.43767089624518574, 0.5811198242317659, 0.582310016109461, 0.039729334271155436]], "inverted": true, "swapped": false, "error_lsq": 0.039919671235183765, "error_max": 0.2351718640946701, "target": "789.xyz", "model": "19.xyz", "model_rescale": 4.410303926677745, "target_rescale": 3.8222695688146193},
{"mapping": [10, 5, 0, 8, 1, 7, 12, 2, 3, 11, 4, 13], "R": [[-0.018785990598828295, -0.2429871254701414, 0.9698475877234416], [-0.8865904814617367, -0.44434766665293457, -0.12850085338836764], [0.46217356559918804, -0.8622716555679253, -0.20708256147122267]], "T": [0.07106383529315331, -0.0029210611988988427, 0.04893098871252325], "aligned_model": [[-0.6077645338094818, -0.39868960708298395, 0.6976574915992763, -0.5253324452079801, 0.29475167719767054, 0.0815524917752999, -0.21267767265158777, 0.6360591561511381, 0.280756223310903, -0.254894805501258, 0.37042750769285193, -9.763311781191275e-05], [-0.40905459562381324, -0.6097552257028436, -0.33481507449018727, 0.05313278050505768, -0.059718639868204235, 0.47813583627297956, 0.6968746382795186, 0.3258492552527154, -0.6782553195209924, 0.26651635348757474, 0.4235611070975619, -0.012007344012869499], [0.2711507234891972, -0.2829646622607143, -0.052981357649778314, -0.4329684041506781, -0.6651122001869989, -0.47578551992966084, 0.07018358736131336, -0.05736620872456972, 0.2099137133955409, 0.7618740218871306, 0.5217816488435604, 0.018179382292013605]], "inverted": true, "swapped": false, "error_lsq": 0.04507155444968392, "error_max": 0.3026894988236263, "target": "789.xyz", "model": "20.xyz", "model_rescale": 4.121658175737393, "target_rescale": 3.8222695688146193},
{"mapping": [7, 5, 8, 3, 1, 2, 4, 6, 9, 11, 10, 12], "R": [[-0.794005625043128, 0.601558617367741, -0.08764871516732953], [0.5669065447608359, 0.784768078400569, 0.25051154191136393], [0.21948129056300492, 0.1492189431476128, -0.96413778584739]], "T": [0.06037522016001419, -0.02512233264685817, -0.05063685044219748], "aligned_model": [[-0.5058550131371484, -0.060094506599182265, 0.5189967159606443, -0.5798320340812169, 0.1191427557553435, 0.09815149669647441, -0.13794114357962434, 0.6788984574138963, 0.23442980685262654, -0.44890272119272856, 0.47172581648813733, -0.026971780221186], [-0.3386498054028655, -0.6210480024289026, -0.5182870219317713, 0.12475884555612529, 0.07859653211469672, 0.6525571682952643, 0.48728715925110966, 0.12825222716541756, -0.31773500736542576, 0.1306948016444139, 0.4067436363965396, -0.07270676161810453], [0.16822819113515403, -0.3576599294055397, -0.06320727201819709, -0.2749380028809868, -0.7348616964146808, -0.39054136812767154, 0.11440476374304792, -0.17920477588038017, 0.5871293282047667, 0.6500242675412016, 0.4523099791031312, -0.08577876063348908]], "inverted": false, "swapped": false, "error_lsq": 0.051257605183615614, "error_max": 0.2632361565847159, "target": "789.xyz", "model": "21.xyz", "model_rescale": 4.08911054899281, "target_rescale": 3.8222695688146193},
{"mapping": [6, 0, 13, 1, 2, 15, 11, 14, 7, 5, 9, 16], "R": [[-0.9183475083066931, 0.05380395118366757, -0.3921007381068212], [0.31594772054150716, -0.49700268833076333, -0.8081864671451879], [-0.23835874616114716, -0.866079362777465, 0.43942194471767815]], "T": [0.07331794041068673, -0.009938863982529042, 0.01381739638479874], "aligned_model": [[-0.43673349540323614, -0.23967806251813117, 0.5377319582091056, -0.5164353702364669, 0.12430450807556534, 0.15328519678921582, -0.3760909432914371, 0.64516489571422, 0.1719887753012298, -0.1558608465632659, 0.37326505653702896, 0.08080617774220805], [-0.45771485832991865, -0.6620764752048682, -0.47595933189582235, 0.11891201157095325, 0.10175477294064249, 0.6098962991424636, 0.6096181653914111, 0.27569757102342823, -0.6256399289417935, 0.31245754088114064, 0.38735904830739715, -0.05384104320853598], [0.32188933646005274, -0.26336383739389513, -0.04842816238402617, -0.5015338097997433, -0.697644992474853, -0.36157123737397356, 0.005228283427284302, -0.042975848409190734, 0.35582975428939906, 0.5979977586705368, 0.5234581600409992, -0.002980680686234173]], "inverted": true, "swapped": false, "error_lsq": 0.041812299688815675, "error_max": 0.18670040704773377, "target": "789.xyz", "model": "22.xyz", "model_rescale": 4.204369325754507, "target_rescale": 3.8222695688146193},
{"mapping": [5, 9, 7, 11, 13, 14, 10, 12, 8, 2, 1, 15], "R": [[0.9365871960775385, 0.312307004944945, -0.15896150101811662], [-0.3446474674285991, 0.7388042115775092, -0.5791255996330915], [-0.0634235550774891, 0.5971873002816228, 0.799590383286142]], "T": [0.23335435030598922, 0.038755234462841424, 0.022597730886518626], "aligned_model": [[-0.41218063474460526, -0.17083958727444348, 0.38354815419859545, -0.37715867148871834, 0.19819218792244625, 0.07433707404902296, -0.35320440750610943, 0.6457621133988825, 0.18298360412245251, -0.40400764072209155, 0.39373824584394373, 0.2005774125566613], [-0.376691021357708, -0.5302625642116315, -0.6006711342116497, 0.057000220677953954, 0.006121377346662037, 0.6065195118181529, 0.5620310611957988, 0.37360196891596137, -0.5916804964915574, 0.2314935198422907, 0.34942964248838276, 0.05357168566384175], [0.3418963910141224, -0.2965509062270012, -0.23078200243358277, -0.35970342343677314, -0.64749815708639, -0.4794940866998688, 0.02853656388585222, -0.11132972550757064, 0.43767089624518574, 0.5811198242317659, 0.582310016109461, 0.039729334271155436]], "inverted": true, "swapped": false, "error_lsq": 0.039919671235183765, "error_max": 0.2351718640946701, "target": "789.xyz", "model": "23.xyz", "model_rescale": 4.410303926677745, "target_rescale": 3.8222695688146193},
{"mapping": [9, 10, 3, 11, 1, 7, 13, 0, 4, 6, 12, 16], "R": [[0.548750326874285, 0.2631191565184649, 0.7934994569805182], [0.07817122078190994, -0.961168943133885, 0.2646573690573467], [0.8323234581560414, -0.08320199653795757, -0.5480101174022852]], "T": [-0.09052058537149621, -0.02609522642997785, 0.09010896885669131], "aligned_model": [[-0.6052763719015822, -0.18183076632901457, 0.6155534581267568, -0.5092343671405901, 0.21915855974294907, 0.06891085790790252, -0.2633108872966021, 0.6227534427380333, 0.26604550658368187, -0.24847826545873625, 0.37376860876966367, 0.003688074613573955], [-0.38293406894352955, -0.5805613094210643, -0.4806602877447994, 0.02228889811559167, -0.061976716931764896, 0.4665585024933531, 0.6466438726231722, 0.21026826165797313, -0.574464289319521, 0.41631645778992127, 0.5296088540794189, -0.07062440272225406], [0.10071577496245507, -0.23854550006415245, -0.23250695567887933, -0.3821825005341344, -0.7093575378156608, -0.3267900776210896, 0.19851671763381346, 0.014225680779073685, 0.30466983650176377, 0.6877872792603456, 0.43911377382741923, 0.03025823311540165]], "inverted": true, "swapped": false, "error_lsq": 0.04015857899092135, "error_max": 0.188569020214739, "target": "789.xyz", "model": "24.xyz", "model_rescale": 4.28219845311461, "target_rescale": 3.8222695688146193},
{"mapping": [0, 8, 5, 14, 11, 12, 13, 9, 1, 4, 7, 15], "R": [[-0.04149642037487715, 0.9545622353237981, -0.29510843090244865], [-0.9005938772670967, -0.1636415329746322, -0.40268116036726875], [-0.4326762245895759, 0.24906301929300179, 0.8664634424461107]], "T": [-0.023207519788976207, 0.012774455481226913, 0.0019094328335348461], "aligned_model": [[-0.5963558819864413, -0.034662334592377116, 0.5705519775404175, -0.4884354758948128, 0.1732619035267088, 0.09241939514669725, -0.1500039548910704, 0.6112972449442344, 0.1363582600050869, -0.17899743482045893, 0.301637490022596, -0.07532333864454452], [-0.37090807920226476, -0.6337029453823065, -0.5442263527047874, 0.1904422000526932, 0.04429554000169897, 0.5692915468353451, 0.5910231297891444, 0.24123797653518325, -0.5336273927834367, 0.06433051293775227, 0.5396700101871529, -0.01736237458967746], [0.43761901446448853, -0.25083908708176356, -0.2480514439560422, -0.5744079678157106, -0.5049270873396368, -0.5093038727505771, 0.051584292104004566, -0.043717389950337825, 0.2949302187487038, 0.7144542021917378, 0.47350544615625056, 0.04505839959523902]], "inverted": true, "swapped": false, "error_lsq": 0.04627627909517792, "error_max": 0.22748646486786378, "target": "789.xyz", "model": "25.xyz", "model_rescale": 4.100010024507729, "target_rescale": 3.8222695688146193},
{"mapping": [2, 6, 0, 5, 4, 9, 7, 10, 1, 3, 8, 11], "R": [[-0.7349707791373389, -0.33636915115376503, -0.5887900712192324], [0.4215790936335278, 0.4534296249843307, -0.7852850711669632], [0.5311205339895892, -0.8253831651655279, -0.19145132288900146]], "T": [0.019935813059428407, -0.037589574387486974, 0.03482718060596584], "aligned_model": [[-0.5569144775479232, -0.19940037832771304, 0.641978654886156, -0.4584645455497873, 0.10739985814582217, 0.19120086098622072, -0.34396542579669026, 0.5860272669793108, 0.26840337117141316, -0.2502151754520247, 0.34346364019662257, 0.03223420066462916], [-0.3847293925589097, -0.5274780610603058, -0.45538138987777355, 0.11418559767716949, -0.08736751970165539, 0.6708616865275895, 0.5292955783366154, 0.2318102364751465, -0.4763575795319549, 0.23175863209439088, 0.2666096717797246, 0.02725631151646013], [0.3422275307209309, -0.32901762685481806, -0.07631317109093655, -0.523996194306759, -0.8344896645141958, -0.3499792595758192, 0.10391667818197159, -0.11338405459752113, 0.5296938939597874, 0.7507472973250211, 0.4586790328538947, -0.07217973773519998]], "inverted": false, "swapped": false, "error_lsq": 0.04501866475484725, "error_max": 0.22199259144882802, "target": "789.xyz", "model": "26.xyz", "model_rescale": 3.6694154284099745, "target_rescale": 3.8222695688146193},
{"mapping": [9, 8, 4, 7, 5, 1, 6, 0, 10, 12, 2, 13], "R": [[-0.9598889624242655, -0.28032284940824487, 0.005681541666610779], [0.24183957137086723, -0.8380266312170082, -0.4891063147110533], [0.14186895902635713, -0.4681137313417703, 0.8722056712691466]], "T": [-0.036828303720639374, -0.039552746795208114, 0.02195571603401226], "aligned_model": [[-0.5736795080857767, -0.052950478878645096, 0.6680384159584254, -0.49646877937367057, 0.15102339846849472, 0.0423283743748268, -0.08626288480670363, 0.5310856222243489, 0.13255993803726712, -0.3682642853253221, 0.4119028595968598, 0.002435178165931487], [-0.3688899165279465, -0.6221175244037286, -0.4595088793798695, -0.018367388297478603, 0.0661366744290735, 0.694185846619016, 0.6290498852496474, 0.21836618984651793, -0.520906546142484, 0.3202220259402612, 0.22014590272843296, -0.0178524983849443], [0.28309044845098463, -0.2401807899855784, -0.026317716434948617, -0.40747453260390276, -0.7393063833424582, -0.4628210888392776, 0.16932319691065736, -0.19687055746278054, 0.340541439663845, 0.6468117925495016, 0.4616449252563943, 0.05746399020391966]], "inverted": false, "swapped": false, "error_lsq": 0.04578105395631404, "error_max": 0.2370446013902263, "target": "789.xyz", "model": "27.xyz", "model_rescale": 4.103607728864725, "target_rescale": 3.8222695688146193},
{"mapping": [4, 8, 11, 1, 7, 5, 0, 6, 13, 3, 10, 14], "R": [[-0.35741563223603207, -0.21726925886137738, 0.9083216032810986], [-0.9338404403590748, 0.06855583561834466, -0.35105858393242595], [0.014003491824792547, -0.9737012717237761, -0.22739774770259863]], "T": [0.13966806259127362, 0.05273601350604556, 0.16059227517406105], "aligned_model": [[-0.5206754112680568, -0.06138959013738515, 0.6386567498379777, -0.6034932290676563, 0.10350930814379311, 0.15070995451692695, -0.34372489242999776, 0.6367359913107955, 0.12282447980698458, -0.2497824011761277, 0.49343636795035484, -0.005059477131573009], [-0.5664392657461387, -0.5561794377806042, -0.37002553340101446, 0.1891727191553222, -0.07120078069397126, 0.4716569622744078, 0.5702804763985412, 0.23691146863908355, -0.5668299756227552, 0.45599403820720424, 0.25419145388866077, 0.09293164635776147], [0.1139258286745801, -0.3503654239265961, -0.04998834576682262, -0.3210270267712332, -0.5489240819901787, -0.43901069820714766, 0.07020023488970734, -0.18620757894484163, 0.34960764964804614, 0.6598338543241602, 0.46725001267527383, 0.12061029976140843]], "inverted": false, "swapped": false, "error_lsq": 0.045980679043137886, "error_max": 0.2564206254296735, "target": "789.xyz", "model": "28.xyz", "model_rescale": 4.137296879288765, "target_rescale": 3.8222695688146193},
{"mapping": [1, 2, 7, 10, 6, 4, 3, 8, 9, 0, 11], "R": [[0.37958065761533405, 0.24333713865885498, 0.8925836438752573], [0.669365744051472, -0.7382375293823463, -0.08339574870381067], [0.6386454611556637, 0.6291203280460511, -0.443102231753011]], "T": [0.0487059186371067, 0.035324273444807035, -0.04208284127234527], "aligned_model": [[0.5504011868953885, 0.16366427644720094, -0.1949414350978978, -0.6969752142341882, -0.0476752110155501, 0.5554024678428319, 0.5593216574322762, -0.2886472214403376, -0.48502788838986566, 0.17325967460465902, -0.06736328233461891], [-0.3404071469519872, -0.7592432162899517, -0.17505992166885545, 0.09086982018915346, 0.6628255443266621, -0.19777312206957845, 0.44270054261198394, -0.4787138004917464, 0.4673582465330286, 0.1175077088001778, 0.08908316165906538], [0.30299857620431536, -0.1493483005670428, -0.6272295269585398, -0.3313347146477277, -0.2484976702448162, -0.4526461291604962, 0.07350064523476338, 0.2910770661198513, 0.2765750667292809, 0.7482149510463663, -0.0775559419729558]], "inverted": true, "swapped": true, "error_lsq": 0.0425203988141701, "error_max": 0.2820719473035712, "target": "789.xyz", "model": "29.xyz", "model_rescale": 3.607286011436655, "target_rescale": 3.8222695688146193},
