[{"mapping": [10, 13, 8, 6, 5, 12, 11, 9, 7, 3, 2, 14], "R": [[0.24335701209498023, 0.9668646031828143, -0.07713756397723731], [-0.31543917079170847, 0.15409822028044595, 0.9363502913101691], [0.9172107141733807, -0.2035351999496349, 0.34248785115244473]], "T": [0.025201775443603545, -0.04921513299097403, -0.0702117305153532], "aligned_model": [[-0.23099756093962012, 0.1849776611149997, 0.42799416287690334, -0.22004264956495012, -0.16905187137605446, -0.4433156159863185, 0.35781792619724184, -0.2955446849900773, 0.6883056076010603, 0.09170106944880432, -0.5831751581771603, 0.028973576255720113], [-0.2765957857513455, -0.6995819193339424, -0.2411477555495496, 0.601555925264848, 0.3658190293145241, -0.5160635466916652, -0.3279024003557015, -0.2981363634710882, 0.03624467834105482, 0.3181075727753424, 0.1164136404631072, -0.025158039028527188], [-0.5260887723208013, -0.11141978316943141, -0.6028730193280816, -0.04935877957093271, -0.72791244922756, 0.05973507261636349, 0.5976694906620946, 0.6673339210566597, -0.051878772690552036, 0.6232118192393653, 0.3615288375563448, -0.05799581946990633]], "inverted": true, "swapped": true, "error_lsq": 0.0403735943285272, "error_max": 0.28441430550835556, "target": "79.xyz", "model": "0.xyz", "model_rescale": 3.751011558992144, "target_rescale": 4.146697787495459},
{"mapping": [4, 8, 9, 10, 13, 2, 5, 1, 0, 11, 3, 6, 12, 7, 14], "R": [[-0.5598501972359698, 0.5811453305473998, -0.5906249752912583], [0.26033945256392077, 0.8000776716765602, 0.5404619216219888], [0.7866327771543492, 0.1488147306806962, -0.5992186995070066]], "T": [-0.054531943345446206, -0.026463254500325138, -0.12417593180225683], "aligned_model": [[-0.40568356597075533, 0.23157984604777548, -0.13176669752245063, -0.6034289169265238, 0.41842629424676997, 0.768362130817102, 0.2706714462390114, -0.20134906348729917, 0.3427939195818472, -0.6906738267302303, 0.4430732757931207, -0.7206073506564473, -0.11566776679263807, -0.24947467182307836, -0.06834317722794801], [-0.5762814293838209, -0.4603028695576268, 0.5529474938739245, 0.11049786059468139, 0.5238479699710924, -0.07356594218964702, 0.19037811168677107, -0.6424959000615382, -0.41317903892660207, 0.4291623649804861, 0.19945198199379546, -0.19424259919838352, 0.5267022892715131, -0.09645245855867565, 0.02472767612585727], [-0.5713520519218384, -0.5369003974170468, -0.428326550328512, -0.7178151433393041, -0.15532492881680965, -0.19024242488848925, -0.6113192621563874, 0.16674340800165155, 0.39359581252543085, 0.032220321359584636, 0.4094505680257028, 0.1790061727789916, 0.3680083795611301, 0.5057255428159719, -0.11029966127896045]], "inverted": false, "swapped": false, "error_lsq": 0.031846027621331166, "error_max": 0.20817717646570597, "target": "79.xyz", "model": "1.xyz", "model_rescale": 3.9405287249114394, "target_rescale": 4.146697787495459},
{"mapping": [13, 11, 7, 2, 3, 8, 12, 9, 6, 5, 4, 10, 14], "R": [[-0.688592694607162, 0.5626249493048613, -0.45748581109510955], [-0.6481565045604397, -0.19463971587687942, 0.7362122836515027], [0.325166490477787, 0.8034728044078842, 0.49869650695316625]], "T": [-0.12702147856803425, -0.03820411800661952, -0.039962619936919214], "aligned_model": [[-0.31094630030728165, 0.3043073657769902, -0.37283290311421285, 0.5338273230881082, 0.5173275389876911, -0.7976147451464947, 0.12507645556777847, 0.6398916232181141, 0.07376463553848134, -0.5891535532009542, -0.051710461491059165, -0.46140178960812184, -0.11455191002510762], [0.5754598052784837, 0.5386703741439771, 0.16056538121656785, -0.2955743351506116, -0.11879758474667099, 0.12854370654033284, 0.21572699225133166, 0.27093022296444547, -0.6927988025140864, -0.6740543885524357, -0.5130958019910157, -0.08297518369764298, -0.05376779217065794], [0.15951580804521023, -0.3798694758207659, -0.6293806368472935, 0.24463311923265132, -0.48549980393271586, -0.11281673035325593, 0.5312709416987076, 0.11844796228026894, -0.16354813373543972, 0.11715660110303588, 0.35196871070517655, 0.41976479682637047, -0.05852280961330582]], "inverted": false, "swapped": true, "error_lsq": 0.03899517736128625, "error_max": 0.23878217852092337, "target": "79.xyz", "model": "2.xyz", "model_rescale": 3.932901565614263, "target_rescale": 4.146697787495459},
{"mapping": [2, 3, 9, 6, 12, 13, 11, 10, 5, 8, 0, 1, 7, 14], "R": [[-0.6221922692400347, -0.5884421533280811, -0.5163454389113428], [0.6232329068128358, 0.026837512875796, -0.781575646862327], [0.47376948399359725, -0.8080937941162849, 0.35003842067291424]], "T": [-0.0731140820346248, -0.10622256079855406, 0.05919154861709865], "aligned_model": [[-0.1535149319296076, 0.5462497087287608, 0.07754050232804205, 0.019003145353903877, -0.48679842519202443, -0.23602037857536248, 0.46719218643589344, -0.6195700210206622, -0.4613450684215886, -0.20591303794935356, 0.8331202795883769, 0.27170282515741495, 0.4219507548369128, -0.05378762728800236], [0.06272996994254805, 0.010485472204106908, -0.4801419639955144, 0.5473958466771819, -0.46504910975862285, -0.7330580348478275, -0.6422982470752073, -0.11935967910309679, 0.5199205522642304, -0.22045355247672127, -0.07222901624997406, 0.534546487270046, -0.1904614385761617, -0.0885306479244991], [-0.6817173849023459, -0.41298646373943987, -0.6799303189667223, -0.16076307772979587, -0.33381090821891396, 0.2345261460144874, -0.1754516212586612, 0.22160232820935238, 0.37507059786058145, 0.7315929208823904, 0.0965911884839694, 0.44648190812950483, 0.50096161061943, 0.05172943767326019]], "inverted": false, "swapped": true, "error_lsq": 0.04667243474881128, "error_max": 0.2585371073541046, "target": "79.xyz", "model": "3.xyz", "model_rescale": 3.9243930471874484, "target_rescale": 4.146697787495459},
{"mapping": [3, 6, 0, 11, 7, 2, 9, 1, 8, 10, 13, 12, 14], "R": [[-0.34339264090268123, -0.9348401388458506, 0.09030730300785736], [0.8936893181529454, -0.29567520356316884, 0.33748418721060464], [-0.2887921342301517, 0.1965962583584679, 0.9369893352681473]], "T": [-0.0463464086894356, 0.07760085724060611, -0.06501974301285274], "aligned_model": [[0.06686336799820033, -0.3200331679083043, 0.6163612489090013, 0.3606334831954626, 0.6105886501374325, -0.6189202281436345, -0.2839896841683209, 0.2443033799256865, 0.31361649747752707, -0.3327528260390311, 0.1404224375786872, -0.4772624070026784, -0.042624865648675896], [-0.6021884172688812, 0.04114582571141179, -0.38766630759685217, -0.5590398076923628, 0.12294435411517599, -0.4077293909151008, -0.6897409194614403, 0.37083462856478006, 0.643680366898878, 0.5046125622579326, 0.12625296461554883, -0.10134858744246608, 0.06607228189496372], [-0.4461423405498042, -0.7036504910423753, -0.4750929537983215, 0.18681642136774002, -0.18217973914097516, -0.20843896619206848, 0.1870237658594599, -0.7784720194493775, 0.11605643572127006, 0.18154932710217228, 0.5775950440371745, 0.4214272301883638, -0.0894213987322946]], "inverted": false, "swapped": true, "error_lsq": 0.04547557225562721, "error_max": 0.22452252842956893, "target": "79.xyz", "model": "4.xyz", "model_rescale": 3.8936222436046832, "target_rescale": 4.146697787495459},
{"mapping": [5, 1, 8, 10, 7, 0, 3, 11, 12, 4, 13, 14], "R": [[-0.11924989179598779, -0.8922381926817398, -0.43553469531906214], [0.5611659136479537, 0.3013096228220138, -0.7709120109030041], [0.8190679340972291, -0.33633839910851515, 0.46476252066923224]], "T": [0.016830989069156477, -0.04619029634965085, -0.013409678824230092], "aligned_model": [[0.02341519426919772, -0.6208077628849219, -0.1903787601061356, 0.3871892951576305, -0.5969744899414682, -0.757390798033042, -0.2800702228294829, -0.17848691867336502, 0.6458804295966859, 0.3816486103370354, 0.21308247970935978, 0.000440985613603697], [-0.6191839765966197, -0.5214347230054874, 0.21286055985861022, -0.06354661108840395, 0.20760024408526903, 0.046779399271932344, -0.1955956381617481, 0.479937163910161, 0.1480346604894749, -0.542246465475795, 0.5782641648375456, -0.06254587301513165], [-0.5739388584543673, -0.23028994984601578, -0.6239542401140236, -0.446650283925124, -0.09201861241135897, 0.45108173378929234, 0.7005315371314271, 0.5517506814369166, 0.13121267976580925, -0.08851233546118673, -0.160872800819551, 0.0009451681837006516]], "inverted": true, "swapped": true, "error_lsq": 0.04399578357069057, "error_max": 0.25233804990874553, "target": "79.xyz", "model": "5.xyz", "model_rescale": 3.6523030999806103, "target_rescale": 4.146697787495459},
{"mapping": [12, 9, 11, 13, 7, 4, 3, 10, 6, 1, 0, 8, 14], "R": [[0.08030741026634006, 0.47071909443134513, -0.8786206542041043], [0.721523984567997, 0.5807117978157663, 0.3770635855803387], [0.6877164092483431, -0.664226875408783, -0.2929996560326488]], "T": [0.09014744763193214, -0.15286979625922925, 0.004018777407043463], "aligned_model": [[0.15606077379265923, -0.12907768585892443, 0.27092163255656637, 0.694483276498041, 0.3776451231601402, -0.3180544008390628, -0.38265802068636534, 0.27478497317236045, -0.5542873750771512, -0.18203698473614557, -0.025854143656004608, 0.6295649396392619, 0.0695907966989194], [-0.49749790913433434, 0.06271628487713504, 0.47201467768464045, -0.2072735278552269, 0.3472921150880627, -0.6195243867759663, 0.4396566210052649, -0.6898118943569792, -0.17258205149198538, 0.07583896378723337, 0.7341082786071133, -0.26730001000659365, -0.13681025726518056], [0.5795438040930054, 0.7877768022357753, 0.46358978456871425, 0.29041331988445246, -0.3344030273288768, -0.01619935317189921, 0.21744740622972628, -0.04857500464860475, -0.25751101075832034, -0.7396783604615579, -0.14969699226041988, -0.41876057766404057, -0.003837051236164504]], "inverted": true, "swapped": true, "error_lsq": 0.054341116365210634, "error_max": 0.3405795088342623, "target": "79.xyz", "model": "6.xyz", "model_rescale": 4.08911054899281, "target_rescale": 4.146697787495459},
{"mapping": [5, 7, 3, 4, 0, 2, 6, 12, 13, 8, 1, 10, 9, 11, 14], "R": [[-0.846411625970366, 0.4315185356760161, 0.31205626542376674], [0.5187366202607147, 0.8006023009921883, 0.2999137783538876], [-0.12041460967296587, 0.41572552124453516, -0.9014835621148435]], "T": [-0.08078780606393049, -0.04003358893835293, -0.07191771021285916], "aligned_model": [[-0.45078219961322147, 0.2956168445894313, -0.11284888807113969, -0.49875201162096583, 0.4925155744362483, 0.7157248570280463, 0.1808998388712621, -0.24389136340078268, 0.33467470598075205, -0.6402179231283518, 0.42780414034281616, -0.733492056028828, -0.15706583874084626, -0.23795566154287262, -0.08431814351329212], [-0.5174679435749895, -0.5279279171191379, 0.6545314159427454, 0.12009190608721532, 0.6763523898734745, -0.0629352963491882, 0.1258270052372848, -0.6887324089579212, -0.5339571917390914, 0.34870328234602765, 0.2352248442983614, -0.27077858141806965, 0.6111158172698464, -0.1355860467694452, 0.06673423549471491], [-0.5363117404696217, -0.5404981494471406, -0.4500750548206562, -0.6164498382072944, -0.27872812187720414, -0.19513553612717338, -0.46326513417455123, 0.174230595693318, 0.27351665118375107, -0.039198261710436576, 0.3792065363508356, 0.12810431113798948, 0.3579001819617677, 0.48548614334732604, 0.05438720208020552]], "inverted": true, "swapped": false, "error_lsq": 0.038484194681933474, "error_max": 0.26719768960746876, "target": "79.xyz", "model": "7.xyz", "model_rescale": 3.964800864290218, "target_rescale": 4.146697787495459},
{"mapping": [3, 11, 0, 2, 1, 12, 6, 7, 13, 8, 10, 5, 8, 14], "R": [[-0.18457745754447452, -0.9473908567565681, 0.2614989994253777], [0.7104703103639345, -0.3124644399027936, -0.6305536550426206], [0.6790899058724054, 0.06940128478846386, 0.7307669679261087]], "T": [-0.059556735420073975, -0.06722717747050472, 0.10974636432325768], "aligned_model": [[-0.13043654884335767, 0.23501556581486113, 0.4444291448665266, -0.731272308118455, 0.20283586375040888, -0.4605739784180861, -0.4047487258224861, 0.5755088069408362, 0.20402154828372834, 0.4260074659817691, -0.22363682310494337, -0.2409527682902804, 0.4260074659817691, -0.061016819561417995], [-0.0912078391058001, -0.614312350383726, 0.03915159695008902, -0.1889261009639093, 0.6928237890245186, -0.5725991480619583, 0.46400775567414815, 0.050772355344342865, -0.5948367232388196, 0.06560414911486906, -0.05641113389219468, 0.6035469764832846, 0.06560414911486906, -0.05226900987851098], [-0.674208561387224, -0.3885410981504941, -0.6375800711411316, -0.2336817409500468, -0.07177538988271004, 0.30500645049062547, -0.17785506020917818, -0.06378759799748646, 0.4296808101049068, 0.5886943078104672, 0.655754309764403, 0.509390686470396, 0.5886943078104672, 0.08702368599202713]], "inverted": false, "swapped": true, "error_lsq": 0.05063432439539942, "error_max": 0.34365498175345843, "target": "79.xyz", "model": "8.xyz", "model_rescale": 4.121658175737393, "target_rescale": 4.146697787495459},
{"mapping": [11, 3, 2, 12, 0, 7, 6, 5, 4, 1, 13, 10, 14], "R": [[0.6348492736956453, 0.7663661244319975, -0.09823117128077052], [-0.16711677849424753, 0.26032812654843157, 0.9509475531665712], [0.754346327646537, -0.5872922865582895, 0.29334175992401684]], "T": [-0.03880777097711626, 0.09595671389933616, 0.016317143942004474], "aligned_model": [[-0.6499590846153993, -0.30717744420471044, 0.36989679811703735, 0.2519620329532562, -0.7559206562663557, -0.6299369026931256, 0.2877955800391209, 0.4671418751696213, 0.5677576029177466, -0.1337975929409647, -0.28016608029333334, 0.33196271614196554, -0.04282134788966174], [0.24442312020433252, -0.35717854323279385, -0.03469590394738986, 0.603972793260584, -0.4205632927302232, -0.08155671911183565, -0.5126399840803813, -0.20683836040948575, -0.030409311404307554, -0.6120482885070961, 0.7183539754033954, 0.40924354078487246, 0.07032441318203814], [-0.47237214422783663, -0.5692001511609032, -0.6160164473908765, -0.31792041128484744, -0.19049485963356058, 0.27400202835450105, -0.06748592364754477, 0.5593532100704179, -0.013917002156932964, 0.4276361749996701, 0.083927863653938, 0.31555709521805636, 0.008006001165007113]], "inverted": false, "swapped": true, "error_lsq": 0.04311757719682249, "error_max": 0.28982847991929017, "target": "79.xyz", "model": "9.xyz", "model_rescale": 3.833441315466971, "target_rescale": 4.146697787495459},
{"mapping": [1, 4, 11, 12, 7, 3, 7, 5, 2, 10, 9, 0, 8, 13, 14], "R": [[0.6090040967726231, -0.7931453495889988, 0.005870650688525519], [-0.735779112501898, -0.5676895515859088, -0.36926639520285265], [0.29621463117152247, 0.22056524532558372, -0.9293050440164328]], "T": [-0.12152619047820215, -0.02988600801982434, -0.18598250449944476], "aligned_model": [[-0.614626343749646, 0.3464434323729675, -0.16079052943668956, -0.5043924303172185, 0.3477349834694863, 0.7373022651603189, 0.3477349834694863, -0.10826388235515677, 0.2533128941441354, -0.6896970218172385, 0.45907328885054755, -0.7062818199981187, -0.06816243346551015, -0.31640129806450046, -0.03507421267460775], [-0.5131188544603724, -0.6023541838612251, 0.6216390956021847, 0.09779249818263026, 0.39341459343677054, -0.14704106254858604, 0.39341459343677054, -0.6509986722231007, -0.2170589248907474, 0.47559412816736313, 0.3028434481683412, -0.2786280863887258, 0.5764720702284308, -0.33932163191351666, -0.011453500314388975], [-0.4485604698325424, -0.48464150708867204, -0.38425109021098414, -0.6333433194533423, -0.3969908650293975, -0.1311169713155969, -0.3969908650293975, 0.08137188767799469, 0.39806562259039824, 0.12614868884008823, 0.272390138794881, 0.058989318160125315, 0.3008866285921011, 0.5225087294077962, -0.15129614118233678]], "inverted": true, "swapped": false, "error_lsq": 0.04852408012610288, "error_max": 0.3618009123816829, "target": "79.xyz", "model": "10.xyz", "model_rescale": 4.2482417240324, "target_rescale": 4.146697787495459},
{"mapping": [13, 8, 1, 5, 11, 3, 7, 6, 10, 2, 12, 14], "R": [[-0.6606413620397034, -0.038402894751747685, 0.7497187528913838], [0.7165701239806481, -0.329971555424712, 0.6145291124340285], [0.22378616619595637, 0.9432094095614624, 0.24551122486361687]], "T": [-0.0497384035053106, 0.04139371894997634, -0.06791834481877584], "aligned_model": [[-0.6647712894375009, -0.14451393863135475, 0.5817330666303573, 0.5998399280184631, -0.6148537221239284, 0.02878117258508707, -0.14827833562877252, 0.5944657584113751, -0.03426061413524205, 0.10827130614089868, -0.39653371818084193, -0.03311401128553376], [-0.2219724551361395, -0.5912360668552465, -0.053196077457872255, -0.41226531850893966, 0.5187004687862206, 0.7865442061467666, -0.04330962563945693, 0.302266077076172, -0.4034696289016607, 0.6113069691569218, 0.11349135812544925, 0.05927148325842476], [-0.11867464090964244, 0.20338414250796572, 0.4534011808463316, -0.18957170286760516, 0.22735841613305408, 0.1745064336797989, 0.5881772229988127, -0.10000033913284054, -0.4243183703977203, -0.5518471835674656, -0.6413964169677695, -0.05582645246856277]], "inverted": true, "swapped": true, "error_lsq": 0.04677552026742623, "error_max": 0.23811347764864532, "target": "79.xyz", "model": "11.xyz", "model_rescale": 3.6694154284099745, "target_rescale": 4.146697787495459},
{"mapping": [4, 12, 13, 9, 2, 5, 6, 1, 11, 0, 7, 3, 8, 14], "R": [[0.6858751469224889, -0.5634230685127987, 0.4605754321516474], [0.6724989069953894, 0.2488953912992757, -0.6969908925373323], [0.2780656449906406, 0.7877852055335914, 0.5496125608265665]], "T": [-0.06177303353256975, 0.07725272280736546, -0.11648111422159463], "aligned_model": [[0.01552154718689832, 0.18924930961638925, -0.24827148929468984, 0.7038351262903868, 0.6001441803426886, -0.5212384641849567, 0.14175691828290093, -0.3451156888255884, 0.36713952519818593, 0.20303096479615734, -0.3084060646122351, 0.5829151867971331, -0.7330581541378735, -0.04923804719958713], [-0.423972980794827, 0.2909968681803654, 0.6744143682657949, 0.3775502193832883, -0.19692798083924645, -0.5700818915163489, -0.566058904585992, -0.42497203125913513, 0.6786227770092772, 0.23476551117814576, 0.3163791670426344, 0.031220262709847416, 0.2459522141446001, 0.06309968921784997], [-0.47369585438425427, -0.7043955490248881, -0.3590088223611515, -0.2967010303795875, -0.3822739768045534, -0.22787000824474662, 0.05324912055928166, 0.47255600779519064, 0.18143413749790172, 0.7372656727639719, 0.4573976713814893, 0.33345494436295964, -0.05545115393528688, -0.09686569957391165]], "inverted": true, "swapped": true, "error_lsq": 0.046375362745824156, "error_max": 0.2646682906357465, "target": "79.xyz", "model": "12.xyz", "model_rescale": 3.9764082729961374, "target_rescale": 4.146697787495459},
{"mapping": [14, 6, 7, 3, 4, 5, 4, 13, 12, 8, 9, 11, 2, 1, 15], "R": [[-0.7601531301237265, 0.06493659542250602, 0.6464908795474494], [0.6315010470132816, -0.16028336746517352, 0.7586274907589056], [0.15288442165318894, 0.9849327290170421, 0.08083237548663269]], "T": [-0.021345508346516055, -0.029218021261356173, 0.003866187823514694], "aligned_model": [[-0.3980627057190612, 0.24894648392224583, -0.09670655874186751, -0.6650462472341113, 0.35251441399232236, 0.8105437928655257, 0.35251441399232236, -0.07818556922620334, 0.1182946693495899, -0.6632696796769878, 0.44172027072124476, -0.7435225146925203, -0.2169216635143827, -0.1359091797702723, -0.0389980506795885], [-0.4739620719702103, -0.4776717083559776, 0.6521021835859756, 0.1916192098266872, 0.26700914103979884, -0.07004056087610536, 0.26700914103979884, -0.6380299425738928, -0.40891128186855397, 0.22791406177743115, 0.1297086260738158, -0.35595433728926307, 0.6655851453308206, 0.12257592908066531, 0.002241975800837539], [-0.5430295263102902, -0.5524523676335673, -0.3141859926014736, -0.4914354611082665, -0.5331086240280571, -0.09162002386729104, -0.5331086240280571, -0.020583722888592976, 0.4973711863501179, 0.15039020217737428, 0.35288127566470207, -0.043551636283518824, 0.3433629346847442, 0.6098004582608857, -0.09756029346759466]], "inverted": true, "swapped": false, "error_lsq": 0.0521181379362957, "error_max": 0.391159171627216, "target": "79.xyz", "model": "13.xyz", "model_rescale": 4.170626492500431, "target_rescale": 4.146697787495459},
{"mapping": [8, 13, 7, 11, 1, 3, 0, 10, 5, 12, 4, 9, 6, 14], "R": [[0.9930409408086086, 0.10997432075531918, 0.042134767738297815], [0.05642901479212118, -0.13028880143143398, -0.9898689784568215], [-0.10337048015533591, 0.9853580450759851, -0.13558785652295258]], "T": [0.03250225284636964, -0.042430204449457526, 0.09767832190084688], "aligned_model": [[0.32527182001903976, -0.15241672330901723, -0.19070104007418154, -0.7567573736130114, 0.3204988292398985, -0.5221528654102797, -0.5709448793347796, 0.47402380253562, 0.7998904927766974, -0.043212412846150454, 0.4547318622261181, -0.5867678296853027, 0.26536790243438946, 0.026351437132602722], [-0.3520294786591023, -0.6748773296239221, 0.06859084105357027, -0.12521102253004687, 0.5811075032095652, 0.4951323365492043, 0.4777750169914823, -0.38985344542664513, 0.179509466254803, -0.4757473838501719, 0.10732086023582613, -0.10177473349996244, 0.5820326189391719, -0.015900781718106462], [-0.4511769937538854, -0.02888786686969072, -0.5229671376026075, 0.029987845953546893, -0.35810254006289355, 0.2511988740620382, -0.3371240453504447, 0.19524753449956106, 0.03122425985619151, 0.6084088482320845, 0.5267480182652452, 0.6649493777200592, 0.29743421110494583, 0.0969327150667165]], "inverted": false, "swapped": true, "error_lsq": 0.05211788371730861, "error_max": 0.32334487539525925, "target": "79.xyz", "model": "14.xyz", "model_rescale": 3.9786697098870705, "target_rescale": 4.146697787495459},
{"mapping": [12, 4, 11, 13, 3, 0, 5, 1, 7, 8, 6, 14], "R": [[-0.6532441640859985, -0.6484902451001453, 0.3908100102320037], [-0.37352640631538586, -0.1729582718462288, -0.911352544290671], [0.6585970588096325, -0.7413135896568467, -0.12924424906889243]], "T": [-0.00033419412136793253, -0.11714859074596241, -0.10434959837364834], "aligned_model": [[-0.11900444792050782, -0.6161281286042559, 0.625299359221271, 0.4233403312170725, 0.11167276934576936, 0.519271268201926, -0.5740182194718639, -0.12985529306587135, 0.506606500976079, 0.24144799563466182, -0.5007369901415522, -0.004540548625391788], [-0.4804630003466838, -0.1662361636843373, 0.14668825729914214, -0.608359642716426, 0.6048995225924272, 0.6149670423916915, -0.24477008592990585, 0.3266610434314561, 0.08389377380745648, -0.5177765396584807, 0.3457066778121064, -0.09053639477400713], [-0.6595632236846909, -0.1608497681671295, -0.5206886391569421, -0.2758575953446891, -0.3980932073057509, 0.029186447541473634, 0.4407719143210743, 0.5780980469142424, 0.2828703239267211, 0.40931031522969563, 0.03509460526167356, -0.10031272566184835]], "inverted": false, "swapped": true, "error_lsq": 0.05018376989800403, "error_max": 0.27537437475951243, "target": "79.xyz", "model": "15.xyz", "model_rescale": 3.769337070930944, "target_rescale": 4.146697787495459},
{"mapping": [7, 0, 13, 11, 8, 1, 10, 6, 12, 9, 14], "R": [[-0.9764515341043103, -0.21572002617784988, -0.002696637010512412], [0.06484578592180598, -0.2815553992554484, -0.9573513363432926], [0.20576060262723284, -0.9349820465955123, 0.28891373617490945]], "T": [0.11438302843318666, 0.07098219094029447, 0.041812922962047486], "aligned_model": [[-0.17372018392077004, -0.5208598003208711, -0.09879875880744259, -0.6792862419183207, 0.33665132948980514, 0.36496335274800096, 0.5554363241132032, 0.38314836708059724, 0.0854442172707901, -0.4391870789172136, 0.10883460387339176], [-0.1360324602583629, -0.5142494926545578, 0.6750265254919487, 0.13687099644741407, 0.2941816666146477, -0.6134218010261411, 0.4323422237639403, -0.5135470940671422, 0.5773959175825124, 0.21288431867544944, 0.04461369705563344], [-0.525185879627381, -0.2370874846258128, -0.15790528228885237, 0.05245138823745127, -0.5775308297150624, -0.3432561252178367, 0.03440647268459715, 0.3067154551030343, 0.4857158873226741, 0.6600665775485417, 0.045827427802424325]], "inverted": true, "swapped": true, "error_lsq": 0.047600836736272294, "error_max": 0.27154106255027277, "target": "79.xyz", "model": "16.xyz", "model_rescale": 3.7852294659196426, "target_rescale": 4.146697787495459},
{"mapping": [1, 4, 10, 5, 6, 2, 9, 12, 8, 7, 3, 13, 14], "R": [[-0.05690234793865584, 0.6878708913222702, -0.7235991705844983], [0.9858158214473237, 0.15333190665760782, 0.06823849782110597], [0.15789011680028164, -0.7094525800025314, -0.6868389532812953]], "T": [0.0757621782820277, 0.11746472273866296, 0.015125340991488288], "aligned_model": [[0.046620487156520465, -0.3482503861524727, 0.22108921554090588, -0.0019421373369138267, -0.4670754787225879, -0.6360550160007379, -0.3377553346327359, -0.054236857333297736, 0.7011903180281962, 0.48923094704810394, -0.38568824520681483, 0.5669024279106842, 0.05973590991743313], [-0.13206771647057453, -0.3165695478823558, -0.3384572427622059, -0.6391882245777442, -0.10315507796224097, 0.2345096941431336, 0.7113814441870983, 0.15886576630765106, -0.16288130786317004, 0.36870000737573805, 0.682411020930594, 0.2870233529683861, 0.12448345530856444], [-0.7699617998025169, 0.14408900206601974, 0.3252529793496394, -0.23784981041572553, -0.36002373004654836, 0.2672603418718053, 0.4453344221531765, 0.6752225788449638, -0.09912715445395134, -0.44668693464203085, -0.2816633590129325, 0.4396657043646564, -0.005757543133381764]], "inverted": true, "swapped": true, "error_lsq": 0.04003214248041369, "error_max": 0.254995083207861, "target": "79.xyz", "model": "17.xyz", "model_rescale": 3.901054581598922, "target_rescale": 4.146697787495459},
{"mapping": [4, 8, 9, 10, 13, 2, 5, 1, 0, 11, 3, 6, 12, 7, 14], "R": [[-0.5598501972359698, 0.5811453305473998, -0.5906249752912583], [0.26033945256392077, 0.8000776716765602, 0.5404619216219888], [0.7866327771543492, 0.1488147306806962, -0.5992186995070066]], "T": [-0.054531943345446206, -0.026463254500325138, -0.12417593180225683], "aligned_model": [[-0.40568356597075533, 0.23157984604777548, -0.13176669752245063, -0.6034289169265238, 0.41842629424676997, 0.768362130817102, 0.2706714462390114, -0.20134906348729917, 0.3427939195818472, -0.6906738267302303, 0.4430732757931207, -0.7206073506564473, -0.11566776679263807, -0.24947467182307836, -0.06834317722794801], [-0.5762814293838209, -0.4603028695576268, 0.5529474938739245, 0.11049786059468139, 0.5238479699710924, -0.07356594218964702, 0.19037811168677107, -0.6424959000615382, -0.41317903892660207, 0.4291623649804861, 0.19945198199379546, -0.19424259919838352, 0.5267022892715131, -0.09645245855867565, 0.02472767612585727], [-0.5713520519218384, -0.5369003974170468, -0.428326550328512, -0.7178151433393041, -0.15532492881680965, -0.19024242488848925, -0.6113192621563874, 0.16674340800165155, 0.39359581252543085, 0.032220321359584636, 0.4094505680257028, 0.1790061727789916, 0.3680083795611301, 0.5057255428159719, -0.11029966127896045]], "inverted": false, "swapped": false, "error_lsq": 0.031846027621331166, "error_max": 0.20817717646570597, "target": "79.xyz", "model": "18.xyz", "model_rescale": 3.9405287249114394, "target_rescale": 4.146697787495459},
{"mapping": [13, 4, 3, 14, 1, 0, 12, 9, 8, 10, 6, 11, 2, 5, 15], "R": [[0.7234077075203257, 0.3720526871687361, 0.5815995930799038], [-0.44940884268304415, 0.8932397823010093, -0.012425113002805702], [-0.524130690590118, -0.25238757751792834, 0.8133803107379464]], "T": [-0.014230173416093013, -0.07593595164981083, -0.18954266886235335], "aligned_model": [[-0.45849376842455636, 0.5220309491492384, -0.12028154144499784, -0.6244852504840848, 0.3605100288882694, 0.6666472666885942, 0.08486185967077339, -0.32525091597328004, 0.41288433281992765, -0.5846394070195376, 0.3740228183162868, -0.6932351441138669, -0.16298475087656505, -0.13283413467250765, -0.030840466935437818], [-0.46773236724939976, -0.42792969420740157, 0.6970565709671709, 0.13587670869501994, 0.4659542717346765, -0.05791938468423039, 0.06765951285797948, -0.6632704860470232, -0.35799146853781216, 0.4395824930588861, 0.17695258937548342, -0.18651465206866508, 0.48001312409447416, -0.15082950480085194, -0.049712202566478236], [-0.5064894660467346, -0.5405262044325413, -0.5311041745848192, -0.6166996656522579, -0.15154016162092818, -0.09597145092000722, -0.7088693230607452, 0.1942725071796069, 0.36749416967865356, -0.025902587184350984, 0.39662322559174634, 0.02478838973907463, 0.46170074482923884, 0.6299612657405056, -0.16456748433532603]], "inverted": true, "swapped": false, "error_lsq": 0.0393309784434509, "error_max": 0.2882346472894489, "target": "79.xyz", "model": "19.xyz", "model_rescale": 4.410303926677745, "target_rescale": 4.146697787495459},
{"mapping": [3, 11, 0, 2, 1, 12, 6, 7, 13, 8, 10, 5, 8, 14], "R": [[-0.18457745754447452, -0.9473908567565681, 0.2614989994253777], [0.7104703103639345, -0.3124644399027936, -0.6305536550426206], [0.6790899058724054, 0.06940128478846386, 0.7307669679261087]], "T": [-0.059556735420073975, -0.06722717747050472, 0.10974636432325768], "aligned_model": [[-0.13043654884335767, 0.23501556581486113, 0.4444291448665266, -0.731272308118455, 0.20283586375040888, -0.4605739784180861, -0.4047487258224861, 0.5755088069408362, 0.20402154828372834, 0.4260074659817691, -0.22363682310494337, -0.2409527682902804, 0.4260074659817691, -0.061016819561417995], [-0.0912078391058001, -0.614312350383726, 0.03915159695008902, -0.1889261009639093, 0.6928237890245186, -0.5725991480619583, 0.46400775567414815, 0.050772355344342865, -0.5948367232388196, 0.06560414911486906, -0.05641113389219468, 0.6035469764832846, 0.06560414911486906, -0.05226900987851098], [-0.674208561387224, -0.3885410981504941, -0.6375800711411316, -0.2336817409500468, -0.07177538988271004, 0.30500645049062547, -0.17785506020917818, -0.06378759799748646, 0.4296808101049068, 0.5886943078104672, 0.655754309764403, 0.509390686470396, 0.5886943078104672, 0.08702368599202713]], "inverted": false, "swapped": true, "error_lsq": 0.05063432439539942, "error_max": 0.34365498175345843, "target": "79.xyz", "model": "20.xyz", "model_rescale": 4.121658175737393, "target_rescale": 4.146697787495459},
{"mapping": [12, 9, 11, 13, 7, 4, 3, 10, 6, 1, 0, 8, 14], "R": [[0.08030741026634006, 0.47071909443134513, -0.8786206542041043], [0.721523984567997, 0.5807117978157663, 0.3770635855803387], [0.6877164092483431, -0.664226875408783, -0.2929996560326488]], "T": [0.09014744763193214, -0.15286979625922925, 0.004018777407043463], "aligned_model": [[0.15606077379265923, -0.12907768585892443, 0.27092163255656637, 0.694483276498041, 0.3776451231601402, -0.3180544008390628, -0.38265802068636534, 0.27478497317236045, -0.5542873750771512, -0.18203698473614557, -0.025854143656004608, 0.6295649396392619, 0.0695907966989194], [-0.49749790913433434, 0.06271628487713504, 0.47201467768464045, -0.2072735278552269, 0.3472921150880627, -0.6195243867759663, 0.4396566210052649, -0.6898118943569792, -0.17258205149198538, 0.07583896378723337, 0.7341082786071133, -0.26730001000659365, -0.13681025726518056], [0.5795438040930054, 0.7877768022357753, 0.46358978456871425, 0.29041331988445246, -0.3344030273288768, -0.01619935317189921, 0.21744740622972628, -0.04857500464860475, -0.25751101075832034, -0.7396783604615579, -0.14969699226041988, -0.41876057766404057, -0.003837051236164504]], "inverted": true, "swapped": true, "error_lsq": 0.054341116365210634, "error_max": 0.3405795088342623, "target": "79.xyz", "model": "21.xyz", "model_rescale": 4.08911054899281, "target_rescale": 4.146697787495459},
{"mapping": [3, 12, 0, 4, 6, 10, 7, 14, 9, 1, 5, 2, 8, 11, 16], "R": [[0.31675585240863585, 0.7813121478768713, -0.5377890455791278], [-0.6957139084009872, -0.19400293433930266, -0.6916249121634959], [-0.644707598545497, 0.5932235573944875, 0.48211816324416573]], "T": [-0.0833686823437556, -0.0181104276092787, -0.05769831977207934], "aligned_model": [[-0.4590878065257312, 0.32148725379312676, -0.2737794164232912, -0.5569320379662612, 0.2673374904577196, 0.721911097113979, 0.3485947399474947, -0.15960252799538005, 0.3736397116388464, -0.6340576999130453, 0.43818744868061976, -0.8010614199185631, -0.005830657986428997, -0.19963242228630096, -0.09326187702852842], [-0.6250811962664636, -0.535917751376141, 0.5558292742338731, 0.009065593071151016, 0.6265766800214196, -0.005637375406794685, 0.15106376952987952, -0.6552910122881539, -0.47626839250788067, 0.47176824426693975, 0.030156325620468157, -0.09133294544886111, 0.5348882579862007, 0.11659784147888688, -0.005221802292696155], [-0.5523703818638386, -0.3937589578453499, -0.5418639620627741, -0.5688650225015199, -0.187882198056125, -0.10774139102268615, -0.596756647631121, -0.06114639641199032, 0.24026513200000127, 0.2368502739020416, 0.41493110871467004, -0.08614874484559143, 0.35332762413962565, 0.6867675661302166, -0.10243821772444303]], "inverted": false, "swapped": false, "error_lsq": 0.04161376633048332, "error_max": 0.2856304241002098, "target": "79.xyz", "model": "22.xyz", "model_rescale": 4.204369325754507, "target_rescale": 4.146697787495459},
{"mapping": [13, 4, 3, 14, 1, 0, 12, 9, 8, 10, 6, 11, 2, 5, 15], "R": [[0.7234077075203257, 0.3720526871687361, 0.5815995930799038], [-0.44940884268304415, 0.8932397823010093, -0.012425113002805702], [-0.524130690590118, -0.25238757751792834, 0.8133803107379464]], "T": [-0.014230173416093013, -0.07593595164981083, -0.18954266886235335], "aligned_model": [[-0.45849376842455636, 0.5220309491492384, -0.12028154144499784, -0.6244852504840848, 0.3605100288882694, 0.6666472666885942, 0.08486185967077339, -0.32525091597328004, 0.41288433281992765, -0.5846394070195376, 0.3740228183162868, -0.6932351441138669, -0.16298475087656505, -0.13283413467250765, -0.030840466935437818], [-0.46773236724939976, -0.42792969420740157, 0.6970565709671709, 0.13587670869501994, 0.4659542717346765, -0.05791938468423039, 0.06765951285797948, -0.6632704860470232, -0.35799146853781216, 0.4395824930588861, 0.17695258937548342, -0.18651465206866508, 0.48001312409447416, -0.15082950480085194, -0.049712202566478236], [-0.5064894660467346, -0.5405262044325413, -0.5311041745848192, -0.6166996656522579, -0.15154016162092818, -0.09597145092000722, -0.7088693230607452, 0.1942725071796069, 0.36749416967865356, -0.025902587184350984, 0.39662322559174634, 0.02478838973907463, 0.46170074482923884, 0.6299612657405056, -0.16456748433532603]], "inverted": true, "swapped": false, "error_lsq": 0.0393309784434509, "error_max": 0.2882346472894489, "target": "79.xyz", "model": "23.xyz", "model_rescale": 4.410303926677745, "target_rescale": 4.146697787495459},
{"mapping": [12, 13, 1, 0, 11, 14, 7, 5, 15, 3, 9, 2, 10, 8, 16], "R": [[-0.546853423093188, -0.5311089015557361, -0.6472052752717041], [-0.8350447857045215, 0.40179485599008746, 0.3758471758143125], [0.06042796967425412, 0.7459787050500599, -0.6632226112647872]], "T": [0.03879004732261066, -0.02187253422740634, -0.07828238024476425], "aligned_model": [[-0.25876653729730215, 0.39685666624555227, -0.22208574579016538, -0.5668951561974085, 0.4789176211883597, 0.6916395889992578, 0.05630615273564377, -0.2819259510466724, 0.3453456118862291, -0.7509665175857193, 0.4231701990560956, -0.8643778426815972, -0.020025676501147012, -0.0784218009244132, -0.060858736498457446], [-0.5687985952803819, -0.3505961689427613, 0.7209912833115694, -0.07287896160936838, 0.42514392430624537, -0.19908206417636803, 0.18562181877771555, -0.5425882902599648, -0.46872046374204485, 0.4012709106749348, 0.12176214362922069, -0.14737798857057358, 0.4853578298503134, 0.06647573760340925, 0.04461439504988264], [-0.5867190011466294, -0.586136387043722, -0.41950447614351566, -0.5265340837427086, -0.16304965655965117, -0.055168565274157755, -0.7096065253591763, 0.06868150388112401, 0.3861148684102111, 0.0022482217301081353, 0.39504727432882164, -0.04046578899381148, 0.3255022339547941, 0.7305208299055657, -0.08776066302613719]], "inverted": true, "swapped": false, "error_lsq": 0.0419874464971198, "error_max": 0.28632410565760563, "target": "79.xyz", "model": "24.xyz", "model_rescale": 4.28219845311461, "target_rescale": 4.146697787495459},
{"mapping": [5, 10, 7, 9, 13, 14, 12, 8, 6, 3, 2, 1, 4, 0, 15], "R": [[0.150177612939717, 0.8826051530817607, 0.4454826913868265], [0.981576926858724, -0.07927096016875723, -0.17384720743373067], [-0.11812460044508856, 0.46338348980886795, -0.8782495773652517]], "T": [-0.04344514758987321, 0.05417667893651071, -0.14174160116131196], "aligned_model": [[-0.5824411685642009, 0.3005905177365135, -0.2855748681824699, -0.36108966969272643, 0.2845104214211707, 0.6777066357354042, 0.40702423845867053, -0.19545180582006333, 0.31983332012356197, -0.7833598350205179, 0.4618924126917386, -0.5652205231519379, -0.29534914601622975, -0.05127340094380166, -0.04388525318685603], [-0.5020897850279926, -0.6470982220950932, 0.7780174698042619, 0.2513345581951588, 0.5386748677968455, -0.17674740381826756, 0.20327467942022445, -0.6148194265740203, -0.5473140601189443, 0.26940327799446634, 0.21682149056560837, -0.19874663905049952, 0.5093545375077938, -0.031190677119076568, 0.052320843141362545], [-0.4957636221662368, -0.2815907806169771, -0.2933124216774142, -0.7048618477367232, -0.24481005745470127, -0.22395351213086384, -0.741130472193992, -0.03551428078535297, 0.42255865640315415, -0.06269028085493278, 0.2906478526956051, 0.12965783052965374, 0.3720736045975165, 0.6695569289774475, -0.06769781266506752]], "inverted": false, "swapped": false, "error_lsq": 0.048292702008577236, "error_max": 0.31724321685056023, "target": "79.xyz", "model": "25.xyz", "model_rescale": 4.100010024507729, "target_rescale": 4.146697787495459},
{"mapping": [13, 8, 1, 5, 11, 3, 7, 6, 10, 2, 12, 14], "R": [[-0.6606413620397034, -0.038402894751747685, 0.7497187528913838], [0.7165701239806481, -0.329971555424712, 0.6145291124340285], [0.22378616619595637, 0.9432094095614624, 0.24551122486361687]], "T": [-0.0497384035053106, 0.04139371894997634, -0.06791834481877584], "aligned_model": [[-0.6647712894375009, -0.14451393863135475, 0.5817330666303573, 0.5998399280184631, -0.6148537221239284, 0.02878117258508707, -0.14827833562877252, 0.5944657584113751, -0.03426061413524205, 0.10827130614089868, -0.39653371818084193, -0.03311401128553376], [-0.2219724551361395, -0.5912360668552465, -0.053196077457872255, -0.41226531850893966, 0.5187004687862206, 0.7865442061467666, -0.04330962563945693, 0.302266077076172, -0.4034696289016607, 0.6113069691569218, 0.11349135812544925, 0.05927148325842476], [-0.11867464090964244, 0.20338414250796572, 0.4534011808463316, -0.18957170286760516, 0.22735841613305408, 0.1745064336797989, 0.5881772229988127, -0.10000033913284054, -0.4243183703977203, -0.5518471835674656, -0.6413964169677695, -0.05582645246856277]], "inverted": true, "swapped": true, "error_lsq": 0.04677552026742623, "error_max": 0.23811347764864532, "target": "79.xyz", "model": "26.xyz", "model_rescale": 3.6694154284099745, "target_rescale": 4.146697787495459},
