[{"mapping": [2, 0, 1, 8, 9, 11, 4, 7, 3, 5, 13, 16], "R": [[0.47248236071481003, 0.7149911990433708, 0.5153135007972167], [0.7842954750999283, -0.07437494313213394, -0.6159131233963682], [-0.40204605028670315, 0.6951661334707084, -0.5959052108550883]], "T": [-0.18164663620534727, -0.05744284329703331, -0.051735059026744565], "aligned_model": [[-0.16547650745961395, 0.2309143545048407, 0.42466839873735607, -0.22775852484946194, -0.1483082486567492, -0.626303502570646, 0.36416842872798416, -0.2582465088120125, 0.6914145249291552, 0.15134160031755406, -0.46797112071748065, -0.1308004316903771], [-0.38172431102737664, -0.8282304040906581, -0.22364052112433638, 0.7687326101961036, 0.32940886552757903, -0.6025580442637702, -0.32872390468243506, -0.5760784810372224, 0.11030145093287477, 0.47630495195836053, 0.3195067847499859, -0.009743961162047815], [-0.45276408937105866, -0.012029022957033883, -0.45961541431840625, -0.10476994974499242, -0.6171525302206212, 0.04985981080954581, 0.3178716104156824, 0.5078540289021649, 0.06668230224455603, 0.5211207772034002, 0.3552192892464487, 0.00967493314387674]], "inverted": true, "swapped": true, "error_lsq": 0.043291991800205626, "error_max": 0.24980796343374626, "target": "790.xyz", "model": "0.xyz", "model_rescale": 3.751011558992144, "target_rescale": 4.129958104253919},
{"mapping": [0, 1, 11, 7, 9, 14, 3, 4, 12, 13, 8, 5, 6, 15, 16], "R": [[-0.17235954201343623, -0.9848237312580117, -0.02035697983410617], [0.7816481222608671, -0.14931844076657957, 0.6055825428569568], [-0.5994317319286484, 0.08846593467592573, 0.7955220783604537]], "T": [-0.07173885459844828, -0.039113316579493324, -0.030158573074075913], "aligned_model": [[0.24256354095591584, 0.1566903195802288, -0.3913615551177042, 0.17920158865866023, -0.3671436307599202, -0.5537090644543727, 0.7029906501416563, 0.5723089864517378, -0.758612968551689, -0.03558214769316587, -0.0996269266709181, 0.5652476970828514, 0.39245282621204813, -0.07446923041700282, 0.008136125670709121], [-0.05165741401442789, -0.6634805312962188, 0.43244239711459775, 0.5710445784281932, -0.5958530960374407, 0.1840365932869528, -0.49068264712519094, 0.0032844073557151965, -0.23085687027179877, 0.3477271676080288, -0.2614312238254751, 0.08170241019028027, 0.42819931452244797, 0.8267588610767772, -0.032476597185335576], [-0.8468306333275523, -0.3759788551810366, -0.455209589898057, -0.42096114425849557, 0.24046929989219487, 0.25833253448100507, -0.013546981508659801, -0.3326836148716083, -0.15456762440243982, 0.45844321410410604, 0.7681533267597309, 0.5208254347227226, 0.04149427867624366, 0.14489971268680082, 0.016827046977021677]], "inverted": false, "swapped": true, "error_lsq": 0.03455392467751607, "error_max": 0.19137718725688233, "target": "790.xyz", "model": "1.xyz", "model_rescale": 3.9405287249114394, "target_rescale": 4.129958104253919},
{"mapping": [15, 14, 11, 10, 9, 7, 13, 8, 1, 4, 3, 6, 16], "R": [[0.8602696871418662, -0.48675979444404527, -0.15166069991143527], [-0.3971263073768753, -0.4532044464449305, -0.7980579087458202], [0.3197292000647473, 0.7467734812078792, -0.5831831671015737]], "T": [-0.017778556666504526, -0.050159020970427945, -0.14821209492915094], "aligned_model": [[-0.4635803048151074, 0.19350801215832045, -0.5077904997218949, 0.4867829553320896, 0.6285012364847278, -0.7657401515572277, 0.049376449938955354, 0.6791345898513907, 0.07881792805665125, -0.46623694285507455, 0.029600175610260793, -0.42950437985414147, -0.0168857893450185], [0.6564267915234038, 0.49383740399888837, 0.2762200411809629, -0.409368502585552, -0.17926173526137978, 0.08883219194760604, 0.4249770701553421, 0.15203542510544865, -0.7758641137052169, -0.49355786239056315, -0.782152249216374, 0.07393522797520898, -0.06722709515575798], [0.13881539040098456, -0.305514860496574, -0.546404048840986, 0.17005479624549863, -0.3382582144981928, -0.05216362879492362, 0.25106284053753875, 0.2529541524658788, -0.30829710816753086, 0.1840515545351195, 0.3678671434718897, 0.35584306751254763, -0.05689073478260617]], "inverted": true, "swapped": true, "error_lsq": 0.044214211974396456, "error_max": 0.23401133971044547, "target": "790.xyz", "model": "2.xyz", "model_rescale": 3.932901565614263, "target_rescale": 4.129958104253919},
{"mapping": [9, 1, 10, 2, 8, 13, 5, 14, 11, 15, 4, 0, 6, 16], "R": [[-0.08635784417240155, -0.8932389144662977, -0.44121034035136353], [0.4600206463255142, 0.35707477786366437, -0.8129444064435597], [0.8836986634052085, -0.2731699923064127, 0.3800721347312417]], "T": [-0.02684414547846511, -0.00135430854127358, -0.008591536810561028], "aligned_model": [[-0.2840420474226981, 0.4360523962347523, 0.18090874234907792, -0.05413494315690762, -0.3092467527979482, -0.2568637877525089, 0.3159739958560794, -0.6163722961713195, -0.24979483469544148, -0.2698385656358803, 0.6609790545142415, 0.5685735238393028, 0.2713968850277975, 0.026218541864156193], [-0.01645548164689173, 0.32823166638768475, -0.34881438068825144, 0.48818110222574573, -0.6596336024434325, -0.5235927984211958, -0.778655413963376, -0.10015486053300568, 0.42203195996477694, -0.31727252909155246, -0.006620239357785912, 0.5982885349072865, -0.3444900010392752, -0.07754731795023909], [-0.6442674001579596, -0.4971668644169433, -0.5751758826527519, -0.16938494626237957, -0.42623016584437945, 0.24447465601345902, 0.03842332453210913, 0.08092547312116465, 0.5169832785355167, 0.7797845638555914, 0.1784595390893639, 0.21901088759535342, 0.473382868258345, -0.005322968609391996]], "inverted": false, "swapped": true, "error_lsq": 0.04019109627343158, "error_max": 0.22202265376197036, "target": "790.xyz", "model": "3.xyz", "model_rescale": 3.9243930471874484, "target_rescale": 4.129958104253919},
{"mapping": [14, 6, 8, 9, 10, 11, 2, 5, 3, 4, 1, 0, 16], "R": [[0.9775310873067184, -0.16109469528212517, -0.13594657958515952], [0.16921368159351713, 0.9842914651866368, 0.050369053220323826], [0.12569687072681116, -0.07224133659272404, 0.9894349326644901]], "T": [-0.057979439261209006, -0.22543769690355744, -0.15171329923362392], "aligned_model": [[-0.014532350802124512, -0.33377688786944176, 0.6642329005298939, 0.5245890941733178, 0.5769612230360881, -0.6941595300987285, -0.16313024220065064, 0.25154713565350734, 0.27798797148047044, -0.29764878339260453, 0.13935554089141355, -0.6254040147876946, -0.028816170302093574], [-0.7181313480040489, 0.229318744568799, -0.27032920611961686, -0.5188729537602706, 0.04304031199991912, -0.5414334699691222, -0.45666501107704704, 0.3951824639893716, 0.5556444837768837, 0.42542622716060785, 0.02164190275008615, 0.10991951718295609, -0.14691210881693095], [-0.49910875296038176, -0.5468354185405979, -0.5565576823194942, 0.060353349067142126, -0.053339018106977804, -0.17648005385604215, 0.2974208281461657, -0.6446185629713561, 0.13365161928596564, 0.012759638681139718, 0.527710391101627, 0.4240136275980529, -0.19189964975427878]], "inverted": true, "swapped": true, "error_lsq": 0.04333981203299026, "error_max": 0.20043010173871015, "target": "790.xyz", "model": "4.xyz", "model_rescale": 3.8936222436046832, "target_rescale": 4.129958104253919},
{"mapping": [3, 4, 1, 10, 2, 11, 15, 14, 8, 5, 9, 16], "R": [[0.8162525038638785, -0.00935030459184133, -0.5776196168240733], [0.16251849478990138, -0.955770991857157, 0.24513169924677547], [-0.5543641301411684, -0.29396323397395563, -0.7786308677957737]], "T": [-0.19905203439579994, 0.038128888041023754, 0.046335636457857925], "aligned_model": [[0.040259268229895534, -0.4215097477463301, -0.3192727787346838, 0.3391277729258149, -0.5247535485489054, -0.7775294543820983, -0.28391504992345695, -0.047425488341412025, 0.6200934554865949, 0.36544595040290423, 0.18382037979016547, -0.14679271694339144], [-0.4769031512543167, -0.5606235379436894, 0.09626949343188894, 0.006389602585389939, 0.3661727317273757, 0.13676984369569314, -0.3237757668044501, 0.3788045229514692, 0.14602403394363012, -0.5981300997326875, 0.5357318590352421, -0.03780662652573835], [-0.6478320015904376, -0.27008921657863255, -0.6910737590484649, -0.39441678592972856, -0.18290220259529427, 0.4473663898189877, 0.8477161801458059, 0.5220117730364189, 0.11607937996507867, 0.06750659158365807, -0.2298212159816191, 0.034739586449745924]], "inverted": true, "swapped": true, "error_lsq": 0.03324217403365983, "error_max": 0.1708376009357262, "target": "790.xyz", "model": "5.xyz", "model_rescale": 3.6523030999806103, "target_rescale": 4.129958104253919},
{"mapping": [12, 9, 8, 14, 13, 2, 10, 11, 1, 4, 5, 15, 16], "R": [[-0.45571725423401177, -0.3197765563155457, -0.8307013532096741], [0.6935707417025636, 0.45738665432255765, -0.55655824017058], [0.5579259901165825, -0.8297833467108073, 0.01334867311170751]], "T": [0.03249333498020279, -0.1194839438180606, -0.03418743954380386], "aligned_model": [[0.10702078130873388, -0.1855135002740793, 0.19558779022148465, 0.5313761130522084, 0.5348225953022868, -0.22217706666427373, -0.3466056406924208, 0.36953364056735566, -0.7117834967034445, -0.32324334236794106, 0.09831723029469708, 0.809103732444149, 0.024644068175538193], [-0.5787552085630302, 0.013026306456366044, 0.5483977139857518, -0.183268456188419, 0.24749497502795753, -0.5387504599099999, 0.40825962932022386, -0.7102566862250843, -0.18935738896883425, -0.012957904350773652, 0.6705745918462093, -0.09624739269720206, -0.037332815569981886], [0.5203888094764106, 0.6025045289863185, 0.4293200314868094, 0.30102263537214746, -0.08592100158296709, 0.12582131511127298, 0.21616885206016923, -0.2405444795169263, 0.018497220722019314, -0.6426446761476652, -0.3430667181223776, -0.45457278615778696, -0.07686399220563553]], "inverted": true, "swapped": true, "error_lsq": 0.0423495381321722, "error_max": 0.2377362552000841, "target": "790.xyz", "model": "6.xyz", "model_rescale": 4.08911054899281, "target_rescale": 4.129958104253919},
{"mapping": [0, 2, 1, 7, 6, 5, 4, 3, 15, 11, 13, 14, 8, 9, 16], "R": [[-0.7314699774255132, 0.17032731758074776, -0.6602577352904443], [-0.659116249396498, -0.42469116417714214, 0.6206473917220285], [-0.1746924208619615, 0.8891715357317793, 0.4229143390070578]], "T": [0.07873944287334785, -0.11464844948866204, 0.08094015731863563], "aligned_model": [[0.14094256400449062, 0.3527944882125261, 0.7196025747687679, -0.5086601753767345, -0.4054239899397328, -0.09921022073401893, 0.03998474199007156, 0.5059070861978147, -0.7970346330720897, -0.3519095621352965, -0.34301114913602826, -0.15083198163988432, 0.2439322330789187, 0.6227532074276145, 0.06649835615313587], [-0.6457078910490859, -0.5516723747621448, -0.2430204442574162, -0.36336090329789383, 0.15188009339139596, 0.6759443447735624, -0.04099591813122386, 0.33603210292988933, -0.032790697355796705, -0.6782370906222208, 0.29068080901051796, -0.13625709469059843, 0.567325640460986, 0.0046210829672433534, -0.033682843198101595], [-0.6118825079294075, 0.0931117397382846, -0.2856946079204184, -0.34461150387714296, -0.28448760440990745, -0.1783446948965241, -0.6270075577387546, -0.566216280451247, 0.16283376343369935, 0.12677798861723732, 0.29892915804718206, 0.6396425039217499, 0.522672619974327, 0.4812980122926403, 0.03704900328036288]], "inverted": false, "swapped": true, "error_lsq": 0.03871424604942675, "error_max": 0.20991926693004995, "target": "790.xyz", "model": "7.xyz", "model_rescale": 3.964800864290218, "target_rescale": 4.129958104253919},
{"mapping": [9, 8, 14, 1, 11, 3, 2, 13, 5, 6, 4, 7, 15, 16], "R": [[-0.18480688115717753, -0.20609969909339837, -0.9609210845384586], [-0.8907520719668944, -0.3779747456708646, 0.25238034377052787], [-0.4152194154463895, 0.9025840712469149, -0.11373140009558824]], "T": [-0.0454749869355691, 0.056024764151213165, -0.06284876677587196], "aligned_model": [[-0.17576270470156707, 0.34335169749492916, 0.42618765779783363, -0.7702443172394782, 0.07825871354942444, -0.5455046796835507, -0.4091455772021929, 0.5426976174940947, 0.24672253538759176, 0.20964458581384926, -0.3830832241917267, 0.052537420098949114, 0.675136737082287, -0.029608572239570415], [-0.2510853473202828, -0.5975612091323029, 0.21330900525327612, -0.12443880717879116, 0.7501481036080543, -0.5788771399617022, 0.3368584303338868, -0.1170636410076823, -0.6031698768348435, -0.008324932976799586, -0.04648417689679812, 0.496574126895372, 0.3563427057423304, -0.015278774342515004], [-0.6621576182601748, -0.3932183641425772, -0.4065263797569391, -0.12407205661932305, 0.027009953966405528, 0.3260811617495975, -0.2976260660818827, 0.05453081190952315, 0.38883111649217217, 0.5452320362139391, 0.5565292959716682, 0.5570707760679184, 0.3505703469227414, -0.005439975708046829]], "inverted": true, "swapped": true, "error_lsq": 0.044314671587129616, "error_max": 0.22564020871979176, "target": "790.xyz", "model": "8.xyz", "model_rescale": 4.121658175737393, "target_rescale": 4.129958104253919},
{"mapping": [14, 6, 5, 8, 11, 2, 4, 1, 3, 0, 9, 10, 16], "R": [[-0.6422779302787465, -0.7636814773893398, -0.06534264586994577], [-0.7422087909209883, 0.5984019184966838, 0.30173043369718733], [-0.1913247787309693, 0.24229268464384876, -0.9511514516687771]], "T": [-0.22160824559204892, 0.000691591050080119, -0.08455215373652597], "aligned_model": [[-0.6569206491878558, -0.0012785388601791736, 0.4234342792021928, 0.06127058161668167, -0.8122612577341678, -0.4329392918836828, 0.23649270594314573, 0.15094457385051022, 0.6453435547399938, -0.16144243952689694, -0.16698632444493985, 0.3340314810970684, -0.14295117837667343], [0.3302763561447834, -0.39094038282889, 0.05062456395245587, 0.711003578930505, -0.3930497224575793, -0.05214984711038822, -0.5442877627737241, -0.05735248011989389, -0.12945198572509564, -0.742751739430943, 0.6095009526289603, 0.4041798277593252, -0.005213919557805861], [-0.34377267470937417, -0.5714488165430769, -0.6371447008539881, -0.40539687451713385, -0.12044959086748183, 0.383199059882762, -0.04908933406255586, 0.5630906926479813, 0.10479893842791685, 0.3732345808617382, 0.22662338582315178, 0.03107363081258338, -0.13364286294343425]], "inverted": false, "swapped": true, "error_lsq": 0.04476763952260453, "error_max": 0.2313330031486318, "target": "790.xyz", "model": "9.xyz", "model_rescale": 3.833441315466971, "target_rescale": 4.129958104253919},
{"mapping": [10, 3, 13, 15, 6, 5, 4, 11, 12, 14, 9, 2, 1, 8, 16], "R": [[0.18362037798450948, -0.4095410686810891, 0.8936216592341402], [-0.9260562468781327, -0.3769787055989321, 0.01751808045822767], [0.3297019630011522, -0.8307605964346801, -0.4484790374194559]], "T": [0.012130634122249774, 0.11473625330209059, 0.05607596131525765], "aligned_model": [[0.0952159579825338, 0.06569462262172995, -0.565034759143058, -0.7315439859922248, -0.5409500204124892, -0.6142283329243206, -0.07634806675437569, 0.013390150657974526, 0.4681818326227891, -0.14681535984816016, 0.3789950908516007, 0.4954807086375858, 0.5923116475675233, -0.2629225529086083, -0.04758191466396785], [-0.571517054311241, -0.6018277521966953, 0.08794911381749383, 0.591243252727284, 0.13709313041175256, -0.4389836444822687, -0.03702714165913401, 0.8217875360565498, 0.41981259410324423, 0.36248477442081434, -0.23927166102671343, 0.2933527185290794, -0.23137426967478175, -0.4441714890441484, 0.051551431623742816], [0.14010459833433464, -0.48063954613560506, 0.2923959394582828, 0.07270801775006296, -0.30805465056786113, -0.1020391957810697, -0.6347611981600552, -0.016510028250471362, 0.5282888174337956, 0.5839728507591793, 0.5149348463958342, 0.029372209299199634, -0.2682748849421604, 0.6033170103165294, 0.02330712191209669]], "inverted": true, "swapped": true, "error_lsq": 0.04259074046780023, "error_max": 0.28481035948562855, "target": "790.xyz", "model": "10.xyz", "model_rescale": 4.2482417240324, "target_rescale": 4.129958104253919},
{"mapping": [5, 4, 1, 0, 8, 9, 10, 2, 7, 14, 13, 16], "R": [[-0.3879869131588117, -0.336755318367415, 0.8579405636573885], [0.3532201269626707, -0.9141156742119936, -0.19906801869820073], [0.8512941307949746, 0.22580608873813263, 0.47361367501669027]], "T": [0.05952299957880963, 0.11379882030638618, -0.14653688419972508], "aligned_model": [[-0.7031893160914071, 0.07062755910361565, 0.4450675388004121, 0.6660934392027678, -0.5773255545910378, 0.08091262085049936, -0.23481332187829784, 0.5580776461422221, 0.1472266301900195, -0.07170417821987471, -0.4899287922573437, -0.01427866888856899], [-0.2102542415389701, -0.578209485443486, -0.052475850682335054, -0.5159134452828045, 0.5622535600200188, 0.6475785553722859, 0.206995283166578, 0.21684497667356994, -0.4522733500485728, 0.5852302603761715, 0.19067342442566926, 0.06568170301251414], [0.04631336946666095, 0.02410245183344703, 0.47419986838514183, -0.10870345227433112, 0.1377466913767876, 0.28367735077044975, 0.47763307203970884, -0.062459654203246256, -0.6563023044411115, -0.5012904743451174, -0.43267950210892125, -0.11704512664511213]], "inverted": true, "swapped": true, "error_lsq": 0.04499436816261838, "error_max": 0.22312510035732647, "target": "790.xyz", "model": "11.xyz", "model_rescale": 3.6694154284099745, "target_rescale": 4.129958104253919},
{"mapping": [1, 10, 5, 8, 9, 0, 2, 7, 13, 15, 6, 14, 4, 16], "R": [[-0.32023539813636365, 0.8877812732003791, 0.3305959780988853], [-0.3855661201108882, -0.44090419539238007, 0.8105197452918926], [0.8653254051529292, 0.1320905047310818, 0.4834915115664465]], "T": [0.12889918031140907, -0.07165789041911966, -0.016889895627633204], "aligned_model": [[-0.13018699354528152, 0.20056718256797867, -0.12527406396054147, 0.6184358799706724, 0.6189351806649519, -0.5640633140769251, 0.16956438843259966, -0.39828668369436754, 0.28904129978820675, 0.06637741338278472, -0.3015877757180647, 0.6400760207487048, -0.5721229384354309, 0.08678925413052224], [-0.40987482337477044, 0.23832906423546615, 0.7287145540384292, 0.5261917407080667, -0.13032750881740846, -0.6061592120962381, -0.5741255745183317, -0.12145360518223894, 0.45351817140226813, 0.29457934002790775, 0.3323582630639257, -0.006605261191474782, -0.0021896483114321186, 0.008031788152085176], [-0.6334039949992417, -0.6363084701691286, -0.15375331570357398, -0.31761323045587314, -0.493214578664995, -0.019704629511754883, -0.12696620479693102, 0.5377143453680083, 0.28014407507881917, 0.7845767637534503, 0.2838443247369415, 0.29899723268157524, -0.12578774609792343, -0.03942911156695772]], "inverted": false, "swapped": true, "error_lsq": 0.03880637775287921, "error_max": 0.2401956689727323, "target": "790.xyz", "model": "12.xyz", "model_rescale": 3.9764082729961374, "target_rescale": 4.129958104253919},
{"mapping": [5, 4, 3, 9, 8, 13, 14, 10, 1, 6, 0, 2, 7, 11, 12, 16], "R": [[-0.5927441535378704, -0.2708437700766288, -0.7584840279513814], [0.6350241504809637, -0.7364218374201983, -0.23329639019193935], [-0.4953773276529762, -0.6199407468309672, 0.6085020736744111]], "T": [-0.001651397825027337, 0.06644343832496398, 0.08046939662548197], "aligned_model": [[0.010004078814645975, -0.2940801702687714, -0.6932655565301884, -0.3056496813627272, 0.030112233196811763, 0.45864287871289955, 0.4589329595771304, -0.46436862910985843, -0.7343399200241228, 0.25169746138818544, -0.3556852070808044, -0.22422326916138002, 0.33386920992994484, 0.4215669808336079, 0.05934045015713939, -0.013713505263118764], [-0.03713052760372486, -0.543945084135335, -0.19381986438804022, 0.6795374628561037, 0.6911869362766168, 0.17260820953059813, 0.4439029486007959, 0.37751459012058314, -0.0032956801017405557, -0.39368813569185696, -0.6384030327364297, 0.08690749098076056, -0.61977811187394, -0.22288727036730305, 0.5032964935477162, 0.04345769232843921], [-0.7639642994997193, -0.1431996762627213, -0.427791834945592, 0.12698143943682197, -0.4637654050675521, -0.3276271537589414, 0.18393268682589486, -0.336705731448013, 0.22157204984073248, -0.32336526386469033, 0.45961068739512473, 0.5455362855722601, 0.1476729557647543, 0.5727759816729019, 0.6544717080113285, -0.008737486819891033]], "inverted": true, "swapped": true, "error_lsq": 0.040473669493400075, "error_max": 0.31694242449757376, "target": "790.xyz", "model": "13.xyz", "model_rescale": 4.170626492500431, "target_rescale": 4.129958104253919},
{"mapping": [10, 9, 1, 2, 3, 7, 0, 8, 5, 14, 13, 11, 6, 16], "R": [[-0.6233569454736626, -0.3896577034893901, 0.6779328821064219], [0.5021117673849326, -0.86409544995042, -0.03496893519340566], [0.5994246337808655, 0.3185999489741888, 0.7342916184529956]], "T": [-0.10314725597019735, -0.03873207195002849, 0.13515637625759533], "aligned_model": [[0.3634907868042073, 0.0038871922198093767, -0.2863391182870693, -0.5542072263091602, 0.2896525958593071, -0.3379708885896505, -0.6703173590329121, 0.588972631798689, 0.6827422015713498, -0.08392581197023234, 0.33618597060643624, -0.6378697169533221, 0.17274398002431446, -0.023862215650123628], [-0.24472053388167708, -0.6529811239328084, -0.0361937885302625, -0.1902522933200662, 0.3213895665277264, 0.6169214351416079, 0.526431119149197, -0.49481205202756506, 0.28582244312967575, -0.4127734253368395, -0.01552397796772785, 0.12488817309622487, 0.5212147723865075, 0.0066641534916730485], [-0.3388955994551913, -0.15068333140223686, -0.5915074198983498, -0.06442005579210527, -0.5862431612259618, 0.45604070549241504, -0.21812148301000248, 0.15674337673640318, 0.10395043175987559, 0.6095421756313152, 0.5780246122983589, 0.5738956312132244, 0.3572660345438165, 0.11828118422930509]], "inverted": false, "swapped": true, "error_lsq": 0.04267787891899202, "error_max": 0.3163419580890565, "target": "790.xyz", "model": "14.xyz", "model_rescale": 3.9786697098870705, "target_rescale": 4.129958104253919},
{"mapping": [4, 5, 1, 0, 10, 9, 15, 14, 2, 7, 8, 16], "R": [[0.14948943372626067, 0.38365459963596105, -0.9112969095648094], [-0.8070706208661587, 0.5797931876851132, 0.11169992143528368], [0.5712179287617953, 0.7187830045932541, 0.39630931123174373]], "T": [0.08869487896010711, 0.020438322244393577, 0.07886862649386028], "aligned_model": [[0.05599238492855113, -0.6461648274991104, 0.5780734835653129, 0.6113640043626615, -0.04978197636089807, 0.265265885837644, -0.4731810988497517, -0.06078504449192004, 0.6021210458468546, -0.0032418402709512573, -0.41430125006800245, 0.017993829766946412], [-0.4754876437525071, 0.009158542440841307, 0.1111921436550162, -0.6174195152536469, 0.47547858445781793, 0.6793019495328799, -0.43177373585442025, 0.26469377512698605, 0.042480663868199854, -0.7288116347306544, 0.675098075318384, 0.010763285415542192], [-0.4321152994813583, -0.3498336735883997, -0.48137979983114265, -0.21413473308343073, -0.42972758406578726, 0.006868559808802743, 0.5889540374547209, 0.6111404657097069, 0.12525755715216635, 0.21363714721200547, 0.0019245705164596671, 0.01937524607008692]], "inverted": false, "swapped": true, "error_lsq": 0.04219033932475491, "error_max": 0.24229602129596953, "target": "790.xyz", "model": "15.xyz", "model_rescale": 3.769337070930944, "target_rescale": 4.129958104253919},
{"mapping": [14, 9, 15, 13, 11, 2, 7, 1, 6, 5, 16], "R": [[0.6111202727580392, -0.2542524005944719, -0.749591708209268], [0.6606406140720522, -0.35778513001479173, 0.6599574075490027], [-0.4359885219391009, -0.8985240773247243, -0.0506802841853847]], "T": [0.009059440221514005, -0.10862766652938372, -0.021089441029190338], "aligned_model": [[-0.3386432303968629, -0.3392590443231981, -0.11040476947112288, -0.4426119203836854, 0.40564739659425864, 0.33457206138836393, 0.4719338003380095, 0.3478336553365094, 0.04172730581353051, -0.42415656443755373, -0.02401255976707834], [0.027325553788761753, -0.6885068652798889, 0.7472378201863492, 0.3221055290059725, 0.23522128160318523, -0.43417289681943066, 0.5013330269941659, -0.6961905884825317, 0.4558614773734335, 0.20549357998524598, -0.07964342072992062], [-0.4964186525555793, -0.13456612417197783, -0.20441990128120324, -0.008986946768376483, -0.5003364779903821, -0.25412605414478473, 0.01996773434435143, 0.297670371156583, 0.3242711818834003, 0.6404114429467075, 0.06075103380503843]], "inverted": false, "swapped": true, "error_lsq": 0.04512298068226865, "error_max": 0.2405451419117722, "target": "790.xyz", "model": "16.xyz", "model_rescale": 3.7852294659196426, "target_rescale": 4.129958104253919},
{"mapping": [14, 5, 10, 8, 15, 6, 0, 4, 9, 12, 11, 1, 16], "R": [[-0.6017503103536463, 0.5603591915000665, -0.5691169831332417], [0.7447125766722975, 0.13616240794778478, -0.6533475161106598], [-0.28861694706894503, -0.8169806455254941, -0.499242308605099]], "T": [0.02292977132841439, 0.12340408580698103, -0.03246639487890578], "aligned_model": [[0.02054481629110452, -0.3871193766353647, 0.3583833231106564, 0.20099652398202356, -0.7614507660331492, -0.6027195437834219, -0.06832720121113989, -0.28348602449714094, 0.6407261863437411, 0.5003844332118632, -0.2432647424933002, 0.49899751125346903, -0.01989928932305828], [0.005305128197526654, -0.5409342277070933, -0.3869150036484288, -0.6682561549041289, 0.10089436694686871, 0.017012050365226558, 0.8222063675454272, 0.25862231874793873, -0.15368689036272715, 0.38139000563049696, 0.6869180848457236, 0.29272370422598093, 0.059775873820062705], [-0.6252270825103938, 0.3058322677803171, 0.30212727903703995, -0.20296912429705932, -0.4382101213493017, 0.15788278998852973, 0.4864210112415196, 0.5967728116394159, -0.14206014449844334, -0.5115483939903346, -0.37420354885320073, 0.5209740696398233, 0.01996288331526204]], "inverted": false, "swapped": true, "error_lsq": 0.04245701086967234, "error_max": 0.24446162084918047, "target": "790.xyz", "model": "17.xyz", "model_rescale": 3.901054581598922, "target_rescale": 4.129958104253919},
{"mapping": [0, 1, 11, 7, 9, 14, 3, 4, 12, 13, 8, 5, 6, 15, 16], "R": [[-0.17235954201343623, -0.9848237312580117, -0.02035697983410617], [0.7816481222608671, -0.14931844076657957, 0.6055825428569568], [-0.5994317319286484, 0.08846593467592573, 0.7955220783604537]], "T": [-0.07173885459844828, -0.039113316579493324, -0.030158573074075913], "aligned_model": [[0.24256354095591584, 0.1566903195802288, -0.3913615551177042, 0.17920158865866023, -0.3671436307599202, -0.5537090644543727, 0.7029906501416563, 0.5723089864517378, -0.758612968551689, -0.03558214769316587, -0.0996269266709181, 0.5652476970828514, 0.39245282621204813, -0.07446923041700282, 0.008136125670709121], [-0.05165741401442789, -0.6634805312962188, 0.43244239711459775, 0.5710445784281932, -0.5958530960374407, 0.1840365932869528, -0.49068264712519094, 0.0032844073557151965, -0.23085687027179877, 0.3477271676080288, -0.2614312238254751, 0.08170241019028027, 0.42819931452244797, 0.8267588610767772, -0.032476597185335576], [-0.8468306333275523, -0.3759788551810366, -0.455209589898057, -0.42096114425849557, 0.24046929989219487, 0.25833253448100507, -0.013546981508659801, -0.3326836148716083, -0.15456762440243982, 0.45844321410410604, 0.7681533267597309, 0.5208254347227226, 0.04149427867624366, 0.14489971268680082, 0.016827046977021677]], "inverted": false, "swapped": true, "error_lsq": 0.03455392467751607, "error_max": 0.19137718725688233, "target": "790.xyz", "model": "18.xyz", "model_rescale": 3.9405287249114394, "target_rescale": 4.129958104253919},
{"mapping": [9, 1, 3, 0, 12, 5, 10, 14, 8, 13, 4, 6, 2, 11, 7, 16], "R": [[-0.05153096401822105, 0.9874243622174184, -0.14945798288106793], [-0.2380967216193823, -0.15748858982099737, -0.9583878626267637], [-0.9698734509725769, -0.013801194720691523, 0.2432180423464229]], "T": [-0.004611064266178466, 0.043733817960730864, -0.027672205834485035], "aligned_model": [[-0.4430756487586678, 0.04085518021144287, 0.6138991552050204, 0.29325639908998963, -0.7177936754164462, 0.6411988006596507, 0.1096798317636476, -0.40527493300815987, -0.09273080510107529, 0.13806792579594268, 0.6256045722010137, 0.5713185785726973, -0.30706521506731377, -0.1806910616440741, 0.40592869975271617, 0.07398729371500182], [-0.13472930830558014, -0.6885368432313421, -0.4483130714005049, -0.550830951509054, -0.029433840102269154, 0.34525195350324356, -0.1657163615109438, 0.49625998519302716, 0.39040422120291285, 0.6329414460642292, -0.25534092500671923, 0.3362352652023898, -0.32606761714367194, 0.19368904242131174, 0.19532774898520164, 0.06121138461540568], [-0.5240212061812419, -0.18037608042854159, -0.45161981799699596, 0.5412428259667766, 0.07260893805851756, -0.49237438574008163, -0.68187079838454, -0.030283116610514964, -0.7757092561558631, -0.1765401032263918, 0.11895364162119357, 0.1197628400198377, 0.16729602699791357, 0.6444149119473119, 0.6019838866338536, -0.07402454984635581]], "inverted": true, "swapped": true, "error_lsq": 0.04583207663212398, "error_max": 0.3188023818395179, "target": "790.xyz", "model": "19.xyz", "model_rescale": 4.410303926677745, "target_rescale": 4.129958104253919},
{"mapping": [9, 8, 14, 1, 11, 3, 2, 13, 5, 6, 4, 7, 15, 16], "R": [[-0.18480688115717753, -0.20609969909339837, -0.9609210845384586], [-0.8907520719668944, -0.3779747456708646, 0.25238034377052787], [-0.4152194154463895, 0.9025840712469149, -0.11373140009558824]], "T": [-0.0454749869355691, 0.056024764151213165, -0.06284876677587196], "aligned_model": [[-0.17576270470156707, 0.34335169749492916, 0.42618765779783363, -0.7702443172394782, 0.07825871354942444, -0.5455046796835507, -0.4091455772021929, 0.5426976174940947, 0.24672253538759176, 0.20964458581384926, -0.3830832241917267, 0.052537420098949114, 0.675136737082287, -0.029608572239570415], [-0.2510853473202828, -0.5975612091323029, 0.21330900525327612, -0.12443880717879116, 0.7501481036080543, -0.5788771399617022, 0.3368584303338868, -0.1170636410076823, -0.6031698768348435, -0.008324932976799586, -0.04648417689679812, 0.496574126895372, 0.3563427057423304, -0.015278774342515004], [-0.6621576182601748, -0.3932183641425772, -0.4065263797569391, -0.12407205661932305, 0.027009953966405528, 0.3260811617495975, -0.2976260660818827, 0.05453081190952315, 0.38883111649217217, 0.5452320362139391, 0.5565292959716682, 0.5570707760679184, 0.3505703469227414, -0.005439975708046829]], "inverted": true, "swapped": true, "error_lsq": 0.044314671587129616, "error_max": 0.22564020871979176, "target": "790.xyz", "model": "20.xyz", "model_rescale": 4.121658175737393, "target_rescale": 4.129958104253919},
{"mapping": [12, 9, 8, 14, 13, 2, 10, 11, 1, 4, 5, 15, 16], "R": [[-0.45571725423401177, -0.3197765563155457, -0.8307013532096741], [0.6935707417025636, 0.45738665432255765, -0.55655824017058], [0.5579259901165825, -0.8297833467108073, 0.01334867311170751]], "T": [0.03249333498020279, -0.1194839438180606, -0.03418743954380386], "aligned_model": [[0.10702078130873388, -0.1855135002740793, 0.19558779022148465, 0.5313761130522084, 0.5348225953022868, -0.22217706666427373, -0.3466056406924208, 0.36953364056735566, -0.7117834967034445, -0.32324334236794106, 0.09831723029469708, 0.809103732444149, 0.024644068175538193], [-0.5787552085630302, 0.013026306456366044, 0.5483977139857518, -0.183268456188419, 0.24749497502795753, -0.5387504599099999, 0.40825962932022386, -0.7102566862250843, -0.18935738896883425, -0.012957904350773652, 0.6705745918462093, -0.09624739269720206, -0.037332815569981886], [0.5203888094764106, 0.6025045289863185, 0.4293200314868094, 0.30102263537214746, -0.08592100158296709, 0.12582131511127298, 0.21616885206016923, -0.2405444795169263, 0.018497220722019314, -0.6426446761476652, -0.3430667181223776, -0.45457278615778696, -0.07686399220563553]], "inverted": true, "swapped": true, "error_lsq": 0.0423495381321722, "error_max": 0.2377362552000841, "target": "790.xyz", "model": "21.xyz", "model_rescale": 4.08911054899281, "target_rescale": 4.129958104253919},
{"mapping": [11, 1, 8, 2, 15, 3, 14, 9, 13, 0, 4, 5, 6, 12, 7, 9, 16], "R": [[0.1045584527680988, -0.9827598228447761, -0.15248167285561132], [0.08429929784786436, -0.14401228195907076, 0.98597874775641], [-0.9909395331386768, -0.1159465102840335, 0.06778826163766255]], "T": [0.00054882167652078, -0.06534956429713223, -0.0015917098196242194], "aligned_model": [[0.4335044525021619, -0.2550940743573882, 0.2251829204250418, -0.4721430832337343, 0.10802930521624113, -0.46721101567441664, 0.09062397877780405, 0.6168902686398535, -0.3885376634048695, -0.6024374039566534, -0.684669623000339, 0.6723431117066968, -0.008788468241170655, 0.13719076827891544, -0.14552468630838017, 0.6168902686398535, -0.04117577749341371], [-0.2908041481918772, -0.15434824085534893, 0.23857470476946274, -0.5501285278164247, -0.738039910723761, -0.5633653847400324, -0.5652358216168054, -0.21029311570918927, 0.00765688344497939, 0.3888311896571019, -0.16619215596900372, 0.13175526521200992, 0.6538228583510308, -0.0721659603863566, 0.5022239949056246, -0.21029311570918927, -0.04724576131977514], [-0.5911785843306382, -0.7477313258060168, -0.5829105366365861, -0.2522020626279782, -0.26128895927880413, 0.5345610673292844, 0.39061076564830594, 0.32500008312950096, 0.5275696377326377, -0.17539289685094686, 0.07964030755828261, -0.0886041917701561, -0.19721371796475518, 0.723840589714349, 0.4012965788763039, 0.32500008312950096, 0.012442554474428574]], "inverted": true, "swapped": false, "error_lsq": 0.04419732185982179, "error_max": 0.35569896980965887, "target": "790.xyz", "model": "22.xyz", "model_rescale": 4.204369325754507, "target_rescale": 4.129958104253919},
{"mapping": [9, 1, 3, 0, 12, 5, 10, 14, 8, 13, 4, 6, 2, 11, 7, 16], "R": [[-0.05153096401822105, 0.9874243622174184, -0.14945798288106793], [-0.2380967216193823, -0.15748858982099737, -0.9583878626267637], [-0.9698734509725769, -0.013801194720691523, 0.2432180423464229]], "T": [-0.004611064266178466, 0.043733817960730864, -0.027672205834485035], "aligned_model": [[-0.4430756487586678, 0.04085518021144287, 0.6138991552050204, 0.29325639908998963, -0.7177936754164462, 0.6411988006596507, 0.1096798317636476, -0.40527493300815987, -0.09273080510107529, 0.13806792579594268, 0.6256045722010137, 0.5713185785726973, -0.30706521506731377, -0.1806910616440741, 0.40592869975271617, 0.07398729371500182], [-0.13472930830558014, -0.6885368432313421, -0.4483130714005049, -0.550830951509054, -0.029433840102269154, 0.34525195350324356, -0.1657163615109438, 0.49625998519302716, 0.39040422120291285, 0.6329414460642292, -0.25534092500671923, 0.3362352652023898, -0.32606761714367194, 0.19368904242131174, 0.19532774898520164, 0.06121138461540568], [-0.5240212061812419, -0.18037608042854159, -0.45161981799699596, 0.5412428259667766, 0.07260893805851756, -0.49237438574008163, -0.68187079838454, -0.030283116610514964, -0.7757092561558631, -0.1765401032263918, 0.11895364162119357, 0.1197628400198377, 0.16729602699791357, 0.6444149119473119, 0.6019838866338536, -0.07402454984635581]], "inverted": true, "swapped": true, "error_lsq": 0.04583207663212398, "error_max": 0.3188023818395179, "target": "790.xyz", "model": "23.xyz", "model_rescale": 4.410303926677745, "target_rescale": 4.129958104253919},
{"mapping": [3, 10, 1, 8, 4, 15, 5, 2, 14, 11, 9, 0, 7, 6, 13, 12, 16], "R": [[0.6228837119745099, -0.02650712674335859, 0.781865240043748], [-0.5614224657833873, -0.7111572780922717, 0.42315498429073606], [0.5448125331437939, -0.70253305833121, -0.457849981632892]], "T": [-0.0836285409011893, -0.04162359584024926, 0.04530939187208609], "aligned_model": [[0.4333297586326179, -0.357004109231466, 0.12841236929600675, -0.41192824150988466, 0.12261177674627559, -0.4655066122439031, 0.23317932045182826, 0.6791277774896068, -0.5967623753677566, -0.5135352613059916, -0.6746734820011419, 0.6571674626315039, 0.16872195391753808, -0.05506474034759455, -0.04958848150219215, 0.5482563367987734, -0.011670173938017891], [-0.2893857695107393, -0.23348701460121485, 0.3937005531165377, -0.743057976645362, -0.6479700945249847, -0.46100152991177984, -0.4757306062003627, -0.4875851361233082, 0.14644030417983356, 0.3637688727410637, -0.23456286434809837, 0.07088923727584305, 0.5700791120037086, -0.066423090452168, 0.4222037370966294, 0.07868318781604501, -0.05180816860919724], [-0.6479575166669339, -0.5134733686503442, -0.6631162480564327, -0.23021879771882142, -0.20706578103639456, 0.4784438720006178, 0.37209053571160466, -0.1831967448543917, 0.44465338825804596, -0.18175589560950844, -0.031243203748140783, -0.049284236984977595, -0.018486545799609885, 0.8045637524948785, 0.5724641162234019, 0.5274127147439355, -0.050390647980217154]], "inverted": true, "swapped": false, "error_lsq": 0.041141027879763745, "error_max": 0.2668613955222428, "target": "790.xyz", "model": "24.xyz", "model_rescale": 4.28219845311461, "target_rescale": 4.129958104253919},
{"mapping": [1, 9, 4, 12, 2, 8, 3, 11, 10, 14, 5, 13, 15, 7, 6, 16], "R": [[-0.9593580566539266, -0.20130088965335674, 0.19776266320508645], [-0.14243734068746072, 0.9504149046299084, 0.276447306073339], [-0.24360567134425587, 0.23704316248752932, -0.9404609593209199]], "T": [0.0027821749109919816, -0.029553084044298527, -0.08290981616126114], "aligned_model": [[-0.20689516328610166, -0.41846241792149697, 0.012820318235080196, 0.22360778751657617, 0.22211304400273985, -0.6910567324949086, -0.5586303406434148, 0.7044079857408764, -0.674435280889498, 0.10383823602405437, -0.5474906258448101, -0.12723899335378294, 0.3982457703620207, 0.5579442830833753, 0.06508455994814225, -0.05553166435784124], [0.26099297610096883, -0.4536265489577516, 0.6825195966332559, -0.627480121192347, -0.12484578235636547, -0.3850591084197578, 0.635696471478504, -0.11668454287505964, 0.027780676310163666, -0.5647306944602097, 0.3504352247212545, -0.15344115804454297, -0.02589601764493039, 0.40512260240368664, 0.40835567791722444, 0.025972124100139323], [-0.7411076395595583, -0.41932815514091626, -0.11402769819357653, -0.4260694844189862, -0.5401378753043586, 0.19941610022785722, -0.2989089528129155, -0.009963540264568138, -0.23455724466968766, 0.17917963883865362, 0.44315140998587077, 0.5149453628059846, 0.7070159125899647, 0.21849106938356644, 0.4103887464770817, -0.036561629366665654]], "inverted": true, "swapped": true, "error_lsq": 0.044195220662469684, "error_max": 0.27227522926599235, "target": "790.xyz", "model": "25.xyz", "model_rescale": 4.100010024507729, "target_rescale": 4.129958104253919},
{"mapping": [5, 4, 1, 0, 8, 9, 10, 2, 7, 14, 13, 16], "R": [[-0.3879869131588117, -0.336755318367415, 0.8579405636573885], [0.3532201269626707, -0.9141156742119936, -0.19906801869820073], [0.8512941307949746, 0.22580608873813263, 0.47361367501669027]], "T": [0.05952299957880963, 0.11379882030638618, -0.14653688419972508], "aligned_model": [[-0.7031893160914071, 0.07062755910361565, 0.4450675388004121, 0.6660934392027678, -0.5773255545910378, 0.08091262085049936, -0.23481332187829784, 0.5580776461422221, 0.1472266301900195, -0.07170417821987471, -0.4899287922573437, -0.01427866888856899], [-0.2102542415389701, -0.578209485443486, -0.052475850682335054, -0.5159134452828045, 0.5622535600200188, 0.6475785553722859, 0.206995283166578, 0.21684497667356994, -0.4522733500485728, 0.5852302603761715, 0.19067342442566926, 0.06568170301251414], [0.04631336946666095, 0.02410245183344703, 0.47419986838514183, -0.10870345227433112, 0.1377466913767876, 0.28367735077044975, 0.47763307203970884, -0.062459654203246256, -0.6563023044411115, -0.5012904743451174, -0.43267950210892125, -0.11704512664511213]], "inverted": true, "swapped": true, "error_lsq": 0.04499436816261838, "error_max": 0.22312510035732647, "target": "790.xyz", "model": "26.xyz", "model_rescale": 3.6694154284099745, "target_rescale": 4.129958104253919},
