[{"mapping": [4, 1, 2, 8, 3, 7, 0, 10, 9, 6, 11], "R": [[0.13445760062264522, 0.9904906360421231, 0.0291453863874144], [-0.953831247710738, 0.121397586957261, 0.27471544691103716], [0.2685648981631402, -0.06473736010855474, 0.9610837474855131]], "T": [0.07557400711099127, -0.031064607341101648, 0.01320640074918349], "aligned_model": [[0.4487221864186954, -0.5667092520965363, -0.19943540061820347, 0.31642922299678977, 0.7273244531623677, -0.5210490889315482, -0.2812776109377249, 0.17647795648139186, 0.47735963501069073, -0.08925592427073073, 0.02410938672166376], [-0.05914182657045789, -0.32136151281743097, -0.6605842231355927, -0.6012540224431314, 0.15814805160080314, 0.3709394251272868, 0.03655883366085252, 0.615845298419633, 0.003283558197441548, -0.3039817106322494, -0.008204966197382181], [-0.7025593240401701, 0.08448389461350216, -0.40729939537830945, 0.15454389251064213, -0.10277825580025578, 0.6288661680019916, -0.4876682212118116, 0.1951055838011082, 0.4678985352372854, 0.6639765874563053, -0.02755001645185524]], "inverted": false, "swapped": false, "error_lsq": 0.043170339376495545, "error_max": 0.20968089447134217, "target": "791.xyz", "model": "0.xyz", "model_rescale": 3.751011558992144, "target_rescale": 3.683979017678138},
{"mapping": [11, 5, 10, 4, 6, 2, 9, 3, 1, 8, 14], "R": [[-0.7142026890147738, 0.664482329255413, 0.21994943307807666], [-0.4718258540940206, -0.689164907555558, 0.5499382634463499], [0.5170056889556576, 0.28898955742593907, 0.805723372682117]], "T": [0.06477653455650426, 0.03039095375617268, 0.06228342768521059], "aligned_model": [[0.36348928980515016, -0.5390466644157288, 0.008224697172384235, 0.2846513876173221, 0.7600457433741766, -0.4925328180905594, -0.33461744060854814, -0.04929425469875716, 0.6203155368939615, -0.16684849462337878, 0.05830858151083332], [0.0344226658810472, -0.12918436562768743, -0.647941973108177, -0.6980194644543865, -0.0964999625787667, 0.33905188228814864, -0.03109643317999622, 0.7736695070000688, -0.03587992013483357, -0.3327417957575834, 0.05446676488193824], [-0.6776391520998507, 0.06667760816607293, -0.39501306054642416, 0.27826324513029077, -0.19114342150774252, 0.5894198603456723, -0.4581907553286189, 0.1961891289795065, 0.4778193919427718, 0.567162328242434, 0.01347427541432037]], "inverted": true, "swapped": false, "error_lsq": 0.048977095896513737, "error_max": 0.23891874794890824, "target": "791.xyz", "model": "1.xyz", "model_rescale": 3.9405287249114394, "target_rescale": 3.683979017678138},
{"mapping": [10, 6, 3, 4, 8, 0, 11, 5, 2, 1, 12], "R": [[-0.08131171921347718, -0.6959759060688069, -0.7134465239177021], [-0.9964453809134667, 0.04094842638358348, 0.0736194894910645], [-0.022022878439599047, 0.7168966205447003, -0.6968315637776629]], "T": [0.022578312884429512, -0.13603932505416333, 0.04096960196025874], "aligned_model": [[0.2654426313572393, -0.5132609290100727, -0.004777876250170406, 0.4421534072442161, 0.7141105418790474, -0.5446736733325106, -0.2515630818832994, 0.04434958025516632, 0.3008190808091906, -0.022002329809213246, 0.08209821267726214], [-0.11408913872465323, -0.1450145570736848, -0.5473766898439603, -0.6800851896425042, -0.22734838515713257, 0.26623626448734117, 0.37568091127550823, 0.5768125643118598, 0.23141255241135772, -0.38875870716479416, -0.11722271966956516], [-0.7665093336443847, -0.049315753693605205, -0.355076973347127, 0.1812071122779741, -0.29687000778763634, 0.5092959011020542, -0.37207178149022796, 0.18041305329847035, 0.5426974368800624, 0.7902170994942237, 0.10303269564862906]], "inverted": false, "swapped": false, "error_lsq": 0.050048892533062155, "error_max": 0.2639260952031048, "target": "791.xyz", "model": "2.xyz", "model_rescale": 3.932901565614263, "target_rescale": 3.683979017678138},
{"mapping": [11, 6, 9, 7, 3, 2, 10, 1, 0, 4, 13], "R": [[-0.5129024624089993, 0.8490957369311558, -0.12636254817042442], [0.7036484788224777, 0.33151472427447365, -0.6284718019450302], [-0.49174168249762845, -0.41125954957247807, -0.7674996420714763]], "T": [0.11621449889944743, -0.13704800026589398, -0.038341089922993406], "aligned_model": [[0.36489404816862514, -0.5527004658648327, 0.029091932633477563, 0.3425019206925017, 0.6131760072446414, -0.28037739233884684, -0.32196929745463265, 0.06201283877701351, 0.3619297519565754, -0.11683633509976427, 0.010972555222097682], [0.17070440728588637, -0.04538120039256947, -0.7909134381065299, -0.7569155762031574, -0.021188341632667418, 0.2472980538971959, 0.20101202259299072, 0.5926814551585655, 0.1406589594317798, -0.34291670851266376, -0.16479272830905786], [-0.8390630365366666, 0.06578493178697245, -0.3618570663964134, 0.23424052792211297, -0.02127425641818343, 0.585512126492211, -0.4931551418811632, 0.07709600479983614, 0.5197388220014129, 0.7780728910173464, -0.07807635404903257]], "inverted": false, "swapped": false, "error_lsq": 0.04592611180820922, "error_max": 0.2425690980120222, "target": "791.xyz", "model": "3.xyz", "model_rescale": 3.9243930471874484, "target_rescale": 3.683979017678138},
{"mapping": [11, 3, 10, 8, 9, 0, 6, 5, 1, 7, 12], "R": [[0.6026371843004042, -0.7938153829101009, 0.08176528574994732], [0.7320302545442523, 0.5906942221657924, 0.3394289945361574], [-0.3177422391347392, -0.14469787059676975, 0.9370711796413348]], "T": [0.03847885990476194, -0.17735779663107934, 0.033542302337512236], "aligned_model": [[0.39657106715828316, -0.633775162333549, -0.09320525354667769, 0.38257169149149883, 0.7366427882024296, -0.37662164541219806, -0.33012410021675614, -0.021463562644800822, 0.33771542285401174, 0.09333441325472, 0.021049905129894533], [0.03131399225970111, -0.15447284707856004, -0.6482444287512804, -0.698920894996148, -0.1755087492500194, 0.3797381063951064, 0.21148558193127973, 0.5776406731563684, 0.2006136315534318, -0.42951154337091446, -0.06388661663919237], [-0.6405201109544177, 0.011088370987633975, -0.47444666749738007, 0.11040859267780787, -0.06770542368449003, 0.5241114398478481, -0.45065724276200037, 0.036247181703611936, 0.5605673291179919, 0.7927050748599201, 0.06522090444190656]], "inverted": true, "swapped": false, "error_lsq": 0.044644948047286144, "error_max": 0.21403261095732226, "target": "791.xyz", "model": "4.xyz", "model_rescale": 3.8936222436046832, "target_rescale": 3.683979017678138},
{"mapping": [5, 9, 1, 2, 4, 8, 6, 7, 10, 3, 11], "R": [[-0.5892392410255016, 0.7429884004893421, -0.3174355896461203], [0.23760736600693105, 0.5348636318671042, 0.8108413130355283], [0.7722304425849447, 0.4023544855525041, -0.4917021573074911]], "T": [-0.020349343545463687, -0.07974227924987198, 0.11867204218002672], "aligned_model": [[0.305696286694857, -0.6291485990763285, -0.06432148834639402, 0.4584220974722911, 0.7388591079348746, -0.39575565351614395, -0.3422112618258585, 0.0857592951221332, 0.4264246528056148, -0.14284521220220617, 0.07181633887401598], [0.08298509671668405, -0.18194198269039996, -0.6490024987257823, -0.6213045196894114, -0.14163703095759497, 0.27780223267211784, 0.23863613909330655, 0.5510352437299029, 0.11624702188773756, -0.35184827456769696, -0.09072452225909097], [-0.6054722149670522, 0.08777494032579797, -0.4444602869974881, 0.30480831462581204, -0.10581886146356623, 0.6450700387182807, -0.5368039042908381, 0.015675922390666036, 0.5204786990551244, 0.6098289639426286, -0.024062162600932357]], "inverted": false, "swapped": false, "error_lsq": 0.03921226514284418, "error_max": 0.16897032159499695, "target": "791.xyz", "model": "5.xyz", "model_rescale": 3.6523030999806103, "target_rescale": 3.683979017678138},
{"mapping": [11, 8, 7, 3, 4, 6, 9, 10, 2, 1, 12], "R": [[0.9361165386047522, 0.28251980831495377, 0.20944780748515818], [-0.16901470999083468, 0.8836617022602659, -0.43655013889037286], [-0.3084150676561898, 0.37326204450515943, 0.8749603374864809]], "T": [-0.04568861512693471, -0.13807042076399256, 0.08155307223570152], "aligned_model": [[0.413064389123193, -0.7145579590184992, 0.04699106684011558, 0.4435028859131353, 0.4916160782756847, -0.29408719120463983, -0.35505664549243016, 0.08149236431652593, 0.4618779175496582, -0.028236150895077285, -0.033911191470810204], [-0.0592344952792625, -0.0624753312050358, -0.5769506863637663, -0.6312761102402578, 0.05761876592142648, 0.3059868682855074, 0.17045874496724028, 0.6217609295996894, 0.044157185842240876, -0.39887675772761433, -0.24092220859039526], [-0.6653736852749846, 0.10609458610775757, -0.43382314832044955, 0.07257943716484117, 0.03528201660873413, 0.4861957955320523, -0.4944365551549358, -0.04154997053456891, 0.6157636566556878, 0.7250205011591057, 0.06126681479519305]], "inverted": false, "swapped": false, "error_lsq": 0.04865152095686753, "error_max": 0.25855199468528667, "target": "791.xyz", "model": "6.xyz", "model_rescale": 4.08911054899281, "target_rescale": 3.683979017678138},
{"mapping": [9, 13, 11, 10, 8, 7, 1, 6, 4, 5, 14], "R": [[0.9826396413011573, 0.09857129394701025, 0.15717199290313977], [-0.18496142996415232, 0.45455019776689654, 0.8713055647335733], [0.014443156481479383, -0.8852501441511814, 0.46489093076888927]], "T": [0.008828052028723332, -0.015540724530721077, 0.044893670973556336], "aligned_model": [[0.3851310477917797, -0.688361846471522, -0.057687410577614937, 0.30140193749997046, 0.6628689483196963, -0.4773238612536939, -0.291405025550014, 0.0063136548882623544, 0.5392545948241578, 0.08084610756856912, 0.05165741689726468], [0.0346461278677272, -0.21582807330056641, -0.4843582592602333, -0.6602054659552328, -0.1779950478580118, 0.23039737298317112, 0.1887661362461904, 0.46041834927148867, 0.1208374129240089, -0.2326686598228653, -0.03376298788590409], [-0.6409887118982274, -0.05362407211664661, -0.30197355913266744, 0.1793659402572569, -0.059930334369477596, 0.5948570642467296, -0.5923385195366835, 0.1952253187588382, 0.4886257703586656, 0.771646785157017, -0.11384623298637186]], "inverted": true, "swapped": false, "error_lsq": 0.04696609615578233, "error_max": 0.2776057782776838, "target": "791.xyz", "model": "7.xyz", "model_rescale": 3.964800864290218, "target_rescale": 3.683979017678138},
{"mapping": [11, 3, 10, 8, 12, 0, 6, 4, 7, 1, 13], "R": [[-0.8512133239196271, -0.12478774364428795, -0.5097684731501819], [-0.23673070183622275, -0.7755981176530451, 0.5851547955038761], [-0.4683956148277113, 0.6187694069111862, 0.6306583616197835]], "T": [0.010188173215042721, -0.06787772114785814, 0.07798384369738166], "aligned_model": [[0.2636703690811558, -0.7041324831175647, -0.08131630230550069, 0.4133660670220466, 0.7462616848999766, -0.5428272227220932, -0.2964675497589337, 0.16426130724171212, 0.5212939799358324, -0.01107537163562456, 0.03966108529584923], [0.1258101932770135, -0.1615876187050404, -0.6813670449304752, -0.705684090324986, 0.061102586409206905, 0.20485345170141475, 0.2526910861137558, 0.5713862971816313, -0.05924476571192197, -0.23789262725989246, -0.13982056254093406], [-0.6871077146656142, -0.005245662721810582, -0.46089628543310457, 0.22532088177579063, -0.032627199814847005, 0.44260837898744726, -0.2957857786058664, -0.17240860677642234, 0.5735133497597804, 0.8085744845712535, 0.07107360166182586]], "inverted": true, "swapped": false, "error_lsq": 0.04604757961658781, "error_max": 0.26720891647552925, "target": "791.xyz", "model": "8.xyz", "model_rescale": 4.121658175737393, "target_rescale": 3.683979017678138},
{"mapping": [0, 11, 3, 2, 1, 7, 5, 9, 6, 8, 12], "R": [[0.20422483397389601, 0.5986589551005129, 0.7745319055186154], [0.517852486947919, 0.6053662468035472, -0.6044505844093814], [-0.8307352279458181, 0.5245370937397557, -0.18638620748558815]], "T": [-0.0061449122688906135, -0.03711996301149342, -0.0013971428169860176], "aligned_model": [[0.34765281646932084, -0.5392666950763261, -0.18435630948116513, 0.36399986515139837, 0.6710866733566143, -0.4994500801947355, -0.22019974921619165, 0.11229837979763455, 0.3877892073556716, -0.007358014042771047, 0.0804994698174056], [-0.11375215712521455, -0.3476022495050829, -0.7525702889070939, -0.6232700162942958, -0.09616868790703767, 0.2735160428826394, 0.3596746370909244, 0.737622971449121, 0.1635261771886523, -0.3313770628994277, -0.039352460763412075], [-0.6998088531192104, 0.14831587940699537, -0.282565278546393, 0.040643428586584006, -0.114544583057169, 0.3382588499948584, -0.4238335029764818, 0.27955550284193514, 0.5322123453973614, 0.6649095622948026, -0.016123902084849893]], "inverted": true, "swapped": false, "error_lsq": 0.04789682393548469, "error_max": 0.21846887558046782, "target": "791.xyz", "model": "9.xyz", "model_rescale": 3.833441315466971, "target_rescale": 3.683979017678138},
{"mapping": [3, 12, 6, 5, 2, 10, 7, 8, 13, 0, 14], "R": [[0.8871487833941051, 0.0666913911938935, -0.4566391293603542], [-0.36080696110592003, -0.516695185045741, -0.7764305651943764], [-0.28772447400224826, 0.8535680078887509, -0.43432278661032625]], "T": [-0.05651580291716798, -0.13021816204007508, -0.010893802019230521], "aligned_model": [[0.45941941284828236, -0.6227190733410213, -0.3080433592344199, 0.46176692014480847, 0.6327862765821477, -0.3766907621062304, -0.19811775626736902, -0.005448910262463878, 0.5078055081335883, -0.03817347041367035, 0.0001107778532038195], [-0.04246966271839171, -0.31728913525093166, -0.6768713709569462, -0.5190482060499461, 0.07349995601694317, 0.34804353762147394, 0.20909230415380942, 0.6361368451774969, -0.07326060337075896, -0.32635970407747816, -0.08122705533549855], [-0.7040264760055913, 0.07535215356158811, -0.32574888874783137, 0.1830892315629752, -0.014332770012743752, 0.5760541391689115, -0.5665297179934522, 0.12196528786131991, 0.5494488037310746, 0.641037955167967, -0.06929026955578516]], "inverted": true, "swapped": false, "error_lsq": 0.04667474339352682, "error_max": 0.23315755487327908, "target": "791.xyz", "model": "10.xyz", "model_rescale": 4.2482417240324, "target_rescale": 3.683979017678138},
{"mapping": [3, 10, 7, 5, 2, 0, 8, 1, 6, 4, 11], "R": [[-0.5278117139462567, 0.0001929404514487143, -0.8493613820954526], [0.278267967015517, 0.944848757756105, -0.1727071611132455], [0.8024847245612632, -0.32750692777516566, -0.49875593139842084]], "T": [0.03952626238577833, -0.0673386262859487, 0.02650054028019007], "aligned_model": [[0.24405851253737806, -0.6003750189926957, 0.11878241004481202, 0.3309775304052839, 0.7423064661770087, -0.34018693878285217, -0.3330250343076687, 0.07229287252624417, 0.40918422163352713, -0.11848321634986675, -0.012836240954314931], [0.06433859651708573, -0.10155003293393369, -0.5652804533783555, -0.7067274846145676, 0.11067074721293538, 0.412415436443482, 0.11537277475295901, 0.6325641496876082, -0.04375655834305274, -0.5173541228524918, -0.17044614728189647], [-0.7473853001992368, 0.09251790375258108, -0.4255267228195891, 0.2918761543380339, -0.12239517654997632, 0.473147380733281, -0.42591509187374516, -0.06410303140776075, 0.5587401643023995, 0.7602298075933478, 0.07583336086909737]], "inverted": true, "swapped": false, "error_lsq": 0.0486991373914204, "error_max": 0.2361523357745616, "target": "791.xyz", "model": "11.xyz", "model_rescale": 3.6694154284099745, "target_rescale": 3.683979017678138},
{"mapping": [3, 11, 4, 0, 1, 7, 8, 10, 12, 5, 13], "R": [[0.4167444489406198, -0.34838225522704225, 0.8396153098414174], [0.4254840783653945, -0.7414604906062259, -0.5188445238484511], [0.80329780488604, 0.5734685214664315, -0.16076844078479746]], "T": [-0.028821190034911272, -0.03809248747434622, 0.10498527556614176], "aligned_model": [[0.23004037136121155, -0.6572495262383583, 0.01870561883176649, 0.34350194520798466, 0.7204975680351066, -0.44525478682234493, -0.21517045575382623, -0.010233323613243452, 0.4906255810665379, -0.013743662735884978, 0.05097623459790656], [-0.10934546151396003, -0.20002868044000327, -0.5808267365252473, -0.6296654165292952, -0.17574082180263345, 0.24510353038735477, 0.3389082366875367, 0.5741719371599854, 0.19638711532717235, -0.29894230517603715, -0.1297744923651003], [-0.7130383220918919, -0.2469850989988652, -0.3958733742507473, 0.25383021836806224, -0.2638613442673823, 0.6513810967466304, -0.5240952093151864, 0.27325753370016564, 0.47507022274558275, 0.8641300794423349, 0.09320364665972979]], "inverted": true, "swapped": false, "error_lsq": 0.055477803180964846, "error_max": 0.2939211003784874, "target": "791.xyz", "model": "12.xyz", "model_rescale": 3.9764082729961374, "target_rescale": 3.683979017678138},
{"mapping": [6, 0, 5, 12, 13, 2, 4, 3, 10, 1, 15], "R": [[0.2862332234769665, -0.16415083408563058, 0.9439941977824742], [-0.6637824176425147, 0.6765274268520998, 0.3189099288914271], [-0.6909872964148063, -0.7178893677899602, 0.08468418865105903]], "T": [0.08736836301097234, -0.0349841608441552, 0.0401301812686126], "aligned_model": [[0.3749714941487046, -0.6248227874423025, -0.19673493192422575, 0.4050908814419682, 0.6701258548610387, -0.4652333605399685, -0.35128570628570194, 0.10880100050002828, 0.5147220586387726, 0.016213281241777497, 0.060847779296764354], [-0.038504499311413566, -0.17434225425003433, -0.6180596043829336, -0.5403181584459575, -0.15157357617444636, 0.11058864910432167, 0.08465142860356689, 0.8064331964390377, -0.03281559496974681, -0.2630436314753695, 0.04723095007274788], [-0.6676345055278395, 0.01842717409033353, -0.49103104734633346, 0.26574819273470807, -0.10575045525474416, 0.5966366107358324, -0.5158677099200075, 0.04108946560697889, 0.7209466140267938, 0.6285589453979888, -0.024103835805278397]], "inverted": false, "swapped": false, "error_lsq": 0.045499201936264555, "error_max": 0.2061899062634658, "target": "791.xyz", "model": "13.xyz", "model_rescale": 4.170626492500431, "target_rescale": 3.683979017678138},
{"mapping": [1, 8, 10, 11, 3, 4, 0, 2, 6, 5, 13], "R": [[0.9356235747042173, 0.34481717406486045, -0.07556217921438256], [0.05298687996773721, 0.07444605530664786, 0.9958163361787978], [0.34899988110168084, -0.9357130443245963, 0.05138269817564459]], "T": [-0.007211181738561376, -0.08096578216656908, -0.046838939455252214], "aligned_model": [[0.26059552727928403, -0.7404122738276062, -0.2118283004610912, 0.44923724083637046, 0.6655791588782314, -0.48680745902089606, -0.15145222895759064, 0.09709044607482249, 0.49123062680367396, 0.09333707815313873, 0.046125748178518694], [-0.050558560242188, -0.1925659826052305, -0.5848828027429378, -0.5623539625320448, 0.058607929547310034, 0.22140270756367258, 0.3253705997363045, 0.5574288654644162, 0.02703744579010188, -0.4404107842383202, -0.1288285505313111], [-0.7666788087006414, -0.08579849061291435, -0.19693149781160443, 0.1972510203227329, -0.10468304893093475, 0.3793345437979878, -0.45908118809932613, 0.0736003047632876, 0.6220260194700699, 0.7825639579803773, 0.025416636559398374]], "inverted": true, "swapped": false, "error_lsq": 0.04359097963390406, "error_max": 0.19511812115376007, "target": "791.xyz", "model": "14.xyz", "model_rescale": 3.9786697098870705, "target_rescale": 3.683979017678138},
{"mapping": [6, 8, 9, 0, 1, 5, 7, 10, 4, 2, 11], "R": [[-0.7900273505297482, -0.19328621342758395, -0.5818051435951502], [-0.4193785186372352, 0.8626073685583615, 0.2828960689271904], [0.44718949397384666, 0.4674922110662872, -0.7625434997898608]], "T": [0.03583051646195527, -0.12212401623610049, 0.008779772996397497], "aligned_model": [[0.23995828656890822, -0.45171750705579944, -0.07405630296244034, 0.4611194601688087, 0.6665888272355195, -0.5209576844519912, -0.27971017172958484, 0.3443389362906467, 0.21890372044912365, -0.1516952935201989, 0.05992329294386388], [-0.09090243863551832, -0.2481063762589023, -0.5999631186468231, -0.6191165908306759, 0.05387018027806352, 0.23898035926549477, 0.34635829178008426, 0.6504560748169063, 0.1340593192806524, -0.483843276626853, -0.15154551921265633], [-0.755885354603397, 0.14535757408065397, -0.3746376851002963, 0.24528195319207297, -0.16966374096742165, 0.46072016402884486, -0.33449039256148255, 0.025013882156395273, 0.5339169271537959, 0.7754874510066919, -0.08408132964742489]], "inverted": false, "swapped": false, "error_lsq": 0.051949608889607896, "error_max": 0.29206495873939564, "target": "791.xyz", "model": "15.xyz", "model_rescale": 3.769337070930944, "target_rescale": 3.683979017678138},
{"mapping": [4, 7, 6, 8, 2, 1, 5, 0, 3, 9, 10], "R": [[-0.2987808152285325, 0.9183368084030401, -0.2595910837904333], [-0.4829873983215615, -0.3801190334266953, -0.7888172750956489], [-0.8230754506811286, -0.11030424633201175, 0.5571173805646203]], "T": [-0.011291732792684583, -0.07111943709233122, 0.05559856165636344], "aligned_model": [[0.22230610254911298, -0.6909195989992056, 0.17586534157997127, 0.2679260153662475, 0.7242899538061295, -0.5156074066707965, -0.4551606256594651, 0.2238792682215593, 0.4421759152497897, 0.06872804286340012, 0.04921255563011241], [0.15050386307184782, -0.2903551616127206, -0.4925721613099939, -0.755511395287135, -0.12100786228749243, 0.45879955650287146, 0.13249153826497173, 0.5223228562011323, 0.048014697936325235, -0.36532421087479866, -0.05711481539523586], [-0.654575845574317, 0.08992293423343158, -0.5090754684364234, 0.17863842681383707, 0.0012240676588319288, 0.3811442692126508, -0.40437306592259087, -0.044356225294566023, 0.5651253899652318, 0.8091369279655016, 0.05420803811684507]], "inverted": false, "swapped": false, "error_lsq": 0.05837856809318149, "error_max": 0.3476802560644578, "target": "791.xyz", "model": "16.xyz", "model_rescale": 3.7852294659196426, "target_rescale": 3.683979017678138},
{"mapping": [6, 9, 11, 2, 7, 0, 10, 4, 1, 3, 12], "R": [[-0.5094896184200023, -0.27326527902994546, 0.8159328501775907], [-0.8595214591130118, 0.20629156083986472, -0.4676180634347775], [-0.04053628061970743, -0.9395583426285663, -0.3399807799723124]], "T": [0.05482135452247896, -0.09384311037700852, 0.11731951246164213], "aligned_model": [[0.3330205712979354, -0.752024147607736, 0.007996839429426382, 0.3972055174458155, 0.615446716789371, -0.46273099079354696, -0.28447758148392954, 0.039346663550052195, 0.6056677699700409, 0.01813366612457059, -0.004889460785143955], [0.10932962034207366, -0.22053581134731445, -0.6480136376913972, -0.5700308375715292, -0.28015382080492196, 0.19774276590598014, 0.30150819998220046, 0.6023555425594841, 0.039937771974141806, -0.20243911904645873, -0.09945376909248617], [-0.7004330620862211, -0.16589609573277114, -0.3608379572862081, 0.290828458855976, -0.2600589812808916, 0.45327248885697663, -0.4973581662459187, 0.24714499023205222, 0.5083758464507351, 0.9043114384581155, 0.047670488516587575]], "inverted": false, "swapped": false, "error_lsq": 0.05254552061922, "error_max": 0.2764812405516615, "target": "791.xyz", "model": "17.xyz", "model_rescale": 3.901054581598922, "target_rescale": 3.683979017678138},
{"mapping": [11, 5, 10, 4, 6, 2, 9, 3, 1, 8, 14], "R": [[-0.7142026890147738, 0.664482329255413, 0.21994943307807666], [-0.4718258540940206, -0.689164907555558, 0.5499382634463499], [0.5170056889556576, 0.28898955742593907, 0.805723372682117]], "T": [0.06477653455650426, 0.03039095375617268, 0.06228342768521059], "aligned_model": [[0.36348928980515016, -0.5390466644157288, 0.008224697172384235, 0.2846513876173221, 0.7600457433741766, -0.4925328180905594, -0.33461744060854814, -0.04929425469875716, 0.6203155368939615, -0.16684849462337878, 0.05830858151083332], [0.0344226658810472, -0.12918436562768743, -0.647941973108177, -0.6980194644543865, -0.0964999625787667, 0.33905188228814864, -0.03109643317999622, 0.7736695070000688, -0.03587992013483357, -0.3327417957575834, 0.05446676488193824], [-0.6776391520998507, 0.06667760816607293, -0.39501306054642416, 0.27826324513029077, -0.19114342150774252, 0.5894198603456723, -0.4581907553286189, 0.1961891289795065, 0.4778193919427718, 0.567162328242434, 0.01347427541432037]], "inverted": true, "swapped": false, "error_lsq": 0.048977095896513737, "error_max": 0.23891874794890824, "target": "791.xyz", "model": "18.xyz", "model_rescale": 3.9405287249114394, "target_rescale": 3.683979017678138},
{"mapping": [13, 5, 7, 0, 12, 2, 11, 10, 1, 6, 15], "R": [[0.6272544101152988, 0.567421795060861, -0.5334645362916066], [-0.7683023934525121, 0.3386700470929284, -0.54315194137296], [-0.1275277899363508, 0.7505565306437512, 0.6483838038553755]], "T": [0.18929923499401788, -0.1162427201564532, -0.061211152384657], "aligned_model": [[0.22814463412886538, -0.6124772167442885, 0.02181740617917588, 0.3501519808091882, 0.7281409552645086, -0.32465500814474324, -0.2712483608371029, -0.041828693916783455, 0.41324962231034634, -0.14545709267206933, 0.1668573375597592], [-0.0019245459083600813, -0.17891126897314635, -0.6794569747689528, -0.6238299620382983, -0.031450278997017356, 0.27744704625838557, 0.2910055114792266, 0.6261498198391137, -0.04572568608133101, -0.3132534955045098, -0.08980326009533726], [-0.7220834814880959, 0.1497149417478817, -0.4489805288953159, 0.37370935069429956, -0.1121906053785317, 0.5186032030714145, -0.4370541936979192, 0.054275790526048494, 0.5555489273104811, 0.5770743723427121, -0.04159832749454215]], "inverted": true, "swapped": false, "error_lsq": 0.045282422723967757, "error_max": 0.19924519292048312, "target": "791.xyz", "model": "19.xyz", "model_rescale": 4.410303926677745, "target_rescale": 3.683979017678138},
{"mapping": [11, 3, 10, 8, 12, 0, 6, 4, 7, 1, 13], "R": [[-0.8512133239196271, -0.12478774364428795, -0.5097684731501819], [-0.23673070183622275, -0.7755981176530451, 0.5851547955038761], [-0.4683956148277113, 0.6187694069111862, 0.6306583616197835]], "T": [0.010188173215042721, -0.06787772114785814, 0.07798384369738166], "aligned_model": [[0.2636703690811558, -0.7041324831175647, -0.08131630230550069, 0.4133660670220466, 0.7462616848999766, -0.5428272227220932, -0.2964675497589337, 0.16426130724171212, 0.5212939799358324, -0.01107537163562456, 0.03966108529584923], [0.1258101932770135, -0.1615876187050404, -0.6813670449304752, -0.705684090324986, 0.061102586409206905, 0.20485345170141475, 0.2526910861137558, 0.5713862971816313, -0.05924476571192197, -0.23789262725989246, -0.13982056254093406], [-0.6871077146656142, -0.005245662721810582, -0.46089628543310457, 0.22532088177579063, -0.032627199814847005, 0.44260837898744726, -0.2957857786058664, -0.17240860677642234, 0.5735133497597804, 0.8085744845712535, 0.07107360166182586]], "inverted": true, "swapped": false, "error_lsq": 0.04604757961658781, "error_max": 0.26720891647552925, "target": "791.xyz", "model": "20.xyz", "model_rescale": 4.121658175737393, "target_rescale": 3.683979017678138},
{"mapping": [11, 8, 7, 3, 4, 6, 9, 10, 2, 1, 12], "R": [[0.9361165386047522, 0.28251980831495377, 0.20944780748515818], [-0.16901470999083468, 0.8836617022602659, -0.43655013889037286], [-0.3084150676561898, 0.37326204450515943, 0.8749603374864809]], "T": [-0.04568861512693471, -0.13807042076399256, 0.08155307223570152], "aligned_model": [[0.413064389123193, -0.7145579590184992, 0.04699106684011558, 0.4435028859131353, 0.4916160782756847, -0.29408719120463983, -0.35505664549243016, 0.08149236431652593, 0.4618779175496582, -0.028236150895077285, -0.033911191470810204], [-0.0592344952792625, -0.0624753312050358, -0.5769506863637663, -0.6312761102402578, 0.05761876592142648, 0.3059868682855074, 0.17045874496724028, 0.6217609295996894, 0.044157185842240876, -0.39887675772761433, -0.24092220859039526], [-0.6653736852749846, 0.10609458610775757, -0.43382314832044955, 0.07257943716484117, 0.03528201660873413, 0.4861957955320523, -0.4944365551549358, -0.04154997053456891, 0.6157636566556878, 0.7250205011591057, 0.06126681479519305]], "inverted": false, "swapped": false, "error_lsq": 0.04865152095686753, "error_max": 0.25855199468528667, "target": "791.xyz", "model": "21.xyz", "model_rescale": 4.08911054899281, "target_rescale": 3.683979017678138},
{"mapping": [12, 6, 5, 11, 14, 0, 7, 4, 2, 1, 16], "R": [[-0.278569440595133, -0.0037491936782469426, -0.960408772509538], [-0.6029258322900878, 0.7790710805810089, 0.17183914617933835], [0.7475824419579553, 0.6269243933275385, -0.2192858808201712]], "T": [0.1129557540488576, -0.11872245032765644, -0.018000736236319828], "aligned_model": [[0.28943968460545744, -0.6270390321286222, -0.015316980811623054, 0.2593853355073935, 0.6915898017003002, -0.4372479597776334, -0.37004029950918454, 0.1450188938028374, 0.4729661920149637, 0.010625076048011856, 0.09331485248495539], [0.1407615855736158, -0.20761691508614238, -0.7369054582937147, -0.796160093258172, 0.004537942794049371, 0.3095057482278066, 0.21880101815217462, 0.5085546653800077, 0.15225560342964323, -0.2878311105879103, -0.07565608112158592], [-0.6862005292636489, -0.026344543330020134, -0.33284185188295384, 0.30685253506177346, -0.2666211302772234, 0.31960240568145626, -0.4162329655725891, 0.284963883886805, 0.5461067077055335, 0.7507183767242651, -0.012983439994965248]], "inverted": true, "swapped": false, "error_lsq": 0.04612853368007849, "error_max": 0.27357328440510503, "target": "791.xyz", "model": "22.xyz", "model_rescale": 4.204369325754507, "target_rescale": 3.683979017678138},
{"mapping": [13, 5, 7, 0, 12, 2, 11, 10, 1, 6, 15], "R": [[0.6272544101152988, 0.567421795060861, -0.5334645362916066], [-0.7683023934525121, 0.3386700470929284, -0.54315194137296], [-0.1275277899363508, 0.7505565306437512, 0.6483838038553755]], "T": [0.18929923499401788, -0.1162427201564532, -0.061211152384657], "aligned_model": [[0.22814463412886538, -0.6124772167442885, 0.02181740617917588, 0.3501519808091882, 0.7281409552645086, -0.32465500814474324, -0.2712483608371029, -0.041828693916783455, 0.41324962231034634, -0.14545709267206933, 0.1668573375597592], [-0.0019245459083600813, -0.17891126897314635, -0.6794569747689528, -0.6238299620382983, -0.031450278997017356, 0.27744704625838557, 0.2910055114792266, 0.6261498198391137, -0.04572568608133101, -0.3132534955045098, -0.08980326009533726], [-0.7220834814880959, 0.1497149417478817, -0.4489805288953159, 0.37370935069429956, -0.1121906053785317, 0.5186032030714145, -0.4370541936979192, 0.054275790526048494, 0.5555489273104811, 0.5770743723427121, -0.04159832749454215]], "inverted": true, "swapped": false, "error_lsq": 0.045282422723967757, "error_max": 0.19924519292048312, "target": "791.xyz", "model": "23.xyz", "model_rescale": 4.410303926677745, "target_rescale": 3.683979017678138},
{"mapping": [15, 0, 13, 11, 9, 3, 5, 4, 10, 1, 16], "R": [[0.5993569634495971, -0.21175639749103925, 0.7719653220748297], [-0.5154805323690678, -0.8399035796948682, 0.169828730090786], [0.6124141173364483, -0.49972112716730666, -0.6125583596275996]], "T": [0.059858717547772014, -0.16596877216808123, -0.06991534856585288], "aligned_model": [[0.4413105484210572, -0.6722952234435293, -0.10311320519467505, 0.45285537410118165, 0.6770564429357264, -0.3287050822210909, -0.23012591890173634, -0.026671784121166248, 0.42355385607606155, -0.1234234170821457, 0.0022539733671723614], [0.0723731289856995, -0.12892503121039378, -0.726944874642689, -0.5733891395294267, -0.06143968670404032, 0.3178293046174835, 0.2271171987582051, 0.5079160328134397, 0.10189294090889586, -0.3840757151091626, -0.12210725367823896], [-0.6239928067903951, 0.11164505194299548, -0.4609813131794527, 0.21342853932966968, -0.09359279978786364, 0.5813976169444562, -0.4661404910191277, 0.040882281765710876, 0.39887020491672875, 0.7395118378670801, 0.02599132674863061]], "inverted": false, "swapped": false, "error_lsq": 0.04401723706899784, "error_max": 0.23022233939534714, "target": "791.xyz", "model": "24.xyz", "model_rescale": 4.28219845311461, "target_rescale": 3.683979017678138},
{"mapping": [0, 13, 4, 3, 1, 12, 2, 10, 5, 9, 15], "R": [[0.7724979040873337, 0.4575539603992027, 0.4403309681406495], [0.6347236544901846, -0.577442176108379, -0.5135040561493593], [0.019309857878851977, 0.6761692883991588, -0.7364931926463909]], "T": [-0.008592713373999132, -0.017367717976251668, 0.061277528188916214], "aligned_model": [[0.26787600382178883, -0.5835404456745409, 0.01462947169450713, 0.403301125905519, 0.6004306903143459, -0.5867750040831381, -0.36040501259527025, 0.16051563794623933, 0.6422222792282738, -0.05817126743771874, 0.012612084816849944], [-0.045657031782680074, -0.16257349017663572, -0.5801373140079452, -0.6649286374118046, -0.19060899324024314, 0.2242891368917634, 0.13742793594365113, 0.7506614292993851, 0.0960887904272032, -0.3100423923082941, -0.024272528424627647], [-0.7057419860167415, 0.02568475112447055, -0.4049838630163608, 0.1664139426378792, -0.03335519950843088, 0.4991440642917061, -0.5053320693578178, 0.16728891095834872, 0.5987234761866118, 0.66853133497851, -0.009353913539743047]], "inverted": true, "swapped": false, "error_lsq": 0.037012963363985726, "error_max": 0.21389183641697224, "target": "791.xyz", "model": "25.xyz", "model_rescale": 4.100010024507729, "target_rescale": 3.683979017678138},
{"mapping": [3, 10, 7, 5, 2, 0, 8, 1, 6, 4, 11], "R": [[-0.5278117139462567, 0.0001929404514487143, -0.8493613820954526], [0.278267967015517, 0.944848757756105, -0.1727071611132455], [0.8024847245612632, -0.32750692777516566, -0.49875593139842084]], "T": [0.03952626238577833, -0.0673386262859487, 0.02650054028019007], "aligned_model": [[0.24405851253737806, -0.6003750189926957, 0.11878241004481202, 0.3309775304052839, 0.7423064661770087, -0.34018693878285217, -0.3330250343076687, 0.07229287252624417, 0.40918422163352713, -0.11848321634986675, -0.012836240954314931], [0.06433859651708573, -0.10155003293393369, -0.5652804533783555, -0.7067274846145676, 0.11067074721293538, 0.412415436443482, 0.11537277475295901, 0.6325641496876082, -0.04375655834305274, -0.5173541228524918, -0.17044614728189647], [-0.7473853001992368, 0.09251790375258108, -0.4255267228195891, 0.2918761543380339, -0.12239517654997632, 0.473147380733281, -0.42591509187374516, -0.06410303140776075, 0.5587401643023995, 0.7602298075933478, 0.07583336086909737]], "inverted": true, "swapped": false, "error_lsq": 0.0486991373914204, "error_max": 0.2361523357745616, "target": "791.xyz", "model": "26.xyz", "model_rescale": 3.6694154284099745, "target_rescale": 3.683979017678138},
{"mapping": [1, 8, 7, 3, 6, 10, 0, 2, 12, 9, 13], "R": [[-0.5813230088710316, 0.8030627602308817, 0.13097237299326964], [0.7228559883607077, 0.5836034124312883, -0.3699814550617641], [-0.37355425234923384, -0.12040456855498986, -0.9197608169643302]], "T": [-0.09285775936704715, -0.04017479240039708, 0.03571405921322885], "aligned_model": [[0.3578455965973446, -0.6889750101860637, -0.06870699179928963, 0.447260243623721, 0.5611420639836933, -0.46217888618377556, -0.1312855694302785, 0.13667535771475892, 0.5485222795016338, -0.11291163918315028, -0.07469188070173782], [-0.11348832614562805, -0.2610114387645705, -0.6442957009612341, -0.6284712906194528, 0.07916028771810565, 0.19843205396879998, 0.3744061930844193, 0.5970718413516749, 0.031161342271703127, -0.4167029750142887, 0.013984918320243712], [-0.7200228423523695, 0.10077242784211607, -0.1391664513760326, 0.1582334183447706, -0.13526489128858765, 0.44627391848493747, -0.4776856418203072, 0.09368751984518894, 0.4975317883968354, 0.6037703108927207, 0.038889891769160606]], "inverted": true, "swapped": false, "error_lsq": 0.0445087381652811, "error_max": 0.23187478519988072, "target": "791.xyz", "model": "27.xyz", "model_rescale": 4.103607728864725, "target_rescale": 3.683979017678138},
{"mapping": [6, 13, 10, 3, 5, 4, 11, 7, 1, 2, 14], "R": [[-0.7913922256517247, 0.5095620862811077, -0.3377052344913458], [0.403682983949669, 0.8504678199952119, 0.3372603380507163], [0.45906251605582127, 0.13057935279912025, -0.8787551644087572]], "T": [0.023790201896366256, -0.1886152412451661, -0.07225047707139079], "aligned_model": [[0.27054491686518983, -0.6082804950043539, 0.02397509687020677, 0.22122870409981366, 0.6542992040242879, -0.4198666680158476, -0.3300537316916416, 0.2234523016521533, 0.4529064063290954, -0.07186659669900163, 0.09635642550695378], [0.0314147679705912, -0.08739081528831935, -0.5604321127634815, -0.8049061709964498, 0.16716399760747896, 0.13897135336894906, 0.1741642537594485, 0.5043304639705395, 0.20168239986740966, -0.3678056883923837, -0.16694554389400965], [-0.6125894156433189, 0.028311855155174176, -0.42085836019214495, 0.3081892426225006, -0.17722638773166594, 0.6470998492254296, -0.5361973944298855, -0.07877283152375744, 0.6106754826856508, 0.6348996249336549, 0.06348778363679547]], "inverted": false, "swapped": false, "error_lsq": 0.050154743858375234, "error_max": 0.24766603269531207, "target": "791.xyz", "model": "28.xyz", "model_rescale": 4.137296879288765, "target_rescale": 3.683979017678138},
{"mapping": [9, 5, 6, 4, 8, 1, 0, 7, 3, 2, 10], "R": [[0.7559095063969907, -0.5780170935945456, -0.3074037372108096], [0.3883587314435428, 0.7739163819589794, -0.500230876143292], [0.5270467852574572, 0.2587463492458158, 0.8094887355002182]], "T": [0.07150128933668043, -0.05901528018326789, 0.03686886254310836], "aligned_model": [[0.3441994351718261, -0.48847263200576463, -0.13999344920801926, 0.3661849898161408, 0.7503399534568779, -0.5008289623581196, -0.4348904665164256, 0.16336868208155353, 0.5298070416259067, -0.19122982478931033, 0.11421079666219006], [0.04652074829659904, -0.3872203066554394, -0.6127801003140614, -0.7749995930229939, 0.17876104558318312, 0.3621290145021995, 0.17670066575642251, 0.6516881895284513, -0.13355054670532723, -0.16287324730472202, -0.11412896445453882], [-0.6879015039866265, 0.21549925034554426, -0.3690403914908506, 0.049436408738602326, 0.005335309360830341, 0.28593618665185166, -0.38565418393003675, 0.05862167785178448, 0.5371378466163765, 0.7664611873394049, -0.008812338758448217]], "inverted": true, "swapped": false, "error_lsq": 0.057741081854439116, "error_max": 0.2921515942674546, "target": "791.xyz", "model": "29.xyz", "model_rescale": 3.607286011436655, "target_rescale": 3.683979017678138},
{"mapping": [9, 13, 11, 10, 8, 7, 1, 6, 4, 5, 14], "R": [[0.9826396413011573, 0.09857129394701025, 0.15717199290313977], [-0.18496142996415232, 0.45455019776689654, 0.8713055647335733], [0.014443156481479383, -0.8852501441511814, 0.46489093076888927]], "T": [0.008828052028723332, -0.015540724530721077, 0.044893670973556336], "aligned_model": [[0.3851310477917797, -0.688361846471522, -0.057687410577614937, 0.30140193749997046, 0.6628689483196963, -0.4773238612536939, -0.291405025550014, 0.0063136548882623544, 0.5392545948241578, 0.08084610756856912, 0.05165741689726468], [0.0346461278677272, -0.21582807330056641, -0.4843582592602333, -0.6602054659552328, -0.1779950478580118, 0.23039737298317112, 0.1887661362461904, 0.46041834927148867, 0.1208374129240089, -0.2326686598228653, -0.03376298788590409], [-0.6409887118982274, -0.05362407211664661, -0.30197355913266744, 0.1793659402572569, -0.059930334369477596, 0.5948570642467296, -0.5923385195366835, 0.1952253187588382, 0.4886257703586656, 0.771646785157017, -0.11384623298637186]], "inverted": true, "swapped": false, "error_lsq": 0.04696609615578233, "error_max": 0.2776057782776838, "target": "791.xyz", "model": "30.xyz", "model_rescale": 3.964800864290218, "target_rescale": 3.683979017678138},
