[{"mapping": [8, 1, 9, 12, 11, 4, 2, 3, 7, 6, 10, 14], "R": [[0.19617410730623597, -0.9087524280201594, 0.36835410163328813], [-0.28051640866504507, 0.3079435092049789, 0.9091101911254702], [-0.9395883482101441, -0.2816732498942497, -0.19450942445481856]], "T": [-0.10083104853055373, -0.11948552068632369, 0.03063468179672085], "aligned_model": [[-0.13140620372916778, 0.12931009599744203, 0.5505360825289538, -0.2517782471429014, -0.2073170133231011, -0.6490651305306125, 0.5266261069510999, -0.35505865936245345, 0.5789771360450781, 0.2115559038175116, -0.48436293549332105, -0.0803746732979792], [-0.2686876738676673, -0.6789367975955001, -0.3019559310516592, 0.6506107222768218, 0.23597195869288956, -0.6065746606795663, -0.40399812552027425, -0.3758780242590144, 0.13670010861006, 0.5715693481140134, 0.19699408158731863, -0.10225997033036455], [-0.5936703443106577, -0.14033437400583487, -0.447119266250815, -0.07462869916677234, -0.5212682132681101, -0.11702619521707708, 0.3614963643600608, 0.6634448483761195, 0.13885296147390283, 0.3546888585432446, 0.5243004519758132, 0.03321535284368848]], "inverted": false, "swapped": true, "error_lsq": 0.054246666387761516, "error_max": 0.2724475354248786, "target": "792.xyz", "model": "0.xyz", "model_rescale": 3.751011558992144, "target_rescale": 4.285350754130895},
{"mapping": [11, 9, 12, 6, 10, 2, 0, 3, 5, 13, 1, 8, 8, 4, 14], "R": [[0.6676716192366154, -0.5756955892915365, -0.47200550562067284], [0.5936462417749429, 0.7943087639617423, -0.1290648175145174], [0.44922015592851844, -0.194031378812398, 0.8720969415975026]], "T": [-0.03707906725909966, -0.03674555460003323, 0.02793061795260167], "aligned_model": [[-0.17643521048396416, 0.4634247883737805, -0.11913358049046993, -0.6331397499375963, 0.23017210787869885, 0.33862103469783084, -0.44997479450260736, -0.08637673656556197, 0.5720243416674793, 0.48679905026325315, -0.6441180365681761, 0.14888141278222056, 0.14888141278222056, -0.1628341768291649, -0.02529658706934693], [-0.3378332200015206, -0.2367194182930397, -0.7487143795981773, 0.020109297467215237, 0.3706913402781684, -0.12813884653192856, -0.18287364637871695, -0.6552640354551058, 0.06298286604393981, -0.5096854648872525, 0.24441248803460477, 0.49039914350305847, 0.49039914350305847, 0.7277119098917207, -0.07997393832500256], [-0.6977808067991719, -0.35114188918898204, -0.1678819280354844, -0.4250648937595971, -0.6316341887255109, 0.7588442938183032, 0.6473401898165347, 0.4733635737994487, 0.12349905597216877, 0.19934169559734416, 0.22322371623789616, 0.3856391854548, 0.3856391854548, -0.1313314532058128, -0.0036334826123183145]], "inverted": true, "swapped": false, "error_lsq": 0.04583557850917885, "error_max": 0.415795690272077, "target": "792.xyz", "model": "1.xyz", "model_rescale": 3.9405287249114394, "target_rescale": 4.285350754130895},
{"mapping": [9, 2, 7, 4, 3, 5, 8, 1, 10, 12, 13, 11, 14], "R": [[0.13698435139537377, 0.055545675623637936, 0.9890146436692951], [-0.611140857061133, 0.7904978034838704, 0.04025016171098239], [-0.7795781810077632, -0.6099408992736018, 0.1422320606963754]], "T": [0.02961036411198366, -0.06873702106378662, -0.03271451975991295], "aligned_model": [[-0.19301237795153636, 0.17698961218377596, -0.3904425762070803, 0.5942417304195103, 0.5543727798802587, -0.628294271576109, -0.03922320327153171, 0.3847179839775738, 0.04870523048416175, -0.6303984264205119, 0.04190916802209813, -0.43197154577768276, 0.00838917552100486], [0.7142140421981017, 0.4626481389121744, 0.3381835122656428, -0.24951516442224084, -0.37984162692158674, 0.04580467885257228, 0.18803678590748843, 0.432102737066957, -0.6971129336759504, -0.5045136107536279, -0.7034290854222959, -0.12718863920904733, -0.06055624122617072], [0.11976555176352628, -0.5618917360667823, -0.4770709616109238, 0.42349908879626946, -0.4310307661457732, -0.04998139636108767, 0.5523342306079863, 0.10233810209880893, -0.34213500735903607, 0.004713008409300168, 0.3771159601562431, 0.4424818972343378, -0.04701762193422459]], "inverted": true, "swapped": true, "error_lsq": 0.05109976266923156, "error_max": 0.39677277837266756, "target": "792.xyz", "model": "2.xyz", "model_rescale": 3.932901565614263, "target_rescale": 4.285350754130895},
{"mapping": [10, 6, 12, 3, 13, 8, 11, 4, 0, 1, 7, 2, 9, 14], "R": [[0.03749404546976476, -0.5913865783767656, 0.8055160528941264], [-0.7487117590360257, -0.5504937375356683, -0.3693065756457514], [0.6618344947458478, -0.5892525433545727, -0.4634183225927476]], "T": [0.0048516348830616104, -0.11076598182104792, 0.005346172065926252], "aligned_model": [[-0.15959868372135763, 0.6324573241321534, 0.2960958883395759, -0.3634773535174155, -0.4780884990556874, -0.08558266150764818, 0.12105516539066818, -0.715611957965932, -0.3096124728732287, -0.09907484045517534, 0.7124212126261326, 0.3709287578269991, 0.4666017049386651, 0.031296327894954186], [0.1717314403136978, 0.05459868327554683, -0.4688681888964744, 0.4984240387301566, -0.4551416171234133, -0.6541987528345805, -0.7523302437930403, -0.22349799934682252, 0.5367614275446911, -0.054640323477699135, 0.062038077411032136, 0.41743448751744205, -0.35980997955980776, -0.10900441141023967], [-0.6144225257699264, -0.5034948399569787, -0.6379681008077593, -0.14969826056071922, -0.4627569664056157, 0.3361865409406655, -0.12571916730061178, 0.17221101908283282, 0.41068282241450416, 0.6227846660726392, 0.10003244507155823, 0.41900202118552954, 0.6461171022371826, 0.0009396068537962342]], "inverted": false, "swapped": true, "error_lsq": 0.04527432951371808, "error_max": 0.300376996039012, "target": "792.xyz", "model": "3.xyz", "model_rescale": 3.9243930471874484, "target_rescale": 4.285350754130895},
{"mapping": [9, 2, 5, 11, 12, 1, 8, 6, 10, 3, 13, 4, 14], "R": [[0.08392760343629645, -0.4164244040283981, -0.905288281770527], [0.988923335343051, -0.07680452158364114, 0.1270106384453021], [-0.12242056279651309, -0.9059204055511175, 0.4053657911204194]], "T": [-0.06265363193149184, -0.03286097824317767, -0.1005853262044045], "aligned_model": [[-0.17804261813434658, -0.4495116945711074, 0.485264379521419, 0.40877899797568396, 0.7198781948516895, -0.5854574852946671, -0.07228636490886792, 0.5222703078807809, 0.16350038937889919, -0.4327192249289752, 0.21531244044293404, -0.4721088721285407, -0.04767256377354908], [-0.7144165121414823, 0.027904485365406316, -0.26522504718534295, -0.448330023172697, 0.058813826271871206, -0.3675557742657165, -0.6330654042223594, 0.30047289583210646, 0.6052147881362723, 0.588451150317357, 0.09982384688954617, -0.09064710534324075, -0.03361157280013327], [-0.5566454768800245, -0.7569143253095246, -0.4039815158596136, 0.11718251827572512, -0.022142162989007924, -0.19976506257241353, 0.12879371761322564, -0.5769319040080892, 0.08017864870054356, -0.012040440938158176, 0.5893972092222728, 0.5228145000357379, -0.12287538991970984]], "inverted": true, "swapped": true, "error_lsq": 0.04640405962401671, "error_max": 0.2686715297800768, "target": "792.xyz", "model": "4.xyz", "model_rescale": 3.8936222436046832, "target_rescale": 4.285350754130895},
{"mapping": [0, 3, 4, 1, 13, 12, 6, 5, 9, 2, 8, 14], "R": [[0.6294576424161749, -0.7747284448039391, -0.059824018717743704], [0.7591959103579948, 0.5967789737089575, 0.2597622494408665], [-0.16554348703457486, -0.20892748347346132, 0.9638177527675449]], "T": [-0.13749309433317625, -0.01953031552220688, -0.0274135072092432], "aligned_model": [[0.07660012689395845, -0.45069256695707377, -0.29699190747853144, 0.37238029034392206, -0.7607467232263483, -0.5826031324660859, -0.32751302010595496, -0.033976740275492495, 0.6455915973114934, 0.3818698777471127, 0.13366712672967546, -0.13003688630157803], [-0.6138767473181118, -0.5866586480458826, 0.18048720533779658, -0.04449309439458762, 0.36379084142504103, 0.28288711546802103, -0.27151272552451944, 0.22176537971280275, 0.19403516119974165, -0.573558329959424, 0.5405171048732977, -0.02446035766436759], [-0.5597607930093449, -0.36071374081378427, -0.7303881109614192, -0.39427463481868275, -0.21600328454011433, 0.5533914608767087, 0.734525363052384, 0.5868480068145713, 0.13687763017465462, 0.05880957388773077, -0.1879498260713289, -0.0020769253158567196]], "inverted": false, "swapped": true, "error_lsq": 0.042509766767799585, "error_max": 0.32472007789741775, "target": "792.xyz", "model": "5.xyz", "model_rescale": 3.6523030999806103, "target_rescale": 4.285350754130895},
{"mapping": [7, 6, 12, 5, 11, 2, 10, 1, 3, 4, 13, 8, 14], "R": [[0.8601726001459005, 0.11429397597431362, 0.4970311710690023], [-0.27212037002469486, 0.927101337322748, 0.25774719116218364], [-0.4313393121150262, -0.35695937778738235, 0.8285688869573736]], "T": [0.034427945874836344, -0.09969755916828113, -0.0523504550487285], "aligned_model": [[0.16454565552785272, -0.021942856860583268, 0.28489744804075007, 0.4755436958735778, 0.6125571571746576, -0.1899516801921104, -0.44549932334079556, 0.11421518253641218, -0.6846148999611601, -0.08285030940537737, 0.03766573406879668, 0.5752016959542187, 0.041315405248055215], [-0.49747860472092575, 0.04405431713615529, 0.4861475469237697, -0.03228116934064258, 0.22817965467073845, -0.7902626768385738, 0.368715855930264, -0.6080403112866634, -0.08410286704278666, 0.0572393648049504, 0.604060737870955, -0.12944846560211198, -0.10595647834194571], [0.5512396889761614, 0.7577799540921388, 0.41771783756361724, 0.4447696322469136, -0.028914721384654743, 0.1861719944738351, 0.1506781844038485, -0.41346364909818417, -0.16876219137027199, -0.774317757839192, -0.32741422125874287, -0.39822835697909176, -0.0271466543445882]], "inverted": false, "swapped": true, "error_lsq": 0.05017662158742757, "error_max": 0.3083412333768968, "target": "792.xyz", "model": "6.xyz", "model_rescale": 4.08911054899281, "target_rescale": 4.285350754130895},
{"mapping": [3, 8, 4, 0, 9, 12, 7, 5, 11, 10, 2, 13, 13, 1, 14], "R": [[-0.44558350165708493, 0.14030101531477768, 0.8841781314603145], [0.6402123290423908, -0.6404168661765676, 0.4242574822660198], [0.6257663436084816, 0.7551038753828688, 0.1955367499695258]], "T": [0.01253675171885357, -0.088079213849061, 0.051379210326958046], "aligned_model": [[-0.3253143520428392, 0.3772671533386597, -0.08569291442040713, -0.6431097635751164, 0.26612960630432286, 0.39250668567201646, -0.5056775209182308, 0.028292105829378824, 0.520549563940559, 0.6491138876207034, -0.6369204016805142, 0.02500700211187337, 0.02500700211187337, -0.08162233737584154, 0.08595955908215927], [-0.3474570014222049, -0.4272632405517024, -0.7614057090692532, 0.19325437326858388, 0.20631983685542013, -0.05591627216539918, -0.1960580097766987, -0.7043735722018868, 0.2035860341282499, -0.4028742060319821, 0.36755052989892567, 0.42121127256370794, 0.42121127256370794, 0.6028486536529526, 0.0068692775386007265], [-0.6157274012925344, -0.41453376808104964, -0.13255516173796314, -0.5615116795109324, -0.6294858063652522, 0.6535339350323941, 0.6162539856556905, 0.49907806252859027, 0.08860055767071662, 0.17364352010514178, 0.19541561475926914, 0.5770808516181032, 0.5770808516181032, -0.17599450562405555, -0.062456802551803435]], "inverted": false, "swapped": false, "error_lsq": 0.050145051934457174, "error_max": 0.42090464884049494, "target": "792.xyz", "model": "7.xyz", "model_rescale": 3.964800864290218, "target_rescale": 4.285350754130895},
{"mapping": [2, 1, 7, 3, 6, 4, 10, 9, 8, 11, 13, 12, 5, 14], "R": [[-0.695570254151639, 0.4493090407844094, -0.5606276905476744], [0.6092062369016686, -0.044799153248627765, -0.7917454115991546], [-0.38085401725534296, -0.8922524428308395, -0.24256091153124193]], "T": [-0.058075195920345615, -0.08244420582146882, 0.035365094493674615], "aligned_model": [[0.15274686501578877, 0.12499593223497733, 0.4289531393189656, -0.6967355564366784, 0.09225981207811616, -0.461851708248816, -0.6044418543781385, 0.7029996358659231, 0.28974851716619043, 0.2755850362628924, -0.469431305250224, 0.031158374110254503, 0.4365142821220235, -0.041313280400402136], [-0.12305902763439941, -0.6275829897209946, 0.2825225034930591, -0.09097155814769974, 0.7151450613060429, -0.6549701568735103, 0.3537194673921662, -0.35574447655755037, -0.47474355583081024, 0.0011100877464718523, -0.04166463240439174, 0.5515344745885222, 0.3387818655500106, -0.0631285967257148], [-0.6981359976220199, -0.21858325459815334, -0.3758333275563611, -0.31514557451836345, -0.11093697483527251, 0.29766022794090397, 0.08234024019302605, -0.14322798318763658, 0.40694654296661226, 0.6045536532430186, 0.6678755506242424, 0.5012213623831746, 0.19094883629820125, 0.02713173739364958]], "inverted": true, "swapped": true, "error_lsq": 0.051803907525765296, "error_max": 0.3910915638155577, "target": "792.xyz", "model": "8.xyz", "model_rescale": 4.121658175737393, "target_rescale": 4.285350754130895},
{"mapping": [2, 7, 1, 0, 6, 10, 11, 13, 8, 12, 3, 4, 14], "R": [[0.8531559216062984, 0.351341720244364, -0.38559560298820683], [-0.3464123407777255, -0.17108697326114675, -0.9223490324910829], [-0.39003008035920095, 0.9204826142823507, -0.024254756624722845]], "T": [0.0009175449078602099, -0.034856205300747414, -0.07255184931847394], "aligned_model": [[-0.31963210271565257, -0.4116548694705372, 0.3438917137639538, -0.07539153244787773, -0.6913077716623424, -0.4463436609075735, 0.31664087561909304, 0.2223099572585695, 0.5971846408995132, -0.2387480614360326, -0.32328634369909126, 0.5185980245303615, -0.015523373297186567], [0.2157829825611049, -0.34989089393416584, 0.25675475325627606, 0.741732094830866, -0.48313876276742707, 0.08362668576485711, -0.5954871817570512, -0.09764823347582385, -0.2539648926650817, -0.6664793515701818, 0.5828464082638593, 0.4085200416151499, -0.052266210710671765], [-0.7195041490899212, -0.5921849779601281, -0.5113147283646701, -0.34378008876724053, -0.06803422524752152, 0.45364313157385694, 0.09566756872719048, 0.6471625804081963, -0.16955608433665398, 0.3403964014336607, 0.13757387669193127, 0.23574119026380067, -0.08473506137341232]], "inverted": false, "swapped": true, "error_lsq": 0.051853102548384204, "error_max": 0.3981192613685654, "target": "792.xyz", "model": "9.xyz", "model_rescale": 3.833441315466971, "target_rescale": 4.285350754130895},
{"mapping": [9, 7, 8, 2, 3, 12, 0, 10, 7, 11, 5, 6, 1, 4, 14], "R": [[-0.5019303168169028, -0.6785475978462407, 0.536319974005425], [0.6490686483655701, 0.11432344157167942, 0.7520904469650567], [-0.5716431113631786, 0.7256054769392959, 0.3830415709380922]], "T": [-0.025164677653220426, -0.02196602747120516, 0.1455477482736412], "aligned_model": [[-0.06839563732068346, 0.48909464408722164, -0.06308144557978942, -0.5063260666017511, 0.06831775491326372, 0.31209289804703516, -0.4965650325960054, -0.12646429480945803, 0.48909464408722164, 0.4861061754527282, -0.580683500450383, 0.30702822741074826, -0.20106334650123658, 0.004511016172995451, -0.022170760313310837], [-0.3361281786709882, -0.12255224197365944, -0.7372052421657332, -0.03379853132760993, 0.3131091625951315, -0.029624232868345344, -0.11659369429877446, -0.7624097714545554, -0.12255224197365944, -0.47302128033333934, 0.3628490471098452, 0.5281145484254782, 0.3484137115484869, 0.7359700252246603, -0.027067840585914993], [-0.6010065721963895, -0.26595406245985087, -0.16194948236412793, -0.3883005115954377, -0.6502584477006632, 0.644765873779571, 0.6278860856824078, 0.487944583947963, -0.26595406245985087, 0.16764649650430236, 0.11813612007964416, 0.36529487997562643, 0.7599478134876887, -0.10055156767417231, 0.0507751068177079]], "inverted": true, "swapped": false, "error_lsq": 0.045970935507083005, "error_max": 0.39261961421491043, "target": "792.xyz", "model": "10.xyz", "model_rescale": 4.2482417240324, "target_rescale": 4.285350754130895},
{"mapping": [12, 6, 3, 2, 13, 4, 10, 1, 7, 8, 11, 14], "R": [[-0.01342606750065023, 0.7674564633320603, 0.6409604649284653], [-0.5201458439549741, -0.5528214330205976, 0.6510274680913404], [0.8539719209247083, -0.3246521832406173, 0.4066115076940947]], "T": [0.05806090380099144, 0.0869359491097488, -0.0603892297211562], "aligned_model": [[-0.6801609665425306, -0.25924150435058524, 0.3587768528636338, 0.6918733201082046, -0.4904644587795996, 0.15601325492350465, -0.218247654652385, 0.5690386350398144, 0.19819575268706574, -0.03827631663385708, -0.46496699963692417, 0.054225687336665405], [-0.19898019305686573, -0.6730277992105589, 0.06751529823339894, -0.324582866348191, 0.49489815781841084, 0.7907827816296666, -0.10278157798270174, 0.3456446054756146, -0.5496699741456126, 0.5144543756088897, 0.2391499874945309, 0.06272859453405769], [-0.07432082553087963, -0.016482143994711616, 0.6029434599773897, -0.17464089370062735, 0.26153166471872574, 0.1733310022390622, 0.5549340837152539, -0.31952758076432947, -0.39888082951966713, -0.530389254417846, -0.4419108997076718, -0.07139549316034204]], "inverted": true, "swapped": true, "error_lsq": 0.05417409455372114, "error_max": 0.3003306604006898, "target": "792.xyz", "model": "11.xyz", "model_rescale": 3.6694154284099745, "target_rescale": 4.285350754130895},
{"mapping": [1, 9, 5, 11, 8, 0, 4, 3, 12, 10, 6, 13, 2, 14], "R": [[-0.49405903573665627, -0.8633458853539197, -0.10266231757281816], [0.04378715914585862, 0.09322210405033521, -0.9946820215578263], [0.8683250277982898, -0.49592693167329116, -0.008253759156536533]], "T": [0.029720638118543, 0.030096975690555125, -0.021235537472027992], "aligned_model": [[-0.11889129267023377, -0.0863102673276341, 0.11304533744049601, 0.578766231662723, 0.4707710455217641, -0.5063284591943, 0.3859299768239924, -0.32191747975638607, 0.3742596258132015, -0.010306868953047148, -0.2565348692147206, 0.6388715638178125, -0.6814400641641483, 0.018350370456289823], [-0.34321541506094433, 0.21656686985765827, 0.6747649947694552, 0.3681492523854478, -0.037193297134700945, -0.5984104293259073, -0.6263546337203271, -0.38982407155691295, 0.6603017857776513, 0.07912400226656235, 0.7410337408127833, -0.08151495286959277, 0.013441716718275862, 0.05411772521680548], [-0.5046954102852872, -0.8197273862151725, -0.1752374704695213, -0.18419467454781138, -0.48372818126742734, -0.03158097957128253, 0.0212658164731891, 0.45921680049687125, 0.3120037802384726, 0.676586853227618, 0.2833629682297373, 0.4116896599101521, -0.30068573901163614, -0.02518057755548633]], "inverted": true, "swapped": true, "error_lsq": 0.053212855387373706, "error_max": 0.40726593746964396, "target": "792.xyz", "model": "12.xyz", "model_rescale": 3.9764082729961374, "target_rescale": 4.285350754130895},
{"mapping": [2, 1, 8, 7, 9, 14, 14, 11, 12, 10, 4, 13, 6, 5, 15], "R": [[0.2717243565876752, -0.8875975965263456, 0.3719359900274091], [0.9016859058171418, 0.09973510650714484, -0.4207320237166756], [0.3363456574533626, 0.44969257851410394, 0.8274347004698329]], "T": [-0.0030788629247535965, 0.019887410072620862, -0.011650397919206065], "aligned_model": [[-0.14935339905659487, 0.39006240048879004, -0.05396963483388634, -0.6662237418254089, 0.19331432161378762, -0.18589127712822673, -0.18589127712822673, 0.13646296010159714, 0.6226368359589726, 0.5684637694403634, -0.601747850607733, 0.33881346981801463, -0.1758854760512387, -0.035640474465829464, -0.10365535032578412], [-0.3974570513213697, -0.24705947275893497, -0.680388038502431, -0.14710529392941957, 0.3524795200571758, -0.12365202504554655, -0.12365202504554655, -0.5807409465914027, 0.14189445592289446, -0.54517406888671, 0.41452560850924425, 0.1133912644932168, 0.4943895238220184, 0.8398244661126787, 0.016227322415154705], [-0.6754929052425125, -0.43296012603987744, -0.09336491380256358, -0.33318734030827646, -0.4724229361204908, 0.7530613721969107, 0.7530613721969107, 0.48866785634198695, -0.04007010730560724, 0.002185907357561759, -0.05312156019567231, 0.48719547828615983, 0.5616247752797898, -0.18330957017903476, 0.026554951359133536]], "inverted": false, "swapped": false, "error_lsq": 0.047107411306631736, "error_max": 0.3535754741911619, "target": "792.xyz", "model": "13.xyz", "model_rescale": 4.170626492500431, "target_rescale": 4.285350754130895},
{"mapping": [2, 9, 0, 1, 10, 13, 4, 7, 6, 9, 5, 8, 12, 14], "R": [[0.5735382959321873, 0.3216091272713575, -0.7534065252935886], [0.4909872847597032, -0.8711646837883402, 0.0018920687766808275], [-0.6557326507834556, -0.3709981980761058, -0.657552300369169]], "T": [-0.05950398197849333, 0.13915712439158245, 0.01723379073537632], "aligned_model": [[0.17472969916019443, -0.1286419301621994, -0.3094276367386322, -0.45462054552678927, 0.23986662422139338, -0.29467912762711446, -0.7452534248939846, 0.49492830022794126, 0.7559032538277811, -0.1286419301621994, 0.36573502417192133, -0.4864041950052113, 0.39572883089127303, -0.036039920292730454], [-0.46191096455552827, -0.6168177228371068, -0.10404429687899441, -0.32852374352241087, 0.7147287904306953, 0.8279036180418111, 0.3975060485052973, -0.3380016206053769, 0.21101774900937853, -0.6168177228371068, 0.009701616863754758, -0.029033955598793904, 0.5618667418903307, 0.1284999300197163], [-0.3926089746428353, 0.3482102240914425, -0.7316777237614812, -0.12537968225711685, -0.24744797481618683, 0.22037713362225939, -0.13317800573241143, 0.08361011972832638, 0.11773572893132186, 0.3482102240914425, 0.5159015307447854, 0.46714584545464766, 0.5081445004652368, 0.024830155201435625]], "inverted": true, "swapped": true, "error_lsq": 0.05199782564926815, "error_max": 0.3773920334421605, "target": "792.xyz", "model": "14.xyz", "model_rescale": 3.9786697098870705, "target_rescale": 4.285350754130895},
{"mapping": [3, 10, 4, 0, 13, 8, 6, 5, 1, 2, 12, 14], "R": [[0.6960359793854876, -0.2760226655434347, -0.6628313537448137], [0.6090176560279441, 0.7159241270842243, 0.34139440373989755], [0.38030436501191245, -0.6412987855633197, 0.666411627740616]], "T": [0.08504401749727034, 0.03836493006638275, 0.026182891596245043], "aligned_model": [[-0.00807867736629933, -0.4701090676816164, 0.5025939750360263, 0.49001228308372835, -0.1412611642713824, 0.4916451276264936, -0.6252559563873642, -0.22492209370470742, 0.6883857818658549, 0.2780902682513924, -0.5693580428444921, 0.07161216315970252], [-0.48261961621740324, -0.10705412323029811, 0.20933308204604115, -0.6259936513851703, 0.5180234627786793, 0.5216433207289968, -0.11179320778924459, 0.3028865809705455, -0.1126611666642871, -0.5964279699946641, 0.4652327357863182, 0.034105043194925605], [-0.4745373568046343, -0.3758373698007161, -0.5705097407818754, -0.25149606004079633, -0.5120177736825485, 0.14480170381648197, 0.4174373227430994, 0.5555275447442962, 0.11756630998756373, 0.4055118733060981, 0.1544618042320971, 0.04905823615476432]], "inverted": false, "swapped": true, "error_lsq": 0.058480873471976426, "error_max": 0.28573406964013665, "target": "792.xyz", "model": "15.xyz", "model_rescale": 3.769337070930944, "target_rescale": 4.285350754130895},
{"mapping": [3, 6, 4, 13, 0, 2, 1, 7, 8, 11, 14], "R": [[0.438582974543274, -0.8391959001393687, -0.32155126438882], [0.4802051040996131, 0.5212748741208375, -0.705461241746834], [0.7596367766488493, 0.15499273144112263, 0.6316084394329817]], "T": [-0.07856896061496334, 0.031259256384048605, 0.021584671363782768], "aligned_model": [[-0.16306875802123855, -0.35274949116336723, -0.13399696921800264, -0.7251089461822039, 0.3835451202324127, 0.533867231182393, 0.48577827166286125, 0.2329781371926487, 0.0702826947747301, -0.33337148279416323, -0.07552967697489929], [0.060017049055305326, -0.7431571232112073, 0.7496393278881356, 0.4207730415358149, 0.18814762213858502, -0.34725369986575955, 0.30725421174545, -0.6109426997012338, 0.4303286507148534, 0.13486989278388486, 0.006388224541513221], [-0.7014991927369104, 0.09409575216942982, -0.17960673574490038, 0.056389234930193155, -0.6449840332992296, -0.2348704127951292, -0.0012206288403015936, 0.1947796308117421, 0.5027703854581389, 0.6270816545447928, 0.031281952725951225]], "inverted": false, "swapped": true, "error_lsq": 0.04429712185095534, "error_max": 0.20535217272479944, "target": "792.xyz", "model": "16.xyz", "model_rescale": 3.7852294659196426, "target_rescale": 4.285350754130895},
{"mapping": [2, 3, 4, 0, 7, 10, 12, 13, 1, 9, 5, 8, 14], "R": [[-0.9137254051771708, 0.04459240291928768, 0.40387795376289004], [-0.40396824712558543, -0.2067536679185802, -0.8911018887402806], [0.04376687386708342, -0.9773763033776179, 0.20692999383319338]], "T": [-0.03152782783829818, 0.09334696430982808, 0.05380850899477152], "aligned_model": [[-0.05958624116002084, -0.3718241979955267, 0.35324335916508626, 0.05283998025483908, -0.22955285528203775, -0.6392682735158386, -0.45218361158288223, -0.11091010124856612, 0.4725072487235918, 0.4976259102716349, -0.15656465686457177, 0.5404714910392404, -0.043032201588665345], [-0.1874217209204258, -0.5441859646452829, -0.3072172411480112, -0.6897261931395493, 0.37131695846729407, -0.05190074848668577, 0.7101544904811685, 0.18029506696564385, -0.17706918101955255, 0.38959589618395124, 0.7171516589884193, 0.3547011970741042, 0.10936140490180069], [-0.6564738490144315, 0.14637008784661487, 0.5549268827591188, -0.19550198838247967, -0.5965761551727452, 0.37085202688161634, 0.3174576069021111, 0.8001896324956029, -0.20696887810470488, -0.510156309736256, -0.14988231060978338, 0.18595854672511558, 0.035559404553394874]], "inverted": true, "swapped": true, "error_lsq": 0.05841337153382981, "error_max": 0.5471370850477747, "target": "792.xyz", "model": "17.xyz", "model_rescale": 3.901054581598922, "target_rescale": 4.285350754130895},
{"mapping": [11, 9, 12, 6, 10, 2, 0, 3, 5, 13, 1, 8, 8, 4, 14], "R": [[0.6676716192366154, -0.5756955892915365, -0.47200550562067284], [0.5936462417749429, 0.7943087639617423, -0.1290648175145174], [0.44922015592851844, -0.194031378812398, 0.8720969415975026]], "T": [-0.03707906725909966, -0.03674555460003323, 0.02793061795260167], "aligned_model": [[-0.17643521048396416, 0.4634247883737805, -0.11913358049046993, -0.6331397499375963, 0.23017210787869885, 0.33862103469783084, -0.44997479450260736, -0.08637673656556197, 0.5720243416674793, 0.48679905026325315, -0.6441180365681761, 0.14888141278222056, 0.14888141278222056, -0.1628341768291649, -0.02529658706934693], [-0.3378332200015206, -0.2367194182930397, -0.7487143795981773, 0.020109297467215237, 0.3706913402781684, -0.12813884653192856, -0.18287364637871695, -0.6552640354551058, 0.06298286604393981, -0.5096854648872525, 0.24441248803460477, 0.49039914350305847, 0.49039914350305847, 0.7277119098917207, -0.07997393832500256], [-0.6977808067991719, -0.35114188918898204, -0.1678819280354844, -0.4250648937595971, -0.6316341887255109, 0.7588442938183032, 0.6473401898165347, 0.4733635737994487, 0.12349905597216877, 0.19934169559734416, 0.22322371623789616, 0.3856391854548, 0.3856391854548, -0.1313314532058128, -0.0036334826123183145]], "inverted": true, "swapped": false, "error_lsq": 0.04583557850917885, "error_max": 0.415795690272077, "target": "792.xyz", "model": "18.xyz", "model_rescale": 3.9405287249114394, "target_rescale": 4.285350754130895},
{"mapping": [7, 9, 8, 4, 13, 2, 1, 6, 11, 5, 12, 10, 3, 14, 15], "R": [[0.8439646683275124, 0.5343281844613097, -0.04708534703188212], [0.19807771691911183, -0.22887430347586604, 0.9530906416855374], [0.4984865661930563, -0.81370138533661, -0.29900033248533]], "T": [-0.10797796303592773, -0.009537575729433558, -0.004099024134781415], "aligned_model": [[-0.1112676410377258, 0.4293637854026156, -0.07129334839875583, -0.7086352214397001, 0.08295377629454405, 0.3543754715590059, -0.4310343012835873, -0.07571319015257538, 0.565788657683857, 0.4965547703615923, -0.5192660265416579, 0.3879498194980157, -0.31148812438336987, 0.08540938695428481, -0.08220253851794712], [-0.3533411378554728, -0.27823165359433805, -0.7634128128220463, -0.18950965018605187, 0.3740470276055361, -0.22356919024558694, -0.1013203907904803, -0.5975336748790382, 0.21627849310083555, -0.557321978677243, 0.3522909358727437, 0.37787824911199486, 0.5404654738917081, 0.740353161118628, -0.009569612400166789], [-0.6184391885627911, -0.4816732957008627, -0.05507471916129392, -0.38024519114798333, -0.521532854080758, 0.6999926265179754, 0.5639942262712785, 0.45579555879467, -0.12350943306842979, 0.15632249841410345, -0.011929683037605457, 0.46693032751957947, 0.6135650063136069, -0.0020550746687210686, 0.026281449421650404]], "inverted": false, "swapped": false, "error_lsq": 0.03866332335133536, "error_max": 0.26661990388733897, "target": "792.xyz", "model": "19.xyz", "model_rescale": 4.410303926677745, "target_rescale": 4.285350754130895},
{"mapping": [2, 1, 7, 3, 6, 4, 10, 9, 8, 11, 13, 12, 5, 14], "R": [[-0.695570254151639, 0.4493090407844094, -0.5606276905476744], [0.6092062369016686, -0.044799153248627765, -0.7917454115991546], [-0.38085401725534296, -0.8922524428308395, -0.24256091153124193]], "T": [-0.058075195920345615, -0.08244420582146882, 0.035365094493674615], "aligned_model": [[0.15274686501578877, 0.12499593223497733, 0.4289531393189656, -0.6967355564366784, 0.09225981207811616, -0.461851708248816, -0.6044418543781385, 0.7029996358659231, 0.28974851716619043, 0.2755850362628924, -0.469431305250224, 0.031158374110254503, 0.4365142821220235, -0.041313280400402136], [-0.12305902763439941, -0.6275829897209946, 0.2825225034930591, -0.09097155814769974, 0.7151450613060429, -0.6549701568735103, 0.3537194673921662, -0.35574447655755037, -0.47474355583081024, 0.0011100877464718523, -0.04166463240439174, 0.5515344745885222, 0.3387818655500106, -0.0631285967257148], [-0.6981359976220199, -0.21858325459815334, -0.3758333275563611, -0.31514557451836345, -0.11093697483527251, 0.29766022794090397, 0.08234024019302605, -0.14322798318763658, 0.40694654296661226, 0.6045536532430186, 0.6678755506242424, 0.5012213623831746, 0.19094883629820125, 0.02713173739364958]], "inverted": true, "swapped": true, "error_lsq": 0.051803907525765296, "error_max": 0.3910915638155577, "target": "792.xyz", "model": "20.xyz", "model_rescale": 4.121658175737393, "target_rescale": 4.285350754130895},
{"mapping": [7, 6, 12, 5, 11, 2, 10, 1, 3, 4, 13, 8, 14], "R": [[0.8601726001459005, 0.11429397597431362, 0.4970311710690023], [-0.27212037002469486, 0.927101337322748, 0.25774719116218364], [-0.4313393121150262, -0.35695937778738235, 0.8285688869573736]], "T": [0.034427945874836344, -0.09969755916828113, -0.0523504550487285], "aligned_model": [[0.16454565552785272, -0.021942856860583268, 0.28489744804075007, 0.4755436958735778, 0.6125571571746576, -0.1899516801921104, -0.44549932334079556, 0.11421518253641218, -0.6846148999611601, -0.08285030940537737, 0.03766573406879668, 0.5752016959542187, 0.041315405248055215], [-0.49747860472092575, 0.04405431713615529, 0.4861475469237697, -0.03228116934064258, 0.22817965467073845, -0.7902626768385738, 0.368715855930264, -0.6080403112866634, -0.08410286704278666, 0.0572393648049504, 0.604060737870955, -0.12944846560211198, -0.10595647834194571], [0.5512396889761614, 0.7577799540921388, 0.41771783756361724, 0.4447696322469136, -0.028914721384654743, 0.1861719944738351, 0.1506781844038485, -0.41346364909818417, -0.16876219137027199, -0.774317757839192, -0.32741422125874287, -0.39822835697909176, -0.0271466543445882]], "inverted": false, "swapped": true, "error_lsq": 0.05017662158742757, "error_max": 0.3083412333768968, "target": "792.xyz", "model": "21.xyz", "model_rescale": 4.08911054899281, "target_rescale": 4.285350754130895},
{"mapping": [3, 4, 13, 14, 2, 6, 10, 7, 1, 0, 9, 8, 5, 11, 16], "R": [[-0.6840671229022419, -0.6554435655447425, -0.32007171657340217], [-0.6997423733224012, 0.46579065708052586, 0.5416638023291066], [-0.20594363874949542, 0.594502141428008, -0.777273710796995]], "T": [-0.029987911121427978, 0.014586075433193312, 0.023502609251410712], "aligned_model": [[-0.270740896925427, 0.30822673168776155, -0.15527714033182907, -0.5125184867419176, 0.3120583517465673, 0.3195900090818664, -0.4628593185781166, -0.07592383211388248, 0.6503564927637335, 0.598625851207638, -0.6925360037183534, 0.34079426787487666, -0.3287846624454504, 0.06977021849274437, -0.009286306001615195], [-0.4317022096183393, -0.4195860252900788, -0.6116856952801646, 0.008629630389474084, 0.09181280646748918, -0.15230325912325385, -0.15461706387565158, -0.5790020308697542, 0.3985315906240309, -0.4231539719213297, 0.23104663817903356, 0.4214393822177912, 0.4051553170580742, 0.7708259968580895, -0.027887866564388332], [-0.6815814919356032, -0.4047468836972117, -0.14625087165445153, -0.3995238087189849, -0.6076029409104047, 0.6602972042889427, 0.6831449755905006, 0.412526052282405, -0.11691004948356945, 0.13886199088910442, 0.17088802689660634, 0.4451102236955327, 0.5293733663059607, 0.0870834796260471, 0.017752980649544513]], "inverted": false, "swapped": false, "error_lsq": 0.04201479234879271, "error_max": 0.33116942498061785, "target": "792.xyz", "model": "22.xyz", "model_rescale": 4.204369325754507, "target_rescale": 4.285350754130895},
{"mapping": [7, 9, 8, 4, 13, 2, 1, 6, 11, 5, 12, 10, 3, 14, 15], "R": [[0.8439646683275124, 0.5343281844613097, -0.04708534703188212], [0.19807771691911183, -0.22887430347586604, 0.9530906416855374], [0.4984865661930563, -0.81370138533661, -0.29900033248533]], "T": [-0.10797796303592773, -0.009537575729433558, -0.004099024134781415], "aligned_model": [[-0.1112676410377258, 0.4293637854026156, -0.07129334839875583, -0.7086352214397001, 0.08295377629454405, 0.3543754715590059, -0.4310343012835873, -0.07571319015257538, 0.565788657683857, 0.4965547703615923, -0.5192660265416579, 0.3879498194980157, -0.31148812438336987, 0.08540938695428481, -0.08220253851794712], [-0.3533411378554728, -0.27823165359433805, -0.7634128128220463, -0.18950965018605187, 0.3740470276055361, -0.22356919024558694, -0.1013203907904803, -0.5975336748790382, 0.21627849310083555, -0.557321978677243, 0.3522909358727437, 0.37787824911199486, 0.5404654738917081, 0.740353161118628, -0.009569612400166789], [-0.6184391885627911, -0.4816732957008627, -0.05507471916129392, -0.38024519114798333, -0.521532854080758, 0.6999926265179754, 0.5639942262712785, 0.45579555879467, -0.12350943306842979, 0.15632249841410345, -0.011929683037605457, 0.46693032751957947, 0.6135650063136069, -0.0020550746687210686, 0.026281449421650404]], "inverted": false, "swapped": false, "error_lsq": 0.03866332335133536, "error_max": 0.26661990388733897, "target": "792.xyz", "model": "23.xyz", "model_rescale": 4.410303926677745, "target_rescale": 4.285350754130895},
{"mapping": [3, 1, 10, 2, 0, 14, 15, 9, 7, 11, 5, 13, 6, 12, 16], "R": [[0.7358971786773878, 0.5815586195580563, -0.34676348486019754], [-0.671893071623051, 0.6905618439870675, -0.26773875314216816], [0.08375585185288499, 0.43001617602935455, 0.8989277199160612]], "T": [-0.00030092637903565873, -0.10529654128373478, 0.1135303441190472], "aligned_model": [[-0.22555109890607547, 0.4940966273322802, -0.05564850395498639, -0.5309671739573947, -0.0037769170831188515, 0.21059779089608843, -0.4083864346595586, -0.07498554988260209, 0.5614466232266389, 0.5025251059937013, -0.5267143510575821, 0.36570103307889773, -0.14409496882082573, -0.06462920860649407, -0.00811769760037206], [-0.332673032451027, -0.3855591419989572, -0.7326626228164248, 0.11975464859575385, 0.3300081432876095, -0.10316733274389267, -0.131732914621309, -0.5868099307978636, 0.15024244701822453, -0.4564285373437811, 0.23888752674192504, 0.4061618661168107, 0.46072956496168727, 0.6815951783794146, -0.13084262307714775], [-0.7271915335997678, -0.5293998877840291, -0.05118878553627551, -0.5940283084273756, -0.5036273020014842, 0.7566999854558694, 0.6984077047092249, 0.5072142863355537, -0.13359394172095093, 0.2703544147266601, 0.10821366626115093, 0.4275995833026829, 0.6001881398715577, -0.03759585617373312, -0.0036299115946648586]], "inverted": false, "swapped": false, "error_lsq": 0.03391661752084074, "error_max": 0.21368327058884637, "target": "792.xyz", "model": "24.xyz", "model_rescale": 4.28219845311461, "target_rescale": 4.285350754130895},
{"mapping": [7, 9, 3, 13, 12, 8, 0, 1, 11, 5, 2, 10, 6, 14, 15], "R": [[-0.5475953730685664, -0.5043032516675874, 0.6676956924762927], [-0.08509810144644811, 0.8273971091450353, 0.5551327200847102], [-0.8324047215892689, 0.24716847318365084, -0.4959940779283107]], "T": [-0.052544213931965934, -0.07756088423080248, -0.011466197561266794], "aligned_model": [[-0.3265376827440805, 0.32488538094932407, -0.07422535582839959, -0.3473713070526796, 0.20519080301669737, 0.3126569923246277, -0.6112213159121382, 0.017586100582354512, 0.41625849524487146, 0.6801249156087967, -0.5951455581125904, 0.404315525012217, -0.19325435834431767, -0.01453004399394301, -0.1072373147521431], [-0.4746980792194146, -0.3794631668500093, -0.8517245571774215, 0.12953829986835166, 0.37682060790423993, -0.06988634063500228, -0.14048061755171742, -0.5443743909618886, 0.17455523931403677, -0.4276329640899766, 0.32934846825912617, 0.43977098291892575, 0.367572550002987, 0.6826536909065344, -0.08449648343774935], [-0.622003365271069, -0.4839866696425593, -0.02714677266844187, -0.4838043921257752, -0.5696149419624603, 0.5788855935414192, 0.5796980561937005, 0.42101997304563266, -0.12608971768595803, 0.24529471542043105, 0.08228125327088132, 0.38013530523348427, 0.7594125321671579, 0.016342929129634337, 0.03799775517834109]], "inverted": false, "swapped": false, "error_lsq": 0.037822630548304016, "error_max": 0.2758569717830984, "target": "792.xyz", "model": "25.xyz", "model_rescale": 4.100010024507729, "target_rescale": 4.285350754130895},
{"mapping": [12, 6, 3, 2, 13, 4, 10, 1, 7, 8, 11, 14], "R": [[-0.01342606750065023, 0.7674564633320603, 0.6409604649284653], [-0.5201458439549741, -0.5528214330205976, 0.6510274680913404], [0.8539719209247083, -0.3246521832406173, 0.4066115076940947]], "T": [0.05806090380099144, 0.0869359491097488, -0.0603892297211562], "aligned_model": [[-0.6801609665425306, -0.25924150435058524, 0.3587768528636338, 0.6918733201082046, -0.4904644587795996, 0.15601325492350465, -0.218247654652385, 0.5690386350398144, 0.19819575268706574, -0.03827631663385708, -0.46496699963692417, 0.054225687336665405], [-0.19898019305686573, -0.6730277992105589, 0.06751529823339894, -0.324582866348191, 0.49489815781841084, 0.7907827816296666, -0.10278157798270174, 0.3456446054756146, -0.5496699741456126, 0.5144543756088897, 0.2391499874945309, 0.06272859453405769], [-0.07432082553087963, -0.016482143994711616, 0.6029434599773897, -0.17464089370062735, 0.26153166471872574, 0.1733310022390622, 0.5549340837152539, -0.31952758076432947, -0.39888082951966713, -0.530389254417846, -0.4419108997076718, -0.07139549316034204]], "inverted": true, "swapped": true, "error_lsq": 0.05417409455372114, "error_max": 0.3003306604006898, "target": "792.xyz", "model": "26.xyz", "model_rescale": 3.6694154284099745, "target_rescale": 4.285350754130895},
