[{"mapping": [8, 9, 2, 6, 1, 7, 5, 0, 3, 10, 11], "R": [[-0.2923508125222031, -0.3360293089760876, -0.8953297191128308], [-0.6155333701484336, -0.6503942379546273, 0.44509100807490026], [-0.7318809142553991, 0.6812280372565949, -0.016693969096906014]], "T": [0.013112617996884266, -0.14460252590808295, 0.05728670414043652], "aligned_model": [[-0.2079416182112248, -0.5642304356207078, 0.5133135537373451, -0.5160075838598657, 0.20580822312725391, -0.3171787773672173, 0.38056054795973093, 0.6141164308044067, -0.14154696609022957, -0.19902888381662134, 0.07081090410541487], [-0.6329925811406455, -0.271340555394093, -0.47318597360078807, -0.0007685159623034288, 0.15268392324649419, 0.7223304341949786, 0.5962462304711604, 0.00027326275708919323, -0.52599148378992, 0.24658469214193482, -0.10585825934838271], [-0.28288041551634896, 0.19859804391712424, -0.48177005295770586, -0.4165255762248429, -0.5562030923773691, -0.13228688764225457, 0.12665147522241796, 0.03285686887766687, 0.6092426721693478, 0.5708330891997249, 0.05585650240942864]], "inverted": false, "swapped": false, "error_lsq": 0.053976294575125164, "error_max": 0.3232023258909797, "target": "793.xyz", "model": "0.xyz", "model_rescale": 3.751011558992144, "target_rescale": 3.8885996286738695},
{"mapping": [1, 4, 0, 6, 7, 11, 13, 3, 8, 10, 14], "R": [[0.15345930234195415, -0.8013311125150526, 0.5782029839425851], [-0.44327734103045247, -0.5787811934077607, -0.68448340307597], [0.8831508599631737, -0.1512639357972575, -0.44403128298964534]], "T": [0.04968177829938285, 0.014660439199292906, 0.09279637425393043], "aligned_model": [[-0.15890871657534134, -0.5769319325650195, 0.47153208480311787, -0.48902900052741743, 0.07269141016942897, -0.332973016944248, 0.6201999593142172, 0.7434157119741244, 0.03757783797301524, -0.6058109454520126, 0.05691200259842019], [-0.5160063993999736, -0.40683128064025276, -0.4649190007596008, 0.07355416258059183, 0.025441829173208357, 0.6517143566803539, 0.38631698912920975, 0.08480048833071355, -0.4974160706383977, 0.30340778715887107, 0.06791831196080117], [-0.307913322777242, 0.3279005158024225, -0.31653283087429424, -0.4268650264602753, -0.5697980282795347, -0.1978384530220943, 0.3455464728222488, -0.21900403031409837, 0.514755370888554, 0.49205569635442714, 0.08206626293707554]], "inverted": true, "swapped": false, "error_lsq": 0.04410849209613458, "error_max": 0.2113411918379171, "target": "793.xyz", "model": "1.xyz", "model_rescale": 3.9405287249114394, "target_rescale": 3.8885996286738695},
{"mapping": [4, 1, 8, 7, 3, 6, 11, 10, 2, 0, 12], "R": [[-0.5091601074090837, -0.8394196482327487, 0.19008061233060794], [-0.14013331591832473, 0.29875807549765176, 0.9439842509780947], [-0.8491870458225945, 0.4540024961228164, -0.26974635256356416]], "T": [0.0143067373407464, -0.03012427789014301, 0.03142625490833863], "aligned_model": [[-0.14642850883718886, -0.6723244726681041, 0.5529597161648063, -0.5189784545578219, 0.08694158402559439, -0.18734946228249605, 0.4278056024991722, 0.7278222647862551, -0.03317403892766317, -0.40636097239509145, 0.007762136960822525], [-0.577373144906613, -0.37734991567176573, -0.5031515477073846, 0.16297156406850558, 0.07709223379603315, 0.473851457352173, 0.5036183350835172, 0.11916011914160761, -0.41188523917992287, 0.3461303943912842, -0.10508308279190968], [-0.3764690503700119, 0.21903827549122412, -0.2631716753677849, -0.5228577454706448, -0.525375754101873, 0.0049889927599687245, 0.2589164758980023, -0.3929519728665963, 0.593719569684233, 0.651427132204395, 0.077108379216277]], "inverted": false, "swapped": false, "error_lsq": 0.05131224754937513, "error_max": 0.3132542849029806, "target": "793.xyz", "model": "2.xyz", "model_rescale": 3.932901565614263, "target_rescale": 3.8885996286738695},
{"mapping": [2, 5, 1, 4, 0, 7, 8, 3, 10, 9, 13], "R": [[0.3201332392174162, 0.9344217110131348, -0.15611141897840275], [-0.8708990421834517, 0.3551286580316265, 0.3397329753918551], [0.3728935068784536, 0.027197467381025187, 0.9274754607513597]], "T": [0.08018760748422582, -0.03643570742127278, 0.05754127949287936], "aligned_model": [[-0.1970321589047045, -0.6101178574551601, 0.4583375685507018, -0.5458371619519007, 0.1800198730099661, -0.28043376269815373, 0.40590128258108865, 0.46884309723353973, 0.20175793856128507, -0.25385270382737884, 0.011089279669001792], [-0.5751039904848354, -0.044599457947051224, -0.589264578570155, -0.03740680541103977, -0.047936354992159036, 0.568245267677817, 0.5298603726187242, 0.23233815868887286, -0.5947915366040817, 0.35849562318834227, -0.09185552458890908], [-0.5144600623962112, 0.2580690927927755, -0.25892588638982117, -0.5518177686543639, -0.6049174611155115, -0.061015428744737796, 0.39221436941517596, -0.1358314105777338, 0.4895191295276059, 0.579306795707405, 0.13223125751260623]], "inverted": false, "swapped": false, "error_lsq": 0.05393407609546139, "error_max": 0.2712083887165466, "target": "793.xyz", "model": "3.xyz", "model_rescale": 3.9243930471874484, "target_rescale": 3.8885996286738695},
{"mapping": [4, 7, 10, 2, 3, 0, 5, 6, 9, 1, 12], "R": [[0.47978206521712535, 0.2819447281440738, -0.8308527788770732], [0.37602604058907785, 0.78951035629151, 0.48505444447747736], [0.7927254169603062, -0.5451427038677279, 0.2727743494628691]], "T": [0.11257291633862344, -0.19393125682925794, 0.05314383655284083], "aligned_model": [[-0.25967435195557526, -0.6847772779577379, 0.49557869256989096, -0.5929716208333364, 0.1415451136437833, -0.23175240562527133, 0.2880861710870194, 0.6757537614987398, 0.20957864463465814, -0.31127412414853517, 0.1085827918546493], [-0.43643902692930925, -0.274590738494388, -0.6853813487806295, 0.16138568380695356, 0.06416951724520503, 0.568893296394531, 0.5125000288190555, 0.18441246330050276, -0.46627059362650136, 0.1571210218879227, -0.07781913004781754], [-0.34054286899953606, 0.07855002842104392, -0.2768729842508648, -0.423481034889372, -0.5677409938063392, -0.09805512843693326, 0.26236390212920624, -0.1942422580843093, 0.6966565140406026, 0.5084198889213315, 0.07931756203235979]], "inverted": true, "swapped": false, "error_lsq": 0.0484177537848858, "error_max": 0.28738125533596337, "target": "793.xyz", "model": "4.xyz", "model_rescale": 3.8936222436046832, "target_rescale": 3.8885996286738695},
{"mapping": [3, 9, 2, 8, 10, 7, 5, 4, 1, 6, 11], "R": [[0.8225632774934697, -0.3859722155280826, 0.4176303429583931], [0.17219515395352547, -0.5308647437133902, -0.8297779539352915], [0.5419764602583061, 0.7544587945822226, -0.37020729841997535]], "T": [-0.0929245406727846, -0.07600883071198762, -0.06767967794576667], "aligned_model": [[-0.2493651795475612, -0.6013299423527947, 0.4662290979310479, -0.693976181364053, 0.1364389370555617, -0.17538616857165806, 0.34733689417900576, 0.6753382392810787, 0.2084479372881708, -0.3082416879687476, 0.03318344883823543], [-0.5144903785584414, -0.3010320158798766, -0.5216235610794635, -0.008165261467601298, 0.0758126378427492, 0.5600729879529451, 0.3858980639857869, 0.11730750958602941, -0.4232257824955948, 0.35533764528432843, -0.017910671595336228], [-0.40464004806044135, 0.20236560992414443, -0.2819999649923714, -0.49194021307169666, -0.6367227661695901, -0.15904448121395476, 0.43230306841631055, -0.12268597229645241, 0.5893772336553686, 0.5665027657040111, 0.030857395181860828]], "inverted": true, "swapped": false, "error_lsq": 0.03801351751465328, "error_max": 0.24446088109143185, "target": "793.xyz", "model": "5.xyz", "model_rescale": 3.6523030999806103, "target_rescale": 3.8885996286738695},
{"mapping": [1, 6, 0, 8, 5, 9, 11, 7, 2, 10, 12], "R": [[0.8144964868808362, -0.574496794250938, 0.08092531281478763], [0.0007463197546858646, -0.1384482532931198, -0.9903693877371755], [0.5801680065856782, 0.806712783185862, -0.11233685761548104]], "T": [-0.028630312166635495, -0.025774370325426916, 0.01760578478359325], "aligned_model": [[-0.0944053521995793, -0.6439334498962535, 0.5990290149093157, -0.502537638183912, 0.06858185493003705, -0.20212340830423667, 0.4957218177550423, 0.5307753273627782, -0.050365741922496085, -0.4187204920764633, 0.056653462394052646], [-0.7018704772240306, -0.1987434392888138, -0.6307060921050431, 0.13955010261159123, -0.10065266414610585, 0.6749019875016257, 0.5718809846932655, 0.28878412910299267, -0.584730619738309, 0.2914768683601286, -0.0419096061917766], [-0.12710967513226712, 0.13638377918548342, -0.45911752240623765, -0.4315965834890405, -0.6523543376637185, -0.02258951787041019, 0.39500732638757113, -0.21677924160933254, 0.5307403836411738, 0.6141410685325027, -0.04235305249853527]], "inverted": false, "swapped": false, "error_lsq": 0.04844292908223185, "error_max": 0.23260506349954027, "target": "793.xyz", "model": "6.xyz", "model_rescale": 4.08911054899281, "target_rescale": 3.8885996286738695},
{"mapping": [12, 5, 13, 10, 11, 8, 0, 1, 7, 4, 14], "R": [[0.6628989471924703, -0.7474542438694831, -0.043325963724007516], [-0.7437573907462587, -0.6507672613580365, -0.1527315136272754], [0.08596469927494677, 0.13346956531756812, -0.9873175505441539]], "T": [0.03240439101561675, 0.028205741955589538, 0.021886905913809738], "aligned_model": [[-0.20095332509603614, -0.5905011431056189, 0.39441217601138784, -0.5445915984195636, 0.06176595924537457, -0.35398335465664377, 0.6657073563362467, 0.7208981300528646, 0.0748577169846972, -0.49113438982902136, 0.10219786724459815], [-0.5300027925121414, -0.3353320136613222, -0.5524361007159739, 0.01354619505347681, 0.00862826218570368, 0.5683574876893331, 0.5291090361385837, 0.15684664429309914, -0.570178117865177, 0.2829956631220648, 0.1364469098478783], [-0.3548747248154069, 0.26750902500222806, -0.23830520867279806, -0.4095474742210207, -0.5640189598650761, -0.1333212603020232, 0.5042554653127519, -0.19576866697072845, 0.5111960474160049, 0.41917613396554837, -0.08192774977229025]], "inverted": false, "swapped": false, "error_lsq": 0.04706956551413924, "error_max": 0.23929544213485668, "target": "793.xyz", "model": "7.xyz", "model_rescale": 3.964800864290218, "target_rescale": 3.8885996286738695},
{"mapping": [12, 7, 11, 8, 9, 5, 3, 6, 2, 1, 13], "R": [[0.6828820740443052, -0.7204548128300643, 0.12090051951478571], [0.7266097024619755, 0.6869718462005633, -0.010393402518382784], [-0.07556727623163058, 0.09494495878026724, 0.9926102163312375]], "T": [0.08797451264227164, -0.01311472444631518, 0.0609171406427049], "aligned_model": [[-0.18247624504962967, -0.532252523484697, 0.5658779560935058, -0.5349707110457078, -0.08522655206467704, -0.16337864193628876, 0.49653289430457065, 0.6652208752405357, 0.050054510956518056, -0.48348608575906693, 0.04277991751322176], [-0.6279173095165392, -0.337736422234583, -0.38779051736325687, 0.17003308253434615, -0.1263032757086898, 0.7362293911374572, 0.5462554480515521, -0.055901099898802285, -0.40550884159359313, 0.1797304757212031, 0.016890242446430326], [-0.2848415994397637, 0.19050240965091927, -0.5033165639808262, -0.3507304155140011, -0.5956241526786813, -0.21180196593356862, 0.2757374250564357, 0.0991504523126439, 0.5930803280715732, 0.5074184333838667, 0.004798276148591199]], "inverted": true, "swapped": false, "error_lsq": 0.048830299561672626, "error_max": 0.26244964324559394, "target": "793.xyz", "model": "8.xyz", "model_rescale": 4.121658175737393, "target_rescale": 3.8885996286738695},
{"mapping": [0, 1, 10, 4, 5, 9, 8, 11, 2, 6, 12], "R": [[0.5368606625355363, 0.7342308875273823, 0.4155546087130521], [0.3379364894260505, -0.638462162247415, 0.6914947552170968], [0.7730327018543925, -0.23080526679239416, -0.5908886279871951]], "T": [0.11798942967481067, 0.00812357859312074, -0.024310066850500595], "aligned_model": [[-0.2506683554355039, -0.4597354406305236, 0.5354961990076141, -0.7065186640064796, 0.05900143989207117, -0.3114670502193507, 0.34989051292147627, 0.7494082772529306, 0.0776468205518767, -0.24591111958600098, 0.04153277502017512], [-0.6387717002164673, -0.263888376759161, -0.40773111852765465, -0.02193338598964517, -0.009013712377908323, 0.6786411427565765, 0.3192426689139748, 0.042701192025569046, -0.4118565136043312, 0.44410490358594845, -0.02351392623137591], [-0.2781647080404944, 0.23487169579811598, -0.5030937330706824, -0.35204608875355614, -0.6390820868671424, -0.26754481983651834, 0.5921152221783053, 0.03178540646009041, 0.5273561790861706, 0.37277773779621864, 0.005397822326682147]], "inverted": false, "swapped": false, "error_lsq": 0.05682497781938362, "error_max": 0.34398367547983194, "target": "793.xyz", "model": "9.xyz", "model_rescale": 3.833441315466971, "target_rescale": 3.8885996286738695},
{"mapping": [10, 11, 0, 8, 13, 9, 4, 5, 12, 7, 14], "R": [[-0.5741858191911977, -0.6912256815834379, -0.4387683923885643], [-0.8019670153880749, 0.5827208542535649, 0.13147361806666355], [0.16480155117375744, 0.42736806518211845, -0.8889302478784351]], "T": [0.07523455241251144, -0.029027525488525982, 0.09379017732254064], "aligned_model": [[-0.33381074831792945, -0.5366498764811372, 0.4119602150490761, -0.5690586077932438, 0.3553457224473556, -0.40265359070429385, 0.5682103460343035, 0.6566185414917878, 0.06366005281266786, -0.4122757132118267, 0.03732905344152544], [-0.6030297652672958, -0.24944961756794265, -0.4753821854488693, 0.006454706193736698, 0.014888305498473087, 0.5582990884089862, 0.4670328142796248, 0.17626212582400502, -0.5230146997094642, 0.278699196664213, 0.05722120470005804], [-0.3292435260619165, 0.2995780001993992, -0.29506237488371545, -0.3434588333380523, -0.6513914606859967, -0.19703708723284635, 0.47695017823901137, -0.184209854643749, 0.4385549666717407, 0.42778416254657764, 0.08190845626673655]], "inverted": false, "swapped": false, "error_lsq": 0.04783775882821817, "error_max": 0.25749629987958333, "target": "793.xyz", "model": "10.xyz", "model_rescale": 4.2482417240324, "target_rescale": 3.8885996286738695},
{"mapping": [4, 0, 9, 6, 5, 2, 3, 7, 10, 1, 11], "R": [[0.6697152680298908, 0.3341355213456666, -0.6632005074958185], [0.731269437238388, -0.4522592465406026, 0.5105943439557258], [-0.12933085451160914, -0.8269310898095356, -0.5472280171717372]], "T": [-0.025538419443804868, 0.02638876433461502, 0.050089719888670045], "aligned_model": [[-0.27163180800533754, -0.5805714940034649, 0.5345004506612352, -0.5215149507232227, 0.10618263062342928, -0.169819211049875, 0.4375505753284299, 0.6078511861994996, 0.07976502086495768, -0.39523241880172166, 0.011595413674355223], [-0.5959493833630569, -0.3497077790980932, -0.5575120989101164, 0.08114101684379871, -0.061650543794792644, 0.7295388795310163, 0.6068251336749093, 0.15309833045080137, -0.5405449666233795, 0.31514208057580567, -0.07239949571136792], [-0.513801097786861, 0.402693111954986, -0.10715896218031752, -0.3640257343124303, -0.6841342347156526, -0.1302440125561805, 0.3767605488888182, -0.15317990404225296, 0.33731731726691594, 0.5783835992367705, -0.01823800467660648]], "inverted": false, "swapped": false, "error_lsq": 0.05725643235669034, "error_max": 0.32692105006819033, "target": "793.xyz", "model": "11.xyz", "model_rescale": 3.6694154284099745, "target_rescale": 3.8885996286738695},
{"mapping": [12, 2, 5, 1, 0, 4, 11, 6, 10, 8, 13], "R": [[-0.03229002667881854, -0.851276331319392, 0.5237231729764094], [0.9850006338421903, -0.11596875066249432, -0.1277693241754994], [0.1695025236023488, 0.5117419824532448, 0.8422523599772567]], "T": [0.0683194947472748, -0.06353545521776213, 0.0601362415913501], "aligned_model": [[-0.16679257915116363, -0.5580751486525111, 0.6018104659412425, -0.6464168742550706, 0.0927636901517945, -0.07807391228862862, 0.367966373603863, 0.5500202118233856, -0.056107227412153265, -0.30370538918306855, 0.035285784190595464], [-0.6518228220371307, -0.1658694991213916, -0.4854515619149574, 0.03253090856505375, 0.035609019366522096, 0.6035241690692651, 0.507249490796146, 0.15323910586998682, -0.5451695907156727, 0.2539312220414198, -0.029789268343716188], [-0.18564574923466182, 0.21333894251630792, -0.3664138434405016, -0.38303039825922885, -0.6471902169098785, -0.22495861590832933, 0.4199208192242434, -0.1419232602571016, 0.45519995498994004, 0.637553115156471, -0.052478120800071346]], "inverted": false, "swapped": false, "error_lsq": 0.042845171528514164, "error_max": 0.2210799693604453, "target": "793.xyz", "model": "12.xyz", "model_rescale": 3.9764082729961374, "target_rescale": 3.8885996286738695},
{"mapping": [11, 14, 10, 3, 8, 7, 9, 1, 13, 6, 15], "R": [[0.0054937195975602315, -0.9555482843330967, -0.29478347198080745], [-0.048437137765999116, 0.29418761859236525, -0.954519506742524], [0.9988111246527152, 0.0195223301639188, -0.0446678396046859]], "T": [0.08280512229148362, 0.1300345591644705, 0.11378428116202381], "aligned_model": [[-0.17026031914728068, -0.5710188676591706, 0.4774193218470604, -0.5452406653275247, 0.07645652912159266, -0.19754361563199507, 0.5488684553335073, 0.6477605373076577, 0.0038431690544510483, -0.41419978039540484, -0.017409369734607855], [-0.5274948592220686, -0.3257716401653617, -0.45778844685770714, 0.04752692281568838, -0.054071065017720826, 0.699334525385547, 0.44571308413413013, 0.06313001627732605, -0.3850308417828109, 0.03626612820380623, 0.16616734980469602], [-0.25249108663531245, 0.17347463542944042, -0.2668607582886801, -0.44046694879761145, -0.5686508081745358, -0.2965032186821517, 0.3250451743352804, -0.16847754666094011, 0.4346474745558877, 0.6863682608188105, 0.09828744917700222]], "inverted": false, "swapped": false, "error_lsq": 0.04542880139795155, "error_max": 0.26355872626831334, "target": "793.xyz", "model": "13.xyz", "model_rescale": 4.170626492500431, "target_rescale": 3.8885996286738695},
{"mapping": [4, 2, 8, 5, 12, 11, 9, 10, 0, 3, 13], "R": [[0.7264051144885741, -0.4382596478195617, 0.5293997456912078], [-0.6392988874833454, -0.1481567354308331, 0.7545505378760493], [-0.2522549149320955, -0.886554038307622, -0.3878007156427763]], "T": [-0.008480304810638422, -0.08403617765770684, 0.0971383798054052], "aligned_model": [[-0.22976677258296352, -0.48292853048994344, 0.4361045096891274, -0.43895225649292413, 0.12281757678963413, -0.14347923756786093, 0.4114690398704859, 0.4637755485631796, 0.13016542858846353, -0.3715922896557732, -0.058937621943140686], [-0.6168877975396286, -0.4558872590808828, -0.5247927527239756, 0.27883358111692297, -0.045854869065757045, 0.5895821430322389, 0.5735881051060883, 0.12060496651169521, -0.4918227148575745, 0.28986746738869346, -0.00924969631229522], [-0.3153717182080622, 0.3608765485078481, -0.3024042049799779, -0.6171719626494085, -0.6218951209076424, -0.0692145501850641, 0.31503580770481127, -0.13399949256092542, 0.5098682033178923, 0.5486019498891118, 0.05004716714860581]], "inverted": false, "swapped": false, "error_lsq": 0.04750259458396094, "error_max": 0.28634546932267435, "target": "793.xyz", "model": "14.xyz", "model_rescale": 3.9786697098870705, "target_rescale": 3.8885996286738695},
{"mapping": [2, 4, 3, 5, 8, 7, 6, 9, 0, 10, 11], "R": [[-0.005794710162874361, -0.9626882980793755, 0.2705506645254523], [-0.40410563905880753, 0.24973374958850647, 0.8799611848242728], [-0.9146939672999932, -0.10423192916520677, -0.39047490460655515]], "T": [-0.0041907139872497876, 0.026323622905813603, 0.06435093572068967], "aligned_model": [[-0.24382943006353514, -0.536652236214621, 0.5580877818705002, -0.5918591643841979, -0.015726651360680396, -0.14052675907240716, 0.48300784081448167, 0.6038821931946804, 0.227572495873035, -0.5851903956547745, 0.0799097197658043], [-0.721264304460811, -0.24137724562898186, -0.5272927156158665, 0.05721566217441149, -0.03641892696681246, 0.6515965503707551, 0.558929243910379, 0.03173520102690538, -0.5649958847905053, 0.4297339023578711, 0.07011969119818007], [-0.3065034735560736, 0.204834751244665, -0.4073492605061638, -0.4818642801492314, -0.453489213945587, -0.10094351179844627, 0.39042533133825646, -0.06843581972871299, 0.34795742445425865, 0.5025523789309267, 0.0971883007932978]], "inverted": false, "swapped": false, "error_lsq": 0.04414506589312826, "error_max": 0.27054622256017025, "target": "793.xyz", "model": "15.xyz", "model_rescale": 3.769337070930944, "target_rescale": 3.8885996286738695},
{"mapping": [5, 6, 1, 4, 0, 2, 9, 3, 7, 8, 10], "R": [[0.8489710890904094, 0.45634148940903624, -0.2664592556707065], [0.45253300621025755, -0.8882113564795748, -0.07933766136596754], [-0.2728772034797914, -0.05322622722546086, -0.9605753487136719]], "T": [0.010286523936095613, -0.07601555774805308, -0.003685619190836844], "aligned_model": [[-0.22242355843261286, -0.6977794701395809, 0.6186167608407981, -0.5991958982558094, 0.08694635636677453, -0.22970137452842096, 0.5580230065066327, 0.40571005131403093, 0.11868311619990035, -0.20027657652803876, 7.298142461195298e-05], [-0.6725174883440068, -0.005311206305164101, -0.5376805039888626, -0.12528729087879031, 0.0031129310888653866, 0.6000216155468028, 0.29201520226417826, 0.4865852131322728, -0.6575052993750017, 0.3472639933754758, -0.022715992940244713], [-0.20389147794031218, 0.15490306962433378, -0.24436849494303844, -0.4875616341893749, -0.6403425652520089, -0.18230646662915412, 0.47099088987440335, -0.08470441526649396, 0.39788176139607934, 0.5776845847844155, -0.03391262438166029]], "inverted": true, "swapped": false, "error_lsq": 0.06978842089381289, "error_max": 0.4357373102241344, "target": "793.xyz", "model": "16.xyz", "model_rescale": 3.7852294659196426, "target_rescale": 3.8885996286738695},
{"mapping": [1, 5, 3, 7, 2, 11, 9, 8, 4, 10, 12], "R": [[-0.6032225701726326, 0.43823852705388566, 0.6663854171873542], [-0.7068714983698842, -0.6807289427055576, -0.192199873452842], [0.369398451034433, -0.5869881599901434, 0.7204093866717364]], "T": [0.009671414151103255, -0.057426338450019834, -0.01055475132853781], "aligned_model": [[-0.19288296227597104, -0.5300383391946545, 0.5518841972193195, -0.576588235142818, 0.00735154305176924, -0.08486523061240331, 0.46353106265449473, 0.5313596290378539, -0.10627925376182193, -0.2370487046771922, 0.012251688469708918], [-0.6332841198967764, -0.4006107757317145, -0.5599760148792398, 0.104916086022095, -0.05276825416728649, 0.6202558028858199, 0.5350440577455849, 0.303423564608374, -0.5344348192610455, 0.30537554590041116, 0.020040100349302675], [-0.3293237811675862, 0.1415860870794673, -0.30371766126235245, -0.3589389731335809, -0.6221591508215158, -0.2746415032579044, 0.42562415073349724, -0.1583203263570023, 0.5001359935792765, 0.6652847643527133, 0.038843027332176955]], "inverted": true, "swapped": false, "error_lsq": 0.047059764337508185, "error_max": 0.2414192535702486, "target": "793.xyz", "model": "17.xyz", "model_rescale": 3.901054581598922, "target_rescale": 3.8885996286738695},
{"mapping": [1, 4, 0, 6, 7, 11, 13, 3, 8, 10, 14], "R": [[0.15345930234195415, -0.8013311125150526, 0.5782029839425851], [-0.44327734103045247, -0.5787811934077607, -0.68448340307597], [0.8831508599631737, -0.1512639357972575, -0.44403128298964534]], "T": [0.04968177829938285, 0.014660439199292906, 0.09279637425393043], "aligned_model": [[-0.15890871657534134, -0.5769319325650195, 0.47153208480311787, -0.48902900052741743, 0.07269141016942897, -0.332973016944248, 0.6201999593142172, 0.7434157119741244, 0.03757783797301524, -0.6058109454520126, 0.05691200259842019], [-0.5160063993999736, -0.40683128064025276, -0.4649190007596008, 0.07355416258059183, 0.025441829173208357, 0.6517143566803539, 0.38631698912920975, 0.08480048833071355, -0.4974160706383977, 0.30340778715887107, 0.06791831196080117], [-0.307913322777242, 0.3279005158024225, -0.31653283087429424, -0.4268650264602753, -0.5697980282795347, -0.1978384530220943, 0.3455464728222488, -0.21900403031409837, 0.514755370888554, 0.49205569635442714, 0.08206626293707554]], "inverted": true, "swapped": false, "error_lsq": 0.04410849209613458, "error_max": 0.2113411918379171, "target": "793.xyz", "model": "18.xyz", "model_rescale": 3.9405287249114394, "target_rescale": 3.8885996286738695},
{"mapping": [6, 1, 5, 0, 8, 4, 13, 9, 10, 12, 15], "R": [[0.47606583876288483, 0.8711000975418014, 0.1206065389009034], [-0.802677768138757, 0.37439399890848674, 0.4642602008756469], [0.3592627418739311, -0.31782660940200747, 0.8774488752384659]], "T": [-0.004117851576179556, 0.03992646022430471, 0.12623644151024171], "aligned_model": [[-0.2155521942546062, -0.5716995754712159, 0.429888348857356, -0.48243034535995166, 0.04591729580835857, -0.3324772567352826, 0.4267994647304025, 0.6985792688124927, 0.18790020930011386, -0.3509186130604181, 0.0026687921410359595], [-0.48044651809674666, -0.29617861386119804, -0.505562615027662, 0.07831938636568103, -0.08450257596723301, 0.621511912610691, 0.4569767779258208, 0.12138849333481833, -0.5283830112403236, 0.3234344450837673, 0.0014234924479099575], [-0.36650176257143924, 0.10614191853117744, -0.3269113594607743, -0.3661225733037484, -0.6182674567432258, -0.1714269442666464, 0.42907161843684083, -0.17140519051643632, 0.6342299905710826, 0.4416591999857072, 0.13390518641465252]], "inverted": false, "swapped": false, "error_lsq": 0.03916844554890405, "error_max": 0.1870926614078874, "target": "793.xyz", "model": "19.xyz", "model_rescale": 4.410303926677745, "target_rescale": 3.8885996286738695},
{"mapping": [12, 7, 11, 8, 9, 5, 3, 6, 2, 1, 13], "R": [[0.6828820740443052, -0.7204548128300643, 0.12090051951478571], [0.7266097024619755, 0.6869718462005633, -0.010393402518382784], [-0.07556727623163058, 0.09494495878026724, 0.9926102163312375]], "T": [0.08797451264227164, -0.01311472444631518, 0.0609171406427049], "aligned_model": [[-0.18247624504962967, -0.532252523484697, 0.5658779560935058, -0.5349707110457078, -0.08522655206467704, -0.16337864193628876, 0.49653289430457065, 0.6652208752405357, 0.050054510956518056, -0.48348608575906693, 0.04277991751322176], [-0.6279173095165392, -0.337736422234583, -0.38779051736325687, 0.17003308253434615, -0.1263032757086898, 0.7362293911374572, 0.5462554480515521, -0.055901099898802285, -0.40550884159359313, 0.1797304757212031, 0.016890242446430326], [-0.2848415994397637, 0.19050240965091927, -0.5033165639808262, -0.3507304155140011, -0.5956241526786813, -0.21180196593356862, 0.2757374250564357, 0.0991504523126439, 0.5930803280715732, 0.5074184333838667, 0.004798276148591199]], "inverted": true, "swapped": false, "error_lsq": 0.048830299561672626, "error_max": 0.26244964324559394, "target": "793.xyz", "model": "20.xyz", "model_rescale": 4.121658175737393, "target_rescale": 3.8885996286738695},
{"mapping": [1, 6, 0, 8, 5, 9, 11, 7, 2, 10, 12], "R": [[0.8144964868808362, -0.574496794250938, 0.08092531281478763], [0.0007463197546858646, -0.1384482532931198, -0.9903693877371755], [0.5801680065856782, 0.806712783185862, -0.11233685761548104]], "T": [-0.028630312166635495, -0.025774370325426916, 0.01760578478359325], "aligned_model": [[-0.0944053521995793, -0.6439334498962535, 0.5990290149093157, -0.502537638183912, 0.06858185493003705, -0.20212340830423667, 0.4957218177550423, 0.5307753273627782, -0.050365741922496085, -0.4187204920764633, 0.056653462394052646], [-0.7018704772240306, -0.1987434392888138, -0.6307060921050431, 0.13955010261159123, -0.10065266414610585, 0.6749019875016257, 0.5718809846932655, 0.28878412910299267, -0.584730619738309, 0.2914768683601286, -0.0419096061917766], [-0.12710967513226712, 0.13638377918548342, -0.45911752240623765, -0.4315965834890405, -0.6523543376637185, -0.02258951787041019, 0.39500732638757113, -0.21677924160933254, 0.5307403836411738, 0.6141410685325027, -0.04235305249853527]], "inverted": false, "swapped": false, "error_lsq": 0.04844292908223185, "error_max": 0.23260506349954027, "target": "793.xyz", "model": "21.xyz", "model_rescale": 4.08911054899281, "target_rescale": 3.8885996286738695},
{"mapping": [8, 5, 0, 11, 1, 15, 3, 4, 7, 9, 16], "R": [[-0.3639959349385817, 0.9034352404907684, 0.22652091644608688], [-0.24507485677839888, 0.1417337334326162, -0.9590880373470931], [-0.8985795868609721, -0.40461872799790094, 0.1698187593586926]], "T": [0.00020420745747795274, -0.028045683719379547, 0.07409890154348359], "aligned_model": [[-0.35424951350580386, -0.6563036506180254, 0.5606059461460898, -0.5896919477417759, 0.037741356405955814, -0.21556286575978556, 0.5637752472780023, 0.6740587868841337, 0.2853109721566818, -0.5122279254287847, 0.045218988951597386], [-0.42595380325054194, -0.2491190267581599, -0.4929849104522742, 0.09116618585760333, -0.05588778108331305, 0.5917820916231702, 0.5586242524013025, 0.09736225433449511, -0.520321048589318, 0.15617759808055925, -0.04286463858799823], [-0.369515464958021, 0.2077142570642472, -0.1902130446471358, -0.3988747620907039, -0.718248346403549, -0.24333631534861694, 0.37821219033936154, -0.054295182146378074, 0.5009188704699095, 0.5334709764359551, 0.07853944836212093]], "inverted": true, "swapped": false, "error_lsq": 0.04491870009184981, "error_max": 0.25148610230347035, "target": "793.xyz", "model": "22.xyz", "model_rescale": 4.204369325754507, "target_rescale": 3.8885996286738695},
{"mapping": [6, 1, 5, 0, 8, 4, 13, 9, 10, 12, 15], "R": [[0.47606583876288483, 0.8711000975418014, 0.1206065389009034], [-0.802677768138757, 0.37439399890848674, 0.4642602008756469], [0.3592627418739311, -0.31782660940200747, 0.8774488752384659]], "T": [-0.004117851576179556, 0.03992646022430471, 0.12623644151024171], "aligned_model": [[-0.2155521942546062, -0.5716995754712159, 0.429888348857356, -0.48243034535995166, 0.04591729580835857, -0.3324772567352826, 0.4267994647304025, 0.6985792688124927, 0.18790020930011386, -0.3509186130604181, 0.0026687921410359595], [-0.48044651809674666, -0.29617861386119804, -0.505562615027662, 0.07831938636568103, -0.08450257596723301, 0.621511912610691, 0.4569767779258208, 0.12138849333481833, -0.5283830112403236, 0.3234344450837673, 0.0014234924479099575], [-0.36650176257143924, 0.10614191853117744, -0.3269113594607743, -0.3661225733037484, -0.6182674567432258, -0.1714269442666464, 0.42907161843684083, -0.17140519051643632, 0.6342299905710826, 0.4416591999857072, 0.13390518641465252]], "inverted": false, "swapped": false, "error_lsq": 0.03916844554890405, "error_max": 0.1870926614078874, "target": "793.xyz", "model": "23.xyz", "model_rescale": 4.410303926677745, "target_rescale": 3.8885996286738695},
{"mapping": [10, 3, 9, 1, 11, 7, 6, 14, 4, 0, 16], "R": [[-0.12625881812488204, 0.3447044857135194, 0.9301814491671432], [-0.09354692446505362, 0.9293695007257035, -0.3571012518096049], [-0.9875766723494628, -0.13210279576842937, -0.08509505027513121]], "T": [0.11573957612844256, 0.012270707332905258, 0.047498935653009194], "aligned_model": [[-0.07908364362543609, -0.6713292680055998, 0.47962542536845243, -0.6373450063510597, 0.13442713965680875, -0.22682536291956368, 0.6623599886930582, 0.6968845418152166, -0.06910351783075784, -0.45237616992877294, 0.0014412678959390968], [-0.5343994313490814, -0.36334113742652174, -0.3896601308384676, 0.036870278581459894, 0.04179901626933326, 0.5337740722735056, 0.4140637729759286, 0.18509560231520422, -0.509957137921518, 0.3148585078015619, -0.021122239105879764], [-0.24742413701809343, 0.2681555949769102, -0.2662823156640808, -0.363102845025544, -0.5845614574673722, -0.18187935358327587, 0.3905245130210361, -0.25341978185374747, 0.4561497416569409, 0.44255707463455407, 0.0636555933998618]], "inverted": false, "swapped": false, "error_lsq": 0.046944941659681355, "error_max": 0.2365632234713577, "target": "793.xyz", "model": "24.xyz", "model_rescale": 4.28219845311461, "target_rescale": 3.8885996286738695},
{"mapping": [6, 0, 10, 2, 14, 13, 9, 11, 1, 4, 15], "R": [[0.35943281470210076, 0.5487329215256633, -0.7547848915745705], [-0.9323823674619851, 0.17793334166553434, -0.3146471782325727], [-0.038355867364844365, 0.8168426450410428, 0.575583982300623]], "T": [0.0813870329384228, 0.08194662314039021, 0.09150481202272445], "aligned_model": [[-0.22063527287991996, -0.5890716525055415, 0.44313394403879486, -0.4705795101079017, 0.10931866216963952, -0.1081575422221616, 0.5512774536330693, 0.5626972113195994, 0.06083722673863677, -0.5176721282781985, 0.01752700286226873], [-0.6640017168995406, -0.3741206305736076, -0.42344861985737087, 0.08366932155046686, 0.007338022122657092, 0.5944119889506873, 0.47932801729213226, 0.0819553835447391, -0.33078469710111924, 0.20808597361077774, 0.045548130935702966], [-0.3141313990591573, 0.1811819174528713, -0.4018709468998761, -0.31360010285192574, -0.6659897461341615, -0.1416658546768341, 0.37108432486351817, -0.16308816383978794, 0.5804914801472482, 0.4913367250199977, 0.10062439305529663]], "inverted": true, "swapped": false, "error_lsq": 0.03790092109325012, "error_max": 0.23504480888123105, "target": "793.xyz", "model": "25.xyz", "model_rescale": 4.100010024507729, "target_rescale": 3.8885996286738695},
{"mapping": [4, 0, 9, 6, 5, 2, 3, 7, 10, 1, 11], "R": [[0.6697152680298908, 0.3341355213456666, -0.6632005074958185], [0.731269437238388, -0.4522592465406026, 0.5105943439557258], [-0.12933085451160914, -0.8269310898095356, -0.5472280171717372]], "T": [-0.025538419443804868, 0.02638876433461502, 0.050089719888670045], "aligned_model": [[-0.27163180800533754, -0.5805714940034649, 0.5345004506612352, -0.5215149507232227, 0.10618263062342928, -0.169819211049875, 0.4375505753284299, 0.6078511861994996, 0.07976502086495768, -0.39523241880172166, 0.011595413674355223], [-0.5959493833630569, -0.3497077790980932, -0.5575120989101164, 0.08114101684379871, -0.061650543794792644, 0.7295388795310163, 0.6068251336749093, 0.15309833045080137, -0.5405449666233795, 0.31514208057580567, -0.07239949571136792], [-0.513801097786861, 0.402693111954986, -0.10715896218031752, -0.3640257343124303, -0.6841342347156526, -0.1302440125561805, 0.3767605488888182, -0.15317990404225296, 0.33731731726691594, 0.5783835992367705, -0.01823800467660648]], "inverted": false, "swapped": false, "error_lsq": 0.05725643235669034, "error_max": 0.32692105006819033, "target": "793.xyz", "model": "26.xyz", "model_rescale": 3.6694154284099745, "target_rescale": 3.8885996286738695},
{"mapping": [10, 9, 4, 11, 2, 6, 1, 0, 7, 3, 13], "R": [[0.7343537881290536, -0.005220095373813544, 0.6787468338525031], [-0.3023639974407635, 0.8927592262491006, 0.33400146256977553], [-0.6077010176987949, -0.45050384521266357, 0.6540227507789416]], "T": [0.012673981243437916, -0.12846871952009017, 0.03631500830241624], "aligned_model": [[-0.16360736845687268, -0.5947362835929922, 0.47651174793578993, -0.59961117603885, 0.058372617707559644, -0.024568692234784688, 0.5167984683305912, 0.6015436186452257, -0.005688694750578226, -0.4449287097671023, 0.018589866990298704], [-0.5555251422676124, -0.3860084855402399, -0.5796716667232586, -0.055094778643667214, 0.18297518607315524, 0.5569128001554846, 0.5085211938489371, 0.06461988903887747, -0.16114688352549064, 0.23512654560234733, -0.10272748444300778], [-0.34896205749642284, 0.20833121265531163, -0.4704403534984751, -0.5602573848044547, -0.5662162975211307, 0.028859301509251284, 0.3823627007972263, -0.19364734192950825, 0.6645852323668857, 0.5941944582680865, -0.014436843269580835]], "inverted": true, "swapped": false, "error_lsq": 0.0509442422349375, "error_max": 0.3431882010391734, "target": "793.xyz", "model": "27.xyz", "model_rescale": 4.103607728864725, "target_rescale": 3.8885996286738695},
{"mapping": [8, 7, 4, 11, 13, 10, 3, 2, 1, 5, 14], "R": [[0.31023351444281566, -0.4575688815963641, -0.8332981969925961], [-0.6882734186752151, -0.7127538115218716, 0.13513587719838246], [-0.6557704382339837, 0.5316133207094201, -0.5360526182966667]], "T": [-0.0802727290561139, 0.2127468727963401, -0.044512119476069825], "aligned_model": [[-0.23509800829407115, -0.5025955451068775, 0.41494984030430504, -0.5862531864664356, 0.07120321919572833, -0.1617795167245999, 0.5266596852098172, 0.6125267298347296, 0.1789227371262904, -0.48408154553793314, 0.004220985227331789], [-0.5592430694392053, -0.3376785985401102, -0.5018541829698807, 0.10536504555434649, -0.011075859455738662, 0.7085082997980722, 0.5555069661877733, -0.023230401438496723, -0.41662960386069003, 0.05551555063065802, 0.13279702710879684], [-0.273292885281824, 0.15235454888194044, -0.3008502263357107, -0.4967445302520993, -0.6334356752811678, -0.13025899910980823, 0.23419815205770922, 0.030749703763418276, 0.5382089055574684, 0.544858020116574, 0.05858561296068897]], "inverted": false, "swapped": false, "error_lsq": 0.04210684287216503, "error_max": 0.22848094108815287, "target": "793.xyz", "model": "28.xyz", "model_rescale": 4.137296879288765, "target_rescale": 3.8885996286738695},
{"mapping": [2, 5, 3, 1, 7, 0, 9, 8, 4, 6, 10], "R": [[-0.7410957104813104, 0.4601728650121303, 0.4888947557631704], [0.4175205832696598, -0.2543770917863039, 0.8723352897369828], [0.5257886556900647, 0.8506075649092656, -0.0036138714371946046]], "T": [0.012267263159852989, -0.021416831136414398, -0.02945231619108889], "aligned_model": [[-0.3532249615678575, -0.6145673756391354, 0.38450778290170845, -0.503321212777408, 0.22452278689441812, -0.3881807493837147, 0.38718876587663037, 0.7209598737932125, 0.17227573116616027, -0.24141936580281348, 0.04993411930708444], [-0.6469724908719561, -0.22081475038782392, -0.5760832421771094, 0.07399524498767601, 0.2768046454200353, 0.5516407552097373, 0.5988422119548088, -0.01429501924879966, -0.42683217814396346, 0.10807932669654269, -0.016383329863622488], [-0.3247735418125641, 0.11378508406328776, -0.1696339586702533, -0.5698447893994284, -0.6459129947818057, -0.07148485535079198, 0.2629631459736703, -0.15617224913337835, 0.6105989703127678, 0.6301094037025435, 0.04473841217314141]], "inverted": false, "swapped": false, "error_lsq": 0.057488555873831886, "error_max": 0.3040367113359747, "target": "793.xyz", "model": "29.xyz", "model_rescale": 3.607286011436655, "target_rescale": 3.8885996286738695},
{"mapping": [12, 5, 13, 10, 11, 8, 0, 1, 7, 4, 14], "R": [[0.6628989471924703, -0.7474542438694831, -0.043325963724007516], [-0.7437573907462587, -0.6507672613580365, -0.1527315136272754], [0.08596469927494677, 0.13346956531756812, -0.9873175505441539]], "T": [0.03240439101561675, 0.028205741955589538, 0.021886905913809738], "aligned_model": [[-0.20095332509603614, -0.5905011431056189, 0.39441217601138784, -0.5445915984195636, 0.06176595924537457, -0.35398335465664377, 0.6657073563362467, 0.7208981300528646, 0.0748577169846972, -0.49113438982902136, 0.10219786724459815], [-0.5300027925121414, -0.3353320136613222, -0.5524361007159739, 0.01354619505347681, 0.00862826218570368, 0.5683574876893331, 0.5291090361385837, 0.15684664429309914, -0.570178117865177, 0.2829956631220648, 0.1364469098478783], [-0.3548747248154069, 0.26750902500222806, -0.23830520867279806, -0.4095474742210207, -0.5640189598650761, -0.1333212603020232, 0.5042554653127519, -0.19576866697072845, 0.5111960474160049, 0.41917613396554837, -0.08192774977229025]], "inverted": false, "swapped": false, "error_lsq": 0.04706956551413924, "error_max": 0.23929544213485668, "target": "793.xyz", "model": "30.xyz", "model_rescale": 3.964800864290218, "target_rescale": 3.8885996286738695},
