[{"mapping": [10, 5, 9, 6, 1, 8, 3, 0, 4, 4, 2, 11], "R": [[0.5248027383705225, -0.5105743689170107, 0.6810990380288301], [0.7237366574297063, 0.6888405837818314, -0.04127833363378623], [-0.44809299982400674, 0.5145993236879569, 0.7310268117987333]], "T": [-0.01698024635036486, -0.011041762874491634, -0.07212969316018329], "aligned_model": [[0.1170863580191489, 0.020696873936768653, -0.21397430931084696, -0.7271225563489853, -0.4517744041469788, -0.2481389135305839, 0.4208377774439509, 0.2752264298820397, 0.7205247176300643, 0.7205247176300643, -0.019117432066644936, 0.003999216837080287], [0.2902022235124853, 0.8178832743530482, -0.35262647877539716, -0.12306448134563511, 0.30164811817757486, -0.5664843339186775, -0.3886524194111645, 0.3636736850730463, -0.24004363083951394, -0.24004363083951394, -0.13974267816114086, 0.047633860150862184], [-0.6663010087109896, -0.05988021177934328, -0.5345901189797172, -0.16325212481735124, 0.3916155366293347, 0.13073161796271004, -0.44597201941245296, 0.3240962341037807, 0.16449879057812977, 0.16449879057812977, 0.7229688871605315, -0.041319154783589676]], "inverted": true, "swapped": false, "error_lsq": 0.06232211974020594, "error_max": 0.583646397243328, "target": "794.xyz", "model": "0.xyz", "model_rescale": 3.751011558992144, "target_rescale": 3.998277701690233},
{"mapping": [12, 7, 13, 0, 1, 8, 9, 6, 10, 11, 4, 14], "R": [[-0.3559000633480509, 0.0034916232432374295, -0.9345174976831527], [-0.9129615034676699, 0.21227414427050975, 0.3484838315622047], [0.19959067637268432, 0.9772039174304157, -0.07236066378733902]], "T": [-0.035783092200199006, -0.11902845434071017, -0.04057214807518776], "aligned_model": [[0.2012862286485069, -0.10729623856454829, -0.05589264119919087, -0.7103845822653948, -0.3733076421788283, -0.3936114803234768, 0.4524281945754613, 0.28105312062022764, 0.6256827047848791, 0.6705690224236242, 0.027059525901605465, 0.0011822635522120636], [0.2812214942768231, 0.5369793429436928, -0.4159690991087887, 0.22086184567144318, 0.2786244624455008, -0.5589474124474998, -0.42807350741636524, 0.4581763195630737, -0.43178249509800853, 0.23879469254873342, -0.30265032863766433, -0.10685180676496672], [-0.6198589680712987, -0.10550799023020373, -0.7030855878063028, -0.11051449618383731, 0.42163439165459465, 0.304171825173376, -0.3573220746238986, 0.32022586813115445, 0.3297002618310038, -0.13936625034483413, 0.7261792996179959, -0.07916106061857672]], "inverted": true, "swapped": false, "error_lsq": 0.04191161641358466, "error_max": 0.21507896384249517, "target": "794.xyz", "model": "1.xyz", "model_rescale": 3.9405287249114394, "target_rescale": 3.998277701690233},
{"mapping": [3, 6, 4, 1, 0, 2, 8, 11, 9, 10, 5, 12], "R": [[-0.1991529041917361, -0.8661146433185245, 0.45845779018490124], [0.24901788248183523, 0.4077461827102744, 0.878483434499173], [-0.9478017804141647, 0.2891167153839866, 0.13447419800584362]], "T": [-0.02155776248858448, 0.041761200825903566, -0.07690496913600349], "aligned_model": [[0.26023256464229294, -0.09522990541600929, -0.1373746065684561, -0.7855816899563821, -0.5463524637839684, -0.33766496878459207, 0.47855621682219435, 0.38569571852117795, 0.6510910584476235, 0.8094509332410291, -0.00548162563211042, -0.058572755557722074], [0.26466424891402096, 0.5713789586199085, -0.30366768107610187, -0.11835045201914862, 0.35030447789472285, -0.44172286159333346, -0.4767681827285822, 0.34596445668061404, -0.3164493004969166, 0.07474222085981452, -0.14274489273330104, -0.03696748434572314], [-0.5215487830560791, 0.020219380926973188, -0.6760385669738477, -0.21053890658519042, 0.49956840921186246, 0.2843276747874596, -0.3627424337873422, 0.42231369074161706, 0.18693192655002955, -0.21770240963710114, 0.6257865276391055, -0.06348129128831427]], "inverted": false, "swapped": false, "error_lsq": 0.04289510646304154, "error_max": 0.21663851593630803, "target": "794.xyz", "model": "2.xyz", "model_rescale": 3.932901565614263, "target_rescale": 3.998277701690233},
{"mapping": [12, 9, 10, 11, 8, 1, 6, 7, 4, 5, 3, 13], "R": [[-0.4338201085855036, -0.8774613949657772, -0.20460110882293442], [-0.4985546557138599, 0.04462652655557847, 0.8657088011529159], [-0.7504954154776007, 0.47756672148747614, -0.45682234826550117]], "T": [0.02513067801674066, -0.1061288320976028, 0.12282519148704028], "aligned_model": [[0.15157865061121947, 0.13756377464302028, -0.24786357099990466, -0.8277850901851718, -0.4042680345680722, -0.2047316839076935, 0.39065173953778604, 0.40188118647433513, 0.8341212708333031, 0.5896959446496834, -0.26339578134688935, 0.061320070233460984], [0.15092632036617762, 0.5948589336443081, -0.28533062141933374, 0.019246721663154803, 0.43976234878746, -0.8088563274704745, -0.35559171698802294, 0.3618040780750025, -0.3251591131482283, 0.18645080799205557, -0.124019456423602, -0.08370846710252264], [-0.5850331057576155, -0.06629881664528219, -0.5147532734950826, -0.11067932932391385, 0.3603252752645533, 0.0769342040315013, -0.3976120125332292, 0.5086235757520379, 0.3693740938471319, -0.212529694523805, 0.5436789498040268, 0.01506535210884967]], "inverted": false, "swapped": false, "error_lsq": 0.04919717332745435, "error_max": 0.2621516285414662, "target": "794.xyz", "model": "3.xyz", "model_rescale": 3.9243930471874484, "target_rescale": 3.998277701690233},
{"mapping": [2, 1, 4, 8, 9, 10, 3, 5, 6, 0, 11, 12], "R": [[0.13526677187737657, 0.9731569127170789, 0.18619485400203106], [0.46769434960513695, -0.228381255400797, 0.8538758677518554], [0.8734786178111642, -0.028418751072483817, -0.48603238453232567]], "T": [-0.05402735966974206, -0.042743486797987756, 0.016894707124939744], "aligned_model": [[0.3164447882111353, 0.01743575308208776, -0.19664987403314763, -0.6716916022442699, -0.5235166461308047, -0.30737788071825567, 0.4173356622104721, 0.5429317449044897, 0.48617259365233023, 0.6325250101515411, -0.13593127297119603, 0.04109019986069513], [0.14343551931779394, 0.6654923336990299, -0.22424790353483637, -0.06610422429138373, 0.2609570326764613, -0.6948549031555282, -0.40501900597638585, 0.30261688448108903, -0.37729949156859943, 0.3488995866514165, -0.20957495585729144, 0.026082635534208004], [-0.8073032397542349, -0.04188748459347162, -0.5299894072372832, -0.10261064131113137, 0.44704955848210703, 0.10459837671476695, -0.2985838502647012, 0.32992687989763214, 0.36007513319768075, -0.2970860245648832, 0.7860455969410671, 0.03686032102162441]], "inverted": true, "swapped": false, "error_lsq": 0.04338772236464333, "error_max": 0.2403349004107595, "target": "794.xyz", "model": "4.xyz", "model_rescale": 3.8936222436046832, "target_rescale": 3.998277701690233},
{"mapping": [7, 8, 5, 6, 9, 1, 4, 3, 2, 10, 0, 11], "R": [[0.06070123341652306, 0.7718978023675203, -0.6328421153509821], [0.9283352338326041, 0.18929806783208486, 0.31993739253173314], [0.36675475986914974, -0.6069102274762161, -0.7050893006549527]], "T": [0.05770187730089764, 0.0714685193479455, -0.010468811934649299], "aligned_model": [[0.013058337718930654, 0.10168088079770893, -0.19961993290152158, -0.6456337363640005, -0.4038601079533876, -0.30242798821057054, 0.4736904068312383, 0.318981599947045, 0.5822855462586131, 0.6395333313533227, 0.009794255090026169, 0.0312858834076726], [0.31873174613935545, 0.8046202819385048, -0.4599207278204128, 0.00329436302120871, 0.30164703109721597, -0.5950829953136312, -0.492846169779815, 0.28777455706547544, -0.3681582405692495, 0.21390346731775273, -0.17110989242206553, -0.07246991269836496], [-0.6076416331835307, 0.06963840741921301, -0.5659702170047526, -0.37827300857665924, 0.3301399523657891, 0.252446241704541, -0.3834662299427034, 0.45345643732656904, 0.28735454368356517, -0.21209183680319862, 0.8389891816437621, -0.0974866201034227]], "inverted": false, "swapped": false, "error_lsq": 0.04145493287017999, "error_max": 0.2319636984463462, "target": "794.xyz", "model": "5.xyz", "model_rescale": 3.6523030999806103, "target_rescale": 3.998277701690233},
{"mapping": [1, 3, 8, 5, 7, 9, 6, 4, 10, 2, 11, 12], "R": [[0.21674072011451295, 0.943073932265224, 0.25225982344806797], [0.6510491165453041, -0.33218296315002765, 0.6824877484896317], [0.727432820327638, 0.016310649118763676, -0.6859850250810896]], "T": [0.03099344314007256, -0.0296740031405182, -0.05961994006432016], "aligned_model": [[0.186556901683052, -0.05674252736548087, -0.2539490795048954, -0.5490164871093292, -0.4826693805567407, -0.2100960756198278, 0.4108811590541527, 0.42250890689312887, 0.5568288040047111, 0.6913947971709556, -0.05319102310929252, -0.04373751956535635], [0.34003684372022525, 0.6360323445359997, -0.5165081382323448, 0.0707699120872713, 0.19887101128116963, -0.6067270009947856, -0.3945601879040022, 0.17428937114495696, -0.512479887855554, 0.3222515618340548, 0.013698860071917132, 0.04470881828706584], [-0.6266197337795394, 0.11864436115894646, -0.42772778617005847, -0.40226119661779064, 0.32862706846503187, 0.3030762920530873, -0.44062893935231773, 0.30677627377969585, 0.2551318551900995, -0.18701728116931304, 0.8153662161233327, -0.056271911152001586]], "inverted": false, "swapped": false, "error_lsq": 0.051648387243158116, "error_max": 0.2845463362797518, "target": "794.xyz", "model": "6.xyz", "model_rescale": 4.08911054899281, "target_rescale": 3.998277701690233},
{"mapping": [10, 11, 5, 12, 13, 7, 4, 1, 3, 8, 2, 14], "R": [[0.7372618499741577, 0.6063885423528375, 0.29788907377727725], [0.03015536616024378, 0.4109453325768628, -0.9111611205078023], [-0.674933788207721, 0.6807472874249982, 0.28468844760383705]], "T": [0.11192281535842055, -0.015422932939560749, 0.03911330326761047], "aligned_model": [[0.045830672184902804, 0.004140768389774285, -0.19656276269530434, -0.49101324002514934, -0.5091667584841703, -0.4072157827174022, 0.4351048250265852, 0.19093114290127244, 0.8252334065077958, 0.6313137849057667, -0.11161541924326426, 0.20178783922427063], [0.25235108502729653, 0.5496386541090953, -0.4595691906047298, 0.2032344041308778, 0.235761001963959, -0.5633724206148245, -0.4869299969979003, 0.3828061876485306, -0.33544687562633463, 0.11880998428378824, -0.24443079692489306, 0.11753147158110856], [-0.626622231621883, -0.07758929374916296, -0.49761007009916663, -0.271787002417287, 0.33415379957623054, 0.21097208099437173, -0.3732990715130043, 0.6499465952138763, 0.16249933540705042, -0.38203217987492694, 0.7791981627231275, 0.0792650938899469]], "inverted": true, "swapped": false, "error_lsq": 0.05273058230856522, "error_max": 0.28923006944921736, "target": "794.xyz", "model": "7.xyz", "model_rescale": 3.964800864290218, "target_rescale": 3.998277701690233},
{"mapping": [4, 7, 11, 9, 8, 10, 6, 1, 3, 2, 5, 13], "R": [[-0.24884319630604285, 0.09908465106853115, -0.9634621401875736], [0.9332432939952605, -0.24158434654700844, -0.2658833535901239], [-0.2591023308754056, -0.9653078449003107, -0.03235346517530269]], "T": [0.1501863512444659, 0.008949542622309004, -0.029601611644829103], "aligned_model": [[0.30804814627180654, 0.015193018614304415, -0.2409927986572164, -0.5327686881380232, -0.43595107884816897, -0.37507980168731736, 0.3878149540984229, 0.37994032468812433, 0.5532136483035717, 0.5902248107988692, -0.11588658420694631, 0.08501252473765088], [0.037855467788681416, 0.7056910746296768, -0.37215530058359897, -0.03244441843488542, 0.25293089430222254, -0.571087560843596, -0.4051462915904899, 0.5145046841821331, -0.5206498688000095, 0.43072630651798904, -0.2785012730086271, 0.008659793816477947], [-0.7146837207199852, 0.02680053976042668, -0.653197069983709, -0.10520373435756988, 0.4039576051688891, 0.22097061385983313, -0.3590907774330551, 0.47512306746415955, 0.25859303950048984, -0.2885982203190885, 0.7090782544553366, 0.013345621133445274]], "inverted": false, "swapped": false, "error_lsq": 0.04439654671404772, "error_max": 0.25130602146761477, "target": "794.xyz", "model": "8.xyz", "model_rescale": 4.121658175737393, "target_rescale": 3.998277701690233},
{"mapping": [4, 5, 6, 9, 7, 8, 1, 10, 3, 0, 11, 12], "R": [[-0.37949215355754434, 0.5984350441277764, -0.7055928027892886], [-0.7912336329061338, 0.18534464254619112, 0.5827492613788422], [0.4795154257648222, 0.7794375288881151, 0.4031650964733556]], "T": [0.04589006089827634, -0.06864776280487447, 0.04935365272572252], "aligned_model": [[0.12812064329713488, 0.07534034263418661, -0.37415674928501075, -0.5951861491628903, -0.5275445370495703, -0.2869999326028725, 0.3469020717709664, 0.44394940426251295, 0.6361310784304126, 0.716558077227902, -0.025785769619001267, 0.08143999607130703], [0.2965323664839322, 0.5478161003170656, -0.44079433728649586, 0.20583451566400643, 0.11149205741825743, -0.689738952139402, -0.30531838000111455, 0.3829466946975706, -0.28051279546903074, 0.19089237653402044, -0.1534591798651105, -0.09530695837772521], [-0.7556367336825126, 0.020667547269841866, -0.3571554547373377, -0.40547663291397634, 0.3558390803720863, 0.23369931848742903, -0.5236302074133403, 0.5120544585483081, 0.5283241535155588, -0.2694998733120337, 0.674414988443584, -0.026505426048434977]], "inverted": false, "swapped": false, "error_lsq": 0.049147998311479195, "error_max": 0.2719679879626491, "target": "794.xyz", "model": "9.xyz", "model_rescale": 3.833441315466971, "target_rescale": 3.998277701690233},
{"mapping": [0, 5, 12, 6, 4, 7, 10, 2, 8, 13, 3, 14], "R": [[-0.08166742585773284, 0.20809615565278894, -0.9746929883590536], [0.7679931496074259, 0.6364507216223503, 0.07153321677693147], [0.6352298432141217, -0.7427156043526484, -0.21179371412117645]], "T": [-0.006906863715449241, -0.09870192525841724, -0.07193831569975473], "aligned_model": [[0.27415734597085906, 0.050639154277504116, -0.29886333617693805, -0.6717644623212764, -0.5599174703988351, -0.17830752098494634, 0.5604722181804722, 0.3956364686591253, 0.6159398499244467, 0.5997753126668193, -0.18076459814994675, 0.011765514327793259], [0.23357233718509424, 0.5731834367552747, -0.3411464097014416, -0.002619426140923267, 0.3395696962236291, -0.5828233939105862, -0.46541319738443804, 0.24191951414525426, -0.5316540799623712, 0.416806819527447, -0.0020317808054507724, -0.10898000795551449], [-0.5957891401285206, -0.020037279179322402, -0.5399149683885109, -0.17174861068151076, 0.2995584336661183, 0.35251685868202537, -0.5402949787702471, 0.4165145023973246, 0.10743215406025092, -0.11522817968696905, 0.7734907003012211, 0.020595726257313096]], "inverted": true, "swapped": false, "error_lsq": 0.04769568129768633, "error_max": 0.23130824106146622, "target": "794.xyz", "model": "10.xyz", "model_rescale": 4.2482417240324, "target_rescale": 3.998277701690233},
{"mapping": [4, 6, 10, 0, 1, 8, 9, 2, 7, 5, 3, 11], "R": [[0.5907062652298507, 0.7909495182161645, 0.15957746661674477], [-0.2341119969573986, -0.02125828999547657, 0.971977190054935], [0.7721772342531344, -0.6115120152050042, 0.17261336611367756]], "T": [0.01950608479769403, 0.014859737303142082, 0.04705458217024616], "aligned_model": [[0.24737920932325783, 0.0918895714302208, -0.24532838041539137, -0.6349367670137183, -0.5723874430043187, -0.24737221317214905, 0.3674638306980764, 0.196541972594051, 0.5564032354465216, 0.6792122476913544, 0.0993299793513476, 0.08057323304582503], [0.2784741240980177, 0.6346328657795375, -0.3990608837462472, 0.16705522749522247, 0.1546928501194724, -0.501593891937944, -0.5572541510377335, 0.4541451509956542, -0.35644067717104716, 0.23428633397130438, -0.32339872306059386, -0.01515471752966881], [-0.7557037092387957, -0.12936547968349132, -0.36952048674276416, -0.3027747510938332, 0.40657552184467627, 0.24430937139282605, -0.43348886849193385, 0.6157758725523027, 0.2271481648760636, -0.23724441120869777, 0.7800491157804139, -0.05866512145759392]], "inverted": false, "swapped": false, "error_lsq": 0.043355509758574266, "error_max": 0.24009019496811942, "target": "794.xyz", "model": "11.xyz", "model_rescale": 3.6694154284099745, "target_rescale": 3.998277701690233},
{"mapping": [3, 11, 2, 10, 7, 12, 1, 6, 0, 4, 5, 13], "R": [[0.5751192907854115, -0.4190356648676449, -0.702600108835329], [0.6940951157188716, -0.20461553522813436, 0.6901916060620487], [-0.4329777958529645, -0.8846138108305991, 0.17317226679256026]], "T": [-0.03312538330407467, 0.05615874669974065, 0.015312279048272695], "aligned_model": [[0.35904299159923136, 0.10527409348131889, -0.19515308678179538, -0.6488883180751983, -0.5615548657575716, -0.2665822205144803, 0.36998502952223133, 0.2485077978807268, 0.5373252585493647, 0.6434759065352922, -0.044122312650483594, 0.07145820218644133], [0.08850092903617691, 0.7771999865608581, -0.2376593451872182, -0.0711744576342934, 0.24252779036066718, -0.5748518247761829, -0.514540992181791, 0.31754523643639243, -0.29023547268853245, 0.22466613876767821, -0.18477377585889054, -0.006820704858890789], [-0.7504597820578618, -0.061977850671802455, -0.5448051421929875, -0.07497088961855196, 0.5033636903856286, 0.11066459476127148, -0.46247145572418547, 0.4302998543954751, 0.27091934939032364, -0.23266877497896454, 0.7810807686031553, 0.01812085623767247]], "inverted": false, "swapped": false, "error_lsq": 0.04018682630225739, "error_max": 0.2154367266190421, "target": "794.xyz", "model": "12.xyz", "model_rescale": 3.9764082729961374, "target_rescale": 3.998277701690233},
{"mapping": [14, 3, 6, 4, 7, 9, 13, 8, 10, 11, 2, 15], "R": [[-0.2633280682427386, -0.4940920096007318, 0.8285719127053838], [-0.6720488217728449, 0.7101397982808659, 0.20988532119074527], [-0.6921045510826228, -0.5015720815060599, -0.5190536941631373]], "T": [-0.014331907648996577, -0.21526570022530597, 0.017888595681552984], "aligned_model": [[0.24006847957043162, 0.09128853198750111, -0.21758887107808128, -0.6848078795836707, -0.4765000049447089, -0.2657469489468882, 0.34408358191693666, 0.36558066603401834, 0.7357446085759568, 0.6490119091738166, -0.09677253149206236, -0.06559306523817271], [0.21272294684715856, 0.6182455899992607, -0.23105992227079605, -0.03243525353836371, 0.29032914569313617, -0.6899577850204033, -0.3916294865791464, 0.23690819631202512, -0.27928807087358226, 0.1902254861185864, -0.02480352938954486, -0.1288738093223561], [-0.607342721939978, -0.03257623477276017, -0.7183830627888766, -0.16349144898084975, 0.3369625691512765, 0.2879941827390696, -0.4457003363358628, 0.4062930759548161, 0.2997276540511787, -0.14365575497725325, 0.7880750788965045, -0.020807782468092523]], "inverted": false, "swapped": false, "error_lsq": 0.03984743684001136, "error_max": 0.23525698950391818, "target": "794.xyz", "model": "13.xyz", "model_rescale": 4.170626492500431, "target_rescale": 3.998277701690233},
{"mapping": [4, 12, 2, 6, 11, 3, 0, 10, 7, 8, 9, 13], "R": [[0.9643559566895584, -0.26460789813838687, 0.0004990392284281164], [0.2256719531868857, 0.8234368417049097, 0.5205995939950967], [-0.13816569162488376, -0.5019307003619409, 0.8538008044573331]], "T": [0.042622594015553905, -0.07586490844569627, -0.03031227892543731], "aligned_model": [[0.17296521298158204, 0.1342076634837444, -0.13268638511655656, -0.755795579856967, -0.45479357598332276, -0.4736674124014729, 0.3874656503266948, 0.31232058385057, 0.8022280980754802, 0.6635642124953564, 0.004277231477582931, -0.04131722335761413], [0.24720304029039725, 0.6503011314805368, -0.42103433469052504, 0.07786039607168335, 0.16325846203407673, -0.5035323268096584, -0.5246872403701315, 0.2157354190073072, -0.2342494452587578, 0.29840921487768124, -0.17507685952683594, -0.023803949129799835], [-0.64813185839306, -0.03139795591788297, -0.562343289542128, -0.24568687680363413, 0.41134009415228917, 0.13099120204659115, -0.21872721306757448, 0.37038779380113696, 0.20493996779961532, -0.19126780028187923, 0.7728023208661389, -0.005811166130440113]], "inverted": false, "swapped": false, "error_lsq": 0.0437026989548066, "error_max": 0.22599835863048737, "target": "794.xyz", "model": "14.xyz", "model_rescale": 3.9786697098870705, "target_rescale": 3.998277701690233},
{"mapping": [8, 7, 3, 9, 6, 0, 2, 10, 4, 5, 1, 11], "R": [[-0.2341539212162735, -0.9120335023013892, 0.3366999136603767], [0.12939297005565864, -0.3724825077634765, -0.9189745593379652], [0.9635504140828433, -0.17161489472098151, 0.2052289634303302]], "T": [0.03147635191132461, 0.011661862114603797, 0.031710721275364985], "aligned_model": [[0.14496338977335205, 0.09116149231252024, -0.34001882825748475, -0.5359086091233681, -0.5861834562228578, -0.147387998878887, 0.4519231977543, 0.4515993060623966, 0.566905483398556, 0.6938428422799938, -0.10900661334468387, -0.0631217297787598], [0.09770294110359437, 0.6692110223673553, -0.446127730601041, -0.012492447320485236, 0.37547324845695224, -0.6569631464867844, -0.5717641715485017, 0.3375599707999161, -0.22480744224194305, 0.2578699147898788, -0.09036481553405178, 0.035086164191084526], [-0.4702312584251853, 0.06241562734732058, -0.673675167593448, -0.22305415734136788, 0.3685984286605108, 0.10065800525329224, -0.45479306014042564, 0.6717170608124038, 0.21146790011144798, -0.34948714724502455, 0.6878564253786521, 0.05562256171099652]], "inverted": true, "swapped": false, "error_lsq": 0.05319312300142109, "error_max": 0.28040513573319154, "target": "794.xyz", "model": "15.xyz", "model_rescale": 3.769337070930944, "target_rescale": 3.998277701690233},
{"mapping": [1, 7, 3, 4, 0, 9, 2, 8, 5, 10, 11], "R": [[-0.4076593232917501, 0.5686311499399435, 0.7144735764542243], [0.912340371043326, 0.22102218259470102, 0.3446508989769227], [0.03806472773892816, 0.7923432400917246, -0.6088869077120225]], "T": [0.02375206165572659, 0.08498637572441223, -0.03009151578037595], "aligned_model": [[-0.29247596535590065, -0.38809523327979484, -0.16306215844871802, -0.6889970179411194, 0.48669129808189143, 0.3193994052616778, 0.5441656904902318, 0.3114262552420723, 0.09490409893026976, -0.42129676640068825, 0.11996652411124901], [-0.07850702060894232, -0.5085196283429384, 0.7599675188803537, 0.3732086695730812, 0.10298583410255963, -0.521995591655928, 0.5196923889207279, -0.5232855737499572, 0.4396220727542687, -0.06164261677903746, 0.09453844453115431], [-0.5379424373812903, -0.07653889964632887, -0.17638235594909654, 0.04765695993018578, -0.6509277559283748, -0.3480508313096889, -0.05213443205163871, 0.42038067123391143, 0.6003213820791008, 0.5389287629476934, -0.02109345670069624]], "inverted": true, "swapped": true, "error_lsq": 0.04034374025529894, "error_max": 0.20459620887985244, "target": "794.xyz", "model": "16.xyz", "model_rescale": 3.7852294659196426, "target_rescale": 3.998277701690233},
{"mapping": [3, 1, 0, 4, 5, 10, 8, 7, 11, 2, 6, 12], "R": [[-0.805300249119096, 0.2100978109534863, -0.5543919359093122], [0.5283745570532978, 0.6784727573195098, -0.5103871521051375], [0.2689086019960186, -0.7039414943074565, -0.657384618290337]], "T": [0.07664888337241124, -0.0509902279841625, -0.07337364085182078], "aligned_model": [[0.16235319744974577, -0.010918440595509143, -0.27285908109575785, -0.6205198817514499, -0.34345747010821626, -0.33579432767143547, 0.49882260071325524, 0.3267007982371106, 0.6346023216398187, 0.5802793948970402, -0.07838410121039377, 0.07794346547086926], [0.290827345969757, 0.6287290633203502, -0.31672308008794936, 0.051119653825813016, 0.3102971139169546, -0.615019096378124, -0.4212837662502059, 0.24010522491089567, -0.36570650234700797, 0.29549505359720685, -0.19022775145765244, -0.13722975104406376], [-0.7863328878269521, -0.1409591648096753, -0.5958460227293946, -0.14628434008051805, 0.2804499294591721, 0.327895730719457, -0.40330993645674035, 0.513281694377255, 0.28380096884212425, -0.09315440269732893, 0.7891638491451658, -0.041610199413391655]], "inverted": true, "swapped": false, "error_lsq": 0.03870877166172526, "error_max": 0.2784809622081284, "target": "794.xyz", "model": "17.xyz", "model_rescale": 3.901054581598922, "target_rescale": 3.998277701690233},
{"mapping": [12, 7, 13, 0, 1, 8, 9, 6, 10, 11, 4, 14], "R": [[-0.3559000633480509, 0.0034916232432374295, -0.9345174976831527], [-0.9129615034676699, 0.21227414427050975, 0.3484838315622047], [0.19959067637268432, 0.9772039174304157, -0.07236066378733902]], "T": [-0.035783092200199006, -0.11902845434071017, -0.04057214807518776], "aligned_model": [[0.2012862286485069, -0.10729623856454829, -0.05589264119919087, -0.7103845822653948, -0.3733076421788283, -0.3936114803234768, 0.4524281945754613, 0.28105312062022764, 0.6256827047848791, 0.6705690224236242, 0.027059525901605465, 0.0011822635522120636], [0.2812214942768231, 0.5369793429436928, -0.4159690991087887, 0.22086184567144318, 0.2786244624455008, -0.5589474124474998, -0.42807350741636524, 0.4581763195630737, -0.43178249509800853, 0.23879469254873342, -0.30265032863766433, -0.10685180676496672], [-0.6198589680712987, -0.10550799023020373, -0.7030855878063028, -0.11051449618383731, 0.42163439165459465, 0.304171825173376, -0.3573220746238986, 0.32022586813115445, 0.3297002618310038, -0.13936625034483413, 0.7261792996179959, -0.07916106061857672]], "inverted": true, "swapped": false, "error_lsq": 0.04191161641358466, "error_max": 0.21507896384249517, "target": "794.xyz", "model": "18.xyz", "model_rescale": 3.9405287249114394, "target_rescale": 3.998277701690233},
{"mapping": [0, 7, 1, 12, 13, 10, 6, 9, 5, 8, 11, 15], "R": [[0.15466968246208118, 0.3729265323493375, -0.9148787301041474], [-0.7867806123251521, 0.6065688724215803, 0.11423865842380759], [0.5975395864679911, 0.7021395904512941, 0.38722918036293585]], "T": [-0.1239561046370905, -0.003877267722375854, -0.05278465530791018], "aligned_model": [[0.14874975483480551, 0.1644165789321862, -0.13255017292961702, -0.6129849894279046, -0.43264395873755995, -0.27581342787949986, 0.4546649379381521, 0.3028591232182264, 0.6166530794116378, 0.5859171714594809, -0.08761822703350863, -0.11288139381132181], [0.13569473288382528, 0.6262801286352507, -0.3978795418403427, 0.07811400162828135, 0.33492875321814397, -0.6804041857988137, -0.32884049983478053, 0.29983822546066996, -0.25841616379427457, 0.17041365706091768, -0.16862666775085666, -0.04071893189204685], [-0.6682726152327395, 0.07118469626002169, -0.5821312090508173, -0.28573796350488223, 0.43838958493404934, 0.3175594001893711, -0.3961212867010935, 0.5081034863281277, 0.2264475592520209, -0.2476557946745754, 0.64775113659807, -0.04242177586838075]], "inverted": false, "swapped": false, "error_lsq": 0.035850031154590525, "error_max": 0.1589827877086759, "target": "794.xyz", "model": "19.xyz", "model_rescale": 4.410303926677745, "target_rescale": 3.998277701690233},
{"mapping": [4, 7, 11, 9, 8, 10, 6, 1, 3, 2, 5, 13], "R": [[-0.24884319630604285, 0.09908465106853115, -0.9634621401875736], [0.9332432939952605, -0.24158434654700844, -0.2658833535901239], [-0.2591023308754056, -0.9653078449003107, -0.03235346517530269]], "T": [0.1501863512444659, 0.008949542622309004, -0.029601611644829103], "aligned_model": [[0.30804814627180654, 0.015193018614304415, -0.2409927986572164, -0.5327686881380232, -0.43595107884816897, -0.37507980168731736, 0.3878149540984229, 0.37994032468812433, 0.5532136483035717, 0.5902248107988692, -0.11588658420694631, 0.08501252473765088], [0.037855467788681416, 0.7056910746296768, -0.37215530058359897, -0.03244441843488542, 0.25293089430222254, -0.571087560843596, -0.4051462915904899, 0.5145046841821331, -0.5206498688000095, 0.43072630651798904, -0.2785012730086271, 0.008659793816477947], [-0.7146837207199852, 0.02680053976042668, -0.653197069983709, -0.10520373435756988, 0.4039576051688891, 0.22097061385983313, -0.3590907774330551, 0.47512306746415955, 0.25859303950048984, -0.2885982203190885, 0.7090782544553366, 0.013345621133445274]], "inverted": false, "swapped": false, "error_lsq": 0.04439654671404772, "error_max": 0.25130602146761477, "target": "794.xyz", "model": "20.xyz", "model_rescale": 4.121658175737393, "target_rescale": 3.998277701690233},
{"mapping": [1, 3, 8, 5, 7, 9, 6, 4, 10, 2, 11, 12], "R": [[0.21674072011451295, 0.943073932265224, 0.25225982344806797], [0.6510491165453041, -0.33218296315002765, 0.6824877484896317], [0.727432820327638, 0.016310649118763676, -0.6859850250810896]], "T": [0.03099344314007256, -0.0296740031405182, -0.05961994006432016], "aligned_model": [[0.186556901683052, -0.05674252736548087, -0.2539490795048954, -0.5490164871093292, -0.4826693805567407, -0.2100960756198278, 0.4108811590541527, 0.42250890689312887, 0.5568288040047111, 0.6913947971709556, -0.05319102310929252, -0.04373751956535635], [0.34003684372022525, 0.6360323445359997, -0.5165081382323448, 0.0707699120872713, 0.19887101128116963, -0.6067270009947856, -0.3945601879040022, 0.17428937114495696, -0.512479887855554, 0.3222515618340548, 0.013698860071917132, 0.04470881828706584], [-0.6266197337795394, 0.11864436115894646, -0.42772778617005847, -0.40226119661779064, 0.32862706846503187, 0.3030762920530873, -0.44062893935231773, 0.30677627377969585, 0.2551318551900995, -0.18701728116931304, 0.8153662161233327, -0.056271911152001586]], "inverted": false, "swapped": false, "error_lsq": 0.051648387243158116, "error_max": 0.2845463362797518, "target": "794.xyz", "model": "21.xyz", "model_rescale": 4.08911054899281, "target_rescale": 3.998277701690233},
{"mapping": [9, 8, 14, 15, 1, 4, 12, 6, 7, 10, 0, 16], "R": [[-0.45745528092907045, -0.4695863688115399, 0.7551313184979802], [0.7913061571513608, -0.6023757346050901, 0.10477614238615696], [0.40567133446233483, 0.6454704614352006, 0.6471465458535478]], "T": [-0.03237824316612676, -0.016316139195191988, -0.044228181258257705], "aligned_model": [[0.2220276673846302, -0.05512966376998663, -0.17298441764860353, -0.6658480551423178, -0.5945938186100733, -0.26953512356236936, 0.40861618923039245, 0.4118486403778528, 0.5882880265285377, 0.7272308512206919, 0.04183226668548445, -0.02298408671916145], [0.12152120532689925, 0.6208017651987443, -0.36269320293989976, 0.06542023109185358, 0.32008994163573357, -0.5510443198171615, -0.44107208692273, 0.3005318932355286, -0.2517292100474716, 0.17164318371353407, -0.17400708010332655, -0.04907881239573014], [-0.6952474672202461, 0.22839824229833475, -0.5658366736700104, -0.3957138580380115, 0.4038153174940937, 0.3353960708611238, -0.45663065639563855, 0.46354532024901224, 0.21101730008204586, -0.24120717981258935, 0.7105603755987906, -0.011001572917732412]], "inverted": true, "swapped": false, "error_lsq": 0.03957497384674928, "error_max": 0.272347215395104, "target": "794.xyz", "model": "22.xyz", "model_rescale": 4.204369325754507, "target_rescale": 3.998277701690233},
{"mapping": [0, 7, 1, 12, 13, 10, 6, 9, 5, 8, 11, 15], "R": [[0.15466968246208118, 0.3729265323493375, -0.9148787301041474], [-0.7867806123251521, 0.6065688724215803, 0.11423865842380759], [0.5975395864679911, 0.7021395904512941, 0.38722918036293585]], "T": [-0.1239561046370905, -0.003877267722375854, -0.05278465530791018], "aligned_model": [[0.14874975483480551, 0.1644165789321862, -0.13255017292961702, -0.6129849894279046, -0.43264395873755995, -0.27581342787949986, 0.4546649379381521, 0.3028591232182264, 0.6166530794116378, 0.5859171714594809, -0.08761822703350863, -0.11288139381132181], [0.13569473288382528, 0.6262801286352507, -0.3978795418403427, 0.07811400162828135, 0.33492875321814397, -0.6804041857988137, -0.32884049983478053, 0.29983822546066996, -0.25841616379427457, 0.17041365706091768, -0.16862666775085666, -0.04071893189204685], [-0.6682726152327395, 0.07118469626002169, -0.5821312090508173, -0.28573796350488223, 0.43838958493404934, 0.3175594001893711, -0.3961212867010935, 0.5081034863281277, 0.2264475592520209, -0.2476557946745754, 0.64775113659807, -0.04242177586838075]], "inverted": false, "swapped": false, "error_lsq": 0.035850031154590525, "error_max": 0.1589827877086759, "target": "794.xyz", "model": "23.xyz", "model_rescale": 4.410303926677745, "target_rescale": 3.998277701690233},
{"mapping": [14, 7, 15, 12, 0, 4, 9, 1, 10, 11, 3, 16], "R": [[-0.9437823739193727, 0.24311757134562165, -0.22398365382795296], [-0.32882333068864444, -0.7599586466527364, 0.5606586060808914], [-0.03391235577101823, 0.6027907612768697, 0.7971783051772747]], "T": [0.004819513937385236, -0.03302652879822246, -0.1193833883323835], "aligned_model": [[0.2163603091495459, 0.008188606249587019, -0.06357599846593547, -0.730624986940539, -0.48058202075403655, -0.16585348591246446, 0.45359148138097627, 0.36841302907046536, 0.4903134142676494, 0.5741434895514407, -0.05412599701926914, 0.002520635397657185], [0.056930049301947644, 0.6133799603349583, -0.4910030695094024, 0.2903159361148897, 0.25389893016203735, -0.5889421001022531, -0.37613822678246756, 0.3702172654609488, -0.3417983211269905, 0.2257594183709162, -0.2082803821984461, -0.03395595205016405], [-0.7560216655606306, 0.03578811905800321, -0.6624245772638102, -0.14671233445241288, 0.38305560518406767, 0.24900903517157064, -0.3901195469288311, 0.5450935094714268, 0.1851483822266216, -0.2174727911725533, 0.7609929506502662, 0.0007585321454546684]], "inverted": true, "swapped": false, "error_lsq": 0.04085543046236919, "error_max": 0.22566685830457872, "target": "794.xyz", "model": "24.xyz", "model_rescale": 4.28219845311461, "target_rescale": 3.998277701690233},
{"mapping": [3, 8, 4, 0, 6, 2, 7, 11, 12, 9, 14, 15], "R": [[-0.3365924561660164, 0.6058976113568383, -0.7208284143984657], [0.8920354386711246, 0.45036695403758076, -0.037978715956784315], [0.3016260840957605, -0.655787840130472, -0.6920722607720005]], "T": [0.11521347592218545, 0.013320118507156063, -0.01627237327835902], "aligned_model": [[0.21498877717951675, -0.13061898935594546, -0.21846034836713207, -0.6787630321696467, -0.6343912836991903, -0.3383643212803542, 0.4824515243674041, 0.45521893865880714, 0.6510495937981214, 0.753910283809675, 0.017539220336714734, 0.04420811269710721], [0.20104226644357895, 0.6433221849568802, -0.3126005356305143, -0.021273307547697917, 0.25843571948702543, -0.4434734121840056, -0.45411139975463816, 0.22099529835939993, -0.2627546586285216, 0.08683162753315413, -0.15102780212723224, 0.004997527068545372], [-0.7611553367652205, 0.1406029026996544, -0.5793763416681464, -0.20055143206663878, 0.4198562562224782, 0.21693756774370349, -0.5184575953427345, 0.35486692163823746, 0.4539214935916332, -0.22492550532751238, 0.7210159866416969, -0.035639698837978726]], "inverted": true, "swapped": false, "error_lsq": 0.04266978194037221, "error_max": 0.2401285166261766, "target": "794.xyz", "model": "25.xyz", "model_rescale": 4.100010024507729, "target_rescale": 3.998277701690233},
{"mapping": [4, 6, 10, 0, 1, 8, 9, 2, 7, 5, 3, 11], "R": [[0.5907062652298507, 0.7909495182161645, 0.15957746661674477], [-0.2341119969573986, -0.02125828999547657, 0.971977190054935], [0.7721772342531344, -0.6115120152050042, 0.17261336611367756]], "T": [0.01950608479769403, 0.014859737303142082, 0.04705458217024616], "aligned_model": [[0.24737920932325783, 0.0918895714302208, -0.24532838041539137, -0.6349367670137183, -0.5723874430043187, -0.24737221317214905, 0.3674638306980764, 0.196541972594051, 0.5564032354465216, 0.6792122476913544, 0.0993299793513476, 0.08057323304582503], [0.2784741240980177, 0.6346328657795375, -0.3990608837462472, 0.16705522749522247, 0.1546928501194724, -0.501593891937944, -0.5572541510377335, 0.4541451509956542, -0.35644067717104716, 0.23428633397130438, -0.32339872306059386, -0.01515471752966881], [-0.7557037092387957, -0.12936547968349132, -0.36952048674276416, -0.3027747510938332, 0.40657552184467627, 0.24430937139282605, -0.43348886849193385, 0.6157758725523027, 0.2271481648760636, -0.23724441120869777, 0.7800491157804139, -0.05866512145759392]], "inverted": false, "swapped": false, "error_lsq": 0.043355509758574266, "error_max": 0.24009019496811942, "target": "794.xyz", "model": "26.xyz", "model_rescale": 3.6694154284099745, "target_rescale": 3.998277701690233},
{"mapping": [11, 3, 2, 6, 1, 0, 10, 7, 8, 9, 5, 13], "R": [[0.15216023691968872, 0.8712469573285185, 0.4666647636648204], [0.9855478557578631, -0.0981836273202315, -0.13804129576804175], [-0.0744492196844419, 0.48092485345637975, -0.8735952146253649]], "T": [0.1140805625582442, -0.07267896277888874, -0.012114324463072973], "aligned_model": [[0.2012808274296942, 0.08560612046527032, -0.29006333033434184, -0.47986551639308317, -0.6028707925649337, -0.3483012673719543, 0.4986424819319467, 0.26380974056439166, 0.6517642055466716, 0.6311176926818349, -0.07195139921177926, 0.07959971323135985], [-0.03968837313002767, 0.7326647450773479, -0.3556410006872909, 0.24191258707294205, 0.10765432054806862, -0.5089471506525796, -0.3943984119145608, 0.3300053209406024, -0.3011142834602656, 0.31007965397684134, -0.2541151765776942, -0.09802872321740957], [-0.8650405839053305, 0.04655371366165526, -0.479799950865716, -0.15157988962006116, 0.4706975592010588, 0.16901119757329927, -0.34452889410178517, 0.44783683122344914, 0.24686597740936483, -0.23801692038254, 0.7351818077653101, -0.050085629429532215]], "inverted": false, "swapped": false, "error_lsq": 0.046271997892192274, "error_max": 0.30404845599159747, "target": "794.xyz", "model": "27.xyz", "model_rescale": 4.103607728864725, "target_rescale": 3.998277701690233},
{"mapping": [9, 0, 10, 3, 2, 13, 6, 1, 7, 5, 4, 14], "R": [[0.19798403658811686, -0.8970116741942242, -0.39518650991089], [0.4500353755135819, -0.2749783177575104, 0.8496205538648409], [-0.8707872771478833, -0.34605921620804203, 0.34924566831222276]], "T": [-0.013653197965547072, -0.21387013386261092, -0.07525468142407861], "aligned_model": [[0.2338340846333086, 0.015869818648276406, -0.20514236651483878, -0.5439931771900198, -0.4328750488287007, -0.26690298475809504, 0.45792615779556767, 0.29179263913284825, 0.6499485654132319, 0.6132869087008608, -0.19028901105445925, -0.00468711000290261], [0.16307164088234813, 0.49923891671726917, -0.3273587335832785, 0.3042963346676939, 0.1604684209908611, -0.6747108278027909, -0.3833706215620897, 0.42405425426087895, -0.22364736956932943, 0.13610460940788113, -0.2238224977723328, -0.08394061866113733], [-0.758474169917305, -0.05806123928095826, -0.5337604200659142, -0.19261681285422677, 0.3995551671902557, 0.3033782981906973, -0.4627463055160585, 0.47485089727095736, 0.2069125577549118, -0.21526965243694957, 0.8137391470818027, 0.009587751111959697]], "inverted": true, "swapped": false, "error_lsq": 0.04068308531297521, "error_max": 0.27169437141787167, "target": "794.xyz", "model": "28.xyz", "model_rescale": 4.137296879288765, "target_rescale": 3.998277701690233},
{"mapping": [4, 10, 8, 6, 0, 7, 1, 5, 2, 3, 11], "R": [[-0.1421898455676059, 0.8901688446822396, 0.43287582027014126], [0.13249940844822838, 0.45050042332580503, -0.8828891636803231], [-0.9809311670949854, -0.06818208371968248, -0.18200343096027694]], "T": [0.04828493825880084, 0.026461925085818357, -0.023440757368305615], "aligned_model": [[0.5745733948024173, 0.2204198607921932, -0.26801625432336107, -0.5858890737981794, -0.08905543470444974, 0.5565910979061239, 0.5814273334793268, -0.36560829706288434, -0.49062611721205496, 0.12934474308034968, -0.04174224224958299], [-0.3248337130670648, -0.6884752830736954, -0.3064540367523756, 0.25763075269078506, 0.784896653237299, -0.15804795014020492, 0.33405508770518066, -0.4804118109118405, 0.3058077984551846, 0.13456998960084476, 0.06041032890383892], [0.4201130744678674, -0.07430287720456531, -0.6903717248385467, -0.3596454281996375, -0.10082770261074242, -0.5046952479305848, -0.09952260153311829, 0.2928200800973487, 0.2795878064111992, 0.6791558984703846, -0.03655725534660592]], "inverted": false, "swapped": true, "error_lsq": 0.04020283217809241, "error_max": 0.23308550498642916, "target": "794.xyz", "model": "29.xyz", "model_rescale": 3.607286011436655, "target_rescale": 3.998277701690233},
