[{"mapping": [8, 5, 0, 10, 1, 9, 6, 13, 3, 12, 11, 14], "R": [[0.1986089497122367, 0.310822439349672, -0.9294858236094417], [-0.976851831768449, -0.014117053338296104, -0.21345071462909126], [-0.07946687275102943, 0.9503631516434985, 0.300823696096914]], "T": [0.02385301468614901, -0.056721239716173655, 0.01932495027598895], "aligned_model": [[-0.2784760578530628, 0.16189304021627732, 0.4303553809465853, -0.21766725068908147, -0.08659230211699134, -0.5323907501236357, 0.3887310291657656, -0.33966441264262853, 0.6156734191730487, 0.1974722396175922, -0.4981264601170607, -0.0035654131162599495], [-0.39461222505845034, -0.7989723743946082, -0.20811866608135887, 0.67312452148628, 0.33072734675295895, -0.5145461434917047, -0.2664912749847491, -0.49642085779192674, 0.2321915510554543, 0.3694058913552676, 0.21630216481882664, -0.08903489768893225], [-0.5656343927225803, -0.032844786340640086, -0.585560196081446, -0.03463620332431179, -0.6264546944543884, 0.023710651337819317, 0.5845300335607481, 0.6054121096251839, 0.005011743378012513, 0.4445442300904603, 0.41960512665771116, -0.055731876373006375]], "inverted": false, "swapped": true, "error_lsq": 0.028393730425573804, "error_max": 0.1319322982273941, "target": "795.xyz", "model": "0.xyz", "model_rescale": 3.751011558992144, "target_rescale": 4.167024817557245},
{"mapping": [12, 3, 13, 9, 11, 6, 10, 0, 7, 1, 2, 8, 5, 4, 14], "R": [[0.7480716832047908, -0.5950913037389998, 0.29369218069497366], [-0.566849292381028, -0.3428825379118631, 0.7490750596050092], [-0.3450661335371518, -0.7268410454902349, -0.5938278017038131]], "T": [-0.013896273805189659, 0.004963532052598842, 0.021905904557186422], "aligned_model": [[0.13504196451332867, -0.3355587861499425, -0.5351587849927091, -0.11101783499559029, 0.5776535056367763, 0.7297328721336402, 0.29194218024286284, -0.17149045056097617, 0.38159726588775045, 0.29361478878208913, -0.8014802332303247, -0.36278117581812724, -0.5033561866462561, 0.23810246538666757, -0.0027230960808764734], [-0.45014655397774944, -0.6649794228985132, -0.1283616149809774, 0.30779119973225105, 0.05559708481459678, -0.06288779684576068, 0.7421111336064615, -0.6070088590270138, -0.526368735965038, -0.21205724129264839, -0.19864248019992695, 0.3099179469601607, 0.35652339379236014, 0.5511681072178, -0.004554276987856178], [-0.5461322234212411, -0.15449011233721308, -0.46595882864202254, -0.5552010416615673, -0.5112320613611445, 0.1002489690055079, -0.16658813162896427, 0.44161817088788713, 0.05269396753015422, 0.6084419049517997, 0.17021032330106603, 0.4969852475260032, -0.14216939623716196, 0.5354535337252362, -0.030899245324030985]], "inverted": false, "swapped": false, "error_lsq": 0.035175349477085456, "error_max": 0.19280178932632344, "target": "795.xyz", "model": "1.xyz", "model_rescale": 3.9405287249114394, "target_rescale": 4.167024817557245},
{"mapping": [8, 5, 9, 3, 6, 7, 0, 4, 12, 10, 2, 1, 14], "R": [[0.4351648014192036, 0.6081369684630599, -0.6639284774690303], [0.8659815510498193, -0.48450846941024084, 0.12380426612639422], [-0.24638901933149207, -0.6288250715885184, -0.7374764270772053]], "T": [-0.047510747752654986, -0.06799996000410893, -0.12578847977317817], "aligned_model": [[-0.4197254104333955, 0.2744788526924157, -0.4088190208509186, 0.39145604947299817, 0.533639760631669, -0.6918016999600368, 0.15165467635173266, 0.6560586523128834, 0.12916709866025422, -0.4947123154156311, -0.055943075573117534, -0.4811283451414611, -0.088341943463461], [0.5405929622439074, 0.5871724795430521, 0.3782078402990572, -0.36645873830621256, -0.19872001822715832, 0.0321618896303307, 0.322580411754798, 0.1730644840714203, -0.6623085113986713, -0.650521523103834, -0.6211516225749044, -0.07525420821398414, -0.0005328521457837604], [0.0712432915592521, -0.32525087889009413, -0.5609722725780127, 0.26428506241862515, -0.5023154672533621, -0.16375529498428684, 0.475735835452054, 0.04612906617648338, -0.21590888452761348, 0.10787381122306997, 0.5073261404956312, 0.49972657186541836, -0.09099663136852099]], "inverted": false, "swapped": true, "error_lsq": 0.039603341711172975, "error_max": 0.21667324367451446, "target": "795.xyz", "model": "2.xyz", "model_rescale": 3.932901565614263, "target_rescale": 4.167024817557245},
{"mapping": [3, 6, 4, 12, 0, 8, 5, 1, 10, 7, 13, 11, 9, 14], "R": [[0.500151531917598, 0.6959702882053703, 0.5152414997414452], [-0.8329373547745306, 0.5493583518598317, 0.06648882810711086], [-0.23677797224760508, -0.4624183810978787, 0.8544620721138705]], "T": [0.019820510969997374, -0.05408807104093315, -0.012137155306293713], "aligned_model": [[-0.26368011353509435, 0.5268540396741455, 0.10680468699904516, 0.06248817744016005, -0.4242346778719937, -0.1795821815775041, 0.4083352411482251, -0.6994256230796978, -0.4266830233790979, -0.12098229880936728, 0.801868617280572, 0.24982128427649902, 0.3925650818235148, -0.01433929833670275], [0.13251646093252767, 0.10303237238086134, -0.37371153577225913, 0.5321285760201789, -0.5648494487608706, -0.6603453589121839, -0.6812648742931358, -0.13392031490539816, 0.5045539317507359, -0.09825922960711271, -0.025165640639002562, 0.43502983155777825, -0.3824698023253127, -0.12377832907631818], [-0.5767015929769468, -0.47563082985520966, -0.6998523604785145, -0.22909087381171211, -0.32195839257276315, 0.3626178128357101, -0.18071662883530085, 0.22378176339862862, 0.27504290382153773, 0.6241082248615458, 0.2256507436654458, 0.4516428494155012, 0.5096452957578843, 0.02535744783129137]], "inverted": false, "swapped": true, "error_lsq": 0.044070919608056966, "error_max": 0.31800433099053316, "target": "795.xyz", "model": "3.xyz", "model_rescale": 3.9243930471874484, "target_rescale": 4.167024817557245},
{"mapping": [3, 0, 2, 12, 10, 4, 6, 1, 7, 9, 11, 13, 14], "R": [[-0.9954177312126076, -0.09469164509041239, -0.01330536499373287], [0.06344881734971741, -0.7581736099955816, 0.6489584152187181], [-0.0715387165419346, 0.6451405036550869, 0.7607075276209601]], "T": [-0.0738848166888308, -0.03671023579657462, -0.08462101851900702], "aligned_model": [[0.08136509303401764, -0.30002690402276927, 0.5817247862251662, 0.2986314507159052, 0.6915212544435332, -0.5560006395062432, -0.3655155522855322, 0.3378152140758903, 0.14275791706470087, -0.4015790111254812, 0.298878574346452, -0.4339316825155796, -0.09843461413870762], [-0.5729477098593089, -0.02304233316817439, -0.31851107516682164, -0.4865610303798475, 0.052942644465875294, -0.5266589247899562, -0.5981404597064975, 0.323504669259204, 0.5711739031711107, 0.5074561752023535, 0.1304652627197715, 0.03626388319057833, 0.03188454874329974], [-0.434297578602834, -0.793651581712993, -0.529195336099995, 0.14210634233219496, -0.07873993321516112, -0.4165731612355975, 0.22577201789431003, -0.6138603136896806, 0.016014491014524818, 0.2552751933658878, 0.49875568494419065, 0.6461456096380871, -0.1306811192619701]], "inverted": false, "swapped": true, "error_lsq": 0.043576803947769444, "error_max": 0.22651811781609965, "target": "795.xyz", "model": "4.xyz", "model_rescale": 3.8936222436046832, "target_rescale": 4.167024817557245},
{"mapping": [10, 12, 1, 7, 0, 4, 6, 5, 9, 11, 8, 14], "R": [[0.03037957531406843, -0.1556490061690407, 0.987345161674643], [0.7023158454927099, -0.6995412873746629, -0.13188798439607652], [0.7112169391779116, 0.6974348529696444, 0.08806299614261087]], "T": [-0.12548581919051904, -0.10104650061790182, 0.005731185264955689], "aligned_model": [[-0.07539483875796087, -0.331316908888944, -0.20647471116249316, 0.3959779561177248, -0.5684131918271907, -0.6996423722697681, -0.34291659112787237, -0.08884056082804245, 0.5182567728974717, 0.3693213796746864, 0.159464614971641, -0.10247350658415492], [-0.5437643657527327, -0.692735718930285, 0.1339331567022662, -0.0008749356647114737, 0.4751071868908601, 0.1632570114555612, -0.3785481247293548, 0.4257827207129417, 0.16747264925273325, -0.6056106693778589, 0.5491682005558218, -0.02426420600543358], [-0.6230855331830739, 0.014496712821810788, -0.7136930878393202, -0.37456592870235206, -0.15524603582058194, 0.4337095907636069, 0.6159056909175031, 0.5477842948307204, 0.1860723731983478, -0.08263966229600292, -0.20349288478357977, -0.025960810631560194]], "inverted": false, "swapped": true, "error_lsq": 0.045524724318559674, "error_max": 0.31028797064431674, "target": "795.xyz", "model": "5.xyz", "model_rescale": 3.6523030999806103, "target_rescale": 4.167024817557245},
{"mapping": [1, 0, 3, 10, 12, 8, 4, 7, 5, 13, 6, 11, 14], "R": [[-0.9757780421191171, 0.18390063805298645, 0.11848108643107198], [0.08257627539414358, 0.811159118296402, -0.5789663578711932], [-0.20257929622795426, -0.5551589323142594, -0.8066970860313545]], "T": [0.08288716704928359, -0.032778798708804374, 0.004712204809578381], "aligned_model": [[0.2826927304053326, -0.33169234430044814, 0.2000577649072411, 0.8022769005164581, 0.5567861051674571, -0.323603631540199, -0.4077392052493518, 0.24158240538863593, -0.6530071488629758, -0.06549826006903972, -0.038498484146869266, 0.5795860803340803, 0.03813999211397306], [-0.49079823038664994, -0.06661326189543784, 0.44526711227288707, -0.2364870542449236, 0.37163259083854516, -0.6325132429723647, 0.4974509466242508, -0.6568716867463144, 0.02443000579059995, 0.006037522117503441, 0.5885215019668325, -0.20902014086474735, -0.10020915833699848], [0.5788566655215516, 0.621988846712608, 0.4425135498526081, 0.19152772300452017, -0.06170035034198524, 0.15582291278646473, 0.25132889013420073, -0.10441430299296037, -0.16232128133678442, -0.7986892457231717, -0.30488055896591304, -0.4743052792144114, 0.03438217004506189]], "inverted": false, "swapped": true, "error_lsq": 0.046047823018257314, "error_max": 0.29128446444233275, "target": "795.xyz", "model": "6.xyz", "model_rescale": 4.08911054899281, "target_rescale": 4.167024817557245},
{"mapping": [9, 1, 0, 3, 8, 10, 4, 13, 11, 12, 2, 7, 6, 5, 14], "R": [[0.6878739388001278, -0.36636269493519713, -0.6265842481896728], [0.3780117151203414, -0.5561282819142648, 0.740154360445756], [-0.6196261675812085, -0.7459890815654796, -0.24405676108994892]], "T": [0.029406169985927284, -0.03506444778641764, 0.030859432330233427], "aligned_model": [[0.16150249006603845, -0.3320574833499296, -0.6644302093076928, -0.15168376269648698, 0.515373560485074, 0.7348943256351005, 0.22109316861388925, -0.18405923667090665, 0.372165138166752, 0.3439082667098806, -0.7537854190974274, -0.4166533130695725, -0.365162099685557, 0.28194054367978116, 0.061072524629369296], [-0.4333886576629515, -0.6356899584491392, -0.04790294002667937, 0.3135758457528639, 0.10752133514637065, -0.002891265396531159, 0.6120925091392732, -0.48439158533053267, -0.5069285427127472, -0.19613857621251363, -0.18015408041791708, 0.29668399630430387, 0.24375716161688593, 0.5379860087214837, -0.15602936652402266], [-0.6312928869704831, -0.1848697546464838, -0.6040283018319608, -0.656241592459932, -0.42592712960200796, 0.1741292724069854, -0.17234848425260624, 0.5679182428704459, 0.09712879635410787, 0.6498468912655561, 0.15615698451382803, 0.5696199282438597, -0.09450945197395837, 0.464841913523273, -0.07744335112631442]], "inverted": true, "swapped": false, "error_lsq": 0.03516494160038021, "error_max": 0.21639420861830863, "target": "795.xyz", "model": "7.xyz", "model_rescale": 3.964800864290218, "target_rescale": 4.167024817557245},
{"mapping": [8, 5, 9, 0, 7, 4, 1, 13, 6, 12, 3, 10, 11, 14], "R": [[-0.06484122008187268, -0.5335596733733375, -0.8432732007647534], [0.7825822508155179, 0.49713750241873456, -0.3747256655172966], [0.6191612365828567, -0.6842283088550198, 0.38531932792761325]], "T": [0.009778872673767628, -0.011429046977084863, 0.11532504852145435], "aligned_model": [[-0.1645130024249729, 0.07304121168866472, 0.46452476375322765, -0.6552614313501929, 0.17040680502446556, -0.3269433089860789, -0.5085415531414831, 0.7828940798205974, 0.26868831942032156, 0.1191165411621484, -0.4316203561016224, -0.06794888653650867, 0.5595815776038606, -0.022236870471554468], [0.12798004273967453, -0.6000375705290626, 0.03682859366934365, -0.2037202860216231, 0.5152616545298268, -0.693520089480359, 0.5213410668429499, -0.25058280077875555, -0.5648406383523427, 0.04243049999725549, -0.19695383276753192, 0.6682959542389638, 0.401858760989729, 0.006607111103133792], [-0.5903222196077592, -0.3561103759671555, -0.44136820403890237, -0.15816511250746762, -0.23593024121901096, 0.17894573404440184, -0.04852203479604551, -0.0033222901869608273, 0.466462810995097, 0.729884912551114, 0.5677343039794878, 0.4700798906307308, 0.3000917787015353, 0.03735608614595651]], "inverted": true, "swapped": true, "error_lsq": 0.040265764567649194, "error_max": 0.23697821336672986, "target": "795.xyz", "model": "8.xyz", "model_rescale": 4.121658175737393, "target_rescale": 4.167024817557245},
{"mapping": [5, 4, 6, 13, 0, 8, 3, 10, 12, 1, 9, 11, 14], "R": [[0.6881033386113933, -0.7243004889763609, -0.0436187695890044], [-0.2999332288918946, -0.22917710385121207, -0.9260226310824443], [0.6607222212082293, 0.6502819824806584, -0.3749393146399671]], "T": [-0.006750685849619478, -0.023895351531357266, -0.007614250593122887], "aligned_model": [[-0.5240061631386403, -0.20952349380894691, 0.3012115547330701, 0.13203401476176013, -0.5434628887599797, -0.6840778955270918, 0.19934369440850647, 0.41719850995773883, 0.6012071622581937, -0.2474864392763204, -0.3288855758412552, 0.44909315936075805, -0.08590814269259558], [0.21728140236308735, -0.35797468267052035, 0.08045447049268215, 0.7355528987638759, -0.5316675397172443, 0.08724638057181261, -0.6053315832486381, -0.23356344853682812, -0.16015047654577058, -0.43978854197947215, 0.6103048958891306, 0.41141351456116493, -0.023389850531570094], [-0.5045991815456375, -0.6633213485944168, -0.6328074945880807, -0.27771792413612223, -0.09794038701672451, 0.2691997401207663, -0.2386637574149718, 0.600846962880985, -0.07365362413901332, 0.5826611731454349, 0.10661867636976839, 0.3239594984114678, 0.02649310046563365]], "inverted": true, "swapped": true, "error_lsq": 0.043685552023245394, "error_max": 0.29659320283320567, "target": "795.xyz", "model": "9.xyz", "model_rescale": 3.833441315466971, "target_rescale": 4.167024817557245},
{"mapping": [1, 6, 4, 5, 0, 10, 13, 7, 12, 11, 3, 9, 2, 8, 14], "R": [[-0.7993091523033233, 0.5566335528879098, -0.2264154739489451], [0.3858994690961609, 0.18664916453842562, -0.9034620573817195], [-0.4606370358486648, -0.8095191024160521, -0.36399497802588665]], "T": [0.027661007919416624, -0.11441109701681543, -0.018817099326516148], "aligned_model": [[0.2888324705470075, -0.17881945186548148, -0.6398031966217638, -0.17983732325423357, 0.5063864260205633, 0.7657420065730227, 0.16705261414649336, -0.27833051279916177, 0.3858606648521227, 0.2768104259741268, -0.8070939256542256, -0.3495105611769593, -0.33106153914350456, 0.24069414143112255, -0.04280374492081647], [-0.38877102839255284, -0.700802780269206, -0.3411611500951375, 0.18766276176436278, 0.0955940750765214, 0.12133114358103136, 0.5920854032430173, -0.30987646129912433, -0.5980203805641856, -0.3515749270613382, 0.016918061394923883, 0.3703941464208961, 0.5079041326792284, 0.34029140568509564, -0.07387251821538582], [-0.652950388216392, -0.29220360518289673, -0.3916287530813664, -0.5872632514537073, -0.455329142071727, 0.2558029635681541, -0.36104394901645326, 0.5398209385800807, -0.047715610548787105, 0.5702626628833077, 0.18182861523764002, 0.510914540216936, -0.045125729938643694, 0.5773555941437086, 0.030256191194455332]], "inverted": true, "swapped": false, "error_lsq": 0.04827709503941229, "error_max": 0.2686161415441053, "target": "795.xyz", "model": "10.xyz", "model_rescale": 4.2482417240324, "target_rescale": 4.167024817557245},
{"mapping": [4, 3, 1, 10, 5, 9, 8, 11, 12, 13, 6, 14], "R": [[0.8320783333132231, 0.2501723890666345, -0.4950347694651169], [-0.5171511131693816, 0.02729476703651864, -0.8554587785744513], [-0.20050030767646848, 0.9678164967808282, 0.15208831375397278]], "T": [0.007719059741744201, 0.010518897821895405, 0.0005257726382566774], "aligned_model": [[-0.7154990675239344, -0.20276597900875415, 0.3753995276372806, 0.6974578138461631, -0.6156637215553384, 0.07337100883395065, -0.0065465939116425495, 0.5596877547463148, 0.17882268866263823, -0.062474881649056284, -0.41076118578946297, 0.005738238074848271], [-0.23316232069328469, -0.6056143320727951, -0.30129404385883124, -0.3321571626517678, 0.41405529871633295, 0.7159358495104049, 0.3433669535246311, 0.264880751711083, -0.32316755643331985, 0.6790941260027835, 0.006528662933932776, 0.03766516336147026], [-0.015368051591969453, -0.09948798247537809, 0.5895331474964146, -0.026901376224140478, 0.146353609946186, 0.13131854243661487, 0.6614034330112357, -0.3707681515847321, -0.501386870601175, -0.4653699316954526, -0.5664438750888308, 0.08230979622558406]], "inverted": true, "swapped": true, "error_lsq": 0.05052565258115416, "error_max": 0.3107064232888809, "target": "795.xyz", "model": "11.xyz", "model_rescale": 3.6694154284099745, "target_rescale": 4.167024817557245},
{"mapping": [7, 10, 12, 2, 1, 9, 8, 5, 3, 4, 6, 0, 11, 14], "R": [[-0.18931505481010183, -0.6371325779975681, -0.7471424817773525], [-0.5054446344401791, 0.7155831653202892, -0.48214775227706896], [0.841834622439516, 0.2863613304277812, -0.45750590913970623]], "T": [-0.04990585285736649, 0.058150611421442025, -0.0017571939811083827], "aligned_model": [[-0.09945569617643424, 0.14120058410169717, -0.16629745349448555, 0.5530012013988531, 0.5627988763186041, -0.4704966667978303, 0.16883724346059484, -0.20635543540370616, 0.33540704139621874, 0.15274910982081136, -0.4173922296754653, 0.5762175686767645, -0.5192313189154503, -0.01271797445436243], [-0.37245027681902637, 0.31749844473752836, 0.6516745919250644, 0.5396309158954297, -0.14900763312444448, -0.5250280829621554, -0.6488866199286047, -0.32852162483663117, 0.5568276675136101, 0.23649097369526934, 0.4682551517076271, -0.14679492046313947, 0.15090724865263255, -0.01960854785690576], [-0.4903392181585611, -0.7018541236537422, -0.16522487548168893, -0.33576585956802124, -0.403035527897649, -0.04687903377717417, -0.001101192910969443, 0.6296868548677882, 0.19002921580688112, 0.7122479116010059, 0.43797482464826226, 0.3446792139441126, -0.5293539948649116, -0.0019687349029167966]], "inverted": false, "swapped": true, "error_lsq": 0.03661203266716101, "error_max": 0.29024723654023693, "target": "795.xyz", "model": "12.xyz", "model_rescale": 3.9764082729961374, "target_rescale": 4.167024817557245},
{"mapping": [3, 11, 8, 2, 7, 4, 0, 13, 14, 6, 10, 12, 1, 5, 15], "R": [[-0.28808340149054634, -0.8616048642441878, 0.41790550570241597], [-0.10253990060122697, 0.46165301022225214, 0.8811141055149578], [-0.9520995339618268, 0.2109823596026179, -0.22134344663030897]], "T": [-0.011634053190770852, 0.0277236649401284, 0.07021977657393756], "aligned_model": [[0.19525112360425742, -0.3730295978257482, -0.345318189203165, -0.1981210193680264, 0.4150332356554815, 0.692458308799989, 0.2938287013123019, -0.18159189362538, 0.1733806223312552, 0.4607510503310945, -0.7855965746427487, -0.47874128838992663, -0.5402209218482209, 0.41960725811547456, 0.07642767886167347], [-0.5441692501767674, -0.6588549382283182, -0.19625355566472427, 0.4364645249973536, 0.17526557352013022, 0.1639552294592074, 0.6333603101260676, -0.34574446544480303, -0.7421487794052197, -0.3105364283299862, -0.1576461609717288, 0.17302623816954849, 0.33967744154259766, 0.5210312364370016, -0.01932509208221244], [-0.5116568981391845, -0.09874110865889853, -0.511279955732395, -0.5888803938643674, -0.5357671117034818, 0.030740308566060193, -0.18863287093343845, 0.5242202548209179, 0.17918779414913188, 0.5662956064334075, -0.04277111680853901, 0.4799898681933454, -0.09288553237510942, 0.5931944195170212, 0.029967812849839008]], "inverted": true, "swapped": false, "error_lsq": 0.04129563171093288, "error_max": 0.300211827344235, "target": "795.xyz", "model": "13.xyz", "model_rescale": 4.170626492500431, "target_rescale": 4.167024817557245},
{"mapping": [5, 13, 4, 6, 0, 2, 3, 9, 8, 11, 7, 12, 1, 14], "R": [[-0.3792548810365034, 0.8128483785086255, -0.44208963883570734], [0.3881000812576564, 0.573466998672926, 0.7214665122934445], [0.8399667029935104, 0.10204467153636532, -0.532956680109413]], "T": [-0.04295049985136186, 0.01403218592565722, 0.11202354165959658], "aligned_model": [[0.24729443538446422, -0.02224128866473586, -0.27807005675581165, -0.5409740623940804, 0.19162549070278723, -0.40945924402396267, -0.5124835693358413, 0.48888162235197213, 0.6797978409376266, -0.12772536451696853, 0.4326591097391887, -0.623019555813688, 0.278807871146034, 0.03808979333465862], [-0.29221153888134277, -0.8034379826925674, 0.12118677507232142, -0.36125093692898214, 0.543190221887114, 0.7216864595479305, 0.4266233635304264, -0.4679431052309041, 0.13333465774978906, -0.3476483363503252, -0.013379969921336693, 0.005836226071538164, 0.650049677843391, 0.04003895622861416], [-0.5162169660957662, 0.12912571851003854, -0.6062482018311551, -0.21620096713099737, -0.3559692706806621, 0.37993912131964824, -0.09590451453625529, 0.17434861917969927, 0.006418735221969563, 0.7196657005582368, 0.5588219069796877, 0.34865008197989855, 0.3790426896182122, 0.0984004480283118]], "inverted": true, "swapped": true, "error_lsq": 0.03970245530082256, "error_max": 0.22821594525700953, "target": "795.xyz", "model": "14.xyz", "model_rescale": 3.9786697098870705, "target_rescale": 4.167024817557245},
{"mapping": [12, 4, 11, 10, 13, 9, 0, 8, 7, 1, 5, 14], "R": [[0.6329015016968561, 0.22538226391537672, -0.7407013732012683], [-0.7336419571355924, -0.13111822857628194, -0.6667664425158752], [-0.24739678227519957, 0.965407087837767, 0.08236496143676708]], "T": [-0.0298877949288728, -0.07086310183780475, -0.1267488036644234], "aligned_model": [[0.039084994900588484, -0.7925206993716801, 0.5817440009648638, 0.5186501672379694, 0.12235006377467164, 0.25009158423014055, -0.4951142918057684, 0.04641839216670358, 0.5273776977856749, 0.2092376069031674, -0.4989269537074322, -0.025037966311562403], [-0.39942786168735556, -0.07365205319928314, 0.027107095623492283, -0.6088917741002361, 0.6215722400469128, 0.5654313736703498, -0.2781048498320183, 0.19488067771708228, 0.05148994196665596, -0.5288881438184799, 0.49435607109346913, -0.05119822725615], [-0.6557359073588879, -0.15932002290489608, -0.47822705022471435, -0.18633010706875552, -0.5345916216078792, 0.062383135637686576, 0.4160831770267901, 0.5597701170348762, 0.19116566530035575, 0.43215908483423926, 0.055577911552021964, -0.0429678883470065]], "inverted": true, "swapped": true, "error_lsq": 0.04779893161272924, "error_max": 0.2564896270276302, "target": "795.xyz", "model": "15.xyz", "model_rescale": 3.769337070930944, "target_rescale": 4.167024817557245},
{"mapping": [5, 8, 6, 13, 4, 0, 3, 1, 12, 11, 14], "R": [[0.3315832146001634, 0.12123366465171709, 0.9356040670874286], [0.05339505720437195, -0.9925310114706213, 0.10968664064163786], [0.9419137644506339, 0.013586383780129087, -0.3355799018329542]], "T": [-0.03717445657590384, 0.022892138519063812, 0.09214297393811838], "aligned_model": [[-0.3020262403286864, -0.22966813235337746, -0.07714685106337937, -0.7636862803418453, 0.3092611242009506, 0.41871131562024744, 0.5732885212361902, 0.32089419687951687, 0.16222271174324948, -0.4418644458530146, -0.04735978904868092], [-0.015315701559255851, -0.6537464202851805, 0.6727611990243946, 0.386455888427008, 0.2609760392741438, -0.3770631490850005, 0.2642264677189088, -0.5879908901211933, 0.5074139498813061, 0.1970477681963581, -0.05870065384614702], [-0.6157462621701513, -0.13776366921145383, -0.17742822481084775, -0.0026241202605777336, -0.5450195281635264, -0.339430108396566, 0.03719250532642954, 0.37134664411581547, 0.43568159856053995, 0.6517181702920105, 0.0662906019421049]], "inverted": true, "swapped": true, "error_lsq": 0.036525831132649525, "error_max": 0.18328612198223315, "target": "795.xyz", "model": "16.xyz", "model_rescale": 3.7852294659196426, "target_rescale": 4.167024817557245},
{"mapping": [3, 7, 8, 1, 12, 11, 13, 9, 0, 4, 6, 5, 14], "R": [[0.7382384620130082, -0.41532938703995065, -0.5315124396151866], [0.5250785386238076, 0.8484672722356386, 0.0663009518913696], [0.4234341760903991, -0.3280316878078, 0.8444517217180691]], "T": [-0.07611710709084145, 0.03344531516361714, -0.059070587398594346], "aligned_model": [[0.06153488755691992, -0.2880210993494137, 0.3313163066513648, 0.030241249812015092, -0.5045330322588916, -0.7529361943843483, -0.3568818723317735, -0.08782409066105278, 0.5939079916119301, 0.4882588937547175, -0.10983686952290475, 0.473205328793916, -0.02466564945619551], [0.0477992829226959, -0.38563919801235036, -0.3359834009584572, -0.715908493690067, 0.19054824760129452, 0.040393863928336, 0.618918538279816, 0.11325527870551048, -0.23497334311953688, 0.4163898333701781, 0.7017580417320815, 0.4349207537744288, -0.016423780831055695], [-0.703099120702249, 0.3948562515927817, 0.43617789176119137, -0.13970986927888074, -0.4883931546004552, 0.16250606274565776, 0.43829354889878563, 0.6568367523010132, -0.24091993648459958, -0.4018691217544143, -0.28001695294066076, 0.27225374105363925, -0.01116139544863539]], "inverted": false, "swapped": true, "error_lsq": 0.04065951760614984, "error_max": 0.21609220738395796, "target": "795.xyz", "model": "17.xyz", "model_rescale": 3.901054581598922, "target_rescale": 4.167024817557245},
{"mapping": [12, 3, 13, 9, 11, 6, 10, 0, 7, 1, 2, 8, 5, 4, 14], "R": [[0.7480716832047908, -0.5950913037389998, 0.29369218069497366], [-0.566849292381028, -0.3428825379118631, 0.7490750596050092], [-0.3450661335371518, -0.7268410454902349, -0.5938278017038131]], "T": [-0.013896273805189659, 0.004963532052598842, 0.021905904557186422], "aligned_model": [[0.13504196451332867, -0.3355587861499425, -0.5351587849927091, -0.11101783499559029, 0.5776535056367763, 0.7297328721336402, 0.29194218024286284, -0.17149045056097617, 0.38159726588775045, 0.29361478878208913, -0.8014802332303247, -0.36278117581812724, -0.5033561866462561, 0.23810246538666757, -0.0027230960808764734], [-0.45014655397774944, -0.6649794228985132, -0.1283616149809774, 0.30779119973225105, 0.05559708481459678, -0.06288779684576068, 0.7421111336064615, -0.6070088590270138, -0.526368735965038, -0.21205724129264839, -0.19864248019992695, 0.3099179469601607, 0.35652339379236014, 0.5511681072178, -0.004554276987856178], [-0.5461322234212411, -0.15449011233721308, -0.46595882864202254, -0.5552010416615673, -0.5112320613611445, 0.1002489690055079, -0.16658813162896427, 0.44161817088788713, 0.05269396753015422, 0.6084419049517997, 0.17021032330106603, 0.4969852475260032, -0.14216939623716196, 0.5354535337252362, -0.030899245324030985]], "inverted": false, "swapped": false, "error_lsq": 0.035175349477085456, "error_max": 0.19280178932632344, "target": "795.xyz", "model": "18.xyz", "model_rescale": 3.9405287249114394, "target_rescale": 4.167024817557245},
{"mapping": [11, 5, 2, 10, 14, 13, 12, 8, 9, 7, 6, 0, 1, 4, 15], "R": [[0.22973833952873848, -0.5658055746140545, -0.7918865746344221], [0.45396027685316087, 0.7820148184063753, -0.4270513913245639], [0.8608950937193103, -0.26137497112100055, 0.43651204116440645]], "T": [0.05326429613944007, 0.08150376107311033, -0.0032615675603535656], "aligned_model": [[0.3290399155491931, -0.3515069728141209, -0.6094275825287845, -0.06918357083876943, 0.5001025878658424, 0.7092235574489798, 0.24012258043465412, -0.33979712371377546, 0.32336746084005985, 0.3523705539797931, -0.6586152272169475, -0.3594574527671421, -0.48404752665468775, 0.21150729230594345, 0.03042000221807372], [-0.39340870914233494, -0.6413220987865763, -0.20550916620965656, -0.000513112408099925, 0.2953006198991688, -0.0310730430335025, 0.5964927812238378, -0.3369944345042386, -0.6278355554207845, -0.25980584505692106, -0.10683401061751016, 0.26986358669123645, 0.4616274889545354, 0.3792116035962838, 0.06890177876270841], [-0.469758250584839, -0.07358680418773073, -0.4867782027786293, -0.7753909539221086, -0.5985475545273968, -0.09476979697908666, -0.00020331252922265244, 0.4893174982325752, 0.11028076573969448, 0.5349472657241308, 0.12338709438565484, 0.5133191057410705, -0.051442274971295526, 0.6455791087851757, -0.033372611813683305]], "inverted": true, "swapped": false, "error_lsq": 0.0338288600982895, "error_max": 0.24921134512887563, "target": "795.xyz", "model": "19.xyz", "model_rescale": 4.410303926677745, "target_rescale": 4.167024817557245},
{"mapping": [8, 5, 9, 0, 7, 4, 1, 13, 6, 12, 3, 10, 11, 14], "R": [[-0.06484122008187268, -0.5335596733733375, -0.8432732007647534], [0.7825822508155179, 0.49713750241873456, -0.3747256655172966], [0.6191612365828567, -0.6842283088550198, 0.38531932792761325]], "T": [0.009778872673767628, -0.011429046977084863, 0.11532504852145435], "aligned_model": [[-0.1645130024249729, 0.07304121168866472, 0.46452476375322765, -0.6552614313501929, 0.17040680502446556, -0.3269433089860789, -0.5085415531414831, 0.7828940798205974, 0.26868831942032156, 0.1191165411621484, -0.4316203561016224, -0.06794888653650867, 0.5595815776038606, -0.022236870471554468], [0.12798004273967453, -0.6000375705290626, 0.03682859366934365, -0.2037202860216231, 0.5152616545298268, -0.693520089480359, 0.5213410668429499, -0.25058280077875555, -0.5648406383523427, 0.04243049999725549, -0.19695383276753192, 0.6682959542389638, 0.401858760989729, 0.006607111103133792], [-0.5903222196077592, -0.3561103759671555, -0.44136820403890237, -0.15816511250746762, -0.23593024121901096, 0.17894573404440184, -0.04852203479604551, -0.0033222901869608273, 0.466462810995097, 0.729884912551114, 0.5677343039794878, 0.4700798906307308, 0.3000917787015353, 0.03735608614595651]], "inverted": true, "swapped": true, "error_lsq": 0.040265764567649194, "error_max": 0.23697821336672986, "target": "795.xyz", "model": "20.xyz", "model_rescale": 4.121658175737393, "target_rescale": 4.167024817557245},
{"mapping": [1, 0, 3, 10, 12, 8, 4, 7, 5, 13, 6, 11, 14], "R": [[-0.9757780421191171, 0.18390063805298645, 0.11848108643107198], [0.08257627539414358, 0.811159118296402, -0.5789663578711932], [-0.20257929622795426, -0.5551589323142594, -0.8066970860313545]], "T": [0.08288716704928359, -0.032778798708804374, 0.004712204809578381], "aligned_model": [[0.2826927304053326, -0.33169234430044814, 0.2000577649072411, 0.8022769005164581, 0.5567861051674571, -0.323603631540199, -0.4077392052493518, 0.24158240538863593, -0.6530071488629758, -0.06549826006903972, -0.038498484146869266, 0.5795860803340803, 0.03813999211397306], [-0.49079823038664994, -0.06661326189543784, 0.44526711227288707, -0.2364870542449236, 0.37163259083854516, -0.6325132429723647, 0.4974509466242508, -0.6568716867463144, 0.02443000579059995, 0.006037522117503441, 0.5885215019668325, -0.20902014086474735, -0.10020915833699848], [0.5788566655215516, 0.621988846712608, 0.4425135498526081, 0.19152772300452017, -0.06170035034198524, 0.15582291278646473, 0.25132889013420073, -0.10441430299296037, -0.16232128133678442, -0.7986892457231717, -0.30488055896591304, -0.4743052792144114, 0.03438217004506189]], "inverted": false, "swapped": true, "error_lsq": 0.046047823018257314, "error_max": 0.29128446444233275, "target": "795.xyz", "model": "21.xyz", "model_rescale": 4.08911054899281, "target_rescale": 4.167024817557245},
{"mapping": [7, 12, 3, 4, 0, 6, 1, 9, 10, 5, 14, 15, 2, 11, 16], "R": [[-0.5162580924016804, 0.20185035353441827, -0.8323064440503922], [-0.7674976207205058, -0.5402787348493683, 0.34503085493608965], [-0.38003287254939006, 0.8169181865080473, 0.43384293509778704]], "T": [0.019918952328108436, -0.013711299483596753, 0.0042620420340795], "aligned_model": [[0.3346175213798149, -0.28223934472110906, -0.7150836547003916, -0.19118114059608216, 0.4250071092503419, 0.7455919079096082, 0.2305060334529384, -0.17324364487475852, 0.3842839176189213, 0.31781479004109725, -0.584629201568383, -0.45533726109314515, -0.3641890423063403, 0.12740400499909207, 0.02479649931670848], [-0.4971582866798524, -0.6798346314047452, -0.1054387956290865, 0.22593621114468104, 0.21301425402605942, -0.09846901057635626, 0.751168724481465, -0.4843561381590318, -0.7108911232026003, -0.2771304660315848, -0.20498996264900837, 0.40101543404661716, 0.557903047343954, 0.39271030992574707, -0.015377682688111585], [-0.41171873783093477, -0.09548552048586002, -0.4492090787737016, -0.6156557003195545, -0.6158818982623346, -0.14331512591305232, 0.028960452277862325, 0.5029896815654528, 0.18402264584565067, 0.5870119596802408, 0.10303748728774899, 0.3698304843181807, -0.21246801202411406, 0.6439193480315036, -0.04305690908277954]], "inverted": false, "swapped": false, "error_lsq": 0.03793833657190791, "error_max": 0.26302372077492087, "target": "795.xyz", "model": "22.xyz", "model_rescale": 4.204369325754507, "target_rescale": 4.167024817557245},
{"mapping": [11, 5, 2, 10, 14, 13, 12, 8, 9, 7, 6, 0, 1, 4, 15], "R": [[0.22973833952873848, -0.5658055746140545, -0.7918865746344221], [0.45396027685316087, 0.7820148184063753, -0.4270513913245639], [0.8608950937193103, -0.26137497112100055, 0.43651204116440645]], "T": [0.05326429613944007, 0.08150376107311033, -0.0032615675603535656], "aligned_model": [[0.3290399155491931, -0.3515069728141209, -0.6094275825287845, -0.06918357083876943, 0.5001025878658424, 0.7092235574489798, 0.24012258043465412, -0.33979712371377546, 0.32336746084005985, 0.3523705539797931, -0.6586152272169475, -0.3594574527671421, -0.48404752665468775, 0.21150729230594345, 0.03042000221807372], [-0.39340870914233494, -0.6413220987865763, -0.20550916620965656, -0.000513112408099925, 0.2953006198991688, -0.0310730430335025, 0.5964927812238378, -0.3369944345042386, -0.6278355554207845, -0.25980584505692106, -0.10683401061751016, 0.26986358669123645, 0.4616274889545354, 0.3792116035962838, 0.06890177876270841], [-0.469758250584839, -0.07358680418773073, -0.4867782027786293, -0.7753909539221086, -0.5985475545273968, -0.09476979697908666, -0.00020331252922265244, 0.4893174982325752, 0.11028076573969448, 0.5349472657241308, 0.12338709438565484, 0.5133191057410705, -0.051442274971295526, 0.6455791087851757, -0.033372611813683305]], "inverted": true, "swapped": false, "error_lsq": 0.0338288600982895, "error_max": 0.24921134512887563, "target": "795.xyz", "model": "23.xyz", "model_rescale": 4.410303926677745, "target_rescale": 4.167024817557245},
{"mapping": [9, 13, 6, 15, 8, 10, 4, 7, 11, 1, 12, 0, 5, 3, 16], "R": [[0.6902926017779575, -0.7108309921419811, 0.13496453067774983], [-0.6986417108531642, -0.7033527222186239, -0.13112859338761862], [0.18813793819105767, -0.003774752720174371, -0.9821353610654285]], "T": [-0.010519913621523911, -0.11422647144818387, -0.0504670278446841], "aligned_model": [[0.41318670150194137, -0.5395248392409787, -0.6397936812595753, -0.07783458677103662, 0.5184634122367625, 0.6292777331694761, 0.18666080862254808, -0.20559420990664792, 0.34157453047487357, 0.37214598887629496, -0.7741333145095133, -0.3639020318460313, -0.37602774752299006, 0.31037768292347184, 0.029242047359716656], [-0.24624719026737113, -0.5762342825015943, -0.2104033698036794, -0.03661240608897834, 0.3502411121876065, 0.0014245882374191998, 0.5440952756984623, -0.4841304574138402, -0.6372559691250569, -0.2455679416659174, 0.02940332498268844, 0.192535362118325, 0.356826612694301, 0.4817720761573857, -0.051744851261604205], [-0.49257925085086257, -0.08028640116352463, -0.4659939455589592, -0.7566957319285246, -0.4749115730680737, -0.017790586332323444, -0.09067415408175672, 0.46629980233879537, 0.006023091708114471, 0.7062704265190547, 0.1555448415832757, 0.5423264160059049, -0.2507544430869901, 0.5420373589895049, 0.04416522524067347]], "inverted": false, "swapped": false, "error_lsq": 0.04103860441178589, "error_max": 0.26131451367064384, "target": "795.xyz", "model": "24.xyz", "model_rescale": 4.28219845311461, "target_rescale": 4.167024817557245},
{"mapping": [0, 2, 6, 8, 1, 3, 5, 13, 4, 7, 14, 12, 10, 9, 15], "R": [[-0.1778697048090759, 0.7844081058986465, 0.5941938164535459], [0.5547389097883147, 0.57866059498358, -0.5978433388272562], [-0.8127897083981837, 0.22328421174312157, -0.5380678867097056]], "T": [-0.007211148233253931, -0.023674871847018185, 0.06227047397022474], "aligned_model": [[0.0824787654091506, -0.36263043371065407, -0.47221342847140013, -0.07871330595285886, 0.4294701960096879, 0.7651925606920904, 0.2564255435097054, -0.1617054398115469, 0.45250864539540303, 0.4433843439731649, -0.7679318863136049, -0.45791563974237964, -0.584965936329477, 0.2779968397985166, 0.0027376696525153385], [-0.5600255876083641, -0.60192188168628, -0.19090139433496228, 0.351965349875999, 0.10223367123505436, 0.03158733955419272, 0.7457658272480729, -0.3480988011590092, -0.5892927155123974, -0.2702062442545659, -0.0610294297575665, 0.17501520531628928, 0.3879205209890615, 0.3713817551170004, -0.07629173107437869], [-0.5458724377938738, -0.02766034116344572, -0.6913907924558369, -0.5171498589437551, -0.388655064467995, 0.04267600308570772, -0.1901921693198801, 0.5353424398448623, 0.004109152638400629, 0.646848946523167, 0.0695657157361038, 0.6469136256476933, -0.29338871156542246, 0.5307364267710141, 0.011098141777568585]], "inverted": true, "swapped": false, "error_lsq": 0.04336189783634438, "error_max": 0.24770900705256696, "target": "795.xyz", "model": "25.xyz", "model_rescale": 4.100010024507729, "target_rescale": 4.167024817557245},
{"mapping": [4, 3, 1, 10, 5, 9, 8, 11, 12, 13, 6, 14], "R": [[0.8320783333132231, 0.2501723890666345, -0.4950347694651169], [-0.5171511131693816, 0.02729476703651864, -0.8554587785744513], [-0.20050030767646848, 0.9678164967808282, 0.15208831375397278]], "T": [0.007719059741744201, 0.010518897821895405, 0.0005257726382566774], "aligned_model": [[-0.7154990675239344, -0.20276597900875415, 0.3753995276372806, 0.6974578138461631, -0.6156637215553384, 0.07337100883395065, -0.0065465939116425495, 0.5596877547463148, 0.17882268866263823, -0.062474881649056284, -0.41076118578946297, 0.005738238074848271], [-0.23316232069328469, -0.6056143320727951, -0.30129404385883124, -0.3321571626517678, 0.41405529871633295, 0.7159358495104049, 0.3433669535246311, 0.264880751711083, -0.32316755643331985, 0.6790941260027835, 0.006528662933932776, 0.03766516336147026], [-0.015368051591969453, -0.09948798247537809, 0.5895331474964146, -0.026901376224140478, 0.146353609946186, 0.13131854243661487, 0.6614034330112357, -0.3707681515847321, -0.501386870601175, -0.4653699316954526, -0.5664438750888308, 0.08230979622558406]], "inverted": true, "swapped": true, "error_lsq": 0.05052565258115416, "error_max": 0.3107064232888809, "target": "795.xyz", "model": "26.xyz", "model_rescale": 3.6694154284099745, "target_rescale": 4.167024817557245},
