[{"mapping": [8, 5, 1, 6, 0, 11, 3, 4, 2, 9, 10, 12], "R": [[0.8316031954212346, 0.36186906043425043, 0.42129195157945454], [-0.2785322785770536, -0.3845236293875722, 0.8800916703578578], [0.4804746561015131, -0.8492304525528054, -0.21897886496438615]], "T": [-0.07186962088509972, -0.08152171186426879, 0.006211181247069951], "aligned_model": [[-0.24595091796956414, 0.08692677870803102, 0.4447356591960536, -0.2244815154824618, 0.082835594175509, -0.6235159041830293, 0.41155198709916113, -0.28371540321541533, 0.6807324362987709, 0.049993246159087734, -0.43332466661538727, -0.10814483171020658], [-0.23416330726842557, -0.6962019000021404, -0.231382674732002, 0.5552582465417442, 0.4473958344122282, -0.5866043598263625, -0.34985493249722466, -0.5615221478295693, 0.2027069358792208, 0.4994568125240859, 0.06496444029960177, -0.05649791152409904], [-0.5582583845419229, 0.0050978692601866896, -0.4902385742390547, -0.18866589104635298, -0.6993625349516837, 0.043906826869528064, 0.4590054269511391, 0.6688512367770822, -0.032796578293966074, 0.36619180670846113, 0.5703007202788455, 0.03791982158130034]], "inverted": true, "swapped": true, "error_lsq": 0.04404509647775371, "error_max": 0.2668578265921797, "target": "796.xyz", "model": "0.xyz", "model_rescale": 3.751011558992144, "target_rescale": 3.93241150471929},
{"mapping": [6, 1, 4, 8, 2, 0, 11, 12, 7, 9, 13, 3, 14], "R": [[-0.8860673978570308, -0.4491575640054368, -0.11463877682342921], [0.4372535213012092, -0.7277102294322224, -0.5284384354770147], [0.1539283098216932, -0.5183582782944668, 0.8411960358674028]], "T": [-0.08388078793584103, 0.0559579807594751, -0.09974172592911841], "aligned_model": [[0.21913959469584415, -0.23884907973242836, -0.6469080205630182, -0.7402710550758413, -0.40964750250072746, -0.09637509929460031, 0.5144962935733404, 0.6374357694077055, 0.3673854751908219, 0.10584350508028595, 0.11008007852052343, 0.28372077209384844, -0.036676938832945184], [-0.4748496437366282, -0.6214112188246462, -0.23648543413567585, 0.05853961166812968, 0.34954774470344196, -0.38030871113238524, 0.08690827442522812, 0.17946011923084287, -0.4140370136377254, 0.6333511505356051, 0.6562724490099044, 0.10851152207991265, 0.08198025515948934], [-0.5358009635983731, -0.04643745379028742, -0.5720246435901885, -0.0019490650306478452, 0.6012712555320194, 0.5207578987515803, -0.6267312292147476, 0.02841735479583128, 0.023304967657166206, -0.35432263933328095, 0.2601248045975188, 0.5677259570872164, -0.10966393880170337]], "inverted": true, "swapped": false, "error_lsq": 0.04613670627710574, "error_max": 0.2940114967001415, "target": "796.xyz", "model": "1.xyz", "model_rescale": 3.9405287249114394, "target_rescale": 3.93241150471929},
{"mapping": [10, 8, 9, 2, 1, 4, 11, 6, 3, 5, 0, 7, 12], "R": [[-0.3326548821803982, -0.15857960914754465, -0.9296199421936677], [0.5260109817434908, -0.84937291904082, -0.04333695288464587], [-0.7827216468495011, -0.5034065473975174, 0.36596266420294377]], "T": [0.016745892181444635, 0.01670087874565897, 0.03561554945274448], "aligned_model": [[0.25385814724995864, -0.33058892427145603, -0.2170028488578648, -0.5719442358899258, -0.2883923775709481, -0.25554589606391087, 0.32859298702552936, 0.4969514726968546, 0.3586046483577484, -0.25905957535031704, 0.11415078568746151, 0.5090883569664331, -0.06933874741675426], [-0.588303165691986, -0.6346494756158843, -0.28721828503240737, 0.3582368010257924, 0.3427489229539152, -0.4493879481496563, 0.2193350081944569, 0.26876725853538164, -0.43245527689611996, 0.4871049171098042, 0.8478809604718455, -0.13401493897934538, 0.02943432741969631], [-0.5021901812928349, -0.2005856598212227, -0.6738742496571781, 0.004522553051899053, 0.6896871369405004, 0.4831801921361291, -0.5720892210213855, 0.07055598463871912, 0.12611978826828235, -0.44472564714300805, 0.08642840942549726, 0.6387685091678297, 0.04887469036887563]], "inverted": true, "swapped": false, "error_lsq": 0.05627146750796764, "error_max": 0.33853887404040767, "target": "796.xyz", "model": "2.xyz", "model_rescale": 3.932901565614263, "target_rescale": 3.93241150471929},
{"mapping": [2, 0, 4, 7, 8, 3, 6, 10, 1, 5, 9, 11, 13], "R": [[-0.9962724580307181, 0.05475369202711905, -0.06665750204463598], [0.08121024062367152, 0.3347692826210646, -0.9387941330404782], [-0.029087560696569644, -0.9407080102894719, -0.33796797657462485]], "T": [-0.002365586462974363, 0.0015184002061283857, 0.05397873417488411], "aligned_model": [[0.14492709725909064, -0.25280448445501646, -0.4257908018003516, -0.6690936972235174, -0.2635474971704761, -0.21818456181420637, 0.3809387077668458, 0.698138922205855, 0.4361905889396929, -0.08637751068713989, -0.20441890303112237, 0.4693837303667596, 0.0600122022063952], [-0.4853041239999314, -0.6007671265579451, -0.20146363891096405, 0.24172958231430566, 0.27498852276612507, -0.27509983247622916, 0.1171216284259783, 0.1504329024515239, -0.5948046006289364, 0.5010645323437699, 0.7043453418001439, 0.11309443306225915, 0.08214148475539337], [-0.6059519806928902, -0.09926235615685722, -0.682727301737771, -0.03270899078667856, 0.6830930537687936, 0.4249099964152786, -0.49956076065081223, 0.07020663166286739, 0.025065405009916497, -0.4561147318773109, 0.12470133892230037, 0.8041201004054068, -0.001098099220139738]], "inverted": true, "swapped": false, "error_lsq": 0.04435712426487849, "error_max": 0.2783010479698309, "target": "796.xyz", "model": "3.xyz", "model_rescale": 3.9243930471874484, "target_rescale": 3.93241150471929},
{"mapping": [2, 7, 1, 9, 11, 8, 0, 3, 4, 5, 6, 10, 12], "R": [[-0.6985020964404711, 0.680604820196784, -0.22106989843298513], [0.7025084846657805, 0.5933359847700621, -0.3929812185709764], [-0.13629618571645966, -0.4298016843869324, -0.8925770901481285]], "T": [-0.03459355906011606, 0.013952851333174185, 0.09033721349694959], "aligned_model": [[0.46587361932949445, -0.10537243967953715, -0.4414168575732562, -0.7101678765297078, -0.3673193054567302, -0.28185375302213933, 0.22816168209614812, 0.6214014784987598, 0.2975432985457052, -0.11528974006989133, 0.29522629753637875, 0.2236807429492183, -0.04109335406163413], [-0.43984293727907736, -0.6890334014752603, -0.09045544969861326, 0.02818737400734353, 0.5945558826850279, -0.44700430576034417, 0.12222466158488508, 0.09952647698189936, -0.4764670854117639, 0.569069515781858, 0.6556968767230923, 0.024147937622562385, 0.07687355958388356], [-0.5380070201092039, -0.288766251711157, -0.487377257885782, 0.29302937347510116, 0.5126259524628048, 0.4406474541727703, -0.711260722946454, -0.033360141592538306, 0.12958849249391619, -0.4185406844281695, 0.1203369269576213, 0.7463236193439423, -0.010567435170747957]], "inverted": true, "swapped": false, "error_lsq": 0.04578565412692426, "error_max": 0.2422981387308544, "target": "796.xyz", "model": "4.xyz", "model_rescale": 3.8936222436046832, "target_rescale": 3.93241150471929},
{"mapping": [7, 6, 8, 11, 1, 2, 9, 3, 4, 10, 5, 12], "R": [[-0.008656896697159008, -0.5348844621940081, -0.8448808615674764], [0.6309343264670726, 0.6525757883897338, -0.41960304585769964], [0.775787943851357, -0.5366967975597992, 0.33182768670492185]], "T": [-0.133161170278496, -0.032064719561462895, -0.05963742350114392], "aligned_model": [[0.013414128658654823, -0.5129536934893582, -0.31300293964172454, 0.4683443400768568, -0.6557974569082488, -0.7291076690852585, -0.28348700373613356, 0.028973135531633387, 0.6626437359013093, 0.34786781026654373, 0.10688244926831647, -0.10622879462749382], [-0.5631741640671657, -0.5970318639381715, 0.07759572224493413, 0.04176539681196487, 0.4679582016467781, 0.1874739054578481, -0.480615479115526, 0.39179863658389297, 0.1208013999677397, -0.4495498274930709, 0.5501169690309602, -0.0782159920203763], [-0.5210347844060305, -0.11730842309166231, -0.6322290500896566, -0.49961844556476204, -0.17202102322033652, 0.4357088681620613, 0.44847379933398784, 0.4924260868857699, 0.18056540331626447, 0.19457165469213183, -0.14021540969508176, -0.050033957047167225]], "inverted": true, "swapped": true, "error_lsq": 0.037033964108910696, "error_max": 0.28027689326516525, "target": "796.xyz", "model": "5.xyz", "model_rescale": 3.6523030999806103, "target_rescale": 3.93241150471929},
{"mapping": [0, 2, 1, 6, 10, 4, 5, 7, 3, 8, 9, 11, 12], "R": [[0.42736248711800473, -0.8604956253044089, -0.2773239683768569], [-0.6741750594056013, -0.09894273821354782, -0.731914150587526], [0.6023697318755048, 0.49975755460701143, -0.6224091039930674]], "T": [-0.04612647134374833, 0.06514922593228474, -0.024325421010300854], "aligned_model": [[0.428020399667059, -0.4972279594941642, -0.3064472758732611, -0.6681419902250233, -0.48857577894582216, -0.10005847611942403, 0.2821620757156235, 0.6338405015913817, 0.35942329069571033, -0.18311895324958846, 0.10443517982388154, 0.46272846594154876, 0.04233431303488739], [-0.542164310686332, -0.5348792391533632, -0.34132013325902466, 0.23065521232122194, 0.28254263874060603, -0.2819000823043136, 0.2167069611834323, 0.07991255295283421, -0.49870129766403654, 0.6231486706743344, 0.6935977670826804, 0.07036610324552635, 0.029514262211927503], [-0.6516361442162302, 0.08830194104954545, -0.5237156539555962, -0.11558836426983422, 0.5803660341443008, 0.4293040736660182, -0.6015259171482842, 0.04082839384273984, -0.03990362687209806, -0.37585462639064066, 0.29978335009017154, 0.6937333789026685, -0.06942053378065684]], "inverted": false, "swapped": false, "error_lsq": 0.05974717033749792, "error_max": 0.4087835769529453, "target": "796.xyz", "model": "6.xyz", "model_rescale": 4.08911054899281, "target_rescale": 3.93241150471929},
{"mapping": [10, 12, 5, 7, 2, 13, 8, 9, 11, 4, 6, 1, 14], "R": [[-0.5561915480135708, -0.7165110051704819, 0.4210260578489814], [-0.20429908448934786, -0.3731861045368021, -0.904982881306305], [0.805551268384007, -0.5893590678442413, 0.06118041479660635]], "T": [0.025911691088144895, 0.060790327830929844, -0.026125152720446132], "aligned_model": [[0.1694306728060767, -0.25341287968382936, -0.5005184368727378, -0.7294386878771664, -0.29950799168703035, -0.2484056556033401, 0.49584343458143176, 0.7898106974005568, 0.3419055408276324, -0.06621384875946651, -0.1675952876676978, 0.35485898505597363, 0.1826172500424061], [-0.4088744044871519, -0.5906436536599944, -0.04388461031237963, 0.1538283233708725, 0.34521777619292193, -0.39751446826339354, 0.14988188836293898, 0.18589416739497172, -0.4283167983839272, 0.42915346812614225, 0.5119164292233706, 0.07534755106782969, 0.0454734367132923], [-0.5534696697159449, -0.10104824617721593, -0.5668799097805308, 0.1155741800949247, 0.6545675826396761, 0.4744757157693197, -0.5123101212091018, 0.0978290541022145, 0.04772042243351149, -0.619986223579524, 0.06433619962804929, 0.6292585699171163, 0.024604750939609593]], "inverted": false, "swapped": false, "error_lsq": 0.041745702151063144, "error_max": 0.2953454301850465, "target": "796.xyz", "model": "7.xyz", "model_rescale": 3.964800864290218, "target_rescale": 3.93241150471929},
{"mapping": [1, 8, 5, 10, 11, 9, 0, 2, 7, 3, 6, 4, 13], "R": [[0.5346407632134356, 0.2350929181560332, -0.8117207488683751], [-0.745173999013009, 0.5841916597619594, -0.3216143900069258], [0.398591226076936, 0.7768213594498078, 0.48751780480002704]], "T": [0.06178799257532716, 0.016124475989765526, -0.0019926858690888817], "aligned_model": [[0.377695707230572, -0.3188103865295566, -0.5567945736385266, -0.7580023925928693, -0.24044147040011501, -0.3989645992407581, 0.46144008696211325, 0.7230042719889715, 0.41033901805208894, -0.1134718505926067, 0.0608464437893252, 0.4193212835447283, 0.0032122539894420127], [-0.41840127227128776, -0.6476297736034352, -0.18142417861945662, 0.07087700251641849, 0.31073114788708645, -0.3033329135397486, 0.3589285198634498, 0.03612343036093358, -0.6021673280637804, 0.5329477388458761, 0.57734374833707, 0.32867373227711266, -0.035190748644745896], [-0.5259293052152334, -0.07704434392527637, -0.5286812663478665, 0.006945895224119172, 0.7114479809539064, 0.3973952861560615, -0.4877117028725903, 0.029658560812979597, 0.053510400901126895, -0.479633134371853, 0.14476515893105843, 0.5172146939481261, -0.007265919132454442]], "inverted": false, "swapped": false, "error_lsq": 0.045813484724666384, "error_max": 0.3567747450489153, "target": "796.xyz", "model": "8.xyz", "model_rescale": 4.121658175737393, "target_rescale": 3.93241150471929},
{"mapping": [3, 10, 11, 7, 9, 5, 2, 1, 0, 8, 6, 4, 12], "R": [[-0.27467767405662463, -0.14277229986969386, -0.9508776187106104], [0.5800290455867314, -0.8133278756839524, -0.045432069193190816], [-0.766888832654765, -0.5640158127440644, 0.3062150899679247]], "T": [-0.05036677038186449, 0.010323159716734878, -0.04519701739349441], "aligned_model": [[0.13369511664170858, -0.2296702252564663, -0.4605061887363678, -0.7032867381776464, -0.3073573652496155, -0.23601750417680895, 0.46360308085421037, 0.6021125190409453, 0.5176506414931867, -0.16982490701877231, 0.04971578012155435, 0.37790778904320615, 0.03135179398367449], [-0.4323752976356961, -0.7186737210806701, -0.12120673022805999, 0.16800686854459324, 0.4384584126668734, -0.3909869359226571, 0.10112495386492391, 0.1721313697678516, -0.4880516946380042, 0.5610975179875854, 0.6825927140723677, 0.0236869452964042, 0.031674702649981616], [-0.6719531813624826, -0.15875162739701038, -0.5115848604130611, 0.018381862252591058, 0.6210205569512441, 0.38631418576938664, -0.5033852724358108, 0.10652837846326213, 0.17344188005144578, -0.5066411609145387, 0.08978142334865757, 0.7323184028413501, -0.02079828209293003]], "inverted": false, "swapped": false, "error_lsq": 0.03258744568326348, "error_max": 0.22521145073456628, "target": "796.xyz", "model": "9.xyz", "model_rescale": 3.833441315466971, "target_rescale": 3.93241150471929},
{"mapping": [1, 6, 4, 3, 9, 7, 0, 10, 12, 5, 2, 8, 14], "R": [[-0.7345637053064665, 0.5823784143279129, -0.34821192594645706], [0.5435729809035836, 0.1979007176105524, -0.8156983023157651], [-0.40613369384726944, -0.788460961934156, -0.46193585510094193]], "T": [0.07217447716583356, -0.06365278698654511, -0.015780414225419714], "aligned_model": [[0.2964265655006141, -0.21253678024451142, -0.6180644790885782, -0.7372694809514432, -0.2368483446939891, -0.2616735974177721, 0.5783157651571481, 0.8342141341907555, 0.3594082063392041, -0.08744315325523844, -0.19583232462129255, 0.34291611724399507, 0.007761164403917109], [-0.2979068363302084, -0.5805476660018208, -0.1511104841966077, 0.1592830307565661, 0.40567367816714484, -0.2767035397209028, 0.12569611836357245, 0.03395216496631223, -0.5860904407633478, 0.32708164725979283, 0.6015728570617136, 0.2860946892385292, -0.01951611345525031], [-0.6794406994296889, -0.35191840969234, -0.40543912971600427, 0.20653006591953219, 0.5691535061526427, 0.5200076190843577, -0.43025713291643614, 0.27666270502256346, -0.1028191415375847, -0.5442537015540861, 0.032151324988285115, 0.6260412351279802, 0.03825406361288239]], "inverted": true, "swapped": false, "error_lsq": 0.05426982898578617, "error_max": 0.2994631895200815, "target": "796.xyz", "model": "10.xyz", "model_rescale": 4.2482417240324, "target_rescale": 3.93241150471929},
{"mapping": [7, 0, 1, 2, 11, 5, 8, 3, 9, 4, 10, 12], "R": [[0.9095030283980665, 0.2953027126789682, 0.2925757153613213], [0.3181887302208332, -0.04162264623311884, -0.9471132388901586], [-0.2675073331615415, 0.9544966543707714, -0.13181791797705136]], "T": [-0.030650327400184106, 0.024008103639648296, -0.04065345611204781], "aligned_model": [[-0.7303274681613611, -0.02207606857028279, 0.4347167318716008, 0.6759117664493494, -0.5149788289224371, 0.1930967805195641, -0.2546264622125855, 0.5308866502685918, 0.06998380406222243, -0.1061866911894947, -0.33433588069052406, -0.06529873106163639], [-0.13830411721602154, -0.75754671333909, -0.11381662958259504, -0.36147183897782426, 0.5790635075720538, 0.5568360829074627, -0.03497294471013704, 0.3740451098886197, -0.37825218456416526, 0.7527907232223958, 0.16846133738767904, 0.01929905746226171], [-0.01707960176384717, 0.3959473838544682, 0.5072877144332509, -0.0705299912942065, 0.09418891863104487, 0.2221788970780734, 0.5237803950292592, -0.3106018109337317, -0.5974587066182417, -0.46200965738412686, -0.6383266936651598, -0.0821845575124262]], "inverted": true, "swapped": true, "error_lsq": 0.04876548687523883, "error_max": 0.31109650062914956, "target": "796.xyz", "model": "11.xyz", "model_rescale": 3.6694154284099745, "target_rescale": 3.93241150471929},
{"mapping": [7, 10, 9, 8, 3, 2, 6, 0, 12, 11, 4, 1, 13], "R": [[0.4100532552017928, 0.7278806781909537, 0.5495871597978712], [-0.9120485738005588, 0.3304609692949596, 0.2428228712477528], [-0.004871029334779398, -0.6008204940653349, 0.7993691306175806]], "T": [0.10181851281877696, -0.04712192316876205, -0.10248133422982515], "aligned_model": [[0.11968881375083756, -0.17854242120901642, -0.5324533407255125, -0.628173788919243, -0.2924289282334137, -0.22743227886441603, 0.39682759787360583, 0.7255866835885874, 0.3897431610374459, -0.26263544584016507, 0.1430064071264801, 0.23227575586968519, 0.1839115771079337], [-0.4588631055974438, -0.6152548950887351, -0.1837397018360589, 0.08723344424894927, 0.407781174132712, -0.2578150875506387, 0.2669764675898221, 0.20679863692592773, -0.591899333125617, 0.46379456161122123, 0.6425944820967262, 0.05379024136090393, 0.006082220577724347], [-0.7207977334190856, -0.14886516974269304, -0.5754729464636932, 0.04468430700605987, 0.5130517907054994, 0.420506122647545, -0.4687690273231784, 0.136632619192266, 0.1840242866842252, -0.4912824485607458, 0.16261013568281169, 0.7277422121039654, -0.029391843450873298]], "inverted": true, "swapped": false, "error_lsq": 0.03696283893884599, "error_max": 0.24074334965105962, "target": "796.xyz", "model": "12.xyz", "model_rescale": 3.9764082729961374, "target_rescale": 3.93241150471929},
{"mapping": [6, 4, 5, 0, 2, 7, 13, 11, 3, 12, 1, 8, 15], "R": [[0.1978861394444256, -0.121395645764807, -0.972678864273881], [0.10260311990451855, 0.9894158329765237, -0.10261047335058346], [0.9748403333888275, -0.07949469570177187, 0.20824725149120785]], "T": [0.022215251115061146, 0.056229716506681765, -0.10595431187793825], "aligned_model": [[0.1690327248637186, -0.35768936414926844, -0.5923308471106218, -0.6530319708713707, -0.2932042784194935, -0.26940128166128907, 0.43237851260092064, 0.7925398921144416, 0.48101184888408877, 0.054761533238818355, -0.07945270393505637, 0.35028712239100146, 0.03447260461691974], [-0.43469416298998276, -0.5518084940005827, -0.09714055666362378, -0.04542168231540761, 0.28599040778866874, -0.36696986621905303, 0.14126825597372492, 0.12358290983879791, -0.4164621699654453, 0.5947888300272101, 0.634317821164743, 0.2073748063195229, -0.04734699361307895], [-0.6726086859378568, -0.1486829865965994, -0.655166983161088, 0.14065492521463344, 0.5897324416512224, 0.4480272852128441, -0.5520653876421402, 0.07462307753323014, 0.4179841479172921, -0.44670107372927476, 0.1365335196307236, 0.5016449357775538, -0.07930291080843652]], "inverted": true, "swapped": false, "error_lsq": 0.050968238263756876, "error_max": 0.355666792024873, "target": "796.xyz", "model": "13.xyz", "model_rescale": 4.170626492500431, "target_rescale": 3.93241150471929},
{"mapping": [1, 9, 10, 12, 5, 11, 0, 2, 3, 8, 4, 6, 13], "R": [[0.3306476830687137, 0.35339798517085624, 0.8750896946933334], [-0.5347371377083472, -0.6938838961676431, 0.4822668682324097], [0.7776427863979555, -0.6274033811802353, -0.04045607552436242]], "T": [0.06593076164400499, 0.025725248710806885, -0.10962125933994758], "aligned_model": [[0.31413844631325566, -0.26484125787312107, -0.4444244525741097, -0.550499368457936, -0.3676070625845518, -0.24958914819643738, 0.4553839982657938, 0.6677934077551979, 0.4491615165188718, -0.2972652651001083, 0.09499198595201216, 0.23284038067256008, 0.0292906118713819], [-0.5208003822831994, -0.7004854040295992, -0.09034545201503691, 0.3772435914589213, 0.20810577022370794, -0.40218848295124915, 0.09935767514990107, 0.2590142357136561, -0.46870102891615434, 0.5310426017865099, 0.7266566448384129, 0.008182148565629564, 0.000397187803993497], [-0.5897432749079488, -0.24931520128015577, -0.3203187978358288, 0.06969653286232237, 0.6688401261456002, 0.35620776066683435, -0.5554495320968321, 0.01793175315118163, 0.18046570855049465, -0.5149597742170542, -0.005152346464654289, 0.7145890813760171, -0.01811973088787247]], "inverted": true, "swapped": false, "error_lsq": 0.04877872126078879, "error_max": 0.31284193881938166, "target": "796.xyz", "model": "14.xyz", "model_rescale": 3.9786697098870705, "target_rescale": 3.93241150471929},
{"mapping": [5, 1, 11, 4, 8, 7, 2, 6, 10, 3, 0, 12], "R": [[0.2946691953875704, 0.7534104806235501, 0.5878288126455128], [0.9453058292955376, -0.13977434756465112, -0.2947202416915955], [-0.13988193017512368, 0.6425229797053703, -0.7533905137184927]], "T": [0.052856521491258066, -0.012574601902097237, 0.013255007824204423], "aligned_model": [[0.02010210507779052, -0.6319574948298131, 0.5722043398310515, 0.7003085240654908, -0.14559436316999086, 0.4228674394598131, -0.5889632488749261, -0.04521735019737268, 0.6618279009945761, 0.005822473537924672, -0.5849022892391964, 0.09685656011198905], [-0.39719276138576043, -0.08223561104876205, 0.06381060578990634, -0.5305340090652659, 0.38208782023532484, 0.6030301096221437, -0.31454858884394576, 0.5035566612658582, -0.08246716447643036, -0.7225834464140155, 0.5906253616144715, 0.0011255129309143824], [-0.4907740481610068, -0.23570039014192834, -0.5208668963131001, -0.150741498555151, -0.40756379436260476, -0.01065826641603913, 0.39482607532990577, 0.45000002952275625, 0.3207836073842459, 0.07956516053126743, 0.18913919320169936, 0.041957321853785506]], "inverted": false, "swapped": true, "error_lsq": 0.047471609791426304, "error_max": 0.2741800613837281, "target": "796.xyz", "model": "15.xyz", "model_rescale": 3.769337070930944, "target_rescale": 3.93241150471929},
{"mapping": [8, 6, 5, 1, 11, 7, 4, 9, 3, 2, 12], "R": [[-0.05003612179960398, -0.8433695614339446, -0.5349992237022141], [0.6316981665160387, 0.3881891925905349, -0.6710190587279798], [0.7735979659587597, -0.37153322005256145, 0.5133315239315085]], "T": [-0.005322381408379019, 0.009123704309993243, -0.02849223019652005], "aligned_model": [[-0.34231275913492154, -0.16016601438670797, -0.01556866687960632, -0.6828354499527348, 0.40781458135082893, 0.20793486248079604, 0.7158424118061568, 0.13924394972882878, 0.12011258576501391, -0.5052174324983953, 0.03777806241191215], [0.014034947652789821, -0.6560284898326552, 0.6327327368723892, 0.2843074344204013, 0.264882645310996, -0.462026025454305, 0.4475790892072938, -0.43275312013980377, 0.4947495702293159, 0.032445085681893505, -0.02385937632297354], [-0.5370618029716713, -0.009725582677344378, -0.14705047671343358, 0.003936768488868404, -0.5983591260133029, -0.5274795697388048, 0.016774906815173275, 0.4870832761921795, 0.48058083397440765, 0.6026008192395469, -0.027082439371842036]], "inverted": true, "swapped": true, "error_lsq": 0.04788378954282895, "error_max": 0.3062170844934425, "target": "796.xyz", "model": "16.xyz", "model_rescale": 3.7852294659196426, "target_rescale": 3.93241150471929},
{"mapping": [3, 2, 8, 11, 6, 7, 0, 4, 1, 9, 10, 5, 12], "R": [[0.7785201430310724, 0.34568288653319634, 0.5238413202993403], [0.02420768694983927, -0.8505656484587313, 0.525311398652758], [0.6271525929049623, -0.3962845185218009, -0.6705506733965206]], "T": [0.023706121708632445, -0.05154246963863765, -0.057539861101163825], "aligned_model": [[0.35044734247742054, -0.26308758690843764, -0.34824834806610566, -0.7018798373789662, -0.22438329101575705, -0.29929702751585024, 0.41603907764465703, 0.6788617994353646, 0.3805386628186149, -0.28582273694010946, 0.00678754782303841, 0.3814672919234529, -0.022049101734513393], [-0.5633366440299119, -0.5915900988401249, -0.035688988059896995, 0.030192451460339303, 0.3644331547518719, -0.26374675152119087, 0.2049089137445204, 0.1857208319537124, -0.5920552660964394, 0.5913573946245829, 0.7241196420325599, -0.05470201366895108, 0.027866478994422142], [-0.5711567113623601, -0.04394030516028935, -0.5919595938851391, 0.011572316415879136, 0.6859715101023828, 0.527323638801333, -0.5535788670130855, 0.06998993443508739, 0.1764913520252677, -0.5455290369091742, 0.1599851389668667, 0.4940088429390376, -0.06450591429370228]], "inverted": true, "swapped": false, "error_lsq": 0.0412868564408737, "error_max": 0.24148372355479106, "target": "796.xyz", "model": "17.xyz", "model_rescale": 3.901054581598922, "target_rescale": 3.93241150471929},
{"mapping": [6, 1, 4, 8, 2, 0, 11, 12, 7, 9, 13, 3, 14], "R": [[-0.8860673978570308, -0.4491575640054368, -0.11463877682342921], [0.4372535213012092, -0.7277102294322224, -0.5284384354770147], [0.1539283098216932, -0.5183582782944668, 0.8411960358674028]], "T": [-0.08388078793584103, 0.0559579807594751, -0.09974172592911841], "aligned_model": [[0.21913959469584415, -0.23884907973242836, -0.6469080205630182, -0.7402710550758413, -0.40964750250072746, -0.09637509929460031, 0.5144962935733404, 0.6374357694077055, 0.3673854751908219, 0.10584350508028595, 0.11008007852052343, 0.28372077209384844, -0.036676938832945184], [-0.4748496437366282, -0.6214112188246462, -0.23648543413567585, 0.05853961166812968, 0.34954774470344196, -0.38030871113238524, 0.08690827442522812, 0.17946011923084287, -0.4140370136377254, 0.6333511505356051, 0.6562724490099044, 0.10851152207991265, 0.08198025515948934], [-0.5358009635983731, -0.04643745379028742, -0.5720246435901885, -0.0019490650306478452, 0.6012712555320194, 0.5207578987515803, -0.6267312292147476, 0.02841735479583128, 0.023304967657166206, -0.35432263933328095, 0.2601248045975188, 0.5677259570872164, -0.10966393880170337]], "inverted": true, "swapped": false, "error_lsq": 0.04613670627710574, "error_max": 0.2940114967001415, "target": "796.xyz", "model": "18.xyz", "model_rescale": 3.9405287249114394, "target_rescale": 3.93241150471929},
{"mapping": [8, 5, 2, 10, 14, 11, 0, 4, 7, 1, 12, 13, 15], "R": [[-0.951397634594764, 0.29742479694175006, -0.07988135609544268], [-0.29549604212866765, -0.808571912044265, 0.5088158332239415], [0.08674462504259724, 0.5076908047396959, 0.8571612548458891]], "T": [0.05517003356962897, 0.06255995995950385, 0.006574413526230057], "aligned_model": [[0.3177597174308595, -0.2607389170676151, -0.6571637308051544, -0.7173664089190812, -0.3195207599141569, -0.3686582962396947, 0.43400753019442045, 0.7600569348460002, 0.5970077970546105, -0.10079863046126722, 0.20355908426867358, 0.1635869303991926, 0.017642541776022307], [-0.4425696410053787, -0.6413176265461306, -0.14203824879671456, 0.11849787553868153, 0.3854209614788265, -0.31743446401042597, 0.14986706164158603, 0.24135982188388216, -0.3655882121898744, 0.4379780778767722, 0.571120736704045, -0.023067287654262872, 0.05525005042448711], [-0.49158509877346945, -0.3032973678304241, -0.4473478971376587, 0.14059840978835764, 0.6024825818312268, 0.44837412663457576, -0.5604651610211615, -0.06978064132213652, 0.14341932460472895, -0.513285602785192, 0.14616556009010814, 0.664026766415704, -0.004632695432555704]], "inverted": false, "swapped": false, "error_lsq": 0.03834315576207451, "error_max": 0.25588864713561127, "target": "796.xyz", "model": "19.xyz", "model_rescale": 4.410303926677745, "target_rescale": 3.93241150471929},
{"mapping": [1, 8, 5, 10, 11, 9, 0, 2, 7, 3, 6, 4, 13], "R": [[0.5346407632134356, 0.2350929181560332, -0.8117207488683751], [-0.745173999013009, 0.5841916597619594, -0.3216143900069258], [0.398591226076936, 0.7768213594498078, 0.48751780480002704]], "T": [0.06178799257532716, 0.016124475989765526, -0.0019926858690888817], "aligned_model": [[0.377695707230572, -0.3188103865295566, -0.5567945736385266, -0.7580023925928693, -0.24044147040011501, -0.3989645992407581, 0.46144008696211325, 0.7230042719889715, 0.41033901805208894, -0.1134718505926067, 0.0608464437893252, 0.4193212835447283, 0.0032122539894420127], [-0.41840127227128776, -0.6476297736034352, -0.18142417861945662, 0.07087700251641849, 0.31073114788708645, -0.3033329135397486, 0.3589285198634498, 0.03612343036093358, -0.6021673280637804, 0.5329477388458761, 0.57734374833707, 0.32867373227711266, -0.035190748644745896], [-0.5259293052152334, -0.07704434392527637, -0.5286812663478665, 0.006945895224119172, 0.7114479809539064, 0.3973952861560615, -0.4877117028725903, 0.029658560812979597, 0.053510400901126895, -0.479633134371853, 0.14476515893105843, 0.5172146939481261, -0.007265919132454442]], "inverted": false, "swapped": false, "error_lsq": 0.045813484724666384, "error_max": 0.3567747450489153, "target": "796.xyz", "model": "20.xyz", "model_rescale": 4.121658175737393, "target_rescale": 3.93241150471929},
{"mapping": [0, 2, 1, 6, 10, 4, 5, 7, 3, 8, 9, 11, 12], "R": [[0.42736248711800473, -0.8604956253044089, -0.2773239683768569], [-0.6741750594056013, -0.09894273821354782, -0.731914150587526], [0.6023697318755048, 0.49975755460701143, -0.6224091039930674]], "T": [-0.04612647134374833, 0.06514922593228474, -0.024325421010300854], "aligned_model": [[0.428020399667059, -0.4972279594941642, -0.3064472758732611, -0.6681419902250233, -0.48857577894582216, -0.10005847611942403, 0.2821620757156235, 0.6338405015913817, 0.35942329069571033, -0.18311895324958846, 0.10443517982388154, 0.46272846594154876, 0.04233431303488739], [-0.542164310686332, -0.5348792391533632, -0.34132013325902466, 0.23065521232122194, 0.28254263874060603, -0.2819000823043136, 0.2167069611834323, 0.07991255295283421, -0.49870129766403654, 0.6231486706743344, 0.6935977670826804, 0.07036610324552635, 0.029514262211927503], [-0.6516361442162302, 0.08830194104954545, -0.5237156539555962, -0.11558836426983422, 0.5803660341443008, 0.4293040736660182, -0.6015259171482842, 0.04082839384273984, -0.03990362687209806, -0.37585462639064066, 0.29978335009017154, 0.6937333789026685, -0.06942053378065684]], "inverted": false, "swapped": false, "error_lsq": 0.05974717033749792, "error_max": 0.4087835769529453, "target": "796.xyz", "model": "21.xyz", "model_rescale": 4.08911054899281, "target_rescale": 3.93241150471929},
{"mapping": [1, 0, 6, 7, 12, 13, 11, 15, 2, 5, 9, 3, 16], "R": [[0.33280043650509167, 0.14376205066904393, -0.9319744321865552], [-0.2588367312585555, -0.9364255285200773, -0.23687713289230805], [-0.9067785926086956, 0.3200620288683509, -0.2744319253717908]], "T": [0.007301287128669502, 0.025063952760254395, -0.048574226637083676], "aligned_model": [[0.38496360649214884, -0.35699533986537235, -0.5684642212777253, -0.6803125332072497, -0.27877702626460427, -0.2898691620716982, 0.4697515793406166, 0.7307046739339963, 0.5350234995854042, -0.11279671759120449, 0.027599015099073497, 0.2249829578126898, -0.016436539423265693], [-0.4621981867671175, -0.6507091559363753, -0.13856123973429033, -0.03847910733501495, 0.40605454892864606, -0.1606450077339679, 0.24882593710068882, 0.11538463576772595, -0.4432666123029831, 0.5952643989442188, 0.7293050179798932, -0.16250009317256084, -0.010996030393369861], [-0.5485193848117025, -0.15200570783372525, -0.49274199253417983, 0.12156013675316406, 0.5153183786268959, 0.5117220094224183, -0.6159923545247669, -0.04251352751734287, 0.10449300591309472, -0.446288916310574, 0.05716193491640913, 0.7710069116378306, -0.028528188675417513]], "inverted": true, "swapped": false, "error_lsq": 0.03957487513022206, "error_max": 0.23012116129496635, "target": "796.xyz", "model": "22.xyz", "model_rescale": 4.204369325754507, "target_rescale": 3.93241150471929},
{"mapping": [8, 5, 2, 10, 14, 11, 0, 4, 7, 1, 12, 13, 15], "R": [[-0.951397634594764, 0.29742479694175006, -0.07988135609544268], [-0.29549604212866765, -0.808571912044265, 0.5088158332239415], [0.08674462504259724, 0.5076908047396959, 0.8571612548458891]], "T": [0.05517003356962897, 0.06255995995950385, 0.006574413526230057], "aligned_model": [[0.3177597174308595, -0.2607389170676151, -0.6571637308051544, -0.7173664089190812, -0.3195207599141569, -0.3686582962396947, 0.43400753019442045, 0.7600569348460002, 0.5970077970546105, -0.10079863046126722, 0.20355908426867358, 0.1635869303991926, 0.017642541776022307], [-0.4425696410053787, -0.6413176265461306, -0.14203824879671456, 0.11849787553868153, 0.3854209614788265, -0.31743446401042597, 0.14986706164158603, 0.24135982188388216, -0.3655882121898744, 0.4379780778767722, 0.571120736704045, -0.023067287654262872, 0.05525005042448711], [-0.49158509877346945, -0.3032973678304241, -0.4473478971376587, 0.14059840978835764, 0.6024825818312268, 0.44837412663457576, -0.5604651610211615, -0.06978064132213652, 0.14341932460472895, -0.513285602785192, 0.14616556009010814, 0.664026766415704, -0.004632695432555704]], "inverted": false, "swapped": false, "error_lsq": 0.03834315576207451, "error_max": 0.25588864713561127, "target": "796.xyz", "model": "23.xyz", "model_rescale": 4.410303926677745, "target_rescale": 3.93241150471929},
{"mapping": [8, 9, 15, 13, 7, 11, 4, 3, 10, 5, 0, 1, 16], "R": [[0.027095665089736598, -0.8811590641192458, -0.4720429309436168], [-0.707452082272992, 0.31671810456550586, -0.6318237044682966], [0.7062417264796473, 0.35106743791033757, -0.6147961270357182]], "T": [-0.14298702340446492, 0.02577087592023097, -0.022936710364900085], "aligned_model": [[0.2720035963064027, -0.19285172235711134, -0.46404686260891115, -0.7707880105287461, -0.25760986705843536, -0.25826096648863633, 0.38895693923209407, 0.7182373657789738, 0.3210296289579061, -0.13783468404421423, 0.1346943165981959, 0.3496371482009526, -0.03379308942566184], [-0.43856052267855516, -0.5744212629087594, -0.23635754825084165, 0.27010879649847325, 0.30178928269341965, -0.41332958001680375, 0.08199171261424013, 0.26873956836606355, -0.42840259098861827, 0.3872476456241461, 0.7049764660947024, 0.04153234558819202, 0.06216479270983433], [-0.5594866195828025, -0.19528197985213652, -0.6039044028628177, 0.17794017970067155, 0.570869941262855, 0.41822561152181575, -0.4562486201101681, 0.06931159910924162, 0.0239563015028614, -0.5376308251471387, 0.15583311588170776, 0.6794936073138855, 0.011594396324128637]], "inverted": false, "swapped": false, "error_lsq": 0.032358500294984424, "error_max": 0.18651734626058344, "target": "796.xyz", "model": "24.xyz", "model_rescale": 4.28219845311461, "target_rescale": 3.93241150471929},
{"mapping": [7, 13, 12, 14, 6, 2, 9, 1, 4, 11, 8, 0, 15], "R": [[-0.0379908272666582, -0.7310122881074481, -0.681305901691383], [-0.9355765324522687, -0.21351463276470234, 0.2812615393542882], [-0.35107442084006124, 0.6480991716020534, -0.6758063441552972]], "T": [0.06313910198273243, 0.03796942257618668, -0.093764962878323], "aligned_model": [[0.35488605649060245, -0.2096922583467749, -0.5043558175196535, -0.6789699790555747, -0.21821056438994013, -0.2823401494569975, 0.2450040914960879, 0.5976233518391898, 0.5025755885987828, -0.2362204504499692, 0.1432135272563469, 0.27300404691443275, 0.08285634918627612], [-0.5649076739774789, -0.4649776940823152, -0.054338729750239435, 0.12990947892228707, 0.40272937228048816, -0.32131091942025924, 0.04788019472319508, 0.3206883618126973, -0.4642637297804986, 0.36433515535164823, 0.6796704667863197, -0.07032480571245553, 0.02238962819210448], [-0.4899580051400849, -0.25352635872429846, -0.5975988855017269, 0.051030626744373225, 0.6808250443414468, 0.37564077533487805, -0.7446878354704811, 0.11664888385956032, 0.20507614528807414, -0.41053986416600885, 0.15873040976353206, 0.6871212241194931, -0.024089855386653508]], "inverted": false, "swapped": false, "error_lsq": 0.0447226225251885, "error_max": 0.27071414323806575, "target": "796.xyz", "model": "25.xyz", "model_rescale": 4.100010024507729, "target_rescale": 3.93241150471929},
{"mapping": [7, 0, 1, 2, 11, 5, 8, 3, 9, 4, 10, 12], "R": [[0.9095030283980665, 0.2953027126789682, 0.2925757153613213], [0.3181887302208332, -0.04162264623311884, -0.9471132388901586], [-0.2675073331615415, 0.9544966543707714, -0.13181791797705136]], "T": [-0.030650327400184106, 0.024008103639648296, -0.04065345611204781], "aligned_model": [[-0.7303274681613611, -0.02207606857028279, 0.4347167318716008, 0.6759117664493494, -0.5149788289224371, 0.1930967805195641, -0.2546264622125855, 0.5308866502685918, 0.06998380406222243, -0.1061866911894947, -0.33433588069052406, -0.06529873106163639], [-0.13830411721602154, -0.75754671333909, -0.11381662958259504, -0.36147183897782426, 0.5790635075720538, 0.5568360829074627, -0.03497294471013704, 0.3740451098886197, -0.37825218456416526, 0.7527907232223958, 0.16846133738767904, 0.01929905746226171], [-0.01707960176384717, 0.3959473838544682, 0.5072877144332509, -0.0705299912942065, 0.09418891863104487, 0.2221788970780734, 0.5237803950292592, -0.3106018109337317, -0.5974587066182417, -0.46200965738412686, -0.6383266936651598, -0.0821845575124262]], "inverted": true, "swapped": true, "error_lsq": 0.04876548687523883, "error_max": 0.31109650062914956, "target": "796.xyz", "model": "26.xyz", "model_rescale": 3.6694154284099745, "target_rescale": 3.93241150471929},
{"mapping": [3, 6, 1, 0, 4, 2, 7, 9, 12, 5, 8, 10, 13], "R": [[0.7019840763016408, 0.48637201328007934, 0.5202505370653785], [-0.4444086602697053, 0.8699694517821388, -0.21366819052720704], [-0.5565243025207598, -0.0812121768195351, 0.8268526368344088]], "T": [0.055464642600292054, 0.03546888974046429, 0.03275404584115507], "aligned_model": [[0.4783102083110247, -0.18577855266772797, -0.5275196639994433, -0.6011983333862722, -0.3224966464695167, -0.29140480966388327, 0.2762069192355132, 0.7359903204557561, 0.3493945378346241, -0.3961268014511652, 0.26989335034853196, 0.2594509868846683, 0.02465227713069888], [-0.34167617295927327, -0.559707906606354, -0.16894954620931252, 0.09343321311598203, 0.5025179626380268, -0.3619183766385316, 0.21852495820257523, 0.0076403383538151265, -0.6983652821756717, 0.4920824726177216, 0.631129004365998, 0.2093752078699943, 0.0033932327705229193], [-0.5432619691910002, -0.20964383705307635, -0.5981096914254769, 0.08140809312633993, 0.5935935929124562, 0.46158337064190014, -0.5275064719749214, 0.06396156060017869, 0.10221941975610052, -0.4293581735522126, 0.119739961757269, 0.5713047711704998, 0.06874167829404677]], "inverted": false, "swapped": false, "error_lsq": 0.046543078580249045, "error_max": 0.2889139297575688, "target": "796.xyz", "model": "27.xyz", "model_rescale": 4.103607728864725, "target_rescale": 3.93241150471929},
{"mapping": [3, 12, 10, 11, 8, 13, 0, 1, 2, 5, 7, 4, 14], "R": [[0.0486538089016963, 0.3685144497684567, -0.9283479451106728], [-0.24231192733961215, 0.9060377644067403, 0.34695893033296954], [0.9689776760835719, 0.2080689063283784, 0.13337763482305715]], "T": [-0.18199572495932267, 0.009227883459687766, -0.16096045536254114], "aligned_model": [[0.23424063539836684, -0.07175620431757812, -0.4982822989367627, -0.7496809883274065, -0.10389770386441868, -0.38336542572887, 0.4442512655509303, 0.6296217056848886, 0.3968689433201936, 0.023859446285091374, -0.08154752384365999, 0.2567451991620906, -0.027683257820056734], [-0.4849108495546445, -0.8302377238985685, -0.18049505554561007, 0.24414832336859177, 0.3594095384366247, -0.27974362600188585, 0.08358155108542238, 0.34420405490099826, -0.39418936612353056, 0.6595969229135069, 0.6655012507741358, -0.18421773032106037, 0.024831815311512934], [-0.5431973680462624, -0.01799766553229179, -0.5127320941320098, 0.14662215488550887, 0.5763003427444063, 0.38293130159391764, -0.4955915656453411, 0.017726261871503196, 0.04758432349427402, -0.42512739381949116, 0.12063619200700085, 0.608256343169963, -0.1507385275290739]], "inverted": false, "swapped": false, "error_lsq": 0.04958046460778345, "error_max": 0.28982749195301427, "target": "796.xyz", "model": "28.xyz", "model_rescale": 4.137296879288765, "target_rescale": 3.93241150471929},
