[{"mapping": [6, 12, 7, 1, 3, 0, 9, 4, 10, 5, 2, 13], "R": [[-0.42907028559537463, 0.6850790957430294, 0.588697989290788], [-0.7930413152442902, 0.026290804561369008, -0.6086002513235779], [-0.4324166536278522, -0.7279941113576599, 0.5320154241127424]], "T": [0.08784476684695573, -0.057636257049551734, 0.05103513836445348], "aligned_model": [[-0.30330725286170057, 0.17820367139879356, 0.41294556727936815, -0.32306200673771995, -0.0719958913998849, -0.681409928965249, 0.3577500178959786, -0.3250476351017878, 0.7233707971519554, 0.16347528710782572, -0.39286104853714143, 0.09958088523011135], [-0.3515022494726748, -0.7146319611206408, -0.21713287790160246, 0.5186697518573272, 0.28511170523216206, -0.41932675352493215, -0.36237884440890905, -0.46251706469487597, 0.25222224871437104, 0.5099546922160597, 0.05999470355940398, -0.04490831447863205], [-0.4795813713004772, -0.10261250544893244, -0.6596334491548416, -0.03340482907875016, -0.7015041397435594, 0.017146839741924137, 0.5485340217756136, 0.6587054646584257, 0.17517374822717302, 0.3955635478211778, 0.38915331431651845, -0.025588896460709325]], "inverted": false, "swapped": true, "error_lsq": 0.04630198448931355, "error_max": 0.25385263692885635, "target": "797.xyz", "model": "0.xyz", "model_rescale": 3.751011558992144, "target_rescale": 4.076770328012224},
{"mapping": [12, 0, 7, 2, 11, 1, 13, 5, 8, 6, 4, 10, 9, 14], "R": [[0.10060239039903973, 0.8953576083770727, 0.43383627345726605], [-0.9763918902901374, 0.005072472014975636, 0.21594709213904592], [0.1911492495974062, -0.4453190127862786, 0.8747302105388854]], "T": [0.032186675568583026, 0.04655048664652081, -0.04911872478911894], "aligned_model": [[0.5365172829901403, -0.28772421561019546, -0.10667127202100644, 0.16028785390107653, 0.33772436766326774, -0.6140365264488611, 0.6696024438936053, 0.3347940371930138, -0.31259663867363074, -0.2845577664883478, -0.5566785999603654, 0.0801998321537984, 0.5967065764184901, 0.07867123364685615], [-0.49440143900124134, -0.19845541202476655, -0.5912211628433465, 0.45936934659366113, -0.42295794462863157, -0.1940876847841894, 0.2006634060557151, 0.5916912604089938, 0.5952775795273098, -0.4840377954130284, 0.3726959778153587, 0.32894179029863124, 0.20938121832916393, 0.02144860100626402], [-0.11980646511933508, -0.691873460143873, -0.16592119606188263, -0.7540362937075551, 0.5191589719381722, -0.14998692126670993, -0.36129262610435564, -0.08567509862424516, -0.1920917848340996, 0.37734906841135285, 0.3661411646491233, 0.7192585500864763, 0.2491983141114441, -0.03452784952618106]], "inverted": false, "swapped": false, "error_lsq": 0.04817453514441657, "error_max": 0.4255286866563948, "target": "797.xyz", "model": "1.xyz", "model_rescale": 3.9405287249114394, "target_rescale": 4.076770328012224},
{"mapping": [10, 11, 9, 6, 12, 5, 8, 7, 0, 2, 0, 1, 13], "R": [[-0.7725779055819262, -0.6309624088762582, -0.07078007058285779], [0.6156835182764995, -0.7172680486537135, -0.3262826254999882], [0.15510378824940405, -0.2956568703168657, 0.9426186025668708]], "T": [-0.09984051926154139, -0.0031681141192098153, 0.0012345735158918285], "aligned_model": [[-0.30119027489424965, 0.18649073257374946, -0.2426002977368753, 0.43329340266424954, 0.44908499395548984, -0.7122371146601862, 0.013210484952821316, 0.5855043559577594, 0.04738375978614487, -0.4990324973290152, 0.04738375978614487, -0.4629128917324421, -0.04839513403965964], [0.6844635492165724, 0.4914531913824006, 0.11761007027277101, -0.42081456197097156, -0.10760028092630514, 0.21525814160393894, 0.48599551210413905, 0.31422016913019635, -0.8409506205332138, -0.4502524784737642, -0.8409506205332138, -0.20778991351834933, 0.018190435817816875], [-0.04277672881481635, -0.5519096011101247, -0.6137892503432438, 0.25073541568443447, -0.3875975094254124, 0.15563556755693528, 0.4305519705243205, 0.2576456174635426, -0.011676764866434614, 0.0018350260858086657, -0.011676764866434614, 0.5795177845299787, 0.05662558717008999]], "inverted": true, "swapped": true, "error_lsq": 0.05757086900991431, "error_max": 0.41959978411165694, "target": "797.xyz", "model": "2.xyz", "model_rescale": 3.932901565614263, "target_rescale": 4.076770328012224},
{"mapping": [12, 11, 10, 8, 6, 1, 9, 7, 3, 2, 0, 4, 5, 13], "R": [[-0.26460161331642623, -0.5812200355986978, 0.7695253449035924], [-0.9486439262813371, 0.30034222703102, -0.09934408785416504], [-0.17338018156604074, -0.7562921504820049, -0.6308418944231834]], "T": [-0.014148586808402211, 0.0868011142683488, -0.08051222300313689], "aligned_model": [[0.5481859376002592, -0.2154115693889661, -0.005609921163489115, 0.10444385783544223, 0.188109562494361, -0.6444375206952463, 0.6610973021873109, 0.3571483025982863, -0.3439918558835792, -0.303341518997112, -0.489072323560797, 0.08865344289442849, 0.619995099405653, 0.06646981333129034], [-0.42661864519565385, -0.2169078966792598, -0.6052059821304784, 0.44700208228460725, -0.42033785787582123, -0.27456601090610033, 0.21601088664762552, 0.6850714118966137, 0.41016350543083224, -0.14504384145057983, 0.3656759471711129, 0.35737149580129934, -0.0031094529864075515, 0.004802099332103946], [-0.13804346155703112, -0.8959647028445002, -0.26544115536338353, -0.7089848319889666, 0.3300897310289088, 0.06411931427380986, -0.33962757087919293, 0.03761405789932239, -0.2980568389068643, 0.6656882980755364, 0.30109831273402554, 0.7437752364816396, 0.24594996590308932, -0.06632198104806136]], "inverted": false, "swapped": false, "error_lsq": 0.04696895904164491, "error_max": 0.3191057472044832, "target": "797.xyz", "model": "3.xyz", "model_rescale": 3.9243930471874484, "target_rescale": 4.076770328012224},
{"mapping": [1, 5, 3, 6, 7, 2, 0, 8, 11, 9, 12, 4, 13], "R": [[0.38580820321617837, 0.8898259084272233, -0.24364294166417144], [-0.42204688333184937, 0.4050629496270638, 0.8110489720783174], [0.8203831169648583, -0.21008060246269689, 0.5318248601447041]], "T": [-0.028024334270223626, 0.006643863649830217, -0.14508676617449492], "aligned_model": [[-0.1492138300848335, -0.4068246986474465, 0.5884738068733187, 0.3948749661953141, 0.7621705195488315, -0.5075998662590011, -0.1787167038023371, 0.41017367508494884, 0.13256252163197185, -0.3757180736324064, 0.23244610836232313, -0.671568702804545, 0.046146163845213854], [-0.490371163224264, 0.1032314313106005, -0.4339297852950537, -0.4852508972904023, 0.10782136248311551, -0.3528645910558373, -0.6706093714738213, 0.15514319655802225, 0.7264543668028494, 0.463223864601665, 0.13959692927391648, -0.12590699764867191, -0.008708791360531098], [-0.641465925434125, -0.6870834561339515, -0.5127353328714519, 0.17130971006898651, -0.10591087410538468, -0.1450170535422316, 0.3471947430583926, -0.6165795687398479, 0.15272021967107605, 0.14450914959233332, 0.4696443263407949, 0.3764041199793693, -0.16591974251299607]], "inverted": false, "swapped": true, "error_lsq": 0.046075560707648885, "error_max": 0.2604200346847971, "target": "797.xyz", "model": "4.xyz", "model_rescale": 3.8936222436046832, "target_rescale": 4.076770328012224},
{"mapping": [4, 2, 6, 12, 3, 1, 5, 8, 11, 9, 7, 13], "R": [[0.0828848069997952, 0.337271956697739, 0.9377514254821931], [0.2106278187473063, 0.91380291215751, -0.3472753370197864], [-0.9740462159150144, 0.22630038656116533, 0.004701521446145323]], "T": [-0.075143447820283, -0.08915708414113079, 0.0044654924387705006], "aligned_model": [[0.002478831529662426, -0.4347670991878167, -0.29854621404435006, 0.37129895398920326, -0.5734299458365946, -0.762361330146049, -0.2998709310779897, -0.13549966979996209, 0.7097857584803346, 0.4260923211415382, 0.11339299162377713, -0.09102562445665628], [-0.8254470130870551, -0.5585296944987537, 0.2605570665509478, 0.0404663288004944, 0.5895231237510211, -0.10640539269536096, -0.34954626063584954, 0.43589966019877857, 0.007053281422608457, -0.4887723094928185, 0.6764150296726399, -0.012290914876845166], [-0.38989950566080805, -0.09351004925496448, -0.5860446439713801, -0.49282983021470217, -0.016613124273093374, 0.19297856531558893, 0.5774177777462013, 0.40075774802731906, 0.08951845364973066, 0.05234454495690471, -0.1160869581549833, 0.0012517411097050938]], "inverted": false, "swapped": true, "error_lsq": 0.052759884461267725, "error_max": 0.35184278583898265, "target": "797.xyz", "model": "5.xyz", "model_rescale": 3.6523030999806103, "target_rescale": 4.076770328012224},
{"mapping": [3, 1, 5, 8, 10, 6, 2, 7, 0, 12, 9, 11, 13], "R": [[0.6024606442515542, -0.7521390134096243, -0.2670731671943093], [0.6201869185836616, 0.6517732428863, -0.43653158634304906], [0.502403580944349, 0.09735781614576851, 0.8591345048882754]], "T": [0.03414181195301427, 0.062122352658302495, 0.009261938458278076], "aligned_model": [[0.10923621856286198, -0.1431037832652735, 0.24476218827935448, 0.5527830501164573, 0.7116268551886544, -0.35155417347978435, -0.42299768771857116, 0.3863897533101476, -0.7982905245683928, -0.07956267939200456, 0.11121804568155924, 0.5001367563191006, 0.06043888563018531], [-0.6121306045950801, 0.06879922934309687, 0.5224377020958173, -0.22536055949632758, 0.2965782354595187, -0.5465567515278815, 0.3795351979720882, -0.6391588678331893, -0.10542196203638629, -0.2180794027709909, 0.504106475917745, 0.12509810047425451, -0.009019888839481703], [0.5083454450013847, 0.69965495614835, 0.445528052606876, 0.3003630402138858, 0.04614660275166804, -0.031473295702195064, 0.23177393412782937, -0.13323571551298363, -0.04276235183253646, -0.6006347332422587, -0.45109804793331465, -0.6322106381719695, 0.029712491027053006]], "inverted": true, "swapped": true, "error_lsq": 0.04895134122566425, "error_max": 0.2547898238210219, "target": "797.xyz", "model": "6.xyz", "model_rescale": 4.08911054899281, "target_rescale": 4.076770328012224},
{"mapping": [2, 9, 1, 3, 13, 11, 6, 4, 8, 12, 10, 5, 7, 14], "R": [[0.5177073075178438, 0.06935620857700125, -0.8527419657050124], [-0.7859688721950769, 0.432297713474411, -0.4420086185417601], [0.3379823600175369, 0.8990597328635178, 0.2783155063239497]], "T": [0.04961669716091659, 0.025517849972324612, -0.02505884166259803], "aligned_model": [[0.6789176365489079, -0.3623302617579014, 0.04210777545184695, 0.2585664015014793, 0.1095695208930411, -0.4596611914298206, 0.5024860961599853, 0.1571676585790983, -0.3782644789727955, -0.1970234453826012, -0.5218408241469107, 0.1741627012904764, 0.6813033844673603, -0.05292236454432424], [-0.4646287582931427, -0.08278305215288814, -0.5876266037530181, 0.43770645224792853, -0.5993913701746433, -0.2558734508443271, 0.13422166494355525, 0.7213546298913839, 0.4783453276181303, -0.14962448802744527, 0.3120765935826487, 0.5093925546056575, -0.022650798836500986, -0.036210959467445215], [-0.14285601218254257, -0.6831833933579388, -0.4274809506675746, -0.6676255802009765, 0.3514894923577196, 0.05231060304543894, -0.20460202453067078, -0.0581262895858108, -0.30257271137788355, 0.620305954043896, 0.3074998543643893, 0.5501409433292714, 0.41984640093316433, -0.13925191236215023]], "inverted": false, "swapped": false, "error_lsq": 0.04931861136456147, "error_max": 0.2678868304069863, "target": "797.xyz", "model": "7.xyz", "model_rescale": 3.964800864290218, "target_rescale": 4.076770328012224},
{"mapping": [11, 3, 6, 10, 4, 0, 9, 8, 5, 2, 1, 7, 12, 13], "R": [[0.33210848047110436, 0.4781702311271771, 0.8130542339001479], [0.2602251202503139, -0.8749744562497407, 0.40829228219644365], [0.9066349011536474, 0.07597980635835261, -0.4150183430113222]], "T": [-0.007823259839006287, -0.015243119723023571, -0.011860608956052473], "aligned_model": [[0.6785965217329337, -0.49162811616923413, -0.00423272608155844, 0.29097303525875273, 0.25551421955748777, -0.6716585671952672, 0.5955424411160625, 0.2178509531270676, -0.20771424961868096, -0.22857276999617349, -0.4965821759635353, 0.05515273268189593, 0.6181112740610967, 0.02088603614699417], [-0.4102747626592608, -0.19771589499317055, -0.5395768879780163, 0.2618644215149862, -0.6146507799135608, -0.2779356817075113, 0.2847807375242498, 0.7196708834011982, 0.5946960672464688, -0.3070592053359115, 0.4199410448835493, 0.34224153321192013, 0.06535010726126451, 0.05297615888368766], [-0.2566282723421854, -0.5203871500322337, -0.25998765446579714, -0.7253493598359171, 0.2459323774959626, 0.047085765894214766, -0.15254551497684946, -0.01735051071793261, -0.5476670137071316, 0.5401554720570231, 0.35535779466344164, 0.6005868681746016, 0.4033328740420425, -0.03664130244090711]], "inverted": false, "swapped": false, "error_lsq": 0.049857574706631935, "error_max": 0.32222664177463534, "target": "797.xyz", "model": "8.xyz", "model_rescale": 4.121658175737393, "target_rescale": 4.076770328012224},
{"mapping": [12, 7, 6, 0, 11, 9, 8, 5, 1, 10, 4, 2, 13], "R": [[-0.21326157216884672, -0.1768247551177594, -0.9608602956796666], [0.5162884576897405, -0.855343735554548, 0.042817315468632086], [-0.8294369959752343, -0.4869497920988731, 0.27370452989025124]], "T": [-0.004595916706423626, -0.041118957785948075, -0.021954894502218162], "aligned_model": [[-0.5060480733832508, -0.11135980187457689, 0.16208253857783128, 0.19217182580680975, -0.7464247923576426, -0.5379961133284711, 0.18590409167593008, 0.27565449998126096, 0.6963226096868111, -0.1867864985371482, -0.23853877665212053, 0.27156190623072807, 0.020194080609035818], [0.12421540796057004, -0.5224504279278999, 0.1754304521027708, 0.7120061884789549, -0.3278385615394506, 0.09735314538022835, -0.665735401723345, -0.21476782165770814, -0.019259161953204408, -0.627785654399734, 0.7238803511056742, 0.4238198546148444, -0.0884809310299909], [-0.4516361336975485, -0.6489325914472347, -0.6899636144863841, -0.36518395595095227, -0.012676552524150678, 0.3090008955634032, -0.12164970338045682, 0.5593239217541238, 0.10586712733533474, 0.3494543167790597, 0.23047058979071872, 0.23651712003897057, -0.07951598581579493]], "inverted": false, "swapped": true, "error_lsq": 0.040476365999035584, "error_max": 0.24429067082790773, "target": "797.xyz", "model": "9.xyz", "model_rescale": 3.833441315466971, "target_rescale": 4.076770328012224},
{"mapping": [9, 13, 2, 10, 3, 5, 8, 12, 0, 4, 1, 6, 7, 14], "R": [[0.4587915755015585, 0.8591509246780772, 0.22664946254867435], [0.849278497776658, -0.3490208703164729, -0.39611925640866696], [-0.2612208327507993, 0.37422469280946313, -0.8897862416494436]], "T": [0.08849994529277025, 0.13696218530890175, 0.013433417171727993], "aligned_model": [[0.5709835885154881, -0.3521765093425263, 0.001523963674347234, 0.28449100242815356, 0.31983787612494397, -0.5014588783752613, 0.6051790783784715, 0.1024913763362791, -0.4000300405922005, -0.21007922929375208, -0.5182018419490994, -0.09176306759595168, 0.6855264850385525, 0.13591480531039718], [-0.4781444566304725, -0.1800407565670204, -0.5292639348818191, 0.5591691867653625, -0.6056177840245094, -0.19283657027275403, 0.0005550059930239382, 0.7186764292878611, 0.39720866578631575, -0.2320139120298601, 0.5343241893734973, 0.3487482664806747, -0.0013190621326709118, 0.05486247419226449], [-0.2028152350721977, -0.5705185830703562, -0.24196468447502603, -0.6641231464921252, 0.3999299897965194, -0.011397383460439121, -0.554012718810917, 0.1697434792922298, -0.3833450903031801, 0.6542295596274441, 0.15352378799397529, 0.6330151067422795, 0.27487477623145384, 0.018754515808671147]], "inverted": false, "swapped": false, "error_lsq": 0.050660258083888195, "error_max": 0.32305155351700554, "target": "797.xyz", "model": "10.xyz", "model_rescale": 4.2482417240324, "target_rescale": 4.076770328012224},
{"mapping": [11, 7, 6, 3, 9, 2, 12, 1, 8, 5, 10, 13], "R": [[-0.16451091614177296, 0.16707474102351502, 0.9721225176808324], [0.30962868400871546, 0.9444820250849544, -0.10992625860300598], [-0.9365181453176579, 0.2829129463339374, -0.20710873542037078]], "T": [-0.016590783705691187, 0.18235607585782063, 0.027706149178043586], "aligned_model": [[-0.7617755837556195, -0.003991383676552763, 0.3930445453537325, 0.612225409663649, -0.5923771811159684, 0.2433975931185345, -0.3134172847148621, 0.5972534555020532, 0.07599895889938384, 0.024605883013517026, -0.414293542266075, 0.016094732341214373], [-0.09237903695509839, -0.6136547556780632, -0.15394573201024428, -0.3552745226001405, 0.45193838807158404, 0.7140433494524568, -0.09451681006370641, 0.3813923328634812, -0.27551606418269114, 0.5388335377395713, 0.05359720393701933, 0.11161349947647098], [0.07042067971040947, 0.07656876257668235, 0.517615319907711, -0.13004080429683978, 0.12266629654754863, 0.12233020405223538, 0.5741959648097872, -0.2750857248384088, -0.4393647802181165, -0.536036646809204, -0.5558773426920353, 0.017800361104587235]], "inverted": true, "swapped": true, "error_lsq": 0.043949172440642885, "error_max": 0.25775913686937224, "target": "797.xyz", "model": "11.xyz", "model_rescale": 3.6694154284099745, "target_rescale": 4.076770328012224},
{"mapping": [1, 12, 2, 5, 3, 10, 0, 6, 7, 8, 9, 11, 4, 13], "R": [[-0.43153381602798124, 0.4233225607443607, 0.7966031478654635], [-0.04449463375665613, 0.8719942991110036, -0.4874896613106484], [-0.9009987753549887, -0.24581283913324536, -0.35745944514876604]], "T": [0.028286629471223863, 0.08436015328965898, -0.06527277482377535], "aligned_model": [[0.4951227293454523, -0.09371834909721512, -0.1110939706283522, 0.09492951263778622, 0.37133704332965745, -0.5620480500397027, 0.6597230554904552, 0.28360766781473645, -0.4986102748638074, -0.23280909291067595, -0.6137937887328018, 0.042797519166923106, 0.6550184571642143, 0.14177614998117186], [-0.6072501873361394, -0.19157720877721915, -0.5524074826609141, 0.5929240997948809, -0.5195710670429402, -0.09050891653018125, 0.136786068557096, 0.5878197972585646, 0.5687292224512607, -0.27622875114725975, 0.266569012334973, 0.4199350005788234, 0.0016809169763188914, 0.057407236882630136], [-0.2074441034918592, -0.6741585257545852, -0.027674909005122594, -0.6829233482995581, 0.44348295758860323, -0.22165231918785722, -0.3958441403863262, -0.030712859783899926, -0.26510164038435574, 0.5466116236224886, 0.38106670935215675, 0.5921522055763974, 0.3194998980488427, -0.10140717408659282]], "inverted": true, "swapped": false, "error_lsq": 0.04624057356317101, "error_max": 0.2808998826929654, "target": "797.xyz", "model": "12.xyz", "model_rescale": 3.9764082729961374, "target_rescale": 4.076770328012224},
{"mapping": [2, 11, 3, 10, 7, 14, 1, 12, 13, 4, 6, 5, 9, 15], "R": [[0.37197115647073603, 0.6704182800675565, 0.6420099598176674], [-0.7431147853009313, 0.6295402116798241, -0.22684694784209358], [-0.5562534266150405, -0.392706571920285, 0.7323685368375978]], "T": [0.0838485404111059, 0.05007182015152087, 0.010959047371864792], "aligned_model": [[0.7375095226349205, -0.2803783991198995, -0.27456017178926206, 0.2911279948976538, 0.244654007738115, -0.6762884228442724, 0.6229926042195825, 0.2546294984900555, -0.31905842781811866, -0.08136288901647087, -0.5720491688203324, 0.13160068832627808, 0.5313504396328381, 0.02207133212675437], [-0.38974256670794405, -0.06210133752845601, -0.6511379222604953, 0.24599180066822576, -0.6454975044070601, -0.05970313472246877, 0.18056308943107413, 0.6369018470820504, 0.46394780056085794, -0.260269997839889, 0.23549735897047194, 0.41569182029955054, 0.31505806264347935, -0.030891574849502723], [-0.11374115044574232, -0.6856761641738847, -0.28617987548907464, -0.7405710504554667, 0.2586657597029036, -0.2102858304227965, -0.2982630174341386, -0.17255639829584526, -0.19116268322493118, 0.637263175868166, 0.3560305910811149, 0.7638638578864216, 0.31266000527647236, 0.04584715393513346]], "inverted": true, "swapped": false, "error_lsq": 0.044586027509480326, "error_max": 0.27725150270396065, "target": "797.xyz", "model": "13.xyz", "model_rescale": 4.170626492500431, "target_rescale": 4.076770328012224},
{"mapping": [9, 12, 10, 5, 1, 8, 11, 6, 4, 0, 4, 2, 3, 13], "R": [[-0.8568951317888, -0.40107143882212803, 0.32384013660725197], [-0.5150163420705516, 0.6930297386836455, -0.5044481625502736], [-0.022111094882982935, -0.5990421373002291, -0.8004121545940251]], "T": [0.038714790340334544, -0.03933706461943542, 0.0637107399040098], "aligned_model": [[0.5803661723861966, -0.2856998483177287, -0.020118826410357858, 0.14752870286989178, 0.35634881016256564, -0.6372476076713112, 0.5752994780317082, 0.4306415521108599, -0.5381863891424276, -0.16257557157375668, -0.5381863891424276, -0.02969766046840177, 0.6584857439438956, 0.09528044187913534], [-0.6004005470800307, 0.03842385260072973, -0.45032657472706084, 0.5178501514966255, -0.5848033331003871, -0.2761042599981234, 0.032499183448628406, 0.6856635078214518, 0.3710063131168094, -0.22674328972232655, 0.3710063131168094, 0.39006707599840607, 0.11574811572491234, 0.010421232643449456], [-0.15567017868481273, -0.5877602902758516, -0.31832922279146014, -0.6468677335899957, 0.502333184948017, -0.13268789673020745, -0.39079567097464896, -0.1043870007070504, 0.020508054195501696, 0.5930683728149382, 0.020508054195501696, 0.5575366078280583, 0.3231450405212901, -0.004706946940948323]], "inverted": false, "swapped": false, "error_lsq": 0.05119259381776669, "error_max": 0.40560969672995817, "target": "797.xyz", "model": "14.xyz", "model_rescale": 3.9786697098870705, "target_rescale": 4.076770328012224},
{"mapping": [12, 11, 4, 0, 9, 5, 7, 8, 2, 6, 10, 13], "R": [[0.03195475330708536, -0.8767619913754345, -0.4798617553217446], [-0.9681706625294074, -0.1463966470828274, 0.2030113049568287], [-0.24824274804805824, 0.4581008974039329, -0.853533306813073]], "T": [0.09001356233587682, 0.04673356102754417, 0.05377347884396383], "aligned_model": [[-0.20782498687180667, -0.5733446596210974, 0.5859997723101282, 0.6792871619285177, -0.04264395192875525, 0.28766658506228915, -0.502771248938062, -0.2866339831624083, 0.674620066963697, 0.17333400599766982, -0.35863632304116616, 0.05430215806833006], [-0.4320270248689435, 0.13261831893125364, -0.007209961098327569, -0.5406943947118177, 0.2839199384462788, 0.6612561372781351, -0.36412802011462747, 0.1897073535342889, 0.12724185197258797, -0.6474693627771781, 0.5999952071440007, 0.011464446488788776], [-0.3276661431763414, -0.37655660060468676, -0.620585183427671, -0.12344458087984334, -0.5287783509237995, 0.22661610116669167, 0.3943296011732557, 0.577290557146382, -0.051072477601564914, 0.23280143365258676, 0.14282882419619886, 0.11420331315262161]], "inverted": false, "swapped": true, "error_lsq": 0.05919560740498061, "error_max": 0.305858921550783, "target": "797.xyz", "model": "15.xyz", "model_rescale": 3.769337070930944, "target_rescale": 4.076770328012224},
{"mapping": [12, 7, 9, 11, 0, 6, 2, 3, 5, 10, 13], "R": [[0.08350181587401084, -0.6358938474166531, -0.7672460241430968], [-0.4013881014173179, -0.7261766434664756, 0.5581711874724139], [-0.9120937664441876, 0.26135511722828375, -0.3158772924922688]], "T": [0.047023558459712504, 0.12833323258311327, 0.04090214705934149], "aligned_model": [[-0.29154472733823966, -0.32758019090583, -0.30989101651902007, -0.7286756994629136, 0.6176314972217889, 0.2853788107456496, 0.542254476578468, 0.31217515901225257, 0.20158456534653324, -0.41835611465097156, 0.0396493706634537], [0.0017067888999314773, -0.5742105200491, 0.63865551823004, 0.24970008825317538, 0.10655198604031874, -0.3912528422021744, 0.4598104930606991, -0.6379909156551485, 0.4498544972822398, 0.24194310376028216, 0.05129630000507862], [-0.5359452719875548, -0.006887500254838717, -0.11848787467825071, -0.08623969168553734, -0.5896954873907105, -0.39969754534965996, -0.023193003089139172, 0.26845982177876043, 0.605981130655754, 0.5755334034170584, 0.05438962580789532]], "inverted": false, "swapped": true, "error_lsq": 0.0472852428433356, "error_max": 0.23707943440115534, "target": "797.xyz", "model": "16.xyz", "model_rescale": 3.7852294659196426, "target_rescale": 4.076770328012224},
{"mapping": [1, 8, 7, 3, 5, 10, 9, 11, 6, 0, 4, 12, 13], "R": [[-0.9820391696378624, -0.03234106324675267, 0.18588470869075646], [-0.14892380066713082, 0.7377785443933752, -0.6584106021531317], [-0.11584805087628591, -0.6742676583233562, -0.7293437831690234]], "T": [-0.06606109694159044, 0.12211707850825569, -0.04032101204528842], "aligned_model": [[-0.19400093409826935, -0.279614706042664, 0.26341468178800376, 0.19907990007070198, -0.6703614999186126, -0.6632277138286485, -0.2729222666883546, -0.18228772835222729, 0.6185546724638342, 0.5842089433480635, 0.08067452451156233, 0.4088201996894562, -0.0385722227265628], [-0.182874277363194, -0.4808678510507193, -0.4359914421817318, -0.6526340479639118, 0.08643253090520307, -0.05798146309528533, 0.6465166584136036, 0.3110067496213314, -0.0853274607425671, 0.42868933426362255, 0.9151665480552502, 0.33284686183598955, 0.05007348300528343], [-0.6717596642465693, 0.12453965916712872, 0.4245877254026644, -0.237302002259611, -0.3233880045225504, 0.31502750734950796, 0.26860546000875535, 0.7234959567725752, -0.13612819220634872, -0.4951655412594172, -0.2710004989806107, 0.3995612424021278, -0.02531895048447818]], "inverted": true, "swapped": true, "error_lsq": 0.04362450938566006, "error_max": 0.27679850842347065, "target": "797.xyz", "model": "17.xyz", "model_rescale": 3.901054581598922, "target_rescale": 4.076770328012224},
{"mapping": [12, 0, 7, 2, 11, 1, 13, 5, 8, 6, 4, 10, 9, 14], "R": [[0.10060239039903973, 0.8953576083770727, 0.43383627345726605], [-0.9763918902901374, 0.005072472014975636, 0.21594709213904592], [0.1911492495974062, -0.4453190127862786, 0.8747302105388854]], "T": [0.032186675568583026, 0.04655048664652081, -0.04911872478911894], "aligned_model": [[0.5365172829901403, -0.28772421561019546, -0.10667127202100644, 0.16028785390107653, 0.33772436766326774, -0.6140365264488611, 0.6696024438936053, 0.3347940371930138, -0.31259663867363074, -0.2845577664883478, -0.5566785999603654, 0.0801998321537984, 0.5967065764184901, 0.07867123364685615], [-0.49440143900124134, -0.19845541202476655, -0.5912211628433465, 0.45936934659366113, -0.42295794462863157, -0.1940876847841894, 0.2006634060557151, 0.5916912604089938, 0.5952775795273098, -0.4840377954130284, 0.3726959778153587, 0.32894179029863124, 0.20938121832916393, 0.02144860100626402], [-0.11980646511933508, -0.691873460143873, -0.16592119606188263, -0.7540362937075551, 0.5191589719381722, -0.14998692126670993, -0.36129262610435564, -0.08567509862424516, -0.1920917848340996, 0.37734906841135285, 0.3661411646491233, 0.7192585500864763, 0.2491983141114441, -0.03452784952618106]], "inverted": false, "swapped": false, "error_lsq": 0.04817453514441657, "error_max": 0.4255286866563948, "target": "797.xyz", "model": "18.xyz", "model_rescale": 3.9405287249114394, "target_rescale": 4.076770328012224},
{"mapping": [2, 1, 6, 3, 5, 0, 10, 14, 12, 9, 4, 13, 11, 15], "R": [[-0.9653892299304888, -0.0915584973995722, -0.24421440638944814], [0.2366025487916613, 0.08654180999656341, -0.9677446714024358], [0.10974000473622891, -0.9920320340979174, -0.06188355746109947]], "T": [-0.07533591948447414, 0.0741701395399213, 0.04656824315548577], "aligned_model": [[0.46737517102164394, -0.19804854315726161, -0.13134544086947775, 0.17902427875852556, 0.2725971344767991, -0.633423296106557, 0.6606092332952017, 0.39237141486473126, -0.28261365025233876, 0.11491198281510724, -0.7852604832827489, 0.06929218606783115, 0.5499938768399627, -0.04324525581357723], [-0.4894171477837503, -0.10521282594326264, -0.6165910431500947, 0.41782535362651707, -0.646515265583385, -0.25820087516817625, 0.11778001777665084, 0.6884802071999145, 0.5206369328417437, -0.1621348387129076, 0.21484616734909107, 0.536247483904818, 0.12017003415205701, 0.056393540830678004], [-0.3317957678469511, -0.5765551697132959, -0.23270828216508802, -0.6900663869392738, 0.27199623512255555, -0.17869215414715212, -0.22617146346385394, -0.013531276341101343, -0.19393624124325728, 0.7515331641835283, 0.15088697364882248, 0.5122903537332454, 0.4016173347249855, 0.031027054255168416]], "inverted": true, "swapped": false, "error_lsq": 0.041644009218290985, "error_max": 0.27333568472683706, "target": "797.xyz", "model": "19.xyz", "model_rescale": 4.410303926677745, "target_rescale": 4.076770328012224},
{"mapping": [11, 3, 6, 10, 4, 0, 9, 8, 5, 2, 1, 7, 12, 13], "R": [[0.33210848047110436, 0.4781702311271771, 0.8130542339001479], [0.2602251202503139, -0.8749744562497407, 0.40829228219644365], [0.9066349011536474, 0.07597980635835261, -0.4150183430113222]], "T": [-0.007823259839006287, -0.015243119723023571, -0.011860608956052473], "aligned_model": [[0.6785965217329337, -0.49162811616923413, -0.00423272608155844, 0.29097303525875273, 0.25551421955748777, -0.6716585671952672, 0.5955424411160625, 0.2178509531270676, -0.20771424961868096, -0.22857276999617349, -0.4965821759635353, 0.05515273268189593, 0.6181112740610967, 0.02088603614699417], [-0.4102747626592608, -0.19771589499317055, -0.5395768879780163, 0.2618644215149862, -0.6146507799135608, -0.2779356817075113, 0.2847807375242498, 0.7196708834011982, 0.5946960672464688, -0.3070592053359115, 0.4199410448835493, 0.34224153321192013, 0.06535010726126451, 0.05297615888368766], [-0.2566282723421854, -0.5203871500322337, -0.25998765446579714, -0.7253493598359171, 0.2459323774959626, 0.047085765894214766, -0.15254551497684946, -0.01735051071793261, -0.5476670137071316, 0.5401554720570231, 0.35535779466344164, 0.6005868681746016, 0.4033328740420425, -0.03664130244090711]], "inverted": false, "swapped": false, "error_lsq": 0.049857574706631935, "error_max": 0.32222664177463534, "target": "797.xyz", "model": "20.xyz", "model_rescale": 4.121658175737393, "target_rescale": 4.076770328012224},
{"mapping": [3, 1, 5, 8, 10, 6, 2, 7, 0, 12, 9, 11, 13], "R": [[0.6024606442515542, -0.7521390134096243, -0.2670731671943093], [0.6201869185836616, 0.6517732428863, -0.43653158634304906], [0.502403580944349, 0.09735781614576851, 0.8591345048882754]], "T": [0.03414181195301427, 0.062122352658302495, 0.009261938458278076], "aligned_model": [[0.10923621856286198, -0.1431037832652735, 0.24476218827935448, 0.5527830501164573, 0.7116268551886544, -0.35155417347978435, -0.42299768771857116, 0.3863897533101476, -0.7982905245683928, -0.07956267939200456, 0.11121804568155924, 0.5001367563191006, 0.06043888563018531], [-0.6121306045950801, 0.06879922934309687, 0.5224377020958173, -0.22536055949632758, 0.2965782354595187, -0.5465567515278815, 0.3795351979720882, -0.6391588678331893, -0.10542196203638629, -0.2180794027709909, 0.504106475917745, 0.12509810047425451, -0.009019888839481703], [0.5083454450013847, 0.69965495614835, 0.445528052606876, 0.3003630402138858, 0.04614660275166804, -0.031473295702195064, 0.23177393412782937, -0.13323571551298363, -0.04276235183253646, -0.6006347332422587, -0.45109804793331465, -0.6322106381719695, 0.029712491027053006]], "inverted": true, "swapped": true, "error_lsq": 0.04895134122566425, "error_max": 0.2547898238210219, "target": "797.xyz", "model": "21.xyz", "model_rescale": 4.08911054899281, "target_rescale": 4.076770328012224},
{"mapping": [13, 6, 0, 10, 4, 8, 12, 9, 5, 2, 11, 15, 14, 16], "R": [[0.9776871379382148, -0.12052324789102561, 0.1720523380485747], [0.03656813663130276, 0.9041802457341859, 0.4255829585490734], [-0.20685896570730747, -0.40979535129362604, 0.888412707228255]], "T": [0.03518932046051296, -0.0094895709401654, 0.0036030572302195134], "aligned_model": [[0.5902731745272448, -0.3412601025311811, -0.13385938592829036, 0.15552739470343996, 0.2722063391679261, -0.6386643858456396, 0.6946791903578416, 0.2624389080383974, -0.230604145664589, 0.02133089560788709, -0.5443452847564754, -0.04942003766016502, 0.5222744026780205, 0.05166164596342453], [-0.3409590694365794, -0.25065769703838814, -0.7344685992363968, 0.3423112424545803, -0.62160441648895, 0.049705698599575, 0.20367859391145976, 0.6548717970438307, 0.5610728623830887, -0.3447208667709993, 0.4014484572623784, 0.26018843105608025, 0.26627526798341283, -0.052833960383198826], [-0.13329052388006174, -0.5927926968080377, -0.21065692871722455, -0.7125605726737545, 0.23903995869130415, -0.14864384954181473, -0.250566081397349, -0.11693411230114746, -0.3150525515288597, 0.642885273258037, 0.28849357759101113, 0.6756313673867883, 0.31748912293190146, -0.007147609202461255]], "inverted": false, "swapped": false, "error_lsq": 0.03999299153291753, "error_max": 0.23594195995521555, "target": "797.xyz", "model": "22.xyz", "model_rescale": 4.204369325754507, "target_rescale": 4.076770328012224},
{"mapping": [2, 1, 6, 3, 5, 0, 10, 14, 12, 9, 4, 13, 11, 15], "R": [[-0.9653892299304888, -0.0915584973995722, -0.24421440638944814], [0.2366025487916613, 0.08654180999656341, -0.9677446714024358], [0.10974000473622891, -0.9920320340979174, -0.06188355746109947]], "T": [-0.07533591948447414, 0.0741701395399213, 0.04656824315548577], "aligned_model": [[0.46737517102164394, -0.19804854315726161, -0.13134544086947775, 0.17902427875852556, 0.2725971344767991, -0.633423296106557, 0.6606092332952017, 0.39237141486473126, -0.28261365025233876, 0.11491198281510724, -0.7852604832827489, 0.06929218606783115, 0.5499938768399627, -0.04324525581357723], [-0.4894171477837503, -0.10521282594326264, -0.6165910431500947, 0.41782535362651707, -0.646515265583385, -0.25820087516817625, 0.11778001777665084, 0.6884802071999145, 0.5206369328417437, -0.1621348387129076, 0.21484616734909107, 0.536247483904818, 0.12017003415205701, 0.056393540830678004], [-0.3317957678469511, -0.5765551697132959, -0.23270828216508802, -0.6900663869392738, 0.27199623512255555, -0.17869215414715212, -0.22617146346385394, -0.013531276341101343, -0.19393624124325728, 0.7515331641835283, 0.15088697364882248, 0.5122903537332454, 0.4016173347249855, 0.031027054255168416]], "inverted": true, "swapped": false, "error_lsq": 0.041644009218290985, "error_max": 0.27333568472683706, "target": "797.xyz", "model": "23.xyz", "model_rescale": 4.410303926677745, "target_rescale": 4.076770328012224},
{"mapping": [12, 4, 5, 3, 6, 8, 0, 1, 10, 14, 9, 11, 7, 16], "R": [[0.16500219824535234, -0.6189347339478013, 0.7679154052935556], [-0.8218509826365457, 0.34417068233941295, 0.453990642808161], [-0.5452845467400903, -0.7060214844684171, -0.4518832001252835]], "T": [0.04098067546331956, -0.015334002950154434, 0.07228723398955512], "aligned_model": [[0.6600466499505889, -0.26205452533016144, 0.03360262655184771, 0.12634217863031683, 0.1763056210881666, -0.7146563154642459, 0.633334770217783, 0.36365826768350423, -0.3815007676350448, -0.13266024043467034, -0.527328645013865, -0.035072216596326575, 0.6228771518820246, 0.06934405312792387], [-0.5037443978978685, -0.07095059325181045, -0.5386482236184447, 0.41967671332699263, -0.7115739339433136, -0.0002635733465699494, -0.007487209056683285, 0.7631358720892711, 0.4530982434533947, -0.21161376094034595, 0.07266129935028764, 0.42554102928614407, 0.2500424389664099, 0.05443383692243007], [-0.08388075287985049, -0.5433107151253055, -0.27655345209584453, -0.7104835339464832, 0.3458474784368623, -0.2509654339777047, -0.39615792324806753, -0.08957435720929151, -0.08853753724442785, 0.6963650167570997, 0.32068475140911123, 0.5201339155344441, 0.2536783348999843, -0.021351417502194228]], "inverted": true, "swapped": false, "error_lsq": 0.043163552330023676, "error_max": 0.2923297558130046, "target": "797.xyz", "model": "24.xyz", "model_rescale": 4.28219845311461, "target_rescale": 4.076770328012224},
{"mapping": [6, 14, 2, 11, 0, 13, 8, 5, 9, 4, 7, 3, 1, 15], "R": [[0.9550689832195435, 0.032423139713237965, 0.29460478153472625], [0.09775765476762346, 0.9039114120804975, -0.416398367005654], [-0.2797975665125093, 0.4264890375165311, 0.8601281431576931]], "T": [-0.025992106559463615, 0.05697599399557478, -0.08840821906053886], "aligned_model": [[0.5965491233012958, -0.06995518053262315, -0.16882262385981056, 0.0001749111799318609, 0.34107186626313757, -0.5903489380266154, 0.6491661902277286, 0.5028253439333512, -0.3046490713075619, -0.1686372936108106, -0.6462453497847113, 0.036406356616092456, 0.4525231420778823, 0.0021801321805554504], [-0.5488433200981149, -0.30929209299844856, -0.6098289970438109, 0.33788785724848525, -0.5570047547194044, -0.11581964236091323, 0.13485296196879104, 0.7223654414406852, 0.6723675172051735, -0.22628276656433388, 0.25596249339311383, 0.43896904084541216, 0.1987793436048797, 0.00019465941837820688], [-0.32845511188676624, -0.7547861609757842, -0.14965012987820855, -0.5541129361453014, 0.3038236665618421, -0.155932227898269, -0.22997978777241196, -0.14216385315699204, -0.0656650214397877, 0.5704281780843538, 0.3373103418177721, 0.5825858858401907, 0.3125810148445519, -0.05008948418685784]], "inverted": true, "swapped": false, "error_lsq": 0.042780530013715436, "error_max": 0.23453980553723888, "target": "797.xyz", "model": "25.xyz", "model_rescale": 4.100010024507729, "target_rescale": 4.076770328012224},
{"mapping": [11, 7, 6, 3, 9, 2, 12, 1, 8, 5, 10, 13], "R": [[-0.16451091614177296, 0.16707474102351502, 0.9721225176808324], [0.30962868400871546, 0.9444820250849544, -0.10992625860300598], [-0.9365181453176579, 0.2829129463339374, -0.20710873542037078]], "T": [-0.016590783705691187, 0.18235607585782063, 0.027706149178043586], "aligned_model": [[-0.7617755837556195, -0.003991383676552763, 0.3930445453537325, 0.612225409663649, -0.5923771811159684, 0.2433975931185345, -0.3134172847148621, 0.5972534555020532, 0.07599895889938384, 0.024605883013517026, -0.414293542266075, 0.016094732341214373], [-0.09237903695509839, -0.6136547556780632, -0.15394573201024428, -0.3552745226001405, 0.45193838807158404, 0.7140433494524568, -0.09451681006370641, 0.3813923328634812, -0.27551606418269114, 0.5388335377395713, 0.05359720393701933, 0.11161349947647098], [0.07042067971040947, 0.07656876257668235, 0.517615319907711, -0.13004080429683978, 0.12266629654754863, 0.12233020405223538, 0.5741959648097872, -0.2750857248384088, -0.4393647802181165, -0.536036646809204, -0.5558773426920353, 0.017800361104587235]], "inverted": true, "swapped": true, "error_lsq": 0.043949172440642885, "error_max": 0.25775913686937224, "target": "797.xyz", "model": "26.xyz", "model_rescale": 3.6694154284099745, "target_rescale": 4.076770328012224},
{"mapping": [5, 4, 0, 8, 1, 2, 7, 9, 10, 6, 11, 12, 3, 13], "R": [[0.5560212063102109, 0.4927218655481461, -0.669377009871188], [0.5040765163749412, 0.4404367592516928, 0.7429147506539158], [0.6608685828306877, -0.750493587121583, -0.003477343344785463]], "T": [0.06993191094172521, 0.052119539557226244, -0.0858285542430029], "aligned_model": [[0.5081708141412369, -0.39135327369857953, -0.14018079299369596, 0.24513613722579577, 0.40896992357319206, -0.5439740887432604, 0.6974115834029373, 0.22443916252208476, -0.30242886002956926, 0.02765657135326513, -0.5585305656627818, -0.1481700668891962, 0.5867459733119983, 0.018346091144415266], [-0.516468934104436, -0.14135880680715213, -0.5601903312482305, 0.282973465610848, -0.6924508445801383, -0.15137328499623942, 0.09596231421970462, 0.711017780083145, 0.4073890649922923, -0.25064040438191115, 0.538979652276854, 0.35309275811491325, 0.28395799495567403, 0.03341731720456972], [-0.4184429121152095, -0.7379885637563062, -0.21947965559384247, -0.6553609381755396, 0.24630819884552757, 0.12355086238937199, -0.06402037971351107, -0.0030991561351670915, -0.3973116844947755, 0.5287767205578584, 0.23693701918135168, 0.61529872545357, 0.4903531669772559, -0.06962702961225259]], "inverted": false, "swapped": false, "error_lsq": 0.05065016762337166, "error_max": 0.27830199669216, "target": "797.xyz", "model": "27.xyz", "model_rescale": 4.103607728864725, "target_rescale": 4.076770328012224},
