[{"mapping": [2, 4, 0, 10, 8, 3, 7, 13, 5, 11, 9, 15], "R": [[-0.02650833002731634, 0.9216850037668984, -0.3870323788397755], [0.5914516081849144, -0.2976698225485035, -0.749384862350062], [-0.8059046492077346, -0.24877586413306874, -0.5372413478225624]], "T": [-0.11521862077569266, 0.02235902310496246, 0.016119980341381138], "aligned_model": [[-0.24863607143485433, 0.17026263307509215, 0.3488522019434113, -0.17467440075554136, -0.003817848630090284, -0.6231939084429376, 0.47153108068039207, -0.2011752755540216, 0.6373409932596652, 0.2653335035467087, -0.7163576922042826, -0.08782275302299317], [-0.4401167062687998, -0.5772842252064185, -0.14135362546168478, 0.6881897716826813, 0.3583734865172872, -0.4829252158886948, -0.20274990235116602, -0.503089001372975, -0.06626009745302738, 0.3884312435427282, 0.010155317666138822, 0.02218399057098769], [-0.4902634744212942, -0.09393821895344327, -0.5688226500743976, -0.05908806439175961, -0.7131699375499012, 0.06441644332790604, 0.6219456884780299, 0.6055481099830426, 0.036047462457175286, 0.4789368137662273, 0.29339608967050324, 0.006943483061474052]], "inverted": true, "swapped": true, "error_lsq": 0.0432691538006816, "error_max": 0.23349261636411428, "target": "798.xyz", "model": "0.xyz", "model_rescale": 3.751011558992144, "target_rescale": 4.005763432891931},
{"mapping": [2, 3, 8, 0, 9, 10, 13, 4, 1, 11, 14, 7, 5, 6, 15], "R": [[-0.7236701813796484, 0.6694871599672563, 0.16759597614777094], [0.5475388559180541, 0.7047778795228792, -0.4510979292738798], [-0.420122208222673, -0.23468081126119245, -0.8765969695269848]], "T": [-0.03826507670459163, -0.00034185411537696053, -0.0113152790005719], "aligned_model": [[0.0683060153554779, 0.0676917007801528, -0.4657962279519425, 0.15909927953604486, -0.28198927986072175, -0.5981020946061854, 0.5007466488115531, 0.5403736498833633, -0.49353461928716946, 0.05472246958939238, -0.02546509770634635, 0.6643455602691759, 0.46495792800999786, -0.09079252244109394, -0.02547719929266478], [-0.12793589280797238, -0.6581409071032402, 0.514700880435863, 0.5202961208432801, -0.5963462549171306, 0.2806861664871092, -0.5280830953517639, 0.0008921563193741155, -0.19444419544752997, 0.30006774040771655, -0.3656099458201106, 0.1462250663519833, 0.5614520349396068, 0.6698028878298588, 0.02519458766006135], [-0.6898951072336268, -0.27919056824231364, -0.4686201360640823, -0.5350564847446785, 0.14288076974910338, 0.23389400006622596, 0.23741195110441793, -0.35535027734896185, -0.3915300485162706, 0.6164869215026001, 0.6577925588048785, 0.48550507057673764, 0.06451782389974663, 0.14650929779065708, -0.015689366492457675]], "inverted": true, "swapped": true, "error_lsq": 0.03694637595847991, "error_max": 0.26183936751927456, "target": "798.xyz", "model": "1.xyz", "model_rescale": 3.9405287249114394, "target_rescale": 4.005763432891931},
{"mapping": [8, 0, 6, 3, 4, 10, 1, 2, 13, 14, 9, 12, 15], "R": [[0.3073574434857681, -0.2956535837342476, -0.9045000610055199], [-0.9067278600958992, -0.3794115377551256, -0.1840963680907435], [-0.2887490080672216, 0.8767187938235312, -0.38469230158245743]], "T": [-0.07503711828634886, -0.07991296712532955, -0.09755589543708278], "aligned_model": [[-0.1738005768766609, 0.2302581702258113, -0.46735940187772207, 0.42398416226605773, 0.5076878918160677, -0.6784104713959987, 0.014738193960468146, 0.5303562023400414, 0.24507647073725153, -0.42386882669659287, -0.10819004399802387, -0.5305764096066014, -0.07391208161016653], [0.7182077372359041, 0.5319340157563697, 0.29619812734885465, -0.39797638565938354, -0.07671703809973501, 0.1644748481715623, 0.19703288815290068, 0.22207241230065086, -0.7963860143604098, -0.7557938806059206, -0.4925431519290848, -0.08715719883873518, -0.06451376590095653], [0.004565387907722582, -0.43925678368360405, -0.5234495149747087, 0.3092573623843603, -0.4346103827480544, 0.07196406801498238, 0.4544864333992532, 0.07683440707846707, -0.22045160589689827, -0.04472269666121016, 0.4191997223695698, 0.5612805604128382, -0.12197660801407374]], "inverted": false, "swapped": true, "error_lsq": 0.04562598144573664, "error_max": 0.269558343015771, "target": "798.xyz", "model": "2.xyz", "model_rescale": 3.932901565614263, "target_rescale": 4.005763432891931},
{"mapping": [14, 13, 9, 11, 12, 1, 3, 10, 6, 8, 4, 5, 2, 15], "R": [[0.6473809971908299, -0.4191498664379697, -0.636562042491727], [0.2765343528993288, -0.6491122929180989, 0.7086479964334605], [-0.7102299600430529, -0.634796519089102, -0.3043136263948808]], "T": [0.059077073621000384, -0.06873587873059102, 0.04335423000066624], "aligned_model": [[-0.0607113098553176, 0.6074583658923256, -0.002429209428426421, -0.2066744178844277, -0.5519789431218337, -0.11718533331096019, 0.4804609780366053, -0.6115786528547597, -0.2785536805476258, -0.3093274550658683, 0.6860892271068689, 0.26608193198393937, 0.45529719135518987, 0.06286121974699366], [0.10076310507021798, 0.0246431799952032, -0.4772097297227632, 0.5345070601326484, -0.5090629614875704, -0.6475197909637475, -0.5823973274516896, -0.03826270650360121, 0.4158319014900541, -0.23457200806829082, 0.029295568874631514, 0.5867901285761792, -0.490591545627856, -0.048718235962927486], [-0.6902742553836474, -0.5236272534885487, -0.47410614976789994, -0.19851828327484597, -0.22932984540468282, 0.19648846234106487, -0.22917306145879646, 0.08594657481583654, 0.40107094049004194, 0.7461743474162663, 0.2679204194395447, 0.3627772537600337, 0.43470526713604235, 0.06384194643668784]], "inverted": false, "swapped": true, "error_lsq": 0.045396997336326086, "error_max": 0.28485131697953614, "target": "798.xyz", "model": "3.xyz", "model_rescale": 3.9243930471874484, "target_rescale": 4.005763432891931},
{"mapping": [13, 4, 7, 14, 11, 3, 9, 5, 6, 0, 10, 1, 15], "R": [[-0.23371388673464644, 0.12450646555769324, -0.9643007617863403], [0.7002834289677342, 0.70957902449872, -0.07810715143082275], [0.6745227485122925, -0.6935385699626058, -0.2530282863903693]], "T": [-0.07500428824244294, -0.03905041732693006, 0.007515776244030922], "aligned_model": [[-0.006957160500345769, -0.3364753767749657, 0.5009351417839605, 0.39370653097639063, 0.6260225288242929, -0.5699697877278205, -0.1914636536234357, 0.26184063265315394, 0.32907403634518706, -0.33037558109678306, 0.20925206937385238, -0.5406233641110535, -0.06776012981108065], [-0.6456383727092282, 0.07110558858276159, -0.13075783712244682, -0.6376831362572352, -0.013474476355133748, -0.5430822052950245, -0.6362002052826853, 0.42480834957614744, 0.5170984883359275, 0.6358910249569595, 0.14804812446612528, -0.04784003299891611, -0.014445756215664702], [-0.5007462956563704, -0.6029618261307833, -0.6419898443732196, 0.0644275734918673, -0.023069909960777416, -0.12149861996780666, 0.2687599175919532, -0.4884347952678781, 0.07217493708175299, -0.24459727964810019, 0.5877866477607638, 0.4230046029475287, -0.005784792497966547]], "inverted": true, "swapped": true, "error_lsq": 0.04540277007234222, "error_max": 0.322843511889856, "target": "798.xyz", "model": "4.xyz", "model_rescale": 3.8936222436046832, "target_rescale": 4.005763432891931},
{"mapping": [12, 10, 14, 9, 7, 5, 0, 4, 3, 1, 13, 15], "R": [[0.09639235728509421, 0.581329572165187, -0.8079383899674922], [0.9544067443640645, -0.2843801277668843, -0.09075080850151179], [-0.282517751246555, -0.7623541640586291, -0.582236935253217]], "T": [-0.11998559280053005, -0.11995128158253325, 0.020637626551606135], "aligned_model": [[0.13528521477253613, -0.3796371207062936, -0.17578974313228302, 0.33580395358450543, -0.6344564528438571, -0.7174576933356148, -0.30857549978969634, -0.044702241734772566, 0.5468052325557649, 0.32632247225413097, 0.08508210846791965, -0.14113218787724252], [-0.646734060132355, -0.6613072329243835, 0.1945516632317303, -0.08272303964371762, 0.5830924948625319, 0.14640705748852, -0.2654807075591777, 0.310601709853546, 0.14563192709039202, -0.554353384616256, 0.6181122580497406, -0.11887578059076379], [-0.526144523313296, -0.2827377902509462, -0.6716511220219684, -0.4581829054198506, -0.03434611364701782, 0.40362163410087265, 0.7469822237190586, 0.5326346161867147, -0.002582147019485871, 0.06080316176393268, -0.18940794541616424, 0.04029563059366887]], "inverted": false, "swapped": true, "error_lsq": 0.04025453163661628, "error_max": 0.22655663374780347, "target": "798.xyz", "model": "5.xyz", "model_rescale": 3.6523030999806103, "target_rescale": 4.005763432891931},
{"mapping": [12, 9, 3, 1, 2, 10, 13, 8, 11, 5, 4, 0, 15], "R": [[0.5833340450949496, 0.029131569671939306, 0.811709765545304], [-0.798086636761094, 0.20625610545568268, 0.5661414480371667], [-0.15092750596405227, -0.9780642977896206, 0.14356572478404345]], "T": [-0.022390228087787234, -0.041906689161717775, 0.02161543304135523], "aligned_model": [[0.01578650505605006, -0.09033993346089758, 0.22470128827206934, 0.4703938228836264, 0.6063230758779913, -0.11675699239116566, -0.3918832564384893, 0.5186695186069816, -0.659917092158821, -0.24434695429031894, 0.15477362512243273, 0.41593439634375157, -0.022255098758915917], [-0.5382534066721605, 0.05427979060405458, 0.45988206062249914, -0.22512464319790543, 0.25635247253833127, -0.7007333715269756, 0.6315692436243702, -0.5744054990471158, -0.26231806273628194, 0.042783758881098005, 0.4984536681102528, -0.05706460123220425, -0.044594505804779444], [0.6491634180191046, 0.6731752177726847, 0.4719902064534632, 0.35792541906443776, -0.04058805187696915, 0.1194118640378794, 0.2236420721250436, -0.2627769085784735, -0.17333721554454612, -0.6982173013162559, -0.3386733846900253, -0.6044542132410986, -0.007151382743455767]], "inverted": true, "swapped": true, "error_lsq": 0.047592361402510136, "error_max": 0.25655133184619183, "target": "798.xyz", "model": "6.xyz", "model_rescale": 4.08911054899281, "target_rescale": 4.005763432891931},
{"mapping": [2, 1, 3, 0, 5, 7, 4, 13, 6, 8, 11, 10, 14, 9, 15], "R": [[-0.4653714329503591, -0.7449048271495601, 0.478065087496476], [-0.8036167894061842, 0.12920755358032032, -0.5809522044732123], [0.37098448104769266, -0.6545396906124734, -0.658747529964782]], "T": [0.045313552709698154, -0.08681137281460177, 0.02271881519107853], "aligned_model": [[0.19668527438220473, 0.2943107245564932, 0.7045122244876308, -0.4635756579073005, -0.5587907695659202, -0.18228212045767794, 0.013517632428332468, 0.5144379427142195, -0.6251814323780196, -0.4101233007700388, -0.2919386317105781, -0.20059091711739258, 0.37526047832623094, 0.6510318662350245, 0.019060226576345842], [-0.5690047258661619, -0.6402320652317857, -0.18792667679671043, -0.4470754563427685, 0.2134854116911447, 0.7071096109304138, -0.03761836995663473, 0.46974888146613075, -0.046139584026356845, -0.7489626268390797, 0.4527909103244809, -0.23049472831974288, 0.4985926471839402, -0.048210611772760294, -0.08530380027499647], [-0.4596548903613284, 0.16844215542397112, -0.24358253632603877, -0.4195062430257085, -0.32293452961035457, -0.2598828660546714, -0.6479177829013137, -0.2952004874616021, 0.18254367346026013, 0.12907964106729064, 0.31956650566343414, 0.6321512647595274, 0.38289526713984623, 0.2873212723531108, 0.010749587955656857]], "inverted": true, "swapped": true, "error_lsq": 0.03955702386475932, "error_max": 0.23900062645388953, "target": "798.xyz", "model": "7.xyz", "model_rescale": 3.964800864290218, "target_rescale": 4.005763432891931},
{"mapping": [2, 4, 0, 3, 8, 13, 1, 5, 7, 11, 14, 10, 6, 15], "R": [[0.24380180103530824, 0.8952811725461216, -0.3728703580286074], [0.9316025058703945, -0.32306599446550593, -0.16656870737331006], [-0.26958756066989015, -0.3067572090505055, -0.912810255106505]], "T": [-0.09274326374117539, 0.044500433494656114, 0.08685781372453072], "aligned_model": [[-0.18305255425823436, 0.11205285920719135, 0.45647667370657774, -0.6718949650038533, 0.22696281733366733, -0.38709692793013806, -0.44332707777977065, 0.613698868350046, 0.30433173443606176, 0.22994991206395268, -0.41921762689301656, -0.0289215959008238, 0.5156052530574947, -0.06437948092828191], [0.016065454157121864, -0.42813412455151856, 0.1381964618656193, -0.24257597564634908, 0.6988213994580341, -0.6813764385648072, 0.4576786118017854, -0.22964387840312267, -0.6325971618709186, -0.039937092075533406, -0.21130303379351467, 0.6175436934247922, 0.3055823283099316, 0.04262822206968216], [-0.605344399255134, -0.3465698057732057, -0.4364967078523986, -0.22595849920093108, -0.26927661485448234, 0.21864696323622465, -0.22279381080988542, 0.10637283382435203, 0.4687535079799029, 0.7047312876399552, 0.7265991624121139, 0.4333690581017914, 0.2830975422717905, 0.08168452100492771]], "inverted": true, "swapped": true, "error_lsq": 0.03701422500648927, "error_max": 0.23510731078420827, "target": "798.xyz", "model": "8.xyz", "model_rescale": 4.121658175737393, "target_rescale": 4.005763432891931},
{"mapping": [6, 11, 10, 8, 7, 4, 14, 3, 12, 13, 0, 1, 15], "R": [[0.3513140752670436, -0.9322483663943151, 0.08655289639517012], [0.8341415450731466, 0.35363948969597736, 0.4232575978178684], [-0.4251897262425866, -0.0764989848475115, 0.9018656230365223]], "T": [-0.021672597560325198, 0.005373752682027763, 0.009081043671558112], "aligned_model": [[-0.31459704408672395, -0.2562629812616224, 0.3192402998141098, 0.09036241564073882, -0.7047842551036948, -0.5205436644447882, 0.14812512835381858, 0.21939350756653397, 0.744799592240643, -0.2226371697699084, -0.4519655898739811, 0.4711693237545912, -0.04556206639451946], [0.23910137160852601, -0.37246731797046634, 0.11853473294538817, 0.7650483827944067, -0.5267494276983978, 0.11152361387449415, -0.7248095701712666, -0.14927644804592793, -0.04518386342842684, -0.6260413023601653, 0.636437678606776, 0.3460095561708639, 0.018260033085905805], [-0.570857206084337, -0.5342712254936542, -0.5596850017871725, -0.2507693905698332, -0.10127027416497837, 0.44844904930241636, -0.12981087183818485, 0.6676051903562469, -0.21807157044832565, 0.4470741508364975, 0.0395392583242075, 0.18396224977440384, -0.0008189242481970553]], "inverted": true, "swapped": true, "error_lsq": 0.04325241678646382, "error_max": 0.3237930228428521, "target": "798.xyz", "model": "9.xyz", "model_rescale": 3.833441315466971, "target_rescale": 4.005763432891931},
{"mapping": [5, 6, 2, 1, 8, 0, 10, 9, 13, 3, 7, 14, 11, 4, 15], "R": [[-0.664628957207625, -0.11470368271308015, -0.7383166085177565], [-0.09153954426323443, -0.968201716486036, 0.23282170867333873], [-0.7415449150774244, 0.22232521531655086, 0.6329949743538766]], "T": [-0.07632839818774476, 0.08454088349802567, 0.026603525256174085], "aligned_model": [[0.07434019392371283, -0.015450758533377434, -0.6791138157726091, -0.5448015280701054, -0.6897262864878935, -0.5784422858234205, -0.03094929956427142, 0.0688965977067166, 0.3709040350705507, -0.22851814102628867, 0.577984777286481, 0.605954960815494, 0.5147094038038618, -0.24217827787719767, -0.07976455715712086], [-0.6545161336287244, -0.4384760911236416, 0.0917510070272007, 0.47087005384824554, -0.14285661741681777, -0.4909113565088037, 0.16823194421648935, 0.7255253367366268, 0.2492016181372726, 0.56143204717441, -0.38908544879242185, 0.4247157220488899, -0.17887905496550627, -0.2518428877499953, 0.0559414002917546], [0.10203645265432944, -0.42006062374113445, 0.3797408556579604, -0.1175909440780724, -0.45215846488233313, 0.059127424040503265, -0.6393231743745729, 0.10690163048304442, 0.6620401358250354, 0.5414789505535464, 0.3575512475327036, 0.03437617839454164, -0.245999599892328, 0.5856421237675945, 0.024359715881274592]], "inverted": true, "swapped": true, "error_lsq": 0.041108074969971556, "error_max": 0.26781690366467703, "target": "798.xyz", "model": "10.xyz", "model_rescale": 4.2482417240324, "target_rescale": 4.005763432891931},
{"mapping": [9, 13, 7, 4, 10, 6, 11, 0, 2, 8, 1, 15], "R": [[-0.12660198289663954, 0.9665400055695446, 0.2230971885978492], [0.8434616529734174, 0.22325897128423539, -0.4885978629757356], [-0.5220578300245957, 0.12631646517667539, -0.8435044592266722]], "T": [-0.09936024645866426, 0.007520784397185863, -0.02947409769990665], "aligned_model": [[-0.650143400582137, -0.04266924231554789, 0.33743322840128087, 0.47736882419032156, -0.48070729911388854, 0.14420699663032632, -0.10540097857272232, 0.5133515620785261, 0.16865410165081207, 0.000984437474648353, -0.4115471172264454, -0.07476551025216736], [-0.35725529801193623, -0.7227793038319923, -0.24009826733689674, -0.31294636188121194, 0.5526343518658217, 0.6020755360140975, 0.22279520795831073, 0.326220639311526, -0.17207688718442077, 0.6621518780523019, 0.08348479376705747, 0.02192510132798198], [-0.07392048411334325, 0.27770273105352455, 0.6845779274748545, -0.16314820140813152, 0.07026280374559753, 0.22339217165122632, 0.6388436735136698, -0.3570959572182955, -0.6491685427512429, -0.4969874254468411, -0.5645237900393417, -0.02474261660732021]], "inverted": true, "swapped": true, "error_lsq": 0.04328938670666511, "error_max": 0.22611900403016716, "target": "798.xyz", "model": "11.xyz", "model_rescale": 3.6694154284099745, "target_rescale": 4.005763432891931},
{"mapping": [3, 13, 7, 14, 9, 2, 1, 0, 11, 6, 5, 10, 4, 15], "R": [[0.15089433780777683, -0.8018992301217134, -0.5780904112228087], [-0.602088996899812, 0.38925537097714735, -0.697114837008668], [0.7840406485825406, 0.4532525575169399, -0.4240782716369966]], "T": [0.10359963325392721, -0.03858322650986799, 0.010658518071895044], "aligned_model": [[0.0015801198952169748, -0.022738377975557306, -0.13713835064751706, 0.5976677334804983, 0.5142283916299533, -0.3758370416314295, 0.24476066804285396, -0.4892584238112072, 0.36438232492828504, 0.09368389867413437, -0.3469610766691308, 0.6120669370241353, -0.5438453652187435, 0.0856734125343178], [-0.3546285585499275, 0.32919489669017604, 0.790435495495094, 0.3911913265324781, -0.21511905064919978, -0.5342228924919052, -0.6464907299520231, -0.1939858860922432, 0.5782448700944636, 0.22658769916629778, 0.45720312197726126, -0.1007028418083729, 0.031215056969732938, -0.02793521924557799], [-0.6260446862413617, -0.6819363504878906, -0.11875249687821149, -0.3798289500860691, -0.4778271828643456, -0.10154672216960614, 0.005057108615790444, 0.467485376132256, 0.22171229834243306, 0.6481126443708523, 0.36532366870897465, 0.4466906039428549, -0.16000944129272843, 0.030659589559467036]], "inverted": true, "swapped": true, "error_lsq": 0.03675923665904391, "error_max": 0.1979733842099034, "target": "798.xyz", "model": "12.xyz", "model_rescale": 3.9764082729961374, "target_rescale": 4.005763432891931},
{"mapping": [11, 1, 8, 7, 3, 14, 13, 6, 10, 0, 12, 6, 9, 4, 5, 15], "R": [[-0.2000832662768304, -0.876625013234149, 0.4376017284337703], [-0.09725802360793617, 0.4621974897376987, 0.881427454373897], [-0.9749397742424264, 0.13379860482231598, -0.17773679964410474]], "T": [-0.025128715643105336, 0.04402360699804763, 0.005843561003468988], "aligned_model": [[-0.3705448041819655, -0.5361772175083147, -0.3046325748998621, 0.4552965242145713, 0.233226197564012, 0.14808706190209767, -0.23635444738058733, 0.3995114213138798, -0.7857983809697272, 0.3035403908907974, -0.5274985657367769, 0.3995114213138798, -0.09472193239689505, 0.6798167195191668, 0.35724503327992124, 0.06617484622315195], [-0.641031169120669, 0.3577688464984097, -0.17643204088395448, 0.19378976145835636, -0.5253462844188931, -0.7267250624392368, -0.33138559849715876, -0.29758236338362726, -0.13934110964999935, 0.6503735404218336, 0.18815081964475938, -0.29758236338362726, 0.6193236450290348, 0.17914051560511315, 0.5339160104414823, -0.002987671588582097], [-0.19893040766652523, -0.20323999093972214, -0.6048361722659876, -0.5578898749472959, -0.5576403454953907, 0.12729652533590405, 0.4405068385739605, 0.5412358664991482, -0.1782920952359789, -0.22092572737006197, 0.37199300486460557, 0.5412358664991482, 0.16611138978088438, 0.03151604104675025, 0.5685332223779104, -0.026440708374274785]], "inverted": true, "swapped": false, "error_lsq": 0.04828849841409726, "error_max": 0.3264586412264585, "target": "798.xyz", "model": "13.xyz", "model_rescale": 4.170626492500431, "target_rescale": 4.005763432891931},
{"mapping": [10, 8, 12, 1, 14, 13, 3, 6, 11, 0, 5, 4, 7, 15], "R": [[0.03781748530200843, 0.29504330044563654, -0.9547351929553967], [-0.9674610254462128, -0.22838558052902078, -0.10889991207060326], [-0.2501779407701553, 0.9277874096303359, 0.2768059256653237]], "T": [-0.09818178512539785, 0.024620230572703693, 0.030285231230771426], "aligned_model": [[0.2657701781591709, -0.10673736086555333, -0.144229130487224, -0.5166209445015485, 0.16414545596079508, -0.25367343987486257, -0.7321957225491599, 0.46177940138947515, 0.5728046205073336, -0.14665136670845666, 0.33434178716154406, -0.3501364068669016, 0.3790894930927191, -0.08450354232568824], [-0.3155965718243192, -0.7859992299457172, -0.10780954043436096, -0.302889165574043, 0.6374288042601204, 0.7864892985931151, 0.35387753055791915, -0.3454294001917973, 0.22982834710182254, -0.4959438627255519, -0.02748760476330021, 0.13879604335391962, 0.578238171152241, 0.012571648365617758], [-0.42172507982995283, 0.03187530901536954, -0.7583693180635986, -0.29706108631079364, -0.33976880197513637, 0.19241962436898932, -0.04251285220479856, 0.1923606615701375, 0.0039207936192917625, 0.5879456701246842, 0.650611402419552, 0.6440173642794694, 0.5074574558778124, 0.05270195822984015]], "inverted": true, "swapped": true, "error_lsq": 0.04261387248763437, "error_max": 0.239273396062065, "target": "798.xyz", "model": "14.xyz", "model_rescale": 3.9786697098870705, "target_rescale": 4.005763432891931},
{"mapping": [8, 5, 12, 1, 11, 14, 4, 13, 9, 2, 7, 15], "R": [[-0.1515618934104812, 0.9811916599347993, -0.11954881404774842], [0.617056866120634, 0.1884049716248365, 0.7640316686109462], [0.7721850920855777, 0.042029669775502265, -0.6340060649704782]], "T": [0.051328484216462286, -0.06215626650698691, -0.08552068610532894], "aligned_model": [[0.0010404804204023205, -0.691829927291236, 0.7828641908890287, 0.4962955271111091, -0.17830530952278195, 0.3250982118932057, -0.40272609874756427, 0.01391476602701558, 0.6376387988084259, 0.01436173007725787, -0.5395923083669271, 0.024594535469401203], [-0.6543390896700874, 0.03766362500734191, -0.00498557757847215, -0.4953032389046448, 0.5288599416721873, 0.6375044491534755, -0.28581906737671203, 0.35008294344900526, 0.11611679145534415, -0.6859753897696211, 0.5380397521528767, -0.06717064936625423], [-0.6368556628840291, -0.19664219802995786, -0.40680097273534943, -0.14794966424998024, -0.3871767380027896, 0.04415173217222805, 0.3583191115403233, 0.592394308866323, 0.16519446349076594, 0.22687550496910702, 0.14372020290785864, -0.09526359417067004]], "inverted": false, "swapped": true, "error_lsq": 0.05189867367695441, "error_max": 0.26404956046138117, "target": "798.xyz", "model": "15.xyz", "model_rescale": 3.769337070930944, "target_rescale": 4.005763432891931},
{"mapping": [13, 11, 3, 9, 4, 5, 2, 6, 1, 12, 15], "R": [[0.45485781631528577, 0.7778191132950868, 0.4337070369843393], [-0.03737128838318565, -0.4699026257150357, 0.8819268162102205], [0.8897796096458217, -0.41735949652423193, -0.18467077982065572]], "T": [0.009530100867267506, -0.008582889129670236, 0.033195361455340786], "aligned_model": [[-0.3530142418885163, -0.2584219650541836, -0.15626998893497723, -0.5296677057597114, 0.42252472652443346, 0.4233213172172784, 0.4724603167346036, 0.27983516478748294, 0.05906287499041153, -0.4687737436313844, 0.0315693757057338], [0.1506676732446812, -0.6529878084694714, 0.6429607541866321, 0.3723828921234215, 0.13226298088932764, -0.5490273318255642, 0.5112735151006861, -0.6056299708557124, 0.4465554521027029, 0.17428460103978, -0.026678259911141426], [-0.6553614995667135, -0.04408465862113875, -0.21916314240120655, 0.08349400231209599, -0.4794275592715313, -0.3004107826423013, -0.026412975841313843, 0.2505238211040568, 0.4573473871486749, 0.6491652582550917, 0.02854775674806232]], "inverted": true, "swapped": true, "error_lsq": 0.04030193887436228, "error_max": 0.18274099391543114, "target": "798.xyz", "model": "16.xyz", "model_rescale": 3.7852294659196426, "target_rescale": 4.005763432891931},
{"mapping": [9, 11, 7, 14, 10, 6, 0, 5, 13, 3, 2, 4, 15], "R": [[-0.855638680549835, 0.004382426882014512, 0.5175550624634648], [0.49574440493379635, 0.2942847206704177, 0.8170887272241433], [-0.14872771538544322, 0.9557077469156343, -0.25397395370720316]], "T": [-0.10127968760869954, 0.1346372549850614, -0.11752878187125305], "aligned_model": [[0.12779686881850577, -0.3051055764201395, 0.24703243419644472, 0.09934281133475312, -0.717891610478971, -0.621893984027086, -0.27535131585002903, -0.14440397596492344, 0.6259474485912137, 0.4590627437437763, 0.1280679647624099, 0.3408069063029252, -0.10964486479259673], [-0.07824191852757764, -0.45832621715713473, -0.3602612997073874, -0.5707750617312444, -0.06413459580837419, 0.05301474249308996, 0.7075339320244005, 0.10875471308644602, -0.18404876574563844, 0.32564189959478357, 0.79215927610578, 0.4622570832282462, 0.14148183584748514], [-0.7011429893826786, 0.19850529692283475, 0.5115404635103763, -0.3259370188372546, -0.298640110681844, 0.3286328755703798, 0.3576658165369343, 0.6388222051232965, -0.09540175074144547, -0.5239979550646674, -0.1738552032980723, 0.27029730080393816, -0.09073423331862317]], "inverted": true, "swapped": true, "error_lsq": 0.045596968788057995, "error_max": 0.2842582790388459, "target": "798.xyz", "model": "17.xyz", "model_rescale": 3.901054581598922, "target_rescale": 4.005763432891931},
{"mapping": [2, 3, 8, 0, 9, 10, 13, 4, 1, 11, 14, 7, 5, 6, 15], "R": [[-0.7236701813796484, 0.6694871599672563, 0.16759597614777094], [0.5475388559180541, 0.7047778795228792, -0.4510979292738798], [-0.420122208222673, -0.23468081126119245, -0.8765969695269848]], "T": [-0.03826507670459163, -0.00034185411537696053, -0.0113152790005719], "aligned_model": [[0.0683060153554779, 0.0676917007801528, -0.4657962279519425, 0.15909927953604486, -0.28198927986072175, -0.5981020946061854, 0.5007466488115531, 0.5403736498833633, -0.49353461928716946, 0.05472246958939238, -0.02546509770634635, 0.6643455602691759, 0.46495792800999786, -0.09079252244109394, -0.02547719929266478], [-0.12793589280797238, -0.6581409071032402, 0.514700880435863, 0.5202961208432801, -0.5963462549171306, 0.2806861664871092, -0.5280830953517639, 0.0008921563193741155, -0.19444419544752997, 0.30006774040771655, -0.3656099458201106, 0.1462250663519833, 0.5614520349396068, 0.6698028878298588, 0.02519458766006135], [-0.6898951072336268, -0.27919056824231364, -0.4686201360640823, -0.5350564847446785, 0.14288076974910338, 0.23389400006622596, 0.23741195110441793, -0.35535027734896185, -0.3915300485162706, 0.6164869215026001, 0.6577925588048785, 0.48550507057673764, 0.06451782389974663, 0.14650929779065708, -0.015689366492457675]], "inverted": true, "swapped": true, "error_lsq": 0.03694637595847991, "error_max": 0.26183936751927456, "target": "798.xyz", "model": "18.xyz", "model_rescale": 3.9405287249114394, "target_rescale": 4.005763432891931},
{"mapping": [5, 7, 9, 13, 11, 2, 6, 10, 8, 12, 0, 1, 4, 14, 3, 15], "R": [[0.49652836428275293, -0.28755781303217304, 0.8190055479829472], [-0.8666229606224922, -0.11070538496195212, 0.48652745232137967], [-0.04923644569422403, -0.9513436928390181, -0.30417256699252126]], "T": [0.027540092948358616, 0.08249019858979861, 0.0010318863438907432], "aligned_model": [[-0.31489060252985207, -0.4433780474458566, -0.2174209044999204, 0.31081018870150107, 0.3654624784184995, 0.09681235022873506, -0.4118332716546261, 0.6175009224414565, -0.6884254509496546, 0.27422939089846243, -0.5044475939902924, 0.0019662318706137466, -0.3677436227175634, 0.7803525305735854, 0.6471418907724641, 0.04054520302979624], [-0.6613190701573206, 0.27547223243815677, -0.20712996022588148, 0.30111067797691266, -0.3357224685739234, -0.7047138769045107, -0.3545246052212589, -0.4275432941060798, -0.1617739072222507, 0.5357118397196468, 0.2574550964363339, 0.03927005717949281, 0.69731106550017, 0.1621841132864597, 0.12155599287088842, 0.04670558273640586], [-0.1430223856477868, -0.48540370918829073, -0.6661443424692015, -0.5675567032501327, -0.47867617938128715, 0.362745005969759, 0.4184675859667853, 0.09960213002211916, 0.00029561287632336, 0.18507969670262586, 0.3998434250726072, 0.6590572817394544, 0.021307841487860003, -0.16225092289600035, 0.5841237064925608, 0.012765389185678528]], "inverted": false, "swapped": false, "error_lsq": 0.045782187845232136, "error_max": 0.3639848762592227, "target": "798.xyz", "model": "19.xyz", "model_rescale": 4.410303926677745, "target_rescale": 4.005763432891931},
{"mapping": [2, 4, 0, 3, 8, 13, 1, 5, 7, 11, 14, 10, 6, 15], "R": [[0.24380180103530824, 0.8952811725461216, -0.3728703580286074], [0.9316025058703945, -0.32306599446550593, -0.16656870737331006], [-0.26958756066989015, -0.3067572090505055, -0.912810255106505]], "T": [-0.09274326374117539, 0.044500433494656114, 0.08685781372453072], "aligned_model": [[-0.18305255425823436, 0.11205285920719135, 0.45647667370657774, -0.6718949650038533, 0.22696281733366733, -0.38709692793013806, -0.44332707777977065, 0.613698868350046, 0.30433173443606176, 0.22994991206395268, -0.41921762689301656, -0.0289215959008238, 0.5156052530574947, -0.06437948092828191], [0.016065454157121864, -0.42813412455151856, 0.1381964618656193, -0.24257597564634908, 0.6988213994580341, -0.6813764385648072, 0.4576786118017854, -0.22964387840312267, -0.6325971618709186, -0.039937092075533406, -0.21130303379351467, 0.6175436934247922, 0.3055823283099316, 0.04262822206968216], [-0.605344399255134, -0.3465698057732057, -0.4364967078523986, -0.22595849920093108, -0.26927661485448234, 0.21864696323622465, -0.22279381080988542, 0.10637283382435203, 0.4687535079799029, 0.7047312876399552, 0.7265991624121139, 0.4333690581017914, 0.2830975422717905, 0.08168452100492771]], "inverted": true, "swapped": true, "error_lsq": 0.03701422500648927, "error_max": 0.23510731078420827, "target": "798.xyz", "model": "20.xyz", "model_rescale": 4.121658175737393, "target_rescale": 4.005763432891931},
{"mapping": [12, 9, 3, 1, 2, 10, 13, 8, 11, 5, 4, 0, 15], "R": [[0.5833340450949496, 0.029131569671939306, 0.811709765545304], [-0.798086636761094, 0.20625610545568268, 0.5661414480371667], [-0.15092750596405227, -0.9780642977896206, 0.14356572478404345]], "T": [-0.022390228087787234, -0.041906689161717775, 0.02161543304135523], "aligned_model": [[0.01578650505605006, -0.09033993346089758, 0.22470128827206934, 0.4703938228836264, 0.6063230758779913, -0.11675699239116566, -0.3918832564384893, 0.5186695186069816, -0.659917092158821, -0.24434695429031894, 0.15477362512243273, 0.41593439634375157, -0.022255098758915917], [-0.5382534066721605, 0.05427979060405458, 0.45988206062249914, -0.22512464319790543, 0.25635247253833127, -0.7007333715269756, 0.6315692436243702, -0.5744054990471158, -0.26231806273628194, 0.042783758881098005, 0.4984536681102528, -0.05706460123220425, -0.044594505804779444], [0.6491634180191046, 0.6731752177726847, 0.4719902064534632, 0.35792541906443776, -0.04058805187696915, 0.1194118640378794, 0.2236420721250436, -0.2627769085784735, -0.17333721554454612, -0.6982173013162559, -0.3386733846900253, -0.6044542132410986, -0.007151382743455767]], "inverted": true, "swapped": true, "error_lsq": 0.047592361402510136, "error_max": 0.25655133184619183, "target": "798.xyz", "model": "21.xyz", "model_rescale": 4.08911054899281, "target_rescale": 4.005763432891931},
{"mapping": [12, 5, 10, 6, 7, 13, 14, 4, 9, 8, 15, 2, 11, 0, 1, 16], "R": [[0.2574406596786699, 0.767016561551336, 0.5877158335881184], [0.9572438422238945, -0.28548321354730716, -0.04672859196614626], [0.13194140088936146, 0.5746172022213296, -0.8077168672515666]], "T": [1.8179976471589462e-05, -0.03497708871482447, 0.053038895921695466], "aligned_model": [[-0.3355707895338442, -0.42530398024988414, -0.2559100593726754, 0.42006091825111286, 0.2752453277893983, 0.19255818171430183, -0.4381386846146011, 0.4852970410085587, -0.6736951135391482, 0.14258500680667588, -0.33883957942147336, 0.22431333962828004, -0.28476808821203836, 0.7680961609420864, 0.3920514371828412, 0.03870057476775828], [-0.6489164582618605, 0.32038829827739923, -0.1530394156535887, 0.19557417503851363, -0.4187440335576542, -0.6664333617889016, -0.3981989056513224, -0.3829474806720046, -0.10697228205379146, 0.6091692709026872, 0.1943227975906531, -0.0247694885050636, 0.6574540789152377, -0.07474230137390002, 0.5445827296062604, -0.06267814707942318], [-0.18239262299044393, -0.3834763451597828, -0.7030678640509865, -0.5179027310033771, -0.47872151738696317, 0.022686153797941387, 0.3495368885964069, 0.413196110515997, -0.1671308155259502, -0.16029695511874076, 0.6564492032004764, 0.7392176741041603, 0.21218942153872922, -0.03945078565002053, 0.4277637596521863, 0.051633858163442015]], "inverted": true, "swapped": false, "error_lsq": 0.0372313714013557, "error_max": 0.25321886456478876, "target": "798.xyz", "model": "22.xyz", "model_rescale": 4.204369325754507, "target_rescale": 4.005763432891931},
{"mapping": [5, 7, 9, 13, 11, 2, 6, 10, 8, 12, 0, 1, 4, 14, 3, 15], "R": [[0.49652836428275293, -0.28755781303217304, 0.8190055479829472], [-0.8666229606224922, -0.11070538496195212, 0.48652745232137967], [-0.04923644569422403, -0.9513436928390181, -0.30417256699252126]], "T": [0.027540092948358616, 0.08249019858979861, 0.0010318863438907432], "aligned_model": [[-0.31489060252985207, -0.4433780474458566, -0.2174209044999204, 0.31081018870150107, 0.3654624784184995, 0.09681235022873506, -0.4118332716546261, 0.6175009224414565, -0.6884254509496546, 0.27422939089846243, -0.5044475939902924, 0.0019662318706137466, -0.3677436227175634, 0.7803525305735854, 0.6471418907724641, 0.04054520302979624], [-0.6613190701573206, 0.27547223243815677, -0.20712996022588148, 0.30111067797691266, -0.3357224685739234, -0.7047138769045107, -0.3545246052212589, -0.4275432941060798, -0.1617739072222507, 0.5357118397196468, 0.2574550964363339, 0.03927005717949281, 0.69731106550017, 0.1621841132864597, 0.12155599287088842, 0.04670558273640586], [-0.1430223856477868, -0.48540370918829073, -0.6661443424692015, -0.5675567032501327, -0.47867617938128715, 0.362745005969759, 0.4184675859667853, 0.09960213002211916, 0.00029561287632336, 0.18507969670262586, 0.3998434250726072, 0.6590572817394544, 0.021307841487860003, -0.16225092289600035, 0.5841237064925608, 0.012765389185678528]], "inverted": false, "swapped": false, "error_lsq": 0.045782187845232136, "error_max": 0.3639848762592227, "target": "798.xyz", "model": "23.xyz", "model_rescale": 4.410303926677745, "target_rescale": 4.005763432891931},
{"mapping": [9, 4, 10, 1, 11, 14, 15, 13, 8, 0, 5, 6, 2, 7, 12, 16], "R": [[0.3215443943773824, 0.7871558156958331, -0.526303072630884], [-0.5581730113477186, -0.29141535185309936, -0.776865485207931], [-0.7648869797868846, 0.543564912885813, 0.34566615922293625]], "T": [0.039496910757383825, -0.07252366669149107, -0.02405824874256146], "aligned_model": [[-0.2939531335055924, -0.5311023917913958, -0.28518780842301367, 0.41098293732123503, 0.29905175863772, 0.15617086146397463, -0.39372274646980393, 0.5662157019840497, -0.7498979257690468, 0.30682657341417696, -0.2603119951896831, 0.12615028661239278, -0.24422621866815858, 0.6784142589334999, 0.3679794997974105, 0.03329203479958343], [-0.5758112411533112, 0.3038923623067837, -0.15146771193005, 0.22640691395917528, -0.4993839405642398, -0.6970884178552657, -0.4648484714192204, -0.26439287552501245, -0.178327715800831, 0.6319313483989633, 0.22714250087137605, -0.235314963591276, 0.7942188942916235, 0.06552157650005005, 0.3794409048051139, 0.022130312439361297], [-0.1911889431159805, -0.1053711138695901, -0.5827456542993125, -0.7374823789694512, -0.41282948500093, 0.20929995412351243, 0.3854733947504122, 0.4001352748990132, -0.22744940516764267, 0.027553709793038644, 0.44061027973869776, 0.7134295653034833, 0.00988979962237796, -0.1451327287707059, 0.5538717207114795, -0.097830557065328]], "inverted": false, "swapped": false, "error_lsq": 0.04087198261136596, "error_max": 0.2855080462089179, "target": "798.xyz", "model": "24.xyz", "model_rescale": 4.28219845311461, "target_rescale": 4.005763432891931},
{"mapping": [5, 7, 9, 12, 11, 8, 1, 6, 3, 13, 4, 0, 7, 14, 2, 15], "R": [[-0.21331817632166222, 0.857245782186377, 0.4686416803640784], [0.9637961459960773, 0.2631936386677924, -0.04273286238851512], [-0.15997607512971573, 0.4425593491143017, -0.882354168062699]], "T": [0.050453859046468874, -0.04225132066521382, -0.009402698251263842], "aligned_model": [[-0.25685921891045027, -0.4369058995190326, -0.3228698183133491, 0.41089717098763506, 0.28023136647130087, 0.14977718057163358, -0.3428463179758933, 0.6114632549785526, -0.7165113494095996, 0.18158656933171155, -0.3424107569742611, 0.08257888127825297, -0.4369058995190326, 0.8055049996982613, 0.46843936461104646, 0.05151216584057251], [-0.7701471350407505, 0.5392061702807562, 0.0022007282949101717, 0.23070917793323764, -0.2549552087828321, -0.715730703450872, -0.452537398847846, -0.44739558604535873, -0.1028111859934312, 0.5222981732953673, 0.3155197984143123, -0.08763887481874127, 0.5392061702807562, -0.0031923866822649027, 0.3100778956837533, -0.04076015878775584], [-0.32721874008263585, -0.18241615929987215, -0.5711207157161293, -0.6258384899723418, -0.454864732896051, 0.12663573636440573, 0.28531361220739543, 0.5679392427737433, 0.08083153355237187, -0.13980414800970364, 0.4928978023031154, 0.8045150647385695, -0.18241615929987215, -0.10168920631810814, 0.4028257151711575, 0.06464307716702994]], "inverted": false, "swapped": false, "error_lsq": 0.04870286602256441, "error_max": 0.40116375005842364, "target": "798.xyz", "model": "25.xyz", "model_rescale": 4.100010024507729, "target_rescale": 4.005763432891931},
{"mapping": [9, 13, 7, 4, 10, 6, 11, 0, 2, 8, 1, 15], "R": [[-0.12660198289663954, 0.9665400055695446, 0.2230971885978492], [0.8434616529734174, 0.22325897128423539, -0.4885978629757356], [-0.5220578300245957, 0.12631646517667539, -0.8435044592266722]], "T": [-0.09936024645866426, 0.007520784397185863, -0.02947409769990665], "aligned_model": [[-0.650143400582137, -0.04266924231554789, 0.33743322840128087, 0.47736882419032156, -0.48070729911388854, 0.14420699663032632, -0.10540097857272232, 0.5133515620785261, 0.16865410165081207, 0.000984437474648353, -0.4115471172264454, -0.07476551025216736], [-0.35725529801193623, -0.7227793038319923, -0.24009826733689674, -0.31294636188121194, 0.5526343518658217, 0.6020755360140975, 0.22279520795831073, 0.326220639311526, -0.17207688718442077, 0.6621518780523019, 0.08348479376705747, 0.02192510132798198], [-0.07392048411334325, 0.27770273105352455, 0.6845779274748545, -0.16314820140813152, 0.07026280374559753, 0.22339217165122632, 0.6388436735136698, -0.3570959572182955, -0.6491685427512429, -0.4969874254468411, -0.5645237900393417, -0.02474261660732021]], "inverted": true, "swapped": true, "error_lsq": 0.04328938670666511, "error_max": 0.22611900403016716, "target": "798.xyz", "model": "26.xyz", "model_rescale": 3.6694154284099745, "target_rescale": 4.005763432891931},
