[{"mapping": [14, 9, 11, 3, 4, 13, 8, 10, 12, 6, 1, 15], "R": [[0.7599531736115257, 0.5436725206961575, -0.3562181412528801], [0.157095728584445, -0.6854338830309857, -0.7109861630535348], [-0.6307076232124461, 0.4843558425712975, -0.6063062854603735]], "T": [-0.002092377329904256, 0.016745521314995196, 0.0809383200362578], "aligned_model": [[-0.170998864867734, 0.3611887998223949, 0.3467343137383349, 0.06917376955969284, -0.12853476310636608, -0.6466314921557951, 0.42371939665539454, -0.33919973967277756, 0.571716576373499, -0.027916269910671622, -0.5992333508585723, -0.022375913116850915], [-0.3415010745596331, -0.5556020209929933, -0.1884591284801873, 0.7387183843904602, 0.3077984905469453, -0.5268897216927648, -0.33834259178558135, -0.5707715924370194, -0.0481480974825919, 0.5608075432284884, 0.05666555052963669, -0.04072070528770244], [-0.43947077077394403, -0.15490017080610563, -0.63181693590415, -0.09678161150259011, -0.6547088267058473, 0.12297446665231994, 0.6058428723084799, 0.6103644743513836, -0.023639258833525453, 0.42395439321954564, 0.35403334862592173, 0.06609976472207359]], "inverted": false, "swapped": true, "error_lsq": 0.04728372263677864, "error_max": 0.2566990629983982, "target": "799.xyz", "model": "0.xyz", "model_rescale": 3.751011558992144, "target_rescale": 4.35181716647481},
{"mapping": [4, 14, 2, 3, 13, 1, 9, 12, 5, 7, 10, 8, 0, 6, 15], "R": [[0.7365474094585531, 0.6407046588240028, -0.21678434856122192], [-0.04482108087898007, -0.2735665036860051, -0.9608082216393943], [-0.6748992401305065, 0.7173973154551345, -0.1727776242718707]], "T": [0.12731127202162595, 0.040076881470021516, -0.05948758967814362], "aligned_model": [[-0.029796113456270423, 0.03340155004966719, -0.5335588542994167, 0.07933240080913673, -0.4166599433711471, -0.4740305189940839, 0.5875343504826387, 0.7060539366673271, -0.49125500266972344, -0.10594429390676152, -0.11742044327517173, 0.5950296908066436, 0.5870732605737369, 0.0019319552468050338, 0.11739423642565375], [-0.08060228058484566, -0.5451532436611234, 0.3608209605158136, 0.5899261049785578, -0.5120771269361202, 0.10995248011966545, -0.5090710556081665, 0.025517158752309865, -0.18417806859423086, 0.31165643292266215, -0.26782532651377644, 0.052394502480522645, 0.5474049396841884, 0.6698742911651993, -0.019882418893550496], [-0.8357800871321723, -0.335861089753967, -0.36331471807819826, -0.5627488658561165, 0.2751140442510949, 0.19791733787963461, -0.01699079125052705, -0.15566092125339753, -0.30283503130038314, 0.5690670084366949, 0.7049811169519968, 0.543849613606903, 0.19106023463385063, -0.015152127066057425, -0.04397931921737922]], "inverted": false, "swapped": true, "error_lsq": 0.040353705511267886, "error_max": 0.25055168182425586, "target": "799.xyz", "model": "1.xyz", "model_rescale": 3.9405287249114394, "target_rescale": 4.35181716647481},
{"mapping": [8, 9, 12, 5, 14, 0, 7, 13, 4, 3, 2, 6, 15], "R": [[-0.4035188099885353, -0.11788106240883242, 0.9073459236205348], [-0.2416798657053268, 0.9701784619254906, 0.01856325748743367], [-0.8824757291269216, -0.21179661739804656, -0.4199747377648494]], "T": [-0.049348355114137765, -0.0015754731512864772, -0.015365088975887602], "aligned_model": [[-0.30710022658172403, 0.14099943555957942, -0.36992638027982955, 0.47955677991180906, 0.47629807862915036, -0.7201320815146901, -0.12012962825520376, 0.7243478716444769, 0.115182828839619, -0.4893016761598248, 0.05408139758156717, -0.4939262318175865, 0.006033111726587846], [0.7170614206507204, 0.386690042614144, 0.17447046127172228, -0.4206683118830579, -0.11998100324909258, 0.2767629858884957, 0.35989554666010054, 0.19611449313166512, -0.7021931051005076, -0.6031948473356018, -0.639492625290569, -0.19030504124935657, 0.023672577463354594], [-0.02264599190730855, -0.5882458134508846, -0.4743225225872211, 0.1763457527229418, -0.386001843657945, 0.04877500497298827, 0.6071886900859228, 0.2585871176834194, -0.367417152793186, 0.033657932993284165, 0.44756147682279274, 0.4101487712567412, -0.030511072552901527]], "inverted": false, "swapped": true, "error_lsq": 0.04090578237024126, "error_max": 0.24425155359840253, "target": "799.xyz", "model": "2.xyz", "model_rescale": 3.932901565614263, "target_rescale": 4.35181716647481},
{"mapping": [11, 9, 14, 12, 4, 2, 5, 3, 0, 6, 10, 8, 1, 15], "R": [[-0.6450806193242942, 0.5556593816467591, 0.5245127702545733], [0.41181635191098087, 0.8310283179511275, -0.3738973482950253], [-0.6436445345615207, -0.025190997424905437, -0.7649098814748194]], "T": [0.057116669857239, -0.05947570168532337, 0.053773273297427815], "aligned_model": [[-0.1533596063945224, 0.3259007332213402, 0.24050391115080888, -0.13999167704805088, -0.4077042892633867, -0.2159953003785835, 0.16085716928773441, -0.6506059030630487, -0.18179944634164796, -0.2756504863011621, 0.8754495382686805, 0.3889984129017629, 0.3446552406648732, 0.10855161534790587], [0.03947252275796556, 0.31643857881537096, -0.317772954069783, 0.432656669497928, -0.5144043539540087, -0.7453072485810348, -0.7451948123381932, -0.2337571808100279, 0.5155178847558121, -0.08600574593309546, -0.026108293249841263, 0.6017198136456553, -0.5043256144132502, -0.06943262777300886], [-0.7321771383600566, -0.49542459415936285, -0.5183694500919378, -0.1979376639439268, -0.4140489468210244, 0.3487003033487443, -0.051866237404260995, 0.21706068429178485, 0.4330337669007332, 0.6041300304224455, 0.31516898501047835, 0.24246090687702207, 0.4438783502747875, 0.019287366711671083]], "inverted": false, "swapped": true, "error_lsq": 0.042533872604295246, "error_max": 0.2557107740740801, "target": "799.xyz", "model": "3.xyz", "model_rescale": 3.9243930471874484, "target_rescale": 4.35181716647481},
{"mapping": [12, 3, 11, 9, 14, 0, 8, 4, 5, 2, 13, 7, 15], "R": [[-0.3175654411454404, -0.025108935659433063, -0.9479038621823168], [0.4093072226635747, 0.8980946128142215, -0.16091508291488668], [0.8553477585552751, -0.43908496647474105, -0.2749265431898908]], "T": [-0.06785853842400705, -0.086380430841859, -0.06078143909793666], "aligned_model": [[0.006093204099289901, -0.40115562969229424, 0.5786185784548228, 0.44904522057587726, 0.5728318751480993, -0.6103759429699801, -0.27577852282637083, 0.31713978354878547, 0.20121601868945985, -0.2867492687560653, 0.3019776175846517, -0.5576463279052961, -0.018010719639627394], [-0.5775842646613438, 0.216749959719793, -0.27926408065950614, -0.5829120145771775, 0.04460759763647419, -0.5492434486177259, -0.7503171398298081, 0.3509571820516946, 0.5494009765136201, 0.6715503078070341, 0.21672443007898412, -0.09280152403785533, -0.09003842774259603], [-0.3732783199334336, -0.6565440327928463, -0.5262621568026721, -0.02281294021999484, -0.05346179852001485, -0.2123391824710183, 0.25367897251266536, -0.6106799176883768, 0.06377128440990765, -0.15858151907841936, 0.6349811975806017, 0.4714884036062096, -0.022889675231643897]], "inverted": true, "swapped": true, "error_lsq": 0.042985393653594356, "error_max": 0.28997803192914523, "target": "799.xyz", "model": "4.xyz", "model_rescale": 3.8936222436046832, "target_rescale": 4.35181716647481},
{"mapping": [9, 14, 10, 8, 1, 2, 3, 6, 0, 12, 7, 15], "R": [[-0.3863083540254073, -0.7045821208428849, 0.5952561554479913], [0.848704818559924, -0.018804893789496152, 0.5285324085831752], [-0.36120075659298845, 0.7093732522150157, 0.6052467285979699]], "T": [-0.14417285159301552, -0.1483460473832863, -0.008352734970384731], "aligned_model": [[0.06997844722671231, -0.5332434535992556, -0.20156133037832918, 0.4745793395095771, -0.5495794170644185, -0.7053723125657125, -0.1616353304469615, -0.009316108944831397, 0.5241954025807082, 0.3177450472468129, -0.029184661359642344, -0.16905757998956233], [-0.6458965741889754, -0.6052459201403932, 0.3251657084319497, 0.03398437914562938, 0.36361417503551785, 0.14864572121362377, -0.16812777299505605, 0.28473552038448124, 0.06655963061752271, -0.5098804486147485, 0.5406834603933661, -0.16531497417311053], [-0.47926399105921835, -0.2682800704221768, -0.7236169974480022, -0.4168002413815038, -0.0876880548047574, 0.469965220419104, 0.7381134718602679, 0.4483576745900259, 0.1882089179836018, 0.009788339162999204, -0.19613065735481544, -0.0633688922700065]], "inverted": true, "swapped": true, "error_lsq": 0.04549820748964845, "error_max": 0.2006797113068974, "target": "799.xyz", "model": "5.xyz", "model_rescale": 3.6523030999806103, "target_rescale": 4.35181716647481},
{"mapping": [10, 7, 0, 9, 12, 13, 6, 14, 2, 4, 3, 11, 15], "R": [[0.6754944565458957, 0.6997838040177584, 0.23240022979808028], [0.41679898775163204, -0.10237141330731303, -0.903215753597488], [-0.6082646159238427, 0.7069814151531132, -0.3608205033574468]], "T": [0.07061890933055909, -0.009137435473007285, 0.067124559681189], "aligned_model": [[-0.006951362005667774, -0.25535975462801697, 0.2580733241363098, 0.7273803451763292, 0.5947915874385636, -0.16879923413838152, -0.32165769597260047, 0.24530048736244967, -0.6657448833297399, -0.02101030353236928, -0.22004154358011457, 0.6265888503030956, 0.08851308743443764], [-0.5380959589994762, 0.0022125602086328494, 0.5870917510921709, -0.2980490411176452, 0.250229047244289, -0.7977611838452174, 0.47965856560730136, -0.5086140199118021, 0.04362962495239227, -0.029442304802522093, 0.5521706839660834, -0.13305560763519547, -0.06914721259582793], [0.7403968069658162, 0.7127665524735599, 0.44250257780942404, 0.04790953609031401, 0.018376244007235157, 0.2501232528028251, 0.21384851082220768, -0.3171996975283592, -0.2276991406065412, -0.7285311648385365, -0.3308173317320674, -0.5222401617883207, 0.07067375500423184]], "inverted": false, "swapped": true, "error_lsq": 0.05298954595658925, "error_max": 0.319782031272274, "target": "799.xyz", "model": "6.xyz", "model_rescale": 4.08911054899281, "target_rescale": 4.35181716647481},
{"mapping": [0, 6, 3, 8, 9, 14, 12, 4, 10, 7, 13, 1, 5, 2, 15], "R": [[0.3545152905118338, -0.8616374499822892, -0.36318013929912085], [0.25126396178227284, -0.2863362424756373, 0.9245961160173721], [-0.9006582760974259, -0.4190375413169465, 0.11498786311720738]], "T": [0.024326853749551347, -0.041200849172925665, -0.13721148402541375], "aligned_model": [[0.016218900041876927, 0.3739130046852839, 0.7471631361951971, -0.5473612642805333, -0.4194451934239206, -0.06898740605346435, -0.03034294491366797, 0.6059072078402674, -0.7063500702080687, -0.2711884431893016, -0.44017971032628855, -0.012868104753591028, 0.22141627391515642, 0.5884336408993955, -0.019995486628786606], [-0.683256191081198, -0.5572261538895295, -0.21413066178632895, -0.46694337111645856, 0.2955788248402856, 0.6059034216170037, -0.09288470030108578, 0.5042668161065782, -0.14845993779701996, -0.55398468795302, 0.34150735497320966, -0.11667169079407039, 0.3960937648087419, -0.010755881566783317, 0.0017219101087884922], [-0.4825175164806085, 0.023529896909240483, -0.21144787311929814, -0.41078784381974487, -0.5897825148492826, -0.15283705373906542, -0.7192289749651551, -0.21534950421803808, 0.30292088955500085, 0.2786826594488453, 0.4548232007800239, 0.5152243616840309, 0.374708116301975, 0.42206809605711415, -0.12593590746295724]], "inverted": false, "swapped": true, "error_lsq": 0.04554782437194486, "error_max": 0.2634783103121082, "target": "799.xyz", "model": "7.xyz", "model_rescale": 3.964800864290218, "target_rescale": 4.35181716647481},
{"mapping": [13, 10, 1, 14, 2, 9, 5, 7, 8, 0, 12, 3, 6, 15], "R": [[0.6606202668851778, -0.1526930409974168, 0.7350276853367619], [-0.06823942419844128, 0.9628295857290562, 0.2613476034515705], [-0.7476123621005886, -0.22280938955927182, 0.6256450526925016]], "T": [-0.07861683211393125, 0.014805125417787566, 0.1605351647675135], "aligned_model": [[-0.1087258341648856, 0.28548935777002526, 0.2834820047308698, -0.6518520743349873, 0.08827635334743114, -0.5363355675561106, -0.2584188992813041, 0.5923045759424027, 0.23434689968571534, 0.3389984642232494, -0.28711603123555884, -0.029403127570610338, 0.41751616964981575, -0.10737440174517975], [-0.22160181692925893, -0.546593750825136, 0.17918068519573352, -0.04546766947991516, 0.7260092372728499, -0.5301463283648918, 0.38386919801978503, -0.1620712076030375, -0.6347050430303107, -0.133477130966915, -0.22126731196938199, 0.6685613763966333, 0.3701875382479871, -0.0215293097829398], [-0.6493674165400114, -0.3792497644510977, -0.36350391139282545, -0.1484376399532481, -0.15294910594691702, 0.2537885232449147, -0.40831931848344083, -0.043973323183251256, 0.41176865693465825, 0.7394538928657608, 0.6557141782412547, 0.5184301610544882, 0.36519529471612744, 0.11826481161860922]], "inverted": true, "swapped": true, "error_lsq": 0.0473903504957087, "error_max": 0.3221498660636143, "target": "799.xyz", "model": "8.xyz", "model_rescale": 4.121658175737393, "target_rescale": 4.35181716647481},
{"mapping": [9, 12, 8, 10, 11, 14, 3, 2, 6, 4, 13, 1, 15], "R": [[0.489598149401472, 0.1584272934996772, 0.8574348049717957], [0.8160997087814605, -0.42953144202835397, -0.38663161489440867], [0.30704220789570513, 0.8890464177889759, -0.3395902672149492]], "T": [0.0329408926749039, -0.044725652592968984, -0.10596816954408317], "aligned_model": [[-0.5669384500518159, -0.17497115751504194, 0.13486025318066053, 0.10575445783139589, -0.6878869999480532, -0.562308668183171, 0.35142385701548856, 0.3898048578578556, 0.6437168251055021, -0.314241991901236, -0.18561886330617483, 0.35511446101047034, -0.011971084660683522], [0.04881742843623166, -0.351436471309577, 0.2359939174078506, 0.8003973132407382, -0.43259075409033876, 0.03958817517843646, -0.6724708346023834, -0.15973780287182643, -0.24316122080849714, -0.5406847903364089, 0.6929894063457854, 0.37393514982941545, -0.0012520770077165677], [-0.4888117182467894, -0.5610565347887995, -0.8086323787497246, -0.24587936609321648, -0.14812117450266263, 0.15145130433237003, 0.14385705068967874, 0.5950006797641308, -0.0623050362481575, 0.4187839725911848, 0.2415158020049043, 0.28605117949448894, -0.10077834628831907]], "inverted": true, "swapped": true, "error_lsq": 0.04445874272647215, "error_max": 0.25051029714573453, "target": "799.xyz", "model": "9.xyz", "model_rescale": 3.833441315466971, "target_rescale": 4.35181716647481},
{"mapping": [1, 2, 14, 11, 4, 5, 3, 12, 8, 9, 7, 0, 6, 13, 15], "R": [[0.3108602297173295, -0.37135034258584976, 0.8749084755798526], [-0.8604264250469162, -0.5010040583257038, 0.09306610888050798], [0.4037725655131523, -0.7817249238719124, -0.47526188437153283]], "T": [-0.014407471684820213, 0.0519121084533828, 0.08975363699115238], "aligned_model": [[0.08025038326088088, -0.09477888203726889, -0.6471058514933905, -0.6291019463363113, -0.6235029236997548, -0.4587972714977702, 0.07434796864809434, 0.029248471129587096, 0.4662851837813698, -0.30982085177879554, 0.5380867352262771, 0.6161001546171606, 0.4627176340702484, -0.32828876645100197, -0.051795019144793], [-0.5931891910047203, -0.5576841092907878, 0.06752001816720443, 0.5893531662884842, 0.06844583609457493, -0.4818706338249412, 0.06100771774326347, 0.637127570828889, 0.3830300721265956, 0.5392094133479618, -0.32788472887522807, 0.40499434020401603, -0.1337112722829062, -0.499476920326841, 0.044230260099413554], [0.17713812974700663, -0.41410140145572816, 0.25451042783147715, 0.01822129636209821, -0.43044401632380436, -0.008867790832530892, -0.6518310139280822, 0.08512888113657752, 0.5819156926595112, 0.5261559606855737, 0.3613213233972451, -0.0068389498530568305, -0.30040783927341874, 0.6466967735317539, 0.13952443413747048]], "inverted": true, "swapped": true, "error_lsq": 0.03481536265122433, "error_max": 0.24243360933069566, "target": "799.xyz", "model": "10.xyz", "model_rescale": 4.2482417240324, "target_rescale": 4.35181716647481},
{"mapping": [5, 2, 6, 3, 10, 8, 7, 12, 4, 9, 14, 15], "R": [[-0.6931557773060757, -0.04318310217492285, 0.7194930771548538], [-0.051906418290668076, -0.9926215000234797, -0.10958230437151545], [0.7189164013481988, -0.11330391598566852, 0.6857998472549176]], "T": [0.030924129771803067, 0.09571164936086098, -0.04382946239243016], "aligned_model": [[-0.46783434545382746, -0.1249153150189469, 0.33840118473416775, 0.5114260457470217, -0.577523429442798, 0.1750398635203493, -0.15133743135040698, 0.45329357461999864, 0.08621843682102284, -0.018952053601924167, -0.3273657676094923, -0.019685160602157394], [-0.38176413409016435, -0.6557278069308148, -0.19545810084711868, -0.4751942113041002, 0.5563966943114154, 0.7923498967032344, 0.2546935055527638, 0.41438164038096786, -0.4716307528924253, 0.6312500170703557, 0.0746326678657949, 0.12220197423073077], [-0.167883304599663, 0.16351041084407195, 0.4409472086780719, -0.01077708307428829, 0.3519869630055952, 0.233395773745626, 0.6378962796433006, -0.2977149798899409, -0.606804924151462, -0.5191038459490013, -0.590528349129598, -0.06973185926835564]], "inverted": true, "swapped": true, "error_lsq": 0.04852526582487728, "error_max": 0.28071779019571397, "target": "799.xyz", "model": "11.xyz", "model_rescale": 3.6694154284099745, "target_rescale": 4.35181716647481},
{"mapping": [9, 8, 7, 0, 12, 13, 14, 5, 6, 2, 1, 3, 10, 15], "R": [[-0.8442475459241323, 0.18023290683561155, 0.5047397155907849], [0.48452336080115654, -0.14588966555278954, 0.8625272855526647], [0.22909210819893597, 0.9727447274483072, 0.035839938371682756]], "T": [0.16004153757585088, -0.021338486741437068, -0.03702693031825556], "aligned_model": [[0.14482132803784872, 0.08499849372529725, -0.23336770619879044, 0.5416963047243506, 0.5680331013990272, -0.6537566689987975, -0.019202064446052214, -0.1832819831839218, 0.3683551426932423, 0.09822478967504011, -0.3330590688811476, 0.711387599823291, -0.611265017123978, 0.11468059901039995], [-0.4769318371922829, 0.3032546654505956, 0.5816059595287748, 0.5002218093858601, -0.1332139460069905, -0.23300543123267475, -0.6489958126320678, -0.297142647068897, 0.5244576391872178, 0.11270808117620901, 0.2307248420670321, 0.13575799288082369, 0.19171988281341162, -0.06017391022075776], [-0.591443525369802, -0.7240028040180679, -0.10725268228765929, -0.3744458883698934, -0.4437591918569088, 0.03824968748970492, 0.003143446529161098, 0.5090440553577115, 0.2332366714171088, 0.7440922791285579, 0.3180332277132907, 0.44176975775569227, -0.35135496821796314, -0.05621460561851688]], "inverted": true, "swapped": true, "error_lsq": 0.051529397099004774, "error_max": 0.4227344337782124, "target": "799.xyz", "model": "12.xyz", "model_rescale": 3.9764082729961374, "target_rescale": 4.35181716647481},
{"mapping": [14, 4, 5, 13, 12, 9, 6, 4, 3, 8, 7, 10, 11, 0, 1, 15], "R": [[-0.13864931077183204, -0.5260524019725332, 0.8390740366626919], [-0.8382959455023544, 0.5134495592016659, 0.1833833632310432], [-0.5272914529715134, -0.6779663859916237, -0.5121770231947613]], "T": [-0.023695445965303978, -0.07131888122947859, 0.08493497442639972], "aligned_model": [[0.23128920924433005, -0.6939142379605331, -0.5533847913965294, 0.3852220956970361, 0.36375781445186867, -0.24396221723442682, -0.16786633538950094, -0.6939142379605331, -0.002055421334019779, 0.276488899127561, -0.5588920164252228, 0.7054646787756867, 0.6040624248177723, -0.6333813003668789, 0.23617661826638414, -0.08060856104747335], [0.23037858897606073, -0.01566227691168072, -0.7096130823939492, -0.3045728367826931, -0.5545806579814421, -0.49858000524385926, -0.278251932600909, -0.01566227691168072, 0.7353480731198554, 0.4992618867024009, 0.4349127010734942, 0.020174974715702648, 0.3627753013955478, -0.10270556908772006, -0.14693401941284515, -0.002724769413859976], [-0.6098811895006285, -0.16720156602637928, -0.03685835844190019, -0.3060376365407963, 0.2384001531181994, 0.44608536955046174, -0.636211524276864, -0.16720156602637928, -0.15436312712966874, 0.37472762939885274, 0.25324396102533264, 0.4106668975936736, -0.1342156473624044, 0.47788022286461673, 0.6594534157061095, 0.02456594321883386]], "inverted": false, "swapped": false, "error_lsq": 0.04289072164383541, "error_max": 0.2989235502009409, "target": "799.xyz", "model": "13.xyz", "model_rescale": 4.170626492500431, "target_rescale": 4.35181716647481},
{"mapping": [0, 8, 12, 9, 3, 4, 11, 7, 6, 13, 1, 14, 2, 15], "R": [[-0.5536684998902801, -0.2340202935336888, -0.7991781368654008], [0.41832845824254283, -0.9079803682767478, -0.023936412605882917], [-0.7200364527255995, -0.34757179551630496, 0.6006174770250262]], "T": [-0.00727377347222855, 0.0011315413287509742, 0.06827512876505203], "aligned_model": [[0.33673062557241557, 0.030911365514287407, -0.2753393707061377, -0.6400637814122488, 0.3091717678688569, -0.3171921260383396, -0.7442585806404713, 0.5312093065380311, 0.5957220145473447, -0.15609007600903704, 0.3723116326379874, -0.5675640315378924, 0.4171289962490502, -0.04949472049220319], [-0.2270180458199401, -0.6821587248411828, -0.06850374665564789, -0.30065202013996667, 0.6207455187229852, 0.7344401241807745, 0.2892869272895856, -0.45193084618938656, 0.1526879805261256, -0.3033799022691675, -0.05906870625356864, 0.1353975967718252, 0.5419989727867588, -0.025770660183529245], [-0.5326789429892189, -0.2702279454365549, -0.4491184635416795, -0.08560210964428562, -0.20347621191074183, 0.15819381084860396, -0.14533416671341493, 0.23565177042727747, -0.09832951987108408, 0.841491446764201, 0.6021690276802041, 0.3776989479168692, 0.46737627221025907, 0.10605918538043158]], "inverted": false, "swapped": true, "error_lsq": 0.05165536130897515, "error_max": 0.3110054152431621, "target": "799.xyz", "model": "14.xyz", "model_rescale": 3.9786697098870705, "target_rescale": 4.35181716647481},
{"mapping": [4, 12, 5, 2, 14, 13, 0, 8, 1, 6, 9, 15], "R": [[-0.8449354516577072, -0.5080439050009438, 0.16725870118884323], [-0.20154708711828279, 0.5920775731004342, 0.7802710548941538], [-0.49544207956745256, 0.6255681721626289, -0.6026621008251523]], "T": [-0.02604609580444977, -0.0317534381997788, 0.014596716508730036], "aligned_model": [[-0.010695174399345454, -0.6128329999480926, 0.5360202005583179, 0.5757562557999326, 0.00803381944772747, 0.5595419399493543, -0.42598750821176334, -0.3794116144557362, 0.6123924160773427, 0.11535366970461838, -0.4803043331210423, -0.014512074633977008], [-0.26319957067582117, -0.023842104914679516, 0.0288133644270544, -0.49149344974951525, 0.37296851973570266, 0.5755772394269155, -0.35456911100037825, 0.2430094772632894, -0.022310878692184368, -0.5890838586652136, 0.5104436081590922, 0.028361254910177172], [-0.7522626378081323, 0.01938284691630007, -0.40078941358054876, -0.22708502347596723, -0.4979794660508014, -0.016597609874092454, 0.5316788812293495, 0.6331160569019624, 0.172896906830032, 0.3039395794179545, -0.10724963498238724, 0.0009160083501608164]], "inverted": false, "swapped": true, "error_lsq": 0.05059818561672353, "error_max": 0.29074591218087503, "target": "799.xyz", "model": "15.xyz", "model_rescale": 3.769337070930944, "target_rescale": 4.35181716647481},
{"mapping": [6, 8, 2, 1, 3, 12, 4, 9, 5, 13, 15], "R": [[-0.9208015498463545, 0.281673304337947, -0.2697863143747178], [0.31265872410295603, 0.9465885997015769, -0.07883238647484715], [0.23317167075539721, -0.1569400284769643, -0.9596878656202686]], "T": [-0.004981555431858376, -0.07198446119457128, -0.043913984644291824], "aligned_model": [[-0.23934759561345625, -0.3272676580439983, -0.10256795943338376, -0.5087151084685552, 0.28899588994288655, 0.3361730888498191, 0.6284483758575568, 0.28289271805012667, -0.014843014968979338, -0.41170722138765864, -0.009435384093186743], [0.13792856951034788, -0.7595417411272364, 0.7019157159613895, 0.33127058615294125, 0.3198419557456571, -0.5226965064665711, 0.41229277072636006, -0.5937274822927897, 0.529173900371118, 0.12241907924882267, -0.08281235020469715], [-0.6054649283070885, -0.1234418338583183, -0.19718636183721863, 0.0841083570521226, -0.6077910753074681, -0.20163693175370803, 0.03430568755564454, 0.3561951744916639, 0.317532929982735, 0.669891648367147, 0.017704940838265647]], "inverted": true, "swapped": true, "error_lsq": 0.04088980795964496, "error_max": 0.27240600313437324, "target": "799.xyz", "model": "16.xyz", "model_rescale": 3.7852294659196426, "target_rescale": 4.35181716647481},
{"mapping": [14, 2, 3, 4, 5, 1, 7, 6, 12, 9, 10, 0, 15], "R": [[-0.8319646440345809, -0.4987192041400031, 0.24313368030442686], [0.527109909480414, -0.8472455133737291, 0.0658041290166209], [0.173176136935673, 0.182904880990225, 0.9677581464942514]], "T": [0.08214086725136763, 0.10425402945471796, -0.030840836495912245], "aligned_model": [[-0.0007163272326422832, -0.5004927631962435, 0.149186562576265, 0.045690215548301466, -0.5012382851831867, -0.5476324400876588, -0.23299791532649503, -0.010815805319502075, 0.6668941525989958, 0.49571389956568257, -0.30098084061535557, 0.5248812786937156, 0.06627411819440625], [-0.09623165800706934, -0.3500330682490097, -0.47417881523906313, -0.6616138003881217, -0.2049412431608162, 0.24353684233545875, 0.6383026753533637, 0.03503179537353021, 0.11032746835089839, 0.3029841477965034, 0.8528538728316952, 0.3526287792141396, 0.12638862749136456], [-0.6477977403646028, 0.2625842776127947, 0.43695011221291824, -0.263207033546213, -0.2679052666723729, 0.09853352355639994, 0.34161598804118903, 0.6023240100583365, -0.08014677658670147, -0.5827814162942824, -0.20951880667528408, 0.492444906472523, -0.08734108067153099]], "inverted": true, "swapped": true, "error_lsq": 0.04545529124554481, "error_max": 0.2744118374820912, "target": "799.xyz", "model": "17.xyz", "model_rescale": 3.901054581598922, "target_rescale": 4.35181716647481},
{"mapping": [4, 14, 2, 3, 13, 1, 9, 12, 5, 7, 10, 8, 0, 6, 15], "R": [[0.7365474094585531, 0.6407046588240028, -0.21678434856122192], [-0.04482108087898007, -0.2735665036860051, -0.9608082216393943], [-0.6748992401305065, 0.7173973154551345, -0.1727776242718707]], "T": [0.12731127202162595, 0.040076881470021516, -0.05948758967814362], "aligned_model": [[-0.029796113456270423, 0.03340155004966719, -0.5335588542994167, 0.07933240080913673, -0.4166599433711471, -0.4740305189940839, 0.5875343504826387, 0.7060539366673271, -0.49125500266972344, -0.10594429390676152, -0.11742044327517173, 0.5950296908066436, 0.5870732605737369, 0.0019319552468050338, 0.11739423642565375], [-0.08060228058484566, -0.5451532436611234, 0.3608209605158136, 0.5899261049785578, -0.5120771269361202, 0.10995248011966545, -0.5090710556081665, 0.025517158752309865, -0.18417806859423086, 0.31165643292266215, -0.26782532651377644, 0.052394502480522645, 0.5474049396841884, 0.6698742911651993, -0.019882418893550496], [-0.8357800871321723, -0.335861089753967, -0.36331471807819826, -0.5627488658561165, 0.2751140442510949, 0.19791733787963461, -0.01699079125052705, -0.15566092125339753, -0.30283503130038314, 0.5690670084366949, 0.7049811169519968, 0.543849613606903, 0.19106023463385063, -0.015152127066057425, -0.04397931921737922]], "inverted": false, "swapped": true, "error_lsq": 0.040353705511267886, "error_max": 0.25055168182425586, "target": "799.xyz", "model": "18.xyz", "model_rescale": 3.9405287249114394, "target_rescale": 4.35181716647481},
{"mapping": [14, 5, 9, 13, 7, 8, 11, 10, 3, 1, 2, 4, 12, 6, 0, 15], "R": [[0.8421593299564514, 0.06403420693612244, -0.5354131893307851], [-0.20515236591820246, 0.95630392589097, -0.20831540529611015], [0.4986784231601216, 0.28527604467879975, 0.8184970425157043]], "T": [0.05807289895229229, -0.021463711296985977, 0.028286971848632415], "aligned_model": [[0.17661735361161673, -0.6883772700233262, -0.19994757715521227, 0.32149441609884133, 0.2617187486207757, -0.2132693149471943, -0.31695010802944606, -0.4337348523077471, 0.08579376230601532, -0.02582071596448051, -0.7462868063633491, 0.6547566119067814, 0.5085561964753003, -0.42008905059552015, 0.18784595335454984, 0.02217527427791583], [0.2564675662583173, -0.3512973317875487, -0.7220608146575663, -0.33546419705841063, -0.6804074467942798, -0.42123631202638545, -0.2499538598423719, 0.3689462163432098, 0.8065430758396295, 0.5135759691206723, 0.2957975936025141, -0.20281816348649212, 0.28084967821022905, 0.07423749028037492, 0.02596875066878666, -0.0055841154282571075], [-0.6847630820060645, 0.18729820034909392, -0.14947404645559656, -0.5040124219306269, 0.16952106937120973, 0.6103758191890832, -0.542995093467529, -0.4445864373710516, -0.16936147632283474, 0.4053994560416184, 0.11589982416521818, 0.41005147777076184, -0.04793950246868652, 0.594401700162165, 0.7017729582350795, 0.021464531909220104]], "inverted": true, "swapped": false, "error_lsq": 0.04950083037325242, "error_max": 0.36303923919606385, "target": "799.xyz", "model": "19.xyz", "model_rescale": 4.410303926677745, "target_rescale": 4.35181716647481},
{"mapping": [13, 10, 1, 14, 2, 9, 5, 7, 8, 0, 12, 3, 6, 15], "R": [[0.6606202668851778, -0.1526930409974168, 0.7350276853367619], [-0.06823942419844128, 0.9628295857290562, 0.2613476034515705], [-0.7476123621005886, -0.22280938955927182, 0.6256450526925016]], "T": [-0.07861683211393125, 0.014805125417787566, 0.1605351647675135], "aligned_model": [[-0.1087258341648856, 0.28548935777002526, 0.2834820047308698, -0.6518520743349873, 0.08827635334743114, -0.5363355675561106, -0.2584188992813041, 0.5923045759424027, 0.23434689968571534, 0.3389984642232494, -0.28711603123555884, -0.029403127570610338, 0.41751616964981575, -0.10737440174517975], [-0.22160181692925893, -0.546593750825136, 0.17918068519573352, -0.04546766947991516, 0.7260092372728499, -0.5301463283648918, 0.38386919801978503, -0.1620712076030375, -0.6347050430303107, -0.133477130966915, -0.22126731196938199, 0.6685613763966333, 0.3701875382479871, -0.0215293097829398], [-0.6493674165400114, -0.3792497644510977, -0.36350391139282545, -0.1484376399532481, -0.15294910594691702, 0.2537885232449147, -0.40831931848344083, -0.043973323183251256, 0.41176865693465825, 0.7394538928657608, 0.6557141782412547, 0.5184301610544882, 0.36519529471612744, 0.11826481161860922]], "inverted": true, "swapped": true, "error_lsq": 0.0473903504957087, "error_max": 0.3221498660636143, "target": "799.xyz", "model": "20.xyz", "model_rescale": 4.121658175737393, "target_rescale": 4.35181716647481},
{"mapping": [10, 7, 0, 9, 12, 13, 6, 14, 2, 4, 3, 11, 15], "R": [[0.6754944565458957, 0.6997838040177584, 0.23240022979808028], [0.41679898775163204, -0.10237141330731303, -0.903215753597488], [-0.6082646159238427, 0.7069814151531132, -0.3608205033574468]], "T": [0.07061890933055909, -0.009137435473007285, 0.067124559681189], "aligned_model": [[-0.006951362005667774, -0.25535975462801697, 0.2580733241363098, 0.7273803451763292, 0.5947915874385636, -0.16879923413838152, -0.32165769597260047, 0.24530048736244967, -0.6657448833297399, -0.02101030353236928, -0.22004154358011457, 0.6265888503030956, 0.08851308743443764], [-0.5380959589994762, 0.0022125602086328494, 0.5870917510921709, -0.2980490411176452, 0.250229047244289, -0.7977611838452174, 0.47965856560730136, -0.5086140199118021, 0.04362962495239227, -0.029442304802522093, 0.5521706839660834, -0.13305560763519547, -0.06914721259582793], [0.7403968069658162, 0.7127665524735599, 0.44250257780942404, 0.04790953609031401, 0.018376244007235157, 0.2501232528028251, 0.21384851082220768, -0.3171996975283592, -0.2276991406065412, -0.7285311648385365, -0.3308173317320674, -0.5222401617883207, 0.07067375500423184]], "inverted": false, "swapped": true, "error_lsq": 0.05298954595658925, "error_max": 0.319782031272274, "target": "799.xyz", "model": "21.xyz", "model_rescale": 4.08911054899281, "target_rescale": 4.35181716647481},
{"mapping": [0, 5, 10, 7, 12, 9, 6, 8, 1, 2, 11, 3, 4, 11, 14, 16], "R": [[-0.6742058067227361, 0.7385089878702824, -0.007141779621081132], [0.6957410121439118, 0.6318581221968618, -0.34161346202224124], [-0.24777202062038833, -0.23528660873213164, -0.9398134057082944]], "T": [-0.012770097367933088, -0.014824543081586572, 0.06673220972197885], "aligned_model": [[0.28824817184562934, -0.6311621221277632, -0.26916132970488515, 0.2412413980375078, 0.30192615713471527, -0.2881280607574645, -0.2416199302244673, -0.5814515605708882, -0.22857960693638776, 0.2997787959662544, -0.6618002179067016, 0.7559949778532281, 0.5965456002915159, -0.6618002179067016, 0.2289561095289873, 0.025494456742941915], [0.25324820301631834, -0.3525069993113099, -0.7450957357589438, -0.4684957840304499, -0.6501858448059579, -0.5237553058040558, -0.12195701114594013, 0.2183617458373919, 0.7312215063869305, 0.5956006543382769, 0.31693478984004797, -0.020242500698023115, 0.29852366320270135, 0.31693478984004797, -0.1831860585364598, -0.011836013128152606], [-0.5947845342675244, 0.10266153501854595, -0.1615284534271192, -0.4185066524348397, 0.27228461108766944, 0.4823222508866028, -0.6344913757622415, -0.2541845491573511, -0.09709675266954004, 0.2924490611171467, 0.30037441034350865, 0.4707739503255293, -0.06303476632338251, 0.30037441034350865, 0.6368597629589974, 0.038580069131548905]], "inverted": true, "swapped": false, "error_lsq": 0.04028904565092578, "error_max": 0.40389520585861644, "target": "799.xyz", "model": "22.xyz", "model_rescale": 4.204369325754507, "target_rescale": 4.35181716647481},
{"mapping": [14, 5, 9, 13, 7, 8, 11, 10, 3, 1, 2, 4, 12, 6, 0, 15], "R": [[0.8421593299564514, 0.06403420693612244, -0.5354131893307851], [-0.20515236591820246, 0.95630392589097, -0.20831540529611015], [0.4986784231601216, 0.28527604467879975, 0.8184970425157043]], "T": [0.05807289895229229, -0.021463711296985977, 0.028286971848632415], "aligned_model": [[0.17661735361161673, -0.6883772700233262, -0.19994757715521227, 0.32149441609884133, 0.2617187486207757, -0.2132693149471943, -0.31695010802944606, -0.4337348523077471, 0.08579376230601532, -0.02582071596448051, -0.7462868063633491, 0.6547566119067814, 0.5085561964753003, -0.42008905059552015, 0.18784595335454984, 0.02217527427791583], [0.2564675662583173, -0.3512973317875487, -0.7220608146575663, -0.33546419705841063, -0.6804074467942798, -0.42123631202638545, -0.2499538598423719, 0.3689462163432098, 0.8065430758396295, 0.5135759691206723, 0.2957975936025141, -0.20281816348649212, 0.28084967821022905, 0.07423749028037492, 0.02596875066878666, -0.0055841154282571075], [-0.6847630820060645, 0.18729820034909392, -0.14947404645559656, -0.5040124219306269, 0.16952106937120973, 0.6103758191890832, -0.542995093467529, -0.4445864373710516, -0.16936147632283474, 0.4053994560416184, 0.11589982416521818, 0.41005147777076184, -0.04793950246868652, 0.594401700162165, 0.7017729582350795, 0.021464531909220104]], "inverted": true, "swapped": false, "error_lsq": 0.04950083037325242, "error_max": 0.36303923919606385, "target": "799.xyz", "model": "23.xyz", "model_rescale": 4.410303926677745, "target_rescale": 4.35181716647481},
{"mapping": [1, 12, 13, 11, 14, 6, 7, 0, 3, 8, 2, 9, 10, 5, 15, 16], "R": [[-0.7960783246403866, 0.3151434773732657, -0.5166661298235457], [0.1401957850520965, 0.9265283919624687, 0.34912788594019284], [0.5887312144700513, 0.2054987288440683, -0.7817709572196263]], "T": [0.0056500489870991155, -0.06024501272044315, 0.044912660693519], "aligned_model": [[0.11141865937463782, -0.7694992812784479, -0.2439652096941609, 0.4928213851742803, 0.30530837530346977, -0.33818586899305125, -0.1942647501212049, -0.6270626533447451, -0.17470834034742885, 0.41619086439059727, -0.5932965466762495, 0.5736590786062913, 0.48700288865069064, -0.42066408279654666, 0.1694160699385226, -0.019687966921133768], [0.2744122909752718, -0.27311383854641386, -0.7095538710558031, -0.27696078840457844, -0.6367304919853065, -0.5936110401016096, -0.28950282311311804, 0.19156652446442446, 0.7685918347296042, 0.4456392838856955, 0.6267162700465053, -0.08865037459563761, 0.37151077842772784, 0.062207669622992526, -0.25915972455198727, 0.040202399444654244], [-0.738128104343743, 0.04740536285060702, -0.05646215348562553, -0.29629086856428744, 0.23470035702989317, 0.4634764337343514, -0.5461929357558301, -0.28166259423969914, -0.25467257983041397, 0.546155101623651, 0.09225315816506306, 0.3075509315456302, -0.03038891188918731, 0.4908539517357216, 0.7104408859653409, -0.015985057370412115]], "inverted": true, "swapped": false, "error_lsq": 0.04134505968813574, "error_max": 0.36594820810638484, "target": "799.xyz", "model": "24.xyz", "model_rescale": 4.28219845311461, "target_rescale": 4.35181716647481},
{"mapping": [4, 8, 6, 2, 14, 10, 0, 1, 3, 9, 5, 12, 13, 5, 11, 15], "R": [[-0.8697712820125287, -0.34989698954104775, -0.34795116567759116], [-0.42147708535534756, 0.8934790362042726, 0.15508796982308332], [0.2566222584006375, 0.2815445054935303, -0.92459597009708]], "T": [0.06714771138820863, 0.044346637065142816, 0.00033686938379816345], "aligned_model": [[0.13935437075029727, -0.5614948166666678, -0.31628252478292407, 0.38560097753154393, 0.3392973157357841, -0.2307516046192699, -0.20259213272041454, -0.5034548083484189, -0.2273940796687508, 0.16788935431470509, -0.5919326477470362, 0.5966308379954394, 0.6583679801641038, -0.5919326477470362, 0.06594068759690125, 0.04723635947726419], [0.30895032170438047, -0.2118945684206998, -0.7367653071023049, -0.4155440209990037, -0.6197080659652788, -0.5418364624833111, -0.25888509517893527, 0.2405534071726504, 0.716312398023201, 0.5820046749196202, 0.3039636910793337, -0.040871928473867225, 0.06541155550945187, 0.3039636910793337, -0.061580115522106946, 0.019489923899959086], [-0.6774681626459281, 0.1455783010097641, -0.23427455324886298, -0.39446450383555604, 0.25550459683236404, 0.44457800902973665, -0.707367239051583, -0.21365627695706607, -0.24816362212646248, 0.3973867901617949, 0.4730870638642353, 0.5451352861938409, -0.05380479605509837, 0.4730870638642353, 0.534429686624848, -0.06653466648920195]], "inverted": true, "swapped": false, "error_lsq": 0.04477473291405779, "error_max": 0.3215765241965437, "target": "799.xyz", "model": "25.xyz", "model_rescale": 4.100010024507729, "target_rescale": 4.35181716647481},
{"mapping": [5, 2, 6, 3, 10, 8, 7, 12, 4, 9, 14, 15], "R": [[-0.6931557773060757, -0.04318310217492285, 0.7194930771548538], [-0.051906418290668076, -0.9926215000234797, -0.10958230437151545], [0.7189164013481988, -0.11330391598566852, 0.6857998472549176]], "T": [0.030924129771803067, 0.09571164936086098, -0.04382946239243016], "aligned_model": [[-0.46783434545382746, -0.1249153150189469, 0.33840118473416775, 0.5114260457470217, -0.577523429442798, 0.1750398635203493, -0.15133743135040698, 0.45329357461999864, 0.08621843682102284, -0.018952053601924167, -0.3273657676094923, -0.019685160602157394], [-0.38176413409016435, -0.6557278069308148, -0.19545810084711868, -0.4751942113041002, 0.5563966943114154, 0.7923498967032344, 0.2546935055527638, 0.41438164038096786, -0.4716307528924253, 0.6312500170703557, 0.0746326678657949, 0.12220197423073077], [-0.167883304599663, 0.16351041084407195, 0.4409472086780719, -0.01077708307428829, 0.3519869630055952, 0.233395773745626, 0.6378962796433006, -0.2977149798899409, -0.606804924151462, -0.5191038459490013, -0.590528349129598, -0.06973185926835564]], "inverted": true, "swapped": true, "error_lsq": 0.04852526582487728, "error_max": 0.28071779019571397, "target": "799.xyz", "model": "26.xyz", "model_rescale": 3.6694154284099745, "target_rescale": 4.35181716647481},
