[{"mapping": [7, 14, 8, 1, 5, 10, 4, 11, 2, 3, 13, 15], "R": [[0.38429743482656364, 0.9231341753501916, -0.011780317748048219], [0.037071534015417906, -0.002680344538379731, 0.9993090198326537], [0.9224647326328888, -0.3844686073708458, -0.03525204951284011]], "T": [-0.03720267924519749, -0.02778065129329587, 0.02563351795588535], "aligned_model": [[-0.20502781654925317, 0.20385720643609787, 0.4264810976480327, -0.2976906913075149, -0.16417052178365193, -0.47634390392869774, 0.4027743246470682, -0.3374053566807591, 0.7170285311727861, 0.33933098846981935, -0.7417925027831777, -0.02939889288020089], [-0.33856657398971657, -0.686721149130097, -0.39857182404709585, 0.6030987683233158, 0.499171908879662, -0.5223393951190944, -0.24021678553985107, -0.43920286511156537, 0.07745861692538705, 0.36114366690140104, 0.13383956438984682, 0.004461103494864671], [-0.47956867405912956, 0.05756143724715723, -0.4563268213942662, 0.007005783274452681, -0.5302779980032386, -0.06394094801825227, 0.5177395567120064, 0.5429008511951605, -0.17647921441006598, 0.4248597988127451, 0.34507802856246855, -0.006600054565475445]], "inverted": true, "swapped": true, "error_lsq": 0.04527994699010818, "error_max": 0.20949374132453, "target": "80.xyz", "model": "0.xyz", "model_rescale": 3.751011558992144, "target_rescale": 4.013283817813305},
{"mapping": [9, 3, 13, 11, 0, 12, 2, 4, 1, 7, 6, 8, 14, 10, 15], "R": [[0.45825959610985034, 0.6184457777171481, -0.6383752521809324], [-0.27139940374812155, -0.5865635013818344, -0.7630764198242841], [-0.8463690130306055, 0.5229417547590889, -0.10095253791304165]], "T": [0.03504932757811663, 0.0444061902172678, -0.009980163450459953], "aligned_model": [[-0.0701496252241931, 0.159835416768117, -0.5309430831392592, 0.17200022028293144, -0.15546744501856152, -0.6617978195238094, 0.49669193749018686, 0.6013835846176637, -0.5581506085504268, -0.002893445880754658, -0.06823618043758842, 0.5157844091407928, 0.6338202004738688, -0.006967937640962485, 0.014176587731028874], [0.06969102963906851, -0.49441856384058747, 0.36912120869782805, 0.5538581546866503, -0.6717932244084919, 0.30697342749571854, -0.5174370201610725, -0.07095528975182885, -0.27618924023713376, 0.3898624763439408, -0.2627283007690374, 0.03404086618467897, 0.39903671761469994, 0.7051842451543907, 0.014510863178281257], [-0.8062646009897535, -0.3927564269414058, -0.45587864594499583, -0.5086368875450205, 0.04633945365718899, 0.15887149254708635, 0.2933478546974576, -0.3931700207153414, -0.11741500310772272, 0.49913939185259637, 0.7638008776563224, 0.5846296656519937, 0.08511174479539853, 0.07406662591504966, 0.018480883323122393]], "inverted": true, "swapped": true, "error_lsq": 0.03044072796805294, "error_max": 0.19821820394777276, "target": "80.xyz", "model": "1.xyz", "model_rescale": 3.9405287249114394, "target_rescale": 4.013283817813305},
{"mapping": [12, 6, 7, 3, 2, 10, 1, 0, 4, 11, 9, 13, 15], "R": [[0.3017452046553949, 0.7184752155301417, 0.626692265898017], [-0.9003615070945556, -0.0014187528143968838, 0.4351403723890399], [0.313526694254085, -0.695551113728796, 0.6464593260064684]], "T": [-0.055620959348936766, -0.06331004691505397, -0.09156136784193075], "aligned_model": [[-0.4309150853423074, 0.2711457909204824, -0.37257243861333134, 0.4741925042749051, 0.5974331541182222, -0.7070743317451609, 0.14463586898133318, 0.615791617653801, 0.1391281829031783, -0.5591240941768962, -0.1450845065086921, -0.5031096942320669, -0.028463688949536003], [0.5167154897120306, 0.5898488685830673, 0.2981393365955565, -0.3773609825607899, -0.1160279911078928, -0.031365033831048675, 0.2975203140275923, 0.17099428975066466, -0.7196622304194037, -0.559947606454877, -0.5640150738861279, -0.020138831058110963, -0.025867955778643092], [0.23366636483869413, -0.5042882912664342, -0.47740916714377785, 0.17879220641940374, -0.52920359863315, -0.23314163129089382, 0.4524133488062175, 0.12457925926058305, -0.20179662204408713, 0.07211852485055525, 0.5305847548157998, 0.5584407761403456, -0.09163557516461178]], "inverted": true, "swapped": true, "error_lsq": 0.04424788258034714, "error_max": 0.2705052361203832, "target": "80.xyz", "model": "2.xyz", "model_rescale": 3.932901565614263, "target_rescale": 4.013283817813305},
{"mapping": [7, 14, 8, 10, 6, 0, 2, 5, 13, 1, 4, 11, 3, 15], "R": [[-0.8211597204012411, -0.2857983742001572, 0.49397975960063645], [0.02867431858513697, 0.8438155378499579, 0.5358667012762264], [-0.5699776285471508, 0.45419668359371945, -0.6847122574981648]], "T": [0.05038630688381475, -0.01601127862198619, 0.06369092962350725], "aligned_model": [[-0.23960672234169422, 0.5184158742644572, 0.17326092908044227, -0.03671982510637466, -0.41869058513022916, -0.1332654636571643, 0.3085398251867455, -0.6380986876217204, -0.2245005342131033, -0.40714872910292776, 0.733694116313102, 0.40958187080691255, 0.35578969262086957, 0.0185581509533881], [0.12148073488657311, 0.1572663892830085, -0.3339835647187765, 0.5639859469972339, -0.5568880834322463, -0.6526136448379243, -0.7273439550287946, -0.3742070724786561, 0.5510146697530769, -0.15485660149314184, -0.09137159762667914, 0.6029693184221758, -0.3923888703126498, -0.04956703106271107], [-0.4626002545095182, -0.4305306948196726, -0.6208307719660329, -0.2548568553465717, -0.37352268257591115, 0.40046918890922695, -0.15574508244369223, 0.08653021358293256, 0.5406935578851815, 0.551126572744471, 0.15473206516308582, 0.18533363158255461, 0.5300491953231865, 0.06304827952785717]], "inverted": false, "swapped": true, "error_lsq": 0.04175212945324153, "error_max": 0.26163555647108677, "target": "80.xyz", "model": "3.xyz", "model_rescale": 3.9243930471874484, "target_rescale": 4.013283817813305},
{"mapping": [2, 4, 8, 6, 7, 3, 1, 14, 10, 11, 12, 13, 15], "R": [[-0.8554214655371926, 0.3694629907384246, -0.3629755016152203], [0.08963330259331459, -0.5846393093879434, -0.8063267011482407], [-0.5101176211075416, -0.722283861368235, 0.4669968268013984]], "T": [-0.04744751605062418, -0.09584007091169976, -0.07950772889366696], "aligned_model": [[0.10907072482347376, -0.40806369125119324, 0.5494790973174573, 0.5937677214595604, 0.5366101861938314, -0.5616152122779071, -0.2841324331146493, 0.18779673522452123, 0.22308340167398782, -0.3647757303026104, 0.14286691639720833, -0.41641625022955153, -0.030465579602776335], [-0.621924999184623, 0.021464909029579496, -0.19063754273739825, -0.6350176878246082, 0.0665731795207808, -0.45989683763627365, -0.4782168551889029, 0.32310918358190277, 0.48786221907328087, 0.5562285219822468, -0.036679539247395684, 0.23132234342664726, -0.13635734111364928], [-0.6447742743799201, -0.6600873912420522, -0.5479803161823915, -0.03629768491487165, 0.032210478248455285, -0.31512522037363044, 0.4342802467378707, -0.5918294096818331, 0.09814814769643367, -0.1121379939865423, 0.6576006963359606, 0.538100186170681, -0.06503714905719614]], "inverted": true, "swapped": true, "error_lsq": 0.04579032586948107, "error_max": 0.2515053882944107, "target": "80.xyz", "model": "4.xyz", "model_rescale": 3.8936222436046832, "target_rescale": 4.013283817813305},
{"mapping": [13, 9, 10, 12, 14, 4, 3, 2, 5, 1, 7, 15], "R": [[0.7520658162001513, 0.009512376328869976, -0.6590193645104658], [0.5213015320843721, -0.6204102911772652, 0.5859486182659938], [-0.4032886320610669, -0.7842197302401407, -0.47154818836720647]], "T": [-0.11139537910042016, 0.0401896107257569, 0.0014431187292971298], "aligned_model": [[-0.02203336233318169, -0.4875940544582925, -0.22523740978177362, 0.44445325700505167, -0.623429004377124, -0.7308542953271012, -0.26593103880747765, -0.13131128389317626, 0.6563026542828366, 0.3793889498770354, 0.10424523901129068, -0.07045160898299038], [-0.5482952879092822, -0.665491214954417, 0.2361841701063544, -0.12310509422785183, 0.508979938740937, -0.007943673971657392, -0.3318513355222536, 0.4036580080291183, 0.06086413245938889, -0.4282432281108, 0.5180492834089161, 0.046117207061354845], [-0.5184728965512734, -0.0777034362739867, -0.6263172463855924, -0.49596568228154714, -0.10527630382244037, 0.309389650580818, 0.5400762180898194, 0.7002160860271331, 0.1156785816041921, 0.07832781781179014, -0.32279703658418324, 0.022128967060788773]], "inverted": false, "swapped": true, "error_lsq": 0.04020056254370059, "error_max": 0.2229447675966064, "target": "80.xyz", "model": "5.xyz", "model_rescale": 3.6523030999806103, "target_rescale": 4.013283817813305},
{"mapping": [13, 9, 3, 1, 0, 10, 4, 12, 14, 8, 2, 6, 15], "R": [[0.36545324038903815, -0.013579361732798056, -0.9307306431100686], [-0.6446091704906771, -0.7250232473971555, -0.24252898394419697], [-0.6715079645160387, 0.6885905108761035, -0.27371547622104553]], "T": [0.016708374336936033, -0.0903330662398128, 0.026680788871026727], "aligned_model": [[0.14284204696305935, -0.09683734615952683, 0.17109974730487262, 0.6380739168036801, 0.6160669894778056, -0.34196836999428826, -0.4237032344270981, 0.41662630672076373, -0.6326667713935723, -0.20670856967875825, 0.08424163751091446, 0.4567498448279592, 0.05726670670848359], [-0.593545939929768, -0.020123430839222425, 0.47937132263671406, -0.16743449849875802, 0.3491295750639816, -0.6500258377068553, 0.40696496462546056, -0.739176261990037, -0.03432141618035145, 0.08742043692516252, 0.564854470842532, -0.05770290882247981, -0.08458357196319544], [0.6229020643132658, 0.8191156598203138, 0.3492045318432792, 0.29902261599635266, 0.019471158034501605, -0.03291741503750529, 0.2257021742326837, 0.0726866247587237, -0.23505658975391883, -0.6827295780477897, -0.40570576104149797, -0.6867863570935178, 0.005200611456898416]], "inverted": false, "swapped": true, "error_lsq": 0.04934022418426466, "error_max": 0.3759978626238146, "target": "80.xyz", "model": "6.xyz", "model_rescale": 4.08911054899281, "target_rescale": 4.013283817813305},
{"mapping": [5, 1, 12, 6, 8, 14, 7, 10, 2, 0, 4, 3, 11, 13, 15], "R": [[-0.20508776300160678, -0.9781850327889343, 0.03306132324497585], [0.27674709183125434, -0.09035787345842317, -0.9566851633986049], [0.9388024587898884, -0.1870547949981064, 0.28924115723436794]], "T": [0.029544579634745147, 0.010039991803384198, 0.03320297092894028], "aligned_model": [[0.0657880618878123, 0.29963709239999237, 0.6323202429004012, -0.3457409281293152, -0.5258035344258054, -0.2197827055093317, 0.09183154257422926, 0.4303564913597508, -0.7458470712347874, -0.2852241871830649, -0.3171626162429094, -0.25522645970035446, 0.40893218223255484, 0.7854578416381348, 0.01679758723224726], [-0.6725279241121279, -0.6014129995274529, -0.31032173952143505, -0.42086524003958137, 0.22045764328856332, 0.6516667036275714, 0.1345922476998891, 0.4336329062605938, -0.12909810885631115, -0.6372508756956332, 0.38527655478075196, -0.21556394368218965, 0.5562462967629207, -0.06345860837749112, -0.03061409643895461], [-0.33506988639915836, 0.1724334020999267, -0.30896401042147864, -0.5809778331738957, -0.4485515221538686, -0.10637821605815459, -0.5672880706970224, -0.29141342654139984, 0.019133300184943504, 0.21852781467756457, 0.5021047416650528, 0.599268047560913, 0.3241997046161305, 0.2518483573569955, 0.015197629365531998]], "inverted": true, "swapped": true, "error_lsq": 0.042267381502594376, "error_max": 0.2717602921685115, "target": "80.xyz", "model": "7.xyz", "model_rescale": 3.964800864290218, "target_rescale": 4.013283817813305},
{"mapping": [3, 4, 9, 0, 13, 2, 1, 11, 14, 7, 6, 12, 10, 15], "R": [[0.2572582693268388, -0.543202232835821, -0.7992180660527755], [-0.39226746539849905, -0.8145502898297798, 0.4273570649094963], [-0.8831446192174854, 0.20356610616799792, -0.42263036091459694]], "T": [0.017065899920148956, -0.049287482921730755, 0.1066891755186353], "aligned_model": [[-0.2479559274925297, 0.2448310482441526, 0.34337087895336393, -0.6772878574373202, 0.31830758593544495, -0.45823728495153787, -0.3862803891404172, 0.7045180496304713, 0.4564623684837623, 0.08821478819047351, -0.6026865758122568, -0.032166812118344906, 0.5367856357798392, -0.026687618804228593], [-0.25523719758147695, -0.5681330834672944, 0.16701671804889173, -0.05969226934240436, 0.636943593948241, -0.6773914318339691, 0.4499780990301678, 0.01961940012314868, -0.5434026372990562, 0.006373220136811186, -0.135883358224149, 0.6617574611450737, 0.1499454786203831, -0.040945527123164877], [-0.47620832624247744, -0.2930601315118264, -0.5951032450325926, -0.15821598012238378, -0.1442153175698063, 0.12571260160056236, -0.12623890093981846, -0.1160590296969694, 0.3435705758709172, 0.7164613814341662, 0.6653882130155122, 0.380622762053063, 0.4750023227978504, 0.11915811306882466]], "inverted": true, "swapped": true, "error_lsq": 0.04278327993202451, "error_max": 0.2648534721020229, "target": "80.xyz", "model": "8.xyz", "model_rescale": 4.121658175737393, "target_rescale": 4.013283817813305},
{"mapping": [4, 3, 2, 8, 9, 11, 1, 12, 5, 13, 14, 7, 15], "R": [[-0.8237050892531368, 0.3390122884195025, 0.454511379658479], [-0.24059689296564557, 0.5168725080245846, -0.8215570251319463], [-0.5134423638868921, -0.7860747284762103, -0.3441852120839777]], "T": [-0.019545701409232043, 0.016810047452404275, -0.04439727348855668], "aligned_model": [[-0.5592375980192346, -0.220275451080372, 0.2013502033575436, 0.2563051206981438, -0.639281709620659, -0.6595373924120304, 0.26637161151540667, 0.3549052700354411, 0.7081285554495651, -0.2343964235584267, -0.3292047019772125, 0.3083851628682577, 0.023224849178774182], [0.17415748173547302, -0.31438822661268734, 0.30593190242770324, 0.6966896724574756, -0.4939789753165917, 0.03782035723152727, -0.6030658160559674, -0.2984062651771613, -0.253561966679794, -0.5205329952159208, 0.6471415332240109, 0.40686961697319335, 0.005711120420448943], [-0.4504165712145515, -0.5943396544578714, -0.7432557220753364, -0.2599071964579428, -0.01616781037963634, 0.29754509289712683, -0.029732927848970386, 0.5416688733631495, -0.029344128741637276, 0.4938539044900363, -0.03320077329613455, 0.30244174068609186, -0.05806939300523506]], "inverted": true, "swapped": true, "error_lsq": 0.042896314173695584, "error_max": 0.27889932063921263, "target": "80.xyz", "model": "9.xyz", "model_rescale": 3.833441315466971, "target_rescale": 4.013283817813305},
{"mapping": [5, 6, 3, 4, 2, 0, 8, 14, 13, 9, 12, 10, 7, 1, 15], "R": [[-0.709667469348187, -0.5535693872898702, -0.435813052127237], [0.6209925159752328, -0.19930324347764788, -0.7580544256463645], [0.3327767690985809, -0.8086032096119872, 0.4852014750116725]], "T": [-0.044121443078823666, 0.11049056573339854, 0.08481980085650569], "aligned_model": [[0.04922958613070015, 0.009880199603295184, -0.68657973752546, -0.49875756083936434, -0.5936265848782191, -0.558614485603619, -0.028928757169113015, 0.05790613950821004, 0.2938511955538854, -0.2644756356443079, 0.5103125420814835, 0.5636600300453888, 0.4450581273537549, -0.12377644727760566, -0.05129359304449671], [-0.6602569678706597, -0.546079855001474, 0.1189281995960406, 0.6271510103811637, -0.05545626013454104, -0.42090793873844967, 0.08623087551381368, 0.6310555778026992, 0.1630648077935798, 0.49650495708602227, -0.29424092925531475, 0.3849888664560389, -0.013686576706941192, -0.3817203030311506, 0.06552607540415192], [0.09326207995990042, -0.4345410529815937, 0.28381100107513857, -0.00029902098610175287, -0.4548980226851976, 0.15777650075959532, -0.679349785804676, -0.37554340445544737, 0.7972965748743458, 0.7543061470429193, 0.41925029484996074, 0.05818683081985064, -0.2691092971856251, 0.5512888566356349, 0.07668420590338824]], "inverted": true, "swapped": true, "error_lsq": 0.04356581454962085, "error_max": 0.3355498337764529, "target": "80.xyz", "model": "10.xyz", "model_rescale": 4.2482417240324, "target_rescale": 4.013283817813305},
{"mapping": [6, 2, 3, 4, 12, 13, 1, 11, 14, 10, 7, 15], "R": [[-0.937053148485201, 0.2097723144445464, 0.2791540309695537], [0.2215014197767404, 0.9751004532011331, 0.01078087212767926], [-0.26994169361338094, 0.0719352643668145, -0.9601858152407879]], "T": [0.003137345626465265, 0.01824742017885469, -0.002325363991304334], "aligned_model": [[-0.7480847825032934, -0.08747181813816209, 0.3535046340647034, 0.5994919708719854, -0.4560918432146756, 0.14918875507195375, -0.21258795766880823, 0.546359602564608, 0.23510237179439808, -0.036434997821549533, -0.4320367789112526, -0.034173553746900426], [-0.3550143479621515, -0.7610526401967941, -0.2908125594685783, -0.32759074085295375, 0.6182761794081931, 0.7643324227893756, 0.26135297418342973, 0.40915173964477536, -0.20298559404762068, 0.4436486768693319, 0.1023038241976558, 0.004521455485976074], [0.006481335062327183, 0.07027611167273537, 0.4815610314629364, -0.07738771001305206, 0.10777650912288775, 0.21363496474078528, 0.5981512151969466, -0.28349928203668967, -0.6272893791598091, -0.5150872499635589, -0.4307415443001551, 0.021316288069003046]], "inverted": false, "swapped": true, "error_lsq": 0.03644887803679583, "error_max": 0.20441528180292198, "target": "80.xyz", "model": "11.xyz", "model_rescale": 3.6694154284099745, "target_rescale": 4.013283817813305},
{"mapping": [2, 6, 7, 5, 0, 4, 3, 11, 12, 13, 10, 1, 14, 15], "R": [[-0.1881627984967898, -0.11018477306970842, 0.9759375374712429], [-0.9381667330577572, -0.27383442145557335, -0.21179681444683268], [0.2905820748869262, -0.9554444125168498, -0.05184623751768869]], "T": [-0.028080875018459565, 0.009824656294566851, -0.0014396825556382484], "aligned_model": [[-0.03260203811399657, 0.24781231772586265, -0.21429854149090358, 0.5979389977776685, 0.5707010763536086, -0.39696863893013856, 0.21265132774671056, -0.45655015436402907, 0.3490037688172143, 0.20627438012564575, -0.41079657971648037, 0.6343896849324491, -0.7163292683123711, 0.007038517704569626], [-0.32461023004060635, 0.40073281265020705, 0.5689503297185995, 0.37633265567365826, -0.2770474069674361, -0.5771277937322401, -0.6162180642877055, -0.09505516964630747, 0.5981789389294023, 0.16005791536719255, 0.46699529958559316, 0.027953783772550943, 0.0004464550819329102, 0.02139776203141291], [-0.7148276869504795, -0.6905045204248719, -0.18222652744720189, -0.2782220023362406, -0.3354677284633837, -0.018347299526876866, -0.05183680638933089, 0.5750754329155672, 0.30628550610758454, 0.7382361188345284, 0.2985280549695742, 0.16291946978626576, -0.1412897403844613, -0.02922681103825824]], "inverted": true, "swapped": true, "error_lsq": 0.04445169790274723, "error_max": 0.27914842781496146, "target": "80.xyz", "model": "12.xyz", "model_rescale": 3.9764082729961374, "target_rescale": 4.013283817813305},
{"mapping": [13, 12, 14, 6, 4, 10, 11, 8, 3, 5, 2, 0, 1, 9, 7, 15], "R": [[0.751652150586126, 0.5263730476179246, -0.3974298167735658], [-0.10912181595711257, 0.6935104074558139, 0.7121346389782576], [0.650470194399001, -0.49190926957304776, 0.5787173720449706]], "T": [-0.00992904973823304, 0.01669516694765906, -0.08881318827379611], "aligned_model": [[-0.03355299053448978, 0.14217419943938597, -0.07907313283894331, -0.5988737884449428, -0.6033625563046386, 0.7297502579115078, 0.5060464494824571, 0.6107668658710942, 0.22306812321386077, -0.7315872613748641, 0.4111972412006368, -0.2432037410733146, 0.4588354742884555, -0.1537091394369196, -0.08080575720975632, -0.05409803456166453], [-0.2537278015840293, 0.3193678735328347, -0.7610614801767863, -0.38853707048367203, -0.04538054405238211, 0.03629873922513706, -0.5602239714222432, -0.16230738536889383, -0.6410695116483025, 0.42232582702251126, 0.3976510024765718, 0.49141282910314615, 0.4426227015990558, 0.5990582636578694, -0.01250105953787338, -0.055786803453629935], [-0.6372599711968647, -0.6296157115910266, -0.259464098617024, -0.3582380093191375, 0.3109955174435347, -0.40287866034455266, -0.26623441230265843, 0.19814935851342416, 0.38182615591822433, -0.22108978869646087, 0.47135179846016406, 0.4085136591036731, -0.13537641948481668, -0.12979654970199075, 0.6629565714399024, -0.0226003532681565]], "inverted": true, "swapped": false, "error_lsq": 0.04022161038408612, "error_max": 0.27103667393336295, "target": "80.xyz", "model": "13.xyz", "model_rescale": 4.170626492500431, "target_rescale": 4.013283817813305},
{"mapping": [1, 9, 0, 3, 5, 8, 2, 13, 12, 11, 10, 14, 7, 15], "R": [[-0.6379352849363294, -0.7464597024633552, 0.18930526889530414], [-0.7700445411650898, 0.6209939858556631, -0.14628012220716421], [-0.008365216975709938, -0.2390907403673668, -0.9709611943922032]], "T": [-0.07286029164555421, 0.02977426960268579, 0.10621388607104844], "aligned_model": [[0.2825077156933906, -0.07291830704359216, -0.23296866910498387, -0.4833415544272164, 0.30562686379517423, -0.4206842220359359, -0.6992622251800568, 0.5156034231700402, 0.681287867092149, -0.020052545032956365, 0.2831334954104945, -0.4188339425600289, 0.18791912452145723, -0.06483400220629161], [-0.13661456879957382, -0.7737511773985084, 0.09312677319646082, -0.31059715223424383, 0.42613790822837316, 0.6795120289215139, 0.41246650431818493, -0.4968901250679375, 0.09889656258512186, -0.4696954908881316, 0.07901627362793681, 0.18313672838328132, 0.5146389612513153, 0.05669124180187295], [-0.45256887389782097, 0.09517301208832371, -0.6168088723382543, -0.30375413662683437, -0.44376864676928407, 0.3102576681761591, -0.18006718225325574, 0.13699993224595708, 0.00858681229216507, 0.6303290259516114, 0.6686199670149675, 0.6979182288927315, 0.3834912709588875, 0.06946489538551297]], "inverted": true, "swapped": true, "error_lsq": 0.04200795057106755, "error_max": 0.2564255250442954, "target": "80.xyz", "model": "14.xyz", "model_rescale": 3.9786697098870705, "target_rescale": 4.013283817813305},
{"mapping": [10, 14, 12, 13, 7, 5, 4, 2, 1, 9, 8, 15], "R": [[0.271060261770757, 0.5209073965308011, -0.8094330230033068], [0.6946788748957418, -0.6879535539074298, -0.2100979972292061], [-0.6662939255781605, -0.5053468035969358, -0.5483402345551573]], "T": [0.017986929370288778, -0.01975640608186645, 0.04303252318903239], "aligned_model": [[-0.10965492996791426, -0.6551385331227288, 0.6054230605049502, 0.5412330827668355, -0.09136676317084397, 0.5586876822746014, -0.4521408108669577, -0.330415568943635, 0.6791672379000664, 0.212569327016407, -0.5166808098542188, 0.041671622230775016], [-0.18875125897980882, -0.08091948262822297, 0.05695699659622587, -0.5394700505706709, 0.323315125134993, 0.5373040736853644, -0.34677925637145823, 0.4596802915564967, 0.01704661736066304, -0.7641665297370933, 0.5220613362520609, 0.018396627925889503], [-0.5899013175118086, -0.14799896640183657, -0.43871661063098294, -0.24108699320382154, -0.4572934861991521, 0.030235454075824286, 0.43407368689915593, 0.5622104609468381, 0.20945360388883288, 0.2749081505595163, -0.030032175382456477, 0.054114686833720935]], "inverted": false, "swapped": true, "error_lsq": 0.04856115027395605, "error_max": 0.2775944608674684, "target": "80.xyz", "model": "15.xyz", "model_rescale": 3.769337070930944, "target_rescale": 4.013283817813305},
{"mapping": [2, 14, 0, 3, 6, 7, 5, 10, 1, 9, 15], "R": [[0.9615638827423238, 0.2482528881795564, -0.11732605386705527], [-0.08896877197593803, -0.1225512425539166, -0.9884663628882798], [-0.2597680831407123, 0.960911908792372, -0.09575409402422538]], "T": [-0.05558117158494787, -0.06583380274850217, 0.07665442416412264], "aligned_model": [[-0.3387014437887594, -0.2798481749346551, -0.11732948268885064, -0.5672009761278445, 0.4362597046166933, 0.4215498600214225, 0.5062971132599339, 0.23852851921251428, 0.16745289317436107, -0.5124183778206942, -0.03196350423295026], [0.14074252813465124, -0.6859713382675033, 0.634914386730128, 0.37062433148659557, 0.16256881349251662, -0.3965705223094218, 0.4389593912721246, -0.6154105543238547, 0.5238676142387548, 0.05517471633374599, -0.032834869162394816], [-0.6290074707361932, -0.165142160702832, -0.16323984929884422, 0.06358445123230205, -0.5633935339509193, -0.1305691803950325, -0.10310672730610941, 0.31523739751413493, 0.338795385830731, 0.726601924775362, 0.05445737026117716]], "inverted": false, "swapped": true, "error_lsq": 0.038595153617909175, "error_max": 0.19940493418690364, "target": "80.xyz", "model": "16.xyz", "model_rescale": 3.7852294659196426, "target_rescale": 4.013283817813305},
{"mapping": [3, 13, 11, 9, 1, 12, 7, 10, 4, 2, 6, 14, 15], "R": [[-0.6153349748723758, -0.5230120727029673, 0.5897637158267361], [0.7098988542817796, -0.6929049588209726, 0.1261995829261083], [0.3426462977885943, 0.49632760335110593, 0.7976543266124229]], "T": [0.0013666195217073192, 0.12564421732732795, -0.03263466053887448], "aligned_model": [[0.20856194495761046, -0.4783874565734231, 0.2173713723439854, 0.0469767038927284, -0.5533284716368051, -0.720825558024646, -0.13968485530055244, -0.0713629362721823, 0.6321524604257405, 0.41105631591828945, -0.2380421241613145, 0.5630412325131068, -0.023762777866254307], [-0.16169112871985436, -0.45167447254992904, -0.39568392667528035, -0.6737724872157163, -0.05055657692235846, 0.13152912878308498, 0.5749546586545984, 0.12232673415716738, -0.13069479197056288, 0.5725031785007514, 0.8978942792973064, 0.28682500413538026, 0.153096024228287], [-0.6044124561574078, 0.21465437216565644, 0.42399899199678753, -0.10066186791772891, -0.38967313882064475, 0.21526089964173817, 0.36511781278960886, 0.6308081458017081, -0.16407576406073388, -0.5358850956243262, -0.25635298015364527, 0.35707577464250423, -0.060099997160342845]], "inverted": false, "swapped": true, "error_lsq": 0.03773517191438561, "error_max": 0.2251279136686269, "target": "80.xyz", "model": "17.xyz", "model_rescale": 3.901054581598922, "target_rescale": 4.013283817813305},
{"mapping": [9, 3, 13, 11, 0, 12, 2, 4, 1, 7, 6, 8, 14, 10, 15], "R": [[0.45825959610985034, 0.6184457777171481, -0.6383752521809324], [-0.27139940374812155, -0.5865635013818344, -0.7630764198242841], [-0.8463690130306055, 0.5229417547590889, -0.10095253791304165]], "T": [0.03504932757811663, 0.0444061902172678, -0.009980163450459953], "aligned_model": [[-0.0701496252241931, 0.159835416768117, -0.5309430831392592, 0.17200022028293144, -0.15546744501856152, -0.6617978195238094, 0.49669193749018686, 0.6013835846176637, -0.5581506085504268, -0.002893445880754658, -0.06823618043758842, 0.5157844091407928, 0.6338202004738688, -0.006967937640962485, 0.014176587731028874], [0.06969102963906851, -0.49441856384058747, 0.36912120869782805, 0.5538581546866503, -0.6717932244084919, 0.30697342749571854, -0.5174370201610725, -0.07095528975182885, -0.27618924023713376, 0.3898624763439408, -0.2627283007690374, 0.03404086618467897, 0.39903671761469994, 0.7051842451543907, 0.014510863178281257], [-0.8062646009897535, -0.3927564269414058, -0.45587864594499583, -0.5086368875450205, 0.04633945365718899, 0.15887149254708635, 0.2933478546974576, -0.3931700207153414, -0.11741500310772272, 0.49913939185259637, 0.7638008776563224, 0.5846296656519937, 0.08511174479539853, 0.07406662591504966, 0.018480883323122393]], "inverted": true, "swapped": true, "error_lsq": 0.03044072796805294, "error_max": 0.19821820394777276, "target": "80.xyz", "model": "18.xyz", "model_rescale": 3.9405287249114394, "target_rescale": 4.013283817813305},
{"mapping": [9, 13, 5, 11, 10, 7, 8, 0, 6, 14, 1, 3, 4, 12, 2, 15], "R": [[0.8240934400835844, -0.0034267542034181475, 0.5664435182494659], [0.508355425241395, 0.44561307239815307, -0.7368878824729843], [-0.24988950285845168, 0.895219105618009, 0.36896881886908567]], "T": [0.062208298727112296, 0.08576253212623694, -0.08356155048729708], "aligned_model": [[0.009564449084845758, -0.2087773042672112, 0.0053849412824604065, -0.5169837560589757, -0.6563110378144063, 0.4564375187519687, 0.5808347576628807, 0.6874810420154971, 0.3422567162163494, -0.5951221601732025, 0.20355276862583682, -0.34003838772793693, 0.6813923350280423, 0.08376352530571622, -0.26748219623934033, 0.037618997935340646], [-0.4273412833682676, 0.2791652115345101, -0.741778951970089, -0.21495054510610093, -0.042055623019563115, -0.08555544438283152, -0.4647574554566394, 0.06891273834588194, -0.4017193642788224, 0.4774449488283947, 0.18477556572662995, 0.5469356503378128, 0.4224987396793275, 0.6298773938921782, -0.46758333682356734, 0.06427336495045997], [-0.6518598406275709, -0.6670785184834904, -0.026914918572990165, -0.3890470832935877, 0.2084941277276393, -0.6411088775769124, -0.06851180299930967, 0.20178795258941812, 0.40859466468357813, -0.202895176613566, 0.5534137896835251, 0.508845027083302, -0.27820194796153314, -0.023449558156578842, 0.4999089370765625, -0.06073768820225145]], "inverted": true, "swapped": false, "error_lsq": 0.04723675115930925, "error_max": 0.34723205779721833, "target": "80.xyz", "model": "19.xyz", "model_rescale": 4.410303926677745, "target_rescale": 4.013283817813305},
{"mapping": [3, 4, 9, 0, 13, 2, 1, 11, 14, 7, 6, 12, 10, 15], "R": [[0.2572582693268388, -0.543202232835821, -0.7992180660527755], [-0.39226746539849905, -0.8145502898297798, 0.4273570649094963], [-0.8831446192174854, 0.20356610616799792, -0.42263036091459694]], "T": [0.017065899920148956, -0.049287482921730755, 0.1066891755186353], "aligned_model": [[-0.2479559274925297, 0.2448310482441526, 0.34337087895336393, -0.6772878574373202, 0.31830758593544495, -0.45823728495153787, -0.3862803891404172, 0.7045180496304713, 0.4564623684837623, 0.08821478819047351, -0.6026865758122568, -0.032166812118344906, 0.5367856357798392, -0.026687618804228593], [-0.25523719758147695, -0.5681330834672944, 0.16701671804889173, -0.05969226934240436, 0.636943593948241, -0.6773914318339691, 0.4499780990301678, 0.01961940012314868, -0.5434026372990562, 0.006373220136811186, -0.135883358224149, 0.6617574611450737, 0.1499454786203831, -0.040945527123164877], [-0.47620832624247744, -0.2930601315118264, -0.5951032450325926, -0.15821598012238378, -0.1442153175698063, 0.12571260160056236, -0.12623890093981846, -0.1160590296969694, 0.3435705758709172, 0.7164613814341662, 0.6653882130155122, 0.380622762053063, 0.4750023227978504, 0.11915811306882466]], "inverted": true, "swapped": true, "error_lsq": 0.04278327993202451, "error_max": 0.2648534721020229, "target": "80.xyz", "model": "20.xyz", "model_rescale": 4.121658175737393, "target_rescale": 4.013283817813305},
{"mapping": [13, 9, 3, 1, 0, 10, 4, 12, 14, 8, 2, 6, 15], "R": [[0.36545324038903815, -0.013579361732798056, -0.9307306431100686], [-0.6446091704906771, -0.7250232473971555, -0.24252898394419697], [-0.6715079645160387, 0.6885905108761035, -0.27371547622104553]], "T": [0.016708374336936033, -0.0903330662398128, 0.026680788871026727], "aligned_model": [[0.14284204696305935, -0.09683734615952683, 0.17109974730487262, 0.6380739168036801, 0.6160669894778056, -0.34196836999428826, -0.4237032344270981, 0.41662630672076373, -0.6326667713935723, -0.20670856967875825, 0.08424163751091446, 0.4567498448279592, 0.05726670670848359], [-0.593545939929768, -0.020123430839222425, 0.47937132263671406, -0.16743449849875802, 0.3491295750639816, -0.6500258377068553, 0.40696496462546056, -0.739176261990037, -0.03432141618035145, 0.08742043692516252, 0.564854470842532, -0.05770290882247981, -0.08458357196319544], [0.6229020643132658, 0.8191156598203138, 0.3492045318432792, 0.29902261599635266, 0.019471158034501605, -0.03291741503750529, 0.2257021742326837, 0.0726866247587237, -0.23505658975391883, -0.6827295780477897, -0.40570576104149797, -0.6867863570935178, 0.005200611456898416]], "inverted": false, "swapped": true, "error_lsq": 0.04934022418426466, "error_max": 0.3759978626238146, "target": "80.xyz", "model": "21.xyz", "model_rescale": 4.08911054899281, "target_rescale": 4.013283817813305},
{"mapping": [2, 14, 1, 4, 0, 15, 11, 5, 8, 13, 10, 7, 9, 12, 6, 16], "R": [[-0.2929635287416573, 0.8529657361449856, 0.4319974812309435], [0.9335253981283942, 0.3528299004048453, -0.0635719468754134], [-0.20664632074261466, 0.38465635877098164, -0.8996314710927974]], "T": [0.032388324390379156, -0.012422242167797687, -0.0800226996817736], "aligned_model": [[-0.21919310286207833, 0.16920159120489348, -0.017130305096378168, -0.5979814957721766, -0.619351127812063, 0.3774522635581266, 0.6299865300579444, 0.6246854473916909, 0.2860480096766468, -0.46842446454236514, 0.25879440122913006, -0.3510873816565271, 0.5767980718617076, 0.001914665273007543, -0.13338906152492602, -0.014751831358767918], [-0.3856387327601587, 0.3722999533039026, -0.8007005267646679, -0.10118544612003023, -0.3096373824447898, -0.26207467331571477, -0.48866599319936416, 0.0708675306297193, -0.5121045411113739, 0.4103910121892621, 0.48799323055066596, 0.3632677923852165, 0.44700183306106145, 0.7239357109083444, -0.1794423547514097, -0.008165803671349385], [-0.6445313940211889, -0.5750919355286792, -0.1585315057662411, -0.36471054508462997, 0.2148980439295618, -0.6717249553831907, -0.12430931667536947, 0.2941109472679161, 0.32831096564966505, -0.16455357220558614, 0.5111287633540368, 0.38645298973710246, -0.08977757132780682, -0.12265868302445532, 0.6272157812162998, -0.0749889257812]], "inverted": false, "swapped": false, "error_lsq": 0.03411844227236367, "error_max": 0.26525880051580336, "target": "80.xyz", "model": "22.xyz", "model_rescale": 4.204369325754507, "target_rescale": 4.013283817813305},
{"mapping": [9, 13, 5, 11, 10, 7, 8, 0, 6, 14, 1, 3, 4, 12, 2, 15], "R": [[0.8240934400835844, -0.0034267542034181475, 0.5664435182494659], [0.508355425241395, 0.44561307239815307, -0.7368878824729843], [-0.24988950285845168, 0.895219105618009, 0.36896881886908567]], "T": [0.062208298727112296, 0.08576253212623694, -0.08356155048729708], "aligned_model": [[0.009564449084845758, -0.2087773042672112, 0.0053849412824604065, -0.5169837560589757, -0.6563110378144063, 0.4564375187519687, 0.5808347576628807, 0.6874810420154971, 0.3422567162163494, -0.5951221601732025, 0.20355276862583682, -0.34003838772793693, 0.6813923350280423, 0.08376352530571622, -0.26748219623934033, 0.037618997935340646], [-0.4273412833682676, 0.2791652115345101, -0.741778951970089, -0.21495054510610093, -0.042055623019563115, -0.08555544438283152, -0.4647574554566394, 0.06891273834588194, -0.4017193642788224, 0.4774449488283947, 0.18477556572662995, 0.5469356503378128, 0.4224987396793275, 0.6298773938921782, -0.46758333682356734, 0.06427336495045997], [-0.6518598406275709, -0.6670785184834904, -0.026914918572990165, -0.3890470832935877, 0.2084941277276393, -0.6411088775769124, -0.06851180299930967, 0.20178795258941812, 0.40859466468357813, -0.202895176613566, 0.5534137896835251, 0.508845027083302, -0.27820194796153314, -0.023449558156578842, 0.4999089370765625, -0.06073768820225145]], "inverted": true, "swapped": false, "error_lsq": 0.04723675115930925, "error_max": 0.34723205779721833, "target": "80.xyz", "model": "23.xyz", "model_rescale": 4.410303926677745, "target_rescale": 4.013283817813305},
{"mapping": [6, 12, 15, 5, 4, 13, 14, 11, 9, 2, 1, 3, 7, 0, 10, 16], "R": [[-0.7362237614817857, -0.6767378722933872, 0.0006520992487982213], [0.04337822502554173, -0.04622955754065866, 0.9979885558478256], [-0.6753465055978631, 0.7347711754100146, 0.06339098645187119]], "T": [0.08861670265048735, -0.08626539281043513, -0.006394334155552905], "aligned_model": [[0.1100586109946492, -0.04614818073621432, -0.08653282767420623, -0.4151017936979654, -0.5634441336664063, 0.5277266070303808, 0.5123206413268775, 0.6237996491090186, 0.17043172662979364, -0.6630939394900544, 0.3324078276055816, -0.41195163086610076, 0.5202238851650232, -0.1437500932197017, -0.004121119436075113, 0.040746980553264624], [-0.3781777774491578, 0.28323284508086843, -0.7493156189863954, -0.14811911963331242, -0.07958610037417621, -0.0702067103096152, -0.5801947651048341, -0.16819527131986817, -0.6165871617568054, 0.4299089857674677, 0.5566768862134949, 0.5028462534282144, 0.40687796267247, 0.5990844009745689, -0.16598938567504978, 0.005886185361443724], [-0.7079821718643408, -0.7074544693684233, -0.20388162597403017, -0.3779368301671225, 0.21418768185077225, -0.5551303676187798, -0.19256290709312052, 0.32161206126709313, 0.3168472270045837, -0.04366459804984231, 0.5069539519105272, 0.4536380520744552, -0.11799974454063729, -0.2224664133838554, 0.6330020433693585, 0.05407719693959656]], "inverted": true, "swapped": false, "error_lsq": 0.03476366780072672, "error_max": 0.2180188429368371, "target": "80.xyz", "model": "24.xyz", "model_rescale": 4.28219845311461, "target_rescale": 4.013283817813305},
{"mapping": [2, 4, 14, 13, 12, 0, 6, 8, 10, 7, 5, 9, 1, 3, 11, 15], "R": [[-0.8605448458940349, 0.06024945844368608, -0.5057989432199859], [0.192636692412606, -0.8807386601711932, -0.4326551943709709], [-0.4715439247212745, -0.4697546330129104, 0.7463088581956957]], "T": [-0.02784379247915854, 0.01619146067163762, -0.051484665093332244], "aligned_model": [[-0.05590377629337, -0.0037373489363299456, -0.11650187092574667, -0.5547858297748881, -0.6210729244979827, 0.5050389820495766, 0.6445153673522608, 0.5883844633739241, 0.32227159800413835, -0.5930698479740883, 0.3550833192115159, -0.40536542989501223, 0.47774602805117733, 0.07660978078098228, -0.1318278576780461, 0.016187556779753517], [-0.42707334585537565, 0.3792055653843422, -0.7354965342332382, -0.12533904074473398, -0.32744712650757873, -0.046255494707425855, -0.5554008339223394, -0.06967859590867964, -0.5347921785545782, 0.49363753207501154, 0.3556284260902633, 0.4096791248959331, 0.40894310150963215, 0.7804542667964892, -0.19014034638084693, 0.012217088952439111], [-0.5725498942065739, -0.6857466079726618, 0.03365949698883727, -0.2864690548652082, 0.2867632004707965, -0.6660499573204876, -0.23427564931466022, 0.2564684595863579, 0.3996705869869711, -0.2925464016699858, 0.6292723066328294, 0.347913075592604, -0.05305973392896293, -0.12245761111630768, 0.4415585083020249, -0.11091163780933863]], "inverted": false, "swapped": false, "error_lsq": 0.03492950522827886, "error_max": 0.22458689284263642, "target": "80.xyz", "model": "25.xyz", "model_rescale": 4.100010024507729, "target_rescale": 4.013283817813305},
{"mapping": [6, 2, 3, 4, 12, 13, 1, 11, 14, 10, 7, 15], "R": [[-0.937053148485201, 0.2097723144445464, 0.2791540309695537], [0.2215014197767404, 0.9751004532011331, 0.01078087212767926], [-0.26994169361338094, 0.0719352643668145, -0.9601858152407879]], "T": [0.003137345626465265, 0.01824742017885469, -0.002325363991304334], "aligned_model": [[-0.7480847825032934, -0.08747181813816209, 0.3535046340647034, 0.5994919708719854, -0.4560918432146756, 0.14918875507195375, -0.21258795766880823, 0.546359602564608, 0.23510237179439808, -0.036434997821549533, -0.4320367789112526, -0.034173553746900426], [-0.3550143479621515, -0.7610526401967941, -0.2908125594685783, -0.32759074085295375, 0.6182761794081931, 0.7643324227893756, 0.26135297418342973, 0.40915173964477536, -0.20298559404762068, 0.4436486768693319, 0.1023038241976558, 0.004521455485976074], [0.006481335062327183, 0.07027611167273537, 0.4815610314629364, -0.07738771001305206, 0.10777650912288775, 0.21363496474078528, 0.5981512151969466, -0.28349928203668967, -0.6272893791598091, -0.5150872499635589, -0.4307415443001551, 0.021316288069003046]], "inverted": false, "swapped": true, "error_lsq": 0.03644887803679583, "error_max": 0.20441528180292198, "target": "80.xyz", "model": "26.xyz", "model_rescale": 3.6694154284099745, "target_rescale": 4.013283817813305},
