[{"mapping": [3, 10, 7, 6, 9, 4, 0, 2, 5, 1, 8, 11], "R": [[-0.43448046409290947, 0.4893926460631556, -0.7561227177521606], [-0.8991226061330863, -0.28503706340314555, 0.33216323039577805], [-0.05296475679220597, 0.8241654630387121, 0.5638670269417501]], "T": [0.12267160378652804, 0.026585458473793143, -0.049774376954806125], "aligned_model": [[-0.2926656791426542, 0.06890014379055488, 0.7956395402651852, 0.831402840880946, 0.348981711764555, -0.6470556661742254, -0.18935324606998455, 0.0334065981459712, 0.12862035410596284, 0.5219596655246026, 0.3007128190848755, 0.10173003849624589], [0.12124522319300116, -0.5426496299547011, -0.634981552568418, 0.14862044849012832, 0.10955194813001509, 0.2679722509246574, -0.1274826514232353, 0.5343618495542892, -0.6845985013844984, 0.03237013100259369, 0.6290731671646027, -0.01064608645132345], [-0.5906689925124341, -0.4169819342797755, 0.02798522848623037, -0.13900431718389017, -0.6076782405810254, -0.009764215088282395, 0.46178686530879565, 0.5690512374275348, 0.37785667914358567, 0.5353889684763147, -0.14149884055528683, 0.005066472726651387]], "inverted": true, "swapped": false, "error_lsq": 0.06246365027117543, "error_max": 0.30497980818651504, "target": "800.xyz", "model": "0.xyz", "model_rescale": 3.751011558992144, "target_rescale": 3.995199179480571},
{"mapping": [0, 1, 4, 11, 6, 2, 5, 9, 8, 10, 12, 14], "R": [[0.4693188512722999, -0.5508770490889102, 0.6901262874485679], [0.5586796509659667, 0.7904753167432725, 0.25104943978461425], [-0.6838251702277378, 0.26773727870193464, 0.6787487651232141]], "T": [0.10687121920717646, 0.020836248499707784, -0.019830099585105725], "aligned_model": [[-0.3731364307635064, 0.1820123302540646, 0.4812543343733016, 0.7420049605930906, 0.7191812726729182, -0.7024173096335725, -0.1418965751647226, 0.2533304946040692, -0.1479913547966235, 0.7330008703496841, 0.13535235374052593, 0.12158417444280552], [-0.12255461398493123, -0.4233975556830427, -0.6627304577139902, 0.5017487359072214, -0.00803133881903961, -0.05043891243863529, 0.020282656285495304, 0.42660711235002924, -0.5438306342930589, -0.09454153285842223, 0.7264541109313944, 0.07326902699409119], [-0.5895109181361773, -0.5515214481020785, 0.1148837124182368, -0.06520959864938247, -0.45338379418049907, 0.1341505177279111, 0.553057607574527, 0.4782555436878909, 0.21810819491397287, 0.49699034859578617, -0.25062732935669874, -0.013653925125070531]], "inverted": false, "swapped": false, "error_lsq": 0.04654258442622446, "error_max": 0.21799842803072692, "target": "800.xyz", "model": "1.xyz", "model_rescale": 3.9405287249114394, "target_rescale": 3.995199179480571},
{"mapping": [2, 9, 10, 4, 8, 0, 6, 7, 11, 3, 1, 12], "R": [[0.6297376805439172, -0.7724497678891662, -0.0821693969257457], [0.6125483805407759, 0.558842058471452, -0.5589991370120916], [0.47771846855657585, 0.3016900889511682, 0.8250867560618071]], "T": [0.11478923509052877, 0.014711426053493194, 0.0021090910280171854], "aligned_model": [[-0.2340542983238679, 0.31830679581897947, 0.6446742229316131, 0.6337820054873474, 0.7248539349696983, -0.7009854827321682, -0.12520675559986194, 0.3502528988044622, -0.16420339239725815, 0.5756255168715617, -0.12380339445853264, 0.10303706930006107], [0.1622826091826613, -0.6560449496043051, -0.6359301875183756, 0.4488845321763075, -0.21789218754565304, 0.1482112352462503, -0.02837119857723898, 0.4657459214992686, -0.6168265596649921, -0.03321039913748268, 0.7572794306472211, 0.048708349973449666], [-0.564195211115651, -0.3966986246441037, 0.08798405630672493, -0.1818363902383424, -0.41551082110707266, 0.1421783559745984, 0.4878060184394319, 0.6104137845365644, 0.1779987593979406, 0.3369718967163903, -0.13534143838827686, -0.07823147450978575]], "inverted": false, "swapped": false, "error_lsq": 0.05459219061520463, "error_max": 0.33698473859883804, "target": "800.xyz", "model": "2.xyz", "model_rescale": 3.932901565614263, "target_rescale": 3.995199179480571},
{"mapping": [3, 0, 2, 5, 7, 11, 10, 12, 1, 6, 9, 13], "R": [[0.3706141400318017, 0.9089678183199943, 0.1908472280832975], [0.20770134411528396, 0.11916569787518724, -0.9709066320211355], [-0.9052653262227559, 0.399470952271263, -0.14462934498329796]], "T": [0.11019212984944582, -0.024863399764836428, -0.12218260237318569], "aligned_model": [[-0.2061517390356667, 0.24246221893528816, 0.5996653441831199, 0.6902095149306351, 0.4496062732577908, -0.7270931777121008, -0.11448705858141808, 0.2795879502496747, -0.10115468278840353, 0.5157965019639148, 0.22061105938467113, 0.15322691588452905], [-0.18552033143441934, -0.606220580097027, -0.654791960235412, 0.36310079076157753, 0.2799797065000368, 0.17668524644515382, 0.02768226019563946, 0.4598465322205589, -0.6678250810595556, -0.08117963071873917, 0.6979098574895479, 0.033169786609749966], [-0.4893356835348896, -0.4279256015611233, 0.11824583673423265, 0.05062742490367943, -0.6713740691352841, 0.11454541734546751, 0.5559793666331858, 0.4430528777810435, 0.1789841655256702, 0.42463165871967623, -0.1942895922356665, -0.031602889807574155]], "inverted": true, "swapped": false, "error_lsq": 0.04125807375882983, "error_max": 0.29063881365696775, "target": "800.xyz", "model": "3.xyz", "model_rescale": 3.9243930471874484, "target_rescale": 3.995199179480571},
{"mapping": [3, 6, 11, 8, 10, 0, 1, 7, 5, 9, 4, 12], "R": [[-0.11862193979975871, 0.7688450906881509, 0.6283359467059575], [0.837224234360956, 0.4176638878013803, -0.3530048983022008], [-0.5338393173950879, 0.48418395610693804, -0.6932398429488753]], "T": [0.22844054486999338, 0.009500757475309247, -0.019975733525663907], "aligned_model": [[-0.19708697571825634, 0.01977935636855646, 0.6803411310793188, 0.7085788658656395, 0.680550693686824, -0.6094567305272385, -0.07390150732578687, 0.018273531581516955, -0.24908945127528903, 0.7196776930122519, 0.16936225926335943, 0.1352502546611384], [0.07470605715850472, -0.5432637394907366, -0.6395051779455287, 0.39626064718730597, 0.04295158726648686, -0.02036525909918603, 0.033147258394132725, 0.6870865768687844, -0.5386033690349301, -0.15903888532441418, 0.560569426331449, -0.05110852563475719], [-0.5373034521720897, -0.4352207624468452, -0.04664476724849016, 0.10738340174807069, -0.5599805250247926, 0.12270758819225573, 0.626700712968891, 0.35368994966514067, 0.19255677941957272, 0.4574840499816773, -0.23257946777080718, 0.022745404055834664]], "inverted": false, "swapped": false, "error_lsq": 0.04876749605486392, "error_max": 0.2918593381287242, "target": "800.xyz", "model": "4.xyz", "model_rescale": 3.8936222436046832, "target_rescale": 3.995199179480571},
{"mapping": [5, 7, 8, 9, 6, 4, 2, 0, 10, 3, 1, 11], "R": [[0.7970897665158833, -0.5427832966858501, 0.2646397493848863], [-0.4689295875803474, -0.8324932360037692, -0.2950594074075562], [0.38046411921149714, 0.11109142562238258, -0.9180989865726935]], "T": [0.22487165867558062, -0.08342733050350791, 0.010730625168244145], "aligned_model": [[-0.2620090255572178, 0.16752156822266825, 0.76532040479412, 0.7876045981534108, 0.3940426530448983, -0.5686426783569503, -0.24514717288799298, 0.4451871686577081, -0.07310782219226519, 0.4423177980275642, 0.05188062282070466, 0.09731100594538669], [0.10573629655032211, -0.5550076324064512, -0.5652705204265971, 0.16629479079520387, 0.10498607814535975, -0.09895238454533485, 0.12587291620035707, 0.5663235235512529, -0.5722685834212717, -0.10751796604691025, 0.691445853577418, -0.01880577529623731], [-0.6092170972791449, -0.4298037246505037, 0.15771742550917323, -0.04410043156031049, -0.7445773849925953, -0.016075503378645623, 0.5515024528640265, 0.569303102733551, 0.27851758884008654, 0.5421615708998806, -0.10220483103215851, -0.08168425658494123]], "inverted": false, "swapped": false, "error_lsq": 0.05542160991209621, "error_max": 0.2970601175969394, "target": "800.xyz", "model": "5.xyz", "model_rescale": 3.6523030999806103, "target_rescale": 3.995199179480571},
{"mapping": [8, 1, 0, 7, 5, 10, 4, 11, 2, 3, 9, 12], "R": [[0.29410922774708814, -0.9348339715664926, 0.19896031704646538], [0.022813436604410986, -0.20124152312336951, -0.9792759552247178], [0.9554995077258326, 0.2925530635221668, -0.037860213410480015]], "T": [0.0576828491916203, -0.009854742063673766, -0.0750643310065366], "aligned_model": [[-0.05697743127138226, 0.13878752454802368, 0.8848345649553293, 0.6219336345461237, 0.5456929509313965, -0.6343452635192657, -0.0899934758624847, 0.20440879690824093, -0.23276210466389646, 0.5607164010880186, -0.10271888329171099, 0.162702406303642], [0.1466178000087887, -0.6823674457383966, -0.5602823115787706, 0.34388907089036636, -0.053025929070027296, 0.26191608037958125, -0.04758195240685647, 0.6004947378304293, -0.5887962035095712, -0.24036978408415688, 0.6812654169486027, -0.01892288299287792], [-0.7201011255601636, -0.22843825651178556, -0.07142285801437756, 0.07759354046017534, -0.5482301784629441, 0.16139021632406458, 0.4780179074943514, 0.5417938470219598, 0.3207641005239354, 0.34500800088020916, -0.21394228175406765, -0.07089400103293884]], "inverted": false, "swapped": false, "error_lsq": 0.06062387863174091, "error_max": 0.31871079275322206, "target": "800.xyz", "model": "6.xyz", "model_rescale": 4.08911054899281, "target_rescale": 3.995199179480571},
{"mapping": [9, 10, 5, 13, 11, 3, 6, 2, 4, 7, 1, 14], "R": [[0.6278004428996453, 0.6228684980616083, 0.46679914097766456], [0.665846071940691, -0.7403483135660065, 0.09237631233775428], [0.4031322517191615, 0.25282248460618867, -0.8795255419266641]], "T": [0.1853910729049239, -0.05356759464159546, -0.03682746640468879], "aligned_model": [[-0.34938568738803527, 0.37908319574106, 0.4922551645542786, 0.7923068245127833, 0.3915220028896198, -0.5779489016408235, -0.03688599088920644, 0.2713526979126085, -0.14720373453255658, 0.5886248873073332, 0.08654698719820285, 0.11201167500676995], [0.22682488313955038, -0.5675444059841674, -0.6933201804832692, 0.35563663454592187, 0.05385823194221898, -0.10661503845126519, 0.021982972207431985, 0.5637409957505333, -0.6320397154755333, -0.059995774199576586, 0.6539235571706714, 0.02638443651459487], [-0.5367786469834598, -0.503288716087164, 0.24075547209916923, -0.04681203534582604, -0.5758087225199505, 0.165532332546415, 0.40365861193755137, 0.4747194488879124, 0.19032928384888856, 0.6239676107315626, -0.20305675288438646, -0.1616789748622941]], "inverted": false, "swapped": false, "error_lsq": 0.05175558176797901, "error_max": 0.2756195196135597, "target": "800.xyz", "model": "7.xyz", "model_rescale": 3.964800864290218, "target_rescale": 3.995199179480571},
{"mapping": [8, 9, 11, 2, 12, 5, 3, 0, 10, 6, 1, 13], "R": [[0.4052212199972255, 0.8694630642321439, -0.28254157711744166], [0.3257637410120928, -0.42609016115079207, -0.8439935779449381], [-0.8542094285980263, 0.24996230617143667, -0.4559003154064392]], "T": [0.25751353050140025, 0.0585183087400216, 0.020357900818343502], "aligned_model": [[-0.23953232262742796, 0.1422613763993431, 0.6472273392889977, 0.7156335834608267, 0.6247328241449752, -0.5717075892113052, -0.03702196852532985, 0.2795944667578347, -0.2531732472992406, 0.5261064800030703, -0.0323383316083341, 0.20049650988862427], [-0.03823231113227162, -0.4655470491403191, -0.6728414847150752, 0.5366420260722992, -0.16709398996028896, -0.04487593290444896, 0.10427026307858911, 0.5839490960243935, -0.5813044927405805, -0.15569839708639605, 0.7149828841762995, 0.02858598500491041], [-0.55812487234698, -0.4108371460377173, 0.0395757116005863, 0.008848958429545264, -0.6000645506932417, 0.04815517380604141, 0.6815071231499469, 0.506767494217269, 0.09078382425811639, 0.4877708377396594, -0.199096081604354, -0.02374756115045317]], "inverted": false, "swapped": false, "error_lsq": 0.044203163862714064, "error_max": 0.23773743538816136, "target": "800.xyz", "model": "8.xyz", "model_rescale": 4.121658175737393, "target_rescale": 3.995199179480571},
{"mapping": [5, 10, 3, 8, 11, 4, 1, 6, 0, 2, 9, 12], "R": [[0.9295720276059332, 0.36600347802259764, -0.044014765340245246], [0.3490333931981446, -0.8354137451749641, 0.42456985856903473], [0.1186235049439376, -0.4100308871879077, -0.9043246848487072]], "T": [0.22437673308090228, 0.04180781348750656, -0.08275346315984172], "aligned_model": [[-0.22651592381241792, 0.20043735330067772, 0.6522997071508791, 0.8206628372640263, 0.7363790408050539, -0.6114340002153007, -0.05113770683543789, 0.23557102996744267, -0.25186234421542014, 0.537299451608988, -0.2245217586391297, 0.18510143429267326], [-0.08984704285254128, -0.5567258964173192, -0.6191159048921127, 0.40844743529099753, -0.07122510591746478, 0.1497798829944304, -0.01615335029456713, 0.6286811255841611, -0.5312049678998565, -0.22815088176318238, 0.73106600339946, 0.037285299445106], [-0.48410208597738763, -0.549299425310056, -0.030353480179061143, 0.11867048628313165, -0.44067701724567804, 0.19633499599241427, 0.5462648295822248, 0.28553508317291115, 0.16958943201445076, 0.47541149986312, -0.21160651436828315, -0.0042288924593682775]], "inverted": false, "swapped": false, "error_lsq": 0.05044439050313477, "error_max": 0.28196882224507014, "target": "800.xyz", "model": "9.xyz", "model_rescale": 3.833441315466971, "target_rescale": 3.995199179480571},
{"mapping": [2, 3, 6, 11, 7, 13, 0, 10, 4, 12, 8, 14], "R": [[0.6460173815103111, 0.5408874295899105, -0.5386114845583793], [0.6304902912566183, 0.01964743479539821, 0.7759484331687936], [0.43028308753390043, -0.8408654867561045, -0.3283316886392684]], "T": [0.18035939115727082, -0.06228684069235265, 0.07904305672715232], "aligned_model": [[-0.3881111587604634, 0.10076234248540406, 0.5043582506747358, 0.7198320269217308, 0.6166983131852908, -0.5824670910020352, -0.1861511009539971, 0.20009395351999373, 0.10672782111774451, 0.6029244490240616, 0.1412852276759101, 0.16632608678365904], [-0.03508417193805909, -0.4427261804588285, -0.6275855561357175, 0.3434674065700782, -0.026748595236514808, 0.15022789415975174, 0.09618986879592523, 0.7000048334980851, -0.8310861226808698, -0.05936188903078112, 0.6376459412625045, -0.062106832128463074], [-0.3599916840582526, -0.6976499768121016, 0.2705937533961521, -0.019292324155901125, -0.42321121654004684, 0.17188586475153728, 0.6307478268948487, 0.38608718063797, -0.11954857451065674, 0.5085198009620248, -0.261730582027236, -0.014871157169919838]], "inverted": false, "swapped": false, "error_lsq": 0.052772555744972915, "error_max": 0.34987378464593955, "target": "800.xyz", "model": "10.xyz", "model_rescale": 4.2482417240324, "target_rescale": 3.995199179480571},
{"mapping": [7, 3, 1, 6, 2, 9, 10, 4, 8, 0, 5, 11], "R": [[-0.27430164979228105, -0.5017750490523477, 0.82035382919186], [-0.21199858847635653, 0.8636397630280668, 0.4573652350155809], [-0.9379846498772066, -0.04845781531744016, -0.3432734139565655]], "T": [0.2216183335822617, -0.04664337891543396, -0.013419309762671135], "aligned_model": [[-0.28942382289944457, 0.06586084056223526, 0.6819939819736425, 0.6894875648839763, 0.6635932722167005, -0.5400476207892599, -0.1246510732842703, 0.1640644978361364, -0.06795641307681308, 0.5516903730822884, 0.06338313334927936, 0.14428438681756367], [0.0050111677067998725, -0.6064737602525504, -0.5738478987634613, 0.4020448105458236, -0.0744964442416392, 0.19515796162082805, -0.155356369465238, 0.7145377824398851, -0.5816365969647463, -0.1726789325971452, 0.6481820211300301, 0.0423928555185254], [-0.4546946986154041, -0.5794592146738009, 0.08278989134734988, 0.0026874956964450837, -0.6064114233322327, 0.1883428963243265, 0.518822501906152, 0.4145180405830565, 0.06896122005710947, 0.656660509275546, -0.25083341039786744, 0.030155103197738165]], "inverted": false, "swapped": false, "error_lsq": 0.043188839551472104, "error_max": 0.21535338985637975, "target": "800.xyz", "model": "11.xyz", "model_rescale": 3.6694154284099745, "target_rescale": 3.995199179480571},
{"mapping": [6, 0, 1, 8, 4, 7, 10, 9, 12, 2, 11, 13], "R": [[-0.602267059799638, -0.6597739231085908, 0.4494137949220055], [-0.5806336929349101, -0.024307253020655117, -0.8138019857922185], [0.5478493436238357, -0.7510709206436428, -0.36844751166813866]], "T": [0.09584610086407144, -0.04361077353502455, -0.02476308506632776], "aligned_model": [[-0.1853526942846351, 0.08952286206245655, 0.7074376398871897, 0.6172003219762768, 0.5809101421420353, -0.563110883290568, -0.054912058077701054, -0.01854366219917622, -0.06499507376087227, 0.5578975279055458, 0.20092491736945206, 0.13530008094203078], [0.0826255141457902, -0.5512749795781007, -0.6282502838125297, 0.41995299987052437, -0.016980141758469548, 0.20190634236655228, -0.0011725921663332875, 0.6575020080701239, -0.603884743651548, -0.2114843367093394, 0.6242607266709422, -0.13036391677050077], [-0.4989428724182902, -0.5277292220767323, -0.049781608591394765, 0.26831754449759293, -0.5830482586654153, 0.21536679083989532, 0.5908664834105669, 0.3494589298744213, 0.32451001040715144, 0.4049350868502087, -0.3213010260478051, -0.10111294671178084]], "inverted": true, "swapped": false, "error_lsq": 0.0542634794608688, "error_max": 0.32416214861066767, "target": "800.xyz", "model": "12.xyz", "model_rescale": 3.9764082729961374, "target_rescale": 3.995199179480571},
{"mapping": [8, 7, 4, 14, 3, 1, 12, 13, 0, 6, 11, 15], "R": [[0.367566617230635, 0.8987353361237354, 0.23910160497199529], [-0.03363026059503815, -0.24408609894391872, 0.9691702543282316], [0.9293889322936537, -0.36427568118788234, -0.0594931981420278]], "T": [0.06825148286496568, -0.06996043480333526, 0.12748112291981323], "aligned_model": [[-0.18447026665608512, 0.18521475920612102, 0.5291620015115899, 0.6884617068208332, 0.44180380860015683, -0.5623960389434721, -0.29427460149293616, 0.25201047786334696, -0.10464091514046298, 0.7415200800279798, 0.1538449770323667, 0.15604313184259672], [0.1693267952420729, -0.5883105563868974, -0.620720995844179, 0.4132363034375184, 0.09047231401026133, -0.01006830958620257, 0.2096652895370461, 0.4206283764524194, -0.7724771035177806, 0.0027795639479497453, 0.6276862833180724, -0.09938136393316925], [-0.48776368648922525, -0.4097957538996148, 0.11809922641096925, -0.0162833714071296, -0.6095151052656194, 0.08254544850797438, 0.572000894578524, 0.4437654826576119, 0.06676471333762835, 0.48114352458988285, -0.24198810340364468, 0.07256564175106076]], "inverted": false, "swapped": false, "error_lsq": 0.04601842611003528, "error_max": 0.2329149026143011, "target": "800.xyz", "model": "13.xyz", "model_rescale": 4.170626492500431, "target_rescale": 3.995199179480571},
{"mapping": [3, 6, 5, 4, 2, 9, 10, 8, 11, 12, 0, 13], "R": [[-0.23398770248518885, -0.8449621830193543, 0.4809248011413741], [-0.7515828650622489, 0.4709902550607703, 0.4618347936033103], [-0.616743830151972, -0.2533911776383662, -0.7452650260575213]], "T": [0.10642780905257788, 0.13306542104268917, -0.03841335639231073], "aligned_model": [[-0.24744026986363205, 0.36830061997052765, 0.5149162157187965, 0.803304497612376, 0.39544227079137045, -0.6394152742670556, -0.0952318592306579, 0.43358407057821385, -0.15828326478072086, 0.46931805456489906, 0.04681596550431301, 0.11096809407360446], [-0.15143507672146025, -0.5590750118764527, -0.6518176491403253, 0.25729224787568306, 0.2817677552134231, -0.06421147644997632, 0.12346317395773773, 0.530832877589053, -0.5146138403064049, -0.12193367341274455, 0.6810737977210735, 0.03149347222750491], [-0.5573646584679349, -0.43823021327871337, 0.1720993893396438, 0.00623759018171146, -0.6105063767608132, 0.208783648532525, 0.4884352746333798, 0.4966624549299073, 0.06208178249241061, 0.5438170556655696, -0.26643014026354633, -0.0340468956357212]], "inverted": true, "swapped": false, "error_lsq": 0.05141554198559486, "error_max": 0.29278760042677404, "target": "800.xyz", "model": "14.xyz", "model_rescale": 3.9786697098870705, "target_rescale": 3.995199179480571},
{"mapping": [4, 10, 6, 0, 1, 5, 8, 3, 7, 9, 2, 11], "R": [[-0.5379945497038299, -0.8295103442926108, -0.1499148198162136], [0.5935091546811959, -0.24646578398862798, -0.7661602316960097], [0.5985889639799464, -0.5011658468355813, 0.6249192317147786]], "T": [0.18529315324526394, -0.05841184763014786, 0.00017133456503109958], "aligned_model": [[-0.09789963198676285, -0.02682068608584276, 0.699048850582061, 0.6143233554934016, 0.6075750949189386, -0.6137440282273585, -0.14576907112597562, 0.3800913834423164, -0.09986023942160063, 0.5628514697723104, -0.14241291406309234, 0.2648955373736399], [0.15798930775089845, -0.5629328152680171, -0.6361715202581647, 0.4627885224125545, -0.2933755397059734, 0.014938195157270413, 0.11539367574552181, 0.5994540685636732, -0.6359982127398036, -0.018599172570681576, 0.7454154472720547, -0.1060653596822217], [-0.4977112986261889, -0.6265561188585862, 0.17223101881054015, -0.16742593839910655, -0.4764229547783788, 0.028788489862488977, 0.3640635846342943, 0.6120661932827832, 0.14835209877108033, 0.4934044808306653, -0.01765644394300303, 0.038405799781829106]], "inverted": false, "swapped": false, "error_lsq": 0.05895017330570235, "error_max": 0.34979570517369096, "target": "800.xyz", "model": "15.xyz", "model_rescale": 3.769337070930944, "target_rescale": 3.995199179480571},
{"mapping": [0, 10, 8, 6, 1, 4, 2, 3, 9, 7, 11], "R": [[-0.8090585808933037, 0.4821138105450225, 0.33614057530246466], [0.2339172010591732, 0.788824537107386, -0.5683648411944222], [-0.5391724730840365, -0.38121138930923437, -0.750979973720583]], "T": [-0.2198648240530711, 0.09329504228253441, -0.14261505411318537], "aligned_model": [[-0.21321334970364017, -0.4420730748564874, 0.009310018773569823, -0.5236170086396965, 0.34443937943611946, 0.3814128558873382, 0.6138204891155417, 0.17487608199645824, 0.11904983508126873, -0.46426643025517195, -0.0771126661441291], [-0.1419495198057208, -0.6045691916954516, 0.7574088451933768, 0.37079299101914664, 0.1855835963378137, -0.37440564450427216, 0.5278448586448594, -0.3671634952238888, 0.31956338913859406, -0.20828245584679336, 0.13124112436767812], [-0.6684236360410298, -0.007213777024225598, -0.33904409319803097, 0.20480042299334306, -0.6132428532661219, -0.22447096458593357, -0.045941639850095736, 0.3642970874814207, 0.5446632983845654, 0.6111345472859633, -0.08234078495607777]], "inverted": true, "swapped": true, "error_lsq": 0.0544197182133475, "error_max": 0.3134073404959148, "target": "800.xyz", "model": "16.xyz", "model_rescale": 3.7852294659196426, "target_rescale": 3.995199179480571},
{"mapping": [0, 9, 11, 2, 8, 4, 5, 1, 10, 7, 3, 12], "R": [[-0.6873775554093251, 0.12988641648036187, -0.7145919221019716], [0.23205387838595531, 0.9715851744163002, -0.04661809069968251], [0.6882318605277851, -0.19786805621003495, -0.6979864887561404]], "T": [0.1792475144222214, 0.0021759828117166088, 0.029774445833148075], "aligned_model": [[-0.2871360159773033, 0.12545534916171733, 0.765261494010179, 0.6985287168720075, 0.49467503297607585, -0.5068382418446149, -0.13034570945726634, 0.14155435698892324, -0.19663337001392137, 0.5631550300048446, 0.1556757119087196, 0.17892676604267382], [0.08176295440562827, -0.5919511482227197, -0.43836304663747805, 0.31469862610619426, -0.08297985267238395, 0.09747023677648514, 0.06605074536907404, 0.585918588015551, -0.7070878595812764, -0.09919060490562433, 0.7025193856998802, -0.08601142767621912], [-0.4620583227613274, -0.5958301742242951, 0.00867815012228855, 0.1120158663024342, -0.5336613317621623, 0.17807153042571777, 0.6062127001124155, 0.3931997490243519, 0.0998703648910411, 0.6075000204359535, -0.3463357232926655, 0.0038760820946655977]], "inverted": true, "swapped": false, "error_lsq": 0.045703639992783374, "error_max": 0.3053692522277709, "target": "800.xyz", "model": "17.xyz", "model_rescale": 3.901054581598922, "target_rescale": 3.995199179480571},
{"mapping": [0, 1, 4, 11, 6, 2, 5, 9, 8, 10, 12, 14], "R": [[0.4693188512722999, -0.5508770490889102, 0.6901262874485679], [0.5586796509659667, 0.7904753167432725, 0.25104943978461425], [-0.6838251702277378, 0.26773727870193464, 0.6787487651232141]], "T": [0.10687121920717646, 0.020836248499707784, -0.019830099585105725], "aligned_model": [[-0.3731364307635064, 0.1820123302540646, 0.4812543343733016, 0.7420049605930906, 0.7191812726729182, -0.7024173096335725, -0.1418965751647226, 0.2533304946040692, -0.1479913547966235, 0.7330008703496841, 0.13535235374052593, 0.12158417444280552], [-0.12255461398493123, -0.4233975556830427, -0.6627304577139902, 0.5017487359072214, -0.00803133881903961, -0.05043891243863529, 0.020282656285495304, 0.42660711235002924, -0.5438306342930589, -0.09454153285842223, 0.7264541109313944, 0.07326902699409119], [-0.5895109181361773, -0.5515214481020785, 0.1148837124182368, -0.06520959864938247, -0.45338379418049907, 0.1341505177279111, 0.553057607574527, 0.4782555436878909, 0.21810819491397287, 0.49699034859578617, -0.25062732935669874, -0.013653925125070531]], "inverted": false, "swapped": false, "error_lsq": 0.04654258442622446, "error_max": 0.21799842803072692, "target": "800.xyz", "model": "18.xyz", "model_rescale": 3.9405287249114394, "target_rescale": 3.995199179480571},
{"mapping": [0, 6, 2, 3, 1, 7, 11, 14, 5, 10, 12, 15], "R": [[-0.5643424079482446, 0.8122318738912152, -0.14763817130519596], [0.4967791959504714, 0.19129142452324388, -0.8465329416949299], [-0.659339121440538, -0.551078010756221, -0.5114537603723198]], "T": [-0.015977450579234886, 0.10526176767295996, -0.013740086654510035], "aligned_model": [[-0.1317207396688141, 0.1404135008775475, 0.5388652801135538, 0.7726665227748222, 0.44256759913386956, -0.7185467200468498, -0.0004141601025235281, 0.32144006572462447, -0.09068974829386589, 0.5944129891950933, 0.12108092772195522, 0.012203603242622117], [-0.030880162381436052, -0.5138506589424299, -0.5582491951822599, 0.4200593003136412, 0.021518062395430956, 0.060505289477274335, -0.06187971876762825, 0.5600715483860165, -0.7014904274072883, -0.044255685355172755, 0.611003461825172, 0.08028478231579092], [-0.6776249591043507, -0.40171576772880885, 0.07127773136827592, -0.07985961183149312, -0.48090478265521996, -0.018079234105757284, 0.6869986017306715, 0.5144989171451544, 0.1728922017156141, 0.45845910777365556, -0.1736757047728363, -0.0007275881664869661]], "inverted": true, "swapped": false, "error_lsq": 0.04194942759695689, "error_max": 0.24002161321816462, "target": "800.xyz", "model": "19.xyz", "model_rescale": 4.410303926677745, "target_rescale": 3.995199179480571},
{"mapping": [8, 9, 11, 2, 12, 5, 3, 0, 10, 6, 1, 13], "R": [[0.4052212199972255, 0.8694630642321439, -0.28254157711744166], [0.3257637410120928, -0.42609016115079207, -0.8439935779449381], [-0.8542094285980263, 0.24996230617143667, -0.4559003154064392]], "T": [0.25751353050140025, 0.0585183087400216, 0.020357900818343502], "aligned_model": [[-0.23953232262742796, 0.1422613763993431, 0.6472273392889977, 0.7156335834608267, 0.6247328241449752, -0.5717075892113052, -0.03702196852532985, 0.2795944667578347, -0.2531732472992406, 0.5261064800030703, -0.0323383316083341, 0.20049650988862427], [-0.03823231113227162, -0.4655470491403191, -0.6728414847150752, 0.5366420260722992, -0.16709398996028896, -0.04487593290444896, 0.10427026307858911, 0.5839490960243935, -0.5813044927405805, -0.15569839708639605, 0.7149828841762995, 0.02858598500491041], [-0.55812487234698, -0.4108371460377173, 0.0395757116005863, 0.008848958429545264, -0.6000645506932417, 0.04815517380604141, 0.6815071231499469, 0.506767494217269, 0.09078382425811639, 0.4877708377396594, -0.199096081604354, -0.02374756115045317]], "inverted": false, "swapped": false, "error_lsq": 0.044203163862714064, "error_max": 0.23773743538816136, "target": "800.xyz", "model": "20.xyz", "model_rescale": 4.121658175737393, "target_rescale": 3.995199179480571},
{"mapping": [8, 1, 0, 7, 5, 10, 4, 11, 2, 3, 9, 12], "R": [[0.29410922774708814, -0.9348339715664926, 0.19896031704646538], [0.022813436604410986, -0.20124152312336951, -0.9792759552247178], [0.9554995077258326, 0.2925530635221668, -0.037860213410480015]], "T": [0.0576828491916203, -0.009854742063673766, -0.0750643310065366], "aligned_model": [[-0.05697743127138226, 0.13878752454802368, 0.8848345649553293, 0.6219336345461237, 0.5456929509313965, -0.6343452635192657, -0.0899934758624847, 0.20440879690824093, -0.23276210466389646, 0.5607164010880186, -0.10271888329171099, 0.162702406303642], [0.1466178000087887, -0.6823674457383966, -0.5602823115787706, 0.34388907089036636, -0.053025929070027296, 0.26191608037958125, -0.04758195240685647, 0.6004947378304293, -0.5887962035095712, -0.24036978408415688, 0.6812654169486027, -0.01892288299287792], [-0.7201011255601636, -0.22843825651178556, -0.07142285801437756, 0.07759354046017534, -0.5482301784629441, 0.16139021632406458, 0.4780179074943514, 0.5417938470219598, 0.3207641005239354, 0.34500800088020916, -0.21394228175406765, -0.07089400103293884]], "inverted": false, "swapped": false, "error_lsq": 0.06062387863174091, "error_max": 0.31871079275322206, "target": "800.xyz", "model": "21.xyz", "model_rescale": 4.08911054899281, "target_rescale": 3.995199179480571},
{"mapping": [2, 14, 9, 11, 15, 0, 6, 8, 12, 5, 1, 16], "R": [[0.274961891651221, -0.7970240980899261, -0.5377253436500107], [0.9576433765899479, 0.27678569693753174, 0.0794282144090382], [0.08552848305088506, -0.5367888458553742, 0.8393703673303399]], "T": [0.06017769365046327, -0.11095782271090122, 0.012259793349037477], "aligned_model": [[-0.1180189600370676, 0.251859603559233, 0.5973432238776579, 0.6633317510260235, 0.47634132623087483, -0.619419288391265, -0.1878936800503787, 0.2676609112305718, 0.02794944218565077, 0.6023088731403281, 0.028080434219680532, 0.012735483680726023], [0.16275230091174014, -0.5697710566982769, -0.5602839873466121, 0.35775501966839707, 0.04247327000555161, 0.2236928213952799, 0.1673365230720641, 0.45111109659822507, -0.8446976746755583, -0.12617759319441507, 0.6534617786811017, -0.11481590174038621], [-0.6316210575964595, -0.39341377946392697, 0.14305276897088615, -0.03679614124165038, -0.566336567337309, 0.17423598474261026, 0.6576875423703955, 0.36124584239591456, 0.08680290490529721, 0.4634706052313824, -0.19900028383253443, 0.01221109222381207]], "inverted": true, "swapped": false, "error_lsq": 0.043941739479285896, "error_max": 0.23217385792864104, "target": "800.xyz", "model": "22.xyz", "model_rescale": 4.204369325754507, "target_rescale": 3.995199179480571},
{"mapping": [0, 6, 2, 3, 1, 7, 11, 14, 5, 10, 12, 15], "R": [[-0.5643424079482446, 0.8122318738912152, -0.14763817130519596], [0.4967791959504714, 0.19129142452324388, -0.8465329416949299], [-0.659339121440538, -0.551078010756221, -0.5114537603723198]], "T": [-0.015977450579234886, 0.10526176767295996, -0.013740086654510035], "aligned_model": [[-0.1317207396688141, 0.1404135008775475, 0.5388652801135538, 0.7726665227748222, 0.44256759913386956, -0.7185467200468498, -0.0004141601025235281, 0.32144006572462447, -0.09068974829386589, 0.5944129891950933, 0.12108092772195522, 0.012203603242622117], [-0.030880162381436052, -0.5138506589424299, -0.5582491951822599, 0.4200593003136412, 0.021518062395430956, 0.060505289477274335, -0.06187971876762825, 0.5600715483860165, -0.7014904274072883, -0.044255685355172755, 0.611003461825172, 0.08028478231579092], [-0.6776249591043507, -0.40171576772880885, 0.07127773136827592, -0.07985961183149312, -0.48090478265521996, -0.018079234105757284, 0.6869986017306715, 0.5144989171451544, 0.1728922017156141, 0.45845910777365556, -0.1736757047728363, -0.0007275881664869661]], "inverted": true, "swapped": false, "error_lsq": 0.04194942759695689, "error_max": 0.24002161321816462, "target": "800.xyz", "model": "23.xyz", "model_rescale": 4.410303926677745, "target_rescale": 3.995199179480571},
{"mapping": [1, 7, 13, 9, 11, 3, 4, 8, 12, 15, 10, 16], "R": [[-0.2864645558971471, -0.49058194239094954, -0.8229625848205823], [-0.4459891648916139, 0.8285025170317311, -0.3386402871357267], [0.8479573827816652, 0.27002395647795707, -0.45613083639900875]], "T": [0.23711535103020076, -0.11446372464472039, 0.0436275011342568], "aligned_model": [[-0.26463401630498895, 0.09569683648115401, 0.5825139110946334, 0.6407631047238729, 0.5219376359762697, -0.6130005015207362, -0.17029930505074609, 0.23363355401042818, 0.01799316064483636, 0.7231742751880862, 0.11134130347092491, 0.1231591619583004], [0.030594856004305213, -0.5090859661122547, -0.7104791648767081, 0.36350582118646707, 0.08492088048417039, 0.1776222637295145, 0.23051694925969712, 0.5936361871054736, -0.8521849332507453, 0.01310920363224509, 0.5067394344870345, -0.08605893497208851], [-0.6372109012265124, -0.4723230652615736, -0.09655828109640878, 0.07577696185081124, -0.48537489190991406, 0.008416746085528906, 0.4782376777685001, 0.4611069129899011, 0.27585307861719444, 0.5503681261605801, -0.10493719965600325, 0.018183747046313953]], "inverted": true, "swapped": false, "error_lsq": 0.041420135448706694, "error_max": 0.23941064377982083, "target": "800.xyz", "model": "24.xyz", "model_rescale": 4.28219845311461, "target_rescale": 3.995199179480571},
{"mapping": [0, 8, 5, 3, 1, 2, 13, 7, 10, 9, 4, 15], "R": [[-0.14303827609807573, -0.9897131837570077, 0.002804544251394092], [0.7810507620764209, -0.11462083018815215, -0.6138581044075422], [0.6078649180786245, -0.08561471359845901, 0.7894114023655352]], "T": [0.0840406906118217, -0.07728223516164127, 0.12139191888757231], "aligned_model": [[-0.26399824673451744, 0.21448224469821772, 0.75775385243804, 0.6967941693348095, 0.44562161245364396, -0.5698236676493603, -0.1935405279094757, 0.3225781706927482, -0.11754096358791824, 0.605757082782954, 0.052534515530992504, 0.05166087862190044], [0.16884399589609145, -0.5867051881581056, -0.5688618657047171, 0.3341773920036331, -0.05934642725016316, 0.10645830031632082, 0.22529430628770292, 0.5641092235998172, -0.8397291545724211, -0.043283573592783134, 0.5915318410775977, -0.049652253225861524], [-0.5741977220013305, -0.3318401550620895, -0.05106307040352992, -0.11372399802515956, -0.406637382005145, 0.034900063745694404, 0.5507083064455008, 0.4918819632541045, 0.03338992687042411, 0.5497956782435484, -0.17245100748932993, 0.06077630779573012]], "inverted": false, "swapped": false, "error_lsq": 0.04486227118790271, "error_max": 0.21242680094327596, "target": "800.xyz", "model": "25.xyz", "model_rescale": 4.100010024507729, "target_rescale": 3.995199179480571},
{"mapping": [7, 3, 1, 6, 2, 9, 10, 4, 8, 0, 5, 11], "R": [[-0.27430164979228105, -0.5017750490523477, 0.82035382919186], [-0.21199858847635653, 0.8636397630280668, 0.4573652350155809], [-0.9379846498772066, -0.04845781531744016, -0.3432734139565655]], "T": [0.2216183335822617, -0.04664337891543396, -0.013419309762671135], "aligned_model": [[-0.28942382289944457, 0.06586084056223526, 0.6819939819736425, 0.6894875648839763, 0.6635932722167005, -0.5400476207892599, -0.1246510732842703, 0.1640644978361364, -0.06795641307681308, 0.5516903730822884, 0.06338313334927936, 0.14428438681756367], [0.0050111677067998725, -0.6064737602525504, -0.5738478987634613, 0.4020448105458236, -0.0744964442416392, 0.19515796162082805, -0.155356369465238, 0.7145377824398851, -0.5816365969647463, -0.1726789325971452, 0.6481820211300301, 0.0423928555185254], [-0.4546946986154041, -0.5794592146738009, 0.08278989134734988, 0.0026874956964450837, -0.6064114233322327, 0.1883428963243265, 0.518822501906152, 0.4145180405830565, 0.06896122005710947, 0.656660509275546, -0.25083341039786744, 0.030155103197738165]], "inverted": false, "swapped": false, "error_lsq": 0.043188839551472104, "error_max": 0.21535338985637975, "target": "800.xyz", "model": "26.xyz", "model_rescale": 3.6694154284099745, "target_rescale": 3.995199179480571},
{"mapping": [7, 3, 12, 10, 9, 5, 0, 4, 6, 2, 8, 13], "R": [[0.09350920744479965, -0.14006675731972865, 0.9857166588918856], [-0.6216769086976913, 0.7651120000345604, 0.16769450973480754], [-0.7776720705510313, -0.6284782660498701, -0.015531251972101416]], "T": [0.1652321347552695, 0.00575803018803628, -0.0011569172093966549], "aligned_model": [[-0.22443578793011537, 0.07603431690332701, 0.6435012154640072, 0.6213298789973756, 0.5471046051553659, -0.5938664996097041, -0.15389090044396952, 0.23195727497036847, 0.07702118586855852, 0.4689208676434683, 0.11923036885600513, 0.18937259479734758], [-0.06002109153153319, -0.5696188932813496, -0.6230490974641554, 0.3955521284658041, 0.00935678564202576, 0.21386923830848303, 0.0637540032738644, 0.6572131302218864, -0.6414681847807355, -0.18108853077946838, 0.5871447326054846, -0.008807624003194693], [-0.4910145923501488, -0.5613500674378683, -0.07594392149001102, 0.042730763724108015, -0.5659790137850024, 0.07907704119370361, 0.5748034101085487, 0.49551659566610207, 0.20981105893412783, 0.5776272933342737, -0.26236666476174986, 0.04862700823233459]], "inverted": false, "swapped": false, "error_lsq": 0.03424598433527213, "error_max": 0.1766278918046233, "target": "800.xyz", "model": "27.xyz", "model_rescale": 4.103607728864725, "target_rescale": 3.995199179480571},
{"mapping": [1, 5, 9, 3, 0, 8, 13, 12, 6, 10, 2, 14], "R": [[-0.7637684884022186, -0.5579346301464547, -0.3246022868174667], [0.6038210192265063, -0.43980012420874, -0.6648127762657999], [0.22816194438173398, -0.7037647328683897, 0.6727981331028133]], "T": [0.11704964565001422, -0.08250559510252559, 0.16285240032835224], "aligned_model": [[-0.14119563455838782, 0.08506409892140834, 0.6834110596880307, 0.6992308284142594, 0.42251992908260805, -0.6931616871737319, -0.2588108354722577, 0.35845980090626495, 0.10145044984349047, 0.49708854635783417, 0.13808549854510355, 0.1101370661174125], [0.12330349952677797, -0.5940653826035953, -0.6237377035134628, 0.3475631460204745, 0.027747604383866864, -0.017693560030202532, 0.26424430038417807, 0.6797552197314554, -0.7127364716420044, -0.23105576064238154, 0.5952166592814221, -0.015704954219416728], [-0.6701018744627789, -0.3590900476428791, -0.07469018441573347, -0.03623753138822508, -0.47293363201607685, 0.054977597522634425, 0.5608045854765126, 0.4758591162826978, 0.22476338641595645, 0.46826778725675405, -0.12275352579678489, 0.022673234136341258]], "inverted": false, "swapped": false, "error_lsq": 0.04740954942270864, "error_max": 0.2483515767014846, "target": "800.xyz", "model": "28.xyz", "model_rescale": 4.137296879288765, "target_rescale": 3.995199179480571},
{"mapping": [0, 1, 2, 9, 6, 8, 5, 4, 3, 10, 11], "R": [[-0.9554558406103874, -0.19597338627055366, -0.2206775215493207], [-0.2914833185419331, 0.5093450757277177, 0.8096944293026276], [-0.04627755022989552, 0.8379510878956946, -0.5437797004662289]], "T": [0.14740741653004474, 0.10519265509505192, 0.030515363156768723], "aligned_model": [[0.4812446693384467, 0.185282784516855, -0.319689782955673, -0.5195484726896007, 0.13859314822582575, 0.32511820531998864, 0.7649840492657953, -0.27230088874949254, -0.5905141879772687, 0.003070683393964574, 0.025178803021056836], [-0.26878655245385813, -0.6119500302881777, -0.4056639077534733, 0.3217902030111256, 0.593328032431076, -0.11013804903425951, 0.47111776204990474, -0.4599208147750822, 0.0764321835720569, 0.2716334340669966, 0.041305555821643095], [0.3143307113860623, -0.1503679194370477, -0.612956681104714, -0.352456422813319, -0.19667217390151753, -0.6434313577373562, 0.10965735064498737, 0.33295688733195566, 0.31237864179823066, 0.7419848819633953, -0.04966989634767821]], "inverted": false, "swapped": true, "error_lsq": 0.049129147708115765, "error_max": 0.25224769235969374, "target": "800.xyz", "model": "29.xyz", "model_rescale": 3.607286011436655, "target_rescale": 3.995199179480571},
