[{"mapping": [9, 4, 10, 7, 8, 0, 2, 3, 11, 12, 1, 13], "R": [[0.8732306353400894, -0.051629603231082455, 0.48456438331118046], [-0.4311994054257771, 0.3813665055865233, 0.8176959466557117], [-0.22701394288457236, -0.9229810249874724, 0.31075826175513804]], "T": [-0.08635414931893103, -0.04866763465199764, 0.043438457662027086], "aligned_model": [[-0.3224946945798325, 0.3219650000426644, 0.4120407332266752, -0.20908677861111813, 0.039503819646815444, -0.698166976922181, 0.38224164907832275, -0.24949687824576106, 0.6554287265504528, 0.204562770687772, -0.6275889263713451, -0.0712659820419163], [-0.32116152292957, -0.6635119788798192, -0.23082416491671043, 0.6574046268738768, 0.3170540251267096, -0.5157895548074224, -0.22443008881325102, -0.6875770891878465, 0.13416360389727416, 0.39127330646651626, 0.2503090969928797, -0.05335522384557984], [-0.5163456261771455, -0.03682456973975358, -0.6040001568333591, -0.12273302805674202, -0.6285717683504182, 0.14736674992177898, 0.4710143947298723, 0.6046558563859044, 0.03644417592098256, 0.5114032599010887, 0.304196375106297, 0.015346082545056872]], "inverted": false, "swapped": true, "error_lsq": 0.034230695761607734, "error_max": 0.1903363122533543, "target": "801.xyz", "model": "0.xyz", "model_rescale": 3.751011558992144, "target_rescale": 4.083621780590258},
{"mapping": [10, 11, 1, 4, 8, 6, 9, 12, 13, 5, 2, 0, 7, 14], "R": [[-0.5890771992701732, -0.10580673735012486, -0.8011198335026606], [-0.2221823362221544, 0.9743880421044516, 0.03468361103920947], [0.776931826334122, 0.19842600065307803, -0.5974981669377325]], "T": [0.057978122104135235, 0.003857971451007792, -0.0010012704375967764], "aligned_model": [[-0.4414523058896048, -0.7192769949450846, 0.36273439110625955, 0.16612405715090273, 0.5608452072079207, -0.32304021056079424, -0.38834449099111634, -0.35807041828030073, 0.03938028845954673, 0.153163012888204, 0.6996721923042065, 0.6125367562571927, -0.0390285184388985, 0.013401691415832723], [-0.23256354169103288, -0.09298318294074324, -0.5654063964104555, -0.6159982324317181, -0.10478761706923427, -0.5820886197186399, 0.39652146624693174, 0.347616877274571, 0.7298918409143963, 0.4069942542350604, 0.5237937188123276, -0.04240306911042345, -0.21045709530907486, 0.03180693659726641], [-0.6069120426198368, 0.15140365980927142, 0.2611956887801441, -0.4802263878414795, -0.42021372606622576, 0.27325657856594165, -0.2852566595312281, 0.5095949798308301, 0.004578987291780582, -0.46844861620511913, -0.04141959393078569, 0.5145849550494251, 0.6189469432443366, 0.01434830993815529]], "inverted": false, "swapped": false, "error_lsq": 0.0322579519141948, "error_max": 0.21774763100022315, "target": "801.xyz", "model": "1.xyz", "model_rescale": 3.9405287249114394, "target_rescale": 4.083621780590258},
{"mapping": [6, 8, 7, 4, 11, 1, 9, 10, 2, 5, 3, 0, 13], "R": [[-0.9661824103791613, -0.2555145635879048, 0.03469665212086719], [0.2577172485471684, -0.9523978142621293, 0.162850309149218], [-0.008565610030290431, 0.16628502994317118, 0.9860405261152342]], "T": [-0.07394561327128668, -0.06132382207457447, -0.033669468516715026], "aligned_model": [[-0.35854191737584157, 0.2144860982134334, -0.3417753609444922, 0.5093860170586312, 0.4693566884847784, -0.7397545513457984, 0.08944531495850905, 0.6965800719073243, 0.1692028857059766, -0.46145057886826835, -0.24614661637940433, -0.45785523260299066, -0.04694953952792623], [0.5159642538749712, 0.6044277271592503, 0.3676729052667996, -0.3453641093225884, -0.2547985294110828, 0.004648299325557423, 0.41674963549936045, 0.2645442479119559, -0.6592467495373339, -0.6062056294593718, -0.7105978863100723, -0.09518294449849367, -0.04377862692693486], [0.04725831482864511, -0.30711475948280703, -0.5679384397726898, 0.32722604712281433, -0.5347764064323677, -0.08527371876763395, 0.40006163541741213, -0.0044224268078690565, -0.16275325830946913, -0.12041578426059624, 0.5127514441202935, 0.6407086733702174, -0.03219097143730577]], "inverted": true, "swapped": true, "error_lsq": 0.04833018068726264, "error_max": 0.2560573148889712, "target": "801.xyz", "model": "2.xyz", "model_rescale": 3.932901565614263, "target_rescale": 4.083621780590258},
{"mapping": [4, 7, 3, 0, 1, 7, 5, 9, 12, 6, 10, 11, 8, 13], "R": [[-0.8127213022037467, -0.5265785938307131, 0.24939741270413224], [-0.554895268321372, 0.5689732031517802, -0.6069272899530518], [0.17769447413692688, -0.6316521816747505, -0.754612612700536]], "T": [0.1052754514272187, -0.06892480096393973, -0.013153371825164283], "aligned_model": [[-0.4418694869357075, -0.5563862987235839, 0.2333713549010024, 0.13420469223657744, 0.7119648814949482, -0.5563862987235839, -0.4186633803455, -0.3532354788317703, 0.028203071768872157, 0.1025066353102983, 0.5767349622588035, 0.7387391618634751, 0.048866597177325416, 0.09059424423311044], [-0.24719060502388146, -0.2862394297261207, -0.5179882018259303, -0.6079435048311519, -0.212481299112122, -0.2862394297261207, 0.3960428125985317, 0.28535634317457087, 0.6888712507193318, 0.4269004500536417, 0.46990300037006805, 0.06992519203239737, -0.23395909497185902, 0.04497985566787639], [-0.6704813904463606, 0.14407457690048286, 0.19329027569327406, -0.4101071034495335, -0.41326346691860005, 0.14407457690048286, -0.17468635469035476, 0.4385606274374108, 0.04102044571227216, -0.48309157498853944, -0.03630440759539026, 0.6009745508201723, 0.6998462414253835, -0.028473920485490002]], "inverted": true, "swapped": false, "error_lsq": 0.04881767927162957, "error_max": 0.4539272855805157, "target": "801.xyz", "model": "3.xyz", "model_rescale": 3.9243930471874484, "target_rescale": 4.083621780590258},
{"mapping": [0, 1, 3, 4, 2, 9, 10, 5, 12, 7, 11, 8, 13], "R": [[-0.4856585873721515, 0.8648666762138103, -0.12704868707138434], [0.43308242724087764, 0.11180770353862324, -0.8943928938920351], [-0.759325587430607, -0.48939214317793833, -0.4288589307323192]], "T": [-0.04069257359478255, -0.06019319090019462, -0.12686732024230163], "aligned_model": [[-0.0861693843411452, -0.2681784388117807, 0.5592245823308458, 0.3851305499531309, 0.595382764299251, -0.4545218401255389, -0.16808852398635932, 0.3911388791445622, 0.26248813117302183, -0.53406143405183, 0.2679951924571165, -0.6220473796207463, -0.05108721210917522], [-0.456614844333709, 0.2935599630989697, -0.36039632132114197, -0.6120384717905164, 0.019514582681172704, -0.5815371931554736, -0.49968386640275375, 0.2768293734004983, 0.5670592283955846, 0.47077954479254147, 0.1417482866935049, -0.05454497155320065, -0.07684575682388925], [-0.7932760886532384, -0.6497686002445784, -0.6743737551259052, 0.12875291045745363, 0.022633448590119648, -0.10899929686332566, 0.5741130204061109, -0.5199558513057134, -0.01820451659191008, -0.0008934303384577069, 0.5421988344963378, 0.38614826604869557, -0.10130462550462495]], "inverted": true, "swapped": true, "error_lsq": 0.042564313814201005, "error_max": 0.24556823945324102, "target": "801.xyz", "model": "4.xyz", "model_rescale": 3.8936222436046832, "target_rescale": 4.083621780590258},
{"mapping": [1, 7, 12, 5, 11, 10, 9, 4, 3, 0, 2, 13], "R": [[0.2924722961788795, 0.8130753969593606, 0.5033570848088186], [-0.8358254842568976, 0.4730902416996907, -0.27853434810674765], [-0.46460275056716627, -0.33925509880900323, 0.8179549266906564]], "T": [-0.14571820282778652, -0.12306763331206276, -0.018509575670910522], "aligned_model": [[0.09595557036100302, -0.6198409853785549, -0.2317166312235189, 0.3191604821047887, -0.5984607178122718, -0.6927475080572938, -0.24513485986393851, -0.019284916149841208, 0.6800420089447308, 0.480915231229423, 0.02703998268156743, -0.16837961462099654], [-0.611014249453705, -0.5086729479160216, 0.15395094355243988, 0.018559476154278318, 0.4769998073849879, 0.16126507798528772, -0.43441725107245427, 0.4057603844527759, 0.11902732161703806, -0.48623007806776125, 0.4912450279031206, -0.11755060743017906], [-0.41070690943864097, -0.42805862996199084, -0.6611889051490757, -0.4858539624307677, -0.15511593877454619, 0.5477669190839516, 0.5616207895131765, 0.487015696277723, 0.07790575080091558, 0.2621369854737732, -0.17997229006041712, 0.0037352139414171676]], "inverted": true, "swapped": true, "error_lsq": 0.04604901626219466, "error_max": 0.2738041535537761, "target": "801.xyz", "model": "5.xyz", "model_rescale": 3.6523030999806103, "target_rescale": 4.083621780590258},
{"mapping": [3, 2, 4, 0, 9, 5, 11, 1, 12, 7, 8, 6, 13], "R": [[-0.23983887622901778, 0.29816297494037397, -0.9238918518007982], [0.7660117270388742, 0.6427692824274496, 0.008583915576425072], [0.5964087084274704, -0.7056532363295784, -0.38255739774505604]], "T": [0.08453615015051003, 0.008892996076745076, 0.019965280351496955], "aligned_model": [[0.2531797996874156, -0.3531302202794454, 0.18169035007546205, 0.6946758017302317, 0.6743282808301867, -0.21254852452081013, -0.5091953743799442, 0.15514613201403943, -0.5856051836568521, -0.12863609606165394, 0.14430066847007875, 0.4756976619902549, 0.09117960876533125], [-0.47461115729734177, -0.00440434101559635, 0.37958063602394404, -0.4255376677056255, 0.30703853377025575, -0.5572248151054797, 0.4746019288270135, -0.560144982139503, -0.19709391673915846, 0.0022133117225714375, 0.5745903732810427, -0.018571329607891398, 0.040390330148952415], [0.7182265945228218, 0.5114599126199626, 0.6558520501142702, 0.22567993266724334, -0.06144711260057405, 0.23405060356180332, 0.13961511710414917, -0.3286417638611797, -0.055212685998607805, -0.6841137455518522, -0.5069170446727747, -0.4967979802723865, 0.018355861848913163]], "inverted": false, "swapped": true, "error_lsq": 0.049839944325667025, "error_max": 0.27424233087765293, "target": "801.xyz", "model": "6.xyz", "model_rescale": 4.08911054899281, "target_rescale": 4.083621780590258},
{"mapping": [9, 1, 6, 3, 4, 0, 11, 13, 12, 10, 5, 7, 2, 14], "R": [[-0.23424861020567744, 0.7698662867209215, -0.5936610895007763], [0.15341819971801285, 0.632273518687378, 0.7594030903031447], [0.9599950232225127, 0.08681070289556492, -0.2662206927546869]], "T": [0.04345653293387211, 0.05315523581458244, -0.05330861181045028], "aligned_model": [[-0.5162084296686273, -0.6178630824215855, 0.2463012660688219, 0.1685669962074112, 0.6180809015243774, -0.19870775938423016, -0.3644447549442932, -0.24866811512682327, 0.08781337217579913, 0.165179986301041, 0.7327001527858975, 0.48203540943874446, -0.11541066599231903, -0.10073061927994742], [-0.25838692744886055, -0.1654325553126531, -0.3534848553477721, -0.6661873917628242, -0.15801268256982542, -0.8385246513821024, 0.4359835307035133, 0.4491863635750764, 0.7512267379236671, 0.5769281494085627, 0.3777180361452624, 0.1007834776295193, -0.2850975593618236, 0.02323766719949219], [-0.5052753340943675, 0.17652133134670434, 0.15318791831138606, -0.3588327391642265, -0.40268582195646707, 0.12253113738997633, -0.2310446490593005, 0.48864808220835204, 0.08355104903535703, -0.5330171007781013, -0.06347968442409808, 0.5828274461227505, 0.6611742801834369, -0.1286728388061923]], "inverted": false, "swapped": false, "error_lsq": 0.04274893768514131, "error_max": 0.24650925237880086, "target": "801.xyz", "model": "7.xyz", "model_rescale": 3.964800864290218, "target_rescale": 4.083621780590258},
{"mapping": [1, 7, 6, 0, 3, 2, 8, 12, 9, 5, 10, 11, 4, 13], "R": [[-0.9193842411487356, 0.33936551038872553, 0.198906177596281], [0.08825189062641484, -0.31481452767503443, 0.9450414895472095], [0.38333304179032984, 0.8864100989515773, 0.25948586772390586]], "T": [0.032898148755864165, -0.06850410034398541, -0.008929444921231657], "aligned_model": [[-0.5011571263194832, -0.6738403840745557, 0.492432044321632, 0.08754748158823869, 0.5596364515924751, -0.3299190668776755, -0.2923675807622603, -0.36174024528209603, 0.032908431121139003, 0.22869743515698085, 0.5476245689473069, 0.4433544770779955, 0.08100957741333348, 0.02445859378123591], [-0.2104450675521117, 0.011013689442399333, -0.3415683573531052, -0.6976676462871694, -0.335532514616344, -0.5965847056344864, 0.5822668561779407, 0.2521600895312479, 0.5745453895603592, 0.3995961834098856, 0.5542930567849864, 0.18766949512675996, -0.39489391585448125, 0.005084786663350355], [-0.5166277964692857, 0.023485555956550178, 0.216393287062796, -0.34705080686087403, -0.4298870223544015, 0.15871085485789527, -0.2574388989785376, 0.5497385714994055, 0.2367208760975883, -0.6734710062721676, -0.1583095856234169, 0.6641485713722629, 0.6125593914848649, -0.03353891545747005]], "inverted": false, "swapped": false, "error_lsq": 0.04784121437513594, "error_max": 0.2517340697564208, "target": "801.xyz", "model": "8.xyz", "model_rescale": 4.121658175737393, "target_rescale": 4.083621780590258},
{"mapping": [9, 1, 7, 8, 0, 4, 5, 2, 12, 3, 10, 11, 13], "R": [[0.03607220687373369, 0.15595149933882646, -0.9871058331026267], [-0.5756824457319212, -0.8041522003819854, -0.14808430131828476], [-0.8168772965184993, 0.5736012277486712, 0.06077099602478864]], "T": [-0.05971755796569272, -0.022937803139347717, -0.11231760949686623], "aligned_model": [[-0.6319805521309317, 0.04193703413684593, 0.3470993609047941, -0.031710570415433924, -0.6468438250954023, -0.3800860219114521, 0.22816533887264384, 0.21549069849168845, 0.6231283810575754, -0.36403056635653175, -0.2691379687126465, 0.41402937120062167, -0.06932318360657375], [0.2651700284469956, -0.4733262333149958, 0.17581949999136565, 0.6654717981198673, -0.5187981351984255, 0.15065755266692554, -0.6155955042841781, -0.15831511770196108, -0.17586697467714135, -0.688650495057369, 0.7453334109842176, 0.4109966502079142, 0.007490959228494805], [-0.2936527678971572, -0.5992811269540613, -0.6921536453105686, -0.46798337140158097, -0.22511916878660848, 0.5345432323258122, 0.03072606445647874, 0.47011611446432056, -0.025681391866653525, 0.3502902314124329, 0.14586382499661762, 0.30118299993834086, -0.10777556141828387]], "inverted": true, "swapped": true, "error_lsq": 0.04628252719330861, "error_max": 0.29370032715276223, "target": "801.xyz", "model": "9.xyz", "model_rescale": 3.833441315466971, "target_rescale": 4.083621780590258},
{"mapping": [12, 10, 5, 1, 4, 0, 11, 8, 9, 7, 3, 2, 13, 14], "R": [[0.9451794392817442, -0.18646401925419648, 0.2680802064357211], [-0.0897273654251814, -0.9376411675046584, -0.3358244197409674], [0.3139822088158884, 0.29336020610176855, -0.9029700781438021]], "T": [-0.0015582757031083472, -0.04846012999008949, -0.11749446512018259], "aligned_model": [[-0.3624872782402366, -0.7648039200809229, 0.43299706671444227, -0.02365282447843149, 0.735021281722483, -0.25679461228028244, -0.47661896634871154, -0.3853975647968511, 0.1856020152746767, 0.04938765725077232, 0.7012723058705943, 0.3931120572287378, 0.06292955411690793, 0.04807788573108819], [-0.25449608743964264, -0.0491533967037618, -0.4669493023995049, -0.7569650729821684, -0.16393853903577027, -0.6106210771865997, 0.37956787943959813, 0.46450096401205093, 0.6268595751848547, 0.563107404263542, 0.4613094943935047, 0.11984320175751988, -0.3501098425990085, 0.026982138694617394], [-0.5537277704467847, 0.1878082522595167, 0.18822381764919766, -0.3251998082965949, -0.40038644577222815, 0.1699989150496093, -0.35507906982038734, 0.3264623780131086, 0.2909470212842378, -0.37692391553822624, -0.09545011418366525, 0.4591853175614671, 0.6177166012428832, -0.08814210268692345]], "inverted": true, "swapped": false, "error_lsq": 0.03794309012957583, "error_max": 0.21557334012434176, "target": "801.xyz", "model": "10.xyz", "model_rescale": 4.2482417240324, "target_rescale": 4.083621780590258},
{"mapping": [10, 4, 3, 0, 11, 12, 2, 1, 9, 7, 8, 13], "R": [[0.808413261219369, 0.4820982931198895, 0.33771176298073174], [0.3641893698832162, 0.04106621551316557, -0.9304190823534804], [-0.4624219955286845, 0.8751541588282123, -0.14237660038417094]], "T": [0.06268256763298816, 0.08451679874754857, -0.06541903559003295], "aligned_model": [[-0.6769699160531205, -0.2557365622015647, 0.5654911185711853, 0.685925847005875, -0.5879212175552949, 0.012933225258579012, -0.08969630318543245, 0.6230622051161872, -0.0005640564277965554, 0.0006884948282382397, -0.4361997987934342, 0.035752565799585925], [-0.2778289773811886, -0.44796511115176063, -0.28396905004132195, -0.3768910569269719, 0.34669852761385467, 0.7124117824056554, 0.16436770984554575, 0.3880451374419743, -0.42253914662586656, 0.6368735597837374, 0.15611401239871925, 0.07081400268826236], [-0.2150016612658351, 0.3423462428697768, 0.535569774682805, -0.11002306769447702, 0.23739026487304885, 0.2515109796868008, 0.5699549930361894, -0.2755667716461293, -0.4923471672360912, -0.5473661726599711, -0.6546393068935031, -0.07663581789825744]], "inverted": true, "swapped": true, "error_lsq": 0.05485869962619918, "error_max": 0.3726791462774278, "target": "801.xyz", "model": "11.xyz", "model_rescale": 3.6694154284099745, "target_rescale": 4.083621780590258},
{"mapping": [4, 0, 2, 3, 8, 1, 6, 5, 7, 11, 9, 10, 12, 13], "R": [[0.021391096568705567, -0.7516764166741301, -0.6591850920671128], [0.1312950151280051, 0.6557377703575253, -0.7434847648264747], [0.9911125264015815, -0.07064376223334257, 0.1127183164680601]], "T": [0.0028485132961152543, 0.058296395267958136, 0.03900432993836837], "aligned_model": [[-0.3494196053346016, -0.68564543339545, 0.3501154434913848, 0.11681640411887113, 0.591708972797965, -0.22044452955915872, -0.36965114625654394, -0.47212684507627894, 0.20959821287560515, 0.1417516005190259, 0.6682374746370082, 0.5019969739094969, -0.04492318782665716, -0.09936967721639992], [-0.25646745005602645, -0.12296860768498766, -0.48163728375419834, -0.6367582166853943, -0.18791563730144803, -0.7551944252476561, 0.43042471666017024, 0.5141739434743469, 0.7063793220279203, 0.3554356146471873, 0.4597601871387904, 0.11730377684047166, -0.14422541062213637, -0.00837319003780753], [-0.5306530618538616, 0.1011086655277534, 0.15812978835372818, -0.4561313149783635, -0.367469341489932, 0.10862039166860053, -0.16744021347374882, 0.49850934890663734, 0.3380167046581723, -0.6223903068509856, -0.162913031456014, 0.4274599007514146, 0.6858978938090723, 0.03468765274273677]], "inverted": true, "swapped": false, "error_lsq": 0.03485177633014842, "error_max": 0.21928393361424237, "target": "801.xyz", "model": "12.xyz", "model_rescale": 3.9764082729961374, "target_rescale": 4.083621780590258},
{"mapping": [14, 6, 10, 11, 8, 13, 4, 5, 0, 7, 2, 1, 12, 15], "R": [[-0.8230513460293192, -0.5573433534669471, -0.10933831965758278], [-0.04614489484104067, 0.2574904667426219, -0.9651783815527448], [0.5660893308298924, -0.7893459608326912, -0.23764642567831779]], "T": [-0.010050167042395735, 0.013673687120693402, 0.04376934475461064], "aligned_model": [[-0.41680729888618634, -0.7608002424044192, 0.5378428133161772, 0.16443849689468154, 0.555129307855057, -0.30982474279614924, -0.41900589165798013, -0.5278397633944046, 0.12652728339564445, 0.16138993987312356, 0.6801859745793386, 0.5415344961565689, 0.059952933531945224, -0.05407864877912988], [-0.46666570610680336, -0.0978484889409307, -0.5594162273096855, -0.653796788554489, -0.1719381307616191, -0.5033747401864914, 0.5558488402937353, 0.47299315272882747, 0.7215205652431343, 0.5710006351099094, 0.4022153630457901, -0.032167335727852964, -0.294351790380044, 0.04591799094575078], [-0.44880627642768306, -0.04338531254852886, 0.1761631928376945, -0.34939928192967856, -0.3380332886381042, 0.17521010607971405, -0.19003621626813028, 0.5167846386487933, 0.12983519551099404, -0.43688506509597136, -0.0504057516062522, 0.3551783012874621, 0.5982361210980534, -0.04902328663315292]], "inverted": false, "swapped": false, "error_lsq": 0.04243340103268436, "error_max": 0.3046991287018628, "target": "801.xyz", "model": "13.xyz", "model_rescale": 4.170626492500431, "target_rescale": 4.083621780590258},
{"mapping": [11, 12, 2, 6, 3, 4, 10, 8, 7, 9, 1, 0, 4, 13], "R": [[0.32130121501476017, 0.7378424799565628, 0.5935941408080002], [-0.5796944681773037, 0.648908278598955, -0.4928208290346242], [-0.7488122947673016, -0.18575930861545106, 0.6362182223640233]], "T": [0.05593970991807279, -0.026396300105083814, -0.010149870841444445], "aligned_model": [[-0.16408522051237232, -0.6727349967102267, 0.4664763792033136, 0.0154631213564361, 0.5234188542537987, -0.22169979285650182, -0.3003656419795801, -0.37078525211147945, 0.10365436960981537, 0.08453157054577737, 0.6070422657675159, 0.4775932803377873, -0.22169979285650182, 0.011835513636484371], [-0.13082915327101152, -0.06688401946828615, -0.4583579752325466, -0.7761396061890229, -0.23345946143905988, -0.3902984049876425, 0.3949174866195417, 0.2652436354779206, 0.708906393602156, 0.4953358907558964, 0.4848021702698358, 0.16607706043374526, -0.3902984049876425, -0.07907827218465191], [-0.6737329178670953, 0.04552811122598571, 0.2687782948743924, -0.3892750319569052, -0.4728178957355372, 0.5316570091020929, -0.1279186880201684, 0.5231495268320779, 0.3282035874919768, -0.62924959220233, -0.17070069369171847, 0.36537732998837463, 0.5316570091020929, -0.08522297282802907]], "inverted": true, "swapped": false, "error_lsq": 0.05032525532770287, "error_max": 0.4048885102683262, "target": "801.xyz", "model": "14.xyz", "model_rescale": 3.9786697098870705, "target_rescale": 4.083621780590258},
{"mapping": [11, 5, 8, 10, 7, 6, 3, 0, 9, 4, 1, 13], "R": [[-0.30908041939308156, -0.8884666613032928, 0.33925843556259183], [0.9411776841935042, -0.3369823799515655, -0.025048799937944705], [0.1365791386850469, 0.31156037513579804, 0.9403596500920761]], "T": [-0.03852306989330521, -0.018850975798528964, -0.07283457582038551], "aligned_model": [[-0.0004604841908965665, -0.7109723833139415, 0.6117779094865696, 0.6488971063218907, 0.06886905112376815, 0.2982568723338811, -0.561109098816226, -0.14491795439199215, 0.5243128266627584, 0.10991838054659758, -0.3519007946376545, -0.009316834357418445], [-0.5303315768500307, 0.0033825511878831753, 0.14016371245932066, -0.4741523567325747, 0.48930163089850404, 0.5314492881655505, -0.2886743961944256, 0.21871096149546096, 0.07542634994563782, -0.6905268920876766, 0.5713402053708707, -0.0314149874340809], [-0.6391002829025194, -0.029259389828378626, -0.46400368219844274, -0.21743531529723986, -0.5938548826277924, -0.005345502221678858, 0.5626848762090675, 0.6589873757110242, 0.2702412702878305, 0.20648038654369483, -0.011307079773286502, -0.07812128002844891]], "inverted": true, "swapped": true, "error_lsq": 0.04709582511068613, "error_max": 0.2330235503713418, "target": "801.xyz", "model": "15.xyz", "model_rescale": 3.769337070930944, "target_rescale": 4.083621780590258},
{"mapping": [12, 7, 2, 11, 5, 1, 3, 6, 4, 10, 13], "R": [[0.5172977047325145, 0.4561717458119775, 0.7240928276135074], [-0.7373291336337636, 0.6670865421880132, 0.10649551129753448], [-0.43445233728610033, -0.5889846208132197, 0.6814310552595559]], "T": [0.04892210580366864, -0.029982401861363868, 0.07072972803771083], "aligned_model": [[-0.26991484305868735, -0.29094739912715806, -0.0866677852112012, -0.6304241861701259, 0.3097329825555074, 0.38995629345445604, 0.6988587185265107, 0.17497616907757568, 0.039526495315023655, -0.44337785605823066, 0.030907541387500563], [0.05654056740275056, -0.641496882945953, 0.5571284540377082, 0.31142281570111, 0.17957095392216085, -0.4580491495051256, 0.5221214496084204, -0.6337383321668953, 0.5980233703203927, 0.13364165803577074, -0.02910040678499743], [-0.5521896230687856, -0.15676325756215317, -0.19424549508291822, -0.004430831447722772, -0.5146302324346287, -0.31756320761907064, -0.07943533568209399, 0.2717148887181306, 0.46660940867559997, 0.7277100432519372, 0.0974412494754824]], "inverted": true, "swapped": true, "error_lsq": 0.03981817498326304, "error_max": 0.16879220339660497, "target": "801.xyz", "model": "16.xyz", "model_rescale": 3.7852294659196426, "target_rescale": 4.083621780590258},
{"mapping": [4, 0, 5, 3, 9, 6, 7, 1, 2, 11, 8, 12, 13], "R": [[0.41245165889015956, -0.6129171188975342, 0.6739556620736272], [0.07660160607104416, 0.7605285291305284, 0.6447701530979015], [-0.9077531729639351, -0.21431043311257794, 0.3606316891691678]], "T": [-0.0331774250890918, 0.09154677466747509, -0.027846931317908545], "aligned_model": [[0.11968416942864757, -0.4670273684233248, 0.3664396646471476, 0.14297664350081632, -0.6223307601530901, -0.6023206693120916, -0.13610106658868157, -0.2025756975370798, 0.5703364289859081, 0.5204457510407264, -0.3497319393548479, 0.5561083050483047, -0.0421376110661522], [-0.21012935532916477, -0.5367747184925599, -0.26440409063114384, -0.7562446495760525, 0.08806013892322408, 0.30604518142001913, 0.6897764249000072, 0.00663692375033241, -0.10884413780018791, 0.4908083833542382, 0.7699144160673154, 0.29263040712727223, 0.10758069998957433], [-0.6887743815299273, 0.11464953230007122, 0.38225838291281583, -0.025554590650115942, -0.33810438560154527, 0.19770192395879876, 0.3877758652877944, 0.6159010038048132, -0.19787679536452052, -0.3710809089197448, -0.22983922634017406, 0.303029848112566, -0.05433157082765776]], "inverted": false, "swapped": true, "error_lsq": 0.04434483851229635, "error_max": 0.2299596000179411, "target": "801.xyz", "model": "17.xyz", "model_rescale": 3.901054581598922, "target_rescale": 4.083621780590258},
{"mapping": [10, 11, 1, 4, 8, 6, 9, 12, 13, 5, 2, 0, 7, 14], "R": [[-0.5890771992701732, -0.10580673735012486, -0.8011198335026606], [-0.2221823362221544, 0.9743880421044516, 0.03468361103920947], [0.776931826334122, 0.19842600065307803, -0.5974981669377325]], "T": [0.057978122104135235, 0.003857971451007792, -0.0010012704375967764], "aligned_model": [[-0.4414523058896048, -0.7192769949450846, 0.36273439110625955, 0.16612405715090273, 0.5608452072079207, -0.32304021056079424, -0.38834449099111634, -0.35807041828030073, 0.03938028845954673, 0.153163012888204, 0.6996721923042065, 0.6125367562571927, -0.0390285184388985, 0.013401691415832723], [-0.23256354169103288, -0.09298318294074324, -0.5654063964104555, -0.6159982324317181, -0.10478761706923427, -0.5820886197186399, 0.39652146624693174, 0.347616877274571, 0.7298918409143963, 0.4069942542350604, 0.5237937188123276, -0.04240306911042345, -0.21045709530907486, 0.03180693659726641], [-0.6069120426198368, 0.15140365980927142, 0.2611956887801441, -0.4802263878414795, -0.42021372606622576, 0.27325657856594165, -0.2852566595312281, 0.5095949798308301, 0.004578987291780582, -0.46844861620511913, -0.04141959393078569, 0.5145849550494251, 0.6189469432443366, 0.01434830993815529]], "inverted": false, "swapped": false, "error_lsq": 0.0322579519141948, "error_max": 0.21774763100022315, "target": "801.xyz", "model": "18.xyz", "model_rescale": 3.9405287249114394, "target_rescale": 4.083621780590258},
{"mapping": [5, 9, 0, 6, 1, 8, 11, 13, 14, 10, 3, 12, 4, 15], "R": [[-0.21848642351197878, -0.9692711641883933, 0.11303580412338968], [0.44957685972518147, 0.0028282508655653738, 0.8932371735416558], [-0.8661087287059224, 0.24597847724936933, 0.4351439518015765]], "T": [0.02772743916122446, 0.00023930655597151633, 0.08907185421014056], "aligned_model": [[-0.45325467141868564, -0.7379427512884561, 0.30776533656408006, 0.13364024898306642, 0.5970341992319573, -0.24699365952348576, -0.4615344079907383, -0.33181711029588057, 0.10689359822769423, 0.09199097619668727, 0.7282038737544981, 0.4172976241004668, 0.1582571049805131, 0.02910429616254948], [-0.31693410481081336, -0.04854842634493198, -0.6177104609042333, -0.5622103055623617, -0.2212083892008047, -0.6934678606564721, 0.44617946395936176, 0.4488369768274083, 0.7703840408745175, 0.5110450826858697, 0.4201709944202986, 0.20124125453245062, -0.35540952721152225, 0.007568600790465036], [-0.5103611105014434, 0.06961000610480342, 0.20038725687310383, -0.39125758079858225, -0.16066832069413461, -0.035711316255709655, -0.19548644005714183, 0.4366602495208784, 0.10774722666329749, -0.5049413559346763, -0.15262782924202634, 0.41766331807592344, 0.7144844716052525, 0.049934500955665595]], "inverted": false, "swapped": false, "error_lsq": 0.04248977565015836, "error_max": 0.2411600752346488, "target": "801.xyz", "model": "19.xyz", "model_rescale": 4.410303926677745, "target_rescale": 4.083621780590258},
{"mapping": [1, 7, 6, 0, 3, 2, 8, 12, 9, 5, 10, 11, 4, 13], "R": [[-0.9193842411487356, 0.33936551038872553, 0.198906177596281], [0.08825189062641484, -0.31481452767503443, 0.9450414895472095], [0.38333304179032984, 0.8864100989515773, 0.25948586772390586]], "T": [0.032898148755864165, -0.06850410034398541, -0.008929444921231657], "aligned_model": [[-0.5011571263194832, -0.6738403840745557, 0.492432044321632, 0.08754748158823869, 0.5596364515924751, -0.3299190668776755, -0.2923675807622603, -0.36174024528209603, 0.032908431121139003, 0.22869743515698085, 0.5476245689473069, 0.4433544770779955, 0.08100957741333348, 0.02445859378123591], [-0.2104450675521117, 0.011013689442399333, -0.3415683573531052, -0.6976676462871694, -0.335532514616344, -0.5965847056344864, 0.5822668561779407, 0.2521600895312479, 0.5745453895603592, 0.3995961834098856, 0.5542930567849864, 0.18766949512675996, -0.39489391585448125, 0.005084786663350355], [-0.5166277964692857, 0.023485555956550178, 0.216393287062796, -0.34705080686087403, -0.4298870223544015, 0.15871085485789527, -0.2574388989785376, 0.5497385714994055, 0.2367208760975883, -0.6734710062721676, -0.1583095856234169, 0.6641485713722629, 0.6125593914848649, -0.03353891545747005]], "inverted": false, "swapped": false, "error_lsq": 0.04784121437513594, "error_max": 0.2517340697564208, "target": "801.xyz", "model": "20.xyz", "model_rescale": 4.121658175737393, "target_rescale": 4.083621780590258},
{"mapping": [3, 2, 4, 0, 9, 5, 11, 1, 12, 7, 8, 6, 13], "R": [[-0.23983887622901778, 0.29816297494037397, -0.9238918518007982], [0.7660117270388742, 0.6427692824274496, 0.008583915576425072], [0.5964087084274704, -0.7056532363295784, -0.38255739774505604]], "T": [0.08453615015051003, 0.008892996076745076, 0.019965280351496955], "aligned_model": [[0.2531797996874156, -0.3531302202794454, 0.18169035007546205, 0.6946758017302317, 0.6743282808301867, -0.21254852452081013, -0.5091953743799442, 0.15514613201403943, -0.5856051836568521, -0.12863609606165394, 0.14430066847007875, 0.4756976619902549, 0.09117960876533125], [-0.47461115729734177, -0.00440434101559635, 0.37958063602394404, -0.4255376677056255, 0.30703853377025575, -0.5572248151054797, 0.4746019288270135, -0.560144982139503, -0.19709391673915846, 0.0022133117225714375, 0.5745903732810427, -0.018571329607891398, 0.040390330148952415], [0.7182265945228218, 0.5114599126199626, 0.6558520501142702, 0.22567993266724334, -0.06144711260057405, 0.23405060356180332, 0.13961511710414917, -0.3286417638611797, -0.055212685998607805, -0.6841137455518522, -0.5069170446727747, -0.4967979802723865, 0.018355861848913163]], "inverted": false, "swapped": true, "error_lsq": 0.049839944325667025, "error_max": 0.27424233087765293, "target": "801.xyz", "model": "21.xyz", "model_rescale": 4.08911054899281, "target_rescale": 4.083621780590258},
{"mapping": [0, 7, 14, 4, 15, 13, 6, 10, 5, 8, 11, 9, 12, 16], "R": [[0.25396802842561456, -0.19471858665726582, -0.9474095801435634], [0.6054408119049846, -0.7318798344107325, 0.3127192531053241], [-0.7542822176197972, -0.6530211175705695, -0.06798349939099291]], "T": [0.09733655734722628, -0.05360615693837723, -0.08635237301374675], "aligned_model": [[-0.4719967555998095, -0.5758877160706909, 0.4571763198423126, -0.0855855729724994, 0.8075698519060652, -0.26345708716866273, -0.4849020629217325, -0.2985006317516011, 0.19192879807393565, 0.08037363982914246, 0.6266180360692017, 0.3531197334737551, -0.059895937068010816, 0.06208404204286094], [-0.1997992389135994, -0.09614597468963551, -0.4134527736135095, -0.6441500837639098, -0.15900476411727513, -0.5669589969816632, 0.3704008163076078, 0.36033456527807883, 0.5746675936147875, 0.5398410397698982, 0.4509756623765211, 0.1706634549331325, -0.31464780212630206, -0.08278615867489951], [-0.5908982675868892, 0.1389377279584016, 0.30460586483526414, -0.40898149537645617, -0.21271225113579562, 0.12107658765634062, -0.27813455221047606, 0.4820677246536338, 0.22032898655727068, -0.44453487148126986, -0.31251898009178886, 0.53960746560543, 0.5860349470716553, -0.09944581014011011]], "inverted": true, "swapped": false, "error_lsq": 0.042660052720972265, "error_max": 0.25683173173120916, "target": "801.xyz", "model": "22.xyz", "model_rescale": 4.204369325754507, "target_rescale": 4.083621780590258},
{"mapping": [5, 9, 0, 6, 1, 8, 11, 13, 14, 10, 3, 12, 4, 15], "R": [[-0.21848642351197878, -0.9692711641883933, 0.11303580412338968], [0.44957685972518147, 0.0028282508655653738, 0.8932371735416558], [-0.8661087287059224, 0.24597847724936933, 0.4351439518015765]], "T": [0.02772743916122446, 0.00023930655597151633, 0.08907185421014056], "aligned_model": [[-0.45325467141868564, -0.7379427512884561, 0.30776533656408006, 0.13364024898306642, 0.5970341992319573, -0.24699365952348576, -0.4615344079907383, -0.33181711029588057, 0.10689359822769423, 0.09199097619668727, 0.7282038737544981, 0.4172976241004668, 0.1582571049805131, 0.02910429616254948], [-0.31693410481081336, -0.04854842634493198, -0.6177104609042333, -0.5622103055623617, -0.2212083892008047, -0.6934678606564721, 0.44617946395936176, 0.4488369768274083, 0.7703840408745175, 0.5110450826858697, 0.4201709944202986, 0.20124125453245062, -0.35540952721152225, 0.007568600790465036], [-0.5103611105014434, 0.06961000610480342, 0.20038725687310383, -0.39125758079858225, -0.16066832069413461, -0.035711316255709655, -0.19548644005714183, 0.4366602495208784, 0.10774722666329749, -0.5049413559346763, -0.15262782924202634, 0.41766331807592344, 0.7144844716052525, 0.049934500955665595]], "inverted": false, "swapped": false, "error_lsq": 0.04248977565015836, "error_max": 0.2411600752346488, "target": "801.xyz", "model": "23.xyz", "model_rescale": 4.410303926677745, "target_rescale": 4.083621780590258},
{"mapping": [3, 4, 11, 1, 7, 10, 5, 15, 6, 12, 13, 14, 9, 16], "R": [[0.5027107292695719, 0.8572910189228287, -0.11105868516921037], [-0.8051366441930692, 0.5111050486491518, 0.30087640888389955], [0.3147012978282399, -0.06183638184440243, 0.9471744058121583]], "T": [0.013860990335156224, -0.017674157024013655, 0.006634653852785997], "aligned_model": [[-0.5164129760530701, -0.6674660268242131, 0.4189795501605862, 0.18280039879235535, 0.5191088107727996, -0.2657138485920121, -0.3675181468562489, -0.1819376913285001, 0.1954884622228261, 0.13198676953378297, 0.5887259958416633, 0.40572934711280334, -0.06821495968902604, -0.036911027409480344], [-0.468074010314229, -0.06516846732494311, -0.4378889021599367, -0.7150265289646066, -0.13878746538427877, -0.5754772210487393, 0.47037433831453507, 0.37118650075889337, 0.7059335082111884, 0.5841581543549248, 0.38486638789680055, 0.17172552717727524, -0.2130186397549038, -0.08486584236274855], [-0.5636288618670189, -0.07951730009433006, 0.251624463979827, -0.46399736289628496, -0.40807862440502435, 0.19231609471075278, -0.1027301180842991, 0.5721118469580149, 0.1525849811163825, -0.5129998369700419, -0.03432824360326146, 0.525013801384276, 0.5961463629159843, -0.07908412682976694]], "inverted": false, "swapped": false, "error_lsq": 0.043378200720070856, "error_max": 0.2886089077800469, "target": "801.xyz", "model": "24.xyz", "model_rescale": 4.28219845311461, "target_rescale": 4.083621780590258},
{"mapping": [13, 11, 3, 7, 4, 9, 14, 10, 6, 2, 0, 1, 5, 15], "R": [[0.03214061754582043, 0.14356725264204143, 0.9891185089121475], [0.5295613205968392, -0.8417518334967364, 0.10496979819269242], [0.8476625439592724, 0.52042510966872, -0.10308208765249127]], "T": [-0.031235823416816594, -0.045031278633566055, -0.01621755059110717], "aligned_model": [[-0.22841232781604512, -0.5215810143679458, 0.4885061699294741, 0.09501448663385491, 0.596103748004798, -0.2734153490194624, -0.5451721525942559, -0.4472426438780389, 0.12441137513256621, 0.05279987634883676, 0.6141620403495909, 0.4476582900426282, -0.0925986823292805, 0.02841084124754598], [-0.17428296266822924, -0.049031789151150584, -0.5805378675166464, -0.6882609486848261, -0.17911079182296497, -0.6597330073092881, 0.4861040069780811, 0.4894492972305181, 0.8282286849194437, 0.4097186592990139, 0.44064794446318034, -0.07519112353606645, -0.2541536287696571, -0.003909134032176319], [-0.5614990239827027, 0.220473515728038, 0.19149932035359155, -0.43557712962571266, -0.3670969020741358, 0.12648685025492873, -0.20036255547715384, 0.39727206013885974, 0.14311895056335877, -0.5211140939573013, -0.13081014081274828, 0.4076081337368024, 0.8070582981581373, -0.03162420668875224]], "inverted": true, "swapped": false, "error_lsq": 0.034282294158780126, "error_max": 0.21576447111318142, "target": "801.xyz", "model": "25.xyz", "model_rescale": 4.100010024507729, "target_rescale": 4.083621780590258},
{"mapping": [10, 4, 3, 0, 11, 12, 2, 1, 9, 7, 8, 13], "R": [[0.808413261219369, 0.4820982931198895, 0.33771176298073174], [0.3641893698832162, 0.04106621551316557, -0.9304190823534804], [-0.4624219955286845, 0.8751541588282123, -0.14237660038417094]], "T": [0.06268256763298816, 0.08451679874754857, -0.06541903559003295], "aligned_model": [[-0.6769699160531205, -0.2557365622015647, 0.5654911185711853, 0.685925847005875, -0.5879212175552949, 0.012933225258579012, -0.08969630318543245, 0.6230622051161872, -0.0005640564277965554, 0.0006884948282382397, -0.4361997987934342, 0.035752565799585925], [-0.2778289773811886, -0.44796511115176063, -0.28396905004132195, -0.3768910569269719, 0.34669852761385467, 0.7124117824056554, 0.16436770984554575, 0.3880451374419743, -0.42253914662586656, 0.6368735597837374, 0.15611401239871925, 0.07081400268826236], [-0.2150016612658351, 0.3423462428697768, 0.535569774682805, -0.11002306769447702, 0.23739026487304885, 0.2515109796868008, 0.5699549930361894, -0.2755667716461293, -0.4923471672360912, -0.5473661726599711, -0.6546393068935031, -0.07663581789825744]], "inverted": true, "swapped": true, "error_lsq": 0.05485869962619918, "error_max": 0.3726791462774278, "target": "801.xyz", "model": "26.xyz", "model_rescale": 3.6694154284099745, "target_rescale": 4.083621780590258},
{"mapping": [0, 1, 8, 4, 10, 5, 6, 3, 12, 2, 11, 9, 7, 13], "R": [[-0.023539547249081916, 0.45261559487227415, 0.8913949814721451], [0.5805808680061566, -0.7196857803209296, 0.38076007315509464], [0.8138622398296449, 0.526489791812028, -0.2458388775137108]], "T": [0.05742302580075506, -0.05944592034453803, 0.02696535763287381], "aligned_model": [[-0.3337101273406854, -0.8253910283201489, 0.3899087009471023, 0.30512177141669045, 0.614929635002781, -0.4760154195902735, -0.40372443298998606, -0.15193049035763373, 0.14627293983678508, 0.046913888421901, 0.5985147879390756, 0.5278959290590836, -0.15581835141266642, 0.055676855072241474], [-0.2808203410589589, -0.04275575056344919, -0.5753662427852532, -0.5788442557453908, -0.14818616650217262, -0.6389138485752847, 0.4413562231600036, 0.38386385602169043, 0.7276713300419576, 0.2570726407168309, 0.5443353356644474, 0.14293961867101046, -0.20786692849693028, -0.03454813114926918], [-0.4577423537769311, 0.029692586087053753, 0.2048324123259664, -0.5598917550376995, -0.1808861982924517, 0.10205759992140354, -0.06095884902541685, 0.6692104570955216, 0.07476640654649663, -0.5745620355409332, -0.2538252566751033, 0.4770307710645419, 0.6002260697888653, -0.02451677816610394]], "inverted": false, "swapped": false, "error_lsq": 0.051281115627530856, "error_max": 0.371136090477126, "target": "801.xyz", "model": "27.xyz", "model_rescale": 4.103607728864725, "target_rescale": 4.083621780590258},
