[{"mapping": [6, 7, 12, 11, 10, 4, 1, 5, 13, 2, 0, 14], "R": [[0.4498790259302076, 0.20808322812264035, -0.8685103523862852], [-0.8068511884864071, 0.5116163605250932, -0.29536394377298403], [0.3828838226749207, 0.8336366533551169, 0.39805766983782737]], "T": [-0.050158626964028, -0.01460497897079803, -0.05977914024073337], "aligned_model": [[-0.1552613458586994, 0.11470412011785863, 0.44815564061424334, 0.05619080269577962, -0.19293410966253008, -0.6366135666920365, 0.18370941347180653, -0.16437362281976903, 0.6420875406633811, 0.12686933640697212, -0.471889847260468, -0.11300189921598947], [-0.47626644300686766, -0.575493241797558, -0.42491558509721805, 0.7037288771065596, 0.49496626727397697, -0.619159981711161, -0.1532404323668673, -0.6702709860666024, 0.18087882614758694, 0.4467598249319845, 0.15239359256535945, -0.005825682002136189], [-0.5987437630038407, 0.0400852322055298, -0.48678695185180443, -0.09494292964992292, -0.5829007187822822, -0.017274138736145625, 0.6254769325915714, 0.4574343661259036, -0.17499748904263895, 0.4614143578761444, 0.5322393476755187, 0.020947499945529066]], "inverted": true, "swapped": true, "error_lsq": 0.05164330179410868, "error_max": 0.27821661077934184, "target": "802.xyz", "model": "0.xyz", "model_rescale": 3.751011558992144, "target_rescale": 4.070745732681262},
{"mapping": [5, 8, 2, 9, 10, 4, 6, 4, 11, 7, 12, 3, 1, 0, 14], "R": [[0.4602049847957199, 0.8768904139304959, 0.1388328992925481], [0.7963395417307039, -0.47684409218760315, 0.37210622948549676], [0.3924980334285814, -0.060687014282993, -0.9177485385725832]], "T": [0.029381758212925137, -0.007587497773809217, -0.05756952091767874], "aligned_model": [[0.07963883637364463, -0.47983021745275983, 0.09997215573607587, 0.41115931344026374, -0.1841173642212868, -0.7062049649035207, -0.1101265889092237, -0.7062049649035207, 0.39371420344550223, 0.19133822584597118, 0.7163206520623234, 0.5348903983433578, -0.4287194296681806, -0.03781940605305658, 0.07860298641222668], [-0.4702988509229292, -0.42621607220252855, -0.8065820779400381, -0.020309213458605126, 0.3161755309552949, 0.15996950166581778, 0.7166261679278184, 0.15996950166581778, 0.6563812892887783, 0.3837428860901273, 0.22858284140285948, -0.2931834270210308, 0.21096780710950475, -0.2204087697711103, 0.011424238667322915], [-0.47405298608439816, -0.13419544766770808, 0.14333532877645733, -0.5944807590278207, -0.780099363953134, -0.2950790883531957, 0.0830638064425095, -0.2950790883531957, -0.3088428941273437, 0.4526340238112603, 0.09835876736688283, 0.4387185702790291, 0.4199893024801491, 0.6674791865539177, -0.07238967663253881]], "inverted": false, "swapped": false, "error_lsq": 0.04290486165366234, "error_max": 0.3101560379956956, "target": "802.xyz", "model": "1.xyz", "model_rescale": 3.9405287249114394, "target_rescale": 4.070745732681262},
{"mapping": [5, 1, 7, 11, 13, 4, 0, 2, 9, 8, 10, 3, 14], "R": [[0.16957506118851173, -0.7427165521132897, 0.6477780652660753], [-0.647558072743893, -0.5794600048242274, -0.49486831100134254], [0.742908366521153, -0.33555659139115923, -0.5792140648558346]], "T": [-0.019893472491399875, -0.09121983835960176, -0.07644160607276808], "aligned_model": [[-0.40410217499729467, 0.2349031694702713, -0.28182844973590576, 0.5465195530111521, 0.5280214531684142, -0.8112402895294307, 0.00355324826919097, 0.5747355535987643, -0.02177482660214801, -0.4762657397393976, 0.09441390371607204, -0.4609272005633179, -0.030024920782438375], [0.6348218423651021, 0.5920996628416944, 0.20725770833849513, -0.3931101733172503, -0.2832883346081029, 0.18372957272232268, 0.40355820946201504, 0.21755659091996096, -0.6763081772335867, -0.5709632004460303, -0.7637693841456803, -0.07430229171004774, -0.01844943161687493], [-0.2653858837753158, -0.18434464195337483, -0.5169520865942856, 0.2650093161133502, -0.5164335032107439, 0.0204906348595829, 0.4811214574293722, 0.18223286624189822, -0.3263643620508987, 0.21553973120176295, 0.22073647454985829, 0.5421835413497104, -0.004713194572272025]], "inverted": false, "swapped": true, "error_lsq": 0.05298278446411752, "error_max": 0.3918036008488781, "target": "802.xyz", "model": "2.xyz", "model_rescale": 3.932901565614263, "target_rescale": 4.070745732681262},
{"mapping": [7, 13, 12, 1, 6, 8, 9, 4, 0, 3, 11, 2, 10, 14], "R": [[0.43890081253474317, -0.3506237581864157, 0.8273022766507877], [-0.3931680112929588, -0.9028420490840146, -0.17405501803084608], [0.8079511072164468, -0.24887590200943968, -0.5341121546517227]], "T": [0.039401014001489265, -0.038742359246899005, -0.008938032884034785], "aligned_model": [[-0.3194420261763744, 0.6263023839389623, 0.10381203431457847, -0.07003997632729413, -0.2716193764860674, -0.1330519439495097, 0.3335818866238821, -0.7879495094778517, -0.20262078700695985, -0.3748671545982192, 0.6685552286283534, 0.3965605076654407, 0.45824366398323496, -0.0076550190794718795], [0.041268144320104685, 0.015291946300623777, -0.3858342958698115, 0.664662244492471, -0.6283730291746645, -0.6447213717690758, -0.573032684691525, -0.1790478491952788, 0.46247878964523353, -0.17164534691557168, 0.016775581854710023, 0.5489403525889653, -0.5304242777957968, 0.027158434560104583], [-0.4743177203126496, -0.43709807112738763, -0.6976948709207677, -0.20060067322716157, -0.2740092370286195, 0.3470561451193283, -0.190003628883707, 0.07489694556465935, 0.4874836052849359, 0.6141291433168318, 0.3511077343381871, 0.1981976011092486, 0.3605529750219618, 0.05419641480223768]], "inverted": false, "swapped": true, "error_lsq": 0.04719574786401374, "error_max": 0.24964267342465835, "target": "802.xyz", "model": "3.xyz", "model_rescale": 3.9243930471874484, "target_rescale": 4.070745732681262},
{"mapping": [5, 0, 4, 6, 8, 1, 12, 3, 10, 11, 9, 13, 14], "R": [[-0.2781163191307372, -0.867683932208678, 0.4120387200495318], [-0.9585032091382217, 0.27866481721013914, -0.06014580385172613], [-0.06263314701418488, -0.41166796503508285, -0.9091790667734125]], "T": [-0.08329512769189566, -0.06337302528091643, -0.08419288664414196], "aligned_model": [[-0.12814397599331945, -0.25461655125697175, 0.4838235561933148, 0.5028185496553346, 0.5858842744085895, -0.6474139679858381, 0.01037037028059977, 0.3850795514349609, 0.18585905918403778, -0.3755617581211295, 0.1600589374770468, -0.5326115247311912, -0.09834063423408147], [-0.7209557146113406, 0.1340118631279812, -0.44634613027365183, -0.37519456229835063, 0.20984094453744706, -0.3765895709223539, -0.5386974328511336, 0.22501207724930034, 0.5412284314971694, 0.5787792759227621, 0.029324330748913913, -0.08477431633515166, -0.04780964211000485], [-0.6095750112033587, -0.7827054568659882, -0.5770730161515277, 0.18765052372982657, -0.049043269345809215, -0.44078125464153817, 0.519380684684459, -0.6085527042280104, 0.25597910153833137, 0.09122336362335184, 0.4963062837998323, 0.48882605078452024, -0.1845649803531247]], "inverted": true, "swapped": true, "error_lsq": 0.05084907577034528, "error_max": 0.28695242363642376, "target": "802.xyz", "model": "4.xyz", "model_rescale": 3.8936222436046832, "target_rescale": 4.070745732681262},
{"mapping": [12, 13, 10, 6, 11, 2, 1, 0, 4, 7, 3, 14], "R": [[-0.39337805335875425, 0.6713254612463928, -0.628152714089492], [0.7945566055955167, -0.09548481589158947, -0.5996352645055824], [-0.46252946678045026, -0.7349862413790255, -0.49584444873702593]], "T": [-0.08872637837819077, -0.03996509754921528, -0.06712747673683955], "aligned_model": [[0.07316282532233441, -0.5877169050379243, -0.36428705270066153, 0.4411274340826731, -0.7451830810209648, -0.6520616914148667, -0.1991996129310065, -0.10983728225249957, 0.7142878442872681, 0.2863326452833096, 0.2479724046942534, -0.07704948609681778], [-0.6841315248063932, -0.5355426431746849, 0.33655485136970054, -0.19408253112691162, 0.23663566936468722, 0.0520113962835902, -0.3021690410674681, 0.41600774173447685, 0.15399716247792875, -0.46771471786157515, 0.6377407436997421, 0.01961579821671467], [-0.46442972146836353, -0.25714140552815823, -0.6467850672401361, -0.5255634129081546, -0.21240939357291275, 0.36879991887272645, 0.6129715536110203, 0.5226815895512811, 0.10248862717089274, 0.1005306657108408, 0.0024623782688675266, 0.015678986807614398]], "inverted": false, "swapped": true, "error_lsq": 0.04514787404230972, "error_max": 0.24257249289513444, "target": "802.xyz", "model": "5.xyz", "model_rescale": 3.6523030999806103, "target_rescale": 4.070745732681262},
{"mapping": [5, 4, 6, 7, 9, 0, 8, 1, 3, 11, 10, 13, 14], "R": [[-0.6665809848923329, 0.11759882825258047, 0.7360980275571914], [0.5003531508557442, 0.8025567810887348, 0.3248835753885041], [-0.5525545357778695, 0.5848701810847505, -0.5938100338232714]], "T": [0.13661040037060165, -0.06338484912295843, -0.05891856266632163], "aligned_model": [[0.21142083383349078, -0.1755225374485571, 0.28937295406192953, 0.4873128751480438, 0.3767209514880359, -0.39312021521437357, -0.26978872374654783, 0.3102236953079638, -0.579842423518121, -0.03471748308748265, -0.11687092982328198, 0.7110730635910257, 0.0648208440721691], [-0.62123844222704, -0.09483860925239097, 0.44059273746765854, -0.23032568091774075, 0.5143508862742933, -0.588211663625324, 0.504513402975399, -0.7798050903296959, 0.00014141936326299287, 0.02371470945599262, 0.5155565183679728, -0.008014340497620773, -0.13560894289158387], [0.5685011987480875, 0.7239010288902442, 0.42824767989278617, 0.3892854026228495, -0.17451108414756755, -0.07210661763093924, 0.13085437606872513, -0.04941085845045107, 0.1863441333541473, -0.7600680797499971, -0.45170092943692314, -0.5034640585374464, -0.04576245214172621]], "inverted": false, "swapped": true, "error_lsq": 0.0563878928443111, "error_max": 0.36258069710584956, "target": "802.xyz", "model": "6.xyz", "model_rescale": 4.08911054899281, "target_rescale": 4.070745732681262},
{"mapping": [1, 2, 13, 9, 3, 0, 4, 6, 8, 5, 10, 12, 5, 7, 14], "R": [[0.3471384096945823, -0.1343980437157428, -0.9281336597495524], [0.8802826274659863, -0.2946045791432852, 0.3719013817255694], [-0.3234152443783321, -0.9461211908593896, 0.01603969795584076]], "T": [0.06644066157165171, 0.002364074329645492, -0.05102408985753988], "aligned_model": [[0.016925579462576695, -0.530825910360042, 0.15691967951548566, 0.2989521493212829, -0.3354624493757372, -0.6016349000264185, -0.1008473069801877, -0.42478165733745044, 0.3694304782266996, 0.05887125075016522, 0.6804441971489865, 0.48653051937209935, 0.05887125075016522, -0.42084458784448286, 0.14006554292467438], [-0.5450535884448864, -0.5380707904153216, -0.6706605700880288, 0.03412283528040847, 0.4706006542094678, -0.07649163651641266, 0.678593923296742, 0.08022206127369255, 0.5361165580128787, 0.3852757164533475, 0.30647034990283095, -0.22863765731767471, 0.3852757164533475, -0.18023332085856444, -0.030688897784727304], [-0.536645565887581, -0.08766207987209548, 0.22237287001949668, -0.7990127910256231, -0.5466850939107446, -0.7083771182724662, 0.056574314619439334, -0.09323467772433439, -0.3484369854258125, 0.6076280246378694, 0.17212144551684694, 0.47638905878433496, 0.6076280246378694, 0.5221253160650232, -0.1954250606513519]], "inverted": true, "swapped": false, "error_lsq": 0.05631703729722662, "error_max": 0.4741974709237164, "target": "802.xyz", "model": "7.xyz", "model_rescale": 3.964800864290218, "target_rescale": 4.070745732681262},
{"mapping": [6, 8, 4, 12, 5, 10, 7, 3, 11, 2, 13, 1, 0, 14], "R": [[-0.42292484910523676, 0.29388864391513275, 0.8571837825035171], [0.8856540125334218, 0.33418211337539827, 0.32239616186208236], [-0.19170691717505206, 0.8955176045604445, -0.40161757659440284]], "T": [-0.03358584426482218, -0.05562877283297623, 0.11291163439285085], "aligned_model": [[-0.2805050817235981, 0.19916034426652318, 0.3526313223365323, -0.7478978010149385, 0.12931052560916734, -0.0093170072446319, -0.26896145807939664, 0.6513499744114325, 0.029851031735801184, 0.1428900479310402, -0.6405994752603, 0.019794139381318784, 0.6258249363625678, 0.05765639074935479], [-0.18253527060241787, -0.5544773204972167, 0.252059886029385, -0.018393631273877407, 0.7276215708357933, -0.7982617887559142, 0.40818057128360313, -0.21321426153810738, -0.5207731094949051, 0.07172942691974415, -0.13634558718952283, 0.5881133191714777, 0.20007090305019642, -0.012826241757035624], [-0.5485914906805149, -0.3568348709832945, -0.5707453060769949, -0.18268868127962684, -0.15248704897235416, 0.1530502268685935, -0.17209270657032355, -0.1760931471402425, 0.6680393052003524, 0.7973641111976801, 0.5075167410816159, 0.46820958113171196, 0.3496113032732773, 0.13255702167514227]], "inverted": true, "swapped": true, "error_lsq": 0.04895986232441836, "error_max": 0.43392989526927034, "target": "802.xyz", "model": "8.xyz", "model_rescale": 4.121658175737393, "target_rescale": 4.070745732681262},
{"mapping": [13, 9, 11, 2, 12, 7, 8, 4, 3, 6, 1, 0, 14], "R": [[0.7222478388403539, -0.15914466180626868, -0.673075802498505], [-0.2761079238324767, -0.9586015618329033, -0.06962370320830102], [-0.6341312748062166, 0.23612713158399795, -0.7362890085031528]], "T": [-0.046282026244992044, 0.013604577149911541, -0.08222458343622888], "aligned_model": [[-0.5762762167676813, -0.265988949546963, 0.1904405885874383, 0.07793351616320901, -0.7269123919996251, -0.4393940237967522, 0.34928920846469924, 0.19161067771939205, 0.6452893803263857, -0.23587421554713295, -0.23074661157405485, 0.4744737341198116, 0.022892800286470893], [0.136669455824916, -0.4765372669950731, 0.1863010421742733, 0.6602440474262179, -0.3548258835634168, 0.011536091544043852, -0.5923541874143917, -0.250502779469632, -0.14980916596931404, -0.6307489659820933, 0.6799464983407859, 0.4959537821432297, 0.07451477135216442], [-0.5666367387419569, -0.4232277039595588, -0.7475730309857308, -0.36904672184234866, -0.07924552652945197, 0.36185529719838827, -0.07777317763076363, 0.6825480549358812, 0.18706886965498035, 0.16981522828805132, 0.17360972906351227, 0.14665162238621093, -0.03697046787812486]], "inverted": false, "swapped": true, "error_lsq": 0.04753701472968894, "error_max": 0.26880711087862696, "target": "802.xyz", "model": "9.xyz", "model_rescale": 3.833441315466971, "target_rescale": 4.070745732681262},
{"mapping": [7, 12, 11, 3, 4, 6, 5, 1, 2, 13, 9, 8, 0, 10, 14], "R": [[-0.27187536213724384, 0.6167338281700122, 0.7387307849639846], [-0.8186763320748122, -0.5517161641620326, 0.15930579871073414], [0.5058189901172894, -0.5614700877100179, 0.6549034202412066]], "T": [-0.08214573362185776, -0.010354367679317779, -0.049008491626373926], "aligned_model": [[0.2689090848277722, -0.559459042029115, 0.04271244961686649, 0.46151312126773314, -0.20831170644073252, -0.5620795851192253, -0.16746146876529844, -0.7728859169798807, 0.45103985827599324, 0.10732465609024885, 0.725409886100825, 0.516186504244084, -0.41307231035083103, -0.040975807271331405, 0.0037641120807085926], [-0.45292057629275795, -0.3718881531593409, -0.6724617627358273, 0.1696948870677917, 0.3552210648001238, -0.06679051733689875, 0.6595242690003703, 0.23953833094589377, 0.4716850491853774, 0.6059651789389385, -0.02575677322656448, -0.27724997633810095, 0.2931219890785891, -0.3176545400976689, -0.0031871163728263447], [-0.4022925730943031, 0.017964524466496753, 0.05758096626407112, -0.7019550170882844, -0.7463959955009236, -0.5261961143112518, -0.08667862467773534, 0.02871261993386566, -0.04783371125641954, 0.419966698861635, -0.12335103321856637, 0.37327651827302094, 0.4630585580917826, 0.7123230949479741, -0.08882023018049093]], "inverted": false, "swapped": false, "error_lsq": 0.04926136812636914, "error_max": 0.42894773561744953, "target": "802.xyz", "model": "10.xyz", "model_rescale": 4.2482417240324, "target_rescale": 4.070745732681262},
{"mapping": [12, 13, 11, 2, 4, 3, 8, 0, 1, 5, 7, 14], "R": [[0.4490491484171106, -0.8719006397827666, -0.19530523969486824], [0.06461495164449813, 0.24969868519840427, -0.9661653453908225], [0.8911676443463636, 0.4212360869590713, 0.16846479962758612]], "T": [-0.050979096798685695, -0.029569705772787287, 0.07433630918870324], "aligned_model": [[-0.7239389631339702, -0.10879678678689933, 0.4458042858823114, 0.5914349600141432, -0.3663802350405841, 0.14824325139558084, -0.25691361879548325, 0.5291524170104625, 0.23399335804322915, -0.1942487244975998, -0.44022194741490817, 0.018637605686724575], [-0.4047516001761394, -0.7545856451768719, -0.39206959707034644, -0.27994772616696145, 0.7347411125346415, 0.6524039674066575, 0.3487515005007857, 0.38800705762454546, -0.0907708062834475, 0.3906683615595532, 0.0363527850085426, 0.03733198028968037], [0.001048258575503433, 0.03306955630609135, 0.46208664324765647, -0.12679566511578866, -0.09171765142841282, 0.3439960777401794, 0.6558399451441034, -0.13852211431997763, -0.6028158597562396, -0.6421318128175358, -0.3682611265129003, 0.03939603879167748]], "inverted": false, "swapped": true, "error_lsq": 0.05468869760384445, "error_max": 0.3127232507171923, "target": "802.xyz", "model": "11.xyz", "model_rescale": 3.6694154284099745, "target_rescale": 4.070745732681262},
{"mapping": [0, 3, 8, 10, 11, 5, 1, 7, 9, 12, 6, 13, 4, 14], "R": [[0.5038229843347282, -0.4408064498645615, 0.7428674674622994], [0.5651339647909397, 0.81861074959429, 0.10246971498129478], [-0.6532886056680626, 0.36819303959536864, 0.6615496075864623]], "T": [0.13167019543755387, -0.009558836710573754, -0.03691554440101212], "aligned_model": [[-0.013044054580731101, -0.2131799576142816, -0.039162577893157, 0.55606267617413, 0.8018204992427278, -0.5475292087434076, 0.04995079991055003, -0.2738738191148206, 0.3635425864076606, 0.0883041405464729, -0.2497518088200265, 0.6652929396324743, -0.687467707679417, 0.09730034278763579], [-0.4130280670487986, 0.22505217793780274, 0.6463975765915907, 0.5642365853679149, 0.036228955870146747, -0.5014121050667348, -0.7412517867594641, -0.19653704078825382, 0.49116071326155697, 0.1967607342591526, 0.5009897550979602, -0.12042640032598151, 0.10654399330723341, -0.06372780356787136], [-0.6472449645622992, -0.6721557111497171, -0.29033178006792754, -0.24751876206652956, -0.31503830582474784, 0.04806281210782244, 0.0009962199029218688, 0.3533682819317242, 0.2797994920541999, 0.7077717684134517, 0.2925053771501416, 0.4464570787117386, -0.20048831524529342, -0.1170877317030703]], "inverted": false, "swapped": true, "error_lsq": 0.04658703453121497, "error_max": 0.30702766083368954, "target": "802.xyz", "model": "12.xyz", "model_rescale": 3.9764082729961374, "target_rescale": 4.070745732681262},
{"mapping": [5, 6, 4, 9, 12, 13, 10, 13, 1, 8, 2, 7, 11, 3, 15], "R": [[-0.48427192772585526, -0.19120188636749594, -0.8537696051430945], [-0.4514641520101606, -0.7812693932130471, 0.4310432167176093], [-0.7494403374962084, 0.594188500290967, 0.2920260376328469]], "T": [0.00489215446555147, -0.014242659686181235, -0.08201909419392664], "aligned_model": [[0.0988349305614113, -0.540273088741433, 0.1737017857130415, 0.3580897976322744, -0.1545759259815431, -0.576215780114445, -0.11348831917500923, -0.576215780114445, 0.32328335481460113, 0.16476684144222098, 0.7202191839909108, 0.5134758297452015, -0.4540810222434508, -0.08175937026645161, -0.0031486017150666873], [-0.5592642530271934, -0.5407628472916958, -0.7088211189671546, -0.024771389052666425, 0.36608210582831596, 0.1003177596043767, 0.7781147491418426, 0.1003177596043767, 0.5127933138993965, 0.4271541654742561, 0.25418013777913506, -0.34068029557546387, 0.4147004265198822, -0.08158618104050308, -0.09093297943980544], [-0.7120588734508762, -0.17809279164622038, -0.011820845781422715, -0.5684753586587001, -0.5689857655412888, -0.2358697519339609, -0.016424131778801226, -0.2358697519339609, -0.23752698578785564, 0.44643314002497336, 0.14714450792787415, 0.3716490819404039, 0.40367232080851634, 0.7524866341907446, -0.006901746868554215]], "inverted": false, "swapped": false, "error_lsq": 0.03741437812818733, "error_max": 0.3296493716510035, "target": "802.xyz", "model": "13.xyz", "model_rescale": 4.170626492500431, "target_rescale": 4.070745732681262},
{"mapping": [10, 9, 3, 6, 0, 5, 4, 11, 2, 12, 13, 7, 1, 14], "R": [[-0.42600513302051135, 0.8149744570283707, -0.39285654001364], [0.46867124999447685, 0.5702156730752136, 0.674686108948447], [0.7738649016907221, 0.10329917991297649, -0.6248699011478434]], "T": [0.02397583869917396, -0.01139160742403129, 0.058215539363207336], "aligned_model": [[0.23688643425529166, -0.06950332334235948, -0.16284980601846868, -0.6082849671394287, 0.24886675652823165, -0.4011580268014325, -0.6779039037994732, 0.6750321703534944, 0.6725343123498434, -0.3304019810749208, 0.3748092961104293, -0.37920763515483374, 0.2236924940453637, 0.04067120177990654], [-0.6033862202972379, -0.6359279536076163, 0.19072879800301973, -0.350201608705078, 0.595709182737728, 0.6827975637298591, 0.3509843856649901, -0.27636028712506255, 0.29264697496140984, -0.4162563226032013, -0.35117187243512127, 0.19877899528180146, 0.6009749398206549, 0.07675789249951968], [-0.3391700869798785, 0.13573512588805473, -0.6501188067551911, 0.06893047834650261, -0.3120334859771146, 0.27688282169995787, -0.23720160557842523, -0.1274386387526054, 0.11086049402944412, 0.6145504180143878, 0.5987330684303906, 0.43903001624870364, 0.41683846671467545, 0.008274835791964155]], "inverted": true, "swapped": true, "error_lsq": 0.049774049210461926, "error_max": 0.35137385283953965, "target": "802.xyz", "model": "14.xyz", "model_rescale": 3.9786697098870705, "target_rescale": 4.070745732681262},
{"mapping": [7, 9, 4, 5, 8, 3, 13, 11, 0, 1, 10, 14], "R": [[-0.18260845153061053, -0.33066801763782316, -0.9259118832486517], [0.9258557706009978, 0.2590473006947994, -0.2751101380312452], [0.33082509801166127, -0.90749829648006, 0.25884666583010923]], "T": [-0.04434366264634535, -0.05029235133590193, 0.0010752180424013456], "aligned_model": [[0.06042825544472962, -0.620863599753872, 0.5212191551111407, 0.5646198769631128, -0.08766405596589988, 0.4550052127752242, -0.6279973489461014, -0.31968780656765605, 0.6118942667177499, 0.32714863778270514, -0.4528948882467443, 0.05214689145294756], [-0.5123575527907799, 0.11906342182138058, 0.023753343373491068, -0.5573008878500835, 0.5634975400578233, 0.5038453753186588, -0.3839981682939151, 0.273518098098014, 0.06503471911363858, -0.605974928929577, 0.5638356529400714, -0.038242122634282616], [-0.3556695876945185, -0.20805792603367762, -0.6201161832888656, -0.286254802379101, -0.3798023920126001, -0.1441009033359656, 0.28157966498776776, 0.5908909666513987, 0.3361618963630088, 0.31204190164365947, 0.09924124994482295, 0.034052609027900485]], "inverted": false, "swapped": true, "error_lsq": 0.057406018061086216, "error_max": 0.2610743540539142, "target": "802.xyz", "model": "15.xyz", "model_rescale": 3.769337070930944, "target_rescale": 4.070745732681262},
{"mapping": [6, 13, 4, 5, 8, 10, 3, 11, 0, 1, 14], "R": [[-0.9671968321703687, 0.017725363955273243, 0.2534089566535825], [0.24775031766125039, -0.15458299541616755, 0.9564119811184483], [0.05612546604130497, 0.9878207878966806, 0.14512071892334366]], "T": [-0.08916458353392394, -0.07551857924056196, -0.018304916813079497], "aligned_model": [[-0.21333189695315824, -0.37114086349168157, -0.14991938359538104, -0.6150149542286584, 0.39466604103773784, 0.5012252666742896, 0.43577681734898005, 0.36382655224068783, 0.15416735823411143, -0.5151225453841791, -0.06250626119157776], [0.07580334845515821, -0.7453515959920093, 0.7193001685088967, 0.557756218142317, 0.1106000219427559, -0.43572031271712575, 0.4728385728417055, -0.57094292719881, 0.352842075056237, 0.06418082205223563, -0.005241893466018749], [-0.7084823620848437, 0.0317655312563644, -0.2936135351274402, 0.16307095795321266, -0.523230885758877, -0.29289263570568974, -0.053447271663841917, 0.2608079070078948, 0.5416311072720859, 0.5669589780616977, 0.05164981601321375]], "inverted": true, "swapped": true, "error_lsq": 0.045561904677121574, "error_max": 0.25927735761792897, "target": "802.xyz", "model": "16.xyz", "model_rescale": 3.7852294659196426, "target_rescale": 4.070745732681262},
{"mapping": [1, 4, 6, 5, 0, 3, 10, 8, 12, 13, 11, 9, 14], "R": [[-0.4652743221186718, 0.3711055573814265, 0.8036171168271814], [0.7712244807119858, -0.27562055949694036, 0.5737997102936893], [0.4344336606750664, 0.8867434648550925, -0.1579665217989148]], "T": [0.00916235599286767, 0.10194690647710702, -0.08972013094318097], "aligned_model": [[-0.06038016560503008, -0.2985561773612829, 0.31643705169554587, -0.10395977364027999, -0.6627184844179398, -0.6481520118057253, -0.0404581637439861, -0.19039797013602264, 0.7499579258578986, 0.5716330614138115, -0.12224986190248045, 0.42490607149265996, -0.08229565163088541], [-0.17996267472539773, -0.5968679554863469, -0.1921934412921812, -0.6854939582138118, -0.004329151438861978, -0.014442262338759948, 0.7012081277398936, 0.17565719914484088, -0.05124238309414059, 0.46265437547557897, 0.8045120315063046, 0.38226588018348573, 0.07328983624227078], [-0.7673489086269641, 0.26831606241170436, 0.4879687738145154, -0.36827543552277986, -0.3955193639461365, 0.27344017659747694, 0.3486035760437027, 0.6019625347973013, 0.07387247028858508, -0.3799110507029444, -0.22269868613942262, 0.3019068902618729, -0.12656234213373757]], "inverted": false, "swapped": true, "error_lsq": 0.04684891298148335, "error_max": 0.27657158117505976, "target": "802.xyz", "model": "17.xyz", "model_rescale": 3.901054581598922, "target_rescale": 4.070745732681262},
{"mapping": [5, 8, 2, 9, 10, 4, 6, 4, 11, 7, 12, 3, 1, 0, 14], "R": [[0.4602049847957199, 0.8768904139304959, 0.1388328992925481], [0.7963395417307039, -0.47684409218760315, 0.37210622948549676], [0.3924980334285814, -0.060687014282993, -0.9177485385725832]], "T": [0.029381758212925137, -0.007587497773809217, -0.05756952091767874], "aligned_model": [[0.07963883637364463, -0.47983021745275983, 0.09997215573607587, 0.41115931344026374, -0.1841173642212868, -0.7062049649035207, -0.1101265889092237, -0.7062049649035207, 0.39371420344550223, 0.19133822584597118, 0.7163206520623234, 0.5348903983433578, -0.4287194296681806, -0.03781940605305658, 0.07860298641222668], [-0.4702988509229292, -0.42621607220252855, -0.8065820779400381, -0.020309213458605126, 0.3161755309552949, 0.15996950166581778, 0.7166261679278184, 0.15996950166581778, 0.6563812892887783, 0.3837428860901273, 0.22858284140285948, -0.2931834270210308, 0.21096780710950475, -0.2204087697711103, 0.011424238667322915], [-0.47405298608439816, -0.13419544766770808, 0.14333532877645733, -0.5944807590278207, -0.780099363953134, -0.2950790883531957, 0.0830638064425095, -0.2950790883531957, -0.3088428941273437, 0.4526340238112603, 0.09835876736688283, 0.4387185702790291, 0.4199893024801491, 0.6674791865539177, -0.07238967663253881]], "inverted": false, "swapped": false, "error_lsq": 0.04290486165366234, "error_max": 0.3101560379956956, "target": "802.xyz", "model": "18.xyz", "model_rescale": 3.9405287249114394, "target_rescale": 4.070745732681262},
{"mapping": [12, 13, 14, 1, 0, 4, 8, 7, 6, 5, 2, 10, 9, 11, 15], "R": [[0.6663822089058437, -0.7181745581186434, -0.2003997398323164], [-0.08881038686019915, 0.1904065546335053, -0.9776799369621635], [0.740302280720187, 0.6693060944169636, 0.0631021801271571]], "T": [-0.041506086635390856, -0.05871347397565461, -0.12780288316680397], "aligned_model": [[-0.08838988904956488, -0.4704393596026237, 0.07588009701898482, 0.4427893984480809, -0.060564670795850116, -0.5407517230740927, -0.16381698654061547, -0.6782427701179454, 0.35168554052458784, 0.17113504757616432, 0.7104422692756225, 0.5525497892068884, -0.43508752202463385, -0.007580208952637335, -0.006995176344548472], [-0.44868456745084606, -0.4738889104233246, -0.7890730433460824, 0.06180228011259462, 0.3945045348542506, 0.041228706328754826, 0.6878001534859298, 0.22523138238980348, 0.5703354229030445, 0.544191442588965, 0.2530527471913071, -0.36343566723999754, 0.20275384478829764, -0.2450013903657122, -0.05397558235988587], [-0.5097237094310246, 0.18037798853692652, 0.1014008371177719, -0.5596052223496111, -0.6444308584043107, -0.6526175015883899, -0.12236199036526556, -0.02999049441885812, -0.217140922428924, 0.4037533719768075, 0.17666513879124005, 0.2871019712949837, 0.47696016290319865, 0.5674373982685584, -0.10846648839223189]], "inverted": false, "swapped": false, "error_lsq": 0.04312349902290737, "error_max": 0.3006509383305769, "target": "802.xyz", "model": "19.xyz", "model_rescale": 4.410303926677745, "target_rescale": 4.070745732681262},
{"mapping": [6, 8, 4, 12, 5, 10, 7, 3, 11, 2, 13, 1, 0, 14], "R": [[-0.42292484910523676, 0.29388864391513275, 0.8571837825035171], [0.8856540125334218, 0.33418211337539827, 0.32239616186208236], [-0.19170691717505206, 0.8955176045604445, -0.40161757659440284]], "T": [-0.03358584426482218, -0.05562877283297623, 0.11291163439285085], "aligned_model": [[-0.2805050817235981, 0.19916034426652318, 0.3526313223365323, -0.7478978010149385, 0.12931052560916734, -0.0093170072446319, -0.26896145807939664, 0.6513499744114325, 0.029851031735801184, 0.1428900479310402, -0.6405994752603, 0.019794139381318784, 0.6258249363625678, 0.05765639074935479], [-0.18253527060241787, -0.5544773204972167, 0.252059886029385, -0.018393631273877407, 0.7276215708357933, -0.7982617887559142, 0.40818057128360313, -0.21321426153810738, -0.5207731094949051, 0.07172942691974415, -0.13634558718952283, 0.5881133191714777, 0.20007090305019642, -0.012826241757035624], [-0.5485914906805149, -0.3568348709832945, -0.5707453060769949, -0.18268868127962684, -0.15248704897235416, 0.1530502268685935, -0.17209270657032355, -0.1760931471402425, 0.6680393052003524, 0.7973641111976801, 0.5075167410816159, 0.46820958113171196, 0.3496113032732773, 0.13255702167514227]], "inverted": true, "swapped": true, "error_lsq": 0.04895986232441836, "error_max": 0.43392989526927034, "target": "802.xyz", "model": "20.xyz", "model_rescale": 4.121658175737393, "target_rescale": 4.070745732681262},
{"mapping": [5, 4, 6, 7, 9, 0, 8, 1, 3, 11, 10, 13, 14], "R": [[-0.6665809848923329, 0.11759882825258047, 0.7360980275571914], [0.5003531508557442, 0.8025567810887348, 0.3248835753885041], [-0.5525545357778695, 0.5848701810847505, -0.5938100338232714]], "T": [0.13661040037060165, -0.06338484912295843, -0.05891856266632163], "aligned_model": [[0.21142083383349078, -0.1755225374485571, 0.28937295406192953, 0.4873128751480438, 0.3767209514880359, -0.39312021521437357, -0.26978872374654783, 0.3102236953079638, -0.579842423518121, -0.03471748308748265, -0.11687092982328198, 0.7110730635910257, 0.0648208440721691], [-0.62123844222704, -0.09483860925239097, 0.44059273746765854, -0.23032568091774075, 0.5143508862742933, -0.588211663625324, 0.504513402975399, -0.7798050903296959, 0.00014141936326299287, 0.02371470945599262, 0.5155565183679728, -0.008014340497620773, -0.13560894289158387], [0.5685011987480875, 0.7239010288902442, 0.42824767989278617, 0.3892854026228495, -0.17451108414756755, -0.07210661763093924, 0.13085437606872513, -0.04941085845045107, 0.1863441333541473, -0.7600680797499971, -0.45170092943692314, -0.5034640585374464, -0.04576245214172621]], "inverted": false, "swapped": true, "error_lsq": 0.0563878928443111, "error_max": 0.36258069710584956, "target": "802.xyz", "model": "21.xyz", "model_rescale": 4.08911054899281, "target_rescale": 4.070745732681262},
{"mapping": [5, 6, 8, 9, 12, 7, 3, 13, 14, 2, 15, 11, 4, 1, 16], "R": [[0.29812174561380816, -0.4726683243268489, -0.8292816650392223], [-0.7119164487630522, 0.4686261043046011, -0.523033980105402], [0.6358446310009866, 0.7463070611633942, -0.19679272264206668]], "T": [-0.03689346813372404, -0.01362831671031526, -0.050796560322066184], "aligned_model": [[0.26409217550570857, -0.5056420480447672, 0.05523584945447952, 0.3546195751869227, -0.16227625556869588, -0.6585420176474371, -0.1262643823323152, -0.4889217637562901, 0.2648716418250254, 0.09461413026866539, 0.594393239996226, 0.5708052899462828, -0.41425242859051087, 0.090014039801524, -0.08013321049700103], [-0.4997994009426583, -0.5923906806331269, -0.6692769451950389, 9.65845439832233e-05, 0.37518294832619825, -0.06414756694340948, 0.8497311453916598, 0.44232930147531696, 0.5083639975185129, 0.3590719845137158, 0.21023017547849973, -0.4287040035372599, 0.4131788684928744, -0.299387193787591, 0.0023621387554229566], [-0.4640451212723402, -0.08034353121974319, 0.15511381548961084, -0.6458400676035789, -0.6656741601985194, -0.39255242969787724, -0.02076154427788357, -0.20733101788103775, -0.27053374025454796, 0.5534004823744412, 0.23707751893408208, 0.15969672672435026, 0.35135767313776245, 0.6787476329021956, -0.03895255564604302]], "inverted": true, "swapped": false, "error_lsq": 0.04212355573393383, "error_max": 0.3183131861715943, "target": "802.xyz", "model": "22.xyz", "model_rescale": 4.204369325754507, "target_rescale": 4.070745732681262},
{"mapping": [12, 13, 14, 1, 0, 4, 8, 7, 6, 5, 2, 10, 9, 11, 15], "R": [[0.6663822089058437, -0.7181745581186434, -0.2003997398323164], [-0.08881038686019915, 0.1904065546335053, -0.9776799369621635], [0.740302280720187, 0.6693060944169636, 0.0631021801271571]], "T": [-0.041506086635390856, -0.05871347397565461, -0.12780288316680397], "aligned_model": [[-0.08838988904956488, -0.4704393596026237, 0.07588009701898482, 0.4427893984480809, -0.060564670795850116, -0.5407517230740927, -0.16381698654061547, -0.6782427701179454, 0.35168554052458784, 0.17113504757616432, 0.7104422692756225, 0.5525497892068884, -0.43508752202463385, -0.007580208952637335, -0.006995176344548472], [-0.44868456745084606, -0.4738889104233246, -0.7890730433460824, 0.06180228011259462, 0.3945045348542506, 0.041228706328754826, 0.6878001534859298, 0.22523138238980348, 0.5703354229030445, 0.544191442588965, 0.2530527471913071, -0.36343566723999754, 0.20275384478829764, -0.2450013903657122, -0.05397558235988587], [-0.5097237094310246, 0.18037798853692652, 0.1014008371177719, -0.5596052223496111, -0.6444308584043107, -0.6526175015883899, -0.12236199036526556, -0.02999049441885812, -0.217140922428924, 0.4037533719768075, 0.17666513879124005, 0.2871019712949837, 0.47696016290319865, 0.5674373982685584, -0.10846648839223189]], "inverted": false, "swapped": false, "error_lsq": 0.04312349902290737, "error_max": 0.3006509383305769, "target": "802.xyz", "model": "23.xyz", "model_rescale": 4.410303926677745, "target_rescale": 4.070745732681262},
{"mapping": [10, 4, 8, 11, 1, 3, 7, 0, 11, 13, 14, 15, 12, 5, 16], "R": [[0.5329237416979511, 0.31921789919409344, 0.7836403629017366], [0.2536837668496074, 0.8232346664708525, -0.5078673353914568], [-0.8072402566594719, 0.4694513997792892, 0.35774089963773564]], "T": [0.04763695395591384, 0.03552606887546866, 0.013130313567252395], "aligned_model": [[0.10267019711008873, -0.33731503104400495, 0.1378335873847435, 0.4625399664021728, -0.2735171759046672, -0.6874746274196055, -0.08824203068598174, -0.6516805429507565, 0.4625399664021728, 0.26033565400509345, 0.6815169534121792, 0.4503143141936026, -0.3793989457655354, -0.23778465946716237, -0.04972379012452257], [-0.33269003585671447, -0.534715294002024, -0.768625171545378, 0.25842195043271504, 0.3541822049535147, -0.20712069019876295, 0.6648178251135858, 0.31522827649260227, 0.25842195043271504, 0.5911376330447337, 0.16186622498152126, -0.36955896683810385, 0.4138918913164589, -0.22324540063410636, 0.024828955764342193], [-0.5208848441196866, -0.009697964935352014, -0.1314795654250664, -0.40982878948953283, -0.7160155164171481, -0.4451103414082926, -0.15257932328507887, 0.06887548968553672, -0.40982878948953283, 0.38761886691422553, 0.2140887701175028, 0.4409985739321567, 0.5793948096654478, 0.5102961436348021, -0.05648783786911079]], "inverted": false, "swapped": false, "error_lsq": 0.04873084326100178, "error_max": 0.3183415791454774, "target": "802.xyz", "model": "24.xyz", "model_rescale": 4.28219845311461, "target_rescale": 4.070745732681262},
{"mapping": [1, 4, 3, 8, 6, 0, 14, 2, 10, 12, 11, 9, 13, 7, 15], "R": [[0.48278167507876385, 0.6062565721576284, -0.6319610928877072], [0.13348536599992714, -0.7641416627262466, -0.6310857123638853], [-0.8655076610128928, 0.2203190595514819, -0.4498399723527714]], "T": [0.028409393618723917, 0.002189607893429514, 0.0033636081515803634], "aligned_model": [[0.12263050922460228, -0.5335116636641194, 0.09279612927949799, 0.3536069737502022, -0.20737169029139318, -0.5552444076216903, -0.018988612719873836, -0.5602859529830615, 0.4008327526214565, 0.2685345705375179, 0.4728732016244787, 0.4649903963800651, -0.2577843389497929, -0.16233686389926727, -0.028127167740805148], [-0.4597800337938724, -0.4653677711095974, -0.7694472734564699, 0.04197298945022242, 0.41923061558511016, -0.12900878745305092, 0.7615859355163087, 0.34621011526275935, 0.5611343966258013, 0.48921320687874503, 0.30542352946799434, -0.25054651242819653, 0.18202024565235522, -0.41448326852270095, -0.011316034218309418], [-0.42974588190833596, 0.02019797026195584, 0.02518599279155996, -0.6086902075847169, -0.7599719755432316, -0.5513339611525674, -0.031497135997674744, -0.05882725763007536, -0.41923121392498514, 0.5414786643190626, 0.08689913010558899, 0.4532471101735414, 0.49190280422362825, 0.632287757037766, -0.04254211366064535]], "inverted": true, "swapped": false, "error_lsq": 0.04621814922018324, "error_max": 0.31073023967498775, "target": "802.xyz", "model": "25.xyz", "model_rescale": 4.100010024507729, "target_rescale": 4.070745732681262},
{"mapping": [12, 13, 11, 2, 4, 3, 8, 0, 1, 5, 7, 14], "R": [[0.4490491484171106, -0.8719006397827666, -0.19530523969486824], [0.06461495164449813, 0.24969868519840427, -0.9661653453908225], [0.8911676443463636, 0.4212360869590713, 0.16846479962758612]], "T": [-0.050979096798685695, -0.029569705772787287, 0.07433630918870324], "aligned_model": [[-0.7239389631339702, -0.10879678678689933, 0.4458042858823114, 0.5914349600141432, -0.3663802350405841, 0.14824325139558084, -0.25691361879548325, 0.5291524170104625, 0.23399335804322915, -0.1942487244975998, -0.44022194741490817, 0.018637605686724575], [-0.4047516001761394, -0.7545856451768719, -0.39206959707034644, -0.27994772616696145, 0.7347411125346415, 0.6524039674066575, 0.3487515005007857, 0.38800705762454546, -0.0907708062834475, 0.3906683615595532, 0.0363527850085426, 0.03733198028968037], [0.001048258575503433, 0.03306955630609135, 0.46208664324765647, -0.12679566511578866, -0.09171765142841282, 0.3439960777401794, 0.6558399451441034, -0.13852211431997763, -0.6028158597562396, -0.6421318128175358, -0.3682611265129003, 0.03939603879167748]], "inverted": false, "swapped": true, "error_lsq": 0.05468869760384445, "error_max": 0.3127232507171923, "target": "802.xyz", "model": "26.xyz", "model_rescale": 3.6694154284099745, "target_rescale": 4.070745732681262},
