[{"mapping": [10, 3, 2, 8, 5, 9, 4, 11, 1, 7, 12, 14], "R": [[-0.24683265628597684, -0.5967702253399091, -0.7635043797769356], [-0.21878445877304162, 0.8018586465937576, -0.5560180496011031], [0.9440376053898469, 0.029799480374355425, -0.3284889504674736]], "T": [-0.024148384008947768, -0.06606798947761139, 0.04441414116223924], "aligned_model": [[-0.3490165731375306, 0.25563260661858156, 0.3079191117204508, -0.19877716379585864, -0.11344740283333211, -0.5296161506148188, 0.4594730265962206, -0.31772528732488864, 0.6921524835964574, 0.29660211879005544, -0.6420145918840178, -0.023539715270770225], [-0.25234953784699093, -0.6284956477618933, -0.6177452275477251, 0.6209725567232507, 0.46725923968505967, -0.5765549678977869, -0.2228815052319757, -0.4846986968160927, 0.24113846891685337, 0.4711419677821125, -0.0004271586690408058, 0.03619554464128634], [-0.5278534312272725, 0.1248408361284951, -0.47248156168956107, 0.07178784958003612, -0.5906994530686214, -0.10076960698323814, 0.41951163601281133, 0.5084116167460453, 0.04364364128727671, 0.4107217537718055, 0.3203265643126994, -0.025488099516913887]], "inverted": false, "swapped": true, "error_lsq": 0.05077193575999935, "error_max": 0.3474617185325891, "target": "803.xyz", "model": "0.xyz", "model_rescale": 3.751011558992144, "target_rescale": 4.127977456557202},
{"mapping": [12, 3, 11, 6, 7, 13, 1, 0, 2, 10, 9, 4, 8, 5, 14], "R": [[0.22300246600057777, 0.9202404962897852, 0.32160119580933044], [0.8935913275606884, -0.32481843708040986, 0.3098185311451956], [0.3895695566468046, 0.21828974305030907, -0.8947542392260808]], "T": [-0.001121858821200812, 0.040180701881691094, 0.03907494811206859], "aligned_model": [[-0.5821033053792667, -0.3931631082316786, -0.3209910587848686, 0.2715695406310859, 0.03415230520504375, -0.6342200646469369, 0.5927691475148922, 0.22390402277949872, -0.12865138576606722, 0.05807178242537816, -0.5086834021750086, 0.6619364990176847, 0.4053335807035496, -0.22430782934219706, -0.04930343270652699], [-0.3214922411446205, 0.19219428441479178, -0.6517748618887049, -0.6593090145429901, -0.4153895541680719, 0.3900669399595257, -0.137903294328661, 0.19807479966628153, 0.7953546983736377, -0.17929448183795038, 0.03422378194324574, 0.020750879058344357, 0.5440477915529213, 0.5218080323339298, 0.014452644134741212], [-0.2501107104451891, -0.5985781072392713, 0.27489729991204653, 0.030170873145328292, -0.4414336355284813, -0.026258661037845174, -0.2791468492599692, -0.6679875137638985, -0.27267263691098886, 0.8269712006073205, 0.4592361268845031, 0.46983017558454176, 0.18512351457836212, 0.3681785550805601, 0.043593291378129395]], "inverted": true, "swapped": false, "error_lsq": 0.05266276666350513, "error_max": 0.41898562946254925, "target": "803.xyz", "model": "1.xyz", "model_rescale": 3.9405287249114394, "target_rescale": 4.127977456557202},
{"mapping": [6, 4, 11, 0, 2, 12, 7, 1, 10, 13, 5, 8, 14], "R": [[0.5647648950060529, 0.6913107806209643, 0.4506994763321066], [-0.7585480448173118, 0.21976209840579913, 0.61344069298353], [0.3250315016619708, -0.6883269751371893, 0.6485063594336231]], "T": [-0.040614806382193946, -0.006998253187329377, -0.10204889021271646], "aligned_model": [[-0.3672482398467295, 0.26881539231513796, -0.41650126811468935, 0.5196795751675027, 0.5660481048850221, -0.7180317106088072, 0.001392797795570222, 0.546200626706726, -0.06598049805089945, -0.5172170876361016, 0.040947268949286686, -0.3319870345070062, -0.03013464777108122], [0.7123078449610257, 0.5342948137210759, 0.2951523301781324, -0.4060097057192201, -0.34041322993840883, -0.010430329028188488, 0.4583804155590368, 0.2872790112340345, -0.6620993452159923, -0.6612577951744166, -0.6230219917378017, -0.05480541738280172, -0.07054400788445886], [0.008360159798760536, -0.20419117339247655, -0.5961613445119129, 0.028185158924687564, -0.5521514671017882, -0.15940386798597578, 0.45231087216874644, 0.3180842717906243, -0.29680378973564114, 0.11372027864616208, 0.45440767333568244, 0.5429983503019271, 0.00376522734984798]], "inverted": true, "swapped": true, "error_lsq": 0.04942654246680755, "error_max": 0.307069688054452, "target": "803.xyz", "model": "2.xyz", "model_rescale": 3.932901565614263, "target_rescale": 4.127977456557202},
{"mapping": [13, 8, 5, 12, 10, 2, 0, 9, 11, 3, 7, 6, 1, 14], "R": [[-0.08132559480679055, 0.293768920123988, -0.9524106095579299], [0.8819081006958518, 0.46640964971117793, 0.0685575713056687], [0.4643535824739131, -0.83436314649287, -0.297008232576406]], "T": [0.045115708857101394, -0.06865190620713957, 0.0997129687686196], "aligned_model": [[-0.20161295008167365, 0.48983406467098023, 0.25609207514451016, -0.189316813871895, -0.4266401726112147, -0.32343375258815144, 0.12503770809061854, -0.6791892513331397, -0.3369374308593217, -0.2155085611994332, 0.738835981189346, 0.37911936035671157, 0.6951171338515284, 0.10841252129383841], [-0.008146034099616728, 0.14785991023361195, -0.4667469964653792, 0.50688077734076, -0.3886396516284869, -0.7554840016366583, -0.7562468423226569, 0.015945680671059365, 0.4148048675245931, -0.2361948340181404, 0.13405402953510098, 0.5855481942872669, -0.41817431313938525, -0.11196414793157988], [-0.6985511637754998, -0.4088314836739506, -0.6022776278112901, -0.17596538948060705, -0.2781554753483484, 0.3721661418234222, -0.004817020561264179, 0.026238402571491376, 0.41122167009358535, 0.6520489932870952, 0.1573252734497086, 0.41075092515451583, 0.3503034100050866, 0.0024397073231523375]], "inverted": false, "swapped": true, "error_lsq": 0.05270597276697292, "error_max": 0.38666560042611303, "target": "803.xyz", "model": "3.xyz", "model_rescale": 3.9243930471874484, "target_rescale": 4.127977456557202},
{"mapping": [5, 10, 13, 8, 12, 0, 7, 9, 11, 3, 6, 4, 14], "R": [[0.4688264733144322, 0.7962929643053478, 0.3822554812129637], [0.5656239439839903, -0.6030430990505267, 0.5625020663780116], [0.6784329678837462, -0.04750300711890926, -0.7331249364215577]], "T": [-0.0728710917455334, -0.04324699141481188, -0.05945995394526709], "aligned_model": [[-0.03797731056197308, -0.041329351046078364, 0.46493012345897766, 0.3128051880969829, 0.5878145559817046, -0.5854440852598704, -0.05746836510147389, 0.1587814704307534, 0.20901491236976333, -0.4743403478599051, 0.2272751747071774, -0.4227005030305836, -0.0641555758741222], [-0.7256262496152104, 0.006560907685439085, -0.3184620229613558, -0.6297691197496909, 0.11701118186086722, -0.34259660747484905, -0.48328977533273393, 0.4840949814138847, 0.5570271801555075, 0.44233031484328633, 0.057070424576820586, 0.12409521865479621, -0.1606168803751748], [-0.537918413708244, -0.7408222817562715, -0.6397944750130903, 0.043081954105773486, -0.06207290964708017, -0.4306197234340282, 0.516545076079837, -0.5126933078259776, 0.13274806946925402, 0.004632501343635777, 0.6727486609985475, 0.43933283458632993, -0.09809766982772194]], "inverted": false, "swapped": true, "error_lsq": 0.049923349715205886, "error_max": 0.3187499974236409, "target": "803.xyz", "model": "4.xyz", "model_rescale": 3.8936222436046832, "target_rescale": 4.127977456557202},
{"mapping": [6, 12, 11, 4, 9, 10, 5, 0, 1, 7, 3, 14], "R": [[-0.015787268561697376, -0.35057865013739176, -0.9364002201084778], [-0.2889510820112571, -0.8949589092352781, 0.33993502759339983], [-0.9572136827040685, 0.2759405023700688, -0.08717112363546425]], "T": [-0.11374292243011389, -0.033475327350360407, -0.009023982324848141], "aligned_model": [[0.16729442085053817, -0.5933325729119474, -0.35696270102458316, 0.4028504876424802, -0.7478693270137194, -0.6220251105157371, -0.24628018835686222, 0.05667051621157168, 0.6254575213449756, 0.4178601997130995, 0.03194296880983771, -0.10805817253455618], [-0.4869917647374568, -0.41596860321537454, 0.02731284848325971, 0.11184452478140883, 0.2819442336696577, 0.2465457529735009, -0.25307632606892605, 0.3142476925384578, -0.044519650903813435, -0.5262282970336245, 0.5045908220448422, -0.09077832742212459], [-0.6020009411657024, -0.30209000870914293, -0.652360334177219, -0.34247812821018797, -0.19761651259968674, 0.3528706733808032, 0.784695615649552, 0.5741987900119387, 0.2378040175486288, -0.024813905581151666, -0.309575420104637, 0.10065087323232319]], "inverted": false, "swapped": true, "error_lsq": 0.049628838335932846, "error_max": 0.2296507707818431, "target": "803.xyz", "model": "5.xyz", "model_rescale": 3.6523030999806103, "target_rescale": 4.127977456557202},
{"mapping": [13, 12, 11, 10, 3, 8, 6, 0, 7, 1, 4, 2, 14], "R": [[-0.35160867862605255, -0.600086587879589, 0.7185175183402793], [0.8318460428167102, -0.5523495712562491, -0.05424124061282104], [0.42942228419706086, 0.5786242633869325, 0.6933905563640945]], "T": [0.09944386278646974, -0.03797448579719912, 0.059337030451935155], "aligned_model": [[0.17301393662908846, -0.05089045343420426, 0.19453813011926552, 0.618112781618398, 0.47537724330413467, -0.45070604156559, -0.4936138689944478, 0.3917757988594164, -0.5802032989875994, -0.22129959636600735, -0.04440763546012236, 0.8112497241878842, 0.058136184754079265], [-0.6545132507513035, 0.03764505344318166, 0.5273579799515261, -0.4311950471088199, 0.4061559515251097, -0.4539910437342553, 0.4799492115708552, -0.46718722987526584, -0.016166981536534127, -0.10258927209004318, 0.4305023477774893, -0.06145803036590255, -0.15368278464285448], [0.6216794639844694, 0.7180299129119265, 0.4441603771012053, 0.26931434536632204, -0.1906489188318456, 0.22527240651746988, 0.1870804901442275, -0.41015130835458824, -0.19218008334134334, -0.6480609462802694, -0.33942916798794814, -0.3584891333535398, 0.043532301605703275]], "inverted": false, "swapped": true, "error_lsq": 0.04656800980387205, "error_max": 0.2862462005942995, "target": "803.xyz", "model": "6.xyz", "model_rescale": 4.08911054899281, "target_rescale": 4.127977456557202},
{"mapping": [8, 10, 4, 5, 12, 9, 13, 11, 1, 6, 3, 7, 2, 0, 14], "R": [[0.912919567338684, 0.4081033564227403, 0.00543268319008923], [0.4020081848104745, -0.9014240121483257, 0.1606990033192567], [0.07047895370631874, -0.14452128147407542, -0.9869885086897181]], "T": [-0.0225721397593961, -0.01419902390339934, -0.034050651908566376], "aligned_model": [[-0.6689116136800297, -0.23679809630936008, -0.3697717838647226, 0.16564524734643496, 0.3871058330166527, -0.6136899215511306, 0.6017365475626134, -0.07001053562083213, 0.03452009109800888, 0.021558733781247987, -0.5778975061193701, 0.6183003599390069, 0.4763999952362314, -0.24465653160833506, -0.11721752798183346], [-0.19477865874859307, -0.4511177934210874, -0.5328927402873894, -0.7512298674783514, -0.2867576694348639, 0.4808977687931124, 0.23450485039101504, 0.15125803504684607, 0.7154140176265367, 0.01833630163868801, 0.07216530660236081, -0.2515927692613987, 0.44607312987161973, 0.5907415372381848, 0.10478895494974086], [-0.1556452785010224, -0.5655430101653766, 0.2934531273355122, 0.009088430065628914, -0.5496839143920466, -0.17552941999423033, -0.32436008716143727, -0.5952142850841182, -0.08254132792525763, 0.4620711930507999, 0.5232700602125837, 0.3295639975937227, 0.4010538139941232, 0.65106366226585, -0.09923403830958341]], "inverted": false, "swapped": false, "error_lsq": 0.04879337265313977, "error_max": 0.3098739981897952, "target": "803.xyz", "model": "7.xyz", "model_rescale": 3.964800864290218, "target_rescale": 4.127977456557202},
{"mapping": [6, 11, 12, 7, 13, 4, 8, 9, 3, 0, 1, 5, 10, 14], "R": [[-0.050085314530553884, -0.21171212336960707, 0.9760478666985077], [-0.5459433386425834, 0.8241483740681855, 0.15074922392024453], [-0.8363237006447715, -0.5253165087250722, -0.15686055399856347]], "T": [0.04034291426049949, -0.07701779021367891, 0.0933121293421004], "aligned_model": [[-0.3817368541772558, 0.338438640382587, 0.26578812149309317, -0.6681282423851634, 0.3884116526410475, -0.28333915161376677, -0.34594919961769965, 0.7593534753033756, 0.23510222869930023, 0.02792848496189919, -0.6093198839725131, -0.04196098598571825, 0.5822060129707914, -0.005606409239104333], [-0.392686532440938, -0.4806876110045575, 0.11134659020351079, -0.05224741870226436, 0.6694952450114052, -0.6172696033909838, 0.46915161023321006, -0.11544321104188505, -0.6442970383573544, 0.09711046989804545, -0.2008543257911719, 0.6797799806518483, 0.2558597203027968, 0.0316905906095408], [-0.5054221483394686, -0.3809476501942256, -0.5197852148682773, -0.05871332634500048, -0.059423127258461356, 0.14367259749077538, -0.14279511649627982, -0.04350979537262212, 0.2966192636186241, 0.7712694080685287, 0.505702836960252, 0.43428826886421124, 0.3449214996517077, 0.1309375429452575]], "inverted": false, "swapped": true, "error_lsq": 0.04951273850881956, "error_max": 0.3805667650514431, "target": "803.xyz", "model": "8.xyz", "model_rescale": 4.121658175737393, "target_rescale": 4.127977456557202},
{"mapping": [9, 10, 2, 3, 13, 12, 5, 7, 1, 8, 11, 4, 14], "R": [[0.34447995745868853, 0.49058840173962637, 0.800410256673301], [-0.7088184582290827, 0.6949544094484708, -0.12089153014944273], [-0.6155566198027657, -0.5257008549229176, 0.587135979948689]], "T": [-0.005610115767080814, 0.03467270615265795, -0.005353391694573183], "aligned_model": [[-0.5591559597622681, -0.30653490077434614, 0.2924452121115363, 0.19344141532626097, -0.5894282377669904, -0.6295050210079666, 0.02266500657788922, 0.3516573354188693, 0.7418326962925905, -0.09313530353880414, -0.3847890914324772, 0.42388716412720345, 0.013357180863700215], [0.26970585528613517, -0.21637538238883214, 0.1990524940237952, 0.5633307912655809, -0.5505622497121687, 0.060343505409079755, -0.7808650399260391, -0.11382731303600728, -0.09964860126191204, -0.5099996401387933, 0.600173312026311, 0.45656856189945066, -0.08750885403489046], [-0.424303694646742, -0.5658437671580226, -0.7576432767880321, -0.2916571531036607, -0.14106655931668252, 0.2635168224086627, -0.17821237434641007, 0.6078059700578091, 0.17000442465917542, 0.44067420773989796, 0.10938585096159606, 0.18625624175125438, 0.0021587417402435527]], "inverted": true, "swapped": true, "error_lsq": 0.04514838232340746, "error_max": 0.2920076541546421, "target": "803.xyz", "model": "9.xyz", "model_rescale": 3.833441315466971, "target_rescale": 4.127977456557202},
{"mapping": [9, 13, 3, 4, 5, 8, 1, 0, 10, 7, 7, 6, 12, 11, 14], "R": [[-0.08981385776265854, 0.5413255443132975, 0.8360024677162751], [-0.9552032701266148, 0.19084591912493404, -0.22619581758463414], [-0.281993233417419, -0.81886780998356, 0.4999353218962607]], "T": [0.016575469974108754, 0.042061684439067645, -0.015288010693034797], "aligned_model": [[-0.7581663864954791, -0.20456899357219493, -0.3680296544354455, 0.3114849980326414, 0.16888979342821206, -0.6755182806337012, 0.6982145322022643, 0.26595808233482016, -0.2027014999155595, -0.2966987691881642, -0.2966987691881642, 0.574277661900651, 0.43585051345221903, -0.1872671042964859, -0.05871283238103061], [-0.17279726133253004, -0.04632948797766337, -0.6697914095202384, -0.6806070409452792, -0.39698863513989113, 0.3990627222478078, 0.08461718159332395, 0.2953618551342898, 0.7924890741956602, -0.009106639305765087, -0.009106639305765087, -0.17323070384615513, 0.4235224674024093, 0.5187109225245701, -0.009996002198353587], [0.09204705249085195, -0.7761879175771587, 0.3004110875731894, 0.14808537668047844, -0.5066843529823764, -0.04869252760074054, -0.2966528120106482, -0.5962099485483588, -0.26931652621635743, 0.5705063478529138, 0.5705063478529138, 0.3069650276350633, 0.18895734736485595, 0.42809758874702136, 0.009980831723500595]], "inverted": true, "swapped": false, "error_lsq": 0.046216407151150246, "error_max": 0.43482697210992954, "target": "803.xyz", "model": "10.xyz", "model_rescale": 4.2482417240324, "target_rescale": 4.127977456557202},
{"mapping": [11, 6, 8, 1, 9, 10, 12, 0, 4, 2, 3, 14], "R": [[-0.7329800462019057, 0.26004157617718826, -0.6285846247953695], [-0.6703371668049977, -0.11893833671906234, 0.7324628010065436], [0.11570797150456269, 0.9582442542054641, 0.2614949609696386]], "T": [0.04358175873318178, 0.039510796064904236, 0.03310965852262202], "aligned_model": [[-0.6272730500603777, -0.19805247462364545, 0.4357608689311772, 0.6268511572299377, -0.5093839203793413, 0.01887369146761482, -0.3535076431961009, 0.531752520601365, -0.0037149469999257917, 0.062115641424177456, -0.25740473049783824, 0.15074848846596434], [-0.12361455789001213, -0.7107575424114828, -0.17269450411288992, -0.30039220319590365, 0.5117179743306027, 0.7125529780904637, -0.026377296605821027, 0.44033052134065787, -0.389730487106431, 0.5820070874147727, 0.07887592584239958, 0.06421349435428385], [0.041865745038798786, 0.15554796365879597, 0.5848647662172837, -0.3564106805513767, 0.12488262544442397, 0.15199642231673355, 0.5809908508185206, -0.2687739215035149, -0.42807709390026927, -0.5891057651172572, -0.5227034815171251, 0.09011485894934324]], "inverted": false, "swapped": true, "error_lsq": 0.046341603081187226, "error_max": 0.23365957435257445, "target": "803.xyz", "model": "11.xyz", "model_rescale": 3.6694154284099745, "target_rescale": 4.127977456557202},
{"mapping": [8, 6, 11, 4, 7, 13, 5, 10, 3, 2, 9, 0, 12, 14], "R": [[-0.2861114802497109, -0.46298542429746, -0.8389187789991474], [0.7155834355460664, -0.6855014643967274, 0.1342687196707809], [-0.6372445116604833, -0.5619005598840806, 0.5274345392184219]], "T": [0.10332041632783978, 0.08780217987408263, -0.0521303013804694], "aligned_model": [[0.039074215594139705, 0.14489634165367377, -0.25648961741592124, 0.5529987633432205, 0.5017655479035269, -0.4990235292575927, 0.10458829415238924, -0.2420996808474014, 0.2901647877296659, 0.34846121036481253, -0.47514421632538145, 0.4671526770499652, -0.4987204260751122, 0.12064048238582492], [-0.45466695687381026, 0.4369508059946118, 0.6600628242301192, 0.5022855053787151, -0.06620478560672775, -0.4871954375222079, -0.7283284231562202, -0.15860469793924897, 0.612492679730263, 0.24592548967480443, 0.3320464100075068, -0.25393067158146465, 0.12484037772843679, -0.03468583192852347], [-0.5047547639691236, -0.768124365829419, -0.1927973521562867, -0.21078475378029213, -0.6379459908149138, 0.03908991684332124, 0.12023778438191399, 0.48424544099878447, 0.24929927085653883, 0.7203337912140714, 0.3258860524397881, 0.43873178219940784, -0.3657702712987861, -0.05855108143258905]], "inverted": false, "swapped": true, "error_lsq": 0.04685871767391908, "error_max": 0.2630341843648034, "target": "803.xyz", "model": "12.xyz", "model_rescale": 3.9764082729961374, "target_rescale": 4.127977456557202},
{"mapping": [13, 10, 14, 3, 8, 12, 2, 1, 9, 4, 6, 7, 0, 5, 15], "R": [[0.7325032377056625, -0.19410441720969146, 0.6525047754387763], [-0.4580118449857635, 0.5686044425239251, 0.6833111573761939], [-0.5036508280579501, -0.7993825511992005, 0.3276024728765013]], "T": [-0.10511020988499914, 0.029361111039876993, 0.0031467088783675], "aligned_model": [[-0.6980051759231902, -0.2585666998500833, -0.4747665554056894, 0.2213282831952894, 0.23997571097428944, -0.5141719369456412, 0.601723410034388, 0.045849583054084486, -0.025550332098961737, 0.14679586342551293, -0.5736711283328335, 0.5880422433195571, 0.4417648696865904, -0.2657167150028013, -0.0687181288859284], [-0.11498720322712008, -0.12930774875853518, -0.6416935536577143, -0.7424597157508976, -0.38602777936083044, 0.36150343493180376, 0.14864833115906478, 0.28596849826864396, 0.6244734934001815, 0.08657893588303217, -0.11237227827912469, -0.11234130354724753, 0.4545224703051957, 0.659500396968417, -0.03619557480844842], [-0.04289316081896555, -0.7697842049658992, 0.23084796662403856, 0.08172131597943445, -0.4529460597607712, -0.35680261405765806, -0.3467337089417945, -0.557822423959091, -0.028643300963337517, 0.6733206956375709, 0.5896798432831527, 0.26865339662779913, 0.22057117721966393, 0.5322534435529825, 0.08039055752802342]], "inverted": true, "swapped": false, "error_lsq": 0.043953266714074984, "error_max": 0.39513897984202506, "target": "803.xyz", "model": "13.xyz", "model_rescale": 4.170626492500431, "target_rescale": 4.127977456557202},
{"mapping": [2, 0, 4, 1, 11, 6, 7, 10, 9, 5, 13, 8, 12, 14], "R": [[0.006994313871656471, -0.18356527720505378, 0.9829826390013695], [0.9695848763529966, 0.24174866455935642, 0.03824592437518459], [-0.2446553639735073, 0.9528175964938934, 0.17967298263954745]], "T": [-0.0016837644817045867, 0.05881299829901905, -0.006999553160787028], "aligned_model": [[0.3347887861771129, -0.058403094118980634, -0.32416765403369907, -0.6753908810845745, 0.3287624198724597, -0.38262829332656856, -0.6992040502208449, 0.5207604620915622, 0.7248226412739949, -0.11074556444264579, 0.3502217143186763, -0.37594460736420016, 0.26099567969523463, -0.05068453674588372], [-0.5268024291097921, -0.6367990155589185, 0.20670393306155088, -0.24972239811425279, 0.6187772028194393, 0.7526728289472014, 0.2384909350860533, -0.3204598376738185, 0.1555435426322126, -0.5033477620690782, -0.06086836409718441, 0.12863735066420723, 0.562339588573382, -0.009091107235336043], [-0.4820138247203527, -0.061841914748275884, -0.5297908026635247, -0.24863557050988955, -0.23933150003212456, -0.10559276981751059, 0.07569252804938982, 0.21868712343432162, -0.009140377440472844, 0.5995169997854741, 0.7437337699925793, 0.5916010015232636, 0.3667055675500287, 0.08428287071796012]], "inverted": false, "swapped": true, "error_lsq": 0.05560946656387279, "error_max": 0.4291782730408106, "target": "803.xyz", "model": "14.xyz", "model_rescale": 3.9786697098870705, "target_rescale": 4.127977456557202},
{"mapping": [8, 6, 13, 5, 12, 9, 4, 3, 10, 0, 11, 14], "R": [[0.7686196297956548, -0.1676394066940181, -0.6173498959391412], [-0.6001677245038655, 0.14504412015609047, -0.7866135681972428], [0.22141040435499698, 0.975120111848496, 0.010871996685683834]], "T": [-0.04173599524350407, -0.06898114410367219, 0.04770907537869054], "aligned_model": [[-0.028305882043023443, -0.7769546884067361, 0.5849700738436006, 0.5571208116140959, -0.06336240876286423, 0.30601235702712143, -0.5663084304628182, -0.19991119899701368, 0.6182668875235606, 0.37452276721015243, -0.3411159976388176, 0.018420305860079346], [-0.4156415200933955, 0.03919968701388436, 0.037038698667481426, -0.5681594458882214, 0.37902596090293184, 0.5712813427568428, -0.16782513420042983, 0.15544998878676802, 0.09984332327149746, -0.5080276853165591, 0.5531631314503936, -0.16067385712675453], [-0.5710925556344096, -0.24217228314017522, -0.4979656564128804, -0.24889347621853578, -0.46318912079527175, 0.12713180733819512, 0.38569118140204584, 0.6183946265274007, 0.1079155861048385, 0.39994141082227463, 0.05409963063845287, -0.00989465675810526]], "inverted": true, "swapped": true, "error_lsq": 0.05147075989987321, "error_max": 0.3206294672793851, "target": "803.xyz", "model": "15.xyz", "model_rescale": 3.769337070930944, "target_rescale": 4.127977456557202},
{"mapping": [8, 6, 0, 1, 13, 12, 10, 11, 2, 4, 14], "R": [[-0.03799650751012984, 0.0480907161339682, 0.9981200070325988], [-0.9641187019978136, -0.2643877348937763, -0.023963599391366497], [0.26273826115563054, -0.9632166987025613, 0.05641096937170437]], "T": [-0.010962715937231804, 0.03854403075934909, 0.014925435583903836], "aligned_model": [[-0.23351112449885272, -0.39538015666274745, -0.08796865806382112, -0.7264843156598422, 0.5055645399684978, 0.33851398428844526, 0.544872428069102, 0.2630302530005059, 0.19714492358755226, -0.44508372208481617, -0.038072021252852646], [-0.0502550412231766, -0.6599971221919935, 0.7339778751173215, 0.3395957887170584, 0.1493256301040714, -0.46760708531306383, 0.42261024584753476, -0.5104599710409964, 0.6397386804004475, -0.10453697902501552, 0.10367247623315436], [-0.6527991883653103, 0.038255885946745984, 0.038221224928296105, 0.08463923653144115, -0.6352196621910129, -0.2746813986758219, -0.09123842405984148, 0.33155642524747025, 0.5412845981009625, 0.45109633651913095, -0.08689742675828369]], "inverted": false, "swapped": true, "error_lsq": 0.04433189390821091, "error_max": 0.2799786048374844, "target": "803.xyz", "model": "16.xyz", "model_rescale": 3.7852294659196426, "target_rescale": 4.127977456557202},
{"mapping": [7, 5, 13, 8, 1, 0, 2, 10, 12, 11, 3, 9, 14], "R": [[-0.7250685203958225, -0.3445437973287815, -0.5962928914998706], [-0.23938992108431825, 0.9379534853890995, -0.2508699362811022], [0.6457306763769681, -0.03915138527183912, -0.7625608583038074]], "T": [0.01859934918732866, 0.12242454872823133, -0.12415862925092432], "aligned_model": [[-0.18295360000473385, -0.3373329450545, 0.3012733453765319, 0.03195531513196189, -0.6490887306988259, -0.5883275333630059, -0.4001522674186061, 0.04579416438560826, 0.6611252541916539, 0.5861908896952835, -0.05594519844941632, 0.47988705846637747, -0.0386599020420461], [-0.24317903824694825, -0.48206446926325824, -0.4124655925632182, -0.5769352191994961, 0.05376007247766583, 0.13792681605020796, 0.6860662539824258, 0.13167363435828763, -0.09862393774841036, 0.48050466595270447, 0.7491229837019144, 0.43127349099076917, 0.017995963210229837], [-0.7169209054994993, 0.3271580608344359, 0.45528038016704114, -0.2424243298751883, -0.5203166183925787, 0.2244102731888955, 0.31029836061041954, 0.5591460073647673, -0.10195361232510709, -0.2864891483400757, -0.17672200815703143, 0.3543796859037315, -0.09009144833663624]], "inverted": true, "swapped": true, "error_lsq": 0.04147351106718666, "error_max": 0.22777385550619514, "target": "803.xyz", "model": "17.xyz", "model_rescale": 3.901054581598922, "target_rescale": 4.127977456557202},
{"mapping": [12, 3, 11, 6, 7, 13, 1, 0, 2, 10, 9, 4, 8, 5, 14], "R": [[0.22300246600057777, 0.9202404962897852, 0.32160119580933044], [0.8935913275606884, -0.32481843708040986, 0.3098185311451956], [0.3895695566468046, 0.21828974305030907, -0.8947542392260808]], "T": [-0.001121858821200812, 0.040180701881691094, 0.03907494811206859], "aligned_model": [[-0.5821033053792667, -0.3931631082316786, -0.3209910587848686, 0.2715695406310859, 0.03415230520504375, -0.6342200646469369, 0.5927691475148922, 0.22390402277949872, -0.12865138576606722, 0.05807178242537816, -0.5086834021750086, 0.6619364990176847, 0.4053335807035496, -0.22430782934219706, -0.04930343270652699], [-0.3214922411446205, 0.19219428441479178, -0.6517748618887049, -0.6593090145429901, -0.4153895541680719, 0.3900669399595257, -0.137903294328661, 0.19807479966628153, 0.7953546983736377, -0.17929448183795038, 0.03422378194324574, 0.020750879058344357, 0.5440477915529213, 0.5218080323339298, 0.014452644134741212], [-0.2501107104451891, -0.5985781072392713, 0.27489729991204653, 0.030170873145328292, -0.4414336355284813, -0.026258661037845174, -0.2791468492599692, -0.6679875137638985, -0.27267263691098886, 0.8269712006073205, 0.4592361268845031, 0.46983017558454176, 0.18512351457836212, 0.3681785550805601, 0.043593291378129395]], "inverted": true, "swapped": false, "error_lsq": 0.05266276666350513, "error_max": 0.41898562946254925, "target": "803.xyz", "model": "18.xyz", "model_rescale": 3.9405287249114394, "target_rescale": 4.127977456557202},
{"mapping": [1, 0, 2, 5, 8, 3, 7, 4, 12, 11, 10, 9, 13, 14, 15], "R": [[-0.30142570518134293, 0.9531474280674544, -0.025544561541104183], [-0.4233213075018708, -0.10977060695323487, 0.8993050008000762], [0.8543662065360713, 0.2818872012304133, 0.43657529810062295]], "T": [-0.03309517346710393, 0.08494403466304454, -0.05468168823701887], "aligned_model": [[-0.6097151200270156, -0.12407972388690472, -0.49649806776002553, 0.13997150326222257, 0.2509289028943273, -0.8185641914201166, 0.6340455929399986, 0.21283838081299145, -0.24058311636683638, 0.18085882974416012, -0.4556618249422074, 0.6242270491150146, 0.37498852933818483, -0.21206390539981868, -0.05437954705939185], [-0.0621816456210173, -0.12812231169850016, -0.5728305073595602, -0.6920988971349298, -0.5138447829763665, 0.3760693894131887, 0.0519177973806037, 0.3634360934527959, 0.5653630084943022, 0.0031103722003268663, -0.016993193918365818, -0.18928794465376367, 0.5058030528546346, 0.5942298823843656, 0.0612400907087064], [-0.33995856323679047, -0.701982855846811, 0.2738235513573329, 0.18514085096132865, -0.4194479578577021, 0.09930871578705598, -0.2770732671919121, -0.6844625141489256, -0.21680949382122938, 0.6285021362916571, 0.6002612584665744, 0.2312101867371132, 0.2734573427902315, 0.5005993940783766, -0.030755861381151307]], "inverted": false, "swapped": false, "error_lsq": 0.03771623864087497, "error_max": 0.29309604385908716, "target": "803.xyz", "model": "19.xyz", "model_rescale": 4.410303926677745, "target_rescale": 4.127977456557202},
{"mapping": [6, 11, 12, 7, 13, 4, 8, 9, 3, 0, 1, 5, 10, 14], "R": [[-0.050085314530553884, -0.21171212336960707, 0.9760478666985077], [-0.5459433386425834, 0.8241483740681855, 0.15074922392024453], [-0.8363237006447715, -0.5253165087250722, -0.15686055399856347]], "T": [0.04034291426049949, -0.07701779021367891, 0.0933121293421004], "aligned_model": [[-0.3817368541772558, 0.338438640382587, 0.26578812149309317, -0.6681282423851634, 0.3884116526410475, -0.28333915161376677, -0.34594919961769965, 0.7593534753033756, 0.23510222869930023, 0.02792848496189919, -0.6093198839725131, -0.04196098598571825, 0.5822060129707914, -0.005606409239104333], [-0.392686532440938, -0.4806876110045575, 0.11134659020351079, -0.05224741870226436, 0.6694952450114052, -0.6172696033909838, 0.46915161023321006, -0.11544321104188505, -0.6442970383573544, 0.09711046989804545, -0.2008543257911719, 0.6797799806518483, 0.2558597203027968, 0.0316905906095408], [-0.5054221483394686, -0.3809476501942256, -0.5197852148682773, -0.05871332634500048, -0.059423127258461356, 0.14367259749077538, -0.14279511649627982, -0.04350979537262212, 0.2966192636186241, 0.7712694080685287, 0.505702836960252, 0.43428826886421124, 0.3449214996517077, 0.1309375429452575]], "inverted": false, "swapped": true, "error_lsq": 0.04951273850881956, "error_max": 0.3805667650514431, "target": "803.xyz", "model": "20.xyz", "model_rescale": 4.121658175737393, "target_rescale": 4.127977456557202},
{"mapping": [13, 12, 11, 10, 3, 8, 6, 0, 7, 1, 4, 2, 14], "R": [[-0.35160867862605255, -0.600086587879589, 0.7185175183402793], [0.8318460428167102, -0.5523495712562491, -0.05424124061282104], [0.42942228419706086, 0.5786242633869325, 0.6933905563640945]], "T": [0.09944386278646974, -0.03797448579719912, 0.059337030451935155], "aligned_model": [[0.17301393662908846, -0.05089045343420426, 0.19453813011926552, 0.618112781618398, 0.47537724330413467, -0.45070604156559, -0.4936138689944478, 0.3917757988594164, -0.5802032989875994, -0.22129959636600735, -0.04440763546012236, 0.8112497241878842, 0.058136184754079265], [-0.6545132507513035, 0.03764505344318166, 0.5273579799515261, -0.4311950471088199, 0.4061559515251097, -0.4539910437342553, 0.4799492115708552, -0.46718722987526584, -0.016166981536534127, -0.10258927209004318, 0.4305023477774893, -0.06145803036590255, -0.15368278464285448], [0.6216794639844694, 0.7180299129119265, 0.4441603771012053, 0.26931434536632204, -0.1906489188318456, 0.22527240651746988, 0.1870804901442275, -0.41015130835458824, -0.19218008334134334, -0.6480609462802694, -0.33942916798794814, -0.3584891333535398, 0.043532301605703275]], "inverted": false, "swapped": true, "error_lsq": 0.04656800980387205, "error_max": 0.2862462005942995, "target": "803.xyz", "model": "21.xyz", "model_rescale": 4.08911054899281, "target_rescale": 4.127977456557202},
{"mapping": [8, 1, 11, 15, 2, 6, 3, 4, 7, 9, 5, 14, 12, 10, 16], "R": [[0.7600550619842266, -0.311562745320951, 0.5703025148815547], [0.5896381140522877, -0.03831881619566902, -0.8067580571535831], [0.27320907234024105, 0.9494526444501774, 0.15458485934123734]], "T": [-0.05012241026600367, 0.04657872819115853, -0.03906358128237909], "aligned_model": [[-0.7155865944212481, -0.42019086513422066, -0.4280772900593142, 0.19314003678120403, 0.24646745186868252, -0.662782653541709, 0.7876071014090746, 0.27734973597060264, -0.11415921088444131, 0.08462352493847353, -0.4421218766595535, 0.5245832335562901, 0.40575980573153037, -0.29000836828971877, -0.04029074002106905], [-0.14726274105153453, -0.4359206194293478, -0.5906821711255994, -0.6400457120815453, -0.3661963801729649, 0.4568714965675787, 0.12214274911298999, 0.1758195694778798, 0.7548343048234103, 0.009495876564030156, -0.012090112982855589, -0.09460526435312282, 0.47147097922429454, 0.5638170980973857, 0.07816133085582155], [-0.05763566970835333, -0.549202875518057, 0.15313861771874704, -0.009444706034085384, -0.5518061999198068, -0.14801953145828994, -0.2553461910900974, -0.6410195466572979, -0.04740110761244952, 0.6595178431941023, 0.5445659582121862, 0.20913611483976102, 0.35667305612090366, 0.5319483319512504, -0.07329117105336463]], "inverted": false, "swapped": false, "error_lsq": 0.03906223682578733, "error_max": 0.35213192340628285, "target": "803.xyz", "model": "22.xyz", "model_rescale": 4.204369325754507, "target_rescale": 4.127977456557202},
{"mapping": [1, 0, 2, 5, 8, 3, 7, 4, 12, 11, 10, 9, 13, 14, 15], "R": [[-0.30142570518134293, 0.9531474280674544, -0.025544561541104183], [-0.4233213075018708, -0.10977060695323487, 0.8993050008000762], [0.8543662065360713, 0.2818872012304133, 0.43657529810062295]], "T": [-0.03309517346710393, 0.08494403466304454, -0.05468168823701887], "aligned_model": [[-0.6097151200270156, -0.12407972388690472, -0.49649806776002553, 0.13997150326222257, 0.2509289028943273, -0.8185641914201166, 0.6340455929399986, 0.21283838081299145, -0.24058311636683638, 0.18085882974416012, -0.4556618249422074, 0.6242270491150146, 0.37498852933818483, -0.21206390539981868, -0.05437954705939185], [-0.0621816456210173, -0.12812231169850016, -0.5728305073595602, -0.6920988971349298, -0.5138447829763665, 0.3760693894131887, 0.0519177973806037, 0.3634360934527959, 0.5653630084943022, 0.0031103722003268663, -0.016993193918365818, -0.18928794465376367, 0.5058030528546346, 0.5942298823843656, 0.0612400907087064], [-0.33995856323679047, -0.701982855846811, 0.2738235513573329, 0.18514085096132865, -0.4194479578577021, 0.09930871578705598, -0.2770732671919121, -0.6844625141489256, -0.21680949382122938, 0.6285021362916571, 0.6002612584665744, 0.2312101867371132, 0.2734573427902315, 0.5005993940783766, -0.030755861381151307]], "inverted": false, "swapped": false, "error_lsq": 0.03771623864087497, "error_max": 0.29309604385908716, "target": "803.xyz", "model": "23.xyz", "model_rescale": 4.410303926677745, "target_rescale": 4.127977456557202},
{"mapping": [1, 11, 7, 13, 14, 3, 15, 9, 4, 12, 0, 6, 5, 2, 16], "R": [[0.4574192135507709, -0.33463791108710444, -0.8238841736177808], [0.45881826882225946, 0.8824586965685828, -0.10369399715230984], [0.7617436965735519, -0.33058148362202255, 0.5571915500227218]], "T": [-0.025254114673747934, 0.008323386502186655, -0.1183420536297312], "aligned_model": [[-0.8698317636298086, -0.21920916533466075, -0.3934070470155382, 0.24653582104221278, 0.4294727992988612, -0.7126042136642223, 0.6358029718714581, 0.1867798109418608, -0.09213595768920635, 0.12448077241000377, -0.40764964500216405, 0.6279612477320968, 0.30478645059470677, -0.3254972542075321, -0.12917153610348533], [-0.129185979368528, -0.3730226387889273, -0.49363861685465993, -0.5864295787642017, -0.3882309371035615, 0.5558261780711696, 0.18900674027107406, 0.10508920763755941, 0.69043130975371, -0.14435317216175425, 0.06862655144918331, -0.20832492172920264, 0.36367932400391745, 0.6346396784398384, 0.06169725867080331], [-0.18249124498881392, -0.5849019468144698, 0.11495702968698522, 0.13970012311563978, -0.4251287745828561, 0.07411968094630646, -0.3175184699895509, -0.6998039817698422, -0.05399943087078565, 0.6565419162704405, 0.5301353922142954, 0.20456860060340998, 0.28215440876098397, 0.4736680060776581, -0.09018838567425189]], "inverted": true, "swapped": false, "error_lsq": 0.03868630714806312, "error_max": 0.2410639459134577, "target": "803.xyz", "model": "24.xyz", "model_rescale": 4.28219845311461, "target_rescale": 4.127977456557202},
{"mapping": [11, 9, 8, 1, 3, 12, 4, 7, 13, 6, 10, 0, 2, 14, 15], "R": [[-0.27996643922571374, -0.18269581793336676, 0.9424654004349087], [-0.7124327323572133, -0.6184896516948846, -0.33152700133228336], [0.6434736939248645, -0.764259634454155, 0.04299786472246431]], "T": [-0.06327843935138283, 0.010546581989440973, -0.05815694917806348], "aligned_model": [[-0.6051975301677059, -0.4060166192622518, -0.22072239408875188, 0.18107744210545193, 0.2577600849610559, -0.6246355183701933, 0.6361483278385593, 0.16291198671529672, -0.019418888450021737, 0.09910857347225338, -0.558213409940696, 0.6155870658075921, 0.2764784966907708, -0.3896912356663959, 0.0011369095996189432], [0.014639114755279098, -0.0769426273903003, -0.5170456563292039, -0.5811400285780721, -0.4612625876127257, 0.5127164493798324, 0.03305365466925919, 0.25913408665976023, 0.5693751503659863, -0.10516157833610923, -0.1172300485010366, -0.11829243048809202, 0.47312952212637893, 0.45831225114000346, 0.002525131665460416], [-0.005393122241755269, -0.6341342596273225, 0.36469513856823527, -0.04952231431303106, -0.5819658057721746, -0.1890139488135799, -0.27015742569480056, -0.7600031926158858, -0.2548888172064955, 0.8207282621330124, 0.5488169599944264, 0.37554376191758354, 0.3151556173040111, 0.4644377473378807, -0.022485677984956084]], "inverted": true, "swapped": false, "error_lsq": 0.045014963895624996, "error_max": 0.30263252223330794, "target": "803.xyz", "model": "25.xyz", "model_rescale": 4.100010024507729, "target_rescale": 4.127977456557202},
{"mapping": [11, 6, 8, 1, 9, 10, 12, 0, 4, 2, 3, 14], "R": [[-0.7329800462019057, 0.26004157617718826, -0.6285846247953695], [-0.6703371668049977, -0.11893833671906234, 0.7324628010065436], [0.11570797150456269, 0.9582442542054641, 0.2614949609696386]], "T": [0.04358175873318178, 0.039510796064904236, 0.03310965852262202], "aligned_model": [[-0.6272730500603777, -0.19805247462364545, 0.4357608689311772, 0.6268511572299377, -0.5093839203793413, 0.01887369146761482, -0.3535076431961009, 0.531752520601365, -0.0037149469999257917, 0.062115641424177456, -0.25740473049783824, 0.15074848846596434], [-0.12361455789001213, -0.7107575424114828, -0.17269450411288992, -0.30039220319590365, 0.5117179743306027, 0.7125529780904637, -0.026377296605821027, 0.44033052134065787, -0.389730487106431, 0.5820070874147727, 0.07887592584239958, 0.06421349435428385], [0.041865745038798786, 0.15554796365879597, 0.5848647662172837, -0.3564106805513767, 0.12488262544442397, 0.15199642231673355, 0.5809908508185206, -0.2687739215035149, -0.42807709390026927, -0.5891057651172572, -0.5227034815171251, 0.09011485894934324]], "inverted": false, "swapped": true, "error_lsq": 0.046341603081187226, "error_max": 0.23365957435257445, "target": "803.xyz", "model": "26.xyz", "model_rescale": 3.6694154284099745, "target_rescale": 4.127977456557202},
