[{"mapping": [3, 1, 4, 11, 10, 2, 7, 5, 12, 8, 0, 13], "R": [[-0.94472417262589, -0.2335201961122541, -0.2301402956112255], [0.3266915285196083, -0.7298267341399244, -0.6005210931584121], [-0.027728736896039927, -0.6425116778256615, 0.7657740273787064]], "T": [-0.04602176609853371, 0.04385320181978079, 0.057603952716719066], "aligned_model": [[-0.27624338643745183, 0.14930844545674427, 0.3900307691937603, -0.12103023281919492, -0.058505152985486704, -0.5173365651728732, 0.40083681918693204, -0.18446589888620843, 0.6382865240946822, 0.2289857073311285, -0.7259204516542005, -0.08630411484728281], [-0.39808716826081736, -0.5866374046320938, -0.39870772307689795, 0.7748069160538651, 0.4848358344512612, -0.5697857764542978, -0.4099499494049449, -0.463447034249454, 0.12063743390866116, 0.5784473739251135, -0.0043614793011751, -0.07419598698216255], [-0.4650600910362253, -0.04375093702503426, -0.607659760842328, -0.053562738297125566, -0.5902494758550039, 0.08658045330255368, 0.4535291710882359, 0.6080923348907512, 0.10282226958146545, 0.4587455002585513, 0.1987471784418278, 0.033717840845894166]], "inverted": true, "swapped": true, "error_lsq": 0.04576985871603681, "error_max": 0.2883914223038924, "target": "804.xyz", "model": "0.xyz", "model_rescale": 3.751011558992144, "target_rescale": 4.255748549993484},
{"mapping": [9, 7, 12, 3, 0, 11, 10, 6, 4, 5, 2, 8, 1, 14], "R": [[0.5000221563062851, -0.6896399092367584, -0.5238078262022517], [-0.5052202560188493, -0.7235531365397573, 0.4703438651792191], [-0.7033706960849743, 0.029455970386232794, -0.7102126510401967]], "T": [-0.03484968833567624, -0.027790776581396795, -0.031195520866612023], "aligned_model": [[-0.5983564812104676, 0.4676880575409713, -0.10439132855580323, -0.05621218820062428, 0.40315436423663054, -0.025141714737944396, -0.28643747903712746, 0.5140239375262915, 0.21264487213404765, -0.6029351850604862, -0.3471767209483261, -0.0848993267007883, 0.6296651854555982, -0.05740528090570141], [-0.020698483247344843, -0.41056601916412533, -0.6420783307197121, -0.7575137597098179, -0.42387984406522855, -0.09445440182707403, 0.604913919763384, 0.08688255568731705, 0.7208311748180406, 0.12152992012932633, -0.29617325106380493, 0.3760637455201899, 0.08531674023490095, -0.05632736444734587], [-0.37266208598466943, -0.23272951658990276, -0.4432511787375744, 0.1934239373431631, 0.4450086570334874, -0.8263009888671821, -0.48818797039076123, -0.5305085639264407, 0.031138950580607186, 0.18109730741632912, 0.6858545290449575, 0.49303230252460517, 0.14575707613510863, -0.07219211633686395]], "inverted": false, "swapped": false, "error_lsq": 0.04483105489480418, "error_max": 0.28089955540749084, "target": "804.xyz", "model": "1.xyz", "model_rescale": 3.9405287249114394, "target_rescale": 4.255748549993484},
{"mapping": [4, 10, 3, 8, 9, 1, 12, 11, 0, 5, 6, 7, 13], "R": [[-0.45984643154156457, 0.6885636807112865, 0.5607328392414833], [0.4977701827746136, -0.32304492146919855, 0.8049017479503244], [0.7353680061975892, 0.6492472844134856, -0.19419541483438185]], "T": [-0.006463093016541403, -0.039536369389376755, -0.004751858137960066], "aligned_model": [[-0.5075972782416351, 0.43151921686200345, -0.41061073608332743, 0.48285712702871425, 0.43740337735404683, -0.658597597682793, -0.02941602668094382, 0.7276256258359338, 0.044170921719573465, -0.48826970326799635, 0.1043551773348898, -0.5200029978158262, -0.117453827078708], [0.7147427155886225, 0.5155414241501565, 0.2127932348940153, -0.15956510932793405, -0.28426752084041995, 0.10230043659639602, 0.32729446819205366, 0.0691276482957612, -0.5523588029340322, -0.6089179684592289, -0.684628993051405, -0.13964593460650893, -0.053583004925459275], [-0.09697650084341466, -0.34297622375290937, -0.5474169862016505, 0.513411633724438, -0.3969090451200088, 0.01865793332420617, 0.5793086266923579, -0.04454532163903655, -0.4726809515581582, 0.14764483239853743, 0.2879663884225391, 0.5324925136130438, -0.06485654947130073]], "inverted": false, "swapped": true, "error_lsq": 0.05472686762002004, "error_max": 0.33140637391924954, "target": "804.xyz", "model": "2.xyz", "model_rescale": 3.932901565614263, "target_rescale": 4.255748549993484},
{"mapping": [8, 5, 9, 7, 4, 12, 10, 6, 1, 3, 0, 1, 2, 13], "R": [[-0.18006158492376315, 0.9252699704087249, 0.3338462333089592], [-0.8934951526604248, -0.29579356492809616, 0.33789433129227314], [0.41139304540435134, -0.2374482023662545, 0.8799852915736533]], "T": [-0.13889645854860883, -0.055953375827687855, -0.05804681736348358], "aligned_model": [[-0.813444076699325, 0.33338410885676095, -0.2629000103403978, -0.19705319880913436, 0.4973264726653464, 0.15503172307844354, -0.011925942223591446, 0.48000211323189707, -0.008584643890074017, -0.5414568184705523, -0.030055473979845482, -0.008584643890074017, 0.5460244335033553, -0.07354333149653883], [-0.29244527739812165, -0.46860348982494243, -0.558089674660643, -0.757525348578052, -0.45726910517803193, -0.049942950257938705, 0.4707832704802098, 0.1087041047625378, 0.6034392148540214, -0.03400683852539996, -0.003916347208624042, 0.6034392148540214, 0.18199742716577624, -0.05271759857610758], [-0.2249114836973267, -0.40943070248626734, -0.5798467751310246, 0.06093682840590128, 0.3862419082545536, -0.7628162186497626, -0.526632384492583, -0.29583818099027315, 0.25338353315909623, 0.2552405654037987, 0.6010405189384727, 0.25338353315909623, 0.35239518848363593, -0.1536659911124542]], "inverted": true, "swapped": false, "error_lsq": 0.057348737781740426, "error_max": 0.42660724417947865, "target": "804.xyz", "model": "3.xyz", "model_rescale": 3.9243930471874484, "target_rescale": 4.255748549993484},
{"mapping": [2, 0, 5, 1, 7, 3, 4, 6, 8, 11, 12, 10, 13], "R": [[0.6609163281590378, 0.3211039202335056, -0.6782933580564161], [-0.2625366473192306, 0.9456550357905691, 0.191862091352918], [0.7030391994669665, 0.05127207519314941, 0.7093004006189727]], "T": [-0.04044575637249358, 0.021000021402801203, -0.07657986247857815], "aligned_model": [[-0.0362933504292106, -0.28604177200200576, 0.49122462895289853, 0.23545100873860947, 0.6733904189999348, -0.382541554742714, -0.12643917330275667, 0.3569605914312115, 0.19952815205345403, -0.4481740588979445, 0.3350992397829515, -0.7007645556036023, -0.03419368866947324], [-0.52070020153028, 0.030495554011526475, -0.18384182849076602, -0.5835023669535007, -0.1963187842796415, -0.6137112113683424, -0.6676176792495946, 0.41250878351356424, 0.6839419871642839, 0.6207152776671314, 0.12153378849864983, 0.12003870678826799, -0.09571247208971136], [-0.629819140792287, -0.7278100216630196, -0.5814800350156315, -0.010225152641213459, -0.0018327871259416761, -0.11661863796196931, 0.5124775107470526, -0.5270221317341549, 0.08233852463406674, 0.08582973805931665, 0.4935756145983736, 0.33391496613927685, -0.12625813187290524]], "inverted": false, "swapped": true, "error_lsq": 0.04833941965641456, "error_max": 0.3041724185129685, "target": "804.xyz", "model": "4.xyz", "model_rescale": 3.8936222436046832, "target_rescale": 4.255748549993484},
{"mapping": [7, 6, 2, 1, 0, 9, 11, 10, 4, 12, 3, 13], "R": [[-0.8305323952567479, 0.4261398105074954, -0.35863742460837117], [0.5268028743694566, 0.8100655258838855, -0.25743460398816365], [0.18081668060543432, -0.40273900441241106, -0.8972773385858647]], "T": [-0.1206978578872239, -0.12129161466026209, 0.021188827854823497], "aligned_model": [[0.1808419844102742, -0.637561679983801, -0.2725413379834255, 0.3138686443799761, -0.6990854290809777, -0.6404081495013867, -0.38810616338249904, 0.04827900692451345, 0.7259756220884575, 0.35267530059768615, 0.13936077042589132, -0.09575052667961173], [-0.5716108437102971, -0.555564322534638, 0.31560420932216016, -0.002896064693355613, 0.21482079116637073, 0.12992074060525452, -0.18616238510465924, 0.2442702608080882, 0.20922207422951436, -0.604186264287387, 0.5227997977052637, -0.047295088396507284], [-0.497138278615921, -0.22040620234958658, -0.5997746731731644, -0.47184216397036655, -0.17117685620039208, 0.2995619671189139, 0.7115236863962792, 0.6936075340977084, -0.02863600652479477, 0.15884405184664518, -0.1763124383879931, -0.07896590096181012]], "inverted": true, "swapped": true, "error_lsq": 0.04812452028307456, "error_max": 0.2348318772841908, "target": "804.xyz", "model": "5.xyz", "model_rescale": 3.6523030999806103, "target_rescale": 4.255748549993484},
{"mapping": [4, 12, 7, 3, 5, 10, 8, 3, 11, 9, 6, 2, 13], "R": [[0.13789784722498696, -0.7241786444022562, -0.6756844490754726], [0.1972446918791365, 0.6886163069125522, -0.6977837153299169], [0.9706073950141835, -0.037052298792767, 0.23779909986783557]], "T": [0.010728938962202672, -0.002821740721520631, 0.013203474496541322], "aligned_model": [[0.3221814639899594, -0.1949252069323522, 0.3904671322379608, 0.4590342881359815, 0.5652530302012011, -0.454964777215427, -0.5438187697309063, 0.4590342881359815, -0.6967647120295428, -0.2547149676242157, -0.007433729610663409, 0.7049040204346566, 0.13283084467166104], [-0.5833848984816979, 0.1707249907040102, 0.4607776915431062, -0.5676031473361552, 0.5023831007090688, -0.6330877125970213, 0.45271800267229845, -0.5676031473361552, -0.11204947633695259, -0.12377317594250278, 0.6517855930485078, -0.07400722448722019, -0.03605369199610321], [0.6413129704158286, 0.648660990615926, 0.46403730732071075, -0.025978976361001764, -0.11652264761644002, 0.028360966089714605, 0.09861402084372717, -0.025978976361001764, -0.1862950748767596, -0.5574175223880777, -0.2788042481087039, -0.32233140630379564, 0.0024523362116625168]], "inverted": false, "swapped": true, "error_lsq": 0.05844930312868694, "error_max": 0.43720718780888257, "target": "804.xyz", "model": "6.xyz", "model_rescale": 4.08911054899281, "target_rescale": 4.255748549993484},
{"mapping": [3, 11, 9, 1, 13, 8, 4, 10, 5, 6, 2, 7, 12, 14], "R": [[-0.12271785175401634, -0.5005541650110286, -0.8569631595062832], [0.2220288260398626, -0.855450404291398, 0.4678758448616946], [-0.9672866841160588, -0.13285380569556898, 0.21611648952350743]], "T": [0.0010601699711944206, -0.05197350340757, -0.05250100197747921], "aligned_model": [[-0.7068799326582568, 0.4525070159620792, -0.190779520729371, -0.12925084635401823, 0.39978030813977217, -0.04809851213275882, -0.271224272142365, 0.5311144059832221, 0.21693380233280585, -0.44459510215644277, -0.3561044384178036, -0.06124028375337307, 0.6735236290810226, -0.001465541618242065], [-0.03293024601537919, -0.3945753807141899, -0.645846050118501, -0.7420006872604604, -0.2884573324452841, -0.015236980491936593, 0.4889690366898143, 0.15456078322946376, 0.6785617448016235, 0.08394057983192002, -0.270474315612622, 0.3795995982627095, 0.09567013009971062, -0.19793427834816307], [-0.4059265269508042, -0.2053105627648161, -0.5269166838881587, 0.1592242525948906, 0.5140607090250514, -0.7317526675204173, -0.41318346703248077, -0.49483684026217034, -0.03773429759687213, 0.12655682905899368, 0.6365783699901635, 0.5871491179457946, 0.131879505826381, -0.13030739918069154]], "inverted": true, "swapped": false, "error_lsq": 0.05269617588027683, "error_max": 0.42159884293604954, "target": "804.xyz", "model": "7.xyz", "model_rescale": 3.964800864290218, "target_rescale": 4.255748549993484},
{"mapping": [4, 9, 12, 7, 8, 11, 6, 10, 3, 2, 1, 0, 5, 13], "R": [[-0.43545192439828645, -0.5746548420101226, 0.6929310456980191], [-0.8839304412364142, 0.12721069347793734, -0.4499826824672928], [0.17043648844489595, -0.8084486699965456, -0.5633490493356579]], "T": [-0.04042667872587691, -0.002762943181610071, -0.03367051343238717], "aligned_model": [[-0.5927243089172177, 0.3503340588375441, -0.19755222672354356, -0.23564169732143755, 0.49021850485532914, -0.029502086478538636, -0.21232810431384766, 0.7069466824908988, 0.13642250156573693, -0.6692170810660588, -0.08479478753466274, -0.35544726734281107, 0.7299362290825213, 0.02757029440235864], [-0.0016360421338614817, -0.43634889375420427, -0.6709445224061679, -0.5986797098300075, -0.5203962569216478, -0.05815597570242558, 0.42050331327874824, 0.10453451303849448, 0.6902980107362381, -0.051367244006629724, -0.1608513569768679, 0.49686946483288774, 0.12079608931541291, -0.04077478756126438], [-0.4696285994829842, -0.3985896774037596, -0.34913822436328146, 0.3034162242239127, 0.17011619628111838, -0.8606805434356861, -0.3911637290343005, -0.3577913671883054, 0.0861359024520448, 0.16849026322885116, 0.6985585596839607, 0.37165510644849087, 0.2669037348487485, -0.028803507013946135]], "inverted": false, "swapped": false, "error_lsq": 0.04711194762936799, "error_max": 0.28959756182782576, "target": "804.xyz", "model": "8.xyz", "model_rescale": 4.121658175737393, "target_rescale": 4.255748549993484},
{"mapping": [10, 9, 0, 3, 11, 12, 6, 7, 5, 8, 4, 1, 13], "R": [[0.08466582914856471, 0.27568063639951446, 0.9575133858536626], [-0.2972588997427278, 0.9241925148351522, -0.23980271484372384], [-0.9510356690988668, -0.264326279883473, 0.16019604821791]], "T": [-0.06324210391415312, -0.02965939719881735, -0.06727780865938462], "aligned_model": [[-0.7475424651727272, -0.16971247255559851, 0.2989849752476745, 0.06210634226757829, -0.644597466850393, -0.3452629540565075, 0.31126189548891314, 0.33271883578586997, 0.6718299678371646, -0.34157544269059686, -0.25940260800800724, 0.28134094781175045, 0.026587941330076498], [0.1904035000670104, -0.30178042139512096, -0.18968914708869122, 0.622064066752846, -0.41191702889352333, -0.030378693106746985, -0.6382741315320117, 0.004317418270037933, -0.1513493584877097, -0.6406750525921653, 0.8122257392079224, 0.46748034760757906, 0.057960200602283414], [-0.37975327805058623, -0.637639315164847, -0.6397202167111321, -0.3519447744023445, -0.32839594403068173, 0.5625492098171989, -0.008592089783847984, 0.5686759507365503, 0.0889859714707196, 0.2001637771966737, 0.21790330587954357, 0.21567042802347522, -0.08682759102163298]], "inverted": true, "swapped": true, "error_lsq": 0.05194378989732383, "error_max": 0.3211516770341587, "target": "804.xyz", "model": "9.xyz", "model_rescale": 3.833441315466971, "target_rescale": 4.255748549993484},
{"mapping": [13, 12, 0, 1, 6, 10, 8, 11, 9, 2, 4, 3, 7, 14], "R": [[-0.6634275538964435, -0.5371627672389057, 0.5208839047457918], [0.13948066708525642, -0.7727260399447015, -0.6192250081358404], [0.7351251758989306, -0.3381576979511496, 0.5875715676204436]], "T": [0.03289487658390941, -0.12940301047362565, -0.04818396255100216], "aligned_model": [[-0.724004442154841, 0.45746134421299356, -0.3269423043733862, -0.05994935440385421, 0.34377148021063053, 0.07289555131095857, 0.009456365884048329, 0.5817306407159407, -0.11893009553505143, -0.5368340050888073, -0.060625401925914396, -0.05978871135404544, 0.4675602469707232, 0.018419397066875464], [-0.12320250506848282, -0.5227559357761137, -0.5664631832114957, -0.8617876439952225, -0.5366304800645859, -0.0990653007835385, 0.46735609937324196, 0.1227635774877244, 0.6661224790906445, 0.28578845475632675, -0.26111486529473305, 0.4251203227881264, 0.34121386206926696, -0.04349827946245398], [-0.298686490362981, -0.21562603621144702, -0.4267583545939875, -0.023655810000263677, 0.39763112621672175, -0.8686921666001821, -0.5490717378137717, -0.36524609679145453, -0.003479378587837534, 0.09208472075284707, 0.732724818867972, 0.6138095987038299, 0.134845411720607, -0.01039926605518926]], "inverted": true, "swapped": false, "error_lsq": 0.046775708909322346, "error_max": 0.2753335311364448, "target": "804.xyz", "model": "10.xyz", "model_rescale": 4.2482417240324, "target_rescale": 4.255748549993484},
{"mapping": [2, 3, 10, 4, 6, 8, 9, 12, 1, 7, 5, 13], "R": [[0.6379896576571934, 0.035677554620777915, 0.7692179852413351], [0.1853060249739038, 0.9624581088646318, -0.1983332190760984], [-0.7474161316367397, 0.26907526972391593, 0.6074270535563705]], "T": [0.004046234006509334, 0.10749095164720684, 0.10032536167166334], "aligned_model": [[-0.5548202132982551, -0.014283220099011684, 0.47278680456029726, 0.5888295348601414, -0.47439306492262173, 0.15021850634126957, -0.2847293478468381, 0.5400038285626175, 0.03731917082268077, 0.01221160030041724, -0.5487783342726705, -0.047599662645019525], [-0.3577691276761034, -0.6103650675735768, -0.1687408422815893, -0.48528664602760524, 0.6372874421138126, 0.795417589736692, 0.09345576701407593, 0.42505817301067716, -0.2315318316655562, 0.33551691982060516, 0.22010092694260516, 0.012988086636602211], [-0.16562844208936395, 0.02392016164367758, 0.6645184630852534, -0.2673987266013567, 0.03308943417925472, 0.2668341838487468, 0.6722604246194124, -0.19652286092338123, -0.4740452278568566, -0.6140374022509973, -0.4108123462884559, 0.03301462848842342]], "inverted": false, "swapped": true, "error_lsq": 0.04773666874752979, "error_max": 0.25848573236750993, "target": "804.xyz", "model": "11.xyz", "model_rescale": 3.6694154284099745, "target_rescale": 4.255748549993484},
{"mapping": [3, 12, 1, 0, 5, 2, 8, 10, 9, 4, 6, 11, 7, 13], "R": [[0.8755952730214059, 0.08060906148201814, -0.4762720830256145], [-0.4284043426940743, -0.32592962667693615, -0.842757140352481], [-0.22316504435826823, 0.9419511970697958, -0.2508491684565666]], "T": [0.0584908244922723, -0.06403915668474153, -0.01035317911852341], "aligned_model": [[-0.6735477814954476, 0.46276328103736375, -0.3705625767713614, -0.1732398155578674, 0.5386666092626063, -0.03251897524302921, -0.23839688094029562, 0.5391418589884116, 0.28583150624896403, -0.662169990567273, -0.015537777731168698, -0.2833261163806392, 0.6947250286468806, -0.0076076579608732875], [0.02415816776451618, -0.4952897213018867, -0.5654090807940582, -0.7043664469664082, -0.5055231219511178, -0.040922049236083224, 0.5160034846714556, 0.15911667600727591, 0.7059542057848258, -0.17218482488203674, -0.12360508792322297, 0.4802711915688704, 0.18220522693851232, -0.1665620177719368], [-0.4548637098226555, -0.3455474983765914, -0.5404615380078049, 0.20648716816018067, 0.457721512153663, -0.65649278407063, -0.3950687570232927, -0.3606456921440886, 0.0002629906851620775, 0.11860865181669789, 0.5471649814307147, 0.3528493437573379, 0.2841549862475665, -0.0046893155613957176]], "inverted": true, "swapped": false, "error_lsq": 0.048728259214025356, "error_max": 0.3061787862064015, "target": "804.xyz", "model": "12.xyz", "model_rescale": 3.9764082729961374, "target_rescale": 4.255748549993484},
{"mapping": [7, 1, 2, 8, 10, 0, 4, 9, 6, 3, 11, 14, 12, 15], "R": [[0.5566651569098431, -0.8304714936020564, 0.021000033259734773], [0.8297862274670168, 0.5570594508315632, 0.03375773904297813], [-0.03973310695876291, -0.001366218726003756, 0.999209394300212]], "T": [0.10972150958554176, 0.05730667409086373, -0.07060295403414357], "aligned_model": [[-0.4988071171879413, 0.42366873097557656, -0.08050575696161684, -0.20939434318867273, 0.3877683570149636, 0.009264661352846634, -0.2578900591782488, 0.4999830098501855, 0.052732474372341, -0.661323887506188, -0.09612253817532805, -0.24212524622339926, 0.7253395952839845, 0.011632831107768069], [-0.08377099880681935, -0.48916605757883863, -0.6048195254441219, -0.5281135145260106, -0.5276827364453048, -0.02561948477252087, 0.49928462976171095, 0.01265463033281667, 0.7958855636030003, -0.07710112409263645, -0.17376351191879993, 0.41720129300582504, -0.022649504150025528, 0.10150694294043039], [-0.49583665393332094, -0.1488798598488582, -0.47267508295813676, 0.16413330630183026, 0.40544771464868823, -0.7848435348761869, -0.5011618268857799, -0.5257966303050702, 0.11624532541129151, 0.23902099000883903, 0.6606832388399533, 0.5502736547037341, 0.07716347337873011, -0.07429377524085005]], "inverted": false, "swapped": false, "error_lsq": 0.048133453275044806, "error_max": 0.3009184960484216, "target": "804.xyz", "model": "13.xyz", "model_rescale": 4.170626492500431, "target_rescale": 4.255748549993484},
{"mapping": [2, 11, 6, 11, 9, 5, 4, 12, 8, 2, 1, 0, 10, 13], "R": [[-0.3528550757728859, -0.10522823888293431, -0.9297420681258362], [-0.9084326903924955, -0.1995121373684225, 0.36734854575584724], [-0.22415026773921792, 0.9742288872663754, -0.02519390180494313]], "T": [-0.03855011823204332, 0.009995529085367806, 0.0420285888802529], "aligned_model": [[-0.6861638196817997, 0.26704340139516214, -0.3374974094160661, 0.26704340139516214, 0.44088589951177115, 0.21390480729142677, -0.21535697707087126, 0.4615820514864948, 0.2877115137967434, -0.6861638196817997, -0.09466950463477036, -0.3529486918882462, 0.5128484538771478, -0.013998594844084635], [0.09116796986887943, -0.5950219726722017, -0.5036416692202149, -0.5950219726722017, -0.47234860524392985, -0.2864853080108806, 0.50798921838852, 0.21525782398006796, 0.6745213012850462, 0.09116796986887943, -0.15402775864135357, 0.3155259184380311, 0.06780090952695289, -0.06303722298688907], [-0.04127624764282906, -0.15853580093018035, -0.5531996132746969, -0.15853580093018035, 0.48224635252905396, -0.7799114649982972, -0.4310514790520188, -0.45136914550181856, -0.01726001334021684, -0.04127624764282906, 0.790868655548994, 0.4465815824334307, 0.14665390915588114, -0.024454347109429293]], "inverted": true, "swapped": false, "error_lsq": 0.06062742464321571, "error_max": 0.4441661790929054, "target": "804.xyz", "model": "14.xyz", "model_rescale": 3.9786697098870705, "target_rescale": 4.255748549993484},
{"mapping": [0, 11, 2, 5, 3, 4, 8, 12, 1, 6, 10, 13], "R": [[-0.4275310936897957, 0.574675313237582, 0.6978290967591524], [-0.3261741355053926, 0.6218733932881163, -0.7119578049629304], [-0.8431059229158085, -0.5319979013827133, -0.07842598847749382]], "T": [-0.030466507344152162, -0.01973667176100209, 0.0060457373975507135], "aligned_model": [[-0.032501733045727434, -0.7733053753203767, 0.5234689478083763, 0.548078010594882, 0.2841868724349357, 0.3322458007866283, -0.45237186066591784, -0.0229096063274662, 0.58961615455912, -0.01168990036213289, -0.5778427654784011, 0.07638005178341672], [-0.3675738846169761, -0.03735080033552053, -0.11932848380850371, -0.5126708943688406, 0.45281917228814705, 0.8040559081794385, -0.37625830787521497, 0.1513640319519874, 0.22270648402325488, -0.7320208908364862, 0.5237959941241401, 0.005136161499013098], [-0.5968750032250782, 0.018607358380421473, -0.5257127186405245, -0.0370803483570446, -0.4402447651444889, 0.14163099147825603, 0.4721173802554803, 0.6745409078667667, 0.05765890107861285, 0.08609437450378632, -0.1328321056503437, -0.0579384786720136]], "inverted": true, "swapped": true, "error_lsq": 0.06001854200772625, "error_max": 0.30225831938454284, "target": "804.xyz", "model": "15.xyz", "model_rescale": 3.769337070930944, "target_rescale": 4.255748549993484},
{"mapping": [6, 8, 0, 9, 5, 7, 2, 12, 3, 10, 13], "R": [[-0.6180593216013894, 0.6138693048958549, 0.4910877228034829], [0.7614284327245021, 0.6228305271048575, 0.17974670051212108], [-0.1955234431477182, 0.48502227888311034, -0.8523637557795941]], "T": [-0.03929475503874434, -0.0077082711637681475, 0.0928582770572799], "aligned_model": [[-0.1752553005162356, -0.454818103138375, -0.21659567436303762, -0.5617177453285901, 0.394009086900695, 0.5353527134178196, 0.3860938565532794, 0.11222974244983981, 0.3035019600980435, -0.459253015237678, 0.05907860985540976], [-0.09161440495266474, -0.5384155290556834, 0.5834749601551625, 0.35600701817195335, 0.12076455806675723, -0.3825513659059895, 0.6036826725231066, -0.6647112317176566, 0.48781546669322545, 0.049005932540455106, 0.07260642110667564], [-0.6061293085280135, -0.16795724023478242, -0.22897251587291195, 0.01880797772284691, -0.5197592863849068, -0.20987859741936665, -0.1187444549086006, 0.23984734804209867, 0.4909005174317083, 0.7522171633489395, 0.09388600402676509]], "inverted": true, "swapped": true, "error_lsq": 0.05455773768304939, "error_max": 0.3205937951663954, "target": "804.xyz", "model": "16.xyz", "model_rescale": 3.7852294659196426, "target_rescale": 4.255748549993484},
{"mapping": [12, 6, 9, 8, 7, 5, 2, 0, 10, 4, 1, 3, 13], "R": [[0.23046104528500114, 0.269794144782608, -0.934932524863247], [-0.21130791458959367, 0.9517441274663547, 0.22255803976739244], [0.9498613961194242, 0.14626768362946205, 0.2763495845622532]], "T": [0.06485524509089444, -0.04526819718995587, -0.005616172378176471], "aligned_model": [[0.013263754472586292, -0.5075898535907872, 0.29106279351106856, -0.07733735694542485, -0.5186616886576083, -0.6422593662386537, -0.20009857928846744, -0.03819743689907998, 0.8399040438371423, 0.43748068350820024, -0.13447931787442585, 0.3537096478071373, 0.036968526574595276], [-0.18437750019834842, -0.41585855451232867, -0.327383070852293, -0.7198466589246125, 0.15661414708327207, 0.1805686387143125, 0.5275372738656996, -0.013227676692436935, -0.15807876472473184, 0.6091733346349312, 0.5501533946175253, 0.5957544555719684, 0.0740266051199163], [-0.6795637003186106, 0.21592061930954914, 0.5234768084935121, -0.22254875025723478, -0.4312077382565942, 0.1633347563580297, 0.4429631810760367, 0.6820333299447213, -0.035761114862394756, -0.5169226933864857, -0.23295725986945054, 0.15913843450169463, 0.027848824410400916]], "inverted": true, "swapped": true, "error_lsq": 0.05256800233490665, "error_max": 0.37330885837653954, "target": "804.xyz", "model": "17.xyz", "model_rescale": 3.901054581598922, "target_rescale": 4.255748549993484},
{"mapping": [9, 7, 12, 3, 0, 11, 10, 6, 4, 5, 2, 8, 1, 14], "R": [[0.5000221563062851, -0.6896399092367584, -0.5238078262022517], [-0.5052202560188493, -0.7235531365397573, 0.4703438651792191], [-0.7033706960849743, 0.029455970386232794, -0.7102126510401967]], "T": [-0.03484968833567624, -0.027790776581396795, -0.031195520866612023], "aligned_model": [[-0.5983564812104676, 0.4676880575409713, -0.10439132855580323, -0.05621218820062428, 0.40315436423663054, -0.025141714737944396, -0.28643747903712746, 0.5140239375262915, 0.21264487213404765, -0.6029351850604862, -0.3471767209483261, -0.0848993267007883, 0.6296651854555982, -0.05740528090570141], [-0.020698483247344843, -0.41056601916412533, -0.6420783307197121, -0.7575137597098179, -0.42387984406522855, -0.09445440182707403, 0.604913919763384, 0.08688255568731705, 0.7208311748180406, 0.12152992012932633, -0.29617325106380493, 0.3760637455201899, 0.08531674023490095, -0.05632736444734587], [-0.37266208598466943, -0.23272951658990276, -0.4432511787375744, 0.1934239373431631, 0.4450086570334874, -0.8263009888671821, -0.48818797039076123, -0.5305085639264407, 0.031138950580607186, 0.18109730741632912, 0.6858545290449575, 0.49303230252460517, 0.14575707613510863, -0.07219211633686395]], "inverted": false, "swapped": false, "error_lsq": 0.04483105489480418, "error_max": 0.28089955540749084, "target": "804.xyz", "model": "18.xyz", "model_rescale": 3.9405287249114394, "target_rescale": 4.255748549993484},
{"mapping": [0, 13, 4, 12, 14, 7, 8, 9, 5, 1, 3, 2, 11, 15], "R": [[-0.46212929969277333, -0.7272763958801152, -0.5074500510997089], [-0.5719384727663042, -0.19288256771892648, 0.7972971205516184], [-0.6777336451255869, 0.6586845671987345, -0.3268206651957637]], "T": [-0.01414826962968849, -0.11304290781505774, -0.043247035417685625], "aligned_model": [[-0.6335858268719755, 0.5522562113260937, -0.34802424957052985, -0.1726524482882766, 0.4372601689750696, 0.1580941900485351, -0.26843345969862925, 0.5266440242505755, 0.13589655045539642, -0.5869994411119615, -0.25989512834645995, -0.11397977429550424, 0.6479374190767738, -0.010297524412836944], [-0.03325085855663837, -0.4486616488564594, -0.5009910483295701, -0.6222033419262244, -0.509745513712341, -0.10279417500850918, 0.41187995918621934, 0.2324300459613837, 0.7009483193885202, -0.04277156199054444, -0.39340464246660833, 0.5810675778229586, 0.10716259085604676, -0.08581910045952856], [-0.3306571944392511, -0.17694770851607602, -0.5654424958594186, 0.08233616366916552, 0.4452162959664674, -0.725781318440303, -0.5249805523611504, -0.4642006908778066, -0.12178031982700888, 0.27678873956198413, 0.7225429971943732, 0.47014325219648734, 0.13665649724611675, -0.01441332626871606]], "inverted": true, "swapped": false, "error_lsq": 0.048604738913995284, "error_max": 0.3103727050417956, "target": "804.xyz", "model": "19.xyz", "model_rescale": 4.410303926677745, "target_rescale": 4.255748549993484},
{"mapping": [4, 9, 12, 7, 8, 11, 6, 10, 3, 2, 1, 0, 5, 13], "R": [[-0.43545192439828645, -0.5746548420101226, 0.6929310456980191], [-0.8839304412364142, 0.12721069347793734, -0.4499826824672928], [0.17043648844489595, -0.8084486699965456, -0.5633490493356579]], "T": [-0.04042667872587691, -0.002762943181610071, -0.03367051343238717], "aligned_model": [[-0.5927243089172177, 0.3503340588375441, -0.19755222672354356, -0.23564169732143755, 0.49021850485532914, -0.029502086478538636, -0.21232810431384766, 0.7069466824908988, 0.13642250156573693, -0.6692170810660588, -0.08479478753466274, -0.35544726734281107, 0.7299362290825213, 0.02757029440235864], [-0.0016360421338614817, -0.43634889375420427, -0.6709445224061679, -0.5986797098300075, -0.5203962569216478, -0.05815597570242558, 0.42050331327874824, 0.10453451303849448, 0.6902980107362381, -0.051367244006629724, -0.1608513569768679, 0.49686946483288774, 0.12079608931541291, -0.04077478756126438], [-0.4696285994829842, -0.3985896774037596, -0.34913822436328146, 0.3034162242239127, 0.17011619628111838, -0.8606805434356861, -0.3911637290343005, -0.3577913671883054, 0.0861359024520448, 0.16849026322885116, 0.6985585596839607, 0.37165510644849087, 0.2669037348487485, -0.028803507013946135]], "inverted": false, "swapped": false, "error_lsq": 0.04711194762936799, "error_max": 0.28959756182782576, "target": "804.xyz", "model": "20.xyz", "model_rescale": 4.121658175737393, "target_rescale": 4.255748549993484},
{"mapping": [4, 12, 7, 3, 5, 10, 8, 3, 11, 9, 6, 2, 13], "R": [[0.13789784722498696, -0.7241786444022562, -0.6756844490754726], [0.1972446918791365, 0.6886163069125522, -0.6977837153299169], [0.9706073950141835, -0.037052298792767, 0.23779909986783557]], "T": [0.010728938962202672, -0.002821740721520631, 0.013203474496541322], "aligned_model": [[0.3221814639899594, -0.1949252069323522, 0.3904671322379608, 0.4590342881359815, 0.5652530302012011, -0.454964777215427, -0.5438187697309063, 0.4590342881359815, -0.6967647120295428, -0.2547149676242157, -0.007433729610663409, 0.7049040204346566, 0.13283084467166104], [-0.5833848984816979, 0.1707249907040102, 0.4607776915431062, -0.5676031473361552, 0.5023831007090688, -0.6330877125970213, 0.45271800267229845, -0.5676031473361552, -0.11204947633695259, -0.12377317594250278, 0.6517855930485078, -0.07400722448722019, -0.03605369199610321], [0.6413129704158286, 0.648660990615926, 0.46403730732071075, -0.025978976361001764, -0.11652264761644002, 0.028360966089714605, 0.09861402084372717, -0.025978976361001764, -0.1862950748767596, -0.5574175223880777, -0.2788042481087039, -0.32233140630379564, 0.0024523362116625168]], "inverted": false, "swapped": true, "error_lsq": 0.05844930312868694, "error_max": 0.43720718780888257, "target": "804.xyz", "model": "21.xyz", "model_rescale": 4.08911054899281, "target_rescale": 4.255748549993484},
{"mapping": [14, 13, 3, 4, 0, 12, 9, 7, 5, 15, 1, 11, 6, 16], "R": [[-0.03561378934243403, 0.0034857074176589398, 0.9993595488373896], [0.29744829346672874, -0.954636304756673, 0.013929765046666459], [0.954073461910771, 0.29775388407932313, 0.03296139853333685]], "T": [0.00602063218484867, 0.0021685167439704223, 0.003661450280725842], "aligned_model": [[-0.4589067721768381, 0.19408256139565253, -0.353303131352872, 0.02466121546045904, 0.5303137444479528, 0.05198147783412569, -0.20109950230790966, 0.6279415482002538, 0.08344280134146434, -0.6982556443348636, -0.11715618786546717, -0.3449216163339335, 0.6935476644708618, 0.031892552757385007], [-0.0706600452494752, -0.45816940639599013, -0.6362036631306099, -0.6931966409291539, -0.4691188666018077, 0.0002779983164524708, 0.5129080669615959, -0.11282831893400866, 0.702578893372715, 0.03508757477759243, -0.12413244062270914, 0.48912510654502417, 0.15574247182941456, -0.03756412803033427], [-0.4326424520379847, -0.43159901579554955, -0.46286423627226786, 0.05277368925569956, 0.3247289399333407, -0.7331244973603536, -0.44777400833292585, -0.3215865935505089, -0.030399759064105747, 0.18918309280224366, 0.77753089691665, 0.4786412899711666, 0.24714810031881337, -0.000535107539354188]], "inverted": true, "swapped": false, "error_lsq": 0.03975157250446948, "error_max": 0.2622303440332172, "target": "804.xyz", "model": "22.xyz", "model_rescale": 4.204369325754507, "target_rescale": 4.255748549993484},
{"mapping": [0, 13, 4, 12, 14, 7, 8, 9, 5, 1, 3, 2, 11, 15], "R": [[-0.46212929969277333, -0.7272763958801152, -0.5074500510997089], [-0.5719384727663042, -0.19288256771892648, 0.7972971205516184], [-0.6777336451255869, 0.6586845671987345, -0.3268206651957637]], "T": [-0.01414826962968849, -0.11304290781505774, -0.043247035417685625], "aligned_model": [[-0.6335858268719755, 0.5522562113260937, -0.34802424957052985, -0.1726524482882766, 0.4372601689750696, 0.1580941900485351, -0.26843345969862925, 0.5266440242505755, 0.13589655045539642, -0.5869994411119615, -0.25989512834645995, -0.11397977429550424, 0.6479374190767738, -0.010297524412836944], [-0.03325085855663837, -0.4486616488564594, -0.5009910483295701, -0.6222033419262244, -0.509745513712341, -0.10279417500850918, 0.41187995918621934, 0.2324300459613837, 0.7009483193885202, -0.04277156199054444, -0.39340464246660833, 0.5810675778229586, 0.10716259085604676, -0.08581910045952856], [-0.3306571944392511, -0.17694770851607602, -0.5654424958594186, 0.08233616366916552, 0.4452162959664674, -0.725781318440303, -0.5249805523611504, -0.4642006908778066, -0.12178031982700888, 0.27678873956198413, 0.7225429971943732, 0.47014325219648734, 0.13665649724611675, -0.01441332626871606]], "inverted": true, "swapped": false, "error_lsq": 0.048604738913995284, "error_max": 0.3103727050417956, "target": "804.xyz", "model": "23.xyz", "model_rescale": 4.410303926677745, "target_rescale": 4.255748549993484},
{"mapping": [7, 9, 11, 10, 8, 14, 13, 15, 12, 7, 3, 0, 5, 16], "R": [[-0.5738647892153315, -0.3408192508723332, 0.7446619648764564], [-0.7272534595228294, 0.6301574920502108, -0.2720366534588031], [-0.3765389877700841, -0.6976702469274508, -0.6094871756167395]], "T": [0.028859394142139637, -0.06952588776167337, -0.060355386104730124], "aligned_model": [[-0.5946566181322778, 0.30506775122887586, -0.32127431340506685, 0.030129362690086658, 0.6085337793588715, 0.14879181654960502, -0.1687877317828314, 0.6664423990877157, -0.025044468517768127, -0.5946566181322778, -0.16118255530068235, -0.28249490780240843, 0.47199357909431455, -0.0186407633998859], [0.1518910151593288, -0.5574359326745164, -0.4622816415457618, -0.6849849324693396, -0.599078158164941, -0.1052633853761114, 0.4021609518523256, -0.08568445570796854, 0.7247118742983666, 0.1518910151593288, -0.25039943319636465, 0.3858486888599376, 0.31283647094966693, -0.0903654752352456], [-0.12464562035984733, -0.33977033770356185, -0.4123082115224308, 0.1517589645248986, 0.18307564578890945, -0.7255538792888103, -0.5426766097489868, -0.3805756280027768, 0.051253689206817915, -0.12464562035984733, 0.8001211113360296, 0.4554723998020386, 0.16993389761338915, 0.04804053795904149]], "inverted": false, "swapped": false, "error_lsq": 0.044498141963299195, "error_max": 0.30725745905903595, "target": "804.xyz", "model": "24.xyz", "model_rescale": 4.28219845311461, "target_rescale": 4.255748549993484},
{"mapping": [13, 11, 12, 9, 5, 14, 2, 10, 0, 4, 3, 4, 8, 15], "R": [[-0.9831229063931627, -0.03830710740833726, 0.17889079475218106], [-0.16233002969507376, 0.6336088884402803, -0.7564315818027886], [-0.08437009176394988, -0.7727045632138317, -0.6291338058030773]], "T": [-0.02029907476699822, -0.07250662688462481, -0.04087842616455625], "aligned_model": [[-0.5287611212419427, 0.2527266643289191, -0.1790018170963375, -0.15069536318604704, 0.6077549331411058, 0.1404692796131213, -0.25863521170365544, 0.6493228888063671, 0.017625528064286407, -0.47686713357778376, -0.163383726396038, -0.47686713357778376, 0.6532928714455737, -0.02275994708351453], [-0.14614468354987142, -0.4640670093346353, -0.5806825355297704, -0.700983043072152, -0.48165478593195155, 0.007884445145776214, 0.4372826381421825, -0.08633726437833564, 0.7253401823102965, 0.34417291931559135, -0.15847320494292297, 0.34417291931559135, 0.053435583442102114, -9.955902319526422e-05], [-0.3391404600241841, -0.30282209174042785, -0.589504515302552, 0.17098918849489986, 0.3633821680230199, -0.7810374878954387, -0.4308666509630209, -0.46646033155357336, 0.12512267501666532, 0.3497266640196922, 0.7155486190849953, 0.3497266640196922, 0.07029039403428392, -0.02547449596918838]], "inverted": false, "swapped": false, "error_lsq": 0.04472916069324741, "error_max": 0.33743281940305336, "target": "804.xyz", "model": "25.xyz", "model_rescale": 4.100010024507729, "target_rescale": 4.255748549993484},
{"mapping": [2, 3, 10, 4, 6, 8, 9, 12, 1, 7, 5, 13], "R": [[0.6379896576571934, 0.035677554620777915, 0.7692179852413351], [0.1853060249739038, 0.9624581088646318, -0.1983332190760984], [-0.7474161316367397, 0.26907526972391593, 0.6074270535563705]], "T": [0.004046234006509334, 0.10749095164720684, 0.10032536167166334], "aligned_model": [[-0.5548202132982551, -0.014283220099011684, 0.47278680456029726, 0.5888295348601414, -0.47439306492262173, 0.15021850634126957, -0.2847293478468381, 0.5400038285626175, 0.03731917082268077, 0.01221160030041724, -0.5487783342726705, -0.047599662645019525], [-0.3577691276761034, -0.6103650675735768, -0.1687408422815893, -0.48528664602760524, 0.6372874421138126, 0.795417589736692, 0.09345576701407593, 0.42505817301067716, -0.2315318316655562, 0.33551691982060516, 0.22010092694260516, 0.012988086636602211], [-0.16562844208936395, 0.02392016164367758, 0.6645184630852534, -0.2673987266013567, 0.03308943417925472, 0.2668341838487468, 0.6722604246194124, -0.19652286092338123, -0.4740452278568566, -0.6140374022509973, -0.4108123462884559, 0.03301462848842342]], "inverted": false, "swapped": true, "error_lsq": 0.04773666874752979, "error_max": 0.25848573236750993, "target": "804.xyz", "model": "26.xyz", "model_rescale": 3.6694154284099745, "target_rescale": 4.255748549993484},
{"mapping": [3, 10, 9, 8, 4, 11, 12, 2, 6, 7, 5, 1, 0, 13], "R": [[0.8632541096572595, 0.37785058131430005, -0.33469580272285776], [-0.24225909166467607, 0.891845324191495, 0.3819979714914384], [0.44283504227382303, -0.24867821761910164, 0.8614268799010909]], "T": [-0.007862078129059466, -0.1170065325135202, -0.03344655509194423], "aligned_model": [[-0.7157399052373475, 0.28796795953310084, -0.40177281788490804, -0.08122593573028837, 0.6589344094333249, 0.2867907770942898, -0.12191114629139074, 0.5501335441508308, -0.04043978474966699, -0.5882002240519, -0.10149734378914906, -0.14258812081276062, 0.4337768083759905, 0.03999249149614493], [0.20777047916865324, -0.5545041091065134, -0.42119766417562254, -0.7267410738778568, -0.5288951501171759, -0.08800672154311237, 0.3092687260566198, 0.19986790206119412, 0.5635251901201429, -0.15396431121086085, -0.09954519186501085, 0.5551410217238577, 0.12177537346949158, -0.09064786879510106], [-0.2485281556643517, -0.3214937373116279, -0.4994568768590512, 0.14318505559860611, 0.21406259817706697, -0.838750333251218, -0.6930032451040415, -0.2578593988258001, -0.11714661079677884, 0.20732363346769028, 0.7519871074975015, 0.5230722787773597, 0.3965204650791863, -0.050432441539678144]], "inverted": true, "swapped": false, "error_lsq": 0.06124512607352888, "error_max": 0.32777486239851533, "target": "804.xyz", "model": "27.xyz", "model_rescale": 4.103607728864725, "target_rescale": 4.255748549993484},
