[{"mapping": [14, 12, 11, 4, 13, 10, 3, 8, 7, 2, 9, 15], "R": [[-0.9457890665676176, 0.3232767899423357, 0.031227530253505553], [-0.04972383788258117, -0.23914463205316716, 0.9697099488539768], [0.3209526156730639, 0.9155883147161362, 0.2422549410185153]], "T": [-0.034704314779298896, -0.002793281955108473, 0.007591931937619329], "aligned_model": [[-0.29895705250698956, 0.4187381485212744, 0.2972310076877161, -0.044724430452565175, -0.20280387433459623, -0.5073363586174684, 0.45351876922954415, -0.4775698218667341, 0.6336921795931114, 0.21303932004170137, -0.567821803734471, -0.07936362109997416], [-0.33430266093613825, -0.5224321373826131, -0.2841963269571955, 0.5978599568087435, 0.3211919814995065, -0.5703639493857056, -0.2181793545693971, -0.44815485589317233, 0.05410479451325076, 0.3777479478491102, 0.13250340069617284, -0.05222376026550525], [-0.4929273613247701, 0.02138318167884307, -0.6695091806490748, -0.01783974135265116, -0.6231578578378353, -0.037185338998207876, 0.5536774784176353, 0.5634809679822319, 0.05611873954654838, 0.4893728493696217, 0.324519827311888, 0.014018181209333277]], "inverted": true, "swapped": true, "error_lsq": 0.04138768950734529, "error_max": 0.26445389901263333, "target": "805.xyz", "model": "0.xyz", "model_rescale": 3.751011558992144, "target_rescale": 4.146805626101552},
{"mapping": [13, 0, 11, 5, 10, 12, 9, 4, 14, 3, 8, 1, 2, 7, 15], "R": [[-0.26519604851338835, -0.21377586444766236, -0.9401972854845622], [0.9257340740371776, -0.3291112137888315, -0.18628535402701812], [-0.2696061572357242, -0.9197748032742019, 0.285178595344197]], "T": [0.0185162825778668, 0.04507703266434585, -0.02402522640348815], "aligned_model": [[-0.002133534497662796, 0.4459313026472518, -0.6149004583244109, 0.06530410741730502, -0.4132165619229537, -0.4838980932509424, 0.37558250398696463, 0.5161067700269509, -0.47671943558682167, 0.03936158192408172, -0.008683475429658197, 0.5717811649566659, 0.5482866028158333, -0.010417080640448429, -0.013299183033120974], [-0.10414795652941228, -0.5341146097896895, 0.29790115149646246, 0.5168558577985712, -0.5079622529879182, 0.416759787374917, -0.44585774807219297, 0.12280254351119527, -0.2896910516007798, 0.5223991242723999, -0.4308387629792341, -0.09529083635650387, 0.36986866262489354, 0.716106178559648, -0.00603273749525058], [-0.7370292220550491, -0.4165634247080134, -0.45145691215615613, -0.5423328903260147, 0.21108499219022384, 0.267961983889759, 0.16158052465091374, -0.3524973526573497, -0.29406124971929015, 0.5715345594012371, 0.666086168897502, 0.5447695846465197, 0.2043498893148913, 0.011029897383756489, 0.005209856099046291]], "inverted": false, "swapped": true, "error_lsq": 0.04695214592198021, "error_max": 0.29529462182954824, "target": "805.xyz", "model": "1.xyz", "model_rescale": 3.9405287249114394, "target_rescale": 4.146805626101552},
{"mapping": [7, 3, 12, 9, 8, 11, 4, 1, 10, 14, 6, 13, 15], "R": [[0.6939012275018064, 0.6265951852098252, 0.354795096278615], [-0.7066810507306122, 0.49802021915735145, 0.5025711430720451], [0.13821352686971217, -0.5994617045169183, 0.7883797852608263]], "T": [-0.05364620536684614, 0.061082423761118505, 0.0671830361717162], "aligned_model": [[-0.29760119651492545, 0.1776954002757378, -0.3251748987730183, 0.48358575060257614, 0.5617571228000662, -0.8429632594682168, 0.024272267023848992, 0.7354474246132715, 0.02541043516286373, -0.4312584261235426, -0.09503630426857752, -0.4840492148922758, -0.03610182115387654], [0.6659010794793826, 0.5784105119389601, 0.23949358092767556, -0.2236421296388481, -0.2977477783927193, -0.009534589331441932, 0.2859867580750001, 0.2204032397204996, -0.5829863545280579, -0.4715975353761712, -0.7798883774004223, -0.17162370831353346, 0.0056578964116932515], [-0.09721426259238555, -0.44449564697881516, -0.5413121846962464, 0.24960149578896937, -0.3755460446512322, -0.07362347742224382, 0.6193408379178148, 0.031394399269295076, -0.28841219974120114, 0.0046641386643149485, 0.38744990581302763, 0.6072481393273718, 0.034025248889974505]], "inverted": true, "swapped": true, "error_lsq": 0.04138817567404991, "error_max": 0.23071234410003955, "target": "805.xyz", "model": "2.xyz", "model_rescale": 3.932901565614263, "target_rescale": 4.146805626101552},
{"mapping": [4, 5, 13, 2, 0, 10, 14, 9, 1, 8, 12, 3, 10, 15], "R": [[-0.8130328251997635, -0.0551408002996924, -0.579600825818943], [-0.42256350858284286, 0.740717989562727, 0.522280519598721], [0.400521792617891, 0.6695493649317141, -0.6255285297711767]], "T": [0.13518137882292455, -0.0554675573551658, -0.05738063893751719], "aligned_model": [[-0.1660632760563138, 0.4488590218567311, 0.13223436420536122, -0.09438253894113474, -0.516741639602179, 0.09752958267854242, 0.33618107388349905, -0.46760146433410166, -0.4395831386500224, -0.21419200400074226, 0.7255383608063136, 0.3558289905789087, 0.09752958267854242, 0.12467299694929865], [0.13137770104821844, 0.09826184526460245, -0.4741724017392117, 0.562582621402924, -0.41416638718852467, -0.5940403764396963, -0.6796984307563759, -0.1454309240340037, 0.3770324935511578, -0.1298140303712204, 0.0689096217468869, 0.5544509249760516, -0.5940403764396963, -0.09775564267062409], [-0.5430471842963827, -0.66679084717987, -0.6538257567433362, -0.11751193507155913, -0.40171234343386497, 0.44862744022047696, -0.04387212476429583, 0.12016421985601156, 0.30583026566835114, 0.7015002809882838, 0.27703490691166155, 0.34545486154233884, 0.44862744022047696, -0.006582860861194903]], "inverted": true, "swapped": true, "error_lsq": 0.04934740436046636, "error_max": 0.30404822269161846, "target": "805.xyz", "model": "3.xyz", "model_rescale": 3.9243930471874484, "target_rescale": 4.146805626101552},
{"mapping": [7, 12, 5, 4, 13, 3, 1, 11, 14, 10, 0, 8, 15], "R": [[-0.2358649232448322, -0.8312689160907001, 0.5033485145742485], [0.2753796583846011, -0.553904315512974, -0.785720085656517], [0.931951598384106, -0.04671186570344443, 0.35956114900224356]], "T": [0.017175373859000143, -0.106390740223795, -0.061548948992994804], "aligned_model": [[0.0022284895503977067, -0.3692884449339128, 0.5499037602879457, 0.4552860377677078, 0.699450524445429, -0.5382887900042427, -0.41203428344519566, 0.2946791443041643, 0.1512876677136428, -0.3331859531918339, 0.47587561091609687, -0.6780928552608041, -0.02061502183804286], [-0.4827133195209393, 0.008994066528771133, -0.3089623169963577, -0.47256052186977227, 0.1474403324620809, -0.5270514800439803, -0.578398168046213, 0.3329870244755069, 0.5343173485654059, 0.505242377034023, -0.020635270232058994, 0.04695906108634401, -0.05778957976122322], [-0.6187778272938691, -0.6211531567132328, -0.4721246636373859, 0.12689261526702306, -0.02779075603743457, -0.37374515131988756, 0.43071192083292853, -0.6761817548050743, -0.10343663541734613, 0.163560770395978, 0.6125970938552434, 0.38181922455779294, -0.035301364313771844]], "inverted": true, "swapped": true, "error_lsq": 0.04398244802176461, "error_max": 0.24739071048239308, "target": "805.xyz", "model": "4.xyz", "model_rescale": 3.8936222436046832, "target_rescale": 4.146805626101552},
{"mapping": [11, 5, 12, 14, 3, 2, 4, 9, 6, 13, 8, 15], "R": [[0.6063746344321477, -0.6870424693710265, -0.4003529043204771], [0.6207504709729071, 0.7236500170778288, -0.3016612430693936], [0.4969694714006013, -0.06559952792375652, 0.86528495100284]], "T": [-0.13520560388567576, 0.009003509819474575, -0.01780677282748545], "aligned_model": [[0.027875520734181147, -0.3752340510656814, -0.3769384303167064, 0.4285527127420186, -0.7652187589989903, -0.6881226138202732, -0.26620434659670505, 0.09281497231286498, 0.7460585658993399, 0.25351248579491165, 0.04042396171074708, -0.08997197618061027], [-0.5056897353482375, -0.6509006985846508, 0.11344496130809655, -0.1253755240590727, 0.3696189451182883, 0.1102474006718721, -0.30561432907702674, 0.38510030985169547, -0.017456158887342237, -0.5883722401863467, 0.8291157855441309, 0.05480418875840075], [-0.6147406543213396, -0.03569462216557749, -0.6553662053513393, -0.32499788006177033, -0.2544548159592732, 0.33195577986634184, 0.4775581742753332, 0.4399273793485151, 0.16709656805167572, 0.1342118780686411, -0.01009183944176385, -0.03611904303392493]], "inverted": true, "swapped": true, "error_lsq": 0.04726308738716739, "error_max": 0.2916631519433291, "target": "805.xyz", "model": "5.xyz", "model_rescale": 3.6523030999806103, "target_rescale": 4.146805626101552},
{"mapping": [1, 8, 10, 9, 14, 2, 12, 4, 7, 5, 11, 13, 15], "R": [[0.7130189774976263, -0.6949457480339568, 0.0930287322162549], [-0.1588454119295717, -0.28933875686996546, -0.9439550936786494], [0.6829143964196129, 0.6582807084082496, -0.31669296818901527]], "T": [0.06816042869368395, -0.04979894558281405, 0.027408918965822704], "aligned_model": [[-0.008020272428713837, 0.15265591244115062, 0.38352608738789246, 0.4538053128342367, 0.4243668747190869, -0.25520587435452374, -0.458300751566816, 0.21964233389449095, -0.5369097369565228, -0.09156995501052952, -0.030851664132192702, 0.533159208816368, 0.09478542902036775], [-0.603556252960032, 0.008756361114113383, 0.4374981211857668, -0.3503167575848934, 0.4934727135485728, -0.6244174915796703, 0.39063144314864257, -0.5397320975162354, -0.10572740297990918, -0.13409271284113772, 0.5638605234284362, 0.017528510476815397, -0.013078053277286138], [0.6078243315000937, 0.8598278030541879, 0.4863300291991878, 0.43229138121675253, -0.063257573584795, 0.08698365544231662, 0.09585235929506727, -0.28651818243714694, -0.26087604100443557, -0.6514047227666979, -0.4839161344697947, -0.5296479527314712, 0.07662078676852477]], "inverted": true, "swapped": true, "error_lsq": 0.04855587052885391, "error_max": 0.3415977133545995, "target": "805.xyz", "model": "6.xyz", "model_rescale": 4.08911054899281, "target_rescale": 4.146805626101552},
{"mapping": [3, 2, 7, 8, 10, 14, 12, 11, 9, 1, 0, 4, 13, 5, 15], "R": [[-0.9852068438284982, -0.10927259294987202, 0.13201126960794174], [0.04340793444200351, -0.904335298746209, -0.42460972512306355], [0.16578065659469393, -0.4125980706106324, 0.8957006229915304]], "T": [0.018522439805538138, -0.030245827239917932, -0.04240477378682107], "aligned_model": [[0.20461574331452836, 0.13380411798096725, 0.6133872750874825, -0.6844007418559706, -0.5052131493968993, -0.09446662035712573, 0.3160351013850361, 0.5204912138740325, -0.5559041243796077, -0.42637316782322976, -0.4132487736257182, 0.14128349141840185, 0.1753250176011991, 0.6452060515158822, -0.034207894939424374], [-0.6576493993250254, -0.6330996536482301, -0.3176964581771827, -0.2984105090813235, 0.286831283472048, 0.5858222753757625, -0.09738272878602915, 0.5311551117730626, -0.16277365371184002, -0.690771918301066, 0.23726479102182996, -0.1221660788701849, 0.5423498938285604, 0.10817287306524191, -0.010887012466510724], [-0.43571941149262683, 0.2057459611279956, -0.1683177531439723, -0.4131824880561235, -0.45795940779785754, -0.237189541928282, -0.6611160625267263, -0.32646635908019234, 0.19303786848885018, 0.08050123560492607, 0.6012135009436255, 0.5389831152417394, 0.3802254451646001, 0.24310373589121215, -0.07878980635508774]], "inverted": true, "swapped": true, "error_lsq": 0.04866182353146422, "error_max": 0.29428297564113515, "target": "805.xyz", "model": "7.xyz", "model_rescale": 3.964800864290218, "target_rescale": 4.146805626101552},
{"mapping": [2, 3, 7, 1, 5, 8, 4, 12, 10, 14, 6, 13, 11, 15], "R": [[0.7658570158229487, 0.004357688961103862, 0.6429961445154131], [0.4604214076309382, 0.69432701768779, -0.5531022689376032], [-0.448859843057845, 0.7196464430925075, 0.5297488444861294]], "T": [-0.025655675228371474, -0.001237379508803706, 0.04848219510540672], "aligned_model": [[-0.269307977501959, 0.22189145779249295, 0.39119596455034594, -0.5709415006587857, 0.2278638964512565, -0.30210444114487645, -0.37340371387820326, 0.5911287399664092, -0.007999526442410084, 0.18533873679925497, -0.3710813795071531, -0.07733189125801304, 0.6467033082812721, -0.030763783988758373], [0.018401279725475617, -0.4006878818769254, 0.16108930736298252, -0.4289874443609591, 0.6294211526767272, -0.7863966229345464, 0.4486392964502918, -0.2835732278313509, -0.49169583472329353, 0.023088107752558512, 0.057850039170073864, 0.6050439037713643, 0.3102134592648347, -0.05145706826603117], [-0.5667813803133811, -0.5532836041892165, -0.4537437231772564, -0.3626454692619324, -0.12873190545104515, 0.15139211488657284, -0.14700121596863716, -0.0767705896474424, 0.6022522552399209, 0.6690764018455785, 0.8783651123055368, 0.4495081099802831, 0.36275344900073636, 0.0924254834753043]], "inverted": false, "swapped": true, "error_lsq": 0.05023935752298216, "error_max": 0.3498651087523399, "target": "805.xyz", "model": "8.xyz", "model_rescale": 4.121658175737393, "target_rescale": 4.146805626101552},
{"mapping": [13, 5, 4, 0, 11, 14, 7, 8, 2, 12, 6, 9, 15], "R": [[0.23887884258519165, 0.7488041797080844, 0.6182468754606549], [0.851253146197928, -0.46782645747703505, 0.2377109311172232], [0.46723118437588096, 0.4695004857677906, -0.74917575655551]], "T": [0.038463749856751196, -0.0972366923989961, 0.023718409010470835], "aligned_model": [[-0.4103926431358247, -0.15658653326886654, 0.2603225855008348, 0.07461915521041351, -0.6822847326676204, -0.5628411176162486, 0.1296624396646483, 0.34779587775484694, 0.6421262040398431, -0.14519299538377928, -0.40693077508821757, 0.3638941872830629, 0.022545844142104324], [0.22101379755634606, -0.36521346778073793, 0.0949849213311619, 0.6774111959284944, -0.43061199105335235, 0.10286453539860457, -0.7191519390236826, 0.13515135702982195, -0.26513183799066564, -0.6847860810219772, 0.6758403963590441, 0.41833410052598174, -0.0703175478473295], [-0.4541034974286338, -0.5955965591500627, -0.501030096679235, -0.24245114404011991, -0.10749585808652468, 0.19295048535541362, -0.21555202552944314, 0.7678950267805502, -0.1900671145247981, 0.3349750908984903, 0.14818297613566636, 0.20047962679282852, 0.0828885234349572]], "inverted": true, "swapped": true, "error_lsq": 0.04366924679656265, "error_max": 0.27644439716015773, "target": "805.xyz", "model": "9.xyz", "model_rescale": 3.833441315466971, "target_rescale": 4.146805626101552},
{"mapping": [0, 6, 2, 3, 8, 9, 10, 12, 5, 7, 13, 11, 14, 4, 15], "R": [[0.37468071576439355, 0.8572753174266913, 0.3531195142798644], [0.7195357609650971, -0.5090535129655603, 0.47236935720874257], [0.5847073198846242, 0.07709442955484952, -0.8075727824815246]], "T": [-0.11474611507274937, 0.05734515163917004, 0.09554679079200108], "aligned_model": [[-0.06719175781065076, 0.26789253233531407, -0.6208507150773036, -0.59785281980902, -0.6418911241834474, -0.4800954799041207, -0.03425909566142059, -0.036666470132562606, 0.2648426284742418, -0.12532955413523067, 0.4605326250039893, 0.6114661445173935, 0.4030058090606945, -0.16155973919104558, -0.11819796519229907], [-0.7599137238643534, -0.6182816549120609, 0.11419225443231237, 0.6458318748042728, -0.000996493943616554, -0.42067233422328637, -0.031736757603681824, 0.7182170908504315, 0.17255274274083546, 0.5872477899009282, -0.3346293945958875, 0.4043197413956123, -0.04214647222302289, -0.28081264748467866, 0.047929524021174286], [0.14092639759708092, -0.36121570795580143, 0.5185455252287677, 0.15258758853320045, -0.5542253239246767, -0.10689299052511743, -0.6345961873531343, -0.08604796456366638, 0.6752422208274901, 0.509596667778675, 0.3111379234476883, 0.08786325070982644, -0.2946863478754242, 0.5905107020527911, 0.029376153844393307]], "inverted": false, "swapped": true, "error_lsq": 0.041669420940989126, "error_max": 0.2628595591001235, "target": "805.xyz", "model": "10.xyz", "model_rescale": 4.2482417240324, "target_rescale": 4.146805626101552},
{"mapping": [10, 8, 3, 1, 11, 5, 12, 4, 9, 13, 6, 15], "R": [[0.1206484371297625, -0.46787156512114647, -0.875522788492244], [0.7240439789785618, 0.6448423976484354, -0.244823607317409], [0.6791202184613837, -0.604379417871014, 0.41655881713253473]], "T": [0.046880645408065136, 0.1127821931319779, 0.0057236199904144094], "aligned_model": [[-0.540173198176907, -0.07919134920161089, 0.3583372102219922, 0.5640134532589861, -0.47252509235322915, 0.21408453750608042, -0.1982481468515468, 0.4749975197254399, 0.18209065786259832, -0.14112126646661913, -0.4864421540535404, 0.0009434308913634434], [-0.32447839616211765, -0.7164122402730135, -0.15996103915029364, -0.5011684296249146, 0.6700530240617708, 0.7905096412976117, 0.09949950289435763, 0.3842011612380799, -0.32934741737429946, 0.651536460734652, 0.03657477830250476, 0.06512434410630144], [-0.10241276225446344, 7.976595951220827e-05, 0.6472595126637845, -0.06478168239984022, 0.2655342226980992, 0.08405343136026228, 0.6503632491700971, -0.31766341073112425, -0.42925040254229424, -0.4475625263140925, -0.7162702290018522, -0.00415687875373183]], "inverted": false, "swapped": true, "error_lsq": 0.04608394708474307, "error_max": 0.23101636172068754, "target": "805.xyz", "model": "11.xyz", "model_rescale": 3.6694154284099745, "target_rescale": 4.146805626101552},
{"mapping": [12, 3, 2, 8, 10, 11, 14, 13, 9, 0, 4, 6, 7, 15], "R": [[0.8861212171743231, 0.09470597008171004, -0.45367385609529914], [0.3075979822960163, 0.6120249398680284, 0.7285663691572345], [0.3466592992563671, -0.7851472805852532, 0.5131969193483783]], "T": [-0.035514847804742476, 0.09470510114893621, -0.06699565734088886], "aligned_model": [[-0.14120569076438183, -0.18488931465095618, -0.3060217702980914, 0.6992012919216966, 0.6286747801772294, -0.3425393447456676, 0.21882029034055997, -0.22630098282476666, 0.41675067935955235, 0.21852507523578288, -0.3382410302262497, 0.5284337534169455, -0.6008438189638736, 0.027900932278030317], [-0.20877665894815162, 0.3993246088219608, 0.6871880003619655, 0.3476885804293193, -0.21871116914404626, -0.647731998207367, -0.4855598920228433, -0.24399987034278053, 0.4707285301648008, 0.27596049817618784, 0.4014196303109158, -0.24207986756739258, 0.11925348924046378, 0.07628340686322173], [-0.6773669158109923, -0.7509960873912979, -0.18570289216737634, -0.38271857785772556, -0.15724472924484179, -0.11555243319593594, 0.10286815834925148, 0.5494042154131032, 0.17180345070314557, 0.6911883531392423, 0.3523067896343213, 0.5494893437013636, -0.43051545991305495, -0.07786775570678806]], "inverted": true, "swapped": true, "error_lsq": 0.049854815969321724, "error_max": 0.27306802718104867, "target": "805.xyz", "model": "12.xyz", "model_rescale": 3.9764082729961374, "target_rescale": 4.146805626101552},
{"mapping": [4, 14, 3, 11, 7, 2, 5, 8, 13, 6, 12, 1, 10, 0, 9, 15], "R": [[-0.9200598713787806, -0.3853662432432661, -0.07058818348019469], [0.15288063716882944, -0.18726286378550427, -0.9703402138557923], [0.36071781749355614, -0.9035626588208611, 0.23120808317890185]], "T": [-0.10553932063990418, 0.04815293759633066, 0.04315906069920473], "aligned_model": [[-0.4533263858094076, -0.4110648006729685, 0.16517555164353853, 0.13641984528851236, 0.16483051337855098, 0.5939597924469131, -0.7021730321493518, 0.5224026874793442, -0.43138946459335603, -0.8249378320960152, -0.15127532511728486, 0.3721158182721704, 0.3982907366763298, 0.019110736958208988, -0.12209113838554828, -0.12976343518724304], [0.3826380146441696, -0.638612814097132, -0.4222957768836645, -0.7081127977439221, 0.33033947439614286, 0.4051980607806568, 0.6290491997221933, -0.24510981269476362, -0.37176817603899065, -0.154193156213502, 0.040424874145532474, 0.19923024033476378, -0.3489695929954682, 0.7235394220257306, 0.5785533687305616, 0.02969812988375754], [-0.4888443343203317, -0.22853014211634354, -0.6001409566195348, 0.05107097089222632, -0.6036056648577411, -0.0964091473825956, 0.14017273382511355, -0.09590434347104429, 0.3464221283412855, -0.11552504604707836, 0.6796038971760304, 0.43347149341069574, 0.527510036747929, -0.19226267426412533, 0.3258259078878325, -0.06009444829569221]], "inverted": false, "swapped": false, "error_lsq": 0.04559125848605403, "error_max": 0.32694144969191147, "target": "805.xyz", "model": "13.xyz", "model_rescale": 4.170626492500431, "target_rescale": 4.146805626101552},
{"mapping": [4, 5, 2, 7, 9, 8, 3, 13, 0, 11, 14, 12, 10, 15], "R": [[-0.5884109132115077, 0.7660603630594693, -0.258696960482325], [-0.8044174610213488, -0.5222703713127811, 0.28310105554867987], [0.08176273978754894, 0.3746801027516726, 0.9235419183688577]], "T": [-0.021477800351435435, 0.04717536759349912, 0.04903388363787218], "aligned_model": [[0.24108582755576724, -0.04243605808222351, -0.28139890099638976, -0.5523757867964726, 0.3151193324876154, -0.09928276330022462, -0.7430022770123149, 0.5272509351826599, 0.7560575767303723, -0.09502896416133585, 0.2798640228380512, -0.5990112055129183, 0.1451671025090739, -0.008825819350016528], [-0.2277279605849078, -0.6484183609500879, 0.05283413586187889, -0.3470021856070306, 0.519664966519738, 0.8801688992075545, 0.2131567270595351, -0.41539822321689834, 0.1292239289021886, -0.4807562850393254, 0.017376603750250533, 0.012292443268209705, 0.5506403569467003, 0.10001942180786033], [-0.4168201572575533, -0.04645072833067037, -0.5598260250094705, -0.07391936110698777, -0.2086843526274829, 0.10867928021372367, -0.13755384907449433, 0.1754920112697058, -0.19782552203893022, 0.6521201503978199, 0.6308866828466583, 0.42461763418709675, 0.565052290508123, 0.08810504714332854]], "inverted": false, "swapped": true, "error_lsq": 0.04977901312146774, "error_max": 0.35885746620180686, "target": "805.xyz", "model": "14.xyz", "model_rescale": 3.9786697098870705, "target_rescale": 4.146805626101552},
{"mapping": [8, 10, 3, 1, 12, 7, 6, 13, 2, 9, 11, 15], "R": [[-0.2742499231206517, 0.6303429080643901, 0.7262608332556868], [-0.9612501490319327, -0.20169262217810674, -0.1879314692780505], [0.028020182983056252, -0.749658525204541, 0.6612314004444653]], "T": [0.05762190061460952, 0.06842136074251613, 0.07674118710628401], "aligned_model": [[-0.040432066772904576, -0.5236806930237399, 0.535837491002145, 0.5558846703076987, -0.0076232778638162385, 0.44689675900814646, -0.6452364487112712, -0.259779373252871, 0.7142213544848433, 0.08612199952216416, -0.39101957734297627, 0.012163759409918554], [-0.5637997652322018, -0.2546254972614487, 0.20197189642449043, -0.5273485518979181, 0.48580496866117806, 0.5975365589945366, -0.3546262671028687, 0.23940369986583276, -0.016298681959988487, -0.5607637931437275, 0.7356267013046095, 0.03179322157194491], [-0.4656343992301932, -0.2476822053083405, -0.5032902496616292, -0.1380264299468369, -0.4685649624002502, -0.06764824274665802, 0.4489464286606103, 0.7100583913692355, 0.07777080773869353, 0.1559657207058999, 0.11405749031709288, 0.044014144376205884]], "inverted": true, "swapped": true, "error_lsq": 0.05069539524824115, "error_max": 0.24762555550380688, "target": "805.xyz", "model": "15.xyz", "model_rescale": 3.769337070930944, "target_rescale": 4.146805626101552},
{"mapping": [13, 0, 11, 14, 5, 4, 7, 1, 12, 10, 15], "R": [[0.5634255185910158, -0.6559072535549532, -0.5023319218748132], [0.7228288892239109, 0.09691306710816984, 0.684197525811819], [-0.4000875927890947, -0.7485943709096977, 0.5287120066146993]], "T": [0.05793695372290305, -0.007744253328077148, 0.09276882135429937], "aligned_model": [[-0.2953332554979586, -0.34640722341754543, -0.15699306097662014, -0.5328087641495612, 0.3119582969133215, 0.25174603873336926, 0.612982199664079, 0.3727616495073855, 0.22412171351200558, -0.529139655417743, 0.009738191820438342], [-0.0027635277323206017, -0.6338523817409827, 0.7011508701096404, 0.269366244180532, 0.2388078718494228, -0.36470235142638685, 0.3559854612953832, -0.6032915070769074, 0.5856916782735941, 0.05884675708982246, -0.009174617196455306], [-0.5446043517631529, -0.24888479438184535, -0.2220445224724083, 0.025859855865903003, -0.5139373691969895, -0.35057127465710025, -0.01664591947104105, 0.5349696640501602, 0.402674011471242, 0.5382227558011325, 0.13917955197787685]], "inverted": false, "swapped": true, "error_lsq": 0.04192276551563017, "error_max": 0.19909919109437815, "target": "805.xyz", "model": "16.xyz", "model_rescale": 3.7852294659196426, "target_rescale": 4.146805626101552},
{"mapping": [13, 7, 12, 11, 4, 2, 1, 3, 14, 6, 9, 8, 15], "R": [[-0.38261861086689725, 0.23250778074535294, 0.8941717567174423], [-0.909448945572793, -0.2653250434316071, -0.3201643901569172], [0.16280544835729766, -0.9357044155185368, 0.3129722555823321]], "T": [-0.025357747763641178, 0.03349516273527543, -0.01945099625928861], "aligned_model": [[-0.02282166568344378, -0.39827521310931424, 0.19114328435769323, 0.2616768391758111, -0.5117471903178418, -0.6043531634603033, -0.29592869420121287, -0.24096606649190938, 0.526339375438928, 0.5213064918743878, 0.012956645518383422, 0.3799464260513917, 0.034488781063713045], [-0.1588938057280886, -0.43621219296244257, -0.4095197905399266, -0.6916567127177109, 0.1467888126356991, 0.215949993584777, 0.6887440189524662, -0.04874243931938549, -0.13792117449240593, 0.35999267410824454, 0.6623794835956065, 0.6225545941845568, 0.06159216240148375], [-0.7223373763105073, 0.2849396735968305, 0.4629283777073965, -0.21844987095807056, -0.35429625160272005, 0.2447003464947838, 0.3636586553738109, 0.7083624371239925, -0.3300862554593745, -0.6566899472434987, -0.09690587651962762, 0.4189859116439717, -0.009055126703813005]], "inverted": false, "swapped": true, "error_lsq": 0.04784310551890629, "error_max": 0.31028882210592307, "target": "805.xyz", "model": "17.xyz", "model_rescale": 3.901054581598922, "target_rescale": 4.146805626101552},
{"mapping": [13, 0, 11, 5, 10, 12, 9, 4, 14, 3, 8, 1, 2, 7, 15], "R": [[-0.26519604851338835, -0.21377586444766236, -0.9401972854845622], [0.9257340740371776, -0.3291112137888315, -0.18628535402701812], [-0.2696061572357242, -0.9197748032742019, 0.285178595344197]], "T": [0.0185162825778668, 0.04507703266434585, -0.02402522640348815], "aligned_model": [[-0.002133534497662796, 0.4459313026472518, -0.6149004583244109, 0.06530410741730502, -0.4132165619229537, -0.4838980932509424, 0.37558250398696463, 0.5161067700269509, -0.47671943558682167, 0.03936158192408172, -0.008683475429658197, 0.5717811649566659, 0.5482866028158333, -0.010417080640448429, -0.013299183033120974], [-0.10414795652941228, -0.5341146097896895, 0.29790115149646246, 0.5168558577985712, -0.5079622529879182, 0.416759787374917, -0.44585774807219297, 0.12280254351119527, -0.2896910516007798, 0.5223991242723999, -0.4308387629792341, -0.09529083635650387, 0.36986866262489354, 0.716106178559648, -0.00603273749525058], [-0.7370292220550491, -0.4165634247080134, -0.45145691215615613, -0.5423328903260147, 0.21108499219022384, 0.267961983889759, 0.16158052465091374, -0.3524973526573497, -0.29406124971929015, 0.5715345594012371, 0.666086168897502, 0.5447695846465197, 0.2043498893148913, 0.011029897383756489, 0.005209856099046291]], "inverted": false, "swapped": true, "error_lsq": 0.04695214592198021, "error_max": 0.29529462182954824, "target": "805.xyz", "model": "18.xyz", "model_rescale": 3.9405287249114394, "target_rescale": 4.146805626101552},
{"mapping": [5, 10, 11, 14, 9, 7, 6, 13, 3, 2, 1, 4, 12, 8, 0, 15], "R": [[-0.6464871025144425, 0.567790297465026, 0.5095768876107489], [-0.4623692642483589, 0.23969609407842907, -0.8536746722036305], [-0.6068517856617972, -0.7875023559254423, 0.10756834874146814]], "T": [0.03571396268500363, 0.005787793369512306, 0.0633869250986922], "aligned_model": [[-0.40019345342997226, -0.4492956009420883, 0.019599333159444753, 0.15304040250586132, 0.2788061117364172, 0.5337333799003289, -0.5374979857428674, 0.5568627557212759, -0.3634200251125232, -0.795581984279463, -0.4312771023757311, 0.5069609384047137, 0.234917314279116, -0.09793780186347015, -0.06282117840264798, 0.00038916457399956056], [0.370208769624772, -0.5564375965966883, -0.3402230876586648, -0.7574339310654281, 0.22581029648749826, 0.44120297062727964, 0.4848373172681727, -0.3167526003262403, -0.582260756707538, -0.01123640020405774, 0.06887579010970278, 0.37594013071156185, -0.24897526217341764, 0.7301020924054218, 0.5510263583141086, -0.005075432820417093], [-0.5436095488614092, -0.19462929728691142, -0.5684595679873854, 0.004513603927689486, -0.6305195182694294, -0.17747783453093344, 0.07832250088974683, -0.21175208580923482, 0.5327690268144345, -0.18956071455557844, 0.5254028055618953, 0.4824078835856427, 0.5056005301059275, -0.10917656345307325, 0.47042499607479243, 0.04850419470045294]], "inverted": false, "swapped": false, "error_lsq": 0.04506303062887608, "error_max": 0.35607744802932095, "target": "805.xyz", "model": "19.xyz", "model_rescale": 4.410303926677745, "target_rescale": 4.146805626101552},
{"mapping": [2, 3, 7, 1, 5, 8, 4, 12, 10, 14, 6, 13, 11, 15], "R": [[0.7658570158229487, 0.004357688961103862, 0.6429961445154131], [0.4604214076309382, 0.69432701768779, -0.5531022689376032], [-0.448859843057845, 0.7196464430925075, 0.5297488444861294]], "T": [-0.025655675228371474, -0.001237379508803706, 0.04848219510540672], "aligned_model": [[-0.269307977501959, 0.22189145779249295, 0.39119596455034594, -0.5709415006587857, 0.2278638964512565, -0.30210444114487645, -0.37340371387820326, 0.5911287399664092, -0.007999526442410084, 0.18533873679925497, -0.3710813795071531, -0.07733189125801304, 0.6467033082812721, -0.030763783988758373], [0.018401279725475617, -0.4006878818769254, 0.16108930736298252, -0.4289874443609591, 0.6294211526767272, -0.7863966229345464, 0.4486392964502918, -0.2835732278313509, -0.49169583472329353, 0.023088107752558512, 0.057850039170073864, 0.6050439037713643, 0.3102134592648347, -0.05145706826603117], [-0.5667813803133811, -0.5532836041892165, -0.4537437231772564, -0.3626454692619324, -0.12873190545104515, 0.15139211488657284, -0.14700121596863716, -0.0767705896474424, 0.6022522552399209, 0.6690764018455785, 0.8783651123055368, 0.4495081099802831, 0.36275344900073636, 0.0924254834753043]], "inverted": false, "swapped": true, "error_lsq": 0.05023935752298216, "error_max": 0.3498651087523399, "target": "805.xyz", "model": "20.xyz", "model_rescale": 4.121658175737393, "target_rescale": 4.146805626101552},
{"mapping": [1, 8, 10, 9, 14, 2, 12, 4, 7, 5, 11, 13, 15], "R": [[0.7130189774976263, -0.6949457480339568, 0.0930287322162549], [-0.1588454119295717, -0.28933875686996546, -0.9439550936786494], [0.6829143964196129, 0.6582807084082496, -0.31669296818901527]], "T": [0.06816042869368395, -0.04979894558281405, 0.027408918965822704], "aligned_model": [[-0.008020272428713837, 0.15265591244115062, 0.38352608738789246, 0.4538053128342367, 0.4243668747190869, -0.25520587435452374, -0.458300751566816, 0.21964233389449095, -0.5369097369565228, -0.09156995501052952, -0.030851664132192702, 0.533159208816368, 0.09478542902036775], [-0.603556252960032, 0.008756361114113383, 0.4374981211857668, -0.3503167575848934, 0.4934727135485728, -0.6244174915796703, 0.39063144314864257, -0.5397320975162354, -0.10572740297990918, -0.13409271284113772, 0.5638605234284362, 0.017528510476815397, -0.013078053277286138], [0.6078243315000937, 0.8598278030541879, 0.4863300291991878, 0.43229138121675253, -0.063257573584795, 0.08698365544231662, 0.09585235929506727, -0.28651818243714694, -0.26087604100443557, -0.6514047227666979, -0.4839161344697947, -0.5296479527314712, 0.07662078676852477]], "inverted": true, "swapped": true, "error_lsq": 0.04855587052885391, "error_max": 0.3415977133545995, "target": "805.xyz", "model": "21.xyz", "model_rescale": 4.08911054899281, "target_rescale": 4.146805626101552},
{"mapping": [13, 6, 0, 8, 4, 2, 12, 1, 10, 7, 9, 15, 11, 3, 14, 16], "R": [[-0.7133237248527624, -0.40256783101323956, 0.5736797059296035], [0.6966603101682406, -0.3180919780119314, 0.6430255871742178], [-0.07637850351028887, 0.8583452888888904, 0.5073555846186932]], "T": [-0.04076472229695557, -0.016070253995564603, 0.056964014988403845], "aligned_model": [[-0.4103452524315303, -0.28880576594716106, -0.018122875590741515, 0.196165349902998, 0.1117324993702958, 0.5413932886240775, -0.6436902392805803, 0.6603542860754036, -0.7471356098310984, -0.6457209367392915, -0.36184949850215736, 0.5189683114467256, 0.45235330534175194, -0.07575138009846769, -0.09091980806985298, -0.05234140613797847], [0.3645579149845651, -0.6638344915408625, -0.2842029777862022, -0.6596253671629505, 0.30488011261460923, 0.32497186598022354, 0.3921175357770063, -0.3319221675960097, -0.3113965054503984, -0.14755598199952918, 0.11302154174790668, 0.2914696908014174, -0.33356849369051333, 0.8131591641955782, 0.5664267449322262, -0.008889927811001695], [-0.33706947946672305, -0.21587524496815794, -0.6694460533542783, 0.15925270089017363, -0.5430590224229301, -0.20001098787401286, 0.17875504620457014, -0.13967801012305583, 0.3118325765270925, -0.29308693837167404, 0.6796898666466594, 0.40856767137516203, 0.5488202021679158, -0.19883537726407155, 0.32154727137152045, 0.011356189568436002]], "inverted": false, "swapped": false, "error_lsq": 0.04122318428023009, "error_max": 0.2567289348935165, "target": "805.xyz", "model": "22.xyz", "model_rescale": 4.204369325754507, "target_rescale": 4.146805626101552},
{"mapping": [5, 10, 11, 14, 9, 7, 6, 13, 3, 2, 1, 4, 12, 8, 0, 15], "R": [[-0.6464871025144425, 0.567790297465026, 0.5095768876107489], [-0.4623692642483589, 0.23969609407842907, -0.8536746722036305], [-0.6068517856617972, -0.7875023559254423, 0.10756834874146814]], "T": [0.03571396268500363, 0.005787793369512306, 0.0633869250986922], "aligned_model": [[-0.40019345342997226, -0.4492956009420883, 0.019599333159444753, 0.15304040250586132, 0.2788061117364172, 0.5337333799003289, -0.5374979857428674, 0.5568627557212759, -0.3634200251125232, -0.795581984279463, -0.4312771023757311, 0.5069609384047137, 0.234917314279116, -0.09793780186347015, -0.06282117840264798, 0.00038916457399956056], [0.370208769624772, -0.5564375965966883, -0.3402230876586648, -0.7574339310654281, 0.22581029648749826, 0.44120297062727964, 0.4848373172681727, -0.3167526003262403, -0.582260756707538, -0.01123640020405774, 0.06887579010970278, 0.37594013071156185, -0.24897526217341764, 0.7301020924054218, 0.5510263583141086, -0.005075432820417093], [-0.5436095488614092, -0.19462929728691142, -0.5684595679873854, 0.004513603927689486, -0.6305195182694294, -0.17747783453093344, 0.07832250088974683, -0.21175208580923482, 0.5327690268144345, -0.18956071455557844, 0.5254028055618953, 0.4824078835856427, 0.5056005301059275, -0.10917656345307325, 0.47042499607479243, 0.04850419470045294]], "inverted": false, "swapped": false, "error_lsq": 0.04506303062887608, "error_max": 0.35607744802932095, "target": "805.xyz", "model": "23.xyz", "model_rescale": 4.410303926677745, "target_rescale": 4.146805626101552},
{"mapping": [3, 12, 5, 6, 4, 8, 1, 15, 7, 0, 7, 9, 14, 10, 11, 16], "R": [[-0.03260230173941264, -0.1746903834039568, 0.9840835126489371], [0.6491231665658053, -0.7523847377913501, -0.11205499081354225], [0.7599843449367059, 0.6351381552739686, 0.13792504908937347]], "T": [-0.016491719128928904, -0.002191663582788824, 0.04839353164858059], "aligned_model": [[-0.5072500558399058, -0.3934027790264088, 0.10029820776547732, 0.2382378573902231, 0.07975623698329859, 0.5278107241843082, -0.6644744027142646, 0.655451092640202, -0.5706619533130359, -0.6704432743925561, -0.5706619533130359, 0.510392766516802, 0.40317318780450034, 0.10369183860362305, 0.0024777769285176526, -0.0981110020853512], [0.5014826348364453, -0.6798034536983674, -0.36041969357647785, -0.7175389772500074, 0.2386862156598608, 0.4519746873917127, 0.5341207930646094, -0.2262990235007162, -0.10296344092043423, -0.17714524765459316, -0.10296344092043423, 0.29202660822632515, -0.22541194236933193, 0.6351238153412136, 0.3045625377344823, 0.06417658563177964], [-0.5126050785944651, -0.16363512114866927, -0.4552281765121899, 0.08429831455092734, -0.589257275005761, -0.36774880349673955, 0.21816614483668104, -0.03868654516098615, 0.40148176016780157, -0.28645631212453604, 0.40148176016780157, 0.21646592958433927, 0.5302690996551456, -0.007898910563768222, 0.6018043237409396, -0.0096906991898945]], "inverted": false, "swapped": false, "error_lsq": 0.045305607727263074, "error_max": 0.3833661505483287, "target": "805.xyz", "model": "24.xyz", "model_rescale": 4.28219845311461, "target_rescale": 4.146805626101552},
{"mapping": [11, 7, 13, 4, 12, 14, 5, 2, 3, 9, 1, 6, 0, 10, 8, 15], "R": [[-0.023370460974286328, -0.9836422486884092, 0.17861060480570454], [0.8017175199033867, -0.1251728651431687, -0.5844491184969084], [0.5972460463107415, 0.12953640579798537, 0.7915285716505296]], "T": [-0.07477834023183262, -0.02013092692969213, -0.040126024309797025], "aligned_model": [[-0.22534153262992734, -0.3763759617753131, 0.1105162276795673, 0.028149212671631937, -0.08710498742445023, 0.4518495149014501, -0.7043017825156042, 0.5853211990890481, -0.6178196593170393, -0.6745674430911768, -0.31648702519561206, 0.5715748212836207, 0.4158853974305936, 0.12925945746938616, -0.11435059992688093, -0.029922570516900712], [0.4173275787253559, -0.6764682657598149, -0.33614201152641343, -0.6774585310089192, 0.17485548491367942, 0.39759843105312753, 0.47232983962830927, -0.19562021814488087, -0.42731580883417325, -0.07376965565739638, -0.021422192938145658, 0.40779377964705793, -0.23793438527039168, 0.7465350128177963, 0.5045725228707975, -0.04527292251992312], [-0.32724595077527435, -0.3296189915593197, -0.507800456422069, 0.26314763559900484, -0.779212117534707, -0.39832975205646454, 0.2539204174820366, -0.08758264919053527, 0.3331727067012488, -0.3471270059866128, 0.5527083902545458, 0.4195533977456201, 0.5741743274024378, -0.022900091295438206, 0.41271653437800665, 0.013184016164145891]], "inverted": true, "swapped": false, "error_lsq": 0.04283016742067062, "error_max": 0.3307299665015881, "target": "805.xyz", "model": "25.xyz", "model_rescale": 4.100010024507729, "target_rescale": 4.146805626101552},
{"mapping": [10, 8, 3, 1, 11, 5, 12, 4, 9, 13, 6, 15], "R": [[0.1206484371297625, -0.46787156512114647, -0.875522788492244], [0.7240439789785618, 0.6448423976484354, -0.244823607317409], [0.6791202184613837, -0.604379417871014, 0.41655881713253473]], "T": [0.046880645408065136, 0.1127821931319779, 0.0057236199904144094], "aligned_model": [[-0.540173198176907, -0.07919134920161089, 0.3583372102219922, 0.5640134532589861, -0.47252509235322915, 0.21408453750608042, -0.1982481468515468, 0.4749975197254399, 0.18209065786259832, -0.14112126646661913, -0.4864421540535404, 0.0009434308913634434], [-0.32447839616211765, -0.7164122402730135, -0.15996103915029364, -0.5011684296249146, 0.6700530240617708, 0.7905096412976117, 0.09949950289435763, 0.3842011612380799, -0.32934741737429946, 0.651536460734652, 0.03657477830250476, 0.06512434410630144], [-0.10241276225446344, 7.976595951220827e-05, 0.6472595126637845, -0.06478168239984022, 0.2655342226980992, 0.08405343136026228, 0.6503632491700971, -0.31766341073112425, -0.42925040254229424, -0.4475625263140925, -0.7162702290018522, -0.00415687875373183]], "inverted": false, "swapped": true, "error_lsq": 0.04608394708474307, "error_max": 0.23101636172068754, "target": "805.xyz", "model": "26.xyz", "model_rescale": 3.6694154284099745, "target_rescale": 4.146805626101552},
