[{"mapping": [3, 4, 0, 10, 7, 5, 1, 9, 2, 8, 6, 11], "R": [[0.08106019407057252, -0.2370895751850307, 0.968100086910348], [0.011819959304380026, -0.9709994550902756, -0.23878933555841841], [0.9966391189890573, 0.030799213512195507, -0.07590701514185805]], "T": [0.028922416327860884, -0.0274125559521858, 0.039610849622471946], "aligned_model": [[-0.18061247541749198, -0.7411330659706554, -0.3750428627467287, 0.28857886226048224, 0.8056325841588199, 0.11105859331380435, 0.17718971408428286, 0.3957100114517932, -0.4247405331604557, 0.02738635929994474, 0.6472051805211115, 0.0032156295841402442], [-0.6756341281750936, -0.2658289895522722, 0.3864159283613157, -0.2807199893248031, 0.37067571573011365, 0.5073026834574611, 0.6386470806322118, -0.4970082639846757, 0.429894959841837, -0.17241109526733792, 0.07877482467551389, 0.024570950655565436], [-0.060070829903157465, -0.010594977877448473, -0.1802741950587898, -0.5349979044430067, -0.3276089115601418, -0.5896900273061452, 0.2300365003316757, 0.15920665008650192, 0.5231498964907512, 0.6577342635265963, 0.40238509230232117, 0.0012815912918298505]], "inverted": false, "swapped": false, "error_lsq": 0.04620943464415662, "error_max": 0.23768233341357756, "target": "806.xyz", "model": "0.xyz", "model_rescale": 3.751011558992144, "target_rescale": 3.786271063334179},
{"mapping": [10, 4, 8, 9, 3, 2, 0, 11, 1, 6, 7, 14], "R": [[-0.6520080142215252, -0.7504683018242272, 0.10808735979736048], [0.24901597528952493, -0.07730085436202933, 0.9654095617744352], [-0.7161540291316597, 0.6563702505994319, 0.23727937265284754]], "T": [0.08134111998742971, 0.02869587365800981, -0.07472742016121481], "aligned_model": [[-0.3044645852620777, -0.6656388484524007, -0.4733466384534117, 0.2736566910217372, 0.6771367983726304, 0.11331724562276613, 0.2166296585894836, 0.42760382510405426, -0.1763955968478058, 0.08103554715493028, 0.43943543546875286, 0.12547846506038846], [-0.6912930500944585, -0.12397880764800272, 0.30957347097053606, -0.4534943656581702, 0.49591294690816, 0.6482734415343053, 0.7354782442497663, -0.6287437289799276, 0.35583504302646407, -0.26634837066068756, 0.16658357176468147, -0.0031187183628301474], [-0.14700228162461165, 0.13571339894844683, -0.3067781001940256, -0.4805560977830004, -0.17543295920379787, -0.6213893511221661, 0.16539798549820905, 0.21614419559952613, 0.4840545570854994, 0.6156887918368766, 0.466042833946803, -0.08132582510677257]], "inverted": true, "swapped": false, "error_lsq": 0.042301219125393995, "error_max": 0.24328841231225554, "target": "806.xyz", "model": "1.xyz", "model_rescale": 3.9405287249114394, "target_rescale": 3.786271063334179},
{"mapping": [5, 9, 8, 2, 7, 4, 3, 0, 10, 11, 6, 12], "R": [[-0.46919032881657635, -0.8651781769179319, -0.17699479520583944], [-0.8572011116044307, 0.49437114470335763, -0.14423392648340552], [0.21228916507707496, 0.08404697180538917, -0.9735858549307416]], "T": [0.16031309933789717, 0.045710659447765374, -0.048760020397278114], "aligned_model": [[-0.08725741184465352, -0.6209720314647369, -0.4959147288139798, 0.03716409701210985, 0.7561328664491463, 0.13490574936376548, 0.1609541645579643, 0.6544478811879861, -0.4279569112460586, -0.04495765707989463, 0.5309020926589598, 0.13699988659843912], [-0.6323710555293864, -0.03321751759640167, 0.4032239639236121, -0.46169520502555267, 0.5665631407917533, 0.5211452001640513, 0.5839707103540409, -0.6209235013709042, 0.4509754244220909, -0.24761075871752414, 0.004361686902002469, 0.010257588732054762], [0.03484805447114639, 0.13493808613965605, -0.2542814178029826, -0.48641655176161047, 0.0024391100001097676, -0.5635533633456856, 0.14378967501314965, 0.07107195059307209, 0.399777585863588, 0.5672276022400226, 0.34660026325310944, -0.12588384678258885]], "inverted": true, "swapped": false, "error_lsq": 0.05761876492696846, "error_max": 0.346398925948334, "target": "806.xyz", "model": "2.xyz", "model_rescale": 3.932901565614263, "target_rescale": 3.786271063334179},
{"mapping": [1, 2, 6, 10, 9, 12, 5, 3, 4, 0, 7, 13], "R": [[0.41172450119512644, -0.5762111516885424, -0.706019577480248], [0.32591721787842437, 0.8165949734347795, -0.4763933421569192], [0.8510351944579098, -0.03396112528782633, 0.5240092935847346]], "T": [0.2247751362984378, -0.09390922725497117, 0.01645806651264474], "aligned_model": [[-0.2706949831205424, -0.5856750831223944, -0.2938143232677888, 0.03573098272871006, 0.7126491202580417, 0.19643944624871032, 0.11727721803745594, 0.45584792134429475, -0.2765713124799998, -0.0973335794911597, 0.542191918933784, 0.19840067130993574], [-0.630442421629605, -0.08721744942520668, 0.23864634785951258, -0.1665561717956192, 0.4377001028795252, 0.397619959379219, 0.6146935420568619, -0.47572503053964954, 0.3138485257137189, -0.3871968393040808, 0.3045080817177931, -0.015198969862633346], [-0.10767940973545038, 0.209656190542102, -0.27877747092965316, -0.6706592231484769, -0.12197399364027393, -0.5672592944726803, -0.03945256349474528, 0.2644652003907771, 0.6043456048471033, 0.5255540112754311, 0.5167107840059819, -0.06437268775912909]], "inverted": true, "swapped": false, "error_lsq": 0.05235083817346609, "error_max": 0.36285979206944824, "target": "806.xyz", "model": "3.xyz", "model_rescale": 3.9243930471874484, "target_rescale": 3.786271063334179},
{"mapping": [9, 11, 5, 1, 2, 0, 3, 8, 6, 10, 4, 12], "R": [[-0.8528471043882832, -0.2657386350088923, 0.44948280768026255], [-0.2540965287052597, 0.963226575399477, 0.08734711525936716], [-0.45616528872378964, -0.0397182868186277, -0.8890082603979196]], "T": [0.07360077792478134, -0.05068120589813279, 0.0739904881216035], "aligned_model": [[-0.18742848960376032, -0.645432108158326, -0.38313989895822065, 0.14135406268392156, 0.7623689119981099, 0.19229816490557247, 0.22180002271260327, 0.3660578596375401, -0.42649955079558577, 0.03356070451546464, 0.6294622242605581, 0.030046094181170227], [-0.6880234502922836, -0.30630820757153243, 0.31548882033536113, -0.15497999537911333, 0.48116499338068824, 0.5685656984651228, 0.5704015951066126, -0.5774358175105289, 0.43417599709042, -0.13685366086269724, 0.02573882409756357, 0.0127448801902239], [-0.07880341483598918, 0.2832286924103591, -0.40656186671968, -0.6293526393059942, -0.23252634357185523, -0.49676914177617537, 0.2867027550577004, 0.2565686999031793, 0.2645939210933334, 0.7726311826460988, 0.2677565866348155, -0.01691128365480639]], "inverted": true, "swapped": false, "error_lsq": 0.059184335170603876, "error_max": 0.2785666642096382, "target": "806.xyz", "model": "4.xyz", "model_rescale": 3.8936222436046832, "target_rescale": 3.786271063334179},
{"mapping": [4, 5, 1, 2, 3, 0, 9, 10, 6, 7, 8, 11], "R": [[-0.8652427607595297, -0.3176283389142898, 0.3879010225196322], [-0.3942563685032943, 0.9090190270622835, -0.13507895592331925], [-0.3097045056950606, -0.26980853722091236, -0.9117491279923935]], "T": [0.12777788625496095, 0.05654552486788812, 0.08401451272271265], "aligned_model": [[-0.2119174528462684, -0.6259528713611762, -0.45593285393558164, 0.20627574267216303, 0.614277545876984, 0.2605669421179414, 0.1828131884781197, 0.46885303754417634, -0.4510667653294685, 0.04860622439246723, 0.7255422922234409, -0.027617032453750467], [-0.6189578381462627, -0.2069580199369434, 0.3313601020626351, -0.26907719509886696, 0.18726697314307472, 0.5461468059358079, 0.6681263053803552, -0.47492794074057276, 0.35611230500692725, -0.2096728410771852, 0.24498995170827848, -0.009728931187411388], [-0.15873408574146786, 0.2241097801144238, -0.39229157280268717, -0.5830435025229473, -0.1925935429620087, -0.6408137160299285, 0.15455533947024047, 0.10992003360602007, 0.5420617173609951, 0.6693410514850698, 0.4752040310904353, 0.06284161481284177]], "inverted": true, "swapped": false, "error_lsq": 0.04392557244076403, "error_max": 0.25466835973616836, "target": "806.xyz", "model": "5.xyz", "model_rescale": 3.6523030999806103, "target_rescale": 3.786271063334179},
{"mapping": [8, 5, 7, 9, 4, 11, 3, 6, 0, 1, 2, 12], "R": [[-0.2894575501377479, -0.9569842651903304, 0.01988574480317558], [-0.949931425260025, 0.2846464877484389, -0.12886684723362965], [0.1176631376927839, -0.056191575797459564, -0.9914625019826457]], "T": [0.13130368813204146, -0.057081663830094616, -0.02853102366409012], "aligned_model": [[-0.16095807928979972, -0.5221721390642524, -0.3015088770019467, 0.06930846573168753, 0.5659439236790059, 0.25409602399164805, -0.005398740550525916, 0.4568962081021661, -0.44785947096804196, 0.09183306052764931, 0.684557611979296, 0.04971001024216132], [-0.6585700365059558, -0.16409192812002882, 0.37356570168658076, -0.295151743714717, 0.31361387254327855, 0.5034010718922726, 0.5853527654352498, -0.5885849188101461, 0.44430906338479415, -0.10468092502975129, 0.12877361847897564, 0.006743135809283658], [-0.10914057338183007, 0.13091074186007334, -0.3351809702365104, -0.7083413682778671, -0.08148654163392957, -0.6958766225499233, 0.1978119749790722, 0.15618027257202016, 0.6041941175329651, 0.6632429610181939, 0.45683434798344535, -0.008591191984723145]], "inverted": true, "swapped": false, "error_lsq": 0.04493408564879969, "error_max": 0.20998850235906422, "target": "806.xyz", "model": "6.xyz", "model_rescale": 4.08911054899281, "target_rescale": 3.786271063334179},
{"mapping": [12, 5, 7, 13, 1, 2, 6, 11, 4, 8, 9, 14], "R": [[-0.05699022669526384, 0.9085186976695916, -0.41393947630779465], [-0.07159110865831148, 0.40982716148302584, 0.9093494437628691], [0.9958046129750033, 0.08145841697157391, 0.04168571796417725]], "T": [0.05580155482495133, 0.05183400709038675, 0.08874806853938856], "aligned_model": [[-0.18055862561042602, -0.6850671656577836, -0.46202937604432115, 0.16345554785055869, 0.7137554293069183, 0.1971007566430057, -0.06416942900896137, 0.3744455990074653, -0.39497471219794833, 0.12955085579304723, 0.7312848684286541, 0.21165424886883835], [-0.5565715523505884, -0.11257171032910865, 0.27324649251319094, -0.231388888153198, 0.18301506642145157, 0.5330300814471723, 0.532486631686562, -0.4411126524952961, 0.2731669906928633, -0.041582877523138655, 0.10371538920018686, 0.029246705939739083], [-0.19757073691541693, 0.1564646002977716, -0.44239842996305845, -0.5776526605621838, -0.20762043110647915, -0.5426190329795725, 0.02773180873754095, 0.08795631890379209, 0.5833812226655347, 0.7603009700749297, 0.48319441868238167, 0.13938910004574712]], "inverted": true, "swapped": false, "error_lsq": 0.049465983456565936, "error_max": 0.24472371886617703, "target": "806.xyz", "model": "7.xyz", "model_rescale": 3.964800864290218, "target_rescale": 3.786271063334179},
{"mapping": [10, 11, 6, 5, 1, 0, 2, 8, 4, 12, 7, 13], "R": [[0.5112160314508627, -0.828424062788939, -0.22884873034364608], [0.15054388981146116, 0.3484691803522209, -0.9251517538139818], [0.8461647040783878, 0.4385006300302427, 0.3028572122882583]], "T": [0.03108145539067792, 0.07705762452498716, -0.0416557739562011], "aligned_model": [[-0.23386080773371265, -0.6752749828862074, -0.494174844791566, 0.3142814604489023, 0.7472906410056152, 0.13325239205372855, 0.17257938651554464, 0.4970902617184082, -0.40799506129302593, 0.04028203663965738, 0.5818656971126434, 0.05911181858905999], [-0.651498370620077, -0.17025278568225402, 0.276816104585371, -0.5013997853857006, 0.2596402634604314, 0.6338613426002886, 0.6849655077297385, -0.519696939259989, 0.46270706376162407, -0.08295750006322844, 0.1482624452932038, 0.004232330630428327], [-0.3139529868614077, 0.31475896704310014, -0.185559185803747, -0.5748119471576573, -0.17137806800218439, -0.480620569539695, 0.17978286038521887, 0.0916760093292838, 0.35023670814471264, 0.6965755221131734, 0.4037875530022782, -0.03993771477208895]], "inverted": false, "swapped": false, "error_lsq": 0.046678001715025036, "error_max": 0.24746287817951432, "target": "806.xyz", "model": "8.xyz", "model_rescale": 4.121658175737393, "target_rescale": 3.786271063334179},
{"mapping": [10, 11, 7, 5, 4, 9, 6, 0, 8, 2, 1, 12], "R": [[0.7187978847406291, 0.4314315328452937, 0.5451572556236938], [-0.41314413133639594, 0.8957493072282068, -0.16414964313845548], [-0.559143566210586, -0.10723810454753357, 0.8221061131620178]], "T": [-0.023310640312615587, 0.005597854015128981, 0.04711829106461413], "aligned_model": [[-0.20389541919629495, -0.6294531602130474, -0.49750017715887657, 0.11975294847682724, 0.7970811249180513, 0.17737933465929864, 0.11147385196500778, 0.5760620858691865, -0.4285235608390592, 0.08493330372649635, 0.5724867437766985, 0.05465092139475943], [-0.6964567393952467, -0.17395835348578925, 0.26476532476837283, -0.2506656690732736, 0.14331006775719485, 0.6123147901655646, 0.6694903026886388, -0.50149782355943, 0.441538347522832, -0.08933132771304715, 0.10481531710659005, 0.020355440267429768], [-0.1786898489620237, 0.1052808947730596, -0.3568463306067644, -0.4965541494478524, -0.2629149578728094, -0.4865556827892246, 0.19293326742070527, 0.09641892003495722, 0.4670131742032276, 0.7265431580618137, 0.3789512126434649, 0.0849774904224331]], "inverted": true, "swapped": false, "error_lsq": 0.04862800602066947, "error_max": 0.31506663793632983, "target": "806.xyz", "model": "9.xyz", "model_rescale": 3.833441315466971, "target_rescale": 3.786271063334179},
{"mapping": [1, 0, 5, 6, 3, 4, 2, 11, 13, 8, 9, 14], "R": [[0.050771225936825495, 0.9959503160810222, -0.0741973753914752], [-0.935969559005739, 0.0733674410893269, 0.3443518595892968], [0.3484010149690647, 0.05196331865956813, 0.9359041330619338]], "T": [0.08319216754470846, -0.13991874064424603, 0.011716882993333984], "aligned_model": [[-0.4895842611381772, -0.5784022321629986, -0.34527765215838346, 0.13312815404972694, 0.6513630177955437, 0.19991436008349975, 0.08281979770890788, 0.4884337004531354, -0.4579815570977689, 0.324742132717731, 0.5763723542929694, 0.14892018283486141], [-0.3500515690544888, -0.23442277453464028, 0.34662961195216496, -0.3119468900999379, 0.4906464638756072, 0.2771740085767772, 0.5314760115736924, -0.6184152733207338, 0.3106030808329333, -0.13881766001555532, 0.31701600000363417, -0.07521133273961703], [-0.4046727063138624, 0.14280768952647055, -0.180947373308475, -0.6433726384398333, -0.17237890055889915, -0.6578517456075174, 0.2683863259789631, 0.2803382694579597, 0.38567895265298197, 0.7528051127764689, 0.4654724038641213, 0.03429175785260833]], "inverted": false, "swapped": false, "error_lsq": 0.05273233137629863, "error_max": 0.37947486488317317, "target": "806.xyz", "model": "10.xyz", "model_rescale": 4.2482417240324, "target_rescale": 3.786271063334179},
{"mapping": [9, 10, 8, 7, 2, 3, 1, 5, 0, 6, 6, 11], "R": [[-0.525826648063631, -0.16504508294865605, -0.8344258246127321], [-0.03432445271745574, 0.9843126724791204, -0.1730618234697047], [0.8498989164199551, -0.0623593087797109, -0.52324291536217]], "T": [0.05136178782631802, 0.057451206855028664, 0.035101290836783115], "aligned_model": [[-0.35620670143854033, -0.5711344283526774, -0.3667911585143724, 0.18646245573640907, 0.7091296958796106, 0.19490553909063518, -0.031386258583895196, 0.45272892002069726, -0.3774432790038636, 0.43788782827148026, 0.43788782827148026, 0.018407556002083394], [-0.6167343524747378, -0.09823907383256933, 0.28876736975594386, -0.28352025776723555, 0.38204234704592044, 0.42039657634062044, 0.7519130098766337, -0.5719771509481596, 0.33289075412940017, 0.0006692307114055523, 0.0006692307114055523, -0.06219800649879072], [-0.20712310985083707, 0.09220960789080604, -0.3502540973469182, -0.5341460337409851, -0.06358638432810118, -0.6760509268309118, 0.13521182333699702, 0.1182309360229093, 0.5955464232020353, 0.5526489363593825, 0.5526489363593825, 0.05522103680722755]], "inverted": true, "swapped": false, "error_lsq": 0.050644479026028755, "error_max": 0.36681839939992816, "target": "806.xyz", "model": "11.xyz", "model_rescale": 3.6694154284099745, "target_rescale": 3.786271063334179},
{"mapping": [11, 9, 7, 6, 0, 5, 12, 4, 10, 2, 1, 13], "R": [[0.14899598592431304, -0.2022271018682077, -0.9679382188179304], [-0.9887692076832543, -0.018939614001861504, -0.1482455562871626], [0.011646892970732098, 0.9791554985248493, -0.20277785774754167]], "T": [0.04207598916010066, 0.008765427410937887, 0.047746796544206424], "aligned_model": [[-0.2133966253254023, -0.7185984100918088, -0.5308597066853215, 0.12273782514667278, 0.694894974794266, 0.11802616301929679, 0.16863024648515068, 0.542556313525041, -0.4101972394419382, 0.08783609112582716, 0.7089880632915531, 0.16383030153571077], [-0.6526545741722907, -0.23978012122926876, 0.308366807130524, -0.150978224905909, 0.12729678496393604, 0.5238643294635549, 0.6505061775456455, -0.5363359630805045, 0.35197946998543594, 0.07851362967820849, 0.07228530615147259, 0.01161605551903141], [-0.1578887394427867, 0.11321308912270976, -0.3185167972865024, -0.48875154195594184, -0.21780085209475464, -0.5633796099149058, 0.2319242377142277, 0.03983675494175169, 0.3326710583718031, 0.6953228729559954, 0.5651122423212064, 0.03881443314818403]], "inverted": false, "swapped": false, "error_lsq": 0.05077065319262322, "error_max": 0.29976645639795063, "target": "806.xyz", "model": "12.xyz", "model_rescale": 3.9764082729961374, "target_rescale": 3.786271063334179},
{"mapping": [1, 2, 0, 12, 6, 5, 4, 11, 7, 3, 14, 15], "R": [[0.5736865264422082, 0.2800506972801034, 0.7697112291837775], [0.4513997363735826, 0.676043904966986, -0.5824112950131112], [-0.6834632743465694, 0.681568958734123, 0.2614224686394598]], "T": [0.09557038099740622, -0.03995459647497037, -0.0759531469515613], "aligned_model": [[-0.2900934360319305, -0.6596238850127709, -0.5021087401085507, 0.21655236334002986, 0.7150827520307026, 0.1067108476876013, 0.027395971809173192, 0.46781561027589713, -0.37709775445534777, 0.15871075962031866, 0.7592986499503481, 0.11180485827357604], [-0.4938830339562389, -0.2214047927143543, 0.3608937139162233, -0.38568964672105654, 0.4064288644950313, 0.5770513063052183, 0.660550121363807, -0.5819852021317092, 0.3085135145581457, -0.07572391817535476, -0.03628922677528714, 0.02621797688541195], [-0.2962596882552001, 0.10575255129744388, -0.17191268922223601, -0.5984894327040948, -0.10055057788200822, -0.6434066796492153, 0.06725688061871204, 0.3692221113009646, 0.39963964971762617, 0.7626035270580497, 0.3693101343020866, 0.007391361298858229]], "inverted": false, "swapped": false, "error_lsq": 0.04524748089463317, "error_max": 0.3100046753869606, "target": "806.xyz", "model": "13.xyz", "model_rescale": 4.170626492500431, "target_rescale": 3.786271063334179},
{"mapping": [8, 7, 0, 4, 6, 2, 3, 12, 1, 9, 11, 13], "R": [[-0.6627369543789537, 0.7080685072388194, 0.24375955028900662], [-0.7181757077096204, -0.5087599265009276, -0.4747493970955169], [-0.21214000602501795, -0.4896961570641135, 0.8456916054924186]], "T": [0.07634218301815114, 0.03292316621211877, -0.007231545064887705], "aligned_model": [[-0.21806845054355983, -0.6532236232419553, -0.4496384635898721, 0.18409687160930738, 0.834262559795685, 0.05742029525123614, 0.2543331850009489, 0.4076570037050677, -0.46037636639656904, 0.007688753899714976, 0.5967806867330295, 0.1735155451560139], [-0.6154708559845469, -0.27185465246345425, 0.22169280103482564, -0.27602884668927397, 0.36221566013003126, 0.44363571870512175, 0.6671019224997012, -0.6195240969841251, 0.4116314766601998, 0.09573079589939848, 0.09013023532763409, 0.035419518914324176], [-0.2180961073562916, 0.1724181653946853, -0.21596292960154567, -0.6365174192141659, -0.1641150143814793, -0.5209331399858718, 0.1967540248085184, -0.02301696641182576, 0.391927175505094, 0.7975344748360671, 0.46766925112877705, 0.022895633159024646]], "inverted": false, "swapped": false, "error_lsq": 0.04624804565356674, "error_max": 0.30976445279949955, "target": "806.xyz", "model": "14.xyz", "model_rescale": 3.9786697098870705, "target_rescale": 3.786271063334179},
{"mapping": [1, 6, 9, 0, 2, 3, 8, 4, 7, 10, 5, 11], "R": [[-0.5434189298419624, -0.5002675863885542, 0.6741129050080463], [-0.8202949901816174, 0.1458316638077679, -0.5530363956504118], [0.17835917630544584, -0.8535018850828797, -0.4896146815482704]], "T": [0.019601817770725137, 0.028198102732807033, 0.042560713947698094], "aligned_model": [[-0.2393466027150601, -0.7650325480201697, -0.3518111367390368, 0.1906227445879895, 0.7997645887451865, 0.16019474624230848, 0.2185485957264704, 0.5187885737632502, -0.27227187761441907, 0.004398890343643901, 0.5466126973371872, -0.07602067427830325], [-0.5989308588962259, -0.0796964192533508, 0.3285893387166754, -0.24563372557588542, 0.2237724074162275, 0.5714726764915785, 0.5099567879369318, -0.28909023935583, 0.2207609526045593, -0.5063937133962304, 0.3837136471105555, 0.02615882325083083], [0.024475567933629865, 0.05052155242206997, -0.3564778689182174, -0.5735346995025452, -0.2844624632126983, -0.6856120665609304, 0.06615890865439514, 0.2008497556007798, 0.6034575852013945, 0.6799785122734051, 0.5329970688953354, 0.012205295094368077]], "inverted": true, "swapped": false, "error_lsq": 0.06552079679518187, "error_max": 0.36893957460770344, "target": "806.xyz", "model": "15.xyz", "model_rescale": 3.769337070930944, "target_rescale": 3.786271063334179},
{"mapping": [2, 0, 6, 8, 5, 3, 4, 7, 10, 9, 11], "R": [[0.850881299052956, 0.008973538259811356, -0.5252813441700115], [0.19489915011595396, 0.9231121994028564, 0.33147879056992535], [0.48786815453156307, -0.3844259914791419, 0.7837099724191634]], "T": [-0.11325268756387874, -0.03194443269526024, -0.0735865721136979], "aligned_model": [[-0.3446955398429758, -0.32255923693830935, -0.08400943720090866, -0.7235588470002662, 0.40749275877856883, 0.3418119867099695, 0.556698072829094, 0.21561596740996536, 0.1570807882664571, -0.35800799606805167, 0.07675761374762743], [0.0781600140512429, -0.7432512768088654, 0.6127495114544926, 0.35678681403817375, 0.2430141849904511, -0.47056328701099803, 0.4459533776018782, -0.4511862756901531, 0.43992702223823216, 0.07245822791799811, 0.012016184842889709], [-0.5372158123642088, -0.15028534397564297, -0.1610467980715588, -0.022512797707276377, -0.7167062634826554, -0.28758131113400276, 0.03158908568033984, 0.46645965814226065, 0.5109017716466228, 0.5940603723695934, 0.016555046120305353]], "inverted": false, "swapped": true, "error_lsq": 0.03445502826124892, "error_max": 0.15189163553589796, "target": "806.xyz", "model": "16.xyz", "model_rescale": 3.7852294659196426, "target_rescale": 3.786271063334179},
{"mapping": [7, 5, 1, 2, 8, 3, 0, 11, 4, 10, 9, 12], "R": [[0.9633254459205709, 0.14516307940140827, -0.22568067179232182], [-0.12830768622261357, -0.48947398978622775, -0.8625267247911518], [-0.23567185427651854, 0.8598505066006837, -0.4528972106343946]], "T": [0.04259325668445325, 0.030012007937229825, 0.003284845187605384], "aligned_model": [[-0.1917610116761262, -0.5870220337799359, -0.4822964050399564, 0.11056366524410433, 0.6727082841372655, 0.06633038824133944, 0.17735096513148213, 0.50702890813772, -0.44129555034031237, 0.0719475165148824, 0.7348692402086748, 0.09602403059990991], [-0.6159580245619393, -0.09379696169030449, 0.10378948452986683, -0.2076849030185533, 0.13224384124241517, 0.6005166217371943, 0.6662724477517289, -0.5376352303422277, 0.4235527987100204, -0.10175729997215063, 0.17012500131610162, 0.00501190134768462], [-0.13537949482316083, 0.14634055326524212, -0.43637625294313354, -0.556149890159228, -0.12598083351200892, -0.5503002028230508, 0.2100701649757548, 0.006150672495394943, 0.33908828996396567, 0.797658971278096, 0.5016663228067334, 0.07376884735638221]], "inverted": false, "swapped": false, "error_lsq": 0.05245282076196778, "error_max": 0.30030705117699097, "target": "806.xyz", "model": "17.xyz", "model_rescale": 3.901054581598922, "target_rescale": 3.786271063334179},
{"mapping": [10, 4, 8, 9, 3, 2, 0, 11, 1, 6, 7, 14], "R": [[-0.6520080142215252, -0.7504683018242272, 0.10808735979736048], [0.24901597528952493, -0.07730085436202933, 0.9654095617744352], [-0.7161540291316597, 0.6563702505994319, 0.23727937265284754]], "T": [0.08134111998742971, 0.02869587365800981, -0.07472742016121481], "aligned_model": [[-0.3044645852620777, -0.6656388484524007, -0.4733466384534117, 0.2736566910217372, 0.6771367983726304, 0.11331724562276613, 0.2166296585894836, 0.42760382510405426, -0.1763955968478058, 0.08103554715493028, 0.43943543546875286, 0.12547846506038846], [-0.6912930500944585, -0.12397880764800272, 0.30957347097053606, -0.4534943656581702, 0.49591294690816, 0.6482734415343053, 0.7354782442497663, -0.6287437289799276, 0.35583504302646407, -0.26634837066068756, 0.16658357176468147, -0.0031187183628301474], [-0.14700228162461165, 0.13571339894844683, -0.3067781001940256, -0.4805560977830004, -0.17543295920379787, -0.6213893511221661, 0.16539798549820905, 0.21614419559952613, 0.4840545570854994, 0.6156887918368766, 0.466042833946803, -0.08132582510677257]], "inverted": true, "swapped": false, "error_lsq": 0.042301219125393995, "error_max": 0.24328841231225554, "target": "806.xyz", "model": "18.xyz", "model_rescale": 3.9405287249114394, "target_rescale": 3.786271063334179},
{"mapping": [4, 7, 13, 12, 10, 14, 11, 1, 9, 8, 2, 15], "R": [[-0.5873346958481439, 0.7969238289704683, 0.14124576408521541], [-0.7758538422586554, -0.5047073942479016, -0.3785779465895697], [-0.2304100052199344, -0.3319380318832737, 0.9147285785871178]], "T": [0.08135422690576703, -0.06411627060762662, 0.0014609844368636826], "aligned_model": [[-0.364072859358945, -0.5795047496093513, -0.34996420146787866, 0.1015615133138763, 0.6461262063866186, 0.22122970605790532, 0.0525348229150505, 0.6002728065018471, -0.3913033539779106, -0.08969257096012194, 0.7740610805690339, 0.11319959700892276], [-0.6289280067868552, -0.12003057165020212, 0.3329877718882671, -0.29157190052317167, 0.47549880532927713, 0.4101318770917284, 0.6532232387604648, -0.4715330748372405, 0.3813450480130274, -0.3246503970992085, 0.17313259600633985, -0.0449257091425905], [-0.1298685328546148, 0.2376061792633801, -0.32656742614776046, -0.4965296421869073, -0.08658569614461262, -0.5945780300679556, 0.06315921903869048, 0.01741339368292169, 0.41032388542260123, 0.6907628902873054, 0.46964414644866903, 0.01577676113926954]], "inverted": true, "swapped": false, "error_lsq": 0.04374659193615788, "error_max": 0.2794222405065291, "target": "806.xyz", "model": "19.xyz", "model_rescale": 4.410303926677745, "target_rescale": 3.786271063334179},
{"mapping": [10, 11, 6, 5, 1, 0, 2, 8, 4, 12, 7, 13], "R": [[0.5112160314508627, -0.828424062788939, -0.22884873034364608], [0.15054388981146116, 0.3484691803522209, -0.9251517538139818], [0.8461647040783878, 0.4385006300302427, 0.3028572122882583]], "T": [0.03108145539067792, 0.07705762452498716, -0.0416557739562011], "aligned_model": [[-0.23386080773371265, -0.6752749828862074, -0.494174844791566, 0.3142814604489023, 0.7472906410056152, 0.13325239205372855, 0.17257938651554464, 0.4970902617184082, -0.40799506129302593, 0.04028203663965738, 0.5818656971126434, 0.05911181858905999], [-0.651498370620077, -0.17025278568225402, 0.276816104585371, -0.5013997853857006, 0.2596402634604314, 0.6338613426002886, 0.6849655077297385, -0.519696939259989, 0.46270706376162407, -0.08295750006322844, 0.1482624452932038, 0.004232330630428327], [-0.3139529868614077, 0.31475896704310014, -0.185559185803747, -0.5748119471576573, -0.17137806800218439, -0.480620569539695, 0.17978286038521887, 0.0916760093292838, 0.35023670814471264, 0.6965755221131734, 0.4037875530022782, -0.03993771477208895]], "inverted": false, "swapped": false, "error_lsq": 0.046678001715025036, "error_max": 0.24746287817951432, "target": "806.xyz", "model": "20.xyz", "model_rescale": 4.121658175737393, "target_rescale": 3.786271063334179},
{"mapping": [8, 5, 7, 9, 4, 11, 3, 6, 0, 1, 2, 12], "R": [[-0.2894575501377479, -0.9569842651903304, 0.01988574480317558], [-0.949931425260025, 0.2846464877484389, -0.12886684723362965], [0.1176631376927839, -0.056191575797459564, -0.9914625019826457]], "T": [0.13130368813204146, -0.057081663830094616, -0.02853102366409012], "aligned_model": [[-0.16095807928979972, -0.5221721390642524, -0.3015088770019467, 0.06930846573168753, 0.5659439236790059, 0.25409602399164805, -0.005398740550525916, 0.4568962081021661, -0.44785947096804196, 0.09183306052764931, 0.684557611979296, 0.04971001024216132], [-0.6585700365059558, -0.16409192812002882, 0.37356570168658076, -0.295151743714717, 0.31361387254327855, 0.5034010718922726, 0.5853527654352498, -0.5885849188101461, 0.44430906338479415, -0.10468092502975129, 0.12877361847897564, 0.006743135809283658], [-0.10914057338183007, 0.13091074186007334, -0.3351809702365104, -0.7083413682778671, -0.08148654163392957, -0.6958766225499233, 0.1978119749790722, 0.15618027257202016, 0.6041941175329651, 0.6632429610181939, 0.45683434798344535, -0.008591191984723145]], "inverted": true, "swapped": false, "error_lsq": 0.04493408564879969, "error_max": 0.20998850235906422, "target": "806.xyz", "model": "21.xyz", "model_rescale": 4.08911054899281, "target_rescale": 3.786271063334179},
{"mapping": [11, 15, 14, 5, 7, 12, 13, 8, 2, 1, 0, 16], "R": [[-0.02272616790279769, 0.033917682840331864, -0.9991662084374135], [0.863306216749539, -0.5033426623609674, -0.03672247770741632], [-0.5041685208479922, -0.8634209605042701, -0.01784229659634118]], "T": [0.09153330889267833, 0.0716468425641214, -0.026829357106932086], "aligned_model": [[-0.21158495027493815, -0.6010462907837149, -0.3955647745063715, 0.20441497016518373, 0.6913802703448352, 0.10448381573865897, 0.23534287802550224, 0.33824218525136607, -0.34652527754613827, -0.003598362066194294, 0.6038553463374563, 0.11504818669340175], [-0.6308806422818956, -0.1261199406551537, 0.3865804584223872, -0.4161398843461489, 0.41816498809688185, 0.5717639295720125, 0.7165766303085566, -0.5589811723293465, 0.20326262484915775, -0.36430518625012515, 0.23922373639551806, 0.10553413526799224], [-0.005207972933600671, 0.08599269508748968, -0.3013741816774827, -0.5238715017452843, -0.18777961545585492, -0.5696780373938599, -0.037522473303229, 0.12218425038389745, 0.5317722809805127, 0.6295959433038265, 0.5295190164698466, -0.0030732558352752695]], "inverted": false, "swapped": false, "error_lsq": 0.04642341737993815, "error_max": 0.2529000702443582, "target": "806.xyz", "model": "22.xyz", "model_rescale": 4.204369325754507, "target_rescale": 3.786271063334179},
{"mapping": [4, 7, 13, 12, 10, 14, 11, 1, 9, 8, 2, 15], "R": [[-0.5873346958481439, 0.7969238289704683, 0.14124576408521541], [-0.7758538422586554, -0.5047073942479016, -0.3785779465895697], [-0.2304100052199344, -0.3319380318832737, 0.9147285785871178]], "T": [0.08135422690576703, -0.06411627060762662, 0.0014609844368636826], "aligned_model": [[-0.364072859358945, -0.5795047496093513, -0.34996420146787866, 0.1015615133138763, 0.6461262063866186, 0.22122970605790532, 0.0525348229150505, 0.6002728065018471, -0.3913033539779106, -0.08969257096012194, 0.7740610805690339, 0.11319959700892276], [-0.6289280067868552, -0.12003057165020212, 0.3329877718882671, -0.29157190052317167, 0.47549880532927713, 0.4101318770917284, 0.6532232387604648, -0.4715330748372405, 0.3813450480130274, -0.3246503970992085, 0.17313259600633985, -0.0449257091425905], [-0.1298685328546148, 0.2376061792633801, -0.32656742614776046, -0.4965296421869073, -0.08658569614461262, -0.5945780300679556, 0.06315921903869048, 0.01741339368292169, 0.41032388542260123, 0.6907628902873054, 0.46964414644866903, 0.01577676113926954]], "inverted": true, "swapped": false, "error_lsq": 0.04374659193615788, "error_max": 0.2794222405065291, "target": "806.xyz", "model": "23.xyz", "model_rescale": 4.410303926677745, "target_rescale": 3.786271063334179},
{"mapping": [1, 3, 0, 7, 6, 12, 5, 11, 4, 8, 15, 16], "R": [[0.1547454138288244, 0.6435342424066449, 0.7496115899244435], [-0.9873820610364749, 0.07491702974369768, 0.13951381364490567], [0.03362324259064614, -0.7617421594637441, 0.6470072333855341]], "T": [0.20173424648648544, -0.04547113036726643, 0.04715849242652232], "aligned_model": [[-0.3440962676240661, -0.6915039171628364, -0.3328894023062926, 0.12751270408637147, 0.7169242845379465, 0.15138989997663707, 0.12458033310949111, 0.4185179654377724, -0.2527842721927679, 0.06483398527757614, 0.6684699685931601, 0.08349271564605523], [-0.6452194651282526, -0.09782813660923975, 0.20587616815544932, -0.3016586311076548, 0.47981850499740203, 0.523608813062987, 0.5724473428538438, -0.6394942154630624, 0.23373098071546075, 0.0003285838014638748, 0.27891730131738934, -0.06584756954595017], [-0.23338799995499493, 0.14008486936992282, -0.42336026465229704, -0.5617668098811085, -0.14401711645386114, -0.5183406672046955, 0.13562355632544212, 0.01778367018561161, 0.48229464391903665, 0.8563972531871827, 0.4787185715968272, 0.040527441443920655]], "inverted": false, "swapped": false, "error_lsq": 0.04175826590296561, "error_max": 0.24642954604513703, "target": "806.xyz", "model": "24.xyz", "model_rescale": 4.28219845311461, "target_rescale": 3.786271063334179},
{"mapping": [10, 6, 2, 11, 7, 13, 4, 5, 0, 1, 3, 15], "R": [[-0.38953508263396236, 0.9041495791278373, -0.17543077825828324], [-0.8088030817551195, -0.24469981703591065, 0.5347518812365355], [0.44056780901556347, 0.3501935723361391, 0.8265981294157878]], "T": [0.1220660067454104, 0.018122409914106574, -0.10385746541020557], "aligned_model": [[-0.3159032597930675, -0.7222739850268585, -0.41092893285857895, 0.19108371272304903, 0.6826011658660824, 0.17417656498893422, 0.16336808471334663, 0.4620956540696862, -0.4111499799461092, 0.1920131516258562, 0.6536318349678278, 0.07573398604887915], [-0.6242550115284917, -0.19251609435597633, 0.4201369274564272, -0.41606229060757277, 0.5481195705552508, 0.42070261173109713, 0.6384657693727704, -0.6904826832481019, 0.33879684347405503, -0.12074265880510812, 0.1699517844946582, 0.05256490851082824], [-0.2627252998399116, 0.13048957163931385, -0.25578095414606344, -0.42510078961022435, -0.20607953177609828, -0.5375971658775989, 0.2810020255170438, 0.22407445099813672, 0.4237814179498077, 0.5171910741254356, 0.43875745895192286, -0.0574551100507774]], "inverted": true, "swapped": false, "error_lsq": 0.0403248020605622, "error_max": 0.18252721822866283, "target": "806.xyz", "model": "25.xyz", "model_rescale": 4.100010024507729, "target_rescale": 3.786271063334179},
{"mapping": [9, 10, 8, 7, 2, 3, 1, 5, 0, 6, 6, 11], "R": [[-0.525826648063631, -0.16504508294865605, -0.8344258246127321], [-0.03432445271745574, 0.9843126724791204, -0.1730618234697047], [0.8498989164199551, -0.0623593087797109, -0.52324291536217]], "T": [0.05136178782631802, 0.057451206855028664, 0.035101290836783115], "aligned_model": [[-0.35620670143854033, -0.5711344283526774, -0.3667911585143724, 0.18646245573640907, 0.7091296958796106, 0.19490553909063518, -0.031386258583895196, 0.45272892002069726, -0.3774432790038636, 0.43788782827148026, 0.43788782827148026, 0.018407556002083394], [-0.6167343524747378, -0.09823907383256933, 0.28876736975594386, -0.28352025776723555, 0.38204234704592044, 0.42039657634062044, 0.7519130098766337, -0.5719771509481596, 0.33289075412940017, 0.0006692307114055523, 0.0006692307114055523, -0.06219800649879072], [-0.20712310985083707, 0.09220960789080604, -0.3502540973469182, -0.5341460337409851, -0.06358638432810118, -0.6760509268309118, 0.13521182333699702, 0.1182309360229093, 0.5955464232020353, 0.5526489363593825, 0.5526489363593825, 0.05522103680722755]], "inverted": true, "swapped": false, "error_lsq": 0.050644479026028755, "error_max": 0.36681839939992816, "target": "806.xyz", "model": "26.xyz", "model_rescale": 3.6694154284099745, "target_rescale": 3.786271063334179},
{"mapping": [6, 1, 7, 12, 10, 9, 8, 2, 5, 0, 4, 13], "R": [[-0.45843593251177567, 0.02891508094146332, 0.8882569526191209], [0.024584303933298607, 0.9995007055213487, -0.019848215598425603], [-0.8883873635876267, 0.012738043667495081, -0.45891789511997805]], "T": [0.08303528321985773, 0.09271859186452852, -0.050844704011006325], "aligned_model": [[-0.21677806979338207, -0.6377629293930414, -0.42884475613023676, 0.16829685638595834, 0.6530015026096552, 0.21780590158609806, 0.22529939242117628, 0.4373121025681749, -0.4250385897477452, 0.03196894864898611, 0.596634296010859, 0.1125533422125451], [-0.5128072304343572, -0.3009177251052862, 0.42184536049773375, -0.40327433382805716, 0.2834296311036942, 0.4007750228708602, 0.7027321730203575, -0.4689086625555658, 0.31546266395184996, -0.18645519842352448, 0.24695241677642696, 0.04584555917570453], [-0.17184414073948134, 0.2734191397215909, -0.21141531216347573, -0.6644034177145934, -0.07650650752235885, -0.6439734010162812, 0.07565251520208668, 0.09473142235684745, 0.5132692185957737, 0.5461373454869995, 0.572018484339438, -0.036528198665559196]], "inverted": false, "swapped": false, "error_lsq": 0.042294760368735786, "error_max": 0.23395646306607204, "target": "806.xyz", "model": "27.xyz", "model_rescale": 4.103607728864725, "target_rescale": 3.786271063334179},
{"mapping": [13, 12, 2, 8, 5, 1, 0, 11, 3, 10, 9, 14], "R": [[-0.4956928033904789, 0.672171620427558, 0.5499763243619483], [-0.5061750357339939, 0.29098947155586097, -0.8118571060496611], [-0.7057446265233466, -0.6808160104869978, 0.195995107076657]], "T": [0.12750219146874892, -0.08158301135832621, 0.08887854880416181], "aligned_model": [[-0.22582104023769073, -0.7145819310394703, -0.4654457139216896, 0.23031276298674236, 0.7372885342019386, 0.15501450768362973, 0.10556282740820322, 0.42437510166963666, -0.34443368066991586, 0.13769528600271452, 0.5996395737796139, 0.09484176951533495], [-0.5729467538180727, -0.15415828816900398, 0.24807123708175097, -0.3764358654721358, 0.3007901059125846, 0.536040206595544, 0.6300231590172644, -0.6973008507948184, 0.42053990064836155, -0.1766125851197087, 0.34307116773949187, 0.043598243428578626], [-0.1426314930648045, 0.24027464168687684, -0.19583457736072107, -0.6692584820891351, -0.04185716087944409, -0.5596933170485495, 0.03570841085388432, 0.019457724494730336, 0.38667036600780935, 0.5895188959999345, 0.6054819232147375, 0.0027202160656680102]], "inverted": false, "swapped": false, "error_lsq": 0.03763727529248295, "error_max": 0.18595502081571796, "target": "806.xyz", "model": "28.xyz", "model_rescale": 4.137296879288765, "target_rescale": 3.786271063334179},
{"mapping": [6, 8, 1, 0, 3, 2, 5, 9, 7, 4, 11], "R": [[0.058719998997606104, -0.9221465120681582, 0.38235817239631675], [-0.3986915515153261, 0.3294829896506533, 0.855853963174308], [-0.9152032607393963, -0.20269871684694463, -0.34830478279888577]], "T": [-0.013988422218134365, -0.017750114425597527, -0.027962733788579868], "aligned_model": [[0.5100871776415219, 0.13119128430124596, -0.14179070515798683, -0.5021328915054535, -0.10820569045121031, 0.34425383842357316, 0.7040766112613384, -0.43436896549838167, -0.6293348847196808, 0.36159275511970235, -0.013949518704770106], [-0.2930817026947194, -0.71351942239811, -0.3772568099373122, 0.20744655495417824, 0.6384253511853143, -0.09372654686784478, 0.47602357521087935, -0.4967402100502053, 0.26577907466114975, 0.2281661400341915, 0.07763181255043027], [0.24346317244127938, -0.17295253951104705, -0.660253501293483, -0.5443451472221471, -0.10425801646439216, -0.4107563072500095, 0.0028779839306806894, 0.30431155981071173, 0.31339950193525634, 0.6697092754337506, 0.164558039972399]], "inverted": true, "swapped": true, "error_lsq": 0.04823871796032139, "error_max": 0.2559099437370244, "target": "806.xyz", "model": "29.xyz", "model_rescale": 3.607286011436655, "target_rescale": 3.786271063334179},
