[{"mapping": [9, 6, 10, 5, 3, 8, 1, 0, 2, 7, 4, 11], "R": [[0.8262219901348969, -0.4030163625466492, -0.39361787883326443], [-0.43276112926254273, -0.9013915464709762, 0.014528762854114988], [-0.36065915767790974, 0.15833853438228535, -0.9191593335829925]], "T": [-0.019436204070280513, -0.06898852280534332, 0.019964637318056647], "aligned_model": [[-0.23151379531747576, 0.20307899872814347, -0.6847845234448569, -0.30184176059186396, -0.37839417044143187, 0.42889941955237004, 0.4380499656384215, 0.08882216808021429, 0.7127258179081696, -0.3008870145599946, -0.011406081924003105, -0.02031349355526435], [-0.4603272814436471, -0.02475723812831644, 0.025931950086011568, 0.6998448352921762, -0.6252861088070435, -0.4793927186602295, 0.4492048780396314, 0.313004941402646, 0.01741436872307378, 0.5946742866306698, -0.4008993955003636, -0.011251736479427663], [-0.3938390549155727, -0.6682831853696384, -0.08035018559647181, 0.1534887986227984, 0.20894794074535356, -0.16352120765861528, -0.1351564875003741, 0.4944670210456898, 0.34434644860589614, -0.5939901057308051, 0.7562520516262754, 0.058667993193451215]], "inverted": false, "swapped": false, "error_lsq": 0.07043509088338824, "error_max": 0.5080956524926028, "target": "807.xyz", "model": "0.xyz", "model_rescale": 3.751011558992144, "target_rescale": 3.988382074721915},
{"mapping": [9, 10, 12, 7, 3, 5, 1, 0, 8, 6, 2, 14], "R": [[0.8091653823866715, 0.5868804048878893, -0.028684042700765362], [-0.541824561349713, 0.7641507231822559, 0.34999973854022637], [0.22732692023872397, -0.26766595341705857, 0.936310530067944]], "T": [0.04929375263765403, -0.001502637797451951, -0.07583037742476553], "aligned_model": [[-0.11779336789847558, 0.34601660703078246, -0.6889349537114893, -0.3894875051772464, -0.4490360394381387, 0.29704777356259565, 0.22924202816030967, -0.03959540194859005, 0.6706972714534685, -0.12713457745578935, 0.2077418508416099, 0.0036718446533916538], [-0.5006885780847279, -0.10504915947263006, -0.07621789990301094, 0.4790117175616222, -0.14087349395054066, -0.5747439811885163, 0.6360709875542568, 0.30908808216546196, -0.08563032650810594, 0.6276247852056843, -0.4498835118156942, -0.020547840408617936], [-0.4721697679788046, -0.8332519335337972, -0.11339513228592832, 0.05166074336986706, 0.48599617258655914, -0.08574775300259219, 0.14051203595767228, 0.6105635629399109, 0.14142166729610703, -0.4456918044971391, 0.6006213163260117, -0.09948908010987961]], "inverted": true, "swapped": false, "error_lsq": 0.046425293403393325, "error_max": 0.27135620386594045, "target": "807.xyz", "model": "1.xyz", "model_rescale": 3.9405287249114394, "target_rescale": 3.988382074721915},
{"mapping": [6, 0, 7, 4, 3, 11, 2, 8, 5, 1, 10, 12], "R": [[-0.9928369716284955, -0.030118429474580048, -0.11561845861947279], [0.11265198155830991, 0.08640182124815704, -0.9898708281063685], [0.03980300011989295, -0.995805003748719, -0.08239002178947125]], "T": [-0.006256689014475828, 0.0145927525401035, 0.008325664790709088], "aligned_model": [[-0.12103725788420353, 0.32118129036775384, -0.7505757568411662, -0.45057021718639234, -0.44624224204594076, 0.4111241859465316, 0.4454911031441455, 0.0043548480393680745, 0.7073088592705739, -0.20145287148609603, -0.005301233245864874, 0.028154821993719173], [-0.3927124248868414, -0.06886740280278328, -0.11101793543111552, 0.4856936684475183, -0.22486883714916012, -0.562401476134489, 0.5009983378117628, 0.21850769531273606, 0.003490291723144686, 0.5934501156588561, -0.43969669026419006, 0.09558543886974238], [-0.3326781575347457, -0.7589739901056701, -0.23482230146265026, 0.27729617915506954, 0.2837717371097347, 0.030351883943763456, -0.14498175974560043, 0.7559859228659601, -0.1287043466710623, -0.49570700862439454, 0.7190346830064688, 0.010457185131113406]], "inverted": false, "swapped": false, "error_lsq": 0.05300869864497187, "error_max": 0.23422576343089824, "target": "807.xyz", "model": "2.xyz", "model_rescale": 3.932901565614263, "target_rescale": 3.988382074721915},
{"mapping": [6, 2, 9, 7, 8, 10, 0, 3, 1, 4, 11, 13], "R": [[0.5777057322987784, 0.2539197161878851, -0.7757453606694639], [-0.8122446865579245, 0.08485599597759808, -0.5771117994852203], [-0.08071341912935848, 0.9634958420656076, 0.25526673558208635]], "T": [-0.04811271044653933, -0.004462309523467928, 0.03313200889284459], "aligned_model": [[0.051512125509459, 0.4500506299891298, -0.7561695259354396, -0.5941659661652874, -0.42062954271142855, 0.18090287859678192, 0.3432530557848834, 0.07736121356937495, 0.6886611243201592, -0.08463698024382807, 0.09159261193485854, -0.08529609457623474], [-0.31259869188212247, 0.20709704814807386, -0.19645448149833103, 0.45472513317992436, -0.007091989166326746, -0.678865644757915, 0.5339645180575485, 0.26746474499534123, -0.0735570646747627, 0.5610762397347715, -0.5669644958141214, -0.09063453516689923], [-0.5683820163878799, -0.6003313109654407, 0.07297534370479722, 0.006387257452295951, 0.6655962529384802, -0.04353246593759472, -0.04354730713267004, 0.44665038755816117, -0.0009099082962593999, -0.6317428150826435, 0.7126777481068971, -0.034811138890156725]], "inverted": false, "swapped": false, "error_lsq": 0.04832813059136406, "error_max": 0.2800576041565575, "target": "807.xyz", "model": "3.xyz", "model_rescale": 3.9243930471874484, "target_rescale": 3.988382074721915},
{"mapping": [9, 11, 8, 10, 4, 1, 6, 3, 5, 11, 2, 12], "R": [[0.6063844228688472, 0.7222520536337338, 0.3326408013516522], [-0.0606119271699756, 0.45909169928589455, -0.8863187947525041], [-0.7928582004285234, 0.5172879108085208, 0.3221631439885687]], "T": [-0.055869989441650496, -0.04996589024718745, 0.03700768471253954], "aligned_model": [[-0.18168506164961862, 0.07484315226062685, -0.6298539495817923, -0.5025367152055112, -0.4397583971524322, 0.26941985131496354, 0.3861057309166998, 0.08779027407163734, 0.6974892752003768, 0.07484315226062685, 0.0464475845056166, 0.05933063313123486], [-0.2917687457031102, 0.3566885842113901, -0.24172588764973107, 0.49310610012327616, -0.12693740442563362, -0.6821922108145722, 0.5207453784297078, 0.28631409754800163, -0.07985335966958046, 0.3566885842113901, -0.41498492323612013, -0.07791943186983691], [-0.6136760621841695, -0.6290856228477874, -0.13650567446837172, -0.014851440707848107, 0.48318292592436896, -0.031085626742022116, 0.05851640749276653, 0.6020128783704688, -0.034962151499809954, -0.6290856228477874, 0.8781418654060529, 0.04842815117212609]], "inverted": true, "swapped": false, "error_lsq": 0.05347133133160901, "error_max": 0.36159594055092004, "target": "807.xyz", "model": "4.xyz", "model_rescale": 3.8936222436046832, "target_rescale": 3.988382074721915},
{"mapping": [9, 8, 0, 2, 1, 6, 10, 4, 7, 3, 5, 11], "R": [[0.1738612988463002, 0.6603713251296356, 0.7305353938790415], [0.15731871697080924, 0.7136809717166203, -0.6825762169166742], [-0.9721229706442163, 0.23360047850154253, 0.02019273111083387]], "T": [0.05068892482925626, 0.018963491852059613, -0.07327378415516266], "aligned_model": [[-0.1465859754998421, 0.3663155688105493, -0.8020973824574028, -0.40134058524036575, -0.5409210286155193, 0.2878616070346812, 0.330314205793037, 0.099124703947765, 0.6855701079732002, -0.21697148058266702, 0.232726617589057, 0.048439171319935734], [-0.3885967851249178, 0.11709994277720279, 0.046097166164357245, 0.5434893354389807, -0.35243801371897204, -0.7222326039142405, 0.5839744889729735, 0.35689797196742146, -0.07302361733605547, 0.3409326455415018, -0.3285447488022769, -0.025495000810793655], [-0.49400312488605497, -0.7340399189863499, -0.3072344364018998, 0.2054741779176898, 0.3206390892136696, 0.09697924678406385, -0.02811102445846589, 0.6437191456267103, 0.01734510140968404, -0.4669434474115758, 0.6361422842693404, 0.0910629339911755]], "inverted": false, "swapped": false, "error_lsq": 0.05095736873783204, "error_max": 0.2911779029703639, "target": "807.xyz", "model": "5.xyz", "model_rescale": 3.6523030999806103, "target_rescale": 3.988382074721915},
{"mapping": [8, 9, 6, 4, 1, 5, 11, 3, 7, 10, 0, 12], "R": [[0.2976495630461634, -0.7942494003173872, -0.5296910681839928], [0.7656343461038297, 0.5300273346584223, -0.364520332191567], [0.570270800308581, -0.297050357027828, 0.7658670248189634]], "T": [-0.08893128508742108, 0.008568784165876935, -0.04608605561869839], "aligned_model": [[-0.11128836004786104, 0.2584738678156047, -0.6508077157691953, -0.1819240135609586, -0.5021170571749553, 0.20100162284021794, 0.48016427694698494, 0.14789484465098574, 0.5733915613579599, -0.38710283287503444, 0.13349277990610608, -0.01874344401742642], [-0.49103078135563094, 0.1235712285772924, -0.11106622843221635, 0.5471040169098615, -0.33741649468164847, -0.5963473040542613, 0.6771338098499282, 0.15263139470032974, 0.04730397233936706, 0.5315000154213313, -0.4191144145343262, -0.026108433584845936], [-0.4973105429821667, -0.66958182360471, -0.35039971367083567, 0.1284526434464282, 0.3920310184136555, 0.07189260812951367, -0.10707827517009882, 0.5909383171231187, 0.1171502515278326, -0.5423820329694994, 0.8226937481060513, 0.024623828718697498]], "inverted": false, "swapped": false, "error_lsq": 0.05120216204544717, "error_max": 0.2751189593415212, "target": "807.xyz", "model": "6.xyz", "model_rescale": 4.08911054899281, "target_rescale": 3.988382074721915},
{"mapping": [4, 10, 7, 13, 2, 3, 11, 1, 9, 12, 0, 14], "R": [[0.7337885997224258, 0.5388223247692043, -0.41379317689844963], [-0.43858127621835485, -0.08945376064417224, -0.8942284321454415], [-0.5188455984857929, 0.8376565686705533, 0.17067723308922628]], "T": [-0.01714852700750737, -0.010987518032587391, -0.12180398415104095], "aligned_model": [[0.03239872634340975, 0.2637684534882723, -0.7860011284000916, -0.3963033635999196, -0.5079367908568514, 0.28489919844799416, 0.282020076045505, 0.13838283498510187, 0.6889174425153899, -0.2537558714407413, 0.0736711046789345, 0.1223748478654249], [-0.5716919222389617, 0.24932193494838759, -0.09909172704158457, 0.5753423322336532, -0.056580957633251425, -0.7174961192173652, 0.4928512696158022, 0.23081286156054417, -0.03127623844827225, 0.550566350758509, -0.5566409901497718, 0.032043986767492164], [-0.546074099161761, -0.7322133035915804, -0.1416103019361707, 0.0980901697661846, 0.5163085933965118, 0.06810179318303573, -0.1560922615278168, 0.5529468074162877, 0.2182203126475492, -0.4915013401291465, 0.63889981232344, -0.04404615531854679]], "inverted": true, "swapped": false, "error_lsq": 0.03801359302383344, "error_max": 0.18418250075780393, "target": "807.xyz", "model": "7.xyz", "model_rescale": 3.964800864290218, "target_rescale": 3.988382074721915},
{"mapping": [3, 0, 5, 8, 10, 6, 7, 9, 4, 1, 11, 13], "R": [[-0.44405034187728887, -0.7587569962471218, 0.47655756685284933], [-0.865542969155903, 0.5007496634367677, -0.009227302571571921], [-0.23163476082713996, -0.4165784382490396, -0.8790948426435823]], "T": [0.10416208561438524, 0.030753095507764935, -0.04465770825528768], "aligned_model": [[-0.15431906802262807, 0.2565755122111569, -0.7260938081818292, -0.4177113407041213, -0.534498008943738, 0.33086532392743123, 0.2493200753598504, -0.13719797349544544, 0.7514475863909097, -0.03753462345048826, 0.32088101653570406, 0.04070083844562683], [-0.49560193475379033, -0.1375641518011984, 0.028548919963992708, 0.5294981146541126, -0.2978072611454315, -0.5031775287533289, 0.7277034864131331, 0.15989906379105534, -0.16301824554655386, 0.5667423936739956, -0.37651270325650804, 0.05945062791570274], [-0.4713901432016398, -0.7240683529865187, -0.14335429074526954, 0.21984014464067106, 0.3544605557494619, -0.039221405000735156, -0.03814037815603675, 0.5869460975686518, 0.15172850023282616, -0.5503823428775797, 0.6440372885545478, -0.009425646710392234]], "inverted": true, "swapped": false, "error_lsq": 0.054496792687339445, "error_max": 0.3158424867050014, "target": "807.xyz", "model": "8.xyz", "model_rescale": 4.121658175737393, "target_rescale": 3.988382074721915},
{"mapping": [2, 8, 3, 10, 0, 1, 7, 5, 6, 11, 4, 12], "R": [[0.26408882949238094, -0.9097268465920877, 0.32039687065725275], [0.14091356228361118, 0.3650181023944052, 0.9202744986627254], [-0.9541490754079716, -0.19788595077469195, 0.22459005406319585]], "T": [0.06561481175896561, 0.07483154005512965, -0.0011811019587259482], "aligned_model": [[-0.16897913501773587, 0.3904449547019431, -0.6249748567017401, -0.5768939003071185, -0.4233463042763506, 0.10840867785531369, 0.39160427319796404, -0.06468212656881353, 0.6866349084678167, -0.13911012407945228, 0.2891951512003788, 0.07413401160022343], [-0.4302123984871408, 0.06352074278585175, 0.030945373925915787, 0.43898795798780005, -0.35277680003402095, -0.6018446476174368, 0.6629185144199983, 0.3433999155667775, -0.19891844956077692, 0.5197671664013195, -0.36725654832434207, -0.010370045908764267], [-0.41620248831890755, -0.6530329116732327, -0.38044869312337243, 0.1750388991563376, 0.4425444636941642, 0.12214666367002497, -0.05681824716128933, 0.5397547924069723, -0.1410990520687572, -0.4051019650091302, 0.7354992029544513, 0.018749362540726396]], "inverted": false, "swapped": false, "error_lsq": 0.057718710436830585, "error_max": 0.31849189739466743, "target": "807.xyz", "model": "9.xyz", "model_rescale": 3.833441315466971, "target_rescale": 3.988382074721915},
{"mapping": [7, 3, 11, 8, 12, 6, 2, 0, 4, 9, 1, 14], "R": [[0.927166009739961, 0.23066476376744532, 0.2952235714488038], [0.2695313324323065, 0.13665118013112162, -0.953246723469867], [-0.2602230797222717, 0.9633899634752691, 0.06452694828500596]], "T": [-0.03036403503652444, 0.014145653198779234, 0.11797658840642304], "aligned_model": [[-0.25157837136438926, 0.40977872647433494, -0.6563682458911104, -0.5441465849021252, -0.31779427973382607, 0.22848574569307503, 0.31584468638389557, -0.012665477896860934, 0.6616915257941798, -0.09111934722286916, 0.21274574523861836, -0.012438592500494328], [-0.14022575349251518, 0.1029493224820891, -0.13567893611850254, 0.5478152941621532, -0.4408414699360128, -0.6132764067393881, 0.600320142393029, 0.20983113513836843, -0.30336522999901805, 0.5250602122007314, -0.30885493535437447, 0.05442740641862111], [-0.49124230737816216, -0.6254681691640688, -0.10787380781152746, -0.12447664037052043, 0.38888363801116754, 0.14180761364874944, -0.1126513464972501, 0.7700631738664454, -0.11900130057162649, -0.5090682520744593, 0.7361813986778354, 0.03387602673140351]], "inverted": true, "swapped": false, "error_lsq": 0.06149652169981779, "error_max": 0.342040456812223, "target": "807.xyz", "model": "10.xyz", "model_rescale": 4.2482417240324, "target_rescale": 3.988382074721915},
{"mapping": [10, 0, 9, 5, 7, 8, 6, 2, 1, 4, 3, 11], "R": [[0.2603541024585605, 0.8848210075983712, -0.38640332017931833], [0.20643165110721118, -0.4419637689362028, -0.8729570438279639], [-0.9431869988258681, 0.14751207225278273, -0.29772214191346563]], "T": [0.05564742830508178, 0.013156984542219084, 0.027081451104281916], "aligned_model": [[-0.09251899627857064, 0.5009647814351386, -0.6758879394892275, -0.4825488706055469, -0.4653805310911579, 0.11208025442414409, 0.2087701166392904, 0.3467817048200428, 0.7343172900834467, -0.33130214265261326, 0.1365432769210148, -0.04938341413353277], [-0.3351266217471251, 0.005678262410165995, -0.23281065058635647, 0.5292661052774211, -0.16958200040584992, -0.5981158034997212, 0.6389388174386974, 0.30928728826043034, -0.1802382416989956, 0.5546667706807027, -0.46222625142604307, 0.038423106451854955], [-0.4942127103349944, -0.5856795134245986, -0.2621707403726483, 0.11742684199041334, 0.41911789788301146, 0.031410849499344466, -0.04662525196270723, 0.6397028371516086, 0.06102344484428126, -0.5411410064633115, 0.6794143930049629, -0.037237014747374945]], "inverted": true, "swapped": false, "error_lsq": 0.04722028864551997, "error_max": 0.3021178422789066, "target": "807.xyz", "model": "11.xyz", "model_rescale": 3.6694154284099745, "target_rescale": 3.988382074721915},
{"mapping": [6, 5, 9, 10, 8, 4, 12, 2, 0, 7, 3, 13], "R": [[-0.22168395891714182, -0.3381088378097493, -0.9146248608876559], [-0.9427596833784784, 0.31394190731991617, 0.112448469195648], [0.24911925207605776, 0.8871994660859948, -0.3883512657656619]], "T": [0.009063908522902134, -0.009495872290445595, -0.03678587255079815], "aligned_model": [[0.10512442558567604, 0.35558920303711455, -0.7907193006706223, -0.3255741114520293, -0.5086618303550187, 0.27411722766712937, 0.3300729474253763, -0.019571264774791194, 0.6922386562852991, -0.35592243346340163, 0.06223240599733072, 0.12350960479036527], [-0.3268168625729652, 0.26804450164133625, 0.020288218756000807, 0.5221064243620912, -0.19904889804612172, -0.66400964155261, 0.5850110587627052, 0.21681729432156846, -0.17854354776589595, 0.34200607103260017, -0.44026221370126667, -0.04743162408226117], [-0.4949720788484383, -0.7057121417137957, -0.10117525911980485, 0.0577930949284892, 0.4815070572111936, 0.184657378886573, 0.03589979411851895, 0.5749950938583988, -0.1610155463875692, -0.5802899410481034, 0.7067612816950968, -0.01741870651257163]], "inverted": false, "swapped": false, "error_lsq": 0.05146075009354007, "error_max": 0.30881059524579724, "target": "807.xyz", "model": "12.xyz", "model_rescale": 3.9764082729961374, "target_rescale": 3.988382074721915},
{"mapping": [7, 2, 3, 11, 14, 4, 1, 13, 9, 8, 6, 15], "R": [[-0.45153339933361136, 0.6023137474423476, 0.6582824157823067], [0.3180218565451388, 0.7979609982406101, -0.5119768979616489], [-0.8336544176370789, -0.021826473118792628, -0.5518549782554996]], "T": [0.16272020965353762, 0.028597277917620664, 0.07126240749606744], "aligned_model": [[-0.0016183515390853498, 0.28252414222401345, -0.6173401341650282, -0.48658007163522854, -0.5097731881312622, 0.18957889322677002, 0.43790554495412826, 0.031019096778381494, 0.757074264427095, -0.24103185839350882, 0.007081122848144189, 0.09359606947800905], [-0.3993517166482323, 0.18056773836786688, -0.09861583921555338, 0.4702558562048487, -0.06864521903881511, -0.6855175422194726, 0.5210006342024398, 0.23087416203154393, 0.014071925725062426, 0.3980883804192864, -0.4119868789214141, -0.052580719752379795], [-0.5294756338149555, -0.7025667149833781, -0.21816138237707655, 0.1891248005357654, 0.4921003410246431, -0.0007261787972323852, -0.2205158374365227, 0.6335963164927656, -0.01835566119287174, -0.3760779879170742, 0.6756802109235076, 0.056407754610416236]], "inverted": true, "swapped": false, "error_lsq": 0.04357755727956133, "error_max": 0.2674200335744146, "target": "807.xyz", "model": "13.xyz", "model_rescale": 4.170626492500431, "target_rescale": 3.988382074721915},
{"mapping": [4, 5, 2, 3, 0, 8, 11, 1, 12, 6, 7, 13], "R": [[0.288349872859249, 0.3041240030393503, 0.9079443493944861], [-0.8934861880541346, -0.2554868512032043, 0.36933575594405094], [0.3442917114578084, -0.9177336539746124, 0.19806099510973935]], "T": [-0.011096875099204703, 0.011242669221562597, 0.07385167817355229], "aligned_model": [[-0.09066065997765588, 0.4106167320980774, -0.6278930461709495, -0.35643167963796946, -0.4063427884813593, 0.31308383706445025, 0.3362173698296296, -0.22052814302921522, 0.578754844486174, -0.17356417291715506, 0.15159422113394888, 0.027589015674452797], [-0.5135387024577774, 0.25991916910857676, -0.07541692479629115, 0.606536827981425, -0.2707247366550516, -0.6551995003962134, 0.6040007013061417, 0.21830343451251466, -0.221642628368431, 0.48916562997609103, -0.42357390633902176, 0.08033141728321798], [-0.3966132479019062, -0.6926582436570965, -0.13824444473358627, 0.11677418684259835, 0.4204544140337898, 0.1219972202427878, -0.09249248854075223, 0.7838367860354707, -0.29158711048299557, -0.5989657471012738, 0.7386042304161364, 0.009924471914814867]], "inverted": false, "swapped": false, "error_lsq": 0.056408685518595715, "error_max": 0.4117297034281343, "target": "807.xyz", "model": "14.xyz", "model_rescale": 3.9786697098870705, "target_rescale": 3.988382074721915},
{"mapping": [7, 5, 6, 1, 9, 8, 4, 0, 2, 10, 3, 11], "R": [[-0.7356202776536165, -0.4219187580801772, 0.5299503454899313], [0.6677506151647106, -0.3201234383895908, 0.6720342998246273], [-0.11389435039529977, 0.8482367274373984, 0.51722580288915]], "T": [-0.0499601857789486, 0.015642440251298767, -0.01978733269932846], "aligned_model": [[-0.30174678352130274, 0.5336885199757067, -0.8366291866547907, -0.45612610316211494, -0.3225739967771558, 0.26178124330736124, 0.34950233156407934, 0.06629901185273582, 0.7639490049904548, -0.21717631570801693, 0.2435766339665437, -0.1421088297610721], [-0.20795173125373986, -0.1648671954506499, -0.07601599508769552, 0.555548329060921, -0.3927854275674342, -0.39849166621914633, 0.4571406427248724, 0.2840066909536402, 0.001281843963311019, 0.5686447043255264, -0.5201059861475809, -0.008243428146843024], [-0.5885448918200858, -0.5407768214796813, -0.009476896426889994, 0.045042986421627546, 0.3626818227776878, -0.07927135804349976, -0.16269906959214686, 0.6112990433140914, 0.282194485830168, -0.6185763191688614, 0.6672053829589124, 0.011951662296665305]], "inverted": true, "swapped": false, "error_lsq": 0.06707290320664853, "error_max": 0.4532141342161929, "target": "807.xyz", "model": "15.xyz", "model_rescale": 3.769337070930944, "target_rescale": 3.988382074721915},
{"mapping": [7, 3, 8, 6, 10, 4, 5, 2, 0, 9, 11], "R": [[0.28441650693098586, 0.9514293460429809, -0.11785351107795762], [-0.9164930115901523, 0.30590665408203543, 0.2578016266332457], [0.2813322062821638, 0.0346888811661568, 0.9589832486711385]], "T": [-0.03093824272112953, 0.10319921831297407, 0.0332702071589171], "aligned_model": [[-0.2079106178642349, -0.4547890366370603, -0.1294270997655991, -0.6555341348524111, 0.5175351051914154, 0.36108959285904246, 0.4676885425924075, 0.2808021765383856, 0.32267767355480625, -0.584175986759809, 0.004669915834227434], [-0.020224194467199433, -0.5222563573601823, 0.7337047406474284, 0.19188052842030787, 0.14173630004392193, -0.39813037646824867, 0.5011409562619176, -0.4492548519077135, 0.31058078568916747, -0.03651658103383035, 0.1434035477997731], [-0.5613385664037225, 0.03235416243856164, -0.2365646214269695, 0.047245752026775, -0.7284685382643532, -0.28516063096992034, -0.010383526320188678, 0.34178296077780884, 0.5321858330998717, 0.592099473681569, 0.02046530858434516]], "inverted": true, "swapped": true, "error_lsq": 0.04684638586257601, "error_max": 0.26134783555808266, "target": "807.xyz", "model": "16.xyz", "model_rescale": 3.7852294659196426, "target_rescale": 3.988382074721915},
{"mapping": [4, 10, 5, 7, 1, 0, 11, 2, 8, 6, 3, 12], "R": [[0.8654416700107577, 0.16622288241484534, -0.47263164215982434], [0.358160145071234, 0.4543794116124906, 0.8156351272384242], [0.350331309322396, -0.8751624441578764, 0.3337044651245595]], "T": [0.061909508048364675, -0.027975908182937756, 0.031796430158737864], "aligned_model": [[-0.26870348305576175, 0.18341307489523268, -0.5501112656379902, -0.3243893790105621, -0.49574026134082105, 0.3604818521977271, 0.38810633739687117, -0.00930306967880945, 0.6718778883050536, -0.2549404551834944, 0.12289692811792566, 0.11884736306705714], [-0.5414376296292859, 0.05661538064715878, -0.05954443337928632, 0.5553955649746496, -0.19103459584956622, -0.6288094998844055, 0.6289072863926606, 0.25376273912086417, 0.02380588429812945, 0.5386125099313329, -0.5421091998089118, 0.003996774341841675], [-0.32714478482239284, -0.7602491950275213, -0.20620149284410305, 0.07513116610350626, 0.4015162610086596, -0.09310635656353877, 0.037468435131590726, 0.5699777420036813, 0.2541995153597951, -0.5731638174284264, 0.6354874638818307, -0.03288490973509419]], "inverted": false, "swapped": false, "error_lsq": 0.049926859494513205, "error_max": 0.29914737770041955, "target": "807.xyz", "model": "17.xyz", "model_rescale": 3.901054581598922, "target_rescale": 3.988382074721915},
{"mapping": [9, 10, 12, 7, 3, 5, 1, 0, 8, 6, 2, 14], "R": [[0.8091653823866715, 0.5868804048878893, -0.028684042700765362], [-0.541824561349713, 0.7641507231822559, 0.34999973854022637], [0.22732692023872397, -0.26766595341705857, 0.936310530067944]], "T": [0.04929375263765403, -0.001502637797451951, -0.07583037742476553], "aligned_model": [[-0.11779336789847558, 0.34601660703078246, -0.6889349537114893, -0.3894875051772464, -0.4490360394381387, 0.29704777356259565, 0.22924202816030967, -0.03959540194859005, 0.6706972714534685, -0.12713457745578935, 0.2077418508416099, 0.0036718446533916538], [-0.5006885780847279, -0.10504915947263006, -0.07621789990301094, 0.4790117175616222, -0.14087349395054066, -0.5747439811885163, 0.6360709875542568, 0.30908808216546196, -0.08563032650810594, 0.6276247852056843, -0.4498835118156942, -0.020547840408617936], [-0.4721697679788046, -0.8332519335337972, -0.11339513228592832, 0.05166074336986706, 0.48599617258655914, -0.08574775300259219, 0.14051203595767228, 0.6105635629399109, 0.14142166729610703, -0.4456918044971391, 0.6006213163260117, -0.09948908010987961]], "inverted": true, "swapped": false, "error_lsq": 0.046425293403393325, "error_max": 0.27135620386594045, "target": "807.xyz", "model": "18.xyz", "model_rescale": 3.9405287249114394, "target_rescale": 3.988382074721915},
{"mapping": [11, 14, 2, 1, 6, 9, 12, 0, 7, 3, 8, 15], "R": [[0.6711053937926796, -0.5677815913547852, -0.4766986626171718], [0.45793854424106584, 0.8231493569959079, -0.3357341593814923], [0.5830178728999189, 0.007014313640799935, 0.8124290487688157]], "T": [0.11847135008598787, 0.040874707293267594, -0.0396110065914286], "aligned_model": [[0.0815116132822905, 0.20491954499190218, -0.7156810482617934, -0.34036557259569367, -0.43518914284948973, 0.36212051468460943, 0.31250237899484934, 0.046172120497371114, 0.6304986882974454, -0.29816769654282926, 0.011536122374760607, 0.08257800719900595], [-0.47293782682556174, 0.19192675613745372, -0.19768829515397118, 0.46839037303349534, -0.07500071033911976, -0.6867788113192455, 0.5356858028879555, 0.28416861772009644, -0.3095273865051291, 0.6526862584274884, -0.32228312096861156, 0.029519124060330408], [-0.5434402033809801, -0.7942294202374702, -0.09062819200036673, 0.16586030018918532, 0.44856560258109596, -0.02675455304629632, -0.17247560573787557, 0.5993374674704992, 0.29306289759573806, -0.46095068618134605, 0.615334337985064, -0.052651918169260126]], "inverted": true, "swapped": false, "error_lsq": 0.0504385508915674, "error_max": 0.3071741830542074, "target": "807.xyz", "model": "19.xyz", "model_rescale": 4.410303926677745, "target_rescale": 3.988382074721915},
{"mapping": [3, 0, 5, 8, 10, 6, 7, 9, 4, 1, 11, 13], "R": [[-0.44405034187728887, -0.7587569962471218, 0.47655756685284933], [-0.865542969155903, 0.5007496634367677, -0.009227302571571921], [-0.23163476082713996, -0.4165784382490396, -0.8790948426435823]], "T": [0.10416208561438524, 0.030753095507764935, -0.04465770825528768], "aligned_model": [[-0.15431906802262807, 0.2565755122111569, -0.7260938081818292, -0.4177113407041213, -0.534498008943738, 0.33086532392743123, 0.2493200753598504, -0.13719797349544544, 0.7514475863909097, -0.03753462345048826, 0.32088101653570406, 0.04070083844562683], [-0.49560193475379033, -0.1375641518011984, 0.028548919963992708, 0.5294981146541126, -0.2978072611454315, -0.5031775287533289, 0.7277034864131331, 0.15989906379105534, -0.16301824554655386, 0.5667423936739956, -0.37651270325650804, 0.05945062791570274], [-0.4713901432016398, -0.7240683529865187, -0.14335429074526954, 0.21984014464067106, 0.3544605557494619, -0.039221405000735156, -0.03814037815603675, 0.5869460975686518, 0.15172850023282616, -0.5503823428775797, 0.6440372885545478, -0.009425646710392234]], "inverted": true, "swapped": false, "error_lsq": 0.054496792687339445, "error_max": 0.3158424867050014, "target": "807.xyz", "model": "20.xyz", "model_rescale": 4.121658175737393, "target_rescale": 3.988382074721915},
{"mapping": [8, 9, 6, 4, 1, 5, 11, 3, 7, 10, 0, 12], "R": [[0.2976495630461634, -0.7942494003173872, -0.5296910681839928], [0.7656343461038297, 0.5300273346584223, -0.364520332191567], [0.570270800308581, -0.297050357027828, 0.7658670248189634]], "T": [-0.08893128508742108, 0.008568784165876935, -0.04608605561869839], "aligned_model": [[-0.11128836004786104, 0.2584738678156047, -0.6508077157691953, -0.1819240135609586, -0.5021170571749553, 0.20100162284021794, 0.48016427694698494, 0.14789484465098574, 0.5733915613579599, -0.38710283287503444, 0.13349277990610608, -0.01874344401742642], [-0.49103078135563094, 0.1235712285772924, -0.11106622843221635, 0.5471040169098615, -0.33741649468164847, -0.5963473040542613, 0.6771338098499282, 0.15263139470032974, 0.04730397233936706, 0.5315000154213313, -0.4191144145343262, -0.026108433584845936], [-0.4973105429821667, -0.66958182360471, -0.35039971367083567, 0.1284526434464282, 0.3920310184136555, 0.07189260812951367, -0.10707827517009882, 0.5909383171231187, 0.1171502515278326, -0.5423820329694994, 0.8226937481060513, 0.024623828718697498]], "inverted": false, "swapped": false, "error_lsq": 0.05120216204544717, "error_max": 0.2751189593415212, "target": "807.xyz", "model": "21.xyz", "model_rescale": 4.08911054899281, "target_rescale": 3.988382074721915},
{"mapping": [0, 1, 13, 14, 12, 6, 15, 9, 8, 2, 10, 16], "R": [[-0.8973704690163207, 0.43751644503703174, -0.057494361980865105], [-0.05103858274130055, 0.026510268286578487, 0.9983447644712388], [0.43831644323386754, 0.8988195402846623, -0.0014593126053731864]], "T": [0.007716003338208888, 0.026991585564431743, -0.002486348159289154], "aligned_model": [[-0.06906443252762305, 0.48140430060751027, -0.6200610098757949, -0.37087945018606805, -0.528696130749225, 0.30666160388757896, 0.14841329714852156, 0.024261197686389294, 0.6679567626468335, -0.12127220270609863, 0.045661924604205366, -0.021950330463801005], [-0.5070932492324313, 0.15287273601176812, -0.17667089025222651, 0.48635999277306574, -0.024818163121848293, -0.6542665872266585, 0.7333366439322154, 0.24404498964962015, -0.1615048248343543, 0.4423152902916052, -0.43645545736091396, 4.030052533930337e-05], [-0.5583078591567808, -0.6268033463727002, -0.03636235224140648, 0.23724002706132205, 0.5020404384228649, -0.04812578799908304, -0.11557015746919937, 0.6758658375683986, -0.09899158674464474, -0.5787866972537692, 0.6569925026600258, -0.02816099140704049]], "inverted": false, "swapped": false, "error_lsq": 0.04469637008785543, "error_max": 0.2149269788894687, "target": "807.xyz", "model": "22.xyz", "model_rescale": 4.204369325754507, "target_rescale": 3.988382074721915},
{"mapping": [11, 14, 2, 1, 6, 9, 12, 0, 7, 3, 8, 15], "R": [[0.6711053937926796, -0.5677815913547852, -0.4766986626171718], [0.45793854424106584, 0.8231493569959079, -0.3357341593814923], [0.5830178728999189, 0.007014313640799935, 0.8124290487688157]], "T": [0.11847135008598787, 0.040874707293267594, -0.0396110065914286], "aligned_model": [[0.0815116132822905, 0.20491954499190218, -0.7156810482617934, -0.34036557259569367, -0.43518914284948973, 0.36212051468460943, 0.31250237899484934, 0.046172120497371114, 0.6304986882974454, -0.29816769654282926, 0.011536122374760607, 0.08257800719900595], [-0.47293782682556174, 0.19192675613745372, -0.19768829515397118, 0.46839037303349534, -0.07500071033911976, -0.6867788113192455, 0.5356858028879555, 0.28416861772009644, -0.3095273865051291, 0.6526862584274884, -0.32228312096861156, 0.029519124060330408], [-0.5434402033809801, -0.7942294202374702, -0.09062819200036673, 0.16586030018918532, 0.44856560258109596, -0.02675455304629632, -0.17247560573787557, 0.5993374674704992, 0.29306289759573806, -0.46095068618134605, 0.615334337985064, -0.052651918169260126]], "inverted": true, "swapped": false, "error_lsq": 0.0504385508915674, "error_max": 0.3071741830542074, "target": "807.xyz", "model": "23.xyz", "model_rescale": 4.410303926677745, "target_rescale": 3.988382074721915},
{"mapping": [14, 13, 11, 1, 10, 15, 0, 4, 5, 7, 8, 16], "R": [[-0.9841140265644832, 0.14928077844319443, 0.0960980327916954], [-0.09276779577886994, 0.029130264445189125, -0.9952615554514719], [-0.1513727808602648, -0.9883656595009498, -0.014819053069714316]], "T": [0.02710019407431755, 0.0004698595454471011, -0.040919523595549775], "aligned_model": [[-0.06894609005236836, 0.18077398655103555, -0.5588027928732218, -0.555312801285021, -0.4103621745588148, 0.3211449048244189, 0.3088768230293077, 0.26125283291384954, 0.6340176887492137, -0.17777886771337642, 0.0020816004717990715, 0.0054904200156062136], [-0.509190596964967, 0.006961319341966887, -0.11387824575274796, 0.6200836126452991, -0.08810375539619401, -0.6491363262510269, 0.7005492928930922, 0.0337724779671603, -0.029364290237765614, 0.47458828264412983, -0.4416431504831107, 0.09352216074934493], [-0.47585781851758546, -0.7268705789082957, -0.25154641483080287, 0.07401197503044064, 0.4329637289484436, -0.011530711275291719, -0.011313283297778087, 0.6055693396665268, 0.12144768858779932, -0.45944931656339877, 0.6516242104690176, 0.03198120775891185]], "inverted": false, "swapped": false, "error_lsq": 0.04641664835660045, "error_max": 0.24982013446433046, "target": "807.xyz", "model": "24.xyz", "model_rescale": 4.28219845311461, "target_rescale": 3.988382074721915},
{"mapping": [5, 9, 10, 14, 6, 1, 13, 2, 4, 12, 0, 15], "R": [[-0.7174959710453125, 0.4341364169832642, 0.5447247956378316], [-0.6964976137748194, -0.4578279308495482, -0.5525257095737752], [0.00951869422381707, -0.7758344908438619, 0.6308646742981563]], "T": [0.09647991440811234, 0.010190399238938658, -0.09732700757748147], "aligned_model": [[-0.15600356840788343, 0.3169675526992954, -0.6931137269592164, -0.4854118210297437, -0.4843901243156684, 0.20825840042669602, 0.31050899883083877, 0.05344473728152768, 0.7052270563952674, -0.12801409101161193, 0.1855489704825095, 0.10941314568041748], [-0.577522691291155, 0.07924380249961527, -0.06705084195114486, 0.45643406940553516, -0.24775310366664416, -0.6195472115021399, 0.561479088865758, 0.32763636623892145, -0.11160305357482514, 0.6454245687516899, -0.3311016420515604, -0.01747857056886934], [-0.6595779257971071, -0.7325360383207198, -0.1140748731004583, 0.10861769364106133, 0.5416192205065823, -0.06880490162118227, -0.0408576473215133, 0.5077812934340387, 0.28899131324083527, -0.45857469497087944, 0.6382955980006684, -0.029849010623338668]], "inverted": true, "swapped": false, "error_lsq": 0.043349719477896835, "error_max": 0.2558039067964991, "target": "807.xyz", "model": "25.xyz", "model_rescale": 4.100010024507729, "target_rescale": 3.988382074721915},
{"mapping": [10, 0, 9, 5, 7, 8, 6, 2, 1, 4, 3, 11], "R": [[0.2603541024585605, 0.8848210075983712, -0.38640332017931833], [0.20643165110721118, -0.4419637689362028, -0.8729570438279639], [-0.9431869988258681, 0.14751207225278273, -0.29772214191346563]], "T": [0.05564742830508178, 0.013156984542219084, 0.027081451104281916], "aligned_model": [[-0.09251899627857064, 0.5009647814351386, -0.6758879394892275, -0.4825488706055469, -0.4653805310911579, 0.11208025442414409, 0.2087701166392904, 0.3467817048200428, 0.7343172900834467, -0.33130214265261326, 0.1365432769210148, -0.04938341413353277], [-0.3351266217471251, 0.005678262410165995, -0.23281065058635647, 0.5292661052774211, -0.16958200040584992, -0.5981158034997212, 0.6389388174386974, 0.30928728826043034, -0.1802382416989956, 0.5546667706807027, -0.46222625142604307, 0.038423106451854955], [-0.4942127103349944, -0.5856795134245986, -0.2621707403726483, 0.11742684199041334, 0.41911789788301146, 0.031410849499344466, -0.04662525196270723, 0.6397028371516086, 0.06102344484428126, -0.5411410064633115, 0.6794143930049629, -0.037237014747374945]], "inverted": true, "swapped": false, "error_lsq": 0.04722028864551997, "error_max": 0.3021178422789066, "target": "807.xyz", "model": "26.xyz", "model_rescale": 3.6694154284099745, "target_rescale": 3.988382074721915},
{"mapping": [0, 1, 4, 8, 10, 2, 7, 9, 6, 5, 11, 13], "R": [[0.7385707610111559, -0.6252220884456703, -0.2522113619546845], [0.48472722532165374, 0.7524757014554774, -0.44589217951322974], [0.4685645611987457, 0.2070692126771195, 0.8588187196084545]], "T": [0.03518543714499691, 0.06827670510280846, 0.06188454591503253], "aligned_model": [[-0.09452784820002882, 0.5128058955264386, -0.6974194605635681, -0.48386578472116815, -0.3964785718817365, 0.08758864871106936, 0.22243023514530205, 0.09679908258235287, 0.6400093538215509, -0.11315018407709657, 0.12984455093511327, 0.03839961279419922], [-0.24621952027645921, 0.12384785339762554, -0.253691321675726, 0.42749624338253095, -0.11877479560431249, -0.6086259699641893, 0.662746768513213, 0.3543297279531076, -0.19468207086908823, 0.4214257915409043, -0.481035476630263, 0.011343551387838297], [-0.504860485788232, -0.6786809129800244, -0.1256180505328205, 0.16140512080984293, 0.4368093907663959, 0.02744157699557414, -0.025712566189752685, 0.6777099775792981, -0.12846025637750808, -0.6304020753234137, 0.7141661173405288, 0.05723219076809854]], "inverted": false, "swapped": false, "error_lsq": 0.04529131837388519, "error_max": 0.24112987182774231, "target": "807.xyz", "model": "27.xyz", "model_rescale": 4.103607728864725, "target_rescale": 3.988382074721915},
{"mapping": [11, 13, 7, 1, 5, 10, 2, 0, 3, 4, 9, 14], "R": [[0.10617308661862201, 0.9464017789152152, 0.30504253563067396], [-0.5087890011034356, -0.2118676337537705, 0.834413481508866], [0.8543190434691498, -0.24379454184557647, 0.45902417510656524]], "T": [0.06713620527981991, -0.14908668774828132, -0.09086221054085962], "aligned_model": [[-0.21768857272796754, 0.16713196081372383, -0.6511610792270616, -0.365188490444472, -0.4672593836875859, 0.3871646908120703, 0.33341828823489617, 0.06705662034491171, 0.6311327916765996, -0.044434143730598605, 0.06415355563782825, 0.03810929237008393], [-0.5681166499205552, -0.03037851195021446, -0.08597162533668212, 0.5651829843357581, -0.22456172434115154, -0.5345004758618421, 0.536727395237111, 0.24151365618646925, 0.16250977751049817, 0.606138226971209, -0.5576047129709651, -0.012777558704453656], [-0.5549203643254955, -0.7199740851924196, -0.10297606749079947, 0.23436851537956455, 0.4029649694779737, 0.003016736436839515, -0.09944137763868909, 0.5067355688776549, 0.2942953493457702, -0.5795304748502472, 0.61852347646041, -0.022032219412574647]], "inverted": true, "swapped": false, "error_lsq": 0.049524287184042066, "error_max": 0.33195868360919334, "target": "807.xyz", "model": "28.xyz", "model_rescale": 4.137296879288765, "target_rescale": 3.988382074721915},
{"mapping": [3, 4, 10, 5, 8, 7, 6, 2, 0, 9, 11], "R": [[0.0805444969926315, 0.9234548030229168, 0.37515838092479026], [0.8808379041960963, 0.11021638271721612, -0.4604095302143092], [-0.4665159917255064, 0.3675371760171182, -0.8045366702082193]], "T": [0.00222764191245417, 0.05690658293980486, 0.023802319200426466], "aligned_model": [[0.5569803070442861, -0.04877780438941223, -0.16403214101394548, -0.5286774377152991, 0.005949192086535847, 0.4380814940424338, 0.5048168324927638, -0.22418037279624578, -0.571040620518342, 0.28756945595094047, -0.03526989447381718], [-0.32770649770414834, -0.6114715956903497, -0.27803914170843386, 0.1994227091978862, 0.6085874740219076, -0.09363513341307067, 0.3945522230956196, -0.5051456627580786, 0.1918274762437169, 0.26499506935319256, 0.07576089600971037], [0.36316535565023067, -0.21512118304076705, -0.8380115136189844, -0.3028793247014649, -0.39534258158366126, -0.40918817169371746, 0.20150782355968205, 0.3849178018796448, 0.2886192075946163, 0.7401555045229878, -0.012068896785567915]], "inverted": false, "swapped": true, "error_lsq": 0.041725050076451616, "error_max": 0.23141063000792206, "target": "807.xyz", "model": "29.xyz", "model_rescale": 3.607286011436655, "target_rescale": 3.988382074721915},
