[{"mapping": [8, 9, 0, 5, 4, 10, 3, 12, 2, 6, 7, 13], "R": [[0.5032130676267258, 0.16364431476121158, 0.8485264561674163], [-0.8637851718729698, 0.06624201748270706, 0.49948690870953305], [0.025530088563985975, -0.9842929103504479, 0.17468738137530362]], "T": [-0.06555243248755448, -0.16474563150540056, 0.011702038765969184], "aligned_model": [[-0.20797701484511288, 0.10292887299792651, 0.4963091082569009, -0.16902783222329076, -0.09657555165727158, -0.554946200975796, 0.49283376511699295, -0.36002376150138116, 0.4517225754550015, 0.14580315783861203, -0.4166277313731738, -0.04677692462885927], [-0.4118720315838503, -0.848067192326385, -0.05279233926988827, 0.5449669994643866, 0.27288311970143786, -0.49912210051492545, -0.3659074580116768, -0.45563485555609384, 0.15781261622380283, 0.5408895257647399, 0.22796918764083818, -0.05757043555532865], [-0.5396022961073426, -0.25626806200288976, -0.5612634722221846, -0.1087168845351949, -0.7130761803705269, 0.04607047356605063, 0.5688682351334152, 0.6922403846387338, 0.11942195760934697, 0.47172221810668113, 0.44754861381330346, 0.015006757724169931]], "inverted": true, "swapped": true, "error_lsq": 0.05177686101064045, "error_max": 0.30365214171336286, "target": "808.xyz", "model": "0.xyz", "model_rescale": 3.751011558992144, "target_rescale": 4.241721834298614},
{"mapping": [12, 3, 7, 0, 11, 6, 1, 4, 9, 13, 5, 10, 8, 14], "R": [[-0.2622061616594121, 0.8449312191912413, -0.4661964860698125], [0.6418335289239756, 0.5134483554471028, 0.5695792371897537], [0.7206230983925193, -0.14987335028172372, -0.676934508603674]], "T": [0.02279433964897004, 0.0274392350798634, -0.015538878394969535], "aligned_model": [[-0.21604898240078388, -0.6180840351034451, 0.10046715123822644, -0.3053935001582156, 0.4104988155285201, 0.6304466386212426, 0.31819559979464956, 0.6279867084076387, -0.05234880233143341, -0.5986974602963033, -0.25446166504040924, 0.5933367902434525, -0.00205764407043664, 0.014434272309489049], [-0.6049288928625831, -0.10300375928007449, -0.13920205534643626, 0.40358034023075023, -0.6664268115875964, -0.16138066331764783, 0.4449206903068474, 0.48221831635679574, -0.44345678731384824, -0.26458177684691697, 0.0815073867432825, -0.16950602791955816, 0.6244413338429233, -0.02672016988175454], [-0.323823685597683, -0.41008345573685995, -0.6526217917289576, -0.5867788711458692, -0.0860097063432051, -0.4140755452062005, -0.4889656198045994, 0.21357278420427267, 0.43921387381373106, 0.22104909571745684, 0.5414995312636506, 0.5395715823068552, 0.27323287423603937, -0.014713910728751042]], "inverted": true, "swapped": false, "error_lsq": 0.045315943956048536, "error_max": 0.22581317228897502, "target": "808.xyz", "model": "1.xyz", "model_rescale": 3.9405287249114394, "target_rescale": 4.241721834298614},
{"mapping": [3, 12, 7, 8, 10, 6, 1, 9, 11, 5, 4, 2, 13], "R": [[-0.5966786489878068, -0.28898548118919376, 0.7486400880956989], [-0.6856325320108576, 0.6683521682918124, -0.2884673468315142], [-0.4169923511174587, -0.6854143059504105, -0.5969293160065529]], "T": [0.019754282781155118, -0.011627291032356175, 0.02683631601719198], "aligned_model": [[-0.18870132021751457, 0.08539291253088724, -0.3953168591018168, 0.49629392365846253, 0.4377754375582247, -0.8390955989464574, 0.08856563437302675, 0.6730920213303453, 0.2531842872510318, -0.5198984743333153, -0.06223814310523882, -0.4528380414334166, -0.08023250028028778], [0.7600531497831167, 0.4840453653392341, -0.05735815131069598, -0.3584684347829671, -0.05714280070240614, 0.07629827054892126, 0.2653223621704978, 0.21132072723383513, -0.7022227690891942, -0.49821427361239656, -0.7680393265424723, 0.15622315884211516, -0.05298468430557053], [0.18094976557456044, -0.5932141113621714, -0.5145190822558373, 0.22152550575267357, -0.3923077230807395, -0.06727373878845506, 0.5088388477560751, 0.3277786048793568, -0.3834017992324684, -0.003295131341688507, 0.39953310883040183, 0.38974616640174137, 0.038759936455195015]], "inverted": false, "swapped": true, "error_lsq": 0.04844278779962698, "error_max": 0.2752937229375887, "target": "808.xyz", "model": "2.xyz", "model_rescale": 3.932901565614263, "target_rescale": 4.241721834298614},
{"mapping": [1, 3, 10, 8, 2, 6, 12, 5, 0, 3, 7, 4, 9, 13], "R": [[0.24738579972223823, -0.9687158507815077, -0.019745038375465096], [-0.26465849902590677, -0.08716259834263113, 0.9603950022483017], [-0.9320708905384518, -0.23236239346077733, -0.27794167214729804]], "T": [-0.0553926833222094, -0.030614354444267432, -0.1015507037483428], "aligned_model": [[-0.06863869147694356, -0.5365966801496991, 0.18125022478652433, -0.6281216917994725, 0.45049383424787875, 0.5960679539096904, 0.44433065432731533, 0.5268317884697533, -0.16255998749630848, -0.5365966801496991, -0.10663079887003574, 0.43132061779763897, 0.020722581120206716, 0.03640076202534245], [-0.6907422621831865, -0.1648466508534386, -0.02150915524119317, 0.4284795511186188, -0.6779241701595191, -0.12524702122858541, 0.4147925240833264, 0.34165279100020096, -0.5913509131358068, -0.1648466508534386, 0.3077064917410472, -0.314438104950306, 0.6946661508529436, 0.021068542933520396], [-0.43744400467045924, 0.0038527218088403176, -0.7776148055098147, -0.10055358009725279, 0.03726099243679676, -0.2841320751870906, -0.46900016765904096, 0.09651878538076034, 0.24921989052351562, 0.0038527218088403176, 0.525072155632563, 0.5661173617598714, -0.012289320476916499, -0.1497935205007334]], "inverted": false, "swapped": false, "error_lsq": 0.05853167398146781, "error_max": 0.40504296893571706, "target": "808.xyz", "model": "3.xyz", "model_rescale": 3.9243930471874484, "target_rescale": 4.241721834298614},
{"mapping": [5, 2, 4, 11, 8, 7, 7, 0, 9, 3, 10, 12, 13], "R": [[0.04534610437599512, 0.8571060355871796, -0.5131403069122029], [0.9721678882065434, 0.0803283645129304, 0.2200839635109917], [0.22985501508114003, -0.508838478905346, -0.8296083861843147]], "T": [-0.0019659689769585056, 0.016375373706917842, -0.07575574683973385], "aligned_model": [[-0.03094885589754256, -0.32024043757000575, 0.5776045957053497, 0.5051013311901736, 0.6096945341122307, -0.40636062204391943, -0.40636062204391943, 0.35237228339895926, 0.36504112573969033, -0.625364607909311, 0.17909241667027934, -0.48668297938164246, -0.03574227565899024], [-0.5672093193044158, 0.13743591391415202, -0.31060969802664656, -0.5911311087634907, 0.10598348549590345, -0.5169570403686635, -0.5169570403686635, 0.3314981821646482, 0.631772477906036, 0.538095903836958, -0.07915514428044403, 0.013449375330500023, -0.04838643385428569], [-0.5087555070546275, -0.5927340308926284, -0.6001254143051316, 0.19540033249576577, -0.019769103898261003, 0.06375243325142149, 0.06375243325142149, -0.7327591150844577, 0.1560080925700741, -0.1190826658542814, 0.48154745079409456, 0.5563069105298253, -0.15647150043225075]], "inverted": true, "swapped": true, "error_lsq": 0.05371515274434538, "error_max": 0.3532755841780478, "target": "808.xyz", "model": "4.xyz", "model_rescale": 3.8936222436046832, "target_rescale": 4.241721834298614},
{"mapping": [11, 5, 8, 10, 0, 2, 6, 3, 12, 7, 9, 13], "R": [[0.1933640524150929, -0.7196133765117925, -0.6669084881592904], [0.9805854184403933, 0.1643294728170358, 0.1069956144229951], [0.03259724490953725, -0.6746498445186009, 0.7374177967172582]], "T": [-0.07145014396272276, 0.028657438993575982, -0.07271045602334997], "aligned_model": [[0.06521922605801644, -0.4714218638411808, -0.1815515964104345, 0.41918691177588646, -0.8041396551472866, -0.48717046623907867, -0.3074133759169361, 0.043826431634329255, 0.6666717989340757, 0.17936021823020581, 0.04417862053121746, -0.13919820739371702], [-0.4922987532084451, -0.5758492529434088, 0.20010762534527016, -0.012766885912447675, 0.35202310234888606, 0.07960090125611012, -0.4487624566954954, 0.46158861461923784, -0.003945062200855217, -0.5447056036875688, 0.6980737172178272, -0.044143041029303026], [-0.7127363317560882, -0.013598894561899333, -0.6590339100096605, -0.40445490257104516, -0.1956418814398172, 0.38314282655217113, 0.6132941522005286, 0.6069786676083091, 0.22490577137923068, 0.20258940803265213, -0.3977244802699779, -0.02843570588888511]], "inverted": true, "swapped": true, "error_lsq": 0.04570297424181102, "error_max": 0.2440610377574691, "target": "808.xyz", "model": "5.xyz", "model_rescale": 3.6523030999806103, "target_rescale": 4.241721834298614},
{"mapping": [4, 8, 11, 5, 7, 0, 10, 2, 9, 3, 12, 6, 13], "R": [[0.9152467781147194, 0.24663061492085145, -0.318585428000699], [0.10339959802854685, 0.6204701789741159, 0.7773836119518881], [0.38939935577522566, -0.7444394513911735, 0.5423818257779734]], "T": [-0.011722786793018247, -1.7919047730637072e-05, -0.007438378626254932], "aligned_model": [[0.20455453244100427, -0.36117285811292354, 0.19245017118254829, 0.6414412157279183, 0.5556579892783546, -0.19438226455303123, -0.20151436980255227, 0.1996891952070508, -0.7620680697864028, -0.17499752429693358, -0.02814831731665611, 0.7246826457756479, 0.08489055892026967], [-0.46592057485560645, -0.060528905616895286, 0.379538684416621, -0.2141023654738773, 0.35776607883161543, -0.7655994375758159, 0.5279027675066927, -0.4794862041642993, -0.031201762376543797, -0.1225445790404196, 0.6597796032947535, -0.19460298464194603, -0.05017341614109562], [0.666315034156685, 0.5019885121878274, 0.7094696911435489, 0.23014219635153974, -0.13976637056787025, 0.1849982630631327, 0.18691690609646394, -0.33703809854407996, 0.04852415251568376, -0.7954891220287573, -0.4533753427153048, -0.4246366735286784, -0.007939408648401772]], "inverted": false, "swapped": true, "error_lsq": 0.05535651279640908, "error_max": 0.29548960737084207, "target": "808.xyz", "model": "6.xyz", "model_rescale": 4.08911054899281, "target_rescale": 4.241721834298614},
{"mapping": [10, 12, 11, 13, 8, 9, 1, 1, 4, 5, 6, 3, 2, 14], "R": [[0.38004210964667473, 0.9249354238806478, 0.00790294540230975], [-0.9166004955189229, 0.3754431996190884, 0.13742610914322909], [0.12414316940440259, -0.05947155211114305, 0.9904804934877425]], "T": [-0.026514439831852525, -0.04526853891471151, -0.008508027812030819], "aligned_model": [[-0.22924969003974652, -0.5677072722834172, 0.05595669593286221, -0.3430499058259509, 0.3050456550768082, 0.7220225984662859, 0.42248774691474805, 0.42248774691474805, -0.08998218057433371, -0.6588893581513886, 0.02052827877830661, 0.49841721732638644, -0.025247453932207318, 0.11545380813909012], [-0.6260247171741298, -0.08341805114330429, -0.10716560233207456, 0.47745619568259723, -0.6412117121694461, -0.14584231776452206, 0.48103518875465734, 0.48103518875465734, -0.5542099848091723, -0.4105127672833951, 0.1334082123600997, -0.22347153157090244, 0.7213794947205331, -0.04499647290141484], [-0.3838686254227028, -0.47073832845335656, -0.586347389800414, -0.41156965208268204, -0.016791203544875788, -0.21859021461403288, -0.25212141289892, -0.25212141289892, 0.4750206065398096, 0.20874722737654555, 0.45517782234205806, 0.5564184142910595, 0.24126933417499485, -0.09341800975868346]], "inverted": true, "swapped": false, "error_lsq": 0.04708955203144716, "error_max": 0.38259863540190514, "target": "808.xyz", "model": "7.xyz", "model_rescale": 3.964800864290218, "target_rescale": 4.241721834298614},
{"mapping": [4, 6, 6, 3, 12, 9, 10, 8, 2, 0, 1, 7, 5, 13], "R": [[0.5121438438229338, -0.12414205357279717, 0.8498808350404187], [-0.611387758764001, -0.7476718130592614, 0.259213943278923], [0.6032525935856409, -0.6523615642352067, -0.4588144481604651]], "T": [0.023984671972100486, -0.066101601600011, -0.06199346436480373], "aligned_model": [[-0.09153725145032798, -0.3072668963514288, -0.3072668963514288, -0.5233118272156126, 0.6156972582095687, 0.6700254142110119, 0.3538205285974883, 0.6371386446663058, -0.26843998074919156, -0.6569039002056027, -0.07406660772153022, 0.34757386278943003, 0.168168062951093, 0.08464347536241701], [-0.703694755137437, -0.2041187439806394, -0.2041187439806394, 0.3589569877245974, -0.5350228625256177, 0.004239724563524019, 0.5086784935234617, 0.30053376710654073, -0.5609726645366853, -0.03411193350252917, 0.1024678740561551, -0.31346872865614206, 0.755432287719201, -0.017339579249607072], [-0.33626167394226314, -0.5177669717901764, -0.5177669717901764, -0.27589632390776153, -0.036225196501489795, -0.2890180973665242, -0.5477610661470551, 0.2220457822015917, 0.26694297524450716, 0.15829449703019582, 0.6626375932085254, 0.5219180914378663, -0.003993969244342352, -0.05608151318301767]], "inverted": false, "swapped": false, "error_lsq": 0.0642169218209415, "error_max": 0.4027250747273964, "target": "808.xyz", "model": "8.xyz", "model_rescale": 4.121658175737393, "target_rescale": 4.241721834298614},
{"mapping": [2, 6, 5, 4, 3, 1, 7, 10, 11, 12, 0, 8, 13], "R": [[-0.6459488785968692, 0.21387094387559197, -0.7328091604266495], [0.14362720315853028, 0.9768577010799546, 0.15849371707939922], [0.7497474726548304, -0.002872491348943018, -0.6617178220670386]], "T": [-0.054504066104048954, -0.03597702498851653, 0.08205746001477152], "aligned_model": [[-0.49794904930009043, -0.26511357777594, 0.2288730573099747, 0.32128716880544334, -0.8029355294899974, -0.5298290165807451, 0.19183335789770192, 0.3106378833098323, 0.7783854377092341, -0.08754141448700148, -0.34035756717688626, 0.22015587776856277, -0.050709131554891027], [0.059859073949344505, -0.37240304822027964, 0.05215638900596549, 0.6354794449808157, -0.3535016425838678, 0.23749499362131177, -0.562314659694198, -0.2539904510144428, 0.03546736006034934, -0.7827084387683813, 0.7051795749383832, 0.4197130373717161, -0.030044194235006764], [-0.3391228184342133, -0.6903879365177134, -0.5818926896657671, -0.2725013946794358, 0.12357683293955082, 0.1962581588373553, -0.2781197178765986, 0.4963479086419107, 0.11202021665707321, 0.3573083887495718, -0.07758613585182839, 0.4017466390990574, -0.02657201793987367]], "inverted": true, "swapped": true, "error_lsq": 0.05875101584994216, "error_max": 0.34651728730673853, "target": "808.xyz", "model": "9.xyz", "model_rescale": 3.833441315466971, "target_rescale": 4.241721834298614},
{"mapping": [3, 9, 2, 8, 4, 5, 13, 0, 6, 7, 12, 1, 10, 14], "R": [[0.4229229403121344, 0.8880555098374641, 0.18025980695945773], [-0.6165027855851433, 0.4277735819427743, -0.6610098924808976], [-0.6641238603780909, 0.16842557418388315, 0.728403956632123]], "T": [0.0032218616831283103, -0.024473939604672847, 0.06049397172890909], "aligned_model": [[-0.2678437166646346, -0.4785792909218771, 0.09093607340646166, -0.4805008143524454, 0.2535954896497393, 0.5861328530202387, 0.47181869529081405, 0.5208661226496245, 0.1497144419618721, -0.6116642531974096, -0.00744753344883467, 0.6088281712393677, -0.14134307232639576, -0.04623927956432917], [-0.6660737715498694, -0.04924955429900272, -0.07175961477968304, 0.46908372918663166, -0.7782558383501276, -0.1758890008927708, 0.34749531642947035, 0.4114600367980214, -0.5125387388739379, -0.28014702678985187, 0.07341834925736349, -0.028043583215303126, 0.7779311991589237, -0.05997037895568106], [-0.458346039864762, -0.5915519965875288, -0.6513490846484307, -0.3000231050414108, -0.010488248810977305, -0.24727778925724692, -0.46651876200046866, 0.1368415257817514, 0.5094508111716817, 0.03903901896424532, 0.6549040331340324, 0.4833854334350904, 0.16538017988072246, -0.012378820906818688]], "inverted": true, "swapped": false, "error_lsq": 0.05028331547916996, "error_max": 0.3249214724690818, "target": "808.xyz", "model": "10.xyz", "model_rescale": 4.2482417240324, "target_rescale": 4.241721834298614},
{"mapping": [4, 0, 9, 3, 11, 10, 8, 12, 2, 7, 5, 13], "R": [[0.710562523662273, -0.6989260189795306, 0.08126081441953803], [-0.3864105377032346, -0.4841188859747422, -0.7850578326432209], [0.588037240588212, 0.5264326397897452, -0.6140691161794425]], "T": [0.06942501457273328, 0.05503076513041658, -0.049408992907915415], "aligned_model": [[-0.733408187914715, -0.2372459255632318, 0.3523064378360383, 0.769654408432009, -0.513114066218503, 0.14856068423071017, -0.21903658512465848, 0.6478901452622884, 0.1086573618604791, 0.03049314932168931, -0.48926457227280007, 0.01127275251370144], [-0.1942051295555366, -0.6719343360548143, -0.12982334896463643, -0.2679667817693764, 0.6161285632534277, 0.5565280066083184, 0.02956790388955286, 0.5823248184246254, -0.42478148351962425, 0.4930824641010349, 0.04842718712670858, 0.02878352651096024], [0.05606679826895059, 0.13494415603966683, 0.6235912578807827, -0.3102667648169773, 0.16395565457465885, 0.25837849148813025, 0.49962127686144225, -0.19706202680868662, -0.43859001365200856, -0.5728935204177653, -0.5149433442778818, -0.1376096752859556]], "inverted": true, "swapped": true, "error_lsq": 0.04383682209116566, "error_max": 0.2841439600847966, "target": "808.xyz", "model": "11.xyz", "model_rescale": 3.6694154284099745, "target_rescale": 4.241721834298614},
{"mapping": [7, 9, 10, 8, 5, 12, 2, 1, 6, 11, 4, 0, 3, 13], "R": [[-0.6759397722215672, -0.0019343029931083167, -0.7369543288433735], [0.4404654117319114, 0.8006705736221746, -0.4060995611957441], [0.5908431648050894, -0.5991017367755405, -0.5403530915944104]], "T": [0.0562934772102328, -0.1098497883742679, -0.06139240518077932], "aligned_model": [[-0.1130949980216789, -0.5941378353940862, 0.08573880119320222, -0.4153897255795311, 0.41805349309611906, 0.658636455605766, 0.22903119820879214, 0.5867704648823345, -0.09341619791402957, -0.643377476716233, -0.06190439861610915, 0.5115595977516962, -0.05209413828013067, 0.1318986465260799], [-0.7160633705583128, -0.1815066186442354, -0.1297983575376045, 0.4350647848987768, -0.8210163186222055, -0.16237400223884257, 0.4408320454310683, 0.5141422822101342, -0.4910697345006088, -0.10660268437823098, 0.24464577983625918, -0.19379801258793283, 0.7076170114095852, -0.0826116815936673], [-0.4563328509491768, -0.5266779875380804, -0.6956351148687314, -0.2920022821412773, 0.02772913900486916, -0.3715417943499274, -0.36671972307639944, 0.15238681621289457, 0.32862451663581005, 0.1741466817121241, 0.5773883115127731, 0.4830553145903262, 0.18609306239818815, 0.030553066106487378]], "inverted": false, "swapped": false, "error_lsq": 0.0465585894341382, "error_max": 0.36591879180609344, "target": "808.xyz", "model": "12.xyz", "model_rescale": 3.9764082729961374, "target_rescale": 4.241721834298614},
{"mapping": [11, 14, 13, 6, 10, 1, 12, 9, 8, 3, 7, 2, 4, 15], "R": [[0.007904421408560403, 0.9148763948476559, 0.4036566638527749], [-0.7286604440105577, -0.27118358667569875, 0.6288985766020153], [0.6848295243756165, -0.29909972328348944, 0.6644906907363017]], "T": [0.10176579548230172, 0.1011485355603242, -0.07607825727435914], "aligned_model": [[-0.22336394206242036, -0.6011625378982571, -0.039157986536825395, -0.4071884571056563, 0.4281175695377548, 0.6572386380947325, 0.5445663063955138, 0.5997954227482863, 0.07927762800741604, -0.5273153903117703, -0.10715108245171634, 0.47203835670528926, -0.2339882388462796, 0.0065676004661242154], [-0.5839670549262862, -0.10171560342444523, 0.018785530135969328, 0.5111875053501274, -0.5951268845587075, -0.1962405494325022, 0.04816685491273577, 0.4329975701171985, -0.5365722925074603, -0.33013758591117437, 0.17547022429634535, -0.1525158080314672, 0.647490172672093, 0.11963904443175749], [-0.31156069862762414, -0.3978638051472671, -0.6658556467916178, -0.4716694828160559, -0.3102618559041301, 0.003497062443445373, -0.5325146537186211, -0.018269649380750416, 0.22799289298608516, 0.27986076899222984, 0.6463231018195444, 0.5833246128298238, 0.2474086292749138, -0.029344120710096067]], "inverted": true, "swapped": false, "error_lsq": 0.05031819953389136, "error_max": 0.3371783691748529, "target": "808.xyz", "model": "13.xyz", "model_rescale": 4.170626492500431, "target_rescale": 4.241721834298614},
{"mapping": [2, 2, 0, 1, 4, 8, 7, 10, 6, 3, 11, 5, 9, 13], "R": [[-0.7474876302162581, -0.5635916246390099, -0.3516059204712626], [-0.1747576238166588, 0.6775048031403401, -0.7144557471528409], [0.6408759752024082, -0.4726010181522361, -0.6049183928843891]], "T": [0.0852035504539512, -0.0402522341204741, -0.0734695019417343], "aligned_model": [[-0.25091488186051747, -0.25091488186051747, -0.06754446740108283, -0.33897075996654713, 0.4764162805768456, 0.7594872461136012, 0.3701787592103827, 0.442888691874306, -0.2274779378551872, -0.5728200199129991, -0.042147053549475316, 0.35922739458289976, -0.08669979472108691, 0.0775653115115697], [-0.5433374751111245, -0.5433374751111245, -0.028896949703905744, 0.49927094201305566, -0.6142517326908414, -0.027928736131958704, 0.46523811820461103, 0.3819414852445634, -0.5401678931058103, -0.007996158939178155, 0.16047068086981145, -0.3936763602101466, 0.7045501179344499, -0.054417440138218254], [-0.3320460031791581, -0.3320460031791581, -0.6500087521971349, -0.41959862046461865, -0.2167883981968292, -0.38450956683662063, -0.6397719273199922, 0.03672173142392843, 0.5263670489620318, 0.13009407752500898, 0.5922269650677509, 0.7185040760915051, 0.19490548712200706, 0.027017040431159378]], "inverted": true, "swapped": false, "error_lsq": 0.05313515839752399, "error_max": 0.41957504817664043, "target": "808.xyz", "model": "14.xyz", "model_rescale": 3.9786697098870705, "target_rescale": 4.241721834298614},
{"mapping": [11, 10, 5, 4, 7, 6, 9, 3, 2, 8, 12, 13], "R": [[-0.4813431252404483, 0.42606267607409065, 0.7660152686731138], [-0.16835031497489467, -0.9025826891838638, 0.39623561252552586], [0.8602133265833608, 0.06176637630790263, 0.5061797581158087]], "T": [0.00021140023263385016, -0.03785202120341814, 0.06284631797786197], "aligned_model": [[-0.12503327333764877, -0.5201057193668728, 0.5733283884817046, 0.5630209516663448, 0.02738563755122732, 0.5474046947666635, -0.40437062552562375, -0.06539852966599233, 0.481751933543873, -0.10786931652546239, -0.583544356847858, 0.09678481202698166], [-0.42169196200656645, -0.15069620189840233, 0.03784391303766431, -0.6079343703113956, 0.4525625918711032, 0.6227137007841888, -0.46957846042130824, 0.49422950731126514, 0.2099915783442518, -0.6482788767650138, 0.4978768681894049, -0.002363797910752405], [-0.6697433789804436, -0.19989187663410893, -0.3784097724245521, -0.21290057464481296, -0.4127544597278747, -0.07295924704222503, 0.5287303666429528, 0.6754473142269284, 0.36270145446431734, 0.03137726016224704, -0.01892236568854122, 0.0272917735199429]], "inverted": true, "swapped": true, "error_lsq": 0.05391194683990793, "error_max": 0.3034917810603153, "target": "808.xyz", "model": "15.xyz", "model_rescale": 3.769337070930944, "target_rescale": 4.241721834298614},
{"mapping": [8, 9, 11, 10, 4, 0, 5, 2, 7, 12, 13], "R": [[-0.54288844105558, 0.27149536482135805, 0.7947090080329778], [-0.8395487683944329, -0.1520873395758391, -0.5215623707938812], [-0.0207365873670875, -0.9503471513195907, 0.31050005784718626]], "T": [-0.0423717126939853, -0.04050537675590494, 0.09843401974288842], "aligned_model": [[-0.24582823847289706, -0.5331458720110994, -0.1925833845368274, -0.560866552454261, 0.43372304758077695, 0.38844319927884485, 0.5559478070864867, 0.4578862017572769, 0.08630210554100287, -0.5275051136470472, 0.06025293056891456], [-0.046586377713844586, -0.5110355493892812, 0.668777769847609, 0.24428458489352695, 0.15912076963769317, -0.5109110039780386, 0.3697418392137407, -0.35020077939036437, 0.46664581794814664, 0.1145966925493126, -0.008369265993158126], [-0.487962733719209, -0.22539365337226652, -0.3187720014137453, 0.0479082653329974, -0.5733308242728609, -0.4011943070077201, 0.047337365876326004, 0.29092197924083435, 0.5385269029576294, 0.7108483205721369, 0.11532829302965433]], "inverted": true, "swapped": true, "error_lsq": 0.04714067038033954, "error_max": 0.275291409300619, "target": "808.xyz", "model": "16.xyz", "model_rescale": 3.7852294659196426, "target_rescale": 4.241721834298614},
{"mapping": [10, 3, 6, 12, 9, 1, 0, 2, 7, 11, 8, 5, 13], "R": [[0.9643878395076356, 0.20797500963816257, 0.16340896663219218], [0.19552788530024423, -0.9766458648534473, 0.08906009619732204], [0.1781149659063192, -0.05393746407338688, -0.9825303093999302]], "T": [-0.02329382520953447, 0.0830734772772756, -0.04670310244820222], "aligned_model": [[0.05728239645367857, -0.4546508990735594, 0.42784532604377734, 0.05902586977371337, -0.6787965763057373, -0.5258486868036415, -0.3972379259655483, -0.10940052751969451, 0.5634337938125676, 0.5135726993600216, -0.19541355585265996, 0.5500456545118555, 0.043908281781509996], [-0.006983738713743845, -0.5099189546951302, -0.2381492069260676, -0.6359614347616962, 0.2145797146035036, 0.13176632033538277, 0.6588690582314483, 0.030991407691228684, -0.26563645855587686, 0.47903231528807, 0.5796555015222984, 0.3369805174549203, 0.09983058222853694], [-0.6279880956515663, 0.30683112071002416, 0.6222514397279305, -0.37938103614714025, -0.3933218173736919, 0.19584621468713978, 0.38357200240384715, 0.5641110524144964, -0.006789278112831386, -0.5513791628084106, -0.376966301193713, 0.3216892833832272, 0.037279275103862516]], "inverted": false, "swapped": true, "error_lsq": 0.04684236814418555, "error_max": 0.2928074882033766, "target": "808.xyz", "model": "17.xyz", "model_rescale": 3.901054581598922, "target_rescale": 4.241721834298614},
{"mapping": [12, 3, 7, 0, 11, 6, 1, 4, 9, 13, 5, 10, 8, 14], "R": [[-0.2622061616594121, 0.8449312191912413, -0.4661964860698125], [0.6418335289239756, 0.5134483554471028, 0.5695792371897537], [0.7206230983925193, -0.14987335028172372, -0.676934508603674]], "T": [0.02279433964897004, 0.0274392350798634, -0.015538878394969535], "aligned_model": [[-0.21604898240078388, -0.6180840351034451, 0.10046715123822644, -0.3053935001582156, 0.4104988155285201, 0.6304466386212426, 0.31819559979464956, 0.6279867084076387, -0.05234880233143341, -0.5986974602963033, -0.25446166504040924, 0.5933367902434525, -0.00205764407043664, 0.014434272309489049], [-0.6049288928625831, -0.10300375928007449, -0.13920205534643626, 0.40358034023075023, -0.6664268115875964, -0.16138066331764783, 0.4449206903068474, 0.48221831635679574, -0.44345678731384824, -0.26458177684691697, 0.0815073867432825, -0.16950602791955816, 0.6244413338429233, -0.02672016988175454], [-0.323823685597683, -0.41008345573685995, -0.6526217917289576, -0.5867788711458692, -0.0860097063432051, -0.4140755452062005, -0.4889656198045994, 0.21357278420427267, 0.43921387381373106, 0.22104909571745684, 0.5414995312636506, 0.5395715823068552, 0.27323287423603937, -0.014713910728751042]], "inverted": true, "swapped": false, "error_lsq": 0.045315943956048536, "error_max": 0.22581317228897502, "target": "808.xyz", "model": "18.xyz", "model_rescale": 3.9405287249114394, "target_rescale": 4.241721834298614},
{"mapping": [1, 6, 0, 8, 3, 12, 4, 13, 10, 2, 11, 14, 9, 15], "R": [[0.5084479635688192, 0.056067021703230274, -0.8592654755196732], [0.3348702885178054, -0.9322037670906745, 0.13732452981880988], [-0.7933111358166621, -0.3575648552350818, -0.49275228674252997]], "T": [0.11199987014016669, 0.04382531520155761, -0.09021652034234447], "aligned_model": [[-0.05774770519398059, -0.5477258577298169, -0.0583076588151365, -0.4337756187739755, 0.3286928217438563, 0.5856144138872826, 0.4552872259263355, 0.5375332554390377, -0.0714117822937955, -0.6026618715011806, -0.003980638197437242, 0.5626759243255377, -0.13090006955977482, 0.08498144748523911], [-0.49261753163241173, -0.11433213009018403, 0.02529794612543511, 0.4065695366248806, -0.7734232167082269, -0.18909075027132324, 0.3170657377480609, 0.3863344999150363, -0.4217451579542295, -0.38838154963501503, 0.20626142096124045, -0.22294308924978204, 0.6957746875415726, 0.022690719749130134], [-0.43508498327898804, -0.40331657156787537, -0.756044080700285, -0.4681290777686266, 0.012630923430206428, -0.2371125128174172, -0.6751596726742843, 0.3008571833951449, 0.5160081386937806, 0.1501604836229754, 0.6021534928234455, 0.4802785932621249, 0.23377650760078966, -0.0699512687711113]], "inverted": true, "swapped": false, "error_lsq": 0.040297858058204794, "error_max": 0.28693171999379546, "target": "808.xyz", "model": "19.xyz", "model_rescale": 4.410303926677745, "target_rescale": 4.241721834298614},
{"mapping": [4, 6, 6, 3, 12, 9, 10, 8, 2, 0, 1, 7, 5, 13], "R": [[0.5121438438229338, -0.12414205357279717, 0.8498808350404187], [-0.611387758764001, -0.7476718130592614, 0.259213943278923], [0.6032525935856409, -0.6523615642352067, -0.4588144481604651]], "T": [0.023984671972100486, -0.066101601600011, -0.06199346436480373], "aligned_model": [[-0.09153725145032798, -0.3072668963514288, -0.3072668963514288, -0.5233118272156126, 0.6156972582095687, 0.6700254142110119, 0.3538205285974883, 0.6371386446663058, -0.26843998074919156, -0.6569039002056027, -0.07406660772153022, 0.34757386278943003, 0.168168062951093, 0.08464347536241701], [-0.703694755137437, -0.2041187439806394, -0.2041187439806394, 0.3589569877245974, -0.5350228625256177, 0.004239724563524019, 0.5086784935234617, 0.30053376710654073, -0.5609726645366853, -0.03411193350252917, 0.1024678740561551, -0.31346872865614206, 0.755432287719201, -0.017339579249607072], [-0.33626167394226314, -0.5177669717901764, -0.5177669717901764, -0.27589632390776153, -0.036225196501489795, -0.2890180973665242, -0.5477610661470551, 0.2220457822015917, 0.26694297524450716, 0.15829449703019582, 0.6626375932085254, 0.5219180914378663, -0.003993969244342352, -0.05608151318301767]], "inverted": false, "swapped": false, "error_lsq": 0.0642169218209415, "error_max": 0.4027250747273964, "target": "808.xyz", "model": "20.xyz", "model_rescale": 4.121658175737393, "target_rescale": 4.241721834298614},
{"mapping": [4, 8, 11, 5, 7, 0, 10, 2, 9, 3, 12, 6, 13], "R": [[0.9152467781147194, 0.24663061492085145, -0.318585428000699], [0.10339959802854685, 0.6204701789741159, 0.7773836119518881], [0.38939935577522566, -0.7444394513911735, 0.5423818257779734]], "T": [-0.011722786793018247, -1.7919047730637072e-05, -0.007438378626254932], "aligned_model": [[0.20455453244100427, -0.36117285811292354, 0.19245017118254829, 0.6414412157279183, 0.5556579892783546, -0.19438226455303123, -0.20151436980255227, 0.1996891952070508, -0.7620680697864028, -0.17499752429693358, -0.02814831731665611, 0.7246826457756479, 0.08489055892026967], [-0.46592057485560645, -0.060528905616895286, 0.379538684416621, -0.2141023654738773, 0.35776607883161543, -0.7655994375758159, 0.5279027675066927, -0.4794862041642993, -0.031201762376543797, -0.1225445790404196, 0.6597796032947535, -0.19460298464194603, -0.05017341614109562], [0.666315034156685, 0.5019885121878274, 0.7094696911435489, 0.23014219635153974, -0.13976637056787025, 0.1849982630631327, 0.18691690609646394, -0.33703809854407996, 0.04852415251568376, -0.7954891220287573, -0.4533753427153048, -0.4246366735286784, -0.007939408648401772]], "inverted": false, "swapped": true, "error_lsq": 0.05535651279640908, "error_max": 0.29548960737084207, "target": "808.xyz", "model": "21.xyz", "model_rescale": 4.08911054899281, "target_rescale": 4.241721834298614},
{"mapping": [6, 8, 5, 11, 7, 12, 9, 14, 0, 1, 2, 4, 15, 16], "R": [[0.9978098256272367, 0.060814540505260826, 0.02602198195521696], [-0.04157709178702395, 0.27063438928317285, 0.9617839532742568], [0.051448005989319284, -0.9607593970398928, 0.2725701445119494]], "T": [0.11359831337429671, -0.04346392178862916, -0.05345576300176387], "aligned_model": [[-0.15312825599651664, -0.5040850775312421, -0.020079121077378664, -0.46728635606499325, 0.4626892089841909, 0.829860473979559, 0.42786960107436395, 0.5503084538654308, -0.08056985739775893, -0.6087385473824602, -0.06736402547068418, 0.23235079040262632, -0.0809676625003696, 0.12741426185742433], [-0.6841219428707199, -0.18148862335858126, 0.06464061807206939, 0.3855169142398209, -0.6487153620636369, -0.03473502934932046, 0.32032418242992483, 0.41747857005823297, -0.6932583997687468, -0.013468123337236841, 0.21736009769217104, -0.24392844916613976, 0.6301701127892373, -0.07831344224289086], [-0.3254454057571912, -0.3366137196549968, -0.7376873070919882, -0.3073090146830974, -0.18612990764473608, -0.2319545858436794, -0.5792307952341158, 0.03948969600126155, 0.3209040318812533, 0.27415390250488203, 0.5949864411728921, 0.6038143552378425, 0.1462146814422201, -0.02412521708066747]], "inverted": false, "swapped": false, "error_lsq": 0.04323314712688817, "error_max": 0.27336929869918225, "target": "808.xyz", "model": "22.xyz", "model_rescale": 4.204369325754507, "target_rescale": 4.241721834298614},
{"mapping": [1, 6, 0, 8, 3, 12, 4, 13, 10, 2, 11, 14, 9, 15], "R": [[0.5084479635688192, 0.056067021703230274, -0.8592654755196732], [0.3348702885178054, -0.9322037670906745, 0.13732452981880988], [-0.7933111358166621, -0.3575648552350818, -0.49275228674252997]], "T": [0.11199987014016669, 0.04382531520155761, -0.09021652034234447], "aligned_model": [[-0.05774770519398059, -0.5477258577298169, -0.0583076588151365, -0.4337756187739755, 0.3286928217438563, 0.5856144138872826, 0.4552872259263355, 0.5375332554390377, -0.0714117822937955, -0.6026618715011806, -0.003980638197437242, 0.5626759243255377, -0.13090006955977482, 0.08498144748523911], [-0.49261753163241173, -0.11433213009018403, 0.02529794612543511, 0.4065695366248806, -0.7734232167082269, -0.18909075027132324, 0.3170657377480609, 0.3863344999150363, -0.4217451579542295, -0.38838154963501503, 0.20626142096124045, -0.22294308924978204, 0.6957746875415726, 0.022690719749130134], [-0.43508498327898804, -0.40331657156787537, -0.756044080700285, -0.4681290777686266, 0.012630923430206428, -0.2371125128174172, -0.6751596726742843, 0.3008571833951449, 0.5160081386937806, 0.1501604836229754, 0.6021534928234455, 0.4802785932621249, 0.23377650760078966, -0.0699512687711113]], "inverted": true, "swapped": false, "error_lsq": 0.040297858058204794, "error_max": 0.28693171999379546, "target": "808.xyz", "model": "23.xyz", "model_rescale": 4.410303926677745, "target_rescale": 4.241721834298614},
{"mapping": [3, 4, 0, 5, 1, 7, 12, 13, 10, 8, 9, 11, 15, 16], "R": [[0.44099198802160566, 0.8062072067973367, -0.39440589018013983], [-0.5479823479911927, 0.5898874268186428, 0.5930836112820349], [0.7108033573294456, -0.04541765503982831, 0.7019229472099283]], "T": [0.10194452545050053, 0.05199544572586626, 0.010240455731713241], "aligned_model": [[-0.21524317340664284, -0.5223939285039216, 0.2401036385372075, -0.2618688190101743, 0.4405277993270806, 0.7108031359277664, 0.3257449986719064, 0.6387231453838806, -0.1839635896291928, -0.6491228702402008, -0.13232701111422038, 0.44568008655397995, -0.27030608162077696, 0.08191655586549934], [-0.6512464890855137, -0.13413407370078292, -0.13586158176669666, 0.40028560429508975, -0.7286479477919778, -0.1228453492422639, 0.44244183382794955, 0.502824519854382, -0.44225729026582383, -0.08664040415140165, 0.06656097548540327, -0.18205639841788343, 0.577524036066211, -0.04848631198250901], [-0.4524621803646443, -0.21211437309589948, -0.7080962395435041, -0.3665032890923993, -0.10063158032020868, -0.19138490364776323, -0.6558232056307798, -0.042754666043578304, 0.32289798238335227, 0.31418870052619946, 0.591037043296424, 0.48751090830189786, 0.31775204430148524, -0.05254908582070214]], "inverted": false, "swapped": false, "error_lsq": 0.04236479935810598, "error_max": 0.27720172070082205, "target": "808.xyz", "model": "24.xyz", "model_rescale": 4.28219845311461, "target_rescale": 4.241721834298614},
{"mapping": [14, 12, 11, 9, 6, 8, 5, 1, 2, 13, 4, 0, 3, 15], "R": [[0.8932341242009839, 0.019368956658862027, 0.44917440140868314], [-0.12338211296234178, 0.9712744578290632, 0.2034767352052992], [-0.43233049113363453, -0.23717245010077925, 0.869965272496175]], "T": [-0.03530292062130385, -0.008658925299506747, -0.054975309892744906], "aligned_model": [[-0.14495701651124726, -0.6067391427264504, -0.09997349038392073, -0.35737365443213104, 0.5936301922741776, 0.6035566246044246, 0.42366395003881696, 0.48289970810259614, -0.1301864960797481, -0.5873555640868386, -0.05735058983158103, 0.433866228237324, 0.09190469994645886, 0.0026884375903105454], [-0.7092817286701933, -0.221108384510524, -0.0804088854854996, 0.4936021636888924, -0.6480704830983867, -0.05395887415382643, 0.46362177528880805, 0.33960573729794097, -0.5639687071717469, -0.17085949144515605, 0.184803835942554, -0.2533005568632185, 0.7066402735121352, -0.02985555120759605], [-0.33291107863471214, -0.5162190324301559, -0.5908360491417418, -0.3725881635205731, 0.03330342037582501, -0.32284179349342923, -0.5949577470167761, 0.08664092934625275, 0.334136727511839, 0.0928262872628696, 0.6498187262062445, 0.5659795627839433, 0.21374503230102304, 0.0049703336992705585]], "inverted": true, "swapped": false, "error_lsq": 0.04221514977908865, "error_max": 0.27154296858358296, "target": "808.xyz", "model": "25.xyz", "model_rescale": 4.100010024507729, "target_rescale": 4.241721834298614},
{"mapping": [4, 0, 9, 3, 11, 10, 8, 12, 2, 7, 5, 13], "R": [[0.710562523662273, -0.6989260189795306, 0.08126081441953803], [-0.3864105377032346, -0.4841188859747422, -0.7850578326432209], [0.588037240588212, 0.5264326397897452, -0.6140691161794425]], "T": [0.06942501457273328, 0.05503076513041658, -0.049408992907915415], "aligned_model": [[-0.733408187914715, -0.2372459255632318, 0.3523064378360383, 0.769654408432009, -0.513114066218503, 0.14856068423071017, -0.21903658512465848, 0.6478901452622884, 0.1086573618604791, 0.03049314932168931, -0.48926457227280007, 0.01127275251370144], [-0.1942051295555366, -0.6719343360548143, -0.12982334896463643, -0.2679667817693764, 0.6161285632534277, 0.5565280066083184, 0.02956790388955286, 0.5823248184246254, -0.42478148351962425, 0.4930824641010349, 0.04842718712670858, 0.02878352651096024], [0.05606679826895059, 0.13494415603966683, 0.6235912578807827, -0.3102667648169773, 0.16395565457465885, 0.25837849148813025, 0.49962127686144225, -0.19706202680868662, -0.43859001365200856, -0.5728935204177653, -0.5149433442778818, -0.1376096752859556]], "inverted": true, "swapped": true, "error_lsq": 0.04383682209116566, "error_max": 0.2841439600847966, "target": "808.xyz", "model": "26.xyz", "model_rescale": 3.6694154284099745, "target_rescale": 4.241721834298614},
{"mapping": [11, 10, 2, 4, 12, 6, 0, 1, 9, 8, 7, 3, 5, 13], "R": [[0.41172556942710925, -0.796295887745977, -0.4431646586075757], [-0.5881539475053118, 0.13926616460256336, -0.7966679794185347], [0.6961012782015572, 0.5886576208253302, -0.41100512883712315]], "T": [-0.016319540258916958, -0.021014291185628933, -0.0238386814192816], "aligned_model": [[-0.04883075140890918, -0.5051388901865934, 0.18045036484147953, -0.5545668026134303, 0.4233009390465589, 0.6565518449152719, 0.12850691496799135, 0.6699648279295329, -0.2349282417701899, -0.5982431255297952, 0.0655619389401205, 0.44500729325954175, 0.020878634775652057, -0.00024106042503960548], [-0.7546836590114753, -0.26440457580308757, -0.12415635022254419, 0.3320456747333121, -0.673726816158091, -0.0836812621649093, 0.4931570794834237, 0.5250364750010986, -0.5640238250702018, 0.11555033522210427, 0.10450440469485849, -0.3532720424000566, 0.7327883707909807, -0.02767268597122895], [-0.4675139558134893, -0.2762421924541975, -0.6663127791910822, -0.534885758626572, -0.12598077497892163, -0.14428527359374693, -0.41317971776641205, 0.07857704209433199, 0.32575310510375277, 0.20215299132476544, 0.587446035441105, 0.5502811316574893, 0.2135983466370538, -0.07834104458419623]], "inverted": false, "swapped": false, "error_lsq": 0.05422928507385422, "error_max": 0.4313972167573587, "target": "808.xyz", "model": "27.xyz", "model_rescale": 4.103607728864725, "target_rescale": 4.241721834298614},
