[{"mapping": [11, 7, 5, 0, 3, 9, 8, 6, 1, 2, 4, 12], "R": [[0.7758266991640983, -0.05360524561023833, -0.6286647838929786], [-0.40168950265366543, 0.726403569933481, -0.5576588536423907], [0.48655778312754444, 0.6851746720588557, 0.5420306194737057]], "T": [-0.11652716179666464, -0.0861544437837683, -0.030399108924726373], "aligned_model": [[-0.40620780003671964, 0.21883227979723832, 0.45717472234840906, -0.12254408308945788, -0.0048002929067426925, -0.5180272389069851, 0.21930501912814157, -0.2541443100952627, 0.5780927525033098, 0.22784886222500592, -0.3661699619596076, -0.1917174865467801], [-0.4770444184846368, -0.6849184663749242, -0.25070254062260017, 0.5682417264130037, 0.4852315089514759, -0.5773408708439254, -0.28243442385378636, -0.6736172447829336, 0.32129662354272465, 0.3612054152506848, 0.3015367107275965, -0.037898983945621856], [-0.5750307373042841, 0.11028406224726407, -0.45244242737548196, -0.10381523414376247, -0.6230183153324497, -0.007503047325423909, 0.5880213416949635, 0.5419326732071171, -0.14190289075559775, 0.43096812812360524, 0.475429376171922, -0.06097118385430979]], "inverted": true, "swapped": true, "error_lsq": 0.0505103432498154, "error_max": 0.26092860078991437, "target": "809.xyz", "model": "0.xyz", "model_rescale": 3.751011558992144, "target_rescale": 4.0553590266647035},
{"mapping": [7, 11, 12, 6, 3, 10, 2, 5, 13, 8, 0, 4, 14], "R": [[-0.24502610649437215, 0.7343933078191753, 0.6329523493649573], [0.6306480050184995, 0.6165900636450132, -0.4712746409265255], [-0.7363730718205247, 0.2836955460430227, -0.6142243370731543]], "T": [-0.023505638055825034, 0.007205156757541797, 0.03013462230322836], "aligned_model": [[0.3656369713676767, -0.22469814132762092, -0.2631000799220594, 0.3887025401526606, -0.06680094567255121, -0.3124313161729607, -0.16974871244607334, -0.49851027462543973, -0.6043398203104743, 0.10676241089654112, 0.47538642678930443, 0.3124053234962848, -0.05878329913183719], [-0.4574835230204246, -0.13200790243070906, -0.6265892466982059, -0.00015252812766978346, -0.6893013751680104, 0.6243186655550843, -0.14970635534994076, 0.25156529009836603, -0.321485170494726, 0.45998147799979056, -0.4002983719253906, 0.7174106445692112, -0.021573136375184276], [0.29903885100653993, 0.7896557146405992, 0.3348874100709399, 0.6576344450612209, -0.28036506664377814, 0.48636550454707594, -0.768445268846768, -0.2935083406461353, -0.2563902802723572, -0.43724326601023566, -0.3705549086867975, 0.12149085307669014, 0.060648699656810565]], "inverted": true, "swapped": false, "error_lsq": 0.04977529650903762, "error_max": 0.29976274280828824, "target": "809.xyz", "model": "1.xyz", "model_rescale": 3.9405287249114394, "target_rescale": 4.0553590266647035},
{"mapping": [0, 2, 5, 1, 11, 4, 10, 8, 9, 3, 6, 7, 12], "R": [[0.3912799040871299, 0.7828287661894695, 0.4838172790257078], [0.9133759643902717, -0.26610915355099585, -0.3081075560100952], [-0.11244725133015854, 0.562463368782933, -0.8191401433488941]], "T": [0.0012772715822386357, -0.030317010694009376, 0.05258363953519753], "aligned_model": [[0.49546553282652617, -0.26551231634518685, -0.21844037363435873, 0.285228891270843, 0.00011304886957521493, -0.17998275962048277, -0.4036455838868966, -0.6795600286748098, -0.6804637455844573, 0.07370529681583396, 0.4786662821711189, 0.5911878370745614, -0.04628099818881572], [-0.5957849378296528, -0.2831426894334369, -0.6953091542957472, 0.1962866716387345, -0.6054798452324766, 0.6224151236619209, 0.026219730475920196, 0.28329278425352145, -0.29793850566736246, 0.34730804571109364, -0.19942295579514668, 0.4843855315529566, -0.028151330408134365], [0.42534894653833766, 0.6262317193411645, 0.24645443595690752, 0.7563226402930957, -0.36789305112474124, 0.23363966332438463, -0.6852023709915519, -0.14439158022968496, -0.2850389723124178, -0.37044493692825564, -0.1445422220097678, -0.07389430668934953, 0.12662438178568383]], "inverted": false, "swapped": false, "error_lsq": 0.0578978462987576, "error_max": 0.3449988635343365, "target": "809.xyz", "model": "2.xyz", "model_rescale": 3.932901565614263, "target_rescale": 4.0553590266647035},
{"mapping": [10, 9, 12, 11, 6, 8, 4, 7, 5, 0, 1, 3, 13], "R": [[0.6671295882069391, 0.5507688515059861, -0.5015892590054309], [-0.6992727699920473, 0.6951299357351767, -0.1667691985723347], [0.2568184294136415, 0.4620043773121489, 0.8488794081952538]], "T": [0.015758390576269474, 0.01415674967105747, -0.00538409227726697], "aligned_model": [[0.33712251152562794, -0.5782790516302155, -0.2537448524818211, 0.49619629312631053, -0.03957110648498416, -0.10372601804436694, -0.3658423351796961, -0.5872975282164675, -0.5768514899317324, 0.23612933088348614, 0.6917729790605847, 0.2187876198889327, -0.02421526942220681], [-0.548454479972917, -0.027998482649118084, -0.620218814361074, 0.05819877505481057, -0.6296736448913226, 0.48116573091656895, -0.02778161738691977, 0.38152856728808254, -0.3837054085230753, 0.312741552703698, -0.1313599963507951, 0.4812003139045074, -0.09096402710025527], [0.3001304676804767, 0.4248895334931889, 0.32334901512085, 0.7462464154596413, -0.22699936809181287, 0.5481615815966376, -0.7901442237880403, -0.11075986642366889, -0.09093476881500973, -0.5632676761987508, -0.271086507952675, 0.03115245427601709, 0.022477290596950365]], "inverted": false, "swapped": false, "error_lsq": 0.05529338098375122, "error_max": 0.4239022166542655, "target": "809.xyz", "model": "3.xyz", "model_rescale": 3.9243930471874484, "target_rescale": 4.0553590266647035},
{"mapping": [4, 7, 8, 2, 10, 1, 11, 9, 9, 6, 3, 5, 12], "R": [[0.4831689003396409, -0.8742441955760256, 0.04738037828268457], [-0.7319829705520966, -0.43305186697614584, -0.525991455567677], [0.4803631382259791, 0.21946108313344004, -0.8491690576225599]], "T": [-0.016637055854117688, -0.08143878767695825, -0.00804787885166523], "aligned_model": [[0.18899971201831336, -0.12105760858574759, -0.4347728031333188, 0.5336339101026851, 0.05338260924293255, -0.2663278373628797, -0.32849230794297857, -0.7051172807526969, -0.7051172807526969, 0.4133570431104101, 0.651993691450987, 0.1533100806822171, 0.01668915501622453], [-0.49846009394719903, -0.16832453741491163, -0.5239535625033872, -0.02952447791515475, -0.6571663900160817, 0.43142601206725084, 0.038045216071307925, -0.001658673617840084, -0.001658673617840084, 0.14836617789391618, -0.15803520655724207, 0.6431601457972983, 0.03246253239207353], [0.3609697619945664, 0.7821837160443318, 0.15220049032507973, 0.7306816107319716, -0.40900011281907145, 0.42181781039947835, -0.7254068935579665, -0.1396438708164311, -0.1396438708164311, -0.5407872779872687, -0.003656667446198896, -0.14839550500171314, 0.0018951559034579603]], "inverted": false, "swapped": false, "error_lsq": 0.06143417861020481, "error_max": 0.3877479094129863, "target": "809.xyz", "model": "4.xyz", "model_rescale": 3.8936222436046832, "target_rescale": 4.0553590266647035},
{"mapping": [2, 1, 8, 4, 7, 5, 3, 11, 10, 0, 9, 12], "R": [[0.7333696352107887, -0.5341515865292329, -0.42053663426519494], [-0.0069611791717293925, 0.6126581073440408, -0.7903173954115884], [0.6797944690384985, 0.5825222108331333, 0.4455865277931379]], "T": [-0.06934478565709612, 0.08207839462611136, -0.025830561058974966], "aligned_model": [[-0.056343883849530096, -0.5119587446166356, -0.30014378845800893, 0.43949262456180316, -0.5933550586924917, -0.7376620104000567, -0.05013641351825948, -0.12393116580250807, 0.6780117640149778, 0.21165657693846085, 0.06207698333784753, 0.009841158699498143], [-0.46782999631151256, -0.5998573867159311, 0.10988368554299269, -0.141859406556606, 0.4620061277044283, -0.03987002852090585, -0.4839737415916524, 0.5557284700969763, -0.004039113243892861, -0.49751291400402875, 0.7029306813593174, 0.07331652735062194], [-0.5043879295598632, -0.027493218501188965, -0.7184427354890744, -0.425110871690358, -0.29386827455852255, 0.24400487007941057, 0.5819344770449871, 0.5273505921207448, 0.10891661332076702, 0.11118267746951721, -0.009662556331616445, 0.024861075370715496]], "inverted": false, "swapped": true, "error_lsq": 0.05028937273339401, "error_max": 0.2635120084721971, "target": "809.xyz", "model": "5.xyz", "model_rescale": 3.6523030999806103, "target_rescale": 4.0553590266647035},
{"mapping": [6, 9, 8, 10, 1, 9, 0, 7, 5, 3, 2, 4, 12], "R": [[0.3433222461913393, 0.8823750940409898, 0.32178257983658465], [0.8494448994364099, -0.14554162026205003, -0.5072090294868228], [-0.4007158570503554, 0.44747271446162146, -0.7994966990055352]], "T": [-0.022742799492461684, -0.0564355609405878, 0.05856498609992351], "aligned_model": [[0.2812074830159346, -0.3317046405006731, -0.3932001072802421, 0.43786830560445, 0.16177010334982858, -0.3317046405006731, -0.2995958522268651, -0.47896683271871365, -0.5954369173968552, -0.001795092101582317, 0.6768231302910059, 0.41046855020332834, -0.08525240664549191], [-0.5474602484273126, 0.16529426240858108, -0.5122381017288877, 0.0809596393292282, -0.5209879632646442, 0.16529426240858108, -0.11803386303672816, 0.41761535265453376, -0.31389200894964775, 0.29232999607015453, -0.14291986230907613, 0.31688300291752125, -0.028165999440112652], [0.3571172329743018, 0.6734156520497985, 0.3882747517788469, 0.6730835053255138, -0.42363924467071373, 0.6734156520497985, -0.8936544039931427, -0.12569955884452888, -0.20533111975048718, -0.5419052319342703, -0.22310789103260215, 0.012818092209864448, -0.021573089208574273]], "inverted": false, "swapped": false, "error_lsq": 0.06320671868177785, "error_max": 0.35401953559179666, "target": "809.xyz", "model": "6.xyz", "model_rescale": 4.08911054899281, "target_rescale": 4.0553590266647035},
{"mapping": [9, 0, 3, 1, 8, 2, 5, 7, 4, 12, 11, 13, 14], "R": [[-0.055924899961409785, 0.32898314491913005, -0.9426783629231261], [-0.9550197192545193, -0.2930150685692489, -0.04560159455959523], [-0.2912211211422097, 0.8977261608923277, 0.33057222909705725]], "T": [-0.03248322980937411, -0.05923625816536661, -0.06344712974706816], "aligned_model": [[0.37097680699979063, -0.33266862052289037, -0.4383291268898851, 0.34897831551700287, 0.039890654851226295, -0.23730045227235896, -0.4318858567906761, -0.5138140648101458, -0.5372818419247293, 0.26048633590001447, 0.5422936314812812, 0.2909503762082054, 0.08818492534661594], [-0.5796641644979396, -0.21630604030842815, -0.6101371001316537, 0.0911039158903119, -0.7207193101122129, 0.4853755411741394, 0.0328575858709185, 0.5388396040696332, -0.4760519083419013, 0.32272306892919794, -0.07399747131572644, 0.5973165509786937, -0.13666180357284186], [0.36191401200900797, 0.8139775096628322, 0.334357855653473, 0.5446901741223097, -0.21295019356585332, 0.4947530464388484, -0.7057068085642764, -0.16302049378972933, -0.32477559103014114, -0.5890684991991832, -0.18153493296293427, -0.04849274393113741, 0.01907101211058894]], "inverted": true, "swapped": false, "error_lsq": 0.04744572881855814, "error_max": 0.3151315240815683, "target": "809.xyz", "model": "7.xyz", "model_rescale": 3.964800864290218, "target_rescale": 4.0553590266647035},
{"mapping": [2, 12, 7, 4, 1, 11, 5, 10, 8, 3, 0, 6, 13], "R": [[-0.2290139228792395, 0.3586374625139487, -0.9049485032912192], [-0.7341466820344981, 0.5468284301984795, 0.40250132569272895], [0.6392036235701417, 0.7565433486643198, 0.13806117921623692]], "T": [-0.01761014388609155, -0.050105172441311956, 0.030265768599330015], "aligned_model": [[0.4482747143652429, -0.39725134670462764, -0.2039613722375702, 0.3093686377539186, 0.043749682963203314, -0.21146766586685878, -0.4473045988786993, -0.5540622641418863, -0.7091408296885022, 0.32848631613046464, 0.6141240311845679, 0.3211750623735376, -0.09150928415933934], [-0.4155298476649736, -0.20338299493098355, -0.6934803926341918, 0.13958445950774573, -0.7290329846276886, 0.5798445251615815, -0.003294696789018413, 0.47741047045114693, -0.3391770931876145, 0.2774973985882067, -0.19300180975665618, 0.41230235688427486, -0.05506092236963836], [0.3269555617232379, 0.6651306389015773, 0.2715015675500066, 0.6237269003527817, -0.28344092348937766, 0.5329743960916176, -0.685445190996925, -0.30000742465747915, -0.14084915371012724, -0.5164119166241153, -0.275760138170838, 0.11920217296315447, 0.005637857020291716]], "inverted": false, "swapped": false, "error_lsq": 0.05016324146535412, "error_max": 0.3208107672227142, "target": "809.xyz", "model": "8.xyz", "model_rescale": 4.121658175737393, "target_rescale": 4.0553590266647035},
{"mapping": [0, 10, 3, 0, 2, 5, 8, 7, 11, 6, 1, 9, 12], "R": [[-0.49681626262530976, -0.5948634034377868, -0.6319106997364679], [-0.28313877600812065, -0.5771870097263873, 0.7659553442099187], [-0.8203694501330743, 0.559457493518073, 0.11832699706674216]], "T": [-0.07752268422844345, 0.006239783852216435, -0.014499019102142557], "aligned_model": [[0.3920735269789145, -0.4479060373833076, -0.3533017254286427, 0.3920735269789145, 0.12582941714208362, -0.09452793717672105, -0.2935190429515536, -0.5457647075590139, -0.6882033246214594, 0.22619778980004296, 0.5746455189239383, 0.15566119110232896, 0.007222887287926569], [-0.28131629886650555, -0.17727765612574187, -0.7051783760832986, -0.28131629886650555, -0.6173345279857924, 0.3385789937405873, -0.13559866542510665, 0.46925241141168805, -0.15879506077146663, 0.23607795708619433, -0.20278717562430543, 0.7858248208743898, -0.015451654731945964], [0.5472973326423629, 0.622382721509928, 0.18678216138596704, 0.5472973326423629, -0.24286156275330795, 0.5060577762801817, -0.6955135307333274, -0.16139906886718802, -0.06802219223973618, -0.5933861738001481, -0.09141508194031003, -0.19074392646631785, -0.02326144070666198]], "inverted": false, "swapped": false, "error_lsq": 0.05321706010694339, "error_max": 0.32477902780044143, "target": "809.xyz", "model": "9.xyz", "model_rescale": 3.833441315466971, "target_rescale": 4.0553590266647035},
{"mapping": [1, 13, 0, 5, 12, 2, 11, 8, 10, 7, 6, 3, 14], "R": [[0.4790025866992603, -0.12344852554766082, 0.8690897442010959], [0.5486920260883247, -0.7307075720202246, -0.4062062341956333], [0.6851960175325795, 0.6714364495113571, -0.28227559551806125]], "T": [0.023377105567507377, -0.060988401263687694, -0.018120775622296286], "aligned_model": [[0.30222730588254276, -0.35784544105126653, -0.22714373897695572, 0.218046247807242, 0.10523875678831324, -0.12048398569812846, -0.2477789753150738, -0.6587611873011722, -0.722149202803124, 0.09946396398653634, 0.6422840003067836, 0.39503848299113814, 0.022344856476615986], [-0.6876900385104414, -0.020019921159237633, -0.541156500014562, -0.04767402704420014, -0.558819867361746, 0.4717274874840381, -0.06692654698781823, 0.26977716956197456, -0.3790957690321176, 0.3549143313635727, -0.2978647999360563, 0.7235988129703629, 0.033908137298421334], [0.2559167337999141, 0.6809339396912354, 0.39479672835926916, 0.6294607667071622, -0.347487681568892, 0.44249622712859626, -0.6440410575027676, -0.1993412185511154, -0.15506006734884595, -0.5330476478584579, -0.16669195533461797, 0.0066294474000073815, -0.0213498679676827]], "inverted": true, "swapped": false, "error_lsq": 0.04884420046519127, "error_max": 0.29973665602251964, "target": "809.xyz", "model": "10.xyz", "model_rescale": 4.2482417240324, "target_rescale": 4.0553590266647035},
{"mapping": [2, 1, 5, 3, 6, 9, 7, 11, 0, 10, 4, 12], "R": [[0.5773902809926617, 0.7034080561058446, 0.41453295408279933], [0.25503675426667205, 0.3269275433767278, -0.9099860632750256], [-0.7756137681786832, 0.6311382479196257, 0.009369878580265677]], "T": [-0.006296534453809517, 0.11045430907008122, -0.005457477461199539], "aligned_model": [[-0.5348784400973533, -0.01962477199499308, 0.33252803478623233, 0.5348975476210722, -0.522811352974871, 0.054682167541783004, -0.16676179970842642, 0.593628154140436, 0.03578977824113557, 0.023517134910145683, -0.4870392139973616, 0.032838363895207404], [-0.3691207469151876, -0.6901592948193775, -0.27674475063941006, -0.42674210812385294, 0.6745156353426501, 0.7314585623457251, 0.26324892112285997, 0.5005083120389725, -0.3161225739731751, 0.3210835826167261, 0.12261865824467463, 0.13158719281003461], [-0.1544351654580183, 0.13520703946246318, 0.5137778161516298, -0.335141112025542, 0.3211339390727026, 0.11127282280813064, 0.659133200807109, 0.14042500232037528, -0.5053788547687387, -0.7395291992616521, -0.49251693991846923, -0.08875625933563382]], "inverted": false, "swapped": true, "error_lsq": 0.05961897491280236, "error_max": 0.4267881356119178, "target": "809.xyz", "model": "11.xyz", "model_rescale": 3.6694154284099745, "target_rescale": 4.0553590266647035},
{"mapping": [2, 9, 10, 8, 12, 11, 5, 6, 7, 0, 1, 4, 13], "R": [[-0.2828058679647838, -0.5482646110809075, 0.7870366937322472], [-0.8186808640607304, 0.5655150039181456, 0.09977185557178114], [-0.49978243653159893, -0.6161158142587817, -0.6087847070638168]], "T": [-0.050638119396070144, -0.04855236103982426, 0.01387370618995666], "aligned_model": [[0.42211091416429536, -0.48894463870107024, -0.22421735626565126, 0.18683593138758864, 0.05470696862620568, -0.2569356781394436, -0.5149060052464095, -0.34244497510012734, -0.7559362177954914, 0.19545234521713012, 0.7625782895177727, 0.3851801778166789, 0.027001327611972784], [-0.4273039509168039, -0.14123850211286254, -0.6174849252488148, -0.05300017105703722, -0.6060373393622577, 0.49268511662950093, -0.10689109933778489, 0.3846418056348228, -0.28226694507364125, 0.21499094214760212, -0.1474046185604992, 0.5495612492789566, -0.005573093388990397], [0.25753157662659526, 0.6801941555818493, 0.23684180529563423, 0.7323332690753991, -0.36013352855411096, 0.4716203161498183, -0.6385239595466248, -0.20302812961794928, 0.02374305640182507, -0.6031532583723533, -0.19915398580782565, 0.014955702634459346, -0.0700126729129119]], "inverted": true, "swapped": false, "error_lsq": 0.05224451855345434, "error_max": 0.28272184809340895, "target": "809.xyz", "model": "12.xyz", "model_rescale": 3.9764082729961374, "target_rescale": 4.0553590266647035},
{"mapping": [14, 11, 13, 3, 6, 8, 9, 1, 12, 0, 4, 7, 15], "R": [[-0.021370408646251865, 0.9506541897485461, -0.30951561696920543], [-0.8389135646135675, -0.18545646185191209, -0.5116932009170422], [-0.5438449565286512, 0.24872175673009778, 0.8014799754126387]], "T": [-0.1085759723382248, -0.0670641284003909, -0.06135789398694143], "aligned_model": [[0.163825620199333, -0.28462776009988405, -0.3372524487288235, 0.35105416801460787, 0.2499096659600717, -0.2169925391130323, -0.30526845114572976, -0.6119616254579703, -0.6917814404841082, 0.15221854805409307, 0.5433687618783426, 0.4440152947631283, -0.006026710746577166], [-0.5436845004706758, -0.16104930455454947, -0.5996850702343752, 0.1444042215734081, -0.7410728189546064, 0.40222126118350426, 0.0605138306258642, 0.315002761685416, -0.2716419748535905, 0.3743767211820395, -0.10334525354411052, 0.4482845089169948, -0.06964591392312826], [0.5195366169921647, 0.707223431208126, 0.13486276662849556, 0.6112970832132616, -0.09066894805339319, 0.4560103576679167, -0.6150139782747208, -0.12420973560166924, -0.22020631737722973, -0.575385255083162, -0.360549246243024, -0.07096895331590909, -0.028713474807052296]], "inverted": false, "swapped": false, "error_lsq": 0.04692578660452914, "error_max": 0.3358001646378893, "target": "809.xyz", "model": "13.xyz", "model_rescale": 4.170626492500431, "target_rescale": 4.0553590266647035},
{"mapping": [0, 7, 8, 1, 4, 9, 5, 11, 12, 6, 2, 3, 13], "R": [[0.3219285918646559, 0.3717788609703879, 0.8707137648364137], [0.8056277472977751, 0.37551759933704404, -0.45820351959806693], [-0.4973187252898815, 0.8489799827579594, -0.17862551428153578]], "T": [-0.007598087150661993, -0.09056397684367085, 0.06111228823970355], "aligned_model": [[0.3891049508420745, -0.15776192146707227, -0.368519765756132, 0.25483885366913833, 0.01241124728021533, -0.3283561651950565, -0.45702052468345705, -0.32713210338590426, -0.63073301314023, 0.14450688015983335, 0.5894409595355823, 0.3753330173136089, -0.0456313320791498], [-0.34100923322121485, -0.40250816559106184, -0.7168582423900622, 0.21101163110076654, -0.6873348355008373, 0.5154162596180394, 0.06258204895115052, 0.4911562823000755, -0.336690323617382, 0.2625807407406981, -0.25231283748321376, 0.47856912476455243, -0.02992398103932012], [0.42957162077614824, 0.794304929268604, 0.23154505404851078, 0.7176132209743298, -0.32167655614613083, 0.49263128764871555, -0.7146361218660215, -0.18211436264677788, -0.23355838661949524, -0.6869800552526069, -0.16319520171579255, -0.009065246039160563, -0.01122583547651812]], "inverted": true, "swapped": false, "error_lsq": 0.04868342188173657, "error_max": 0.28286136474153, "target": "809.xyz", "model": "14.xyz", "model_rescale": 3.9786697098870705, "target_rescale": 4.0553590266647035},
{"mapping": [8, 1, 4, 6, 0, 10, 5, 11, 9, 7, 3, 12], "R": [[-0.24700364607499556, 0.15850531326590853, 0.9559630037256329], [-0.9267394889877932, 0.24957239163006625, -0.28083365340837], [-0.2830955993587715, -0.9552956018963581, 0.08524784232561511]], "T": [0.053691312661919, 0.014037782673702048, -0.012059318546745187], "aligned_model": [[0.1604977150387008, -0.6891333730067145, 0.38635268597863154, 0.641121516341332, -0.18726448945092478, 0.44903163552690367, -0.5672579607746062, 0.1344493792414744, 0.5434979584049844, 0.04715183530026658, -0.5181508360910732, 0.0830585302583619], [-0.5792533167721162, -0.034503763916234456, 0.20953209045195548, -0.573988401198933, 0.513834306710401, 0.6483377809539326, -0.23931292424528194, 0.1328052308965614, -0.1215171404509378, -0.6583735012046986, 0.6138039275220033, 0.10331020147778718], [-0.42479531382139996, -0.3388642995157349, -0.5773970951228914, -0.03972976825730308, -0.36674821651398204, -0.17169759654272226, 0.27874286476025406, 0.7039755151374427, 0.3683417333538449, 0.1844002574875154, 0.04658752639648517, -0.002849113487678516]], "inverted": true, "swapped": true, "error_lsq": 0.065792513003384, "error_max": 0.31735958937819536, "target": "809.xyz", "model": "15.xyz", "model_rescale": 3.769337070930944, "target_rescale": 4.0553590266647035},
{"mapping": [9, 11, 4, 10, 6, 7, 8, 5, 2, 0, 12], "R": [[-0.9993851838487476, 0.033770613257343984, 0.00942337433343764], [-0.03501743627256579, -0.9480712850974394, -0.31612437035221913], [-0.0017416832381297192, -0.3162599943937157, 0.9486709558564473]], "T": [-0.06431760314671306, -0.027534818502812995, 0.05465312386647461], "aligned_model": [[-0.16158800218529756, -0.37615511371000854, -0.1912422267768062, -0.7185792156741448, 0.33720800963469477, 0.5146428146023873, 0.564489945967001, 0.2608667332849197, 0.2284569655233402, -0.3779714761745099, -0.15750230380040525], [-0.16382988194581657, -0.614294772888321, 0.6450551115967569, 0.36297812482779374, 0.1899249886665992, -0.282605722152992, 0.31819269462379846, -0.5907838150977608, 0.5054278356401802, 0.2383849982680271, -0.012385063912923095], [-0.5576807497975729, -0.24833792890469783, 0.05349504799010718, -0.004980943302242205, -0.640403064832103, -0.2462118512595652, -0.08255653654616427, 0.3883239285049963, 0.45692079351795445, 0.5690152310783582, 0.056633680774706284]], "inverted": false, "swapped": true, "error_lsq": 0.04840987416126206, "error_max": 0.2451586802296242, "target": "809.xyz", "model": "16.xyz", "model_rescale": 3.7852294659196426, "target_rescale": 4.0553590266647035},
{"mapping": [5, 7, 6, 1, 10, 2, 9, 8, 11, 0, 4, 3, 12], "R": [[-0.8048186070497566, -0.3740580664705899, -0.4608118625369507], [0.48246500848637885, -0.8645115809771423, -0.1408802397167199], [-0.34567980174249135, -0.33570863745916024, 0.876244934594538]], "T": [-0.02275110512652809, 0.007324384178956395, 0.03865563983442422], "aligned_model": [[0.3604162458271518, -0.30506978594618767, -0.258383362836936, 0.37482268249150413, -0.0731971638988615, -0.2775431100194407, -0.3910128357824183, -0.41997767650167095, -0.7476959392911342, 0.33042333892438, 0.6232411106269475, 0.30766497253323993, -0.07320739303312371], [-0.39955626389498056, -0.28149357176547807, -0.8218210348222892, 0.19693207612297556, -0.6755339210819126, 0.3615659375023318, -0.06349244655065168, 0.39303484553197665, -0.09665116245445847, 0.2004606744670367, -0.24862039005826456, 0.7306834062341493, -0.040829680598244204], [0.38483468302805157, 0.6116367529269479, 0.24934154154009014, 0.5680308950190459, -0.38609700038071576, 0.4672358273979199, -0.7402089566979796, -0.3043376578389535, 0.07835636468433066, -0.5124462937330528, -0.09908692735585031, 0.04715928598447642, -0.021204167620505886]], "inverted": false, "swapped": false, "error_lsq": 0.05617637300429565, "error_max": 0.36950286074004135, "target": "809.xyz", "model": "17.xyz", "model_rescale": 3.901054581598922, "target_rescale": 4.0553590266647035},
{"mapping": [7, 11, 12, 6, 3, 10, 2, 5, 13, 8, 0, 4, 14], "R": [[-0.24502610649437215, 0.7343933078191753, 0.6329523493649573], [0.6306480050184995, 0.6165900636450132, -0.4712746409265255], [-0.7363730718205247, 0.2836955460430227, -0.6142243370731543]], "T": [-0.023505638055825034, 0.007205156757541797, 0.03013462230322836], "aligned_model": [[0.3656369713676767, -0.22469814132762092, -0.2631000799220594, 0.3887025401526606, -0.06680094567255121, -0.3124313161729607, -0.16974871244607334, -0.49851027462543973, -0.6043398203104743, 0.10676241089654112, 0.47538642678930443, 0.3124053234962848, -0.05878329913183719], [-0.4574835230204246, -0.13200790243070906, -0.6265892466982059, -0.00015252812766978346, -0.6893013751680104, 0.6243186655550843, -0.14970635534994076, 0.25156529009836603, -0.321485170494726, 0.45998147799979056, -0.4002983719253906, 0.7174106445692112, -0.021573136375184276], [0.29903885100653993, 0.7896557146405992, 0.3348874100709399, 0.6576344450612209, -0.28036506664377814, 0.48636550454707594, -0.768445268846768, -0.2935083406461353, -0.2563902802723572, -0.43724326601023566, -0.3705549086867975, 0.12149085307669014, 0.060648699656810565]], "inverted": true, "swapped": false, "error_lsq": 0.04977529650903762, "error_max": 0.29976274280828824, "target": "809.xyz", "model": "18.xyz", "model_rescale": 3.9405287249114394, "target_rescale": 4.0553590266647035},
{"mapping": [11, 5, 9, 10, 13, 6, 4, 0, 7, 12, 14, 1, 15], "R": [[0.4994924660153007, -0.46057255077116677, 0.7337439620672151], [-0.15369197499675444, -0.880644109100058, -0.4481570371298015], [0.8525761275191505, 0.11108050496602129, -0.510661402693549]], "T": [-0.016018256418778753, -0.005531196637157197, -0.03080377044301409], "aligned_model": [[0.2346998857774799, -0.3609845873976708, -0.3762309223163311, 0.5944303151404698, 0.1482876090402882, -0.3568627022650568, -0.4153943231107304, -0.4665361591492346, -0.5755890365381549, 0.24983704007155372, 0.6897164778791665, 0.08523779120005663, -0.00013030523838572158], [-0.5459844246471702, -0.09124857529567945, -0.6175746610544721, -0.02737885786752666, -0.6147938208391898, 0.4822645407379736, 0.09729841153366281, 0.48932744343040246, -0.39108425037990857, 0.13397503224851523, -0.30793918523327385, 0.6447544698445562, 0.0030623461543010377], [0.37449108938995945, 0.7208034436294299, 0.26015925117238703, 0.46394794317358584, -0.26130861355518553, 0.4210411564142166, -0.6346165374935127, -0.18835631287184373, -0.21480087294078326, -0.48905919664059727, -0.13193168604916722, 0.01813689535225731, 0.0047077873730584675]], "inverted": false, "swapped": false, "error_lsq": 0.045824256379057196, "error_max": 0.2963638557455235, "target": "809.xyz", "model": "19.xyz", "model_rescale": 4.410303926677745, "target_rescale": 4.0553590266647035},
{"mapping": [2, 12, 7, 4, 1, 11, 5, 10, 8, 3, 0, 6, 13], "R": [[-0.2290139228792395, 0.3586374625139487, -0.9049485032912192], [-0.7341466820344981, 0.5468284301984795, 0.40250132569272895], [0.6392036235701417, 0.7565433486643198, 0.13806117921623692]], "T": [-0.01761014388609155, -0.050105172441311956, 0.030265768599330015], "aligned_model": [[0.4482747143652429, -0.39725134670462764, -0.2039613722375702, 0.3093686377539186, 0.043749682963203314, -0.21146766586685878, -0.4473045988786993, -0.5540622641418863, -0.7091408296885022, 0.32848631613046464, 0.6141240311845679, 0.3211750623735376, -0.09150928415933934], [-0.4155298476649736, -0.20338299493098355, -0.6934803926341918, 0.13958445950774573, -0.7290329846276886, 0.5798445251615815, -0.003294696789018413, 0.47741047045114693, -0.3391770931876145, 0.2774973985882067, -0.19300180975665618, 0.41230235688427486, -0.05506092236963836], [0.3269555617232379, 0.6651306389015773, 0.2715015675500066, 0.6237269003527817, -0.28344092348937766, 0.5329743960916176, -0.685445190996925, -0.30000742465747915, -0.14084915371012724, -0.5164119166241153, -0.275760138170838, 0.11920217296315447, 0.005637857020291716]], "inverted": false, "swapped": false, "error_lsq": 0.05016324146535412, "error_max": 0.3208107672227142, "target": "809.xyz", "model": "20.xyz", "model_rescale": 4.121658175737393, "target_rescale": 4.0553590266647035},
{"mapping": [6, 9, 8, 10, 1, 9, 0, 7, 5, 3, 2, 4, 12], "R": [[0.3433222461913393, 0.8823750940409898, 0.32178257983658465], [0.8494448994364099, -0.14554162026205003, -0.5072090294868228], [-0.4007158570503554, 0.44747271446162146, -0.7994966990055352]], "T": [-0.022742799492461684, -0.0564355609405878, 0.05856498609992351], "aligned_model": [[0.2812074830159346, -0.3317046405006731, -0.3932001072802421, 0.43786830560445, 0.16177010334982858, -0.3317046405006731, -0.2995958522268651, -0.47896683271871365, -0.5954369173968552, -0.001795092101582317, 0.6768231302910059, 0.41046855020332834, -0.08525240664549191], [-0.5474602484273126, 0.16529426240858108, -0.5122381017288877, 0.0809596393292282, -0.5209879632646442, 0.16529426240858108, -0.11803386303672816, 0.41761535265453376, -0.31389200894964775, 0.29232999607015453, -0.14291986230907613, 0.31688300291752125, -0.028165999440112652], [0.3571172329743018, 0.6734156520497985, 0.3882747517788469, 0.6730835053255138, -0.42363924467071373, 0.6734156520497985, -0.8936544039931427, -0.12569955884452888, -0.20533111975048718, -0.5419052319342703, -0.22310789103260215, 0.012818092209864448, -0.021573089208574273]], "inverted": false, "swapped": false, "error_lsq": 0.06320671868177785, "error_max": 0.35401953559179666, "target": "809.xyz", "model": "21.xyz", "model_rescale": 4.08911054899281, "target_rescale": 4.0553590266647035},
{"mapping": [1, 15, 11, 2, 8, 14, 10, 9, 5, 7, 0, 13, 16], "R": [[-0.07343487891332284, -0.9092962577195316, -0.40961888903740906], [0.9820217341152693, -0.13754737232849806, 0.12928276795754862], [-0.1738983389346357, -0.3927607873283446, 0.903049462462048]], "T": [0.0024933034493946904, 0.0022664641183724327, 0.026657346236806084], "aligned_model": [[0.3323475006725738, -0.2481333127640858, -0.3823575874274008, 0.35318489226926864, -0.03827081020193901, -0.28146017815115454, -0.3700719459003813, -0.6716314368868282, -0.5665324458753145, 0.2388412830935848, 0.7272804703661908, 0.31227783669218856, 0.04500681720674857], [-0.6291398717995481, -0.1127188170933187, -0.5994818673041029, -0.02077237455450811, -0.6679869134339056, 0.4695919279173573, 0.1335709541913428, 0.2109065252123179, -0.2721498074866385, 0.2856580189404273, -0.1355222815036411, 0.5722093826157209, 0.020513592930687396], [0.37668681471481563, 0.7015437827905588, 0.30176054083848863, 0.6573224323299323, -0.1461451855098612, 0.3625143353245038, -0.6769687441539308, -0.07118319206840422, -0.2874038905181078, -0.581310619352732, -0.20951467249511513, -0.09955112672165838, 0.015463871775314931]], "inverted": false, "swapped": false, "error_lsq": 0.04127833570717602, "error_max": 0.2544216134329096, "target": "809.xyz", "model": "22.xyz", "model_rescale": 4.204369325754507, "target_rescale": 4.0553590266647035},
{"mapping": [11, 5, 9, 10, 13, 6, 4, 0, 7, 12, 14, 1, 15], "R": [[0.4994924660153007, -0.46057255077116677, 0.7337439620672151], [-0.15369197499675444, -0.880644109100058, -0.4481570371298015], [0.8525761275191505, 0.11108050496602129, -0.510661402693549]], "T": [-0.016018256418778753, -0.005531196637157197, -0.03080377044301409], "aligned_model": [[0.2346998857774799, -0.3609845873976708, -0.3762309223163311, 0.5944303151404698, 0.1482876090402882, -0.3568627022650568, -0.4153943231107304, -0.4665361591492346, -0.5755890365381549, 0.24983704007155372, 0.6897164778791665, 0.08523779120005663, -0.00013030523838572158], [-0.5459844246471702, -0.09124857529567945, -0.6175746610544721, -0.02737885786752666, -0.6147938208391898, 0.4822645407379736, 0.09729841153366281, 0.48932744343040246, -0.39108425037990857, 0.13397503224851523, -0.30793918523327385, 0.6447544698445562, 0.0030623461543010377], [0.37449108938995945, 0.7208034436294299, 0.26015925117238703, 0.46394794317358584, -0.26130861355518553, 0.4210411564142166, -0.6346165374935127, -0.18835631287184373, -0.21480087294078326, -0.48905919664059727, -0.13193168604916722, 0.01813689535225731, 0.0047077873730584675]], "inverted": false, "swapped": false, "error_lsq": 0.045824256379057196, "error_max": 0.2963638557455235, "target": "809.xyz", "model": "23.xyz", "model_rescale": 4.410303926677745, "target_rescale": 4.0553590266647035},
{"mapping": [10, 3, 4, 1, 9, 0, 6, 12, 5, 13, 11, 7, 16], "R": [[-0.9851496265503283, -0.1713350478290809, -0.011158615198820894], [0.11580776182197114, -0.71104520343046, 0.6935440007528876], [-0.12676267435461594, 0.6819523590867197, 0.720327845030666]], "T": [-0.004756756156262844, -0.1531608647256567, -0.07708576458092235], "aligned_model": [[0.26534678086958885, -0.20509262240170656, -0.4347667488827442, 0.4473352677241037, 0.26257271080731714, -0.3481245538958753, -0.35126387334149856, -0.5127772409434131, -0.6258154414898561, 0.06828479831278239, 0.62592393941248, 0.27554159180948395, -0.01668352488721147], [-0.6040754633504444, -0.17760104991499093, -0.5295488805925881, 0.12706810559984916, -0.6878379491914718, 0.3753558939624444, 0.032804478825854744, 0.4534517161304331, -0.19114402438724726, 0.338100545845253, -0.18343745195878358, 0.44006805810341076, -0.1385255104395291], [0.306976795829209, 0.7995665055226004, 0.30672127112618447, 0.5962788288633707, -0.2643699205271418, 0.3390324906632323, -0.7276607398893359, -0.21890324787349869, -0.16898474380138745, -0.5745933340045064, -0.12232595813935312, 0.029887026020403898, 0.041589373164027624]], "inverted": true, "swapped": false, "error_lsq": 0.04511451836340988, "error_max": 0.249082644860974, "target": "809.xyz", "model": "24.xyz", "model_rescale": 4.28219845311461, "target_rescale": 4.0553590266647035},
{"mapping": [8, 6, 0, 10, 1, 14, 7, 13, 4, 9, 5, 12, 15], "R": [[-0.6247082356774638, -0.5535154930243177, 0.5507814623412781], [0.4898273436556829, 0.2715346292456491, 0.8284552604260806], [-0.608119062095547, 0.7873306447119115, 0.10149710445898358]], "T": [-0.07565324801876927, -0.0224065139834234, -0.04831669388778391], "aligned_model": [[0.3497107831190452, -0.17409978169551854, -0.5569053225610194, 0.36800796736679553, 0.08752592952999136, -0.11030450352606386, -0.3744554877638291, -0.43971065501131473, -0.6359077505884279, 0.2755397465841384, 0.7118679672072825, 0.0728271309323178, -0.12361494049994591], [-0.4070917366246103, -0.3363979735861349, -0.5898139588131863, 0.08349129850669008, -0.6371614520677539, 0.4510514301680779, 0.1405665385788653, 0.4220780504815428, -0.3897055139353398, 0.19447431324350478, -0.3319963007921716, 0.7273168659627595, -0.0721330924900537], [0.3428722341565982, 0.7906795982760211, 0.2863464267818619, 0.6010331333242438, -0.12129834200641851, 0.5473186731835736, -0.7481045270287225, -0.19935355463130505, -0.34132677905629516, -0.5835735212165671, -0.14446855495525263, -0.06529700194261633, -0.021613437931316665]], "inverted": false, "swapped": false, "error_lsq": 0.05105503935177655, "error_max": 0.2765179786784393, "target": "809.xyz", "model": "25.xyz", "model_rescale": 4.100010024507729, "target_rescale": 4.0553590266647035},
{"mapping": [2, 1, 5, 3, 6, 9, 7, 11, 0, 10, 4, 12], "R": [[0.5773902809926617, 0.7034080561058446, 0.41453295408279933], [0.25503675426667205, 0.3269275433767278, -0.9099860632750256], [-0.7756137681786832, 0.6311382479196257, 0.009369878580265677]], "T": [-0.006296534453809517, 0.11045430907008122, -0.005457477461199539], "aligned_model": [[-0.5348784400973533, -0.01962477199499308, 0.33252803478623233, 0.5348975476210722, -0.522811352974871, 0.054682167541783004, -0.16676179970842642, 0.593628154140436, 0.03578977824113557, 0.023517134910145683, -0.4870392139973616, 0.032838363895207404], [-0.3691207469151876, -0.6901592948193775, -0.27674475063941006, -0.42674210812385294, 0.6745156353426501, 0.7314585623457251, 0.26324892112285997, 0.5005083120389725, -0.3161225739731751, 0.3210835826167261, 0.12261865824467463, 0.13158719281003461], [-0.1544351654580183, 0.13520703946246318, 0.5137778161516298, -0.335141112025542, 0.3211339390727026, 0.11127282280813064, 0.659133200807109, 0.14042500232037528, -0.5053788547687387, -0.7395291992616521, -0.49251693991846923, -0.08875625933563382]], "inverted": false, "swapped": true, "error_lsq": 0.05961897491280236, "error_max": 0.4267881356119178, "target": "809.xyz", "model": "26.xyz", "model_rescale": 3.6694154284099745, "target_rescale": 4.0553590266647035},
{"mapping": [10, 2, 11, 4, 9, 0, 3, 6, 12, 7, 8, 5, 13], "R": [[-0.37777485924711657, 0.9215914292421099, -0.08919301131986868], [-0.2538102492890346, -0.19571673980770823, -0.947246174505276], [-0.8904305211955952, -0.3352076898081648, 0.3078462142317391]], "T": [0.008532497871214281, -0.006785364131963248, 0.006450089401265024], "aligned_model": [[0.2415468106486423, -0.4053252789826243, -0.41343351856546146, 0.45323296876507974, 0.07593038201582676, -0.020886271255087522, -0.34208235393972364, -0.6278260675938033, -0.6725643386948261, 0.1851443506506384, 0.6321242686007912, 0.36979257573866137, -0.025172444294662276], [-0.47504929439406307, -0.06710081215704082, -0.7085132587754451, -0.000651328629462003, -0.5517534838450946, 0.47426706675587477, -0.02477720207622676, 0.24355383230042954, -0.3818265515112544, 0.2013901421032782, -0.1392087466926772, 0.6947059691691442, -0.010357863615272522], [0.3036435306966456, 0.5423730628502629, 0.2627665190287497, 0.6976334477687495, -0.3976919761889385, 0.45883978633648104, -0.7212701451604268, -0.05328678943651913, -0.1522446501029579, -0.560647553672627, -0.037760131810337313, -0.05168393818835522, 0.05254318483307803]], "inverted": false, "swapped": false, "error_lsq": 0.048922878791154215, "error_max": 0.2896878250905648, "target": "809.xyz", "model": "27.xyz", "model_rescale": 4.103607728864725, "target_rescale": 4.0553590266647035},
{"mapping": [5, 6, 7, 9, 1, 10, 4, 13, 8, 2, 0, 3, 14], "R": [[-0.6810070833194823, 0.011909117484600296, -0.7321799815546923], [0.0034257561813464234, -0.9998049921501934, -0.019448441226421684], [-0.7322688144822758, -0.015752796332384904, 0.680833483859624]], "T": [-0.13728131578673475, 0.10537508081117675, 0.13672783414593168], "aligned_model": [[0.14530803106107326, -0.23395220648063952, -0.3358547482347831, 0.40600088643114085, 0.22993533952076167, -0.06272484064990339, -0.4173438025587454, -0.6564317118368734, -0.6705119126245446, 0.11363961761092084, 0.5172380816254805, 0.4609452927896063, -0.04576694356004288], [-0.5060296050041231, -0.14715749259540784, -0.5876454545794477, 0.013075734311283116, -0.5218929390459573, 0.4623688667452746, -0.031041258233771657, 0.327106516774254, -0.3946823184721783, 0.22790964504567496, -0.11249732086378217, 0.49020475317407386, 0.03495934137629833], [0.42215379931569763, 0.7095710073730939, 0.15602485505787153, 0.742078315637422, -0.38724505771409024, 0.4927784557229242, -0.7144859304744298, -0.1813768177226586, -0.23460450328858265, -0.5439664231993114, -0.047195291048217874, -0.10319277903085064, 0.032674716324936806]], "inverted": false, "swapped": false, "error_lsq": 0.04693649418854817, "error_max": 0.3202607156092927, "target": "809.xyz", "model": "28.xyz", "model_rescale": 4.137296879288765, "target_rescale": 4.0553590266647035},
