[{"mapping": [9, 8, 2, 10, 1, 0, 6, 7, 11, 4, 5, 13], "R": [[-0.6855978518048303, -0.5136663185782923, 0.5158512370430317], [0.6284627433058833, -0.7752607044390584, 0.06328839095046293], [0.36741007862747244, 0.36758366844961876, 0.8543372172696653]], "T": [0.04363980197400723, -0.004661391531717865, -0.07969123220955868], "aligned_model": [[-0.14223397251644948, 0.017683779835311043, 0.4783546348447908, -0.16439724547149115, -0.34044281945640625, -0.6274999057333077, 0.4026966045663452, -0.16791319120115988, 0.6742184762994247, 0.23634723617536474, -0.5923421416841378, 0.0631710068022647], [-0.3394109750442282, -0.5421949864339017, -0.40035642823261475, 0.6398533778051415, 0.29384133940006557, -0.47528434464687586, -0.28985566443651795, -0.49301215891389527, 0.12512862732547497, 0.3935486705192199, 0.09727253203237154, 0.04402504660281764], [-0.5129747710108343, 0.01629420521881135, -0.40514163079475796, -0.012578333942292866, -0.6645839226241342, -0.19722073382738417, 0.47557973115566954, 0.6306730012382018, -0.023969696548192726, 0.5691425980087488, 0.37267352979746515, -0.06594223131773755]], "inverted": true, "swapped": true, "error_lsq": 0.04656173816037485, "error_max": 0.25532966570931936, "target": "81.xyz", "model": "0.xyz", "model_rescale": 3.751011558992144, "target_rescale": 3.9626670920761535},
{"mapping": [0, 4, 6, 10, 13, 2, 12, 3, 7, 1, 5, 11, 9, 14], "R": [[0.9011025086720433, -0.4090693030129139, 0.1437935123622726], [-0.23508313846010453, -0.1822402536246521, 0.9547378739583812], [-0.3643489904977061, -0.8941201235244354, -0.26038244532216676]], "T": [-0.0870897361785382, 0.028993388925463836, 0.018062788863568213], "aligned_model": [[-0.1190577548531064, -0.039624739986256756, 0.6366875588710841, 0.03136780034259312, -0.5040349811024557, -0.8041480609879224, 0.2316997096290535, -0.2022726449458509, 0.4290805069473499, 0.20701422735944314, -0.6330023212255861, 0.5201259897720321, -0.20275632939548532, -0.06863709799872877], [-0.7103409048059113, 0.39873909407785535, 0.0978877700683158, 0.8322202191762218, -0.03108062048292622, -0.37662785422033074, -0.15312230059399728, -0.5874445941128619, -0.3816482316131533, -0.3104620162723023, 0.3029637802937544, 0.38950563198442706, 0.4880903206007281, 0.041363060538857827], [0.18499800502311986, 0.7156365538287048, 0.20548140236750023, 0.13316369822368385, -0.5735874240405714, -0.052908106005583044, -0.6278336958379285, -0.4179911070120638, -0.04989869574370194, 0.5509402944397619, -0.11234319695140754, -0.3534893255020923, -0.44023936896927124, -0.03204014330361462]], "inverted": false, "swapped": false, "error_lsq": 0.049614710017143834, "error_max": 0.2947076739982265, "target": "81.xyz", "model": "1.xyz", "model_rescale": 3.9405287249114394, "target_rescale": 3.9626670920761535},
{"mapping": [0, 8, 9, 4, 6, 1, 5, 7, 11, 3, 12, 10, 13], "R": [[0.09821006570366864, -0.4647563386813983, -0.8799751863830837], [-0.1779495193749368, -0.8781997568485973, 0.4439585066481935], [-0.9791265247906986, 0.1129899673711185, -0.16895122291585674]], "T": [-0.09535304264658191, -0.027865986515630173, -0.09248191382625169], "aligned_model": [[-0.21676564164474643, 0.1793273240933584, -0.4093657883381067, 0.38843849206331565, 0.6028465833644675, -0.8317599308910557, 0.0886585378695162, 0.6535483584991477, 0.08466321916095242, -0.5479255388477416, -0.06945910417595592, -0.3307420655609591, -0.09548116630826115], [0.7904296701338399, 0.31476777467498374, 0.31724778499464007, -0.4144343635205181, -0.1406410565101292, 0.09677266440044767, 0.4254304285598522, 0.43974115590758395, -0.6106668804615444, -0.6422010404402225, -0.7998976715467478, -0.24523540704626512, -0.07248046557390336], [-0.12961483889216247, -0.41803081453401103, -0.43399831015080836, 0.39042945360434705, -0.2280638793225741, 0.052061856025316336, 0.5240888717723823, -0.001110491583203782, -0.30582920475373687, -0.1054010547709209, 0.32228630411512416, 0.5079557474064602, -0.061653289327568285]], "inverted": false, "swapped": true, "error_lsq": 0.055465795921860364, "error_max": 0.3033482445765093, "target": "81.xyz", "model": "2.xyz", "model_rescale": 3.932901565614263, "target_rescale": 3.9626670920761535},
{"mapping": [11, 1, 12, 2, 7, 3, 9, 8, 12, 10, 0, 5, 4, 13], "R": [[0.4461452801355991, -0.6670908589157541, 0.5966105722862859], [-0.11487310248368732, -0.7038037943388182, -0.7010452120940954], [0.8875576371923686, 0.24423350512434683, -0.39062953758795]], "T": [-0.14049738999224165, -0.017219811510417675, -0.0454685217730503], "aligned_model": [[-0.1212057973854023, -0.3457318769475718, 0.61699291399215, -0.1550350466290492, -0.27243612277948753, -0.612742544358587, 0.25021621915518427, -0.33195930326477646, 0.61699291399215, 0.3288746009930416, -0.6576613735858345, 0.3996347144555314, -0.20846785971280304, -0.025029575498382473], [-0.7980645947320539, 0.2014844363566553, -0.11385003253250564, 0.7613555556459866, 0.04351498079177834, -0.21116271384933372, -0.3466620048430739, -0.6658644296937717, -0.11385003253250564, -0.17930307735709028, 0.40063244731464226, 0.24695351512620556, 0.7833438656908072, -0.008484560747062879], [0.38768036410532325, 0.6318909678934295, -0.046390429789873844, 0.25085715611376513, -0.7445007121202811, -0.037975665769933394, -0.5732977140957245, -0.3307564826120949, -0.046390429789873844, 0.4708302186013771, 0.037544929013001604, -0.4395109673207691, -0.3885490058140332, -0.041543337897776256]], "inverted": false, "swapped": false, "error_lsq": 0.05612847085901771, "error_max": 0.48380467136103955, "target": "81.xyz", "model": "3.xyz", "model_rescale": 3.9243930471874484, "target_rescale": 3.9626670920761535},
{"mapping": [8, 9, 7, 6, 4, 2, 11, 5, 10, 1, 12, 3, 13], "R": [[-0.5599727764226491, -0.30790215898749657, -0.7691727700304714], [-0.8283669443214027, 0.22538034139152752, 0.5128468653212779], [0.015449764436143154, 0.9243375802189788, -0.3812628261105334]], "T": [-0.05963525892805022, -0.050781726660213244, -0.17970738106858847], "aligned_model": [[-0.0492023612563398, -0.5097309486343184, 0.5853926530053184, 0.3839964493202398, 0.6101299772381239, -0.5045163358799272, -0.07585626593211292, 0.4908051371854507, 0.14044266787318427, -0.526388560022482, 0.20500025780177134, -0.4316956594656626, -0.041171124921893024], [-0.409287464246677, -0.045592935868326606, -0.3767656528081788, -0.6174612830154624, -0.06549907744516137, -0.5541341920487264, -0.4287608615815673, 0.3746008241694864, 0.5110098442631874, 0.5490730728466011, 0.10697242199803147, 0.11916062482870227, -0.03548576741032186], [-0.5922532278490431, -0.5426507861047478, -0.6950053121783444, -0.15423992364148442, 0.23003726619356119, -0.16604601641104855, 0.3441709020671904, -0.5478955002604807, 0.14822842997277302, -0.21193121052881536, 0.641156654702272, 0.46456506326163277, -0.13106602385250193]], "inverted": false, "swapped": true, "error_lsq": 0.054153669412815936, "error_max": 0.3482554008595812, "target": "81.xyz", "model": "4.xyz", "model_rescale": 3.8936222436046832, "target_rescale": 3.9626670920761535},
{"mapping": [0, 5, 1, 9, 10, 4, 6, 11, 2, 8, 3, 13], "R": [[-0.9214603246692057, 0.12783370937471122, -0.3668370384898786], [-0.10052030270433793, -0.9906066527169366, -0.09270452166520976], [-0.3752419736713246, -0.04854896847976212, 0.9256546109941874]], "T": [-0.06995658908101406, -0.02950318156365825, -0.02461372803944992], "aligned_model": [[0.07832961519740865, -0.6547935259703265, -0.07023614502502461, 0.35691981930120537, -0.6410356816211779, -0.6691711990266712, -0.07052283099825278, 0.04293194080964803, 0.5683042894578713, 0.23923299280352733, -0.04734750929131731, -0.10506372342179321], [-0.65765539488893, -0.5125419101950197, 0.25649536483424995, -0.1538831535683588, 0.27849446756062834, 0.03933210606332459, -0.3052357769235965, 0.36861731645600404, 0.08060365000190503, -0.4650592255386726, 0.7314826997785336, 0.008272761529739332], [-0.543423571359801, -0.23470127938449664, -0.7295446133507332, -0.39427184472578963, -0.23001324194937667, 0.47827423399168334, 0.6406340594564899, 0.47170880008224814, 0.15418517155511077, 0.09167049248484602, -0.07739293710835483, -0.007840550416307875]], "inverted": true, "swapped": true, "error_lsq": 0.04276183448446342, "error_max": 0.23299662898883775, "target": "81.xyz", "model": "5.xyz", "model_rescale": 3.6523030999806103, "target_rescale": 3.9626670920761535},
{"mapping": [1, 3, 2, 9, 8, 10, 11, 5, 12, 4, 6, 7, 13], "R": [[0.2107950662171294, -0.8857647199305007, 0.4135048983808514], [0.8851720824779151, -0.006525458433462296, -0.4652180164116009], [0.4147720150398619, 0.4640886545894818, 0.7826786672837696]], "T": [0.16244117790845705, -0.05618348634248757, 0.0983936105157868], "aligned_model": [[0.17276440552452835, -0.43130756759775457, 0.303461938111662, 0.5883263770228034, 0.6203470848269143, -0.28048756215932724, -0.28341476761230133, 0.3618262225322288, -0.7051949999462364, -0.34332975918332254, 0.15708965456565457, 0.6113929040130573, 0.10960897456638796], [-0.5825870770248984, -0.051852390843068516, 0.49668704305693623, -0.06724696502479643, 0.21500745452871942, -0.5694810216694387, 0.410833246866808, -0.61309626557658, -0.09380002683273855, -0.05702464866671078, 0.4398211018688559, 0.07814618896153994, -0.06457973548144481], [0.6474978724253474, 0.5778099179382644, 0.45324122969925207, 0.48934164455108486, -0.026534124317676086, 0.03904200088082738, 0.12461668798050704, -0.4208281105669974, -0.022140833171551633, -0.5023457669101394, -0.42365448421618945, -0.6554342020822713, 0.08949790727133092]], "inverted": false, "swapped": true, "error_lsq": 0.0550285357908138, "error_max": 0.3177716716566824, "target": "81.xyz", "model": "6.xyz", "model_rescale": 4.08911054899281, "target_rescale": 3.9626670920761535},
{"mapping": [0, 9, 4, 10, 13, 1, 7, 2, 6, 3, 11, 5, 12, 14], "R": [[0.43323236051387803, -0.5569276198167868, 0.7086193252295492], [0.458995425021978, -0.5403044914428036, -0.7052618353034756], [0.7756499994278778, 0.630795278051399, 0.021549839340268495]], "T": [-0.022129843105165393, 0.0783718769379279, -0.05165625450265268], "aligned_model": [[-0.05875206214101956, -0.39481675852233633, 0.6401112394925381, 0.04720866878229021, -0.4968597046067589, -0.6369265865868823, 0.26909319235543433, -0.2156283548515078, 0.23647835664107, 0.33310757999175666, -0.47486494741336466, 0.5531677811841903, -0.18067180753114667, -0.13820473436810002], [-0.7686432280866334, 0.031187549009638868, 0.17138083896371864, 0.7926403650888577, 0.0521293716930107, -0.3009257256632053, -0.2071450473034261, -0.6266328158461162, -0.34851466095443867, -0.3112109246414384, 0.44783490699977874, 0.4183660772861998, 0.5666285996798337, 0.08294804841289721], [0.35562793133938264, 0.6364101741091353, 0.17113416541023607, 0.013823483629086086, -0.6082866631840071, 0.07524666792509827, -0.7096518427297486, -0.39175367054058796, -0.057370206178650233, 0.5386682750662988, 0.0036524943687186034, -0.41763141322232644, -0.5460970863768837, 0.06611658090078443]], "inverted": true, "swapped": false, "error_lsq": 0.04698123808046005, "error_max": 0.2729803174429197, "target": "81.xyz", "model": "7.xyz", "model_rescale": 3.964800864290218, "target_rescale": 3.9626670920761535},
{"mapping": [6, 0, 5, 1, 12, 4, 9, 11, 10, 3, 2, 8, 7, 13], "R": [[0.4768056041908791, 0.7134788314671091, -0.5134241646635845], [-0.5916191714523124, 0.6924754379937627, 0.41287349605590573], [0.6501101228117051, 0.10689118216052879, 0.7522839247212947]], "T": [-0.0713301107840437, 0.00665247703378022, -0.002200924639479518], "aligned_model": [[-0.27022610527097496, -0.24455028314004662, 0.7528653769179677, 0.02079098108288044, -0.3559564365025746, -0.6987649847305029, 0.19053432333326817, -0.23683665037794124, 0.599986461616815, 0.19460817760274382, -0.6465298962984227, 0.43564968862595477, -0.25120227444198695, -0.007926515991017083], [-0.46761664305858563, 0.20216492349659085, 0.11029459261661992, 0.7344164699239851, 0.03191203155273831, -0.3027349575390514, -0.1918946221390577, -0.710115836597874, -0.43745147044733057, -0.20683813127866904, 0.29956824574774243, 0.3314545843264459, 0.589632110102135, 0.01725205793298821], [0.2661551974863371, 0.6648290804501166, 0.09282976986254726, 0.15589134670275367, -0.7015039683208596, -0.0776879387417416, -0.6070668555225849, -0.3842795741594026, -0.16724563512390872, 0.6378469506282173, 0.14596886626613328, -0.4802518168002643, -0.3691258721835369, -0.0464706600272704]], "inverted": true, "swapped": false, "error_lsq": 0.045713803721904575, "error_max": 0.3431369151875938, "target": "81.xyz", "model": "8.xyz", "model_rescale": 4.121658175737393, "target_rescale": 3.9626670920761535},
{"mapping": [3, 11, 2, 9, 12, 10, 6, 5, 7, 4, 1, 0, 13], "R": [[0.3065150019115938, -0.9480781916376678, -0.08483098575511944], [0.03659086850361265, -0.07731894645163351, 0.9963347273189671], [-0.9511622689874146, -0.30849558029355795, 0.010991587421931986]], "T": [0.007154275077561334, 0.05293707934640345, -0.09148493782116277], "aligned_model": [[-0.6894439526937279, -0.24234675858734595, 0.1704108256837333, 0.22560434659820047, -0.7132989873426263, -0.5180778649922297, 0.3577095328778507, 0.20087347145853068, 0.7259022354632365, -0.2049503421838284, -0.35897577085511245, 0.5613915744663722, -0.0380608134578561], [0.12513732082423512, -0.3459251137489393, 0.15307146142894856, 0.5623838347717413, -0.4459330091885758, 0.012685888122231072, -0.5595533038954498, -0.004051342535915943, -0.3579682914163839, -0.6496360768332313, 0.7014834281961234, 0.5746848356742729, 0.024007808012653568], [-0.39469173391496803, -0.5344725089388281, -0.7355267952621086, -0.2560587460061483, -0.06299239864014834, 0.33943719291681684, -0.23483745857646585, 0.6692532747479885, 0.22854104675772466, 0.18797049601941826, 0.06362541843536543, 0.23459472996549705, -0.08376708354505472]], "inverted": false, "swapped": true, "error_lsq": 0.047565856678285695, "error_max": 0.33852082380499743, "target": "81.xyz", "model": "9.xyz", "model_rescale": 3.833441315466971, "target_rescale": 3.9626670920761535},
{"mapping": [1, 4, 6, 3, 8, 13, 11, 10, 12, 6, 2, 7, 9, 14], "R": [[-0.4740563390275785, -0.4597232775162897, 0.7509494627053475], [0.5997283726954847, -0.7930321743358404, -0.10689176512807418], [0.6446677178297324, 0.399692980396016, 0.651651022411808]], "T": [-0.05393635007729631, -0.09400394486630441, -0.04225277975137799], "aligned_model": [[-0.0074744545981939095, 0.07396754344463283, 0.4244864425893419, -0.07545144024624716, -0.3055496504537352, -0.8382295139956937, 0.3458382872279033, -0.2248215722856044, 0.37813433998816953, 0.4244864425893419, -0.6348752982690126, 0.32278117565644165, -0.3273933745017844, -0.07345706471939659], [-0.6341371993777272, 0.3127793393247577, -0.12503773470799642, 0.7592571133377748, 0.03805975897785453, -0.2302940891543268, -0.12172003085518389, -0.6022142204111262, -0.5139011706768745, -0.12503773470799642, 0.3289893812631491, 0.37120416796243555, 0.5457685919386811, -0.0036728182747443466], [0.45945061126089415, 0.6316022000587466, 0.43876499891177295, 0.11838506508946013, -0.7680690702666697, 0.0024212732937039377, -0.5942936650022114, -0.6653697031143562, -0.04686752283328764, 0.43876499891177295, -0.026863190689971353, -0.33479216914225796, -0.45917301609849176, -0.06407191986256863]], "inverted": true, "swapped": false, "error_lsq": 0.057969352512871816, "error_max": 0.46260383009398354, "target": "81.xyz", "model": "10.xyz", "model_rescale": 4.2482417240324, "target_rescale": 3.9626670920761535},
{"mapping": [12, 4, 5, 7, 1, 9, 10, 8, 6, 2, 11, 13], "R": [[0.034283173040181775, -0.9989250652352001, -0.03119900785519686], [0.42284264528514226, -0.013787799056750955, 0.9060982253185548], [-0.9055543944869135, -0.044256193261760945, 0.4219154275247794]], "T": [-0.01956997876476587, 0.18343047587067302, -0.02046535293014133], "aligned_model": [[-0.7271670581446527, -0.179632189350725, 0.37310475948577626, 0.7391777099730765, -0.2977001741823275, 0.16904676999702803, -0.40721835670938844, 0.45611564110077324, 0.2485502420469304, -0.03530998060982735, -0.3999682577810316, -0.062233503462624996], [-0.3336591117450371, -0.5848381936211517, -0.15136083794439315, -0.2711806103477284, 0.6953729331979563, 0.730001036842562, -0.055329612255596766, 0.27890822204663734, -0.3009520160259084, 0.5361049105036118, -0.02780051682393825, 0.1508651862236257], [0.00524116352465985, 0.008449836338464758, 0.5738567495293609, -0.09455442235516623, 0.4686985404038653, -0.02549652244524743, 0.48540537908729503, -0.27233134104751533, -0.48097436725887843, -0.5921667657542806, -0.49822933241386586, -0.012706627754335764]], "inverted": false, "swapped": true, "error_lsq": 0.0550065878198491, "error_max": 0.402556544210523, "target": "81.xyz", "model": "11.xyz", "model_rescale": 3.6694154284099745, "target_rescale": 3.9626670920761535},
{"mapping": [3, 1, 10, 12, 6, 4, 9, 11, 8, 2, 0, 7, 5, 13], "R": [[0.4402475588269237, -0.6229777062345658, -0.6465917293637877], [0.8916681342058943, 0.3878854000313179, 0.23339420490732804], [0.10540410517960697, -0.6792964698695731, 0.7262549694384354]], "T": [-0.03401459934913736, 0.05234309470442243, -0.11183695275376114], "aligned_model": [[-0.2231190347805335, -0.31326031327942155, 0.5831280861541105, 0.1600554001550094, -0.40645683223405177, -0.6254765168241533, 0.5373690061490841, -0.13931539195594134, 0.300631607177757, 0.2582214994336911, -0.6546206805847681, 0.3589723244657304, -0.21684827633374798, -0.1368390151166018], [-0.5708269791430368, 0.04800063187954472, 0.19408344286577972, 0.6036118462335105, 0.1025799294532562, -0.36256961034239843, -0.33011271803430364, -0.531853461958391, -0.6062105817762089, -0.09741644456914629, 0.36482041481797345, 0.35637455408542384, 0.7506433467706098, 0.07891898435606431], [0.45132152597531394, 0.6872102726151418, -0.06110859045633481, 0.23487344389812753, -0.534469035127766, 0.048471802833073244, -0.5264869178572231, -0.5507615193557747, 0.05222651960402179, 0.45250666274753815, 0.05532728018338802, -0.6643688232252571, -0.46329021707388107, -0.05156351424383157]], "inverted": true, "swapped": false, "error_lsq": 0.05198506829095957, "error_max": 0.34794489685188384, "target": "81.xyz", "model": "12.xyz", "model_rescale": 3.9764082729961374, "target_rescale": 3.9626670920761535},
{"mapping": [5, 12, 1, 10, 3, 6, 7, 4, 0, 9, 14, 8, 11, 15], "R": [[0.5802907248913654, 0.5442219202393437, 0.6058755450883091], [0.44411927430034903, 0.4121282864436331, -0.795555369353992], [-0.6826571209618966, 0.7307344093745939, -0.002545222186427695]], "T": [-0.04249015808903183, -0.00845871006627137, 0.007884766772255913], "aligned_model": [[-0.1486930096127534, 0.007485722868633506, 0.47950301543682233, 0.18394729491024703, -0.20395296753839143, -0.7524382262376224, 0.2476936661118428, -0.19065034987854368, 0.4280021111839727, 0.30355186194708406, -0.7342411631669798, 0.2552455534487336, -0.3056820469958619, -0.08732960005102022], [-0.7181144891203437, 0.22616048926741186, 0.27514393840346557, 0.7438784754532342, 0.233929770711446, -0.28480537217125246, -0.34163914895504716, -0.6521180238783801, -0.5530870546642427, -0.30947704582380847, 0.2514932155906449, 0.4811751879112898, 0.6951731708988677, -0.04766975898460841], [0.4413977832067184, 0.5992135903338973, 0.23241815590258996, 0.1777721945650563, -0.7818120312867216, 0.0650255453349547, -0.6051550706257952, -0.27427647629817115, -0.08763970295709453, 0.3966546324057811, -0.29660428540528827, -0.40595690425055053, -0.24936395422072777, -0.08178458618811268]], "inverted": true, "swapped": false, "error_lsq": 0.05532341032245923, "error_max": 0.36513900246051606, "target": "81.xyz", "model": "13.xyz", "model_rescale": 4.170626492500431, "target_rescale": 3.9626670920761535},
{"mapping": [7, 9, 12, 11, 2, 0, 4, 8, 8, 10, 3, 5, 6, 13], "R": [[0.3073274388462177, 0.754814356806108, 0.5794869559287819], [-0.948418188589185, 0.19317057471388263, 0.251372370434616], [0.07779964579247023, -0.6268495958554093, 0.775246282990429]], "T": [-0.16458836483965777, 4.866401171305647e-05, -0.0621015756866674], "aligned_model": [[-0.23089007900287356, -0.2078002599968543, 0.5649857588741856, 0.05697931823573049, -0.5632612587677203, -0.5904901477363882, 0.12334357317981459, 0.25527663572114595, 0.25527663572114595, 0.18041746237189565, -0.6272806798846411, 0.49034954086612914, -0.10521369520247936, -0.11925094195292713], [-0.6869407729676615, 0.22928179470002774, -0.0335424166173137, 0.6083433384133753, 0.010812620521222704, -0.41385581691618645, -0.25494389506478526, -0.6111575093050581, -0.6111575093050581, -0.13858554422642672, 0.506237219713744, 0.575300317521909, 0.7291056840113893, 0.09114584415949895], [0.36343267565696913, 0.7137149892148794, -0.11005320230688509, 0.22170293809407882, -0.5854334284566183, -0.11821893949747811, -0.6580354012721849, -0.10329244613715699, -0.10329244613715699, 0.36225657549118506, 0.00974946539479047, -0.3216429079629165, -0.4773602628020067, -0.06363871876296284]], "inverted": false, "swapped": false, "error_lsq": 0.057607213211137744, "error_max": 0.5259360990424006, "target": "81.xyz", "model": "14.xyz", "model_rescale": 3.9786697098870705, "target_rescale": 3.9626670920761535},
{"mapping": [4, 10, 7, 6, 5, 0, 3, 9, 8, 11, 1, 13], "R": [[-0.4926924863452503, 0.8031173183954543, 0.3350472903818654], [0.3534852429160278, 0.5365326429983776, -0.7662773036164994], [-0.7951743814658092, -0.25910479711975676, -0.5482357222673452]], "T": [0.013499751721117906, -0.02651513869012415, 0.07209644769830774], "aligned_model": [[-0.07057440526509413, -0.5672233517355536, 0.7221207442041859, 0.5308987803402292, 0.03939207876004429, 0.32937072654650673, -0.5921305160638104, 0.12674203592937988, 0.5391148951111535, -0.020580849789642294, -0.53034044199861, -0.02343509927145202], [-0.5115218336080901, -0.014676621287999674, 0.05231765117756157, -0.4672029147379549, 0.38140736151682364, 0.7389204439802737, -0.3576008386137492, 0.36626793074754904, 0.09599000460313503, -0.6520802283105129, 0.44350546038362343, -0.06065192562622085], [-0.5397800022183815, -0.2825912582267629, -0.45658130418836634, -0.16597062849681976, -0.6005299393572812, 0.06425099960950252, 0.39765836968837714, 0.48104462795064734, 0.15899003686238572, 0.2304840554658098, 0.3211773178996063, 0.05181421888511281]], "inverted": true, "swapped": true, "error_lsq": 0.05222717162533994, "error_max": 0.3418095047210107, "target": "81.xyz", "model": "15.xyz", "model_rescale": 3.769337070930944, "target_rescale": 3.9626670920761535},
{"mapping": [3, 1, 11, 2, 12, 10, 4, 5, 6, 8, 13], "R": [[-0.7575034752139493, 0.038540546791077435, -0.6516924974954326], [0.6487500699676187, 0.15588608660853304, -0.7448643330962268], [0.07288231442400439, -0.9870228742308467, -0.1430874347707683]], "T": [-0.13080286010605538, -0.02938410393140751, 0.10705401320810812], "aligned_model": [[-0.24390209951538913, -0.3848647565118859, -0.11705828584021022, -0.6855072055999312, 0.38219072999937653, 0.3109474777735003, 0.5882456403846344, 0.4002259399689877, 0.11031284277542674, -0.34189777052513726, -0.0960663822182013], [0.04245552974132539, -0.6493859091467816, 0.53174259159951, 0.3497861463412651, 0.23352005633206901, -0.35014769856775757, 0.2714076734876582, -0.4778636502732304, 0.5545842228130268, 0.10858074639902943, -0.018615211100772265], [-0.6442408397489892, -0.2531863427812534, -0.2131454891122669, 0.10864156642992219, -0.553593451316405, -0.29933274525762177, 0.011208781036594978, 0.4763397363845199, 0.45263702020549157, 0.592063212915191, 0.06682615846859316]], "inverted": false, "swapped": true, "error_lsq": 0.04052140035894534, "error_max": 0.17491134048161933, "target": "81.xyz", "model": "16.xyz", "model_rescale": 3.7852294659196426, "target_rescale": 3.9626670920761535},
{"mapping": [10, 0, 7, 5, 1, 9, 2, 8, 4, 12, 3, 6, 13], "R": [[-0.18888076788314104, 0.07617709086892799, -0.979040911479506], [0.7116398920782643, 0.6976228643547229, -0.08301206618527285], [0.6766777072777788, -0.7124039513901216, -0.18597819903695648]], "T": [-0.05802747769583674, 0.1322815940536164, 0.02236245974020303], "aligned_model": [[0.0691240534509267, -0.5523207729520404, 0.3607544925114652, 0.09978175659726787, -0.65917217119682, -0.5956993396726568, -0.25830940111812395, -0.11339165437577395, 0.6869068102324404, 0.47303254030730524, -0.14067987448582628, 0.509927307760357, -0.02618789684223804], [-0.018962126051446676, -0.45839582566536385, -0.4215957632441012, -0.6252689170786463, 0.0817492614520177, 0.12760442697965, 0.6251249076267116, 0.013164165722042154, 0.05296139757062203, 0.47630018867189905, 0.6989402481935091, 0.17512018197554508, 0.14831347755043575], [-0.6288983692467957, 0.3265038398740443, 0.5752639153253234, -0.12155037496575498, -0.44109664373759216, 0.23503136119931686, 0.43280384330602123, 0.5529989936692852, -0.21316664896938173, -0.5845663311332698, -0.48208067679181865, 0.46301608857394283, -0.018504299960147085]], "inverted": false, "swapped": true, "error_lsq": 0.04283560705997587, "error_max": 0.23535785491841096, "target": "81.xyz", "model": "17.xyz", "model_rescale": 3.901054581598922, "target_rescale": 3.9626670920761535},
{"mapping": [0, 4, 6, 10, 13, 2, 12, 3, 7, 1, 5, 11, 9, 14], "R": [[0.9011025086720433, -0.4090693030129139, 0.1437935123622726], [-0.23508313846010453, -0.1822402536246521, 0.9547378739583812], [-0.3643489904977061, -0.8941201235244354, -0.26038244532216676]], "T": [-0.0870897361785382, 0.028993388925463836, 0.018062788863568213], "aligned_model": [[-0.1190577548531064, -0.039624739986256756, 0.6366875588710841, 0.03136780034259312, -0.5040349811024557, -0.8041480609879224, 0.2316997096290535, -0.2022726449458509, 0.4290805069473499, 0.20701422735944314, -0.6330023212255861, 0.5201259897720321, -0.20275632939548532, -0.06863709799872877], [-0.7103409048059113, 0.39873909407785535, 0.0978877700683158, 0.8322202191762218, -0.03108062048292622, -0.37662785422033074, -0.15312230059399728, -0.5874445941128619, -0.3816482316131533, -0.3104620162723023, 0.3029637802937544, 0.38950563198442706, 0.4880903206007281, 0.041363060538857827], [0.18499800502311986, 0.7156365538287048, 0.20548140236750023, 0.13316369822368385, -0.5735874240405714, -0.052908106005583044, -0.6278336958379285, -0.4179911070120638, -0.04989869574370194, 0.5509402944397619, -0.11234319695140754, -0.3534893255020923, -0.44023936896927124, -0.03204014330361462]], "inverted": false, "swapped": false, "error_lsq": 0.049614710017143834, "error_max": 0.2947076739982265, "target": "81.xyz", "model": "18.xyz", "model_rescale": 3.9405287249114394, "target_rescale": 3.9626670920761535},
{"mapping": [2, 5, 0, 7, 14, 10, 12, 3, 1, 6, 11, 4, 13, 15], "R": [[-0.8339674074817015, -0.33140005145604745, -0.4412169184802175], [-0.41136206265598396, 0.9063175013759343, 0.09679793441545041], [0.3678037746756606, 0.2622262240787763, -0.8921646657090401]], "T": [0.012903652587361661, 0.10100793664413125, -0.09803032398837888], "aligned_model": [[-0.2856125392260486, -0.230053360639894, 0.6656834663717459, 0.1997101500696179, -0.5358056774745547, -0.6178510930555243, 0.18229760965690234, -0.10120600543109347, 0.3295429455540806, 0.2784462956928496, -0.6800770927817188, 0.6266316150185265, -0.3395844654320837, -0.009679985896641662], [-0.4796276627194151, 0.13301221079860154, 0.011670348354013468, 0.7649981989557602, -0.022817940934656902, -0.3670430696133363, -0.0170523557898183, -0.6341708664771386, -0.47564679328182696, -0.22585717589304516, 0.2619033436987721, 0.4222065331438315, 0.5535519260461972, 0.0749166583507387], [0.47562084788351844, 0.6964570949921889, 0.09836613216620968, 0.04284484413960821, -0.6303123781861804, -0.06671350204111673, -0.6054813234633287, -0.512662339469641, -0.04579714886954206, 0.5191647492995002, 0.01644044274379247, -0.33219795273494995, -0.44772434693292307, -0.07811622901059928]], "inverted": false, "swapped": false, "error_lsq": 0.045004982345219866, "error_max": 0.30090594138056603, "target": "81.xyz", "model": "19.xyz", "model_rescale": 4.410303926677745, "target_rescale": 3.9626670920761535},
{"mapping": [6, 0, 5, 1, 12, 4, 9, 11, 10, 3, 2, 8, 7, 13], "R": [[0.4768056041908791, 0.7134788314671091, -0.5134241646635845], [-0.5916191714523124, 0.6924754379937627, 0.41287349605590573], [0.6501101228117051, 0.10689118216052879, 0.7522839247212947]], "T": [-0.0713301107840437, 0.00665247703378022, -0.002200924639479518], "aligned_model": [[-0.27022610527097496, -0.24455028314004662, 0.7528653769179677, 0.02079098108288044, -0.3559564365025746, -0.6987649847305029, 0.19053432333326817, -0.23683665037794124, 0.599986461616815, 0.19460817760274382, -0.6465298962984227, 0.43564968862595477, -0.25120227444198695, -0.007926515991017083], [-0.46761664305858563, 0.20216492349659085, 0.11029459261661992, 0.7344164699239851, 0.03191203155273831, -0.3027349575390514, -0.1918946221390577, -0.710115836597874, -0.43745147044733057, -0.20683813127866904, 0.29956824574774243, 0.3314545843264459, 0.589632110102135, 0.01725205793298821], [0.2661551974863371, 0.6648290804501166, 0.09282976986254726, 0.15589134670275367, -0.7015039683208596, -0.0776879387417416, -0.6070668555225849, -0.3842795741594026, -0.16724563512390872, 0.6378469506282173, 0.14596886626613328, -0.4802518168002643, -0.3691258721835369, -0.0464706600272704]], "inverted": true, "swapped": false, "error_lsq": 0.045713803721904575, "error_max": 0.3431369151875938, "target": "81.xyz", "model": "20.xyz", "model_rescale": 4.121658175737393, "target_rescale": 3.9626670920761535},
{"mapping": [1, 3, 2, 9, 8, 10, 11, 5, 12, 4, 6, 7, 13], "R": [[0.2107950662171294, -0.8857647199305007, 0.4135048983808514], [0.8851720824779151, -0.006525458433462296, -0.4652180164116009], [0.4147720150398619, 0.4640886545894818, 0.7826786672837696]], "T": [0.16244117790845705, -0.05618348634248757, 0.0983936105157868], "aligned_model": [[0.17276440552452835, -0.43130756759775457, 0.303461938111662, 0.5883263770228034, 0.6203470848269143, -0.28048756215932724, -0.28341476761230133, 0.3618262225322288, -0.7051949999462364, -0.34332975918332254, 0.15708965456565457, 0.6113929040130573, 0.10960897456638796], [-0.5825870770248984, -0.051852390843068516, 0.49668704305693623, -0.06724696502479643, 0.21500745452871942, -0.5694810216694387, 0.410833246866808, -0.61309626557658, -0.09380002683273855, -0.05702464866671078, 0.4398211018688559, 0.07814618896153994, -0.06457973548144481], [0.6474978724253474, 0.5778099179382644, 0.45324122969925207, 0.48934164455108486, -0.026534124317676086, 0.03904200088082738, 0.12461668798050704, -0.4208281105669974, -0.022140833171551633, -0.5023457669101394, -0.42365448421618945, -0.6554342020822713, 0.08949790727133092]], "inverted": false, "swapped": true, "error_lsq": 0.0550285357908138, "error_max": 0.3177716716566824, "target": "81.xyz", "model": "21.xyz", "model_rescale": 4.08911054899281, "target_rescale": 3.9626670920761535},
{"mapping": [1, 4, 6, 13, 9, 15, 5, 11, 8, 0, 14, 10, 12, 16], "R": [[-0.23743654613761514, 0.16853453319570133, -0.9566713112029374], [0.9659210750304157, -0.06351826956497525, -0.25092211190637914], [-0.1030551472286877, -0.9836470609685053, -0.1477094989419953]], "T": [-0.08011241865539234, 0.018095227242880704, -0.010718498881169158], "aligned_model": [[-0.06681176918222811, -0.22250343209771348, 0.6592040200921089, -0.10520767742000908, -0.2450545025250353, -0.7004459369920971, 0.1576156069039407, -0.19449296456072387, 0.3177575433002112, 0.3677554363555047, -0.6289373904931346, 0.39998998856140044, -0.19021518672526205, -0.066211872790799], [-0.6656829174840088, 0.2190108270781924, -0.0563639706784011, 0.6196162935151407, 0.18681392693241433, -0.3601583935826246, -0.17060482618543785, -0.67460204288051, -0.541571726419402, 0.04290085367993693, 0.3007186979136026, 0.36622205439298383, 0.6908266116362429, 0.04291796672054776], [0.39210767055607637, 0.6417000070653165, 0.047857603703421604, 0.26181150102060013, -0.6829355180842918, -0.07086450668362743, -0.6475911153815009, -0.3156457245276309, -0.10681434900957029, 0.6208497583359567, -0.18604023187625632, -0.5579339957541835, -0.2940546436802891, 0.027442434832514954]], "inverted": false, "swapped": false, "error_lsq": 0.04347317156510488, "error_max": 0.3009576415501008, "target": "81.xyz", "model": "22.xyz", "model_rescale": 4.204369325754507, "target_rescale": 3.9626670920761535},
{"mapping": [2, 5, 0, 7, 14, 10, 12, 3, 1, 6, 11, 4, 13, 15], "R": [[-0.8339674074817015, -0.33140005145604745, -0.4412169184802175], [-0.41136206265598396, 0.9063175013759343, 0.09679793441545041], [0.3678037746756606, 0.2622262240787763, -0.8921646657090401]], "T": [0.012903652587361661, 0.10100793664413125, -0.09803032398837888], "aligned_model": [[-0.2856125392260486, -0.230053360639894, 0.6656834663717459, 0.1997101500696179, -0.5358056774745547, -0.6178510930555243, 0.18229760965690234, -0.10120600543109347, 0.3295429455540806, 0.2784462956928496, -0.6800770927817188, 0.6266316150185265, -0.3395844654320837, -0.009679985896641662], [-0.4796276627194151, 0.13301221079860154, 0.011670348354013468, 0.7649981989557602, -0.022817940934656902, -0.3670430696133363, -0.0170523557898183, -0.6341708664771386, -0.47564679328182696, -0.22585717589304516, 0.2619033436987721, 0.4222065331438315, 0.5535519260461972, 0.0749166583507387], [0.47562084788351844, 0.6964570949921889, 0.09836613216620968, 0.04284484413960821, -0.6303123781861804, -0.06671350204111673, -0.6054813234633287, -0.512662339469641, -0.04579714886954206, 0.5191647492995002, 0.01644044274379247, -0.33219795273494995, -0.44772434693292307, -0.07811622901059928]], "inverted": false, "swapped": false, "error_lsq": 0.045004982345219866, "error_max": 0.30090594138056603, "target": "81.xyz", "model": "23.xyz", "model_rescale": 4.410303926677745, "target_rescale": 3.9626670920761535},
{"mapping": [14, 10, 7, 3, 5, 15, 12, 6, 13, 11, 4, 0, 2, 16], "R": [[-0.3553954385743467, -0.5963183031269842, 0.7197906387251102], [0.07769615150654563, 0.748552007117632, 0.658508314815566], [-0.9314812882079918, 0.2899558138681114, -0.21970033163939803]], "T": [-0.050037593666211966, -0.046376775191310754, 0.0831997944210047], "aligned_model": [[-0.1004091751859188, -0.2675253997578919, 0.6145304795258671, -0.02307046570702387, -0.37386671733324417, -0.6208641269090167, 0.23709115621790783, -0.14200245517829452, 0.337685992818265, 0.19634332844046426, -0.5128583675571515, 0.3288804628304693, -0.16768316600196093, -0.023809683776308155], [-0.6946412731248842, 0.3007811305775414, -0.041025611142511215, 0.8524591439417887, -0.0016940345483956037, -0.46924469964060167, -0.11724253068818605, -0.6195347804517762, -0.5796213143719541, -0.22226447996333104, 0.4440966914181398, 0.3969953396561211, 0.6800957083610603, 0.07088406461566607], [0.27125785595725216, 0.5891290275546787, 0.06733985055641031, 0.05834523508372397, -0.45414570410076804, 0.014979722208355223, -0.6642699109661349, -0.4076468771707513, -0.1607413987932097, 0.6391507303341097, -0.05506474477198736, -0.3966210943725754, -0.4565142049614681, 0.08469040395890115]], "inverted": true, "swapped": false, "error_lsq": 0.04005522817936504, "error_max": 0.2829062759048165, "target": "81.xyz", "model": "24.xyz", "model_rescale": 4.28219845311461, "target_rescale": 3.9626670920761535},
{"mapping": [12, 10, 5, 6, 4, 13, 3, 7, 9, 11, 2, 1, 0, 15], "R": [[0.610536885983195, 0.7883574796595394, -0.0757442744951837], [0.6910696217634797, -0.4835807129270344, 0.537189419069905], [0.38686882625720065, -0.3803185222281972, -0.8400537678747331]], "T": [-0.05588854567341242, -0.02174883729758122, -0.02869631046855052], "aligned_model": [[-0.26182125022087055, 0.120774059278875, 0.7836551041529881, -0.20190085584906936, -0.3011726610555069, -0.5324673862891974, 0.3550229463905835, -0.21694554336130864, 0.2776706126159505, 0.13857326133674125, -0.6817745578580942, 0.3788741107702398, -0.29487515849723855, -0.08117081898792919], [-0.5429922774307481, 0.3354132236946778, 0.004585531327402467, 0.8223080496074789, 0.07294972771824464, -0.37640813578997034, -0.15637831942685101, -0.6110240040493764, -0.609054025472932, -0.19647920757673412, 0.25536747027471457, 0.30322503836906284, 0.6615900597311146, 0.03694022366259324], [0.4912237771881344, 0.6575473816897905, 0.11185133974101659, 0.25138494900149555, -0.7109839752778144, -0.031114493092956733, -0.6714030811588626, -0.5107351336930184, -0.054860938164679504, 0.4489342733146178, -0.012781656310441078, -0.36818240965809074, -0.40484458274213936, -0.0661465603205158]], "inverted": true, "swapped": false, "error_lsq": 0.0484596361755276, "error_max": 0.3677108931800223, "target": "81.xyz", "model": "25.xyz", "model_rescale": 4.100010024507729, "target_rescale": 3.9626670920761535},
{"mapping": [12, 4, 5, 7, 1, 9, 10, 8, 6, 2, 11, 13], "R": [[0.034283173040181775, -0.9989250652352001, -0.03119900785519686], [0.42284264528514226, -0.013787799056750955, 0.9060982253185548], [-0.9055543944869135, -0.044256193261760945, 0.4219154275247794]], "T": [-0.01956997876476587, 0.18343047587067302, -0.02046535293014133], "aligned_model": [[-0.7271670581446527, -0.179632189350725, 0.37310475948577626, 0.7391777099730765, -0.2977001741823275, 0.16904676999702803, -0.40721835670938844, 0.45611564110077324, 0.2485502420469304, -0.03530998060982735, -0.3999682577810316, -0.062233503462624996], [-0.3336591117450371, -0.5848381936211517, -0.15136083794439315, -0.2711806103477284, 0.6953729331979563, 0.730001036842562, -0.055329612255596766, 0.27890822204663734, -0.3009520160259084, 0.5361049105036118, -0.02780051682393825, 0.1508651862236257], [0.00524116352465985, 0.008449836338464758, 0.5738567495293609, -0.09455442235516623, 0.4686985404038653, -0.02549652244524743, 0.48540537908729503, -0.27233134104751533, -0.48097436725887843, -0.5921667657542806, -0.49822933241386586, -0.012706627754335764]], "inverted": false, "swapped": true, "error_lsq": 0.0550065878198491, "error_max": 0.402556544210523, "target": "81.xyz", "model": "26.xyz", "model_rescale": 3.6694154284099745, "target_rescale": 3.9626670920761535},
{"mapping": [4, 11, 2, 12, 7, 8, 1, 5, 0, 2, 9, 6, 3, 13], "R": [[-0.2835074336190967, -0.930264242216894, -0.23287759603564673], [0.8661009835432313, -0.3526412849178401, 0.35427843637024004], [-0.41169481583833556, -0.10125494468974375, 0.905679200814348]], "T": [-0.15374937220922358, -0.04573617035330401, -0.05257501517424673], "aligned_model": [[-0.13475854401986737, -0.05274097871609487, 0.38350018407978126, 0.08690521419041064, -0.4631189243837379, -0.6932564932005059, 0.4004675914348772, -0.11296640232188548, 0.31886654486526567, 0.38350018407978126, -0.6606386420147417, 0.3998326634357523, -0.2649964419065065, -0.10815409309636512], [-0.7287540433757159, 0.44469575969935704, -0.024915988098038626, 0.6887229971855929, 0.04070630898349526, -0.38367911746313976, -0.1495671010857197, -0.6023410709110919, -0.5056712921237182, -0.024915988098038626, 0.39307449320400345, 0.30012274014026424, 0.5985888414793099, -0.04602318489788279], [0.40421432759279846, 0.6441668995071874, 0.36342868731096906, 0.12739141119562059, -0.5938205257070281, 0.002957167643161049, -0.7320669935876074, -0.6133835687496836, -0.09759969532874921, 0.36342868731096906, 0.07140887561313389, -0.26498729270960497, -0.5272334070143283, -0.018015682560301727]], "inverted": false, "swapped": false, "error_lsq": 0.05214831137487726, "error_max": 0.4058244044978398, "target": "81.xyz", "model": "27.xyz", "model_rescale": 4.103607728864725, "target_rescale": 3.9626670920761535},
