[{"mapping": [1, 9, 2, 5, 0, 8, 10, 11, 4, 3, 7, 12], "R": [[0.5189651312884309, -0.8167653627544198, 0.25212999565982414], [0.7451633512072238, 0.28775902200336406, -0.6016031293745796], [0.4188159172290393, 0.5000890795251469, 0.7579605134934735]], "T": [0.027872787727398332, 0.012259447527180667, -0.04125013591413698], "aligned_model": [[-0.32931053145833267, 0.2537548232202293, 0.4875496565090391, -0.0628733760634663, -0.18088130874798253, -0.5183744178574395, 0.2897525736762898, -0.34191389815319057, 0.48815434222961823, 0.2343021445041067, -0.42018524203785934, -0.06233230336046347], [-0.30704009766112106, -0.8056761435281954, -0.2228087233382312, 0.5754717141034861, 0.28397000411153184, -0.567517709695691, -0.27382021653352, -0.5457272405141842, 0.23805223327695446, 0.49112523192429264, 0.2619410942751662, -0.07441511044343174], [-0.5797669400428355, -0.039291472177336834, -0.5557153487124935, -0.0661947922684907, -0.696532124016656, -0.01837635839930879, 0.5711489563031173, 0.5792580992868425, 0.014727683191727445, 0.5364957405109357, 0.4837826056552542, -0.04758430397719327]], "inverted": false, "swapped": true, "error_lsq": 0.03924651586862493, "error_max": 0.20882156453017614, "target": "810.xyz", "model": "0.xyz", "model_rescale": 3.751011558992144, "target_rescale": 3.8320269465141203},
{"mapping": [0, 3, 2, 4, 8, 1, 7, 6, 12, 13, 10, 11, 14], "R": [[-0.5152345488119771, -0.8508734668253977, 0.10270201148491556], [0.8517883562484123, -0.4951249323787702, 0.17119549496568576], [-0.09481537781471042, 0.17568621115342997, 0.9798695828223296]], "T": [-0.047030180762887654, 0.011783509206537437, 0.1275468445284741], "aligned_model": [[-0.16660025384274554, -0.667980967422968, -0.19150639174971662, 0.7295284193951032, 0.4510603432162174, 0.28728530942701463, -0.3157161717378726, 0.07808541648324144, -0.7428904657882469, -0.5725785715979129, 0.3476485381610964, -0.31619544263588023, -0.09045608864391193], [-0.04487038285126897, -0.1740058120479992, -0.7293835377610537, 0.13998615916908663, -0.40419164296826066, 0.3329650070073868, 0.49731199716463753, 0.7518615239903491, 0.262458815398267, -0.45809762634213685, 0.18263946529078223, 0.6024357913408024, 0.026401592793251518], [-0.619445694013823, -0.27656741922223926, -0.20940439072128436, 0.20561598678743703, -0.011337117235463906, -0.3928002972195369, -0.23542278151777735, 0.1086692220739014, 0.1976571766295245, 0.3022259951068495, 0.8257521862639282, 0.5916706775053037, 0.15761866855576123]], "inverted": false, "swapped": false, "error_lsq": 0.04418734744038362, "error_max": 0.27092482961673503, "target": "810.xyz", "model": "1.xyz", "model_rescale": 3.9405287249114394, "target_rescale": 3.8320269465141203},
{"mapping": [8, 9, 10, 7, 3, 4, 2, 1, 5, 11, 6, 0, 12], "R": [[0.9878268940963222, 0.13273774048377646, 0.08110930619402021], [-0.03297497169450568, 0.6882436057836303, -0.7247298740494237], [-0.1520219672999934, 0.7132330834651521, 0.6842425667181422]], "T": [-0.04690590994291216, 0.1094867782251576, 0.06739902608954729], "aligned_model": [[-0.12322240843978141, -0.5985986711459801, -0.13789320791578363, 0.711912037180277, 0.3529082182734872, 0.3880270777242063, -0.4600858261059235, 0.2218970336492594, -0.7431112089045067, -0.48852811829509535, 0.08385087609809955, -0.2995837240225334, -0.07788840483230713], [-0.20059375655489717, -0.3450447267215144, -0.6872359229786801, 0.09350849104381123, -0.29049527553596566, 0.26251412998760787, 0.6249420486120264, 0.8543317471554481, 0.25517622555864866, -0.3104339614576128, -0.002618054015931265, 0.5573946397506039, 0.17406576534029894], [-0.638798980221328, -0.30598725557745143, -0.1942139864049131, 0.2972900233439862, -0.016043757400013764, -0.46091115527584703, -0.09920784241093727, 0.08071375979640111, 0.21622458508466025, 0.4365205325228605, 0.58285112171226, 0.7295640041210988, 0.016231163701804503]], "inverted": false, "swapped": false, "error_lsq": 0.046960839969239485, "error_max": 0.31997648387643896, "target": "810.xyz", "model": "2.xyz", "model_rescale": 3.932901565614263, "target_rescale": 3.8320269465141203},
{"mapping": [2, 0, 4, 12, 5, 6, 1, 10, 3, 7, 9, 8, 13], "R": [[0.4213835089484717, -0.7110365196279715, 0.5629058590400483], [0.7839459632187988, 0.5976467844400404, 0.168068580649179], [-0.45592177524134875, 0.3704664476087159, 0.8092527084026075]], "T": [-0.1886119397933556, 0.17285665355447377, 0.11468977171249689], "aligned_model": [[-0.1642224949456516, -0.6824610945775487, -0.20379796744658873, 0.5619556797455489, 0.3733916684878607, 0.34441924406731134, -0.3941532866684078, 0.2605016246351279, -0.6712672506731494, -0.3031593788510722, 0.19278813431638836, -0.4113793034515273, -0.07293190137487299], [-0.08724615732424523, -0.05188910903410743, -0.6000587151220429, 0.27176362611511684, -0.2712669589700958, 0.09645817709935399, 0.5505687936034136, 0.6995291098451739, 0.2763204960185838, -0.4146151241161463, -0.009681668188060877, 0.3492878083983918, 0.17634107185850798], [-0.6764812186121674, -0.2784421192101579, -0.2922471054140852, 0.21466711633679492, 0.17556543788286494, -0.30570681546345885, -0.4885141033551232, -0.06985987020613527, 0.24516797779807442, 0.5039176509721697, 0.715528089359887, 0.7914714756770309, 0.10916569722688652]], "inverted": false, "swapped": false, "error_lsq": 0.038924038295729574, "error_max": 0.22239577129556953, "target": "810.xyz", "model": "3.xyz", "model_rescale": 3.9243930471874484, "target_rescale": 3.8320269465141203},
{"mapping": [10, 11, 6, 2, 3, 4, 8, 7, 9, 5, 0, 1, 12], "R": [[-0.8474726954585368, 0.4435620484484042, 0.29162088338885783], [-0.26961607844262714, -0.8328910988990974, 0.483321412333318], [0.4572714737412137, 0.3309760211116653, 0.8254439246560781]], "T": [-0.16506292940700606, 0.08084309995545477, -0.03991402970075323], "aligned_model": [[-0.17544733391803927, -0.842068714061884, -0.18829510818020168, 0.6635275523190973, 0.3822679609324534, 0.3163480943782172, -0.28169612443136205, 0.21747519111160818, -0.7997217995169029, -0.3093111467513415, 0.2733689631190346, -0.2620450884294445, -0.16471877330781642], [-0.07748533162515595, -0.280316016105018, -0.6409298941861361, 0.25736978259809973, -0.3077846508058153, 0.3465831590329058, 0.5906718037075529, 0.7431806921060939, 0.3888920075819282, -0.3462341704549833, -0.11187477416704542, 0.39070293498048936, 0.03273580752092806], [-0.726901650706465, -0.233204851567103, -0.03538351824576822, 0.32544967159107563, -0.08839844145468426, -0.26350498796975935, -0.3903534104288518, 0.20069407341789972, -0.04108913728739822, 0.5687078206025644, 0.662908600818733, 0.5962790569106069, 0.06902898731173104]], "inverted": true, "swapped": false, "error_lsq": 0.04671009819533818, "error_max": 0.301753735273979, "target": "810.xyz", "model": "4.xyz", "model_rescale": 3.8936222436046832, "target_rescale": 3.8320269465141203},
{"mapping": [2, 9, 1, 0, 8, 11, 10, 7, 5, 4, 6, 12], "R": [[0.7002265077910772, -0.03286569704331768, -0.7131638547659084], [-0.32409709403799275, 0.875439612583204, -0.3585617915454722], [0.6361162719368537, 0.4822088040237621, 0.602354345795838]], "T": [0.056727585588157894, -0.1181114949646081, 0.01629846826189236], "aligned_model": [[0.067845044853332, -0.6662351896819335, -0.17699393630695948, 0.44139043384635257, -0.6100329608262074, -0.7099961651702233, -0.31897373814801294, 0.05902482252315547, 0.5744002010144831, 0.35137461003533366, 0.05792104679987699, -0.04217612672410011], [-0.6344005496432514, -0.5229307063390929, 0.14114242941408883, 0.12673187763942534, 0.2833223037427459, 0.13454211898201546, -0.4192274152214022, 0.3904896032358545, 0.09684089618250341, -0.5135024470223646, 0.6359909625602655, -0.05007616842098034], [-0.49805193559240885, -0.16670807018150152, -0.614331474167306, -0.5658403462385633, -0.15496755389392525, 0.4422358444345699, 0.5581775715100531, 0.5455204898100603, 0.12527411748327558, 0.16737505069199138, -0.1999370013523695, -0.019461973228357583]], "inverted": false, "swapped": true, "error_lsq": 0.03934322466274999, "error_max": 0.22528865782078436, "target": "810.xyz", "model": "5.xyz", "model_rescale": 3.6523030999806103, "target_rescale": 3.8320269465141203},
{"mapping": [0, 1, 5, 11, 7, 3, 2, 4, 6, 8, 9, 10, 12], "R": [[-0.7187791273361248, 0.45472500215250744, 0.5259103902028568], [-0.5690429459951633, -0.8193864776336347, -0.0692526236635913], [0.39943296273475587, -0.3490429381731527, 0.8477159521870448]], "T": [-0.13982871211892198, 0.06421126873592284, 0.11309114036438725], "aligned_model": [[-0.040685218696131314, -0.6035999178186103, -0.17861190051495798, 0.6722814844599186, 0.46820118333067273, 0.2251050336769891, -0.42786121960735757, 0.07541600508810783, -0.7227020740755292, -0.4733820476674875, 0.12570175168619238, -0.20294973535566108, -0.08722967124272749], [-0.29576038767219204, 0.04479220274040818, -0.5811696610379089, 0.32593673453399274, -0.2243224140662314, 0.1486603699940925, 0.6703569404922844, 0.5907231714034941, 0.21343933210934607, -0.40676399313283207, -0.10227519815600228, 0.5938549887736826, 0.00803926420171018], [-0.8076448178741406, -0.4035460966144834, -0.10111168354054245, 0.3288359254843033, -0.004662924641303884, -0.472000658778305, -0.24164303257370376, 0.03834804709980939, 0.3592904317836134, 0.46040595104566917, 0.7645807445131615, 0.6824471870672422, 0.040933140021261125]], "inverted": true, "swapped": false, "error_lsq": 0.04510242952203032, "error_max": 0.2747304860255759, "target": "810.xyz", "model": "6.xyz", "model_rescale": 4.08911054899281, "target_rescale": 3.8320269465141203},
{"mapping": [10, 12, 5, 3, 4, 8, 11, 9, 13, 7, 6, 2, 14], "R": [[0.789966847550731, 0.3182322810100911, 0.5240997949759901], [-0.07897795392734705, 0.9004573868852556, -0.42771366262632693], [-0.6080418263279347, 0.2964872842583506, 0.7364648176993237]], "T": [-0.10264361756149273, 0.12812087430070385, 0.07626343962655455], "aligned_model": [[-0.13928390669935337, -0.6828728595730961, -0.15675497257470078, 0.6445135115025348, 0.4196831459712035, 0.40829618951461, -0.36599700691818027, 0.2733918730352285, -0.8116819441268964, -0.4380278287202457, 0.10776320708515227, -0.36075686835192966, -0.0685888668809086], [-0.05540185816416074, -0.09285764311148209, -0.6116968053157961, 0.20999877931094757, -0.3370832048067507, 0.187644075567519, 0.453692658477785, 0.7934932024001484, 0.2551839256456321, -0.3803917356032305, 0.0027534687814891323, 0.2771095971778482, 0.2830668898238944], [-0.6196185865693424, -0.2737429025561976, -0.09764168326757058, 0.32426277314522955, -0.010968473005801144, -0.3715607170923175, -0.3350503926466305, -0.09819080285266668, 0.2067017576004984, 0.553988591792066, 0.5111829128960004, 0.8254759952561871, 0.029393740293126108]], "inverted": true, "swapped": false, "error_lsq": 0.04215978936089167, "error_max": 0.2700741764403023, "target": "810.xyz", "model": "7.xyz", "model_rescale": 3.964800864290218, "target_rescale": 3.8320269465141203},
{"mapping": [12, 9, 11, 0, 6, 2, 7, 1, 8, 10, 3, 5, 13], "R": [[-0.24236406746173694, 0.37521899515542523, -0.894690094098485], [0.4412660309349975, -0.7786464689609378, -0.4460873976224138], [-0.864027747671495, -0.5029119028708872, 0.023144528608439408]], "T": [0.009127547236349759, 0.05728046110958368, 0.020826949645017665], "aligned_model": [[-0.37048691164308634, -0.622445165408876, -0.16746030504703693, 0.6357381628898399, 0.3589349608204174, 0.4680888456655058, -0.19065820473115366, 0.05315414017582329, -0.6897866389549298, -0.5168359385320479, 0.3596942512107928, -0.42325492713768553, -0.06499859604414468], [-0.04317169183113437, -0.18757672754420304, -0.7179606212180496, 0.31764553153310765, -0.397293084004398, 0.29839550050382, 0.5618850370805368, 0.8052712033812521, 0.37281992985209494, -0.32373484093179217, -0.03755651624441392, 0.26755141642275626, 0.0692362131842674], [-0.6245234705669916, -0.10171933791657774, -0.21359002753688486, 0.2504539057639604, 0.10744962948506023, -0.39127351392695037, -0.43994744220165044, 0.06195358046271483, 0.07570304110164404, 0.5241397393254582, 0.6485781977467316, 0.7048607530306787, 0.042147158225387935]], "inverted": false, "swapped": false, "error_lsq": 0.04563001513181402, "error_max": 0.23756541063747424, "target": "810.xyz", "model": "8.xyz", "model_rescale": 4.121658175737393, "target_rescale": 3.8320269465141203},
{"mapping": [11, 3, 10, 9, 5, 7, 8, 6, 2, 0, 4, 1, 12], "R": [[0.3021863167591563, 0.5050652930656887, -0.8084506662153264], [-0.6556851363356477, 0.7257318757417852, 0.20830325614548864], [0.6919251635488031, 0.46714269155449717, 0.5504700480273037]], "T": [-0.07432885950973732, 0.08122249286379615, -0.01034045305961706], "aligned_model": [[-0.20520105062018196, -0.7542190746596831, -0.1959866591306096, 0.6775725057746905, 0.2895666730727516, 0.4062476884796937, -0.24416581820406247, 0.10103612797322668, -0.7217967733712782, -0.3548670007457181, 0.25968014395917827, -0.32659865030886814, -0.10158443895572106], [-0.02418556310609274, -0.23167190270512258, -0.6371604532265439, 0.3647702466003795, -0.4025249454772012, 0.1463735055038687, 0.6790628873997271, 0.7310086205061751, 0.30477436115252665, -0.3725340909081055, 0.024088158332537822, 0.29526499637655734, 0.10824552973513771], [-0.6225444108090782, -0.2604012137457823, -0.22389642500452941, 0.20745492170600657, 0.11329758130200718, -0.47939528715445967, -0.39020307013305844, 0.15460547620993143, 0.10436052149286093, 0.5677837179605817, 0.8102091012867958, 0.5942068776380572, 0.06875442224324821]], "inverted": true, "swapped": false, "error_lsq": 0.04061221897530984, "error_max": 0.2058928780073395, "target": "810.xyz", "model": "9.xyz", "model_rescale": 3.833441315466971, "target_rescale": 3.8320269465141203},
{"mapping": [0, 13, 10, 6, 12, 1, 5, 4, 2, 8, 7, 3, 14], "R": [[0.4335258884777258, 0.03782151442099377, -0.9003470647847425], [-0.9011190333424364, 0.011201010094348318, -0.4334270701292889], [-0.006308071622273259, 0.9992217323596246, 0.038937614367593326]], "T": [-0.022046387158524514, 0.00623920863095262, 0.10393278667824685], "aligned_model": [[-0.12874682601299897, -0.6696264999852862, -0.1918966469770339, 0.5587015082103557, 0.502033882178017, 0.34249388214351856, -0.2902955363881551, 0.15707414304675416, -0.6778245304066192, -0.5033580906646034, 0.07940316789209352, -0.272835247928662, -0.07543953184396195], [-0.1520847090089386, 0.051781581014817835, -0.7680692475963637, 0.3575788005653224, -0.25064051694691497, 0.1609846016571737, 0.4839579011258562, 0.7772601389143948, 0.2883038319913207, -0.5264374970589986, -0.04740140506951948, 0.5754594307463534, 0.034818439849340105], [-0.5498037926525154, -0.3589413119744892, -0.11367109052600954, 0.0810867540046678, -0.045642395721609885, -0.5195840040404791, -0.29263050744458274, 0.20065476357116402, 0.18786627233379316, 0.4075014505092124, 0.7602441831385587, 0.7100805704704032, 0.1770713213244675]], "inverted": false, "swapped": false, "error_lsq": 0.04014771207545863, "error_max": 0.21484295417903196, "target": "810.xyz", "model": "10.xyz", "model_rescale": 4.2482417240324, "target_rescale": 3.8320269465141203},
{"mapping": [2, 9, 8, 11, 0, 6, 1, 7, 10, 5, 4, 12], "R": [[-0.12909610961660925, 0.8570287290871264, 0.49883459382961937], [0.2476878674100273, 0.5149675090669542, -0.8206455903392458], [-0.9602004555402633, 0.017613123649183382, -0.27875592021621615]], "T": [-0.10079284250074477, 0.09327460730069731, -0.17715686623892285], "aligned_model": [[-0.7475570574914567, -0.1217291016303787, 0.35346646976040497, 0.6868471717253735, -0.5007844077966668, 0.22451804183437646, -0.22926667459432246, 0.5442871641150597, 0.23500989210297318, -0.14568058033052098, -0.3875997338707496, -0.03474558146108536], [-0.1962191003295845, -0.6959346889195785, -0.11928686282440923, -0.3451616695028871, 0.5928609149920443, 0.6146110475017825, 0.1480320728474777, 0.3862927119387985, -0.43351379196056644, 0.6105300515545016, 0.035617142316579725, 0.06830356243648097], [-0.006499996243943318, 0.13389862921209678, 0.4421305226095478, -0.033913555014120134, 0.19327484426338443, 0.3105016861987223, 0.5299701137477437, -0.36890794941351623, -0.544833015129027, -0.414847959315082, -0.6018831681531693, -0.07369786290828022]], "inverted": false, "swapped": true, "error_lsq": 0.03757753577674061, "error_max": 0.20571965063327266, "target": "810.xyz", "model": "11.xyz", "model_rescale": 3.6694154284099745, "target_rescale": 3.8320269465141203},
{"mapping": [9, 8, 11, 5, 6, 7, 10, 12, 2, 4, 0, 1, 13], "R": [[-0.4506334211344389, -0.8850611541304317, 0.11660305830457325], [-0.8837075766113992, 0.42376575565510466, -0.19870456304188436], [0.1264533067826996, -0.19258592311840025, -0.9730982598999723]], "T": [-0.07431325603348377, 0.0701424479410412, 0.054565948806368225], "aligned_model": [[-0.24277493903032527, -0.7447238049794445, -0.18426845432658706, 0.7021204386737852, 0.33494757579742324, 0.3876017405663489, -0.17625430822821403, 0.04623153073583658, -0.6232266504298698, -0.31033913224136556, 0.2155700776917452, -0.5100301463610877, -0.06517025460482676], [-0.1041896313822515, -0.10934420864175358, -0.6070689949689833, 0.25745467058353955, -0.3135872493369169, 0.18972878130816823, 0.5154859864084755, 0.7234164280200934, 0.4195645132954078, -0.4338874132853199, 0.04176105362319253, 0.3405051093164458, 0.06567230524374587], [-0.7108850648912933, -0.24698352852993122, -0.21805680311856074, 0.13602539545700798, 0.12606367191494455, -0.5150821559543929, -0.38680231232165896, 0.19764131915676073, 0.10852777872384914, 0.5423408297737352, 0.7071761032710231, 0.7280110593527386, 0.1762559201583588]], "inverted": false, "swapped": false, "error_lsq": 0.04094416398148067, "error_max": 0.20932029001443866, "target": "810.xyz", "model": "12.xyz", "model_rescale": 3.9764082729961374, "target_rescale": 3.8320269465141203},
{"mapping": [5, 6, 12, 2, 1, 0, 4, 7, 14, 11, 8, 3, 15], "R": [[0.5270050871111873, 0.5619363076208996, 0.6375682115164776], [0.32051392565877834, -0.826222414679341, 0.463278906211192], [0.7871063851968991, -0.03980084997621221, -0.615531827547075]], "T": [-0.10325273742404498, -0.053232236249330045, -0.011678954873907223], "aligned_model": [[-0.15838281723348482, -0.7974214783721408, -0.0340188729954254, 0.6248107054501958, 0.4169196820940959, 0.3842023585944515, -0.2382364906733345, 0.16999490335393833, -0.8193669178967559, -0.40781984720143816, 0.15312869263135706, -0.31334229893264504, -0.1507839455553957], [-0.00995727383061068, 0.04422037780739098, -0.672441067001212, 0.17624761758816493, -0.39002160961556864, 0.342123346782761, 0.5414480383460577, 0.6455116257173295, 0.0384804250870906, -0.24457900617234873, 0.015243567587003057, 0.457146008972265, 0.0420892989155212], [-0.8470901457030592, -0.3154742030317394, -0.14952173083055617, 0.21966955655192535, 0.12730359878379233, -0.376630219885025, -0.3911502701865633, 0.07846782042157582, 0.3312165216952041, 0.6962546493795448, 0.6434793948861061, 0.6237892742794164, 0.003917966631959032]], "inverted": true, "swapped": false, "error_lsq": 0.04295416860023356, "error_max": 0.2950955378629646, "target": "810.xyz", "model": "13.xyz", "model_rescale": 4.170626492500431, "target_rescale": 3.8320269465141203},
{"mapping": [4, 6, 2, 7, 0, 8, 12, 10, 11, 3, 1, 9, 13], "R": [[0.8644834955829388, -0.4406234283050961, -0.24190758626667186], [0.3555320896753256, 0.19577971793674045, 0.9139295570533361], [-0.355338175652152, -0.8760829278517386, 0.325904103151412]], "T": [-0.1051307270766967, 0.02846272367061646, 0.010390049902193575], "aligned_model": [[-0.011402974517210826, -0.8863102847024724, -0.11456445271524131, 0.6384560077472056, 0.37407565963418754, 0.39180895796117393, -0.2312534179760784, 0.023483873423861476, -0.6942647238969776, -0.486992880439381, 0.22600165444323267, -0.19661120367782942, -0.20274254202105196], [-0.09285724626103754, -0.2303428874361661, -0.6069450627054439, 0.2851932839844664, -0.3121761663819078, 0.3760446386669212, 0.5753069067156426, 0.5698417167330431, 0.33450097039935395, -0.32668755113029674, -0.09764433239440433, 0.45443632274504775, 0.05684075724862526], [-0.6821124438759524, -0.16358529730921353, -0.16019751432684406, 0.20685376177711556, 0.11130978061509908, -0.41832203834222154, -0.4594616580826661, 0.10363904659183179, 0.25312730798365785, 0.46152548695844287, 0.6924918210587417, 0.6933865753371946, 0.0055773846073951805]], "inverted": false, "swapped": false, "error_lsq": 0.04331989475225037, "error_max": 0.32031492947209134, "target": "810.xyz", "model": "14.xyz", "model_rescale": 3.9786697098870705, "target_rescale": 3.8320269465141203},
{"mapping": [9, 2, 8, 11, 1, 6, 4, 5, 7, 10, 0, 12], "R": [[0.2618516556181075, -0.8924643919022415, -0.36734319054069614], [0.2807817074064334, -0.29371230234541446, 0.9137257335967307], [-0.9233608954444539, -0.3424038443673173, 0.1736786231132028]], "T": [-0.06830134366337387, -0.02679891170736855, 0.10168230993464018], "aligned_model": [[-0.11122535759438074, -0.7022554592870689, 0.4599439153676191, 0.6877989046603787, -0.07284506745290928, 0.3800953200470587, -0.4252730134311279, -0.10329037386883494, 0.5608524840538869, 0.15171805090264537, -0.3534319953088899, 0.011267188678959206], [-0.5148533576311484, -0.0686205945823326, 0.04811112867907828, -0.4477255414249776, 0.4147106178535966, 0.6103304952299033, -0.25149594082387466, 0.2850047314075487, 0.007067050034482238, -0.715887749051202, 0.6519018603351819, -0.003868209801817006], [-0.5911420172069581, -0.25551154492829975, -0.4902604267426977, -0.18858479794616811, -0.46803793832055246, 0.009833140623585312, 0.39842711584185325, 0.5787770754173073, 0.4782123355418952, 0.14862147150750732, 0.03193163390014257, 0.0077004461862160145]], "inverted": true, "swapped": true, "error_lsq": 0.04988275855791107, "error_max": 0.34262499918167677, "target": "810.xyz", "model": "15.xyz", "model_rescale": 3.769337070930944, "target_rescale": 3.8320269465141203},
{"mapping": [4, 10, 0, 5, 2, 9, 1, 11, 6, 7, 12], "R": [[0.9551225467271931, 0.287267173896984, -0.07223912744905503], [0.08706718744301098, -0.039164494401824484, 0.9954322916446969], [0.28312581232399925, -0.9570494831404954, -0.062418436510266254]], "T": [-0.0986540493606235, 0.06273148970631907, -0.09257863536568232], "aligned_model": [[-0.4269734351741365, -0.22197367975771876, 0.0447705979247581, -0.5363066882498648, 0.23820762736355394, 0.5308404862251521, 0.5188995267289175, 0.15526627075397814, 0.0766757181505483, -0.4557477138876912, -0.001032579386326199], [-0.008378003105279475, -0.6515795088553901, 0.7848534361870823, 0.4188408674001603, 0.18056497294783896, -0.45887886010974394, 0.42124482387581347, -0.5988086733685937, 0.5173442853278256, -0.05909835125937071, 0.04995950858499912], [-0.4838903125165015, -0.08987480128507228, -0.16163403521332426, -0.0047638408421912665, -0.7280892999562215, -0.31996472568243534, 0.005544966650707889, 0.48275682391861274, 0.5222517459556171, 0.5370227520888612, -0.015141665894275708]], "inverted": true, "swapped": true, "error_lsq": 0.04693009124785896, "error_max": 0.21407542196130586, "target": "810.xyz", "model": "16.xyz", "model_rescale": 3.7852294659196426, "target_rescale": 3.8320269465141203},
{"mapping": [3, 1, 2, 9, 8, 0, 4, 10, 5, 7, 11, 6, 12], "R": [[0.806482104103712, 0.23531381180829292, -0.5424149940153766], [-0.558522714188322, 0.6042196750122797, -0.5683053422798044], [0.19400771504288108, 0.7612791828891073, 0.6187204637019319]], "T": [-0.09279653790824152, 0.03304064133100405, -0.004061865735365086], "aligned_model": [[-0.07125965912129391, -0.6777847829617697, -0.23287314793791922, 0.7168877492245528, 0.48753473274395875, 0.24488173313899467, -0.3598159061533428, 0.10666060037986336, -0.6744812816193149, -0.5082950608487041, 0.20003048137916699, -0.3708316201231179, -0.030970164837655745], [-0.3257580490847979, -0.17772924174243565, -0.5603746860573267, 0.3001647406170067, -0.26014392313819595, 0.34681720145819284, 0.5987005383559828, 0.7102528034228617, 0.3328517008066277, -0.18935081794498138, -0.2649839946744546, 0.4018470927616142, 0.07321798540374977], [-0.7134947616251582, -0.3000668720874056, 0.04414408382963296, 0.13847885217619205, -0.042328544617620936, -0.5073160870947289, -0.3365016692626683, 0.38433948954024616, 0.058907953307329855, 0.5149082889477469, 0.5987363820576583, 0.7536132165676712, 0.05081188125368568]], "inverted": false, "swapped": false, "error_lsq": 0.0522013196628574, "error_max": 0.29461418718381965, "target": "810.xyz", "model": "17.xyz", "model_rescale": 3.901054581598922, "target_rescale": 3.8320269465141203},
{"mapping": [0, 3, 2, 4, 8, 1, 7, 6, 12, 13, 10, 11, 14], "R": [[-0.5152345488119771, -0.8508734668253977, 0.10270201148491556], [0.8517883562484123, -0.4951249323787702, 0.17119549496568576], [-0.09481537781471042, 0.17568621115342997, 0.9798695828223296]], "T": [-0.047030180762887654, 0.011783509206537437, 0.1275468445284741], "aligned_model": [[-0.16660025384274554, -0.667980967422968, -0.19150639174971662, 0.7295284193951032, 0.4510603432162174, 0.28728530942701463, -0.3157161717378726, 0.07808541648324144, -0.7428904657882469, -0.5725785715979129, 0.3476485381610964, -0.31619544263588023, -0.09045608864391193], [-0.04487038285126897, -0.1740058120479992, -0.7293835377610537, 0.13998615916908663, -0.40419164296826066, 0.3329650070073868, 0.49731199716463753, 0.7518615239903491, 0.262458815398267, -0.45809762634213685, 0.18263946529078223, 0.6024357913408024, 0.026401592793251518], [-0.619445694013823, -0.27656741922223926, -0.20940439072128436, 0.20561598678743703, -0.011337117235463906, -0.3928002972195369, -0.23542278151777735, 0.1086692220739014, 0.1976571766295245, 0.3022259951068495, 0.8257521862639282, 0.5916706775053037, 0.15761866855576123]], "inverted": false, "swapped": false, "error_lsq": 0.04418734744038362, "error_max": 0.27092482961673503, "target": "810.xyz", "model": "18.xyz", "model_rescale": 3.9405287249114394, "target_rescale": 3.8320269465141203},
{"mapping": [4, 7, 0, 3, 1, 12, 13, 14, 9, 5, 2, 11, 15], "R": [[-0.0856022222303228, 0.9626667956605087, -0.2567973911120576], [-0.3007750672103936, -0.2706871869634305, -0.9144740596421574], [-0.9498455761300433, -0.001042759106170521, 0.3127175948993482]], "T": [-0.07743012783262239, 0.05027085435167253, 0.004609461295754756], "aligned_model": [[-0.17316241233980378, -0.7019330735670933, 0.0007420128420784627, 0.7428927291122153, 0.45069029844592545, 0.27793548601688356, -0.36692225006346046, 0.1977345466738497, -0.8088297712725925, -0.49588714050439187, 0.13689991060912854, -0.3640846465279225, -0.066392016161398], [-0.19034525676953104, -0.03855043295826317, -0.5787497178002984, 0.24367717266108904, -0.33961226162363456, 0.2212836662860508, 0.6294138852377769, 0.7701073149053554, 0.17187264466060917, -0.2661453952348305, -0.213469844706532, 0.5270688575347893, 0.048960717991263156], [-0.679206482791558, -0.30801235277184535, -0.26165449455988316, 0.1274630379055609, 0.07242830236657238, -0.3756653878029644, -0.1746041160757976, 0.08115248212377635, 0.20279476127050391, 0.6496188630119608, 0.8045024299452447, 0.4625461959785871, 0.04286897439242333]], "inverted": true, "swapped": false, "error_lsq": 0.04549466414487039, "error_max": 0.2618158301011905, "target": "810.xyz", "model": "19.xyz", "model_rescale": 4.410303926677745, "target_rescale": 3.8320269465141203},
{"mapping": [12, 9, 11, 0, 6, 2, 7, 1, 8, 10, 3, 5, 13], "R": [[-0.24236406746173694, 0.37521899515542523, -0.894690094098485], [0.4412660309349975, -0.7786464689609378, -0.4460873976224138], [-0.864027747671495, -0.5029119028708872, 0.023144528608439408]], "T": [0.009127547236349759, 0.05728046110958368, 0.020826949645017665], "aligned_model": [[-0.37048691164308634, -0.622445165408876, -0.16746030504703693, 0.6357381628898399, 0.3589349608204174, 0.4680888456655058, -0.19065820473115366, 0.05315414017582329, -0.6897866389549298, -0.5168359385320479, 0.3596942512107928, -0.42325492713768553, -0.06499859604414468], [-0.04317169183113437, -0.18757672754420304, -0.7179606212180496, 0.31764553153310765, -0.397293084004398, 0.29839550050382, 0.5618850370805368, 0.8052712033812521, 0.37281992985209494, -0.32373484093179217, -0.03755651624441392, 0.26755141642275626, 0.0692362131842674], [-0.6245234705669916, -0.10171933791657774, -0.21359002753688486, 0.2504539057639604, 0.10744962948506023, -0.39127351392695037, -0.43994744220165044, 0.06195358046271483, 0.07570304110164404, 0.5241397393254582, 0.6485781977467316, 0.7048607530306787, 0.042147158225387935]], "inverted": false, "swapped": false, "error_lsq": 0.04563001513181402, "error_max": 0.23756541063747424, "target": "810.xyz", "model": "20.xyz", "model_rescale": 4.121658175737393, "target_rescale": 3.8320269465141203},
{"mapping": [0, 1, 5, 11, 7, 3, 2, 4, 6, 8, 9, 10, 12], "R": [[-0.7187791273361248, 0.45472500215250744, 0.5259103902028568], [-0.5690429459951633, -0.8193864776336347, -0.0692526236635913], [0.39943296273475587, -0.3490429381731527, 0.8477159521870448]], "T": [-0.13982871211892198, 0.06421126873592284, 0.11309114036438725], "aligned_model": [[-0.040685218696131314, -0.6035999178186103, -0.17861190051495798, 0.6722814844599186, 0.46820118333067273, 0.2251050336769891, -0.42786121960735757, 0.07541600508810783, -0.7227020740755292, -0.4733820476674875, 0.12570175168619238, -0.20294973535566108, -0.08722967124272749], [-0.29576038767219204, 0.04479220274040818, -0.5811696610379089, 0.32593673453399274, -0.2243224140662314, 0.1486603699940925, 0.6703569404922844, 0.5907231714034941, 0.21343933210934607, -0.40676399313283207, -0.10227519815600228, 0.5938549887736826, 0.00803926420171018], [-0.8076448178741406, -0.4035460966144834, -0.10111168354054245, 0.3288359254843033, -0.004662924641303884, -0.472000658778305, -0.24164303257370376, 0.03834804709980939, 0.3592904317836134, 0.46040595104566917, 0.7645807445131615, 0.6824471870672422, 0.040933140021261125]], "inverted": true, "swapped": false, "error_lsq": 0.04510242952203032, "error_max": 0.2747304860255759, "target": "810.xyz", "model": "21.xyz", "model_rescale": 4.08911054899281, "target_rescale": 3.8320269465141203},
{"mapping": [12, 9, 14, 0, 4, 7, 10, 6, 5, 15, 1, 8, 16], "R": [[-0.09405752444299142, 0.8922514947338442, 0.441633844084528], [0.33482702909508577, -0.3894095406351811, 0.8580507387384828], [0.9375734865507956, 0.2285770762948865, -0.26212301980075503]], "T": [-0.07611078136535455, -0.023140773055565764, 0.09485534441075447], "aligned_model": [[-0.1942281275762769, -0.7010381783015732, -0.30379893597894136, 0.6315508178794413, 0.5490638277836005, 0.24089688469570347, -0.3769119471680088, 0.14399080415985038, -0.6598078771640534, -0.3849113814685072, 0.12648067337173535, -0.2109889095694148, -0.030613977400137007], [-0.15602855062908194, -0.055795435013662395, -0.5519670921365376, 0.2661271243193868, -0.33208408864656563, 0.3709327452912083, 0.5157601979278423, 0.6879400174718903, 0.37282747309851644, -0.5587940400363254, -0.008798600455147437, 0.45686590623543677, -0.021474307243116563], [-0.6216351559657306, -0.24565461605067287, -0.18855851277162308, 0.21982951246898275, 0.09656464100587485, -0.40515304532460705, -0.42499060521263243, 0.1333719634667922, 0.07949623174131554, 0.48115158415810866, 0.8621554068495952, 0.5766888181631153, 0.08096599046406244]], "inverted": true, "swapped": false, "error_lsq": 0.04103320310772134, "error_max": 0.2194809861945227, "target": "810.xyz", "model": "22.xyz", "model_rescale": 4.204369325754507, "target_rescale": 3.8320269465141203},
{"mapping": [4, 7, 0, 3, 1, 12, 13, 14, 9, 5, 2, 11, 15], "R": [[-0.0856022222303228, 0.9626667956605087, -0.2567973911120576], [-0.3007750672103936, -0.2706871869634305, -0.9144740596421574], [-0.9498455761300433, -0.001042759106170521, 0.3127175948993482]], "T": [-0.07743012783262239, 0.05027085435167253, 0.004609461295754756], "aligned_model": [[-0.17316241233980378, -0.7019330735670933, 0.0007420128420784627, 0.7428927291122153, 0.45069029844592545, 0.27793548601688356, -0.36692225006346046, 0.1977345466738497, -0.8088297712725925, -0.49588714050439187, 0.13689991060912854, -0.3640846465279225, -0.066392016161398], [-0.19034525676953104, -0.03855043295826317, -0.5787497178002984, 0.24367717266108904, -0.33961226162363456, 0.2212836662860508, 0.6294138852377769, 0.7701073149053554, 0.17187264466060917, -0.2661453952348305, -0.213469844706532, 0.5270688575347893, 0.048960717991263156], [-0.679206482791558, -0.30801235277184535, -0.26165449455988316, 0.1274630379055609, 0.07242830236657238, -0.3756653878029644, -0.1746041160757976, 0.08115248212377635, 0.20279476127050391, 0.6496188630119608, 0.8045024299452447, 0.4625461959785871, 0.04286897439242333]], "inverted": true, "swapped": false, "error_lsq": 0.04549466414487039, "error_max": 0.2618158301011905, "target": "810.xyz", "model": "23.xyz", "model_rescale": 4.410303926677745, "target_rescale": 3.8320269465141203},
{"mapping": [1, 10, 3, 12, 0, 7, 11, 13, 9, 4, 5, 15, 16], "R": [[0.5209486610084186, -0.623539506426482, 0.5829330806524496], [-0.3221801202634018, -0.7760426285798293, -0.5421787608657955], [0.7904507971408442, 0.09463784947011826, -0.6051704014135817]], "T": [-0.1364998057271717, 0.18232698942729278, 0.10001617215594139], "aligned_model": [[-0.11676740298203944, -0.6848503693096691, -0.13853213969036418, 0.6341677851566804, 0.4554624474892377, 0.27877902551332867, -0.42115951416877706, 0.31490150856535526, -0.718989788347333, -0.32809823189105913, 0.09199435066212644, -0.4104687862169155, -0.12675521151715258], [-0.16437255876853693, -0.09439567918783506, -0.683008313760239, 0.15910456195351427, -0.26694661317610957, 0.298377837481134, 0.5057459697867843, 0.7209610124264643, 0.3949138403198652, -0.4033897617239506, -0.025616293779708393, 0.46953450546109476, 0.07460284315136612], [-0.6846782939472986, -0.11566917822487274, -0.1458326987181509, 0.3274101430681063, -0.0345933812081472, -0.40595476542032516, -0.3637623311664203, 0.08278635637502552, 0.18907926553994406, 0.40679019893054386, 0.6478775094420912, 0.6931156842935363, 0.04766370402854857]], "inverted": true, "swapped": false, "error_lsq": 0.03489937533052456, "error_max": 0.21812604792107257, "target": "810.xyz", "model": "24.xyz", "model_rescale": 4.28219845311461, "target_rescale": 3.8320269465141203},
{"mapping": [0, 2, 6, 5, 8, 1, 4, 9, 13, 14, 11, 12, 15], "R": [[-0.7187251110231949, -0.6951348790661871, 0.014890086982070064], [0.6947067482224647, -0.7188332753089293, -0.025714903904272876], [0.02857881661065162, -0.008137703255485762, 0.9995584170156642]], "T": [-0.09900035098361662, 0.19418239657077127, 0.05342991155701779], "aligned_model": [[-0.24072388880882245, -0.6746578250572286, -0.10716906239085473, 0.738125112756227, 0.41990456308532975, 0.37120362620230374, -0.3447518541523966, 0.1402690250164861, -0.6239986094510304, -0.44314011593730507, 0.07897385301924328, -0.36834462743912855, -0.11600652357940466], [-0.18353098041872204, -0.1283350514762587, -0.6712131807941476, 0.21156030683432936, -0.26250278777133296, 0.18220382630747436, 0.46725798069459434, 0.7338353084565346, 0.4171898850446616, -0.3357590826947817, 0.09447305801636238, 0.29635849506209894, 0.16397357292303086], [-0.6556548617284522, -0.12927474803419048, -0.19800775823851122, 0.20899226917403554, -0.010775925298689787, -0.3808996091293625, -0.5787761443072311, 0.38266931424236994, 0.21944480735783073, 0.47872331101918475, 0.5582668176595582, 0.7615496795841301, -0.012024939308090857]], "inverted": false, "swapped": false, "error_lsq": 0.041338109841411466, "error_max": 0.25232916125561017, "target": "810.xyz", "model": "25.xyz", "model_rescale": 4.100010024507729, "target_rescale": 3.8320269465141203},
{"mapping": [2, 9, 8, 11, 0, 6, 1, 7, 10, 5, 4, 12], "R": [[-0.12909610961660925, 0.8570287290871264, 0.49883459382961937], [0.2476878674100273, 0.5149675090669542, -0.8206455903392458], [-0.9602004555402633, 0.017613123649183382, -0.27875592021621615]], "T": [-0.10079284250074477, 0.09327460730069731, -0.17715686623892285], "aligned_model": [[-0.7475570574914567, -0.1217291016303787, 0.35346646976040497, 0.6868471717253735, -0.5007844077966668, 0.22451804183437646, -0.22926667459432246, 0.5442871641150597, 0.23500989210297318, -0.14568058033052098, -0.3875997338707496, -0.03474558146108536], [-0.1962191003295845, -0.6959346889195785, -0.11928686282440923, -0.3451616695028871, 0.5928609149920443, 0.6146110475017825, 0.1480320728474777, 0.3862927119387985, -0.43351379196056644, 0.6105300515545016, 0.035617142316579725, 0.06830356243648097], [-0.006499996243943318, 0.13389862921209678, 0.4421305226095478, -0.033913555014120134, 0.19327484426338443, 0.3105016861987223, 0.5299701137477437, -0.36890794941351623, -0.544833015129027, -0.414847959315082, -0.6018831681531693, -0.07369786290828022]], "inverted": false, "swapped": true, "error_lsq": 0.03757753577674061, "error_max": 0.20571965063327266, "target": "810.xyz", "model": "26.xyz", "model_rescale": 3.6694154284099745, "target_rescale": 3.8320269465141203},
{"mapping": [4, 5, 0, 11, 2, 10, 8, 9, 7, 1, 12, 3, 13], "R": [[0.10229732160611316, 0.42681599795235325, -0.8985340070827327], [-0.564854346733108, -0.7185995653635323, -0.40565284620726694], [-0.8188252713301717, 0.5490380392570987, 0.16757806085460963]], "T": [-0.11434660737994315, 0.09074874602493935, 0.037341346454882275], "aligned_model": [[0.04076365239290855, -0.8213824973789903, -0.22725113143325532, 0.7204883686029763, 0.3840842993576946, 0.28340580186095965, -0.3098856155163079, 0.054088312176203884, -0.6351928283367464, -0.6446127290877496, 0.3789132333757027, -0.3202375978984219, -0.0734975948515563], [-0.15764699611512045, -0.19296056577698015, -0.5228738658559071, 0.22689568765170728, -0.3714556623301133, 0.31588064439209723, 0.46395430403199867, 0.7328935703480615, 0.3755320092327382, -0.5024372119485452, 0.15852143798668755, 0.40851146048631615, 0.050696538080903325], [-0.730624103737256, -0.17617159547437586, -0.18095478674487175, 0.18118168296195347, 0.04530139099840056, -0.35380999148644926, -0.44311604000070703, 0.19272229103784475, 0.2464973452456843, 0.4202184979379532, 0.655268854403365, 0.7511109014619586, 0.03660776638908109]], "inverted": true, "swapped": false, "error_lsq": 0.045392246240120726, "error_max": 0.25325947539318067, "target": "810.xyz", "model": "27.xyz", "model_rescale": 4.103607728864725, "target_rescale": 3.8320269465141203},
{"mapping": [0, 5, 1, 12, 2, 3, 9, 10, 6, 8, 13, 11, 14], "R": [[-0.34189567186856573, 0.7715850624735816, 0.5364362412488382], [0.5759611679182843, 0.6231050035882475, -0.5291586600949632], [-0.7425470238360319, 0.12804938840513785, -0.6574399375770552]], "T": [-0.10076160342966434, 0.15705774266921757, 0.13509399792047108], "aligned_model": [[-0.061713714958911314, -0.7091502406530079, -0.22040017361370756, 0.7514537843965239, 0.44376336126882554, 0.43552993112368843, -0.4564239953133594, -0.02483374673383855, -0.6587470873964473, -0.3486354883812489, 0.18655651769720138, -0.42839964594436797, -0.07931582822793207], [-0.12335833831768317, 0.008931597859915374, -0.6418955103332297, 0.18891439802886764, -0.30777004366109395, 0.20052994563751814, 0.5786044390482996, 0.6568210317727045, 0.45668702219834845, -0.44097329454539436, 0.04194790796492545, 0.33565276946156475, 0.031419425069100754], [-0.5202943029451842, -0.24314180380026182, -0.2524897273776827, 0.23513250743701722, -0.03445952786844339, -0.3883870524550912, -0.4698246510104761, 0.0699258174349365, 0.14700018887638436, 0.6382812319533351, 0.7043659506637795, 0.7119981173038066, 0.04612546478046135]], "inverted": true, "swapped": false, "error_lsq": 0.03857274853236804, "error_max": 0.23039084134406518, "target": "810.xyz", "model": "28.xyz", "model_rescale": 4.137296879288765, "target_rescale": 3.8320269465141203},
