[{"mapping": [0, 9, 4, 6, 1, 7, 12, 10, 3, 8, 5, 13], "R": [[-0.6872240075162453, 0.3335363106639536, -0.6453500545920722], [0.7127507269462022, 0.481263207039429, -0.5102667212231113], [0.14039075728470254, -0.8106412616063918, -0.568463877700444]], "T": [-0.12095768697154488, -0.020632504306890627, 0.041397116489578126], "aligned_model": [[-0.18453589135845203, 0.3041382994661658, 0.4511674613297929, 0.031000057485538385, -0.3260118693827116, -0.6492638604362378, 0.4859836995331134, -0.2631765360527756, 0.7249489564812778, -0.02974924526402914, -0.6781266391125077, -0.02873197022862542], [-0.3118851349957286, -0.5229192991185198, -0.3217697542915658, 0.617892193515812, 0.23315241055980906, -0.46867175922258103, -0.18539655711229625, -0.7048913598366104, -0.037540948131806674, 0.39926355238044, 0.3382467059408566, 0.018074986289247905], [-0.5725303404447799, 0.038961892753161656, -0.5358229034220995, -0.0892492947315502, -0.5523150231761131, 2.0019313359445623e-05, 0.5435702392935754, 0.4765531258104684, -0.1065387588539402, 0.5581111119232309, 0.39867839052175147, 0.02251328636649809]], "inverted": true, "swapped": true, "error_lsq": 0.05328613648532476, "error_max": 0.3067961051462527, "target": "811.xyz", "model": "0.xyz", "model_rescale": 3.751011558992144, "target_rescale": 3.9878037401783084},
{"mapping": [1, 8, 2, 3, 0, 10, 5, 4, 9, 7, 6, 11, 12, 14], "R": [[-0.6661296161968963, -0.08409309313016494, 0.7410800807693976], [-0.71146227578874, 0.3698161157556631, -0.5975428609371054], [-0.22381412947998253, -0.9252915174231282, -0.30617453066824846]], "T": [0.0681391839248989, -0.0611334996776181, 0.05406148479743553], "aligned_model": [[0.4351829274796163, -0.2347198459198603, 0.10439566447811668, 0.6118440866143404, 0.6828152431267065, -0.5982384532020449, -0.4072463288312177, -0.3223835860339681, -0.3314866258249809, 0.6748428081270909, 0.3165581865440681, 0.07638856436885658, 0.4554097301846043, 0.07199495811526704], [-0.0074237529263854116, -0.4901523545564405, -0.8758575657331072, -0.4157250469224616, -0.45121860675508174, 0.41125261451107054, -0.40069556484356356, 0.09587110266598797, 0.09191143253473821, 0.2046755556746735, 0.5912158355351407, 0.6731237390009293, 0.18750193500711027, -0.03488865354873697], [-0.535921313983252, -0.3516939616722673, 0.19062013811538972, 0.4566229123171964, -0.1592726896331623, -0.01836745960798139, 0.2749511974539156, -0.6155768436279824, 0.555126432923087, 0.02351181589756199, -0.22244184114152957, 0.36635820923930595, 0.6373084725273821, 0.10202140035649102]], "inverted": true, "swapped": false, "error_lsq": 0.04859290473935347, "error_max": 0.38767626434022634, "target": "811.xyz", "model": "1.xyz", "model_rescale": 3.9405287249114394, "target_rescale": 3.9878037401783084},
{"mapping": [5, 11, 8, 9, 12, 6, 7, 10, 3, 2, 4, 1, 13], "R": [[-0.705101811811605, -0.7041138244263964, 0.08399498337178088], [0.7075383917698338, -0.6907177677470755, 0.14932645274784567], [-0.04712599231580397, 0.16472002783550976, 0.9852139124464898]], "T": [-0.09590213135065531, 0.04705790059944003, 0.09709402871474403], "aligned_model": [[-0.37068192495633023, 0.30207368264740864, -0.23026772797675737, 0.43034045329980164, 0.3814034142787226, -0.6862313520410818, 0.1794580957279259, 0.6658992215206823, 0.021700703699956678, -0.5029096258301318, 0.037477235951186294, -0.6121716498777274, -0.12010724715972422], [0.7395785764983787, 0.4771579965045649, 0.3098693960959241, -0.34799871342079597, -0.1737086916805689, -0.09042340338627156, 0.40992627653070424, 0.3471465721495506, -0.7272389622376955, -0.5690278250269718, -0.7784229889099996, -0.10296288304220147, -0.035062756502600885], [-0.011499783403894348, -0.3924202818245315, -0.5066451828787264, 0.09520562687480072, -0.512122199614978, -0.18660252193125904, 0.6206032818605528, 0.18313252488712028, -0.25555722892158245, 0.20259557247341026, 0.3250962775344928, 0.5092925903813224, 0.042041674151916356]], "inverted": true, "swapped": true, "error_lsq": 0.04623315043111373, "error_max": 0.24207381838890002, "target": "811.xyz", "model": "2.xyz", "model_rescale": 3.932901565614263, "target_rescale": 3.9878037401783084},
{"mapping": [1, 1, 2, 4, 0, 12, 6, 11, 5, 3, 8, 9, 7, 13], "R": [[0.7350105443184373, -0.47818608072162266, 0.48072608827149044], [0.29273880498363675, -0.41570896926532014, -0.8610981621912325], [0.6116073019491081, 0.7736434095088379, -0.16556685394750276]], "T": [0.14140277947817012, 0.039530597049539276, 0.004265670918942269], "aligned_model": [[0.11602296274377158, 0.11602296274377158, 0.11801474016452376, 0.3921514363049804, 0.6308919730775757, -0.5737648065312184, -0.37260839060705486, -0.09354417773791032, -0.20345945468138574, 0.5632775275420735, 0.3643286118512512, -0.06780929956065285, 0.5128687865684503, 0.032964457348418685], [-0.5059103567350008, -0.5059103567350008, -0.7802025984417303, -0.4885339184173209, -0.41670674710776423, 0.20349970665813488, -0.35171674708880385, 0.5008805082048836, 0.06372506632489984, 0.15314963562198064, 0.719924185073127, 0.626156569215796, 0.31896308665993994, 0.04227263641073185], [-0.49635259857318614, -0.49635259857318614, 0.15154208113128848, 0.6534955093753062, -0.030348549983757828, 0.21587678871572397, 0.22654993355143166, -0.7235151237845797, 0.6345706389793492, -0.2599272303882489, -0.1574605303258359, 0.3940004706906499, 0.5461817499142788, 0.04498592843492088]], "inverted": true, "swapped": false, "error_lsq": 0.05562781037831953, "error_max": 0.3883826971084707, "target": "811.xyz", "model": "3.xyz", "model_rescale": 3.9243930471874484, "target_rescale": 3.9878037401783084},
{"mapping": [9, 12, 4, 0, 2, 10, 7, 3, 6, 8, 1, 5, 13], "R": [[0.2835742611059165, -0.9287340793610688, -0.23882765390880129], [-0.4550929483445681, -0.34955520289272496, 0.818963716227816], [-0.8440829620394446, -0.12354824953828583, -0.5217851887805398]], "T": [-0.08437224969997147, -0.060772074585197886, 0.01196469698673476], "aligned_model": [[0.0051203557931341764, -0.3581320537061563, 0.6150513100279924, 0.42752226667363113, 0.6314667832259885, -0.6223930144446986, -0.2862374884305188, 0.3474044499132558, 0.1687168983003685, -0.4805035685974623, 0.42619332913697616, -0.5672508637545126, -0.02975251782664578], [-0.3774127781325207, 0.11450759811053852, -0.28684486794956093, -0.49815831697016033, 0.14240800505673806, -0.6239650297067212, -0.6544736324185799, 0.16857207605633184, 0.5389505598657507, 0.4790031611685935, -0.043955319152500935, 0.16872260416883744, 0.0004754935848407457], [-0.5578899254051066, -0.724265899406779, -0.4472646098218525, 0.12347471632633707, -0.039412650111655706, -0.2547645418640133, 0.3091641866490121, -0.6942216172119181, 0.16737407729144566, -0.04589465310264705, 0.45692322535565244, 0.5420985235478267, -0.048250516875338316]], "inverted": false, "swapped": true, "error_lsq": 0.04214142667262315, "error_max": 0.2889409441637336, "target": "811.xyz", "model": "4.xyz", "model_rescale": 3.8936222436046832, "target_rescale": 3.9878037401783084},
{"mapping": [10, 9, 12, 11, 3, 2, 1, 6, 5, 7, 8, 13], "R": [[0.7729121335929479, -0.6272754451377501, 0.09556332807115109], [0.33939184104795345, 0.2814506181704834, -0.8975515181656892], [0.536115670331392, 0.7261618727657699, 0.430428765960678]], "T": [-0.05429839768681161, -0.10195088685296996, 0.0695057266668663], "aligned_model": [[0.16760251344362131, -0.4971999651703589, -0.2915288254481295, 0.35779695160955555, -0.8193883326732221, -0.6329678094125033, -0.17308464149517455, -0.12182683434922575, 0.665481126568295, 0.25643175417253244, 0.24737510940709123, -0.13114300443738405], [-0.5926219126066767, -0.33534895387010727, 0.19296545916497568, 0.07396561631444473, 0.2072372262935213, 0.07110073233947198, -0.1759077847315558, 0.45520240350608443, 0.07055643841960116, -0.722247079566054, 0.45929650654494436, -0.0352757466988422], [-0.5532294216732633, -0.3575400508272061, -0.6407399758976641, -0.5487384874180012, -0.16875688096441221, 0.5071610095625045, 0.7323543602648392, 0.4340514053945501, 0.207491583704295, 0.08493482476639422, -0.14408146831214882, 0.06637782067563079]], "inverted": true, "swapped": true, "error_lsq": 0.053795477012643804, "error_max": 0.2987735385108006, "target": "811.xyz", "model": "5.xyz", "model_rescale": 3.6523030999806103, "target_rescale": 3.9878037401783084},
{"mapping": [3, 12, 8, 2, 6, 9, 11, 0, 10, 7, 5, 1, 13], "R": [[0.38436311677333157, 0.9204068322855865, -0.07152801930924008], [0.8243462454994284, -0.37706105631875725, -0.42223006446578315], [-0.41559386664782083, 0.10332580940789049, -0.9036622793471673]], "T": [0.09492831385084753, -0.01084921957499399, -0.05455867876390018], "aligned_model": [[0.2538600644998023, -0.3023498869708972, 0.08276295886800644, 0.7088039823681147, 0.6746411031684179, -0.244077585621573, -0.46514864080967866, 0.2698086937888034, -0.716761571721234, -0.26269498676031644, 0.08295263653736702, 0.6546837322111368, 0.1446024051063456], [-0.47430673512697996, -0.03589841054370599, 0.553605889140545, -0.4033856404770928, 0.2358165309470993, -0.5031002490993387, 0.4381830730607774, -0.5712448069304479, -0.08862171648998285, -0.09491339193428477, 0.6824114995107794, -0.15972280809549347, -0.03799632979869108], [0.6509034378929003, 0.6449021523048798, 0.30995121920920365, 0.10487506762121736, 0.1711901197180251, 0.22070206361930655, 0.2055930198202442, -0.40262597645130427, -0.16817251258929145, -0.6432839464589161, -0.3480337136093158, -0.40592548394325945, 0.03003429234809947]], "inverted": true, "swapped": true, "error_lsq": 0.05119409239583736, "error_max": 0.2822581169028914, "target": "811.xyz", "model": "6.xyz", "model_rescale": 4.08911054899281, "target_rescale": 3.9878037401783084},
{"mapping": [13, 11, 12, 5, 7, 9, 10, 1, 8, 6, 0, 3, 4, 14], "R": [[0.48947338692035824, 0.44944569525030675, -0.7472712830811055], [-0.24095562839793394, -0.7538705952079026, -0.611244231730852], [-0.8380669356561383, 0.4792470059393706, -0.26070312360629444]], "T": [0.1357357518894364, -0.07184356132446044, 0.023367242119892963], "aligned_model": [[0.23972117443996452, -0.3451097045511752, 0.117203732355353, 0.5261838727985136, 0.8721386123112007, -0.4970835886999392, -0.23072041451789463, -0.10244457927487718, -0.2956750657182533, 0.5034880160737527, 0.2824070392275474, 0.15369506105283223, 0.3202581030197132, -0.008704929290143715], [-0.48467288718191986, -0.35665212556176407, -0.7799061762085969, -0.4988502589744398, -0.2743178839065996, 0.38350343494197164, -0.5392966473387911, 0.217601361172438, 0.09930677460148223, 0.2654205393112567, 0.8154765739690494, 0.6523296983982597, 0.08891365085820192, -0.009265384436674809], [-0.572160676588111, -0.15608412096955884, -0.056041924017427414, 0.5190655118606272, -0.10313943910682402, -0.05882827524544826, 0.43137752260275575, -0.6070594590457679, 0.5231084173781313, 0.03578356456919418, -0.2519629125620402, 0.3422747355764071, 0.684395312905747, -0.027481788193530084]], "inverted": false, "swapped": false, "error_lsq": 0.051419166520853946, "error_max": 0.3017335628111951, "target": "811.xyz", "model": "7.xyz", "model_rescale": 3.964800864290218, "target_rescale": 3.9878037401783084},
{"mapping": [8, 5, 10, 11, 9, 0, 3, 1, 6, 12, 7, 2, 4, 13], "R": [[0.635806259151414, 0.37266735886019803, 0.6759211791799762], [0.6827294690797203, 0.13695633398718288, -0.7177210005502935], [-0.36004287643835986, 0.9178028122755756, -0.16735329367848228]], "T": [0.05857507628747091, 0.006084229461568173, 0.0803020967146438], "aligned_model": [[0.35345769606071864, -0.2324778394159889, 0.13974309210565303, 0.5781343918018403, 0.6140772337563686, -0.5758995847356723, -0.5816099022863764, -0.2310623078912282, -0.07898915517797442, 0.790193574009241, 0.35752045554835243, -0.0033660889198962873, 0.32027075119402404, 0.08536501317753299], [-0.23760819736590427, -0.5759794338574626, -0.8077281022383576, -0.3279296381863594, -0.3707067177137688, 0.31591749354117205, -0.2815917411857871, 0.3866154077786318, -0.101711472380228, 0.18977444722548936, 0.47155214370298576, 0.6508926758025817, 0.30939707864087074, -0.041303274119990005], [-0.586568072861027, -0.44463677122382883, 0.0012119267280958218, 0.6331367721600184, -0.0723499978098889, 0.2011516954400404, 0.2629723592723774, -0.4979937611186477, 0.6334404085899781, 0.03947055280857683, -0.36783230945389034, 0.21812113507340578, 0.6587570078976844, 0.024365523661260463]], "inverted": false, "swapped": false, "error_lsq": 0.05659470027768637, "error_max": 0.3746919180793096, "target": "811.xyz", "model": "8.xyz", "model_rescale": 4.121658175737393, "target_rescale": 3.9878037401783084},
{"mapping": [1, 0, 7, 5, 2, 6, 9, 12, 10, 3, 8, 11, 13], "R": [[0.3375648302656648, 0.9304782709193884, -0.142338233495357], [-0.9119954248599191, 0.3607328472891303, 0.19528481231589095], [0.23305435074739267, 0.06389053320753256, 0.9703626483764556]], "T": [-0.05998502649364555, 0.028414364156589496, -0.12106234576723565], "aligned_model": [[-0.5898704670540917, -0.21181473572239246, 0.3450175250901087, -0.014610791369658968, -0.6899848217825683, -0.6535733702350108, 0.2483870268372494, 0.2764402293955925, 0.757367421294867, -0.28371514517389795, -0.07161436669565463, 0.4816716490558215, -0.11696265720516708], [-0.013584992845547629, -0.42616772096407607, 0.07642062320363685, 0.7710593290835845, -0.37074728306194565, 0.23244007300329955, -0.5262296191711953, -0.1765412240530272, -0.046166770562875374, -0.5852880609661653, 0.48827776981664717, 0.3835146083386108, -0.016599292409236605], [-0.5410689878791103, -0.6069430642743421, -0.6825131301998516, -0.23639262109619483, -0.11022099233482413, 0.11110099952869698, 0.05295282806830082, 0.5807311702168383, -0.18563606558418994, 0.43665006714610777, 0.36885135879561004, 0.28329759742982474, -0.04973372585777677]], "inverted": false, "swapped": true, "error_lsq": 0.05357031753389533, "error_max": 0.35203212232985837, "target": "811.xyz", "model": "9.xyz", "model_rescale": 3.833441315466971, "target_rescale": 3.9878037401783084},
{"mapping": [1, 12, 10, 13, 0, 7, 8, 6, 9, 5, 4, 3, 2, 14], "R": [[0.5664324659814599, 0.8199876952262893, -0.08230699338233863], [0.7663161374743671, -0.48733523719297334, 0.41864536786692796], [0.3031729521717418, -0.3002075053484614, -0.9044123035451942]], "T": [0.03544082010916526, -0.0748801528671083, -0.03655671806953212], "aligned_model": [[0.4862993725024453, -0.1463977516826927, -0.08866754227464048, 0.6598562203180046, 0.5303564625932828, -0.5584087796169129, -0.29043875973962296, 0.013918676786613883, -0.23073406282819192, 0.6741555854536229, 0.2529929164850536, -0.10414209850340765, 0.3285271244164419, 0.00803996531659825], [-0.21255658383415071, -0.3383109313466234, -0.8684919540657797, -0.2958985621327335, -0.5313834827817369, 0.19652703214469236, -0.42832538956803984, 0.25920919251449637, 0.15138068582621939, 0.138796827932906, 0.6589543238939707, 0.696965529211273, 0.1711218871670695, -0.01839790531768995], [-0.6052224362237375, -0.5470065354552833, 0.13817612630862228, 0.4072256747339482, -0.1389587605543149, 0.09608855930950941, 0.5769889823210255, -0.6274464494866637, 0.6954727151500556, 0.025255884805412007, -0.2603213850066706, 0.33639462143226717, 0.5719115797522689, 0.03468789207771626]], "inverted": true, "swapped": false, "error_lsq": 0.049630416543569936, "error_max": 0.3026480206850059, "target": "811.xyz", "model": "10.xyz", "model_rescale": 4.2482417240324, "target_rescale": 3.9878037401783084},
{"mapping": [10, 7, 5, 1, 12, 8, 11, 6, 0, 3, 9, 13], "R": [[-0.7236230225299769, -0.6896766430853514, -0.026755359222059683], [0.14629283034286272, -0.19114692419814938, 0.9705984036458444], [-0.6745132534315801, 0.6984332332815413, 0.23921306317389357]], "T": [0.08056063925071048, -0.004011348734400698, -0.06101743696738915], "aligned_model": [[-0.6553626295246457, -0.12324043869068206, 0.3695173691529902, 0.6312147321091673, -0.4669243737193301, 0.16056332448621005, -0.3496474437164491, 0.631627815765917, 0.14594125374067046, -0.10429418558198443, -0.4581593486427514, 0.09552952698389469], [-0.2832142653149242, -0.6536902671761817, -0.13678163480339106, -0.26695661137934623, 0.5852458090994674, 0.4653268854082464, 0.236699894967077, 0.3753777363869925, -0.425947926612422, 0.6009894263263751, 0.08858401426467938, 0.08049832888406733], [0.18035325035988017, 0.07292685966105084, 0.6214468455656218, -0.35527576632347335, -0.03383200832401223, 0.41326752343538753, 0.5220556319983887, -0.07721372213802319, -0.5934384215572339, -0.6419922419596437, -0.4273662129137174, -0.11573944794986897]], "inverted": false, "swapped": true, "error_lsq": 0.049627860725164015, "error_max": 0.2708142321202322, "target": "811.xyz", "model": "11.xyz", "model_rescale": 3.6694154284099745, "target_rescale": 3.9878037401783084},
{"mapping": [8, 2, 10, 7, 9, 1, 12, 3, 0, 11, 4, 0, 6, 13], "R": [[-0.4368930974972994, 0.3775089588507816, -0.8164627409420557], [-0.6665574551308939, 0.473615594847469, 0.5756643356390116], [0.6040079307166768, 0.7957231015275836, 0.044712026644753544]], "T": [0.15611561542224509, -0.08724626241142049, 0.14844621971428884], "aligned_model": [[0.3284112648460758, -0.2549373245510189, 0.11117876718859945, 0.5584798778087277, 0.7506473626250283, -0.5855442032850248, -0.37394279884043347, -0.09688742752834592, -0.19139754924128524, 0.7919399784753313, 0.1331297777252883, -0.19139754924128524, 0.4753824635576286, 0.08029468968730843], [-0.2225198657206452, -0.31190095570438664, -0.7179854630948547, -0.5632148676948031, -0.541341765678008, 0.2030827684110112, -0.41695195332118623, 0.2812977442847437, 0.4270138729054416, 0.16386787708466433, 0.5998008481214554, 0.4270138729054416, 0.24565871307549397, 0.0057698440695055225], [-0.5758555908235896, -0.30639366718339367, 0.08780359691075863, 0.5530722267977652, -0.14312802875624964, -0.13812534425947537, 0.41696202021313766, -0.5873619590860015, 0.5027186827069396, -0.13029688280190332, -0.12562780117074052, 0.5027186827069396, 0.47570420728896196, 0.17105632662100537]], "inverted": true, "swapped": false, "error_lsq": 0.05016399584120646, "error_max": 0.2969630153840504, "target": "811.xyz", "model": "12.xyz", "model_rescale": 3.9764082729961374, "target_rescale": 3.9878037401783084},
{"mapping": [6, 6, 13, 11, 14, 9, 12, 4, 1, 3, 7, 2, 8, 15], "R": [[-0.5509540470856156, 0.6285469369592451, 0.5489794040208904], [-0.6237244920496534, 0.12691057547268, -0.7712726261514764], [-0.5544523388149636, -0.7673476747031582, 0.3221182238096332]], "T": [-0.01884233495180042, -0.013836890012590728, 0.06769751447128647], "aligned_model": [[0.06878436010655596, 0.06878436010655596, 0.02201231214737777, 0.5863398430715817, 0.5904577645881909, -0.5930642162834473, -0.4306590843318226, -0.0027988342404674377, -0.27160691260851355, 0.7994745890476082, 0.24870434194003205, -0.03380716016957973, 0.42743838872918655, 0.05529757712333577], [-0.4757916383782025, -0.4757916383782025, -0.6239661350169521, -0.35364383711069675, -0.4822924530063169, 0.16392406399456363, -0.3748680563985745, 0.2707084034795713, 0.15580972550954938, 0.18019273244701026, 0.655402640102914, 0.6884266365530565, 0.23748198742855595, 0.013998238417597647], [-0.5344471346578458, -0.5344471346578458, 0.09122937346517837, 0.4534830363045337, -0.15164425942474294, 0.08071291873056821, 0.3952291874073799, -0.5915750420754066, 0.6250597596807214, 0.03373628925866694, -0.1593948146327721, 0.445667760876875, 0.554857831164924, -0.005221302276079212]], "inverted": false, "swapped": false, "error_lsq": 0.043185086150468774, "error_max": 0.3682145954426718, "target": "811.xyz", "model": "13.xyz", "model_rescale": 4.170626492500431, "target_rescale": 3.9878037401783084},
{"mapping": [10, 8, 7, 1, 9, 4, 0, 12, 2, 11, 5, 6, 3, 13], "R": [[-0.5364939475364735, -0.43914422834649214, 0.720643178672147], [-0.6705557085317395, 0.7402992879178688, -0.04808332417578323], [-0.5123761177223514, -0.5090278096708084, -0.6916367565200037]], "T": [0.06315426532740698, -0.05292114067041655, 0.10703318120966665], "aligned_model": [[0.28827501792509685, -0.3724071163481668, -0.010235510018973978, 0.42042045154404634, 0.8198883869002088, -0.5859335587055979, -0.1982340767431694, -0.05261379080764639, -0.3135281629252904, 0.63864400539729, 0.15407479397069831, 0.1706867877669862, 0.46282722259661147, 0.11349287867450111], [-0.28204721212688244, -0.3624555115213778, -0.8368343598823385, -0.6222542351104405, -0.3205787790247147, 0.17491259589610603, -0.47762893156282465, 0.18485797962516182, 0.1154918752388616, 0.3284593867232562, 0.7446400918905922, 0.7553152975732815, 0.14519416866203616, 0.03251830326315673], [-0.3568096748349268, -0.4087487968195084, -0.08667744965043078, 0.47990738205615957, -0.0025993702607717273, -0.06570915803365843, 0.434382892547203, -0.5754365751285502, 0.6195559334405673, -0.04469059257139907, -0.3205757126913092, 0.31362428349388793, 0.632852024411086, 0.0841712832058055]], "inverted": false, "swapped": false, "error_lsq": 0.05525195020435667, "error_max": 0.3006297306647713, "target": "811.xyz", "model": "14.xyz", "model_rescale": 3.9786697098870705, "target_rescale": 3.9878037401783084},
{"mapping": [3, 11, 2, 4, 6, 1, 10, 7, 0, 9, 5, 13], "R": [[0.2827780089017658, -0.8267883622477324, -0.48626906310525775], [-0.9560510575853427, -0.2019994001280936, -0.21251498214911313], [0.07747885499605917, 0.524992615566736, -0.8475728762937715]], "T": [-0.07212651960038322, 0.08812388967609255, -0.030537365791479133], "aligned_model": [[0.20686612219040204, -0.8163512524162625, 0.5637168444195588, 0.6022211375454839, 0.04742623744061611, 0.4682983422943333, -0.48814384283195944, -0.09068184753913025, 0.5385669186844831, 0.022715893573411264, -0.5301887551548572, -0.041091201438742696], [-0.5157677623318812, -0.0818035840642368, 0.08362438907104625, -0.4427391133739652, 0.42526304700611894, 0.4964989925019855, -0.3325231171598668, 0.1780372653223372, 0.031429168484124095, -0.5571005125088457, 0.6798801617440438, 0.04987555553357986], [-0.5738668667257949, -0.014748066214738943, -0.4204479562409485, -0.15150632597776864, -0.5961500932594115, -0.041439180440474774, 0.5419858365890854, 0.6573070466464109, 0.2688226822424778, 0.05718343978334607, 0.05243817505663072, -0.11961219758498383]], "inverted": false, "swapped": true, "error_lsq": 0.05175352135152489, "error_max": 0.2562032539737744, "target": "811.xyz", "model": "15.xyz", "model_rescale": 3.769337070930944, "target_rescale": 3.9878037401783084},
{"mapping": [9, 7, 3, 2, 12, 11, 8, 5, 6, 1, 13], "R": [[0.4219480436851226, -0.5028946497402385, -0.7543585484986175], [-0.2960967973998788, 0.7099901380854003, -0.6389371568401775], [0.8569052077096004, 0.492961433668109, 0.15067345458324635]], "T": [-0.08922592060121293, -0.06228104682961579, 0.005357743137481708], "aligned_model": [[-0.3018649997925412, -0.3404418701574966, -0.2046060353676859, -0.5042434968394909, 0.30516279352977793, 0.5515211931106169, 0.5625503796492027, 0.37379192474809925, 0.08145206943280256, -0.5144129097342006, -0.08628291788791334], [0.07140407433502954, -0.7068345248144814, 0.6888045011910999, 0.5154356401117327, 0.25246796331540267, -0.29750330321061913, 0.07604736296653011, -0.46416336945338427, 0.3920541105971715, 0.029527125889994878, 0.03882491669686567], [-0.6028506608015748, -0.04941461981311168, -0.395000717238655, 0.22974833710559436, -0.6216139370799048, -0.3368537815380479, 0.09298158014797561, 0.44237777837907566, 0.4661418781062794, 0.5247183011494799, -0.006016551193333943]], "inverted": true, "swapped": true, "error_lsq": 0.05525332255307556, "error_max": 0.3451271430662885, "target": "811.xyz", "model": "16.xyz", "model_rescale": 3.7852294659196426, "target_rescale": 3.9878037401783084},
{"mapping": [0, 3, 6, 2, 9, 12, 11, 8, 1, 7, 10, 5, 13], "R": [[0.8316658736523311, 0.23543182600994816, 0.5028953468702276], [0.15559055818871786, -0.9681911746094641, 0.1959526157285724], [0.533032318724323, -0.08472133562431508, -0.8418425283183336]], "T": [0.07615671073068406, 0.0827837711162802, -0.011363895310385109], "aligned_model": [[0.2182236838023208, -0.5697692830121698, 0.2859451957370587, 0.10872942640374492, -0.4962678475529977, -0.6748768489564668, -0.23327116955379293, 0.004314986343598781, 0.5715867181032613, 0.3215951474091795, -0.2717642112296307, 0.564368070462009, 0.02495198226016805], [-0.17618196185130341, -0.482969752973909, -0.3831491681143249, -0.6518139711117962, 0.07316857566962608, 0.1692756484209798, 0.6516953528393307, 0.2002466665650476, -0.3314384721461751, 0.5517945481385934, 0.7758377063448652, 0.47785655304747426, 0.0007338988744658437], [-0.626612568323944, 0.009409373827916633, 0.42080357025554277, -0.13647373875061924, -0.3357744767230306, 0.26462638060478816, 0.3930975989406669, 0.6464098242673845, -0.21610066901274352, -0.4600815302154397, -0.2878135467469013, 0.4039054182180722, 0.020359060801480987]], "inverted": true, "swapped": true, "error_lsq": 0.04830349712929809, "error_max": 0.29138258932317146, "target": "811.xyz", "model": "17.xyz", "model_rescale": 3.901054581598922, "target_rescale": 3.9878037401783084},
{"mapping": [1, 8, 2, 3, 0, 10, 5, 4, 9, 7, 6, 11, 12, 14], "R": [[-0.6661296161968963, -0.08409309313016494, 0.7410800807693976], [-0.71146227578874, 0.3698161157556631, -0.5975428609371054], [-0.22381412947998253, -0.9252915174231282, -0.30617453066824846]], "T": [0.0681391839248989, -0.0611334996776181, 0.05406148479743553], "aligned_model": [[0.4351829274796163, -0.2347198459198603, 0.10439566447811668, 0.6118440866143404, 0.6828152431267065, -0.5982384532020449, -0.4072463288312177, -0.3223835860339681, -0.3314866258249809, 0.6748428081270909, 0.3165581865440681, 0.07638856436885658, 0.4554097301846043, 0.07199495811526704], [-0.0074237529263854116, -0.4901523545564405, -0.8758575657331072, -0.4157250469224616, -0.45121860675508174, 0.41125261451107054, -0.40069556484356356, 0.09587110266598797, 0.09191143253473821, 0.2046755556746735, 0.5912158355351407, 0.6731237390009293, 0.18750193500711027, -0.03488865354873697], [-0.535921313983252, -0.3516939616722673, 0.19062013811538972, 0.4566229123171964, -0.1592726896331623, -0.01836745960798139, 0.2749511974539156, -0.6155768436279824, 0.555126432923087, 0.02351181589756199, -0.22244184114152957, 0.36635820923930595, 0.6373084725273821, 0.10202140035649102]], "inverted": true, "swapped": false, "error_lsq": 0.04859290473935347, "error_max": 0.38767626434022634, "target": "811.xyz", "model": "18.xyz", "model_rescale": 3.9405287249114394, "target_rescale": 3.9878037401783084},
{"mapping": [0, 8, 7, 13, 4, 2, 9, 1, 11, 12, 3, 10, 14, 15], "R": [[-0.6796081216669327, -0.22230031186171612, 0.6990818065938545], [0.5781162201250436, -0.7489298097277982, 0.32386073570196217], [0.4515688618501899, 0.6242489178583074, 0.6374941972755959]], "T": [0.13631371413784724, -0.06722307583434707, 0.020030260501561616], "aligned_model": [[0.15697929411397457, -0.31076000350000577, 0.16382687425556214, 0.4111502314884221, 0.6051188879524717, -0.582040576229111, -0.2346994378259943, 0.10870427665993809, -0.17698126274608125, 0.6482628452084502, 0.37768717427039533, -0.17050235750232126, 0.4321573513024899, 0.10645403177840355], [-0.2876797010591848, -0.5536306400781045, -0.7638194601665901, -0.23964422474520924, -0.5189728374052393, 0.40283400009244985, -0.5704558318068397, 0.30968940828222635, 0.020265679977180096, 0.11183386739373512, 0.7396491945809365, 0.5762575828344013, 0.39431010863942584, -0.041046476895314384], [-0.6308507333480643, -0.3484869412406111, 0.11812232081699044, 0.6083037356054731, -0.31284943329389975, -0.1153903505426219, 0.4651323626564719, -0.5209818671431574, 0.6629961825889348, -0.05733743616353673, -0.10695236371329675, 0.351241034856888, 0.5670244323671119, 0.02327552571747249]], "inverted": false, "swapped": false, "error_lsq": 0.0446601918683181, "error_max": 0.2984520941692094, "target": "811.xyz", "model": "19.xyz", "model_rescale": 4.410303926677745, "target_rescale": 3.9878037401783084},
{"mapping": [8, 5, 10, 11, 9, 0, 3, 1, 6, 12, 7, 2, 4, 13], "R": [[0.635806259151414, 0.37266735886019803, 0.6759211791799762], [0.6827294690797203, 0.13695633398718288, -0.7177210005502935], [-0.36004287643835986, 0.9178028122755756, -0.16735329367848228]], "T": [0.05857507628747091, 0.006084229461568173, 0.0803020967146438], "aligned_model": [[0.35345769606071864, -0.2324778394159889, 0.13974309210565303, 0.5781343918018403, 0.6140772337563686, -0.5758995847356723, -0.5816099022863764, -0.2310623078912282, -0.07898915517797442, 0.790193574009241, 0.35752045554835243, -0.0033660889198962873, 0.32027075119402404, 0.08536501317753299], [-0.23760819736590427, -0.5759794338574626, -0.8077281022383576, -0.3279296381863594, -0.3707067177137688, 0.31591749354117205, -0.2815917411857871, 0.3866154077786318, -0.101711472380228, 0.18977444722548936, 0.47155214370298576, 0.6508926758025817, 0.30939707864087074, -0.041303274119990005], [-0.586568072861027, -0.44463677122382883, 0.0012119267280958218, 0.6331367721600184, -0.0723499978098889, 0.2011516954400404, 0.2629723592723774, -0.4979937611186477, 0.6334404085899781, 0.03947055280857683, -0.36783230945389034, 0.21812113507340578, 0.6587570078976844, 0.024365523661260463]], "inverted": false, "swapped": false, "error_lsq": 0.05659470027768637, "error_max": 0.3746919180793096, "target": "811.xyz", "model": "20.xyz", "model_rescale": 4.121658175737393, "target_rescale": 3.9878037401783084},
{"mapping": [3, 12, 8, 2, 6, 9, 11, 0, 10, 7, 5, 1, 13], "R": [[0.38436311677333157, 0.9204068322855865, -0.07152801930924008], [0.8243462454994284, -0.37706105631875725, -0.42223006446578315], [-0.41559386664782083, 0.10332580940789049, -0.9036622793471673]], "T": [0.09492831385084753, -0.01084921957499399, -0.05455867876390018], "aligned_model": [[0.2538600644998023, -0.3023498869708972, 0.08276295886800644, 0.7088039823681147, 0.6746411031684179, -0.244077585621573, -0.46514864080967866, 0.2698086937888034, -0.716761571721234, -0.26269498676031644, 0.08295263653736702, 0.6546837322111368, 0.1446024051063456], [-0.47430673512697996, -0.03589841054370599, 0.553605889140545, -0.4033856404770928, 0.2358165309470993, -0.5031002490993387, 0.4381830730607774, -0.5712448069304479, -0.08862171648998285, -0.09491339193428477, 0.6824114995107794, -0.15972280809549347, -0.03799632979869108], [0.6509034378929003, 0.6449021523048798, 0.30995121920920365, 0.10487506762121736, 0.1711901197180251, 0.22070206361930655, 0.2055930198202442, -0.40262597645130427, -0.16817251258929145, -0.6432839464589161, -0.3480337136093158, -0.40592548394325945, 0.03003429234809947]], "inverted": true, "swapped": true, "error_lsq": 0.05119409239583736, "error_max": 0.2822581169028914, "target": "811.xyz", "model": "21.xyz", "model_rescale": 4.08911054899281, "target_rescale": 3.9878037401783084},
{"mapping": [4, 0, 7, 12, 13, 8, 6, 2, 5, 14, 15, 11, 9, 16], "R": [[-0.8575055131240068, 0.018027704619559076, -0.5141588245163982], [0.49279282869091007, -0.2582903982011686, -0.8309279741276578], [-0.1477820116006872, -0.9658991003532575, 0.21260151689022028]], "T": [0.09835896845570742, -0.005224950397665368, 0.04330350883553533], "aligned_model": [[0.24291251457097357, -0.2896901193205889, 0.09982300030727588, 0.6879910788028961, 0.49725386759466733, -0.5574745739963171, -0.47880870506256706, 0.19042227682494706, -0.10651245323744755, 0.7053782273096845, 0.275558166135928, -0.262221132122265, 0.4302836309707135, 0.10044155044869432], [-0.2684163329285959, -0.5126353114620399, -0.6960175337632502, -0.31452425106142173, -0.49976257307427135, 0.16597287395850907, -0.44114589013799066, 0.27853003243193625, 0.18385571128910275, 0.2020087735336466, 0.6730345060830975, 0.652262095233365, 0.20031132774530927, -0.04388275820352319], [-0.5860825049387764, -0.39491108373274053, 0.2124178233901376, 0.3621097557795328, -0.13848033320365186, 0.1893709165301141, 0.22334389178553693, -0.6141622973815908, 0.6913816352197603, 0.06341293431198802, -0.15687534102148606, 0.1968802198076302, 0.6392300717138416, 0.01561078090385927]], "inverted": true, "swapped": false, "error_lsq": 0.04787170294462974, "error_max": 0.28583153997950655, "target": "811.xyz", "model": "22.xyz", "model_rescale": 4.204369325754507, "target_rescale": 3.9878037401783084},
{"mapping": [0, 8, 7, 13, 4, 2, 9, 1, 11, 12, 3, 10, 14, 15], "R": [[-0.6796081216669327, -0.22230031186171612, 0.6990818065938545], [0.5781162201250436, -0.7489298097277982, 0.32386073570196217], [0.4515688618501899, 0.6242489178583074, 0.6374941972755959]], "T": [0.13631371413784724, -0.06722307583434707, 0.020030260501561616], "aligned_model": [[0.15697929411397457, -0.31076000350000577, 0.16382687425556214, 0.4111502314884221, 0.6051188879524717, -0.582040576229111, -0.2346994378259943, 0.10870427665993809, -0.17698126274608125, 0.6482628452084502, 0.37768717427039533, -0.17050235750232126, 0.4321573513024899, 0.10645403177840355], [-0.2876797010591848, -0.5536306400781045, -0.7638194601665901, -0.23964422474520924, -0.5189728374052393, 0.40283400009244985, -0.5704558318068397, 0.30968940828222635, 0.020265679977180096, 0.11183386739373512, 0.7396491945809365, 0.5762575828344013, 0.39431010863942584, -0.041046476895314384], [-0.6308507333480643, -0.3484869412406111, 0.11812232081699044, 0.6083037356054731, -0.31284943329389975, -0.1153903505426219, 0.4651323626564719, -0.5209818671431574, 0.6629961825889348, -0.05733743616353673, -0.10695236371329675, 0.351241034856888, 0.5670244323671119, 0.02327552571747249]], "inverted": false, "swapped": false, "error_lsq": 0.0446601918683181, "error_max": 0.2984520941692094, "target": "811.xyz", "model": "23.xyz", "model_rescale": 4.410303926677745, "target_rescale": 3.9878037401783084},
{"mapping": [5, 12, 0, 3, 2, 14, 7, 15, 11, 4, 8, 9, 10, 16], "R": [[0.3140013534712385, 0.9193906046755274, 0.23690518367608326], [-0.3675575053920432, 0.34778462576923763, -0.8625238166616211], [-0.8753882739951505, 0.1837573675065024, 0.4471337603434479]], "T": [-0.04833370081359127, -0.02183707329357629, 0.08192876360891747], "aligned_model": [[0.19082207669038115, -0.19212030849760953, 0.18877483630817643, 0.7211481870549836, 0.6823275995992766, -0.6014358490002218, -0.3676370533234141, -0.13100618745171272, -0.3650089617612241, 0.6149439897176533, 0.5073174808598321, -0.07353430220990219, 0.32019538920856966, 0.04057043203180592], [-0.15094162449008952, -0.6712454532329518, -0.7388207783181978, -0.3585655399581228, -0.5254926642467384, 0.350236483204561, -0.4972727084410056, 0.4753761473253221, 0.21717849489039526, 0.04864628055236704, 0.5761879311923765, 0.5996435643690887, 0.3332743704118727, -0.07861383361500446], [-0.4852912663395584, -0.369480144476574, 0.07194280149655834, 0.40405071041481055, -0.13104790403093902, -0.035498968383136056, 0.4194746458090212, -0.42330233601738393, 0.5751932199406146, -0.08830394495590764, -0.014634819428159251, 0.15640513790342558, 0.4842546497167898, 0.1394846875145932]], "inverted": true, "swapped": false, "error_lsq": 0.042647428930677515, "error_max": 0.2955689875563006, "target": "811.xyz", "model": "24.xyz", "model_rescale": 4.28219845311461, "target_rescale": 3.9878037401783084},
{"mapping": [9, 13, 7, 4, 3, 14, 13, 11, 2, 1, 8, 6, 0, 15], "R": [[-0.3094899038685866, -0.6774530118551725, -0.6672881057922199], [-0.9307290053993663, 0.35959357790745894, 0.06660313232888371], [0.1948320248617244, 0.6416773920406328, -0.7418157497871104]], "T": [0.09568408937542913, -0.012103712648334815, -0.05713091143601086], "aligned_model": [[0.19453885532596824, -0.3099177869392923, 0.17985003721907877, 0.4304699523530786, 0.7879818602555135, -0.5778161776409774, -0.3099177869392923, -0.14991815842657813, -0.268511694155636, 0.70471122876685, 0.36131313426189604, 0.008434377829631662, 0.364936052136386, 0.11920343517996747], [-0.3887701793401839, -0.42865318246410933, -0.7856478559533684, -0.38635330645040633, -0.3534845674512665, 0.33966896668016455, -0.42865318246410933, 0.17175726266481256, 0.031825713293479774, 0.18013582726916008, 0.6175538793532529, 0.7598774527028832, 0.24461164175568856, 0.0057222000478750895], [-0.6096015368973217, 0.064894143627198, -0.06669947100820967, 0.47438036832671165, -0.12215593176134683, -0.004234812321738182, 0.064894143627198, -0.5069661578097184, 0.5209795115651106, -0.012327991623972648, -0.1792725680331338, 0.3996290946275369, 0.6689233423208246, 0.010804334525016446]], "inverted": false, "swapped": false, "error_lsq": 0.05165069180702509, "error_max": 0.4250136528473044, "target": "811.xyz", "model": "25.xyz", "model_rescale": 4.100010024507729, "target_rescale": 3.9878037401783084},
{"mapping": [10, 7, 5, 1, 12, 8, 11, 6, 0, 3, 9, 13], "R": [[-0.7236230225299769, -0.6896766430853514, -0.026755359222059683], [0.14629283034286272, -0.19114692419814938, 0.9705984036458444], [-0.6745132534315801, 0.6984332332815413, 0.23921306317389357]], "T": [0.08056063925071048, -0.004011348734400698, -0.06101743696738915], "aligned_model": [[-0.6553626295246457, -0.12324043869068206, 0.3695173691529902, 0.6312147321091673, -0.4669243737193301, 0.16056332448621005, -0.3496474437164491, 0.631627815765917, 0.14594125374067046, -0.10429418558198443, -0.4581593486427514, 0.09552952698389469], [-0.2832142653149242, -0.6536902671761817, -0.13678163480339106, -0.26695661137934623, 0.5852458090994674, 0.4653268854082464, 0.236699894967077, 0.3753777363869925, -0.425947926612422, 0.6009894263263751, 0.08858401426467938, 0.08049832888406733], [0.18035325035988017, 0.07292685966105084, 0.6214468455656218, -0.35527576632347335, -0.03383200832401223, 0.41326752343538753, 0.5220556319983887, -0.07721372213802319, -0.5934384215572339, -0.6419922419596437, -0.4273662129137174, -0.11573944794986897]], "inverted": false, "swapped": true, "error_lsq": 0.049627860725164015, "error_max": 0.2708142321202322, "target": "811.xyz", "model": "26.xyz", "model_rescale": 3.6694154284099745, "target_rescale": 3.9878037401783084},
{"mapping": [2, 6, 12, 9, 11, 1, 3, 0, 7, 10, 4, 5, 8, 13], "R": [[0.2991849699770972, -0.3734301796185163, -0.8780878399624301], [0.7504338617627381, -0.4762960598909015, 0.4582478395500262], [-0.5893533514451812, -0.7960477148277518, 0.13773402941120708]], "T": [0.1416493286472616, 0.014244510023412153, 0.09641722584998978], "aligned_model": [[0.2554087601405765, -0.3315328601459386, 0.1291800167767747, 0.4525942423410239, 0.6689436863421987, -0.7073015265949616, -0.27575726186171456, -0.08207031504202372, -0.19738521173600249, 0.7403871646250393, 0.5894933866900833, -0.32688717074439605, 0.4694738048800253, 0.15081061355590966], [-0.1367658391324677, -0.36044079384998357, -0.7632339615693146, -0.37237777272796996, -0.5865018423754722, 0.15236576827675521, -0.5303690932207209, 0.4136272068392383, 0.05126602021683413, 0.052522502775253777, 0.6109484214241322, 0.6413555583617669, 0.4036373708515421, 0.003557123774279773], [-0.5565638706584926, -0.23053838440095686, -0.06202694674327232, 0.5640709509484239, -0.21541598224002567, -0.10321147223162432, 0.5230306125300804, -0.3804227112827955, 0.625391244993228, 0.05238861092543787, -0.24841709941903822, 0.21123787517288395, 0.48276099136051026, 0.04096265020979591]], "inverted": true, "swapped": false, "error_lsq": 0.053787143663146623, "error_max": 0.3298546038869538, "target": "811.xyz", "model": "27.xyz", "model_rescale": 4.103607728864725, "target_rescale": 3.9878037401783084},
