[{"mapping": [8, 6, 11, 1, 9, 4, 7, 5, 10, 3, 0, 12], "R": [[0.29593337196040925, 0.38830230399703874, 0.872722613475057], [0.37669361642963134, -0.8870428204430604, 0.2669399820963255], [0.8777957385982846, 0.24975258839702164, -0.4087765720875892]], "T": [-0.004689374436751997, -0.019437002803252737, 0.035709677525555074], "aligned_model": [[-0.29738380837361683, 0.18143790806496812, 0.2820081265960879, -0.2959494440906105, 0.0035778116815818276, -0.44620841079433826, 0.5038606017020425, -0.2180455259960904, 0.5121297070595956, 0.0933814016270745, -0.4189290946021262, -0.0622368104140193], [-0.1529999912031565, -0.7455295995433896, -0.5760445159472495, 0.6638196696713826, 0.43011993409780225, -0.5296267756652309, -0.26260191870380684, -0.5043268632696362, 0.2556220803568486, 0.3666795881531602, 0.1475385206211111, -0.03909509259077831], [-0.614737547872567, 0.14125128091624498, -0.4735744829813353, -0.05851671020235425, -0.6516578519038735, -0.10729269712182352, 0.4446418260121701, 0.5965320029244928, -0.04476064231217405, 0.6433910373572168, 0.3495980939155451, -0.04292256337797972]], "inverted": false, "swapped": true, "error_lsq": 0.05209269179803452, "error_max": 0.32494114171249605, "target": "812.xyz", "model": "0.xyz", "model_rescale": 3.751011558992144, "target_rescale": 3.937413082516522},
{"mapping": [11, 9, 12, 10, 7, 6, 1, 4, 3, 13, 5, 0, 14], "R": [[0.2673018667424396, 0.5450855915201597, -0.7946265852292668], [0.005521719971027683, 0.8237526479640063, 0.5669224687563988], [0.9635970229533551, -0.1559271396819878, 0.21718081053819027]], "T": [-0.06160399014567042, 0.04427066775427262, 0.06994945518758199], "aligned_model": [[0.18849443597019822, 0.17682885893855685, -0.4426356708849154, 0.7329430056270202, -0.4156716032084497, 0.14240665198421498, -0.14449134769838917, 0.5470277659970446, -0.8051078521112627, -0.38066350979938784, 0.08879121663139009, -0.6824120729732407, -0.06736693090269866], [-0.2734348528388946, -0.5698071043146182, -0.377252586006952, -0.13719309040940608, 0.27342020862037514, 0.36478517274376476, 0.7224872134141923, 0.5301801922479085, -0.13068019591229535, -0.5610429873578254, -0.31483403089271883, 0.4724197200390678, -0.00032894475891608044], [-0.6179785703831648, 0.05420500655387127, -0.40870293317874334, -0.020713238962586644, -0.44171805120511887, -0.5776428974998425, -0.06730050869908068, 0.2079106429572286, 0.06964604565150036, 0.3134624941685575, 0.5583254826334005, 0.15235231814193484, 0.03862094547403361]], "inverted": true, "swapped": false, "error_lsq": 0.04412512543894416, "error_max": 0.2695397659319983, "target": "812.xyz", "model": "1.xyz", "model_rescale": 3.9405287249114394, "target_rescale": 3.937413082516522},
{"mapping": [6, 1, 7, 0, 3, 11, 9, 5, 4, 1, 2, 8, 12], "R": [[0.7462181614247252, -0.6086921351508573, -0.2695409804934926], [0.5580678476491975, 0.7927383106880443, -0.2452065418940902], [0.3629307550760824, 0.03255542002426504, 0.9312472344372081]], "T": [-0.11497112680803007, 0.0509537129732502, -0.11807147350884532], "aligned_model": [[0.15156080077318007, -0.0909099910962747, -0.43210526595309556, 0.6412262461942422, -0.5289963922466112, 0.33120853734217504, -0.15106930016663156, 0.4718550903148258, -0.7396751445296079, -0.0909099910962747, 0.15315434254758392, -0.6604548875248057, -0.11674109698862456], [-0.11449174361666241, -0.6493778869323409, -0.4927630073685559, -0.3110374133079524, 0.10447572879986204, 0.5126425844307149, 0.8393595079424883, 0.34491868975996687, -0.16855040139278377, -0.6493778869323409, 0.00275556480553156, 0.5390046868121894, 0.04116029157356563], [-0.5618554590953282, 0.25095839558063837, -0.6004695653019304, -0.11045925740525432, -0.5086071978277091, -0.426910237766711, 0.04774267374390119, 0.1938513754407194, 0.11270667949033257, 0.25095839558063837, 0.5063925356363136, 0.13676864075676398, -0.030610243180385147]], "inverted": true, "swapped": false, "error_lsq": 0.056036728413314404, "error_max": 0.38409035880639447, "target": "812.xyz", "model": "2.xyz", "model_rescale": 3.932901565614263, "target_rescale": 3.937413082516522},
{"mapping": [10, 11, 12, 1, 5, 2, 4, 0, 9, 8, 3, 7, 13], "R": [[0.5214994465010363, 0.3494175270233951, -0.7784251531829941], [-0.55867061975503, -0.5497273949633814, -0.6210369794539654], [-0.6449228371841421, 0.7587537038035659, -0.09147322582442977]], "T": [-0.047921502747046034, -0.016595560558712818, -0.007732680340442853], "aligned_model": [[0.13504107073816632, 0.12496150373881992, -0.42400310848744655, 0.6772416954890482, -0.5714615558448205, 0.3981550164078916, -0.11668296825029434, 0.3634660766448676, -0.7584269278942898, -0.357664633020355, 0.13146174737026117, -0.5677895682704611, -0.09615540105130654], [-0.47912334092485503, -0.8815115932455466, -0.2935772313950801, -0.03328037592930179, 0.23360113155367285, 0.5624206403747558, 0.8432151738936698, 0.4525078911304148, -0.2029553684197627, -0.43258413437132304, -0.07191975804302811, 0.3415177739704436, -0.03959209402037768], [-0.5232306816891098, 0.13276792761946646, -0.6118631215565359, -0.15816064905704127, -0.4321229649995833, -0.407677465646474, -0.14638247774410046, 0.23650601495253307, -0.023385227710510527, 0.5116895229179, 0.4670792411940602, 0.3257858070459282, -0.11053918967454318]], "inverted": false, "swapped": false, "error_lsq": 0.04772669841557735, "error_max": 0.27274097967733635, "target": "812.xyz", "model": "3.xyz", "model_rescale": 3.9243930471874484, "target_rescale": 3.937413082516522},
{"mapping": [6, 11, 10, 5, 4, 3, 2, 0, 8, 9, 1, 7, 12], "R": [[0.5495932396736946, 0.8209645849105766, 0.15480446126509984], [-0.6707981444703189, 0.3231954593375786, 0.6675137035587725], [0.49797301159816887, -0.47070356423780824, 0.7283275597790281]], "T": [-0.13948419585615068, -0.09836609181245122, -0.08264373799948165], "aligned_model": [[0.4112544276946647, 0.046396734684688246, -0.4661241484192259, 0.5881165273422246, -0.513387566738414, 0.09229524179707468, -0.08214650157719429, 0.43907731758727964, -0.7469770760912656, -0.337642297419784, 0.04543171521438702, -0.5059731947910477, -0.03217823171330633], [-0.28694265903872035, -0.8645796776379263, -0.386164570166411, -0.11542418928223412, 0.32176373602012803, 0.28970742854427234, 0.8224376108210741, 0.5007712901429291, -0.2077281128370672, -0.6019235838066003, 0.10976703610230333, 0.48809595593334837, -0.07106155022141407], [-0.5100105143862526, -0.14971908328563688, -0.637266219301538, 0.1269494600933852, -0.27252387505526815, -0.5812724630482581, -0.07575749484801818, 0.08947054399446559, 0.04116546092080481, 0.36996051608805336, 0.575115341664082, 0.32314788232513403, -0.03879281950896371]], "inverted": true, "swapped": false, "error_lsq": 0.04711587962025294, "error_max": 0.2532958474531102, "target": "812.xyz", "model": "4.xyz", "model_rescale": 3.8936222436046832, "target_rescale": 3.937413082516522},
{"mapping": [9, 10, 11, 8, 6, 7, 3, 5, 2, 1, 4, 12], "R": [[-0.43115619608108186, -0.6872488376746467, -0.5846309688134381], [-0.3234488142653512, 0.7226123177549918, -0.6109110432616991], [0.8423094438098331, -0.07429988791112929, -0.5338485998156816]], "T": [-0.1281504649721519, -0.09081770358988395, 0.0462864711454535], "aligned_model": [[0.20911399410843387, -0.49058531007610406, -0.3911198606801053, 0.3001275762647456, -0.5407692725467025, -0.7862479957966843, -0.29352242413256147, -0.25079166028656363, 0.7978695758503829, 0.3635874152003179, 0.16723358781207195, -0.0573475835021339], [-0.6104914219990856, -0.5372669425891157, 0.2501992001249711, 0.03964317856478611, 0.5320890734558762, 0.017028654337909732, -0.39359100223029153, 0.5144891700221004, 0.042264437444177655, -0.6357913013220504, 0.5144254225898228, -0.06407556328929334], [-0.4930054882160084, -0.08994492998465117, -0.6363058707627715, -0.5248077191399684, -0.07506311115628986, 0.246921860909909, 0.6857870409421309, 0.5085887865486212, -0.0760759280785809, 0.19375970864459016, -0.1024124277302946, -0.018157202701168086]], "inverted": false, "swapped": true, "error_lsq": 0.05094241147719734, "error_max": 0.2946040360800781, "target": "812.xyz", "model": "5.xyz", "model_rescale": 3.6523030999806103, "target_rescale": 3.937413082516522},
{"mapping": [4, 10, 11, 2, 7, 3, 0, 1, 9, 8, 6, 5, 12], "R": [[-0.2569509852394416, -0.6799393688110749, -0.6867740865272056], [-0.05250027603335561, 0.7194054515275805, -0.6926034343899976], [0.9649973638310634, -0.1419093057314969, -0.2205489441051641]], "T": [-0.09463262201155033, -0.04878532970273396, 0.007249464535745279], "aligned_model": [[0.22963855513776021, 0.07895404980712988, -0.3890677114746244, 0.6591609494178485, -0.5539065872911072, 0.053367729835110664, -0.0010649582704695543, 0.34722107334793717, -0.6401497886513168, -0.44171586262519447, 0.19033868402605936, -0.4645647562026074, -0.13006842948644518], [-0.2538122904536673, -0.8090003436435922, -0.3675574423387785, -0.054298022449626546, 0.20038968777949756, 0.4109478814488814, 0.926549722533441, 0.4047595005132354, -0.5232037971265264, -0.10644097198098643, -0.3370323293774192, 0.46543195108454316, 0.04198516858468007], [-0.4192991856348456, -0.01752636265141029, -0.7584275701462433, -0.08206176711799634, -0.4329746774377565, -0.4921321263999524, -0.1574634939107315, 0.2926216160764577, 0.006242563734710063, 0.5816292636800955, 0.5155107005019268, 0.25751798876388854, -0.03317021380615317]], "inverted": true, "swapped": false, "error_lsq": 0.06567443399233736, "error_max": 0.4924576424735138, "target": "812.xyz", "model": "6.xyz", "model_rescale": 4.08911054899281, "target_rescale": 3.937413082516522},
{"mapping": [6, 2, 3, 7, 8, 5, 10, 12, 9, 1, 13, 11, 14], "R": [[0.6158193406412618, 0.7177565818724838, -0.3249492712268948], [-0.4447890857278633, 0.6571307631829859, 0.6085571701129797], [0.6503300768913685, -0.23022738598454132, 0.7239241271246537]], "T": [-0.07827460639709388, 0.006378583500300701, -0.10891096325801111], "aligned_model": [[0.07387587354190989, 0.252934259820611, -0.44604490103768957, 0.670515236726746, -0.5799286367769458, 0.4264588360773965, -0.2021425698881748, 0.2601590920130293, -0.8431574595504192, -0.3717170176548125, 0.266553998360801, -0.33960870842393803, -0.22975505563843274], [-0.3821275342915556, -0.6870042292286946, -0.3821923715514733, -0.18434450405329672, 0.3033491343621489, 0.44598212714058816, 0.7157865623757742, 0.5096220726743601, -0.1446060530964449, -0.45735179747285415, -0.034063509803025645, 0.3092906708947566, -0.013621853376601208], [-0.3828748191698932, 0.13534403718632768, -0.692185392267114, -0.1561067177921733, -0.4628893510297011, -0.47290836166915406, -0.13483287735344998, 0.2655360161603856, -0.026964832345273387, 0.3777015559943646, 0.5355672697193269, 0.3206001744151733, -0.045519966196829506]], "inverted": false, "swapped": false, "error_lsq": 0.049255596449007115, "error_max": 0.28719534331271024, "target": "812.xyz", "model": "7.xyz", "model_rescale": 3.964800864290218, "target_rescale": 3.937413082516522},
{"mapping": [6, 0, 2, 3, 12, 11, 9, 10, 7, 1, 5, 8, 13], "R": [[0.9784106129343024, -0.20289368853960202, -0.039329678975524814], [-0.06750917296554734, -0.1338962492905964, -0.9886932314886243], [0.19533352007023957, 0.970003064725419, -0.14470269645125444]], "T": [-0.06424006853423499, -0.07194220400586894, -0.1312784158393291], "aligned_model": [[0.37354784426290005, 0.12279172711986276, -0.38974057921481836, 0.5580361509743961, -0.5890993081888555, 0.1829693282169761, -0.18237468819369268, 0.3954700968723356, -0.7691542413642322, -0.47561866510315604, 0.19692524714384163, -0.40936456361075374, -0.07624540134472285], [-0.14408719502220485, -0.7628204869161623, -0.5443184213270861, -0.38580149901280125, 0.36911068962049537, 0.502020841905871, 0.604156529976782, 0.5201774645357753, -0.11475437161360794, -0.4992207742527694, 0.1171780029633832, 0.3543160969411612, -0.01723816322515439], [-0.5049663429369535, -0.10185600703121554, -0.4622147459846755, 0.06928914204131223, -0.44856387226863714, -0.6758766719688362, -0.07844433277180378, 0.20516604459244658, -0.041187949030456, 0.32841774997581474, 0.6401468547935808, 0.40747062144910073, -0.07691375520768776]], "inverted": true, "swapped": false, "error_lsq": 0.04625745982718055, "error_max": 0.3057218914107967, "target": "812.xyz", "model": "8.xyz", "model_rescale": 4.121658175737393, "target_rescale": 3.937413082516522},
{"mapping": [5, 9, 7, 4, 11, 10, 3, 0, 8, 6, 1, 2, 12], "R": [[-0.9963628635854094, -0.053573403823106824, -0.06626412657456075], [-0.010079529948361591, 0.8462793217653413, -0.5326440768734919], [0.08461351631922152, -0.5300388664571689, -0.843741283155504]], "T": [-0.12560061292035893, -0.010578883919380585, -0.09960181109033824], "aligned_model": [[0.3577039600248493, 0.07409328453760508, -0.3849962225209028, 0.6165854497285295, -0.557935725143422, 0.1121069759735639, -0.3121244627427008, 0.5040250031721852, -0.8165499090707755, -0.3438629978420783, 0.130536484130887, -0.35151734268933155, -0.08992154998832791], [-0.08684446185464323, -0.8187373471050408, -0.4100536431379343, -0.3451056021238171, 0.21331039940612273, 0.4800116591613886, 0.7540422416091126, 0.4056077831108273, -0.1340198486834046, -0.5074907762791768, 0.03846055832555803, 0.41811655717942287, -0.008578805034733449], [-0.47685259991420115, -0.11346048109821928, -0.5774561244332712, 0.2544880658277044, -0.5070229864170117, -0.6280872430724495, -0.1565875927644983, 0.12217394247314133, 0.09508957571110839, 0.3312370829915013, 0.5383015015927021, 0.39792035007485155, -0.019276755319368608]], "inverted": false, "swapped": false, "error_lsq": 0.052520722961633445, "error_max": 0.3796304656247313, "target": "812.xyz", "model": "9.xyz", "model_rescale": 3.833441315466971, "target_rescale": 3.937413082516522},
{"mapping": [8, 10, 13, 11, 2, 9, 3, 7, 5, 1, 12, 4, 14], "R": [[-0.7767036469204088, -0.6152254925734232, -0.1350149552765389], [0.5753396474639146, -0.7802155069507327, 0.24545478762841388], [-0.2563508044002112, 0.11296617193390344, 0.9599598476404961]], "T": [-0.08348671385427561, -0.06329561225555803, 0.08041178068691511], "aligned_model": [[0.38880349487415566, 0.32408323701361486, -0.5568313138704722, 0.5959686882321303, -0.40019591704187973, 0.1375313101615167, -0.19822438148416424, 0.38471440304118276, -0.7503931832127766, -0.496393286600587, 0.14251811097837244, -0.560730663836938, -0.07270755068407435], [-0.1664406886656591, -0.7224174816938967, -0.39325619301449743, -0.10213692423311302, 0.17964383051888266, 0.3713067649310473, 0.7660423087858159, 0.41060355475853844, -0.06772730836462006, -0.44726202809469945, -0.3412062750560251, 0.5002294353714428, 0.01133971933046525], [-0.5310311147075356, -0.19381301742136126, -0.4698222115340174, 0.12698205127914236, -0.5173557014400001, -0.5678026385731172, -0.15057681231554715, 0.06939949559221692, -0.032066317911818715, 0.5575772515713492, 0.5648780230247502, 0.3813940276586779, 0.02270370042925053]], "inverted": true, "swapped": false, "error_lsq": 0.049776519737224564, "error_max": 0.28582086477060664, "target": "812.xyz", "model": "10.xyz", "model_rescale": 4.2482417240324, "target_rescale": 3.937413082516522},
{"mapping": [11, 6, 7, 5, 9, 1, 10, 0, 4, 2, 8, 12], "R": [[-0.7635485960546085, -0.03383218214568827, 0.6448634932404668], [-0.07127027600325306, 0.9969409116814708, -0.03208374002728234], [-0.641805335924731, -0.07045709380168244, -0.7636240624231039]], "T": [0.06538027854260377, 0.08041486237615644, 0.10078844314253818], "aligned_model": [[-0.554891734260421, 0.04252231550266982, 0.2653179293618863, 0.6214561719275425, -0.5465731723730914, 0.12926963934090172, -0.15422555112552427, 0.5095129596799282, 0.02993769980886453, -0.009587238834394982, -0.46420627357960964, 0.008232856914255189], [-0.4268060643051752, -0.6713774810230069, -0.39673492098756646, -0.4053469443314529, 0.6282555232505647, 0.8260886883103147, 0.1747584633567583, 0.31137740134485425, -0.21104877499476973, 0.5531870031021403, 0.18630111778275552, 0.09747737854522331], [0.004003637517670883, 0.015473495386314415, 0.5669759340111691, -0.12276417437175874, 0.0955452951230564, 0.07982619866271723, 0.641258145468373, -0.11693563974276874, -0.5232909705998873, -0.7122693059151415, -0.3838938046067728, 0.021263478921384832]], "inverted": true, "swapped": true, "error_lsq": 0.046385818398049256, "error_max": 0.2515568447923309, "target": "812.xyz", "model": "11.xyz", "model_rescale": 3.6694154284099745, "target_rescale": 3.937413082516522},
{"mapping": [10, 7, 9, 12, 8, 2, 3, 1, 11, 6, 0, 4, 13], "R": [[-0.8674674770634789, 0.199454933971992, -0.4557607986118938], [0.4807797253513687, 0.5715692435401423, -0.6649507166174139], [0.12787115362029622, -0.795943672098207, -0.591711618035878]], "T": [-0.04057907294263091, -0.11759038790565939, -5.542652637376133e-05], "aligned_model": [[0.23197418289278326, -0.021760738710180194, -0.45801427141145873, 0.6362902504628216, -0.4067672893820933, 0.21589660797004473, -0.2664630642887931, 0.3426915320204011, -0.7765496702362922, -0.3148184610909888, 0.17221179855170526, -0.4091800901233424, -0.0073678390845262], [-0.3223756762121243, -0.8337202632820941, -0.4315745827500902, -0.16151498495687067, 0.24758947042715052, 0.3361773644149228, 0.7070810011746246, 0.61992380880401, -0.15836976275087572, -0.3828960692614226, 0.0420371872468724, 0.38829660959297435, -0.05193538787339541], [-0.5360652172347113, -0.19746158235640848, -0.6098488729959746, -0.04112912946417395, -0.5524571938298503, -0.3932838912216742, -0.10076502432739225, 0.1601005821792778, -0.041443485354003426, 0.4173897637465992, 0.6632521542271271, 0.39477401214994173, 0.09740462013323233]], "inverted": false, "swapped": false, "error_lsq": 0.04400988754516581, "error_max": 0.21840059545506957, "target": "812.xyz", "model": "12.xyz", "model_rescale": 3.9764082729961374, "target_rescale": 3.937413082516522},
{"mapping": [1, 0, 5, 2, 13, 10, 11, 8, 6, 4, 7, 14, 15], "R": [[-0.8273115663004218, -0.4611054533013672, -0.32083848460133874], [-0.3421241846139952, -0.039402986244554294, 0.9388282308160637], [-0.4455408113380318, 0.8864700590605145, -0.12515678096490063]], "T": [-0.11662251086862817, -0.03232640631382923, -0.13591595299923132], "aligned_model": [[0.40080818064150026, 0.17602326265980078, -0.52849142573629, 0.646640403636063, -0.5304588855609803, 0.2814498842479004, -0.0887181101933122, 0.4015018701405463, -0.8701985563604621, -0.38374162645738213, 0.19139144769265437, -0.6085979189062176, -0.1494655782337399], [-0.00033918253243933605, -0.67549505574952, -0.732396012872688, -0.20721869465822512, 0.32235551303258786, 0.5427467760076995, 0.7554189133023814, 0.3956123745215472, -0.04911078372614684, -0.5125365198248543, -0.3143764141149715, 0.5084770263028201, -0.03441922511450923], [-0.5027468067439853, 0.030818785796491582, -0.34349834332407886, 0.016077220286888544, -0.4141617746338636, -0.5321180506451741, -0.03987765545540875, 0.08332902940524758, -0.01141601711570614, 0.32658739482436894, 0.4938529676008361, 0.18703897378059925, -0.03341898812422561]], "inverted": false, "swapped": false, "error_lsq": 0.048476154618302486, "error_max": 0.30087295598749847, "target": "812.xyz", "model": "13.xyz", "model_rescale": 4.170626492500431, "target_rescale": 3.937413082516522},
{"mapping": [3, 1, 9, 2, 11, 6, 5, 4, 10, 7, 0, 12, 13], "R": [[-0.31697882630443913, -0.021269454844643917, -0.9481940908723655], [-0.13655406570931855, 0.9903553971430206, 0.023434472213924862], [0.9385506969860048, 0.13690798968760648, -0.3168261219451182]], "T": [-0.033482861077200325, -0.020872422618429743, 0.027044373088420656], "aligned_model": [[0.24906747677927277, -0.04238959354290725, -0.570580419477308, 0.6220594401243216, -0.35681882149411415, 0.27951884930348514, -0.24047816355628504, 0.20561568463768604, -0.5870103415878039, -0.3471151093040202, 0.26667297076757646, -0.48330678405034694, -0.05709224102947569], [-0.2323037081190622, -0.780873720696342, -0.4528331670553762, 0.016878211001011858, 0.16315656239772677, 0.5146776189536553, 0.7972307005118477, 0.4683473989226122, -0.07829728165890089, -0.5539617832878259, -0.427970310766052, 0.5222314103099627, 0.04243678406042484], [-0.565353907225277, -0.08755565715598485, -0.39868155575547803, 0.06913176114099563, -0.5739937625621723, -0.541027232698201, -0.31219013729091133, 0.48153197714533896, 0.11998531594244276, 0.5513347022974313, 0.34332935945862214, 0.22301066142830422, -0.04905478907312076]], "inverted": false, "swapped": false, "error_lsq": 0.060691754208303576, "error_max": 0.4303921096171452, "target": "812.xyz", "model": "14.xyz", "model_rescale": 3.9786697098870705, "target_rescale": 3.937413082516522},
{"mapping": [10, 11, 3, 1, 7, 5, 8, 4, 0, 9, 6, 12], "R": [[-0.6608261303690611, 0.5600801510441283, 0.49961890459413083], [-0.3095724477211633, -0.8098173854746221, 0.4983580056495278], [0.6837205021303518, 0.17465974518884866, 0.7085338724275545]], "T": [0.08586762104821938, -0.028776611905545917, -0.06080799755834805], "aligned_model": [[-0.03422623602385491, -0.7144716865655336, 0.669007571258746, 0.5769381204306546, -0.03240582445747313, 0.2480448671255763, -0.28104621715183425, -0.11652100418700576, 0.5800963125395919, -0.08557487996923754, -0.3759973794195844, 0.049510953187291706], [-0.3003310609282871, 0.026773813689538052, 0.0965229487683861, -0.5862587497024163, 0.41235221736020833, 0.7137353118651448, -0.3630083844410133, 0.26191905960624073, 0.07321805940891618, -0.8251693808128273, 0.5708824222799321, -0.0659617668693831], [-0.5717586618224215, 0.027219724407923432, -0.475812036791468, 0.03200445566776079, -0.58654034837995, 0.07161287983756824, 0.4685822688058479, 0.5309835315239669, 0.1473659601297453, 0.04412022968848582, -0.05171852886085446, 0.023907019667225554]], "inverted": true, "swapped": true, "error_lsq": 0.05662903374041789, "error_max": 0.3699669775884058, "target": "812.xyz", "model": "15.xyz", "model_rescale": 3.769337070930944, "target_rescale": 3.937413082516522},
{"mapping": [4, 2, 11, 8, 5, 0, 7, 1, 10, 9, 12], "R": [[0.9819267292718215, 0.18812841410129313, -0.020678446490862798], [-0.13109969381182543, 0.7549008917932514, 0.6426021427385684], [0.13650189970835103, -0.6282772822388905, 0.7659209410889123]], "T": [0.14869129760458516, 0.11053488964030792, 0.005515967221518342], "aligned_model": [[-0.23583504912777492, -0.4752223036793353, -0.3293540752540874, -0.5755381928111076, 0.49367929139096156, 0.3264618646901838, 0.6515604112999489, 0.09652936103570181, 0.3077980641428547, -0.3902397241258057, 0.052786483129630954], [0.05700877555523118, -0.5770907521989612, 0.7453327472330141, 0.06814709877008966, 0.09596537927202689, -0.37794077245629165, 0.580826374069621, -0.4831228402398542, 0.396456084419865, 0.0012158631645505513, 0.08926654003605085], [-0.564533843526186, -0.16211256206005373, -0.13548771505008309, -0.011384238499666844, -0.6843620787895659, -0.16118874820878007, -0.09901312339962595, 0.45872712432938156, 0.4976227054602438, 0.6156361280612667, -0.009686041093153174]], "inverted": false, "swapped": true, "error_lsq": 0.05369158821526716, "error_max": 0.2631579004846756, "target": "812.xyz", "model": "16.xyz", "model_rescale": 3.7852294659196426, "target_rescale": 3.937413082516522},
{"mapping": [0, 10, 9, 4, 8, 3, 2, 1, 11, 6, 5, 7, 12], "R": [[-0.7548784142825045, -0.4173197483507328, -0.505967199813202], [0.1430510113492714, -0.8576402082067323, 0.49395311662045793], [-0.6400742049186816, 0.3004954257615148, 0.7071120924536107]], "T": [-0.058355332836425515, 0.05560170875493301, -0.08952257599781208], "aligned_model": [[0.3301091608034031, -0.13700589437135402, -0.39729160721267254, 0.5740282966586764, -0.4136259894962161, 0.31972722164750816, -0.30642595979111314, 0.3284149971673635, -0.7897136764455054, -0.35840912852599877, 0.2813298188626104, -0.3836091961243798, -0.10938509560224063], [-0.17900904921090735, -0.7343325278280967, -0.5116287726767248, -0.24065974346318889, 0.11983020462193067, 0.5899741388974946, 0.6113410923362947, 0.5427174305451449, 0.021127206089891666, -0.4120843011152813, -0.02186406188594258, 0.23245747115512772, -0.01915037289206143], [-0.5992286532291582, 0.04858269661466494, -0.6468676830532168, 0.029249399509062496, -0.6316142399142145, -0.5411806978787237, -0.028680792582257558, 0.20608043423826547, -0.04641159905858375, 0.6023088715137492, 0.46799160557481934, 0.5057580039798385, -0.105520610062256]], "inverted": false, "swapped": false, "error_lsq": 0.05700275059503395, "error_max": 0.36614793493809783, "target": "812.xyz", "model": "17.xyz", "model_rescale": 3.901054581598922, "target_rescale": 3.937413082516522},
{"mapping": [11, 9, 12, 10, 7, 6, 1, 4, 3, 13, 5, 0, 14], "R": [[0.2673018667424396, 0.5450855915201597, -0.7946265852292668], [0.005521719971027683, 0.8237526479640063, 0.5669224687563988], [0.9635970229533551, -0.1559271396819878, 0.21718081053819027]], "T": [-0.06160399014567042, 0.04427066775427262, 0.06994945518758199], "aligned_model": [[0.18849443597019822, 0.17682885893855685, -0.4426356708849154, 0.7329430056270202, -0.4156716032084497, 0.14240665198421498, -0.14449134769838917, 0.5470277659970446, -0.8051078521112627, -0.38066350979938784, 0.08879121663139009, -0.6824120729732407, -0.06736693090269866], [-0.2734348528388946, -0.5698071043146182, -0.377252586006952, -0.13719309040940608, 0.27342020862037514, 0.36478517274376476, 0.7224872134141923, 0.5301801922479085, -0.13068019591229535, -0.5610429873578254, -0.31483403089271883, 0.4724197200390678, -0.00032894475891608044], [-0.6179785703831648, 0.05420500655387127, -0.40870293317874334, -0.020713238962586644, -0.44171805120511887, -0.5776428974998425, -0.06730050869908068, 0.2079106429572286, 0.06964604565150036, 0.3134624941685575, 0.5583254826334005, 0.15235231814193484, 0.03862094547403361]], "inverted": true, "swapped": false, "error_lsq": 0.04412512543894416, "error_max": 0.2695397659319983, "target": "812.xyz", "model": "18.xyz", "model_rescale": 3.9405287249114394, "target_rescale": 3.937413082516522},
{"mapping": [13, 12, 14, 7, 11, 9, 5, 8, 10, 3, 0, 2, 15], "R": [[-0.8566605934487667, 0.4607356810563512, -0.2320673605519477], [0.45164699750634785, 0.45244114281834297, -0.7689681410362417], [-0.24929423835200942, -0.7635572306558118, -0.595678384900543]], "T": [0.014591338342121285, -0.10714036783498421, 0.024648961138696066], "aligned_model": [[0.11430490960290826, 0.032356945035541235, -0.4491849381574486, 0.6367924897549697, -0.323905890132093, 0.24745744133823733, -0.1126899967526876, 0.4090040039318443, -0.7537838033538866, -0.6160410860204346, 0.38385155732627174, -0.6103625427468964, -0.019656142256245304], [-0.31279374464374077, -0.6491958817036418, -0.5396535326727299, 0.09411606195078981, 0.15790198915844594, 0.40624468912594497, 0.7144574553525622, 0.47574461644642124, -0.028715527013294745, -0.5984449760290438, -0.05213926473834174, 0.41868346767929704, -0.08748663833898662], [-0.6070897013520072, 0.10210388553213358, -0.41985400811394835, -0.23609444834992832, -0.5536116870247936, -0.496137951447595, 0.018394248608441674, 0.30205822532724524, -0.12147845898586117, 0.3185045756568678, 0.6019669214429647, 0.3217469643798338, 0.029958169978636245]], "inverted": false, "swapped": false, "error_lsq": 0.047925879966833444, "error_max": 0.3115238098446954, "target": "812.xyz", "model": "19.xyz", "model_rescale": 4.410303926677745, "target_rescale": 3.937413082516522},
{"mapping": [6, 0, 2, 3, 12, 11, 9, 10, 7, 1, 5, 8, 13], "R": [[0.9784106129343024, -0.20289368853960202, -0.039329678975524814], [-0.06750917296554734, -0.1338962492905964, -0.9886932314886243], [0.19533352007023957, 0.970003064725419, -0.14470269645125444]], "T": [-0.06424006853423499, -0.07194220400586894, -0.1312784158393291], "aligned_model": [[0.37354784426290005, 0.12279172711986276, -0.38974057921481836, 0.5580361509743961, -0.5890993081888555, 0.1829693282169761, -0.18237468819369268, 0.3954700968723356, -0.7691542413642322, -0.47561866510315604, 0.19692524714384163, -0.40936456361075374, -0.07624540134472285], [-0.14408719502220485, -0.7628204869161623, -0.5443184213270861, -0.38580149901280125, 0.36911068962049537, 0.502020841905871, 0.604156529976782, 0.5201774645357753, -0.11475437161360794, -0.4992207742527694, 0.1171780029633832, 0.3543160969411612, -0.01723816322515439], [-0.5049663429369535, -0.10185600703121554, -0.4622147459846755, 0.06928914204131223, -0.44856387226863714, -0.6758766719688362, -0.07844433277180378, 0.20516604459244658, -0.041187949030456, 0.32841774997581474, 0.6401468547935808, 0.40747062144910073, -0.07691375520768776]], "inverted": true, "swapped": false, "error_lsq": 0.04625745982718055, "error_max": 0.3057218914107967, "target": "812.xyz", "model": "20.xyz", "model_rescale": 4.121658175737393, "target_rescale": 3.937413082516522},
{"mapping": [4, 10, 11, 2, 7, 3, 0, 1, 9, 8, 6, 5, 12], "R": [[-0.2569509852394416, -0.6799393688110749, -0.6867740865272056], [-0.05250027603335561, 0.7194054515275805, -0.6926034343899976], [0.9649973638310634, -0.1419093057314969, -0.2205489441051641]], "T": [-0.09463262201155033, -0.04878532970273396, 0.007249464535745279], "aligned_model": [[0.22963855513776021, 0.07895404980712988, -0.3890677114746244, 0.6591609494178485, -0.5539065872911072, 0.053367729835110664, -0.0010649582704695543, 0.34722107334793717, -0.6401497886513168, -0.44171586262519447, 0.19033868402605936, -0.4645647562026074, -0.13006842948644518], [-0.2538122904536673, -0.8090003436435922, -0.3675574423387785, -0.054298022449626546, 0.20038968777949756, 0.4109478814488814, 0.926549722533441, 0.4047595005132354, -0.5232037971265264, -0.10644097198098643, -0.3370323293774192, 0.46543195108454316, 0.04198516858468007], [-0.4192991856348456, -0.01752636265141029, -0.7584275701462433, -0.08206176711799634, -0.4329746774377565, -0.4921321263999524, -0.1574634939107315, 0.2926216160764577, 0.006242563734710063, 0.5816292636800955, 0.5155107005019268, 0.25751798876388854, -0.03317021380615317]], "inverted": true, "swapped": false, "error_lsq": 0.06567443399233736, "error_max": 0.4924576424735138, "target": "812.xyz", "model": "21.xyz", "model_rescale": 4.08911054899281, "target_rescale": 3.937413082516522},
{"mapping": [8, 11, 1, 5, 0, 6, 7, 10, 2, 15, 9, 13, 16], "R": [[0.1616700294007509, -0.9360324728985169, 0.3125796078970092], [-0.6676686663619157, 0.1294965681367382, 0.7331092625245628], [-0.7266920623978643, -0.32722140596283544, -0.6040238388736359]], "T": [-0.17062024778335605, 0.019090703464176743, 0.05308766830838589], "aligned_model": [[0.1856119972096748, 0.12936233386908552, -0.41581370438859233, 0.5193523357460517, -0.494068102133701, 0.1554340239713744, -0.05361342499473504, 0.4888108008774604, -0.8046301815061982, -0.37430592418587627, 0.30124985228891304, -0.49936675975795713, -0.19988029942541918], [-0.25815094588932974, -0.6712332152344049, -0.4791509873330479, -0.12128300653709731, 0.3785735892603914, 0.3517125545467197, 0.7124676672948388, 0.46932654231752907, -0.3235006557520516, -0.6307672342130819, -0.03777498301076199, 0.5550201493708568, 0.05347923975312116], [-0.47321801620494514, -0.08603949739341972, -0.5140399783951921, 0.09738337313854652, -0.5520841573040249, -0.5288190635690551, -0.053373486388145056, 0.16959428052010062, 0.009311031795431121, 0.3132872531667819, 0.5837971122812997, 0.2566443579624738, 0.038023526042138635]], "inverted": true, "swapped": false, "error_lsq": 0.03990037221263827, "error_max": 0.24742782392463317, "target": "812.xyz", "model": "22.xyz", "model_rescale": 4.204369325754507, "target_rescale": 3.937413082516522},
{"mapping": [13, 12, 14, 7, 11, 9, 5, 8, 10, 3, 0, 2, 15], "R": [[-0.8566605934487667, 0.4607356810563512, -0.2320673605519477], [0.45164699750634785, 0.45244114281834297, -0.7689681410362417], [-0.24929423835200942, -0.7635572306558118, -0.595678384900543]], "T": [0.014591338342121285, -0.10714036783498421, 0.024648961138696066], "aligned_model": [[0.11430490960290826, 0.032356945035541235, -0.4491849381574486, 0.6367924897549697, -0.323905890132093, 0.24745744133823733, -0.1126899967526876, 0.4090040039318443, -0.7537838033538866, -0.6160410860204346, 0.38385155732627174, -0.6103625427468964, -0.019656142256245304], [-0.31279374464374077, -0.6491958817036418, -0.5396535326727299, 0.09411606195078981, 0.15790198915844594, 0.40624468912594497, 0.7144574553525622, 0.47574461644642124, -0.028715527013294745, -0.5984449760290438, -0.05213926473834174, 0.41868346767929704, -0.08748663833898662], [-0.6070897013520072, 0.10210388553213358, -0.41985400811394835, -0.23609444834992832, -0.5536116870247936, -0.496137951447595, 0.018394248608441674, 0.30205822532724524, -0.12147845898586117, 0.3185045756568678, 0.6019669214429647, 0.3217469643798338, 0.029958169978636245]], "inverted": false, "swapped": false, "error_lsq": 0.047925879966833444, "error_max": 0.3115238098446954, "target": "812.xyz", "model": "23.xyz", "model_rescale": 4.410303926677745, "target_rescale": 3.937413082516522},
{"mapping": [10, 3, 1, 8, 11, 9, 14, 15, 7, 0, 5, 13, 16], "R": [[-0.2981530224394872, -0.7412626642044982, 0.6013604891133506], [0.1505492836310529, 0.5856099006444232, 0.7964897723545519], [-0.9425707869483202, 0.3280102238096833, -0.0630047987691896]], "T": [-0.09607040370369577, 0.03868135844058815, 0.02291366492390602], "aligned_model": [[0.21552260049008173, 0.03937830657574562, -0.514890793656713, 0.6923077234985181, -0.3312067341000534, 0.27313140661026936, -0.15163477502901454, 0.3821139079180178, -0.7480336871925423, -0.4202847111660938, 0.19243614281062374, -0.5903498218378573, -0.10034661735090063], [-0.18896721319415302, -0.8454954774115192, -0.5302818116696507, -0.037410225379501366, 0.24890999018759932, 0.36824012353326696, 0.7063893538326192, 0.5382454481120361, -0.08220964289895563, -0.5278243440541661, -0.027763612538716287, 0.45673900880362484, -0.07985288274880246], [-0.5013666740606622, -0.07266852201619803, -0.46412405598490336, -0.19703329839983263, -0.5259363283641302, -0.36114495981958744, -0.07315206019912147, 0.1992363102771184, -0.024627259129611057, 0.40283758225969324, 0.5778470590153706, 0.296961619871628, 0.0036373222022252384]], "inverted": false, "swapped": false, "error_lsq": 0.029515460642605414, "error_max": 0.22058001038757116, "target": "812.xyz", "model": "24.xyz", "model_rescale": 4.28219845311461, "target_rescale": 3.937413082516522},
{"mapping": [1, 8, 0, 5, 4, 3, 7, 9, 2, 6, 11, 13, 15], "R": [[-0.449507159758093, -0.8346575294399692, 0.31826109073428954], [0.8932635806398443, -0.4180700744303379, 0.1652198183278758], [-0.004846527488500368, 0.3585585327599654, 0.9334946650925887]], "T": [-0.10274467005016746, 0.037217830054095374, 0.08219713497674346], "aligned_model": [[0.18531763242921145, 0.22073740475054843, -0.5582910526704333, 0.7107773583965302, -0.4468498217976992, 0.24626989437757119, -0.16095199253396109, 0.3681027234684662, -0.7726137687764045, -0.4305224669211681, 0.18852966423671386, -0.46530594813290255, -0.14705667925639135], [-0.2221290048834623, -0.575010358981082, -0.3972461675610639, -0.20876142781151258, 0.25063637211636947, 0.3110584569908176, 0.7814753447470321, 0.5123962677226728, -0.09306732157885439, -0.8021510779107356, -0.01832283625668174, 0.45708824927329683, 0.0027522187068857173], [-0.42734847431139605, 0.03237697076429755, -0.4367177907034218, 0.027820716871126208, -0.5266482833935795, -0.5528189984529857, -0.13743588891216513, 0.17905717973426255, 0.13770564084384007, 0.09698521062375833, 0.538871600893203, 0.2947403250269312, 0.033878526668119205]], "inverted": false, "swapped": false, "error_lsq": 0.04540493156751127, "error_max": 0.3899225510890806, "target": "812.xyz", "model": "25.xyz", "model_rescale": 4.100010024507729, "target_rescale": 3.937413082516522},
{"mapping": [11, 6, 7, 5, 9, 1, 10, 0, 4, 2, 8, 12], "R": [[-0.7635485960546085, -0.03383218214568827, 0.6448634932404668], [-0.07127027600325306, 0.9969409116814708, -0.03208374002728234], [-0.641805335924731, -0.07045709380168244, -0.7636240624231039]], "T": [0.06538027854260377, 0.08041486237615644, 0.10078844314253818], "aligned_model": [[-0.554891734260421, 0.04252231550266982, 0.2653179293618863, 0.6214561719275425, -0.5465731723730914, 0.12926963934090172, -0.15422555112552427, 0.5095129596799282, 0.02993769980886453, -0.009587238834394982, -0.46420627357960964, 0.008232856914255189], [-0.4268060643051752, -0.6713774810230069, -0.39673492098756646, -0.4053469443314529, 0.6282555232505647, 0.8260886883103147, 0.1747584633567583, 0.31137740134485425, -0.21104877499476973, 0.5531870031021403, 0.18630111778275552, 0.09747737854522331], [0.004003637517670883, 0.015473495386314415, 0.5669759340111691, -0.12276417437175874, 0.0955452951230564, 0.07982619866271723, 0.641258145468373, -0.11693563974276874, -0.5232909705998873, -0.7122693059151415, -0.3838938046067728, 0.021263478921384832]], "inverted": true, "swapped": true, "error_lsq": 0.046385818398049256, "error_max": 0.2515568447923309, "target": "812.xyz", "model": "26.xyz", "model_rescale": 3.6694154284099745, "target_rescale": 3.937413082516522},
{"mapping": [7, 1, 3, 5, 9, 8, 10, 4, 12, 6, 0, 11, 13], "R": [[0.641889797081891, -0.4500089512698946, 0.6208618462904115], [0.43573126756880964, -0.45219061996354626, -0.7782428320774065], [0.6309641438822394, 0.7700750528318351, -0.09417357453659339]], "T": [-0.05434589358731726, 0.049041499473604006, -0.05480030738571806], "aligned_model": [[0.07932132450204468, 0.2251478687333617, -0.4831898863850391, 0.654793919462214, -0.4603906754965129, 0.29207950529788385, -0.13050877788333273, 0.42529327377445725, -0.8247572897065993, -0.3555605238585, 0.34746614110464147, -0.7614019465961998, -0.07014998537833785], [-0.27934377395841836, -0.7586727661047684, -0.4639700750608521, -0.29532348902424765, 0.2808813716125448, 0.4419283072356588, 0.6446429829689505, 0.6013065630230557, -0.10697876927124725, -0.48417986017452264, -0.09468452722747803, 0.45683128466353107, 0.056281465891475535], [-0.5748240681117743, 0.16684706052279413, -0.5083895208471144, -0.12197158075537017, -0.5510275176848572, -0.4208420969724002, -0.018074188526096838, 0.3200064945858445, 0.05408848830866185, 0.2552563969926736, 0.44999991166986975, 0.20968919759216464, -0.00029184112240591975]], "inverted": true, "swapped": false, "error_lsq": 0.045277468516819394, "error_max": 0.24287221568514583, "target": "812.xyz", "model": "27.xyz", "model_rescale": 4.103607728864725, "target_rescale": 3.937413082516522},
{"mapping": [13, 4, 12, 8, 10, 11, 6, 7, 3, 2, 1, 9, 14], "R": [[-0.647423433348838, -0.648662977160524, -0.40009903775446415], [0.6994617721259139, -0.2972513098248312, -0.649919139695007], [0.30264852103600065, -0.700626862794075, 0.6461624190914028]], "T": [-0.1600979556042325, 0.11181256092359484, -0.10761499140135253], "aligned_model": [[0.13924084019185085, 0.31286758570536277, -0.5328134064055372, 0.6328659667940155, -0.5231935091752753, 0.28188458528638777, -0.046110393893021795, 0.43330557436382017, -0.7953584891276562, -0.2782035622605896, 0.09458751832628365, -0.6224897874261246, -0.1584399748094351], [-0.2617046894597085, -0.6553718288066025, -0.5796969479258615, -0.08696378104136435, 0.33889580964833865, 0.404737063180296, 0.7344719792827713, 0.34572772025523246, -0.23386149488455096, -0.5720958052188574, -0.18863276133197968, 0.7178973528787251, 0.03531609799724286], [-0.5443685625958515, -0.010966163045581567, -0.45430131796976436, -0.04455818799018543, -0.3839663862436915, -0.5445450807575588, -0.13147599212668445, 0.228892355353057, 0.09359225065392415, 0.13660032062632607, 0.6972009812149972, 0.19067839585034732, 0.027684122682655382]], "inverted": true, "swapped": false, "error_lsq": 0.049811016661880786, "error_max": 0.31195021570936693, "target": "812.xyz", "model": "28.xyz", "model_rescale": 4.137296879288765, "target_rescale": 3.937413082516522},
