[{"mapping": [10, 7, 8, 11, 12, 6, 2, 4, 3, 1, 0, 14], "R": [[0.9150211308872795, -0.2238632711138859, -0.33559136740380496], [0.016222357825915308, 0.8516415251601495, -0.5238735990002388], [0.40307960148875405, 0.4739113297538748, 0.7829015815506966]], "T": [-0.044427283966508885, -0.104368137643791, -0.03217398676248366], "aligned_model": [[-0.3236215995040649, 0.33831570214922946, 0.3492152057739415, -0.14369411571955953, -0.1696260973323542, -0.6904943556354486, 0.3839785060130775, -0.11524502727008293, 0.5870001448433135, 0.04811810491174934, -0.4346677295413175, 0.00836372377206536], [-0.21888155530300696, -0.6538519627513589, -0.4750887610251335, 0.6600043473839808, 0.41758053977448467, -0.3547210596169473, -0.23617463889444823, -0.6190538693328099, 0.21951398437975045, 0.2904216389367621, 0.11736360757870655, -0.09355723515292247], [-0.6082283348135643, 0.0414212801205399, -0.5512648906351449, -0.08143913852837874, -0.7912370165703088, 0.016287695890174106, 0.5852043127938048, 0.6477263484890355, 0.11546690099920935, 0.5688551557690141, 0.276871909823653, -0.03771247798447155]], "inverted": true, "swapped": true, "error_lsq": 0.04325946304102529, "error_max": 0.21782199469275487, "target": "813.xyz", "model": "0.xyz", "model_rescale": 3.751011558992144, "target_rescale": 3.9526268976639147},
{"mapping": [5, 8, 4, 1, 10, 13, 9, 6, 7, 11, 12, 2, 3, 0, 14], "R": [[0.08887063264841305, 0.9379993316968354, 0.3350511369760763], [0.9640619424324353, -0.1655600879788116, 0.2077845721458843], [0.2503728855249124, 0.30454410354616746, -0.9190028874759809]], "T": [-0.023375803354749994, -0.027745414726365342, -0.015927494484884234], "aligned_model": [[0.2761273678762177, -0.3560511341426235, -0.6566423587636776, -0.652631401419839, -0.06108181932290192, 0.6424205819595377, 0.5041529728428055, -0.379044703216406, -0.14268588863363252, 0.2237377683672358, 0.4908360802059635, 0.17586546060724884, 0.34498354351259763, -0.269858410941566, 0.02150840880081379], [-0.52119065734133, -0.5963874634201434, -0.1606753547455603, 0.11867890155620643, 0.0586437005723882, -0.2785159617202403, -0.02070271226513819, 0.6235607247624512, 0.4877426421735304, 0.6553223933308137, 0.4461659919304677, -0.7031695441792123, -0.02802200625627838, -0.10301106240524133, 0.003002370049462414], [-0.2544556688351539, -0.09587495774917315, -0.4707649058274574, 0.2453824007367944, -0.8305248951967752, 0.13012559299840176, -0.4107102346849163, -0.1300576465285677, 0.3837150840043952, -0.34620652983747774, 0.23500919379065732, 0.41748139568212345, 0.6531892401626372, 0.6975750807986029, -0.022545173377154937]], "inverted": false, "swapped": false, "error_lsq": 0.04180220794575492, "error_max": 0.3239392865944513, "target": "813.xyz", "model": "1.xyz", "model_rescale": 3.9405287249114394, "target_rescale": 3.9526268976639147},
{"mapping": [4, 9, 7, 5, 10, 2, 0, 6, 13, 3, 11, 1, 14], "R": [[-0.9711049941934465, -0.1408089622099742, -0.19268608256409253], [-0.14621968357387616, -0.28705062611313437, 0.9466898870187709], [-0.1886130811691007, 0.9475097752579694, 0.2581672547061122]], "T": [-0.01051628927232362, -0.09871274295492675, -0.049498946017231524], "aligned_model": [[-0.3505973860160918, 0.23059195254216233, -0.33953792651942205, 0.6047867143953577, 0.5655204497898167, -0.7214001052278547, 0.10279359253059434, 0.480605110342852, -0.02341073888223401, -0.6120208674747125, 0.07159963070783265, -0.4635970678337846, -0.04935007907058468], [0.6823646754804271, 0.51271816208742, 0.20141956105160724, -0.26894993056181954, -0.22017571984630163, 0.17050310202611646, 0.05650149901161784, 0.3638939844961563, -0.6516153665585456, -0.5031573418332795, -0.6549435019611464, -0.09951604800476709, -0.13021048181546802], [0.030775178667615852, -0.47719165064494196, -0.5549752492186655, 0.3211159091630593, -0.3257774668189302, 0.01552003926116588, 0.46043374383028973, 0.11549368375129211, -0.3528511882139072, -0.045643119437821525, 0.4800391294348681, 0.516519436781804, -0.07033809696718465]], "inverted": true, "swapped": true, "error_lsq": 0.04463207014589391, "error_max": 0.2834958767979968, "target": "813.xyz", "model": "2.xyz", "model_rescale": 3.932901565614263, "target_rescale": 3.9526268976639147},
{"mapping": [1, 3, 2, 11, 4, 9, 7, 6, 5, 10, 13, 12, 8, 14], "R": [[-0.6421615231013802, 0.2889005619674435, 0.7100458038345212], [0.28844634093713517, -0.7671229099912795, 0.5729931494935081], [0.7102304461568048, 0.5727642676192424, 0.4092845062917717]], "T": [-0.004671589877880678, -0.09068490084900362, -0.011233327230201335], "aligned_model": [[-0.1292517038924043, 0.5377373005051728, 0.09095165212015595, 0.032529349780399466, -0.43297109565606784, -0.28266041125602365, 0.22931940657780073, -0.6351940279142773, -0.3771425587858754, -0.01893385288799045, 0.5541903092456505, 0.2844095239239389, 0.5206069246676229, 0.04621909562460137], [0.14037596597102908, 0.03322262678380876, -0.4442949688360361, 0.6686364646860611, -0.6986636300331024, -0.7339630772815782, -0.7200063107955293, -0.1807428081074639, 0.440513283254375, -0.015419038449471636, 0.11190099928873, 0.5878269438091576, -0.4337294572457566, -0.09216035469373456], [-0.687066381973606, -0.4758165585120296, -0.6804691263555755, -0.1475909777777308, -0.43443826488552767, 0.340643623447041, -0.0664031318683737, 0.26582047583658197, 0.340942372915473, 0.6345476250842185, 0.19977020742664434, 0.5547486815382904, 0.3989452574083343, -0.029737439226642588]], "inverted": false, "swapped": true, "error_lsq": 0.05107081331484237, "error_max": 0.30375360577070937, "target": "813.xyz", "model": "3.xyz", "model_rescale": 3.9243930471874484, "target_rescale": 3.9526268976639147},
{"mapping": [11, 3, 12, 5, 10, 1, 0, 13, 8, 7, 9, 4, 14], "R": [[-0.7466426044040602, -0.3384158439450116, -0.5727124390614435], [0.49095304877297036, -0.8612600161894002, -0.131134619433465], [-0.4488762916319457, -0.3790856118087572, 0.8091997118946179]], "T": [-0.035979817575713925, -0.06999319411201466, -0.03966086620658854], "aligned_model": [[0.049833170959555965, -0.4325777076336385, 0.7063843216813764, 0.4431113972060359, 0.6040297381495343, -0.6212875706378622, -0.1551452277805469, 0.23773680345064394, 0.27289716453159, -0.2616989916787423, 0.11172545498995143, -0.624937318247964, -0.052865348678582], [-0.624734939665017, 0.10425937336360475, -0.26117670757465095, -0.6312216058440884, -0.0060514091705640705, -0.4538916941234449, -0.5800646306953259, 0.19181572205305214, 0.6060014914613217, 0.5304684313184632, 0.2848529975048147, 0.006716401457974738, -0.03914387640455304], [-0.5701738082464503, -0.6208185168390765, -0.5656135227005921, -0.018969442120164354, 0.05625898199963772, -0.22859583586972776, 0.11063441978442207, -0.5440669165813281, -0.13697351601913055, 0.16610021274386577, 0.6438369891337752, 0.5763145565136565, -0.08086328642792356]], "inverted": true, "swapped": true, "error_lsq": 0.04796602298344996, "error_max": 0.24919806200493425, "target": "813.xyz", "model": "4.xyz", "model_rescale": 3.8936222436046832, "target_rescale": 3.9526268976639147},
{"mapping": [6, 9, 10, 5, 8, 7, 2, 3, 11, 0, 13, 14], "R": [[0.27289366417585437, -0.9309640924155822, 0.24255907875300756], [-0.3221183797460673, 0.14915558713544716, 0.9348755854422817], [-0.9065146427291978, -0.3332543615005086, -0.2591770303449821]], "T": [-0.05015686130951095, -0.061169927646106084, 0.015594317831986733], "aligned_model": [[-0.029124399970569016, -0.6584960903678063, -0.13121174609276576, 0.4615804113251311, -0.6111836885055053, -0.6869892378585383, -0.24497637199291647, 0.029349559723878753, 0.6800532135183507, 0.3435117390613191, -0.06403622422854036, -0.06092912239694072], [-0.6005839752444092, -0.4421991950617864, 0.10503524088072237, -0.1428297280318906, 0.4043145613684096, -0.06719552524675103, -0.25003634188316515, 0.3639722839371884, 0.1895119832593391, -0.43798149651487706, 0.5664959514454956, -0.019580853798468217], [-0.4214616306969682, -0.30006699634029316, -0.6078696732443029, -0.5101342224285694, -0.15880937039145454, 0.23525120284971818, 0.7286407926520374, 0.5972564942741574, 0.037912048384613366, 0.015480093071415062, -0.045504523183101615, 0.04859050432826658]], "inverted": false, "swapped": true, "error_lsq": 0.04577409788604914, "error_max": 0.2513937936503404, "target": "813.xyz", "model": "5.xyz", "model_rescale": 3.6523030999806103, "target_rescale": 3.9526268976639147},
{"mapping": [12, 11, 0, 10, 6, 13, 1, 8, 3, 7, 4, 9, 14], "R": [[-0.8783416749111284, -0.4285664034036083, 0.21177048894501233], [-0.05061704122526994, 0.5238931349618935, 0.8502787179962807], [-0.4753459974081125, 0.7361160377369149, -0.4818499369457174]], "T": [0.051548280799958573, 0.0072063124205353005, 0.028387496892635193], "aligned_model": [[0.19026903218995975, -0.22653599906234198, 0.1258469809726532, 0.5505626458036476, 0.658475474192892, -0.15323439798957125, -0.44925666622134774, 0.1298313727663974, -0.6567637563018341, -0.006001502795841461, 0.09291106027779697, 0.6176773114748261, 0.007301349357058014], [-0.6149028377731913, 0.007680770368722424, 0.45853295659450233, -0.3821807370421904, 0.34057927086225703, -0.5764357539146407, 0.5026790752299295, -0.6333221360315335, -0.14437138978808745, -0.09881160226965871, 0.6465782503394454, 0.0562447984224945, -0.021443760834865804], [0.7051582160634418, 0.7489533600276143, 0.3246068443530637, 0.17759805212151838, 0.08251358876054757, 0.15214594604277737, 0.1997374114543608, -0.3529766611615893, 0.0016234006295671385, -0.6344014249792073, -0.5387753249863068, -0.5119782431587788, 0.015904574314780415]], "inverted": true, "swapped": true, "error_lsq": 0.04462533267807638, "error_max": 0.23492816177986103, "target": "813.xyz", "model": "6.xyz", "model_rescale": 4.08911054899281, "target_rescale": 3.9526268976639147},
{"mapping": [9, 8, 3, 4, 0, 11, 1, 6, 7, 2, 13, 10, 12, 5, 14], "R": [[0.5663420861206365, -0.26769480753361274, 0.7794845293577468], [0.8236644686218213, 0.15070789888187996, -0.5466845272591332], [0.028870133675800658, 0.9516441662901904, 0.30584292724761575]], "T": [0.02477500931277156, -0.015739209015890147, 0.06864188037308366], "aligned_model": [[0.17316001123921043, -0.26484280109071046, -0.5376678941085125, -0.65272545532415, -0.18048026423315627, 0.49116939195089665, 0.5153596283815199, -0.28039958026987266, -0.10341020946846739, 0.20332737884750474, 0.6303166184345689, 0.04399808127946743, 0.3877695445657766, -0.365450446267856, 0.10151246379555434], [-0.5231125526757445, -0.6289969526260514, -0.1356103478523254, -0.16426130867055116, 0.2637652850570457, -0.3595554821469702, 0.08098205491190927, 0.309210264720295, 0.6875557251324904, 0.6886568348692164, 0.34978922417292724, -0.5423515672003161, -0.009906432949001835, 0.08247809051069122, -0.11720087321143807], [-0.510246268801263, -0.0033680986871158364, -0.47517824313363793, 0.19427545881921923, -0.8056599517069525, 0.16243800572489903, -0.4679378317785922, -0.15590048944855245, 0.36568354382230733, -0.28076448474323473, 0.2573290460848415, 0.5601546433951483, 0.6819956641806066, 0.7156184529581548, -0.037101470548892665]], "inverted": false, "swapped": false, "error_lsq": 0.04746191666899408, "error_max": 0.2783121483865474, "target": "813.xyz", "model": "7.xyz", "model_rescale": 3.964800864290218, "target_rescale": 3.9526268976639147},
{"mapping": [10, 6, 5, 8, 11, 9, 13, 0, 4, 2, 7, 3, 1, 14], "R": [[0.23573264415247752, -0.8581018533113165, -0.4561702859947866], [-0.42010767445229846, -0.5132538396255178, 0.748384953066231], [-0.8763216660263302, 0.015221874173279137, -0.4814858587741594]], "T": [0.0083062783920319, 0.01581274174764049, 0.02823684184324838], "aligned_model": [[-0.27623449771466935, 0.28091457297739875, 0.34473695838222324, -0.7405501827344351, 0.40404619719885954, -0.26943316537921336, -0.40945026456320927, 0.5420744508727684, 0.2515674016791328, 0.11659032515264961, -0.42529483915198796, -0.08905915681593188, 0.551011846694426, -0.019731757137138803], [-0.12543167921545456, -0.5382596267090495, 0.04446038235639659, 0.0008290105607129603, 0.6116700279805244, -0.7175103038727847, 0.4624166802714289, -0.055575511879084154, -0.5691801721468777, 0.021663478479782748, -0.25702394928649175, 0.5897399066467824, 0.2898535448262459, 0.05329667816907043], [-0.539202988306548, -0.289751066035266, -0.628213893167363, -0.000625681288146461, -0.2631224999295608, 0.02792436918072403, -0.12640646961050975, -0.05517295188188847, 0.6033788570327998, 0.7834194512297612, 0.46571957484346893, 0.46012298421935277, 0.4232456407944954, 0.05549971164370166]], "inverted": false, "swapped": true, "error_lsq": 0.04896118581335598, "error_max": 0.31076534245220244, "target": "813.xyz", "model": "8.xyz", "model_rescale": 4.121658175737393, "target_rescale": 3.9526268976639147},
{"mapping": [11, 3, 13, 12, 1, 0, 7, 6, 8, 4, 5, 10, 14], "R": [[0.07101679700338204, 0.9575741732529295, 0.2792996907666552], [0.7611087142128413, -0.23300490977992994, 0.6053282061557368], [0.6447248558049052, 0.16958895818246972, -0.7453653101465942]], "T": [-0.0250398114919717, -0.10664978504372594, -0.005854156135760576], "aligned_model": [[-0.5270261662297526, -0.19215350700299685, 0.2531574900552641, 0.12681243371333917, -0.6885641866619643, -0.48521996174814164, 0.38475657646417744, -0.048261601090997024, 0.6831027342921207, -0.173914617872301, -0.22809829907410675, 0.38771617861186886, -0.015569577021312907], [0.3651526196559063, -0.38704218149722636, 0.11191902063666592, 0.7330688649656588, -0.3613238108349057, 0.0106368919986147, -0.6412487563080308, 0.08728518587959766, -0.15997591643538991, -0.7827358072536763, 0.5668153041291626, 0.37412818514609114, -0.1262921606707581], [-0.3550796499202999, -0.6530412815814289, -0.5280840858214705, -0.3747651649176351, -0.1491586955261189, 0.26142847161461014, 0.004718976061468504, 0.660687483119951, -0.24571664877242055, 0.4970623415490394, 0.2180786050522629, 0.14038686606591647, -0.055441782964785434]], "inverted": false, "swapped": true, "error_lsq": 0.04388604799655485, "error_max": 0.3143936864007484, "target": "813.xyz", "model": "9.xyz", "model_rescale": 3.833441315466971, "target_rescale": 3.9526268976639147},
{"mapping": [5, 2, 3, 9, 4, 0, 1, 7, 11, 6, 12, 13, 10, 8, 14], "R": [[0.36320558062575026, -0.8586826102834964, -0.3615879989698675], [0.6134492919432215, 0.5124952176038597, -0.6008565703622892], [0.7012572084596861, -0.00358144243199926, 0.7128993623600981]], "T": [0.06708135897813818, 0.06690440086604482, 0.007944381464994543], "aligned_model": [[0.2068951491417148, -0.35258568276288643, -0.6784811320626426, -0.6897627945613142, -0.07571880706621838, 0.6191542029614922, 0.7486306803539186, -0.45141521465378387, -0.07764832043633492, 0.28539900103878196, 0.48027172922792816, 0.1718464524877223, 0.3203477958318979, -0.31922151495730144, -0.026075076811200373], [-0.48394345272182376, -0.5151235796938132, -0.009597121247285054, -0.12984243158055594, 0.04081485740790658, -0.292835470827722, 0.021473601003145437, 0.48430765230502426, 0.5736935293079415, 0.4350031609972688, 0.5010655692798625, -0.705665922688897, 0.042989068692876664, -0.03095101591299243, 0.05005351772124039], [-0.35873524401853846, -0.034165698674864464, -0.4309245497833241, 0.2233225087390837, -0.7761729747962278, 0.18006573793638045, -0.27318814577057043, 0.0370958068493753, 0.44102079531508764, -0.5193793122942103, 0.06957112148231814, 0.1748153248877338, 0.7896337778177386, 0.6778352452427899, 0.000543583204163877]], "inverted": false, "swapped": false, "error_lsq": 0.04844425279620652, "error_max": 0.2986898615332717, "target": "813.xyz", "model": "10.xyz", "model_rescale": 4.2482417240324, "target_rescale": 3.9526268976639147},
{"mapping": [4, 9, 10, 8, 1, 11, 0, 13, 7, 3, 2, 14], "R": [[0.20441611878652, 0.4235323622202794, 0.882515942367256], [-0.26772179341576746, -0.8429901556342362, 0.46657543745252156], [0.9415620487840941, -0.331644290853735, -0.0589319322067654]], "T": [0.03304172103766474, 0.06460421695767118, 0.08693166083497508], "aligned_model": [[-0.6942479450279059, -0.029350381604849915, 0.5259442380280867, 0.5824849454550171, -0.4946962239788802, 0.13593167305486126, -0.3257638761652897, 0.584862440916739, -0.014610155514245174, 0.049844896331042735, -0.49389909977257546, 0.050265090641006496], [-0.35137608289736844, -0.7154858085664255, -0.187394138867749, -0.28376859278941724, 0.5513686168932423, 0.7753896262023431, 0.23981993534288606, 0.27754030923723866, -0.37465755292156566, 0.5330741410372167, 0.1161172900416916, 0.08550364733854676], [-0.08682435434936842, 0.1366183100397885, 0.42817254051797204, -0.2853479187600252, -0.014126377996064657, 0.37108657406210854, 0.4577684630069724, -0.13225381902422137, -0.42161462709451325, -0.4659260442681382, -0.4623771904392946, 0.04001673415914059]], "inverted": false, "swapped": true, "error_lsq": 0.04266107544853474, "error_max": 0.20985860993329383, "target": "813.xyz", "model": "11.xyz", "model_rescale": 3.6694154284099745, "target_rescale": 3.9526268976639147},
{"mapping": [1, 0, 6, 5, 11, 2, 3, 7, 10, 8, 9, 13, 4, 14], "R": [[0.2675190913928374, -0.3145655083911667, 0.9107590662029984], [0.9383468902964207, 0.2998316770798008, -0.17206417085073575], [-0.21894896485571202, 0.9006383882281062, 0.3753822644165429]], "T": [0.09025292710859288, 0.05930555276104431, -0.01901793541605724], "aligned_model": [[-0.021984575507549717, 0.05060285223194701, -0.12155656830729832, 0.5283416565467169, 0.6904533223620538, -0.4262186820135835, 0.22492425807699862, -0.3698392022689124, 0.3950924863874632, 0.16062354919104244, -0.42244279765769643, 0.5558298431624028, -0.7470375313834273, 0.10147623943565279], [-0.39345631455430496, 0.1915559516562203, 0.6795822171875006, 0.5365953818648576, -0.11311458602961609, -0.49503404702975096, -0.6506811672111216, -0.0959052780146646, 0.559845718185634, 0.058904038101663066, 0.5441200453227583, -0.14705532789814663, 0.042920668437020845, 0.012709988118204008], [-0.5740576469493022, -0.5461798099412469, -0.24884695564752762, -0.3728632991279841, -0.4735254009315699, -0.1086009946265896, 0.03737841763340319, 0.4479571830624405, 0.262822066103284, 0.7272336114140685, 0.3230346732745343, 0.35319636177797176, -0.1946802385146746, 0.00622749212560789]], "inverted": false, "swapped": true, "error_lsq": 0.04016950964841406, "error_max": 0.2788309658216812, "target": "813.xyz", "model": "12.xyz", "model_rescale": 3.9764082729961374, "target_rescale": 3.9526268976639147},
{"mapping": [8, 2, 7, 0, 3, 10, 11, 4, 6, 14, 13, 1, 12, 9, 15], "R": [[-0.009082620012637543, 0.39600726032421407, -0.9182024590384281], [-0.7252125214707967, -0.6348112221833873, -0.2666111604790832], [-0.6884651804671571, 0.6634703926781845, 0.2929551728913153]], "T": [-0.017677167439148996, 0.0584313025437983, 0.11884466068935023], "aligned_model": [[0.19160031233118116, -0.33328069394493476, -0.5971491957830665, -0.6934891910366802, 0.018580754175487706, 0.6238900948407196, 0.6227562498855631, -0.6230962273377723, -0.0008142352650735499, 0.3622734928533613, 0.47273934617717966, 0.12087550563985347, 0.3499221041305685, -0.2894143855351475, -0.06375746339946635], [-0.41295949376568425, -0.6528738943027361, -0.10654300362305275, -0.17877313157949476, 0.09300317975315008, -0.42582199887994304, 0.032963740884918685, 0.426092287727012, 0.8216651495155582, 0.5939664732115961, 0.39777215669448424, -0.5241283496991607, -0.05627658343606515, -0.1383928820502267, 0.11174831159182072], [-0.3645252703823288, -0.056366197713729166, -0.3372576804521333, 0.23767268219740886, -0.7213538847390621, 0.11275475188980483, -0.3499208884141997, -0.00013804252756251245, 0.14797440587210678, -0.3368390193960434, 0.2560305712763605, 0.3303865870827286, 0.6276927828080348, 0.617761739148253, 0.037465439487297914]], "inverted": true, "swapped": false, "error_lsq": 0.04940366792529027, "error_max": 0.3452539392195918, "target": "813.xyz", "model": "13.xyz", "model_rescale": 4.170626492500431, "target_rescale": 3.9526268976639147},
{"mapping": [7, 9, 8, 10, 3, 11, 12, 4, 2, 6, 0, 5, 1, 14], "R": [[0.7205293594355778, 0.11474160432860744, 0.683865342320733], [0.41559710712308773, 0.7180020337216728, -0.5583476731593523], [-0.5550824143695032, 0.6865183492140902, 0.4696552666052877]], "T": [-0.015761985333057157, 0.043112075000791075, 0.03884418926272309], "aligned_model": [[0.3404287760640681, 0.02727085693215965, -0.221338780984357, -0.6071386663614109, 0.28876258811856936, -0.28945594744395065, -0.8643771361936147, 0.6821531829356765, 0.7335838684482203, -0.17188958786395098, 0.04338259698528092, -0.5686280451810913, 0.45242305514276243, -0.001993738506718676], [-0.2963703473648648, -0.7347868470497685, -0.1710080849463213, -0.2154908354507994, 0.6054537755102141, 0.695371084122669, 0.4138851294974299, -0.40640335366417735, 0.14102237476533164, -0.4443659095404905, 0.10808747544714063, 0.10384872761813331, 0.48278291723913086, 0.07404836174203791], [-0.42128704982380377, -0.050169444876640025, -0.6494393969185942, -0.04052555562088648, -0.3023810363452195, 0.34899907807752634, -0.04277391986193108, 0.24628410427083935, -0.06582101051166725, 0.5083302568264243, 0.5766564744680672, 0.5242141884839701, 0.37522487424237877, -0.0034384612895978217]], "inverted": true, "swapped": true, "error_lsq": 0.040450272198882746, "error_max": 0.27954692034516027, "target": "813.xyz", "model": "14.xyz", "model_rescale": 3.9786697098870705, "target_rescale": 3.9526268976639147},
{"mapping": [5, 6, 11, 12, 1, 3, 9, 7, 13, 10, 4, 14], "R": [[0.34874868438405937, 0.21149268528708082, -0.9130417291725761], [0.8626297054979783, 0.3084186985293965, 0.40093378205123154], [0.36639370400275584, -0.9274420469589963, -0.07487925747260019]], "T": [0.018506102261699214, 0.06602938610793464, 0.0027451047223968593], "aligned_model": [[0.02873981032901607, -0.5442634459710083, 0.49207866152433255, 0.652551792344859, 0.049290756409428926, 0.528685057855382, -0.5814702368365328, -0.15999450230386206, 0.5913307666646426, 0.05409626695271255, -0.6865237068351495, 0.05883337663351565], [-0.46537388448502814, -0.2899243477923798, 0.019011693610885477, -0.5856757585685911, 0.6320252107858748, 0.5767110046585131, -0.163890897633106, 0.31305611832260327, -0.08347500408240173, -0.5704474642494846, 0.5394607055079622, 0.09319711414959116], [-0.5095435760713315, -0.19477744139647318, -0.6055842654694663, -0.1910287718375157, -0.4493175882566204, 0.06847010987885668, 0.45226378192086947, 0.6035414583433982, 0.22048463266743762, 0.13132177328010813, 0.10751521086918689, 0.02662116994537982]], "inverted": true, "swapped": true, "error_lsq": 0.047258838366273426, "error_max": 0.26011954384214, "target": "813.xyz", "model": "15.xyz", "model_rescale": 3.769337070930944, "target_rescale": 3.9526268976639147},
{"mapping": [11, 5, 3, 13, 1, 0, 2, 6, 7, 8, 14], "R": [[-0.19730109860151043, -0.1692149761500087, -0.9656285871582249], [-0.9727226066806154, 0.15636531264671857, 0.17134940750806038], [0.12199593002681033, 0.9730961827319262, -0.19545028065840075]], "T": [-0.006728696585196826, -0.006832335896063517, 0.07337005277095893], "aligned_model": [[-0.30790458675512133, -0.2581873473649051, -0.10220473012297838, -0.5771532504464614, 0.38529925347259675, 0.26755617180030095, 0.5281586445948128, 0.24461235666488418, 0.1882535374142072, -0.420550792511901, -0.025253126054263796], [-0.1345388239306543, -0.6493078292285352, 0.6317838646106654, 0.26216917209257895, 0.18368326432401508, -0.3395829679532735, 0.5312405611043339, -0.6258141666047591, 0.3979462055234308, 0.29476348330779334, 0.04372173437974699], [-0.6262944318404589, -0.18917069580405554, -0.25595005598214793, 0.06136264188134562, -0.5060068015419881, -0.2598067264902108, -0.0068392308685731595, 0.26341465154860005, 0.5753433504812338, 0.6207591205958767, 0.06740578524415512]], "inverted": false, "swapped": true, "error_lsq": 0.04284011441809497, "error_max": 0.20934884218094055, "target": "813.xyz", "model": "16.xyz", "model_rescale": 3.7852294659196426, "target_rescale": 3.9526268976639147},
{"mapping": [10, 11, 0, 5, 13, 3, 2, 1, 6, 9, 7, 4, 14], "R": [[-0.6014130920318876, -0.14818645363504646, 0.785075198749593], [0.6815949912243517, -0.6078182656632041, 0.40741284204606365], [0.4168099814909913, 0.7801267402706071, 0.4665530071109141]], "T": [-0.05853271074235883, 0.05740193513562705, -0.06412033678107479], "aligned_model": [[0.048107736798890854, -0.41421689582879745, 0.218076976142481, 0.13696975684893772, -0.6007531258649639, -0.684077155285765, -0.1343719501820091, -0.16531138690802097, 0.5974228119705478, 0.5098982702574997, -0.03437685257188913, 0.4837275784911214, -0.10732991365174963], [-0.2101598153666189, -0.5698636553973842, -0.25091623235770577, -0.6460100894030747, -0.006973116349912989, 0.26271747828737013, 0.6079107488977659, 0.014507302224538818, -0.1500381886089985, 0.43739988777122696, 0.7139907646238147, 0.5916757593248602, 0.08081478005699273], [-0.6471640102545203, 0.2125977405919169, 0.2899826526352711, -0.17331816710366882, -0.3799415441670927, 0.239092021476471, 0.4586118079684186, 0.6517134509455386, -0.15961237102558531, -0.4480340788323759, -0.2129441732139515, 0.3266305820311969, -0.0618592139084444]], "inverted": true, "swapped": true, "error_lsq": 0.041412721851408804, "error_max": 0.25303506798868197, "target": "813.xyz", "model": "17.xyz", "model_rescale": 3.901054581598922, "target_rescale": 3.9526268976639147},
{"mapping": [5, 8, 4, 1, 10, 13, 9, 6, 7, 11, 12, 2, 3, 0, 14], "R": [[0.08887063264841305, 0.9379993316968354, 0.3350511369760763], [0.9640619424324353, -0.1655600879788116, 0.2077845721458843], [0.2503728855249124, 0.30454410354616746, -0.9190028874759809]], "T": [-0.023375803354749994, -0.027745414726365342, -0.015927494484884234], "aligned_model": [[0.2761273678762177, -0.3560511341426235, -0.6566423587636776, -0.652631401419839, -0.06108181932290192, 0.6424205819595377, 0.5041529728428055, -0.379044703216406, -0.14268588863363252, 0.2237377683672358, 0.4908360802059635, 0.17586546060724884, 0.34498354351259763, -0.269858410941566, 0.02150840880081379], [-0.52119065734133, -0.5963874634201434, -0.1606753547455603, 0.11867890155620643, 0.0586437005723882, -0.2785159617202403, -0.02070271226513819, 0.6235607247624512, 0.4877426421735304, 0.6553223933308137, 0.4461659919304677, -0.7031695441792123, -0.02802200625627838, -0.10301106240524133, 0.003002370049462414], [-0.2544556688351539, -0.09587495774917315, -0.4707649058274574, 0.2453824007367944, -0.8305248951967752, 0.13012559299840176, -0.4107102346849163, -0.1300576465285677, 0.3837150840043952, -0.34620652983747774, 0.23500919379065732, 0.41748139568212345, 0.6531892401626372, 0.6975750807986029, -0.022545173377154937]], "inverted": false, "swapped": false, "error_lsq": 0.04180220794575492, "error_max": 0.3239392865944513, "target": "813.xyz", "model": "18.xyz", "model_rescale": 3.9405287249114394, "target_rescale": 3.9526268976639147},
{"mapping": [10, 11, 9, 13, 5, 3, 2, 8, 0, 6, 1, 14, 3, 12, 15], "R": [[-0.46070087165181517, 0.8767123372520644, 0.13831191043897895], [0.612861238318729, 0.20151018944740318, 0.7640646216880519], [0.6419936210163555, 0.4367712459158616, -0.6301389285827486]], "T": [-0.15353141978324375, 0.062168001066688246, 0.11738272889957718], "aligned_model": [[0.3359015190540775, -0.28419629134294955, -0.7059584256577334, -0.6154429743503869, -0.12751362956766854, 0.557421500040804, 0.471496600317403, -0.32708011610229615, -0.07336370157203043, 0.20269416618343244, 0.4146242013897537, -0.04561241253530435, 0.557421500040804, -0.07324035849685365, -0.12551510966927892], [-0.5002431585334108, -0.5264548397586789, -0.07990520907561754, -0.4034624039791422, 0.1602277473033491, -0.2062160231518952, 0.02304882289883354, 0.641868565928252, 0.7390951917942279, 0.5555938990488339, 0.37555217267285274, -0.6540804378719816, -0.2062160231518952, 0.01297910542509493, 0.04965455249335426], [-0.13172191353982185, -0.2771588335482543, -0.3960853354403015, 0.26283336322678874, -0.7078263376521468, 0.5020183437506527, -0.48522406412684055, -0.33659993667378846, 0.20692028172787308, -0.31611198928673634, 0.2378359359788487, 0.39139116612135944, 0.5020183437506527, 0.6570797367034544, 0.09196921514519606]], "inverted": true, "swapped": false, "error_lsq": 0.048787098680625425, "error_max": 0.36690566041326916, "target": "813.xyz", "model": "19.xyz", "model_rescale": 4.410303926677745, "target_rescale": 3.9526268976639147},
{"mapping": [10, 6, 5, 8, 11, 9, 13, 0, 4, 2, 7, 3, 1, 14], "R": [[0.23573264415247752, -0.8581018533113165, -0.4561702859947866], [-0.42010767445229846, -0.5132538396255178, 0.748384953066231], [-0.8763216660263302, 0.015221874173279137, -0.4814858587741594]], "T": [0.0083062783920319, 0.01581274174764049, 0.02823684184324838], "aligned_model": [[-0.27623449771466935, 0.28091457297739875, 0.34473695838222324, -0.7405501827344351, 0.40404619719885954, -0.26943316537921336, -0.40945026456320927, 0.5420744508727684, 0.2515674016791328, 0.11659032515264961, -0.42529483915198796, -0.08905915681593188, 0.551011846694426, -0.019731757137138803], [-0.12543167921545456, -0.5382596267090495, 0.04446038235639659, 0.0008290105607129603, 0.6116700279805244, -0.7175103038727847, 0.4624166802714289, -0.055575511879084154, -0.5691801721468777, 0.021663478479782748, -0.25702394928649175, 0.5897399066467824, 0.2898535448262459, 0.05329667816907043], [-0.539202988306548, -0.289751066035266, -0.628213893167363, -0.000625681288146461, -0.2631224999295608, 0.02792436918072403, -0.12640646961050975, -0.05517295188188847, 0.6033788570327998, 0.7834194512297612, 0.46571957484346893, 0.46012298421935277, 0.4232456407944954, 0.05549971164370166]], "inverted": false, "swapped": true, "error_lsq": 0.04896118581335598, "error_max": 0.31076534245220244, "target": "813.xyz", "model": "20.xyz", "model_rescale": 4.121658175737393, "target_rescale": 3.9526268976639147},
{"mapping": [12, 11, 0, 10, 6, 13, 1, 8, 3, 7, 4, 9, 14], "R": [[-0.8783416749111284, -0.4285664034036083, 0.21177048894501233], [-0.05061704122526994, 0.5238931349618935, 0.8502787179962807], [-0.4753459974081125, 0.7361160377369149, -0.4818499369457174]], "T": [0.051548280799958573, 0.0072063124205353005, 0.028387496892635193], "aligned_model": [[0.19026903218995975, -0.22653599906234198, 0.1258469809726532, 0.5505626458036476, 0.658475474192892, -0.15323439798957125, -0.44925666622134774, 0.1298313727663974, -0.6567637563018341, -0.006001502795841461, 0.09291106027779697, 0.6176773114748261, 0.007301349357058014], [-0.6149028377731913, 0.007680770368722424, 0.45853295659450233, -0.3821807370421904, 0.34057927086225703, -0.5764357539146407, 0.5026790752299295, -0.6333221360315335, -0.14437138978808745, -0.09881160226965871, 0.6465782503394454, 0.0562447984224945, -0.021443760834865804], [0.7051582160634418, 0.7489533600276143, 0.3246068443530637, 0.17759805212151838, 0.08251358876054757, 0.15214594604277737, 0.1997374114543608, -0.3529766611615893, 0.0016234006295671385, -0.6344014249792073, -0.5387753249863068, -0.5119782431587788, 0.015904574314780415]], "inverted": true, "swapped": true, "error_lsq": 0.04462533267807638, "error_max": 0.23492816177986103, "target": "813.xyz", "model": "21.xyz", "model_rescale": 4.08911054899281, "target_rescale": 3.9526268976639147},
{"mapping": [6, 8, 5, 11, 10, 0, 7, 9, 14, 12, 4, 1, 2, 15, 16], "R": [[0.3720545928857667, -0.795342193409557, -0.4785458967487666], [0.8796444360818589, 0.1375354128520425, 0.4553127236107579], [-0.296312412805867, -0.5903514255035665, 0.7507890172499012]], "T": [0.04321965317733883, 0.04555550566207366, 0.04364522875226972], "aligned_model": [[0.22553576963653005, -0.23800524100202186, -0.5196651192938413, -0.5992369391177017, -0.1050581441049264, 0.6763328884789161, 0.48318223849788605, -0.45383787714336016, -0.07903829747963803, 0.14299877852807716, 0.6476883529332091, 0.01214210604449055, 0.23014986396303144, -0.35228844886311994, 0.09073653665424164], [-0.48503813499574855, -0.5801530715927772, -0.052535614685001376, -0.29735296146730317, 0.16070192203491526, -0.3998341301675913, 0.08863651424500396, 0.46772204252602373, 0.6433018451270925, 0.6858929385125812, 0.0887359846195578, -0.5777032070526663, 0.0215876906038028, 0.17371078388051164, 0.04376936045377568], [-0.4470637998217776, -0.05716822919651166, -0.3702000551127168, 0.27934915414612593, -0.7411416256512353, 0.014063109815955536, -0.5134661947771453, -0.24315930096493144, 0.24257962272271938, -0.30988214539115966, 0.3886745363773012, 0.5341359466618038, 0.7405931963296217, 0.6425246688562711, 0.0414990921426152]], "inverted": false, "swapped": false, "error_lsq": 0.046120337713000475, "error_max": 0.28539552955254577, "target": "813.xyz", "model": "22.xyz", "model_rescale": 4.204369325754507, "target_rescale": 3.9526268976639147},
{"mapping": [10, 11, 9, 13, 5, 3, 2, 8, 0, 6, 1, 14, 3, 12, 15], "R": [[-0.46070087165181517, 0.8767123372520644, 0.13831191043897895], [0.612861238318729, 0.20151018944740318, 0.7640646216880519], [0.6419936210163555, 0.4367712459158616, -0.6301389285827486]], "T": [-0.15353141978324375, 0.062168001066688246, 0.11738272889957718], "aligned_model": [[0.3359015190540775, -0.28419629134294955, -0.7059584256577334, -0.6154429743503869, -0.12751362956766854, 0.557421500040804, 0.471496600317403, -0.32708011610229615, -0.07336370157203043, 0.20269416618343244, 0.4146242013897537, -0.04561241253530435, 0.557421500040804, -0.07324035849685365, -0.12551510966927892], [-0.5002431585334108, -0.5264548397586789, -0.07990520907561754, -0.4034624039791422, 0.1602277473033491, -0.2062160231518952, 0.02304882289883354, 0.641868565928252, 0.7390951917942279, 0.5555938990488339, 0.37555217267285274, -0.6540804378719816, -0.2062160231518952, 0.01297910542509493, 0.04965455249335426], [-0.13172191353982185, -0.2771588335482543, -0.3960853354403015, 0.26283336322678874, -0.7078263376521468, 0.5020183437506527, -0.48522406412684055, -0.33659993667378846, 0.20692028172787308, -0.31611198928673634, 0.2378359359788487, 0.39139116612135944, 0.5020183437506527, 0.6570797367034544, 0.09196921514519606]], "inverted": true, "swapped": false, "error_lsq": 0.048787098680625425, "error_max": 0.36690566041326916, "target": "813.xyz", "model": "23.xyz", "model_rescale": 4.410303926677745, "target_rescale": 3.9526268976639147},
{"mapping": [5, 2, 3, 0, 8, 6, 15, 10, 11, 9, 14, 12, 13, 7, 16], "R": [[-0.23016256307509364, 0.499584150392943, 0.8351292542085116], [0.9408587689484937, -0.10500397331854255, 0.3221163492901963], [0.24861611261426408, 0.8598778065885176, -0.44587014509281886]], "T": [-0.003136000692379756, 0.07993336334886926, 0.038520885485627404], "aligned_model": [[0.17550645951326763, -0.5211752699956259, -0.8235144785444655, -0.46638759199648755, 0.012520565639459838, 0.6378412407522331, 0.6117540825631171, -0.32286230403701444, -0.03635623529479859, 0.2490576572214839, 0.5705437364493452, 0.08190737728113033, 0.37359706922007896, -0.2610590917203268, -0.11973674931962329], [-0.46753437483322047, -0.6024911149732824, -0.12900283315812033, -0.46563067062521013, 0.25432930746134524, -0.2851681877573736, 0.07783364271257741, 0.49412644369540365, 0.6696084760405967, 0.5492026907629513, 0.3957124650269016, -0.6246990955869522, -0.03289634882083442, 0.08984236798414026, 0.05820919411325344], [-0.2143980352960985, -0.27584529912219224, -0.2657418356951785, 0.27965084852280114, -0.7646276648226382, 0.22222478606933083, -0.3237220820403782, -0.3487814891756168, 0.26633915537573416, -0.2910312968538986, 0.20976663915868018, 0.41592856487306396, 0.6212114327876865, 0.6511450667126053, 0.01921918564303464]], "inverted": false, "swapped": false, "error_lsq": 0.0441437173216449, "error_max": 0.31532764572443694, "target": "813.xyz", "model": "24.xyz", "model_rescale": 4.28219845311461, "target_rescale": 3.9526268976639147},
{"mapping": [1, 0, 6, 2, 8, 3, 5, 10, 12, 11, 9, 4, 7, 13, 15], "R": [[-0.06338824329591491, 0.9976719214703059, -0.02515288694376172], [0.05365180165496791, -0.02176046150354699, -0.9983225763721508], [-0.9965457414444328, -0.06463141206023898, -0.05214753861943722]], "T": [-0.0025811931460299597, 0.03471221176489748, 0.07527973309766307], "aligned_model": [[0.2779241195690961, -0.4066038507098571, -0.6748716037100413, -0.6274967867393203, -0.015741737395547753, 0.6242043409613403, 0.5588269861592217, -0.3256309197185325, -0.07466060508749826, 0.05467707310464304, 0.5745245987391949, 0.023604782406095516, 0.37928174240273216, -0.1675238911406262, -0.0388777811091266], [-0.3790044612829067, -0.6474026192206717, -0.14806751491420322, -0.1439949436691742, 0.026515166872403684, -0.4196748973543099, 0.22037484144626399, 0.47172392495853444, 0.7217754419143945, 0.5522683818540456, 0.3294457196733396, -0.6259454874594123, -0.11026121250744209, 0.16245898972595513, -0.028769367994640534], [-0.32476111835068194, -0.11717603210670076, -0.49639702026896443, 0.29051048802949797, -0.6187704563403277, 0.1020676811312925, -0.537607634257142, -0.502962824589742, 0.4026458528836538, -0.08388738975506142, 0.2675159111895647, 0.38752046100761556, 0.7376311582935776, 0.6315091138713115, 0.06349978539904282]], "inverted": true, "swapped": false, "error_lsq": 0.046392082136731655, "error_max": 0.39193238453887286, "target": "813.xyz", "model": "25.xyz", "model_rescale": 4.100010024507729, "target_rescale": 3.9526268976639147},
{"mapping": [4, 9, 10, 8, 1, 11, 0, 13, 7, 3, 2, 14], "R": [[0.20441611878652, 0.4235323622202794, 0.882515942367256], [-0.26772179341576746, -0.8429901556342362, 0.46657543745252156], [0.9415620487840941, -0.331644290853735, -0.0589319322067654]], "T": [0.03304172103766474, 0.06460421695767118, 0.08693166083497508], "aligned_model": [[-0.6942479450279059, -0.029350381604849915, 0.5259442380280867, 0.5824849454550171, -0.4946962239788802, 0.13593167305486126, -0.3257638761652897, 0.584862440916739, -0.014610155514245174, 0.049844896331042735, -0.49389909977257546, 0.050265090641006496], [-0.35137608289736844, -0.7154858085664255, -0.187394138867749, -0.28376859278941724, 0.5513686168932423, 0.7753896262023431, 0.23981993534288606, 0.27754030923723866, -0.37465755292156566, 0.5330741410372167, 0.1161172900416916, 0.08550364733854676], [-0.08682435434936842, 0.1366183100397885, 0.42817254051797204, -0.2853479187600252, -0.014126377996064657, 0.37108657406210854, 0.4577684630069724, -0.13225381902422137, -0.42161462709451325, -0.4659260442681382, -0.4623771904392946, 0.04001673415914059]], "inverted": false, "swapped": true, "error_lsq": 0.04266107544853474, "error_max": 0.20985860993329383, "target": "813.xyz", "model": "26.xyz", "model_rescale": 3.6694154284099745, "target_rescale": 3.9526268976639147},
