[{"mapping": [0, 7, 1, 5, 2, 6, 8, 9, 3, 11, 4, 12], "R": [[0.8007974023059683, -0.3249747226924167, -0.5031053071385753], [-0.16801086828154502, -0.9281577598908353, 0.33210769472222135], [-0.5748877008593022, -0.18142381972997296, -0.7978656083798147]], "T": [-0.10924277550911933, -0.07059939519432347, 0.04054296575059872], "aligned_model": [[-0.25864488666711416, 0.1362089239546146, 0.4147340817528832, -0.03411083266258767, -0.02375088601438137, -0.5528838441800793, 0.4071306781860443, -0.09635469449526259, 0.5780997866290045, 0.03394988663653285, -0.6380777636079972, -0.1286579870711083], [-0.19003892553722807, -0.6700333548185549, -0.358237204495128, 0.5640002754048627, 0.3853917334144624, -0.6046427080933575, -0.15386582624650214, -0.5225990656964764, 0.12626431348313077, 0.3597914868072529, 0.24088146876523892, -0.1233571570106434], [-0.5494533863559504, 0.024811495347781473, -0.6208266096567667, 0.08961494701405608, -0.6637602107459141, 0.13711882338719666, 0.5204763907628006, 0.5779201712911052, -0.1485478412115651, 0.6704024940044346, 0.09550497639282694, 0.04869049512355723]], "inverted": true, "swapped": true, "error_lsq": 0.04913266612805698, "error_max": 0.2829360220453841, "target": "814.xyz", "model": "0.xyz", "model_rescale": 3.751011558992144, "target_rescale": 3.932255163614375},
{"mapping": [9, 11, 10, 6, 8, 4, 13, 12, 7, 3, 2, 1, 14], "R": [[0.8061295442096457, -0.16586674107029264, 0.5680170615034993], [0.0939823600705958, 0.9836151496002838, 0.15384587570803618], [-0.5842281009570752, -0.07063612166258934, 0.8085097800079835]], "T": [0.05307077747262609, 0.04352839674816623, 0.029403776303101918], "aligned_model": [[-0.15588405857698961, -0.7258756588596279, -0.32458796726165984, -0.5523268230345509, 0.5834774475695244, 0.07447672915442353, 0.2677605423424875, -0.3458597471532434, -0.26170673012046664, 0.26217737720577405, 0.8157138733417196, 0.0817739894654762, 0.0174739091439869], [-0.40276816646550206, -0.11174501162458594, 0.23206740369901538, 0.43995267935067933, 0.3620154560401604, 0.7430211736136684, -0.6472735995841248, -0.48820766313429576, 0.10890062362280598, -0.43998495964727335, -0.2581855448246549, 0.6202075236710742, 0.0018691868146266319], [-0.40802836185028124, -0.04717041585239091, -0.6736471916306405, 0.22957190247052214, -0.21070663480006313, -0.33914148584985754, -0.03542758203546705, 0.36119633682791924, 0.609333613838795, 0.5824816674251687, 0.13467631674886865, 0.41966376609011863, 0.028314907039006944]], "inverted": true, "swapped": false, "error_lsq": 0.04945843343264478, "error_max": 0.2722643825153201, "target": "814.xyz", "model": "1.xyz", "model_rescale": 3.9405287249114394, "target_rescale": 3.932255163614375},
{"mapping": [8, 10, 9, 11, 2, 5, 4, 3, 6, 7, 1, 0, 12], "R": [[0.11628103190165631, 0.6270416879520646, -0.7702580367578851], [-0.8828723703354446, 0.4205178870040578, 0.20904804330085408], [0.45498911999976355, 0.6557312164903146, 0.6024960351753136]], "T": [0.01705283461385883, -0.006245411449857914, 0.08978036632789194], "aligned_model": [[-0.23017207165588616, -0.7553118678109448, -0.4695125952479141, -0.4928498465599999, 0.48547364841954194, 0.051764963277300666, 0.2784241139906906, -0.31495134980404454, -0.12599693912345353, 0.08179888984339471, 0.7865919127927282, 0.35984278252600155, 0.08151124256943881], [-0.40463928374027114, -0.21758824775733587, 0.14331892813650596, 0.4896776693412707, 0.3139631361776961, 0.6605005923289912, -0.6332811183580419, -0.44080710408632495, 0.16801950208863442, -0.4827867810128407, -0.0890181841921937, 0.6527362317950962, -0.00022623918959283756], [-0.527351660349648, -0.17531224258854922, -0.535731981973548, 0.13069298916642758, -0.2873377249134123, -0.19713619810388916, -0.08402124028689847, 0.2563007416302034, 0.5842742444826666, 0.7203563923417196, 0.2576630861248603, 0.47858395909993545, 0.03013647379183059]], "inverted": false, "swapped": false, "error_lsq": 0.0404874517147744, "error_max": 0.25549278881861404, "target": "814.xyz", "model": "2.xyz", "model_rescale": 3.932901565614263, "target_rescale": 3.932255163614375},
{"mapping": [3, 8, 11, 9, 1, 10, 0, 7, 5, 4, 2, 6, 13], "R": [[0.4315081377070427, -0.3083171487216987, -0.847786095012605], [0.8003808508879895, -0.3026945182298846, 0.5174616141950974], [-0.4161624930533958, -0.9018406535734016, 0.11615599398172402]], "T": [-0.06392128977197079, -0.000855535443242194, -0.007251216569551036], "aligned_model": [[-0.15605583623626226, -0.7196900135464726, -0.38409515828293306, -0.6941291297513005, 0.5575001499961167, 0.09194311365397898, 0.36306723786459516, -0.4500400224382446, -0.1725429805951965, 0.33405274579296207, 0.7200423823659967, 0.31374504272716597, -0.06718464833355217], [-0.36051446927141667, -0.13414278264791174, 0.39271546516339956, 0.18854890417032139, 0.062392478021975104, 0.6698438991182087, -0.5145436643421493, -0.4336247527640644, 0.23285242090493108, -0.40231376291519955, -0.0729273972861862, 0.4326492052535774, 0.09893355812610831], [-0.35773966822897313, -0.30889441006754986, -0.7423017316851043, 0.3194856440264101, -0.40550202184358225, -0.20477082705128286, -0.05974533660317197, 0.409120824003367, 0.6638535480364907, 0.658837638726055, 0.2655242601081457, 0.3617122528576989, 0.05153666614319545]], "inverted": false, "swapped": false, "error_lsq": 0.04469509138660518, "error_max": 0.2725481083150865, "target": "814.xyz", "model": "3.xyz", "model_rescale": 3.9243930471874484, "target_rescale": 3.932255163614375},
{"mapping": [4, 2, 7, 0, 9, 1, 10, 3, 5, 6, 11, 5, 12], "R": [[-0.625547187962055, 0.49340295000434437, 0.6043544031111016], [-0.6399087473118514, 0.11867060088473552, -0.7592325622623366], [-0.4463266861241241, -0.8616674633596573, 0.24149880298003842]], "T": [0.10476150135212434, -0.08151578673567955, -0.06601231132351615], "aligned_model": [[-0.2697929033412222, -0.8080888533393573, -0.37265947277451594, -0.5556371746991333, 0.6770676743009487, -0.06022500254532412, 0.38064489097018084, -0.364054977158229, 0.030579612093147163, 0.1604998625988664, 0.821836281951617, 0.030579612093147163, 0.06586333306672804], [-0.38017650022323685, -0.017720205705642866, 0.1815766865324997, 0.3167086953526657, 0.24485676354404973, 0.6054555680974729, -0.7286445368497902, -0.44260141481262516, 0.3827306850084438, -0.28052030082597207, -0.10464865839694731, 0.3827306850084438, 0.00012163480223245648], [-0.416551960413305, -0.1836934232075131, -0.6540346943037719, 0.2926145196523702, -0.31827010526743066, -0.17094138809866344, -0.11334576278770722, 0.25458346069804855, 0.527785095671483, 0.625946468658301, 0.26775813473846016, 0.527785095671483, 0.011481397409944083]], "inverted": false, "swapped": false, "error_lsq": 0.05217433327971605, "error_max": 0.35267371329898944, "target": "814.xyz", "model": "4.xyz", "model_rescale": 3.8936222436046832, "target_rescale": 3.932255163614375},
{"mapping": [10, 4, 6, 9, 0, 2, 5, 3, 8, 11, 7, 12], "R": [[0.02490155908174893, -0.10214065812352438, -0.9944582436248353], [0.8319687250283477, 0.5536512327002379, -0.03603266718150944], [0.5542634327916685, -0.8264608874517905, 0.09876461199435296]], "T": [-0.15095568252997565, 0.027863471137717876, -0.02390503952804725], "aligned_model": [[0.10292336498577803, -0.47444509099680326, -0.19147227421887583, 0.3931420687097285, -0.6756350216787603, -0.7747114751840483, -0.22231182982332137, 0.031446983609239115, 0.5376099199796625, 0.32756528648175015, 0.11599490925027611, -0.14255879889952788], [-0.631008951046466, -0.4764610000864434, 0.1064272358586629, 0.039676462178726224, 0.35648915581577867, 0.15482761988348434, -0.3836291516722107, 0.3475495079840358, 0.079812799619774, -0.5327948002327064, 0.5593287223595352, 0.048705304447636974], [-0.57652954227937, -0.1678460906518475, -0.7192701916695092, -0.4678218742385149, -0.061311431579477244, 0.5293476631550265, 0.4622551518925046, 0.6175624623995605, 0.14068418544122022, 0.2192892451387711, -0.2809987115103792, -0.07607614682246666]], "inverted": true, "swapped": true, "error_lsq": 0.039593615927370956, "error_max": 0.22696367156003192, "target": "814.xyz", "model": "5.xyz", "model_rescale": 3.6523030999806103, "target_rescale": 3.932255163614375},
{"mapping": [4, 10, 11, 9, 3, 7, 1, 6, 8, 1, 0, 5, 12], "R": [[-0.2626816797969901, 0.6047155461112628, -0.7518759494693185], [-0.0145869730895416, 0.7766630088578498, 0.6297474024463753], [0.9647722815852023, 0.17639069976398747, -0.19519417440501208]], "T": [-0.10592308669475309, -0.01792400962127256, 0.06325802110227426], "aligned_model": [[-0.1747165355800926, -0.8087355032851662, -0.3330182714831532, -0.6599425711343436, 0.45201421063544506, 0.13272567567829308, 0.3606249002825403, -0.42435928662308703, -0.3214057710747906, 0.3606249002825403, 0.8844732159712558, 0.285349629300304, -0.01702170975289191], [-0.24122356621884966, -0.271258393390694, 0.42599670351122026, 0.4457951037068859, 0.028594949885392566, 0.5681144846537386, -0.45986917708988945, -0.4599096663754354, 0.15589800254082656, -0.45986917708988945, 0.0561913103645118, 0.33359346954262364, 0.03781505749115243], [-0.4607041639270493, -0.1615740023141074, -0.6619531072175001, 0.08952339709574998, -0.34806017883819906, -0.19446995786561938, 0.32668222422722254, 0.4180417973250648, 0.6773070610712194, 0.32668222422722254, 0.09129038646092477, 0.4959757738544067, 0.05237538432236301]], "inverted": true, "swapped": false, "error_lsq": 0.051881995692797785, "error_max": 0.3394967548560917, "target": "814.xyz", "model": "6.xyz", "model_rescale": 4.08911054899281, "target_rescale": 3.932255163614375},
{"mapping": [9, 1, 0, 2, 4, 6, 10, 11, 13, 12, 5, 7, 14], "R": [[0.5187351994818838, -0.8166324538497016, 0.25303206938628436], [-0.49889235166374135, -0.04879439662889565, 0.8652892743522506], [-0.6942767562506412, -0.5750917684831155, -0.43272305641489767]], "T": [0.03810842262996897, -0.03620992058303033, 0.0021879615243691336], "aligned_model": [[-0.3794459342056925, -0.6935035757757436, -0.4613005771128106, -0.4446956004200019, 0.6295447819445967, 0.047008963087887476, 0.4483901369982104, -0.17160068073777446, -0.3230168976179558, 0.1995632871917067, 0.7417676983143482, 0.21582986660727665, -0.07192858505719402], [-0.43055435055489005, -0.039329224600001524, 0.4742310054616325, 0.5905253369627254, 0.08019181822717947, 0.422779880788282, -0.6135446872954953, -0.5506629475352169, 0.0058922599163145, -0.3030274319603265, 0.07751619013517769, 0.582022883636994, -0.13617163165078153], [-0.531383156083693, -0.04958280809174226, -0.6099369400263457, 0.15788875011284503, -0.36319287785404303, -0.19375108274745462, 0.13495987309494073, 0.1916377912460835, 0.6375700763376977, 0.64308004319099, 0.2713184597358739, 0.43287607684021684, -0.07036736733366991]], "inverted": true, "swapped": false, "error_lsq": 0.053517280914179885, "error_max": 0.28555377151666006, "target": "814.xyz", "model": "7.xyz", "model_rescale": 3.964800864290218, "target_rescale": 3.932255163614375},
{"mapping": [6, 4, 11, 12, 10, 9, 3, 2, 7, 1, 5, 8, 13], "R": [[0.5954167582237453, 0.7615500416799669, -0.25596956468214627], [-0.4511136597610658, 0.053264510285417496, -0.890875613046531], [-0.6648122667364854, 0.6459136366119669, 0.37526020843596053]], "T": [-0.03499679445429461, -0.11421025255132361, 0.06527450196090796], "aligned_model": [[-0.1845451274560933, -0.6788031145126707, -0.3488409167405202, -0.49906292669497376, 0.5322070842961326, 0.035363751980119186, 0.38173812513899297, -0.5252069871056075, -0.2682137782922773, 0.1474541776933338, 0.7885493087450414, 0.3416665395426729, 0.014306746622703696], [-0.396610405305257, -0.19796975106682407, 0.251248100935192, 0.4741617880667561, 0.26048291550053476, 0.5512317711435024, -0.6390121172384169, -0.4361157696134635, 0.14946248467950235, -0.2864155170502774, 0.019161560389147375, 0.46496042794700093, -0.05471638685580317], [-0.4188652227048923, -0.20600241131253322, -0.6093182516816092, 0.16085642501470993, -0.39626509845596253, -0.09625887971297332, -0.21199378925706197, 0.3729748965979821, 0.6840957128550005, 0.772506345710626, 0.12054201851938685, 0.40253350789059056, 0.07631158495843535]], "inverted": true, "swapped": false, "error_lsq": 0.045695779800830456, "error_max": 0.2512192847783442, "target": "814.xyz", "model": "8.xyz", "model_rescale": 4.121658175737393, "target_rescale": 3.932255163614375},
{"mapping": [5, 9, 4, 6, 0, 1, 10, 7, 8, 11, 3, 2, 12], "R": [[0.09467670591946745, -0.8547466207816667, 0.5103376682340437], [-0.11754165112387177, 0.499456465594847, 0.8583281419285855], [-0.9885445268713562, -0.14124961323071178, -0.0531814361865271]], "T": [-0.033016097864025123, -0.02924810427466229, 0.09452160426267697], "aligned_model": [[-0.057689525494225985, -0.821184093462798, -0.31591379547866205, -0.5591103551404243, 0.42666057780500677, 0.017493844195390434, 0.4913576798627928, -0.4377521940722635, -0.21881688393827758, 0.16681502045327537, 0.715025810077143, 0.3602593518186471, -0.0305325534087511], [-0.42480003828464363, -0.07670409241261528, 0.2884519406377957, 0.39186078398250007, 0.1850670333046902, 0.6010016304663791, -0.5487561910484654, -0.5111945238426838, 0.1842461640960486, -0.41428011349163746, -0.05444904838421538, 0.4895661619078635, 0.04985939460057737], [-0.3794486434804882, -0.1695408068045003, -0.6846853591723817, 0.2559966388209145, -0.5068024504470023, -0.1796420937819994, -0.08331067515951798, 0.33768256207639646, 0.7656785181020151, 0.5580406983503968, 0.3444860174293243, 0.33641544201235, 0.05624699047619103]], "inverted": true, "swapped": false, "error_lsq": 0.0432999938560417, "error_max": 0.2724776668733066, "target": "814.xyz", "model": "9.xyz", "model_rescale": 3.833441315466971, "target_rescale": 3.932255163614375},
{"mapping": [12, 10, 11, 8, 6, 7, 1, 0, 2, 5, 4, 3, 14], "R": [[0.5797442672581787, -0.11376459669033984, 0.8068173282231622], [0.11532073881828436, -0.9687804395804231, -0.2194665967402951], [0.8065963747622987, 0.22027727169693787, -0.5485254887369146]], "T": [-0.04241425474346195, 0.0010422860012401555, 0.03779253877173673], "aligned_model": [[-0.028385599682101366, -0.8188065411051283, -0.3703704685794825, -0.7122997592532632, 0.5408804980192075, 0.015758609499545016, 0.2139225167771474, -0.28801065044869406, -0.10322034623913212, 0.21215399252147593, 0.7251648819837112, 0.3865911530208926, -0.03676540329732437], [-0.2607388563448874, -0.1910042365330836, 0.3191565449909109, 0.3887873078357126, -0.1368913206103936, 0.6200004270232643, -0.6821798755653742, -0.6184561263858749, 0.22694827686109267, -0.3205462761604251, 0.07293084658925747, 0.6575171027170068, 0.08434528711438743], [-0.5046960672467663, -0.1521740224448307, -0.46874978036592974, 0.12980651198762255, -0.2815366324788068, -0.2018336582730374, -0.0766970695971424, 0.17824569526923073, 0.7174390332512443, 0.575575957666612, 0.24167212040753805, 0.41104449774124113, 0.08302025250472325]], "inverted": true, "swapped": false, "error_lsq": 0.04378653271393735, "error_max": 0.26984995191397004, "target": "814.xyz", "model": "10.xyz", "model_rescale": 4.2482417240324, "target_rescale": 3.932255163614375},
{"mapping": [10, 4, 0, 2, 9, 7, 6, 3, 5, 8, 11, 12], "R": [[0.8498260147367906, -0.13736716833367907, 0.5088477235289269], [0.5212792879990197, 0.3616933946337681, -0.7729461767688207], [-0.07786943289776645, 0.9221215480305666, 0.37898311582165806]], "T": [0.06158820325067513, 0.03946620667914232, 0.01479340606479445], "aligned_model": [[-0.8124113558777115, -0.18644654023536536, 0.4862088370997337, 0.7842691893280027, -0.4691588094396282, 0.0982891867892832, -0.3126301574684097, 0.578770507815655, 0.15170876062073718, -0.1263031253030712, -0.3528152317034795, 0.0372843407372608], [-0.15979309391579583, -0.5227661177678115, -0.13055109532125328, -0.3887881607927527, 0.4908007999271576, 0.6121806090446138, 0.12132355116882271, 0.33148314627457426, -0.3279696120056003, 0.5724099752171858, 0.0037846710751319942, 0.06401671714636675], [0.034332656135058696, 0.06041330561709179, 0.433689481549114, -0.060107368737083784, 0.10338662961358547, 0.315569633536173, 0.6018253879837954, -0.42588677460211394, -0.5025447951077013, -0.41483285348640925, -0.640538644310995, 0.05988563166384106]], "inverted": true, "swapped": true, "error_lsq": 0.0448087640056262, "error_max": 0.19786399596936372, "target": "814.xyz", "model": "11.xyz", "model_rescale": 3.6694154284099745, "target_rescale": 3.932255163614375},
{"mapping": [1, 3, 2, 8, 12, 10, 0, 4, 11, 6, 5, 7, 13], "R": [[0.791181370945223, 0.6115776073178394, -0.0022064670005166043], [0.35837412893538056, -0.4665363588493484, -0.8086481370666722], [-0.4955804899096058, 0.6389966010073754, -0.5882884682891348]], "T": [0.03214983952346545, 0.07659089608488373, 0.10806105551225009], "aligned_model": [[-0.2298162570242423, -0.7369751516417717, -0.3063786536758488, -0.6535250869047924, 0.42979691486430527, 0.12947899043189648, 0.29018283168026765, -0.3937718571924848, -0.36852837647921066, 0.23213497241253, 0.8130507714078727, 0.49067105663631494, 0.04029272870201711], [-0.3802708924015972, -0.2068206031547612, 0.23668083716213412, 0.39648955489228005, 0.15680073539134823, 0.657102639224165, -0.580742347740214, -0.5143652138147932, 0.10570049699367584, -0.1893723215546685, -0.054262599325170024, 0.5715611599896211, -0.03863234413042607], [-0.5546036897262853, -0.155327574969651, -0.42680644532361245, 0.09744999185575665, -0.43711018860999507, -0.13081535556527657, -0.0018017951081515382, 0.23859930350546932, 0.7274464341440984, 0.5653622111414802, 0.240883831412008, 0.4193937550106644, 0.06844636065519313]], "inverted": true, "swapped": false, "error_lsq": 0.03890756011103315, "error_max": 0.2738236672090784, "target": "814.xyz", "model": "12.xyz", "model_rescale": 3.9764082729961374, "target_rescale": 3.932255163614375},
{"mapping": [9, 0, 5, 4, 13, 6, 10, 2, 3, 8, 11, 14, 15], "R": [[0.07591635531861386, -0.2898435901884315, 0.9540583840739615], [0.5763005392907551, 0.7935756889127574, 0.19523143799047218], [-0.8137041203092946, 0.5350031020408418, 0.22728239130727634]], "T": [-0.029597844202678976, -0.031166672444150882, -0.039909342422268596], "aligned_model": [[-0.3411344064650569, -0.733558757920716, -0.46442191723557363, -0.5795951958777323, 0.49441369606479113, 0.08183053930213557, 0.5459853019255173, -0.4256087599846866, 0.04003394159092174, 0.13565862652971628, 0.6185633001886816, 0.43020289881740553, -0.06575638371855036], [-0.28083462989443764, -0.19666462517973832, 0.2856624926525328, 0.42765333083832396, 0.2099852025765826, 0.7044075541354039, -0.5848289080011764, -0.6500993915292199, 0.1548641504324265, -0.42698242102290107, -0.05143867408055274, 0.5262005332182875, 0.041944487386062594], [-0.4894758090475758, -0.10438719210614728, -0.6828488508442823, 0.013483911060970355, -0.24420869393224526, -0.2136133384633082, 0.051244756604760994, 0.27050515101123396, 0.778007153719403, 0.5219385272957411, 0.41837100365461266, 0.3017529387052984, 0.03034728076323652]], "inverted": false, "swapped": false, "error_lsq": 0.046572197870544924, "error_max": 0.2667552058168911, "target": "814.xyz", "model": "13.xyz", "model_rescale": 4.170626492500431, "target_rescale": 3.932255163614375},
{"mapping": [9, 1, 7, 0, 12, 8, 11, 3, 2, 6, 5, 4, 13], "R": [[-0.06939875871776591, 0.9120883034087286, 0.40407763990775425], [0.8482938293687947, 0.2671055383671127, -0.457222276828723], [-0.524958466303059, 0.3110459100496295, -0.7922556724303956]], "T": [-0.06564210186857884, 0.05013266050444595, 0.05460430844430973], "aligned_model": [[-0.2305519173821472, -0.7553290606686088, -0.4737266137469325, -0.5769034374651617, 0.5930257950927221, 0.11364704225477125, 0.268162008011037, -0.32770372564315575, -0.28316477454561695, 0.3479412704114097, 0.7907789713391922, 0.2635124602333249, 0.006924865326019616], [-0.5110343332884953, -0.16817812142331343, 0.4392667336873032, 0.3508751583905717, 0.24513870513971403, 0.6822276188442012, -0.5634463564167594, -0.5132508081107648, 0.20069284272479507, -0.3815625120390599, -0.20152696894175606, 0.5999465151450714, -0.019279372179913837], [-0.505933644141019, -0.20517785270345346, -0.5280375259118688, 0.11804091630676154, -0.1980523068549096, -0.291614782950003, -0.053817356146445075, 0.3535965776848531, 0.6570557053532703, 0.6462776467030422, 0.22904686239510746, 0.3586193246618346, 0.07111327402452838]], "inverted": false, "swapped": false, "error_lsq": 0.04070150257110883, "error_max": 0.24475209005584922, "target": "814.xyz", "model": "14.xyz", "model_rescale": 3.9786697098870705, "target_rescale": 3.932255163614375},
{"mapping": [0, 6, 2, 1, 4, 5, 9, 11, 3, 7, 10, 12], "R": [[0.7499959297506461, -0.6131595991914753, 0.24807541449489479], [-0.6558010757334285, -0.73819859369363, 0.15807525212893186], [0.0862035638726284, -0.28124391937977417, -0.9557566653639207]], "T": [0.033800226680704246, 0.008169353251409727, -0.027190641186433957], "aligned_model": [[0.17571353820819202, -0.5963248416259208, 0.6958549199024968, 0.5788511719223245, -0.1879712386655829, 0.3925810798724242, -0.4733027511877639, 0.030453546343434834, 0.6991604103744476, -0.10735751498707531, -0.7130548994833301, -0.011248823906310497], [-0.2656354585891172, -0.2456137125160751, 0.09256466197685596, -0.6813532276940779, 0.4863240472189427, 0.5376869929013062, -0.1729662602397332, 0.5632177203467714, -0.14842610438065829, -0.5956510344356816, 0.47086998994262735, -0.026343124306721272], [-0.565311468464389, -0.20005795435800855, -0.5427881120981016, -0.17610353188948796, -0.3463976299246941, 0.013515363140143354, 0.4236757749091961, 0.5153714152182611, 0.25516399292194364, 0.1606670689617465, 0.15190939189997413, -0.02967781644275358]], "inverted": true, "swapped": true, "error_lsq": 0.0600343740142621, "error_max": 0.30258128163939657, "target": "814.xyz", "model": "15.xyz", "model_rescale": 3.769337070930944, "target_rescale": 3.932255163614375},
{"mapping": [9, 7, 11, 8, 10, 6, 4, 0, 5, 3, 12], "R": [[-0.6213467185791737, 0.10089673560340928, 0.7770122933747375], [-0.4181425456195318, -0.8813564510927898, -0.21992639145846246], [0.6626349423730319, -0.46155243999105755, 0.5898171566550012]], "T": [0.04326570808765453, -0.017184168743602075, 0.11352969697780094], "aligned_model": [[-0.24113471022774743, -0.3395687101992172, -0.1499904937043929, -0.5897271338538019, 0.3567776612060584, 0.28129178571980323, 0.5987490394808274, 0.3146216248464601, 0.13083460588055257, -0.4839091175937902, 0.044681579136418216], [-0.07547750111240939, -0.4996595062742296, 0.7052467666862362, 0.22338455040696292, 0.3415918131165484, -0.42456156895659825, 0.2354929821018889, -0.4635465618933675, 0.5331018727660505, 0.07720361538890089, -0.05671196460464075], [-0.5259719490436636, -0.08764297693969256, -0.09433819168583785, -0.09944374756943958, -0.6460434269646376, -0.40486570645927256, 0.028088946458392966, 0.4479083268984898, 0.4302102470035092, 0.6235572454227246, 0.07275884010320383]], "inverted": true, "swapped": true, "error_lsq": 0.043533778793837304, "error_max": 0.20441382022075066, "target": "814.xyz", "model": "16.xyz", "model_rescale": 3.7852294659196426, "target_rescale": 3.932255163614375},
{"mapping": [7, 6, 11, 10, 8, 9, 2, 5, 4, 1, 3, 0, 12], "R": [[-0.46624154807877144, 0.8514578728747084, 0.24007979832711362], [-0.37424054816807484, -0.4357369085423133, 0.8185825301341623], [0.8016001690069492, 0.29180959074996954, 0.52180871188048]], "T": [0.04406577599831571, -0.006793466162124801, 0.0645546752191895], "aligned_model": [[-0.30758454096793164, -0.8115728396195255, -0.1018425725530255, -0.6016028671893255, 0.435783266718746, 0.020514965289094828, 0.34602959636799624, -0.369743759365879, -0.16394981867675706, 0.2087572780121908, 0.780785052003217, 0.3024691304410808, -0.0014300072430276714], [-0.5278252397876807, -0.1284840994471742, 0.025241313926087843, 0.4745306196756289, 0.3371492778069484, 0.8043147185470737, -0.4388115620574581, -0.350965669437491, 0.0944755565660295, -0.5823270002176173, -0.1024361500133164, 0.4940842125171044, 0.06092312345345824], [-0.24575960196857788, -0.1366098970500154, -0.6535098073455685, 0.09090240521289435, -0.3259151796828036, -0.23345649491463044, -0.2457117216674003, 0.4420678186918798, 0.7340774772933643, 0.40498383758498724, 0.3484429570328476, 0.44938764307973406, 0.022217402154987388]], "inverted": true, "swapped": false, "error_lsq": 0.06554540284578937, "error_max": 0.41958704664391094, "target": "814.xyz", "model": "17.xyz", "model_rescale": 3.901054581598922, "target_rescale": 3.932255163614375},
{"mapping": [9, 11, 10, 6, 8, 4, 13, 12, 7, 3, 2, 1, 14], "R": [[0.8061295442096457, -0.16586674107029264, 0.5680170615034993], [0.0939823600705958, 0.9836151496002838, 0.15384587570803618], [-0.5842281009570752, -0.07063612166258934, 0.8085097800079835]], "T": [0.05307077747262609, 0.04352839674816623, 0.029403776303101918], "aligned_model": [[-0.15588405857698961, -0.7258756588596279, -0.32458796726165984, -0.5523268230345509, 0.5834774475695244, 0.07447672915442353, 0.2677605423424875, -0.3458597471532434, -0.26170673012046664, 0.26217737720577405, 0.8157138733417196, 0.0817739894654762, 0.0174739091439869], [-0.40276816646550206, -0.11174501162458594, 0.23206740369901538, 0.43995267935067933, 0.3620154560401604, 0.7430211736136684, -0.6472735995841248, -0.48820766313429576, 0.10890062362280598, -0.43998495964727335, -0.2581855448246549, 0.6202075236710742, 0.0018691868146266319], [-0.40802836185028124, -0.04717041585239091, -0.6736471916306405, 0.22957190247052214, -0.21070663480006313, -0.33914148584985754, -0.03542758203546705, 0.36119633682791924, 0.609333613838795, 0.5824816674251687, 0.13467631674886865, 0.41966376609011863, 0.028314907039006944]], "inverted": true, "swapped": false, "error_lsq": 0.04945843343264478, "error_max": 0.2722643825153201, "target": "814.xyz", "model": "18.xyz", "model_rescale": 3.9405287249114394, "target_rescale": 3.932255163614375},
{"mapping": [5, 9, 8, 7, 1, 0, 10, 11, 13, 14, 3, 12, 15], "R": [[-0.12456032769056469, 0.9755601300480723, -0.18101700866550505], [0.9779910844482398, 0.15149185185886332, 0.1434700580613538], [0.16738627036102802, -0.15916234316244712, -0.9729589842401706]], "T": [0.006463695607966242, 0.11359921382452748, 0.05641873448161304], "aligned_model": [[-0.3519706806780017, -0.7176188586574208, -0.36697510909799635, -0.6292683904928295, 0.5605496690429164, 0.10660168201793221, 0.3364221265871078, -0.2804536748556903, -0.32819887830609845, 0.24129030024094753, 0.819384604658677, 0.32698734512410393, 0.019862747633205485], [-0.3197514146868174, -0.1368394747516602, 0.3199648597972875, 0.41566810354680683, 0.24880655487521558, 0.6443655915747029, -0.5984846677170386, -0.5209291697091789, -0.005341466073627663, -0.28283207829815604, -0.06449544298059945, 0.37907882247572855, 0.08065888347893022], [-0.5559493520677916, 0.011755944272231589, -0.5682642529912206, 0.07140704676894415, -0.2755859837801688, -0.36894427975877303, 0.10078106558589946, 0.24152776969096906, 0.6266677341813449, 0.6788636384359075, 0.23772092343584278, 0.4126830039511376, 0.03845358069737573]], "inverted": true, "swapped": false, "error_lsq": 0.04295993915385305, "error_max": 0.25800243962087877, "target": "814.xyz", "model": "19.xyz", "model_rescale": 4.410303926677745, "target_rescale": 3.932255163614375},
{"mapping": [6, 4, 11, 12, 10, 9, 3, 2, 7, 1, 5, 8, 13], "R": [[0.5954167582237453, 0.7615500416799669, -0.25596956468214627], [-0.4511136597610658, 0.053264510285417496, -0.890875613046531], [-0.6648122667364854, 0.6459136366119669, 0.37526020843596053]], "T": [-0.03499679445429461, -0.11421025255132361, 0.06527450196090796], "aligned_model": [[-0.1845451274560933, -0.6788031145126707, -0.3488409167405202, -0.49906292669497376, 0.5322070842961326, 0.035363751980119186, 0.38173812513899297, -0.5252069871056075, -0.2682137782922773, 0.1474541776933338, 0.7885493087450414, 0.3416665395426729, 0.014306746622703696], [-0.396610405305257, -0.19796975106682407, 0.251248100935192, 0.4741617880667561, 0.26048291550053476, 0.5512317711435024, -0.6390121172384169, -0.4361157696134635, 0.14946248467950235, -0.2864155170502774, 0.019161560389147375, 0.46496042794700093, -0.05471638685580317], [-0.4188652227048923, -0.20600241131253322, -0.6093182516816092, 0.16085642501470993, -0.39626509845596253, -0.09625887971297332, -0.21199378925706197, 0.3729748965979821, 0.6840957128550005, 0.772506345710626, 0.12054201851938685, 0.40253350789059056, 0.07631158495843535]], "inverted": true, "swapped": false, "error_lsq": 0.045695779800830456, "error_max": 0.2512192847783442, "target": "814.xyz", "model": "20.xyz", "model_rescale": 4.121658175737393, "target_rescale": 3.932255163614375},
{"mapping": [4, 10, 11, 9, 3, 7, 1, 6, 8, 1, 0, 5, 12], "R": [[-0.2626816797969901, 0.6047155461112628, -0.7518759494693185], [-0.0145869730895416, 0.7766630088578498, 0.6297474024463753], [0.9647722815852023, 0.17639069976398747, -0.19519417440501208]], "T": [-0.10592308669475309, -0.01792400962127256, 0.06325802110227426], "aligned_model": [[-0.1747165355800926, -0.8087355032851662, -0.3330182714831532, -0.6599425711343436, 0.45201421063544506, 0.13272567567829308, 0.3606249002825403, -0.42435928662308703, -0.3214057710747906, 0.3606249002825403, 0.8844732159712558, 0.285349629300304, -0.01702170975289191], [-0.24122356621884966, -0.271258393390694, 0.42599670351122026, 0.4457951037068859, 0.028594949885392566, 0.5681144846537386, -0.45986917708988945, -0.4599096663754354, 0.15589800254082656, -0.45986917708988945, 0.0561913103645118, 0.33359346954262364, 0.03781505749115243], [-0.4607041639270493, -0.1615740023141074, -0.6619531072175001, 0.08952339709574998, -0.34806017883819906, -0.19446995786561938, 0.32668222422722254, 0.4180417973250648, 0.6773070610712194, 0.32668222422722254, 0.09129038646092477, 0.4959757738544067, 0.05237538432236301]], "inverted": true, "swapped": false, "error_lsq": 0.051881995692797785, "error_max": 0.3394967548560917, "target": "814.xyz", "model": "21.xyz", "model_rescale": 4.08911054899281, "target_rescale": 3.932255163614375},
{"mapping": [9, 12, 10, 7, 8, 6, 15, 14, 4, 2, 1, 0, 16], "R": [[-0.9782795311317082, -0.14926840414769119, 0.14383359305783416], [-0.11729186309068049, -0.17350964600328378, -0.9778225920874053], [0.17091453367529097, -0.9734543370220385, 0.15223296591586577]], "T": [-0.008976452983097691, -0.042909095476001254, 0.02303019838175931], "aligned_model": [[-0.33655111337454313, -0.7343703670855488, -0.43771090315932937, -0.45304628614018394, 0.5406726351666394, 0.1280239586749359, 0.3017729170934508, -0.36140687872829624, -0.06636865598583344, 0.29056608644750775, 0.7474725431638066, 0.14104598642338675, -0.023487039279138887], [-0.39277932919769915, -0.14220075583800595, 0.2763021610774655, 0.5123944000560008, 0.21720491831823074, 0.6561699931225523, -0.6961402495231908, -0.5724708778634231, 0.06630370742558711, -0.3401280831453434, 0.0034791456793008477, 0.5856214609198614, -0.013887389499743327], [-0.5040687230622825, -0.07138559266914002, -0.5814748505107852, 0.007661426823470045, -0.3101193142759807, -0.19624917511495968, 0.11375454061348181, 0.10776330637844846, 0.7093762368963198, 0.6088535248322586, 0.25889335484520015, 0.450256140396648, 0.057855963269020025]], "inverted": false, "swapped": false, "error_lsq": 0.04158217468672116, "error_max": 0.2540886257123544, "target": "814.xyz", "model": "22.xyz", "model_rescale": 4.204369325754507, "target_rescale": 3.932255163614375},
{"mapping": [5, 9, 8, 7, 1, 0, 10, 11, 13, 14, 3, 12, 15], "R": [[-0.12456032769056469, 0.9755601300480723, -0.18101700866550505], [0.9779910844482398, 0.15149185185886332, 0.1434700580613538], [0.16738627036102802, -0.15916234316244712, -0.9729589842401706]], "T": [0.006463695607966242, 0.11359921382452748, 0.05641873448161304], "aligned_model": [[-0.3519706806780017, -0.7176188586574208, -0.36697510909799635, -0.6292683904928295, 0.5605496690429164, 0.10660168201793221, 0.3364221265871078, -0.2804536748556903, -0.32819887830609845, 0.24129030024094753, 0.819384604658677, 0.32698734512410393, 0.019862747633205485], [-0.3197514146868174, -0.1368394747516602, 0.3199648597972875, 0.41566810354680683, 0.24880655487521558, 0.6443655915747029, -0.5984846677170386, -0.5209291697091789, -0.005341466073627663, -0.28283207829815604, -0.06449544298059945, 0.37907882247572855, 0.08065888347893022], [-0.5559493520677916, 0.011755944272231589, -0.5682642529912206, 0.07140704676894415, -0.2755859837801688, -0.36894427975877303, 0.10078106558589946, 0.24152776969096906, 0.6266677341813449, 0.6788636384359075, 0.23772092343584278, 0.4126830039511376, 0.03845358069737573]], "inverted": true, "swapped": false, "error_lsq": 0.04295993915385305, "error_max": 0.25800243962087877, "target": "814.xyz", "model": "23.xyz", "model_rescale": 4.410303926677745, "target_rescale": 3.932255163614375},
{"mapping": [10, 9, 8, 15, 2, 5, 1, 11, 13, 7, 0, 12, 16], "R": [[-0.39995078829915204, -0.056951696262704354, -0.9147654733491462], [-0.9120967259586197, 0.12285217388786351, 0.3911354060508879], [0.09010510215550338, 0.9907895072435048, -0.10108027948971793]], "T": [-0.10372539660479914, 0.013118486048534621, 0.08724995896301835], "aligned_model": [[-0.2557254961100042, -0.6779078547677545, -0.4390455178048416, -0.6269527492667332, 0.6313127755180605, 0.06959450491737577, 0.32425067418329495, -0.41347076544663536, -0.1413541586478287, 0.2292727303398771, 0.6460628041798641, 0.4032024221583533, -0.012626486036174805], [-0.3722076686409057, -0.08832735638820575, 0.12989062531481868, 0.4894089082675763, 0.30470542661592553, 0.6025789925801255, -0.7275449596709117, -0.5134156179391153, 0.15025630829312994, -0.3295330320287738, 0.07133623753850905, 0.4774347435420066, -0.03471350595258614], [-0.4149488766969941, -0.14175490871151403, -0.6541213050228595, -0.005995748517488547, -0.36837037946714185, -0.047280916317701066, 0.0195041651591341, 0.25320516505707347, 0.7757003332139558, 0.5494545470979166, 0.1566340959232517, 0.5039158135455435, 0.02517485315852243]], "inverted": false, "swapped": false, "error_lsq": 0.04422421034049825, "error_max": 0.27521723221064565, "target": "814.xyz", "model": "24.xyz", "model_rescale": 4.28219845311461, "target_rescale": 3.932255163614375},
{"mapping": [11, 9, 5, 3, 10, 1, 14, 13, 4, 2, 6, 0, 15], "R": [[0.6063958426511195, -0.7900090531884818, 0.09038682368397322], [0.48071905669127196, 0.4547690944618788, 0.7497294573752435], [-0.6333981927265763, -0.41118215744674735, 0.6555424950742292]], "T": [-0.12178652664705544, -0.054152308308475, 0.057478336310802576], "aligned_model": [[-0.1014049337210017, -0.7193378031832928, -0.25268497175814364, -0.6378568371795128, 0.45091359834814315, -0.11432768911586311, 0.3921108353512587, -0.3005946656408607, -0.2909447006769067, 0.2833448783991438, 0.7618371485527388, 0.34811464932021774, -0.08255662547906722], [-0.32299605568858997, -0.1419551809992721, 0.3724430982495401, 0.5175131701518249, -0.18831656460061816, 0.5813989973377747, -0.6074648427448719, -0.5189981770047759, 0.2694524081190636, -0.29378843330911664, 0.12090677553862578, 0.3875486628564005, -0.015874756374391584], [-0.41558054101104647, -0.24599622825108414, -0.6678923531199485, 0.1406369809817814, -0.47517477594138213, -0.019309048595196325, -0.04201721867219093, 0.38130301838824726, 0.6909718822056689, 0.5546936786202378, 0.08505827014038658, 0.5571255207643788, 0.10729765291184652]], "inverted": true, "swapped": false, "error_lsq": 0.053113924874249235, "error_max": 0.35371037539852973, "target": "814.xyz", "model": "25.xyz", "model_rescale": 4.100010024507729, "target_rescale": 3.932255163614375},
{"mapping": [10, 4, 0, 2, 9, 7, 6, 3, 5, 8, 11, 12], "R": [[0.8498260147367906, -0.13736716833367907, 0.5088477235289269], [0.5212792879990197, 0.3616933946337681, -0.7729461767688207], [-0.07786943289776645, 0.9221215480305666, 0.37898311582165806]], "T": [0.06158820325067513, 0.03946620667914232, 0.01479340606479445], "aligned_model": [[-0.8124113558777115, -0.18644654023536536, 0.4862088370997337, 0.7842691893280027, -0.4691588094396282, 0.0982891867892832, -0.3126301574684097, 0.578770507815655, 0.15170876062073718, -0.1263031253030712, -0.3528152317034795, 0.0372843407372608], [-0.15979309391579583, -0.5227661177678115, -0.13055109532125328, -0.3887881607927527, 0.4908007999271576, 0.6121806090446138, 0.12132355116882271, 0.33148314627457426, -0.3279696120056003, 0.5724099752171858, 0.0037846710751319942, 0.06401671714636675], [0.034332656135058696, 0.06041330561709179, 0.433689481549114, -0.060107368737083784, 0.10338662961358547, 0.315569633536173, 0.6018253879837954, -0.42588677460211394, -0.5025447951077013, -0.41483285348640925, -0.640538644310995, 0.05988563166384106]], "inverted": true, "swapped": true, "error_lsq": 0.0448087640056262, "error_max": 0.19786399596936372, "target": "814.xyz", "model": "26.xyz", "model_rescale": 3.6694154284099745, "target_rescale": 3.932255163614375},
{"mapping": [0, 1, 5, 7, 10, 8, 2, 6, 3, 12, 11, 9, 13], "R": [[0.23342461079346205, -0.06194334656902181, -0.9703999035922], [-0.24610705693909235, -0.9692389748709712, 0.002669478572199638], [-0.9407147642089495, 0.23819914233031808, -0.24148892519617066]], "T": [0.017234185215768773, 0.07931524552621003, -0.040161914585760655], "aligned_model": [[-0.18423268806001897, -0.7739291562398094, -0.6015571668535001, -0.42944927257578625, 0.5836639287416702, 0.14785505439248914, 0.3058958000713425, -0.267468370019223, -0.3412018433717432, 0.22721433935007912, 0.7289481254448124, 0.3001105495328462, 0.040763582803694576], [-0.310809610606133, -0.3080883827942533, 0.22506669407739355, 0.47771551121084743, 0.2208100095379863, 0.6356505403658337, -0.5289269418088718, -0.46003898603362625, 0.19964200963368003, -0.28581914436179745, -0.22295424206835315, 0.48950989833899494, 0.02811174603989234], [-0.5342742891862536, -0.10037528184531092, -0.5111526550156208, 0.15446501457933234, -0.18516983609031193, -0.32614516703470475, -0.13421275114817766, 0.2748490372009297, 0.6738943182022322, 0.6323840136215948, 0.3316873739683004, 0.42522485444071667, -0.05005779327102785]], "inverted": true, "swapped": false, "error_lsq": 0.04654140678194463, "error_max": 0.27737006096569455, "target": "814.xyz", "model": "27.xyz", "model_rescale": 4.103607728864725, "target_rescale": 3.932255163614375},
{"mapping": [10, 6, 9, 5, 2, 0, 13, 11, 7, 8, 4, 1, 14], "R": [[0.695019963832068, -0.27897772418692696, -0.6626603045922954], [-0.4711089201362405, 0.5195369231365319, -0.7128378292893066], [0.5431423710620782, 0.8076217028444123, 0.22965963914400728]], "T": [-0.0287584917829574, -0.09982684316120058, -0.12775029187590903], "aligned_model": [[-0.26337672412394425, -0.651349014351733, -0.6298051232667963, -0.4789964228220123, 0.6599807577839891, 0.08851861646810473, 0.33604920610030337, -0.32967110895379614, -0.25277985266981867, 0.1744544388182883, 0.7422260594293408, 0.29060937028227124, 0.05075268052265626], [-0.2704790700175722, -0.13889798645946846, 0.31828830396646257, 0.4077765662411762, 0.1521457810220658, 0.5936415765188066, -0.6057661602968819, -0.628280943499687, 0.08022004795499002, -0.2437323940719802, -0.14196453062531986, 0.6078855758353277, 0.029032334963674272], [-0.5468056328845929, -0.017651473440947654, -0.49387403677281433, 0.14568159104673573, -0.18664637833535716, -0.2503854082513941, 0.04778683780068421, 0.19201383075532785, 0.5336715042792952, 0.6534511380127836, 0.3470302092208234, 0.319472396225708, -0.09262773923455295]], "inverted": false, "swapped": false, "error_lsq": 0.047487367269050014, "error_max": 0.29238796365724, "target": "814.xyz", "model": "28.xyz", "model_rescale": 4.137296879288765, "target_rescale": 3.932255163614375},
