[{"mapping": [5, 8, 11, 1, 0, 7, 10, 12, 9, 2, 3, 13], "R": [[-0.3501712220404496, 0.8560389231912201, 0.38023345096968336], [-0.8094673910436175, -0.07229982283761324, -0.5826965577851726], [-0.4713201227316072, -0.5118301452623382, 0.7182529111037397]], "T": [-0.04386523793212613, -0.08431091827127483, 0.07468668048189112], "aligned_model": [[-0.21210804970008953, 0.1859296845775674, 0.4340751449460811, 0.013708432882148847, -0.05552279290733955, -0.6364533013744008, 0.5275918501576083, -0.30530883409709664, 0.6370513814770303, -0.04454578733822426, -0.5769366421910168, -0.1298386239717199], [-0.3926598804651363, -0.6061914524953209, -0.23886684039968675, 0.6628201551966536, 0.18408678300308517, -0.38348466567390044, -0.34906798441532505, -0.5878266865696721, 0.28065816509511593, 0.4361342720702191, 0.13395866973601556, -0.08600549910499107], [-0.5162435819930709, -0.17579303169744395, -0.5173016630216971, -0.17620087853032826, -0.6367989252867897, 0.047443212290032885, 0.4927754624981491, 0.5739017950189405, 0.042651313151563786, 0.4268559072871828, 0.565468036839422, 0.055194098797601274]], "inverted": false, "swapped": true, "error_lsq": 0.048538261348601876, "error_max": 0.2409461008421428, "target": "818.xyz", "model": "0.xyz", "model_rescale": 3.751011558992144, "target_rescale": 4.14740701146714},
{"mapping": [0, 3, 13, 5, 9, 1, 2, 8, 6, 12, 11, 7, 10, 14], "R": [[-0.12731549769973352, -0.9792995768128223, -0.15736296546422943], [0.9576684366007189, -0.08007049529090421, -0.27651379951569177], [0.2581897162634562, -0.18590603712116616, 0.9480385096491067]], "T": [0.05771686658432041, -0.07235985770561626, -0.017601448635067095], "aligned_model": [[0.16705788820409373, -0.4283634814587488, -0.6252807627014819, -0.19563838763898073, -0.38736525089278345, 0.628544575681125, -0.22298109085359874, 0.39563379539538623, 0.43273655688367535, -0.490934421404842, -0.11926241086863987, 0.10427148642909252, 0.24645321266604464, 0.01504611041798258], [0.216841779482081, 0.211108862415195, -0.27925149714993514, -0.6428668298556969, -0.29511883918000137, 0.23104550416557118, -0.47907126120706833, -0.5822685800680131, 0.4759816662429668, 0.41955326334587445, 0.3526024185281657, 0.5782762946055396, -0.3757616163028581, -0.05214736937429528], [-0.7103578795244416, -0.5341063077333845, -0.15255435234074602, 0.002866987583018378, 0.41422023471222136, -0.27795978314914355, -0.6805739917619806, -0.2749407115187513, 0.3322664553968147, 0.07715270484870151, 0.634177952740204, -0.13669086241348483, 0.7204904918958408, 0.01022793021205496]], "inverted": false, "swapped": false, "error_lsq": 0.038872457233257905, "error_max": 0.2418031871664012, "target": "818.xyz", "model": "1.xyz", "model_rescale": 3.9405287249114394, "target_rescale": 4.14740701146714},
{"mapping": [11, 0, 5, 2, 6, 8, 9, 1, 3, 12, 4, 10, 13], "R": [[0.6963174789282746, 0.24048631594968573, 0.6762457396390159], [-0.13498934356619252, -0.8815010653918448, 0.4524751361529285], [0.7049254185107389, -0.4063523145670401, -0.5813415095995373]], "T": [-0.11090354877798579, -0.06641955654725079, -0.027652434405406257], "aligned_model": [[-0.3459689850938485, 0.1778632585299459, -0.3543441159778389, 0.38459271258011435, 0.5212057537526344, -0.6615156660602747, 0.0968394258401457, 0.6136306914315361, 0.20185610736817577, -0.5617641598283943, 0.025335886265764565, -0.5087055234440924, -0.09304210607993642], [0.6725510480180992, 0.5491726883084302, 0.31182924189450834, -0.31535293861535363, -0.24586883610053162, 0.21962668237108374, 0.3580529346852917, 0.24282277091011822, -0.7441320263085622, -0.6712493458541717, -0.6867585968350143, -0.13563744885089546, -0.09622358005098558], [0.01018177938063448, -0.3683060868504, -0.5475061042252205, 0.2679866189654337, -0.48485708827570023, -0.08158693291280225, 0.5843460131780303, 0.03466492635577818, -0.15239328839043492, -0.07239892983504385, 0.4202533730752139, 0.6114251896637117, -0.10868912054055647]], "inverted": true, "swapped": true, "error_lsq": 0.03790160775089744, "error_max": 0.22079290046076838, "target": "818.xyz", "model": "2.xyz", "model_rescale": 3.932901565614263, "target_rescale": 4.14740701146714},
{"mapping": [9, 12, 6, 1, 2, 8, 10, 3, 7, 5, 4, 7, 0, 13], "R": [[0.5361188655073197, -0.8426183564306866, -0.05070372228143505], [0.7040649253504752, 0.4794841197626729, -0.5238201597749412], [0.4656921117416256, 0.24513115734533458, 0.8503185125352513]], "T": [0.06376519044362161, -0.12464414568490689, -0.10435704749286694], "aligned_model": [[0.10229238231810073, -0.46523342518957256, -0.6190489340599141, -0.09832647455981103, -0.4523654945620271, 0.6618599662339207, -0.3558859949811291, 0.5356783185976345, 0.3336711397427483, -0.3882716777054606, -0.2383039693295313, 0.3336711397427483, 0.2015364749829821, -0.03135563137236369], [0.4825196084411417, 0.11236841717994955, -0.12503029266939183, -0.8199869483483352, -0.369979697561112, 0.051323198299778716, -0.47228771525880053, -0.29194843426250106, 0.49819022392846013, 0.43377311569234844, 0.21941591915656067, 0.49819022392846013, -0.3464594314355233, -0.09116439144351024], [-0.5162560284950971, -0.6014639976172156, -0.08297988793564451, 0.09311016455191064, 0.5019592364378035, -0.4917907302764317, -0.5693111004989198, -0.0043932911575916694, 0.11693613791599151, -0.12950695175833843, 0.6396881789772731, 0.11693613791599151, 0.5127064673147693, -0.16141546642757748]], "inverted": true, "swapped": false, "error_lsq": 0.05150433557437436, "error_max": 0.36490484778767834, "target": "818.xyz", "model": "3.xyz", "model_rescale": 3.9243930471874484, "target_rescale": 4.14740701146714},
{"mapping": [6, 2, 3, 7, 12, 1, 5, 4, 10, 9, 8, 11, 13], "R": [[-0.4099736885912699, 0.6643103667110251, -0.6249906490045527], [0.4675883819818325, -0.4352542255447172, -0.7693600354717423], [-0.7831236682022071, -0.6076557379188745, -0.13218102918266167]], "T": [0.007292858125725072, -0.07582689909635677, -0.03201783145475331], "aligned_model": [[-0.10399728975933391, -0.11985573380536234, 0.4111962719890423, 0.4661709208348397, 0.7550318164180694, -0.6536305585058583, -0.06505587909336516, 0.34932971384603156, 0.15669794647662347, -0.5714531109458656, 0.08721030187684177, -0.47202047599877817, 0.03758196297846748], [-0.6961647042865856, 0.06466553260773662, -0.2697481581482982, -0.5516942719250683, 0.033134033211877065, -0.24181046379225035, -0.5091812662724284, 0.3276710668900617, 0.654681763513287, 0.4339743205064669, 0.029681212561889256, 0.010261140558662646, -0.15764065174376263], [-0.5255721042901584, -0.6311688439795905, -0.6418781862843024, 0.034231075477710045, -0.02150217810191029, -0.4321351009875219, 0.4967098432309764, -0.6014047839877733, 0.09245285053972957, -0.08708105816501364, 0.576575896072283, 0.5726410133938618, -0.044798107547326424]], "inverted": true, "swapped": true, "error_lsq": 0.050322676355245816, "error_max": 0.33759653645360127, "target": "818.xyz", "model": "4.xyz", "model_rescale": 3.8936222436046832, "target_rescale": 4.14740701146714},
{"mapping": [6, 0, 7, 3, 8, 11, 9, 10, 4, 2, 12, 13], "R": [[-0.6404352014525018, -0.6776937608519276, 0.36135013386307724], [0.5377548082099068, -0.059774796506368744, 0.8409796311146593], [-0.5483270182907456, 0.7329107314025307, 0.40271496223431735]], "T": [-0.15045866130982516, -0.02798284845768548, -0.03620079624137351], "aligned_model": [[0.05549142564157941, -0.6983440678360366, -0.1524987423681371, 0.4896472665130241, -0.614395661874189, -0.8477054076466781, -0.19807712724433346, 0.009945812582705799, 0.5978043487193747, 0.3552708626235099, 0.18039408900350667, -0.14998475589922924], [-0.5894656432275118, -0.5473168217406612, 0.18959383268215588, -0.08473888339948642, 0.37564796083804386, -0.07291197876553225, -0.32166116140430034, 0.4211101124936436, 0.10749804861880957, -0.3731338664325662, 0.6050565745414491, -0.04075526909423702], [-0.5682928396518798, -0.128389718369322, -0.6639459487688649, -0.43584592444799863, 0.06253984342269969, 0.30231521440997816, 0.6774949858449162, 0.5503515496138535, 0.12426326606056223, 0.10520375467121529, -0.2829682171503409, -0.1234412463593006]], "inverted": false, "swapped": true, "error_lsq": 0.04165033089313129, "error_max": 0.2527526367884188, "target": "818.xyz", "model": "5.xyz", "model_rescale": 3.6523030999806103, "target_rescale": 4.14740701146714},
{"mapping": [1, 6, 3, 2, 4, 0, 7, 9, 5, 8, 12, 10, 13], "R": [[0.8571817716668174, 0.03180213059581816, -0.5140311613236136], [-0.31865936007217355, 0.8168477301908991, -0.48084924656317113], [0.40459315683848285, 0.5759760499982122, 0.7103210311316484]], "T": [0.03489962824105799, -0.06146646651469427, -0.05876022473536059], "aligned_model": [[0.16013250239108864, -0.1421572567873605, 0.25925504115977055, 0.519041677079888, 0.7020580724303135, -0.42581433525152995, -0.38283315469079965, 0.47330129477782085, -0.6327383388053077, -0.2622145005915063, 0.10685479709512521, 0.5276277157933645, -0.02143060993657251], [-0.6094165659153341, 0.004095998063437703, 0.46971732214201173, -0.09439752796477127, 0.3216466073645092, -0.6190596933343233, 0.437300398621188, -0.6835787618503191, -0.17048554538012084, -0.1093695335455201, 0.6500959395077521, -0.037104535845554995, -0.018617197699771604], [0.49669594057242594, 0.7191554085444115, 0.43132293779722186, 0.34050014813381896, 0.05135473297180253, 0.17622366641722792, 0.07591971785018713, -0.19534869398117954, -0.18106184658838098, -0.6040432478011453, -0.30288726030038504, -0.6315457564312653, -0.0061760077029501675]], "inverted": true, "swapped": true, "error_lsq": 0.0416073036895105, "error_max": 0.22773699569837566, "target": "818.xyz", "model": "6.xyz", "model_rescale": 4.08911054899281, "target_rescale": 4.14740701146714},
{"mapping": [13, 7, 6, 0, 3, 13, 2, 1, 11, 5, 8, 12, 9, 14], "R": [[0.26318791642157324, -0.4164139138253603, 0.8702479951268584], [-0.14221290069489412, 0.8754499038152914, 0.46191228256644307], [-0.9542052250567564, -0.24533022292910173, 0.17118840554179499]], "T": [-0.08704805165121794, 0.08927382266778533, 0.04819949915996452], "aligned_model": [[0.3407581677986347, -0.4700618011625386, -0.4506024407809886, -0.26256130211400475, -0.5099142927444259, 0.3407581677986347, -0.10322593248382729, 0.4081715483097133, 0.44996002752563563, -0.5642866789271045, -0.15283607440291574, 0.17673209033591952, 0.28642889192200555, 0.030597448783586098], [0.2128065372226019, 0.20451337240004835, -0.21962393376298617, -0.8347595687711189, -0.43528967421917947, 0.2128065372226019, -0.40913442013343765, -0.4321989060573163, 0.28307613695834377, 0.6760543771476146, 0.15210777487885152, 0.6994068828440325, -0.3450988199388528, 0.014257499856321604], [-0.5328478563854904, -0.6146046034225674, -0.09861108857126996, 0.04451527308209176, 0.4634930292602945, -0.5328478563854904, -0.5854147707005062, -0.09591781369982674, 0.18455949634229923, -0.043632429402490264, 0.7241231662977141, -0.20901559290193344, 0.5833561938596754, 0.13706372157442276]], "inverted": false, "swapped": false, "error_lsq": 0.042891346838990145, "error_max": 0.33452239457192434, "target": "818.xyz", "model": "7.xyz", "model_rescale": 3.964800864290218, "target_rescale": 4.14740701146714},
{"mapping": [7, 2, 4, 11, 6, 8, 12, 9, 5, 0, 3, 1, 10, 13], "R": [[-0.07134594868372694, 0.7145210956110712, -0.6959664931109641], [0.024301089950383215, 0.6987826587862558, 0.7149211514613586], [0.9971555608999243, 0.03409398343353076, -0.06721895313073348]], "T": [-0.09084790959314065, 0.022043962554009127, -0.027386360115511675], "aligned_model": [[0.08594543891372552, -0.5700542644366191, -0.6535470523330469, -0.21909152019284067, -0.5074038494250293, 0.648558311271388, 0.023490772771633167, 0.3762889908725947, 0.5747623079460875, -0.5155749600094, -0.23850124727813138, 0.08955632419502885, 0.43901824994705047, -0.013529682384116656], [0.21155597170244497, 0.256820989064138, -0.3517528528987459, -0.7898072193504626, -0.2004712227807348, 0.0425949362856539, -0.4387523891823298, -0.47235711719276746, 0.2789456608336707, 0.5658677739512492, 0.29899774676628077, 0.6910680533434229, -0.3251932469700078, 0.011406712075713272], [-0.690471931722952, -0.41962320827588073, -0.2242086417072966, 0.0802452303881366, 0.30947260809634297, -0.23694227015576363, -0.6149817355484171, -0.13325144103033176, 0.408543999800826, 0.1650245733701581, 0.6264162010475596, -0.3154505362067024, 0.4958747470798679, -0.026428726188623755]], "inverted": true, "swapped": false, "error_lsq": 0.04778138359258415, "error_max": 0.24283558728764068, "target": "818.xyz", "model": "8.xyz", "model_rescale": 4.121658175737393, "target_rescale": 4.14740701146714},
{"mapping": [6, 0, 5, 7, 1, 2, 11, 10, 8, 9, 3, 12, 13], "R": [[-0.7629643254240621, -0.3284159545520957, -0.5568019386872155], [-0.24318461036971525, 0.9438802210589365, -0.22349803930473977], [0.5989546588929212, -0.03511536827898876, -0.8000126420882956]], "T": [-0.001657301692019171, 0.01404203820286063, 0.01870864179729135], "aligned_model": [[-0.6137409443213262, -0.17259707562867704, 0.3336746897731697, 0.1570240090616612, -0.6781767531323781, -0.549445742770526, 0.3311115847148608, 0.32959089000988817, 0.5862319188108143, -0.19637452086810941, -0.3954709777336263, 0.36184333747215014, -0.016932918952703983], [0.31084749347126917, -0.4223962247329863, -0.0827878254035711, 0.5559813666230454, -0.3585979427184642, 0.06618382566880623, -0.6453830619179826, -0.1580887324311332, -0.16909683488413596, -0.6476719495551552, 0.6479907669406993, 0.6197564249944785, 0.07365013335683954], [-0.40326344963429334, -0.5801955476899856, -0.5735410811408451, -0.33133386498908346, -0.14839914444042465, 0.32218167425052335, -0.22043179197540747, 0.6760543427372195, -0.0748408221650971, 0.36813093948678, 0.1439798385259489, 0.2871746181219117, -0.04444027712815813]], "inverted": true, "swapped": true, "error_lsq": 0.0385414179020099, "error_max": 0.21493071325583848, "target": "818.xyz", "model": "9.xyz", "model_rescale": 3.833441315466971, "target_rescale": 4.14740701146714},
{"mapping": [0, 13, 2, 9, 3, 12, 8, 11, 6, 5, 4, 1, 7, 14], "R": [[0.8354282583425624, 0.10935563103232251, -0.5386102218898519], [-0.25478965486228433, -0.7912705797005936, -0.5558534892176575], [-0.48697213158236363, 0.6016080249313577, -0.6331871187890039]], "T": [0.07109074247042799, 0.0011638667581991592, -0.0894675551940721], "aligned_model": [[0.008018186736566776, -0.5421924024411385, -0.6263237737779311, -0.36702572251480026, -0.38700612373587207, 0.6378975852264784, -0.03741702406825112, 0.5519757393717878, 0.3815110140649163, -0.4377114508970048, -0.16790420112851487, 0.24945586350870677, 0.2397360763366909, 0.016904053176690526], [0.4196310551824108, 0.16425852970321278, -0.17279383201897655, -0.6735465797909234, -0.3177546364162301, 0.19254217833343426, -0.6641581159245681, -0.476098639890134, 0.3909959603094487, 0.4466052010997786, 0.34319469536379366, 0.7093445812255916, -0.519135848672806, -0.06416075285650694], [-0.6230685546582792, -0.5721376873763789, -0.08806523930550877, 0.014117689696527908, 0.575934653438106, -0.16105248499289804, -0.4807885057405503, -0.16888544075204548, 0.3719430665579303, -0.07773950542041512, 0.5900976803115027, -0.20025966758154587, 0.29100706192166625, -0.04688419715118829]], "inverted": false, "swapped": false, "error_lsq": 0.041656922596906176, "error_max": 0.2734872697808311, "target": "818.xyz", "model": "10.xyz", "model_rescale": 4.2482417240324, "target_rescale": 4.14740701146714},
{"mapping": [10, 9, 0, 1, 12, 7, 8, 6, 2, 3, 4, 13], "R": [[0.05337427789101272, 0.11052801325479494, 0.9924387863972073], [-0.6149797024074428, 0.7866548341270869, -0.05453565412956163], [-0.7867344863970733, -0.6074189083576786, 0.1099596184201273]], "T": [-0.03583013742150665, 0.049092614178138254, 0.1051594655696273], "aligned_model": [[-0.7253771986841334, -0.09451867086167537, 0.5874211706074304, 0.5667152337433522, -0.5493299141746709, 0.06164822784920854, -0.3104331408591659, 0.6340023583393224, 0.06983967281368664, 0.03347145457597743, -0.4110488004617209, 0.01437520947539564], [-0.2582607367667162, -0.7193479056163333, -0.1757738240097582, -0.3921806259716734, 0.5899035561753548, 0.7007527096871594, 0.058262904479110075, 0.31850765901156736, -0.14282292298156837, 0.48320589745451265, 0.08232641427282714, 0.12155826431615765], [0.06621713364039471, 0.04246207534059572, 0.47849294099112744, -0.15306744819996632, -0.017062127340835315, 0.1902760847085418, 0.6640996957422884, -0.24058649758658202, -0.48381348916368205, -0.5108080834661776, -0.5746256404592052, 0.10360764564785661]], "inverted": true, "swapped": true, "error_lsq": 0.03872441873180246, "error_max": 0.1870695979922789, "target": "818.xyz", "model": "11.xyz", "model_rescale": 3.6694154284099745, "target_rescale": 4.14740701146714},
{"mapping": [7, 9, 8, 2, 3, 5, 10, 12, 0, 11, 4, 6, 1, 13], "R": [[0.6976901197070637, 0.5098235002115473, 0.5032976211896786], [-0.43322556834191805, 0.8597762863605676, -0.27037075349758743], [-0.5705647235835433, -0.02940639461201304, 0.8207259957854128]], "T": [0.009168099718864793, 0.017557409597250533, -0.08820209920575578], "aligned_model": [[0.11090658681356125, -0.5796897870454116, -0.7052983944909977, -0.17702455783814358, -0.4592025219186, 0.6925206947562966, -0.060556266537174656, 0.4928574632096048, 0.5260141078794157, -0.5437532369081048, -0.1662135812082694, 0.14215741587771064, 0.1729949823290362, 0.07420491493940115], [0.22200332034023676, 0.08927814070093433, -0.22620905498057162, -0.5924461529163434, -0.2711250461828311, 0.3277843668155902, -0.38114721720773415, -0.43977599542006834, 0.1855341684258778, 0.5059233446304368, 0.259429165532657, 0.5662688752105611, -0.4879921602772413, 0.02139804097602167], [-0.7953205251385675, -0.6293017137089933, -0.03611188218002745, 0.05158889258162408, 0.5740216553629223, -0.37343754291382586, -0.577795727251438, -0.22480098854119868, 0.3759012047766561, -0.05982327067318355, 0.5888636061923158, -0.05527182824171697, 0.5706255558266593, 0.015081432855696783]], "inverted": true, "swapped": false, "error_lsq": 0.041379527954805366, "error_max": 0.2504573995099429, "target": "818.xyz", "model": "12.xyz", "model_rescale": 3.9764082729961374, "target_rescale": 4.14740701146714},
{"mapping": [6, 4, 0, 9, 2, 13, 5, 12, 11, 3, 8, 14, 1, 15], "R": [[0.40480809129790624, -0.5053416170597136, 0.7620762818033507], [-0.28235588024624864, 0.7236063351960698, 0.6298166626522989], [-0.8697157961714347, -0.4701316004392676, 0.15023552229183573]], "T": [-0.01458007618717649, -0.05028164841373843, -0.04315094054928356], "aligned_model": [[0.14633139854721833, -0.5433958531416588, -0.6205088486522522, -0.09979879355218102, -0.49335440524907154, 0.5418385264013916, -0.1395385881373194, 0.49619364313354075, 0.37643677793799635, -0.3040201573963794, -0.0972960822395697, 0.2449029418080707, 0.090757826723279, -0.07863056632474048], [0.2520400754728049, 0.03218495426416469, -0.44800537469056007, -0.6405870880166548, -0.29157118262623155, 0.1170681341913601, -0.5303595803262917, -0.429539340850304, 0.5268253236839103, 0.6965336471113054, 0.22628486511287227, 0.6772858875490425, -0.438059904500443, 0.028823379272550506], [-0.7260622658795219, -0.5221257366148176, -0.08527093292473042, -0.11915347145117759, 0.5474538481351378, -0.23517420773925293, -0.7189722596984283, 0.006722352175787968, 0.3371095771168918, 0.21556666819249312, 0.6020791444491025, -0.2483875931242935, 0.44863613591549834, -0.07820238960576606]], "inverted": false, "swapped": false, "error_lsq": 0.04610328887888205, "error_max": 0.3136798062737235, "target": "818.xyz", "model": "13.xyz", "model_rescale": 4.170626492500431, "target_rescale": 4.14740701146714},
{"mapping": [5, 6, 3, 9, 1, 12, 11, 10, 8, 2, 0, 4, 7, 13], "R": [[-0.7667009395328062, -0.42743556915780345, -0.4790287084698133], [-0.16045477312970455, -0.594888920613871, 0.7876302672642531], [-0.6216300628986728, 0.6807393086561172, 0.38751781707553024]], "T": [-0.0709238131287519, 0.027352993665247256, 0.010936686905763451], "aligned_model": [[0.13265334532615597, -0.47116442860410285, -0.71127878768221, -0.10068246148077031, -0.3870920275491541, 0.5486810387295415, -0.15829398202487666, 0.35932136066173587, 0.5936808911298772, -0.4951412601521448, -0.21911024203472618, 0.20622194774574992, 0.3031519212828553, -0.08102949548960607], [0.1715023998378806, 0.261558814530563, -0.1808949326108624, -0.7817271403418377, -0.45099817515730345, 0.11240257817088674, -0.3820436194241509, -0.3376344457600652, 0.2287391650490354, 0.5162787591853248, 0.16136196738290454, 0.6780805449981477, -0.2270175690523498, 0.009315448839352054], [-0.8637044495677788, -0.6908071055333315, -0.13756217570342844, -0.017527291509366563, 0.5228275828705778, -0.3692770910077326, -0.5586425594762812, 0.009685900522665755, 0.2741865489334639, 0.12893380842957602, 0.5730227868754366, -0.04204455277963369, 0.6838354643128545, -0.08870799742009886]], "inverted": true, "swapped": false, "error_lsq": 0.04541286530923743, "error_max": 0.25572074079584334, "target": "818.xyz", "model": "14.xyz", "model_rescale": 3.9786697098870705, "target_rescale": 4.14740701146714},
{"mapping": [7, 8, 6, 3, 0, 1, 10, 9, 2, 4, 11, 13], "R": [[0.635966186883244, 0.6161768193765592, 0.4646214980004415], [0.13177538252520796, -0.6799274837340247, 0.7213417119669797], [0.7603829677876288, -0.397523262371028, -0.5136078252639585]], "T": [-0.05987959839973309, -0.06498950262639706, -0.07895484010568259], "aligned_model": [[-0.030588271682461463, -0.674199136788476, 0.6204657518619752, 0.5160509393214306, -0.03169268426020131, 0.46197708958431494, -0.4371173531651523, -0.09376196096859751, 0.4715599362519135, 0.2909018267976506, -0.5848609184722052, -0.02538062171285501], [-0.39576347938556466, -0.03164739318187397, 0.05800146421826481, -0.5439430878674401, 0.631171761100601, 0.5141047582260602, -0.3254000014658227, 0.37614446279068575, -0.09969043350021758, -0.5940176361503733, 0.5062680239064821, -0.08055394846636246], [-0.6544010540183157, -0.17593366830176826, -0.48244429009227535, -0.1865678213882302, -0.38383183925567965, 0.05058113958160694, 0.5221572839799897, 0.5551815405121139, 0.2545937920477965, 0.3694678919426386, -0.050246070550801436, -0.15859041058324463]], "inverted": true, "swapped": true, "error_lsq": 0.04334176752603327, "error_max": 0.23076268410805384, "target": "818.xyz", "model": "15.xyz", "model_rescale": 3.769337070930944, "target_rescale": 4.14740701146714},
{"mapping": [10, 9, 12, 8, 4, 2, 3, 1, 7, 5, 13], "R": [[0.521535246898172, 0.8022533944333561, 0.2905003913302373], [-0.6676046244261289, 0.5957105264837659, -0.4465792584539526], [-0.5313238670412901, 0.03896741916771819, 0.8462721125948184]], "T": [-0.07444305426165548, 0.01909513922278308, 0.07391728206626166], "aligned_model": [[-0.4103904850166629, -0.2702469257007234, -0.01723046973421183, -0.6667627558485383, 0.37192179494851924, 0.42166673632647067, 0.6146910588187136, 0.26304993577186614, 0.08326153665279301, -0.4359009318183948, -0.031433363708661004], [0.021718003346555687, -0.6581456731333157, 0.7058421882186416, 0.20466337727114567, 0.12640252586299022, -0.2652539027001817, 0.3123208692200986, -0.6579673223706625, 0.577362653402058, 0.16546307241923416, 0.06365870608877747], [-0.6032755867694485, -0.24370177461896178, -0.23624690727578143, 0.1251704260313564, -0.5531751091354472, -0.1866734346636764, -0.03464569639338688, 0.3022789263035045, 0.39776044664584, 0.6400514818725671, 0.1366748352272114]], "inverted": true, "swapped": true, "error_lsq": 0.04396409481703925, "error_max": 0.20461199481561027, "target": "818.xyz", "model": "16.xyz", "model_rescale": 3.7852294659196426, "target_rescale": 4.14740701146714},
{"mapping": [1, 3, 7, 6, 2, 4, 10, 12, 5, 11, 9, 8, 13], "R": [[0.8454200897921583, 0.4031983943019341, -0.350279783327787], [-0.1470455954481637, 0.806194000396805, 0.5730871020913764], [0.5134612591375461, -0.4329922499959309, 0.7408611521792374]], "T": [0.047744966326131275, 0.09073575297104972, 0.007163627700755559], "aligned_model": [[-0.12280684717066297, -0.43893542616643055, 0.2732939422829741, -0.05795905028273375, -0.5189099441043908, -0.687745966257921, -0.22349841895167794, -0.1013296000551389, 0.725044059612559, 0.5932817276103157, -0.16797776399157816, 0.5087787721767364, 0.0725303655142317], [-0.07526670748029593, -0.44687643043856273, -0.39799891159200074, -0.6389940943900767, -0.02804968913954904, 0.10017923324907316, 0.7399494889296159, 0.011523076891287148, -0.026815324237018337, 0.5511300429428581, 0.6422011849191339, 0.43670041909485924, 0.007373334953550401], [-0.7463742929220448, 0.22346991667172142, 0.3966168825691395, -0.3044793098762961, -0.23712934156625354, 0.2580923620217375, 0.2835805017059379, 0.7437766462454699, 0.001597319502758504, -0.2981091705367728, -0.49005435281832466, 0.24309023553336548, 0.021677300612735668]], "inverted": false, "swapped": true, "error_lsq": 0.0458300512089523, "error_max": 0.26268585827466073, "target": "818.xyz", "model": "17.xyz", "model_rescale": 3.901054581598922, "target_rescale": 4.14740701146714},
{"mapping": [0, 3, 13, 5, 9, 1, 2, 8, 6, 12, 11, 7, 10, 14], "R": [[-0.12731549769973352, -0.9792995768128223, -0.15736296546422943], [0.9576684366007189, -0.08007049529090421, -0.27651379951569177], [0.2581897162634562, -0.18590603712116616, 0.9480385096491067]], "T": [0.05771686658432041, -0.07235985770561626, -0.017601448635067095], "aligned_model": [[0.16705788820409373, -0.4283634814587488, -0.6252807627014819, -0.19563838763898073, -0.38736525089278345, 0.628544575681125, -0.22298109085359874, 0.39563379539538623, 0.43273655688367535, -0.490934421404842, -0.11926241086863987, 0.10427148642909252, 0.24645321266604464, 0.01504611041798258], [0.216841779482081, 0.211108862415195, -0.27925149714993514, -0.6428668298556969, -0.29511883918000137, 0.23104550416557118, -0.47907126120706833, -0.5822685800680131, 0.4759816662429668, 0.41955326334587445, 0.3526024185281657, 0.5782762946055396, -0.3757616163028581, -0.05214736937429528], [-0.7103578795244416, -0.5341063077333845, -0.15255435234074602, 0.002866987583018378, 0.41422023471222136, -0.27795978314914355, -0.6805739917619806, -0.2749407115187513, 0.3322664553968147, 0.07715270484870151, 0.634177952740204, -0.13669086241348483, 0.7204904918958408, 0.01022793021205496]], "inverted": false, "swapped": false, "error_lsq": 0.038872457233257905, "error_max": 0.2418031871664012, "target": "818.xyz", "model": "18.xyz", "model_rescale": 3.9405287249114394, "target_rescale": 4.14740701146714},
{"mapping": [7, 9, 11, 14, 10, 4, 13, 12, 0, 5, 2, 8, 3, 15], "R": [[-0.854067117119179, -0.5197448975269299, -0.02084708493905091], [-0.10644287486777468, 0.2138604411206746, -0.9710476950765878], [0.5091554515524881, -0.8271208818657596, -0.2379743115043938]], "T": [0.0737599791087378, -0.032392048664930104, -0.03657717707954294], "aligned_model": [[0.09904231690831759, -0.44505429612906144, -0.6145793057509285, -0.1716995195765441, -0.4464913789406687, 0.6842675704466766, -0.14534868219886024, 0.458649015103455, 0.5832209997075168, -0.4903445328560685, -0.3700529832608368, 0.08982701041437287, 0.24032769501793777, 0.04815391097301563], [0.27077703242220813, 0.24258648959085155, -0.2174813400522579, -0.7652316495083032, -0.3534814887732222, 0.0808363764858529, -0.43360067911520367, -0.4219535889235682, 0.4196087611681042, 0.5655053264035044, 0.25766508143650374, 0.7174603720399895, -0.5551371513238453, -0.0286297462030881], [-0.6714589460802844, -0.530771873798079, -0.1421431992288906, 0.012765664519631688, 0.4575322569987976, -0.42274402349790147, -0.5288706614607351, -0.021043390298221838, 0.057332323806590625, 0.0881924956221648, 0.6520607529846594, -0.1352450705604168, 0.6148991068609221, -0.0062865669213138416]], "inverted": false, "swapped": false, "error_lsq": 0.03337918362684193, "error_max": 0.20544481368852566, "target": "818.xyz", "model": "19.xyz", "model_rescale": 4.410303926677745, "target_rescale": 4.14740701146714},
{"mapping": [7, 2, 4, 11, 6, 8, 12, 9, 5, 0, 3, 1, 10, 13], "R": [[-0.07134594868372694, 0.7145210956110712, -0.6959664931109641], [0.024301089950383215, 0.6987826587862558, 0.7149211514613586], [0.9971555608999243, 0.03409398343353076, -0.06721895313073348]], "T": [-0.09084790959314065, 0.022043962554009127, -0.027386360115511675], "aligned_model": [[0.08594543891372552, -0.5700542644366191, -0.6535470523330469, -0.21909152019284067, -0.5074038494250293, 0.648558311271388, 0.023490772771633167, 0.3762889908725947, 0.5747623079460875, -0.5155749600094, -0.23850124727813138, 0.08955632419502885, 0.43901824994705047, -0.013529682384116656], [0.21155597170244497, 0.256820989064138, -0.3517528528987459, -0.7898072193504626, -0.2004712227807348, 0.0425949362856539, -0.4387523891823298, -0.47235711719276746, 0.2789456608336707, 0.5658677739512492, 0.29899774676628077, 0.6910680533434229, -0.3251932469700078, 0.011406712075713272], [-0.690471931722952, -0.41962320827588073, -0.2242086417072966, 0.0802452303881366, 0.30947260809634297, -0.23694227015576363, -0.6149817355484171, -0.13325144103033176, 0.408543999800826, 0.1650245733701581, 0.6264162010475596, -0.3154505362067024, 0.4958747470798679, -0.026428726188623755]], "inverted": true, "swapped": false, "error_lsq": 0.04778138359258415, "error_max": 0.24283558728764068, "target": "818.xyz", "model": "20.xyz", "model_rescale": 4.121658175737393, "target_rescale": 4.14740701146714},
{"mapping": [1, 6, 3, 2, 4, 0, 7, 9, 5, 8, 12, 10, 13], "R": [[0.8571817716668174, 0.03180213059581816, -0.5140311613236136], [-0.31865936007217355, 0.8168477301908991, -0.48084924656317113], [0.40459315683848285, 0.5759760499982122, 0.7103210311316484]], "T": [0.03489962824105799, -0.06146646651469427, -0.05876022473536059], "aligned_model": [[0.16013250239108864, -0.1421572567873605, 0.25925504115977055, 0.519041677079888, 0.7020580724303135, -0.42581433525152995, -0.38283315469079965, 0.47330129477782085, -0.6327383388053077, -0.2622145005915063, 0.10685479709512521, 0.5276277157933645, -0.02143060993657251], [-0.6094165659153341, 0.004095998063437703, 0.46971732214201173, -0.09439752796477127, 0.3216466073645092, -0.6190596933343233, 0.437300398621188, -0.6835787618503191, -0.17048554538012084, -0.1093695335455201, 0.6500959395077521, -0.037104535845554995, -0.018617197699771604], [0.49669594057242594, 0.7191554085444115, 0.43132293779722186, 0.34050014813381896, 0.05135473297180253, 0.17622366641722792, 0.07591971785018713, -0.19534869398117954, -0.18106184658838098, -0.6040432478011453, -0.30288726030038504, -0.6315457564312653, -0.0061760077029501675]], "inverted": true, "swapped": true, "error_lsq": 0.0416073036895105, "error_max": 0.22773699569837566, "target": "818.xyz", "model": "21.xyz", "model_rescale": 4.08911054899281, "target_rescale": 4.14740701146714},
{"mapping": [4, 0, 6, 10, 5, 3, 7, 12, 15, 1, 11, 2, 9, 16], "R": [[-0.7117163120366927, 0.08033735604327613, -0.6978580087703122], [0.5707294977202841, 0.6453161212864056, -0.5077745011713583], [0.4095457625380119, -0.7596795461455083, -0.5051329088025382]], "T": [-0.02865514451084393, -0.0062427472806900405, -0.016414285648504074], "aligned_model": [[0.13281606981110794, -0.4580896294751007, -0.7014182798314463, -0.20337235281890875, -0.26637010702607217, 0.7193960655635344, -0.1916153530300329, 0.440655525701529, 0.3088485660953689, -0.43302457349822854, -0.260154865910435, 0.19924133752109513, 0.2643503651903472, -0.03134494843443342], [0.334564122451009, 0.16303213107928535, -0.2618866598711288, -0.7871150554763718, -0.3889846998556315, 0.1361348914263298, -0.515098678658254, -0.5599708583464512, 0.48251053241969205, 0.6728777052191822, 0.2993737532487221, 0.6622752988385768, -0.4539412749044735, -0.004847411922961085], [-0.6029890126499613, -0.6385167184190035, -0.2103216920578875, 0.08773822094217411, 0.5264754345375321, -0.4340586539775279, -0.4857817318467765, -0.15095862731489543, 0.4063368170151451, 0.056243523035936924, 0.646080592712465, -0.1660827354420279, 0.45397003723094764, -0.06391658481919792]], "inverted": true, "swapped": false, "error_lsq": 0.039835462713442425, "error_max": 0.2741525706395524, "target": "818.xyz", "model": "22.xyz", "model_rescale": 4.204369325754507, "target_rescale": 4.14740701146714},
{"mapping": [7, 9, 11, 14, 10, 4, 13, 12, 0, 5, 2, 8, 3, 15], "R": [[-0.854067117119179, -0.5197448975269299, -0.02084708493905091], [-0.10644287486777468, 0.2138604411206746, -0.9710476950765878], [0.5091554515524881, -0.8271208818657596, -0.2379743115043938]], "T": [0.0737599791087378, -0.032392048664930104, -0.03657717707954294], "aligned_model": [[0.09904231690831759, -0.44505429612906144, -0.6145793057509285, -0.1716995195765441, -0.4464913789406687, 0.6842675704466766, -0.14534868219886024, 0.458649015103455, 0.5832209997075168, -0.4903445328560685, -0.3700529832608368, 0.08982701041437287, 0.24032769501793777, 0.04815391097301563], [0.27077703242220813, 0.24258648959085155, -0.2174813400522579, -0.7652316495083032, -0.3534814887732222, 0.0808363764858529, -0.43360067911520367, -0.4219535889235682, 0.4196087611681042, 0.5655053264035044, 0.25766508143650374, 0.7174603720399895, -0.5551371513238453, -0.0286297462030881], [-0.6714589460802844, -0.530771873798079, -0.1421431992288906, 0.012765664519631688, 0.4575322569987976, -0.42274402349790147, -0.5288706614607351, -0.021043390298221838, 0.057332323806590625, 0.0881924956221648, 0.6520607529846594, -0.1352450705604168, 0.6148991068609221, -0.0062865669213138416]], "inverted": false, "swapped": false, "error_lsq": 0.03337918362684193, "error_max": 0.20544481368852566, "target": "818.xyz", "model": "23.xyz", "model_rescale": 4.410303926677745, "target_rescale": 4.14740701146714},
{"mapping": [1, 7, 13, 14, 6, 10, 11, 9, 4, 0, 5, 3, 15, 16], "R": [[-0.26478924243480684, 0.8888396293955079, -0.3739662689426112], [0.3962488617003351, 0.4538456593611445, 0.7981296618220857], [0.879132240730591, 0.06315244013578758, -0.47237513970668044]], "T": [-0.03751666513761078, -0.03701601349682597, -0.023707412438249257], "aligned_model": [[0.004441786100721247, -0.5132760428855093, -0.6664842416537988, -0.15003727489910265, -0.48897766961482514, 0.5509237734806209, 0.044748673138356045, 0.4162539563339548, 0.4031820485082534, -0.4094349756782979, -0.10654676082017717, 0.28708555995794066, 0.15644518471708532, -0.008406196826896507], [0.3865796896580765, 0.08266796722017523, -0.35093035081044427, -0.7037708373837529, -0.36296190143327883, 0.029738329315642895, -0.38398665194138415, -0.46872703318684694, 0.3841235480675112, 0.6201532147761535, 0.1720760094435339, 0.7830786425909845, -0.48083737510728547, 0.07172054443844064], [-0.7687856084745588, -0.47232713550775796, -0.01705907810235277, 0.0067410229411031496, 0.49382551340660874, -0.2940140053842471, -0.5467420927286475, -0.035446330441867374, 0.2961526920878214, -0.037534443277343066, 0.5654592916962395, -0.20070779422680418, 0.5004257677878563, -0.06576893082912724]], "inverted": true, "swapped": false, "error_lsq": 0.036539354462162665, "error_max": 0.22740603325251102, "target": "818.xyz", "model": "24.xyz", "model_rescale": 4.28219845311461, "target_rescale": 4.14740701146714},
{"mapping": [7, 9, 11, 14, 10, 4, 12, 2, 1, 5, 8, 3, 6, 15], "R": [[0.3502916105884951, 0.3630281002439649, -0.8634271167762663], [-0.13965427400098585, -0.891286402537922, -0.43139915670324075], [-0.9261708650700345, 0.27169679255425067, -0.2615117236591064]], "T": [0.030213342313538595, -0.03178494935955226, -0.11827015583491125], "aligned_model": [[0.23557101919368537, -0.3728275474934961, -0.49438777586290944, -0.15835781541468352, -0.4237819055811961, 0.6996769564345983, -0.43621604400158787, 0.4827237753323172, 0.1588567004141689, -0.5356380506529304, -0.18518620636760807, 0.20890311742362502, 0.24568672051390772, 0.09489487592043336], [0.2191739053092168, 0.2974184498855745, -0.1761560907662898, -0.7533271762412511, -0.37929769110489503, 0.2149101994030019, -0.470320059362666, -0.5432566720419411, 0.4829367237084798, 0.508583735974656, 0.1125864075759197, 0.7084377951661939, -0.41009916249823225, -0.03266656936024172], [-0.8256553999275161, -0.5496132292090841, -0.09758896666381485, 0.03652764193452111, 0.43202797067608417, -0.2782968597649183, -0.5360625505829197, -0.06916812641263091, 0.24004518647868572, 0.21802519932514458, 0.5257065538785635, -0.26034618343176935, 0.6708095070542066, -0.08219187440762935]], "inverted": false, "swapped": false, "error_lsq": 0.04908518932655541, "error_max": 0.3255580295991131, "target": "818.xyz", "model": "25.xyz", "model_rescale": 4.100010024507729, "target_rescale": 4.14740701146714},
{"mapping": [10, 9, 0, 1, 12, 7, 8, 6, 2, 3, 4, 13], "R": [[0.05337427789101272, 0.11052801325479494, 0.9924387863972073], [-0.6149797024074428, 0.7866548341270869, -0.05453565412956163], [-0.7867344863970733, -0.6074189083576786, 0.1099596184201273]], "T": [-0.03583013742150665, 0.049092614178138254, 0.1051594655696273], "aligned_model": [[-0.7253771986841334, -0.09451867086167537, 0.5874211706074304, 0.5667152337433522, -0.5493299141746709, 0.06164822784920854, -0.3104331408591659, 0.6340023583393224, 0.06983967281368664, 0.03347145457597743, -0.4110488004617209, 0.01437520947539564], [-0.2582607367667162, -0.7193479056163333, -0.1757738240097582, -0.3921806259716734, 0.5899035561753548, 0.7007527096871594, 0.058262904479110075, 0.31850765901156736, -0.14282292298156837, 0.48320589745451265, 0.08232641427282714, 0.12155826431615765], [0.06621713364039471, 0.04246207534059572, 0.47849294099112744, -0.15306744819996632, -0.017062127340835315, 0.1902760847085418, 0.6640996957422884, -0.24058649758658202, -0.48381348916368205, -0.5108080834661776, -0.5746256404592052, 0.10360764564785661]], "inverted": true, "swapped": true, "error_lsq": 0.03872441873180246, "error_max": 0.1870695979922789, "target": "818.xyz", "model": "26.xyz", "model_rescale": 3.6694154284099745, "target_rescale": 4.14740701146714},
{"mapping": [11, 12, 6, 0, 1, 10, 2, 4, 8, 3, 7, 9, 5, 13], "R": [[-0.5866679653559739, 0.7117865567438755, 0.38623904005651705], [0.8054560937044777, 0.46337098070721394, 0.36949670546942437], [0.08403082493588626, 0.5278704688435722, -0.8451577300027859]], "T": [0.025077718058936417, 0.00453589525253319, -0.006803356714663408], "aligned_model": [[0.022516148876919197, -0.47948192837599934, -0.6247150521208112, 0.011062899588280141, -0.5877907940696956, 0.5080508308950085, -0.08656755252482534, 0.6761784350646748, 0.5802375099054217, -0.5571828088108877, -0.12854396450394093, 0.11331501824248019, 0.05634571106151096, 0.01649336663018948], [0.22485855355355075, 0.3057361504423888, -0.16878320396293053, -0.6517100378905658, -0.4478552837301395, 0.10204600920369049, -0.4003655485459006, -0.483942865712664, 0.17951085395797764, 0.5368368906607411, 0.3163986144934158, 0.6688167808092551, -0.3714624649646334, -0.031160652666660304], [-0.8360360344642145, -0.5401238821217286, -0.14435435625178578, 0.07115947564486126, 0.4397177085394333, -0.35194024238077687, -0.5413309991893116, -0.12076355366713205, 0.25689829624383526, 0.16772328729778585, 0.5178589610790549, -0.13253568911428615, 0.6886289156517714, -0.050683018320583334]], "inverted": false, "swapped": false, "error_lsq": 0.04732097291649786, "error_max": 0.2582181642953826, "target": "818.xyz", "model": "27.xyz", "model_rescale": 4.103607728864725, "target_rescale": 4.14740701146714},
