[{"mapping": [11, 7, 6, 4, 12, 10, 1, 9, 2, 5, 3, 14], "R": [[-0.6046332394103655, 0.7892127480682773, 0.10752620186096684], [0.696262858213927, 0.45813821120415177, 0.5525643959815298], [0.38682900365911105, 0.40896530136574877, -0.8265051144469231]], "T": [-0.05465077357313076, -0.11948946017842911, -0.008614205665146885], "aligned_model": [[-0.1840103412437181, 0.20632087262586085, 0.44852474994868374, 0.03237172210860385, -0.19846899103228177, -0.5967796836805144, 0.33237324476442404, -0.19002351573857518, 0.6462629511463233, -0.02778766806509219, -0.5651436111127496, -0.06599726726041577], [-0.4440517601130205, -0.6565797805869452, -0.28655831922266295, 0.6875616728364247, 0.26128323652083185, -0.2853669466653239, -0.28161845492847754, -0.6471339988550012, 0.13155094951167584, 0.49713619214224103, 0.09399468351846997, -0.01666243818115469], [-0.5134609208609812, -0.018556327409654755, -0.6678739855573647, -0.07558273025478808, -0.689418488539174, 0.019596799962684482, 0.5726305015149759, 0.5376760951561066, 0.09322502829182366, 0.4092360121506267, 0.5556642525373877, -0.04118449163808022]], "inverted": false, "swapped": true, "error_lsq": 0.046867418275075214, "error_max": 0.2739839027207346, "target": "819.xyz", "model": "0.xyz", "model_rescale": 3.751011558992144, "target_rescale": 3.927507883651388},
{"mapping": [13, 10, 9, 6, 12, 11, 2, 8, 7, 4, 1, 0, 3, 0, 14], "R": [[-0.9787733146833696, 0.172068937753106, -0.11133318967966108], [0.02102789436311521, -0.4560508381977312, -0.8897052661627897], [-0.2038642345346121, -0.8731608750050958, 0.4427521431206766]], "T": [-0.014031380840699825, 0.07771633829920199, 0.033719840091386274], "aligned_model": [[-0.27511896120762264, -0.0002467435876276347, -0.06226581890221256, 0.637050742158106, 0.46119952892347327, 0.6267619425236486, -0.6544668256008408, -0.5748303951572742, 0.5395240828916956, -0.1639128304116334, 0.17865390600776485, -0.015331270215369161, 0.03247018584038664, -0.015331270215369161, 0.014305727477267837], [0.4375106917863087, 0.6153135915650444, 0.7303152642794567, -0.04369643568574963, 0.320583285127083, 0.5433997184272863, -0.13466642181426866, -0.15911704672555296, -0.23610229944770633, -0.08149625290753487, -0.5435626650238398, -0.5954926637005492, -0.11330340381754869, -0.5954926637005492, 0.11747862870989144], [0.6080746928414255, -0.5853544084327171, 0.11103544090132621, -0.3199420785467217, 0.5505818454858925, -0.06247732790659326, 0.5117094909098665, -0.2305388691674523, 0.22019030684666507, -0.7263859892413194, -0.21642077975650825, 0.3834232407234043, 0.7717950069481431, 0.3834232407234043, 0.05861524120965009]], "inverted": true, "swapped": false, "error_lsq": 0.04338657791928156, "error_max": 0.3897780067810492, "target": "819.xyz", "model": "1.xyz", "model_rescale": 3.9405287249114394, "target_rescale": 3.927507883651388},
{"mapping": [6, 12, 0, 10, 8, 2, 11, 13, 3, 1, 9, 7, 14], "R": [[0.5547623344612842, -0.8162969803544555, 0.160928531116343], [-0.507482505309679, -0.1787111542736632, 0.8429257560086691], [-0.6593180257415063, -0.5492918743276407, -0.513398653806133]], "T": [-0.07562693036076744, -0.12459642600270626, 0.0030891203771869907], "aligned_model": [[-0.41047283539844087, 0.2730451894838882, -0.42574589310388944, 0.4221898125878704, 0.4353731932555835, -0.750436877922913, 0.1433612143361052, 0.6861205509759397, 0.2949171583825858, -0.6111076491155183, -0.13655171058510326, -0.37862387956782356, -0.0460849940443529], [0.6362276298019797, 0.5078680082471921, 0.4801338349124905, -0.2959403865488856, -0.13784876529574708, -0.03557079797378587, 0.3200353800039267, 0.23044886978563434, -0.7941193102308989, -0.5918310613458979, -0.7031922315964328, -0.06447982967990612, -0.09289874650765197], [0.1603978757143869, -0.32490857787138805, -0.4397465842571403, 0.21530291389759482, -0.4262833412115733, -0.3153108460104486, 0.3654308647295016, 0.04781441451812561, -0.19445778790740142, 0.09727514222398674, 0.5097277452292043, 0.5142152318202385, -0.09633670128644291]], "inverted": false, "swapped": true, "error_lsq": 0.051722760117812294, "error_max": 0.31099418133610757, "target": "819.xyz", "model": "2.xyz", "model_rescale": 3.932901565614263, "target_rescale": 3.927507883651388},
{"mapping": [2, 4, 0, 1, 6, 11, 12, 7, 9, 10, 8, 3, 13, 14], "R": [[-0.8827959783925032, 0.0324139640464715, -0.46863695486892326], [-0.42392399334338493, -0.48477388102379604, 0.7650377324975052], [-0.20238504984761324, 0.8740386829036347, 0.44169748967620204]], "T": [-0.029054948617571342, -0.012993509729180425, 0.04580935983708137], "aligned_model": [[-0.17622578927644628, 0.6236750642990277, 0.0916844381800684, -0.3996132415608284, -0.38966292584294465, -0.21210304392135548, 0.4113677192115312, -0.6225228832623135, -0.4455594329508751, 0.10275007954898653, 0.6194619332696338, 0.38074984162004927, 0.3688596939749838, 0.0669484587631864], [0.1428667448692336, 0.0005179917785662347, -0.41838019887404176, 0.5667908504109025, -0.6623072843970765, -0.5514602823914265, -0.6604244614063779, -0.06216376658584524, 0.4744867443525951, -0.02447443808222874, -0.07969812432504006, 0.5459219458646082, -0.5720130158963308, -0.03616606696704951], [-0.6744134467073202, -0.44117133680894904, -0.6651541206439912, -0.15532606370051905, -0.3592518420883598, 0.27709212978577125, -0.08078856383083677, 0.0910769483554718, 0.4748252659508254, 0.5978153193793024, 0.1894540948689306, 0.42562792517764925, 0.5331263698575763, 0.0009836834615467027]], "inverted": true, "swapped": true, "error_lsq": 0.04610883898953328, "error_max": 0.38977428596487335, "target": "819.xyz", "model": "3.xyz", "model_rescale": 3.9243930471874484, "target_rescale": 3.927507883651388},
{"mapping": [11, 6, 13, 10, 8, 7, 9, 12, 4, 2, 5, 1, 14], "R": [[-0.8101583570848443, 0.48072379490559014, -0.33548184668794556], [-0.18342324245372887, -0.7514319209923168, -0.6338027944412656], [-0.5567758530803457, -0.45194546255645124, 0.6969547677584885]], "T": [-0.028608093680773196, -0.12341819027169086, -0.038292795739658575], "aligned_model": [[-0.011574910082341565, -0.43045389267538625, 0.6189483849905293, 0.3307636777163158, 0.6196569184865647, -0.5286852478562923, -0.28273095539421467, 0.4019877535500232, 0.3367428984322113, -0.4960754604322358, 0.20828307215486144, -0.5301469906934323, 0.040490638114749504], [-0.3879592977259331, 0.11208437078872648, -0.3649272714159083, -0.5622335611829027, 0.032056414685253845, -0.41995057418377435, -0.7112625835506551, 0.20961739310131522, 0.5977654666642145, 0.4538616750896859, 0.3375161048543364, -0.1283611725671469, -0.04037741087562495], [-0.5920731341899885, -0.7445360725796546, -0.5185642918498685, -0.015754900741741323, -0.0031135004565144564, -0.1749033493006761, 0.39185621534026716, -0.6152161133125988, 0.060712329741614196, 0.07526240863786485, 0.4974028055040175, 0.47391137550757767, -0.04791345692933534]], "inverted": true, "swapped": true, "error_lsq": 0.042950494843172995, "error_max": 0.28562698132929487, "target": "819.xyz", "model": "4.xyz", "model_rescale": 3.8936222436046832, "target_rescale": 3.927507883651388},
{"mapping": [1, 7, 3, 5, 10, 11, 6, 12, 4, 2, 8, 14], "R": [[-0.45729989148790123, -0.7968623376081049, -0.39482556166856875], [-0.7212697256168171, 0.5920483385071627, -0.35951181869244553], [0.5202372460270367, 0.1203710088545209, -0.8454963205558909]], "T": [-0.19371845922866993, -0.0762967697864736, -0.07033306125629388], "aligned_model": [[-0.08451760982422893, -0.5766908005805061, -0.10322733836788364, 0.44659720361415844, -0.5523614168935629, -0.6265200629131943, -0.2620093703027905, -0.02731997796805849, 0.5564950465641338, 0.32735565466472893, 0.04097968536574598, -0.11123297114344494], [-0.6318810072620126, -0.5301087744450248, 0.3099822937536101, 0.05663263135418212, 0.3138772313324866, 0.027516289317929946, -0.411588634792879, 0.38882964948837406, 0.2125986876698378, -0.6010317957068578, 0.5479299559845077, -0.013833621584346797], [-0.5100149245299439, -0.006631347241704305, -0.7538449026289467, -0.4279267584835431, -0.27369095833472745, 0.35257403343267724, 0.7033831562566408, 0.5502593632310618, 0.060465790910419676, 0.06311163430317726, -0.10058595137664988, -0.037814416262943254]], "inverted": true, "swapped": true, "error_lsq": 0.043346962028233904, "error_max": 0.245929683278573, "target": "819.xyz", "model": "5.xyz", "model_rescale": 3.6523030999806103, "target_rescale": 3.927507883651388},
{"mapping": [9, 1, 3, 10, 8, 7, 5, 11, 2, 0, 4, 12, 14], "R": [[-0.37978157135084023, 0.9131765514119754, -0.14790045305413518], [-0.896020912960769, -0.4028765098233078, -0.18664683594837583], [-0.23002713231103056, 0.06163687032874089, 0.971230361251563]], "T": [0.09135933704355298, -0.1538743969902148, 0.053010064795207826], "aligned_model": [[0.06541512217910334, -0.46130582795479497, 0.3561433114809323, 0.600071404480311, 0.5155775224425041, -0.11024642965625511, -0.12400866547474873, 0.41175543076853444, -0.617233198730893, -0.271814571001544, -0.024874238716300248, 0.4357062652862948, 0.10589677956115046], [-0.4121975757526577, -0.1729536307854211, 0.3462461390797157, -0.18455667065169795, 0.3421461403417132, -0.7001923212758181, 0.5519685279917035, -0.6036643890318815, -0.03146899340464576, -0.04461934119102179, 0.5401674232200336, -0.020589126830032084, -0.06945927754680697], [0.7794835084372411, 0.5092074010093209, 0.604696109083941, 0.3029812372594428, -0.0872041260886746, 0.1855351515477503, 0.15765238324412306, -0.21528100161533642, -0.1651323239975514, -0.6822133591620471, -0.35709350383870925, -0.6490057666306144, -0.01351596976709682]], "inverted": true, "swapped": true, "error_lsq": 0.0596299055698174, "error_max": 0.41115021657986833, "target": "819.xyz", "model": "6.xyz", "model_rescale": 4.08911054899281, "target_rescale": 3.927507883651388},
{"mapping": [5, 3, 4, 9, 10, 8, 7, 6, 11, 0, 1, 2, 12, 13, 14], "R": [[0.4475160441572573, 0.3083608244349038, -0.8394301592006725], [0.8617855590978785, -0.3994241846960189, 0.31270748441679164], [-0.23886196924625125, -0.8633504054749424, -0.44448963656541635]], "T": [0.06526526885936933, 0.02697917164321883, 0.1527303885947855], "aligned_model": [[-0.24133148201810017, -0.07487431446755123, -0.13868426600418432, 0.6091651105651965, 0.5104095946158637, 0.46480621635410146, -0.6261112054854732, -0.35511656650032275, 0.5865632250734083, -0.23484402702275753, 0.2445260274443536, -0.4467027811683304, 0.20520284137411132, 0.02916774589543146, 0.19628588186864726], [0.47521174911530406, 0.41493106549129843, 0.6989326749476189, -0.004884949400107995, 0.3905233779143229, 0.5447502518015906, -0.12504618712530613, 0.06910753033318273, -0.17528009549588738, -0.1616168354377049, -0.570082573914132, -0.5506580404849735, -0.1210500181599842, -0.6069000695041522, -0.016266553009298114], [0.6871339986382041, -0.5227736169524939, 0.09163565618569253, -0.41093169802298846, 0.5874222769887287, -0.04073566297920139, 0.46606060665753074, -0.113065172593098, 0.33125403593757974, -0.7184883782727304, -0.23370060301812934, -0.08042944972832528, 0.8357433846469001, 0.5171320884123418, 0.06147158763845442]], "inverted": true, "swapped": false, "error_lsq": 0.04279470798382853, "error_max": 0.33488714245008144, "target": "819.xyz", "model": "7.xyz", "model_rescale": 3.964800864290218, "target_rescale": 3.927507883651388},
{"mapping": [5, 3, 4, 1, 0, 9, 2, 8, 10, 11, 7, 6, 12, 14], "R": [[0.5492203432130536, -0.520673012645311, 0.653648704201111], [-0.4589203027632723, 0.4657606355409878, 0.7566103264508898], [-0.6983904139609896, -0.7155184444046926, 0.016857799503099975]], "T": [-0.014873147984748643, -0.08614758107484571, 0.13958152056623263], "aligned_model": [[0.05253624098054034, 0.1312411731860565, 0.37039400967623154, -0.6714067080857894, 0.09603651074719971, -0.4856837799161815, -0.4146684501955183, 0.5836894487215795, 0.25079475380320443, 0.18121463565298954, -0.4563110577601284, -0.0812642726502808, 0.6423117327329431, 0.062303652568026696], [-0.13017564009208132, -0.7359430873036348, 0.26982079321974445, -0.21152528332545717, 0.7209730739259912, -0.6836132578470611, 0.43895084573338533, -0.21202194012805528, -0.5489779624252868, 0.0278038089912806, -0.058018948746412835, 0.6309760289266593, 0.3450695436976656, -0.042369508445535047], [-0.6014077711004006, -0.28586530385997744, -0.483511540758355, -0.11957659250979275, -0.004087312897555068, 0.26818846138757374, -0.21973439177851328, -0.12788048638162675, 0.3330332215010008, 0.710115877060926, 0.5408450375193594, 0.5834813009912571, 0.24600436427647823, 0.07721017527464741]], "inverted": false, "swapped": true, "error_lsq": 0.04091177687986562, "error_max": 0.3000323181941576, "target": "819.xyz", "model": "8.xyz", "model_rescale": 4.121658175737393, "target_rescale": 3.927507883651388},
{"mapping": [7, 1, 2, 6, 9, 10, 5, 8, 4, 3, 11, 12, 14], "R": [[0.35591365301161737, 0.5370915502035066, 0.7647601835215537], [-0.6859291090493796, -0.40564698506216157, 0.6041123909246551], [0.6346863232799732, -0.7395831192029554, 0.2240314282224185]], "T": [-0.10507788408830376, 0.02172262855435681, -0.05510917002379398], "aligned_model": [[-0.5186428761975378, -0.300766635885988, 0.3009137602823466, 0.06932328364898249, -0.7781125442531316, -0.4225602935920176, 0.35304029244449386, 0.22580764282504018, 0.6782604056863315, -0.2129744412686968, -0.3014498346466745, 0.3890929193059089, -0.00519418191385998], [0.24964740690787654, -0.4039547735159743, -0.043957886200029765, 0.7705382539514171, -0.33429713233103364, -0.0363500082466594, -0.566066613804811, -0.12284751378301917, -0.16809510482510054, -0.6551763911963451, 0.5778422166685854, 0.5067785980167904, 0.016326387770013634], [-0.42073924386251005, -0.5977171990099436, -0.6840204682632446, -0.4080687433043758, -0.17937464134992234, 0.41184633647190705, -0.04172376890101389, 0.5063814386485908, 0.0621067896770308, 0.338279499347652, 0.11551864388806074, 0.3317783089231874, -0.01319151830632985]], "inverted": false, "swapped": true, "error_lsq": 0.038111416449810406, "error_max": 0.1913636029072137, "target": "819.xyz", "model": "9.xyz", "model_rescale": 3.833441315466971, "target_rescale": 3.927507883651388},
{"mapping": [9, 10, 8, 12, 7, 11, 2, 13, 6, 0, 1, 5, 3, 4, 14], "R": [[-0.5166372198803998, -0.34227619994546776, 0.7848139817722043], [-0.6103970143417434, -0.4955464205358834, -0.6179395034926629], [0.6004177445053877, -0.7982986584261329, 0.04709335450039115]], "T": [0.12532851686136537, 0.00615989319791135, 0.0544796005539175], "aligned_model": [[-0.2414067329854383, -0.007869882895671726, -0.17049292628581153, 0.6049398130168779, 0.42983921620364873, 0.5022009856226226, -0.501834823736893, -0.633870307123154, 0.6235300804745553, -0.1575769694256185, 0.25830824764564425, -0.30805978751925417, 0.0063192712591766675, 0.23041844268428446, 0.09401737358942439], [0.4656289458337196, 0.569368684076731, 0.7267108112917132, -0.005329152818217057, 0.3602822471432247, 0.5736924639981097, -0.0006863137565589518, -0.0926012325412702, -0.4495561398410895, -0.173018673028579, -0.5404034360606266, -0.5130480151256129, -0.07537461184960996, -0.6192081813635372, 0.03521393111337402], [0.6133208774138771, -0.5293081928255369, 0.0837270036051408, -0.3100215156754313, 0.5296475384496889, 0.019680111846704422, 0.4055772060535909, -0.16811852863387966, 0.12760734692616948, -0.5385486356519235, -0.4242623458265817, 0.060217808236889755, 0.9109320357162479, 0.5379911918318089, 0.1392871520717002]], "inverted": true, "swapped": false, "error_lsq": 0.046097927905441156, "error_max": 0.3203664792273071, "target": "819.xyz", "model": "10.xyz", "model_rescale": 4.2482417240324, "target_rescale": 3.927507883651388},
{"mapping": [4, 5, 3, 1, 12, 11, 8, 7, 2, 6, 0, 14], "R": [[0.3700922350140609, 0.1320101448359967, 0.9195678654904577], [0.5572679258203408, 0.7604382417866711, -0.3334458565948777], [-0.7432928066611385, 0.6358513993762818, 0.20786726889299328]], "T": [0.1709885532466778, 0.11793698388492936, 0.059724433751716134], "aligned_model": [[-0.5317553164979317, -0.10276259996615514, 0.3016389237926764, 0.640136863176577, -0.5298243200744918, 0.1523224489594797, -0.285625079752445, 0.6145840813224362, 0.03539645308303144, -0.05162826173551513, -0.4331740957181588, 0.06745650577350373], [-0.29373409435329534, -0.5638149600903093, -0.33651412106147904, -0.34678353303151577, 0.48650466898112965, 0.731516243954218, 0.03170368845401314, 0.36312932568416734, -0.26171664105209996, 0.6246136662399955, 0.14135907294800076, 0.08986807337781423], [0.05152649379711607, 0.1855108363028059, 0.6929647270605528, -0.21929799506100003, 0.1064702987509645, 0.04891433225633271, 0.5390210752191088, -0.2561470293077243, -0.5744289182190845, -0.5801517744027811, -0.5049208860531823, 0.07573112951124783]], "inverted": true, "swapped": true, "error_lsq": 0.04363986050631912, "error_max": 0.2305028685317665, "target": "819.xyz", "model": "11.xyz", "model_rescale": 3.6694154284099745, "target_rescale": 3.927507883651388},
{"mapping": [4, 12, 11, 13, 8, 2, 5, 1, 10, 9, 7, 3, 6, 14], "R": [[0.871362738677474, -0.47421802452222184, -0.1258739165305243], [-0.4765100575285256, -0.8790703539540484, 0.01317109992617408], [-0.1168980013458454, 0.048503381504235235, -0.9919588092577238]], "T": [-0.01403438950411156, 0.07339268113891367, 0.037654211468036804], "aligned_model": [[0.14798322930222363, 0.07104178355584537, -0.12431949215861626, 0.4579001630305704, 0.5336686839878934, -0.549648512686767, 0.2619236266239733, -0.27622483764567224, 0.4357338005187389, 0.07602153230672212, -0.42699710099775423, 0.6606478061397767, -0.6906522515797907, 0.021186419858666636], [-0.5115517016641073, 0.2322772760314339, 0.6417683791907729, 0.6011779736610816, -0.03867870596624659, -0.44900484316792305, -0.6176889461210293, -0.28758342249500923, 0.39752721905204325, 0.2087974416554988, 0.36400211423321405, -0.1885152015475764, 0.35719210213422803, 0.02126760313987313], [-0.5054660234380732, -0.7347988473566955, -0.16662758441041073, -0.4173591976106623, -0.32720029252388644, -0.03228078703614574, -0.004783788773707054, 0.5987880928567075, 0.15955717743430908, 0.7917915418424373, 0.3565256816461393, 0.3551393151319748, -0.3834956738224511, -0.050694154287120145]], "inverted": false, "swapped": true, "error_lsq": 0.03982574067899427, "error_max": 0.2617584834720744, "target": "819.xyz", "model": "12.xyz", "model_rescale": 3.9764082729961374, "target_rescale": 3.927507883651388},
{"mapping": [9, 13, 12, 11, 1, 10, 5, 6, 8, 14, 3, 4, 0, 7, 15], "R": [[0.9032791746688605, 0.31289768489552766, -0.2935673200418626], [-0.3945785458272429, 0.8745299151745297, -0.2819666622806475], [0.16850668764889043, 0.37052998023351547, 0.9134073735008658]], "T": [0.02408023361062062, 0.050689751029712744, 0.13938964442456547], "aligned_model": [[-0.17758365725905365, -0.11874909770307049, 8.311354275624891e-05, 0.5250758946775169, 0.42336422539420665, 0.6498025081806285, -0.7405956506141159, -0.5758321366987612, 0.7120582515519873, -0.016841723924559234, 0.4315753223294495, -0.4347348531163626, -0.11179437380666368, 0.15693815271227343, 0.00569602525816176], [0.3072096099401882, 0.38901682113572317, 0.6881646926998114, 0.08491673489727214, 0.4106944468810382, 0.5304593457169949, 0.14612037590004104, -0.06457484426922519, -0.1023740985436821, -0.17234394841402617, -0.5802808365566889, -0.4806883833371779, -0.22335963842337492, -0.6209871654896384, -0.05030178506548392], [0.6443929747318774, -0.3501153319922893, 0.1556183818807262, -0.4757335626786, 0.4774598902779318, -0.01694227835130946, 0.46952248701477817, -0.3193891985047733, 0.0854402103979639, -0.6270236917583315, -0.24043573332752227, 0.2910132451195153, 0.7978294341562082, 0.4591279625380278, 0.10696426403426196]], "inverted": true, "swapped": false, "error_lsq": 0.04275365682908872, "error_max": 0.25994755656380275, "target": "819.xyz", "model": "13.xyz", "model_rescale": 4.170626492500431, "target_rescale": 3.927507883651388},
{"mapping": [4, 0, 5, 2, 3, 9, 1, 12, 13, 6, 11, 7, 10, 14], "R": [[-0.471421627419444, 0.711180120893621, -0.5215213177300975], [-0.2991996474558575, 0.4273086745748107, 0.8531628611205535], [0.8296030497554197, 0.5582384188488398, 0.011342290670482646]], "T": [-0.0374887684607699, 0.10663536159870439, 0.09941219480920913], "aligned_model": [[0.16439459594619354, -0.08045169196787752, -0.10497451108120683, -0.5733691626319218, 0.12351099499610702, -0.37857954934752613, -0.7040386066213047, 0.5541225799745102, 0.7757397206139273, -0.1279732692000695, 0.24280039419137214, -0.39442533454954287, 0.3274962968052584, 0.018930564963724528], [-0.3600416125485851, -0.7166200002048304, 0.07728445405399516, -0.37023279102969264, 0.6846094221959351, 0.7842915850564384, 0.3205518810316216, -0.4202654946844741, 0.13332963363121503, -0.5495448008886086, 0.008266246611812689, 0.18750570730046484, 0.5316139120310545, 0.04532632536931874], [-0.5368620686318052, 0.03020067623523162, -0.6422965248613819, -0.12442152589025851, -0.41499392551233005, 0.23943631162857953, -0.05508650193476694, 0.13862313531076312, 0.3145018963715572, 0.6256832447458485, 0.6367261557735912, 0.5713521625550543, 0.19103146320366063, 0.029978602127123208]], "inverted": true, "swapped": true, "error_lsq": 0.040556668217003204, "error_max": 0.2814359479647684, "target": "819.xyz", "model": "14.xyz", "model_rescale": 3.9786697098870705, "target_rescale": 3.927507883651388},
{"mapping": [1, 2, 3, 9, 5, 8, 6, 12, 10, 7, 4, 14], "R": [[0.39006227164932844, -0.752425802006608, -0.5307606209116102], [0.8201815723364764, 0.02192242300834762, 0.5716831253142851], [-0.41851357521044763, -0.6583120991172466, 0.6256768874750076]], "T": [0.07557652406021073, -0.08093713912058834, 0.05615566540857682], "aligned_model": [[-0.04438494341253904, -0.6092314370311781, 0.6090687780648353, 0.5429210111274232, -0.05641083339051953, 0.27909720299051055, -0.49520440673296173, -0.12829571963922096, 0.6250336858173854, 0.03815502999276377, -0.3161751151467851, 0.03878134412762273], [-0.472823187731353, -0.16302677255120612, 0.24096948365949541, -0.5776662106429928, 0.3998525282457641, 0.5519997965968618, -0.34426476105563186, 0.4201835729906208, -0.007713173048228231, -0.6701123300726326, 0.6164802489991127, 0.02079529483462915], [-0.5320223540376973, -0.24212593791200737, -0.43000350225985834, -0.3044230239233835, -0.49789149801078664, 0.11638547742729148, 0.6223612474070627, 0.6362247457313326, 0.17842600000510528, 0.14639581351073228, -0.09723556402738641, 0.06387508996342547]], "inverted": false, "swapped": true, "error_lsq": 0.0488805612912599, "error_max": 0.27394069179273, "target": "819.xyz", "model": "15.xyz", "model_rescale": 3.769337070930944, "target_rescale": 3.927507883651388},
{"mapping": [4, 5, 12, 8, 0, 2, 6, 1, 11, 10, 14], "R": [[0.9419012772490543, -0.335563336256534, -0.014806460650159309], [0.23724685111287666, 0.6958448934349115, -0.677874483896231], [0.23777282341265368, 0.6349780560310263, 0.7350285387693691]], "T": [-0.008929334786098727, -0.012089802350432811, 0.22234582231336725], "aligned_model": [[-0.318753814755046, -0.3910380622850981, -0.1542563427400571, -0.604642255718135, 0.3394156977215265, 0.42862021934315836, 0.6520030142518225, 0.25554357056897453, 0.16407449335142596, -0.386936434260232, -0.061403954787168986], [-0.06662936507241377, -0.47986140735497884, 0.6317702522141073, 0.1739912771900043, 0.20606075042924024, -0.3682277621725942, 0.45618974060929235, -0.6675693935641185, 0.5393237699377897, 0.16007436705441644, 0.010942268354596468], [-0.5289353880539738, -0.21438094808968933, -0.21752948808683154, -0.014629723418977003, -0.4956036971425953, -0.2740297488274916, -0.021793007367566952, 0.3420095142549999, 0.42960782528757335, 0.6092373937597536, 0.1302648749085755]], "inverted": true, "swapped": true, "error_lsq": 0.04187783555724842, "error_max": 0.24656248892919036, "target": "819.xyz", "model": "16.xyz", "model_rescale": 3.7852294659196426, "target_rescale": 3.927507883651388},
{"mapping": [5, 9, 10, 3, 1, 7, 6, 11, 8, 4, 0, 12, 14], "R": [[0.7067604350554684, -0.35315816761785157, 0.6129999968066938], [-0.4958657392969159, 0.3707247292849791, 0.7852899742694428], [-0.504585826229521, -0.8589775804649271, 0.08689453508070251]], "T": [-0.08736588751787618, 0.03139674702823007, 0.04659293955662874], "aligned_model": [[0.15015728053184513, -0.5600365451579679, 0.138039614816798, 0.1691251197528975, -0.6631058328799804, -0.609990775717935, -0.2722474810447064, -0.031025013151960393, 0.5596956662617263, 0.4221523601947493, 0.033441716093796967, 0.5165680461767668, 0.0009916943402530493], [-0.07901760507153863, -0.5731612047954817, -0.3978620240987641, -0.6478627987186583, -0.14918536320590184, 0.07603943326026008, 0.7831683195365623, 0.2079022023785898, -0.09029554785880892, 0.3450883430402826, 0.825760580116179, 0.5017330882218332, 0.07274820089832054], [-0.6512172363193967, 0.12571160727027508, 0.34179494406161043, -0.2655086911370199, -0.34048900023331435, 0.33214733889409526, 0.38773714317242963, 0.6319273057423356, -0.06367851000719969, -0.5060172007595054, -0.15032598139635864, 0.25447157647996116, -0.0007985986247385016]], "inverted": false, "swapped": true, "error_lsq": 0.04296039066159981, "error_max": 0.2162123071080768, "target": "819.xyz", "model": "17.xyz", "model_rescale": 3.901054581598922, "target_rescale": 3.927507883651388},
{"mapping": [13, 10, 9, 6, 12, 11, 2, 8, 7, 4, 1, 0, 3, 0, 14], "R": [[-0.9787733146833696, 0.172068937753106, -0.11133318967966108], [0.02102789436311521, -0.4560508381977312, -0.8897052661627897], [-0.2038642345346121, -0.8731608750050958, 0.4427521431206766]], "T": [-0.014031380840699825, 0.07771633829920199, 0.033719840091386274], "aligned_model": [[-0.27511896120762264, -0.0002467435876276347, -0.06226581890221256, 0.637050742158106, 0.46119952892347327, 0.6267619425236486, -0.6544668256008408, -0.5748303951572742, 0.5395240828916956, -0.1639128304116334, 0.17865390600776485, -0.015331270215369161, 0.03247018584038664, -0.015331270215369161, 0.014305727477267837], [0.4375106917863087, 0.6153135915650444, 0.7303152642794567, -0.04369643568574963, 0.320583285127083, 0.5433997184272863, -0.13466642181426866, -0.15911704672555296, -0.23610229944770633, -0.08149625290753487, -0.5435626650238398, -0.5954926637005492, -0.11330340381754869, -0.5954926637005492, 0.11747862870989144], [0.6080746928414255, -0.5853544084327171, 0.11103544090132621, -0.3199420785467217, 0.5505818454858925, -0.06247732790659326, 0.5117094909098665, -0.2305388691674523, 0.22019030684666507, -0.7263859892413194, -0.21642077975650825, 0.3834232407234043, 0.7717950069481431, 0.3834232407234043, 0.05861524120965009]], "inverted": true, "swapped": false, "error_lsq": 0.04338657791928156, "error_max": 0.3897780067810492, "target": "819.xyz", "model": "18.xyz", "model_rescale": 3.9405287249114394, "target_rescale": 3.927507883651388},
{"mapping": [7, 14, 13, 10, 9, 11, 4, 12, 5, 3, 1, 0, 8, 6, 15], "R": [[-0.9179184609433458, -0.24390304149731118, 0.3129488862542262], [-0.05029816067476377, -0.710848158231732, -0.7015447177274522], [0.39356802981458666, -0.6597016009431201, 0.6402327729981879]], "T": [-0.011966059701446416, 0.03160415142577814, 0.07103244639792367], "aligned_model": [[-0.17242782313893662, 0.0374372463094121, -0.0849249686571254, 0.5435440494287718, 0.36011306808562465, 0.5267157113135205, -0.6660748388753398, -0.45534322668164673, 0.6949984398923462, -0.07605878470083367, -0.09293180370557333, -0.3239142944753545, 0.13366868832291828, 0.28119961047340847, 0.0224609269332018], [0.3217615608495871, 0.49219064740661417, 0.6986733743525702, 0.0650642262787568, 0.46658110159676414, 0.5014858102820461, -0.008006236846053567, 0.06415723211196742, -0.13810822278947735, -0.2352061446823878, -0.5750106549201419, -0.4960692949214673, -0.30414375239512, -0.6101353013975371, 0.018436982145650364], [0.6920688778351929, -0.5495788290003554, 0.039009098668339626, -0.4841188654004838, 0.5822682260942347, -0.019777124388844353, 0.3954361312793874, -0.24911759178393078, 0.47434566104776305, -0.7352757969971138, -0.17591380078797456, 0.38235750288617804, 0.7331019448523608, 0.3170158200498441, 0.05590779918386763]], "inverted": true, "swapped": false, "error_lsq": 0.04197423312980924, "error_max": 0.32678761010838103, "target": "819.xyz", "model": "19.xyz", "model_rescale": 4.410303926677745, "target_rescale": 3.927507883651388},
{"mapping": [5, 3, 4, 1, 0, 9, 2, 8, 10, 11, 7, 6, 12, 14], "R": [[0.5492203432130536, -0.520673012645311, 0.653648704201111], [-0.4589203027632723, 0.4657606355409878, 0.7566103264508898], [-0.6983904139609896, -0.7155184444046926, 0.016857799503099975]], "T": [-0.014873147984748643, -0.08614758107484571, 0.13958152056623263], "aligned_model": [[0.05253624098054034, 0.1312411731860565, 0.37039400967623154, -0.6714067080857894, 0.09603651074719971, -0.4856837799161815, -0.4146684501955183, 0.5836894487215795, 0.25079475380320443, 0.18121463565298954, -0.4563110577601284, -0.0812642726502808, 0.6423117327329431, 0.062303652568026696], [-0.13017564009208132, -0.7359430873036348, 0.26982079321974445, -0.21152528332545717, 0.7209730739259912, -0.6836132578470611, 0.43895084573338533, -0.21202194012805528, -0.5489779624252868, 0.0278038089912806, -0.058018948746412835, 0.6309760289266593, 0.3450695436976656, -0.042369508445535047], [-0.6014077711004006, -0.28586530385997744, -0.483511540758355, -0.11957659250979275, -0.004087312897555068, 0.26818846138757374, -0.21973439177851328, -0.12788048638162675, 0.3330332215010008, 0.710115877060926, 0.5408450375193594, 0.5834813009912571, 0.24600436427647823, 0.07721017527464741]], "inverted": false, "swapped": true, "error_lsq": 0.04091177687986562, "error_max": 0.3000323181941576, "target": "819.xyz", "model": "20.xyz", "model_rescale": 4.121658175737393, "target_rescale": 3.927507883651388},
{"mapping": [9, 1, 3, 10, 8, 7, 5, 11, 2, 0, 4, 12, 14], "R": [[-0.37978157135084023, 0.9131765514119754, -0.14790045305413518], [-0.896020912960769, -0.4028765098233078, -0.18664683594837583], [-0.23002713231103056, 0.06163687032874089, 0.971230361251563]], "T": [0.09135933704355298, -0.1538743969902148, 0.053010064795207826], "aligned_model": [[0.06541512217910334, -0.46130582795479497, 0.3561433114809323, 0.600071404480311, 0.5155775224425041, -0.11024642965625511, -0.12400866547474873, 0.41175543076853444, -0.617233198730893, -0.271814571001544, -0.024874238716300248, 0.4357062652862948, 0.10589677956115046], [-0.4121975757526577, -0.1729536307854211, 0.3462461390797157, -0.18455667065169795, 0.3421461403417132, -0.7001923212758181, 0.5519685279917035, -0.6036643890318815, -0.03146899340464576, -0.04461934119102179, 0.5401674232200336, -0.020589126830032084, -0.06945927754680697], [0.7794835084372411, 0.5092074010093209, 0.604696109083941, 0.3029812372594428, -0.0872041260886746, 0.1855351515477503, 0.15765238324412306, -0.21528100161533642, -0.1651323239975514, -0.6822133591620471, -0.35709350383870925, -0.6490057666306144, -0.01351596976709682]], "inverted": true, "swapped": true, "error_lsq": 0.0596299055698174, "error_max": 0.41115021657986833, "target": "819.xyz", "model": "21.xyz", "model_rescale": 4.08911054899281, "target_rescale": 3.927507883651388},
{"mapping": [5, 14, 9, 2, 11, 15, 10, 12, 1, 3, 4, 7, 6, 0, 16], "R": [[-0.760216602337558, -0.48510843599410297, 0.4321348433737955], [-0.08617729535842561, 0.734581031440161, 0.6730261376893295], [-0.6439287160043773, 0.47440543164646093, -0.6002460288325857]], "T": [0.06936899595713952, 0.01791519174064971, 0.1329361043675832], "aligned_model": [[-0.16536833149958347, -0.07360859446510676, -0.34623883121523324, 0.6455845540775327, 0.5178515653475046, 0.5421080694343791, -0.6334165695511105, -0.5815083977437705, 0.8184278024781231, -0.010324592535289334, 0.27183267252877313, -0.46530535291727815, -0.07401148904800106, 0.21883547830626182, 0.06360401732719191], [0.4733662853225571, 0.3502213321525941, 0.5964906816023091, -0.09771961356186287, 0.5299580418390946, 0.48975252781751283, 0.11898415930807793, 0.1023065864120509, -0.11197057817686654, -0.12239235752480143, -0.5014564408032459, -0.4347858033414571, -0.376829484928676, -0.726779366014664, -0.027474643030850784], [0.617901816971771, -0.397113538240191, 0.12468091891123836, -0.2864182228497554, 0.48303399764105803, -0.15928695185136735, 0.5163587457478757, -0.20500799886342677, 0.36105662604928823, -0.7204345928483453, -0.28605524738749133, 0.25533437934244346, 0.7487143155055618, 0.28515037598188264, 0.11981442942792256]], "inverted": false, "swapped": false, "error_lsq": 0.03887814176724585, "error_max": 0.2634484786946774, "target": "819.xyz", "model": "22.xyz", "model_rescale": 4.204369325754507, "target_rescale": 3.927507883651388},
{"mapping": [7, 14, 13, 10, 9, 11, 4, 12, 5, 3, 1, 0, 8, 6, 15], "R": [[-0.9179184609433458, -0.24390304149731118, 0.3129488862542262], [-0.05029816067476377, -0.710848158231732, -0.7015447177274522], [0.39356802981458666, -0.6597016009431201, 0.6402327729981879]], "T": [-0.011966059701446416, 0.03160415142577814, 0.07103244639792367], "aligned_model": [[-0.17242782313893662, 0.0374372463094121, -0.0849249686571254, 0.5435440494287718, 0.36011306808562465, 0.5267157113135205, -0.6660748388753398, -0.45534322668164673, 0.6949984398923462, -0.07605878470083367, -0.09293180370557333, -0.3239142944753545, 0.13366868832291828, 0.28119961047340847, 0.0224609269332018], [0.3217615608495871, 0.49219064740661417, 0.6986733743525702, 0.0650642262787568, 0.46658110159676414, 0.5014858102820461, -0.008006236846053567, 0.06415723211196742, -0.13810822278947735, -0.2352061446823878, -0.5750106549201419, -0.4960692949214673, -0.30414375239512, -0.6101353013975371, 0.018436982145650364], [0.6920688778351929, -0.5495788290003554, 0.039009098668339626, -0.4841188654004838, 0.5822682260942347, -0.019777124388844353, 0.3954361312793874, -0.24911759178393078, 0.47434566104776305, -0.7352757969971138, -0.17591380078797456, 0.38235750288617804, 0.7331019448523608, 0.3170158200498441, 0.05590779918386763]], "inverted": true, "swapped": false, "error_lsq": 0.04197423312980924, "error_max": 0.32678761010838103, "target": "819.xyz", "model": "23.xyz", "model_rescale": 4.410303926677745, "target_rescale": 3.927507883651388},
{"mapping": [6, 7, 13, 3, 5, 0, 14, 11, 4, 1, 10, 9, 15, 8, 16], "R": [[0.6698579125613163, 0.5989438663602363, 0.4388127413013979], [0.427351883352839, -0.7943047235157483, 0.4317989972143895], [0.6071743940366537, -0.10171652348572606, -0.7880310933435307]], "T": [0.01998460517128966, 0.0676437300297688, 0.10100160913121979], "aligned_model": [[-0.13839804449199397, -0.15278276438950403, -0.37588738118772, 0.7355329311129626, 0.4394905984333959, 0.5264183675635522, -0.5804605311218343, -0.4916224557704898, 0.6120273486662959, 0.09141896491312082, 0.07818143630154853, -0.2814559327935783, -0.11703621860147201, 0.2786337533193697, 0.10440192857074013], [0.5232558783482176, 0.49802739515751004, 0.6370676505292294, -0.14632715110427325, 0.23905104352703077, 0.5315437414266372, 0.07935620199744146, -0.12986457287889924, -0.26100629083532567, 0.0009340203133648001, -0.5320226514107379, -0.44502958477612015, -0.12696430887608806, -0.657022103684915, 0.050672059338699026], [0.6885648792137555, -0.3752884637115325, 0.21601636039527755, -0.4004543110680061, 0.537162460107964, -0.21317578474263987, 0.4132169936288035, -0.21517899129741969, 0.22493274586218653, -0.7515136672410956, -0.14556948830734845, 0.2977747220958143, 0.7738070757265794, 0.3902536011093718, 0.017180921766755036]], "inverted": true, "swapped": false, "error_lsq": 0.039749759540703304, "error_max": 0.22536869004736917, "target": "819.xyz", "model": "24.xyz", "model_rescale": 4.28219845311461, "target_rescale": 3.927507883651388},
{"mapping": [10, 9, 11, 3, 8, 1, 14, 13, 1, 7, 4, 2, 6, 0, 15], "R": [[-0.46897589799858047, -0.5935553242143023, -0.6540288099107558], [-0.40352858910772743, -0.5147055967285372, 0.7564673333786776], [-0.7856375022038802, 0.6186842698769501, 0.0018679768930837115]], "T": [-0.026708243497419612, 0.07977510617922567, 0.02099858529829121], "aligned_model": [[-0.17092993926515537, -0.004216734439758854, -0.2411144124057613, 0.5921724959353436, 0.3460230170101819, 0.6074606946458881, -0.625389901506766, -0.49887789069598243, 0.6074606946458881, -0.08288377231396005, 0.2423084365479785, -0.3696007066094784, 0.03193386294768337, 0.293611278888937, 0.0005048771393556424], [0.47955728906033107, 0.5218878783411547, 0.5680911611252764, 0.03902015072383158, 0.34163845150789585, 0.06361478577259533, 0.13421232648411502, -0.12627509681411114, 0.06361478577259533, -0.09989594226947446, -0.5364137903496569, -0.4590774754671699, -0.17463422635094505, -0.5711030610622303, 0.017434090597564067], [0.6911322492404744, -0.4897891520158233, 0.13079155622342664, -0.44308223613781317, 0.544873620724218, 0.10728879786736423, 0.48871803785856893, -0.2748317631242362, 0.10728879786736423, -0.73405679681732, -0.2663859005000583, 0.26766167208242936, 0.8835727153498802, 0.39423736546775023, 0.0503100894522402]], "inverted": false, "swapped": false, "error_lsq": 0.04478496920041559, "error_max": 0.42644691639361326, "target": "819.xyz", "model": "25.xyz", "model_rescale": 4.100010024507729, "target_rescale": 3.927507883651388},
{"mapping": [4, 5, 3, 1, 12, 11, 8, 7, 2, 6, 0, 14], "R": [[0.3700922350140609, 0.1320101448359967, 0.9195678654904577], [0.5572679258203408, 0.7604382417866711, -0.3334458565948777], [-0.7432928066611385, 0.6358513993762818, 0.20786726889299328]], "T": [0.1709885532466778, 0.11793698388492936, 0.059724433751716134], "aligned_model": [[-0.5317553164979317, -0.10276259996615514, 0.3016389237926764, 0.640136863176577, -0.5298243200744918, 0.1523224489594797, -0.285625079752445, 0.6145840813224362, 0.03539645308303144, -0.05162826173551513, -0.4331740957181588, 0.06745650577350373], [-0.29373409435329534, -0.5638149600903093, -0.33651412106147904, -0.34678353303151577, 0.48650466898112965, 0.731516243954218, 0.03170368845401314, 0.36312932568416734, -0.26171664105209996, 0.6246136662399955, 0.14135907294800076, 0.08986807337781423], [0.05152649379711607, 0.1855108363028059, 0.6929647270605528, -0.21929799506100003, 0.1064702987509645, 0.04891433225633271, 0.5390210752191088, -0.2561470293077243, -0.5744289182190845, -0.5801517744027811, -0.5049208860531823, 0.07573112951124783]], "inverted": true, "swapped": true, "error_lsq": 0.04363986050631912, "error_max": 0.2305028685317665, "target": "819.xyz", "model": "26.xyz", "model_rescale": 3.6694154284099745, "target_rescale": 3.927507883651388},
