[{"mapping": [9, 11, 10, 3, 1, 8, 12, 13, 6, 4, 2, 14], "R": [[-0.9134503699796728, -0.15249038129721676, -0.3772997550964331], [-0.37685159906379057, 0.6668969901264084, 0.6428306750952394], [0.15359457629442186, 0.7293799340344965, -0.6666435464030012]], "T": [-0.012480885365597792, -0.028427489344746988, 0.032676179360178914], "aligned_model": [[-0.17990596513699364, 0.11799921570923635, 0.43992523551108625, -0.2926792982118721, -0.03604501836932463, -0.5855638958173873, 0.40918919103659285, -0.14063540164626856, 0.6850451395499807, 0.09328331423769093, -0.7042284596542097, 0.0312584052520176], [-0.21052762040558154, -0.7333584468924212, -0.3674067608637043, 0.4942516959434246, 0.34853005965463274, -0.4761476420981366, -0.35793781647007417, -0.5223528514837211, 0.12362145390536894, 0.538817846315962, 0.22780417322124363, -0.01173905484993551], [-0.620889058108786, -0.10912293350155977, -0.4917319696804569, -0.0008467919343150276, -0.6663465103287702, 0.05863180330395238, 0.38970330166074835, 0.7047773017989667, 0.021358764389294432, 0.4650687093884868, 0.3754987500756005, 0.0558503782904015]], "inverted": true, "swapped": true, "error_lsq": 0.04537338943202446, "error_max": 0.25113884341886133, "target": "82.xyz", "model": "0.xyz", "model_rescale": 3.751011558992144, "target_rescale": 4.330261163729108},
{"mapping": [9, 13, 11, 12, 7, 6, 0, 3, 10, 5, 2, 8, 1, 4, 14], "R": [[-0.05827942206909911, -0.27014707226544343, 0.9610536240552352], [0.9805594442443043, -0.19617473329207746, 0.004318601750996132], [0.1873677807591081, 0.9426218931067705, 0.27632821312565103]], "T": [-0.0454849913269456, 0.01891465717246918, 0.016531051940250084], "aligned_model": [[-0.46718560846662927, 0.10263297284677127, -0.5134318880537461, 0.07863209424123645, 0.2567299710771607, -0.25737984610868747, 0.6836011930584451, 0.5869880205221368, -0.857720755140167, -0.20537378690209712, 0.493787980847902, 0.004297523969758799, 0.22296682588785155, -0.42607276785695875, -0.0606053291252741], [0.13412845067895313, 0.3013229475421503, -0.5659787317877197, -0.4414520097540554, -0.5696284356574471, -0.6317066641462559, -0.06065263486975561, -0.06730572901210229, 0.07885595735824324, 0.5737894528364885, 0.6201709561847467, 0.5582317762267139, -0.23193926507858662, 0.1712713662683694, -0.00569209707629615], [-0.4765044362592802, -0.6360092338046887, -0.2585260590768954, -0.5532343253250187, 0.06080483852469903, 0.32559125971964303, 0.21045603814601094, -0.4029326816548117, 0.11210224343461461, -0.22145126081000563, -0.16070784437732782, 0.4000372427711622, 0.6087231499634934, 0.6929291207275702, -0.030048938115274794]], "inverted": true, "swapped": false, "error_lsq": 0.04598062473617063, "error_max": 0.35301760943737664, "target": "82.xyz", "model": "1.xyz", "model_rescale": 3.9405287249114394, "target_rescale": 4.330261163729108},
{"mapping": [2, 8, 0, 12, 11, 3, 5, 13, 10, 7, 6, 4, 14], "R": [[-0.1682751616767525, 0.39904523737759906, 0.9013580689653354], [-0.9002879542840516, -0.4346140879068067, 0.024335035729826482], [0.4014536951302107, -0.8073868299143789, 0.43239037633498456]], "T": [-0.0686001387440841, -0.10749314271798158, -0.06243673370203544], "aligned_model": [[-0.35744184730862516, 0.20539251172268597, -0.3535555564990633, 0.45500184907635155, 0.5568111896344093, -0.6242172401624867, 0.0527910936279046, 0.5742820298391519, 0.17533145928031935, -0.6721623617503277, -0.038161541657514716, -0.4129113956774014, -0.06517691084147248], [0.6458388057298889, 0.4378848314139957, 0.2616802285712809, -0.2885539762614346, -0.2432300582562952, 0.08911081007557681, 0.3957369305428725, 0.35425250228478644, -0.730566495666938, -0.557481509382403, -0.736171061430412, -0.033548910357114464, -0.136119503691787], [0.041284668470767116, -0.4587220593024286, -0.5600235654942132, 0.26453269603189755, -0.41527644262089974, 0.011488859003402144, 0.48274169255765936, 0.23013674224788966, -0.44565876312707237, 0.14007563870152984, 0.27464943746260373, 0.5667680387054831, -0.018876593047974975]], "inverted": false, "swapped": true, "error_lsq": 0.039302368122021, "error_max": 0.2467343096429458, "target": "82.xyz", "model": "2.xyz", "model_rescale": 3.932901565614263, "target_rescale": 4.330261163729108},
{"mapping": [13, 11, 8, 12, 2, 3, 0, 4, 6, 7, 9, 10, 1, 14], "R": [[-0.224342709242978, 0.9375262661315418, -0.2659226374774627], [0.5959315248791046, 0.34789264413985693, 0.7237653803606827], [0.7710615840935052, 0.0038998034345723576, -0.6367486357020217]], "T": [-0.016438009443986424, -0.0673601994666108, -0.010360471040980188], "aligned_model": [[-0.28507474146949385, 0.45944210285205217, 0.29636153112935765, -0.20245099162848673, -0.3256250197964072, -0.22488954775794062, 0.33492416430038735, -0.6966830375744629, -0.20221665099540206, -0.2197920401883255, 0.6491130108752102, 0.5262842966283752, 0.36210230260504805, -0.05168546692720828], [0.14677991867075552, 0.3599765212782623, -0.3510237838388922, 0.5044412290890411, -0.7435904126583511, -0.5629322861966015, -0.6466195481260408, -0.18409429765940796, 0.4663978603110179, -0.12789318789194126, -0.216703139485528, 0.4147254236729663, -0.36197308486078, -0.03399457395401158], [-0.7811289694900918, -0.3638871969303871, -0.6030176947230081, -0.2390379116293329, -0.34022828975542496, 0.24219592647869864, -0.08836337612952615, 0.19834144268699117, 0.4259629759858328, 0.7398202029585583, 0.14155286055068167, 0.24969356557460698, 0.623039452171323, 0.00895337530817604]], "inverted": false, "swapped": true, "error_lsq": 0.04374077306982589, "error_max": 0.27663813599346426, "target": "82.xyz", "model": "3.xyz", "model_rescale": 3.9243930471874484, "target_rescale": 4.330261163729108},
{"mapping": [5, 2, 13, 12, 11, 4, 6, 8, 9, 1, 10, 7, 14], "R": [[0.3189595402927793, -0.6363984940862875, -0.702325970174053], [0.4196263499177936, -0.569616260566107, 0.706718502767088], [-0.8498108837328977, -0.5201290920756027, 0.08536503655315195]], "T": [-0.011613428510637028, -0.0332576669799492, -0.10523922514986372], "aligned_model": [[-0.06787830099541704, -0.2975598140779614, 0.5069542061933379, 0.36533911852854895, 0.6922653821546899, -0.5462418220299813, -0.11436776172641634, 0.39522731761153096, 0.12329232236914882, -0.4258211504829663, 0.33021390425240266, -0.6603009222631278, -0.023916593222436493], [-0.52670730308473, 0.052960510301806006, -0.47231119265745736, -0.5366401817925456, 0.06886044062778762, -0.4957865599597511, -0.4294524504072588, 0.3055807925147213, 0.6135864520523718, 0.5231523436276168, 0.17151170143277883, -0.06858856507833044, -0.07833643389542186], [-0.6696305567117893, -0.8618750536133563, -0.6056644163806836, 0.030274228555337873, 0.06264827316056867, -0.2472115491170377, 0.4797913390516968, -0.604458888350695, 0.12220804071534241, 0.2822202513970287, 0.5549166139081547, 0.3257415299178619, -0.08188949716146562]], "inverted": true, "swapped": true, "error_lsq": 0.04405382717354666, "error_max": 0.2565261783937364, "target": "82.xyz", "model": "4.xyz", "model_rescale": 3.8936222436046832, "target_rescale": 4.330261163729108},
{"mapping": [11, 8, 9, 10, 0, 2, 5, 4, 6, 12, 1, 14], "R": [[-0.9297084416212866, -0.17622962324713543, -0.32339655760117736], [-0.3529086865137758, 0.17511477095341843, 0.9191247336336095], [-0.10534549141392052, 0.9686474781281913, -0.22499864567293532]], "T": [-0.049405900199374145, -0.013032662500208665, 0.0246851869590932], "aligned_model": [[0.07115028394336755, -0.634034830839603, -0.1846272511051411, 0.42293338331511676, -0.6267951393058571, -0.7525813430373097, -0.278121786024436, 0.046207019428711416, 0.6512419406924485, 0.34335417294141723, -0.02455458130363898, -0.006623826489978224], [-0.5358226760936311, -0.3740918862576102, 0.19485769843146938, -0.03834892532721726, 0.2193256808850327, 0.052872963379227964, -0.32448023123206143, 0.22524797779453185, 0.08522453629183734, -0.5040949441014226, 0.6819686126789466, -0.013735901339295671], [-0.47151689712146216, -0.21489030607489856, -0.6286416216042874, -0.5842785554689179, -0.2540844135594616, 0.4282907264336573, 0.6695768909623215, 0.6984782878674936, 0.12074582613454271, 0.1605102053045568, -0.359555131409894, 0.054649707811867995]], "inverted": true, "swapped": true, "error_lsq": 0.047235383949721994, "error_max": 0.23330273580827932, "target": "82.xyz", "model": "5.xyz", "model_rescale": 3.6523030999806103, "target_rescale": 4.330261163729108},
{"mapping": [2, 5, 4, 3, 7, 8, 12, 0, 11, 10, 6, 1, 14], "R": [[0.24002095374532356, -0.39546943138255886, -0.8865629535487825], [0.8919342825794168, -0.2706615884273588, 0.3622092490667791], [-0.383201223018307, -0.8776937013514078, 0.2877682909657336]], "T": [0.0032643079615460036, -0.03945345752884383, 0.012463728062364454], "aligned_model": [[0.24512204587863676, -0.1332896392548896, 0.3621164062815203, 0.5468420089805015, 0.6413498562985614, -0.3186747128336872, -0.496452856110268, 0.2470884713162477, -0.6229365997798976, -0.21140474445771087, 0.025157942985761406, 0.593023675563667, 0.0031410497958516345], [-0.492822154970032, 0.028120262121799494, 0.348316515700517, -0.1562576371793095, 0.3721974381620193, -0.6802545317136208, 0.35858784280117767, -0.6735419618177809, -0.16356002071604936, 0.11778370297103419, 0.6351166139343121, -0.16494590002489448, 0.0120867348940107], [0.6430653021307682, 0.7486584484333403, 0.5031533001584994, 0.22152959679903342, -0.1641106790028525, 0.13607771059410412, 0.08794189866224275, -0.047225210971343426, -0.3432463845456523, -0.7112598550809455, -0.22048563959345752, -0.5049534324703449, 0.020964684368397213]], "inverted": false, "swapped": true, "error_lsq": 0.04641925839537131, "error_max": 0.23816491822477628, "target": "82.xyz", "model": "6.xyz", "model_rescale": 4.08911054899281, "target_rescale": 4.330261163729108},
{"mapping": [2, 3, 7, 6, 4, 5, 8, 3, 13, 1, 9, 11, 10, 12, 14], "R": [[-0.9636292838231052, -0.2525300976426357, -0.08744800251103586], [0.14911403203024237, -0.7796272211946865, 0.6082321936760133], [-0.221773778455103, 0.5730706289427616, 0.7889274018773176]], "T": [-0.06382274869419666, -0.0023667800041813434, 0.010282858083486585], "aligned_model": [[-0.6105503834374543, 0.4977819031215085, -0.6327415535529147, -0.0856367362315803, 0.38568849962162577, -0.11842131816800396, 0.5964010869358147, 0.4977819031215085, -0.7368346659597718, -0.24942925110926062, 0.4235783633819171, -0.07673848683094571, 0.19357867898505052, -0.44757030258419284, 0.004978863504402034], [0.09689211592394299, -0.0947152593422625, -0.4946751226642517, -0.21897672205061608, -0.5428901691431611, -0.6907781155659506, 0.015791983963010493, -0.0947152593422625, 0.23856473435253256, 0.638369833548559, 0.5968033088311624, 0.41623305099356717, -0.08643495375220096, -0.06408973914435924, 0.14803565310573624], [-0.573991142945506, -0.5397384230399603, -0.17207079217576507, -0.43887997364664944, -0.04093816429518862, 0.33216802217901165, 0.18035260684017523, -0.5397384230399603, 0.16808490800654255, -0.2945988848425344, -0.12385389489571866, 0.4215472841577532, 0.6780791935730888, 0.6077190548523311, 0.007087743136270877]], "inverted": false, "swapped": false, "error_lsq": 0.050195704705879765, "error_max": 0.47596376273519286, "target": "82.xyz", "model": "7.xyz", "model_rescale": 3.964800864290218, "target_rescale": 4.330261163729108},
{"mapping": [1, 10, 9, 7, 0, 6, 3, 11, 12, 5, 4, 2, 8, 14], "R": [[-0.5847612727844831, 0.6442269846043177, 0.49297651684344956], [-0.7832185733708185, -0.29012238845867033, -0.5499069612598269], [-0.2112413789446842, -0.7076726588067854, 0.6742228769471441]], "T": [0.055490810739490665, -0.05097968069981012, 0.11880152899494507], "aligned_model": [[-0.26715005743328857, 0.29715924579128417, 0.30701844361040165, -0.6532656371896771, 0.1925539593025061, -0.2652636769309229, -0.37813950873091073, 0.7117739839015397, 0.25035239245949026, -0.012695751028824837, -0.5416495570209873, -0.03701547511687245, 0.6302776286672664, 0.02723189917986795], [0.0909816338368773, -0.5556986923192766, 0.08775754269194802, -0.19389321565890344, 0.545830060176475, -0.6869115713520794, 0.35279940705243396, -0.34977242098457606, -0.5541597948772158, 0.12900914419029724, -0.02542233575546573, 0.6706794196280543, 0.3896327828149395, -0.08988349326230614], [-0.593262258998477, -0.4117050575013244, -0.5182423999805987, -0.17279436808592585, -0.1813868282928517, 0.0688344443256427, 0.07690086993744517, 0.0001634445893525932, 0.46907258366473686, 0.8455411454318134, 0.5221460964321588, 0.4825973734166193, 0.1897376791318159, 0.1392123146546143]], "inverted": false, "swapped": true, "error_lsq": 0.04464670075629805, "error_max": 0.2726527304679669, "target": "82.xyz", "model": "8.xyz", "model_rescale": 4.121658175737393, "target_rescale": 4.330261163729108},
{"mapping": [4, 6, 12, 13, 7, 3, 10, 0, 11, 1, 2, 8, 14], "R": [[0.3712644024590759, -0.7758875506011035, -0.5100600477286235], [0.7014734490442956, 0.5942780953135997, -0.3934063366499581], [0.6083565925940191, -0.21173581239993472, 0.7648988181418077]], "T": [-0.02191110814194304, -0.010475137397165928, -0.060005926720241506], "aligned_model": [[-0.6567950374396097, -0.18959260928585375, 0.23048041773433975, 0.3548613183758682, -0.6406085842100631, -0.5232605358760137, 0.3877805259240434, 0.02067161906034197, 0.6928516623637884, -0.27459277499647955, -0.31262362483029893, 0.43107239936483993, -0.04350727974970589], [0.20668625624992643, -0.4445777217906166, 0.07041386950861014, 0.6639650445457179, -0.48273706893635654, 0.06272859358069824, -0.6545556722718695, 0.07118179789057419, -0.11522615062990935, -0.6039571153021376, 0.6372392141568579, 0.3985978796361138, -0.019371487225899243], [-0.3239755503507723, -0.6015106643326469, -0.6461855590012806, -0.3995331594828849, -0.10439341680341495, 0.25002380730720597, -0.16907095813863576, 0.6157159684506942, -0.17046454892620938, 0.4039079660976236, 0.3370444955929874, 0.33624699140965364, -0.1067299378632311]], "inverted": true, "swapped": true, "error_lsq": 0.03862454722883743, "error_max": 0.2470621481399262, "target": "82.xyz", "model": "9.xyz", "model_rescale": 3.833441315466971, "target_rescale": 4.330261163729108},
{"mapping": [9, 3, 13, 2, 5, 0, 6, 4, 8, 9, 7, 11, 12, 10, 14], "R": [[-0.23187199803998096, 0.0867136596458829, -0.9688736335331689], [0.3942929468282892, 0.9189048640231687, -0.012121177996628762], [0.8892516227741232, -0.3848306018307017, -0.24725889122174954]], "T": [0.07611660100105981, -0.060608289936550264, 0.11269837516877368], "aligned_model": [[-0.3480837374792996, 0.27079920167774635, -0.4204457192028517, -0.2502760032683008, 0.14911389805979514, -0.1392426612251546, 0.7463832340590857, 0.7054512199118492, -0.6171508282061929, -0.3480837374792996, 0.15402953587636375, -0.07584057085390543, 0.3129883709620518, -0.55419389162879, 0.056418289594605486], [0.3401790928353418, 0.24643737769306995, -0.6399865392294626, -0.22166774035577247, -0.643967932439022, -0.6282477713217063, -0.07509608877320961, -0.19524815923549843, 0.2939545258785022, 0.3401790928353418, 0.5802671470614877, 0.5117446613980177, 0.003290826599040661, -0.033478282892400825, -0.014944870340283398], [-0.450625397786638, -0.6760623570759768, -0.11845795248557131, -0.5071225475472617, -0.22166388883318844, 0.4212899645710745, 0.22115256982643344, -0.35817594259108526, 0.0777006092628163, -0.450625397786638, -0.05198989282110647, 0.4513105398410149, 0.6629971347642235, 0.6396962775539453, 0.031805394971848366]], "inverted": false, "swapped": false, "error_lsq": 0.04915434239943225, "error_max": 0.33203505452147347, "target": "82.xyz", "model": "10.xyz", "model_rescale": 4.2482417240324, "target_rescale": 4.330261163729108},
{"mapping": [10, 11, 8, 13, 1, 3, 0, 5, 12, 4, 6, 14], "R": [[0.6588687905575298, 0.5984849842263779, -0.455749537009979], [-0.13035797381229558, 0.6875120343769217, 0.714376652229382], [0.7408769907972651, -0.4112698946463974, 0.5309975124845036]], "T": [-0.049238076410583545, 0.10229557924599732, -0.020001287124866315], "aligned_model": [[-0.6781417106180899, -0.13637110466015445, 0.33490654534333714, 0.6533581792967083, -0.6787958591776437, -0.00571532412981933, -0.017611584264540417, 0.6467409035411784, 0.07829722671234444, 0.17889303004350565, -0.44389181731529037, -0.05490288240852877], [-0.3436714655726242, -0.6133145857383688, -0.18414031346255116, -0.33904255872485184, 0.46913695098767805, 0.6790068213074879, 0.2822295694503984, 0.23347620770612615, -0.32208558349019384, 0.6259832715513701, 0.07116832257725095, 0.10738475345891745], [-0.03325893860520736, 0.09987209296038727, 0.5276651765280664, -0.17390031775613923, 0.2968099957359482, 0.11541800327827179, 0.6370411373148577, -0.2721931913803814, -0.4863557126914267, -0.46002859987572525, -0.6141974156395401, -0.07167994001475454]], "inverted": true, "swapped": true, "error_lsq": 0.046223869215449166, "error_max": 0.2762837806650132, "target": "82.xyz", "model": "11.xyz", "model_rescale": 3.6694154284099745, "target_rescale": 4.330261163729108},
{"mapping": [8, 13, 12, 5, 2, 9, 0, 1, 4, 7, 6, 3, 11, 14], "R": [[0.3452818937124782, 0.9054280006707935, 0.24694240112952362], [-0.5814281488124027, 0.41292046580542285, -0.7010263880109046], [-0.7366964922156938, 0.09847245564279494, 0.6690152866988693]], "T": [-0.034267021291065104, 0.07669281777121914, -0.010972658840875012], "aligned_model": [[0.010086514544440352, 0.09226145920399026, -0.27722586713455055, 0.5181011365441106, 0.694067299488307, -0.4165995439699279, 0.13172507206752385, -0.16661137655533426, 0.5039743110802881, 0.06717501338095203, -0.325609301650635, 0.43107043949330476, -0.6292465809091071, -0.03490372532755236], [-0.34517031625178374, 0.4176407506050598, 0.613670991273473, 0.43125752595116507, -0.18602457262769936, -0.49785900817318884, -0.582085814803533, -0.3988236307745846, 0.47273489872078167, 0.1771055359874272, 0.5867057228080276, -0.128442231257599, 0.045067830445258, 0.1252096062334509], [-0.6022555238686835, -0.7724520170054096, -0.2688030594574045, -0.3775366236723304, -0.2603827155432334, 0.0988051900297392, -0.07045846853818616, 0.6116460540194766, 0.25988445296364554, 0.7554573430328163, 0.394978117522996, 0.29596239968159005, -0.43412615806699467, 0.008376468554393647]], "inverted": true, "swapped": true, "error_lsq": 0.04782054620768027, "error_max": 0.267263168923797, "target": "82.xyz", "model": "12.xyz", "model_rescale": 3.9764082729961374, "target_rescale": 4.330261163729108},
{"mapping": [7, 2, 3, 8, 11, 14, 12, 1, 4, 0, 9, 5, 13, 6, 15], "R": [[0.06117748148154001, -0.9707567124191829, 0.23213944312131812], [0.41541376443556777, -0.1867115092565932, -0.8902641274524072], [0.9075729833335975, 0.15089803711190208, 0.3918431603572131]], "T": [0.04278914031661027, 0.001401971149269144, 0.021050514919523172], "aligned_model": [[-0.5016307831575518, 0.10846247531406868, -0.4725494021364316, 0.10955955082115386, 0.1490602283145478, -0.28476181050884397, 0.6357223224464948, 0.5535325723717152, -0.5803882643812308, -0.16700762210011513, 0.2890531185228129, -0.06442508274510722, 0.2478689574137215, -0.31835847260061434, -0.062271186776916454], [0.1331655790956549, 0.15620242467701784, -0.5908141966729622, -0.4518486893484394, -0.7853482783423114, -0.6145280889332744, 0.0770183947794298, 0.0726059286089088, 0.34936849712522244, 0.5939722496894468, 0.5477795470250669, 0.7189658306003445, -0.28789985587832495, -0.033221270598226646, -0.022002732114107356], [-0.4861762563261681, -0.7586823538015757, -0.2825110843415437, -0.5172415876493278, 0.004461376000302358, 0.41111278594188794, 0.24449163234194674, -0.3496160755841987, 0.10125613101663491, -0.34220382706765473, -0.02716487822171279, 0.4410875654491969, 0.5197761586203563, 0.6933840917356126, 0.019255435750134525]], "inverted": false, "swapped": false, "error_lsq": 0.045285751169196725, "error_max": 0.3267188967320027, "target": "82.xyz", "model": "13.xyz", "model_rescale": 4.170626492500431, "target_rescale": 4.330261163729108},
{"mapping": [12, 5, 6, 4, 10, 1, 7, 13, 11, 2, 8, 3, 9, 14], "R": [[-0.4313521437150545, 0.6556874733141784, 0.6196848113769575], [0.3076615985064165, 0.7526071013505427, -0.5821742795771817], [-0.8481035720458343, -0.060468903873002855, -0.5263685427032032]], "T": [-0.0008875633386788012, 0.042447772306240805, 0.08324659652795573], "aligned_model": [[0.3030277788546797, -0.06984570848511985, -0.19468212316886463, -0.5729896452143823, 0.3096439119131653, -0.37652221527409585, -0.6810597592169886, 0.500609815506879, 0.6947466954862559, -0.21460997348000938, 0.48056298047666735, -0.50577990883029, 0.19023521785329967, -0.0201540443295527], [-0.2308321819401512, -0.703374163327906, 0.17466956858518895, -0.37117727717238613, 0.6422846721765201, 0.721919795925132, 0.3383309647176253, -0.6358780100741368, 0.2132714750840339, -0.4198436363616311, -0.07879437469573228, 0.019958183017310505, 0.6583932095596325, 0.027146242432166505], [-0.413547733612877, 0.14797888317696156, -0.5911053780584772, -0.06348500582179374, -0.28870507766959863, 0.25207005519533643, -0.15676812917152783, 0.061331438307869565, -0.06157032448724804, 0.7175226179119397, 0.6152774998734046, 0.3953465945047007, 0.3523607647407556, 0.03716689623142095]], "inverted": false, "swapped": true, "error_lsq": 0.039138074681030074, "error_max": 0.25461211995489536, "target": "82.xyz", "model": "14.xyz", "model_rescale": 3.9786697098870705, "target_rescale": 4.330261163729108},
{"mapping": [6, 5, 10, 1, 12, 11, 2, 8, 9, 3, 13, 14], "R": [[-0.2194211865471303, -0.8683556988364141, 0.4447614227791934], [0.33054153632771843, -0.49507582494492763, -0.8035186496387069], [0.9179306268212, -0.029296891531736424, 0.39565775171253326]], "T": [0.031817881450325054, -0.08661932384964903, -0.06281272197979815], "aligned_model": [[0.12583354801246097, -0.7130839042716569, 0.683138932275386, 0.6221268409110162, -0.17324314500731813, 0.33837787022506005, -0.46661583447597066, 0.006476467872981756, 0.6722696086941, -0.09215236307824953, -0.5329671500464718, 0.013193725655998273], [-0.1833279035226234, -0.017500655542369167, 0.15916307289931786, -0.6120615455761427, 0.3462231394659326, 0.5761089005593119, -0.31131384376680715, 0.31010849139246305, -0.0698685753909458, -0.6233276406013235, 0.5347211945430815, -0.0942501442354557], [-0.7639532396495029, 0.011617068491107552, -0.3944059271377287, 0.019228650628003885, -0.4922873457383298, -0.09234192698325788, 0.53949358711429, 0.5467084177975172, 0.2162573985871204, 0.15945745618317342, 0.021208647869443598, -0.11101629328800686]], "inverted": true, "swapped": true, "error_lsq": 0.05717348354456653, "error_max": 0.3273294421139326, "target": "82.xyz", "model": "15.xyz", "model_rescale": 3.769337070930944, "target_rescale": 4.330261163729108},
{"mapping": [12, 11, 4, 5, 6, 10, 7, 9, 3, 2, 14], "R": [[0.6536772039383991, 0.3502126786254106, -0.6708630208778027], [0.32386570199005826, -0.9306562673030827, -0.17026426285036889], [-0.6839715784488146, -0.1059716559250989, -0.7217706616472639]], "T": [-0.04683446382796285, -0.01949523284075507, 0.036834783151421864], "aligned_model": [[-0.31229765609773763, -0.19412294930875165, -0.10016789364612169, -0.6668162510031301, 0.3069585706158703, 0.4035625668728298, 0.5779673580831186, 0.3306297385068936, 0.10082661273527588, -0.4832608661787461, -0.040653099888330026], [-0.07840728724382884, -0.681607365324261, 0.6962899478859834, 0.4053023469372072, 0.16679195129273458, -0.5381459955867437, 0.44482117092182016, -0.5266338329056788, 0.38349640855644085, 0.3135613125392607, 0.010595840552408031], [-0.5461830025716595, -0.23514559510567845, -0.03189481081404253, 0.01771792734866382, -0.5547031228751218, -0.3134880002146486, -0.005839666858566621, 0.33461045538909084, 0.44747137958635796, 0.637086413168469, -0.005414369829086961]], "inverted": false, "swapped": true, "error_lsq": 0.041287615769464096, "error_max": 0.2217623512996345, "target": "82.xyz", "model": "16.xyz", "model_rescale": 3.7852294659196426, "target_rescale": 4.330261163729108},
{"mapping": [5, 8, 11, 13, 2, 0, 1, 9, 12, 6, 7, 10, 14], "R": [[0.6710840727533098, 0.32660284595204064, 0.6655649842899326], [0.7167384075625829, -0.056272789753651464, -0.6950679306787175], [-0.18955796586132503, 0.9434850047294705, -0.27185257664614426]], "T": [-0.0145476155234993, 0.11065417968658722, -0.062921667576267], "aligned_model": [[-0.14691906064182342, -0.3597984193792922, 0.36704717566842, 0.13114620975355856, -0.7122828256805084, -0.6059621934080733, -0.25571755505397753, -0.16296670153471787, 0.5368043064005312, 0.5620604608094582, 0.0007563160867104651, 0.4783528064866825, 0.021245330709314315], [-0.28589955678901524, -0.46093634957710317, -0.29559349642352273, -0.6690100301810287, -0.144098758825252, 0.07827835376291783, 0.7581650241973747, 0.2569613758113324, -0.16615723605021324, 0.49915468163336807, 0.8687158997653864, 0.307778713292869, 0.12769700308576026], [-0.6877566769943031, 0.2262795007431198, 0.4097388248326995, -0.35102371775705343, -0.3945286687903218, 0.27510470167817885, 0.3293177354923212, 0.6040904117494419, -0.2452334153654901, -0.22534089905559024, -0.2442952223699995, 0.4963396700281916, -0.0969375470480207]], "inverted": false, "swapped": true, "error_lsq": 0.04454999315174124, "error_max": 0.2818133263567907, "target": "82.xyz", "model": "17.xyz", "model_rescale": 3.901054581598922, "target_rescale": 4.330261163729108},
{"mapping": [9, 13, 11, 12, 7, 6, 0, 3, 10, 5, 2, 8, 1, 4, 14], "R": [[-0.05827942206909911, -0.27014707226544343, 0.9610536240552352], [0.9805594442443043, -0.19617473329207746, 0.004318601750996132], [0.1873677807591081, 0.9426218931067705, 0.27632821312565103]], "T": [-0.0454849913269456, 0.01891465717246918, 0.016531051940250084], "aligned_model": [[-0.46718560846662927, 0.10263297284677127, -0.5134318880537461, 0.07863209424123645, 0.2567299710771607, -0.25737984610868747, 0.6836011930584451, 0.5869880205221368, -0.857720755140167, -0.20537378690209712, 0.493787980847902, 0.004297523969758799, 0.22296682588785155, -0.42607276785695875, -0.0606053291252741], [0.13412845067895313, 0.3013229475421503, -0.5659787317877197, -0.4414520097540554, -0.5696284356574471, -0.6317066641462559, -0.06065263486975561, -0.06730572901210229, 0.07885595735824324, 0.5737894528364885, 0.6201709561847467, 0.5582317762267139, -0.23193926507858662, 0.1712713662683694, -0.00569209707629615], [-0.4765044362592802, -0.6360092338046887, -0.2585260590768954, -0.5532343253250187, 0.06080483852469903, 0.32559125971964303, 0.21045603814601094, -0.4029326816548117, 0.11210224343461461, -0.22145126081000563, -0.16070784437732782, 0.4000372427711622, 0.6087231499634934, 0.6929291207275702, -0.030048938115274794]], "inverted": true, "swapped": false, "error_lsq": 0.04598062473617063, "error_max": 0.35301760943737664, "target": "82.xyz", "model": "18.xyz", "model_rescale": 3.9405287249114394, "target_rescale": 4.330261163729108},
{"mapping": [0, 1, 4, 12, 14, 13, 10, 3, 7, 6, 2, 5, 11, 9, 15], "R": [[0.7792496628047241, -0.5156378064942778, 0.35621287951517716], [0.3673116159738607, -0.08476247125739014, -0.9262275639587778], [0.5077914333556599, 0.8526036453007402, 0.1233486288148137]], "T": [-0.09873176644177958, -0.0727892217197759, -0.05934685011128096], "aligned_model": [[-0.4793736489787783, 0.12559959382494104, -0.69218324470787, -0.03310362766790065, 0.4321961341749082, -0.1572536837050291, 0.6499456988080666, 0.5967427753487947, -0.7412648335151814, -0.12409929040423875, 0.4331664677508543, -0.10049131675678122, 0.20184274755081436, -0.40183558535619535, -0.06802158556870232], [0.22518477215442523, 0.20070106083208483, -0.31467958630701304, -0.4898093946988271, -0.6049635730809195, -0.5909215751630429, 0.022995849215202077, -0.24362741463735055, -0.12697891593448846, 0.6453321209382881, 0.6114553251651272, 0.6315554915580861, -0.1067593321092881, 0.0526756731895225, -0.048745161408359994], [-0.5482205701958225, -0.6164805235955041, -0.4114397683583314, -0.40852615210238075, 0.12678478657708103, 0.36426133546489736, 0.16022389056145286, -0.5203870527355353, 0.22321338010434286, -0.2641435335297728, 0.005606606564084016, 0.3824201378123113, 0.5946517699469397, 0.634480565073094, -0.05121575772296596]], "inverted": false, "swapped": false, "error_lsq": 0.04688737591388152, "error_max": 0.3492702560392535, "target": "82.xyz", "model": "19.xyz", "model_rescale": 4.410303926677745, "target_rescale": 4.330261163729108},
{"mapping": [1, 10, 9, 7, 0, 6, 3, 11, 12, 5, 4, 2, 8, 14], "R": [[-0.5847612727844831, 0.6442269846043177, 0.49297651684344956], [-0.7832185733708185, -0.29012238845867033, -0.5499069612598269], [-0.2112413789446842, -0.7076726588067854, 0.6742228769471441]], "T": [0.055490810739490665, -0.05097968069981012, 0.11880152899494507], "aligned_model": [[-0.26715005743328857, 0.29715924579128417, 0.30701844361040165, -0.6532656371896771, 0.1925539593025061, -0.2652636769309229, -0.37813950873091073, 0.7117739839015397, 0.25035239245949026, -0.012695751028824837, -0.5416495570209873, -0.03701547511687245, 0.6302776286672664, 0.02723189917986795], [0.0909816338368773, -0.5556986923192766, 0.08775754269194802, -0.19389321565890344, 0.545830060176475, -0.6869115713520794, 0.35279940705243396, -0.34977242098457606, -0.5541597948772158, 0.12900914419029724, -0.02542233575546573, 0.6706794196280543, 0.3896327828149395, -0.08988349326230614], [-0.593262258998477, -0.4117050575013244, -0.5182423999805987, -0.17279436808592585, -0.1813868282928517, 0.0688344443256427, 0.07690086993744517, 0.0001634445893525932, 0.46907258366473686, 0.8455411454318134, 0.5221460964321588, 0.4825973734166193, 0.1897376791318159, 0.1392123146546143]], "inverted": false, "swapped": true, "error_lsq": 0.04464670075629805, "error_max": 0.2726527304679669, "target": "82.xyz", "model": "20.xyz", "model_rescale": 4.121658175737393, "target_rescale": 4.330261163729108},
{"mapping": [2, 5, 4, 3, 7, 8, 12, 0, 11, 10, 6, 1, 14], "R": [[0.24002095374532356, -0.39546943138255886, -0.8865629535487825], [0.8919342825794168, -0.2706615884273588, 0.3622092490667791], [-0.383201223018307, -0.8776937013514078, 0.2877682909657336]], "T": [0.0032643079615460036, -0.03945345752884383, 0.012463728062364454], "aligned_model": [[0.24512204587863676, -0.1332896392548896, 0.3621164062815203, 0.5468420089805015, 0.6413498562985614, -0.3186747128336872, -0.496452856110268, 0.2470884713162477, -0.6229365997798976, -0.21140474445771087, 0.025157942985761406, 0.593023675563667, 0.0031410497958516345], [-0.492822154970032, 0.028120262121799494, 0.348316515700517, -0.1562576371793095, 0.3721974381620193, -0.6802545317136208, 0.35858784280117767, -0.6735419618177809, -0.16356002071604936, 0.11778370297103419, 0.6351166139343121, -0.16494590002489448, 0.0120867348940107], [0.6430653021307682, 0.7486584484333403, 0.5031533001584994, 0.22152959679903342, -0.1641106790028525, 0.13607771059410412, 0.08794189866224275, -0.047225210971343426, -0.3432463845456523, -0.7112598550809455, -0.22048563959345752, -0.5049534324703449, 0.020964684368397213]], "inverted": false, "swapped": true, "error_lsq": 0.04641925839537131, "error_max": 0.23816491822477628, "target": "82.xyz", "model": "21.xyz", "model_rescale": 4.08911054899281, "target_rescale": 4.330261163729108},
{"mapping": [6, 5, 7, 10, 12, 13, 15, 9, 0, 8, 11, 1, 2, 4, 16], "R": [[0.06179022117803688, 0.47350438917925597, 0.8786213985527264], [-0.9971234078595387, -0.009430385291929952, 0.07520623200125007], [0.04389621926031184, -0.8807409728525324, 0.4715596045818866]], "T": [0.03535839940018462, -0.03861008528968812, 0.024294894032772553], "aligned_model": [[-0.5589697643034622, 0.27037361898802725, -0.4843933912095323, -0.07399142829413899, 0.16288155787982914, -0.22402531060353467, 0.6247731322475468, 0.5356707823336857, -0.6968092864482821, -0.10850092732196467, 0.4397964632023108, -0.08691618835134494, 0.13037657708368275, -0.2852718176966029, -0.003127416708516906], [0.1610457852683414, 0.12110688542788939, -0.449893645656454, -0.3571344937527293, -0.7454049988231859, -0.6055420784253405, 0.22529446903963446, -0.2989586337454, 0.07388654187387822, 0.5658955059294638, 0.5917690608726048, 0.6752862440835122, 0.15610194428797447, -0.19318600390518884, -0.05685124276155434], [-0.3787878465202499, -0.6214507135984728, -0.23358123347705237, -0.7089991981372299, -0.14643383901657622, 0.24347101538767976, 0.36260196874580247, -0.4109679740859357, 0.25090995720244963, -0.28334044587457063, -0.13364501507867768, 0.3489475351181391, 0.7129984593064738, 0.6239570782134992, 0.045549365678611564]], "inverted": false, "swapped": false, "error_lsq": 0.04373141432805086, "error_max": 0.3032879373890452, "target": "82.xyz", "model": "22.xyz", "model_rescale": 4.204369325754507, "target_rescale": 4.330261163729108},
{"mapping": [0, 1, 4, 12, 14, 13, 10, 3, 7, 6, 2, 5, 11, 9, 15], "R": [[0.7792496628047241, -0.5156378064942778, 0.35621287951517716], [0.3673116159738607, -0.08476247125739014, -0.9262275639587778], [0.5077914333556599, 0.8526036453007402, 0.1233486288148137]], "T": [-0.09873176644177958, -0.0727892217197759, -0.05934685011128096], "aligned_model": [[-0.4793736489787783, 0.12559959382494104, -0.69218324470787, -0.03310362766790065, 0.4321961341749082, -0.1572536837050291, 0.6499456988080666, 0.5967427753487947, -0.7412648335151814, -0.12409929040423875, 0.4331664677508543, -0.10049131675678122, 0.20184274755081436, -0.40183558535619535, -0.06802158556870232], [0.22518477215442523, 0.20070106083208483, -0.31467958630701304, -0.4898093946988271, -0.6049635730809195, -0.5909215751630429, 0.022995849215202077, -0.24362741463735055, -0.12697891593448846, 0.6453321209382881, 0.6114553251651272, 0.6315554915580861, -0.1067593321092881, 0.0526756731895225, -0.048745161408359994], [-0.5482205701958225, -0.6164805235955041, -0.4114397683583314, -0.40852615210238075, 0.12678478657708103, 0.36426133546489736, 0.16022389056145286, -0.5203870527355353, 0.22321338010434286, -0.2641435335297728, 0.005606606564084016, 0.3824201378123113, 0.5946517699469397, 0.634480565073094, -0.05121575772296596]], "inverted": false, "swapped": false, "error_lsq": 0.04688737591388152, "error_max": 0.3492702560392535, "target": "82.xyz", "model": "23.xyz", "model_rescale": 4.410303926677745, "target_rescale": 4.330261163729108},
{"mapping": [4, 3, 9, 10, 11, 14, 7, 1, 5, 2, 0, 12, 13, 6, 16], "R": [[0.5482451859287014, 0.3298111067238524, -0.768538775851675], [-0.804237524963032, -0.044165905010501175, -0.5926646406492794], [-0.22941059161978505, 0.9430132590352008, 0.24103272337271792]], "T": [-0.0837164233844639, -0.12800319835744056, 0.005600322524128117], "aligned_model": [[-0.44874324494742707, 0.1303388130905283, -0.37752156085122446, -0.08941892456400209, 0.24781689239510352, -0.2254242719655557, 0.5413575854463659, 0.6475422162439809, -0.5122551773431391, -0.17037228407811605, 0.25215585181237155, -0.01184330607934099, 0.10700158597540126, -0.41559582218494456, -0.03317175215229864], [0.17712726476022778, 0.33329369971666745, -0.6628797429283091, -0.42263998977561124, -0.6670092926171904, -0.6116669645867645, -0.035610334511910924, -0.12101821550293118, 0.322275683787388, 0.679150654936886, 0.5465393745334381, 0.5181347509637998, -0.1313120008717755, 0.008356113981579122, -0.06932566217204719], [-0.49192876507617295, -0.7364485385348335, -0.13584085568946563, -0.574865515315376, -0.01112024833388443, 0.45741691905641524, 0.21218429788735593, -0.44333994249296227, 0.10154560942182816, -0.4113977231522786, -0.04507455486123932, 0.4783749413854662, 0.6822112273733393, 0.6757945423962921, -0.08628228020059356]], "inverted": false, "swapped": false, "error_lsq": 0.04104439314648474, "error_max": 0.258212201714374, "target": "82.xyz", "model": "24.xyz", "model_rescale": 4.28219845311461, "target_rescale": 4.330261163729108},
{"mapping": [1, 6, 5, 8, 11, 9, 14, 10, 3, 0, 2, 4, 13, 7, 15], "R": [[-0.008487610814032875, -0.8401530492082299, -0.5422829652209112], [-0.25662730334906986, -0.5223095815690734, 0.8132251399071013], [-0.9664731696423107, 0.14606695350849874, -0.21117305096600764]], "T": [-0.005730776387365525, -0.04156431839486769, 0.07459229535215309], "aligned_model": [[-0.5046415427228774, 0.39399502994881364, -0.42031489562737095, -0.06265447439733818, 0.2220146203904572, -0.2989613182338045, 0.7466098459650585, 0.4522037154884867, -0.7738686351291304, -0.07176769823239543, 0.428872586319101, -0.36832280155345687, 0.2522587826017151, -0.34116360139430635, -0.012393012625249049], [0.049119581774341774, 0.3191522128089664, -0.6390787705331187, -0.19947016258820588, -0.532397019650862, -0.5371983154499429, -0.09996087594704567, -0.3705935313203746, 0.0058069377668548625, 0.6785286701941715, 0.4853885310625777, 0.5597821478190905, 0.07849657496794896, 0.03955771588435183, 0.026281642924691963], [-0.31622975665014186, -0.6481109624419341, -0.36855234071383447, -0.5990333379956901, 0.013827462818436193, 0.4284799529082247, -0.028935743936977565, -0.4837450551984841, 0.16271459058498225, -0.3031104777035205, 0.12171591958490943, 0.27845014750322844, 0.5960740556032157, 0.7720520011506239, 0.04563265835085288]], "inverted": true, "swapped": false, "error_lsq": 0.050358242532955524, "error_max": 0.2779130166621983, "target": "82.xyz", "model": "25.xyz", "model_rescale": 4.100010024507729, "target_rescale": 4.330261163729108},
{"mapping": [10, 11, 8, 13, 1, 3, 0, 5, 12, 4, 6, 14], "R": [[0.6588687905575298, 0.5984849842263779, -0.455749537009979], [-0.13035797381229558, 0.6875120343769217, 0.714376652229382], [0.7408769907972651, -0.4112698946463974, 0.5309975124845036]], "T": [-0.049238076410583545, 0.10229557924599732, -0.020001287124866315], "aligned_model": [[-0.6781417106180899, -0.13637110466015445, 0.33490654534333714, 0.6533581792967083, -0.6787958591776437, -0.00571532412981933, -0.017611584264540417, 0.6467409035411784, 0.07829722671234444, 0.17889303004350565, -0.44389181731529037, -0.05490288240852877], [-0.3436714655726242, -0.6133145857383688, -0.18414031346255116, -0.33904255872485184, 0.46913695098767805, 0.6790068213074879, 0.2822295694503984, 0.23347620770612615, -0.32208558349019384, 0.6259832715513701, 0.07116832257725095, 0.10738475345891745], [-0.03325893860520736, 0.09987209296038727, 0.5276651765280664, -0.17390031775613923, 0.2968099957359482, 0.11541800327827179, 0.6370411373148577, -0.2721931913803814, -0.4863557126914267, -0.46002859987572525, -0.6141974156395401, -0.07167994001475454]], "inverted": true, "swapped": true, "error_lsq": 0.046223869215449166, "error_max": 0.2762837806650132, "target": "82.xyz", "model": "26.xyz", "model_rescale": 3.6694154284099745, "target_rescale": 4.330261163729108},
