[{"mapping": [2, 4, 0, 11, 10, 3, 6, 7, 13, 12, 1, 14], "R": [[-0.8205389183502717, 0.08747163601876107, -0.5648580320441303], [0.5597425457784897, -0.07719952982787681, -0.8250627340025548], [-0.11577636165462196, -0.9931711561893833, 0.014383622473564783]], "T": [0.006692236185691121, -0.08535374864579091, 0.15733960442812878], "aligned_model": [[-0.24013048486436056, 0.27054457478035643, 0.3475371876499095, 0.021222484638305922, -0.07523659112111133, -0.5415665620103687, 0.3507466478555128, -0.24762775592889388, 0.4962711371014586, 0.1279569930464002, -0.5997590627214753, -0.07231610596518477], [-0.32505102478760706, -0.6860430301664538, -0.2904993875018887, 0.6758783343657031, 0.2513539610571626, -0.48852404391390425, -0.2112543155399606, -0.6646760757365349, 0.2500711340870172, 0.36210227822319124, 0.28214609495419257, -0.10194888906386032], [-0.4081793097652484, -0.10242060893314059, -0.5676291390074221, -0.13163782071208158, -0.5869122973068887, 0.025183846492468853, 0.6148892146563332, 0.4761507027830755, -0.09784716230330026, 0.5119894391236322, 0.35642228085088123, 0.09194259947525366]], "inverted": true, "swapped": true, "error_lsq": 0.040213798007256545, "error_max": 0.23003803802576409, "target": "820.xyz", "model": "0.xyz", "model_rescale": 3.751011558992144, "target_rescale": 3.969141083216579},
{"mapping": [9, 0, 12, 7, 11, 10, 4, 6, 1, 3, 13, 2, 8, 5, 14], "R": [[0.013430536907093879, 0.40810966100589907, -0.9128341170618227], [0.18033792399176984, 0.8969575727964112, 0.4036648929167729], [0.9835130166137743, -0.17004004586220617, -0.06155102724124924]], "T": [-0.01186419276975836, -0.05416112999030913, 0.019570749717793594], "aligned_model": [[0.3302039256068665, -0.7006212775951335, -0.17882149996259683, -0.2628836222265089, 0.4549209231485426, 0.7995336799878038, 0.44477632256988536, 0.28535360790479447, -0.17948342835699285, -0.6874534619681854, -0.2663272402741762, -0.6113463395381192, -0.04750576956432365, 0.07473261090080324, -0.0014643500372835336], [-0.5993534399131419, 0.23629302932060897, -0.6031318403048279, 0.029003712963581507, -0.3914545961655013, -0.0690618884688282, 0.5650034078872853, 0.2217303441854025, 0.5682159153978336, -0.3845401441126843, -0.6799619548420623, -0.15533342636759706, 0.3339635659957501, -0.31011377192416484, -0.10242121763456734], [0.16079528344184302, -0.10986872625968436, -0.4523736547080879, -0.5884998701356133, -0.5327658887187118, 0.13732136589507155, 0.20311552544017109, -0.6123083674474087, -0.24545029599539758, -0.11397600570605712, 0.2862617382611046, 0.5800378978539285, 0.5566993660744342, 0.5826651340591242, -0.0042330242492855975]], "inverted": true, "swapped": false, "error_lsq": 0.04081375307024223, "error_max": 0.21156951621209508, "target": "820.xyz", "model": "1.xyz", "model_rescale": 3.9405287249114394, "target_rescale": 3.969141083216579},
{"mapping": [1, 9, 3, 13, 10, 7, 12, 11, 0, 4, 5, 6, 14], "R": [[0.34225495327714706, 0.5100431861156304, -0.7891245118828045], [0.860174968005449, -0.5080357841515677, 0.04470644739102664], [-0.3781012713203736, -0.69408615482411, -0.6126041448663231]], "T": [-0.13311137744956497, 5.2640491114232246e-05, 0.08045581634736644], "aligned_model": [[-0.07596915374243507, 0.1956339911982703, -0.4981606111448213, 0.38118196377582086, 0.5351390383330801, -0.8295022943258865, 0.05399761813230461, 0.6425283518006306, 0.17771107459433289, -0.41552211896877916, -0.12726280504102225, -0.417256917067889, -0.12653485825967448], [0.7289074566148501, 0.47433863580210034, 0.17656308193289302, -0.3208420974295384, -0.07539341660369792, 0.04631156488682354, 0.2663497896462047, 0.23986144376154286, -0.6575868302935919, -0.6005489178821406, -0.7038151265801171, -0.14208113626258392, 0.026768145979272007], [-0.008867463523490327, -0.5881678546571185, -0.4818450481211569, 0.303719258135569, -0.39044181799436006, -0.04133636852175053, 0.5649912584066913, 0.14423757588304204, -0.31291350478771396, -0.1592168335636352, 0.5296566347766248, 0.5730361027722937, -0.0197315892163515]], "inverted": true, "swapped": true, "error_lsq": 0.04361522053348078, "error_max": 0.3123122887119539, "target": "820.xyz", "model": "2.xyz", "model_rescale": 3.932901565614263, "target_rescale": 3.969141083216579},
{"mapping": [0, 4, 5, 2, 13, 12, 6, 11, 9, 1, 7, 3, 8, 14], "R": [[0.5109537874418841, 0.4394702291765799, -0.7387774663362973], [-0.35482457092716685, -0.6749759365264505, -0.6469211767878629], [-0.7829596100471251, 0.5926832229595553, -0.18894667569747894]], "T": [0.0365546513216863, -0.14951415566280502, 0.02540062314485163], "aligned_model": [[-0.16614264144468902, 0.41298505521989975, 0.1802738443203359, -0.03420784455212001, -0.3995045024368022, -0.17386206815072308, 0.3641137042212693, -0.7661586676649694, -0.40369263137731065, -0.15717392933279947, 0.7063849036718203, 0.33703242153530055, 0.4991335096122687, 0.020628758431222957], [0.23529568608267326, 0.10783176821033902, -0.5923293655959598, 0.4878653129630979, -0.3927649570865419, -0.6442637811892488, -0.6276051744609884, -0.2500787717879185, 0.49952292669055387, -0.06924234850860843, 0.00293911073536679, 0.4270030102569726, -0.47071647073270106, -0.04996030722654787], [-0.6779306545897916, -0.5131105322160028, -0.6677839828687613, -0.13869679998752232, -0.38447630975475716, 0.25265852662748767, -0.06240644582892366, 0.11884285167036868, 0.431616738026372, 0.7314451678144113, 0.19866045140971245, 0.26610834663704924, 0.6084709275457293, 0.05049807857172543]], "inverted": false, "swapped": true, "error_lsq": 0.040482990675154554, "error_max": 0.2879991110793774, "target": "820.xyz", "model": "3.xyz", "model_rescale": 3.9243930471874484, "target_rescale": 3.969141083216579},
{"mapping": [7, 4, 8, 1, 12, 3, 9, 6, 13, 0, 11, 10, 14], "R": [[0.1160901564757211, -0.8414993239147885, -0.5276380989090882], [-0.706785846066394, 0.3032465978288361, -0.639136345943061], [0.69783726137951, 0.447124578564174, -0.5595558666247327]], "T": [0.06370437875222276, -0.013107981686628502, -0.17639479685880607], "aligned_model": [[-0.03688357333940134, -0.45340136975110823, 0.5915360177337081, 0.3553019306809486, 0.6212476191693471, -0.3426917714326375, -0.26581303867385586, 0.40975554366923694, 0.10864855433945075, -0.5988794947004508, 0.26045290933309956, -0.3629044535670122, -0.009162987149972462], [-0.3947615895880239, 0.2364785692282653, -0.476376391775108, -0.6055432562404666, 0.07162214497350733, -0.5570041036232886, -0.5506875771447872, 0.2015587444030689, 0.5552022201257344, 0.46012393693882914, 0.14943341071888333, 0.11418279155843833, -0.07639934589346561], [-0.7647451354829512, -0.5865523719788972, -0.581237048015998, 0.14989424405023313, -0.02584618946325387, -0.3164602058601035, 0.442074916500658, -0.5979903669532158, 0.1274491987866986, -0.03191692701929327, 0.5969509705931934, 0.5133857994088463, -0.13793656919495262]], "inverted": true, "swapped": true, "error_lsq": 0.04339698164295939, "error_max": 0.24675420014838684, "target": "820.xyz", "model": "4.xyz", "model_rescale": 3.8936222436046832, "target_rescale": 3.969141083216579},
{"mapping": [5, 13, 4, 6, 2, 10, 11, 1, 8, 12, 3, 14], "R": [[0.0803170193931832, 0.987240260158844, -0.13749852769136456], [-0.3883841050758797, -0.09604612087484427, -0.9164785483519529], [-0.9179907207157396, 0.12701106796808184, 0.37571428678372654]], "T": [-0.03305756354884863, 0.007622705558941383, -0.06386500026077409], "aligned_model": [[-0.0619140329144797, -0.3617503026947736, -0.26720129481284066, 0.39731774523823343, -0.5500069640083379, -0.7908223414191013, -0.38364746947439643, 0.19368851783784125, 0.7478790624270192, 0.2700016856556897, -0.07719604242332456, -0.08880052119643239], [-0.5732929482814534, -0.5484772366556969, 0.15027693505520673, -0.2666666003701761, 0.4148178678244048, -0.013794294978844619, -0.3834210672815075, 0.28370592180592774, 0.19905727438088777, -0.38227008012063496, 0.6985678503666605, 0.09041928336503359], [-0.6629891292169625, -0.05824578370733931, -0.7140553738266848, -0.35216780460556135, -0.13558179968037637, 0.25130029170627805, 0.5585214152020006, 0.5802137971905535, 0.039149072987467934, 0.2473218401326001, -0.09916008052419951, -0.035021726382258034]], "inverted": false, "swapped": true, "error_lsq": 0.05034180079293233, "error_max": 0.2388009910393644, "target": "820.xyz", "model": "5.xyz", "model_rescale": 3.6523030999806103, "target_rescale": 3.969141083216579},
{"mapping": [5, 4, 0, 13, 10, 6, 3, 12, 7, 1, 9, 11, 14], "R": [[-0.09349377064962461, -0.4947370921052579, 0.863998914666534], [-0.4474429606709601, -0.7543484286141517, -0.4803678228122337], [0.8894120034020908, -0.4315016314483568, -0.1508397502705619]], "T": [-0.021302426794987492, -0.12016468594640392, 0.0029195975872039898], "aligned_model": [[0.19946997166863273, -0.20437712641415384, 0.3575818046823795, 0.5764316963342294, 0.5692366640876521, -0.19188488718008845, -0.49563214531132593, 0.1766147352909878, -0.7221418784330587, -0.13227378472874146, 0.09626417242580602, 0.6874236166226211, -0.035629934380645975], [-0.5788861498057615, 0.05766345908770709, 0.30226628396903743, -0.26627265239361475, 0.4490158333681533, -0.6547734941498905, 0.3809506517231068, -0.5625459510058707, -0.10948254036210084, -0.006073764926241315, 0.6029677240872063, -0.054388584303197735, -0.019613911125350922], [0.6647954026064862, 0.660781165969379, 0.6044497363441474, 0.19960212929924065, -0.03303073378515593, 0.17224497416713397, -0.06411679272505288, -0.3223897256170802, 0.10608688059227475, -0.7162061525448278, -0.4903713393756466, -0.3927750629795301, -0.018960742469579336]], "inverted": false, "swapped": true, "error_lsq": 0.045402131838916435, "error_max": 0.26860735186155654, "target": "820.xyz", "model": "6.xyz", "model_rescale": 4.08911054899281, "target_rescale": 3.969141083216579},
{"mapping": [3, 13, 6, 7, 4, 8, 10, 5, 12, 2, 0, 1, 11, 9, 14], "R": [[0.9708000303555955, -0.23882900227624576, 0.022539049077272028], [-0.11901530226679423, -0.5610838948788206, -0.8191582391296299], [0.20828504240083656, 0.7925563516743435, -0.573124568076379]], "T": [-0.023746239695225435, -0.03427614236697514, -0.02613634663547722], "aligned_model": [[0.3167778385177595, -0.644354013989449, -0.11841426955685935, -0.41406747191927556, 0.539715813067787, 0.6059792204085834, 0.4543083255015885, 0.2732675581567693, -0.13930485498806605, -0.7328908754775687, -0.27233882956402145, -0.509338593939002, -0.04183311235233189, 0.15241126156058166, -0.016303914831119384], [-0.7435339676973992, 0.35395932570583427, -0.4669784684102591, -0.058003066417476115, -0.27239792380264666, -0.08930633425960889, 0.5033551124150581, 0.23258230685734865, 0.6491769767038903, -0.39718387287512896, -0.9113570291529068, -0.2100824330989024, 0.39000635721259397, -0.2733615315570887, -0.04803775560622188], [0.060166177258831874, -0.029842310407536227, -0.2562442074580134, -0.6942496104520636, -0.37636201960113663, 0.2299232092539484, 0.014989862501332756, -0.6750358778007043, -0.19208802175538583, -0.15084163108566825, 0.20535236885842525, 0.49466906087721624, 0.37906519401454924, 0.6993731428509887, 0.13854514075064644]], "inverted": true, "swapped": false, "error_lsq": 0.03640246435086143, "error_max": 0.21991190633106078, "target": "820.xyz", "model": "7.xyz", "model_rescale": 3.964800864290218, "target_rescale": 3.969141083216579},
{"mapping": [13, 0, 5, 11, 6, 9, 12, 4, 2, 3, 1, 8, 7, 14], "R": [[-0.7538230757839733, 0.16995203933487135, 0.634718106517774], [-0.3116997242991593, -0.9428588540905495, -0.11773046816726897], [0.5784410534249951, -0.28658940243661246, 0.7637227652254498]], "T": [0.004058794335211268, 0.03714566611441819, 0.04850084070988533], "aligned_model": [[-0.1644811744381374, 0.3469123497047031, 0.397709770856435, -0.7008596356191723, 0.18621942676903266, -0.4036675375560348, -0.4172779717646139, 0.671300639786054, 0.206957618697864, 0.24945818415750964, -0.5293946970254091, -0.051172444349913096, 0.466498025937229, 0.0029853343053257726], [-0.09472310529914266, -0.5840002921998718, 0.2688245573027222, -0.24337587152637083, 0.5644145837552128, -0.5925377211559127, 0.40848761884172724, -0.14903215587140314, -0.5699634165140695, -0.22078590650165916, 0.08332590577244461, 0.6972230785842575, 0.2883037506345354, -0.04521255964126812], [-0.5610256510399042, -0.3763153914178013, -0.6505050352741578, -0.24745699175459404, -0.1314464550045464, 0.5146943694737663, -0.11049295213945906, -0.08583893836223308, 0.21713805780345494, 0.6433534144322784, 0.5542359324962272, 0.5157999173602035, 0.5228457649420374, 0.11182899720974984]], "inverted": true, "swapped": true, "error_lsq": 0.04504673712430173, "error_max": 0.2762621561112738, "target": "820.xyz", "model": "8.xyz", "model_rescale": 4.121658175737393, "target_rescale": 3.969141083216579},
{"mapping": [3, 2, 4, 7, 9, 1, 13, 12, 5, 11, 8, 6, 14], "R": [[0.9232291017299922, 0.04947603964586485, 0.38105137084098384], [0.21368166968497915, 0.7580900519661872, -0.6161490218693391], [-0.3193558669563966, 0.6502704011492946, 0.6893186749462573]], "T": [0.00839345197632204, -0.035578122919432194, -0.040993397701472575], "aligned_model": [[-0.46241396815895686, -0.2681859040102394, 0.34409029061773017, -0.07487901231084754, -0.7901729871012115, -0.6219286247335125, 0.3775107670199561, 0.0903773438492784, 0.8385123845100289, -0.17218892206546355, -0.14478733425661136, 0.4354763288659414, -0.07467286579089527], [0.22110387215722954, -0.2848788986244411, 0.039111179765439784, 0.6058492874213673, -0.39148152335450054, 0.0566830808277208, -0.5443082481958127, -0.04042591471036162, -0.09911201667501815, -0.6998152459190722, 0.6725906112811716, 0.3137509950363116, -0.05867973959832451], [-0.48037235451499793, -0.5882966639092979, -0.6571509900037895, -0.3300783461929542, -0.16630400427901298, 0.3286756095728401, 0.10821687494859152, 0.5368938602265122, -0.10511372826774328, 0.39417601204761854, 0.32253624049545093, 0.15685861863819078, -0.09896569480231968]], "inverted": false, "swapped": true, "error_lsq": 0.04428462307167328, "error_max": 0.2617493667194685, "target": "820.xyz", "model": "9.xyz", "model_rescale": 3.833441315466971, "target_rescale": 3.969141083216579},
{"mapping": [1, 8, 12, 11, 6, 4, 3, 7, 9, 10, 0, 13, 2, 5, 14], "R": [[0.5480482204151099, -0.20507063877725906, 0.8109187266374591], [0.4028448982599314, -0.7849244990947318, -0.4707542019640716], [0.7330478402162963, 0.584670474568685, -0.3475648142747652]], "T": [-0.01830824980474375, -0.154161426105776, -0.06781504440284582], "aligned_model": [[0.18499392016729804, -0.6569374711214901, -0.0003081726299897572, -0.2937623684155383, 0.5659894379688573, 0.7419391510167386, 0.44587881401029045, 0.10300798564132557, -0.21414203559303122, -0.7980756637727848, -0.32146317341133196, -0.38550387029647026, -0.09245055958675133, 0.18231246691120054, -0.007864380292946681], [-0.8375968241593762, 0.27467219563625095, -0.6157889008922726, -0.05374389573784888, -0.44394274897597735, -0.04881516240526326, 0.5720435245623606, 0.30758712526347154, 0.6314779641571455, -0.36266441554718004, -0.6464104208789814, -0.15087738547741497, 0.3337471033532582, -0.24074364389506753, -0.06010681898601855], [0.12504038664798328, -0.19356799633926075, -0.45459163244136463, -0.6837520778557202, -0.2571627801245462, 0.14860730739742772, 0.039323133477397645, -0.5325565027508303, -0.019544936221420298, -0.22351805345360748, 0.29220020685954023, 0.6398876705725187, 0.4547731679679905, 0.572255302554486, -0.059972718485163556]], "inverted": true, "swapped": false, "error_lsq": 0.036248362159012996, "error_max": 0.2830087174488469, "target": "820.xyz", "model": "10.xyz", "model_rescale": 4.2482417240324, "target_rescale": 3.969141083216579},
{"mapping": [7, 1, 9, 11, 4, 0, 2, 13, 12, 5, 6, 14], "R": [[0.40360906095581045, 0.43282656626570093, -0.8060774711211152], [-0.7813657592049621, 0.6214127019766216, -0.05756565090545013], [0.4759908363155981, 0.6530753535058245, 0.5890036556650734]], "T": [-0.08481771280931534, -0.022645798668038015, -0.0766062023710257], "aligned_model": [[-0.778467777961466, 0.0349007888248692, 0.2582903241766051, 0.7114211413522734, -0.43039141428597444, 0.14839881444240932, -0.05427752853228619, 0.40672532501853725, 0.14541351497798038, -0.12490418478799044, -0.3604210854229786, -0.07992231543897235], [-0.12232654091717071, -0.7300798181188402, -0.39388521248917235, -0.19292104724588768, 0.5694809451805177, 0.6977603948032234, 0.20094344612942375, 0.32153095946236715, -0.31736775638668663, 0.629813668535066, 0.04158213754503833, -0.03839978644723981], [0.02754210644080471, 0.08976030127077117, 0.6476427249767867, -0.09086773847238908, 0.09038413875145976, 0.255756041067871, 0.5456984086371525, -0.3158663938339198, -0.524748023536437, -0.5961590226115854, -0.5899224693716978, 0.02597221653554005]], "inverted": true, "swapped": true, "error_lsq": 0.04708110272292267, "error_max": 0.27107253593093056, "target": "820.xyz", "model": "11.xyz", "model_rescale": 3.6694154284099745, "target_rescale": 3.969141083216579},
{"mapping": [1, 9, 2, 10, 11, 8, 12, 6, 0, 5, 4, 13, 3, 14], "R": [[-0.13896348090220695, -0.4270217954645777, 0.893499601104416], [0.19249548099309885, -0.8966918301712704, -0.3986091462840925], [0.9714085859064545, 0.11660252099464206, 0.2068071839296609]], "T": [-0.04431195005942793, -0.029432873223796965, 0.02933802691910343], "aligned_model": [[-0.10669463473239144, 0.07689671204216511, -0.08119868235673497, 0.52110988658618, 0.688119467317119, -0.5746330974057591, 0.19683556854212644, -0.20279384959234018, 0.2695973051824418, 0.1471778952738687, -0.28343814285218877, 0.5431587941714852, -0.5343929356600988, -0.061479436260063115], [-0.39385998946254813, 0.24045682464969198, 0.5768342369496509, 0.44127721877073267, -0.16508164589693092, -0.6391359627063801, -0.56031955644937, -0.3565419968805267, 0.7034876014128927, 0.03909778380600351, 0.5014438132502435, 0.026500328564360118, 0.2823458355266698, 0.03448279660176444], [-0.6076662922552246, -0.8028556689212016, -0.23384905906570952, -0.3349770341095001, -0.29980782810391454, -0.035026020269333207, 0.05590391356858126, 0.4891848987087115, 0.24871954476112096, 0.8392025852125681, 0.4279727540063943, 0.29214449507305124, -0.34909797224598765, -0.05075285670714024]], "inverted": false, "swapped": true, "error_lsq": 0.04148035832479574, "error_max": 0.2329636742774164, "target": "820.xyz", "model": "12.xyz", "model_rescale": 3.9764082729961374, "target_rescale": 3.969141083216579},
{"mapping": [9, 3, 0, 4, 5, 12, 13, 6, 14, 7, 2, 8, 11, 1, 15], "R": [[0.7939976613583601, -0.6006030140540357, 0.09404112540087466], [0.1797699375237325, 0.3797436057345665, 0.9074566455023753], [-0.5807327124591558, -0.7036126870750116, 0.4094859011820964]], "T": [0.03955313909991535, -0.08290714132358692, 0.014031430569393804], "aligned_model": [[0.3640644086323346, -0.711781034870397, -0.12747487632195378, -0.18951441741113892, 0.506659305065634, 0.6030896007542447, 0.4024828956047468, 0.23949158058142342, -0.13503836677168704, -0.6072244198712201, -0.3820243946565135, -0.4381452020872436, -0.18392440104854277, 0.15163327205403732, -0.0386798690583482], [-0.5862200003384945, 0.29417748394448473, -0.7378040435025426, -0.22490817334440572, -0.4021840860013931, -0.10215167303069947, 0.4068615699293996, 0.3853058351524554, 0.685197407201305, -0.40101871914481035, -0.6661905250815233, -0.038339107850298426, 0.5245423443672101, -0.42875137546075703, -0.04967924082284384], [-0.03951974508828361, 0.055835637587323794, -0.25114704344933286, -0.65172188954122, -0.6045944403321796, 0.3128120178466811, 0.06778222133410246, -0.5555825035795368, -0.12139843389161604, -0.21294326447483677, 0.3579971136976071, 0.5331372212016209, 0.4740397023782724, 0.5347543777995464, -0.05203049368271753]], "inverted": false, "swapped": false, "error_lsq": 0.04241646946472442, "error_max": 0.2726957073174531, "target": "820.xyz", "model": "13.xyz", "model_rescale": 4.170626492500431, "target_rescale": 3.969141083216579},
{"mapping": [2, 9, 3, 1, 4, 6, 8, 10, 0, 11, 13, 12, 5, 14], "R": [[0.41442157235860716, -0.9063504263278449, 0.08236300783211913], [0.9063814419130632, 0.4028850948193498, -0.12710736457027155], [0.08202098584762428, 0.1273283356827437, 0.988463480768433]], "T": [-0.09916889201141647, 0.12204161001722456, 0.05723179166882692], "aligned_model": [[0.3245279796707609, -0.07954911861119038, -0.14746376549503185, -0.6375652688424888, 0.38596978956119254, -0.29988861098302594, -0.8572490643951743, 0.418998900214585, 0.726278811955388, -0.023913116828422523, 0.2681859613905714, -0.45002117257591623, 0.29115625576606446, -0.07628455873566875], [-0.18247716544159676, -0.7145194276586476, -0.05972894993944679, -0.376718010248515, 0.5074255485913527, 0.6461888024106163, 0.36529588958227216, -0.5030460597532377, 0.09077728267079659, -0.4575488102181883, 0.10947539037455993, 0.11899981176432715, 0.7637179236331482, 0.048232242158225094], [-0.35012205751712405, -0.2253616104435353, -0.610020941461397, -0.00474729876816668, -0.28046736067280914, 0.2262209980572974, -0.09529005899432508, 0.17873426882065696, 0.018523615654584734, 0.6243339673300765, 0.5884663348782703, 0.5236993330621035, 0.42211972262207337, -0.01221581144683926]], "inverted": false, "swapped": true, "error_lsq": 0.044819524383042146, "error_max": 0.26965466769291313, "target": "820.xyz", "model": "14.xyz", "model_rescale": 3.9786697098870705, "target_rescale": 3.969141083216579},
{"mapping": [4, 3, 13, 5, 10, 11, 7, 1, 12, 6, 9, 14], "R": [[-0.3184498670201729, -0.1612447647003037, -0.9341251565243163], [0.8654151760266549, 0.3526866726169044, -0.35590544258436235], [0.3868413826073789, -0.9217441276271634, 0.027230642431849417]], "T": [0.03704992356922548, -0.07774442301065189, 0.012766321009063438], "aligned_model": [[-0.16955439455898139, -0.6559076720264672, 0.5724528742597609, 0.5661978475584992, 0.04061851218915346, 0.4557359860980483, -0.45192006576392224, -0.17400417610944355, 0.4667872014219766, 0.31147536880280396, -0.43231372852852556, -0.04621315657556605], [-0.5365929740158584, -0.05805764928612399, 0.056235854936869265, -0.61897419061899, 0.5533200565693648, 0.6185161549046193, -0.5363418517327879, 0.39750137662591767, 0.038650572242676415, -0.5452638511896394, 0.6683077091537666, -0.02262671736537529], [-0.4818989202727325, 0.01738614655449356, -0.32295767814205895, -0.33982157979163174, -0.5123433775693678, -0.043059777296139065, 0.24196117564212863, 0.5343704064804791, 0.3902270733941227, 0.23568400993766084, -0.04364568449893293, -0.015935300564191898]], "inverted": true, "swapped": true, "error_lsq": 0.05746347414488607, "error_max": 0.29200922550477304, "target": "820.xyz", "model": "15.xyz", "model_rescale": 3.769337070930944, "target_rescale": 3.969141083216579},
{"mapping": [6, 5, 1, 12, 7, 4, 3, 0, 9, 11, 14], "R": [[0.008948705142594326, 0.47460444718111694, 0.8801537021408119], [0.8645210315089935, -0.4459995914684187, 0.23170617274606475], [0.5025169716088169, 0.7588379162416108, -0.4142966450735434]], "T": [-0.06212260889730097, 0.05769571988333343, -0.05524782765804108], "aligned_model": [[-0.3363611597620771, -0.31984811071150004, -0.15136369482959192, -0.6204012892038447, 0.34807252142796163, 0.39034813974538085, 0.5580005059948734, 0.2688283084977508, 0.28111843310331924, -0.5128666051247276, 0.01709908155362628], [-0.12760879570458022, -0.704712600171092, 0.780083815151213, 0.22024319666834374, 0.20214603858136376, -0.4607549929156858, 0.3621051715400474, -0.5600959352249391, 0.5916351942507557, 0.1939278475628637, 0.09909555788705197], [-0.5390158407345964, -0.27786079633907335, 0.057289692488434144, -0.10625542898784411, -0.6145398747807971, -0.21145319882720381, -0.11339719790398482, 0.3836652095062678, 0.5588959348126172, 0.6091797619404165, -0.0022906539504591594]], "inverted": true, "swapped": true, "error_lsq": 0.04307387932656522, "error_max": 0.2520818673445666, "target": "820.xyz", "model": "16.xyz", "model_rescale": 3.7852294659196426, "target_rescale": 3.969141083216579},
{"mapping": [6, 13, 0, 5, 12, 11, 9, 10, 4, 7, 1, 2, 14], "R": [[-0.4675808132769715, 0.2700568625758096, 0.8416872780498448], [0.8287319148578353, -0.19733723579598905, 0.5236997504911228], [0.3075249524043733, 0.9424050648973131, -0.13153363563963189]], "T": [0.001971644512599586, 0.11424931999100316, -0.14922314653180513], "aligned_model": [[0.009121850905923979, -0.30756556128461415, 0.3255992620833922, 0.1147357776203763, -0.5150934102529033, -0.6843907326030332, -0.10981361271956332, -0.17109735788296992, 0.6233402218458871, 0.5209194302478529, -0.3559657360200734, 0.36719811602104785, 0.03677760225495966], [-0.18412544613245993, -0.3836218257797386, -0.3118738940711425, -0.6992389836595077, 0.05301651955568937, 0.10453035140503089, 0.7677343597399909, 0.131382724661074, -0.203969757587918, 0.3738634824065986, 0.7552047447117651, 0.2872575582754334, 0.1848957901780588], [-0.6537005099912806, 0.12212290287601635, 0.4812717897061023, -0.3001086816464761, -0.41302764948542525, 0.2889612821013695, 0.4343346443277213, 0.6531164789433924, -0.04646737915691246, -0.5557046539131515, -0.20863863426256773, 0.3750531700437393, -0.08145806239935391]], "inverted": true, "swapped": true, "error_lsq": 0.039043335682135014, "error_max": 0.21846357087306187, "target": "820.xyz", "model": "17.xyz", "model_rescale": 3.901054581598922, "target_rescale": 3.969141083216579},
{"mapping": [9, 0, 12, 7, 11, 10, 4, 6, 1, 3, 13, 2, 8, 5, 14], "R": [[0.013430536907093879, 0.40810966100589907, -0.9128341170618227], [0.18033792399176984, 0.8969575727964112, 0.4036648929167729], [0.9835130166137743, -0.17004004586220617, -0.06155102724124924]], "T": [-0.01186419276975836, -0.05416112999030913, 0.019570749717793594], "aligned_model": [[0.3302039256068665, -0.7006212775951335, -0.17882149996259683, -0.2628836222265089, 0.4549209231485426, 0.7995336799878038, 0.44477632256988536, 0.28535360790479447, -0.17948342835699285, -0.6874534619681854, -0.2663272402741762, -0.6113463395381192, -0.04750576956432365, 0.07473261090080324, -0.0014643500372835336], [-0.5993534399131419, 0.23629302932060897, -0.6031318403048279, 0.029003712963581507, -0.3914545961655013, -0.0690618884688282, 0.5650034078872853, 0.2217303441854025, 0.5682159153978336, -0.3845401441126843, -0.6799619548420623, -0.15533342636759706, 0.3339635659957501, -0.31011377192416484, -0.10242121763456734], [0.16079528344184302, -0.10986872625968436, -0.4523736547080879, -0.5884998701356133, -0.5327658887187118, 0.13732136589507155, 0.20311552544017109, -0.6123083674474087, -0.24545029599539758, -0.11397600570605712, 0.2862617382611046, 0.5800378978539285, 0.5566993660744342, 0.5826651340591242, -0.0042330242492855975]], "inverted": true, "swapped": false, "error_lsq": 0.04081375307024223, "error_max": 0.21156951621209508, "target": "820.xyz", "model": "18.xyz", "model_rescale": 3.9405287249114394, "target_rescale": 3.969141083216579},
{"mapping": [9, 1, 5, 2, 11, 13, 14, 10, 3, 6, 8, 0, 12, 7, 15], "R": [[-0.2077179828029014, -0.6516432160475649, -0.7295302314499931], [0.03110925672427367, 0.7410189721657524, -0.6707630707160879], [0.9776939468802889, -0.16202469524612223, -0.13365083001629446]], "T": [-0.01359770588341586, -0.03504276320650141, 0.13595470678869823], "aligned_model": [[0.39938887881355106, -0.5918473311060419, -0.14305452320261836, -0.36715921305506133, 0.525596604226988, 0.63873447119569, 0.520096386618219, 0.15278384014416005, -0.18841001774273403, -0.6397034550833911, -0.4055401686759283, -0.6084669411473597, 0.002775982919231864, 0.17901828043656073, -0.02059871374589046], [-0.6793456877178857, 0.25767469909379, -0.6870298807545298, -0.14424835086408028, -0.2057177493133581, -0.013963903118368766, 0.47995606847064737, 0.23314737609017522, 0.7377901354423806, -0.34375553655995605, -0.6765752315290351, -0.1558773777063288, 0.439016945002151, -0.5472230883545963, -0.035010722163919164], [0.07828609068819, 0.011603260581552463, -0.36346132595340763, -0.6504254069501502, -0.31053465138437875, 0.2951660687469009, -0.08694836873116493, -0.5839725584763623, -0.17645297759555736, -0.1304500040919024, 0.2201530053706432, 0.45876091309694145, 0.41006847436981464, 0.5788948215745654, 0.09673313655974641]], "inverted": true, "swapped": false, "error_lsq": 0.04082768328426762, "error_max": 0.27776951975391695, "target": "820.xyz", "model": "19.xyz", "model_rescale": 4.410303926677745, "target_rescale": 3.969141083216579},
{"mapping": [13, 0, 5, 11, 6, 9, 12, 4, 2, 3, 1, 8, 7, 14], "R": [[-0.7538230757839733, 0.16995203933487135, 0.634718106517774], [-0.3116997242991593, -0.9428588540905495, -0.11773046816726897], [0.5784410534249951, -0.28658940243661246, 0.7637227652254498]], "T": [0.004058794335211268, 0.03714566611441819, 0.04850084070988533], "aligned_model": [[-0.1644811744381374, 0.3469123497047031, 0.397709770856435, -0.7008596356191723, 0.18621942676903266, -0.4036675375560348, -0.4172779717646139, 0.671300639786054, 0.206957618697864, 0.24945818415750964, -0.5293946970254091, -0.051172444349913096, 0.466498025937229, 0.0029853343053257726], [-0.09472310529914266, -0.5840002921998718, 0.2688245573027222, -0.24337587152637083, 0.5644145837552128, -0.5925377211559127, 0.40848761884172724, -0.14903215587140314, -0.5699634165140695, -0.22078590650165916, 0.08332590577244461, 0.6972230785842575, 0.2883037506345354, -0.04521255964126812], [-0.5610256510399042, -0.3763153914178013, -0.6505050352741578, -0.24745699175459404, -0.1314464550045464, 0.5146943694737663, -0.11049295213945906, -0.08583893836223308, 0.21713805780345494, 0.6433534144322784, 0.5542359324962272, 0.5157999173602035, 0.5228457649420374, 0.11182899720974984]], "inverted": true, "swapped": true, "error_lsq": 0.04504673712430173, "error_max": 0.2762621561112738, "target": "820.xyz", "model": "20.xyz", "model_rescale": 4.121658175737393, "target_rescale": 3.969141083216579},
{"mapping": [5, 4, 0, 13, 10, 6, 3, 12, 7, 1, 9, 11, 14], "R": [[-0.09349377064962461, -0.4947370921052579, 0.863998914666534], [-0.4474429606709601, -0.7543484286141517, -0.4803678228122337], [0.8894120034020908, -0.4315016314483568, -0.1508397502705619]], "T": [-0.021302426794987492, -0.12016468594640392, 0.0029195975872039898], "aligned_model": [[0.19946997166863273, -0.20437712641415384, 0.3575818046823795, 0.5764316963342294, 0.5692366640876521, -0.19188488718008845, -0.49563214531132593, 0.1766147352909878, -0.7221418784330587, -0.13227378472874146, 0.09626417242580602, 0.6874236166226211, -0.035629934380645975], [-0.5788861498057615, 0.05766345908770709, 0.30226628396903743, -0.26627265239361475, 0.4490158333681533, -0.6547734941498905, 0.3809506517231068, -0.5625459510058707, -0.10948254036210084, -0.006073764926241315, 0.6029677240872063, -0.054388584303197735, -0.019613911125350922], [0.6647954026064862, 0.660781165969379, 0.6044497363441474, 0.19960212929924065, -0.03303073378515593, 0.17224497416713397, -0.06411679272505288, -0.3223897256170802, 0.10608688059227475, -0.7162061525448278, -0.4903713393756466, -0.3927750629795301, -0.018960742469579336]], "inverted": false, "swapped": true, "error_lsq": 0.045402131838916435, "error_max": 0.26860735186155654, "target": "820.xyz", "model": "21.xyz", "model_rescale": 4.08911054899281, "target_rescale": 3.969141083216579},
{"mapping": [8, 14, 11, 15, 1, 0, 4, 2, 3, 9, 5, 10, 13, 6, 16], "R": [[0.5529995351929999, 0.7276514936990168, 0.40585073339088146], [-0.7330393771742025, 0.6564471529153204, -0.17813030887927897], [-0.39603634377211344, -0.1989985908165183, 0.8964121681819457]], "T": [-0.06608417687486522, -0.08583326035953497, 0.03519845123738381], "aligned_model": [[0.22791196298384503, -0.5390401836765779, -0.09794652239655542, -0.2163554872509741, 0.5386297548480076, 0.6280126354820642, 0.34308514050342664, 0.2596545447069305, -0.22428968936348415, -0.7564453567636288, -0.42918251987887546, -0.46558709899237927, -0.08135837441771267, 0.3048996460368523, -0.038374371225562635], [-0.7137624357325572, 0.2678509297064363, -0.688007538592626, -0.10292312899215844, -0.3549094608591895, 0.07131604411812874, 0.4754480534559675, 0.2434921447059724, 0.7465803588238237, -0.25740239765633616, -0.6734347046646383, -0.35648381547075697, 0.4979120141401199, -0.44293458335111213, -0.053903783613987434], [0.029433165155396, -0.21588459334073967, -0.4362503368942221, -0.6779869997935106, -0.4028853767806955, 0.341161045940414, -0.026736533589328995, -0.5186001513375501, -0.15542527685215174, 0.07409683156798826, 0.1787713940450958, 0.6819450024090866, 0.3446142223560888, 0.5740989771295393, 0.057069107790020834]], "inverted": true, "swapped": false, "error_lsq": 0.041688254027606654, "error_max": 0.27989342519695837, "target": "820.xyz", "model": "22.xyz", "model_rescale": 4.204369325754507, "target_rescale": 3.969141083216579},
{"mapping": [9, 1, 5, 2, 11, 13, 14, 10, 3, 6, 8, 0, 12, 7, 15], "R": [[-0.2077179828029014, -0.6516432160475649, -0.7295302314499931], [0.03110925672427367, 0.7410189721657524, -0.6707630707160879], [0.9776939468802889, -0.16202469524612223, -0.13365083001629446]], "T": [-0.01359770588341586, -0.03504276320650141, 0.13595470678869823], "aligned_model": [[0.39938887881355106, -0.5918473311060419, -0.14305452320261836, -0.36715921305506133, 0.525596604226988, 0.63873447119569, 0.520096386618219, 0.15278384014416005, -0.18841001774273403, -0.6397034550833911, -0.4055401686759283, -0.6084669411473597, 0.002775982919231864, 0.17901828043656073, -0.02059871374589046], [-0.6793456877178857, 0.25767469909379, -0.6870298807545298, -0.14424835086408028, -0.2057177493133581, -0.013963903118368766, 0.47995606847064737, 0.23314737609017522, 0.7377901354423806, -0.34375553655995605, -0.6765752315290351, -0.1558773777063288, 0.439016945002151, -0.5472230883545963, -0.035010722163919164], [0.07828609068819, 0.011603260581552463, -0.36346132595340763, -0.6504254069501502, -0.31053465138437875, 0.2951660687469009, -0.08694836873116493, -0.5839725584763623, -0.17645297759555736, -0.1304500040919024, 0.2201530053706432, 0.45876091309694145, 0.41006847436981464, 0.5788948215745654, 0.09673313655974641]], "inverted": true, "swapped": false, "error_lsq": 0.04082768328426762, "error_max": 0.27776951975391695, "target": "820.xyz", "model": "23.xyz", "model_rescale": 4.410303926677745, "target_rescale": 3.969141083216579},
{"mapping": [2, 11, 4, 8, 5, 12, 6, 15, 14, 10, 3, 1, 7, 0, 16], "R": [[-0.9091486030463345, 0.4164385609845046, 0.005267115344638251], [0.3684197584751038, 0.7982901925191808, 0.47644480277660245], [0.1942053015343424, 0.4350996362361666, -0.8791886074120334]], "T": [-0.08116698385549581, 0.05772418392107917, -0.027144460486573038], "aligned_model": [[0.27201702755358304, -0.5948070442450208, -0.0311272710690877, -0.3352450515077655, 0.4526640035444739, 0.6359939295471306, 0.5406054225326706, 0.13302839630153465, -0.10041978954484859, -0.6379327224161786, -0.2790817769092092, -0.6137272395388732, -0.11936201160936784, 0.2443534357072411, -0.11334522775090632], [-0.772955086140568, 0.40839592327154506, -0.555402461312339, -0.312789042449072, -0.18604685659051087, 0.03840415588360452, 0.46596028706321946, 0.2897136572801684, 0.6944399034330816, -0.21652873906195327, -0.785376087451269, -0.22566717269296607, 0.22472806339426968, -0.3627936000031988, -0.045245248606925775], [0.10749192223823334, 0.09085853182602358, -0.3361041941740203, -0.7155273131763561, -0.2534234699580721, 0.3354611042636654, -0.1841172240647998, -0.6671565027207069, -0.25599465606008925, -0.22356541882823086, 0.216294755204819, 0.5831048841531766, 0.6151808004039533, 0.5091269828490584, 0.02579027584877647]], "inverted": false, "swapped": false, "error_lsq": 0.04457245517321184, "error_max": 0.3043787403894273, "target": "820.xyz", "model": "24.xyz", "model_rescale": 4.28219845311461, "target_rescale": 3.969141083216579},
{"mapping": [2, 9, 4, 3, 0, 6, 8, 1, 5, 7, 13, 12, 11, 14, 15], "R": [[-0.674665862785448, 0.6195549971317937, -0.40122011305640015], [-0.7379181343676888, -0.5789482099057568, 0.3468368452431626], [-0.01740116557236021, 0.5300665767391332, 0.84777746116583]], "T": [-0.06983490885772561, -0.09310458728555161, 0.018469476385309668], "aligned_model": [[0.2715755687027418, -0.6860400336047233, -0.05956153470222972, -0.3484577054357936, 0.5662998108586611, 0.818811641746827, 0.3952357252267008, 0.14842720242963625, -0.11131885825552588, -0.7078451426964929, -0.36732309041565914, -0.47638100175036824, -0.18587713532692335, 0.21158109482859497, -0.015512461010069742], [-0.6594139705915546, 0.18320002258728074, -0.5612131162684127, 0.055261171599583644, -0.42044575914876003, -0.09261541366701213, 0.4205353102587285, 0.20573417323887433, 0.741647282876973, -0.44105889901695366, -0.5542048040413218, -0.12261376960310626, 0.2510891473715711, -0.21957129854592844, -0.1274923810328754], [0.1959873419071431, -0.01017822295388231, -0.5431508899678658, -0.6889217051241003, -0.37362049748597165, 0.16848348829360849, -0.024302218599048787, -0.5039618060158109, -0.14508197764879488, -0.25976916977074255, 0.246074021327058, 0.6652069677569639, 0.42410717920329, 0.7148571763821105, -0.018309209498526043]], "inverted": false, "swapped": false, "error_lsq": 0.03853368872672894, "error_max": 0.22663182883547112, "target": "820.xyz", "model": "25.xyz", "model_rescale": 4.100010024507729, "target_rescale": 3.969141083216579},
{"mapping": [7, 1, 9, 11, 4, 0, 2, 13, 12, 5, 6, 14], "R": [[0.40360906095581045, 0.43282656626570093, -0.8060774711211152], [-0.7813657592049621, 0.6214127019766216, -0.05756565090545013], [0.4759908363155981, 0.6530753535058245, 0.5890036556650734]], "T": [-0.08481771280931534, -0.022645798668038015, -0.0766062023710257], "aligned_model": [[-0.778467777961466, 0.0349007888248692, 0.2582903241766051, 0.7114211413522734, -0.43039141428597444, 0.14839881444240932, -0.05427752853228619, 0.40672532501853725, 0.14541351497798038, -0.12490418478799044, -0.3604210854229786, -0.07992231543897235], [-0.12232654091717071, -0.7300798181188402, -0.39388521248917235, -0.19292104724588768, 0.5694809451805177, 0.6977603948032234, 0.20094344612942375, 0.32153095946236715, -0.31736775638668663, 0.629813668535066, 0.04158213754503833, -0.03839978644723981], [0.02754210644080471, 0.08976030127077117, 0.6476427249767867, -0.09086773847238908, 0.09038413875145976, 0.255756041067871, 0.5456984086371525, -0.3158663938339198, -0.524748023536437, -0.5961590226115854, -0.5899224693716978, 0.02597221653554005]], "inverted": true, "swapped": true, "error_lsq": 0.04708110272292267, "error_max": 0.27107253593093056, "target": "820.xyz", "model": "26.xyz", "model_rescale": 3.6694154284099745, "target_rescale": 3.969141083216579},
