[{"mapping": [7, 6, 5, 3, 0, 13, 11, 10, 1, 2, 12, 14], "R": [[0.21066348387816564, 0.02050797815070926, 0.9773435012279379], [-0.20448832764624353, 0.9785858471505575, 0.02354280384891435], [-0.9559317027992933, -0.20481494718109794, 0.21034594599004672]], "T": [-0.059566600673257135, -0.05170240221734205, -0.009879986574064067], "aligned_model": [[-0.24918733219358727, 0.09257961092441205, 0.44659297895603256, -0.31374815382530113, 0.04722829505221276, -0.528060435682268, 0.4605473172298581, -0.3651716399323055, 0.5036407806462533, 0.17589907817764072, -0.4189071796569561, -0.01377085723544258], [-0.30213697959806446, -0.798179870203093, -0.35625921943564764, 0.6894325153593083, 0.4469991754061342, -0.6299811429479357, -0.17180404949431022, -0.3957258161979301, 0.19417036899679566, 0.39107930319674045, 0.12846667979207832, -0.14250592889701869], [-0.5880259637970516, -0.15770893932198593, -0.5290416983905751, -0.059149088010432095, -0.6030018321441672, -0.02980583668630009, 0.5698674043869972, 0.6922201135103083, -0.07316985752521157, 0.4985818276550874, 0.4760564914500984, -0.014870875773205363]], "inverted": true, "swapped": true, "error_lsq": 0.04234611157545961, "error_max": 0.21201559758066554, "target": "823.xyz", "model": "0.xyz", "model_rescale": 3.751011558992144, "target_rescale": 4.11227992809131},
{"mapping": [10, 5, 8, 4, 1, 9, 12, 11, 13, 3, 0, 2, 1, 7, 14], "R": [[-0.3856519405132573, -0.27149119195412064, -0.8817965261156852], [0.5919490853531792, 0.6602915605031168, -0.4621810635215311], [0.7077208921092367, -0.7002196711173501, -0.09393375885386765]], "T": [-0.0055474430331532674, 0.05690423837832422, -0.04168936064672526], "aligned_model": [[-0.5416986933053898, -0.0794237320226878, 0.42844930054681346, 0.14525915683723686, 0.4524117294918535, -0.5665777268318062, -0.38939379215970016, -0.7068172363639388, -0.17453526995728189, 0.2016357856732959, 0.6271992818595953, 0.4960722684943202, 0.4524117294918535, 0.05346958200081467, -0.051636930493102765], [-0.5615660788952894, -0.15311889348545044, -0.3847450555429294, -0.671187002071789, -0.012730390260817383, 0.026686932432166847, 0.6901725514070325, 0.1785791007118487, 0.42263008630549886, 0.7652080998264071, 0.45423107615812963, 0.24866119684127042, -0.012730390260817383, 0.49286824756633596, 0.08622464895752362], [0.008211056303978427, -0.6252290979422128, -0.2804590820954793, 0.22796687407658964, 0.47899284975644973, -0.3859589590960412, 0.018379999706170998, 0.31906941438804964, -0.6459988151565721, -0.23863259894974823, 0.08971644065932796, -0.6704540510327572, 0.47899284975644973, 0.454424937923775, -0.04614863329075823]], "inverted": false, "swapped": false, "error_lsq": 0.03798236059145967, "error_max": 0.3031530454152335, "target": "823.xyz", "model": "1.xyz", "model_rescale": 3.9405287249114394, "target_rescale": 4.11227992809131},
{"mapping": [2, 3, 12, 7, 4, 11, 1, 0, 13, 9, 6, 8, 14], "R": [[0.6723695816910926, 0.4428986430196759, -0.593093531938998], [-0.26266663666779894, 0.8918595813984134, 0.36822917463106297], [0.6920443508895742, -0.0918002128493016, 0.7159939506187544]], "T": [0.03714648329081949, -0.003749632081481942, -0.012129394894722312], "aligned_model": [[-0.37537038118588617, 0.3974255467896611, -0.1749552109342035, 0.544036606136812, 0.2775233998617551, -0.717352457784046, -0.08078779255477533, 0.6409736824494052, 0.0921465722187782, -0.5855611087243955, -0.11172217425015446, -0.40655703763478457, -0.0038163651042346647], [0.5605074547292774, 0.600069197802242, 0.11961254323579998, -0.3834996147495701, -0.1986383736836101, 0.13642696749079186, 0.39877089211175076, 0.41056032642715745, -0.6986791531796606, -0.5077345419701038, -0.6742586419995259, -0.22969731842437244, -0.07460714421815959], [-0.1586794464179485, -0.361297677321304, -0.593090198649027, 0.16613620575232024, -0.5997144653600307, 0.16712405542238795, 0.4414456440418283, 0.2629013466715812, -0.27354432532005135, 0.040836948240119464, 0.3490994378486795, 0.6234624451435706, 0.04844037953651835]], "inverted": true, "swapped": true, "error_lsq": 0.057085198693448386, "error_max": 0.3255666560522398, "target": "823.xyz", "model": "2.xyz", "model_rescale": 3.932901565614263, "target_rescale": 4.11227992809131},
{"mapping": [13, 4, 10, 7, 9, 11, 12, 8, 5, 1, 3, 0, 2, 14], "R": [[0.3786263993406205, -0.7533324473770591, 0.5377102132666327], [-0.905733984463198, -0.18200518095106888, 0.3827793927256119], [-0.1904940920626583, -0.6319527971580309, -0.7512307655130773]], "T": [0.08625855399310853, -0.020991201778426796, 0.02532014273343423], "aligned_model": [[-0.10304825506080842, 0.4910081613276719, 0.056999874644111326, -0.05739448119489282, -0.48844742070982183, -0.2620328791698877, 0.48864327367751204, -0.6750669536387347, -0.5056219437307775, -0.05474622484774211, 0.8258922201370739, 0.3671332592067065, 0.35053812015846486, -0.014046838746172075], [0.09205480716822208, 0.044095949037762996, -0.6511646205788546, 0.5857669510195533, -0.4648505085393156, -0.6826993878783699, -0.43734185564476297, -0.16519491406725123, 0.40368068338271884, -0.06383570129475681, 0.061169594465267735, 0.535197159098241, -0.5705393033907418, -0.022842214427224682], [-0.6857869848023292, -0.4971359002197316, -0.5284997664843571, -0.18476226929514863, -0.3171312063607184, 0.2740876740451321, -0.22459880588903994, 0.2522362491692362, 0.32165192359518613, 0.6252731266976369, 0.275336773855286, 0.498253377097592, 0.39705437039759434, 0.007917801250758662]], "inverted": false, "swapped": true, "error_lsq": 0.052128668481888914, "error_max": 0.295964985681784, "target": "823.xyz", "model": "3.xyz", "model_rescale": 3.9243930471874484, "target_rescale": 4.11227992809131},
{"mapping": [13, 7, 6, 9, 8, 4, 12, 5, 1, 0, 2, 3, 14], "R": [[-0.06447763042929013, -0.6002591617601092, 0.7972023418789455], [0.6081088617149555, 0.6097703062636214, 0.5083146524574226], [-0.7912308433560745, 0.517560732979445, 0.32570637113789247]], "T": [-0.03596614033795481, -0.07507856718514827, -0.022983029328522753], "aligned_model": [[-0.0746711089954803, -0.2433545943237839, 0.44119466324125234, 0.5951179222034138, 0.7312793588472353, -0.521672311537055, -0.2355345594690825, 0.33158055671495046, 0.22940294181866788, -0.44146484780289147, 0.07456793727414796, -0.6564483142389828, 0.04720824257896117], [-0.641836776739276, 0.029233313861791788, -0.2510487563153957, -0.5594390877950026, 0.09158828757428983, -0.5239193414110912, -0.5080760080156934, 0.4111693401869637, 0.4409266543736472, 0.5899742221598452, -0.015248997844890505, 0.15138243804978638, -0.08687573440338797], [-0.5042073764155399, -0.6386414825110531, -0.6091421709015243, -0.13114383616140596, -0.21128773472222992, -0.08340134864062695, 0.38982015962559075, -0.5199273481839006, 0.1891005469373513, -0.09493803331262896, 0.680036018361025, 0.4013210566163547, -0.08051813532044834]], "inverted": true, "swapped": true, "error_lsq": 0.048337474386914825, "error_max": 0.2925405540535842, "target": "823.xyz", "model": "4.xyz", "model_rescale": 3.8936222436046832, "target_rescale": 4.11227992809131},
{"mapping": [13, 10, 6, 7, 8, 11, 2, 1, 0, 4, 5, 14], "R": [[-0.5574452797762957, -0.6061827041957442, 0.5672717948118543], [-0.6844987583556594, -0.051077351160872086, -0.7272224927819201], [0.4698044378937777, -0.7936835851473331, -0.3864584800505583]], "T": [0.023231195681726033, -0.12254519915716398, 0.06679407122386863], "aligned_model": [[-0.031792447705152285, -0.5523692363212237, -0.27434563817639085, 0.4359175531452725, -0.5016789100698625, -0.7036271602138756, -0.26521298046387004, -0.052204190469759784, 0.6706888843937713, 0.2672955177277683, 0.06951485459337657, -0.03463820422495671], [-0.4712360760243557, -0.7184265916615515, 0.1377477047189657, 0.029300242310146454, 0.45345546863308495, 0.03468949903981551, -0.21349732815591144, 0.3740334532068288, 0.23610713482371687, -0.7177143457575168, 0.5986370216696258, -0.07417327769304133], [-0.5887033627780726, -0.06848567105456371, -0.6009829209877519, -0.42265378362724526, -0.14438066721278625, 0.32757004931421185, 0.7137568279368043, 0.42648939548434595, 0.31991258423183966, -0.09820651149130377, -0.24342405407183879, -0.001607166468121729]], "inverted": false, "swapped": true, "error_lsq": 0.04544199722866079, "error_max": 0.30211340371071777, "target": "823.xyz", "model": "5.xyz", "model_rescale": 3.6523030999806103, "target_rescale": 4.11227992809131},
{"mapping": [5, 8, 11, 1, 2, 7, 10, 0, 13, 4, 12, 3, 14], "R": [[-0.07552199469149906, 0.8393140375233443, 0.538375681781857], [-0.9653927725018479, -0.19670762712589912, 0.17123931859153596], [0.2496261667354056, -0.5068116571733137, 0.8251234580559609]], "T": [0.053964094568121526, -0.075420787048747, -0.0003834992651503555], "aligned_model": [[0.05521821432770195, -0.0023612110113191837, 0.2341396601934282, 0.5590474526152104, 0.5611746831846142, -0.26661631853131085, -0.3899676425555089, 0.5258950675543972, -0.6846512676513173, -0.28454208728497443, 0.02404219789412619, 0.548785113738939, 0.0009190421903081253], [-0.6171407004041589, -0.07082690306273039, 0.48193442366432737, -0.15901236913157155, 0.4271448399451492, -0.6477267903673926, 0.6352484253519637, -0.6678576823305904, -0.08174214162092273, 0.005588203578043266, 0.4261091666622917, -0.10783760970984652, -0.08305395841137929], [0.5697210706505162, 0.8050409321683961, 0.5268184214861995, 0.3453979788262585, -0.014467193910404852, -0.05157243998211705, -0.05102916290991505, -0.19583584336641874, -0.09364229024448129, -0.5659540138272164, -0.3815569455084826, -0.6090032335539697, 0.08619245965342419]], "inverted": true, "swapped": true, "error_lsq": 0.04928829396148287, "error_max": 0.2394694981651032, "target": "823.xyz", "model": "6.xyz", "model_rescale": 4.08911054899281, "target_rescale": 4.11227992809131},
{"mapping": [0, 6, 4, 3, 9, 2, 13, 1, 7, 12, 10, 5, 8, 11, 14], "R": [[0.8160276728731015, -0.5545977659643497, -0.16285010006955125], [-0.45969220961643176, -0.45189771111839083, -0.7645073780572181], [0.3504024964569647, 0.6987200989475771, -0.6237053100651101]], "T": [0.05676989830135534, 0.15187931930557236, -0.06391379695220027], "aligned_model": [[-0.5177267490915297, -0.14020626735748584, 0.5546994931172099, 0.10874007067356747, 0.008065113061981065, -0.7004555899835424, -0.3792514999923321, -0.543329559072559, -0.1931983603298318, 0.21706132433889566, 0.6766048908058049, 0.5374049131799623, 0.5724853579500837, 0.11611486772575888, 0.029817448235892854], [-0.5830176426316338, -0.21520348973401593, -0.26548797322235423, -0.6333733550519274, -0.14560875782088728, 0.06685326604512723, 0.735421821587783, 0.15205046242384265, 0.27901271132757893, 0.8342791347775191, 0.48367269627896675, 0.3058681384558096, -0.12749263391129056, 0.548429825858431, 0.13377992530617086], [0.05665253571860997, -0.33885664178257835, -0.33726366696622057, 0.020518275530776467, 0.6597477232146375, -0.32757963366584175, -0.13642593808633752, 0.35778120043923395, -0.7854690164935197, -0.19290631066482522, 0.0941767959544721, -0.6346840271085082, 0.28413483430509945, 0.36475499514006826, 0.09829205947215545]], "inverted": true, "swapped": false, "error_lsq": 0.03995549836994378, "error_max": 0.24607378846956438, "target": "823.xyz", "model": "7.xyz", "model_rescale": 3.964800864290218, "target_rescale": 4.11227992809131},
{"mapping": [5, 6, 7, 1, 0, 11, 0, 13, 10, 12, 2, 3, 4, 14], "R": [[-0.04240394878484499, 0.4778223130326282, 0.8774324716441726], [-0.3380947758128862, -0.833272274819343, 0.43743483924515203], [0.9401562783364725, -0.2781063702714247, 0.1968832626684318]], "T": [0.02287703921550996, -0.03321729590251679, 0.07298197117662847], "aligned_model": [[-0.19422483830378845, 0.2820192154362423, 0.3836567824639783, -0.5747170217822694, -0.2411462194372395, -0.43768183277413353, -0.2411462194372395, 0.7149337612191546, 0.36683449669787405, 0.17998463871232617, -0.46397149853351083, -0.12094356533427067, 0.5782681292962969, 0.029322061237452374], [-0.12490037545083957, -0.5476203536124491, 0.18550707436098002, -0.006222796846195172, 0.6450929721741283, -0.6376991474607795, 0.6450929721741283, -0.28823435192757973, -0.5940944232607502, -0.06341960532745158, -0.08510033897864563, 0.6273399824958827, 0.16786535659738894, -0.11265849875661513], [-0.6773128013514929, -0.4470808191734818, -0.4319179169830895, -0.08133658585133757, -0.21352952262740182, 0.28163754184189776, -0.21352952262740182, -0.028573971982730095, 0.5943275527005474, 0.6830031455441523, 0.5929048425990335, 0.4721014871518759, 0.3765036385738843, 0.009617970910565224]], "inverted": false, "swapped": true, "error_lsq": 0.044016613299582494, "error_max": 0.41412461165513775, "target": "823.xyz", "model": "8.xyz", "model_rescale": 4.121658175737393, "target_rescale": 4.11227992809131},
{"mapping": [6, 8, 11, 10, 5, 7, 1, 3, 2, 0, 13, 12, 14], "R": [[0.8450764110885947, -0.48348178674395065, -0.22823501332726653], [0.5047906639986556, 0.5808762706142572, 0.638568041618956], [-0.1761597143543804, -0.6548496927724327, 0.7349419262189592]], "T": [-0.024865385151976734, 0.011180256601857848, 0.06531220747039038], "aligned_model": [[-0.6145726125174464, -0.2703313466991462, 0.36425681365893536, 0.26563790671145354, -0.5883231749243412, -0.6359481202798944, 0.1183246614456227, 0.4065874682292425, 0.6612759274560038, -0.14307350723285822, -0.44232928120225534, 0.44050000172394926, -0.0852672399340686], [0.18766233121035797, -0.23063496492669452, -0.046393412014930295, 0.7312829201646646, -0.46085769234459234, 0.0021081784179371246, -0.5545674948040747, -0.17907342839595683, -0.13871126166616274, -0.5847043259444431, 0.6273759050815361, 0.41844066848943395, 0.018460016144634595], [-0.4072657675975321, -0.6648754526058168, -0.617563416399647, -0.2536722612300951, -0.21428885096852898, 0.30907819889515287, -0.1373887399788536, 0.6929814221244446, -0.06420911501831353, 0.5581106866963063, 0.04751801700446193, 0.18898445212522774, -0.01633373908771761]], "inverted": false, "swapped": true, "error_lsq": 0.04141465063545973, "error_max": 0.22212396906403467, "target": "823.xyz", "model": "9.xyz", "model_rescale": 3.833441315466971, "target_rescale": 4.11227992809131},
{"mapping": [4, 6, 7, 3, 2, 1, 0, 5, 12, 10, 8, 11, 9, 13, 14], "R": [[-0.359840937577576, -0.7498361107324856, -0.5552119475343363], [-0.5694189489654605, 0.6478946267070289, -0.5059591023425014], [0.7391052429812422, 0.13408340585523376, -0.6601098999953715]], "T": [-0.0021170854742088296, 0.11356575351808185, -0.13889340873864975], "aligned_model": [[-0.4133697300574133, -0.39843803732667205, 0.5001662424002679, 0.226124952202488, 0.112337254132819, -0.6824902771909219, -0.3828054181852336, -0.48812991288333607, -0.13948549695647158, 0.31513011578729033, 0.6795081320773947, 0.5183034046894248, 0.623835358560879, -0.1789007214504668, 0.05503958746182723], [-0.559560590077061, -0.26730838443721977, -0.2847317953004423, -0.6316376580504739, 0.004863825570185776, 0.3077147617745664, 0.6682456138783711, 0.07310748992762121, 0.27578762127905254, 0.8632725888519385, 0.4281670396648476, 0.21442138857264215, -0.10495342356798659, 0.5230895390450268, 0.05870611255805158], [-0.021911495727309382, -0.5377595043202106, -0.32050975691885203, 0.2443810325842839, 0.5623443183790262, -0.3510429208758718, -0.032923566084918976, 0.32971075467439676, -0.7026611290435236, -0.25312132942929877, 0.07080269501454334, -0.5682274690450214, 0.3283784966706549, 0.5219578275871586, -0.08654476845783544]], "inverted": true, "swapped": false, "error_lsq": 0.03532817153671315, "error_max": 0.269626447304239, "target": "823.xyz", "model": "10.xyz", "model_rescale": 4.2482417240324, "target_rescale": 4.11227992809131},
{"mapping": [0, 3, 4, 12, 5, 6, 7, 9, 2, 8, 1, 14], "R": [[0.7765939924170162, 0.5438543976282461, 0.3180002596260216], [-0.43284690700607575, 0.8273654983186967, -0.3579244156063237], [-0.45776121071697745, 0.14031652209298984, 0.8779327694024495]], "T": [0.0439328525468891, -0.014003331949846286, -0.005949614906290736], "aligned_model": [[-0.6645818838686649, -0.1537091761346005, 0.4036891073361419, 0.5321545378972313, -0.49434247863898145, 0.13806235148136198, -0.22353476501460035, 0.5644145835908092, 0.16104493385233654, -0.06580406368562187, -0.3729833388177109, 0.05235579436530597], [-0.31217666151040335, -0.7728695182642743, -0.3140986130195801, -0.4088144834345343, 0.5593517936949901, 0.7396649501970671, 0.22613386495502244, 0.5613686130742671, -0.3940599865180407, 0.6778299788640086, 0.016751338249683285, 0.08705011376243385], [0.13896922717579652, 0.03115041390423303, 0.4647277247615762, -0.06497970137065737, -0.008146365786292, 0.15328052388832786, 0.5451596941857827, -0.21238813016592045, -0.5991400066238709, -0.4074799846579009, -0.4608085176456647, -0.015152587811053476]], "inverted": false, "swapped": true, "error_lsq": 0.045136181472735765, "error_max": 0.2419827893630749, "target": "823.xyz", "model": "11.xyz", "model_rescale": 3.6694154284099745, "target_rescale": 4.11227992809131},
{"mapping": [5, 6, 13, 9, 8, 0, 1, 3, 10, 12, 4, 2, 7, 14], "R": [[0.5792965674025308, 0.3354218764326191, -0.7429048739953628], [0.35719053322087513, 0.7147810306300837, 0.6012511964468613], [0.7326871160140815, -0.6136613423231222, 0.29426067859153693]], "T": [0.0035083924808330808, -0.0063694468105074745, 0.04093419074703616], "aligned_model": [[-0.03996042824757072, 0.12278408998109609, -0.18057627965198447, 0.5577145360631746, 0.511993710804245, -0.4904977381092568, 0.24326728047638618, -0.32915822151718405, 0.43391560166941495, 0.13269616542720625, -0.3514851813540785, 0.4549329220036306, -0.5117912862264864, 0.044429678937217], [-0.3418275502759287, 0.31530910066262535, 0.6742893051801336, 0.4714201310108875, -0.1337270519796613, -0.6125296581305282, -0.5683367212047975, -0.3267198096159469, 0.674788701779566, 0.2972882099457615, 0.4542642081324087, -0.26580012599431124, 0.0736021010005507, 0.018966447625494334], [-0.6690373441927515, -0.6551453300448695, -0.19803507871956824, -0.289434751187204, -0.5731707514443308, 0.06166286946803177, -0.050553731402837136, 0.6757768809876958, 0.2764428122743787, 0.5783570757318801, 0.3615821240430117, 0.5297539509231863, -0.3603102023778103, -0.04879306440639717]], "inverted": false, "swapped": true, "error_lsq": 0.03917187460075832, "error_max": 0.24914208946432365, "target": "823.xyz", "model": "12.xyz", "model_rescale": 3.9764082729961374, "target_rescale": 4.11227992809131},
{"mapping": [12, 13, 6, 5, 0, 10, 8, 1, 11, 3, 7, 14, 4, 2, 15], "R": [[-0.20978533222053686, -0.9388583229765408, 0.27301128870945346], [0.9611882764371025, -0.2492012024868687, -0.11838858863493205], [0.17918485322423736, 0.23757906064461204, 0.9546983703339147]], "T": [0.00760272502119087, 0.00791813442282488, -0.022536016687992946], "aligned_model": [[-0.5007591094201983, -0.12222892805028289, 0.5009791962942303, 0.3164366833581611, 0.21944258909493503, -0.715147130638067, -0.24800126060134547, -0.5561081214566529, -0.22022925396631673, 0.3432649598610683, 0.43754423859578695, 0.3150777748297007, 0.6790204143641378, -0.2071020989902449, 0.10463549998696392], [-0.37192337132357634, -0.28182142745072136, -0.4043564828391861, -0.6894586674318153, 0.024980447596273117, 0.25965801529348387, 0.6638786572015789, 0.1213335524503392, 0.42562923582715284, 0.7144798982936477, 0.48391660384769564, 0.12941971305926883, -0.07684394905871557, 0.519351477668717, 0.05094042655497788], [-0.0896345319022681, -0.5456758396158149, -0.43517157411713375, 0.3254741674268269, 0.6716834608266112, -0.26831351256996705, -0.08605949060312813, 0.24707407729565706, -0.6582676612233501, -0.3332525840796627, 0.37697549870719066, -0.7502066150422042, 0.21804120048037134, 0.5506980435951232, -0.0404914541710297]], "inverted": true, "swapped": false, "error_lsq": 0.04085838198041873, "error_max": 0.31512237469167537, "target": "823.xyz", "model": "13.xyz", "model_rescale": 4.170626492500431, "target_rescale": 4.11227992809131},
{"mapping": [1, 0, 2, 3, 11, 10, 12, 5, 8, 7, 6, 4, 9, 14], "R": [[0.475894108267942, -0.4702148046366858, 0.7432515289027962], [-0.7740177179379046, -0.6252078973157289, 0.10005827028408854], [0.41763784554810035, -0.6229069935668798, -0.6614873448006489]], "T": [-0.10024571367586109, -0.04967287905805587, 0.09989349813017273], "aligned_model": [[0.23994733206888275, -0.16229795251401163, -0.2497995909572055, -0.6981365959864595, 0.272280774722246, -0.30618977483416265, -0.5894124441338959, 0.5827607392379909, 0.6819363808307152, -0.0030002649633352058, 0.4570328509027498, -0.6581710067535993, 0.2890221413730875, -0.012789566901358518], [-0.2608520277905506, -0.8103089808788826, 0.18418911313633363, -0.4080149549677302, 0.4793002378482719, 0.753581590542403, 0.32909823209113787, -0.4133241620980317, 0.1437182221152, -0.4358488971216923, 0.14382586965855942, 0.045192351349658266, 0.6222344603351537, -0.016716586294164226], [-0.3705675954045068, -0.07181607420530758, -0.5581151245278482, -0.2612631463512493, -0.35006359719504493, 0.23050896684035552, -0.022455043597083058, 0.24039683475358342, 0.04799733652791904, 0.6236660404865881, 0.6041050756358812, 0.44736846710052075, 0.30381022708843297, 0.1403007339686252]], "inverted": true, "swapped": true, "error_lsq": 0.04431247426916361, "error_max": 0.2791778944403612, "target": "823.xyz", "model": "14.xyz", "model_rescale": 3.9786697098870705, "target_rescale": 4.11227992809131},
{"mapping": [11, 1, 10, 9, 12, 4, 5, 7, 13, 6, 0, 14], "R": [[-0.43729232648709004, -0.6840603608982366, -0.5838123361520229], [-0.11260479286394992, 0.6857104779157788, -0.7191114663948708], [0.8922418852640663, -0.2487218589595386, -0.3768844054297501]], "T": [-0.07512004842917078, 0.13145655711544035, -0.08128126492816365], "aligned_model": [[-0.10341254823945481, -0.6297973967753995, 0.6415941156459102, 0.40410243618591957, 0.2726259354580918, 0.3895528012204773, -0.46283404277394335, -0.04978646034962236, 0.5765965413665142, 0.20077355073225037, -0.701689277183826, -0.0543710585195804], [-0.42714711352778045, -0.09168089962061798, -0.012983686511792103, -0.5004996515004743, 0.4200323434192577, 0.6007486707392838, -0.33983480163845464, 0.20339769542847397, 0.07734991983437806, -0.45519146868214133, 0.5022219087454287, 0.03826157353887766], [-0.636449171240959, -0.23685856531376942, -0.4937723835730783, -0.20597340054643512, -0.5211875694299266, -0.011546384516177177, 0.41474652837985526, 0.5722544665223288, 0.27456669883209905, 0.34528326120363373, 0.20480612133367573, -0.045903107777417226]], "inverted": true, "swapped": true, "error_lsq": 0.05213930062963598, "error_max": 0.3027539656879844, "target": "823.xyz", "model": "15.xyz", "model_rescale": 3.769337070930944, "target_rescale": 4.11227992809131},
{"mapping": [7, 4, 5, 6, 0, 3, 1, 12, 11, 9, 14], "R": [[0.28000847058863254, -0.8665170285823075, -0.4132111997217693], [-0.5313372044658969, 0.2186018966804285, -0.8184705162179547], [0.7995473916841834, 0.44873316118224216, -0.3992023528317577]], "T": [0.021372999760147435, -0.01772565397545093, -0.012102011021599943], "aligned_model": [[-0.37891998520602715, -0.1983799133922276, -0.16567990701740926, -0.6326239621422494, 0.41133805281524694, 0.598572340947901, 0.4393616201347995, 0.14197436739889563, 0.20277574828500466, -0.44980780666995135, -0.045984424462812215], [0.05440768881545018, -0.6375381023267892, 0.6849946325780671, 0.38975418424559544, 0.10051031966193083, -0.45881660008797004, 0.43715820259261456, -0.5398303399368805, 0.3219420400980982, 0.19066076944102153, 0.05282170254420387], [-0.5292949898930942, -0.10462273673696307, -0.311562637670751, 0.07997748968443674, -0.6798215995491474, -0.30975343493969054, -0.01737192879815536, 0.32043793772405865, 0.6754798612174177, 0.6036371498586219, 0.01711249632704372]], "inverted": false, "swapped": true, "error_lsq": 0.04515290686607272, "error_max": 0.2355742485582689, "target": "823.xyz", "model": "16.xyz", "model_rescale": 3.7852294659196426, "target_rescale": 4.11227992809131},
{"mapping": [4, 9, 11, 10, 13, 6, 5, 8, 2, 3, 7, 1, 14], "R": [[0.43173809383431416, -0.8364965895691763, -0.33745469913967807], [-0.8798833894250286, -0.4729053046676282, 0.046538090110594316], [-0.19851307097074736, 0.27682851814138554, -0.940190689273941]], "T": [0.0972158553680686, 0.17041633736888634, -0.11404671564579465], "aligned_model": [[-0.044617743234207835, -0.33095836261875816, 0.30159507080718384, -0.07642707326639298, -0.5579659815989424, -0.5928975973751147, -0.21398287063893856, -0.1569704255207865, 0.7213876925509193, 0.6947525427890269, -0.3610243587894911, 0.4465621222324844, 0.024312834879300388], [0.02308713958004474, -0.4048546870540615, -0.3350864854256311, -0.637644488729652, -0.043707327462272266, 0.12295397141037881, 0.6523520454780505, 0.10178555020749469, -0.15150485841395356, 0.38791236021671205, 0.6194334319400759, 0.38391716382751273, 0.15641180812817462], [-0.7458664972635894, 0.24692565942555206, 0.4549400707074512, -0.2609376091214113, -0.39543191709198594, 0.23769356544949133, 0.42388876762504163, 0.6492234254119087, 0.015604364059888201, -0.5744400904915314, -0.2600803599233068, 0.3485937113509097, -0.044358392995243745]], "inverted": false, "swapped": true, "error_lsq": 0.040789444054038664, "error_max": 0.2559983428465381, "target": "823.xyz", "model": "17.xyz", "model_rescale": 3.901054581598922, "target_rescale": 4.11227992809131},
{"mapping": [10, 5, 8, 4, 1, 9, 12, 11, 13, 3, 0, 2, 1, 7, 14], "R": [[-0.3856519405132573, -0.27149119195412064, -0.8817965261156852], [0.5919490853531792, 0.6602915605031168, -0.4621810635215311], [0.7077208921092367, -0.7002196711173501, -0.09393375885386765]], "T": [-0.0055474430331532674, 0.05690423837832422, -0.04168936064672526], "aligned_model": [[-0.5416986933053898, -0.0794237320226878, 0.42844930054681346, 0.14525915683723686, 0.4524117294918535, -0.5665777268318062, -0.38939379215970016, -0.7068172363639388, -0.17453526995728189, 0.2016357856732959, 0.6271992818595953, 0.4960722684943202, 0.4524117294918535, 0.05346958200081467, -0.051636930493102765], [-0.5615660788952894, -0.15311889348545044, -0.3847450555429294, -0.671187002071789, -0.012730390260817383, 0.026686932432166847, 0.6901725514070325, 0.1785791007118487, 0.42263008630549886, 0.7652080998264071, 0.45423107615812963, 0.24866119684127042, -0.012730390260817383, 0.49286824756633596, 0.08622464895752362], [0.008211056303978427, -0.6252290979422128, -0.2804590820954793, 0.22796687407658964, 0.47899284975644973, -0.3859589590960412, 0.018379999706170998, 0.31906941438804964, -0.6459988151565721, -0.23863259894974823, 0.08971644065932796, -0.6704540510327572, 0.47899284975644973, 0.454424937923775, -0.04614863329075823]], "inverted": false, "swapped": false, "error_lsq": 0.03798236059145967, "error_max": 0.3031530454152335, "target": "823.xyz", "model": "18.xyz", "model_rescale": 3.9405287249114394, "target_rescale": 4.11227992809131},
{"mapping": [14, 12, 4, 13, 9, 3, 2, 10, 1, 6, 8, 0, 7, 5, 15], "R": [[0.730160169567426, -0.48359696202649627, 0.48270084430836846], [-0.39333593579035053, 0.28016578008346205, 0.8756677322398919], [-0.5587065136484428, -0.8292412881598271, 0.014349829888668291]], "T": [0.030983904368763304, -0.001523161731908751, -0.06652819278451547], "aligned_model": [[-0.5715223991860279, -0.08523227889698859, 0.5916459976229544, 0.009862782569274808, 0.3359602269701642, -0.6729958522243084, -0.4025543442226947, -0.7011596968965008, -0.1434276177880199, 0.15882137380628783, 0.5892456162486275, 0.4578148055636507, 0.6547158919130895, 0.12190932844161345, 0.0037416193407537185], [-0.4762426964931808, -0.3494005021527914, -0.2691114815886172, -0.5793973267968504, -0.022898838514060868, -0.004277959309801516, 0.7329529006372282, 0.1640697565827815, 0.37947855825396015, 0.7283359096871134, 0.49381441101892964, 0.30929118034751646, -0.18551167075369562, 0.622985232741271, 0.02509665602931753], [0.04008550037433267, -0.4734854595561354, -0.45216991366047443, 0.27544431040308703, 0.6374195112753576, -0.5459377340656939, 0.10054898647113822, 0.1668144082914146, -0.5763690839321384, -0.16268833456577975, 0.05698984478987515, -0.5068508977394675, 0.20316086002128012, 0.47475221074822993, -0.05484102384780423]], "inverted": true, "swapped": false, "error_lsq": 0.04199433452578945, "error_max": 0.25020957552543144, "target": "823.xyz", "model": "19.xyz", "model_rescale": 4.410303926677745, "target_rescale": 4.11227992809131},
{"mapping": [5, 6, 7, 1, 0, 11, 0, 13, 10, 12, 2, 3, 4, 14], "R": [[-0.04240394878484499, 0.4778223130326282, 0.8774324716441726], [-0.3380947758128862, -0.833272274819343, 0.43743483924515203], [0.9401562783364725, -0.2781063702714247, 0.1968832626684318]], "T": [0.02287703921550996, -0.03321729590251679, 0.07298197117662847], "aligned_model": [[-0.19422483830378845, 0.2820192154362423, 0.3836567824639783, -0.5747170217822694, -0.2411462194372395, -0.43768183277413353, -0.2411462194372395, 0.7149337612191546, 0.36683449669787405, 0.17998463871232617, -0.46397149853351083, -0.12094356533427067, 0.5782681292962969, 0.029322061237452374], [-0.12490037545083957, -0.5476203536124491, 0.18550707436098002, -0.006222796846195172, 0.6450929721741283, -0.6376991474607795, 0.6450929721741283, -0.28823435192757973, -0.5940944232607502, -0.06341960532745158, -0.08510033897864563, 0.6273399824958827, 0.16786535659738894, -0.11265849875661513], [-0.6773128013514929, -0.4470808191734818, -0.4319179169830895, -0.08133658585133757, -0.21352952262740182, 0.28163754184189776, -0.21352952262740182, -0.028573971982730095, 0.5943275527005474, 0.6830031455441523, 0.5929048425990335, 0.4721014871518759, 0.3765036385738843, 0.009617970910565224]], "inverted": false, "swapped": true, "error_lsq": 0.044016613299582494, "error_max": 0.41412461165513775, "target": "823.xyz", "model": "20.xyz", "model_rescale": 4.121658175737393, "target_rescale": 4.11227992809131},
{"mapping": [5, 8, 11, 1, 2, 7, 10, 0, 13, 4, 12, 3, 14], "R": [[-0.07552199469149906, 0.8393140375233443, 0.538375681781857], [-0.9653927725018479, -0.19670762712589912, 0.17123931859153596], [0.2496261667354056, -0.5068116571733137, 0.8251234580559609]], "T": [0.053964094568121526, -0.075420787048747, -0.0003834992651503555], "aligned_model": [[0.05521821432770195, -0.0023612110113191837, 0.2341396601934282, 0.5590474526152104, 0.5611746831846142, -0.26661631853131085, -0.3899676425555089, 0.5258950675543972, -0.6846512676513173, -0.28454208728497443, 0.02404219789412619, 0.548785113738939, 0.0009190421903081253], [-0.6171407004041589, -0.07082690306273039, 0.48193442366432737, -0.15901236913157155, 0.4271448399451492, -0.6477267903673926, 0.6352484253519637, -0.6678576823305904, -0.08174214162092273, 0.005588203578043266, 0.4261091666622917, -0.10783760970984652, -0.08305395841137929], [0.5697210706505162, 0.8050409321683961, 0.5268184214861995, 0.3453979788262585, -0.014467193910404852, -0.05157243998211705, -0.05102916290991505, -0.19583584336641874, -0.09364229024448129, -0.5659540138272164, -0.3815569455084826, -0.6090032335539697, 0.08619245965342419]], "inverted": true, "swapped": true, "error_lsq": 0.04928829396148287, "error_max": 0.2394694981651032, "target": "823.xyz", "model": "21.xyz", "model_rescale": 4.08911054899281, "target_rescale": 4.11227992809131},
{"mapping": [12, 9, 15, 14, 4, 10, 6, 7, 5, 8, 1, 11, 2, 0, 16], "R": [[-0.6109956275068706, -0.39614779253836596, 0.6853840307699512], [-0.7302790772798123, -0.05214261646360657, -0.6811560884523278], [0.3055761974611759, -0.9167050092670539, -0.257439533735321]], "T": [0.030322843252809883, 0.054825616786986955, -0.014163745559341523], "aligned_model": [[-0.5014654956295507, -0.23500265498516792, 0.6461240116769682, 0.07730482857824618, 0.1937225073471094, -0.6957343879328656, -0.32108390192246117, -0.6052604836583579, -0.19166234826619527, 0.1793014834772354, 0.6681326159959845, 0.4997231548354757, 0.6399298505509509, -0.02461628105264967, 0.017412554247153614], [-0.45673887616306286, -0.32212767234005035, -0.26427000711536813, -0.5830980913638362, -0.01991508100924584, 0.1374903254893846, 0.7111485953511245, 0.20280568909475266, 0.20442810643550408, 0.6550317477707372, 0.5203866613869842, 0.26012964496290447, -0.08843281438478671, 0.5506901654097367, 0.06165573616434193], [0.007571898336879705, -0.5573545125681297, -0.23882776508178685, -0.06582244841808052, 0.6596363462591157, -0.35642512549151445, 0.022134681478061607, 0.26855859307302377, -0.6669046771588574, -0.32772392024112657, 0.06614807679763689, -0.5828522664205296, 0.34515526023420023, 0.5784402033129052, 0.031138840895423923]], "inverted": false, "swapped": false, "error_lsq": 0.04006262543724258, "error_max": 0.3499736765033343, "target": "823.xyz", "model": "22.xyz", "model_rescale": 4.204369325754507, "target_rescale": 4.11227992809131},
{"mapping": [14, 12, 4, 13, 9, 3, 2, 10, 1, 6, 8, 0, 7, 5, 15], "R": [[0.730160169567426, -0.48359696202649627, 0.48270084430836846], [-0.39333593579035053, 0.28016578008346205, 0.8756677322398919], [-0.5587065136484428, -0.8292412881598271, 0.014349829888668291]], "T": [0.030983904368763304, -0.001523161731908751, -0.06652819278451547], "aligned_model": [[-0.5715223991860279, -0.08523227889698859, 0.5916459976229544, 0.009862782569274808, 0.3359602269701642, -0.6729958522243084, -0.4025543442226947, -0.7011596968965008, -0.1434276177880199, 0.15882137380628783, 0.5892456162486275, 0.4578148055636507, 0.6547158919130895, 0.12190932844161345, 0.0037416193407537185], [-0.4762426964931808, -0.3494005021527914, -0.2691114815886172, -0.5793973267968504, -0.022898838514060868, -0.004277959309801516, 0.7329529006372282, 0.1640697565827815, 0.37947855825396015, 0.7283359096871134, 0.49381441101892964, 0.30929118034751646, -0.18551167075369562, 0.622985232741271, 0.02509665602931753], [0.04008550037433267, -0.4734854595561354, -0.45216991366047443, 0.27544431040308703, 0.6374195112753576, -0.5459377340656939, 0.10054898647113822, 0.1668144082914146, -0.5763690839321384, -0.16268833456577975, 0.05698984478987515, -0.5068508977394675, 0.20316086002128012, 0.47475221074822993, -0.05484102384780423]], "inverted": true, "swapped": false, "error_lsq": 0.04199433452578945, "error_max": 0.25020957552543144, "target": "823.xyz", "model": "23.xyz", "model_rescale": 4.410303926677745, "target_rescale": 4.11227992809131},
{"mapping": [2, 5, 8, 3, 1, 12, 13, 0, 6, 14, 11, 15, 10, 7, 16], "R": [[-0.6833352295206384, 0.4559023038215557, -0.5702684047588245], [-0.39179277277370517, -0.8880661591064188, -0.24049307734790337], [-0.6160774198899586, 0.05908964731804323, 0.7854661203906639]], "T": [0.11762783536514347, 0.15685792299447748, -0.07452662138331825], "aligned_model": [[-0.3766290147045902, -0.22434153901817194, 0.6541808869981854, 0.005040943448329935, 0.15675857364167034, -0.6706031156046811, -0.22427158491508592, -0.5165864883136281, -0.23070228982629692, 0.3645154522204789, 0.5217285549550269, 0.34444634498642335, 0.6351823697817034, -0.18908434516537403, 0.09719070477788586], [-0.6080633405926799, -0.12793421622311696, -0.3783476080031118, -0.6009785217954127, 0.027843884166103366, 0.23987105618967497, 0.7651174228019928, -0.11066714012847606, 0.5218265578632879, 0.7153710017574386, 0.5182333945979394, 0.2239086103884563, -0.16618383649230034, 0.4791791420700214, 0.07000772308930317], [-0.015369391480703681, -0.518995313027266, -0.39291715143613326, 0.3969170118866545, 0.7729163045281924, -0.20860354868261186, -0.16003563339428206, 0.2362600310454913, -0.6431759942009708, -0.36651914784392303, 0.2523248182051845, -0.7478554859420311, 0.1525532584126679, 0.4194041093170181, 0.0059693176199351605]], "inverted": true, "swapped": false, "error_lsq": 0.043653919561023165, "error_max": 0.2574671596221341, "target": "823.xyz", "model": "24.xyz", "model_rescale": 4.28219845311461, "target_rescale": 4.11227992809131},
{"mapping": [8, 1, 0, 6, 14, 5, 9, 11, 3, 7, 13, 4, 2, 12, 15], "R": [[-0.6118263701542936, -0.6357618538034071, 0.4706116849720972], [-0.790837974027313, 0.4799168257087937, -0.3798093459065618], [0.01561382785213955, -0.6045549649536016, -0.7964103858751174]], "T": [0.018994557283957943, 0.1396475128435331, -0.0279110761688739], "aligned_model": [[-0.403662936549109, -0.19966662754190942, 0.47727136615050647, 0.15862679304846036, 0.1405293531807907, -0.7965514531546428, -0.35518228126185525, -0.36844916157670393, -0.1227883361789735, 0.2727457173204159, 0.40507119952277004, 0.5215736622820984, 0.6206738135664809, -0.06805776506478867, 0.06469210951833547], [-0.4093177700082435, -0.1550902272326487, -0.4500030296065844, -0.7261426971592375, -0.0775602055198244, 0.026388740441568997, 0.6959275312470008, 0.2157021520972912, 0.34970594790098875, 0.8125466509962835, 0.5246440152014773, 0.18075430712811355, -0.08795908062461122, 0.5793511294490983, 0.09023666537844718], [-0.07199982823835013, -0.5525007726670077, -0.35631445051082744, 0.17971186562655045, 0.6919463578861815, -0.24548367611156713, -0.11403841503271861, 0.34702908947358646, -0.7599072577451962, -0.32517039798008723, 0.2079680802370244, -0.5574137180023451, 0.2065187332774851, 0.5913647290671293, -0.058837154272635736]], "inverted": true, "swapped": false, "error_lsq": 0.041104094686102495, "error_max": 0.2673734033840404, "target": "823.xyz", "model": "25.xyz", "model_rescale": 4.100010024507729, "target_rescale": 4.11227992809131},
{"mapping": [0, 3, 4, 12, 5, 6, 7, 9, 2, 8, 1, 14], "R": [[0.7765939924170162, 0.5438543976282461, 0.3180002596260216], [-0.43284690700607575, 0.8273654983186967, -0.3579244156063237], [-0.45776121071697745, 0.14031652209298984, 0.8779327694024495]], "T": [0.0439328525468891, -0.014003331949846286, -0.005949614906290736], "aligned_model": [[-0.6645818838686649, -0.1537091761346005, 0.4036891073361419, 0.5321545378972313, -0.49434247863898145, 0.13806235148136198, -0.22353476501460035, 0.5644145835908092, 0.16104493385233654, -0.06580406368562187, -0.3729833388177109, 0.05235579436530597], [-0.31217666151040335, -0.7728695182642743, -0.3140986130195801, -0.4088144834345343, 0.5593517936949901, 0.7396649501970671, 0.22613386495502244, 0.5613686130742671, -0.3940599865180407, 0.6778299788640086, 0.016751338249683285, 0.08705011376243385], [0.13896922717579652, 0.03115041390423303, 0.4647277247615762, -0.06497970137065737, -0.008146365786292, 0.15328052388832786, 0.5451596941857827, -0.21238813016592045, -0.5991400066238709, -0.4074799846579009, -0.4608085176456647, -0.015152587811053476]], "inverted": false, "swapped": true, "error_lsq": 0.045136181472735765, "error_max": 0.2419827893630749, "target": "823.xyz", "model": "26.xyz", "model_rescale": 3.6694154284099745, "target_rescale": 4.11227992809131},
