[{"mapping": [11, 12, 10, 1, 5, 8, 3, 9, 13, 4, 2, 14], "R": [[0.31985491744351324, 0.9189643412349682, -0.2306455534489767], [0.35078872091570723, -0.3409949531813161, -0.8721638121265951], [-0.8801364127597073, 0.19805802544570986, -0.4314312384274246]], "T": [-0.06429219071121121, -0.07850018581980513, 0.0683160002391569], "aligned_model": [[-0.24984439803749908, 0.17979427041829277, 0.41727556756685213, 0.045504600166305656, -0.3068250880924589, -0.5547973063156015, 0.48549795291550374, -0.33781150436133545, 0.5924561506132705, 0.12552756543831434, -0.5013951682205592, -0.05774017963053613], [-0.3919003504707854, -0.739914102946384, -0.2792975691273639, 0.7150463986308095, 0.42775712078273387, -0.6638672844744302, -0.17426164177086512, -0.5564293725718492, 0.16186215076532962, 0.38641523271392236, 0.29133397127798744, -0.1231895168320474], [-0.6344739965636896, 0.2037546507625098, -0.5996576483156633, -0.016106815828617005, -0.39546827200249124, -0.06457954946758218, 0.5517461356125062, 0.5413831493070309, -0.15366418350343541, 0.5188036954742088, 0.13562472127959094, 0.09458985859919486]], "inverted": false, "swapped": true, "error_lsq": 0.053449765697668995, "error_max": 0.34728378231394913, "target": "825.xyz", "model": "0.xyz", "model_rescale": 3.751011558992144, "target_rescale": 4.188742012291649},
{"mapping": [12, 6, 7, 9, 11, 1, 0, 3, 2, 13, 4, 8, 5, 10, 14], "R": [[-0.17725753149230333, -0.98393711279731, -0.021154800621812797], [-0.4019518262740886, 0.05275799186317082, 0.9141396630983094], [-0.8983398560033835, 0.17054135086441408, -0.4048470708318894]], "T": [0.026906749116337454, -0.044865505193066216, 0.036165882781822374], "aligned_model": [[-0.5467410537842547, 0.3922699774505366, 0.0036436361644290767, -0.34395999402273203, -0.1080587887839862, 0.5354078863866524, 0.029358564140827458, -0.5386637944675378, -0.29384790094066715, -0.6470881780778532, 0.7751156123684491, 0.3745334686474232, -0.17282123267876903, 0.32590972020987646, -0.01377622208958227], [-0.21009214838647639, -0.18752691370494717, -0.558930751472948, 0.48755939443354923, 0.19870643555699863, -0.5180897015610009, -0.7679776696716865, -0.5456261125899842, -0.24251983726020604, 0.08490444601032153, 0.20045480748692895, 0.03989612148378062, 0.3733456687438717, 0.6784768181003569, -0.0307243883549066], [-0.4061049151277521, -0.6040553127223242, -0.3820120386107773, -0.07859999379001345, -0.7116228588994087, -0.020145775003710363, 0.2655287060239856, 0.14919094116484088, 0.7722279192094659, 0.2736375572647941, 0.11083455792327965, 0.5950839292349883, 0.45484737780872475, -0.20842940486405612, 0.002272858251761406]], "inverted": false, "swapped": false, "error_lsq": 0.0451880786551329, "error_max": 0.3174750362507368, "target": "825.xyz", "model": "1.xyz", "model_rescale": 3.9405287249114394, "target_rescale": 4.188742012291649},
{"mapping": [10, 13, 12, 2, 4, 12, 11, 5, 0, 9, 7, 8, 14], "R": [[0.42673591658152205, -0.4602888559933765, -0.7784796892325689], [0.8769789703539514, 0.4208811638658983, 0.23187697483754185], [0.22091705017098925, -0.7816605496960912, 0.5832687562286814]], "T": [0.052197696795570514, -0.005920572634521691, -0.06144325143627652], "aligned_model": [[-0.10978016275013971, 0.24792219044552355, -0.6435305897806635, 0.4546456640119393, 0.43116015735641294, -0.6435305897806635, -0.14486221070476724, 0.6378125197112505, 0.15981185085710506, -0.45152365876686285, 0.00874314810956281, -0.4548967341994353, 0.004011694774669242], [0.824044325561859, 0.5630693959739967, 0.062312857357027567, -0.3413874361009372, -0.2623594090724856, 0.062312857357027567, 0.44631287453906704, 0.19162799812334202, -0.6824918089819844, -0.5286214562656609, -0.6751888689534316, -0.17988526452271913, -0.02091347144308417], [-0.0036736149598243506, -0.4813360673594176, -0.22483403642834035, 0.1791069467163939, -0.557168605261618, -0.22483403642834035, 0.5576006618417034, 0.3235818897587849, -0.24014599609826526, -0.05306278498850742, 0.41441312068172875, 0.49846983091076214, -0.07499695879641563]], "inverted": false, "swapped": true, "error_lsq": 0.05231985473110764, "error_max": 0.40157490181514593, "target": "825.xyz", "model": "2.xyz", "model_rescale": 3.932901565614263, "target_rescale": 4.188742012291649},
{"mapping": [9, 4, 0, 12, 7, 6, 2, 8, 10, 11, 1, 13, 5, 14], "R": [[0.30248641366116036, 0.043410685459624385, -0.9521646296404498], [0.13258311793752928, 0.9873345257252488, 0.08713352482747964], [0.9438875390576849, -0.15259766282228365, 0.2928997557404309]], "T": [0.06546051167232471, 0.01620796217012703, -0.015900762766160453], "aligned_model": [[-0.40005775571688545, 0.6306183691843884, 0.207875585751783, -0.43649583527835956, -0.26211738169043, -0.17959771905174682, 0.260943044239581, -0.6692018650053408, -0.05037065419915547, -0.3971610353611106, 0.8230972229732869, 0.48698674302192485, 0.3746646912910002, 0.030626501893768164], [-0.04354409373773313, 0.04102665016933476, -0.28379571198615416, 0.49089319864893755, -0.6621343732730797, -0.5443347409227856, -0.5227802285173846, -0.23092789107928885, 0.5098501886830318, -0.07053415953464799, -0.17577154781929422, 0.5295727575073748, -0.41377011729812335, 0.03974670751030097], [-0.5697455826914197, -0.3834571238750616, -0.641184584022169, -0.21110309460678356, -0.3457371417026053, 0.2514057043181105, -0.07627534675947036, -0.0055955171954406024, 0.6633019929231811, 0.6205111895065863, 0.1791100325410086, 0.2957719210674845, 0.4838253066583311, -0.046931393104654245]], "inverted": false, "swapped": true, "error_lsq": 0.051869672432999246, "error_max": 0.3006370013080165, "target": "825.xyz", "model": "3.xyz", "model_rescale": 3.9243930471874484, "target_rescale": 4.188742012291649},
{"mapping": [9, 8, 7, 0, 2, 12, 3, 6, 5, 10, 1, 13, 14], "R": [[0.25544018288207415, 0.8211242751677404, 0.5103971372367063], [-0.8962397852700211, 0.399114905512268, -0.19354983724374392], [-0.36263557501756355, -0.4079978148571216, 0.837874228511353]], "T": [-0.03617698103424498, -0.0634260952603437, -0.03567686147421088], "aligned_model": [[-0.00978894125558509, -0.09327136472687712, 0.5322092776499413, 0.44956423684597524, 0.5319640117521325, -0.5936798647057872, -0.3555811662618427, 0.29984119950435617, 0.32887819226791853, -0.6984623562660157, 0.3654197108451344, -0.41801955073237756, -0.061867498605620415], [-0.6139877163890949, -0.04069098750132358, -0.22873658866882615, -0.5785076381666635, 0.031240901639915483, -0.40903365609593956, -0.6189032051944107, 0.32193493631951764, 0.5506595875748596, 0.4554256672581275, 0.22672001040699796, 0.1335357837692526, -0.10182754127082468], [-0.5081249778986839, -0.8084216330380243, -0.6065158395165899, -0.038930838475878735, -0.0605917695709066, -0.32745785283968937, 0.3311613877044102, -0.46498218809924696, 0.10520611322984806, 0.06721541425797635, 0.5994877339580794, 0.5591087375705001, -0.06008397191083057]], "inverted": true, "swapped": true, "error_lsq": 0.0459600544806197, "error_max": 0.2862304521478145, "target": "825.xyz", "model": "4.xyz", "model_rescale": 3.8936222436046832, "target_rescale": 4.188742012291649},
{"mapping": [3, 12, 0, 4, 7, 8, 11, 5, 1, 13, 2, 14], "R": [[-0.5499751563797803, -0.1630125478848878, 0.8191179625652911], [0.15997971696465282, 0.9420436803414711, 0.29489013969376143], [-0.8197156931064247, 0.29322451050479004, -0.49202191914007315]], "T": [-0.10152963665734875, -0.10971070707786543, -0.00019410698016070899], "aligned_model": [[0.05229361546698376, -0.5525915406581755, -0.17352567649389222, 0.3478317970816641, -0.6079427515802805, -0.8394728628072806, -0.3948226346502086, 0.2504788523033374, 0.639179584230623, 0.463024124662099, -0.01809823844994518, -0.13880622688982763], [-0.5870470388570653, -0.6513346437730162, 0.2692109192370017, 0.008678843366515532, 0.5211914847252128, -0.009905426347586066, -0.17313543864860848, 0.3228117296428723, 0.20468482206666186, -0.5597355236499506, 0.4599771172335675, -0.13647393988579765], [-0.5420728643895254, -0.13649109259992068, -0.5939104418704795, -0.4892495905265997, -0.14769264445276026, 0.21518889297816168, 0.7322808654295481, 0.4680247343879383, 0.037276283977465845, 0.1306659469127041, -0.02954994551927815, -0.025185425051736425]], "inverted": true, "swapped": true, "error_lsq": 0.05016534308489901, "error_max": 0.2554069608213778, "target": "825.xyz", "model": "5.xyz", "model_rescale": 3.6523030999806103, "target_rescale": 4.188742012291649},
{"mapping": [10, 12, 3, 13, 4, 11, 9, 5, 8, 7, 0, 1, 14], "R": [[0.4541577576746061, 0.26740674305478873, -0.8498437297014103], [-0.8797601484543245, 0.2851228223876217, -0.3804300952150629], [0.1405802700794061, 0.9204339247998993, 0.3647445376449856]], "T": [0.08759660421380651, -0.04992343029203547, 0.017106726563215335], "aligned_model": [[0.1944858587479797, -0.3017306257526588, 0.3424442162854178, 0.6632350825297928, 0.584254874864471, -0.28894880223988845, -0.45035710264247303, 0.34573165899640307, -0.6767367065106887, -0.44182135023723584, 0.062116610398057506, 0.7926123689919131, 0.05579682123320458], [-0.6667067856243027, 0.15048287241640257, 0.4757229492184506, -0.24366985978942582, 0.37682685261394844, -0.7386177334980706, 0.437420786043935, -0.5654101232692017, -0.17233718979451432, 0.15018191026801567, 0.5421225554208313, -0.18516265206469731, -0.02002667777818811], [0.5885687725207389, 0.5860107783789934, 0.4686515555569274, 0.4287744347874415, -0.14516405949268213, 0.11946286005427487, 0.02820060324262799, -0.427701412790333, -0.02437335726827235, -0.5794853613231814, -0.3703160859727417, -0.3483544248081947, 0.04583543659619045]], "inverted": false, "swapped": true, "error_lsq": 0.05263586183611641, "error_max": 0.35337423086498276, "target": "825.xyz", "model": "6.xyz", "model_rescale": 4.08911054899281, "target_rescale": 4.188742012291649},
{"mapping": [2, 5, 6, 13, 7, 4, 3, 0, 9, 1, 10, 8, 11, 12, 14], "R": [[0.7093737675062739, -0.6997087699881026, -0.08483215885318007], [-0.40193853935789486, -0.3027179314988877, -0.8641801111619479], [0.5789941869766887, 0.6471240152789658, -0.49598008054399934]], "T": [0.022119003024879222, -0.022528987804309175, 0.0031336854883225133], "aligned_model": [[-0.6757782425606317, 0.6089361574380273, -0.1397067539127943, -0.3598439811173608, -0.08081123993261995, 0.5387533521241717, 0.014107736783497596, -0.6042986040254712, -0.17762862114744854, -0.6454491679396326, 0.6186210014594501, 0.4473156420331167, 0.0217718337766747, 0.24100291595225265, -0.03571032840841939], [-0.14058409563143848, 0.012884962266831418, -0.4305901070039506, 0.5455625492604668, -0.027480663484025114, -0.49314753572096776, -0.779082342229267, -0.7107395685990161, -0.17872634684499075, 0.06797018122221149, 0.32086774803705753, -0.24197111960872777, 0.4458341011197496, 0.6205692763692516, -0.009510870339533253], [-0.38305534777302763, -0.48152362541304244, -0.2344405425806336, -0.25623247770988367, -0.7641145211111611, -0.08882620462590538, 0.23554340513732322, 0.13960112176311026, 0.7449291961069952, 0.2931486788524595, 0.21653224729003867, 0.489139798876019, 0.3569231134877807, -0.21254286235532255, 0.15757156791904775]], "inverted": true, "swapped": false, "error_lsq": 0.049110634943008664, "error_max": 0.3583563889649913, "target": "825.xyz", "model": "7.xyz", "model_rescale": 3.964800864290218, "target_rescale": 4.188742012291649},
{"mapping": [10, 12, 13, 11, 1, 8, 5, 3, 9, 0, 7, 2, 4, 14], "R": [[-0.3686690260839118, 0.7130916490810402, -0.5963081830875901], [0.4998569292333587, -0.3887731700565631, -0.7739499160420964], [-0.7837258446062229, -0.5834001390598511, -0.21311517599929247]], "T": [0.027794252947462676, -0.01532171392840374, 0.02971742132696431], "aligned_model": [[-0.15975240509494773, 0.1928326244935531, 0.34603636718996966, -0.6517965332687203, 0.15798431690348758, -0.48573457950603877, -0.3964824256697341, 0.7342350890024896, 0.11466879106034628, 0.3110527904792333, -0.3327227060507589, -0.1639681078321866, 0.5502187138742767, 0.044615953879902706], [-0.09951886975777678, -0.6948401637296593, 0.2491680696029082, -0.19123184309238275, 0.7780545937908754, -0.5571088288644895, 0.5717590899361875, -0.20831246283579927, -0.5665147138438466, 0.033898564740008144, -0.13997018942185335, 0.34412962441483785, 0.3556163188047128, -0.06418072356251983], [-0.792567796907638, -0.1327855344250778, -0.5761990331331678, -0.3360353014252344, -0.020315672220213576, 0.23868152370209067, -0.04471340356823919, -0.06430422645737591, 0.4941102953982609, 0.6767151647851687, 0.7582350374326177, 0.4376251473917439, 0.24089201324241757, 0.03747682490966852]], "inverted": false, "swapped": true, "error_lsq": 0.04585934367016966, "error_max": 0.32406799512633944, "target": "825.xyz", "model": "8.xyz", "model_rescale": 4.121658175737393, "target_rescale": 4.188742012291649},
{"mapping": [5, 13, 10, 11, 1, 2, 3, 9, 12, 4, 6, 8, 14], "R": [[0.34385104905200753, -0.6367493346854185, -0.6901570407113958], [-0.23087621341817846, 0.6550836251390633, -0.7194175547985656], [0.9101992255234662, 0.40671332514725955, 0.0782409164321451]], "T": [-0.030528199938153058, -0.062143308282120405, 0.012677638988311049], "aligned_model": [[-0.6436365778293144, -0.07794611499445758, 0.22282471463911754, 0.11327381658748267, -0.7525706096765835, -0.5073543098435005, 0.2965089380341553, 0.39411169739682617, 0.6858569853783143, -0.34840723433317167, -0.2700280722504981, 0.347126853802238, 0.01697740952458882], [0.2409969578674565, -0.45283134929107843, 0.09820800584107119, 0.6200220960504274, -0.34041967449835614, 0.07845417349602034, -0.723807417860853, -0.022225188514868946, -0.10500033960930456, -0.6339097219271106, 0.5471315585888714, 0.5529236733332297, -0.06915533406379525], [-0.23715953594317862, -0.6065816238409292, -0.7801121483159451, -0.3622015490550325, -0.2111878371299568, 0.3046296721411049, 0.032463258622526026, 0.6001375536394276, 0.031271709439624464, 0.17745972992322329, 0.14359117359455992, 0.2954857086472072, 0.03327932223645759]], "inverted": true, "swapped": true, "error_lsq": 0.04620169520304785, "error_max": 0.300909285706579, "target": "825.xyz", "model": "9.xyz", "model_rescale": 3.833441315466971, "target_rescale": 4.188742012291649},
{"mapping": [8, 0, 13, 11, 10, 0, 5, 2, 3, 9, 6, 4, 7, 12, 14], "R": [[0.006871807973084676, 0.6302535452134953, 0.7763589678756871], [-0.7209027314216815, -0.5349215056683795, 0.4406339008771719], [0.6930021862043009, -0.5627072520585593, 0.45067562436498043]], "T": [0.07021784483023852, 0.0116299566267931, 0.017868029603384475], "aligned_model": [[-0.6324295026139494, 0.37679139875628265, -0.04431143296820045, -0.21860112130812864, -0.16022342128140726, 0.37679139875628265, 0.31195447415345445, -0.3313037630714987, -0.3073371055483876, -0.6971065315427033, 0.5935793659838635, 0.38556290183941605, -0.31272567364854414, 0.4349882090839401, -0.00434749606760837], [0.057303815934509325, -0.32977831966822957, -0.7187465762138422, 0.5964501153712026, 0.12662611195794438, -0.32977831966822957, -0.6036485117780651, -0.551384317407602, -0.11813849325941324, -0.11170896669186613, 0.2645293091844494, -0.15710388745881304, 0.4464728130884733, 0.4335117037972163, -0.002750308374082716], [-0.31643716940244304, -0.4853973145383346, -0.2806612088596435, -0.18189700179225066, -0.7627899304865551, -0.4853973145383346, 0.16080511306262107, 0.21394347566729538, 0.7891878456371467, 0.25005532027878863, 0.3691004365600855, 0.7306084907603277, 0.3467752028622739, -0.210119755326918, 0.07487735797973878]], "inverted": true, "swapped": false, "error_lsq": 0.048996896196569335, "error_max": 0.3633691156725567, "target": "825.xyz", "model": "10.xyz", "model_rescale": 4.2482417240324, "target_rescale": 4.188742012291649},
{"mapping": [8, 11, 5, 10, 0, 4, 2, 13, 10, 3, 12, 14], "R": [[-0.8477384885573822, -0.2846519963710845, 0.44756306369091864], [0.5204613797819349, -0.283713994179223, 0.8053734051124091], [-0.1022712431425849, 0.9156853228423114, 0.3886656433970494]], "T": [-0.08802993527878408, 0.12228470158923985, 0.03310467345196407], "aligned_model": [[-0.6797248623305457, -0.042103763408668976, 0.2870942740545176, 0.4313806748917024, -0.4865982232564988, 0.08355924321357275, -0.18099570638188295, 0.5818603552761287, 0.4313806748917024, -0.03504227060744254, -0.390736448215221, -0.1233083457643572], [-0.37724950270213276, -0.667887626082456, -0.13108619859608336, -0.40344490182853787, 0.6502924555579227, 0.7603411640042178, 0.21437204440730334, 0.21658862297141654, -0.40344490182853787, 0.6523001689358803, 0.02749780874809324, 0.12785225646355364], [-0.002586050797645713, 0.024074514410463647, 0.6034550328720834, -0.38190965431548646, 0.28532530409962176, 0.169332990508467, 0.5945706718238921, -0.2510104575912752, -0.38190965431548646, -0.4781878710155307, -0.610925147520963, -0.0050373883037839184]], "inverted": true, "swapped": true, "error_lsq": 0.050697841449950896, "error_max": 0.3508761187432874, "target": "825.xyz", "model": "11.xyz", "model_rescale": 3.6694154284099745, "target_rescale": 4.188742012291649},
{"mapping": [11, 8, 9, 7, 6, 10, 5, 13, 0, 4, 3, 2, 12, 14], "R": [[-0.12108774210416129, -0.9419404230635777, -0.313186842174004], [-0.9905313383326877, 0.1352217037106419, -0.023722534148908347], [0.06469487223088763, 0.30734887382972426, -0.9493951986726231]], "T": [0.0027783186110143313, 0.017948544397282204, 0.05549272149409266], "aligned_model": [[-0.054526446816585715, 0.0805560004932778, -0.007298293006438895, 0.6112975523527465, 0.4776533129365486, -0.5455785683337315, 0.4584098277683192, -0.42329481640677064, 0.36516468953019154, 0.1262386035024976, -0.48089960884436234, 0.5743055882413951, -0.5578751737368833, -0.025887817424394055], [-0.4691823769807021, 0.20721547604735813, 0.6772676501253285, 0.4241768998539951, -0.17295574645492273, -0.6043408253298693, -0.5469486272476615, -0.39629095994777663, 0.5811526801376711, 0.2184858000657819, 0.39014656713829776, 0.022991558724326837, 0.3420042056537643, 0.05726498635066269], [-0.5657823333325017, -0.6921969176865321, -0.24818215190934104, -0.31991439422661383, -0.37318396002700016, -0.11908263468372426, 0.11470109345190707, 0.4858820281823452, 0.2851475377157257, 0.6876789416197021, 0.4710266534686009, 0.1309773471287896, -0.25441982787551065, 0.0364440778265685]], "inverted": false, "swapped": true, "error_lsq": 0.04661012785780683, "error_max": 0.3045506918680934, "target": "825.xyz", "model": "12.xyz", "model_rescale": 3.9764082729961374, "target_rescale": 4.188742012291649},
{"mapping": [3, 2, 8, 4, 7, 1, 10, 11, 13, 14, 5, 12, 6, 0, 15], "R": [[0.1657979324256385, -0.7649184187259239, -0.6224233754424844], [0.5716118510738242, 0.5888586462629835, -0.5714064984170928], [0.8035987414844177, -0.26104656177616836, 0.5348679792897509]], "T": [0.057520969789021825, -0.024242594347623006, 0.07355768765300644], "aligned_model": [[-0.6460411041243703, 0.3788542425304461, -0.13655647526618264, -0.07177029375650251, -0.06675981624148036, 0.5000973488314926, 0.1385441107842066, -0.47688518003427277, -0.1434559080572148, -0.6948471394991125, 0.45411212893478897, 0.42938917982844804, -0.32905773686203166, 0.45958424406404297, -0.02392590060944612], [-0.17258096144279994, -0.2689239733509007, -0.5638579852625707, 0.6450172206986873, 0.22933433081146753, -0.4630277834129335, -0.8161564508709573, -0.6022767531152122, -0.1541840015550947, -0.04718900151776102, 0.6652228739736719, -0.28725119514277964, 0.4534492738901633, 0.3537839241185399, 0.0304966509921316], [-0.3639804070448549, -0.6142907436924896, -0.3397243127499886, -0.15280218271762344, -0.6273608013123595, -0.04857455555725507, 0.18515783741939285, 0.1776311092278671, 0.6367664157911808, 0.3423024180185522, 0.33846658956955733, 0.5204962127525051, 0.5274587652929741, -0.39819331480259224, 0.029300517668932366]], "inverted": false, "swapped": false, "error_lsq": 0.04266023555600767, "error_max": 0.35990814501473933, "target": "825.xyz", "model": "13.xyz", "model_rescale": 4.170626492500431, "target_rescale": 4.188742012291649},
{"mapping": [13, 10, 3, 12, 4, 7, 9, 13, 1, 11, 5, 8, 2, 14], "R": [[-0.6242324671918951, 0.13344146235471033, 0.7697578859798426], [0.6847640436704004, 0.5677649047012312, 0.4568820608053727], [-0.37607450245886387, 0.8123031386829911, -0.44579320260192357]], "T": [-0.04010190313789356, 0.0740994107514096, 0.06696537330679632], "aligned_model": [[0.40613558410296163, 0.05739445185218064, -0.10758638682407995, -0.6299470753221872, 0.33350193024743885, -0.3881154036807625, -0.6723008619050054, 0.40613558410296163, 0.7510530990778299, -0.20933007629977254, 0.48496970185524196, -0.6803861448288242, 0.1783182403680822, -0.08665962065442132], [-0.41120110999978243, -0.7616762037217605, 0.02335018151097515, -0.2206343106911208, 0.42672083229722046, 0.7051194793687705, 0.4048858403353427, -0.41120110999978243, 0.2255342807396223, -0.4013390523048579, 0.08756260672494266, 0.08844713442536276, 0.5282353470268826, 0.07227055221385083], [-0.25509541007905456, 0.1688941383116016, -0.6665293536375466, -0.21694465579847266, -0.3702935414337055, 0.4631318958531495, -0.06692437444561632, -0.25509541007905456, 0.06064307358734895, 0.676787607821127, 0.5712798287444985, 0.5037048476171817, 0.3470010369746579, 0.0433134176847513]], "inverted": true, "swapped": true, "error_lsq": 0.0490743112792262, "error_max": 0.45595146464178354, "target": "825.xyz", "model": "14.xyz", "model_rescale": 3.9786697098870705, "target_rescale": 4.188742012291649},
{"mapping": [3, 12, 4, 0, 13, 5, 8, 11, 2, 9, 10, 14], "R": [[-0.1140167831029235, -0.6318982427130655, -0.7666190605685463], [0.9922594315224973, -0.03421052148174264, -0.1193769691967333], [0.04920765921593395, -0.774295971238445, 0.6309075647021533]], "T": [0.09098743758101033, 0.025354539940801217, -0.02485231288533004], "aligned_model": [[-0.08403971193137127, -0.5333548362294546, 0.5376574053644149, 0.5452717418995611, -0.06323149735838171, 0.48322412154892713, -0.22778590543855012, -0.3068580140974023, 0.6162308323547675, -0.04725734862812109, -0.4949206762294759, 0.05841848551242332], [-0.24728814294597418, -0.3171548883505456, -0.07276077895436037, -0.5091676986576305, 0.5266537675721323, 0.5684467448244463, -0.2898152069187717, 0.40414555266234325, 0.004111642795992375, -0.6740585225614623, 0.6366533988607568, -0.015091378102487368], [-0.6883096352986989, -0.11581502500271249, -0.5208123655626783, -0.12064303399324083, -0.5379636488913753, 0.2604821552810455, 0.607573747771465, 0.5450594607369144, 0.21186459863411583, 0.11201038146016246, -0.06281647195620124, -0.030663669304966428]], "inverted": false, "swapped": true, "error_lsq": 0.05995147615410836, "error_max": 0.3282417601782993, "target": "825.xyz", "model": "15.xyz", "model_rescale": 3.769337070930944, "target_rescale": 4.188742012291649},
{"mapping": [4, 5, 3, 13, 0, 2, 9, 6, 12, 10, 14], "R": [[0.7916172330482971, 0.4530895215979312, -0.40994151016836067], [0.4733848725903595, -0.8789852950860622, -0.05737258426354519], [-0.38632747604016904, -0.14864298315301103, -0.9103056326398329]], "T": [0.0033515849298610106, 0.019195626791916533, 0.030488145866590072], "aligned_model": [[-0.17142244020799152, -0.25418144089072514, -0.16278437417935307, -0.7095164730826323, 0.4147366122781223, 0.18851672325308225, 0.6455888347329297, 0.3029212694025464, 0.1930533847134323, -0.5554154900189304, 0.0311295246906904], [0.15642247607727214, -0.6604131846643606, 0.695779105656913, 0.19193465566971707, 0.10618066079123378, -0.4145837854893275, 0.3575682058677687, -0.546567530236643, 0.5939999562775199, 0.05441223353274496, 0.06133170414250369], [-0.6064889979506528, -0.014490982426372465, -0.21400683052320377, 0.04914286171457696, -0.5391258270050818, -0.3010477853121465, 0.02294078134258512, 0.21992008635026136, 0.4164977419837288, 0.6668489214354442, 0.04402763761463789]], "inverted": true, "swapped": true, "error_lsq": 0.042890321442035154, "error_max": 0.22521638178832593, "target": "825.xyz", "model": "16.xyz", "model_rescale": 3.7852294659196426, "target_rescale": 4.188742012291649},
{"mapping": [13, 5, 2, 1, 10, 11, 8, 6, 4, 3, 12, 9, 14], "R": [[0.7646043692825542, -0.09778699027370867, 0.6370383528542355], [0.5446433209781347, -0.43044035921752494, -0.7197810431447864], [0.34459223930311655, 0.8973064146042298, -0.2758575482421424]], "T": [0.0601915302185841, 0.0866843123160447, 0.009879192605637736], "aligned_model": [[-0.0985397363252656, -0.25786775781101506, 0.22263963034482803, 0.1792823482929412, -0.6405997749217699, -0.697695407568487, -0.21323695650342528, -0.2457762098695208, 0.6125194292590809, 0.4991475942992824, 0.021259027065263073, 0.3984349482241394, 0.07419871573023167], [-0.16546617894994473, -0.533415638500152, -0.27751436332535995, -0.6949379355068723, 0.13750685216306235, 0.20047282852615692, 0.5910052946059368, -0.04109496391616427, -0.2372752302514047, 0.33240420798911996, 0.7732644856176868, 0.6532318001673734, 0.13687446508343554], [-0.660637140850322, 0.22089781328914554, 0.4262164598041098, -0.1443374329951114, -0.46417197151374046, 0.20792622632111932, 0.5312316120153269, 0.589336356140913, -0.2024911360522161, -0.5305682710198661, -0.19623272883109166, 0.31259520506876975, 0.005989705766137401]], "inverted": true, "swapped": true, "error_lsq": 0.04929606410993042, "error_max": 0.33619806054969387, "target": "825.xyz", "model": "17.xyz", "model_rescale": 3.901054581598922, "target_rescale": 4.188742012291649},
{"mapping": [12, 6, 7, 9, 11, 1, 0, 3, 2, 13, 4, 8, 5, 10, 14], "R": [[-0.17725753149230333, -0.98393711279731, -0.021154800621812797], [-0.4019518262740886, 0.05275799186317082, 0.9141396630983094], [-0.8983398560033835, 0.17054135086441408, -0.4048470708318894]], "T": [0.026906749116337454, -0.044865505193066216, 0.036165882781822374], "aligned_model": [[-0.5467410537842547, 0.3922699774505366, 0.0036436361644290767, -0.34395999402273203, -0.1080587887839862, 0.5354078863866524, 0.029358564140827458, -0.5386637944675378, -0.29384790094066715, -0.6470881780778532, 0.7751156123684491, 0.3745334686474232, -0.17282123267876903, 0.32590972020987646, -0.01377622208958227], [-0.21009214838647639, -0.18752691370494717, -0.558930751472948, 0.48755939443354923, 0.19870643555699863, -0.5180897015610009, -0.7679776696716865, -0.5456261125899842, -0.24251983726020604, 0.08490444601032153, 0.20045480748692895, 0.03989612148378062, 0.3733456687438717, 0.6784768181003569, -0.0307243883549066], [-0.4061049151277521, -0.6040553127223242, -0.3820120386107773, -0.07859999379001345, -0.7116228588994087, -0.020145775003710363, 0.2655287060239856, 0.14919094116484088, 0.7722279192094659, 0.2736375572647941, 0.11083455792327965, 0.5950839292349883, 0.45484737780872475, -0.20842940486405612, 0.002272858251761406]], "inverted": false, "swapped": false, "error_lsq": 0.0451880786551329, "error_max": 0.3174750362507368, "target": "825.xyz", "model": "18.xyz", "model_rescale": 3.9405287249114394, "target_rescale": 4.188742012291649},
{"mapping": [8, 4, 0, 9, 7, 12, 1, 6, 2, 5, 14, 3, 11, 13, 15], "R": [[0.31134902082811283, 0.3937202197957268, -0.8648966272066161], [-0.3569577922058742, -0.7950310083889257, -0.4904149572388637], [-0.8807059224354539, 0.4614218072697616, -0.10699062558478495]], "T": [0.08121646765159912, -0.052107696441369734, -0.00579643705232385], "aligned_model": [[-0.5757507269332187, 0.2715465140271751, -0.0945726001403232, -0.3794159822282681, -0.15287497041537806, 0.6018507040351422, 0.11587437714281792, -0.4797576061151733, -0.40467895848262164, -0.7115543904456534, 0.6211313823543934, 0.5971049333931502, -0.06128457440456375, 0.35855825989111884, 0.06510533884421421], [-0.26343299566581285, -0.30689225616271065, -0.6343678097672537, 0.5239354810462552, 0.2013290669616655, -0.20754627265242245, -0.6616230665024292, -0.521960255730525, -0.2367606688281459, 0.07901146959100211, 0.34965659118646064, -0.37952738435963057, 0.5754697340765597, 0.5372667669925869, -0.05270223137194818], [-0.3156478186581041, -0.6642220822016847, -0.32633601655932787, -0.21793283360927387, -0.6194710695090283, -0.07592420002961084, 0.2448213335635424, 0.14529994504586807, 0.690719318450464, 0.20770947295859143, 0.37736972030576316, 0.5875702571194189, 0.3183227132878522, -0.17026259618931464, 0.030637403888642216]], "inverted": true, "swapped": false, "error_lsq": 0.04330405759951461, "error_max": 0.3147654095602888, "target": "825.xyz", "model": "19.xyz", "model_rescale": 4.410303926677745, "target_rescale": 4.188742012291649},
{"mapping": [10, 12, 13, 11, 1, 8, 5, 3, 9, 0, 7, 2, 4, 14], "R": [[-0.3686690260839118, 0.7130916490810402, -0.5963081830875901], [0.4998569292333587, -0.3887731700565631, -0.7739499160420964], [-0.7837258446062229, -0.5834001390598511, -0.21311517599929247]], "T": [0.027794252947462676, -0.01532171392840374, 0.02971742132696431], "aligned_model": [[-0.15975240509494773, 0.1928326244935531, 0.34603636718996966, -0.6517965332687203, 0.15798431690348758, -0.48573457950603877, -0.3964824256697341, 0.7342350890024896, 0.11466879106034628, 0.3110527904792333, -0.3327227060507589, -0.1639681078321866, 0.5502187138742767, 0.044615953879902706], [-0.09951886975777678, -0.6948401637296593, 0.2491680696029082, -0.19123184309238275, 0.7780545937908754, -0.5571088288644895, 0.5717590899361875, -0.20831246283579927, -0.5665147138438466, 0.033898564740008144, -0.13997018942185335, 0.34412962441483785, 0.3556163188047128, -0.06418072356251983], [-0.792567796907638, -0.1327855344250778, -0.5761990331331678, -0.3360353014252344, -0.020315672220213576, 0.23868152370209067, -0.04471340356823919, -0.06430422645737591, 0.4941102953982609, 0.6767151647851687, 0.7582350374326177, 0.4376251473917439, 0.24089201324241757, 0.03747682490966852]], "inverted": false, "swapped": true, "error_lsq": 0.04585934367016966, "error_max": 0.32406799512633944, "target": "825.xyz", "model": "20.xyz", "model_rescale": 4.121658175737393, "target_rescale": 4.188742012291649},
{"mapping": [10, 12, 3, 13, 4, 11, 9, 5, 8, 7, 0, 1, 14], "R": [[0.4541577576746061, 0.26740674305478873, -0.8498437297014103], [-0.8797601484543245, 0.2851228223876217, -0.3804300952150629], [0.1405802700794061, 0.9204339247998993, 0.3647445376449856]], "T": [0.08759660421380651, -0.04992343029203547, 0.017106726563215335], "aligned_model": [[0.1944858587479797, -0.3017306257526588, 0.3424442162854178, 0.6632350825297928, 0.584254874864471, -0.28894880223988845, -0.45035710264247303, 0.34573165899640307, -0.6767367065106887, -0.44182135023723584, 0.062116610398057506, 0.7926123689919131, 0.05579682123320458], [-0.6667067856243027, 0.15048287241640257, 0.4757229492184506, -0.24366985978942582, 0.37682685261394844, -0.7386177334980706, 0.437420786043935, -0.5654101232692017, -0.17233718979451432, 0.15018191026801567, 0.5421225554208313, -0.18516265206469731, -0.02002667777818811], [0.5885687725207389, 0.5860107783789934, 0.4686515555569274, 0.4287744347874415, -0.14516405949268213, 0.11946286005427487, 0.02820060324262799, -0.427701412790333, -0.02437335726827235, -0.5794853613231814, -0.3703160859727417, -0.3483544248081947, 0.04583543659619045]], "inverted": false, "swapped": true, "error_lsq": 0.05263586183611641, "error_max": 0.35337423086498276, "target": "825.xyz", "model": "21.xyz", "model_rescale": 4.08911054899281, "target_rescale": 4.188742012291649},
{"mapping": [13, 2, 14, 0, 4, 15, 9, 12, 10, 7, 8, 5, 6, 1, 16], "R": [[0.7830625589383278, -0.2281837114205857, -0.5785717091521889], [0.6131468174843208, 0.43913522203814104, 0.656666762501622], [0.10423055692937282, -0.868960557567396, 0.48378046714843026]], "T": [0.04788293451978089, -0.0885302566124035, -0.007603516516662251], "aligned_model": [[-0.55734699133937, 0.2877575775053769, 0.00980122685186359, -0.2670061366904457, -0.2388452191434931, 0.6123305131724239, 0.10169582680106662, -0.46718905837046576, -0.30359859291313607, -0.5951512325091475, 0.4516442943257135, 0.28848056725103205, -0.14065810062649664, 0.5775448371903239, 0.011822189017565252], [-0.185075740356309, -0.02190787666615597, -0.689338592949374, 0.5889459460811516, 0.11786483954013473, -0.40710221176826944, -0.6694176313766962, -0.6021670773151887, -0.2156939199444982, 0.09332441059088113, 0.35662761926316344, -0.22388548239461487, 0.4932727051119416, 0.43253428461737226, -0.06612510361988672], [-0.2547991322573548, -0.6853021541986953, -0.22986847658945583, -0.21242115685937346, -0.6088357645280222, -0.3413966534076275, 0.40132391228493997, 0.11828359399307095, 0.707536712960272, 0.2357729984950141, 0.338190132837531, 0.6416428126417955, 0.41845014248196577, -0.28679591254216824, -0.029127507448093552]], "inverted": true, "swapped": false, "error_lsq": 0.03677684412630106, "error_max": 0.2214111918674533, "target": "825.xyz", "model": "22.xyz", "model_rescale": 4.204369325754507, "target_rescale": 4.188742012291649},
{"mapping": [8, 4, 0, 9, 7, 12, 1, 6, 2, 5, 14, 3, 11, 13, 15], "R": [[0.31134902082811283, 0.3937202197957268, -0.8648966272066161], [-0.3569577922058742, -0.7950310083889257, -0.4904149572388637], [-0.8807059224354539, 0.4614218072697616, -0.10699062558478495]], "T": [0.08121646765159912, -0.052107696441369734, -0.00579643705232385], "aligned_model": [[-0.5757507269332187, 0.2715465140271751, -0.0945726001403232, -0.3794159822282681, -0.15287497041537806, 0.6018507040351422, 0.11587437714281792, -0.4797576061151733, -0.40467895848262164, -0.7115543904456534, 0.6211313823543934, 0.5971049333931502, -0.06128457440456375, 0.35855825989111884, 0.06510533884421421], [-0.26343299566581285, -0.30689225616271065, -0.6343678097672537, 0.5239354810462552, 0.2013290669616655, -0.20754627265242245, -0.6616230665024292, -0.521960255730525, -0.2367606688281459, 0.07901146959100211, 0.34965659118646064, -0.37952738435963057, 0.5754697340765597, 0.5372667669925869, -0.05270223137194818], [-0.3156478186581041, -0.6642220822016847, -0.32633601655932787, -0.21793283360927387, -0.6194710695090283, -0.07592420002961084, 0.2448213335635424, 0.14529994504586807, 0.690719318450464, 0.20770947295859143, 0.37736972030576316, 0.5875702571194189, 0.3183227132878522, -0.17026259618931464, 0.030637403888642216]], "inverted": true, "swapped": false, "error_lsq": 0.04330405759951461, "error_max": 0.3147654095602888, "target": "825.xyz", "model": "23.xyz", "model_rescale": 4.410303926677745, "target_rescale": 4.188742012291649},
{"mapping": [9, 1, 11, 4, 10, 7, 13, 14, 6, 15, 0, 12, 5, 3, 16], "R": [[-0.030947663389488567, 0.21461838313825207, -0.976207555671361], [-0.5887953576890717, -0.7931429374130183, -0.15570583674238836], [-0.8076894631568059, 0.5699677450970112, 0.15091222831334566]], "T": [-0.06319875045905791, -0.0773561067509203, -0.01572993465633965], "aligned_model": [[-0.613490851907144, 0.5405205340368728, -0.11634689253267542, -0.1626248928402882, -0.22780862439437471, 0.4889514812761306, 0.07072302668355669, -0.47608706040458876, -0.26635699307816196, -0.7151504066247697, 0.6088348509278245, 0.3661790721124458, -0.1427962508077988, 0.4020675515587187, 0.014667156517064212], [-0.1702007740630277, -0.12100371249072286, -0.5444108798175533, 0.5992087939533155, 0.1257978512470915, -0.44669236756455044, -0.6080425134859713, -0.5959674977278294, -0.27708617289977766, -0.041605490365241776, 0.20480819297814312, -0.03002217524099699, 0.3299408472253329, 0.5829612986994738, -0.005829231634033982], [-0.30029706990554117, -0.6239677677539212, -0.43970705734170495, -0.09484219879664409, -0.6118977004977646, -0.04125922617180516, 0.425431622080805, 0.12107451948881742, 0.6890627432936287, 0.27235880564008114, 0.18210827614114916, 0.6621860034917951, 0.45689619945796284, -0.411658181817393, -0.07283541944566704]], "inverted": false, "swapped": false, "error_lsq": 0.0405525888425294, "error_max": 0.25123049113634666, "target": "825.xyz", "model": "24.xyz", "model_rescale": 4.28219845311461, "target_rescale": 4.188742012291649},
{"mapping": [10, 5, 8, 12, 11, 1, 0, 6, 2, 14, 7, 4, 13, 9, 15], "R": [[-0.25533841777405586, 0.8148325544202908, 0.5204327052228233], [-0.7187975589062521, 0.20001725101384982, -0.6658251787123075], [-0.6466315502038662, -0.5440965057356708, 0.5346275626332582]], "T": [0.06634390665702654, -0.014422500917170525, 0.03562352214011377], "aligned_model": [[-0.539055743526386, 0.31512905191039664, -0.06109719942699897, -0.31386463055748953, -0.19989905230550215, 0.45333019845661954, 0.07887459842793625, -0.4814010784633381, -0.3075496914757479, -0.6895737632851161, 0.5735165918180936, 0.5062622833041328, -0.04149428739031984, 0.40845932175948585, 0.06964510127704567], [-0.2540927671184879, -0.2043447914312635, -0.535249871050937, 0.6355440680648224, 0.20490049067697447, -0.49348756181458214, -0.6864069342022815, -0.7260802468200729, -0.13031924174620424, 0.07283116887042619, 0.484316986651483, -0.18788892676512248, 0.4323745974610317, 0.4618535650235369, -0.07209436698567162], [-0.41797789527904505, -0.7564094039313228, -0.4053341537523112, -0.09630383540182458, -0.3856711293921202, -0.13934983649836843, 0.4980454887702007, 0.11122655734977689, 0.5973632724947194, 0.06908840332125835, 0.35118777346857966, 0.5933239740113884, 0.4120006385040481, -0.3005190601671337, 0.08198275436595265]], "inverted": true, "swapped": false, "error_lsq": 0.04337797820887297, "error_max": 0.27790612836920436, "target": "825.xyz", "model": "25.xyz", "model_rescale": 4.100010024507729, "target_rescale": 4.188742012291649},
{"mapping": [8, 11, 5, 10, 0, 4, 2, 13, 10, 3, 12, 14], "R": [[-0.8477384885573822, -0.2846519963710845, 0.44756306369091864], [0.5204613797819349, -0.283713994179223, 0.8053734051124091], [-0.1022712431425849, 0.9156853228423114, 0.3886656433970494]], "T": [-0.08802993527878408, 0.12228470158923985, 0.03310467345196407], "aligned_model": [[-0.6797248623305457, -0.042103763408668976, 0.2870942740545176, 0.4313806748917024, -0.4865982232564988, 0.08355924321357275, -0.18099570638188295, 0.5818603552761287, 0.4313806748917024, -0.03504227060744254, -0.390736448215221, -0.1233083457643572], [-0.37724950270213276, -0.667887626082456, -0.13108619859608336, -0.40344490182853787, 0.6502924555579227, 0.7603411640042178, 0.21437204440730334, 0.21658862297141654, -0.40344490182853787, 0.6523001689358803, 0.02749780874809324, 0.12785225646355364], [-0.002586050797645713, 0.024074514410463647, 0.6034550328720834, -0.38190965431548646, 0.28532530409962176, 0.169332990508467, 0.5945706718238921, -0.2510104575912752, -0.38190965431548646, -0.4781878710155307, -0.610925147520963, -0.0050373883037839184]], "inverted": true, "swapped": true, "error_lsq": 0.050697841449950896, "error_max": 0.3508761187432874, "target": "825.xyz", "model": "26.xyz", "model_rescale": 3.6694154284099745, "target_rescale": 4.188742012291649},
