[{"mapping": [11, 2, 5, 9, 10, 8, 0, 1, 3, 6, 4, 12], "R": [[-0.08441508325574376, -0.24523318166379812, 0.9657819527874687], [0.05326666194773752, -0.9689662043579463, -0.24138590998047094], [0.995005907743201, 0.03106736910659097, 0.09485811579893166]], "T": [0.049676717425959104, -0.004116324339999242, -0.04168497373631745], "aligned_model": [[-0.29409828753849, 0.14363839032256798, 0.47381149301223163, -0.03936198646513495, -0.2684420540894315, -0.6379373041539399, 0.44380474446890855, -0.17955020857735615, 0.6751329741626647, 0.04263030568189945, -0.53499232201177, 0.013006717648399314], [-0.46054134868663305, -0.6539392569943799, -0.30278888094333034, 0.7023321714530885, 0.2947199255497958, -0.5118877623492066, -0.23633147722326758, -0.4506885996849464, 0.1261828584244083, 0.35098392565258274, 0.18721462880618572, 0.008298851972760351], [-0.5363792018970874, -0.03554055034507024, -0.5747735874107973, 0.03757218865465195, -0.611460451938648, -0.05494569942535065, 0.58694141121881, 0.5450366395366263, 0.03274597146998816, 0.5237681051537777, 0.2870696634404015, -0.018082743103739335]], "inverted": true, "swapped": true, "error_lsq": 0.0356643732082106, "error_max": 0.22554210281180248, "target": "826.xyz", "model": "0.xyz", "model_rescale": 3.751011558992144, "target_rescale": 4.058224360850013},
{"mapping": [10, 9, 5, 4, 12, 8, 11, 1, 13, 6, 0, 2, 14], "R": [[0.4570731604639116, 0.1580333619390915, 0.8752768604834471], [-0.6653339199707458, 0.7138378772724402, 0.21855493567416379], [-0.5902668048602195, -0.6822469798287163, 0.43142109080885555]], "T": [0.01586543967949379, -0.0066593167656755214, 0.049769911668519816], "aligned_model": [[-0.540295035444295, -0.49604317446593466, 0.01264554421280116, 0.10852618656580783, -0.3536083906582586, 0.464053477875223, -0.7225993053926048, 0.3996331646469482, -0.06184047511829903, -0.274318231315155, 0.6375207005009076, 0.6007664270968353, -0.028357874942882555], [-0.041403414079752704, -0.4215220569194591, -0.5996271051769494, 0.2631098956891057, 0.01790030073077081, -0.19733243574250406, 0.26268265198495666, 0.567330857542942, -0.6190346886207553, 0.684538487929655, 0.21515439562339916, -0.5602316395878375, -0.01637869227102346], [-0.5518380352045017, 0.04446906927366264, -0.14635474556622627, -0.6879377051471164, 0.6938669679893736, -0.400995544259266, 0.18708601808655767, -0.04479838379197424, 0.43247135280948257, 0.007760660990057948, 0.4237323859740606, 0.2373508816830796, 0.08065104874220683]], "inverted": true, "swapped": false, "error_lsq": 0.04209580174671569, "error_max": 0.285273473453532, "target": "826.xyz", "model": "1.xyz", "model_rescale": 3.9405287249114394, "target_rescale": 4.058224360850013},
{"mapping": [0, 1, 6, 5, 4, 11, 2, 9, 7, 8, 10, 3, 12], "R": [[-0.03692108923358728, -0.5836122962414576, 0.8111926533478829], [-0.5518840018563016, -0.6648216522050646, -0.5034244921082026], [0.8331031638788075, -0.4662712284015615, -0.29754035003679696]], "T": [-0.05231693707743123, -0.07890803557314932, 0.03666838256173864], "aligned_model": [[-0.3872140673558211, -0.7994994675363432, 0.12662462486561926, -0.14129805587829544, -0.30079539848111575, 0.4372774143032979, -0.5659331330034804, 0.3695556746070659, -0.03985778575879736, 0.15583921819773494, 0.7017203166452404, 0.3117046919618496, -0.12204101900586128], [-0.42843497788008067, -0.32543144933923707, -0.5374394166833324, 0.2703012119104744, 0.004607762414410632, -0.021064240397294515, 0.2836803659584032, 0.601278552114082, -0.7582566109873419, 0.514524431802835, 0.2340240297433491, -0.2573678300599711, -0.025235271493748254], [-0.6478787794430022, 0.12706088778422447, -0.19373253613433145, -0.5943716655696113, 0.6870369608216119, -0.4776911760088388, -0.22581529670015105, -0.062077820053658445, 0.4456184232601929, 0.489657004709, 0.2487732193936512, 0.43970688433570154, 0.03917786518460839]], "inverted": false, "swapped": false, "error_lsq": 0.06822300548306216, "error_max": 0.39681121450543005, "target": "826.xyz", "model": "2.xyz", "model_rescale": 3.932901565614263, "target_rescale": 4.058224360850013},
{"mapping": [9, 5, 7, 8, 6, 3, 12, 11, 4, 10, 1, 0, 13], "R": [[-0.024375641769351197, 0.7379326769673091, -0.6744339792390307], [0.8599215170221852, 0.35953759351145387, 0.36230885086381254], [0.5098439100848376, -0.5711287798000146, -0.6433281466200205]], "T": [0.07622989421560844, -0.051496434751518855, 0.01678264512964476], "aligned_model": [[-0.48592344510565755, -0.5907315188131965, -0.10197885109104715, 0.1575759812254618, -0.3250127747993321, 0.5155037557070965, -0.6058523753163726, 0.2757329145932002, -0.042043171905731425, -0.12380113049517585, 0.5383823111794971, 0.5612851338689129, -0.02705381548656191], [-0.08577252315084674, -0.29668857447884733, -0.6317559607802743, 0.07013130259805794, 0.02708701097707847, -0.09867631327078169, 0.2790585075682268, 0.7358242743192046, -0.8043811938681197, 0.5819739033968129, 0.22272622023198765, -0.431900771328371, -0.01243932511157956], [-0.4550242139163384, 0.12560807322997855, -0.35909376128109816, -0.7025060543278933, 0.5640679667864072, -0.23914314832323, 0.1096643863796157, -0.3547457444935709, 0.4438686152316498, 0.2848280893002632, 0.5266705738947669, 0.2793931634669867, 0.05187602563185972]], "inverted": false, "swapped": false, "error_lsq": 0.04716776943178424, "error_max": 0.30419325145669057, "target": "826.xyz", "model": "3.xyz", "model_rescale": 3.9243930471874484, "target_rescale": 4.058224360850013},
{"mapping": [3, 2, 4, 6, 1, 10, 5, 11, 7, 5, 9, 8, 12], "R": [[0.112154568134755, -0.7572634664405462, -0.6434076431322173], [0.9212033036329572, 0.3220008031887034, -0.21840319622559573], [0.37256653932181405, -0.5682143302841614, 0.7337074680262493]], "T": [0.06589646039336697, -0.05594064478144162, 0.00031451215716529063], "aligned_model": [[-0.3497622836569587, -0.6624202212544195, 0.008363955635539586, -0.13200012902358918, -0.2491124777022022, 0.5282914959860032, -0.4130838299661861, 0.5213044491335113, -0.15473160761578733, -0.4130838299661861, 0.5485194617998727, 0.5416190330067355, -0.027821002815239818], [-0.21500138774537256, -0.620089565690715, -0.6367068636469959, 0.41096328275720284, 0.040426770194532946, -0.1889080220786088, 0.5224693086086154, 0.5765279765900686, -0.6527483255433069, 0.5224693086086154, 0.19725719618573972, -0.4130811300206616, 0.011608008883434356], [-0.504542753717995, 0.0503674499734161, -0.10816534477938394, -0.5138393335766147, 0.6340676109529306, -0.5150865231084908, 0.09851281683333343, -0.136510515376528, 0.4882311102580787, 0.09851281683333343, 0.44825790547802763, 0.20640933651100554, 0.029249395298284006]], "inverted": true, "swapped": false, "error_lsq": 0.04933801973044489, "error_max": 0.353820256158831, "target": "826.xyz", "model": "4.xyz", "model_rescale": 3.8936222436046832, "target_rescale": 4.058224360850013},
{"mapping": [9, 10, 4, 6, 8, 11, 5, 2, 0, 3, 1, 12], "R": [[0.6630030672000081, -0.282287150815169, 0.6933548134743392], [0.5323747800188947, 0.8289368965233762, -0.17158296879943308], [-0.5263117198801632, 0.4828846508917504, 0.6998702647276401]], "T": [-0.06804097869177539, -0.13923234281709837, -0.01823893514544505], "aligned_model": [[0.02790446000056651, -0.651355971649764, -0.20461982121078148, 0.38264139394394, -0.6189461680363665, -0.7219179401712846, -0.20272003170121716, -0.09140672230181104, 0.6187831661276457, 0.4308541453632448, 0.13274202808690555, -0.07441049623598077], [-0.5777761756696517, -0.5339480873517753, 0.13971575350780732, -0.09187071265124161, 0.5106631023113876, 0.071091237861792, -0.3831768854937574, 0.30179038614769627, 0.2068901687186366, -0.45356410940474523, 0.5995411582765924, -0.12043293114293357], [-0.576587254073976, -0.1564049678966581, -0.6427861392116713, -0.5086727215764211, -0.0886669518111704, 0.29709635771034515, 0.6714216239252637, 0.46765136963319076, 0.09535557129032265, 0.23869017459590658, -0.11880697412394545, -0.059005369185668476]], "inverted": true, "swapped": true, "error_lsq": 0.03438984572818072, "error_max": 0.18072607942581953, "target": "826.xyz", "model": "5.xyz", "model_rescale": 3.6523030999806103, "target_rescale": 4.058224360850013},
{"mapping": [2, 1, 6, 4, 5, 10, 3, 11, 8, 7, 9, 8, 12], "R": [[-0.2315756932448052, 0.30832037171992466, -0.9226652950451075], [0.8252659411093163, -0.4399156194429641, -0.3541332718272427], [-0.5150813768164624, -0.8434529009687504, -0.15257253718889546]], "T": [-0.056061278176667326, -0.044433235696692636, 0.02130337287227832], "aligned_model": [[-0.42142011020373954, -0.6474700478986604, 0.09018062694443414, -0.06104954339660663, -0.31015424020680243, 0.5220983840849225, -0.560799332729749, 0.31579905396575886, 0.19870217216967495, -0.07957699939328773, 0.6218171716099694, 0.19870217216967495, -0.12074629355449558], [-0.21034527247140394, -0.40578909988324896, -0.6477602081068166, 0.22462529354182106, -0.09784064933352878, -0.16561918429820366, 0.42721601451135194, 0.7336729542166179, -0.4745473992695832, 0.5482414760216981, 0.08234415008535004, -0.4745473992695832, 0.01553588135807741], [-0.6230550321494909, -0.023779578532305334, -0.17165862240423638, -0.48536636865667937, 0.650976260014579, -0.48832238438701614, -0.05236605098958774, -0.15430885260901897, 0.472746052875078, 0.3604224620465214, 0.23826230204962065, 0.472746052875078, 0.07916773144685499]], "inverted": false, "swapped": false, "error_lsq": 0.05383676371121904, "error_max": 0.3554796669811935, "target": "826.xyz", "model": "6.xyz", "model_rescale": 4.08911054899281, "target_rescale": 4.058224360850013},
{"mapping": [2, 7, 6, 1, 12, 3, 13, 9, 5, 11, 8, 4, 14], "R": [[-0.9319819494575781, -0.2926847249269939, -0.21388150382784904], [-0.028452929548338057, -0.529128201016152, 0.8480647249411616], [-0.36138632609074955, 0.796466570976975, 0.48481019443779205]], "T": [-0.008542454631856393, -0.020904156093705252, 0.06763563921890128], "aligned_model": [[-0.47841778758196174, -0.5283815050222391, 0.0369915505968665, -0.17904717824975272, -0.4637316559055575, 0.622994329523386, -0.7056229922267133, 0.4672420119916068, -0.07626685809084945, -0.09182145844694166, 0.6227281283214161, 0.4655303362707828, 0.05388609238105081], [-0.19411114305299368, -0.5931343467722562, -0.3901217612643495, 0.44161589367180826, 0.1110508522293128, -0.2621397131525571, 0.20199631461429443, 0.5252150313445045, -0.5420210822078213, 0.5178514821701635, 0.11652523085235938, -0.5004112332543117, 0.12287103192439477], [-0.5643106040999168, 0.027524105931516524, -0.2651525529594876, -0.47545680378163135, 0.5999819408248007, -0.34396870057252216, 0.05064662464357114, -0.2322648148311828, 0.619316510807564, 0.28520869067430343, 0.2861753106436749, 0.27300711138806494, 0.014757152910642175]], "inverted": false, "swapped": false, "error_lsq": 0.04380100172069466, "error_max": 0.24617950079971454, "target": "826.xyz", "model": "7.xyz", "model_rescale": 3.964800864290218, "target_rescale": 4.058224360850013},
{"mapping": [11, 4, 6, 10, 12, 3, 9, 5, 2, 8, 1, 0, 13], "R": [[0.44740433555657, 0.6515705965775684, 0.6126051894986981], [-0.11057450496898719, 0.7200320647889358, -0.6850745247975911], [-0.8874697963176255, 0.23876679700354808, 0.3941925636952313]], "T": [0.014676192935186468, -0.07945662841719989, 0.07943768603956075], "aligned_model": [[-0.6743112868741267, -0.4114665374120351, -0.045649864380354184, -0.07189414598830113, -0.652118107156921, 0.5432892929980848, -0.4741508665905947, 0.4380182494637263, 0.05590496381266686, -0.050869680258310006, 0.4978327159124833, 0.5854671359535141, 0.00603114408126082], [-0.2205350919420497, -0.6378685305918346, -0.511398738958575, 0.42549909511397, 0.053166901726134086, -0.24995683563266988, 0.3862023107680732, 0.5710472030471553, -0.5401934732193117, 0.667856399227719, 0.11936856951646566, -0.505645963189421, -0.0023552887631070746], [-0.35934066835951295, 0.12032675420898256, -0.30304447449653954, -0.5629479510189097, 0.4087874968874891, -0.3868889864592156, -0.05497431127034744, -0.23152371251781806, 0.5533896625601984, 0.2476178234719204, 0.6180917551261336, 0.15506653514757798, 0.07090404829943829]], "inverted": true, "swapped": false, "error_lsq": 0.04637390941825196, "error_max": 0.3164224861598989, "target": "826.xyz", "model": "8.xyz", "model_rescale": 4.121658175737393, "target_rescale": 4.058224360850013},
{"mapping": [10, 0, 5, 11, 1, 7, 2, 8, 4, 2, 6, 9, 12], "R": [[-0.40714362480900096, 0.6428895029861704, -0.6487889916818735], [-0.8888981573876077, -0.1155922700928887, 0.44328150523982923], [0.20998603422681128, 0.7571865780935155, 0.6185259504537616]], "T": [-0.0016224010659473612, -0.027078319347394263, -0.07274673592718728], "aligned_model": [[-0.4475377928708696, -0.6725750951441432, -0.06868744454561246, 0.04751649990884151, -0.2613955212096922, 0.5451379867091115, -0.3768629926875186, 0.36137511933824495, -0.07104030111828621, -0.3768629926875186, 0.45870330044046, 0.6403331920935263, -0.032020944665450045], [-0.2776985511613864, -0.34883021129030223, -0.6150631971353557, 0.26049941970157425, 0.015424619303262312, -0.11856103975405416, 0.5001049025265567, 0.6042715941724617, -0.6385423511660578, 0.5001049025265567, 0.1668335692972699, -0.4673189839097836, -0.026038116008193047], [-0.6338436913211088, 0.18244426207753928, -0.2502121401938304, -0.6365875707094664, 0.5641544667489992, -0.45731779638320913, 0.17948093867054504, -0.05920330186569231, 0.5671132570893418, 0.17948093867054504, 0.40754533986510233, 0.222669903265464, 0.009739365665167476]], "inverted": true, "swapped": false, "error_lsq": 0.04822980450668081, "error_max": 0.3072586899436802, "target": "826.xyz", "model": "9.xyz", "model_rescale": 3.833441315466971, "target_rescale": 4.058224360850013},
{"mapping": [1, 4, 5, 0, 7, 13, 12, 10, 3, 11, 8, 2, 14], "R": [[-0.11758061175302592, -0.0825410192155126, 0.9896270913261465], [0.9930611228033029, -0.00766657042962704, 0.1173491801185314], [-0.002099075136369477, 0.9965581788559625, 0.08286971726064907]], "T": [-0.11128664735202523, -0.0011247344125211861, 0.0408802667321399], "aligned_model": [[-0.47900059000823225, -0.5344875841194988, 0.004634902532221888, 0.06908002913842856, -0.21814628066456715, 0.5059893926034775, -0.5169313591379077, 0.30944001738939675, -0.08482285247732713, -0.1529593433860292, 0.5030231790038303, 0.4135046222439507, -0.07324111955664997], [-0.02333194775770583, -0.6731347310580541, -0.536314258106588, 0.1201043642519272, 0.07639690365545967, -0.2500557615163283, 0.41333736868621923, 0.6781344526091923, -0.6265715654855551, 0.5607019700334036, 0.34362786374279913, -0.48153850184343433, -0.04616960010878684], [-0.5993558061077888, 0.11310291981164604, -0.35607006954125686, -0.6045609229609723, 0.6939387565945583, -0.3980846244112765, -0.12250146482279953, -0.15238166418554153, 0.6429083215677613, 0.4255245460607943, 0.37453944266550937, 0.1430907864760249, 0.1153137504327383]], "inverted": false, "swapped": false, "error_lsq": 0.045108450973774965, "error_max": 0.20843380553818927, "target": "826.xyz", "model": "10.xyz", "model_rescale": 4.2482417240324, "target_rescale": 4.058224360850013},
{"mapping": [3, 5, 10, 11, 6, 4, 9, 8, 2, 1, 0, 12], "R": [[-0.4502475480566933, 0.5453400085979512, -0.7070229278399127], [0.8180253267570035, -0.0654806988417197, -0.5714427730431964], [-0.35792696217669, -0.8356533689883545, -0.416619414628483]], "T": [-0.05969848221533344, -0.007483348477358827, 0.0437871858678436], "aligned_model": [[-0.6334677231338521, -0.010354485780387973, 0.35771803157349846, 0.6286019457307851, -0.4714317260676487, 0.15870220902317553, -0.299531870953346, 0.6760877790671085, 0.11214565518795491, -0.003020180370408132, -0.5910391427282338, -0.04764488918563929], [-0.29749786806525463, -0.7411200268933487, -0.1735738663513055, -0.2861747843481987, 0.512208029134824, 0.6421398276464225, 0.2794797699091755, 0.27401239889953943, -0.21884452209979405, 0.4663388580065966, 0.1735411697563914, 0.03562240445559166], [0.02394258135030996, -0.06855812136636438, 0.6035408339024894, -0.09692898493406482, 0.12303131392759833, 0.17346331275113966, 0.6548609785651806, -0.2881758311893998, -0.5536510456180121, -0.5632499785100469, -0.49411534905374743, 0.05103258002927405]], "inverted": true, "swapped": true, "error_lsq": 0.04318511855594273, "error_max": 0.24249609683942142, "target": "826.xyz", "model": "11.xyz", "model_rescale": 3.6694154284099745, "target_rescale": 4.058224360850013},
{"mapping": [5, 0, 12, 7, 4, 10, 6, 9, 1, 11, 8, 2, 13], "R": [[-0.1176267775945316, 0.9102868625893613, 0.3969153171520897], [0.558026496109422, -0.27002969223883533, 0.7846594133439305], [0.8214440765095137, 0.3137862219834028, -0.47620146583228296]], "T": [-0.03584537656237964, -0.031860043773838234, 0.01550069816185265], "aligned_model": [[-0.5542978941985208, -0.6284482980867601, 0.06491638899563643, 0.015357129018485086, -0.35735596952787185, 0.4735357472453392, -0.5237948761745785, 0.4527523173183703, -0.0051825313762112885, -0.07924774050966447, 0.5377947430640329, 0.4643387597158921, -0.11428476192305548], [-0.16572805787662015, -0.4055962916312618, -0.6128029201741406, 0.27847403350928596, 0.021648972249153672, -0.09701574892380384, 0.24762019627463033, 0.5785671625287218, -0.7043730648691289, 0.651232939449341, 0.24548525254341502, -0.3766000715708788, -0.10572584440616513], [-0.5827109150935286, 0.15650019767756632, -0.3223172131866475, -0.6577276303928938, 0.679915006831918, -0.35841692926862634, -0.04492210137876061, -0.16708403896081545, 0.5285889171690096, 0.29213919870384, 0.4236850328401691, 0.254840867047838, 0.0729735795903283]], "inverted": false, "swapped": false, "error_lsq": 0.02920209690528018, "error_max": 0.1498006317616194, "target": "826.xyz", "model": "12.xyz", "model_rescale": 3.9764082729961374, "target_rescale": 4.058224360850013},
{"mapping": [2, 8, 10, 9, 3, 12, 7, 5, 11, 4, 6, 13, 15], "R": [[0.909765583431295, -0.23900271522640834, 0.3394175677809266], [0.41500848360168124, 0.5044939848681177, -0.7571352440419881], [0.00972325781560035, 0.8296767571447883, 0.5581594189039181]], "T": [0.03330552420905936, -0.00695982334441422, -0.015437373901997058], "aligned_model": [[-0.6433833456202835, -0.49342380532085245, 0.005254600239593711, 0.14484227664453894, -0.5069089252410638, 0.46584587663461574, -0.6183156821757819, 0.46792882146367804, -0.0377663064839796, -0.07917812928338394, 0.5170933840818013, 0.5337631091100341, -0.009668860487822742], [-0.05426443967099279, -0.4746878866148304, -0.782867990080249, 0.23889275687096115, -0.1699688693832181, -0.2947419770397153, 0.36147243598715467, 0.6670284224725508, -0.6694122502413233, 0.666223815699906, 0.30312066801702214, -0.27801222209755655, 0.04240409318283933], [-0.43509671268692274, 0.043209952472049964, -0.22358770759224283, -0.5526665504879408, 0.6090943281183493, -0.3859826619388815, 0.08791238466757914, -0.25970431767215196, 0.4165930367518665, 0.20824753305255467, 0.4880089501644659, 0.20940334534643035, 0.07003239138424106]], "inverted": false, "swapped": false, "error_lsq": 0.040932619746560435, "error_max": 0.24502509990194082, "target": "826.xyz", "model": "13.xyz", "model_rescale": 4.170626492500431, "target_rescale": 4.058224360850013},
{"mapping": [2, 6, 4, 0, 11, 8, 3, 7, 5, 9, 10, 12, 13], "R": [[-0.9032916101138405, -0.17158877537174885, -0.39321947976209043], [-0.07157802642155378, 0.9639652868294603, -0.2562177041529174], [0.42301401067995476, -0.20329342821207988, -0.8830237419312343]], "T": [-0.05309096590920749, 0.03075157364497548, -0.06782096035246166], "aligned_model": [[-0.45406608667843545, -0.6548474802556493, 0.1550914132733917, -0.038588954624391866, -0.27729970465033466, 0.6454438596485853, -0.6945102492976453, 0.5165295458734787, -0.12354379378783968, -0.03908167303630737, 0.3799935538620264, 0.42169486930392563, -0.09073228606971043], [-0.1722665931313857, -0.4763438686537782, -0.5630877523818681, 0.3011840204469286, 0.02136483556401246, -0.12053471099147454, 0.25060708442235585, 0.5420339835072303, -0.6530904268881237, 0.6385616756283367, 0.20790911968510067, -0.40812008820452533, -0.01303072190026043], [-0.5483776622297875, 0.22921872869857945, -0.3950488357770306, -0.5993417877085365, 0.6024789589011944, -0.26960760601754646, 0.05755232910013053, -0.3353140870130994, 0.5276757614748037, 0.4676013571727382, 0.24742704930087434, 0.27521868209808337, 0.01598108357899347]], "inverted": true, "swapped": false, "error_lsq": 0.04477574576745907, "error_max": 0.23628526984849313, "target": "826.xyz", "model": "14.xyz", "model_rescale": 3.9786697098870705, "target_rescale": 4.058224360850013},
{"mapping": [10, 9, 8, 11, 4, 1, 7, 3, 2, 5, 6, 12], "R": [[0.07586428218141228, -0.9958307052157358, -0.05065389657893931], [-0.9971112360560506, -0.07557658664815958, -0.007573802307197246], [0.003713976288875674, 0.05108215050430096, -0.9986875488760146]], "T": [0.016835995417321982, 0.026922317623091697, 0.03705835705605265], "aligned_model": [[-0.1936479122216492, -0.6626590856621287, 0.645466218092343, 0.5492724525787333, -0.07352664416579907, 0.47499014278842056, -0.5697558948631464, -0.2321108695734275, 0.6364464227874971, 0.25096507249558386, -0.35272803411414266, 0.010642728625052427], [-0.5163300168880727, 0.09878820040920722, 0.09046094386816028, -0.4225865465705423, 0.4056710623378451, 0.6424932770603566, -0.4592974034687479, 0.038473653617416, 0.03833557807513622, -0.5375099657722269, 0.582538999883984, 0.05363670767192371], [-0.3821315501131812, -0.17835008165839, -0.5387954515546601, -0.25565419197535805, -0.5416548815333462, -0.048855572765865496, 0.24654502605203257, 0.6300215909689929, 0.25405847110183644, 0.46117962118530487, 0.012654374606159105, 0.000949139560305283]], "inverted": false, "swapped": true, "error_lsq": 0.06051477218025086, "error_max": 0.30137906206581255, "target": "826.xyz", "model": "15.xyz", "model_rescale": 3.769337070930944, "target_rescale": 4.058224360850013},
{"mapping": [3, 5, 6, 9, 0, 2, 1, 11, 4, 10, 12], "R": [[0.4674414769848903, 0.8803459688887025, -0.08055706459147777], [0.816638639752399, -0.46490916689609346, -0.34199531955763895], [-0.3385259187381899, 0.09407678564551177, -0.9362423621825027]], "T": [-0.06844909439182936, 0.02434626447149204, 0.0018161009949636438], "aligned_model": [[-0.3461048726757663, -0.2266682819558218, -0.07912398831750098, -0.5716523189924195, 0.29280313370357913, 0.4287260402923876, 0.6535041262355472, 0.17534627711254022, 0.13099286970524376, -0.4803671704089989, -0.05482968400761962], [-0.02193350755292376, -0.6769925868218325, 0.6640370061879942, 0.5177184156922237, 0.2593778095657916, -0.3723935385109427, 0.28150051491904876, -0.519522579603801, 0.5531328138558449, -0.1488944954917735, 0.06003464538571245], [-0.5765253407255632, -0.18889199613810717, -0.18940321155326217, 0.1308490461701627, -0.6452456513114206, -0.16112808545263452, -0.0923607055755072, 0.4665718793785821, 0.4106347880939656, 0.563472482011876, 0.0262444023256853]], "inverted": true, "swapped": true, "error_lsq": 0.04611173895844918, "error_max": 0.260945178077441, "target": "826.xyz", "model": "16.xyz", "model_rescale": 3.7852294659196426, "target_rescale": 4.058224360850013},
{"mapping": [3, 8, 0, 1, 11, 4, 2, 5, 9, 7, 6, 10, 12], "R": [[-0.7554996545913172, 0.612727216636358, -0.23191729108771128], [-0.3916956348361669, -0.1386881993012996, 0.9095823838580294], [0.5251616908750036, 0.7780301673891731, 0.3447814627697994]], "T": [-0.067566158679465, -0.03598689369115203, -0.02781335176838496], "aligned_model": [[-0.5315368683182977, -0.5421313936018408, 0.01900847562498635, -0.11603003897452796, -0.3359695211117443, 0.4870602619682939, -0.5598395564737372, 0.4179385489480175, -0.07034513059191025, -0.040524293762770364, 0.5011956483559122, 0.5589993088584576, -0.04174242735974586], [-0.18751571695374725, -0.42717514385041216, -0.6319680574109167, 0.4241803655390941, 0.06110092385605549, -0.15396296714838342, 0.32697386325450534, 0.3632268291910141, -0.7653518688361493, 0.5965979425126522, 0.346055964418804, -0.31450943370092405, -0.08246614376904438], [-0.6557190512810167, 0.18658231514882664, -0.3488405171687716, -0.5378638395500739, 0.6478090761839739, -0.45238120818319116, -0.03147556036247957, -0.22048559391679762, 0.436170264169386, 0.27307228717647214, 0.5360540948243521, 0.39538398385015294, 0.04715772068856409]], "inverted": false, "swapped": false, "error_lsq": 0.04367392475538431, "error_max": 0.2730428906705628, "target": "826.xyz", "model": "17.xyz", "model_rescale": 3.901054581598922, "target_rescale": 4.058224360850013},
{"mapping": [10, 9, 5, 4, 12, 8, 11, 1, 13, 6, 0, 2, 14], "R": [[0.4570731604639116, 0.1580333619390915, 0.8752768604834471], [-0.6653339199707458, 0.7138378772724402, 0.21855493567416379], [-0.5902668048602195, -0.6822469798287163, 0.43142109080885555]], "T": [0.01586543967949379, -0.0066593167656755214, 0.049769911668519816], "aligned_model": [[-0.540295035444295, -0.49604317446593466, 0.01264554421280116, 0.10852618656580783, -0.3536083906582586, 0.464053477875223, -0.7225993053926048, 0.3996331646469482, -0.06184047511829903, -0.274318231315155, 0.6375207005009076, 0.6007664270968353, -0.028357874942882555], [-0.041403414079752704, -0.4215220569194591, -0.5996271051769494, 0.2631098956891057, 0.01790030073077081, -0.19733243574250406, 0.26268265198495666, 0.567330857542942, -0.6190346886207553, 0.684538487929655, 0.21515439562339916, -0.5602316395878375, -0.01637869227102346], [-0.5518380352045017, 0.04446906927366264, -0.14635474556622627, -0.6879377051471164, 0.6938669679893736, -0.400995544259266, 0.18708601808655767, -0.04479838379197424, 0.43247135280948257, 0.007760660990057948, 0.4237323859740606, 0.2373508816830796, 0.08065104874220683]], "inverted": true, "swapped": false, "error_lsq": 0.04209580174671569, "error_max": 0.285273473453532, "target": "826.xyz", "model": "18.xyz", "model_rescale": 3.9405287249114394, "target_rescale": 4.058224360850013},
{"mapping": [13, 14, 12, 7, 10, 4, 11, 8, 3, 5, 6, 1, 15], "R": [[-0.5832330504350602, -0.4427781449639301, -0.6810188860982607], [0.29640927484084023, 0.6645633929053195, -0.6859278669062058], [0.7562940900658568, -0.6019161163754224, -0.256351785987512]], "T": [0.013321127276355406, -0.051287753175435734, -0.042551985262269866], "aligned_model": [[-0.515478852529212, -0.6182340945124503, 0.05776175118919769, 0.07581797616774058, -0.46049762103749237, 0.4484417875449568, -0.638521184587497, 0.47384906126692283, -0.040943118194324966, -0.0007414228803182196, 0.506467637731461, 0.45447842376443637, 0.0036826696376729383], [-0.11892107191302967, -0.4886515134631062, -0.5823703129557343, 0.31892368674299937, -0.11307258132964784, -0.22909226894881607, 0.23199456664635257, 0.5449302540939377, -0.7080292874120934, 0.7132604313027823, 0.32218096848551553, -0.2954269286887762, -0.0405393854578353], [-0.45136265161790406, 0.05537607555028464, -0.16949846159318596, -0.6380880316721486, 0.5816134300747059, -0.6026596479433733, 0.07604788674521012, -0.11118335824922179, 0.4970539299628546, 0.2838388250449746, 0.3765077822639238, 0.3832363738017519, -0.005418180788475245]], "inverted": false, "swapped": false, "error_lsq": 0.03744526268070787, "error_max": 0.24647966498786525, "target": "826.xyz", "model": "19.xyz", "model_rescale": 4.410303926677745, "target_rescale": 4.058224360850013},
{"mapping": [11, 4, 6, 10, 12, 3, 9, 5, 2, 8, 1, 0, 13], "R": [[0.44740433555657, 0.6515705965775684, 0.6126051894986981], [-0.11057450496898719, 0.7200320647889358, -0.6850745247975911], [-0.8874697963176255, 0.23876679700354808, 0.3941925636952313]], "T": [0.014676192935186468, -0.07945662841719989, 0.07943768603956075], "aligned_model": [[-0.6743112868741267, -0.4114665374120351, -0.045649864380354184, -0.07189414598830113, -0.652118107156921, 0.5432892929980848, -0.4741508665905947, 0.4380182494637263, 0.05590496381266686, -0.050869680258310006, 0.4978327159124833, 0.5854671359535141, 0.00603114408126082], [-0.2205350919420497, -0.6378685305918346, -0.511398738958575, 0.42549909511397, 0.053166901726134086, -0.24995683563266988, 0.3862023107680732, 0.5710472030471553, -0.5401934732193117, 0.667856399227719, 0.11936856951646566, -0.505645963189421, -0.0023552887631070746], [-0.35934066835951295, 0.12032675420898256, -0.30304447449653954, -0.5629479510189097, 0.4087874968874891, -0.3868889864592156, -0.05497431127034744, -0.23152371251781806, 0.5533896625601984, 0.2476178234719204, 0.6180917551261336, 0.15506653514757798, 0.07090404829943829]], "inverted": true, "swapped": false, "error_lsq": 0.04637390941825196, "error_max": 0.3164224861598989, "target": "826.xyz", "model": "20.xyz", "model_rescale": 4.121658175737393, "target_rescale": 4.058224360850013},
{"mapping": [2, 1, 6, 4, 5, 10, 3, 11, 8, 7, 9, 8, 12], "R": [[-0.2315756932448052, 0.30832037171992466, -0.9226652950451075], [0.8252659411093163, -0.4399156194429641, -0.3541332718272427], [-0.5150813768164624, -0.8434529009687504, -0.15257253718889546]], "T": [-0.056061278176667326, -0.044433235696692636, 0.02130337287227832], "aligned_model": [[-0.42142011020373954, -0.6474700478986604, 0.09018062694443414, -0.06104954339660663, -0.31015424020680243, 0.5220983840849225, -0.560799332729749, 0.31579905396575886, 0.19870217216967495, -0.07957699939328773, 0.6218171716099694, 0.19870217216967495, -0.12074629355449558], [-0.21034527247140394, -0.40578909988324896, -0.6477602081068166, 0.22462529354182106, -0.09784064933352878, -0.16561918429820366, 0.42721601451135194, 0.7336729542166179, -0.4745473992695832, 0.5482414760216981, 0.08234415008535004, -0.4745473992695832, 0.01553588135807741], [-0.6230550321494909, -0.023779578532305334, -0.17165862240423638, -0.48536636865667937, 0.650976260014579, -0.48832238438701614, -0.05236605098958774, -0.15430885260901897, 0.472746052875078, 0.3604224620465214, 0.23826230204962065, 0.472746052875078, 0.07916773144685499]], "inverted": false, "swapped": false, "error_lsq": 0.05383676371121904, "error_max": 0.3554796669811935, "target": "826.xyz", "model": "21.xyz", "model_rescale": 4.08911054899281, "target_rescale": 4.058224360850013},
{"mapping": [3, 13, 12, 15, 0, 9, 2, 11, 7, 1, 8, 10, 16], "R": [[0.30111581038584706, -0.9460693547458274, 0.11950750916360373], [0.8756115930653996, 0.22467865226039246, -0.4275790468532421], [0.3776686468654076, 0.23339297167924292, 0.8960435893111365]], "T": [0.01564600707213873, -0.019393834115964008, 0.032406341967668055], "aligned_model": [[-0.6614626372677328, -0.42643081645679426, 0.011589305000786119, -0.02408914963636269, -0.39466911774514213, 0.4973823154689643, -0.5203306419547411, 0.4674013964425432, -0.03624821089085782, -0.11555463199081939, 0.41739769497475243, 0.552273826788503, -0.021176319172005416], [-0.2948379681015182, -0.5104871921089029, -0.6949215959700034, 0.4690554480592179, 0.0069526159931564205, -0.3051271090915251, 0.4264033783055809, 0.5825946014169594, -0.5975376699223637, 0.7192852953775478, 0.387078370861288, -0.5967190855092913, -0.03655253220759738], [-0.43656405806590265, 0.04360285312185968, -0.2652768657664291, -0.507357897268384, 0.6889326255939227, -0.4078597551900142, -0.1553373835422669, -0.10694939676549337, 0.4433234665445169, 0.2915161974850112, 0.42501039939500157, 0.20521127946955048, 0.05721250656802451]], "inverted": true, "swapped": false, "error_lsq": 0.04057125497819725, "error_max": 0.22774632816274157, "target": "826.xyz", "model": "22.xyz", "model_rescale": 4.204369325754507, "target_rescale": 4.058224360850013},
{"mapping": [13, 14, 12, 7, 10, 4, 11, 8, 3, 5, 6, 1, 15], "R": [[-0.5832330504350602, -0.4427781449639301, -0.6810188860982607], [0.29640927484084023, 0.6645633929053195, -0.6859278669062058], [0.7562940900658568, -0.6019161163754224, -0.256351785987512]], "T": [0.013321127276355406, -0.051287753175435734, -0.042551985262269866], "aligned_model": [[-0.515478852529212, -0.6182340945124503, 0.05776175118919769, 0.07581797616774058, -0.46049762103749237, 0.4484417875449568, -0.638521184587497, 0.47384906126692283, -0.040943118194324966, -0.0007414228803182196, 0.506467637731461, 0.45447842376443637, 0.0036826696376729383], [-0.11892107191302967, -0.4886515134631062, -0.5823703129557343, 0.31892368674299937, -0.11307258132964784, -0.22909226894881607, 0.23199456664635257, 0.5449302540939377, -0.7080292874120934, 0.7132604313027823, 0.32218096848551553, -0.2954269286887762, -0.0405393854578353], [-0.45136265161790406, 0.05537607555028464, -0.16949846159318596, -0.6380880316721486, 0.5816134300747059, -0.6026596479433733, 0.07604788674521012, -0.11118335824922179, 0.4970539299628546, 0.2838388250449746, 0.3765077822639238, 0.3832363738017519, -0.005418180788475245]], "inverted": false, "swapped": false, "error_lsq": 0.03744526268070787, "error_max": 0.24647966498786525, "target": "826.xyz", "model": "23.xyz", "model_rescale": 4.410303926677745, "target_rescale": 4.058224360850013},
{"mapping": [12, 13, 7, 0, 15, 1, 5, 3, 14, 4, 10, 11, 16], "R": [[-0.8195462860256867, 0.4774939473486196, 0.31677028791687073], [0.5306936912679309, 0.8409965559256161, 0.10530431600684872], [-0.21612054763469743, 0.25440975446449743, -0.9426386294457663]], "T": [-0.036031208047491756, -0.06196892039230151, 0.13529367005258017], "aligned_model": [[-0.626370821380358, -0.41599226979358284, 0.10932060326747324, -0.12376552735975253, -0.4391123697103822, 0.6730856575891196, -0.5367390501680885, 0.4011378937887748, -0.21698898365691605, -0.013259511327000928, 0.5084147045029741, 0.39608612417027017, 0.03026656363856288], [-0.08628460286861125, -0.6280633816569581, -0.46192025016214167, 0.16468624797764103, -0.0056052632952059145, -0.10192099034309468, 0.31705842964668096, 0.5934995726120166, -0.5622652164531516, 0.6231805499786035, 0.1901401893145347, -0.4956153533965982, 0.008296625748832845], [-0.40976020187148077, -0.03603430872321228, -0.3754339299898428, -0.5797699179954862, 0.7215213614028652, -0.3462584585344425, 0.1001944081045752, -0.29886668708793707, 0.5537526161977414, 0.19803142638868743, 0.3878873979745773, 0.2963739883736498, 0.06382627733970199]], "inverted": true, "swapped": false, "error_lsq": 0.04064219150309434, "error_max": 0.22390955668777246, "target": "826.xyz", "model": "24.xyz", "model_rescale": 4.28219845311461, "target_rescale": 4.058224360850013},
{"mapping": [0, 6, 1, 4, 14, 3, 2, 7, 10, 13, 9, 5, 15], "R": [[0.11114438413446795, -0.971747151503942, 0.20821719290045532], [0.9835882067883501, 0.1375246242926412, 0.11679562140785074], [-0.14213080363611524, 0.19181879797648474, 0.9710841278697788]], "T": [0.029258538179960138, 0.004543928102990112, 0.11018164190208254], "aligned_model": [[-0.5020151415805435, -0.6974354267444911, 0.20633878209352022, -0.04608901668138309, -0.49181197625550577, 0.5640569654535309, -0.6039077641146112, 0.4169087606337464, -0.24291549712923774, -0.0768718517402856, 0.6604239517947923, 0.5779451871519118, -0.018543959320349822], [-0.20350500482393968, -0.5282346508323769, -0.4413831599016532, 0.2692473367002908, 0.03312488590051729, -0.04423778285480861, 0.2517368159767066, 0.6265455769540554, -0.5184706044949873, 0.5784851767360736, 0.17404118934436813, -0.633352605312672, -0.00881061628902626], [-0.4729290600555355, 0.0940570603256955, -0.3136921815948214, -0.5672424678542055, 0.6649908638261276, -0.4480802426302307, 0.027864364182326906, -0.1513279365234718, 0.6412954828276465, 0.22083533768255945, 0.2827347727544659, 0.24175540376345553, 0.05520257487538453]], "inverted": false, "swapped": false, "error_lsq": 0.04120647683447457, "error_max": 0.28368451297020664, "target": "826.xyz", "model": "25.xyz", "model_rescale": 4.100010024507729, "target_rescale": 4.058224360850013},
{"mapping": [3, 5, 10, 11, 6, 4, 9, 8, 2, 1, 0, 12], "R": [[-0.4502475480566933, 0.5453400085979512, -0.7070229278399127], [0.8180253267570035, -0.0654806988417197, -0.5714427730431964], [-0.35792696217669, -0.8356533689883545, -0.416619414628483]], "T": [-0.05969848221533344, -0.007483348477358827, 0.0437871858678436], "aligned_model": [[-0.6334677231338521, -0.010354485780387973, 0.35771803157349846, 0.6286019457307851, -0.4714317260676487, 0.15870220902317553, -0.299531870953346, 0.6760877790671085, 0.11214565518795491, -0.003020180370408132, -0.5910391427282338, -0.04764488918563929], [-0.29749786806525463, -0.7411200268933487, -0.1735738663513055, -0.2861747843481987, 0.512208029134824, 0.6421398276464225, 0.2794797699091755, 0.27401239889953943, -0.21884452209979405, 0.4663388580065966, 0.1735411697563914, 0.03562240445559166], [0.02394258135030996, -0.06855812136636438, 0.6035408339024894, -0.09692898493406482, 0.12303131392759833, 0.17346331275113966, 0.6548609785651806, -0.2881758311893998, -0.5536510456180121, -0.5632499785100469, -0.49411534905374743, 0.05103258002927405]], "inverted": true, "swapped": true, "error_lsq": 0.04318511855594273, "error_max": 0.24249609683942142, "target": "826.xyz", "model": "26.xyz", "model_rescale": 3.6694154284099745, "target_rescale": 4.058224360850013},
{"mapping": [11, 12, 9, 10, 6, 8, 2, 4, 3, 0, 5, 7, 13], "R": [[0.16070726852215608, -0.8618596902492103, 0.4810104449673447], [0.9577912672289625, 0.2538645876652066, 0.1348653385770895], [-0.23834651720569777, 0.4390337634546003, 0.866279569355531]], "T": [0.048513638131421906, -0.02373698014483217, 0.04936708115481062], "aligned_model": [[-0.6356817356682903, -0.6393210153516953, 0.049189385463965125, 0.016926243736827447, -0.4232677518961018, 0.5780260137830158, -0.5003531736884593, 0.2466936329372059, -0.05833606043337298, 0.0468121718263446, 0.6198818743331064, 0.4419800693075567, 0.0035333592109910786], [-0.1481009490905258, -0.41899728560251304, -0.6057689284389802, 0.0783528279935377, -0.06103664787565154, -0.03181672860938983, 0.3734154044158116, 0.6606506137816384, -0.7327012968585127, 0.5799799638781087, 0.26969069067552986, -0.4198455374019399, 0.011364430235435135], [-0.45321202997530613, 0.06900362246712413, -0.3057411981077455, -0.5426385163544257, 0.5465808044320946, -0.3082759729181071, -0.0067119035342539865, -0.3603509694937325, 0.4219042737636279, 0.3185441597576434, 0.5113379031531955, 0.3399022823330021, 0.04512151605628039]], "inverted": true, "swapped": false, "error_lsq": 0.041218222499593796, "error_max": 0.2696072599737153, "target": "826.xyz", "model": "27.xyz", "model_rescale": 4.103607728864725, "target_rescale": 4.058224360850013},
{"mapping": [12, 3, 10, 13, 0, 11, 2, 8, 9, 4, 7, 6, 14], "R": [[0.010687858899851327, 0.5225776940993911, 0.8525246760662709], [0.8521022755710392, 0.4413885467011741, -0.28124342269230485], [-0.5232661671069455, 0.729444106474779, -0.4405721437976051]], "T": [0.03071648237724159, -0.13209884649244724, 0.014936255370129093], "aligned_model": [[-0.6455617231408374, -0.686163045565237, -0.007383140000021049, 0.05627274951649701, -0.3648891008594465, 0.6220984844442421, -0.5763846620786011, 0.4240946578002268, 0.08241784404632946, -0.20104012338611957, 0.5393180115234635, 0.550575431871025, -0.04727237061042783], [-0.03547927957599177, -0.32219753627621417, -0.6069822634670232, 0.22514394110587033, -0.12811023087460852, -0.10299956539835955, 0.28204037595360903, 0.5865878147102466, -0.7905130968617236, 0.7303706266552838, 0.2253448074815172, -0.4581986075536862, -0.04982042879637169], [-0.5052618464669106, 0.13102709534587048, -0.166197494557965, -0.5250609676529079, 0.6092190621541214, -0.3336061278923961, 0.050115952132085126, -0.01704922441097571, 0.49861132208870373, -0.14012686309405892, 0.38050398418005693, 0.17201229211314173, 0.12127678764063195]], "inverted": false, "swapped": false, "error_lsq": 0.04755205099524818, "error_max": 0.4028327251776382, "target": "826.xyz", "model": "28.xyz", "model_rescale": 4.137296879288765, "target_rescale": 4.058224360850013},
