[{"mapping": [10, 4, 9, 8, 11, 0, 2, 5, 3, 1, 6, 12], "R": [[0.8235525425444397, 0.2414620628915089, -0.5132808995596527], [-0.5441221896189377, 0.08058633530274315, -0.8351268678031901], [-0.1602880295994749, 0.9670583822844675, 0.19775194770334625]], "T": [-0.10199519109252639, -0.09724222572383884, -0.024125386853954503], "aligned_model": [[-0.23363886957178476, 0.22563788835806328, 0.42530423662437533, 0.046667399339383714, -0.16481744511949825, -0.589110068906702, 0.3497615886153168, -0.3970029504551813, 0.5891782994099761, 0.09993325828329491, -0.5051812978831326, -0.009089576233562643], [-0.27998781439011766, -0.6995081719192813, -0.11934063781572357, 0.7282118407474827, 0.3156092088447208, -0.7642110965779259, -0.20538309242167968, -0.5006936121754292, 0.05957911389699472, 0.41780010769845016, 0.18818036807298194, -0.08670117798341592], [-0.440231061450938, -0.0002415618659596802, -0.6589346681351692, -0.19493562210097554, -0.7185855741844472, -0.062495642605932114, 0.5478308823433884, 0.542409418421889, 0.024766191784108257, 0.4442269898773791, 0.6393759359189753, 0.058766457351244375]], "inverted": true, "swapped": true, "error_lsq": 0.04710862764774604, "error_max": 0.2889710633932928, "target": "827.xyz", "model": "0.xyz", "model_rescale": 3.751011558992144, "target_rescale": 3.9702660631372613},
{"mapping": [13, 1, 8, 4, 5, 2, 0, 7, 6, 10, 9, 11, 14], "R": [[0.7696613181638876, 0.21069507285837427, -0.6026848609310106], [0.49508549867871415, 0.39908078213504594, 0.7717673731951417], [0.4031275286063656, -0.8923800286893945, 0.20284496561669843]], "T": [0.01986332547279556, -0.03589659238766081, 0.021529456441267934], "aligned_model": [[0.03503198154710506, 0.27658339063864407, -0.397165236466914, -0.46683453392951524, -0.4414524597943667, -0.009006602943573201, 0.5387302281051501, 0.6361777886249466, 0.28352314681939506, -0.5927093238090679, -0.2622881423015986, 0.1654044460558063, 0.035267112645490456], [0.20372263953410918, -0.49934299250127095, -0.5490396199147193, -0.3296096580992043, -0.00458184921415751, -0.48808625095672614, -0.5766614665090344, -0.00735503541509179, 0.14854943347498617, 0.36573799527337014, 0.5083079425074979, 0.6749797196819263, 0.015130252513180384], [-0.6639300491946953, 0.47429627479130376, -0.034947653671903084, 0.5714674516674053, -0.3983433577762511, -0.6701562683677194, -0.09617783631787644, 0.2644674852311258, 0.6999017048573538, 0.3901731265008711, -0.2201761387910163, 0.35349879250178473, 0.008770268239375694]], "inverted": false, "swapped": false, "error_lsq": 0.04580571128018393, "error_max": 0.336243009770792, "target": "827.xyz", "model": "1.xyz", "model_rescale": 3.9405287249114394, "target_rescale": 3.9702660631372613},
{"mapping": [7, 5, 2, 9, 4, 1, 0, 6, 11, 10, 3, 10, 12], "R": [[0.1584616284399479, -0.7255091489510879, -0.6697211263656153], [-0.5542302870175881, 0.49599345285648544, -0.6684454231093991], [0.8171405639573659, 0.47710268235650266, -0.3235032136218563]], "T": [-0.03053756740742391, -0.07803474064316934, -0.023331710781571237], "aligned_model": [[0.194516243692041, 0.1251674022008126, -0.1847799222748146, -0.409308687144307, -0.5583756717603038, -0.004523890689541059, 0.6415804824564862, 0.48188715828458645, 0.33306301807571626, -0.30684559895959973, -0.1240000886693122, -0.30684559895959973, -0.0802730510606624], [0.34652699492991307, -0.5711978118913812, -0.7377558717613046, 0.0027646882668650175, 0.01563178761560613, -0.5624457133131657, -0.5786841319903429, 0.09664036134278653, 0.04691159693557595, 0.5406420393444531, 0.4722131034010771, 0.5406420393444531, -0.15013797184966995], [-0.6542104376006959, 0.4871802165747622, 0.04841055460488649, 0.6840472528801561, -0.4753375060540618, -0.6493473899292996, -0.04651580590556356, -0.07092585574802274, 0.5764993621040859, 0.4790426843823137, -0.14699150947508777, 0.4790426843823137, -0.032050450546028265]], "inverted": true, "swapped": false, "error_lsq": 0.062447697688827124, "error_max": 0.4860906204384811, "target": "827.xyz", "model": "2.xyz", "model_rescale": 3.932901565614263, "target_rescale": 3.9702660631372613},
{"mapping": [0, 5, 6, 12, 1, 2, 4, 7, 9, 11, 3, 8, 13], "R": [[0.9695251005926723, 0.2434412060714089, 0.027521964088097352], [0.2449243424514228, -0.9604820742862841, -0.13223559070634178], [-0.0057572385313486634, 0.13494652333874635, -0.9908361570124893]], "T": [-0.058775360321732764, 0.046709096408190036, 0.03754981117969961], "aligned_model": [[0.1401439854576062, 0.2244881581505468, -0.2615471445374084, -0.3041947663914077, -0.5497774393482338, -0.08890223150914914, 0.5144082738557999, 0.6329470772067112, 0.2096754815993565, -0.6939454245962505, 0.011173026452710552, 0.0595887271494631, -0.0927959282982428], [0.08147708949893276, -0.4978357070143559, -0.6050574704027354, -0.3900561967323741, -0.000860110108262431, -0.5303261412929123, -0.4887181546808768, 0.1143635201638927, 0.046657367718777785, 0.5970985563270024, 0.5070043049047241, 0.6653904918145356, -0.03738643982148288], [-0.6013340669031401, 0.41175887283223633, 0.06541029565591533, 0.6138615358494134, -0.5151008469174406, -0.562718928021326, -0.3471638288696454, 0.2009067691372168, 0.7214555665179962, 0.3397734539133735, -0.17202361820485743, 0.4143919522773705, 0.10962664240264602]], "inverted": true, "swapped": false, "error_lsq": 0.051655591545062315, "error_max": 0.27417496731304414, "target": "827.xyz", "model": "3.xyz", "model_rescale": 3.9243930471874484, "target_rescale": 3.9702660631372613},
{"mapping": [10, 5, 9, 1, 8, 11, 6, 3, 0, 7, 4, 2, 12], "R": [[-0.05976740057054742, 0.9357456663200953, -0.3475743169340929], [-0.9830695181082308, 0.005242338140854286, 0.18315796585807576], [0.17321137490214328, 0.3526365917683224, 0.9195897203375705]], "T": [-0.04691173760515992, -0.07980703791227634, -0.05354599005686304], "aligned_model": [[0.09985574183656919, 0.2954936038676561, -0.5650165897315209, -0.3736823575450537, -0.5626001028388107, 0.04362330362487722, 0.6167542323142591, 0.5146386381247521, 0.28912126053884146, -0.5254233619521685, -0.1179673972096177, 0.08894406798204334, -0.0024792438203246753], [0.059438881320152626, -0.5376852645604194, -0.5360094842564123, -0.24650485154688084, 0.09850206329546274, -0.750360637995392, -0.3538508205869241, 0.2853633687544849, 0.03413703536080938, 0.42014489849945047, 0.5072189285686233, 0.6099709965948195, -0.12861400307290766], [-0.7289700053793492, 0.4431724527931273, -0.19892164802483991, 0.5593105191327067, -0.3675646890309218, -0.4637841612605756, -0.13077293020729414, 0.011761895968494453, 0.7193841010153396, 0.351415051964624, -0.1056888453240783, 0.5439186143452369, 0.045583443677288914]], "inverted": true, "swapped": false, "error_lsq": 0.049806314639814844, "error_max": 0.3426752171375975, "target": "827.xyz", "model": "4.xyz", "model_rescale": 3.8936222436046832, "target_rescale": 3.9702660631372613},
{"mapping": [9, 3, 11, 10, 8, 1, 2, 6, 0, 4, 7, 12], "R": [[-0.059127394814481204, 0.3808276313472135, -0.9227536325503811], [0.9933281919778129, 0.1141282948755033, -0.016547970597622086], [0.09901037422685599, -0.9175756358531331, -0.385034931251928]], "T": [0.018775266369012902, 0.0009766689084992793, 0.004704747063750896], "aligned_model": [[-0.1113955560151449, -0.4787422034302398, -0.15723840091408436, 0.3203940535780407, -0.712709020095571, -0.606338286644472, -0.23629515277396201, -0.14028528282475333, 0.8339586205652706, 0.34673563744793134, 0.023683759626805308, -0.054220126304723504], [-0.4939178020199784, -0.505661609412387, 0.23207721790884456, -0.00283989888685114, 0.2922514422825913, 0.11944085593602771, -0.4110215628779928, 0.5276239851426141, 0.0698863378071004, -0.5892705498288928, 0.4989541341859754, -0.06859964512724397], [-0.6430999067730222, -0.01761419512008664, -0.7517869049686721, -0.3598243761968804, -0.33106431518645024, 0.35197544105484013, 0.559780550192779, 0.6224437251715601, 0.12440525657140086, 0.12590028150119031, -0.14032199178817342, 0.078491154817033]], "inverted": false, "swapped": true, "error_lsq": 0.0472232220497529, "error_max": 0.232673488049748, "target": "827.xyz", "model": "5.xyz", "model_rescale": 3.6523030999806103, "target_rescale": 3.9702660631372613},
{"mapping": [8, 4, 2, 3, 1, 6, 10, 9, 11, 0, 5, 7, 12], "R": [[0.10358492384534516, -0.23157443058988653, 0.967286641409321], [0.2634580586780846, 0.9441686727514934, 0.19782661275030422], [-0.9590933295928658, 0.2343476061146214, 0.15881178998681833]], "T": [0.027451050449185686, -0.051264599567668684, -0.016540404815001], "aligned_model": [[0.2149088007145941, 0.061434108076855724, -0.3628407707386882, -0.39838216150267736, -0.6131150816885373, 0.07720522383162581, 0.5769290206621555, 0.7179985195526469, 0.5145687029528597, -0.8304155952509885, -0.2283127970528848, 0.09810161906549766, -0.026817793430957047], [0.25575047020664843, -0.46646417247924965, -0.6983796425274525, 0.028253304711389204, -0.16335252509323836, -0.4055829079703388, -0.6016289485616042, 0.1592329210128202, -0.029412109437284645, 0.3723606796686124, 0.5524104503442249, 0.43500039363882503, 0.023563196861513827], [-0.5860177454207479, 0.37790359422064507, 0.05505603153575655, 0.5265835970904628, -0.2604383205562678, -0.5593180025784036, -0.07855721926164685, -0.055242626003362626, 0.716131325522256, 0.2513591500293692, -0.20110697386680676, 0.45819416653330974, 0.03429682242519472]], "inverted": true, "swapped": false, "error_lsq": 0.0576103064881422, "error_max": 0.33039925345645776, "target": "827.xyz", "model": "6.xyz", "model_rescale": 4.08911054899281, "target_rescale": 3.9702660631372613},
{"mapping": [9, 5, 10, 12, 11, 8, 4, 6, 7, 13, 1, 2, 14], "R": [[0.24595047398488049, 0.080950994833687, 0.9658961128310068], [-0.7028776902577807, 0.7010777937506611, 0.12022012995997336], [-0.6674363766566069, -0.7084750267618061, 0.22932906394602084]], "T": [0.03788418960133272, -0.03389440812982677, 0.020043125143342326], "aligned_model": [[-0.03051126244852498, 0.1627922293866457, -0.33036994152145766, -0.5090819550125227, -0.5114269749200364, 0.12522550169257254, 0.5334537494732401, 0.4905642949580957, 0.25704436903265676, -0.44636449236537173, -0.15522348010798395, 0.2357262998246946, -0.020566542800505967], [0.16140048970277082, -0.615267037389315, -0.6443041298639542, -0.2714658452036585, -0.05385327199709262, -0.45771235884616107, -0.5331910801709292, 0.14460598085819235, 0.07903656611351564, 0.33207613934978975, 0.6264571124322829, 0.6725015674158723, 0.02146697797355271], [-0.7360913026717395, 0.4963886689749483, -0.0851413082365404, 0.4104144444588455, -0.1858450756901727, -0.507117963270599, -0.02426414648670385, 0.13122450757219692, 0.7538716986845545, 0.42926591867102776, -0.23410517023977095, 0.3547112718894312, -0.12446774398571903]], "inverted": true, "swapped": false, "error_lsq": 0.03844853205845573, "error_max": 0.2242432818298453, "target": "827.xyz", "model": "7.xyz", "model_rescale": 3.964800864290218, "target_rescale": 3.9702660631372613},
{"mapping": [9, 2, 7, 1, 8, 12, 4, 6, 0, 5, 10, 3, 13], "R": [[0.2916511812079434, -0.9275267406028056, 0.23373860179000597], [0.910986325119373, 0.19484503530338193, -0.3635097353072179], [0.2916221938493556, 0.31895071356615495, 0.9017909615704347]], "T": [0.06050668906861473, -0.04067607161439786, 0.0685583832081437], "aligned_model": [[-0.1262504043345754, 0.25924409141086185, -0.3403707001620788, -0.4793770713163597, -0.6259576776898792, 0.03907255973984501, 0.6659102631514926, 0.6004858114265097, 0.20902472570950476, -0.5183604523340395, -0.09589713667453043, 0.21338464160720397, 0.0003531446575470165], [0.06294683262483856, -0.5898267258463106, -0.6250295513103937, -0.32023850108015434, 0.0023098619365688605, -0.5084808901695171, -0.3717361363894133, 0.16209488091981922, -0.054135082839330065, 0.5605689265560805, 0.6595696947813776, 0.49710379508517305, -0.01339599389387288], [-0.5858427235828154, 0.3808815037436075, 0.0001369353100097448, 0.5084336660738419, -0.2749186379954479, -0.5242098405733769, -0.0692064200352176, 0.13030230116369804, 0.7692156605784181, 0.11843831652487571, -0.3318510609174069, 0.5304932728869894, 0.026970826492582624]], "inverted": true, "swapped": false, "error_lsq": 0.05042960811790356, "error_max": 0.3031149525588606, "target": "827.xyz", "model": "8.xyz", "model_rescale": 4.121658175737393, "target_rescale": 3.9702660631372613},
{"mapping": [10, 8, 2, 1, 0, 3, 11, 7, 6, 4, 5, 9, 12], "R": [[0.6278202800759611, 0.10679450534379253, 0.7709971657235302], [-0.7126433589914729, -0.3194826733459966, 0.6245560537830424], [0.31301939047077093, -0.9415549665633283, -0.12447130644946722]], "T": [0.04603932892614959, -0.047426552047609045, 0.04409337423423529], "aligned_model": [[0.06923707237451394, 0.43049567804266775, -0.2652083734918548, -0.5619444780651706, -0.664560457593826, -0.039155995280499345, 0.5343716693399445, 0.6660318920523627, 0.0754992113850618, -0.5827040237317542, -0.01210872693929771, 0.18280079353599143, -0.03149246643663739], [0.044135447445375876, -0.5290802792214341, -0.6657230202550443, -0.16758843090425124, 0.04368674426791041, -0.6071283659091435, -0.30704802466340464, 0.21242073981649495, -0.08107788062359357, 0.5128972562377272, 0.4871204129212323, 0.5768566075203367, -0.057720096257340134], [-0.7092718065002578, 0.43236691241429237, 0.1004919203202063, 0.345504271548041, -0.28082285151413156, -0.5055971093685414, -0.267612080989595, 0.10153479563277847, 0.7356002458592044, 0.32489035441002245, -0.260202948644379, 0.5777193251704515, 0.08424277133166701]], "inverted": false, "swapped": false, "error_lsq": 0.0529570755246832, "error_max": 0.31529370871324813, "target": "827.xyz", "model": "9.xyz", "model_rescale": 3.833441315466971, "target_rescale": 3.9702660631372613},
{"mapping": [6, 2, 5, 13, 1, 4, 3, 7, 8, 10, 12, 11, 14], "R": [[0.1504235437625162, -0.9877660907231988, 0.04112064565806116], [-0.9692541907217062, -0.1391563376706565, 0.20293306151167378], [-0.19472819839544792, -0.07038226838842077, -0.9783288123356908]], "T": [-0.0465261172527641, 0.014426084072042086, 0.03941237802259598], "aligned_model": [[-0.00596223644960913, 0.07662999043896138, -0.361579700958644, -0.5015286579752645, -0.6327405523391811, 0.17730134144075707, 0.6426457133382135, 0.592933147641961, 0.16089273296042353, -0.3900404324096198, -0.23149383778026728, 0.24438067763108381, 0.029823609652687454], [0.08934867276334912, -0.595014072201826, -0.5727809348920859, -0.472987495643636, 0.03686429327201443, -0.4689465948840007, -0.5085188237380225, 0.2002334850325353, 0.17722678026480004, 0.49089962131205667, 0.5158218183730883, 0.6009089216960247, -0.03130456097943192], [-0.6343611338661513, 0.40005835954289815, -0.07619193738282032, 0.47654763358942, -0.40942845766198865, -0.5540222873483251, -0.03735129218041028, 0.06135400673197659, 0.7729195124610638, 0.6144993515424062, -0.23881292150702413, 0.23111057547499378, 0.07252239027372004]], "inverted": true, "swapped": false, "error_lsq": 0.04943589166301403, "error_max": 0.28465312001678744, "target": "827.xyz", "model": "10.xyz", "model_rescale": 4.2482417240324, "target_rescale": 3.9702660631372613},
{"mapping": [0, 10, 11, 9, 6, 1, 7, 3, 4, 2, 5, 12], "R": [[-0.5407907389396743, 0.2111459838468969, 0.8142252453605252], [0.3015355537558806, -0.8549860627046856, 0.42198950508498945], [0.785252625909787, 0.47372587652150244, 0.3987005234705853]], "T": [-0.013957712044840039, 0.029445863067227067, 0.024092257166730954], "aligned_model": [[-0.6382258542700365, -0.00024061655458868653, 0.4010511320122542, 0.6930884184780369, -0.5360604924914997, 0.12832975511886846, -0.197978586996588, 0.5832189378954097, 0.019328535910747784, 0.05467737535277425, -0.6583624518773431, 0.027939449784971537], [-0.47647356769681415, -0.42996407671485715, -0.28965964772027664, -0.39394440309053913, 0.6513828656109935, 0.7370218469218978, 0.02839447105339593, 0.2807134623837184, -0.24696137671768825, 0.49789097603433413, 0.19025646867497448, 0.11747437131150051], [-0.17067804750227594, 0.13645011943314708, 0.6426447826266882, -0.024305074617264152, 0.1817696195141552, 0.09108596160618047, 0.5090392814581398, -0.2673674403824761, -0.6029079065370345, -0.540496982769225, -0.33597268879204484, -0.05406933418363376]], "inverted": false, "swapped": true, "error_lsq": 0.05345243720116886, "error_max": 0.35770002702626674, "target": "827.xyz", "model": "11.xyz", "model_rescale": 3.6694154284099745, "target_rescale": 3.9702660631372613},
{"mapping": [3, 5, 0, 6, 4, 1, 12, 10, 7, 11, 8, 9, 13], "R": [[0.816955917596486, -0.5517010491353059, -0.16795529490637157], [-0.48971516905025314, -0.5098524246429998, -0.7072690847815534], [0.3045686817553071, 0.6600579197832998, -0.6867033279555135]], "T": [0.02343946473955153, -0.060694466888448755, 0.08221364567045868], "aligned_model": [[-0.23541666586005236, 0.08775035971572584, -0.2753080018322121, -0.3983231947096013, -0.599664657200383, 0.06543733817773914, 0.5605110356415435, 0.6090888721178432, 0.29976828710550024, -0.48845578431341147, 0.03777739331555271, 0.1650894496884163, -0.02699263665515881], [0.20846055867279578, -0.6443074806161598, -0.6942511983129475, -0.21665373726403114, -0.09490015898792159, -0.3883565803538837, -0.46878879634763454, 0.16007364613704902, 0.03701604553161326, 0.4435671574974656, 0.6170828816741466, 0.6554609540316513, -0.15265218128727667], [-0.6935427442287464, 0.6297816793171496, -0.05953854552642114, 0.4252118942548557, -0.31559268107630317, -0.6971111981062531, -0.00013710574452802105, 0.19086445890744708, 0.765046243136339, 0.2516601477758669, -0.25395616393578396, 0.4164934113470989, 0.019664403549037687]], "inverted": true, "swapped": false, "error_lsq": 0.043345020205476974, "error_max": 0.2877167528779609, "target": "827.xyz", "model": "12.xyz", "model_rescale": 3.9764082729961374, "target_rescale": 3.9702660631372613},
{"mapping": [0, 13, 6, 14, 4, 5, 12, 1, 11, 3, 7, 8, 15], "R": [[0.08895404197742424, 0.9959270193300265, -0.014715657793244546], [0.9527643736892422, -0.08077288726824872, 0.2927725890702489], [0.2903915058062557, -0.04006385965879994, -0.9560688576168641]], "T": [0.09422946854532611, -0.0583347501607384, 0.002554709016269849], "aligned_model": [[0.05417405293171916, 0.14043266146673838, -0.41034542523456974, -0.39334880579515874, -0.4777762202046929, -0.006306350799757984, 0.6262238135682942, 0.6801518518623938, 0.09357668137635719, -0.41506086402880327, -0.298855406178958, 0.21830241807135115, -0.009906611843411323], [0.24693487348849646, -0.5392309977514594, -0.6295249836186275, -0.2760496849722617, -0.06064558807012764, -0.5504648149020256, -0.40716590747535886, 0.1849603041204237, 0.054152841647212915, 0.42971867997587576, 0.5239009330640804, 0.5167459839215721, -0.03158052905293426], [-0.6549511495578854, 0.37816702271741787, 0.05551412242465849, 0.597261084571668, -0.4318044440414283, -0.6686564755158915, 0.052678311225147226, -0.026169071225353384, 0.7886150211473241, 0.4617612570880817, -0.27586869044166457, 0.3943976483833229, 0.00789916289436149]], "inverted": true, "swapped": false, "error_lsq": 0.048250026476610065, "error_max": 0.2877607250961223, "target": "827.xyz", "model": "13.xyz", "model_rescale": 4.170626492500431, "target_rescale": 3.9702660631372613},
{"mapping": [1, 12, 8, 4, 0, 7, 10, 11, 5, 2, 3, 6, 13], "R": [[0.3389308688521625, 0.0008678267419385821, -0.9408108805790167], [0.9166224526647522, 0.22499549686879508, 0.3304244326008877], [0.21196496269424528, -0.974359416881425, 0.07546244976488087]], "T": [-0.041645264541810285, -0.016672792380932812, -0.007677905110041114], "aligned_model": [[-0.015306868457968026, 0.22716525376192165, -0.22664379362737339, -0.47633761601518976, -0.499545447008544, -0.15464925213412867, 0.3315092729927058, 0.594884201064103, 0.385033764796028, -0.5793874210516313, 0.08748778270847679, 0.09900170702634814, 0.028050211136753607], [0.1481335448557501, -0.5018082866466776, -0.732986406351731, -0.2801263741611555, -0.039807822936398236, -0.5636836021009307, -0.4206102189170619, 0.23979901439067156, 0.03789137559232227, 0.34524073534831784, 0.6434539597698348, 0.5641250642370864, 0.022130127294838153], [-0.75798426253593, 0.4699103889665448, 0.05733473582382771, 0.4869915809215276, -0.38931988365277465, -0.5954185585674272, -0.13384664741811092, 0.16176855510056687, 0.7936881696978046, 0.10538906086623621, -0.15943735830033778, 0.5842524507315123, 0.055515568036319365]], "inverted": true, "swapped": false, "error_lsq": 0.052753477848871674, "error_max": 0.3092503723717372, "target": "827.xyz", "model": "14.xyz", "model_rescale": 3.9786697098870705, "target_rescale": 3.9702660631372613},
{"mapping": [8, 1, 9, 11, 3, 4, 6, 5, 10, 7, 2, 12], "R": [[0.32027937920687244, -0.9179644592140013, 0.23401361258441095], [0.8574309030010834, 0.3859342269324729, 0.34039244859541373], [-0.4027820326598585, 0.09162982102995086, 0.9106978698033789]], "T": [0.1200688391869208, 0.0026463722453454568, 0.0858995704165899], "aligned_model": [[-0.10526559630984406, -0.5423328168770011, 0.6554918479463426, 0.5618001498304945, -0.04707147315309612, 0.34040175086743174, -0.5674820548323543, -0.1837118856881383, 0.5829104740251829, 0.13229702734913704, -0.37782343112199357, 0.034140604731174584], [-0.5503629916118401, -0.09995484768899675, 0.15549835623124417, -0.544218999214423, 0.33631285500555513, 0.647989782982521, -0.25350546517543626, 0.28046786617158337, -0.07417551331335473, -0.49759897882191084, 0.5360083861562298, 0.07821403950326747], [-0.5273346049020519, -0.1899530866053195, -0.5235873634637926, -0.31718802441700206, -0.5186125529266229, 0.16088911663152916, 0.46789316119967045, 0.71937946244932, 0.14710381579055448, 0.2224406424869852, -0.016769111370334974, 0.03570503900089454]], "inverted": true, "swapped": true, "error_lsq": 0.044570272866900955, "error_max": 0.20788473830491358, "target": "827.xyz", "model": "15.xyz", "model_rescale": 3.769337070930944, "target_rescale": 3.9702660631372613},
{"mapping": [1, 8, 2, 3, 6, 7, 5, 11, 4, 9, 12], "R": [[0.5170479623138496, 0.1906835953260158, -0.8344466256991157], [-0.593421301524805, -0.6226987184656738, -0.5099975146192519], [-0.6168570041457764, 0.7588715783943629, -0.20880939620032865]], "T": [0.14443168540504966, 0.05209636660421251, 0.0802031365694589], "aligned_model": [[-0.2295331670965691, -0.355920007335944, -0.1793137715784818, -0.5422081590821233, 0.4265017777637349, 0.39324606059559736, 0.6198017018621678, -0.0210046170047882, 0.11053954427309051, -0.36100508817971366, 0.061521856474199915], [0.0531834058289588, -0.57233545876005, 0.6457980840772664, 0.23303879961658364, 0.10392707619529147, -0.3741335093288246, 0.5670595913801861, -0.6822116324272332, 0.6109899564189131, -0.11942887174461866, 0.13017705636886856], [-0.5407209812689893, -0.22374455162143167, -0.2124054051520272, 0.10233169038126189, -0.6956893428503035, -0.07935219481408048, -0.20193248593275456, 0.3803539100431337, 0.4765961483980652, 0.7099877111709079, 0.028793108869994435]], "inverted": false, "swapped": true, "error_lsq": 0.05758486688280154, "error_max": 0.3318243679096569, "target": "827.xyz", "model": "16.xyz", "model_rescale": 3.7852294659196426, "target_rescale": 3.9702660631372613},
{"mapping": [9, 5, 6, 7, 11, 10, 4, 0, 1, 2, 8, 3, 12], "R": [[-0.5071792806738848, -0.2557927494412343, -0.823006225121302], [0.7046886886067901, -0.6728481455261508, -0.22514267745512512], [-0.49616834784653824, -0.6941508786966377, 0.521508895609579]], "T": [0.0022872661560498792, 0.013472206473069931, 0.08952082668600356], "aligned_model": [[0.02877345700776754, 0.14385123628374827, -0.3793121162322711, -0.537265616226528, -0.6657923678155114, 0.09002148439548363, 0.6124865815335956, 0.5855111502690672, 0.12741711478172052, -0.3871284326046061, -0.15511380350272524, 0.35700027804743084, -0.01918717074566973], [0.19137486000768825, -0.529992961234819, -0.7724373843926966, -0.3253019514409735, 0.05928826647555761, -0.5355584387574945, -0.3376946237277164, 0.2413192634757714, -0.0037429305559333118, 0.3130028896040391, 0.5390455228777341, 0.6313341280112184, -0.008885529967509777], [-0.7560032197321628, 0.43130184489840095, -0.06578938626871669, 0.3819960601993805, -0.2096489674970771, -0.4936799387685401, 0.16778536507409486, -0.1819248867707667, 0.7664996404512935, 0.4538336105024845, -0.261482739686399, 0.44296204707588427, 0.002994370191882381]], "inverted": false, "swapped": false, "error_lsq": 0.053016326661924275, "error_max": 0.35307995974904055, "target": "827.xyz", "model": "17.xyz", "model_rescale": 3.901054581598922, "target_rescale": 3.9702660631372613},
{"mapping": [13, 1, 8, 4, 5, 2, 0, 7, 6, 10, 9, 11, 14], "R": [[0.7696613181638876, 0.21069507285837427, -0.6026848609310106], [0.49508549867871415, 0.39908078213504594, 0.7717673731951417], [0.4031275286063656, -0.8923800286893945, 0.20284496561669843]], "T": [0.01986332547279556, -0.03589659238766081, 0.021529456441267934], "aligned_model": [[0.03503198154710506, 0.27658339063864407, -0.397165236466914, -0.46683453392951524, -0.4414524597943667, -0.009006602943573201, 0.5387302281051501, 0.6361777886249466, 0.28352314681939506, -0.5927093238090679, -0.2622881423015986, 0.1654044460558063, 0.035267112645490456], [0.20372263953410918, -0.49934299250127095, -0.5490396199147193, -0.3296096580992043, -0.00458184921415751, -0.48808625095672614, -0.5766614665090344, -0.00735503541509179, 0.14854943347498617, 0.36573799527337014, 0.5083079425074979, 0.6749797196819263, 0.015130252513180384], [-0.6639300491946953, 0.47429627479130376, -0.034947653671903084, 0.5714674516674053, -0.3983433577762511, -0.6701562683677194, -0.09617783631787644, 0.2644674852311258, 0.6999017048573538, 0.3901731265008711, -0.2201761387910163, 0.35349879250178473, 0.008770268239375694]], "inverted": false, "swapped": false, "error_lsq": 0.04580571128018393, "error_max": 0.336243009770792, "target": "827.xyz", "model": "18.xyz", "model_rescale": 3.9405287249114394, "target_rescale": 3.9702660631372613},
{"mapping": [4, 5, 9, 11, 13, 7, 8, 1, 2, 14, 12, 3, 15], "R": [[0.21234259103097602, 0.540135972641854, 0.814348669239712], [0.15749814294522646, 0.8035408129145138, -0.5740352750044959], [-0.9644194932720184, 0.25015054075280463, 0.08555552558439894]], "T": [0.0205060611760162, 0.02167411399383943, -0.003974575119204335], "aligned_model": [[0.18638689770601663, 0.23394419653005408, -0.2992701803125221, -0.49462649345816473, -0.6265635770805793, -0.09384665632517081, 0.498960864143488, 0.5508768786019261, 0.3769662025086658, -0.5822324246351142, -0.05869592830831665, 0.08236952929188521, 0.02699248652933358], [0.09784862322364701, -0.6531701479736352, -0.6758165327757802, -0.26555523588770324, -0.03128805485624605, -0.46499402676595375, -0.5481004104087112, 0.3771579589060671, -0.11633912989806774, 0.433323916245827, 0.5141025033196557, 0.7758551260686665, 0.018726521177099883], [-0.7120324970661193, 0.43225016882023964, -0.020092887837869312, 0.4099710174681608, -0.1766758701031756, -0.49965907730869424, -0.14075961960566136, 0.16293095507326638, 0.7765469141202573, 0.2548491488787921, -0.23064700056415938, 0.38693782838371776, 0.03522471941100356]], "inverted": true, "swapped": false, "error_lsq": 0.04445209713987029, "error_max": 0.23212140414438417, "target": "827.xyz", "model": "19.xyz", "model_rescale": 4.410303926677745, "target_rescale": 3.9702660631372613},
{"mapping": [9, 2, 7, 1, 8, 12, 4, 6, 0, 5, 10, 3, 13], "R": [[0.2916511812079434, -0.9275267406028056, 0.23373860179000597], [0.910986325119373, 0.19484503530338193, -0.3635097353072179], [0.2916221938493556, 0.31895071356615495, 0.9017909615704347]], "T": [0.06050668906861473, -0.04067607161439786, 0.0685583832081437], "aligned_model": [[-0.1262504043345754, 0.25924409141086185, -0.3403707001620788, -0.4793770713163597, -0.6259576776898792, 0.03907255973984501, 0.6659102631514926, 0.6004858114265097, 0.20902472570950476, -0.5183604523340395, -0.09589713667453043, 0.21338464160720397, 0.0003531446575470165], [0.06294683262483856, -0.5898267258463106, -0.6250295513103937, -0.32023850108015434, 0.0023098619365688605, -0.5084808901695171, -0.3717361363894133, 0.16209488091981922, -0.054135082839330065, 0.5605689265560805, 0.6595696947813776, 0.49710379508517305, -0.01339599389387288], [-0.5858427235828154, 0.3808815037436075, 0.0001369353100097448, 0.5084336660738419, -0.2749186379954479, -0.5242098405733769, -0.0692064200352176, 0.13030230116369804, 0.7692156605784181, 0.11843831652487571, -0.3318510609174069, 0.5304932728869894, 0.026970826492582624]], "inverted": true, "swapped": false, "error_lsq": 0.05042960811790356, "error_max": 0.3031149525588606, "target": "827.xyz", "model": "20.xyz", "model_rescale": 4.121658175737393, "target_rescale": 3.9702660631372613},
{"mapping": [8, 4, 2, 3, 1, 6, 10, 9, 11, 0, 5, 7, 12], "R": [[0.10358492384534516, -0.23157443058988653, 0.967286641409321], [0.2634580586780846, 0.9441686727514934, 0.19782661275030422], [-0.9590933295928658, 0.2343476061146214, 0.15881178998681833]], "T": [0.027451050449185686, -0.051264599567668684, -0.016540404815001], "aligned_model": [[0.2149088007145941, 0.061434108076855724, -0.3628407707386882, -0.39838216150267736, -0.6131150816885373, 0.07720522383162581, 0.5769290206621555, 0.7179985195526469, 0.5145687029528597, -0.8304155952509885, -0.2283127970528848, 0.09810161906549766, -0.026817793430957047], [0.25575047020664843, -0.46646417247924965, -0.6983796425274525, 0.028253304711389204, -0.16335252509323836, -0.4055829079703388, -0.6016289485616042, 0.1592329210128202, -0.029412109437284645, 0.3723606796686124, 0.5524104503442249, 0.43500039363882503, 0.023563196861513827], [-0.5860177454207479, 0.37790359422064507, 0.05505603153575655, 0.5265835970904628, -0.2604383205562678, -0.5593180025784036, -0.07855721926164685, -0.055242626003362626, 0.716131325522256, 0.2513591500293692, -0.20110697386680676, 0.45819416653330974, 0.03429682242519472]], "inverted": true, "swapped": false, "error_lsq": 0.0576103064881422, "error_max": 0.33039925345645776, "target": "827.xyz", "model": "21.xyz", "model_rescale": 4.08911054899281, "target_rescale": 3.9702660631372613},
{"mapping": [6, 14, 4, 2, 0, 7, 12, 5, 15, 1, 8, 11, 16], "R": [[0.386625559752369, 0.9116272547665931, 0.13948628933659682], [-0.912476604012981, 0.400079337106396, -0.0855743603507759], [-0.13381750137820161, -0.09419274062916028, 0.9865194392092145]], "T": [0.06910841521057996, -0.10742709203453277, 0.04828086656292237], "aligned_model": [[-0.060783522414499205, 0.355505381903026, -0.48880372615882905, -0.4466333192950436, -0.5605163276133353, 0.11212612614193358, 0.5369229418692719, 0.6087413394257626, 0.06497759522150286, -0.5092459714609342, -0.024411224523275002, 0.1748318669745782, 0.03855063512134323], [0.21224204599194268, -0.50818830343756, -0.5245632136024396, -0.22481003350523376, -0.14666371139179574, -0.3959113552770492, -0.662023618535289, 0.3293233305029783, 0.017691614234216446, 0.38724765040500986, 0.5612236853821448, 0.5514461893692815, -0.13526316976134062], [-0.6124035174547275, 0.4596077619286493, 0.08027593592749996, 0.539692646757567, -0.40128844856501905, -0.6003503803078113, -0.08788729224994034, -0.07731542902116119, 0.7664975912094776, 0.27367271174865276, -0.10958690375197049, 0.42324964000642284, 0.024679483442118937]], "inverted": false, "swapped": false, "error_lsq": 0.04314138455775234, "error_max": 0.24091854971625074, "target": "827.xyz", "model": "22.xyz", "model_rescale": 4.204369325754507, "target_rescale": 3.9702660631372613},
{"mapping": [4, 5, 9, 11, 13, 7, 8, 1, 2, 14, 12, 3, 15], "R": [[0.21234259103097602, 0.540135972641854, 0.814348669239712], [0.15749814294522646, 0.8035408129145138, -0.5740352750044959], [-0.9644194932720184, 0.25015054075280463, 0.08555552558439894]], "T": [0.0205060611760162, 0.02167411399383943, -0.003974575119204335], "aligned_model": [[0.18638689770601663, 0.23394419653005408, -0.2992701803125221, -0.49462649345816473, -0.6265635770805793, -0.09384665632517081, 0.498960864143488, 0.5508768786019261, 0.3769662025086658, -0.5822324246351142, -0.05869592830831665, 0.08236952929188521, 0.02699248652933358], [0.09784862322364701, -0.6531701479736352, -0.6758165327757802, -0.26555523588770324, -0.03128805485624605, -0.46499402676595375, -0.5481004104087112, 0.3771579589060671, -0.11633912989806774, 0.433323916245827, 0.5141025033196557, 0.7758551260686665, 0.018726521177099883], [-0.7120324970661193, 0.43225016882023964, -0.020092887837869312, 0.4099710174681608, -0.1766758701031756, -0.49965907730869424, -0.14075961960566136, 0.16293095507326638, 0.7765469141202573, 0.2548491488787921, -0.23064700056415938, 0.38693782838371776, 0.03522471941100356]], "inverted": true, "swapped": false, "error_lsq": 0.04445209713987029, "error_max": 0.23212140414438417, "target": "827.xyz", "model": "23.xyz", "model_rescale": 4.410303926677745, "target_rescale": 3.9702660631372613},
{"mapping": [14, 0, 7, 1, 11, 13, 12, 5, 2, 10, 9, 4, 16], "R": [[0.9751965773669121, -0.15179920090817822, -0.16108580972729633], [-0.010752103352672515, 0.6944256826168239, -0.7194840954431526], [0.2210792341341756, 0.7033704386209282, 0.6755693882265905]], "T": [-0.019347008941215514, 0.04341342193701408, -0.036657029436732456], "aligned_model": [[-0.07974877511316733, 0.2158715176351709, -0.2527981692871466, -0.6416006574592934, -0.5954939264464483, 0.13686487535712494, 0.5694701257496725, 0.5874352646329346, 0.4147705723638528, -0.45234670893788315, -0.2628308076109004, 0.20901753697258083, -0.04734905266499556], [0.13034564546212646, -0.46550908335906754, -0.5790264846035349, -0.30968856272288864, 0.012174884694718599, -0.430674155196171, -0.5024337439568739, 0.14748007609781114, -0.013953821663426243, 0.4478747059354881, 0.5561736265967758, 0.4440682268096574, 0.024919796280250678], [-0.7051960374018057, 0.46936267318813674, -0.036780160378491654, 0.4371095110718978, -0.29704207096358926, -0.5316574741244975, 0.002344100850997212, 0.09213519624438077, 0.7640581984326424, 0.2329839834391215, -0.30163362449947295, 0.47442978754566645, 0.07872971626477296]], "inverted": true, "swapped": false, "error_lsq": 0.04404555742817772, "error_max": 0.28352287836066564, "target": "827.xyz", "model": "24.xyz", "model_rescale": 4.28219845311461, "target_rescale": 3.9702660631372613},
{"mapping": [14, 1, 0, 4, 2, 6, 8, 11, 3, 7, 13, 9, 15], "R": [[0.7267570233687326, 0.4463908660612832, -0.5220722399067745], [-0.6517406584948279, 0.2080931958212315, -0.7293362296757473], [-0.21692935036307848, 0.8703059327328315, 0.4421642685711824]], "T": [0.05603444432079302, 0.05015299710235386, 0.04132615046304825], "aligned_model": [[0.08608699533570457, 0.23435734900867827, -0.3463792638562876, -0.523488397879124, -0.45629426447829896, 0.09312046663402451, 0.549886657047296, 0.48008526038053484, 0.044957226970756964, -0.3470664155081932, -0.3454208278081659, 0.3167460953516063, 0.014670913992970429], [0.1672514045455651, -0.4294267194854613, -0.6572741684170827, -0.18731578681001637, -0.09484553084766773, -0.6407448604236637, -0.4268495721119972, 0.3145641938583478, -0.07717023031135481, 0.49885414785102566, 0.46897730791323494, 0.5369338604329581, -0.011202935819021653], [-0.7106907589521514, 0.4261399183403129, -0.01492493834519628, 0.41869920867126464, -0.3891093794604248, -0.5361527776165506, -0.061263312333424115, -0.1748790661200039, 0.8053362524097183, 0.532979463146055, -0.08648745636603086, 0.43113060142630805, 0.038066044869881854]], "inverted": true, "swapped": false, "error_lsq": 0.05296768845729028, "error_max": 0.2929492388543415, "target": "827.xyz", "model": "25.xyz", "model_rescale": 4.100010024507729, "target_rescale": 3.9702660631372613},
{"mapping": [0, 10, 11, 9, 6, 1, 7, 3, 4, 2, 5, 12], "R": [[-0.5407907389396743, 0.2111459838468969, 0.8142252453605252], [0.3015355537558806, -0.8549860627046856, 0.42198950508498945], [0.785252625909787, 0.47372587652150244, 0.3987005234705853]], "T": [-0.013957712044840039, 0.029445863067227067, 0.024092257166730954], "aligned_model": [[-0.6382258542700365, -0.00024061655458868653, 0.4010511320122542, 0.6930884184780369, -0.5360604924914997, 0.12832975511886846, -0.197978586996588, 0.5832189378954097, 0.019328535910747784, 0.05467737535277425, -0.6583624518773431, 0.027939449784971537], [-0.47647356769681415, -0.42996407671485715, -0.28965964772027664, -0.39394440309053913, 0.6513828656109935, 0.7370218469218978, 0.02839447105339593, 0.2807134623837184, -0.24696137671768825, 0.49789097603433413, 0.19025646867497448, 0.11747437131150051], [-0.17067804750227594, 0.13645011943314708, 0.6426447826266882, -0.024305074617264152, 0.1817696195141552, 0.09108596160618047, 0.5090392814581398, -0.2673674403824761, -0.6029079065370345, -0.540496982769225, -0.33597268879204484, -0.05406933418363376]], "inverted": false, "swapped": true, "error_lsq": 0.05345243720116886, "error_max": 0.35770002702626674, "target": "827.xyz", "model": "26.xyz", "model_rescale": 3.6694154284099745, "target_rescale": 3.9702660631372613},
{"mapping": [1, 10, 8, 9, 7, 5, 4, 2, 11, 3, 6, 12, 13], "R": [[-0.775603414359223, -0.5657912207861775, 0.279856459842546], [0.5556573119787351, -0.8223295161773345, -0.12255251310404716], [0.29947336322097534, 0.060452140614191505, 0.9521876093587229]], "T": [-0.008598522090810691, -0.11446236433278476, 0.017120482451393033], "aligned_model": [[-0.020531804381326985, 0.1996756670940702, -0.21496187717155504, -0.43941176721241804, -0.5925633771673784, -0.12650740771545232, 0.5469624519713617, 0.6116367281384337, 0.31621202269252063, -0.6238137971496225, 0.10555321343290283, -0.005324084376915119, 0.04433582703688099], [0.3367262191960366, -0.47743639014831685, -0.7177905086737727, -0.14926234159004798, -0.10947963905211064, -0.3497941841793202, -0.7166635410250698, 0.13567608870405432, 0.12801958650281267, 0.4054863133307014, 0.5438168354173756, 0.526989876463809, -0.09453720457128534], [-0.7417820887412334, 0.4492806826032379, 0.05915033322352836, 0.5444272668578112, -0.21758943468596237, -0.7289994335002072, -0.04796651301193854, 0.13905749442350243, 0.7733453714637227, 0.08032458250704744, -0.1404495282029318, 0.48430472254531565, 0.025740344187866575]], "inverted": false, "swapped": false, "error_lsq": 0.049653810939341875, "error_max": 0.31790121436567664, "target": "827.xyz", "model": "27.xyz", "model_rescale": 4.103607728864725, "target_rescale": 3.9702660631372613},
{"mapping": [9, 8, 11, 13, 10, 6, 7, 1, 4, 12, 0, 2, 14], "R": [[-0.02952101020552965, -0.9319545863284739, 0.36137122046140946], [0.25667942316085224, 0.3423376106126009, 0.9038366191330532], [-0.9660456426495891, 0.11943872647252596, 0.22910741353427197]], "T": [-0.13771905895038133, -0.04618111201197923, -0.05651688842975034], "aligned_model": [[-0.08443079521866989, 0.2932098097048455, -0.3031001316888786, -0.38561682680211273, -0.5492801003809322, -0.09065577778854106, 0.4468776913392964, 0.6840690566388532, 0.15716282524309838, -0.6353714678626434, 0.28294698492599946, 0.005293050347752348, -0.019842523266565437], [0.11750110326384362, -0.5128918289214041, -0.711218401674701, -0.264532458847041, -0.006220600143422947, -0.4590568548713089, -0.46840939315506885, 0.25547693494572277, 0.03092070541655227, 0.4394765819405219, 0.49811078600968145, 0.49395597045926337, 0.04863856595222725], [-0.8568245913814653, 0.4619051343355226, -0.007163696058711096, 0.5009254126052043, -0.3545033696223636, -0.5346234993195266, -0.06366977016257593, 0.13460492575384536, 0.7971278100591692, 0.4472412890059092, -0.24750942822913613, 0.42214810398732006, -0.020814521303433454]], "inverted": true, "swapped": false, "error_lsq": 0.0508940236049445, "error_max": 0.3612295153636254, "target": "827.xyz", "model": "28.xyz", "model_rescale": 4.137296879288765, "target_rescale": 3.9702660631372613},
