[{"mapping": [5, 10, 4, 3, 11, 9, 8, 2, 7, 6, 1, 12], "R": [[-0.014459812813263348, -0.545959578426686, -0.8376867269675226], [0.9639571642264215, 0.2149784398376805, -0.1567509360147899], [0.26566426058083414, -0.8097607110308034, 0.5231730990035005]], "T": [-0.07769757650240061, -0.08008670514147473, 0.06984977943058454], "aligned_model": [[-0.3704693143417948, 0.3414408844899192, 0.21343188039900873, -0.0023530937550808317, 0.0681862668113557, -0.4836949512413926, 0.44310094769810915, -0.3828823283305012, 0.5797657267336467, 0.0698873970799535, -0.5728217032241464, -0.06594924985852865], [-0.11629531605843016, -0.6683061818374146, -0.3096049136064559, 0.6680448741590445, 0.2883339706612249, -0.7262687955099091, -0.15421425995414922, -0.503244422494597, 0.1426786499322074, 0.397709975496372, 0.10167122622790464, -0.06694977103874013], [-0.46508688282705457, -0.0153463844270878, -0.5010940062661255, -0.11245725409830024, -0.7740920534551208, -0.13576182895477548, 0.5424288823014014, 0.5506427273435408, -0.10073842244762518, 0.5091654771836295, 0.621571448611292, 0.06272004238978841]], "inverted": true, "swapped": true, "error_lsq": 0.05392509202634616, "error_max": 0.2745290959200185, "target": "829.xyz", "model": "0.xyz", "model_rescale": 3.751011558992144, "target_rescale": 3.9153128177831515},
{"mapping": [5, 8, 4, 3, 11, 9, 0, 7, 1, 10, 6, 12, 14], "R": [[0.2455218965080752, -0.5109688109887836, 0.8237899444225978], [0.10946607092239385, -0.8297520768057869, -0.5472921252432719], [0.9631906237354533, 0.22454924901498208, -0.1477885554260414]], "T": [-0.06096378537449799, -0.08648533612966186, -0.035586234720673696], "aligned_model": [[-0.1552787522300808, -0.21258220252490712, 0.37564373444945265, -0.6974974432705783, 0.5117183083735496, 0.1828221108372815, -0.6606410793513922, -0.12563231247336182, -0.09710060937196296, 0.6818119396845912, 0.4214686724169183, -0.1344850122746443, -0.04833311710490213], [-0.5015770758006368, 0.1345442161877914, 0.3728829213207033, -0.2513840304631851, -0.32519144254850724, -0.6973772365278623, 0.336551605572629, 0.20465667088973927, 0.6040093277979726, -0.2656235062226787, 0.304542772655167, -0.4450871669572826, -0.12707817991823425], [-0.49263063265108703, -0.6426908753906521, -0.5087972316237482, 0.35305140175488703, 0.4661961914217563, -0.07519865916539145, 0.15658922558372473, 0.5566395137476132, 0.05157338020892367, -0.3333235122113004, 0.38641102484345446, 0.6109232085200161, -0.0009957780080560724]], "inverted": false, "swapped": false, "error_lsq": 0.041140638652985034, "error_max": 0.23816108979777434, "target": "829.xyz", "model": "1.xyz", "model_rescale": 3.9405287249114394, "target_rescale": 3.9153128177831515},
{"mapping": [5, 0, 1, 11, 8, 9, 6, 3, 7, 2, 4, 10, 12], "R": [[0.20991022205812512, -0.2733686680719142, -0.9387264084876364], [0.8247866373931887, 0.5650948684878595, 0.019869383139043295], [0.5250378095462706, -0.7784197845155767, 0.34409001383588234]], "T": [0.00815102656334966, 0.004856801927192372, 0.025553545653538384], "aligned_model": [[-0.11660197584009739, -0.3740408806732396, 0.38353633305099843, -0.5583828665672039, 0.46426710206677796, 0.05976318745355469, -0.4818685643966092, -0.07546033248774421, -0.1273905575443025, 0.3638717100780903, 0.5829053106640322, -0.1597067864360368, 0.08102255779174371], [-0.5217701790839904, 0.12805622514932766, 0.5070407464687211, -0.42713193767799207, -0.3765512685360147, -0.7535249227575548, 0.2325998152926813, 0.19801099915957135, 0.7426494420820864, -0.23293240791362177, 0.2918196995071649, -0.4291644392250752, -0.015232896479688392], [-0.4593969586653272, -0.7104364246833342, -0.4583095443586581, 0.019279326511251037, 0.5227213036212556, 0.29495000368981494, -0.032494828381099586, 0.5570610952688149, 0.2828478368202896, -0.5046244570254655, 0.30663276972253417, 0.7290707353199167, -0.019553600809851735]], "inverted": false, "swapped": false, "error_lsq": 0.05848158143247296, "error_max": 0.3523707417339509, "target": "829.xyz", "model": "2.xyz", "model_rescale": 3.932901565614263, "target_rescale": 3.9153128177831515},
{"mapping": [9, 5, 4, 10, 3, 8, 6, 1, 2, 7, 0, 11, 13], "R": [[0.8263998210357151, -0.4091127399456817, 0.38689805092075025], [-0.09538632550033874, 0.5754629409854528, 0.8122461772516489], [-0.5549457493302222, -0.7081448789382794, 0.4365387104642702]], "T": [0.026954187782239812, -0.10991836793437604, 0.07622996115880779], "aligned_model": [[-0.08505305048370615, -0.2335153564937388, 0.3143919568163902, -0.6442982509688774, 0.42017173057828117, 0.28087977960908245, -0.48450919642160695, -0.10365748400905767, -0.04241022163861139, 0.48404401689256404, 0.47078774152423275, -0.25992294227839685, -0.074994485966592], [-0.58802429554773, 0.010193512676079708, 0.575677407370915, -0.15841603937621038, -0.26735704568279617, -0.7983130686910987, 0.3011283583521231, 0.28979538880332073, 0.7185262619323567, -0.22645686533870507, 0.34444679252405247, -0.7501406885537463, -0.10719084248294604], [-0.47026984665987337, -0.5829577498124682, -0.3826429693502633, 0.321614515759602, 0.36132381389416834, 0.09675446644782221, -0.1138701601185301, 0.6860972621175272, 0.13161883304629599, -0.4597086678779301, 0.28957101833568355, 0.6289736547423251, 0.021243086505780544]], "inverted": true, "swapped": false, "error_lsq": 0.047921666483597, "error_max": 0.32644859738047177, "target": "829.xyz", "model": "3.xyz", "model_rescale": 3.9243930471874484, "target_rescale": 3.9153128177831515},
{"mapping": [8, 9, 11, 7, 3, 4, 1, 0, 5, 10, 6, 2, 12], "R": [[0.1572584617228664, -0.479946768714832, 0.8630879882241146], [-0.9270474018734838, -0.3729637412826879, -0.038485872317564285], [0.34037169520420074, -0.7940712479926546, -0.5035851092071795]], "T": [0.04819930152175428, -0.05931667207641024, -0.06692189099070416], "aligned_model": [[-0.1384808210647781, -0.2495997478843534, 0.384863245375837, -0.5791382772148876, 0.4312182630352253, 0.02771533466479078, -0.5988784596018253, -0.20073436787516175, -0.015345327704209016, 0.5995462562748237, 0.6021789603902394, -0.23877865682816457, 0.017347835592427245], [-0.46755432174149025, 0.15954707885418906, 0.4367775474142104, -0.511914010016846, -0.2100849148790861, -0.6260052798730238, 0.20023917505459204, 0.18515230303666536, 0.6124648195934657, -0.3650310404711288, 0.34864467627182166, -0.44800561309774545, 0.029638455839991446], [-0.5083161842741991, -0.6678393366338489, -0.5833345125290674, 0.14408040972247538, 0.46554292704707895, 0.10861072231923051, 0.08826004501309788, 0.7086999897013901, 0.2770182307183144, -0.3826480064142586, 0.15260166253046142, 0.7190673257690445, 0.006003984060420936]], "inverted": false, "swapped": false, "error_lsq": 0.044908857334228454, "error_max": 0.2927850271784823, "target": "829.xyz", "model": "4.xyz", "model_rescale": 3.8936222436046832, "target_rescale": 3.9153128177831515},
{"mapping": [11, 3, 5, 4, 0, 1, 6, 2, 10, 7, 9, 12], "R": [[0.6914224819807397, 0.3837560003895496, 0.6120998967297817], [0.6882409455778653, -0.0922528278516298, -0.7195928130432261], [-0.21968011344152044, 0.9188148605232684, -0.32790227178219905]], "T": [-0.06118254152377385, -0.021949986941470937, 0.08199694860153758], "aligned_model": [[-0.03193179660415087, -0.45936456524020003, -0.14858805131427902, 0.4121770968996511, -0.6420483882137626, -0.6490163740034264, -0.3500012710636328, -0.10118747447011674, 0.6463324682838536, 0.3077270064114493, 0.10323096351579487, -0.059781571986083075], [-0.4948249465769949, -0.6579797133489074, 0.13013237851546533, -0.10350045294104537, 0.2720284722654485, 0.22465124094329997, -0.426035979000422, 0.5516031008056587, 0.14325345777290951, -0.6336227723880218, 0.7035094134112323, -0.04029129434881596], [-0.7209895854479086, -0.10649912195810277, -0.5031652661600297, -0.40038459056146913, -0.23575648744151048, 0.5017824492077405, 0.5251307063280375, 0.4976873455827605, 0.11467601430015417, 0.05470441977978138, -0.18509508331103622, 0.077193918957101]], "inverted": false, "swapped": true, "error_lsq": 0.047590166013899086, "error_max": 0.2295011604270053, "target": "829.xyz", "model": "5.xyz", "model_rescale": 3.6523030999806103, "target_rescale": 3.9153128177831515},
{"mapping": [6, 8, 9, 1, 4, 10, 5, 3, 7, 10, 11, 2, 12], "R": [[-0.5002132410641068, -0.41450875268642595, 0.7602428608086269], [-0.14108892861707792, 0.9052606973277517, 0.4007455353405173], [-0.8543305143127142, 0.09319637235437928, -0.5113059832371973]], "T": [-0.09393846267118808, -0.020661856487212613, 0.03174174562050319], "aligned_model": [[-0.19628453077057728, -0.34889265716078954, 0.34643162874427413, -0.674274485602135, 0.2858631542265566, 0.5083410175129035, -0.6112427181255511, -0.18215637845420335, 0.018835767465826075, 0.5083410175129035, 0.64643596561194, -0.12093627215178529, -0.13854727164939812], [-0.553433824546134, 0.051189472622700266, 0.2650327591133014, -0.3261126333182847, -0.2253128476471189, -0.44996141767733944, 0.4030648962729673, 0.2043583915079174, 0.6221428394648421, -0.44996141767733944, 0.3797300950248267, -0.6353458254716348, 0.05847838831691099], [-0.32645341691987556, -0.5875633874793187, -0.46536553091470684, 0.26040042010154835, 0.40989555764154334, -0.21652093014477997, -0.09770120038608615, 0.6830666954536035, 0.2339845590309531, -0.21652093014477997, 0.2888428818486232, 0.47631611596355977, 0.08536642297985642]], "inverted": true, "swapped": false, "error_lsq": 0.05072743444644183, "error_max": 0.4372022147999205, "target": "829.xyz", "model": "6.xyz", "model_rescale": 4.08911054899281, "target_rescale": 3.9153128177831515},
{"mapping": [2, 13, 12, 9, 4, 6, 11, 8, 10, 7, 5, 3, 14], "R": [[-0.06956818508925289, -0.8314040459742579, 0.5512962723989898], [0.24580372415353988, -0.5498826219601678, -0.7982541144638476], [0.9668199402244648, 0.07997758688435741, 0.24261654679868216]], "T": [-0.04221084441633023, -0.07853786259362944, 0.013081590064433372], "aligned_model": [[-0.028965531701862987, -0.11857710319659912, 0.12123666112109487, -0.740288765529785, 0.37961060469255953, 0.16184936650401682, -0.4358763142570537, -0.20649197419989812, -0.0018665585475107355, 0.5622688828957265, 0.6485912175200896, -0.09518063093174968, -0.20439561720906468], [-0.6758744155823271, 0.06505208960955045, 0.5064742817148, -0.18676739088944766, -0.12795473005875907, -0.5324142946512209, 0.3405573550941197, 0.11041157259293555, 0.5944193344181503, -0.2867518388937145, 0.22773075944331928, -0.6142559788451847, -0.07675786796660644], [-0.5283545995700711, -0.7006723188550322, -0.35980930813025785, 0.35297994717516157, 0.5756419228144991, 0.051793102503105655, -0.10489196342742838, 0.6474779918706671, 0.26759258803852215, -0.4234274749955029, 0.1105150132995181, 0.5932985649127819, 0.04560379139417695]], "inverted": true, "swapped": false, "error_lsq": 0.04838373422506792, "error_max": 0.3266802126093709, "target": "829.xyz", "model": "7.xyz", "model_rescale": 3.964800864290218, "target_rescale": 3.9153128177831515},
{"mapping": [2, 0, 1, 6, 9, 12, 3, 10, 5, 7, 8, 11, 13], "R": [[-0.7893531297519207, 0.46765370430261327, -0.3977708503685153], [0.5068767380421653, 0.8619854203551445, 0.0075569522229094604], [0.34640671036020937, -0.19565568723451193, -0.917453673528102]], "T": [-0.06576938120509665, -0.10307506586411896, -0.018332238259934366], "aligned_model": [[-0.08809867349933337, -0.4797919910644345, 0.2845992908106335, -0.5996733669508416, 0.31327453353355794, 0.4372452247422457, -0.6445721425093899, -0.10978522349112149, 0.059843135190364105, 0.5502256817726244, 0.5841132419733106, -0.25033059923555506, -0.015134874112096464], [-0.4423735549346132, 0.09293807605251814, 0.2614826615934276, -0.3003636589904668, -0.19783655011190848, -0.6370723964174037, 0.3331655018342608, 0.2656028073402012, 0.6715262164754413, -0.23829809856946657, 0.2224756949746961, -0.6226367619886493, -0.06474106127242196], [-0.5866513966332997, -0.5690803651237252, -0.5728224078692051, 0.09360331554479905, 0.5484152351277869, 0.16194004040258075, -0.04371385174544358, 0.7146570143520141, 0.27025929330516485, -0.34866234402499324, 0.23212106999392318, 0.6006395908348922, 0.027042062865646144]], "inverted": true, "swapped": false, "error_lsq": 0.041385183920386516, "error_max": 0.3005284463731042, "target": "829.xyz", "model": "8.xyz", "model_rescale": 4.121658175737393, "target_rescale": 3.9153128177831515},
{"mapping": [8, 6, 9, 2, 10, 11, 1, 0, 4, 7, 5, 3, 12], "R": [[0.25468957964862815, -0.23899757087135165, -0.9370236812034145], [0.7927834378081606, 0.6064634068400535, 0.060799316616471144], [0.5537396850104561, -0.7583418076840738, 0.3439332260235579]], "T": [0.03855443468435573, -0.09486811815886236, 0.015218662893496625], "aligned_model": [[-0.23149181568875285, -0.258743493585316, 0.32510455759145884, -0.595099527749318, 0.43286456824550973, 0.27783929605566227, -0.5289469679112513, -0.17950910576459359, -0.06268095136817034, 0.5583376849219314, 0.5016210550157533, -0.1663169048312799, -0.031064157771669897], [-0.5480003489670968, 0.09142011884235478, 0.44807413921119715, -0.3322073286543553, -0.2919447501555767, -0.6825624474258062, 0.28860612471822106, 0.2964573131557004, 0.7849075461291568, -0.26640581934970753, 0.22529367020090485, -0.627994110145359, -0.041775231574018336], [-0.4870756151840827, -0.5823536630181979, -0.5471802606996902, 0.17174088467802837, 0.6334105022825177, 0.0349722706524748, 0.09151662364866392, 0.6618537549319806, 0.07746089016803498, -0.3792570653279328, 0.2697449693628071, 0.5597261489609564, 0.02318781657457982]], "inverted": true, "swapped": false, "error_lsq": 0.034809833321396096, "error_max": 0.14556916921666768, "target": "829.xyz", "model": "9.xyz", "model_rescale": 3.833441315466971, "target_rescale": 3.9153128177831515},
{"mapping": [8, 11, 7, 0, 5, 2, 12, 1, 6, 3, 4, 13, 14], "R": [[-0.8548545892774084, 0.4983697337310943, -0.14439958342097856], [0.256803183266739, 0.16455702403733535, -0.9523513589553205], [-0.4508611274610216, -0.8512042024924305, -0.268655261262091]], "T": [-0.07557023875102889, -0.02765723731216852, -0.011487817917206454], "aligned_model": [[-0.2643875937042698, -0.3735812923917864, 0.18363685250561793, -0.5100624953481774, 0.1870865617410615, 0.3481315402293935, -0.4816248367583431, -0.33700780573989253, 0.07887784549404694, 0.7590396357242158, 0.57935156063182, -0.12418340831247075, -0.0033623269112518783], [-0.5563606561276856, 0.12573718290749325, 0.1439447249261657, -0.2428886565071229, -0.2515373295181339, -0.6048126986902145, 0.4174537703698923, 0.2777278654098566, 0.6000685655018342, -0.09168214101249145, 0.3004031338060267, -0.7089006661019588, -0.06528421897804663], [-0.5522096167916238, -0.6056230254221735, -0.6007911584643629, 0.46675362408893145, 0.5701687052441157, 0.05190485372514606, -0.007498884707480731, 0.6081889288760123, 0.1966844035712941, -0.24311039644143648, 0.30373656198568494, 0.3998887636848282, -0.06034550231879461]], "inverted": false, "swapped": false, "error_lsq": 0.0482375542302526, "error_max": 0.2513624361663383, "target": "829.xyz", "model": "10.xyz", "model_rescale": 4.2482417240324, "target_rescale": 3.9153128177831515},
{"mapping": [8, 7, 3, 11, 2, 0, 6, 5, 4, 9, 10, 12], "R": [[0.22038009846742795, 0.9551474191829192, -0.19780298235288518], [-0.22927577140326183, 0.24783212013666855, 0.9412820304648354], [0.9480850346076168, -0.16208839519463736, 0.2736094283761089]], "T": [-0.08644224886052229, 0.12637433530148218, 0.03120580171193294], "aligned_model": [[-0.6934045873594135, -0.08286815335524333, 0.3714538627701086, 0.7171946905174876, -0.5602677083686749, 0.3682101232224537, -0.2845212424363709, 0.4401828008883558, 0.17329889803482337, -0.06242944480016224, -0.4311545948919743, -0.07892904185838301], [-0.22054597063158338, -0.5884296260752899, -0.22093779336337588, -0.31889715190236073, 0.6517023555025396, 0.6667270602698285, -0.0586964161860164, 0.28378920742064434, -0.20105213147170325, 0.6563523883226816, -0.0936528682819745, 0.10977233644724897], [0.1375073851309347, 0.026180288345848325, 0.5492009191957619, -0.127396467325484, -0.022477998267577924, 0.19277889855766783, 0.6391390250152205, -0.23538414862768026, -0.5061378691210763, -0.5546337192045934, -0.570208378999044, 0.03662435515437938]], "inverted": true, "swapped": true, "error_lsq": 0.04429357687769169, "error_max": 0.262068664607613, "target": "829.xyz", "model": "11.xyz", "model_rescale": 3.6694154284099745, "target_rescale": 3.9153128177831515},
{"mapping": [11, 8, 3, 7, 0, 6, 10, 12, 2, 4, 1, 5, 13], "R": [[-0.444054948941008, 0.15933453230339106, 0.8817186110866996], [0.22464840879413517, -0.9328306069928358, 0.28170933794185976], [0.86738013278335, 0.32317110866077964, 0.3784337984108986]], "T": [-0.08244673780928008, -0.10319869117046185, 0.051638709955031135], "aligned_model": [[-0.1294044277442165, -0.20771885529391484, 0.43440007160660404, -0.7295037287460564, 0.4953133610549006, 0.028109912239472817, -0.6097680968890009, -0.15278877393569876, -0.042086833253242056, 0.5601468613874041, 0.5474084606666332, -0.18451670355983799, 0.03232298962691617], [-0.4780042304993092, 0.2678985847711237, 0.3477395613456705, -0.412903912722416, -0.29802814343929557, -0.6577259980628207, 0.2342162601768328, 0.23947389892351387, 0.543073552255023, -0.2197644795391647, 0.446916522109031, -0.5640364762416528, -0.10498626309092124], [-0.582667550420397, -0.595811334203389, -0.4687197901366254, 0.2454562651270121, 0.4244290224827801, 0.0631072100476916, 0.15939826718343342, 0.6342157385258155, -0.0321278637742043, -0.2964482518860095, 0.18251718478144405, 0.701085436345303, 0.09331292295728594]], "inverted": true, "swapped": false, "error_lsq": 0.04777635534866474, "error_max": 0.25196999209310994, "target": "829.xyz", "model": "12.xyz", "model_rescale": 3.9764082729961374, "target_rescale": 3.9153128177831515},
{"mapping": [12, 1, 8, 5, 14, 13, 0, 4, 7, 11, 3, 6, 15], "R": [[0.477196704784842, -0.33288656175257136, -0.8133079625498818], [0.7739635289589204, -0.27916336160928545, 0.5683733573774004], [-0.4162496375781521, -0.9006965940534886, 0.12442622182041141]], "T": [-0.07740819797914304, -0.07471038837198922, -0.0469143837837889], "aligned_model": [[-0.26315777809928953, -0.2072485015853136, 0.3924150558180796, -0.7932309498332987, 0.5574811639378039, 0.14185122637073422, -0.6031409869977921, -0.32319212124483354, -0.08553684596865406, 0.680789964475877, 0.6093574328096429, -0.027403157649283874, -0.03707026487370839], [-0.5289959547195834, 0.03203612259381758, 0.31055006464348567, -0.302352587385857, -0.3531757645539022, -0.6457320812557307, 0.4189538352122035, 0.1811360844530744, 0.6357672054275681, -0.2120524339649721, 0.3470033698686668, -0.5103534237113938, -0.028915560621761878], [-0.45475657463915264, -0.6593433643334359, -0.4081529893926723, 0.32537679659897634, 0.35080482868604745, -0.02847319952557057, 0.03680301229343069, 0.5775826675994238, 0.2103582589780175, -0.23879301133666872, 0.19588990322826919, 0.5786840876026995, 0.04176684127077601]], "inverted": true, "swapped": false, "error_lsq": 0.0422663899855481, "error_max": 0.25811767192552687, "target": "829.xyz", "model": "13.xyz", "model_rescale": 4.170626492500431, "target_rescale": 3.9153128177831515},
{"mapping": [0, 2, 4, 3, 10, 7, 6, 11, 5, 8, 12, 9, 13], "R": [[0.8689555477384182, 0.3508182399875852, 0.34905990681634996], [-0.36489625816509896, 0.9306575704064822, -0.026966783683134307], [-0.33431568439386045, -0.1039377175866228, 0.9367123219170058]], "T": [-0.042927715063308634, -0.13330373982557203, -0.024816224906928114], "aligned_model": [[-0.08548927298257422, -0.4047143052791732, 0.2684459891334897, -0.7125534834066811, 0.35324820650980515, 0.41807531363704786, -0.5359277840520081, -0.2534121097224043, 0.02255353439313553, 0.669101322829282, 0.5094630997103813, -0.13614084323824113, -0.07073543037209563], [-0.5574129974577877, -0.025735414765402337, 0.2768462868302111, -0.18192554046814013, -0.27547013017103444, -0.7972297857326318, 0.5419762622593538, 0.13022378357367043, 0.7058942052208561, -0.18320458149260713, 0.298887276363285, -0.5299907919088978, -0.05898969626525967], [-0.4421629128128205, -0.5637704769729751, -0.5125523242086363, 0.1323806430730223, 0.3508986425080637, -0.08891159123026764, 0.06703755994381988, 0.5963996917816266, 0.31968173351329543, -0.22995239432518716, 0.1844239109787926, 0.67536741808194, 0.03890735669946664]], "inverted": false, "swapped": false, "error_lsq": 0.04827190141953659, "error_max": 0.34496542157956517, "target": "829.xyz", "model": "14.xyz", "model_rescale": 3.9786697098870705, "target_rescale": 3.9153128177831515},
{"mapping": [3, 1, 7, 11, 6, 10, 0, 9, 4, 5, 2, 12], "R": [[-0.33957420046751, 0.07074950625709607, -0.9379146388351279], [-0.4577917118006575, -0.8835192610681495, 0.09909825391102958], [-0.8216544961134667, 0.46302075837479284, 0.3324088842533494]], "T": [0.0024984336659927553, 0.09933255149799149, -0.07635781413967899], "aligned_model": [[0.05198073410333856, -0.7519315050074924, 0.5689746437721613, 0.5899681337269218, -0.2457793911925751, 0.46916533217376477, -0.43728949051319166, -0.06488735076176508, 0.623685017034088, 0.12971704504473577, -0.46396247406292734, 0.013713902450278117], [-0.47165289028182855, 0.13699950855650267, 0.11202495727904703, -0.624627920589842, 0.13387788213013058, 0.5949213744917784, -0.3929315286225706, 0.2196791840086736, -0.0026720355161671955, -0.34149653990857015, 0.5595503640696413, 0.09100213460764418], [-0.5961083626917548, -0.18589006829464025, -0.5121632057566716, -0.07257710546568474, -0.6929889977195461, 0.17967209220778066, 0.22206867532621324, 0.701869106373279, 0.18274461346361145, 0.32696429497152213, 0.19562717040761626, -0.08925171894789517]], "inverted": true, "swapped": true, "error_lsq": 0.06262992379602478, "error_max": 0.4554111538646985, "target": "829.xyz", "model": "15.xyz", "model_rescale": 3.769337070930944, "target_rescale": 3.9153128177831515},
{"mapping": [8, 10, 1, 2, 6, 7, 3, 4, 0, 9, 12], "R": [[-0.6800284809315664, -0.4834945834310119, 0.5511753377236492], [-0.5631712976089157, -0.1369026197117456, -0.8149207091892754], [0.46946709647364715, -0.8645754221055175, -0.17919259141959482]], "T": [0.025888335951835754, 0.052612329923662125, 0.02294111534546965], "aligned_model": [[-0.17486826946594947, -0.3503690627136295, -0.18883780496738117, -0.6294092576934781, 0.23845522930675545, 0.42302055332056604, 0.7638688637530787, 0.17147934286674, 0.1208549905769904, -0.4943356643629267, 0.04276721007040511], [-0.15923472381626422, -0.5693791087648706, 0.7690564074204476, 0.3217381422376248, 0.35636838530818865, -0.43100589906466485, 0.24273513362344334, -0.5378394519592608, 0.5769651208745066, -0.01948225317082212, 0.0461427449370137], [-0.6211664974530144, 0.0007013147351746171, -0.12931266932642027, -0.016025616307645957, -0.5298851226486799, -0.3225760964706555, -0.11066863579861937, 0.3288524212744277, 0.5136866681292747, 0.6135599910137184, 0.017051850076216925]], "inverted": false, "swapped": true, "error_lsq": 0.04439271632395846, "error_max": 0.24641220129481933, "target": "829.xyz", "model": "16.xyz", "model_rescale": 3.7852294659196426, "target_rescale": 3.9153128177831515},
{"mapping": [4, 0, 3, 10, 7, 5, 9, 11, 8, 1, 2, 6, 12], "R": [[-0.16691816543968924, -0.7339488031000644, 0.6583748783741916], [0.916447235200779, -0.3617909489606374, -0.17097302226670047], [0.3636795170738884, 0.5748273337952403, 0.7330148328531688]], "T": [0.04590066474851869, -0.014550505176427267, 0.0005949321220176385], "aligned_model": [[-0.12535030799931393, -0.31327932951456233, 0.4218781993289037, -0.6485741392570955, 0.3877000965997118, 0.2036393418432095, -0.7117826993515404, -0.04355469714629482, -0.12027870422095333, 0.6416674563933795, 0.5599819016028684, -0.17576513622465625, -0.03436774489369245], [-0.5045410933047905, 0.14124937217501665, 0.3730619671061534, -0.37349403793111674, -0.2895292623335935, -0.6515727444581751, 0.39188045410575784, 0.27022542489664436, 0.6122397000123619, -0.2576728961554273, 0.2468541070397327, -0.6098415708226053, -0.004990544344343524], [-0.4814517595668022, -0.5583892229997262, -0.583265355947309, 0.19583673649312772, 0.5473918200748692, -0.0385226722175559, 0.0899905730382363, 0.6705445438933497, 0.06162252637882043, -0.244777411928637, 0.2042493739019355, 0.6201803223167377, 0.04433778359309362]], "inverted": false, "swapped": false, "error_lsq": 0.033163742678080546, "error_max": 0.1917789028639276, "target": "829.xyz", "model": "17.xyz", "model_rescale": 3.901054581598922, "target_rescale": 3.9153128177831515},
{"mapping": [5, 8, 4, 3, 11, 9, 0, 7, 1, 10, 6, 12, 14], "R": [[0.2455218965080752, -0.5109688109887836, 0.8237899444225978], [0.10946607092239385, -0.8297520768057869, -0.5472921252432719], [0.9631906237354533, 0.22454924901498208, -0.1477885554260414]], "T": [-0.06096378537449799, -0.08648533612966186, -0.035586234720673696], "aligned_model": [[-0.1552787522300808, -0.21258220252490712, 0.37564373444945265, -0.6974974432705783, 0.5117183083735496, 0.1828221108372815, -0.6606410793513922, -0.12563231247336182, -0.09710060937196296, 0.6818119396845912, 0.4214686724169183, -0.1344850122746443, -0.04833311710490213], [-0.5015770758006368, 0.1345442161877914, 0.3728829213207033, -0.2513840304631851, -0.32519144254850724, -0.6973772365278623, 0.336551605572629, 0.20465667088973927, 0.6040093277979726, -0.2656235062226787, 0.304542772655167, -0.4450871669572826, -0.12707817991823425], [-0.49263063265108703, -0.6426908753906521, -0.5087972316237482, 0.35305140175488703, 0.4661961914217563, -0.07519865916539145, 0.15658922558372473, 0.5566395137476132, 0.05157338020892367, -0.3333235122113004, 0.38641102484345446, 0.6109232085200161, -0.0009957780080560724]], "inverted": false, "swapped": false, "error_lsq": 0.041140638652985034, "error_max": 0.23816108979777434, "target": "829.xyz", "model": "18.xyz", "model_rescale": 3.9405287249114394, "target_rescale": 3.9153128177831515},
{"mapping": [1, 6, 8, 10, 13, 12, 5, 11, 9, 4, 7, 14, 15], "R": [[0.9225316443685831, -0.32852034833395094, -0.2025086315916867], [-0.15211831091528688, -0.7918038976773492, 0.5915290416431284], [-0.35467645061785263, -0.514898988495314, -0.7804381122316006]], "T": [0.03974565138367577, -0.16599542284662352, -0.001098543567008274], "aligned_model": [[-0.2039062173055061, -0.30412621648529453, 0.10636564989097064, -0.6602465686734703, 0.30548636168573146, 0.27437401758405544, -0.4213912605854247, -0.29358593816372586, 0.1042249508632685, 0.7156842543827996, 0.5480170518139407, -0.12900819705360278, 2.634920622181236e-05], [-0.5099975231519827, 0.09294603941556592, 0.4141436287765401, -0.3401017313825567, -0.12697473609798568, -0.6598570108368272, 0.5129972286170658, 0.10966044411644035, 0.5243944691653447, -0.23801257985758756, 0.31844764366263323, -0.590839782141974, -0.16293721429906072], [-0.5088541401380454, -0.6118234515264301, -0.4820066554934148, 0.3113145197545891, 0.6146847838021164, 0.03338803195633789, -0.13370461596483785, 0.5751974709242083, 0.32786051756804985, -0.27051562299540927, 0.04989800295437657, 0.6240161427815982, -0.0017077265929982266]], "inverted": true, "swapped": false, "error_lsq": 0.04834735016510099, "error_max": 0.26554066326430925, "target": "829.xyz", "model": "19.xyz", "model_rescale": 4.410303926677745, "target_rescale": 3.9153128177831515},
{"mapping": [2, 0, 1, 6, 9, 12, 3, 10, 5, 7, 8, 11, 13], "R": [[-0.7893531297519207, 0.46765370430261327, -0.3977708503685153], [0.5068767380421653, 0.8619854203551445, 0.0075569522229094604], [0.34640671036020937, -0.19565568723451193, -0.917453673528102]], "T": [-0.06576938120509665, -0.10307506586411896, -0.018332238259934366], "aligned_model": [[-0.08809867349933337, -0.4797919910644345, 0.2845992908106335, -0.5996733669508416, 0.31327453353355794, 0.4372452247422457, -0.6445721425093899, -0.10978522349112149, 0.059843135190364105, 0.5502256817726244, 0.5841132419733106, -0.25033059923555506, -0.015134874112096464], [-0.4423735549346132, 0.09293807605251814, 0.2614826615934276, -0.3003636589904668, -0.19783655011190848, -0.6370723964174037, 0.3331655018342608, 0.2656028073402012, 0.6715262164754413, -0.23829809856946657, 0.2224756949746961, -0.6226367619886493, -0.06474106127242196], [-0.5866513966332997, -0.5690803651237252, -0.5728224078692051, 0.09360331554479905, 0.5484152351277869, 0.16194004040258075, -0.04371385174544358, 0.7146570143520141, 0.27025929330516485, -0.34866234402499324, 0.23212106999392318, 0.6006395908348922, 0.027042062865646144]], "inverted": true, "swapped": false, "error_lsq": 0.041385183920386516, "error_max": 0.3005284463731042, "target": "829.xyz", "model": "20.xyz", "model_rescale": 4.121658175737393, "target_rescale": 3.9153128177831515},
{"mapping": [6, 8, 9, 1, 4, 10, 5, 3, 7, 10, 11, 2, 12], "R": [[-0.5002132410641068, -0.41450875268642595, 0.7602428608086269], [-0.14108892861707792, 0.9052606973277517, 0.4007455353405173], [-0.8543305143127142, 0.09319637235437928, -0.5113059832371973]], "T": [-0.09393846267118808, -0.020661856487212613, 0.03174174562050319], "aligned_model": [[-0.19628453077057728, -0.34889265716078954, 0.34643162874427413, -0.674274485602135, 0.2858631542265566, 0.5083410175129035, -0.6112427181255511, -0.18215637845420335, 0.018835767465826075, 0.5083410175129035, 0.64643596561194, -0.12093627215178529, -0.13854727164939812], [-0.553433824546134, 0.051189472622700266, 0.2650327591133014, -0.3261126333182847, -0.2253128476471189, -0.44996141767733944, 0.4030648962729673, 0.2043583915079174, 0.6221428394648421, -0.44996141767733944, 0.3797300950248267, -0.6353458254716348, 0.05847838831691099], [-0.32645341691987556, -0.5875633874793187, -0.46536553091470684, 0.26040042010154835, 0.40989555764154334, -0.21652093014477997, -0.09770120038608615, 0.6830666954536035, 0.2339845590309531, -0.21652093014477997, 0.2888428818486232, 0.47631611596355977, 0.08536642297985642]], "inverted": true, "swapped": false, "error_lsq": 0.05072743444644183, "error_max": 0.4372022147999205, "target": "829.xyz", "model": "21.xyz", "model_rescale": 4.08911054899281, "target_rescale": 3.9153128177831515},
{"mapping": [2, 11, 8, 14, 13, 4, 9, 12, 10, 0, 7, 3, 16], "R": [[-0.0967818485598557, -0.48724193620387724, -0.8678874174647504], [-0.07244325828049045, 0.873116485384356, -0.4820991363607444], [0.9926657282887543, 0.016214146735684, -0.11979922089308592]], "T": [-0.020377852798219548, -0.008127482153299989, -0.10279053740460649], "aligned_model": [[-0.0975863728740575, -0.4043895675186546, 0.1402228540646673, -0.5079792417304979, 0.22192033774108308, 0.303838914775987, -0.5364365731083166, -0.17579408104801206, 0.06601871832956954, 0.7188016776805636, 0.4802120804976292, -0.18467162245446542, 0.017757112804467824], [-0.6924805632768072, 0.1613053498137128, 0.31823328987336785, -0.21593342231685098, -0.2391288896229229, -0.6070909355024864, 0.4123762676564197, 0.14104156471208912, 0.7175688458839768, -0.2207950615545055, 0.24581728738961528, -0.647730493387447, -0.029314363682546418], [-0.31947817931736966, -0.7428847091227658, -0.6930939149126226, 0.2589886254711999, 0.46699881194888143, 0.04693739934571668, 0.15099599720743345, 0.6033000357430347, 0.23931453590695762, -0.19479880101213126, 0.33392213783403, 0.4612966620307551, -0.08375134409297921]], "inverted": false, "swapped": false, "error_lsq": 0.04256044898715527, "error_max": 0.21032368541071228, "target": "829.xyz", "model": "22.xyz", "model_rescale": 4.204369325754507, "target_rescale": 3.9153128177831515},
{"mapping": [1, 6, 8, 10, 13, 12, 5, 11, 9, 4, 7, 14, 15], "R": [[0.9225316443685831, -0.32852034833395094, -0.2025086315916867], [-0.15211831091528688, -0.7918038976773492, 0.5915290416431284], [-0.35467645061785263, -0.514898988495314, -0.7804381122316006]], "T": [0.03974565138367577, -0.16599542284662352, -0.001098543567008274], "aligned_model": [[-0.2039062173055061, -0.30412621648529453, 0.10636564989097064, -0.6602465686734703, 0.30548636168573146, 0.27437401758405544, -0.4213912605854247, -0.29358593816372586, 0.1042249508632685, 0.7156842543827996, 0.5480170518139407, -0.12900819705360278, 2.634920622181236e-05], [-0.5099975231519827, 0.09294603941556592, 0.4141436287765401, -0.3401017313825567, -0.12697473609798568, -0.6598570108368272, 0.5129972286170658, 0.10966044411644035, 0.5243944691653447, -0.23801257985758756, 0.31844764366263323, -0.590839782141974, -0.16293721429906072], [-0.5088541401380454, -0.6118234515264301, -0.4820066554934148, 0.3113145197545891, 0.6146847838021164, 0.03338803195633789, -0.13370461596483785, 0.5751974709242083, 0.32786051756804985, -0.27051562299540927, 0.04989800295437657, 0.6240161427815982, -0.0017077265929982266]], "inverted": true, "swapped": false, "error_lsq": 0.04834735016510099, "error_max": 0.26554066326430925, "target": "829.xyz", "model": "23.xyz", "model_rescale": 4.410303926677745, "target_rescale": 3.9153128177831515},
{"mapping": [5, 12, 0, 14, 10, 4, 13, 11, 7, 3, 1, 9, 16], "R": [[0.17690483142529287, -0.7570542177597986, -0.6289464142440819], [0.35288727087659344, 0.6453264116214278, -0.6775133921311677], [0.9187901037079462, -0.10209179122687095, 0.38131615687304754]], "T": [-0.09372372116056876, -0.13142630588177237, 0.07370855748385537], "aligned_model": [[-0.2035286734267786, -0.3278082615944359, 0.24127908925478464, -0.6776172372774125, 0.35258687077850553, 0.31690862634342026, -0.644604040656301, -0.11119729011029605, -0.04982942290958192, 0.7711673901751293, 0.5567080045341128, -0.2038809460585503, 0.021730128107367325], [-0.45355042668613366, 0.16508419597531623, 0.2216573074169407, -0.1413542196446347, -0.37446272782743917, -0.6238248982358959, 0.29155821736834964, 0.12171747348917725, 0.531518558811995, -0.1621576086458603, 0.383528124776472, -0.5030374780104198, -0.11280764280225304], [-0.45523468775306525, -0.6358418529888751, -0.5037781437655389, 0.4159362424826903, 0.480555088016507, -0.17690882902831628, -0.034926568107658734, 0.6536519926262094, 0.05116318901240065, -0.17179080544196695, 0.29301622749477646, 0.5658371038823878, 0.046068300600589966]], "inverted": false, "swapped": false, "error_lsq": 0.04263562258058494, "error_max": 0.2542331975179337, "target": "829.xyz", "model": "24.xyz", "model_rescale": 4.28219845311461, "target_rescale": 3.9153128177831515},
{"mapping": [10, 12, 9, 2, 1, 8, 13, 4, 7, 5, 3, 0, 15], "R": [[0.4575266521521592, 0.8746342652159285, 0.16026311079169286], [-0.8759040084797889, 0.4743536962594837, -0.08820849604207058], [-0.15317157209964116, -0.10001736326837872, 0.9831251174420101]], "T": [-0.06771423951047309, -0.06887588083091255, -0.016961943868191054], "aligned_model": [[-0.10527746212360245, -0.40486973924215475, 0.27115052955471564, -0.6768641417169943, 0.44005327393298843, 0.2839867359121748, -0.5156309421146625, -0.10629636239316836, -0.06969407750878884, 0.6941550238253829, 0.514754562299509, -0.20130756063931318, -0.08224560262612246], [-0.7166437821353526, 0.1911943317330287, 0.40941248043321704, -0.2239323988891827, -0.2714125159686419, -0.6638516758527753, 0.31849492911000016, 0.18912871853669133, 0.6903249175247059, -0.2840709455218508, 0.2726556652972617, -0.46735463011046313, -0.10007621817102336], [-0.4737885730990582, -0.6518710348179512, -0.3535397144421545, 0.2544674157032276, 0.3162473935838104, -0.082202147375573, -0.06419477218617374, 0.6661146400700516, 0.15379002176593348, -0.330852037102885, 0.36268479031658674, 0.6822674054573205, 0.04862386915700566]], "inverted": true, "swapped": false, "error_lsq": 0.03953571690864199, "error_max": 0.23995106217798287, "target": "829.xyz", "model": "25.xyz", "model_rescale": 4.100010024507729, "target_rescale": 3.9153128177831515},
{"mapping": [8, 7, 3, 11, 2, 0, 6, 5, 4, 9, 10, 12], "R": [[0.22038009846742795, 0.9551474191829192, -0.19780298235288518], [-0.22927577140326183, 0.24783212013666855, 0.9412820304648354], [0.9480850346076168, -0.16208839519463736, 0.2736094283761089]], "T": [-0.08644224886052229, 0.12637433530148218, 0.03120580171193294], "aligned_model": [[-0.6934045873594135, -0.08286815335524333, 0.3714538627701086, 0.7171946905174876, -0.5602677083686749, 0.3682101232224537, -0.2845212424363709, 0.4401828008883558, 0.17329889803482337, -0.06242944480016224, -0.4311545948919743, -0.07892904185838301], [-0.22054597063158338, -0.5884296260752899, -0.22093779336337588, -0.31889715190236073, 0.6517023555025396, 0.6667270602698285, -0.0586964161860164, 0.28378920742064434, -0.20105213147170325, 0.6563523883226816, -0.0936528682819745, 0.10977233644724897], [0.1375073851309347, 0.026180288345848325, 0.5492009191957619, -0.127396467325484, -0.022477998267577924, 0.19277889855766783, 0.6391390250152205, -0.23538414862768026, -0.5061378691210763, -0.5546337192045934, -0.570208378999044, 0.03662435515437938]], "inverted": true, "swapped": true, "error_lsq": 0.04429357687769169, "error_max": 0.262068664607613, "target": "829.xyz", "model": "26.xyz", "model_rescale": 3.6694154284099745, "target_rescale": 3.9153128177831515},
{"mapping": [2, 11, 10, 6, 5, 0, 12, 7, 9, 4, 8, 1, 13], "R": [[-0.6782053167756782, 0.7299285203574112, -0.08509937406375401], [0.5928576897037864, 0.6118870127081907, 0.5235590161941017], [0.4342318597895498, 0.30462869012600763, -0.8477287615126797]], "T": [0.025280440673808476, 0.011547129373074276, 0.09080904756275181], "aligned_model": [[-0.1904503394158898, -0.36164054048594957, 0.291012631276966, -0.5630509128428218, 0.42132322812183354, 0.20124558321395256, -0.7066237120140093, 0.024697604451607368, -0.10607350211531175, 0.6725918437994288, 0.579996669481188, -0.22978757804833677, 0.008673261737306124], [-0.37006086592611115, 0.2788798811327871, 0.26870209829655783, -0.33270472831966663, -0.3867331765546957, -0.6243382993720076, 0.1899104369801732, 0.22812473579505868, 0.6799504377737982, -0.2579871280788165, 0.3211520180039251, -0.62906947251042, -0.021957061234967476], [-0.4287727214100539, -0.6268265308613826, -0.3836890501445478, 0.17172448953014263, 0.6480355797214696, 0.05056810754326495, -0.15866170249671419, 0.6817594053906372, 0.06171103211371835, -0.3379913739999198, 0.1600326769363028, 0.642349915415854, 0.047507429291369044]], "inverted": false, "swapped": false, "error_lsq": 0.042904920332445404, "error_max": 0.23269977964523803, "target": "829.xyz", "model": "27.xyz", "model_rescale": 4.103607728864725, "target_rescale": 3.9153128177831515},
{"mapping": [10, 12, 13, 0, 7, 6, 2, 1, 4, 11, 8, 5, 14], "R": [[0.4147923743740941, 0.31360282285067087, 0.8541665854276861], [0.9044566377923775, -0.03942251853080425, -0.4247399856217881], [-0.09952626042612941, 0.9487355450982002, -0.29999231482291533]], "T": [-0.034318440712719084, -0.20242189211457226, -0.10039901398807476], "aligned_model": [[-0.12192998739278038, -0.4266266196303805, 0.27537882188383256, -0.6046636622966967, 0.3783049743038821, 0.2924110530381906, -0.4872066396254163, -0.3031062498421314, 0.031476401849849595, 0.6302688998209449, 0.5108611053197606, -0.010948569712475792, -0.12230529055661557], [-0.545622206700543, 0.2979884657135017, 0.26987112880651176, -0.23850509361624936, -0.19530873960775536, -0.730412814590868, 0.37440820773277694, 0.15179795744564153, 0.6855762099619942, -0.2878765909147383, 0.2881357630118747, -0.5911756015267344, -0.13500780972979698], [-0.4668864452352738, -0.6774409393777494, -0.41804573738238326, 0.3274982537846464, 0.4910167162768852, 0.02506287882314577, -0.04140730755579948, 0.6775098777954163, 0.06912884960697004, -0.25232792734775206, 0.26622398909722145, 0.5188463436284236, 0.008568704916389752]], "inverted": false, "swapped": false, "error_lsq": 0.0375550264871804, "error_max": 0.18816032652259684, "target": "829.xyz", "model": "28.xyz", "model_rescale": 4.137296879288765, "target_rescale": 3.9153128177831515},
