[{"mapping": [5, 4, 9, 3, 7, 2, 10, 6, 1, 8, 11], "R": [[0.5612801125484249, 0.3058110274518028, -0.7690541273190725], [0.5051348736356505, 0.6094957167534715, 0.6110267839434435], [0.6555939251508687, -0.7314332414841732, 0.18762200978891652]], "T": [0.18262535254746065, -0.006176998139634044, -0.08442256235341127], "aligned_model": [[-0.332471667762045, 0.7706875106685069, 0.024737394245040623, 0.3509115070877844, -0.6894074210679293, 0.7871304337986214, -0.3510760011597664, -0.0781959793100509, 0.11661980185701108, 0.5869571367927998, 0.1728743012935385], [-0.6568165233433972, -0.23137252494073243, 0.5733431753934719, 0.3184836395451436, -0.09319773020106772, -0.3321099150909202, 0.03247353766424002, 0.39044522570501444, -0.33060936524857587, 0.3932973893605224, -0.07499867752267483], [-0.07898193363985077, -0.5902074372145816, -0.17707344210755693, -0.6677815901528181, 0.2741712800339822, 0.33639994889756303, -0.5032666229511608, 0.46313339995140723, 0.541890032098508, 0.19848999069357753, -0.08355692129404284]], "inverted": false, "swapped": false, "error_lsq": 0.04689875966418109, "error_max": 0.28282572868256745, "target": "83.xyz", "model": "0.xyz", "model_rescale": 3.751011558992144, "target_rescale": 3.8679212377087113},
{"mapping": [12, 2, 4, 8, 11, 0, 9, 6, 7, 1, 14], "R": [[0.37665155803583183, 0.16411158214487825, 0.911702249879359], [0.3304918234542111, 0.8956111794537984, -0.2977511878520164], [-0.8653951458490456, 0.41345858782141776, 0.2830958101025658]], "T": [0.0960712500043226, -0.006641596321647286, -0.15761128819950196], "aligned_model": [[-0.2323134130492412, 0.653327404450841, 0.1625690681267645, 0.503344381602137, -0.6136704242064097, 0.7519672113302873, -0.4414467238043156, -0.14997061785154542, 0.16122974948101285, 0.5105257215888291, 0.053204658775151625], [-0.6117036647874164, -0.3594054264735652, 0.7813507297281022, 0.36139356133947004, -0.06314498550922515, -0.2576503257022327, -0.16506905536511546, 0.26827041318420575, -0.22215261569328287, 0.29740998700176513, -0.040360386401681374], [0.12174244893736433, -0.6563711106151963, -0.17244719671459074, -0.5305683516045789, 0.20267347670950656, 0.129267822560619, -0.5042592211054694, 0.496309602705193, 0.46607644959288796, 0.31299010905508495, -0.15219732520579338]], "inverted": true, "swapped": false, "error_lsq": 0.04862117558425931, "error_max": 0.25739432078994723, "target": "83.xyz", "model": "1.xyz", "model_rescale": 3.9405287249114394, "target_rescale": 3.8679212377087113},
{"mapping": [6, 9, 4, 8, 7, 5, 3, 1, 0, 2, 12], "R": [[0.8892602791559203, 0.2585682378907095, 0.3773044159158867], [-0.4223786485932888, 0.14764341662484964, 0.8943140940071607], [0.17553470633479298, -0.9546433301927139, 0.24050712877277347]], "T": [0.10280573880797868, -0.06200465029434768, -0.06875200402728854], "aligned_model": [[-0.19298668795839075, 0.6812998215995479, -0.1259907905380997, 0.35318407932478957, -0.6856954154817163, 0.7320122813722644, -0.29863398441179373, -0.06190163625554694, 0.19352530557324862, 0.6081316070711953, 0.1558224361480131], [-0.48199799465388016, -0.191661586476138, 0.5737384659092921, 0.2998911348636414, -0.003468055723161917, -0.3270477365570882, -0.07984641533172984, 0.4116786535651802, -0.42304188348957117, 0.2083916584885339, 0.002301990725945516], [0.10864056726807589, -0.615483000190074, -0.2563114885693527, -0.7067425191563874, -0.007520885011150266, 0.18010050167713135, -0.475356847346296, 0.5442096102705982, 0.6824816911225886, 0.2996244753823362, -0.04042540113244267]], "inverted": true, "swapped": false, "error_lsq": 0.05538209467998098, "error_max": 0.28939877671766023, "target": "83.xyz", "model": "2.xyz", "model_rescale": 3.932901565614263, "target_rescale": 3.8679212377087113},
{"mapping": [7, 4, 1, 2, 8, 5, 3, 10, 12, 6, 13], "R": [[0.12004144280115076, -0.9613208138592493, -0.2478958346790222], [0.8580347229345022, 0.22606412008703053, -0.46116312498723133], [0.4993660643745529, -0.15734454693527733, 0.8519837013117108]], "T": [-0.05099376113602738, -0.002086133275091295, -0.05479662409289247], "aligned_model": [[-0.05039293188454448, 0.5923392096397476, -0.0015572519983912125, 0.5830869670157869, -0.6893948072357923, 0.4778073582505489, -0.47177049669978105, 0.05391683933223915, 0.2825035174098073, 0.5628831649408995, 0.019345447672991303], [-0.6892828855690979, -0.2886373264876479, 0.6963863455137251, 0.3450464467108759, -0.3208030440756982, -0.400871872954031, 0.013024686229858008, 0.4817362310451833, -0.04201872153218197, 0.19693853538668882, -0.0025801629466500895], [-0.24845304662496984, -0.5717468218093178, -0.29658340795637045, -0.4690917547389706, 0.11739617668679383, 0.2247369080975978, -0.3435942695532023, 0.4629437799651254, 0.6309983625883656, 0.16933851723075302, 0.03727226042922265]], "inverted": false, "swapped": false, "error_lsq": 0.056099165321062475, "error_max": 0.28033708762806436, "target": "83.xyz", "model": "3.xyz", "model_rescale": 3.9243930471874484, "target_rescale": 3.8679212377087113},
{"mapping": [1, 9, 6, 11, 0, 8, 5, 3, 4, 10, 12], "R": [[0.10687629544228833, 0.765768856462485, 0.634173096200612], [0.01454608723218409, -0.6389623403884861, 0.7691004738728889], [0.994165916142153, -0.0729738722928045, -0.079428868453649]], "T": [0.1856577691497277, -0.05168285051500017, 0.03184233155155948], "aligned_model": [[-0.18603236257547306, 0.5730197008987532, -0.06791643569984435, 0.5090607810306259, -0.6544226162551923, 0.7092652650534494, -0.40812635330083996, -0.1518096764679256, 0.2570471437124743, 0.7004618150825586, 0.07821975496492517], [-0.6110586025026346, -0.3737709358848035, 0.5942949934162983, 0.30809489606758805, -0.1491359761914718, -0.36816094207601563, 0.06065363686071708, 0.3580391532236019, -0.160294769535184, 0.385486734850329, -0.05520995690740084], [-0.21127392468988593, -0.4620173558813715, -0.16798074649872174, -0.5943401868548844, 0.12178780233468926, 0.1802107133300191, -0.42469247468404125, 0.44560189115761273, 0.6110437452984262, 0.2342954556114425, -0.019418214808257755]], "inverted": false, "swapped": false, "error_lsq": 0.03376138020996672, "error_max": 0.15966516500523245, "target": "83.xyz", "model": "4.xyz", "model_rescale": 3.8936222436046832, "target_rescale": 3.8679212377087113},
{"mapping": [10, 4, 6, 5, 8, 2, 7, 9, 3, 1, 11], "R": [[0.8002953802711953, 0.2247089857241072, 0.5559075247299914], [0.20520088473575643, 0.7684992438320187, -0.6060540480297762], [-0.5634003028222878, 0.5990949707387456, 0.5689159119020103]], "T": [0.06558414853075104, -0.01665274473896229, 0.05630399550729567], "aligned_model": [[-0.04347114939629623, 0.5756000618494567, -0.04638508889592116, 0.41364857582591774, -0.6161677992156279, 0.6271054239230001, -0.318640963164166, -0.13606662632648958, 5.914484067565118e-05, 0.7227028106607767, 0.18038262634218535], [-0.6051408083733528, -0.334482221628716, 0.7020728528984869, 0.3334767500051526, -0.16721390510031026, -0.48388257570608845, 0.013979517978902387, 0.39490045376754157, -0.32262075051038885, 0.42477408273997685, 0.033074835249820494], [-0.14681208076179972, -0.4628229549475257, -0.26851138786993356, -0.586682278381021, 0.29798238731236953, 0.2097595501816549, -0.4644457096408374, 0.471029053370693, 0.5383538743132762, 0.18454668349913544, -0.059180432760984295]], "inverted": true, "swapped": false, "error_lsq": 0.038856823816551124, "error_max": 0.19860381929368615, "target": "83.xyz", "model": "5.xyz", "model_rescale": 3.6523030999806103, "target_rescale": 3.8679212377087113},
{"mapping": [10, 6, 3, 1, 11, 8, 4, 7, 9, 5, 12], "R": [[0.9036518936367597, 0.19749058252371177, -0.3800141115026429], [-0.39695675925249635, 0.7192878345347915, -0.5701318640227067], [0.16074385341422487, 0.6660499087190805, 0.728381035368749]], "T": [0.17687171647676517, 0.008909176464058931, -0.09375965832073316], "aligned_model": [[-0.1364574427290874, 0.5152339207992703, -0.1375635314324636, 0.5573234081910364, -0.6165358960099271, 0.7257691177017332, -0.32645680176499725, -0.09395885220172082, 0.06372267607925888, 0.6321015220823596, 0.1755888957280491], [-0.6908230133414418, -0.44146562755079566, 0.6180582650314226, 0.3315636326514626, -0.014699927106619649, -0.25287650115761556, -0.027665806141534497, 0.3975903141868354, -0.43588738807600436, 0.3971624271242596, 0.10798185570105556], [-0.23823367746724025, -0.4182562171109706, -0.20649193283780143, -0.5770043977309024, 0.2863929081808416, 0.1958659700119952, -0.36662276557209794, 0.39857745783546294, 0.4648244320462611, 0.2317073406619969, -0.0575424137025182]], "inverted": true, "swapped": false, "error_lsq": 0.045915477864211525, "error_max": 0.2359067352394735, "target": "83.xyz", "model": "6.xyz", "model_rescale": 4.08911054899281, "target_rescale": 3.8679212377087113},
{"mapping": [4, 8, 1, 9, 7, 10, 6, 13, 12, 11, 14], "R": [[-0.613325941372641, -0.14851292554034107, 0.775741709969764], [0.5941395197496958, -0.733891096626453, 0.3292447256434392], [0.5204128368045556, 0.6628331383084825, 0.5383518459605795]], "T": [0.036239354907323745, -0.02735008742041273, -0.06930169732713368], "aligned_model": [[-0.013867525049374746, 0.5281689203049437, 0.047969787674181294, 0.5178813464077704, -0.647894159928367, 0.5815416590442279, -0.38122151740630816, -0.1169588275094183, 0.1865025655757574, 0.5093237023530994, 0.14732106497699965], [-0.6647546294082524, -0.33612327298843825, 0.6907476062769878, 0.3250346339531632, -0.161214082639821, -0.4021986817761461, -0.07336099314930557, 0.41389237134843976, -0.0956596460931951, 0.21811262981223206, 0.0744622959853594], [-0.36604104445948227, -0.42681169137886155, -0.21811083047752758, -0.5776355522627868, 0.26734459954825607, 0.21602062376691863, -0.33902819416165675, 0.49437368073673715, 0.6240645044196351, 0.17660543475269858, -0.13756482616890336]], "inverted": false, "swapped": false, "error_lsq": 0.047766658504832395, "error_max": 0.2852700636242664, "target": "83.xyz", "model": "7.xyz", "model_rescale": 3.964800864290218, "target_rescale": 3.8679212377087113},
{"mapping": [10, 3, 2, 0, 11, 5, 6, 12, 8, 1, 13], "R": [[-0.09262180714549834, -0.9017051944564958, -0.4223137969937468], [0.714356094710429, 0.23528487095483613, -0.6590420316260798], [0.6936256705105186, -0.3627240987168342, 0.622346091350218]], "T": [0.08200469472472544, 0.08603203389904172, -0.026347772734984985], "aligned_model": [[-0.010699577391799941, 0.35191994184194236, 0.09946577583953106, 0.4623002956877555, -0.7103729747145933, 0.5921203378407842, -0.2371754603276487, -0.3648503732818615, 0.33553747445519383, 0.7417850806162962, 0.09873649587791171], [-0.7196725879217403, -0.2487258797376401, 0.7298335990490258, 0.34084985201934753, -0.1573646988418952, -0.5562276807876163, 0.003921933920713383, 0.33614586684263054, -0.1735500614857371, 0.39602786479448454, 0.03770002346945109], [0.10548542989321383, -0.6103388637061353, -0.18069602543265847, -0.5773491411355707, -0.020964097537606172, 0.1359951128722479, -0.5037237076969706, 0.5290246753173689, 0.6514396915671148, 0.15173175554552434, 0.03261187462849886]], "inverted": false, "swapped": false, "error_lsq": 0.05556543826323559, "error_max": 0.26889442651999085, "target": "83.xyz", "model": "8.xyz", "model_rescale": 4.121658175737393, "target_rescale": 3.8679212377087113},
{"mapping": [0, 4, 7, 9, 10, 1, 5, 11, 2, 6, 12], "R": [[-0.1995624514498038, 0.899292745313877, 0.38916241621869807], [-0.6276470832104075, 0.18767231390342867, -0.755538378596085], [-0.7524851938136808, -0.39503374643182515, 0.5269861215167094]], "T": [0.08325345888913967, 0.0789615061534287, 0.087375016663059], "aligned_model": [[-0.044399323126033716, 0.46752484197961414, -0.055083361719732424, 0.496084819946348, -0.6534505928159328, 0.5483058481724717, -0.24477214417107812, -0.3220522038174623, 0.28211640334303206, 0.7407871326198292, 0.14370559603245578], [-0.6837346093006819, -0.39669648748833297, 0.7100023578571885, 0.4115069051553941, -0.10139241006490446, -0.42861763368774375, -0.01640219560872086, 0.43710851466682177, -0.2552866524755817, 0.2973135546531236, 0.015136887614461123], [-0.05692898826152709, -0.5562187177231238, -0.10720473011966075, -0.5546324926117343, 0.05244028177920196, 0.11933448683217382, -0.42742870748720085, 0.4197755500927962, 0.6627689240301166, 0.07496933569894645, 0.0863417620850393]], "inverted": true, "swapped": false, "error_lsq": 0.047127657830667344, "error_max": 0.23325658388173084, "target": "83.xyz", "model": "9.xyz", "model_rescale": 3.833441315466971, "target_rescale": 3.8679212377087113},
{"mapping": [2, 4, 12, 6, 8, 5, 7, 10, 13, 1, 14], "R": [[-0.46779707482703214, -0.6519414598284441, -0.5967731811501165], [0.8652292936193038, -0.19997870344561577, -0.45976818901621624], [0.18040001731239608, -0.731423851897768, 0.6576283012680639]], "T": [0.06789706191926972, 0.04914224100373601, -0.07386813393090472], "aligned_model": [[-0.0018711102915007216, 0.5772432588239998, 0.15789918025921612, 0.499599158883968, -0.6435834549314033, 0.5726164059770845, -0.37762157772713145, -0.3595901636840334, 0.20881574213276313, 0.7038038007496771, 0.021455776250871736], [-0.6464139609583816, -0.2816906984678568, 0.6417547365848256, 0.30338387590121263, -0.08438992711783411, -0.35032195436797864, 0.013199089049128622, 0.4161140312242748, -0.38016201759714385, 0.38302351046300653, -0.025558453392229154], [0.09341673384271373, -0.5906162330561092, -0.13494272837285007, -0.5323701062340301, 0.21513705044368767, 0.1337900992718473, -0.567968537024248, 0.5247473692497209, 0.5830384960620426, 0.0986278090015805, -0.109643248869328]], "inverted": false, "swapped": false, "error_lsq": 0.04623938739780407, "error_max": 0.2191293707374092, "target": "83.xyz", "model": "10.xyz", "model_rescale": 4.2482417240324, "target_rescale": 3.8679212377087113},
{"mapping": [0, 10, 7, 9, 1, 4, 8, 2, 6, 5, 11], "R": [[0.2886352894084415, -0.9574169232286208, 0.00651957234383936], [-0.9567677757074927, -0.2881712593988626, 0.03940493147069853], [-0.035848194875644654, -0.017611370529144146, -0.9992020549179447]], "T": [0.011107496870144118, 0.04170274488478802, -0.0028034542509151883], "aligned_model": [[-0.08281863623562628, 0.17627089051031197, 0.16462280897480483, 0.5805146821774134, -0.6208883230906517, 0.8051695506861627, -0.32599797916142526, -0.32760366474801556, 0.2216504713380264, 0.636620529305315, 0.13122668668719567], [-0.7084964956963546, -0.28708885405275236, 0.6638930887202117, 0.20197187190042626, -0.26172658929994497, -0.29591405414726146, 0.07997432206331254, 0.37916388776034315, -0.16575259880168253, 0.34386237133695513, 0.03905128153777093], [-0.04990395196724788, -0.5315940559108264, -0.22159210039764232, -0.5767373932935583, 0.08470926748994193, 0.14321001065244524, -0.5144214888867277, 0.562131951285929, 0.5743586325333099, 0.28288724688857525, -0.03983141407917155]], "inverted": true, "swapped": false, "error_lsq": 0.04624666384628307, "error_max": 0.339053679370273, "target": "83.xyz", "model": "11.xyz", "model_rescale": 3.6694154284099745, "target_rescale": 3.8679212377087113},
{"mapping": [11, 3, 12, 1, 7, 4, 10, 5, 6, 0, 13], "R": [[-0.5248214483374488, 0.05244929474436616, 0.8495949145597574], [0.8512041383291037, 0.027956290475926904, 0.524089649501146], [0.0037366102808543133, 0.998232196086484, -0.05931711759656577]], "T": [0.02401706310437496, -0.05174104054582821, -0.08230786559505883], "aligned_model": [[0.02438491559995465, 0.629411650449923, -0.0888277913661712, 0.6725045197685244, -0.6619859000331587, 0.6927007347239373, -0.486414792047471, -0.18632625835530753, 0.09197555608198858, 0.5386419925521355, 0.1327023890691565], [-0.7729876336200089, -0.3570117233284322, 0.6001457533102943, 0.2998840394344245, -0.02263298542480483, -0.36046556747068614, 0.10899742600534543, 0.4092479437824416, -0.20455049360618646, 0.2910354875456333, -0.0027240153069964454], [0.07527343269411978, -0.6129264710448468, -0.23747921308548825, -0.4973949838963931, 0.20180122289585756, -0.009989378783618622, -0.42458151916112663, 0.5404405875720131, 0.45795665086079357, 0.2760261939163269, -0.05590981765261029]], "inverted": true, "swapped": false, "error_lsq": 0.045308394504594424, "error_max": 0.24176484229033904, "target": "83.xyz", "model": "12.xyz", "model_rescale": 3.9764082729961374, "target_rescale": 3.8679212377087113},
{"mapping": [14, 8, 9, 1, 6, 7, 13, 5, 4, 0, 15], "R": [[0.8435161504073062, 0.0568745311003203, 0.5340840680212786], [-0.3953787375621692, 0.7387856362967319, 0.5457759957027959], [-0.3635328841876404, -0.6715363514462578, 0.6456645962111164]], "T": [0.11836068518544149, -0.0028833073081371225, -0.17247036318588288], "aligned_model": [[-0.3093758831101936, 0.5781859439565527, 0.21026851367631813, 0.4310594046886914, -0.5040449950102416, 0.7005865773240912, -0.43603294253045943, -0.18443891781997454, 0.1617148698919626, 0.5812475472139012, 0.12959689816286377], [-0.6765511283625221, -0.33706490843243153, 0.5774575539752336, 0.3547552083352937, -0.2296367106261767, -0.2506743277534234, -0.08811151945567627, 0.5107749841472882, -0.10902519172429634, 0.3229800307388945, -0.08596575952115985], [-0.21742739371037323, -0.592632505119961, -0.04496913846788597, -0.5939401500157183, 0.20812505066334785, 0.24062323351228349, -0.4171423958930069, 0.41684404006044357, 0.5365557553882128, 0.2821248098863276, -0.10494460198864268]], "inverted": true, "swapped": false, "error_lsq": 0.04956684121859753, "error_max": 0.2654743348317609, "target": "83.xyz", "model": "13.xyz", "model_rescale": 4.170626492500431, "target_rescale": 3.8679212377087113},
{"mapping": [3, 2, 8, 4, 1, 6, 0, 10, 11, 12, 13], "R": [[0.2875434934768953, -0.9519795296516808, 0.10513664671876878], [-0.9077188932610968, -0.30589166155377084, -0.2871875732143065], [0.30555711442535916, -0.012855602515550402, -0.9520869620512666]], "T": [0.07103878778716116, 0.010254805269458742, -0.028401922101154303], "aligned_model": [[-0.0249489877953539, 0.2153753584303767, 0.0759886395389035, 0.5427849385478627, -0.6628034399503364, 0.7094039042860381, -0.31015050353320245, -0.08951236336634466, 0.26000513967822764, 0.5055112792895597, 0.13711305131778068], [-0.6646845096358902, -0.32033829396266567, 0.735965906284452, 0.33052904162043667, -0.2178501262979336, -0.5236778253783931, 0.018521051030389705, 0.3878030967108115, -0.2549155570130066, 0.5232919349412002, -0.02570648697837691], [0.07512040671588067, -0.5786812369508032, -0.18612062624294354, -0.45023496178069367, -0.012333478516041448, 0.09364393402238279, -0.4871881467108098, 0.3589079286228217, 0.5990022920631379, 0.26096407260460164, 0.04013652048749369]], "inverted": true, "swapped": false, "error_lsq": 0.052191795728895624, "error_max": 0.2911905683889308, "target": "83.xyz", "model": "14.xyz", "model_rescale": 3.9786697098870705, "target_rescale": 3.8679212377087113},
{"mapping": [4, 1, 9, 6, 2, 10, 0, 8, 5, 7, 11], "R": [[-0.6849593827598534, 0.34220760443727094, 0.6432142717901596], [0.32089227882318583, -0.6508963666080623, 0.6880131287468909], [0.6541091570685306, 0.6776635414434862, 0.3360257954939902]], "T": [0.10402229323840409, 0.053914687825642314, -0.05000789414699906], "aligned_model": [[-0.016111151527270245, 0.4157478737349217, -0.028153510289666395, 0.6354012291756823, -0.6796204289920809, 0.7153404596931111, -0.38363505008795484, -0.1283824467824273, 0.03614996662795274, 0.6489356166294877, 0.14309445826175538], [-0.5311433803850653, -0.24505622725749446, 0.6143317398823159, 0.4546055931195773, -0.19122808432408242, -0.5074803871857058, -0.08354520520780487, 0.2808911300820692, -0.14293798043241257, 0.22090531723727586, 0.11959571579235129], [0.08486145878922273, -0.5735684406846491, -0.2863901116995066, -0.4794714149037786, 0.23222697511081675, 0.008700347287615352, -0.5265587092610373, 0.35827859534103096, 0.7254287325415499, 0.28474515672825007, -0.11503588493448694]], "inverted": false, "swapped": false, "error_lsq": 0.0521974252163214, "error_max": 0.24517891453736773, "target": "83.xyz", "model": "15.xyz", "model_rescale": 3.769337070930944, "target_rescale": 3.8679212377087113},
{"mapping": [1, 9, 6, 8, 5, 3, 7, 4, 0, 2, 10], "R": [[-0.6290409355256613, 0.7430255011725997, 0.2285182838203714], [0.7579288402983475, 0.6515446869011203, -0.03214644638094638], [-0.17277550311604603, 0.1529791671376467, -0.9730087358009019]], "T": [0.08415050151433384, -0.031727548463371565, -0.058201414356837136], "aligned_model": [[-0.2257129172042428, 0.620105128590557, -0.015079036836557036, 0.4886071855627219, -0.5671744045607146, 0.7198870531112802, -0.41284856364590794, -0.16151919910964027, 0.12429771563262657, 0.6579943240649038, 0.1302097308384845], [-0.7675872150204236, -0.36593109715283334, 0.690364937696726, 0.3893167586365676, 0.007941559029466007, -0.29300581612587556, -0.18564193239401716, 0.43348244113936085, -0.22014801132685138, 0.3161164475264488, -0.015969840687544146], [0.001995423392253698, -0.5699047548493972, -0.0737856900618141, -0.5279142989298986, 0.09753281487815411, 0.025561002797865717, -0.5485470002779442, 0.5173492682999, 0.558528708950517, 0.2520141236161669, -0.0196128935007763]], "inverted": false, "swapped": false, "error_lsq": 0.043236712257786344, "error_max": 0.259051491910251, "target": "83.xyz", "model": "16.xyz", "model_rescale": 3.7852294659196426, "target_rescale": 3.8679212377087113},
{"mapping": [8, 9, 4, 10, 3, 11, 0, 1, 2, 7, 12], "R": [[0.14567344712657973, 0.8268838722303802, 0.5431779714306829], [-0.9890419629493776, 0.13502816735245923, 0.05969413326850877], [-0.023984209962010672, -0.5459216572611206, 0.8374928667193349]], "T": [0.1343943792838637, 0.06955622449174774, 0.01594372644255287], "aligned_model": [[0.07435722796584887, 0.31943771935297804, -0.13867045737412656, 0.5980748312440716, -0.6095958135466636, 0.7059224055655634, -0.3254870750183344, -0.19307432806469885, 0.1148423498577015, 0.618550913869301, 0.19440924259187026], [-0.5676269313624203, -0.4239162776952465, 0.6394747610981139, 0.296454117129011, -0.12593844793744124, -0.37446500074484584, 0.01453741328702722, 0.42548508419381514, -0.17722930849767587, 0.24071234299503602, 0.0414504788556503], [-0.10488291635534353, -0.6692610877504113, -0.30407993159384517, -0.6027426723621131, 0.21782437728942072, 0.1348257736457054, -0.4852839006304526, 0.5061814716088313, 0.5752304506571666, 0.49314917307275413, -0.04774403326668544]], "inverted": false, "swapped": false, "error_lsq": 0.04463864597473056, "error_max": 0.26113857125903583, "target": "83.xyz", "model": "17.xyz", "model_rescale": 3.901054581598922, "target_rescale": 3.8679212377087113},
{"mapping": [12, 2, 4, 8, 11, 0, 9, 6, 7, 1, 14], "R": [[0.37665155803583183, 0.16411158214487825, 0.911702249879359], [0.3304918234542111, 0.8956111794537984, -0.2977511878520164], [-0.8653951458490456, 0.41345858782141776, 0.2830958101025658]], "T": [0.0960712500043226, -0.006641596321647286, -0.15761128819950196], "aligned_model": [[-0.2323134130492412, 0.653327404450841, 0.1625690681267645, 0.503344381602137, -0.6136704242064097, 0.7519672113302873, -0.4414467238043156, -0.14997061785154542, 0.16122974948101285, 0.5105257215888291, 0.053204658775151625], [-0.6117036647874164, -0.3594054264735652, 0.7813507297281022, 0.36139356133947004, -0.06314498550922515, -0.2576503257022327, -0.16506905536511546, 0.26827041318420575, -0.22215261569328287, 0.29740998700176513, -0.040360386401681374], [0.12174244893736433, -0.6563711106151963, -0.17244719671459074, -0.5305683516045789, 0.20267347670950656, 0.129267822560619, -0.5042592211054694, 0.496309602705193, 0.46607644959288796, 0.31299010905508495, -0.15219732520579338]], "inverted": true, "swapped": false, "error_lsq": 0.04862117558425931, "error_max": 0.25739432078994723, "target": "83.xyz", "model": "18.xyz", "model_rescale": 3.9405287249114394, "target_rescale": 3.8679212377087113},
{"mapping": [13, 10, 6, 2, 7, 3, 9, 0, 12, 1, 15], "R": [[-0.4603142970436016, 0.8642970824031001, -0.20273455868880277], [0.07312285559797516, 0.26450477333644185, 0.961608170135547], [0.8847393943565827, 0.4278174590076078, -0.1849551995533545]], "T": [0.031610766230910095, -0.07788155833535333, 0.024193849232462334], "aligned_model": [[-0.2505070957360945, 0.5881248123149153, 0.1464790546224869, 0.5041375051417325, -0.6696846976826188, 0.8523766739717384, -0.5589938424029023, -0.052038945124339694, 0.23334716960251117, 0.5095717100833057, 0.05595467165277676], [-0.6831724139652003, -0.27370713711448885, 0.6432946681229688, 0.3637935316216081, -0.06456609575287563, -0.23650614812108162, -0.1514653328220203, 0.47273875309958785, -0.3315969325530396, 0.3178791799514012, -0.06775384114583535], [-0.04903413327436888, -0.49527558793737964, -0.1338997379415414, -0.5562946338047637, 0.08446755570440219, 0.1873200552192643, -0.4603486889923376, 0.42729961250237997, 0.4658611387725219, 0.24879616035567562, -0.005675036288825416]], "inverted": true, "swapped": false, "error_lsq": 0.046372147380346514, "error_max": 0.2573838155134574, "target": "83.xyz", "model": "19.xyz", "model_rescale": 4.410303926677745, "target_rescale": 3.8679212377087113},
{"mapping": [10, 3, 2, 0, 11, 5, 6, 12, 8, 1, 13], "R": [[-0.09262180714549834, -0.9017051944564958, -0.4223137969937468], [0.714356094710429, 0.23528487095483613, -0.6590420316260798], [0.6936256705105186, -0.3627240987168342, 0.622346091350218]], "T": [0.08200469472472544, 0.08603203389904172, -0.026347772734984985], "aligned_model": [[-0.010699577391799941, 0.35191994184194236, 0.09946577583953106, 0.4623002956877555, -0.7103729747145933, 0.5921203378407842, -0.2371754603276487, -0.3648503732818615, 0.33553747445519383, 0.7417850806162962, 0.09873649587791171], [-0.7196725879217403, -0.2487258797376401, 0.7298335990490258, 0.34084985201934753, -0.1573646988418952, -0.5562276807876163, 0.003921933920713383, 0.33614586684263054, -0.1735500614857371, 0.39602786479448454, 0.03770002346945109], [0.10548542989321383, -0.6103388637061353, -0.18069602543265847, -0.5773491411355707, -0.020964097537606172, 0.1359951128722479, -0.5037237076969706, 0.5290246753173689, 0.6514396915671148, 0.15173175554552434, 0.03261187462849886]], "inverted": false, "swapped": false, "error_lsq": 0.05556543826323559, "error_max": 0.26889442651999085, "target": "83.xyz", "model": "20.xyz", "model_rescale": 4.121658175737393, "target_rescale": 3.8679212377087113},
{"mapping": [10, 6, 3, 1, 11, 8, 4, 7, 9, 5, 12], "R": [[0.9036518936367597, 0.19749058252371177, -0.3800141115026429], [-0.39695675925249635, 0.7192878345347915, -0.5701318640227067], [0.16074385341422487, 0.6660499087190805, 0.728381035368749]], "T": [0.17687171647676517, 0.008909176464058931, -0.09375965832073316], "aligned_model": [[-0.1364574427290874, 0.5152339207992703, -0.1375635314324636, 0.5573234081910364, -0.6165358960099271, 0.7257691177017332, -0.32645680176499725, -0.09395885220172082, 0.06372267607925888, 0.6321015220823596, 0.1755888957280491], [-0.6908230133414418, -0.44146562755079566, 0.6180582650314226, 0.3315636326514626, -0.014699927106619649, -0.25287650115761556, -0.027665806141534497, 0.3975903141868354, -0.43588738807600436, 0.3971624271242596, 0.10798185570105556], [-0.23823367746724025, -0.4182562171109706, -0.20649193283780143, -0.5770043977309024, 0.2863929081808416, 0.1958659700119952, -0.36662276557209794, 0.39857745783546294, 0.4648244320462611, 0.2317073406619969, -0.0575424137025182]], "inverted": true, "swapped": false, "error_lsq": 0.045915477864211525, "error_max": 0.2359067352394735, "target": "83.xyz", "model": "21.xyz", "model_rescale": 4.08911054899281, "target_rescale": 3.8679212377087113},
{"mapping": [2, 14, 5, 9, 1, 13, 11, 6, 0, 7, 16], "R": [[-0.9856113904079001, -0.06194076380612736, 0.15726896984885325], [0.1380842049279564, -0.8316721558000962, 0.5378235562117327], [0.09748302132997372, 0.5518013836933849, 0.828258590964468]], "T": [0.1527474884604537, -0.029085398963416314, -0.07567288642137611], "aligned_model": [[-0.10443395040342476, 0.4964031008550729, 0.03770973306333757, 0.4250470651323066, -0.5795923514989582, 0.7106598967704616, -0.48049473200049375, 0.016993885847685714, 0.05653483858269656, 0.6090094985579375, 0.17093003153688976], [-0.7032791431616646, -0.2938694928594677, 0.6053679074561303, 0.3358281496416969, -0.27670314560299875, -0.2745881607308476, 0.1486732429587803, 0.4405577445358079, -0.1799681198372011, 0.2353644284046814, -0.04844517948389321], [-0.09963811458855255, -0.5485500265290261, -0.3619670895667871, -0.6236132610528428, 0.10422205965382068, 0.17965455951134984, -0.46720728555651264, 0.48697301082945293, 0.6780226281761953, 0.4014931800127539, -0.03617295657482453]], "inverted": true, "swapped": false, "error_lsq": 0.042910418839806, "error_max": 0.22211160943336522, "target": "83.xyz", "model": "22.xyz", "model_rescale": 4.204369325754507, "target_rescale": 3.8679212377087113},
{"mapping": [13, 10, 6, 2, 7, 3, 9, 0, 12, 1, 15], "R": [[-0.4603142970436016, 0.8642970824031001, -0.20273455868880277], [0.07312285559797516, 0.26450477333644185, 0.961608170135547], [0.8847393943565827, 0.4278174590076078, -0.1849551995533545]], "T": [0.031610766230910095, -0.07788155833535333, 0.024193849232462334], "aligned_model": [[-0.2505070957360945, 0.5881248123149153, 0.1464790546224869, 0.5041375051417325, -0.6696846976826188, 0.8523766739717384, -0.5589938424029023, -0.052038945124339694, 0.23334716960251117, 0.5095717100833057, 0.05595467165277676], [-0.6831724139652003, -0.27370713711448885, 0.6432946681229688, 0.3637935316216081, -0.06456609575287563, -0.23650614812108162, -0.1514653328220203, 0.47273875309958785, -0.3315969325530396, 0.3178791799514012, -0.06775384114583535], [-0.04903413327436888, -0.49527558793737964, -0.1338997379415414, -0.5562946338047637, 0.08446755570440219, 0.1873200552192643, -0.4603486889923376, 0.42729961250237997, 0.4658611387725219, 0.24879616035567562, -0.005675036288825416]], "inverted": true, "swapped": false, "error_lsq": 0.046372147380346514, "error_max": 0.2573838155134574, "target": "83.xyz", "model": "23.xyz", "model_rescale": 4.410303926677745, "target_rescale": 3.8679212377087113},
{"mapping": [4, 6, 7, 13, 3, 9, 0, 1, 10, 11, 16], "R": [[-0.34865278647009024, -0.43778950870953254, -0.8287228611245787], [-0.5558262620966559, -0.6153596498907603, 0.5589183014090525], [-0.7546511782607255, 0.6554943534083165, -0.028788049595478094]], "T": [0.2394927157492265, -0.09322021284279236, -0.10251480142900365], "aligned_model": [[-0.15681046727047201, 0.5886156860944085, 0.08806908153269091, 0.5449998389393922, -0.5850719062311502, 0.6757329085204473, -0.4222078706529412, -0.22551976764944018, 0.16507691679671446, 0.5569672462884788, 0.1289153500753828], [-0.6371965374648588, -0.21059630313317282, 0.5451187359216019, 0.3012041663520411, -0.19455779236960552, -0.3371139330205418, 0.1090310004659451, 0.4483492980066891, -0.2410727571720372, 0.28923242902632773, -0.08346007529136487], [0.042115480221395385, -0.7675216395632434, -0.2098701281404557, -0.5977737545090827, 0.24255745736336332, 0.2751495086363899, -0.4052235587458982, 0.37372169945264366, 0.5270770189413398, 0.28948186411418003, -0.05649724345560485]], "inverted": true, "swapped": false, "error_lsq": 0.040630909330611704, "error_max": 0.22170851514947126, "target": "83.xyz", "model": "24.xyz", "model_rescale": 4.28219845311461, "target_rescale": 3.8679212377087113},
{"mapping": [0, 3, 11, 9, 6, 4, 8, 14, 2, 13, 15], "R": [[-0.9014933379835114, 0.42380679415262934, 0.08773575554708368], [-0.06591665137414834, 0.0659035342220704, -0.9956463826322374], [-0.42774379790122696, -0.9033518281417886, -0.031475672350610495]], "T": [0.19561624551993276, 0.0888903064118247, -0.10588571204574355], "aligned_model": [[-0.06512696697494921, 0.5842439142800484, 0.009929814893567368, 0.5951000296737468, -0.5943480858132507, 0.5745688595055503, -0.4108153205202665, -0.20174347710882826, 0.10948116357045255, 0.5801920012923621, 0.17728508364507847], [-0.6459107336662265, -0.29793771759884374, 0.5881525934264095, 0.4569821708784889, -0.22052809582107596, -0.5266244481140646, 0.0008628936247439684, 0.4728060565920024, -0.12280503898027788, 0.26261629461762376, 0.021324256362244318], [0.13418632021513677, -0.6530401324554703, -0.21873423660322677, -0.508122917423955, 0.19811057500720225, 0.004500321219854511, -0.4321340641287362, 0.41838384885839147, 0.5395179235070738, 0.312249703855598, -0.08170063773684147]], "inverted": true, "swapped": false, "error_lsq": 0.04790592413524977, "error_max": 0.29334027124147366, "target": "83.xyz", "model": "25.xyz", "model_rescale": 4.100010024507729, "target_rescale": 3.8679212377087113},
{"mapping": [0, 10, 7, 9, 1, 4, 8, 2, 6, 5, 11], "R": [[0.2886352894084415, -0.9574169232286208, 0.00651957234383936], [-0.9567677757074927, -0.2881712593988626, 0.03940493147069853], [-0.035848194875644654, -0.017611370529144146, -0.9992020549179447]], "T": [0.011107496870144118, 0.04170274488478802, -0.0028034542509151883], "aligned_model": [[-0.08281863623562628, 0.17627089051031197, 0.16462280897480483, 0.5805146821774134, -0.6208883230906517, 0.8051695506861627, -0.32599797916142526, -0.32760366474801556, 0.2216504713380264, 0.636620529305315, 0.13122668668719567], [-0.7084964956963546, -0.28708885405275236, 0.6638930887202117, 0.20197187190042626, -0.26172658929994497, -0.29591405414726146, 0.07997432206331254, 0.37916388776034315, -0.16575259880168253, 0.34386237133695513, 0.03905128153777093], [-0.04990395196724788, -0.5315940559108264, -0.22159210039764232, -0.5767373932935583, 0.08470926748994193, 0.14321001065244524, -0.5144214888867277, 0.562131951285929, 0.5743586325333099, 0.28288724688857525, -0.03983141407917155]], "inverted": true, "swapped": false, "error_lsq": 0.04624666384628307, "error_max": 0.339053679370273, "target": "83.xyz", "model": "26.xyz", "model_rescale": 3.6694154284099745, "target_rescale": 3.8679212377087113},
{"mapping": [2, 0, 7, 5, 12, 4, 6, 9, 10, 8, 13], "R": [[0.7668328782527277, -0.5977163259878456, 0.23388572097977472], [-0.6341874648340947, -0.6494607106353592, 0.41953193536168204], [-0.09886150048396708, -0.4700382739613937, -0.8770920275167553]], "T": [0.08577214538033331, 0.05488896968954916, -0.025536175324917396], "aligned_model": [[-0.06880119547931754, 0.3900429358097617, 0.06742471488122191, 0.5829830989187209, -0.6782722969967065, 0.7543702374288404, -0.4120070386124354, -0.18510328199356765, 0.2683725785283487, 0.5651684962019763, 0.07458876775666871], [-0.6042721550898588, -0.3165584877749543, 0.6645937954974901, 0.3277679495565824, -0.11142477706232778, -0.39822346514883084, -0.11552655265981446, 0.3904223994618119, -0.17485150060948718, 0.3278888872774883, -0.0008778621270750103], [-0.08671901669661983, -0.47982618794653376, -0.18062299584501332, -0.5771672383999811, 0.109773251809929, 0.1267670839732908, -0.46640448392770023, 0.5025806259800795, 0.4995991577213093, 0.29696557078806113, -0.03172906314179433]], "inverted": true, "swapped": false, "error_lsq": 0.03159702253219068, "error_max": 0.18367643652685278, "target": "83.xyz", "model": "27.xyz", "model_rescale": 4.103607728864725, "target_rescale": 3.8679212377087113},
{"mapping": [10, 3, 4, 2, 11, 0, 13, 7, 5, 1, 14], "R": [[0.3597637793749193, -0.16195470610938018, 0.9188801315834938], [-0.838690590165267, -0.48768256514528, 0.24241247827113957], [0.4088619779560217, -0.8578673491993644, -0.3112804108188397]], "T": [-0.017825987609094318, -0.1751101900335475, -0.04757792647518014], "aligned_model": [[-0.13097683587481695, 0.563964607942613, 0.05486297492512027, 0.44340484520955903, -0.6805300022706358, 0.68287849540952, -0.4114946289233853, -0.10680966316468392, 0.2268055613088513, 0.6021406748451168, 0.11452098703625335], [-0.6555505756346518, -0.4030678225419424, 0.668789919618521, 0.2043710138747104, -0.12052037911869601, -0.1796673547600519, 0.17012238238503574, 0.21937328008772233, -0.2158339420781973, 0.39585036201031504, -0.09492865252174096], [-0.17465742020238176, -0.4636138303050853, -0.3703134324075823, -0.47720665103841486, 0.12535146650080783, 0.0891122367002252, -0.4293003449165246, 0.5495367550132942, 0.6406352611892829, 0.25657042142436515, -0.0328977576429593]], "inverted": true, "swapped": false, "error_lsq": 0.043265534285036295, "error_max": 0.21176407208858664, "target": "83.xyz", "model": "28.xyz", "model_rescale": 4.137296879288765, "target_rescale": 3.8679212377087113},
{"mapping": [5, 2, 8, 3, 6, 1, 4, 9, 0, 7, 10], "R": [[0.5171636242902158, 0.8487208261774832, 0.11052033714940927], [0.6869928410327168, -0.33461904843489315, -0.6450356027339288], [-0.510472939616592, 0.4095156305162688, -0.7561179314644364]], "T": [0.12574434651397576, 0.0266728871674783, -0.026004461324396197], "aligned_model": [[0.04111544368104869, 0.5018736657470528, 0.20748771703803093, 0.2956736388250089, -0.5264277031279041, 0.6850118921095834, -0.4808262868581697, -0.2475656667950546, 0.1367914112666293, 0.696388467487931, 0.04924443706935487], [-0.6359981403593525, -0.4269580323952509, 0.7314619321633823, 0.29616555117099874, -0.24890020602758373, -0.4169689535602761, 0.05539950741465778, 0.48874908227391495, -0.25253261872138144, 0.3398862100832344, 0.05863389927868023], [-0.10908999263708234, -0.5406546338650113, -0.14825134842143267, -0.6296322146836706, 0.0959746800474012, 0.21349646871345862, -0.5065008825367788, 0.4818532354057467, 0.6162124725919238, 0.27445339966413357, -0.03464447996366074]], "inverted": true, "swapped": false, "error_lsq": 0.04739232976012227, "error_max": 0.2545655724490414, "target": "83.xyz", "model": "29.xyz", "model_rescale": 3.607286011436655, "target_rescale": 3.8679212377087113},
{"mapping": [4, 8, 1, 9, 7, 10, 6, 13, 12, 11, 14], "R": [[-0.613325941372641, -0.14851292554034107, 0.775741709969764], [0.5941395197496958, -0.733891096626453, 0.3292447256434392], [0.5204128368045556, 0.6628331383084825, 0.5383518459605795]], "T": [0.036239354907323745, -0.02735008742041273, -0.06930169732713368], "aligned_model": [[-0.013867525049374746, 0.5281689203049437, 0.047969787674181294, 0.5178813464077704, -0.647894159928367, 0.5815416590442279, -0.38122151740630816, -0.1169588275094183, 0.1865025655757574, 0.5093237023530994, 0.14732106497699965], [-0.6647546294082524, -0.33612327298843825, 0.6907476062769878, 0.3250346339531632, -0.161214082639821, -0.4021986817761461, -0.07336099314930557, 0.41389237134843976, -0.0956596460931951, 0.21811262981223206, 0.0744622959853594], [-0.36604104445948227, -0.42681169137886155, -0.21811083047752758, -0.5776355522627868, 0.26734459954825607, 0.21602062376691863, -0.33902819416165675, 0.49437368073673715, 0.6240645044196351, 0.17660543475269858, -0.13756482616890336]], "inverted": false, "swapped": false, "error_lsq": 0.047766658504832395, "error_max": 0.2852700636242664, "target": "83.xyz", "model": "30.xyz", "model_rescale": 3.964800864290218, "target_rescale": 3.8679212377087113},
