[{"mapping": [11, 5, 0, 10, 4, 13, 6, 9, 3, 7, 14, 15], "R": [[0.17559430656045194, -0.15650131111644672, 0.9719434032506148], [-0.1337700516418956, 0.9743332227769808, 0.18105342934268603], [-0.9753318475202574, -0.16180887062165522, 0.15015217814226278]], "T": [0.005692842003856736, -0.052402845484651434, 0.02206064948280834], "aligned_model": [[-0.41568228919629785, 0.245635249073364, 0.46409842843939875, -0.022946114246793325, -0.2586844265863008, -0.5886192290677897, 0.36255065131615266, -0.1335364748814526, 0.6678657167915707, 0.10993032219326172, -0.5839998276978374, -0.008969543676727103], [-0.2556959903164149, -0.6851492257892283, -0.3075239062019781, 0.6264947032552705, 0.35727222774127565, -0.5897776161280898, -0.1946789313868096, -0.6875680906137615, 0.1047819657787337, 0.41231599399810936, 0.3853679237446571, -0.11228401810470708], [-0.6509931866251648, 0.06316632851365626, -0.5453225107290931, -0.06980622593563195, -0.6080861409850178, 0.06299673141271821, 0.5479043457626224, 0.5396238473128617, 0.13317876150990976, 0.47508078066854165, 0.2678585332716453, -0.033649518823485505]], "inverted": false, "swapped": true, "error_lsq": 0.044106425619275656, "error_max": 0.25164574654836147, "target": "830.xyz", "model": "0.xyz", "model_rescale": 3.751011558992144, "target_rescale": 4.274783195297685},
{"mapping": [6, 9, 3, 7, 2, 1, 13, 8, 0, 4, 11, 12, 14, 10, 15], "R": [[-0.7174977523775641, 0.05970606268114289, -0.6939972344413625], [-0.21684309173462094, 0.9276669871940149, 0.30399512239072296], [0.6619486754274193, 0.3686043230206278, -0.6526521310394922]], "T": [-0.010157082009304381, 0.04827289400755271, -0.08428257633829205], "aligned_model": [[0.004892059374691719, 0.38775200145783123, -0.4768356189539533, 0.18411015267507994, -0.2677363655016218, -0.4886364927402183, 0.4798207992580741, 0.6163802805829184, -0.7211205370178734, -0.15359533145545876, -0.06906114797462864, 0.4732799151427678, 0.6239091845209764, -0.021440905028694966, -0.03263178325085628], [0.0040439341710505824, -0.5394343754883139, 0.2897512303585961, 0.5675553741402127, -0.6764760536573109, 0.3974541077236075, -0.5449066883143094, 0.04678388597212573, -0.21305472300011855, 0.35587922922508575, -0.27188310349499284, 0.004736700572150164, 0.44088841555185476, 0.7059114954454647, -0.018492079377996594], [-0.7338354194999647, -0.5166711535745556, -0.5308545996954807, -0.43735797715423086, 0.2751654711376336, 0.06122883420086121, 0.14312433590168855, -0.41480905706021864, 0.06863874336652194, 0.6365626181637072, 0.66799198690647, 0.4366676932787522, 0.12454824671579935, 0.10948465395672614, -0.04021797179173382]], "inverted": false, "swapped": true, "error_lsq": 0.039917763823167966, "error_max": 0.25805382123020126, "target": "830.xyz", "model": "1.xyz", "model_rescale": 3.9405287249114394, "target_rescale": 4.274783195297685},
{"mapping": [4, 11, 12, 5, 2, 14, 1, 0, 9, 8, 6, 7, 15], "R": [[0.6696856297860493, -0.6620264865886079, 0.3365146182756507], [0.7306141282706273, 0.6685480482285767, -0.13873176558060635], [-0.13313208790300762, 0.33876900428596635, 0.9314029251111902]], "T": [-0.0632707189692642, -0.047293522810276, 0.11883612255136641], "aligned_model": [[-0.17196887677849942, 0.17616562807995614, -0.4095702791055972, 0.4741906394614681, 0.5997174865244531, -0.8033029441880855, 0.06490044402591424, 0.6410812065016593, 0.03183803378585359, -0.5277011088084095, -0.03232839691589312, -0.5436754988611373, -0.0033630544377515753], [0.7289581624138484, 0.45854712000048403, 0.17434990673672351, -0.4429934645048426, 0.04352019196027331, 0.042780895378477256, 0.4042842711239364, 0.2444109885366571, -0.8031032027741145, -0.5622569703595359, -0.6047153652692459, -0.194522775194114, -0.03042716447652987], [-0.024104476937894498, -0.4800645787520441, -0.46249572635797653, -0.0002724904207822426, -0.4036679748926555, -0.0910119072040741, 0.5083143454402556, 0.24510144215315188, -0.21342493124619985, -0.02578786926676288, 0.4541345506115344, 0.5426180074939828, 0.0637819589681087]], "inverted": false, "swapped": true, "error_lsq": 0.046743744370630155, "error_max": 0.315177415960316, "target": "830.xyz", "model": "2.xyz", "model_rescale": 3.932901565614263, "target_rescale": 4.274783195297685},
{"mapping": [10, 12, 14, 1, 7, 6, 8, 3, 0, 5, 13, 2, 9, 15], "R": [[-0.06303143513147369, -0.3062862012813671, -0.949850409848781], [0.9886529789102136, 0.11086947993935337, -0.10135702101945687], [0.13635367790136108, -0.9454611157115917, 0.29582250286305917]], "T": [-0.013976699747025392, -0.037194269609426164, -0.03094282383614511], "aligned_model": [[-0.29931943319877446, 0.5844687075141061, 0.29868906808118323, -0.4698368369090035, -0.3353596165382724, -0.2811544522040104, 0.26294894718767275, -0.677007341812521, -0.28449877747194946, 0.06436349450437483, 0.759738952871812, 0.3818306631475021, 0.38650469877012733, 0.028441838110456603], [0.02387532717100701, 0.05996001258662666, -0.33504611149650165, 0.32649018887155, -0.5028161856330304, -0.535021022656123, -0.6848827145817328, -0.11648681197168247, 0.5660569690272892, -0.03739845391865863, -0.08945778156434409, 0.5025654222222954, -0.5344176905875093, 0.0200754908813027], [-0.6514358722377432, -0.40433277247878957, -0.6738438182975599, -0.20974099806836546, -0.36555535112590143, 0.2929184831257148, -0.10584878252118314, 0.1411916475080505, 0.36912196633608496, 0.6424759089155221, 0.1746948647330348, 0.4913665000440658, 0.5011049880388225, 0.011779599085344265]], "inverted": false, "swapped": true, "error_lsq": 0.04880851170600081, "error_max": 0.3436268448293567, "target": "830.xyz", "model": "3.xyz", "model_rescale": 3.9243930471874484, "target_rescale": 4.274783195297685},
{"mapping": [12, 13, 14, 10, 7, 11, 4, 8, 6, 5, 3, 0, 15], "R": [[-0.7450728836461052, 0.6042100207628344, 0.2824830063296775], [-0.46144634429224096, -0.772763531248554, 0.4357795269532424], [0.48159492251746594, 0.1943367581854763, 0.8545756578696563]], "T": [0.012082397394507997, -0.006665300693492193, -0.028363749564089616], "aligned_model": [[-0.07894042622629494, -0.3870528135084347, 0.47184129414896714, 0.45105500695206296, 0.6650054902301278, -0.6108232202309539, -0.12099965087483577, 0.3959327725686701, 0.2774339148723548, -0.4164496559680842, 0.23547841634593053, -0.534953125804335, -0.0703221161938225], [-0.44971121654239016, 0.07314909472253922, -0.3905721699080402, -0.4944729199325523, 0.0472726703217021, -0.5085963505855582, -0.7836716607656009, 0.27221779686723785, 0.5826635715819677, 0.5183010422005088, 0.2751587375481585, -0.0014292190376177238, -0.01247982278876752], [-0.5782919956090038, -0.7197211032178763, -0.5193164594981617, 0.1704033728930684, 0.024913088092741523, -0.20708247525920126, 0.08724017832199858, -0.5543695914527109, 0.05152133088755233, -0.008347870448273273, 0.5600210276037288, 0.5174116690802026, -0.03731085602310114]], "inverted": false, "swapped": true, "error_lsq": 0.04226176647482389, "error_max": 0.340195537063686, "target": "830.xyz", "model": "4.xyz", "model_rescale": 3.8936222436046832, "target_rescale": 4.274783195297685},
{"mapping": [14, 4, 7, 8, 3, 0, 2, 5, 9, 13, 6, 15], "R": [[0.702183897907658, 0.5197262802979734, 0.48664398392134695], [0.329870753524843, 0.3682376224039856, -0.8692446947869237], [-0.6309699354867552, 0.7708992456955008, 0.08712802934732267]], "T": [-0.19729179114537232, -0.06870411413113833, -0.1021911204893598], "aligned_model": [[0.05828718541290223, -0.7047303334105808, -0.1683393353577145, 0.42321077586968936, -0.5396343707487721, -0.7004794070217182, -0.18154521273199575, 0.02448435877496824, 0.5525114793043744, 0.4062278091581315, 0.05609013791344242, -0.19853504494762983], [-0.5097807261060845, -0.6789530304750208, 0.17811246640332262, -0.007592440854308852, 0.522694872187324, 0.06816612989506682, -0.2955951375540286, 0.25449981833327784, 0.17851426130348685, -0.46516736942516457, 0.5242078964966497, -0.10018383509471304], [-0.6852246528669841, -0.17230794608522412, -0.7107136115964015, -0.438406774563341, -0.19479788584148774, 0.4680849944916003, 0.7157841432065435, 0.4509676042122291, 0.15736520387718644, 0.2474304234699518, -0.19359417997739992, -0.0253025990511547]], "inverted": true, "swapped": true, "error_lsq": 0.03655740132720633, "error_max": 0.19759517202195986, "target": "830.xyz", "model": "5.xyz", "model_rescale": 3.6523030999806103, "target_rescale": 4.274783195297685},
{"mapping": [14, 10, 4, 12, 11, 8, 1, 13, 6, 5, 0, 2, 15], "R": [[-0.5119182037201994, 0.039978343280590856, 0.8581034231189288], [-0.831559866206594, -0.27367411263168717, -0.48333287596617114], [0.21551784523411527, -0.960991265383717, 0.17334314593270228]], "T": [-0.10977630466891267, -0.0464344802878741, 0.031083121651931445], "aligned_model": [[0.05749882475971718, -0.2099437968834693, 0.36938425876987646, 0.4778133667241997, 0.6729884116354818, -0.2599154856635433, -0.23197475522850178, 0.44452580768215644, -0.6626055876022551, -0.14609736955033492, -0.02825733524530974, 0.44625415445580396, -0.04858758918952689], [-0.47036030693216396, 0.17398444539789998, 0.3948582067010421, -0.3237571806697711, 0.18958774027170278, -0.7315213291205673, 0.5175910500708287, -0.5495335588693976, -0.28813886743473854, -0.09484045442885625, 0.598361566783474, 0.1503699344424269, -0.02577434204869648], [0.6572645772582062, 0.672599734844703, 0.4898640085270146, 0.32233286275628814, -0.027734227321150842, 0.13064854845321644, 0.22853280356388894, -0.25752514247592534, -0.21398900399558385, -0.644170652318109, -0.38693458502347805, -0.5795797756393797, -0.0211994091479019]], "inverted": true, "swapped": true, "error_lsq": 0.05045849608345081, "error_max": 0.3051173198718931, "target": "830.xyz", "model": "6.xyz", "model_rescale": 4.08911054899281, "target_rescale": 4.274783195297685},
{"mapping": [9, 13, 2, 6, 3, 1, 5, 0, 7, 8, 10, 12, 4, 11, 15], "R": [[-0.746468423381257, 0.4445046176974955, 0.49517727910345843], [-0.6629103168724976, -0.5613442807122915, -0.49542154807356276], [0.05774776773786011, -0.6980746688981087, 0.7136924771665248]], "T": [-0.08338438327719114, -0.026313309484625822, -0.02546575960149181], "aligned_model": [[-0.026924415729216, 0.38807399471497794, 0.7330363203680961, -0.4790715112862721, -0.44825232171935714, -0.13683133317959575, 0.2132010922791681, 0.3612696522382767, -0.7328967174250709, -0.43517396323996416, -0.4309245164076978, 0.18296650048418003, 0.19605645160248572, 0.6530962662147691, -0.0012919591152258103], [-0.7885176284139287, -0.651055018621895, -0.09036558127272734, -0.2708846447868438, 0.32390298289143427, 0.5808826456861916, -0.27789555714995856, 0.44388682717955774, -0.018850814116139595, -0.6260790262984429, 0.3919927869501305, -0.2612880527061258, 0.48110586337281436, 0.09359271839333774, -0.029668684938291216], [-0.35188298236760535, 0.15082672303621855, -0.249442464636001, -0.4812268069502554, -0.4942377210799156, -0.04782940583913026, -0.5807795859160434, -0.4477698064323075, 0.07520365113795924, 0.10990120347219975, 0.3921434594640056, 0.5916565868873185, 0.521574080012758, 0.31380606008240713, -0.0378729587895275]], "inverted": true, "swapped": true, "error_lsq": 0.04279268846987103, "error_max": 0.26474565380757353, "target": "830.xyz", "model": "7.xyz", "model_rescale": 3.964800864290218, "target_rescale": 4.274783195297685},
{"mapping": [7, 14, 10, 6, 1, 9, 3, 12, 13, 2, 5, 0, 11, 15], "R": [[0.42197011379946253, 0.5173304314699931, -0.7445202802712224], [0.7263337758209734, 0.29855660460710226, 0.6191148519839648], [0.5425684004452497, -0.8020181908912972, -0.24977260121505332]], "T": [-0.00038008214474753027, 0.0053803979442288204, -0.013521224626774825], "aligned_model": [[-0.20616879903240037, 0.41811339095765554, 0.2886735488751435, -0.624788464992709, 0.07817135655334709, -0.4115499235436053, -0.5023835506241509, 0.6089084311011511, 0.24081878967048662, 0.162698641876004, -0.39853909520159797, -0.07061247611719365, 0.6524270698279405, 0.025418970110801284], [-0.08204722507497683, -0.4263910009587263, 0.25443421631425417, -0.14359040892087954, 0.5864031454367565, -0.6274411434873374, 0.4316680227425916, -0.36174974224926715, -0.5917877746719841, 0.08985167687693846, -0.05163846861971024, 0.6168560397418946, 0.10234342676168598, 0.01403770228996261], [-0.6316342450695778, -0.5016133909505912, -0.5832420231315121, -0.12317268943768729, -0.1817052770140555, 0.3345701617540978, -0.2179682700821153, 0.01776585827391633, 0.46487978143257846, 0.8153822414458637, 0.532233543125921, 0.45371644306914527, 0.4726141100332838, 0.06498879527575405]], "inverted": false, "swapped": true, "error_lsq": 0.03771892125228814, "error_max": 0.24588216512197775, "target": "830.xyz", "model": "8.xyz", "model_rescale": 4.121658175737393, "target_rescale": 4.274783195297685},
{"mapping": [3, 1, 10, 7, 0, 5, 11, 13, 12, 2, 6, 8, 15], "R": [[0.3101830541870913, -0.4917220056525807, 0.8136313305497596], [0.9248196065087154, -0.04217562153870507, -0.3780607257635853], [0.22021618540024013, 0.8697302375477283, 0.4416719886781816]], "T": [-0.010931623765106292, 0.042531498017205537, -0.08810385155124231], "aligned_model": [[-0.5517291059249019, -0.23147822541610988, 0.2596412369427867, 0.11207333371219536, -0.586108303886321, -0.4642629858107068, 0.23394269989662247, 0.34069100919714823, 0.6359028951841094, -0.23912910480139785, -0.3401402354013229, 0.3327120112780822, -0.02537772853498676], [0.31638925789125233, -0.14953475616303555, 0.10775186156636588, 0.6028684102167697, -0.46612111342438695, -0.018310596770724795, -0.7292262939087827, -0.16179226460116236, -0.21710076136290737, -0.6215963472110464, 0.5807428305427484, 0.5736964211831234, -0.027379208546503796], [-0.4168396519493638, -0.623373304825085, -0.7147602370817905, -0.40895991985702473, -0.17522672631601163, 0.41231490612590316, 0.039618685386951846, 0.6034650667551654, 0.05747124505955528, 0.38904511690742305, 0.07330192644217717, 0.230599638890608, -0.04558131157941976]], "inverted": true, "swapped": true, "error_lsq": 0.03722448979344183, "error_max": 0.16885044629593826, "target": "830.xyz", "model": "9.xyz", "model_rescale": 3.833441315466971, "target_rescale": 4.274783195297685},
{"mapping": [10, 7, 0, 5, 6, 3, 8, 13, 11, 2, 4, 12, 14, 1, 15], "R": [[0.04175302592213251, -0.5768462862320596, 0.8157849268567214], [-0.08118502873993774, 0.8118382482530028, 0.5782107312926589], [-0.9958241189762584, -0.09037157038458853, -0.012934578902389804]], "T": [-0.12040912699348182, -0.01134707475147651, 0.010385464881904463], "aligned_model": [[0.20626677088476103, -0.09741335832668242, -0.5364004594328402, -0.6069832139740576, -0.5900175672926259, -0.663529540688225, 0.03708973134548936, 0.17600368212308348, 0.28731676309019716, -0.23960973018245096, 0.3973967077427265, 0.5452649087823778, 0.5455053399914042, -0.2143024926915288, -0.12274252307709657], [-0.6115703782331804, -0.49217987076722863, 0.04674473318277788, 0.4599054392977052, -0.05070430817449135, -0.4362537699270225, 0.13102747128250525, 0.7244054706191307, 0.3735256245630439, 0.6461497809856993, -0.2496915038328701, 0.24095280632207566, -0.16865045921090277, -0.46359550339896616, 0.051036006586702265], [0.06674536199237377, -0.43719392271886176, 0.6590168247275013, 0.03861210529101412, -0.439081435546946, 0.009069242998811676, -0.6654271101645416, -0.10987210586367914, 0.6083145360157813, 0.534122158417035, 0.5670568526375233, 0.025176065697257763, -0.35239664419246464, 0.4087559353820194, 0.06522404314926859]], "inverted": true, "swapped": true, "error_lsq": 0.03905850397399353, "error_max": 0.2447169391188686, "target": "830.xyz", "model": "10.xyz", "model_rescale": 4.2482417240324, "target_rescale": 4.274783195297685},
{"mapping": [13, 8, 6, 7, 2, 0, 5, 1, 14, 4, 12, 15], "R": [[0.18077215291614385, -0.5432012045893486, -0.8199108976362877], [-0.9768779678108809, -0.0024087471822574202, -0.21378408252883452], [0.1141528130873081, 0.8395991003268717, -0.5310767232656328]], "T": [0.09122485124694497, 0.058799588341931795, -0.008257028059725027], "aligned_model": [[-0.6815161406981257, -0.014638892135014306, 0.3453121454063426, 0.5841302037796434, -0.5416197881547467, 0.10392584668850953, -0.18100004967775352, 0.496442471706198, 0.04940356549173576, 0.06565956085624992, -0.3767712580432106, 0.02743793714317834], [-0.15595441440322805, -0.640905323380173, -0.2775589815434547, -0.36061333024923464, 0.5649215285348457, 0.777973701485366, 0.16857205298620426, 0.48851750051148657, -0.43029214561293194, 0.5023081662438968, -0.0807604697541211, 0.10992310523198355], [0.011900412799921465, 0.023443802788851362, 0.48813408086089205, -0.12311959145370294, 0.24503976879309977, 0.2741847668078891, 0.602867858252312, -0.1605226943561464, -0.6072875336280211, -0.6696650266214142, -0.5264254810186363, 0.006641926629311661]], "inverted": true, "swapped": true, "error_lsq": 0.038613570299555554, "error_max": 0.19172553928749342, "target": "830.xyz", "model": "11.xyz", "model_rescale": 3.6694154284099745, "target_rescale": 4.274783195297685},
{"mapping": [13, 12, 10, 4, 11, 9, 5, 6, 1, 3, 7, 0, 8, 15], "R": [[0.9989667990367502, 0.02871997775979327, 0.035220694197392106], [-0.032461153597524724, 0.9933220312764331, 0.11071411693175705], [-0.031805784527144394, -0.11174303136365078, 0.9932280136062793]], "T": [0.030944766781676077, 0.07678359152591589, 0.0008244050256474254], "aligned_model": [[-0.07749115669123685, 0.01928117634970758, 0.04712302059313252, 0.5496013504610315, 0.6200216776886797, -0.4385063746882095, 0.10295933900173554, -0.39372652119530194, 0.41659257343292155, 0.04299211276405967, -0.4349024140378771, 0.7027646476212378, -0.6465699177077322, 0.08812533666366182], [-0.42918585435665607, 0.1795859426404532, 0.7622587935271934, 0.5682821585823122, -0.026681972485121636, -0.6041777100355471, -0.568506926899207, -0.1426218418494692, 0.4496339519867652, 0.18479176949473453, 0.48136308460855254, -0.13709918848619124, -0.011072980877454355, 0.024418062285889663], [-0.6122749466973747, -0.7036552263561883, 0.005682989620789319, -0.35165040271858317, -0.55968415006458, -0.08040789517989198, 0.19587328496613418, 0.44311065461674726, 0.2911724978935223, 0.6817915927547155, 0.2274477251086676, 0.31714432522022057, -0.186403032371009, -0.02905195714075399]], "inverted": false, "swapped": true, "error_lsq": 0.04086464324049609, "error_max": 0.25753399285159795, "target": "830.xyz", "model": "12.xyz", "model_rescale": 3.9764082729961374, "target_rescale": 4.274783195297685},
{"mapping": [12, 13, 9, 11, 6, 1, 8, 3, 7, 2, 14, 5, 4, 0, 4, 15], "R": [[0.8501418729159157, -0.5054775800812313, 0.1474829208764234], [0.38462709330354966, 0.7874286831054694, 0.48168253873235733], [-0.35961200621208617, -0.3527725684602032, 0.8638464677997532]], "T": [0.10419930508225597, -0.05892359741734031, -0.009412610876528026], "aligned_model": [[0.6384693894632547, 0.5066100332817358, 0.38275588751775846, -0.0957835923149393, 0.3912100857366383, 0.14224441196655638, -0.40599143069463484, -0.609010035914234, -0.550212923554979, -0.39615838159925254, 0.014187741504247467, 0.5855872518478091, -0.08489551031337841, -0.10300631966494786, -0.08489551031337841, 0.034832250008106455], [-0.31665094013612954, 0.2599237322669028, -0.4728269720690519, 0.19067409918951822, 0.6241460982238599, -0.6532297309152493, -0.2658085226053443, 0.3123222897366205, -0.10434349781497794, -0.676648879704227, 0.6595233836051799, -0.014220727917277173, 0.24097735554192246, -0.4120275704142823, 0.24097735554192246, 0.015724190530661014], [0.22584390592778988, 0.3235776778258466, -0.34495598117521264, 0.7173972193724747, -0.19569038299126978, 0.21121233737258402, 0.4339347444848608, 0.23948972840583505, -0.3845330803005601, -0.07511782306273798, 0.32902481828422253, -0.6943149426012956, -0.6340455358683548, -0.6089885834014092, -0.6340455358683548, -0.044119875215280574]], "inverted": false, "swapped": false, "error_lsq": 0.04586653268789106, "error_max": 0.43414906989089636, "target": "830.xyz", "model": "13.xyz", "model_rescale": 4.170626492500431, "target_rescale": 4.274783195297685},
{"mapping": [5, 9, 2, 13, 0, 4, 11, 6, 3, 8, 7, 12, 1, 15], "R": [[-0.18024427672851717, -0.02777922476671274, 0.9832295334142351], [0.7642503256759815, 0.6253243162935976, 0.15776862538572517], [-0.6192200258476548, 0.7798703828991749, -0.09148084753610752]], "T": [0.04907540443889995, 0.06014031389578836, 0.18628113186197137], "aligned_model": [[0.17453351954213825, -0.021647350181287398, -0.3115500403295202, -0.5832988367327483, 0.24390986227477707, -0.3312804010650842, -0.5984058730065241, 0.5278923373721556, 0.7277534181408358, -0.04400345890365491, 0.37575553148685925, -0.6344633985937588, 0.3112757953512331, 0.00671191673622238], [-0.26707598061406623, -0.7323641475924202, 0.11257794505334855, -0.3740930497129302, 0.47733950753413734, 0.747960656568167, 0.42518090898026806, -0.381088325708412, 0.17848951803051227, -0.5386798656628194, -0.04396896243629139, 0.07002020677210298, 0.6106460841460416, 0.0711299725680275], [-0.3940806305840252, -0.05377370676570761, -0.5805373647095191, -0.04866237151909841, -0.4343076648917267, 0.3168438399076869, -0.1592618170274614, 0.19865877030569795, 0.15600184165775208, 0.5530913771927485, 0.7470820274385742, 0.3854619698804943, 0.20170802491627018, 0.11564880531918044]], "inverted": false, "swapped": true, "error_lsq": 0.040234235673001904, "error_max": 0.2742765777872017, "target": "830.xyz", "model": "14.xyz", "model_rescale": 3.9786697098870705, "target_rescale": 4.274783195297685},
{"mapping": [13, 11, 8, 9, 14, 7, 0, 1, 6, 5, 4, 15], "R": [[0.897044795019514, 0.21289271444474822, -0.38728197461893954], [0.19322134536969188, -0.9770601102276515, -0.08954916356647721], [-0.3974621333182877, 0.005498466902357127, -0.9176021030053272]], "T": [0.04295002932596836, 0.06272758053740758, 0.0499440033014277], "aligned_model": [[-0.058036966642331635, -0.7109990672209109, 0.5754232203320743, 0.5195802609631647, 0.1244533966419906, 0.4994994190783708, -0.38596710346292806, -0.22486029307154387, 0.6441810786676085, 0.1541923481959846, -0.6404998152981374, -0.0136118814160048], [-0.4103384889152805, -0.1267823454998236, 0.08830220282651381, -0.5320868757212653, 0.5675103829400198, 0.5341187252771789, -0.26147749463230535, 0.36413543469915655, -0.09128236832771346, -0.5883956279572098, 0.46874477212229493, 0.0022261734128731017], [-0.5901062801351263, -0.209927730403302, -0.4165506674954792, -0.2812821127635873, -0.5317335828932935, 0.08748510988629823, 0.604982065260465, 0.5076279267351266, 0.24718429979821255, 0.20256684300616196, -0.0035380808723378954, 0.04325870375069195]], "inverted": true, "swapped": true, "error_lsq": 0.045876271199469486, "error_max": 0.22698198859344096, "target": "830.xyz", "model": "15.xyz", "model_rescale": 3.769337070930944, "target_rescale": 4.274783195297685},
{"mapping": [5, 6, 11, 0, 13, 8, 12, 7, 4, 1, 15], "R": [[0.5391351799361964, -0.377726657472057, 0.7527654548331457], [-0.8261401595586011, -0.06336632063797829, 0.5598902983382498], [-0.16378551376618922, -0.9237463297051808, -0.34621817375255326]], "T": [-0.03228336498889387, -0.04374112079764272, 0.025957490334903556], "aligned_model": [[-0.4225460051845469, -0.20655555072508036, 0.04233746266554852, -0.7152315763812704, 0.345047340802112, 0.4607206056867675, 0.5503558281151955, 0.17595286659852896, 0.10467395141393415, -0.3550398468403108, -0.057088945459707406], [-0.08388160437907523, -0.6416488797983287, 0.7649424574830765, 0.31775227569183234, 0.2431893549414654, -0.47812310018275195, 0.359442570348788, -0.563907583657563, 0.5700723819577593, 0.08683584506351752, 0.021390780156622026], [-0.526956454680781, -0.16440293257263344, -0.08516934048669633, 0.03305344970262631, -0.6213034194292507, -0.23872801967816124, -0.04454354242975591, 0.36964457777935233, 0.5151299145634606, 0.5267783630150498, -0.019284988559433384]], "inverted": true, "swapped": true, "error_lsq": 0.04081140965226904, "error_max": 0.2255278417159895, "target": "830.xyz", "model": "16.xyz", "model_rescale": 3.7852294659196426, "target_rescale": 4.274783195297685},
{"mapping": [5, 3, 7, 6, 0, 1, 4, 10, 8, 13, 11, 14, 15], "R": [[0.8094045462907491, 0.08764939241909919, 0.5806736298924116], [-0.5479570112694647, -0.24289785891597435, 0.8004647049899648], [0.21120462647513755, -0.966083958122998, -0.14857453218132446]], "T": [0.007338179896984789, 0.045269464784139506, -0.03987161187808967], "aligned_model": [[-0.07739367384926565, -0.38473088342827716, 0.2214539268690839, 0.14854431759628914, -0.6957463378535644, -0.5171153283567224, -0.29465952748626584, -0.09448242652627288, 0.6830340001421057, 0.49260409072197214, -0.16621079045779938, 0.5559590822771738, -0.017490599432174188], [-0.16763175423912058, -0.5055747317569597, -0.3355594640173147, -0.5791216498715098, 0.10433140063337404, 0.05469162130764831, 0.6804022629291903, 0.14214982039606244, -0.16587112444582947, 0.43474235630884456, 0.8118834427585734, 0.307234746266024, 0.09337869743389153], [-0.6779339922505532, 0.09570027509425279, 0.4512292588119313, -0.15944642619593594, -0.35503813361241005, 0.27142146184752175, 0.33458492333322465, 0.6312530822760264, -0.014301152158623015, -0.546312237527248, -0.27240189784575203, 0.4399060319698357, -0.10290649659909668]], "inverted": true, "swapped": true, "error_lsq": 0.03334958655282248, "error_max": 0.20521866598701813, "target": "830.xyz", "model": "17.xyz", "model_rescale": 3.901054581598922, "target_rescale": 4.274783195297685},
{"mapping": [6, 9, 3, 7, 2, 1, 13, 8, 0, 4, 11, 12, 14, 10, 15], "R": [[-0.7174977523775641, 0.05970606268114289, -0.6939972344413625], [-0.21684309173462094, 0.9276669871940149, 0.30399512239072296], [0.6619486754274193, 0.3686043230206278, -0.6526521310394922]], "T": [-0.010157082009304381, 0.04827289400755271, -0.08428257633829205], "aligned_model": [[0.004892059374691719, 0.38775200145783123, -0.4768356189539533, 0.18411015267507994, -0.2677363655016218, -0.4886364927402183, 0.4798207992580741, 0.6163802805829184, -0.7211205370178734, -0.15359533145545876, -0.06906114797462864, 0.4732799151427678, 0.6239091845209764, -0.021440905028694966, -0.03263178325085628], [0.0040439341710505824, -0.5394343754883139, 0.2897512303585961, 0.5675553741402127, -0.6764760536573109, 0.3974541077236075, -0.5449066883143094, 0.04678388597212573, -0.21305472300011855, 0.35587922922508575, -0.27188310349499284, 0.004736700572150164, 0.44088841555185476, 0.7059114954454647, -0.018492079377996594], [-0.7338354194999647, -0.5166711535745556, -0.5308545996954807, -0.43735797715423086, 0.2751654711376336, 0.06122883420086121, 0.14312433590168855, -0.41480905706021864, 0.06863874336652194, 0.6365626181637072, 0.66799198690647, 0.4366676932787522, 0.12454824671579935, 0.10948465395672614, -0.04021797179173382]], "inverted": false, "swapped": true, "error_lsq": 0.039917763823167966, "error_max": 0.25805382123020126, "target": "830.xyz", "model": "18.xyz", "model_rescale": 3.9405287249114394, "target_rescale": 4.274783195297685},
{"mapping": [12, 4, 3, 0, 13, 1, 6, 8, 5, 2, 7, 14, 11, 10, 9, 15], "R": [[-0.4045508159171083, -0.3248989341654597, 0.8548563153647226], [-0.4647136760838838, 0.8781153421261265, 0.11381847470124884], [-0.7876419469539475, -0.3512180640298332, -0.5062272561782217]], "T": [0.11837217719175352, 0.02158879852099452, -0.03796023926885506], "aligned_model": [[0.6409763967005075, 0.37886749760562194, 0.5571769453672499, -0.029014106044592425, 0.4224756194719812, 0.11392600440794404, -0.4639345515170601, -0.5020381853114368, -0.6914063625709505, -0.4473274044200627, -0.03942973707430325, 0.6172433534924148, -0.050042017179826176, 0.0655473087568178, -0.3052508511469183, 0.09817343641897609], [-0.06697525033421017, 0.3804726629567126, -0.6999326596661821, -0.04561851528329647, 0.4716707266527758, -0.5414669189114809, -0.31837893552413693, 0.21331001319379056, 0.00874390738245569, -0.5959456977690386, 0.6869831627748596, -0.10495123894218766, 0.1452311083686761, -0.47608666114854564, 0.5777938920748977, -0.006337932765041916], [0.100532725214586, 0.5434256811886663, -0.14880136735705285, 0.6301974654992171, -0.43327935053779076, 0.3062314436545059, 0.28394699752596875, 0.3501197956195741, -0.22599313019565387, -0.2702540451894554, 0.1292953878846296, -0.6166260585906779, -0.7275705932003471, -0.6441225170988678, -0.3544871271036827, -0.05794661612448079]], "inverted": false, "swapped": false, "error_lsq": 0.039350069905256004, "error_max": 0.26918317676014436, "target": "830.xyz", "model": "19.xyz", "model_rescale": 4.410303926677745, "target_rescale": 4.274783195297685},
{"mapping": [7, 14, 10, 6, 1, 9, 3, 12, 13, 2, 5, 0, 11, 15], "R": [[0.42197011379946253, 0.5173304314699931, -0.7445202802712224], [0.7263337758209734, 0.29855660460710226, 0.6191148519839648], [0.5425684004452497, -0.8020181908912972, -0.24977260121505332]], "T": [-0.00038008214474753027, 0.0053803979442288204, -0.013521224626774825], "aligned_model": [[-0.20616879903240037, 0.41811339095765554, 0.2886735488751435, -0.624788464992709, 0.07817135655334709, -0.4115499235436053, -0.5023835506241509, 0.6089084311011511, 0.24081878967048662, 0.162698641876004, -0.39853909520159797, -0.07061247611719365, 0.6524270698279405, 0.025418970110801284], [-0.08204722507497683, -0.4263910009587263, 0.25443421631425417, -0.14359040892087954, 0.5864031454367565, -0.6274411434873374, 0.4316680227425916, -0.36174974224926715, -0.5917877746719841, 0.08985167687693846, -0.05163846861971024, 0.6168560397418946, 0.10234342676168598, 0.01403770228996261], [-0.6316342450695778, -0.5016133909505912, -0.5832420231315121, -0.12317268943768729, -0.1817052770140555, 0.3345701617540978, -0.2179682700821153, 0.01776585827391633, 0.46487978143257846, 0.8153822414458637, 0.532233543125921, 0.45371644306914527, 0.4726141100332838, 0.06498879527575405]], "inverted": false, "swapped": true, "error_lsq": 0.03771892125228814, "error_max": 0.24588216512197775, "target": "830.xyz", "model": "20.xyz", "model_rescale": 4.121658175737393, "target_rescale": 4.274783195297685},
{"mapping": [14, 10, 4, 12, 11, 8, 1, 13, 6, 5, 0, 2, 15], "R": [[-0.5119182037201994, 0.039978343280590856, 0.8581034231189288], [-0.831559866206594, -0.27367411263168717, -0.48333287596617114], [0.21551784523411527, -0.960991265383717, 0.17334314593270228]], "T": [-0.10977630466891267, -0.0464344802878741, 0.031083121651931445], "aligned_model": [[0.05749882475971718, -0.2099437968834693, 0.36938425876987646, 0.4778133667241997, 0.6729884116354818, -0.2599154856635433, -0.23197475522850178, 0.44452580768215644, -0.6626055876022551, -0.14609736955033492, -0.02825733524530974, 0.44625415445580396, -0.04858758918952689], [-0.47036030693216396, 0.17398444539789998, 0.3948582067010421, -0.3237571806697711, 0.18958774027170278, -0.7315213291205673, 0.5175910500708287, -0.5495335588693976, -0.28813886743473854, -0.09484045442885625, 0.598361566783474, 0.1503699344424269, -0.02577434204869648], [0.6572645772582062, 0.672599734844703, 0.4898640085270146, 0.32233286275628814, -0.027734227321150842, 0.13064854845321644, 0.22853280356388894, -0.25752514247592534, -0.21398900399558385, -0.644170652318109, -0.38693458502347805, -0.5795797756393797, -0.0211994091479019]], "inverted": true, "swapped": true, "error_lsq": 0.05045849608345081, "error_max": 0.3051173198718931, "target": "830.xyz", "model": "21.xyz", "model_rescale": 4.08911054899281, "target_rescale": 4.274783195297685},
{"mapping": [1, 8, 2, 6, 11, 4, 7, 10, 12, 13, 5, 15, 14, 3, 9, 16], "R": [[-0.8422644321198416, -0.3240638829770425, 0.4307821098138626], [-0.3192007105446787, 0.9437877478032775, 0.08588127551561915], [-0.4343978968337822, -0.06517121179063011, -0.8983602731533312]], "T": [0.055906152928144874, -0.030878963936438797, -0.03378860818763719], "aligned_model": [[0.8062298104378294, 0.4212155071691672, 0.5537824693574533, -0.05418331995680687, 0.6063206906531788, 0.13593355475615648, -0.51046062255624, -0.5729583313463513, -0.617784135045326, -0.3862250054217644, -0.05524365023832143, 0.5416461333007542, -0.1123074615336197, -0.15092530883260305, -0.2819766716214864, 0.04287968783434219], [-0.1281219735163398, 0.3353102831653008, -0.4758542687407046, 0.057837830353829445, 0.49860133763705045, -0.7234317582379886, -0.21449268945898733, 0.4036719725894431, -0.05262465771763755, -0.5166922491311936, 0.6573511209193912, 0.07647401140764146, -0.0656342214895769, -0.6394305946801189, 0.48863603335282096, -0.07308851339288233], [0.20612093171266016, 0.427965145528715, -0.30832454577393315, 0.6980404476185262, -0.08465585860508773, -0.04986430193727859, 0.355198362592342, 0.22472706483353133, -0.33485010809468496, -0.10614506451798422, 0.07444320554363515, -0.5667417281208672, -0.6521079738306579, -0.6178814796041592, -0.385195745321222, -0.016059660834396652]], "inverted": false, "swapped": false, "error_lsq": 0.03880832751165157, "error_max": 0.27614985687445887, "target": "830.xyz", "model": "22.xyz", "model_rescale": 4.204369325754507, "target_rescale": 4.274783195297685},
{"mapping": [12, 4, 3, 0, 13, 1, 6, 8, 5, 2, 7, 14, 11, 10, 9, 15], "R": [[-0.4045508159171083, -0.3248989341654597, 0.8548563153647226], [-0.4647136760838838, 0.8781153421261265, 0.11381847470124884], [-0.7876419469539475, -0.3512180640298332, -0.5062272561782217]], "T": [0.11837217719175352, 0.02158879852099452, -0.03796023926885506], "aligned_model": [[0.6409763967005075, 0.37886749760562194, 0.5571769453672499, -0.029014106044592425, 0.4224756194719812, 0.11392600440794404, -0.4639345515170601, -0.5020381853114368, -0.6914063625709505, -0.4473274044200627, -0.03942973707430325, 0.6172433534924148, -0.050042017179826176, 0.0655473087568178, -0.3052508511469183, 0.09817343641897609], [-0.06697525033421017, 0.3804726629567126, -0.6999326596661821, -0.04561851528329647, 0.4716707266527758, -0.5414669189114809, -0.31837893552413693, 0.21331001319379056, 0.00874390738245569, -0.5959456977690386, 0.6869831627748596, -0.10495123894218766, 0.1452311083686761, -0.47608666114854564, 0.5777938920748977, -0.006337932765041916], [0.100532725214586, 0.5434256811886663, -0.14880136735705285, 0.6301974654992171, -0.43327935053779076, 0.3062314436545059, 0.28394699752596875, 0.3501197956195741, -0.22599313019565387, -0.2702540451894554, 0.1292953878846296, -0.6166260585906779, -0.7275705932003471, -0.6441225170988678, -0.3544871271036827, -0.05794661612448079]], "inverted": false, "swapped": false, "error_lsq": 0.039350069905256004, "error_max": 0.26918317676014436, "target": "830.xyz", "model": "23.xyz", "model_rescale": 4.410303926677745, "target_rescale": 4.274783195297685},
{"mapping": [1, 7, 3, 11, 12, 10, 9, 14, 15, 8, 13, 0, 5, 4, 6, 16], "R": [[0.041354433085473555, -0.004471543722536206, -0.9991345335643828], [-0.24187376486432677, 0.970201559168655, -0.014353273392070855], [0.9694260635729451, 0.24225800272323017, 0.03904058634313697]], "T": [0.009586765643187833, -0.005827622328654528, -0.032573366345038574], "aligned_model": [[0.7047750229774246, 0.5018892468175438, 0.6252704717272488, -0.02590711743935787, 0.3072149351693482, -0.011896717571568047, -0.4852900264485109, -0.4876425650001747, -0.6738197803785937, -0.41588035967506065, -0.013989470870837392, 0.6646423764328343, -0.10123499335404879, 0.01878519443125727, -0.3466357235360082, 0.1056628536748665], [-0.2937201498418848, 0.3327463975718561, -0.6069844146095073, -0.04255495203352226, 0.5690769961351437, -0.6154308447509235, -0.28656329528085456, 0.3254630521048687, 0.037031761220969336, -0.6826891345828675, 0.6857257005300772, 0.11986130038493897, 0.07404632350515841, -0.5104575188121779, 0.5982056958613858, -0.07524525434261274], [0.37993909290554984, 0.25886581557853083, -0.2948615090264276, 0.5983884186524645, -0.5091003720406229, 0.19481686527664302, 0.2295419254818389, 0.2854824020289535, -0.23365234816828634, -0.22373530229678548, 0.09146205820786346, -0.38681940029075135, -0.6465283516148287, -0.5007062849418936, -0.32608210297668405, -0.052342215586425295]], "inverted": false, "swapped": false, "error_lsq": 0.03832576812192721, "error_max": 0.31127491378929495, "target": "830.xyz", "model": "24.xyz", "model_rescale": 4.28219845311461, "target_rescale": 4.274783195297685},
{"mapping": [3, 1, 7, 5, 0, 9, 11, 10, 14, 12, 8, 4, 2, 13, 6, 15], "R": [[-0.3106615244920356, 0.5127035425626139, 0.8003902139856726], [0.7539861567858621, -0.3798190921593523, 0.5359499347947819], [0.5787869146547543, 0.7699821651668249, -0.26857619542587663]], "T": [0.04577767439951001, -0.08310255501815784, -0.08773772016149546], "aligned_model": [[0.7481164058995657, 0.4373313130785361, 0.5162735210027817, 0.035324596952752155, 0.3581433956946883, 0.14213273263057752, -0.3902705975459105, -0.6163972677712928, -0.6512196615454167, -0.4823360147488455, -0.11707318103203006, 0.6787268357332888, -0.07531256409449559, -0.0135953928092796, -0.2808545685553474, 0.07695379406679038], [-0.1582549701750235, 0.29656411328625315, -0.6806277004409254, 0.042062702180843334, 0.5717492090909091, -0.6255850146380993, -0.23987644536192393, 0.28302070571026644, 0.0006665169232681206, -0.6326041847420458, 0.4505338690101672, -0.009003773227184389, 0.11645009120783721, -0.49245260510211175, 0.7332291163733806, -0.027359967035563412], [0.2302524771572383, 0.24754778185509085, -0.2524901546406138, 0.7545835205040488, -0.46076720323058507, 0.30380048696120143, 0.1982009499908432, 0.15139179023519017, -0.3832408185655159, -0.1474352117162444, 0.325369799455736, -0.44625313507370207, -0.7313959523884959, -0.5141457786260247, -0.2855030232517949, -0.125246837477233]], "inverted": true, "swapped": false, "error_lsq": 0.047420214164469135, "error_max": 0.353398810888938, "target": "830.xyz", "model": "25.xyz", "model_rescale": 4.100010024507729, "target_rescale": 4.274783195297685},
{"mapping": [13, 8, 6, 7, 2, 0, 5, 1, 14, 4, 12, 15], "R": [[0.18077215291614385, -0.5432012045893486, -0.8199108976362877], [-0.9768779678108809, -0.0024087471822574202, -0.21378408252883452], [0.1141528130873081, 0.8395991003268717, -0.5310767232656328]], "T": [0.09122485124694497, 0.058799588341931795, -0.008257028059725027], "aligned_model": [[-0.6815161406981257, -0.014638892135014306, 0.3453121454063426, 0.5841302037796434, -0.5416197881547467, 0.10392584668850953, -0.18100004967775352, 0.496442471706198, 0.04940356549173576, 0.06565956085624992, -0.3767712580432106, 0.02743793714317834], [-0.15595441440322805, -0.640905323380173, -0.2775589815434547, -0.36061333024923464, 0.5649215285348457, 0.777973701485366, 0.16857205298620426, 0.48851750051148657, -0.43029214561293194, 0.5023081662438968, -0.0807604697541211, 0.10992310523198355], [0.011900412799921465, 0.023443802788851362, 0.48813408086089205, -0.12311959145370294, 0.24503976879309977, 0.2741847668078891, 0.602867858252312, -0.1605226943561464, -0.6072875336280211, -0.6696650266214142, -0.5264254810186363, 0.006641926629311661]], "inverted": true, "swapped": true, "error_lsq": 0.038613570299555554, "error_max": 0.19172553928749342, "target": "830.xyz", "model": "26.xyz", "model_rescale": 3.6694154284099745, "target_rescale": 4.274783195297685},
