[{"mapping": [7, 1, 2, 10, 12, 6, 0, 5, 3, 8, 9, 13], "R": [[-0.13151975925437293, 0.2184096888634318, 0.9669538565703384], [-0.2449601083169973, 0.9380168314886805, -0.24519169883432285], [-0.9605712353901696, -0.26911267464486927, -0.06986608681247303]], "T": [-0.22774788644059843, 0.029906502262547055, -0.031770889511922244], "aligned_model": [[-0.24243833049209892, 0.1506935091817965, 0.3800235711018447, -0.08357727302226622, 0.08511414268190962, -0.5959549279212554, 0.5096265713503021, -0.09159423664288016, 0.5003917773353095, 0.021924339683010247, -0.6336379440222739, -0.16292873677284897], [-0.3849733609516868, -0.6658774712270132, -0.3690127584258664, 0.6586087233585391, 0.45203846368620293, -0.5240151507624579, -0.23272333393603417, -0.45671985789128106, 0.16705090726514998, 0.2953095602234971, 0.1418555316157487, -0.027986216977740883], [-0.5945619116931122, 0.05733481417803927, -0.44112900364038243, -0.018396252631929726, -0.5807062340873294, -0.07394398290286927, 0.4502849885757454, 0.6775818006600203, -0.1361448434375399, 0.5369656646485971, 0.4034854386082724, -0.09881873292394908]], "inverted": false, "swapped": true, "error_lsq": 0.04422813801191488, "error_max": 0.24183227316609857, "target": "831.xyz", "model": "0.xyz", "model_rescale": 3.751011558992144, "target_rescale": 4.00155578983627},
{"mapping": [12, 7, 3, 13, 4, 11, 1, 0, 9, 10, 5, 8, 2, 14], "R": [[-0.26404686427388935, -0.1924367674553341, -0.9451176350055415], [-0.8245404436401746, 0.553430761532151, 0.11767518426417534], [0.5004121404090736, 0.8103594774674294, -0.3048035547855774]], "T": [-0.010685662477205479, -0.09956007230289478, 0.04965909083801252], "aligned_model": [[-0.2903488154737505, 0.13267547781615807, 0.29537233873980484, -0.1435879319133725, 0.0363918303617943, -0.6712786505373333, 0.44993851325550477, 0.6799228752519212, -0.5819458993857122, -0.6331968629540874, -0.13725419812481568, 0.3413532780382813, 0.4910295430600652, -0.051862221892818236], [-0.2952281335793014, -0.6602156076380948, -0.018288189961835746, 0.418384344336152, -0.2258415648236371, -0.5202703364472682, -0.5693095591402869, -0.2584864017839293, 0.2080160725329116, -0.07336646251838973, 0.5060050450521673, 0.24089578370204784, 0.5161008585350632, -0.10331990667456908], [0.7095663833644511, 0.37337189248328406, 0.744734101570354, 0.5411596161192505, -0.7297064615342589, 0.20246866742285646, -0.18022422256773285, 0.320411353825431, 0.164760255860239, -0.4834895265438101, -0.0361158555180756, -0.39819875113033804, 0.27983635461647927, 0.08563362410194213]], "inverted": false, "swapped": false, "error_lsq": 0.045588184248036755, "error_max": 0.24486944341090588, "target": "831.xyz", "model": "1.xyz", "model_rescale": 3.9405287249114394, "target_rescale": 4.00155578983627},
{"mapping": [5, 6, 1, 11, 7, 0, 9, 4, 12, 3, 10, 8, 13], "R": [[0.6054665653173099, 0.012083301766637494, -0.7957790095882628], [-0.357583515598854, -0.8891485629207381, -0.2855676144592567], [-0.7110163624381819, 0.457459098580849, -0.5340289369226852]], "T": [0.038756386363796275, -0.08400368134684161, 0.04260875736224197], "aligned_model": [[-0.4802085145108246, 0.34055014782995463, -0.36919432868629987, 0.5879661970452559, 0.32492711995494306, -0.8558069650297853, 0.1584815710252565, 0.7106146693609956, 0.08899146912993278, -0.5143814826202318, -0.05380744764742988, -0.45815702907521594, 0.01600787250738063], [0.6150671084604951, 0.42112573748787413, 0.2801524271544649, -0.30078260556197045, -0.13635435754400552, 0.07205804546566444, 0.2744210415815469, 0.31523647914348935, -0.8328310180854155, -0.5479009573427907, -0.5622391432193712, -0.026427665609377794, -0.1126924983585863], [0.06496345043363735, -0.2703592740081579, -0.5372529475700037, 0.1424148215877838, -0.5933476583082387, -0.10048051278326141, 0.5158158931251569, 0.22061707815773512, -0.07631185001364961, -0.15418477724858742, 0.46563749059065296, 0.4964791482002631, -0.060870512574686356]], "inverted": false, "swapped": true, "error_lsq": 0.05076526539551044, "error_max": 0.2930998055950042, "target": "831.xyz", "model": "2.xyz", "model_rescale": 3.932901565614263, "target_rescale": 4.00155578983627},
{"mapping": [2, 1, 10, 6, 8, 0, 3, 11, 4, 7, 5, 9, 12, 13], "R": [[0.6104654927226114, 0.4564426707331858, 0.6472958910180846], [-0.01842577812790784, -0.8088432036554696, 0.5877356230489503], [0.7918284996735849, -0.3707192471862141, -0.4853605534758323]], "T": [0.00946519559679729, -0.14528035050398244, 0.062152808309184904], "aligned_model": [[-0.5350360678535416, 0.02321045759230808, 0.5193838193459415, -0.0722029792174028, 0.3756403894638275, -0.4935449209346208, 0.009178743873249047, 0.8496849719174722, -0.8285871285320878, -0.3685049747300541, -0.180361953721081, 0.2148591077391352, 0.35895391684554195, 0.04453589445295258], [-0.16544995986950725, -0.5918462631846181, 0.013905362078084904, 0.2864605211503555, -0.29099255520968204, -0.5716481746874973, -0.5960294919477586, -0.44479221869481267, 0.07449480294420305, 0.058039955953164135, 0.5479665329448882, 0.38091688583264705, 0.5078369808405925, -0.04378643655903025], [0.6924792428947308, 0.6530492242033237, 0.5394245824219546, 0.585242083335378, -0.5570970655932294, 0.18107139521245869, -0.17766088503280875, 0.017074358248182014, 0.1743739671286166, -0.5084100284339781, 0.04895820240590401, -0.40765858865283433, 0.2476930879704839, 0.1056678559618899]], "inverted": false, "swapped": false, "error_lsq": 0.048945428613944963, "error_max": 0.3096008198019853, "target": "831.xyz", "model": "3.xyz", "model_rescale": 3.9243930471874484, "target_rescale": 4.00155578983627},
{"mapping": [3, 2, 0, 8, 5, 12, 10, 1, 6, 7, 9, 11, 13], "R": [[0.839000401923844, 0.536815103485656, -0.08892620671834153], [-0.49921529343943283, 0.8244140293827589, 0.26669382998686897], [0.2164772883417791, -0.17936290816823977, 0.9596700114131014]], "T": [-0.032399843718224186, -0.04678480291913416, 0.08347520936833962], "aligned_model": [[-0.11722229565672126, -0.24325290720515663, 0.5650551631361769, 0.43944800649415233, 0.8037527732293048, -0.6609529612408267, -0.20944389995844984, 0.3041893166653242, 0.07581856407037921, -0.43224382138693485, 0.31065170336431025, -0.48653115025765165, -0.07206260494255465], [-0.5023833518037912, 0.07618270836010353, -0.31531645846929884, -0.5288096565800157, 0.11908835191354279, -0.42358305032932836, -0.6445412641356947, 0.3189808891257084, 0.6085961014947008, 0.4395799251631295, -0.03936409151552475, 0.03473680184906361, -0.015337351391007663], [-0.5039981891329145, -0.7143447976145839, -0.5615144465294012, 0.11880109809159194, -0.09501615591757138, -0.1174031464776318, 0.24952684206126446, -0.5395787608067057, 0.13777842508764265, -0.22090775581593292, 0.5824621473456764, 0.4651881289370077, -0.013923073857477389]], "inverted": true, "swapped": true, "error_lsq": 0.04348361058365951, "error_max": 0.2772451086596038, "target": "831.xyz", "model": "4.xyz", "model_rescale": 3.8936222436046832, "target_rescale": 4.00155578983627},
{"mapping": [0, 3, 1, 5, 7, 12, 10, 11, 9, 8, 6, 13], "R": [[0.7524748249264233, 0.35270495790690526, 0.5562201457335372], [-0.654610710929467, 0.4935658871994335, 0.5726059134600813], [-0.07257034510298843, -0.7949791995146317, 0.6022803478038354]], "T": [-0.05823358510288952, 0.06630671711713315, 0.08262160179891714], "aligned_model": [[-0.0230675951680044, -0.5246819205442975, -0.17009536206750364, 0.48407638620345367, -0.5285270843548898, -0.6941297142493935, -0.1275285915426967, -0.16150193453218464, 0.5228672223716108, 0.2974389030370804, 0.10121733115035246, -0.14851959808842957], [-0.5779091393508429, -0.4966735484187778, 0.07877686325828992, -0.12391626808198539, 0.5342618545588922, -0.12114349536858529, -0.35118855089041673, 0.4126578628583632, 0.11721387392754087, -0.5078398563561815, 0.6283040973861271, 0.07637921158738384], [-0.5722239333390435, -0.07665504754533617, -0.7064313067092309, -0.5717784140382041, -0.13854995739894582, 0.4539793611384912, 0.5695778963161302, 0.5600755790979992, 0.2452798574253033, 0.07318417311850808, -0.2381875981452914, 0.021014109355138443]], "inverted": true, "swapped": true, "error_lsq": 0.04175333942409589, "error_max": 0.21236734748943226, "target": "831.xyz", "model": "5.xyz", "model_rescale": 3.6523030999806103, "target_rescale": 4.00155578983627},
{"mapping": [4, 9, 5, 6, 1, 11, 8, 7, 10, 3, 0, 2, 13], "R": [[0.43046561913186426, -0.8697835324444846, 0.24119692666743314], [-0.8169409181614739, -0.26181391814847016, 0.5138686685304275], [-0.3838057933107692, -0.4182464332808357, -0.8232636479700477]], "T": [-0.03879379464727718, -0.1473499608640995, 0.05409917634832875], "aligned_model": [[0.07186425518404911, -0.2285631658902334, 0.29727630174808034, 0.5174989762592046, 0.6208489054240962, -0.20930404742384368, -0.413973901802968, 0.47863629285352705, -0.6597607787219814, -0.16249835353958486, 0.11423885454122952, 0.42455802049039104, 0.030261545542327573], [-0.57232730875912, -0.03202818708892624, 0.5917476286064666, -0.2883879136466586, 0.252018753309713, -0.7086784559747258, 0.4097082305901195, -0.5453372133909107, -0.16530954582314464, 0.1420231201455124, 0.6960763153360167, -0.08178946975483872, -0.1568890493863205], [0.7246379673487924, 0.6174959010609022, 0.3692434502160107, 0.39296617356721836, -0.14751727262678485, 0.17419223553051916, 0.12594853430873124, -0.19679342232670358, -0.11999271747039134, -0.6247603688755279, -0.2779949614507949, -0.6366277625851446, -0.03068801721503773]], "inverted": false, "swapped": true, "error_lsq": 0.04230921708665328, "error_max": 0.22640843672721905, "target": "831.xyz", "model": "6.xyz", "model_rescale": 4.08911054899281, "target_rescale": 4.00155578983627},
{"mapping": [0, 1, 9, 3, 12, 2, 13, 11, 6, 7, 4, 10, 8, 14], "R": [[-0.4066115531262981, -0.11210724060448951, 0.906696758276033], [-0.870581124754745, 0.3485019676859956, -0.3473253283878855], [-0.2770479201960969, -0.9305795748473296, -0.23930337396698087]], "T": [0.01153075046484235, -0.023452439382660666, 0.015236999683176614], "aligned_model": [[-0.46821416535472116, 0.09278229006609068, 0.42470167895013794, -0.2581525294963035, 0.2878896604320011, -0.5505137405185266, 0.038428149072960036, 0.5540339725443713, -0.4541008715497288, -0.6022299382820224, -0.18578235636122478, 0.5456548793459304, 0.3731286371853682, 0.11958361020730748], [-0.15531832509443344, -0.5973010550330544, -0.02574071805801196, 0.4065802212510114, -0.2144860447335107, -0.5808210512686212, -0.6781586142646624, -0.2412020591345309, 0.038888358428179, -0.18792521768036713, 0.6528769606540907, 0.3084823062396302, 0.5014419654217487, -0.06224078513643846], [0.8134302012544617, 0.4647278366130839, 0.6814515713814345, 0.6225213445855432, -0.6133597172344484, 0.16881357319234724, -0.3111536816652914, -0.03773865593713535, 0.18388985012414305, -0.4269569472286491, -0.007024406894754545, -0.3366232539654377, 0.2578927340255952, 0.1343369838191792]], "inverted": false, "swapped": false, "error_lsq": 0.045418069260064156, "error_max": 0.25251027813826044, "target": "831.xyz", "model": "7.xyz", "model_rescale": 3.964800864290218, "target_rescale": 4.00155578983627},
{"mapping": [2, 7, 12, 4, 5, 1, 8, 9, 0, 3, 6, 10, 11, 13], "R": [[-0.22637809171422096, -0.14119435077086145, -0.9637515836055589], [0.5740780648975387, -0.8186648395929986, -0.014908246632892697], [-0.7868845753954802, -0.5566435445817769, 0.2663843638055922]], "T": [-0.07134334832987343, -0.038848577239863, 0.12415301552034952], "aligned_model": [[-0.47335911771056716, -0.008140554766833563, 0.4585533474571911, -0.0719756188379583, 0.0426771818463865, -0.44852569507679174, 0.3803881041606773, 0.612094356217704, -0.7834757754052146, -0.48591869365736984, -0.19479352757866708, 0.42784016986056095, 0.4796012622894249, -0.017756162556902717], [-0.0913947215650695, -0.6171980060545322, -0.16769234777786607, 0.4127460750411247, -0.3568595149346462, -0.6875681769208489, -0.6199887164846122, -0.1029376330350333, 0.018239072254242497, 0.2511852339591656, 0.5278864742915289, 0.1179577410546503, 0.5605685366307146, -0.07986807486778949], [0.6478236673998446, 0.5344827731998121, 0.6469184618498397, 0.6637410669809618, -0.6406600892138657, 0.1201219530520118, -0.09782089014572559, 0.07255627416359531, 0.07154332909508024, -0.39543371170654973, 0.11536337458969786, -0.5093780466361729, 0.2800134791482265, 0.08493579029331635]], "inverted": true, "swapped": false, "error_lsq": 0.04650199745774664, "error_max": 0.3683535389376381, "target": "831.xyz", "model": "8.xyz", "model_rescale": 4.121658175737393, "target_rescale": 4.00155578983627},
{"mapping": [1, 2, 3, 0, 7, 6, 12, 9, 10, 11, 5, 8, 13], "R": [[0.5162959318962517, -0.855128898777047, -0.046830301982111404], [0.8086923736486814, 0.5047972785458084, -0.3019873381041113], [0.2818779088716287, 0.11804352607873242, 0.9521610002730931]], "T": [-0.019959631834833992, -0.10624840089207857, 0.11675790899806582], "aligned_model": [[-0.521164380472085, -0.31098408198470157, 0.29682369424379174, 0.08691679479154987, -0.5526143589439427, -0.6494868369512753, 0.31691003491319064, 0.07523470988460798, 0.6033884709814555, -0.005547326657689849, -0.23917773162922204, 0.44765244542608457, -0.07121393716656657], [0.3253743313603107, -0.15670155920477682, -0.03744205630234265, 0.6277566583840843, -0.46725808986352635, -0.05636262193842642, -0.6530310620457035, 0.12574275229188925, -0.27249017999791325, -0.6335418622869948, 0.7354609418755699, 0.37999918478446193, -0.1271189976449221], [-0.3279539876969551, -0.6635343663613066, -0.5576335880628318, -0.426277443305596, -0.1571504531450052, 0.329809780542352, -0.28938935953022527, 0.6679797675400047, 0.1111594189174416, 0.40020042454306076, 0.1614017979882246, 0.1504996092277077, 0.021963833302217045]], "inverted": true, "swapped": true, "error_lsq": 0.050507220480599226, "error_max": 0.24785190823357342, "target": "831.xyz", "model": "9.xyz", "model_rescale": 3.833441315466971, "target_rescale": 4.00155578983627},
{"mapping": [9, 7, 11, 8, 1, 3, 6, 12, 2, 5, 13, 0, 10, 14], "R": [[-0.9029125887960006, 0.19828233308291898, 0.381356753422434], [-0.2164956732647888, 0.5566788860712617, -0.8020213471349035], [-0.37131991658316765, -0.8067172578974952, -0.45970510695337696]], "T": [0.05205098972390945, -0.136301876235845, 0.06733222726086946], "aligned_model": [[-0.4854721696395031, 0.017213372862279072, 0.46210158967102755, -0.017845034095051754, 0.35285213273658633, -0.6332065191935936, 0.25085066954809754, 0.6330336655889821, -0.6267445371250704, -0.3671121496283124, -0.34733778926400516, 0.22040279027076934, 0.4798405471005984, -0.02136729259116396], [-0.057021969345906365, -0.5181979017068743, -0.18216401915064853, 0.30882677288422916, -0.12973407474704102, -0.6049999876987834, -0.6942180165875408, -0.2568391475824024, 0.09047384104863992, -0.015624536384979223, 0.5028177263481606, 0.36400431372661224, 0.5135740588436107, -0.15582111805604798], [0.6695727739232582, 0.6121769234474519, 0.6105561685354062, 0.7033624104782834, -0.6072672607760663, 0.3224127567626042, -0.2649896583888462, -0.0373098000119198, 0.13411292587624876, -0.44955697142867485, -0.1928624656636026, -0.3629866652381078, 0.3326838941558216, 0.12430240039821513]], "inverted": true, "swapped": false, "error_lsq": 0.043671041369745985, "error_max": 0.2888400767770073, "target": "831.xyz", "model": "10.xyz", "model_rescale": 4.2482417240324, "target_rescale": 4.00155578983627},
{"mapping": [7, 6, 9, 5, 12, 10, 11, 8, 1, 3, 2, 13], "R": [[-0.9835528849928068, -0.1445396753236166, -0.10831437891466708], [-0.16798356991784646, 0.9523742172370667, 0.2544894311749317], [0.0663720020790586, 0.26849885027580256, -0.9609906996119106]], "T": [0.022426815029217097, 0.05368936040024001, 0.09784178540465538], "aligned_model": [[-0.5900568545673064, -0.08988561594729039, 0.4714560658727646, 0.6604278760229391, -0.46818931309775674, 0.11761374933689953, -0.30008895561953247, 0.6194542058705946, 0.016342893048152077, -0.06800063207583512, -0.4401874427385882, -0.052120373742033814], [-0.25168448997583737, -0.5999615953462897, -0.09101785456437965, -0.38581605396030694, 0.6326805134381305, 0.6691202510126296, 0.12106667799529439, 0.3399290169265582, -0.3829366467973394, 0.5317826070040866, 0.04134450061213897, 0.04162446370595432], [-0.04598244996235856, 0.16349647900571518, 0.4775257974587847, -0.3000450159881826, 0.05946061591091034, 0.2664086739482524, 0.5978714278713438, -0.03580485812878789, -0.5689368659090008, -0.47061191051712625, -0.5963717550142997, 0.018182151179106265]], "inverted": false, "swapped": true, "error_lsq": 0.03591024814269033, "error_max": 0.22255533857531348, "target": "831.xyz", "model": "11.xyz", "model_rescale": 3.6694154284099745, "target_rescale": 4.00155578983627},
{"mapping": [3, 4, 11, 8, 5, 1, 0, 6, 2, 12, 10, 7, 9, 13], "R": [[-0.2960041166379721, 0.7793394844053857, -0.5522784904195727], [0.26956561421367564, -0.4865294887919699, -0.8310375660398444], [-0.9163601598536344, -0.39486583111554796, -0.06606839524651581]], "T": [0.036366249192703794, -0.052098147672463235, 0.05579884564342651], "aligned_model": [[-0.3998725587419934, 0.0727920441282747, 0.5386172751830791, -0.14836885618152704, 0.35843687174701255, -0.6594338340915024, 0.007880466434684631, 0.5346230383988487, -0.5684117011864095, -0.39718832886246314, -0.18492428790292922, 0.43853079516689114, 0.321929643901427, 0.0025987082482467963], [-0.28255292843540486, -0.5995470453444649, 0.037421556245186616, 0.322451801747202, -0.24085704103741848, -0.5147829877843235, -0.7326944845596316, -0.3130721424272, 0.11144497039724996, -0.02923319032196442, 0.5072309228376446, 0.41672156609446337, 0.6517905521818952, -0.1692456080022049], [0.7613732195251175, 0.5524390732240309, 0.589426785700154, 0.6868163791107527, -0.6549833901642782, 0.19092277740207664, -0.1603378028498113, -0.003256886723618263, 0.23967612172612168, -0.4669593411305877, -0.14843209320440726, -0.35728355825973807, 0.3159536317033026, 0.04885251601095675]], "inverted": true, "swapped": false, "error_lsq": 0.04552924918413054, "error_max": 0.26639574078450706, "target": "831.xyz", "model": "12.xyz", "model_rescale": 3.9764082729961374, "target_rescale": 4.00155578983627},
{"mapping": [2, 1, 9, 0, 14, 8, 13, 12, 7, 3, 4, 6, 5, 15], "R": [[-0.8749101854673459, 0.45466583988990567, -0.16676672750492275], [-0.43960703611716373, -0.6011548945145065, 0.6673518162090631], [0.20316943953699643, 0.6571847280928392, 0.7258308425520119]], "T": [0.058243602613751354, -0.13549236770226739, 0.09375154364173185], "aligned_model": [[-0.4768914077989323, 0.05901570727157112, 0.31536885975576234, -0.1632641784475116, 0.007212674295521367, -0.46771784156874147, 0.4753053147729187, 0.5740063048330923, -0.5938569201353507, -0.6343870750345075, -0.10651717328231738, 0.3868197752295087, 0.5483706445641303, -0.0062554082135039615], [-0.2572895400159704, -0.5362054571859687, 0.041329433323754466, 0.3246678519021633, -0.22268121129582438, -0.6070228574162744, -0.35986206578949664, -0.45618937940240156, 0.22372832819596597, -0.23157276980430627, 0.5574850053955819, 0.25191388429567374, 0.5134681269759068, -0.07669340758777458], [0.6725913171137373, 0.5864492217688162, 0.6076773936815899, 0.6097891476253746, -0.6990926967251052, 0.11975910315976487, -0.2938027274197651, 0.28959790340947267, 0.22320848162393045, -0.3747297772516792, 0.001556267842169029, -0.4768734649245938, 0.2973434514640938, 0.030733810702266384]], "inverted": true, "swapped": false, "error_lsq": 0.05000672858893792, "error_max": 0.34791460481995873, "target": "831.xyz", "model": "13.xyz", "model_rescale": 4.170626492500431, "target_rescale": 4.00155578983627},
{"mapping": [1, 0, 2, 3, 12, 7, 8, 4, 9, 10, 11, 5, 6, 13], "R": [[0.09270559940046941, -0.746871509910222, 0.6584744638360891], [0.935062144904827, -0.1619438246481687, -0.31532995865332536], [0.3421468354461054, 0.6449473973455112, 0.6833581766917458]], "T": [0.02126817077345637, -0.09684092877103744, 0.1754433709068711], "aligned_model": [[-0.5701104462312061, -0.016457579910085465, 0.47665376911083246, -0.08692440564293356, 0.17842416342447587, -0.4542469476585162, 0.08565005933721613, 0.6360285687768171, -0.7349416325274869, -0.3533157341648357, -0.18391696072339558, 0.416148191689835, 0.4883932351327545, 0.035824995628168446], [-0.21185401438977275, -0.5210939154883106, -0.12985662997389036, 0.40492213649968867, -0.1208717473846975, -0.7533247635879228, -0.7019476432826018, -0.38793062982646354, 0.18549032253240394, -0.1992521743404016, 0.5336797442132977, 0.4702083701255022, 0.602199600339277, -0.0052927138450794275], [0.6527878915431266, 0.5931089997593288, 0.6492218925151625, 0.6358798998317515, -0.5390009130767038, 0.15689209991128716, -0.2502996610771031, -0.025553070801017708, 0.10657947330544063, -0.23385742302949683, -0.0695104898162178, -0.41594879175530886, 0.20045896481508396, 0.1334485599447386]], "inverted": true, "swapped": false, "error_lsq": 0.043921825302380486, "error_max": 0.2539434113946872, "target": "831.xyz", "model": "14.xyz", "model_rescale": 3.9786697098870705, "target_rescale": 4.00155578983627},
{"mapping": [8, 10, 5, 0, 9, 6, 12, 7, 1, 3, 11, 13], "R": [[-0.18981567574497824, -0.8798453778322364, 0.43570875633699024], [0.3459507138565474, -0.47525165584707785, -0.8089832922852958], [0.9188515183769479, -0.0028239550032003735, 0.39459335074797863]], "T": [-0.060794661155912165, 0.11153766082443874, -0.033499680592729945], "aligned_model": [[-0.011354191591793086, -0.5757682364749026, 0.6804836355271444, 0.5465343936202236, -0.09391154136361651, 0.31982741786943175, -0.568506302720033, 0.08416979763699661, 0.6862202172423908, -0.037796536012312164, -0.5274335052617435, -0.01911055170444958], [-0.29331875514524053, -0.2335859512266108, 0.04144385383948758, -0.5594143692430953, 0.38808482586015725, 0.6447803904404137, -0.238949187627772, 0.34627139184547234, -0.023049945795088886, -0.596880396299076, 0.4589902755152098, 0.08030235806058143], [-0.5719076988543347, -0.21216819663329098, -0.4852934553318221, -0.19489417875165432, -0.5712285462317896, 0.08882454906837528, 0.41011717292893207, 0.6091201338408624, 0.2096628200351976, 0.20630195123345532, 0.10831230164060032, 0.06311964092929917]], "inverted": false, "swapped": true, "error_lsq": 0.04734959282492999, "error_max": 0.2111828131002632, "target": "831.xyz", "model": "15.xyz", "model_rescale": 3.769337070930944, "target_rescale": 4.00155578983627},
{"mapping": [6, 5, 7, 2, 4, 9, 11, 8, 12, 3, 13], "R": [[0.15188273458227236, -0.5509186379569864, 0.8206218917914816], [-0.963682637601851, -0.2670485478733133, -0.0009203605239946899], [0.2196529283222749, -0.7906792822822497, -0.5714707898476314]], "T": [0.05803458245809066, 0.02040327316130447, 0.016811186463703373], "aligned_model": [[-0.12208384602635555, -0.3594024338498347, -0.27661684568516604, -0.6627229570737042, 0.5012392145223226, 0.43163053080689834, 0.49312277297630724, 0.12663950213712735, 0.14228634610206395, -0.3197554498816845, -0.031710703336803724], [0.07947056750113538, -0.703365900662573, 0.5769507444847846, 0.3820771075397305, 0.08130205273535249, -0.38481642249348075, 0.4122135701436623, -0.5600668117474876, 0.5529003999268522, 0.07730742089748957, 0.08209176929987638], [-0.6221352896606421, -0.2290114940241098, -0.2426848221760431, 0.23081444225282804, -0.648270923667009, -0.2340881176729417, -0.10876240247523998, 0.35531394455104254, 0.5523076896786852, 0.6601823775193855, 0.030552202897821595]], "inverted": true, "swapped": true, "error_lsq": 0.04382610224694991, "error_max": 0.18641728061305202, "target": "831.xyz", "model": "16.xyz", "model_rescale": 3.7852294659196426, "target_rescale": 4.00155578983627},
{"mapping": [9, 0, 1, 5, 8, 3, 12, 2, 6, 4, 11, 7, 13], "R": [[0.5225635285467458, -0.740159916104526, -0.42319104104992095], [0.6283837838536734, 0.6698185389909008, -0.3955716686187666], [0.5762474978882899, -0.05921506072137786, 0.8151272279596906]], "T": [-0.045684422024396154, 0.18616038934073897, -0.10476071826772115], "aligned_model": [[0.014566327755079544, -0.46029720949748454, 0.18786273786523022, 0.02308720578490861, -0.5514543642153283, -0.5814228268027021, -0.39912885857520025, -0.03593661706101281, 0.5993472405484, 0.5373470109944941, 0.13145021242139818, 0.4155718397827403, -0.027226848784240018], [0.05038920660027091, -0.5635517843444579, -0.3994348420237487, -0.6717240958400738, -0.17189994745576354, 0.11128300640061956, 0.7427147748020588, 0.07401267426622737, 0.018965146558919288, 0.3889403914438344, 0.7328474321955308, 0.37939519790391074, 0.18311846319554645], [-0.6918411456997043, 0.22855787490554258, 0.3828938759137471, -0.2382857836992167, -0.37350936012527447, 0.4122186035768882, 0.27303856831341355, 0.7219343023149772, -0.11757079093560885, -0.6160608642795614, -0.27311263255224594, 0.3840928532627541, 0.0033991961474634375]], "inverted": false, "swapped": true, "error_lsq": 0.04410151481759512, "error_max": 0.27488915244286855, "target": "831.xyz", "model": "17.xyz", "model_rescale": 3.901054581598922, "target_rescale": 4.00155578983627},
{"mapping": [12, 7, 3, 13, 4, 11, 1, 0, 9, 10, 5, 8, 2, 14], "R": [[-0.26404686427388935, -0.1924367674553341, -0.9451176350055415], [-0.8245404436401746, 0.553430761532151, 0.11767518426417534], [0.5004121404090736, 0.8103594774674294, -0.3048035547855774]], "T": [-0.010685662477205479, -0.09956007230289478, 0.04965909083801252], "aligned_model": [[-0.2903488154737505, 0.13267547781615807, 0.29537233873980484, -0.1435879319133725, 0.0363918303617943, -0.6712786505373333, 0.44993851325550477, 0.6799228752519212, -0.5819458993857122, -0.6331968629540874, -0.13725419812481568, 0.3413532780382813, 0.4910295430600652, -0.051862221892818236], [-0.2952281335793014, -0.6602156076380948, -0.018288189961835746, 0.418384344336152, -0.2258415648236371, -0.5202703364472682, -0.5693095591402869, -0.2584864017839293, 0.2080160725329116, -0.07336646251838973, 0.5060050450521673, 0.24089578370204784, 0.5161008585350632, -0.10331990667456908], [0.7095663833644511, 0.37337189248328406, 0.744734101570354, 0.5411596161192505, -0.7297064615342589, 0.20246866742285646, -0.18022422256773285, 0.320411353825431, 0.164760255860239, -0.4834895265438101, -0.0361158555180756, -0.39819875113033804, 0.27983635461647927, 0.08563362410194213]], "inverted": false, "swapped": false, "error_lsq": 0.045588184248036755, "error_max": 0.24486944341090588, "target": "831.xyz", "model": "18.xyz", "model_rescale": 3.9405287249114394, "target_rescale": 4.00155578983627},
{"mapping": [9, 11, 5, 8, 3, 13, 10, 2, 7, 12, 0, 1, 6, 15], "R": [[0.7215249287770201, -0.4975888264490163, -0.4814635364660617], [-0.6526708629186566, -0.2566563515397923, -0.7128451878993773], [0.23113312581785456, 0.8285727952373125, -0.5099456845020796]], "T": [-0.15619209093016878, -0.0660714605939182, 0.013355293190946083], "aligned_model": [[-0.33925498195110076, -0.06388977329846098, 0.32134635905805725, -0.03674809943731225, 0.21939331372502857, -0.6339718401134526, 0.37483746787843836, 0.6958367236877603, -0.6460595678176082, -0.3868456282777899, -0.12085097403472242, 0.2603240484880698, 0.3922496773135394, -0.11915744897880676], [-0.26235570326176727, -0.6878764415377004, -0.03537116827064017, 0.4703598011139948, -0.2856766774780689, -0.5286871946481122, -0.6356313639699926, -0.14008652509127878, 0.13454788675058182, -0.06903005629575525, 0.6175745966810645, 0.2690679011214602, 0.39822008136464077, -0.07997919488739733], [0.7323617750587402, 0.365565528324927, 0.6932649663042026, 0.5332079549083483, -0.7188589837807761, 0.10845018920447896, -0.09394410608183126, 0.16793198063528444, 0.4774751931094301, -0.48356447360234156, -0.050310488708787265, -0.3735753696061161, 0.21811966143815414, 0.018083604866358377]], "inverted": false, "swapped": false, "error_lsq": 0.047378496039894226, "error_max": 0.34123873504706687, "target": "831.xyz", "model": "19.xyz", "model_rescale": 4.410303926677745, "target_rescale": 4.00155578983627},
{"mapping": [2, 7, 12, 4, 5, 1, 8, 9, 0, 3, 6, 10, 11, 13], "R": [[-0.22637809171422096, -0.14119435077086145, -0.9637515836055589], [0.5740780648975387, -0.8186648395929986, -0.014908246632892697], [-0.7868845753954802, -0.5566435445817769, 0.2663843638055922]], "T": [-0.07134334832987343, -0.038848577239863, 0.12415301552034952], "aligned_model": [[-0.47335911771056716, -0.008140554766833563, 0.4585533474571911, -0.0719756188379583, 0.0426771818463865, -0.44852569507679174, 0.3803881041606773, 0.612094356217704, -0.7834757754052146, -0.48591869365736984, -0.19479352757866708, 0.42784016986056095, 0.4796012622894249, -0.017756162556902717], [-0.0913947215650695, -0.6171980060545322, -0.16769234777786607, 0.4127460750411247, -0.3568595149346462, -0.6875681769208489, -0.6199887164846122, -0.1029376330350333, 0.018239072254242497, 0.2511852339591656, 0.5278864742915289, 0.1179577410546503, 0.5605685366307146, -0.07986807486778949], [0.6478236673998446, 0.5344827731998121, 0.6469184618498397, 0.6637410669809618, -0.6406600892138657, 0.1201219530520118, -0.09782089014572559, 0.07255627416359531, 0.07154332909508024, -0.39543371170654973, 0.11536337458969786, -0.5093780466361729, 0.2800134791482265, 0.08493579029331635]], "inverted": true, "swapped": false, "error_lsq": 0.04650199745774664, "error_max": 0.3683535389376381, "target": "831.xyz", "model": "20.xyz", "model_rescale": 4.121658175737393, "target_rescale": 4.00155578983627},
{"mapping": [4, 9, 5, 6, 1, 11, 8, 7, 10, 3, 0, 2, 13], "R": [[0.43046561913186426, -0.8697835324444846, 0.24119692666743314], [-0.8169409181614739, -0.26181391814847016, 0.5138686685304275], [-0.3838057933107692, -0.4182464332808357, -0.8232636479700477]], "T": [-0.03879379464727718, -0.1473499608640995, 0.05409917634832875], "aligned_model": [[0.07186425518404911, -0.2285631658902334, 0.29727630174808034, 0.5174989762592046, 0.6208489054240962, -0.20930404742384368, -0.413973901802968, 0.47863629285352705, -0.6597607787219814, -0.16249835353958486, 0.11423885454122952, 0.42455802049039104, 0.030261545542327573], [-0.57232730875912, -0.03202818708892624, 0.5917476286064666, -0.2883879136466586, 0.252018753309713, -0.7086784559747258, 0.4097082305901195, -0.5453372133909107, -0.16530954582314464, 0.1420231201455124, 0.6960763153360167, -0.08178946975483872, -0.1568890493863205], [0.7246379673487924, 0.6174959010609022, 0.3692434502160107, 0.39296617356721836, -0.14751727262678485, 0.17419223553051916, 0.12594853430873124, -0.19679342232670358, -0.11999271747039134, -0.6247603688755279, -0.2779949614507949, -0.6366277625851446, -0.03068801721503773]], "inverted": false, "swapped": true, "error_lsq": 0.04230921708665328, "error_max": 0.22640843672721905, "target": "831.xyz", "model": "21.xyz", "model_rescale": 4.08911054899281, "target_rescale": 4.00155578983627},
{"mapping": [6, 8, 11, 5, 3, 0, 2, 15, 7, 13, 12, 14, 9, 16], "R": [[-0.2839727345609296, 0.22431294583296135, 0.9322248593326219], [0.6338057495300523, 0.7734609626358657, 0.006957811512860734], [-0.7194788098954941, 0.5928253044617267, -0.3618126593987898]], "T": [-0.0044714214822369515, -0.1067816831572685, 0.14948479546978663], "aligned_model": [[-0.5663940464798922, 0.006589086051671297, 0.5477515520562927, 0.11670011157550349, 0.07096661438174678, -0.5775609142934703, 0.30826085832663636, 0.7008994366256089, -0.6798938368545261, -0.38868527760983296, -0.17609907520716897, 0.3372712384756645, 0.258335962220538, -0.0409324330271319], [-0.21683599535830506, -0.3521130030939061, -0.24032748053073938, 0.30772008546022994, -0.07271676844649366, -0.6272622120523393, -0.639790629483887, -0.25273837018970813, 0.10969161862687014, 0.006118206030504059, 0.50815689466748, 0.21158551713547946, 0.5483734662007264, -0.12478538737488225], [0.6266589150876364, 0.797907671910241, 0.6624256670705937, 0.7073690104620827, -0.7150541033804673, 0.12213794099354108, -0.22381644170280177, 0.036987613563355226, 0.09713922797100294, -0.37621787126226425, -0.2211417011731752, -0.29060254369111094, 0.24567014208518517, 0.12474390413625339]], "inverted": false, "swapped": false, "error_lsq": 0.046020261603960035, "error_max": 0.36182869464991835, "target": "831.xyz", "model": "22.xyz", "model_rescale": 4.204369325754507, "target_rescale": 4.00155578983627},
{"mapping": [9, 11, 5, 8, 3, 13, 10, 2, 7, 12, 0, 1, 6, 15], "R": [[0.7215249287770201, -0.4975888264490163, -0.4814635364660617], [-0.6526708629186566, -0.2566563515397923, -0.7128451878993773], [0.23113312581785456, 0.8285727952373125, -0.5099456845020796]], "T": [-0.15619209093016878, -0.0660714605939182, 0.013355293190946083], "aligned_model": [[-0.33925498195110076, -0.06388977329846098, 0.32134635905805725, -0.03674809943731225, 0.21939331372502857, -0.6339718401134526, 0.37483746787843836, 0.6958367236877603, -0.6460595678176082, -0.3868456282777899, -0.12085097403472242, 0.2603240484880698, 0.3922496773135394, -0.11915744897880676], [-0.26235570326176727, -0.6878764415377004, -0.03537116827064017, 0.4703598011139948, -0.2856766774780689, -0.5286871946481122, -0.6356313639699926, -0.14008652509127878, 0.13454788675058182, -0.06903005629575525, 0.6175745966810645, 0.2690679011214602, 0.39822008136464077, -0.07997919488739733], [0.7323617750587402, 0.365565528324927, 0.6932649663042026, 0.5332079549083483, -0.7188589837807761, 0.10845018920447896, -0.09394410608183126, 0.16793198063528444, 0.4774751931094301, -0.48356447360234156, -0.050310488708787265, -0.3735753696061161, 0.21811966143815414, 0.018083604866358377]], "inverted": false, "swapped": false, "error_lsq": 0.047378496039894226, "error_max": 0.34123873504706687, "target": "831.xyz", "model": "23.xyz", "model_rescale": 4.410303926677745, "target_rescale": 4.00155578983627},
{"mapping": [7, 0, 12, 13, 8, 1, 4, 5, 11, 10, 14, 15, 6, 16], "R": [[-0.9682634252689223, -0.024337859631176517, 0.2487440609845148], [0.17335187419603892, 0.6515426538085044, 0.7385399772394806], [-0.18004184791102196, 0.7582214972267306, -0.6266459081044413]], "T": [-0.05394776290736087, -0.06426350009632958, 0.07518415154845427], "aligned_model": [[-0.39831890876361004, 0.1142781049834336, 0.4246902465814833, -0.019939144822157542, 0.10736982224840277, -0.6997161693018789, 0.27656467575577537, 0.5685077507022083, -0.6411635203829131, -0.38652192169966976, -0.13926677841205715, 0.34003915839533155, 0.4482376772415397, -0.07755171628424838], [-0.12582096672867488, -0.5976533236200767, -0.11844012359678041, 0.3978546170174174, -0.21223924668198657, -0.5948180293904348, -0.529553393054673, -0.15445082655950995, 0.16430806327606212, -0.321165737147479, 0.6053646151011345, 0.39062773196074035, 0.44305868269548404, -0.1819961216801938], [0.640471767621688, 0.5827086973783704, 0.7187262124289732, 0.6038398841006675, -0.7171456297903419, 0.2696845533951672, -0.3097200136549253, 0.07935705825767002, 0.014734327721770538, -0.4219874644729335, 0.025496698956911493, -0.3084334492922481, 0.33658819954618957, 0.07988658987311245]], "inverted": false, "swapped": false, "error_lsq": 0.038994569456059926, "error_max": 0.22227905141386836, "target": "831.xyz", "model": "24.xyz", "model_rescale": 4.28219845311461, "target_rescale": 4.00155578983627},
{"mapping": [6, 0, 1, 8, 7, 2, 4, 3, 14, 13, 11, 9, 5, 15], "R": [[-0.06312080160362848, -0.8985069256196441, -0.4343973630426995], [-0.4375574971161626, -0.36628590075845935, 0.8212052579124196], [-0.8969722409987697, 0.24190895708737098, -0.3700281818436885]], "T": [-0.051252876343980736, -0.00849011863577414, 0.039847788527508046], "aligned_model": [[-0.4795396489831906, -0.07291347159458872, 0.4395697378778854, 0.04051812460885146, 0.25543683720490296, -0.5526327068514483, 0.22416979356618455, 0.7018021661305962, -0.786864011371611, -0.3340024029705641, -0.21073407940354527, 0.2972672250299852, 0.4481314842653735, -0.05299977126719185], [-0.1637595856171306, -0.6428317765588561, -0.08678605886784546, 0.2692931119689131, -0.2688810576625692, -0.4714391695986398, -0.6811472913421887, -0.17461204805820024, 0.16924628618377846, -0.19277640455668693, 0.5107163697160948, 0.3643755349629697, 0.6032923793759447, -0.0696143483545541], [0.8174459932364933, 0.5523862277421597, 0.44338255277745503, 0.669419561328483, -0.6262482887963812, 0.09531368941088346, -0.03967110188150734, -0.03334341605615675, 0.12604902587251726, -0.44903637663937807, 0.0015406146224920397, -0.4032984933970182, 0.3586237544023984, 0.08164368944763062]], "inverted": false, "swapped": false, "error_lsq": 0.041570187322946206, "error_max": 0.27583269164959995, "target": "831.xyz", "model": "25.xyz", "model_rescale": 4.100010024507729, "target_rescale": 4.00155578983627},
{"mapping": [7, 6, 9, 5, 12, 10, 11, 8, 1, 3, 2, 13], "R": [[-0.9835528849928068, -0.1445396753236166, -0.10831437891466708], [-0.16798356991784646, 0.9523742172370667, 0.2544894311749317], [0.0663720020790586, 0.26849885027580256, -0.9609906996119106]], "T": [0.022426815029217097, 0.05368936040024001, 0.09784178540465538], "aligned_model": [[-0.5900568545673064, -0.08988561594729039, 0.4714560658727646, 0.6604278760229391, -0.46818931309775674, 0.11761374933689953, -0.30008895561953247, 0.6194542058705946, 0.016342893048152077, -0.06800063207583512, -0.4401874427385882, -0.052120373742033814], [-0.25168448997583737, -0.5999615953462897, -0.09101785456437965, -0.38581605396030694, 0.6326805134381305, 0.6691202510126296, 0.12106667799529439, 0.3399290169265582, -0.3829366467973394, 0.5317826070040866, 0.04134450061213897, 0.04162446370595432], [-0.04598244996235856, 0.16349647900571518, 0.4775257974587847, -0.3000450159881826, 0.05946061591091034, 0.2664086739482524, 0.5978714278713438, -0.03580485812878789, -0.5689368659090008, -0.47061191051712625, -0.5963717550142997, 0.018182151179106265]], "inverted": false, "swapped": true, "error_lsq": 0.03591024814269033, "error_max": 0.22255533857531348, "target": "831.xyz", "model": "26.xyz", "model_rescale": 3.6694154284099745, "target_rescale": 4.00155578983627},
{"mapping": [5, 0, 1, 7, 11, 4, 2, 6, 8, 10, 9, 12, 3, 13], "R": [[-0.47346263734321126, 0.8595101677784033, 0.1925497403933647], [-0.878194926255491, -0.4774826774801978, -0.02799936080439086], [0.06787343028847073, -0.18235285627563588, 0.9808876761734718]], "T": [-0.07355298822303412, -0.03994739788237372, 0.12625136940998638], "aligned_model": [[-0.2452659759316677, -0.021834808044243315, 0.4448837305983546, -0.08472746853740602, 0.1178080988195757, -0.6295205829533217, 0.20399004940099774, 0.6026122217798257, -0.6903328242387379, -0.46099448402243337, -0.18552434759133388, 0.5202431983474657, 0.3969850582555402, -0.05111258964097644], [-0.18798743936532314, -0.6302613746061777, -0.2289533071343486, 0.4366923880308923, -0.08323315012383875, -0.640163231291193, -0.5632825052751439, -0.13734017826922096, 0.1126902543689022, -0.13214735701773203, 0.5312642168037952, 0.1647184055952483, 0.6083909134318697, -0.0853116935567006], [0.884260139604007, 0.4191472243766689, 0.8155602903890317, 0.5371262532769653, -0.7090226857742706, 0.04769211136803715, -0.20724506811207438, 0.19337578311095976, 0.194380463266499, -0.3246133273237445, -0.22877432177191614, -0.3587752391989033, 0.23152530365709692, 0.09957050520171566]], "inverted": true, "swapped": false, "error_lsq": 0.0441860682094236, "error_max": 0.28843810464140374, "target": "831.xyz", "model": "27.xyz", "model_rescale": 4.103607728864725, "target_rescale": 4.00155578983627},
