[{"mapping": [11, 5, 6, 10, 12, 8, 2, 7, 3, 0, 9, 13], "R": [[-0.961816558205284, 0.08971049943608507, 0.25857481442141605], [0.2000968246526087, -0.41409960448468364, 0.8879655276696116], [0.18673555935087655, 0.9057999469289876, 0.3803370702644676]], "T": [0.029759359391668093, 0.07717720691497172, -0.053077404824570074], "aligned_model": [[-0.3266545572968736, 0.1888944108629719, 0.4661122708719414, -0.43811962853772696, -0.027258394856930455, -0.6026843045144221, 0.47466123458829357, -0.23380871312437188, 0.6048091301665506, 0.19567201387456654, -0.49192430290224176, 0.027943303328791642], [-0.1903178142129724, -0.7726943197323394, -0.371678883843946, 0.4486436448335412, 0.4527954340732979, -0.3887017865345199, -0.192763028148085, -0.537030366635684, 0.12185754147173107, 0.3407530368363741, 0.16352844988642962, -0.020836872016770064], [-0.4093531605431758, -0.15564047937552355, -0.5572516881749805, -0.2983994684117437, -0.7112761591852568, 0.05233274891910633, 0.5774872940068896, 0.527797609805728, 0.1183669953241395, 0.5814416566466438, 0.40002754750849906, 0.05641884883323631]], "inverted": true, "swapped": true, "error_lsq": 0.05323949451665142, "error_max": 0.46571943860880116, "target": "832.xyz", "model": "0.xyz", "model_rescale": 3.751011558992144, "target_rescale": 4.080042971366974},
{"mapping": [2, 3, 5, 8, 0, 10, 4, 9, 11, 12, 7, 6, 1, 14], "R": [[-0.8731562234842845, -0.48411564206892277, -0.056835327876745396], [0.4313881431141793, -0.713192129628144, -0.5525045304945231], [0.22694157699981488, -0.5069408558605901, 0.8315698944094656]], "T": [0.015940067019176125, -0.11442889540735036, 0.015521912780603015], "aligned_model": [[0.29259583622439805, -0.39669700032608474, 0.3074940214925008, 0.6640550693218104, -0.014008243751569751, 0.22552468096508566, 0.6102544983798378, -0.15614896749867677, -0.5448173739454623, -0.7125458330495549, -0.4424627831883338, -0.25610611061107424, 0.16724340345769437, -0.030484201333994657], [-0.38733018096492255, -0.14835020560651818, -0.6606500965944812, -0.11326348509951434, 0.33946732536389873, -0.3721274389669586, 0.16516034907160032, -0.6991558821657694, -0.16133539828734034, -0.23524062983926092, 0.35825284371910826, 0.4032220652463593, 0.5644118839554371, -0.1407926838240577], [-0.7143579236956485, -0.6263393532885139, -0.06648258709760356, -0.12718000643894964, -0.5915907933547913, 0.7652682021167101, 0.45619660113693594, 0.2658603566709229, 0.5812796889684655, -0.06625780537625686, -0.06268182252188777, 0.48642965899126217, -0.028840752744952052, 0.027913458751924067]], "inverted": false, "swapped": false, "error_lsq": 0.05325794491941061, "error_max": 0.3737523538579537, "target": "832.xyz", "model": "1.xyz", "model_rescale": 3.9405287249114394, "target_rescale": 4.080042971366974},
{"mapping": [6, 5, 11, 0, 7, 12, 3, 2, 9, 10, 1, 4, 13], "R": [[-0.10442047770960025, 0.9933566680182028, 0.048362112636577956], [-0.8363832839117639, -0.061400834053868016, -0.544695272579507], [-0.5381072070023528, -0.0973266031528047, 0.8372384165163849]], "T": [-0.10706673950868117, -0.043614325442558145, -0.010503994685432925], "aligned_model": [[-0.2972510793927612, 0.16376995006026607, -0.39512268631579606, 0.3940745193987859, 0.600808054680236, -0.8563234061625252, 0.14580302997902728, 0.6545886861645899, 0.16110415551111146, -0.5666799897706568, -0.16354505447764606, -0.37436779441584467, 0.029124894025144538], [0.7355849667592793, 0.6357636401607132, 0.03844495375703479, -0.3651643976155718, -0.07618498135295454, -0.04036131333204534, 0.23504108134044846, 0.15386245163465137, -0.6307891116093857, -0.4811312497844421, -0.6475307991709998, -0.06933567272151722, -0.029366974493193733], [-0.06290381773476558, -0.48296333485138226, -0.4961035484915186, 0.37038530171549844, -0.5415287427001733, 0.11665552128587134, 0.4590487685441428, 0.211534703584594, -0.27170242509817233, -0.13056888475099543, 0.4986673422339728, 0.5064732950867733, -0.06387382923520143]], "inverted": true, "swapped": true, "error_lsq": 0.04690135801909712, "error_max": 0.2739371830243026, "target": "832.xyz", "model": "2.xyz", "model_rescale": 3.932901565614263, "target_rescale": 4.080042971366974},
{"mapping": [12, 10, 9, 5, 6, 7, 4, 8, 3, 11, 1, 0, 2, 13], "R": [[0.4746074708055725, 0.8630058944106318, -0.17311434044597077], [-0.2654050463305284, 0.3278355340651325, 0.9066884933572941], [0.8392305464160776, -0.38437571309427854, 0.3846393130524194]], "T": [-0.09123549215018247, -0.10309765181015361, 0.0891090433455798], "aligned_model": [[0.21110724171699136, -0.3207621444586769, 0.28253398148935627, 0.5796220967929094, 0.2313401919856647, 0.36901809115883427, 0.5497798057679436, -0.33171744744293113, -0.42196519522953696, -0.807352071236512, -0.5428177333766447, -0.16508725101386534, 0.11550600510231938, -0.03530857511927586], [-0.33874094268544874, -0.07110943945465516, -0.7271310326240306, -0.19321263142467643, 0.22982230807196646, -0.3817153027147675, 0.4050682278474669, -0.7516596220200623, -0.16513057683419624, -0.5389531395208526, 0.46677731024530467, 0.39389969235932076, 0.7016854809109438, -0.11733186614873284], [-0.5713384722850868, -0.5887107781789812, -0.014194681631162873, -0.15302536449684706, -0.41268921193051855, 0.558450487288843, 0.3958552431989905, 0.33471548769899456, 0.47310807693189305, -0.2189749344228043, -0.052611202008882044, 0.5323808411674539, 0.027611760643739283, -0.011360329858014717]], "inverted": true, "swapped": false, "error_lsq": 0.0483406446165574, "error_max": 0.3115242398956602, "target": "832.xyz", "model": "3.xyz", "model_rescale": 3.9243930471874484, "target_rescale": 4.080042971366974},
{"mapping": [0, 3, 1, 9, 10, 2, 7, 4, 11, 6, 8, 5, 13], "R": [[0.8068675125628828, -0.4785733837625494, 0.3463124795970397], [-0.3492111946268889, -0.8592588870420943, -0.3737990189746927], [0.4764623371451804, 0.1806700899242738, -0.8604312638955581]], "T": [0.08170615459907987, 0.05175424715850907, -0.15349895432070151], "aligned_model": [[0.040645477725195195, -0.3338584360675768, 0.5663709537022987, 0.45138707076927204, 0.7078880673950871, -0.5181950754428355, -0.22357288553302362, 0.19779130850823948, 0.21706808804002878, -0.4598562017562175, 0.21630274019819193, -0.585861279765713, 0.0010960585384048316], [-0.5589069227463764, -0.02605503160122595, -0.2533775804599176, -0.48342444885651137, 0.20062731647466364, -0.48524452817141583, -0.535306468806755, 0.23947600493700286, 0.3574447727982982, 0.6401037032192107, -0.13327088168447454, 0.21772740380987754, -0.051963785230789455], [-0.5070815087428376, -0.5816619380426057, -0.7004495534858359, 0.09516600510680692, -0.1004518238805393, -0.29551331260936053, 0.4349730316777205, -0.6926294937070195, 0.30882920830793104, -0.07212025137844727, 0.6053086536448717, 0.3802906976216519, -0.08758939914137209]], "inverted": true, "swapped": true, "error_lsq": 0.04786265980862962, "error_max": 0.3306336237838973, "target": "832.xyz", "model": "4.xyz", "model_rescale": 3.8936222436046832, "target_rescale": 4.080042971366974},
{"mapping": [1, 10, 9, 0, 8, 11, 6, 5, 2, 3, 7, 13], "R": [[-0.6032852275214295, 0.6507323406142792, 0.46107955401761036], [0.2944850843543553, 0.7190414856988911, -0.6294901722320527], [-0.7411649407164541, -0.24398107041857336, -0.6254180745151054]], "T": [-0.14177952374360592, -0.21145857853558964, 0.001751720341814783], "aligned_model": [[0.017577381267067704, -0.6492005936109951, -0.23998682124933163, 0.40282642733636276, -0.5612980261892964, -0.6493776646540804, -0.14851910499284346, -0.10441572880395067, 0.6014153499252932, 0.40668849008419383, 0.025472534737983582, -0.07363420163530573], [-0.6646738024790477, -0.44385023805118234, 0.13022165950197234, -0.18879024150675455, 0.4507118336524409, -0.02841668129280414, -0.25522343713180323, 0.35796900078959054, 0.12856402333715417, -0.3864449072676269, 0.6503046877941612, -0.08144899223629243], [-0.6278209087121525, -0.32320820206499135, -0.5970173671594284, -0.44825291402460765, -0.11518457168591914, 0.1871072480402388, 0.8043142267905196, 0.659384550578812, 0.023275159652019678, 0.1767785070670799, -0.11454822212121357, -0.005542787084838945]], "inverted": true, "swapped": true, "error_lsq": 0.04512647084697142, "error_max": 0.22054875687125267, "target": "832.xyz", "model": "5.xyz", "model_rescale": 3.6523030999806103, "target_rescale": 4.080042971366974},
{"mapping": [1, 4, 3, 0, 2, 10, 6, 9, 11, 8, 5, 7, 13], "R": [[-0.05403533472274797, 0.9010722076387374, 0.4302895062890245], [-0.8860013223924459, 0.1554731846253194, -0.4368406409450689], [-0.46052344057630534, -0.4048419018376349, 0.7899501219673613]], "T": [-0.04674928015385392, -0.05072049542785204, 0.11813920303028307], "aligned_model": [[0.20244989230462762, -0.13085068674687783, 0.2597789179823529, 0.6085823513096595, 0.6738347245990666, -0.3995392024367293, -0.42833818531005197, 0.2651637842771104, -0.4787411177544856, -0.09801927113539712, -0.10578647257827471, 0.4533733894100429, 0.05917478074325047], [-0.6001075283363662, -0.08644628915553726, 0.32155013198120735, -0.21274526581038578, 0.33401730513889105, -0.5901729222109566, 0.6566888386468152, -0.584434350824096, -0.08278635873547169, -0.25386004535293705, 0.623750638455553, 0.026642890507938645, -0.011270140141471298], [0.63120256964362, 0.6934891668541672, 0.47803751814517104, 0.32766746602237845, 0.0841868042771839, 0.15828053711220752, 0.11272597050997384, -0.20244501256870268, -0.25317160088893514, -0.646220160322926, -0.4293350522024411, -0.60851551331262, 0.024207046212712066]], "inverted": true, "swapped": true, "error_lsq": 0.04441378281466653, "error_max": 0.24054719544300784, "target": "832.xyz", "model": "6.xyz", "model_rescale": 4.08911054899281, "target_rescale": 4.080042971366974},
{"mapping": [3, 9, 6, 4, 8, 7, 5, 2, 13, 1, 11, 12, 10, 14], "R": [[-0.47061966123873167, 0.5916193541629232, -0.6546019204336231], [-0.46396585457154926, 0.46511361200107315, 0.753926398080746], [0.7505017123546311, 0.6585255254818609, 0.05559956871780081]], "T": [-0.021636925127932433, -0.08300176767064357, 0.022325902607071808], "aligned_model": [[0.3073042405045024, -0.3926916862349931, 0.20463352973948776, 0.6469854526205742, 0.1876327874944542, 0.2437374827357284, 0.5750547672224797, -0.2687968539350501, -0.5003117655458985, -0.6620501909389856, -0.44545278605741506, -0.14655275261612138, 0.10075663986002507, -0.1363518687122119], [-0.4677223963707329, -0.06777406133077679, -0.5276484441939221, -0.02831780517313834, 0.25557619062070813, -0.42203630420161065, 0.19454795293562685, -0.7878963877548064, -0.10187357683912271, -0.40877583150030805, 0.32134951937925227, 0.39021644813008594, 0.6265370669987996, -0.06391390469247468], [-0.586146926425381, -0.6680680350308534, 0.007029472815478589, -0.1940147313981, -0.5314972883331299, 0.6656928051033804, 0.4062873674114328, 0.3259294063083943, 0.5758679284020124, -0.12494312728218333, -0.015240247619573617, 0.5404595478073352, -0.006817807648324348, -0.09532144199287128]], "inverted": false, "swapped": false, "error_lsq": 0.05095238247189785, "error_max": 0.326345089735763, "target": "832.xyz", "model": "7.xyz", "model_rescale": 3.964800864290218, "target_rescale": 4.080042971366974},
{"mapping": [4, 2, 6, 3, 0, 10, 5, 11, 9, 12, 7, 8, 1, 13], "R": [[-0.9281519040568597, -0.2203413774597867, -0.2999728660641659], [0.31810053958861456, -0.8880488132484369, -0.33193576487247584], [-0.19325136405484555, -0.40350834274791286, 0.8943349079756279]], "T": [0.013548770892916558, -0.07388420226348118, -0.03903798045453222], "aligned_model": [[-0.24612396955192356, -0.19638304792305392, 0.28302148022163265, 0.7360203262485444, 0.451746493354456, 0.2931622563071759, 0.43369236007256023, -0.19054311781769734, -0.331306621461617, -0.7164479357206399, -0.5384422594304897, -0.25663038065440213, -0.009043621009889553, 0.0011750335019195032], [-0.5706240777719261, 0.042756885021935864, -0.5447581810769812, -0.10354438412190672, 0.14791542762729581, -0.30505627082984277, 0.2934014949351868, -0.8520054681562228, -0.26235525923584163, -0.23518655918821435, 0.3676232454611023, 0.3235293014077184, 0.6608420033970088, -0.050269691461732234], [-0.46437662079133923, -0.6562350445755358, -0.24438641161952446, -0.09487543219216094, -0.5605234095247771, 0.6981931817303493, 0.5835785179398776, 0.16097982130744098, 0.5261258416681656, 0.06941152518038002, -0.12406880432412387, 0.5610647728937868, -0.1899912106824554, 0.034320195107533896]], "inverted": false, "swapped": false, "error_lsq": 0.0542275884410124, "error_max": 0.3056490487289153, "target": "832.xyz", "model": "8.xyz", "model_rescale": 4.121658175737393, "target_rescale": 4.080042971366974},
{"mapping": [10, 4, 0, 9, 12, 11, 3, 5, 2, 6, 8, 7, 13], "R": [[-0.36458674851693607, 0.9145954306171806, 0.17490483441009366], [0.8982063292877227, 0.3949556291489759, -0.19296486994013132], [-0.24556443723251867, 0.08674819478070125, -0.9654909931578679]], "T": [-0.10607442941360917, -0.07025714854784035, -0.12943210680861625], "aligned_model": [[-0.6426391097765831, -0.23419806887979927, 0.4197765410934768, -0.006336298665712364, -0.7889027271305427, -0.4917377122421, 0.29728714038062004, 0.13705727600915518, 0.7079687416216878, -0.18138585570136362, -0.1831073097415007, 0.43030769857271584, 0.012647180895143106], [0.17216880416706176, -0.4835849541499444, 0.029968019536844456, 0.5794196188881178, -0.3760210481968933, 0.12324710475248937, -0.5047912215138348, -0.12453095212734158, -0.13409145086640278, -0.6118198742623344, 0.6052092612260841, 0.5191656282006846, -0.003951496242820859], [-0.39477900798831045, -0.5194595647223252, -0.591004786790632, -0.3594035868332799, -0.2629222960491595, 0.24384636388451517, -0.23215180770098906, 0.7048736457408805, -0.08849134460171458, 0.4597243789808392, 0.27793822799774925, 0.2565858434287711, -0.07368063138725608]], "inverted": true, "swapped": true, "error_lsq": 0.03957840838074606, "error_max": 0.20992198228878486, "target": "832.xyz", "model": "9.xyz", "model_rescale": 3.833441315466971, "target_rescale": 4.080042971366974},
{"mapping": [12, 11, 1, 6, 7, 5, 4, 0, 13, 10, 8, 2, 9, 14], "R": [[0.44488927379055365, -0.19191500682948215, 0.8747812093430871], [0.3507871504300454, -0.861384303956512, -0.3673764499672296], [0.8240278570286825, 0.47030384970888295, -0.3158993190713173]], "T": [0.0380512682990784, -0.08487154570104766, -0.0288782357548517], "aligned_model": [[0.1286044569339314, -0.18806916006663393, 0.27846373061938623, 0.6588095315530649, 0.16251017036351303, 0.18658677520910588, 0.7644995212058214, -0.25495436586202197, -0.39046086719716944, -0.7047906154426731, -0.6196303515022057, -0.12261976429009092, -0.22505517048532359, 0.04000310509787186], [-0.49483264631336527, 0.06819824247687459, -0.7702110406519034, -0.3078974294615507, 0.43625435624755954, -0.23241776642475193, 0.0477139250005289, -0.6366704656272135, -0.19175441669147208, -0.3282199147133611, 0.3094446742355352, 0.3309989913293439, 0.6735741639658128, 0.008087792635543115], [-0.46102644334522314, -0.6539992423339327, 0.10573438451315222, -0.19058229204181215, -0.4249233756025491, 0.6142411290633318, 0.2721310812069678, 0.24220959507094308, 0.6349289222631562, -0.2832827376370378, -0.1686243199476616, 0.5349362467164827, 0.08707534931623091, -0.009601375124431492]], "inverted": true, "swapped": false, "error_lsq": 0.05393403443786205, "error_max": 0.31919215294615505, "target": "832.xyz", "model": "10.xyz", "model_rescale": 4.2482417240324, "target_rescale": 4.080042971366974},
{"mapping": [7, 9, 10, 1, 5, 6, 11, 4, 0, 3, 2, 13], "R": [[-0.001022472139902364, -0.7292305855170124, 0.6842672779676366], [-0.8624470675567589, -0.34569661119452433, -0.3697011072087419], [0.506146234020832, -0.5905223163904456, -0.6285693148980405]], "T": [0.07806200200469963, 0.08881610625411504, 0.06280150734793793], "aligned_model": [[-0.7427604242443415, -0.08355826560799447, 0.4614744407739429, 0.6427515253558275, -0.6358137262133186, -0.07911818670393202, -0.06260743245004687, 0.6043798155846227, 0.08230670027585839, 0.11472586101849454, -0.36989023244324, -0.055124472982866116], [-0.2338623576491056, -0.5873329923617473, -0.22211179727842903, -0.37009535147839856, 0.5677290821073747, 0.8660512765159523, 0.15300912603725092, 0.23433330120854884, -0.2789417553839941, 0.37163812893928516, 0.11043279847735626, 0.05528193091654576], [-0.016343981331138457, 0.10299807478363991, 0.47921442421086746, -0.2497466870508136, 0.20117985426146345, 0.19420637767686097, 0.6119902243402606, -0.14015480539346392, -0.5408124455611878, -0.46704679021768186, -0.6207837197760875, 0.010491763911637378]], "inverted": true, "swapped": true, "error_lsq": 0.044353677409433294, "error_max": 0.2808930720956588, "target": "832.xyz", "model": "11.xyz", "model_rescale": 3.6694154284099745, "target_rescale": 4.080042971366974},
{"mapping": [2, 3, 10, 12, 1, 7, 5, 9, 11, 8, 4, 6, 0, 13], "R": [[-0.9770056196567418, -0.09921363441263395, -0.18872380323049487], [0.20780733274576044, -0.6411574156846398, -0.7387376264748448], [-0.047708821157508366, -0.760969002692771, 0.647031718947789]], "T": [0.021629838927677458, -0.07214222855430191, 0.07982391325818518], "aligned_model": [[0.0482114287363828, -0.52203158001113, 0.3175606064891175, 0.6550279720317542, 0.08666597901828822, 0.31297895165438927, 0.5818883871925572, -0.2739787510665755, -0.6372289475753041, -0.49568499560627377, -0.4920644101044207, -0.09515399088930013, 0.19564974886904052, 0.03205659739805018], [-0.3458868870016826, 0.00859536017689616, -0.6324552022834948, -0.10269963455598038, 0.26048657211179893, -0.4247735190815945, 0.24182717132593706, -0.7485471964812425, -0.14262099100664055, -0.5385978391922635, 0.4155653296083858, 0.26702433393966984, 0.6158670188008406, 0.038483949646950844], [-0.5123507691177888, -0.5828695331607722, 0.03506746579317592, -0.16439228232517045, -0.6958060729795233, 0.6654280337388715, 0.5615960248541697, 0.395700705339296, 0.40534886222228494, -0.21581501615837034, -0.1345080861554106, 0.5170680252059301, -0.004426967587468897, 0.029176532448393216]], "inverted": false, "swapped": false, "error_lsq": 0.053285545316928674, "error_max": 0.337065190276694, "target": "832.xyz", "model": "12.xyz", "model_rescale": 3.9764082729961374, "target_rescale": 4.080042971366974},
{"mapping": [10, 11, 1, 12, 13, 0, 5, 2, 7, 8, 14, 4, 6, 15], "R": [[-0.7085773957078713, 0.6587025681805946, 0.2530395245097888], [-0.7049701198147799, -0.6452883998065116, -0.2943127779140528], [-0.030581112801629402, -0.38692868560942933, 0.9216024022279746]], "T": [0.026380360499144075, -0.053881437486459384, 0.03758390969017375], "aligned_model": [[0.029034099508346383, -0.42025109715581016, 0.22609054216261068, 0.5443192740088616, 0.19015321837118343, 0.1147698983943905, 0.6073107521703844, -0.1797797272862605, -0.4541722117114496, -0.46250679564591474, -0.40043435769061425, -0.10325065850351942, 0.07763456104942376, -0.055020501535056374], [-0.5241076540953902, -0.05222215124064159, -0.6392777025928724, -0.1755161696175044, 0.29161145082769674, -0.30864111573362324, 0.2950901367238261, -0.7663074526984268, -0.21774982006691046, -0.5065334849501544, 0.5025432754841279, 0.30421777105465037, 0.7083723148983027, 0.0007890680145003215], [-0.6143571626784776, -0.6189694290048449, -0.10646342419838836, -0.31477642967856134, -0.44021694980640125, 0.7116704986624864, 0.531104553899322, 0.3311936931777668, 0.597271391643486, -0.19852688873266564, -0.3458594038612114, 0.6465375019562756, 0.03859860202446164, 0.08201036871436904]], "inverted": true, "swapped": false, "error_lsq": 0.045847527853112004, "error_max": 0.2574524416813422, "target": "832.xyz", "model": "13.xyz", "model_rescale": 4.170626492500431, "target_rescale": 4.080042971366974},
{"mapping": [11, 9, 5, 12, 10, 4, 8, 6, 2, 3, 1, 0, 7, 13], "R": [[0.5978692572598486, 0.698838606707908, 0.39265373167475054], [0.7561200482132375, -0.6542995055164039, 0.013214755805569689], [0.26614812400910953, 0.2889926622866738, -0.9195914403858336]], "T": [-0.059668575577718916, -0.05353183304971508, 0.0829431192262061], "aligned_model": [[-0.079164766243519, -0.24425752756331331, 0.38603794205399783, 0.6406116945795886, 0.2734422831145545, 0.34756668484661624, 0.5418140237660065, -0.21075829652588363, -0.3919117828354877, -0.6690224960231459, -0.5864871612702819, -0.3166350675691563, 0.07000021407259828, -0.047338748265998015], [-0.4848520954437419, 0.1366234794341305, -0.8274777275362442, -0.23348372315551918, 0.17873051665059964, -0.1979612014139419, 0.33367788851444474, -0.880147602499736, -0.2121662853027732, -0.32694284677657554, 0.4487176146615869, 0.3754442267169033, 0.7444218738664904, -0.14231565170804317], [-0.4767374869493305, -0.6826117869711936, -0.08902571778876452, -0.030771355058864427, -0.30874510080065926, 0.6454044341751143, 0.28255175385368086, 0.1199232889181228, 0.6282702953560849, -0.08854396961876278, -0.16408347840636855, 0.40822172084119657, 0.020607820252700762, 0.03475650431465975]], "inverted": false, "swapped": false, "error_lsq": 0.04440442977826909, "error_max": 0.30060895008492156, "target": "832.xyz", "model": "14.xyz", "model_rescale": 3.9786697098870705, "target_rescale": 4.080042971366974},
{"mapping": [4, 6, 10, 1, 11, 8, 2, 7, 9, 0, 5, 13], "R": [[0.9172778537046318, -0.0985142104641639, 0.38587081962704395], [0.3819509050607111, -0.05672010243334073, -0.9224404241484949], [0.11276012250050052, 0.9935178812263894, -0.014400501973832858]], "T": [0.01337769008951245, -0.06388570955322172, -0.17363835276132117], "aligned_model": [[0.00193186516602048, -0.7017693626697488, 0.5380973059767402, 0.5279159259119193, 0.062227736056305105, 0.27381522118199547, -0.34744720385316025, 0.006613075404767577, 0.5788300872908017, 0.1767182185450415, -0.6178755099863806, -0.01570276225696493], [-0.5336995390589547, 0.15914908028119634, 0.03600026153443481, -0.6636200566715602, 0.46414006638081506, 0.6226932251807816, -0.3502224198045124, 0.34666718010580366, 0.042819229677288725, -0.5647697354668422, 0.4840349258200928, -0.028517727754104272], [-0.5179070247277402, -0.4649930112342007, -0.5366439921272279, -0.2258827247637648, -0.3841599274482646, 0.12455819960424508, 0.5018125579239106, 0.6109223011459117, 0.21852503275418483, 0.29758211661056416, 0.07013846196887066, -0.03398549583265875]], "inverted": true, "swapped": true, "error_lsq": 0.04878149702917461, "error_max": 0.35818812756218105, "target": "832.xyz", "model": "15.xyz", "model_rescale": 3.769337070930944, "target_rescale": 4.080042971366974},
{"mapping": [9, 7, 10, 11, 1, 0, 4, 2, 6, 5, 13], "R": [[0.5708441085764502, 0.06496705698630086, -0.8184841386429531], [-0.033690392827033275, 0.9978784593382108, 0.055709405130183326], [0.8203669673595582, -0.0042263335572867745, 0.5718218052592473]], "T": [0.020944039348742796, 0.18220547958903038, -0.009051798505425467], "aligned_model": [[-0.2515467549234758, -0.48605245993907076, -0.1304804495616087, -0.4711164676484047, 0.5060241955640933, 0.4072802734283292, 0.5271032230528393, 0.2761363324938054, -0.010235524388510983, -0.41735355803766544, -0.027132679349160027], [-0.13098284230202245, -0.5431166340096791, 0.6090131581639855, 0.4590271057257277, 0.21670088234010862, -0.3257404080604625, 0.46391998931756984, -0.5578063208353703, 0.41964210981373407, -0.06012947204412078, 0.04553692951587168], [-0.5681370519004837, 0.022527246970278067, -0.4694720482730823, 0.07318642379487962, -0.6340859310756047, -0.31294150853819297, -0.07083185646067768, 0.22690725985806093, 0.7582284912148833, 0.7031937687087277, 0.01564281292498851]], "inverted": false, "swapped": true, "error_lsq": 0.05614960092677598, "error_max": 0.30246670872889886, "target": "832.xyz", "model": "16.xyz", "model_rescale": 3.7852294659196426, "target_rescale": 4.080042971366974},
{"mapping": [4, 0, 9, 1, 3, 2, 5, 7, 10, 12, 6, 8, 13], "R": [[0.7707166571217694, -0.6053025534944315, -0.19900917860281264], [-0.4186441519131695, -0.2455964124949675, -0.8743108578980964], [0.48034665451520364, 0.757159970483598, -0.44269162019777264]], "T": [0.04954006931113422, 0.10567224710382146, -0.06688259001418732], "aligned_model": [[-0.022902583401264553, -0.3354615495164497, 0.293618941500424, 0.12396370397274545, -0.5096633375601423, -0.6916078677971578, -0.22992620289840546, -0.1461936584109295, 0.6483779520557388, 0.49950856295927226, -0.18045267130195733, 0.4283531633352451, -0.023848602720836207], [-0.10075299919984708, -0.47034673701629476, -0.3273381517101791, -0.6346435545454767, 0.05210693188672967, -0.02009234570833994, 0.8397712237242234, 0.16297580806488876, -0.09303841021450891, 0.2287330493863468, 0.8327632675540709, 0.29451927428647445, 0.11039826719478699], [-0.6068063249592289, 0.07308008300971923, 0.42080786218433514, -0.33809098603970916, -0.2825074036510947, 0.2545209740399413, 0.30877956657885114, 0.7948247063526012, -0.2046804186853644, -0.666840980888658, -0.32086949677609783, 0.6031748442292448, 0.060362271748634275]], "inverted": true, "swapped": true, "error_lsq": 0.04361918258315884, "error_max": 0.285692720602593, "target": "832.xyz", "model": "17.xyz", "model_rescale": 3.901054581598922, "target_rescale": 4.080042971366974},
{"mapping": [2, 3, 5, 8, 0, 10, 4, 9, 11, 12, 7, 6, 1, 14], "R": [[-0.8731562234842845, -0.48411564206892277, -0.056835327876745396], [0.4313881431141793, -0.713192129628144, -0.5525045304945231], [0.22694157699981488, -0.5069408558605901, 0.8315698944094656]], "T": [0.015940067019176125, -0.11442889540735036, 0.015521912780603015], "aligned_model": [[0.29259583622439805, -0.39669700032608474, 0.3074940214925008, 0.6640550693218104, -0.014008243751569751, 0.22552468096508566, 0.6102544983798378, -0.15614896749867677, -0.5448173739454623, -0.7125458330495549, -0.4424627831883338, -0.25610611061107424, 0.16724340345769437, -0.030484201333994657], [-0.38733018096492255, -0.14835020560651818, -0.6606500965944812, -0.11326348509951434, 0.33946732536389873, -0.3721274389669586, 0.16516034907160032, -0.6991558821657694, -0.16133539828734034, -0.23524062983926092, 0.35825284371910826, 0.4032220652463593, 0.5644118839554371, -0.1407926838240577], [-0.7143579236956485, -0.6263393532885139, -0.06648258709760356, -0.12718000643894964, -0.5915907933547913, 0.7652682021167101, 0.45619660113693594, 0.2658603566709229, 0.5812796889684655, -0.06625780537625686, -0.06268182252188777, 0.48642965899126217, -0.028840752744952052, 0.027913458751924067]], "inverted": false, "swapped": false, "error_lsq": 0.05325794491941061, "error_max": 0.3737523538579537, "target": "832.xyz", "model": "18.xyz", "model_rescale": 3.9405287249114394, "target_rescale": 4.080042971366974},
{"mapping": [12, 4, 3, 1, 0, 10, 2, 14, 11, 13, 7, 9, 8, 15], "R": [[0.2916642585407588, -0.8332089243716374, -0.46978170317428136], [-0.15435867311157703, 0.44369909364916166, -0.8827822575981837], [0.9439837712191366, 0.3299909129693902, 0.0007981431736591715]], "T": [-0.03257920438233784, -0.05692317890876027, -0.027887504783723826], "aligned_model": [[-0.03945870806717315, -0.25298405748109315, 0.48915667974786514, 0.590420189684692, 0.2669109355775413, 0.25647005203305506, 0.6068967365792853, -0.2142581496793815, -0.3118819178779472, -0.6415218956375912, -0.555611566957879, -0.5344139786068984, 0.06202413557244231, -0.007851458750341787], [-0.4688240305053704, 0.09461897189325921, -0.7300389024705907, -0.11437235785714364, 0.31779559965156406, -0.4424632010137726, 0.09750270897658259, -0.7586022955754794, -0.15600409401514584, -0.3119626022634259, 0.3841956563917626, 0.3674906044000397, 0.6912871803886322, -0.058354771993331625], [-0.3890376440505259, -0.7084179639675083, -0.03952729768025122, -0.23786552937131966, -0.5203971503918297, 0.5931708303728872, 0.5400459852440407, 0.24483605515518625, 0.6289124407061393, 0.09650516651847131, -0.19364898940274058, 0.3684010856059447, -0.08707890488056262, 0.0033188382596856005]], "inverted": false, "swapped": false, "error_lsq": 0.04689959992193615, "error_max": 0.34895886557919364, "target": "832.xyz", "model": "19.xyz", "model_rescale": 4.410303926677745, "target_rescale": 4.080042971366974},
{"mapping": [4, 2, 6, 3, 0, 10, 5, 11, 9, 12, 7, 8, 1, 13], "R": [[-0.9281519040568597, -0.2203413774597867, -0.2999728660641659], [0.31810053958861456, -0.8880488132484369, -0.33193576487247584], [-0.19325136405484555, -0.40350834274791286, 0.8943349079756279]], "T": [0.013548770892916558, -0.07388420226348118, -0.03903798045453222], "aligned_model": [[-0.24612396955192356, -0.19638304792305392, 0.28302148022163265, 0.7360203262485444, 0.451746493354456, 0.2931622563071759, 0.43369236007256023, -0.19054311781769734, -0.331306621461617, -0.7164479357206399, -0.5384422594304897, -0.25663038065440213, -0.009043621009889553, 0.0011750335019195032], [-0.5706240777719261, 0.042756885021935864, -0.5447581810769812, -0.10354438412190672, 0.14791542762729581, -0.30505627082984277, 0.2934014949351868, -0.8520054681562228, -0.26235525923584163, -0.23518655918821435, 0.3676232454611023, 0.3235293014077184, 0.6608420033970088, -0.050269691461732234], [-0.46437662079133923, -0.6562350445755358, -0.24438641161952446, -0.09487543219216094, -0.5605234095247771, 0.6981931817303493, 0.5835785179398776, 0.16097982130744098, 0.5261258416681656, 0.06941152518038002, -0.12406880432412387, 0.5610647728937868, -0.1899912106824554, 0.034320195107533896]], "inverted": false, "swapped": false, "error_lsq": 0.0542275884410124, "error_max": 0.3056490487289153, "target": "832.xyz", "model": "20.xyz", "model_rescale": 4.121658175737393, "target_rescale": 4.080042971366974},
{"mapping": [1, 4, 3, 0, 2, 10, 6, 9, 11, 8, 5, 7, 13], "R": [[-0.05403533472274797, 0.9010722076387374, 0.4302895062890245], [-0.8860013223924459, 0.1554731846253194, -0.4368406409450689], [-0.46052344057630534, -0.4048419018376349, 0.7899501219673613]], "T": [-0.04674928015385392, -0.05072049542785204, 0.11813920303028307], "aligned_model": [[0.20244989230462762, -0.13085068674687783, 0.2597789179823529, 0.6085823513096595, 0.6738347245990666, -0.3995392024367293, -0.42833818531005197, 0.2651637842771104, -0.4787411177544856, -0.09801927113539712, -0.10578647257827471, 0.4533733894100429, 0.05917478074325047], [-0.6001075283363662, -0.08644628915553726, 0.32155013198120735, -0.21274526581038578, 0.33401730513889105, -0.5901729222109566, 0.6566888386468152, -0.584434350824096, -0.08278635873547169, -0.25386004535293705, 0.623750638455553, 0.026642890507938645, -0.011270140141471298], [0.63120256964362, 0.6934891668541672, 0.47803751814517104, 0.32766746602237845, 0.0841868042771839, 0.15828053711220752, 0.11272597050997384, -0.20244501256870268, -0.25317160088893514, -0.646220160322926, -0.4293350522024411, -0.60851551331262, 0.024207046212712066]], "inverted": true, "swapped": true, "error_lsq": 0.04441378281466653, "error_max": 0.24054719544300784, "target": "832.xyz", "model": "21.xyz", "model_rescale": 4.08911054899281, "target_rescale": 4.080042971366974},
{"mapping": [14, 15, 13, 4, 2, 6, 0, 10, 5, 9, 11, 8, 1, 16], "R": [[0.22659648315590464, -0.8932459271597928, -0.38828565185159547], [-0.9243133830584633, -0.3229018233977534, 0.20341873646600211], [-0.307081102838313, 0.312803654164795, -0.8988075824228217]], "T": [0.002522428361613812, -0.15489368893464053, -0.0031097653885480657], "aligned_model": [[-0.14377084777785715, -0.2971415023068505, 0.47144259298814234, 0.6490997199546158, 0.3057729876726898, 0.1517570923009985, 0.6630167633377576, -0.2867897044673314, -0.6093777520001775, -0.5755954419053252, -0.5532859630196365, -0.22746664848924952, 0.11730314867215066, 0.048932551176648575], [-0.4667484605561507, 0.18967610827781087, -0.6052312799109671, -0.08643406663478617, 0.25914522443426735, -0.0855710208915062, 0.05074667341703698, -0.7000170005260467, -0.2314991416183006, -0.5631485556597815, 0.37135124308189826, 0.3133234084929488, 0.6302907433590669, -0.16361540925790932], [-0.5445591764329595, -0.5714232364584053, -0.12159984678149136, -0.25518767393782665, -0.5109135718601681, 0.723861699887531, 0.3455142054103154, 0.516769522689485, 0.3395837242497973, -0.0846898085104709, -0.009137522479133183, 0.4536612847731761, 0.014473601599669778, 0.002863719968097325]], "inverted": false, "swapped": false, "error_lsq": 0.048176675680154234, "error_max": 0.26899762637666474, "target": "832.xyz", "model": "22.xyz", "model_rescale": 4.204369325754507, "target_rescale": 4.080042971366974},
{"mapping": [12, 4, 3, 1, 0, 10, 2, 14, 11, 13, 7, 9, 8, 15], "R": [[0.2916642585407588, -0.8332089243716374, -0.46978170317428136], [-0.15435867311157703, 0.44369909364916166, -0.8827822575981837], [0.9439837712191366, 0.3299909129693902, 0.0007981431736591715]], "T": [-0.03257920438233784, -0.05692317890876027, -0.027887504783723826], "aligned_model": [[-0.03945870806717315, -0.25298405748109315, 0.48915667974786514, 0.590420189684692, 0.2669109355775413, 0.25647005203305506, 0.6068967365792853, -0.2142581496793815, -0.3118819178779472, -0.6415218956375912, -0.555611566957879, -0.5344139786068984, 0.06202413557244231, -0.007851458750341787], [-0.4688240305053704, 0.09461897189325921, -0.7300389024705907, -0.11437235785714364, 0.31779559965156406, -0.4424632010137726, 0.09750270897658259, -0.7586022955754794, -0.15600409401514584, -0.3119626022634259, 0.3841956563917626, 0.3674906044000397, 0.6912871803886322, -0.058354771993331625], [-0.3890376440505259, -0.7084179639675083, -0.03952729768025122, -0.23786552937131966, -0.5203971503918297, 0.5931708303728872, 0.5400459852440407, 0.24483605515518625, 0.6289124407061393, 0.09650516651847131, -0.19364898940274058, 0.3684010856059447, -0.08707890488056262, 0.0033188382596856005]], "inverted": false, "swapped": false, "error_lsq": 0.04689959992193615, "error_max": 0.34895886557919364, "target": "832.xyz", "model": "23.xyz", "model_rescale": 4.410303926677745, "target_rescale": 4.080042971366974},
{"mapping": [0, 3, 12, 5, 4, 14, 15, 7, 11, 1, 10, 9, 8, 16], "R": [[-0.8541959881211383, 0.2471972562400867, 0.4574305743882078], [0.0904519283321315, -0.7956955108205583, 0.5989049195999394], [0.5120231074265611, 0.552957657119769, 0.6573204446035927]], "T": [0.02605908094276108, -0.14549027308133872, 0.11453190574525073], "aligned_model": [[0.023902903565708265, -0.34538766569174423, 0.4896305046673326, 0.5765526415813625, 0.15080381790963704, 0.17850144756337546, 0.5330256614092598, -0.2866225669370432, -0.44601463298499466, -0.7531510034478747, -0.40210673037204103, -0.04989924431345896, 0.0817146251011322, -0.03705276191407543], [-0.6046057023793622, -0.005581946619386768, -0.7438220922389518, -0.0939230544261061, 0.29226193478137635, -0.14341497328877312, 0.24049749396844838, -0.7319854958296073, -0.14658484948929915, -0.3590861369926758, 0.3378133126531303, 0.35089074249546376, 0.6647690845153444, -0.14495985114202076], [-0.4851298193679817, -0.6927499280868497, -0.1561642413887876, -0.1853008727889358, -0.4018943988728755, 0.7740067028410251, 0.435954557113778, 0.1281126809413446, 0.5362743593015716, -0.17450753944215835, 0.03161249720323918, 0.4890398546964, -0.012310126270559177, 0.0122731962384066]], "inverted": false, "swapped": false, "error_lsq": 0.041974418708828135, "error_max": 0.26989438334603433, "target": "832.xyz", "model": "24.xyz", "model_rescale": 4.28219845311461, "target_rescale": 4.080042971366974},
{"mapping": [4, 7, 0, 2, 13, 10, 14, 1, 5, 3, 9, 11, 12, 15], "R": [[-0.018876201075984644, -0.9997600342463271, 0.011115887581386763], [-0.43779127974578713, -0.001730595343777841, -0.8990749692980571], [0.8988784591987313, -0.021837558552620484, -0.4376535577657011]], "T": [-0.0026928458019511957, -0.09521576033675776, 0.03727994593864938], "aligned_model": [[-0.009291510350329638, -0.32974953323696554, 0.37739842780802924, 0.6361528770603898, 0.20898933909814707, 0.27554053359181296, 0.6069903890415161, -0.3193534421036962, -0.6111301039979055, -0.6294577695827861, -0.5590187439329328, -0.06794619447529565, 0.1028836897232315, 0.031889037493361125], [-0.5205354409709613, 0.11673206444949182, -0.8041236229336702, -0.1778058551006047, 0.2772391841346908, -0.008379842994746908, 0.2481288773476536, -0.6365387437423501, -0.20181235510518214, -0.44897097827339666, 0.28338820698888056, 0.2830518769787937, 0.6600595072986789, -0.158164412069697], [-0.5574537759210659, -0.6362614770804828, -0.09886129729655149, -0.19474385244270428, -0.37428344391969964, 0.7753521164466394, 0.33818763580182765, 0.16601569557084475, 0.6235579940838171, -0.249195744060397, -0.026235523617303143, 0.4234569342422248, 0.09050367633913406, 0.019177983971333412]], "inverted": true, "swapped": false, "error_lsq": 0.044180730486395745, "error_max": 0.2741528107309367, "target": "832.xyz", "model": "25.xyz", "model_rescale": 4.100010024507729, "target_rescale": 4.080042971366974},
{"mapping": [7, 9, 10, 1, 5, 6, 11, 4, 0, 3, 2, 13], "R": [[-0.001022472139902364, -0.7292305855170124, 0.6842672779676366], [-0.8624470675567589, -0.34569661119452433, -0.3697011072087419], [0.506146234020832, -0.5905223163904456, -0.6285693148980405]], "T": [0.07806200200469963, 0.08881610625411504, 0.06280150734793793], "aligned_model": [[-0.7427604242443415, -0.08355826560799447, 0.4614744407739429, 0.6427515253558275, -0.6358137262133186, -0.07911818670393202, -0.06260743245004687, 0.6043798155846227, 0.08230670027585839, 0.11472586101849454, -0.36989023244324, -0.055124472982866116], [-0.2338623576491056, -0.5873329923617473, -0.22211179727842903, -0.37009535147839856, 0.5677290821073747, 0.8660512765159523, 0.15300912603725092, 0.23433330120854884, -0.2789417553839941, 0.37163812893928516, 0.11043279847735626, 0.05528193091654576], [-0.016343981331138457, 0.10299807478363991, 0.47921442421086746, -0.2497466870508136, 0.20117985426146345, 0.19420637767686097, 0.6119902243402606, -0.14015480539346392, -0.5408124455611878, -0.46704679021768186, -0.6207837197760875, 0.010491763911637378]], "inverted": true, "swapped": true, "error_lsq": 0.044353677409433294, "error_max": 0.2808930720956588, "target": "832.xyz", "model": "26.xyz", "model_rescale": 3.6694154284099745, "target_rescale": 4.080042971366974},
{"mapping": [2, 0, 11, 10, 4, 9, 8, 12, 3, 6, 1, 7, 5, 13], "R": [[0.40114415013998606, -0.6462843703017638, -0.6491532049617573], [0.3411706843757939, -0.5522712594927506, 0.7606569660897372], [-0.8501093664529412, -0.5266051354116704, -0.0010471041187272712]], "T": [0.031848995215604414, -0.03492535566470331, 0.0448899892180108], "aligned_model": [[-0.03240350256132868, -0.14211114952412082, 0.2770682579325692, 0.5931098072936112, 0.5697091332306747, 0.2892887163436931, 0.531307973723659, -0.2517472444242462, -0.4460151866921806, -0.5872090093431928, -0.7534909178079754, -0.1726010390738309, -0.1876012015063214, 0.02659235854556565], [-0.43104732362152387, 0.22833351453932485, -0.8528427979357616, -0.23214583877474296, 0.20335425397208112, -0.32163428443765296, 0.31768103840367035, -0.7594117104685956, -0.21087770633499414, -0.3021080772374475, 0.32167124164230376, 0.30073213759809647, 0.7170960812281227, -0.06653206256530048], [-0.5038254645781474, -0.5359421538613596, -0.03909834370097435, -0.04444702304463296, -0.5290959597865599, 0.6073722694879874, 0.2308110802212607, 0.20117661027865885, 0.6721999718236961, -0.0838384539833783, -0.1441251993170104, 0.5364820512104986, -0.06594262932683595, -0.002509833305586226]], "inverted": true, "swapped": false, "error_lsq": 0.0557297015737403, "error_max": 0.3709484973544089, "target": "832.xyz", "model": "27.xyz", "model_rescale": 4.103607728864725, "target_rescale": 4.080042971366974},
