[{"mapping": [9, 5, 4, 7, 8, 13, 1, 12, 0, 6, 10, 14], "R": [[-0.24663638539606147, -0.9552594854213394, -0.16324769190197785], [-0.8875948174916382, 0.29028539002232756, -0.35764484101070226], [0.3890320467014906, 0.056689574457238545, -0.9194783079481029]], "T": [-0.002036192387459392, 0.028951023505001824, -0.020722717976086026], "aligned_model": [[-0.33161603479439805, 0.12500563892417405, 0.2775651816258497, 0.09529739792494771, -0.10470450574851635, -0.5124602072881549, 0.4572148268587942, -0.21556956387513093, 0.5878506994960441, 0.06280286304266923, -0.5899199784019641, -0.013823855303766001], [-0.2574449596180042, -0.6611319456237724, -0.31819244388481766, 0.7138922436447537, 0.3257143313136678, -0.6354359542675052, -0.2735384125739854, -0.4354007383868071, 0.31184002079208273, 0.24498357457449127, 0.028065270250786103, 0.010204049756167483], [-0.5800043052344661, -0.03741118142734457, -0.5576307457504337, -0.2830348718771145, -0.6749492700422624, -0.005192317324629471, 0.437236673188499, 0.6712069117559929, 0.19139681135962858, 0.6129308694751299, 0.38395800711769834, 0.023445164112864493]], "inverted": false, "swapped": true, "error_lsq": 0.05114250841230003, "error_max": 0.3291613211418401, "target": "835.xyz", "model": "0.xyz", "model_rescale": 3.751011558992144, "target_rescale": 4.0674162906941795},
{"mapping": [4, 6, 1, 4, 0, 7, 10, 8, 2, 3, 9, 5, 11, 12, 14], "R": [[-0.9311905232853238, -0.29902718755818475, -0.20848729084682133], [0.3645308653778046, -0.7657477947700538, -0.529856171986048], [-0.0012072822842025682, -0.5693970986103123, 0.8220617291685853]], "T": [0.024115236924163445, 0.04021213321820293, 0.025261848208864398], "aligned_model": [[-0.4289792454280506, 0.4356059585229553, -0.08321765019723593, -0.4289792454280506, -0.055119235561231474, 0.48501720984601265, -0.02322076815514635, -0.637533756139614, -0.4342859000484494, 0.2721363700188815, 0.20651235706290627, -0.317728073906556, 0.6963220097710728, 0.7026061875480065, 0.07008970501600449], [-0.3006987838687997, -0.4672517548388473, -0.647142969993443, -0.3006987838687997, -0.39105696727030864, -0.39043610629958025, 0.2568951551780759, -0.010115023338902206, 0.3113414798535775, 0.1275088250767028, 0.6292915854504993, 0.5627404233844674, 0.116073280980664, 0.22315811363477478, 0.06992983751136694], [-0.5261536997970712, -0.3447131963904542, 0.06659177522221205, -0.5261536997970712, 0.6443203105799691, 0.22968417809047315, -0.7642072890893138, 0.014964303334536768, 0.6577927778900926, 0.7423885417866095, -0.20691547811109426, 0.011355597390169388, -0.39795692468002974, 0.2664171969950445, 0.022612550455904084]], "inverted": true, "swapped": false, "error_lsq": 0.04816996110747976, "error_max": 0.3574386742500837, "target": "835.xyz", "model": "1.xyz", "model_rescale": 3.9405287249114394, "target_rescale": 4.0674162906941795},
{"mapping": [9, 5, 4, 6, 1, 8, 10, 12, 0, 7, 3, 11, 14], "R": [[-0.6735749732319557, 0.18462797674985362, 0.7156879666704101], [-0.7328445642146195, -0.29272769725986336, -0.6142062682503513], [0.09610202982588273, -0.9382020067438535, 0.33247766000913787]], "T": [-0.05104921647092811, -0.0056775086456289856, -0.01476793814766084], "aligned_model": [[-0.4884045225605633, 0.22283798912826755, -0.3666163994034398, 0.44814417403136564, 0.5435185239266497, -0.7765714804083811, 0.24270827089217564, 0.7348683924527175, 0.10498045159425398, -0.5481794394941393, -0.0388220119524805, -0.5775245358958733, -0.004956133026620971], [0.5510886628993564, 0.46931416742558657, 0.2513655381177744, -0.37833533501563543, -0.1461193184954782, -0.009026997874468305, 0.21815876745795232, 0.29661495228764106, -0.6143073063513933, -0.529034564453002, -0.7993710759414191, 0.14445307517858072, 0.0040320283365219145], [-0.06138544531621529, -0.4529475157971492, -0.5816029853675045, 0.23885212896940597, -0.38746548536062775, 0.00032677322160714825, 0.5959517027664035, 0.16112535921963078, -0.2944319092912192, 0.1476663637327087, 0.24483005357729595, 0.5020577625404186, 0.00014354669388912458]], "inverted": true, "swapped": true, "error_lsq": 0.046495866206018706, "error_max": 0.2868573584167028, "target": "835.xyz", "model": "2.xyz", "model_rescale": 3.932901565614263, "target_rescale": 4.0674162906941795},
{"mapping": [10, 6, 12, 11, 13, 5, 1, 9, 8, 4, 0, 7, 2, 14], "R": [[0.33490748390003633, 0.4904338593712329, 0.8045567766229959], [0.8211837678515244, -0.5706321748164036, 0.0060116953911007465], [0.46205432217967723, 0.6586756035003418, -0.593845310420601]], "T": [0.07475785835344266, -0.024283926155211424, 0.019813787291554294], "aligned_model": [[-0.0914313046644314, 0.5832150944943351, 0.12597567419232109, -0.37280990888202326, -0.5586246612678639, -0.15371149251425714, 0.5206578021520464, -0.6022525740542389, -0.24449728190379288, -0.20040172355550795, 0.7259210132323842, 0.2917835176338564, 0.31187881202533246, 0.08410694516454374], [0.06178090851782002, -0.031151851061770888, -0.5625569199351629, 0.5728127081264496, -0.4500421177298799, -0.6817603386617511, -0.5813494596910024, -0.011019635699234333, 0.4611101822370405, -0.2798786885624361, -0.03185278138568375, 0.6305022342803182, -0.3835930003605405, -0.04950460172367825], [-0.6689159318349903, -0.42043058319363596, -0.649233738314777, -0.08010098697177749, -0.3262215732002014, 0.11014184887036253, -0.03486155487318161, 0.23176273993367608, 0.4546589779235383, 0.6079585547627804, 0.24098494925956332, 0.2873598884588696, 0.48242527333446944, -0.021631501097598316]], "inverted": true, "swapped": true, "error_lsq": 0.043960214726914214, "error_max": 0.24591098784934823, "target": "835.xyz", "model": "3.xyz", "model_rescale": 3.9243930471874484, "target_rescale": 4.0674162906941795},
{"mapping": [13, 5, 12, 10, 6, 9, 11, 1, 0, 4, 7, 8, 14], "R": [[0.058948535535678415, 0.1345430509736399, -0.9891527877900883], [-0.3456045357320046, -0.9268478643161974, -0.14666472409536369], [-0.9365268682956535, 0.3505013606923776, -0.008137635598098769]], "T": [0.04173479457306743, -0.005674262622828698, -0.027970245351469566], "aligned_model": [[-0.1792878519478614, -0.20658648687412184, 0.5301499760392129, 0.4110336125381802, 0.7121629119231576, -0.5876125844901718, -0.1853296543723607, 0.3777057855041687, 0.3483267235579814, -0.5760466566634694, 0.030158483547965517, -0.47412344151902447, 0.07665506906769558], [-0.5740334141896476, 0.05932869842037491, -0.2959888221612716, -0.6115403038375201, 0.04525177504036335, -0.33012296159827753, -0.5277993743677439, 0.39992914591277573, 0.5954502463895498, 0.2691017089165006, 0.16656112336555176, -0.04691735569515849, -0.021390912513909704], [-0.6026882537003954, -0.6812265443896066, -0.6738446441671241, -0.1049075109151386, -0.04596227899971202, -0.07375609158803856, 0.4646263063672662, -0.5124777579980924, 0.10483840825819445, -0.200596980137229, 0.6914927000253693, 0.4807643734706874, -0.05919141085521713]], "inverted": false, "swapped": true, "error_lsq": 0.053535519710429386, "error_max": 0.3793686872021432, "target": "835.xyz", "model": "4.xyz", "model_rescale": 3.8936222436046832, "target_rescale": 4.0674162906941795},
{"mapping": [1, 5, 12, 6, 13, 9, 8, 11, 3, 0, 10, 14], "R": [[0.6250411105902053, 0.0017972077262744524, 0.7805897642914309], [-0.15911539145379447, -0.9787084005373218, 0.12966170953748618], [0.7642027887116539, -0.20524774484039116, -0.611447022204921]], "T": [-0.06914968178087388, -0.11003211603857795, 0.06799290984707668], "aligned_model": [[0.026141736520432585, -0.6162160285147078, -0.18835024624720048, 0.4299198487005775, -0.7601098393907261, -0.6665772912846769, -0.16131545609646297, -0.11831433078409831, 0.7595724211497408, 0.4343823184594311, -0.04442796534959939, -0.06715712494761324], [-0.49658709365226616, -0.3656477300137952, 0.16930091275585546, 0.018985492620238006, 0.25434144526687125, 0.017528144585625613, -0.11082082653301507, 0.4173210512514612, -0.12093556733195875, -0.5684681095035771, 0.5458011846458551, -0.09189599898148725], [-0.5266775505376229, -0.2897943260352726, -0.736836237529886, -0.36406622444063064, -0.23530544653287216, 0.42889463723042626, 0.7878029353669402, 0.6030683562023305, 0.17090496681241052, -0.0283366772870558, -0.21244627808866828, 0.022076564115418973]], "inverted": true, "swapped": true, "error_lsq": 0.052656043995682404, "error_max": 0.25801463439764094, "target": "835.xyz", "model": "5.xyz", "model_rescale": 3.6523030999806103, "target_rescale": 4.0674162906941795},
{"mapping": [12, 13, 5, 1, 2, 10, 9, 6, 11, 7, 8, 0, 14], "R": [[-0.09413270352911887, 0.9101778880843574, 0.4033797790774821], [0.15038481237272755, 0.4135293816192509, -0.897985444617684], [-0.9841358861122376, -0.023867605240141032, -0.17580356960591634]], "T": [0.06977003575900649, -0.010866747452454698, -0.048281142707619476], "aligned_model": [[0.2157751757263528, -0.2550548384120756, 0.32013323295806123, 0.7132017654969416, 0.6050207496884055, -0.3222180604035903, -0.37161663500571623, 0.31047852720392183, -0.6476069414873702, -0.0741986392829433, -0.31711661024205445, 0.6257312945211744, 0.07855388390318768], [-0.5569580201932758, 0.033744639755576455, 0.25290640004980997, -0.20231284028198612, 0.32505166480461184, -0.5457477451513811, 0.4907783918138134, -0.6339514242294254, 0.041356503678231404, 0.04423499718596323, 0.4622914485472928, -0.1220156379538761, -0.04855147386217143], [0.6001419390465059, 0.7228754884747506, 0.5520309695656365, 0.19967482975664602, -0.04622249262768511, 0.21557918103854434, 0.1904056534039159, -0.12712239353806917, -0.2706935155939165, -0.7719266272359905, -0.4395121097368886, -0.43756308118353227, -0.01755810188812775]], "inverted": true, "swapped": true, "error_lsq": 0.051936546003768444, "error_max": 0.3998566201035955, "target": "835.xyz", "model": "6.xyz", "model_rescale": 4.08911054899281, "target_rescale": 4.0674162906941795},
{"mapping": [7, 6, 4, 13, 4, 3, 2, 12, 10, 8, 1, 11, 0, 9, 14], "R": [[-0.311649661119369, -0.8047982638360713, -0.5051477439825182], [0.13482675974571035, -0.5636995347745964, 0.8149015764810963], [-0.9405829222246462, 0.1858563666419546, 0.2841851111476398]], "T": [-0.06496666993800182, -0.011747710014663015, 0.0002377682275927261], "aligned_model": [[-0.3671626305537934, 0.21890895424996148, 0.07378354785694327, -0.4924038643475255, 0.07378354785694327, 0.6522153567395739, 0.12468270362630171, -0.7643920147363852, -0.47496312690847076, 0.16716494911429886, 0.24980137629666743, -0.28261204229569414, 0.7919537302888285, 0.4720528750669256, 0.016412560666929837], [-0.5014184940552352, -0.3476146415918994, -0.569369770991462, 0.30374865204543827, -0.569369770991462, -0.2924856179718602, -0.054181455126879996, 0.1251009915216818, 0.08643664039980531, 0.01606784133714898, 0.5228198850156391, 0.5081202515657218, -0.05829079882992766, 0.4930277601538713, 0.12694683911086735], [-0.5176319926023296, -0.23587872996400258, 0.40847238689202825, -0.5034029893703006, 0.40847238689202825, 0.182686675903782, -0.7823042662176332, 0.009099932335536898, 0.5846499832841694, 0.6409328437698791, -0.3910480892583672, 0.16424647949224971, -0.3847003458407751, 0.26738761551676166, 0.03904505304694999]], "inverted": false, "swapped": false, "error_lsq": 0.053715972790827175, "error_max": 0.3351143839027884, "target": "835.xyz", "model": "7.xyz", "model_rescale": 3.964800864290218, "target_rescale": 4.0674162906941795},
{"mapping": [7, 8, 11, 3, 10, 2, 6, 9, 4, 5, 1, 12, 13, 14], "R": [[-0.332128191325328, -0.4750578122170318, -0.8148686640057612], [-0.4885183703521019, -0.6523786752087132, 0.5794409943742773], [-0.806870910589478, 0.5905270012323671, -0.015401118791015689]], "T": [-0.024918569497336052, -0.04085676948536982, 0.03152896611128024], "aligned_model": [[-0.2415058991491037, 0.2987247777839538, 0.41690547061841055, -0.6940995648560401, 0.12860008093082417, -0.25153094254834263, -0.5409616755379701, 0.6556029604124668, 0.2621814139172297, 0.20940364338712142, -0.46804827462984017, -0.08433190513528742, 0.6050753034493341, -0.034827499181883506], [-0.32868373923237876, -0.4822871265610472, 0.05160895681938415, 0.01023200351117725, 0.6482453062437908, -0.4982357912862624, 0.3905247788831176, -0.24128685922549123, -0.6174499833072992, -0.11046735232969657, 0.020206087710041225, 0.6406628777509513, 0.32683185944933235, 0.001047447755583096], [-0.6147461556862431, -0.44493283558004654, -0.5710205057907821, -0.4655392719900141, -0.0730892582881279, 0.4040742751570948, 0.03081653674632836, 0.018893619965758515, 0.2999868043055707, 0.6894652117323637, 0.5901393432743411, 0.5530524056529214, 0.44395679830401674, 0.055758070921840416]], "inverted": true, "swapped": true, "error_lsq": 0.04529179608084283, "error_max": 0.2521218517205562, "target": "835.xyz", "model": "8.xyz", "model_rescale": 4.121658175737393, "target_rescale": 4.0674162906941795},
{"mapping": [6, 1, 0, 7, 12, 10, 5, 9, 4, 13, 11, 8, 14], "R": [[0.35148423235362825, 0.600702753397767, -0.7180633930699452], [0.9034551657133182, -0.4187024738341989, 0.09196195926057132], [-0.2454131169124863, -0.6810612604351123, -0.6898753232156045]], "T": [-0.014266385757599247, 0.046881150206147505, -0.10627356407423758], "aligned_model": [[-0.5313821629891338, -0.10927878362359861, 0.09621287447378962, 0.1749524105630217, -0.6499400984492437, -0.6698585212519256, 0.15088904267661427, 0.3055997263603168, 0.6252125457858718, -0.22528036613299188, -0.07351117764558548, 0.4382627997942233, -0.05514079312616126], [0.08887633588435123, -0.42822592278857086, 0.17019505367396245, 0.7499226065840028, -0.5308375135327871, 0.04293862998593287, -0.6296086324083859, -0.0375678717435823, -0.19987139934018272, -0.5095160133669737, 0.5475321031871017, 0.5064268857303419, 0.020123177546499275], [-0.534314114067504, -0.6329462090977747, -0.773787937700702, -0.23801166284187633, -0.15259578954551548, 0.17578676297001136, -0.01842201614356484, 0.521417011389925, 0.024629533652681584, 0.4837088263573286, 0.4528891465638485, 0.22637742125975194, -0.11365553883752094]], "inverted": true, "swapped": true, "error_lsq": 0.049802821845162264, "error_max": 0.37984312716779284, "target": "835.xyz", "model": "9.xyz", "model_rescale": 3.833441315466971, "target_rescale": 4.0674162906941795},
{"mapping": [3, 9, 2, 4, 13, 8, 7, 4, 5, 0, 12, 1, 11, 10, 14], "R": [[-0.8203615993469535, -0.17933599679695, -0.542996727954923], [-0.5649003590219231, 0.40168558688753736, 0.7207886470136146], [0.08885060885447425, 0.8980463738246812, -0.4308343994698314]], "T": [0.06299069283717909, 0.10395723934065709, -0.030621526845252517], "aligned_model": [[-0.3406119064614054, 0.2568638134323281, -0.11203379344241585, -0.6906660177359705, 0.010249886701035799, 0.7011736234692671, 0.2304206269621, -0.6906660177359705, -0.4451046580836565, 0.10288062251238983, 0.21736363836843176, -0.25529843879925385, 0.6233530238247545, 0.7950806709468716, 0.05622084896299882], [-0.49335450431378053, -0.6475633002491072, -0.5653287853131295, 0.06438630392800848, -0.27378427175896775, -0.34326256974372166, -0.08029783838142085, 0.06438630392800848, -0.056116256401153836, 0.3251165828550728, 0.6808822505914462, 0.663126385377411, 0.2270458896384459, 0.20467700664280536, 0.019625114791530673], [-0.5150237073518577, -0.2662912495890172, 0.16450125842937766, -0.28820313288276933, 0.6695329558047813, -0.013997694882938089, -0.6486274008257283, -0.28820313288276933, 0.386092753928325, 0.6122783875974589, -0.11028696723225226, 0.33218810328669124, -0.39964770914348746, 0.3294533763982542, -0.07373889677409182]], "inverted": true, "swapped": false, "error_lsq": 0.05091129395903656, "error_max": 0.3134214365591511, "target": "835.xyz", "model": "10.xyz", "model_rescale": 4.2482417240324, "target_rescale": 4.0674162906941795},
{"mapping": [3, 6, 10, 12, 8, 9, 11, 5, 1, 4, 2, 14], "R": [[-0.9829736909059092, -0.17336631616525952, -0.06088385176794717], [0.056992182714393894, 0.02734254498216726, -0.9980001384485613], [0.17468432699089873, -0.9844777832197055, -0.016996477592469916]], "T": [-0.0727581614908118, 0.05932204560375259, -0.014314835616438083], "aligned_model": [[-0.6948505657975153, -0.06910748939671903, 0.30979246813826666, 0.6410416211435147, -0.500279040756565, 0.1186389864019185, -0.23538762556180276, 0.4509112618014335, 0.1445527786696853, -0.07720032851702044, -0.1741882103450394, -0.037158253417150115], [-0.48820874437071987, -0.613028509774179, -0.24919017708156815, -0.41988660695475616, 0.5945206899505862, 0.7162713315125844, 0.35555138978982087, 0.27631789855794164, -0.33308765190833234, 0.639527151951985, 0.16226180995469894, 0.025082808422578276], [0.08913164880192495, 0.0036417341202049716, 0.503227282383793, -0.04320444683462184, 0.22528886581467805, 0.1733715864780575, 0.6584585973562044, -0.42821792923427227, -0.5719246868197494, -0.4019977567125892, -0.6295010631932524, -0.013081542306021427]], "inverted": true, "swapped": true, "error_lsq": 0.04864099821037882, "error_max": 0.25948675009621197, "target": "835.xyz", "model": "11.xyz", "model_rescale": 3.6694154284099745, "target_rescale": 4.0674162906941795},
{"mapping": [6, 0, 2, 7, 3, 12, 10, 13, 8, 9, 5, 11, 1, 14], "R": [[-0.8296467295030249, 0.5515116230124577, 0.08672504774919423], [-0.41615388443363804, -0.7144708947982136, 0.5624475841863263], [0.3721589024808213, 0.4305418332385429, 0.8222721454213718]], "T": [0.06497834414367523, 0.10195530159564835, -0.002892135936195611], "aligned_model": [[-0.005097304379645506, 0.03264143195426944, -0.27439173387924554, 0.7224131267664811, 0.5158313093027782, -0.5219460419233146, 0.11172810650532793, -0.3441005132088908, 0.5992251603289497, 0.13559878228699598, -0.5688052902269515, 0.6801537776412636, -0.5213077248001895, 0.0363217638879811], [-0.3175053673230176, 0.3472226575235752, 0.5968801630316567, 0.33135151124430584, 0.016909187127213912, -0.5257830270041487, -0.5967963215236982, -0.2370784418182484, 0.4898996268544673, 0.28710631764952066, 0.2290830500500401, -0.055726770491777974, 0.10268894474033509, 0.06273575807602999], [-0.5239805985169749, -0.6445974210584656, -0.20092262896859714, -0.2530577901143143, -0.7007380091960081, -0.04097136726656517, 0.13471327306800773, 0.6451005599017323, 0.2982742047357331, 0.6784104990850502, 0.270584510916583, 0.4014836907621748, -0.41326546438729084, -0.011937999308650114]], "inverted": false, "swapped": true, "error_lsq": 0.04797056226729477, "error_max": 0.33483162990356186, "target": "835.xyz", "model": "12.xyz", "model_rescale": 3.9764082729961374, "target_rescale": 4.0674162906941795},
{"mapping": [1, 9, 12, 2, 13, 13, 0, 8, 11, 14, 4, 3, 5, 6, 15], "R": [[0.9535187213137379, 0.2348276683893084, -0.18883329754853947], [-0.2666147392947706, 0.949482310975007, -0.16552921777239776], [0.14042303548562016, 0.20818094846647567, 0.9679576766577158]], "T": [0.027203476625576838, -0.0318215619540569, -0.052270951998255794], "aligned_model": [[-0.3512466990308107, 0.21908867244803507, 0.1247309814621321, -0.5509679892016561, 0.24524353885861513, 0.24524353885861513, 0.07999421116632441, -0.6679840850936486, -0.41860002853933637, 0.09912606636706023, 0.40761655366034033, -0.42195723631927656, 0.7707884626123335, 0.642183398589411, 0.035966537083366765], [-0.47992899453547067, -0.3412596357160124, -0.657975673777503, 0.00980791499621396, -0.2729472549534779, -0.2729472549534779, 0.1490917137238703, 0.05478144810093759, -0.022204841055560434, 0.3108612990419061, 0.5146151073576251, 0.6043395186741419, -0.09677236744637767, 0.21572648172314185, 0.07435085041149055], [-0.2957822898696961, -0.5307344058254938, 0.022782022594462187, -0.6002164389384761, 0.4661858712993653, 0.4661858712993653, -0.7534067865783975, 0.04189384677942665, 0.6047765746017978, 0.6662021772415014, -0.3216342364891579, 0.26709902272454855, -0.43396018071147446, 0.32743744579165324, -0.03680155003944779]], "inverted": false, "swapped": false, "error_lsq": 0.04759128262191845, "error_max": 0.4019030995034453, "target": "835.xyz", "model": "13.xyz", "model_rescale": 4.170626492500431, "target_rescale": 4.0674162906941795},
{"mapping": [5, 13, 4, 9, 2, 7, 8, 12, 1, 10, 6, 11, 0, 14], "R": [[0.459524073990022, -0.555215589122751, -0.6932339251787158], [-0.8514806780606097, -0.4974016793957132, -0.16604886095293941], [-0.25262280244082735, 0.6665787417322881, -0.7013233924214579]], "T": [-0.03121605883507156, 0.08756594879213311, 0.12490994941897555], "aligned_model": [[0.24463999045090912, -0.07631862971846992, -0.19281373388768744, -0.5528701344779974, 0.2575500877808232, -0.4053893713255395, -0.6943224638097814, 0.5476378918629732, 0.6687797739101775, -0.025076290648572808, 0.4310249820855738, -0.7200320791094654, 0.3571602239614725, 0.0032127750172277966], [-0.2813819245224063, -0.7248498369930002, 0.16488015043685122, -0.2236421015017833, 0.3830479430820358, 0.6705683745695524, 0.34877464761438515, -0.5190697561488237, 0.11707889826605154, -0.41543162899416053, 0.14763388041182718, -0.02260836508577352, 0.6536116981989406, 0.057462488591968994], [-0.4046309298773934, -0.07541547001714728, -0.5495264458265107, -0.2417888374805896, -0.3532565990915415, 0.3847723604971993, -0.0117704668792087, 0.3170216285645842, -0.020942652637275946, 0.6312007351022071, 0.6097976671433873, 0.40813842579378995, 0.16666515588834824, 0.14360852994101767]], "inverted": false, "swapped": true, "error_lsq": 0.04916476119070446, "error_max": 0.28260323892222033, "target": "835.xyz", "model": "14.xyz", "model_rescale": 3.9786697098870705, "target_rescale": 4.0674162906941795},
{"mapping": [5, 2, 13, 12, 9, 11, 0, 7, 10, 6, 8, 14], "R": [[-0.4980141727034003, -0.8310853473322366, 0.24754601438157597], [0.4883032974993542, -0.504667699642459, -0.7119483145487783], [0.7166182899129808, -0.233682815772244, 0.6571533825332946]], "T": [-0.029627591758710763, -0.016216367507300378, 0.015659080684800705], "aligned_model": [[-0.07131351212616004, -0.5702885373939778, 0.4995193185645451, 0.533767625163397, 0.029330377526459873, 0.27055001227528935, -0.47893918163488924, -0.31469258663854766, 0.6752267154598772, 0.18615122741456, -0.27945471248751574, 0.0034978506442983823], [-0.2877856552088696, -0.27178083772347417, -0.001085258623109403, -0.6298203509173321, 0.5044827148369905, 0.6549849478675298, -0.37917520089423296, 0.37411418995086193, -0.0657773510903277, -0.49397561963327363, 0.6632143631706164, -0.052721451510939835], [-0.6302085853407897, -0.1885743346107785, -0.6339242637789508, -0.19896070662458004, -0.46271091107869927, 0.1775431729552434, 0.38897852191042603, 0.5758429554459288, 0.11615153901722244, 0.43705750655357206, 0.0664716462288667, 0.012299953196368556]], "inverted": true, "swapped": true, "error_lsq": 0.05501367453789773, "error_max": 0.2879896472329756, "target": "835.xyz", "model": "15.xyz", "model_rescale": 3.769337070930944, "target_rescale": 4.0674162906941795},
{"mapping": [2, 8, 1, 0, 5, 9, 12, 11, 6, 3, 14], "R": [[0.7868831314033872, 0.6044328580009733, 0.12440200031179176], [0.46303116044318393, -0.4450379547582294, -0.7665137724028516], [-0.4079424983639708, 0.6607587600580013, -0.6300641070836954]], "T": [0.03395429072000942, -0.031618671962513965, -0.01081082221551491], "aligned_model": [[-0.33224132935138756, -0.20101623616473022, -0.054515137919667465, -0.5456925487183584, 0.3211937907137294, 0.33102763071402025, 0.6229065751953626, 0.21776668417028627, 0.003232661263457108, -0.5039437563372426, 0.06390779712570148], [0.18186933583096293, -0.7177737444262389, 0.64282004408222, 0.3327072723788972, 0.19301631424753304, -0.579957107727729, 0.5936513316535066, -0.6742680904620828, 0.48393381692991927, 0.13386577162677057, 0.0061995534915831665], [-0.4794923589377209, -0.035340251196862876, -0.23317030609251033, 0.05448521546308768, -0.6105317811712048, -0.34920972298735353, 0.03564669818081587, 0.3356556090169597, 0.4200636929287559, 0.6062553739957365, -0.00014456197592599765]], "inverted": false, "swapped": true, "error_lsq": 0.04570561694021753, "error_max": 0.21676148294339903, "target": "835.xyz", "model": "16.xyz", "model_rescale": 3.7852294659196426, "target_rescale": 4.0674162906941795},
{"mapping": [9, 5, 12, 13, 4, 2, 0, 1, 10, 11, 7, 6, 14], "R": [[-0.09039324339600119, -0.8663682392344608, 0.49115693580986075], [0.946523433759837, 0.07863457080487701, 0.3129057264062464], [-0.3097134980782065, 0.49317611288475144, 0.8129298068025603]], "T": [0.0009051003612373671, 0.17701038986026804, -0.04594788933683376], "aligned_model": [[-0.14447970526007664, -0.3452291706464664, 0.37496946825190863, 0.1716215516319868, -0.6224638462531599, -0.583591570307285, -0.2413304183573702, -0.21211485661154497, 0.6699675886011985, 0.37072624056995, 0.023036126150673457, 0.36551081828273163, 0.027143624163737223], [-0.16011848066582005, -0.41711491712652293, -0.39006414625392993, -0.6252369124175728, 0.0006218037929417997, 0.1975042418227584, 0.6339989039846804, 0.022185364914848488, -0.0696299564654522, 0.3133259018775213, 0.8707616155068656, 0.3472242929070515, 0.15159791182550494], [-0.653112453906017, 0.09490246397752412, 0.4817717248310604, -0.21752610420945323, -0.30528159075669, 0.19338950536893257, 0.4073410650368245, 0.6194766902782481, -0.015972131223197142, -0.6874107990151116, -0.30216151806330055, 0.49301494128230167, -0.012677096457947873]], "inverted": true, "swapped": true, "error_lsq": 0.04651368530326491, "error_max": 0.28558505699634307, "target": "835.xyz", "model": "17.xyz", "model_rescale": 3.901054581598922, "target_rescale": 4.0674162906941795},
{"mapping": [4, 6, 1, 4, 0, 7, 10, 8, 2, 3, 9, 5, 11, 12, 14], "R": [[-0.9311905232853238, -0.29902718755818475, -0.20848729084682133], [0.3645308653778046, -0.7657477947700538, -0.529856171986048], [-0.0012072822842025682, -0.5693970986103123, 0.8220617291685853]], "T": [0.024115236924163445, 0.04021213321820293, 0.025261848208864398], "aligned_model": [[-0.4289792454280506, 0.4356059585229553, -0.08321765019723593, -0.4289792454280506, -0.055119235561231474, 0.48501720984601265, -0.02322076815514635, -0.637533756139614, -0.4342859000484494, 0.2721363700188815, 0.20651235706290627, -0.317728073906556, 0.6963220097710728, 0.7026061875480065, 0.07008970501600449], [-0.3006987838687997, -0.4672517548388473, -0.647142969993443, -0.3006987838687997, -0.39105696727030864, -0.39043610629958025, 0.2568951551780759, -0.010115023338902206, 0.3113414798535775, 0.1275088250767028, 0.6292915854504993, 0.5627404233844674, 0.116073280980664, 0.22315811363477478, 0.06992983751136694], [-0.5261536997970712, -0.3447131963904542, 0.06659177522221205, -0.5261536997970712, 0.6443203105799691, 0.22968417809047315, -0.7642072890893138, 0.014964303334536768, 0.6577927778900926, 0.7423885417866095, -0.20691547811109426, 0.011355597390169388, -0.39795692468002974, 0.2664171969950445, 0.022612550455904084]], "inverted": true, "swapped": false, "error_lsq": 0.04816996110747976, "error_max": 0.3574386742500837, "target": "835.xyz", "model": "18.xyz", "model_rescale": 3.9405287249114394, "target_rescale": 4.0674162906941795},
{"mapping": [0, 1, 6, 4, 5, 2, 12, 7, 9, 11, 14, 13, 3, 10, 15], "R": [[-0.7121946733366725, 0.6749116996128189, -0.1930620237037995], [-0.05696443843348886, -0.3296816770434018, -0.942372030875178], [-0.6996669207736119, -0.6601546709276442, 0.2732435002476477]], "T": [-0.04393144275080668, 0.010322772807097154, -0.0774006980590959], "aligned_model": [[-0.27923926674185157, 0.3181888159554936, 0.07084941309870849, -0.5875963499396295, -0.030966778661170924, 0.5563900285354304, 0.027800868645830895, -0.7295827481193791, -0.4527196684322235, 0.11915777086385088, 0.36214601817783654, -0.25380512338114786, 0.6955718022806172, 0.6552985667488351, -0.012267426109695438], [-0.5402051950370613, -0.42066704184108517, -0.7141566072745487, -0.05159700487914369, -0.4214749679297176, -0.4522978419071737, 0.24219501485738665, 0.043463018125114446, 0.13200103933031654, 0.38212590869042895, 0.6694438024314548, 0.6344834293279831, 0.11022226107102778, 0.17691796391882245, -0.0009154672923571503], [-0.41537028625592143, -0.42183664549119265, 0.06486116808635804, -0.5624362003047908, 0.6329831920584187, 0.3479480776146615, -0.5685511852599747, 0.07883489496623551, 0.5606403922765334, 0.5178954790239504, -0.0973888472695267, 0.05566454308996262, -0.4879900765220118, 0.2407619538347187, -0.0559895159674437]], "inverted": true, "swapped": false, "error_lsq": 0.038079225694073474, "error_max": 0.2450172111524243, "target": "835.xyz", "model": "19.xyz", "model_rescale": 4.410303926677745, "target_rescale": 4.0674162906941795},
{"mapping": [7, 8, 11, 3, 10, 2, 6, 9, 4, 5, 1, 12, 13, 14], "R": [[-0.332128191325328, -0.4750578122170318, -0.8148686640057612], [-0.4885183703521019, -0.6523786752087132, 0.5794409943742773], [-0.806870910589478, 0.5905270012323671, -0.015401118791015689]], "T": [-0.024918569497336052, -0.04085676948536982, 0.03152896611128024], "aligned_model": [[-0.2415058991491037, 0.2987247777839538, 0.41690547061841055, -0.6940995648560401, 0.12860008093082417, -0.25153094254834263, -0.5409616755379701, 0.6556029604124668, 0.2621814139172297, 0.20940364338712142, -0.46804827462984017, -0.08433190513528742, 0.6050753034493341, -0.034827499181883506], [-0.32868373923237876, -0.4822871265610472, 0.05160895681938415, 0.01023200351117725, 0.6482453062437908, -0.4982357912862624, 0.3905247788831176, -0.24128685922549123, -0.6174499833072992, -0.11046735232969657, 0.020206087710041225, 0.6406628777509513, 0.32683185944933235, 0.001047447755583096], [-0.6147461556862431, -0.44493283558004654, -0.5710205057907821, -0.4655392719900141, -0.0730892582881279, 0.4040742751570948, 0.03081653674632836, 0.018893619965758515, 0.2999868043055707, 0.6894652117323637, 0.5901393432743411, 0.5530524056529214, 0.44395679830401674, 0.055758070921840416]], "inverted": true, "swapped": true, "error_lsq": 0.04529179608084283, "error_max": 0.2521218517205562, "target": "835.xyz", "model": "20.xyz", "model_rescale": 4.121658175737393, "target_rescale": 4.0674162906941795},
{"mapping": [12, 13, 5, 1, 2, 10, 9, 6, 11, 7, 8, 0, 14], "R": [[-0.09413270352911887, 0.9101778880843574, 0.4033797790774821], [0.15038481237272755, 0.4135293816192509, -0.897985444617684], [-0.9841358861122376, -0.023867605240141032, -0.17580356960591634]], "T": [0.06977003575900649, -0.010866747452454698, -0.048281142707619476], "aligned_model": [[0.2157751757263528, -0.2550548384120756, 0.32013323295806123, 0.7132017654969416, 0.6050207496884055, -0.3222180604035903, -0.37161663500571623, 0.31047852720392183, -0.6476069414873702, -0.0741986392829433, -0.31711661024205445, 0.6257312945211744, 0.07855388390318768], [-0.5569580201932758, 0.033744639755576455, 0.25290640004980997, -0.20231284028198612, 0.32505166480461184, -0.5457477451513811, 0.4907783918138134, -0.6339514242294254, 0.041356503678231404, 0.04423499718596323, 0.4622914485472928, -0.1220156379538761, -0.04855147386217143], [0.6001419390465059, 0.7228754884747506, 0.5520309695656365, 0.19967482975664602, -0.04622249262768511, 0.21557918103854434, 0.1904056534039159, -0.12712239353806917, -0.2706935155939165, -0.7719266272359905, -0.4395121097368886, -0.43756308118353227, -0.01755810188812775]], "inverted": true, "swapped": true, "error_lsq": 0.051936546003768444, "error_max": 0.3998566201035955, "target": "835.xyz", "model": "21.xyz", "model_rescale": 4.08911054899281, "target_rescale": 4.0674162906941795},
{"mapping": [0, 13, 4, 6, 2, 3, 7, 8, 1, 15, 9, 11, 12, 14, 16], "R": [[0.8869933581567155, 0.08149844557992764, 0.4545335916672476], [-0.21357271606821654, 0.9451041708110139, 0.24731518608219555], [-0.4094257900244166, -0.3164429011428153, 0.855706966653422]], "T": [0.0040933916137793035, 0.08053749521288858, -0.04713914929567583], "aligned_model": [[-0.4112976250113425, 0.39853327913294556, 0.08648424288919739, -0.5318384464724084, 0.010206614605340943, 0.6919761948815116, 0.05119002979466214, -0.6370798220129911, -0.6047802127907072, 0.1313452689888527, 0.3931924296665935, -0.3617505357819104, 0.6374464115331689, 0.6010876659351314, 0.004510427563460685], [-0.5358323055713995, -0.3736385085814077, -0.597645106654722, 0.030012044627546725, -0.3136045996196005, -0.401023805510357, -0.1627115684801544, 0.3444672101384537, -0.07561190793021286, 0.27804248260470166, 0.6642088948587401, 0.5989536561180315, 0.13007115240479059, 0.1678647893996058, 0.03598588378743166], [-0.26535457076620156, -0.32076535187786454, 0.09276185862760175, -0.5626858225659793, 0.5577314707206755, 0.17465982705169059, -0.7137784728387373, -0.04695539156669964, 0.4375140040249041, 0.643009934275441, -0.17154673501433662, 0.38099159610637734, -0.42314430218359755, 0.17148007690506883, -0.06389117701836527]], "inverted": false, "swapped": false, "error_lsq": 0.04167900680181482, "error_max": 0.27275492525104733, "target": "835.xyz", "model": "22.xyz", "model_rescale": 4.204369325754507, "target_rescale": 4.0674162906941795},
{"mapping": [0, 1, 6, 4, 5, 2, 12, 7, 9, 11, 14, 13, 3, 10, 15], "R": [[-0.7121946733366725, 0.6749116996128189, -0.1930620237037995], [-0.05696443843348886, -0.3296816770434018, -0.942372030875178], [-0.6996669207736119, -0.6601546709276442, 0.2732435002476477]], "T": [-0.04393144275080668, 0.010322772807097154, -0.0774006980590959], "aligned_model": [[-0.27923926674185157, 0.3181888159554936, 0.07084941309870849, -0.5875963499396295, -0.030966778661170924, 0.5563900285354304, 0.027800868645830895, -0.7295827481193791, -0.4527196684322235, 0.11915777086385088, 0.36214601817783654, -0.25380512338114786, 0.6955718022806172, 0.6552985667488351, -0.012267426109695438], [-0.5402051950370613, -0.42066704184108517, -0.7141566072745487, -0.05159700487914369, -0.4214749679297176, -0.4522978419071737, 0.24219501485738665, 0.043463018125114446, 0.13200103933031654, 0.38212590869042895, 0.6694438024314548, 0.6344834293279831, 0.11022226107102778, 0.17691796391882245, -0.0009154672923571503], [-0.41537028625592143, -0.42183664549119265, 0.06486116808635804, -0.5624362003047908, 0.6329831920584187, 0.3479480776146615, -0.5685511852599747, 0.07883489496623551, 0.5606403922765334, 0.5178954790239504, -0.0973888472695267, 0.05566454308996262, -0.4879900765220118, 0.2407619538347187, -0.0559895159674437]], "inverted": true, "swapped": false, "error_lsq": 0.038079225694073474, "error_max": 0.2450172111524243, "target": "835.xyz", "model": "23.xyz", "model_rescale": 4.410303926677745, "target_rescale": 4.0674162906941795},
{"mapping": [14, 11, 9, 13, 8, 10, 7, 6, 5, 4, 0, 5, 1, 3, 16], "R": [[-0.5308914682645669, 0.6054416416455959, 0.5929541866665403], [0.6996527824860475, -0.08165923954457438, 0.7098012063645242], [0.47816339559132304, 0.7916894512108191, -0.3802467356310744]], "T": [-0.015269038191161554, -0.047238689216695086, -0.053758426960830295], "aligned_model": [[-0.44675446512019856, 0.2063841472048761, -0.031707889074694476, -0.4761804139573739, 0.13499709899892953, 0.4810574852416005, 0.14955866452048594, -0.7635396094331253, -0.35186698576324327, 0.1859013500171571, 0.17791079330436171, -0.35186698576324327, 0.7596094374170818, 0.6994215634035974, 0.08630173192529382], [-0.5178601351351297, -0.5138294944871259, -0.6361703115344463, 0.030484650443310952, -0.3803997669046683, -0.37554669545705743, 0.17505849311588098, 0.06820080952825794, 0.31936347524989067, 0.14972512752645273, 0.6737142629871494, 0.31936347524989067, 0.06788854059585012, 0.3958526843810963, 0.013693196032095518], [-0.27844881617261696, -0.41966056203473695, 0.15910136737383232, -0.5788359545608311, 0.6825366576229328, 0.21016917949829136, -0.6581975784294426, -0.12204432669523241, 0.3308279848202011, 0.574429524844389, -0.1690589234822678, 0.3308279848202011, -0.4039646784256945, 0.2658325041830391, -0.03348741948208734]], "inverted": true, "swapped": false, "error_lsq": 0.04226915073977809, "error_max": 0.3138454321016228, "target": "835.xyz", "model": "24.xyz", "model_rescale": 4.28219845311461, "target_rescale": 4.0674162906941795},
{"mapping": [1, 5, 8, 4, 10, 11, 3, 0, 6, 14, 13, 2, 9, 12, 15], "R": [[0.2322283772108698, -0.4204824693038806, 0.8770772336722218], [0.8851126868518479, 0.46523920988659295, -0.011314113222057387], [-0.4032933329375887, 0.7789396450253445, 0.4802161149064882]], "T": [0.07870123662962245, 0.06399559311222408, -0.0867261605721522], "aligned_model": [[-0.24662611980406227, 0.3402046771202639, -0.10780766649398937, -0.3954937487613077, 0.15995172298268653, 0.507028811944295, -0.01665426591031513, -0.7362835528954546, -0.5270600466193387, 0.17446371525766466, 0.251585905657006, -0.3052488211940436, 0.6417840436357016, 0.714399517083863, 0.004981750918535921], [-0.3950643772823311, -0.7329490620411845, -0.5628822183769668, 0.37006816948025717, -0.35244450824317014, -0.12965512816550898, -0.1454145906928523, 0.08673328704867912, -0.17369381934620703, 0.2498294810278165, 0.6321535862559102, 0.5240564378406338, -0.01076848617850168, 0.3584016457329563, 0.07116789453191706], [-0.39218230076889393, -0.23429258001815545, 0.14604990230153203, -0.5515995485513331, 0.5838562872136347, 0.18806823096861724, -0.8263882779702952, -0.05779586238799632, 0.5367753597810536, 0.6456944417348949, -0.07176477764022993, 0.24449339898450317, -0.4530890527717229, 0.21926840251814927, -0.08706667951378134]], "inverted": false, "swapped": false, "error_lsq": 0.05245639971224967, "error_max": 0.4153469334882357, "target": "835.xyz", "model": "25.xyz", "model_rescale": 4.100010024507729, "target_rescale": 4.0674162906941795},
{"mapping": [3, 6, 10, 12, 8, 9, 11, 5, 1, 4, 2, 14], "R": [[-0.9829736909059092, -0.17336631616525952, -0.06088385176794717], [0.056992182714393894, 0.02734254498216726, -0.9980001384485613], [0.17468432699089873, -0.9844777832197055, -0.016996477592469916]], "T": [-0.0727581614908118, 0.05932204560375259, -0.014314835616438083], "aligned_model": [[-0.6948505657975153, -0.06910748939671903, 0.30979246813826666, 0.6410416211435147, -0.500279040756565, 0.1186389864019185, -0.23538762556180276, 0.4509112618014335, 0.1445527786696853, -0.07720032851702044, -0.1741882103450394, -0.037158253417150115], [-0.48820874437071987, -0.613028509774179, -0.24919017708156815, -0.41988660695475616, 0.5945206899505862, 0.7162713315125844, 0.35555138978982087, 0.27631789855794164, -0.33308765190833234, 0.639527151951985, 0.16226180995469894, 0.025082808422578276], [0.08913164880192495, 0.0036417341202049716, 0.503227282383793, -0.04320444683462184, 0.22528886581467805, 0.1733715864780575, 0.6584585973562044, -0.42821792923427227, -0.5719246868197494, -0.4019977567125892, -0.6295010631932524, -0.013081542306021427]], "inverted": true, "swapped": true, "error_lsq": 0.04864099821037882, "error_max": 0.25948675009621197, "target": "835.xyz", "model": "26.xyz", "model_rescale": 3.6694154284099745, "target_rescale": 4.0674162906941795},
