[{"mapping": [1, 7, 6, 9, 4, 8, 2, 10, 5, 0, 11], "R": [[0.27050201761023585, -0.38067670152580035, -0.8842589594594042], [-0.962627855787854, -0.11961808587264688, -0.2429796797953331], [-0.01327666110398984, 0.916938799728532, -0.3988069305093995]], "T": [-0.0977001173205991, -0.13116264519475127, 0.10924445832356253], "aligned_model": [[0.24286409131276157, -0.5623360982360107, -0.37771210978030123, -0.6059121247090904, 0.3195726689256888, 0.01964923021124236, 0.663972386646321, -0.6255206264945126, -0.0510489980081702, 0.3730069955453579, -0.06067660473992527], [-0.2448571463649283, 0.05924658271889646, -0.632712972158645, -0.4250806232665232, 0.09683940995960746, -0.738229288916, -0.38423535633638084, 0.29641935775185435, 0.5269423787019392, 0.25900529415517615, -0.07916923389708089], [-0.5014683544784551, -0.6935388505650281, -0.3325643703072332, 0.2663724384554491, 0.7621203664770071, 0.2534759091450788, 0.04172079460031264, 0.1276967431800317, -0.3941517902905314, 0.014401498635835341, 0.08170901596426294]], "inverted": false, "swapped": false, "error_lsq": 0.04394858056910497, "error_max": 0.20812176668407087, "target": "836.xyz", "model": "0.xyz", "model_rescale": 3.751011558992144, "target_rescale": 3.80642157214055},
{"mapping": [6, 10, 4, 8, 3, 1, 7, 5, 9, 12, 14], "R": [[-0.9479221327945226, -0.168272513722866, 0.2704218764887026], [0.01855387947100745, -0.8767746631749704, -0.48054338365124993], [0.31796129279341306, -0.4505003342282944, 0.8342362166349148]], "T": [-0.0840150466062771, -0.08793408046349155, 0.04490588926815442], "aligned_model": [[0.34126855214913854, -0.45555970193251727, -0.5345390852333722, -0.6492104527408719, 0.3309351797964176, 0.08252050527501378, 0.5403153994156935, -0.5762247752430276, -0.21029996894509953, 0.521908911023323, -0.05525575289133683], [-0.457822233335271, 0.015603981488188035, -0.6197271769184634, -0.36427860061879297, 0.15378930203006774, -0.7618126496774076, -0.3092821515900433, 0.2800497544434874, 0.5002983456639958, 0.3419747948218972, -0.04462496395974217], [-0.45112068286774076, -0.6787571448538436, -0.32899003621348644, 0.2561074782876492, 0.6388688556869369, 0.10686662965781807, 0.07479818553000653, 0.15627701334486419, -0.22383999921451891, 0.04800759823990788, 0.027555503219136676]], "inverted": true, "swapped": false, "error_lsq": 0.0492261414731296, "error_max": 0.27077280893883365, "target": "836.xyz", "model": "1.xyz", "model_rescale": 3.9405287249114394, "target_rescale": 3.80642157214055},
{"mapping": [2, 0, 1, 7, 10, 4, 8, 6, 11, 9, 12], "R": [[0.41037338186253636, 0.8003227259389527, 0.43712380603708745], [0.6095034839764031, 0.11583039574632459, -0.7842759861438298], [-0.6783061185625054, 0.5882744714560493, -0.44026577854038856]], "T": [-0.09902015978264805, -0.12407598975001469, -0.037385396800746276], "aligned_model": [[0.1479045383150513, -0.594265036625909, -0.42105464882655147, -0.6962641911427343, 0.3376841272350549, 0.055928289398047004, 0.581374886585617, -0.5620777329033593, -0.06291273945521655, 0.6045313634924412, -0.05499004539907902], [-0.3100287781898474, 0.09657008548863769, -0.7334424342977326, -0.40863390721330917, 0.2836480908923076, -0.74988090932171, -0.27313836248064816, 0.15569442158328609, 0.5860202083437606, 0.2628050181165428, -0.17544503057337138], [-0.6445257277477372, -0.6768991259091691, -0.4275041690788452, 0.3999202306154195, 0.5580451693252324, 0.23839513662968237, 0.30251570649726117, 0.014208152286097828, -0.08292584791013637, 0.03824162839208754, -0.09369775228316328]], "inverted": true, "swapped": false, "error_lsq": 0.0542202783285975, "error_max": 0.25547925947102823, "target": "836.xyz", "model": "2.xyz", "model_rescale": 3.932901565614263, "target_rescale": 3.80642157214055},
{"mapping": [0, 1, 2, 6, 9, 5, 7, 10, 11, 8, 13], "R": [[0.9122642690390471, -0.3579903679639592, -0.1990396942312821], [-0.4089232481930076, -0.7680274366566326, -0.49286472142964544], [0.023572876827681458, 0.531014833114548, -0.8470345721931283]], "T": [0.01483606948666686, -0.10186822888372019, -0.09268739880273147], "aligned_model": [[0.10120747419869391, -0.48158437152363154, -0.4377781406265238, -0.5286116692539871, 0.32562010957962856, -0.030350517739007744, 0.6261929764456168, -0.5991263721472447, -0.11798777295428292, 0.5299446335077108, -0.05166753881361099], [-0.4434771453629581, -0.05607774228398446, -0.7217026487908095, -0.42802420443359, 0.0025439217595480124, -0.5087832065005489, -0.40405402015323144, 0.21736268064544353, 0.7810603043621005, 0.40807408308314896, -0.11275361997720276], [-0.6625941085131535, -0.6406277221922897, -0.4169489011127563, 0.16222257658572037, 0.5648111355001133, 0.4982255042385366, 0.11866308550129734, 0.0924805977985739, -0.11513133845319756, 0.02310867742600431, 0.0015638940378806532]], "inverted": true, "swapped": false, "error_lsq": 0.050264639485757, "error_max": 0.2205457957449453, "target": "836.xyz", "model": "3.xyz", "model_rescale": 3.9243930471874484, "target_rescale": 3.80642157214055},
{"mapping": [5, 11, 6, 10, 7, 3, 0, 8, 9, 1, 12], "R": [[-0.14112216058215662, -0.35557616233159717, -0.9239318852459624], [-0.3189822790537107, 0.8998315171334766, -0.2975794791697952], [0.9371951992206986, 0.2527228394007941, -0.24040866249550116]], "T": [-0.13356885660198362, -0.1042308588370504, 0.04472796565332447], "aligned_model": [[0.34915339611806107, -0.5650010028932202, -0.21752535435413536, -0.8036666176893237, 0.28584309778397343, -0.054705668468564506, 0.6437011533013252, -0.44328132196785874, -0.2952657235305879, 0.4725375271586765, -0.03593067478498431], [-0.30794159249217057, -0.019418296706947794, -0.6729463856323827, -0.290349206078907, 0.23010624758438503, -0.7414245999782096, -0.44943824845294367, 0.3424791398064315, 0.514145171498523, 0.2620187514871034, -0.13306257868696592], [-0.5021762887618896, -0.6131528851388099, -0.39234236141522766, 0.16073085753368377, 0.6407406087239814, 0.24651524020908105, 0.04237356125237936, 0.36232005438533205, -0.25385636097613196, -0.04831274846939619, -0.017066276526272614]], "inverted": false, "swapped": false, "error_lsq": 0.0471768069468399, "error_max": 0.22472963866411366, "target": "836.xyz", "model": "4.xyz", "model_rescale": 3.8936222436046832, "target_rescale": 3.80642157214055},
{"mapping": [9, 7, 6, 5, 2, 1, 0, 4, 10, 3, 11], "R": [[-0.5950383905617618, 0.48561522172832866, 0.6403961041288546], [-0.32245491422749367, -0.8741195325025851, 0.36323253046499304], [0.7361739889782906, 0.009638429499074619, 0.6767236944489113]], "T": [-0.020228127046980036, -0.04703919077593706, -0.17986045236309353], "aligned_model": [[0.33640259686736773, -0.5359726173485929, -0.4392000200484056, -0.7089430863936784, 0.1895678003790646, 0.039028699080469485, 0.7338826554246111, -0.496529494610545, -0.1395712314513828, 0.4998957839230022, -0.14270227514854872], [-0.4465435773571367, 0.0911411999306856, -0.6633803604897742, -0.3833580398532121, 0.23800965690482506, -0.6532751551823126, -0.30851125472107727, 0.1989234390495298, 0.5718083848849852, 0.19739686807047546, -0.10804275888907237], [-0.48848111868984057, -0.5468227497939739, -0.46127605871479627, 0.08420808717593584, 0.47732391156794074, 0.34174797469557794, 0.2018037934254979, 0.4060269010533025, -0.13240203883310303, -0.1778201842160356, -0.07853511685377598]], "inverted": true, "swapped": false, "error_lsq": 0.04032096520078346, "error_max": 0.223430216654798, "target": "836.xyz", "model": "5.xyz", "model_rescale": 3.6523030999806103, "target_rescale": 3.80642157214055},
{"mapping": [3, 1, 2, 6, 9, 10, 11, 8, 5, 7, 12], "R": [[0.7489271628503601, -0.4071893618221333, -0.5227857384854664], [-0.5017323513414702, -0.8638007584323051, -0.045966263162609905], [-0.4328657440388071, 0.2967239008753064, -0.851223927228947]], "T": [-0.09055585350350777, -0.11725282745146638, -0.04954000002326307], "aligned_model": [[0.2774420125745039, -0.5556659261037109, -0.34466567520903657, -0.6636300856729356, 0.1664143047595964, -0.12266361527745308, 0.7354148124427675, -0.449445119918863, -0.16603374898944256, 0.5000331464791885, -0.041341294411253185], [-0.14449623727620997, -0.09192891584432214, -0.7154491834051199, -0.31408520531955847, 0.02312853478932357, -0.6839597984318508, -0.3457131090802026, 0.31169557917013146, 0.5369780115595103, 0.21183137639120564, -0.05383265020499112], [-0.6381621794653316, -0.564715878593087, -0.441714645360863, 0.18597518317799677, 0.61146097280378, 0.4857032552757632, 0.150828065933775, 0.32583296327475, -0.22328874553456834, -0.1481619021437216, -0.11798368855176382]], "inverted": false, "swapped": false, "error_lsq": 0.042282573350315496, "error_max": 0.23153754276459207, "target": "836.xyz", "model": "6.xyz", "model_rescale": 4.08911054899281, "target_rescale": 3.80642157214055},
{"mapping": [10, 4, 5, 7, 1, 13, 11, 6, 3, 9, 14], "R": [[-0.23977116420549843, -0.44735106078299913, 0.8616187191744765], [-0.41375343253113417, -0.7557843285189485, -0.5075412750051631], [0.8782470528753538, -0.4781914649818499, -0.0038777486081508217]], "T": [-0.057957512475024134, -0.13937343859736318, -0.015773206355409075], "aligned_model": [[0.259076659737352, -0.4140563082997233, -0.4954812494739457, -0.7098148283674365, 0.2832253238640732, 0.038103712745172894, 0.48496767821602427, -0.45919343250160916, -0.24649357453504028, 0.5106212916996824, 0.08490353758881204], [-0.4899435445087537, 0.06530392969780921, -0.563396716117084, -0.4725050688408438, 0.10932728869301805, -0.6303569533066689, -0.361023026543605, 0.13257288544834978, 0.6044353233743834, 0.40022846210231855, -0.06047417765100774], [-0.5597077915702795, -0.5886172621177224, -0.47324284389134486, 0.23600908290718287, 0.5839669701279071, 0.5186441882384749, 0.009421246079731941, 0.1033817338355847, -0.20981988935394108, -0.0055145459973438594, 0.01125251255847974]], "inverted": false, "swapped": false, "error_lsq": 0.04628913120860368, "error_max": 0.28877547195542896, "target": "836.xyz", "model": "7.xyz", "model_rescale": 3.964800864290218, "target_rescale": 3.80642157214055},
{"mapping": [8, 10, 5, 3, 2, 1, 7, 6, 11, 12, 13], "R": [[-0.9930571804117979, 0.07560537816725377, -0.09011805160319807], [-0.047614621197190066, -0.9588841968695375, -0.2797748109500036], [-0.10756525591852707, -0.27354144802213926, 0.9558267583265982]], "T": [-0.09074510342628564, -0.07370213622590414, 0.07551362049257222], "aligned_model": [[0.25292637840552745, -0.4925723193723217, -0.40296893173534953, -0.7701093252299358, 0.19599038638743002, 0.20195729796205905, 0.5865318455262999, -0.4915972066742703, -0.19144758888370786, 0.5239491077397836, -0.07680083345215323], [-0.43886171009600006, -0.06135195392852501, -0.6484459053164381, -0.28320020599684825, -0.02078739520361926, -0.7267586120451109, -0.2842235013060245, 0.302363452757789, 0.689457356451597, 0.30812678250640474, -0.10214990547530915], [-0.5072436013363953, -0.6410869478364732, -0.4453093858118919, 0.21882275696954762, 0.6701492373352947, 0.30126223019923004, 0.13739943650878358, 0.2609808339901436, -0.2320248692165972, -0.14135648087506503, 0.004180190890152952]], "inverted": true, "swapped": false, "error_lsq": 0.032751192583083934, "error_max": 0.17162214554303026, "target": "836.xyz", "model": "8.xyz", "model_rescale": 4.121658175737393, "target_rescale": 3.80642157214055},
{"mapping": [2, 0, 1, 4, 7, 6, 8, 5, 10, 11, 12], "R": [[0.9739913675029674, 0.21632790629008294, 0.06740217348015141], [-0.2174319373267163, 0.80864109221504, 0.5466469945143922], [0.0637508326224077, -0.5470848388882809, 0.8346460389881052]], "T": [-0.007525543889805142, -0.07679096556027355, 0.008634524146038727], "aligned_model": [[0.22988699277950173, -0.5912532642811084, -0.3103196854794443, -0.8172007169263482, 0.23608559633462525, 0.10114183773528995, 0.6397930960330309, -0.4611628430315744, -0.12754178113905607, 0.4860364786734488, -0.04960690002500414], [-0.39014278244584777, -0.027353264231808103, -0.6016550138850553, -0.4288960039164471, 0.1637158916672683, -0.6944768649999188, -0.3971471925796185, 0.3019493324767173, 0.6297478447288879, 0.322489430768477, -0.1440629752347395], [-0.563897027076809, -0.5163817663216076, -0.3196415095643823, 0.1012416181030683, 0.590030236461058, 0.3033166917404748, 0.1029944941846044, 0.1888757340454087, -0.24212401099697994, 0.010576055585355806, -0.02921711534346203]], "inverted": false, "swapped": false, "error_lsq": 0.033640683840944055, "error_max": 0.167667701512529, "target": "836.xyz", "model": "9.xyz", "model_rescale": 3.833441315466971, "target_rescale": 3.80642157214055},
{"mapping": [8, 7, 11, 12, 5, 0, 13, 6, 3, 2, 14], "R": [[-0.46556175572914316, -0.3207616759383192, 0.8248419235536215], [-0.8394046838906675, 0.45538155725387686, -0.29669414213199974], [-0.2804496893647893, -0.8305056198258234, -0.4812570905170315]], "T": [-0.1420645121921656, -0.15804668904287372, 0.015650811772133497], "aligned_model": [[0.20058484666904824, -0.4295952423838756, -0.47973904519437877, -0.6157150512055389, 0.25565774786276996, 0.13737025406733921, 0.6122081629871694, -0.6705644872152803, -0.04193071314187251, 0.47777873143988564, -0.11019639321190497], [-0.4576599249383717, 0.08066984526831317, -0.4724300415036466, -0.49551203403172506, 0.11054490086396707, -0.5838595340552173, -0.27371650036266765, 0.09822782910596917, 0.6405876174794922, 0.1828546501166861, -0.0955384055948836], [-0.61710718946133, -0.5359418569823508, -0.4868191858404936, 0.17310672666474491, 0.4922122067204868, 0.4677819809384014, 0.246691430802008, 0.3565917389033023, -0.31065934204004464, -0.11174967963410502, -0.048333429253889476]], "inverted": false, "swapped": false, "error_lsq": 0.0463987462056663, "error_max": 0.2645287324874008, "target": "836.xyz", "model": "10.xyz", "model_rescale": 4.2482417240324, "target_rescale": 3.80642157214055},
{"mapping": [8, 1, 3, 2, 5, 7, 9, 6, 0, 10, 11], "R": [[-0.2411713650601341, 0.5183768505057669, -0.8204400121488187], [-0.9612638951412016, -0.011349862730149679, 0.2753959050421268], [0.13344698038171146, 0.8550769681588488, 0.501034212356077]], "T": [-0.09503264661938067, -0.06330279775897654, -0.012387736059691127], "aligned_model": [[0.12968456215639657, -0.5128888697859656, -0.3024176878911808, -0.7679251874638046, 0.013416310910490795, 0.14141007264570465, 0.692614482933627, -0.4374547733711865, -0.07331409578123958, 0.4486800052716214, 0.004053991048898198], [-0.3113576414977558, 0.07374871860649973, -0.7767315385988749, -0.33224562981821293, -0.11112356608287104, -0.6562947641208934, -0.20023259767314508, 0.32499236616667493, 0.6010555864116837, 0.16028341501987867, -0.03792594606506812], [-0.5270029316501126, -0.5653430799899968, -0.33809082608500296, 0.13808707227901512, 0.7293252596799862, 0.21346977440235032, 0.1880446249533932, 0.3780685238794961, -0.37569988540993354, -0.2758039849194663, 0.06071885367700089]], "inverted": false, "swapped": false, "error_lsq": 0.05219977902400896, "error_max": 0.2846666434301739, "target": "836.xyz", "model": "11.xyz", "model_rescale": 3.6694154284099745, "target_rescale": 3.80642157214055},
{"mapping": [2, 9, 8, 11, 0, 4, 1, 6, 7, 12, 13], "R": [[0.5341422206914612, -0.34526317619127833, 0.7716770226209312], [0.7842465897574036, 0.5432101419878897, -0.2997999801457294], [-0.3156728916595112, 0.7653209005429077, 0.5609229400403548]], "T": [-0.050063998539019876, -0.017478315154428103, -0.04113912059628639], "aligned_model": [[0.3378660870320531, -0.6306957280171741, -0.2707713812653092, -0.7237975204815962, 0.28572713270333133, -0.1015606538492072, 0.6414762091255469, -0.36544862722513416, -0.38071807267949387, 0.5236425082420715, 0.02013885708827324], [-0.369094768954204, -0.015057944035450549, -0.5862110067726608, -0.3081006111220539, 0.03618884456823038, -0.565527930489586, -0.4799465814477213, 0.16300711075907667, 0.5953019420997596, 0.3097825521969807, -0.046173204454454914], [-0.4312540927755237, -0.5957085061712052, -0.4888323503930762, 0.04041130187001595, 0.5874322886896778, 0.45350050920822227, 0.11496577348614007, 0.3922341370869867, -0.3006262263324706, -0.20091918519738214, 0.05456975134534473]], "inverted": true, "swapped": false, "error_lsq": 0.051534317698553454, "error_max": 0.2334932793300111, "target": "836.xyz", "model": "12.xyz", "model_rescale": 3.9764082729961374, "target_rescale": 3.80642157214055},
{"mapping": [14, 4, 6, 5, 1, 12, 10, 0, 7, 8, 15], "R": [[-0.6070912778940853, -0.30668225134751137, 0.7330662841880999], [-0.794580606882769, 0.2237846097434456, -0.5644130647033112], [0.009046517050048386, -0.9251305016863272, -0.3795414540980571]], "T": [-0.020090890851015487, -0.15447622786379472, -0.02077569844352695], "aligned_model": [[0.2399290819665094, -0.6083083196616784, -0.3547394588107258, -0.8046642124226493, 0.25447156038227264, 0.10195519189352781, 0.7015789794575767, -0.5000838761383446, -0.20902963077672942, 0.5597015407123894, -0.044952045928786925], [-0.4593132533611891, 0.06542611749997407, -0.6265056199548986, -0.3998193656219068, -0.011113789352605513, -0.5829226246759299, -0.26210049496902543, 0.33621281588010904, 0.5396317732078577, 0.24887951343870657, -0.11420666974317636], [-0.7123478502808777, -0.36935414976562747, -0.5196317845684226, 0.143770202957194, 0.5336476505037276, 0.4361181335280574, 0.31650239805416563, 0.21573842360188533, -0.25218428585243957, -0.049019616526059684, -0.11746572083487321]], "inverted": false, "swapped": false, "error_lsq": 0.046395971114804486, "error_max": 0.28294175909177066, "target": "836.xyz", "model": "13.xyz", "model_rescale": 4.170626492500431, "target_rescale": 3.80642157214055},
{"mapping": [0, 3, 1, 9, 12, 10, 8, 11, 6, 4, 13], "R": [[0.7375168843520503, 0.4698402791747595, -0.4850968535876405], [-0.623541317047857, 0.7496211496697625, -0.22195575663182873], [0.2593551064272081, 0.46617404907691695, 0.8458230812276074]], "T": [0.011010754061485502, -0.10754861453783829, -0.11967094415406186], "aligned_model": [[0.21999070703105392, -0.5417957494625082, -0.3636805165989233, -0.6451901536533478, 0.2839724934607553, -0.04434749294304823, 0.6088912769187231, -0.5409613364462192, -0.24921367099242137, 0.6491904976204375, -0.040997244261139855], [-0.4550067010278902, 0.07362003768692807, -0.6887720316087402, -0.4978794533975446, 0.0818697795813361, -0.410161115706391, -0.3918576207138107, 0.1647777735672091, 0.6898030647096344, 0.2011467377323993, -0.03337206847521404], [-0.557230841673694, -0.48988236151247044, -0.4552305678197507, 0.1511586026335539, 0.532493668485731, 0.3532872396211286, 0.21687557893020726, 0.22792767605804243, -0.1829387498429465, -0.09737912971904998, -0.07330771434402185]], "inverted": false, "swapped": false, "error_lsq": 0.04320274750216397, "error_max": 0.25782250867982054, "target": "836.xyz", "model": "14.xyz", "model_rescale": 3.9786697098870705, "target_rescale": 3.80642157214055},
{"mapping": [8, 7, 5, 4, 0, 2, 3, 1, 6, 9, 11], "R": [[0.5816890319025756, -0.808649097737964, 0.08788917391705076], [-0.7771970483904319, -0.52065620483709, 0.3533862820453554], [-0.2400054543910316, -0.2738681308444184, -0.9313396956912872]], "T": [-0.15673227198213038, -0.05792938889094787, -0.05722624946778045], "aligned_model": [[0.10626873607933832, -0.41085378433511965, -0.3739928850587345, -0.5535503377493123, 0.104374358569402, 0.09949875310372955, 0.7189897549610134, -0.5085848233645891, -0.11628005679099865, 0.3911178762764844, -0.12112878101785174], [-0.42070259278693356, 0.0659336232698356, -0.7386014753771399, -0.42252733538944054, -0.03339801774013651, -0.8046898406117864, -0.28969349607649086, 0.4126053625790693, 0.7031956948715404, 0.22712834628408188, 0.03491813332531629], [-0.3245354305964645, -0.6546843790204577, -0.423481521667458, 0.23349438994576807, 0.5869997399103494, 0.30407958468961604, 0.09944398526025536, 0.2825809329710925, -0.27265121542482024, -0.1347928061731102, -0.07067987907804073]], "inverted": false, "swapped": false, "error_lsq": 0.048024696912870035, "error_max": 0.2686272743009223, "target": "836.xyz", "model": "15.xyz", "model_rescale": 3.769337070930944, "target_rescale": 3.80642157214055},
{"mapping": [5, 1, 7, 9, 2, 8, 6, 3, 0, 4, 10], "R": [[0.8172534452083562, 0.3634144600157957, -0.44724348686873044], [-0.5236366314686262, 0.14424107200644665, -0.839642299631588], [-0.24062727293318759, 0.9203936350268069, 0.30817863670747603]], "T": [-0.08472023589353292, -0.14609909895809228, -0.07842110572105512], "aligned_model": [[0.22978379631747706, -0.5970065227161563, -0.21803013358962023, -0.7401254626194619, 0.12784481063741585, -0.02241201619596786, 0.5728293936600878, -0.5030349450382292, -0.04706899844809129, 0.60654020917627, -0.0734613205103628], [-0.17165928556089852, 0.03706415188301923, -0.6810280107841652, -0.3983836325618091, 0.18669227664806606, -0.5999081793702712, -0.38409672457685023, 0.15940672091846372, 0.4889722740316923, 0.2004166808405948, -0.10330786911992632], [-0.6704386832491313, -0.6659093441354217, -0.5336309830875842, 0.3309395980561596, 0.5465523813493591, 0.5145955180258719, 0.12771609221561078, 0.3810595106834195, -0.19127876008950762, -0.1790110454262231, -0.034820883525823305]], "inverted": false, "swapped": false, "error_lsq": 0.05023180426078459, "error_max": 0.24530120357627236, "target": "836.xyz", "model": "16.xyz", "model_rescale": 3.7852294659196426, "target_rescale": 3.80642157214055},
{"mapping": [0, 1, 4, 5, 11, 10, 9, 7, 2, 8, 12], "R": [[-0.8158302566141723, -0.13405377260749293, 0.5625394016800537], [-0.542334404985475, 0.515020298640318, -0.663797774293865], [-0.2007346147576573, -0.8466307802331172, -0.492871115404381]], "T": [-0.07892544092995926, -0.07200998595003319, -0.10073553198083006], "aligned_model": [[0.2838388680597089, -0.623218006958195, -0.34643985736305705, -0.6794887335238754, 0.175829504296501, 0.04816277073232467, 0.6992208628134055, -0.5254937784021844, -0.1898596355205799, 0.5177603266895017, -0.024453510150188408], [-0.46020492105427757, 0.12593204961349022, -0.6622263104875796, -0.3359093726586806, 0.28524252248461335, -0.7039974750172466, -0.35467965656411504, 0.23095179884170866, 0.5283754956669712, 0.18843915203081826, -0.10775488050778642], [-0.5290507245918109, -0.4733193579454541, -0.3868603514905038, -0.05726305972611552, 0.48697412212831415, 0.38268506687501247, 0.14795699464051265, 0.34672159680305326, -0.1370384101631052, -0.11912717404660608, -0.03590530166656723]], "inverted": true, "swapped": false, "error_lsq": 0.048724348876877044, "error_max": 0.3070419559430628, "target": "836.xyz", "model": "17.xyz", "model_rescale": 3.901054581598922, "target_rescale": 3.80642157214055},
{"mapping": [6, 10, 4, 8, 3, 1, 7, 5, 9, 12, 14], "R": [[-0.9479221327945226, -0.168272513722866, 0.2704218764887026], [0.01855387947100745, -0.8767746631749704, -0.48054338365124993], [0.31796129279341306, -0.4505003342282944, 0.8342362166349148]], "T": [-0.0840150466062771, -0.08793408046349155, 0.04490588926815442], "aligned_model": [[0.34126855214913854, -0.45555970193251727, -0.5345390852333722, -0.6492104527408719, 0.3309351797964176, 0.08252050527501378, 0.5403153994156935, -0.5762247752430276, -0.21029996894509953, 0.521908911023323, -0.05525575289133683], [-0.457822233335271, 0.015603981488188035, -0.6197271769184634, -0.36427860061879297, 0.15378930203006774, -0.7618126496774076, -0.3092821515900433, 0.2800497544434874, 0.5002983456639958, 0.3419747948218972, -0.04462496395974217], [-0.45112068286774076, -0.6787571448538436, -0.32899003621348644, 0.2561074782876492, 0.6388688556869369, 0.10686662965781807, 0.07479818553000653, 0.15627701334486419, -0.22383999921451891, 0.04800759823990788, 0.027555503219136676]], "inverted": true, "swapped": false, "error_lsq": 0.0492261414731296, "error_max": 0.27077280893883365, "target": "836.xyz", "model": "18.xyz", "model_rescale": 3.9405287249114394, "target_rescale": 3.80642157214055},
{"mapping": [12, 0, 1, 2, 11, 10, 14, 5, 7, 13, 15], "R": [[0.10902875742888679, -0.18585431423473142, -0.9765095513787108], [0.37277150912237067, -0.9030301713108266, 0.21348983977925046], [-0.9214955952364307, -0.38729147109467493, -0.029175064304630016]], "T": [-0.05308530644098199, -0.0568731045871609, -0.17670517978563524], "aligned_model": [[0.2802722601252086, -0.5120941784358253, -0.40278103458676323, -0.6067711647883421, 0.17594615743348768, 0.029086938717380183, 0.5882476646440729, -0.6309852656441589, -0.045218816578853675, 0.529382516841275, -0.06922626705411958], [-0.29847961382853044, -0.015785867231237732, -0.5566759311834019, -0.47425761686108314, 0.056046474485694706, -0.5596949598373867, -0.38715106722391623, 0.17838721627957083, 0.6352974941618916, 0.23478239197880474, -0.07830011839248979], [-0.538144095391939, -0.6868982337489667, -0.42855723203544016, 0.34726755060503467, 0.4970952054304485, 0.42189480430631354, 0.10498161378466334, 0.3727917368003604, -0.30501546583461137, -0.012394037328233742, -0.14724844577090057]], "inverted": true, "swapped": false, "error_lsq": 0.04005430906462599, "error_max": 0.2117082553311852, "target": "836.xyz", "model": "19.xyz", "model_rescale": 4.410303926677745, "target_rescale": 3.80642157214055},
{"mapping": [8, 10, 5, 3, 2, 1, 7, 6, 11, 12, 13], "R": [[-0.9930571804117979, 0.07560537816725377, -0.09011805160319807], [-0.047614621197190066, -0.9588841968695375, -0.2797748109500036], [-0.10756525591852707, -0.27354144802213926, 0.9558267583265982]], "T": [-0.09074510342628564, -0.07370213622590414, 0.07551362049257222], "aligned_model": [[0.25292637840552745, -0.4925723193723217, -0.40296893173534953, -0.7701093252299358, 0.19599038638743002, 0.20195729796205905, 0.5865318455262999, -0.4915972066742703, -0.19144758888370786, 0.5239491077397836, -0.07680083345215323], [-0.43886171009600006, -0.06135195392852501, -0.6484459053164381, -0.28320020599684825, -0.02078739520361926, -0.7267586120451109, -0.2842235013060245, 0.302363452757789, 0.689457356451597, 0.30812678250640474, -0.10214990547530915], [-0.5072436013363953, -0.6410869478364732, -0.4453093858118919, 0.21882275696954762, 0.6701492373352947, 0.30126223019923004, 0.13739943650878358, 0.2609808339901436, -0.2320248692165972, -0.14135648087506503, 0.004180190890152952]], "inverted": true, "swapped": false, "error_lsq": 0.032751192583083934, "error_max": 0.17162214554303026, "target": "836.xyz", "model": "20.xyz", "model_rescale": 4.121658175737393, "target_rescale": 3.80642157214055},
{"mapping": [3, 1, 2, 6, 9, 10, 11, 8, 5, 7, 12], "R": [[0.7489271628503601, -0.4071893618221333, -0.5227857384854664], [-0.5017323513414702, -0.8638007584323051, -0.045966263162609905], [-0.4328657440388071, 0.2967239008753064, -0.851223927228947]], "T": [-0.09055585350350777, -0.11725282745146638, -0.04954000002326307], "aligned_model": [[0.2774420125745039, -0.5556659261037109, -0.34466567520903657, -0.6636300856729356, 0.1664143047595964, -0.12266361527745308, 0.7354148124427675, -0.449445119918863, -0.16603374898944256, 0.5000331464791885, -0.041341294411253185], [-0.14449623727620997, -0.09192891584432214, -0.7154491834051199, -0.31408520531955847, 0.02312853478932357, -0.6839597984318508, -0.3457131090802026, 0.31169557917013146, 0.5369780115595103, 0.21183137639120564, -0.05383265020499112], [-0.6381621794653316, -0.564715878593087, -0.441714645360863, 0.18597518317799677, 0.61146097280378, 0.4857032552757632, 0.150828065933775, 0.32583296327475, -0.22328874553456834, -0.1481619021437216, -0.11798368855176382]], "inverted": false, "swapped": false, "error_lsq": 0.042282573350315496, "error_max": 0.23153754276459207, "target": "836.xyz", "model": "21.xyz", "model_rescale": 4.08911054899281, "target_rescale": 3.80642157214055},
{"mapping": [15, 14, 9, 10, 0, 8, 1, 13, 3, 2, 16], "R": [[0.7804001750354091, 0.5388230266239512, -0.31724645432929244], [-0.5897703558040049, 0.8028496582508641, -0.0871972113160075], [0.2077173421251114, 0.2551512732209576, 0.9443258619534911]], "T": [-0.10328178178735381, -0.199205995377169, 0.029041685297688163], "aligned_model": [[0.2947748687837008, -0.31324415710808673, -0.5824887714897392, -0.7902452665885759, 0.1392191793680587, 0.20667689722000887, 0.6674257557739329, -0.4251712460157074, -0.2143716748449344, 0.4578017993672516, -0.10451857379254789], [-0.2462169631008326, 0.041380633435029845, -0.5203537696969347, -0.5548337439866382, 0.10721224953808972, -0.7458779993346453, -0.3249670575482376, 0.36512886357008856, 0.5779067946476317, 0.19679320946244583, -0.1620038146380816], [-0.5799311299773546, -0.5276058341735842, -0.3890161810705425, 0.2587055357044471, 0.697906799652614, 0.3220218133903646, 0.17114174882287367, 0.15005121312091596, -0.34248700879578675, -0.1937220327947535, 0.05870847693753607]], "inverted": true, "swapped": false, "error_lsq": 0.04497346905838142, "error_max": 0.24925825586419179, "target": "836.xyz", "model": "22.xyz", "model_rescale": 4.204369325754507, "target_rescale": 3.80642157214055},
{"mapping": [12, 0, 1, 2, 11, 10, 14, 5, 7, 13, 15], "R": [[0.10902875742888679, -0.18585431423473142, -0.9765095513787108], [0.37277150912237067, -0.9030301713108266, 0.21348983977925046], [-0.9214955952364307, -0.38729147109467493, -0.029175064304630016]], "T": [-0.05308530644098199, -0.0568731045871609, -0.17670517978563524], "aligned_model": [[0.2802722601252086, -0.5120941784358253, -0.40278103458676323, -0.6067711647883421, 0.17594615743348768, 0.029086938717380183, 0.5882476646440729, -0.6309852656441589, -0.045218816578853675, 0.529382516841275, -0.06922626705411958], [-0.29847961382853044, -0.015785867231237732, -0.5566759311834019, -0.47425761686108314, 0.056046474485694706, -0.5596949598373867, -0.38715106722391623, 0.17838721627957083, 0.6352974941618916, 0.23478239197880474, -0.07830011839248979], [-0.538144095391939, -0.6868982337489667, -0.42855723203544016, 0.34726755060503467, 0.4970952054304485, 0.42189480430631354, 0.10498161378466334, 0.3727917368003604, -0.30501546583461137, -0.012394037328233742, -0.14724844577090057]], "inverted": true, "swapped": false, "error_lsq": 0.04005430906462599, "error_max": 0.2117082553311852, "target": "836.xyz", "model": "23.xyz", "model_rescale": 4.410303926677745, "target_rescale": 3.80642157214055},
{"mapping": [11, 13, 7, 0, 4, 3, 10, 5, 15, 9, 16], "R": [[0.6754724790401792, -0.6253866319497952, 0.39067696455998846], [-0.45487224937006543, 0.06360511193780302, 0.8882824024421495], [-0.5803689919459274, -0.7777184261118361, -0.2415075213607166]], "T": [-0.08408414844751153, -0.07569998860912167, -0.11627487866179254], "aligned_model": [[0.2843671009688713, -0.5477490821828891, -0.37263395546930944, -0.6008500692404334, 0.061309691146194584, 0.024836410981115692, 0.5144509589928695, -0.42457030452750866, 0.024153981143137326, 0.4475796381322965, -0.07503555927098288], [-0.2959883999898133, 0.0071361434538860374, -0.5821156943719339, -0.5111304154103901, 0.018716161166963716, -0.6269348797687883, -0.24202024914923417, 0.27745145681134376, 0.6292935773015791, 0.2258730804374954, -0.16611237813319246], [-0.581504047164414, -0.6381365732496833, -0.4359826178654813, 0.22097745655455026, 0.5499312418901053, 0.5862401682489528, 0.07834588685621591, 0.2773687006624947, -0.14041551166885477, -0.2534145362879103, -0.037636767159245826]], "inverted": false, "swapped": false, "error_lsq": 0.04727328291372099, "error_max": 0.259099520561774, "target": "836.xyz", "model": "24.xyz", "model_rescale": 4.28219845311461, "target_rescale": 3.80642157214055},
{"mapping": [4, 2, 13, 12, 5, 9, 3, 10, 6, 1, 15], "R": [[0.11726739771318978, 0.6782173206335864, 0.7254444316597763], [0.8862897187077141, -0.40103127860279325, 0.23165588292812755], [0.4480389402123191, 0.6157882587178877, -0.6481249327703835]], "T": [-0.09551712183327782, -0.15414190485976648, -0.052944946883725114], "aligned_model": [[0.3436008644362739, -0.41410223881115266, -0.406913553210464, -0.7108359674675064, 0.2555765202029128, 0.0260409505758544, 0.640102634310709, -0.511208362368694, -0.28573522407498997, 0.4696266397941466, -0.07029345271372814], [-0.3220930737851523, -0.021212822343798066, -0.5838553307860708, -0.5256712091478561, 0.08677736663371186, -0.6395286530334556, -0.3875586369731555, 0.421386307328293, 0.6855209427176729, 0.13642260986032312, -0.11601909812259661], [-0.6129595645651588, -0.6442261039059797, -0.3199563530843528, 0.20737907140039838, 0.6845995196123341, 0.40147448888945747, 0.013579848493579155, 0.3015587743176482, -0.3193666256914549, 0.024915121994712103, -0.11122477664445367]], "inverted": true, "swapped": false, "error_lsq": 0.041560634518482714, "error_max": 0.19593829270173294, "target": "836.xyz", "model": "25.xyz", "model_rescale": 4.100010024507729, "target_rescale": 3.80642157214055},
{"mapping": [8, 1, 3, 2, 5, 7, 9, 6, 0, 10, 11], "R": [[-0.2411713650601341, 0.5183768505057669, -0.8204400121488187], [-0.9612638951412016, -0.011349862730149679, 0.2753959050421268], [0.13344698038171146, 0.8550769681588488, 0.501034212356077]], "T": [-0.09503264661938067, -0.06330279775897654, -0.012387736059691127], "aligned_model": [[0.12968456215639657, -0.5128888697859656, -0.3024176878911808, -0.7679251874638046, 0.013416310910490795, 0.14141007264570465, 0.692614482933627, -0.4374547733711865, -0.07331409578123958, 0.4486800052716214, 0.004053991048898198], [-0.3113576414977558, 0.07374871860649973, -0.7767315385988749, -0.33224562981821293, -0.11112356608287104, -0.6562947641208934, -0.20023259767314508, 0.32499236616667493, 0.6010555864116837, 0.16028341501987867, -0.03792594606506812], [-0.5270029316501126, -0.5653430799899968, -0.33809082608500296, 0.13808707227901512, 0.7293252596799862, 0.21346977440235032, 0.1880446249533932, 0.3780685238794961, -0.37569988540993354, -0.2758039849194663, 0.06071885367700089]], "inverted": false, "swapped": false, "error_lsq": 0.05219977902400896, "error_max": 0.2846666434301739, "target": "836.xyz", "model": "26.xyz", "model_rescale": 3.6694154284099745, "target_rescale": 3.80642157214055},
{"mapping": [8, 11, 9, 3, 1, 7, 5, 6, 2, 0, 13], "R": [[0.7644651546871284, -0.3975542873143574, 0.507487552465239], [0.518436090597584, 0.8470156006893228, -0.11742483619234748], [-0.3831671270282448, 0.35286705829090836, 0.853620402718938]], "T": [-0.026973140818370538, -0.13484904569551612, -0.17042227188300418], "aligned_model": [[0.3134732174121856, -0.6411492929916659, -0.4631813764986943, -0.5679914288017057, 0.1814540612880363, -0.0008543100940187551, 0.622072049094266, -0.34663895443888154, -0.14320194361614036, 0.41655870672276707, -0.03468191740278677], [-0.5652329066955035, 0.18606715079765027, -0.5923207750763674, -0.4983670517871691, 0.10386911111909794, -0.6445288135254171, -0.26475523875750506, 0.24382540342936024, 0.5191967668810571, 0.3258355081627484, -0.07942075220003586], [-0.49787181271081576, -0.6763628990075281, -0.4259717336556817, 0.3070555722608605, 0.6537248003831524, 0.19791570561170735, 0.26298656763986605, 0.30456179204619727, -0.3147988165657539, -0.0031423113787688306, -0.18232346380650527]], "inverted": true, "swapped": false, "error_lsq": 0.04728692767055218, "error_max": 0.23036563483852474, "target": "836.xyz", "model": "27.xyz", "model_rescale": 4.103607728864725, "target_rescale": 3.80642157214055},
{"mapping": [8, 11, 13, 12, 0, 2, 1, 10, 6, 5, 14], "R": [[0.047931860344421366, -0.9187495631621726, 0.39192062583288473], [0.8679568603449949, -0.15587022850326054, -0.4715457140579274], [0.49432117630542816, 0.36277225921459105, 0.7899638362611034]], "T": [-0.1657197978601668, -0.026834944126737065, -0.017947090946329798], "aligned_model": [[0.20505916106790115, -0.3683731655790158, -0.46102250342660445, -0.6697158105824956, 0.2944142745639863, -0.026831794025369088, 0.6561771514682888, -0.553999356508586, -0.10862557642888324, 0.4144718694808589, -0.045695439356719186], [-0.4292191970683199, 0.10469171095049937, -0.4961927006393625, -0.6124732031270245, -0.0036146785439481743, -0.6347651494143837, -0.3304673161674553, 0.27139384725647964, 0.5382303464732365, 0.41820824820467184, -0.0916235055764775], [-0.6285941685676694, -0.6611372533522003, -0.3531666330978546, 0.35663196063002583, 0.5274236046748008, 0.3725035386110909, 0.16954589401143877, 0.12373511905777379, -0.2984978530023123, -0.039268359421211346, 0.05659755127284743]], "inverted": true, "swapped": false, "error_lsq": 0.04399315157189121, "error_max": 0.22253732657829634, "target": "836.xyz", "model": "28.xyz", "model_rescale": 4.137296879288765, "target_rescale": 3.80642157214055},
{"mapping": [0, 7, 1, 2, 4, 5, 6, 3, 8, 9, 10], "R": [[-0.7121422519411689, -0.5042419579920218, -0.48846029603288454], [0.7020301498628007, -0.5088603295693419, -0.49821163542634667], [0.002661143320956405, -0.697711410821805, 0.7163739983592874]], "T": [-0.06237931917924828, -0.08840642738468497, -0.041488968057066394], "aligned_model": [[0.26778748676206393, -0.3911139127403955, -0.40941459087698845, -0.650609947469047, 0.2002769919308109, -0.03055749893824667, 0.5578263362806476, -0.5260544929401362, -0.2000569982435322, 0.5198329956569129, -0.0020575587487279973], [-0.48375239950932447, 0.08884931026243649, -0.6352793561941185, -0.4789970478905322, 0.10602910892667884, -0.7075266447376183, -0.29918657297121043, 0.26772711377919095, 0.6111139637986388, 0.3113509236995511, -0.04615999681577636], [-0.5160538055097774, -0.653474421439116, -0.4254882985550643, 0.29547211453378175, 0.6605341421263428, 0.22095278863018072, 0.2535779703129756, 0.3107083616581039, -0.14183814335008552, -0.3761785211598032, -0.002438786430808429]], "inverted": true, "swapped": false, "error_lsq": 0.042648372032531974, "error_max": 0.26738064970269854, "target": "836.xyz", "model": "29.xyz", "model_rescale": 3.607286011436655, "target_rescale": 3.80642157214055},
{"mapping": [10, 4, 5, 7, 1, 13, 11, 6, 3, 9, 14], "R": [[-0.23977116420549843, -0.44735106078299913, 0.8616187191744765], [-0.41375343253113417, -0.7557843285189485, -0.5075412750051631], [0.8782470528753538, -0.4781914649818499, -0.0038777486081508217]], "T": [-0.057957512475024134, -0.13937343859736318, -0.015773206355409075], "aligned_model": [[0.259076659737352, -0.4140563082997233, -0.4954812494739457, -0.7098148283674365, 0.2832253238640732, 0.038103712745172894, 0.48496767821602427, -0.45919343250160916, -0.24649357453504028, 0.5106212916996824, 0.08490353758881204], [-0.4899435445087537, 0.06530392969780921, -0.563396716117084, -0.4725050688408438, 0.10932728869301805, -0.6303569533066689, -0.361023026543605, 0.13257288544834978, 0.6044353233743834, 0.40022846210231855, -0.06047417765100774], [-0.5597077915702795, -0.5886172621177224, -0.47324284389134486, 0.23600908290718287, 0.5839669701279071, 0.5186441882384749, 0.009421246079731941, 0.1033817338355847, -0.20981988935394108, -0.0055145459973438594, 0.01125251255847974]], "inverted": false, "swapped": false, "error_lsq": 0.04628913120860368, "error_max": 0.28877547195542896, "target": "836.xyz", "model": "30.xyz", "model_rescale": 3.964800864290218, "target_rescale": 3.80642157214055},
