[{"mapping": [1, 4, 5, 7, 6, 11, 0, 3, 2, 9, 8, 12], "R": [[-0.22052216411927322, 0.6603239208233619, 0.7178734531382359], [-0.11020061411928983, -0.7481468346578826, 0.6543180713071605], [0.9691366259614193, 0.06518154171123514, 0.23775106065013213]], "T": [-0.1310253159275082, -0.12191048142216335, -0.003277921522316367], "aligned_model": [[-0.13053580999965664, 0.24871750036750834, 0.4454982590710588, -0.15574636082057486, -0.016051961566975415, -0.5979322602248014, 0.38082740534485027, -0.20020587554410318, 0.5208376187076745, 0.08543067706193885, -0.6102665673038559, -0.1329301626325146], [-0.48988846232322714, -0.6473841603932006, -0.15461350962721868, 0.7088164623003711, 0.36679407392687136, -0.4650952151941221, -0.34978644713640383, -0.2891464335380698, 0.012555236864169705, 0.2805981285720617, 0.1187973182519432, -0.03809195572611773], [-0.5260127935116107, -0.07489443092751799, -0.7272790747536653, -0.02455740871380025, -0.6394355468570505, -0.005277956879689426, 0.49994775014895737, 0.813431503048942, -0.05363991483715088, 0.5916759563937539, 0.32565029020022107, 0.0023433720421734312]], "inverted": true, "swapped": true, "error_lsq": 0.047948250485248624, "error_max": 0.33459066975871266, "target": "837.xyz", "model": "0.xyz", "model_rescale": 3.751011558992144, "target_rescale": 3.9032907842424334},
{"mapping": [9, 8, 13, 10, 5, 2, 0, 7, 6, 11, 1, 4, 14], "R": [[-0.34787140420153034, 0.25145741657113263, -0.9031913716318528], [0.7355211931265019, -0.5241850867759088, -0.4292302054416727], [-0.5813725660887542, -0.8136333095769281, -0.002603256858670744]], "T": [0.059288365041112734, 0.0055619696306232385, -0.12338433717559658], "aligned_model": [[-0.3197404641388853, 0.3473555644377491, 0.2555597933000755, -0.6533875260842847, 0.11319340606355502, 0.7764077964842309, 0.7105891450112667, 0.10737415468974809, -0.3672804115587345, -0.6212232536034097, 0.2522106272796311, -0.17655009774490826, 0.03211913412203645], [-0.4556290961038914, -0.24011591125691015, -0.4900528428017698, -0.253191455658941, -0.6138436515107378, -0.4037539303267513, 0.3918447196941937, 0.6053147240859159, 0.6207903153277061, 0.20900731387644622, 0.5772810874191228, 0.08210045502246689, -0.0010716969446666691], [-0.40236385052988666, 0.42166421076693517, -0.6166851403853316, 0.18901522626583897, -0.06408028970433363, -0.16741065972122693, -0.16918225757684996, -0.4020623129009866, -0.06629750199373369, -0.48703928038575905, 0.22533302763973437, 0.6276789422053471, -0.17051861135481017]], "inverted": false, "swapped": false, "error_lsq": 0.0450518100423974, "error_max": 0.3070211075005194, "target": "837.xyz", "model": "1.xyz", "model_rescale": 3.9405287249114394, "target_rescale": 3.9032907842424334},
{"mapping": [8, 6, 4, 9, 3, 7, 1, 2, 5, 9, 0, 11, 12], "R": [[0.6661759607960539, 0.7438688523019291, -0.05356043159334674], [-0.6961242757040426, 0.5944320799463613, -0.40256862161147794], [-0.2676202197760417, 0.3054662549376837, 0.9138215280137416]], "T": [0.10850783023725749, -0.03613118153063086, -0.07487773594335688], "aligned_model": [[-0.3901665801801918, 0.3499968951503244, 0.30927055862316877, -0.6935846185822387, 0.1650749285241018, 0.761301931584358, 0.7098830036494683, 0.004770153495525689, -0.2798841952882508, -0.6935846185822387, 0.4152227484537958, -0.3009271681133109, 0.09925482952355966], [-0.39123962393837275, -0.0700421972998502, -0.3387025894067095, -0.10624329373757546, -0.6033102434095172, -0.4759309937986852, 0.33398078380991447, 0.5596050817145425, 0.5537196328978164, -0.10624329373757546, 0.6185569262416828, 0.0370592256582942, 0.01747061582821867], [-0.5501793208716204, 0.4108060788233451, -0.6747448811594813, -0.12084622905204806, -0.03119989572106298, 0.021796146421823842, -0.43347411946312775, -0.38873507073181823, 0.09630617569275297, -0.12084622905204806, 0.34966840849892716, 0.5035861224422574, -0.14408568350296233]], "inverted": false, "swapped": false, "error_lsq": 0.06443323112560698, "error_max": 0.5363581489731829, "target": "837.xyz", "model": "2.xyz", "model_rescale": 3.932901565614263, "target_rescale": 3.9032907842424334},
{"mapping": [4, 12, 7, 2, 5, 9, 8, 3, 1, 0, 11, 10, 13], "R": [[0.2395601045294613, -0.28254888041338283, -0.9288579474252119], [-0.3236772762598566, -0.9252258525866106, 0.1979650033172024], [-0.9153381763866479, 0.2532256935670694, -0.31310185398148416]], "T": [0.03365740521187485, 0.058503665617685066, -0.10884859382457807], "aligned_model": [[-0.46865145363431704, 0.30964383732664613, 0.3035845694521442, -0.7605676450895614, 0.1557238603204943, 0.6730665080171148, 0.6621097122969234, 0.0671648247049014, -0.5423964375530272, -0.4859165146525296, 0.46153347572496206, 0.026965186385483092, 0.054367944958836845], [-0.5439211049610639, -0.33654414072929306, -0.3097482559200801, -0.1857875711488729, -0.6385649951433177, -0.30304702485952795, 0.3596340087557843, 0.4485700440531267, 0.45962203928151607, 0.18348587656156154, 0.7320492447459032, 0.17514194343320771, -0.01221003324676058], [-0.49355186994209893, 0.48351829430180454, -0.6577314553133411, -0.04778948892574869, 0.017621752014849223, -0.09368162794164728, -0.33940214442165617, -0.4365846939636932, 0.12786777962099938, -0.513042505069323, 0.292358484236791, 0.597901833594211, -0.019432855866209214]], "inverted": true, "swapped": false, "error_lsq": 0.04485766281866637, "error_max": 0.21825906075741577, "target": "837.xyz", "model": "3.xyz", "model_rescale": 3.9243930471874484, "target_rescale": 3.9032907842424334},
{"mapping": [2, 5, 3, 7, 0, 6, 11, 10, 8, 4, 9, 1, 12], "R": [[-0.6668506369067413, -0.48731342772939484, 0.5637693244685291], [-0.13613337830367828, 0.8234765485799234, 0.5507758865913839], [-0.7326513027141228, 0.290537428042456, -0.6154754841078347]], "T": [0.0692519207131176, 0.11174471814951359, -0.10553719773052717], "aligned_model": [[-0.5073114990142574, 0.5103298453492833, 0.12171813449442939, -0.6953204829740419, 0.010151729397199008, 0.7005757206397804, 0.7265844181844808, 0.20986202191070868, -0.3086831178701975, -0.4061386034166592, 0.13072543765542596, -0.14631824325662823, 0.11045250715854679], [-0.5949295141868026, -0.364004336620279, -0.3558213874178173, -0.03989746509346265, -0.7105349748293973, -0.15278088032024745, 0.5360908850082222, 0.5145727292462801, 0.6147997960524031, 0.05348151458366154, 0.6374717439102627, -0.13042880202506738, 0.02066072251442755], [-0.24482338763365763, 0.2852775935187102, -0.5867674998736147, 0.08248526553787955, 0.10347387197995925, -0.3356957998662817, 0.012693085310237107, -0.6668625155596261, -0.1264432763531047, -0.45621727717322463, 0.3608526530127915, 0.5308917382197432, -0.04081294879487349]], "inverted": false, "swapped": false, "error_lsq": 0.05571097660816488, "error_max": 0.33542382656084135, "target": "837.xyz", "model": "4.xyz", "model_rescale": 3.8936222436046832, "target_rescale": 3.9032907842424334},
{"mapping": [5, 2, 4, 1, 0, 9, 7, 8, 10, 6, 11, 12], "R": [[-0.5638667984628729, -0.4626349329849564, -0.6841221764957155], [0.7469504365687185, 0.06768857567436398, -0.661425205169093], [0.3523056611822051, -0.8839610712611619, 0.30739802470703737]], "T": [-0.08780743553522805, 0.11080995477526465, -0.032796242142477616], "aligned_model": [[0.06114064387524376, -0.494090449221684, -0.26945709722905875, 0.31279526370794675, -0.794950734630908, -0.6890022794716697, -0.08816810461653393, -0.018279091343990278, 0.5745271628352654, 0.285949859864968, 0.24106586417923007, -0.09398299573371188], [-0.6270734714157562, -0.3817775080690131, 0.14130627050200903, 0.020187734200113855, 0.2226256440187226, 0.09408951402079627, -0.35661034785746804, 0.4475413710354277, 0.05668389265988341, -0.5973404230736665, 0.5815564386454402, 0.06773379044331784], [-0.5722117679254903, -0.22730678055771023, -0.6585194184529162, -0.5226583359350594, -0.26646769276537496, 0.4156696778036368, 0.6547278172669795, 0.4940661241061978, 0.2812885848576327, 0.09200786592646769, -0.11039751099413617, 0.03908615594529086]], "inverted": true, "swapped": true, "error_lsq": 0.04304067762283562, "error_max": 0.28341484006774187, "target": "837.xyz", "model": "5.xyz", "model_rescale": 3.6523030999806103, "target_rescale": 3.9032907842424334},
{"mapping": [8, 4, 9, 6, 10, 11, 7, 5, 1, 8, 3, 2, 12], "R": [[-0.8168141459998366, 0.3592740567081178, 0.4513721336890992], [-0.07598548019724612, 0.708591604843396, -0.7015156052039431], [-0.5718748619180177, -0.607305598296239, -0.5514880348514333]], "T": [0.02072763417616033, 0.03323772285396843, -0.0668399131986627], "aligned_model": [[-0.39829221106197077, 0.3117880228257861, 0.21489490832218097, -0.5512987820764068, -0.007224510030438308, 0.844508593050128, 0.5893530649919863, -0.09260929059862087, -0.4044532069352208, -0.39829221106197077, 0.4333718073822861, -0.1549706514710258, 0.06985233492135695], [-0.04217408535853711, -0.15721274476728386, -0.4516259596004261, -0.2590820890887534, -0.7228319005704508, -0.2764863352558071, 0.28179608049376775, 0.535250190588929, 0.48976401908758443, -0.04217408535853711, 0.5052558478957172, 0.0441435338179882, 0.12405755893799217], [-0.5887963588387409, 0.3893881782960332, -0.5667090503416853, 0.032956723654119446, 0.12355558001507819, -0.07183418648687781, -0.3526753938061371, -0.512980870417337, 0.2384138487641961, -0.5887963588387409, 0.23243317095539992, 0.6715521303100517, -0.08845591094042138]], "inverted": true, "swapped": false, "error_lsq": 0.06356704775169784, "error_max": 0.5585788002401297, "target": "837.xyz", "model": "6.xyz", "model_rescale": 4.08911054899281, "target_rescale": 3.9032907842424334},
{"mapping": [3, 7, 4, 0, 6, 5, 12, 11, 1, 9, 13, 2, 14], "R": [[0.10432619890219547, 0.9722230335205476, 0.20951949149118382], [0.354756888857478, -0.233189127256004, 0.9054117189089982], [0.9291197953067103, -0.020129680118865623, -0.3692305539192683]], "T": [0.1182346932201046, 0.028807641439740985, -0.19512983068949274], "aligned_model": [[-0.4142406413118086, 0.5007684027973422, 0.25103738591805297, -0.7086101153741683, -0.05471114236207364, 0.7865848799934715, 0.7138127560675295, 0.15311274736692418, -0.42138249518739646, -0.5216394638881069, 0.32564470257115286, -0.15218598903523478, -0.0015631592976137615], [-0.5232119086983652, -0.24336191267444837, -0.5842197906768584, -0.29364422137281154, -0.35889537027461255, -0.33051379330772235, 0.4192116961475857, 0.5687059344395371, 0.44620961282620275, 0.25555109601118015, 0.5409778614227337, 0.011457030831614503, 0.1204137961481477], [-0.3905674694549663, 0.4204029949078203, -0.5167045529345059, 0.11633227258039813, 0.0673946045844025, -0.2636671486583079, -0.1655771128148141, -0.422779600098545, 0.07419328958293042, -0.5871831137797588, 0.28503397066916303, 0.5642851772023297, -0.2631118094612083]], "inverted": false, "swapped": false, "error_lsq": 0.045664299380321675, "error_max": 0.31859109261462165, "target": "837.xyz", "model": "7.xyz", "model_rescale": 3.964800864290218, "target_rescale": 3.9032907842424334},
{"mapping": [4, 3, 2, 11, 6, 0, 1, 8, 9, 12, 5, 10, 13], "R": [[-0.2143415764178075, -0.64326984603467, -0.7350248933208053], [0.29140762676382514, -0.7603580990572248, 0.5804628810371589], [-0.9322763987587611, -0.08977453080142274, 0.3504300927956674]], "T": [0.08578882718961336, -0.029375858155024852, -0.1384128974460781], "aligned_model": [[-0.279443949394125, 0.4889579091343461, 0.2750706525655159, -0.6813202620056485, -0.041579542601445, 0.6832303958726392, 0.67578626303627, 0.017202494051149625, -0.4499395200795354, -0.483011894845351, 0.3740591858073572, -0.19272746696749535, 0.07034360368439278], [-0.5705354446300512, -0.289576473833969, -0.37912444529719896, -0.26651123731525156, -0.5329487227244437, -0.42453714534323156, 0.28336162904846474, 0.7359466300167188, 0.39271283604341334, 0.16354886940192837, 0.5446849821860784, 0.3275635990615734, 0.0440949542081522], [-0.4007956634368225, 0.40538212521093986, -0.6679948496768083, 0.0676059893537283, 0.11984567767710441, -0.14680942292202984, -0.48078430537088146, -0.16361181433772004, -0.04517664403176522, -0.5965839630953049, 0.3967740557746112, 0.5472669919907808, -0.11706667481089504]], "inverted": false, "swapped": false, "error_lsq": 0.05406322306930481, "error_max": 0.38068374281304523, "target": "837.xyz", "model": "8.xyz", "model_rescale": 4.121658175737393, "target_rescale": 3.9032907842424334},
{"mapping": [10, 1, 5, 3, 0, 4, 9, 7, 8, 11, 6, 2, 12], "R": [[0.554310174679327, 0.8273240827731455, -0.0909675343765441], [-0.7874246820336971, 0.4858681296682577, -0.3793343257560544], [-0.26963419733243293, 0.28189895820354294, 0.9207770506439937]], "T": [0.003524919956941361, 0.042959364497430236, -0.11792377303484058], "aligned_model": [[-0.3870012439342335, 0.3192090686147342, 0.22684481130624734, -0.6927001779854832, 0.13597049071743023, 0.8018977823737585, 0.7175709315484687, -0.003312711261744955, -0.2515233936264046, -0.5464401833604943, 0.3794871857511584, -0.29177622421883553, 0.04840153233346965], [-0.45022760506278503, -0.1856159294525824, -0.28996209669301054, -0.28605894763403517, -0.7080708532863965, -0.32942034359566497, 0.388410546497057, 0.4924226922739545, 0.6619086576914213, 0.24102491177115476, 0.5244344431050946, -0.04425089884242325, 0.014085454050398783], [-0.5430552338417534, 0.45043225006634946, -0.5880401767928168, 0.0544176170815352, 0.07504261233780479, -0.00809643911653024, -0.3708893659921443, -0.621060806154621, 0.16913975289670258, -0.36559391388695545, 0.20920949258116972, 0.5046017726864223, -0.048056059540225224]], "inverted": true, "swapped": false, "error_lsq": 0.05039178643574956, "error_max": 0.24501282188740056, "target": "837.xyz", "model": "9.xyz", "model_rescale": 3.833441315466971, "target_rescale": 3.9032907842424334},
{"mapping": [11, 2, 7, 10, 9, 3, 4, 6, 0, 12, 5, 13, 14], "R": [[-0.8779752776893205, 0.4170768205491048, -0.2349602892554626], [-0.19960571831835539, -0.7650779325198952, -0.6122199885545198], [-0.4351056986307742, -0.4906145971449819, 0.754970428617766]], "T": [-0.04770842114296052, 0.04941471422511644, -0.14425081372856635], "aligned_model": [[-0.3949270375731544, 0.340702865953711, 0.15973695523983422, -0.8066443443963326, 0.26752332680855156, 0.7521356136520267, 0.6569138510350913, 0.16920856454259214, -0.4435592623472927, -0.42044139878306486, 0.2584123539356608, -0.09878192356212985, 0.01634830375257741], [-0.390004184290003, -0.17923080659021168, -0.4463595340739655, -0.19143112982311672, -0.655173556650382, -0.2883888064978338, 0.3880060014934821, 0.4738639233270687, 0.4483197553022353, 0.283335322084954, 0.45324430443771907, 0.15143492394914415, -0.01893618184690707], [-0.5337214096348962, 0.4156671738326739, -0.5380633164791735, 0.06011084441727077, 0.1049367464762404, -0.16570194744421854, -0.30165466954801434, -0.6280063907080328, 0.24045666140643956, -0.5557983005497087, 0.3036854926822852, 0.6448435504466947, -0.128702932572623]], "inverted": false, "swapped": false, "error_lsq": 0.042771679493667995, "error_max": 0.24742799157035084, "target": "837.xyz", "model": "10.xyz", "model_rescale": 4.2482417240324, "target_rescale": 3.9032907842424334},
{"mapping": [7, 9, 3, 0, 10, 11, 8, 4, 2, 1, 6, 12], "R": [[-0.41135474040079195, -0.8944089125387737, 0.17555618679216423], [0.3697431535612055, 0.012304573291014365, 0.9290525269707526], [-0.8331130043063857, 0.44708085918246854, 0.3256400273434669]], "T": [0.018519835837972287, 0.13317711988375028, -0.05284574805278003], "aligned_model": [[-0.6885216799756249, 0.012659636727850407, 0.47046666490264083, 0.6078188894418544, -0.5755716279933056, 0.12775209360311518, -0.2237028986353066, 0.5665555630131043, 0.12979462008928372, 0.10683593158182342, -0.6079484283794787, -0.04937316201294974], [-0.3033070911408349, -0.5649568170634346, -0.20615901238265935, -0.33536041714202935, 0.5505419010210507, 0.6029386966051908, 0.09253599824994059, 0.2425119750584907, -0.29953704737499964, 0.6413928560580456, 0.1612491579554704, 0.08428119020640815], [-0.02555050845726664, 0.22176517492173448, 0.5638901360413433, -0.07171218577976295, 0.061731742840645684, 0.26836171009274945, 0.5263628814136128, -0.3892366656203556, -0.5487479734556169, -0.4304391976452259, -0.5661653497730066, -0.04506747472449449]], "inverted": false, "swapped": true, "error_lsq": 0.04148353465547986, "error_max": 0.2556709744805077, "target": "837.xyz", "model": "11.xyz", "model_rescale": 3.6694154284099745, "target_rescale": 3.9032907842424334},
{"mapping": [2, 11, 10, 1, 8, 9, 7, 5, 0, 12, 6, 4, 13], "R": [[0.11534741801371279, -0.2798338736792727, 0.9530938968953808], [-0.3186083701540424, -0.9192251666074971, -0.2313304985150128], [0.9408420056658582, -0.27698031738207046, -0.19518766394824488]], "T": [0.037965164848974046, 0.018984259846251048, -0.07942297833365823], "aligned_model": [[-0.32003537376583957, 0.5159945926391332, 0.20326487298757606, -0.7850185602568123, 0.16486246221320563, 0.7152399620545522, 0.6199873016211555, 0.12944266819889955, -0.4220343777641468, -0.31572504046145045, 0.2594129157166119, -0.24683758262528654, -0.061925972299527586], [-0.4937424918844795, -0.13994504793108484, -0.2631638496942949, -0.15938871239677507, -0.7025975790933973, -0.40388020456074203, 0.23510278455718092, 0.7590614478218048, 0.5265314151698463, 0.1423716772237355, 0.44933489401933063, 0.007196385471482315, 0.07179931211957705], [-0.26720068149213816, 0.4602602530188678, -0.6240303948094453, 0.006334616582210448, 0.10982441780488612, -0.16410332258200722, -0.4877222975266487, -0.3768930015221188, 0.12437636009535723, -0.6463861906912794, 0.2131758233661487, 0.6035316986392207, -0.033115778558116045]], "inverted": false, "swapped": false, "error_lsq": 0.04042766243729084, "error_max": 0.2664140251724759, "target": "837.xyz", "model": "12.xyz", "model_rescale": 3.9764082729961374, "target_rescale": 3.9032907842424334},
{"mapping": [9, 13, 1, 5, 12, 10, 11, 3, 4, 0, 14, 6, 15], "R": [[0.4155313391894134, 0.26803642584981024, -0.8691893813025514], [0.35829045387611, -0.9265692374554078, -0.11444386773678702], [-0.8360392675064395, -0.26386724430850317, -0.48105344876461803]], "T": [0.008947949858433599, 0.0008225398413120007, -0.16030165833173787], "aligned_model": [[-0.3695955756031339, 0.31940543651099895, 0.1966231253648612, -0.7134030498171074, 0.1828102808671372, 0.7049720604067548, 0.761844977663568, 0.3381973858921652, -0.5811851451026416, -0.5858418134875691, 0.3880339220540621, -0.16943529049663453, -0.01579844599438999], [-0.4442798379020466, -0.13018121418742376, -0.43429115675452845, -0.2663100623039183, -0.5931863099433609, -0.33759147903434894, 0.24142533903150795, 0.7555520280022655, 0.39974555056568306, -0.011490854182519637, 0.500099725915729, 0.24418568844394553, 0.10500261317119844], [-0.3020330915988795, 0.3505160308673047, -0.5831215701078154, 0.17086765180068203, -0.004934637436124795, -0.37749578422400853, -0.08413698611785941, -0.33471970752787483, -0.06828490156703959, -0.5764524137662093, 0.3355049135540898, 0.5415620058950619, -0.14922000744638939]], "inverted": true, "swapped": false, "error_lsq": 0.05408624732478594, "error_max": 0.3189442160300219, "target": "837.xyz", "model": "13.xyz", "model_rescale": 4.170626492500431, "target_rescale": 3.9032907842424334},
{"mapping": [12, 9, 8, 5, 10, 7, 0, 2, 6, 4, 3, 11, 13], "R": [[-0.3522291133314682, 0.9286388359513236, 0.11646700856765468], [0.629794117004079, 0.14312745455885467, 0.763461788132553], [0.6923106397483575, 0.3422637055173591, -0.6352649321163151]], "T": [0.1284097075630572, 0.06440592957878086, -0.10966731298529087], "aligned_model": [[-0.3599160876347395, 0.4353546815406292, 0.16154645689484814, -0.7509383546988095, 0.1962190800777142, 0.7659763098805483, 0.6050839852433919, 0.11403889618281607, -0.5220793787735234, -0.23271666101710198, 0.19646230225939987, -0.20064304879539502, 0.04823968709829227], [-0.4646604286812681, -0.24444287731579115, -0.45615420340760204, -0.06252477611118798, -0.47853306899031867, -0.3803064281338837, 0.2558563580159321, 0.6535201137430833, 0.5244995675746559, 0.0823093005729029, 0.5602613286453794, -0.02707844925769523, 0.06593359416797676], [-0.2413215096068258, 0.5734897962462425, -0.6383216391700339, 0.08489735417083327, 0.027982379374630356, -0.34025254537405564, -0.4129605258619472, -0.402361906432191, 0.15990097124489888, -0.719856091820312, 0.364642577277903, 0.5092143744905583, -0.04700173221476349]], "inverted": true, "swapped": false, "error_lsq": 0.04653414864498006, "error_max": 0.30043437462767764, "target": "837.xyz", "model": "14.xyz", "model_rescale": 3.9786697098870705, "target_rescale": 3.9032907842424334},
{"mapping": [9, 7, 3, 0, 8, 11, 6, 1, 4, 2, 10, 12], "R": [[0.49912958934667945, 0.8166908118470142, -0.2896304039345314], [0.09105974695191044, -0.38182681693254567, -0.9197371387283511], [-0.8617295257351167, 0.4326943490685138, -0.2649487210018307]], "T": [0.07205953360803474, 0.05216114429396857, 0.03109566798509607], "aligned_model": [[0.05410258593799369, -0.6540750048617614, 0.5821239885019251, 0.6158403913566236, -0.08595293998639619, 0.2614011242645394, -0.6183779837270507, 0.14228902795736204, 0.5721235018821142, 0.07770009075955456, -0.46638112705330637, 0.0025609417357383146], [-0.3733645252450618, -0.1924431449514783, 0.044376576552652806, -0.42895117475934263, 0.3694395199463318, 0.5997836999551736, -0.11564982071994195, 0.25291365125663623, -0.11941786358974044, -0.5917156929313081, 0.5439782805016964, 0.025724984208821224], [-0.5865141987282169, -0.2915009460490661, -0.6318837812072408, -0.16887947010580437, -0.4886857099457325, 0.03751087237401067, 0.42081743229984686, 0.6339439320693372, 0.41313334927587547, 0.20697473983814554, 0.12309343333522715, -0.008043159282552618]], "inverted": true, "swapped": true, "error_lsq": 0.05560735071637523, "error_max": 0.32609790867813493, "target": "837.xyz", "model": "15.xyz", "model_rescale": 3.769337070930944, "target_rescale": 3.9032907842424334},
{"mapping": [8, 10, 9, 7, 3, 11, 0, 1, 2, 6, 12], "R": [[-0.27912318493186716, -0.9167574658323058, 0.2857376357328871], [-0.3795848343492854, -0.16799061542319194, -0.9097771741815484], [0.8820462579510877, -0.36240157556289215, -0.30109715519084046]], "T": [0.09136784521952387, -0.024709770877951183, 0.02173525340727652], "aligned_model": [[-0.2021558556092168, -0.44041717942098413, -0.04295219523838842, -0.6732251896248098, 0.4332979806368039, 0.2428098595282384, 0.6026403867517455, 0.28690670286216646, 0.17742755541600358, -0.4781655250070692, 0.016459590396681628], [-0.05203048819106038, -0.5303761094749624, 0.6488015551407286, 0.30116933141867486, 0.3427261672008794, -0.4903537291319727, 0.5255178480529434, -0.4928771924300322, 0.4463188625214871, -0.1160265811930854, 0.013194833711741766], [-0.5340557196833281, -0.02036309487858521, -0.28022023225881576, 0.04100967729483639, -0.647475260253519, -0.2881403292258875, -0.03309809679077617, 0.41063575608993913, 0.48678191570564305, 0.5909808236628095, 0.018162167561460607]], "inverted": false, "swapped": true, "error_lsq": 0.04212723771474688, "error_max": 0.22316480476035006, "target": "837.xyz", "model": "16.xyz", "model_rescale": 3.7852294659196426, "target_rescale": 3.9032907842424334},
{"mapping": [10, 7, 4, 9, 6, 5, 1, 3, 8, 0, 2, 11, 12], "R": [[-0.6676035260109769, -0.39829830001234645, 0.6290182797542421], [0.48954171962496706, -0.871385310567597, -0.032195423178499105], [0.5609406713765202, 0.28643691231104873, 0.776723540560843]], "T": [0.04979254974622725, 0.0666047097996388, -0.10191869029703515], "aligned_model": [[-0.31380922563849606, 0.4817026752848272, 0.19674484036028633, -0.804673523622747, 0.20433592272001738, 0.5456819783495056, 0.6795453756685976, 0.14054980253196075, -0.44734803136042367, -0.32764328492428496, 0.31770730770636413, -0.19434121149048333, -0.021824757327053204], [-0.6498953578661343, -0.15098378590430073, -0.2352863525928029, -0.05826287616875435, -0.7250305034847246, -0.32532023857088027, 0.28427075946570984, 0.768884263103878, 0.4385365446224206, 0.18739186764525406, 0.47304984435811576, 0.005596232335068993, 0.015729633879333668], [-0.1625526514999756, 0.4055612552879594, -0.7256602199553049, -0.06245223685016338, 0.26797760714332697, -0.2827432461644917, -0.2759503635999885, -0.4639434425449175, 0.09486511014083074, -0.6575262936871198, 0.26836641079558476, 0.5869998438818221, -0.07489027062262496]], "inverted": false, "swapped": false, "error_lsq": 0.04453570412813416, "error_max": 0.28824249333126845, "target": "837.xyz", "model": "17.xyz", "model_rescale": 3.901054581598922, "target_rescale": 3.9032907842424334},
{"mapping": [9, 8, 13, 10, 5, 2, 0, 7, 6, 11, 1, 4, 14], "R": [[-0.34787140420153034, 0.25145741657113263, -0.9031913716318528], [0.7355211931265019, -0.5241850867759088, -0.4292302054416727], [-0.5813725660887542, -0.8136333095769281, -0.002603256858670744]], "T": [0.059288365041112734, 0.0055619696306232385, -0.12338433717559658], "aligned_model": [[-0.3197404641388853, 0.3473555644377491, 0.2555597933000755, -0.6533875260842847, 0.11319340606355502, 0.7764077964842309, 0.7105891450112667, 0.10737415468974809, -0.3672804115587345, -0.6212232536034097, 0.2522106272796311, -0.17655009774490826, 0.03211913412203645], [-0.4556290961038914, -0.24011591125691015, -0.4900528428017698, -0.253191455658941, -0.6138436515107378, -0.4037539303267513, 0.3918447196941937, 0.6053147240859159, 0.6207903153277061, 0.20900731387644622, 0.5772810874191228, 0.08210045502246689, -0.0010716969446666691], [-0.40236385052988666, 0.42166421076693517, -0.6166851403853316, 0.18901522626583897, -0.06408028970433363, -0.16741065972122693, -0.16918225757684996, -0.4020623129009866, -0.06629750199373369, -0.48703928038575905, 0.22533302763973437, 0.6276789422053471, -0.17051861135481017]], "inverted": false, "swapped": false, "error_lsq": 0.0450518100423974, "error_max": 0.3070211075005194, "target": "837.xyz", "model": "18.xyz", "model_rescale": 3.9405287249114394, "target_rescale": 3.9032907842424334},
{"mapping": [0, 5, 1, 4, 6, 2, 10, 14, 13, 12, 11, 9, 15], "R": [[-0.955651490997206, 0.2080941689785916, 0.2083915655489124], [-0.2683934757269046, -0.32413405266250855, -0.9071394920803579], [-0.12122363607006995, -0.9228401447388859, 0.36561030800055916]], "T": [-0.09593850624646529, 0.012127827226912326, -0.11452569907637566], "aligned_model": [[-0.36255443653064046, 0.42295059173033844, 0.07495871663655594, -0.7927075241811048, 0.22990258332414282, 0.7204026938432959, 0.602104496201463, 0.07060150202480743, -0.3129594162944667, -0.377645972616789, 0.3032786443021813, -0.0654498496930639, -0.05625416048865013], [-0.6124695600894027, -0.2985072492538151, -0.4085413651430254, -0.20321481262130422, -0.65687192124059, -0.2858396766293252, 0.32700792226910613, 0.7129262997132121, 0.6114581093218477, 0.17366653970626936, 0.49105621130235527, 0.16889544536271003, 0.009114088124144886], [-0.22161588271749305, 0.456020176396841, -0.5934317376488016, -0.16749278060516543, -0.047069220587815735, -0.12582590680624073, -0.2919814102446183, -0.39892838662003954, 0.09768877483600721, -0.5557571689095205, 0.24667572884787886, 0.6361434708527834, -0.11637415446887757]], "inverted": true, "swapped": false, "error_lsq": 0.039820420474434653, "error_max": 0.19171847887435484, "target": "837.xyz", "model": "19.xyz", "model_rescale": 4.410303926677745, "target_rescale": 3.9032907842424334},
{"mapping": [4, 3, 2, 11, 6, 0, 1, 8, 9, 12, 5, 10, 13], "R": [[-0.2143415764178075, -0.64326984603467, -0.7350248933208053], [0.29140762676382514, -0.7603580990572248, 0.5804628810371589], [-0.9322763987587611, -0.08977453080142274, 0.3504300927956674]], "T": [0.08578882718961336, -0.029375858155024852, -0.1384128974460781], "aligned_model": [[-0.279443949394125, 0.4889579091343461, 0.2750706525655159, -0.6813202620056485, -0.041579542601445, 0.6832303958726392, 0.67578626303627, 0.017202494051149625, -0.4499395200795354, -0.483011894845351, 0.3740591858073572, -0.19272746696749535, 0.07034360368439278], [-0.5705354446300512, -0.289576473833969, -0.37912444529719896, -0.26651123731525156, -0.5329487227244437, -0.42453714534323156, 0.28336162904846474, 0.7359466300167188, 0.39271283604341334, 0.16354886940192837, 0.5446849821860784, 0.3275635990615734, 0.0440949542081522], [-0.4007956634368225, 0.40538212521093986, -0.6679948496768083, 0.0676059893537283, 0.11984567767710441, -0.14680942292202984, -0.48078430537088146, -0.16361181433772004, -0.04517664403176522, -0.5965839630953049, 0.3967740557746112, 0.5472669919907808, -0.11706667481089504]], "inverted": false, "swapped": false, "error_lsq": 0.05406322306930481, "error_max": 0.38068374281304523, "target": "837.xyz", "model": "20.xyz", "model_rescale": 4.121658175737393, "target_rescale": 3.9032907842424334},
{"mapping": [8, 4, 9, 6, 10, 11, 7, 5, 1, 8, 3, 2, 12], "R": [[-0.8168141459998366, 0.3592740567081178, 0.4513721336890992], [-0.07598548019724612, 0.708591604843396, -0.7015156052039431], [-0.5718748619180177, -0.607305598296239, -0.5514880348514333]], "T": [0.02072763417616033, 0.03323772285396843, -0.0668399131986627], "aligned_model": [[-0.39829221106197077, 0.3117880228257861, 0.21489490832218097, -0.5512987820764068, -0.007224510030438308, 0.844508593050128, 0.5893530649919863, -0.09260929059862087, -0.4044532069352208, -0.39829221106197077, 0.4333718073822861, -0.1549706514710258, 0.06985233492135695], [-0.04217408535853711, -0.15721274476728386, -0.4516259596004261, -0.2590820890887534, -0.7228319005704508, -0.2764863352558071, 0.28179608049376775, 0.535250190588929, 0.48976401908758443, -0.04217408535853711, 0.5052558478957172, 0.0441435338179882, 0.12405755893799217], [-0.5887963588387409, 0.3893881782960332, -0.5667090503416853, 0.032956723654119446, 0.12355558001507819, -0.07183418648687781, -0.3526753938061371, -0.512980870417337, 0.2384138487641961, -0.5887963588387409, 0.23243317095539992, 0.6715521303100517, -0.08845591094042138]], "inverted": true, "swapped": false, "error_lsq": 0.06356704775169784, "error_max": 0.5585788002401297, "target": "837.xyz", "model": "21.xyz", "model_rescale": 4.08911054899281, "target_rescale": 3.9032907842424334},
{"mapping": [6, 9, 8, 7, 5, 11, 15, 2, 13, 0, 14, 12, 16], "R": [[-0.4154810315274784, 0.3646388352668515, 0.8333150858205418], [0.4096242515364249, -0.7429715143431472, 0.5293404400080111], [0.8121474527412413, 0.5612769803669888, 0.15932566119752578]], "T": [0.035116903305264874, 0.04483329482623609, -0.11994134852010056], "aligned_model": [[-0.4144404957930249, 0.3283729775379445, 0.17840729087427096, -0.630388670468022, 0.28276939112522004, 0.6807154436523103, 0.6963888315015584, 0.2477440960607377, -0.4496329298614027, -0.5431628634465555, 0.2826677880389541, -0.19659597417977664, -0.006217016784143811], [-0.48136924749948273, -0.19296928193571544, -0.4773409321319704, -0.11622410409619681, -0.5757048183606681, -0.2726898795017554, 0.34299690530732346, 0.6225476911113625, 0.4159741346859436, 0.11160295435978661, 0.42546440650639716, 0.16070069521642472, 0.06569150716073457], [-0.39665990213965835, 0.4842096433466116, -0.5530278982893088, 0.07230597535844462, 0.10661934821962916, -0.38123541413370743, -0.19291337232793987, -0.49715426266686175, 0.13304490063458624, -0.6310320666030146, 0.33355738602692797, 0.5713280591412737, -0.13099089424204494]], "inverted": false, "swapped": false, "error_lsq": 0.041959711602704515, "error_max": 0.23244738435183482, "target": "837.xyz", "model": "22.xyz", "model_rescale": 4.204369325754507, "target_rescale": 3.9032907842424334},
{"mapping": [0, 5, 1, 4, 6, 2, 10, 14, 13, 12, 11, 9, 15], "R": [[-0.955651490997206, 0.2080941689785916, 0.2083915655489124], [-0.2683934757269046, -0.32413405266250855, -0.9071394920803579], [-0.12122363607006995, -0.9228401447388859, 0.36561030800055916]], "T": [-0.09593850624646529, 0.012127827226912326, -0.11452569907637566], "aligned_model": [[-0.36255443653064046, 0.42295059173033844, 0.07495871663655594, -0.7927075241811048, 0.22990258332414282, 0.7204026938432959, 0.602104496201463, 0.07060150202480743, -0.3129594162944667, -0.377645972616789, 0.3032786443021813, -0.0654498496930639, -0.05625416048865013], [-0.6124695600894027, -0.2985072492538151, -0.4085413651430254, -0.20321481262130422, -0.65687192124059, -0.2858396766293252, 0.32700792226910613, 0.7129262997132121, 0.6114581093218477, 0.17366653970626936, 0.49105621130235527, 0.16889544536271003, 0.009114088124144886], [-0.22161588271749305, 0.456020176396841, -0.5934317376488016, -0.16749278060516543, -0.047069220587815735, -0.12582590680624073, -0.2919814102446183, -0.39892838662003954, 0.09768877483600721, -0.5557571689095205, 0.24667572884787886, 0.6361434708527834, -0.11637415446887757]], "inverted": true, "swapped": false, "error_lsq": 0.039820420474434653, "error_max": 0.19171847887435484, "target": "837.xyz", "model": "23.xyz", "model_rescale": 4.410303926677745, "target_rescale": 3.9032907842424334},
{"mapping": [12, 4, 0, 13, 5, 2, 3, 1, 11, 7, 10, 9, 16], "R": [[-0.2936568452059195, -0.9045103304423348, -0.30923570199251715], [0.9540933518595611, -0.2573986487608817, -0.15313984312862555], [0.05891971827066381, -0.34001029063716665, 0.9385741681187135]], "T": [-0.1183398130007557, -0.00625389820922827, 0.08501556735718105], "aligned_model": [[-0.24408965684543926, 0.5306853893708725, 0.16067902031912296, -0.7441087153890942, 0.1009760028603459, 0.6303412135755625, 0.6843906964611797, 0.10893112788440619, -0.4250583248985959, -0.39213512893054836, 0.24684846887145312, -0.1772762215103692, -0.02355600351082529], [-0.6317931332567623, -0.164104901476038, -0.2429855758015036, -0.23534182384868882, -0.5918204438995571, -0.3834513881870055, 0.17581222142309216, 0.6193966312571573, 0.5449146074463879, 0.1767658405655315, 0.47593982834930204, 0.2567316132574598, 0.02861655499280732], [-0.40392561210399003, 0.25155000957643775, -0.5756601583686308, -0.1388563311898227, 0.15294514051503166, -0.2756681239534665, -0.2779260834561038, -0.4565051469076953, 0.1384806909733487, -0.4924537364815784, 0.32566193680088623, 0.6505110175059656, 0.019897899414555192]], "inverted": false, "swapped": false, "error_lsq": 0.04021647900195159, "error_max": 0.2273208556124674, "target": "837.xyz", "model": "24.xyz", "model_rescale": 4.28219845311461, "target_rescale": 3.9032907842424334},
{"mapping": [2, 11, 13, 0, 14, 12, 9, 3, 1, 4, 5, 8, 15], "R": [[-0.22979414740253884, 0.40844637294813635, -0.8833833880286931], [0.19229330076203105, 0.9088346558346538, 0.37019299674082096], [0.9540534242386972, -0.08480052346193566, -0.2873863861058808]], "T": [0.05050104626596709, -0.02739767811173642, -0.11072968226773275], "aligned_model": [[-0.3274267871097907, 0.48181271955955496, 0.2254863288902439, -0.7639421358504169, 0.1566851133451458, 0.6912278741254749, 0.6083740468775146, -0.05545255468466635, -0.2804327235844885, -0.42883867072564846, 0.30731564216138785, -0.13498920886570193, -0.023191775880538765], [-0.5708905982280809, -0.12995879096965623, -0.3718280988402714, -0.07460257423133841, -0.7275027940242162, -0.4399043071338118, 0.31991262817291444, 0.6924475023727498, 0.4856027372831415, 0.16199001542507163, 0.5644782211999244, 0.15122589882173892, -0.03228980902598258], [-0.28556109515235617, 0.20538505933509862, -0.5620214870666576, -0.10787084993923382, 0.1698454332830351, -0.171781408754055, -0.2689287663864466, -0.3765154897117645, 0.08211951431840717, -0.629395576921428, 0.44515687456128983, 0.5339664011262205, -0.11634710636717213]], "inverted": true, "swapped": false, "error_lsq": 0.036889090586811384, "error_max": 0.22346689799634448, "target": "837.xyz", "model": "25.xyz", "model_rescale": 4.100010024507729, "target_rescale": 3.9032907842424334},
{"mapping": [7, 9, 3, 0, 10, 11, 8, 4, 2, 1, 6, 12], "R": [[-0.41135474040079195, -0.8944089125387737, 0.17555618679216423], [0.3697431535612055, 0.012304573291014365, 0.9290525269707526], [-0.8331130043063857, 0.44708085918246854, 0.3256400273434669]], "T": [0.018519835837972287, 0.13317711988375028, -0.05284574805278003], "aligned_model": [[-0.6885216799756249, 0.012659636727850407, 0.47046666490264083, 0.6078188894418544, -0.5755716279933056, 0.12775209360311518, -0.2237028986353066, 0.5665555630131043, 0.12979462008928372, 0.10683593158182342, -0.6079484283794787, -0.04937316201294974], [-0.3033070911408349, -0.5649568170634346, -0.20615901238265935, -0.33536041714202935, 0.5505419010210507, 0.6029386966051908, 0.09253599824994059, 0.2425119750584907, -0.29953704737499964, 0.6413928560580456, 0.1612491579554704, 0.08428119020640815], [-0.02555050845726664, 0.22176517492173448, 0.5638901360413433, -0.07171218577976295, 0.061731742840645684, 0.26836171009274945, 0.5263628814136128, -0.3892366656203556, -0.5487479734556169, -0.4304391976452259, -0.5661653497730066, -0.04506747472449449]], "inverted": false, "swapped": true, "error_lsq": 0.04148353465547986, "error_max": 0.2556709744805077, "target": "837.xyz", "model": "26.xyz", "model_rescale": 3.6694154284099745, "target_rescale": 3.9032907842424334},
{"mapping": [6, 9, 2, 1, 12, 11, 10, 4, 5, 0, 8, 7, 13], "R": [[-0.04119968114837563, -0.29444983256750656, -0.9547784467478513], [0.6504164907234563, -0.7332959497757946, 0.19807937458857103], [-0.7584596066161047, -0.612842839677011, 0.2217265861108249]], "T": [0.0459083917130162, 0.027060687904797005, -0.004995507961444864], "aligned_model": [[-0.3156033734502459, 0.5233166112457417, 0.11890873250131037, -0.8194358438905379, 0.2692538580723288, 0.6969679654296296, 0.5881707377458034, 0.22540473636236857, -0.5838605398571448, -0.3552123120242774, 0.2740894764167518, -0.21631093650678102, 0.05093875621312327], [-0.5344938453651201, -0.13371946375625834, -0.2282755378878024, -0.14021425423727396, -0.7342896382599073, -0.4462256464196763, 0.2288899605083184, 0.6342516248359287, 0.4972620811817088, 0.22328022012120383, 0.5729805321965356, 0.08202137633307031, 0.0072126215714558226], [-0.16360251164331052, 0.45445489221771884, -0.6307782244422265, -0.05833499928650791, -0.01897037336647818, -0.30214352908700504, -0.16963818981517265, -0.5290477939550674, 0.08600032881463483, -0.4923695115184814, 0.23637994361132736, 0.5645208406659603, -0.058419369870454214]], "inverted": true, "swapped": false, "error_lsq": 0.042061698101238096, "error_max": 0.22542189791027306, "target": "837.xyz", "model": "27.xyz", "model_rescale": 4.103607728864725, "target_rescale": 3.9032907842424334},
{"mapping": [9, 2, 10, 5, 3, 12, 13, 11, 7, 6, 8, 1, 14], "R": [[-0.6923776073532137, 0.7040615092491577, 0.1578310490037909], [-0.6289655375445363, -0.4817408822598497, -0.610186918034805], [-0.3535754536405931, -0.5217500489250573, 0.7763770250526152]], "T": [0.0765625741918928, -0.02538259301981296, -0.17205285352870553], "aligned_model": [[-0.5521014910704759, 0.48277637078012514, 0.08780689093839496, -0.6323231025515272, 0.2763522552098774, 0.86209579485087, 0.6149330240299402, 0.07423877379229912, -0.3543378461391953, -0.41299216197962707, 0.1401668460832533, -0.18604014427823898, 0.05605265859237486], [-0.48425505572550037, -0.26784205456362586, -0.2843839856425486, 0.014316067666766186, -0.721896487870715, -0.3679809230408383, 0.3337679589962331, 0.5378286807083986, 0.48675386036130985, 0.15254031472818755, 0.7034729000999014, -0.008785392448026307, -0.06485585244735859], [-0.42570908166277033, 0.39144024066264266, -0.6108775568740619, 0.0041445472171167674, 0.024118832005081636, -0.11859669735680445, -0.2043123123190955, -0.5655612963306813, 0.09650314889924239, -0.5325342844546264, 0.19808785424741493, 0.6844663682405117, -0.02311825994903252]], "inverted": true, "swapped": false, "error_lsq": 0.042139958746148995, "error_max": 0.24564372264509962, "target": "837.xyz", "model": "28.xyz", "model_rescale": 4.137296879288765, "target_rescale": 3.9032907842424334},
