[{"mapping": [0, 10, 8, 7, 1, 2, 11, 3, 9, 5, 6, 12], "R": [[0.6608365828514429, 0.2953418663045005, 0.6899769508998128], [0.719219404379053, 0.01356528686565614, -0.6946505822043864], [-0.21451913464739797, 0.9552953286811504, -0.20345116335402094]], "T": [-0.03595896915367316, -0.11021312130070214, 0.06431191342026726], "aligned_model": [[-0.49319210031427213, 0.22322752925869835, 0.3963623397055952, -0.1374493728779073, 0.07173915242142301, -0.5289626325487496, 0.350505230185695, -0.24246332284692526, 0.6024909769341965, 0.2094411690491601, -0.6152774503610917, 0.0012209438547268886], [-0.1897813919701602, -0.7076224629171566, -0.3233752530921196, 0.7071084084347402, 0.26622707494993947, -0.5404681268068154, -0.184891494466855, -0.7032372650850133, 0.24146920944262995, 0.45537512454469653, 0.14546947312700897, -0.11271826018383801], [-0.5087497880478815, -0.028041254888354405, -0.63749651294815, -0.059384107690000645, -0.5179428342450993, 0.06757025696635922, 0.5396146267189963, 0.6412879984796132, 0.00881720769140873, 0.40175611176261095, 0.1868287609154919, 0.0876912806385684]], "inverted": false, "swapped": true, "error_lsq": 0.04437788840215306, "error_max": 0.29017715119967574, "target": "838.xyz", "model": "0.xyz", "model_rescale": 3.751011558992144, "target_rescale": 4.044397429691954},
{"mapping": [1, 8, 6, 11, 12, 13, 7, 2, 4, 5, 10, 9, 14], "R": [[0.8927886726515986, -0.42620332260332405, 0.1458736226563387], [-0.3006873039898905, -0.8049403842220909, -0.5115252907410188], [0.3354333483783152, 0.4128216390286241, -0.8467955852184353]], "T": [0.06436932778072331, -0.03329329313808093, -0.09173482278650982], "aligned_model": [[-0.23677227632830017, 0.517596476494581, -0.6630991767341697, -0.5386648617746135, -0.24157362233869062, 0.4921980994568364, -0.44759565110937066, 0.7854247374657158, 0.0018795961943020995, 0.6105688932285583, -0.061789236225548896, 0.18493329735078592, 0.046724912185781786], [-0.6336786454802433, -0.4879120200530872, -0.18398495226167288, 0.43125399995160574, 0.5438589604665834, 0.5135180111810086, -0.07130416378069948, -0.08582646985664072, -0.6037591689268945, 0.15814855133520947, 0.07539969991402995, 0.5304554849340044, 0.018561902919544848], [-0.2775753791875759, 0.07656614853201385, 0.01692678073370807, 0.14759041123000302, -0.4456688441923333, -0.3049533442510934, -0.5114061917173675, -0.49305447530301993, 0.4525423932684772, 0.14300354622222497, 0.7112119986893024, 0.22739096087572205, -0.09361250313887695]], "inverted": true, "swapped": false, "error_lsq": 0.050998938753765405, "error_max": 0.3178532936085581, "target": "838.xyz", "model": "1.xyz", "model_rescale": 3.9405287249114394, "target_rescale": 4.044397429691954},
{"mapping": [7, 1, 3, 10, 11, 5, 6, 0, 4, 2, 8, 9, 12], "R": [[0.49440513212075843, -0.523623613744887, 0.6938168897204803], [0.8490080206002854, 0.46207621536219345, -0.2562634428726374], [-0.1864106925287311, 0.7157540655317981, 0.67301350015112]], "T": [0.043268890506124855, -0.03863324964200049, -0.04371504931947914], "aligned_model": [[-0.3373450716915923, 0.5702987335454807, -0.496316273625748, -0.6073946829756253, -0.1258559621076028, 0.4983253200430103, -0.1309187883065811, 0.5399804563518968, -0.015007262632708698, 0.6972946753424459, -0.17474788382161727, -0.08460674320999302, 0.11612467095450212], [-0.7039841248225869, -0.6296633569619581, -0.19776978058491462, 0.4269836435028485, 0.540142073491491, 0.5004313414228596, -0.11322964358403728, -0.04621990596183028, -0.48054939203279384, 0.08360847869620311, 0.1937493229554062, 0.6720614520553765, -0.04082891783331559], [-0.2470646936091207, -0.055933443057509996, 0.05788757730565272, 0.22335224982900878, -0.4232281565994386, -0.2180976544553294, -0.5530771248120601, -0.7191038642082105, 0.4975886869992254, 0.1028348061691352, 0.662795245138075, 0.3153698575911802, 0.005638015470576754]], "inverted": true, "swapped": false, "error_lsq": 0.04859125403012838, "error_max": 0.31841778389247816, "target": "838.xyz", "model": "2.xyz", "model_rescale": 3.932901565614263, "target_rescale": 4.044397429691954},
{"mapping": [12, 10, 9, 7, 4, 2, 5, 6, 11, 1, 8, 0, 13], "R": [[0.7617521140851891, 0.10382491623867385, -0.6394951942390008], [-0.639669885329796, -0.036006147758281044, -0.7678059618977795], [-0.1027431481360715, 0.993943632250663, 0.0389859130898339]], "T": [0.031484700017857976, 0.06180797281409286, 0.11351182217113485], "aligned_model": [[-0.08123101015832554, 0.423911402083799, -0.6087572543567114, -0.6013654231469919, -0.05698179120665164, 0.5390064781821384, -0.327261545720509, 0.2765957915137956, 0.21670406803505488, 0.7615289593755561, -0.4052981137169897, 0.2880573700212623, 0.024922256960440516], [-0.5444735439078472, -0.521955413519013, -0.28317099631992376, 0.38878379153006165, 0.7156388565258821, 0.4863220371929944, -0.0494907117761579, -0.10456896060537435, -0.5693521590932952, 0.16143295503528035, -0.13477593605853966, 0.6771269419097662, -0.016785670571085175], [-0.3368743469330655, -0.022013203502304637, 0.009239629796042995, 0.06524088958848867, -0.4591183027549467, -0.3928569239139412, -0.4994428414311366, -0.502062324080446, 0.7176967044459124, 0.19018556740672005, 0.6697152615079791, 0.18061890392387447, 0.028632487708008372]], "inverted": false, "swapped": false, "error_lsq": 0.048042055790405325, "error_max": 0.29420650929985187, "target": "838.xyz", "model": "3.xyz", "model_rescale": 3.9243930471874484, "target_rescale": 4.044397429691954},
{"mapping": [5, 11, 0, 2, 7, 8, 1, 9, 6, 10, 3, 4, 12], "R": [[0.11368337817939933, -0.5732525127501307, -0.8114540320630499], [-0.8528619859462498, -0.4752476869047595, 0.2162546393016688], [-0.5096101671410598, 0.6674737393466034, -0.5429330389920328]], "T": [0.15119657481327575, 0.009269857183002814, -0.03199359274514508], "aligned_model": [[-0.2789148221136646, 0.6851403110425156, -0.6843693730455428, -0.6208080456813185, -0.23158320680297861, 0.5305333684808436, -0.2886910667127087, 0.5416746798602108, 0.12176295646555563, 0.7034307448811559, -0.1522955452914318, 0.06356185575431794, 0.06038933102891286], [-0.6100180963714861, -0.5725066391763246, -0.1385415400727813, 0.4799205139400525, 0.6242153619787407, 0.44376134549165863, -0.05482416869470037, -0.13028419234735883, -0.532867802871665, 0.14101847654526073, 0.05807387486301716, 0.5626247226838402, -0.06584066562550545], [-0.10347587440103784, -0.08273091838360924, 0.025484150605467486, 0.15161282201951776, -0.37585464583127787, -0.284297204438608, -0.5910563071716932, -0.6027290029971347, 0.44417542598467624, 0.386106206614399, 0.5667250985091974, 0.1641844342662513, -0.049182683014963674]], "inverted": true, "swapped": false, "error_lsq": 0.03523121320577547, "error_max": 0.22514498077566858, "target": "838.xyz", "model": "4.xyz", "model_rescale": 3.8936222436046832, "target_rescale": 4.044397429691954},
{"mapping": [8, 10, 0, 1, 2, 3, 11, 4, 7, 9, 6, 12], "R": [[0.8736880748915905, -0.1380952958745182, -0.4664749050587349], [-0.4764124890106717, -0.04874775163675486, -0.8778694646842535], [0.09849004064819489, 0.9892185531861453, -0.10838065291105409]], "T": [-0.08219771405739254, -0.03455147267590118, -0.015570238677715707], "aligned_model": [[-0.03447330937232676, -0.573676536085827, -0.12739086718392534, 0.4294290323566545, -0.5977615154936925, -0.8197267628174877, -0.1768764311169393, -0.10138148462399815, 0.7006667874220038, 0.4016343854020602, 0.008947569968200841, -0.08184282623962522], [-0.6599418612701053, -0.45772029134034764, 0.2374966961158188, -0.17130312681360776, 0.31247387455169484, 0.13562045783299093, -0.3044413182294669, 0.3388809584638704, 0.24918305659450102, -0.5507357077714017, 0.6039139206612859, -0.06450375368542575], [-0.5913168139144367, -0.12502976779323607, -0.6994856811012484, -0.4758568400113444, -0.22038716599773384, 0.3772598801239086, 0.5312748196906731, 0.6911668315592013, -0.030847014477041985, 0.1683829965537691, -0.02252353952037767, 0.016647014163385484]], "inverted": false, "swapped": true, "error_lsq": 0.045512124913727754, "error_max": 0.22041247570103936, "target": "838.xyz", "model": "5.xyz", "model_rescale": 3.6523030999806103, "target_rescale": 4.044397429691954},
{"mapping": [2, 1, 4, 11, 9, 8, 10, 6, 0, 5, 3, 7, 12], "R": [[-0.8479359828498061, -0.4013185750332152, 0.34633505499998574], [-0.15005958438502476, -0.44489700392213777, -0.88292059497743], [0.5084158633665232, -0.8006310368917852, 0.31702247971217723]], "T": [0.06803664747002083, 0.03534145396893644, -0.09876587408615255], "aligned_model": [[-0.20007853636232473, 0.4148925396916766, -0.4705321844022138, -0.6532079872464073, -0.02449772911691933, 0.6090551780614656, -0.3646120326360094, 0.2822024944496644, 0.37852276256777395, 0.6201538019397617, -0.16517699559140184, -0.06396821779261963, 0.08707809430342145], [-0.6670764193013577, -0.5513057438336071, -0.16228774615583563, 0.4962794676586332, 0.6943014904319543, 0.3164993320669717, 0.10123730090418208, -0.20582869004407567, -0.32663322025214897, 0.20361034460101662, -0.18603281710198394, 0.4456543063965042, 0.0463135849724951], [-0.2033364900263036, 0.035065816237869765, -0.10299842895725903, 0.10595668834784426, -0.3813821062366893, -0.38503899508526984, -0.7446342032571915, -0.6632075572531069, 0.7728627383702884, 0.26283578267502683, 0.5170632675966828, 0.4313625427874658, 0.004412446561827085]], "inverted": false, "swapped": false, "error_lsq": 0.05268469908598321, "error_max": 0.30141890750187406, "target": "838.xyz", "model": "6.xyz", "model_rescale": 4.08911054899281, "target_rescale": 4.044397429691954},
{"mapping": [4, 5, 3, 0, 9, 11, 8, 10, 7, 12, 2, 1, 14], "R": [[0.2997910740929398, 0.6048467317114468, 0.7377572385494992], [0.23125915649904988, -0.7963360261075133, 0.5588990392357476], [0.9255509248169704, 0.0030601734060285435, -0.3786107775924711]], "T": [0.10448234396937896, 0.0024418440938135597, 0.011986441069367526], "aligned_model": [[-0.17902111573448942, 0.39457764594724665, -0.6560035561493069, -0.7414933571593034, -0.2447547268752963, 0.47475703852050904, -0.08266011390166904, 0.5481155113086549, 0.22444801310717527, 0.812456120201892, -0.1203670075741398, -0.05041746098639287, 0.07019419716098725], [-0.5638537731731591, -0.7003310804979883, -0.09243879394475904, 0.2839636442336056, 0.5733041656970387, 0.3925369159644877, -0.03745876593719803, -0.14395819938380663, -0.43519303272134346, -0.07174430129282619, 0.17882204742108476, 0.6735954285899393, 0.14748693538767274], [-0.29750435346644777, -0.03757323825145986, -0.18577679239893613, 0.3115307153424267, -0.3963112273410672, -0.22307429243250307, -0.6426391122556763, -0.5366769699653543, 0.6391809223594644, 0.04764406312896349, 0.7659574857892187, 0.2639883761771376, -0.05978407492458185]], "inverted": false, "swapped": false, "error_lsq": 0.052824061911488175, "error_max": 0.2938176726107774, "target": "838.xyz", "model": "7.xyz", "model_rescale": 3.964800864290218, "target_rescale": 4.044397429691954},
{"mapping": [6, 4, 3, 5, 1, 7, 0, 2, 11, 12, 10, 8, 13], "R": [[-0.8874829169069782, -0.4464402822530693, -0.11430287214274769], [-0.4263739463341226, 0.889566704663018, -0.16394003733818566], [0.17486946584738064, -0.09675821586190395, -0.9798257587844245]], "T": [0.03193444890827091, -0.004946679518050178, -0.04249168452652448], "aligned_model": [[-0.10294710546877989, 0.4619198953052882, -0.6405816510257507, -0.5810383197227249, -0.020554123417823263, 0.5139039238006962, -0.29081023900971825, 0.3689120248333486, 0.295580604489019, 0.727568781226458, -0.3842050771207037, 0.08020302042489846, 0.02187945355165942], [-0.5691387668088547, -0.5530565505610288, -0.2342446286920553, 0.47392283944525654, 0.5768850308617183, 0.48110383203180107, -0.14146392754042103, -0.11225387153733134, -0.5473974789411044, 0.08212323920581362, 0.03603230630044195, 0.6624703665570283, 0.04974880002148392], [-0.042771158701493964, -0.1413930503707298, -0.1877749992482614, 0.2641336433462455, -0.5134871216000872, -0.23823000590422633, -0.667278272039302, -0.6024381173383494, 0.526165645810878, 0.23890952769939866, 0.6648149184434321, 0.33603468578265444, 0.012275805881025836]], "inverted": true, "swapped": false, "error_lsq": 0.03884927858369428, "error_max": 0.20269716565576154, "target": "838.xyz", "model": "8.xyz", "model_rescale": 4.121658175737393, "target_rescale": 4.044397429691954},
{"mapping": [11, 3, 7, 9, 6, 1, 8, 2, 10, 0, 5, 4, 12], "R": [[-0.32175681472682327, 0.364200966755964, -0.8739738028058223], [-0.3966390015417806, -0.8900089656798473, -0.22485894126191283], [-0.8597383640578037, 0.27430219981529547, 0.4308227576900989]], "T": [-0.011396607373627979, -0.024580657680662123, -0.03799971403937195], "aligned_model": [[-0.20333788139684006, 0.4862659562584613, -0.6620174115505679, -0.5747953917072081, -0.2530338272025816, 0.4485427238582092, -0.2546667604575746, 0.4978776475515338, 0.1818125356356734, 0.6526881241374279, -0.09224477719747846, 0.17823501207048464, 0.04450523786632789], [-0.6192363317946529, -0.6270227717829346, -0.19193053112212188, 0.5668107356911785, 0.45879848843674653, 0.4623464486120496, -0.1409373430566952, -0.08543860419138827, -0.5563917623790418, 0.1409411362010041, 0.007792729249095749, 0.7480693065695925, 0.04092968990991624], [-0.15013914119987393, -0.1479063261477588, 0.024430241466656365, 0.12333176674508148, -0.4717486105061089, -0.20014014840707497, -0.7146340998890092, -0.5062758019146818, 0.468288747781027, 0.34983820087659157, 0.5736647720398892, 0.35592895890765874, -0.055677057991211906]], "inverted": false, "swapped": false, "error_lsq": 0.04283086264125354, "error_max": 0.2696548090038627, "target": "838.xyz", "model": "9.xyz", "model_rescale": 3.833441315466971, "target_rescale": 4.044397429691954},
{"mapping": [13, 0, 2, 3, 4, 6, 5, 1, 10, 12, 8, 7, 14], "R": [[0.7349954824312566, -0.35037868700120367, -0.5805311503278333], [-0.15382746358282556, 0.747667847257556, -0.6460107596820094], [0.6603928771975961, 0.5641166243540116, 0.4956346253785303]], "T": [0.09921912026655672, 0.06227922160388616, 0.05095390111463956], "aligned_model": [[-0.28123965671499856, 0.3231945250404701, -0.5924323859193008, -0.5731918962045341, -0.10863940488615142, 0.443064090553776, -0.1713414406077377, 0.5722037776173654, 0.3617315537929546, 0.6961433323658184, -0.1930288938944919, -0.04219015396865056, 0.015557740691348548], [-0.6046681644565288, -0.5358733249972882, -0.11284047784442211, 0.6072817169143945, 0.5587205154397168, 0.5112582632173316, -0.16613540890507666, -0.12436080565254709, -0.5179157745851455, 0.12915869708984873, -0.20717786501885527, 0.5689339610117092, 0.09834985812961078], [-0.16379908410217675, -0.1854176512231115, -0.03623290857354529, -0.02086221672297406, -0.5374791497808606, -0.3251019785694427, -0.5252916549947781, -0.48482585498881875, 0.5707761131844282, 0.09816277823717985, 0.7214338330025734, 0.4598773279046427, 0.07772194838806853]], "inverted": false, "swapped": false, "error_lsq": 0.04540971544224271, "error_max": 0.27714526574310727, "target": "838.xyz", "model": "10.xyz", "model_rescale": 4.2482417240324, "target_rescale": 4.044397429691954},
{"mapping": [7, 5, 4, 11, 0, 2, 6, 10, 9, 8, 1, 12], "R": [[0.35845586750315483, -0.6921284819867841, -0.6264723102222722], [0.6841979047196483, 0.6513245481938283, -0.32809992395206206], [0.6351240967163854, -0.3110216991510005, 0.7070239631210675]], "T": [0.06594798382086003, 0.11901352016526615, 0.00146946885690704], "aligned_model": [[-0.6088784715891005, -0.01652786358643929, 0.33613756657649657, 0.5617330122031519, -0.4123807916162537, 0.16496386171243152, -0.2656273103332247, 0.5215619870847994, 0.046894677507920174, -0.0440415900915227, -0.5038700039532522, 0.09680052844800052], [-0.3671800361573836, -0.5787745171485658, -0.37039507227091895, -0.24585086054587715, 0.6788926343640912, 0.6369705253756461, 0.10846280003777717, 0.49612875775862364, -0.3741695886646069, 0.47412070475858037, 0.11530849974540157, 0.0926175427978713], [0.04437135138980821, 0.017884956650763333, 0.5731108801867204, -0.04229461892222936, 0.040583656699600366, 0.388895584865562, 0.5545882411774163, -0.2862884983850531, -0.5377761620609947, -0.7644783472024832, -0.4079452738620572, -0.015459480682696775]], "inverted": true, "swapped": true, "error_lsq": 0.04728516027355542, "error_max": 0.23700776860092937, "target": "838.xyz", "model": "11.xyz", "model_rescale": 3.6694154284099745, "target_rescale": 4.044397429691954},
{"mapping": [2, 8, 12, 5, 0, 4, 1, 3, 9, 11, 7, 6, 13], "R": [[-0.9662288581778155, -0.07611866186647949, -0.24618639877144288], [-0.15639122015504153, 0.9325285433643636, 0.32547242904608026], [0.20480131806903162, 0.3529822447749957, -0.9129402800790382]], "T": [-0.028930626698691897, 0.012751407845792432, 0.04720123670566806], "aligned_model": [[-0.08000852652566677, 0.48496102895463805, -0.6736617677171801, -0.5708372320241375, -0.22782209331551262, 0.4573292619314841, -0.14664596560863774, 0.4746177919374955, 0.30376422927869356, 0.6487238420631722, -0.27680121554520887, 0.10165354518098549, -0.04544171074425785], [-0.516701776135487, -0.5393771801984809, -0.13318150490582453, 0.5236369795920272, 0.5706787832619655, 0.3315144983200878, -0.07878771592243586, -0.2433262733693291, -0.421349169435979, 0.110638376867743, -0.006130520326088431, 0.5229129853698988, 0.0842037072246507], [-0.3314594920657061, -0.013356502892225675, -0.110259364853313, 0.34704112091531836, -0.3526701084713642, -0.410641599441123, -0.7860077298247119, -0.6025003192997049, 0.6350422768686601, 0.3233012388241865, 0.7474647317151804, 0.2534481089880958, -0.050440858702107585]], "inverted": true, "swapped": false, "error_lsq": 0.043682953059534166, "error_max": 0.29597481018176375, "target": "838.xyz", "model": "12.xyz", "model_rescale": 3.9764082729961374, "target_rescale": 4.044397429691954},
{"mapping": [1, 8, 9, 5, 6, 14, 13, 11, 2, 3, 0, 4, 15], "R": [[-0.697001796354745, 0.5354381751356461, 0.47696378949105583], [0.5990492752334884, 0.8003790512344908, -0.023094159157867278], [-0.3941173197418392, 0.26962814198889923, -0.8786194872224968]], "T": [-0.03481194407135503, -0.022837342406029533, -0.06890690271213278], "aligned_model": [[-0.18823225979614328, 0.5004541520202659, -0.5732839123371464, -0.7238477571247386, -0.08882052715561539, 0.4722667746000049, -0.07389319737654067, 0.5637638390414614, 0.09400968836229683, 0.7908791139981838, -0.2899350493104849, -0.0658830852733034, 0.03235340821762747], [-0.6380866197240805, -0.4798056173119591, -0.17252299597606247, 0.41849460830219176, 0.682963860568645, 0.4031673697364812, 0.11639743367372096, -0.20734382818050315, -0.5642797191753375, 0.09143686206189772, -0.03338178372483665, 0.5361713853925557, 0.051520234700035465], [-0.033507584307425675, -0.003157083298818378, 0.15277140255227262, 0.11352024287935343, -0.35628564328276807, -0.5163431527836463, -0.6635218024220346, -0.556973585991624, 0.502498954417151, 0.04779412612154739, 0.6107319347836945, 0.3809903613478343, -0.02955666825435118]], "inverted": false, "swapped": false, "error_lsq": 0.044287412420815984, "error_max": 0.23353732807704117, "target": "838.xyz", "model": "13.xyz", "model_rescale": 4.170626492500431, "target_rescale": 4.044397429691954},
{"mapping": [0, 7, 2, 6, 5, 12, 4, 8, 1, 10, 3, 11, 13], "R": [[0.6038699731032106, -0.18808991065375713, 0.7745729411066395], [-0.5029977115028316, 0.6639139033319443, 0.553363922916426], [-0.6183319155657763, -0.7237682740164864, 0.30630887633229675]], "T": [0.023957922608234837, -0.04189709548120718, 0.011176008736158483], "aligned_model": [[-0.057234821607931564, 0.6016505277532874, -0.5773780228022414, -0.5667120611437598, -0.09050599622006081, 0.36046734766252553, -0.18469882619313907, 0.45245399435364647, 0.1887371077340405, 0.5760959333135673, -0.35864896508070787, 0.09824228790562514, 0.007362682191015171], [-0.632699025380201, -0.6087277480220326, -0.2861136063662106, 0.5513565062193873, 0.8301341602994246, 0.4211414698686629, -0.023920335076202004, -0.21565604455768247, -0.5365078477692984, 0.07392961347406296, 0.024304843414376, 0.5512832406478283, 0.05620596359063329], [-0.0036302211065498413, -0.037855289326124295, -0.09692368508759003, 0.09271373861489665, -0.22051198962446183, -0.4449630216422315, -0.6664686827194759, -0.5699911246424534, 0.5759967712490375, 0.018665708448330293, 0.5810030677719065, 0.3883743292962506, 0.032551900529650124]], "inverted": false, "swapped": false, "error_lsq": 0.04590159740295667, "error_max": 0.23302800864032847, "target": "838.xyz", "model": "14.xyz", "model_rescale": 3.9786697098870705, "target_rescale": 4.044397429691954},
{"mapping": [9, 5, 10, 8, 11, 2, 7, 6, 0, 1, 4, 12], "R": [[-0.5198001473909045, -0.6371886060494085, 0.5690329402532033], [-0.8284778717789185, 0.5384835472312824, -0.15381770162724845], [-0.20840398927340106, -0.5513856632902483, -0.8078004874799875]], "T": [0.09863931789163885, 0.08569216036128646, -0.05521201265078085], "aligned_model": [[-0.2296637132754367, -0.5822302604334307, 0.5838520854663026, 0.6344925232693678, -0.1883688363480792, 0.4998457279154681, -0.44711536267020735, -0.09475558513360174, 0.5753813181777888, 0.14777923413238514, -0.4969488318396016, 0.08108629750638152], [-0.4396269455167571, -0.06400694797995266, 0.17846600761526643, -0.5331544576151201, 0.274374601899544, 0.5391354659636652, -0.3473041611824934, 0.33768210162661283, -0.06440986402014945, -0.5701261528375878, 0.6182211545661513, 0.08542368770525999], [-0.443329796972244, -0.14458020014852435, -0.48945417268909736, -0.28923141686962733, -0.5679198843613371, 0.1929919032064724, 0.40116667312463555, 0.5061197525887065, 0.48698666593261325, 0.18935762288830507, -0.08659210758445224, -0.09554854524162058]], "inverted": false, "swapped": true, "error_lsq": 0.05549342702331817, "error_max": 0.36946488139284317, "target": "838.xyz", "model": "15.xyz", "model_rescale": 3.769337070930944, "target_rescale": 4.044397429691954},
{"mapping": [4, 3, 7, 6, 5, 11, 9, 10, 1, 0, 12], "R": [[-0.7175396867274525, -0.19485211397919538, -0.6687072989349739], [-0.6800876009080179, 0.40329626196978163, 0.6122360493897581], [0.15039166553451888, 0.894083205724747, -0.42189758020011614]], "T": [-0.02071786971891699, -0.012493367241588428, 0.09522166300333268], "aligned_model": [[-0.24171670747876328, -0.31784879891554935, -0.06437213611906267, -0.5949139545836707, 0.21860639692169798, 0.30968666508075565, 0.6381589079749223, 0.213898196568341, 0.1670975046748578, -0.41961274540242993, 0.013642801970072164], [-0.13110198464482273, -0.7670996942889583, 0.7900554143240821, 0.22345685740525778, 0.34179017982719273, -0.3092279463402586, 0.2709238174804077, -0.5418330607478892, 0.5564962196738644, 0.19030585836511946, -0.0277011634286536], [-0.6639809408605266, -0.168417461617078, -0.12301043566280404, -0.07976467159744488, -0.4626196606153524, -0.3332938431453282, -0.04596809937567295, 0.4072464383418642, 0.4603284049925681, 0.681351607524663, 0.07234626923888887]], "inverted": true, "swapped": true, "error_lsq": 0.04652643141013526, "error_max": 0.286143953885889, "target": "838.xyz", "model": "16.xyz", "model_rescale": 3.7852294659196426, "target_rescale": 4.044397429691954},
{"mapping": [5, 6, 1, 3, 0, 9, 4, 10, 7, 11, 2, 8, 12], "R": [[-0.4774951095659471, -0.8716344941214813, -0.11068752864796333], [-0.7103434429123276, 0.30881841678877225, 0.6324898248695683], [-0.5171176011818446, 0.3806369584126923, -0.7666191312759351]], "T": [-0.01951309518757674, 0.04918498643938681, -0.0012113167063922958], "aligned_model": [[-0.21688781564715706, 0.5306008305044949, -0.6152947789919493, -0.6638556904313133, -0.19367934587150118, 0.5799399555683481, -0.3237621114932955, 0.5399909713274399, 0.1443651343079793, 0.5741180814169317, -0.17096162107806728, 0.19882207644409958, 0.06643550180985776], [-0.5392321855764863, -0.6380636680884036, -0.25230208606915705, 0.494320623272615, 0.5095913702173719, 0.6025226710341852, -0.14019659056661585, -0.12401767735948102, -0.5049851124230875, 0.0683065358160253, 0.04036616223406799, 0.622906762995387, 0.0655143848563274], [-0.21804641986251827, -0.11282310600924478, 0.16732320379467355, 0.13725259894746558, -0.47390491158356496, -0.28710505965737687, -0.6122381896484229, -0.5545747705821215, 0.3956090867516189, 0.4291007409283636, 0.5913024750111525, 0.21645583099041318, -0.029389977319253517]], "inverted": true, "swapped": false, "error_lsq": 0.046494497800145015, "error_max": 0.25879461974646184, "target": "838.xyz", "model": "17.xyz", "model_rescale": 3.901054581598922, "target_rescale": 4.044397429691954},
{"mapping": [1, 8, 6, 11, 12, 13, 7, 2, 4, 5, 10, 9, 14], "R": [[0.8927886726515986, -0.42620332260332405, 0.1458736226563387], [-0.3006873039898905, -0.8049403842220909, -0.5115252907410188], [0.3354333483783152, 0.4128216390286241, -0.8467955852184353]], "T": [0.06436932778072331, -0.03329329313808093, -0.09173482278650982], "aligned_model": [[-0.23677227632830017, 0.517596476494581, -0.6630991767341697, -0.5386648617746135, -0.24157362233869062, 0.4921980994568364, -0.44759565110937066, 0.7854247374657158, 0.0018795961943020995, 0.6105688932285583, -0.061789236225548896, 0.18493329735078592, 0.046724912185781786], [-0.6336786454802433, -0.4879120200530872, -0.18398495226167288, 0.43125399995160574, 0.5438589604665834, 0.5135180111810086, -0.07130416378069948, -0.08582646985664072, -0.6037591689268945, 0.15814855133520947, 0.07539969991402995, 0.5304554849340044, 0.018561902919544848], [-0.2775753791875759, 0.07656614853201385, 0.01692678073370807, 0.14759041123000302, -0.4456688441923333, -0.3049533442510934, -0.5114061917173675, -0.49305447530301993, 0.4525423932684772, 0.14300354622222497, 0.7112119986893024, 0.22739096087572205, -0.09361250313887695]], "inverted": true, "swapped": false, "error_lsq": 0.050998938753765405, "error_max": 0.3178532936085581, "target": "838.xyz", "model": "18.xyz", "model_rescale": 3.9405287249114394, "target_rescale": 4.044397429691954},
{"mapping": [0, 7, 1, 3, 10, 11, 2, 9, 4, 13, 12, 14, 15], "R": [[0.09057983874637598, -0.9594931872890893, -0.2667735300934212], [-0.7027170557419413, 0.12823517525444894, -0.6998174614832346], [0.705679837023886, 0.2508556624301826, -0.6626367060800785]], "T": [0.043115267941518064, -0.0825517790461277, -0.02904891581046897], "aligned_model": [[-0.2791737965418727, 0.592357901849546, -0.6097891744254866, -0.5933075259891272, -0.16688826815458332, 0.4404941087110076, -0.4022406434111223, 0.6988030845413645, 0.12628276660120746, 0.5990386219757302, -0.1179984303543937, 0.135731711109575, 0.026520831954022626], [-0.6872349435319267, -0.5221834821461827, -0.1786459861364427, 0.42851951694965335, 0.6005313568830939, 0.4080440903373261, 0.1386900340491226, -0.1600924369780502, -0.6205100071564651, 0.2048315152903578, 0.015657643335464544, 0.639576099530955, -0.06245221008415708], [0.0271853038232407, -0.002932950033571989, -0.03010555224419844, 0.21426313208003214, -0.35646299794921954, -0.37635130818979906, -0.7418149751698021, -0.4202915265861179, 0.4591612239768516, 0.21526627394986533, 0.48528205524443535, 0.23494442409197297, -0.059181601232504356]], "inverted": true, "swapped": false, "error_lsq": 0.04547371080802522, "error_max": 0.2943443619547472, "target": "838.xyz", "model": "19.xyz", "model_rescale": 4.410303926677745, "target_rescale": 4.044397429691954},
{"mapping": [6, 4, 3, 5, 1, 7, 0, 2, 11, 12, 10, 8, 13], "R": [[-0.8874829169069782, -0.4464402822530693, -0.11430287214274769], [-0.4263739463341226, 0.889566704663018, -0.16394003733818566], [0.17486946584738064, -0.09675821586190395, -0.9798257587844245]], "T": [0.03193444890827091, -0.004946679518050178, -0.04249168452652448], "aligned_model": [[-0.10294710546877989, 0.4619198953052882, -0.6405816510257507, -0.5810383197227249, -0.020554123417823263, 0.5139039238006962, -0.29081023900971825, 0.3689120248333486, 0.295580604489019, 0.727568781226458, -0.3842050771207037, 0.08020302042489846, 0.02187945355165942], [-0.5691387668088547, -0.5530565505610288, -0.2342446286920553, 0.47392283944525654, 0.5768850308617183, 0.48110383203180107, -0.14146392754042103, -0.11225387153733134, -0.5473974789411044, 0.08212323920581362, 0.03603230630044195, 0.6624703665570283, 0.04974880002148392], [-0.042771158701493964, -0.1413930503707298, -0.1877749992482614, 0.2641336433462455, -0.5134871216000872, -0.23823000590422633, -0.667278272039302, -0.6024381173383494, 0.526165645810878, 0.23890952769939866, 0.6648149184434321, 0.33603468578265444, 0.012275805881025836]], "inverted": true, "swapped": false, "error_lsq": 0.03884927858369428, "error_max": 0.20269716565576154, "target": "838.xyz", "model": "20.xyz", "model_rescale": 4.121658175737393, "target_rescale": 4.044397429691954},
{"mapping": [2, 1, 4, 11, 9, 8, 10, 6, 0, 5, 3, 7, 12], "R": [[-0.8479359828498061, -0.4013185750332152, 0.34633505499998574], [-0.15005958438502476, -0.44489700392213777, -0.88292059497743], [0.5084158633665232, -0.8006310368917852, 0.31702247971217723]], "T": [0.06803664747002083, 0.03534145396893644, -0.09876587408615255], "aligned_model": [[-0.20007853636232473, 0.4148925396916766, -0.4705321844022138, -0.6532079872464073, -0.02449772911691933, 0.6090551780614656, -0.3646120326360094, 0.2822024944496644, 0.37852276256777395, 0.6201538019397617, -0.16517699559140184, -0.06396821779261963, 0.08707809430342145], [-0.6670764193013577, -0.5513057438336071, -0.16228774615583563, 0.4962794676586332, 0.6943014904319543, 0.3164993320669717, 0.10123730090418208, -0.20582869004407567, -0.32663322025214897, 0.20361034460101662, -0.18603281710198394, 0.4456543063965042, 0.0463135849724951], [-0.2033364900263036, 0.035065816237869765, -0.10299842895725903, 0.10595668834784426, -0.3813821062366893, -0.38503899508526984, -0.7446342032571915, -0.6632075572531069, 0.7728627383702884, 0.26283578267502683, 0.5170632675966828, 0.4313625427874658, 0.004412446561827085]], "inverted": false, "swapped": false, "error_lsq": 0.05268469908598321, "error_max": 0.30141890750187406, "target": "838.xyz", "model": "21.xyz", "model_rescale": 4.08911054899281, "target_rescale": 4.044397429691954},
{"mapping": [3, 14, 4, 0, 1, 11, 2, 15, 12, 5, 7, 8, 16], "R": [[0.10906689157575002, -0.8987678612265595, -0.424641901828164], [0.8983307959405507, -0.09376886839752231, 0.42919596967383683], [-0.4255657343194122, -0.42827996794816897, 0.7971637691387481]], "T": [0.08535450358947329, 0.03089584462165541, 0.07917015161115863], "aligned_model": [[-0.24146085722935462, 0.2989656458742365, -0.5464732050794374, -0.6146890286665027, -0.11062568819152217, 0.5831378196357813, -0.2242078386018348, 0.3853483691688323, 0.19467215866377147, 0.6775322765088476, -0.22690350469172044, 0.23474068680279397, 0.03979435367197669], [-0.7365717831229368, -0.5478451967718946, -0.17250435256694371, 0.33865123641700506, 0.5888387463541498, 0.4688819119622101, -0.06145847502046721, -0.08003077868080162, -0.5728936220503708, 0.28691709630488804, -0.038440776681191766, 0.7079805210222123, 0.023206663176889138], [-0.16262311461316153, -0.09761127514394934, -0.13463885710828777, 0.20288381272722822, -0.450253935583453, -0.3032863888479426, -0.5665044299806251, -0.575967988594128, 0.489605818018273, 0.36466561198657116, 0.7143737073474291, 0.0777116220151322, 0.09060691953809864]], "inverted": true, "swapped": false, "error_lsq": 0.040307927924071604, "error_max": 0.24253801486509954, "target": "838.xyz", "model": "22.xyz", "model_rescale": 4.204369325754507, "target_rescale": 4.044397429691954},
{"mapping": [0, 7, 1, 3, 10, 11, 2, 9, 4, 13, 12, 14, 15], "R": [[0.09057983874637598, -0.9594931872890893, -0.2667735300934212], [-0.7027170557419413, 0.12823517525444894, -0.6998174614832346], [0.705679837023886, 0.2508556624301826, -0.6626367060800785]], "T": [0.043115267941518064, -0.0825517790461277, -0.02904891581046897], "aligned_model": [[-0.2791737965418727, 0.592357901849546, -0.6097891744254866, -0.5933075259891272, -0.16688826815458332, 0.4404941087110076, -0.4022406434111223, 0.6988030845413645, 0.12628276660120746, 0.5990386219757302, -0.1179984303543937, 0.135731711109575, 0.026520831954022626], [-0.6872349435319267, -0.5221834821461827, -0.1786459861364427, 0.42851951694965335, 0.6005313568830939, 0.4080440903373261, 0.1386900340491226, -0.1600924369780502, -0.6205100071564651, 0.2048315152903578, 0.015657643335464544, 0.639576099530955, -0.06245221008415708], [0.0271853038232407, -0.002932950033571989, -0.03010555224419844, 0.21426313208003214, -0.35646299794921954, -0.37635130818979906, -0.7418149751698021, -0.4202915265861179, 0.4591612239768516, 0.21526627394986533, 0.48528205524443535, 0.23494442409197297, -0.059181601232504356]], "inverted": true, "swapped": false, "error_lsq": 0.04547371080802522, "error_max": 0.2943443619547472, "target": "838.xyz", "model": "23.xyz", "model_rescale": 4.410303926677745, "target_rescale": 4.044397429691954},
{"mapping": [0, 7, 4, 8, 15, 14, 5, 13, 1, 11, 10, 9, 16], "R": [[0.6098112971102271, 0.792300604815458, -0.01974673456046877], [0.1788038643990864, -0.11326164157803803, 0.9773438384841853], [0.7721135667715568, -0.599526106317404, -0.21073463847027438]], "T": [0.05145779037760971, -0.026849621848805738, -0.09004555965221656], "aligned_model": [[-0.1204465079145653, 0.5102614937536013, -0.6280151996702019, -0.5363659760411611, -0.10751425220205406, 0.48558640497307687, -0.3838107882080601, 0.577303869925901, 0.2240473819655862, 0.5207878321025564, -0.15039050067226833, 0.06155897895198241, -0.0031715490985259956], [-0.747545778371052, -0.5066486193630673, -0.03756596106798735, 0.4632183722799161, 0.5909220272282358, 0.45792552664712394, -0.04586119747897696, -0.09678634576221218, -0.576157291624346, 0.12980055136741278, 0.1377143536790446, 0.5476587161738331, -0.1119431633651758], [-0.23644150662105912, -0.055074422480508256, 0.0198907349022939, 0.209959853662869, -0.41004598169792467, -0.27625885510881165, -0.5436774124976724, -0.5513278800386464, 0.5462006712769722, 0.30481077089922737, 0.5065782008822828, 0.15947020970963038, -0.02512288112746848]], "inverted": false, "swapped": false, "error_lsq": 0.03729262575490764, "error_max": 0.20934337036457412, "target": "838.xyz", "model": "24.xyz", "model_rescale": 4.28219845311461, "target_rescale": 4.044397429691954},
{"mapping": [9, 3, 11, 14, 6, 0, 8, 1, 7, 4, 13, 2, 15], "R": [[0.21936607502655145, -0.20619640341301276, -0.9536045135940706], [-0.20575682207238005, 0.9456513504440649, -0.25180876389433265], [0.9536994575326762, 0.2514489344237811, 0.16501750840145643]], "T": [-0.05943621125685747, -0.051940880336814675, -0.014235950834275706], "aligned_model": [[-0.20200975472956853, 0.5073177844409414, -0.5741230170500721, -0.6239250240810558, -0.10290796656270274, 0.49205072827092466, -0.16203589360213094, 0.3337987236021983, 0.2586729912378515, 0.6339460535189603, -0.12887375047054128, 0.024823091317319662, -0.006902778026257397], [-0.7025591042627609, -0.55977325975247, -0.19581505913695432, 0.4444149756237736, 0.7253139397023846, 0.5171974134250352, 0.0715383826341354, -0.1682666510009652, -0.491775688087888, 0.0189988224455536, -0.008565131690417789, 0.5552146833355751, -0.0011921328922527216], [0.10083965594644922, -0.15894782884516256, -0.11851818261686582, 0.10875945291963748, -0.46830894736399975, -0.20787977371519523, -0.689641187508988, -0.5058780970467999, 0.5433462251084115, 0.20675537589421625, 0.5741630885210901, 0.29079276227204043, -0.026521041803649135]], "inverted": false, "swapped": false, "error_lsq": 0.038896593658981155, "error_max": 0.24760178579489445, "target": "838.xyz", "model": "25.xyz", "model_rescale": 4.100010024507729, "target_rescale": 4.044397429691954},
{"mapping": [7, 5, 4, 11, 0, 2, 6, 10, 9, 8, 1, 12], "R": [[0.35845586750315483, -0.6921284819867841, -0.6264723102222722], [0.6841979047196483, 0.6513245481938283, -0.32809992395206206], [0.6351240967163854, -0.3110216991510005, 0.7070239631210675]], "T": [0.06594798382086003, 0.11901352016526615, 0.00146946885690704], "aligned_model": [[-0.6088784715891005, -0.01652786358643929, 0.33613756657649657, 0.5617330122031519, -0.4123807916162537, 0.16496386171243152, -0.2656273103332247, 0.5215619870847994, 0.046894677507920174, -0.0440415900915227, -0.5038700039532522, 0.09680052844800052], [-0.3671800361573836, -0.5787745171485658, -0.37039507227091895, -0.24585086054587715, 0.6788926343640912, 0.6369705253756461, 0.10846280003777717, 0.49612875775862364, -0.3741695886646069, 0.47412070475858037, 0.11530849974540157, 0.0926175427978713], [0.04437135138980821, 0.017884956650763333, 0.5731108801867204, -0.04229461892222936, 0.040583656699600366, 0.388895584865562, 0.5545882411774163, -0.2862884983850531, -0.5377761620609947, -0.7644783472024832, -0.4079452738620572, -0.015459480682696775]], "inverted": true, "swapped": true, "error_lsq": 0.04728516027355542, "error_max": 0.23700776860092937, "target": "838.xyz", "model": "26.xyz", "model_rescale": 3.6694154284099745, "target_rescale": 4.044397429691954},
{"mapping": [6, 12, 0, 5, 4, 10, 2, 11, 3, 9, 7, 8, 13], "R": [[-0.5067798149987278, -0.2497700159923758, -0.8250994838327216], [0.5961447397027071, -0.7929077840616167, -0.12612967652098572], [-0.6227243920344271, -0.5557986911514503, 0.5507287412871132]], "T": [-0.010041485831587309, 0.05144452049682767, 0.020607261405658578], "aligned_model": [[-0.21117210463060032, 0.41798313107765345, -0.597494418188505, -0.6790874141501809, -0.22562901921410222, 0.34743687741812085, -0.08834866776748301, 0.6056633209156209, 0.22390510717481169, 0.6238317685509785, -0.0565156216622335, 0.10764950627792, -0.018391277936132645], [-0.5987528189386251, -0.5939438398472674, 0.10177871852990523, 0.2885289911017372, 0.6808210448068704, 0.4196408868907441, -0.16923663133501532, -0.18273866334063482, -0.4986893152333641, 0.059534030024409997, 0.020288526257393948, 0.643449883016015, 0.03405037841057933], [-0.06872540774161563, -0.15260245255261637, -0.27822189364245076, 0.3701026109018303, -0.4620290159154514, -0.29328981643238583, -0.6175913445836623, -0.5291575033813585, 0.5641631230602149, 0.27161083246473916, 0.6475027737840698, 0.23045404731112523, -0.033254451511253245]], "inverted": true, "swapped": false, "error_lsq": 0.04761930191542101, "error_max": 0.3462044608881746, "target": "838.xyz", "model": "27.xyz", "model_rescale": 4.103607728864725, "target_rescale": 4.044397429691954},
{"mapping": [1, 4, 0, 9, 6, 11, 7, 8, 2, 13, 3, 10, 14], "R": [[0.8551537231557478, -0.3511682772737288, 0.3813042758866788], [-0.5017910784908446, -0.3762153038296776, 0.7788887973975095], [-0.13006853316562766, -0.8574047388491303, -0.49793502636307596]], "T": [0.059100880999701136, 0.16520469234937038, 0.0417894466563416], "aligned_model": [[-0.28704095227707194, 0.5616201413693345, -0.5166461659043887, -0.6617990377206346, -0.15157340925525697, 0.46559161980932806, -0.01616571901746673, 0.48148397538905685, 0.13011835996120397, 0.7002574149469154, -0.23878824592437514, -0.01026379833781832, -0.006962995172958827], [-0.6192309450060901, -0.5877523164937151, -0.23180818311923498, 0.5524698978790076, 0.6146635604110695, 0.5385457930405458, -0.02006570053756737, -0.22574756718146063, -0.4643675646066303, 0.07839168107251614, -0.052756878511785316, 0.5978394466019158, 0.024549966794177286], [-0.21841699864699066, -0.004464449678428933, 0.18527413460253409, 0.06307074896828799, -0.3517462343157087, -0.3674084703178199, -0.6510965944822853, -0.5421872901649383, 0.4158429150072728, 0.07720601062774678, 0.6954603686461132, 0.3021564702576323, 0.045270891257769744]], "inverted": false, "swapped": false, "error_lsq": 0.04369777161140535, "error_max": 0.2698699457781416, "target": "838.xyz", "model": "28.xyz", "model_rescale": 4.137296879288765, "target_rescale": 4.044397429691954},
