[{"mapping": [1, 6, 12, 14, 11, 0, 8, 7, 13, 9, 4, 15], "R": [[-0.4238083202132697, 0.7265475037375821, 0.5408467736158691], [0.7534857109022493, -0.04856201420750572, 0.655668372153364], [0.5026388277721281, 0.6853980271264271, -0.5268621766905106]], "T": [-0.08908800498292929, -0.09461565609237324, -0.0643652480171513], "aligned_model": [[-0.11070545637505272, 0.009115105557557401, 0.4290315008823233, -0.23514646832285496, 0.018936207334123517, -0.5617508701617656, 0.40305274266329355, -0.15532616656094422, 0.5821919859426545, 0.07366257851362504, -0.5078970619106675, -0.10752163510174347], [-0.48524637520967395, -0.7510072339769993, -0.24969275619889472, 0.6335346162477078, 0.4387188548127645, -0.4631951812612687, -0.14296547795212577, -0.5219621466332369, 0.0904585952757643, 0.3497407317500604, 0.22028939154105018, -0.06511798241809097], [-0.5281869593587132, 0.017303334743171805, -0.661883948814989, -0.001746767443442987, -0.531661231411917, 0.03613920418605426, 0.5528579879814759, 0.5777256771645554, -0.03496933807689273, 0.42476677717921363, 0.3827185587762052, -0.05111154957115884]], "inverted": false, "swapped": true, "error_lsq": 0.04170915730590116, "error_max": 0.2265585615177136, "target": "839.xyz", "model": "0.xyz", "model_rescale": 3.751011558992144, "target_rescale": 4.145704841769505},
{"mapping": [5, 12, 8, 6, 11, 9, 10, 1, 13, 4, 14, 3, 0, 7, 15], "R": [[-0.40314694873401097, -0.8343577351112388, -0.37592513561412844], [0.19459721234259764, 0.32323221725481904, -0.9260954911222836], [0.8942060515758921, -0.4465065549222964, 0.032053607230321274]], "T": [0.07459527647193745, 0.06441174386636919, 0.0279394387481329], "aligned_model": [[-0.12229007649874069, 0.16717564005262986, -0.5708651432456912, 0.2993816122412738, 0.0031178332206842074, -0.5378059239923606, 0.553758683510358, 0.5548846590469332, -0.4654082499710356, -0.07616262199128321, -0.23937859470312492, 0.43797767928254294, 0.5064075331309591, -0.035399094910766704, 0.06369227591665587], [0.03831073403478255, -0.5246592004942028, 0.41419850391244173, 0.4087444972426134, -0.6044913053393811, 0.19091976588787407, -0.6257303604787519, -0.11643783234328423, -0.23394893471371556, 0.4213063859151772, -0.18094061269168119, -0.0012005365195526807, 0.4858197186798433, 0.8093803618318516, 0.0674861649030914], [-0.7731294441529548, -0.514231775840071, -0.2662285623986336, -0.49938358374520164, 0.2768172258958348, 0.296548783246113, -0.028585582704713716, -0.29579778896150744, -0.29626808917823866, 0.5974553876155512, 0.657764491665426, 0.6820095229657144, 0.10084821166409388, -0.15154947382935902, 0.06339708260992227]], "inverted": false, "swapped": true, "error_lsq": 0.04723373145558484, "error_max": 0.3344028156143905, "target": "839.xyz", "model": "1.xyz", "model_rescale": 3.9405287249114394, "target_rescale": 4.145704841769505},
{"mapping": [5, 8, 13, 0, 4, 12, 6, 7, 3, 10, 2, 1, 15], "R": [[-0.5896383560187587, -0.1535551891730172, 0.7929359450734559], [0.3860960406143895, -0.9159080667074232, 0.10973723507616864], [0.7094057065836075, 0.3708547117380464, 0.5993415772731802]], "T": [0.0016826906741407716, -0.0830682433912413, -0.1278131169895284], "aligned_model": [[-0.3555220891494064, 0.2323106206774811, -0.3703459940093702, 0.38274251070126925, 0.57939981675212, -0.7689044913249556, 0.06743202241089107, 0.6008767681270744, 0.20149283066755208, -0.6755077942092863, -0.08488343486364149, -0.33365485803115263, 0.020547371535355678], [0.6271944120033278, 0.6188147122601692, 0.3726952724514071, -0.24735224566774255, -0.31396740598831013, 0.08522726532064728, 0.3000421118139203, 0.35561955127083067, -0.8059796382009001, -0.5346635342868411, -0.7274803131025741, -0.16855896410268353, -0.10275863019923376], [0.09374537574789843, -0.4100821700093103, -0.5014542545227889, 0.31622108840727275, -0.42341190662629585, 0.03770831311768047, 0.41630726763001663, 0.09084814978486683, -0.1682413285306153, 0.087972687244882, 0.3560429276590957, 0.3706147292782824, -0.15315052959234066]], "inverted": true, "swapped": true, "error_lsq": 0.043360784382787704, "error_max": 0.24130817410987457, "target": "839.xyz", "model": "2.xyz", "model_rescale": 3.932901565614263, "target_rescale": 4.145704841769505},
{"mapping": [1, 12, 10, 6, 2, 3, 11, 0, 7, 4, 13, 8, 14, 15], "R": [[0.006982919231916684, -0.4952293483315189, -0.8687342121674155], [0.4791409725275966, -0.7608770268516647, 0.4375957934609066], [-0.8777101841065249, -0.4193018513678548, 0.23197152875984578]], "T": [0.054621165796543816, -0.03948522460365231, 0.0762914418742116], "aligned_model": [[-0.11794607504527489, 0.47499881969270663, 0.15847827846684537, -0.22820121176807345, -0.462969372487887, -0.3013054214012518, 0.4896289730876134, -0.5503068966938209, -0.3096176388903505, -0.17839461156154057, 0.7099556951879772, 0.3630961925132427, 0.3187969772178865, 0.05359620373463066], [-0.020284340849039427, 0.030271899793104323, -0.513152141348619, 0.5028112534849821, -0.49959017299804653, -0.6884376102286212, -0.5875674809649141, 0.01892355424501485, 0.5470609894730244, -0.2440505059635211, 0.1973183785177554, 0.5646889080821189, -0.5820128510925636, -0.062483241800187043], [-0.5051224608542054, -0.6077713467930942, -0.6121431047705141, -0.19405933850035334, -0.3447557677884379, 0.2041056930187371, -0.08136170564840296, 0.07273487463563748, 0.426415570063212, 0.6913579737639859, 0.06235830174817625, 0.48288893216380735, 0.5137064428603438, 0.10554229915820469]], "inverted": true, "swapped": true, "error_lsq": 0.04237077291699297, "error_max": 0.30067041858796284, "target": "839.xyz", "model": "3.xyz", "model_rescale": 3.9243930471874484, "target_rescale": 4.145704841769505},
{"mapping": [2, 11, 3, 0, 4, 1, 6, 14, 9, 13, 7, 5, 15], "R": [[-0.8234249967667421, 0.14502007536119982, 0.5485803974276907], [-0.4911643405672247, -0.6662665009097543, -0.5611118786130231], [0.2841282549393048, -0.7314766759833868, 0.6198491810411957]], "T": [-0.028703341468435763, -0.048281589856885895, -0.0846409033838076], "aligned_model": [[0.047679287578734665, -0.24902954304808061, 0.4412546008036668, 0.28823596393319495, 0.6399891876334652, -0.3970000923193629, -0.22894734490905713, 0.31377779092166114, 0.2632599106068339, -0.4655562001251847, 0.2941144397131511, -0.671611224232819, 0.00103910975514886], [-0.7259214948047226, 0.20003173876987712, -0.28074623192689874, -0.5412233667416742, 0.11364081546168735, -0.5256449088502905, -0.42124225247833436, 0.40644323590220355, 0.5590877830840275, 0.48323688936634857, -0.12629565363477768, 0.019204030750068907, -0.03274103121592816], [-0.5226444819370056, -0.7204689640966124, -0.6224690727472912, 0.07635622919519526, -0.11752831230729284, -0.15299306375095847, 0.43301360984950565, -0.5656699822622856, 0.010492656249666943, 0.02662953467316591, 0.6146414138768135, 0.42845909210608324, -0.1007483434780201]], "inverted": true, "swapped": true, "error_lsq": 0.03949279448269194, "error_max": 0.23080982319381502, "target": "839.xyz", "model": "4.xyz", "model_rescale": 3.8936222436046832, "target_rescale": 4.145704841769505},
{"mapping": [5, 7, 13, 12, 9, 4, 0, 3, 10, 1, 11, 15], "R": [[0.6746113679561576, 0.5967837115409212, -0.43445218823682397], [-0.6543343973011592, 0.21102790034617086, -0.7261637017808147], [-0.34168113605063277, 0.7741552989645744, 0.5328579307397234]], "T": [-0.1514678830077381, -0.04509320546234946, 0.0014533173503863614], "aligned_model": [[0.006692370705396744, -0.7014759845286365, -0.157586500632887, 0.5077007857699145, -0.7015672110312445, -0.68607284705216, -0.21924081908308, -0.0945449012743653, 0.6588336922773619, 0.37577366723506295, 0.21079824460022462, -0.17176245477049], [-0.5209062966800169, -0.5884748953712537, 0.10490337201141131, -0.09810071144753735, 0.2869328892771497, 0.19052329116286326, -0.4081044662171689, 0.32363558681447696, 0.16567264195521933, -0.3348677774540318, 0.5658425640580447, -0.018133292999349182], [-0.6540950763264637, 0.0404494781953765, -0.6791324696906447, -0.4592116341596728, -0.22291221395436986, 0.3663266438949186, 0.48414560971311493, 0.6533415508497333, 0.09133038638172275, 0.08042988323679756, -0.0985527093404023, 0.01716527047540801]], "inverted": true, "swapped": true, "error_lsq": 0.046674935871449885, "error_max": 0.26445873832174993, "target": "839.xyz", "model": "5.xyz", "model_rescale": 3.6523030999806103, "target_rescale": 4.145704841769505},
{"mapping": [12, 11, 14, 13, 9, 1, 3, 6, 2, 0, 4, 7, 15], "R": [[-0.08713499971026589, -0.9934392938179999, -0.07406660059625687], [-0.9953327439999082, 0.08991394407170866, -0.03504584687352877], [0.0414755415528856, 0.07066719295304663, -0.9966373098038382]], "T": [0.13190722179386544, -0.07604758498951754, 0.025392873822200367], "aligned_model": [[0.08756241988242505, -0.07501184305595723, 0.11700330865893459, 0.6508917429196617, 0.6145892126436001, -0.22756660546761004, -0.4474730072500504, 0.2157886803262048, -0.6697455395992258, -0.16613472269970492, 0.155638280728769, 0.4959626555048507, 0.12957832207239692], [-0.6902544534361953, 0.09158492870543976, 0.5846510583088337, -0.23412964163408811, 0.3986906578260447, -0.5644675856173376, 0.4010788119237373, -0.5979315282852348, -0.15573718926023344, -0.09901542363151299, 0.5526853494540185, -0.10740934630420773, -0.03891873388608094], [0.5453051629970168, 0.6913991110452523, 0.3699391610587614, 0.4628840788270495, 0.09490680361523071, 0.045757631009864116, -0.0033885201648665847, -0.38419785177150256, -0.06337479340684168, -0.5037627489543779, -0.25493172280534765, -0.6570830263678902, 0.02665645439944079]], "inverted": true, "swapped": true, "error_lsq": 0.04869564625061387, "error_max": 0.22994773653762768, "target": "839.xyz", "model": "6.xyz", "model_rescale": 4.08911054899281, "target_rescale": 4.145704841769505},
{"mapping": [5, 6, 8, 12, 11, 14, 13, 9, 10, 1, 3, 0, 4, 7, 15], "R": [[0.25083273543531864, 0.8043334082101052, -0.5386378256965916], [0.958904902118799, -0.13022916025846593, 0.2520748986133118], [0.13260591060194876, -0.5797310878808304, -0.8039449845716665]], "T": [-0.0029013383146736186, -0.028432897273581236, 0.022157561130507666], "aligned_model": [[0.2100415870270623, 0.22733307944383596, 0.6920844087054354, -0.44892862433274094, -0.5402593854371461, -0.11797452012623869, 0.11310908694325514, 0.4073195680020956, -0.8246783701799519, -0.37335557830008864, -0.36241408242808476, 0.08033007814875623, 0.2846003842567734, 0.6887258545610188, 0.0004000535155723869], [-0.6926722629247959, -0.6299129885449617, -0.09070956607111984, -0.5113406979149103, 0.28758251246659305, 0.6921623807062941, -0.10011279772922925, 0.436658032172492, -0.19783957131480168, -0.49037575673525347, 0.4461319234758575, -0.15949699756918248, 0.5220642938481628, -0.2194884701211263, 0.008108782425094791], [-0.41897488581393255, 0.20209456269313208, -0.3501610816832149, -0.4440881287645829, -0.3326114581841666, -0.12936001577852002, -0.6613166500580981, -0.2581988643089276, -0.04906505868797899, 0.15468191173750956, 0.480085759438214, 0.6097432385705363, 0.3200598061238444, 0.3127481105059369, 0.028432786292328833]], "inverted": false, "swapped": true, "error_lsq": 0.04426391360374506, "error_max": 0.295164767318972, "target": "839.xyz", "model": "7.xyz", "model_rescale": 3.964800864290218, "target_rescale": 4.145704841769505},
{"mapping": [9, 4, 14, 8, 11, 7, 13, 3, 0, 1, 6, 12, 10, 15], "R": [[0.30516397609496154, -0.9445171667279901, 0.12150008004130722], [-0.3549614744029083, 0.005573889110521535, 0.9348643128550245], [-0.8836726200260069, -0.3284147583716571, -0.3335662559373457]], "T": [0.014022242549684889, -0.04061240952480241, 0.09784313324223567], "aligned_model": [[-0.2229965943553322, 0.19053557797755974, 0.3474381613350466, -0.7166071789122703, 0.3833528244776383, -0.4465014513204207, -0.43995503789457663, 0.7194786787583519, 0.18135128746719456, 0.15018642711683233, -0.3385128980482441, -0.09620358085289281, 0.518686925188863, 0.030934748523123053], [-0.10609454654278731, -0.506622807565507, 0.07257915165650097, -0.14421577619892723, 0.5265714998190341, -0.660235750000886, 0.4467842694463159, -0.24642483821851932, -0.5469150192998032, 0.11969447295706706, -0.25687999694434555, 0.6464922796320914, 0.5176546017371251, -0.05143907429615656], [-0.5367627685592622, -0.3776855165998322, -0.5590270696969497, -0.18667705010549338, -0.13959696720464587, 0.15509797189383134, -0.10729713688067596, -0.057501251545900994, 0.3894264891929461, 0.6670103064916364, 0.6233056125146426, 0.5043683368058888, 0.4756529731328827, 0.06650110928595393]], "inverted": false, "swapped": true, "error_lsq": 0.039380437462381505, "error_max": 0.29151145473251583, "target": "839.xyz", "model": "8.xyz", "model_rescale": 4.121658175737393, "target_rescale": 4.145704841769505},
{"mapping": [6, 0, 2, 10, 7, 13, 4, 14, 3, 9, 12, 11, 15], "R": [[-0.5448352243626003, 0.7966113474368601, -0.2618490775782599], [0.7213218305517908, 0.2859975464137854, -0.6307933260702023], [-0.4276089277168671, -0.5325558793029379, -0.7304346927389924]], "T": [-0.1459005900730621, -0.03193983756567594, -0.04326730968335624], "aligned_model": [[-0.6525499060164431, -0.10019934589324775, 0.35909907759225723, 0.2439379447171121, -0.6303082521585559, -0.49150010539048916, 0.14606455556647235, 0.3781018205817962, 0.5626844016967519, -0.1793210347841076, -0.3432813813623062, 0.30471583085912535, -0.12070610897316836], [0.014576174021392475, -0.2862512235038593, 0.20190586707595767, 0.7000500678398932, -0.5834966150826877, 0.21513867784729054, -0.6506844264346411, -0.23634308514889893, -0.19725440378176404, -0.44781837392406737, 0.745891815556518, 0.36993710779076006, -0.05526414284418406], [-0.4772099823578834, -0.5933575847001747, -0.6324776318110776, -0.18923123694560762, -0.28908759223840397, 0.5092239630906382, 0.03649253587573555, 0.44570892075820967, -0.22964815825316878, 0.49443019522926623, 0.031191200709105298, 0.3439280273795652, -0.028887222777114835]], "inverted": true, "swapped": true, "error_lsq": 0.05164214191376656, "error_max": 0.2947259263428988, "target": "839.xyz", "model": "9.xyz", "model_rescale": 3.833441315466971, "target_rescale": 4.145704841769505},
{"mapping": [8, 9, 12, 10, 11, 13, 14, 2, 6, 1, 7, 0, 4, 5, 15], "R": [[0.3899145891564882, 0.0360122031983563, -0.9201465830962627], [-0.23800385316463235, -0.9613415962906465, -0.1384792443658614], [-0.8895621277020034, 0.27299350992679683, -0.36627007043455334]], "T": [-0.005251579065396847, 0.031197309144379244, 0.014220519468546078], "aligned_model": [[0.13185684306527617, 0.0978684286850925, -0.7084155433986128, -0.5948557493748229, -0.569701772702607, -0.4695537420299781, -0.09472263922993505, 0.0484333088195794, 0.1941437343022665, -0.19710460038601818, 0.6229120357315053, 0.4813407122333948, 0.47880266455754594, -0.3038129226472548, 0.006654260669099708], [-0.7244536485671497, -0.5226573865701674, 0.1390116002217985, 0.6323824852181487, 0.16909276150358826, -0.4823253996156289, -0.07746293961777101, 0.8393715888960348, 0.05420072531758532, 0.46027866850433935, -0.2818116337080199, 0.36050143721713573, -0.07297207562505034, -0.3197058282763254, 0.02765118439646035], [0.20315874883136223, -0.36761940766588486, 0.39298409353726094, 0.019884379257392948, -0.4063282769719959, 0.0945408363998152, -0.7176570984864612, -0.014926486963476926, 0.6520887375976119, 0.3979806764605967, 0.34091479240157474, 0.1696197752206088, -0.46462222506657647, 0.6989719870448599, -0.020868623774595106]], "inverted": false, "swapped": true, "error_lsq": 0.039242199221117956, "error_max": 0.23843093304344667, "target": "839.xyz", "model": "10.xyz", "model_rescale": 4.2482417240324, "target_rescale": 4.145704841769505},
{"mapping": [11, 13, 5, 8, 2, 0, 1, 7, 9, 4, 14, 15], "R": [[-0.15172861831428747, 0.7649323385796235, -0.6259847791915915], [0.11645315923477045, -0.6150720507296956, -0.7798237198979061], [-0.9815381236043145, -0.19121948071855827, 0.00424524499251383]], "T": [-0.06238976725124716, 0.09344143426238391, 0.025751481226548877], "aligned_model": [[-0.6951420133668359, 0.04544643650183462, 0.3824414262245411, 0.583409308144271, -0.5449259363230213, 0.08983850541014195, -0.20974828802654222, 0.6585296213544762, 0.11419597799267774, -0.009480185563070703, -0.463954407445811, -0.0738448425396549], [-0.23804159819455986, -0.594248464807567, -0.35371975825514135, -0.30978962963005485, 0.6755435636780418, 0.6772579441246789, 0.24489197655167175, 0.3531978953874465, -0.20750989810624512, 0.3753135788161813, -0.056148575736168244, 0.0993843562223556], [-0.03924129756347806, 0.06020986387908725, 0.5580376235393318, -0.18838167163571953, 0.31763028842325336, 0.09887487844112128, 0.5945558873538247, -0.08422619497940387, -0.558573993179399, -0.6005063057723631, -0.5840235892589195, -0.009163199392978452]], "inverted": false, "swapped": true, "error_lsq": 0.04315810519633481, "error_max": 0.2078034797596144, "target": "839.xyz", "model": "11.xyz", "model_rescale": 3.6694154284099745, "target_rescale": 4.145704841769505},
{"mapping": [6, 5, 13, 12, 1, 7, 0, 4, 11, 14, 9, 3, 8, 15], "R": [[0.3688151341455275, 0.8774587780964423, -0.306661848893395], [0.011640596608935738, -0.3342546742032836, -0.9424109025705534], [-0.9294298754267614, 0.3440056765734478, -0.13349232618184398]], "T": [0.11572643970475702, 0.01487237859950305, 0.001076338223216268], "aligned_model": [[0.02976684342705163, -0.07584030072803033, -0.13017328799780092, 0.5243045508205005, 0.5757788224089943, -0.45769458751561354, 0.18207898602753073, -0.18697213634994467, 0.5065753950099194, 0.07748613523092872, -0.4146740684045297, 0.4828325460152354, -0.6231649806204109, 0.10796093293197961], [-0.3222365875784531, 0.2623252535585945, 0.625055497157028, 0.4786805272416226, -0.10635928756045478, -0.4641451823561321, -0.5891609893961655, -0.23783666849869387, 0.5406162336356513, 0.3188478500056755, 0.26794791199718015, -0.24784752882941916, 0.19032363000444671, 0.014776628755373807], [-0.5700033449891876, -0.7626158240486322, -0.2290177946897408, -0.5160998943212601, -0.37554673744108785, -0.20146692892031795, -0.00908364946157083, 0.5658434185808863, 0.29315673827535293, 0.680483108743395, 0.34432342897626744, 0.6013852370647564, -0.219742753285116, 0.03748045516867037]], "inverted": true, "swapped": true, "error_lsq": 0.040538108968940105, "error_max": 0.2743747570038664, "target": "839.xyz", "model": "12.xyz", "model_rescale": 3.9764082729961374, "target_rescale": 4.145704841769505},
{"mapping": [8, 7, 2, 1, 10, 6, 3, 11, 14, 13, 0, 9, 4, 6, 12, 15], "R": [[-0.16223596623104117, 0.8898029448482109, -0.4265327778735565], [-0.5291041939747442, -0.443309212973085, -0.7235507539983084], [-0.8329035017211881, 0.10829432594848276, 0.5427191684360771]], "T": [0.0011838780216866449, -0.031617333824207505, 0.12088898895855692], "aligned_model": [[0.03544676207656502, -0.6390031154669242, -0.09799940848883096, 0.42082673547449256, 0.6374386539502338, -0.22395983992253976, -0.46819134305309384, 0.21658756752154396, -0.15713386231016788, 0.33278738395787166, -0.35494522214352375, 0.1521686766920647, -0.6414203887616907, -0.22395983992253976, 0.6071314832161662, -0.09791230605701112], [-0.2642332589729077, -0.39452457902540294, -0.7728828475260324, -0.4930841904543814, -0.12957188953164955, 0.6274584666409369, 0.13510170525602702, 0.3291406917044222, 0.6800677186203113, 0.48217245065996994, -0.5855928924501042, -0.4053909861986555, 0.001877945213203891, 0.6274584666409369, -0.02075251941430585, 0.00292583985333094], [-0.5457208840496407, -0.05084523497914005, -0.1565053653089042, 0.0014285742526541495, -0.3604961625392198, 0.4348765702586962, -0.5575910116035643, -0.552905932598399, -0.20659829140257013, 0.14412082912312274, 0.42648852751008126, 0.5669786367635166, 0.43995253180422894, 0.4348765702586962, 0.32069637249375493, 0.09690169593924826]], "inverted": true, "swapped": false, "error_lsq": 0.05104206463009721, "error_max": 0.5648645078371057, "target": "839.xyz", "model": "13.xyz", "model_rescale": 4.170626492500431, "target_rescale": 4.145704841769505},
{"mapping": [13, 5, 11, 1, 14, 3, 2, 8, 9, 6, 7, 0, 4, 15], "R": [[0.5605015265761173, 0.8214781689594987, 0.10493644090015314], [0.8279362685586901, -0.5587392532016651, -0.04829060091527332], [0.01896243420435962, 0.11394764084699105, -0.9933057742882854]], "T": [-0.05388175941162855, 0.011035609634943388, 0.030870364864190314], "aligned_model": [[0.33212638015208035, 0.01571482254190458, -0.13719768302677018, -0.6053232855885435, 0.26335755620616286, -0.32748230888615565, -0.7944159754186478, 0.6163439126544427, 0.6005037788637451, -0.24473887035783282, 0.23264297275015394, -0.33750582156691594, 0.2669345430995987, -0.03777699933157853], [-0.3982043849888936, -0.8109456062182989, 0.2293557647010116, -0.24115697718389723, 0.5800145471365143, 0.7104949945047151, 0.33532299698744505, -0.36803989811041876, 0.18748424995642143, -0.46757344027537673, -0.16411240675696898, 0.15873783660096275, 0.560183156648442, 0.04451363492400777], [-0.38053426229572646, 0.00518658309779052, -0.6472706483698618, 0.00847850929343387, -0.33117818607539423, 0.023207119919572895, 0.08852491325575917, 0.21143628566722728, -0.03106455696746096, 0.45709853426760355, 0.7283802382288076, 0.5476910677402202, 0.2953774860133788, 0.02854001734551563]], "inverted": false, "swapped": true, "error_lsq": 0.04527114243862834, "error_max": 0.3074494701953853, "target": "839.xyz", "model": "14.xyz", "model_rescale": 3.9786697098870705, "target_rescale": 4.145704841769505},
{"mapping": [7, 0, 5, 8, 1, 12, 4, 11, 13, 9, 2, 15], "R": [[-0.3874033794128633, 0.7286543438626323, 0.5647844445357981], [-0.6393210989076983, -0.6537217074616224, 0.40486597990559037], [0.6642192063701156, -0.2042321629018743, 0.7190980945083056]], "T": [-0.045478557934764886, 0.014173649935977972, 0.021507436583145478], "aligned_model": [[-0.12546106533209558, -0.5328326387141079, 0.6183740814062613, 0.4485150357363333, -0.08718910641496772, 0.4612153315785266, -0.44715283627640234, 0.08205662893864371, 0.6333349361112653, 0.13972279548272623, -0.6446975155278892, -0.06253105022095705], [-0.538958118088483, -0.023656164366784804, 0.11829264051604443, -0.5760975379557136, 0.5417325523954375, 0.637729971795933, -0.4895529558176563, 0.37660037563009, -0.03882075975867122, -0.5460599347645629, 0.5580339359910143, -0.004569515352207898], [-0.5141616020406089, -0.33962564207761864, -0.45767454254540546, -0.16030289860469515, -0.2753630527145558, -0.04145400349738208, 0.26516175372363193, 0.6271988693092762, 0.17029338047530163, 0.36066710279281267, -0.023547105212566494, 0.04877423426564023]], "inverted": false, "swapped": true, "error_lsq": 0.050036164111438436, "error_max": 0.24967883847275976, "target": "839.xyz", "model": "15.xyz", "model_rescale": 3.769337070930944, "target_rescale": 4.145704841769505},
{"mapping": [0, 3, 6, 1, 7, 4, 8, 14, 13, 10, 15], "R": [[0.549534507074353, 0.8346223778131986, 0.03764720425198283], [-0.8309788185332058, 0.5506910938047785, -0.07882589900060745], [-0.08652183934536635, 0.012033522241600578, 0.996177276220832]], "T": [-0.015177202583829916, 0.07307950043874123, 0.0474998173759099], "aligned_model": [[-0.2648532842103347, -0.29785553556852595, -0.17023039410077162, -0.5634924633496821, 0.3204847631053107, 0.3156514075586785, 0.6707288492842395, 0.2691354226847447, 0.3472637050397558, -0.704495250060396, 0.00028891030815196214], [-0.002528921320012756, -0.6157379196046161, 0.6053396531156723, 0.33236167829253427, 0.3279925740429941, -0.44541824848570444, 0.4571872217750404, -0.5435128736798664, 0.41909341105673603, 0.022055463071755294, 0.0392324593608095], [-0.5014149448852693, -0.05140892330988697, -0.32642684591585974, 0.06520235655182785, -0.6018411122772752, -0.2626012315710551, -0.03909631559123265, 0.35480608679322, 0.5319008768272471, 0.528463381399933, 0.046634279202127704]], "inverted": false, "swapped": true, "error_lsq": 0.041586854855122916, "error_max": 0.24073152732439637, "target": "839.xyz", "model": "16.xyz", "model_rescale": 3.7852294659196426, "target_rescale": 4.145704841769505},
{"mapping": [11, 4, 0, 3, 14, 9, 8, 7, 1, 12, 13, 6, 15], "R": [[-0.8838439045542207, -0.42179412327024535, -0.20226139017873676], [-0.46707195772578636, 0.8195568395930647, 0.33191922659350315], [0.025763126529040677, 0.3878354087121406, -0.9213685240231164]], "T": [0.05703241789112204, 0.046376515340098824, -0.0104408716663035], "aligned_model": [[-0.06951606118628798, -0.45093831674266793, 0.30033278660438567, -0.04802706830612746, -0.5427603992696786, -0.6020176421754455, -0.3125228129263764, -0.01017162350051859, 0.6525905881268923, 0.5308340888441235, -0.13309897493634917, 0.5125274949526029, 0.026533790731730157], [-0.01244576998888338, -0.34792235107441694, -0.33402836457165214, -0.6758400304005859, -0.21297553688449597, 0.20174165043577158, 0.6274710207356851, 0.15398278106391064, 0.022817079216621627, 0.4865915069941193, 0.6717224202142407, 0.2686190433270115, 0.025322174635548245], [-0.7140074202300436, 0.23642808585242767, 0.3963259575230712, -0.18799419463325756, -0.3688290096127428, 0.058153465129810775, 0.3784843795051195, 0.7532329995805365, -0.12421991925227434, -0.4913234611450994, -0.2523622989446057, 0.4257884319969397, -0.013922318626707918]], "inverted": false, "swapped": true, "error_lsq": 0.03615567594338669, "error_max": 0.24503030157188907, "target": "839.xyz", "model": "17.xyz", "model_rescale": 3.901054581598922, "target_rescale": 4.145704841769505},
{"mapping": [5, 12, 8, 6, 11, 9, 10, 1, 13, 4, 14, 3, 0, 7, 15], "R": [[-0.40314694873401097, -0.8343577351112388, -0.37592513561412844], [0.19459721234259764, 0.32323221725481904, -0.9260954911222836], [0.8942060515758921, -0.4465065549222964, 0.032053607230321274]], "T": [0.07459527647193745, 0.06441174386636919, 0.0279394387481329], "aligned_model": [[-0.12229007649874069, 0.16717564005262986, -0.5708651432456912, 0.2993816122412738, 0.0031178332206842074, -0.5378059239923606, 0.553758683510358, 0.5548846590469332, -0.4654082499710356, -0.07616262199128321, -0.23937859470312492, 0.43797767928254294, 0.5064075331309591, -0.035399094910766704, 0.06369227591665587], [0.03831073403478255, -0.5246592004942028, 0.41419850391244173, 0.4087444972426134, -0.6044913053393811, 0.19091976588787407, -0.6257303604787519, -0.11643783234328423, -0.23394893471371556, 0.4213063859151772, -0.18094061269168119, -0.0012005365195526807, 0.4858197186798433, 0.8093803618318516, 0.0674861649030914], [-0.7731294441529548, -0.514231775840071, -0.2662285623986336, -0.49938358374520164, 0.2768172258958348, 0.296548783246113, -0.028585582704713716, -0.29579778896150744, -0.29626808917823866, 0.5974553876155512, 0.657764491665426, 0.6820095229657144, 0.10084821166409388, -0.15154947382935902, 0.06339708260992227]], "inverted": false, "swapped": true, "error_lsq": 0.04723373145558484, "error_max": 0.3344028156143905, "target": "839.xyz", "model": "18.xyz", "model_rescale": 3.9405287249114394, "target_rescale": 4.145704841769505},
{"mapping": [12, 14, 3, 1, 0, 9, 13, 4, 7, 8, 10, 2, 11, 9, 6, 15], "R": [[-0.3589029726612647, -0.4495352215520292, -0.8179894502981538], [-0.3890497060095437, 0.8686680190180344, -0.30668583108642594], [0.8484273583924528, 0.20816809870739622, -0.4866590800670965]], "T": [-0.02840329698800658, -0.02403669719500368, -0.05455904636992065], "aligned_model": [[-0.09483514327246814, -0.685886434880212, -0.07052301685256551, 0.4483519263870419, 0.6243580789375868, -0.3046562144445837, -0.6348486583098374, 0.24697527751914655, -0.0347017312572827, 0.4948565661003598, -0.3651297102720676, 0.20214351949869136, -0.5887668942070394, -0.3046562144445837, 0.5934579240660449, -0.02827733780561574], [-0.28507988803526324, -0.4227048159516654, -0.8668487756859282, -0.4800560626121052, 0.0765620653109779, 0.5957573414601818, 0.20534862305830942, 0.2923003895764599, 0.6678565926315361, 0.45105300531984815, -0.5507416576908729, -0.402621918426315, 0.04550495611631464, 0.5957573414601818, -0.05719130988317073, -0.04472576563278935], [-0.5316149388233797, -0.14685539814304965, -0.1699814203807858, -0.07099739569794832, -0.2454955097234209, 0.3039789881546739, -0.2304460667991901, -0.6535269226800198, -0.18444189419867074, 0.21518350826514382, 0.42199236127926765, 0.6930014385984427, 0.3930678063392195, 0.3039789881546739, 0.35832453165042366, -0.02051065007281977]], "inverted": false, "swapped": false, "error_lsq": 0.046836230657941146, "error_max": 0.41732479244304016, "target": "839.xyz", "model": "19.xyz", "model_rescale": 4.410303926677745, "target_rescale": 4.145704841769505},
{"mapping": [9, 4, 14, 8, 11, 7, 13, 3, 0, 1, 6, 12, 10, 15], "R": [[0.30516397609496154, -0.9445171667279901, 0.12150008004130722], [-0.3549614744029083, 0.005573889110521535, 0.9348643128550245], [-0.8836726200260069, -0.3284147583716571, -0.3335662559373457]], "T": [0.014022242549684889, -0.04061240952480241, 0.09784313324223567], "aligned_model": [[-0.2229965943553322, 0.19053557797755974, 0.3474381613350466, -0.7166071789122703, 0.3833528244776383, -0.4465014513204207, -0.43995503789457663, 0.7194786787583519, 0.18135128746719456, 0.15018642711683233, -0.3385128980482441, -0.09620358085289281, 0.518686925188863, 0.030934748523123053], [-0.10609454654278731, -0.506622807565507, 0.07257915165650097, -0.14421577619892723, 0.5265714998190341, -0.660235750000886, 0.4467842694463159, -0.24642483821851932, -0.5469150192998032, 0.11969447295706706, -0.25687999694434555, 0.6464922796320914, 0.5176546017371251, -0.05143907429615656], [-0.5367627685592622, -0.3776855165998322, -0.5590270696969497, -0.18667705010549338, -0.13959696720464587, 0.15509797189383134, -0.10729713688067596, -0.057501251545900994, 0.3894264891929461, 0.6670103064916364, 0.6233056125146426, 0.5043683368058888, 0.4756529731328827, 0.06650110928595393]], "inverted": false, "swapped": true, "error_lsq": 0.039380437462381505, "error_max": 0.29151145473251583, "target": "839.xyz", "model": "20.xyz", "model_rescale": 4.121658175737393, "target_rescale": 4.145704841769505},
{"mapping": [12, 11, 14, 13, 9, 1, 3, 6, 2, 0, 4, 7, 15], "R": [[-0.08713499971026589, -0.9934392938179999, -0.07406660059625687], [-0.9953327439999082, 0.08991394407170866, -0.03504584687352877], [0.0414755415528856, 0.07066719295304663, -0.9966373098038382]], "T": [0.13190722179386544, -0.07604758498951754, 0.025392873822200367], "aligned_model": [[0.08756241988242505, -0.07501184305595723, 0.11700330865893459, 0.6508917429196617, 0.6145892126436001, -0.22756660546761004, -0.4474730072500504, 0.2157886803262048, -0.6697455395992258, -0.16613472269970492, 0.155638280728769, 0.4959626555048507, 0.12957832207239692], [-0.6902544534361953, 0.09158492870543976, 0.5846510583088337, -0.23412964163408811, 0.3986906578260447, -0.5644675856173376, 0.4010788119237373, -0.5979315282852348, -0.15573718926023344, -0.09901542363151299, 0.5526853494540185, -0.10740934630420773, -0.03891873388608094], [0.5453051629970168, 0.6913991110452523, 0.3699391610587614, 0.4628840788270495, 0.09490680361523071, 0.045757631009864116, -0.0033885201648665847, -0.38419785177150256, -0.06337479340684168, -0.5037627489543779, -0.25493172280534765, -0.6570830263678902, 0.02665645439944079]], "inverted": true, "swapped": true, "error_lsq": 0.04869564625061387, "error_max": 0.22994773653762768, "target": "839.xyz", "model": "21.xyz", "model_rescale": 4.08911054899281, "target_rescale": 4.145704841769505},
{"mapping": [4, 7, 0, 1, 2, 12, 13, 3, 14, 15, 6, 8, 10, 9, 11, 16], "R": [[-0.6774801218493683, -0.20998496881606188, 0.7049304911622722], [0.5922862714603275, 0.41253321334353754, 0.6921078821456077], [-0.43613949275270647, 0.8864099845781144, -0.15511183740011286]], "T": [-0.008478429517057712, -0.008172963202048517, 0.09469392854690666], "aligned_model": [[0.01772139382554431, -0.6831588314496781, -0.16582674773019904, 0.6128924966247811, 0.5150157039439667, -0.5470959419743336, -0.4397679316507527, -0.06121665928729217, 0.031415118659368496, 0.6310616565781113, -0.34331017669620933, 0.21434403379055667, -0.6510156824765001, -0.1717253766454465, 0.5683680182050291, -0.029839136954330263], [-0.20024374010217302, -0.2188653981797521, -0.6867247707471372, -0.5016809685284037, -0.041522588341678705, 0.48420418198688525, 0.07904874095391975, 0.43208623509113997, 0.5992084704785855, 0.34009839336462644, -0.611306849040132, -0.45354349709439545, 0.08078510617903095, 0.5580984707321044, -0.008630622447572534, -0.03084104328934833], [-0.5751676778954674, 0.015882501071968202, -0.2442579108227348, 0.07608204818852313, -0.40138623040746024, -0.016775476242105486, -0.39836966339802315, -0.6520786879391416, -0.1085765434381216, 0.060016005212816276, 0.37697277186708716, 0.5771431543168791, 0.5746603332735929, 0.4949872071888766, 0.5978251207392334, 0.05870047420663811]], "inverted": false, "swapped": false, "error_lsq": 0.04049757979271951, "error_max": 0.25983913231647726, "target": "839.xyz", "model": "22.xyz", "model_rescale": 4.204369325754507, "target_rescale": 4.145704841769505},
{"mapping": [12, 14, 3, 1, 0, 9, 13, 4, 7, 8, 10, 2, 11, 9, 6, 15], "R": [[-0.3589029726612647, -0.4495352215520292, -0.8179894502981538], [-0.3890497060095437, 0.8686680190180344, -0.30668583108642594], [0.8484273583924528, 0.20816809870739622, -0.4866590800670965]], "T": [-0.02840329698800658, -0.02403669719500368, -0.05455904636992065], "aligned_model": [[-0.09483514327246814, -0.685886434880212, -0.07052301685256551, 0.4483519263870419, 0.6243580789375868, -0.3046562144445837, -0.6348486583098374, 0.24697527751914655, -0.0347017312572827, 0.4948565661003598, -0.3651297102720676, 0.20214351949869136, -0.5887668942070394, -0.3046562144445837, 0.5934579240660449, -0.02827733780561574], [-0.28507988803526324, -0.4227048159516654, -0.8668487756859282, -0.4800560626121052, 0.0765620653109779, 0.5957573414601818, 0.20534862305830942, 0.2923003895764599, 0.6678565926315361, 0.45105300531984815, -0.5507416576908729, -0.402621918426315, 0.04550495611631464, 0.5957573414601818, -0.05719130988317073, -0.04472576563278935], [-0.5316149388233797, -0.14685539814304965, -0.1699814203807858, -0.07099739569794832, -0.2454955097234209, 0.3039789881546739, -0.2304460667991901, -0.6535269226800198, -0.18444189419867074, 0.21518350826514382, 0.42199236127926765, 0.6930014385984427, 0.3930678063392195, 0.3039789881546739, 0.35832453165042366, -0.02051065007281977]], "inverted": false, "swapped": false, "error_lsq": 0.046836230657941146, "error_max": 0.41732479244304016, "target": "839.xyz", "model": "23.xyz", "model_rescale": 4.410303926677745, "target_rescale": 4.145704841769505},
{"mapping": [7, 12, 13, 14, 11, 2, 0, 1, 3, 10, 6, 15, 5, 4, 9, 16], "R": [[-0.8658641493920968, 0.1954193017218983, -0.4605329209861405], [-0.01944879125945348, 0.9067071537988814, 0.4213120954452626], [0.4999010095169315, 0.37375584779967996, -0.78128454926454]], "T": [0.058704132936496296, -0.05076288118602494, 0.04656749080914249], "aligned_model": [[-0.051026619939612335, -0.6865301545628925, -0.1113591452267779, 0.39250838144342454, 0.5997293166538993, -0.6081962523168523, -0.5566147342060643, 0.21525103745903623, -0.17061917718079647, 0.49927109885252424, -0.2732205740228176, 0.1678297295557063, -0.4240890501748161, -0.11969604827883998, 0.5944587642489679, 0.03016536445852754], [-0.20183797993885133, -0.3254698944838964, -0.6951714738155648, -0.6225718893646798, -0.1706942907553769, 0.5681651537562898, 0.19472586715765933, 0.408502877659451, 0.7964048729567553, 0.4261308578051482, -0.6692295180489148, -0.3357222920183177, -0.03472595941319419, 0.4980957595251945, -0.07184635683678091, 0.05541438683077775], [-0.5914500427213742, -0.07727817267545103, -0.17704527938682282, 0.18713481225727838, -0.25942220541120664, 0.11774273151656814, -0.3160670046007875, -0.6611777875268118, -0.15083717076597672, 0.09407597984193845, 0.33849744432072937, 0.6917061806854847, 0.44937711446432715, 0.4218166624939288, 0.37051570535910083, -0.001931541928364866]], "inverted": true, "swapped": false, "error_lsq": 0.036675365144974416, "error_max": 0.24434080994169238, "target": "839.xyz", "model": "24.xyz", "model_rescale": 4.28219845311461, "target_rescale": 4.145704841769505},
{"mapping": [4, 13, 7, 3, 1, 14, 2, 0, 6, 8, 9, 9, 12, 10, 5, 15], "R": [[0.6448143726118228, 0.6145552262481984, 0.45446264837085026], [0.718581375064379, -0.6900519265276422, -0.08642422175568486], [0.2604903688887703, 0.38229597511158186, -0.8865633396039322]], "T": [-0.07103781882692486, -0.029487450418945634, 0.032587346251193326], "aligned_model": [[0.00892389923021325, -0.611489715996853, -0.26180760703720773, 0.45807584343269514, 0.5476295410886235, -0.5770303396930453, -0.4961701027577784, 0.13325271603796, 0.03458364339013409, 0.41512991616637784, -0.010571024721629352, -0.010571024721629352, -0.6397233710913802, -0.032965856935394194, 0.596217995358823, -0.05562257498729292], [-0.3493052444884538, -0.2619150236965216, -0.7710011441928009, -0.5695950489129297, -0.025800164081782068, 0.5116227578454723, 0.2592896685571257, 0.29915903473948696, 0.8182521125266825, 0.4419242461649118, -0.5388279974813442, -0.5388279974813442, -0.09900462310518379, 0.6537264859483927, -0.005581461233550397, -0.003945480092461807], [-0.6200774032700109, -0.04990887767891706, -0.10637428731103085, -0.1358402622905735, -0.13207746644801174, 0.2095504391101732, -0.4197956122071635, -0.6856125125579222, -0.25442985723477773, 0.18542059755546558, 0.47280281373010175, 0.47280281373010175, 0.538733575695222, 0.43442569894920896, 0.5612449509733083, -0.03520718482261332]], "inverted": true, "swapped": false, "error_lsq": 0.04593414272833995, "error_max": 0.37244953823452165, "target": "839.xyz", "model": "25.xyz", "model_rescale": 4.100010024507729, "target_rescale": 4.145704841769505},
{"mapping": [11, 13, 5, 8, 2, 0, 1, 7, 9, 4, 14, 15], "R": [[-0.15172861831428747, 0.7649323385796235, -0.6259847791915915], [0.11645315923477045, -0.6150720507296956, -0.7798237198979061], [-0.9815381236043145, -0.19121948071855827, 0.00424524499251383]], "T": [-0.06238976725124716, 0.09344143426238391, 0.025751481226548877], "aligned_model": [[-0.6951420133668359, 0.04544643650183462, 0.3824414262245411, 0.583409308144271, -0.5449259363230213, 0.08983850541014195, -0.20974828802654222, 0.6585296213544762, 0.11419597799267774, -0.009480185563070703, -0.463954407445811, -0.0738448425396549], [-0.23804159819455986, -0.594248464807567, -0.35371975825514135, -0.30978962963005485, 0.6755435636780418, 0.6772579441246789, 0.24489197655167175, 0.3531978953874465, -0.20750989810624512, 0.3753135788161813, -0.056148575736168244, 0.0993843562223556], [-0.03924129756347806, 0.06020986387908725, 0.5580376235393318, -0.18838167163571953, 0.31763028842325336, 0.09887487844112128, 0.5945558873538247, -0.08422619497940387, -0.558573993179399, -0.6005063057723631, -0.5840235892589195, -0.009163199392978452]], "inverted": false, "swapped": true, "error_lsq": 0.04315810519633481, "error_max": 0.2078034797596144, "target": "839.xyz", "model": "26.xyz", "model_rescale": 3.6694154284099745, "target_rescale": 4.145704841769505},
