[{"mapping": [8, 9, 6, 11, 10, 7, 0, 2, 5, 1, 4, 13], "R": [[-0.9304578365085328, -0.3639677797817191, 0.04213869671248406], [-0.3574205730878045, 0.8763309019199023, -0.32294687531208], [0.08061481509900106, -0.31554968803821803, -0.9454785275010413]], "T": [-0.0836748869801089, -0.031236167296683978, 0.024524904102241864], "aligned_model": [[-0.22271240048610497, 0.32018901736733013, 0.39817816560123337, -0.198992828623343, 0.020731663747934212, -0.7128442550543768, 0.3755943117106007, -0.14188691322264946, 0.6724313885555028, 0.18740967961429988, -0.6765042072763436, -0.1839511594735347], [-0.4433952993407943, -0.7032704799612195, -0.23259950419042552, 0.7146466547098482, 0.39432749575296144, -0.49621749340882454, -0.2667150732047003, -0.6181510085689473, 0.11039352480909663, 0.31761994598766374, 0.27466660840193785, 0.0022496649904608437], [-0.4013507218333441, -0.027676220450784998, -0.5586246055375684, -0.051005685687083, -0.5760485289507957, 0.09896913759476192, 0.518231237241208, 0.5470419681129165, -0.01844975458545838, 0.3934609785127317, 0.2564421244924547, 0.0009618164445241092]], "inverted": false, "swapped": true, "error_lsq": 0.04012376031457091, "error_max": 0.21152073004813948, "target": "84.xyz", "model": "0.xyz", "model_rescale": 3.751011558992144, "target_rescale": 3.9302504941829404},
{"mapping": [1, 7, 4, 6, 11, 0, 2, 10, 5, 8, 13, 12, 9, 14], "R": [[-0.1014629902192543, -0.24111233764105228, 0.9651787928943708], [0.5805339614569001, 0.7735188984333301, 0.25426134854052446], [-0.8078895847892372, 0.5861171848732596, 0.06149036010074438]], "T": [-0.008042981854434372, -0.04042082569995613, 0.014707648573061519], "aligned_model": [[-0.30026665383856393, -0.3390132453086343, 0.3655324284555567, 0.16600873847124892, 0.43679451956434606, -0.743916287106653, -0.5140888613794938, 0.8040133569807919, 0.18313323824824096, -0.03968874493728987, -0.12907408057954664, -0.14246558501121992, 0.4286824461147288, 0.006826132482269395], [-0.4736426954467851, 0.1652639949802247, -0.7178867722228569, -0.048417839124279105, 0.4549453733879741, -0.18436912222374152, -0.13198683337641026, -0.1510386005186075, -0.05631429344601638, -0.6145457467269092, 0.43374811284259585, 0.669538531806165, 0.3597685676018166, 0.012205699725568023], [-0.44638853070086126, -0.521789754074951, -0.14977722618252204, -0.7156126864157035, -0.4251365454995094, -0.10050469904888643, 0.66221929792156, -0.013255873747257091, 0.6090855565961294, 0.3460645149189565, 0.5513802574915718, -0.15810258991777626, 0.3033405839567494, 0.011078502138129553]], "inverted": false, "swapped": false, "error_lsq": 0.03768696156842683, "error_max": 0.22414604649764772, "target": "84.xyz", "model": "1.xyz", "model_rescale": 3.9405287249114394, "target_rescale": 3.9302504941829404},
{"mapping": [5, 10, 6, 4, 12, 9, 1, 11, 7, 2, 3, 0, 13], "R": [[-0.2833695533780986, -0.9472075448548952, 0.1499985439537953], [0.9135940218703805, -0.31419050741498494, -0.2581284336391815], [0.2916293185209607, 0.06389203409092586, 0.954395174211775]], "T": [-0.03636424201950518, -0.03179825839286293, -0.03554780745893742], "aligned_model": [[-0.38532415960767424, 0.3108256928414228, -0.41080786844223505, 0.5346962729450684, 0.5934281303967516, -0.7999506192404192, 0.01860914640662753, 0.6243842599947724, -0.020978746451381872, -0.5268808509074815, 0.07149706870750924, -0.5679832414921926, 0.05446819413316399], [0.6240479149091647, 0.5171561676667582, 0.4666199297429797, -0.4124545599365948, -0.22445636718460032, -0.05697735074321103, 0.19768447248087534, 0.300340032995497, -0.7736547040499107, -0.5973893632294678, -0.4857917449282564, -0.016813996116275765, -0.07947783803494138], [0.16864637404871985, -0.3972131152686411, -0.5090076142924956, 0.1311836432034466, -0.4622026493084443, -0.2192948778271619, 0.4894444399301488, 0.13309339243804197, -0.29442223999232314, 0.21017950405118418, 0.4918249268783625, 0.44119233838453137, -0.07030377265672519]], "inverted": true, "swapped": true, "error_lsq": 0.05099787465869478, "error_max": 0.29577627978024773, "target": "84.xyz", "model": "2.xyz", "model_rescale": 3.932901565614263, "target_rescale": 3.9302504941829404},
{"mapping": [12, 5, 10, 6, 2, 9, 8, 1, 3, 11, 7, 4, 0, 13], "R": [[0.5044786097656614, 0.20930529898450279, -0.8376709521679224], [-0.739837344969275, -0.39537723032504324, -0.5443505752080289], [-0.4451314808881975, 0.8943534746158845, -0.044607478798680655]], "T": [0.030686020512051927, -0.027437782942890145, 0.0960228012918878], "aligned_model": [[-0.32082884514595783, -0.4177058978668845, 0.2008137491824793, 0.13339033915471787, 0.5789051609767458, -0.6930711032331688, -0.3734340577092127, 0.7588214165087572, 0.15845244681261758, 0.08224362275563511, -0.4689146748787085, 0.08123408029123506, 0.4731462745582413, -0.010575109250715958], [-0.39516150420408436, 0.17110671472356986, -0.6108316082433111, -0.0327749429088548, 0.3979992394370565, -0.14030226895175804, -0.2814961122352714, -0.1504293275814547, 0.008738851174876206, -0.8507588584884936, 0.4472794403283739, 0.7809204435619643, 0.44118936204765813, -0.06821105140153313], [-0.47349135498764316, -0.42964292484355004, -0.28325762377644587, -0.579340507111376, -0.36512681346989084, 0.03918819022746062, 0.6536320311540843, 0.03719639602779973, 0.5890263200780222, 0.4383573139848845, 0.2825308451983953, -0.23143448726993637, 0.2792381164552119, -0.004274694231386059]], "inverted": false, "swapped": false, "error_lsq": 0.04667740401600985, "error_max": 0.30091741838476055, "target": "84.xyz", "model": "3.xyz", "model_rescale": 3.9243930471874484, "target_rescale": 3.9302504941829404},
{"mapping": [5, 0, 6, 10, 8, 1, 11, 9, 7, 3, 12, 4, 13], "R": [[0.09626780229331389, -0.10493404429267875, 0.9898087474810464], [0.7919317288964584, -0.594336213571426, -0.14003071807516793], [0.602973172710596, 0.7973414021521539, 0.02588515801294783]], "T": [0.005506845047644888, -0.03960817570170025, -0.1111050973186794], "aligned_model": [[-0.026514386556925982, -0.3357589640797863, 0.6125604775542356, 0.3521823526602326, 0.5718290907398518, -0.4828987944621115, -0.25845940598869566, 0.3480606315627523, 0.15235761361993747, -0.5888461277808094, 0.2528216178554629, -0.332757754990949, 0.012629536178157418], [-0.5615955537202475, 0.08673823999911304, -0.3643089333803604, -0.647920562003769, 0.18283510465039518, -0.3053928362856223, -0.5737627581321589, 0.23759691206386072, 0.672947557661193, 0.3245030782726491, -0.031953013056187196, 0.12940858182232445, -0.021266264209602703], [-0.6768844790528372, -0.7256770509053394, -0.48372851787024457, 0.13882637473977977, -0.09174715022591655, -0.25983203676247324, 0.3583040868751814, -0.761701262922891, 0.18605285710566993, -0.01093680138669334, 0.633587278730936, 0.4854006481132775, -0.004593631067485379]], "inverted": false, "swapped": true, "error_lsq": 0.04280133386068183, "error_max": 0.26261068987077285, "target": "84.xyz", "model": "4.xyz", "model_rescale": 3.8936222436046832, "target_rescale": 3.9302504941829404},
{"mapping": [7, 3, 12, 8, 11, 1, 0, 5, 6, 9, 10, 13], "R": [[-0.08350579453351165, -0.4668774575444198, 0.8803705026386249], [-0.5471084887743852, 0.7598771564653619, 0.3510826235989531], [-0.8328859968749235, -0.45234074182962375, -0.31888676593846027]], "T": [-0.13068960734435137, -0.06963074012624108, -0.05761824779305646], "aligned_model": [[-0.05276457373582227, -0.6809295840374561, -0.20212340502415002, 0.397846309946947, -0.6062447386842706, -0.5402305999349934, -0.1851955407302044, 0.02033527281284725, 0.5435428874588184, 0.4663776700327889, 0.03209597766915728, -0.16516163355856497], [-0.6188982280282749, -0.5090203999578681, 0.18871111277983016, -0.15007182313108652, 0.5063395581148524, 0.0311732423729824, -0.4362520944292368, 0.24975669367619863, 0.2580082939916113, -0.44034372354534645, 0.6443872965975069, -0.054867023331361946], [-0.6142479156397906, -0.06385074107669922, -0.7951456255198991, -0.34874647616221466, -0.18971599351008864, 0.33406528456837736, 0.5529080343356827, 0.6270609789856102, 0.16789475536619697, 0.29386955889134, -0.18557411587750608, -0.1592330250854908]], "inverted": false, "swapped": true, "error_lsq": 0.04829249341684019, "error_max": 0.24258372832421418, "target": "84.xyz", "model": "5.xyz", "model_rescale": 3.6523030999806103, "target_rescale": 3.9302504941829404},
{"mapping": [6, 5, 0, 9, 2, 10, 1, 8, 11, 4, 3, 7, 13], "R": [[-0.43163181575849485, 0.8660181546817916, -0.25240152809872063], [0.05611687360984541, 0.3050462659841872, 0.9506827399849864], [0.900302655844845, 0.39618093261873294, -0.18026590500721312]], "T": [0.027286031828845356, -0.07915137751380524, -0.013536705465873475], "aligned_model": [[0.15058333406783836, -0.1738725150980111, 0.26099294202677903, 0.6615341832062301, 0.6517812085606021, -0.4456320661544307, -0.31465041760605905, 0.4182310522538246, -0.711152717575876, -0.21597291241298044, 0.05665061083641011, 0.542650017639842, -5.981507987458043e-05], [-0.6094872379620644, -0.02012033456115575, 0.45240790871824993, -0.1212706450698871, 0.39620319665575815, -0.6357787039744172, 0.34054925179952705, -0.5427724452707896, -0.12360481740165827, 0.0958362586392057, 0.5324033395277226, -0.1106951403397598, -0.11284372659754825], [0.5488995653269003, 0.7278492033871578, 0.402336184635621, 0.4484333994248671, -0.08371901194043074, 0.12505658322251434, 0.18199360759275818, -0.06639619460545668, -0.1810968047822445, -0.653078042313206, -0.36139400186006676, -0.6059965137331094, -0.11277823487351568]], "inverted": true, "swapped": true, "error_lsq": 0.04450776588213396, "error_max": 0.2554939306517243, "target": "84.xyz", "model": "6.xyz", "model_rescale": 4.08911054899281, "target_rescale": 3.9302504941829404},
{"mapping": [12, 11, 5, 10, 8, 13, 2, 4, 6, 7, 1, 9, 3, 14], "R": [[0.7845753427294191, -0.2286702931265504, 0.5763258007606743], [0.4060394410823812, 0.891958183757322, -0.19885313855669168], [-0.468586709016082, 0.390026275358157, 0.7926575557349598]], "T": [0.011336441434980131, -0.020068154699712064, 0.0018692042556208012], "aligned_model": [[-0.32550954049521197, -0.3302091487433482, 0.36687508817909587, 0.15841596211456882, 0.4684650951347685, -0.6717509710008449, -0.3746676601252775, 0.7046212457222093, 0.20210432730492117, -0.06938481078946515, -0.49579745244129336, 0.00937238577014319, 0.5737483015640589, -0.03380542003854351], [-0.4544901498619488, 0.17990387266251104, -0.6581295867394287, -0.10583893762570681, 0.34427833860732066, -0.2828886181304005, -0.11822855549526728, -0.14574554016438285, -0.07817055663632494, -0.6848265903667373, 0.43355440314471555, 0.7602413776458966, 0.39193804399413934, 0.13567087622435164], [-0.4517983310474283, -0.4315922831449744, -0.21485898772252723, -0.6983349701784564, -0.3494625478910805, 0.016412701958398543, 0.7029433177311997, -0.018400591733432628, 0.45944399711836675, 0.390288135547979, 0.2757082948763037, -0.07343341272223229, 0.376562716462285, -0.030877231818771236]], "inverted": true, "swapped": false, "error_lsq": 0.04088899602510417, "error_max": 0.26986185640442045, "target": "84.xyz", "model": "7.xyz", "model_rescale": 3.964800864290218, "target_rescale": 3.9302504941829404},
{"mapping": [11, 9, 4, 12, 7, 10, 3, 2, 0, 6, 5, 8, 1, 13], "R": [[0.6666261946488343, 0.07406688111343272, -0.7417031843872204], [0.322966042056665, -0.925498120861196, 0.197853895490201], [-0.6717904824320355, -0.3714395312894463, -0.640882377905033]], "T": [0.05016927175087352, -0.05167490769889593, 0.04610098105056687], "aligned_model": [[-0.3354487903456592, -0.3461174649684967, 0.31198789106285796, 0.19887864531971863, 0.5210790234992048, -0.7619541588543723, -0.213633352781848, 0.6899207755111079, 0.38512187242413143, -0.07700599204969791, -0.4908320039107368, -0.17570101059305795, 0.47194329484067277, 0.004238673001956378], [-0.5907638175696572, 0.11574396263038192, -0.645607888789453, -0.024018229000522875, 0.3717255759022857, 0.06612212048089322, -0.21651710634520388, -0.22008754772292466, -0.18363756050636015, -0.598155943045925, 0.5024283490603311, 0.6244493058887415, 0.5092608374907587, 0.006326318785392818], [-0.45170940647961394, -0.4912857241688637, -0.22553852190931606, -0.6940311474404925, -0.27921302288459016, 0.004707664908851383, 0.7012329681627105, 0.07714810443982051, 0.6654167212743891, 0.19337879153752618, 0.361311900197904, -0.2418160986124014, 0.31176553342360563, 0.021233044986100236]], "inverted": false, "swapped": false, "error_lsq": 0.03780354306470144, "error_max": 0.22479206254298853, "target": "84.xyz", "model": "8.xyz", "model_rescale": 4.121658175737393, "target_rescale": 3.9302504941829404},
{"mapping": [6, 11, 1, 0, 10, 8, 4, 7, 3, 12, 9, 2, 13], "R": [[-0.3569534378032537, 0.16115321545597278, 0.9201162341729655], [0.3579916379698826, 0.9334006982955161, -0.02459925944177016], [-0.8628013852469637, 0.3206131275691059, -0.39087209166973924]], "T": [-0.07311235727025842, -0.0005217213697650564, -0.10827732468512957], "aligned_model": [[-0.7830229790962504, -0.08768644934564657, 0.20246299044890373, 0.24562018134639532, -0.6639426642380803, -0.44578184211662286, 0.3408909504951755, 0.18085634531955894, 0.6287323020086082, -0.2349299314490942, -0.26783430833255045, 0.4246000956955135, -0.06322719430071327], [0.32335803709254024, -0.617135104651153, 0.028100649902485883, 0.5929988687106234, -0.3727811595550891, 0.0902169783040673, -0.557292803816372, -0.08190987078248674, -0.05132143468362953, -0.6912534846674033, 0.7280238725015191, 0.4965606414110318, -0.09717775035442403], [-0.17090095758137355, -0.5497745650181154, -0.612797140564723, -0.34548468829928397, -0.3632990231394516, 0.3644388401549983, 0.023692108166013914, 0.630965219069141, -0.08182713641220898, 0.22712487740833598, 0.11255249092654196, 0.24679054468958328, -0.06040513544036914]], "inverted": true, "swapped": true, "error_lsq": 0.050180754747390546, "error_max": 0.349520513564184, "target": "84.xyz", "model": "9.xyz", "model_rescale": 3.833441315466971, "target_rescale": 3.9302504941829404},
{"mapping": [5, 2, 0, 13, 8, 4, 6, 10, 12, 1, 7, 9, 11, 14], "R": [[-0.8330200275333263, 0.2626735462912121, -0.48690886396447397], [-0.07326891944019989, -0.9247268219610786, -0.37351301207565585], [-0.548369673826372, -0.2754685332747862, 0.7895617695931054]], "T": [-0.013507933843203302, -0.01838989051690354, 0.06934442863731678], "aligned_model": [[-0.35229208193459405, -0.2493015345307787, 0.31114579065959674, 0.11416709671122048, 0.46677541706596665, -0.7969371265663967, -0.39737106644794074, 0.802355435426391, 0.22580305618724622, -0.03945403030785792, -0.13387663182867787, -0.09566968597227131, 0.381748297148459, -0.054615533454581325], [-0.42202505587217803, 0.17574892110394894, -0.5684469141079606, -0.28795785078337954, 0.5120107841574519, -0.1436793834941869, -0.27280003217332716, -0.008281940814869215, -0.2440860479869087, -0.7352326819110008, 0.5816122541117928, 0.6744302682697068, 0.39758085169850066, 0.05839520506114747], [-0.3546121207372876, -0.5813181218639902, -0.1670031790685233, -0.6700598875425072, -0.2397872415635663, 0.14968011827037614, 0.5684978552449597, -0.030750204369436082, 0.5741330496111788, 0.24561735741082602, 0.33282645794493887, -0.3443702080371574, 0.43823185662396136, 0.03151507551185711]], "inverted": true, "swapped": false, "error_lsq": 0.04716393560948557, "error_max": 0.27978241639581014, "target": "84.xyz", "model": "10.xyz", "model_rescale": 4.2482417240324, "target_rescale": 3.9302504941829404},
{"mapping": [10, 5, 9, 0, 12, 7, 8, 3, 1, 4, 11, 13], "R": [[0.11708660544954587, -0.7976324343737488, -0.591669862726935], [0.9768556219570078, 0.19988440972499788, -0.07615324418484659], [0.1790078788078616, -0.5690595068917634, 0.8025755147902367]], "T": [0.004310446641565963, 0.019665758566440962, 0.010273715116492214], "aligned_model": [[-0.7061111397876938, 0.009467758418936777, 0.3941144875248732, 0.6107210604083416, -0.5445097121441025, 0.22259896355892325, -0.1403001070911285, 0.4743141913659227, 0.1576581413447897, -0.06630497669141125, -0.48576294526364217, -0.04912011928080207], [-0.19939383807495428, -0.7499367357649378, -0.28227476836471044, -0.35419608516017864, 0.5800434409995798, 0.7153148331683036, 0.1808345160151608, 0.33811229790451547, -0.26708940030968237, 0.5781685093786793, 0.015190804224623747, 0.11135781603424019], [0.00750418683280462, -0.025613521246707092, 0.6221118113032501, -0.04089213962572747, -0.013458534078881847, 0.30357587952013215, 0.5792104852648724, -0.40632492940770487, -0.4646549325876643, -0.41621995144751067, -0.5686497056857301, -0.011396358986776368]], "inverted": false, "swapped": true, "error_lsq": 0.03975947812637456, "error_max": 0.188053513816008, "target": "84.xyz", "model": "11.xyz", "model_rescale": 3.6694154284099745, "target_rescale": 3.9302504941829404},
{"mapping": [10, 2, 9, 8, 3, 12, 5, 11, 6, 7, 0, 1, 4, 13], "R": [[-0.9391819726198332, 0.12065198682891982, -0.32152810200689075], [-0.33339781727299905, -0.09579455743071508, 0.9379068707522372], [0.08235968518346443, 0.9880619924078085, 0.13019363047243526]], "T": [-0.012511867109473416, -0.06362223355713396, 0.04836764258127721], "aligned_model": [[-0.3294948388428312, -0.19880947857014722, 0.3300211600675886, 0.395639941457075, 0.3466357276842903, -0.6879172123696745, -0.4200250014654731, 0.7046969542560113, 0.22372349334223204, -0.15702885282760665, -0.17807330158009124, -0.2615335057365093, 0.44627481185795126, -0.031632495117033865], [-0.4719404935925881, 0.15230177340816614, -0.710567672997419, -0.10296323914922724, 0.5399848826774349, -0.015366518574268226, -0.2674129952754415, -0.2352114985049918, -0.11165168486066428, -0.7642022045509944, 0.44956122572999463, 0.698743489209385, 0.5085130050598405, 0.047480308679511085], [-0.3208569252106712, -0.5389853999514179, -0.28150959302376355, -0.587605814218571, -0.44954836940082743, -0.008794458779064651, 0.7094070992268718, 0.0829693711112302, 0.559973799437706, 0.24953390106100057, 0.517377251177504, -0.22229861380793606, 0.14763849270875065, 0.09530006710481845]], "inverted": true, "swapped": false, "error_lsq": 0.03397114936500533, "error_max": 0.2028259449157103, "target": "84.xyz", "model": "12.xyz", "model_rescale": 3.9764082729961374, "target_rescale": 3.9302504941829404},
{"mapping": [11, 3, 10, 8, 2, 14, 6, 1, 9, 13, 4, 7, 0, 15], "R": [[-0.21989965065429026, -0.8445842842296514, -0.48818186209076697], [-0.2787355233852733, 0.5339666460871313, -0.7982393932083269], [0.9348532781379435, -0.0394589368679365, -0.3528347214433314]], "T": [0.04990669873599744, -0.06705628241733935, 0.1444622768380355], "aligned_model": [[-0.2619642741779475, -0.4466120175234396, 0.37214781836919314, 0.14813066065143, 0.5771181571890671, -0.687848223800828, -0.5662302537716389, 0.6316972455807454, 0.5192951313146541, -0.2113737174717939, -0.24927765514870975, 0.001474882990609952, 0.3896252587363721, -0.03370561078193278], [-0.5251616165322346, 0.1583955161655599, -0.6358742930804011, -0.07843762788167746, 0.3405759046868205, -0.3252208432566827, -0.15012339495631433, -0.2200544420642402, 0.04939477784858326, -0.6000813244052032, 0.5154551454929008, 0.6366521827356315, 0.5538050013638647, -0.0020566088578692354], [-0.42423860926871226, -0.4966961265487001, -0.3232487776829439, -0.5554486853061547, -0.293879589766771, -0.022501112485435376, 0.5884599302870954, -0.059090912789998035, 0.5016915819655913, 0.2931142021771248, 0.43947563335565365, -0.12661419617031142, 0.30642060417901573, 0.12515686549017602]], "inverted": false, "swapped": false, "error_lsq": 0.045077916195179694, "error_max": 0.35830991488219155, "target": "84.xyz", "model": "13.xyz", "model_rescale": 4.170626492500431, "target_rescale": 3.9302504941829404},
{"mapping": [7, 10, 1, 9, 11, 8, 4, 3, 2, 0, 4, 12, 6, 13], "R": [[-0.9488184487098101, -0.31305091270728025, -0.041745388260841634], [-0.30177038966026193, 0.859659937344522, 0.4122128382875845], [-0.09315676739884894, 0.40371266784428683, -0.9101307040803784]], "T": [0.05020979725674725, -0.02702460583629657, 0.017064373289422875], "aligned_model": [[-0.44431750061479625, -0.21696222096354978, 0.29046648600441954, 0.33394649212191957, 0.4576658742562136, -0.6919358806243305, -0.37378586371144235, 0.7317106249947789, 0.23210442874672488, -0.06280012501450791, -0.37378586371144235, -0.3847388314522964, 0.5843570486060436, 0.10055273351804699], [-0.5649369786485969, 0.06716567683240483, -0.6759968438391167, -0.12231095594947389, 0.4183616870492824, -0.022985675468990968, 0.20482468240945956, -0.13093342271891026, -0.2109323142513843, -0.5820805952882184, 0.20482468240945956, 0.545965880197662, 0.5262705993194271, 0.06003195520573394], [-0.3343937802994763, -0.4708655482215587, -0.31748940072749243, -0.7357439940478269, -0.35072666324761914, -0.01049960045978815, 0.5362336304812416, 0.03233473662225661, 0.6220639311875924, 0.20414727622198744, 0.5362336304812416, -0.11787159109688564, 0.35771140007486885, 0.0014667804670886603]], "inverted": false, "swapped": false, "error_lsq": 0.05021460600431728, "error_max": 0.3891282047834316, "target": "84.xyz", "model": "14.xyz", "model_rescale": 3.9786697098870705, "target_rescale": 3.9302504941829404},
{"mapping": [2, 8, 0, 3, 9, 5, 12, 10, 1, 4, 6, 13], "R": [[-0.4838648247847579, -0.011306855239550051, -0.8750697037154284], [-0.8563524293862057, -0.19997537383897485, 0.4760991142002953], [-0.18037557489959444, 0.9797356811316786, 0.08707839627075514]], "T": [0.028375224521539733, -0.044275582477329135, 0.030302855177948982], "aligned_model": [[0.15631613556954294, -0.5505995442124195, 0.506138808366615, 0.4452991050160555, -0.14385067510347982, 0.3730996936524998, -0.43985896987736495, -0.21399977816213236, 0.5891722377390117, 0.10087584160928828, -0.3220148487536607, -0.017223409076619088], [-0.3209172927043676, 0.035708212282630596, 0.14454257022740763, -0.5822261183632295, 0.35423208080742485, 0.6447450903298069, -0.4418101797056677, 0.3127607978781265, 0.02063547714944699, -0.6844673031429921, 0.6549782129157397, -0.12350705744988685], [-0.6963210093696655, -0.13989537865708956, -0.465896820895955, -0.15038983394969552, -0.624671197620733, 0.03455064359268181, 0.5186806971329715, 0.6356729806458608, 0.1425281701806446, 0.3196243538771865, -0.0023136206997311677, 0.08839750963735413]], "inverted": false, "swapped": true, "error_lsq": 0.049605308895643165, "error_max": 0.24362075309515346, "target": "84.xyz", "model": "15.xyz", "model_rescale": 3.769337070930944, "target_rescale": 3.9302504941829404},
{"mapping": [8, 12, 9, 2, 6, 10, 5, 11, 0, 3, 13], "R": [[0.9413702777082394, -0.31271334064634937, -0.12661898289479648], [0.3254451807414587, 0.9406237523153079, 0.09650073011345454], [0.0889237571162611, -0.13205045687944725, 0.9872462926029439]], "T": [-0.057414550964750816, -0.009891908200960371, 0.04031127835610421], "aligned_model": [[-0.2735600033630611, -0.2987935996470206, -0.11491852424702931, -0.5901694748271313, 0.36928083418273605, 0.44185366491913325, 0.6161599427685145, 0.30118044526142285, 0.015619048460485035, -0.43566546615063906, -0.10836073666623926], [0.025835901109250943, -0.720954868022546, 0.6849803807839585, 0.5390749802266058, 0.22431734645269466, -0.44828101540324133, 0.3634446713700523, -0.6159735225361506, 0.6225535595581219, 0.02643557753997859, -0.10536851345338316], [-0.5276511289427719, -0.18753857426079396, -0.3220516931178904, 0.2292273962438825, -0.5727710828715766, -0.29321510279954216, 0.0631080023713937, 0.32212502406341414, 0.3640446239372424, 0.6331626155659413, 0.03577752703447788]], "inverted": true, "swapped": true, "error_lsq": 0.044827848103910044, "error_max": 0.27457765125436606, "target": "84.xyz", "model": "16.xyz", "model_rescale": 3.7852294659196426, "target_rescale": 3.9302504941829404},
{"mapping": [12, 3, 1, 4, 7, 2, 9, 0, 11, 10, 8, 5, 13], "R": [[0.7370270966287863, -0.6708137988518388, -0.08246154318775861], [0.3147393908704693, 0.44863040441816426, -0.8364627164829765], [0.598105487911144, 0.5905417914945219, 0.5417842908658511]], "T": [0.03336860543429687, 0.12203146127750318, 0.0015106713039865468], "aligned_model": [[0.07994439028364414, -0.2837546517556265, 0.3129322296034419, -0.05918400166850163, -0.6561035466425399, -0.6589298445930811, -0.32284832697859916, -0.12873346037364677, 0.623500185874936, 0.6404152498462772, -0.2197497393388132, 0.5017019895079313, 0.024575376450860494], [-0.061409816822100546, -0.46901845816129817, -0.18581512870094746, -0.49423050253486445, 0.01874724432283137, 0.06416817870207704, 0.7258508946287545, 0.14432242417752483, -0.2944991778280325, 0.34412618825380176, 0.5680457766935063, 0.44455729838576064, 0.07021070258586087], [-0.7600468951776189, 0.21589113116764186, 0.3994753859496637, -0.3308504503290027, -0.3612071160939609, 0.37333919321500136, 0.3564370256474934, 0.6967447963359457, -0.22998711761882648, -0.3657248272385009, -0.3264816503113624, 0.5213600885772892, -0.09319486698058946]], "inverted": true, "swapped": true, "error_lsq": 0.048078852922996594, "error_max": 0.3046806834737655, "target": "84.xyz", "model": "17.xyz", "model_rescale": 3.901054581598922, "target_rescale": 3.9302504941829404},
{"mapping": [1, 7, 4, 6, 11, 0, 2, 10, 5, 8, 13, 12, 9, 14], "R": [[-0.1014629902192543, -0.24111233764105228, 0.9651787928943708], [0.5805339614569001, 0.7735188984333301, 0.25426134854052446], [-0.8078895847892372, 0.5861171848732596, 0.06149036010074438]], "T": [-0.008042981854434372, -0.04042082569995613, 0.014707648573061519], "aligned_model": [[-0.30026665383856393, -0.3390132453086343, 0.3655324284555567, 0.16600873847124892, 0.43679451956434606, -0.743916287106653, -0.5140888613794938, 0.8040133569807919, 0.18313323824824096, -0.03968874493728987, -0.12907408057954664, -0.14246558501121992, 0.4286824461147288, 0.006826132482269395], [-0.4736426954467851, 0.1652639949802247, -0.7178867722228569, -0.048417839124279105, 0.4549453733879741, -0.18436912222374152, -0.13198683337641026, -0.1510386005186075, -0.05631429344601638, -0.6145457467269092, 0.43374811284259585, 0.669538531806165, 0.3597685676018166, 0.012205699725568023], [-0.44638853070086126, -0.521789754074951, -0.14977722618252204, -0.7156126864157035, -0.4251365454995094, -0.10050469904888643, 0.66221929792156, -0.013255873747257091, 0.6090855565961294, 0.3460645149189565, 0.5513802574915718, -0.15810258991777626, 0.3033405839567494, 0.011078502138129553]], "inverted": false, "swapped": false, "error_lsq": 0.03768696156842683, "error_max": 0.22414604649764772, "target": "84.xyz", "model": "18.xyz", "model_rescale": 3.9405287249114394, "target_rescale": 3.9302504941829404},
{"mapping": [9, 5, 7, 8, 6, 11, 14, 0, 12, 13, 10, 2, 1, 15], "R": [[-0.8005963678603462, -0.46877459962114465, -0.3732235664033784], [0.5934931582777119, -0.706150026295402, -0.3861580135651079], [-0.08253076303032936, -0.530662336248804, 0.8435556638661097]], "T": [0.10614895777300305, -0.09990295917487249, 0.12316197495529566], "aligned_model": [[-0.31757769832517146, -0.20509511029834893, 0.19135067226708374, 0.3748603829361576, 0.35935865942028167, -0.609149744157656, -0.37457694361144656, 0.7460802656742493, 0.3318355793429591, -0.27206205260817007, -0.45786894935496836, -0.1606751778182789, 0.4904003423136051, 0.08559717637548482], [-0.47069776777592576, 0.19263175213634107, -0.6754977963194263, -0.07796592331972538, 0.41033605398031503, -0.14218873448062772, -0.13711438949321322, -0.0025242194495905257, -0.1980792156484137, -0.617065976612284, 0.40035868765469806, 0.6788250445347345, 0.4225449497678663, -0.0662940877160104], [-0.39835195370136334, -0.5901494686142914, -0.2731419491246285, -0.5836513610681789, -0.3603920055249984, 0.04718249007337752, 0.7291792018292166, -0.10852652319095937, 0.6126168081305067, 0.3252230805482591, 0.3457066268723328, -0.15560828873411284, 0.2453032042737723, 0.1172109456666978]], "inverted": false, "swapped": false, "error_lsq": 0.04152509164119876, "error_max": 0.25707768167322803, "target": "84.xyz", "model": "19.xyz", "model_rescale": 4.410303926677745, "target_rescale": 3.9302504941829404},
{"mapping": [11, 9, 4, 12, 7, 10, 3, 2, 0, 6, 5, 8, 1, 13], "R": [[0.6666261946488343, 0.07406688111343272, -0.7417031843872204], [0.322966042056665, -0.925498120861196, 0.197853895490201], [-0.6717904824320355, -0.3714395312894463, -0.640882377905033]], "T": [0.05016927175087352, -0.05167490769889593, 0.04610098105056687], "aligned_model": [[-0.3354487903456592, -0.3461174649684967, 0.31198789106285796, 0.19887864531971863, 0.5210790234992048, -0.7619541588543723, -0.213633352781848, 0.6899207755111079, 0.38512187242413143, -0.07700599204969791, -0.4908320039107368, -0.17570101059305795, 0.47194329484067277, 0.004238673001956378], [-0.5907638175696572, 0.11574396263038192, -0.645607888789453, -0.024018229000522875, 0.3717255759022857, 0.06612212048089322, -0.21651710634520388, -0.22008754772292466, -0.18363756050636015, -0.598155943045925, 0.5024283490603311, 0.6244493058887415, 0.5092608374907587, 0.006326318785392818], [-0.45170940647961394, -0.4912857241688637, -0.22553852190931606, -0.6940311474404925, -0.27921302288459016, 0.004707664908851383, 0.7012329681627105, 0.07714810443982051, 0.6654167212743891, 0.19337879153752618, 0.361311900197904, -0.2418160986124014, 0.31176553342360563, 0.021233044986100236]], "inverted": false, "swapped": false, "error_lsq": 0.03780354306470144, "error_max": 0.22479206254298853, "target": "84.xyz", "model": "20.xyz", "model_rescale": 4.121658175737393, "target_rescale": 3.9302504941829404},
{"mapping": [6, 5, 0, 9, 2, 10, 1, 8, 11, 4, 3, 7, 13], "R": [[-0.43163181575849485, 0.8660181546817916, -0.25240152809872063], [0.05611687360984541, 0.3050462659841872, 0.9506827399849864], [0.900302655844845, 0.39618093261873294, -0.18026590500721312]], "T": [0.027286031828845356, -0.07915137751380524, -0.013536705465873475], "aligned_model": [[0.15058333406783836, -0.1738725150980111, 0.26099294202677903, 0.6615341832062301, 0.6517812085606021, -0.4456320661544307, -0.31465041760605905, 0.4182310522538246, -0.711152717575876, -0.21597291241298044, 0.05665061083641011, 0.542650017639842, -5.981507987458043e-05], [-0.6094872379620644, -0.02012033456115575, 0.45240790871824993, -0.1212706450698871, 0.39620319665575815, -0.6357787039744172, 0.34054925179952705, -0.5427724452707896, -0.12360481740165827, 0.0958362586392057, 0.5324033395277226, -0.1106951403397598, -0.11284372659754825], [0.5488995653269003, 0.7278492033871578, 0.402336184635621, 0.4484333994248671, -0.08371901194043074, 0.12505658322251434, 0.18199360759275818, -0.06639619460545668, -0.1810968047822445, -0.653078042313206, -0.36139400186006676, -0.6059965137331094, -0.11277823487351568]], "inverted": true, "swapped": true, "error_lsq": 0.04450776588213396, "error_max": 0.2554939306517243, "target": "84.xyz", "model": "21.xyz", "model_rescale": 4.08911054899281, "target_rescale": 3.9302504941829404},
{"mapping": [12, 14, 7, 13, 2, 9, 5, 0, 8, 10, 11, 15, 1, 16], "R": [[-0.31023430110500894, -0.7989509433618505, -0.5152009981736213], [-0.517306198800477, -0.3128043032589851, 0.7965850642243187], [-0.7975894778020131, 0.5136446806537277, -0.3162596511343836]], "T": [0.06570027921689915, -0.00802455589695791, -0.03287473084073436], "aligned_model": [[-0.3156267560883331, -0.3618734869415459, 0.2778761372016548, 0.22652694895885983, 0.3469977572951226, -0.6266546692976462, -0.3783887817003947, 0.8207562988217604, 0.21858777726293238, -0.2577857294460043, -0.1734178785042237, -0.2107286528997206, 0.5133601971780053, 0.10284824031531443], [-0.45803198542251455, 0.13698261640811732, -0.6782577494713521, -0.33319024366705713, 0.5868441848924623, -0.17214252446676723, -0.19924035408683263, -0.1811078851121218, 0.07368073594469313, -0.7100124021885971, 0.46774096998721365, 0.6636811235327292, 0.5455508609172179, -0.025228970008453238], [-0.47678070236083925, -0.4889187861909089, -0.14041569758799272, -0.5852622975228118, -0.32995508938315554, 0.0025869276435883937, 0.4808863794472795, -0.02941545555060729, 0.6384759050317342, 0.1988692552152292, 0.5170004379809368, -0.09536907942475112, 0.31805722412504867, -0.0571582139871199]], "inverted": false, "swapped": false, "error_lsq": 0.04382707029357626, "error_max": 0.27348127013985785, "target": "84.xyz", "model": "22.xyz", "model_rescale": 4.204369325754507, "target_rescale": 3.9302504941829404},
{"mapping": [9, 5, 7, 8, 6, 11, 14, 0, 12, 13, 10, 2, 1, 15], "R": [[-0.8005963678603462, -0.46877459962114465, -0.3732235664033784], [0.5934931582777119, -0.706150026295402, -0.3861580135651079], [-0.08253076303032936, -0.530662336248804, 0.8435556638661097]], "T": [0.10614895777300305, -0.09990295917487249, 0.12316197495529566], "aligned_model": [[-0.31757769832517146, -0.20509511029834893, 0.19135067226708374, 0.3748603829361576, 0.35935865942028167, -0.609149744157656, -0.37457694361144656, 0.7460802656742493, 0.3318355793429591, -0.27206205260817007, -0.45786894935496836, -0.1606751778182789, 0.4904003423136051, 0.08559717637548482], [-0.47069776777592576, 0.19263175213634107, -0.6754977963194263, -0.07796592331972538, 0.41033605398031503, -0.14218873448062772, -0.13711438949321322, -0.0025242194495905257, -0.1980792156484137, -0.617065976612284, 0.40035868765469806, 0.6788250445347345, 0.4225449497678663, -0.0662940877160104], [-0.39835195370136334, -0.5901494686142914, -0.2731419491246285, -0.5836513610681789, -0.3603920055249984, 0.04718249007337752, 0.7291792018292166, -0.10852652319095937, 0.6126168081305067, 0.3252230805482591, 0.3457066268723328, -0.15560828873411284, 0.2453032042737723, 0.1172109456666978]], "inverted": false, "swapped": false, "error_lsq": 0.04152509164119876, "error_max": 0.25707768167322803, "target": "84.xyz", "model": "23.xyz", "model_rescale": 4.410303926677745, "target_rescale": 3.9302504941829404},
{"mapping": [11, 7, 9, 14, 6, 1, 3, 15, 4, 10, 0, 12, 5, 16], "R": [[-0.4835415156501287, -0.04195887880959848, 0.8743151920971168], [-0.7475527603914665, 0.5394173846788329, -0.3875483912201768], [-0.4553597183259359, -0.840992471782768, -0.29219717543267765]], "T": [0.03920530743137629, -0.0458701207862186, -0.05680530383962879], "aligned_model": [[-0.21206983850663047, -0.5086640701629842, 0.34684383171725863, 0.3630487606430688, 0.5264681079777527, -0.7836724265162087, -0.4324562218475113, 0.7419062331752749, 0.20706403839088192, -0.08157328485146836, -0.38042922737955953, 0.02188824198291356, 0.41637801268368113, -0.04225475515068777], [-0.4688468090328685, 0.19111170243283856, -0.57991114213934, -0.18045268260385258, 0.4355524531209782, -0.25545704102887934, -0.0948682385475528, -0.1348131387647367, -0.11559790779774712, -0.6246347202309248, 0.49093763700699716, 0.7577534640512247, 0.34558978347296465, -0.04909498268036336], [-0.4551431112901552, -0.3493965840248687, -0.16896014999307754, -0.6357378922134089, -0.38651026027199625, 0.06681066360317992, 0.7076458528003549, -0.1440677777117936, 0.6071569354106842, 0.2156428863753151, 0.2689708454610794, -0.06487301237230447, 0.25958358218195976, 0.03147882948066135]], "inverted": false, "swapped": false, "error_lsq": 0.04398388089842152, "error_max": 0.22650939711207088, "target": "84.xyz", "model": "24.xyz", "model_rescale": 4.28219845311461, "target_rescale": 3.9302504941829404},
{"mapping": [14, 13, 10, 11, 9, 2, 0, 5, 1, 6, 4, 7, 3, 15], "R": [[0.5309409937998913, 0.808366167775901, -0.25425538322341923], [-0.778662756075068, 0.5837707457468692, 0.2299913666025823], [0.3343440943165632, 0.07586735269830006, 0.9393924480163702]], "T": [0.02101297643458037, 0.010310229925255897, -0.06986919169679597], "aligned_model": [[-0.30957007559702476, -0.3896872498682427, 0.2134686731384328, 0.29306164094681836, 0.4395226257492078, -0.6355157499082843, -0.36505067465013996, 0.8558028326886076, 0.3573293891828696, -0.2264719903958271, -0.31085659713920627, -0.09608613522249128, 0.3739139173307376, -0.017383204099675798], [-0.5340364066557232, 0.27472900842934067, -0.7360110662577465, -0.21647215973886133, 0.42745166563320985, -0.17379808798095528, -0.18859390940703863, -0.1361100490315588, 0.012903614067982135, -0.773788341838955, 0.44115014603551983, 0.7715679350912655, 0.5512079070362538, -0.0029318781239957153], [-0.4876564699222986, -0.40798823970536663, -0.25873461070683074, -0.4834345953803424, -0.3980709283237127, -0.00778712381660418, 0.6207437047245065, 0.013603430879295844, 0.47488941881017144, 0.29909931090376257, 0.4188926376718297, -0.1808669850295025, 0.3578409597730493, -0.007929702442327775]], "inverted": true, "swapped": false, "error_lsq": 0.03682656187172811, "error_max": 0.22804793155421701, "target": "84.xyz", "model": "25.xyz", "model_rescale": 4.100010024507729, "target_rescale": 3.9302504941829404},
{"mapping": [10, 5, 9, 0, 12, 7, 8, 3, 1, 4, 11, 13], "R": [[0.11708660544954587, -0.7976324343737488, -0.591669862726935], [0.9768556219570078, 0.19988440972499788, -0.07615324418484659], [0.1790078788078616, -0.5690595068917634, 0.8025755147902367]], "T": [0.004310446641565963, 0.019665758566440962, 0.010273715116492214], "aligned_model": [[-0.7061111397876938, 0.009467758418936777, 0.3941144875248732, 0.6107210604083416, -0.5445097121441025, 0.22259896355892325, -0.1403001070911285, 0.4743141913659227, 0.1576581413447897, -0.06630497669141125, -0.48576294526364217, -0.04912011928080207], [-0.19939383807495428, -0.7499367357649378, -0.28227476836471044, -0.35419608516017864, 0.5800434409995798, 0.7153148331683036, 0.1808345160151608, 0.33811229790451547, -0.26708940030968237, 0.5781685093786793, 0.015190804224623747, 0.11135781603424019], [0.00750418683280462, -0.025613521246707092, 0.6221118113032501, -0.04089213962572747, -0.013458534078881847, 0.30357587952013215, 0.5792104852648724, -0.40632492940770487, -0.4646549325876643, -0.41621995144751067, -0.5686497056857301, -0.011396358986776368]], "inverted": false, "swapped": true, "error_lsq": 0.03975947812637456, "error_max": 0.188053513816008, "target": "84.xyz", "model": "26.xyz", "model_rescale": 3.6694154284099745, "target_rescale": 3.9302504941829404},
{"mapping": [0, 2, 1, 6, 12, 4, 8, 3, 7, 5, 10, 11, 9, 13], "R": [[-0.9592154174877721, 0.1322505285649732, 0.2498311040444019], [-0.24740879846369224, 0.03471018812485516, -0.968289259097244], [-0.13672845094021824, -0.9906083991843714, -0.0005746032248137856]], "T": [-0.011492406182386634, -0.02508368554033217, 0.06362615838295194], "aligned_model": [[-0.3898558724922915, -0.29665417710791203, 0.2692885929744307, 0.34022698563115766, 0.4367096728299607, -0.8296788891840648, -0.2628954118184876, 0.7954005732887454, 0.41373174208498514, -0.11345297982581483, -0.39158905197236366, -0.05721923094949398, 0.30532591227262657, -0.03686046357569607], [-0.4465649926122234, 0.1692001312123209, -0.759236772295903, -0.13926561584977856, 0.4699883805505098, -0.06344408834183327, -0.03224918695587103, 0.0016207232817735048, -0.3158009955800448, -0.7895016370491357, 0.40785345599736, 0.7701443687232338, 0.45487058768912003, -0.010345981510790544], [-0.277149337044852, -0.5220923825169608, -0.3386522643736206, -0.5146872410965265, -0.36503613189111, 0.13166973720694924, 0.6510803070419326, 0.09590331072332708, 0.4252839995699026, 0.24039645157311954, 0.23678126581272949, -0.2552733061103164, 0.42986867935843764, 0.014507719182617597]], "inverted": true, "swapped": false, "error_lsq": 0.04664982486498618, "error_max": 0.264054190785235, "target": "84.xyz", "model": "27.xyz", "model_rescale": 4.103607728864725, "target_rescale": 3.9302504941829404},
