[{"mapping": [5, 14, 2, 10, 6, 11, 12, 13, 3, 1, 7, 15], "R": [[-0.7192942547215584, 0.6114771722249375, 0.3297141837597407], [0.37035121375676894, 0.7390629305286427, -0.5626952667184102], [-0.5877548414036637, -0.28263342436132505, -0.7580650327249934]], "T": [-0.05409966287138059, -0.11292397446973008, 0.005295477004318205], "aligned_model": [[-0.2511646232677777, 0.22846967135195265, 0.3665127371895705, -0.26507639173402187, -0.02677256065590651, -0.6295978481219682, 0.48508684572778527, -0.1988439489220891, 0.6414797274381429, 0.1924408724790956, -0.6788277515550132, -0.026064267469221164], [-0.2374369772229451, -0.7304189163170391, -0.22274856133634813, 0.6204348661655015, 0.43363165006611387, -0.4570752365691126, -0.20638159000900777, -0.6227779625288841, -0.007871612892764265, 0.4182211038034635, 0.15951069683206903, -0.09353242401398963], [-0.6231942047422219, 0.20505735433514902, -0.6135590282292169, -0.1086507193768892, -0.6198817883449388, 0.05806281695596778, 0.5313559357797611, 0.6008561892155156, -0.10556794130966343, 0.5848087767095507, 0.240370497210888, 0.03229385714966067]], "inverted": true, "swapped": true, "error_lsq": 0.0438594514091816, "error_max": 0.24196423541119785, "target": "840.xyz", "model": "0.xyz", "model_rescale": 3.751011558992144, "target_rescale": 4.174656857387172},
{"mapping": [8, 7, 6, 5, 1, 4, 13, 11, 10, 3, 12, 14, 9, 2, 15], "R": [[-0.173037806489431, -0.9273623109911269, 0.3317484915994692], [0.15624501510716393, 0.3067178325148828, 0.938888527180695], [-0.9724430126128157, 0.21429725936317795, 0.09182195734105503]], "T": [0.09170254475972206, 0.006085768631862332, 0.0025144056058588795], "aligned_model": [[-0.03829913027365553, 0.07123795201942967, -0.4992744554752687, 0.20333626833800517, -0.42258156556307114, -0.5618622556415512, 0.6841202363233265, 0.6115660093491921, -0.5373201025701956, -0.2508696196779764, 0.05861476940346706, 0.5980439164317443, 0.5702844728825638, -0.015150373474087958, 0.06724008901711248], [0.014118575131599406, -0.5099521513830751, 0.4399425230532089, 0.5201400489750212, -0.544452179654467, -0.004103525607367875, -0.4555247450773291, -0.1784122630507601, -0.15240406577386645, 0.34678574401305123, -0.2320231926406745, 0.0874781985748958, 0.4834344270858761, 0.7456206063289066, -0.011890650147913386], [-0.725435901900808, -0.5005285007086765, -0.38842156891306906, -0.4129654075661502, 0.3359102898728295, 0.14568584627919068, 0.27000566110638624, -0.382355831080692, -0.4152434027775189, 0.5257019659933884, 0.7225181173520993, 0.49041186119097546, 0.03148164139376457, 0.11925260548330208, 0.033649029126954604]], "inverted": true, "swapped": true, "error_lsq": 0.04503498650170154, "error_max": 0.30723321450470814, "target": "840.xyz", "model": "1.xyz", "model_rescale": 3.9405287249114394, "target_rescale": 4.174656857387172},
{"mapping": [12, 13, 0, 5, 11, 1, 3, 9, 8, 10, 6, 4, 15], "R": [[-0.19054106357902018, 0.59395127309596, -0.7816111490235182], [0.9734721712783168, 0.21705941952392882, -0.0723680878745232], [0.12667294437588253, -0.7746657947680559, -0.6195537681101787]], "T": [0.05710474874142828, 0.0005689117913032782, 0.0015376811117409385], "aligned_model": [[-0.2804346763481474, 0.18468133222027627, -0.40314831197144657, 0.5428006627347136, 0.44651238839197, -0.7429521159185413, -0.13700852715328388, 0.6996026289847688, 0.13603933534499787, -0.423286156431465, -0.055763499683189596, -0.49120432921272056, 0.02014454832599906], [0.676313017060818, 0.5459657903121243, 0.21623657652743247, -0.4097063222692533, -0.11591735125467917, 0.18336874601105055, 0.28874171828465256, 0.14332543566109912, -0.71191763872793, -0.6020311009635257, -0.6520140588275034, -0.1254108059611415, 0.02187858771887294], [0.07659142151404938, -0.5657902837033836, -0.5238083982238568, 0.21393136740986443, -0.534387020035973, -0.0707549754978716, 0.6231757222061521, 0.15824936918331425, -0.1801457194996646, 0.03905977839086866, 0.5032474172069548, 0.3638015313828005, 0.009950139255389335]], "inverted": false, "swapped": true, "error_lsq": 0.03854628031187128, "error_max": 0.2625825057772068, "target": "840.xyz", "model": "2.xyz", "model_rescale": 3.932901565614263, "target_rescale": 4.174656857387172},
{"mapping": [12, 1, 0, 3, 13, 11, 7, 9, 2, 5, 10, 6, 8, 15], "R": [[0.5067096804825736, 0.4827635572849118, -0.7142721102373143], [-0.26579867432200577, 0.8756309341326639, 0.4032636010336451], [0.8201197256705345, -0.014484990423750704, 0.5720085843923249]], "T": [-0.04199504813109718, -0.08884870494131136, -0.002995510288535966], "aligned_model": [[-0.23838101952889124, 0.4476474263796502, 0.23209449129090975, -0.16645972809197773, -0.41654752911807746, -0.1866327464094209, 0.43143354361131453, -0.6364436203963358, -0.3404644077704651, -0.16714219567734434, 0.7041209403797394, 0.3999023590927247, 0.38597629509558584, -0.02929389680470801], [0.13572590511392563, 0.0639482297790781, -0.45542828357837806, 0.5868689493801256, -0.6137477510535282, -0.715225892158815, -0.6314983023161165, -0.08832584946958871, 0.4830188130829264, -0.04882462541444302, 0.011022042450881231, 0.3586880310911088, -0.35349735707560925, -0.06922727148107835], [-0.7009889328946222, -0.6476941516513268, -0.57293257829455, -0.1902695861695759, -0.47180889511307844, 0.19487869259584067, 0.0311055605524536, 0.3200712412610328, 0.39177114584970024, 0.6543275693698523, 0.16625835357577318, 0.5399169925396347, 0.538925362155998, -0.03966441072003491]], "inverted": true, "swapped": true, "error_lsq": 0.03928949029075527, "error_max": 0.3316063449631536, "target": "840.xyz", "model": "3.xyz", "model_rescale": 3.9243930471874484, "target_rescale": 4.174656857387172},
{"mapping": [4, 3, 6, 8, 5, 1, 0, 2, 9, 14, 11, 13, 15], "R": [[0.9117465567720948, 0.01643667906885868, 0.4104242339280382], [-0.3786117079088001, -0.3538450396446436, 0.8552466676656871], [0.15928399432652085, -0.9351596246096536, -0.3163938773922797]], "T": [0.003135051465132783, -0.09397977267774271, -0.051757642944960984], "aligned_model": [[-0.09924823420534862, -0.2450117363703837, 0.5865922391325142, 0.6276248964054143, 0.6241819243436367, -0.5531185558407293, -0.48535654818712565, 0.3024344009192585, 0.21535958185001847, -0.3846303733054012, 0.21104366612783323, -0.4908017336395612, -0.031863640918773264], [-0.49006745191969436, 0.08445249830386276, -0.36366163116956046, -0.4469202898867056, 0.15412148108388296, -0.6684509684660694, -0.5153290032408981, 0.34675819298002464, 0.5442040920701727, 0.4816674291418427, -0.00178438052035787, 0.11326291034454855, -0.11042332503946087], [-0.5812678360793034, -0.6949858145728748, -0.5782230641233191, 0.12802566153443082, -0.09740757287112625, -0.24999427893520565, 0.292007840422121, -0.5885323393097305, 0.021887505443406625, 0.08723341387157024, 0.5812484093253735, 0.5387264652813516, -0.0716480746157298]], "inverted": true, "swapped": true, "error_lsq": 0.040866531503824514, "error_max": 0.28613965583343076, "target": "840.xyz", "model": "4.xyz", "model_rescale": 3.8936222436046832, "target_rescale": 4.174656857387172},
{"mapping": [9, 5, 3, 14, 4, 10, 7, 0, 13, 11, 12, 15], "R": [[-0.5747315557451058, -0.8183413461893871, -0.0010392053464434725], [-0.6970769022953611, 0.4902304230190335, -0.5232188114287205], [0.4286810365727808, -0.2999859554437861, -0.8521977443172242]], "T": [-0.1609209780978665, -0.07738962053353662, -0.06173363241159362], "aligned_model": [[0.09766574437686978, -0.40013680863321094, -0.3706862095054546, 0.43277881550923725, -0.6633038280475813, -0.8066382823169964, -0.1949927955070332, 0.12023226699068332, 0.607706913661031, 0.20061013925794843, 0.16814013126226182, -0.16382804483265823], [-0.5137294253677612, -0.6705998731758008, 0.32772655539105633, -0.01246129751769992, 0.3641421232166021, 0.006174666886271302, -0.20456617371447836, 0.34561209362139544, 0.026117097380550527, -0.5411073986397043, 0.5756216317285501, -0.0340070946991741], [-0.509485780457608, -0.2622697865432344, -0.6085762204689631, -0.4416745586440814, -0.08198265220247118, 0.35224254785627557, 0.647090277753826, 0.4639624082618698, 0.12290678236964563, 0.26489110340709116, -0.2654273092168846, -0.06239209283994712]], "inverted": true, "swapped": true, "error_lsq": 0.04270961094972164, "error_max": 0.22607093376326956, "target": "840.xyz", "model": "5.xyz", "model_rescale": 3.6523030999806103, "target_rescale": 4.174656857387172},
{"mapping": [6, 8, 7, 4, 0, 2, 11, 3, 9, 14, 13, 12, 15], "R": [[0.3299442035911054, -0.5561692422274361, 0.7627664101917383], [-0.06541280548980472, 0.7926027512259535, 0.6062194682019068], [-0.9417313775140895, -0.24991329046133026, 0.22513409305613086]], "T": [0.062121810957990985, -0.03704310120082417, 0.06468393465961063], "aligned_model": [[0.0790250329152426, -0.11949010693611636, 0.19869709598867738, 0.5863371476897273, 0.5487881341027712, -0.26022476656827964, -0.34011205394769267, 0.2960794589827527, -0.5528120310018068, -0.16633298916044828, 0.015091081477136524, 0.4942507577581112, 0.10178614336421923], [-0.5808347522584272, 0.09904557578593474, 0.5115975297672262, -0.4118175158986545, 0.49676722645790744, -0.7197859114729207, 0.4938912704903035, -0.6405995020628328, -0.17817311095999977, 0.021224435045838555, 0.5654527746172099, -0.0715302263969815, -0.04441088895142064], [0.6926340566154447, 0.7685117509368692, 0.512016863933222, 0.24493722946516505, -0.04728190201929329, 0.020956728115393453, 0.15816791979543254, -0.2322013535002223, -0.17961136771182912, -0.6027466145421435, -0.45529817034057174, -0.5584302079962907, 0.04845480673061314]], "inverted": false, "swapped": true, "error_lsq": 0.03770936971225594, "error_max": 0.20289141953081863, "target": "840.xyz", "model": "6.xyz", "model_rescale": 4.08911054899281, "target_rescale": 4.174656857387172},
{"mapping": [1, 0, 12, 10, 6, 2, 4, 3, 8, 7, 5, 11, 9, 14, 15], "R": [[0.9869241871465606, 0.1458075442161695, -0.06870814271067541], [-0.0321489311766016, -0.2396378635655701, -0.9703299132614286], [-0.1579464942608822, 0.9598509542608057, -0.23181684700495372]], "T": [0.05647505045340332, -0.0482735730471755, 0.04794872141263697], "aligned_model": [[0.27304142507887913, 0.2648474449568808, 0.7506540394994057, -0.5195510526707066, -0.5615893617183644, 0.03106491785704863, -0.023202679290990562, 0.3871179540305073, -0.6678282111487122, -0.35113006904037586, -0.3643042355591326, -0.10757516567478567, 0.17674154349187876, 0.6680942042754296, 0.07995278571259205], [-0.6050587193972159, -0.7486809050988885, -0.20839364630178853, -0.30992059611673795, 0.28274864863446836, 0.6862278908901998, -0.1042316860925607, 0.3137541452903896, -0.1320429742665873, -0.6157743256466344, 0.42555235202791686, -0.22394296403184297, 0.4722925175674728, 0.13319398182195974, -0.06496490311103802], [-0.519345118202712, 0.02938965358374395, -0.2141068386365301, -0.39369012285682303, -0.39785067909902017, -0.13043024104815537, -0.6140701457145066, -0.46854773151412366, 0.17141565764527875, 0.22561994137876742, 0.26651484807007747, 0.6761608163744111, 0.4630251244485404, 0.354611038453732, 0.015373829199399829]], "inverted": false, "swapped": true, "error_lsq": 0.040608974160821085, "error_max": 0.23354970858546772, "target": "840.xyz", "model": "7.xyz", "model_rescale": 3.964800864290218, "target_rescale": 4.174656857387172},
{"mapping": [6, 5, 2, 10, 3, 7, 4, 9, 11, 13, 0, 12, 14, 15], "R": [[-0.2710688173562709, -0.4574856420616201, 0.8468934900945574], [-0.804660441905142, 0.5905459760258682, 0.061457492892864285], [-0.5282454632934338, -0.6648024800699243, -0.5281991982223976]], "T": [0.011780735869532393, -0.04313346131716108, 0.0813698178172235], "aligned_model": [[-0.2621039598225006, 0.30948679559742426, 0.4127604948316775, -0.6600374962424536, 0.09009845616667177, -0.4420695582417144, -0.4511791183559558, 0.6711381979556742, 0.19613102830646698, 0.23971363085896236, -0.4101298350081044, 0.016255680899833383, 0.5611755714958213, -0.010051998980930362], [-0.12232880729739679, -0.4083380959698061, 0.18875416555800398, -0.1990990477730271, 0.6068793890789016, -0.5536852501908825, 0.3402698397271001, -0.14834718612219236, -0.617755630618039, -0.0805489835894937, -0.00487378955834019, 0.6013476695031174, 0.21587061906803254, -0.007196425634776085], [-0.6990350162129034, -0.39542578132568373, -0.5164599999554974, -0.26452771581460166, -0.19882121241745712, 0.3118538334359236, -0.2126011222244846, -0.02780579166946004, 0.37843374498317994, 0.8444171515315143, 0.6770724217062806, 0.48239359532706927, 0.4448700797375563, 0.09245085162358602]], "inverted": true, "swapped": true, "error_lsq": 0.03500565175531686, "error_max": 0.21677622419086148, "target": "840.xyz", "model": "8.xyz", "model_rescale": 4.121658175737393, "target_rescale": 4.174656857387172},
{"mapping": [3, 14, 9, 5, 12, 4, 13, 7, 11, 0, 6, 8, 15], "R": [[-0.5562346413569652, 0.8262294526172925, -0.08915108177816852], [-0.7008082001874673, -0.5240238325878162, -0.48401124928040584], [-0.4466216411063072, -0.20674601449049915, 0.8705085842125873]], "T": [-0.06881440402230987, 0.010053406353209844, -0.046311011387813454], "aligned_model": [[-0.7080175362020754, -0.06764762940924154, 0.20588449457042457, 0.26160924296156174, -0.5832870643108892, -0.6267855916934864, 0.19397065423423765, 0.316650972661022, 0.5833016682016879, -0.10799277491862223, -0.2406749313957576, 0.35626299135494055, -0.10653699961860472], [0.135410349993758, -0.41315274230057664, 0.12700550351897835, 0.5507306264425375, -0.5255417477597024, 0.21945835015808426, -0.7294310725977187, -0.0907819479343876, -0.15388173011218687, -0.5705408485938124, 0.7935608066848728, 0.4559370194898236, -0.008385127577960318], [-0.3341692697532882, -0.6137133676252533, -0.6534388615835384, -0.26500194335088656, -0.2033197243658934, 0.25793651071223794, -0.1866722523392903, 0.5545340391425334, -0.02920709440636854, 0.3960794168065722, 0.17024509472161045, 0.36280220419722226, -0.03499931819656855]], "inverted": false, "swapped": true, "error_lsq": 0.03872407590003131, "error_max": 0.18203635877125468, "target": "840.xyz", "model": "9.xyz", "model_rescale": 3.833441315466971, "target_rescale": 4.174656857387172},
{"mapping": [0, 1, 14, 2, 3, 12, 4, 5, 11, 9, 7, 8, 10, 13, 15], "R": [[0.8453088843262688, -0.1141758343488405, -0.5219355984504458], [0.5316385441707551, 0.08276844356681227, 0.8429174592458788], [-0.0530410070707468, -0.9900066987653537, 0.13066517504158265]], "T": [-0.06083837312162735, 0.06632532295676614, 0.07650843877587774], "aligned_model": [[0.11390662844995855, -0.032857721508090826, -0.6373272131028075, -0.43305779981375847, -0.5895181448003257, -0.6041765361062684, -0.04532592608498057, 0.08491665514410576, 0.2448858470818666, -0.3765332656339372, 0.5962514867381814, 0.6148495078035712, 0.509412359887697, -0.24518358699384105, -0.07639727276683818], [-0.6358942278492257, -0.6267518866161667, -0.010107441320672164, 0.6707067307866899, 0.11421207359525624, -0.4553435016811132, -0.07571250795227656, 0.7165511793556882, 0.12030782987258415, 0.5367197714823156, -0.1880946974616038, 0.3662261317961693, 0.030189046062176386, -0.3962092710538431, 0.03430231027899994], [0.17988063751986516, -0.3680070941201752, 0.48007861781197814, -0.18451443737830406, -0.3982145778849676, -0.017519755347397914, -0.5771990264122725, 0.1493038640309496, 0.6732003481603942, 0.44638315005092677, 0.22905177465941137, 0.05696351311515224, -0.44196853846004724, 0.6991424812755718, 0.05154095080100818]], "inverted": true, "swapped": true, "error_lsq": 0.04056963773913662, "error_max": 0.2769716850993094, "target": "840.xyz", "model": "10.xyz", "model_rescale": 4.2482417240324, "target_rescale": 4.174656857387172},
{"mapping": [13, 11, 5, 8, 12, 3, 14, 10, 7, 1, 0, 15], "R": [[0.810562598674269, 0.5428926569137166, 0.21967211179296728], [-0.5510542174751408, 0.8340055337249435, -0.027821199094086806], [-0.19831168153509335, -0.09850042022924799, 0.975176980953399]], "T": [0.07205657545683415, 0.0772259237985055, 0.09762700682489853], "aligned_model": [[-0.6709796871537884, -0.06601674482976934, 0.5358291522190859, 0.6246944132333525, -0.49720638998470995, 0.0967900674876081, -0.49430536511730266, 0.6242357562109566, 0.1538651938223568, -0.1265919003450801, -0.36030114582674766, 0.05675225264704516], [-0.20575931866464586, -0.5806108224894597, -0.22152818010777858, -0.3505995655730719, 0.5784495559732773, 0.7341255101146793, 0.08830544209001444, 0.1893377000116474, -0.3409897906848612, 0.5890368814189876, 0.07273701386626547, 0.11362696409558484], [0.03922303086973292, 0.07294466384075136, 0.4784134942098601, -0.14410297185474644, 0.06745135486999254, 0.37154044622890114, 0.52208152267871, -0.4294775434354998, -0.4838960504677895, -0.5166378554301099, -0.49176299573340576, 0.07941519407796002]], "inverted": true, "swapped": true, "error_lsq": 0.041917296071973816, "error_max": 0.27060462976170485, "target": "840.xyz", "model": "11.xyz", "model_rescale": 3.6694154284099745, "target_rescale": 4.174656857387172},
{"mapping": [5, 6, 4, 10, 8, 9, 11, 14, 1, 12, 3, 0, 2, 15], "R": [[-0.3714993392829613, 0.21819084018755053, 0.9024306057368479], [0.19489038000737907, -0.9320103674298159, 0.3055722742395306], [0.9077477516870547, 0.28939494166552104, 0.30371793994676555]], "T": [0.07609129122800279, -0.04536222052523328, 0.02382384658717135], "aligned_model": [[-0.17807845388262594, -0.008118506818601462, 0.1199686181663921, 0.5183288066651219, 0.4475241103456198, -0.4240205091326083, 0.3391120583889634, -0.314777730780393, 0.46674660736626533, -0.06814888923360643, -0.41716176404640565, 0.6338814692404482, -0.5971358199226342, 0.08014485389987391], [-0.31565203198408265, 0.35054373784925674, 0.6157674309137644, 0.39496293793256665, -0.1873861433931813, -0.4959484881854991, -0.6630566563982045, -0.34359216297690787, 0.5716829408044836, 0.2530283832089064, 0.4521443235731367, 0.03614472660795583, 0.07310099460268968, -0.01075270441863077], [-0.5344579147345294, -0.7017680610119719, -0.06961702045727573, -0.4298829306360625, -0.5996691188152743, -0.04401203579726479, -0.017362371138205192, 0.5330689236813326, 0.4051067955010727, 0.7067248944617908, 0.15167550460647394, 0.4891846307788142, -0.299732722016564, 0.049836885230078995]], "inverted": false, "swapped": true, "error_lsq": 0.04834638902856069, "error_max": 0.27290240142542865, "target": "840.xyz", "model": "12.xyz", "model_rescale": 3.9764082729961374, "target_rescale": 4.174656857387172},
{"mapping": [3, 14, 12, 13, 6, 9, 5, 7, 0, 1, 4, 2, 11, 8, 10, 15], "R": [[0.19997227083596494, 0.13107176204652776, -0.9709949969442304], [0.9257325789873945, 0.29938098844060135, 0.23106322935870982], [0.3209833065722495, -0.9450879413865922, -0.06146950420817149]], "T": [-0.028056266696580748, -0.0966935058149149, -0.008716786068602551], "aligned_model": [[0.2887550694297773, 0.4988731880857155, 0.14403066376595292, 0.3981690960464705, 0.0014524860845208792, -0.45719462384130743, -0.6516190218760304, -0.42590611974117065, -0.7115386453328396, 0.01365528439224746, -0.5470064630848868, -0.2883232432761078, 0.7313491227383832, 0.3165746661878785, 0.5632802245337327, -0.04253818550802293], [0.17942221918048631, -0.4606920177510917, -0.21710680612564748, -0.5108346374088538, -0.81369169033647, -0.0724071341800568, -0.6141678035957758, 0.2839130846527983, 0.14710336364681084, 0.3483941992201144, -0.33014201059697534, 0.6570478361260307, 0.03539829547446052, 0.4963909952157183, 0.28708651306435196, -0.11101191226321859], [0.720552801275959, 0.4694656817887523, -0.6112947979645964, -0.15466064329988544, 0.2533931958117696, -0.4291327337889057, -0.22369061546170965, 0.5088620162870684, 0.014149303160760386, -0.45980398339680234, 0.4295253970479784, -0.028581434500773762, 0.1820708164601506, 0.1619675172078879, -0.39495628457531423, 0.09699003508022339]], "inverted": true, "swapped": false, "error_lsq": 0.03769038178404022, "error_max": 0.27069149814579535, "target": "840.xyz", "model": "13.xyz", "model_rescale": 4.170626492500431, "target_rescale": 4.174656857387172},
{"mapping": [14, 13, 9, 11, 2, 6, 8, 12, 3, 0, 1, 7, 4, 15], "R": [[-0.8237576220733759, 0.5412432711330062, 0.168757522881975], [0.5647439436869597, 0.7571817313885095, 0.32823787673027516], [0.04987642875063675, 0.36569324180895424, -0.9293980819596847]], "T": [-0.06106793730678613, 0.05633080486314988, 0.025871178063656998], "aligned_model": [[0.25622296404192885, -0.08172072948536496, -0.08581888768808799, -0.6138172477106393, 0.22497509691121265, -0.16140205695383797, -0.6988954746152163, 0.573794444938664, 0.5974530241979096, -0.08134949946276408, 0.2981067509311804, -0.6249786044969385, 0.26874373447817507, -0.028130492994578205], [-0.41646084134305605, -0.7386673935010477, 0.015379510006387223, -0.2815730596503008, 0.5534322961796156, 0.8769284297422489, 0.41093136844782513, -0.3273771923786294, 0.32057316973569805, -0.43057641215083, -0.05334221510669453, -0.07446387920086121, 0.4504652787973928, 0.05082540834791763], [-0.3946579917737196, -0.030217022001690207, -0.6490005773888825, -0.15499292227643527, -0.4671061231578162, 0.10875083065866523, 0.14550012375528498, 0.1868492874667987, -0.034820668851895574, 0.5707050470896229, 0.759150365208524, 0.45559621816778695, 0.45439318342174106, 0.05372335080288226]], "inverted": true, "swapped": true, "error_lsq": 0.046532306183137376, "error_max": 0.31455110095387634, "target": "840.xyz", "model": "14.xyz", "model_rescale": 3.9786697098870705, "target_rescale": 4.174656857387172},
{"mapping": [11, 14, 8, 7, 5, 6, 12, 3, 10, 0, 2, 15], "R": [[-0.7637693928676557, -0.29758480696603906, 0.572799788042522], [-0.31884605784856945, -0.5976399797251419, -0.7356382575889856], [0.56124282259375, -0.7444929397228138, 0.36157538189136057]], "T": [-0.040623714071728954, -0.05145910695248852, -0.021649068692296738], "aligned_model": [[-0.009667417557506101, -0.7270444752729136, 0.5670385502644136, 0.5084565026284187, 0.028353584736899175, 0.4569084790029393, -0.4696422804502129, -0.32992026687926157, 0.6930942667813669, 0.11273728183337925, -0.30407347045567545, -0.042886157864510714], [-0.3677898309505839, -0.21709682978228623, 0.08676443263440493, -0.4631339983722724, 0.43018931312709435, 0.6099953492992041, -0.3417338302377904, 0.328569029906067, 0.07975087924246003, -0.725556904758322, 0.6574082926474153, -0.06269141253095172], [-0.6144384287164583, -0.07105476525567603, -0.4197915523545394, -0.2425580984891147, -0.4827285609888309, 0.050850265759305596, 0.5332199951136313, 0.5065966167098845, 0.17772988963769756, 0.21585143343329435, -0.01400935279378784, 0.020299051818423407]], "inverted": false, "swapped": true, "error_lsq": 0.048682962502599784, "error_max": 0.26314994179942114, "target": "840.xyz", "model": "15.xyz", "model_rescale": 3.769337070930944, "target_rescale": 4.174656857387172},
{"mapping": [14, 5, 12, 3, 13, 11, 0, 8, 1, 4, 15], "R": [[0.23032791638813532, -0.6118010478822099, -0.7567354417116525], [-0.8522248659372906, 0.2485695726602669, -0.4603541521759734], [0.46974655806133064, 0.7509411730340282, -0.46413955426338177]], "T": [-0.06201603560381308, -0.08469697361911177, -0.0027201706418983514], "aligned_model": [[-0.19935372616254313, -0.2979456771612743, -0.17157127144534506, -0.6725903086362328, 0.38617302595851377, 0.40417641960424877, 0.5018513625891472, 0.20418623831187122, 0.1289020184450751, -0.29470252765710037, -0.06649942315518936], [0.16581724525520247, -0.7113532599448175, 0.644185803649924, 0.2687621669957508, 0.2260423432008366, -0.4402097021543311, 0.37566260218656217, -0.6692627896641383, 0.5858082371794756, 0.1946035178287519, -0.04399166690787423], [-0.6503552718979635, -0.03396868381558131, -0.1841687047912788, 0.09435236637687731, -0.5842373255838781, -0.3324138756976869, 0.06403717203072727, 0.3637436990158454, 0.4362628053493247, 0.5590600918789955, 0.01190533435839537]], "inverted": true, "swapped": true, "error_lsq": 0.03971467021862934, "error_max": 0.23814811852574994, "target": "840.xyz", "model": "16.xyz", "model_rescale": 3.7852294659196426, "target_rescale": 4.174656857387172},
{"mapping": [3, 6, 5, 2, 4, 10, 7, 8, 9, 14, 0, 11, 15], "R": [[-0.23586764407993577, -0.7567887023757213, 0.6096206315674139], [-0.26511404302271224, -0.553413310182608, -0.7895873937094486], [0.9349229907689361, -0.3478571086943607, -0.07010301892548904]], "T": [0.04396732123029677, 0.16726427347538927, -0.08658085118594262], "aligned_model": [[-0.11191460904565827, -0.4309519099426552, 0.25423364720718544, 0.18175225234164505, -0.5590252045851068, -0.6499170000262192, -0.19388903332738766, -0.16608974594327425, 0.6445576171056759, 0.6071816560173641, -0.17319945788047997, 0.4317933637637727, 0.01923427453142173], [-0.22414288932316942, -0.4476697807084371, -0.31691796777705394, -0.5611049197474374, -0.007682691547664794, 0.10344535912152261, 0.6191499981727975, 0.0724207532840532, -0.14326918529058033, 0.2727434140510336, 0.8570907201093692, 0.4717978649052167, 0.17919494845322473], [-0.6607399242135762, 0.20773915697519435, 0.3265692377024231, -0.23641663041063227, -0.3179731689173426, 0.24472233294341916, 0.42232950089384214, 0.6160978427410542, -0.06204981186870696, -0.502169594391232, -0.19293868191117367, 0.3708826960181641, -0.12029825841825942]], "inverted": true, "swapped": true, "error_lsq": 0.03891015503927116, "error_max": 0.21632907489872355, "target": "840.xyz", "model": "17.xyz", "model_rescale": 3.901054581598922, "target_rescale": 4.174656857387172},
{"mapping": [8, 7, 6, 5, 1, 4, 13, 11, 10, 3, 12, 14, 9, 2, 15], "R": [[-0.173037806489431, -0.9273623109911269, 0.3317484915994692], [0.15624501510716393, 0.3067178325148828, 0.938888527180695], [-0.9724430126128157, 0.21429725936317795, 0.09182195734105503]], "T": [0.09170254475972206, 0.006085768631862332, 0.0025144056058588795], "aligned_model": [[-0.03829913027365553, 0.07123795201942967, -0.4992744554752687, 0.20333626833800517, -0.42258156556307114, -0.5618622556415512, 0.6841202363233265, 0.6115660093491921, -0.5373201025701956, -0.2508696196779764, 0.05861476940346706, 0.5980439164317443, 0.5702844728825638, -0.015150373474087958, 0.06724008901711248], [0.014118575131599406, -0.5099521513830751, 0.4399425230532089, 0.5201400489750212, -0.544452179654467, -0.004103525607367875, -0.4555247450773291, -0.1784122630507601, -0.15240406577386645, 0.34678574401305123, -0.2320231926406745, 0.0874781985748958, 0.4834344270858761, 0.7456206063289066, -0.011890650147913386], [-0.725435901900808, -0.5005285007086765, -0.38842156891306906, -0.4129654075661502, 0.3359102898728295, 0.14568584627919068, 0.27000566110638624, -0.382355831080692, -0.4152434027775189, 0.5257019659933884, 0.7225181173520993, 0.49041186119097546, 0.03148164139376457, 0.11925260548330208, 0.033649029126954604]], "inverted": true, "swapped": true, "error_lsq": 0.04503498650170154, "error_max": 0.30723321450470814, "target": "840.xyz", "model": "18.xyz", "model_rescale": 3.9405287249114394, "target_rescale": 4.174656857387172},
{"mapping": [13, 13, 2, 10, 11, 6, 5, 7, 8, 1, 9, 0, 14, 12, 3, 15], "R": [[-0.23507982259262056, 0.423772097108434, -0.8747312082703704], [0.8655210542010303, 0.5007727155134862, 0.009999606591577725], [0.4422790767655185, -0.7547475717811679, -0.48450523335240836]], "T": [0.002835747694573681, 0.08294532717834399, 0.08658260694343592], "aligned_model": [[0.26075188784043896, 0.26075188784043896, -0.09718752371755712, 0.44153417374725074, 0.15293871022424552, -0.48182654728172497, -0.542176022131491, -0.45607207876423156, -0.7466490049602276, 0.049384894728503693, -0.3926778348801138, -0.4081288434356688, 0.7226917363597809, 0.3833338040263149, 0.6782338629422214, 0.00711039606613326], [-0.12212054951756915, -0.12212054951756915, -0.37885731018215185, -0.4473705293059844, -0.6016667165497294, 0.0801272418448832, -0.487138155632738, 0.12193043094394099, 0.09744406442476931, 0.39938946539008835, -0.42524370343099527, 0.5876114359605819, -0.15977647621071164, 0.4693906104285104, 0.23650613150186953, 0.056597104175486926], [0.6720372134153314, 0.6720372134153314, -0.6428411055282333, -0.2931710240947981, 0.25388070054316225, -0.482080715080748, -0.176532645628351, 0.6190385369889031, -0.015076370486928975, -0.49066578697488294, 0.5041023814737102, -0.13499013831125087, 0.2370234385636694, 0.16417342077380193, -0.4090836720885377, 0.05700482415238349]], "inverted": true, "swapped": false, "error_lsq": 0.04176903705380176, "error_max": 0.3039926670834998, "target": "840.xyz", "model": "19.xyz", "model_rescale": 4.410303926677745, "target_rescale": 4.174656857387172},
{"mapping": [6, 5, 2, 10, 3, 7, 4, 9, 11, 13, 0, 12, 14, 15], "R": [[-0.2710688173562709, -0.4574856420616201, 0.8468934900945574], [-0.804660441905142, 0.5905459760258682, 0.061457492892864285], [-0.5282454632934338, -0.6648024800699243, -0.5281991982223976]], "T": [0.011780735869532393, -0.04313346131716108, 0.0813698178172235], "aligned_model": [[-0.2621039598225006, 0.30948679559742426, 0.4127604948316775, -0.6600374962424536, 0.09009845616667177, -0.4420695582417144, -0.4511791183559558, 0.6711381979556742, 0.19613102830646698, 0.23971363085896236, -0.4101298350081044, 0.016255680899833383, 0.5611755714958213, -0.010051998980930362], [-0.12232880729739679, -0.4083380959698061, 0.18875416555800398, -0.1990990477730271, 0.6068793890789016, -0.5536852501908825, 0.3402698397271001, -0.14834718612219236, -0.617755630618039, -0.0805489835894937, -0.00487378955834019, 0.6013476695031174, 0.21587061906803254, -0.007196425634776085], [-0.6990350162129034, -0.39542578132568373, -0.5164599999554974, -0.26452771581460166, -0.19882121241745712, 0.3118538334359236, -0.2126011222244846, -0.02780579166946004, 0.37843374498317994, 0.8444171515315143, 0.6770724217062806, 0.48239359532706927, 0.4448700797375563, 0.09245085162358602]], "inverted": true, "swapped": true, "error_lsq": 0.03500565175531686, "error_max": 0.21677622419086148, "target": "840.xyz", "model": "20.xyz", "model_rescale": 4.121658175737393, "target_rescale": 4.174656857387172},
{"mapping": [6, 8, 7, 4, 0, 2, 11, 3, 9, 14, 13, 12, 15], "R": [[0.3299442035911054, -0.5561692422274361, 0.7627664101917383], [-0.06541280548980472, 0.7926027512259535, 0.6062194682019068], [-0.9417313775140895, -0.24991329046133026, 0.22513409305613086]], "T": [0.062121810957990985, -0.03704310120082417, 0.06468393465961063], "aligned_model": [[0.0790250329152426, -0.11949010693611636, 0.19869709598867738, 0.5863371476897273, 0.5487881341027712, -0.26022476656827964, -0.34011205394769267, 0.2960794589827527, -0.5528120310018068, -0.16633298916044828, 0.015091081477136524, 0.4942507577581112, 0.10178614336421923], [-0.5808347522584272, 0.09904557578593474, 0.5115975297672262, -0.4118175158986545, 0.49676722645790744, -0.7197859114729207, 0.4938912704903035, -0.6405995020628328, -0.17817311095999977, 0.021224435045838555, 0.5654527746172099, -0.0715302263969815, -0.04441088895142064], [0.6926340566154447, 0.7685117509368692, 0.512016863933222, 0.24493722946516505, -0.04728190201929329, 0.020956728115393453, 0.15816791979543254, -0.2322013535002223, -0.17961136771182912, -0.6027466145421435, -0.45529817034057174, -0.5584302079962907, 0.04845480673061314]], "inverted": false, "swapped": true, "error_lsq": 0.03770936971225594, "error_max": 0.20289141953081863, "target": "840.xyz", "model": "21.xyz", "model_rescale": 4.08911054899281, "target_rescale": 4.174656857387172},
{"mapping": [13, 3, 11, 15, 14, 5, 9, 7, 10, 8, 12, 6, 2, 0, 1, 16], "R": [[-0.3537759545734676, -0.8229166518644353, 0.4445793045676547], [-0.3904805720595554, -0.30197190542174634, -0.8696768889535942], [0.8499220533729397, -0.48127035273345853, -0.21450256588241157]], "T": [0.026444281190557372, -0.03702548906580273, 0.02556020878104663], "aligned_model": [[0.009919077034639952, 0.36291978413756804, 0.12120294367128522, 0.42896098729783944, 0.03975612857555118, -0.508916748317747, -0.4865362230704798, -0.3616813378952696, -0.7705730129482089, -0.015085942931550318, -0.4115465980887844, -0.2528702176341226, 0.7340108045508585, 0.2942982547663468, 0.6085626518902715, 0.039592947566115734], [-0.016103074277346946, -0.4716785299189553, -0.18216884067700484, -0.554226189559385, -0.6377539214702106, -0.0995333548727901, -0.5178112428888055, 0.3541671777316057, 0.07898069312678328, 0.34411024831800974, -0.3592231771409218, 0.6466896614219257, -0.17295565688124293, 0.645004784680436, 0.25777953260024306, -0.010575615869658578], [0.6858776598720072, 0.69797361829051, -0.7199914216419429, -0.29379970512122294, 0.250883823094338, -0.4296434695259633, -0.08952094837101435, 0.47514111280457055, 0.07497081241788113, -0.5521705314720042, 0.5248818941715795, -0.07484463318999195, 0.07167348095658624, 0.2768933596238379, -0.4263541447865644, 0.06288536400995548]], "inverted": false, "swapped": false, "error_lsq": 0.03635071313636509, "error_max": 0.29631463141584435, "target": "840.xyz", "model": "22.xyz", "model_rescale": 4.204369325754507, "target_rescale": 4.174656857387172},
{"mapping": [13, 13, 2, 10, 11, 6, 5, 7, 8, 1, 9, 0, 14, 12, 3, 15], "R": [[-0.23507982259262056, 0.423772097108434, -0.8747312082703704], [0.8655210542010303, 0.5007727155134862, 0.009999606591577725], [0.4422790767655185, -0.7547475717811679, -0.48450523335240836]], "T": [0.002835747694573681, 0.08294532717834399, 0.08658260694343592], "aligned_model": [[0.26075188784043896, 0.26075188784043896, -0.09718752371755712, 0.44153417374725074, 0.15293871022424552, -0.48182654728172497, -0.542176022131491, -0.45607207876423156, -0.7466490049602276, 0.049384894728503693, -0.3926778348801138, -0.4081288434356688, 0.7226917363597809, 0.3833338040263149, 0.6782338629422214, 0.00711039606613326], [-0.12212054951756915, -0.12212054951756915, -0.37885731018215185, -0.4473705293059844, -0.6016667165497294, 0.0801272418448832, -0.487138155632738, 0.12193043094394099, 0.09744406442476931, 0.39938946539008835, -0.42524370343099527, 0.5876114359605819, -0.15977647621071164, 0.4693906104285104, 0.23650613150186953, 0.056597104175486926], [0.6720372134153314, 0.6720372134153314, -0.6428411055282333, -0.2931710240947981, 0.25388070054316225, -0.482080715080748, -0.176532645628351, 0.6190385369889031, -0.015076370486928975, -0.49066578697488294, 0.5041023814737102, -0.13499013831125087, 0.2370234385636694, 0.16417342077380193, -0.4090836720885377, 0.05700482415238349]], "inverted": true, "swapped": false, "error_lsq": 0.04176903705380176, "error_max": 0.3039926670834998, "target": "840.xyz", "model": "23.xyz", "model_rescale": 4.410303926677745, "target_rescale": 4.174656857387172},
{"mapping": [10, 1, 12, 0, 7, 6, 13, 9, 14, 5, 11, 15, 3, 8, 4, 16], "R": [[0.2455833495242866, 0.7354103308569753, 0.631554006958444], [0.24793284769493626, 0.5821844933013589, -0.7743323051463885], [-0.9371329262544945, 0.3467461045610667, -0.039357559647597844]], "T": [-0.04693151240536422, -0.05552899733504496, 0.05531991859595411], "aligned_model": [[0.23261877565075004, 0.3907901765738585, -0.021905250908453328, 0.43702513436450796, -0.08654938524039643, -0.5294793983453815, -0.5624058606679809, -0.29028463838337704, -0.7111926553047803, 0.10306574216162379, -0.3235792389545318, -0.41246468264011793, 0.8407464008606691, 0.20839571009087457, 0.490706833135619, 0.06652583621142993], [0.19595004158623414, -0.5949988509043196, -0.4173722117646211, -0.5077876368145804, -0.7172110380704668, 0.014190387460951748, -0.43749411286902024, 0.38393407518672545, 0.05033341394795854, 0.2054409156675548, -0.2304157475611579, 0.526921171236225, -0.13427857703814855, 0.6932705920237687, 0.3620541687022964, -0.0878340964667185], [0.5867273665175919, 0.5590136247879803, -0.6620495881371226, -0.307493942977096, 0.10570044859051195, -0.52793374398859, -0.23203956119805638, 0.4295811209598095, 0.13082007704575693, -0.4969459245970812, 0.5971705867705803, -0.1356028234338501, 0.17811002662712366, 0.27851008791996784, -0.04692332977446315, 0.0782118460194989]], "inverted": true, "swapped": false, "error_lsq": 0.04578041900747806, "error_max": 0.3383326574263513, "target": "840.xyz", "model": "24.xyz", "model_rescale": 4.28219845311461, "target_rescale": 4.174656857387172},
{"mapping": [13, 12, 8, 10, 11, 1, 5, 7, 3, 0, 9, 4, 14, 2, 6, 15], "R": [[0.14245096020206205, -0.9158752502408106, -0.37534017894950095], [-0.4858331382816895, -0.39508281217047203, 0.7796638591565191], [-0.8623652855286299, 0.07128883169055555, -0.5012424730520353]], "T": [-0.03560956338333146, -0.02908139839870773, 0.09305434820171778], "aligned_model": [[0.13127925715440789, 0.2859300864055202, 0.016970934250506747, 0.4717845342671746, 0.13035679981238824, -0.4329560735921659, -0.4349432929172111, -0.4845525096747052, -0.7925578218045356, 0.07115543706560976, -0.4562800223302318, -0.3450285040950757, 0.7074418901628686, 0.44965410658899774, 0.5410105907528607, -0.02725191344209567], [0.19331340625811946, -0.39471322296290784, -0.34304964788156844, -0.5243596072633672, -0.5375485058908712, 0.005105230801590182, -0.6793070039332819, 0.2507111499759219, 0.10505059004754357, 0.5782261454158538, -0.3944913049518297, 0.633108594026249, -0.1762914891778745, 0.45341705619661304, 0.1057166845886537, 0.02981441907383808], [0.6180354234588916, 0.6824146138394181, -0.5238778089388141, -0.26325386714157406, 0.19500256120583848, -0.4077693972970886, -0.2851253911787786, 0.6637665055976122, -0.002251940197239413, -0.4411113133124498, 0.47565812372035077, 0.07273425748415831, 0.17273089086201326, 0.11529027197458915, -0.5863099205289154, 0.0489232615845501]], "inverted": true, "swapped": false, "error_lsq": 0.0429631664003045, "error_max": 0.37849001068607047, "target": "840.xyz", "model": "25.xyz", "model_rescale": 4.100010024507729, "target_rescale": 4.174656857387172},
{"mapping": [13, 11, 5, 8, 12, 3, 14, 10, 7, 1, 0, 15], "R": [[0.810562598674269, 0.5428926569137166, 0.21967211179296728], [-0.5510542174751408, 0.8340055337249435, -0.027821199094086806], [-0.19831168153509335, -0.09850042022924799, 0.975176980953399]], "T": [0.07205657545683415, 0.0772259237985055, 0.09762700682489853], "aligned_model": [[-0.6709796871537884, -0.06601674482976934, 0.5358291522190859, 0.6246944132333525, -0.49720638998470995, 0.0967900674876081, -0.49430536511730266, 0.6242357562109566, 0.1538651938223568, -0.1265919003450801, -0.36030114582674766, 0.05675225264704516], [-0.20575931866464586, -0.5806108224894597, -0.22152818010777858, -0.3505995655730719, 0.5784495559732773, 0.7341255101146793, 0.08830544209001444, 0.1893377000116474, -0.3409897906848612, 0.5890368814189876, 0.07273701386626547, 0.11362696409558484], [0.03922303086973292, 0.07294466384075136, 0.4784134942098601, -0.14410297185474644, 0.06745135486999254, 0.37154044622890114, 0.52208152267871, -0.4294775434354998, -0.4838960504677895, -0.5166378554301099, -0.49176299573340576, 0.07941519407796002]], "inverted": true, "swapped": true, "error_lsq": 0.041917296071973816, "error_max": 0.27060462976170485, "target": "840.xyz", "model": "26.xyz", "model_rescale": 3.6694154284099745, "target_rescale": 4.174656857387172},
