[{"mapping": [10, 0, 5, 3, 1, 2, 6, 4, 9, 3, 8, 11], "R": [[0.4668754986824607, -0.5301394924631189, 0.7077989737637024], [-0.4792305076131123, 0.520993834017081, 0.7063310452536125], [-0.7432128828962011, -0.6689675204725032, -0.010819762011646328]], "T": [0.022066454717469347, -0.15996020771437988, 0.03757733764935755], "aligned_model": [[0.1177755537321308, 0.3064792303286007, 0.013256315095889943, 0.4670097440039441, -0.41300826244908573, 0.05535809464346006, -0.6833920449127927, 0.7792477009488803, -0.17156277779770354, 0.4670097440039441, -0.170010618321346, 0.04077475809217293], [-0.7636883191686114, 0.2188889245671358, -0.1632769509655278, -0.5429863478292896, 0.31389672213503184, 0.6367742886660858, -0.2232242021203981, 0.05353056425338473, -0.6090253156389751, -0.5429863478292896, 0.060661247537917795, -0.13094284036635193], [-0.2592618136945537, -0.36038510032716314, -0.7922405418784114, 0.397228502105322, -0.2591551345121614, 0.15096188057663135, 0.19081068834747217, 0.22046177488662413, 0.3984161847656593, 0.397228502105322, 0.6010807202358421, -0.022757127336519273]], "inverted": true, "swapped": false, "error_lsq": 0.06052513363927688, "error_max": 0.404110513254022, "target": "841.xyz", "model": "0.xyz", "model_rescale": 3.751011558992144, "target_rescale": 3.7366250594538197},
{"mapping": [10, 5, 9, 4, 13, 2, 12, 8, 6, 1, 0, 14], "R": [[-0.7984130304303029, -0.6020334066754149, 0.009613016482601627], [-0.5057565149964549, 0.6618968910963615, -0.553265626164876], [0.3267215639925548, -0.44659633093406176, -0.8329494203242435]], "T": [0.013943193661748274, -0.17457077591291115, 0.08817557400538231], "aligned_model": [[0.29946607706894424, 0.2476931654714189, -0.16960595162712094, 0.6815842009993079, -0.29687162648490584, 0.16922004631089238, -0.726249565160838, 0.6355678076836627, -0.15147346668531447, 0.21163722482656633, -0.059640653107085356, -0.032389821927433], [-0.7260538434782442, 0.15463371494512618, -0.2038821009994808, -0.5925767900701671, 0.34923657158074983, 0.6370783479674702, -0.16483759359233677, 0.053808684497825665, -0.843868301584388, -0.3721437107412066, 0.19902516830515948, -0.18279872358939497], [-0.44735860545325123, -0.3883445209260895, -0.5439954304069435, 0.1595928503428388, -0.307453303339835, 0.11738003811095735, 0.024969173809404915, 0.1311163872775989, 0.38550350051045235, 0.7265857516349172, 0.7443127597051371, 0.06007993400887718]], "inverted": false, "swapped": false, "error_lsq": 0.04839124797527546, "error_max": 0.3027570459810549, "target": "841.xyz", "model": "1.xyz", "model_rescale": 3.9405287249114394, "target_rescale": 3.7366250594538197},
{"mapping": [8, 2, 9, 4, 5, 0, 11, 1, 3, 7, 6, 12], "R": [[0.46260439177254686, 0.2864668105927191, -0.8390077133981472], [-0.5883341774356318, 0.8071438331259184, -0.04880295388538049], [0.6632194752673438, 0.5161933737230993, 0.5419264973688538]], "T": [0.061578551552763414, -0.17954916934837029, 0.0854335015749483], "aligned_model": [[0.09483766021163652, 0.3656836011014401, -0.3687011173533036, 0.6006627370829856, -0.18607248740328908, 0.016112922903640983, -0.6211384295429352, 0.7588799957715662, -0.04696876829409004, 0.27175770486522416, -0.19800041140322877, 0.12188402942844775], [-0.7784319831518782, 0.22726982355225134, -0.42911487430756984, -0.6278026214576286, 0.33616036973200436, 0.632886840717216, 0.008457758227022494, 0.15494101796606052, -0.6674717801248364, -0.4067808491420457, 0.015160368508336075, -0.15765264727781925], [-0.4054055526289452, -0.36864584542944, -0.5493558119176171, 0.07307205076364628, -0.36266125914229586, 0.28744982377721406, 0.006914663424991169, 0.2560598267390176, 0.3628297593291463, 0.8155707081102288, 0.5213952559155592, 0.025164916332558754]], "inverted": false, "swapped": false, "error_lsq": 0.05528593632454285, "error_max": 0.38606276600518546, "target": "841.xyz", "model": "2.xyz", "model_rescale": 3.932901565614263, "target_rescale": 3.7366250594538197},
{"mapping": [8, 3, 11, 7, 10, 1, 12, 0, 5, 4, 6, 13], "R": [[-0.689336800139802, 0.38101847228865804, -0.6161490888963773], [0.7090708742064789, 0.1805946584570191, -0.681618709168735], [-0.14843608498299377, -0.9067582329990779, -0.39465964521763774]], "T": [0.13027240363903253, -0.14823200295269384, 0.014660175485844786], "aligned_model": [[0.22993256704775578, 0.5199325668958081, -0.19783054328337762, 0.4620312099283547, -0.4888795435149434, 0.18577796824989334, -0.5969001091707056, 0.6893248646763945, -0.19791963653862804, 0.48335826194164805, -0.3038869962050064, 0.02399682734090136], [-0.5506352444657288, -0.09387525935032481, 0.044462458966142426, -0.7609528267828014, 0.19435453244958045, 0.5904438686790237, -0.3347876577475659, 0.15131015194193648, -0.5612301334680367, -0.24071750422883442, 0.035779125243262405, -0.16653008799554078], [-0.5910841671052005, -0.3107561419858953, -0.7933781892803765, 0.17039017850896335, -0.0968331982981552, 0.02142108359831813, 0.15447052716826815, 0.23072769361885095, 0.5030475367161734, 0.8083875929650332, 0.5089655273776423, 0.057030091990441734]], "inverted": false, "swapped": false, "error_lsq": 0.05389144217295221, "error_max": 0.25218123515784213, "target": "841.xyz", "model": "3.xyz", "model_rescale": 3.9243930471874484, "target_rescale": 3.7366250594538197},
{"mapping": [6, 3, 5, 10, 0, 2, 1, 4, 9, 8, 7, 12], "R": [[0.6942483580959068, -0.08623482430272861, 0.7145507486236479], [0.6524775311846385, -0.3436459598453554, -0.6754113750753418], [0.3037964591306771, 0.9351315465534474, -0.1823093581257444]], "T": [0.11481266510764128, -0.3127689050365061, 0.07983750053531902], "aligned_model": [[0.2671239316769078, 0.4757124753214333, -0.38210807279428116, 0.7505687850361205, -0.27509525974719684, 0.0996922817100336, -0.5560645240863442, 0.45151047939554684, -0.2204392026536791, 0.25671702705936583, -0.08896925389691436, 0.030288770347102312], [-0.4880467378786985, 0.07903737244186387, -0.3082883798650858, -0.6125334688872452, 0.3032737725676926, 0.609305223365503, -0.09607549866634052, 0.09569331467259662, -0.819309503782659, -0.43849517613107114, 0.2652926151699496, -0.2822321097653924], [-0.603972030055562, -0.3314927053587602, -0.4917154759349994, 0.13536300595196488, -0.3580958081616052, 0.05217586553008542, 0.19441526730250852, 0.34846450283429903, 0.4385995369345317, 0.6801644329079699, 0.5967867893979683, 0.0016951539256634396]], "inverted": false, "swapped": false, "error_lsq": 0.061070192391289885, "error_max": 0.3606015088406473, "target": "841.xyz", "model": "4.xyz", "model_rescale": 3.8936222436046832, "target_rescale": 3.7366250594538197},
{"mapping": [4, 10, 2, 5, 3, 8, 0, 7, 1, 6, 9, 11], "R": [[0.209363587551274, -0.6568651547860802, -0.7243583758303059], [-0.9704488432119487, -0.23047272222262594, -0.07149382504722346], [-0.11998304428647721, 0.7179209515950562, -0.6857066255656266]], "T": [0.09154905969546037, -0.053761722354125976, 0.06686984075195024], "aligned_model": [[0.3830657165045547, 0.33432139999406546, -0.25441786783264086, 0.5441876673852155, -0.3215961168404966, 0.1327034466721234, -0.7871237146229584, 0.7188563716161827, -0.28847181210793593, 0.41798084212148967, -0.22370437714302924, 0.1531358816215244], [-0.581772966258476, 0.16209359045887256, -0.32923777645264335, -0.709131465064941, 0.2823857888001671, 0.6771848685717512, -0.15691378030066683, 0.07797915485983133, -0.7240271895587297, -0.31536754755271473, 0.13691021230431522, -0.21248146656565325], [-0.4497022878228313, -0.4752883227035172, -0.5344439655083074, 0.21779912291649037, -0.14899573355538578, 0.1662993332440538, 0.06338880786106155, 0.16108982307921288, 0.28921441034569845, 0.7448177087713476, 0.5631514419788999, 0.06505819666734115]], "inverted": true, "swapped": false, "error_lsq": 0.04756749840753537, "error_max": 0.2795893811265397, "target": "841.xyz", "model": "5.xyz", "model_rescale": 3.6523030999806103, "target_rescale": 3.7366250594538197},
{"mapping": [4, 3, 2, 11, 1, 5, 6, 7, 10, 9, 8, 12], "R": [[0.6586667653965209, -0.6439299573963788, -0.38924581196151975], [-0.42229159798670146, -0.7445178706175307, 0.5170715101424332], [-0.6227582985652805, -0.17620258312134957, -0.7623153883199796]], "T": [0.03194428251728792, -0.0913556754510203, 0.07056384309605852], "aligned_model": [[0.15808471804570873, 0.4634726858107245, -0.3006854047139039, 0.7393532573091249, -0.3332978263217537, 0.1441292087141543, -0.5996976627250628, 0.6927763859566116, -0.21445102477255426, 0.21683364333185112, -0.26208690879576574, 0.10450636552896003], [-0.5316384282509018, 0.0632166747801933, -0.32900737316242806, -0.611185881240659, 0.30790755131434405, 0.5569471357033342, -0.20518339542167954, 0.061967748275493645, -0.8093041159342552, -0.3636317962856609, 0.18738695512857734, -0.019853651665245442], [-0.2749376620216129, -0.4514814888847916, -0.5690382175295178, 0.13315859266535357, -0.3648232762324325, 0.24669316311492828, 0.173986109793565, 0.15187139808280525, 0.250875881019844, 0.7142598221587403, 0.6086635616418717, 0.04316065146531094]], "inverted": false, "swapped": false, "error_lsq": 0.0514043228548474, "error_max": 0.27247145482838425, "target": "841.xyz", "model": "6.xyz", "model_rescale": 4.08911054899281, "target_rescale": 3.7366250594538197},
{"mapping": [12, 11, 10, 13, 8, 9, 4, 1, 7, 2, 6, 14], "R": [[0.658663664921939, -0.47752229900581367, 0.5814934483412536], [-0.6116929411605554, -0.7898572919236725, 0.044240299833431626], [0.4381711106930136, -0.38483491570698836, -0.8123473182123803]], "T": [-0.008672826761564806, -0.13886568798582316, 0.07712168840343184], "aligned_model": [[0.1805780153470523, 0.35968003733479936, -0.19732213221087166, 0.5762898604006501, -0.36007532623349503, 0.20455450128030667, -0.7101250320748774, 0.6123779808995157, -0.10012286757300193, 0.35921660720719983, -0.1924058271953851, 0.07629162018620211], [-0.6426895074944488, -0.03416235571023346, -0.1715330536641409, -0.5788484457672716, 0.34147633596, 0.6120378513699378, -0.06962665626740804, 0.15478847063846612, -0.8055536302337578, -0.3485135372360595, -0.14874714836153333, -0.0010068999924383315], [-0.3901550985955763, -0.3677203539886398, -0.6175862943311243, 0.06579252980203729, -0.25595007065382325, 0.004766390968443529, 0.08162167174133769, 0.33404422202315054, 0.45981352557042976, 0.7633029231877608, 0.5411125371773107, 0.04334655237275696]], "inverted": false, "swapped": false, "error_lsq": 0.040314179838066413, "error_max": 0.23704393626407097, "target": "841.xyz", "model": "7.xyz", "model_rescale": 3.964800864290218, "target_rescale": 3.7366250594538197},
{"mapping": [11, 6, 4, 10, 2, 0, 7, 3, 8, 5, 1, 13], "R": [[-0.9846388837612778, 0.06844609411532043, 0.1606281444383315], [-0.1616765827872609, -0.010027531605449225, -0.9867928512044136], [-0.06593141257078264, -0.9976044210057705, 0.020939628128570753]], "T": [0.03110759989531972, -0.15829816022557572, 0.014064354965108931], "aligned_model": [[0.25127407749373987, 0.3986385348852628, -0.10780226128302384, 0.5935667425693032, -0.38636860509427684, 0.14933152609957562, -0.6531416444312944, 0.6412329182908827, -0.18471244544471713, 0.422266493522528, -0.3483102325657046, 0.032962333325819604], [-0.6410361894825172, 0.0022673037210338975, -0.05592809112337063, -0.7234495986985329, 0.3037489456039445, 0.5431761152027409, -0.20786262854070428, 0.20442546395824698, -0.6745673964068071, -0.39277047060072023, 0.16888371759239154, -0.21926574798459297], [-0.6228218528810878, -0.4050365479109966, -0.6680777229286867, 0.21250219768072276, -0.21140142517933005, 0.09842261898181431, 0.2043260171065108, 0.16286409963583381, 0.5412695950846977, 0.7148411943170248, 0.5727360102425909, 0.06276435112497022]], "inverted": false, "swapped": false, "error_lsq": 0.04087055776795941, "error_max": 0.26095574930000764, "target": "841.xyz", "model": "8.xyz", "model_rescale": 4.121658175737393, "target_rescale": 3.7366250594538197},
{"mapping": [5, 7, 9, 10, 6, 8, 1, 11, 0, 3, 2, 12], "R": [[0.2754053752813364, 0.7110848338991596, 0.6469236726730221], [0.9308622462766069, -0.36533213484913574, 0.005282963509535665], [0.2400986416517521, 0.6007418665659803, -0.7625364594770574]], "T": [0.06743994074799285, -0.14587692575510086, 0.010474002150120836], "aligned_model": [[0.21559890802005494, 0.48778527283055767, -0.19667162450685544, 0.5831215074616107, -0.36893329391277385, 0.1064620525124522, -0.584859106378395, 0.6444886489677149, -0.24989475553955898, 0.37951455876437445, -0.19069714944337018, -0.016977581407716394], [-0.6614140216130497, 0.0900600752383714, -0.07124561601176968, -0.6610425437398304, 0.32749495779109655, 0.5735179360264573, -0.2233505638298905, 0.0656751975952794, -0.7920630209423263, -0.2374609224391131, 0.05485250524420149, -0.15740256007831388], [-0.2961011590860836, -0.46160061448564993, -0.7755699315708744, 0.2229775042237694, -0.2458061376063534, 0.11771972636808076, 0.21888586418055764, 0.16951035648899487, 0.3275961616424079, 0.729435611564236, 0.6231887718897757, 0.0321523816652031]], "inverted": false, "swapped": false, "error_lsq": 0.036964170876683806, "error_max": 0.19754535017335506, "target": "841.xyz", "model": "9.xyz", "model_rescale": 3.833441315466971, "target_rescale": 3.7366250594538197},
{"mapping": [0, 5, 13, 1, 2, 3, 8, 4, 12, 6, 7, 14], "R": [[-0.5264583385229379, -0.40179781350035815, -0.7492663977958705], [-0.7500173437293238, 0.6345138620789291, 0.18672477857770098], [0.40039430803256604, 0.6602656101115774, -0.6354004423976344]], "T": [-0.03552931006188151, -0.22682635384663602, 0.13774472776772215], "aligned_model": [[0.07201904667315047, 0.39789742113280135, -0.0807518786374051, 0.511071358847001, -0.13000551095826837, 0.049640410506984686, -0.796076463416835, 0.6130634373052029, 0.050227244512626196, 0.5038278984509681, -0.3148803503397215, -0.06709517670840993], [-0.6943988840236188, -0.06953217556672323, -0.19454480766654597, -0.7075384475981646, 0.304945534937114, 0.6251341720228913, -0.1255364982779359, 0.21578026170800718, -0.7240401716007496, -0.3025962400245863, 0.11726453229995759, -0.13731585296853333], [-0.34561046429206665, -0.3570633275751045, -0.6576164244658463, 0.012235666010376872, -0.3365370035810442, 0.2834541331126482, 0.00038478069693617667, 0.2768109422855577, 0.46705353435002617, 0.5434321616607657, 0.6352167723575229, 0.1406277647142919]], "inverted": false, "swapped": false, "error_lsq": 0.04618908926327714, "error_max": 0.26759038891304365, "target": "841.xyz", "model": "10.xyz", "model_rescale": 4.2482417240324, "target_rescale": 3.7366250594538197},
{"mapping": [7, 8, 3, 9, 1, 0, 2, 10, 5, 4, 6, 11], "R": [[-0.4181320011665365, 0.2962041540009254, -0.8587367051390455], [-0.6271515483123815, -0.7780175745277337, 0.037007960972813836], [-0.6571503367189662, 0.5540322670012812, 0.5110789391782555]], "T": [0.015559413904054381, -0.10294266207254472, 0.03621398237240388], "aligned_model": [[0.09360400169770958, 0.3106331771513765, -0.22312476301407072, 0.7020070839238373, -0.23420593612701293, 0.228636581105343, -0.70831423503233, 0.6344975471280622, -0.0608507338676193, 0.3091360588048596, -0.34075331300129874, 0.0976719685992379], [-0.703457953312174, 0.05521490079542769, -0.25014256061639945, -0.5569410658171869, 0.5041835528186053, 0.569443395105848, -0.19006481366344452, 0.0749498636806507, -0.7050670656089031, -0.2719955066010662, -0.04995807939168803, -0.16854324414855704], [-0.26684817956612267, -0.47834941363001376, -0.7249914301210582, 0.08077795729199817, -0.2248637510213219, 0.3125011280441154, -0.09096289234298631, 0.05271243856750431, 0.47869998475555925, 0.843105220122479, 0.5753948544240589, 0.10521261874985179]], "inverted": false, "swapped": false, "error_lsq": 0.04917898672860203, "error_max": 0.2863543899838909, "target": "841.xyz", "model": "11.xyz", "model_rescale": 3.6694154284099745, "target_rescale": 3.7366250594538197},
{"mapping": [3, 2, 8, 1, 9, 7, 11, 12, 4, 0, 6, 13], "R": [[0.7320153880311109, -0.33197987088678227, 0.5949309514655107], [0.6638767081595338, 0.15142287672800256, -0.73235157456421], [0.15303982504212274, 0.9310534236709578, 0.3312375797243799]], "T": [0.09900245201467688, -0.004643496815303544, 0.1329395677524069], "aligned_model": [[0.072434629623201, 0.4565897519854083, -0.16861625798873459, 0.6428926978683522, -0.3766375948935443, -0.04870439631186367, -0.6259042391556608, 0.7471499176805397, -0.1436263731971797, 0.33931473908917603, -0.23200922367388965, 0.14605378634228994], [-0.7486462492850277, -0.19898389026891505, -0.1885467509283326, -0.645501484331906, 0.42971151492770965, 0.7171468498208059, -0.10774041269068277, 0.1943404420814812, -0.6913889831907623, -0.36585322869622316, 0.008060374740823079, -0.09497675893785759], [-0.2994988159904918, -0.37762551895471874, -0.5505497668343432, 0.03315011739335971, -0.34642306788053545, 0.22972128570528041, 0.038546962424806666, 0.17853293435905992, 0.26405226686863015, 0.7008439599708473, 0.5913331929905887, 0.20030498522158036]], "inverted": true, "swapped": false, "error_lsq": 0.043925867356612046, "error_max": 0.21752622657500595, "target": "841.xyz", "model": "12.xyz", "model_rescale": 3.9764082729961374, "target_rescale": 3.7366250594538197},
{"mapping": [8, 1, 2, 11, 0, 5, 7, 13, 3, 14, 4, 15], "R": [[0.36232531853695976, -0.5478942618244868, 0.7540107700868015], [0.7841604125919902, -0.2580819523227364, -0.5643457745113757], [0.50379838315605, 0.795742159084892, 0.3361273648250975]], "T": [0.19857636540801457, -0.009842121173040619, 0.04681310948960416], "aligned_model": [[0.14537543518999219, 0.3403919466440154, -0.24063465008407234, 0.5962910042532014, -0.3990891500582423, 0.047638772068892304, -0.5282045321487974, 0.7392716986955423, -0.09374062683207349, 0.42877032397863624, -0.35793400491966665, 0.13080122058066695], [-0.6389610799475397, -0.029286656908058817, -0.215311936961744, -0.6890056196682117, 0.310271484356406, 0.790730158423032, -0.21462674824412875, -0.0037957437610856015, -0.7522427227277708, -0.4283268102195302, 0.22693839844737307, -0.04876129954762895], [-0.2710419414109217, -0.5719217523128809, -0.5865393615534046, 0.15219198360321765, -0.21286196570948468, 0.24461547017839796, 0.01703925544179411, 0.3333310741413522, 0.31483469476305637, 0.6876635959888492, 0.4342339595032063, 0.1208435226408823]], "inverted": false, "swapped": false, "error_lsq": 0.043177933037095995, "error_max": 0.2162102709112199, "target": "841.xyz", "model": "13.xyz", "model_rescale": 4.170626492500431, "target_rescale": 3.7366250594538197},
{"mapping": [5, 11, 6, 12, 3, 1, 2, 10, 4, 8, 0, 13], "R": [[0.33575864520622145, 0.07800648105241159, 0.9387124805195158], [-0.19968819748446753, -0.9680192372413451, 0.15186632317959292], [0.9205382968430412, -0.23844023411434578, -0.30944385403625163]], "T": [0.05765835757529744, -0.05176428900415614, 0.13703279060999154], "aligned_model": [[0.29833053870302195, 0.3731620404030469, -0.24230209412305923, 0.541227158617757, -0.2524884574547335, 0.02270794586503727, -0.5934725694926701, 0.6097450491871931, -0.1419702010855547, 0.366260157541882, -0.2547065227781501, 0.08244439198432432], [-0.6735436765724836, 0.018139351828506053, -0.35840718065701127, -0.6007741266980171, 0.34546811795966165, 0.6961227804951484, -0.1416885564631446, 0.0005836156249686419, -0.6873423784954593, -0.4013670508075852, 0.19150818705598868, -0.08107766002945976], [-0.4815843145387475, -0.4916408594276178, -0.5864885507793143, 0.11568954905930105, -0.3335933586999922, 0.3109806847977965, 0.16660151012771285, 0.24089946861983721, 0.38045025366183627, 0.7150458793906198, 0.5832447250550767, 0.04278354800755557]], "inverted": false, "swapped": false, "error_lsq": 0.04358609985036821, "error_max": 0.25379463549754605, "target": "841.xyz", "model": "14.xyz", "model_rescale": 3.9786697098870705, "target_rescale": 3.7366250594538197},
{"mapping": [2, 8, 3, 5, 9, 6, 0, 7, 4, 10, 1, 11], "R": [[-0.285652858584054, -0.6407831027482136, -0.7126004908889207], [0.40890321791621365, 0.5910019263873818, -0.695352343336937], [0.8667182949266297, -0.4900140184104698, 0.0931968829988421]], "T": [0.07531422442489061, -0.10413479828806882, 0.08687000320167246], "aligned_model": [[-0.09992281828386429, 0.3520651011100859, -0.2499001572120988, 0.677439399654397, -0.09941680213352405, 0.02791440711540627, -0.592474897256067, 0.653545674239582, 0.03702075918013875, 0.3279238903799834, -0.27427235043570525, 0.04901523100976047], [-0.817616076850139, -0.23737419007725213, -0.10303988078379084, -0.6206276646329194, 0.3392808366608986, 0.6546689010309911, -0.2538348254399397, 0.15882750077070146, -0.6539833687843605, -0.2195040230761065, 0.06812937922567114, -0.0073051648026410815], [-0.3758219680612366, -0.3348933697358303, -0.7730041965710542, -0.03698467010403603, -0.3134622476723624, 0.3089643390651823, -0.037440804510480416, 0.2695588783682308, 0.353543755441898, 0.8712164108142469, 0.6425554999667884, 0.08815690827271792]], "inverted": true, "swapped": false, "error_lsq": 0.05745853685207756, "error_max": 0.28594003876665214, "target": "841.xyz", "model": "15.xyz", "model_rescale": 3.769337070930944, "target_rescale": 3.7366250594538197},
{"mapping": [8, 6, 3, 0, 9, 10, 7, 4, 1, 2, 11], "R": [[0.41152818583786593, 0.7699674536446388, 0.48764195121932075], [0.9106841988262071, -0.3685532614619081, -0.1866086371904047], [0.036039454341937116, 0.5208825335848591, -0.8528672487186701]], "T": [0.11607101858299401, -0.07798476888702435, 0.13074898116170136], "aligned_model": [[-0.31658363056006444, -0.213337869364291, -0.1131319700903467, -0.5442717529636381, 0.3937202361682551, 0.33823191147960247, 0.5724626520970055, 0.11029769042399404, 0.10264871319105556, -0.42370255205832813, 0.016292702367926015], [0.02328586101584676, -0.6362051322538914, 0.7417979438855801, 0.35654168321847457, 0.2674447707386335, -0.4512237588775295, 0.43457951476323187, -0.49127297852705365, 0.35361917716276525, -0.010581928924969591, 0.00807934542425448], [-0.6334303181901755, -0.038552116575445994, -0.31609163569422755, 0.12394830602602602, -0.6319168721923101, -0.31504893463999567, 0.003744023979119715, 0.4675120694654962, 0.47709174025469375, 0.6532122484308638, -0.04625090364026779]], "inverted": false, "swapped": true, "error_lsq": 0.03808483049366941, "error_max": 0.20416526339923147, "target": "841.xyz", "model": "16.xyz", "model_rescale": 3.7852294659196426, "target_rescale": 3.7366250594538197},
{"mapping": [7, 11, 6, 2, 10, 9, 4, 8, 1, 3, 0, 12], "R": [[-0.8735217313474287, 0.29120960801181034, -0.39007274842700584], [-0.4862895170710087, -0.5581864780518645, 0.6722725349937334], [-0.02196111223585015, 0.7769329571601807, 0.6292001983690891]], "T": [0.054476644539917185, -0.20177018151337842, 0.10037709596330141], "aligned_model": [[0.17323155630988693, 0.5566539334021379, -0.24680349082438285, 0.5296280648691302, -0.3871058214693336, 0.18849957738584974, -0.6226127762859451, 0.553136073213973, -0.0631178256929833, 0.24716766838793203, -0.17525383050530227, 0.05551430857713237], [-0.6167524712438182, -0.012829846509071957, -0.20530323814355575, -0.5868864131925506, 0.3187193597626906, 0.6517035793327576, -0.2200266607427432, 0.17845186687537032, -0.8462993440481398, -0.41658901416780025, 0.18663228652994127, -0.12319868121196777], [-0.45199413366131375, -0.3996744961676743, -0.7342551784232703, 0.10228415826813919, -0.3278175308298848, 0.07067560559044922, 0.3077494718030941, 0.2763767532527339, 0.3125276402943311, 0.8414698092104034, 0.612348371907643, 0.05269806402941353]], "inverted": true, "swapped": false, "error_lsq": 0.04478925704598139, "error_max": 0.2368956979374042, "target": "841.xyz", "model": "17.xyz", "model_rescale": 3.901054581598922, "target_rescale": 3.7366250594538197},
{"mapping": [10, 5, 9, 4, 13, 2, 12, 8, 6, 1, 0, 14], "R": [[-0.7984130304303029, -0.6020334066754149, 0.009613016482601627], [-0.5057565149964549, 0.6618968910963615, -0.553265626164876], [0.3267215639925548, -0.44659633093406176, -0.8329494203242435]], "T": [0.013943193661748274, -0.17457077591291115, 0.08817557400538231], "aligned_model": [[0.29946607706894424, 0.2476931654714189, -0.16960595162712094, 0.6815842009993079, -0.29687162648490584, 0.16922004631089238, -0.726249565160838, 0.6355678076836627, -0.15147346668531447, 0.21163722482656633, -0.059640653107085356, -0.032389821927433], [-0.7260538434782442, 0.15463371494512618, -0.2038821009994808, -0.5925767900701671, 0.34923657158074983, 0.6370783479674702, -0.16483759359233677, 0.053808684497825665, -0.843868301584388, -0.3721437107412066, 0.19902516830515948, -0.18279872358939497], [-0.44735860545325123, -0.3883445209260895, -0.5439954304069435, 0.1595928503428388, -0.307453303339835, 0.11738003811095735, 0.024969173809404915, 0.1311163872775989, 0.38550350051045235, 0.7265857516349172, 0.7443127597051371, 0.06007993400887718]], "inverted": false, "swapped": false, "error_lsq": 0.04839124797527546, "error_max": 0.3027570459810549, "target": "841.xyz", "model": "18.xyz", "model_rescale": 3.9405287249114394, "target_rescale": 3.7366250594538197},
{"mapping": [13, 11, 9, 14, 8, 2, 0, 10, 12, 3, 1, 15], "R": [[-0.8029349934595785, 0.005937831644326319, -0.5960370277368936], [-0.592355129179295, 0.10346583916377888, 0.7990057703553313], [0.06641383299469744, 0.9946152835551538, -0.07955903786153878]], "T": [-0.07435847130429449, -0.21461890802730804, 0.00955563188352198], "aligned_model": [[0.2111061211296549, 0.49858393507136234, -0.031099496588447434, 0.5973933247478959, -0.6113928333371412, 0.22833067033333157, -0.7037660390254263, 0.6353013270475071, -0.07841151340642469, 0.3348849954487294, -0.2211651503695015, -0.05082790368344567], [-0.6805261146511516, -0.10364771868270412, -0.08407038179051851, -0.5854074372259628, 0.23933923648616012, 0.5765586895377903, -0.07006802929849434, 0.07542533063349172, -0.6423293251708404, -0.2721002769122093, 0.03782942552200358, -0.18338197520645205], [-0.38130276530714013, -0.41309741260064126, -0.7454911152523566, 0.1144572676741065, -0.2693498226379335, 0.2038301172356735, 0.2454060402148368, 0.18322585722305276, 0.35188067351211333, 0.7543000659178086, 0.60136393010978, 0.01716569918476383]], "inverted": true, "swapped": false, "error_lsq": 0.04379110509534775, "error_max": 0.26485799806279003, "target": "841.xyz", "model": "19.xyz", "model_rescale": 4.410303926677745, "target_rescale": 3.7366250594538197},
{"mapping": [11, 6, 4, 10, 2, 0, 7, 3, 8, 5, 1, 13], "R": [[-0.9846388837612778, 0.06844609411532043, 0.1606281444383315], [-0.1616765827872609, -0.010027531605449225, -0.9867928512044136], [-0.06593141257078264, -0.9976044210057705, 0.020939628128570753]], "T": [0.03110759989531972, -0.15829816022557572, 0.014064354965108931], "aligned_model": [[0.25127407749373987, 0.3986385348852628, -0.10780226128302384, 0.5935667425693032, -0.38636860509427684, 0.14933152609957562, -0.6531416444312944, 0.6412329182908827, -0.18471244544471713, 0.422266493522528, -0.3483102325657046, 0.032962333325819604], [-0.6410361894825172, 0.0022673037210338975, -0.05592809112337063, -0.7234495986985329, 0.3037489456039445, 0.5431761152027409, -0.20786262854070428, 0.20442546395824698, -0.6745673964068071, -0.39277047060072023, 0.16888371759239154, -0.21926574798459297], [-0.6228218528810878, -0.4050365479109966, -0.6680777229286867, 0.21250219768072276, -0.21140142517933005, 0.09842261898181431, 0.2043260171065108, 0.16286409963583381, 0.5412695950846977, 0.7148411943170248, 0.5727360102425909, 0.06276435112497022]], "inverted": false, "swapped": false, "error_lsq": 0.04087055776795941, "error_max": 0.26095574930000764, "target": "841.xyz", "model": "20.xyz", "model_rescale": 4.121658175737393, "target_rescale": 3.7366250594538197},
{"mapping": [4, 3, 2, 11, 1, 5, 6, 7, 10, 9, 8, 12], "R": [[0.6586667653965209, -0.6439299573963788, -0.38924581196151975], [-0.42229159798670146, -0.7445178706175307, 0.5170715101424332], [-0.6227582985652805, -0.17620258312134957, -0.7623153883199796]], "T": [0.03194428251728792, -0.0913556754510203, 0.07056384309605852], "aligned_model": [[0.15808471804570873, 0.4634726858107245, -0.3006854047139039, 0.7393532573091249, -0.3332978263217537, 0.1441292087141543, -0.5996976627250628, 0.6927763859566116, -0.21445102477255426, 0.21683364333185112, -0.26208690879576574, 0.10450636552896003], [-0.5316384282509018, 0.0632166747801933, -0.32900737316242806, -0.611185881240659, 0.30790755131434405, 0.5569471357033342, -0.20518339542167954, 0.061967748275493645, -0.8093041159342552, -0.3636317962856609, 0.18738695512857734, -0.019853651665245442], [-0.2749376620216129, -0.4514814888847916, -0.5690382175295178, 0.13315859266535357, -0.3648232762324325, 0.24669316311492828, 0.173986109793565, 0.15187139808280525, 0.250875881019844, 0.7142598221587403, 0.6086635616418717, 0.04316065146531094]], "inverted": false, "swapped": false, "error_lsq": 0.0514043228548474, "error_max": 0.27247145482838425, "target": "841.xyz", "model": "21.xyz", "model_rescale": 4.08911054899281, "target_rescale": 3.7366250594538197},
{"mapping": [15, 9, 14, 11, 13, 7, 4, 5, 1, 8, 0, 16], "R": [[-0.284082079878659, 0.9587482649802519, -0.009956720804149277], [0.679558724910752, 0.1940092660287583, -0.7075028933457838], [-0.6763854753685121, -0.20775506995579937, -0.7066403042695574]], "T": [0.05751446712068857, -0.0915698399223521, 0.02557718609139238], "aligned_model": [[0.09028394294108125, 0.5752954881270604, -0.007519829605236991, 0.5389501345963119, -0.39729417768085556, -0.05506393099178007, -0.6385354732036433, 0.7580596923887046, -0.07925842542342675, 0.4263578406128451, -0.42009226938557703, 0.017754444992611022], [-0.7330027138896428, 0.06174060891436592, -0.1328129487546492, -0.6757164698565294, 0.3462720634386951, 0.5856811198055213, -0.10656892328693113, -0.016702141807375753, -0.7090615353971175, -0.318259653130092, 0.07557417511241729, -0.06952215790754929], [-0.31938230072219254, -0.4391230744267201, -0.6115194566326727, 0.1390912516396392, -0.16980328965579233, 0.2111935372987645, 0.06534770206083183, 0.06245901198595803, 0.505155712665357, 0.5671751111971285, 0.612121371691391, 0.039672958172371486]], "inverted": false, "swapped": false, "error_lsq": 0.0452034304923497, "error_max": 0.24962445642339032, "target": "841.xyz", "model": "22.xyz", "model_rescale": 4.204369325754507, "target_rescale": 3.7366250594538197},
{"mapping": [13, 11, 9, 14, 8, 2, 0, 10, 12, 3, 1, 15], "R": [[-0.8029349934595785, 0.005937831644326319, -0.5960370277368936], [-0.592355129179295, 0.10346583916377888, 0.7990057703553313], [0.06641383299469744, 0.9946152835551538, -0.07955903786153878]], "T": [-0.07435847130429449, -0.21461890802730804, 0.00955563188352198], "aligned_model": [[0.2111061211296549, 0.49858393507136234, -0.031099496588447434, 0.5973933247478959, -0.6113928333371412, 0.22833067033333157, -0.7037660390254263, 0.6353013270475071, -0.07841151340642469, 0.3348849954487294, -0.2211651503695015, -0.05082790368344567], [-0.6805261146511516, -0.10364771868270412, -0.08407038179051851, -0.5854074372259628, 0.23933923648616012, 0.5765586895377903, -0.07006802929849434, 0.07542533063349172, -0.6423293251708404, -0.2721002769122093, 0.03782942552200358, -0.18338197520645205], [-0.38130276530714013, -0.41309741260064126, -0.7454911152523566, 0.1144572676741065, -0.2693498226379335, 0.2038301172356735, 0.2454060402148368, 0.18322585722305276, 0.35188067351211333, 0.7543000659178086, 0.60136393010978, 0.01716569918476383]], "inverted": true, "swapped": false, "error_lsq": 0.04379110509534775, "error_max": 0.26485799806279003, "target": "841.xyz", "model": "23.xyz", "model_rescale": 4.410303926677745, "target_rescale": 3.7366250594538197},
{"mapping": [9, 10, 8, 11, 4, 3, 5, 1, 13, 7, 0, 16], "R": [[0.9591220290496748, -0.058186411463909946, -0.27694633940997915], [-0.23323428257730072, -0.7167727353073251, -0.6571442880758436], [-0.16027071729510242, 0.6948749437424031, -0.7010435861889798]], "T": [-0.017241049686621282, -0.314386445502023, 0.08202050297255475], "aligned_model": [[0.14311030077538955, 0.3551297992083769, -0.13239481357203148, 0.5529188653974025, -0.29438816679193885, 0.11136896141171466, -0.6306133798587688, 0.65805023143481, -0.10918961033705346, 0.30604526946139066, -0.16613780198716976, 0.015037782225972532], [-0.5708855152078973, -0.04129897124614701, -0.08354612528937244, -0.582752698192482, 0.20843788665158014, 0.5759388064697063, -0.1755436574675972, 0.1433442366650941, -0.8178594424669833, -0.331457758021266, 0.1830557630030002, -0.1998111016565235], [-0.4665372927731756, -0.37683364441349604, -0.6984658995237334, 0.021864769588096217, -0.26973021298904853, 0.07641734486093482, 0.07206569418734318, 0.34810255387892247, 0.5639406492110907, 0.6626455306994845, 0.6304426190821821, 0.09847642346546356]], "inverted": false, "swapped": false, "error_lsq": 0.03763557568603289, "error_max": 0.20604272032786672, "target": "841.xyz", "model": "24.xyz", "model_rescale": 4.28219845311461, "target_rescale": 3.7366250594538197},
{"mapping": [8, 1, 5, 6, 9, 7, 12, 4, 14, 2, 13, 15], "R": [[0.18674821125573451, -0.17875561931223244, 0.9660080404205154], [-0.7325370168382181, 0.6298717440044777, 0.258168753079303], [-0.6546102844857755, -0.7558492010110603, -0.013317686600684817]], "T": [0.06702411558957472, -0.11411190033396096, 0.037536004380163426], "aligned_model": [[0.2337469712607842, 0.49007065137620986, -0.09199863144209852, 0.5135260963314418, -0.3801271876137928, -0.02606111304034757, -0.6441882237998, 0.6191180882063778, -0.22131478726719395, 0.32249943970137224, -0.14413016909767587, 0.13779630275281773], [-0.5894234237927176, -0.06843870272916722, -0.21080087296875577, -0.8929954955959811, 0.30992754028427455, 0.6337940353848748, -0.154541359070012, 0.3197077430684027, -0.6940951706104521, -0.33077918899713366, 0.1118716714752559, -0.12660535320747582], [-0.4401966635346203, -0.4408184525094446, -0.7935137470856979, 0.11610738076062792, -0.24016878261958147, 0.2312312734955263, 0.3149569253641925, 0.24159809155991052, 0.4383161288790842, 0.6346688783548265, 0.5447457738716123, 0.05546172873762782]], "inverted": true, "swapped": false, "error_lsq": 0.04617448388129611, "error_max": 0.22785405805206646, "target": "841.xyz", "model": "25.xyz", "model_rescale": 4.100010024507729, "target_rescale": 3.7366250594538197},
{"mapping": [7, 8, 3, 9, 1, 0, 2, 10, 5, 4, 6, 11], "R": [[-0.4181320011665365, 0.2962041540009254, -0.8587367051390455], [-0.6271515483123815, -0.7780175745277337, 0.037007960972813836], [-0.6571503367189662, 0.5540322670012812, 0.5110789391782555]], "T": [0.015559413904054381, -0.10294266207254472, 0.03621398237240388], "aligned_model": [[0.09360400169770958, 0.3106331771513765, -0.22312476301407072, 0.7020070839238373, -0.23420593612701293, 0.228636581105343, -0.70831423503233, 0.6344975471280622, -0.0608507338676193, 0.3091360588048596, -0.34075331300129874, 0.0976719685992379], [-0.703457953312174, 0.05521490079542769, -0.25014256061639945, -0.5569410658171869, 0.5041835528186053, 0.569443395105848, -0.19006481366344452, 0.0749498636806507, -0.7050670656089031, -0.2719955066010662, -0.04995807939168803, -0.16854324414855704], [-0.26684817956612267, -0.47834941363001376, -0.7249914301210582, 0.08077795729199817, -0.2248637510213219, 0.3125011280441154, -0.09096289234298631, 0.05271243856750431, 0.47869998475555925, 0.843105220122479, 0.5753948544240589, 0.10521261874985179]], "inverted": false, "swapped": false, "error_lsq": 0.04917898672860203, "error_max": 0.2863543899838909, "target": "841.xyz", "model": "26.xyz", "model_rescale": 3.6694154284099745, "target_rescale": 3.7366250594538197},
{"mapping": [10, 8, 4, 9, 0, 1, 2, 7, 12, 3, 6, 13], "R": [[-0.5030392696874401, -0.8344612985234627, 0.22500185425650088], [0.287149063747588, 0.0841800269263816, 0.9541798249049063], [-0.8151667978648363, 0.544598994061879, 0.1972689213372928]], "T": [0.10965459979773745, -0.14503252548478215, -0.01025648506572089], "aligned_model": [[0.048870534127205156, 0.5287690098923151, -0.17522605635993072, 0.5145258437033638, -0.3059368353480467, -0.040373016739978534, -0.5606568367379692, 0.651170733900891, -0.14270063925269433, 0.48093840219140205, -0.24345316760419572, 0.05300946559573265], [-0.5860049685077701, -0.20378124004796622, -0.094151913762342, -0.67450105246336, 0.3248860879407822, 0.6255613779047932, -0.2582187418408851, 0.087793410960362, -0.5949725702349932, -0.1964165750433667, 0.030371655477387377, -0.15294404714152907], [-0.4149036421637721, -0.4890559130293486, -0.7795319527538912, 0.13329103413192536, -0.218567787982303, 0.39387641885399094, -0.011307522510261618, 0.2103809653883235, 0.5927390396369315, 0.7055222781457939, 0.5516498324871292, -0.011704214930453996]], "inverted": true, "swapped": false, "error_lsq": 0.04906606821255161, "error_max": 0.317624573916664, "target": "841.xyz", "model": "27.xyz", "model_rescale": 4.103607728864725, "target_rescale": 3.7366250594538197},
{"mapping": [8, 13, 4, 11, 2, 3, 1, 10, 7, 6, 0, 14], "R": [[0.07154855978709512, 0.6308467845573674, -0.7726015389617231], [0.2836073400137843, 0.7297485769020879, 0.6221204796497888], [0.9562675777640368, -0.26362729168848964, -0.12670031884053715]], "T": [0.23469316398344794, -0.0724957710348694, 0.16461908491396285], "aligned_model": [[-0.011875409293269829, 0.4562830196100693, -0.20318593991427356, 0.678581213144036, -0.22197534470639282, 0.016629357280669804, -0.6522311868022279, 0.6247832814018615, -0.0763289303537669, 0.46700087326580275, -0.35088348974629524, 0.08213999348188156], [-0.7082514229278905, -0.1754663598151518, -0.1787926347043593, -0.5865020554089969, 0.3179729039752731, 0.6444339295118849, -0.1950396278936252, 0.16688173156654404, -0.716861193649154, -0.4385022740627793, 0.22257149773912907, -0.044823071089761767], [-0.2906815482560158, -0.4355205044178161, -0.6218744969277936, 0.0605894117644314, -0.26000874417746833, 0.20923783934574144, 0.1298479588974421, 0.38890325253742863, 0.25483939602288375, 0.6265061174242239, 0.44697883857332577, 0.15357101448768018]], "inverted": true, "swapped": false, "error_lsq": 0.04746409810141216, "error_max": 0.20294542099039392, "target": "841.xyz", "model": "28.xyz", "model_rescale": 4.137296879288765, "target_rescale": 3.7366250594538197},
{"mapping": [3, 0, 2, 4, 5, 1, 7, 8, 10, 9, 11], "R": [[0.9849738705731905, -0.06804720576147089, -0.15873264338542362], [0.12630177103339674, 0.9106795334744247, 0.3933327471043209], [0.11778937525046747, -0.40747069231892036, 0.9055900275396391]], "T": [-0.11184876065061665, 0.08420065348831758, -0.1382242618518468], "aligned_model": [[0.5446664304166884, 0.11881446029172017, -0.12567592733827992, -0.46115775606473214, -0.08616647462513882, 0.3421158876503302, 0.48451499999372183, -0.23817933155308796, -0.46621979220003446, 0.19011284312008264, -0.08140632898137146], [-0.43751526426039683, -0.6685389553539449, -0.3707431482471021, 0.24856485188757427, 0.855807196184632, -0.0056976383566648, 0.3465609598914127, -0.4640425710049066, 0.339925197625998, 0.13560886618036977, -0.06078167789901949], [0.3319294875911042, -0.20956585196648567, -0.7396404761055994, -0.5059435694721469, -0.3040339550528861, -0.441950827236376, 0.11210164926934266, 0.5436010391723085, 0.304974020228606, 0.6889675201793456, 0.025314985175785704]], "inverted": false, "swapped": true, "error_lsq": 0.05040317441432447, "error_max": 0.2435653899193986, "target": "841.xyz", "model": "29.xyz", "model_rescale": 3.607286011436655, "target_rescale": 3.7366250594538197},
