[{"mapping": [7, 1, 5, 6, 8, 9, 10, 2, 3, 0, 10, 11], "R": [[0.8359734719204247, -0.36826187703898916, -0.406855679774821], [0.4549868265084267, 0.05061158202907809, 0.889058746916257], [-0.30681483332639276, -0.9283435019884798, 0.20986424270623985]], "T": [-0.05254634018384197, 0.01627135181495417, 0.1286503576601816], "aligned_model": [[0.26110532666523867, -0.48897872521360924, 0.2552385771228395, -0.2635750379544434, -0.5126213613127256, 0.15124497604183806, 0.6171224784313134, -0.7856703884363216, 0.28358955454404466, -0.15378827795059452, 0.6171224784313134, -0.050153992647205325], [-0.4273225470169258, -0.0182732811303637, 0.3243277433328, -0.6446627266340491, -0.2590389824831279, -0.47514172100777874, -0.05585943105359673, 0.34773966283452123, 0.07447492942876638, 0.5651934263465447, -0.05585943105359673, 0.06720160924278867], [-0.646881972206174, -0.4283182241744288, -0.5777886254469456, -0.08060431998638307, 0.46870724327367097, 0.42248486162098187, 0.0386383056770338, 0.09112524273491344, 0.7266951039922277, -0.1382316764497777, 0.0386383056770338, 0.0813995223268163]], "inverted": true, "swapped": false, "error_lsq": 0.05851152176040977, "error_max": 0.4240240135757813, "target": "842.xyz", "model": "0.xyz", "model_rescale": 3.751011558992144, "target_rescale": 3.9619867048979702},
{"mapping": [8, 5, 4, 2, 3, 0, 1, 13, 7, 10, 6, 14], "R": [[-0.33592536197972805, 0.9219148105862808, 0.19294360108708122], [-0.37413465034130755, 0.057387851266600454, -0.9255970494448382], [-0.8643942472001861, -0.38311841061043334, 0.3256422405931994]], "T": [-0.03464985184447803, 0.06723857621305362, 0.017486798210833723], "aligned_model": [[0.018001487549480964, -0.5147904945260837, 0.48579082636880283, -0.5170109152147441, -0.3790689509987014, 0.14042733073020067, 0.5902401417620123, -0.7458251037538111, 0.2899017270699082, 0.052723679616540974, 0.5717250562706067, -0.061479177152524586], [-0.28704084475068525, 0.06111051968304684, 0.16134601959647923, -0.5906538017876413, -0.34444573690268515, -0.5990246073051451, -0.23495789531962397, 0.005844591077388744, 0.013167660038255369, 0.7357651860024164, 0.4190126941527312, 0.10265546632144515], [-0.5412011115218657, -0.3819045601885186, -0.5706112033760986, -0.11758179732863784, 0.5608995326815955, 0.33520659446122925, 0.07973901037647603, 0.1515119374998382, 0.5931773682616563, -0.44930200428171996, 0.28635514150607055, 0.04957485894894348]], "inverted": true, "swapped": false, "error_lsq": 0.05544188996521814, "error_max": 0.29154404746338386, "target": "842.xyz", "model": "1.xyz", "model_rescale": 3.9405287249114394, "target_rescale": 3.9619867048979702},
{"mapping": [7, 4, 1, 3, 10, 11, 6, 8, 5, 2, 0, 12], "R": [[-0.24567981810672557, 0.9132743536359637, 0.32491750024561517], [-0.46453973700009465, 0.18326828324593958, -0.8663807298780192], [-0.8507903735485782, -0.36378935023843006, 0.37922690955438765]], "T": [-0.01714683823298701, -0.04326488018454478, -0.0018092858052531394], "aligned_model": [[0.11371421501035095, -0.47843789506805856, 0.26823409928889624, -0.2916577611528823, -0.5664637621556832, 0.19267975769799178, 0.39504476493207863, -0.7776669603442673, 0.2431036555686944, 0.07715335229432227, 0.7898409250130538, -0.03490878336280905], [-0.528629590660182, 0.061722155533830696, 0.38886448798068785, -0.5201602176236368, -0.507868531011997, -0.28788827259289906, -0.3973117819155142, 0.03316687781936708, 0.3620230674566928, 0.6271062322114486, 0.16966413753016957, 0.04209068607801488], [-0.6151658996320596, -0.5193844060514468, -0.6010156459404856, -0.15677466547249716, 0.4385104662412343, 0.6336011992859425, 0.008416517064841474, 0.1264759446074381, 0.5423300716662344, 0.07486974166042679, 0.07795268296481841, -0.013952239355478725]], "inverted": false, "swapped": false, "error_lsq": 0.05779040380532428, "error_max": 0.31741528409544223, "target": "842.xyz", "model": "2.xyz", "model_rescale": 3.932901565614263, "target_rescale": 3.9619867048979702},
{"mapping": [8, 3, 11, 7, 4, 5, 9, 0, 6, 1, 10, 13], "R": [[-0.5851090055435535, 0.12616206956382078, -0.8010808847021675], [-0.7967949477440116, -0.27322638945271516, 0.5389481898626722], [-0.15088161876601025, 0.9536406410750367, 0.26039252064631474]], "T": [-0.029983619805154606, -0.013879755969178016, -0.025659632570595205], "aligned_model": [[0.11260318648860265, -0.3126593476353674, 0.48361493449722803, -0.29412054878359883, -0.5784859790481398, 0.20277703674145056, 0.37685537137183245, -0.6667517950956229, 0.2093084984612602, -0.19809318116040833, 0.5345530231844406, 0.06103440870001026], [-0.32730856428816635, 0.04531092045538359, 0.3362786856135441, -0.676771559735163, -0.26629557928677433, -0.45708123393972017, -0.6224262354787605, 0.1838286411034038, 0.14006927665057095, 0.703953534765731, 0.40954232280562053, -0.026320957859687293], [-0.6739019563343204, -0.4467016433026375, -0.6669975225898036, -0.04908369278349082, 0.6057339202802036, 0.490280879836976, -0.08847807670470129, 0.04058242210198181, 0.5954130187132736, 0.0466118210317028, 0.09745641930444968, 0.04494817748533456]], "inverted": true, "swapped": false, "error_lsq": 0.050174600130103, "error_max": 0.3010879153819843, "target": "842.xyz", "model": "3.xyz", "model_rescale": 3.9243930471874484, "target_rescale": 3.9619867048979702},
{"mapping": [2, 3, 4, 0, 5, 1, 7, 6, 9, 10, 8, 12], "R": [[-0.3259637134336508, -0.8882558414297939, 0.3236498380818285], [-0.12638115370781083, -0.2983327278022676, -0.9460578140417957], [0.9368967187006407, -0.3492837581221137, -0.015013154234381987]], "T": [-0.0069322838964796145, 0.10529952967173678, 0.09621065987897118], "aligned_model": [[0.0831666761442288, -0.3936556016861459, 0.2826689267956961, -0.33045735569497187, -0.5309128193617932, 0.18837677742007128, 0.5936356599689663, -0.7175064088754998, 0.31126612231202166, -0.041671153320617875, 0.5591710940836331, -0.07344631006390069], [-0.5175498182530447, 0.0538338922273702, 0.12352076703683472, -0.651912020616392, -0.3472081563280717, -0.5160279471147615, -0.35115453591846385, 0.23413948575621196, 0.24369105788752438, 0.7801018800602957, 0.3798730891192778, 0.011471556949201461], [-0.5784413670970361, -0.452195880932562, -0.4216371891216666, -0.11659100691107316, 0.4033006993453545, 0.38941167819278233, -0.1756102181263504, 0.09730307150506452, 0.7104459169111145, -0.10519122288313595, 0.1179522055471312, 0.1271170806093455]], "inverted": true, "swapped": false, "error_lsq": 0.04427797701465536, "error_max": 0.20740721349538777, "target": "842.xyz", "model": "4.xyz", "model_rescale": 3.8936222436046832, "target_rescale": 3.9619867048979702},
{"mapping": [0, 2, 3, 1, 5, 6, 9, 4, 7, 10, 8, 11], "R": [[0.9033795475127627, -0.30504840650619713, 0.30141476875506024], [0.36788665403162124, 0.9124486424785409, -0.17915603429548926], [-0.2203742337957294, 0.2727323679490539, 0.9365106793581415]], "T": [0.06857395711645389, 0.0028678961383310567, 0.019033314849614145], "aligned_model": [[0.13172196692348587, -0.4214237480001768, 0.30231321083007456, -0.30255782770729445, -0.47089932178710514, 0.1581789247188088, 0.5454516011251626, -0.6943696143334174, 0.12058491248018113, -0.0838228134135561, 0.7198026835992819, -0.07434436671375746], [-0.39670794780893975, 0.15553179318759253, 0.18547422522803983, -0.6811269849506765, -0.29359538402234947, -0.51150935287122, -0.37931902855042626, 0.20357033204298053, 0.25303821729908793, 0.6156844765444153, 0.35137539931910267, -0.05963649461162442], [-0.7677765622924172, -0.5229578736786595, -0.4732094323503517, -0.1746699842927133, 0.5465264066643564, 0.6206940361785563, -0.07346971787316253, 0.1099191658502302, 0.6143963959358799, -0.007395128095089139, 0.036540238082505026, 0.08726622290983399]], "inverted": false, "swapped": false, "error_lsq": 0.04214393923292248, "error_max": 0.20093828903056624, "target": "842.xyz", "model": "5.xyz", "model_rescale": 3.6523030999806103, "target_rescale": 3.9619867048979702},
{"mapping": [5, 3, 1, 7, 11, 9, 8, 4, 10, 2, 6, 12], "R": [[-0.9787678075829923, 0.20182453123334848, 0.03578320041055572], [0.182876393788432, 0.7810026911788978, 0.5971524269114695], [0.09257323281662586, 0.5910174743302931, -0.801329234211582]], "T": [0.0445749235002018, -0.052868018738480356, -0.037555590835842284], "aligned_model": [[0.23493824746184733, -0.5375935495421957, 0.20698897236240799, -0.388917066156041, -0.6254135773029678, 0.1740186452869334, 0.6491006593333151, -0.36774858759960094, 0.1353011507539966, -0.10970520963221413, 0.5671600376114322, -0.007494114855225727], [-0.47318304370536435, -0.0033615704275049355, 0.33970188940257146, -0.5703244885207625, -0.3501849560123057, -0.526192303155851, -0.34989551910408057, 0.2678088268657793, 0.2224386796638228, 0.6868454426913446, 0.30226649776116854, -0.10314020465283541], [-0.5385552062689337, -0.41341418594721635, -0.5869965885305481, -0.1431091624547784, 0.44956559608032176, 0.49335995786416065, -0.04269382092870515, 0.19969382394647106, 0.6867703131397849, -0.10989693246888813, 0.11544354567159795, -0.11430357306429775]], "inverted": false, "swapped": false, "error_lsq": 0.05020521526153649, "error_max": 0.38368144314640346, "target": "842.xyz", "model": "6.xyz", "model_rescale": 4.08911054899281, "target_rescale": 3.9619867048979702},
{"mapping": [11, 1, 12, 9, 3, 8, 10, 0, 4, 7, 5, 14], "R": [[-0.28348763876438876, 0.8762442301419266, 0.3896547289726817], [0.687667284093398, 0.46894906778463796, -0.5542566898211777], [-0.6683924483829853, 0.11082788894002116, -0.7355057538712373]], "T": [-0.006995712012870169, 0.04709780871628185, -0.07474157839523533], "aligned_model": [[0.14712262992239175, -0.5892373487921305, 0.5375314596601216, -0.407976727677933, -0.43173567842645966, 0.14427720136860603, 0.6212575568978524, -0.902225153215114, 0.2203297349102173, 0.06422390226551813, 0.6090837533739742, -0.08201572256535687], [-0.32670563061390817, -0.10360554519457524, 0.17348334264751183, -0.626526106930936, -0.13233885888647548, -0.5020864411269532, -0.3054065495782213, 0.08503539922083717, 0.058636482306165826, 0.8179102452772902, 0.3969329530548062, -0.0925500393695596], [-0.5002408009341295, -0.49453823676214276, -0.5169166275939969, -0.07320754706727818, 0.568570071986113, 0.3003079365840371, -0.09244485459923509, 0.21123249374298464, 0.5923712230823406, -0.08279879394218716, 0.20554879549875332, -0.12201989295629018]], "inverted": false, "swapped": false, "error_lsq": 0.049986059867587966, "error_max": 0.2867552091302383, "target": "842.xyz", "model": "7.xyz", "model_rescale": 3.964800864290218, "target_rescale": 3.9619867048979702},
{"mapping": [4, 6, 2, 11, 10, 9, 12, 3, 8, 0, 7, 13], "R": [[-0.9935222007572412, 0.11250920178058597, 0.015978614369952484], [0.08260612019560537, 0.6184788990955892, 0.7814474264336261], [0.07803759035693926, 0.777705298225622, -0.6237664655967642]], "T": [-0.02516445189088014, 0.07495737944341299, 0.020307155717531306], "aligned_model": [[0.06578591295302887, -0.43100432039658426, 0.31064904069561455, -0.20297156634619282, -0.4907322112317549, 0.11231346205929062, 0.5410000314091451, -0.6735215399932784, 0.2868476243824945, -0.2389431818396725, 0.6671874617117715, -0.01597510568217454], [-0.2455150240821332, -0.08389285494664128, 0.3397593423719567, -0.7117884199846993, -0.30029222831752467, -0.4716822315363247, -0.424806342461978, 0.399155114582756, 0.004952563700227702, 0.6705013101466496, 0.21028109359970723, 0.056106927733986296], [-0.5994660808191569, -0.3625327943190815, -0.4853784643866422, -0.1708707761286314, 0.5838392367429256, 0.4154548314951383, 0.0010994123452346127, -0.001865136457758737, 0.7194533288742048, -0.31552830063983894, 0.11616895770041129, 0.09548955263216359]], "inverted": true, "swapped": false, "error_lsq": 0.04477332265501722, "error_max": 0.22932646374446697, "target": "842.xyz", "model": "8.xyz", "model_rescale": 4.121658175737393, "target_rescale": 3.9619867048979702},
{"mapping": [3, 10, 11, 0, 4, 1, 2, 5, 6, 7, 8, 12], "R": [[0.903353515895502, -0.10135019481738575, -0.416750000995457], [0.39681895439187853, -0.17121135567680815, 0.9017878847726033], [-0.16274871045440484, -0.9800075559391304, -0.1144467017770317]], "T": [-0.011810018772566114, 0.04707318218625283, 0.024560315896686037], "aligned_model": [[0.21964150445053304, -0.41016828662069477, 0.19520215386203177, -0.3979627667237414, -0.5272265843105081, 0.07967841879357475, 0.47825211430249687, -0.6222932835115916, 0.32184074931310586, -0.06790564618029209, 0.665368213604583, -0.0037909792578099018], [-0.314588630325911, -0.03121849178884279, 0.3583447884008163, -0.6367606391789135, -0.29881554679410566, -0.5040682263327703, -0.43862082554562654, 0.11966635605186338, 0.182827606652061, 0.7182908810852215, 0.308949685393131, -0.02122770681094103], [-0.6374932448052755, -0.6170485484580553, -0.48855567693457747, -0.021064273188020177, 0.6592528941203089, 0.42805099648411243, -0.05472957903419578, -0.03674482954376464, 0.6165315578398834, -0.014567571648032587, 0.08290135111202634, 0.07933069109455926]], "inverted": false, "swapped": false, "error_lsq": 0.043660943520759006, "error_max": 0.24585486478315208, "target": "842.xyz", "model": "9.xyz", "model_rescale": 3.833441315466971, "target_rescale": 3.9619867048979702},
{"mapping": [6, 12, 7, 1, 0, 5, 4, 10, 2, 11, 3, 14], "R": [[0.7816434315569285, -0.5946959755958567, 0.1880697809697286], [-0.4000797895920969, -0.7093630597091962, -0.5802932116438646], [0.47850779289772605, 0.3783394588595005, -0.7923948169984756]], "T": [-0.04913050039439217, 0.01937810520242699, 0.024107209303448077], "aligned_model": [[0.13040077941708791, -0.4183019204306937, 0.2818722294008067, -0.34911573216670394, -0.5458253910870609, 0.13421728159937102, 0.5928320561703143, -0.7666044826602634, 0.3205164151020472, -0.2716253176473929, 0.7976128863693499, 0.024656803654825733], [-0.39662608836460095, -0.10332051091058164, 0.49746952776923603, -0.6460239613079676, -0.32709940812922056, -0.47182690267348876, -0.43359903543347955, 0.38324570391482315, 0.12144961612231164, 0.5483533505277755, 0.19813104906445864, 0.0726259102267162], [-0.48179653504799896, -0.4359770976915917, -0.30113079788203984, -0.08928539855100621, 0.33566856765679437, 0.4513500355072357, -0.11230527590396698, 0.1931799714465478, 0.6320486698488982, -0.34469941641267404, 0.09755700018237175, 0.05125404388639857]], "inverted": true, "swapped": false, "error_lsq": 0.05183197404996915, "error_max": 0.331751413185289, "target": "842.xyz", "model": "10.xyz", "model_rescale": 4.2482417240324, "target_rescale": 3.9619867048979702},
{"mapping": [9, 5, 4, 7, 3, 8, 10, 2, 1, 6, 0, 11], "R": [[0.8681701901762279, 0.15025421915030326, 0.47297377360368], [0.46024816256154044, 0.11268611714683187, -0.8806097136990351], [-0.18561290296770402, 0.9822044128540165, 0.028676499472539606]], "T": [-0.023493034525589065, -0.012998291772575485, 0.05504550742562645], "aligned_model": [[0.1925768405995669, -0.35790454426114904, 0.27853179502271086, -0.4280068903419457, -0.47814726415278613, 0.16582044446340297, 0.5436199443670704, -0.6353811862716197, 0.122315457669633, -0.1151911703806657, 0.6316872102586509, 0.010714970748818903], [-0.5777976354594894, 0.09176841706557119, 0.29938766788009336, -0.5142946021621211, -0.4559539600914949, -0.47961928879610916, -0.2984676838990482, 0.2958723480742224, 0.2042410053588382, 0.5935167803677895, 0.32536746648962117, -0.04124126402189115], [-0.504978074732426, -0.6093181348646004, -0.7045830825974502, -0.15382477848829654, 0.5601706739318943, 0.406162412123566, -0.05400703892212535, 0.3342391749364313, 0.7113179547703301, -0.15522350429566384, 0.22850137043972069, -0.06259320526241202]], "inverted": true, "swapped": false, "error_lsq": 0.048174681605181825, "error_max": 0.2733375340395729, "target": "842.xyz", "model": "11.xyz", "model_rescale": 3.6694154284099745, "target_rescale": 3.9619867048979702},
{"mapping": [5, 6, 0, 7, 9, 10, 12, 11, 2, 4, 1, 13], "R": [[0.5600292804388319, -0.3386688296097624, 0.7560890350361642], [-0.8157310957396622, -0.06596766803904033, 0.5746573293858358], [-0.14474109469854887, -0.9385902677016446, -0.31320652113457204]], "T": [-0.028967725837449845, -0.02787467029433983, 0.037867286516493126], "aligned_model": [[0.06237373980634785, -0.34419092228137876, 0.30073504753113306, -0.33888456040207093, -0.6026705928914472, 0.07137992322607496, 0.555706422296333, -0.711646264414846, 0.35336577992563306, -0.10196126548185643, 0.6471821366415802, 0.0392461637661847], [-0.4661297677311643, 0.03888716445644787, 0.26960664468761014, -0.6948702143996307, -0.3412064151468311, -0.5220836970294301, -0.37242008086545403, 0.24114355714089797, 0.0755694689987756, 0.6970591137252521, 0.4679632072547946, 0.04926026971471416], [-0.6285860116982911, -0.42692516963791854, -0.5220780794748088, -0.06812242178896655, 0.5041016748790481, 0.4241528991523001, 0.00303768954916539, 0.11915600148054953, 0.5569375840765962, -0.09183083107781936, 0.15379682010789525, -0.027776388528782142]], "inverted": true, "swapped": false, "error_lsq": 0.03492939128849889, "error_max": 0.18051841419039877, "target": "842.xyz", "model": "12.xyz", "model_rescale": 3.9764082729961374, "target_rescale": 3.9619867048979702},
{"mapping": [7, 3, 4, 8, 10, 1, 0, 11, 12, 6, 5, 15], "R": [[0.4641095920529179, -0.1218041095952663, -0.877363120634882], [0.8319162742129593, 0.4000671049818457, 0.38452779380829294], [0.3041670581507838, -0.9083556959678016, 0.2870058019252372]], "T": [0.029802463881008188, 0.014045789366106773, 0.06575066534981736], "aligned_model": [[0.16222352199028658, -0.5489459134586986, 0.4168733462145013, -0.4575098299597992, -0.46966616211374623, 0.04974978498460034, 0.6108902469372378, -0.7613329420823233, 0.08453847934573461, 0.05559193549598587, 0.7758602155382934, 0.012362924829614774], [-0.35025311114055335, -0.10899647366854717, 0.22134992971553902, -0.4901746160840206, -0.32220180768089346, -0.4759015519752373, -0.3271419624756974, 0.027846700253114018, 0.07733181079102247, 0.7556798029045227, 0.395179961262623, 0.04006056890411088], [-0.58292851065466, -0.5328764009841221, -0.5026372719102745, -0.023363573960566764, 0.5983063376370399, 0.4693300074305712, -0.20450077290388144, 0.1325264322067701, 0.6983740786467948, -0.11583319631181968, 0.09670999414666454, -0.0372433563035479]], "inverted": false, "swapped": false, "error_lsq": 0.04206533323252107, "error_max": 0.23312679771327702, "target": "842.xyz", "model": "13.xyz", "model_rescale": 4.170626492500431, "target_rescale": 3.9619867048979702},
{"mapping": [2, 4, 0, 6, 5, 11, 3, 12, 9, 7, 1, 13], "R": [[-0.34397704530991663, -0.9289490394565111, -0.1368702830883486], [0.8981327700281668, -0.3680242874488627, 0.24065670829895636], [-0.27392940641959496, -0.04014730302999236, 0.9609114810210284]], "T": [-0.020418850163830157, 0.034309202919356345, -0.061857744467987884], "aligned_model": [[0.09889237749755993, -0.5720820968099987, 0.28528316175315915, -0.17773838522828422, -0.6528330108279553, -0.02085918936968661, 0.47880460795014945, -0.6923028758703595, 0.39232241844992094, 0.15238546862188312, 0.6898136356688164, -0.05105050411351701], [-0.28480133024278975, 0.003557947609916186, 0.3052828493917008, -0.7885446743747266, -0.4980445661287669, -0.32152625358037384, -0.43093494520949654, 0.1403729355050374, 0.208598336566422, 0.8249357430342861, 0.32264280965215153, -0.03875960141737806], [-0.6247657883039656, -0.5065881720190187, -0.49657370846662935, 0.013317567565188253, 0.3174463845999332, 0.5489127403543862, 0.0371242030298314, 0.20838004307578553, 0.6131047593346641, -0.1116387083368083, -0.004866366244756837, 0.0020108124503585498]], "inverted": false, "swapped": false, "error_lsq": 0.05579171554545818, "error_max": 0.3033186010783098, "target": "842.xyz", "model": "14.xyz", "model_rescale": 3.9786697098870705, "target_rescale": 3.9619867048979702},
{"mapping": [0, 4, 1, 2, 5, 8, 9, 5, 7, 10, 6, 11], "R": [[0.3965862343454878, 0.8183592126137482, -0.415941772196388], [0.802025716452814, -0.5293192046268224, -0.27672356199206943], [-0.4466252443335647, -0.22385124244335622, -0.8662658439420022]], "T": [0.09557554274762468, -0.07869210971239843, -0.02834522913970249], "aligned_model": [[0.19543945493981674, -0.43110030494591445, 0.32258574122005856, -0.4673175863822109, -0.5809633820083672, -0.08295002061847327, 0.6082692408099372, -0.5809633820083672, 0.1265738580066212, -0.17384071950716384, 0.7999356331464178, 0.19496707506933336], [-0.4304028539984311, 0.04308816551436981, 0.36571528946045706, -0.7103238753209986, -0.11589627396609631, -0.413005108978507, -0.41214862169096467, -0.11589627396609631, 0.3232234402034007, 0.70341735648014, 0.2704895987337596, -0.06548159166505106], [-0.6200650424586233, -0.3159158224087851, -0.48838927577248575, -0.22338382562669945, 0.4024337410783638, 0.3302514353296018, 0.08726703074437363, 0.4024337410783638, 0.4954667605834051, -0.11801489525689261, 0.06811558333843472, -0.02433566359008837]], "inverted": true, "swapped": false, "error_lsq": 0.06508586763266823, "error_max": 0.46752420460774846, "target": "842.xyz", "model": "15.xyz", "model_rescale": 3.769337070930944, "target_rescale": 3.9619867048979702},
{"mapping": [2, 1, 6, 0, 10, 9, 8, 7, 5, 3, 11], "R": [[-0.05368982230855038, -0.5515236035799979, -0.8324296472823453], [-0.7632160184092857, 0.5602235289349202, -0.3219486090530313], [0.6439089316230623, 0.6180382773921353, -0.45100995050465204]], "T": [0.04339687157086195, 0.029314224115788507, 0.01989035443314008], "aligned_model": [[-0.22178154338449227, -0.3402807170552844, -0.19666315352956784, -0.6259518126138548, 0.41524132193118657, 0.2595783378243319, 0.6433971746991886, 0.25113797128809523, 0.1821558084848072, -0.45759277123759196, 0.01338551428435241], [0.0007300787434264717, -0.48144225253453304, 0.6110729584184794, 0.13290534944677407, 0.479024724923197, -0.481299432890731, 0.28647180944959466, -0.6260727862553702, 0.5456901361875182, 0.08182285701784885, 0.04716105511913726], [-0.6201347966484714, 0.14076873856084385, -0.13379902152399287, -0.14613668095890225, -0.5740464637309619, -0.443407832643743, 0.05639719372203861, 0.4183682259476666, 0.39987766789234575, 0.6442833879070413, 0.002047188699912196]], "inverted": true, "swapped": true, "error_lsq": 0.05649136809474649, "error_max": 0.33138917165707343, "target": "842.xyz", "model": "16.xyz", "model_rescale": 3.7852294659196426, "target_rescale": 3.9619867048979702},
{"mapping": [3, 2, 8, 1, 5, 4, 0, 7, 10, 11, 9, 12], "R": [[-0.34866402474576275, -0.14403959990170345, 0.9261133794024592], [-0.6930198953467906, -0.6256251530032269, -0.3582130547358824], [0.6309966897707224, -0.7667110026534418, 0.11831067537861661]], "T": [-0.03570373389442962, -0.05230833508577954, -0.005238243575064693], "aligned_model": [[0.11243218697023141, -0.41769068053291336, 0.3310851644593161, -0.48498591326086127, -0.4106002925649092, 0.11436810900401065, 0.5708138836295018, -0.6737976588178526, 0.2571316882575494, -0.15962785499334234, 0.6815676872204223, 0.009939288350534953], [-0.5554988267324011, 0.04229745430082018, 0.2752076489173241, -0.553288200054613, -0.36136411741014696, -0.5859599794396135, -0.3650818764087475, 0.21428516420642318, 0.22907555565144505, 0.6626815868327243, 0.4239568603949058, 0.016467980547862117], [-0.6030262070107347, -0.4734505226137667, -0.4323273391036134, -0.15159005410923082, 0.43764560606193387, 0.43576181258945457, -0.012738058246444875, 0.10961407154039397, 0.6906968085999166, -0.11184170598650475, 0.07193012777918036, 0.0351892275383845]], "inverted": true, "swapped": false, "error_lsq": 0.04098871958189193, "error_max": 0.23399491886109175, "target": "842.xyz", "model": "17.xyz", "model_rescale": 3.901054581598922, "target_rescale": 3.9619867048979702},
{"mapping": [8, 5, 4, 2, 3, 0, 1, 13, 7, 10, 6, 14], "R": [[-0.33592536197972805, 0.9219148105862808, 0.19294360108708122], [-0.37413465034130755, 0.057387851266600454, -0.9255970494448382], [-0.8643942472001861, -0.38311841061043334, 0.3256422405931994]], "T": [-0.03464985184447803, 0.06723857621305362, 0.017486798210833723], "aligned_model": [[0.018001487549480964, -0.5147904945260837, 0.48579082636880283, -0.5170109152147441, -0.3790689509987014, 0.14042733073020067, 0.5902401417620123, -0.7458251037538111, 0.2899017270699082, 0.052723679616540974, 0.5717250562706067, -0.061479177152524586], [-0.28704084475068525, 0.06111051968304684, 0.16134601959647923, -0.5906538017876413, -0.34444573690268515, -0.5990246073051451, -0.23495789531962397, 0.005844591077388744, 0.013167660038255369, 0.7357651860024164, 0.4190126941527312, 0.10265546632144515], [-0.5412011115218657, -0.3819045601885186, -0.5706112033760986, -0.11758179732863784, 0.5608995326815955, 0.33520659446122925, 0.07973901037647603, 0.1515119374998382, 0.5931773682616563, -0.44930200428171996, 0.28635514150607055, 0.04957485894894348]], "inverted": true, "swapped": false, "error_lsq": 0.05544188996521814, "error_max": 0.29154404746338386, "target": "842.xyz", "model": "18.xyz", "model_rescale": 3.9405287249114394, "target_rescale": 3.9619867048979702},
{"mapping": [13, 11, 14, 7, 8, 0, 12, 5, 1, 10, 3, 15], "R": [[0.363391650338043, 0.7070175465047129, -0.6066899516219547], [-0.9038418730320211, 0.4254303580390423, -0.045594725711866846], [0.22586805223085793, 0.5649205248468394, 0.7936299034110359]], "T": [0.005601909303643173, -0.13721677433592458, 0.022518839038278362], "aligned_model": [[0.015635236524144492, -0.3493619414271926, 0.36912341909211477, -0.35244071434462104, -0.5350414225224785, 0.05132441952578814, 0.5389251828515181, -0.7572785437090591, 0.29549981567138833, 0.011022094621090887, 0.6495627512814953, -0.006334689842501347], [-0.3178912752397789, 0.2008521549867144, 0.20738361605658498, -0.7300250213940697, -0.3987021865346898, -0.44770499286247667, -0.24697371721968103, 0.1356197478768503, 0.10599570233680386, 0.6200611365993727, 0.41385318079572087, -0.0996890945953691], [-0.6244633109782399, -0.5056130247995304, -0.5681093392080917, -0.10400946140181846, 0.48252136348260033, 0.6342220155635806, -0.03796885880502762, 0.2091636603348783, 0.5631909384236213, -0.1882056829023885, 0.10657199736291831, 0.02856346996646613]], "inverted": true, "swapped": false, "error_lsq": 0.04079529550350967, "error_max": 0.2559805721127121, "target": "842.xyz", "model": "19.xyz", "model_rescale": 4.410303926677745, "target_rescale": 3.9619867048979702},
{"mapping": [4, 6, 2, 11, 10, 9, 12, 3, 8, 0, 7, 13], "R": [[-0.9935222007572412, 0.11250920178058597, 0.015978614369952484], [0.08260612019560537, 0.6184788990955892, 0.7814474264336261], [0.07803759035693926, 0.777705298225622, -0.6237664655967642]], "T": [-0.02516445189088014, 0.07495737944341299, 0.020307155717531306], "aligned_model": [[0.06578591295302887, -0.43100432039658426, 0.31064904069561455, -0.20297156634619282, -0.4907322112317549, 0.11231346205929062, 0.5410000314091451, -0.6735215399932784, 0.2868476243824945, -0.2389431818396725, 0.6671874617117715, -0.01597510568217454], [-0.2455150240821332, -0.08389285494664128, 0.3397593423719567, -0.7117884199846993, -0.30029222831752467, -0.4716822315363247, -0.424806342461978, 0.399155114582756, 0.004952563700227702, 0.6705013101466496, 0.21028109359970723, 0.056106927733986296], [-0.5994660808191569, -0.3625327943190815, -0.4853784643866422, -0.1708707761286314, 0.5838392367429256, 0.4154548314951383, 0.0010994123452346127, -0.001865136457758737, 0.7194533288742048, -0.31552830063983894, 0.11616895770041129, 0.09548955263216359]], "inverted": true, "swapped": false, "error_lsq": 0.04477332265501722, "error_max": 0.22932646374446697, "target": "842.xyz", "model": "20.xyz", "model_rescale": 4.121658175737393, "target_rescale": 3.9619867048979702},
{"mapping": [5, 3, 1, 7, 11, 9, 8, 4, 10, 2, 6, 12], "R": [[-0.9787678075829923, 0.20182453123334848, 0.03578320041055572], [0.182876393788432, 0.7810026911788978, 0.5971524269114695], [0.09257323281662586, 0.5910174743302931, -0.801329234211582]], "T": [0.0445749235002018, -0.052868018738480356, -0.037555590835842284], "aligned_model": [[0.23493824746184733, -0.5375935495421957, 0.20698897236240799, -0.388917066156041, -0.6254135773029678, 0.1740186452869334, 0.6491006593333151, -0.36774858759960094, 0.1353011507539966, -0.10970520963221413, 0.5671600376114322, -0.007494114855225727], [-0.47318304370536435, -0.0033615704275049355, 0.33970188940257146, -0.5703244885207625, -0.3501849560123057, -0.526192303155851, -0.34989551910408057, 0.2678088268657793, 0.2224386796638228, 0.6868454426913446, 0.30226649776116854, -0.10314020465283541], [-0.5385552062689337, -0.41341418594721635, -0.5869965885305481, -0.1431091624547784, 0.44956559608032176, 0.49335995786416065, -0.04269382092870515, 0.19969382394647106, 0.6867703131397849, -0.10989693246888813, 0.11544354567159795, -0.11430357306429775]], "inverted": false, "swapped": false, "error_lsq": 0.05020521526153649, "error_max": 0.38368144314640346, "target": "842.xyz", "model": "21.xyz", "model_rescale": 4.08911054899281, "target_rescale": 3.9619867048979702},
{"mapping": [4, 14, 2, 7, 10, 6, 0, 9, 8, 15, 1, 16], "R": [[-0.70092178551847, -0.6883879720845247, -0.18662971487669244], [-0.45547970702422375, 0.2306590104956665, 0.8598457171878495], [-0.5488596241979613, 0.6876906432157672, -0.475220677326605]], "T": [-0.08806575558365108, -0.009522773701313873, -0.014821721397300912], "aligned_model": [[0.26838509114045767, -0.5156856402208462, 0.3316374524687212, -0.22097697719718995, -0.6074644742398128, 0.17037965589315662, 0.49061104427595675, -0.7470460525444647, 0.2566006205818724, -0.054982474792606, 0.6289702025104549, -0.06979284015401256], [-0.24827734422108041, 0.22560152250349813, 0.29613193379599917, -0.7038332816396299, -0.3992654848828792, -0.4770469888744748, -0.522579797793824, 0.19514442401497167, 0.12636594146447636, 0.6815840936369661, 0.31622170056107657, -0.04726746775911773], [-0.5645773350961031, -0.43157150909266057, -0.5164971606092795, 0.06304812992571122, 0.46419915430032144, 0.5049774764326613, -0.05937561587191474, 0.1623897848852182, 0.5712681729803362, -0.24456900069379922, 0.083912029436068, -0.0373403595575905]], "inverted": false, "swapped": false, "error_lsq": 0.039922368956612476, "error_max": 0.24760449521416844, "target": "842.xyz", "model": "22.xyz", "model_rescale": 4.204369325754507, "target_rescale": 3.9619867048979702},
{"mapping": [13, 11, 14, 7, 8, 0, 12, 5, 1, 10, 3, 15], "R": [[0.363391650338043, 0.7070175465047129, -0.6066899516219547], [-0.9038418730320211, 0.4254303580390423, -0.045594725711866846], [0.22586805223085793, 0.5649205248468394, 0.7936299034110359]], "T": [0.005601909303643173, -0.13721677433592458, 0.022518839038278362], "aligned_model": [[0.015635236524144492, -0.3493619414271926, 0.36912341909211477, -0.35244071434462104, -0.5350414225224785, 0.05132441952578814, 0.5389251828515181, -0.7572785437090591, 0.29549981567138833, 0.011022094621090887, 0.6495627512814953, -0.006334689842501347], [-0.3178912752397789, 0.2008521549867144, 0.20738361605658498, -0.7300250213940697, -0.3987021865346898, -0.44770499286247667, -0.24697371721968103, 0.1356197478768503, 0.10599570233680386, 0.6200611365993727, 0.41385318079572087, -0.0996890945953691], [-0.6244633109782399, -0.5056130247995304, -0.5681093392080917, -0.10400946140181846, 0.48252136348260033, 0.6342220155635806, -0.03796885880502762, 0.2091636603348783, 0.5631909384236213, -0.1882056829023885, 0.10657199736291831, 0.02856346996646613]], "inverted": true, "swapped": false, "error_lsq": 0.04079529550350967, "error_max": 0.2559805721127121, "target": "842.xyz", "model": "23.xyz", "model_rescale": 4.410303926677745, "target_rescale": 3.9619867048979702},
{"mapping": [7, 11, 1, 13, 15, 5, 0, 9, 4, 10, 3, 16], "R": [[-0.40244358458329077, -0.2921244854143068, -0.8675842588758615], [0.5460731584672724, -0.8372489814185167, 0.02860504702379489], [-0.7347402716806319, -0.46225255881939986, 0.49646682168659406]], "T": [-0.10538207364130137, -0.1345225116841259, 0.02802381578211422], "aligned_model": [[0.11082831074415722, -0.44141530864619927, 0.3324514308989723, -0.3068993078743475, -0.5952522749673921, 0.09015784515777761, 0.605846555040931, -0.607714307937855, 0.2216901459521191, -0.13034006242253893, 0.6530222109487374, -0.0017396291726739788], [-0.3600198900852881, 0.10700065304962086, 0.27107451585161235, -0.7472012032668226, -0.23936168673550284, -0.4109079327350915, -0.3708225019031633, 0.2177153814866721, 0.18883652454355213, 0.5159815262979424, 0.34611527109213724, -0.07563140678968613], [-0.5587767454824376, -0.45100615455366877, -0.5885215784318827, -0.2516228345048421, 0.5363053559368116, 0.5580967094622783, -0.06526049935950815, 0.15455751338719426, 0.540222087793345, 0.02566974682935429, 0.08335235739898911, 0.01284780856333513]], "inverted": false, "swapped": false, "error_lsq": 0.04028821827162397, "error_max": 0.285293466550183, "target": "842.xyz", "model": "24.xyz", "model_rescale": 4.28219845311461, "target_rescale": 3.9619867048979702},
{"mapping": [2, 0, 14, 4, 3, 7, 13, 1, 9, 10, 12, 15], "R": [[0.5513369113814599, 0.2912141896072099, 0.7818068213566367], [-0.8128213195394005, -0.023685917941149763, 0.5820313391850245], [0.18801359698325043, -0.9563646130334922, 0.22364618102422132]], "T": [-0.028729597376625643, 0.05363167880562466, 0.02495952647685291], "aligned_model": [[0.11445669348166565, -0.5671542271979766, 0.4299541201870958, -0.34503004199395093, -0.504373997155713, 0.17478610023521438, 0.44567741297051555, -0.6518293693585334, 0.1753816297636051, 0.026250183427008494, 0.7079293169558601, -0.0754122135931039], [-0.21776309287562048, -0.21641005611806077, 0.37971763860283814, -0.6029844229738387, -0.2592067552309642, -0.5593383540650548, -0.2989718434173376, 0.10420248759350234, 0.07976748104112416, 0.7823924048459466, 0.22768060236177123, 0.02369316104167682], [-0.5871046763664834, -0.5252500258184096, -0.48828682661265815, -0.033844356426706815, 0.550259311369395, 0.45900457641788056, -0.03441388159825144, 0.16304162633525443, 0.6687989557413907, -0.28421655072163504, 0.13201332779401334, -0.024137713074820526]], "inverted": false, "swapped": false, "error_lsq": 0.041471321505624485, "error_max": 0.24937500734117868, "target": "842.xyz", "model": "25.xyz", "model_rescale": 4.100010024507729, "target_rescale": 3.9619867048979702},
{"mapping": [9, 5, 4, 7, 3, 8, 10, 2, 1, 6, 0, 11], "R": [[0.8681701901762279, 0.15025421915030326, 0.47297377360368], [0.46024816256154044, 0.11268611714683187, -0.8806097136990351], [-0.18561290296770402, 0.9822044128540165, 0.028676499472539606]], "T": [-0.023493034525589065, -0.012998291772575485, 0.05504550742562645], "aligned_model": [[0.1925768405995669, -0.35790454426114904, 0.27853179502271086, -0.4280068903419457, -0.47814726415278613, 0.16582044446340297, 0.5436199443670704, -0.6353811862716197, 0.122315457669633, -0.1151911703806657, 0.6316872102586509, 0.010714970748818903], [-0.5777976354594894, 0.09176841706557119, 0.29938766788009336, -0.5142946021621211, -0.4559539600914949, -0.47961928879610916, -0.2984676838990482, 0.2958723480742224, 0.2042410053588382, 0.5935167803677895, 0.32536746648962117, -0.04124126402189115], [-0.504978074732426, -0.6093181348646004, -0.7045830825974502, -0.15382477848829654, 0.5601706739318943, 0.406162412123566, -0.05400703892212535, 0.3342391749364313, 0.7113179547703301, -0.15522350429566384, 0.22850137043972069, -0.06259320526241202]], "inverted": true, "swapped": false, "error_lsq": 0.048174681605181825, "error_max": 0.2733375340395729, "target": "842.xyz", "model": "26.xyz", "model_rescale": 3.6694154284099745, "target_rescale": 3.9619867048979702},
{"mapping": [10, 8, 9, 4, 0, 2, 11, 5, 6, 7, 12, 13], "R": [[-0.5613534752509881, 0.4565133723096458, -0.6902737259421898], [-0.819943764167187, -0.19378309023608706, 0.5386467650899779], [0.11213607549305205, 0.8683568706707098, 0.4830961040331305]], "T": [-0.050313121037851787, 0.04452895125133959, -0.003784125393305576], "aligned_model": [[0.07903109045709122, -0.3837448219863516, 0.34246046629507454, -0.4562689777025496, -0.4307505590196118, 0.20770618496440807, 0.704364884971795, -0.7892927352470018, 0.22258034105763508, -0.24394835917702895, 0.7090736997704903, -0.030575606662263236], [-0.3841198050898714, 0.00019014075269423864, 0.28328160750945697, -0.6549596543013194, -0.2606269887529836, -0.4519636063167315, -0.3520785987796716, 0.25569030328418474, 0.22096243695078116, 0.6297607502554918, 0.15454590869155155, 0.00209675660239967], [-0.40555649693286455, -0.5471206354091563, -0.5073609454452916, -0.1502290065962843, 0.4424003109052885, 0.3822868838950257, -0.1004227706078088, 0.1840948593604636, 0.6008569377787847, -0.13081821807551283, 0.19860347011503363, 0.02912937805129085]], "inverted": true, "swapped": false, "error_lsq": 0.041459325377232986, "error_max": 0.22846688908728024, "target": "842.xyz", "model": "27.xyz", "model_rescale": 4.103607728864725, "target_rescale": 3.9619867048979702},
{"mapping": [5, 0, 6, 1, 4, 8, 7, 2, 13, 10, 11, 14], "R": [[-0.023401101683902803, 0.2921085893943049, 0.9560988235752877], [-0.3104883129768649, -0.9111916743238477, 0.2707891064051204], [0.9502891117679716, -0.29052074735717687, 0.1120191921514675]], "T": [-0.016293795565240878, 0.1949693404267183, -0.049702210911634154], "aligned_model": [[0.1707234347662582, -0.5161039898808256, 0.5080401278657294, -0.4189652703775396, -0.34805112730452015, 0.25564437089669473, 0.3470024722163115, -0.6767766458794416, 0.05709764487997518, 0.05826599240503125, 0.6194960007850963, -0.12573740265108196], [-0.2358876385087014, -0.07897873653776935, 0.21035755437300788, -0.5949082732059257, -0.2917786208415186, -0.41688148127444424, -0.42423522255984203, 0.016380074909539438, 0.25882111478592296, 0.669814342666748, 0.24293248067619694, 0.08714365632276833], [-0.6105294834685662, -0.47962541541137216, -0.4048140277565515, -0.17935509722488574, 0.6392265097648712, 0.4235505570797985, -0.11813302674778361, 0.22083241702894005, 0.5909296493125188, -0.2192260681449055, 0.20629018251733713, -0.07328242991043234]], "inverted": false, "swapped": false, "error_lsq": 0.048455376646315156, "error_max": 0.24291701352961434, "target": "842.xyz", "model": "28.xyz", "model_rescale": 4.137296879288765, "target_rescale": 3.9619867048979702},
{"mapping": [3, 0, 2, 9, 8, 6, 5, 1, 7, 4, 11], "R": [[0.4427636366054385, -0.8581689491102444, 0.2598199701388365], [0.11949999862011135, 0.3436639806205991, 0.9314584364070133], [-0.8886394726939157, -0.3813674385773163, 0.25471310206437403]], "T": [-0.011018548785371694, 0.045054911734772926, -0.10950604021188433], "aligned_model": [[0.37953572447256906, 0.17840047882084828, -0.20694472216020138, -0.6901175266129272, 0.09430918051901563, 0.5142117504287946, 0.5602941417016133, -0.33858875893512586, -0.5064214422223624, 0.23112227564503338, 0.0056179090526411075], [-0.3495036569181401, -0.6062420896750005, -0.3018808264735419, 0.09307461588475856, 0.683686117417134, -0.09270494324671226, 0.3320499239322934, -0.41323135117151, 0.16880972456326368, 0.3879756890717595, 0.01711461326364748], [0.4696358547705562, -0.27154432792060396, -0.6769717812769197, -0.3516312754698295, -0.2018065783031583, -0.462844150261817, 0.03720509158666456, 0.2150917306636853, 0.49937311975153637, 0.6806644184869638, -0.13141808024407908]], "inverted": false, "swapped": true, "error_lsq": 0.0447614609544248, "error_max": 0.21371269426897332, "target": "842.xyz", "model": "29.xyz", "model_rescale": 3.607286011436655, "target_rescale": 3.9619867048979702},
