[{"mapping": [2, 9, 5, 4, 8, 3, 6, 7, 10, 1, 11], "R": [[0.9037019098256079, -0.3102924142998427, -0.2950279237725199], [-0.3134615869240243, -0.9488492145418426, 0.03777567453270769], [-0.29165851899202505, 0.058341971952475646, -0.9547415999149065]], "T": [0.008687646063921861, 0.10507152280996124, -0.05289549293875794], "aligned_model": [[-0.6708786055309564, 0.129930074235983, 0.3904672633745198, 0.03884719418766222, -0.5007318308523807, 0.3185608196529334, -0.2775015923799177, 0.2997085940366851, 0.6665044058643546, -0.39940575176239007, 0.02025375155043615], [-0.036741655357630104, 0.4863427068126091, -0.6169622619921953, 0.48623067831088634, 0.45012394388294885, 0.7091857504153932, -0.012426715796585122, -0.5665406721981328, 0.07596495984730633, -0.4695225226810007, 0.050704544954983055], [-0.46134252472833626, 0.40458563485574117, -0.1998576307170147, -0.7643423051308781, 0.10373820056682356, -0.16716329715977177, 0.602424559538084, 0.5478100732277765, 0.11500705166085631, 0.01909076308182383, -0.09464130483520428]], "inverted": true, "swapped": false, "error_lsq": 0.05894830107187002, "error_max": 0.3139807096536453, "target": "844.xyz", "model": "0.xyz", "model_rescale": 3.751011558992144, "target_rescale": 3.6126974323786443},
{"mapping": [3, 6, 5, 12, 7, 11, 1, 4, 10, 8, 14], "R": [[0.13249721649715787, 0.11003144354978442, -0.9850571399928312], [-0.9910726426138627, -0.0001481939575830038, -0.13332289788676963], [-0.0148156904287427, 0.9939280957236807, 0.10902951824262139]], "T": [-0.03868131261346323, -0.06094865432863234, -0.07421436083820508], "aligned_model": [[-0.6098386264996948, 0.05773666259138021, 0.21061139973161172, -0.12689583649340994, -0.4037197954490844, 0.4004801839693009, -0.4140561966332871, 0.2545594621669629, 0.7531812936858621, -0.08663377505331743, -0.019670449639394707], [0.07180966343239414, 0.5177671607992995, -0.5362444083627567, 0.5048335124750847, 0.48020873783425405, 0.6019336238672793, 0.032222422599380456, -0.33294321124681203, -0.08338851458411092, -0.6742536735586616, -0.025586557056768197], [-0.563663481148276, 0.394312398961438, -0.3936406226959135, -0.5475893090354418, 0.04228717028382019, -0.1409620506833294, 0.5055255776747583, 0.6081365598198292, 0.13769083859167036, 0.17473496507588676, -0.11152282648454197]], "inverted": true, "swapped": false, "error_lsq": 0.0412943851880067, "error_max": 0.16595117501350834, "target": "844.xyz", "model": "1.xyz", "model_rescale": 3.9405287249114394, "target_rescale": 3.6126974323786443},
{"mapping": [0, 8, 6, 1, 2, 4, 9, 10, 3, 11, 12], "R": [[-0.9246142263959714, 0.303876263503824, -0.22966878069327196], [-0.22064182649555353, 0.06421677285162364, 0.973238609224495], [0.31049269998968704, 0.9505448030279676, 0.0076720720562780675]], "T": [0.019882181565761638, 0.05033115822639274, -0.08323079199413035], "aligned_model": [[-0.5198341772376105, 0.21909481750348317, 0.07882866589485422, -0.04556929315045611, -0.5244992799744826, 0.451289457820749, -0.21272797964617288, 0.31464577865730003, 0.5555016246096535, -0.27724889827672267, -0.023726393823665752], [-0.18326651036023833, 0.3639341617087257, -0.3900608007799949, 0.5625112899635218, 0.45761889598786903, 0.6008823242106662, -0.040586647888044294, -0.2875155935844323, -0.09684129232964138, -0.5569651505816348, 0.126648079851786], [-0.6807827726174055, 0.596958337586288, -0.3961779565717632, -0.6837421986047587, -0.12722113777655492, -0.03346235309536384, 0.6835857261654323, 0.6312348218970509, 0.05186828498115499, 0.14153264750830885, -0.07848417911248845]], "inverted": true, "swapped": false, "error_lsq": 0.049717394901865775, "error_max": 0.24403092191950443, "target": "844.xyz", "model": "2.xyz", "model_rescale": 3.932901565614263, "target_rescale": 3.6126974323786443},
{"mapping": [8, 4, 10, 9, 7, 5, 0, 2, 6, 1, 13], "R": [[0.5263918149661816, -0.8427303867743361, 0.11277035223757742], [-0.8145302474661626, -0.4617911895947885, 0.35112586514716065], [-0.2438280810311258, -0.27668464435130485, -0.9295124929127477]], "T": [-0.13480663935889786, -0.03268873164560707, -0.09192122671621634], "aligned_model": [[-0.6565090291295617, 0.0950137825886081, 0.30956081501066807, -0.0612555076619887, -0.3732128764276099, 0.36622226447731804, -0.37421860778093285, 0.27018359454987545, 0.5359416509934156, -0.06577981813773064, -0.030191946105131928], [0.10351062525144286, 0.42864832461136493, -0.4905856903779276, 0.48425221213598196, 0.6375255911514426, 0.4794775150314143, -0.1211215281372034, -0.1889769544995996, -0.07355934475371584, -0.6856092425600756, -0.017202751654541815], [-0.5899805376625307, 0.613470223981761, -0.4175181876695331, -0.6087918401748934, -0.03094766694174024, -0.15070437855515162, 0.5276043006222213, 0.6192445451077357, 0.031036427195097124, 0.25115125147380685, -0.13925491701687281]], "inverted": false, "swapped": false, "error_lsq": 0.03949929794995437, "error_max": 0.1880654248120066, "target": "844.xyz", "model": "3.xyz", "model_rescale": 3.9243930471874484, "target_rescale": 3.6126974323786443},
{"mapping": [9, 3, 1, 11, 10, 6, 4, 2, 0, 7, 12], "R": [[0.3023840491898513, 0.8549483770327096, 0.4214583720899203], [0.048460557225379786, 0.4277966803889355, -0.9025749689868499], [-0.9519534973878481, 0.293348381378427, 0.08792761769604374]], "T": [-0.09742409468756542, 0.1004161584904519, -0.07602032087896118], "aligned_model": [[-0.4360893494751213, 0.22910954109587, 0.18525758917186086, -0.19949259867001573, -0.534960562587627, 0.32612712117706133, -0.307793429994603, 0.28317619233948244, 0.6646186226667979, -0.2090293988713044, 0.014830595524528326], [-0.07438343618819426, 0.3789976953695804, -0.5079055678547459, 0.581257439343596, 0.6284847093727648, 0.6819091460873654, -0.038831508052514174, -0.3490656220491445, -0.2030731692163071, -0.6168374284295359, 0.07580649781571844], [-0.6696854947579209, 0.44236320738634516, -0.32136913960300223, -0.6961072216515951, 0.08778799498291756, -0.13916133490251617, 0.46130834908467533, 0.6341374367998949, 0.14871836794846233, 0.2645825373601368, -0.10726548228749716]], "inverted": true, "swapped": false, "error_lsq": 0.04444348401453597, "error_max": 0.22956493857092666, "target": "844.xyz", "model": "4.xyz", "model_rescale": 3.8936222436046832, "target_rescale": 3.6126974323786443},
{"mapping": [4, 3, 6, 1, 2, 0, 10, 8, 9, 7, 11], "R": [[0.5144350607476973, -0.8229360014112362, 0.2411076644464022], [-0.05711040608335716, -0.31341990916676843, -0.9478957548459055], [0.8556254845377779, 0.47386105360029396, -0.20823239923295414]], "T": [0.002749036643485022, -0.027225862960339027, 0.03119123008646505], "aligned_model": [[-0.7303560372957221, 0.13172847072139268, 0.31711553289596417, 0.14553085172436733, -0.41521150393627226, 0.3823426838620989, -0.4850954574952775, 0.3034546913728168, 0.6202568331678305, -0.17424014446548255, -0.07977159817478663], [0.04233717325464754, 0.36408556113981455, -0.5562869479233025, 0.34237002156202057, 0.5909043135997897, 0.7681371860340577, -0.04906422289880542, -0.24924542549696066, -0.0012010764527274967, -0.646022966840372, -0.04965485977957898], [-0.2660334887105977, 0.4318428334463432, -0.47465133684465777, -0.6660325522011099, 0.011632695679621753, -0.046427016883101295, 0.43243708372081413, 0.6684872754183616, 0.024650928859581294, 0.10543745145911154, -0.11603465358446646]], "inverted": false, "swapped": false, "error_lsq": 0.04936960353707051, "error_max": 0.3290049448614377, "target": "844.xyz", "model": "5.xyz", "model_rescale": 3.6523030999806103, "target_rescale": 3.6126974323786443},
{"mapping": [11, 1, 9, 7, 3, 5, 2, 6, 8, 10, 12], "R": [[-0.9512206357136681, -0.3010795649464929, -0.06730822954227404], [0.18965753982047817, -0.7427528499071181, 0.6421434586944711], [-0.24332965249169408, 0.5980545957740687, 0.7636238476447594]], "T": [0.010665112832103904, 0.0593472634612396, 0.04110516760957119], "aligned_model": [[-0.5405035013483035, 0.09175438392693071, 0.22307569535523358, -0.11066730094339831, -0.43710654715379926, 0.4709609897919313, -0.4402340056535631, 0.27218561617174064, 0.6698450297690199, -0.1878955030888485, 0.004339465549985839], [-0.13903255604344877, 0.4592782997951556, -0.4013885268377052, 0.3774384286614186, 0.5850916391379988, 0.5368489898612383, 0.05548266445654827, -0.30471120571162713, -0.07668928082186292, -0.6915586114532785, 0.1555989151541458], [-0.6157263245531561, 0.6031145645805045, -0.4739357542116305, -0.5512752132996774, -0.03461863912056474, -0.11388946754128973, 0.651749650129883, 0.5119479433092747, 0.015047570002681872, 0.11450196924933834, -0.0016070781854636354]], "inverted": false, "swapped": false, "error_lsq": 0.04009094701276355, "error_max": 0.20421042113441465, "target": "844.xyz", "model": "6.xyz", "model_rescale": 4.08911054899281, "target_rescale": 3.6126974323786443},
{"mapping": [3, 11, 7, 0, 9, 1, 10, 12, 13, 5, 14], "R": [[-0.9720518851000998, -0.021680806713654553, -0.2337628612367415], [0.07306150839586514, 0.9183428221727755, -0.3889839032076564], [0.2231079305275001, -0.39519160363548667, -0.8910928390194531]], "T": [-0.0505292934896063, -0.013274575186068095, -0.012381914063617114], "aligned_model": [[-0.6057918044559899, 0.06731743516366845, 0.3675013083074391, -0.11583919647748578, -0.3552853961732896, 0.30699194041820255, -0.3335323011433501, 0.2910032371584492, 0.6594723572979935, -0.19002696142711023, -0.07605629629159791], [0.16220140521699916, 0.2938744909133567, -0.5924498709535336, 0.42949733079492636, 0.7089658401167319, 0.6022352461340921, -0.1590692484304725, -0.29574965773427747, 0.0009701635733842737, -0.7415793154189798, 0.14746237198635595], [-0.5484259052459293, 0.473727808835575, -0.31087036823114417, -0.8396326855649558, -0.0053244153507673395, -0.18922163250621624, 0.6340916812320266, 0.5457984118703185, 0.1653517789947947, 0.16258618467897454, 0.017228361647223737]], "inverted": true, "swapped": false, "error_lsq": 0.042609391670815185, "error_max": 0.21286714836432818, "target": "844.xyz", "model": "7.xyz", "model_rescale": 3.964800864290218, "target_rescale": 3.6126974323786443},
{"mapping": [11, 7, 3, 4, 12, 2, 8, 1, 0, 5, 13], "R": [[-0.11080814170560258, -0.12736923810298298, -0.9856463021372408], [0.8334165486874414, 0.5283763401595777, -0.1619731444823002], [0.5414225818209515, -0.8394018825000549, 0.04760323045444689]], "T": [-0.021496954617340445, -0.00185235853172553, -0.07325749775830766], "aligned_model": [[-0.5854754664229018, -0.009375817733623937, 0.31983578693395726, 0.01050294363135101, -0.48593275557917204, 0.43531492811501704, -0.46108074413400185, 0.3885284371735712, 0.6769848590548718, -0.19701319568013342, -0.07653465298200612], [0.18302127487888706, 0.4403389628130824, -0.5762744633288396, 0.5121159676678735, 0.5803001974657941, 0.47764187655385537, -0.14580788867555683, -0.014946071103954128, -0.13317311980691823, -0.7337843307311406, -0.03307364953449984], [-0.6519485227317582, 0.4845713992429967, -0.3552041252748207, -0.5527425978286834, 0.05352075597263177, -0.06914531241417393, 0.5408275767569918, 0.5550956067539402, -0.1629089681869855, 0.29080343143328086, -0.027560023363519162]], "inverted": false, "swapped": false, "error_lsq": 0.05697817348153478, "error_max": 0.34286685926717675, "target": "844.xyz", "model": "8.xyz", "model_rescale": 4.121658175737393, "target_rescale": 3.6126974323786443},
{"mapping": [3, 4, 8, 2, 0, 1, 5, 9, 6, 7, 12], "R": [[-0.3407179094795947, 0.9146482690072699, 0.21755424648087127], [0.6078986015270859, 0.037803130252856754, 0.7931142500324269], [0.7171963444003796, 0.40247915144152563, -0.5688936071302273]], "T": [-0.10864598051649331, -0.06098828222734907, -0.028113664437834848], "aligned_model": [[-0.6027594635373166, 0.15465594686970663, 0.29950416373820965, 0.01696118575326762, -0.4031926150935978, 0.2329382130420895, -0.454625075845302, 0.3612442982449181, 0.5807421269570063, -0.10589725464090781, -0.06381720311114394], [0.08274708775297229, 0.5222185634018623, -0.44198343607349144, 0.27717109464505646, 0.6612308132845551, 0.5344234942771129, -0.012727923031645862, -0.258477510577391, -0.1273845737592455, -0.6954515364093254, 0.0145926826881227], [-0.6263410466126, 0.5872478455419997, -0.4958844311793222, -0.6215928354908994, 0.07419030058574928, -0.0892427968074662, 0.4814815765147639, 0.6302106839241068, -0.005362404277327849, 0.20136342355153913, -0.030761095390642826]], "inverted": true, "swapped": false, "error_lsq": 0.04115312568011131, "error_max": 0.19429315311055323, "target": "844.xyz", "model": "9.xyz", "model_rescale": 3.833441315466971, "target_rescale": 3.6126974323786443},
{"mapping": [8, 6, 13, 9, 7, 3, 12, 1, 5, 0, 14], "R": [[-0.9314064566232868, -0.3113667694441178, -0.1885013194818202], [-0.2310773208785741, 0.9059724087405366, -0.3547072967623458], [0.2812210595528617, -0.286818286527906, -0.9157783499172506]], "T": [-0.07093155138203128, 0.05655467360089824, 0.06799101015775676], "aligned_model": [[-0.5362365578595754, 0.11579564577113083, 0.27475050509735444, -0.11668860791331258, -0.35024485256499116, 0.3235215862340971, -0.3887132076282867, 0.17633345522593707, 0.5572958116960465, 0.014385684099910673, -0.05444513978138117], [0.007410890017262577, 0.3140828943963647, -0.5039320183415046, 0.41632975639571557, 0.6483355519224676, 0.7460463520824827, -0.03976548240074263, -0.35021709370911625, -0.18776233627613462, -0.6131332707623472, 0.1189635128741354], [-0.5554153596033787, 0.668025790301509, -0.381503289470503, -0.6575283266695191, -0.057282485111774986, -0.28319241382047056, 0.5707407528846717, 0.6327968871991293, 0.012540307441544607, 0.15777958519888285, -0.0016522279901907272]], "inverted": false, "swapped": false, "error_lsq": 0.04673824727515625, "error_max": 0.2516260758188643, "target": "844.xyz", "model": "10.xyz", "model_rescale": 4.2482417240324, "target_rescale": 3.6126974323786443},
{"mapping": [2, 4, 8, 1, 6, 0, 5, 9, 10, 7, 11], "R": [[-0.573749448148642, -0.18320738820621507, -0.7982772849428863], [-0.7899134901758231, -0.13379452062708763, 0.5984444036737397], [-0.21644456285011815, 0.9739271426327667, -0.06795345506886474]], "T": [-0.04151983581313775, 0.01805469438977294, -0.10042768925194774], "aligned_model": [[-0.6964690052460905, 0.02742672765309085, 0.35846501548746695, 0.06254041962983828, -0.3982802286231901, 0.4254285778837142, -0.4513884439696071, 0.33591288933519353, 0.5795924490035863, -0.21733018326661174, -0.010143895510461194], [0.030013419879241464, 0.45325287648479584, -0.33584681862907295, 0.2552048670663874, 0.5353647607589181, 0.5959069826883218, -0.006963405171294741, -0.3839566154064748, 0.0028495867441416176, -0.6002157252167001, 0.010748827000319185], [-0.4448922893612049, 0.6556731597884633, -0.40312170433618916, -0.7577539496392811, 0.05955498324149501, -0.24836479679422951, 0.5285142707600721, 0.5121425899176474, 0.0698388573322997, 0.1126184481532549, 0.021099651297572228]], "inverted": false, "swapped": false, "error_lsq": 0.0439815733041304, "error_max": 0.2259102571607418, "target": "844.xyz", "model": "11.xyz", "model_rescale": 3.6694154284099745, "target_rescale": 3.6126974323786443},
{"mapping": [7, 1, 11, 5, 12, 0, 2, 3, 4, 8, 13], "R": [[0.7305257903629403, -0.45788430882350717, -0.5066300714997292], [-0.669486380425564, -0.33397415129199487, -0.6635128127575751], [0.1346107575169187, 0.8238951547387636, -0.5505240394012876]], "T": [-0.08622626093103167, 0.02347366578160497, -0.1254932753689292], "aligned_model": [[-0.5504413185713609, 0.16019942571813148, 0.22869534991559362, -0.15658523673346383, -0.4705377373400095, 0.37924080833704155, -0.31740212426769143, 0.30072298720962565, 0.6107578234610678, -0.16809334779091958, -0.0008023075610858188], [-0.022992078161840356, 0.3753962237149969, -0.5982715275778777, 0.587095679695697, 0.555785229580978, 0.5657635053766078, -0.024824975109977592, -0.2776751466739136, -0.08754067828486918, -0.6180988749347606, 0.10172139857354141], [-0.7038622176275122, 0.6038203665428815, -0.3689803232035537, -0.6929002126125072, 0.049771063309270586, -0.12553480216826665, 0.48322548965387924, 0.5821991526839164, 0.09714466224703375, 0.2672920430925848, -0.08686600155782621]], "inverted": false, "swapped": false, "error_lsq": 0.03788716417737289, "error_max": 0.19262265114026092, "target": "844.xyz", "model": "12.xyz", "model_rescale": 3.9764082729961374, "target_rescale": 3.6126974323786443},
{"mapping": [13, 8, 4, 14, 11, 3, 1, 2, 7, 9, 15], "R": [[0.46731700816954846, -0.7103329612480326, 0.5263476969077221], [0.5452440834509577, -0.23708475253765274, -0.8040520565087097], [0.695933691767533, 0.6627351690371963, 0.2765111071621745]], "T": [-0.1249562775456191, -0.11204069052142493, -0.056675098387053535], "aligned_model": [[-0.5992485985190911, 0.03627390103433646, 0.40611238946973427, -0.1411352192212793, -0.31716628322107376, 0.38292444567357187, -0.35012718169454526, 0.24975394996808398, 0.6165994943201908, -0.22918189086938412, -0.03905068456361439], [0.08579719840831077, 0.40751874807023425, -0.4189954692814609, 0.46462900334677004, 0.6583783559677365, 0.5555551838106096, -0.16816330941030422, -0.15752219447363072, -0.12714880779842355, -0.6630730747401739, -0.0806168777010853], [-0.38892125736608746, 0.3946736093035131, -0.4303173825173979, -0.6098462704443898, -0.049292329639261, -0.12607514788854335, 0.5344855344656461, 0.6460219857829279, 0.08789488787509425, 0.16011848912675708, -0.1134328983383581]], "inverted": true, "swapped": false, "error_lsq": 0.04223131943621059, "error_max": 0.2205274237317039, "target": "844.xyz", "model": "13.xyz", "model_rescale": 4.170626492500431, "target_rescale": 3.6126974323786443},
{"mapping": [6, 10, 2, 3, 11, 1, 12, 8, 0, 4, 13], "R": [[-0.5118811552774643, 0.75859690938064, 0.4031233210196974], [0.33024656681201087, 0.6069723759630276, -0.722856652405356], [-0.7930415424053705, -0.23688660556464272, -0.5612217459466203]], "T": [0.04743363852531775, 0.0749606180819089, 0.022851952002811045], "aligned_model": [[-0.609975088387174, 0.011303181408815186, 0.1920868610564203, -0.008970041847834877, -0.48486801866453905, 0.6188167052774033, -0.4110713218566254, 0.2148610039305927, 0.6159513649064625, -0.07327708558758252, -0.049103237859008705], [-0.03809093692652926, 0.362403797926755, -0.3437997112894316, 0.3970170877326251, 0.5332388540273645, 0.5610106188785979, -0.08430435887853943, -0.25266983851583, -0.07276601928888252, -0.6072574966416722, 0.10157675917412541], [-0.4895174252237739, 0.5069999804032843, -0.4636122285824796, -0.5842492418902367, -0.05649321384110955, -0.14475251586683344, 0.5706785574220017, 0.6679741528515568, -0.08118093668829057, 0.17474170024199523, 0.0047203915337862175]], "inverted": true, "swapped": false, "error_lsq": 0.040791275845768075, "error_max": 0.2186689251142266, "target": "844.xyz", "model": "14.xyz", "model_rescale": 3.9786697098870705, "target_rescale": 3.6126974323786443},
{"mapping": [7, 4, 9, 6, 10, 1, 5, 2, 0, 8, 11], "R": [[-0.10934506932140597, -0.7132620978811738, -0.6923155606666979], [-0.8879166812516263, 0.3831715158648925, -0.25452614126037976], [0.44681945231848996, 0.586887356445807, -0.675215230777459]], "T": [0.029676951937715045, 0.010123811871646564, -0.029608312836413214], "aligned_model": [[-0.5766645033587284, 0.02487287456812267, 0.2706279117878604, 0.02246234047520087, -0.3657377668718563, 0.2645298673128463, -0.5299992533867833, 0.30051620066437223, 0.7111098908679802, -0.15974395988847986, 0.05378072020639463], [0.06917189933533638, 0.3011976350185094, -0.3674154810141946, 0.2063600192748025, 0.73640246769569, 0.614567509521136, -0.2046259145262978, -0.3817957069088924, 0.02074506944257725, -0.4507093876262352, 0.012460645986151455], [-0.2860052089692796, 0.5090638327312256, -0.46183624497844555, -0.7969380927155644, 0.06251933089800317, -0.2300179333738418, 0.5045308899333572, 0.696265373430725, 0.10946693552653902, 0.12524841586942356, -0.12698807799224163]], "inverted": false, "swapped": false, "error_lsq": 0.0542629990082297, "error_max": 0.3104230538344284, "target": "844.xyz", "model": "15.xyz", "model_rescale": 3.769337070930944, "target_rescale": 3.6126974323786443},
{"mapping": [1, 2, 7, 5, 0, 4, 3, 8, 6, 9, 10], "R": [[0.9205656390706611, 0.35484771451971364, 0.1632237839978019], [0.0891458986189805, 0.21598267017365574, -0.9723191322524062], [-0.3802787305672508, 0.9096343142630415, 0.1671930064128479]], "T": [-0.007525482439560454, 0.016892236665934958, -0.038504555432561954], "aligned_model": [[-0.6169108564104953, 0.07240785649615737, 0.11777724189777115, 0.1692085701555857, -0.35529111623845955, 0.33879487536571823, -0.4477468607960981, 0.3927074079264829, 0.6911583317190101, -0.33039962572684073, -0.01595150201190234], [-0.06486856795060186, 0.3315833478270198, -0.4339891744578449, 0.25319655637526645, 0.5613793636167679, 0.7119341636906666, -0.03985518521755152, -0.3825576653796344, 0.18653535379136, -0.6194293928532432, 0.05242995675637811], [-0.551430557131804, 0.6256535764218076, -0.5790058804632133, -0.6409796708177303, -0.030570631111668287, -0.10929617912389251, 0.4929352876956534, 0.4531733075749763, 0.08219784779227818, 0.350888246651465, 0.011743872872028216]], "inverted": false, "swapped": false, "error_lsq": 0.05329213887475545, "error_max": 0.2796370279605253, "target": "844.xyz", "model": "16.xyz", "model_rescale": 3.7852294659196426, "target_rescale": 3.6126974323786443},
{"mapping": [6, 8, 4, 10, 11, 9, 2, 3, 0, 1, 12], "R": [[0.035511674829889955, -0.19920450837634882, -0.9793142931629832], [0.8228558071178455, 0.5619374438204631, -0.0844667385718379], [0.5671395257282068, -0.8028348977685644, 0.18387192630122595]], "T": [-0.05700871549751951, -0.030944208652893664, 0.0372089792693981], "aligned_model": [[-0.6148492872471272, 0.14733535945051873, 0.29109184911690855, 0.035697224246111686, -0.4833938479513226, 0.3625407753098838, -0.4121193637742536, 0.3372110556018499, 0.6246319895621449, -0.2226322566784934, -0.049759175259291424], [0.11395688022946121, 0.4581448833678285, -0.47435145479722135, 0.2960018310078214, 0.5595899434387974, 0.7075776976871606, -0.08028970104936489, -0.36663439513385554, -0.0386652690680701, -0.6665367576552208, 0.047565098171246316], [-0.6374841412326294, 0.41568126405712924, -0.3917463751340809, -0.6933845952750023, 0.12321600496482432, -0.12349386492118225, 0.5327374556366967, 0.6408630539987036, 0.00475146595506374, 0.2441995793131402, -0.010030627002762603]], "inverted": false, "swapped": false, "error_lsq": 0.030987566170744652, "error_max": 0.15964301659471616, "target": "844.xyz", "model": "17.xyz", "model_rescale": 3.901054581598922, "target_rescale": 3.6126974323786443},
{"mapping": [3, 6, 5, 12, 7, 11, 1, 4, 10, 8, 14], "R": [[0.13249721649715787, 0.11003144354978442, -0.9850571399928312], [-0.9910726426138627, -0.0001481939575830038, -0.13332289788676963], [-0.0148156904287427, 0.9939280957236807, 0.10902951824262139]], "T": [-0.03868131261346323, -0.06094865432863234, -0.07421436083820508], "aligned_model": [[-0.6098386264996948, 0.05773666259138021, 0.21061139973161172, -0.12689583649340994, -0.4037197954490844, 0.4004801839693009, -0.4140561966332871, 0.2545594621669629, 0.7531812936858621, -0.08663377505331743, -0.019670449639394707], [0.07180966343239414, 0.5177671607992995, -0.5362444083627567, 0.5048335124750847, 0.48020873783425405, 0.6019336238672793, 0.032222422599380456, -0.33294321124681203, -0.08338851458411092, -0.6742536735586616, -0.025586557056768197], [-0.563663481148276, 0.394312398961438, -0.3936406226959135, -0.5475893090354418, 0.04228717028382019, -0.1409620506833294, 0.5055255776747583, 0.6081365598198292, 0.13769083859167036, 0.17473496507588676, -0.11152282648454197]], "inverted": true, "swapped": false, "error_lsq": 0.0412943851880067, "error_max": 0.16595117501350834, "target": "844.xyz", "model": "18.xyz", "model_rescale": 3.9405287249114394, "target_rescale": 3.6126974323786443},
{"mapping": [1, 13, 2, 3, 12, 14, 7, 9, 11, 8, 15], "R": [[-0.8644057942632994, -0.38902878437053184, -0.3185266515932704], [0.24320620466279946, 0.2309547497463535, -0.9420778341427611], [0.4400606377052495, -0.8918051964979714, -0.10502440974203853]], "T": [-0.11867754080532932, 0.04405401475814045, 0.021202143801956688], "aligned_model": [[-0.44121942852388873, 0.19552752320265887, 0.23868024189105408, -0.08242434238866594, -0.35861784749660003, 0.3490238651124598, -0.26607455374435934, 0.2641904993485855, 0.5876352676180643, -0.3766325533893552, -0.09433434925302399], [-0.04041315600799241, 0.43028722714378265, -0.47296395871077174, 0.4835940451920076, 0.5257327396867686, 0.6483069860795677, -0.13295012757110458, -0.29622848367294313, 0.022211813074523475, -0.6390972004547655, 0.027878871439510223], [-0.548316470212679, 0.47223310590319684, -0.579058727211197, -0.7074396489362323, -0.08152719662921067, -0.10478477467744494, 0.6864608927983773, 0.5927174384763293, 0.16212175486616126, 0.21877689970933983, -0.005874053726739662]], "inverted": true, "swapped": false, "error_lsq": 0.04111621286236196, "error_max": 0.2012536247943098, "target": "844.xyz", "model": "19.xyz", "model_rescale": 4.410303926677745, "target_rescale": 3.6126974323786443},
{"mapping": [11, 7, 3, 4, 12, 2, 8, 1, 0, 5, 13], "R": [[-0.11080814170560258, -0.12736923810298298, -0.9856463021372408], [0.8334165486874414, 0.5283763401595777, -0.1619731444823002], [0.5414225818209515, -0.8394018825000549, 0.04760323045444689]], "T": [-0.021496954617340445, -0.00185235853172553, -0.07325749775830766], "aligned_model": [[-0.5854754664229018, -0.009375817733623937, 0.31983578693395726, 0.01050294363135101, -0.48593275557917204, 0.43531492811501704, -0.46108074413400185, 0.3885284371735712, 0.6769848590548718, -0.19701319568013342, -0.07653465298200612], [0.18302127487888706, 0.4403389628130824, -0.5762744633288396, 0.5121159676678735, 0.5803001974657941, 0.47764187655385537, -0.14580788867555683, -0.014946071103954128, -0.13317311980691823, -0.7337843307311406, -0.03307364953449984], [-0.6519485227317582, 0.4845713992429967, -0.3552041252748207, -0.5527425978286834, 0.05352075597263177, -0.06914531241417393, 0.5408275767569918, 0.5550956067539402, -0.1629089681869855, 0.29080343143328086, -0.027560023363519162]], "inverted": false, "swapped": false, "error_lsq": 0.05697817348153478, "error_max": 0.34286685926717675, "target": "844.xyz", "model": "20.xyz", "model_rescale": 4.121658175737393, "target_rescale": 3.6126974323786443},
{"mapping": [11, 1, 9, 7, 3, 5, 2, 6, 8, 10, 12], "R": [[-0.9512206357136681, -0.3010795649464929, -0.06730822954227404], [0.18965753982047817, -0.7427528499071181, 0.6421434586944711], [-0.24332965249169408, 0.5980545957740687, 0.7636238476447594]], "T": [0.010665112832103904, 0.0593472634612396, 0.04110516760957119], "aligned_model": [[-0.5405035013483035, 0.09175438392693071, 0.22307569535523358, -0.11066730094339831, -0.43710654715379926, 0.4709609897919313, -0.4402340056535631, 0.27218561617174064, 0.6698450297690199, -0.1878955030888485, 0.004339465549985839], [-0.13903255604344877, 0.4592782997951556, -0.4013885268377052, 0.3774384286614186, 0.5850916391379988, 0.5368489898612383, 0.05548266445654827, -0.30471120571162713, -0.07668928082186292, -0.6915586114532785, 0.1555989151541458], [-0.6157263245531561, 0.6031145645805045, -0.4739357542116305, -0.5512752132996774, -0.03461863912056474, -0.11388946754128973, 0.651749650129883, 0.5119479433092747, 0.015047570002681872, 0.11450196924933834, -0.0016070781854636354]], "inverted": false, "swapped": false, "error_lsq": 0.04009094701276355, "error_max": 0.20421042113441465, "target": "844.xyz", "model": "21.xyz", "model_rescale": 4.08911054899281, "target_rescale": 3.6126974323786443},
{"mapping": [6, 2, 9, 7, 0, 13, 1, 15, 14, 11, 16], "R": [[-0.7781339079125905, -0.10824099754625569, -0.6187014690518132], [-0.41736386961929683, 0.8252243409598122, 0.3805419653912698], [0.4693772701069864, 0.5543362459172548, -0.6873109229230087]], "T": [0.028749393000927707, 0.017859188078254852, -0.06167262446485133], "aligned_model": [[-0.5921352460000013, 0.10642614074068527, 0.44021151028810424, -0.06448393955348836, -0.471902225748013, 0.32659850063614615, -0.4964272937833717, 0.29296097897808376, 0.6603364269466525, -0.20805986180611657, 0.022229331678248573], [0.11821314959140283, 0.25590953629772734, -0.46446231124907034, 0.4151824429776476, 0.6089027192316487, 0.5709822382650491, -0.02495579888536722, -0.3182771573167074, -0.040115287127683245, -0.6297881534830568, 0.06476737789699182], [-0.4616669694407177, 0.6154921885211857, -0.38665340679930493, -0.64411400763262, -0.051931007295881904, -0.2667842196056409, 0.5319221074993148, 0.5288454641946984, 0.03609937931589116, 0.2705431609288377, -0.06644346932586198]], "inverted": true, "swapped": false, "error_lsq": 0.03962897487604474, "error_max": 0.19781227434427268, "target": "844.xyz", "model": "22.xyz", "model_rescale": 4.204369325754507, "target_rescale": 3.6126974323786443},
{"mapping": [1, 13, 2, 3, 12, 14, 7, 9, 11, 8, 15], "R": [[-0.8644057942632994, -0.38902878437053184, -0.3185266515932704], [0.24320620466279946, 0.2309547497463535, -0.9420778341427611], [0.4400606377052495, -0.8918051964979714, -0.10502440974203853]], "T": [-0.11867754080532932, 0.04405401475814045, 0.021202143801956688], "aligned_model": [[-0.44121942852388873, 0.19552752320265887, 0.23868024189105408, -0.08242434238866594, -0.35861784749660003, 0.3490238651124598, -0.26607455374435934, 0.2641904993485855, 0.5876352676180643, -0.3766325533893552, -0.09433434925302399], [-0.04041315600799241, 0.43028722714378265, -0.47296395871077174, 0.4835940451920076, 0.5257327396867686, 0.6483069860795677, -0.13295012757110458, -0.29622848367294313, 0.022211813074523475, -0.6390972004547655, 0.027878871439510223], [-0.548316470212679, 0.47223310590319684, -0.579058727211197, -0.7074396489362323, -0.08152719662921067, -0.10478477467744494, 0.6864608927983773, 0.5927174384763293, 0.16212175486616126, 0.21877689970933983, -0.005874053726739662]], "inverted": true, "swapped": false, "error_lsq": 0.04111621286236196, "error_max": 0.2012536247943098, "target": "844.xyz", "model": "23.xyz", "model_rescale": 4.410303926677745, "target_rescale": 3.6126974323786443},
{"mapping": [12, 11, 4, 0, 7, 1, 14, 9, 10, 15, 16], "R": [[0.41972936285010065, -0.901427244203536, -0.10609517128063367], [0.5581253282569434, 0.3485066427662472, -0.7530200780230754], [0.7157676857189963, 0.25685023526447814, 0.649387847688155]], "T": [-0.04823096072168659, -0.011949232316231344, -0.0034562433649610678], "aligned_model": [[-0.6584578250460438, 0.099375163875495, 0.3584226338067439, -0.15258893677534355, -0.26174343069645184, 0.39695789294472794, -0.37579609202679587, 0.21064883782318278, 0.5850555166360198, -0.21413485154416673, 0.02801541337956201], [0.057320570378723436, 0.32883604863921273, -0.39183821783813305, 0.3107185100927145, 0.6151961356802751, 0.7103557774057186, -0.1362858237322439, -0.2987441694998739, -0.023444667175034947, -0.6515237501004808, 0.03576834234770481], [-0.5221090205436455, 0.5091833092217303, -0.4086741917919743, -0.6782752946141578, -0.05851992693316375, -0.13158784396408943, 0.5756736961155923, 0.489646076178947, 0.14687684962819567, 0.2662371492974408, -0.08314158223497518]], "inverted": false, "swapped": false, "error_lsq": 0.03901668559126519, "error_max": 0.23769685546208605, "target": "844.xyz", "model": "24.xyz", "model_rescale": 4.28219845311461, "target_rescale": 3.6126974323786443},
{"mapping": [7, 14, 1, 9, 13, 11, 2, 6, 8, 0, 15], "R": [[-0.9328135279794759, -0.2065966037907277, 0.2952571173073074], [0.29733337385361575, 0.021658644007412686, 0.9545280341260736], [-0.20359711886790038, 0.9781864579117305, 0.04122458910398963]], "T": [-0.010436629273515314, 0.09115178172694575, -0.10462399558608207], "aligned_model": [[-0.6151706066219309, 0.09153817391742355, 0.2631403880748914, 0.0006695290868350794, -0.5083608788927167, 0.32217104038759214, -0.36738466803289643, 0.35380783978181146, 0.6285058545061449, -0.12644389077466228, -0.02671845905556263], [0.19351650387000333, 0.4860928494070469, -0.429732029739282, 0.4465096882428948, 0.4006826240096298, 0.5222414630888688, -0.014865999731397656, -0.2931269793987468, -0.1579823848617501, -0.6237536577888785, 0.02677667910019446], [-0.58354391170063, 0.5386234820370333, -0.3570384749208385, -0.6794901499228517, -0.008819213586789484, -0.10132309351575178, 0.4699439743081697, 0.6246584843017375, 0.003221849899308113, 0.27088459268520804, -0.07180831922469491]], "inverted": false, "swapped": false, "error_lsq": 0.04166543786544267, "error_max": 0.2338875019247084, "target": "844.xyz", "model": "25.xyz", "model_rescale": 4.100010024507729, "target_rescale": 3.6126974323786443},
{"mapping": [2, 4, 8, 1, 6, 0, 5, 9, 10, 7, 11], "R": [[-0.573749448148642, -0.18320738820621507, -0.7982772849428863], [-0.7899134901758231, -0.13379452062708763, 0.5984444036737397], [-0.21644456285011815, 0.9739271426327667, -0.06795345506886474]], "T": [-0.04151983581313775, 0.01805469438977294, -0.10042768925194774], "aligned_model": [[-0.6964690052460905, 0.02742672765309085, 0.35846501548746695, 0.06254041962983828, -0.3982802286231901, 0.4254285778837142, -0.4513884439696071, 0.33591288933519353, 0.5795924490035863, -0.21733018326661174, -0.010143895510461194], [0.030013419879241464, 0.45325287648479584, -0.33584681862907295, 0.2552048670663874, 0.5353647607589181, 0.5959069826883218, -0.006963405171294741, -0.3839566154064748, 0.0028495867441416176, -0.6002157252167001, 0.010748827000319185], [-0.4448922893612049, 0.6556731597884633, -0.40312170433618916, -0.7577539496392811, 0.05955498324149501, -0.24836479679422951, 0.5285142707600721, 0.5121425899176474, 0.0698388573322997, 0.1126184481532549, 0.021099651297572228]], "inverted": false, "swapped": false, "error_lsq": 0.0439815733041304, "error_max": 0.2259102571607418, "target": "844.xyz", "model": "26.xyz", "model_rescale": 3.6694154284099745, "target_rescale": 3.6126974323786443},
{"mapping": [1, 10, 3, 5, 0, 8, 2, 11, 9, 12, 13], "R": [[0.44388889241082724, 0.7899939452575561, 0.4229328760579991], [-0.8167406171191466, 0.5508564524984672, -0.1717321550806369], [-0.368642666470018, -0.2691964620815174, 0.8897392029469476]], "T": [0.03155393982505386, 0.1281875794288466, -0.03052568685126176], "aligned_model": [[-0.6083689967003867, 0.30861714103361515, 0.24591991452823803, -0.21736039565234913, -0.5448223488907281, 0.46933836237807103, -0.42842689976962145, 0.1438888756129247, 0.6449041115664172, 0.01016322351070073, -0.008098665239952181], [0.009719376133392715, 0.3447311701323261, -0.5244626251442092, 0.5840161209322662, 0.4513866964398193, 0.5903533115447425, 0.030700741613114563, -0.2811252070602448, -0.15655849607749453, -0.6142000985233642, 0.12179776620823424], [-0.6272756963295636, 0.45756813174711486, -0.4558798448112432, -0.6273845429184718, -0.04683665563581944, -0.08624666905499356, 0.46043621580692795, 0.7151413797832132, 0.056564925610300486, 0.24900210467890574, 0.010219871483529715]], "inverted": false, "swapped": false, "error_lsq": 0.050653093592008536, "error_max": 0.2502708573075439, "target": "844.xyz", "model": "27.xyz", "model_rescale": 4.103607728864725, "target_rescale": 3.6126974323786443},
{"mapping": [13, 5, 3, 4, 8, 1, 6, 9, 0, 10, 14], "R": [[0.47423732300322885, -0.19550442098870022, 0.8584153906149425], [-0.4899020128288101, -0.868732897192289, 0.07279540618866226], [0.7315018655458179, -0.45506172626333347, -0.5077635729286055]], "T": [-0.14333905536953007, -0.07157660346309846, -0.008808690326707962], "aligned_model": [[-0.602080973088693, 0.1679170317358421, 0.4154693760448742, -0.18135138125957995, -0.47251494999305027, 0.4459532414321282, -0.32761274373260496, 0.246060408100299, 0.564433318771958, -0.22216785210986173, -0.018351153524381908], [0.010918512230736102, 0.2608356575400073, -0.46490182226501126, 0.4812999843300434, 0.6618674538825903, 0.5932724572480206, -0.06865009852760892, -0.393820239502569, 0.017890209268395726, -0.5509212423758205, 0.008567884369799425], [-0.4589452715636773, 0.5636964601798398, -0.3195485522714049, -0.7260895480701433, -0.170001189996261, -0.12530395837068484, 0.5972456852847551, 0.6351253303108585, 0.01849875926925297, 0.14543142850057983, -0.05479992291321445]], "inverted": true, "swapped": false, "error_lsq": 0.04030044128697657, "error_max": 0.18075720545115723, "target": "844.xyz", "model": "28.xyz", "model_rescale": 4.137296879288765, "target_rescale": 3.6126974323786443},
{"mapping": [7, 6, 3, 1, 0, 5, 9, 4, 4, 8, 10], "R": [[-0.0717776111594145, -0.4380783136951162, 0.8960666077955877], [-0.8913970158311461, 0.4312439544803246, 0.13942744310751531], [-0.4475034465829013, -0.7887433313786021, -0.42145536240770415]], "T": [-0.01667413029791363, 0.05538476321876645, -0.08154397425985598], "aligned_model": [[-0.5905426924302639, 0.21784367981240277, 0.29626707901994603, -0.1731821656282759, -0.41268396658352047, 0.3962628664227468, -0.5397066634607409, 0.5516358286754843, 0.5516358286754843, -0.28053131308193957, -0.0012441590443941948], [-0.09709741613388309, 0.40477939114391587, -0.5039328943729211, 0.5125015542378354, 0.6288289874794339, 0.5794307216921182, -0.038869189978084695, -0.1735060030868996, -0.1735060030868996, -0.6121378759993801, 0.029867484303347472], [-0.4833353169489261, 0.5007554450040603, -0.3162784676336065, -0.6590458704777831, -0.011842657239943391, -0.17130486540265544, 0.49147206199822097, 0.3920199289357722, 0.3920199289357722, -0.02544770700164485, -0.0037032598093660746]], "inverted": true, "swapped": false, "error_lsq": 0.05823914384111453, "error_max": 0.3761196137116938, "target": "844.xyz", "model": "29.xyz", "model_rescale": 3.607286011436655, "target_rescale": 3.6126974323786443},
{"mapping": [3, 11, 7, 0, 9, 1, 10, 12, 13, 5, 14], "R": [[-0.9720518851000998, -0.021680806713654553, -0.2337628612367415], [0.07306150839586514, 0.9183428221727755, -0.3889839032076564], [0.2231079305275001, -0.39519160363548667, -0.8910928390194531]], "T": [-0.0505292934896063, -0.013274575186068095, -0.012381914063617114], "aligned_model": [[-0.6057918044559899, 0.06731743516366845, 0.3675013083074391, -0.11583919647748578, -0.3552853961732896, 0.30699194041820255, -0.3335323011433501, 0.2910032371584492, 0.6594723572979935, -0.19002696142711023, -0.07605629629159791], [0.16220140521699916, 0.2938744909133567, -0.5924498709535336, 0.42949733079492636, 0.7089658401167319, 0.6022352461340921, -0.1590692484304725, -0.29574965773427747, 0.0009701635733842737, -0.7415793154189798, 0.14746237198635595], [-0.5484259052459293, 0.473727808835575, -0.31087036823114417, -0.8396326855649558, -0.0053244153507673395, -0.18922163250621624, 0.6340916812320266, 0.5457984118703185, 0.1653517789947947, 0.16258618467897454, 0.017228361647223737]], "inverted": true, "swapped": false, "error_lsq": 0.042609391670815185, "error_max": 0.21286714836432818, "target": "844.xyz", "model": "30.xyz", "model_rescale": 3.964800864290218, "target_rescale": 3.6126974323786443},
