[{"mapping": [4, 12, 7, 3, 1, 9, 10, 8, 11, 6, 2, 13], "R": [[-0.7500518113190697, -0.5494693787121703, -0.36811096451293707], [-0.5115517814175368, 0.12918930811401746, 0.8494850779134185], [-0.4192100371717355, 0.825465641033401, -0.377980714068574]], "T": [0.015426334834271667, -0.020061966125076436, 0.004124387962131101], "aligned_model": [[-0.2847516582135441, 0.23214888896111868, 0.45010262667521456, -0.19222399401625342, -0.13199670312995612, -0.5037697744906727, 0.27141107376168094, -0.30300737952386536, 0.7297225181611721, 0.2657303416257838, -0.6483207950172508, -0.047402682332878504], [-0.34062011059409936, -0.64331147244948, -0.2388947912421942, 0.658152828880582, 0.3672171460671464, -0.5642962303545833, -0.44749263635019904, -0.49775509421268416, 0.14363539213522167, 0.4802619617277251, 0.1434742170359445, -0.0068161746663226285], [-0.499851671244934, -0.14466172065516217, -0.5233265146489974, -0.050045489985798886, -0.6514696669798627, 0.10959299463755612, 0.5748416404161967, 0.6111577921929864, 0.07121843257453755, 0.23475492535677767, 0.38774898185036427, 0.061992041839899065]], "inverted": true, "swapped": true, "error_lsq": 0.04222232593070496, "error_max": 0.2764832190023585, "target": "845.xyz", "model": "0.xyz", "model_rescale": 3.751011558992144, "target_rescale": 4.253493605335624},
{"mapping": [11, 12, 6, 7, 9, 1, 0, 13, 4, 10, 8, 2, 5, 14], "R": [[0.20619932081191183, -0.021650075016347775, 0.9782704709580541], [0.1941074491769626, -0.9789821656901916, -0.0625796886741628], [0.9590641992435747, 0.20279347502404704, -0.19766301681637888]], "T": [-0.027316829050819846, -0.06038268750525337, 0.022821015898191955], "aligned_model": [[-0.6669633207831449, -0.17277966870831252, -0.2731090055615759, 0.14374372088344317, -0.5391806532086527, 0.34144975404906136, 0.6928464518814202, -0.01777264474674652, -0.1555153277120747, -0.745742026109601, 0.24345520559614453, 0.5518849395086366, -0.12843191024533615, -0.060063680435246916], [-0.1256215576128316, 0.30257639417576476, -0.6292016445147018, -0.2669538378340781, 0.34782049938534826, -0.6396063408552881, -0.12531895333414672, 0.6658409305612344, -0.6869070466683581, -0.2806221365422801, -0.191279911547866, 0.43363050991312074, 0.33585507615041427, -0.03060786555583058], [-0.4497541044459615, -0.6089039015945895, -0.4011565134390704, -0.5835977106474662, 0.09735426395011575, -0.09632895692812987, -0.2066406337877542, 0.02604024080004947, 0.4882308806690938, 0.35117078283549175, 0.6144008280376478, 0.34564352760110967, 0.49489878703744167, -0.009504146833864118]], "inverted": true, "swapped": false, "error_lsq": 0.037349054073544545, "error_max": 0.24816923351165351, "target": "845.xyz", "model": "1.xyz", "model_rescale": 3.9405287249114394, "target_rescale": 4.253493605335624},
{"mapping": [5, 10, 8, 7, 12, 2, 6, 11, 4, 0, 1, 3, 13], "R": [[0.3653963583486942, 0.789021416240236, 0.4938934156473086], [0.7448307308817723, -0.5660632860747893, 0.35326978145934934], [0.5583123531139517, 0.23878350209439442, -0.7945248614662092]], "T": [0.010976641071319862, -0.05116132196628921, 0.011259244114178443], "aligned_model": [[-0.2983152185879438, 0.20390894482567595, -0.3014829335877455, 0.6350743853985592, 0.45859278497463524, -0.7535653171535014, -0.005621549014374491, 0.5706192149918896, 0.008205476151256634, -0.5247932037688374, -0.045530697876956336, -0.38374954273351164, -0.06735906433521467], [0.6172792598501408, 0.5007551551188678, 0.3092296563119661, -0.40229015714031424, -0.20117124180655305, 0.07361735632518507, 0.3310203772150712, 0.30508373743324857, -0.6740599007516754, -0.6602955602540181, -0.6457582721777563, -0.07456363365198161, -0.02001418290016377], [0.08771101442601928, -0.4705173380808211, -0.6747201038939536, 0.05865423686246046, -0.4731813924812641, -0.10864922173585537, 0.48011766866642147, 0.32970409106292137, -0.23132249662830304, 0.01456372381322196, 0.5060153609864118, 0.6025898745907604, -0.007845067999375285]], "inverted": false, "swapped": true, "error_lsq": 0.04100974238781092, "error_max": 0.32110055607722815, "target": "845.xyz", "model": "2.xyz", "model_rescale": 3.932901565614263, "target_rescale": 4.253493605335624},
{"mapping": [9, 11, 7, 8, 12, 0, 3, 10, 4, 5, 2, 1, 6, 13], "R": [[0.1415554032764184, 0.6263445073884866, -0.7665863459960169], [0.9516929520381499, 0.1270417952505421, 0.2795369515832058], [0.27247493984614946, -0.7691247885251091, -0.5781042006697787]], "T": [0.01110550314722527, -0.08428044068837068, -0.06834412976283899], "aligned_model": [[-0.6377471528085891, 0.1831050124853463, -0.28096336596424076, -0.05044058644731018, -0.6122927382893599, 0.5126090840259018, 0.3833342357264303, -0.08460355269754782, -0.06771612024095733, -0.6340583857434281, 0.25674647283645496, 0.5868867737927866, -0.2613509398257908, -0.07968690244168167], [-0.16089386400568725, 0.5657110181338897, -0.7109140160728479, -0.1439333241205635, 0.33691271654344757, -0.4475829609739408, -0.24123557752124752, 0.6132382336616031, -0.6976779432550438, -0.21694869550350668, -0.1718146493107386, 0.2446262912792471, 0.16633820050421397, -0.02622131363832403], [-0.4043702501992311, -0.6562522608624046, -0.24658185092185309, -0.7973436756377014, 0.06242577133982741, 0.1874991157274899, -0.38058815892187775, 0.06376535461882762, 0.548711021799155, 0.21968777175236104, 0.7229826861035832, 0.26190564079320233, 0.5058074565373583, -0.025795278874622955]], "inverted": false, "swapped": false, "error_lsq": 0.051016746315146966, "error_max": 0.4025343891624311, "target": "845.xyz", "model": "3.xyz", "model_rescale": 3.9243930471874484, "target_rescale": 4.253493605335624},
{"mapping": [3, 2, 1, 7, 4, 6, 11, 0, 9, 8, 12, 10, 13], "R": [[-0.6338137335134533, 0.7466914696392587, -0.2018217044267075], [-0.7533903101897782, -0.5368716515831577, 0.379699710611586], [0.17516618315727206, 0.39270940769777396, 0.9028267438350376]], "T": [-0.020802004325400823, -0.1503952163663542, -0.07102482968337501], "aligned_model": [[-0.10898532324580812, -0.33668374679828067, 0.5315114178916648, 0.47863174981130163, 0.5839294588175067, -0.4014255490101451, -0.22547736970238652, 0.42943912289477104, 0.08614823827663307, -0.43910029040986076, 0.246920280167611, -0.4968993887002171, -0.07080271368143704], [-0.44859686192463677, 0.3271808453025298, -0.4690918879631284, -0.46661535880769656, 0.13402270276826453, -0.5877234074383492, -0.7512684204749258, 0.1957541670775387, 0.5996935270585096, 0.5484445623642312, 0.05119886183107092, 0.09275462329765524, -0.09792379940947596], [-0.7108121566629783, -0.6063863848197667, -0.5125047758760594, 0.33592293778306825, -0.08722743779726536, -0.2443347944926759, 0.3012343016100357, -0.6503074016475426, -0.018037247285966757, 0.1153345447433852, 0.5165383794609065, 0.46577381294193343, -0.11812346258611028]], "inverted": false, "swapped": true, "error_lsq": 0.04549174945973908, "error_max": 0.2969201062975124, "target": "845.xyz", "model": "4.xyz", "model_rescale": 3.8936222436046832, "target_rescale": 4.253493605335624},
{"mapping": [7, 11, 12, 4, 10, 5, 3, 2, 0, 1, 9, 13], "R": [[0.8323557742032369, -0.2656224148813308, 0.48644485593244835], [0.5118170362117265, 0.7051461637081419, -0.4907262059959046], [-0.21266684413414014, 0.6574295555573243, 0.722882558155697]], "T": [-0.1622066360612779, -0.07512446767985187, -0.03363659220907239], "aligned_model": [[-0.041039099029473544, -0.6899353755585735, -0.16357052811926592, 0.42918640889038145, -0.7396729318289634, -0.689568162404103, -0.016748622190952245, -0.02201894963001394, 0.5910332389635387, 0.40960342944018274, 0.12532092255354726, -0.1650422888712071], [-0.49498625688188175, -0.5561455677004226, 0.08079198454753672, 0.011849163063669121, 0.3404242865049738, 0.1431833237615345, -0.38093155851894184, 0.43300602546696015, 0.0739937956965927, -0.5781453365283766, 0.6096764227218308, -0.013793377023668], [-0.6029082713222549, -0.21150888426948394, -0.691841817379484, -0.3328790920108467, -0.2940118153185994, 0.4381161690798655, 0.591945003033806, 0.5465555993381319, 0.22808501691155675, 0.11307905873647234, -0.19255419612918084, 0.02720794860553557]], "inverted": true, "swapped": true, "error_lsq": 0.03996892803088257, "error_max": 0.24656248325681732, "target": "845.xyz", "model": "5.xyz", "model_rescale": 3.6523030999806103, "target_rescale": 4.253493605335624},
{"mapping": [8, 10, 12, 9, 4, 5, 11, 2, 6, 3, 1, 0, 13], "R": [[0.9973039141142954, -0.014404120130475456, -0.0719543203398732], [-0.016212947305289025, -0.9995654515922392, -0.02461804872200842], [-0.07156845137336829, 0.025718267952373672, -0.9971040705270177]], "T": [0.010236188794332711, 0.08828865163274557, 0.036103476184001004], "aligned_model": [[0.26677637185420516, -0.15732576954118285, 0.2727240855255392, 0.6502010996714157, 0.6111696143576425, -0.4232294408957665, -0.6203534537838682, 0.23565913325744983, -0.548043814597595, -0.2084845670188848, 0.15752471582142863, 0.6202916367615049, 0.024173293252406112], [-0.516742086297993, -0.16680801919106208, 0.420634393017201, -0.21606681100327757, 0.37021012815202964, -0.5081218511046927, 0.4182774214057662, -0.6238839782341987, -0.026427841633737487, -0.08248081212354724, 0.4796720440662312, -0.011190463468561118, 0.0037547805790246885], [0.552054297046549, 0.7294951586513678, 0.5635428859474332, 0.3094015305190933, -0.042988362000815544, 0.10481445897590673, 0.2231371307385061, -0.20152397593990506, -0.167194672755516, -0.6188983284990661, -0.6170790080206268, -0.489292586367607, 0.02464121118646943]], "inverted": true, "swapped": true, "error_lsq": 0.046477826379417206, "error_max": 0.302310138084525, "target": "845.xyz", "model": "6.xyz", "model_rescale": 4.08911054899281, "target_rescale": 4.253493605335624},
{"mapping": [2, 0, 7, 6, 1, 5, 4, 9, 12, 13, 10, 8, 11, 14], "R": [[-0.9012377640498556, 0.34669823460191607, -0.2599438915888039], [-0.3957325607366806, -0.9029108531612599, 0.16777285720996493], [-0.17653960751969078, 0.2540714965664599, 0.950937138621304]], "T": [-0.01810251763032989, -0.07063828957641251, 0.015815741163145575], "aligned_model": [[-0.6263792886465053, -0.20206107484804445, -0.23352335677046698, -0.0006299401271184293, -0.5868500226779837, 0.3877274040598814, 0.6374326746009763, 0.010433439757482552, -0.17617006581993883, -0.6640236545371266, 0.36527089851286043, 0.5351640341468961, -0.18449536192922494, -0.04807385131367266], [-0.1479137285059438, 0.46050569148866527, -0.7224871646566063, -0.11187195280146815, 0.3882396436183063, -0.7130282485931108, -0.19184887109059345, 0.7066512067103419, -0.5225730948955372, -0.33781251090596387, -0.17890428259258362, 0.2849847336365303, 0.11209006741113696, 0.08357262689732768], [-0.5077942469688973, -0.738307261873233, -0.34192141186725444, -0.4813134779599235, -0.04666126888380864, 0.07183756547090783, -0.21316263418595474, 0.11361168180505091, 0.5438039038729622, 0.23329756271520605, 0.6162973787282804, 0.1963077391309468, 0.5482205043611387, 0.06763730890869313]], "inverted": false, "swapped": false, "error_lsq": 0.03883800518794027, "error_max": 0.259611432432564, "target": "845.xyz", "model": "7.xyz", "model_rescale": 3.964800864290218, "target_rescale": 4.253493605335624},
{"mapping": [11, 4, 9, 12, 6, 8, 7, 0, 10, 10, 5, 1, 3, 13], "R": [[-0.6582843681237704, 0.6872638280234588, 0.3071320910853021], [0.15483401645598904, -0.27566164242771574, 0.948702844015006], [0.7366736849053284, 0.6720707474549061, 0.07505193124369941]], "T": [-0.009806317268742086, 0.08275477609246512, -0.03976354601378943], "aligned_model": [[-0.6769086355545961, -0.31924060406672006, -0.12721298910792178, 0.09623371775426917, -0.5172270568046331, 0.3809903245829924, 0.610526554580683, 0.09858087307876434, -0.4174497205665431, -0.4174497205665431, 0.09677656622295153, 0.6944768972949383, -0.29564059609339827, 0.007366223653771434], [-0.19445777507082318, 0.37241769465555047, -0.5734002306425945, -0.2897558897086829, 0.3629072906072925, -0.5662193056182936, -0.03186584170195239, 0.733302501232997, -0.5047468275935172, -0.5047468275935172, -0.3340486402438464, 0.23012474759830862, 0.3996000812537562, 0.010493138545823205], [-0.44628663626680404, -0.6014032977917279, -0.2116152475845777, -0.6883514368391375, -0.063099888452303, 0.09126396022961478, -0.36976719302573346, 0.23987773635667106, 0.36496195901575157, 0.36496195901575157, 0.6771644308746538, 0.17327902333471126, 0.546641189086844, -0.015773214699600836]], "inverted": true, "swapped": false, "error_lsq": 0.04332173163542086, "error_max": 0.29411164012088503, "target": "845.xyz", "model": "8.xyz", "model_rescale": 4.121658175737393, "target_rescale": 4.253493605335624},
{"mapping": [1, 6, 11, 7, 3, 0, 5, 9, 10, 2, 4, 12, 13], "R": [[0.3038236123503319, -0.09639719749251047, 0.9478390121186117], [-0.4126179043453037, 0.8834110432703555, 0.22210671678648594], [-0.8587419155905257, -0.4585766118584466, 0.22862592474245474]], "T": [0.003989662706134073, -0.007264444083857881, -0.08307130712409821], "aligned_model": [[-0.6905913408655974, -0.05339790873705949, 0.3117540651333123, 0.07302960351377347, -0.5676263470157005, -0.6426019969398048, 0.21358634582247937, 0.13847296287647323, 0.7330540549721715, -0.23109411210442618, -0.23380861633731398, 0.43061715335503137, -0.004656367238141322], [0.2921704682338084, -0.3885842125799715, 0.03777699273284202, 0.6487827029709239, -0.36496830531987423, 0.08466393217683257, -0.7123722019013665, 0.05231904757072269, -0.18864168323813543, -0.5762378943596204, 0.4924899549369301, 0.4905997831320926, -0.07761114494347435], [-0.25458862549423356, -0.5494064593213208, -0.7499819570670707, -0.3656865333897487, -0.3096357085637867, 0.3981491889012505, -0.1679913833521578, 0.6620751286797582, 0.014451796333874972, 0.4021884133628103, 0.2918336660262536, 0.08326003147342262, -0.03359212362996275]], "inverted": false, "swapped": true, "error_lsq": 0.04530493283366021, "error_max": 0.24484447424091926, "target": "845.xyz", "model": "9.xyz", "model_rescale": 3.833441315466971, "target_rescale": 4.253493605335624},
{"mapping": [0, 5, 10, 13, 1, 8, 2, 4, 11, 12, 7, 3, 6, 14], "R": [[0.5402143812206961, -0.6660928253550532, -0.5142847171877298], [0.7671526130957044, 0.13860659460280145, 0.6263106897962444], [-0.34589780361079664, -0.7328769064059376, 0.5858721272718899]], "T": [-0.07990380484204442, -0.08228955484400526, 0.05630519286119898], "aligned_model": [[-0.5015878715540466, -0.043234240948659935, -0.3257997074285364, 0.048729809760987466, -0.7125059234002153, 0.30817375630753496, 0.49517467567301254, 0.07558153826279539, -0.09967598880200274, -0.6048697656715003, 0.28956582010967613, 0.6607361301596283, -0.39059291664929247, 0.014126518588633341], [-0.15527245218127028, 0.3789264701567, -0.8305646152610413, -0.11175957078944344, 0.24741001651863326, -0.7510902676525082, 0.02731200175865077, 0.6840262561266996, -0.6018828965604324, -0.18708234995072498, -0.21464169337792222, 0.312350373491206, 0.3903220478063851, -0.0784492043644305], [-0.4734862814767261, -0.4370205847274332, -0.17901115287136046, -0.729997199840864, -0.1353238371755661, -0.04198405098457039, -0.3607349670351866, 0.2128202593120683, 0.49785802212286323, 0.33279979927315073, 0.5947186812187529, 0.27998725157832005, 0.4322574729308488, 0.06896993092981644]], "inverted": true, "swapped": false, "error_lsq": 0.04321620149582996, "error_max": 0.24367457891741992, "target": "845.xyz", "model": "10.xyz", "model_rescale": 4.2482417240324, "target_rescale": 4.253493605335624},
{"mapping": [11, 7, 1, 4, 5, 2, 3, 9, 12, 8, 10, 13], "R": [[0.9768632914788693, -0.09628988720963595, 0.19096169087601222], [0.08065102425166577, 0.9928449128636321, 0.08805902161598402], [-0.19807453659728014, -0.07062036973821866, 0.9776396275365531]], "T": [-0.04738259162886344, -0.0008216890495866061, 0.04342712194019798], "aligned_model": [[-0.6781005133093093, -0.0008569366292380184, 0.2955768426071694, 0.5727700450060722, -0.5275335872227163, 0.17797632613431816, -0.09856069343183266, 0.4733197450026437, 0.09164997157101673, 0.017980246378312255, -0.41009129166150793, -0.03736455208192149], [-0.3798868813392456, -0.7106372166393939, -0.3373450297330562, -0.24026901267666453, 0.5625420533168755, 0.7380711953557145, 0.20073455294190487, 0.32195437320022474, -0.35199326206143744, 0.5819556275392666, 0.19602703415963266, 0.08497795598681823], [0.048112920135998015, -0.051615073540992075, 0.6522399793783618, -0.026800409926495218, 0.06331315400982064, 0.17655423482387125, 0.7237095824838342, -0.40553150817915057, -0.5177273945673387, -0.5517019460705044, -0.5918966740513248, 0.04653542535827638]], "inverted": true, "swapped": true, "error_lsq": 0.04532662490610409, "error_max": 0.244374753453377, "target": "845.xyz", "model": "11.xyz", "model_rescale": 3.6694154284099745, "target_rescale": 4.253493605335624},
{"mapping": [0, 5, 1, 12, 6, 2, 10, 7, 3, 4, 8, 9, 11, 13], "R": [[-0.45314177512641185, 0.6898601428054271, 0.5645843736801084], [-0.1417884841837864, -0.6810549117940486, 0.7183733241665262], [0.8800900848141335, 0.245473400778326, 0.40642865563610897]], "T": [-0.05825695003310788, -0.003461581472913859, -0.03553068628192371], "aligned_model": [[-0.6560915642125313, -0.27415058121608005, -0.25095731785591446, 0.17417107911848267, -0.4732940570831924, 0.29163362782071245, 0.5614393115882743, 0.2751622492424363, -0.18932030635035713, -0.6312569560171515, 0.28884418315340205, 0.46398616588517066, -0.21238178661000487, -0.15396221305523192], [-0.15954634803161805, 0.47415341108532116, -0.8076984566413511, -0.19675241920789346, 0.37921866269734916, -0.5539381817310326, 0.04230048427211381, 0.6402845542793228, -0.7077312678125088, -0.31207031031754007, -0.27497595825980636, 0.3718870491498547, 0.28099307356190684, -0.06652017732361709], [-0.39465348444811243, -0.6436792301220859, -0.21592777872474714, -0.6441228022174705, -0.001547397050970796, -0.00610842447729637, -0.16748205603485064, -0.19858855554330543, 0.4420418277275273, 0.31676222504823903, 0.5796104339902916, 0.4451581946542478, 0.6280653752541892, -0.07767498480154111]], "inverted": false, "swapped": false, "error_lsq": 0.05088436671979579, "error_max": 0.4501273977529845, "target": "845.xyz", "model": "12.xyz", "model_rescale": 3.9764082729961374, "target_rescale": 4.253493605335624},
{"mapping": [13, 14, 12, 6, 11, 9, 4, 3, 1, 10, 2, 7, 8, 15], "R": [[-0.07822389891795845, -0.47652921053095304, 0.87567170397862], [0.5063394046790637, -0.7756288498991095, -0.376855800636578], [0.8587790338074893, 0.4139079592311937, 0.30195822952478724]], "T": [0.027183487314677422, -0.1739312873755694, -0.05914118408439539], "aligned_model": [[-0.41744360477947734, -0.27975675838324926, -0.35485667156422745, 0.10627931906660817, -0.6086491349277512, 0.2691217703855379, 0.6747133103721894, 0.0004152530484171843, -0.1847577433848416, -0.6701484180769466, 0.25182590804471017, 0.5839297929364322, -0.23692407899158055, 0.0800728906621939], [-0.214114920005127, 0.40359080487749965, -0.6826323654758054, -0.029491840969377736, 0.29866654465719067, -0.7134069781419411, 0.004121409503742068, 0.6531346632540714, -0.5065941529999541, -0.2552823933225468, -0.1746674718016083, 0.2130441889803435, 0.1974852216554292, -0.08424859449141482], [-0.47767740812179915, -0.5185581603767428, -0.1089615121815375, -0.8051572036312782, -0.005170225230002462, 0.05008780828710058, -0.31382939968209295, 0.09477055119581845, 0.43859259096522024, 0.3323394798600146, 0.7062311140471489, 0.27450118552508973, 0.4811826141029143, -0.08649809150574019]], "inverted": true, "swapped": false, "error_lsq": 0.041812859747877, "error_max": 0.26789797806129956, "target": "845.xyz", "model": "13.xyz", "model_rescale": 4.170626492500431, "target_rescale": 4.253493605335624},
{"mapping": [7, 1, 8, 0, 9, 4, 2, 3, 12, 10, 5, 6, 11, 13], "R": [[-0.4294842363845941, 0.4353608845030774, -0.7912042662560916], [-0.7923652548704909, -0.6019811295082715, 0.09887377099093353], [-0.4332442654798378, 0.6693874961191342, 0.6035062439347187]], "T": [-0.015305771465686714, -0.0642542012615077, -0.060734442451130466], "aligned_model": [[-0.5902800582509454, -0.3706458653059538, -0.2661758068079679, 0.026750642716444638, -0.6504461723657105, 0.3827767625198411, 0.5735499889792722, 0.1878591520935309, -0.17208385614009722, -0.5364894563483472, 0.2201720438389805, 0.5643386389235701, -0.15638949914475045, 0.0008853197001477062], [-0.30827568241615955, 0.4015900629589169, -0.7528171482816731, -0.08664099719413472, 0.419133115133446, -0.6508345508282476, -0.007091187534207427, 0.5944556059749423, -0.5726083512261723, -0.21027335398594138, -0.20594053000674278, 0.21600370582287132, 0.3066741989807576, -0.03377077167715455], [-0.5777333681363594, -0.5582653551569317, -0.18115697424311306, -0.6553675191647408, 0.077973206786107, -0.03799856263875093, -0.3486814002206926, -0.04344259131889173, 0.44196110314848935, 0.09855861648302167, 0.806269024152242, 0.4805207007588549, 0.5242161151253533, 0.03500034767952595]], "inverted": false, "swapped": false, "error_lsq": 0.051245370381654325, "error_max": 0.3559099582053891, "target": "845.xyz", "model": "14.xyz", "model_rescale": 3.9786697098870705, "target_rescale": 4.253493605335624},
{"mapping": [0, 9, 3, 1, 2, 5, 12, 10, 6, 7, 8, 13], "R": [[-0.7281891639812376, -0.14940019549775402, 0.6688947025096994], [-0.3656409937741614, 0.9101494826756146, -0.1947680231895242], [-0.5796957867124359, -0.38640328773257643, -0.7173878268393644]], "T": [0.10624051802863044, -0.08611097978556038, 0.0636963158056735], "aligned_model": [[-0.054184260713092514, -0.6010605707189127, 0.65567104286797, 0.45324087683702124, -0.023848702530103988, 0.3121685126949369, -0.3746903082779961, -0.23026421988275636, 0.6465273310723377, 0.10805913691650784, -0.49860410701900637, 0.09033986552043083], [-0.34666521591769706, 0.021350899751286928, -0.01270032188333843, -0.6507858132305756, 0.4142277990576163, 0.6245043570887916, -0.35180119373323415, 0.3732145247122897, 0.17053746413465698, -0.6995238719769706, 0.4902921673063114, -0.017976305084697677], [-0.6876226223822092, -0.19136500152134786, -0.38213472460573905, -0.33911295816772524, -0.525549019945964, 0.09433359809461761, 0.45823423443811406, 0.5634242307179117, 0.15528402929001095, 0.43619739636965726, 0.06533963187797245, 0.01293769970853094]], "inverted": true, "swapped": true, "error_lsq": 0.05110923394844393, "error_max": 0.274469950737683, "target": "845.xyz", "model": "15.xyz", "model_rescale": 3.769337070930944, "target_rescale": 4.253493605335624},
{"mapping": [5, 11, 2, 3, 8, 10, 9, 12, 0, 1, 13], "R": [[0.6487701152483638, 0.08540698839513342, -0.75617655603298], [0.5643751331912741, 0.6125611578725192, 0.5533981721158918], [0.5104684579834061, -0.785795440429093, 0.34920979253865647]], "T": [-0.07621392164042737, -0.07161429230832175, 0.07569040536233931], "aligned_model": [[-0.28487293309176737, -0.41050505318736374, -0.03199752601384612, -0.6810552610889467, 0.5163651565051999, 0.31830703599326193, 0.5893822700494794, 0.4562501303914721, -0.014266287165375008, -0.4669230562127823, -0.06805834548816155], [0.04464741386032102, -0.7132481806454086, 0.6335554869857526, 0.30193215813540053, 0.14712644513178083, -0.3954663856173135, 0.29321115400420505, -0.4517360761681741, 0.6081144793565428, 0.1320836394197364, -0.004155636837500684], [-0.6252117073989886, -0.05874495511148889, -0.26379841235197143, 0.10134866657015681, -0.47119425783675106, -0.4841456262654308, 0.0480631611203627, 0.2475490142457113, 0.5141377272088969, 0.7139503465381247, 0.02226365050515515]], "inverted": true, "swapped": true, "error_lsq": 0.04526832712019771, "error_max": 0.23251714296512374, "target": "845.xyz", "model": "16.xyz", "model_rescale": 3.7852294659196426, "target_rescale": 4.253493605335624},
{"mapping": [11, 1, 4, 7, 6, 3, 2, 0, 12, 10, 5, 9, 13], "R": [[0.449263519260363, -0.10890282838231924, -0.8867369757893965], [-0.0905556564589797, 0.9818799599391571, -0.1664674663505233], [0.8887980441838724, 0.1550868087240513, 0.43126107917908946]], "T": [0.0029145828435415983, 0.05618621504429744, -0.04917246630072015], "aligned_model": [[-0.12129332618780936, -0.42785896428856196, 0.2790726140789665, 0.21251716207433316, -0.4705206323412068, -0.6866928707703762, -0.17102743683185576, -0.14231757037244605, 0.6266040129240588, 0.47424346059783806, -0.23488516741372537, 0.5260198447643543, -0.010095276017286292], [-0.17055074169525805, -0.4685267965083285, -0.2901474804510859, -0.6098316827851923, 0.17956855351354084, 0.11355844308992079, 0.6833565302143005, -0.007029804172772228, -0.18813509236902898, 0.4577237082996092, 0.6918863292535257, 0.34805709413120556, 0.13512656318243743], [-0.73814287293788, 0.3258377126769755, 0.451473049906312, -0.21507200594207257, -0.40526580933554307, 0.11568604965281185, 0.38771852031461734, 0.7464506373526959, -0.14332400515185179, -0.4857043404710547, -0.34523965905659293, 0.4177873137504538, -0.016449893615697445]], "inverted": true, "swapped": true, "error_lsq": 0.03600637293132679, "error_max": 0.19959638941179314, "target": "845.xyz", "model": "17.xyz", "model_rescale": 3.901054581598922, "target_rescale": 4.253493605335624},
{"mapping": [11, 12, 6, 7, 9, 1, 0, 13, 4, 10, 8, 2, 5, 14], "R": [[0.20619932081191183, -0.021650075016347775, 0.9782704709580541], [0.1941074491769626, -0.9789821656901916, -0.0625796886741628], [0.9590641992435747, 0.20279347502404704, -0.19766301681637888]], "T": [-0.027316829050819846, -0.06038268750525337, 0.022821015898191955], "aligned_model": [[-0.6669633207831449, -0.17277966870831252, -0.2731090055615759, 0.14374372088344317, -0.5391806532086527, 0.34144975404906136, 0.6928464518814202, -0.01777264474674652, -0.1555153277120747, -0.745742026109601, 0.24345520559614453, 0.5518849395086366, -0.12843191024533615, -0.060063680435246916], [-0.1256215576128316, 0.30257639417576476, -0.6292016445147018, -0.2669538378340781, 0.34782049938534826, -0.6396063408552881, -0.12531895333414672, 0.6658409305612344, -0.6869070466683581, -0.2806221365422801, -0.191279911547866, 0.43363050991312074, 0.33585507615041427, -0.03060786555583058], [-0.4497541044459615, -0.6089039015945895, -0.4011565134390704, -0.5835977106474662, 0.09735426395011575, -0.09632895692812987, -0.2066406337877542, 0.02604024080004947, 0.4882308806690938, 0.35117078283549175, 0.6144008280376478, 0.34564352760110967, 0.49489878703744167, -0.009504146833864118]], "inverted": true, "swapped": false, "error_lsq": 0.037349054073544545, "error_max": 0.24816923351165351, "target": "845.xyz", "model": "18.xyz", "model_rescale": 3.9405287249114394, "target_rescale": 4.253493605335624},
{"mapping": [7, 8, 12, 0, 9, 3, 1, 5, 14, 13, 10, 2, 11, 15], "R": [[0.3770297667952686, -0.8538655976541166, -0.35883435745909753], [0.41380252218148855, 0.5019009142493112, -0.7595149405455723], [0.8286229707089612, 0.137873178749471, 0.5425633225670276]], "T": [-0.10371771291732339, -0.15153305263382572, -0.09874504581988035], "aligned_model": [[-0.6868158960469918, -0.10443131479868716, -0.08765600481532375, 0.1113264995434483, -0.6223105726859027, 0.4929005309635151, 0.5044466143374912, 0.021247214374320103, -0.17903437331020355, -0.6666994662999045, 0.27468090731437567, 0.552726088923985, -0.3197978251575939, -0.07676056793451327], [0.09116482967413475, 0.44168353791257936, -0.6942018733123585, -0.09667200221151162, 0.3908656251052793, -0.6852752142700915, -0.2788983625217536, 0.6618995211675796, -0.5926785493427918, -0.3300370940161361, -0.10903563630179053, 0.3300262539134096, 0.11467730093627254, -0.13391422101232017], [-0.4097431096329105, -0.5681763219496357, -0.17217279810475716, -0.7494527450133337, 0.0621119314625863, 0.19210641254736877, -0.32108184635296666, 0.01946602635478152, 0.5332810718974562, 0.2214388043981214, 0.5889412858447632, 0.20540533197853922, 0.535017239777907, -0.07528793995380574]], "inverted": false, "swapped": false, "error_lsq": 0.04101837087317144, "error_max": 0.2317558189433924, "target": "845.xyz", "model": "19.xyz", "model_rescale": 4.410303926677745, "target_rescale": 4.253493605335624},
{"mapping": [11, 4, 9, 12, 6, 8, 7, 0, 10, 10, 5, 1, 3, 13], "R": [[-0.6582843681237704, 0.6872638280234588, 0.3071320910853021], [0.15483401645598904, -0.27566164242771574, 0.948702844015006], [0.7366736849053284, 0.6720707474549061, 0.07505193124369941]], "T": [-0.009806317268742086, 0.08275477609246512, -0.03976354601378943], "aligned_model": [[-0.6769086355545961, -0.31924060406672006, -0.12721298910792178, 0.09623371775426917, -0.5172270568046331, 0.3809903245829924, 0.610526554580683, 0.09858087307876434, -0.4174497205665431, -0.4174497205665431, 0.09677656622295153, 0.6944768972949383, -0.29564059609339827, 0.007366223653771434], [-0.19445777507082318, 0.37241769465555047, -0.5734002306425945, -0.2897558897086829, 0.3629072906072925, -0.5662193056182936, -0.03186584170195239, 0.733302501232997, -0.5047468275935172, -0.5047468275935172, -0.3340486402438464, 0.23012474759830862, 0.3996000812537562, 0.010493138545823205], [-0.44628663626680404, -0.6014032977917279, -0.2116152475845777, -0.6883514368391375, -0.063099888452303, 0.09126396022961478, -0.36976719302573346, 0.23987773635667106, 0.36496195901575157, 0.36496195901575157, 0.6771644308746538, 0.17327902333471126, 0.546641189086844, -0.015773214699600836]], "inverted": true, "swapped": false, "error_lsq": 0.04332173163542086, "error_max": 0.29411164012088503, "target": "845.xyz", "model": "20.xyz", "model_rescale": 4.121658175737393, "target_rescale": 4.253493605335624},
{"mapping": [8, 10, 12, 9, 4, 5, 11, 2, 6, 3, 1, 0, 13], "R": [[0.9973039141142954, -0.014404120130475456, -0.0719543203398732], [-0.016212947305289025, -0.9995654515922392, -0.02461804872200842], [-0.07156845137336829, 0.025718267952373672, -0.9971040705270177]], "T": [0.010236188794332711, 0.08828865163274557, 0.036103476184001004], "aligned_model": [[0.26677637185420516, -0.15732576954118285, 0.2727240855255392, 0.6502010996714157, 0.6111696143576425, -0.4232294408957665, -0.6203534537838682, 0.23565913325744983, -0.548043814597595, -0.2084845670188848, 0.15752471582142863, 0.6202916367615049, 0.024173293252406112], [-0.516742086297993, -0.16680801919106208, 0.420634393017201, -0.21606681100327757, 0.37021012815202964, -0.5081218511046927, 0.4182774214057662, -0.6238839782341987, -0.026427841633737487, -0.08248081212354724, 0.4796720440662312, -0.011190463468561118, 0.0037547805790246885], [0.552054297046549, 0.7294951586513678, 0.5635428859474332, 0.3094015305190933, -0.042988362000815544, 0.10481445897590673, 0.2231371307385061, -0.20152397593990506, -0.167194672755516, -0.6188983284990661, -0.6170790080206268, -0.489292586367607, 0.02464121118646943]], "inverted": true, "swapped": true, "error_lsq": 0.046477826379417206, "error_max": 0.302310138084525, "target": "845.xyz", "model": "21.xyz", "model_rescale": 4.08911054899281, "target_rescale": 4.253493605335624},
{"mapping": [11, 5, 15, 9, 8, 14, 12, 6, 2, 1, 4, 7, 0, 16], "R": [[-0.9831560229657758, -0.019506798934500094, 0.18172429474742308], [0.17940676985040913, -0.2928195109497377, 0.939185788296969], [0.034891910781177454, 0.9559687331720037, 0.29138691761908747]], "T": [0.01061110068316238, -0.0722668577761115, 0.00021815570144321627], "aligned_model": [[-0.6429369722124526, -0.13069019424913886, -0.3248192297580477, 0.25056840107176975, -0.5591028209058954, 0.33886171519034636, 0.7120506018756033, -0.11051156394977496, -0.23261636776982988, -0.7075511147882362, 0.15723128310726997, 0.48151192723504593, -0.04910207909857784, 0.030928248659932954], [-0.17598426711521384, 0.23824190515144464, -0.6953582452359457, -0.14031075744777283, 0.3098735149231774, -0.5805397403857462, -0.11480659552273977, 0.6490599624903045, -0.6060658219961034, -0.14171849178242907, -0.2898489947740115, 0.42968023296250235, 0.2897861615579618, -0.062404747104927265], [-0.3845033613376489, -0.6173150872448951, -0.17514043173485225, -0.6671184409798739, -0.10056280063922043, -0.2136341223467745, -0.22592892677682566, 0.14367911564500227, 0.42111350345533, 0.33100189784894424, 0.6463239687329524, 0.17937651487351294, 0.6824434451262117, 0.042118068632251406]], "inverted": true, "swapped": false, "error_lsq": 0.04063660233308799, "error_max": 0.25347209801767034, "target": "845.xyz", "model": "22.xyz", "model_rescale": 4.204369325754507, "target_rescale": 4.253493605335624},
{"mapping": [7, 8, 12, 0, 9, 3, 1, 5, 14, 13, 10, 2, 11, 15], "R": [[0.3770297667952686, -0.8538655976541166, -0.35883435745909753], [0.41380252218148855, 0.5019009142493112, -0.7595149405455723], [0.8286229707089612, 0.137873178749471, 0.5425633225670276]], "T": [-0.10371771291732339, -0.15153305263382572, -0.09874504581988035], "aligned_model": [[-0.6868158960469918, -0.10443131479868716, -0.08765600481532375, 0.1113264995434483, -0.6223105726859027, 0.4929005309635151, 0.5044466143374912, 0.021247214374320103, -0.17903437331020355, -0.6666994662999045, 0.27468090731437567, 0.552726088923985, -0.3197978251575939, -0.07676056793451327], [0.09116482967413475, 0.44168353791257936, -0.6942018733123585, -0.09667200221151162, 0.3908656251052793, -0.6852752142700915, -0.2788983625217536, 0.6618995211675796, -0.5926785493427918, -0.3300370940161361, -0.10903563630179053, 0.3300262539134096, 0.11467730093627254, -0.13391422101232017], [-0.4097431096329105, -0.5681763219496357, -0.17217279810475716, -0.7494527450133337, 0.0621119314625863, 0.19210641254736877, -0.32108184635296666, 0.01946602635478152, 0.5332810718974562, 0.2214388043981214, 0.5889412858447632, 0.20540533197853922, 0.535017239777907, -0.07528793995380574]], "inverted": false, "swapped": false, "error_lsq": 0.04101837087317144, "error_max": 0.2317558189433924, "target": "845.xyz", "model": "23.xyz", "model_rescale": 4.410303926677745, "target_rescale": 4.253493605335624},
{"mapping": [13, 14, 7, 11, 6, 1, 10, 15, 0, 12, 2, 8, 5, 16], "R": [[0.4568483043418946, -0.8887450584829442, 0.03770739771032139], [-0.285745820874634, -0.10647714168478309, 0.9523717468254298], [-0.8424007079013038, -0.4458641489521078, -0.3025990879143483]], "T": [0.015317723609562399, -0.03779748952842184, -0.0509606767094291], "aligned_model": [[-0.629013902835937, -0.22691563494910563, -0.2547539737295354, 0.19611013647717154, -0.6345419303938988, 0.3797147584241221, 0.6610473932998168, -0.06233411820846369, -0.19785475606023104, -0.6577929245946087, 0.12800872751015963, 0.6366240672054667, -0.20140740549709865, 0.07693139776015698], [-0.08114031177827892, 0.3406403698979655, -0.6054467687395976, -0.16946120463712122, 0.3542589494749002, -0.8029805818568625, -0.04833610530205462, 0.6716066568517155, -0.5804622684554053, -0.225318170387462, -0.305242367250155, 0.4550511232347447, 0.2281694590681037, -0.12173466439999131], [-0.32871016590905255, -0.5571797760812301, -0.2672162449376468, -0.6431601837879525, -0.007690958726366819, -0.1852923029311764, -0.1328513204662458, -0.05645061256390196, 0.4290999889462019, 0.34644828683822476, 0.8142953121162264, 0.16533851320899068, 0.47619568917823324, 0.009027118369810037]], "inverted": false, "swapped": false, "error_lsq": 0.03960004962553595, "error_max": 0.2916372040279095, "target": "845.xyz", "model": "24.xyz", "model_rescale": 4.28219845311461, "target_rescale": 4.253493605335624},
{"mapping": [2, 6, 4, 0, 14, 3, 1, 10, 7, 13, 9, 5, 11, 15], "R": [[0.5697342685433233, 0.7683724981521292, 0.2915588574042316], [0.7473812318610553, -0.3368747806143362, -0.5726575560034938], [-0.3417954907678802, 0.544168251802234, -0.766196290921096]], "T": [-0.08193080773168945, -0.06836337682507275, 0.07317305411236075], "aligned_model": [[-0.6204496081579848, -0.1557566711053425, -0.07737877889177464, -0.06324276544099683, -0.6203043036315686, 0.4803396741010839, 0.4886826027822826, -0.07087477474019128, -0.18462644813830223, -0.5885091928917219, 0.13207353591564894, 0.6603053350893835, -0.08330950190643441, -0.0831272685760672], [-0.09756344263698827, 0.4628554743572696, -0.7034919855589755, -0.20816557492597465, 0.46890604300897787, -0.5995771726954692, -0.1507358385318373, 0.7222442061493376, -0.7581694606179927, -0.3139563080514568, -0.23212512249151046, 0.26422248866614706, 0.3412661553113979, -0.08610534626242408], [-0.34863837547664794, -0.6510875405679442, -0.2890968762253498, -0.7303568299101963, 0.032673988464440695, 0.11451496016820539, -0.20520171511188495, 0.0059255061590713365, 0.41837904762054967, 0.2628541252746964, 0.6930584591956088, 0.3256662842784262, 0.43189135146088353, 0.0012709579242551339]], "inverted": true, "swapped": false, "error_lsq": 0.03974172997094493, "error_max": 0.2441312062589233, "target": "845.xyz", "model": "25.xyz", "model_rescale": 4.100010024507729, "target_rescale": 4.253493605335624},
{"mapping": [11, 7, 1, 4, 5, 2, 3, 9, 12, 8, 10, 13], "R": [[0.9768632914788693, -0.09628988720963595, 0.19096169087601222], [0.08065102425166577, 0.9928449128636321, 0.08805902161598402], [-0.19807453659728014, -0.07062036973821866, 0.9776396275365531]], "T": [-0.04738259162886344, -0.0008216890495866061, 0.04342712194019798], "aligned_model": [[-0.6781005133093093, -0.0008569366292380184, 0.2955768426071694, 0.5727700450060722, -0.5275335872227163, 0.17797632613431816, -0.09856069343183266, 0.4733197450026437, 0.09164997157101673, 0.017980246378312255, -0.41009129166150793, -0.03736455208192149], [-0.3798868813392456, -0.7106372166393939, -0.3373450297330562, -0.24026901267666453, 0.5625420533168755, 0.7380711953557145, 0.20073455294190487, 0.32195437320022474, -0.35199326206143744, 0.5819556275392666, 0.19602703415963266, 0.08497795598681823], [0.048112920135998015, -0.051615073540992075, 0.6522399793783618, -0.026800409926495218, 0.06331315400982064, 0.17655423482387125, 0.7237095824838342, -0.40553150817915057, -0.5177273945673387, -0.5517019460705044, -0.5918966740513248, 0.04653542535827638]], "inverted": true, "swapped": true, "error_lsq": 0.04532662490610409, "error_max": 0.244374753453377, "target": "845.xyz", "model": "26.xyz", "model_rescale": 3.6694154284099745, "target_rescale": 4.253493605335624},
{"mapping": [5, 4, 1, 0, 8, 6, 2, 10, 3, 7, 12, 11, 9, 13], "R": [[0.12466723075982589, 0.822009587057333, -0.5556602562362267], [0.4131350967610673, -0.5521780038084304, -0.7241676904794638], [-0.9020961552954874, -0.13928277314861948, -0.40843951290874186]], "T": [-0.11079096986772657, -0.017588818638993794, 0.0006759378466628585], "aligned_model": [[-0.6519473814366039, -0.0654104346924476, -0.21182860088471445, 0.003237721370077523, -0.5651802485400172, 0.255976325525538, 0.5227204016659577, 0.03414873012674635, -0.24409351426635456, -0.6307328058849218, 0.44356566416209137, 0.5870906117410812, -0.2054446849814389, -0.058279949496979025], [-0.30773878283131434, 0.5255831207072706, -0.8233280626778603, -0.18324411425522485, 0.4301200293093862, -0.5963992994948389, -0.00705881572465443, 0.5655947652864505, -0.5109262516341216, -0.28510230041766343, -0.23240817416468879, 0.31668232919787737, 0.23449138537013348, -0.016661712950250106], [-0.49826417501082343, -0.6144951126937129, -0.3460549685200753, -0.6289978854476156, -0.03732884246396149, 0.04130363881196967, -0.24566144741878365, 0.02860639967641542, 0.6265192322871898, 0.2335397369743181, 0.5262938410388058, 0.37135041366095634, 0.6270622247593328, -0.022019712399901633]], "inverted": true, "swapped": false, "error_lsq": 0.046031338250405784, "error_max": 0.27697620363314457, "target": "845.xyz", "model": "27.xyz", "model_rescale": 4.103607728864725, "target_rescale": 4.253493605335624},
