[{"mapping": [11, 7, 8, 5, 6, 10, 1, 4, 3, 2, 0, 12], "R": [[0.14355174270411636, 0.5122822610164888, -0.8467347767834066], [0.5952084439380898, -0.7282448291402763, -0.33968570340131765], [-0.7906451830191652, -0.45522121422258444, -0.4094555417750588]], "T": [0.035092591125472125, -0.11177027339621887, -0.09634833181446177], "aligned_model": [[-0.406670037297426, 0.1882684796853098, 0.4845705682518624, -0.051037912141552635, 0.0035668723281447046, -0.631818845806959, 0.49582369774681134, -0.20319542886777409, 0.4966780230070349, 0.009596050916007778, -0.5074903450724634, -0.04064866028844691], [-0.3097043099730131, -0.6070093771384859, -0.39219331515249795, 0.6636597809772795, 0.3934566968746372, -0.6045623285900988, -0.04385440074484859, -0.523215589515067, 0.07610224913218167, 0.30186549544827823, 0.1480029325632926, -0.04899279790460051], [-0.5775011506209001, 0.013989749509243601, -0.623807071436971, 0.013466687332336205, -0.7288918133888282, 0.036456548147489345, 0.5496967202723908, 0.557807119826688, -0.075644731719148, 0.6951286163188369, 0.3347985427594818, -0.013547471647056955]], "inverted": false, "swapped": true, "error_lsq": 0.04253000961097905, "error_max": 0.28120497927569726, "target": "846.xyz", "model": "0.xyz", "model_rescale": 3.751011558992144, "target_rescale": 3.772980559692492},
{"mapping": [9, 4, 10, 8, 6, 5, 2, 1, 0, 13, 12, 3, 14], "R": [[0.7261547453733066, -0.5249540929680936, 0.44398478132462493], [-0.2622154684658362, 0.3854988120608756, 0.884665877038838], [-0.6355645788344966, -0.7588240021083283, 0.14228070830309036]], "T": [-0.12000124847414777, -0.12548302921926952, 0.012619819280830839], "aligned_model": [[-0.13137197483939983, -0.35548664048555534, -0.5209851011200715, 0.2562405165739677, -0.8359810249837734, 0.3053506542845686, 0.6967911858792286, -0.32348765095793053, 0.15285000008249, 0.3427047704748879, -0.2962676097201982, 0.24139288805658382, -0.13706252781183892], [-0.759904324991493, -0.08744938142175557, -0.710199882805219, -0.0507069336792246, 0.09986853207990384, -0.5626878162441846, -0.011697933820437323, 0.49227660643299614, 0.5641267269400863, -0.4701824351117492, -0.19789325544619354, 0.150053881983518, -0.1549257784410731], [0.19029915794155883, -0.741484975621215, -0.3994140375545515, -0.5289232740267449, -0.005139086073739869, -0.12159560463780361, 0.07296195411440015, -0.23768372843438706, 0.17229166673805543, 0.45374073003692406, 0.7307159361816631, 0.6265250059007268, 0.05558317237379541]], "inverted": true, "swapped": false, "error_lsq": 0.05075140049530858, "error_max": 0.31108811145736226, "target": "846.xyz", "model": "1.xyz", "model_rescale": 3.9405287249114394, "target_rescale": 3.772980559692492},
{"mapping": [5, 10, 9, 3, 11, 8, 4, 6, 7, 2, 0, 1, 12], "R": [[-0.6575581438972515, 0.16236851420314316, 0.7356994991094291], [-0.702680524640782, -0.48441414391412785, -0.5211362753316046], [0.2717671203161941, -0.8596391119367512, 0.43262365809515896]], "T": [-0.021426013721941136, -0.0878431717333944, 0.04961915017487478], "aligned_model": [[-0.4658906002411231, -0.2034843304301741, -0.2481416408948441, 0.10591590725510774, -0.7057365851879218, 0.3191201401279213, 0.66687509481902, -0.3626232139464511, 0.23811500436348237, 0.06962387954429816, -0.46218546155414947, 0.41951979424696134, 0.023579497330831634], [-0.5665298197520258, -0.2626782381350129, -0.7211812732547018, 0.2095984496449494, -0.1933971702100653, -0.5484038473912022, -0.0643996537385152, 0.3312442071935169, 0.6576621516490192, -0.5526212170200709, 0.07378432248865752, 0.08506547927818137, -0.14746538527755643], [0.36803178295782274, -0.7552252995084643, -0.3951998924110317, -0.42166865531407294, -0.11828464437031172, -0.47249381772139526, -0.08224330592282583, 0.10711639160914468, -0.026342194572343033, 0.539375123162763, 0.7442684505661055, 0.6843598257253507, 0.09618315273793895]], "inverted": true, "swapped": false, "error_lsq": 0.05659489788910192, "error_max": 0.28309732609983573, "target": "846.xyz", "model": "2.xyz", "model_rescale": 3.932901565614263, "target_rescale": 3.772980559692492},
{"mapping": [6, 0, 2, 3, 4, 1, 11, 7, 8, 10, 5, 9, 13], "R": [[0.5616892928234748, 0.7444420690869381, 0.36098634891228654], [-0.8059365006863594, 0.3937027784212606, 0.44211364955722143], [0.1870066715090416, -0.5392625780053146, 0.8211116713177151]], "T": [0.010325050018327307, -0.08864323718063757, 0.0016214301145454461], "aligned_model": [[-0.2407084331904019, -0.28068906789715187, -0.4846058997185969, 0.19204835751682425, -0.8463278463986221, 0.1978936091856691, 0.9004529959771507, -0.41375585706808043, 0.40818149373169677, 0.41079756419613334, -0.44106059009266035, -0.00909113187954936, 0.00155229107054769], [-0.6278080825646092, -0.17561841737918024, -0.7030488065221777, 0.1705857841548092, -0.1884473289404314, -0.6595948600920057, -0.052462942570192045, 0.4821545447126617, 0.5266141768489238, -0.5855758641060239, -0.10083644350752227, 0.35217403863708985, -0.13745779319616783], [0.33774004086368137, -0.5956192503035868, -0.26623861642637436, -0.398956192938081, -0.13770323699874457, -0.431507766337178, 0.0654330628507133, 0.06555752146834458, 0.04584009370036744, 0.3269292381769621, 0.5609978823144308, 0.5890702198911448, 0.10633392067700169]], "inverted": false, "swapped": false, "error_lsq": 0.05185725704605239, "error_max": 0.3035832020578038, "target": "846.xyz", "model": "3.xyz", "model_rescale": 3.9243930471874484, "target_rescale": 3.772980559692492},
{"mapping": [3, 7, 2, 1, 4, 0, 5, 8, 9, 6, 10, 11, 12], "R": [[0.906469496033336, 0.3738517125962211, 0.1963363179596233], [0.4051278849361276, -0.9010848589372618, -0.1546527524526961], [0.11909848701074865, 0.21972931980709293, -0.9682636915679854]], "T": [-0.07063372290468131, -0.047195050943240446, 0.098745082593442], "aligned_model": [[-0.22383987008617529, -0.41592666441950144, -0.34781265902710146, 0.2849527120215213, -0.6121198964611316, 0.27137501117492335, 0.6310522016729558, -0.4874391335447297, 0.13253786709844692, 0.2778563520028948, -0.47310167713066953, 0.3295095966133432, 0.027643645518181784], [-0.6870602465507607, -0.03134809016413029, -0.6881392885602604, 0.0516891810894889, -0.22225078467021306, -0.6710412797088092, -0.32192129870521047, 0.41788932265670425, 0.6277950623765849, -0.4388812425852317, 0.03660893215158745, 0.32827441195414464, -0.1009366738087202], [0.2403564461227376, -0.6247467399493458, -0.5042282268897871, -0.5127616597522622, -0.070120199144935, -0.3672680739041355, 0.022682925017297934, 0.01933384906470806, 0.07051311998074547, 0.5953869150085295, 0.6715663092929263, 0.668869707271383, 0.05829254482081895]], "inverted": true, "swapped": false, "error_lsq": 0.04744638512512507, "error_max": 0.294350910694963, "target": "846.xyz", "model": "4.xyz", "model_rescale": 3.8936222436046832, "target_rescale": 3.772980559692492},
{"mapping": [8, 3, 6, 11, 5, 2, 1, 0, 10, 7, 9, 12], "R": [[0.3851013088937874, -0.4061787647794579, -0.8286831680024193], [-0.2072476151244539, 0.8369401177264982, -0.5065369338608803], [0.8993027342966985, 0.36681064649514933, 0.23812715448745583]], "T": [-0.03486916000695352, -0.14921988845051418, -0.061828348048023604], "aligned_model": [[0.06048390979442515, -0.44429290336878924, -0.2860436257026064, 0.4729641795233287, -0.6371119827489785, -0.5283864581026618, -0.48448563403988704, -0.04130194971245847, 0.6994420929416956, 0.2562238953587059, 0.022177234630765028, -0.062120716358441914], [-0.6837333236368608, -0.4258086821631397, 0.15405211770823077, 0.10083538135259254, 0.35800910107607675, 0.11155176871815994, -0.4862877331739318, 0.44985800985302704, 0.12785641085369656, -0.5526857802737446, 0.5657787103554376, -0.05050307555973696], [-0.5757188382873218, -0.13006816243490618, -0.7698515797148462, -0.44316520577002416, -0.08996917050367527, 0.6357526161091464, 0.5025210313475131, 0.3727177135189318, 0.23694869034693938, 0.12087146627839208, -0.256682001772791, 0.015928160158159982]], "inverted": true, "swapped": true, "error_lsq": 0.05152985263098624, "error_max": 0.3397167931004328, "target": "846.xyz", "model": "5.xyz", "model_rescale": 3.6523030999806103, "target_rescale": 3.772980559692492},
{"mapping": [1, 3, 0, 7, 2, 5, 9, 4, 11, 8, 6, 10, 12], "R": [[0.35857725212661334, 0.4554595306755397, 0.814849047476982], [-0.7031069358034369, -0.4424170990283704, 0.5566935847595367], [0.6140545505754594, -0.7725436728134782, 0.1615960473323293]], "T": [-0.01514826321282809, -0.1468949037825841, 0.09411149422126155], "aligned_model": [[-0.5268429695331686, -0.3256945188816374, -0.3710854310926438, 0.31798209880845446, -0.7475470110459289, 0.23456641152182772, 0.6304601337102121, -0.31789474247099475, 0.2715371779244241, 0.3916857690471829, -0.16379523191830048, 0.009699314921841888, -0.008383515558311204], [-0.61630991236769, -0.07004117398592036, -0.6664598202463353, -0.033516640340906206, -0.002518000826455674, -0.7113457109919407, 0.11616102865383923, 0.33700073698644706, 0.6019546690352308, -0.5670331849141712, -0.30174314738617436, 0.3956259638610158, -0.1810968020017648], [0.08022109349887607, -0.522569322939775, -0.6743445947001604, -0.4915399302418765, 0.2318032451521757, -0.19388398742665477, 0.28556448953109737, 0.03648181377419711, -0.2686622345291738, 0.4282865944147781, 0.7077486526623611, 0.6542246503772926, -0.005453552634456307]], "inverted": true, "swapped": false, "error_lsq": 0.06549233070528653, "error_max": 0.42047705756804904, "target": "846.xyz", "model": "6.xyz", "model_rescale": 4.08911054899281, "target_rescale": 3.772980559692492},
{"mapping": [5, 13, 7, 1, 12, 6, 3, 11, 9, 4, 10, 8, 14], "R": [[-0.36705693716164456, -0.6389962291039175, -0.6759830057571614], [-0.20015332973586167, -0.6554305055888217, 0.7282509848529071], [-0.9084095163950894, 0.4026098254322112, 0.1126830909599324]], "T": [-0.031118025862083596, -0.14847693766845949, -0.042996773720028574], "aligned_model": [[-0.34802752375138585, -0.5388680702446553, -0.22449897620488915, 0.1324193409525353, -0.7422088853122244, 0.3168168317779354, 0.7383312100409074, -0.3614675449121853, 0.3778242348379898, 0.2514343380425261, -0.4323524674185837, 0.20942759097031602, 0.01585740665467213], [-0.7224020518766536, -0.08577838236426477, -0.815448271824102, 0.3147398665530821, -0.1732401446203921, -0.46436241962703617, -0.20213748040142449, 0.3346092798149123, 0.5162129238416372, -0.5279595818106162, 0.012180813356257175, 0.10425600295755394, 0.010007451476221063], [0.3451778815731652, -0.5665932843500048, -0.3851108073354395, -0.5876359026829758, -0.001301555779443242, -0.2112247844087745, 0.13454154830561327, 0.0020361553223022036, 0.03123881967688711, 0.479503536470357, 0.5336095984668446, 0.5430175949009399, -0.04938188322078969]], "inverted": false, "swapped": false, "error_lsq": 0.04575288682562244, "error_max": 0.25839464960482605, "target": "846.xyz", "model": "7.xyz", "model_rescale": 3.964800864290218, "target_rescale": 3.772980559692492},
{"mapping": [1, 10, 5, 9, 3, 8, 12, 6, 11, 7, 0, 2, 13], "R": [[-0.8735231239940705, -0.23958246368057642, -0.42374236859722336], [0.286122522759681, -0.9569510871477168, -0.04877006024641499], [-0.3938162691119751, -0.1638440108870276, 0.9044688420720618]], "T": [-0.07155073263075909, -0.06932593915694257, 0.10188616930239544], "aligned_model": [[-0.12180722627675916, -0.24742462831391002, -0.44486191839802536, 0.34846080926342915, -0.7913727031974679, 0.23418442441803652, 0.6761236199751978, -0.3262377415252581, 0.2121200367937556, 0.432281834651029, -0.5815941793996354, 0.05756669314795812, -0.05275153570539157], [-0.7300237957913243, -0.04863504577136251, -0.5828203549309454, -0.06510689285679137, 0.004053933635933066, -0.6328546340101358, 0.024636602910649452, 0.4510935829160934, 0.6097239177493008, -0.4895593247725987, -0.11424572739835911, -0.012092261745042424, -0.1134919944602423], [0.45412546049169233, -0.7004692835708124, -0.4422029470364023, -0.44348455883819526, 0.05254632069330009, -0.32240029669514925, 0.04869744463232309, 0.130238801000084, -0.2796312102537587, 0.3783094149275753, 0.6028824442937512, 0.7489269132160071, 0.040338414078266334]], "inverted": true, "swapped": false, "error_lsq": 0.05138043198573913, "error_max": 0.3033646137407556, "target": "846.xyz", "model": "8.xyz", "model_rescale": 4.121658175737393, "target_rescale": 3.772980559692492},
{"mapping": [8, 10, 11, 5, 3, 7, 9, 0, 4, 6, 2, 1, 12], "R": [[-0.2306094695896675, -0.83424097674306, 0.5008605247555028], [-0.8967015988752859, -0.017661855184928854, -0.44228305579790494], [0.3778167745218286, -0.5511170942678262, -0.743992226636616]], "T": [-0.04699144063938221, -0.18679099930292095, -0.006204782614855301], "aligned_model": [[-0.09389215691876393, -0.4657729474137622, -0.3686067062198733, 0.14360350901402064, -0.8340307741553673, 0.27806214781685884, 0.7854715871520687, -0.2989541808615524, 0.4567481192498358, 0.38260938999995103, -0.5174946638919355, -0.032737548561593, -0.04031828977692884], [-0.7936632049322504, -0.016613375142992354, -0.659655569931726, 0.12643043699755965, -0.2009460112494075, -0.6646800888818888, -0.19219537626667815, 0.558386247021623, 0.5305161741795946, -0.3704034096757419, -0.14443944687069246, 0.25668418626888245, -0.12874255604110807], [0.3938699436230983, -0.6162395819619311, -0.28187631423016385, -0.5034811678215705, -0.06145615911834901, -0.354304040020428, -0.01908566398496098, -0.013268225272883353, 0.1346667630991957, 0.5055682717413219, 0.5028919800682558, 0.5211075556214313, 0.059483555195665144]], "inverted": false, "swapped": false, "error_lsq": 0.0529290797605188, "error_max": 0.2926549064147394, "target": "846.xyz", "model": "9.xyz", "model_rescale": 3.833441315466971, "target_rescale": 3.772980559692492},
{"mapping": [7, 4, 6, 5, 3, 12, 10, 2, 13, 11, 9, 8, 14], "R": [[-0.731955311166403, 0.6513637922505856, -0.19991656409670094], [0.5660100565403484, 0.4179427563259339, -0.7106028907412866], [-0.3793073138636875, -0.6332843457560097, -0.6745938771363827]], "T": [0.06388139829896695, -0.1958271777441995, -0.08703801861754848], "aligned_model": [[-0.309352787864669, -0.5595618504218043, -0.12061881068664924, -0.06947057709868194, -0.7858972968082676, 0.4133842765869237, 0.7691405345470655, -0.27692470791465484, 0.2563860456661395, 0.23744780504865765, -0.36321128799943747, 0.2144079308676356, -0.011041788489298945], [-0.551401901549696, -0.24240807016343147, -0.6408974892023358, 0.2933679530016213, -0.09172938929585395, -0.6609180856696208, -0.1115413369933706, 0.41825357024182735, 0.5754601136410307, -0.6335848323029716, 0.10101863636494496, 0.015398576060146218, -0.17033973865711582], [0.3350719609508447, -0.5820747002646335, -0.5656836691647326, -0.5346322278954778, 0.05911830019775782, -0.2437487162240414, 0.326797203792751, 0.06595311788410024, -0.14822965451928408, 0.4065002467345661, 0.5353642038150249, 0.648002664813906, -0.03456181318210047]], "inverted": true, "swapped": false, "error_lsq": 0.05188254131348968, "error_max": 0.3159554785213305, "target": "846.xyz", "model": "10.xyz", "model_rescale": 4.2482417240324, "target_rescale": 3.772980559692492},
{"mapping": [8, 7, 1, 4, 6, 5, 3, 0, 10, 9, 11, 12], "R": [[0.7296849811719833, 0.665967575573021, 0.1550710048249991], [-0.6729434054951664, 0.7396280306621167, -0.009876702863151746], [-0.12127242577193795, -0.09714712833775213, 0.9878539538834261]], "T": [-0.07145701685533384, 0.004219243905363976, 0.032825712071852746], "aligned_model": [[-0.7395461858345536, -0.06671655781993358, 0.4002074254709784, 0.5782353708024679, -0.6061793685766939, 0.13939868739658773, -0.17772321502548705, 0.5329116235664724, 0.21274068551720543, -0.026614333554035086, -0.406937338758182, 0.0369888091781803], [-0.2836701257426299, -0.5257582700761322, -0.19496691124927495, -0.4420022577126158, 0.6123173887314509, 0.7330162932142876, 0.04174104818073908, 0.31905141707813633, -0.28958254759331525, 0.584176436537014, 0.04333782012166844, 0.06847109856131164], [0.20503729533493564, 0.03351681543811465, 0.6428400210287376, -0.1482100756983472, 0.007368466627247376, 0.2453446621726887, 0.5187119580531132, -0.255939309792885, -0.700771032600268, -0.429866434257305, -0.560270256859688, 0.007430180408012296]], "inverted": true, "swapped": true, "error_lsq": 0.04152312935858677, "error_max": 0.2280808015348979, "target": "846.xyz", "model": "11.xyz", "model_rescale": 3.6694154284099745, "target_rescale": 3.772980559692492},
{"mapping": [8, 4, 3, 0, 11, 1, 12, 6, 5, 2, 9, 10, 13], "R": [[-0.8397016081225064, 0.1763351662595134, -0.5136215712532978], [-0.36291349138995, -0.8858084376289268, 0.2892009847710695], [-0.4039740178323767, 0.42924272965960575, 0.807809180407562]], "T": [-0.03362942447812679, -0.015476351055969909, 0.07759016225545233], "aligned_model": [[-0.41590542240185335, -0.35965567569570434, -0.2328066990640188, 0.22210029950461546, -0.7717876940976154, 0.38622339631453045, 0.637661245758627, -0.29401802463154136, 0.29390149088350015, 0.21767390647834195, -0.49648000819238, 0.20026502098074084, 0.007515649595715962], [-0.6059371669101384, -0.2670041493850975, -0.786014230415223, 0.16988024753690184, -0.0047090136378133, -0.5788840929726535, 0.007134016589236125, 0.4179369865678101, 0.7126351057458937, -0.6017396361371382, -0.04127228174396437, -0.09627325759533129, -0.025074522167307687], [0.3565506212157471, -0.5373238967275951, -0.25081308127969026, -0.5634894771461197, 0.08351319731868916, -0.39439375624427175, 0.1806731753785048, -0.17579785864062408, -0.006955674028330278, 0.2170733863662292, 0.733174004342339, 0.6626491640540749, -0.03698288767027132]], "inverted": false, "swapped": false, "error_lsq": 0.05235277559175262, "error_max": 0.271347039483044, "target": "846.xyz", "model": "12.xyz", "model_rescale": 3.9764082729961374, "target_rescale": 3.772980559692492},
{"mapping": [8, 7, 3, 4, 2, 14, 6, 0, 5, 13, 1, 12, 15], "R": [[-0.8544192884224456, -0.30543011301951106, -0.42033335060707533], [-0.4927411381442959, 0.21965057953615297, 0.8419975021873262], [-0.16484492819600394, 0.9265344402505075, -0.33817167338163234]], "T": [-0.017353605508015565, -0.1283172078495582, 0.13012457795975807], "aligned_model": [[-0.5234496422596555, -0.4478150721946117, -0.19597902474477835, 0.12658921371284113, -0.8078004104307887, 0.4623716048494133, 0.7013339966298899, -0.39005476664786165, 0.35787910031030556, 0.46650808849226366, -0.46325414947445953, 0.11028959497815827, -0.0019310477877577305], [-0.6215224740458004, -0.06592557146250783, -0.767978558240813, 0.1949048875737977, -0.03669064963535079, -0.7242344119572939, -0.12352225900162, 0.42086017135486703, 0.6160741085597008, -0.36448039037885605, -0.06415890893606978, -0.005851397799003677, -0.15679654055587608], [0.14650150163685105, -0.48781061955690774, -0.3869535241986477, -0.4949127518087244, 0.07482596745897495, -0.10129376178670468, -0.12895831359822385, -0.16416436875321444, 0.0412095040213655, 0.42096019903068654, 0.5777617031314226, 0.7432500738303637, 0.027461307531439466]], "inverted": true, "swapped": false, "error_lsq": 0.050150462151140836, "error_max": 0.2670322319709594, "target": "846.xyz", "model": "13.xyz", "model_rescale": 4.170626492500431, "target_rescale": 3.772980559692492},
{"mapping": [10, 1, 9, 3, 7, 11, 6, 0, 2, 12, 8, 4, 13], "R": [[0.7678687702557493, -0.6284216685410363, 0.12435336012357456], [-0.05387008064652704, 0.13008687422667042, 0.9900380899566801], [-0.6383381283278168, -0.7669182561799102, 0.06603652217451705]], "T": [-0.007861292536135503, -0.08384232330934391, 0.03817870463187117], "aligned_model": [[-0.29737334416490663, -0.4932153671085848, -0.25419768721624925, 0.2899347262672546, -0.8151887982850713, 0.3706964116783833, 0.8270898785198312, -0.3865545182075476, 0.22252048722370088, 0.1123480883155873, -0.4155902775370201, 0.15914091582642498, 0.07507697012115609], [-0.5541954746729844, -0.010639598917179, -0.658986415319066, 0.005839781797161436, -0.10718298942762283, -0.6202906324756811, -0.07664345879003377, 0.3680880584864069, 0.5307297054950774, -0.5183557235806004, -0.1322212474349418, 0.21665684144497363, -0.14212084113033613], [0.1534132044087236, -0.5533339776775043, -0.4764416336236181, -0.5772465594241312, 0.10964418339725274, -0.22369326275592788, -0.06328057454943276, -0.05242359869652271, -0.008271528976284553, 0.6147668860283763, 0.6570267047866115, 0.6585605587967122, 0.029156515224426457]], "inverted": true, "swapped": false, "error_lsq": 0.04015250775800071, "error_max": 0.2474396824167185, "target": "846.xyz", "model": "14.xyz", "model_rescale": 3.9786697098870705, "target_rescale": 3.772980559692492},
{"mapping": [11, 10, 6, 8, 9, 5, 4, 2, 3, 7, 0, 12], "R": [[0.7429820704582191, 0.2895673446901214, -0.6034305228166128], [0.2773072022423609, -0.9537256112766885, -0.11622467027022149], [-0.6091620133939186, -0.08098278387422707, -0.7889001395321513]], "T": [0.13869044888266255, -0.11148309008075726, 0.012878599099306425], "aligned_model": [[-0.05885069265443771, -0.6498521863017332, 0.6336601082923626, 0.6096601358110187, -0.05828669477987686, 0.35921101638015773, -0.5322258077248665, -0.07407190141040323, 0.5644369151069947, -0.012172173898364835, -0.36712639839678196, 0.06897227634326701], [-0.2609665146809033, -0.28602546184943906, 0.18776377725809185, -0.6595384859017872, 0.3995834538348418, 0.6446936526233045, -0.22620842155633286, 0.47709939471822654, -0.09885571128792281, -0.581446532141152, 0.42534520447673, -0.006769865269218425], [-0.6231028007247013, -0.21731150379177935, -0.554409482186303, -0.17870191499255558, -0.48957162367926954, 0.031235732671493027, 0.44956757134137815, 0.6504389673329792, 0.272428845690782, 0.205943218012539, 0.07395795578647567, 0.03949152841279187]], "inverted": false, "swapped": true, "error_lsq": 0.04789114249955445, "error_max": 0.274511137233275, "target": "846.xyz", "model": "15.xyz", "model_rescale": 3.769337070930944, "target_rescale": 3.772980559692492},
{"mapping": [5, 6, 1, 3, 0, 9, 4, 11, 7, 8, 12], "R": [[0.6586006933779915, 0.23977564296214132, -0.7132690710553209], [0.748268843492795, -0.10839049843410804, 0.6544808917815406], [0.07961698650403509, -0.9647585920277142, -0.2508027004813125]], "T": [-0.014294469017463438, 0.08433290423572609, 0.06404297416972372], "aligned_model": [[-0.26290279620871726, -0.43432747161604524, -0.2056782203910658, -0.472773048844212, 0.4575806004940165, 0.23310523971355868, 0.591535209795168, 0.2769799315785634, 0.12482230063672946, -0.43274371047670646, 0.04702809600988152], [-0.10412529661331632, -0.5965980066025243, 0.818700976810929, 0.2762184075026512, 0.08269168324659779, -0.4941756457116698, 0.6189307641417747, -0.4676384096582214, 0.40023117075108566, -0.03259191053534785, 0.09442076429338328], [-0.6594533820290048, -0.06349051127620843, -0.17748491528566335, 0.022052735072685556, -0.506129994156324, -0.331641844294537, 0.0299356143490975, 0.3403164436663207, 0.46622940421841313, 0.6724088807478091, -0.04852482378881118]], "inverted": true, "swapped": true, "error_lsq": 0.045781754595006226, "error_max": 0.233552394915595, "target": "846.xyz", "model": "16.xyz", "model_rescale": 3.7852294659196426, "target_rescale": 3.772980559692492},
{"mapping": [1, 6, 5, 10, 7, 4, 0, 11, 9, 3, 2, 8, 12], "R": [[0.030573747986168257, -0.09611078516913696, -0.9949009814590849], [0.8224829295833869, 0.5680192163335882, -0.02959730426417534], [0.5679674959696269, -0.8173841733542122, 0.09641595652195518]], "T": [-0.03242098948436688, -0.15948163317873182, 0.08130442290149119], "aligned_model": [[-0.2505227273152656, -0.5195604948059418, -0.2435245945596471, 0.14243169428425667, -0.7208754061268454, 0.3272476033731496, 0.6479505048126942, -0.43150020139285, 0.4398101738384683, 0.28774253020188456, -0.43214162772800374, 0.1643308202695381, -0.016700789418479422], [-0.7839691946657257, 0.01248713440222124, -0.6260723463553501, 0.15822195370724268, -0.177481302142303, -0.6234870493646654, -0.20481546055682395, 0.4540159754756548, 0.5540540695569933, -0.5133111186162913, -0.18676026519063138, 0.3195219571108007, -0.08172634788594775], [0.2728796607331059, -0.6401628883702838, -0.3309302006588519, -0.6382412984657031, -0.04959070038080572, -0.3150844797580145, 0.1093513404140967, 0.12914312304192904, -0.041684661248437976, 0.7175397465512077, 0.5434367725892488, 0.4763363166781462, 0.03488418581304412]], "inverted": false, "swapped": false, "error_lsq": 0.04988020945498774, "error_max": 0.2622255301543696, "target": "846.xyz", "model": "17.xyz", "model_rescale": 3.901054581598922, "target_rescale": 3.772980559692492},
{"mapping": [9, 4, 10, 8, 6, 5, 2, 1, 0, 13, 12, 3, 14], "R": [[0.7261547453733066, -0.5249540929680936, 0.44398478132462493], [-0.2622154684658362, 0.3854988120608756, 0.884665877038838], [-0.6355645788344966, -0.7588240021083283, 0.14228070830309036]], "T": [-0.12000124847414777, -0.12548302921926952, 0.012619819280830839], "aligned_model": [[-0.13137197483939983, -0.35548664048555534, -0.5209851011200715, 0.2562405165739677, -0.8359810249837734, 0.3053506542845686, 0.6967911858792286, -0.32348765095793053, 0.15285000008249, 0.3427047704748879, -0.2962676097201982, 0.24139288805658382, -0.13706252781183892], [-0.759904324991493, -0.08744938142175557, -0.710199882805219, -0.0507069336792246, 0.09986853207990384, -0.5626878162441846, -0.011697933820437323, 0.49227660643299614, 0.5641267269400863, -0.4701824351117492, -0.19789325544619354, 0.150053881983518, -0.1549257784410731], [0.19029915794155883, -0.741484975621215, -0.3994140375545515, -0.5289232740267449, -0.005139086073739869, -0.12159560463780361, 0.07296195411440015, -0.23768372843438706, 0.17229166673805543, 0.45374073003692406, 0.7307159361816631, 0.6265250059007268, 0.05558317237379541]], "inverted": true, "swapped": false, "error_lsq": 0.05075140049530858, "error_max": 0.31108811145736226, "target": "846.xyz", "model": "18.xyz", "model_rescale": 3.9405287249114394, "target_rescale": 3.772980559692492},
{"mapping": [9, 4, 7, 12, 6, 13, 14, 1, 3, 11, 2, 10, 15], "R": [[0.21867235665840346, 0.031144411307916307, 0.9753011976193523], [0.026789751685114063, -0.9993053941884522, 0.025904407935944847], [0.9754305252749217, 0.020463498971223106, -0.2193548166139619]], "T": [-0.11972136257063719, -0.15451363774090035, -0.07784569721306747], "aligned_model": [[-0.19646287936802892, -0.3085709127520007, -0.324502258856512, 0.1674770304855987, -0.7781970137189714, 0.38796796420401175, 0.6340777674991068, -0.37665690291097526, 0.251392728010645, 0.22780532257518332, -0.40104710052637055, 0.23347156695011884, -0.12206782615884712], [-0.890463077119987, -0.2011650450763911, -0.744761221951231, 0.14349682583631476, 0.0533638553927773, -0.5767878153210027, -0.05795916402270014, 0.45245276130835477, 0.5978002312781029, -0.5392098536359548, 0.1295984212512956, 0.07717178592455778, -0.1428596983889623], [0.12586735890700226, -0.7827035000399872, -0.4023424195255816, -0.43679682039532175, 0.20760170649811502, -0.20140099576444015, 0.07116123949554246, -0.04474973802410645, 0.06955433374911016, 0.4226013294415021, 0.693815789523133, 0.5850876749624697, -0.039819041888755895]], "inverted": false, "swapped": false, "error_lsq": 0.041335645944287555, "error_max": 0.24671795847297673, "target": "846.xyz", "model": "19.xyz", "model_rescale": 4.410303926677745, "target_rescale": 3.772980559692492},
{"mapping": [1, 10, 5, 9, 3, 8, 12, 6, 11, 7, 0, 2, 13], "R": [[-0.8735231239940705, -0.23958246368057642, -0.42374236859722336], [0.286122522759681, -0.9569510871477168, -0.04877006024641499], [-0.3938162691119751, -0.1638440108870276, 0.9044688420720618]], "T": [-0.07155073263075909, -0.06932593915694257, 0.10188616930239544], "aligned_model": [[-0.12180722627675916, -0.24742462831391002, -0.44486191839802536, 0.34846080926342915, -0.7913727031974679, 0.23418442441803652, 0.6761236199751978, -0.3262377415252581, 0.2121200367937556, 0.432281834651029, -0.5815941793996354, 0.05756669314795812, -0.05275153570539157], [-0.7300237957913243, -0.04863504577136251, -0.5828203549309454, -0.06510689285679137, 0.004053933635933066, -0.6328546340101358, 0.024636602910649452, 0.4510935829160934, 0.6097239177493008, -0.4895593247725987, -0.11424572739835911, -0.012092261745042424, -0.1134919944602423], [0.45412546049169233, -0.7004692835708124, -0.4422029470364023, -0.44348455883819526, 0.05254632069330009, -0.32240029669514925, 0.04869744463232309, 0.130238801000084, -0.2796312102537587, 0.3783094149275753, 0.6028824442937512, 0.7489269132160071, 0.040338414078266334]], "inverted": true, "swapped": false, "error_lsq": 0.05138043198573913, "error_max": 0.3033646137407556, "target": "846.xyz", "model": "20.xyz", "model_rescale": 4.121658175737393, "target_rescale": 3.772980559692492},
{"mapping": [1, 3, 0, 7, 2, 5, 9, 4, 11, 8, 6, 10, 12], "R": [[0.35857725212661334, 0.4554595306755397, 0.814849047476982], [-0.7031069358034369, -0.4424170990283704, 0.5566935847595367], [0.6140545505754594, -0.7725436728134782, 0.1615960473323293]], "T": [-0.01514826321282809, -0.1468949037825841, 0.09411149422126155], "aligned_model": [[-0.5268429695331686, -0.3256945188816374, -0.3710854310926438, 0.31798209880845446, -0.7475470110459289, 0.23456641152182772, 0.6304601337102121, -0.31789474247099475, 0.2715371779244241, 0.3916857690471829, -0.16379523191830048, 0.009699314921841888, -0.008383515558311204], [-0.61630991236769, -0.07004117398592036, -0.6664598202463353, -0.033516640340906206, -0.002518000826455674, -0.7113457109919407, 0.11616102865383923, 0.33700073698644706, 0.6019546690352308, -0.5670331849141712, -0.30174314738617436, 0.3956259638610158, -0.1810968020017648], [0.08022109349887607, -0.522569322939775, -0.6743445947001604, -0.4915399302418765, 0.2318032451521757, -0.19388398742665477, 0.28556448953109737, 0.03648181377419711, -0.2686622345291738, 0.4282865944147781, 0.7077486526623611, 0.6542246503772926, -0.005453552634456307]], "inverted": true, "swapped": false, "error_lsq": 0.06549233070528653, "error_max": 0.42047705756804904, "target": "846.xyz", "model": "21.xyz", "model_rescale": 4.08911054899281, "target_rescale": 3.772980559692492},
{"mapping": [14, 11, 15, 8, 9, 2, 0, 5, 6, 13, 12, 7, 16], "R": [[-0.23278992176000027, -0.8261284468141885, -0.5131477776346204], [-0.277162482577601, 0.562118605977273, -0.7792327194526603], [0.9321962296525309, -0.03917221181582686, -0.35982735755228784]], "T": [-0.009069724987207983, -0.16970052872807656, 0.0051264875361345386], "aligned_model": [[-0.4047102823579782, -0.30361782268685467, -0.29989508035730256, 0.08958116948881381, -0.6968884210654231, 0.2761682102149878, 0.7483570004612528, -0.48517976428484494, 0.34849236664002925, 0.20313583808164826, -0.34174029299575687, 0.23066195423813854, 0.030322610056248797], [-0.6256848729535964, -0.0737967761930251, -0.6663043975467693, 0.2904892758339231, -0.06223067648523628, -0.7721331045115607, -0.02507982942434389, 0.3266928672607953, 0.48419161825283313, -0.36887491642208053, -0.22608063224948352, 0.1948920028734576, -0.17540255295973933], [0.22277164170142405, -0.6948284529062217, -0.44243605339232417, -0.504044763475097, 0.1564647964558673, -0.2723048396958806, 0.07907922304061735, -0.1518508383641539, 0.01689675937753618, 0.598446239708255, 0.6617246014093545, 0.5667288342954884, 0.031229768783816104]], "inverted": false, "swapped": false, "error_lsq": 0.045245544926205285, "error_max": 0.23851434850761435, "target": "846.xyz", "model": "22.xyz", "model_rescale": 4.204369325754507, "target_rescale": 3.772980559692492},
{"mapping": [9, 4, 7, 12, 6, 13, 14, 1, 3, 11, 2, 10, 15], "R": [[0.21867235665840346, 0.031144411307916307, 0.9753011976193523], [0.026789751685114063, -0.9993053941884522, 0.025904407935944847], [0.9754305252749217, 0.020463498971223106, -0.2193548166139619]], "T": [-0.11972136257063719, -0.15451363774090035, -0.07784569721306747], "aligned_model": [[-0.19646287936802892, -0.3085709127520007, -0.324502258856512, 0.1674770304855987, -0.7781970137189714, 0.38796796420401175, 0.6340777674991068, -0.37665690291097526, 0.251392728010645, 0.22780532257518332, -0.40104710052637055, 0.23347156695011884, -0.12206782615884712], [-0.890463077119987, -0.2011650450763911, -0.744761221951231, 0.14349682583631476, 0.0533638553927773, -0.5767878153210027, -0.05795916402270014, 0.45245276130835477, 0.5978002312781029, -0.5392098536359548, 0.1295984212512956, 0.07717178592455778, -0.1428596983889623], [0.12586735890700226, -0.7827035000399872, -0.4023424195255816, -0.43679682039532175, 0.20760170649811502, -0.20140099576444015, 0.07116123949554246, -0.04474973802410645, 0.06955433374911016, 0.4226013294415021, 0.693815789523133, 0.5850876749624697, -0.039819041888755895]], "inverted": false, "swapped": false, "error_lsq": 0.041335645944287555, "error_max": 0.24671795847297673, "target": "846.xyz", "model": "23.xyz", "model_rescale": 4.410303926677745, "target_rescale": 3.772980559692492},
{"mapping": [10, 4, 8, 5, 3, 9, 14, 0, 12, 11, 1, 7, 16], "R": [[-0.06081544156440122, -0.7715869135065696, -0.6332101680901314], [0.6397608166753295, -0.517075766829817, 0.5686288321957234], [-0.7661641987943855, -0.37052164074823235, 0.5250772650029664]], "T": [0.11082295990431605, -0.110692001230357, 0.003987733439192939], "aligned_model": [[-0.25587164760191516, -0.3874359399119072, -0.16191750844069824, 0.07279542548021893, -0.7859641469893948, 0.29182775677572775, 0.7520503877557245, -0.3089786427925002, 0.20998717061542993, 0.27743025515789843, -0.42668407444737183, 0.12316215473315432, -0.005713704901408129], [-0.6449953445654619, -0.19900517644511345, -0.6911410995743417, 0.20011362702521934, -0.04248507231628573, -0.6997301478130473, -0.3231929775078838, 0.5093458799172859, 0.6783324332465241, -0.4805363770284199, -0.14037940816503797, 0.22913310896556788, -0.09478144026383101], [0.06594698135582572, -0.46272762395604516, -0.510208871385315, -0.5414990230436874, 0.023266851452736256, -0.10866797661738616, 0.046657522128618664, 0.10250398286685562, -0.1134121639039359, 0.4899698663099289, 0.6722243647774377, 0.5752123262515133, 0.028610680702134603]], "inverted": true, "swapped": false, "error_lsq": 0.0435111589865482, "error_max": 0.2409573274114357, "target": "846.xyz", "model": "24.xyz", "model_rescale": 4.28219845311461, "target_rescale": 3.772980559692492},
{"mapping": [2, 10, 14, 11, 6, 13, 7, 8, 5, 4, 0, 3, 15], "R": [[0.7039118285693519, -0.679470904365786, 0.20694788648471932], [-0.6931216013699835, -0.7207656707149911, -0.008904697248024646], [0.15521141489742737, -0.13717192875770867, -0.9783114425613292]], "T": [0.08438025872902426, -0.1300090257076457, -0.00998038428921966], "aligned_model": [[-0.25405831845173954, -0.46985882310305144, -0.321401946903013, 0.0993964625098846, -0.8150961537757981, 0.3557881908892458, 0.7826215016497645, -0.390332900015161, 0.11189849998877693, 0.21035077321901358, -0.44334100187962694, 0.4884069668001473, 0.04031423450451591], [-0.7128281476837297, 0.08408122600807066, -0.5030549996624574, 0.03259391055736524, -0.1642927544457362, -0.6500947546666445, -0.3627745329691109, 0.3730586262324239, 0.7034163414976761, -0.3510320981986572, -0.26930968609755424, 0.267531231069859, -0.1466163561663299], [0.11068951636046984, -0.5359929536429539, -0.5356438962463783, -0.5294145668288394, 0.034336026353894655, -0.10360210095102887, 0.24265649160984104, -0.06927972168388974, -0.1829705129404992, 0.6755331487146682, 0.596369159416684, 0.5180058922997762, 0.04719043447693701]], "inverted": false, "swapped": false, "error_lsq": 0.057407105349010765, "error_max": 0.33939422718895096, "target": "846.xyz", "model": "25.xyz", "model_rescale": 4.100010024507729, "target_rescale": 3.772980559692492},
{"mapping": [8, 7, 1, 4, 6, 5, 3, 0, 10, 9, 11, 12], "R": [[0.7296849811719833, 0.665967575573021, 0.1550710048249991], [-0.6729434054951664, 0.7396280306621167, -0.009876702863151746], [-0.12127242577193795, -0.09714712833775213, 0.9878539538834261]], "T": [-0.07145701685533384, 0.004219243905363976, 0.032825712071852746], "aligned_model": [[-0.7395461858345536, -0.06671655781993358, 0.4002074254709784, 0.5782353708024679, -0.6061793685766939, 0.13939868739658773, -0.17772321502548705, 0.5329116235664724, 0.21274068551720543, -0.026614333554035086, -0.406937338758182, 0.0369888091781803], [-0.2836701257426299, -0.5257582700761322, -0.19496691124927495, -0.4420022577126158, 0.6123173887314509, 0.7330162932142876, 0.04174104818073908, 0.31905141707813633, -0.28958254759331525, 0.584176436537014, 0.04333782012166844, 0.06847109856131164], [0.20503729533493564, 0.03351681543811465, 0.6428400210287376, -0.1482100756983472, 0.007368466627247376, 0.2453446621726887, 0.5187119580531132, -0.255939309792885, -0.700771032600268, -0.429866434257305, -0.560270256859688, 0.007430180408012296]], "inverted": true, "swapped": true, "error_lsq": 0.04152312935858677, "error_max": 0.2280808015348979, "target": "846.xyz", "model": "26.xyz", "model_rescale": 3.6694154284099745, "target_rescale": 3.772980559692492},
{"mapping": [3, 11, 12, 10, 6, 9, 8, 2, 4, 7, 1, 5, 13], "R": [[0.17333412538330475, -0.9800580078010843, -0.0971678049694169], [0.9848224146121543, 0.17337785472257858, 0.008057987917730554], [0.008949449988163195, -0.09708975660061311, 0.9952353925118133]], "T": [0.014091387350763124, -0.08448704922217853, 0.04885625746049472], "aligned_model": [[-0.21320609169511318, -0.25966839123666574, -0.5269278100207142, 0.3072345347320258, -0.6482590567638913, 0.26781701732079943, 0.6508981439757469, -0.4460728256640032, 0.33982900437734065, 0.21552451731604186, -0.46945950498214384, 0.201037101464187, -0.024059153390652087], [-0.8430423791965728, -0.13989761868281259, -0.4868692456807048, 0.10577797593702615, -0.2027443036328992, -0.6058879680436442, -0.03150971558616433, 0.30956417728062646, 0.6565768872179178, -0.5150333320909974, -0.039275053719217065, 0.1427412042815083, -0.04972262260889173], [0.20935824411601694, -0.76241479568081, -0.3696166919713458, -0.440793653432187, 0.18486192927145145, -0.30979109303688745, 0.05412401482357819, -0.2595301465125382, -0.09344559442724976, 0.4613888224522511, 0.7862713804966571, 0.7832928581997527, 0.024171642639992393]], "inverted": true, "swapped": false, "error_lsq": 0.04618963478320751, "error_max": 0.2786501390725595, "target": "846.xyz", "model": "27.xyz", "model_rescale": 4.103607728864725, "target_rescale": 3.772980559692492},
{"mapping": [7, 9, 5, 3, 6, 1, 4, 10, 12, 8, 11, 13, 14], "R": [[-0.6810084162517126, 0.04306449900415345, 0.7310081982576224], [0.020066774673482682, 0.9989918428338846, -0.040157471354190434], [-0.7320005884892018, -0.01267859916868648, -0.6811860183346264]], "T": [-0.09870562759319698, -0.02025563430176279, -0.006299488320364765], "aligned_model": [[-0.17331565922387013, -0.668410067512592, -0.39929867140885145, 0.2055622260407449, -0.6909950541444835, 0.4116762539298796, 0.7208456441761233, -0.4266560053381113, 0.4413215124366683, 0.20339255795899128, -0.4310461416498539, 0.19441577008061942, 0.007195120087693629], [-0.7052513986242653, -0.09240642259691505, -0.6217247993670588, 0.3333920728048929, -0.23650428174090615, -0.6866545408139902, -0.19782880509219697, 0.35451471671549917, 0.6472555398236458, -0.5260037844198687, -0.06603261336331676, 0.19698938967492402, -0.09906706752526954], [0.20652765187487393, -0.5896990434603288, -0.29442979888689363, -0.5944195654049751, 0.05450364094251735, -0.3198017442725995, 0.3378120765699165, -0.11479377407366356, -0.01595026930525432, 0.5639947092170196, 0.5932966127041854, 0.5291974572701943, -0.0883610362363109]], "inverted": true, "swapped": false, "error_lsq": 0.048086349564103445, "error_max": 0.27980476403616905, "target": "846.xyz", "model": "28.xyz", "model_rescale": 4.137296879288765, "target_rescale": 3.772980559692492},
