[{"mapping": [4, 12, 6, 3, 5, 1, 11, 8, 13, 10, 7, 14], "R": [[-0.5425450947945718, -0.7486040473503339, -0.3810994626144837], [-0.7639549817832834, 0.2510604448015693, 0.5944253013327591], [-0.34931018582751394, 0.6136453644791405, -0.7081114041804514]], "T": [-0.02201497372644522, -0.08382156752042853, -0.022584031825829687], "aligned_model": [[-0.27407282806831357, 0.08021252385374746, 0.5177094947257943, -0.29290027918514927, -0.04232146666468366, -0.5736314852678924, 0.49012006573556866, -0.2081378178250976, 0.6390575165341097, 0.23456850771575494, -0.6254918840332641, -0.10746988506002576], [-0.3355181598355579, -0.5259629754037211, -0.19073670044116198, 0.6529159582703188, 0.2968995497237061, -0.479121044070573, -0.24929845723725347, -0.468735942935066, -0.039730426517250214, 0.30351576729808377, 0.10464162152932362, -0.015314154403791386], [-0.5093260608091875, -0.08278401231188623, -0.583775034248429, -0.05912572510891567, -0.7604934313053157, -0.06200504573371192, 0.6313146037831516, 0.6873883433484577, -0.021111107644131127, 0.4924928543282594, 0.39533385511320873, 0.054042505942061975]], "inverted": true, "swapped": true, "error_lsq": 0.041237171246808216, "error_max": 0.2051130961746503, "target": "847.xyz", "model": "0.xyz", "model_rescale": 3.751011558992144, "target_rescale": 4.051702505357592},
{"mapping": [12, 9, 6, 7, 13, 3, 2, 11, 10, 0, 1, 4, 5, 8, 14], "R": [[-0.18461575167526473, 0.7432939685640086, 0.6429860811321996], [0.768202960668544, -0.29892958443556045, 0.5661318881402696], [0.6130099798971144, 0.5984606752707732, -0.5158135173693976]], "T": [0.08136681900628376, -0.06968346118734842, -0.0016495255714800913], "aligned_model": [[-0.1970617342494986, -0.5524061650790701, 0.46230303844258014, 0.4387675787556756, -0.4973389364371601, 0.026032196726627294, -0.03226375920660621, -0.16139989437047378, -0.20498137864384045, 0.5827514377360552, 0.7771815326522455, 0.4398348574844665, -0.36765873531868354, 0.2514703836420964, 0.04357004991290021], [-0.3831855125140627, -0.22964233825469582, -0.7166865511271487, -0.37283857655664004, 0.23408048636794754, 0.2191787513959868, 0.7294718730697889, -0.8225510198551287, -0.4902442290834171, 0.29204617997343574, -0.10723457674044831, -0.15379845073463091, 0.28501005486283254, 0.4055220081483592, -0.09935919156474657], [-0.6149757916183903, 0.0816246218284955, -0.002235699669589669, -0.4707323506175834, -0.3183975501633237, -0.706562705496074, -0.18102885941870978, -0.10646245849743055, 0.641457851417818, -0.4412739667782643, 0.009183176323339322, 0.6983499771661097, 0.2486594998965124, 0.4292365282194179, -0.02800417821644782]], "inverted": true, "swapped": false, "error_lsq": 0.04179809334300936, "error_max": 0.2984236369941518, "target": "847.xyz", "model": "1.xyz", "model_rescale": 3.9405287249114394, "target_rescale": 4.051702505357592},
{"mapping": [5, 0, 4, 10, 7, 6, 9, 2, 8, 12, 11, 13, 14], "R": [[0.39009692159834725, -0.9187003367348492, -0.06175826295134526], [0.12923411238873284, 0.121036510056103, -0.9841995262285667], [0.9116594407752213, 0.3759519311251286, 0.1659433925430514]], "T": [-0.11555825435989488, -0.0630496329451114, -0.058406543535619], "aligned_model": [[-0.3744437272951895, 0.17327435376083355, -0.4513685843430164, 0.31327486857631354, 0.5667868144932899, -0.8139737175655503, -0.06493737106879095, 0.8173756581260215, 0.22576072407302028, -0.4561195072517035, -0.035848220838775396, -0.4199575638267161, 0.016159552444194855], [0.7258184635731006, 0.4970135850825261, 0.17992864644963746, -0.23894640011266505, -0.11398556718768577, 0.15885729861100234, 0.2689647929228919, 0.08977702999012105, -0.7901247345520614, -0.3301381024617082, -0.7557117789983008, -0.17701465579880254, -0.05560598394603848], [-0.03524099130715122, -0.5775844872666327, -0.49657901792932757, 0.457667067993088, -0.38424216580309956, 0.22556853138500235, 0.42234679822727794, 0.1100584882809312, -0.2626728270764547, -0.2075551471398542, 0.42233640993062993, 0.5189287745958622, -0.07991108430162748]], "inverted": false, "swapped": true, "error_lsq": 0.053397274612659015, "error_max": 0.40021115534235874, "target": "847.xyz", "model": "2.xyz", "model_rescale": 3.932901565614263, "target_rescale": 4.051702505357592},
{"mapping": [4, 0, 5, 1, 6, 13, 9, 12, 8, 11, 3, 7, 10, 14], "R": [[-0.52050427097162, 0.5697417138389931, 0.6359793105220561], [0.6564999141153198, 0.7432875507431494, -0.12857480187357118], [-0.5459699320172133, 0.3505966292223265, -0.7609197309250579]], "T": [-0.03164357161058179, -0.09111011240014773, 0.017579614378747638], "aligned_model": [[-0.20493770481360957, 0.458777675505241, 0.26614308312290014, -0.18481962917151495, -0.3839730361325504, -0.24651134650888085, 0.2887912374578721, -0.48224052870353756, -0.25576625608811704, -0.3285774164406651, 0.7469445282037828, 0.4086270102250587, 0.2668155762492251, 0.07053671914749918], [0.07036672903400186, 0.3058156081355388, -0.4571058703865047, 0.5274436054188412, -0.6937472645148259, -0.6788054337322963, -0.5817792222909651, -0.02549457614164574, 0.4459214955598357, -0.26080055592083057, -0.1571109108038591, 0.48913237797688097, -0.30057302866707164, -0.019766315316610772], [-0.5371243718834504, -0.5006653023475491, -0.6659709821463982, -0.2191161013955257, -0.3434759215355574, 0.23531588649355928, 0.039606556110201224, -0.029542642964552668, 0.6076877717205429, 0.792359435036577, -0.06573179784822439, 0.22695626602603228, 0.6076786876802183, 0.06591888011122418]], "inverted": true, "swapped": true, "error_lsq": 0.0466098779419991, "error_max": 0.29068060116556965, "target": "847.xyz", "model": "3.xyz", "model_rescale": 3.9243930471874484, "target_rescale": 4.051702505357592},
{"mapping": [1, 4, 0, 7, 3, 12, 8, 5, 9, 13, 10, 11, 14], "R": [[0.3247611147354886, -0.6068439590433071, -0.7254451238573516], [0.6282821731997693, 0.7117498436904459, -0.31412365534292574], [0.7069594961489223, -0.3537690904803177, 0.6124179140305996]], "T": [-0.07184835494174178, -0.03383288052503951, -0.12971906035670794], "aligned_model": [[-0.09361090348176852, -0.12783565022080418, 0.548188484978134, 0.40790797561022574, 0.6921208528750827, -0.49458186774652746, -0.30854323389519933, 0.27661401352667947, 0.16643678870569256, -0.4018207478974132, 0.09364937080582596, -0.5117012388459947, 0.030382041897419124], [-0.6253150155082458, -0.1326737636193911, -0.28866542276608154, -0.5806406954134444, 0.13752947854927788, -0.14605327991533656, -0.6742044782060429, 0.46113399364440366, 0.4836089623979939, 0.485470378706522, 0.12215455926986572, -0.015988404111043672, -0.09852675934689], [-0.4640418740865676, -0.7220855363610263, -0.5958258222849178, 0.08286784421677953, -0.0627689493042155, -0.26487261225031633, 0.340133378359447, -0.698448324460075, 0.009543130977339054, 0.11605600029527205, 0.52560369519365, 0.5937858397711504, -0.07287645469555583]], "inverted": false, "swapped": true, "error_lsq": 0.04948796747688636, "error_max": 0.34792652752030123, "target": "847.xyz", "model": "4.xyz", "model_rescale": 3.8936222436046832, "target_rescale": 4.051702505357592},
{"mapping": [4, 5, 0, 1, 3, 9, 13, 10, 8, 12, 7, 14], "R": [[-0.5648072701833253, -0.25730856439037086, 0.7840822981291099], [0.43245943490051986, -0.9015171797747753, 0.015672004864034583], [0.7028311210479962, 0.34793544984997105, 0.6204589736832848]], "T": [-0.024861779325848737, -0.12146785330222173, 0.06210390249866051], "aligned_model": [[-0.0158062179853401, -0.7185522702276065, -0.2747274002980613, 0.3945318972929297, -0.6031451256914486, -0.548787295716769, -0.19320310026755497, -0.1331919348732845, 0.6992469370204721, 0.2919041624917018, 0.15456723640793343, -0.025288845937875226], [-0.4979846646067817, -0.43212243865950106, 0.0976718464946306, -0.12650012310481465, 0.37332018664582356, -0.06599549777229763, -0.3833680043660137, 0.3476031444085661, 0.25655372040385604, -0.45095615312029236, 0.5427401899835221, 0.007960698803110039], [-0.4090173418866521, -0.2727967335715378, -0.6836747405229635, -0.47285412256154613, -0.13352199765338388, 0.3196785508480147, 0.6469393888845868, 0.5615100188500474, 0.2022032234495286, 0.08780063117153294, -0.25568693857638863, 0.028704780844279604]], "inverted": false, "swapped": true, "error_lsq": 0.044368743956797844, "error_max": 0.27606989723608233, "target": "847.xyz", "model": "5.xyz", "model_rescale": 3.6523030999806103, "target_rescale": 4.051702505357592},
{"mapping": [5, 0, 1, 4, 12, 3, 7, 9, 2, 10, 8, 13, 14], "R": [[0.38042733632505643, -0.8931877631399702, -0.23977210336825944], [0.5948749475634184, 0.4348494104902486, -0.6760397820821671], [0.708095218553298, 0.11454959612892654, 0.6967636266975028]], "T": [0.24941060998815148, -0.002175598316703921, -0.03027712102422793], "aligned_model": [[0.3651033873242789, -0.14882506211875599, 0.22404558993788448, 0.5241548455261521, 0.6274441690758304, -0.36620856780499056, -0.4222237957187448, 0.1546594084179433, -0.690604835943178, -0.1264832183795256, 0.03647212806853403, 0.5856564082551783, 0.11789244802368795], [-0.6755122002131063, -0.10285487625675474, 0.48745162610728177, 0.022590363287193264, 0.2558586094532716, -0.46645368679179183, 0.317496295341885, -0.5451066806284532, -0.10640013526705988, -0.11481465544642885, 0.7399097348318017, -0.2925658584067324, 0.021228368152077313], [0.4420619589068185, 0.6753522812919515, 0.44059256919187934, 0.5061037058905536, -0.02176246888375037, 0.12123264917207689, 0.11489595016782896, -0.2306963768022558, -0.19644073985566096, -0.6022786639832646, -0.3316541676791966, -0.5217802192774479, -0.025516738657742885]], "inverted": true, "swapped": true, "error_lsq": 0.05197411699687603, "error_max": 0.37891549122237467, "target": "847.xyz", "model": "6.xyz", "model_rescale": 4.08911054899281, "target_rescale": 4.051702505357592},
{"mapping": [13, 7, 10, 11, 2, 1, 0, 12, 5, 9, 8, 4, 6, 3, 14], "R": [[0.8536977071153211, 0.30166400538826343, -0.42449858977286736], [0.03253663177469787, 0.7826491013518149, 0.6216122197527605], [0.5197514718197546, -0.544480681022115, 0.6583306126369126]], "T": [0.07042559673445974, -0.13929666818332964, -0.04762488553172091], "aligned_model": [[-0.3658682596200817, -0.6641099410796004, 0.4960854293337639, 0.3570358166120953, -0.5696415708911683, 0.03792814121913496, -0.029906431155242733, -0.07293735335968, -0.11554167601255609, 0.6626375121494853, 0.7057461500007327, 0.24190018608692632, -0.18548245824678394, 0.32730573701168286, 0.18364918999860674], [-0.42227357777646474, -0.24247397103361826, -0.7076530912265176, -0.43101133784658674, 0.27271167732227763, 0.23777045679329434, 0.7936832439962558, -0.8186929731519166, -0.6111026545833174, 0.2599408031257532, -0.10654766358422282, -0.08703042747182099, 0.22378713000679562, 0.5113086203916162, -0.0826473275740956], [-0.5628590671385169, 0.173962461584941, 0.07509260221582141, -0.46868093443982867, -0.3135246550929084, -0.6758846705747297, -0.11195334542935377, -0.20846531374096472, 0.5209843952995891, -0.37081491732568894, 0.1982292797374242, 0.634074604706129, 0.1800243827320373, 0.32274896380869744, -0.1540956919667691]], "inverted": true, "swapped": false, "error_lsq": 0.04415603214945978, "error_max": 0.2671614149687373, "target": "847.xyz", "model": "7.xyz", "model_rescale": 3.964800864290218, "target_rescale": 4.051702505357592},
{"mapping": [1, 7, 8, 4, 11, 0, 12, 2, 3, 9, 5, 13, 10, 14], "R": [[-0.7143499085549614, 0.6169901518658608, -0.3301929142911165], [-0.18225041059824018, -0.6195938904290275, -0.7634711512426617], [-0.6756396939081447, -0.48520775286836093, 0.5550535474818121]], "T": [-0.10461834929950106, 0.09595248360050337, 0.06124692683645541], "aligned_model": [[-0.366390395943456, 0.31956911065020066, 0.3036226863967654, -0.6641003873350103, 0.4019403050363396, -0.28456032813456344, -0.3742386689670044, 0.698044436245047, 0.22150718666872496, 0.06302403696185963, -0.5496904437826899, -0.04705122075622922, 0.5479317542064596, -0.008420181785571038], [-0.1979276582740692, -0.41417821952590483, 0.27711932726599353, -0.10995189905402505, 0.7574663471785463, -0.7001586475410635, 0.3776048143682934, -0.42395336325018673, -0.4898595330662002, 0.1043615607983242, -0.26572496671996115, 0.6398894685016404, 0.2482977160498501, 0.00796351944996486], [-0.4930150384030111, -0.3050723050816003, -0.6368787026434788, -0.030324758834397836, -0.09056237241070106, 0.039595781751821796, -0.1786288144808245, 0.14803692641868615, 0.4710795047119213, 0.6231589717110088, 0.662055929143581, 0.43512072608941366, 0.24051986151376553, 0.03172932923883683]], "inverted": true, "swapped": true, "error_lsq": 0.04948897186145624, "error_max": 0.2920297016728757, "target": "847.xyz", "model": "8.xyz", "model_rescale": 4.121658175737393, "target_rescale": 4.051702505357592},
{"mapping": [5, 9, 3, 0, 13, 12, 10, 8, 2, 11, 1, 7, 14], "R": [[-0.35321201940466296, 0.933928175130949, 0.054949368009609506], [0.8152683157902822, 0.2784611741583106, 0.5077370852664318], [0.45888870395397274, 0.22413731992452868, -0.8597578840583509]], "T": [-0.23733462671101027, 0.017897741859310846, -0.0064463963697666965], "aligned_model": [[-0.507394197885877, -0.20954985919127034, 0.27739474184032453, 0.06364996029683048, -0.5620341356506923, -0.5683608736426674, 0.17376340899558732, 0.12119030993807042, 0.686361567496378, -0.1668444481989917, -0.184020381644256, 0.4575832978589347, -0.10500189377717348], [0.2887961660558203, -0.31207686604900636, 0.07890063627932281, 0.6949457360977459, -0.5519983328315172, 0.0711149715242626, -0.5398498255414135, -0.06443804425039099, -0.11281187909985316, -0.68251447063032, 0.6015394589404038, 0.2822153253363224, 0.036564563580333415], [-0.743706917756843, -0.490455273618367, -0.5970635735605827, -0.3494553070987597, -0.09999707005100823, 0.30524748195667595, -0.03939406154124907, 0.7362125099481341, -0.23404797086047247, 0.46440622670365744, 0.3379609288413774, 0.14046653124428288, -0.009098070247756943]], "inverted": true, "swapped": true, "error_lsq": 0.04472501324064482, "error_max": 0.32369875989639163, "target": "847.xyz", "model": "9.xyz", "model_rescale": 3.833441315466971, "target_rescale": 4.051702505357592},
{"mapping": [8, 2, 7, 11, 13, 10, 0, 9, 3, 12, 6, 4, 5, 1, 14], "R": [[0.5358808371768704, 0.2095795528001916, -0.8178680452216534], [0.10775648669107349, -0.9777563735815051, -0.17994725198441058], [-0.8373889585626342, 0.0082996969111018, -0.5465444603219127]], "T": [0.14907620128042556, -0.04954540325240358, -0.06412842565858431], "aligned_model": [[-0.200950318267666, -0.5122995679153056, 0.3692377521727464, 0.48414407717685426, -0.5697261298629336, 0.04290265090909465, -0.049044919015367644, -0.3131492535993392, -0.06201686274209278, 0.6672255995568687, 0.6679713681809435, 0.2436611641475064, -0.242196665479081, 0.37697229448596176, 0.1060692822991245], [-0.41511736532342597, -0.25330172447515176, -0.676766979538013, -0.3731083950152118, 0.2936474877961171, 0.15882855759218928, 0.5806104571623046, -0.7101347811181424, -0.7065914624812184, 0.1954709598063809, 0.062133098695142726, -0.13719815909320757, 0.28051162154928555, 0.6223785264876834, -0.1315929346573005], [-0.6569167002873362, 0.13007689973225553, -0.10925006716573227, -0.5624993617567149, -0.0991768163675146, -0.8522030497668298, -0.22988298813396602, -0.1528945748646045, 0.463177978741269, -0.2498923624438994, 0.3595522158804775, 0.7228170993195961, 0.37791580921374746, 0.14127492450425344, -0.04326091222912212]], "inverted": false, "swapped": false, "error_lsq": 0.053909068495865194, "error_max": 0.31512296453443717, "target": "847.xyz", "model": "10.xyz", "model_rescale": 4.2482417240324, "target_rescale": 4.051702505357592},
{"mapping": [1, 0, 3, 5, 8, 10, 7, 9, 4, 13, 12, 14], "R": [[0.6994842870883021, 0.34851606995191986, -0.6239056668294002], [0.6443521679768178, 0.07001307688117708, 0.7615172044604148], [0.30908253871764524, -0.9346842879020163, -0.17559403807919113]], "T": [-0.04178158730696127, 0.1353545474217875, -0.15201358927769165], "aligned_model": [[-0.57091806069332, 0.028491553703640343, 0.46664234990094733, 0.5648928254694547, -0.7235089565138307, 0.16640591664450619, -0.30254594212611485, 0.5254543509905996, -0.1488826803133251, 0.2598367763692214, -0.3374171232658689, -0.05168540780290294], [-0.28362164673139845, -0.5768354649035422, -0.062297979627575606, -0.4026152837753162, 0.5101858843379322, 0.6930454377694765, 0.023233897899985118, 0.2798784418155946, -0.3957782327360999, 0.5949925862523996, 0.15295946856344553, 0.13298428118573846], [-0.07095799373575302, 0.24103588973813095, 0.41361429599206073, -0.3320297613717539, 0.13366249643262312, 0.20408797848796745, 0.5506876461918482, -0.1162915697553038, -0.4170220137020981, -0.5217733376997575, -0.5010883951673968, -0.01873294555621105]], "inverted": false, "swapped": true, "error_lsq": 0.05513730310584742, "error_max": 0.29820561741972207, "target": "847.xyz", "model": "11.xyz", "model_rescale": 3.6694154284099745, "target_rescale": 4.051702505357592},
{"mapping": [7, 8, 12, 11, 10, 0, 3, 5, 13, 6, 4, 9, 1, 14], "R": [[-0.9320236329939673, -0.12455274388922803, -0.3403212622367147], [0.34758483801242407, -0.5729762594540637, -0.7422149193366475], [-0.1025510990901768, -0.8100523563891989, 0.5773200602644109]], "T": [0.02933713113160137, 0.11252924028710103, -0.028027233945441984], "aligned_model": [[-0.1153557489833938, 0.05753353767430987, -0.13723112502294094, 0.6437943251994748, 0.6540582890723972, -0.51122778908275, 0.1665579722817997, -0.1649628390432727, 0.5328134094985373, 0.09637626131523712, -0.5133007469035921, 0.43282762990852536, -0.5810269538022088, 0.03740862814368705], [-0.34155680893749124, 0.3798595397828741, 0.5389296359275813, 0.55559838805595, -0.055617883247001246, -0.4986145810424723, -0.6577766849866632, -0.26070829852683364, 0.4209829829775415, 0.45636683142644285, 0.16915966313763886, -0.14729080557759378, 0.15808122864515792, 0.013574080501123076], [-0.617287741248864, -0.8119921799962262, -0.026912731219341037, -0.40668329461266767, -0.2782661442128487, 0.0025279234326056645, 0.04474328351791307, 0.6880820215605933, 0.27252386211301166, 0.675499705579484, 0.22914832443159844, 0.3090317958838167, -0.32379262827520316, -0.11752673730145671]], "inverted": true, "swapped": true, "error_lsq": 0.04388303322883441, "error_max": 0.25119650342625033, "target": "847.xyz", "model": "12.xyz", "model_rescale": 3.9764082729961374, "target_rescale": 4.051702505357592},
{"mapping": [2, 0, 12, 1, 7, 8, 3, 9, 5, 11, 13, 6, 4, 14, 15], "R": [[-0.244548463459272, 0.36426195625317526, -0.8986151992072685], [0.42432104088858513, -0.7931029903732179, -0.4369660180383447], [-0.8718644982329175, -0.4881607049811252, 0.03938810522726466]], "T": [0.12141128242512048, -0.13851968280033938, -0.039670671304985264], "aligned_model": [[-0.34302632040220415, -0.5618005182957961, 0.5319556157096065, 0.17890084546260393, -0.5391774901836436, 0.16625563418028058, 0.03972907183345473, -0.10591849210490153, -0.17478600866706398, 0.6701075578708344, 0.6810414102141914, 0.2837979350062334, -0.415996092621049, 0.523121591620462, 0.07459573242430562], [-0.22110186080920835, -0.38132980869008315, -0.6252622471913736, -0.509072941123386, 0.19332929564268203, 0.18915461851276494, 0.6704106347994705, -0.6947581076473206, -0.6155204894482029, 0.3504854506206901, -0.12153692134863314, 0.07363627011686114, 0.038451726004479436, 0.49158052152684567, -0.04869723357815421], [-0.6828949019286762, -0.07672214392552326, -0.0814864741348335, -0.5522209723964276, -0.19629898270672347, -0.6643877056678856, -0.25739344240240786, -0.01919837652641642, 0.5828735448288227, -0.3402552277101551, 0.20732376602339148, 0.6760661744732148, 0.40275237905614975, 0.24389695655139026, -0.0032164991580406754]], "inverted": true, "swapped": false, "error_lsq": 0.04591935224478083, "error_max": 0.2667372480091202, "target": "847.xyz", "model": "13.xyz", "model_rescale": 4.170626492500431, "target_rescale": 4.051702505357592},
{"mapping": [4, 0, 1, 7, 12, 11, 8, 5, 6, 3, 9, 10, 13, 14], "R": [[-0.09744407258059215, 0.9003616876081765, -0.42409136304134404], [0.12804892318329214, 0.43391967574936874, 0.891805577617208], [0.9869691616208216, 0.032596725064329424, -0.15757324495158712]], "T": [0.002452325286424315, 0.07161848784019847, 0.03293568535465804], "aligned_model": [[0.33047145315518917, -0.04520680963889189, -0.19693777427902107, -0.6546102605155713, 0.12421504342873287, -0.33410652751013964, -0.6940824019417715, 0.6291062365685305, 0.7533333468191299, -0.12527581558396308, 0.21675290792083787, -0.3551804516149864, 0.30279190985090804, -0.10808783456733982], [-0.1767519614319727, -0.7200306522735811, -0.13557698824085468, -0.3021125664276507, 0.361291370458213, 0.8052431193420964, 0.43435446103296665, -0.4518557007672122, 0.2956727675991976, -0.5409817469666742, -0.011608027617229788, 0.2615149074621526, 0.5337004989294163, 0.003214986826798799], [-0.4081059351052093, -0.16112890897759666, -0.5830270498739649, -0.02139637275926718, -0.2999711860424589, 0.2893949686422111, -0.23187283135858708, 0.18508973212272653, 0.09331829806121084, 0.5082280167824662, 0.57244327180103, 0.5961475808647307, 0.4006847636285212, 0.06406875333505362]], "inverted": false, "swapped": true, "error_lsq": 0.039342620317967855, "error_max": 0.24810957148942034, "target": "847.xyz", "model": "14.xyz", "model_rescale": 3.9786697098870705, "target_rescale": 4.051702505357592},
{"mapping": [10, 3, 8, 11, 7, 1, 5, 4, 12, 13, 0, 14], "R": [[0.37803310094283826, -0.13298303004013845, -0.9161912946065824], [0.7920459154129305, 0.5588354519231096, 0.24569535109884968], [0.4793268639135875, -0.8185465480931661, 0.31658696456981206]], "T": [0.06970738202443852, -0.07035129047179446, 0.05898457433376392], "aligned_model": [[0.020587540611961386, -0.6507830118830131, 0.6669235639942741, 0.6224218824149687, -0.058825077317959634, 0.260818038173645, -0.5863183830742718, 0.01468587896696777, 0.4516632284808618, 0.19317526866766757, -0.4738430591985666, 0.022848726930801026], [-0.4909210424030867, -0.046148382374512395, 0.15112779195018372, -0.5703254327504425, 0.39285414560879955, 0.5793504531715826, -0.09308956061693742, 0.2996704522712127, -0.019206726578714486, -0.7070964362538857, 0.5384278568333525, -0.019968628633112773], [-0.4904495140549753, -0.25375195614587537, -0.47124312302815374, -0.34323534491089114, -0.5269149443591936, 0.11781339139202654, 0.5678896452543697, 0.5321216405165302, 0.3060827095331088, 0.19416717636041855, 0.08310279588415143, -0.055615982567685754]], "inverted": true, "swapped": true, "error_lsq": 0.04915215203598428, "error_max": 0.30092044467929757, "target": "847.xyz", "model": "15.xyz", "model_rescale": 3.769337070930944, "target_rescale": 4.051702505357592},
{"mapping": [12, 11, 4, 1, 6, 13, 5, 10, 0, 7, 14], "R": [[-0.6264619783118137, -0.48346274559484603, 0.6113993485043487], [0.7115382452543088, -0.03448279917606317, 0.7018007281995389], [-0.31821174596495994, 0.8746854921529663, 0.3656043962359524]], "T": [-0.024670321118887534, 0.007901864605155455, -0.010474431866127122], "aligned_model": [[-0.2646221726423147, -0.2378308275757794, -0.075598579133698, -0.5480029209096043, 0.43795350722732573, 0.3162634014327256, 0.6170857306132226, 0.11165493365513748, 0.005458025743856315, -0.38523289221723744, -0.05450207550246358], [0.04960939674292696, -0.792523993020294, 0.5732777355192035, 0.4377590241962449, 0.11381017749348321, -0.4141271583324854, 0.534949280173928, -0.6003592070368995, 0.6592918526937149, 0.04083691127415979, -0.0064595220786406605], [-0.3980916582512633, -0.18690960482777208, -0.2143336392153895, 0.04819652047035254, -0.6369178143046633, -0.39076213377784896, -0.02601136910418317, 0.29383361301464334, 0.48087492153872236, 0.6553093394498428, 0.11902943223133644]], "inverted": true, "swapped": true, "error_lsq": 0.048864483533040966, "error_max": 0.21718930959482688, "target": "847.xyz", "model": "16.xyz", "model_rescale": 3.7852294659196426, "target_rescale": 4.051702505357592},
{"mapping": [10, 12, 1, 8, 13, 6, 5, 4, 7, 2, 9, 0, 14], "R": [[0.1387395211541915, 0.9588739192218916, 0.24761290819736104], [-0.483125468282259, -0.15272642608271955, 0.8621278447382659], [0.864488939875435, -0.2392393065782643, 0.4420672200254138]], "T": [-0.09101188694705066, 0.006075666020066539, 0.006040314655758049], "aligned_model": [[-0.0217141892151317, -0.32833731183860654, 0.27270190133276945, 0.22450553451102712, -0.6647158956976332, -0.8047502444342389, -0.23470093916404128, -0.11575330253015671, 0.6500563557009095, 0.6224073145629969, -0.26582697422496576, 0.4878150756497598, 0.03207852556359431], [0.06917834548664722, -0.3296142658674145, -0.33255669449550107, -0.7075519560326595, 0.07412565506556537, 0.24225728910079172, 0.7212397073403898, 0.042392121450147396, -0.08768241749294572, 0.3024872440531438, 0.4903628953550995, 0.3716973823101542, 0.018720317429455968], [-0.6812626560032475, 0.2074166682985595, 0.46986880982428036, -0.2733267141909688, -0.3182989289369925, 0.235091589841113, 0.40323680870702006, 0.6075975577484248, -0.12196514084707871, -0.5642888536671121, -0.27471828839824675, 0.4509233654748468, -0.044519520707424334]], "inverted": true, "swapped": true, "error_lsq": 0.04358861091493102, "error_max": 0.2901030926588306, "target": "847.xyz", "model": "17.xyz", "model_rescale": 3.901054581598922, "target_rescale": 4.051702505357592},
{"mapping": [12, 9, 6, 7, 13, 3, 2, 11, 10, 0, 1, 4, 5, 8, 14], "R": [[-0.18461575167526473, 0.7432939685640086, 0.6429860811321996], [0.768202960668544, -0.29892958443556045, 0.5661318881402696], [0.6130099798971144, 0.5984606752707732, -0.5158135173693976]], "T": [0.08136681900628376, -0.06968346118734842, -0.0016495255714800913], "aligned_model": [[-0.1970617342494986, -0.5524061650790701, 0.46230303844258014, 0.4387675787556756, -0.4973389364371601, 0.026032196726627294, -0.03226375920660621, -0.16139989437047378, -0.20498137864384045, 0.5827514377360552, 0.7771815326522455, 0.4398348574844665, -0.36765873531868354, 0.2514703836420964, 0.04357004991290021], [-0.3831855125140627, -0.22964233825469582, -0.7166865511271487, -0.37283857655664004, 0.23408048636794754, 0.2191787513959868, 0.7294718730697889, -0.8225510198551287, -0.4902442290834171, 0.29204617997343574, -0.10723457674044831, -0.15379845073463091, 0.28501005486283254, 0.4055220081483592, -0.09935919156474657], [-0.6149757916183903, 0.0816246218284955, -0.002235699669589669, -0.4707323506175834, -0.3183975501633237, -0.706562705496074, -0.18102885941870978, -0.10646245849743055, 0.641457851417818, -0.4412739667782643, 0.009183176323339322, 0.6983499771661097, 0.2486594998965124, 0.4292365282194179, -0.02800417821644782]], "inverted": true, "swapped": false, "error_lsq": 0.04179809334300936, "error_max": 0.2984236369941518, "target": "847.xyz", "model": "18.xyz", "model_rescale": 3.9405287249114394, "target_rescale": 4.051702505357592},
{"mapping": [8, 9, 4, 0, 5, 6, 2, 7, 13, 1, 12, 14, 11, 10, 15], "R": [[-0.39834913591549453, -0.8596165553169604, 0.31996459763602303], [0.8775454539754004, -0.458675643041683, -0.13975203285608057], [0.26689312865356285, 0.22511337655790664, 0.9370656463515301]], "T": [0.17364971002923885, -0.13587593827310723, 0.009252510470463549], "aligned_model": [[-0.19547774210913588, -0.5690364012848206, 0.43201077453878917, 0.40740269699337295, -0.4829628409943166, 0.08525774275264036, -0.006295226990525066, -0.2179913383185868, -0.028616818445424574, 0.6269143585318924, 0.6568359588192243, 0.33477320509036634, -0.3254037685165602, 0.12633555861513945, 0.16505431336525947], [-0.27067852036162965, -0.31230296545877334, -0.7843272402468757, -0.33928070998390275, 0.2246607098446472, 0.1867492252198617, 0.6653211031105393, -0.7112848914108281, -0.42524390716836646, 0.17282305648222235, -0.2963808387043618, 0.07215676904600668, 0.13351978753188842, 0.5710777203259214, -0.09704039083891725], [-0.6371570682612071, 0.08862940317963794, -0.20852145016325108, -0.6044740555885393, -0.3514910632231241, -0.6588667300804487, -0.27540237449041505, -0.09632861871136941, 0.5808155213522099, -0.35786533577819474, 0.21151048466977201, 0.7376072139638592, 0.4537575952210808, 0.3496668647740649, 0.006957707511803987]], "inverted": false, "swapped": false, "error_lsq": 0.041496154256046955, "error_max": 0.30645236864124686, "target": "847.xyz", "model": "19.xyz", "model_rescale": 4.410303926677745, "target_rescale": 4.051702505357592},
{"mapping": [1, 7, 8, 4, 11, 0, 12, 2, 3, 9, 5, 13, 10, 14], "R": [[-0.7143499085549614, 0.6169901518658608, -0.3301929142911165], [-0.18225041059824018, -0.6195938904290275, -0.7634711512426617], [-0.6756396939081447, -0.48520775286836093, 0.5550535474818121]], "T": [-0.10461834929950106, 0.09595248360050337, 0.06124692683645541], "aligned_model": [[-0.366390395943456, 0.31956911065020066, 0.3036226863967654, -0.6641003873350103, 0.4019403050363396, -0.28456032813456344, -0.3742386689670044, 0.698044436245047, 0.22150718666872496, 0.06302403696185963, -0.5496904437826899, -0.04705122075622922, 0.5479317542064596, -0.008420181785571038], [-0.1979276582740692, -0.41417821952590483, 0.27711932726599353, -0.10995189905402505, 0.7574663471785463, -0.7001586475410635, 0.3776048143682934, -0.42395336325018673, -0.4898595330662002, 0.1043615607983242, -0.26572496671996115, 0.6398894685016404, 0.2482977160498501, 0.00796351944996486], [-0.4930150384030111, -0.3050723050816003, -0.6368787026434788, -0.030324758834397836, -0.09056237241070106, 0.039595781751821796, -0.1786288144808245, 0.14803692641868615, 0.4710795047119213, 0.6231589717110088, 0.662055929143581, 0.43512072608941366, 0.24051986151376553, 0.03172932923883683]], "inverted": true, "swapped": true, "error_lsq": 0.04948897186145624, "error_max": 0.2920297016728757, "target": "847.xyz", "model": "20.xyz", "model_rescale": 4.121658175737393, "target_rescale": 4.051702505357592},
{"mapping": [5, 0, 1, 4, 12, 3, 7, 9, 2, 10, 8, 13, 14], "R": [[0.38042733632505643, -0.8931877631399702, -0.23977210336825944], [0.5948749475634184, 0.4348494104902486, -0.6760397820821671], [0.708095218553298, 0.11454959612892654, 0.6967636266975028]], "T": [0.24941060998815148, -0.002175598316703921, -0.03027712102422793], "aligned_model": [[0.3651033873242789, -0.14882506211875599, 0.22404558993788448, 0.5241548455261521, 0.6274441690758304, -0.36620856780499056, -0.4222237957187448, 0.1546594084179433, -0.690604835943178, -0.1264832183795256, 0.03647212806853403, 0.5856564082551783, 0.11789244802368795], [-0.6755122002131063, -0.10285487625675474, 0.48745162610728177, 0.022590363287193264, 0.2558586094532716, -0.46645368679179183, 0.317496295341885, -0.5451066806284532, -0.10640013526705988, -0.11481465544642885, 0.7399097348318017, -0.2925658584067324, 0.021228368152077313], [0.4420619589068185, 0.6753522812919515, 0.44059256919187934, 0.5061037058905536, -0.02176246888375037, 0.12123264917207689, 0.11489595016782896, -0.2306963768022558, -0.19644073985566096, -0.6022786639832646, -0.3316541676791966, -0.5217802192774479, -0.025516738657742885]], "inverted": true, "swapped": true, "error_lsq": 0.05197411699687603, "error_max": 0.37891549122237467, "target": "847.xyz", "model": "21.xyz", "model_rescale": 4.08911054899281, "target_rescale": 4.051702505357592},
{"mapping": [13, 14, 1, 0, 12, 7, 10, 2, 15, 6, 8, 11, 9, 5, 16], "R": [[0.8479990838986342, 0.02853091361985014, 0.5292291948438728], [-0.26648386644044003, -0.8401955530818459, 0.4722899337360948], [0.458130879371857, -0.5415324732179112, -0.7048820311346158]], "T": [0.03338985363686878, -0.14621260339992584, -0.0648731105563743], "aligned_model": [[-0.3432155208719605, -0.5797447919250327, 0.5887772417003972, 0.4534769920233538, -0.5593355952565096, 0.04529559564098626, 0.026577012661623295, -0.040317314443857416, -0.1553369052007631, 0.6153167009507788, 0.6775082965247612, 0.36810307992990765, -0.3281835747331814, 0.20632158641020415, 0.03355766863660634], [-0.17920704306906898, -0.20853718544400202, -0.6755876217352232, -0.39602075319839136, 0.23458031412860378, 0.22652638881409573, 0.6497046150850838, -0.8614364958518941, -0.5499246472949645, 0.17579073374015616, -0.04044200956635689, -0.19116569309970993, 0.3478849507554811, 0.41836427230963247, -0.1607609181860101], [-0.6069152905296877, 0.1140238956560725, 0.13836399336049027, -0.6658740112510371, -0.28542424346740375, -0.6704472885065579, -0.19755610016645242, 0.0005169988840258294, 0.5121067972453671, -0.40138332406751354, 0.16897733539540083, 0.6220324914948795, 0.2993793766511827, 0.32123130687783935, -0.1101938432007265]], "inverted": true, "swapped": false, "error_lsq": 0.04739816117395681, "error_max": 0.3376219360786839, "target": "847.xyz", "model": "22.xyz", "model_rescale": 4.204369325754507, "target_rescale": 4.051702505357592},
{"mapping": [8, 9, 4, 0, 5, 6, 2, 7, 13, 1, 12, 14, 11, 10, 15], "R": [[-0.39834913591549453, -0.8596165553169604, 0.31996459763602303], [0.8775454539754004, -0.458675643041683, -0.13975203285608057], [0.26689312865356285, 0.22511337655790664, 0.9370656463515301]], "T": [0.17364971002923885, -0.13587593827310723, 0.009252510470463549], "aligned_model": [[-0.19547774210913588, -0.5690364012848206, 0.43201077453878917, 0.40740269699337295, -0.4829628409943166, 0.08525774275264036, -0.006295226990525066, -0.2179913383185868, -0.028616818445424574, 0.6269143585318924, 0.6568359588192243, 0.33477320509036634, -0.3254037685165602, 0.12633555861513945, 0.16505431336525947], [-0.27067852036162965, -0.31230296545877334, -0.7843272402468757, -0.33928070998390275, 0.2246607098446472, 0.1867492252198617, 0.6653211031105393, -0.7112848914108281, -0.42524390716836646, 0.17282305648222235, -0.2963808387043618, 0.07215676904600668, 0.13351978753188842, 0.5710777203259214, -0.09704039083891725], [-0.6371570682612071, 0.08862940317963794, -0.20852145016325108, -0.6044740555885393, -0.3514910632231241, -0.6588667300804487, -0.27540237449041505, -0.09632861871136941, 0.5808155213522099, -0.35786533577819474, 0.21151048466977201, 0.7376072139638592, 0.4537575952210808, 0.3496668647740649, 0.006957707511803987]], "inverted": false, "swapped": false, "error_lsq": 0.041496154256046955, "error_max": 0.30645236864124686, "target": "847.xyz", "model": "23.xyz", "model_rescale": 4.410303926677745, "target_rescale": 4.051702505357592},
{"mapping": [3, 1, 8, 4, 0, 2, 12, 10, 11, 5, 15, 14, 7, 6, 16], "R": [[0.48594110489372894, 0.11641633163334553, -0.8662034866610138], [0.6338187512785527, -0.7293432266186239, 0.2575504772141393], [-0.6017765641019583, -0.6741703757319581, -0.4282047073340884]], "T": [0.08554576198740868, -0.09387837016188079, 0.10232383457864752], "aligned_model": [[-0.33254971595233007, -0.7194699367066283, 0.5563857586903544, 0.29926475393649565, -0.3302925886312543, -0.012894711318812618, 0.039435633467127834, 0.0034975933190626862, -0.17644661209164977, 0.46877715238723516, 0.7836404135187773, 0.37496429973731626, -0.4884680392918148, 0.5326945455329929, 0.010261925450442355], [-0.3559041126047921, -0.3691167742083628, -0.6904414736234488, -0.31845811859209694, 0.322684903554794, 0.08533025003329507, 0.6843981365437566, -0.7276697275521719, -0.41626921524314814, 0.22486299358036077, -0.12249493727976558, -0.06316442897741882, 0.18052174066425625, 0.47864323731321395, -0.12315356622103982], [-0.6498660791118007, -0.009608713701261706, -0.21093137822319324, -0.5123081708249413, -0.3708984347952315, -0.787107272838542, -0.09347036845507561, -0.021613890070298125, 0.5799697552594042, -0.28126406653384106, 0.2477856523331146, 0.7134241159059092, 0.29505066665419855, 0.3263217455234492, 0.013354533253988374]], "inverted": true, "swapped": false, "error_lsq": 0.03745450603879681, "error_max": 0.2608636124044686, "target": "847.xyz", "model": "24.xyz", "model_rescale": 4.28219845311461, "target_rescale": 4.051702505357592},
{"mapping": [10, 5, 12, 14, 8, 6, 0, 12, 9, 2, 13, 7, 1, 4, 15], "R": [[-0.7971509496449112, -0.6037675348250542, 0.003889392175361661], [0.133748855204604, -0.17029885062984335, 0.9762732943216322], [-0.5887797612109936, 0.7787573854323512, 0.2165071070955733]], "T": [0.05405931936292014, -0.06791605648237385, 0.03964628470282347], "aligned_model": [[-0.2640870615056873, -0.77268882139905, 0.3435833955988718, 0.33810107100318704, -0.5166966300359281, -0.04508880990868477, 0.13955389037788712, 0.3435833955988718, -0.1141655611683895, 0.5842917771747792, 0.6042746247392706, 0.4000387359695479, -0.4202157428451006, 0.3219115036727205, 0.06640470477501854], [-0.3233831599298814, -0.25463318084834474, -0.7721451429006321, -0.3716801563221737, 0.06285749631742567, 0.3436799077563303, 0.704797330741333, -0.7721451429006321, -0.5023760042731781, 0.19385600509976542, -0.25389323541643255, -0.12040423218382804, 0.34316351625652347, 0.5094042549067072, 0.0026706510844489995], [-0.6409595176704929, 0.12274206154659476, -0.028596688233943762, -0.5984699115093352, -0.3332906818783422, -0.7559387488701907, -0.20765691294742655, -0.028596688233943762, 0.5293590854490443, -0.30547536464092795, 0.16451446953123872, 0.7346924993146979, 0.1659560194466466, 0.3996532824734158, 0.020905190598844124]], "inverted": true, "swapped": false, "error_lsq": 0.04487814689491395, "error_max": 0.381798849080753, "target": "847.xyz", "model": "25.xyz", "model_rescale": 4.100010024507729, "target_rescale": 4.051702505357592},
{"mapping": [1, 0, 3, 5, 8, 10, 7, 9, 4, 13, 12, 14], "R": [[0.6994842870883021, 0.34851606995191986, -0.6239056668294002], [0.6443521679768178, 0.07001307688117708, 0.7615172044604148], [0.30908253871764524, -0.9346842879020163, -0.17559403807919113]], "T": [-0.04178158730696127, 0.1353545474217875, -0.15201358927769165], "aligned_model": [[-0.57091806069332, 0.028491553703640343, 0.46664234990094733, 0.5648928254694547, -0.7235089565138307, 0.16640591664450619, -0.30254594212611485, 0.5254543509905996, -0.1488826803133251, 0.2598367763692214, -0.3374171232658689, -0.05168540780290294], [-0.28362164673139845, -0.5768354649035422, -0.062297979627575606, -0.4026152837753162, 0.5101858843379322, 0.6930454377694765, 0.023233897899985118, 0.2798784418155946, -0.3957782327360999, 0.5949925862523996, 0.15295946856344553, 0.13298428118573846], [-0.07095799373575302, 0.24103588973813095, 0.41361429599206073, -0.3320297613717539, 0.13366249643262312, 0.20408797848796745, 0.5506876461918482, -0.1162915697553038, -0.4170220137020981, -0.5217733376997575, -0.5010883951673968, -0.01873294555621105]], "inverted": false, "swapped": true, "error_lsq": 0.05513730310584742, "error_max": 0.29820561741972207, "target": "847.xyz", "model": "26.xyz", "model_rescale": 3.6694154284099745, "target_rescale": 4.051702505357592},
