[{"mapping": [12, 5, 2, 1, 9, 10, 6, 11, 3, 0, 7, 13], "R": [[0.6841834632270559, -0.15099938958548864, -0.7135069537092416], [-0.5775151615332171, -0.709635736103217, -0.4036004958427424], [-0.445386603801567, 0.6881978686323107, -0.5727254724246608]], "T": [-0.05950784098943665, -0.09810426190466452, 0.016774262365500704], "aligned_model": [[-0.21902616367599625, 0.2375164687148494, 0.48069537714915056, -0.13801209436118145, -0.04565334607201227, -0.7554538783125759, 0.43736950545466113, -0.21910007851724744, 0.5075130015753823, 0.1658040132315663, -0.5802506161952006, -0.03375972653084686], [-0.3507536671912535, -0.7055983025963537, -0.20764948010385992, 0.6524653715696025, 0.22366504462914, -0.43898849386420385, -0.3129901191803106, -0.5824246837479733, 0.1853810511730578, 0.44571209678439444, 0.17611836546438492, -0.03138214695956741], [-0.34414575435143113, -0.03775693305231213, -0.5734075260690301, -0.14786718779483807, -0.6380054091170664, 0.011444863349495328, 0.4933658141061698, 0.41677591083950927, -0.00846950846769897, 0.465417722918354, 0.42331966250774233, 0.1212800904846687]], "inverted": false, "swapped": true, "error_lsq": 0.042375805304047054, "error_max": 0.2794374171989026, "target": "848.xyz", "model": "0.xyz", "model_rescale": 3.751011558992144, "target_rescale": 3.9837067180869674},
{"mapping": [9, 5, 4, 10, 12, 6, 11, 13, 2, 8, 0, 7, 1, 14], "R": [[-0.22113041367503758, 0.9565036551775522, -0.19026848866769622], [-0.9555493794937416, -0.17349046210514843, 0.2383829752890666], [0.19500441917308545, 0.23452466222238666, 0.9523504918423906]], "T": [-0.06051541611175076, -0.014021906761885344, 0.0032436623194541103], "aligned_model": [[-0.32474953207848556, -0.40910963692092295, 0.5870338188223878, 0.34031054196705773, -0.387248177304015, 0.5435478047846957, 0.15485281165067516, -0.7654224054217158, -0.6783489172789827, 0.009301016692702536, -0.18396788390161958, 0.08431515657029293, 0.4044198536410443, -0.08168391830034646], [-0.12136918785479124, -0.5016460697332032, -0.46481934319245877, -0.3639109180874533, 0.6000069477703186, 0.41698529707231125, 0.43441067177044407, -0.03904439958983537, -0.32840492524743065, -0.5900436061570666, 0.24588643875044178, 0.6047710281981336, 0.13739766132605227, 0.016045231439598517], [-0.5907651882337448, -0.1722293894594102, 0.05834020988500624, -0.6207515133130845, -0.25788728690479906, -0.11106364572941543, -0.6206599663829233, -0.16991005428869332, 0.45400211705043925, 0.32533513950601606, 0.7051778890309897, 0.19244311437310424, 0.49982483269927663, -0.03739713194975006]], "inverted": true, "swapped": false, "error_lsq": 0.04758854591241907, "error_max": 0.29188130270465246, "target": "848.xyz", "model": "1.xyz", "model_rescale": 3.9405287249114394, "target_rescale": 3.9837067180869674},
{"mapping": [6, 3, 0, 12, 9, 4, 5, 2, 8, 7, 10, 11, 13], "R": [[0.6133117148178039, -0.6778029615870383, 0.4055020169260382], [0.6347558139474435, 0.1174488532605275, -0.7637347861186536], [0.47003595301547246, 0.7258022541516576, 0.502272128174767]], "T": [0.016537989439646128, -0.044806974734127855, -0.011238893373149022], "aligned_model": [[-0.32313079290930813, 0.16253105670244994, -0.3871143478472727, 0.3395073185805316, 0.6442564729102846, -0.8810861571014531, 0.1610287141602112, 0.7198244505697878, 0.1705873360174461, -0.5098222644434562, -0.1276188927919336, -0.391482370869799, -0.08149724369355718], [0.5756288020001574, 0.4542642423079841, 0.20044477403353844, -0.24739151754133198, -0.2312934988385641, 0.11023858562424217, 0.3140055779052931, 0.3511073793912922, -0.8723605265813802, -0.4885937116673662, -0.6669061383258209, -0.03542132411195331, -0.004890050624073959], [0.12978274150142974, -0.3747327051923795, -0.5810625403520914, 0.2611420736220382, -0.3331956197825354, 0.06374952780493993, 0.5460959107105613, 0.016585428826497366, -0.2492711058159229, -0.20527101679931123, 0.4278314573931988, 0.49221772562285465, -0.08075152795063538]], "inverted": false, "swapped": true, "error_lsq": 0.04754506428456984, "error_max": 0.28832026619760986, "target": "848.xyz", "model": "2.xyz", "model_rescale": 3.932901565614263, "target_rescale": 3.9837067180869674},
{"mapping": [3, 1, 4, 0, 8, 5, 7, 11, 10, 2, 12, 9, 6, 13], "R": [[0.602653491644533, 0.7646252548588479, 0.22837904597553293], [0.40145706687224497, -0.04316443844774742, -0.9148601284960584], [-0.689667305638731, 0.6430280327369348, -0.3329774116174864]], "T": [-0.10191602385285961, 0.005486046092821903, -0.11183584495398152], "aligned_model": [[-0.3050639757851976, -0.3839837463626984, 0.7223389187144758, 0.11200051598984057, -0.43940771911952925, 0.4067207474339838, 0.37293523814691065, -0.9731075159322246, -0.5035711840929349, 0.30669455851853067, -0.09599591474951792, 0.020061997655767272, 0.13920453634282967, -0.08557592383746793], [-0.03802528686557471, -0.6769734680249289, -0.277095972535353, -0.48905777682549967, 0.5471933084441346, 0.2998001907285425, 0.41442666500407377, 0.19595112330315415, -0.09753774451443599, -0.6948795595163201, 0.3225535781963598, 0.7147596956870308, -0.21112905294996004, 0.03627912633383743], [-0.5782296180804021, -0.053052918687680056, -0.1749040377227598, -0.5101026529333375, -0.4743814601167969, 0.3022505045154331, -0.4539270557864874, -0.062266329531495135, 0.4722914280975888, 0.07980252185223172, 0.582831660082429, 0.03596534465218315, 0.4895218148453772, -0.0013400749032730086]], "inverted": true, "swapped": false, "error_lsq": 0.054323761332158826, "error_max": 0.2978366356690814, "target": "848.xyz", "model": "3.xyz", "model_rescale": 3.9243930471874484, "target_rescale": 3.9837067180869674},
{"mapping": [1, 3, 9, 8, 12, 0, 7, 2, 5, 6, 11, 4, 13], "R": [[0.30323628155236537, -0.22349630076361518, 0.9263353394399212], [0.8766703345160604, 0.44644508540325156, -0.179264916530765], [-0.3734928140269814, 0.8664503386024285, 0.3313109243685508]], "T": [0.09626917643459092, -0.04145364993057196, -0.06080706289677897], "aligned_model": [[-0.028888952094139927, -0.2317118610453059, 0.5013662359250428, 0.5479637587770859, 0.5575949592039129, -0.5782221932425254, -0.1253384371480516, 0.39589211269091, 0.25344309378695423, -0.4189157614239703, 0.024567073376817503, -0.5943259138840593, -0.026218228611318298], [-0.6599848167169877, 0.1196302193335402, -0.2866133255307407, -0.7874253736215332, 0.035872327418395605, -0.29222397736506134, -0.5832626181977754, 0.38600040498077715, 0.6096873641040426, 0.4572311777052541, 0.2245547585120056, -0.023125709392745983, -0.07251087754758408], [-0.5062047932222382, -0.5794536021854195, -0.6160159944669493, 0.007994159857085882, -0.03359877168527336, -0.23389158975189608, 0.35026879041308817, -0.6769591075467691, 0.046700336155589946, 0.017298370630555317, 0.5258236617763133, 0.5376359213336963, -0.052527065936819314]], "inverted": false, "swapped": true, "error_lsq": 0.04211677777016523, "error_max": 0.295976389307078, "target": "848.xyz", "model": "4.xyz", "model_rescale": 3.8936222436046832, "target_rescale": 3.9837067180869674},
{"mapping": [4, 7, 0, 6, 1, 8, 10, 12, 5, 11, 3, 13], "R": [[-0.8160080289816568, -0.5472660751107237, 0.18609336277894412], [-0.5230286509669659, 0.836112014911449, 0.1654017194239314], [-0.24611364632045024, 0.03763697056912192, -0.9685099542809211]], "T": [-0.03865402954997392, 0.10984461816998675, 0.04958545118644366], "aligned_model": [[0.07666250413752566, -0.5219341774394939, -0.2744604872585219, 0.4893273389511615, -0.6949669331005385, -0.7933752305117482, -0.19530779584904684, 0.019267297998458624, 0.6121213494259506, 0.2921049757610746, 0.08092459898742078, -0.06281539888714512], [-0.6040580465021055, -0.39564473131560557, 0.1200474366559811, -0.008024803631724642, 0.4487988040361211, 0.043920856794993135, -0.42744008580462395, 0.18090267496728268, 0.11009896826462456, -0.445105026414681, 0.5707686740356178, 0.07465818402392752], [-0.5093748157231518, -0.10065124832308775, -0.6518942957236594, -0.4274313306743152, -0.17621962430767218, 0.4869472956830142, 0.5856415054732392, 0.5090818582568041, 0.24125559160922952, 0.1012250140867515, -0.3696564514438434, -0.06963877963779072]], "inverted": true, "swapped": true, "error_lsq": 0.04017689777877408, "error_max": 0.195172159976519, "target": "848.xyz", "model": "5.xyz", "model_rescale": 3.6523030999806103, "target_rescale": 3.9837067180869674},
{"mapping": [8, 7, 0, 1, 3, 10, 4, 12, 11, 5, 6, 2, 13], "R": [[-0.23927913975475787, 0.9457687557320307, 0.2196974145485332], [-0.003248047908842755, -0.22704880025338253, 0.9738779659116854], [0.9709453864471499, 0.23231509418155888, 0.057399943836283496]], "T": [0.12600375300209227, -0.09132811793704243, -0.022493090666717556], "aligned_model": [[0.22390608051464647, -0.20156108207518686, 0.28506742568155097, 0.6602051882743052, 0.5808600555115857, -0.4049510700371047, -0.5201493492719953, 0.12301196521104629, -0.5016513025879574, -0.07958757916679385, -0.07841021469012685, 0.6809419169686819, 0.11340087033164295], [-0.7380152985777751, -0.08369920164446, 0.5028114564513972, -0.08800428095348875, 0.33172769436721766, -0.6348272087016795, 0.49506930522024595, -0.5123641385027597, -0.023499423183389198, -0.07307585332956576, 0.5281749873920663, -0.1790271101990911, 0.015555975824465051], [0.5584081411954788, 0.6133475561340328, 0.3891858285244638, 0.5353978290145983, -0.15150212268597368, 0.130042358287698, 0.2495652267715201, -0.2280673943219873, -0.1690730055111653, -0.6687478084666271, -0.3301184611368918, -0.6025678583018804, 0.04423944997852273]], "inverted": true, "swapped": true, "error_lsq": 0.04750838709131064, "error_max": 0.3311856897636915, "target": "848.xyz", "model": "6.xyz", "model_rescale": 4.08911054899281, "target_rescale": 3.9837067180869674},
{"mapping": [11, 13, 5, 10, 9, 4, 8, 1, 2, 7, 0, 3, 6, 14], "R": [[0.5520906113023725, -0.73888970581289, 0.38631329197364395], [0.7142912731014126, 0.6581398464531751, 0.23799142774846865], [-0.4300975866974103, 0.14454738030947537, 0.8911352987974004]], "T": [-0.023099924251025736, -0.0793182047605751, -0.09490362021494414], "aligned_model": [[-0.30279753032331924, -0.4554968435512334, 0.6487964853080705, 0.31061646280853317, -0.40588682446377167, 0.6178829486733761, 0.2520397064837107, -0.739392536763374, -0.45996237392133005, 0.1570038196725827, -0.3910023517043307, 0.1397495403880385, 0.05384284424402834, -0.13214281392821292], [-0.1482000397204858, -0.6694841651533407, -0.43821120070073516, -0.14748509384215736, 0.5587292747308776, 0.19344148404927608, 0.4342115937530408, 0.04992241888959434, -0.2943804178180539, -0.6320837975460918, 0.4790854109832973, 0.6116751729430685, 0.02745865269626159, 0.02158553320050899], [-0.6063286928572037, -0.1200345916445949, -0.11078637406998137, -0.7299323965257798, -0.34173739190737684, 0.012765309751821774, -0.44949395133340797, -0.004527664816700527, 0.5477774732319809, 0.4162732624730613, 0.5665261862664573, 0.2550387180384506, 0.38657481080916145, -0.1676555711328761]], "inverted": true, "swapped": false, "error_lsq": 0.04286825699895453, "error_max": 0.28460659795266147, "target": "848.xyz", "model": "7.xyz", "model_rescale": 3.964800864290218, "target_rescale": 3.9837067180869674},
{"mapping": [11, 10, 8, 9, 4, 7, 12, 6, 3, 5, 0, 2, 1, 13], "R": [[-0.7696211375415908, 0.6076438297928055, -0.19609253112732353], [-0.5688552773206195, -0.5130597345428558, 0.642785642539794], [0.28997754760268823, 0.6062496885818143, 0.7405230158346088]], "T": [-0.08588726908808851, 0.041714070763286405, 0.021036282419143792], "aligned_model": [[-0.460785620437212, -0.23052230396915457, 0.5358309626616726, 0.15261826373664739, -0.39283654638160553, 0.5614595441524034, 0.29421753988910687, -0.6526906387342295, -0.5842477371011306, 0.07898383731515297, -0.34821482344020926, -0.03555499803836924, 0.41604228618342276, -0.04104923291372714], [0.0025137654466560813, -0.7269192185857889, -0.3967359806150288, -0.29618786826656934, 0.5678820683563688, 0.3378898035552624, 0.2820800129892792, 0.13293385811440353, -0.23049252742580004, -0.7243796455190336, 0.29678210289891477, 0.6790874170643848, 0.14142098399802924, -0.01960994554601804], [-0.7172373028542781, -0.230792203254351, -0.08980402687122249, -0.5292310318931519, -0.33113239093457175, 0.012364278369980358, -0.5859394051489746, -0.06214252336655966, 0.4721494694648716, 0.3125644270544365, 0.6368965959098221, 0.19375167741915444, 0.5698943188643956, 0.0031172435234604057]], "inverted": true, "swapped": false, "error_lsq": 0.042900174732750596, "error_max": 0.322854869644924, "target": "848.xyz", "model": "8.xyz", "model_rescale": 4.121658175737393, "target_rescale": 3.9837067180869674},
{"mapping": [3, 5, 12, 9, 6, 0, 11, 7, 10, 4, 1, 8, 13], "R": [[0.24249630150670642, -0.1679534883077528, -0.9555036208831584], [0.13815296955295353, 0.9808414550570194, -0.13734553886213496], [0.960265224174691, -0.09869987744109446, 0.2610536983722768]], "T": [-0.04714557036711603, 0.007012889446541805, -0.15846667919803373], "aligned_model": [[-0.6374127457192411, -0.06720495582824727, 0.30109321453386134, 0.035303667085259505, -0.5567980422581269, -0.5874285200431466, 0.13939383538719508, 0.17586863440168965, 0.6865104931532446, -0.25662227628568296, -0.19911693248082635, 0.570938107929361, -0.12778698344014283], [0.20352315716405336, -0.40606969835429846, 0.08189886564697807, 0.6913989247000598, -0.4997263321907645, 0.07824229944289057, -0.6116584527751459, -0.05369906760106973, -0.20396025784321928, -0.664480449238978, 0.6651598569211516, 0.5281560647676561, -0.01839747122760406], [-0.2828940997410403, -0.6962459071490602, -0.46287251848261346, -0.39780269787673916, -0.21906581621165608, 0.34233600027574196, -0.10860594825691904, 0.5184594411502558, -0.02501084178071178, 0.4251493789512778, 0.21619553387305826, 0.17562578398570197, -0.06419287477820688]], "inverted": true, "swapped": true, "error_lsq": 0.03920458471596137, "error_max": 0.21730327153941215, "target": "848.xyz", "model": "9.xyz", "model_rescale": 3.833441315466971, "target_rescale": 3.9837067180869674},
{"mapping": [2, 13, 1, 5, 3, 6, 4, 9, 10, 0, 11, 7, 12, 14], "R": [[-0.006530987128424863, -0.40766390065256347, -0.9131086957815402], [-0.0555054735037116, 0.9118682028210705, -0.40671307219586605], [0.9984370228603592, 0.048026292680237614, -0.028582977331534882]], "T": [-0.033587428895271464, 0.012622739274924157, 0.057902565468755225], "aligned_model": [[-0.4859116054322672, -0.33108188308421355, 0.5970312369745493, 0.11609331046673838, -0.2775974260532682, 0.582884689973979, 0.3737278425256168, -0.7535391890307582, -0.38122235959510287, 0.10728537165414334, -0.2448200342411649, -0.2639894443215322, 0.35194005430805936, -0.09755003122201092], [-0.09246024636154336, -0.6350733594873291, -0.37195607218571747, -0.330606901335066, 0.5957103921814643, 0.2939703396837328, 0.34906736172729264, 0.30432925745349965, -0.4293787215829364, -0.6505406057157777, 0.3071684226900008, 0.6259827359900584, 0.015270308759121384, 0.06478191464826091], [-0.49074181878892537, -0.2994115187619614, 0.06321000797081612, -0.5053241131765214, -0.5377397433563723, 0.012789125719856465, -0.5394347477642707, -0.17552171960600182, 0.6575181148641247, 0.12264971698737026, 0.6357959015299199, 0.17880915130651595, 0.5209161801514173, 0.010944589207044275]], "inverted": false, "swapped": false, "error_lsq": 0.04525481269925048, "error_max": 0.27517083541849363, "target": "848.xyz", "model": "10.xyz", "model_rescale": 4.2482417240324, "target_rescale": 3.9837067180869674},
{"mapping": [5, 12, 9, 8, 6, 0, 3, 7, 10, 4, 11, 13], "R": [[-0.8062490754223898, -0.5418775783744014, 0.23734177558035657], [-0.3991940875733028, 0.20225986396290135, -0.8942790548124377], [0.43658505337111597, -0.8157570946579644, -0.37938615379074764]], "T": [-0.02370449100444487, -0.009891844836450052, 0.06785783228133022], "aligned_model": [[-0.6636518846471254, -0.058288580563514686, 0.3082307383895791, 0.7531680854731495, -0.5747566600769178, 0.17533705559712082, -0.16848052153969612, 0.45510579345895547, 0.16475213496000385, -0.16221140334825956, -0.3469601721623786, -0.005478983177909482], [-0.22790070533263154, -0.4756715905653018, -0.4040466217978716, -0.3831294498792885, 0.45518720584299094, 0.6810530696512686, 0.2857797588794015, 0.27589555521803855, -0.39973908525326685, 0.691984538491748, 0.0514597382215022, 0.11525897657405035], [0.011416965703860193, 0.030518242708234, 0.5845055528115864, -0.08180213770197081, 0.05218875966586081, 0.24324371026809835, 0.6101972189555077, -0.38015614420732147, -0.5748509495380766, -0.5009803479688805, -0.4905139255386203, 0.06142534469607926]], "inverted": false, "swapped": true, "error_lsq": 0.04591607289255382, "error_max": 0.23534085699241494, "target": "848.xyz", "model": "11.xyz", "model_rescale": 3.6694154284099745, "target_rescale": 3.9837067180869674},
{"mapping": [6, 11, 3, 4, 5, 1, 0, 7, 9, 8, 10, 12, 2, 13], "R": [[0.2556125048353551, 0.48716035326696716, -0.8350670856743183], [-0.9041483363371668, -0.18537788353643486, -0.38490365832800966], [-0.34231277111806496, 0.8534107044678756, 0.39308031778393]], "T": [-0.10836864087449108, 0.041698599570901315, -0.04447964857709418], "aligned_model": [[-0.37432935355575236, -0.3415585582345723, 0.6086914352481927, 0.3361037606916931, -0.5195555215234176, 0.7175461365624464, 0.1910473778010293, -0.8160629613826493, -0.6003970867801797, 0.0704040118315275, -0.3090235935976101, 0.0171942593406558, 0.3366977046218137, -0.023507078100409112], [-0.027420181246117697, -0.6365697202441962, -0.42768576534211816, -0.3399338485352142, 0.6239709721877915, 0.2269812475658453, 0.36486061958717714, 0.2116893048018092, -0.4124588853556153, -0.543631003819961, 0.21231153189625412, 0.6681319074353875, 0.04705724089916634, 0.07896140663485243], [-0.5387895988128895, -0.21941734515469652, 0.037691306202884446, -0.49667386409606096, -0.4138778425981051, -0.04154453957784226, -0.6072000240789581, 0.10531096302836884, 0.39861769309281736, 0.4005230989985122, 0.533584019697837, 0.18700203353621608, 0.43322403202626447, -0.12399080598133647]], "inverted": false, "swapped": false, "error_lsq": 0.0390985866241634, "error_max": 0.219568913962133, "target": "848.xyz", "model": "12.xyz", "model_rescale": 3.9764082729961374, "target_rescale": 3.9837067180869674},
{"mapping": [7, 4, 14, 3, 2, 11, 8, 9, 5, 6, 12, 1, 13, 15], "R": [[-0.20111297813468287, 0.19832766120447864, 0.9592808289687439], [-0.5237272766629086, -0.8493410766697339, 0.06579874741019576], [0.827806323788996, -0.48916855406154136, 0.2746831192707137]], "T": [-0.09721114038442427, 0.030988113447470503, 0.0345685353360358], "aligned_model": [[-0.3486060388385772, -0.42955327330230675, 0.5843157064177761, 0.40297199405035367, -0.4210119451086367, 0.6677399022116205, 0.2255185987414189, -0.6360733003822817, -0.7046648081113938, 0.08020931410237464, -0.11042675408170638, -0.2402523658330934, 0.29976140977297383, -0.07667790671575342], [-0.13122468939690912, -0.5596176697056932, -0.38651807998407656, -0.14028122147797994, 0.5162897096929236, 0.21890123853213395, 0.44917759133641016, 0.19352677500235543, -0.3826258638583902, -0.6450624705320204, 0.37195079669185144, 0.6492988805009547, -0.05746557285006011, -0.05008459748643876], [-0.6593488304558767, -0.20333320356651782, 0.03035248158646934, -0.6203567231895508, -0.5093936999778573, -0.06584689476088992, -0.43512914691850785, 0.24601092120039417, 0.43798819918126514, 0.3430104195377745, 0.5738118302759584, 0.058096846556156115, 0.49180948493352, -0.03321255811932577]], "inverted": false, "swapped": false, "error_lsq": 0.045330526580322016, "error_max": 0.2613988219298702, "target": "848.xyz", "model": "13.xyz", "model_rescale": 4.170626492500431, "target_rescale": 3.9837067180869674},
{"mapping": [2, 0, 8, 4, 6, 12, 5, 3, 1, 7, 9, 11, 10, 13], "R": [[0.6521623982564106, 0.6367493865753495, 0.41138111891087503], [-0.7375396499208882, 0.4074777392017626, 0.5385138409081003], [0.1752697095764734, -0.6546083644064875, 0.7353695792960451]], "T": [-0.08887028352054568, -0.053934706512133196, -0.05879885875174771], "aligned_model": [[-0.4442175659197566, -0.3165120927495559, 0.5380480738961423, 0.2934247744943389, -0.30790576095471556, 0.5965183484286476, 0.29539918209973326, -0.7148914333067857, -0.5675408789150148, 0.10699798137604019, -0.24136225451979312, -0.13203875859575362, 0.2701908708405535, -0.08285995325131303], [-0.25554461193740374, -0.6053067485522421, -0.4516372092094313, -0.2361208382383581, 0.59198017395642, 0.19705557657515124, 0.701802570351162, 0.2342058352987789, -0.35173497173805024, -0.6630641565554832, 0.21971370295772893, 0.6185640780427937, -0.0005932370483054394, 0.04694466256230001], [-0.5745642338616455, -0.06394516571363004, -0.03976243873139748, -0.627764439975297, -0.5510454370482022, -0.11313505457691617, -0.3880677071224727, -0.03542895042690163, 0.4636989240487386, 0.4392239708304864, 0.6883083525902779, 0.1546057303811317, 0.37312483825866605, -0.07078926236982677]], "inverted": false, "swapped": false, "error_lsq": 0.04615904705248338, "error_max": 0.3362122968230954, "target": "848.xyz", "model": "14.xyz", "model_rescale": 3.9786697098870705, "target_rescale": 3.9837067180869674},
{"mapping": [0, 1, 4, 6, 7, 10, 9, 12, 11, 3, 8, 13], "R": [[0.30434323494375964, 0.9431237116669539, -0.13376419489353653], [-0.5255740234563274, 0.2833733116070956, 0.8021667608027372], [0.7944476957055734, -0.17383104084246978, 0.5819240741090956]], "T": [0.07753018192212084, -0.06087757877548865, 0.12408736738250391], "aligned_model": [[-0.051571042832738126, -0.6260246415116554, 0.6524650442174549, 0.6088847023248827, 0.016541643145858383, 0.23181533330545329, -0.5611668620674113, 0.038680481584159335, 0.6709635411410214, -0.07018137998349923, -0.5176244635187524, 0.09057224096256265], [-0.41445629678707213, -0.14548097628798617, -0.005549277321338794, -0.512090891759994, 0.3736882615415942, 0.693087782461802, -0.12574243244146843, 0.16146937618324825, 0.1897430453039688, -0.675545190739524, 0.5794617465735252, -0.10391065650231587], [-0.5131704942898757, -0.18328435407940952, -0.5842770732318622, -0.0610381470397222, -0.4407871126875774, 0.2152118705374798, 0.47096268878978675, 0.5346888872720177, 0.05292963394661772, 0.07043265760411872, 0.09259271802470868, 0.005705219027547323]], "inverted": false, "swapped": true, "error_lsq": 0.052512644354006606, "error_max": 0.29792009682343423, "target": "848.xyz", "model": "15.xyz", "model_rescale": 3.769337070930944, "target_rescale": 3.9837067180869674},
{"mapping": [0, 1, 6, 3, 4, 7, 11, 8, 5, 2, 13], "R": [[0.3550008135248649, -0.7307336504086195, -0.5830975514930394], [-0.6827341322079878, -0.6287283254360909, 0.37225635993564277], [-0.6386301958997007, 0.26594929019424474, -0.7220958717028422]], "T": [0.027461055201085598, 0.020243679341337237, 0.13792442458707563], "aligned_model": [[-0.29762418681552144, -0.37796224994189487, -0.0809585359666162, -0.5725850228827994, 0.4137867947228495, 0.41049855264837193, 0.546881278828329, 0.28179825363051864, 0.11457302318569382, -0.5209918172483059, 0.005210040530545648], [-0.058055070145411905, -0.6041552826355713, 0.648365644432056, 0.17758699409755596, 0.3293902290119535, -0.36218975766950107, 0.38946748226569683, -0.7996803541630901, 0.6103433628201904, 0.2386572847915625, 0.026333964819901017], [-0.5223569620799943, -0.06794538750578774, -0.19958190939585632, 0.004877094372432722, -0.6305626158768318, -0.32970490669187447, 0.01996813303534775, 0.30606896149907326, 0.4610961589589493, 0.6889499764207647, 0.013409064487554231]], "inverted": true, "swapped": true, "error_lsq": 0.039792755488067474, "error_max": 0.2626296188193268, "target": "848.xyz", "model": "16.xyz", "model_rescale": 3.7852294659196426, "target_rescale": 3.9837067180869674},
{"mapping": [11, 7, 0, 4, 10, 8, 9, 1, 6, 5, 12, 3, 13], "R": [[0.6031717866116895, 0.1338717407864533, -0.7862964789788054], [0.71253032180965, -0.5334635415253175, 0.4557600140041931], [-0.35844711790932127, -0.8351616651176408, -0.41715783197781464]], "T": [0.028418919572317503, 0.17490579492538802, -0.012977726404371077], "aligned_model": [[0.04679644103726155, -0.3913363777412891, 0.2975826553829171, 0.21784942188463063, -0.593671994791399, -0.8011140213682575, -0.1782012865380913, -0.18608141707967144, 0.6597612337092551, 0.3732371087966759, -0.19067540257341506, 0.5264407793649634, 0.0731787101327023], [-0.13701936792888306, -0.3954284979071515, -0.31250973346795796, -0.6881280270727655, 0.08485303612238168, 0.24996782212430332, 0.7275837955679493, 0.1487276603206002, -0.10843548308410375, 0.4303541226614871, 0.5322098818088906, 0.2750025956829246, 0.06787781887519898], [-0.5807824741466563, 0.08789117099900695, 0.47462826651685047, -0.2468157139774426, -0.46625991649833415, 0.25437262142357103, 0.41634612557233225, 0.7285941247650531, -0.21626850045267926, -0.5384229371940252, -0.22243546254987417, 0.3671126105503462, 0.03779478213502571]], "inverted": false, "swapped": true, "error_lsq": 0.039580459408874454, "error_max": 0.2471259039589728, "target": "848.xyz", "model": "17.xyz", "model_rescale": 3.901054581598922, "target_rescale": 3.9837067180869674},
{"mapping": [9, 5, 4, 10, 12, 6, 11, 13, 2, 8, 0, 7, 1, 14], "R": [[-0.22113041367503758, 0.9565036551775522, -0.19026848866769622], [-0.9555493794937416, -0.17349046210514843, 0.2383829752890666], [0.19500441917308545, 0.23452466222238666, 0.9523504918423906]], "T": [-0.06051541611175076, -0.014021906761885344, 0.0032436623194541103], "aligned_model": [[-0.32474953207848556, -0.40910963692092295, 0.5870338188223878, 0.34031054196705773, -0.387248177304015, 0.5435478047846957, 0.15485281165067516, -0.7654224054217158, -0.6783489172789827, 0.009301016692702536, -0.18396788390161958, 0.08431515657029293, 0.4044198536410443, -0.08168391830034646], [-0.12136918785479124, -0.5016460697332032, -0.46481934319245877, -0.3639109180874533, 0.6000069477703186, 0.41698529707231125, 0.43441067177044407, -0.03904439958983537, -0.32840492524743065, -0.5900436061570666, 0.24588643875044178, 0.6047710281981336, 0.13739766132605227, 0.016045231439598517], [-0.5907651882337448, -0.1722293894594102, 0.05834020988500624, -0.6207515133130845, -0.25788728690479906, -0.11106364572941543, -0.6206599663829233, -0.16991005428869332, 0.45400211705043925, 0.32533513950601606, 0.7051778890309897, 0.19244311437310424, 0.49982483269927663, -0.03739713194975006]], "inverted": true, "swapped": false, "error_lsq": 0.04758854591241907, "error_max": 0.29188130270465246, "target": "848.xyz", "model": "18.xyz", "model_rescale": 3.9405287249114394, "target_rescale": 3.9837067180869674},
{"mapping": [14, 11, 7, 13, 3, 4, 12, 10, 5, 9, 6, 1, 8, 15], "R": [[0.9546655923154896, -0.2956439870843674, 0.034759743235159776], [0.2907334101696701, 0.9510875220574013, 0.10443471452456386], [-0.06393505345293936, -0.08959440991251168, 0.993924117149996]], "T": [0.012114568275639274, 0.06370719157804298, -0.04848061980785223], "aligned_model": [[-0.33166314697951227, -0.40435502770572346, 0.5476675431338928, 0.14289566226116227, -0.4519482982160267, 0.7179516691763256, 0.178483878768754, -0.7531868636731096, -0.3329406364036945, 0.08002880351734179, -0.16298944044707112, -0.15366106317736053, 0.2429474662715048, -0.025980013603715123], [-0.03431138481492303, -0.5058646294210863, -0.36023707007586836, -0.3976145317400041, 0.6571519848355921, 0.25415551111955625, 0.38835669401653905, 0.026867872854021785, -0.3161339827231075, -0.6701364363364278, 0.30756835762166423, 0.6750589435172666, -0.043062335923688785, 0.06446583353552626], [-0.7354654837255589, -0.19461144559992347, 0.12204745140782103, -0.5190211796141075, -0.4458438392595376, -0.06220844527317783, -0.4572140479757419, -0.22415252934284516, 0.6056755013039921, 0.16569462007154598, 0.6357370161949787, 0.13668660028425791, 0.6639719026354642, -0.03683699482415621]], "inverted": true, "swapped": false, "error_lsq": 0.04516660856451001, "error_max": 0.29267332136255847, "target": "848.xyz", "model": "19.xyz", "model_rescale": 4.410303926677745, "target_rescale": 3.9837067180869674},
{"mapping": [11, 10, 8, 9, 4, 7, 12, 6, 3, 5, 0, 2, 1, 13], "R": [[-0.7696211375415908, 0.6076438297928055, -0.19609253112732353], [-0.5688552773206195, -0.5130597345428558, 0.642785642539794], [0.28997754760268823, 0.6062496885818143, 0.7405230158346088]], "T": [-0.08588726908808851, 0.041714070763286405, 0.021036282419143792], "aligned_model": [[-0.460785620437212, -0.23052230396915457, 0.5358309626616726, 0.15261826373664739, -0.39283654638160553, 0.5614595441524034, 0.29421753988910687, -0.6526906387342295, -0.5842477371011306, 0.07898383731515297, -0.34821482344020926, -0.03555499803836924, 0.41604228618342276, -0.04104923291372714], [0.0025137654466560813, -0.7269192185857889, -0.3967359806150288, -0.29618786826656934, 0.5678820683563688, 0.3378898035552624, 0.2820800129892792, 0.13293385811440353, -0.23049252742580004, -0.7243796455190336, 0.29678210289891477, 0.6790874170643848, 0.14142098399802924, -0.01960994554601804], [-0.7172373028542781, -0.230792203254351, -0.08980402687122249, -0.5292310318931519, -0.33113239093457175, 0.012364278369980358, -0.5859394051489746, -0.06214252336655966, 0.4721494694648716, 0.3125644270544365, 0.6368965959098221, 0.19375167741915444, 0.5698943188643956, 0.0031172435234604057]], "inverted": true, "swapped": false, "error_lsq": 0.042900174732750596, "error_max": 0.322854869644924, "target": "848.xyz", "model": "20.xyz", "model_rescale": 4.121658175737393, "target_rescale": 3.9837067180869674},
{"mapping": [8, 7, 0, 1, 3, 10, 4, 12, 11, 5, 6, 2, 13], "R": [[-0.23927913975475787, 0.9457687557320307, 0.2196974145485332], [-0.003248047908842755, -0.22704880025338253, 0.9738779659116854], [0.9709453864471499, 0.23231509418155888, 0.057399943836283496]], "T": [0.12600375300209227, -0.09132811793704243, -0.022493090666717556], "aligned_model": [[0.22390608051464647, -0.20156108207518686, 0.28506742568155097, 0.6602051882743052, 0.5808600555115857, -0.4049510700371047, -0.5201493492719953, 0.12301196521104629, -0.5016513025879574, -0.07958757916679385, -0.07841021469012685, 0.6809419169686819, 0.11340087033164295], [-0.7380152985777751, -0.08369920164446, 0.5028114564513972, -0.08800428095348875, 0.33172769436721766, -0.6348272087016795, 0.49506930522024595, -0.5123641385027597, -0.023499423183389198, -0.07307585332956576, 0.5281749873920663, -0.1790271101990911, 0.015555975824465051], [0.5584081411954788, 0.6133475561340328, 0.3891858285244638, 0.5353978290145983, -0.15150212268597368, 0.130042358287698, 0.2495652267715201, -0.2280673943219873, -0.1690730055111653, -0.6687478084666271, -0.3301184611368918, -0.6025678583018804, 0.04423944997852273]], "inverted": true, "swapped": true, "error_lsq": 0.04750838709131064, "error_max": 0.3311856897636915, "target": "848.xyz", "model": "21.xyz", "model_rescale": 4.08911054899281, "target_rescale": 3.9837067180869674},
{"mapping": [14, 9, 11, 15, 4, 1, 2, 13, 10, 5, 6, 0, 8, 16], "R": [[0.9393447161142707, 0.03932978027221862, -0.3407120084351875], [0.09469464344095421, 0.9250486826289719, 0.36785575878324117], [0.3296428807236565, -0.37780696546006487, 0.8652152726565028]], "T": [-0.13022144554479193, -0.0007003047460309255, -0.05135906382295339], "aligned_model": [[-0.3649222876585805, -0.33648889377027935, 0.5423358888825924, 0.30720420915701946, -0.25803269975116816, 0.5797919355900842, 0.18448507252523444, -0.6999650223186542, -0.5741760386260455, -0.023627125373844343, -0.1324808831466843, -0.15006072734876091, 0.37226392671246983, -0.15307682195061575], [-0.2745414328677715, -0.6814355314934947, -0.36397622416950554, -0.21736664105114992, 0.6156267199792046, 0.3538165427792929, 0.3798878624204897, 0.2951114917207443, -0.4080493965663589, -0.5803264407138495, 0.2134559403458536, 0.713793910155793, -0.04071753874190131, 0.04098556466771416], [-0.5821595321791471, -0.09137034260960938, -0.011480892683743117, -0.5928583835039498, -0.35152146613092233, -0.037316816988252156, -0.5780148184391176, -0.20825904414246632, 0.4853964167174406, 0.33645564368370773, 0.6625709931022585, 0.24727753465185384, 0.424738709445179, -0.04899887464022024]], "inverted": true, "swapped": false, "error_lsq": 0.04511896891066384, "error_max": 0.2703564253434196, "target": "848.xyz", "model": "22.xyz", "model_rescale": 4.204369325754507, "target_rescale": 3.9837067180869674},
{"mapping": [14, 11, 7, 13, 3, 4, 12, 10, 5, 9, 6, 1, 8, 15], "R": [[0.9546655923154896, -0.2956439870843674, 0.034759743235159776], [0.2907334101696701, 0.9510875220574013, 0.10443471452456386], [-0.06393505345293936, -0.08959440991251168, 0.993924117149996]], "T": [0.012114568275639274, 0.06370719157804298, -0.04848061980785223], "aligned_model": [[-0.33166314697951227, -0.40435502770572346, 0.5476675431338928, 0.14289566226116227, -0.4519482982160267, 0.7179516691763256, 0.178483878768754, -0.7531868636731096, -0.3329406364036945, 0.08002880351734179, -0.16298944044707112, -0.15366106317736053, 0.2429474662715048, -0.025980013603715123], [-0.03431138481492303, -0.5058646294210863, -0.36023707007586836, -0.3976145317400041, 0.6571519848355921, 0.25415551111955625, 0.38835669401653905, 0.026867872854021785, -0.3161339827231075, -0.6701364363364278, 0.30756835762166423, 0.6750589435172666, -0.043062335923688785, 0.06446583353552626], [-0.7354654837255589, -0.19461144559992347, 0.12204745140782103, -0.5190211796141075, -0.4458438392595376, -0.06220844527317783, -0.4572140479757419, -0.22415252934284516, 0.6056755013039921, 0.16569462007154598, 0.6357370161949787, 0.13668660028425791, 0.6639719026354642, -0.03683699482415621]], "inverted": true, "swapped": false, "error_lsq": 0.04516660856451001, "error_max": 0.29267332136255847, "target": "848.xyz", "model": "23.xyz", "model_rescale": 4.410303926677745, "target_rescale": 3.9837067180869674},
{"mapping": [11, 9, 6, 14, 1, 12, 7, 10, 8, 15, 4, 0, 5, 16], "R": [[-0.6178014283990456, 0.7862141100144044, -0.01373929701101878], [-0.09435452357100085, -0.09146682467615369, -0.9913279194420741], [-0.7806526877874618, -0.6111474398194923, 0.13069119271126045]], "T": [-0.04077519211745447, 0.023523156753169017, -0.07029814846848395], "aligned_model": [[-0.33179367828245454, -0.3965328040880704, 0.6358561876295022, 0.13904558832400904, -0.48282467111216265, 0.6741019343840963, 0.14140026701558728, -0.6896544315207953, -0.5736453612922741, 0.09104948703452923, -0.3098891173799599, 0.20873890033178247, 0.284899401904409, -0.09750117002543038], [-0.1057246476431288, -0.4903255652126421, -0.3145727845724174, -0.5328048893552035, 0.6617011335378868, 0.3601476749952319, 0.4475182614295276, -0.000808236228456008, -0.33229598231819907, -0.6225683699089861, 0.12999724288013212, 0.717513446482273, 0.003539866205111708, 0.12494767617393057], [-0.6174039265221712, -0.11291265406753198, 0.005591245788504978, -0.4113459193881879, -0.4358887359263788, 0.07738550840282446, -0.548807448255277, -0.023955271318586963, 0.44462785624341983, 0.20265273351688642, 0.5543019933857947, 0.0925085053178871, 0.46741809671618484, -0.03971285761035654]], "inverted": false, "swapped": false, "error_lsq": 0.040640804593922386, "error_max": 0.2650626766629752, "target": "848.xyz", "model": "24.xyz", "model_rescale": 4.28219845311461, "target_rescale": 3.9837067180869674},
{"mapping": [13, 4, 6, 2, 12, 10, 14, 9, 3, 0, 5, 11, 8, 15], "R": [[0.6942556254026986, -0.7196964413896033, 0.006794030309735244], [0.19307612680415823, 0.1771407026390075, -0.96506102435383], [0.6933474856484394, 0.6713108100721308, 0.26193713067315805]], "T": [-0.16747213995583418, -0.028450906570270742, -0.03520122576785216], "aligned_model": [[-0.39501593112461997, -0.41951764317636386, 0.7056461283518711, 0.16162127548012187, -0.2922207761644591, 0.47228330621900594, 0.34885648043242456, -0.7178731643024975, -0.6834638533392702, 0.2332783090298349, -0.19107381262015807, -0.08446767974173856, 0.29032669364428976, -0.13512879976567352], [-0.02107783752571848, -0.7122496177641355, -0.24487046596961165, -0.3527935162027963, 0.5740963127443681, 0.4232260263695829, 0.30174410413940433, 0.33684688557271236, -0.3549805737001551, -0.7367823161774855, 0.35170346040121503, 0.5087964533473626, 0.06767341989001191, -0.09506750865969359], [-0.5839141907052636, -0.0947071910287526, 0.01979149027501108, -0.5404530638460325, -0.48884704189901523, 0.09288365299446107, -0.487440803386866, 0.10794177731813677, 0.4414288960913288, 0.021542618281058926, 0.7265115148595426, -0.00433692446855051, 0.4777572508613454, -0.03369885906339243]], "inverted": true, "swapped": false, "error_lsq": 0.04284120431819983, "error_max": 0.2504061913254828, "target": "848.xyz", "model": "25.xyz", "model_rescale": 4.100010024507729, "target_rescale": 3.9837067180869674},
{"mapping": [5, 12, 9, 8, 6, 0, 3, 7, 10, 4, 11, 13], "R": [[-0.8062490754223898, -0.5418775783744014, 0.23734177558035657], [-0.3991940875733028, 0.20225986396290135, -0.8942790548124377], [0.43658505337111597, -0.8157570946579644, -0.37938615379074764]], "T": [-0.02370449100444487, -0.009891844836450052, 0.06785783228133022], "aligned_model": [[-0.6636518846471254, -0.058288580563514686, 0.3082307383895791, 0.7531680854731495, -0.5747566600769178, 0.17533705559712082, -0.16848052153969612, 0.45510579345895547, 0.16475213496000385, -0.16221140334825956, -0.3469601721623786, -0.005478983177909482], [-0.22790070533263154, -0.4756715905653018, -0.4040466217978716, -0.3831294498792885, 0.45518720584299094, 0.6810530696512686, 0.2857797588794015, 0.27589555521803855, -0.39973908525326685, 0.691984538491748, 0.0514597382215022, 0.11525897657405035], [0.011416965703860193, 0.030518242708234, 0.5845055528115864, -0.08180213770197081, 0.05218875966586081, 0.24324371026809835, 0.6101972189555077, -0.38015614420732147, -0.5748509495380766, -0.5009803479688805, -0.4905139255386203, 0.06142534469607926]], "inverted": false, "swapped": true, "error_lsq": 0.04591607289255382, "error_max": 0.23534085699241494, "target": "848.xyz", "model": "26.xyz", "model_rescale": 3.6694154284099745, "target_rescale": 3.9837067180869674},
{"mapping": [12, 2, 1, 6, 9, 7, 3, 10, 4, 0, 8, 9, 5, 13], "R": [[-0.36057617950764526, 0.05110384308435717, 0.9313287368022529], [-0.6368640413698053, -0.7430009422625965, -0.20580037076500357], [0.6814609391460302, -0.6673364945954204, 0.3004546411678595]], "T": [-0.09432362496691973, 0.0007639762371586078, 0.010693531911707084], "aligned_model": [[-0.23260326629485953, -0.41766923163088476, 0.6660261363541559, 0.2051936148863925, -0.29872191663320474, 0.38960674830642716, 0.35624153430269023, -0.6681479554048768, -0.5422344899674999, 0.026594163533285253, -0.23675234157575695, -0.29872191663320474, 0.4654693400032549, -0.12102988632315045], [0.01849123149748914, -0.548612820258847, -0.44394114314155353, -0.35089709807957087, 0.6072711614283341, 0.39836395947168746, 0.40832452554163545, 0.11132727310240527, -0.33327809765098404, -0.5938061555871762, 0.366044917493655, 0.6072711614283341, -0.15380171365886086, -0.04649237512148719], [-0.7705217384028209, -0.22544710484144032, -0.05056208785577187, -0.49706068387133173, -0.2243254208255867, 0.07277550895710408, -0.5219570629781577, 0.15349449506095997, 0.6134557735757541, 0.2729883848916204, 0.51531327693758, -0.2243254208255867, 0.5480200467962962, -0.007388840335607806]], "inverted": true, "swapped": false, "error_lsq": 0.052471204526795864, "error_max": 0.4228179963134832, "target": "848.xyz", "model": "27.xyz", "model_rescale": 4.103607728864725, "target_rescale": 3.9837067180869674},
