[{"mapping": [12, 1, 8, 14, 11, 5, 0, 4, 10, 6, 7, 15], "R": [[0.9065953817503518, 0.40033237418317646, 0.13348709289588667], [0.281557818236125, -0.8094393763378087, 0.5152990306840992], [0.3143405935908486, -0.4295833868001884, -0.8465507102390457]], "T": [-0.08095430875124472, -0.16009173803962215, -0.031565089829963096], "aligned_model": [[-0.2780945393127465, 0.30113636306815267, 0.41518411404994954, -0.280291707806358, -0.07742720576241603, -0.6036146058024077, 0.2616796524560305, -0.3017935390336196, 0.5859105971265894, 0.24730335388731678, -0.3394963560855288, -0.09285366432441343], [-0.36983322203102614, -0.527403325289786, -0.29063262241450993, 0.5864692154217718, 0.45769881240324684, -0.6705400472165891, -0.2372301481307394, -0.507461543459464, 0.028042140705660606, 0.38259867872708286, 0.2747266715749692, -0.07287957431355949], [-0.6525211576388921, 0.011355572860515258, -0.49465591631192474, -0.02590269630867726, -0.5823735999105173, -0.08482563319903452, 0.6455546860199424, 0.6495831415800349, -0.09240425037623001, 0.37852738752321985, 0.48210163504621617, -0.05248742393108996]], "inverted": true, "swapped": true, "error_lsq": 0.04599665384934729, "error_max": 0.2719979018900298, "target": "849.xyz", "model": "0.xyz", "model_rescale": 3.751011558992144, "target_rescale": 4.200037185113339},
{"mapping": [4, 7, 5, 2, 14, 12, 6, 0, 13, 8, 11, 10, 1, 9, 15], "R": [[0.9160844188778097, 0.05456383466531865, -0.39725574311257195], [-0.13209362318660334, 0.9764647854985156, -0.17049280745759873], [0.37860350262872855, 0.20866075488206678, 0.9017317101939494]], "T": [0.023535204125889587, 0.02015304185319987, 0.00027612223644350384], "aligned_model": [[0.25311167967326126, 0.12943427650642383, -0.43086865567860655, 0.03329204716113269, -0.12563650859564132, -0.5090283555452175, 0.537230435744455, 0.7035421100711028, -0.6825978204031371, 0.14069826221720336, -0.2989855634366548, 0.5217333149553451, 0.35141298148291267, -0.0864951584860571, 0.0022431654225119925], [0.06759657931770788, -0.6047763039249605, 0.37447449711601366, 0.5910364264152083, -0.7145833687255477, 0.3598238073011485, -0.5249689620779682, -0.03854253293421611, -0.1473307854184719, 0.4095383305200304, -0.3700968629583872, 0.03284100818618168, 0.43772171969456786, 0.7320382878689353, -0.05601449055313601], [-0.7602778949971781, -0.34325443401555755, -0.4519863971816714, -0.5289297546258527, 0.18744162570654366, 0.2637946695380128, 0.09723503804844526, -0.3402895746535882, -0.03582780856406452, 0.5591135632095062, 0.6550684448354273, 0.4855000090716513, 0.03003900695303822, -0.01217316923000904, 0.04421308075727291]], "inverted": true, "swapped": true, "error_lsq": 0.03826250239315407, "error_max": 0.21842008518589845, "target": "849.xyz", "model": "1.xyz", "model_rescale": 3.9405287249114394, "target_rescale": 4.200037185113339},
{"mapping": [11, 10, 8, 7, 0, 12, 14, 6, 4, 5, 3, 13, 15], "R": [[0.7150181330853537, -0.5560072934932736, -0.42379825264082954], [0.47225168807543916, -0.06284730562211939, 0.8792204270181273], [-0.5154875483161875, -0.8287979885100621, 0.21763841979908202]], "T": [-0.10229362999864162, -0.04741457978735247, -0.11267550094124326], "aligned_model": [[-0.2864670361990162, 0.17525547639057704, -0.35654080612858674, 0.41298560917152544, 0.5476110908405487, -0.7765290185742942, 0.15204663989248485, 0.5910878438101568, 0.22595378496838242, -0.5600127825105494, 0.016143888618934052, -0.5594220189991235, -0.08612939199710778], [0.6612228969370417, 0.45401698457249656, 0.39104095064957883, -0.19721437940878295, -0.30344116741333654, 0.06965644936822091, 0.32112358730354557, 0.23574712723949698, -0.7710438089656448, -0.6141848877140956, -0.7093110149903528, -0.09262094442440766, 0.01384080041825684], [0.2733046831089131, -0.5068042137817984, -0.5825291929603639, 0.3687929502974435, -0.4191290810974041, -0.10070830886543103, 0.5170953820825939, -0.015292745971987487, -0.1575423455862086, -0.036304410785290175, 0.3699999077195901, 0.4503237842389882, -0.048086058810400734]], "inverted": true, "swapped": true, "error_lsq": 0.04301211763271513, "error_max": 0.2758524856815814, "target": "849.xyz", "model": "2.xyz", "model_rescale": 3.932901565614263, "target_rescale": 4.200037185113339},
{"mapping": [5, 13, 3, 12, 4, 0, 7, 1, 8, 10, 14, 11, 6, 15], "R": [[0.1717074830775457, 0.884966883053534, -0.43283964253945983], [0.3652378855635891, -0.4652396807091784, -0.8063208582460587], [-0.9149414337563981, -0.019638110706854728, -0.40310856776264675]], "T": [-0.0503013018374978, -0.04251411917840788, 0.015955767941813314], "aligned_model": [[-0.266647920083701, 0.3645003376680196, 0.1788907948838831, -0.12306465180262753, -0.28736008003248914, -0.3012021250060814, 0.4333734831339756, -0.5520816605320708, -0.3723266341847117, -0.18175954797896865, 0.704808829098837, 0.5207276933669515, 0.2683224050249044, 0.03362898849678256], [0.06269300620875787, 0.31610475555884765, -0.4908099903763178, 0.5974889446365986, -0.6913672827425422, -0.7256069483920108, -0.5729401470211245, -0.0760663737613593, 0.40917654134826614, -0.01870107794008418, -0.08845993627308876, 0.46716299143982065, -0.498397025854209, -0.026780818481065775], [-0.675921063204023, -0.4608149076382244, -0.6410158307928617, -0.21543950420250382, -0.37925476875427677, 0.2445876120521276, -0.050913322035418165, 0.18870988437951086, 0.42817246236893647, 0.6985656353386761, 0.17349430495560736, 0.3309521949006098, 0.526926931843562, 0.045846733845374556]], "inverted": false, "swapped": true, "error_lsq": 0.03797588593150818, "error_max": 0.22101643054207745, "target": "849.xyz", "model": "3.xyz", "model_rescale": 3.9243930471874484, "target_rescale": 4.200037185113339},
{"mapping": [4, 2, 3, 7, 13, 0, 6, 5, 12, 8, 11, 10, 15], "R": [[0.8038107704583866, 0.5584464376249663, -0.20500200389040174], [0.3842095218639229, -0.7504401694639402, -0.5377941942453721], [-0.4541709904916775, 0.3535210437285423, -0.8177723295862311]], "T": [-0.02233017473313982, -0.008555937461386012, -0.038816539144885864], "aligned_model": [[-0.06007769252755869, -0.17635917279440005, 0.4897438199102503, 0.2651746598464184, 0.6645801380595979, -0.4909602282482437, -0.22253358137014934, 0.3018820457432246, 0.20620746096799836, -0.4381968100636874, 0.28173457584100076, -0.565460845043238, 0.021471515990139488], [-0.47347130224414496, 0.1187615756487883, -0.42727692863318595, -0.6668837502515835, 0.22814404160692664, -0.5748831155855195, -0.6071117194434558, 0.2506327813965155, 0.6365821885102022, 0.47658794267898635, 0.21549148557800024, -0.020458940311726334, -0.028284705268216047], [-0.683663411659108, -0.791230795703243, -0.53637341271684, 0.022093269792938214, -0.028544410087586874, -0.24252946654859153, 0.3760224577440181, -0.6423690157745392, -0.04190623937092158, 0.2245040408065765, 0.697671749381723, 0.39554731290868955, 0.03784823659784893]], "inverted": false, "swapped": true, "error_lsq": 0.040541699215130005, "error_max": 0.19795009684469028, "target": "849.xyz", "model": "4.xyz", "model_rescale": 3.8936222436046832, "target_rescale": 4.200037185113339},
{"mapping": [8, 11, 10, 1, 6, 14, 13, 3, 2, 12, 0, 15], "R": [[-0.3109404633595491, 0.7802815817873313, -0.5426570568685247], [0.4072075168596022, -0.4065291511744939, -0.817872904220688], [-0.8587770761139273, -0.47528381244137274, -0.1913301627355405]], "T": [-0.018276729199168354, -0.01261856522366265, -0.0016519255223449852], "aligned_model": [[0.07903552040220398, -0.6500234047696235, -0.23577178331299908, 0.3336842902352738, -0.5632270088858202, -0.755404126790315, -0.13336834217922516, 0.08491609968203913, 0.7277889375442844, 0.18305516649766967, 0.062298283072985836, -0.10543558928137668], [-0.42805579879033384, -0.5465815123046345, -0.00411282818915313, 0.059068513004891125, 0.4394335318506734, -0.009748554556006296, -0.4135321336408526, 0.3968484922109857, 0.16984667216521362, -0.6543182482025837, 0.6927268063763171, -0.03265203481470966], [-0.5453334514994305, -0.03076083308409723, -0.6622789885107557, -0.393745881761337, -0.26455859282684246, 0.23020078926638515, 0.5933274067472475, 0.7102454377400392, 0.12544784989778834, 0.12534879652818354, -0.2806414068488442, 0.012033593627181786]], "inverted": true, "swapped": true, "error_lsq": 0.043676278108351035, "error_max": 0.19872454396108524, "target": "849.xyz", "model": "5.xyz", "model_rescale": 3.6523030999806103, "target_rescale": 4.200037185113339},
{"mapping": [11, 10, 1, 12, 9, 14, 0, 13, 7, 3, 4, 5, 15], "R": [[0.5500711585068494, -0.7957835996110254, -0.2532788644341484], [-0.4207663235783515, -0.526071226122417, 0.7390566730558724], [-0.7213719023647167, -0.29996254372200537, -0.6242155483825547]], "T": [0.07871778213375666, -0.008951731550104116, 0.12564172067076768], "aligned_model": [[0.06684584065151039, -0.10025269375065701, 0.23706753026929314, 0.7005605255355033, 0.7122979740007925, -0.39532393072724137, -0.4135852146701924, 0.3331309316801013, -0.5486876399313653, -0.1302068811568388, -0.153433997272086, 0.5352570554317745, 0.03741340460370071], [-0.7253542445885964, 0.15825538405799358, 0.4551868224230754, -0.2921816929621146, 0.33394203971043246, -0.6180697892029912, 0.5733687713872124, -0.5922053226110625, -0.16252633163178412, -0.043189011431311125, 0.4834562226004681, 0.05611448612463682, -0.0859704297127757], [0.540001607444007, 0.776653173512343, 0.3311995638354619, 0.16481556652008533, 0.13214334768822708, 0.16279498303920606, 0.10614434321425792, -0.22516787497868346, -0.19457980015134163, -0.6745383719408129, -0.45490855149353643, -0.4434858811807186, 0.14903763397329414]], "inverted": false, "swapped": true, "error_lsq": 0.049301105059203855, "error_max": 0.2718773185460719, "target": "849.xyz", "model": "6.xyz", "model_rescale": 4.08911054899281, "target_rescale": 4.200037185113339},
{"mapping": [9, 5, 2, 8, 10, 6, 1, 0, 11, 12, 14, 13, 7, 3, 15], "R": [[-0.28275664140881057, -0.00499873307199411, -0.9591786561464367], [0.6698825687792199, -0.7167442319677393, -0.19373964485032286], [-0.6865173164494563, -0.6973182333831882, 0.20601275593124446]], "T": [-0.0033430898873551976, -0.03764277784607267, -0.05503221095841939], "aligned_model": [[0.13490662736930142, 0.4508460850080475, 0.6246657358945633, -0.4565181394622938, -0.41233814876200864, -0.14199500525345624, 0.08945656327480732, 0.39931118400348004, -0.7562202502486881, -0.2580079598808298, -0.34762824051613295, -0.08700344029652195, 0.22132244135142654, 0.6391516604422838, -0.06361557312442402], [-0.6461602573049166, -0.5693815663101514, -0.4251102775996422, -0.2948980925026467, 0.2430869611824743, 0.7019413029178703, -0.1415274140990711, 0.47379001375455937, 0.0007419571735750308, -0.6597995448801715, 0.40691676204508387, -0.36864988632181117, 0.5276481255936676, 0.04924767126233735, 0.0029130612579559984], [-0.41508187686706505, 0.16299072862773975, -0.30309620720800307, -0.5090139817031045, -0.5425959687586219, -0.12009260873531324, -0.5682080810351287, -0.452707445193629, 0.2866843572276787, 0.07345498679439291, 0.47501992717887365, 0.5863829544806838, 0.33192532855472223, 0.4595165549804605, -0.0011086362616058026]], "inverted": true, "swapped": true, "error_lsq": 0.04142784498573972, "error_max": 0.29005005030684844, "target": "849.xyz", "model": "7.xyz", "model_rescale": 3.964800864290218, "target_rescale": 4.200037185113339},
{"mapping": [6, 10, 0, 14, 4, 11, 7, 1, 12, 5, 13, 3, 2, 15], "R": [[0.20303368218724427, 0.8791964022088326, -0.43103481325820286], [-0.2402158860189185, -0.38202746419346945, -0.8923851997349874], [-0.9492489936795483, 0.28472566260341226, 0.13363249998938442]], "T": [0.07965048899699986, -0.12868874031817618, 0.07267371469395546], "aligned_model": [[-0.21807549038191312, 0.23072408745684506, 0.3457724122088799, -0.6698810829536077, 0.31324004351315293, -0.4883241617009394, -0.3990148078350495, 0.5866581322360978, 0.13749309658136194, 0.2742986420341038, -0.35344193460956996, -0.16297805728656145, 0.6682783671710189, -0.0035613569729464334], [-0.061785616099089474, -0.5477568312726246, 0.2918361120202355, -0.18920453940527543, 0.6302256845158529, -0.7301615907934134, 0.336616813185436, -0.19945774605882036, -0.5104648515168415, 0.193781968398262, -0.1420116987955451, 0.6182908044835276, 0.2805936944990504, -0.1595537369795524], [-0.6182134213026669, -0.4615203188475654, -0.5054071854253682, -0.10526160868432698, 0.01897570447124121, 0.09918457576831122, -0.1996033855402904, -0.0711604412949448, 0.6377785124327036, 0.7009194361074524, 0.6559674879671867, 0.3339452880669413, 0.3760991659122324, 0.055111229094114964]], "inverted": true, "swapped": true, "error_lsq": 0.041733102900178995, "error_max": 0.23790159734046099, "target": "849.xyz", "model": "8.xyz", "model_rescale": 4.121658175737393, "target_rescale": 4.200037185113339},
{"mapping": [12, 8, 1, 2, 11, 13, 6, 7, 0, 14, 5, 4, 15], "R": [[-0.6222321021172009, 0.06757939731648321, 0.7799104026445283], [0.6694510327032108, -0.4704857956207372, 0.574872534508065], [0.4057863057169546, 0.8798159700627528, 0.2475102683023948]], "T": [-0.05043544272505669, -0.030460202529951387, -0.10464194691535117], "aligned_model": [[-0.649171331077223, -0.22294952597726836, 0.2161440075163794, 0.20439546579993828, -0.6425500449719614, -0.6491739970808573, 0.36121924958904394, 0.2173654885557682, 0.7103297719743721, -0.2601302852681632, -0.23605681407598716, 0.5164158076189466, -0.08910029616779098], [0.20270762018775634, -0.19753190829078537, 0.10139447236963631, 0.6912502088920536, -0.6077564658864045, 0.13935624152519824, -0.632382767436989, -0.24069128987413066, -0.08322107457026892, -0.5774929901058301, 0.6662893930175724, 0.43006941063976833, -0.1016034110558671], [-0.34041790245304276, -0.7526954222232112, -0.5454400960964936, -0.24696968478111592, -0.07004510356478613, 0.2703949758052204, 0.09200866118068024, 0.5308500632183666, -0.08754998927799408, 0.39924685125684306, 0.024403221678303527, 0.21157126577394664, -0.06428140655762812]], "inverted": false, "swapped": true, "error_lsq": 0.040555526072956774, "error_max": 0.20626428836606409, "target": "849.xyz", "model": "9.xyz", "model_rescale": 3.833441315466971, "target_rescale": 4.200037185113339},
{"mapping": [4, 0, 9, 8, 10, 1, 6, 11, 13, 12, 3, 14, 7, 2, 15], "R": [[-0.3805300795073382, -0.9190263819404265, -0.10289493616125256], [-0.10571719206875035, -0.06730506223574273, 0.9921158722137963], [-0.9187060105883915, 0.38840769546306897, -0.07154528785203113]], "T": [-0.08229147592297037, 0.045850446652126196, 0.08856436737324891], "aligned_model": [[0.12217934892649718, -0.13097807633739245, -0.6281509522383405, -0.6867778895950236, -0.4790821457977394, -0.5587954082200122, 0.14454215260552208, 0.07621906869704842, 0.32482816663517133, -0.2864400326869475, 0.5432841647299216, 0.5003985261624967, 0.5454883525502239, -0.33255403092374963, -0.030316226213144004], [-0.7174745985929823, -0.5638070889757795, -0.06744727275422849, 0.37161226450079093, 0.2044745342023029, -0.18355742369244912, -0.0063254260184452266, 0.8419789468674862, 0.40178425593505396, 0.45574520858352646, -0.3981380394753953, 0.4392666698061366, -0.15723743727573822, -0.5299125971913542, 0.11013954337605378], [0.18303773710795257, -0.36727207338505136, 0.5449012253449079, 0.010316144629128887, -0.46025265644104363, 0.03316311797537288, -0.6299521632596132, -0.07305691166594064, 0.5738919831133809, 0.5972409342346205, 0.39943287475948425, -0.2320861517663671, -0.20197365455926042, 0.5489201708222249, 0.05181133091229627]], "inverted": true, "swapped": true, "error_lsq": 0.0466676974015131, "error_max": 0.30057362837634616, "target": "849.xyz", "model": "10.xyz", "model_rescale": 4.2482417240324, "target_rescale": 4.200037185113339},
{"mapping": [14, 11, 12, 8, 3, 5, 13, 1, 10, 0, 6, 15], "R": [[0.09231742799775097, 0.9935190692633978, 0.06631252896604078], [-0.2948737506351745, 0.09088776062893103, -0.9512039140763684], [-0.9510662246522191, 0.0682588747186039, 0.30135321857900393]], "T": [0.03055735237781436, 0.13488276875955474, -0.047813278461883435], "aligned_model": [[-0.6252086271615295, -0.17734665954069156, 0.37181912218789226, 0.5811373880121443, -0.4699487688554031, 0.17826994729932483, -0.2182902889140491, 0.47169880858202057, 0.24514941348677044, -0.05141755512464881, -0.39842900369796197, -0.03066817391086158], [-0.2727926169537379, -0.6369073514366886, -0.07712602944841715, -0.27016311332969195, 0.7382663203746954, 0.6162123046490162, 0.04106511336201535, 0.2645900534668546, -0.26645164824569834, 0.5181818352558691, -0.057389732607908084, 0.06864625496433079], [-0.017938898837260492, 0.16709030839700326, 0.506293996991156, -0.15002300602352453, 0.21776495695097808, 0.4842307188890804, 0.6283902955500487, -0.3148778826634041, -0.5738223045396074, -0.7021843480348107, -0.6389510060954265, -0.040780540729876226]], "inverted": true, "swapped": true, "error_lsq": 0.04088770222752131, "error_max": 0.23504616496686578, "target": "849.xyz", "model": "11.xyz", "model_rescale": 3.6694154284099745, "target_rescale": 4.200037185113339},
{"mapping": [10, 8, 12, 9, 1, 6, 0, 7, 5, 3, 13, 4, 11, 15], "R": [[0.02527393108210199, -0.6640430704732386, 0.7472670399289204], [0.8473804126646399, -0.382361492020753, -0.3684374107660191], [0.5303844498474307, 0.642531314393421, 0.5530333130869253]], "T": [0.01112153888792676, 0.056179780879587665, -0.05239109752839677], "aligned_model": [[-0.088954172204492, 0.04634785966453035, -0.03285852750572714, 0.5384723743072135, 0.42187798660177, -0.30722889295132677, 0.3617019587032052, -0.2558041549118546, 0.39276977778752487, 0.13530308665847002, -0.3185595502549233, 0.533624345608546, -0.7496643956277873, -0.07876284561933906], [-0.343471618157024, 0.16599569528706254, 0.7039666498478926, 0.4550242472616901, -0.060362782252507144, -0.628517709432198, -0.6128873042032754, -0.3346654063939335, 0.5743988039271575, 0.10369814052474835, 0.6189002409734771, -0.2001603013896864, 0.24186073944111344, 0.04720789270173667], [-0.6128089539325245, -0.7338211687111813, -0.2689092836323256, -0.3385142477074301, -0.36932995369079513, -0.03553373054758528, 0.053826421892196996, 0.4914427533849295, 0.29741115208080826, 0.7645733053476258, 0.26797468997181595, 0.49045256292399897, -0.3203369183950073, -0.04733116933211092]], "inverted": false, "swapped": true, "error_lsq": 0.04479857677931132, "error_max": 0.2755761668981109, "target": "849.xyz", "model": "12.xyz", "model_rescale": 3.9764082729961374, "target_rescale": 4.200037185113339},
{"mapping": [3, 7, 2, 10, 8, 1, 14, 11, 4, 0, 6, 6, 9, 12, 13, 15], "R": [[0.048836203204773054, -0.9824877971140886, -0.1798131079161024], [0.13272255718488013, -0.17204804497057255, 0.9761066504414926], [-0.9899493664177217, -0.07153459822847696, 0.1219961195507547]], "T": [0.08497838161006396, -0.019683689730969765, -0.025748040095690497], "aligned_model": [[-0.5490733893042871, -0.27677422799074747, 0.33736649315017464, 0.5325484636293661, 0.07504989986404234, 0.6428558051458532, -0.506836787781224, -0.10111803377101536, -0.3726239792244692, 0.17194540061147406, -0.37531823207111037, -0.37531823207111037, 0.5174966365370746, 0.6160575464829635, 0.08040243558970234, -0.019353911621550354], [0.09145448768989431, -0.583331476122685, -0.4862262847501029, 0.480560581758945, 0.10471010890105145, -0.04696417419512319, 0.5162730681017814, 0.6301258212965021, -0.503793749644988, -0.74046091201671, 0.18298483677493013, 0.18298483677493013, -0.37087200783017993, 0.2659786507209765, 0.5267394975404408, -0.044449439640776064], [0.5165342707291742, 0.3242089876458774, 0.5699849219704933, 0.41650029453206694, 0.6700108583459061, 0.27649546064082914, -0.061986122092894766, 0.390977795808398, -0.29426480126328547, -0.020761363615088527, -0.600823079979011, -0.600823079979011, -0.2517875297942022, -0.23447150028569425, -0.3012136592155193, -0.01625567508441525]], "inverted": false, "swapped": false, "error_lsq": 0.05480106200109912, "error_max": 0.5532646555841376, "target": "849.xyz", "model": "13.xyz", "model_rescale": 4.170626492500431, "target_rescale": 4.200037185113339},
{"mapping": [7, 14, 3, 13, 4, 9, 5, 6, 0, 11, 10, 12, 1, 15], "R": [[0.9035531479451027, -0.20829179914571572, -0.3744412306986721], [-0.05948479660941945, 0.8044495333839854, -0.5910351150402353], [0.4243268407852977, 0.5563051991909918, 0.7144727129444759]], "T": [-0.018635326182430273, 0.06508071379328409, 0.16008141513636887], "aligned_model": [[0.2587703110614199, 0.020319724018114993, -0.1636239326080031, -0.6553637463023427, 0.22032541026063765, -0.3086511902918424, -0.5312752519181705, 0.6144902954466088, 0.6661345212442309, -0.25441736929078995, 0.43996484991462215, -0.6308446059305864, 0.18853293440470292, -0.021178927916958367], [-0.3367936531526752, -0.6978697340501414, 0.0636477838674542, -0.22898891458289863, 0.45377669869855664, 0.6817643763481216, 0.45532575424521005, -0.344751799948683, 0.2970610607726101, -0.6099748309854137, 3.5904582106574545e-05, 0.14725262752388613, 0.5004173598886098, -0.024828165281077452], [-0.3703030203834756, 0.04384959163255142, -0.6548333887512696, -0.029861068857127998, -0.49200129300670514, 0.39382128754208306, -0.18845418258577545, 0.1196947907440542, -0.08305420792536747, 0.5769440532563377, 0.6789837313362542, 0.45485212797192154, 0.38439499759895135, 0.16983968254843418]], "inverted": true, "swapped": true, "error_lsq": 0.03851922477814711, "error_max": 0.2528955725293892, "target": "849.xyz", "model": "14.xyz", "model_rescale": 3.9786697098870705, "target_rescale": 4.200037185113339},
{"mapping": [3, 14, 5, 4, 13, 9, 6, 10, 1, 0, 11, 15], "R": [[-0.20601018596290677, 0.7822603945661055, -0.5879017591169545], [-0.2797538400712223, 0.5286325168909223, 0.8014271339622674], [0.9377086926359027, 0.32956992760088083, 0.10993666620475917]], "T": [0.058359519256794314, 0.08728082311690505, 0.0025967393493771355], "aligned_model": [[0.13453982912718865, -0.6928310384537414, 0.53561178273607, 0.4591050108690731, -0.13664756337798778, 0.6887697159824078, -0.42568979308954646, -0.1026110776611174, 0.4459869302763557, 0.21706756982921296, -0.6090078005622721, -0.030938968908306518], [-0.4260838755086844, -0.0012426278908083122, 0.15405176164680018, -0.5712321145544963, 0.37668408752666643, 0.4347899077096808, -0.3496489792910175, 0.1734337364518094, 0.10388313831206653, -0.5559299297742117, 0.5768467116032852, 0.09912267399334865], [-0.642200231386171, -0.15550785648468582, -0.5490733311700848, -0.1952982387928517, -0.6347384650906186, 0.0319683079026879, 0.38368784721970145, 0.6737678836419275, 0.36622102382698957, 0.3806592190795743, 0.0063008879984579845, -0.005820552871097243]], "inverted": true, "swapped": true, "error_lsq": 0.052993285922247675, "error_max": 0.2828503284511785, "target": "849.xyz", "model": "15.xyz", "model_rescale": 3.769337070930944, "target_rescale": 4.200037185113339},
{"mapping": [13, 11, 3, 7, 5, 12, 2, 8, 0, 6, 15], "R": [[0.10843800982281249, -0.9517227961877083, 0.2871670545907341], [0.12896486240477936, 0.2998972443222642, 0.9452141064927186], [-0.9857024207592189, -0.06546267688203852, 0.15525905978349183]], "T": [0.03294898412774101, -0.0043879135849361275, 0.06940001981521061], "aligned_model": [[-0.17671316711231244, -0.4423246004644053, -0.1678028206010173, -0.545461084067106, 0.40022246934179734, 0.30787791131817727, 0.6539323602727415, 0.3705923266266577, 0.054562014622844976, -0.4837283580019173, -0.048530921244289704], [-0.12055891546077427, -0.668412900510744, 0.6825557960834165, 0.4238529730346449, 0.28134413441613854, -0.4256332354510805, 0.4425238297034226, -0.5593669161351317, 0.4944277706853922, 0.0884617196945981, -0.04312975843454039], [-0.6165476860690522, -0.06570533158239238, -0.34643280659686915, 0.11201550834571734, -0.49631663341238785, -0.39472136792865314, -0.07451466019727841, 0.30528696442921416, 0.6460761391141998, 0.6124150207523034, 0.06266246036897558]], "inverted": false, "swapped": true, "error_lsq": 0.038454247522414296, "error_max": 0.16637288473221754, "target": "849.xyz", "model": "16.xyz", "model_rescale": 3.7852294659196426, "target_rescale": 4.200037185113339},
{"mapping": [7, 13, 5, 3, 14, 11, 8, 12, 4, 0, 10, 9, 15], "R": [[-0.01941830261459826, -0.45118711658538235, 0.8922180873255916], [-0.8315734032067582, -0.4881466469312198, -0.26495004466679717], [0.5550753143517541, -0.7470897114250576, -0.36571622671153886]], "T": [0.010670780444090002, 0.15180521623678916, 0.0008095662258493499], "aligned_model": [[-0.07456968048551135, -0.34300822856681956, 0.3573952561525064, 0.28026400196279216, -0.6136957941521886, -0.8079627299315024, -0.10593701682575118, -0.1854936925788567, 0.6644779726359474, 0.48532423402399266, -0.1252678026918688, 0.3958558363114699, -0.0736165056379271], [-0.2020710569479371, -0.40814584096686973, -0.34117414570022914, -0.5913863873189193, -0.06371876576367705, 0.23523415293775338, 0.7234679900623247, 0.06998839352690385, -0.17471934776936465, 0.37421173025468935, 0.8143584306071787, 0.2974445695978103, 0.14156590118321144], [-0.6215007992044433, 0.2997144786459897, 0.4171284759382201, -0.24433451832871045, -0.4002347110119709, 0.08995219160921336, 0.3712844847868109, 0.6513998411353153, -0.31433567813124047, -0.553337524408106, -0.1615126510508524, 0.5919643010782772, -0.030433193915329365]], "inverted": false, "swapped": true, "error_lsq": 0.04663051280312473, "error_max": 0.2564995960729619, "target": "849.xyz", "model": "17.xyz", "model_rescale": 3.901054581598922, "target_rescale": 4.200037185113339},
{"mapping": [4, 7, 5, 2, 14, 12, 6, 0, 13, 8, 11, 10, 1, 9, 15], "R": [[0.9160844188778097, 0.05456383466531865, -0.39725574311257195], [-0.13209362318660334, 0.9764647854985156, -0.17049280745759873], [0.37860350262872855, 0.20866075488206678, 0.9017317101939494]], "T": [0.023535204125889587, 0.02015304185319987, 0.00027612223644350384], "aligned_model": [[0.25311167967326126, 0.12943427650642383, -0.43086865567860655, 0.03329204716113269, -0.12563650859564132, -0.5090283555452175, 0.537230435744455, 0.7035421100711028, -0.6825978204031371, 0.14069826221720336, -0.2989855634366548, 0.5217333149553451, 0.35141298148291267, -0.0864951584860571, 0.0022431654225119925], [0.06759657931770788, -0.6047763039249605, 0.37447449711601366, 0.5910364264152083, -0.7145833687255477, 0.3598238073011485, -0.5249689620779682, -0.03854253293421611, -0.1473307854184719, 0.4095383305200304, -0.3700968629583872, 0.03284100818618168, 0.43772171969456786, 0.7320382878689353, -0.05601449055313601], [-0.7602778949971781, -0.34325443401555755, -0.4519863971816714, -0.5289297546258527, 0.18744162570654366, 0.2637946695380128, 0.09723503804844526, -0.3402895746535882, -0.03582780856406452, 0.5591135632095062, 0.6550684448354273, 0.4855000090716513, 0.03003900695303822, -0.01217316923000904, 0.04421308075727291]], "inverted": true, "swapped": true, "error_lsq": 0.03826250239315407, "error_max": 0.21842008518589845, "target": "849.xyz", "model": "18.xyz", "model_rescale": 3.9405287249114394, "target_rescale": 4.200037185113339},
{"mapping": [9, 5, 8, 4, 7, 0, 11, 13, 2, 6, 10, 3, 1, 12, 14, 15], "R": [[-0.8589322336761572, -0.5035668995537657, -0.09303652844928961], [-0.25448525882687545, 0.2620888985631372, 0.9308848813305435], [-0.4443789722656845, 0.8232434554393795, -0.35326695583414636]], "T": [0.09335738719018387, 0.09893907268412044, 0.059431947439880804], "aligned_model": [[-0.40431421101941356, -0.4247414534548967, 0.16479680337450597, 0.7100646018044819, 0.140189460062682, 0.6350251809571026, -0.6069404207254803, -0.15551975683334457, -0.3268395609490256, 0.15016270765345374, -0.44859679899620847, 0.22160446532301092, 0.431571856042672, 0.4483515479103609, -0.20564894108775617, 0.06814040711299146], [0.12185837591759369, -0.4974837233478145, -0.4595130086796823, 0.26297925391773797, 0.21219554447103603, -0.2939452305561797, 0.26832251166211457, 0.6942881809032719, -0.5575939892836796, -0.6460800119526415, 0.04978269520095335, 0.1683271878099626, -0.28539633183452984, 0.43362402322597987, 0.6572792138720873, 0.07706915403267732], [0.6432191799410142, 0.3184996653333693, 0.5647039911664626, 0.41640261710280213, 0.752688954249179, 0.21726788573979358, 0.06969999147563849, 0.2463796724790478, -0.32491704284203227, 0.061213712375677264, -0.507818744559965, -0.7797143874169431, -0.35700135318790693, -0.18977517915316655, -0.38620295297090584, 0.0376797686315595]], "inverted": false, "swapped": false, "error_lsq": 0.0495787377740952, "error_max": 0.38138400466205474, "target": "849.xyz", "model": "19.xyz", "model_rescale": 4.410303926677745, "target_rescale": 4.200037185113339},
{"mapping": [6, 10, 0, 14, 4, 11, 7, 1, 12, 5, 13, 3, 2, 15], "R": [[0.20303368218724427, 0.8791964022088326, -0.43103481325820286], [-0.2402158860189185, -0.38202746419346945, -0.8923851997349874], [-0.9492489936795483, 0.28472566260341226, 0.13363249998938442]], "T": [0.07965048899699986, -0.12868874031817618, 0.07267371469395546], "aligned_model": [[-0.21807549038191312, 0.23072408745684506, 0.3457724122088799, -0.6698810829536077, 0.31324004351315293, -0.4883241617009394, -0.3990148078350495, 0.5866581322360978, 0.13749309658136194, 0.2742986420341038, -0.35344193460956996, -0.16297805728656145, 0.6682783671710189, -0.0035613569729464334], [-0.061785616099089474, -0.5477568312726246, 0.2918361120202355, -0.18920453940527543, 0.6302256845158529, -0.7301615907934134, 0.336616813185436, -0.19945774605882036, -0.5104648515168415, 0.193781968398262, -0.1420116987955451, 0.6182908044835276, 0.2805936944990504, -0.1595537369795524], [-0.6182134213026669, -0.4615203188475654, -0.5054071854253682, -0.10526160868432698, 0.01897570447124121, 0.09918457576831122, -0.1996033855402904, -0.0711604412949448, 0.6377785124327036, 0.7009194361074524, 0.6559674879671867, 0.3339452880669413, 0.3760991659122324, 0.055111229094114964]], "inverted": true, "swapped": true, "error_lsq": 0.041733102900178995, "error_max": 0.23790159734046099, "target": "849.xyz", "model": "20.xyz", "model_rescale": 4.121658175737393, "target_rescale": 4.200037185113339},
{"mapping": [11, 10, 1, 12, 9, 14, 0, 13, 7, 3, 4, 5, 15], "R": [[0.5500711585068494, -0.7957835996110254, -0.2532788644341484], [-0.4207663235783515, -0.526071226122417, 0.7390566730558724], [-0.7213719023647167, -0.29996254372200537, -0.6242155483825547]], "T": [0.07871778213375666, -0.008951731550104116, 0.12564172067076768], "aligned_model": [[0.06684584065151039, -0.10025269375065701, 0.23706753026929314, 0.7005605255355033, 0.7122979740007925, -0.39532393072724137, -0.4135852146701924, 0.3331309316801013, -0.5486876399313653, -0.1302068811568388, -0.153433997272086, 0.5352570554317745, 0.03741340460370071], [-0.7253542445885964, 0.15825538405799358, 0.4551868224230754, -0.2921816929621146, 0.33394203971043246, -0.6180697892029912, 0.5733687713872124, -0.5922053226110625, -0.16252633163178412, -0.043189011431311125, 0.4834562226004681, 0.05611448612463682, -0.0859704297127757], [0.540001607444007, 0.776653173512343, 0.3311995638354619, 0.16481556652008533, 0.13214334768822708, 0.16279498303920606, 0.10614434321425792, -0.22516787497868346, -0.19457980015134163, -0.6745383719408129, -0.45490855149353643, -0.4434858811807186, 0.14903763397329414]], "inverted": false, "swapped": true, "error_lsq": 0.049301105059203855, "error_max": 0.2718773185460719, "target": "849.xyz", "model": "21.xyz", "model_rescale": 4.08911054899281, "target_rescale": 4.200037185113339},
{"mapping": [15, 11, 9, 12, 14, 10, 2, 3, 8, 5, 1, 0, 6, 7, 4, 16], "R": [[-0.6522333576584745, -0.3865555252866842, 0.6520479070036869], [-0.6072331485241789, 0.7813267609893675, -0.14420955549226552], [-0.4537174787144149, -0.49000338614360606, -0.7443367054477665]], "T": [0.022613720391571814, 0.01918489707470462, 0.04939512140666026], "aligned_model": [[-0.5784761407555358, -0.4641332986908254, 0.3003172923986108, 0.5806745001791347, 0.008415509266350131, 0.7389063575604228, -0.5740088352780167, -0.0029388759084300817, -0.16157008560965125, 0.2280858541352873, -0.6376000812798762, 0.059121202597873714, 0.3396351979095349, 0.6531539966945941, -0.1280050451134015, 0.035728339069064974], [0.007766239183326525, -0.5578628045584595, -0.2715772680093953, 0.2743829634053391, 0.295831776691735, -0.3452837023382865, 0.42440795702092193, 0.8189195891213561, -0.5470463710867774, -0.6284563490637458, -0.12077102647078312, 0.28114663499589343, -0.29132869418449525, 0.16578487852682508, 0.6453466029015359, 0.054453419223896904], [0.46178766616503014, 0.1758321401659257, 0.6375156031216372, 0.4597749686678136, 0.6282625507426591, 0.12166480519289498, 0.016385620844459617, 0.3871084768634063, -0.3058801164346744, 0.23931898115895067, -0.3683709097795805, -0.6787000988685051, -0.5494728281339804, -0.24509357686099853, -0.2180514928952409, 0.02024398841382672]], "inverted": true, "swapped": false, "error_lsq": 0.043460960066005125, "error_max": 0.2621243566383768, "target": "849.xyz", "model": "22.xyz", "model_rescale": 4.204369325754507, "target_rescale": 4.200037185113339},
{"mapping": [9, 5, 8, 4, 7, 0, 11, 13, 2, 6, 10, 3, 1, 12, 14, 15], "R": [[-0.8589322336761572, -0.5035668995537657, -0.09303652844928961], [-0.25448525882687545, 0.2620888985631372, 0.9308848813305435], [-0.4443789722656845, 0.8232434554393795, -0.35326695583414636]], "T": [0.09335738719018387, 0.09893907268412044, 0.059431947439880804], "aligned_model": [[-0.40431421101941356, -0.4247414534548967, 0.16479680337450597, 0.7100646018044819, 0.140189460062682, 0.6350251809571026, -0.6069404207254803, -0.15551975683334457, -0.3268395609490256, 0.15016270765345374, -0.44859679899620847, 0.22160446532301092, 0.431571856042672, 0.4483515479103609, -0.20564894108775617, 0.06814040711299146], [0.12185837591759369, -0.4974837233478145, -0.4595130086796823, 0.26297925391773797, 0.21219554447103603, -0.2939452305561797, 0.26832251166211457, 0.6942881809032719, -0.5575939892836796, -0.6460800119526415, 0.04978269520095335, 0.1683271878099626, -0.28539633183452984, 0.43362402322597987, 0.6572792138720873, 0.07706915403267732], [0.6432191799410142, 0.3184996653333693, 0.5647039911664626, 0.41640261710280213, 0.752688954249179, 0.21726788573979358, 0.06969999147563849, 0.2463796724790478, -0.32491704284203227, 0.061213712375677264, -0.507818744559965, -0.7797143874169431, -0.35700135318790693, -0.18977517915316655, -0.38620295297090584, 0.0376797686315595]], "inverted": false, "swapped": false, "error_lsq": 0.0495787377740952, "error_max": 0.38138400466205474, "target": "849.xyz", "model": "23.xyz", "model_rescale": 4.410303926677745, "target_rescale": 4.200037185113339},
{"mapping": [15, 5, 13, 11, 14, 7, 8, 9, 2, 12, 4, 3, 0, 1, 10, 16], "R": [[-0.5858125351740766, -0.5238196633667398, 0.6184146132678924], [-0.8007215235965222, 0.49194236988496476, -0.34181536881952634], [-0.1251747389938787, -0.6954176191198495, -0.7076196858026877]], "T": [0.053410170269832906, 0.026864214795282174, 0.16253269344552543], "aligned_model": [[-0.5025741894326293, -0.3992592084396395, 0.38111747404369767, 0.4400749468973481, 0.07297252680364247, 0.6909219202892518, -0.6010822108345868, -0.19279051236130615, -0.22148115468568186, 0.14005083088685785, -0.4440973431088129, 0.045725373963152176, 0.2820954507313123, 0.666747592003622, -0.036674591898895624, 0.07555898231780396], [0.07235565179173059, -0.4047856334259122, -0.35015751923325666, 0.48555714626692187, 0.16843906585691595, -0.15732843656097695, 0.4864541042545585, 0.5438616944519803, -0.40442073026012787, -0.7722956946653587, 0.05126819017083328, 0.06879744878353325, -0.49615587938645206, 0.28512066364158956, 0.5978950622522633, 0.03110871142064466], [0.6076462876672596, 0.0964200960276908, 0.6571529103316881, 0.3645540580194491, 0.8241397261835065, 0.12274912327105172, -0.02752920130860717, 0.4165382318279931, -0.593325763417354, 0.1660921628446165, -0.3126252730338511, -0.7360403600270748, -0.33197598662849703, -0.379183249923857, -0.13678729110809643, 0.04450030763770657]], "inverted": true, "swapped": false, "error_lsq": 0.0455119267525412, "error_max": 0.2833888196891701, "target": "849.xyz", "model": "24.xyz", "model_rescale": 4.28219845311461, "target_rescale": 4.200037185113339},
{"mapping": [5, 8, 10, 12, 11, 14, 3, 9, 0, 6, 1, 4, 2, 13, 7, 15], "R": [[-0.4681065421208365, -0.725737073459475, -0.5041646213590857], [-0.7124725987350289, 0.6474659158585407, -0.270500801945606], [0.5227418686841799, 0.23258028293029864, -0.8201508097396686]], "T": [0.04285693538621273, 0.07348500683520165, 0.029102663627565164], "aligned_model": [[-0.5789015665521672, -0.3267900410998798, 0.16689084518121133, 0.6080747756523126, 0.17359502563633783, 0.6581674136450663, -0.5944274906369614, -0.1012080412967782, -0.12255133730068961, 0.10233471950838846, -0.5686328381072836, -0.13284456960887586, 0.496734350013263, 0.5185929993849545, 0.06838869919410889, 0.02988294356212922], [0.0875753102841419, -0.4110150383386151, -0.4513458221321395, 0.3961273246685922, 0.11754066343311485, -0.28593274641415545, 0.4302760043725996, 0.6715916593792002, -0.4883179361738892, -0.8255586251784486, -0.09375913233141261, 0.16094696847085468, -0.25472377968557636, 0.3656811150830742, 0.7603342785130434, 0.026293601408502586], [0.610908911041771, 0.36161864208586997, 0.6112306641689392, 0.4301645391792651, 0.5558319319695394, 0.2980943342954022, -0.22899439037423167, 0.3090801601425735, -0.5388513209423698, 0.009607128429938907, -0.06026765400621034, -0.6752608500747108, -0.36466669695035286, -0.17390740674527919, -0.33577020845626254, -0.02649200540025765]], "inverted": true, "swapped": false, "error_lsq": 0.04264534277668701, "error_max": 0.25878923708452345, "target": "849.xyz", "model": "25.xyz", "model_rescale": 4.100010024507729, "target_rescale": 4.200037185113339},
{"mapping": [14, 11, 12, 8, 3, 5, 13, 1, 10, 0, 6, 15], "R": [[0.09231742799775097, 0.9935190692633978, 0.06631252896604078], [-0.2948737506351745, 0.09088776062893103, -0.9512039140763684], [-0.9510662246522191, 0.0682588747186039, 0.30135321857900393]], "T": [0.03055735237781436, 0.13488276875955474, -0.047813278461883435], "aligned_model": [[-0.6252086271615295, -0.17734665954069156, 0.37181912218789226, 0.5811373880121443, -0.4699487688554031, 0.17826994729932483, -0.2182902889140491, 0.47169880858202057, 0.24514941348677044, -0.05141755512464881, -0.39842900369796197, -0.03066817391086158], [-0.2727926169537379, -0.6369073514366886, -0.07712602944841715, -0.27016311332969195, 0.7382663203746954, 0.6162123046490162, 0.04106511336201535, 0.2645900534668546, -0.26645164824569834, 0.5181818352558691, -0.057389732607908084, 0.06864625496433079], [-0.017938898837260492, 0.16709030839700326, 0.506293996991156, -0.15002300602352453, 0.21776495695097808, 0.4842307188890804, 0.6283902955500487, -0.3148778826634041, -0.5738223045396074, -0.7021843480348107, -0.6389510060954265, -0.040780540729876226]], "inverted": true, "swapped": true, "error_lsq": 0.04088770222752131, "error_max": 0.23504616496686578, "target": "849.xyz", "model": "26.xyz", "model_rescale": 3.6694154284099745, "target_rescale": 4.200037185113339},
