[{"mapping": [11, 6, 12, 3, 13, 5, 4, 0, 9, 8, 2, 14], "R": [[0.6014781398921814, 0.46615966144364673, -0.6487828737525263], [-0.7596396537565879, 0.5851460482414717, -0.28381631149030295], [0.24732901906653224, 0.6635505046868204, 0.706065920475881]], "T": [0.029304965930370845, -0.05535819460635144, 0.05616879073088139], "aligned_model": [[-0.21126705173107682, 0.02464535444742709, 0.5159305383590823, -0.2751613909557888, -0.01243019480295355, -0.5809331011657959, 0.40987160133360073, -0.17757541863234944, 0.5558659835824773, 0.26124799784137964, -0.5878786466629258, -0.08467320915252805], [-0.3035957265348208, -0.6728157540840534, -0.2978799426300036, 0.6597733360633755, 0.28829005758312215, -0.6090952303812178, -0.320375273729185, -0.5650049710493095, 0.1957958372013145, 0.4398772893881231, 0.2999900204641773, -0.06140460631446526], [-0.5243307379613753, -0.07831414429555365, -0.5273641600128138, 0.011390873241612094, -0.5514865554646463, 0.0536987235338144, 0.6409490056378749, 0.5419975806021503, -0.11617722825963951, 0.4249174587023723, 0.31026177359522594, -0.003590843965458744]], "inverted": true, "swapped": true, "error_lsq": 0.04037926641251726, "error_max": 0.20921541153659812, "target": "85.xyz", "model": "0.xyz", "model_rescale": 3.751011558992144, "target_rescale": 4.188980808214339},
{"mapping": [3, 0, 1, 4, 2, 7, 12, 6, 8, 5, 13, 11, 9, 10, 14], "R": [[5.707445780821219e-05, -0.9837565121663829, 0.17950799846452392], [0.9007754430684651, 0.07800823578718753, 0.42722162435225663], [-0.4342851573647394, 0.1616720134086411, 0.8861481603959236]], "T": [0.029432131260650984, 0.019066879230698688, -0.03490566686261497], "aligned_model": [[-0.5992140670348985, -0.10447725672929271, 0.4801624436260441, 0.7603758705230488, -0.4790134324896415, 0.049909643757937175, -0.43581813116635665, 0.5196639075827152, 0.2396858112877045, -0.21691476436270207, -0.6629524775976491, 0.10646732279251943, -0.24081435453049022, 0.4576773975206747, -5.4875475217815856e-05], [0.032069302341283884, -0.2273194033049812, -0.06661409447886571, -0.22893912700490102, -0.6217808196092292, 0.4131801559569677, 0.5829891478721473, 0.5450186417231089, -0.605012555105737, -0.3239220405470412, -0.04134035544466502, 0.7846345196567821, 0.23864289439340533, 0.20622300080322092, 0.06235137187622129], [-0.46854236258217785, -0.7397933132899671, -0.5594878870102408, 0.1376870352252182, -0.15546866940619986, -0.5677587614273841, -0.16722714024880964, -0.2511770109777837, 0.0471705283054631, 0.42526588258612713, 0.17594195042435568, 0.1765245961669787, 0.5245072681121665, 0.6389135419854803, -0.01875693398520269]], "inverted": false, "swapped": false, "error_lsq": 0.044307119701181806, "error_max": 0.268211127937938, "target": "85.xyz", "model": "1.xyz", "model_rescale": 3.9405287249114394, "target_rescale": 4.188980808214339},
{"mapping": [4, 6, 0, 13, 11, 1, 9, 12, 7, 2, 3, 8, 14], "R": [[-0.025384106494674097, 0.6423753274512729, 0.7659697029382668], [-0.9633053532520648, -0.22052070572434307, 0.15301442658374537], [0.2672048718369142, -0.733978580769703, 0.6244013128092467]], "T": [-0.021555740559410043, 0.017436482134304557, 0.03179876102190689], "aligned_model": [[-0.4553255298690721, 0.21642976194892155, -0.4417543546346535, 0.4923059921213419, 0.529129379283189, -0.8221978452921538, 0.21142006203609168, 0.6857510926494963, 0.11269376251769239, -0.4601738937314449, -0.17044355852653711, -0.4145367647150115, 0.012685175496071295], [0.6247811923689547, 0.32194905195341994, 0.2751614314727075, -0.3754232019518318, -0.1922583372045314, 0.06987526614380817, 0.24080104165336513, 0.3719949538628104, -0.5907421380419267, -0.5933579941354933, -0.6328534349688524, 0.02368400239130905, -0.0847792399717222], [0.028783999365867133, -0.46819744393036206, -0.5118738597169538, 0.2976715744880441, -0.2987318007692308, -0.054126322061178886, 0.5474328873380254, 0.13248284333483912, -0.4686326536942073, -0.04754500379096148, 0.4331382331688531, 0.5614762269710583, -0.03875833111514891]], "inverted": false, "swapped": true, "error_lsq": 0.04553236481403071, "error_max": 0.25533482455474, "target": "85.xyz", "model": "2.xyz", "model_rescale": 3.932901565614263, "target_rescale": 4.188980808214339},
{"mapping": [9, 13, 12, 8, 10, 6, 11, 4, 1, 0, 7, 2, 5, 14], "R": [[0.757319642571193, 0.6475468925609844, 0.08455755974750909], [0.6511398583029484, -0.7388726676426601, -0.17344758845206146], [-0.04983817718433324, 0.18641406316378664, -0.981206376431437]], "T": [0.035611586219525565, -0.013116948008494583, -0.05988816846237986], "aligned_model": [[-0.1623297659927493, 0.5518585517807308, 0.03517566937324726, -0.26772018156609123, -0.5723755321687669, -0.006186559297953337, 0.5427283406988773, -0.6858604726474725, -0.3600457704524692, -0.2601237707614231, 0.7303905546248667, 0.3755595739217785, 0.343950390828043, 0.15478888371208527], [0.045370947809156306, 0.020710899464924395, -0.5673076484189591, 0.5510893826042973, -0.4541694058891381, -0.6150935257161626, -0.45478935159452616, -0.042384888615687136, 0.40851563430846605, -0.2079646620673533, -0.10263076456003924, 0.5121556139795631, -0.40279530602241764, -0.02721028693163576], [-0.6321174847274144, -0.5304471041107064, -0.6334772445131052, -0.21702629222158482, -0.2641576247901558, 0.12783056920469388, -0.12496163454830835, 0.1289354844056631, 0.502998984954866, 0.582874548471861, 0.32430608664650556, 0.36470023320223705, 0.5974544084502393, -0.013016567367693715]], "inverted": false, "swapped": true, "error_lsq": 0.0437571152716705, "error_max": 0.29064079097726137, "target": "85.xyz", "model": "3.xyz", "model_rescale": 3.9243930471874484, "target_rescale": 4.188980808214339},
{"mapping": [5, 2, 0, 6, 4, 7, 11, 1, 8, 3, 9, 13, 14], "R": [[-0.9173445712421754, -0.3777681322882279, -0.1255793607244984], [0.37073400250720534, -0.9256051153157688, 0.07623299735855806], [-0.14503529569555576, 0.023375387242702887, 0.9891503193517943]], "T": [0.08778885939042437, -0.044709960662782, 0.044573956066035106], "aligned_model": [[-0.024855990256933663, -0.34901952607783276, 0.48980570582550564, 0.32442431413146045, 0.8004393476423166, -0.5078435091115098, -0.26944619064919884, 0.39412456451614053, 0.1932229050702843, -0.5001183306752284, 0.20211517920400532, -0.4590123855794168, -0.01663019772824026], [-0.6711168811437217, 0.215397166680516, -0.30097048159091233, -0.6306138177962078, 0.10361817383152495, -0.44536540222229404, -0.5885560434581052, 0.31373448791839426, 0.6063519406506872, 0.45996346395486476, 0.22253724927786223, -0.049923842915698645, -0.10722645950532275], [-0.47882532973350556, -0.5151526970765995, -0.5133525121350484, 0.03554393367772522, -0.12023187534590539, -0.30618673542064445, 0.22648335110362044, -0.6102823173929396, 0.038794902533726736, -0.03150364170122928, 0.5789487539773636, 0.48053516829208576, 0.0022993145923141667]], "inverted": false, "swapped": true, "error_lsq": 0.038221494842936285, "error_max": 0.22257847066351877, "target": "85.xyz", "model": "4.xyz", "model_rescale": 3.8936222436046832, "target_rescale": 4.188980808214339},
{"mapping": [5, 7, 2, 0, 3, 13, 12, 9, 4, 6, 8, 14], "R": [[-0.8804001180183798, -0.30918386480349264, -0.3595844406233375], [0.2776498546780451, -0.9507615098207067, 0.1377066071062346], [-0.3844557066691603, 0.021398345464683853, 0.9228954005849692]], "T": [-0.03866385217371909, 0.019243608154359066, 0.027653547807620638], "aligned_model": [[0.017592193446975296, -0.5065805198060456, -0.3481172989467966, 0.4996918467290962, -0.6249238202483485, -0.6710297007587207, -0.0762287726073202, -0.07158331963133177, 0.6810476659394733, 0.23252006873861725, 0.020895327248518072, -0.12573562788901987], [-0.6514718914293587, -0.4565734849762425, 0.1983093457379482, -0.24142594833294898, 0.4637589307200242, -0.0014642123633079977, -0.26975398615949764, 0.3341033592329179, 0.21657698381805818, -0.5428667565287014, 0.6748137514327336, -0.05508318604181765], [-0.447738164891755, -0.41165027642714347, -0.6386235983202729, -0.39754460259154356, -0.2269506712574017, 0.325589085041939, 0.7700828157135158, 0.5471029188525803, 0.01727156822876655, 0.12691294788209528, -0.01372067337638469, -0.031446629578877415]], "inverted": false, "swapped": true, "error_lsq": 0.047317892896518055, "error_max": 0.2663491053086983, "target": "85.xyz", "model": "5.xyz", "model_rescale": 3.6523030999806103, "target_rescale": 4.188980808214339},
{"mapping": [12, 9, 4, 6, 0, 13, 8, 11, 3, 2, 1, 5, 14], "R": [[-0.7222715899633788, 0.581121793285594, -0.37499494889972634], [-0.3187698253347775, -0.7608987704633695, -0.5651715310977439], [-0.6137666892132616, -0.28867026600581513, 0.7348196572876393]], "T": [0.04394113347043264, -0.0471239640629533, 0.0831261671143274], "aligned_model": [[0.21274069936148168, -0.2579502083194906, 0.31112115922244854, 0.6509936412913992, 0.5956931947707269, -0.329833597021947, -0.4460687052515737, 0.2766018754022462, -0.6460183195894053, -0.24576720554515222, 0.0604641181036115, 0.6435122298530529, 0.05559402238689632], [-0.5434864572268095, -0.11112869588008703, 0.5846879295615519, -0.20648347761612926, 0.3713994495418934, -0.6371527804178359, 0.3781079577845363, -0.6714701003617661, -0.11533869052908059, 0.1068167033117397, 0.6943588850202149, -0.18288226924183318, -0.1266015497832112], [0.6841776894855937, 0.6073522779894397, 0.37716949873293715, 0.15697065057129506, -0.1597251422062559, 0.11833144158461494, 0.20186750527246608, -0.028844150399075216, -0.2710215912503889, -0.5981392428262392, -0.23482178670268944, -0.46560462982663176, -0.01760278094327722]], "inverted": false, "swapped": true, "error_lsq": 0.045556608233244145, "error_max": 0.2454131280928836, "target": "85.xyz", "model": "6.xyz", "model_rescale": 4.08911054899281, "target_rescale": 4.188980808214339},
{"mapping": [5, 10, 8, 9, 12, 4, 7, 3, 11, 1, 13, 6, 2, 0, 14], "R": [[-0.7101693262055959, -0.6990527881061409, -0.08357468251642503], [0.012261062292518388, 0.10641030796122114, -0.9942467061605272], [0.7039241397111974, -0.7071082277845658, -0.06699820692542235]], "T": [-0.0422073781901926, 0.01941966771389549, -0.09054152486991866], "aligned_model": [[-0.4563760135619122, -0.0577562984017521, 0.4854774165584471, 0.6550395181751371, -0.5839687994078402, 0.15400911056976907, -0.6709254762414668, 0.579491211024255, -0.017988979483528483, 0.13965440906873128, -0.5817239732438816, -0.006438233902373469, -0.2977597162723415, 0.4570396206075068, 0.07690924221564507], [0.2552125269058601, -0.39540422136582243, -0.08466597506485862, -0.27060877654016485, -0.390580166517152, 0.44903117160477224, 0.4620337466019724, 0.5092454681056859, -0.5669367804376659, -0.20761322305227922, -0.2928893278982631, 0.4930814054397661, 0.3492146546690957, 0.5191559383555443, -0.07809580167877413], [-0.6849885776944189, -0.6795697675128465, -0.509902836441937, 0.11990460823847392, -0.3059402630787244, -0.6137838539733524, -0.0005676681653251636, -0.0869379564883086, -0.0791113965973574, 0.5827551524579435, 0.29322853294207646, 0.06278196643164703, 0.5994351503671659, 0.5304836574701824, -0.029988024077194697]], "inverted": false, "swapped": false, "error_lsq": 0.05262613282335096, "error_max": 0.29989186075616153, "target": "85.xyz", "model": "7.xyz", "model_rescale": 3.964800864290218, "target_rescale": 4.188980808214339},
{"mapping": [5, 1, 0, 7, 6, 3, 11, 4, 8, 9, 13, 12, 10, 14], "R": [[0.7840742284889967, 0.6034801982230393, 0.14504914536827201], [0.6066651939839154, -0.6958044033763952, -0.3844653100742347], [-0.13109136748025485, 0.3894456092892823, -0.9116727322770254]], "T": [0.012066388705453217, -0.07681680776397046, 0.11646311262894801], "aligned_model": [[-0.2346179826688519, 0.4286089165344974, 0.35885006751900433, -0.6505113285042547, 0.09043803197394935, -0.42257342582262064, -0.4804914066851522, 0.7454259321660016, 0.2813331618736054, 0.16764475930732786, -0.5363086645024703, -0.005136775573734324, 0.6214749873527929, -0.10294838350922228], [0.16788817795777294, -0.6199194609781794, -0.03334104227502485, -0.05652998713367868, 0.4688249120749317, -0.6816902529384565, 0.38030211917858503, -0.10634008365344264, -0.6004041430031493, -0.014225246698314348, 0.0046263626664687085, 0.5886020697698254, 0.38358748500930695, -0.07043244379544275], [-0.6307233402973245, -0.3109623854681888, -0.528842924261293, -0.3295357410877089, -0.19255825985408384, 0.3430338024323341, 0.04642329836303838, -0.01898086897116813, 0.41375596830295913, 0.7012072193544276, 0.5427643859601083, 0.5558419004306686, 0.2666318996911242, 0.058760084130127746]], "inverted": true, "swapped": true, "error_lsq": 0.043686912261348194, "error_max": 0.25427093146509067, "target": "85.xyz", "model": "8.xyz", "model_rescale": 4.121658175737393, "target_rescale": 4.188980808214339},
{"mapping": [4, 8, 9, 12, 1, 0, 3, 7, 13, 2, 6, 11, 14], "R": [[-0.5770035047184886, -0.3574452635670753, -0.7343703691571749], [0.7650062217992548, -0.5514544897334234, -0.3326611284194161], [-0.28606369247251673, -0.7537445384918646, 0.5916390238504181]], "T": [-0.049623196673227614, 0.02477307662393164, -0.09510992445776148], "aligned_model": [[-0.7051309157106426, -0.17283894247411763, 0.19550811463813672, 0.35038384348277674, -0.7295935817518452, -0.7014048079355814, 0.31487192414068477, 0.19706238628100076, 0.6482271152565622, -0.0994269350360894, -0.19881848957715614, 0.3722344052222008, 0.005663379899267483], [0.15800379761309546, -0.430682415461259, 0.11299901143025312, 0.6650900000374488, -0.40897362334073195, 0.15065575225265124, -0.6631602231257696, -0.0951411168348141, -0.020751893565858735, -0.6259607229287395, 0.5779406433551918, 0.36384944328757995, 0.006518786692662343], [-0.4261569320302139, -0.5559889861499031, -0.6448142339808639, -0.3522491008302925, -0.06932617903725805, 0.21778498844448332, -0.09210783742176927, 0.6552916835631409, -0.09876832069611577, 0.2867491062240476, 0.17155019112119776, 0.3092906839057613, 0.019820370846874297]], "inverted": true, "swapped": true, "error_lsq": 0.037531071640195986, "error_max": 0.2218281863159134, "target": "85.xyz", "model": "9.xyz", "model_rescale": 3.833441315466971, "target_rescale": 4.188980808214339},
{"mapping": [2, 3, 4, 6, 9, 5, 13, 1, 7, 11, 8, 0, 10, 12, 14], "R": [[-0.027245305571070702, 0.1222502650208884, 0.992125277385201], [0.029692510814285172, 0.9921547495113732, -0.12143849399415392], [-0.9991876941425384, 0.02615006165092439, -0.030661476640408455]], "T": [0.05957055556653548, 0.053660506251692976, 0.003234010358820573], "aligned_model": [[-0.430450875140861, -0.033797212690615835, 0.5168549962797723, 0.7281533056046389, -0.5552505734491353, 0.07489994622518335, -0.4306330284773815, 0.5507105835183825, 0.023605922210894685, -0.027991380740224822, -0.6379370502080833, 0.004739159669730111, -0.37123807823093313, 0.451747907388076, 0.011269415744952452], [0.06517905769455684, -0.5252808525331216, -0.09888528596260313, -0.029564396591475993, -0.4168268969329054, 0.47003406609662485, 0.6120263432863969, 0.6047853521046257, -0.6079895793743807, -0.33561053980164113, -0.14921357183727135, 0.7214502257424932, 0.3240931071929322, 0.12700031854909843, -0.011016708505612226], [-0.5225003097571189, -0.6374150454328068, -0.6320087004608583, -0.08220772384143804, -0.23873026240313885, -0.529526038735614, -0.28592784680371713, 0.028764583028959564, 0.07280186299507688, 0.5565314358528531, 0.28587266784015675, 0.12519043811099997, 0.6490081759256889, 0.45471851060351093, -0.04677302304453013]], "inverted": true, "swapped": false, "error_lsq": 0.04309400935931015, "error_max": 0.34721779465866054, "target": "85.xyz", "model": "10.xyz", "model_rescale": 4.2482417240324, "target_rescale": 4.188980808214339},
{"mapping": [3, 8, 1, 10, 7, 5, 2, 6, 9, 11, 13, 14], "R": [[-0.9855011079159826, -0.024240759071643674, -0.16792841300983474], [0.03139624469905062, 0.9465946179275192, -0.32089391569403664], [0.16673884405011463, -0.32151363098675095, -0.9321089759113722]], "T": [0.07862625012014153, -0.02552936605446534, -0.07781280644668205], "aligned_model": [[-0.648367310278437, -0.05432834451471706, 0.2528723200068643, 0.770076892708586, -0.32701733652285087, 0.20863654842384166, -0.4087172211859668, 0.5083462531781336, 0.07768776719722949, -0.06599485849389451, -0.44073988491874777, 0.004310776762965235], [-0.2478981367816614, -0.6390783087097901, -0.2538554454546423, -0.22129223005200302, 0.6419698134670202, 0.7272652704028806, 0.062242263108343694, 0.4161455205779913, -0.4629053397183177, 0.5270419572038885, 0.03763380036691095, 0.07886222564001871], [0.08996807289451929, 0.1244546044777549, 0.6762868119306805, -0.37693573679574494, 0.09021662521407763, 0.2310866306036216, 0.49362720933611376, -0.21790285976490292, -0.5006004365606077, -0.4386813952810789, -0.5418712045139025, -0.06445603168617424]], "inverted": false, "swapped": true, "error_lsq": 0.046748952641329555, "error_max": 0.25631335360889573, "target": "85.xyz", "model": "11.xyz", "model_rescale": 3.6694154284099745, "target_rescale": 4.188980808214339},
{"mapping": [11, 12, 9, 10, 6, 7, 5, 2, 4, 1, 8, 0, 13, 14], "R": [[0.9246016845953093, -0.1277396883643594, 0.3588792232215353], [0.3135237252446544, 0.7902829250238079, -0.5264558596164821], [-0.2163668148127866, 0.5992791256437946, 0.7707463467415065]], "T": [-0.044856689912633675, 0.12073048075449376, -0.015971606447928707], "aligned_model": [[-0.12075329184305555, 0.06481290934973008, -0.19520934201887022, 0.5425263017198443, 0.443207100905313, -0.2760589615895503, 0.2799302934642207, -0.4190213783736002, 0.5207971699735422, 0.18163117853752464, -0.27246986092431946, 0.5415671281021158, -0.5993478315693748, -0.09334656547771092], [-0.32183774241768015, 0.33300952892756686, 0.6480357798834679, 0.5543527740974639, -0.1451506411099046, -0.6437347201143953, -0.635078065671719, -0.24254261061609117, 0.4982794191278305, 0.15626545037132683, 0.5990940895465652, -0.14375490065939744, 0.07174891403470372, 0.002300012736516588], [-0.5207978581476693, -0.776919788201476, -0.27939371026815335, -0.28588741808919743, -0.31674091119361014, -0.037748433182040894, 0.03186312081185329, 0.5315543349862555, 0.2914782689539639, 0.7577216384633496, 0.3769556603019022, 0.3371905829306221, -0.43931702638323605, -0.030863001330148465]], "inverted": true, "swapped": true, "error_lsq": 0.04226057386799733, "error_max": 0.27337318688831536, "target": "85.xyz", "model": "12.xyz", "model_rescale": 3.9764082729961374, "target_rescale": 4.188980808214339},
{"mapping": [10, 12, 13, 6, 1, 11, 8, 14, 9, 0, 2, 3, 7, 4, 15], "R": [[-0.8149188420894599, -0.5298419785976912, -0.23489307891731906], [0.5635171640270219, -0.6296093857447441, -0.5348274742653641], [0.13548316004034142, -0.5682072677270239, 0.8116556007615999]], "T": [0.0651703693332217, -0.05020390555872165, -0.04759895422514056], "aligned_model": [[-0.4065728283284771, 0.0280806596315695, 0.4269098823714248, 0.8250665027528702, -0.47994257396298345, -0.017502896593304423, -0.4667226740386766, 0.5362562984067935, -0.06308621200385556, -0.16189600530786277, -0.667832460194665, -0.018336214829829986, -0.1700035244832699, 0.4043735040266202, 0.10589158025804193], [0.04277369575073547, -0.468243670469088, -0.02084189090340128, 0.027724199224822298, -0.29883197512424486, 0.5490661478645381, 0.4015184602965827, 0.5497904693285877, -0.6209447780653458, -0.3561705487254585, -0.051301617068297896, 0.7715763702506375, 0.22957232646429518, -0.029838855459319004, 0.02433230576267311], [-0.6917731698476851, -0.5283074348412005, -0.5403087501386818, -0.03560384697491607, -0.25821362687656135, -0.5619774461166036, -0.1602467737655801, -0.28612114838649294, 0.09134071725757646, 0.5704084957937849, 0.26698833229431335, 0.1141022393564907, 0.6138027380808156, 0.5851649985470199, 0.01854339949574385]], "inverted": true, "swapped": false, "error_lsq": 0.04297792798489722, "error_max": 0.29719849792098296, "target": "85.xyz", "model": "13.xyz", "model_rescale": 4.170626492500431, "target_rescale": 4.188980808214339},
{"mapping": [2, 3, 1, 8, 0, 10, 10, 7, 5, 13, 11, 9, 6, 14], "R": [[0.2388941113085714, 0.8066383100522585, -0.5406146874975972], [-0.9710291509301996, 0.2016865353616466, -0.12815978112337345], [0.005656114024984393, 0.5555692379981563, 0.831451038945941]], "T": [-0.09371148769832226, 0.008591809349381144, 0.10088534307160033], "aligned_model": [[0.2317310678679848, -0.1366589616609308, -0.12352008905588822, -0.593877083551979, 0.20933512685423922, -0.47722348615008614, -0.47722348615008614, 0.6511619811867413, 0.6838362685494751, -0.08074975456874554, 0.34932997508185, -0.6269170134795543, 0.21306673492933087, 0.020891742239291772], [-0.5094990142533715, -0.7620180674787713, 0.05130404030396188, -0.26621616678813176, 0.47465376878735027, 0.674413693308313, 0.674413693308313, -0.2698270708728711, 0.253753530095118, -0.43453253163433664, 0.017883521303571365, -0.03511420892012099, 0.5310122688934961, -0.044152988126854364], [-0.3434346441825359, -0.001260938032330225, -0.704377246680399, -0.22979015914412523, -0.37819496616305304, 0.2253898948037138, 0.2253898948037138, 0.17823006776310527, -0.018849873088745223, 0.6417677485317396, 0.6108896539339064, 0.3904188549650166, 0.28067743166225523, 0.12701738194860454]], "inverted": false, "swapped": true, "error_lsq": 0.05010949147000498, "error_max": 0.4614924508984807, "target": "85.xyz", "model": "14.xyz", "model_rescale": 3.9786697098870705, "target_rescale": 4.188980808214339},
{"mapping": [9, 8, 10, 12, 4, 0, 3, 2, 6, 13, 1, 14], "R": [[0.5874500926503943, -0.801277262246389, -0.11338931895013266], [0.3914151612700577, 0.15869375518396417, 0.9064273073962121], [-0.7083054144738539, -0.5768631042739203, 0.4068567300100594]], "T": [0.08392864190980348, -0.04337652773220371, 0.056254011360753545], "aligned_model": [[-0.02932389360556889, -0.5129544468440921, 0.45786045193172326, 0.5962270359265442, 0.06546214908601872, 0.2962520199899401, -0.5428501235101644, -0.3812883180674317, 0.6915836976726668, 0.06172622817408363, -0.3303984014452731, 0.11105819745888953], [-0.4512136401203548, -0.026153493920969783, 0.05765909392803864, -0.558401202269103, 0.4653859204060692, 0.6587161410621257, -0.3264393845858031, 0.1785112046825744, 0.12977427494952215, -0.7021312388587547, 0.6481131949798803, -0.05914638002878564], [-0.38065645569649503, -0.22386253626899277, -0.6189262772485635, -0.27303596831626625, -0.48950479613825765, 0.07978294820869693, 0.4211399234164702, 0.6095082240892159, 0.044620341038735446, 0.2899851561130207, 0.019705545314767495, 0.18121038936149841]], "inverted": true, "swapped": true, "error_lsq": 0.055637461568891135, "error_max": 0.30925831572643014, "target": "85.xyz", "model": "15.xyz", "model_rescale": 3.769337070930944, "target_rescale": 4.188980808214339},
{"mapping": [13, 8, 11, 12, 7, 2, 5, 1, 6, 10, 14], "R": [[-0.19022971283827633, -0.3023358352306742, 0.9340266051290176], [0.29546418062544966, -0.924920757838872, -0.23921226909608742], [0.93622303663219, 0.2304661243092744, 0.2652768199919916]], "T": [-0.09782216088658602, -0.06555544609730563, 0.013399738370707293], "aligned_model": [[-0.41435291340870484, -0.29307591010031636, -0.05582022218281088, -0.6851315168234144, 0.44794061955404463, 0.4327061358983272, 0.5915156540987901, 0.3675690234141866, 0.03450008571232019, -0.48076477658679284, -0.022460048884458433], [0.12992285602709755, -0.6955501023546544, 0.5431885611324043, 0.4699064477562784, 0.2729891268827055, -0.43316126943892724, 0.38253209695257856, -0.6355292495491549, 0.461167248115763, 0.10833432064087004, -0.007735538539618406], [-0.5787805388596855, 0.0171469100012101, -0.2766744617205958, 0.08033426809538483, -0.4618542185220041, -0.38049986115212897, 0.06864677583576154, 0.34461210951023113, 0.3365332030638596, 0.6683950968439778, -0.07364167587223383]], "inverted": true, "swapped": true, "error_lsq": 0.046257933273452026, "error_max": 0.2321789543323339, "target": "85.xyz", "model": "16.xyz", "model_rescale": 3.7852294659196426, "target_rescale": 4.188980808214339},
{"mapping": [4, 6, 12, 10, 0, 5, 7, 11, 9, 8, 2, 13, 14], "R": [[0.2546314151694288, -0.5124774925724183, 0.8200790583934583], [0.931245137753826, -0.0986391116202304, -0.35078885254327774], [0.2606632613520206, 0.8530164976513988, 0.4521255565834225]], "T": [0.07353394654489775, 0.13151778912020062, -0.06591557725041888], "aligned_model": [[-0.0603469658771397, -0.3370448216714783, 0.3742840395897701, 0.12497102325065551, -0.5710041440632309, -0.7047648935308389, -0.361603670313533, -0.08004044390069592, 0.6332321701614559, 0.46505006690505823, -0.12648068747942634, 0.4807407297195416, 0.0167734474261447], [-0.2787217733778387, -0.2871232001752058, -0.4391622729207474, -0.6238904635117207, -0.014008006685459956, 0.21539335862340625, 0.5976183537217892, 0.09666735002077667, -0.10615837509020723, 0.31962817631296087, 0.8468499169551373, 0.34087687852231263, 0.207085681307671], [-0.6748591859746279, 0.16972399226273135, 0.4031319671756265, -0.24650964280256987, -0.3852302117939299, 0.1914501332302805, 0.4154795640041755, 0.5911055976331702, -0.08311856282401955, -0.5622631817760979, -0.2074970118090523, 0.4626980548624885, 0.021643184954998784]], "inverted": false, "swapped": true, "error_lsq": 0.039857488310019354, "error_max": 0.23224126847431256, "target": "85.xyz", "model": "17.xyz", "model_rescale": 3.901054581598922, "target_rescale": 4.188980808214339},
{"mapping": [3, 0, 1, 4, 2, 7, 12, 6, 8, 5, 13, 11, 9, 10, 14], "R": [[5.707445780821219e-05, -0.9837565121663829, 0.17950799846452392], [0.9007754430684651, 0.07800823578718753, 0.42722162435225663], [-0.4342851573647394, 0.1616720134086411, 0.8861481603959236]], "T": [0.029432131260650984, 0.019066879230698688, -0.03490566686261497], "aligned_model": [[-0.5992140670348985, -0.10447725672929271, 0.4801624436260441, 0.7603758705230488, -0.4790134324896415, 0.049909643757937175, -0.43581813116635665, 0.5196639075827152, 0.2396858112877045, -0.21691476436270207, -0.6629524775976491, 0.10646732279251943, -0.24081435453049022, 0.4576773975206747, -5.4875475217815856e-05], [0.032069302341283884, -0.2273194033049812, -0.06661409447886571, -0.22893912700490102, -0.6217808196092292, 0.4131801559569677, 0.5829891478721473, 0.5450186417231089, -0.605012555105737, -0.3239220405470412, -0.04134035544466502, 0.7846345196567821, 0.23864289439340533, 0.20622300080322092, 0.06235137187622129], [-0.46854236258217785, -0.7397933132899671, -0.5594878870102408, 0.1376870352252182, -0.15546866940619986, -0.5677587614273841, -0.16722714024880964, -0.2511770109777837, 0.0471705283054631, 0.42526588258612713, 0.17594195042435568, 0.1765245961669787, 0.5245072681121665, 0.6389135419854803, -0.01875693398520269]], "inverted": false, "swapped": false, "error_lsq": 0.044307119701181806, "error_max": 0.268211127937938, "target": "85.xyz", "model": "18.xyz", "model_rescale": 3.9405287249114394, "target_rescale": 4.188980808214339},
{"mapping": [5, 8, 7, 4, 6, 11, 10, 13, 0, 1, 2, 14, 3, 12, 15], "R": [[0.8393892635754756, -0.33389646168608833, -0.4288808891379185], [-0.5175274151054083, -0.24983431616404772, -0.8183814447317077], [0.16610550505186555, 0.9088982161608381, -0.38250881539006587]], "T": [0.10239511345542218, 0.07342030724162853, -0.056594370714362414], "aligned_model": [[-0.4524739837749263, -0.001274547756228317, 0.5498533612651884, 0.7108064380173446, -0.3893655443470959, -0.1330875903568281, -0.4915902389257807, 0.4844925128012599, 0.1834218152411738, -0.200002966154065, -0.7637316619910428, 0.11886114852921659, -0.19975710133257474, 0.39518512164403163, 0.06334627484472298], [-0.08770818776989896, -0.5195770910379172, -0.09534890892505997, -0.32303461873227896, -0.48209224018791097, 0.6407449689546709, 0.5673663630762071, 0.589841745179679, -0.5995066530272232, -0.2820516193611803, 0.008842777753732614, 0.7947637783783352, 0.30177624820903803, 0.15483700908756692, 0.08132706752995586], [-0.6544409528681504, -0.514719727482473, -0.5732408814766421, 0.02898705502691109, -0.14525507609277905, -0.43329561350136225, 0.08867342347474116, -0.2531657857856047, 0.058636865055273706, 0.41000453072585763, -0.0878902898252514, 0.2247087192323734, 0.7062858283978982, 0.3992393642974688, -0.056728735300237774]], "inverted": true, "swapped": false, "error_lsq": 0.04227540923560414, "error_max": 0.3347868193475293, "target": "85.xyz", "model": "19.xyz", "model_rescale": 4.410303926677745, "target_rescale": 4.188980808214339},
{"mapping": [5, 1, 0, 7, 6, 3, 11, 4, 8, 9, 13, 12, 10, 14], "R": [[0.7840742284889967, 0.6034801982230393, 0.14504914536827201], [0.6066651939839154, -0.6958044033763952, -0.3844653100742347], [-0.13109136748025485, 0.3894456092892823, -0.9116727322770254]], "T": [0.012066388705453217, -0.07681680776397046, 0.11646311262894801], "aligned_model": [[-0.2346179826688519, 0.4286089165344974, 0.35885006751900433, -0.6505113285042547, 0.09043803197394935, -0.42257342582262064, -0.4804914066851522, 0.7454259321660016, 0.2813331618736054, 0.16764475930732786, -0.5363086645024703, -0.005136775573734324, 0.6214749873527929, -0.10294838350922228], [0.16788817795777294, -0.6199194609781794, -0.03334104227502485, -0.05652998713367868, 0.4688249120749317, -0.6816902529384565, 0.38030211917858503, -0.10634008365344264, -0.6004041430031493, -0.014225246698314348, 0.0046263626664687085, 0.5886020697698254, 0.38358748500930695, -0.07043244379544275], [-0.6307233402973245, -0.3109623854681888, -0.528842924261293, -0.3295357410877089, -0.19255825985408384, 0.3430338024323341, 0.04642329836303838, -0.01898086897116813, 0.41375596830295913, 0.7012072193544276, 0.5427643859601083, 0.5558419004306686, 0.2666318996911242, 0.058760084130127746]], "inverted": true, "swapped": true, "error_lsq": 0.043686912261348194, "error_max": 0.25427093146509067, "target": "85.xyz", "model": "20.xyz", "model_rescale": 4.121658175737393, "target_rescale": 4.188980808214339},
{"mapping": [12, 9, 4, 6, 0, 13, 8, 11, 3, 2, 1, 5, 14], "R": [[-0.7222715899633788, 0.581121793285594, -0.37499494889972634], [-0.3187698253347775, -0.7608987704633695, -0.5651715310977439], [-0.6137666892132616, -0.28867026600581513, 0.7348196572876393]], "T": [0.04394113347043264, -0.0471239640629533, 0.0831261671143274], "aligned_model": [[0.21274069936148168, -0.2579502083194906, 0.31112115922244854, 0.6509936412913992, 0.5956931947707269, -0.329833597021947, -0.4460687052515737, 0.2766018754022462, -0.6460183195894053, -0.24576720554515222, 0.0604641181036115, 0.6435122298530529, 0.05559402238689632], [-0.5434864572268095, -0.11112869588008703, 0.5846879295615519, -0.20648347761612926, 0.3713994495418934, -0.6371527804178359, 0.3781079577845363, -0.6714701003617661, -0.11533869052908059, 0.1068167033117397, 0.6943588850202149, -0.18288226924183318, -0.1266015497832112], [0.6841776894855937, 0.6073522779894397, 0.37716949873293715, 0.15697065057129506, -0.1597251422062559, 0.11833144158461494, 0.20186750527246608, -0.028844150399075216, -0.2710215912503889, -0.5981392428262392, -0.23482178670268944, -0.46560462982663176, -0.01760278094327722]], "inverted": false, "swapped": true, "error_lsq": 0.045556608233244145, "error_max": 0.2454131280928836, "target": "85.xyz", "model": "21.xyz", "model_rescale": 4.08911054899281, "target_rescale": 4.188980808214339},
{"mapping": [7, 6, 5, 11, 0, 12, 13, 9, 1, 2, 4, 14, 3, 15, 16], "R": [[0.47148678253504556, -0.7526226097685957, -0.4596296565277952], [-0.8775686462411234, -0.3489866902064137, -0.3287576024874483], [0.08702577221302388, 0.5583614396821122, -0.8250206164980645]], "T": [0.055015614219646014, 0.012589693052942857, -0.11273618843753606], "aligned_model": [[-0.4092362677769536, -0.0919686528847588, 0.6077515664653339, 0.7380971550261943, -0.5300655103680085, -0.12375678657699515, -0.5190349239426464, 0.4944222941378219, 0.16930414284093553, -0.10013014887961905, -0.5362407002573022, 0.12364654862997071, -0.41530037071038267, 0.4593139809269411, 0.007880711073864573], [0.12881318845119893, -0.41407345247306326, 0.06921403678028493, -0.3019464587282471, -0.48141047867849707, 0.7001723300764274, 0.3397318136730205, 0.5386874022611627, -0.6959058298795971, -0.1837040014301866, -0.08669834498761428, 0.5618231514528242, 0.5208715653664611, 0.0484275947940121, 0.006178122449530329], [-0.6388145829658237, -0.7059632225694981, -0.5474840518488108, 0.0299510502717467, -0.2298827042193884, -0.3133354207673766, -0.12592628244854243, -0.306876811625131, 0.22633697103718114, 0.5645026225233859, 0.2434239468400552, 0.21200215078827078, 0.4114119164824753, 0.4928754803493066, -0.11442233796982726]], "inverted": true, "swapped": false, "error_lsq": 0.04291184942837497, "error_max": 0.34040367440606945, "target": "85.xyz", "model": "22.xyz", "model_rescale": 4.204369325754507, "target_rescale": 4.188980808214339},
{"mapping": [5, 8, 7, 4, 6, 11, 10, 13, 0, 1, 2, 14, 3, 12, 15], "R": [[0.8393892635754756, -0.33389646168608833, -0.4288808891379185], [-0.5175274151054083, -0.24983431616404772, -0.8183814447317077], [0.16610550505186555, 0.9088982161608381, -0.38250881539006587]], "T": [0.10239511345542218, 0.07342030724162853, -0.056594370714362414], "aligned_model": [[-0.4524739837749263, -0.001274547756228317, 0.5498533612651884, 0.7108064380173446, -0.3893655443470959, -0.1330875903568281, -0.4915902389257807, 0.4844925128012599, 0.1834218152411738, -0.200002966154065, -0.7637316619910428, 0.11886114852921659, -0.19975710133257474, 0.39518512164403163, 0.06334627484472298], [-0.08770818776989896, -0.5195770910379172, -0.09534890892505997, -0.32303461873227896, -0.48209224018791097, 0.6407449689546709, 0.5673663630762071, 0.589841745179679, -0.5995066530272232, -0.2820516193611803, 0.008842777753732614, 0.7947637783783352, 0.30177624820903803, 0.15483700908756692, 0.08132706752995586], [-0.6544409528681504, -0.514719727482473, -0.5732408814766421, 0.02898705502691109, -0.14525507609277905, -0.43329561350136225, 0.08867342347474116, -0.2531657857856047, 0.058636865055273706, 0.41000453072585763, -0.0878902898252514, 0.2247087192323734, 0.7062858283978982, 0.3992393642974688, -0.056728735300237774]], "inverted": true, "swapped": false, "error_lsq": 0.04227540923560414, "error_max": 0.3347868193475293, "target": "85.xyz", "model": "23.xyz", "model_rescale": 4.410303926677745, "target_rescale": 4.188980808214339},
{"mapping": [4, 10, 1, 7, 8, 2, 5, 0, 11, 14, 15, 12, 6, 13, 16], "R": [[0.4523111811771199, 0.44392350538784014, -0.7735286140449691], [-0.8907649030247466, 0.1818903517762429, -0.41647783550871975], [-0.04418690893774213, 0.8774097225896729, 0.47770251808383934]], "T": [-0.00020347523880549952, -0.046889522280364686, -0.035923584934449845], "aligned_model": [[-0.40215313353346144, -0.10250181890021139, 0.6657936353646542, 0.6513811591310159, -0.6597358860222724, -0.07885015935933533, -0.37785098921908633, 0.37606351127868143, 0.28503057323784986, -0.11862396946954042, -0.629282812871642, 0.1800877616469834, -0.2320910507634052, 0.2750314479210926, 0.042384769263072664], [0.14702993347937218, -0.4876178079785363, -0.24308371395605, 0.0305863180833666, -0.3174795332793381, 0.6185962385569375, 0.4560480644581675, 0.5470916881673785, -0.6022476980924112, -0.36906101648272904, -0.12043564651507391, 0.6927538516274941, 0.30393019997754045, 0.11569764817970118, -0.021627887098102507], [-0.5600572414246688, -0.5039808179148819, -0.5401963656701392, 0.0706871795097541, -0.44519698051273243, -0.65546967069242, -0.02974519857007684, -0.3115960129686124, 0.06867240332081571, 0.5474563126316214, 0.29295989809294914, 0.2221434298506425, 0.597362894119072, 0.5901736702137351, -0.14541477610703413]], "inverted": false, "swapped": false, "error_lsq": 0.04140847008643314, "error_max": 0.2923863514187546, "target": "85.xyz", "model": "24.xyz", "model_rescale": 4.28219845311461, "target_rescale": 4.188980808214339},
{"mapping": [8, 10, 11, 12, 6, 5, 1, 9, 14, 2, 0, 3, 4, 7, 15], "R": [[0.553690927124942, -0.25704081318288763, 0.7920583170308876], [0.06350606464410471, -0.9353631999111589, -0.34794060413434935], [0.8302971377602967, 0.2429520623708247, -0.5015784668591963]], "T": [0.06636914746442761, 0.058358228230317125, 0.01879289231144607], "aligned_model": [[-0.3440207986479638, -0.037456107902245364, 0.38342536851706316, 0.7516637183206968, -0.610655441319716, 0.0281710468064484, -0.38940918388750345, 0.5795846815626337, 0.19113214835038972, -0.13919538939009468, -0.6857034922774237, -0.06622585300554469, -0.24455825679722737, 0.4576131332704952, 0.0003174641043873355], [0.05980814331750466, -0.3949095986258747, -0.0781171920642396, -0.26855861986330243, -0.489250108188624, 0.5200843399666663, 0.47845896262808607, 0.4818531957935641, -0.6762528256566511, -0.45882456715542963, -0.06066848475640814, 0.8085242911650422, 0.32307204058011485, 0.45656321175842407, 0.048397850228844075], [-0.5411392882291373, -0.6242260905444168, -0.40230909485536936, -0.07018253025276097, -0.21349992080846603, -0.6957913110971493, -0.14139101597891773, -0.10009996654797818, -0.13908496557760722, 0.4175976085983649, 0.3116641237137562, 0.15920225357773224, 0.6253399390077904, 0.5609247401254133, 0.05079424274676954]], "inverted": false, "swapped": false, "error_lsq": 0.043365889475680736, "error_max": 0.26336838970199605, "target": "85.xyz", "model": "25.xyz", "model_rescale": 4.100010024507729, "target_rescale": 4.188980808214339},
{"mapping": [3, 8, 1, 10, 7, 5, 2, 6, 9, 11, 13, 14], "R": [[-0.9855011079159826, -0.024240759071643674, -0.16792841300983474], [0.03139624469905062, 0.9465946179275192, -0.32089391569403664], [0.16673884405011463, -0.32151363098675095, -0.9321089759113722]], "T": [0.07862625012014153, -0.02552936605446534, -0.07781280644668205], "aligned_model": [[-0.648367310278437, -0.05432834451471706, 0.2528723200068643, 0.770076892708586, -0.32701733652285087, 0.20863654842384166, -0.4087172211859668, 0.5083462531781336, 0.07768776719722949, -0.06599485849389451, -0.44073988491874777, 0.004310776762965235], [-0.2478981367816614, -0.6390783087097901, -0.2538554454546423, -0.22129223005200302, 0.6419698134670202, 0.7272652704028806, 0.062242263108343694, 0.4161455205779913, -0.4629053397183177, 0.5270419572038885, 0.03763380036691095, 0.07886222564001871], [0.08996807289451929, 0.1244546044777549, 0.6762868119306805, -0.37693573679574494, 0.09021662521407763, 0.2310866306036216, 0.49362720933611376, -0.21790285976490292, -0.5006004365606077, -0.4386813952810789, -0.5418712045139025, -0.06445603168617424]], "inverted": false, "swapped": true, "error_lsq": 0.046748952641329555, "error_max": 0.25631335360889573, "target": "85.xyz", "model": "26.xyz", "model_rescale": 3.6694154284099745, "target_rescale": 4.188980808214339},
