[{"mapping": [1, 6, 8, 3, 2, 5, 0, 10, 4, 4, 9, 11], "R": [[0.7103314014829378, -0.1993591655626938, -0.6750446082840987], [-0.4951364557794917, -0.82316644699025, -0.277915258140988], [-0.5002691178010185, 0.5316511296476243, -0.6834309666081835]], "T": [0.06877218928598909, 0.11389526050455344, 0.054704734358823934], "aligned_model": [[-0.2351687152638693, 0.09625345441610021, -0.34488636600097694, 0.2642852443400328, -0.71034240645238, 0.39353803434756357, -0.13757517049800683, 0.7359355891462583, -0.22933817656589756, -0.22933817656589756, 0.3504965461721927, 0.06465270746438917], [-0.34709994254345833, 0.2736557863682227, 0.546048840185118, 0.5977333417503696, -0.09035562529457937, -0.6497118491882854, -0.3974204782104972, 0.0752968936394312, 0.20609510067834852, 0.20609510067834852, 0.6190039588125666, 0.04719085912722713], [0.49853342746810386, 0.7610161684285047, 0.2673861249372761, -0.3944142601478957, 0.051202171849640085, 0.04385759474051425, -0.22595230983204911, -0.06843953033546381, -0.6902636314038556, -0.6902636314038556, 0.24139435393796577, 0.03557861100576567]], "inverted": true, "swapped": false, "error_lsq": 0.062206322447850765, "error_max": 0.38150467386666365, "target": "850.xyz", "model": "0.xyz", "model_rescale": 3.751011558992144, "target_rescale": 3.9373853279170006},
{"mapping": [6, 1, 7, 2, 11, 10, 9, 8, 13, 3, 0, 14], "R": [[-0.9139215072000032, -0.3665039433091909, -0.1744200052060768], [0.08739068596017399, 0.24196482315639323, -0.9663414988306698], [0.39637147561938, -0.8984029629813721, -0.18910782485557426]], "T": [0.06743062617541465, 0.027832047835239723, -0.012608533391844597], "aligned_model": [[-0.29799957607202754, 0.1991317739829018, -0.3884715786653018, 0.471628219823649, -0.5776793728852272, 0.15840074291007258, -0.12251314876481859, 0.7297833301709697, -0.06593316750314818, -0.23095062198879032, 0.12253184738917229, 0.02058411614205701], [-0.15475544620838272, 0.3179685026176054, 0.350834613344272, 0.5421807430815624, -0.42601646467222426, -0.7836094822261791, -0.4085684183132986, 0.06786509983019358, 0.1514809740180481, 0.6532448665790985, 0.7633961750718212, 0.012510822880295433], [0.617350449062096, 0.6071988517757949, 0.3444622524380815, -0.5183830157211634, 0.10816234775678671, 0.06315972699287589, -0.4683119641898651, -0.002385891971023419, -0.7157637366649761, -0.3339079675768541, 0.16463082071136742, -0.036576783368470006]], "inverted": false, "swapped": false, "error_lsq": 0.055867236209956234, "error_max": 0.2894898297191362, "target": "850.xyz", "model": "1.xyz", "model_rescale": 3.9405287249114394, "target_rescale": 3.9373853279170006},
{"mapping": [1, 4, 2, 9, 0, 7, 6, 3, 11, 5, 8, 12], "R": [[0.6121258188424357, -0.7293045125964221, 0.3056417998457882], [-0.5477374646758948, -0.6698259647861132, -0.5013151171556423], [0.5703381906350832, 0.13945646204047968, -0.8094851718828775]], "T": [0.04562514718674809, 0.06850670033506114, -0.012513591283839175], "aligned_model": [[-0.3704653579833594, 0.37698347284863887, -0.4904437900852155, 0.24064610618529583, -0.6896169658224575, 0.36880185462984977, -0.009649199977676305, 0.5897470852753627, -0.026499692456693154, -0.49369238108726415, 0.5209260639659776, 0.001775369047049842], [-0.18089083868788303, 0.15426377024971377, 0.4274318821732077, 0.7500572523728023, -0.28604437584072756, -0.6086599387018011, -0.39040149386477285, -0.10623884974693705, 0.12588762242128482, 0.41405297032226607, 0.6651950900578012, 0.12187889524785772], [0.6135022962101202, 0.5994856790237421, 0.20651251642063403, -0.39700907585862066, -0.20393605056233607, 0.24421975656543543, -0.2983521982480101, -0.026477393993733594, -0.7189976507813802, -0.355749165446962, 0.12438700838128113, 0.04204936753448048]], "inverted": false, "swapped": false, "error_lsq": 0.0556882189070507, "error_max": 0.3226572309339035, "target": "850.xyz", "model": "2.xyz", "model_rescale": 3.932901565614263, "target_rescale": 3.9373853279170006},
{"mapping": [10, 1, 6, 4, 12, 8, 9, 0, 7, 5, 2, 13], "R": [[0.41887141415567375, -0.5902289440784748, 0.6900554557245633], [-0.05837626188077111, 0.7408594441888177, 0.6691184469173329], [-0.9061671757750076, -0.32055744809354336, 0.27586948366882047]], "T": [0.12376798681681994, -0.06171401586349892, 0.04118253042747084], "aligned_model": [[-0.3392196946788972, 0.38130328754205794, -0.33151134510378405, 0.27007086792781176, -0.6391892212315835, 0.22624425567815765, -0.32444673203980195, 0.6891033986562891, 0.23245030778454517, -0.39796584519355543, 0.24130293833416805, 0.010370346864101501], [-0.0960689491281578, 0.21817911203325266, 0.42455418760434893, 0.672277418804781, -0.06519729401531768, -0.7607552602787658, -0.40832134523960295, 0.2977369327895196, -0.11038102250625698, 0.2114570528358091, 0.7416736374572933, -0.03862248435409149], [0.5867167508434165, 0.676874300665758, 0.19269564835406697, -0.40945972829889227, 0.07302551426751536, -0.157881977856961, -0.42653518830027787, 0.053065996914551196, -0.6627792745880031, -0.3710929374530644, 0.2281415281831949, 0.04686445651334628]], "inverted": true, "swapped": false, "error_lsq": 0.0477065864163456, "error_max": 0.2372883484963213, "target": "850.xyz", "model": "3.xyz", "model_rescale": 3.9243930471874484, "target_rescale": 3.9373853279170006},
{"mapping": [6, 5, 3, 7, 10, 9, 8, 1, 8, 4, 0, 12], "R": [[-0.580240905662239, 0.2431610500775409, -0.7772986524634227], [0.5854104630865229, -0.5390036649210287, -0.6056150913827385], [-0.5662288239793942, -0.8064414132017821, 0.1704029517585452]], "T": [-0.042705051929689826, 0.014797776877519792, 0.022897002583539966], "aligned_model": [[-0.33471885235781657, 0.3339634627382205, -0.45079696559080706, 0.29284690165823923, -0.6733808660472231, 0.32292562752489307, -0.07380553964114478, 0.6499412621551361, -0.07380553964114478, -0.2949410211464807, 0.29337024010147117, 0.026913854786166], [-0.0056884264854850375, 0.1324868947693058, 0.49332578105899005, 0.46346294941376254, -0.2770079586608083, -0.5638772362939122, -0.23462097145433305, 0.18809309423665657, -0.23462097145433305, 0.36237382371676197, 0.7028381737298419, 0.05976683342636489], [0.6830672613562314, 0.669343598492751, 0.2625327878560657, -0.5507084439635831, -0.09637222946326496, -0.14779812666594322, -0.554302630611864, 0.003658589224180775, -0.554302630611864, -0.3869019443855165, 0.3929999122533522, 0.10841894576410539]], "inverted": false, "swapped": false, "error_lsq": 0.05108361833070973, "error_max": 0.30009840993638537, "target": "850.xyz", "model": "4.xyz", "model_rescale": 3.8936222436046832, "target_rescale": 3.9373853279170006},
{"mapping": [9, 6, 1, 4, 0, 8, 3, 7, 10, 2, 5, 11], "R": [[0.04566525508642702, 0.6386855848844644, 0.7681115857339227], [-0.9982017448010565, 0.059064134406002805, 0.010232531602494155], [-0.03883247550720864, -0.7671975962473158, 0.6402342439750647]], "T": [0.04723381810277175, 0.011606600681635645, -0.01819851825298961], "aligned_model": [[-0.17387399080202484, 0.3481485563670818, -0.46879999864892813, 0.16077821817960672, -0.8275546186666701, 0.27445454058344243, -0.2850742086734112, 0.6928416096511031, 0.29510080373002157, -0.3992679969293862, 0.33425776995636863, 0.06750187979230497], [-0.32781462742304535, 0.23939035893495303, 0.5198032135719146, 0.670061422520032, -0.11364318907335628, -0.6909036692934996, -0.3811396447916428, 0.03134632139158696, -0.04832427732489883, 0.27951664372446605, 0.7291593257580274, 0.179080108008275], [0.4486424724220877, 0.6833522695585781, 0.3261182977414797, -0.4473482773299441, 0.023943978562310026, -0.04489852172955203, -0.2743308948240736, 0.032283659854086724, -0.596504360158889, -0.5530057759953464, 0.2265589021547511, 0.004823338989162446]], "inverted": false, "swapped": false, "error_lsq": 0.0475234194323752, "error_max": 0.27148872686124653, "target": "850.xyz", "model": "5.xyz", "model_rescale": 3.6523030999806103, "target_rescale": 3.9373853279170006},
{"mapping": [10, 6, 9, 5, 11, 2, 4, 1, 3, 7, 8, 12], "R": [[0.4624048515035645, -0.07247932077779173, -0.8837015906772809], [0.6865366196796238, 0.659983140580431, 0.30510608644939696], [0.5611142692400917, -0.747776037466554, 0.3549391139984105]], "T": [0.04979617826367264, 0.13020128869737177, -0.006411287559707107], "aligned_model": [[-0.280261518945394, 0.37961910632129764, -0.4981197951873846, 0.2894654166901751, -0.777935589081738, 0.3937313350931607, -0.16362594082556708, 0.7160626606658691, 0.05027750892899716, -0.35030039649557887, 0.2065552993798421, 0.05304447799582968], [-0.20001610484613738, 0.08170239987621442, 0.4771368645242242, 0.6814561603919065, -0.08056641350824673, -0.5450339735291138, -0.40103470756011617, 0.007671086947672545, -0.13924300531041503, 0.3494277067329584, 0.6948810775451333, 0.16015089473873184], [0.6186418551260748, 0.5517008481108202, 0.3130987552300498, -0.32669280836889564, -0.21855769967922728, 0.03805873326019776, -0.043437187828169146, -0.15954583650286464, -0.6467551355784223, -0.5150177839775022, 0.32565258683831344, -0.10751123738572418]], "inverted": true, "swapped": false, "error_lsq": 0.05463510953548253, "error_max": 0.25306510897845075, "target": "850.xyz", "model": "6.xyz", "model_rescale": 4.08911054899281, "target_rescale": 3.9373853279170006},
{"mapping": [0, 2, 1, 12, 9, 4, 8, 7, 10, 11, 13, 14], "R": [[0.36334558057878835, 0.8269204806092024, -0.4291648958418066], [0.7651128217525348, -0.002012344025008883, 0.6438930970754374], [0.5315847618806778, -0.5623152756422064, -0.6334186385919602]], "T": [0.07606441083108338, 0.023608148678107455, -0.04754928199649723], "aligned_model": [[-0.25044596946644193, 0.24464431808444442, -0.3894541648549572, 0.3614126610311025, -0.6956365368508248, 0.2991540625224366, -0.274347728281773, 0.7819539150659194, 0.04998097285837898, -0.25115045938785435, 0.23046062627702024, -0.08805913245794157], [-0.2806052181898209, 0.31057481146272004, 0.3930610443536021, 0.49806597413029413, -0.10421043905532601, -0.6243657465011327, -0.4334540729689461, 0.1635828390491621, 0.0019672044462507587, 0.38486247590461914, 0.7327893429740014, 0.04426377039738804], [0.7804008264525162, 0.686869190410049, 0.38226820534391703, -0.49640122416247096, 0.004386870002524482, -0.2125048159343686, -0.41286343665026315, 0.23778571130799664, -0.7673591334838611, -0.374591791045215, 0.047940846627588976, -0.046296159623762864]], "inverted": false, "swapped": false, "error_lsq": 0.05432344623568189, "error_max": 0.2796007957718928, "target": "850.xyz", "model": "7.xyz", "model_rescale": 3.964800864290218, "target_rescale": 3.9373853279170006},
{"mapping": [1, 5, 3, 11, 0, 7, 2, 9, 4, 6, 10, 13], "R": [[0.45227579972681564, -0.043027071722735344, 0.8908396444256601], [-0.8572082194730677, 0.25481384716595623, 0.4475086275819698], [-0.24625326281956725, -0.9660323878584258, 0.07836297696786343]], "T": [0.020101302991866896, 0.04318275641484871, -0.020084522878502112], "aligned_model": [[-0.15776581041264048, 0.14614595448459594, -0.5065984296400525, 0.39213759093371253, -0.6809378685941572, 0.28213630389768235, -0.29941435860756765, 0.6858512761236553, -0.056602446896034275, -0.25819228443086645, 0.3926438894472772, 0.07910874823390411], [-0.5161335746448205, 0.34795510049442735, 0.4737955339430697, 0.5161208366284521, -0.07670184204670852, -0.6161550931105445, -0.44520023658511776, 0.21820634212597037, 0.010706921099340488, 0.41608337820250657, 0.7034822637379484, 0.05437235615828806], [0.4475140474267264, 0.7482235449450086, 0.23115783656214384, -0.590217750494648, 0.06553752729805021, 0.03877483020350398, -0.33313487329383457, -0.019417808202508463, -0.718765601688811, -0.36649992185536967, 0.29669709734782507, 0.029766160996564164]], "inverted": false, "swapped": false, "error_lsq": 0.05281579327402076, "error_max": 0.3746008552186165, "target": "850.xyz", "model": "8.xyz", "model_rescale": 4.121658175737393, "target_rescale": 3.9373853279170006},
{"mapping": [8, 7, 6, 4, 2, 3, 2, 5, 0, 1, 9, 12], "R": [[-0.5724774275458036, 0.42896688589704124, 0.6987538949833013], [-0.3648119785118742, -0.8964800623033482, 0.2514671315039743], [0.7342900076160587, -0.11095453436601896, 0.6697068582736994]], "T": [0.12238035983967464, 0.023239792028285494, 0.08832814556097317], "aligned_model": [[-0.39192508308354834, 0.40727243972852384, -0.35814606366927915, 0.18901201005418053, -0.4228265897875044, 0.07563235724280958, -0.4228265897875044, 0.6912923243929762, 0.2445624326149773, -0.3014588236881724, 0.23718274861224192, 0.07074140190980853], [-0.0946564034990346, 0.16500246167366253, 0.47879263116675497, 0.6958591397860698, -0.3315580494198166, -0.7433377119400503, -0.3315580494198166, 0.19429715756977137, -0.04663666671498648, 0.22885759233460984, 0.8172744849746006, 0.054195399491047735], [0.5904673057417253, 0.6832657545796218, 0.29265146081536714, -0.48723362691033106, -0.15501179082613098, -0.09293836026098447, -0.15501179082613098, -0.08136705342204485, -0.6856311975108117, -0.4146762106996534, 0.31085709865407224, 0.024263499909951886]], "inverted": false, "swapped": false, "error_lsq": 0.05215648754911115, "error_max": 0.3220213048764613, "target": "850.xyz", "model": "9.xyz", "model_rescale": 3.833441315466971, "target_rescale": 3.9373853279170006},
{"mapping": [5, 3, 6, 11, 1, 13, 0, 8, 10, 12, 7, 14], "R": [[-0.007458546879476252, 0.567512880105603, 0.8233307360913296], [0.38404387580993793, 0.7618366570136581, -0.5216466327727374], [-0.9232847185626589, 0.31230440109690694, -0.22363204046865612]], "T": [-0.0045459736352067345, 0.12653380989547935, 0.048219173717918076], "aligned_model": [[-0.21242748150896726, 0.3442929753874052, -0.5589282580604295, 0.25488064132470206, -0.694922346041378, 0.17068877464362595, -0.26467174299159607, 0.7084805499115617, 0.25407024143623386, -0.3847964951931751, 0.3337875661483402, 0.06805813948318577], [-0.3979465637730393, 0.34397870715262424, 0.4566882744864937, 0.6042341667718822, -0.10877583866151408, -0.6509995676321434, -0.40956578964501844, 0.09002596943993085, -0.060824972782355824, 0.393195377334221, 0.6846646130622543, 0.14185761024947674], [0.42123501491996873, 0.8133014921969571, 0.26008677452325063, -0.36389401647886666, -0.06848029771663842, 0.06874163070523616, -0.28156070012663725, -0.2645422636122334, -0.7092558974068501, -0.3356052739359272, 0.18213854944735414, 0.10747007672903701]], "inverted": false, "swapped": false, "error_lsq": 0.0491964403179207, "error_max": 0.2666044183244014, "target": "850.xyz", "model": "10.xyz", "model_rescale": 4.2482417240324, "target_rescale": 3.9373853279170006},
{"mapping": [4, 6, 5, 3, 9, 0, 10, 1, 8, 7, 2, 11], "R": [[-0.12256083115177421, -0.9056170762722014, 0.40600068205801837], [0.9035802926562116, 0.06738986421263907, 0.4230854061826252], [-0.41051369939467447, 0.41870791414253433, 0.8100383850433923]], "T": [0.06526675359105373, 0.111412870984998, -0.012304822397013623], "aligned_model": [[-0.40787501936451726, 0.19379155845158974, -0.4656493228750421, 0.24570798160977214, -0.6941434201865181, 0.42123589255160493, -0.1466734647441189, 0.7459000988450053, 0.13429042576101385, -0.39240983370724253, 0.43251215499046347, -0.04817448679250154], [-0.27281319130682513, 0.15296128388532812, 0.37932926159583014, 0.6313528340477327, -0.12482924464443723, -0.5420062625603768, -0.44791222485567095, 0.01398822170901537, -0.02176175021061269, 0.5206213587044116, 0.7292941029763057, 0.068307596662111], [0.6156655399390005, 0.621916938554155, 0.44653621512408764, -0.6082704459804248, -0.22863039394358958, 0.12971237359821652, -0.2515518569645464, -0.17476478915827065, -0.6075846573523005, -0.29802636815918976, 0.16407795649187762, 0.020554577095635254]], "inverted": false, "swapped": false, "error_lsq": 0.05149062233581938, "error_max": 0.30531332710288867, "target": "850.xyz", "model": "11.xyz", "model_rescale": 3.6694154284099745, "target_rescale": 3.9373853279170006},
{"mapping": [0, 12, 6, 9, 4, 1, 3, 10, 8, 11, 7, 13], "R": [[0.7194151218721285, -0.651353081775818, -0.2412074735219769], [0.16401874694014562, 0.4967601209740782, -0.8522483398998227], [0.6749368363587034, 0.5735577957546772, 0.4642108592602515]], "T": [0.034282872639121845, 0.14721476978722364, 0.08010797533373196], "aligned_model": [[-0.34963078743404413, 0.5070417596884342, -0.4211986412143087, 0.266770739440641, -0.5682619661953406, 0.06169563957992631, -0.145835633904503, 0.640958115768099, 0.16555847625494907, -0.40308510040898515, 0.29102647176746077, -0.026526508802819898], [-0.1607586752866373, -0.040293564458512704, 0.4342761904591466, 0.6623596161742866, -0.24702919443678978, -0.6914114591975973, -0.5282526267848013, 0.3130790720873677, 0.005936725902956047, 0.4445668149541718, 0.8319920996306074, 0.06206698695861439], [0.5982783364737931, 0.5307832016006898, 0.2532759999608971, -0.4902089943603296, -0.09074302295769923, 0.1915892848385532, -0.4224355753880199, -0.009127499144331835, -0.6516058222146163, -0.43498392548970166, 0.21174403159772323, 0.14306907432769267]], "inverted": true, "swapped": false, "error_lsq": 0.05002948742025401, "error_max": 0.31777382238912866, "target": "850.xyz", "model": "12.xyz", "model_rescale": 3.9764082729961374, "target_rescale": 3.9373853279170006},
{"mapping": [13, 6, 12, 0, 10, 3, 8, 4, 2, 1, 5, 15], "R": [[-0.10204876397452312, -0.8680978897941629, 0.485790184654027], [-0.6255290705387564, 0.4357098509023005, 0.6472019064693916], [-0.7734981782022451, -0.237829728086328, -0.587484117875702]], "T": [0.01202706955380488, 0.09211675372916057, 0.043830002919972216], "aligned_model": [[-0.2565473065436081, 0.3663730304175821, -0.5197255773084002, 0.384443772479224, -0.7318728758926254, 0.30587187308585123, -0.2110286140384941, 0.7150798226123783, -0.027824509582247872, -0.46284645110805767, 0.35221534458668263, 0.10437405583122372], [0.014359618086901074, 0.11502198191573153, 0.4013804419423116, 0.4802673722991773, -0.18251410537206225, -0.6868357966610237, -0.43661611050824617, 0.2374512288644275, 0.0608951598551072, 0.22421697008151859, 0.821378738677552, 0.03752648682141721], [0.5881664600377144, 0.7202714979810598, 0.21356105092270547, -0.4437690436214816, -0.0878425506072825, -0.07999084747063157, -0.36889333897024523, 0.06524118068171392, -0.7522206095554196, -0.35662879705183936, 0.2789316844835159, 0.05280840241484108]], "inverted": true, "swapped": false, "error_lsq": 0.04305139754583239, "error_max": 0.2556272075848486, "target": "850.xyz", "model": "13.xyz", "model_rescale": 4.170626492500431, "target_rescale": 3.9373853279170006},
{"mapping": [11, 6, 3, 0, 9, 12, 10, 4, 7, 1, 2, 13], "R": [[0.41214521426990935, 0.7167793265240786, -0.5624621937713671], [-0.3033709504553438, -0.4741468386646019, -0.8265293956080361], [-0.8591288545813323, 0.51128482517287, 0.022032675137528462]], "T": [0.08588785875440395, 0.09572402676395925, -0.023852546035331736], "aligned_model": [[-0.3201124576574198, 0.17340580282053975, -0.33289521988876714, 0.15121747688955467, -0.681155395341264, 0.3893721119866952, -0.10370985248042307, 0.7932178625354899, -0.029332305725895874, -0.4802692414040858, 0.3919550348554555, 0.0668187479496297], [-0.2216296346488677, 0.18447848867842195, 0.4937999615136655, 0.517270298332079, -0.15159113577115763, -0.5648494638690871, -0.3793513317264181, 0.0496837780551706, 0.009150224298497447, 0.4379699236491353, 0.6585403263172951, 0.053060551174077694], [0.45999665339824936, 0.8079842901211337, 0.3524849190743469, -0.4408527719935616, -0.10623151902259145, 0.06127143824104091, -0.26193743976986456, 0.0012012329790696726, -0.8217617472058731, -0.41519428147986287, 0.12612366510150835, 0.06655064980105574]], "inverted": false, "swapped": false, "error_lsq": 0.046779981472190695, "error_max": 0.2420030932263559, "target": "850.xyz", "model": "14.xyz", "model_rescale": 3.9786697098870705, "target_rescale": 3.9373853279170006},
{"mapping": [6, 1, 9, 2, 7, 10, 7, 4, 5, 8, 0, 11], "R": [[-0.26172921982461583, 0.41216468225091984, -0.8727073336434136], [0.5474093275030745, -0.6813211547736281, -0.48594702614643276], [-0.7948841699597683, -0.6049146706461404, -0.04730113724258633]], "T": [-0.008681608628355082, 0.17248802378924422, 0.01737277700688556], "aligned_model": [[-0.4389787085340171, 0.29794914287868335, -0.466968334040025, 0.36148360604029484, -0.3610841774353919, 0.36794995982404793, -0.3610841774353919, 0.5526859945384867, 0.05165147496069675, -0.24449901295359816, 0.32804019562640396, -0.06863339893068071], [-0.08798839907985545, -0.05989902821608353, 0.5168785519902322, 0.7488159904172008, -0.3709985861644559, -0.5658883586198892, -0.3709985861644559, 0.080471658042713, -0.02807420163690222, 0.3421133362734244, 0.7095209305790439, 0.1725786785818401], [0.6292160001825704, 0.5765202815017584, 0.2598242349239656, -0.5161731019940026, -0.11419750721387861, 0.08996732254834461, -0.11419750721387861, -0.20915345246922504, -0.757736441417651, -0.4160387263060095, 0.3037635408996156, 0.09784044580304097]], "inverted": false, "swapped": false, "error_lsq": 0.05955219432133038, "error_max": 0.37983302027964655, "target": "850.xyz", "model": "15.xyz", "model_rescale": 3.769337070930944, "target_rescale": 3.9373853279170006},
{"mapping": [7, 5, 10, 1, 3, 8, 9, 6, 2, 0, 11], "R": [[0.5045286921143622, -0.30375939844363753, 0.8081961560726029], [0.09274312276771313, -0.9115849228634864, -0.4005142214544508], [0.8583993895691354, 0.2770255516466513, -0.4317491537017815]], "T": [-0.019750369623756966, -0.04417271044287583, 0.07162652986110207], "aligned_model": [[-0.31194928882751594, -0.35975735554276617, -0.1156669172675142, -0.7318985377247121, 0.47270349341169016, 0.5251873710410163, 0.5600319596923635, 0.17292363030126673, 0.1346370856691555, -0.352250557774476, -0.07133475228733704], [-0.0006976094314726164, -0.7628077561911397, 0.712489058949045, 0.37149644334443505, 0.27736750999384563, -0.35882835362551224, 0.1884841776286108, -0.4787465788579203, 0.5349548638040895, 0.012143340519208672, 0.10020940149215171], [-0.5843242002245216, 0.04533887897270341, -0.2549459861266554, 0.012633923100687117, -0.619613007304345, -0.27608964499355776, 0.08973075950188644, 0.16329902185883427, 0.4351719922125939, 0.6780017964425116, 0.055014073783639816]], "inverted": true, "swapped": true, "error_lsq": 0.04611991550978925, "error_max": 0.24420910895553705, "target": "850.xyz", "model": "16.xyz", "model_rescale": 3.7852294659196426, "target_rescale": 3.9373853279170006},
{"mapping": [10, 9, 11, 3, 6, 4, 5, 0, 1, 2, 8, 12], "R": [[-0.011573524712517103, 0.4551630556376091, 0.8903328851100377], [-0.8938496013278165, 0.394406968204525, -0.2132511046579082], [-0.44821751832322676, -0.7982917613343818, 0.4022826370275237]], "T": [-0.014229340440207476, 0.1268896949504137, -0.07957085478158848], "aligned_model": [[-0.13304279350910375, 0.23000345486490395, -0.5079324186712953, 0.548549261536799, -0.7167363779476372, 0.3074920259331355, -0.22732858485148913, 0.6367492761743333, -0.02189713963461319, -0.2445521874432529, 0.1777237689832342, -0.03051572089550548], [-0.35047394032438434, 0.31310522548483766, 0.535932664603441, 0.4424181858547984, -0.32841471329073574, -0.4973779306181916, -0.42829898670705735, 0.02789487563252792, 0.006630549364050317, 0.5649481101877364, 0.6758205124190917, 0.12434743339669786], [0.5586002808601098, 0.7284736386697783, 0.2766217812397847, -0.544562669491228, 0.21466543460280435, -0.17215583831239137, -0.3598622216681961, 0.09980033074596334, -0.7576070610459897, -0.43893589484314766, 0.21374616257047468, 0.010851145916688426]], "inverted": true, "swapped": false, "error_lsq": 0.058669532275819065, "error_max": 0.30301293622779707, "target": "850.xyz", "model": "17.xyz", "model_rescale": 3.901054581598922, "target_rescale": 3.9373853279170006},
{"mapping": [6, 1, 7, 2, 11, 10, 9, 8, 13, 3, 0, 14], "R": [[-0.9139215072000032, -0.3665039433091909, -0.1744200052060768], [0.08739068596017399, 0.24196482315639323, -0.9663414988306698], [0.39637147561938, -0.8984029629813721, -0.18910782485557426]], "T": [0.06743062617541465, 0.027832047835239723, -0.012608533391844597], "aligned_model": [[-0.29799957607202754, 0.1991317739829018, -0.3884715786653018, 0.471628219823649, -0.5776793728852272, 0.15840074291007258, -0.12251314876481859, 0.7297833301709697, -0.06593316750314818, -0.23095062198879032, 0.12253184738917229, 0.02058411614205701], [-0.15475544620838272, 0.3179685026176054, 0.350834613344272, 0.5421807430815624, -0.42601646467222426, -0.7836094822261791, -0.4085684183132986, 0.06786509983019358, 0.1514809740180481, 0.6532448665790985, 0.7633961750718212, 0.012510822880295433], [0.617350449062096, 0.6071988517757949, 0.3444622524380815, -0.5183830157211634, 0.10816234775678671, 0.06315972699287589, -0.4683119641898651, -0.002385891971023419, -0.7157637366649761, -0.3339079675768541, 0.16463082071136742, -0.036576783368470006]], "inverted": false, "swapped": false, "error_lsq": 0.055867236209956234, "error_max": 0.2894898297191362, "target": "850.xyz", "model": "18.xyz", "model_rescale": 3.9405287249114394, "target_rescale": 3.9373853279170006},
{"mapping": [8, 4, 9, 14, 5, 1, 2, 12, 10, 11, 13, 15], "R": [[-0.5105068761380639, -0.6373968112179031, 0.5771551216657482], [-0.06370392867062269, 0.6974001690233683, 0.7138450908412175], [-0.8575106640081418, 0.32765577866936285, -0.39663226270298513]], "T": [0.12148931004926143, 0.06968763754242868, 0.09034355650797543], "aligned_model": [[-0.3609153820257066, 0.4596662815208207, -0.5112113985667524, 0.4133051988031727, -0.672445269510033, 0.3769244844670695, -0.31056879227702316, 0.6644603056035929, -0.0009620670627634859, -0.29319617397363584, 0.149786631960369, 0.10366874560039871], [-0.26148298379846496, 0.11257608659607188, 0.47455335439465235, 0.5042305402081205, -0.16657248512615527, -0.5307789620247753, -0.47936846883008244, 0.14257894064884205, 0.02522182050386032, 0.47367359436860834, 0.7395656906452652, 0.05233485841686908], [0.5698056385965373, 0.7372299031873406, 0.2477710369269428, -0.48040587615913266, 0.018847538608376818, -0.008206727376861206, -0.4265592112175557, 0.08744215553949053, -0.6848547976601611, -0.3386605203115205, 0.048005619432821334, 0.05922032967837253]], "inverted": false, "swapped": false, "error_lsq": 0.044121197512142635, "error_max": 0.25049545860405004, "target": "850.xyz", "model": "19.xyz", "model_rescale": 4.410303926677745, "target_rescale": 3.9373853279170006},
{"mapping": [1, 5, 3, 11, 0, 7, 2, 9, 4, 6, 10, 13], "R": [[0.45227579972681564, -0.043027071722735344, 0.8908396444256601], [-0.8572082194730677, 0.25481384716595623, 0.4475086275819698], [-0.24625326281956725, -0.9660323878584258, 0.07836297696786343]], "T": [0.020101302991866896, 0.04318275641484871, -0.020084522878502112], "aligned_model": [[-0.15776581041264048, 0.14614595448459594, -0.5065984296400525, 0.39213759093371253, -0.6809378685941572, 0.28213630389768235, -0.29941435860756765, 0.6858512761236553, -0.056602446896034275, -0.25819228443086645, 0.3926438894472772, 0.07910874823390411], [-0.5161335746448205, 0.34795510049442735, 0.4737955339430697, 0.5161208366284521, -0.07670184204670852, -0.6161550931105445, -0.44520023658511776, 0.21820634212597037, 0.010706921099340488, 0.41608337820250657, 0.7034822637379484, 0.05437235615828806], [0.4475140474267264, 0.7482235449450086, 0.23115783656214384, -0.590217750494648, 0.06553752729805021, 0.03877483020350398, -0.33313487329383457, -0.019417808202508463, -0.718765601688811, -0.36649992185536967, 0.29669709734782507, 0.029766160996564164]], "inverted": false, "swapped": false, "error_lsq": 0.05281579327402076, "error_max": 0.3746008552186165, "target": "850.xyz", "model": "20.xyz", "model_rescale": 4.121658175737393, "target_rescale": 3.9373853279170006},
{"mapping": [10, 6, 9, 5, 11, 2, 4, 1, 3, 7, 8, 12], "R": [[0.4624048515035645, -0.07247932077779173, -0.8837015906772809], [0.6865366196796238, 0.659983140580431, 0.30510608644939696], [0.5611142692400917, -0.747776037466554, 0.3549391139984105]], "T": [0.04979617826367264, 0.13020128869737177, -0.006411287559707107], "aligned_model": [[-0.280261518945394, 0.37961910632129764, -0.4981197951873846, 0.2894654166901751, -0.777935589081738, 0.3937313350931607, -0.16362594082556708, 0.7160626606658691, 0.05027750892899716, -0.35030039649557887, 0.2065552993798421, 0.05304447799582968], [-0.20001610484613738, 0.08170239987621442, 0.4771368645242242, 0.6814561603919065, -0.08056641350824673, -0.5450339735291138, -0.40103470756011617, 0.007671086947672545, -0.13924300531041503, 0.3494277067329584, 0.6948810775451333, 0.16015089473873184], [0.6186418551260748, 0.5517008481108202, 0.3130987552300498, -0.32669280836889564, -0.21855769967922728, 0.03805873326019776, -0.043437187828169146, -0.15954583650286464, -0.6467551355784223, -0.5150177839775022, 0.32565258683831344, -0.10751123738572418]], "inverted": true, "swapped": false, "error_lsq": 0.05463510953548253, "error_max": 0.25306510897845075, "target": "850.xyz", "model": "21.xyz", "model_rescale": 4.08911054899281, "target_rescale": 3.9373853279170006},
{"mapping": [2, 0, 8, 10, 15, 3, 14, 7, 9, 5, 6, 16], "R": [[-0.6871228707367675, 0.21203423337189872, 0.694912688320522], [0.5455419301659546, -0.4811194686092216, 0.6862274108165493], [0.4798397263058451, 0.8506265577817164, 0.21491462550315232]], "T": [-0.03706833966164473, 0.060886319298666676, 0.03507185453389992], "aligned_model": [[-0.32007845711223976, 0.3445545874203726, -0.35137505254405105, 0.351515150354525, -0.6626525774466561, 0.22354282963767602, -0.09425805709989192, 0.6414191040879148, -0.1318481377859615, -0.24009692894711593, 0.25807035374967635, -0.0002802497747395327], [-0.4141617025861847, 0.24031307320395442, 0.651869400456229, 0.5157866032448313, -0.31227649489129944, -0.7673822139115251, -0.46856291936481126, 0.2716380515598755, 0.06505019727889752, 0.540773569237212, 0.7121557088630287, 0.05132871291260426], [0.49927922166322813, 0.684879041080524, 0.215937290929702, -0.5064113051003485, 0.005056967645149353, 0.05328939072175367, -0.3230278883381953, 0.002905349710996881, -0.6710067979901642, -0.44055055161128936, 0.24556048230103222, 0.06372388823226187]], "inverted": true, "swapped": false, "error_lsq": 0.04224888410405748, "error_max": 0.2103524458515809, "target": "850.xyz", "model": "22.xyz", "model_rescale": 4.204369325754507, "target_rescale": 3.9373853279170006},
{"mapping": [8, 4, 9, 14, 5, 1, 2, 12, 10, 11, 13, 15], "R": [[-0.5105068761380639, -0.6373968112179031, 0.5771551216657482], [-0.06370392867062269, 0.6974001690233683, 0.7138450908412175], [-0.8575106640081418, 0.32765577866936285, -0.39663226270298513]], "T": [0.12148931004926143, 0.06968763754242868, 0.09034355650797543], "aligned_model": [[-0.3609153820257066, 0.4596662815208207, -0.5112113985667524, 0.4133051988031727, -0.672445269510033, 0.3769244844670695, -0.31056879227702316, 0.6644603056035929, -0.0009620670627634859, -0.29319617397363584, 0.149786631960369, 0.10366874560039871], [-0.26148298379846496, 0.11257608659607188, 0.47455335439465235, 0.5042305402081205, -0.16657248512615527, -0.5307789620247753, -0.47936846883008244, 0.14257894064884205, 0.02522182050386032, 0.47367359436860834, 0.7395656906452652, 0.05233485841686908], [0.5698056385965373, 0.7372299031873406, 0.2477710369269428, -0.48040587615913266, 0.018847538608376818, -0.008206727376861206, -0.4265592112175557, 0.08744215553949053, -0.6848547976601611, -0.3386605203115205, 0.048005619432821334, 0.05922032967837253]], "inverted": false, "swapped": false, "error_lsq": 0.044121197512142635, "error_max": 0.25049545860405004, "target": "850.xyz", "model": "23.xyz", "model_rescale": 4.410303926677745, "target_rescale": 3.9373853279170006},
{"mapping": [13, 11, 7, 3, 12, 15, 5, 10, 2, 0, 1, 16], "R": [[0.49368719269410155, -0.7600262594515819, 0.422650021547206], [0.49151741577660646, -0.157073499376191, -0.8565853990011763], [0.717414514599547, 0.6306250873044572, 0.2960209680143317]], "T": [0.10512852108717918, -0.05835319204679021, 0.111029139253038], "aligned_model": [[-0.44361588852386247, 0.34717311810141593, -0.29255013027433246, 0.2969443818332505, -0.6577128270579696, 0.27793401896454284, -0.1105543916368778, 0.7104000910110155, -0.06040405040968466, -0.3745028872106697, 0.2048061978663948, 0.12059493187628575], [-0.2078934906602748, 0.17557187821307751, 0.40368012842939194, 0.530987088604944, -0.13925331604489885, -0.7501498552449235, -0.42486504452172436, 0.1727776980287493, 0.15692039426396384, 0.3400277603343458, 0.7928637186206454, 0.035865025979515866], [0.5241924191320176, 0.6471400990094063, 0.3761853153141297, -0.5409951653565677, -0.12918760096479118, 0.1405219778080863, -0.35238425781505645, 0.04771417601022997, -0.7602631205478404, -0.31515408430261604, 0.1538015756580681, 0.03806375529958432]], "inverted": false, "swapped": false, "error_lsq": 0.038483779779419254, "error_max": 0.21862051512883465, "target": "850.xyz", "model": "24.xyz", "model_rescale": 4.28219845311461, "target_rescale": 3.9373853279170006},
{"mapping": [9, 5, 3, 0, 7, 12, 13, 10, 2, 4, 1, 15], "R": [[-0.8084422438831266, 0.4686439175363394, 0.3560814750326232], [-0.479921896734134, -0.1746473579059023, -0.8597518673498764], [-0.340728794410345, -0.8659510257125868, 0.3661047797106621]], "T": [0.09760525657557802, 0.043896536061089154, -0.031070831959058937], "aligned_model": [[-0.22154770508438815, 0.35115033606901536, -0.4280993020888408, 0.1702184901858323, -0.657648991325091, 0.16765404485921814, -0.18699418645792482, 0.8786813030549016, 0.1802273718670939, -0.4222929787712178, 0.08810597883693937, 0.09905820339397095], [-0.23481654795039383, 0.2847345389959008, 0.48620279633488367, 0.6678675032617877, -0.14214305608166752, -0.7144841275671713, -0.3803420362910952, -0.0520733871755086, 0.0019830458827811218, 0.4327879253195695, 0.6379654433642818, 0.09884988790944385], [0.4955543551933883, 0.7454551688427044, 0.32676325526836514, -0.5515914582853303, -0.008129669530430185, 0.03504903289090519, -0.33428898393978235, 0.07098210664669502, -0.7094489490838287, -0.3674008562946942, 0.20740200914597381, -0.08071092160931524]], "inverted": false, "swapped": false, "error_lsq": 0.04343033777712704, "error_max": 0.27181863787264526, "target": "850.xyz", "model": "25.xyz", "model_rescale": 4.100010024507729, "target_rescale": 3.9373853279170006},
{"mapping": [4, 6, 5, 3, 9, 0, 10, 1, 8, 7, 2, 11], "R": [[-0.12256083115177421, -0.9056170762722014, 0.40600068205801837], [0.9035802926562116, 0.06738986421263907, 0.4230854061826252], [-0.41051369939467447, 0.41870791414253433, 0.8100383850433923]], "T": [0.06526675359105373, 0.111412870984998, -0.012304822397013623], "aligned_model": [[-0.40787501936451726, 0.19379155845158974, -0.4656493228750421, 0.24570798160977214, -0.6941434201865181, 0.42123589255160493, -0.1466734647441189, 0.7459000988450053, 0.13429042576101385, -0.39240983370724253, 0.43251215499046347, -0.04817448679250154], [-0.27281319130682513, 0.15296128388532812, 0.37932926159583014, 0.6313528340477327, -0.12482924464443723, -0.5420062625603768, -0.44791222485567095, 0.01398822170901537, -0.02176175021061269, 0.5206213587044116, 0.7292941029763057, 0.068307596662111], [0.6156655399390005, 0.621916938554155, 0.44653621512408764, -0.6082704459804248, -0.22863039394358958, 0.12971237359821652, -0.2515518569645464, -0.17476478915827065, -0.6075846573523005, -0.29802636815918976, 0.16407795649187762, 0.020554577095635254]], "inverted": false, "swapped": false, "error_lsq": 0.05149062233581938, "error_max": 0.30531332710288867, "target": "850.xyz", "model": "26.xyz", "model_rescale": 3.6694154284099745, "target_rescale": 3.9373853279170006},
{"mapping": [3, 9, 5, 4, 1, 12, 6, 10, 2, 0, 8, 13], "R": [[0.043116902533747614, -0.23975529654346792, -0.9698754200902553], [0.6435901562268936, -0.7358498892200093, 0.21051520454053332], [-0.7641548557221487, -0.6332790366925576, 0.12257658080566763]], "T": [0.05300818010971545, 0.12681239876968345, 0.04942336239467367], "aligned_model": [[-0.16939744927706715, 0.4797422824502573, -0.5771606813698656, 0.2915414422187408, -0.804453919618482, 0.2676684194228037, -0.2972407419016242, 0.6114390460774713, 0.1857227634280523, -0.2946010277843335, 0.2620868966243499, 0.06316553426920585], [-0.3970968619362706, -0.03476147028865023, 0.604656235906653, 0.727015973325572, -0.03157137650715322, -0.6370127077982153, -0.43227170182874475, 0.321178356902099, -0.13523358665603605, 0.3227297191575774, 0.6724950691555549, 0.10640433657042586], [0.6229092322268363, 0.5560350738734798, 0.07246621492850802, -0.4588955552612473, -0.08957297192575474, 0.06442341546241682, -0.14015799980196347, -0.06133566498642484, -0.5636413871221996, -0.4775658076007265, 0.30802287123254174, -0.00305233178081548]], "inverted": true, "swapped": false, "error_lsq": 0.059633456512692175, "error_max": 0.28840730854822166, "target": "850.xyz", "model": "27.xyz", "model_rescale": 4.103607728864725, "target_rescale": 3.9373853279170006},
{"mapping": [7, 11, 4, 12, 1, 9, 0, 10, 3, 2, 13, 14], "R": [[-0.40528566821789963, -0.6824262516886649, 0.6083074371921895], [0.8698050306963542, -0.4926664513483522, 0.026813733256227323], [0.28139427093045977, 0.5399760908799396, 0.7932484387413153]], "T": [0.15197129300855666, 0.03837869034559582, 0.10091286382798925], "aligned_model": [[-0.26253465913582874, 0.41440261926916183, -0.5038935656651842, 0.25440491197463233, -0.7110470382543586, 0.43064724050177755, -0.2427230669432297, 0.6345478174874895, 0.13010962128488968, -0.3018326065116232, 0.1629120366373594, 0.013519253894423378], [-0.19378792517416316, 0.20816936045176312, 0.6639022312592744, 0.6704692604586702, -0.17891655533590153, -0.7127926916840271, -0.36150336168107194, -0.048479867584317035, 0.005841211584788605, 0.3598530606810997, 0.6632303399313908, 0.010546923095306068], [0.6434667540899247, 0.7127642843552981, 0.11398474411372778, -0.4711557352092042, -0.00321671018083719, -0.06703116601961498, -0.3395442256493375, -0.03819416418254026, -0.648749881913151, -0.3807892808939861, 0.27212398815249295, 0.03597648258187844]], "inverted": false, "swapped": false, "error_lsq": 0.04011323796736022, "error_max": 0.24938527701657176, "target": "850.xyz", "model": "28.xyz", "model_rescale": 4.137296879288765, "target_rescale": 3.9373853279170006},
{"mapping": [10, 3, 8, 6, 4, 9, 2, 7, 5, 1, 11], "R": [[-0.4078440597757452, 0.8689177704598008, 0.280437392451163], [-0.7161850220199095, -0.4949564410917727, 0.4920336732949364], [0.5663410961072666, -0.00017204922486263596, 0.8241709369172662]], "T": [-0.050488320384833724, 0.10820516497937785, 0.017181835593074884], "aligned_model": [[0.5638904305764741, 0.21287305423698547, -0.29464873094462274, -0.3920009566455447, 0.025350486708080905, 0.31382508685940425, 0.6164948958179295, -0.23171704747723565, -0.8163134966181768, 0.15447827711141654, 0.06918701108518704], [-0.33084229112672836, -0.7106558448931328, -0.26976695483041147, 0.24221296237724882, 0.7089790728278049, -0.026236691347998498, 0.32125449209767354, -0.47795890611729686, 0.2812178881244181, 0.10623092097278755, 0.07471316856358722], [0.3609298642765331, -0.2723323284569926, -0.5435272010782026, -0.29871782039950323, -0.4158835882242373, -0.47251773419902104, -0.016476897591862372, 0.39282725793108136, 0.1448944705109868, 0.8180568462305693, 0.10850115278364754]], "inverted": false, "swapped": true, "error_lsq": 0.05259311461748207, "error_max": 0.3151003668482809, "target": "850.xyz", "model": "29.xyz", "model_rescale": 3.607286011436655, "target_rescale": 3.9373853279170006},
