[{"mapping": [0, 2, 3, 10, 7, 4, 12, 13, 9, 11, 8, 15], "R": [[-0.8840104096002377, -0.03829587554905389, 0.46589593433979626], [0.3754590418298415, -0.6519037218509918, 0.6588262633995722], [0.27848896499976017, 0.7573341160628885, 0.5906682089130972]], "T": [0.0010999467383165564, -0.0790279189026572, -0.004123634696032989], "aligned_model": [[-0.23761140414009968, 0.12170083225714724, 0.4430984410777617, -0.02581239642673242, -0.16483448042118157, -0.6104235037093688, 0.3473395056977065, -0.21005473293711838, 0.6202610870492327, 0.10421632945611191, -0.5710432086758719, 0.02080599323296182], [-0.4504282035569425, -0.6611229142653197, -0.19564105179932545, 0.5289447820848687, 0.30500140204299103, -0.49674521057008014, -0.4585650683587836, -0.47062130020300974, 0.3199382378383416, 0.46449923444518987, 0.21378063448020806, -0.045485506161080776], [-0.5827797312055715, -0.08896972030512587, -0.5552247840579313, -0.03544471657316408, -0.5877568087775938, 0.060491369867206386, 0.47844310904693804, 0.6700276742393986, -0.005389856454727886, 0.48949562287222, 0.22594448242100781, 0.11311510428090624]], "inverted": false, "swapped": true, "error_lsq": 0.04412680295903803, "error_max": 0.23924729354929417, "target": "852.xyz", "model": "0.xyz", "model_rescale": 3.751011558992144, "target_rescale": 4.129660459969041},
{"mapping": [3, 0, 6, 5, 1, 10, 4, 2, 7, 11, 8, 13, 12, 9, 15], "R": [[-0.2710601692596371, 0.9276319851730402, -0.25695385719008335], [-0.5069701131975249, 0.08933784919300541, 0.8573214408995361], [0.8182344950962566, 0.36265362094634146, 0.44606576000527304]], "T": [0.0806372051715855, 0.03967620733071757, 0.024017818183352926], "aligned_model": [[-0.0418573716966953, 0.11074639962787257, -0.6292191579756644, 0.33093942190900755, -0.2238046885037548, -0.46897393532731185, 0.42557630256954176, 0.5602803415448118, -0.5470731779755406, -0.15207523807108886, -0.11473561816352239, 0.7261728000416171, 0.6715944728151169, -0.21712791827443856, 0.10864357856908317], [0.13736686577314422, -0.5297681092344017, 0.286732226721648, 0.5304340394016862, -0.6971019658125701, 0.19566494690655856, -0.5806815975694747, -0.07932485372956187, -0.23158972692617635, 0.5122793999629066, -0.2511225811665377, 0.02940564921846199, 0.42082242103443784, 0.6879731587008115, 0.1176674765461731], [-0.674641886165813, -0.42829928877593154, -0.3551630305045993, -0.4197951023664354, 0.06550379881304176, 0.2359876200318633, 0.24491819845875057, -0.3170968614391342, -0.1951508455262813, 0.5457513395592918, 0.6099201157090139, 0.5093939339516215, 0.0719554210748066, -0.15923913070741924, 0.1156221227392009]], "inverted": false, "swapped": true, "error_lsq": 0.03903871728051777, "error_max": 0.21555114899006073, "target": "852.xyz", "model": "1.xyz", "model_rescale": 3.9405287249114394, "target_rescale": 4.129660459969041},
{"mapping": [9, 12, 2, 8, 13, 3, 10, 14, 4, 0, 1, 7, 15], "R": [[0.7008435039717136, 0.5743564611504595, 0.4230047735846153], [-0.5100965160437738, -0.010979582144272823, 0.8600470877201672], [0.4986180173847058, -0.8185316758138673, 0.285282260977943]], "T": [-0.08328229354236004, 0.043977607452494245, -0.0031641614017761457], "aligned_model": [[-0.2928097554575937, 0.12395419787321714, -0.30899409752796203, 0.4224982731229855, 0.5382790438006542, -0.78423518268605, 0.0028909241832006244, 0.7671386342588988, 0.17545920957493744, -0.5485785129708595, -0.1575177666145341, -0.4588471334182716, 0.016745445145308444], [0.723585380179169, 0.3664881707372086, -0.10611976495959938, -0.24930510872243183, -0.044528012192629716, 0.17891230372519584, 0.24224869916185118, 0.17569737300835364, -0.6136348197915689, -0.5083312829488912, -0.6623660065382517, -0.15933244934119542, 0.1155181112548069], [0.18858471908045185, -0.5946376733766628, -0.538984071253883, 0.3492379448802244, -0.5113372830621319, -0.059123463874426234, 0.5665716021499406, 0.1198706696767238, -0.23386417249603292, -0.09381997355011426, 0.36127489131628376, 0.5741195705765046, -0.014772410478233397]], "inverted": false, "swapped": true, "error_lsq": 0.047585371139215724, "error_max": 0.3017553169656664, "target": "852.xyz", "model": "2.xyz", "model_rescale": 3.932901565614263, "target_rescale": 4.129660459969041},
{"mapping": [12, 11, 14, 5, 13, 4, 8, 2, 3, 0, 10, 6, 1, 15], "R": [[0.5625597302242145, -0.6460807746842032, 0.5158548075898094], [-0.8259253180098618, -0.41120439927040076, 0.38569198992327813], [-0.03706641337340773, -0.6430323278064091, -0.764941505211675]], "T": [0.028012810843174963, -0.042116137374803395, 0.04377222968152571], "aligned_model": [[-0.43488321789138673, 0.5187268223176762, 0.3725580840080975, -0.34702330018030125, -0.32251193931241173, -0.23790644474148032, 0.43914190480941445, -0.5635717845968049, -0.1726174107795062, -0.2614844336102279, 0.6262447223283695, 0.5073775545654046, 0.2429858567121459, 0.05277349842371465], [0.04652385846605449, 0.01378392402876498, -0.49241988763454086, 0.5331307743713098, -0.5320218774661514, -0.7169705490986062, -0.5817297262815306, -0.027327127698542494, 0.5150859641720408, -0.1603468786622257, 0.07172933663391266, 0.5637103435611422, -0.5161201887216118, -0.05353132731952682], [-0.4803185638757297, -0.5092102911372887, -0.6151803543339591, -0.12623736959023268, -0.4943136628303916, 0.20650586943170063, -0.032425017624079774, 0.14568870081490265, 0.4461987456987141, 0.7010217985483698, 0.02154887126844772, 0.3782786817905055, 0.6490447125274124, -0.07670575763127378]], "inverted": false, "swapped": true, "error_lsq": 0.04356459002221792, "error_max": 0.27752506063276966, "target": "852.xyz", "model": "3.xyz", "model_rescale": 3.9243930471874484, "target_rescale": 4.129660459969041},
{"mapping": [3, 0, 6, 9, 10, 2, 12, 7, 8, 4, 14, 13, 15], "R": [[0.18231646501374094, -0.6914277514841071, 0.6990624943898263], [0.9301509151697572, -0.10917791960443819, -0.3505701882358375], [0.31871614580023566, 0.7141483363759097, 0.6232272234568739]], "T": [0.00011891142931079804, -0.0891714383483118, -0.09324963166514341], "aligned_model": [[0.0033289531054653716, -0.37466387633032877, 0.6482481303585523, 0.5093443806813427, 0.5925222778156343, -0.5420713423768593, -0.3345359756609215, 0.37967264481279184, 0.16392751082524054, -0.5298173839672105, 0.19583000161877992, -0.4642966052745479, 0.02971717070341318], [-0.5281164251068344, 0.09251886881655148, -0.30969283172882245, -0.6212032199483077, 0.05337845697517492, -0.31519756315570907, -0.5156987119977949, 0.16435792187277315, 0.5207393470886226, 0.42986642002869363, 0.23947026278254485, 0.023165200114062492, -0.10575817205936755], [-0.6589268919667362, -0.6901505051680975, -0.5831574593851518, -0.08029895423415687, -0.08465496075409537, -0.2178286629646429, 0.35717409501023045, -0.6475981342623751, 0.16596370577507494, -0.04435188720857511, 0.6873880705973248, 0.5579879362546568, 0.025523963677507644]], "inverted": false, "swapped": true, "error_lsq": 0.037502479811641905, "error_max": 0.2085338367394556, "target": "852.xyz", "model": "4.xyz", "model_rescale": 3.8936222436046832, "target_rescale": 4.129660459969041},
{"mapping": [1, 7, 0, 4, 3, 9, 11, 12, 13, 8, 2, 15], "R": [[0.5550612301049576, 0.80270261230221, -0.21811819510893432], [-0.8300760463025966, 0.5176021728052422, -0.2075132479191189], [-0.053672974475250726, 0.2962372476757437, 0.9536051095188611]], "T": [-0.1358918729592432, -0.02145398743866969, 0.031191064225795172], "aligned_model": [[-0.014690231224790365, -0.5784409877289469, -0.18351628341358717, 0.47761423612772513, -0.7070070159918861, -0.7054161997349176, -0.13660513548661715, 0.12821835402118809, 0.602425230660686, 0.23208341821023448, 0.002145060623179762, -0.089262403847171], [-0.48963933346451693, -0.4479845687013245, 0.10089880408318372, -0.06822889680410771, 0.32193918552360856, 0.047193973544638654, -0.366019777752591, 0.5089812318198089, 0.18170866249380616, -0.595921836073962, 0.5071572268450947, -0.031161766403831104], [-0.6039157562708244, -0.3401071711801075, -0.6847180560142145, -0.38599729489624546, -0.2306913344802279, 0.49321445527530455, 0.6876883099590577, 0.412878381734412, 0.28814330597730675, 0.05562165382833314, -0.21799562193134173, 0.1451638472740657]], "inverted": false, "swapped": true, "error_lsq": 0.043044883044082716, "error_max": 0.2141436015024996, "target": "852.xyz", "model": "5.xyz", "model_rescale": 3.6523030999806103, "target_rescale": 4.129660459969041},
{"mapping": [14, 13, 4, 8, 1, 11, 2, 10, 5, 3, 0, 7, 15], "R": [[0.8350831440881172, -0.49313842351065534, -0.24382501454389416], [-0.15333713825643985, 0.21700001278583153, -0.9640532747116596], [0.5283217433451232, 0.8424520696801535, 0.10559661831893775]], "T": [-0.02703386399926902, -0.061628131158285616, -0.0233634234235421], "aligned_model": [[0.1514204240731691, -0.2290051057642056, 0.26575748469893334, 0.5228731649280446, 0.6768850074217035, 0.004269036311600749, -0.3794455669193544, 0.292716692855264, -0.6901000406000011, -0.2934838325319401, 0.16048789201755817, 0.45964829452067635, -0.06094054634715407], [-0.5581498015696679, 0.03112004834108028, 0.45474200812552507, -0.22472958104402466, 0.30663031059881835, -0.7692618447151164, 0.4231145541537142, -0.5460971615627037, -0.08517405496797331, 0.14014693408157639, 0.5841492464903503, -0.0672126123526485, -0.1484511414157469], [0.6675227601258246, 0.753178304409494, 0.4241395043921565, 0.3467935085887533, -0.10167033350080264, 0.19570136636100305, 0.014167046049228395, -0.20879650974007252, -0.2688286812700085, -0.6565814000372086, -0.3018797210521647, -0.5513309655124478, 0.05769486066803407]], "inverted": false, "swapped": true, "error_lsq": 0.04813337533769768, "error_max": 0.36547623666491863, "target": "852.xyz", "model": "6.xyz", "model_rescale": 4.08911054899281, "target_rescale": 4.129660459969041},
{"mapping": [13, 8, 4, 12, 5, 3, 2, 0, 9, 11, 6, 10, 7, 1, 15], "R": [[-0.6228165151350121, 0.0033505974194222854, 0.7823607620350169], [0.6077928759937772, 0.6317357354532579, 0.48114216240373786], [-0.49263313770623746, 0.775176582494766, -0.39549191848309995]], "T": [0.006097859048482843, -0.09245024798920357, -0.06816212636531518], "aligned_model": [[0.11239293709035067, 0.38076655158181705, 0.663508782075575, -0.34517123401939526, -0.5416380082449591, -0.20524015662172448, 0.08310731408109162, 0.49678816219733585, -0.6715093452946299, -0.38386163779701354, -0.31879637538722605, -0.130033662134428, 0.22057331261736904, 0.7308918039832172, -0.05544490432782541], [-0.7396930485155015, -0.5388968840449612, -0.303240708847331, -0.37474082565978983, 0.1717824543030366, 0.5857666392152773, 0.10492704121275848, 0.4158021503206968, 0.06438289509087927, -0.5901517844527133, 0.4359281937281896, -0.15341951417091038, 0.3442460524597323, 0.07759632306622663, -0.199530167536476], [-0.5395322313967887, 0.2872598056044363, -0.343846773953827, -0.6101242986486268, -0.4295910358471642, -0.15778280273835968, -0.6300248898585328, -0.24328118448024436, 0.17430015331396304, 0.3190580922123296, 0.5010222091432982, 0.5226737620608584, 0.45998279346434423, 0.21994537213486307, -0.06598893892846863]], "inverted": true, "swapped": true, "error_lsq": 0.037053925952409875, "error_max": 0.23794145670316427, "target": "852.xyz", "model": "7.xyz", "model_rescale": 3.964800864290218, "target_rescale": 4.129660459969041},
{"mapping": [2, 4, 0, 12, 3, 14, 5, 1, 8, 10, 11, 6, 7, 15], "R": [[-0.4350170988209807, 0.6044270614011673, 0.6674039640122966], [0.7969930481557512, 0.603386199419294, -0.026966192570420433], [-0.419001437855268, 0.5201855647711593, -0.7442074799939387]], "T": [-0.04640148445176649, -0.02135112005722807, 0.02465858416849416], "aligned_model": [[-0.13396769751950427, 0.26838944286231614, 0.49329288357472534, -0.6765211432856353, 0.04545487525716292, -0.36227141173081945, -0.517430828830722, 0.7251502422434369, 0.20459320801342606, 0.06611488912271653, -0.4125297139537636, 0.16541869147168942, 0.5368793184663315, -0.14138486623048752], [0.059048992424260066, -0.5635858033262988, 0.14404202132897959, -0.127456305357393, 0.6581538798508715, -0.7110926160690818, 0.4552708344068804, -0.22525550105336228, -0.5646377024268942, 0.04751185350692125, -0.2114787236298849, 0.6454390335589875, 0.2857283442228163, -0.08073984125559926], [-0.5639380482541773, -0.37473093166904964, -0.4348403346659537, -0.2728172087556959, -0.18151884638886678, 0.44914212738190923, -0.20211713575394802, 0.00519153308138838, 0.35307498373867763, 0.6195821473933892, 0.6407075596362745, 0.4928828393516998, 0.3094850978850789, 0.0767112557442946]], "inverted": true, "swapped": true, "error_lsq": 0.03876883331281942, "error_max": 0.26240703343548843, "target": "852.xyz", "model": "8.xyz", "model_rescale": 4.121658175737393, "target_rescale": 4.129660459969041},
{"mapping": [1, 8, 10, 6, 4, 2, 14, 12, 11, 13, 3, 9, 15], "R": [[0.05378265028736197, 0.0987110403281603, -0.9936616914450311], [0.6716873589395058, 0.7327502442222912, 0.10914747561462254], [0.7388799079477932, -0.6733002377168045, -0.0268937078432065]], "T": [-0.11920416297257269, 0.06468637500658472, -0.006197611058065787], "aligned_model": [[-0.6442001957833547, -0.09443468460035559, 0.27623896647521773, 0.19390572301072534, -0.6934688741204655, -0.506139848926872, 0.3158201697388611, 0.033559279644812534, 0.5590682029758451, -0.1662617077620478, -0.24739034625610196, 0.47738126832577127, -0.027340456286838302], [0.03809349554694132, -0.4025723186479311, 0.16795290980889668, 0.7704987250758129, -0.40075019186152083, 0.11257394802987337, -0.6702372973268046, -0.18507779552567563, -0.19104547113676965, -0.6597012522712423, 0.7435961065334354, 0.48051560639446744, -0.013459025207772896], [-0.6069638001273076, -0.503260749784621, -0.45818969472006527, -0.3416107515563584, -0.08501771491727061, 0.4504921860059641, -0.1685073351411788, 0.6349592588968509, -0.16196200593795373, 0.3480054596395512, 0.18174825200802838, 0.11088350910770209, 0.020498820485747596]], "inverted": true, "swapped": true, "error_lsq": 0.04218217859011811, "error_max": 0.22798587947033375, "target": "852.xyz", "model": "9.xyz", "model_rescale": 3.833441315466971, "target_rescale": 4.129660459969041},
{"mapping": [14, 8, 9, 3, 7, 10, 1, 2, 12, 5, 13, 2, 4, 11, 15], "R": [[0.2155642789933973, 0.88543791077254, -0.41174233179115355], [-0.8460304034541622, -0.04120400799113862, -0.5315400136929049], [-0.4876111135456657, 0.4629275708922788, 0.7402252806102545]], "T": [-0.09962871612883825, 0.05412571181666756, 0.02576212332281226], "aligned_model": [[0.16041385693201562, 0.025943711939963532, -0.6642289142600646, -0.46273310257335465, -0.6097763391894062, -0.5703413652170982, -0.06877020040992196, 0.2555989877428724, 0.282750200615691, -0.2095109047058461, 0.6174251164497324, 0.2555989877428724, 0.5070606725828071, -0.31915018322400124, -0.07643550613172935], [-0.7311769117711926, -0.5542994659345725, 0.10984819924765585, 0.6707510280990642, 0.06366033071549528, -0.3308883169847471, -0.06236080432254962, 0.5370362994826783, 0.1908924469055213, 0.5402833066289843, -0.19236815247336017, 0.5370362994826783, -0.0225364379005831, -0.5292013143897022, -0.025574967490391454], [0.2929344840206835, -0.2571978493279643, 0.4955043248312805, 0.0012225134093796913, -0.47950902079621494, -0.013351674051911941, -0.7633682038090042, 0.06023904574158463, 0.6018542742629066, 0.5277990298639821, 0.3041256238364156, 0.06023904574158463, -0.3969371379085469, 0.4273273511937901, 0.11724010081412771]], "inverted": false, "swapped": true, "error_lsq": 0.04209764403648152, "error_max": 0.34322566032281576, "target": "852.xyz", "model": "10.xyz", "model_rescale": 4.2482417240324, "target_rescale": 4.129660459969041},
{"mapping": [9, 3, 7, 0, 11, 8, 10, 4, 2, 13, 12, 15], "R": [[0.4024921000573778, -0.09006086270825964, -0.9109825192612895], [0.8367856159459163, 0.43972522908986966, 0.32623849534945326], [0.37120067663922085, -0.8936054856087812, 0.25234756537854475]], "T": [-0.0120407852984308, 0.031994478274379845, -0.030770185100632313], "aligned_model": [[-0.6481038070073348, -0.03750021548796797, 0.25538296616811107, 0.6043361381116366, -0.5482539786902044, 0.20439101485413033, -0.2129782208168612, 0.5941016234306704, 0.1634302000627696, -0.02833066001086436, -0.3713281733684495, -0.09838128488262884], [-0.24656357365874287, -0.6816493280964393, -0.21740975208139035, -0.35279182597944647, 0.4759689259980549, 0.6234548920306352, 0.1719058411204442, 0.3494547739627447, -0.24642654738192837, 0.5762238347183429, 0.09679564565974096, 0.117168503758624], [0.21492344389918694, 0.021556706965596452, 0.5872286032343053, -0.0729975086407339, 0.22433141672598103, 0.23256958131768105, 0.5272486739753744, -0.32134565898247247, -0.533034738126454, -0.6273946146481302, -0.6336916755549759, -0.0542019403110022]], "inverted": false, "swapped": true, "error_lsq": 0.0395828479178484, "error_max": 0.24359759415281604, "target": "852.xyz", "model": "11.xyz", "model_rescale": 3.6694154284099745, "target_rescale": 4.129660459969041},
{"mapping": [5, 9, 10, 6, 3, 13, 2, 4, 7, 1, 8, 0, 11, 15], "R": [[0.5771590635361468, 0.6049387121209427, 0.5485768587495585], [-0.4511491353590976, 0.7961356895052696, -0.40327710269826544], [-0.6806995468213686, -0.014734940563971732, 0.7324145059211755]], "T": [-0.02546464542608346, -0.022897221945471974, -0.04448891556199286], "aligned_model": [[0.21034222720653398, 0.07442131965461518, -0.1151260865031167, 0.45955063665541257, 0.6383847346090684, -0.6478239580157646, 0.1950024994485195, -0.1795148119751876, 0.4081791047730748, 0.18673617135393245, -0.45514307164229534, 0.5220823658214991, -0.5621280175309684, -0.13669826359951343], [-0.35730416678190435, 0.24632615594175564, 0.5695032573292659, 0.5743446434682671, -0.08214577521515944, -0.5195950495060846, -0.579738745664049, -0.3265354524640601, 0.5129856670340731, 0.24770228733076635, 0.3046985308364819, -0.1958133147736884, 0.3590416837592092, -0.022482433158618996], [-0.621577705917502, -0.7227791793814196, -0.15565810045468384, -0.3862098241616442, -0.3061516338707178, 0.09105375851485073, -0.0009025535781836957, 0.6163409688816897, 0.1565659589459144, 0.6759239858849116, 0.37273218953557397, 0.4027877927763713, -0.38482672363446446, -0.09820347388828057]], "inverted": true, "swapped": true, "error_lsq": 0.041939659113266824, "error_max": 0.2575918916489766, "target": "852.xyz", "model": "12.xyz", "model_rescale": 3.9764082729961374, "target_rescale": 4.129660459969041},
{"mapping": [7, 2, 3, 4, 8, 6, 5, 0, 1, 6, 9, 12, 14, 11, 10, 15], "R": [[0.4891285581548922, 0.8687232869297965, 0.07793012474779526], [0.36654052305607304, -0.12365538158095149, -0.9221482481487724], [-0.7914551778560153, 0.47961359170895057, -0.3789056664830225]], "T": [0.04475447072541724, -0.04242779576392673, 0.09726504007149248], "aligned_model": [[-0.07733610405615593, 0.5735425547046202, -0.19808850194417463, -0.48955134345958035, 0.4109503074572204, -0.6505789627884302, -0.274494374808106, 0.11469099975027156, 0.6774277173889173, -0.6505789627884302, 0.2853166711321124, 0.3831599838439128, -0.46943374369791163, 0.11698333168691336, 0.6640010836988929, -0.038377914853080945], [-0.2366969304947571, -0.2288628002513437, 0.4963336367416873, -0.42993539215366927, 0.38845126782275474, -0.0019672121641007984, -0.7451380515183978, -0.6650278167777266, -0.0943432057212119, -0.0019672121641007984, -0.5714377441079321, -0.06473247166880734, 0.5662386713991878, 0.7482430067976973, 0.44258361245277617, -0.026717144219053825], [-0.6227259972084376, -0.47008376379566974, -0.5020736427974726, -0.18596433949139676, -0.3268772454548482, 0.41116496538501823, 0.4245300350185791, -0.2695946459718678, 0.11602487552462785, 0.41116496538501823, 0.2514643552651208, 0.6378182243855376, 0.1600635390534864, 0.08432779267597593, 0.2629287511816648, 0.03070035972873565]], "inverted": true, "swapped": false, "error_lsq": 0.050746868466117444, "error_max": 0.40404060098357397, "target": "852.xyz", "model": "13.xyz", "model_rescale": 4.170626492500431, "target_rescale": 4.129660459969041},
{"mapping": [2, 3, 12, 9, 13, 14, 11, 0, 4, 7, 1, 10, 8, 15], "R": [[0.21973447616545638, 0.3099467104515493, -0.9250134035053525], [0.7470182368429876, 0.5563773806715623, 0.36387905147321387], [0.6274396495347476, -0.7709586545057493, -0.10928055286462593]], "T": [-0.03485166472841499, -0.05401675129943494, 0.026527648693537853], "aligned_model": [[0.3338998932354688, -0.09340769766444937, -0.09961749707773934, -0.719825252793761, 0.21629220401900823, -0.25545656133295036, -0.620390220634087, 0.5328921929864184, 0.6430596258908988, -0.06291681374303498, 0.4643568637983692, -0.4530603479675697, 0.05857657147564036, -0.10121993810056851], [-0.2791025309891067, -0.7640650018060282, 0.11632500234554062, -0.3093501713831746, 0.5616559759413123, 0.786667166108586, 0.3955580151256696, -0.4788354200315675, 0.24793905164689722, -0.40132767177079964, -0.06800889004889278, 0.029078730768480512, 0.4793779717084985, 0.04016224031025066], [-0.390529536519798, -0.044721502526938045, -0.6543468008914226, -0.06376157244921693, -0.43204133465460776, 0.04348203882016104, 0.09538877847778487, 0.1907231700419491, 0.06991820225083965, 0.6544033587535502, 0.6492981479411607, 0.46188121495196194, 0.4421924317607832, -0.018013494835340593]], "inverted": false, "swapped": true, "error_lsq": 0.04374921800277187, "error_max": 0.3005282326082117, "target": "852.xyz", "model": "14.xyz", "model_rescale": 3.9786697098870705, "target_rescale": 4.129660459969041},
{"mapping": [14, 10, 4, 13, 1, 0, 9, 3, 2, 12, 7, 15], "R": [[-0.10394093466408327, 0.7399263128639226, -0.6646091585531735], [0.038508214253823725, -0.6647336265729311, -0.746087342834725], [-0.9938377128767746, -0.10314192762790275, 0.040599793460830425]], "T": [-0.01011217256242846, -0.03358788787515882, 0.006638668232110099], "aligned_model": [[-0.12332754559877745, -0.5910353577493512, 0.550044730107075, 0.5110998261215897, 0.047938205496645465, 0.3245442937190558, -0.545364931439208, -0.08354937373103852, 0.5068009076627847, 0.33576205255909475, -0.41870102817634763, -0.030857182204186095], [-0.6467415145247608, -0.021360857464451544, 0.14218751142960978, -0.5704961541550078, 0.6058606206276933, 0.6077954996075381, -0.2703927213808201, 0.32847314523001286, 0.028112217407337603, -0.5907351234711904, 0.5534755595634286, -0.15150369264495062], [-0.5991074255841357, -0.1769773500513466, -0.44937779902655633, -0.29746530805661264, -0.4676858917629112, 0.08661715499167, 0.45381209114149007, 0.6199840475916147, 0.30592445131841156, 0.2650161448755953, -0.0570173691946155, -0.023756252368773174]], "inverted": false, "swapped": true, "error_lsq": 0.04915914825280579, "error_max": 0.2682562568313752, "target": "852.xyz", "model": "15.xyz", "model_rescale": 3.769337070930944, "target_rescale": 4.129660459969041},
{"mapping": [8, 1, 11, 10, 13, 4, 12, 0, 5, 6, 15], "R": [[0.45223221194921664, -0.8170700512939311, 0.35760670820616935], [0.2995421605690539, -0.2385225514603478, -0.923786493994402], [0.8400955424933181, 0.5248842955579631, 0.1368793474541678]], "T": [0.02159063047227379, 0.06860623248362745, 0.06374003422640423], "aligned_model": [[-0.30378840170791227, -0.2809447704865902, -0.3284296727354593, -0.5629698657262998, 0.5361542887369003, 0.3081717235081304, 0.5834164884375509, 0.1588254074980353, 0.36637952692701836, -0.5813106710624573, 0.027122077302254542], [-0.07626246952628928, -0.6517940324584329, 0.641839533767902, 0.23711656046243246, 0.2237386699173991, -0.4516891776400988, 0.48708268517038783, -0.5936843119278877, 0.44605654459633376, 0.1647388186483648, 0.16892167661523086], [-0.5186322885454617, -0.0997953413712421, -0.25027285706079877, 0.0286774447725716, -0.5392274863048563, -0.3832361713356751, -0.013913723188515123, 0.3326303636637557, 0.5527351637084241, 0.6433773307443684, -0.00812482785879376]], "inverted": true, "swapped": true, "error_lsq": 0.04293736992283022, "error_max": 0.22837430258148952, "target": "852.xyz", "model": "16.xyz", "model_rescale": 3.7852294659196426, "target_rescale": 4.129660459969041},
{"mapping": [12, 4, 8, 13, 2, 0, 7, 1, 11, 9, 3, 10, 15], "R": [[0.29366314009892125, -0.13973421845941092, 0.9456406866980603], [-0.527907445730784, -0.8484256742696378, 0.03856946955961715], [0.7969163625432979, -0.5105371910367045, -0.32291808199466127]], "T": [0.005892773361884901, 0.08763079343335876, -0.05405791940858969], "aligned_model": [[0.015466969430705274, -0.4178599474612842, 0.2636471822927148, 0.004079556336212056, -0.49684701633146344, -0.6540543646641497, -0.02040541982761998, -0.30950173161559835, 0.7370175673507984, 0.4494717363288807, -0.30245832980997844, 0.48532804008991337, 0.09988160809715235], [-0.24767295592936073, -0.4370111200964891, -0.2733023839552047, -0.6874091523259662, -0.006311852452472691, 0.2666427097107682, 0.5953805585228656, 0.09101331699908641, -0.030839003279699115, 0.5605171256310737, 0.6944281897812205, 0.32893857333682885, 0.020681617760223786], [-0.6739616801693284, 0.25868520071208995, 0.464888979485859, -0.2814814386141346, -0.36870931158797743, 0.19531863792805043, 0.45303084642808505, 0.6792652660956803, -0.08776502748515871, -0.4035609031541595, -0.27629717235115364, 0.23447018997789196, -0.09812889012257064]], "inverted": false, "swapped": true, "error_lsq": 0.044353298856970175, "error_max": 0.3003322700221783, "target": "852.xyz", "model": "17.xyz", "model_rescale": 3.901054581598922, "target_rescale": 4.129660459969041},
{"mapping": [3, 0, 6, 5, 1, 10, 4, 2, 7, 11, 8, 13, 12, 9, 15], "R": [[-0.2710601692596371, 0.9276319851730402, -0.25695385719008335], [-0.5069701131975249, 0.08933784919300541, 0.8573214408995361], [0.8182344950962566, 0.36265362094634146, 0.44606576000527304]], "T": [0.0806372051715855, 0.03967620733071757, 0.024017818183352926], "aligned_model": [[-0.0418573716966953, 0.11074639962787257, -0.6292191579756644, 0.33093942190900755, -0.2238046885037548, -0.46897393532731185, 0.42557630256954176, 0.5602803415448118, -0.5470731779755406, -0.15207523807108886, -0.11473561816352239, 0.7261728000416171, 0.6715944728151169, -0.21712791827443856, 0.10864357856908317], [0.13736686577314422, -0.5297681092344017, 0.286732226721648, 0.5304340394016862, -0.6971019658125701, 0.19566494690655856, -0.5806815975694747, -0.07932485372956187, -0.23158972692617635, 0.5122793999629066, -0.2511225811665377, 0.02940564921846199, 0.42082242103443784, 0.6879731587008115, 0.1176674765461731], [-0.674641886165813, -0.42829928877593154, -0.3551630305045993, -0.4197951023664354, 0.06550379881304176, 0.2359876200318633, 0.24491819845875057, -0.3170968614391342, -0.1951508455262813, 0.5457513395592918, 0.6099201157090139, 0.5093939339516215, 0.0719554210748066, -0.15923913070741924, 0.1156221227392009]], "inverted": false, "swapped": true, "error_lsq": 0.03903871728051777, "error_max": 0.21555114899006073, "target": "852.xyz", "model": "18.xyz", "model_rescale": 3.9405287249114394, "target_rescale": 4.129660459969041},
{"mapping": [14, 3, 13, 11, 12, 9, 2, 10, 1, 5, 6, 8, 7, 4, 0, 15], "R": [[-0.3787492998992291, -0.9124372197952612, -0.15494285320123066], [-0.9206576712120019, 0.35434827209593867, 0.16378874961704812], [-0.0945432190288508, 0.2046842006480152, -0.9742514858806969]], "T": [0.048099463404486585, 0.06241867929748104, -0.03501842628463876], "aligned_model": [[-0.1157597548459573, 0.5738466510607149, -0.4203926547434379, -0.5656181285558626, 0.36737307769309685, -0.6645274171617662, 0.10367118844355253, -0.07135488777969198, 0.6486268770910841, -0.331620817854815, 0.3063689580453052, -0.0013777892231305253, -0.31309356087517165, 0.3053785841410593, 0.5104025634630998, 0.04570985236891126], [-0.13485341349821175, -0.3672731929837954, 0.31956434755883834, -0.26788946720442325, 0.27467996631580316, 0.15160915385542353, -0.7505051006992041, -0.6494903384037927, -0.18772738993155083, -0.3664314198995099, -0.2598526417925911, 0.16210065006557717, 0.5904506254883897, 0.7388605321604141, 0.29889607244861205, 0.02288583049302325], [-0.7657528787874248, -0.5492006745594533, -0.44210697426856094, -0.2179403975529451, -0.42636043458659184, 0.23556951745838123, 0.2672926623395303, -0.34617794396857626, 0.0759464034569913, 0.5676114295787722, 0.587654456803308, 0.713237988129677, 0.2588308751521664, 0.06937938185545664, 0.41556846229579075, -0.030683644462450116]], "inverted": false, "swapped": false, "error_lsq": 0.04501109555144753, "error_max": 0.35011190562216965, "target": "852.xyz", "model": "19.xyz", "model_rescale": 4.410303926677745, "target_rescale": 4.129660459969041},
{"mapping": [2, 4, 0, 12, 3, 14, 5, 1, 8, 10, 11, 6, 7, 15], "R": [[-0.4350170988209807, 0.6044270614011673, 0.6674039640122966], [0.7969930481557512, 0.603386199419294, -0.026966192570420433], [-0.419001437855268, 0.5201855647711593, -0.7442074799939387]], "T": [-0.04640148445176649, -0.02135112005722807, 0.02465858416849416], "aligned_model": [[-0.13396769751950427, 0.26838944286231614, 0.49329288357472534, -0.6765211432856353, 0.04545487525716292, -0.36227141173081945, -0.517430828830722, 0.7251502422434369, 0.20459320801342606, 0.06611488912271653, -0.4125297139537636, 0.16541869147168942, 0.5368793184663315, -0.14138486623048752], [0.059048992424260066, -0.5635858033262988, 0.14404202132897959, -0.127456305357393, 0.6581538798508715, -0.7110926160690818, 0.4552708344068804, -0.22525550105336228, -0.5646377024268942, 0.04751185350692125, -0.2114787236298849, 0.6454390335589875, 0.2857283442228163, -0.08073984125559926], [-0.5639380482541773, -0.37473093166904964, -0.4348403346659537, -0.2728172087556959, -0.18151884638886678, 0.44914212738190923, -0.20211713575394802, 0.00519153308138838, 0.35307498373867763, 0.6195821473933892, 0.6407075596362745, 0.4928828393516998, 0.3094850978850789, 0.0767112557442946]], "inverted": true, "swapped": true, "error_lsq": 0.03876883331281942, "error_max": 0.26240703343548843, "target": "852.xyz", "model": "20.xyz", "model_rescale": 4.121658175737393, "target_rescale": 4.129660459969041},
{"mapping": [14, 13, 4, 8, 1, 11, 2, 10, 5, 3, 0, 7, 15], "R": [[0.8350831440881172, -0.49313842351065534, -0.24382501454389416], [-0.15333713825643985, 0.21700001278583153, -0.9640532747116596], [0.5283217433451232, 0.8424520696801535, 0.10559661831893775]], "T": [-0.02703386399926902, -0.061628131158285616, -0.0233634234235421], "aligned_model": [[0.1514204240731691, -0.2290051057642056, 0.26575748469893334, 0.5228731649280446, 0.6768850074217035, 0.004269036311600749, -0.3794455669193544, 0.292716692855264, -0.6901000406000011, -0.2934838325319401, 0.16048789201755817, 0.45964829452067635, -0.06094054634715407], [-0.5581498015696679, 0.03112004834108028, 0.45474200812552507, -0.22472958104402466, 0.30663031059881835, -0.7692618447151164, 0.4231145541537142, -0.5460971615627037, -0.08517405496797331, 0.14014693408157639, 0.5841492464903503, -0.0672126123526485, -0.1484511414157469], [0.6675227601258246, 0.753178304409494, 0.4241395043921565, 0.3467935085887533, -0.10167033350080264, 0.19570136636100305, 0.014167046049228395, -0.20879650974007252, -0.2688286812700085, -0.6565814000372086, -0.3018797210521647, -0.5513309655124478, 0.05769486066803407]], "inverted": false, "swapped": true, "error_lsq": 0.04813337533769768, "error_max": 0.36547623666491863, "target": "852.xyz", "model": "21.xyz", "model_rescale": 4.08911054899281, "target_rescale": 4.129660459969041},
{"mapping": [5, 8, 9, 10, 11, 12, 7, 6, 1, 13, 0, 4, 14, 15, 2, 16], "R": [[0.8754057466476952, 0.47439276138756226, -0.09282395530936496], [-0.07259442854464954, -0.06082958190379531, -0.9955048020525494], [-0.4779067144124127, 0.8782091265231153, -0.01881229414611068]], "T": [0.02863340662117715, 0.009947894810224157, 0.0432395055661973], "aligned_model": [[-0.14971318855781168, 0.4614070929419888, -0.48443289997643696, -0.5417939180252695, 0.4395305007376003, -0.6938037599568433, -0.3417304063935473, 0.15180676000733112, 0.8214506136298688, -0.3288409714144399, 0.368369090484203, 0.20890566738817024, -0.3250949031925313, 0.28896423086631917, 0.4735248437546014, 0.02908398897378832], [-0.04696325719945052, -0.24843175445470397, 0.2813173039103549, -0.39723335913774593, 0.31218009531620017, 0.05284056813252106, -0.5708146608172071, -0.6982098617683901, 0.036336296517921966, -0.1347984453770768, -0.5596533604991623, -0.030177498691982503, 0.5221764363005287, 0.6873850161741453, 0.38519450783623227, -0.016123812269181935], [-0.6369683058511383, -0.43290008671121627, -0.369881808821535, -0.35669986852066693, -0.5274725981099403, 0.18889068117447488, 0.22027534374514585, -0.15400411375904885, 0.015983133975504063, 0.5798869988787713, 0.44350625816921796, 0.7156858236184337, 0.19919074815860577, -0.026142238719908166, 0.47045773779782685, 0.08306052385954521]], "inverted": true, "swapped": false, "error_lsq": 0.03388023132959687, "error_max": 0.22584470149692198, "target": "852.xyz", "model": "22.xyz", "model_rescale": 4.204369325754507, "target_rescale": 4.129660459969041},
{"mapping": [14, 3, 13, 11, 12, 9, 2, 10, 1, 5, 6, 8, 7, 4, 0, 15], "R": [[-0.3787492998992291, -0.9124372197952612, -0.15494285320123066], [-0.9206576712120019, 0.35434827209593867, 0.16378874961704812], [-0.0945432190288508, 0.2046842006480152, -0.9742514858806969]], "T": [0.048099463404486585, 0.06241867929748104, -0.03501842628463876], "aligned_model": [[-0.1157597548459573, 0.5738466510607149, -0.4203926547434379, -0.5656181285558626, 0.36737307769309685, -0.6645274171617662, 0.10367118844355253, -0.07135488777969198, 0.6486268770910841, -0.331620817854815, 0.3063689580453052, -0.0013777892231305253, -0.31309356087517165, 0.3053785841410593, 0.5104025634630998, 0.04570985236891126], [-0.13485341349821175, -0.3672731929837954, 0.31956434755883834, -0.26788946720442325, 0.27467996631580316, 0.15160915385542353, -0.7505051006992041, -0.6494903384037927, -0.18772738993155083, -0.3664314198995099, -0.2598526417925911, 0.16210065006557717, 0.5904506254883897, 0.7388605321604141, 0.29889607244861205, 0.02288583049302325], [-0.7657528787874248, -0.5492006745594533, -0.44210697426856094, -0.2179403975529451, -0.42636043458659184, 0.23556951745838123, 0.2672926623395303, -0.34617794396857626, 0.0759464034569913, 0.5676114295787722, 0.587654456803308, 0.713237988129677, 0.2588308751521664, 0.06937938185545664, 0.41556846229579075, -0.030683644462450116]], "inverted": false, "swapped": false, "error_lsq": 0.04501109555144753, "error_max": 0.35011190562216965, "target": "852.xyz", "model": "23.xyz", "model_rescale": 4.410303926677745, "target_rescale": 4.129660459969041},
{"mapping": [13, 12, 11, 14, 7, 9, 15, 6, 0, 8, 5, 4, 10, 1, 3, 16], "R": [[-0.6008581295607573, 0.04525760721538791, -0.7980734659978904], [0.7473555954432636, -0.32241088166694964, -0.5809568291554762], [-0.283600285790394, -0.9455173041102305, 0.15989967331964444]], "T": [-0.0063017762709766945, -0.01919889522857597, -0.005879580654506649], "aligned_model": [[0.03952760844715094, 0.6261406517669073, -0.4213544011595919, -0.5155254728957174, 0.2662248909315841, -0.6028253906952306, -0.4043305526106611, 0.016695122895789755, 0.7383413014716993, -0.3555373851334508, 0.2941562336720218, 0.1816600810667123, -0.2822826805379045, 0.2242223852873005, 0.5066369855228786, 0.06588336323750285], [-0.2918461247500414, -0.4129917310625215, 0.37041412748595237, -0.2862772272446606, 0.29997465702248083, -0.02275277193405538, -0.5842052733072596, -0.7136550949218167, 0.10028269354719217, -0.07072337520377643, -0.5088030651536222, -0.060683353944079865, 0.40526161880448347, 0.8037998928368737, 0.48619913766562717, 0.061030104132226023], [-0.6522152361461128, -0.30773983382988357, -0.28274506733546073, -0.36296553862257874, -0.5214262379894218, 0.18534523735552696, 0.17203915576943055, -0.31426216624606146, -0.04608713964160274, 0.7364723471534543, 0.25027422954755135, 0.6550544197285862, 0.4033291176675289, -0.08247563375772836, 0.5333028000202681, 0.04696777521057556]], "inverted": false, "swapped": false, "error_lsq": 0.04722307458770192, "error_max": 0.2866472097362133, "target": "852.xyz", "model": "24.xyz", "model_rescale": 4.28219845311461, "target_rescale": 4.129660459969041},
{"mapping": [2, 0, 13, 14, 4, 12, 10, 6, 1, 11, 8, 5, 9, 7, 3, 15], "R": [[-0.298448802730931, -0.35102428234581506, -0.887530430662566], [0.8185866401748646, -0.5722961885688373, -0.048918146702520204], [-0.4907588253671056, -0.7411201156042035, 0.4581449001910982]], "T": [0.004461848217849524, 0.03606637540437425, 0.01561257588210203], "aligned_model": [[-0.11062754582704716, 0.5488166294810867, -0.3624144526717414, -0.5644277920937124, 0.4779892544867511, -0.74076432821534, -0.267039404450161, 0.1666228177917179, 0.6008039766971319, -0.3737728775315025, 0.26188137063407263, 0.23952153415282132, -0.14634373943508508, 0.007005273056737444, 0.5871027859517888, 0.05327923923947299], [-0.16652719785846412, -0.29270698379054105, 0.3518505680203587, -0.4270269846068648, 0.36421816676516017, 0.17308360167557865, -0.6595689981494045, -0.8063611229328561, -0.05655854221014129, -0.10634041850879111, -0.5099875851200174, -0.11021836068210045, 0.5130172802042534, 0.80282349543295, 0.494288731752205, 0.01103856398167757], [-0.6281966348619606, -0.49540613457315225, -0.32876887030285995, -0.18945751446339873, -0.43465042544563975, 0.11702325528392078, 0.2840959379146016, -0.2604614449042821, 0.2293275479462386, 0.38049045755387495, 0.3584045224086414, 0.8209872718779502, 0.47019941359531553, -0.11713928145254503, 0.24057291611873646, -0.034152787811369364]], "inverted": false, "swapped": false, "error_lsq": 0.04488008045774108, "error_max": 0.3327084289183883, "target": "852.xyz", "model": "25.xyz", "model_rescale": 4.100010024507729, "target_rescale": 4.129660459969041},
{"mapping": [9, 3, 7, 0, 11, 8, 10, 4, 2, 13, 12, 15], "R": [[0.4024921000573778, -0.09006086270825964, -0.9109825192612895], [0.8367856159459163, 0.43972522908986966, 0.32623849534945326], [0.37120067663922085, -0.8936054856087812, 0.25234756537854475]], "T": [-0.0120407852984308, 0.031994478274379845, -0.030770185100632313], "aligned_model": [[-0.6481038070073348, -0.03750021548796797, 0.25538296616811107, 0.6043361381116366, -0.5482539786902044, 0.20439101485413033, -0.2129782208168612, 0.5941016234306704, 0.1634302000627696, -0.02833066001086436, -0.3713281733684495, -0.09838128488262884], [-0.24656357365874287, -0.6816493280964393, -0.21740975208139035, -0.35279182597944647, 0.4759689259980549, 0.6234548920306352, 0.1719058411204442, 0.3494547739627447, -0.24642654738192837, 0.5762238347183429, 0.09679564565974096, 0.117168503758624], [0.21492344389918694, 0.021556706965596452, 0.5872286032343053, -0.0729975086407339, 0.22433141672598103, 0.23256958131768105, 0.5272486739753744, -0.32134565898247247, -0.533034738126454, -0.6273946146481302, -0.6336916755549759, -0.0542019403110022]], "inverted": false, "swapped": true, "error_lsq": 0.0395828479178484, "error_max": 0.24359759415281604, "target": "852.xyz", "model": "26.xyz", "model_rescale": 3.6694154284099745, "target_rescale": 4.129660459969041},
