[{"mapping": [4, 10, 7, 3, 9, 0, 5, 1, 2, 8, 6, 11], "R": [[-0.777862028049174, -0.5970978934992006, -0.19597135223813508], [-0.41442676075400064, 0.2529651069167904, 0.874219145668592], [-0.4724204962638393, 0.761237650317819, -0.44422529694788176]], "T": [0.12674104472589995, -0.0406619742496624, -0.0697064067208196], "aligned_model": [[0.14920075509832537, -0.13547896089356784, -0.3186326384370006, 0.4260119638093869, 0.5505879478912648, -0.3449120355000663, -0.6843248078771295, -0.11968825333814478, 0.1705181090654258, 0.6974610937747697, 0.41245551572591777, 0.06193911922011114], [0.4058296098809674, -0.6234478669813427, -0.6156874146091452, -0.22765831708549972, -0.47604108064116446, 0.3497936174199107, -0.1536857577867572, 0.24344207915878274, 0.7389096166223968, 0.18540747493351095, -0.28622715686873895, -0.015511951266319407], [-0.7423796509144949, -0.30070990853568247, 0.5365867032114207, -0.6608931788528356, -0.08216677681291765, -0.15847124688190528, 0.06477087621644628, 0.5306585218114093, 0.12803572063054267, 0.09238838175457292, 0.5493408205578397, -0.06904106261296361]], "inverted": true, "swapped": false, "error_lsq": 0.052483988003430154, "error_max": 0.26617000819778164, "target": "853.xyz", "model": "0.xyz", "model_rescale": 3.751011558992144, "target_rescale": 3.9104779222538513},
{"mapping": [4, 5, 13, 10, 9, 8, 2, 0, 1, 6, 7, 14], "R": [[0.7841317912744292, -0.30957003550345263, 0.5378696189887899], [0.04358086701883293, -0.8370930445879033, -0.5453218707629846], [0.619062227843568, 0.45104503968112275, -0.6428999379657869]], "T": [0.12325525236492274, -0.0817125980828545, 0.03977579909958602], "aligned_model": [[0.20514237213247688, -0.24876235350991072, -0.19143335967752517, 0.5237008522665616, 0.26323074660638396, -0.35448155507150025, -0.6755077832546693, -0.21581028104185823, 0.18078366076027466, 0.780947280782833, 0.445037760974367, 0.15229046757185885], [0.40287686111052556, -0.4649820917144487, -0.7028810469949466, -0.24900848394030764, -0.6913037363175312, 0.18017305064459452, -0.2077961428218604, 0.33430357477049466, 0.6019536023875359, 0.27564574250186247, 0.1707563293227685, -0.12461480617208573], [-0.5799350411837267, -0.283942354803093, 0.24622926559390734, -0.6560037322344762, -0.16757686312567632, -0.33917235296205156, 0.21245658744018175, 0.575937739635757, 0.1621545472453063, 0.09861420016736464, 0.5616881304780574, 0.057669073319881664]], "inverted": false, "swapped": false, "error_lsq": 0.04332128948567741, "error_max": 0.2668586728889826, "target": "853.xyz", "model": "1.xyz", "model_rescale": 3.9405287249114394, "target_rescale": 3.9104779222538513},
{"mapping": [11, 3, 4, 9, 8, 6, 7, 1, 0, 5, 2, 12], "R": [[-0.850391282014774, -0.3405745549493354, -0.40105316355108234], [-0.48533110229533494, 0.8021197775533357, 0.34793330338239], [0.2031954443831462, 0.49052302186426394, -0.8474070901302907]], "T": [0.03462064059946296, -0.06469506334388435, -0.029231315290914037], "aligned_model": [[0.26129495743393355, -0.33365708728183807, -0.1466402741494963, 0.6475264449319793, 0.3525618127946802, -0.2948554557691789, -0.7523597814936056, -0.1544575390732652, 0.04732802696254942, 0.6281107639437891, 0.5219307906511041, 0.08835514958864102], [0.2811778379523146, -0.4026369166548698, -0.6332884350670382, -0.34815083155590826, -0.7605846432108982, 0.3104490668787033, -0.12811843550258528, 0.08970628346285205, 0.7492256701158783, 0.35288608749370876, 0.09330094935375637, -0.07884378048931186], [-0.6094079946513985, -0.30665967991179044, 0.33892867751068834, -0.47011725243668157, -0.1530895962631778, -0.24386606753444817, 0.04526126328155482, 0.7241849032989032, 0.17152114484848285, -0.06759453119673539, 0.4199186653947191, 0.039039667231315606]], "inverted": false, "swapped": false, "error_lsq": 0.045790897543085386, "error_max": 0.28056669360135433, "target": "853.xyz", "model": "2.xyz", "model_rescale": 3.932901565614263, "target_rescale": 3.9104779222538513},
{"mapping": [12, 2, 0, 10, 1, 5, 4, 7, 9, 8, 3, 13], "R": [[-0.4363205810231703, -0.83042965973456, -0.346425938417934], [0.3746863871288518, 0.18235414690635085, -0.9090418452449729], [0.8180675166976936, -0.5264347493651993, 0.23158582164042038]], "T": [0.18767224540093344, -0.06461514305235605, 0.021074952862494237], "aligned_model": [[0.1564259000092945, -0.3585077227753056, -0.06228400923478655, 0.49304037491868635, 0.3351287739766752, -0.30575623798752805, -0.6604184567411069, -0.16336921490284798, 0.17707193300992474, 0.6563064199229879, 0.4333311338085827, 0.1641689145347163], [0.3574205791602434, -0.651540473002731, -0.5770133959594941, -0.13393428783783143, -0.7644313182897884, 0.36917367780129384, -0.22016390856620416, 0.35336343560123484, 0.6694595501551532, 0.3513482012183809, -0.2143677910949827, -0.014191416408672997], [-0.6145659247057212, -0.2056538556377615, 0.37309800655245157, -0.623200300381235, -0.17201185136968578, -0.27073881709709746, 0.16169197539218044, 0.48129918981840986, -0.00747180804586868, 0.4033617983398739, 0.4428703215328464, -0.08055953482696052]], "inverted": true, "swapped": false, "error_lsq": 0.05468776677243139, "error_max": 0.4096904921107266, "target": "853.xyz", "model": "3.xyz", "model_rescale": 3.9243930471874484, "target_rescale": 3.9104779222538513},
{"mapping": [4, 0, 5, 7, 1, 3, 6, 11, 10, 8, 9, 12], "R": [[-0.06314638621567992, -0.9446824563097677, 0.32185026122165006], [-0.5275254453399153, -0.24216504602076505, -0.8142929417627816], [0.8471891397007072, -0.22120385897697376, -0.48305218594565]], "T": [0.09981047560747812, 0.02422384254643164, 0.002414422170296667], "aligned_model": [[0.24094963603809544, -0.25750925753361753, -0.3169200475184022, 0.6130842080734089, 0.37516558202567823, -0.4180439736241329, -0.5866912153208768, -0.048109938383874715, 0.0028548923236026424, 0.6472126691663892, 0.5678482323046516, 0.04529702098837078], [0.2823685337712888, -0.6196822206006756, -0.57399816718358, -0.2086152286246625, -0.6331417567789325, 0.14761349162678644, 0.053176635595433806, 0.16501212732651863, 0.7135622414182146, 0.3351693546540888, -0.05475139932167362, -0.08159075910620608], [-0.5131516019482831, -0.4230617152463177, 0.20757094277029878, -0.567896722213934, -0.044599769043754206, -0.40935630806137685, 0.22466130935633058, 0.7668961363929625, 0.11439614491951375, 0.0021047397094665233, 0.524325296989577, 0.006230745946948767]], "inverted": true, "swapped": false, "error_lsq": 0.04648900929856196, "error_max": 0.31370977346635004, "target": "853.xyz", "model": "4.xyz", "model_rescale": 3.8936222436046832, "target_rescale": 3.9104779222538513},
{"mapping": [6, 1, 2, 5, 4, 9, 0, 3, 8, 7, 10, 11], "R": [[-0.2318404705311911, 0.8122504004629769, 0.53525627803101], [0.8276386633224138, -0.12442404151790937, 0.5472959901792066], [0.5111401365552941, 0.5698841503674966, -0.6434033073913688]], "T": [0.09269848634468815, 0.041427640633598, 0.02740837868351175], "aligned_model": [[0.2437801271015656, -0.3303997672662891, -0.09627847816968786, 0.49453623136805436, 0.5011587853001136, -0.3339942134949747, -0.7586346415540383, -0.2551526227816028, 0.10870768398456293, 0.6781392645962384, 0.4604845944566155, 0.15279084499873474], [0.257048277447617, -0.4322860697478634, -0.5707283742785891, -0.34267443433517847, -0.6382522439550994, 0.43183792969187546, -0.16873503190384437, 0.13476713736201648, 0.6980400194774772, 0.29046913273637226, -0.054340209719311035, -0.08002327999887188], [-0.7244497907300035, -0.46217507237362787, 0.41043734000874216, -0.562644906813722, 0.07007027701903362, -0.19064915941647984, 0.14480456853272095, 0.47525810409515423, 0.36573767961787296, -0.09500468336257142, 0.5324126331247284, -0.07567779013041606]], "inverted": false, "swapped": false, "error_lsq": 0.04889097736744727, "error_max": 0.2721057032142258, "target": "853.xyz", "model": "5.xyz", "model_rescale": 3.6523030999806103, "target_rescale": 3.9104779222538513},
{"mapping": [2, 10, 9, 6, 8, 4, 11, 7, 3, 1, 5, 12], "R": [[0.7067734874556326, 0.1635923168694973, -0.6882650588916109], [-0.7072447202424295, 0.18624613766026862, -0.6819950746859101], [0.016617554543626012, 0.9687878663917618, 0.24733363461746838]], "T": [0.1320712204669422, -0.055614979442437054, 0.0010293086895979617], "aligned_model": [[0.19216701086180593, -0.28044520653861377, -0.23123580695229184, 0.4346921258767954, 0.5031214069400647, -0.26963463575150687, -0.7191953845085602, -0.16851894857221578, 0.01008099445319835, 0.6956134684470818, 0.5549748665458629, 0.1435179177376721], [0.3853052168197743, -0.44008543265152794, -0.645886883852079, -0.37578674176947924, -0.5951960665775123, 0.2204319832608383, 0.012773002041381473, 0.11017422765423789, 0.5965902098745866, 0.3081411902503656, -0.05815602405500536, 0.006818171781021107], [-0.6139418375555146, -0.5381234616146631, 0.20657725412582992, -0.47702413214042694, 0.15875410759859074, -0.30156296052595327, 0.21371982183729168, 0.591772525988324, 0.20691150494036842, -0.1791829265924559, 0.5349296544585215, 0.0852896490515194]], "inverted": true, "swapped": false, "error_lsq": 0.05033113022383781, "error_max": 0.3013663031942613, "target": "853.xyz", "model": "6.xyz", "model_rescale": 4.08911054899281, "target_rescale": 3.9104779222538513},
{"mapping": [3, 7, 13, 0, 2, 4, 5, 10, 8, 9, 11, 14], "R": [[-0.08309177230321563, 0.9667026381935724, -0.2420367052434353], [0.9954269192978851, 0.06902769027960054, -0.06603352415088343], [-0.047127547280039164, -0.24641669441060715, -0.9680174621374953]], "T": [0.051843306845473724, -0.0901508802148222, 0.058116555543523574], "aligned_model": [[0.2575645693191839, -0.4094970374050399, 0.11551898323508997, 0.6292710464620983, 0.2872551623237453, -0.35803366588040586, -0.7074537117299919, -0.24289703082732622, 0.09788808255292983, 0.7198604436422207, 0.27540964196395534, 0.20025132488283282], [0.3318096362103973, -0.6582377530337539, -0.7198689290761568, -0.16605706683967592, -0.7626721519400106, 0.3637535550207215, -0.030578766413017877, 0.32012785837634194, 0.589535029562546, 0.3191368131689132, -0.029537366866913953, -0.03228800539278939], [-0.5791271349000604, -0.1943341450597334, 0.425941390928822, -0.6804439629363077, -0.31929030802504904, -0.29234188793419524, 0.07862095563038005, 0.5719982428126363, 0.09061141613939686, 0.08629450611285824, 0.5974449886512825, 0.10274513815140135]], "inverted": true, "swapped": false, "error_lsq": 0.0484559097519241, "error_max": 0.2538770288844064, "target": "853.xyz", "model": "7.xyz", "model_rescale": 3.964800864290218, "target_rescale": 3.9104779222538513},
{"mapping": [11, 7, 1, 4, 2, 9, 8, 5, 10, 6, 3, 13], "R": [[0.5126328642095761, -0.6418239824715898, 0.57032405004225], [0.6160901949687808, -0.18768813695637415, -0.7649876044153756], [0.5980304492211213, 0.7435288419221906, 0.29920635527045586]], "T": [0.14496558093846956, -0.11711988792696162, -0.007048073043788692], "aligned_model": [[0.3308848386866315, -0.3171370157696284, -0.16481097770914177, 0.5687688223637265, 0.3889384132832058, -0.3055143966245779, -0.6097389151912389, -0.25950892630776323, -0.0819318287597531, 0.6747800358847471, 0.5636846759966756, 0.07672308268640946], [0.4467341515209312, -0.6173497739236337, -0.6867544324277347, -0.198425297691473, -0.7012264616362457, 0.3064347052143752, -0.006916377875480301, 0.23582142036126016, 0.6459007705063536, 0.1049348736667324, 0.0780071328367459, -0.08203785777522947], [-0.5855253641195464, -0.21461593238887666, 0.37067518622976275, -0.5628120858354705, -0.201741409810561, -0.3095807543069659, 0.08956399297912941, 0.633969499929134, 0.19654724439612412, -0.08763435824223365, 0.5520247852706921, 0.007248395470243663]], "inverted": true, "swapped": false, "error_lsq": 0.041458072246475214, "error_max": 0.21471839519421837, "target": "853.xyz", "model": "8.xyz", "model_rescale": 4.121658175737393, "target_rescale": 3.9104779222538513},
{"mapping": [10, 7, 6, 5, 9, 11, 8, 2, 3, 0, 1, 12], "R": [[-0.971197255292862, -0.08669440340702109, -0.22194587567583374], [0.027342743804243074, 0.8847601604285991, -0.4652438423876405], [0.23670290592400317, -0.45791215198579394, -0.8569061765391076]], "T": [0.08150313769358053, -0.07804120449948707, -0.030665752902946444], "aligned_model": [[0.2631077704601523, -0.2685268310503741, -0.09600267757006231, 0.49738565420940484, 0.23235356051143302, -0.3945223343371607, -0.5778137891044354, -0.042910913744878015, -0.06942743600002288, 0.7591912670915888, 0.4333430076357013, 0.12896053043794564], [0.439473220639641, -0.42925979538269765, -0.5954700453605449, -0.14724552718266937, -0.8909222574193763, 0.1941485077195881, -0.1851770470266902, 0.32209568904831, 0.6961365409798708, 0.2925810060179218, -0.08767370166239988, -0.0835637375943521], [-0.5557175672279725, -0.4881976454659932, 0.39470600249078536, -0.4822965760917583, -0.12894271243301564, -0.35057915539416934, 0.2598104750588368, 0.5231916846073513, -0.007154653416941617, 0.11833833921031149, 0.5618269783866862, 0.04313402984731121]], "inverted": false, "swapped": false, "error_lsq": 0.04280425917678354, "error_max": 0.26266485654340194, "target": "853.xyz", "model": "9.xyz", "model_rescale": 3.833441315466971, "target_rescale": 3.9104779222538513},
{"mapping": [11, 6, 5, 12, 1, 7, 3, 2, 8, 10, 13, 14], "R": [[0.644180629064347, -0.7208321194172436, 0.25579752296436975], [0.3807915525210346, 0.5922786553858292, 0.710073086310821], [-0.663346900698935, -0.36000979152072954, 0.656021218667749]], "T": [0.07350114290251852, -0.09226336122436754, -0.052576273921557164], "aligned_model": [[0.1743288952774685, -0.14331272561003147, 0.01684561527312077, 0.3713947311254786, 0.4186028626608643, -0.35563189293538694, -0.7630853864913972, -0.1979724627314151, 0.21876371297720298, 0.7668384211340673, 0.3582608899751205, 0.00010514788419996313], [0.3884332106106956, -0.5951165025203381, -0.5235452863118717, -0.25585545333176063, -0.7414205806583624, 0.3014441182876624, 0.028351139341527956, 0.0741025664662257, 0.6557155086942801, 0.3490674018230756, -0.11463289465422297, -0.0414203749703103], [-0.5259700330910295, -0.4542727174635842, 0.4653245406644616, -0.5500871731050309, -0.12405102743901691, -0.37623231806509483, 0.14716598709877607, 0.5918418469249896, 0.11169715140116637, -0.06884648357908152, 0.691801339817554, -0.020251913592677757]], "inverted": false, "swapped": false, "error_lsq": 0.03927594808630518, "error_max": 0.1820934971656139, "target": "853.xyz", "model": "10.xyz", "model_rescale": 4.2482417240324, "target_rescale": 3.9104779222538513},
{"mapping": [3, 5, 4, 2, 6, 7, 9, 10, 8, 1, 0, 11], "R": [[0.19726102822488326, 0.8077123134859439, -0.5555977910204883], [-0.3409037251975535, 0.5878803906403282, 0.7336084081081721], [0.9191695909298203, 0.044693007772578563, 0.3913180268862495]], "T": [0.1350374328306459, -0.030019924355735125, -0.03046089925908963], "aligned_model": [[0.19841028490012766, -0.29678894140953604, -0.20904483989362777, 0.5308804202158932, 0.3835512069938812, -0.36816651087002267, -0.6523978859439707, -0.12039836223762129, 0.0876539606141988, 0.7713320686820653, 0.5101472307053312, 0.029959176782573455], [0.5671983999848942, -0.5934290502073029, -0.7207320301307883, -0.15807093445841885, -0.6287452466363748, 0.14468974549156388, 0.04557777073628978, 0.18714050836982155, 0.572454590865859, 0.26453937650377213, -0.07320775170267174, -0.0822925260400427], [-0.5757917906856584, -0.27598545961768334, 0.38229054745543883, -0.6425626510408362, -0.04630484618102316, -0.4485740047715742, 0.2009294838211004, 0.5196266061350827, 0.07741446411935973, 0.056202290285662, 0.6262482654716275, 0.014626294579935827]], "inverted": true, "swapped": false, "error_lsq": 0.037588454783146784, "error_max": 0.2060514600073836, "target": "853.xyz", "model": "11.xyz", "model_rescale": 3.6694154284099745, "target_rescale": 3.9104779222538513},
{"mapping": [9, 6, 0, 11, 4, 7, 5, 12, 10, 8, 2, 13], "R": [[-0.6777688506685368, -0.7340199588211641, 0.0429428121532299], [0.5444068845910212, -0.5402282098208847, -0.6416966770395659], [0.49421708699047384, -0.4115436566950084, 0.7657553718784816]], "T": [0.08518142099330114, -0.0760499298158102, 0.04477886475505025], "aligned_model": [[0.30623652943265933, -0.20153508831660635, -0.1942530547072782, 0.38371706945834316, 0.4458295845043182, -0.38380440079065625, -0.7137190010561505, -0.21503727601629471, 0.06476154276036428, 0.783156675493527, 0.5138206930026312, 0.07596453477443549], [0.459319095699169, -0.4212422999558303, -0.6587160646254357, -0.2358005719309446, -0.72127945501685, 0.37482622723055076, -0.15454954833995338, 0.17137395745118483, 0.551386083595195, 0.1657397166280014, 0.1711894246305362, -0.17712371258902193], [-0.5112795066791851, -0.29944592276021154, 0.3499909444003551, -0.6112583657787309, 0.008856563669738172, -0.3142870183949305, 0.05769079789667697, 0.6019311367974773, 0.14191724520427992, -0.1194349053405527, 0.47075380474164435, 0.11268442581487059]], "inverted": true, "swapped": false, "error_lsq": 0.04572899600000368, "error_max": 0.2876508861507773, "target": "853.xyz", "model": "12.xyz", "model_rescale": 3.9764082729961374, "target_rescale": 3.9104779222538513},
{"mapping": [14, 4, 0, 3, 7, 6, 5, 12, 13, 11, 1, 15], "R": [[0.8901232178547206, 0.10915641131762055, -0.4424539918502442], [-0.45526257132758885, 0.2564797096912979, -0.852616062284109], [0.020411961790812408, 0.9603660949788502, 0.2779933729982146]], "T": [0.10384343967357475, -0.04528634272254127, 0.12074700729134999], "aligned_model": [[0.2572316786066229, -0.30311268387923157, -0.1325020382780605, 0.6621597611852681, 0.2521241871581729, -0.36377360794105673, -0.7194722849849886, -0.006368549723868314, 0.025860047451160176, 0.7158145367313264, 0.3709707294967807, 0.10620603271716698], [0.39713657559249194, -0.4659662689392256, -0.7116286594345177, -0.19588007847947086, -0.7319473064255173, 0.2777288777726441, -0.17315943472076079, 0.3550622529063539, 0.5564886386848759, 0.40412978837889424, -0.10262338676447716, -0.0842181457946893], [-0.5269736493822632, -0.29552073702764703, 0.28578235354478243, -0.4908475145922544, -0.1577188609490847, -0.3897961052935264, 0.21361032463182383, 0.6052961320653992, 0.041588884041195, -0.11176367250886829, 0.6940515098667593, 0.020410535175116193]], "inverted": true, "swapped": false, "error_lsq": 0.045164458092765924, "error_max": 0.24159085480321274, "target": "853.xyz", "model": "13.xyz", "model_rescale": 4.170626492500431, "target_rescale": 3.9104779222538513},
{"mapping": [12, 11, 3, 5, 6, 10, 9, 0, 8, 4, 2, 13], "R": [[-0.03596037011593939, 0.7585715046761026, -0.6505967445926538], [0.9982792479376694, 0.05744045698508521, 0.011795636411251587], [0.04631840798350617, -0.6490530534515485, -0.7593317712878181]], "T": [0.016679631487849733, 0.02027829539946399, 0.1332640452540545], "aligned_model": [[0.19784508595633485, -0.21092654477119438, -0.13064710319963446, 0.4024080207491964, 0.4481667020421415, -0.3390398129329192, -0.7497543891089908, -0.013837496964975604, 0.12417935531763205, 0.6510608936791862, 0.45756993352406994, 0.02811316424844609], [0.30962474823967834, -0.453577546894005, -0.6133832174596326, -0.2956522744738721, -0.659632116101258, 0.2943088628972066, -0.16954509233393927, 0.2514434377609369, 0.7381610869028599, 0.3306297036816078, -0.15867134571117078, -0.048583393731810295], [-0.5141645836481481, -0.3392988821791391, 0.3618280949148184, -0.6274075744962708, -0.10969687198878586, -0.20834864466345143, -0.047988298193015366, 0.6823449030117041, -0.023721303886355294, 0.06764736939465343, 0.5877141907630311, 0.05921080054239097]], "inverted": false, "swapped": false, "error_lsq": 0.039562273428151315, "error_max": 0.2238982795572292, "target": "853.xyz", "model": "14.xyz", "model_rescale": 3.9786697098870705, "target_rescale": 3.9104779222538513},
{"mapping": [3, 5, 10, 2, 4, 8, 7, 6, 9, 0, 1, 11], "R": [[-0.1720862849717401, -0.3483404397985395, -0.921436513562158], [0.16732427273438805, -0.9321344452207394, 0.3211354290434681], [-0.9707671699632889, -0.09891569154580193, 0.2186933645254986]], "T": [0.05334241128503188, -0.03607322499308998, 0.036096548534897716], "aligned_model": [[0.2997433538635489, -0.3257354018860284, -0.08881746458866045, 0.44642242755126543, 0.3064849099639602, -0.18232425806278452, -0.5679183668674829, -0.16490952132977438, 0.028290830590492436, 0.7202739095746598, 0.351063947778306, 0.04256344195179051], [0.6121739578398381, -0.5154375133978195, -0.6939794730007522, -0.19115257637686742, -0.5803247739675401, 0.04757965975441999, -0.15130183892035945, 0.37437203427323795, 0.5858020410385136, 0.1509325295807117, -0.1534280423532659, 0.039886848306484445], [-0.5674027453737597, -0.48464280881541943, 0.5252498241254262, -0.7223794971340195, -0.08483259142999255, -0.42182434185330164, 0.2300898923702687, 0.6773893629805415, 0.028491296924878895, -0.027439350169523605, 0.634646316760386, 0.10077384118594743]], "inverted": false, "swapped": false, "error_lsq": 0.04656486302864215, "error_max": 0.2348750538038404, "target": "853.xyz", "model": "15.xyz", "model_rescale": 3.769337070930944, "target_rescale": 3.9104779222538513},
{"mapping": [2, 4, 7, 10, 6, 1, 5, 3, 8, 9, 11], "R": [[-0.6614947851823215, 0.26856892244609676, -0.7002109561216083], [-0.3332838048396771, 0.7311341326037283, 0.5952854656157683], [0.6718233060918493, 0.6271472028462987, -0.39413174365163883]], "T": [0.07757857000037055, 0.10391739628690594, 0.0068101762182963856], "aligned_model": [[-0.32406214853697307, -0.31068662394746865, -0.17640478315299252, -0.6201309406027422, 0.4390555023827284, 0.4068144591900656, 0.6036675732619932, 0.15283151794933159, 0.13710177732270637, -0.34931060129271146, -0.03624960188276606], [-0.0675667131864311, -0.6139195433320683, 0.6977948457111862, 0.21362580817981153, 0.3876515256588913, -0.4262618491901326, 0.16084463884520048, -0.5652921926618921, 0.6755179407908656, 0.06123357248303879, 0.07243646432687251], [-0.6188086617873839, -0.11269325077230115, -0.21093339091917312, 0.02531933110471316, -0.6036637161725066, -0.3888954939382302, 0.05709647201075285, 0.428305056100753, 0.43757752995904575, 0.6724597490816926, 0.05845398255641464]], "inverted": false, "swapped": true, "error_lsq": 0.043812938940048465, "error_max": 0.2496377805402726, "target": "853.xyz", "model": "16.xyz", "model_rescale": 3.7852294659196426, "target_rescale": 3.9104779222538513},
{"mapping": [2, 11, 10, 7, 6, 8, 9, 0, 3, 1, 4, 12], "R": [[0.8317991281215089, 0.271419154930279, -0.4841919586209901], [-0.17591776944298235, 0.9562337282061035, 0.23381615734431482], [0.526462865595004, -0.10931010647688921, 0.8431418337216507]], "T": [0.12650728611092293, 0.014078443641024521, -0.0016851558694083064], "aligned_model": [[0.24783145932129902, -0.21435690317819572, -0.08178292760563313, 0.4997371002160242, 0.36133183721376877, -0.4571085425656855, -0.6839818307352648, -0.1678627793946434, 0.14445031139201497, 0.7248321014301331, 0.42993569221988365, 0.06211229022559135], [0.28985233470047356, -0.3167025387867295, -0.670710161318314, -0.3184361567383712, -0.8336940868910766, 0.23076000538773606, -0.2151592520668411, 0.2803798419603875, 0.8047591625001369, 0.3512026965838518, -0.026074436733855177, -0.051054555820797154], [-0.5339597344799396, -0.5605479481160162, 0.36836190690355064, -0.4931732549867964, -0.11801401117422576, -0.19312072354059912, 0.19278657948633893, 0.5534517511419359, 0.08196542590235938, -0.05276164457060094, 0.6371463036356558, 0.005984549369769117]], "inverted": true, "swapped": false, "error_lsq": 0.04399876909709465, "error_max": 0.30133783214597043, "target": "853.xyz", "model": "17.xyz", "model_rescale": 3.901054581598922, "target_rescale": 3.9104779222538513},
{"mapping": [4, 5, 13, 10, 9, 8, 2, 0, 1, 6, 7, 14], "R": [[0.7841317912744292, -0.30957003550345263, 0.5378696189887899], [0.04358086701883293, -0.8370930445879033, -0.5453218707629846], [0.619062227843568, 0.45104503968112275, -0.6428999379657869]], "T": [0.12325525236492274, -0.0817125980828545, 0.03977579909958602], "aligned_model": [[0.20514237213247688, -0.24876235350991072, -0.19143335967752517, 0.5237008522665616, 0.26323074660638396, -0.35448155507150025, -0.6755077832546693, -0.21581028104185823, 0.18078366076027466, 0.780947280782833, 0.445037760974367, 0.15229046757185885], [0.40287686111052556, -0.4649820917144487, -0.7028810469949466, -0.24900848394030764, -0.6913037363175312, 0.18017305064459452, -0.2077961428218604, 0.33430357477049466, 0.6019536023875359, 0.27564574250186247, 0.1707563293227685, -0.12461480617208573], [-0.5799350411837267, -0.283942354803093, 0.24622926559390734, -0.6560037322344762, -0.16757686312567632, -0.33917235296205156, 0.21245658744018175, 0.575937739635757, 0.1621545472453063, 0.09861420016736464, 0.5616881304780574, 0.057669073319881664]], "inverted": false, "swapped": false, "error_lsq": 0.04332128948567741, "error_max": 0.2668586728889826, "target": "853.xyz", "model": "18.xyz", "model_rescale": 3.9405287249114394, "target_rescale": 3.9104779222538513},
{"mapping": [14, 1, 8, 10, 2, 12, 4, 7, 13, 11, 9, 15], "R": [[-0.9236138346660109, -0.3806638053501617, -0.045083829804946574], [0.22052538334589405, -0.4314639337133514, -0.8747613555734773], [0.3135379398313602, -0.817883818889294, 0.48245208993782107]], "T": [-0.030876087280025846, -0.07805282403767985, -0.03686515609338163], "aligned_model": [[0.2631525367263484, -0.28252773188817154, -0.10652168619031022, 0.57390419408173, 0.4894712041491372, -0.3851120268095199, -0.6965644633505572, -0.1660963709160172, 0.1386405490728203, 0.6448972281281531, 0.39332737706134185, -0.0014330015256620865], [0.4394922057890067, -0.5530329468050772, -0.5622506534529286, -0.14897752211054663, -0.7332665175324273, 0.17640319847732513, 0.06737805784472653, 0.12816806027706812, 0.5616155802285364, 0.16651699786549293, 0.08301975701683806, -0.0999433648214128], [-0.5322773808545376, -0.4197290440762031, 0.5394180736565594, -0.5339713172157264, -0.2719374751195732, -0.3683890526089915, 0.22841558797893674, 0.6225390982962821, 0.07897217793626791, 0.015376879627908957, 0.5820992139876054, -0.05239756203709644]], "inverted": true, "swapped": false, "error_lsq": 0.040714239813148694, "error_max": 0.18734421361610648, "target": "853.xyz", "model": "19.xyz", "model_rescale": 4.410303926677745, "target_rescale": 3.9104779222538513},
{"mapping": [11, 7, 1, 4, 2, 9, 8, 5, 10, 6, 3, 13], "R": [[0.5126328642095761, -0.6418239824715898, 0.57032405004225], [0.6160901949687808, -0.18768813695637415, -0.7649876044153756], [0.5980304492211213, 0.7435288419221906, 0.29920635527045586]], "T": [0.14496558093846956, -0.11711988792696162, -0.007048073043788692], "aligned_model": [[0.3308848386866315, -0.3171370157696284, -0.16481097770914177, 0.5687688223637265, 0.3889384132832058, -0.3055143966245779, -0.6097389151912389, -0.25950892630776323, -0.0819318287597531, 0.6747800358847471, 0.5636846759966756, 0.07672308268640946], [0.4467341515209312, -0.6173497739236337, -0.6867544324277347, -0.198425297691473, -0.7012264616362457, 0.3064347052143752, -0.006916377875480301, 0.23582142036126016, 0.6459007705063536, 0.1049348736667324, 0.0780071328367459, -0.08203785777522947], [-0.5855253641195464, -0.21461593238887666, 0.37067518622976275, -0.5628120858354705, -0.201741409810561, -0.3095807543069659, 0.08956399297912941, 0.633969499929134, 0.19654724439612412, -0.08763435824223365, 0.5520247852706921, 0.007248395470243663]], "inverted": true, "swapped": false, "error_lsq": 0.041458072246475214, "error_max": 0.21471839519421837, "target": "853.xyz", "model": "20.xyz", "model_rescale": 4.121658175737393, "target_rescale": 3.9104779222538513},
{"mapping": [2, 10, 9, 6, 8, 4, 11, 7, 3, 1, 5, 12], "R": [[0.7067734874556326, 0.1635923168694973, -0.6882650588916109], [-0.7072447202424295, 0.18624613766026862, -0.6819950746859101], [0.016617554543626012, 0.9687878663917618, 0.24733363461746838]], "T": [0.1320712204669422, -0.055614979442437054, 0.0010293086895979617], "aligned_model": [[0.19216701086180593, -0.28044520653861377, -0.23123580695229184, 0.4346921258767954, 0.5031214069400647, -0.26963463575150687, -0.7191953845085602, -0.16851894857221578, 0.01008099445319835, 0.6956134684470818, 0.5549748665458629, 0.1435179177376721], [0.3853052168197743, -0.44008543265152794, -0.645886883852079, -0.37578674176947924, -0.5951960665775123, 0.2204319832608383, 0.012773002041381473, 0.11017422765423789, 0.5965902098745866, 0.3081411902503656, -0.05815602405500536, 0.006818171781021107], [-0.6139418375555146, -0.5381234616146631, 0.20657725412582992, -0.47702413214042694, 0.15875410759859074, -0.30156296052595327, 0.21371982183729168, 0.591772525988324, 0.20691150494036842, -0.1791829265924559, 0.5349296544585215, 0.0852896490515194]], "inverted": true, "swapped": false, "error_lsq": 0.05033113022383781, "error_max": 0.3013663031942613, "target": "853.xyz", "model": "21.xyz", "model_rescale": 4.08911054899281, "target_rescale": 3.9104779222538513},
{"mapping": [5, 1, 2, 11, 15, 6, 0, 13, 10, 9, 14, 16], "R": [[-0.22032268553675655, -0.6559580894588983, -0.721925826599453], [-0.449173528042534, -0.5887447314188181, 0.6720288557289834], [-0.8658527911508367, 0.47233317277110215, -0.16492518896848296]], "T": [0.039952777503048445, -0.023446389225374595, 0.05906797672638399], "aligned_model": [[0.38480226588128236, -0.27363997259349687, -0.05914748890394532, 0.35540157486523877, 0.482625155506396, -0.47222291232983543, -0.7327249548404989, -0.1612849980893835, 0.15670989551478925, 0.6632568348317739, 0.5200070006237626, 0.0013554080732096074], [0.35607739918921505, -0.6133386484688044, -0.7103415585738211, -0.3271396990090596, -0.5997633015886523, 0.37348162810712654, -0.05711014588877769, 0.15713435864055694, 0.7662894552098191, 0.3207592902593832, -0.12026231575906901, -0.02066360934131537], [-0.42546228893395205, -0.3695170099887449, 0.25808554604398104, -0.5687500383813588, 0.0006984626707329106, -0.30929100626720063, 0.10283179291070427, 0.6620803457562647, -0.05849256351889072, 0.03535903557533891, 0.4737934343250868, 0.08678348937947059]], "inverted": true, "swapped": false, "error_lsq": 0.04347115309257227, "error_max": 0.22000013913669386, "target": "853.xyz", "model": "22.xyz", "model_rescale": 4.204369325754507, "target_rescale": 3.9104779222538513},
{"mapping": [14, 1, 8, 10, 2, 12, 4, 7, 13, 11, 9, 15], "R": [[-0.9236138346660109, -0.3806638053501617, -0.045083829804946574], [0.22052538334589405, -0.4314639337133514, -0.8747613555734773], [0.3135379398313602, -0.817883818889294, 0.48245208993782107]], "T": [-0.030876087280025846, -0.07805282403767985, -0.03686515609338163], "aligned_model": [[0.2631525367263484, -0.28252773188817154, -0.10652168619031022, 0.57390419408173, 0.4894712041491372, -0.3851120268095199, -0.6965644633505572, -0.1660963709160172, 0.1386405490728203, 0.6448972281281531, 0.39332737706134185, -0.0014330015256620865], [0.4394922057890067, -0.5530329468050772, -0.5622506534529286, -0.14897752211054663, -0.7332665175324273, 0.17640319847732513, 0.06737805784472653, 0.12816806027706812, 0.5616155802285364, 0.16651699786549293, 0.08301975701683806, -0.0999433648214128], [-0.5322773808545376, -0.4197290440762031, 0.5394180736565594, -0.5339713172157264, -0.2719374751195732, -0.3683890526089915, 0.22841558797893674, 0.6225390982962821, 0.07897217793626791, 0.015376879627908957, 0.5820992139876054, -0.05239756203709644]], "inverted": true, "swapped": false, "error_lsq": 0.040714239813148694, "error_max": 0.18734421361610648, "target": "853.xyz", "model": "23.xyz", "model_rescale": 4.410303926677745, "target_rescale": 3.9104779222538513},
{"mapping": [4, 0, 7, 3, 1, 5, 12, 14, 15, 10, 11, 16], "R": [[-0.7407416442981641, 0.669245570426912, -0.05841389275172287], [0.30997016021101587, 0.2633473017248967, -0.9135462213008021], [-0.5960036209463915, -0.694808293803531, -0.4025184699869272]], "T": [0.056613462222684575, 0.05288972576395542, 0.09831089913002415], "aligned_model": [[0.21354656092159077, -0.2615819169458883, -0.07365263272545275, 0.39350566182305186, 0.5084503307123419, -0.34962221092747575, -0.6935405844650658, -0.028275066429159536, -0.07427542431733869, 0.6896328249645887, 0.44018080940234294, 0.10076945652575751], [0.2959431397629423, -0.4605653509582231, -0.563528492055577, -0.3136443730421472, -0.6695550591854306, 0.3416277277940414, -0.1769614839468035, 0.34385484029701757, 0.7424089457544992, 0.11606546767262646, -0.11453831387906255, -0.015984195437281738], [-0.5263341308408763, -0.3550117188256187, 0.3104198851005681, -0.6509603367351238, -0.002942873852680425, -0.28536210939656326, -0.07665527593301762, 0.7035242745958369, 0.22771544108545366, -0.0398167892736324, 0.5732481879688964, 0.010294645678189288]], "inverted": true, "swapped": false, "error_lsq": 0.04353057243741348, "error_max": 0.2580121453605972, "target": "853.xyz", "model": "24.xyz", "model_rescale": 4.28219845311461, "target_rescale": 3.9104779222538513},
{"mapping": [7, 2, 6, 4, 0, 13, 14, 11, 9, 3, 8, 15], "R": [[-0.21487980963525266, -0.6730295332861744, -0.7077131585153069], [0.37635862007438203, -0.725737601981151, 0.5758985346103561], [-0.9012107725204048, -0.1426049802610091, 0.40924682417574443]], "T": [0.06682259158436499, 0.05041188781149513, 0.05609843998332431], "aligned_model": [[0.21901953443598982, -0.2697251121454112, -0.06537961787674174, 0.460445662731891, 0.3489757577003146, -0.2932349022994517, -0.6317584722029623, -0.21692838792206526, 0.17041672263542118, 0.7825532494122722, 0.2686431468890571, 0.09211022718097875], [0.5006515873944531, -0.445239106985658, -0.7654104371727527, -0.1738443064562136, -0.6941700731891008, 0.19274295215266712, -0.1883317126278105, 0.3159895458352813, 0.7180937761398207, 0.2929711692043053, -0.21263760793017028, -0.015692933588220458], [-0.5600722419354862, -0.27533143021356465, 0.41547796754704014, -0.5178515667408374, -0.12150073298507258, -0.39447555633539244, 0.24353006874878183, 0.43745255420832746, 0.0746142680492659, -0.11401906445187243, 0.6660324390155026, 0.03426249466473999]], "inverted": false, "swapped": false, "error_lsq": 0.041501601908778434, "error_max": 0.23761390912199545, "target": "853.xyz", "model": "25.xyz", "model_rescale": 4.100010024507729, "target_rescale": 3.9104779222538513},
{"mapping": [3, 5, 4, 2, 6, 7, 9, 10, 8, 1, 0, 11], "R": [[0.19726102822488326, 0.8077123134859439, -0.5555977910204883], [-0.3409037251975535, 0.5878803906403282, 0.7336084081081721], [0.9191695909298203, 0.044693007772578563, 0.3913180268862495]], "T": [0.1350374328306459, -0.030019924355735125, -0.03046089925908963], "aligned_model": [[0.19841028490012766, -0.29678894140953604, -0.20904483989362777, 0.5308804202158932, 0.3835512069938812, -0.36816651087002267, -0.6523978859439707, -0.12039836223762129, 0.0876539606141988, 0.7713320686820653, 0.5101472307053312, 0.029959176782573455], [0.5671983999848942, -0.5934290502073029, -0.7207320301307883, -0.15807093445841885, -0.6287452466363748, 0.14468974549156388, 0.04557777073628978, 0.18714050836982155, 0.572454590865859, 0.26453937650377213, -0.07320775170267174, -0.0822925260400427], [-0.5757917906856584, -0.27598545961768334, 0.38229054745543883, -0.6425626510408362, -0.04630484618102316, -0.4485740047715742, 0.2009294838211004, 0.5196266061350827, 0.07741446411935973, 0.056202290285662, 0.6262482654716275, 0.014626294579935827]], "inverted": true, "swapped": false, "error_lsq": 0.037588454783146784, "error_max": 0.2060514600073836, "target": "853.xyz", "model": "26.xyz", "model_rescale": 3.6694154284099745, "target_rescale": 3.9104779222538513},
{"mapping": [5, 3, 12, 1, 6, 7, 9, 10, 8, 0, 2, 13], "R": [[0.712522793465906, 0.604482934521872, 0.3562466149500484], [0.6200705511639008, -0.780092437892983, 0.08347634348411913], [0.3283653154199422, 0.16141923743472641, -0.9306557093872863]], "T": [0.055271258230990605, 0.05295793540249493, 0.07926817330919242], "aligned_model": [[0.3670251749745244, -0.39572765682308947, -0.1244634375967382, 0.5582260725820578, 0.3341813983338537, -0.2699525952322213, -0.6028991038197338, -0.08633086086369118, -0.22091505108437443, 0.6981204025549645, 0.5127147656558935, 0.09515869985784718], [0.44335726260137126, -0.47815804626600256, -0.674780446154778, -0.22205240902253098, -0.5531945077108815, 0.08980849489323156, -0.03502643726062874, 0.3163048615358803, 0.6291852101525238, 0.18485385867623036, -0.20766787805275366, 0.032492889384939494], [-0.5342270267037175, -0.32981251918300203, 0.33970069908422695, -0.5923361885557831, -0.08191117170708909, -0.45831903461358026, 0.23397454084281294, 0.6012719628132815, 0.08562763955733632, 1.0453187776870987e-05, 0.5093254591199033, 0.11481438572926603]], "inverted": true, "swapped": false, "error_lsq": 0.04391173835796474, "error_max": 0.2934521859490729, "target": "853.xyz", "model": "27.xyz", "model_rescale": 4.103607728864725, "target_rescale": 3.9104779222538513},
{"mapping": [12, 11, 7, 13, 8, 10, 9, 0, 3, 2, 1, 14], "R": [[0.8568089870280525, 0.05429004463314989, -0.5127679307461546], [-0.35280364770108685, -0.6635043165894513, -0.65976632835874], [-0.37604247887275977, 0.746200115867651, -0.5493427356053178]], "T": [-0.051638710730057144, -0.08059578113711091, -0.09605223958860339], "aligned_model": [[0.40051081248188564, -0.19810467302317852, -0.0006420562487662873, 0.3577727438780889, 0.4425783611119362, -0.4298682693159007, -0.75215824879473, 0.0013851184010398448, 0.04285666964463568, 0.5565452849767333, 0.4102690094649566, 0.033993055962592125], [0.5019398820547711, -0.6293467067281124, -0.6939290385309007, -0.24495866670639127, -0.7326360213383976, 0.14948535516620828, 0.13658122822789456, 0.27378040103121415, 0.650431004477324, 0.3044222629312374, -0.14676285612381768, -0.043883991684428705], [-0.5359461209890416, -0.482680455077148, 0.27985054328194475, -0.5706464195325663, -0.04245197965645209, -0.34859995396171667, 0.267582810215346, 0.5214408664763348, 0.04607908830527728, 0.05624365444661773, 0.6688817499077564, 0.028365416155079773]], "inverted": false, "swapped": false, "error_lsq": 0.04557203142919291, "error_max": 0.24210999654505252, "target": "853.xyz", "model": "28.xyz", "model_rescale": 4.137296879288765, "target_rescale": 3.9104779222538513},
{"mapping": [2, 6, 8, 0, 9, 7, 10, 1, 3, 4, 11], "R": [[-0.017426062065204362, 0.24893627238121208, -0.9683630851358631], [-0.9906153550417258, -0.13561345401014693, -0.01703553483145301], [-0.13556382525015853, 0.958978479103877, 0.2489633023141356]], "T": [-0.018710546966664306, -0.10714422496678895, -0.08703556964323837], "aligned_model": [[0.5475845538049964, 0.13927824043795958, -0.06820621402412427, -0.6591854953759274, -0.06256379355473371, 0.5187664973514862, 0.5419661409923436, -0.26563583316447176, -0.5574538478941052, 0.05887810470951615, 0.027990657426958714], [-0.28128615490841874, -0.8519314707751859, 0.04949120043628487, 0.2216350664593253, 0.6667081015233534, -0.24006829462034268, 0.32250413925310867, -0.49207416036277235, 0.30672118606828286, 0.20742189354431367, 0.010026310030003288], [0.3936987063709171, -0.15169238398925255, -0.7862109626508182, -0.273077163904491, -0.24943968530696142, -0.48460298302268784, -0.0721688166960948, 0.4934178120605223, 0.3248302958247932, 0.671482037265999, -0.06048283416892717]], "inverted": true, "swapped": true, "error_lsq": 0.04583779891311102, "error_max": 0.3254133150840829, "target": "853.xyz", "model": "29.xyz", "model_rescale": 3.607286011436655, "target_rescale": 3.9104779222538513},
