[{"mapping": [10, 7, 5, 6, 11, 9, 2, 8, 1, 3, 12, 13], "R": [[-0.5238467949727486, 0.7929244112037215, -0.3112160238708973], [-0.09618574847184544, 0.30795781341340867, 0.946525375755211], [0.8463644824705785, 0.5257688306421977, -0.08505468557020252]], "T": [0.02584293623714768, -0.1072143620596589, -0.06349854464327105], "aligned_model": [[-0.18998325821129683, 0.05034307400060654, 0.5158430559743667, 0.08405778140298659, -0.22258260180464545, -0.5468185483295251, 0.43681235104469895, -0.2159874989393204, 0.6475199305232522, 0.04356728324575928, -0.6873751732523561, -0.07775393319397755], [-0.3160772108862536, -0.8006299131113241, -0.06257083464555482, 0.5511064744383365, 0.4667080204383483, -0.526478297823127, -0.19191340142362812, -0.4374343143423415, 0.07243918602550956, 0.26600226772588303, 0.10821489938412929, -0.07581183980292039], [-0.49603159130575236, 0.09958609935349093, -0.738814691355071, -0.0659987579552311, -0.7370094309577057, 0.0037369644590570378, 0.5809788905160216, 0.7329645946683911, 0.01688917096099786, 0.41714002108193643, 0.35452314509815747, 0.013987330789269836]], "inverted": false, "swapped": true, "error_lsq": 0.047963144929854644, "error_max": 0.30819869304324354, "target": "854.xyz", "model": "0.xyz", "model_rescale": 3.751011558992144, "target_rescale": 3.8474897888917794},
{"mapping": [9, 1, 0, 7, 8, 4, 6, 2, 3, 13, 5, 10, 12, 14], "R": [[-0.5409182841001859, -0.7695337199647709, 0.33944846996752287], [-0.40488797632626045, 0.5919928659861712, 0.696857355021747], [-0.7372063052853906, 0.2395042806687617, -0.6317947158601462]], "T": [0.01348779225391248, -0.03820315451366743, 0.07167575139179895], "aligned_model": [[0.09277024321337021, -0.17388484674754057, 0.3138287395425155, 0.3744367047357948, -0.4432843203260494, -0.755127607370425, -0.08697050223673755, 0.22116697374609998, 0.7112666565782912, 0.4687932377827915, -0.11225509593279992, -0.5386484325320471, 0.6752983669213842, 0.048375737245563405], [-0.6545716400177244, 0.6325231013194561, 0.5221196104373254, 0.45310764693628447, -0.028016904524665764, 0.13745403133269438, 0.389213612331782, -0.17687398848017613, 0.06011326453770263, -0.5435513080700523, -0.567122942406671, -0.43753497558324117, -0.12158270605047453, -0.0651438798872661], [0.29075063443773413, 0.045155319164048094, -0.3422544757708768, 0.33245650749545924, -0.40964922159451206, 0.13451594896202404, 0.6807314005385362, -0.7165994920161597, -0.2230180350372174, -0.18292667057130835, -0.23576307348447534, 0.5278921847753709, 0.39882971777619564, 0.10424630640658748]], "inverted": true, "swapped": false, "error_lsq": 0.039119860972469056, "error_max": 0.22186175905149083, "target": "854.xyz", "model": "1.xyz", "model_rescale": 3.9405287249114394, "target_rescale": 3.8474897888917794},
{"mapping": [0, 6, 3, 4, 1, 12, 10, 5, 2, 8, 7, 9, 13], "R": [[0.9092703223864139, -0.36175988347334365, 0.20580881306848878], [0.36861840080537, 0.4703560719440198, -0.8018014967391143], [0.1932561911427391, 0.8049192209748413, 0.561032166894427]], "T": [0.04789852269306008, 0.010917854543662162, 0.014509764204918642], "aligned_model": [[-0.3976488926166347, 0.10013399346916295, -0.20597840745850468, 0.4618231096233255, 0.5177232771447794, -0.7760854944198516, 0.11154088047051267, 0.8328544761582991, 0.025404948946556108, -0.6009957198387242, -0.026283324320612006, -0.4652977479256336, -0.08120781994874374], [0.6110228021675537, 0.41508987910483336, -0.05586846430303567, -0.20171699436358148, -0.18977561122917475, 0.1947944833409349, 0.23933491908876886, 0.2532618180597099, -0.6249606719895956, -0.5994961866574242, -0.5523300259745336, -0.05770074970110202, 0.02717739602866339], [0.2570010673173439, -0.5057766695857686, -0.5347664213697604, 0.30943786326926565, -0.39071449504511313, -0.11614893779726698, 0.48468501579341966, 0.16701751600444678, -0.41743177146853844, -0.07610849476680293, 0.44494078418798627, 0.5045762009222209, -0.013591307872788443]], "inverted": true, "swapped": true, "error_lsq": 0.04511739332453408, "error_max": 0.30644497219949657, "target": "854.xyz", "model": "2.xyz", "model_rescale": 3.932901565614263, "target_rescale": 3.8474897888917794},
{"mapping": [7, 1, 1, 3, 6, 2, 0, 10, 11, 9, 5, 4, 8, 13], "R": [[-0.029931873364265366, 0.8129642702677363, 0.5815437887424756], [0.4952687787112978, 0.5174254910477166, -0.6978393067518117], [-0.8682240032334544, 0.26713284425932476, -0.4181233355449062]], "T": [0.1367755522924927, -0.06268868243423122, 0.05240937298864433], "aligned_model": [[0.14358479641032207, -0.07131218575539858, -0.07131218575539858, 0.42429824839582386, -0.37656405779251423, -0.636756377960455, -0.16786110544882651, 0.16857919169398297, 0.8712777621078475, 0.40602530305686846, -0.21216038783885963, -0.6117903774675716, 0.8258279489153897, 0.10392928205900127], [-0.5734027943107101, 0.6311555012570615, 0.6311555012570615, 0.18564608686111211, -0.14951286758875842, 0.2467191570793012, 0.314953127632559, 0.10548851206632233, 0.2368791512061567, -0.7389521129537628, -0.6670734615725874, -0.25907257561859476, -0.24263275581021826, -0.1212175476299695], [0.5512753644852643, -0.10266597303395679, -0.10266597303395679, 0.3935046964185018, -0.3898985132984803, 0.06313294072596569, 0.514506223435262, -0.6431841865502401, -0.35804685511831735, -0.04741689431671685, -0.12010855096477181, 0.4577596164053451, 0.23021165277438937, -0.04203649684688225]], "inverted": false, "swapped": false, "error_lsq": 0.062083060325536066, "error_max": 0.43991887729454004, "target": "854.xyz", "model": "3.xyz", "model_rescale": 3.9243930471874484, "target_rescale": 3.8474897888917794},
{"mapping": [1, 6, 5, 4, 10, 2, 7, 11, 0, 12, 9, 8, 13], "R": [[0.7595692506978595, 0.6322178997961135, 0.15282369113355376], [-0.3261223109269329, 0.5734752608291893, -0.7515120514885776], [-0.5627599769972714, 0.5209862305227315, 0.6417745366526674]], "T": [0.009827669426659438, -0.11809533529936647, -0.13860463670191264], "aligned_model": [[-0.15008263188060766, -0.16632034199753074, 0.6204166116200476, 0.3360085875716283, 0.4937130636366545, -0.6107315125018407, 0.03617571941330726, 0.5189738351360959, 0.24272578337777, -0.4099627683250806, 0.08875220240071213, -0.6551505725494045, -0.0673120895903991], [-0.5691506949587686, 0.16346213727699974, -0.45636674099108565, -0.5574483015221173, 0.0009394425359162684, -0.5715605926971169, -0.5027655212665944, 0.44451968163338706, 0.6211118066550909, 0.5659335121673117, 0.1570259325808597, -0.14768935406771994, -0.020181753664575433], [-0.5815466480788134, -0.7099878800153829, -0.5978416775148725, -0.07453665747451846, 0.031616158799487315, -0.11221309140112817, 0.4608589673543327, -0.6572119908078249, -0.009098847879468075, 0.15416232811804015, 0.5143296965024555, 0.4604019077506229, -0.09186194998196621]], "inverted": true, "swapped": true, "error_lsq": 0.04900056420494335, "error_max": 0.2892693759133906, "target": "854.xyz", "model": "4.xyz", "model_rescale": 3.8936222436046832, "target_rescale": 3.8474897888917794},
{"mapping": [0, 6, 10, 9, 4, 1, 3, 2, 8, 12, 7, 13], "R": [[0.9046643373021053, -0.36371844870114345, -0.2220165013871182], [-0.17613914881339948, 0.1552400889501122, -0.9720470744969362], [0.38801731542423934, 0.918482120053077, 0.07637511423082366]], "T": [-0.24740607552494653, -0.013355394255869272, -0.09341442785015325], "aligned_model": [[0.01187942686439697, -0.5586098713641832, -0.26896617249304156, 0.36101244439799995, -0.4795435759717898, -0.7041724177133235, -0.12722577962907994, -0.11525238322320691, 0.5279131719521635, 0.4068815973796809, 0.11609759070052084, -0.14246598868504048], [-0.5612432127788718, -0.5463186258313987, 0.046933595600288064, 0.04970174133273252, 0.46046263943998395, 0.15616142203223501, -0.31607996773222563, 0.28173083808392013, 0.15597027642763997, -0.5606152704233214, 0.5949054593260767, -0.09268599036725143], [-0.593444873025041, 0.14298340267188753, -0.6160901133435932, -0.459603913893049, -0.2519652969231211, 0.3400004138704131, 0.42091306040969506, 0.6043537777170434, 0.32142239583418736, -0.04601990805609973, -0.1702636499585767, -0.07300057602822761]], "inverted": false, "swapped": true, "error_lsq": 0.053688194658214665, "error_max": 0.31452342737834005, "target": "854.xyz", "model": "5.xyz", "model_rescale": 3.6523030999806103, "target_rescale": 3.8474897888917794},
{"mapping": [11, 0, 0, 10, 9, 6, 12, 4, 3, 2, 8, 7, 13], "R": [[-0.36234706559870317, -0.6155183686613077, -0.6998869493657757], [0.9033794577606302, -0.4167288538972546, -0.10120581814100771], [-0.22936904618565948, -0.6689351240367061, 0.7070471274829406]], "T": [0.09503650798867166, -0.22363921673527876, -0.07205462391197491], "aligned_model": [[0.0304491044803106, 0.13274260083644127, 0.13274260083644127, 0.52994659912695, 0.4453257007652255, -0.44617327388082495, -0.2622345157774152, 0.5108086253872903, -0.48570121206003103, -0.2366525901026236, -0.07026691929896864, 0.5666149760814172, 0.033481208270081844], [-0.5835022302441648, 0.12209641812377925, 0.12209641812377925, -0.23168761259295972, 0.3862074626146216, -0.47472793968841315, 0.4917064211140988, -0.5068546695838307, -0.0870850434963572, -0.1575336942208715, 0.5071152125885501, 0.06347342090717278, -0.11047725948222258], [0.7711808959067469, 0.632562719677966, 0.632562719677966, 0.22472460082486456, 0.04468674207317459, 0.21224797587607558, 0.22872769849291064, -0.29667047356325255, -0.19335958824325722, -0.7627306360236024, -0.5625171092214739, -0.5228340223271614, -0.0384717836691683]], "inverted": false, "swapped": true, "error_lsq": 0.06031086279626678, "error_max": 0.4317777307941847, "target": "854.xyz", "model": "6.xyz", "model_rescale": 4.08911054899281, "target_rescale": 3.8474897888917794},
{"mapping": [2, 8, 10, 11, 4, 3, 9, 5, 12, 7, 6, 0, 13, 14], "R": [[0.599273013831807, 0.4273491637465247, 0.6769376242594951], [-0.7335032444945252, -0.045626489539153575, 0.6781527952964131], [0.3206943173942256, -0.9029346131905013, 0.2861192742434039]], "T": [0.10603063072705918, -0.010838702469742403, 0.0455845012015695], "aligned_model": [[0.1523157582651348, -0.272643708972218, 0.33168629897727625, 0.45163836489364717, -0.3525294067903689, -0.6829861029787611, -0.24292998464151952, 0.2390395724003316, 0.7673768440431584, 0.3291636344564677, -0.20428339430451634, -0.5476316008906424, 0.7495564076741768, 0.0779931724880452], [-0.7299024489728462, 0.5446360800792913, 0.5787793582712047, 0.3985962757109152, 0.06795293606994084, -0.04135227192410092, 0.42322340713059403, -0.06380801620339518, 0.11655202801500315, -0.6749689655601206, -0.4002043252796916, -0.43585009512505096, -0.26681684839670133, 0.08329580805993088], [0.4074471253076782, -0.06931756009588615, -0.3018416928837587, 0.28527045340486046, -0.4839096530536989, 0.10010928709868581, 0.5972854000939668, -0.7027497174607006, -0.18764222524764512, -0.2837050686782672, 0.010334194876679081, 0.5716521643150233, 0.2827432783194085, 0.17869106508506066]], "inverted": false, "swapped": false, "error_lsq": 0.03672682513810804, "error_max": 0.2315036420529872, "target": "854.xyz", "model": "7.xyz", "model_rescale": 3.964800864290218, "target_rescale": 3.8474897888917794},
{"mapping": [3, 12, 7, 8, 4, 11, 9, 2, 1, 0, 6, 10, 5, 13], "R": [[0.11823302401696043, -0.8906075229174296, -0.4391345945774319], [0.8885204785852526, -0.1025600779919151, 0.44722789440834987], [-0.4433422054874076, -0.4430571865179177, 0.7791970343298213]], "T": [0.07136566447911066, -0.07581087614666582, -0.019855538131612876], "aligned_model": [[0.20327077763353021, -0.25118969819263504, 0.38583650077445053, 0.3658615354264778, -0.4453544188386732, -0.742522774080311, -0.2192849299258429, 0.17388889233592852, 0.7907482894317618, 0.4124020796873624, -0.3170461807294005, -0.1342836852172962, 0.4858908074361228, 0.087548658878736], [-0.7739555011467993, 0.6005483907516105, 0.5175135732642507, 0.42848175234045704, -0.05928514314889265, -0.006082048459716244, 0.35699540920940664, -0.019414701242444793, 0.07014588147806844, -0.5767224068870976, -0.48954572823390147, -0.190878876668731, -0.21854199734486104, -0.03912568203637576], [0.12560173879033992, -0.11562148918465891, -0.2563451907861322, 0.4801631697741826, -0.49716115370594394, 0.12105870764357753, 0.42965272443642877, -0.6717122608553135, -0.17575664458151197, -0.4018780170460424, -0.14012828587029003, 0.7672922962886635, 0.6920907069363386, 0.047110749241767946]], "inverted": false, "swapped": false, "error_lsq": 0.05905859583215462, "error_max": 0.4145535532096792, "target": "854.xyz", "model": "8.xyz", "model_rescale": 4.121658175737393, "target_rescale": 3.8474897888917794},
{"mapping": [4, 10, 9, 8, 5, 1, 0, 6, 12, 11, 2, 3, 13], "R": [[0.8178520540748613, -0.3407363310054949, 0.46369900838630723], [0.5566210612178476, 0.6727964156686093, -0.487358161183528], [-0.145914399064136, 0.6566915073277454, 0.7399089486885304]], "T": [-0.12448307909909118, 0.013676450317256509, -0.08462430669629642], "aligned_model": [[-0.6143046816238198, -0.2007361026767154, 0.2830270438710077, 0.3722683893327543, -0.8459534893204588, -0.5645667011157216, 0.4077600305896364, -0.00666510925533173, 0.7296816868463807, -0.08753888902464141, -0.18728797643526585, 0.18349721819060966, 0.007556077056762506], [0.029649725989943563, -0.38171008226358244, -0.02447459113071358, 0.7100594755991643, -0.3922311502317029, 0.2727175763922372, -0.5525928994721643, -0.16810584319347888, 0.02883135564427786, -0.8441155742728892, 0.7597826919860999, 0.3222079199703528, 0.03036883439416545], [-0.3363173308691917, -0.4239537020250219, -0.6683400210089734, -0.34951932223156246, 0.028797591029560088, 0.3208926078939556, -0.20079992898826107, 0.5397599233892979, -0.08242136636039679, 0.2433193354693671, 0.09088060098245448, 0.3403165183638436, -0.08153947168598259]], "inverted": false, "swapped": true, "error_lsq": 0.05710740249733597, "error_max": 0.2701224892524098, "target": "854.xyz", "model": "9.xyz", "model_rescale": 3.833441315466971, "target_rescale": 3.8474897888917794},
{"mapping": [5, 7, 11, 12, 9, 3, 6, 8, 10, 13, 2, 4, 0, 14], "R": [[-0.6743160927545927, 0.7168985782356986, -0.1770712725876609], [-0.7109006706842808, -0.5653479172549402, 0.4183323665175115], [0.19979500362326327, 0.40796833330435767, 0.8908668786906633]], "T": [0.1238546295977472, 0.026182535222849263, 0.12856095039127083], "aligned_model": [[0.04772227972680276, -0.2966801414873145, 0.23867039466310375, 0.4639185255097287, -0.33753464619194906, -0.7294221397431644, -0.04167404642996966, 0.2251122309721615, 0.7973333102227125, 0.35416347787150304, -0.20073206162030557, -0.4600936208480624, 0.6887639911998596, 0.046218300775104984], [-0.5954304023662567, 0.479246955540905, 0.6182794779002735, 0.4312652058344151, -0.06586420749022952, -0.07893601530376855, 0.26474551570823773, 0.09273227042590194, 0.13855349596651648, -0.7036463765858554, -0.5190334702851515, -0.14392849291336374, -0.33317828320761483, 0.015327248650964048], [0.3839751680691069, -0.1200293031025356, -0.19014837110415486, 0.4171517229016537, -0.5321639998526915, 0.005310412924078481, 0.7424970462508926, -0.6414243697837595, -0.3292090545730906, -0.09503273312772512, -0.2091271337183865, 0.6442927207893698, 0.25330138912285105, 0.07497355628579724]], "inverted": true, "swapped": false, "error_lsq": 0.04135968725412763, "error_max": 0.23546636933416012, "target": "854.xyz", "model": "10.xyz", "model_rescale": 4.2482417240324, "target_rescale": 3.8474897888917794},
{"mapping": [7, 9, 12, 0, 1, 6, 3, 11, 10, 5, 4, 13], "R": [[0.04275196104811141, 0.5594969641798208, -0.8277290721607554], [0.5666263046707399, -0.6959347807243663, -0.4411455676228766], [-0.8228650561797618, -0.4501532273034289, -0.3467782739252633]], "T": [-0.13293450121390665, 0.06954981693523908, 0.00504749280622091], "aligned_model": [[-0.6415656282745845, -0.02909393958972739, 0.3162563449046531, 0.5800842304684193, -0.4766361658052911, 0.23359838341534683, -0.10795179028673385, 0.6587403919502755, 0.05840816511336294, -0.16746658961984795, -0.4732682404310218, -0.07433955948184366], [-0.4136224713988579, -0.6357552090137205, -0.3531398530627224, -0.259851449475517, 0.622940108851489, 0.5631946266908924, 0.2656556624535247, 0.3885868309256766, -0.1619420877105368, 0.550860401829161, 0.09351082885437421, 0.005694001106876262], [-0.12089257496111147, 0.0074960750370087065, 0.5961422382781998, -0.018181228512494152, 0.0341716744123558, 0.24743146364251917, 0.5808396407172809, -0.33581217084605774, -0.42749031410946253, -0.6770761877910234, -0.4275360738155522, 0.10609974780269368]], "inverted": true, "swapped": true, "error_lsq": 0.049781288946955486, "error_max": 0.23642222666251814, "target": "854.xyz", "model": "11.xyz", "model_rescale": 3.6694154284099745, "target_rescale": 3.8474897888917794},
{"mapping": [9, 12, 1, 2, 0, 5, 10, 4, 3, 11, 6, 7, 8, 13], "R": [[0.6658594596455949, 0.7453849067091095, -0.03213286247330971], [-0.5536196998846056, 0.46476483145646363, -0.6910129371733384], [-0.5001363892981152, 0.4779068866332616, 0.7221278278866888]], "T": [-0.01136130305928882, -0.04698448296479561, 0.0439183161347344], "aligned_model": [[0.21885200161401688, -0.3054089711103078, 0.3175845544168681, 0.423004275417088, -0.30144102073306595, -0.8116127384234416, -0.01928263512950064, 0.33651418777804987, 0.7644475418346455, 0.28249255140084933, -0.3055607781972732, -0.47225761556422213, 0.6908327200651766, -0.022398218748672115], [-0.5423114685224615, 0.5351443372117299, 0.6267097364064026, 0.4015195342516, 0.19409402579766444, -0.03919073683361961, 0.11808719050122286, -0.1546450719320196, 0.1341591863607154, -0.7178391203429153, -0.42553399048029766, -0.3526699866154609, -0.18692436951120872, 0.00953365558362089], [0.6324242877440636, 0.23478608685607186, -0.34902470230008853, 0.23492686088589088, -0.5631012671017775, -0.020172948445844857, 0.657283935016168, -0.600341328890626, -0.2825116271164174, -0.04899355950162271, -0.2560846382540105, 0.5402007764803909, 0.28874117730734705, -0.06376600159813856]], "inverted": false, "swapped": false, "error_lsq": 0.04794965692928438, "error_max": 0.27249095665855083, "target": "854.xyz", "model": "12.xyz", "model_rescale": 3.9764082729961374, "target_rescale": 3.8474897888917794},
{"mapping": [14, 0, 2, 7, 9, 5, 4, 1, 8, 11, 13, 6, 3, 15], "R": [[0.9245483530525469, -0.1593248402963905, -0.3461588336766129], [0.3439460403023992, -0.042158875476242634, 0.9380425100062785], [-0.16404714026194928, -0.9863256178783498, 0.015821229053648113]], "T": [-0.01219986693487788, -0.09073463398201859, -0.06295825767226759], "aligned_model": [[0.21034901152498403, -0.1657741273458022, 0.3972018778491736, 0.30853294360664346, -0.40614979278016866, -0.801621926835418, -0.23636594594462684, 0.12138632827681536, 0.6720274689949499, 0.5531896611749381, -0.16900630482630577, -0.39673118653692946, 0.6890608826250454, 0.019666964836912527], [-0.6832772360644979, 0.6180795011303073, 0.521874171560113, 0.49327209853191606, 0.24676138211520032, 0.1474874525857085, 0.26770838698716903, 0.06471872255093442, -0.0571315488630251, -0.6477065737130887, -0.6819072605045937, -0.46612990892248735, -0.14746120076371763, -0.07615506475496486], [0.4250717629091014, -0.02971067270036247, -0.3685072335274267, 0.29355303183133885, -0.36693033132808517, 0.08832609263675958, 0.5176723404872726, -0.6640502312108414, -0.23718977630596744, -0.08868059437364895, -0.08313777384834464, 0.48006371011237603, 0.39905787306499096, 0.03882885333424377]], "inverted": true, "swapped": false, "error_lsq": 0.049147756998321246, "error_max": 0.2522965094909668, "target": "854.xyz", "model": "13.xyz", "model_rescale": 4.170626492500431, "target_rescale": 3.8474897888917794},
{"mapping": [3, 4, 8, 0, 12, 5, 2, 10, 7, 9, 11, 6, 1, 13], "R": [[-0.43281434572940347, 0.8998220749130047, 0.054698954561156365], [-0.7177457272395286, -0.38067733121542635, 0.5830315947940564], [0.5454473514100409, 0.2130844973196211, 0.8106060595886363]], "T": [0.08849664057204809, 0.011601992477197866, 0.08631794383271915], "aligned_model": [[0.0930476638954466, -0.2563276220807201, 0.1885275254885861, 0.5509925890178808, -0.3396489398600749, -0.7781415364124306, 0.021827318577399876, 0.20769077024431287, 0.7739785829654846, 0.40720027717532237, -0.24573587480179548, -0.6124349182738408, 0.7778279786822677, 0.0069620400023721885], [-0.49423247838809126, 0.6310554322515223, 0.5698471457403484, 0.28677205180433935, 0.19143449250652275, -0.14585798963677565, 0.2678892849290602, -0.09460399649021003, 0.24802091452676014, -0.6610032022808954, -0.5893700478279197, -0.2642259483117326, -0.2972166744200575, -0.048376062527898056], [0.5549162587048773, 0.1072175713593693, -0.3931739369389361, 0.3436841083706581, -0.4794185275705448, -0.14031932711341932, 0.6886502378937397, -0.4548302358130737, -0.2765186624217383, -0.233583107219249, -0.07733071509708414, 0.4606215157153526, 0.22868299281006593, 0.0757688784013885]], "inverted": true, "swapped": false, "error_lsq": 0.04892082392226253, "error_max": 0.2703228016116941, "target": "854.xyz", "model": "14.xyz", "model_rescale": 3.9786697098870705, "target_rescale": 3.8474897888917794},
{"mapping": [6, 3, 5, 11, 1, 4, 12, 9, 10, 0, 2, 13], "R": [[-0.829632085562259, -0.5271206261555362, -0.183995782796813], [-0.06275931620440028, 0.415517968451788, -0.9074172613099527], [0.5547719088374723, -0.7412750254629481, -0.3778087688100065]], "T": [0.027432040921828986, 0.11935999246938414, 0.0001642099424368111], "aligned_model": [[-0.13484035428882224, -0.5302333122137323, 0.702960014661547, 0.5107938838841076, -0.050210567198449386, 0.39291138404435216, -0.4834028957124012, 0.027942653117332225, 0.481913130338186, 0.16999322920774684, -0.5415181394538606, -0.06295442961866962], [-0.3209255848669825, -0.023186107571442294, 0.23914346449903143, -0.6201927066438061, 0.4094547763925097, 0.5289289948453348, -0.39527090395966136, 0.07036342187021588, 0.026707028654411324, -0.5509789510551418, 0.6020364380573426, 0.04859462000262728], [-0.46523650253433696, -0.19809874515277243, -0.47676234249071253, -0.25309888857391377, -0.5786591734217323, -0.046823110649439684, 0.45186619072048906, 0.7113906948028749, 0.24946691739746935, 0.38456307560922676, -0.1862227336211758, 0.06758111178785349]], "inverted": false, "swapped": true, "error_lsq": 0.050547159449031424, "error_max": 0.29875508169272014, "target": "854.xyz", "model": "15.xyz", "model_rescale": 3.769337070930944, "target_rescale": 3.8474897888917794},
{"mapping": [10, 7, 6, 1, 0, 9, 12, 8, 3, 2, 13], "R": [[-0.7572924635574237, 0.5028433272193285, -0.4167213852325361], [0.2790209529165469, -0.32780304828066875, -0.9026031627306897], [-0.590470517869157, -0.7998085707273318, 0.10793895366563672]], "T": [-0.1891437220227204, 0.10313910942752287, -0.1481361740865831], "aligned_model": [[-0.17185300542639426, -0.2717989033313741, -0.1340820787307528, -0.7068869622813247, 0.4178054459878177, 0.2936590556207344, 0.6491806765969155, 0.25120612557858574, 0.020646570924155616, -0.36361407395606954, -0.0616367202911228], [-0.06820432648614343, -0.5977397471451283, 0.7573308596409529, 0.3461038664834744, 0.24982688584925883, -0.3897690990860882, 0.1666712402679193, -0.36341401326834905, 0.40433698353038167, -0.019197290735367217, 0.11011913857443137], [-0.6457624699895145, -0.04834171677301195, -0.07209071122136208, 0.16512079930671833, -0.6251433891648749, -0.32754356886699854, 0.0035471885943051673, 0.4766044952840308, 0.337544904100458, 0.5907920044919437, -0.11050992853791736]], "inverted": true, "swapped": true, "error_lsq": 0.05045145395149387, "error_max": 0.2544910802352277, "target": "854.xyz", "model": "16.xyz", "model_rescale": 3.7852294659196426, "target_rescale": 3.8474897888917794},
{"mapping": [11, 12, 9, 0, 6, 3, 2, 8, 10, 5, 1, 7, 13], "R": [[-0.4559042186343935, -0.5728312088504475, -0.6811870151421697], [-0.3509595173687456, 0.8190426591631863, -0.4538684166575091], [0.8179112180424357, 0.032148540213081306, -0.5744455681459364]], "T": [0.05419907138806403, 0.15317149436089747, -0.02753794516961603], "aligned_model": [[0.03262746563386394, -0.3738162144756383, 0.3397444981641319, 0.05999026980222978, -0.4561495634431677, -0.5383383488980908, -0.28679736055370425, -0.18934990031617732, 0.4893901832266143, 0.44267626464138193, -0.1381290694634964, 0.49052326521170164, -0.01860563931336541], [-0.287322495002842, -0.5008456257466982, -0.3331216080811299, -0.6162504657881535, 0.1149321102846104, 0.19960855868821192, 0.6768141346957259, 0.1020650413675816, -0.10164307783176821, 0.5080010826329244, 0.747061993824228, 0.30471101943760526, 0.061044955222578856], [-0.8338993866009397, 0.3172757627328644, 0.40861210376630897, -0.18690164492054892, -0.445704853787542, 0.10422411577750995, 0.4207262294329205, 0.8326671102617353, -0.17908893414752464, -0.6766346201733205, -0.21601560503424386, 0.5153054526183116, 0.03518896721764261]], "inverted": false, "swapped": true, "error_lsq": 0.04090969922448627, "error_max": 0.23885882422417365, "target": "854.xyz", "model": "17.xyz", "model_rescale": 3.901054581598922, "target_rescale": 3.8474897888917794},
{"mapping": [9, 1, 0, 7, 8, 4, 6, 2, 3, 13, 5, 10, 12, 14], "R": [[-0.5409182841001859, -0.7695337199647709, 0.33944846996752287], [-0.40488797632626045, 0.5919928659861712, 0.696857355021747], [-0.7372063052853906, 0.2395042806687617, -0.6317947158601462]], "T": [0.01348779225391248, -0.03820315451366743, 0.07167575139179895], "aligned_model": [[0.09277024321337021, -0.17388484674754057, 0.3138287395425155, 0.3744367047357948, -0.4432843203260494, -0.755127607370425, -0.08697050223673755, 0.22116697374609998, 0.7112666565782912, 0.4687932377827915, -0.11225509593279992, -0.5386484325320471, 0.6752983669213842, 0.048375737245563405], [-0.6545716400177244, 0.6325231013194561, 0.5221196104373254, 0.45310764693628447, -0.028016904524665764, 0.13745403133269438, 0.389213612331782, -0.17687398848017613, 0.06011326453770263, -0.5435513080700523, -0.567122942406671, -0.43753497558324117, -0.12158270605047453, -0.0651438798872661], [0.29075063443773413, 0.045155319164048094, -0.3422544757708768, 0.33245650749545924, -0.40964922159451206, 0.13451594896202404, 0.6807314005385362, -0.7165994920161597, -0.2230180350372174, -0.18292667057130835, -0.23576307348447534, 0.5278921847753709, 0.39882971777619564, 0.10424630640658748]], "inverted": true, "swapped": false, "error_lsq": 0.039119860972469056, "error_max": 0.22186175905149083, "target": "854.xyz", "model": "18.xyz", "model_rescale": 3.9405287249114394, "target_rescale": 3.8474897888917794},
{"mapping": [1, 11, 9, 5, 13, 14, 10, 7, 8, 0, 12, 3, 6, 15], "R": [[-0.13433787516075313, 0.12839577589890755, -0.9825822408473561], [0.6898564207534217, 0.7239461574053978, 0.0002827069811907057], [0.7113729359784304, -0.6778026895116871, -0.18582803891811206]], "T": [0.021616306412976884, -0.11312261786866634, -0.036183614757229074], "aligned_model": [[0.18173346562658194, -0.21610610734481048, 0.23066262333653828, 0.5858156068702034, -0.42210917874766846, -0.7221005248564987, -0.30451643087750896, 0.2876664194417553, 0.7636446445868069, 0.5122130268506782, -0.33906601446366874, -0.4489862042692084, 0.6615108298174737, 0.025403698649537294], [-0.5628711155590009, 0.5625647416089232, 0.5324456607015089, 0.44910185570081756, 0.187770669624637, 0.05219302666879497, 0.24076284768091727, 0.0442667129382813, -0.04337608706347036, -0.5915729093225148, -0.5201634732125995, -0.4776556469241056, -0.1777371087550701, -0.09559625221214593], [0.41945682257257016, 0.04222459998580659, -0.3947238245540794, 0.20223918918979394, -0.44103021377022467, 0.10272273727117844, 0.58535202532039, -0.6686956579997733, -0.16580430108306599, -0.09163119774738968, -0.10225227372128362, 0.5729777288466269, 0.3441365425795112, -0.0006051258086547662]], "inverted": false, "swapped": false, "error_lsq": 0.046617675340492624, "error_max": 0.2564310921465408, "target": "854.xyz", "model": "19.xyz", "model_rescale": 4.410303926677745, "target_rescale": 3.8474897888917794},
{"mapping": [3, 12, 7, 8, 4, 11, 9, 2, 1, 0, 6, 10, 5, 13], "R": [[0.11823302401696043, -0.8906075229174296, -0.4391345945774319], [0.8885204785852526, -0.1025600779919151, 0.44722789440834987], [-0.4433422054874076, -0.4430571865179177, 0.7791970343298213]], "T": [0.07136566447911066, -0.07581087614666582, -0.019855538131612876], "aligned_model": [[0.20327077763353021, -0.25118969819263504, 0.38583650077445053, 0.3658615354264778, -0.4453544188386732, -0.742522774080311, -0.2192849299258429, 0.17388889233592852, 0.7907482894317618, 0.4124020796873624, -0.3170461807294005, -0.1342836852172962, 0.4858908074361228, 0.087548658878736], [-0.7739555011467993, 0.6005483907516105, 0.5175135732642507, 0.42848175234045704, -0.05928514314889265, -0.006082048459716244, 0.35699540920940664, -0.019414701242444793, 0.07014588147806844, -0.5767224068870976, -0.48954572823390147, -0.190878876668731, -0.21854199734486104, -0.03912568203637576], [0.12560173879033992, -0.11562148918465891, -0.2563451907861322, 0.4801631697741826, -0.49716115370594394, 0.12105870764357753, 0.42965272443642877, -0.6717122608553135, -0.17575664458151197, -0.4018780170460424, -0.14012828587029003, 0.7672922962886635, 0.6920907069363386, 0.047110749241767946]], "inverted": false, "swapped": false, "error_lsq": 0.05905859583215462, "error_max": 0.4145535532096792, "target": "854.xyz", "model": "20.xyz", "model_rescale": 4.121658175737393, "target_rescale": 3.8474897888917794},
{"mapping": [11, 0, 0, 10, 9, 6, 12, 4, 3, 2, 8, 7, 13], "R": [[-0.36234706559870317, -0.6155183686613077, -0.6998869493657757], [0.9033794577606302, -0.4167288538972546, -0.10120581814100771], [-0.22936904618565948, -0.6689351240367061, 0.7070471274829406]], "T": [0.09503650798867166, -0.22363921673527876, -0.07205462391197491], "aligned_model": [[0.0304491044803106, 0.13274260083644127, 0.13274260083644127, 0.52994659912695, 0.4453257007652255, -0.44617327388082495, -0.2622345157774152, 0.5108086253872903, -0.48570121206003103, -0.2366525901026236, -0.07026691929896864, 0.5666149760814172, 0.033481208270081844], [-0.5835022302441648, 0.12209641812377925, 0.12209641812377925, -0.23168761259295972, 0.3862074626146216, -0.47472793968841315, 0.4917064211140988, -0.5068546695838307, -0.0870850434963572, -0.1575336942208715, 0.5071152125885501, 0.06347342090717278, -0.11047725948222258], [0.7711808959067469, 0.632562719677966, 0.632562719677966, 0.22472460082486456, 0.04468674207317459, 0.21224797587607558, 0.22872769849291064, -0.29667047356325255, -0.19335958824325722, -0.7627306360236024, -0.5625171092214739, -0.5228340223271614, -0.0384717836691683]], "inverted": false, "swapped": true, "error_lsq": 0.06031086279626678, "error_max": 0.4317777307941847, "target": "854.xyz", "model": "21.xyz", "model_rescale": 4.08911054899281, "target_rescale": 3.8474897888917794},
{"mapping": [14, 0, 6, 7, 8, 1, 4, 5, 10, 9, 11, 2, 12, 16], "R": [[-0.7952778350208617, -0.5179853241542969, 0.31499899854650243], [0.08873800284889383, 0.4145336461309793, 0.9056972027536279], [-0.5997155425490666, 0.7482332926207738, -0.28370443746785995]], "T": [0.03579376769500246, -0.08700381559670767, 0.10201317021698347], "aligned_model": [[0.2518119080771766, -0.1986825506055973, 0.09097076389175067, 0.5114681024892209, -0.2880814605837565, -0.737876460972882, -0.18458195228371638, 0.27669547197359173, 0.7134146480694745, 0.5065454881387386, -0.38496692796323045, -0.5149505262282936, 0.7160100185276541, 0.03798933209008032], [-0.5848569937471145, 0.631156381317129, 0.537263122343027, 0.43847104528976877, 0.09144621542525039, 0.03090989157584792, 0.18957120942217903, -0.27501398528033205, 0.06265879703795213, -0.5637230207721655, -0.46473283336863586, -0.22243804416271742, -0.22012257840929664, -0.05045628479591948], [0.44450545039046446, 0.2733204552463995, -0.3014845594388604, 0.1603765645995052, -0.48452109220569667, -0.030384398491235975, 0.70303977815329, -0.5338701515641229, -0.3097713050547661, -0.14022478857284132, -0.413907614769144, 0.5487705113059831, 0.356089444442858, 0.13242875703957319]], "inverted": true, "swapped": false, "error_lsq": 0.053320460067834474, "error_max": 0.35444031947802984, "target": "854.xyz", "model": "22.xyz", "model_rescale": 4.204369325754507, "target_rescale": 3.8474897888917794},
{"mapping": [1, 11, 9, 5, 13, 14, 10, 7, 8, 0, 12, 3, 6, 15], "R": [[-0.13433787516075313, 0.12839577589890755, -0.9825822408473561], [0.6898564207534217, 0.7239461574053978, 0.0002827069811907057], [0.7113729359784304, -0.6778026895116871, -0.18582803891811206]], "T": [0.021616306412976884, -0.11312261786866634, -0.036183614757229074], "aligned_model": [[0.18173346562658194, -0.21610610734481048, 0.23066262333653828, 0.5858156068702034, -0.42210917874766846, -0.7221005248564987, -0.30451643087750896, 0.2876664194417553, 0.7636446445868069, 0.5122130268506782, -0.33906601446366874, -0.4489862042692084, 0.6615108298174737, 0.025403698649537294], [-0.5628711155590009, 0.5625647416089232, 0.5324456607015089, 0.44910185570081756, 0.187770669624637, 0.05219302666879497, 0.24076284768091727, 0.0442667129382813, -0.04337608706347036, -0.5915729093225148, -0.5201634732125995, -0.4776556469241056, -0.1777371087550701, -0.09559625221214593], [0.41945682257257016, 0.04222459998580659, -0.3947238245540794, 0.20223918918979394, -0.44103021377022467, 0.10272273727117844, 0.58535202532039, -0.6686956579997733, -0.16580430108306599, -0.09163119774738968, -0.10225227372128362, 0.5729777288466269, 0.3441365425795112, -0.0006051258086547662]], "inverted": false, "swapped": false, "error_lsq": 0.046617675340492624, "error_max": 0.2564310921465408, "target": "854.xyz", "model": "23.xyz", "model_rescale": 4.410303926677745, "target_rescale": 3.8474897888917794},
{"mapping": [9, 0, 12, 5, 7, 1, 4, 13, 6, 14, 11, 10, 15, 16], "R": [[-0.5967927837130622, 0.3384118569218294, 0.7275409187136721], [-0.783057926064519, -0.04777308732566743, -0.6201112936843748], [-0.17509613855122255, -0.9397846281048089, 0.2935067206085027]], "T": [0.019658867081153893, -0.04947519234586925, 0.08731449397036624], "aligned_model": [[0.13987547698581862, -0.24972503941610896, 0.2843448258798463, 0.42746874642615096, -0.3310361812639373, -0.8300859334264319, -0.0013643740502972367, 0.29900503446360255, 0.7045451588206361, 0.39835726113559794, -0.26597812676738297, -0.35239592055523233, 0.6482835766267447, -0.07552865023879518], [-0.5911822342560145, 0.6359967302452686, 0.5915024042519946, 0.385597169174543, 0.05948807759392255, -0.01276986494272439, 0.25136706346531523, -0.05683662019101816, 0.0663720625629711, -0.544032401137328, -0.5774566124972499, -0.33547772230200257, -0.28456162724617273, 0.012126497153468016], [0.3780401912803462, -0.07985717033208305, -0.3192133632032115, 0.28732743349579604, -0.46682527680282077, -0.026359788613202192, 0.7061329919501189, -0.5577422104967331, -0.22156779862217585, -0.17754524926673315, -0.11360492851254132, 0.5384926562645421, 0.32996554694425406, 0.12712401699584974]], "inverted": false, "swapped": false, "error_lsq": 0.03326518025494164, "error_max": 0.209937124337198, "target": "854.xyz", "model": "24.xyz", "model_rescale": 4.28219845311461, "target_rescale": 3.8474897888917794},
{"mapping": [4, 14, 11, 13, 8, 6, 2, 5, 9, 3, 1, 0, 7, 15], "R": [[-0.7094881885224084, 0.6226109118382115, -0.3301244656295296], [-0.05065369849098039, -0.5122928198470172, -0.8573157350488654], [-0.702894524929862, -0.5915333627050823, 0.39500325015174387]], "T": [0.11696109445372427, 0.052288198427972665, 0.029067339734899295], "aligned_model": [[0.16456395393532783, -0.20095090333747456, 0.19056437883328484, 0.42169334484657256, -0.36893223430155736, -0.778296154063347, -0.2069582823711481, 0.12797991792781935, 0.7195984909410295, 0.43171238439197734, -0.08248378187449273, -0.47676800566549193, 0.787264242144444, 0.06677850321326746], [-0.4913990676690058, 0.734455980442249, 0.45134936530623004, 0.3142784559556785, -0.03744001742571523, 0.14791838705623328, 0.22935572827746606, -0.13890008565589818, 0.05103057204587452, -0.641826997742132, -0.4930307368970242, -0.36547373057691873, -0.17374614268923444, 0.01356121144717018], [0.5156746737105391, 0.14621555242617443, -0.3339888719829277, 0.46657827384750095, -0.4585827164320714, 0.06864588141581407, 0.605698375648077, -0.8007557175926573, -0.2770376595868287, -0.10942838145448418, -0.2406109851803693, 0.4012432368340315, 0.3533329293090138, 0.0673824601195935]], "inverted": true, "swapped": false, "error_lsq": 0.04707483997255833, "error_max": 0.27733717648644085, "target": "854.xyz", "model": "25.xyz", "model_rescale": 4.100010024507729, "target_rescale": 3.8474897888917794},
{"mapping": [7, 9, 12, 0, 1, 6, 3, 11, 10, 5, 4, 13], "R": [[0.04275196104811141, 0.5594969641798208, -0.8277290721607554], [0.5666263046707399, -0.6959347807243663, -0.4411455676228766], [-0.8228650561797618, -0.4501532273034289, -0.3467782739252633]], "T": [-0.13293450121390665, 0.06954981693523908, 0.00504749280622091], "aligned_model": [[-0.6415656282745845, -0.02909393958972739, 0.3162563449046531, 0.5800842304684193, -0.4766361658052911, 0.23359838341534683, -0.10795179028673385, 0.6587403919502755, 0.05840816511336294, -0.16746658961984795, -0.4732682404310218, -0.07433955948184366], [-0.4136224713988579, -0.6357552090137205, -0.3531398530627224, -0.259851449475517, 0.622940108851489, 0.5631946266908924, 0.2656556624535247, 0.3885868309256766, -0.1619420877105368, 0.550860401829161, 0.09351082885437421, 0.005694001106876262], [-0.12089257496111147, 0.0074960750370087065, 0.5961422382781998, -0.018181228512494152, 0.0341716744123558, 0.24743146364251917, 0.5808396407172809, -0.33581217084605774, -0.42749031410946253, -0.6770761877910234, -0.4275360738155522, 0.10609974780269368]], "inverted": true, "swapped": true, "error_lsq": 0.049781288946955486, "error_max": 0.23642222666251814, "target": "854.xyz", "model": "26.xyz", "model_rescale": 3.6694154284099745, "target_rescale": 3.8474897888917794},
{"mapping": [10, 6, 1, 0, 3, 12, 2, 7, 5, 8, 9, 11, 4, 13], "R": [[-0.7408587941924303, 0.4488080126932289, -0.49969952452458144], [-0.05366227687812508, -0.7811494227791846, -0.6220337123757862], [-0.6695137094249779, -0.43402413185686034, 0.6028054792865647]], "T": [0.09898712400007258, -0.08313820736480527, 0.009880293505472999], "aligned_model": [[0.10802544012800568, -0.24833923121682722, 0.2810798456508618, 0.5139586861202046, -0.4287466194000178, -0.6752081322024902, -0.05058827655724206, 0.14718300605696777, 0.747290332349256, 0.4675760969834788, -0.30746374337156546, -0.5238209332482783, 0.6763757716268225, 0.08844361170103518], [-0.5520014540318815, 0.5089002952586943, 0.7214617214100826, 0.3527991628947622, 0.043140340041057115, 0.053413131266334915, 0.20117883905994838, -0.10657561834358893, 0.20742240052151512, -0.5901215250408851, -0.5861423531407055, -0.31136093363515494, -0.28329940066275916, -0.058681683722446226], [0.38667769882962943, 0.003153764871780377, -0.3049336976591554, 0.2831760215655574, -0.5887698922253387, 0.11808496322421148, 0.6089801707076856, -0.6172212687935003, -0.33833800427630256, -0.1144872144025098, -0.20610131963660144, 0.5541228683610753, 0.5595059992163852, 0.06051696129848963]], "inverted": false, "swapped": false, "error_lsq": 0.03730421514397758, "error_max": 0.23236707570530882, "target": "854.xyz", "model": "27.xyz", "model_rescale": 4.103607728864725, "target_rescale": 3.8474897888917794},
