[{"mapping": [10, 11, 13, 2, 3, 8, 7, 9, 12, 0, 6, 14], "R": [[-0.8482980368547866, 0.5106089004590737, -0.14024618155333585], [-0.09027268585258773, 0.12152487414495083, 0.9884748591405925], [0.5217674605197946, 0.8511816819786655, -0.05699527530150966]], "T": [-0.07812688644824232, -0.014119406693682807, 0.004330521893312594], "aligned_model": [[-0.19601152468215954, 0.047885092149938566, 0.4115426829064075, -0.2594056458776496, 0.038786219626440036, -0.5352967175112325, 0.41837349360343246, -0.19349798009361657, 0.6888116374441063, 0.180186559155121, -0.6172125386486093, -0.14651881561162966], [-0.2989928496567562, -0.6497073224618364, -0.3063818206434715, 0.6127887079184714, 0.34239339508164646, -0.5191462602747126, -0.30754402595141506, -0.582412655393619, 0.12877241900269185, 0.5229646452887281, 0.13468235392888012, -0.0238615508615504], [-0.6511726768267658, 0.03677638619679338, -0.5584773071794072, -0.04265707841083913, -0.6648541176266689, 0.09992894494518428, 0.43639102504965754, 0.5951350729429413, 0.0673093858185645, 0.4361921824645446, 0.46197628412800407, -0.03459635614844606]], "inverted": true, "swapped": true, "error_lsq": 0.0407326455387695, "error_max": 0.1856429945340943, "target": "856.xyz", "model": "0.xyz", "model_rescale": 3.751011558992144, "target_rescale": 4.126984346784411},
{"mapping": [6, 11, 7, 0, 1, 3, 12, 10, 13, 9, 2, 5, 4, 8, 14], "R": [[0.581402787465801, 0.769247561453215, 0.2650075242804989], [0.3068195668568111, -0.5089625354917504, 0.8042505149887116], [0.753546648934753, -0.3862839974217043, -0.5319324404612988]], "T": [0.06304443292242054, -0.05552673470314557, 0.036383087289088206], "aligned_model": [[0.06721334238017831, -0.43844045776805707, -0.14024724867295288, 0.21501532651731692, 0.49836998301466495, -0.34554860643018825, -0.6457861088774973, 0.16439625169910274, -0.4083576781926296, -0.3413245669425412, 0.1619772143199895, 0.07828639553273084, 0.7358197532750723, 0.638331962296421, 0.010243986555490824], [-0.5694382038897724, -0.65456640385923, -0.032517260285231005, 0.5242622306704112, -0.035769500482223666, 0.55804058571155, -0.01684272236944169, -0.7753715303395365, 0.3213469183309796, -0.28672172009777075, 0.7042624512214206, 0.07363623562863975, -0.46894111742533195, 0.13016970269499434, -0.06965008038581809], [-0.510977276002333, -0.12608342653208268, -0.5943467122910339, -0.42864822523783674, -0.507479824269202, -0.16359881445330163, -0.18279244574006165, 0.4158630303094303, 0.44042330507138594, 0.5024562703954364, 0.34730236894452715, 0.647260044348754, 0.08150388507268855, 0.3102066505999732, 0.040439737822250285]], "inverted": true, "swapped": false, "error_lsq": 0.038801672966156886, "error_max": 0.27711082077728194, "target": "856.xyz", "model": "1.xyz", "model_rescale": 3.9405287249114394, "target_rescale": 4.126984346784411},
{"mapping": [3, 12, 13, 1, 7, 10, 2, 0, 9, 8, 6, 5, 14], "R": [[0.005002963265615071, 0.9524468223029928, 0.3046637836098911], [-0.7909564678519735, -0.18264475627087756, 0.5839766767345099], [0.6118519725568379, -0.2438974040281761, 0.7524302093793309]], "T": [-0.0685591804567379, -0.009402332171235643, 0.016518148692467857], "aligned_model": [[-0.40136245651072355, 0.37803473241938323, -0.4230993398312798, 0.5576246036695911, 0.3712845382563347, -0.760735742570778, 0.07546899196268553, 0.6123401486647687, 0.11433955858505127, -0.4036445882248325, 0.12082211498604425, -0.611440721487051, -0.13364856063526312], [0.6743786344289157, 0.42248729162178555, 0.38878740183302507, -0.4180108769237626, -0.20691062891895112, 0.14793803921736012, 0.32170682392905, 0.1953883254690593, -0.7779479092585887, -0.6099421777181838, -0.458715102127454, -0.19432506394833307, -0.026002164031905462], [0.11782808470227026, -0.4595116197298981, -0.5815558177611512, 0.0914369181898398, -0.5190328654884303, -0.12794542581930635, 0.5621427629331115, 0.20658787034693527, -0.23087520308603393, 0.0328000150922375, 0.5498545413704151, 0.4127364316063445, 0.058654657232309636]], "inverted": true, "swapped": true, "error_lsq": 0.051171634780714355, "error_max": 0.3595367303061697, "target": "856.xyz", "model": "2.xyz", "model_rescale": 3.932901565614263, "target_rescale": 4.126984346784411},
{"mapping": [9, 7, 1, 11, 6, 2, 0, 5, 10, 3, 12, 13, 4, 14], "R": [[-0.7151385964080484, 0.698647388411371, 0.021647507789533005], [-0.35209582276114937, -0.33330731230927346, -0.8746054922965656], [-0.6038255704437137, -0.6330861412376201, 0.4843517505400227]], "T": [-0.04822803158657506, -0.08402602172183786, 0.014504443132243642], "aligned_model": [[-0.12596465364599574, 0.47363766084933456, 0.14186027452441452, -0.028659996382353878, -0.4396929188496566, -0.12555818409834774, 0.3867504646392147, -0.7288840047451158, -0.35452292433319205, -0.022462638488761448, 0.7265904905632826, 0.2481007957804865, 0.3927641383461731, -0.12414859210677995], [0.1365564826866379, 0.11648821899240187, -0.4400937623691188, 0.48909845877252495, -0.5404579405314133, -0.6573791198851517, -0.6684884210553717, -0.04827031004083694, 0.40884926085757173, -0.08655572755400402, -0.042485152114160374, 0.5291837686099625, -0.4565082258827296, -0.07644089213582392], [-0.7796102209103529, -0.4401791295805795, -0.6193426175383432, -0.2888916237299468, -0.38626992430653534, 0.3200692966547141, -0.08983644305868516, 0.16056842678446906, 0.44808431405458843, 0.781255953778379, 0.11702139035601529, 0.4365343441318834, 0.5183964539300827, 0.036096142491408086]], "inverted": true, "swapped": true, "error_lsq": 0.04074301036892162, "error_max": 0.26846481506211073, "target": "856.xyz", "model": "3.xyz", "model_rescale": 3.9243930471874484, "target_rescale": 4.126984346784411},
{"mapping": [8, 6, 9, 11, 7, 5, 10, 1, 12, 4, 13, 3, 14], "R": [[0.16408944083880517, -0.6272269657599193, 0.7613547063155341], [0.39556622289316434, -0.6652047241923784, -0.6332693251833513], [0.9036603447707794, 0.4050790149288739, 0.1389567305063324]], "T": [-0.0679127728724939, -0.012530669066835684, -0.12484473624036511], "aligned_model": [[0.054317964570016045, -0.24659762546240688, 0.533185707971918, 0.4398618757409127, 0.619766889545624, -0.5138291728666358, -0.2684932556597358, 0.2739571506142846, 0.3027947596946769, -0.3578447328591379, 0.12599199954532364, -0.5665725692045233, -0.11933310531896398], [-0.6246612276433103, -0.07001400922659189, -0.310895908526471, -0.40006909610776026, 0.20061384537839383, -0.5353134837554708, -0.505384046181708, 0.27987704471694136, 0.5636926179112883, 0.6229312829767453, -0.12459070295542572, 0.10411445374199378, -0.07247121664703728], [-0.4138970876288907, -0.8226716038250406, -0.6095885072333971, -0.011343082845751737, -0.1557156096346696, -0.24215801305533097, 0.36668057191856773, -0.726760495051709, 0.2534696296306913, 0.1901978180085872, 0.6444339819520442, 0.4463911667088673, -0.13196845357300438]], "inverted": false, "swapped": true, "error_lsq": 0.04648135786545901, "error_max": 0.2630056903810423, "target": "856.xyz", "model": "4.xyz", "model_rescale": 3.8936222436046832, "target_rescale": 4.126984346784411},
{"mapping": [13, 3, 10, 11, 5, 2, 0, 6, 9, 7, 8, 14], "R": [[-0.12110037873108259, -0.5729305734269265, 0.8106079547499405], [-0.9071143440831888, 0.3954820293348502, 0.14400531667863845], [-0.4030859276006974, -0.7178750047925349, -0.5676065648531592]], "T": [-0.1160400189332403, -0.09661312056402248, 0.03137200493944938], "aligned_model": [[-0.08642712740944618, -0.7448336405935384, -0.3316502511014218, 0.41354644265389956, -0.42161033205708837, -0.6646367251771318, -0.17862072958584685, -0.11690827192484358, 0.6236866713815835, 0.5105002191766129, 0.1773059247780574, -0.15280413792573902], [-0.5643683511849924, -0.4018560339703055, -0.0018781848818123642, -0.03871347043596252, 0.47930008229867926, -0.10168398544431428, -0.42600749318167713, 0.4419761242928556, 0.25347358101740997, -0.4264098370844193, 0.48963332377882174, -0.0345428500944758], [-0.6184544173516092, -0.28489288268765167, -0.6536620305033904, -0.33888407097260725, -0.21531905395890272, 0.38788223985128556, 0.6865609936188267, 0.5131560016903604, 0.15611753920629248, 0.16541814911126057, -0.17709549748148665, -0.0015422512468595412]], "inverted": false, "swapped": true, "error_lsq": 0.04882683154855371, "error_max": 0.2819257209232397, "target": "856.xyz", "model": "5.xyz", "model_rescale": 3.6523030999806103, "target_rescale": 4.126984346784411},
{"mapping": [10, 13, 3, 5, 2, 11, 12, 8, 7, 1, 0, 6, 14], "R": [[0.5455212960347992, -0.6202045367369162, 0.5636957053086893], [-0.4638227333822115, 0.33678631480618304, 0.8194165303172284], [-0.6980508488429533, -0.7084640504430825, -0.10394085654551187]], "T": [0.09398681486888957, -0.02885518786191765, 0.02053563530062546], "aligned_model": [[0.252484905941439, -0.29782666461763185, 0.33213109185916045, 0.6781645214983819, 0.5337453368783917, -0.29807497136557726, -0.5199637927666403, 0.2416745537698293, -0.578179897663168, -0.10302988127371693, -0.014376992540263395, 0.4951270644704385, 0.15920763047365133], [-0.3349497518700273, -0.06802909930981482, 0.3434670881787052, -0.382919420614914, 0.4492591320940872, -0.5395868723360745, 0.4440961433386896, -0.6858817084014177, -0.06802301034937086, 0.025357685665189835, 0.5661268830055083, -0.13980607274086648, -0.06828409249651123], [0.6576530365544877, 0.718313436738742, 0.6476253896994071, 0.1593903730545509, -0.057584443694462924, 0.10018771487148889, 0.12990107902884604, -0.11982076408397094, -0.23626137638594824, -0.7026000934222286, -0.3989202378669469, -0.5702023348335339, 0.042427959821357705]], "inverted": true, "swapped": true, "error_lsq": 0.048304265161200385, "error_max": 0.3301695209591396, "target": "856.xyz", "model": "6.xyz", "model_rescale": 4.08911054899281, "target_rescale": 4.126984346784411},
{"mapping": [10, 8, 11, 13, 12, 1, 9, 4, 0, 3, 2, 6, 5, 7, 14], "R": [[0.4514557470458604, 0.8846290330605093, -0.11670125245982804], [0.8919499976407552, -0.45103436066240293, 0.031515190155135514], [-0.024757022598064594, -0.11831939557099583, -0.9926669181874619]], "T": [0.052638127813046644, -0.061933332070938, -0.02282037770280824], "aligned_model": [[0.1542709019256646, -0.3343944780874559, -0.0997715429366306, 0.37152421066681435, 0.532240601132536, -0.36726385575730364, -0.7209605316049189, 0.11989921729464686, -0.48975650298979256, -0.42050690835446386, 0.15431168175341511, 0.07558295415239163, 0.6666543813357974, 0.7053666231858442, -0.09724720300944334], [-0.5850203221398533, -0.6202453119981837, -0.018801792739965115, 0.49502968204772035, -0.06359397938643686, 0.5313101524492365, -0.0669502451203615, -0.6485548714356029, 0.3304162153344083, -0.29145328107368973, 0.6492951775696457, 0.03904029555274584, -0.5067703042841191, 0.1944676275629581, -0.0362694572148628], [-0.507924158917508, -0.0831732427927854, -0.5880124030659342, -0.37495442805531615, -0.5500590597506252, -0.12126097463030441, -0.1496164842596399, 0.3621479393018954, 0.6378808257401403, 0.5687079851214885, 0.34317967529558097, 0.46546317508414187, 0.05204842852129868, 0.3050409096804872, -0.0879396192343246]], "inverted": false, "swapped": false, "error_lsq": 0.03205917934445893, "error_max": 0.2294994389896224, "target": "856.xyz", "model": "7.xyz", "model_rescale": 3.964800864290218, "target_rescale": 4.126984346784411},
{"mapping": [10, 3, 13, 5, 11, 2, 8, 12, 0, 1, 6, 9, 7, 14], "R": [[0.7950544690555814, -0.5895559340317875, 0.14252084718613767], [-0.24807943637915447, -0.10165849443602457, 0.9633909610094971], [-0.5534844031050459, -0.8013047804405684, -0.22708074414741508]], "T": [0.0031222902768902536, -0.07980549084495624, 0.04210686346230903], "aligned_model": [[-0.17729495679622503, 0.056765009340795015, 0.4363005487793088, -0.6491757212669854, 0.1300346726564349, -0.18021124833156887, -0.44416375552784815, 0.7729343765408501, 0.3027014588009084, 0.09085763660812582, -0.48961397412321234, -0.056977777749364154, 0.5377180306306252, -0.0686864101009711], [0.019536238989875804, -0.6068943266307109, 0.03752366577543352, -0.06684112825473149, 0.5376758467266688, -0.6915783889300917, 0.4428012969542159, -0.21822080018649753, -0.4857259699622896, 0.07066310942968591, -0.08640689487943835, 0.6298181135847197, 0.30797037391218396, -0.0793726703478218], [-0.6523821196334728, -0.5127606449148364, -0.6216225419378388, -0.20334158626411986, -0.11123522626076345, 0.1842558773842798, 0.0385327430509375, 0.07056146878637357, 0.5779897754536146, 0.7730935977510205, 0.5706542532712524, 0.46417326246522045, 0.3304195167975568, 0.008476662775797263]], "inverted": false, "swapped": true, "error_lsq": 0.041026845977186734, "error_max": 0.2678936154920935, "target": "856.xyz", "model": "8.xyz", "model_rescale": 4.121658175737393, "target_rescale": 4.126984346784411},
{"mapping": [0, 1, 7, 12, 6, 2, 8, 10, 11, 5, 4, 13, 14], "R": [[0.38304830698513886, 0.1436882544701017, 0.9124843450948377], [0.905531252248776, -0.25351839335515725, -0.3402081354573756], [0.18244765198977786, 0.9565992419806508, -0.22722399636803733]], "T": [-0.04397510281770667, -0.04363916393761847, 0.004200808708500897], "aligned_model": [[-0.5378448388125069, -0.2881087072451626, 0.28737984807342365, 0.10365881451433917, -0.5038860949662883, -0.6548041499602253, 0.20355579983590902, 0.34044359289627457, 0.5574867394436475, -0.13106869912825858, -0.40181100744540854, 0.5525321694465498, -0.05079597021709621], [0.2977386744593178, -0.21225551379813382, 0.12735185037138497, 0.6549276709305709, -0.5613631146428043, 0.09664677395235138, -0.685255205154262, -0.09072245917109084, -0.23077734348578569, -0.5317587516227916, 0.6245178620016532, 0.3967280665452631, -0.09539107097396327], [-0.4215261745384279, -0.6861956035935345, -0.6124456722765377, -0.3164044224680469, -0.2022906880441818, 0.192060698430783, 0.020098722002111963, 0.6163605424912375, -0.15112692735338143, 0.4941596698737253, 0.11664590176151685, 0.30784868813130717, 0.06389069954251678]], "inverted": false, "swapped": true, "error_lsq": 0.04238973984107446, "error_max": 0.21107613128107044, "target": "856.xyz", "model": "9.xyz", "model_rescale": 3.833441315466971, "target_rescale": 4.126984346784411},
{"mapping": [12, 11, 6, 5, 1, 3, 7, 10, 9, 8, 2, 8, 0, 13, 14], "R": [[0.14254447682243704, 0.9794383264501314, -0.14276427006777176], [0.9849248505058237, -0.1546419673672178, -0.07751709995141277], [-0.0980005662407043, -0.12956244289670646, -0.9867165055917222]], "T": [0.020386889806379982, -0.054035617270762996, -0.12630693381967478], "aligned_model": [[0.03235951752191157, -0.42623958318017435, -0.06991624153154678, 0.49348840717653586, 0.552296694350652, -0.48024784524537384, -0.64374071150199, 0.22751321571371413, -0.4038988532790072, -0.1949256807447968, 0.10357779702400574, -0.1949256807447968, 0.6714197149313965, 0.62017905068478, -0.0369902524682091], [-0.5556217040294733, -0.5440558326117428, -0.04225528329502661, 0.4214875074760528, -0.20269271338023936, 0.6554075202854888, -0.0422663285767273, -0.6688351177280503, 0.31389430884842134, -0.2238278858920943, 0.5230063313450187, -0.2238278858920943, -0.24417684291729116, 0.22705562148503844, 0.008607890006359177], [-0.4599056614348167, 0.03413639956735304, -0.7993122356166968, -0.21283966496859277, -0.6167984837161, -0.10688667682771899, -0.0742493713926511, 0.3785439380954571, 0.4589445541862311, 0.6033302670245573, 0.2941120446073755, 0.6033302670245573, -0.06445601124739725, 0.3174538358053601, -0.0838746330683223]], "inverted": true, "swapped": false, "error_lsq": 0.04493271852674325, "error_max": 0.31219487374312177, "target": "856.xyz", "model": "10.xyz", "model_rescale": 4.2482417240324, "target_rescale": 4.126984346784411},
{"mapping": [2, 3, 12, 13, 6, 1, 0, 11, 10, 8, 5, 14], "R": [[0.5788357309672306, -0.2348806017764396, 0.7808843060689399], [-0.7554445011596741, -0.5149934800425936, 0.405074463748618], [0.3070061924835451, -0.8243863283817586, -0.4755358865048989]], "T": [0.003975462231510508, 0.08285195938647132, -0.009288915410122889], "aligned_model": [[-0.5571737163067538, -0.11963842896681683, 0.45415685423694657, 0.5911575013797934, -0.5136099251176037, -0.06478439345233486, -0.2059574078834548, 0.5321422832644508, 0.1536622908390777, 0.018109547882255262, -0.3749741755025359, -0.03632482801001728], [-0.15368307849027069, -0.671994798184363, -0.16752171610442818, -0.43724559927810586, 0.5870857763406908, 0.6967155056669325, 0.15135308316903118, 0.3282137393024574, -0.32448797631647214, 0.5164805946069215, 0.06575580571035382, 0.07546005362789218], [0.22997324760704296, -0.06848445965814048, 0.5799723572826946, -0.17257406659688937, -0.016258327615435705, 0.41864043058622274, 0.6927975429626965, -0.29519302109514234, -0.5892907603143976, -0.543107114895481, -0.594105643646662, -0.07717789476215148]], "inverted": false, "swapped": true, "error_lsq": 0.04436696060142662, "error_max": 0.3204689801832925, "target": "856.xyz", "model": "11.xyz", "model_rescale": 3.6694154284099745, "target_rescale": 4.126984346784411},
{"mapping": [7, 0, 2, 4, 12, 9, 11, 8, 3, 10, 5, 13, 6, 14], "R": [[0.9999057773146585, 0.012362310341231763, -0.005967392713451707], [-0.010397109992156626, 0.398192723048797, -0.9172428551996443], [-0.008963068480184622, 0.9172184737531248, 0.3982837365615226]], "T": [-0.0016281561160333136, 0.06946923307371529, -0.03692926263208493], "aligned_model": [[0.15807995154845342, 0.036470569615967306, -0.06972796368179607, 0.4888672607128084, 0.6234048451953037, -0.4671093693621192, 0.026911498996328328, -0.4848594635000465, 0.4868465038744364, 0.22136502546152922, -0.3802516686187727, 0.6822927388419573, -0.6846841172547069, -0.039340961573532875], [-0.5179775469797097, 0.27529907288049904, 0.6868477707905318, 0.5507325748148515, -0.09367762616662322, -0.6063618725976173, -0.5309070050029393, -0.24459800918030078, 0.5934445473170523, 0.11829312725363934, 0.3270973955158805, -0.13084508106998521, 0.20419891155248088, 0.09944102900849422], [-0.4225281655309501, -0.7425298387992112, -0.2425740163831229, -0.37593381550784644, -0.4788522878005965, -0.14600391610312094, 0.20727887066843648, 0.33862992933240044, 0.2376986867503554, 0.6505475575563892, 0.48859683351475136, 0.3292300513478742, -0.2305201088877197, 0.026055679494776024]], "inverted": false, "swapped": true, "error_lsq": 0.04290621023683057, "error_max": 0.2793919648008842, "target": "856.xyz", "model": "12.xyz", "model_rescale": 3.9764082729961374, "target_rescale": 4.126984346784411},
{"mapping": [0, 9, 4, 3, 7, 6, 5, 1, 13, 12, 14, 13, 2, 11, 15], "R": [[0.9732581141397797, -0.0864709312651476, -0.21281781247634696], [-0.20611854335604862, -0.7377161539756752, -0.642876366223023], [-0.10140902004190827, 0.6695503373230991, -0.7358114951838303]], "T": [0.03210553717377951, -0.08584964853605336, 0.05850456313679478], "aligned_model": [[-0.023742126851620887, -0.2863674642718039, -0.18460624916312582, 0.6806511509489099, 0.40207837955049797, -0.44183498232037116, -0.7259716868215971, 0.23229027324466156, -0.2031680929687537, -0.2456149237959518, 0.1316603229781209, -0.2031680929687537, 0.545055162370039, 0.5150108955583772, 0.057676983218472644], [-0.539484664258084, -0.5900684279683345, 0.08642577560840516, 0.40255896308682837, -0.14548294140732354, 0.5059347003663978, -0.24335668598948756, -0.6173914332408446, 0.25557444525516027, -0.3387701836990395, 0.6949742837768603, 0.25557444525516027, -0.6479990653900696, 0.3373983520227523, -0.013987978294741368], [-0.5055913900804218, -0.01789894683286644, -0.6042328672817249, -0.16350683805526037, -0.5976948465002538, -0.03546603904786724, -0.26295206138169924, 0.34260310381955184, 0.5085672846826943, 0.574368967219783, 0.19710784926637834, 0.5085672846826943, -0.1805147437148182, 0.525632215514415, -0.01746040425201008]], "inverted": true, "swapped": false, "error_lsq": 0.05196404889239489, "error_max": 0.38473731398595373, "target": "856.xyz", "model": "13.xyz", "model_rescale": 4.170626492500431, "target_rescale": 4.126984346784411},
{"mapping": [10, 3, 5, 2, 8, 1, 6, 13, 11, 4, 12, 0, 7, 14], "R": [[0.5122007000049476, 0.14092546982239232, 0.8472251500455944], [-0.6522487241237092, -0.5779456739549431, 0.49045937633585956], [0.5587683283736075, -0.8038151590459741, -0.20410572087636342]], "T": [-0.01621342744526024, 0.059956462957536524, 0.026171569399547498], "aligned_model": [[0.37947851573101665, -0.02132604390347944, -0.15314456621313133, -0.5943097088421793, 0.13956098168344075, -0.3060528133131938, -0.5510950797516444, 0.646488517860231, 0.5472242941957178, -0.2728375693743639, 0.21611003240559584, -0.4723871143553895, 0.3135402650952027, -0.028066689126179635], [-0.3467130393726341, -0.7066212615210494, -0.03559095081004636, -0.24293753632497755, 0.4678910169187145, 0.6757790273875584, 0.4852879989074276, -0.37855506062896177, 0.3649191404351076, -0.4773723508993565, -0.09878816590224175, 0.1282380675643035, 0.4764998223415432, 0.04403775983027862], [-0.42414155715723506, -0.004004372299047973, -0.6506048094676768, 0.07246975514015787, -0.5053537535223444, 0.34466112324563164, -0.2087532071067637, 0.12854360462127978, -0.07600206080349649, 0.5084018468425293, 0.7565174213035835, 0.599698202423519, 0.5130401810133304, -0.05059927311260119]], "inverted": false, "swapped": true, "error_lsq": 0.043760351263432744, "error_max": 0.276145436211713, "target": "856.xyz", "model": "14.xyz", "model_rescale": 3.9786697098870705, "target_rescale": 4.126984346784411},
{"mapping": [3, 2, 13, 10, 12, 7, 6, 1, 11, 5, 0, 14], "R": [[-0.30002948414210073, -0.2308151315342058, -0.9255845092158104], [-0.33970209090141795, 0.9325303288275449, -0.1224323292843683], [0.8913948609245119, 0.27768968448906867, -0.3581949762988473]], "T": [0.04196819354506692, -0.042062545948934035, 0.021381374172989565], "aligned_model": [[-0.05247443099089594, -0.5664024636950036, 0.609114527495304, 0.4682858935276241, 0.09655069568234165, 0.31328269294308425, -0.3753771833992438, -0.22825389016082964, 0.647927968992833, 0.03712108826007967, -0.5107749813761757, 0.044354679488218446], [-0.3597328637737217, -0.1986273469964011, -0.01700269409469319, -0.5494293050728637, 0.5998466919840025, 0.6085946531807321, -0.17460326512522356, 0.4391911847289942, 0.06204546504685571, -0.7170083363830395, 0.4414050940711264, -0.12000478734132902], [-0.6705321275127849, -0.1615290242504604, -0.5440063670605142, -0.2711358054713763, -0.42308728760095843, 0.17078205891994064, 0.5962298256517116, 0.5313370276927506, 0.22845146886782258, 0.19553761890802382, -0.027849028791913404, 0.035768134521588876]], "inverted": true, "swapped": true, "error_lsq": 0.052968544322831594, "error_max": 0.27053174342229397, "target": "856.xyz", "model": "15.xyz", "model_rescale": 3.769337070930944, "target_rescale": 4.126984346784411},
{"mapping": [0, 6, 12, 7, 4, 2, 3, 5, 13, 11, 14], "R": [[-0.3308647382113769, -0.7722908794687517, 0.5423055619276822], [-0.9421691906429805, 0.23785550821279083, -0.23609738121374002], [0.053345489138896446, -0.5890598905902669, -0.8063266733069886]], "T": [-0.06457498374634371, -0.049822234494253874, 0.07757272845024625], "aligned_model": [[-0.2318322889366323, -0.2860417506819486, -0.1968444693854897, -0.6692519912049265, 0.32379362386019606, 0.30621461951221707, 0.6576464071092167, 0.26900791519617195, 0.18907790362874058, -0.41645766420407904, -0.022686174202295524], [0.01336501261626604, -0.7079366848437326, 0.6472602665398781, 0.33967201605918507, 0.30055690133574026, -0.2846376452534945, 0.2035953619645629, -0.557257505812021, 0.6072818264892486, 0.13732492164757437, -0.10315997311786479], [-0.6363754311578206, -0.12250922837828752, -0.2528207952500351, 0.033449510044689365, -0.4823634560433295, -0.40766989164252926, 0.025094939177938494, 0.4198264457278584, 0.4594375265012663, 0.5894890035119394, 0.11865898473208678]], "inverted": true, "swapped": true, "error_lsq": 0.04348707950024086, "error_max": 0.2121542396714529, "target": "856.xyz", "model": "16.xyz", "model_rescale": 3.7852294659196426, "target_rescale": 4.126984346784411},
{"mapping": [1, 8, 5, 6, 7, 11, 13, 10, 2, 4, 12, 3, 14], "R": [[-0.01077692248688189, -0.30964711675237055, 0.9507904716753615], [-0.9952934869911213, 0.09489862851314224, 0.019624603419688053], [-0.09630541363167056, -0.9461040711218133, -0.30921247373281124]], "T": [-0.00806245894770994, 0.019129478913116775, -0.026281342526762355], "aligned_model": [[-0.20609076492377282, -0.366040729543299, 0.19087296788395752, 0.1305283118314098, -0.5529635779527061, -0.6281768310124233, -0.22826539844432767, -0.02009667565687929, 0.6245174643288999, 0.5130080383284168, -0.11588752338261779, 0.49732592481826676, 0.015034643941358394], [-0.28916864380161894, -0.4907827192382367, -0.41957946191344275, -0.6438956024604557, 0.2356227207423705, 0.040250813145094294, 0.6670817361730826, 0.16799917709163467, -0.045834804564241195, 0.5274310580787899, 0.6912812865471366, 0.4604523147490076, -0.025802250846247023], [-0.6823430423183048, 0.26532891744357656, 0.4775687078103525, -0.2780456922438314, -0.44520897316847596, 0.16323331740798058, 0.3903897459519539, 0.6825395802470123, -0.18024851405629888, -0.26552867561646015, -0.4124999510326976, 0.3457332675296093, 0.03483600918875748]], "inverted": true, "swapped": true, "error_lsq": 0.041251323262917264, "error_max": 0.270177054533158, "target": "856.xyz", "model": "17.xyz", "model_rescale": 3.901054581598922, "target_rescale": 4.126984346784411},
{"mapping": [6, 11, 7, 0, 1, 3, 12, 10, 13, 9, 2, 5, 4, 8, 14], "R": [[0.581402787465801, 0.769247561453215, 0.2650075242804989], [0.3068195668568111, -0.5089625354917504, 0.8042505149887116], [0.753546648934753, -0.3862839974217043, -0.5319324404612988]], "T": [0.06304443292242054, -0.05552673470314557, 0.036383087289088206], "aligned_model": [[0.06721334238017831, -0.43844045776805707, -0.14024724867295288, 0.21501532651731692, 0.49836998301466495, -0.34554860643018825, -0.6457861088774973, 0.16439625169910274, -0.4083576781926296, -0.3413245669425412, 0.1619772143199895, 0.07828639553273084, 0.7358197532750723, 0.638331962296421, 0.010243986555490824], [-0.5694382038897724, -0.65456640385923, -0.032517260285231005, 0.5242622306704112, -0.035769500482223666, 0.55804058571155, -0.01684272236944169, -0.7753715303395365, 0.3213469183309796, -0.28672172009777075, 0.7042624512214206, 0.07363623562863975, -0.46894111742533195, 0.13016970269499434, -0.06965008038581809], [-0.510977276002333, -0.12608342653208268, -0.5943467122910339, -0.42864822523783674, -0.507479824269202, -0.16359881445330163, -0.18279244574006165, 0.4158630303094303, 0.44042330507138594, 0.5024562703954364, 0.34730236894452715, 0.647260044348754, 0.08150388507268855, 0.3102066505999732, 0.040439737822250285]], "inverted": true, "swapped": false, "error_lsq": 0.038801672966156886, "error_max": 0.27711082077728194, "target": "856.xyz", "model": "18.xyz", "model_rescale": 3.9405287249114394, "target_rescale": 4.126984346784411},
{"mapping": [1, 3, 0, 8, 6, 7, 12, 10, 13, 14, 9, 11, 2, 5, 15], "R": [[0.6104127309291992, 0.09554358773115441, -0.7863000195618823], [-0.4533226188330986, 0.8561847276117617, -0.24788367323943533], [0.6495343725884402, 0.5077589339911541, 0.5659381271643648]], "T": [-0.1259745472168955, 0.004013279299940525, -0.03247888002486482], "aligned_model": [[0.0010935597080753146, -0.3213077494575127, -0.04419814283682194, 0.3629230667191064, 0.48821290321993216, -0.1879638596847133, -0.613019266276692, 0.13867194197392574, -0.4991393173500306, -0.4960807398026702, 0.15245525641150237, 0.07847980508144911, 0.6171754527046379, 0.6690266211921527, -0.09637998289523964], [-0.4580893792759493, -0.8248202143874548, 0.10791785010184543, 0.44397215644571386, -0.0764927400082055, 0.7044866409496858, -0.21382327376305707, -0.5549753060697249, 0.25936923418691815, -0.37242863016732086, 0.5960289295338846, 0.04578571256914767, -0.441683621776512, 0.20616986650788433, -0.019517639723215706], [-0.48616847999276974, -0.050045174976791534, -0.7071571128211289, -0.40622674295423533, -0.45030182359460946, -0.06594443993674062, -0.1568723685802893, 0.45269947288457724, 0.4643825050788796, 0.534135501263229, 0.36877435832476835, 0.6572070510661285, 0.03391112675716931, 0.10305155654033238, -0.01991686101992461]], "inverted": false, "swapped": false, "error_lsq": 0.0348008491597661, "error_max": 0.23753311389872553, "target": "856.xyz", "model": "19.xyz", "model_rescale": 4.410303926677745, "target_rescale": 4.126984346784411},
{"mapping": [10, 3, 13, 5, 11, 2, 8, 12, 0, 1, 6, 9, 7, 14], "R": [[0.7950544690555814, -0.5895559340317875, 0.14252084718613767], [-0.24807943637915447, -0.10165849443602457, 0.9633909610094971], [-0.5534844031050459, -0.8013047804405684, -0.22708074414741508]], "T": [0.0031222902768902536, -0.07980549084495624, 0.04210686346230903], "aligned_model": [[-0.17729495679622503, 0.056765009340795015, 0.4363005487793088, -0.6491757212669854, 0.1300346726564349, -0.18021124833156887, -0.44416375552784815, 0.7729343765408501, 0.3027014588009084, 0.09085763660812582, -0.48961397412321234, -0.056977777749364154, 0.5377180306306252, -0.0686864101009711], [0.019536238989875804, -0.6068943266307109, 0.03752366577543352, -0.06684112825473149, 0.5376758467266688, -0.6915783889300917, 0.4428012969542159, -0.21822080018649753, -0.4857259699622896, 0.07066310942968591, -0.08640689487943835, 0.6298181135847197, 0.30797037391218396, -0.0793726703478218], [-0.6523821196334728, -0.5127606449148364, -0.6216225419378388, -0.20334158626411986, -0.11123522626076345, 0.1842558773842798, 0.0385327430509375, 0.07056146878637357, 0.5779897754536146, 0.7730935977510205, 0.5706542532712524, 0.46417326246522045, 0.3304195167975568, 0.008476662775797263]], "inverted": false, "swapped": true, "error_lsq": 0.041026845977186734, "error_max": 0.2678936154920935, "target": "856.xyz", "model": "20.xyz", "model_rescale": 4.121658175737393, "target_rescale": 4.126984346784411},
{"mapping": [10, 13, 3, 5, 2, 11, 12, 8, 7, 1, 0, 6, 14], "R": [[0.5455212960347992, -0.6202045367369162, 0.5636957053086893], [-0.4638227333822115, 0.33678631480618304, 0.8194165303172284], [-0.6980508488429533, -0.7084640504430825, -0.10394085654551187]], "T": [0.09398681486888957, -0.02885518786191765, 0.02053563530062546], "aligned_model": [[0.252484905941439, -0.29782666461763185, 0.33213109185916045, 0.6781645214983819, 0.5337453368783917, -0.29807497136557726, -0.5199637927666403, 0.2416745537698293, -0.578179897663168, -0.10302988127371693, -0.014376992540263395, 0.4951270644704385, 0.15920763047365133], [-0.3349497518700273, -0.06802909930981482, 0.3434670881787052, -0.382919420614914, 0.4492591320940872, -0.5395868723360745, 0.4440961433386896, -0.6858817084014177, -0.06802301034937086, 0.025357685665189835, 0.5661268830055083, -0.13980607274086648, -0.06828409249651123], [0.6576530365544877, 0.718313436738742, 0.6476253896994071, 0.1593903730545509, -0.057584443694462924, 0.10018771487148889, 0.12990107902884604, -0.11982076408397094, -0.23626137638594824, -0.7026000934222286, -0.3989202378669469, -0.5702023348335339, 0.042427959821357705]], "inverted": true, "swapped": true, "error_lsq": 0.048304265161200385, "error_max": 0.3301695209591396, "target": "856.xyz", "model": "21.xyz", "model_rescale": 4.08911054899281, "target_rescale": 4.126984346784411},
{"mapping": [5, 10, 6, 1, 8, 4, 7, 9, 13, 12, 2, 14, 11, 15, 16], "R": [[-0.7124550735403195, 0.19571775521815826, 0.673871151244081], [-0.15029536832832946, -0.98059187761384, 0.12590024549942558], [0.6854334908987959, -0.011581444216027064, 0.7280431303873153]], "T": [0.01127233797897366, 0.013075800945597169, 0.02000280145798523], "aligned_model": [[0.2094242950632929, -0.3843106880917344, -0.26394350289343305, 0.5119949452803872, 0.3429547512062166, -0.2430912886365066, -0.6634385879779874, 0.08449763032851898, -0.5603467967744444, -0.4631299414511614, 0.2985807994103491, 0.046675596682966905, 0.730991695160194, 0.6279010953035404, -0.024810453903097995], [-0.637079626487217, -0.6729336066109798, -0.10692849052458918, 0.4753252141914988, -0.11472191179480805, 0.652942914836745, -0.10391972941116363, -0.6113015863224245, 0.21251211736756975, -0.3088227306881768, 0.642551569150602, -0.05062253970900725, -0.1721988258784271, 0.1536483920502013, 0.04344842495381633], [-0.1691076848495608, -0.13504742086869395, -0.6622136887509522, -0.386937896626064, -0.5753261323543623, 0.13028157495221843, -0.1720216768781742, 0.3551722308384125, 0.2849682454389438, 0.48507625655685166, 0.2260802980603739, 0.6575855150081973, -0.16321944012942924, 0.3826532394346566, 0.013585148206177466]], "inverted": false, "swapped": false, "error_lsq": 0.045708622971942565, "error_max": 0.35176054733890877, "target": "856.xyz", "model": "22.xyz", "model_rescale": 4.204369325754507, "target_rescale": 4.126984346784411},
{"mapping": [1, 3, 0, 8, 6, 7, 12, 10, 13, 14, 9, 11, 2, 5, 15], "R": [[0.6104127309291992, 0.09554358773115441, -0.7863000195618823], [-0.4533226188330986, 0.8561847276117617, -0.24788367323943533], [0.6495343725884402, 0.5077589339911541, 0.5659381271643648]], "T": [-0.1259745472168955, 0.004013279299940525, -0.03247888002486482], "aligned_model": [[0.0010935597080753146, -0.3213077494575127, -0.04419814283682194, 0.3629230667191064, 0.48821290321993216, -0.1879638596847133, -0.613019266276692, 0.13867194197392574, -0.4991393173500306, -0.4960807398026702, 0.15245525641150237, 0.07847980508144911, 0.6171754527046379, 0.6690266211921527, -0.09637998289523964], [-0.4580893792759493, -0.8248202143874548, 0.10791785010184543, 0.44397215644571386, -0.0764927400082055, 0.7044866409496858, -0.21382327376305707, -0.5549753060697249, 0.25936923418691815, -0.37242863016732086, 0.5960289295338846, 0.04578571256914767, -0.441683621776512, 0.20616986650788433, -0.019517639723215706], [-0.48616847999276974, -0.050045174976791534, -0.7071571128211289, -0.40622674295423533, -0.45030182359460946, -0.06594443993674062, -0.1568723685802893, 0.45269947288457724, 0.4643825050788796, 0.534135501263229, 0.36877435832476835, 0.6572070510661285, 0.03391112675716931, 0.10305155654033238, -0.01991686101992461]], "inverted": false, "swapped": false, "error_lsq": 0.0348008491597661, "error_max": 0.23753311389872553, "target": "856.xyz", "model": "23.xyz", "model_rescale": 4.410303926677745, "target_rescale": 4.126984346784411},
{"mapping": [11, 14, 10, 3, 1, 4, 9, 13, 5, 6, 2, 12, 7, 0, 16], "R": [[0.16504979833723904, 0.2105289268922389, -0.9635539087204406], [-0.5487045295486931, -0.7922067858251323, -0.26708003996060903], [-0.8195620192039064, 0.5727879009146539, -0.015235394455033302]], "T": [-0.09020049752209591, -0.1128334497705421, -0.023512662877698414], "aligned_model": [[-0.021722205135478817, -0.4576475578859598, -0.18019231935643576, 0.35357086527370335, 0.6033943025526894, -0.2523666757158692, -0.5741096220929471, 0.0316799426515777, -0.2897647557129418, -0.37851276933032574, 0.2079098269163394, 0.21788677997231642, 0.4974996799307355, 0.5052602955461153, -0.012936238906417957], [-0.5617105390429697, -0.6789292746240836, 0.10017783438358044, 0.6122235633306835, -0.061570153077663003, 0.5521338705552965, -0.2504399401007166, -0.6468452227609677, 0.2600428194343086, -0.3673329248221419, 0.7161578448958106, -0.05257785919349907, -0.4188819016551467, 0.2300957460120805, -0.030644278210931797], [-0.4645813296506724, 0.02814161988742159, -0.6320450047475146, -0.31780892508493325, -0.526139440210277, -0.09703114041803744, -0.3967637802296336, 0.4171268819203492, 0.44204015705205085, 0.632234346938614, 0.21480984761804742, 0.7165058017797656, 0.03009464262486376, 0.2898749911302862, -0.06493010057173541]], "inverted": false, "swapped": false, "error_lsq": 0.040278037731778724, "error_max": 0.2564910201673644, "target": "856.xyz", "model": "24.xyz", "model_rescale": 4.28219845311461, "target_rescale": 4.126984346784411},
{"mapping": [4, 0, 3, 9, 7, 5, 1, 2, 8, 6, 11, 10, 13, 12, 15], "R": [[-0.7981896939904496, -0.15264253766882063, -0.5827464869919465], [0.35031314026754024, 0.6693660089276192, -0.6551563552681184], [0.49007541885237105, -0.7270828025653838, -0.480808363124374]], "T": [0.08901320943862559, -0.04720900237716918, 0.021061888522350677], "aligned_model": [[-0.010582743653964471, -0.40654384289217316, -0.18955062581706092, 0.3592589016901476, 0.5306824888910151, -0.3713514830105934, -0.49405362601464364, 0.22636050090377127, -0.4942949702812224, -0.42933296476312377, 0.23166918199341768, -0.12912361799899463, 0.6374750983936341, 0.7414332842747715, 0.04790396699212009], [-0.5766186118242942, -0.6947940620371955, 0.05906140132700844, 0.46004183666193144, -0.12707337650040618, 0.6662443814835207, 0.00945886924432416, -0.655690007242459, 0.1872906651439626, -0.4078663504361223, 0.38841461778312875, 0.2337115469030066, -0.27156199604821085, 0.24009044655821243, -0.108809775892767], [-0.4733616996875292, 0.04577970448849382, -0.6938885544064008, -0.33465926068372853, -0.6146235172281159, -0.04473552721724039, -0.23720002614388758, 0.30331463453775204, 0.3155233127076249, 0.6640554001089874, 0.31492989682110584, 0.7304311776344832, -0.021030242948386027, 0.29715421515467066, 0.019839054900765582]], "inverted": true, "swapped": false, "error_lsq": 0.04233999037556066, "error_max": 0.3077341090920338, "target": "856.xyz", "model": "25.xyz", "model_rescale": 4.100010024507729, "target_rescale": 4.126984346784411},
{"mapping": [2, 3, 12, 13, 6, 1, 0, 11, 10, 8, 5, 14], "R": [[0.5788357309672306, -0.2348806017764396, 0.7808843060689399], [-0.7554445011596741, -0.5149934800425936, 0.405074463748618], [0.3070061924835451, -0.8243863283817586, -0.4755358865048989]], "T": [0.003975462231510508, 0.08285195938647132, -0.009288915410122889], "aligned_model": [[-0.5571737163067538, -0.11963842896681683, 0.45415685423694657, 0.5911575013797934, -0.5136099251176037, -0.06478439345233486, -0.2059574078834548, 0.5321422832644508, 0.1536622908390777, 0.018109547882255262, -0.3749741755025359, -0.03632482801001728], [-0.15368307849027069, -0.671994798184363, -0.16752171610442818, -0.43724559927810586, 0.5870857763406908, 0.6967155056669325, 0.15135308316903118, 0.3282137393024574, -0.32448797631647214, 0.5164805946069215, 0.06575580571035382, 0.07546005362789218], [0.22997324760704296, -0.06848445965814048, 0.5799723572826946, -0.17257406659688937, -0.016258327615435705, 0.41864043058622274, 0.6927975429626965, -0.29519302109514234, -0.5892907603143976, -0.543107114895481, -0.594105643646662, -0.07717789476215148]], "inverted": false, "swapped": true, "error_lsq": 0.04436696060142662, "error_max": 0.3204689801832925, "target": "856.xyz", "model": "26.xyz", "model_rescale": 3.6694154284099745, "target_rescale": 4.126984346784411},
