[{"mapping": [0, 4, 5, 3, 8, 2, 10, 1, 6, 7, 9, 11], "R": [[0.3448839556469387, 0.8322503569185887, 0.4340672765208202], [-0.5887182127386957, -0.16838296315543747, 0.7906061242545179], [0.731071763322231, -0.5282106787332839, 0.4318883602796532]], "T": [0.09280040675352418, 0.008690011539723798, -0.04882709661402279], "aligned_model": [[-0.4581366556357437, 0.09914326264773858, -0.5836523251551302, 0.5950863335687012, 0.431970741124282, -0.2734311770532304, 0.19455847536357923, -0.4105193951635089, 0.2735575664222748, -0.19723101382255376, 0.6512922143292512, 0.026272484092863202], [-0.16734179921688874, -0.5342739575124694, 0.46393747324570744, -0.06416109982046314, -0.3907761661737462, -0.6649831852607602, 0.5881799766304514, -0.02460904377190882, 0.2371617987729158, 0.8236822058074613, 0.22373725209900797, 0.01252689470330946], [-0.26853724405635987, -0.6467387650348109, -0.20325436957280338, -0.5140518574382179, 0.30963314921112955, 0.19772735279104348, -0.3888241874791701, 0.4486072301392747, 0.6147103771746951, 0.3362349869871712, 0.056993551780321824, -0.06861521734714057]], "inverted": false, "swapped": false, "error_lsq": 0.059593883213953446, "error_max": 0.3832751599093999, "target": "857.xyz", "model": "0.xyz", "model_rescale": 3.751011558992144, "target_rescale": 3.656291687438307},
{"mapping": [6, 4, 11, 1, 8, 10, 7, 9, 13, 12, 0, 14], "R": [[0.4432885255906108, 0.03125486314548109, 0.895833922448497], [-0.7463561986239988, -0.540616247706519, 0.3881835873543054], [0.49643499862039975, -0.8406885310538507, -0.21632171851037663]], "T": [0.12241044261469809, 0.008315176463536474, 0.0860690059288837], "aligned_model": [[-0.22280848076757082, 0.1172179637674761, -0.6163762571836202, 0.4490861568761689, 0.5348557150449266, -0.48870677666628765, 0.13369199723803216, -0.35390010315866566, 0.1320141545119417, -0.1792042243562686, 0.7605413211713082, 0.08249904424108256], [0.12759953450459918, -0.6676200548323725, 0.25921380267879235, -0.0051609079466051686, -0.5081996326505306, -0.5378818970923107, 0.5216583020928344, -0.03353286946553268, 0.2691825466764557, 0.6743780338001798, 0.36302325273551905, 0.04042023900158851], [-0.5699194712074601, -0.3246116134898748, -0.08118852152827591, -0.5293876719100726, 0.1453952341562557, 0.06041263700877539, -0.3334886011904101, 0.5394635651940923, 0.7638286847063757, 0.21784141131692542, -0.12002728457505377, 0.10556663867385604]], "inverted": true, "swapped": false, "error_lsq": 0.0407493680914642, "error_max": 0.29224410882605806, "target": "857.xyz", "model": "1.xyz", "model_rescale": 3.9405287249114394, "target_rescale": 3.656291687438307},
{"mapping": [2, 8, 5, 4, 3, 9, 1, 11, 6, 0, 7, 12], "R": [[0.9941246935870546, 0.029433047032974963, 0.10416232208817014], [-0.020117536239611423, 0.9957944943057723, -0.0893790235231946], [-0.10635496385262391, 0.08675840508369514, 0.9905360169177296]], "T": [0.0707631282519571, 0.021967249211707257, 0.0066857309600349205], "aligned_model": [[-0.3756540908274536, 0.06373651916017908, -0.6431115777896916, 0.5208810326742448, 0.508445364145007, -0.415844351467756, 0.27171470207955406, -0.3531456638177374, 0.1803101182536607, -0.2588938744464069, 0.8131894271556004, 0.03728290559932274], [0.2569072237431662, -0.679391578730345, 0.15526200183313735, -0.1619782256512218, -0.290747087746866, -0.6207472996472877, 0.6181108162559178, -0.09898293788151734, 0.28768155767301085, 0.7635264470632839, 0.2396103325737813, 0.03382910001755697], [-0.4512274730406509, -0.3230659806991841, 0.0329857951099616, -0.4985406106718619, 0.20018943225050617, 0.02931925600292514, -0.4744147209273882, 0.5664059086250081, 0.46793518261274053, 0.21727111727526863, 0.18088255101433, -0.07385545039652175]], "inverted": false, "swapped": false, "error_lsq": 0.048529605150325665, "error_max": 0.26662585801162597, "target": "857.xyz", "model": "2.xyz", "model_rescale": 3.932901565614263, "target_rescale": 3.656291687438307},
{"mapping": [3, 8, 1, 7, 9, 11, 4, 10, 12, 6, 5, 13], "R": [[-0.6407093137865826, -0.5454604963246336, 0.5403373225832275], [0.07465788706528792, -0.7446886601586477, -0.6632231896805667], [0.7641451270053832, -0.3845928319410057, 0.5178518885680771]], "T": [-0.05764625157076368, 0.06453032562287067, -0.13535450376304506], "aligned_model": [[-0.2688333136875597, 0.07510350153722099, -0.7410101756262414, 0.5324929455591049, 0.5547526997553718, -0.5068185055018697, 0.2913584597875625, -0.35382728418298165, 0.2388849400157676, 0.001964380621999634, 0.5391526759258591, -0.014309813485710539], [-0.1880219032420837, -0.6381172388170958, 0.3485581214457204, 0.0060648145830038, -0.2816952103261636, -0.6363463846217597, 0.7911200617280055, 0.042760086870128805, 0.07145794820435483, 0.5585111251728418, 0.3396121265244074, 0.08917680198125705], [-0.5256145126943205, -0.3010368165434416, -0.10202914687574041, -0.5329221827523004, 0.07651418684578157, 0.1882576432625924, -0.4722364881049467, 0.5165260780359844, 0.5683152132357578, 0.33274997483901736, 0.15612573331369892, -0.030764675406949493]], "inverted": false, "swapped": false, "error_lsq": 0.04594689739368841, "error_max": 0.2293730472833112, "target": "857.xyz", "model": "3.xyz", "model_rescale": 3.9243930471874484, "target_rescale": 3.656291687438307},
{"mapping": [7, 2, 1, 4, 3, 0, 8, 5, 6, 9, 10, 12], "R": [[0.5811850589883603, -0.09259697268503292, 0.8084860715301556], [-0.44315521667354874, 0.7972550216853629, 0.40987544978016444], [-0.6825228063176474, -0.5964983076648578, 0.4223178753134235]], "T": [0.09773889453100011, 0.1954264855022495, 0.05328563084967364], "aligned_model": [[-0.2115776885210635, -0.040137012537453484, -0.6017163321850872, 0.36021237366265535, 0.4254466205056608, -0.3459855044480003, 0.2206115664804421, -0.36158800384500084, 0.31133569405596784, -0.18608731111836746, 0.7639024537432885, 0.014493654925481478], [0.004083067193441869, -0.5926446679840871, 0.13088941704997467, -0.031756076508399345, -0.3843704919444404, -0.5242655153826571, 0.6110636894507007, -0.07328537646341005, -0.036719442833267585, 0.8412665866956613, 0.4238804055984615, 0.13493875463063834], [-0.6612979588241119, -0.40622343500903624, -0.07616572139362304, -0.42823594261394465, 0.1502210817686919, 0.1453423251939549, -0.4033152781487054, 0.5922066226862455, 0.7029018174757786, 0.05782880749617376, 0.08738311300308502, 0.11323957552062465]], "inverted": false, "swapped": false, "error_lsq": 0.047512230896318904, "error_max": 0.2562675852737967, "target": "857.xyz", "model": "4.xyz", "model_rescale": 3.8936222436046832, "target_rescale": 3.656291687438307},
{"mapping": [9, 0, 6, 3, 2, 1, 8, 5, 4, 7, 10, 11], "R": [[-0.3076690922784993, -0.6317145923748988, 0.7115310277402805], [-0.41089344976103986, -0.586271274011783, -0.6981780333210669], [0.8581994538567338, -0.5071712403609024, -0.07918983742114666]], "T": [0.04886328491062978, 0.11354687711105191, -0.06355093082191005], "aligned_model": [[-0.2730610780120756, 0.1563062212032977, -0.7210530788822073, 0.4444361107847802, 0.541449940183944, -0.35321164415870093, 0.23962486803213254, -0.4200354393603855, 0.2603784349530677, -0.08796790339995786, 0.5841202534561232, -0.022076174081494697], [0.024316719951210666, -0.6542060958427307, 0.29618087488007894, -0.04584648801894051, -0.3901387502017324, -0.5597638476512238, 0.5840383701744589, 0.11140945353063911, -0.015434559745293425, 0.705411731618299, 0.37685309566231007, 0.07025984514554166], [-0.5835880712564159, -0.48984859318760854, 0.028548166516957824, -0.448775445752703, 0.18306139816692735, 0.10407122312869349, -0.6003102807085867, 0.5977359016829535, 0.6909354700865811, 0.16166174043058218, 0.1453442878423529, 0.0850492102053994]], "inverted": true, "swapped": false, "error_lsq": 0.03965336011250046, "error_max": 0.25999731536945114, "target": "857.xyz", "model": "5.xyz", "model_rescale": 3.6523030999806103, "target_rescale": 3.656291687438307},
{"mapping": [7, 0, 9, 3, 1, 5, 4, 8, 6, 10, 2, 12], "R": [[0.364644468815457, 0.46386609690735137, 0.8073801183471347], [0.3268623933414848, 0.748137095368648, -0.5774529092077028], [-0.8718918437405927, 0.4744672071632587, 0.12118367111672956]], "T": [-0.028100580629283757, 0.10549326041400811, 0.011831869458102048], "aligned_model": [[-0.3621554194194898, 0.31844322832278193, -0.6697008058375973, 0.2809017686553028, 0.47779701532217667, -0.2857940140599038, 0.28026801350513214, -0.4386745384730979, 0.12109361950825231, -0.044131400374571285, 0.7065389832278774, -0.035675939658340365], [-0.06587446376154596, -0.7189974315734672, 0.4357977043124256, -0.12080149158736775, -0.32163483553545746, -0.5248856606950805, 0.5014918758196154, -0.10280967930851873, 0.255764249570427, 0.8480302522314865, 0.2884492746405948, 0.028550555389504906], [-0.5590083248948575, -0.4209339076104011, 0.05554686155738671, -0.5677791520910245, 0.22160335954805613, 0.022788154176232284, -0.2660629104052905, 0.5035045381208112, 0.6264733767901255, 0.25069348267365693, 0.06699927181854506, -0.05993974252810712]], "inverted": false, "swapped": false, "error_lsq": 0.04498825570001152, "error_max": 0.227724948008863, "target": "857.xyz", "model": "6.xyz", "model_rescale": 4.08911054899281, "target_rescale": 3.656291687438307},
{"mapping": [9, 0, 8, 1, 2, 3, 11, 4, 7, 10, 13, 14], "R": [[-0.9882659626938739, 0.010289272025451365, -0.15239592468939905], [0.12469552785599447, -0.5218612969422258, -0.8438671768036086], [-0.08821231384260157, -0.8529682981418267, 0.5144547308088148]], "T": [0.0451267141911576, 0.14548332004993017, 0.10594982954896975], "aligned_model": [[-0.26156134980132745, 0.051960623063787556, -0.6040271947370126, 0.41479131740942216, 0.6575314359607363, -0.46097303133557027, 0.1182943233619364, -0.5164974105975153, 0.490010918475109, -0.29363017111860507, 0.7364972149540672, 0.016513835083495326], [0.023339940558374545, -0.7387316324950941, 0.2594703848678625, -0.08498045038819818, -0.37897169196893465, -0.4564768409010005, 0.5915129533314348, 0.008784270175057701, -0.030132333634188185, 0.7788797472771087, 0.3807430098697095, 0.14964299281048465], [-0.6050921763541368, -0.21463307468831094, -0.06942156168247743, -0.484118463531009, 0.11280113700607208, 0.016739692952928653, -0.2685299832048757, 0.5093617801911379, 0.7146584227996204, 0.1636355048337134, 0.0554104253937141, -0.05692669656124333]], "inverted": true, "swapped": false, "error_lsq": 0.045743768795066884, "error_max": 0.2909234935558851, "target": "857.xyz", "model": "7.xyz", "model_rescale": 3.964800864290218, "target_rescale": 3.656291687438307},
{"mapping": [3, 10, 0, 11, 9, 5, 4, 1, 7, 2, 12, 13], "R": [[-0.5069621095146584, -0.49374653060974916, -0.7065435464479767], [-0.4145233841925291, -0.5790276491611707, 0.702066482225481], [-0.7557511385859904, 0.6487999268015716, 0.08887559568438719]], "T": [-0.013971560070821454, 0.06561755873558703, -0.03434540365251369], "aligned_model": [[-0.5891547367669383, 0.12981573883786107, -0.6487416246055624, 0.6126544941122296, 0.5445022449263428, -0.3259926063383596, 0.3033448479060368, -0.42260026848242116, 0.1684123696372468, -0.11411332121742623, 0.6824963868523167, 0.008286985857197466], [-0.0953623828036991, -0.6784342000838923, 0.3913349888064749, 0.05503007506687593, -0.33436851222259323, -0.7022625498126857, 0.6186446338736209, 0.10487928322057002, 0.24631529536851055, 0.6927166433199682, 0.20783822752454803, -0.0032511527550815045], [-0.4456998340044655, -0.3519083200602964, -0.09864543041238798, -0.5768958786336209, 0.010094206607267918, 0.07553511577829629, -0.33194370070203955, 0.593827332801981, 0.6296859172365644, 0.15360962698508196, 0.22135093493382413, -0.00512496337507223]], "inverted": true, "swapped": false, "error_lsq": 0.049989859760498016, "error_max": 0.3206738283069817, "target": "857.xyz", "model": "8.xyz", "model_rescale": 4.121658175737393, "target_rescale": 3.656291687438307},
{"mapping": [7, 10, 8, 5, 0, 3, 9, 2, 1, 6, 4, 12], "R": [[0.9775249611966885, 0.20843977508251818, 0.03158813702898806], [-0.2010826113048901, 0.9668610678957217, -0.15730689374071108], [-0.06333035345092718, 0.14741959011981456, 0.9870444421507508]], "T": [-0.05892313399991571, 0.016781415150348755, -0.08195021611767815], "aligned_model": [[-0.2812023514619286, 0.07353657704245346, -0.7119717039438488, 0.40909733037725843, 0.5124197835129156, -0.3606453572559693, 0.2584638952215753, -0.3190631694784788, 0.22131649340227083, -0.17655361041948314, 0.7431403681942256, -0.019627744472467304], [0.22957008300161322, -0.6742098746811944, 0.31546939600769663, -0.14078376253825042, -0.37157593581105064, -0.667431046007753, 0.7101516872031159, -0.13746724934185653, 0.18482315044762165, 0.6716537510237, 0.3417091328147214, 0.041171017384252905], [-0.6823865929568605, -0.36737322311409637, 0.03997760315603881, -0.4532290412342085, 0.29430778271350766, 0.17004383035846243, -0.4161551780054023, 0.5432545201907322, 0.5248112214715079, 0.11166627289877774, 0.11615085520758094, -0.007183043530906749]], "inverted": true, "swapped": false, "error_lsq": 0.03876127747573749, "error_max": 0.23848042232413932, "target": "857.xyz", "model": "9.xyz", "model_rescale": 3.833441315466971, "target_rescale": 3.656291687438307},
{"mapping": [7, 10, 3, 12, 0, 8, 6, 2, 5, 4, 1, 14], "R": [[-0.34635551594180625, 0.847008932039008, 0.40325392201790755], [0.5631591377188001, -0.15605386419391626, 0.8114794988623953], [0.7502597164852335, 0.5081565315100124, -0.4229507031596132]], "T": [0.03147802421172216, -0.007406028290767412, -0.06953552598652381], "aligned_model": [[-0.47903869023826107, 0.251488509043155, -0.6966226917835121, 0.4506406270243064, 0.5683621340717384, -0.38427391144613077, 0.2790894907498135, -0.3980234880565974, 0.17498864430950858, -0.07911854138228924, 0.7230373143777832, -0.06161888595099109], [0.0802977602832628, -0.7854963091376627, 0.4366952670313957, 0.010349562093727678, -0.2798543522193189, -0.6641692958037505, 0.5780976493695694, -0.07671799530991208, 0.22108662804431453, 0.7569589914382117, 0.22556923738227772, 0.00026320633050123943], [-0.48857574663219416, -0.21760660667315762, 0.09467542556067389, -0.5019791740197105, 0.24882013215701781, -0.12760187440932708, -0.30849906531834653, 0.5026310206717008, 0.5506507439252647, 0.12902704949980903, 0.04482008901953112, -0.0524769866261284]], "inverted": true, "swapped": false, "error_lsq": 0.04345442391919154, "error_max": 0.2246381139814775, "target": "857.xyz", "model": "10.xyz", "model_rescale": 4.2482417240324, "target_rescale": 3.656291687438307},
{"mapping": [2, 3, 6, 7, 8, 1, 5, 0, 10, 4, 9, 11], "R": [[-0.3592284579787495, -0.400309649753638, 0.84303445913695], [0.3642463066908583, -0.891827695132449, -0.2682685040343218], [0.8592319494992485, 0.21070250712524388, 0.4661811991606457]], "T": [-0.02000307440339029, -0.00160304441623383, -0.024528795861113558], "aligned_model": [[-0.4150588500387436, 0.2371959242751151, -0.5367858442785194, 0.5099884661733158, 0.3235093742766446, -0.421512622402082, 0.07209814654778791, -0.3773466959855568, 0.3001199280353935, -0.07992404938776411, 0.6932392115154633, 0.043387521987468744], [-0.207344881977945, -0.6416567319016481, 0.37735113647922935, 0.022612933364826802, -0.4666956825356013, -0.5519110219947978, 0.6436563261338, -0.027689122894422685, 0.04691217817002687, 0.8324891879343994, 0.37172957639449, 0.10362645233025919], [-0.615594373270725, -0.45143812893646745, -0.1235814873188133, -0.44533611522781447, 0.18173769323449201, 0.16281518305862303, -0.39781672780937016, 0.6429024954026564, 0.5324001933479925, 0.2334231471854647, 0.15216047363409524, 0.002212653854999979]], "inverted": true, "swapped": false, "error_lsq": 0.04184591991462961, "error_max": 0.25571277915151525, "target": "857.xyz", "model": "11.xyz", "model_rescale": 3.6694154284099745, "target_rescale": 3.656291687438307},
{"mapping": [8, 10, 11, 2, 12, 7, 3, 6, 0, 4, 1, 13], "R": [[-0.4819676184983934, 0.41883043361986966, -0.7696026783950138], [0.852518890595633, 0.02137999720899153, -0.5222589749319149], [-0.20228384981648478, -0.9078127359720922, -0.36736532295561924]], "T": [-0.041675420728650756, -0.07666720733650059, 0.05795468985136343], "aligned_model": [[-0.19748549877536087, 0.05190696994205503, -0.6926856839390071, 0.38888936259522394, 0.5099814201532811, -0.40952675529835514, 0.18805243439693048, -0.3880286810340718, 0.26267311946140603, -0.06925521025371971, 0.6777679527333108, 0.026621080736830727], [0.1648506023681674, -0.584699842906632, 0.24131697782063696, -0.012775695752196184, -0.46350141571919157, -0.7161578502036081, 0.629743016760336, 0.02298274207886987, 0.20633771374646645, 0.6541668181984339, 0.36440190204422374, -0.003584618932889347], [-0.642038323317788, -0.3117397307996165, -0.0838209924492625, -0.4287129744751814, 0.1462865946173802, 0.14685031297334283, -0.3773137428130994, 0.4938034481506035, 0.6393478830970905, 0.17109014883946172, -0.007869069030434273, 0.12800145236263677]], "inverted": false, "swapped": false, "error_lsq": 0.035367889565050374, "error_max": 0.19960590038426088, "target": "857.xyz", "model": "12.xyz", "model_rescale": 3.9764082729961374, "target_rescale": 3.656291687438307},
{"mapping": [8, 7, 11, 0, 4, 3, 12, 14, 6, 13, 5, 15], "R": [[-0.5776128736500061, 0.013438101881114883, 0.8162002117199033], [-0.5349078020456516, 0.7490575609762953, -0.3908790268803558], [-0.6166336120456558, -0.6623686192461692, -0.42547714478388987]], "T": [0.07340581649196488, 0.1479435368255831, -0.14468353373433737], "aligned_model": [[-0.4841932221454055, 0.17525878337036627, -0.7073779415210445, 0.6037468968861147, 0.5147730037810508, -0.48922985479404324, 0.10824696929186604, -0.3983332365917411, 0.22687104152528997, -0.13495889080364726, 0.8689227302141986, 0.06518423150551861], [-0.08456859922624621, -0.5798914892665838, 0.2185425471237745, -0.21309575932763075, -0.3350852841625778, -0.45830178718439857, 0.7708069406552358, 0.06566792264348903, 0.193636724267161, 0.580444286383891, 0.2876202788354466, 0.057304568761055566], [-0.5116634451025822, -0.3205125610718971, -0.018440903385438467, -0.48453188017995275, 0.15152903497019274, 0.011365035070977081, -0.2789996131499487, 0.4952391402519162, 0.6023234026632648, 0.23480005823244923, 0.07996542254652414, -0.08718868369037161]], "inverted": true, "swapped": false, "error_lsq": 0.045114285894075644, "error_max": 0.22822762834431135, "target": "857.xyz", "model": "13.xyz", "model_rescale": 4.170626492500431, "target_rescale": 3.656291687438307},
{"mapping": [10, 7, 11, 8, 0, 1, 12, 3, 2, 6, 4, 13], "R": [[-0.6384131385878066, -0.38921726838231396, 0.6640320643398752], [0.4227730824203878, -0.8982501116222147, -0.12004023388615628], [0.6431886078431663, 0.20409962019486685, 0.7380052572828197]], "T": [0.009532892570669107, 0.050088720686680195, 0.013700748858398365], "aligned_model": [[-0.15843030351528484, 0.17979236027524637, -0.5925193949228548, 0.5090503833091891, 0.2931059198767654, -0.3079526990755729, 0.14370012728674122, -0.44301075656161265, 0.33118640256416015, -0.19807186464455218, 0.6401828456070727, -0.048122509480774234], [-0.03405558814473631, -0.620254969991927, 0.4120228061389864, -0.03943878654961278, -0.43501545937780867, -0.6362841395192792, 0.5045096025618936, 0.03424570610214478, 0.0735421064837628, 0.7364228120844716, 0.37343966819322444, 0.13394659152149743], [-0.5183109098735357, -0.40947870824360433, -0.06501654303330376, -0.5285384923435565, 0.21399722710077393, 0.15121316926132922, -0.5441584954233188, 0.5337265645145022, 0.5872172049778934, 0.45339956258987146, -0.014369378943638905, 0.014203806571721107]], "inverted": true, "swapped": false, "error_lsq": 0.04365925426298518, "error_max": 0.23670055758643876, "target": "857.xyz", "model": "14.xyz", "model_rescale": 3.9786697098870705, "target_rescale": 3.656291687438307},
{"mapping": [8, 3, 5, 9, 0, 2, 7, 4, 1, 10, 6, 11], "R": [[-0.5717134822373943, -0.7906150830695873, 0.21925210295653447], [-0.520181925875407, 0.5559500402156261, 0.6483288646796446], [-0.6344717946611541, 0.2566073716928527, -0.7291078099789776]], "T": [0.05928381541612285, 0.08056732733993159, -0.005927233476227233], "aligned_model": [[-0.23357257979083465, 0.15189229901077878, -0.7016975897571067, 0.492393970188823, 0.263651907640776, -0.5002106903116224, 0.0027060782032558017, -0.36695567101668836, 0.43460276270967124, -0.1001818511996736, 0.7507329058202181, 0.15554896922092604], [-0.058301873344904845, -0.7068157639093792, 0.2286828442560151, -0.15327906854228684, -0.49916084806961475, -0.5824598920099537, 0.6769567128077966, 0.04751564726243958, 0.2725040740787842, 0.7309902190384943, 0.45020567453596744, 0.09624262339925928], [-0.41480203449670544, -0.4713311104300359, -0.2148020341564583, -0.3869071870366333, 0.31957931268762096, 0.028832236149452985, -0.2852024846959347, 0.4324130643982622, 0.5260201930107428, 0.48787611971423717, -0.11827196395099598, -0.029519104038419182]], "inverted": false, "swapped": false, "error_lsq": 0.05448979690010192, "error_max": 0.25170770811727006, "target": "857.xyz", "model": "15.xyz", "model_rescale": 3.769337070930944, "target_rescale": 3.656291687438307},
{"mapping": [3, 10, 0, 6, 1, 4, 5, 8, 2, 9, 11], "R": [[0.3128559413116103, 0.8224897205780931, -0.475007178397755], [0.8017581247918316, 0.03943388837603323, 0.5963462733830341], [0.5092200598133503, -0.5674113393217631, -0.6471006897637885]], "T": [0.0789379518499671, 0.07702795399131768, 0.02272943740559498], "aligned_model": [[-0.3040348587948824, -0.4327782211329122, -0.1108533156053585, -0.6646101534731483, 0.48335429742965347, 0.3784267232780414, 0.7393729944685291, 0.15375984423202493, 0.014680199285953932, -0.3854470159681146, 0.05075563697138402], [0.006173165782083823, -0.564147217252277, 0.6687583359307073, 0.12306434628365945, 0.1780037165702697, -0.41912253933474464, 0.38237415279141657, -0.5010856339098564, 0.676788409496319, -0.015473677743130423, 0.060731439010894776], [-0.5802778626897773, -0.08413888706942517, -0.1690331344747404, 0.06461315407140213, -0.6880767212551916, -0.3215698322780043, -0.050089277681961544, 0.3114345776190273, 0.5486728657865725, 0.6471971603963035, 0.06548556479957171]], "inverted": true, "swapped": true, "error_lsq": 0.041168647142017914, "error_max": 0.21811484140338808, "target": "857.xyz", "model": "16.xyz", "model_rescale": 3.7852294659196426, "target_rescale": 3.656291687438307},
{"mapping": [5, 6, 1, 10, 11, 7, 0, 2, 8, 3, 9, 12], "R": [[-0.5652680881131557, -0.6495927485835543, 0.5084301815869717], [0.008867016728513588, 0.6115278937452672, 0.7911731865943218], [-0.8248596029478191, 0.451733213477978, -0.33991725355684066]], "T": [-0.01781322344480101, 0.1170505554715093, -0.022985361647299522], "aligned_model": [[-0.4044379427270789, 0.0905734069896604, -0.6980555749846272, 0.5187691238324209, 0.30677948586282805, -0.3163630551748196, 0.24987663597639326, -0.34477931091890685, 0.3771921196955535, -0.3354452588227106, 0.8373416875746811, 0.06745919341512988], [-0.07945070841556859, -0.6538170175093665, 0.21964824698550234, -0.14147677606859846, -0.40361800073670917, -0.5139577214638007, 0.7191562962446691, -0.018515750210776755, 0.2901037925304488, 0.7712823844725334, 0.22856523840783902, 0.08516036526644424], [-0.5170679360122162, -0.44890643317537277, -0.05457984082700033, -0.5656621335072696, 0.37885528098813076, 0.04122957111393578, -0.2006309971968033, 0.47581517507635035, 0.46510199455695883, 0.2988623899157914, 0.03648176507590135, -0.035613828853273154]], "inverted": true, "swapped": false, "error_lsq": 0.0489212483421731, "error_max": 0.24643306465823106, "target": "857.xyz", "model": "17.xyz", "model_rescale": 3.901054581598922, "target_rescale": 3.656291687438307},
{"mapping": [6, 4, 11, 1, 8, 10, 7, 9, 13, 12, 0, 14], "R": [[0.4432885255906108, 0.03125486314548109, 0.895833922448497], [-0.7463561986239988, -0.540616247706519, 0.3881835873543054], [0.49643499862039975, -0.8406885310538507, -0.21632171851037663]], "T": [0.12241044261469809, 0.008315176463536474, 0.0860690059288837], "aligned_model": [[-0.22280848076757082, 0.1172179637674761, -0.6163762571836202, 0.4490861568761689, 0.5348557150449266, -0.48870677666628765, 0.13369199723803216, -0.35390010315866566, 0.1320141545119417, -0.1792042243562686, 0.7605413211713082, 0.08249904424108256], [0.12759953450459918, -0.6676200548323725, 0.25921380267879235, -0.0051609079466051686, -0.5081996326505306, -0.5378818970923107, 0.5216583020928344, -0.03353286946553268, 0.2691825466764557, 0.6743780338001798, 0.36302325273551905, 0.04042023900158851], [-0.5699194712074601, -0.3246116134898748, -0.08118852152827591, -0.5293876719100726, 0.1453952341562557, 0.06041263700877539, -0.3334886011904101, 0.5394635651940923, 0.7638286847063757, 0.21784141131692542, -0.12002728457505377, 0.10556663867385604]], "inverted": true, "swapped": false, "error_lsq": 0.0407493680914642, "error_max": 0.29224410882605806, "target": "857.xyz", "model": "18.xyz", "model_rescale": 3.9405287249114394, "target_rescale": 3.656291687438307},
{"mapping": [11, 13, 5, 14, 12, 7, 10, 8, 1, 2, 3, 15], "R": [[0.1505348436082894, 0.7314842116838455, -0.6650339156141519], [-0.8018798743258845, 0.48379105901929553, 0.35062070441445975], [0.578210971887365, 0.48049667977026816, 0.659389879144969]], "T": [0.030044211319076936, -0.11048567332034862, 0.09932993473089716], "aligned_model": [[-0.20416298816302478, 0.054829612440060474, -0.6730067303572204, 0.5029844828091851, 0.5325406392427329, -0.43077487465603054, 0.20789534483924918, -0.5880511367040258, 0.31920833224437356, -0.16275590654229036, 0.7645784145878312, 0.025625320977682813], [0.060596383325596, -0.5170305733720412, 0.3318310250679052, -0.07302337409452367, -0.31971093314085264, -0.6415170428175259, 0.5031841066888155, -0.09161512298884036, 0.26526593345143545, 0.7367896009707968, 0.32029926294588107, -0.07198891653402986], [-0.5602844370836964, -0.43493289712735417, 0.06275187445081329, -0.5127673106605218, 0.1614684315456853, 0.1350651212053169, -0.3585809871257669, 0.5350755011091936, 0.558366169855491, 0.11600348086102821, 0.08165402489853207, 0.0900660352264123]], "inverted": true, "swapped": false, "error_lsq": 0.041724460104370094, "error_max": 0.2665161495705117, "target": "857.xyz", "model": "19.xyz", "model_rescale": 4.410303926677745, "target_rescale": 3.656291687438307},
{"mapping": [3, 10, 0, 11, 9, 5, 4, 1, 7, 2, 12, 13], "R": [[-0.5069621095146584, -0.49374653060974916, -0.7065435464479767], [-0.4145233841925291, -0.5790276491611707, 0.702066482225481], [-0.7557511385859904, 0.6487999268015716, 0.08887559568438719]], "T": [-0.013971560070821454, 0.06561755873558703, -0.03434540365251369], "aligned_model": [[-0.5891547367669383, 0.12981573883786107, -0.6487416246055624, 0.6126544941122296, 0.5445022449263428, -0.3259926063383596, 0.3033448479060368, -0.42260026848242116, 0.1684123696372468, -0.11411332121742623, 0.6824963868523167, 0.008286985857197466], [-0.0953623828036991, -0.6784342000838923, 0.3913349888064749, 0.05503007506687593, -0.33436851222259323, -0.7022625498126857, 0.6186446338736209, 0.10487928322057002, 0.24631529536851055, 0.6927166433199682, 0.20783822752454803, -0.0032511527550815045], [-0.4456998340044655, -0.3519083200602964, -0.09864543041238798, -0.5768958786336209, 0.010094206607267918, 0.07553511577829629, -0.33194370070203955, 0.593827332801981, 0.6296859172365644, 0.15360962698508196, 0.22135093493382413, -0.00512496337507223]], "inverted": true, "swapped": false, "error_lsq": 0.049989859760498016, "error_max": 0.3206738283069817, "target": "857.xyz", "model": "20.xyz", "model_rescale": 4.121658175737393, "target_rescale": 3.656291687438307},
{"mapping": [7, 0, 9, 3, 1, 5, 4, 8, 6, 10, 2, 12], "R": [[0.364644468815457, 0.46386609690735137, 0.8073801183471347], [0.3268623933414848, 0.748137095368648, -0.5774529092077028], [-0.8718918437405927, 0.4744672071632587, 0.12118367111672956]], "T": [-0.028100580629283757, 0.10549326041400811, 0.011831869458102048], "aligned_model": [[-0.3621554194194898, 0.31844322832278193, -0.6697008058375973, 0.2809017686553028, 0.47779701532217667, -0.2857940140599038, 0.28026801350513214, -0.4386745384730979, 0.12109361950825231, -0.044131400374571285, 0.7065389832278774, -0.035675939658340365], [-0.06587446376154596, -0.7189974315734672, 0.4357977043124256, -0.12080149158736775, -0.32163483553545746, -0.5248856606950805, 0.5014918758196154, -0.10280967930851873, 0.255764249570427, 0.8480302522314865, 0.2884492746405948, 0.028550555389504906], [-0.5590083248948575, -0.4209339076104011, 0.05554686155738671, -0.5677791520910245, 0.22160335954805613, 0.022788154176232284, -0.2660629104052905, 0.5035045381208112, 0.6264733767901255, 0.25069348267365693, 0.06699927181854506, -0.05993974252810712]], "inverted": false, "swapped": false, "error_lsq": 0.04498825570001152, "error_max": 0.227724948008863, "target": "857.xyz", "model": "21.xyz", "model_rescale": 4.08911054899281, "target_rescale": 3.656291687438307},
{"mapping": [8, 9, 1, 10, 12, 15, 6, 2, 13, 0, 7, 16], "R": [[-0.7970477548128989, -0.31171869775673705, 0.5172488086178266], [0.313441373319352, 0.5185731280757349, 0.7955101610472528], [-0.5162067241322954, 0.7961867647145306, -0.3156220107248746]], "T": [-0.030003408319228132, -0.048144717575618313, 0.010472150703650086], "aligned_model": [[-0.3499369055502678, 0.2693508261098266, -0.7527052899103666, 0.6191682246536153, 0.610987805185726, -0.5661884704255612, 0.15095219952990632, -0.5503440025095045, 0.4051453931837491, -0.04506096226134152, 0.5726459740898519, -0.015104281377110224], [0.2253690230403327, -0.6269734808642707, 0.27563751559192184, -0.07454496833698718, -0.3647144450925363, -0.5253288026172259, 0.548795367781583, -0.04285006696939462, 0.07069205702459011, 0.7019200351496307, 0.3293847278493575, -0.014306613054384486], [-0.5405222313946249, -0.27743741266936833, -0.0430576269505486, -0.46808257648859614, 0.19454653203738057, 0.13817471939827286, -0.3975495779249319, 0.5109433907224153, 0.49343520061676704, 0.20348907992947082, 0.019495882110244712, 0.040449627768651686]], "inverted": true, "swapped": false, "error_lsq": 0.04120336131283511, "error_max": 0.2057478302647369, "target": "857.xyz", "model": "22.xyz", "model_rescale": 4.204369325754507, "target_rescale": 3.656291687438307},
{"mapping": [11, 13, 5, 14, 12, 7, 10, 8, 1, 2, 3, 15], "R": [[0.1505348436082894, 0.7314842116838455, -0.6650339156141519], [-0.8018798743258845, 0.48379105901929553, 0.35062070441445975], [0.578210971887365, 0.48049667977026816, 0.659389879144969]], "T": [0.030044211319076936, -0.11048567332034862, 0.09932993473089716], "aligned_model": [[-0.20416298816302478, 0.054829612440060474, -0.6730067303572204, 0.5029844828091851, 0.5325406392427329, -0.43077487465603054, 0.20789534483924918, -0.5880511367040258, 0.31920833224437356, -0.16275590654229036, 0.7645784145878312, 0.025625320977682813], [0.060596383325596, -0.5170305733720412, 0.3318310250679052, -0.07302337409452367, -0.31971093314085264, -0.6415170428175259, 0.5031841066888155, -0.09161512298884036, 0.26526593345143545, 0.7367896009707968, 0.32029926294588107, -0.07198891653402986], [-0.5602844370836964, -0.43493289712735417, 0.06275187445081329, -0.5127673106605218, 0.1614684315456853, 0.1350651212053169, -0.3585809871257669, 0.5350755011091936, 0.558366169855491, 0.11600348086102821, 0.08165402489853207, 0.0900660352264123]], "inverted": true, "swapped": false, "error_lsq": 0.041724460104370094, "error_max": 0.2665161495705117, "target": "857.xyz", "model": "23.xyz", "model_rescale": 4.410303926677745, "target_rescale": 3.656291687438307},
{"mapping": [5, 2, 13, 4, 3, 0, 9, 7, 1, 11, 10, 16], "R": [[-0.30471135605664723, 0.9523273011004832, -0.014956639622220602], [-0.6488180990982447, -0.21904409329899172, -0.7287350406515136], [-0.6972704380458559, -0.212349703954332, 0.6846324119247117]], "T": [-0.08888134801954109, 0.21445643155391989, -0.11698508799189107], "aligned_model": [[-0.20887006907016714, 0.1559835680251871, -0.7709081115225868, 0.38413408654672654, 0.49505242130655747, -0.2361687274531191, 0.2074153710541237, -0.40676733089005057, 0.22665337331329447, -0.011117440961119399, 0.534221486791196, -0.02071811642151912], [-0.1403273438029273, -0.6489991383830942, 0.3503460664926418, -0.14738151518246453, -0.43139097217257627, -0.49157675870269735, 0.7355485958712845, 0.0910806183661422, 0.006356393994162185, 0.6860209731905359, 0.3635948312119375, 0.12980859861967214], [-0.6222901572244388, -0.2824529181388243, -0.014222620082063042, -0.4622589965845227, 0.10918623816246568, 0.10708939337941596, -0.29889493979110127, 0.45367926808530673, 0.6533833716242686, 0.29810664216039734, -0.0017265036092789648, -0.06571377082649184]], "inverted": true, "swapped": false, "error_lsq": 0.04275837679762484, "error_max": 0.20837715023930317, "target": "857.xyz", "model": "24.xyz", "model_rescale": 4.28219845311461, "target_rescale": 3.656291687438307},
{"mapping": [13, 3, 12, 4, 1, 9, 2, 11, 8, 14, 0, 15], "R": [[0.3803833575698576, -0.13858327993619077, 0.9143867758262963], [0.04273621002071442, -0.9850190019653763, -0.167066400332921], [0.9238409590600255, 0.10262670358762296, -0.3687623110809874]], "T": [-0.00036877521514323483, 0.018333003320126964, 0.013899325742284228], "aligned_model": [[-0.3158049132921623, 0.27639598835616896, -0.7348734113403921, 0.45193244186818204, 0.48274035412286603, -0.44980798009051803, 0.18449792207132262, -0.404813032377065, 0.29933262707319097, -0.27005867837588987, 0.7616256257390215, 0.06774356696379867], [0.221085864976664, -0.6824583333056821, 0.2297056427335498, -0.12392512525387392, -0.3476424479685413, -0.4860652060800938, 0.6038854222635927, 0.05600970536245754, 0.00901145765920074, 0.70288146453555, 0.27908849055085505, 0.04150341402893809], [-0.44686935464099176, -0.16592868379836614, -0.0017354768130116403, -0.5427287429941726, 0.22016356658639552, -0.007560668519404814, -0.2889747294221845, 0.3765043177384635, 0.6400288931496393, 0.2108901511006565, -0.1161978718807837, -0.003706393351106136]], "inverted": true, "swapped": false, "error_lsq": 0.04365918267783928, "error_max": 0.2309141633273607, "target": "857.xyz", "model": "25.xyz", "model_rescale": 4.100010024507729, "target_rescale": 3.656291687438307},
{"mapping": [2, 3, 6, 7, 8, 1, 5, 0, 10, 4, 9, 11], "R": [[-0.3592284579787495, -0.400309649753638, 0.84303445913695], [0.3642463066908583, -0.891827695132449, -0.2682685040343218], [0.8592319494992485, 0.21070250712524388, 0.4661811991606457]], "T": [-0.02000307440339029, -0.00160304441623383, -0.024528795861113558], "aligned_model": [[-0.4150588500387436, 0.2371959242751151, -0.5367858442785194, 0.5099884661733158, 0.3235093742766446, -0.421512622402082, 0.07209814654778791, -0.3773466959855568, 0.3001199280353935, -0.07992404938776411, 0.6932392115154633, 0.043387521987468744], [-0.207344881977945, -0.6416567319016481, 0.37735113647922935, 0.022612933364826802, -0.4666956825356013, -0.5519110219947978, 0.6436563261338, -0.027689122894422685, 0.04691217817002687, 0.8324891879343994, 0.37172957639449, 0.10362645233025919], [-0.615594373270725, -0.45143812893646745, -0.1235814873188133, -0.44533611522781447, 0.18173769323449201, 0.16281518305862303, -0.39781672780937016, 0.6429024954026564, 0.5324001933479925, 0.2334231471854647, 0.15216047363409524, 0.002212653854999979]], "inverted": true, "swapped": false, "error_lsq": 0.04184591991462961, "error_max": 0.25571277915151525, "target": "857.xyz", "model": "26.xyz", "model_rescale": 3.6694154284099745, "target_rescale": 3.656291687438307},
{"mapping": [7, 5, 3, 8, 0, 1, 9, 6, 2, 12, 10, 13], "R": [[0.795388496343287, -0.33112528636039246, -0.5076545918412572], [-0.5475987856554094, -0.03358437261084192, -0.8360667795487735], [0.25979359082449704, 0.9429889366525381, -0.20803642834232083]], "T": [0.15182590589397815, 0.0709094028639825, -0.038540464016099646], "aligned_model": [[-0.24809962774776195, 0.06928186970073325, -0.5868124569181019, 0.513476431429579, 0.3108391583970941, -0.4065932083030248, 0.07242470847602683, -0.33584485299289557, 0.3444826199090491, -0.22047377280544722, 0.6673302658870789, 0.1688993756861937], [-0.03155802413500655, -0.6632067255412509, 0.3513296600362501, 0.04953166885779318, -0.4819593577221035, -0.5781423697494837, 0.6625363899812611, 0.010037390543354202, 0.10171054119743828, 0.6314466227681135, 0.37978352806513854, 0.07157102520111283], [-0.5136073210625789, -0.3218044607142141, -0.20768261926804174, -0.5649519782315789, 0.2870117779198559, 0.17720601466316172, -0.3679892361089393, 0.44069044154731407, 0.6126617523695338, 0.38208263057085023, -0.06579389502874475, 0.016061900498515136]], "inverted": true, "swapped": false, "error_lsq": 0.04147356865937637, "error_max": 0.2172625709933247, "target": "857.xyz", "model": "27.xyz", "model_rescale": 4.103607728864725, "target_rescale": 3.656291687438307},
{"mapping": [4, 12, 1, 13, 10, 3, 8, 0, 6, 7, 11, 14], "R": [[0.06301091897970704, -0.4035485636965481, 0.9127859446922846], [0.2536893140319463, 0.8910380729918044, 0.37642115299894197], [-0.9652312448503382, 0.20784539739312347, 0.15852108612787527]], "T": [0.1227654760125097, -0.033524994102205476, 0.11838512322079725], "aligned_model": [[-0.2244727392508168, 0.08131714956017211, -0.687040204473863, 0.39503935366920206, 0.41426031332992663, -0.296625226901123, 0.09559786178729626, -0.5369639039314142, 0.42773141277354415, 0.008716780405577801, 0.7018127290229503, -0.030463015272928856], [0.16341164025916888, -0.701408988571654, 0.3389882394231001, -0.02318945180339893, -0.36639118238051177, -0.6542684952637198, 0.6276409734400953, -0.13493457276240678, 0.2677465830604195, 0.6763509079619657, 0.32541232122433655, -0.016277625084777453], [-0.6954028534916086, -0.41967307371571455, 0.027228758794647187, -0.46952017958304654, 0.3713794647071556, 0.1665493904960612, -0.36576512299186686, 0.37169320358226754, 0.5847524431106871, 0.17451305087112504, 0.029337293901239625, 0.09879263147418674]], "inverted": false, "swapped": false, "error_lsq": 0.04318225492586401, "error_max": 0.2293920049271116, "target": "857.xyz", "model": "28.xyz", "model_rescale": 4.137296879288765, "target_rescale": 3.656291687438307},
{"mapping": [3, 10, 8, 7, 5, 4, 1, 6, 2, 0, 11], "R": [[0.6156953058784049, -0.6508604975881289, -0.44418453709987565], [-0.7271689304772344, -0.6864553761856699, -0.002088792566395631], [-0.3035533509416301, 0.32428325455552554, -0.8959328847335518]], "T": [-0.03366029120270729, 0.007379357240083008, -0.028039742718924354], "aligned_model": [[0.5153625654020951, 0.13284423538922474, -0.1865188974815139, -0.5074845854054629, 0.06196848287926489, 0.4406070134270136, 0.6887675588446385, -0.18158145559845063, -0.6742290912823455, 0.007230479690012934, -0.07554729515457854], [-0.3265086404321506, -0.7872152347268055, -0.29278313565530734, 0.2999190950238508, 0.7180202124797781, -0.051922774180675695, 0.4036642170700998, -0.5535665257367783, 0.31237917047919045, 0.22291918859707158, -0.025757756270321525], [0.291958830105441, -0.1870226277379275, -0.5845476208541615, -0.3525289272797627, -0.17142043995194783, -0.5033865680076464, -0.020941029032197144, 0.4412111768984459, 0.34223701714850674, 0.5841767059665022, -0.03398249547225411]], "inverted": false, "swapped": true, "error_lsq": 0.0395541359284709, "error_max": 0.19743151411558205, "target": "857.xyz", "model": "29.xyz", "model_rescale": 3.607286011436655, "target_rescale": 3.656291687438307},
