[{"mapping": [12, 11, 0, 6, 5, 10, 1, 8, 2, 3, 9, 14], "R": [[0.36438106649055135, 0.8578515687547085, 0.36237704724263936], [-0.8349029369505413, 0.12856422905905127, 0.5351713042361411], [0.4125088171840316, -0.49755595161904903, 0.7630691651180079]], "T": [0.004096271336269332, 0.0016425632250830768, 0.03374357859200168], "aligned_model": [[-0.18397982549332462, 0.23072900709090455, 0.5127195924844887, -0.28673848545896374, -0.1923504148458989, -0.7245855884359753, 0.40120792869395094, -0.23878374585916456, 0.6129029935539672, 0.21688498093067396, -0.5262138477304057, 0.0158498675302964], [-0.41906105318989983, -0.7395306976557604, -0.2495403215769996, 0.6084748067566489, 0.33884378943203153, -0.3490823012272857, -0.14656585464763297, -0.6655438538900388, 0.027948928552587432, 0.43647867545868124, 0.27887236218322287, -0.06773944421849724], [-0.46725850813047093, -0.09917413927211548, -0.5405088598557972, -0.05694600691511109, -0.6768645337411596, 0.07305845382109978, 0.5375971898449572, 0.4737243204674607, 0.03907053780398516, 0.5130980996443709, 0.33346164104175247, 0.05269355064459065]], "inverted": true, "swapped": true, "error_lsq": 0.042584079638051574, "error_max": 0.2474928383546771, "target": "859.xyz", "model": "0.xyz", "model_rescale": 3.751011558992144, "target_rescale": 4.119805956879713},
{"mapping": [4, 0, 1, 7, 6, 10, 11, 3, 2, 12, 13, 8, 5, 9, 14], "R": [[0.573410879050894, -0.036604922887780264, 0.818449780625825], [0.08854879557955858, 0.9959181753613735, -0.01749567907462994], [-0.8144685841623917, 0.08250495503454662, 0.5743116382307232]], "T": [-0.010999219192901394, 0.009278972451175642, 0.063867377389892], "aligned_model": [[-0.010198095714316152, -0.5797362173565905, -0.2492275849359393, 0.08237798292366702, 0.43104005299781367, 0.5458430859280593, 0.7634650091666119, -0.3187425265704703, -0.7139846174457076, 0.3284882170828318, -0.0906624080978479, -0.47270761769069036, -0.13574920463093323, 0.3922265508101349, 0.028569265380519], [-0.7278673509065728, 0.028482610161451368, -0.502741582843771, -0.008783097209883895, -0.41682969676389126, -0.3114296779079285, 0.0710153154931277, 0.5826885873052509, 0.3999986032970774, 0.5369730071836045, 0.7033196705163475, -0.28218604729970004, 0.24922951388976008, 0.3677162288235107, 0.04648154462553297], [0.3505529648740454, -0.437803795509183, -0.3445046908844848, -0.5923578000924147, -0.3682881838736516, 0.573304671805287, -0.11813474310870627, -0.33600930343807467, 0.2559293515104716, -0.3339546813197166, 0.2625215594835058, 0.44108316332428454, 0.6268480393954011, 0.4421811796546594, 0.05651101310158925]], "inverted": false, "swapped": false, "error_lsq": 0.04306564066515411, "error_max": 0.29338370860644125, "target": "859.xyz", "model": "1.xyz", "model_rescale": 3.9405287249114394, "target_rescale": 4.119805956879713},
{"mapping": [11, 8, 1, 13, 9, 2, 12, 10, 6, 4, 5, 0, 14], "R": [[0.2564710880208507, 0.9083434140611489, 0.3303556010439928], [-0.9412463379084574, 0.15701807999053122, 0.2989994212870749], [0.21972235294416373, -0.3876307065853063, 0.8952455098624383]], "T": [-0.10167771821955526, -0.05669103903906717, -0.0939143589733953], "aligned_model": [[-0.28020418347188436, 0.23375063948228744, -0.4365945251910053, 0.5873302255465879, 0.4307660747794333, -0.7074405136060549, 0.07126187122762054, 0.6530221760005447, 0.1302005062819773, -0.4392035092137593, -0.0003637309356481211, -0.6404948398008108, -0.1060469118153573], [0.6503005672819848, 0.6683975978643191, 0.2462051660486053, -0.3945553967440063, -0.30609501689608853, -0.02000109669918918, 0.21157838657440872, 0.21868134174648748, -0.6935898200910247, -0.6667216183088007, -0.5713702709875501, 0.09997804358524176, 0.016024710197629334], [0.20046378063392362, -0.3377293639260875, -0.5730975039836076, 0.20671635407160605, -0.41362886270986843, -0.1493337619409288, 0.507326570809691, 0.006728396777899534, -0.13450081195583516, -0.11436440915009739, 0.5242285217286963, 0.48633325673659844, -0.09602181750334587]], "inverted": false, "swapped": true, "error_lsq": 0.048235304613403626, "error_max": 0.2478402374934486, "target": "859.xyz", "model": "2.xyz", "model_rescale": 3.932901565614263, "target_rescale": 4.119805956879713},
{"mapping": [6, 5, 13, 4, 9, 7, 10, 3, 2, 1, 12, 0, 8, 14], "R": [[0.1656098436424614, 0.043520113901392266, -0.9852306224304691], [-0.2332299844423928, 0.972414373335408, 0.003749785021456009], [0.9582156093728179, 0.22916432143053106, 0.1711915878119119]], "T": [0.03609055327961187, -0.04363106825194838, 0.07511091957223824], "aligned_model": [[-0.22500696190267938, 0.36558186600545794, 0.31325289616616453, -0.33435311444868004, -0.22067305954803162, -0.2816923091888306, 0.42880637633833124, -0.6440719248631859, -0.1429179449720796, -0.3243760720381736, 0.7157818161549638, 0.47487357001618724, 0.22913682789056466, 0.06546794644269475], [-0.01432873591668904, 0.32756556374845064, -0.35800918478213034, 0.4537870748158947, -0.5254538812694042, -0.6030734506372063, -0.7260886137857492, -0.02068522522374832, 0.4187052191186142, -0.08407380431696243, -0.030986949836185065, 0.5887504133191808, -0.6945414124331509, -0.06807037445042631], [-0.5510075112014415, -0.5659104466948176, -0.6345443008966438, -0.2439907127796016, -0.3119747618435902, 0.41684980553528134, -0.11345425108194714, 0.10665022680943233, 0.4294654613841447, 0.6246198478363072, 0.04008014161956859, 0.3182559657608005, 0.5616911604922618, 0.13716573811734298]], "inverted": true, "swapped": true, "error_lsq": 0.04747206164861207, "error_max": 0.28631059493401895, "target": "859.xyz", "model": "3.xyz", "model_rescale": 3.9243930471874484, "target_rescale": 4.119805956879713},
{"mapping": [10, 12, 13, 9, 6, 8, 7, 5, 4, 2, 3, 1, 14], "R": [[0.9545025320788345, 0.2541387674829061, -0.1560077021091048], [0.25235578152039484, -0.9671227259080808, -0.031467325360671684], [-0.15887566140955794, -0.00933380385443444, -0.9872544779930262]], "T": [-0.07285632453112598, 0.03484641616412612, -0.10709929604047745], "aligned_model": [[-0.004901458627036934, -0.25944506787544863, 0.5166276948576002, 0.3878060446066691, 0.6031379475919015, -0.5799850317569091, -0.28021606197582627, 0.41839375787528643, 0.33675522232966726, -0.36139975360869014, 0.1163365307743324, -0.47543489011987783, -0.14046904776031582], [-0.6564836004836291, 0.027130922945394122, -0.2773607106140761, -0.43308563435535163, 0.08141192679545962, -0.6288119924249365, -0.5195688923969134, 0.405193502552465, 0.548071224608198, 0.4971682644826644, 0.07819731488845047, -0.002633966823167841, 0.008601194507030209], [-0.5230028750132018, -0.7616925697495419, -0.5911430929022666, 0.022306571409593037, -0.06330174193468964, -0.11655774060530957, 0.31760389206484435, -0.6350919559520384, 0.1280556495985905, 0.16560425082339958, 0.5459466436665159, 0.4125713540158555, -0.11422807005078704]], "inverted": false, "swapped": true, "error_lsq": 0.03840493878408844, "error_max": 0.20346060070777733, "target": "859.xyz", "model": "4.xyz", "model_rescale": 3.8936222436046832, "target_rescale": 4.119805956879713},
{"mapping": [3, 9, 1, 2, 8, 10, 13, 12, 0, 4, 11, 14], "R": [[-0.1510894909063455, 0.9870325286343523, -0.05421026798806772], [0.8289959906638616, 0.0966445966292005, -0.5508406933094376], [-0.5384585529090463, -0.12816633473754296, -0.8328479917962462]], "T": [-0.04288806910235796, -0.11209866014847844, -0.03480541897800593], "aligned_model": [[-0.06631066509823058, -0.5684658652503574, -0.0691996905855583, 0.42985316223497055, -0.641567137722646, -0.7074087158880968, -0.38706193190089894, 0.01565536319131216, 0.6350741009998037, 0.4025159155186779, 0.04509250264497094, -0.06062899592885039], [-0.5570161398017875, -0.5184587814273284, 0.04223011921536243, -0.02555625904090869, 0.43741874425851435, 0.08963933828571394, -0.40309200340518003, 0.3263648354992653, 0.2995729415034083, -0.6464683572142614, 0.6689918109549976, -0.044703343717988675], [-0.550210167289845, 0.04616082586492112, -0.6743538468123135, -0.4094948468684262, -0.22800341639721627, 0.3814216016534979, 0.6552165536814044, 0.4825819325133205, 0.11502840831183647, -0.08523843518947832, -0.057705511312784175, -0.056118378879398884]], "inverted": true, "swapped": true, "error_lsq": 0.04727960808220961, "error_max": 0.2627454285222157, "target": "859.xyz", "model": "5.xyz", "model_rescale": 3.6523030999806103, "target_rescale": 4.119805956879713},
{"mapping": [8, 7, 3, 11, 2, 10, 6, 12, 13, 5, 4, 0, 14], "R": [[0.6995609130669108, 0.7137575120234382, 0.03412833044703106], [-0.43421287420266064, 0.3866741815381797, 0.8135983389907107], [0.5675153819815411, -0.583980557349207, 0.5804248442756866]], "T": [0.09327614660015168, 0.03547280331324847, 0.07508779016190628], "aligned_model": [[0.17809020613724663, 0.0471607639537812, 0.054888632745355576, 0.6493451484763523, 0.6160795095267959, -0.38298833136173926, -0.4465206187583549, 0.14757794871067884, -0.6381961140760043, -0.21056713066899294, 0.04749270638464694, 0.682984039919491, 0.13573614367503753], [-0.5341175349030908, -0.025318176204365668, 0.6232300079206395, -0.5197875447733561, 0.34421563476264583, -0.593273816987484, 0.39104111656295704, -0.5341287961939665, -0.2194269397217367, 0.05213144156967419, 0.6517906620600226, -0.08241922144701491, -0.013109928481741535], [0.6801372865442115, 0.7996048854463859, 0.41744740153389903, 0.10407969037088385, 0.02292905062721326, 0.25779158654458445, -0.13286762619073036, -0.2936568017848008, -0.20640386027941257, -0.676351900971661, -0.24823147213850746, -0.46333811797344393, 0.10896961775316732]], "inverted": true, "swapped": true, "error_lsq": 0.05263469376980116, "error_max": 0.318329634153404, "target": "859.xyz", "model": "6.xyz", "model_rescale": 4.08911054899281, "target_rescale": 4.119805956879713},
{"mapping": [2, 12, 13, 11, 1, 0, 9, 10, 5, 8, 4, 7, 6, 3, 14], "R": [[-0.3516718770835193, -0.9350875169225219, -0.04402529459556834], [-0.9325536143320878, 0.35404638468375793, -0.07067470472892075], [0.08167403054039726, 0.01620164152278914, -0.996527400299286]], "T": [-0.04424445340326857, 0.06530918154298714, -0.003188586959302804], "aligned_model": [[-0.008408819339065426, -0.6007962163232833, -0.35500742847999983, 0.017692461531885896, 0.41485470128970087, 0.6373413497955409, 0.6933167979617616, -0.27883521405114875, -0.681746140718374, 0.2659598062839939, -0.11003787422256375, -0.6036476177179828, 0.02363750276486907, 0.4917900313710425, 0.09488855170076532], [-0.6327698568570004, -0.007864799827222116, -0.5379793039062233, 0.008598522497094682, -0.4874503430457183, -0.23664133398556986, 0.14080196404289907, 0.5500735816647823, 0.4500599855840062, 0.6555402543717989, 0.6613111677258285, -0.2376262783059956, -0.012238353009687342, 0.3708671972735638, 0.0513852241413595], [0.3987330556142461, -0.44238970450370646, -0.27771344739543913, -0.5841178276384518, -0.15026317005259046, 0.5703293832506646, -0.25786789154265966, -0.48198452459368607, 0.158241419679832, -0.1465398032925144, 0.367354727573908, 0.4379317724192017, 0.48519792633223374, 0.4925459855906708, -0.09157915651869677]], "inverted": false, "swapped": false, "error_lsq": 0.038430447823222455, "error_max": 0.21600431516665036, "target": "859.xyz", "model": "7.xyz", "model_rescale": 3.964800864290218, "target_rescale": 4.119805956879713},
{"mapping": [10, 12, 8, 13, 7, 5, 9, 11, 0, 2, 4, 3, 1, 14], "R": [[-0.9551724316613838, -0.2912103766432603, 0.053311746635893706], [-0.19981311878478825, 0.5012605971900725, -0.8419100493913517], [0.21844986462704746, -0.8148216554804754, -0.5369779570936616]], "T": [-0.015333832496838323, -0.006828978004575012, 0.13518926099162631], "aligned_model": [[-0.15214237703758765, 0.10317903171618197, 0.4619823645489543, -0.6627485811375429, 0.21246622861765146, -0.5430140992350126, -0.4782814675951549, 0.6725426708838812, 0.35730251321924605, 0.31725309138652474, -0.3785834837359726, -0.13520610345156642, 0.4363095550124354, 0.050128546268834714], [-0.007467135181962977, -0.5773965183583283, 0.2881733710725321, -0.22334224918545123, 0.6256056093887453, -0.6149657083534851, 0.37360630529986155, -0.31067333355923143, -0.6478915001630418, -0.02759522597772495, -0.03823314258214874, 0.5444595266347031, 0.43086291487013767, -0.0041944477234028416], [-0.66281691543598, -0.21662691952636293, -0.4835629779811129, -0.32658908740857195, -0.14566802997954864, 0.2299685312820758, -0.1629123712539277, -0.09474951994118849, 0.45415224321961556, 0.6454056144884219, 0.7297837792176953, 0.5170974431445798, 0.33006338072342106, 0.10326986817590482]], "inverted": false, "swapped": true, "error_lsq": 0.04141024681708276, "error_max": 0.2432849610857835, "target": "859.xyz", "model": "8.xyz", "model_rescale": 4.121658175737393, "target_rescale": 4.119805956879713},
{"mapping": [6, 4, 3, 9, 5, 12, 2, 11, 1, 0, 10, 8, 14], "R": [[0.7616038594913717, -0.029770260729228143, 0.6473587048800385], [0.002528976597283129, -0.9988001163659292, -0.048907380064532095], [0.6480379352207842, 0.03888520442944814, -0.7606147351920436]], "T": [-0.026352868510173634, -0.002507863164821154, -0.07925497258437442], "aligned_model": [[-0.42044681224700914, -0.20393749379053028, 0.3441585492959525, -0.11902261618223367, -0.8056213453571958, -0.4067993969199145, 0.2665399276464562, 0.191877633196708, 0.624979969787306, -0.17780409912842762, -0.24570001416005408, 0.4132062012449064, 0.015306993049233233], [0.11470543104383024, -0.4129738683525132, -0.0357116451691734, 0.5554178590227635, -0.21108990974386663, -0.003080752606478594, -0.53604385811532, -0.14559411639130443, -0.09409392561333779, -0.6720420834037959, 0.7071544321875403, 0.5169142091331018, 0.006825667420264045], [-0.6196306156696748, -0.6144750499655877, -0.6500097661888875, -0.4370919566446768, -0.1598405024178548, 0.4852158882952955, -0.10957292799662957, 0.6625462754227637, -0.10941110016847422, 0.34541294493446617, 0.24292059907030128, 0.4052034943277304, -0.020191849039682692]], "inverted": true, "swapped": true, "error_lsq": 0.05218050069051429, "error_max": 0.3331624839795714, "target": "859.xyz", "model": "9.xyz", "model_rescale": 3.833441315466971, "target_rescale": 4.119805956879713},
{"mapping": [13, 1, 0, 12, 10, 8, 11, 6, 4, 7, 3, 5, 2, 9, 14], "R": [[0.6390893783561783, 0.5451049557846217, 0.5426097618467249], [-0.24508641219776575, 0.8130377021245633, -0.5281120576923397], [-0.729038693779926, 0.20452452689850165, 0.6532015775153973]], "T": [-0.005294447113137393, 0.0582925858253536, -0.056060873924196224], "aligned_model": [[-0.17839064514985556, -0.5497132856193471, -0.2247378077826925, 0.0174332773133471, 0.5281743814629783, 0.6858956420564722, 0.5930566152467551, -0.4117879764967861, -0.6057949202426782, 0.387222999196863, -0.07511534375023143, -0.5614270093320148, -0.06003563565055306, 0.43324341312795817, 0.022978187466926737], [-0.5470696589944309, -0.21958190356263, -0.5757002765815893, 0.03137373479855504, -0.53758566751901, -0.1377987928984584, 0.20162492762810763, 0.43367081151998244, 0.5604640935301911, 0.594966615560151, 0.7000820127346816, -0.14442639567235327, -0.007988533354898103, 0.275959453169656, 0.10807720800596057], [0.4330820501651127, -0.47079311204988405, -0.17319593946295483, -0.6575414499302412, -0.24604576713617643, 0.24620357023131778, -0.3506265321562739, -0.4498676365483194, 0.09604283645423917, -0.013340657020416903, 0.5249324338236819, 0.2711344641345993, 0.6575640068397518, 0.5906351957471712, 0.019695281831404947]], "inverted": false, "swapped": false, "error_lsq": 0.04124821972039918, "error_max": 0.294557348153267, "target": "859.xyz", "model": "10.xyz", "model_rescale": 4.2482417240324, "target_rescale": 4.119805956879713},
{"mapping": [11, 12, 5, 13, 1, 3, 2, 9, 10, 7, 8, 14], "R": [[-0.9305186223833111, -0.3624144593241312, 0.05282852516077499], [0.08192766610851734, -0.06538847835450246, 0.9944909272710807], [-0.35696351483572697, 0.929720445387365, 0.09053696761457886]], "T": [0.016528940559943972, 0.08537315161779657, 0.12814278371280383], "aligned_model": [[-0.6669738225619999, -0.1021926953050798, 0.5122232410272192, 0.6827979467626253, -0.4286385457379527, 0.13391512298208474, -0.34843106814264935, 0.5124382450973621, 0.20372746920511559, -0.16731305905934596, -0.408177688534121, -0.04660954337025139], [-0.28612414567012284, -0.5824899706108942, -0.4130918688793093, -0.32428986702690366, 0.5663455497442861, 0.7500664148350571, 0.30517590007318046, 0.28175593026603774, -0.2853913886380145, 0.5173935845037735, 0.06344090740803218, 0.0733403440455172], [0.013334028841855639, 0.07129856581819981, 0.5319739868239579, -0.13171278950964774, 0.06471308645664212, 0.22058512410168615, 0.5638685807318805, -0.2761143951933035, -0.5668544891469743, -0.4289098689258726, -0.5907833091677692, 0.09379376902370185]], "inverted": true, "swapped": true, "error_lsq": 0.03965567930227232, "error_max": 0.21540036156826334, "target": "859.xyz", "model": "11.xyz", "model_rescale": 3.6694154284099745, "target_rescale": 4.119805956879713},
{"mapping": [11, 1, 3, 7, 8, 0, 12, 5, 9, 13, 4, 10, 2, 14], "R": [[0.30192530114042115, -0.9373928146063314, -0.17359672708805957], [-0.30661963896657324, -0.26790385536263206, 0.9133520248413787], [-0.9026768577576776, -0.2225359193619271, -0.3683099985914957]], "T": [-0.019875849555164603, 0.0957337436363322, -0.010145657158829889], "aligned_model": [[0.09262851626662638, -0.020503042835500744, -0.16360228167436378, 0.48785822452794353, 0.6762915224597087, -0.5512834118666065, 0.08863851206299997, -0.35392886812256763, 0.38995447143258166, 0.3072143348200636, -0.5896965192081882, 0.7130490497306037, -0.4905673638779394, 0.012211706540448446], [-0.5267004445645252, 0.34084996191479766, 0.7397250738719722, 0.4374028444177033, -0.06599498258983443, -0.49221003112087763, -0.5537145146341165, -0.16275816451348285, 0.5092017187607679, 0.028471522169350297, 0.4233545232600178, -0.11803444830374708, 0.11173423194214417, 0.05965999752608443], [-0.4773562823722922, -0.6212508128201084, -0.17973373332648054, -0.40538675908651417, -0.44247224714863576, -0.16339221646454052, 0.16250669618642496, 0.6818444952192206, 0.3200049786410945, 0.7433468121166575, 0.2231957257495764, 0.25940043322677564, -0.3968749023513238, -0.0647367279174389]], "inverted": true, "swapped": true, "error_lsq": 0.04462458684924773, "error_max": 0.26126885319122645, "target": "859.xyz", "model": "12.xyz", "model_rescale": 3.9764082729961374, "target_rescale": 4.119805956879713},
{"mapping": [10, 13, 12, 5, 9, 2, 0, 6, 14, 4, 3, 11, 8, 7, 15], "R": [[0.2728474749332713, 0.07446890518040711, 0.9591708073037717], [-0.021924568130448387, -0.9962594241572762, 0.08358512481360342], [0.9618074488871622, -0.04383539596084274, -0.27019416967456]], "T": [0.0035639262874852407, -0.009097412279207767, -0.024910949042743935], "aligned_model": [[-0.30246200376036514, -0.5655146846389066, -0.18026263590019448, 0.2962573284950342, 0.4052535282709864, 0.604290271804746, 0.7162539272339983, -0.388961623436722, -0.653995175617391, 0.3192980504269695, -0.1644808966257647, -0.5972440309795846, -0.007897396924444423, 0.515870593110092, 0.00459664038868849], [-0.6107070329846553, -0.11292370568915, -0.5702794011284812, 0.08073027888669872, -0.314341867329761, -0.19686112239119039, 0.08691774088215837, 0.4426814428634833, 0.43035550121405064, 0.5802119317293222, 0.5175719715509685, -0.0354390444892014, -0.10242812134056717, 0.4440203135081411, 0.09655874308209934], [0.41162186000058676, -0.2245360515968556, -0.2667706302087065, -0.8053502253728698, -0.351974265293358, 0.46512186707529857, -0.12472070015214017, -0.49975657085987685, 0.0904372364627436, -0.2873803409674721, 0.6097730234519206, 0.49362604640357377, 0.6756679925940172, 0.296429842998045, -0.004310339611894216]], "inverted": true, "swapped": false, "error_lsq": 0.039971051322426725, "error_max": 0.2821845852952998, "target": "859.xyz", "model": "13.xyz", "model_rescale": 4.170626492500431, "target_rescale": 4.119805956879713},
{"mapping": [12, 0, 11, 2, 10, 7, 1, 5, 13, 4, 6, 3, 9, 14], "R": [[-0.6582134541369224, -0.385167745052231, -0.646839127576959], [0.2590048726994891, -0.9226166702271816, 0.28582329460145417], [-0.7068744759227507, 0.02059825211729943, 0.7070390281297414]], "T": [-0.06497307873693574, 0.03030497777126793, 0.057774395692960084], "aligned_model": [[0.30894028617358993, -0.18357587870854347, -0.28514558661259665, -0.5538610327926713, 0.44485928650077383, -0.386059518100388, -0.6962540121096782, 0.5524843377048333, 0.7358572007166123, -0.1008487587058418, 0.31442058098377274, -0.44418325331278247, 0.23252192532187216, -0.09597255496730903], [-0.1743296950872574, -0.676094981084477, -0.07359668242261275, -0.3316401528039644, 0.5574071267030437, 0.6833105676617383, 0.21659157198456996, -0.471551458766443, 0.19291369123812033, -0.36951552876456395, 0.021439804658653104, 0.20073004053640148, 0.5296041487238281, 0.050806015348629566], [-0.4729615915633635, -0.3143665204451084, -0.6899527143326669, 0.0945210581362679, -0.28539484341243515, 0.022640493326571226, 0.04006696542229496, 0.21316523444431731, 0.16497685005466303, 0.6281564342626004, 0.620834506283791, 0.5974939319025407, 0.38960742783359925, -0.004914130792205568]], "inverted": true, "swapped": true, "error_lsq": 0.053856204030842465, "error_max": 0.39789634720191486, "target": "859.xyz", "model": "14.xyz", "model_rescale": 3.9786697098870705, "target_rescale": 4.119805956879713},
{"mapping": [2, 11, 4, 3, 5, 13, 8, 10, 9, 7, 12, 14], "R": [[-0.7507394252402707, -0.22989935620001262, 0.619303319391014], [-0.6218261781256837, -0.07051452672287312, -0.7799742981141463], [0.22298546945376052, -0.9706564724658615, -0.09001940275638953]], "T": [0.05048575787909992, -0.05084454858424182, -0.1446216379292371], "aligned_model": [[-0.07358889736026292, -0.7305065908356595, 0.5158599924531677, 0.5347960404963361, 0.21499806778947134, 0.3313017133939618, -0.3872821165136326, -0.08480806248766687, 0.5216883362875083, 0.0852750488091609, -0.4327903949814157, -0.01158854028363198], [-0.39960430969299343, -0.14011200044601485, -0.02175180589728682, -0.5232138563376972, 0.6726073323186764, 0.6386994578963446, -0.33359320641669177, 0.2996889505298398, 0.03222653891261789, -0.5572597659604153, 0.42643270059313665, -0.07944554527507688], [-0.6287064810375991, -0.12341803989285469, -0.6633311962566412, -0.22495235142266373, -0.4714441167875736, 0.20883919251897798, 0.5081600681568513, 0.5725622233573598, 0.32333501102114537, 0.3779494346658874, -0.09970138127829846, -0.11932586917076111]], "inverted": true, "swapped": true, "error_lsq": 0.05393773210004677, "error_max": 0.33708369547079164, "target": "859.xyz", "model": "15.xyz", "model_rescale": 3.769337070930944, "target_rescale": 4.119805956879713},
{"mapping": [11, 12, 1, 2, 8, 10, 7, 13, 3, 4, 14], "R": [[-0.006237111657351899, -0.979515008431973, 0.20127455550736048], [0.46275793991006564, 0.17560207727976346, 0.868918292767061], [-0.8864627389170769, 0.09856093907600405, 0.4521830976497136]], "T": [-0.09180725014270978, 0.008343611231985154, 0.1008997417908165], "aligned_model": [[-0.3414382508525809, -0.2614174893376952, -0.07385358524163758, -0.5572949158112853, 0.38466818909761546, 0.4986559704581884, 0.4497369400311552, 0.2789636773307075, 0.044780690338571835, -0.4123217826657059, -0.08785331265616267], [-0.024865387867391148, -0.5375641668810051, 0.6313987096811705, 0.40115702515047, 0.12405329838370886, -0.45910977029464384, 0.4327589946792386, -0.6751448478951353, 0.554759058373406, 0.12532232474674196, 0.023299259548781384], [-0.6440491458155644, -0.2686733991698461, -0.11126028112452589, 0.08128134927835796, -0.575335346959417, -0.19637347250452486, -0.13857607212166495, 0.37409480394733097, 0.4841961413655469, 0.7092299044563355, 0.029683125871749025]], "inverted": true, "swapped": true, "error_lsq": 0.043158446716645156, "error_max": 0.2561041091083872, "target": "859.xyz", "model": "16.xyz", "model_rescale": 3.7852294659196426, "target_rescale": 4.119805956879713},
{"mapping": [12, 6, 4, 5, 10, 9, 7, 3, 0, 11, 8, 2, 14], "R": [[-0.3341379603111984, -0.9395781978024542, 0.07446229712656181], [-0.9142475243645918, 0.3038940920454066, -0.26795493093636696], [0.22913595892458094, -0.1576108848848655, -0.9605495933545142]], "T": [0.008910115880639696, 0.06419095007879638, 0.05233938138961487], "aligned_model": [[0.11642999403683571, -0.3381900420700714, 0.19484495008022046, 0.0398125302478256, -0.5932197419198563, -0.6395205393927136, -0.33372534237700247, -0.07078122773393944, 0.7387489916527925, 0.41120017226088823, -0.24779551333562846, 0.5500482481287182, 0.025913370638214084], [-0.05759985355512884, -0.4514628788609347, -0.41372175378634735, -0.7120610394332832, 0.20058035502973393, 0.011230486697778298, 0.6794776846148092, 0.16499503221275125, -0.10487052535717292, 0.49362639885940646, 0.7850943915754638, 0.1539759144429033, 0.12579141126289517], [-0.608700494801717, 0.3256111097471855, 0.5251044992844751, -0.17947465258145606, -0.47146249650204836, 0.20933930302574777, 0.23880752911296638, 0.7213909960387858, -0.24817654236757564, -0.46930726640058323, -0.28249179864591867, 0.31780916944438514, 0.01730534178892726]], "inverted": false, "swapped": true, "error_lsq": 0.03715209327449473, "error_max": 0.2068475359147295, "target": "859.xyz", "model": "17.xyz", "model_rescale": 3.901054581598922, "target_rescale": 4.119805956879713},
{"mapping": [4, 0, 1, 7, 6, 10, 11, 3, 2, 12, 13, 8, 5, 9, 14], "R": [[0.573410879050894, -0.036604922887780264, 0.818449780625825], [0.08854879557955858, 0.9959181753613735, -0.01749567907462994], [-0.8144685841623917, 0.08250495503454662, 0.5743116382307232]], "T": [-0.010999219192901394, 0.009278972451175642, 0.063867377389892], "aligned_model": [[-0.010198095714316152, -0.5797362173565905, -0.2492275849359393, 0.08237798292366702, 0.43104005299781367, 0.5458430859280593, 0.7634650091666119, -0.3187425265704703, -0.7139846174457076, 0.3284882170828318, -0.0906624080978479, -0.47270761769069036, -0.13574920463093323, 0.3922265508101349, 0.028569265380519], [-0.7278673509065728, 0.028482610161451368, -0.502741582843771, -0.008783097209883895, -0.41682969676389126, -0.3114296779079285, 0.0710153154931277, 0.5826885873052509, 0.3999986032970774, 0.5369730071836045, 0.7033196705163475, -0.28218604729970004, 0.24922951388976008, 0.3677162288235107, 0.04648154462553297], [0.3505529648740454, -0.437803795509183, -0.3445046908844848, -0.5923578000924147, -0.3682881838736516, 0.573304671805287, -0.11813474310870627, -0.33600930343807467, 0.2559293515104716, -0.3339546813197166, 0.2625215594835058, 0.44108316332428454, 0.6268480393954011, 0.4421811796546594, 0.05651101310158925]], "inverted": false, "swapped": false, "error_lsq": 0.04306564066515411, "error_max": 0.29338370860644125, "target": "859.xyz", "model": "18.xyz", "model_rescale": 3.9405287249114394, "target_rescale": 4.119805956879713},
{"mapping": [1, 8, 6, 5, 2, 3, 10, 9, 7, 11, 13, 4, 12, 14, 15], "R": [[0.8161889949901766, -0.4020888905898904, 0.4149217378266853], [0.10097521777533058, 0.8063380210497713, 0.582771826021783], [-0.5688932499618448, -0.43375513815254096, 0.6987252323153359]], "T": [-0.07208063418002682, 0.04611131350975553, 0.1390614258984532], "aligned_model": [[0.06804927251646688, -0.5758849824489214, -0.15859283313510625, -0.055093671600285984, 0.4285767701380952, 0.5692324751627535, 0.6921042493249338, -0.29361912537121376, -0.67149118726766, 0.3078648149588629, -0.05192901066999116, -0.6913201615665217, -0.02888455762892536, 0.5038462010621284, -0.04185636162747403], [-0.5907510370719607, -0.19087955128239512, -0.5266949453903738, 0.0022484588782901993, -0.36084576530984314, -0.32013953833383124, 0.07245274014147464, 0.5761667973123644, 0.38932145934905915, 0.5567451548364762, 0.6929588234762636, -0.024329201204901424, -0.007314209786812548, 0.43213279955102923, 0.0349956431990763], [0.2404980052976112, -0.3730798282554959, -0.3328411962483355, -0.6910290124543573, -0.4432214800099257, 0.5633330419451869, -0.04323402114299538, -0.36983122286752146, 0.002902204464558522, -0.19873694246702747, 0.3193724247088554, 0.5214820977049901, 0.6825859190360412, 0.4840754181344603, 0.11560333707696714]], "inverted": false, "swapped": false, "error_lsq": 0.03838086468719496, "error_max": 0.2877851142023332, "target": "859.xyz", "model": "19.xyz", "model_rescale": 4.410303926677745, "target_rescale": 4.119805956879713},
{"mapping": [10, 12, 8, 13, 7, 5, 9, 11, 0, 2, 4, 3, 1, 14], "R": [[-0.9551724316613838, -0.2912103766432603, 0.053311746635893706], [-0.19981311878478825, 0.5012605971900725, -0.8419100493913517], [0.21844986462704746, -0.8148216554804754, -0.5369779570936616]], "T": [-0.015333832496838323, -0.006828978004575012, 0.13518926099162631], "aligned_model": [[-0.15214237703758765, 0.10317903171618197, 0.4619823645489543, -0.6627485811375429, 0.21246622861765146, -0.5430140992350126, -0.4782814675951549, 0.6725426708838812, 0.35730251321924605, 0.31725309138652474, -0.3785834837359726, -0.13520610345156642, 0.4363095550124354, 0.050128546268834714], [-0.007467135181962977, -0.5773965183583283, 0.2881733710725321, -0.22334224918545123, 0.6256056093887453, -0.6149657083534851, 0.37360630529986155, -0.31067333355923143, -0.6478915001630418, -0.02759522597772495, -0.03823314258214874, 0.5444595266347031, 0.43086291487013767, -0.0041944477234028416], [-0.66281691543598, -0.21662691952636293, -0.4835629779811129, -0.32658908740857195, -0.14566802997954864, 0.2299685312820758, -0.1629123712539277, -0.09474951994118849, 0.45415224321961556, 0.6454056144884219, 0.7297837792176953, 0.5170974431445798, 0.33006338072342106, 0.10326986817590482]], "inverted": false, "swapped": true, "error_lsq": 0.04141024681708276, "error_max": 0.2432849610857835, "target": "859.xyz", "model": "20.xyz", "model_rescale": 4.121658175737393, "target_rescale": 4.119805956879713},
{"mapping": [8, 7, 3, 11, 2, 10, 6, 12, 13, 5, 4, 0, 14], "R": [[0.6995609130669108, 0.7137575120234382, 0.03412833044703106], [-0.43421287420266064, 0.3866741815381797, 0.8135983389907107], [0.5675153819815411, -0.583980557349207, 0.5804248442756866]], "T": [0.09327614660015168, 0.03547280331324847, 0.07508779016190628], "aligned_model": [[0.17809020613724663, 0.0471607639537812, 0.054888632745355576, 0.6493451484763523, 0.6160795095267959, -0.38298833136173926, -0.4465206187583549, 0.14757794871067884, -0.6381961140760043, -0.21056713066899294, 0.04749270638464694, 0.682984039919491, 0.13573614367503753], [-0.5341175349030908, -0.025318176204365668, 0.6232300079206395, -0.5197875447733561, 0.34421563476264583, -0.593273816987484, 0.39104111656295704, -0.5341287961939665, -0.2194269397217367, 0.05213144156967419, 0.6517906620600226, -0.08241922144701491, -0.013109928481741535], [0.6801372865442115, 0.7996048854463859, 0.41744740153389903, 0.10407969037088385, 0.02292905062721326, 0.25779158654458445, -0.13286762619073036, -0.2936568017848008, -0.20640386027941257, -0.676351900971661, -0.24823147213850746, -0.46333811797344393, 0.10896961775316732]], "inverted": true, "swapped": true, "error_lsq": 0.05263469376980116, "error_max": 0.318329634153404, "target": "859.xyz", "model": "21.xyz", "model_rescale": 4.08911054899281, "target_rescale": 4.119805956879713},
{"mapping": [10, 13, 7, 0, 6, 5, 8, 4, 3, 1, 15, 12, 9, 11, 16], "R": [[-0.9174188807358026, 0.34819675240481895, -0.19261780521074498], [-0.35659780438323774, -0.5046014461063106, 0.7862667400421274], [0.17658030235142722, 0.7900230390325066, 0.5870970913054512]], "T": [-0.005219475901179579, 0.12289537520385915, 0.05773004269915015], "aligned_model": [[0.03675348505031112, -0.5938765078953174, -0.22952138176898687, 0.04118614970052098, 0.38661815293874197, 0.40638997986348063, 0.6804857022557654, -0.38681622242531344, -0.8132585584276234, 0.5004937962760178, 0.04741832867490042, -0.572266899687716, -0.07875392025163407, 0.6046867311106565, -0.02853694356666145], [-0.6440185373323392, -0.05117119375808071, -0.4792288076275295, 0.03653802274016202, -0.3711189919382132, -0.22538477771159918, 0.06865557248492082, 0.3996834623011978, 0.43923589784658756, 0.6293599335696151, 0.7574531309551089, -0.2552656707701496, -0.11925482971478671, 0.4348904217406404, 0.115693995578381], [0.30515019248958575, -0.18704269737193874, -0.24711633087799334, -0.710689324422248, -0.339733422582496, 0.5127109708252342, -0.029611073104554866, -0.45614198782104753, 0.021948229743043376, -0.28541150058765596, 0.4127972673757191, 0.3413159177334698, 0.7236906836640996, 0.3991484661086001, 0.01686335375119473]], "inverted": false, "swapped": false, "error_lsq": 0.04193059668126622, "error_max": 0.28787523862259573, "target": "859.xyz", "model": "22.xyz", "model_rescale": 4.204369325754507, "target_rescale": 4.119805956879713},
{"mapping": [1, 8, 6, 5, 2, 3, 10, 9, 7, 11, 13, 4, 12, 14, 15], "R": [[0.8161889949901766, -0.4020888905898904, 0.4149217378266853], [0.10097521777533058, 0.8063380210497713, 0.582771826021783], [-0.5688932499618448, -0.43375513815254096, 0.6987252323153359]], "T": [-0.07208063418002682, 0.04611131350975553, 0.1390614258984532], "aligned_model": [[0.06804927251646688, -0.5758849824489214, -0.15859283313510625, -0.055093671600285984, 0.4285767701380952, 0.5692324751627535, 0.6921042493249338, -0.29361912537121376, -0.67149118726766, 0.3078648149588629, -0.05192901066999116, -0.6913201615665217, -0.02888455762892536, 0.5038462010621284, -0.04185636162747403], [-0.5907510370719607, -0.19087955128239512, -0.5266949453903738, 0.0022484588782901993, -0.36084576530984314, -0.32013953833383124, 0.07245274014147464, 0.5761667973123644, 0.38932145934905915, 0.5567451548364762, 0.6929588234762636, -0.024329201204901424, -0.007314209786812548, 0.43213279955102923, 0.0349956431990763], [0.2404980052976112, -0.3730798282554959, -0.3328411962483355, -0.6910290124543573, -0.4432214800099257, 0.5633330419451869, -0.04323402114299538, -0.36983122286752146, 0.002902204464558522, -0.19873694246702747, 0.3193724247088554, 0.5214820977049901, 0.6825859190360412, 0.4840754181344603, 0.11560333707696714]], "inverted": false, "swapped": false, "error_lsq": 0.03838086468719496, "error_max": 0.2877851142023332, "target": "859.xyz", "model": "23.xyz", "model_rescale": 4.410303926677745, "target_rescale": 4.119805956879713},
{"mapping": [1, 13, 7, 12, 0, 3, 2, 6, 14, 5, 15, 11, 10, 4, 16], "R": [[0.6096819068875594, 0.65718355930626, 0.4431678483278144], [0.5147005831529383, 0.09695594769960447, -0.851870209543506], [-0.6028028550993886, 0.7474686037441485, -0.2791404741358703]], "T": [-0.10444503603869851, 0.09727587410577904, 0.12022352056515409], "aligned_model": [[0.010538914266774863, -0.544117799026317, -0.28491458188551577, 0.1083457016309313, 0.3821092541140457, 0.6465993334703183, 0.7896316103746203, -0.32117251548455183, -0.71792858093896, 0.28155420525579733, -0.25822009285119996, -0.5858982282839881, 0.0068972510976565565, 0.5028654973799488, -0.015288077272418515], [-0.7159558303700604, 0.06974180156379986, -0.46841329246412317, 0.08132581393485633, -0.29833974404090674, -0.3222209885044105, 0.014559795927430452, 0.5624719679210795, 0.3812899137103166, 0.49570804269555574, 0.7923426403282157, -0.18110574691261616, -0.006322968817162808, 0.30907969748656805, 0.02190652590537369], [0.36875568262432623, -0.4276052484541659, -0.1787035717660542, -0.6547871453783903, -0.30065534145875694, 0.3832933248435477, -0.043113407064473114, -0.4405972027607862, 0.08669807562020881, -0.17618570024427646, 0.17071721551953045, 0.4225941265551436, 0.7531959695041959, 0.3655751649272574, 0.14869680245570482]], "inverted": true, "swapped": false, "error_lsq": 0.04110558225803017, "error_max": 0.34589093572537144, "target": "859.xyz", "model": "24.xyz", "model_rescale": 4.28219845311461, "target_rescale": 4.119805956879713},
{"mapping": [12, 2, 13, 4, 7, 9, 3, 0, 6, 1, 8, 14, 11, 5, 15], "R": [[-0.14945534756385348, 0.9852513823097824, 0.08332354253889415], [0.845342074645953, 0.0836089915838375, 0.5276422209789603], [0.5128936302176543, 0.14929584784245317, -0.8453702584661701]], "T": [0.0040636460600447216, 0.009208024703416015, 0.05043555859319268], "aligned_model": [[-0.11822214107677129, -0.5772669963363055, -0.12866686355458354, 0.129679454849803, 0.4521608358615017, 0.5579476272871833, 0.6781421975188646, -0.3347923789420274, -0.6873984568825366, 0.29609021284579146, -0.06420599365707014, -0.6559123418093613, -0.010409074405853, 0.48954046585621, -0.025684655707703286], [-0.6105467950344621, -0.10318426381208441, -0.5421435906866555, 0.05556907052193909, -0.494198129976205, -0.29193038110574865, 0.21570769002241963, 0.5005958593754993, 0.586811716139068, 0.5639419338582132, 0.6204817346602146, -0.17929121114126667, -0.10061311080141085, 0.46527288348516477, 0.04959422285923043], [0.48098178132546066, -0.29337061075403503, -0.12651207479364943, -0.6683967549809952, -0.33858520906958856, 0.29416056708751837, -0.2705338161859955, -0.5056838191413747, 0.07167869384090958, -0.07944197284253382, 0.3723513313309864, 0.38065421102881947, 0.5835461754517776, 0.5810934360803047, -0.004063193454592051]], "inverted": true, "swapped": false, "error_lsq": 0.033642987736057305, "error_max": 0.19878102280122348, "target": "859.xyz", "model": "25.xyz", "model_rescale": 4.100010024507729, "target_rescale": 4.119805956879713},
{"mapping": [11, 12, 5, 13, 1, 3, 2, 9, 10, 7, 8, 14], "R": [[-0.9305186223833111, -0.3624144593241312, 0.05282852516077499], [0.08192766610851734, -0.06538847835450246, 0.9944909272710807], [-0.35696351483572697, 0.929720445387365, 0.09053696761457886]], "T": [0.016528940559943972, 0.08537315161779657, 0.12814278371280383], "aligned_model": [[-0.6669738225619999, -0.1021926953050798, 0.5122232410272192, 0.6827979467626253, -0.4286385457379527, 0.13391512298208474, -0.34843106814264935, 0.5124382450973621, 0.20372746920511559, -0.16731305905934596, -0.408177688534121, -0.04660954337025139], [-0.28612414567012284, -0.5824899706108942, -0.4130918688793093, -0.32428986702690366, 0.5663455497442861, 0.7500664148350571, 0.30517590007318046, 0.28175593026603774, -0.2853913886380145, 0.5173935845037735, 0.06344090740803218, 0.0733403440455172], [0.013334028841855639, 0.07129856581819981, 0.5319739868239579, -0.13171278950964774, 0.06471308645664212, 0.22058512410168615, 0.5638685807318805, -0.2761143951933035, -0.5668544891469743, -0.4289098689258726, -0.5907833091677692, 0.09379376902370185]], "inverted": true, "swapped": true, "error_lsq": 0.03965567930227232, "error_max": 0.21540036156826334, "target": "859.xyz", "model": "26.xyz", "model_rescale": 3.6694154284099745, "target_rescale": 4.119805956879713},
