[{"mapping": [9, 10, 3, 8, 2, 6, 1, 5, 7, 0, 11], "R": [[0.1958994529524133, 0.15504885851656913, 0.9682888287105531], [0.8163505990857514, 0.5212991996032296, -0.24863395557599868], [-0.5433186023920777, 0.8391704212886331, -0.024452000510759478]], "T": [-0.03932988382446714, -0.07537600656141911, -0.06832263541346617], "aligned_model": [[-0.5688186912301647, -0.30073111104725714, -0.08064584271639519, -0.1711451427730031, 0.48881256746483137, -0.6116019278119037, 0.05342714134580388, 0.1679074266537149, -0.553684529751749, 0.5157601599483318, 0.008805519985725409], [-0.2727981242823233, 0.37887360421804517, -0.33663695978650476, -0.6637213563971631, -0.4210067957222131, -0.1524572046346202, 0.09841824257702063, 0.7168515103395956, 0.6418073008348026, 0.17168231216690533, -0.02779091136538764], [-0.2919798165962998, -0.500859380069905, -0.7039862419284889, 0.1306195107652574, 0.43203239285810136, 0.36953314452896907, 0.612171488563312, 0.06626782167963916, 0.2747381633835549, 0.04841906430410446, -0.05248289099265345]], "inverted": true, "swapped": false, "error_lsq": 0.05652073131982274, "error_max": 0.31143004921369977, "target": "86.xyz", "model": "0.xyz", "model_rescale": 3.751011558992144, "target_rescale": 3.676588361136716},
{"mapping": [10, 4, 6, 11, 12, 9, 13, 8, 5, 0, 14], "R": [[0.4085802350348763, 0.05891407344285096, -0.9108190399246252], [-0.902376267939886, -0.12375439255313386, -0.4127976760868311], [-0.1370374496177183, 0.9905624575331813, 0.002599062926538359]], "T": [0.025698786802252183, 0.08209888372207762, 0.020037237664695725], "aligned_model": [[-0.7292125984361777, -0.3003516558988321, 0.11934639617479814, -0.21013324531041025, 0.24844156030688844, -0.46352765531594176, -0.02557248993879519, -0.09059654461473318, -0.3627809971300246, 0.7467038347499242, 0.015768965481238177], [-0.08036300232679712, 0.3656560460959215, -0.42123111717469386, -0.6776350793862785, -0.5041208814016819, -0.14668403554268938, 0.11076662597728514, 0.7159651384974098, 0.41576695249648715, 0.3175418801251202, 0.03755909058807422], [-0.2559495086614613, -0.6424281685194527, -0.5291574279377699, -0.042561059883713906, 0.4184178947088321, 0.39753622510619674, 0.7439513313497895, -0.13841533911327958, 0.37757761909301474, 0.005109586201133016, 0.05039210415230211]], "inverted": false, "swapped": false, "error_lsq": 0.04821731191135364, "error_max": 0.2771730526488804, "target": "86.xyz", "model": "1.xyz", "model_rescale": 3.9405287249114394, "target_rescale": 3.676588361136716},
{"mapping": [4, 2, 1, 7, 6, 3, 11, 5, 9, 0, 12], "R": [[-0.3555512961179074, 0.8737798384431951, 0.33180125038802954], [-0.9300883437995545, -0.2957121740210999, -0.2179219650790542], [-0.09229815034483604, -0.38608691258044275, 0.9178332895341199]], "T": [-0.18623188903213517, -0.007236052273199067, 0.06442201918105665], "aligned_model": [[-0.6975646634377527, -0.05874176788697674, 0.0473621355919889, -0.14237969033397102, 0.21087374556205496, -0.494026712402061, 0.08308839778281246, 0.14767710181355287, -0.5783224207384887, 0.6321034033113598, -0.20198395919458453], [-0.31837626769449207, 0.42463677049046233, -0.283527909619577, -0.7976326823837168, -0.24583524387279881, -0.37312237703237866, 0.3492155756485942, 0.6373362414904689, 0.6194610453948259, 0.08784966719241485, 0.03321679833435468], [-0.3008536055861258, -0.4468526247141306, -0.6400799138058293, 0.11196152838566616, 0.3485579622276671, 0.377773615043895, 0.619420315664028, 0.031141028790039667, 0.38675239288288754, -0.0911930300097973, -0.012154412382709534]], "inverted": false, "swapped": false, "error_lsq": 0.05818517454586222, "error_max": 0.2653052136284804, "target": "86.xyz", "model": "2.xyz", "model_rescale": 3.932901565614263, "target_rescale": 3.676588361136716},
{"mapping": [8, 3, 7, 9, 5, 10, 6, 0, 1, 4, 13], "R": [[-0.5286500666226333, -0.7830315680941029, -0.3277051577683444], [0.18465688645163364, 0.2707298800891951, -0.9447788981094352], [0.8285112801560843, -0.5599704415368547, 0.001470802211706923]], "T": [-0.20074523921591442, 0.04609046335666256, 0.02375635964429914], "aligned_model": [[-0.612143496106952, -0.41091791467403777, 0.21055415247426162, -0.16140589419410878, 0.28052156557616426, -0.5693398103516141, 0.08269664331912852, 0.0596500375027586, -0.39601738013221166, 0.6494655824125539, -0.18497791575800832], [-0.29035888380867547, 0.27576336386445677, -0.25798734225862946, -0.6771646200229098, -0.42844282662206384, -0.0283093188683205, 0.004840296163884532, 0.6263993464077827, 0.686263466663615, 0.24626642097469487, -0.024048284545677492], [-0.4825439825943195, -0.38092040438389424, -0.47435210833694486, -0.09931857560942464, 0.2687055481750146, 0.633467893761374, 0.6439590552312476, -0.18692403635298827, 0.34127161554718594, 0.00650674181306711, 0.11462150924527337]], "inverted": false, "swapped": false, "error_lsq": 0.050383864591574644, "error_max": 0.24885536401013528, "target": "86.xyz", "model": "3.xyz", "model_rescale": 3.9243930471874484, "target_rescale": 3.676588361136716},
{"mapping": [5, 1, 9, 6, 10, 3, 4, 7, 2, 8, 12], "R": [[-0.1760666968864804, -0.8876410740953635, -0.4255512211547675], [-0.4475086791082713, -0.3128736415374084, 0.8377625358977874], [-0.8767761974245507, 0.3379399473426467, -0.3421404559823271]], "T": [-0.0376363371443659, -0.09907849434967643, -0.009289880710051886], "aligned_model": [[-0.6742355065296884, -0.2834284077854511, 0.37616647882477905, -0.45178269536651827, 0.37264215769165, -0.43004215376949273, 0.10156181534834488, 0.031663200921048434, -0.5055805707631318, 0.5558850747622759, -0.1447638232658812], [-0.27144706423325354, 0.34138167958690885, -0.16502606635795647, -0.6760288693227591, -0.4919325583073956, -0.15784972776093756, 0.2575020292218805, 0.6993026930839527, 0.5814423046427152, 0.11084643348523092, -0.09496923609022853], [-0.3816521685818109, -0.5149986834495391, -0.5768333054971719, 0.12158247514273524, 0.4084001486489335, 0.5343248611492547, 0.4444076771323138, 0.017239583818373976, 0.4019693157528123, -0.008813227709526965, -0.06115341991078354]], "inverted": true, "swapped": false, "error_lsq": 0.04780641795265215, "error_max": 0.2671381470622025, "target": "86.xyz", "model": "4.xyz", "model_rescale": 3.8936222436046832, "target_rescale": 3.676588361136716},
{"mapping": [6, 9, 1, 5, 4, 7, 10, 3, 8, 2, 11], "R": [[0.3786347830082847, -0.133034556209423, 0.9159353186499755], [-0.9147765346116006, 0.0967372706332903, 0.3922063133025953], [-0.14078207563557624, -0.9863790890548036, -0.08506879483779846]], "T": [-0.11309832998342384, 0.11173913764524616, 0.02243738415395478], "aligned_model": [[-0.6913787925415273, -0.4148204724157051, 0.17434236291670208, -0.19040261742929593, 0.35172085524815605, -0.5501996654584151, 0.0963789377290234, 0.12293447387403925, -0.5040423464652342, 0.6320068278439923, -0.07845399323380144], [-0.34416438729773646, 0.39685022074196086, -0.2646050011569567, -0.6946615181238933, -0.44124398385953406, -0.12461480253072, 0.21025292297678294, 0.6353539194079302, 0.6927290010020167, 0.12154204776952175, -0.05421680098121444], [-0.2814578456142419, -0.4355051481388541, -0.6247501500394754, -0.00777662856285458, 0.35225156104502, 0.43816176986801236, 0.6105544710477505, 0.0024847366105827627, 0.25797163003886914, 0.0658040955372218, 0.00673476470356054]], "inverted": true, "swapped": false, "error_lsq": 0.034615521061742587, "error_max": 0.15864552468374182, "target": "86.xyz", "model": "5.xyz", "model_rescale": 3.6523030999806103, "target_rescale": 3.676588361136716},
{"mapping": [5, 8, 9, 7, 11, 3, 4, 6, 1, 10, 12], "R": [[0.19441545628169418, 0.7015888865929372, -0.6855477113724935], [-0.5090762176981907, 0.6695616585233566, 0.5408591221469382], [0.8384772119341619, 0.2438446629408462, 0.4873353521163635]], "T": [-0.1344578542178176, 0.08815493734022185, 0.05030121379796176], "aligned_model": [[-0.7135626162728055, -0.23548599107074614, 0.29500699934511576, -0.29647033563551806, 0.3411825568755308, -0.4523034469180709, 0.18454771509452464, 0.03935907086083476, -0.617545716127542, 0.6181224535437124, -0.21476511962710143], [-0.061510452021971515, 0.25959362705699646, -0.22869891501131745, -0.5754018409016267, -0.6143185959115177, -0.22271296064524582, 0.04029516163457087, 0.6836467588594274, 0.536299133609599, 0.2931993053700327, 0.022830395909210058], [-0.27549239537668624, -0.5932088435428016, -0.4373733200715022, 0.06650052277585228, 0.2845364322360659, 0.5841326779803395, 0.5247234840847081, -0.14412519678468094, 0.2697727678066934, 0.03440375564235223, 0.0706033717452502]], "inverted": false, "swapped": false, "error_lsq": 0.04466388654198656, "error_max": 0.21508611569920044, "target": "86.xyz", "model": "6.xyz", "model_rescale": 4.08911054899281, "target_rescale": 3.676588361136716},
{"mapping": [8, 4, 3, 9, 1, 11, 13, 7, 12, 2, 14], "R": [[0.6844112410735296, -0.44608004738313406, -0.5767094974238348], [0.3804381641970495, 0.8932693714610852, -0.23945069060643154], [0.6219711056910683, -0.05551955814106521, 0.7810694734460252]], "T": [-0.14805141489139584, 0.08492803595150598, -0.008813015882954842], "aligned_model": [[-0.6206812813239746, -0.38057603775978743, 0.03833815604272034, -0.2149833656960286, 0.27049146200026464, -0.45484897972391775, 0.07383473554417203, 0.24287642804013787, -0.4788887486991931, 0.637076285312804, -0.1645530836692629], [-0.26589530378499443, 0.2404161586592518, -0.2946079486522607, -0.6960494270005934, -0.38498868587122975, -0.13829462773516293, 0.3178237866685142, 0.7530270187001505, 0.4951764271753536, 0.17986635734748457, -0.07325213755835598], [-0.353331472481487, -0.6558101048709873, -0.6778890956404208, -0.021126594979993932, 0.3679444573143544, 0.4390462919209798, 0.6487739577520687, -0.019211833535720466, 0.47102532571595307, 0.1483517155100404, 0.0367006097908042]], "inverted": false, "swapped": false, "error_lsq": 0.04557611045209641, "error_max": 0.2291929961093411, "target": "86.xyz", "model": "7.xyz", "model_rescale": 3.964800864290218, "target_rescale": 3.676588361136716},
{"mapping": [3, 6, 10, 5, 8, 1, 7, 4, 2, 12, 13], "R": [[-0.5040663004459524, -0.21438780759925713, -0.8366331530052555], [-0.35156023207276765, -0.8338818051200996, 0.42549563842016824], [-0.7888742409152889, 0.5086049577446417, 0.3449614891229144]], "T": [-0.1325914502678172, 0.07302386320152748, -0.019558209971179158], "aligned_model": [[-0.7084267563952535, -0.30999087576850703, 0.14038056207485, -0.21612801422834255, 0.29072111368398584, -0.4265821772241836, 0.10640603911671817, -0.020818638125397748, -0.35595980692862367, 0.5374671428573756, -0.08898301899468669], [-0.144963376753309, 0.36069745308976875, -0.49990628937070386, -0.7554018720176474, -0.488434341866459, -0.15799441870322364, 0.1356352287198048, 0.7483347835349679, 0.5809155420066849, 0.3456771470885715, 0.00866176221970244], [-0.4027787197777414, -0.4910231319869913, -0.5414502809574957, -0.09573672844338021, 0.29129342436531014, 0.6310721743960429, 0.6481342206715073, -0.18251646952870967, 0.3420511754120291, 0.19805751982165537, -0.012629927476635619]], "inverted": true, "swapped": false, "error_lsq": 0.04391112578011967, "error_max": 0.2548935811061661, "target": "86.xyz", "model": "8.xyz", "model_rescale": 4.121658175737393, "target_rescale": 3.676588361136716},
{"mapping": [3, 1, 8, 11, 7, 10, 5, 4, 0, 9, 12], "R": [[-0.12189126068449857, 0.7908145808253417, -0.5997956479691922], [0.7723174191665505, 0.45514075263059534, 0.4431395935219219], [0.6234326945394046, -0.40921778315329205, -0.66623755622934]], "T": [-0.06885991547289157, -0.04258894929968726, -0.044442705250423174], "aligned_model": [[-0.7992725419235249, -0.19670361656932012, 0.12053151024067078, -0.20792082580899257, 0.3940274575092276, -0.5422889827283296, -0.021893601245171965, 0.14699376918430845, -0.5726697279992151, 0.7085142410741654, -0.08123211166588339], [-0.3355597302557497, 0.5120576626661938, -0.4869288785556631, -0.6541552091238642, -0.46238886728378703, -0.20679807030573774, 0.15866675599670144, 0.8103822915845382, 0.5388535835610715, 0.22842891673214183, 0.0306631629323125], [-0.10231764021802908, -0.43297177705621104, -0.5896456517412489, 0.05394859321984972, 0.20994719059345837, 0.5259791679727478, 0.5378014125294758, 0.07377390425543076, 0.11964415255645414, 0.07976902551302936, -0.09145512112936577]], "inverted": true, "swapped": false, "error_lsq": 0.05045680508713377, "error_max": 0.22297872968016275, "target": "86.xyz", "model": "9.xyz", "model_rescale": 3.833441315466971, "target_rescale": 3.676588361136716},
{"mapping": [3, 7, 8, 2, 13, 5, 0, 12, 6, 10, 14], "R": [[-0.7110923924053812, 0.38922924204836284, -0.585532412935141], [-0.638734012722431, -0.009528143150100088, 0.7693686213250529], [0.29388172868467466, 0.9210916412727718, 0.25538934575024674]], "T": [-0.1337581243452109, 0.13710460072937972, 0.02924437896683746], "aligned_model": [[-0.8114990879014774, -0.35247793876086375, 0.3450187287946969, -0.2652124076668457, 0.14814173780446033, -0.353549491289596, 0.27577423358279035, 0.030152625796243948, -0.5767969683770492, 0.6826148339952409, -0.17408069590966557], [-0.2587354625029846, 0.23243131972066008, -0.20826926188237208, -0.5692925966294398, -0.4907234727425198, -0.22899551723651687, 0.08791785412789813, 0.7112703684938855, 0.6159443732764073, 0.16506466248009402, 0.07660935084304532], [-0.3426422709759283, -0.5928395673058149, -0.47972416848852945, 0.009930500857167707, 0.4317998649500922, 0.5537419100469045, 0.5711732243629464, 0.10978625891903335, 0.21807928821552214, -0.06299211791604217, -0.0318396661697603]], "inverted": true, "swapped": false, "error_lsq": 0.05020404023457867, "error_max": 0.22808944000188738, "target": "86.xyz", "model": "10.xyz", "model_rescale": 4.2482417240324, "target_rescale": 3.676588361136716},
{"mapping": [3, 8, 9, 7, 5, 2, 6, 0, 1, 4, 11], "R": [[-0.636529678985361, 0.7705326766871156, 0.033307085254979114], [-0.7704117150725948, -0.6372584136435995, 0.01917038130413991], [0.035996625532071676, -0.013457652017806455, 0.9992612944332786]], "T": [-0.12382206660594129, 0.06549467156187441, 0.027436609118707468], "aligned_model": [[-0.86202223406417, -0.4615286688097007, 0.3247103318866638, -0.22924024488539685, 0.3419623451320325, -0.5533046992200289, 0.1645570460132823, 0.07980453855941914, -0.5861167081549797, 0.7422890307075294, -0.01302516709671657], [-0.23070404167852174, 0.1710551328558646, -0.2917560727291447, -0.5630921092539478, -0.46119283642588604, -0.12521805432327376, 0.1636377092507717, 0.7941625056073978, 0.5885199521379046, 0.06573421995973121, 0.02207521254726131], [-0.13193233858165856, -0.47422968314558833, -0.5645950583999226, -0.2013032286166424, 0.29169277467229027, 0.5992150722082212, 0.5998766231822957, -0.010231271497116522, 0.13640804588822358, 0.1527006900009246, -0.0131283692154356]], "inverted": false, "swapped": false, "error_lsq": 0.05207988259132595, "error_max": 0.29047548770979953, "target": "86.xyz", "model": "11.xyz", "model_rescale": 3.6694154284099745, "target_rescale": 3.676588361136716},
{"mapping": [9, 10, 8, 11, 4, 6, 0, 12, 5, 1, 13], "R": [[-0.2448491996463396, -0.5146682976145693, 0.8216844971539063], [0.9606112632099104, -0.01388790117069491, 0.2775484231541105], [-0.1314339013603685, 0.8572768920434015, 0.49779660499203776]], "T": [-0.12671012882891183, 0.04297535409285677, 0.0008286300172920744], "aligned_model": [[-0.6038788626621914, -0.30860701049882633, 0.06669933811398973, -0.36509713578498937, 0.30306620560653963, -0.40852087802257586, 0.15413718039161875, 0.005966522060471352, -0.5499588993476517, 0.6987694130721562, -0.04449030286060679], [-0.29276310975547293, 0.34422148769233796, -0.4246251175401834, -0.6557158427145748, -0.43610769625204937, -0.13687276383382835, 0.224929758279008, 0.705090733053902, 0.526739035071131, 0.21810893892495778, 0.06021619502292917], [-0.5507835074804224, -0.528031539345619, -0.5617906269731799, 0.006386986374715402, 0.36613724335913383, 0.4569998583634087, 0.6322993325255784, -0.07512287766054754, 0.4818732970674602, 0.06704983106515774, 0.08945525919990549]], "inverted": true, "swapped": false, "error_lsq": 0.04313610836730473, "error_max": 0.31207372878315703, "target": "86.xyz", "model": "12.xyz", "model_rescale": 3.9764082729961374, "target_rescale": 3.676588361136716},
{"mapping": [6, 4, 9, 13, 10, 11, 8, 7, 3, 2, 15], "R": [[0.423883768406518, 0.7282001073631905, 0.5385602608044227], [0.5709819979657693, -0.6764288005979282, 0.46521353776590235], [0.7030662194135826, 0.11031174623713638, -0.702516341277273]], "T": [-0.07032811285450175, -0.10504804226299312, -0.10633327468626111], "aligned_model": [[-0.7607325027893896, -0.3205049278546264, 0.34064851586894007, -0.4353256882471217, 0.23507656448546305, -0.3451894087672959, 0.1474931925082438, 0.042798869230599695, -0.4028147707303837, 0.5843882389204897, -0.13775251255698412], [-0.22038086240337756, 0.36286307040869464, -0.24541469810449434, -0.5821347416750966, -0.4973441491244059, -0.21995848545954289, 0.14072536740919034, 0.640470507050215, 0.45865353355526883, 0.316898412273351, -0.021156335981645277], [-0.4124360754841836, -0.5904143357224935, -0.5221391658044726, 0.01048109681173992, 0.5253142904626251, 0.6297316387574667, 0.5196077342568561, -0.15571016682455865, 0.4229460495539231, 0.06561788735917021, -0.10852569687048176]], "inverted": true, "swapped": false, "error_lsq": 0.048392729020783405, "error_max": 0.23274535161354165, "target": "86.xyz", "model": "13.xyz", "model_rescale": 4.170626492500431, "target_rescale": 3.676588361136716},
{"mapping": [4, 8, 0, 2, 3, 6, 11, 10, 5, 9, 13], "R": [[-0.09430890608530175, -0.9213543504245965, 0.377110051823952], [0.3620874476467888, 0.3211107116109686, 0.8750889047093053], [-0.927361046459052, 0.21907549347740246, 0.30332724517920384]], "T": [-0.03759715814280911, -0.020026566076211127, -0.08863390257548642], "aligned_model": [[-0.6988923694917302, -0.28936539352014473, 0.12687229254904422, -0.2872477772983948, 0.2616265693062905, -0.4212588866281428, 0.09891936122469713, 0.1530319166471531, -0.5892035733692138, 0.654892559729027, -0.06128912908065123], [-0.05764774320962236, 0.3580964007825671, -0.3895647872755778, -0.6282848102388701, -0.4130723658336243, -0.22351582265826853, 0.27674011759027023, 0.49987884047803977, 0.37724932611738426, 0.3207151451531161, 0.01262731704274277], [-0.3422801544127705, -0.676164387226131, -0.5270967965469266, -0.11370667664889794, 0.3924625167152893, 0.6317028711501197, 0.5382252734254122, -0.19674139100811688, 0.5156194023547266, 0.15765762252063448, 0.004794976172251664]], "inverted": false, "swapped": false, "error_lsq": 0.048019655212285996, "error_max": 0.26975004148992016, "target": "86.xyz", "model": "14.xyz", "model_rescale": 3.9786697098870705, "target_rescale": 3.676588361136716},
{"mapping": [10, 7, 6, 1, 0, 4, 2, 8, 5, 3, 11], "R": [[-0.35861764687789244, 0.9327334685856867, 0.037438749015921036], [-0.8347457502515712, -0.30247474151609843, -0.46011798832659356], [-0.4178431712792553, -0.19625826689564776, 0.8870680790618113]], "T": [-0.05992985238887983, -0.00839486554161915, -0.03470003313195074], "aligned_model": [[-0.8349890114775029, -0.4018132369408471, 0.08230722265489004, -0.2370163274966422, 0.32695027484884187, -0.451943379227242, 0.11509821238295509, 0.06757680562407353, -0.4750485515163291, 0.7674939647658455, -0.01053040355010864], [-0.2781298950446534, 0.2655853256055763, -0.333588289976372, -0.652110404148396, -0.40920819020272453, -0.09229728010120576, 0.28721664866732144, 0.4893594316649869, 0.6292466327662135, 0.2757095299684342, -0.0485618912510235], [-0.17198551040001667, -0.5296006409482418, -0.7427773890693565, -0.156940685872506, 0.3818069079883372, 0.4281179761308345, 0.7626872162496511, 0.05591364021109408, 0.22171637235027286, 0.2477955448150826, -0.11226017495956014]], "inverted": true, "swapped": false, "error_lsq": 0.05241530586967296, "error_max": 0.2492986573227887, "target": "86.xyz", "model": "15.xyz", "model_rescale": 3.769337070930944, "target_rescale": 3.676588361136716},
{"mapping": [2, 3, 0, 4, 5, 6, 7, 9, 8, 1, 10], "R": [[0.2719602044701267, 0.9510170017277984, 0.1469840454241063], [0.4869988264949063, -0.004279198310506049, -0.8733921407102332], [-0.829981801112019, 0.3091089628051704, -0.4643079354656356]], "T": [-0.0494259547927643, 0.028762571616818854, 0.06833662120435292], "aligned_model": [[-0.6478063065352896, -0.1930050843011701, 0.10987985777459444, -0.26593355462108986, 0.2956354677430264, -0.5865045306519733, 0.33797709545469984, -0.10285037172851658, -0.6462220011108833, 0.7337749533101132, -0.08685995526557666], [-0.05360004866217217, 0.391388765410222, -0.3482975254468519, -0.7200970508203717, -0.4376176083301607, -0.29462607242600297, 0.2115653141159307, 0.824895108556299, 0.4279559871910255, 0.11517895485671556, 0.016475793503523788], [-0.35790651557883013, -0.5037916125520419, -0.43158082788743574, 0.04919897147169723, 0.40519425277675075, 0.44045665258756045, 0.6407338049648799, -0.08690028875481191, 0.28274932560381755, -0.07399044106763249, 0.020309934931637297]], "inverted": true, "swapped": false, "error_lsq": 0.050769366856899346, "error_max": 0.22576426472011168, "target": "86.xyz", "model": "16.xyz", "model_rescale": 3.7852294659196426, "target_rescale": 3.676588361136716},
{"mapping": [1, 4, 6, 7, 11, 2, 8, 0, 3, 9, 12], "R": [[-0.47680775611893567, -0.8194331015790783, 0.31809394169225813], [0.028140830996088384, 0.3474628756529834, 0.9372713820840841], [-0.8785570313506548, 0.455849692420047, -0.1426134656505944]], "T": [-0.12006786622109022, 0.02868637566925913, -0.015423219428492743], "aligned_model": [[-0.7988561296573865, -0.2613262880932871, 0.21611112876499128, -0.253127673784868, 0.29061691633490755, -0.44312128518334415, 0.17515873583317249, 0.00022903147134632762, -0.6194334624915762, 0.6705753890962113, -0.02874079222223233], [-0.02736983425941811, 0.39480031460224096, -0.6027423893603577, -0.6554755539751534, -0.4662008222536785, -0.26969395851565353, 0.19640073723567045, 0.6989849045277133, 0.5188938911027333, 0.3250034475545459, 0.02062088128951479], [-0.11719919398358555, -0.6051632698394748, -0.5404704877056506, -0.09055341850147317, 0.33721929806222284, 0.4096564033467789, 0.5403816542604076, -0.05987200292690829, 0.36250000589183384, 0.16989062582445064, -0.02191635793301047]], "inverted": true, "swapped": false, "error_lsq": 0.043957228448764506, "error_max": 0.2576397306984834, "target": "86.xyz", "model": "17.xyz", "model_rescale": 3.901054581598922, "target_rescale": 3.676588361136716},
{"mapping": [10, 4, 6, 11, 12, 9, 13, 8, 5, 0, 14], "R": [[0.4085802350348763, 0.05891407344285096, -0.9108190399246252], [-0.902376267939886, -0.12375439255313386, -0.4127976760868311], [-0.1370374496177183, 0.9905624575331813, 0.002599062926538359]], "T": [0.025698786802252183, 0.08209888372207762, 0.020037237664695725], "aligned_model": [[-0.7292125984361777, -0.3003516558988321, 0.11934639617479814, -0.21013324531041025, 0.24844156030688844, -0.46352765531594176, -0.02557248993879519, -0.09059654461473318, -0.3627809971300246, 0.7467038347499242, 0.015768965481238177], [-0.08036300232679712, 0.3656560460959215, -0.42123111717469386, -0.6776350793862785, -0.5041208814016819, -0.14668403554268938, 0.11076662597728514, 0.7159651384974098, 0.41576695249648715, 0.3175418801251202, 0.03755909058807422], [-0.2559495086614613, -0.6424281685194527, -0.5291574279377699, -0.042561059883713906, 0.4184178947088321, 0.39753622510619674, 0.7439513313497895, -0.13841533911327958, 0.37757761909301474, 0.005109586201133016, 0.05039210415230211]], "inverted": false, "swapped": false, "error_lsq": 0.04821731191135364, "error_max": 0.2771730526488804, "target": "86.xyz", "model": "18.xyz", "model_rescale": 3.9405287249114394, "target_rescale": 3.676588361136716},
{"mapping": [1, 6, 4, 12, 13, 10, 11, 5, 2, 9, 15], "R": [[0.30848859466575934, -0.946441558397647, -0.09530563204227843], [-0.5587996910499656, -0.2613915154302974, 0.787030736975066], [-0.7697906807981034, -0.1895332482676481, -0.6095075516820988]], "T": [-0.0640863236440045, -0.14568771893835242, -0.046371626543009144], "aligned_model": [[-0.6657967672324259, -0.3844276462778841, 0.1831075560331355, -0.2233158358041878, 0.4030179247218065, -0.4656408939293623, 0.16972743611093305, 0.031115745998190142, -0.5832931290520056, 0.5703972044931248, -0.08680602499338974], [-0.11985729796012551, 0.42489981901634144, -0.5225567054175282, -0.6677072586032768, -0.4459641482492975, 0.04680333778338225, 0.097271341650849, 0.6776064266333056, 0.5157932389732606, 0.2467370555567423, -0.11980419143549544], [-0.316180365111928, -0.4070581304992806, -0.6221580292101794, -0.09412751491966068, 0.3317520734955453, 0.6013977437668392, 0.5904291449127808, 0.019854943367743565, 0.1731563182644787, 0.13374859953299165, -0.02634152710373954]], "inverted": true, "swapped": false, "error_lsq": 0.042682513558444365, "error_max": 0.21460666723655547, "target": "86.xyz", "model": "19.xyz", "model_rescale": 4.410303926677745, "target_rescale": 3.676588361136716},
{"mapping": [3, 6, 10, 5, 8, 1, 7, 4, 2, 12, 13], "R": [[-0.5040663004459524, -0.21438780759925713, -0.8366331530052555], [-0.35156023207276765, -0.8338818051200996, 0.42549563842016824], [-0.7888742409152889, 0.5086049577446417, 0.3449614891229144]], "T": [-0.1325914502678172, 0.07302386320152748, -0.019558209971179158], "aligned_model": [[-0.7084267563952535, -0.30999087576850703, 0.14038056207485, -0.21612801422834255, 0.29072111368398584, -0.4265821772241836, 0.10640603911671817, -0.020818638125397748, -0.35595980692862367, 0.5374671428573756, -0.08898301899468669], [-0.144963376753309, 0.36069745308976875, -0.49990628937070386, -0.7554018720176474, -0.488434341866459, -0.15799441870322364, 0.1356352287198048, 0.7483347835349679, 0.5809155420066849, 0.3456771470885715, 0.00866176221970244], [-0.4027787197777414, -0.4910231319869913, -0.5414502809574957, -0.09573672844338021, 0.29129342436531014, 0.6310721743960429, 0.6481342206715073, -0.18251646952870967, 0.3420511754120291, 0.19805751982165537, -0.012629927476635619]], "inverted": true, "swapped": false, "error_lsq": 0.04391112578011967, "error_max": 0.2548935811061661, "target": "86.xyz", "model": "20.xyz", "model_rescale": 4.121658175737393, "target_rescale": 3.676588361136716},
{"mapping": [5, 8, 9, 7, 11, 3, 4, 6, 1, 10, 12], "R": [[0.19441545628169418, 0.7015888865929372, -0.6855477113724935], [-0.5090762176981907, 0.6695616585233566, 0.5408591221469382], [0.8384772119341619, 0.2438446629408462, 0.4873353521163635]], "T": [-0.1344578542178176, 0.08815493734022185, 0.05030121379796176], "aligned_model": [[-0.7135626162728055, -0.23548599107074614, 0.29500699934511576, -0.29647033563551806, 0.3411825568755308, -0.4523034469180709, 0.18454771509452464, 0.03935907086083476, -0.617545716127542, 0.6181224535437124, -0.21476511962710143], [-0.061510452021971515, 0.25959362705699646, -0.22869891501131745, -0.5754018409016267, -0.6143185959115177, -0.22271296064524582, 0.04029516163457087, 0.6836467588594274, 0.536299133609599, 0.2931993053700327, 0.022830395909210058], [-0.27549239537668624, -0.5932088435428016, -0.4373733200715022, 0.06650052277585228, 0.2845364322360659, 0.5841326779803395, 0.5247234840847081, -0.14412519678468094, 0.2697727678066934, 0.03440375564235223, 0.0706033717452502]], "inverted": false, "swapped": false, "error_lsq": 0.04466388654198656, "error_max": 0.21508611569920044, "target": "86.xyz", "model": "21.xyz", "model_rescale": 4.08911054899281, "target_rescale": 3.676588361136716},
{"mapping": [2, 14, 11, 1, 6, 0, 7, 12, 13, 10, 16], "R": [[-0.10797309307575703, 0.9128126032179532, -0.393846369258519], [0.9805016680997574, 0.1632056991508266, 0.10945491591647964], [0.16418979878557516, -0.3743488362091616, -0.9126361042625909]], "T": [-0.08765815889933676, -0.01008323809379658, -0.08905652174268641], "aligned_model": [[-0.7514396225435418, -0.26561033776921583, 0.1453252514684068, -0.37064959447328305, 0.2797822373466113, -0.3634086231599168, 0.09889589101408466, 0.04317970827616138, -0.36559736028677187, 0.6107283734185995, -0.11312035322319988], [-0.2107154292400404, 0.46573263692110567, -0.5197693268926806, -0.747821016803102, -0.32325331454124834, -0.30179179362519487, 0.28028748038570206, 0.7144318079164965, 0.46893805419099893, 0.30960409180581816, -0.0024215721696979452], [-0.29004090365199486, -0.48117239883302954, -0.6104314843528593, -0.16427087225438536, 0.47881334625163385, 0.5734743818905963, 0.5327783601351591, -0.034937147653968305, 0.27152407659582306, 0.15831298283198827, -0.049577084463371945]], "inverted": false, "swapped": false, "error_lsq": 0.046060680729438655, "error_max": 0.252692686780903, "target": "86.xyz", "model": "22.xyz", "model_rescale": 4.204369325754507, "target_rescale": 3.676588361136716},
{"mapping": [1, 6, 4, 12, 13, 10, 11, 5, 2, 9, 15], "R": [[0.30848859466575934, -0.946441558397647, -0.09530563204227843], [-0.5587996910499656, -0.2613915154302974, 0.787030736975066], [-0.7697906807981034, -0.1895332482676481, -0.6095075516820988]], "T": [-0.0640863236440045, -0.14568771893835242, -0.046371626543009144], "aligned_model": [[-0.6657967672324259, -0.3844276462778841, 0.1831075560331355, -0.2233158358041878, 0.4030179247218065, -0.4656408939293623, 0.16972743611093305, 0.031115745998190142, -0.5832931290520056, 0.5703972044931248, -0.08680602499338974], [-0.11985729796012551, 0.42489981901634144, -0.5225567054175282, -0.6677072586032768, -0.4459641482492975, 0.04680333778338225, 0.097271341650849, 0.6776064266333056, 0.5157932389732606, 0.2467370555567423, -0.11980419143549544], [-0.316180365111928, -0.4070581304992806, -0.6221580292101794, -0.09412751491966068, 0.3317520734955453, 0.6013977437668392, 0.5904291449127808, 0.019854943367743565, 0.1731563182644787, 0.13374859953299165, -0.02634152710373954]], "inverted": true, "swapped": false, "error_lsq": 0.042682513558444365, "error_max": 0.21460666723655547, "target": "86.xyz", "model": "23.xyz", "model_rescale": 4.410303926677745, "target_rescale": 3.676588361136716},
{"mapping": [13, 5, 0, 7, 1, 11, 10, 4, 9, 3, 16], "R": [[0.09437588519634593, 0.6885166586517606, 0.7190535467212584], [0.3875021612411644, 0.6399101527583424, -0.6635940562047113], [-0.9170252272030648, 0.34126207986796564, -0.2064096061654048]], "T": [-0.27873475863696145, 0.08174376235529897, -0.011956154219077017], "aligned_model": [[-0.7702062776291003, -0.23315638290166013, 0.21298630623769682, -0.22385636209483956, 0.284778811456794, -0.4615720892830906, 0.027740653274808957, 0.18228664639149672, -0.5306959218092265, 0.6198390966243279, -0.16005891019927274], [-0.33603901281055143, 0.4237226722461255, -0.24983048427186477, -0.5799453297781889, -0.44206058517590924, -0.19303769335435494, 0.30862800541256935, 0.5826284078883133, 0.43471697463768344, 0.12042892886326402, 0.06400973429107085], [-0.29141978803109375, -0.537860204672338, -0.4795614625917777, -0.044922859041125016, 0.36806596539757463, 0.5282171038482251, 0.5156614235979011, -0.11422153920345544, 0.44008971435215327, 0.005917546214119787, -0.005492643374592928]], "inverted": true, "swapped": false, "error_lsq": 0.04059002303611714, "error_max": 0.18506038467868427, "target": "86.xyz", "model": "24.xyz", "model_rescale": 4.28219845311461, "target_rescale": 3.676588361136716},
{"mapping": [6, 10, 1, 0, 4, 2, 13, 11, 14, 9, 15], "R": [[-0.38811244726623695, 0.9216087242955566, -0.002467302034444563], [0.04005226563698405, 0.014192258544772629, -0.9990967900132315], [-0.920741301503499, -0.3878607212643671, -0.04242070963489447]], "T": [0.08618109802779168, 0.05114617592029028, 0.03723810318045707], "aligned_model": [[-0.7286551900130126, -0.4248857779453054, 0.23595879654959612, -0.33206218152853734, 0.23849025798885787, -0.4265009538192724, 0.10762060851366992, 0.06825749674453566, -0.5232785829200498, 0.6826459756096135, 0.05049512088783915], [-0.16264787422574714, 0.4694462881553956, -0.356464171342728, -0.6474814087968253, -0.6045421792587855, -0.1479693989103199, 0.17900509831469777, 0.5686304115589538, 0.4799628442940833, 0.3690371651247021, -0.013755156965269189], [-0.2829666169206973, -0.40269425891066657, -0.4331849454431242, -0.013222069372778762, 0.322760910851271, 0.44502496658054186, 0.6169871008434727, -0.13118363422627288, 0.19478107229804253, 0.03026295638540431, 0.03790777441039821]], "inverted": true, "swapped": false, "error_lsq": 0.04338339604485978, "error_max": 0.20965182505253493, "target": "86.xyz", "model": "25.xyz", "model_rescale": 4.100010024507729, "target_rescale": 3.676588361136716},
{"mapping": [3, 8, 9, 7, 5, 2, 6, 0, 1, 4, 11], "R": [[-0.636529678985361, 0.7705326766871156, 0.033307085254979114], [-0.7704117150725948, -0.6372584136435995, 0.01917038130413991], [0.035996625532071676, -0.013457652017806455, 0.9992612944332786]], "T": [-0.12382206660594129, 0.06549467156187441, 0.027436609118707468], "aligned_model": [[-0.86202223406417, -0.4615286688097007, 0.3247103318866638, -0.22924024488539685, 0.3419623451320325, -0.5533046992200289, 0.1645570460132823, 0.07980453855941914, -0.5861167081549797, 0.7422890307075294, -0.01302516709671657], [-0.23070404167852174, 0.1710551328558646, -0.2917560727291447, -0.5630921092539478, -0.46119283642588604, -0.12521805432327376, 0.1636377092507717, 0.7941625056073978, 0.5885199521379046, 0.06573421995973121, 0.02207521254726131], [-0.13193233858165856, -0.47422968314558833, -0.5645950583999226, -0.2013032286166424, 0.29169277467229027, 0.5992150722082212, 0.5998766231822957, -0.010231271497116522, 0.13640804588822358, 0.1527006900009246, -0.0131283692154356]], "inverted": false, "swapped": false, "error_lsq": 0.05207988259132595, "error_max": 0.29047548770979953, "target": "86.xyz", "model": "26.xyz", "model_rescale": 3.6694154284099745, "target_rescale": 3.676588361136716},
{"mapping": [3, 6, 5, 7, 8, 9, 10, 2, 12, 4, 13], "R": [[-0.960026414491262, 0.2748679953734523, -0.05288542898031011], [-0.2662179599583725, -0.8382548586399823, 0.47587476268663953], [0.08647127427448924, 0.47093139318359634, 0.8779216033561897]], "T": [-0.04382043793512461, 0.0169848756177853, 0.005015266396411786], "aligned_model": [[-0.8089506209428393, -0.4233289143374111, 0.3053563812022436, -0.3075337693198596, 0.2784711023237151, -0.43441779290282423, 0.21027739605593918, 0.08484443947619935, -0.6750308817905455, 0.7495920935929937, -0.03119386328967648], [-0.21218722735603215, 0.3770443447246932, -0.43345801965990727, -0.5316627896809172, -0.4288705874922762, -0.18030566446379812, 0.15062996792114328, 0.6820028126809516, 0.4802911979449426, 0.15726047911396265, 0.07247710421539462], [-0.11699772718493355, -0.439417998391068, -0.5437608690104673, -0.1548895269360319, 0.3301279568939476, 0.5278667601849509, 0.5336588135592552, -0.052657421318502734, 0.13406347683334888, 0.16734172747670598, -0.0008619356116142396]], "inverted": false, "swapped": false, "error_lsq": 0.04498454225935274, "error_max": 0.24588927589649745, "target": "86.xyz", "model": "27.xyz", "model_rescale": 4.103607728864725, "target_rescale": 3.676588361136716},
{"mapping": [12, 13, 10, 3, 0, 2, 1, 8, 4, 5, 14], "R": [[-0.694863479554789, 0.6263713999744369, 0.35330385516588303], [0.7139092271900742, 0.541665015559842, 0.4437709164100628], [0.08659307197392965, 0.5605870853066631, -0.8235555595547259]], "T": [0.07240617996263703, 0.002398851203624399, -0.21479201846101265], "aligned_model": [[-0.7335783471087867, -0.4189863329255131, 0.12538642659967253, -0.2167779006905059, 0.22014612159121766, -0.4531380761622969, 0.16507356430825043, -0.002776386950778628, -0.532543940121802, 0.7347575956169532, 0.06052284591152355], [-0.2897306065181615, 0.3715800569499976, -0.3347309708537647, -0.6347673682936834, -0.3627695734667195, -0.11062532420173704, 0.17058168229721235, 0.7904637080742186, 0.49754592742805026, 0.04449607417591997, -0.008821987643174833], [-0.26319593542405, -0.42000207804587864, -0.5933575383536519, 0.05709514341889993, 0.3806210081457367, 0.28755196414464074, 0.6604154559579143, -0.001294150077135875, 0.24398244927966556, 0.09287474344318236, -0.060217805993732554]], "inverted": false, "swapped": false, "error_lsq": 0.047158751800930515, "error_max": 0.24319224606838602, "target": "86.xyz", "model": "28.xyz", "model_rescale": 4.137296879288765, "target_rescale": 3.676588361136716},
{"mapping": [9, 8, 4, 6, 5, 0, 1, 3, 7, 2, 10], "R": [[0.06614720272740421, -0.03581217134124312, 0.9971670050473816], [0.9090568163238596, 0.4141884444832198, -0.04542727321443463], [-0.4113882014186453, 0.9094863500022393, 0.05995270546969486]], "T": [-0.11164257907641503, 0.02816728217866258, 0.018927687170224354], "aligned_model": [[-0.8323929761926664, -0.4170830332563923, 0.18792181304963132, -0.12245552336530673, 0.3335572252464002, -0.4621492904887263, 0.019826050702441034, 0.23422469831401002, -0.4711413242363318, 0.6099325243197501, -0.13215459402487476], [-0.17070652261683134, 0.4898397989161994, -0.3274130937199028, -0.6781292847066904, -0.3607578788486398, -0.27369443848519537, 0.1940234573221201, 0.46278098921907507, 0.5774088443383107, 0.23546125589614653, -0.015591509366434261], [-0.208585589523259, -0.4414183720236662, -0.6003087248924106, -0.11212979181802313, 0.3410029901391043, 0.5448030423828105, 0.7415387128546481, -0.3777528858929558, 0.3072098116745799, 0.23910410435739407, -0.04899004076263095]], "inverted": true, "swapped": false, "error_lsq": 0.054329420545111785, "error_max": 0.402920158176112, "target": "86.xyz", "model": "29.xyz", "model_rescale": 3.607286011436655, "target_rescale": 3.676588361136716},
{"mapping": [8, 4, 3, 9, 1, 11, 13, 7, 12, 2, 14], "R": [[0.6844112410735296, -0.44608004738313406, -0.5767094974238348], [0.3804381641970495, 0.8932693714610852, -0.23945069060643154], [0.6219711056910683, -0.05551955814106521, 0.7810694734460252]], "T": [-0.14805141489139584, 0.08492803595150598, -0.008813015882954842], "aligned_model": [[-0.6206812813239746, -0.38057603775978743, 0.03833815604272034, -0.2149833656960286, 0.27049146200026464, -0.45484897972391775, 0.07383473554417203, 0.24287642804013787, -0.4788887486991931, 0.637076285312804, -0.1645530836692629], [-0.26589530378499443, 0.2404161586592518, -0.2946079486522607, -0.6960494270005934, -0.38498868587122975, -0.13829462773516293, 0.3178237866685142, 0.7530270187001505, 0.4951764271753536, 0.17986635734748457, -0.07325213755835598], [-0.353331472481487, -0.6558101048709873, -0.6778890956404208, -0.021126594979993932, 0.3679444573143544, 0.4390462919209798, 0.6487739577520687, -0.019211833535720466, 0.47102532571595307, 0.1483517155100404, 0.0367006097908042]], "inverted": false, "swapped": false, "error_lsq": 0.04557611045209641, "error_max": 0.2291929961093411, "target": "86.xyz", "model": "30.xyz", "model_rescale": 3.964800864290218, "target_rescale": 3.676588361136716},
